1.301360187473271253e+03	2.354637786247353870e-01	1.513525069209531171e-01	2.606595341018700385e-01	1.617449405806490603e-01	7.624316557683222251e-02	3.211366608504423459e-02	8.242240810973952558e-02
1.306197957686926657e+03	2.348712992592852933e-01	1.509591349865996857e-01	2.610368245381316510e-01	1.620093901019628857e-01	7.634980022551843271e-02	3.218562742888900208e-02	8.258792345943669067e-02
1.311035727900581833e+03	2.342822242689799050e-01	1.505679159765139774e-01	2.614118555658370702e-01	1.622723397177881777e-01	7.645587814196647125e-02	3.225727300616677146e-02	8.275251332257128889e-02
1.315873498114237009e+03	2.336965340697281790e-01	1.501788380207026430e-01	2.617846422868097545e-01	1.625337973970933381e-01	7.656140226662896953e-02	3.232860354857662599e-02	8.291618241028418657e-02
1.320711268327892412e+03	2.331142091924284232e-01	1.497918893141283736e-01	2.621551996805835394e-01	1.627937710749934319e-01	7.666637552208176165e-02	3.239961979826547905e-02	8.307893541734262532e-02
1.325549038541547588e+03	2.325352302822474293e-01	1.494070581163705058e-01	2.625235426056389265e-01	1.630522686527539344e-01	7.677080081321970007e-02	3.247032250753700833e-02	8.324077702205603946e-02
1.330386808755202765e+03	2.319595780979050170e-01	1.490243327512869864e-01	2.628896858006246062e-01	1.633092979977971149e-01	7.687468102744800247e-02	3.254071243856639789e-02	8.340171188619548148e-02
1.335224578968857941e+03	2.313872335109636025e-01	1.486437016066777528e-01	2.632536438855651584e-01	1.635648669437106961e-01	7.697801903486903297e-02	3.261079036312090895e-02	8.356174465491647552e-02
1.340062349182513572e+03	2.308181775051233453e-01	1.482651531339498896e-01	2.636154313630550972e-01	1.638189832902590404e-01	7.708081768846486437e-02	3.268055706228605028e-02	8.372087995668536786e-02
1.344900119396168748e+03	2.302523911755220143e-01	1.478886758477839236e-01	2.639750626194390382e-01	1.640716548033968047e-01	7.718307982427558001e-02	3.275001332619729977e-02	8.387912240320900825e-02
1.349737889609823924e+03	2.296898557280402375e-01	1.475142583258018669e-01	2.643325519259781542e-01	1.643228892152849840e-01	7.728480826157363426e-02	3.281915995377718276e-02	8.403647658936763687e-02
1.354575659823479100e+03	2.291305524786115266e-01	1.471418892082365093e-01	2.646879134400035860e-01	1.645726942243092017e-01	7.738600580303416077e-02	3.288799775247772117e-02	8.419294709315096326e-02
1.359413430037134731e+03	2.285744628525376299e-01	1.467715571976024591e-01	2.650411612060560862e-01	1.648210774951004987e-01	7.748667523490161690e-02	3.295652753802798263e-02	8.434853847559738160e-02
1.364251200250789907e+03	2.280215683838084650e-01	1.464032510583683222e-01	2.653923091570129511e-01	1.650680466585582873e-01	7.758681932715265350e-02	3.302475013418677829e-02	8.450325528073616976e-02
1.369088970464445310e+03	2.274718507144272706e-01	1.460369596166307127e-01	2.657413711152016300e-01	1.653136093118756922e-01	7.768644083365543185e-02	3.309266637250028037e-02	8.465710203553263036e-02
1.373926740678100487e+03	2.269252915937402526e-01	1.456726717597894016e-01	2.660883607935006778e-01	1.655577730185672225e-01	7.778554249232548512e-02	3.316027709206454538e-02	8.481008324983614621e-02
1.378764510891755890e+03	2.263818728777714506e-01	1.453103764362241312e-01	2.664332917964276626e-01	1.658005453084984426e-01	7.788412702527829079e-02	3.322758313929280449e-02	8.496220341633101136e-02
1.383602281105411066e+03	2.258415765285620713e-01	1.449500626549728444e-01	2.667761776212150271e-01	1.660419336779179467e-01	7.798219713897845684e-02	3.329458536768740290e-02	8.511346701049006536e-02
1.388440051319066470e+03	2.253043846135145967e-01	1.445917194854113574e-01	2.671170316588730720e-01	1.662819455894915810e-01	7.807975552438591038e-02	3.336128463761636048e-02	8.526387849053096435e-02
1.393277821532721646e+03	2.247702793047416103e-01	1.442353360569345877e-01	2.674558671952406708e-01	1.665205884723386931e-01	7.817680485709890825e-02	3.342768181609438033e-02	8.541344229737507510e-02
1.398115591746377049e+03	2.242392428784192315e-01	1.438809015586390017e-01	2.677926974120239945e-01	1.667578697220703787e-01	7.827334779749414717e-02	3.349377777656827038e-02	8.556216285460895021e-02
1.402953361960032225e+03	2.237112577141451841e-01	1.435284052390067011e-01	2.681275353878230239e-01	1.669937967008300883e-01	7.836938699086400117e-02	3.355957339870666023e-02	8.571004456844831532e-02
1.407791132173687402e+03	2.231863062943013065e-01	1.431778364055910080e-01	2.684603940991464044e-01	1.672283767373358432e-01	7.846492506755095575e-02	3.362506956819397846e-02	8.585709182770442927e-02
1.412628902387342805e+03	2.226643712034206413e-01	1.428291844247033260e-01	2.687912864214143105e-01	1.674616171269248110e-01	7.855996464307933580e-02	3.369026717652848918e-02	8.600330900375295629e-02
1.417466672600997981e+03	2.221454351275590489e-01	1.424824387211015009e-01	2.691202251299496528e-01	1.676935251315996578e-01	7.865450831828446621e-02	3.375516712082446413e-02	8.614870045050508629e-02
1.422304442814653157e+03	2.216294808536709848e-01	1.421375887776796798e-01	2.694472229009580166e-01	1.679241079800768421e-01	7.874855867943920951e-02	3.381977030361824760e-02	8.629327050438090341e-02
1.427142213028308333e+03	2.211164912689899953e-01	1.417946241351595860e-01	2.697722923124961092e-01	1.681533728678367146e-01	7.884211829837811658e-02	3.388407763267828332e-02	8.643702348428512761e-02
1.431979983241963964e+03	2.206064493604133203e-01	1.414535343917830701e-01	2.700954458454289941e-01	1.683813269571756144e-01	7.893518973261913485e-02	3.394809002081891625e-02	8.657996369158488248e-02
1.436817753455619140e+03	2.200993382138909660e-01	1.411143092030064106e-01	2.704166958843762236e-01	1.686079773772597157e-01	7.902777552548298501e-02	3.401180838571793430e-02	8.672209541008965572e-02
1.441655523669274316e+03	2.195951410138189119e-01	1.407769382811957792e-01	2.707360547186469790e-01	1.688333312241806217e-01	7.911987820621038670e-02	3.407523364973778085e-02	8.686342290603343841e-02
1.446493293882929493e+03	2.190938410424365379e-01	1.404414113953240950e-01	2.710535345431644427e-01	1.690573955610127355e-01	7.921150029007700821e-02	3.413836673975037539e-02	8.700395042805873780e-02
1.451331064096585123e+03	2.185954216792283522e-01	1.401077183706695983e-01	2.713691474593793451e-01	1.692801774178722962e-01	7.930264427850623743e-02	3.420120858696541061e-02	8.714368220720261626e-02
1.456168834310240300e+03	2.180998664003298559e-01	1.397758490885155080e-01	2.716829054761732420e-01	1.695016837919781916e-01	7.939331265918009306e-02	3.426376012676216748e-02	8.728262245688483967e-02
1.461006604523895703e+03	2.176071587779373762e-01	1.394457934858512604e-01	2.719948205107507455e-01	1.697219216477142134e-01	7.948350790614797101e-02	3.432602229852464715e-02	8.742077537289770495e-02
1.465844374737550879e+03	2.171172824797221457e-01	1.391175415550751360e-01	2.723049043895220400e-01	1.699408979166931732e-01	7.957323247993347559e-02	3.438799604548006122e-02	8.755814513339790772e-02
1.470682144951206283e+03	2.166302212682484074e-01	1.387910833436983293e-01	2.726131688489746852e-01	1.701586194978224054e-01	7.966248882763941885e-02	3.444968231454057644e-02	8.769473589890007525e-02
1.475519915164861459e+03	2.161459590003953768e-01	1.384664089540503240e-01	2.729196255365358703e-01	1.703750932573707688e-01	7.975127938305102970e-02	3.451108205614822344e-02	8.783055181227225616e-02
1.480357685378516862e+03	2.156644796267834230e-01	1.381435085429857101e-01	2.732242860114241778e-01	1.705903260290373702e-01	7.983960656673724787e-02	3.457219622412294885e-02	8.796559699873296445e-02
1.485195455592172038e+03	2.151857671912039416e-01	1.378223723215924457e-01	2.735271617454916870e-01	1.708043246140215632e-01	7.992747278615038031e-02	3.463302577551374828e-02	8.809987556585006929e-02
1.490033225805827215e+03	2.147098058300532519e-01	1.375029905549013942e-01	2.738282641240565862e-01	1.710170957810943915e-01	8.001488043572416164e-02	3.469357167045276913e-02	8.823339160354128075e-02
1.494870996019482618e+03	2.142365797717704634e-01	1.371853535615974173e-01	2.741276044467257367e-01	1.712286462666715581e-01	8.010183189697001049e-02	3.475383487201240407e-02	8.836614918407625918e-02
1.499708766233137567e+03	2.137660733362789223e-01	1.368694517137316602e-01	2.744251939282082442e-01	1.714389827748876438e-01	8.018832953857187029e-02	3.481381634606524333e-02	8.849815236208030678e-02
1.504546536446793198e+03	2.132982709344317940e-01	1.365552754364353361e-01	2.747210436991190385e-01	1.716481119776716857e-01	8.027437571647944026e-02	3.487351706114687894e-02	8.862940517453972433e-02
1.509384306660448374e+03	2.128331570674610873e-01	1.362428152076349264e-01	2.750151648067738486e-01	1.718560405148241710e-01	8.035997277399986594e-02	3.493293798832149133e-02	8.875991164080848650e-02
1.514222076874103550e+03	2.123707163264306197e-01	1.359320615577686020e-01	2.753075682159747406e-01	1.720627749940950857e-01	8.044512304188812524e-02	3.499208010105017003e-02	8.888967576261659620e-02
1.519059847087758726e+03	2.119109333916925908e-01	1.356230050695041434e-01	2.755982648097862753e-01	1.722683219912634067e-01	8.052982883843586015e-02	3.505094437506188487e-02	8.901870152407975745e-02
1.523897617301414357e+03	2.114537930323481252e-01	1.353156363774581927e-01	2.758872653903033378e-01	1.724726880502177595e-01	8.061409246955890395e-02	3.510953178822712878e-02	8.914699289171050534e-02
1.528735387515069533e+03	2.109992801057108958e-01	1.350099461679168111e-01	2.761745806794097535e-01	1.726758796830381026e-01	8.069791622888354554e-02	3.516784332043406541e-02	8.927455381443076543e-02
1.533573157728724709e+03	2.105473795567749107e-01	1.347059251785573675e-01	2.764602213195285207e-01	1.728779033700788281e-01	8.078130239783129496e-02	3.522587995346727202e-02	8.940138822358574544e-02
1.538410927942380113e+03	2.100980764176855475e-01	1.344035641981720375e-01	2.767441978743629960e-01	1.730787655600526942e-01	8.086425324570263584e-02	3.528364267088893863e-02	8.952750003295908976e-02
1.543248698156035516e+03	2.096513558072143069e-01	1.341028540663922464e-01	2.770265208296299742e-01	1.732784726701161460e-01	8.094677102975941785e-02	3.534113245792245422e-02	8.965289313878942179e-02
1.548086468369690692e+03	2.092072029302370351e-01	1.338037856734148046e-01	2.773072005937841644e-01	1.734770310859553855e-01	8.102885799530600008e-02	3.539835030133847010e-02	8.977757141978809363e-02
1.552924238583346096e+03	2.087656030772156446e-01	1.335063499597292369e-01	2.775862474987345618e-01	1.736744471618737462e-01	8.111051637576945084e-02	3.545529718934318369e-02	8.990153873715815702e-02
1.557762008797001272e+03	2.083265416236833034e-01	1.332105379158462777e-01	2.778636718005524919e-01	1.738707272208798726e-01	8.119174839277835953e-02	3.551197411146903016e-02	9.002479893461462490e-02
1.562599779010656675e+03	2.078900040297331497e-01	1.329163405820281696e-01	2.781394836801715509e-01	1.740658775547770654e-01	8.127255625624074664e-02	3.556838205846754586e-02	9.014735583840575994e-02
1.567437549224311852e+03	2.074559758395101150e-01	1.326237490480197401e-01	2.784136932440797740e-01	1.742599044242533479e-01	8.135294216442084947e-02	3.562452202220448699e-02	9.026921325733570922e-02
1.572275319437967255e+03	2.070244426807066052e-01	1.323327544527811983e-01	2.786863105250036443e-01	1.744528140589726439e-01	8.143290830401482550e-02	3.568039499555709232e-02	9.039037498278808258e-02
1.577113089651622431e+03	2.065953902640610684e-01	1.320433479842219870e-01	2.789573454825845511e-01	1.746446126576667868e-01	8.151245685022547038e-02	3.573600197231348308e-02	9.051084478875076611e-02
1.581950859865277607e+03	2.061688043828602268e-01	1.317555208789362164e-01	2.792268080040475331e-01	1.748353063882283620e-01	8.159158996683597842e-02	3.579134394707415151e-02	9.063062643184169320e-02
1.586788630078933011e+03	2.057446709124444439e-01	1.314692644219390971e-01	2.794947079048622496e-01	1.750249013878044380e-01	8.167030980628273151e-02	3.584642191515548942e-02	9.074972365133569807e-02
1.591626400292587959e+03	2.053229758097163682e-01	1.311845699464049553e-01	2.797610549293967908e-01	1.752134037628911012e-01	8.174861850972713062e-02	3.590123687249533596e-02	9.086814016919250725e-02
1.596464170506243590e+03	2.049037051126528231e-01	1.309014288334064413e-01	2.800258587515636610e-01	1.754008195894287414e-01	8.182651820712652513e-02	3.595578981556050296e-02	9.098587969008553600e-02
1.601301940719898766e+03	2.044868449398200561e-01	1.306198325116549042e-01	2.802891289754588233e-01	1.755871549128981968e-01	8.190401101730426792e-02	3.601008174125617384e-02	9.110294590143178106e-02
1.606139710933553943e+03	2.040723814898920130e-01	1.303397724572423477e-01	2.805508751359934716e-01	1.757724157484176208e-01	8.198109904801891001e-02	3.606411364683733550e-02	9.121934247342260160e-02
1.610977481147209119e+03	2.036603010411717762e-01	1.300612401933843032e-01	2.808111066995184202e-01	1.759566080808398769e-01	8.205778439603252095e-02	3.611788652982191733e-02	9.133507305905547158e-02
1.615815251360864750e+03	2.032505899511162784e-01	1.297842272901644223e-01	2.810698330644418874e-01	1.761397378648509315e-01	8.213406914717824581e-02	3.617140138790587295e-02	9.145014129416664805e-02
1.620653021574519926e+03	2.028432346558640686e-01	1.295087253642799585e-01	2.813270635618398408e-01	1.763218110250687476e-01	8.220995537642698803e-02	3.622465921888001761e-02	9.156455079746463055e-02
1.625490791788175102e+03	2.024382216697661607e-01	1.292347260787887198e-01	2.815828074560600691e-01	1.765028334561428158e-01	8.228544514795337050e-02	3.627766102054861413e-02	9.167830517056455020e-02
1.630328562001830505e+03	2.020355375849198221e-01	1.289622211428572141e-01	2.818370739453187612e-01	1.766828110228543802e-01	8.236054051520094732e-02	3.633040779064970749e-02	9.179140799802340545e-02
1.635166332215485909e+03	2.016351690707057775e-01	1.286912023115102943e-01	2.820898721622911998e-01	1.768617495602172185e-01	8.243524352094656893e-02	3.638290052677715936e-02	9.190386284737610267e-02
1.640004102429141085e+03	2.012371028733279388e-01	1.284216613853815525e-01	2.823412111746951281e-01	1.770396548735790332e-01	8.250955619736413671e-02	3.643514022630432725e-02	9.201567326917221845e-02
1.644841872642796488e+03	2.008413258153565473e-01	1.281535902104655733e-01	2.825910999858682882e-01	1.772165327387233980e-01	8.258348056608760812e-02	3.648712788630939508e-02	9.212684279701363610e-02
1.649679642856451665e+03	2.004478247952740932e-01	1.278869806778709095e-01	2.828395475353387423e-01	1.773923889019722311e-01	8.265701863827332185e-02	3.653886450350233434e-02	9.223737494759289002e-02
1.654517413070107068e+03	2.000565867870241765e-01	1.276218247235747227e-01	2.830865626993896433e-01	1.775672290802887965e-01	8.273017241466162908e-02	3.659035107415336413e-02	9.234727322073225941e-02
1.659355183283762244e+03	1.996675988395633095e-01	1.273581143281784789e-01	2.833321542916170666e-01	1.777410589613812320e-01	8.280294388563784469e-02	3.664158859402305568e-02	9.245654109942355592e-02
1.664192953497417420e+03	1.992808480764157453e-01	1.270958415166648092e-01	2.835763310634822898e-01	1.779138842038065493e-01	8.287533503129262957e-02	3.669257805829385932e-02	9.256518204986864673e-02
1.669030723711072824e+03	1.988963216952309154e-01	1.268349983581557316e-01	2.838191017048573572e-01	1.780857104370750232e-01	8.294734782148172059e-02	3.674332046150319275e-02	9.267319952152060225e-02
1.673868493924728000e+03	1.985140069673440311e-01	1.265755769656720653e-01	2.840604748445648142e-01	1.782565432617550794e-01	8.301898421588495280e-02	3.679381679747797257e-02	9.278059694712557925e-02
1.678706264138383403e+03	1.981338912373393490e-01	1.263175694958940942e-01	2.843004590509116691e-01	1.784263882495786824e-01	8.309024616406486541e-02	3.684406805927056133e-02	9.288737774276525916e-02
1.683544034352038352e+03	1.977559619226162413e-01	1.260609681489233136e-01	2.845390628322174154e-01	1.785952509435469460e-01	8.316113560552453043e-02	3.689407523909614406e-02	9.299354530789993856e-02
1.688381804565693983e+03	1.973802065129581229e-01	1.258057651680456190e-01	2.847762946373357806e-01	1.787631368580363256e-01	8.323165446976493742e-02	3.694383932827148553e-02	9.309910302541228588e-02
1.693219574779349159e+03	1.970066125701041004e-01	1.255519528394954676e-01	2.850121628561715359e-01	1.789300514789050056e-01	8.330180467634176744e-02	3.699336131715503379e-02	9.320405426165161156e-02
1.698057344993004335e+03	1.966351677273234233e-01	1.252995234922214540e-01	2.852466758201911423e-01	1.790960002635997306e-01	8.337158813492168141e-02	3.704264219508837663e-02	9.330840236647877650e-02
1.702895115206659511e+03	1.962658596889925722e-01	1.250484694976529143e-01	2.854798418029276252e-01	1.792609886412629971e-01	8.344100674533791451e-02	3.709168295033898194e-02	9.341215067331160027e-02
1.707732885420315142e+03	1.958986762301752060e-01	1.247987832694678889e-01	2.857116690204803411e-01	1.794250220128404405e-01	8.351006239764556527e-02	3.714048457004425624e-02	9.351530249917085202e-02
1.712570655633970318e+03	1.955336051962046073e-01	1.245504572633621271e-01	2.859421656320093597e-01	1.795881057511887480e-01	8.357875697217619082e-02	3.718904804015684545e-02	9.361786114472669951e-02
1.717408425847625494e+03	1.951706345022689026e-01	1.243034839768193400e-01	2.861713397402238512e-01	1.797502452011835172e-01	8.364709233959199963e-02	3.723737434539116375e-02	9.371982989434578248e-02
1.722246196061280898e+03	1.948097521329990311e-01	1.240578559488826754e-01	2.863991993918658108e-01	1.799114456798277251e-01	8.371507036093953080e-02	3.728546446917115065e-02	9.382121201613870254e-02
1.727083966274936301e+03	1.944509461420589613e-01	1.238135657599272743e-01	2.866257525781882309e-01	1.800717124763601962e-01	8.378269288770284762e-02	3.733331939357923540e-02	9.392201076200797083e-02
1.731921736488591478e+03	1.940942046517390440e-01	1.235706060314341326e-01	2.868510072354279461e-01	1.802310508523644328e-01	8.384996176185624539e-02	3.738094009930643946e-02	9.402222936769648320e-02
1.736759506702246881e+03	1.937395158525515027e-01	1.233289694257649893e-01	2.870749712452739244e-01	1.803894660418776386e-01	8.391687881591654297e-02	3.742832756560367236e-02	9.412187105283643940e-02
1.741597276915902057e+03	1.933868680028287823e-01	1.230886486459384921e-01	2.872976524353297867e-01	1.805469632515000755e-01	8.398344587299483299e-02	3.747548277023410312e-02	9.422093902099867857e-02
1.746435047129557461e+03	1.930362494283242580e-01	1.228496364354074444e-01	2.875190585795718290e-01	1.807035476605042268e-01	8.404966474684791300e-02	3.752240668942671137e-02	9.431943645974240342e-02
1.751272817343212637e+03	1.926876485218154966e-01	1.226119255778371636e-01	2.877391973988020490e-01	1.808592244209446254e-01	8.411553724192920301e-02	3.756910029783086524e-02	9.441736654066536227e-02
1.756110587556867813e+03	1.923410537427101830e-01	1.223755088968852267e-01	2.879580765610961768e-01	1.810139986577675442e-01	8.418106515343924678e-02	3.761556456847197499e-02	9.451473241945444748e-02
1.760948357770523216e+03	1.919964536166544056e-01	1.221403792559820206e-01	2.881757036822468199e-01	1.811678754689208803e-01	8.424625026737579681e-02	3.766180047270825670e-02	9.461153723593662690e-02
1.765786127984178393e+03	1.916538367351433569e-01	1.219065295581127084e-01	2.883920863262022793e-01	1.813208599254642894e-01	8.431109436058352447e-02	3.770780898018842586e-02	9.470778411413023623e-02
1.770623898197833569e+03	1.913131917551345873e-01	1.216739527456001529e-01	2.886072320055003138e-01	1.814729570716792917e-01	8.437559920080327236e-02	3.775359105881051502e-02	9.480347616229670149e-02
1.775461668411488745e+03	1.909745073986637565e-01	1.214426417998890895e-01	2.888211481816973514e-01	1.816241719251795728e-01	8.443976654672095961e-02	3.779914767468158660e-02	9.489861647299253911e-02
1.780299438625144376e+03	1.906377724524626338e-01	1.212125897413313252e-01	2.890338422657932060e-01	1.817745094770214231e-01	8.450359814801607083e-02	3.784447979207847951e-02	9.499320812312171680e-02
1.785137208838799552e+03	1.903029757675796241e-01	1.209837896289721743e-01	2.892453216186512965e-01	1.819239746918141498e-01	8.456709574540978436e-02	3.788958837340949959e-02	9.508725417398831981e-02
1.789974979052454728e+03	1.899701062590025968e-01	1.207562345603378634e-01	2.894555935514143696e-01	1.820725725078306545e-01	8.463026107071273951e-02	3.793447437917703280e-02	9.518075767134955012e-02
1.794812749266109904e+03	1.896391529052841862e-01	1.205299176712241460e-01	2.896646653259158377e-01	1.822203078371180673e-01	8.469309584687238768e-02	3.797913876794111604e-02	9.527372164546901723e-02
1.799650519479765535e+03	1.893101047481692834e-01	1.203048321354860672e-01	2.898725441550868420e-01	1.823671855656083807e-01	8.475560178802007960e-02	3.802358249628388226e-02	9.536614911117026472e-02
1.804488289693420711e+03	1.889829508922249435e-01	1.200809711648286593e-01	2.900792372033588751e-01	1.825132105532291105e-01	8.481778059951765314e-02	3.806780651877490068e-02	9.545804306789071325e-02
1.809326059907075887e+03	1.886576805044727356e-01	1.198583280085989272e-01	2.902847515870622397e-01	1.826583876340140966e-01	8.487963397800379894e-02	3.811181178793740520e-02	9.554940649973564515e-02
1.814163830120731291e+03	1.883342828140231184e-01	1.196368959535787507e-01	2.904890943748206222e-01	1.828027216162142754e-01	8.494116361144006533e-02	3.815559925421537629e-02	9.564024237553267471e-02
1.819001600334386467e+03	1.880127471117123139e-01	1.194166683237790072e-01	2.906922725879409475e-01	1.829462172824083410e-01	8.500237117915650231e-02	3.819916986594144165e-02	9.573055364888631569e-02
1.823839370548041643e+03	1.876930627497413184e-01	1.191976384802347494e-01	2.908942932007997917e-01	1.830888793896135458e-01	8.506325835189694484e-02	3.824252456930563038e-02	9.582034325823284016e-02
1.828677140761696819e+03	1.873752191413172452e-01	1.189797998208013824e-01	2.910951631412254104e-01	1.832307126693964450e-01	8.512382679186407397e-02	3.828566430832494594e-02	9.590961412689533172e-02
1.833514910975352450e+03	1.870592057602968594e-01	1.187631457799520063e-01	2.912948892908757137e-01	1.833717218279836136e-01	8.518407815276403394e-02	3.832859002481370930e-02	9.599836916313896074e-02
1.838352681189008081e+03	1.867450121408323060e-01	1.185476698285757718e-01	2.914934784856125227e-01	1.835119115463723083e-01	8.524401407985079948e-02	3.837130265835467235e-02	9.608661126022646770e-02
1.843190451402663257e+03	1.864326278770191692e-01	1.183333654737773327e-01	2.916909375158720508e-01	1.836512864804411005e-01	8.530363620997030716e-02	3.841380314627097781e-02	9.617434329647389646e-02
1.848028221616318433e+03	1.861220426225463909e-01	1.181202262586773105e-01	2.918872731270314436e-01	1.837898512610604274e-01	8.536294617160412879e-02	3.845609242359875057e-02	9.626156813530638290e-02
1.852865991829973609e+03	1.858132460903487437e-01	1.179082457622138702e-01	2.920824920197712116e-01	1.839276104942032808e-01	8.542194558491292278e-02	3.849817142306054263e-02	9.634828862531424898e-02
1.857703762043628785e+03	1.855062280522612184e-01	1.176974175989453364e-01	2.922766008504346091e-01	1.840645687610554526e-01	8.548063606177966345e-02	3.854004107503944399e-02	9.643450760030920776e-02
1.862541532257283961e+03	1.852009783386756314e-01	1.174877354188537532e-01	2.924696062313825173e-01	1.842007306181260018e-01	8.553901920585245400e-02	3.858170230755392227e-02	9.652022787938066561e-02
1.867379302470939592e+03	1.848974868381993708e-01	1.172791929071496236e-01	2.926615147313454957e-01	1.843361005973575828e-01	8.559709661258713131e-02	3.862315604623336313e-02	9.660545226695235743e-02
1.872217072684594768e+03	1.845957434973161115e-01	1.170717837840776765e-01	2.928523328757718924e-01	1.844706832062365520e-01	8.565486986928953772e-02	3.866440321429428367e-02	9.669018355283891253e-02
1.877054842898249490e+03	1.842957383200488353e-01	1.168655018047234928e-01	2.930420671471720695e-01	1.846044829279030741e-01	8.571234055515759842e-02	3.870544473251726070e-02	9.677442451230267029e-02
1.881892613111905121e+03	1.839974613676247095e-01	1.166603407588213404e-01	2.932307239854597403e-01	1.847375042212611451e-01	8.576951024132302426e-02	3.874628151922446945e-02	9.685817790611057909e-02
1.886730383325560297e+03	1.837009027581421872e-01	1.164562944705629793e-01	2.934183097882893110e-01	1.848697515210884490e-01	8.582638049089282017e-02	3.878691449025791632e-02	9.694144648059127567e-02
1.891568153539215928e+03	1.834060526662401880e-01	1.162533567984074534e-01	2.936048309113903354e-01	1.850012292381459922e-01	8.588295285899051612e-02	3.882734455895828218e-02	9.702423296769221994e-02
1.896405923752871104e+03	1.831129013227690006e-01	1.160515216348918938e-01	2.937902936688980282e-01	1.851319417592877381e-01	8.593922889279707877e-02	3.886757263614440405e-02	9.710654008503691315e-02
1.901243693966526507e+03	1.828214390144636270e-01	1.158507829064433503e-01	2.939747043336807253e-01	1.852618934475701029e-01	8.599521013159164284e-02	3.890759963009336048e-02	9.718837053598224085e-02
1.906081464180181683e+03	1.825316560836189039e-01	1.156511345731916635e-01	2.941580691376642909e-01	1.853910886423611737e-01	8.605089810679193707e-02	3.894742644652120223e-02	9.726972700967589924e-02
1.910919234393836859e+03	1.822435429277664831e-01	1.154525706287832104e-01	2.943403942721528055e-01	1.855195316594499544e-01	8.610629434199447430e-02	3.898705398856421034e-02	9.735061218111396020e-02
1.915757004607492036e+03	1.819570899993541435e-01	1.152550851001957893e-01	2.945216858881463118e-01	1.856472267911551954e-01	8.616140035301449174e-02	3.902648315676079255e-02	9.743102871119836694e-02
1.920594774821147894e+03	1.816722878054267687e-01	1.150586720475544195e-01	2.947019500966553407e-01	1.857741783064343621e-01	8.621621764792568310e-02	3.906571484903392094e-02	9.751097924679465179e-02
1.925432545034802843e+03	1.813891269073094337e-01	1.148633255639480710e-01	2.948811929690122180e-01	1.859003904509921867e-01	8.627074772709958372e-02	3.910474996067412473e-02	9.759046642078954281e-02
1.930270315248458019e+03	1.811075979202922681e-01	1.146690397752475193e-01	2.950594205371795953e-01	1.860258674473890261e-01	8.632499208324484474e-02	3.914358938432307283e-02	9.766949285214884813e-02
1.935108085462113195e+03	1.808276915133174290e-01	1.144758088399240176e-01	2.952366387940553172e-01	1.861506134951493030e-01	8.637895220144617414e-02	3.918223400995766992e-02	9.774806114597517359e-02
1.939945855675768371e+03	1.805493984086679049e-01	1.142836269488690520e-01	2.954128536937750682e-01	1.862746327708694749e-01	8.643262955920311130e-02	3.922068472487465207e-02	9.782617389356582094e-02
1.944783625889424002e+03	1.802727093816581250e-01	1.140924883252150274e-01	2.955880711520111337e-01	1.863979294283258648e-01	8.648602562646853786e-02	3.925894241367577225e-02	9.790383367247058877e-02
1.949621396103079178e+03	1.799976152603266211e-01	1.139023872241568813e-01	2.957622970462691625e-01	1.865205075985823524e-01	8.653914186568693878e-02	3.929700795825342291e-02	9.798104304654976782e-02
1.954459166316734354e+03	1.797241069251303558e-01	1.137133179327746851e-01	2.959355372161809883e-01	1.866423713900978443e-01	8.659197973183249686e-02	3.933488223777683451e-02	9.805780456603198358e-02
1.959296936530389530e+03	1.794521753086411875e-01	1.135252747698572012e-01	2.961077974637955634e-01	1.867635248888334654e-01	8.664454067244693747e-02	3.937256612867869737e-02	9.813412076757221936e-02
1.964134706744044706e+03	1.791818113952438341e-01	1.133382520857263709e-01	2.962790835538663958e-01	1.868839721583595570e-01	8.669682612767712349e-02	3.941006050464230387e-02	9.820999417430970047e-02
1.968972476957700337e+03	1.789130062208360017e-01	1.131522442620627872e-01	2.964494012141364876e-01	1.870037172399624525e-01	8.674883753031244205e-02	3.944736623658916252e-02	9.828542729592591731e-02
1.973810247171355968e+03	1.786457508725300958e-01	1.129672457117319867e-01	2.966187561356204427e-01	1.871227641527510865e-01	8.680057630582206640e-02	3.948448419266707005e-02	9.836042262870250963e-02
1.978648017385010689e+03	1.783800364883568468e-01	1.127832508786118654e-01	2.967871539728835217e-01	1.872411168937631876e-01	8.685204387239188473e-02	3.952141523823862745e-02	9.843498265557928950e-02
1.983485787598666320e+03	1.781158542569707404e-01	1.126002542374208298e-01	2.969546003443186422e-01	1.873587794380714433e-01	8.690324164096123460e-02	3.955816023587024888e-02	9.850910984621208399e-02
1.988323557812321269e+03	1.778531954173570573e-01	1.124182502935470590e-01	2.971211008324201042e-01	1.874757557388891938e-01	8.695417101525954040e-02	3.959472004532153117e-02	9.858280665703077206e-02
1.993161328025976900e+03	1.775920512585409949e-01	1.122372335828784595e-01	2.972866609840548735e-01	1.875920497276761245e-01	8.700483339184260367e-02	3.963109552353513698e-02	9.865607553129711327e-02
1.997999098239632076e+03	1.773324131192983155e-01	1.120571986716337731e-01	2.974512863107313110e-01	1.877076653142434326e-01	8.705523016012874093e-02	3.966728752462705954e-02	9.872891889916263208e-02
2.002836868453287707e+03	1.770742723878677705e-01	1.118781401561944749e-01	2.976149822888654595e-01	1.878226063868590479e-01	8.710536270243481038e-02	3.970329689987729671e-02	9.880133917772643271e-02
2.007674638666942428e+03	1.768176205016653013e-01	1.117000526629375462e-01	2.977777543600442778e-01	1.879368768123522160e-01	8.715523239401186395e-02	3.973912449772094846e-02	9.887333877109309721e-02
2.012512408880597604e+03	1.765624489469999614e-01	1.115229308480692322e-01	2.979396079312871537e-01	1.880504804362181093e-01	8.720484060308078544e-02	3.977477116373973054e-02	9.894492007043034776e-02
2.017350179094252780e+03	1.763087492587915306e-01	1.113467693974596329e-01	2.981005483753038643e-01	1.881634210827221043e-01	8.725418869086758178e-02	3.981023774065380050e-02	9.901608545402683370e-02
2.022187949307908411e+03	1.760565130202897954e-01	1.111715630264782650e-01	2.982605810307513150e-01	1.882757025550036156e-01	8.730327801163853541e-02	3.984552506831410407e-02	9.908683728734975216e-02
2.027025719521564042e+03	1.758057318627957166e-01	1.109973064798304293e-01	2.984197112024866705e-01	1.883873286351798459e-01	8.735210991273521797e-02	3.988063398369495055e-02	9.915717792310251022e-02
2.031863489735218764e+03	1.755563974653838732e-01	1.108239945313945207e-01	2.985779441618192087e-01	1.884983030844492036e-01	8.740068573460929580e-02	3.991556532088706699e-02	9.922710970128226227e-02
2.036701259948874394e+03	1.753085015546270442e-01	1.106516219840601584e-01	2.987352851467585113e-01	1.886086296431943587e-01	8.744900681085700234e-02	3.995031991109098540e-02	9.929663494923740563e-02
2.041539030162529116e+03	1.750620359043220664e-01	1.104801836695672862e-01	2.988917393622615992e-01	1.887183120310851336e-01	8.749707446825366608e-02	3.998489858261072838e-02	9.936575598172500690e-02
2.046376800376184747e+03	1.748169923352175803e-01	1.103096744483460651e-01	2.990473119804769042e-01	1.888273539471808649e-01	8.754489002678787768e-02	4.001930216084794573e-02	9.943447510096818653e-02
2.051214570589840150e+03	1.745733627147432188e-01	1.101400892093576805e-01	2.992020081409865195e-01	1.889357590700327938e-01	8.759245479969549053e-02	4.005353146829631478e-02	9.950279459671337867e-02
2.056052340803495554e+03	1.743311389567406278e-01	1.099714228699359420e-01	2.993558329510455085e-01	1.890435310577859573e-01	8.763977009349351033e-02	4.008758732453630846e-02	9.957071674628754920e-02
2.060890111017150957e+03	1.740903130211958749e-01	1.098036703756298527e-01	2.995087914858196032e-01	1.891506735482806900e-01	8.768683720801380421e-02	4.012147054623026177e-02	9.963824381465534452e-02
2.065727881230805451e+03	1.738508769139736343e-01	1.096368267000469299e-01	2.996608887886202943e-01	1.892571901591540706e-01	8.773365743643653236e-02	4.015518194711784061e-02	9.970537805447610147e-02
2.070565651444461309e+03	1.736128226865529534e-01	1.094708868446974820e-01	2.998121298711381444e-01	1.893630844879408415e-01	8.778023206532351019e-02	4.018872233801171201e-02	9.977212170616082954e-02
2.075403421658116713e+03	1.733761424357643799e-01	1.093058458388395937e-01	2.999625197136734922e-01	1.894683601121740779e-01	8.782656237465132076e-02	4.022209252679364438e-02	9.983847699792905428e-02
2.080241191871772116e+03	1.731408283035288653e-01	1.091416987393250548e-01	3.001120632653652698e-01	1.895730205894856912e-01	8.787264963784430227e-02	4.025529331841079528e-02	9.990444614586557748e-02
2.085078962085427065e+03	1.729068724765983611e-01	1.089784406304461495e-01	3.002607654444177099e-01	1.896770694577063487e-01	8.791849512180734127e-02	4.028832551487240149e-02	9.997003135397720952e-02
2.089916732299082469e+03	1.726742671862976086e-01	1.088160666237831808e-01	3.004086311383251107e-01	1.897805102349651996e-01	8.796410008695849936e-02	4.032118991524669127e-02	1.000352348142492381e-01
2.094754502512737417e+03	1.724430047082675943e-01	1.086545718580529257e-01	3.005556652040939358e-01	1.898833464197894616e-01	8.800946578726147329e-02	4.035388731565812959e-02	1.001000587067019665e-01
2.099592272726392821e+03	1.722130773622107813e-01	1.084939514989578246e-01	3.007018724684637490e-01	1.899855814912033147e-01	8.805459347025784700e-02	4.038641850928490623e-02	1.001645051994470847e-01
2.104430042940048224e+03	1.719844775116374236e-01	1.083342007390360462e-01	3.008472577281254834e-01	1.900872189088267383e-01	8.809948437709926028e-02	4.041878428635672926e-02	1.002285764487438474e-01
2.109267813153704083e+03	1.717571975636138226e-01	1.081753147975123841e-01	3.009918257499379357e-01	1.901882621129739603e-01	8.814413974257935547e-02	4.045098543415286824e-02	1.002922745990552506e-01
2.114105583367359031e+03	1.715312299685118058e-01	1.080172889201499314e-01	3.011355812711423163e-01	1.902887145247515177e-01	8.818856079516551594e-02	4.048302273700048887e-02	1.003556017831040564e-01
2.118943353581013525e+03	1.713065672197597034e-01	1.078601183791025597e-01	3.012785289995748572e-01	1.903885795461560948e-01	8.823274875703056297e-02	4.051489697627320280e-02	1.004185601219286655e-01
2.123781123794669384e+03	1.710832018535950461e-01	1.077037984727682307e-01	3.014206736138775322e-01	1.904878605601718344e-01	8.827670484408414731e-02	4.054660893038993658e-02	1.004811517249388914e-01
2.128618894008324787e+03	1.708611264488183734e-01	1.075483245256430853e-01	3.015620197637068345e-01	1.905865609308675379e-01	8.832043026600414071e-02	4.057815937481396712e-02	1.005433786899716797e-01
2.133456664221980191e+03	1.706403336265487347e-01	1.073936918881763791e-01	3.017025720699406111e-01	1.906846840034933932e-01	8.836392622626769444e-02	4.060954908205230418e-02	1.006052431033465366e-01
2.138294434435635139e+03	1.704208160499807168e-01	1.072398959366261395e-01	3.018423351248830100e-01	1.907822331045773145e-01	8.840719392218229777e-02	4.064077882165521155e-02	1.006667470399209702e-01
2.143132204649290543e+03	1.702025664241426650e-01	1.070869320729156277e-01	3.019813134924678732e-01	1.908792115420211433e-01	8.845023454491651727e-02	4.067184936021601971e-02	1.007278925631458072e-01
2.147969974862945492e+03	1.699855774956564591e-01	1.069347957244906888e-01	3.021195117084600756e-01	1.909756226051962658e-01	8.849304927953076383e-02	4.070276146137116052e-02	1.007886817251202743e-01
2.152807745076601350e+03	1.697698420524987872e-01	1.067834823441777131e-01	3.022569342806550319e-01	1.910714695650390371e-01	8.853563930500774060e-02	4.073351588580043092e-02	1.008491165666469541e-01
2.157645515290255844e+03	1.695553529237636414e-01	1.066329874100424846e-01	3.023935856890766494e-01	1.911667556741458718e-01	8.857800579428282139e-02	4.076411339122746474e-02	1.009091991172867409e-01
2.162483285503912157e+03	1.693421029794265065e-01	1.064833064252497657e-01	3.025294703861733936e-01	1.912614841668678345e-01	8.862014991427430433e-02	4.079455473242041968e-02	1.009689313954135054e-01
2.167321055717567106e+03	1.691300851301095753e-01	1.063344349179237286e-01	3.026645927970125216e-01	1.913556582594050093e-01	8.866207282591340166e-02	4.082484066119287242e-02	1.010283154082686624e-01
2.172158825931222509e+03	1.689192923268487134e-01	1.061863684410089825e-01	3.027989573194727613e-01	1.914492811499005076e-01	8.870377568417418812e-02	4.085497192640496350e-02	1.010873531520156549e-01
2.176996596144877003e+03	1.687097175608615329e-01	1.060391025721325459e-01	3.029325683244353806e-01	1.915423560185340879e-01	8.874525963810335483e-02	4.088494927396468109e-02	1.011460466117941603e-01
2.181834366358532861e+03	1.685013538633169938e-01	1.058926329134664557e-01	3.030654301559733144e-01	1.916348860276154698e-01	8.878652583084979677e-02	4.091477344682941525e-02	1.012043977617743118e-01
2.186672136572187810e+03	1.682941943051061984e-01	1.057469550915911827e-01	3.031975471315388471e-01	1.917268743216772042e-01	8.882757539969407534e-02	4.094444518500761632e-02	1.012624085652106265e-01
2.191509906785843214e+03	1.680882319966149063e-01	1.056020647573598231e-01	3.033289235421494090e-01	1.918183240275672385e-01	8.886840947607775598e-02	4.097396522556073784e-02	1.013200809744958936e-01
2.196347676999498617e+03	1.678834600874967442e-01	1.054579575857628876e-01	3.034595636525723172e-01	1.919092382545412034e-01	8.890902918563256541e-02	4.100333430260529738e-02	1.013774169312148116e-01
2.201185447213154021e+03	1.676798717664484684e-01	1.053146292757940611e-01	3.035894717015070188e-01	1.919996200943542286e-01	8.894943564820938231e-02	4.103255314731515946e-02	1.014344183661975152e-01
2.206023217426809424e+03	1.674774602609860330e-01	1.051720755503165322e-01	3.037186519017667230e-01	1.920894726213524528e-01	8.898962997790714480e-02	4.106162248792399189e-02	1.014910871995730046e-01
2.210860987640464373e+03	1.672762188372223235e-01	1.050302921559300440e-01	3.038471084404575917e-01	1.921787988925641177e-01	8.902961328310159128e-02	4.109054304972787480e-02	1.015474253408223254e-01
2.215698757854119776e+03	1.670761407996458059e-01	1.048892748628388744e-01	3.039748454791572074e-01	1.922676019477904397e-01	8.906938666647383485e-02	4.111931555508810399e-02	1.016034346888315676e-01
2.220536528067775180e+03	1.668772194909009798e-01	1.047490194647202749e-01	3.041018671540908769e-01	1.923558848096959262e-01	8.910895122503879884e-02	4.114794072343415376e-02	1.016591171319448511e-01
2.225374298281430583e+03	1.666794482915696374e-01	1.046095217785938114e-01	3.042281775763064910e-01	1.924436504838985540e-01	8.914830805017355531e-02	4.117641927126679952e-02	1.017144745480169782e-01
2.230212068495085077e+03	1.664828206199537308e-01	1.044707776446914121e-01	3.043537808318483862e-01	1.925309019590593085e-01	8.918745822764552467e-02	4.120475191216142058e-02	1.017695088044660578e-01
2.235049838708740936e+03	1.662873299318593512e-01	1.043327829263280271e-01	3.044786809819291507e-01	1.926176422069716954e-01	8.922640283764037006e-02	4.123293935677142807e-02	1.018242217583258669e-01
2.239887608922396339e+03	1.660929697203820388e-01	1.041955335097731056e-01	3.046028820631001555e-01	1.927038741826505863e-01	8.926514295479008598e-02	4.126098231283188006e-02	1.018786152562980579e-01
2.244725379136052197e+03	1.658997335156934261e-01	1.040590253041227264e-01	3.047263880874207520e-01	1.927896008244209258e-01	8.930367964820060123e-02	4.128888148516322160e-02	1.019326911348042847e-01
2.249563149349706237e+03	1.657076148848289354e-01	1.039232542411724775e-01	3.048492030426260269e-01	1.928748250540058828e-01	8.934201398147945117e-02	4.131663757567517747e-02	1.019864512200380491e-01
2.254400919563362095e+03	1.655166074314768920e-01	1.037882162752909593e-01	3.049713308922928356e-01	1.929595497766147527e-01	8.938014701276328355e-02	4.134425128337081146e-02	1.020398973280164656e-01
2.259238689777017044e+03	1.653267047957688030e-01	1.036539073832940805e-01	3.050927755760050042e-01	1.930437778810305260e-01	8.941807979474515611e-02	4.137172330435068268e-02	1.020930312646317478e-01
2.264076459990672902e+03	1.651379006540708849e-01	1.035203235643199632e-01	3.052135410095164758e-01	1.931275122396969579e-01	8.945581337470180638e-02	4.139905433181718247e-02	1.021458548257026672e-01
