1.001418434226643626e+03	2.796927530910003346e-01	1.808067745086803235e-01	2.347927891756776408e-01	1.409590137524340814e-01	6.809277400201985131e-02	2.678730922412216747e-02	6.886858624588862443e-02
1.003837319333471214e+03	2.792658217036315671e-01	1.805324413812248174e-01	2.350969309540990038e-01	1.411326293019682931e-01	6.816452362806570131e-02	2.683073598545097221e-02	6.897691704538265467e-02
1.006256204440298802e+03	2.788401049567624246e-01	1.802588730153521501e-01	2.354002187236107491e-01	1.413057027054430148e-01	6.823606725156909636e-02	2.687408676694761495e-02	6.908494658013791812e-02
1.008675089547126618e+03	2.784155993769399373e-01	1.799860672758833990e-01	2.357026548725582871e-01	1.414782358871064238e-01	6.830740547168465127e-02	2.691736151341246608e-02	6.919267560223779645e-02
1.011093974653954206e+03	2.779923015007891851e-01	1.797140220336030658e-01	2.360042417826031802e-01	1.416502307626648360e-01	6.837853888579283057e-02	2.696056017135634378e-02	6.930010486301348138e-02
1.013512859760782021e+03	2.775702078749831547e-01	1.794427351652424785e-01	2.363049818287419612e-01	1.418216892393323325e-01	6.844946808950715111e-02	2.700368268898676455e-02	6.940723511302913928e-02
1.015931744867609382e+03	2.771493150562122088e-01	1.791722045534629715e-01	2.366048773793246740e-01	1.419926132158800536e-01	6.852019367668137073e-02	2.704672901619430136e-02	6.951406710206742279e-02
1.018350629974437197e+03	2.767296196111539985e-01	1.789024280868395378e-01	2.369039307960736640e-01	1.421630045826851041e-01	6.859071623941646878e-02	2.708969910453904242e-02	6.962060157911512115e-02
1.020769515081264785e+03	2.763111181164435992e-01	1.786334036598442865e-01	2.372021444341020080e-01	1.423328652217792922e-01	6.866103636806751565e-02	2.713259290723712622e-02	6.972683929234914368e-02
1.023188400188092373e+03	2.758938071586430341e-01	1.783651291728297617e-01	2.374995206419321381e-01	1.425021970068974242e-01	6.873115465125043122e-02	2.717541037914738070e-02	6.983278098912280851e-02
1.025607285294920075e+03	2.754776833342118536e-01	1.780976025320127054e-01	2.377960617615143268e-01	1.426710018035252381e-01	6.880107167584860461e-02	2.721815147675804916e-02	6.993842741595221457e-02
1.028026170401747549e+03	2.750627432494769931e-01	1.778308216494577376e-01	2.380917701282450061e-01	1.428392814689471990e-01	6.887078802701947222e-02	2.726081615817360290e-02	7.004377931850307160e-02
1.030445055508575479e+03	2.746489835206032404e-01	1.775647844430607303e-01	2.383866480709852242e-01	1.430070378522938224e-01	6.894030428820085987e-02	2.730340438310164403e-02	7.014883744157755785e-02
1.032863940615402726e+03	2.742364007735637044e-01	1.772994888365327648e-01	2.386806979120789929e-01	1.431742727945887472e-01	6.900962104111738049e-02	2.734591611283991239e-02	7.025360252910158032e-02
1.035282825722230655e+03	2.738249916441102827e-01	1.770349327593838118e-01	2.389739219673714665e-01	1.433409881287954213e-01	6.907873886578662359e-02	2.738835131026335495e-02	7.035807532411215981e-02
1.037701710829058356e+03	2.734147527777442410e-01	1.767711141469064662e-01	2.392663225462272059e-01	1.435071856798635914e-01	6.914765834052526150e-02	2.743070993981129579e-02	7.046225656874512133e-02
1.040120595935886058e+03	2.730056808296868476e-01	1.765080309401598768e-01	2.395579019515483021e-01	1.436728672647753779e-01	6.921638004195510008e-02	2.747299196747470321e-02	7.056614700422293718e-02
1.042539481042713533e+03	2.725977724648503964e-01	1.762456810859536482e-01	2.398486624797925570e-01	1.438380346925910991e-01	6.928490454500907392e-02	2.751519736078351236e-02	7.066974737084281977e-02
1.044958366149541234e+03	2.721910243578089528e-01	1.759840625368316591e-01	2.401386064209915239e-01	1.440026897644947068e-01	6.935323242293704726e-02	2.755732608879406936e-02	7.077305840796505043e-02
1.047377251256368709e+03	2.717854331927695433e-01	1.757231732510561306e-01	2.404277360587684376e-01	1.441668342738390285e-01	6.942136424731168431e-02	2.759937812207663432e-02	7.087608085400150248e-02
1.049796136363196410e+03	2.713809956635429566e-01	1.754630111925916114e-01	2.407160536703563114e-01	1.443304700061905921e-01	6.948930058803411136e-02	2.764135343270296419e-02	7.097881544640437246e-02
1.052215021470024112e+03	2.709777084735152108e-01	1.752035743310890736e-01	2.410035615266157283e-01	1.444935987393741739e-01	6.955704201333956505e-02	2.768325199423401703e-02	7.108126292165513338e-02
1.054633906576851814e+03	2.705755683356187435e-01	1.749448606418700092e-01	2.412902618920527709e-01	1.446562222435170963e-01	6.962458908980298511e-02	2.772507378170768061e-02	7.118342401525361296e-02
1.057052791683679516e+03	2.701745719723037675e-01	1.746868681059106365e-01	2.415761570248367851e-01	1.448183422810931931e-01	6.969194238234453775e-02	2.776681877162663972e-02	7.128529946170740483e-02
1.059471676790506763e+03	2.697747161155097384e-01	1.744295947098259414e-01	2.418612491768182549e-01	1.449799606069663571e-01	6.975910245423500022e-02	2.780848694194628171e-02	7.138688999452140471e-02
1.061890561897334692e+03	2.693759975066370993e-01	1.741730384458541336e-01	2.421455405935463157e-01	1.451410789684340064e-01	6.982606986710122865e-02	2.785007827206270950e-02	7.148819634618747143e-02
1.064309447004162394e+03	2.689784128965189147e-01	1.739171973118407710e-01	2.424290335142865738e-01	1.453016991052701323e-01	6.989284518093140386e-02	2.789159274280081022e-02	7.158921924817440718e-02
1.066728332110990095e+03	2.685819590453923933e-01	1.736620693112231884e-01	2.427117301720386477e-01	1.454618227497679328e-01	6.995942895408036044e-02	2.793303033640243474e-02	7.168995943091804879e-02
1.069147217217817570e+03	2.681866327228710212e-01	1.734076524530148433e-01	2.429936327935537377e-01	1.456214516267823889e-01	7.002582174327476316e-02	2.797439103651463282e-02	7.179041762381155323e-02
1.071566102324645271e+03	2.677924307079164734e-01	1.731539447517897734e-01	2.432747435993521667e-01	1.457805874537723978e-01	7.009202410361829727e-02	2.801567482817795759e-02	7.189059455519587749e-02
1.073984987431472746e+03	2.673993497888105808e-01	1.729009442276669695e-01	2.435550648037407839e-01	1.459392319408426286e-01	7.015803658859676162e-02	2.805688169781488800e-02	7.199049095235038331e-02
1.076403872538300675e+03	2.670073867631274633e-01	1.726486489062949159e-01	2.438345986148304501e-01	1.460973867907850443e-01	7.022385975008314796e-02	2.809801163321827555e-02	7.209010754148374722e-02
1.078822757645127922e+03	2.666165384377057745e-01	1.723970568188362418e-01	2.441133472345533295e-01	1.462550536991202577e-01	7.028949413834263693e-02	2.813906462353990903e-02	7.218944504772488446e-02
1.081241642751955851e+03	2.662268016286212235e-01	1.721461660019521223e-01	2.443913128586802375e-01	1.464122343541386095e-01	7.035494030203755245e-02	2.818004065927914165e-02	7.228850419511415049e-02
1.083660527858783553e+03	2.658381731611584864e-01	1.718959744977871518e-01	2.446684976768379594e-01	1.465689304369407475e-01	7.042019878823238543e-02	2.822093973227158409e-02	7.238728570659466732e-02
1.086079412965611255e+03	2.654506498697843941e-01	1.716464803539538564e-01	2.449449038725263761e-01	1.467251436214781213e-01	7.048527014239858168e-02	2.826176183567788436e-02	7.248579030400383039e-02
1.088498298072438729e+03	2.650642285981198443e-01	1.713976816235174006e-01	2.452205336231357002e-01	1.468808755745930894e-01	7.055015490841944070e-02	2.830250696397257695e-02	7.258401870806498180e-02
1.090917183179266431e+03	2.646789061989130443e-01	1.711495763649804880e-01	2.454953890999634902e-01	1.470361279560589152e-01	7.061485362859493131e-02	2.834317511293301187e-02	7.268197163837922248e-02
1.093336068286093905e+03	2.642946795340118116e-01	1.709021626422680684e-01	2.457694724682318865e-01	1.471909024186192072e-01	7.067936684364645172e-02	2.838376627962834256e-02	7.277964981341736306e-02
1.095754953392921607e+03	2.639115454743367062e-01	1.706554385247121830e-01	2.460427858871045426e-01	1.473452006080273047e-01	7.074369509272156187e-02	2.842428046240860068e-02	7.287705395051216617e-02
1.098173838499749309e+03	2.635295008998540522e-01	1.704094020870369763e-01	2.463153315097035834e-01	1.474990241630853571e-01	7.080783891339871572e-02	2.846471766089384361e-02	7.297418476585051939e-02
1.100592723606577010e+03	2.631485426995487376e-01	1.701640514093434309e-01	2.465871114831265920e-01	1.476523747156830435e-01	7.087179884169192423e-02	2.850507787596335760e-02	7.307104297446594121e-02
1.103011608713404712e+03	2.627686677713974017e-01	1.699193845770945455e-01	2.468581279484634294e-01	1.478052538908360691e-01	7.093557541205540440e-02	2.854536110974495097e-02	7.316762929023119810e-02
1.105430493820231959e+03	2.623898730223417353e-01	1.696753996811001808e-01	2.471283830408131654e-01	1.479576633067244129e-01	7.099916915738815892e-02	2.858556736560431341e-02	7.326394442585099087e-02
1.107849378927059888e+03	2.620121553682617788e-01	1.694320948175022656e-01	2.473978788893007319e-01	1.481096045747302969e-01	7.106258060903859752e-02	2.862569664813443410e-02	7.335998909285486314e-02
1.110268264033887590e+03	2.616355117339490555e-01	1.691894680877598645e-01	2.476666176170937428e-01	1.482610792994758508e-01	7.112581029680906108e-02	2.866574896314510318e-02	7.345576400159023467e-02
1.112687149140715292e+03	2.612599390530803700e-01	1.689475175986342725e-01	2.479346013414192029e-01	1.484120890788605818e-01	7.118885874896038746e-02	2.870572431765246527e-02	7.355126986121555965e-02
1.115106034247542766e+03	2.608854342681912741e-01	1.687062414621741668e-01	2.482018321735801614e-01	1.485626355040985391e-01	7.125172649221638010e-02	2.874562271986868742e-02	7.364650737969363758e-02
1.117524919354370468e+03	2.605119943306495878e-01	1.684656377957009510e-01	2.484683122189721427e-01	1.487127201597552018e-01	7.131441405176826287e-02	2.878544417919163059e-02	7.374147726378507683e-02
1.119943804461197942e+03	2.601396162006290869e-01	1.682257047217939616e-01	2.487340435771000224e-01	1.488623446237841430e-01	7.137692195127920414e-02	2.882518870619462867e-02	7.383618021904185535e-02
1.122362689568025871e+03	2.597682968470834686e-01	1.679864403682757579e-01	2.489990283415941807e-01	1.490115104675634461e-01	7.143925071288864670e-02	2.886485631261633336e-02	7.393061694980102017e-02
1.124781574674853118e+03	2.593980332477202055e-01	1.677478428681975497e-01	2.492632686002272113e-01	1.491602192559318418e-01	7.150140085721679029e-02	2.890444701135062855e-02	7.402478815917859500e-02
1.127200459781681047e+03	2.590288223889745667e-01	1.675099103598244599e-01	2.495267664349302139e-01	1.493084725472245966e-01	7.156337290336894918e-02	2.894396081643657928e-02	7.411869454906347410e-02
1.129619344888508749e+03	2.586606612659835269e-01	1.672726409866210906e-01	2.497895239218092256e-01	1.494562718933090950e-01	7.162516736893986824e-02	2.898339774304849528e-02	7.421233682011159349e-02
1.132038229995336451e+03	2.582935468825599545e-01	1.670360328972369246e-01	2.500515431311614578e-01	1.496036188396203392e-01	7.168678477001810823e-02	2.902275780748602568e-02	7.430571567174008851e-02
1.134457115102163925e+03	2.579274762511669095e-01	1.668000842454918364e-01	2.503128261274916166e-01	1.497505149251960321e-01	7.174822562119036184e-02	2.906204102716433008e-02	7.439883180212172875e-02
1.136876000208991627e+03	2.575624463928920527e-01	1.665647931903617152e-01	2.505733749695282508e-01	1.498969616827114659e-01	7.180949043554575584e-02	2.910124742060431896e-02	7.449168590817931146e-02
1.139294885315819101e+03	2.571984543374217225e-01	1.663301578959639759e-01	2.508331917102396558e-01	1.500429606385142167e-01	7.187057972468006983e-02	2.914037700742295317e-02	7.458427868558031859e-02
1.141713770422646803e+03	2.568354971230155659e-01	1.660961765315432104e-01	2.510922783968503325e-01	1.501885133126585614e-01	7.193149399870005234e-02	2.917942980832360922e-02	7.467661082873160161e-02
1.144132655529474505e+03	2.564735717964812256e-01	1.658628472714569480e-01	2.513506370708568638e-01	1.503336212189395893e-01	7.199223376622766735e-02	2.921840584508650709e-02	7.476868303077420508e-02
1.146551540636302207e+03	2.561126754131488048e-01	1.656301682951612231e-01	2.516082697680439573e-01	1.504782858649272026e-01	7.205279953440428542e-02	2.925730514055919357e-02	7.486049598357837065e-02
1.148970425743129908e+03	2.557528050368456096e-01	1.653981377871964198e-01	2.518651785185005987e-01	1.506225087519997841e-01	7.211319180889490255e-02	2.929612771864712611e-02	7.495205037773849943e-02
1.151389310849957155e+03	2.553939577398711691e-01	1.651667539371731164e-01	2.521213653466359284e-01	1.507662913753777256e-01	7.217341109389234510e-02	2.933487360430426377e-02	7.504334690256844742e-02
1.153808195956785084e+03	2.550361306029716446e-01	1.649360149397578468e-01	2.523768322711951173e-01	1.509096352241565686e-01	7.223345789212140544e-02	2.937354282352375862e-02	7.513438624609670990e-02
1.156227081063612786e+03	2.546793207153151273e-01	1.647059189946589453e-01	2.526315813052752435e-01	1.510525417813400606e-01	7.229333270484304685e-02	2.941213540332869233e-02	7.522516909506185567e-02
1.158645966170440488e+03	2.543235251744667136e-01	1.644764643066125576e-01	2.528856144563412789e-01	1.511950125238729625e-01	7.235303603185852528e-02	2.945065137176289261e-02	7.531569613490808612e-02
1.161064851277267962e+03	2.539687410863634698e-01	1.642476490853685134e-01	2.531389337262415218e-01	1.513370489226735227e-01	7.241256837151348325e-02	2.948909075788178763e-02	7.540596804978073886e-02
1.163483736384095664e+03	2.536149655652896184e-01	1.640194715456763652e-01	2.533915411112236948e-01	1.514786524426658676e-01	7.247193022070211321e-02	2.952745359174333353e-02	7.549598552252211048e-02
1.165902621490923138e+03	2.532621957338518359e-01	1.637919299072713997e-01	2.536434386019504328e-01	1.516198245428120317e-01	7.253112207487122376e-02	2.956573990439900421e-02	7.558574923466716833e-02
1.168321506597751068e+03	2.529104287229547166e-01	1.635650223948607040e-01	2.538946281835149366e-01	1.517605666761439320e-01	7.259014442802434741e-02	2.960394972788484014e-02	7.567525986643960922e-02
1.170740391704578315e+03	2.525596616717760701e-01	1.633387472381093164e-01	2.541451118354566274e-01	1.519008802897949539e-01	7.264899777272579295e-02	2.964208309521254234e-02	7.576451809674777937e-02
1.173159276811406244e+03	2.522098917277424412e-01	1.631131026716262367e-01	2.543948915317768011e-01	1.520407668250314259e-01	7.270768260010471162e-02	2.968014004036065301e-02	7.585352460318083023e-02
1.175578161918233945e+03	2.518611160465047405e-01	1.628880869349508820e-01	2.546439692409538935e-01	1.521802277172837337e-01	7.276619939985912167e-02	2.971812059826577090e-02	7.594228006200494374e-02
1.177997047025061647e+03	2.515133317919139855e-01	1.626636982725390423e-01	2.548923469259591901e-01	1.523192643961774895e-01	7.282454866025994678e-02	2.975602480481383261e-02	7.603078514815964084e-02
1.180415932131889122e+03	2.511665361359969317e-01	1.624399349337492249e-01	2.551400265442719806e-01	1.524578782855642023e-01	7.288273086815502677e-02	2.979385269683146667e-02	7.611904053525425651e-02
1.182834817238716823e+03	2.508207262589317588e-01	1.622167951728290813e-01	2.553870100478953797e-01	1.525960708035519475e-01	7.294074650897318379e-02	2.983160431207736857e-02	7.620704689556434541e-02
1.185253702345544298e+03	2.504758993490242558e-01	1.619942772489015859e-01	2.556332993833712042e-01	1.527338433625357317e-01	7.299859606672812196e-02	2.986927968923378321e-02	7.629480490002840676e-02
1.187672587452371999e+03	2.501320526026835633e-01	1.617723794259515180e-01	2.558788964917955711e-01	1.528711973692275239e-01	7.305628002402245191e-02	2.990687886789800479e-02	7.638231521824448422e-02
1.190091472559199701e+03	2.497891832243983035e-01	1.615510999728118346e-01	2.561238033088339971e-01	1.530081342246863985e-01	7.311379886205167378e-02	2.994440188857394602e-02	7.646957851846697407e-02
1.192510357666027403e+03	2.494472884267127377e-01	1.613304371631501255e-01	2.563680217647367199e-01	1.531446553243481223e-01	7.317115306060810453e-02	2.998184879266376640e-02	7.655659546760358591e-02
1.194929242772855105e+03	2.491063654302028973e-01	1.611103892754550682e-01	2.566115537843537409e-01	1.532807620580548535e-01	7.322834309808484710e-02	3.001921962245956282e-02	7.664336673121219246e-02
1.197348127879682352e+03	2.487664114634528523e-01	1.608909545930230778e-01	2.568544012871500914e-01	1.534164558100843678e-01	7.328536945147968995e-02	3.005651442113509847e-02	7.672989297349795679e-02
1.199767012986510281e+03	2.484274237630310911e-01	1.606721314039447901e-01	2.570965661872208763e-01	1.535517379591792575e-01	7.334223259639911785e-02	3.009373323273759754e-02	7.681617485731043193e-02
1.202185898093337983e+03	2.480893995734669011e-01	1.604539180010916555e-01	2.573380503933062058e-01	1.536866098785758528e-01	7.339893300706210044e-02	3.013087610217960594e-02	7.690221304414082693e-02
1.204604783200165684e+03	2.477523361472269148e-01	1.602363126821026162e-01	2.575788558088063507e-01	1.538210729360330042e-01	7.345547115630408908e-02	3.016794307523087970e-02	7.698800819411927288e-02
1.207023668306993159e+03	2.474162307446916564e-01	1.600193137493707563e-01	2.578189843317966745e-01	1.539551284938605880e-01	7.351184751558083319e-02	3.020493419851035324e-02	7.707356096601228335e-02
1.209442553413820860e+03	2.470810806341321442e-01	1.598029195100301170e-01	2.580584378550422886e-01	1.540887779089479548e-01	7.356806255497234937e-02	3.024184951947814920e-02	7.715887201722013145e-02
1.211861438520648335e+03	2.467468830916866307e-01	1.595871282759422916e-01	2.582972182660133731e-01	1.542220225327919914e-01	7.362411674318672383e-02	3.027868908642764381e-02	7.724394200377446285e-02
1.214280323627476264e+03	2.464136354013373997e-01	1.593719383636833797e-01	2.585353274468996654e-01	1.543548637115251254e-01	7.368001054756399826e-02	3.031545294847758434e-02	7.732877158033592269e-02
1.216699208734303511e+03	2.460813348548877011e-01	1.591573480945306651e-01	2.587727672746253926e-01	1.544873027859431647e-01	7.373574443407998613e-02	3.035214115556426895e-02	7.741336140019189349e-02
1.219118093841131440e+03	2.457499787519384638e-01	1.589433557944495978e-01	2.590095396208639822e-01	1.546193410915328303e-01	7.379131886735015855e-02	3.038875375843376817e-02	7.749771211525423309e-02
1.221536978947959142e+03	2.454195643998654808e-01	1.587299597940806661e-01	2.592456463520527166e-01	1.547509799584992352e-01	7.384673431063347449e-02	3.042529080863420193e-02	7.758182437605719295e-02
1.223955864054786844e+03	2.450900891137964832e-01	1.585171584287262958e-01	2.594810893294076659e-01	1.548822207117930561e-01	7.390199122583612779e-02	3.046175235850807211e-02	7.766569883175528100e-02
1.226374749161614318e+03	2.447615502165881585e-01	1.583049500383379160e-01	2.597158704089378989e-01	1.550130646711375959e-01	7.395709007351547459e-02	3.049813846118464358e-02	7.774933613012138811e-02
1.228793634268442020e+03	2.444339450388035573e-01	1.580933329675027754e-01	2.599499914414602486e-01	1.551435131510555954e-01	7.401203131288369708e-02	3.053444917057237737e-02	7.783273691754478973e-02
1.231212519375269494e+03	2.441072709186892509e-01	1.578823055654312857e-01	2.601834542726140231e-01	1.552735674608960170e-01	7.406681540181170309e-02	3.057068454135141236e-02	7.791590183902935562e-02
1.233631404482097196e+03	2.437815252021526824e-01	1.576718661859438930e-01	2.604162607428753273e-01	1.554032289048604409e-01	7.412144279683290093e-02	3.060684462896610600e-02	7.799883153819173187e-02
1.236050289588924898e+03	2.434567052427396849e-01	1.574620131874582274e-01	2.606484126875713847e-01	1.555324987820294880e-01	7.417591395314687697e-02	3.064292948961763047e-02	7.808152665725974495e-02
1.238469174695752372e+03	2.431328084016119162e-01	1.572527449329763072e-01	2.608799119368955255e-01	1.556613783863888545e-01	7.423022932462325363e-02	3.067893918025658626e-02	7.816398783707068088e-02
1.240888059802580301e+03	2.428098320475244876e-01	1.570440597900716884e-01	2.611107603159207868e-01	1.557898690068553471e-01	7.428438936380540869e-02	3.071487375857570243e-02	7.824621571706971701e-02
1.243306944909407548e+03	2.424877735568035653e-01	1.568359561308767247e-01	2.613409596446147898e-01	1.559179719273027509e-01	7.433839452191420838e-02	3.075073328300257508e-02	7.832821093530856205e-02
1.245725830016235477e+03	2.421666303133240272e-01	1.566284323320698280e-01	2.615705117378538946e-01	1.560456884265873090e-01	7.439224524885176826e-02	3.078651781269245435e-02	7.840997412844386005e-02
1.248144715123063179e+03	2.418463997084873973e-01	1.564214867748628113e-01	2.617994184054374673e-01	1.561730197785732854e-01	7.444594199320514472e-02	3.082222740752106616e-02	7.849150593173598311e-02
1.250563600229890881e+03	2.415270791411995299e-01	1.562151178449880939e-01	2.620276814521020903e-01	1.562999672521581673e-01	7.449948520225010973e-02	3.085786212807751019e-02	7.857280697904765743e-02
1.252982485336718355e+03	2.412086660178487385e-01	1.560093239326861836e-01	2.622553026775356622e-01	1.564265321112978946e-01	7.455287532195475908e-02	3.089342203565718925e-02	7.865387790284275593e-02
1.255401370443546057e+03	2.408911577522835079e-01	1.558041034326930474e-01	2.624822838763916644e-01	1.565527156150317012e-01	7.460611279698334264e-02	3.092890719225478355e-02	7.873471933418511870e-02
1.257820255550373531e+03	2.405745517657907617e-01	1.555994547442276221e-01	2.627086268383033163e-01	1.566785190175069842e-01	7.465919807069981706e-02	3.096431766055728063e-02	7.881533190273749823e-02
1.260239140657201460e+03	2.402588454870739632e-01	1.553953762709791298e-01	2.629343333478972311e-01	1.568039435680038118e-01	7.471213158517164832e-02	3.099965350393706423e-02	7.889571623676046308e-02
1.262658025764028707e+03	2.399440363522311881e-01	1.551918664210947263e-01	2.631594051848080151e-01	1.569289905109595429e-01	7.476491378117339215e-02	3.103491478644502047e-02	7.897587296311145422e-02
1.265076910870856636e+03	2.396301218047334758e-01	1.549889236071670673e-01	2.633838441236918126e-01	1.570536610859930016e-01	7.481754509819041332e-02	3.107010157280372040e-02	7.905580270724385517e-02
1.267495795977684338e+03	2.393170992954031795e-01	1.547865462462216790e-01	2.636076519342405722e-01	1.571779565279286250e-01	7.487002597442249385e-02	3.110521392840062682e-02	7.913550609320614548e-02
1.269914681084511813e+03	2.390049662823923449e-01	1.545847327597049403e-01	2.638308303811955358e-01	1.573018780668204719e-01	7.492235684678752450e-02	3.114025191928137051e-02	7.921498374364109585e-02
1.272333566191339514e+03	2.386937202311611994e-01	1.543834815734713428e-01	2.640533812243615053e-01	1.574254269279760365e-01	7.497453815092515461e-02	3.117521561214304723e-02	7.929423627978499090e-02
1.274752451298167216e+03	2.383833586144564753e-01	1.541827911177713895e-01	2.642753062186205537e-01	1.575486043319798968e-01	7.502657032120033098e-02	3.121010507432759110e-02	7.937326432146697697e-02
1.277171336404994690e+03	2.380738789122903432e-01	1.539826598272392988e-01	2.644966071139456254e-01	1.576714114947173062e-01	7.507845379070701708e-02	3.124492037381515486e-02	7.945206848710843761e-02
1.279590221511822392e+03	2.377652786119187900e-01	1.537830861408807648e-01	2.647172856554144693e-01	1.577938496273973701e-01	7.513018899127175965e-02	3.127966157921757695e-02	7.953064939372238296e-02
1.282009106618650094e+03	2.374575552078205254e-01	1.535840685020606611e-01	2.649373435832234058e-01	1.579159199365764155e-01	7.518177635345726917e-02	3.131432875977185892e-02	7.960900765691296399e-02
1.284427991725477568e+03	2.371507062016756928e-01	1.533856053584909118e-01	2.651567826327008159e-01	1.580376236241809729e-01	7.523321630656606973e-02	3.134892198533371227e-02	7.968714389087500072e-02
1.286846876832305497e+03	2.368447291023446921e-01	1.531876951622183902e-01	2.653756045343207970e-01	1.581589618875306191e-01	7.528450927864403786e-02	3.138344132637114342e-02	7.976505870839353807e-02
1.289265761939132744e+03	2.365396214258471685e-01	1.529903363696127616e-01	2.655938110137168184e-01	1.582799359193608479e-01	7.533565569648398297e-02	3.141788685395806302e-02	7.984275272084354058e-02
1.291684647045960673e+03	2.362353806953410573e-01	1.527935274413544098e-01	2.658114037916953221e-01	1.584005469078456352e-01	7.538665598562926951e-02	3.145225863976797154e-02	7.992022653818947608e-02
1.294103532152788375e+03	2.359320044411015449e-01	1.525972668424223910e-01	2.660283845842492112e-01	1.585207960366197821e-01	7.543751057037731411e-02	3.148655675606767262e-02	7.999748076898521854e-02
1.296522417259616077e+03	2.356294902005001413e-01	1.524015530420824716e-01	2.662447551025712844e-01	1.586406844848013697e-01	7.548821987378317999e-02	3.152078127571100730e-02	8.007451602037370109e-02
1.298941302366443551e+03	2.353278355179840298e-01	1.522063845138750815e-01	2.664605170530676692e-01	1.587602134270138798e-01	7.553878431766308799e-02	3.155493227213269913e-02	8.015133289808677730e-02
1.301360187473271253e+03	2.350270379450551672e-01	1.520117597356034633e-01	2.666756721373712002e-01	1.588793840334081220e-01	7.558920432259794153e-02	3.158900981934215091e-02	8.022793200644517952e-02
1.303779072580098727e+03	2.347270950402496892e-01	1.518176771893215982e-01	2.668902220523549085e-01	1.589981974696842437e-01	7.563948030793694877e-02	3.162301399191737306e-02	8.030431394835842174e-02
1.306197957686926657e+03	2.344280043691171767e-01	1.516241353613225762e-01	2.671041684901453439e-01	1.591166548971134354e-01	7.568961269180098095e-02	3.165694486499887050e-02	8.038047932532475792e-02
1.308616842793753904e+03	2.341297635042002556e-01	1.514311327421265785e-01	2.673175131381357317e-01	1.592347574725594961e-01	7.573960189108623620e-02	3.169080251428364747e-02	8.045642873743123757e-02
1.311035727900581833e+03	2.338323700250139470e-01	1.512386678264690254e-01	2.675302576789993503e-01	1.593525063485002891e-01	7.578944832146763955e-02	3.172458701601921921e-02	8.053216278335377509e-02
1.313454613007409534e+03	2.335358215180253216e-01	1.510467391132889747e-01	2.677424037907025767e-01	1.594699026730491132e-01	7.583915239740240954e-02	3.175829844699762372e-02	8.060768206035728856e-02
1.315873498114237009e+03	2.332401155766331280e-01	1.508553451057172701e-01	2.679539531465182645e-01	1.595869475899757417e-01	7.588871453213348606e-02	3.179193688454958616e-02	8.068298716429585238e-02
1.318292383221064711e+03	2.329452498011474193e-01	1.506644843110648557e-01	2.681649074150387335e-01	1.597036422387277110e-01	7.593813513769299972e-02	3.182550240653860690e-02	8.075807868961291935e-02
1.320711268327892412e+03	2.326512217987693754e-01	1.504741552408110361e-01	2.683752682601892592e-01	1.598199877544510539e-01	7.598741462490581078e-02	3.185899509135514673e-02	8.083295722934157046e-02
1.323130153434719887e+03	2.323580291835710687e-01	1.502843564105920127e-01	2.685850373412404513e-01	1.599359852680111438e-01	7.603655340339292301e-02	3.189241501791086758e-02	8.090762337510483404e-02
1.325549038541547588e+03	2.320656695764753419e-01	1.500950863401890323e-01	2.687942163128218542e-01	1.600516359060133731e-01	7.608555188157489768e-02	3.192576226563287323e-02	8.098207771711599112e-02
1.327967923648375290e+03	2.317741406052358233e-01	1.499063435535169797e-01	2.690028068249346593e-01	1.601669407908234699e-01	7.613441046667539236e-02	3.195903691445799860e-02	8.105632084417899175e-02
1.330386808755202765e+03	2.314834399044168878e-01	1.497181265786127202e-01	2.692108105229648607e-01	1.602819010405882316e-01	7.618312956472451936e-02	3.199223904482718234e-02	8.113035334368887130e-02
1.332805693862030694e+03	2.311935651153736171e-01	1.495304339476237199e-01	2.694182290476961339e-01	1.603965177692554533e-01	7.623170958056228741e-02	3.202536873767982545e-02	8.120417580163222238e-02
1.335224578968857941e+03	2.309045138862320934e-01	1.493432641967964436e-01	2.696250640353225481e-01	1.605107920865943005e-01	7.628015091784202950e-02	3.205842607444821246e-02	8.127778880258766658e-02
1.337643464075685870e+03	2.306162838718694708e-01	1.491566158664649477e-01	2.698313171174615555e-01	1.606247250982150987e-01	7.632845397903383067e-02	3.209141113705197418e-02	8.135119292972643745e-02
1.340062349182513572e+03	2.303288727338942687e-01	1.489704875010393892e-01	2.700369899211667590e-01	1.607383179055894007e-01	7.637661916542791418e-02	3.212432400789258513e-02	8.142438876481296328e-02
1.342481234289341273e+03	2.300422781406266659e-01	1.487848776489948399e-01	2.702420840689408466e-01	1.608515716060695822e-01	7.642464687713799998e-02	3.215716476984788880e-02	8.149737688820547776e-02
1.344900119396168748e+03	2.297564977670788766e-01	1.485997848628596851e-01	2.704466011787480806e-01	1.609644872929085202e-01	7.647253751310476022e-02	3.218993350626667832e-02	8.157015787885665836e-02
1.347319004502996449e+03	2.294715292949355279e-01	1.484152076992044933e-01	2.706505428640271216e-01	1.610770660552792166e-01	7.652029147109913609e-02	3.222263030096333275e-02	8.164273231431437572e-02
1.349737889609823924e+03	2.291873704125342581e-01	1.482311447186305531e-01	2.708539107337039065e-01	1.611893089782939492e-01	7.656790914772572398e-02	3.225525523821242552e-02	8.171510077072238754e-02
1.352156774716651853e+03	2.289040188148461219e-01	1.480475944857587989e-01	2.710567063922038056e-01	1.613012171430236730e-01	7.661539093842618942e-02	3.228780840274343700e-02	8.178726382282111573e-02
1.354575659823479100e+03	2.286214722034562996e-01	1.478645555692183755e-01	2.712589314394647233e-01	1.614127916265171436e-01	7.666273723748254221e-02	3.232028987973548789e-02	8.185922204394849300e-02
1.356994544930307029e+03	2.283397282865447242e-01	1.476820265416356748e-01	2.714605874709494215e-01	1.615240335018199302e-01	7.670994843802052265e-02	3.235269975481209342e-02	8.193097600604069830e-02
1.359413430037134731e+03	2.280587847788667910e-01	1.475000059796230112e-01	2.716616760776578987e-01	1.616349438379932890e-01	7.675702493201291832e-02	3.238503811403595917e-02	8.200252627963318386e-02
1.361832315143962205e+03	2.277786394017342064e-01	1.473184924637674920e-01	2.718621988461402683e-01	1.617455237001328983e-01	7.680396711028292245e-02	3.241730504390382545e-02	8.207387343386146616e-02
1.364251200250789907e+03	2.274992898829956978e-01	1.471374845786199703e-01	2.720621573585089159e-01	1.618557741493876212e-01	7.685077536250742303e-02	3.244950063134134643e-02	8.214501803646209743e-02
1.366670085357617609e+03	2.272207339570180840e-01	1.469569809126838877e-01	2.722615531924509336e-01	1.619656962429780744e-01	7.689745007722034731e-02	3.248162496369800395e-02	8.221596065377367868e-02
1.369088970464445310e+03	2.269429693646671242e-01	1.467769800584044493e-01	2.724603879212407209e-01	1.620752910342148911e-01	7.694399164181593698e-02	3.251367812874202817e-02	8.228670185073784504e-02
1.371507855571272785e+03	2.266659938532885887e-01	1.465974806121572438e-01	2.726586631137521977e-01	1.621845595725172062e-01	7.699040044255202331e-02	3.254566021465540859e-02	8.235724219090029274e-02
1.373926740678100487e+03	2.263898051766892738e-01	1.464184811742376413e-01	2.728563803344710714e-01	1.622935029034307530e-01	7.703667686455339947e-02	3.257757131002892576e-02	8.242758223641186155e-02
1.376345625784927961e+03	2.261144010951181560e-01	1.462399803488496353e-01	2.730535411435072723e-01	1.624021220686460432e-01	7.708282129181502629e-02	3.260941150385715526e-02	8.249772254802967275e-02
1.378764510891755890e+03	2.258397793752476013e-01	1.460619767440949068e-01	2.732501470966069990e-01	1.625104181060162967e-01	7.712883410720527966e-02	3.264118088553361052e-02	8.256766368511822551e-02
1.381183395998583137e+03	2.255659377901546858e-01	1.458844689719621113e-01	2.734461997451651527e-01	1.626183920495752888e-01	7.717471569246930896e-02	3.267287954484582313e-02	8.263740620565056261e-02
1.383602281105411066e+03	2.252928741193022666e-01	1.457074556483157757e-01	2.736417006362374948e-01	1.627260449295551692e-01	7.722046642823222895e-02	3.270450757197055497e-02	8.270695066620947777e-02
1.386021166212238768e+03	2.250205861485206071e-01	1.455309353928857241e-01	2.738366513125525259e-01	1.628333777724040587e-01	7.726608669400238105e-02	3.273606505746895490e-02	8.277629762198876473e-02
1.388440051319066470e+03	2.247490716699886704e-01	1.453549068292561142e-01	2.740310533125239201e-01	1.629403916008036191e-01	7.731157686817452523e-02	3.276755209228177784e-02	8.284544762679442453e-02
1.390858936425893944e+03	2.244783284822156055e-01	1.451793685848546678e-01	2.742249081702624047e-01	1.630470874336864828e-01	7.735693732803318456e-02	3.279896876772470105e-02	8.291440123304597010e-02
1.393277821532721646e+03	2.242083543900222631e-01	1.450043192909420686e-01	2.744182174155880283e-01	1.631534662862536011e-01	7.740216844975575383e-02	3.283031517548357092e-02	8.298315899177773070e-02
1.395696706639549120e+03	2.239391472045228204e-01	1.448297575826010819e-01	2.746109825740419841e-01	1.632595291699914242e-01	7.744727060841577471e-02	3.286159140760976788e-02	8.305172145264021200e-02
1.398115591746377049e+03	2.236707047431063800e-01	1.446556820987260072e-01	2.748032051668985454e-01	1.633652770926890263e-01	7.749224417798611375e-02	3.289279755651553644e-02	8.312008916390141444e-02
1.400534476853204296e+03	2.234030248294187893e-01	1.444820914820119928e-01	2.749948867111771111e-01	1.634707110584551759e-01	7.753708953134219595e-02	3.292393371496942639e-02	8.318826267244827655e-02
1.402953361960032225e+03	2.231361052933441835e-01	1.443089843789444326e-01	2.751860287196543631e-01	1.635758320677351829e-01	7.758180704026512720e-02	3.295499997609169229e-02	8.325624252378804879e-02
1.405372247066859927e+03	2.228699439709870000e-01	1.441363594397882808e-01	2.753766327008755344e-01	1.636806411173277187e-01	7.762639707544495560e-02	3.298599643334978321e-02	8.332402926204977855e-02
1.407791132173687402e+03	2.226045387046536872e-01	1.439642153185776985e-01	2.755667001591667331e-01	1.637851392004015527e-01	7.767086000648382171e-02	3.301692318055381853e-02	8.339162342998576727e-02
1.410210017280515103e+03	2.223398873428347744e-01	1.437925506731052572e-01	2.757562325946467108e-01	1.638893273065121503e-01	7.771519620189906719e-02	3.304778031185213322e-02	8.345902556897301372e-02
1.412628902387342805e+03	2.220759877401867199e-01	1.436213641649116690e-01	2.759452315032385195e-01	1.639932064216180763e-01	7.775940602912648214e-02	3.307856792172685079e-02	8.352623621901482387e-02
1.415047787494170507e+03	2.218128377575139809e-01	1.434506544592752675e-01	2.761336983766812248e-01	1.640967775280975649e-01	7.780348985452341382e-02	3.310928610498944241e-02	8.359325591874226802e-02
1.417466672600997981e+03	2.215504352617511663e-01	1.432804202252014047e-01	2.763216347025417852e-01	1.642000416047647293e-01	7.784744804337186130e-02	3.313993495677639706e-02	8.366008520541580451e-02
1.419885557707825683e+03	2.212887781259450792e-01	1.431106601354122376e-01	2.765090419642266539e-01	1.643029996268857706e-01	7.789128095988169520e-02	3.317051457254484997e-02	8.372672461492684792e-02
1.422304442814653157e+03	2.210278642292369533e-01	1.429413728663362915e-01	2.766959216409933808e-01	1.644056525661951040e-01	7.793498896719372460e-02	3.320102504806829447e-02	8.379317468179939277e-02
1.424723327921481086e+03	2.207676914568447168e-01	1.427725570980980796e-01	2.768822752079622140e-01	1.645080013909114014e-01	7.797857242738284733e-02	3.323146647943230059e-02	8.385943593919163719e-02
1.427142213028308333e+03	2.205082577000452848e-01	1.426042115145077227e-01	2.770681041361277575e-01	1.646100470657534398e-01	7.802203170146111699e-02	3.326183896303024079e-02	8.392550891889764830e-02
1.429561098135136262e+03	2.202495608561568508e-01	1.424363348030508181e-01	2.772534098923704615e-01	1.647117905519559777e-01	7.806536714938090704e-02	3.329214259555911964e-02	8.399139415134906916e-02
1.431979983241963964e+03	2.199915988285214286e-01	1.422689256548780312e-01	2.774381939394682806e-01	1.648132328072854924e-01	7.810857913003795006e-02	3.332237747401536887e-02	8.405709216561677022e-02
1.434398868348791666e+03	2.197343695264871444e-01	1.421019827647948264e-01	2.776224577361078305e-01	1.649143747860557785e-01	7.815166800127444635e-02	3.335254369569068400e-02	8.412260348941261179e-02
1.436817753455619140e+03	2.194778708653908894e-01	1.419355048312514467e-01	2.778062027368962683e-01	1.650152174391435189e-01	7.819463411988213097e-02	3.338264135816791656e-02	8.418792864909119267e-02
1.439236638562446842e+03	2.192221007665408339e-01	1.417694905563325614e-01	2.779894303923723387e-01	1.651157617140037170e-01	7.823747784160534069e-02	3.341267055931696622e-02	8.425306816965158485e-02
1.441655523669274316e+03	2.189670571571990521e-01	1.416039386457471905e-01	2.781721421490180313e-01	1.652160085546850454e-01	7.828019952114412261e-02	3.344263139729073547e-02	8.431802257473913764e-02
1.444074408776102018e+03	2.187127379705642027e-01	1.414388478088185463e-01	2.783543394492697942e-01	1.653159589018451670e-01	7.832279951215723179e-02	3.347252397052109807e-02	8.438279238664729565e-02
1.446493293882929493e+03	2.184591411457542376e-01	1.412742167584738751e-01	2.785360237315299137e-01	1.654156136927658338e-01	7.836527816726518436e-02	3.350234837771486757e-02	8.444737812631938900e-02
1.448912178989757422e+03	2.182062646277891649e-01	1.411100442112346309e-01	2.787171964301777272e-01	1.655149738613680421e-01	7.840763583805329673e-02	3.353210471784986296e-02	8.451178031335052077e-02
1.451331064096585123e+03	2.179541063675739521e-01	1.409463288872061515e-01	2.788978589755810034e-01	1.656140403382270199e-01	7.844987287507475260e-02	3.356179309017094659e-02	8.457599946598941265e-02
1.453749949203412370e+03	2.177026643218813173e-01	1.407830695100677487e-01	2.790780127941070998e-01	1.657128140505870761e-01	7.849198962785358669e-02	3.359141359418608974e-02	8.464003610114029241e-02
1.456168834310240300e+03	2.174519364533347432e-01	1.406202648070628558e-01	2.792576593081342318e-01	1.658112959223764782e-01	7.853398644488768232e-02	3.362096632966251469e-02	8.470389073436476735e-02
1.458587719417068001e+03	2.172019207303913790e-01	1.404579135089888409e-01	2.794367999360624077e-01	1.659094868742222173e-01	7.857586367365185231e-02	3.365045139662283663e-02	8.476756387988376718e-02
1.461006604523895703e+03	2.169526151273251380e-01	1.402960143501872925e-01	2.796154360923248650e-01	1.660073878234645806e-01	7.861762166060075330e-02	3.367986889534122646e-02	8.483105605057952858e-02
1.463425489630723177e+03	2.167040176242097105e-01	1.401345660685339445e-01	2.797935691873989494e-01	1.661049996841718057e-01	7.865926075117191107e-02	3.370921892633960137e-02	8.489436775799742707e-02
1.465844374737550879e+03	2.164561262069018277e-01	1.399735674054289336e-01	2.799712006278173848e-01	1.662023233671545142e-01	7.870078128978870435e-02	3.373850159038387780e-02	8.495749951234807251e-02
1.468263259844378354e+03	2.162089388670243584e-01	1.398130171057868631e-01	2.801483318161792635e-01	1.662993597799800327e-01	7.874218361986334846e-02	3.376771698848021058e-02	8.502045182250921040e-02
1.470682144951206283e+03	2.159624536019495722e-01	1.396529139180270607e-01	2.803249641511609269e-01	1.663961098269868544e-01	7.878346808379982358e-02	3.379686522187127368e-02	8.508322519602778966e-02
1.473101030058033530e+03	2.157166684147824032e-01	1.394932565940638081e-01	2.805010990275269012e-01	1.664925744092987381e-01	7.882463502299688618e-02	3.382594639203259645e-02	8.514582013912193326e-02
1.475519915164861459e+03	2.154715813143437964e-01	1.393340438892964050e-01	2.806767378361412768e-01	1.665887544248389474e-01	7.886568477785095566e-02	3.385496060066887913e-02	8.520823715668300602e-02
1.477938800271689161e+03	2.152271903151542209e-01	1.391752745625996490e-01	2.808518819639780340e-01	1.666846507683442391e-01	7.890661768775913965e-02	3.388390794971037068e-02	8.527047675227764079e-02
1.480357685378516862e+03	2.149834934374168782e-01	1.390169473763140096e-01	2.810265327941323110e-01	1.667802643313788802e-01	7.894743409112205124e-02	3.391278854130926057e-02	8.533253942814984783e-02
1.482776570485344337e+03	2.147404887070014090e-01	1.388590610962359417e-01	2.812006917058312294e-01	1.668755960023485529e-01	7.898813432534688983e-02	3.394160247783610529e-02	8.539442568522305488e-02
