1.001418434226643626e+03	2.796850653028240541e-01	1.808201298679026070e-01	2.347885225962761946e-01	1.409570355470893821e-01	6.809608980780806897e-02	2.678173326992522307e-02	6.887142360799700103e-02
1.002869765290740247e+03	2.794287423316003105e-01	1.806554798367550896e-01	2.349710989340273448e-01	1.410612538517860837e-01	6.813917717044663813e-02	2.680776749014535457e-02	6.893648038506168529e-02
1.004321096354836754e+03	2.791728572072831871e-01	1.804911052673131011e-01	2.351533675875297491e-01	1.411652767543517817e-01	6.818219018982440982e-02	2.683377442670966881e-02	6.900142856681064363e-02
1.005772427418933376e+03	2.789174091780817211e-01	1.803270056980188496e-01	2.353353290732166925e-01	1.412691046718170529e-01	6.822512899593917435e-02	2.685975406776327373e-02	6.906626831498580144e-02
1.007223758483029997e+03	2.786623974935149572e-01	1.801631806680882020e-01	2.355169839066540427e-01	1.413727380200935635e-01	6.826799371855754583e-02	2.688570640167101122e-02	6.913099979124322225e-02
1.008675089547126618e+03	2.784078214044094501e-01	1.799996297175094073e-01	2.356983326025417769e-01	1.414761772139780938e-01	6.831078448721558671e-02	2.691163141701640241e-02	6.919562315715177547e-02
1.010126420611223239e+03	2.781536801628969879e-01	1.798363523870418479e-01	2.358793756747153691e-01	1.415794226671564793e-01	6.835350143121927957e-02	2.693752910260058947e-02	6.926013857419192898e-02
1.011577751675319632e+03	2.778999730224122056e-01	1.796733482182145680e-01	2.360601136361472063e-01	1.416824747922075522e-01	6.839614467964513778e-02	2.696339944744129136e-02	6.932454620375450016e-02
1.013029082739416367e+03	2.776466992376901977e-01	1.795106167533251640e-01	2.362405469989481144e-01	1.417853340006069995e-01	6.843871436134071895e-02	2.698924244077176640e-02	6.938884620713946239e-02
1.014480413803512761e+03	2.773938580647640761e-01	1.793481575354384239e-01	2.364206762743688295e-01	1.418880007027313317e-01	6.848121060492518009e-02	2.701505807203978191e-02	6.945303874555472379e-02
1.015931744867609382e+03	2.771414487609629718e-01	1.791859701083849399e-01	2.366005019728013581e-01	1.419904753078617132e-01	6.852363353878980490e-02	2.704084633090657677e-02	6.951712398011494765e-02
1.017383075931706003e+03	2.768894705849092586e-01	1.790240540167600536e-01	2.367800246037804757e-01	1.420927582241878206e-01	6.856598329109853118e-02	2.706660720724582067e-02	6.958110207184034501e-02
1.018834406995802851e+03	2.766379227965163334e-01	1.788624088059223571e-01	2.369592446759851423e-01	1.421948498588117560e-01	6.860825998978843654e-02	2.709234069114261137e-02	6.964497318165559225e-02
1.020285738059899245e+03	2.763868046569865067e-01	1.787010340219925830e-01	2.371381626972400014e-01	1.422967506177518215e-01	6.865046376257032124e-02	2.711804677289244778e-02	6.970873747038854040e-02
1.021737069123995752e+03	2.761361154288085040e-01	1.785399292118521331e-01	2.373167791745167399e-01	1.423984609059463502e-01	6.869259473692915230e-02	2.714372544300020645e-02	6.977239509876921597e-02
1.023188400188092373e+03	2.758858543757549686e-01	1.783790939231419959e-01	2.374950946139355312e-01	1.424999811272574801e-01	6.873465304012461863e-02	2.716937669217912854e-02	6.983594622742855806e-02
1.024639731252188767e+03	2.756360207628804071e-01	1.782185277042613591e-01	2.376731095207665623e-01	1.426013116844750961e-01	6.877663879919158896e-02	2.719500051134983443e-02	6.989939101689743306e-02
1.026091062316285615e+03	2.753866138565187471e-01	1.780582301043663884e-01	2.378508243994313376e-01	1.427024529793203544e-01	6.881855214094066697e-02	2.722059689163929333e-02	6.996272962760548275e-02
1.027542393380382237e+03	2.751376329242811725e-01	1.778982006733689503e-01	2.380282397535042338e-01	1.428034054124496244e-01	6.886039319195859376e-02	2.724616582437984491e-02	7.002596221987993086e-02
1.028993724444478858e+03	2.748890772350535694e-01	1.777384389619352523e-01	2.382053560857137486e-01	1.429041693834581517e-01	6.890216207860881681e-02	2.727170730110818272e-02	7.008908895394465322e-02
1.030445055508575479e+03	2.746409460589943619e-01	1.775789445214847884e-01	2.383821738979440830e-01	1.430047452908838335e-01	6.894385892703190633e-02	2.729722131356438278e-02	7.015210998991899816e-02
1.031896386572671872e+03	2.743932386675322910e-01	1.774197169041888678e-01	2.385586936912365563e-01	1.431051335322109375e-01	6.898548386314609648e-02	2.732270785369091126e-02	7.021502548781678732e-02
1.033347717636768493e+03	2.741459543333639171e-01	1.772607556629694214e-01	2.387349159657908837e-01	1.432053345038736547e-01	6.902703701264772951e-02	2.734816691363162883e-02	7.027783560754524705e-02
1.034799048700865114e+03	2.738990923304515102e-01	1.771020603514978087e-01	2.389108412209667576e-01	1.433053486012599853e-01	6.906851850101171364e-02	2.737359848573082260e-02	7.034054050890393983e-02
1.036250379764961508e+03	2.736526519340206076e-01	1.769436305241934571e-01	2.390864699552851802e-01	1.434051762187152357e-01	6.910992845349199498e-02	2.739900256253223476e-02	7.040314035158382056e-02
1.037701710829058356e+03	2.734066324205580156e-01	1.767854657362226967e-01	2.392618026664298514e-01	1.435048177495457655e-01	6.915126699512204322e-02	2.742437913677807371e-02	7.046563529516611246e-02
1.039153041893154750e+03	2.731610330678092002e-01	1.766275655434974279e-01	2.394368398512486118e-01	1.436042735860225406e-01	6.919253425071528185e-02	2.744972820140806694e-02	7.052802549912140506e-02
1.040604372957251599e+03	2.729158531547761779e-01	1.764699295026739279e-01	2.396115820057549139e-01	1.437035441193848795e-01	6.923373034486550448e-02	2.747504974955848611e-02	7.059031112280858555e-02
1.042055704021347992e+03	2.726710919617152951e-01	1.763125571711516570e-01	2.397860296251290990e-01	1.438026297398439513e-01	6.927485540194744384e-02	2.750034377456118603e-02	7.065249232547390901e-02
1.043507035085444613e+03	2.724267487701347856e-01	1.761554481070718159e-01	2.399601832037198401e-01	1.439015308365863277e-01	6.931590954611709099e-02	2.752561026994264706e-02	7.071456926624997141e-02
1.044958366149541234e+03	2.721828228627928836e-01	1.759986018693163456e-01	2.401340432350455578e-01	1.440002477977777029e-01	6.935689290131222262e-02	2.755084922942303491e-02	7.077654210415479374e-02
1.046409697213637855e+03	2.719393135236950476e-01	1.758420180175064573e-01	2.403076102117958635e-01	1.440987810105663347e-01	6.939780559125278969e-02	2.757606064691523265e-02	7.083841099809086439e-02
1.047861028277734476e+03	2.716962200380920733e-01	1.756856961120016325e-01	2.404808846258328914e-01	1.441971308610865699e-01	6.943864773944140312e-02	2.760124451652391786e-02	7.090017610684413996e-02
1.049312359341831097e+03	2.714535416924778177e-01	1.755296357138981245e-01	2.406538669681926590e-01	1.442952977344625076e-01	6.947941946916373623e-02	2.762640083254460505e-02	7.096183758908321260e-02
1.050763690405927491e+03	2.712112777745868120e-01	1.753738363850279314e-01	2.408265577290865933e-01	1.443932820148113583e-01	6.952012090348892726e-02	2.765152958946271236e-02	7.102339560335829693e-02
1.052215021470024112e+03	2.709694275733922630e-01	1.752182976879575194e-01	2.409989573979027522e-01	1.444910840852470513e-01	6.956075216527007887e-02	2.767663078195263526e-02	7.108485030810035576e-02
1.053666352534120733e+03	2.707279903791035558e-01	1.750630191859864626e-01	2.411710664632073231e-01	1.445887043278836770e-01	6.960131337714463295e-02	2.770170440487680630e-02	7.114620186162021187e-02
1.055117683598217127e+03	2.704869654831642545e-01	1.749080004431463886e-01	2.413428854127459278e-01	1.446861431238389006e-01	6.964180466153481464e-02	2.772675045328477569e-02	7.120745042210764597e-02
1.056569014662313975e+03	2.702463521782496048e-01	1.747532410241995904e-01	2.415144147334451208e-01	1.447834008532375982e-01	6.968222614064803477e-02	2.775176892241228502e-02	7.126859614763049466e-02
1.058020345726410369e+03	2.700061497582647019e-01	1.745987404946379717e-01	2.416856549114136110e-01	1.448804778952150207e-01	6.972257793647730628e-02	2.777675980768034777e-02	7.132963919613377612e-02
1.059471676790506763e+03	2.697663575183419926e-01	1.744444984206816873e-01	2.418566064319437603e-01	1.449773746279204578e-01	6.976286017080166046e-02	2.780172310469435082e-02	7.139057972543888519e-02
1.060923007854603611e+03	2.695269747548390549e-01	1.742905143692779490e-01	2.420272697795129158e-01	1.450740914285205962e-01	6.980307296518657723e-02	2.782665880924311066e-02	7.145141789324264969e-02
1.062374338918700232e+03	2.692880007653365992e-01	1.741367879080998327e-01	2.421976454377846866e-01	1.451706286732028228e-01	6.984321644098438753e-02	2.785156691729799572e-02	7.151215385711653938e-02
1.063825669982796853e+03	2.690494348486361376e-01	1.739833186055451120e-01	2.423677338896105260e-01	1.452669867371786105e-01	6.988329071933464809e-02	2.787644742501200687e-02	7.157278777450580554e-02
1.065277001046893474e+03	2.688112763047577070e-01	1.738301060307349544e-01	2.425375356170308971e-01	1.453631659946870991e-01	6.992329592116459935e-02	2.790130032871887544e-02	7.163331980272870381e-02
1.066728332110990095e+03	2.685735244349379824e-01	1.736771497535126441e-01	2.427070511012767717e-01	1.454591668189981479e-01	6.996323216718949856e-02	2.792612562493217501e-02	7.169375009897560602e-02
1.068179663175086489e+03	2.683361785416276124e-01	1.735244493444425828e-01	2.428762808227709347e-01	1.455549895824158613e-01	7.000309957791311932e-02	2.795092331034442282e-02	7.175407882030825080e-02
1.069630994239183110e+03	2.680992379284896088e-01	1.733720043748089856e-01	2.430452252611292607e-01	1.456506346562818910e-01	7.004289827362801535e-02	2.797569338182618812e-02	7.181430612365889699e-02
1.071082325303279504e+03	2.678627019003966270e-01	1.732198144166145481e-01	2.432138848951622412e-01	1.457461024109787118e-01	7.008262837441602000e-02	2.800043583642520748e-02	7.187443216582956040e-02
1.072533656367376352e+03	2.676265697634291341e-01	1.730678790425794200e-01	2.433822602028761772e-01	1.458413932159328963e-01	7.012229000014860714e-02	2.802515067136550700e-02	7.193445710349120892e-02
1.073984987431472746e+03	2.673908408248731328e-01	1.729161978261398724e-01	2.435503516614746788e-01	1.459365074396184736e-01	7.016188327048727968e-02	2.804983788404651068e-02	7.199438109318301304e-02
1.075436318495569594e+03	2.671555143932180520e-01	1.727647703414471603e-01	2.437181597473599137e-01	1.460314454495601766e-01	7.020140830488395822e-02	2.807449747204217305e-02	7.205420429131156879e-02
1.076887649559666215e+03	2.669205897781544712e-01	1.726135961633663840e-01	2.438856849361339674e-01	1.461262076123365783e-01	7.024086522258135568e-02	2.809912943310010486e-02	7.211392685415013437e-02
1.078338980623762609e+03	2.666860662905720658e-01	1.724626748674751853e-01	2.440529277026002586e-01	1.462207942935835059e-01	7.028025414261339365e-02	2.812373376514070572e-02	7.217354893783788083e-02
1.079790311687859230e+03	2.664519432425574430e-01	1.723120060300625256e-01	2.442198885207647330e-01	1.463152058579972048e-01	7.031957518380554939e-02	2.814831046625629676e-02	7.223307069837917038e-02
1.081241642751955851e+03	2.662182199473920319e-01	1.721615892281276872e-01	2.443865678638373895e-01	1.464094426693375028e-01	7.035882846477528596e-02	2.817285953471024978e-02	7.229249229164280699e-02
1.082692973816052472e+03	2.659848957195498076e-01	1.720114240393788019e-01	2.445529662042335295e-01	1.465035050904310576e-01	7.039801410393235759e-02	2.819738096893614765e-02	7.235181387336131476e-02
1.084144304880149093e+03	2.657519698746951264e-01	1.718615100422319353e-01	2.447190840135750334e-01	1.465973934831745207e-01	7.043713221947923986e-02	2.822187476753690999e-02	7.241103559913021626e-02
1.085595635944245487e+03	2.655194417296808940e-01	1.717118468158096989e-01	2.448849217626918040e-01	1.466911082085377294e-01	7.047618292941149054e-02	2.824634092928395013e-02	7.247015762440733866e-02
1.087046967008342108e+03	2.652873106025461780e-01	1.715624339399402232e-01	2.450504799216230711e-01	1.467846496265668155e-01	7.051516635151816592e-02	2.827077945311632853e-02	7.252918010451210595e-02
1.088498298072438729e+03	2.650555758125140438e-01	1.714132709951558531e-01	2.452157589596186404e-01	1.468780180963874249e-01	7.055408260338211224e-02	2.829519033813989934e-02	7.258810319462483118e-02
1.089949629136535123e+03	2.648242366799896663e-01	1.712643575626920101e-01	2.453807593451403368e-01	1.469712139762078262e-01	7.059293180238038201e-02	2.831957358362647420e-02	7.264692704978607807e-02
1.091400960200631971e+03	2.645932925265579994e-01	1.711156932244860263e-01	2.455454815458631979e-01	1.470642376233220194e-01	7.063171406568460875e-02	2.834392918901297923e-02	7.270565182489592548e-02
1.092852291264728365e+03	2.643627426749817211e-01	1.709672775631759511e-01	2.457099260286770004e-01	1.471570893941127889e-01	7.067042951026138164e-02	2.836825715390062230e-02	7.276427767471335684e-02
1.094303622328825213e+03	2.641325864491991249e-01	1.708191101620993579e-01	2.458740932596873152e-01	1.472497696440548676e-01	7.070907825287255088e-02	2.839255747805406391e-02	7.282280475385553842e-02
1.095754953392921607e+03	2.639028231743220654e-01	1.706711906052922056e-01	2.460379837042170892e-01	1.473422787277180179e-01	7.074766041007567174e-02	2.841683016140058096e-02	7.288123321679718103e-02
1.097206284457018228e+03	2.636734521766338490e-01	1.705235184774877011e-01	2.462015978268077276e-01	1.474346169987699740e-01	7.078617609822432377e-02	2.844107520402924805e-02	7.293956321786995711e-02
1.098657615521114849e+03	2.634444727835871247e-01	1.703760933641149944e-01	2.463649360912206210e-01	1.475267848099797441e-01	7.082462543346847161e-02	2.846529260619011167e-02	7.299779491126177910e-02
1.100108946585211470e+03	2.632158843238016632e-01	1.702289148512981798e-01	2.465279989604382826e-01	1.476187825132203590e-01	7.086300853175483971e-02	2.848948236829337149e-02	7.305592845101621657e-02
1.101560277649308091e+03	2.629876861270623589e-01	1.700819825258550189e-01	2.466907868966657369e-01	1.477106104594720914e-01	7.090132550882727314e-02	2.851364449090855804e-02	7.311396399103185784e-02
1.103011608713404712e+03	2.627598775243173423e-01	1.699352959752958026e-01	2.468533003613318788e-01	1.478022689988254257e-01	7.093957648022709839e-02	2.853777897476373476e-02	7.317190168506167158e-02
1.104462939777501106e+03	2.625324578476754822e-01	1.697888547878222132e-01	2.470155398150906956e-01	1.478937584804840000e-01	7.097776156129344260e-02	2.856188582074467922e-02	7.322974168671245176e-02
1.105914270841597499e+03	2.623054264304047756e-01	1.696426585523261588e-01	2.471775057178225155e-01	1.479850792527676873e-01	7.101588086716363601e-02	2.858596502989407123e-02	7.328748414944413758e-02
1.107365601905694348e+03	2.620787826069299054e-01	1.694967068583886072e-01	2.473391985286355343e-01	1.480762316631154263e-01	7.105393451277351724e-02	2.861001660341069841e-02	7.334512922656928613e-02
1.108816932969790741e+03	2.618525257128303529e-01	1.693509992962784205e-01	2.475006187058668150e-01	1.481672160580884412e-01	7.109192261285784964e-02	2.863404054264866161e-02	7.340267707125246177e-02
1.110268264033887590e+03	2.616266550848382333e-01	1.692055354569511616e-01	2.476617667070838968e-01	1.482580327833728506e-01	7.112984528195061273e-02	2.865803684911656310e-02	7.346012783650965328e-02
1.111719595097984211e+03	2.614011700608364075e-01	1.690603149320480947e-01	2.478226429890858229e-01	1.483486821837828318e-01	7.116770263438537691e-02	2.868200552447671900e-02	7.351748167520767707e-02
1.113170926162080832e+03	2.611760699798562069e-01	1.689153373138949088e-01	2.479832480079045276e-01	1.484391646032635625e-01	7.120549478429567813e-02	2.870594657054437518e-02	7.357473874006366377e-02
1.114622257226177226e+03	2.609513541820755456e-01	1.687706021955004965e-01	2.481435822188061968e-01	1.485294803848940526e-01	7.124322184561530935e-02	2.872985998928691276e-02	7.363189918364440589e-02
1.116073588290273847e+03	2.607270220088167556e-01	1.686261091705560378e-01	2.483036460762925168e-01	1.486196298708899743e-01	7.128088393207870910e-02	2.875374578282306401e-02	7.368896315836589994e-02
1.117524919354370468e+03	2.605030728025446440e-01	1.684818578334336403e-01	2.484634400341018123e-01	1.487096134026066330e-01	7.131848115722130843e-02	2.877760395342213173e-02	7.374593081649276349e-02
1.118976250418467089e+03	2.602795059068643835e-01	1.683378477791852845e-01	2.486229645452106285e-01	1.487994313205419361e-01	7.135601363437983624e-02	2.880143450350321904e-02	7.380280231013766623e-02
1.120427581482563710e+03	2.600563206665194582e-01	1.681940786035417690e-01	2.487822200618347301e-01	1.488890839643390585e-01	7.139348147669272171e-02	2.882523743563443486e-02	7.385957779126081646e-02
1.121878912546660331e+03	2.598335164273896103e-01	1.680505499029113781e-01	2.489412070354305728e-01	1.489785716727894116e-01	7.143088479710039962e-02	2.884901275253215144e-02	7.391625741166947539e-02
1.123330243610756725e+03	2.596110925364890076e-01	1.679072612743789106e-01	2.490999259166964130e-01	1.490678947838354751e-01	7.146822370834562954e-02	2.887276045706020644e-02	7.397284132301733262e-02
1.124781574674853118e+03	2.593890483419640791e-01	1.677642123157044307e-01	2.492583771555737515e-01	1.491570536345736275e-01	7.150549832297389830e-02	2.889648055222914999e-02	7.402932967680407594e-02
1.126232905738949967e+03	2.591673831930913496e-01	1.676214026253222689e-01	2.494165612012484434e-01	1.492460485612568388e-01	7.154270875333371138e-02	2.892017304119548840e-02	7.408572262437489175e-02
1.127684236803046360e+03	2.589460964402756082e-01	1.674788318023398004e-01	2.495744785021521139e-01	1.493348798992976956e-01	7.157985511157693992e-02	2.894383792726090351e-02	7.414202031691986827e-02
1.129135567867143209e+03	2.587251874350479097e-01	1.673364994465363353e-01	2.497321295059633794e-01	1.494235479832709823e-01	7.161693750965919536e-02	2.896747521387152066e-02	7.419822290547360699e-02
1.130586898931239830e+03	2.585046555300635207e-01	1.671944051583619251e-01	2.498895146596090411e-01	1.495120531469165404e-01	7.165395605934009315e-02	2.899108490461713844e-02	7.425433054091468144e-02
1.132038229995336451e+03	2.582845000790998657e-01	1.670525485389363352e-01	2.500466344092653892e-01	1.496003957231420989e-01	7.169091087218364133e-02	2.901466700323048278e-02	7.431034337396512368e-02
1.133489561059432845e+03	2.580647204370544734e-01	1.669109291900478798e-01	2.502034892003595634e-01	1.496885760440259117e-01	7.172780205955860133e-02	2.903822151358645756e-02	7.436626155519000803e-02
1.134940892123529466e+03	2.578453159599431443e-01	1.667695467141523391e-01	2.503600794775707183e-01	1.497765944408195882e-01	7.176462973263875167e-02	2.906174843970140906e-02	7.442208523499693751e-02
1.136392223187626087e+03	2.576262860048978420e-01	1.666284007143717938e-01	2.505164056848312448e-01	1.498644512439507581e-01	7.180139400240327652e-02	2.908524778573235922e-02	7.447781456363559982e-02
1.137843554251722708e+03	2.574076299301647497e-01	1.664874907944935423e-01	2.506724682653280190e-01	1.499521467830258192e-01	7.183809497963705715e-02	2.910871955597630137e-02	7.453344969119725383e-02
1.139294885315819101e+03	2.571893470951023275e-01	1.663468165589689352e-01	2.508282676615039009e-01	1.500396813868326573e-01	7.187473277493104662e-02	2.913216375486942997e-02	7.458899076761438263e-02
1.140746216379915950e+03	2.569714368601791477e-01	1.662063776129123205e-01	2.509838043150586784e-01	1.501270553833433941e-01	7.191130749868258898e-02	2.915558038698643287e-02	7.464443794266015231e-02
1.142197547444012343e+03	2.567538985869721735e-01	1.660661735620998780e-01	2.511390786669503439e-01	1.502142690997168850e-01	7.194781926109568293e-02	2.917896945703974537e-02	7.469979136594799562e-02
1.143648878508108737e+03	2.565367316381645391e-01	1.659262040129685367e-01	2.512940911573965930e-01	1.503013228623016062e-01	7.198426817218143980e-02	2.920233096987883206e-02	7.475505118693118178e-02
1.145100209572205586e+03	2.563199353775437173e-01	1.657864685726148923e-01	2.514488422258758238e-01	1.503882169966381799e-01	7.202065434175830561e-02	2.922566493048945474e-02	7.481021755490235847e-02
1.146551540636302207e+03	2.561035091699995769e-01	1.656469668487940694e-01	2.516033323111284692e-01	1.504749518274621223e-01	7.205697787945242183e-02	2.924897134399295773e-02	7.486529061899316329e-02
1.148002871700398828e+03	2.558874523815222735e-01	1.655076984499185555e-01	2.517575618511583291e-01	1.505615276787063694e-01	7.209323889469795854e-02	2.927225021564554622e-02	7.492027052817380739e-02
1.149454202764495449e+03	2.556717643792004169e-01	1.653686629850572853e-01	2.519115312832335696e-01	1.506479448735039695e-01	7.212943749673744742e-02	2.929550155083756116e-02	7.497515743125261756e-02
1.150905533828591842e+03	2.554564445312190180e-01	1.652298600639343917e-01	2.520652410438881108e-01	1.507342037341907748e-01	7.216557379462208710e-02	2.931872535509278885e-02	7.502995147687564759e-02
1.152356864892688463e+03	2.552414922068576564e-01	1.650912892969280121e-01	2.522186915689230147e-01	1.508203045823079125e-01	7.220164789721206233e-02	2.934192163406772538e-02	7.508465281352631748e-02
1.153808195956785084e+03	2.550269067764886488e-01	1.649529502950695115e-01	2.523718832934074285e-01	1.509062477386044487e-01	7.223765991317690482e-02	2.936509039355088280e-02	7.513926158952494161e-02
1.155259527020881706e+03	2.548126876115745509e-01	1.648148426700420388e-01	2.525248166516799730e-01	1.509920335230399424e-01	7.227360995099578467e-02	2.938823163946208128e-02	7.519377795302836787e-02
1.156710858084978327e+03	2.545988340846668807e-01	1.646769660341796671e-01	2.526774920773499078e-01	1.510776622547870540e-01	7.230949811895785728e-02	2.941134537785174835e-02	7.524820205202961687e-02
1.158162189149074720e+03	2.543853455694038423e-01	1.645393200004661993e-01	2.528299100032984081e-01	1.511631342522340715e-01	7.234532452516256873e-02	2.943443161490021803e-02	7.530253403435746562e-02
1.159613520213171569e+03	2.541722214405082725e-01	1.644019041825340866e-01	2.529820708616798419e-01	1.512484498329874916e-01	7.238108927751997490e-02	2.945749035691704043e-02	7.535677404767608667e-02
1.161064851277267962e+03	2.539594610737860303e-01	1.642647181946634005e-01	2.531339750839228242e-01	1.513336093138745730e-01	7.241679248375106071e-02	2.948052161034027049e-02	7.541092223948465956e-02
1.162516182341364356e+03	2.537470638461239436e-01	1.641277616517806126e-01	2.532856231007316050e-01	1.514186130109457518e-01	7.245243425138810089e-02	2.950352538173579842e-02	7.546497875711703773e-02
1.163967513405461204e+03	2.535350291354877550e-01	1.639910341694577056e-01	2.534370153420871241e-01	1.515034612394773605e-01	7.248801468777490986e-02	2.952650167779665227e-02	7.551894374774134611e-02
1.165418844469557826e+03	2.533233563209202899e-01	1.638545353639109525e-01	2.535881522372484542e-01	1.515881543139739607e-01	7.252353390006720246e-02	2.954945050534231107e-02	7.557281735835966185e-02
1.166870175533654447e+03	2.531120447825396802e-01	1.637182648519998063e-01	2.537390342147537448e-01	1.516726925481708954e-01	7.255899199523291321e-02	2.957237187131802475e-02	7.562659973580763972e-02
1.168321506597751068e+03	2.529010939015373105e-01	1.635822222512260116e-01	2.538896617024217761e-01	1.517570762550368157e-01	7.259438908005252933e-02	2.959526578279413414e-02	7.568029102675416508e-02
1.169772837661847461e+03	2.526905030601757640e-01	1.634464071797323004e-01	2.540400351273527368e-01	1.518413057467761229e-01	7.262972526111935445e-02	2.961813224696539099e-02	7.573389137770102086e-02
1.171224168725944082e+03	2.524802716417873794e-01	1.633108192563014205e-01	2.541901549159297780e-01	1.519253813348314108e-01	7.266500064483988330e-02	2.964097127115029179e-02	7.578740093498256836e-02
1.172675499790040703e+03	2.522703990307717525e-01	1.631754581003551086e-01	2.543400214938200121e-01	1.520093033298859919e-01	7.270021533743406539e-02	2.966378286279038740e-02	7.584081984476538640e-02
1.174126830854137097e+03	2.520608846125942382e-01	1.630403233319529521e-01	2.544896352859759570e-01	1.520930720418662563e-01	7.273536944493566581e-02	2.968656702944963768e-02	7.589414825304796608e-02
1.175578161918233945e+03	2.518517277737841176e-01	1.629054145717913626e-01	2.546389967166364232e-01	1.521766877799441975e-01	7.277046307319254281e-02	2.970932377881372807e-02	7.594738630566034987e-02
1.177029492982330339e+03	2.516429279019322673e-01	1.627707314412024098e-01	2.547881062093279581e-01	1.522601508525397718e-01	7.280549632786702252e-02	2.973205311868940687e-02	7.600053414826389575e-02
1.178480824046426733e+03	2.514344843856897160e-01	1.626362735621528499e-01	2.549369641868660108e-01	1.523434615673232850e-01	7.284046931443613482e-02	2.975475505700383300e-02	7.605359192635087473e-02
1.179932155110523581e+03	2.512263966147657013e-01	1.625020405572431548e-01	2.550855710713559321e-01	1.524266202312179186e-01	7.287538213819194644e-02	2.977742960180391335e-02	7.610655978524422105e-02
1.181383486174620202e+03	2.510186639799253938e-01	1.623680320497061513e-01	2.552339272841944728e-01	1.525096271504019496e-01	7.291023490424190789e-02	2.980007676125564706e-02	7.615943787009719912e-02
1.182834817238716823e+03	2.508112858729886208e-01	1.622342476634063002e-01	2.553820332460707276e-01	1.525924826303113602e-01	7.294502771750914494e-02	2.982269654364346628e-02	7.621222632589312596e-02
1.184286148302813444e+03	2.506042616868274786e-01	1.621006870228384189e-01	2.555298893769674118e-01	1.526751869756420021e-01	7.297976068273280548e-02	2.984528895736959092e-02	7.626492529744506588e-02
1.185737479366910065e+03	2.503975908153647234e-01	1.619673497531267103e-01	2.556774960961620824e-01	1.527577404903520952e-01	7.301443390446826776e-02	2.986785401095338674e-02	7.631753492939555295e-02
1.187188810431006686e+03	2.501912726535719389e-01	1.618342354800236527e-01	2.558248538222281931e-01	1.528401434776644752e-01	7.304904748708755668e-02	2.989039171303069925e-02	7.637005536621627177e-02
1.188640141495103080e+03	2.499853065974674826e-01	1.617013438299090000e-01	2.559719629730365376e-01	1.529223962400690640e-01	7.308360153477962140e-02	2.991290207235323614e-02	7.642248675220786325e-02
1.190091472559199701e+03	2.497796920441147928e-01	1.615686744297887001e-01	2.561188239657561372e-01	1.530044990793250903e-01	7.311809615155061282e-02	2.993538509778791157e-02	7.647482923149953593e-02
1.191542803623296322e+03	2.495744283916204453e-01	1.614362269072938671e-01	2.562654372168556849e-01	1.530864522964634766e-01	7.315253144122425832e-02	2.995784079831621122e-02	7.652708294804885791e-02
1.192994134687392716e+03	2.493695150391323501e-01	1.613040008906796718e-01	2.564118031421044885e-01	1.531682561917891705e-01	7.318690750744209772e-02	2.998026918303355742e-02	7.657924804564149313e-02
1.194445465751489564e+03	2.491649513868378907e-01	1.611719960088243697e-01	2.565579221565736923e-01	1.532499110648833096e-01	7.322122445366383015e-02	3.000267026114867772e-02	7.663132466789092379e-02
1.195896796815585958e+03	2.489607368359620654e-01	1.610402118912283020e-01	2.567037946746377197e-01	1.533314172146057752e-01	7.325548238316761940e-02	3.002504404198297339e-02	7.668331295823820060e-02
1.197348127879682352e+03	2.487568707887656827e-01	1.609086481680127301e-01	2.568494211099750513e-01	1.534127749390972462e-01	7.328968139905039925e-02	3.004739053496989151e-02	7.673521305995167907e-02
1.198799458943779200e+03	2.485533526485434186e-01	1.607773044699188081e-01	2.569948018755696673e-01	1.534939845357816135e-01	7.332382160422817874e-02	3.006970974965430046e-02	7.678702511612676973e-02
1.200250790007875821e+03	2.483501818196221789e-01	1.606461804283065842e-01	2.571399373837119917e-01	1.535750463013681455e-01	7.335790310143630588e-02	3.009200169569186886e-02	7.683874926968568830e-02
1.201702121071972442e+03	2.481473577073590453e-01	1.605152756751540011e-01	2.572848280460003356e-01	1.536559605318538191e-01	7.339192599322987010e-02	3.011426638284843763e-02	7.689038566337726144e-02
1.203153452136069063e+03	2.479448797181395825e-01	1.603845898430557859e-01	2.574294742733419517e-01	1.537367275225255958e-01	7.342589038198389650e-02	3.013650382099941280e-02	7.694193443977657976e-02
1.204604783200165684e+03	2.477427472593760616e-01	1.602541225652224788e-01	2.575738764759539778e-01	1.538173475679625035e-01	7.345979636989373451e-02	3.015871402012914454e-02	7.699339574128492847e-02
1.206056114264262078e+03	2.475409597395054895e-01	1.601238734754793502e-01	2.577180350633649364e-01	1.538978209620380788e-01	7.349364405897530761e-02	3.018089699033031995e-02	7.704476971012942654e-02
1.207507445328358699e+03	2.473395165679878605e-01	1.599938422082654021e-01	2.578619504444155663e-01	1.539781479979224488e-01	7.352743355106546030e-02	3.020305274180333857e-02	7.709605648836281855e-02
1.208958776392455093e+03	2.471384171553043796e-01	1.598640283986322574e-01	2.580056230272603779e-01	1.540583289680846069e-01	7.356116494782224957e-02	3.022518128485572955e-02	7.714725621786330811e-02
1.210410107456551941e+03	2.469376609129556033e-01	1.597344316822432997e-01	2.581490532193684295e-01	1.541383641642945501e-01	7.359483835072519464e-02	3.024728262990151323e-02	7.719836904033429426e-02
1.211861438520648335e+03	2.467372472534596906e-01	1.596050516953725351e-01	2.582922414275247158e-01	1.542182538776255829e-01	7.362845386107566559e-02	3.026935678746062869e-02	7.724939509730417708e-02
1.213312769584745183e+03	2.465371755903505435e-01	1.594758880749035379e-01	2.584351880578310556e-01	1.542979983984563430e-01	7.366201157999710536e-02	3.029140376815831620e-02	7.730033453012614963e-02
1.214764100648841804e+03	2.463374453381760587e-01	1.593469404583285065e-01	2.585778935157074798e-01	1.543775980164731332e-01	7.369551160843537674e-02	3.031342358272452742e-02	7.735118747997800359e-02
1.216215431712937971e+03	2.461380559124961842e-01	1.592182084837471812e-01	2.587203582058935081e-01	1.544570530206719750e-01	7.372895404715906764e-02	3.033541624199332515e-02	7.740195408786187947e-02
1.217666762777034819e+03	2.459390067298813654e-01	1.590896917898658447e-01	2.588625825324488150e-01	1.545363636993608569e-01	7.376233899675974093e-02	3.035738175690228663e-02	7.745263449460414173e-02
1.219118093841131440e+03	2.457402972079106296e-01	1.589613900159964066e-01	2.590045668987548955e-01	1.546155303401618164e-01	7.379566655765230909e-02	3.037932013849192064e-02	7.750322884085512898e-02
1.220569424905228061e+03	2.455419267651697268e-01	1.588333028020551818e-01	2.591463117075157863e-01	1.546945532300130766e-01	7.382893683007525631e-02	3.040123139790507079e-02	7.755373726708897353e-02
1.222020755969324682e+03	2.453438948212495196e-01	1.587054297885620580e-01	2.592878173607594539e-01	1.547734326551712392e-01	7.386214991409099928e-02	3.042311554638634299e-02	7.760415991360343491e-02
1.223472087033421303e+03	2.451462007967439849e-01	1.585777706166394130e-01	2.594290842598389601e-01	1.548521689012133939e-01	7.389530590958613698e-02	3.044497259528150535e-02	7.765449692051969166e-02
1.224923418097517697e+03	2.449488441132486038e-01	1.584503249280110604e-01	2.595701128054332951e-01	1.549307622530392003e-01	7.392840491627179766e-02	3.046680255603691212e-02	7.770474842778220259e-02
1.226374749161614318e+03	2.447518241933586691e-01	1.583230923650013333e-01	2.597109033975488201e-01	1.550092129948729136e-01	7.396144703368388862e-02	3.048860544019893482e-02	7.775491457515848470e-02
1.227826080225710712e+03	2.445551404606672308e-01	1.581960725705340576e-01	2.598514564355203227e-01	1.550875214102657162e-01	7.399443236118341538e-02	3.051038125941336887e-02	7.780499550223897443e-02
1.229277411289807560e+03	2.443587923397635697e-01	1.580692651881314692e-01	2.599917723180120155e-01	1.551656877820975222e-01	7.402736099795677316e-02	3.053213002542487509e-02	7.785499134843683333e-02
1.230728742353903954e+03	2.441627792562313382e-01	1.579426698619132985e-01	2.601318514430188689e-01	1.552437123925793361e-01	7.406023304301606602e-02	3.055385175007639328e-02	7.790490225298782323e-02
1.232180073418000802e+03	2.439671006366468387e-01	1.578162862365957431e-01	2.602716942078674989e-01	1.553215955232550571e-01	7.409304859519935671e-02	3.057554644530858720e-02	7.795472835495011188e-02
1.233631404482097196e+03	2.437717559085771923e-01	1.576901139574903576e-01	2.604113010092174996e-01	1.553993374550037276e-01	7.412580775317099968e-02	3.059721412315926162e-02	7.800446979320410645e-02
1.235082735546193817e+03	2.435767445005787013e-01	1.575641526705033324e-01	2.605506722430625532e-01	1.554769384680415589e-01	7.415851061542193257e-02	3.061885479576281072e-02	7.805412670645231477e-02
1.236534066610290438e+03	2.433820658421950167e-01	1.574384020221341884e-01	2.606898083047312631e-01	1.555543988419238743e-01	7.419115728026996759e-02	3.064046847534964216e-02	7.810369923321920649e-02
1.237985397674387059e+03	2.431877193639554180e-01	1.573128616594749729e-01	2.608287095888888185e-01	1.556317188555472464e-01	7.422374784586004137e-02	3.066205517424563237e-02	7.815318751185108825e-02
1.239436728738483680e+03	2.429937044973730920e-01	1.571875312302091765e-01	2.609673764895374393e-01	1.557088987871514674e-01	7.425628241016458964e-02	3.068361490487155410e-02	7.820259168051588161e-02
1.240888059802580301e+03	2.428000206749433565e-01	1.570624103826107898e-01	2.611058094000180407e-01	1.557859389143216589e-01	7.428876107098375536e-02	3.070514767974252823e-02	7.825191187720305364e-02
1.242339390866676695e+03	2.426066673301419119e-01	1.569374987655432763e-01	2.612440087130110666e-01	1.558628395139902423e-01	7.432118392594576350e-02	3.072665351146746521e-02	7.830114823972343652e-02
1.243790721930773088e+03	2.424136438974231478e-01	1.568127960284586564e-01	2.613819748205376547e-01	1.559396008624388263e-01	7.435355107250715689e-02	3.074813241274852380e-02	7.835030090570914429e-02
1.245242052994869937e+03	2.422209498122183946e-01	1.566883018213964529e-01	2.615197081139608581e-01	1.560162232353003720e-01	7.438586260795310157e-02	3.076958439638054557e-02	7.839937001261340632e-02
1.246693384058966330e+03	2.420285845109342304e-01	1.565640157949826361e-01	2.616572089839865334e-01	1.560927069075611073e-01	7.441811862939767819e-02	3.079100947525051368e-02	7.844835569771041461e-02
1.248144715123063179e+03	2.418365474309507046e-01	1.564399376004288744e-01	2.617944778206645617e-01	1.561690521535624987e-01	7.445031923378418737e-02	3.081240766233702202e-02	7.849725809809525445e-02
1.249596046187159800e+03	2.416448380106196170e-01	1.563160668895312855e-01	2.619315150133901260e-01	1.562452592470032209e-01	7.448246451788541334e-02	3.083377897070971665e-02	7.854607735068376562e-02
1.251047377251256421e+03	2.414534556892628525e-01	1.561924033146696311e-01	2.620683209509043765e-01	1.563213284609411835e-01	7.451455457830390150e-02	3.085512341352875804e-02	7.859481359221238972e-02
1.252498708315352815e+03	2.412623999071706882e-01	1.560689465288062627e-01	2.622048960212960411e-01	1.563972600677954183e-01	7.454658951147236090e-02	3.087644100404428674e-02	7.864346695923812858e-02
1.253950039379449436e+03	2.410716701055999334e-01	1.559456961854851775e-01	2.623412406120020912e-01	1.564730543393480222e-01	7.457856941365377523e-02	3.089773175559588567e-02	7.869203758813834992e-02
1.255401370443546057e+03	2.408812657267723756e-01	1.558226519388310194e-01	2.624773551098090740e-01	1.565487115467461832e-01	7.461049438094183306e-02	3.091899568161204578e-02	7.874052561511073189e-02
1.256852701507642678e+03	2.406911862138730041e-01	1.556998134435480796e-01	2.626132399008542784e-01	1.566242319605039846e-01	7.464236450926116373e-02	3.094023279560963874e-02	7.878893117617315200e-02
1.258304032571739299e+03	2.405014310110483999e-01	1.555771803549194643e-01	2.627488953706264008e-01	1.566996158505044312e-01	7.467417989436760106e-02	3.096144311119337911e-02	7.883725440716357613e-02
1.259755363635835920e+03	2.403119995634048489e-01	1.554547523288059285e-01	2.628843219039672663e-01	1.567748634860013646e-01	7.470594063184853029e-02	3.098262664205530051e-02	7.888549544373996136e-02
1.261206694699932314e+03	2.401228913170068424e-01	1.553325290216450716e-01	2.630195198850724392e-01	1.568499751356213223e-01	7.473764681712313784e-02	3.100378340197423518e-02	7.893365442138014498e-02
1.262658025764028707e+03	2.399341057188753290e-01	1.552105100904501989e-01	2.631544896974923886e-01	1.569249510673654535e-01	7.476929854544270282e-02	3.102491340481529358e-02	7.898173147538177508e-02
1.264109356828125556e+03	2.397456422169859658e-01	1.550886951928096003e-01	2.632892317241337654e-01	1.569997915486114337e-01	7.480089591189088838e-02	3.104601666452932313e-02	7.902972674086225502e-02
1.265560687892221949e+03	2.395575002602674808e-01	1.549670839868852734e-01	2.634237463472602347e-01	1.570744968461152691e-01	7.483243901138399157e-02	3.106709319515241902e-02	7.907764035275853531e-02
1.267012018956318798e+03	2.393696792985999522e-01	1.548456761314122576e-01	2.635580339484937529e-01	1.571490672260133781e-01	7.486392793867129025e-02	3.108814301080537607e-02	7.912547244582715522e-02
1.268463350020415419e+03	2.391821787828131984e-01	1.547244712856975513e-01	2.636920949088156219e-01	1.572235029538242290e-01	7.489536278833529293e-02	3.110916612569320644e-02	7.917322315464411786e-02
1.269914681084511813e+03	2.389949981646850297e-01	1.546034691096190572e-01	2.638259296085674332e-01	1.572978042944503108e-01	7.492674365479205789e-02	3.113016255410460537e-02	7.922089261360477919e-02
1.271366012148608434e+03	2.388081368969396379e-01	1.544826692636247500e-01	2.639595384274521783e-01	1.573719715121799922e-01	7.495807063229140144e-02	3.115113231041145153e-02	7.926848095692383411e-02
1.272817343212705055e+03	2.386215944332459038e-01	1.543620714087317325e-01	2.640929217445355248e-01	1.574460048706893822e-01	7.498934381491723089e-02	3.117207540906828320e-02	7.931598831863516386e-02
1.274268674276801676e+03	2.384353702282157317e-01	1.542416752065251806e-01	2.642260799382465941e-01	1.575199046330441610e-01	7.502056329658787770e-02	3.119299186461181247e-02	7.936341483259186369e-02
1.275720005340898297e+03	2.382494637374023561e-01	1.541214803191575111e-01	2.643590133863792380e-01	1.575936710617013292e-01	7.505172917105629171e-02	3.121388169166040838e-02	7.941076063246609029e-02
1.277171336404994690e+03	2.380638744172987042e-01	1.540014864093473268e-01	2.644917224660930377e-01	1.576673044185112060e-01	7.508284153191037424e-02	3.123474490491360070e-02	7.945802585174904786e-02
1.278622667469091539e+03	2.378786017253357032e-01	1.538816931403784449e-01	2.646242075539142480e-01	1.577408049647190669e-01	7.511390047257322788e-02	3.125558151915158733e-02	7.950521062375090486e-02
1.280073998533187932e+03	2.376936451198807809e-01	1.537621001760991479e-01	2.647564690257371844e-01	1.578141729609671418e-01	7.514490608630348956e-02	3.127639154923471387e-02	7.955231508160075238e-02
1.281525329597284326e+03	2.375090040602360064e-01	1.536427071809209621e-01	2.648885072568250010e-01	1.578874086672961974e-01	7.517585846619556644e-02	3.129717501010299135e-02	7.959933935824650697e-02
1.282976660661381175e+03	2.373246780066365358e-01	1.535235138198179361e-01	2.650203226218108554e-01	1.579605123431475355e-01	7.520675770517992742e-02	3.131793191677560706e-02	7.964628358645488293e-02
1.284427991725477568e+03	2.371406664202489745e-01	1.534045197583255860e-01	2.651519154946988532e-01	1.580334842473646861e-01	7.523760389602338061e-02	3.133866228435043533e-02	7.969314789881137839e-02
1.285879322789574417e+03	2.369569687631697674e-01	1.532857246625400072e-01	2.652832862488652133e-01	1.581063246381952114e-01	7.526839713132939258e-02	3.135936612800352408e-02	7.973993242772017820e-02
1.287330653853671038e+03	2.367735844984234228e-01	1.531671281991168476e-01	2.654144352570593779e-01	1.581790337732925100e-01	7.529913750353831037e-02	3.138004346298865072e-02	7.978663730540411225e-02
1.288781984917767431e+03	2.365905130899610409e-01	1.530487300352705027e-01	2.655453628914050679e-01	1.582516119097175655e-01	7.532982510492766681e-02	3.140069430463678091e-02	7.983326266390461390e-02
1.290233315981864052e+03	2.364077540026585655e-01	1.529305298387730327e-01	2.656760695234011704e-01	1.583240593039406119e-01	7.536046002761248586e-02	3.142131866835563142e-02	7.987980863508171991e-02
