1.001418434226643626e+03	2.796779849634987158e-01	1.808430384645880462e-01	2.347802462163728898e-01	1.409548495337615281e-01	6.808419098125276236e-02	2.676914565723614858e-02	6.889054418311135741e-02
1.002869765290740247e+03	2.794216287522224285e-01	1.806784890348406836e-01	2.349627863386253290e-01	1.410590187578351640e-01	6.812728031207611334e-02	2.679508350767420208e-02	6.895571329654749670e-02
1.004321096354836754e+03	2.791657104944400003e-01	1.805142146991553787e-01	2.351450190260765682e-01	1.411629928108662502e-01	6.817029539733754362e-02	2.682099422167407224e-02	6.902077335027158311e-02
1.005772427418933376e+03	2.789102294381080038e-01	1.803502149969130330e-01	2.353269447944199011e-01	1.412667721106129759e-01	6.821323636605866603e-02	2.684687778862390392e-02	6.908572450508494722e-02
1.007223758483029997e+03	2.786551848324938518e-01	1.801864894682661256e-01	2.355085641584830358e-01	1.413703570736886406e-01	6.825610334703609283e-02	2.687273419811894715e-02	6.915056692173472686e-02
1.008675089547126618e+03	2.784005759281737435e-01	1.800230376541373800e-01	2.356898776322293720e-01	1.414737481155661225e-01	6.829889646884196308e-02	2.689856343996059260e-02	6.921530076091222949e-02
1.010126420611223239e+03	2.781464019770297780e-01	1.798598590962185162e-01	2.358708857287597493e-01	1.415769456505820978e-01	6.834161585982446996e-02	2.692436550415538976e-02	6.927992618325133634e-02
1.011577751675319632e+03	2.778926622322480666e-01	1.796969533369690009e-01	2.360515889603136130e-01	1.416799500919412591e-01	6.838426164810842978e-02	2.695014038091407202e-02	6.934444334932690635e-02
1.013029082739416367e+03	2.776393559483160134e-01	1.795343199196145767e-01	2.362319878382705962e-01	1.417827618517205068e-01	6.842683396159579545e-02	2.697588806065061642e-02	6.940885241965318031e-02
1.014480413803512761e+03	2.773864823810203162e-01	1.793719583881461521e-01	2.364120828731519353e-01	1.418853813408731679e-01	6.846933292796621162e-02	2.700160853398125838e-02	6.947315355468221265e-02
1.015931744867609382e+03	2.771340407874441913e-01	1.792098682873185245e-01	2.365918745746219687e-01	1.419878089692331868e-01	6.851175867467748648e-02	2.702730179172354794e-02	6.953734691480240038e-02
1.017383075931706003e+03	2.768820304259651532e-01	1.790480491626489090e-01	2.367713634514895527e-01	1.420900451455193170e-01	6.855411132896614690e-02	2.705296782489539226e-02	6.960143266033688714e-02
1.018834406995802851e+03	2.766304505562528493e-01	1.788865005604158842e-01	2.369505500117093655e-01	1.421920902773391449e-01	6.859639101784793802e-02	2.707860662471411189e-02	6.966541095154206442e-02
1.020285738059899245e+03	2.763793004392665620e-01	1.787252220276580317e-01	2.371294347623835452e-01	1.422939447711933092e-01	6.863859786811833674e-02	2.710421818259548324e-02	6.972928194860605888e-02
1.021737069123995752e+03	2.761285793372528774e-01	1.785642131121726039e-01	2.373080182097630775e-01	1.423956090324796364e-01	6.868073200635300968e-02	2.712980249015281911e-02	6.979304581164730292e-02
1.023188400188092373e+03	2.758782865137434093e-01	1.784034733625143032e-01	2.374863008592490721e-01	1.424970834654971374e-01	6.872279355890834052e-02	2.715535953919600773e-02	6.985670270071303589e-02
1.024639731252188767e+03	2.756284212335523010e-01	1.782430023279940878e-01	2.376642832153944285e-01	1.425983684734501433e-01	6.876478265192191575e-02	2.718088932173058983e-02	6.992025277577786080e-02
1.026091062316285615e+03	2.753789827627741160e-01	1.780827995586777845e-01	2.378419657819050015e-01	1.426994644584523297e-01	6.880669941131296874e-02	2.720639182995683233e-02	6.998369619674230102e-02
1.027542393380382237e+03	2.751299703687813403e-01	1.779228646053848673e-01	2.380193490616413221e-01	1.428003718215307138e-01	6.884854396278293487e-02	2.723186705626879159e-02	7.004703312343137089e-02
1.028993724444478858e+03	2.748813833202222168e-01	1.777631970196871525e-01	2.381964335566197355e-01	1.429010909626297621e-01	6.889031643181581233e-02	2.725731499325340090e-02	7.011026371559322956e-02
1.030445055508575479e+03	2.746332208870183034e-01	1.776037963539076614e-01	2.383732197680140108e-01	1.430016222806153314e-01	6.893201694367870336e-02	2.728273563368954768e-02	7.017338813289772381e-02
1.031896386572671872e+03	2.743854823403623078e-01	1.774446621611192598e-01	2.385497081961566734e-01	1.431019661732786385e-01	6.897364562342227223e-02	2.730812897054714708e-02	7.023640653493501418e-02
1.033347717636768493e+03	2.741381669527155895e-01	1.772857939951434092e-01	2.387258993405404206e-01	1.432021230373402287e-01	6.901520259588116157e-02	2.733349499698624341e-02	7.029931908121428430e-02
1.034799048700865114e+03	2.738912739978061062e-01	1.771271914105488898e-01	2.389017936998195646e-01	1.433020932684539450e-01	6.905668798567447808e-02	2.735883370635609768e-02	7.036212593116229763e-02
1.036250379764961508e+03	2.736448027506258596e-01	1.769688539626506352e-01	2.390773917718114205e-01	1.434018772612107862e-01	6.909810191720623662e-02	2.738414509219428902e-02	7.042482724412212070e-02
1.037701710829058356e+03	2.733987524874287867e-01	1.768107812075084551e-01	2.392526940534977220e-01	1.435014754091429312e-01	6.913944451466579044e-02	2.740942914822580220e-02	7.048742317935181856e-02
1.039153041893154750e+03	2.731531224857283724e-01	1.766529727019257034e-01	2.394277010410260642e-01	1.436008881047275698e-01	6.918071590202827525e-02	2.743468586836213252e-02	7.054991389602312257e-02
1.040604372957251599e+03	2.729079120242955958e-01	1.764954280034481404e-01	2.396024132297112641e-01	1.437001157393907047e-01	6.922191620305505333e-02	2.745991524670040110e-02	7.061229955322012586e-02
1.042055704021347992e+03	2.726631203831562655e-01	1.763381466703626277e-01	2.397768311140366926e-01	1.437991587035111485e-01	6.926304554129414370e-02	2.748511727752244935e-02	7.067458030993800655e-02
1.043507035085444613e+03	2.724187468435890769e-01	1.761811282616959073e-01	2.399509551876557734e-01	1.438980173864241874e-01	6.930410404008059688e-02	2.751029195529396468e-02	7.073675632508180655e-02
1.044958366149541234e+03	2.721747906881232248e-01	1.760243723372132696e-01	2.401247859433934262e-01	1.439966921764256336e-01	6.934509182253702220e-02	2.753543927466359231e-02	7.079882775746512702e-02
1.046409697213637855e+03	2.719312512005361837e-01	1.758678784574175258e-01	2.402983238732473437e-01	1.440951834607754056e-01	6.938600901157392087e-02	2.756055923046205058e-02	7.086079476580892100e-02
1.047861028277734476e+03	2.716881276658513755e-01	1.757116461835475929e-01	2.404715694683893512e-01	1.441934916257014143e-01	6.942685572989013010e-02	2.758565181770125316e-02	7.092265750874025831e-02
1.049312359341831097e+03	2.714454193703359497e-01	1.755556750775773001e-01	2.406445232191669337e-01	1.442916170564033651e-01	6.946763209997323940e-02	2.761071703157345208e-02	7.098441614479110429e-02
1.050763690405927491e+03	2.712031256014986735e-01	1.753999647022141950e-01	2.408171856151045398e-01	1.443895601370564497e-01	6.950833824409997919e-02	2.763575486745034962e-02	7.104607083239716792e-02
1.052215021470024112e+03	2.709612456480875453e-01	1.752445146208982396e-01	2.409895571449049700e-01	1.444873212508150651e-01	6.954897428433667872e-02	2.766076532088223433e-02	7.110762172989661123e-02
1.053666352534120733e+03	2.707197788000875183e-01	1.750893243978007552e-01	2.411616382964507921e-01	1.445849007798166441e-01	6.958954034253959919e-02	2.768574838759712761e-02	7.116906899552899457e-02
1.055117683598217127e+03	2.704787243487183357e-01	1.749343935978228959e-01	2.413334295568056176e-01	1.446822991051852358e-01	6.963003654035540557e-02	2.771070406349991633e-02	7.123041278743401372e-02
1.056569014662313975e+03	2.702380815864323105e-01	1.747797217865947883e-01	2.415049314122156565e-01	1.447795166070352524e-01	6.967046299922148578e-02	2.773563234467149238e-02	7.129165326365044519e-02
1.058020345726410369e+03	2.699978498069121602e-01	1.746253085304739772e-01	2.416761443481109939e-01	1.448765536644750773e-01	6.971081984036640866e-02	2.776053322736791312e-02	7.135279058211492498e-02
1.059471676790506763e+03	2.697580283050686201e-01	1.744711533965444816e-01	2.418470688491068388e-01	1.449734106556108681e-01	6.975110718481028482e-02	2.778540670801953397e-02	7.141382490066085220e-02
1.060923007854603611e+03	2.695186163770383891e-01	1.743172559526153798e-01	2.420177053990051341e-01	1.450700879575499702e-01	6.979132515336515519e-02	2.781025278323017921e-02	7.147475637701726503e-02
1.062374338918700232e+03	2.692796133201819098e-01	1.741636157672196150e-01	2.421880544807957780e-01	1.451665859464047192e-01	6.983147386663539347e-02	2.783507144977628162e-02	7.153558516880781371e-02
1.063825669982796853e+03	2.690410184330810361e-01	1.740102324096129971e-01	2.423581165766579282e-01	1.452629049972959108e-01	6.987155344501805310e-02	2.785986270460606012e-02	7.159631143354955318e-02
1.065277001046893474e+03	2.688028310155369249e-01	1.738571054497726476e-01	2.425278921679615562e-01	1.453590454843565194e-01	6.991156400870331133e-02	2.788462654483866293e-02	7.165693532865194393e-02
1.066728332110990095e+03	2.685650503685678703e-01	1.737042344583960840e-01	2.426973817352686691e-01	1.454550077807351127e-01	6.995150567767476069e-02	2.790936296776334868e-02	7.171745701141572782e-02
1.068179663175086489e+03	2.683276757944069169e-01	1.735516190068998599e-01	2.428665857583346965e-01	1.455507922585995428e-01	6.999137857170986687e-02	2.793407197083865381e-02	7.177787663903194282e-02
1.069630994239183110e+03	2.680907065965000835e-01	1.733992586674183989e-01	2.430355047161098792e-01	1.456463992891404158e-01	7.003118281038027415e-02	2.795875355169156681e-02	7.183819436858082663e-02
1.071082325303279504e+03	2.678541420795036987e-01	1.732471530128028292e-01	2.432041390867405728e-01	1.457418292425746165e-01	7.007091851305222163e-02	2.798340770811668862e-02	7.189841035703080363e-02
1.072533656367376352e+03	2.676179815492825131e-01	1.730953016166196790e-01	2.433724893475705808e-01	1.458370824881488059e-01	7.011058579888690412e-02	2.800803443807543119e-02	7.195852476123744401e-02
1.073984987431472746e+03	2.673822243129075349e-01	1.729437040531498215e-01	2.435405559751426252e-01	1.459321593941429185e-01	7.015018478684077741e-02	2.803263373969520217e-02	7.201853773794247848e-02
1.075436318495569594e+03	2.671468696786536423e-01	1.727923598973871433e-01	2.437083394451995400e-01	1.460270603278736867e-01	7.018971559566604401e-02	2.805720561126856874e-02	7.207844944377275742e-02
1.076887649559666215e+03	2.669119169559975302e-01	1.726412687250374611e-01	2.438758402326857422e-01	1.461217856556979999e-01	7.022917834391091685e-02	2.808175005125245968e-02	7.213826003523932107e-02
1.078338980623762609e+03	2.666773654556157114e-01	1.724904301125171902e-01	2.440430588117484811e-01	1.462163357430163180e-01	7.026857314991996617e-02	2.810626705826735697e-02	7.219796966873638644e-02
1.079790311687859230e+03	2.664432144893821297e-01	1.723398436369523723e-01	2.442099956557392260e-01	1.463107109542762796e-01	7.030790013183457754e-02	2.813075663109649432e-02	7.225757850054036202e-02
1.081241642751955851e+03	2.662094633703661062e-01	1.721895088761772052e-01	2.443766512372150257e-01	1.464049116529759775e-01	7.034715940759320163e-02	2.815521876868504539e-02	7.231708668680893182e-02
1.082692973816052472e+03	2.659761114128301740e-01	1.720394254087330710e-01	2.445430260279397860e-01	1.464989382016672892e-01	7.038635109493175668e-02	2.817965347013933267e-02	7.237649438358005616e-02
1.084144304880149093e+03	2.657431579322279691e-01	1.718895928138673146e-01	2.447091204988856294e-01	1.465927909619594849e-01	7.042547531138398931e-02	2.820406073472602609e-02	7.243580174677106964e-02
1.085595635944245487e+03	2.655106022452020653e-01	1.717400106715319952e-01	2.448749351202342273e-01	1.466864702945223087e-01	7.046453217428179372e-02	2.822844056187135547e-02	7.249500893217777908e-02
1.087046967008342108e+03	2.652784436695817538e-01	1.715906785623827480e-01	2.450404703613781321e-01	1.467799765590895311e-01	7.050352180075558639e-02	2.825279295116031250e-02	7.255411609547349205e-02
1.088498298072438729e+03	2.650466815243811003e-01	1.714415960677775630e-01	2.452057266909220545e-01	1.468733101144621689e-01	7.054244430773462526e-02	2.827711790233587708e-02	7.261312339220812873e-02
1.089949629136535123e+03	2.648153151297966690e-01	1.712927627697757027e-01	2.453707045766843342e-01	1.469664713185118432e-01	7.058129981194741220e-02	2.830141541529822974e-02	7.267203097780734755e-02
1.091400960200631971e+03	2.645843438072053577e-01	1.711441782511364529e-01	2.455354044856981055e-01	1.470594605281840828e-01	7.062008842992194280e-02	2.832568549010395370e-02	7.273083900757162934e-02
1.092852291264728365e+03	2.643537668791624551e-01	1.709958420953178737e-01	2.456998268842126576e-01	1.471522780995016266e-01	7.065881027798610881e-02	2.834992812696528197e-02	7.278954763667543071e-02
1.094303622328825213e+03	2.641235836693994754e-01	1.708477538864759115e-01	2.458639722376947945e-01	1.472449243875676439e-01	7.069746547226805899e-02	2.837414332624930979e-02	7.284815702016628203e-02
1.095754953392921607e+03	2.638937935028218273e-01	1.706999132094628446e-01	2.460278410108300839e-01	1.473373997465690366e-01	7.073605412869649056e-02	2.839833108847722096e-02	7.290666731296396863e-02
1.097206284457018228e+03	2.636643957055070375e-01	1.705523196498263949e-01	2.461914336675242454e-01	1.474297045297796316e-01	7.077457636300098220e-02	2.842249141432352799e-02	7.296507866985964263e-02
1.098657615521114849e+03	2.634353896047024191e-01	1.704049727938084513e-01	2.463547506709044266e-01	1.475218390895634557e-01	7.081303229071236882e-02	2.844662430461530195e-02	7.302339124551500416e-02
1.100108946585211470e+03	2.632067745288230731e-01	1.702578722283439872e-01	2.465177924833204526e-01	1.476138037773779277e-01	7.085142202716306070e-02	2.847072976033139871e-02	7.308160519446149639e-02
1.101560277649308091e+03	2.629785498074498351e-01	1.701110175410597836e-01	2.466805595663462969e-01	1.477055989437770500e-01	7.088974568748733496e-02	2.849480778260172348e-02	7.313972067109944519e-02
1.103011608713404712e+03	2.627507147713269431e-01	1.699644083202733469e-01	2.468430523807811638e-01	1.477972249384145731e-01	7.092800338662173798e-02	2.851885837270644666e-02	7.319773782969726805e-02
1.104462939777501106e+03	2.625232687523602615e-01	1.698180441549917152e-01	2.470052713866509597e-01	1.478886821100471871e-01	7.096619523930536300e-02	2.854288153207527878e-02	7.325565682439062754e-02
1.105914270841597499e+03	2.622962110836151162e-01	1.696719246349103483e-01	2.471672170432095972e-01	1.479799708065377417e-01	7.100432136008019701e-02	2.856687726228667942e-02	7.331347780918173740e-02
1.107365601905694348e+03	2.620695410993140184e-01	1.695260493504119892e-01	2.473288898089400778e-01	1.480710913748582158e-01	7.104238186329145388e-02	2.859084556506715641e-02	7.337120093793851605e-02
1.108816932969790741e+03	2.618432581348348331e-01	1.693804178925653603e-01	2.474902901415561018e-01	1.481620441610929650e-01	7.108037686308787961e-02	2.861478644229048171e-02	7.342882636439379551e-02
1.110268264033887590e+03	2.616173615267086139e-01	1.692350298531241914e-01	2.476514184980030953e-01	1.482528295104418026e-01	7.111830647342209932e-02	2.863869989597696980e-02	7.348635424214455814e-02
1.111719595097984211e+03	2.613918506126175489e-01	1.690898848245260266e-01	2.478122753344597085e-01	1.483434477672231355e-01	7.115617080805093642e-02	2.866258592829272825e-02	7.354378472465125660e-02
1.113170926162080832e+03	2.611667247313928519e-01	1.689449823998910027e-01	2.479728611063389265e-01	1.484338992748769626e-01	7.119396998053571790e-02	2.868644454154893261e-02	7.360111796523696737e-02
1.114622257226177226e+03	2.609419832230127634e-01	1.688003221730208225e-01	2.481331762682894293e-01	1.485241843759679825e-01	7.123170410424259358e-02	2.871027573820107009e-02	7.365835411708671066e-02
1.116073588290273847e+03	2.607176254286004968e-01	1.686559037383975057e-01	2.482932212741969236e-01	1.486143034121886752e-01	7.126937329234289686e-02	2.873407952084823178e-02	7.371549333324668718e-02
1.117524919354370468e+03	2.604936506904220739e-01	1.685117266911823064e-01	2.484529965771853921e-01	1.487042567243622992e-01	7.130697765781345010e-02	2.875785589223237709e-02	7.377253576662357037e-02
1.118976250418467089e+03	2.602700583518845479e-01	1.683677906272145475e-01	2.486125026296182872e-01	1.487940446524459170e-01	7.134451731343682823e-02	2.878160485523759832e-02	7.382948156998378475e-02
1.120427581482563710e+03	2.600468477575336168e-01	1.682240951430104825e-01	2.487717398831000015e-01	1.488836675355333927e-01	7.138199237180173351e-02	2.880532641288940238e-02	7.388633089595283976e-02
1.121878912546660331e+03	2.598240182530519027e-01	1.680806398357622689e-01	2.489307087884769232e-01	1.489731257118585284e-01	7.141940294530331468e-02	2.882902056835400656e-02	7.394308389701453876e-02
1.123330243610756725e+03	2.596015691852566754e-01	1.679374243033366076e-01	2.490894097958388786e-01	1.490624195187978118e-01	7.145674914614344453e-02	2.885268732493759605e-02	7.399974072551041004e-02
1.124781574674853118e+03	2.593794999020979652e-01	1.677944481442738833e-01	2.492478433545203542e-01	1.491515492928736364e-01	7.149403108633105297e-02	2.887632668608563005e-02	7.405630153363890189e-02
1.126232905738949967e+03	2.591578097526565094e-01	1.676517109577867759e-01	2.494060099131016894e-01	1.492405153697569931e-01	7.153124887768247397e-02	2.889993865538211318e-02	7.411276647345482749e-02
1.127684236803046360e+03	2.589364980871417532e-01	1.675092123437593172e-01	2.495639099194104649e-01	1.493293180842706624e-01	7.156840263182166761e-02	2.892352323654890159e-02	7.416913569686860164e-02
1.129135567867143209e+03	2.587155642568896852e-01	1.673669519027457808e-01	2.497215438205226679e-01	1.494179577703919626e-01	7.160549246018063640e-02	2.894708043344498133e-02	7.422540935564564402e-02
1.130586898931239830e+03	2.584950076143610054e-01	1.672249292359693496e-01	2.498789120627640525e-01	1.495064347612558020e-01	7.164251847399967510e-02	2.897061025006578139e-02	7.428158760140568528e-02
1.132038229995336451e+03	2.582748275131390714e-01	1.670831439453212275e-01	2.500360150917112501e-01	1.495947493891574553e-01	7.167948078432767600e-02	2.899411269054245552e-02	7.433767058562217034e-02
1.133489561059432845e+03	2.580550233079278444e-01	1.669415956333594186e-01	2.501928533521932674e-01	1.496829019855555332e-01	7.171637950202248979e-02	2.901758775914119876e-02	7.439365845962159218e-02
1.134940892123529466e+03	2.578355943545498352e-01	1.668002839033075890e-01	2.503494272882925142e-01	1.497708928810748685e-01	7.175321473775118919e-02	2.904103546026254312e-02	7.444955137458288130e-02
1.136392223187626087e+03	2.576165400099442726e-01	1.666592083590539564e-01	2.505057373433460799e-01	1.498587224055093203e-01	7.178998660199034654e-02	2.906445579844067068e-02	7.450534948153678116e-02
1.137843554251722708e+03	2.573978596321650492e-01	1.665183686051502354e-01	2.506617839599471487e-01	1.499463908878246599e-01	7.182669520502642235e-02	2.908784877834271615e-02	7.456105293136520984e-02
1.139294885315819101e+03	2.571795525803786120e-01	1.663777642468105278e-01	2.508175675799460547e-01	1.500338986561614851e-01	7.186334065695602902e-02	2.911121440476808001e-02	7.461666187480069101e-02
1.140746216379915950e+03	2.569616182148621308e-01	1.662373948899100173e-01	2.509730886444517806e-01	1.501212460378378299e-01	7.189992306768623609e-02	2.913455268264775189e-02	7.467217646242578499e-02
1.142197547444012343e+03	2.567440558970013331e-01	1.660972601409841931e-01	2.511283475938329013e-01	1.502084333593521892e-01	7.193644254693487561e-02	2.915786361704361673e-02	7.472759684467240870e-02
1.143648878508108737e+03	2.565268649892888386e-01	1.659573596072275170e-01	2.512833448677190273e-01	1.502954609463862112e-01	7.197289920423080578e-02	2.918114721314778864e-02	7.478292317182133608e-02
1.145100209572205586e+03	2.563100448553217725e-01	1.658176928964922858e-01	2.514380809050020260e-01	1.503823291238075011e-01	7.200929314891429955e-02	2.920440347628192393e-02	7.483815559400158746e-02
1.146551540636302207e+03	2.560935948598002665e-01	1.656782596172877431e-01	2.515925561438372426e-01	1.504690382156724515e-01	7.204562449013728054e-02	2.922763241189654110e-02	7.489329426118984667e-02
1.148002871700398828e+03	2.558775143685250164e-01	1.655390593787787745e-01	2.517467710216447219e-01	1.505555885452289633e-01	7.208189333686366995e-02	2.925083402557037207e-02	7.494833932320993375e-02
1.149454202764495449e+03	2.556618027483955613e-01	1.654000917907849089e-01	2.519007259751103178e-01	1.506419804349191927e-01	7.211809979786962255e-02	2.927400832300965788e-02	7.500329092973224976e-02
1.150905533828591842e+03	2.554464593674083961e-01	1.652613564637791521e-01	2.520544214401871930e-01	1.507282142063821884e-01	7.215424398174388743e-02	2.929715531004752072e-02	7.505814923027318009e-02
1.152356864892688463e+03	2.552314835946548621e-01	1.651228530088869606e-01	2.522078578520968728e-01	1.508142901804568059e-01	7.219032599688809948e-02	2.932027499264327000e-02	7.511291437419463646e-02
1.153808195956785084e+03	2.550168748003193708e-01	1.649845810378851585e-01	2.523610356453304671e-01	1.509002086771842610e-01	7.222634595151705694e-02	2.934336737688175017e-02	7.516758651070343245e-02
1.155259527020881706e+03	2.548026323556771278e-01	1.648465401632007721e-01	2.525139552536500576e-01	1.509859700158109330e-01	7.226230395365901282e-02	2.936643246897269188e-02	7.522216578885083937e-02
1.156710858084978327e+03	2.545887556330925783e-01	1.647087299979100028e-01	2.526666171100897529e-01	1.510715745147910294e-01	7.229820011115602185e-02	2.938947027525004238e-02	7.527665235753201733e-02
1.158162189149074720e+03	2.543752440060171871e-01	1.645711501557370893e-01	2.528190216469570206e-01	1.511570224917891669e-01	7.233403453166419028e-02	2.941248080217131328e-02	7.533104636548551558e-02
1.159613520213171569e+03	2.541620968489876620e-01	1.644338002510532526e-01	2.529711692958337421e-01	1.512423142636831752e-01	7.236980732265396732e-02	2.943546405631693522e-02	7.538534796129275906e-02
1.161064851277267962e+03	2.539493135376238997e-01	1.642966798988756416e-01	2.531230604875776558e-01	1.513274501465666777e-01	7.240551859141047819e-02	2.945842004438960215e-02	7.543955729337757654e-02
1.162516182341364356e+03	2.537368934486272098e-01	1.641597887148661949e-01	2.532746956523233561e-01	1.514124304557516731e-01	7.244116844503381558e-02	2.948134877321362951e-02	7.549367451000564555e-02
1.163967513405461204e+03	2.535248359597782053e-01	1.640231263153306140e-01	2.534260752194837929e-01	1.514972555057712833e-01	7.247675699043928943e-02	2.950425024973430538e-02	7.554769975928407599e-02
1.165418844469557826e+03	2.533131404499350259e-01	1.638866923172171697e-01	2.535771996177511589e-01	1.515819256103822787e-01	7.251228433435778775e-02	2.952712448101726256e-02	7.560163318916089670e-02
1.166870175533654447e+03	2.531018062990313400e-01	1.637504863381157860e-01	2.537280692750983335e-01	1.516664410825677434e-01	7.254775058333601256e-02	2.954997147424782283e-02	7.565547494742456969e-02
1.168321506597751068e+03	2.528908328880745127e-01	1.636145079962568194e-01	2.538786846187799373e-01	1.517508022345396279e-01	7.258315584373681295e-02	2.957279123673036553e-02	7.570922518170355997e-02
1.169772837661847461e+03	2.526802195991436073e-01	1.634787569105101424e-01	2.540290460753337198e-01	1.518350093777412757e-01	7.261850022173944874e-02	2.959558377588769607e-02	7.576288403946582206e-02
1.171224168725944082e+03	2.524699658153873316e-01	1.633432327003839779e-01	2.541791540705815033e-01	1.519190628228501150e-01	7.265378382333990970e-02	2.961834909926041801e-02	7.581645166801839753e-02
1.172675499790040703e+03	2.522600709210226499e-01	1.632079349860237338e-01	2.543290090296307371e-01	1.520029628797801569e-01	7.268900675435119307e-02	2.964108721450629119e-02	7.586992821450692925e-02
1.174126830854137097e+03	2.520505343013323407e-01	1.630728633882111145e-01	2.544786113768753300e-01	1.520867098576844934e-01	7.272416912040358117e-02	2.966379812939962807e-02	7.592331382591520350e-02
1.175578161918233945e+03	2.518413553426633311e-01	1.629380175283629828e-01	2.546279615359970938e-01	1.521703040649579064e-01	7.275927102694497439e-02	2.968648185183063448e-02	7.597660864906480294e-02
1.177029492982330339e+03	2.516325334324247542e-01	1.628033970285302778e-01	2.547770599299667982e-01	1.522537458092393381e-01	7.279431257924112719e-02	2.970913838980482682e-02	7.602981283061455153e-02
1.178480824046426733e+03	2.514240679590861172e-01	1.626690015113969323e-01	2.549259069810456690e-01	1.523370353974144442e-01	7.282929388237596724e-02	2.973176775144237977e-02	7.608292651706019538e-02
1.179932155110523581e+03	2.512159583121754691e-01	1.625348306002788734e-01	2.550745031107859440e-01	1.524201731356180367e-01	7.286421504125190074e-02	2.975436994497752952e-02	7.613594985473390309e-02
1.181383486174620202e+03	2.510082038822772921e-01	1.624008839191229125e-01	2.552228487400327595e-01	1.525031593292366650e-01	7.289907616059007611e-02	2.977694497875795279e-02	7.618888298980389107e-02
1.182834817238716823e+03	2.508008040610308353e-01	1.622671610925058294e-01	2.553709442889249837e-01	1.525859942829110028e-01	7.293387734493068930e-02	2.979949286124415619e-02	7.624172606827403498e-02
1.184286148302813444e+03	2.505937582411281173e-01	1.621336617456330120e-01	2.555187901768964931e-01	1.526686783005383463e-01	7.296861869863324745e-02	2.982201360100886212e-02	7.629447923598342562e-02
1.185737479366910065e+03	2.503870658163122043e-01	1.620003855043377072e-01	2.556663868226772274e-01	1.527512116852751123e-01	7.300330032587690199e-02	2.984450720673640159e-02	7.634714263860599426e-02
1.187188810431006686e+03	2.501807261813750460e-01	1.618673319950797995e-01	2.558137346442945215e-01	1.528335947395392247e-01	7.303792233066065676e-02	2.986697368722211407e-02	7.639971642165012400e-02
1.188640141495103080e+03	2.499747387321560876e-01	1.617345008449448118e-01	2.559608340590742714e-01	1.529158277650125297e-01	7.307248481680374275e-02	2.988941305137174376e-02	7.645220073045824738e-02
1.190091472559199701e+03	2.497691028655399104e-01	1.616018916816429341e-01	2.561076854836420447e-01	1.529979110626432659e-01	7.310698788794585401e-02	2.991182530820083244e-02	7.650459571020649940e-02
1.191542803623296322e+03	2.495638179794547329e-01	1.614695041335078296e-01	2.562542893339243011e-01	1.530798449326485622e-01	7.314143164754745297e-02	2.993421046683412967e-02	7.655690150590431509e-02
1.192994134687392716e+03	2.493588834728703574e-01	1.613373378294956917e-01	2.564006460251495034e-01	1.531616296745166583e-01	7.317581619889004796e-02	2.995656853650499260e-02	7.660911826239409639e-02
1.194445465751489564e+03	2.491542987457963376e-01	1.612053923991841053e-01	2.565467559718494495e-01	1.532432655870093752e-01	7.321014164507647082e-02	2.997889952655479612e-02	7.666124612435076813e-02
1.195896796815585958e+03	2.489500631992802582e-01	1.610736674727711593e-01	2.566926195878602712e-01	1.533247529681645849e-01	7.324440808903119604e-02	3.000120344643233961e-02	7.671328523628152818e-02
1.197348127879682352e+03	2.487461762354058192e-01	1.609421626810742800e-01	2.568382372863236562e-01	1.534060921152984036e-01	7.327861563350057672e-02	3.002348030569324672e-02	7.676523574252540338e-02
1.198799458943779200e+03	2.485426372572909215e-01	1.608108776555291775e-01	2.569836094796880133e-01	1.534872833250077451e-01	7.331276438105316373e-02	3.004573011399939986e-02	7.681709778725297200e-02
1.200250790007875821e+03	2.483394456690859453e-01	1.606798120281889841e-01	2.571287365797096380e-01	1.535683268931724854e-01	7.334685443407995553e-02	3.006795288111834691e-02	7.686887151446598898e-02
1.201702121071972442e+03	2.481366008759718633e-01	1.605489654317229786e-01	2.572736189974540455e-01	1.536492231149579613e-01	7.338088589479474511e-02	3.009014861692271142e-02	7.692055706799702519e-02
1.203153452136069063e+03	2.479341022841584363e-01	1.604183374994157529e-01	2.574182571432967470e-01	1.537299722848171901e-01	7.341485886523431426e-02	3.011231733138962016e-02	7.697215459150920369e-02
1.204604783200165684e+03	2.477319493008823814e-01	1.602879278651661021e-01	2.575626514269248601e-01	1.538105746964932297e-01	7.344877344725882218e-02	3.013445903460012718e-02	7.702366422849578342e-02
1.206056114264262078e+03	2.475301413344054846e-01	1.601577361634858865e-01	2.577068022573378858e-01	1.538910306430214536e-01	7.348262974255197200e-02	3.015657373673863093e-02	7.707508612227995104e-02
1.207507445328358699e+03	2.473286777940128800e-01	1.600277620294992820e-01	2.578507100428490961e-01	1.539713404167319111e-01	7.351642785262138546e-02	3.017866144809231224e-02	7.712642041601440457e-02
1.208958776392455093e+03	2.471275580900112179e-01	1.598980050989414758e-01	2.579943751910865335e-01	1.540515043092516023e-01	7.355016787879883888e-02	3.020072217905056186e-02	7.717766725268106198e-02
1.210410107456551941e+03	2.469267816337268051e-01	1.597684650081577507e-01	2.581377981089942319e-01	1.541315226115066717e-01	7.358384992224055454e-02	3.022275594010439756e-02	7.722882677509081140e-02
1.211861438520648335e+03	2.467263478375037733e-01	1.596391413941025406e-01	2.582809792028335494e-01	1.542113956137247943e-01	7.361747408392746439e-02	3.024476274184591251e-02	7.727989912588316412e-02
1.213312769584745183e+03	2.465262561147024134e-01	1.595100338943382379e-01	2.584239188781840002e-01	1.542911236054373414e-01	7.365104046466552923e-02	3.026674259496770630e-02	7.733088444752596324e-02
1.214764100648841804e+03	2.463265058796972051e-01	1.593811421470343326e-01	2.585666175399445321e-01	1.543707068754816836e-01	7.368454916508601626e-02	3.028869551026233328e-02	7.738178288231507829e-02
1.216215431712937971e+03	2.461270965478751793e-01	1.592524657909663299e-01	2.587090755923346364e-01	1.544501457120034116e-01	7.371800028564570728e-02	3.031062149862171623e-02	7.743259457237415544e-02
1.217666762777034819e+03	2.459280275356340029e-01	1.591240044655147234e-01	2.588512934388956799e-01	1.545294404024585289e-01	7.375139392662727333e-02	3.033252057103661553e-02	7.748331965965431223e-02
1.219118093841131440e+03	2.457292982603802023e-01	1.589957578106640235e-01	2.589932714824917936e-01	1.546085912336157553e-01	7.378473018813949680e-02	3.035439273859606713e-02	7.753395828593384609e-02
1.220569424905228061e+03	2.455309081405274152e-01	1.588677254670016747e-01	2.591350101253110383e-01	1.546875984915586089e-01	7.381800917011757668e-02	3.037623801248682046e-02	7.758451059281799844e-02
1.222020755969324682e+03	2.453328565954946139e-01	1.587399070757170849e-01	2.592765097688667919e-01	1.547664624616877649e-01	7.385123097232336453e-02	3.039805640399280071e-02	7.763497672173866326e-02
1.223472087033421303e+03	2.451351430457042735e-01	1.586123022786006809e-01	2.594177708139986382e-01	1.548451834287231099e-01	7.388439569434571141e-02	3.041984792449454328e-02	7.768535681395413728e-02
1.224923418097517697e+03	2.449377669125806234e-01	1.584849107180428263e-01	2.595587936608735324e-01	1.549237616767059622e-01	7.391750343560066216e-02	3.044161258546866297e-02	7.773565101054885629e-02
1.226374749161614318e+03	2.447407276185479541e-01	1.583577320370327668e-01	2.596995787089869112e-01	1.550021974890012366e-01	7.395055429533183011e-02	3.046335039848730233e-02	7.778585945243310373e-02
1.227826080225710712e+03	2.445440245870286466e-01	1.582307658791577698e-01	2.598401263571639142e-01	1.550804911482997483e-01	7.398354837261057748e-02	3.048506137521759737e-02	7.783598228034284416e-02
1.229277411289807560e+03	2.443476572424416182e-01	1.581040118886019863e-01	2.599804370035606049e-01	1.551586429366200726e-01	7.401648576633637622e-02	3.050674552742111897e-02	7.788601963483937629e-02
1.230728742353903954e+03	2.441516250102004071e-01	1.579774697101455350e-01	2.601205110456647485e-01	1.552366531353109314e-01	7.404936657523698840e-02	3.052840286695335248e-02	7.793597165630919421e-02
1.232180073418000802e+03	2.439559273167114795e-01	1.578511389891635031e-01	2.602603488802971987e-01	1.553145220250532477e-01	7.408219089786885481e-02	3.055003340576315646e-02	7.798583848496366822e-02
1.233631404482097196e+03	2.437605635893724809e-01	1.577250193716248639e-01	2.603999509036130644e-01	1.553922498858622270e-01	7.411495883261728923e-02	3.057163715589222494e-02	7.803562026083885050e-02
1.235082735546193817e+03	2.435655332565704878e-01	1.575991105040916440e-01	2.605393175111027637e-01	1.554698369970895500e-01	7.414767047769679764e-02	3.059321412947456006e-02	7.808531712379525314e-02
1.236534066610290438e+03	2.433708357476801476e-01	1.574734120337176468e-01	2.606784490975929125e-01	1.555472836374254542e-01	7.418032593115130024e-02	3.061476433873594472e-02	7.813492921351762599e-02
1.237985397674387059e+03	2.431764704930621246e-01	1.573479236082478416e-01	2.608173460572477120e-01	1.556245900849007879e-01	7.421292529085446454e-02	3.063628779599341170e-02	7.818445666951469308e-02
1.239436728738483680e+03	2.429824369240611570e-01	1.572226448760170314e-01	2.609560087835700593e-01	1.557017566168891476e-01	7.424546865450995514e-02	3.065778451365470947e-02	7.823389963111898604e-02
1.240888059802580301e+03	2.427887344730045027e-01	1.570975754859490481e-01	2.610944376694024904e-01	1.557787835101089036e-01	7.427795611965171130e-02	3.067925450421779554e-02	7.828325823748663592e-02
1.242339390866676695e+03	2.425953625731999408e-01	1.569727150875558086e-01	2.612326331069283469e-01	1.558556710406252821e-01	7.431038778364419672e-02	3.070069778027030571e-02	7.833253262759713731e-02
1.243790721930773088e+03	2.424023206589343560e-01	1.568480633309360939e-01	2.613705954876731075e-01	1.559324194838525302e-01	7.434276374368274654e-02	3.072211435448903016e-02	7.838172294025315401e-02
1.245242052994869937e+03	2.422096081654718513e-01	1.567236198667747993e-01	2.615083252025051652e-01	1.560090291145558028e-01	7.437508409679374766e-02	3.074350423963940690e-02	7.843082931408031089e-02
1.246693384058966330e+03	2.420172245290519164e-01	1.565993843463419077e-01	2.616458226416369937e-01	1.560855002068533004e-01	7.440734893983495801e-02	3.076486744857500483e-02	7.847985188752704122e-02
1.248144715123063179e+03	2.418251691868879283e-01	1.564753564214913517e-01	2.617830881946264232e-01	1.561618330342182948e-01	7.443955836949577021e-02	3.078620399423701026e-02	7.852879079886432301e-02
1.249596046187159800e+03	2.416334415771651811e-01	1.563515357446602916e-01	2.619201222503776960e-01	1.562380278694811553e-01	7.447171248229751683e-02	3.080751388965370305e-02	7.857764618618560959e-02
1.251047377251256421e+03	2.414420411390394150e-01	1.562279219688678944e-01	2.620569251971423541e-01	1.563140849848313474e-01	7.450381137459366476e-02	3.082879714793996390e-02	7.862641818740648270e-02
1.252498708315352815e+03	2.412509673126349008e-01	1.561045147477145012e-01	2.621934974225206272e-01	1.563900046518194309e-01	7.453585514257020372e-02	3.085005378229676437e-02	7.867510694026465246e-02
1.253950039379449436e+03	2.410602195390428304e-01	1.559813137353806556e-01	2.623298393134623763e-01	1.564657871413591417e-01	7.456784388224578508e-02	3.087128380601064995e-02	7.872371258231962432e-02
1.255401370443546057e+03	2.408697972603196513e-01	1.558583185866260490e-01	2.624659512562681485e-01	1.565414327237291958e-01	7.459977768947211041e-02	3.089248723245325429e-02	7.877223525095265744e-02
1.256852701507642678e+03	2.406796999194852626e-01	1.557355289567885770e-01	2.626018336365903427e-01	1.566169416685755378e-01	7.463165665993411191e-02	3.091366407508078576e-02	7.882067508336648709e-02
1.258304032571739299e+03	2.404899269605212941e-01	1.556129445017834789e-01	2.627374868394342089e-01	1.566923142449130613e-01	7.466348088915027159e-02	3.093481434743353478e-02	7.886903221658525531e-02
1.259755363635835920e+03	2.403004778283695519e-01	1.554905648781021721e-01	2.628729112491590691e-01	1.567675507211277186e-01	7.469525047247289884e-02	3.095593806313537422e-02	7.891730678745430272e-02
1.261206694699932314e+03	2.401113519689301590e-01	1.553683897428114469e-01	2.630081072494794281e-01	1.568426513649784915e-01	7.472696550508835245e-02	3.097703523589326324e-02	7.896549893263998809e-02
1.262658025764028707e+03	2.399225488290600006e-01	1.552464187535524398e-01	2.631430752234657500e-01	1.569176164435991949e-01	7.475862608201737369e-02	3.099810587949675469e-02	7.901360878862959125e-02
1.264109356828125556e+03	2.397340678565709204e-01	1.551246515685396898e-01	2.632778155535458464e-01	1.569924462235005869e-01	7.479023229811530837e-02	3.101915000781750933e-02	7.906163649173113261e-02
1.265560687892221949e+03	2.395459085002281385e-01	1.550030878465601669e-01	2.634123286215060422e-01	1.570671409705721999e-01	7.482178424807238437e-02	3.104016763480879626e-02	7.910958217807326220e-02
1.267012018956318798e+03	2.393580702097484747e-01	1.548817272469723005e-01	2.635466148084917859e-01	1.571417009500843398e-01	7.485328202641398920e-02	3.106115877450502105e-02	7.915744598360506534e-02
1.268463350020415419e+03	2.391705524357986834e-01	1.547605694297050638e-01	2.636806744950092041e-01	1.572161264266898617e-01	7.488472572750093370e-02	3.108212344102122271e-02	7.920522804409593776e-02
1.269914681084511813e+03	2.389833546299939271e-01	1.546396140552570020e-01	2.638145080609258786e-01	1.572904176644262797e-01	7.491611544552974344e-02	3.110306164855259833e-02	7.925292849513550231e-02
1.271366012148608434e+03	2.387964762448958056e-01	1.545188607846952056e-01	2.639481158854721232e-01	1.573645749267174598e-01	7.494745127453286693e-02	3.112397341137403128e-02	7.930054747213342858e-02
1.272817343212705055e+03	2.386099167340109684e-01	1.543983092796544498e-01	2.640814983472418720e-01	1.574385984763756741e-01	7.497873330837900863e-02	3.114485874383959504e-02	7.934808511031932188e-02
1.274268674276801676e+03	2.384236755517893380e-01	1.542779592023362512e-01	2.642146558241938448e-01	1.575124885756034043e-01	7.500996164077337880e-02	3.116571766038208485e-02	7.939554154474257053e-02
1.275720005340898297e+03	2.382377521536223897e-01	1.541578102155078123e-01	2.643475886936527686e-01	1.575862454859951745e-01	7.504113636525792941e-02	3.118655017551253891e-02	7.944291691027224878e-02
1.277171336404994690e+03	2.380521459958416242e-01	1.540378619825012174e-01	2.644802973323099882e-01	1.576598694685395763e-01	7.507225757521164555e-02	3.120735630381977002e-02	7.949021134159706126e-02
1.278622667469091539e+03	2.378668565357167919e-01	1.539181141672123221e-01	2.646127821162250759e-01	1.577333607836209906e-01	7.510332536385079527e-02	3.122813605996988678e-02	7.953742497322509319e-02
1.280073998533187932e+03	2.376818832314542551e-01	1.537985664340999203e-01	2.647450434208263870e-01	1.578067196910214187e-01	7.513433982422923485e-02	3.124888945870583218e-02	7.958455793948382428e-02
1.281525329597284326e+03	2.374972255421954059e-01	1.536792184481848567e-01	2.648770816209125578e-01	1.578799464499224814e-01	7.516530104923865863e-02	3.126961651484690130e-02	7.963161037451996216e-02
1.282976660661381175e+03	2.373128829280149177e-01	1.535600698750489435e-01	2.650088970906533947e-01	1.579530413189071392e-01	7.519620913160880715e-02	3.129031724328829034e-02	7.967858241229934524e-02
1.284427991725477568e+03	2.371288548499191906e-01	1.534411203808340451e-01	2.651404902035908173e-01	1.580260045559614968e-01	7.522706416390782802e-02	3.131099165900062820e-02	7.972547418660684559e-02
1.285879322789574417e+03	2.369451407698446310e-01	1.533223696322412455e-01	2.652718613326399688e-01	1.580988364184766903e-01	7.525786623854247015e-02	3.133163977702950465e-02	7.977228583104627180e-02
1.287330653853671038e+03	2.367617401506561248e-01	1.532038172965298484e-01	2.654030108500904372e-01	1.581715371632506917e-01	7.528861544775836134e-02	3.135226161249502624e-02	7.981901747904028566e-02
1.288781984917767431e+03	2.365786524561452608e-01	1.530854630415163509e-01	2.655339391276070882e-01	1.582441070464901123e-01	7.531931188364031360e-02	3.137285718059133754e-02	7.986566926383029119e-02
1.290233315981864052e+03	2.363958771510288326e-01	1.529673065355736938e-01	2.656646465362312304e-01	1.583165463238119519e-01	7.534995563811253128e-02	3.139342649658618395e-02	7.991224131847636525e-02
