1.001418434226643626e+03	2.796805610576086343e-01	1.808448259006733005e-01	2.347788946767920826e-01	1.409561286733046759e-01	6.807855206017264516e-02	2.676822232531456472e-02	6.889281530595646463e-02
1.003837319333471214e+03	2.792535367314237793e-01	1.805707712826357392e-01	2.350829360859444384e-01	1.411296109193364567e-01	6.815032295244885518e-02	2.681141066795810282e-02	6.900141136007502396e-02
1.006256204440298802e+03	2.788277275577098480e-01	1.802974797304715548e-01	2.353861246368506854e-01	1.413025519100455651e-01	6.822188799487254041e-02	2.685452366859397352e-02	6.910970450127826292e-02
1.008675089547126618e+03	2.784031300608549864e-01	1.800249491162145554e-01	2.356884627121726139e-01	1.414749535761421484e-01	6.829324778197122525e-02	2.689756128004479330e-02	6.921769547242213882e-02
1.011093974653954206e+03	2.779797407753394900e-01	1.797531773178350778e-01	2.359899526879107312e-01	1.416468178394812427e-01	6.836440290655812491e-02	2.694052345670486931e-02	6.932538501599290470e-02
1.013512859760782021e+03	2.775575562457052170e-01	1.794821622192234734e-01	2.362905969334229417e-01	1.418181466131186175e-01	6.843535395973908420e-02	2.698341015452792452e-02	6.943277387408523793e-02
1.015931744867609382e+03	2.771365730265247795e-01	1.792119017101733991e-01	2.365903978114433093e-01	1.419889418013661475e-01	6.850610153091930832e-02	2.702622133101485052e-02	6.953986278838070190e-02
1.018350629974437197e+03	2.767167876823716233e-01	1.789423936863655806e-01	2.368893576781002930e-01	1.421592052998467137e-01	6.857664620781001030e-02	2.706895694520160267e-02	6.964665250012667952e-02
1.020769515081264785e+03	2.762981967877893297e-01	1.786736360493512421e-01	2.371874788829355096e-01	1.423289389955487427e-01	6.864698857643490582e-02	2.711161695764712290e-02	6.975314375011563983e-02
1.023188400188092373e+03	2.758807969272616401e-01	1.784056267065357582e-01	2.374847637689220803e-01	1.424981447668803303e-01	6.871712922113661082e-02	2.715420133042137710e-02	6.985933727866469600e-02
1.025607285294920075e+03	2.754645846951822574e-01	1.781383635711623059e-01	2.377812146724830877e-01	1.426668244837229205e-01	6.878706872458284494e-02	2.719671002709345836e-02	6.996523382559555193e-02
1.028026170401747549e+03	2.750495566958251481e-01	1.778718445622956001e-01	2.380768339235098396e-01	1.428349800074847076e-01	6.885680766777255157e-02	2.723914301271976313e-02	7.007083413021487905e-02
1.030445055508575479e+03	2.746357095433142326e-01	1.776060676048055453e-01	2.383716238453801595e-01	1.430026131911535103e-01	6.892634663004193474e-02	2.728150025383226096e-02	7.017613893129491520e-02
1.032863940615402726e+03	2.742230398615939091e-01	1.773410306293512206e-01	2.386655867549766774e-01	1.431697258793491190e-01	6.899568618907039874e-02	2.732378171842683029e-02	7.028114896705442427e-02
1.035282825722230655e+03	2.738115442843994107e-01	1.770767315723645041e-01	2.389587249627050380e-01	1.433363199083756423e-01	6.906482692088629360e-02	2.736598737595166697e-02	7.038586497514007223e-02
1.037701710829058356e+03	2.734012194552270514e-01	1.768131683760341410e-01	2.392510407725119692e-01	1.435023971062730219e-01	6.913376939987264658e-02	2.740811719729579002e-02	7.049028769260798355e-02
1.040120595935886058e+03	2.729920620273050269e-01	1.765503389882895624e-01	2.395425364819034064e-01	1.436679592928684635e-01	6.920251419877276877e-02	2.745017115477758202e-02	7.059441785590575558e-02
1.042539481042713533e+03	2.725840686635638277e-01	1.762882413627849809e-01	2.398332143819625617e-01	1.438330082798272846e-01	6.927106188869576464e-02	2.749214922213345444e-02	7.069825620085469497e-02
1.044958366149541234e+03	2.721772360366071508e-01	1.760268734588832373e-01	2.401230767573678260e-01	1.439975458707034861e-01	6.933941303912197207e-02	2.753405137450655113e-02	7.080180346263235946e-02
1.047377251256368709e+03	2.717715608286826456e-01	1.757662332416400075e-01	2.404121258864107546e-01	1.441615738609898223e-01	6.940756821790834696e-02	2.757587758843551770e-02	7.090506037575548814e-02
1.049796136363196410e+03	2.713670397316528815e-01	1.755063186817878984e-01	2.407003640410139145e-01	1.443250940381676506e-01	6.947552799129368128e-02	2.761762784184339237e-02	7.100802767406313998e-02
1.052215021470024112e+03	2.709636694469664264e-01	1.752471277557205720e-01	2.409877934867488414e-01	1.444881081817562529e-01	6.954329292390380723e-02	2.765930211402651412e-02	7.111070609070016535e-02
1.054633906576851814e+03	2.705614466856289813e-01	1.749886584454769245e-01	2.412744164828536375e-01	1.446506180633617966e-01	6.961086357875673203e-02	2.770090038564353499e-02	7.121309635810096905e-02
1.057052791683679516e+03	2.701603681681745694e-01	1.747309087387253768e-01	2.415602352822509291e-01	1.448126254467260177e-01	6.967824051726771717e-02	2.774242263870448783e-02	7.131519920797353695e-02
1.059471676790506763e+03	2.697604306246368377e-01	1.744738766287481646e-01	2.418452521315652692e-01	1.449741320877744044e-01	6.974542429925426057e-02	2.778386885655993385e-02	7.141701537128378185e-02
1.061890561897334692e+03	2.693616307945208010e-01	1.742175601144256292e-01	2.421294692711409846e-01	1.451351397346640759e-01	6.981241548294092603e-02	2.782523902389017617e-02	7.151854557824011138e-02
1.064309447004162394e+03	2.689639654267739211e-01	1.739619572002206460e-01	2.424128889350597171e-01	1.452956501278312995e-01	6.987921462496433922e-02	2.786653312669454610e-02	7.161979055827828733e-02
1.066728332110990095e+03	2.685674312797580732e-01	1.737070658961629432e-01	2.426955133511579099e-01	1.454556650000385642e-01	6.994582228037787841e-02	2.790775115228074504e-02	7.172075104004660417e-02
1.069147217217817570e+03	2.681720251212212358e-01	1.734528842178337249e-01	2.429773447410443488e-01	1.456151860764213490e-01	7.001223900265653166e-02	2.794889308925427654e-02	7.182142775139124802e-02
1.071566102324645271e+03	2.677777437282691797e-01	1.731994101863500446e-01	2.432583853201175372e-01	1.457742150745346132e-01	7.007846534370150426e-02	2.798995892750791650e-02	7.192182141934194695e-02
1.073984987431472746e+03	2.673845838873373237e-01	1.729466418283494011e-01	2.435386372975831826e-01	1.459327537043986767e-01	7.014450185384488168e-02	2.803094865821129447e-02	7.202193277009791283e-02
1.076403872538300675e+03	2.669925423941630904e-01	1.726945771759743620e-01	2.438181028764714042e-01	1.460908036685450717e-01	7.021034908185426471e-02	2.807186227380048527e-02	7.212176252901396356e-02
1.078822757645127922e+03	2.666016160537576507e-01	1.724432142668571588e-01	2.440967842536541366e-01	1.462483666620617018e-01	7.027600757493727979e-02	2.811269976796771861e-02	7.222131142058697828e-02
1.081241642751955851e+03	2.662118016803783349e-01	1.721925511441043388e-01	2.443746836198623651e-01	1.464054443726379440e-01	7.034147787874606150e-02	2.815346113565111996e-02	7.232058016844250536e-02
1.083660527858783553e+03	2.658230960975007662e-01	1.719425858562815546e-01	2.446518031597031406e-01	1.465620384806091692e-01	7.040676053738179063e-02	2.819414637302454160e-02	7.241956949532167565e-02
1.086079412965611255e+03	2.654354961377913824e-01	1.716933164573982984e-01	2.449281450516770098e-01	1.467181506590011508e-01	7.047185609339902401e-02	2.823475547748743181e-02	7.251828012306835158e-02
1.088498298072438729e+03	2.650489986430798472e-01	1.714447410068927202e-01	2.452037114681948904e-01	1.468737825735738634e-01	7.053676508781012156e-02	2.827528844765479429e-02	7.261671277261642909e-02
1.090917183179266431e+03	2.646636004643316276e-01	1.711968575696164452e-01	2.454785045755951967e-01	1.470289358828651138e-01	7.060148806008958999e-02	2.831574528334719620e-02	7.271486816397750019e-02
1.093336068286093905e+03	2.642792984616206264e-01	1.709496642158194746e-01	2.457525265341608811e-01	1.471836122382338685e-01	7.066602554817837112e-02	2.835612598558084549e-02	7.281274701622861278e-02
1.095754953392921607e+03	2.638960895041019827e-01	1.707031590211351701e-01	2.460257794981362822e-01	1.473378132839030241e-01	7.073037808848814390e-02	2.839643055655772727e-02	7.291035004750034965e-02
1.098173838499749309e+03	2.635139704699848706e-01	1.704573400665651550e-01	2.462982656157441941e-01	1.474915406570021514e-01	7.079454621590550167e-02	2.843665899965580265e-02	7.300767797496504619e-02
1.100592723606577010e+03	2.631329382465054656e-01	1.702122054384644090e-01	2.465699870292024365e-01	1.476447959876095450e-01	7.085853046379621267e-02	2.847681131941928387e-02	7.310473151482532739e-02
1.103011608713404712e+03	2.627529897298999662e-01	1.699677532285262804e-01	2.468409458747410079e-01	1.477975808987943840e-01	7.092233136400939719e-02	2.851688752154894410e-02	7.320151138230272803e-02
1.105430493820231959e+03	2.623741218253775598e-01	1.697239815337675262e-01	2.471111442826186555e-01	1.479498970066581987e-01	7.098594944688162156e-02	2.855688761289252448e-02	7.329801829162664595e-02
1.107849378927059888e+03	2.619963314470938331e-01	1.694808884565136287e-01	2.473805843771396118e-01	1.481017459203760878e-01	7.104938524124108923e-02	2.859681160143515491e-02	7.339425295602340638e-02
1.110268264033887590e+03	2.616196155181239047e-01	1.692384721043837803e-01	2.476492682766702480e-01	1.482531292422377689e-01	7.111263927441165145e-02	2.863665949628989640e-02	7.349021608770560376e-02
1.112687149140715292e+03	2.612439709704358348e-01	1.689967305902762285e-01	2.479171980936557829e-01	1.484040485676881849e-01	7.117571207221697061e-02	2.867643130768828333e-02	7.358590839786158244e-02
1.115106034247542766e+03	2.608693947448642025e-01	1.687556620323535927e-01	2.481843759346367417e-01	1.485545054853678049e-01	7.123860415898446152e-02	2.871612704697095939e-02	7.368133059664515316e-02
1.117524919354370468e+03	2.604958837910834046e-01	1.685152645540280436e-01	2.484508039002655821e-01	1.487045015771526479e-01	7.130131605754938540e-02	2.875574672657837602e-02	7.377648339316553172e-02
1.119943804461197942e+03	2.601234350675815099e-01	1.682755362839466751e-01	2.487164840853231251e-01	1.488540384181939735e-01	7.136384828925877721e-02	2.879529036004152207e-02	7.387136749547741632e-02
1.122362689568025871e+03	2.597520455416338914e-01	1.680364753559770163e-01	2.489814185787349865e-01	1.490031175769576943e-01	7.142620137397548419e-02	2.883475796197275051e-02	7.396598361057120374e-02
1.124781574674853118e+03	2.593817121892770805e-01	1.677980799091922659e-01	2.492456094635880359e-01	1.491517406152634284e-01	7.148837583008210705e-02	2.887414954805662959e-02	7.406033244436359408e-02
1.127200459781681047e+03	2.590124319952824550e-01	1.675603480878569695e-01	2.495090588171466062e-01	1.492999090883232738e-01	7.155037217448487197e-02	2.891346513504087015e-02	7.415441470168813998e-02
1.129619344888508749e+03	2.586442019531304815e-01	1.673232780414123655e-01	2.497717687108689522e-01	1.494476245447803053e-01	7.161219092261757180e-02	2.895270474072730860e-02	7.424823108628611501e-02
1.132038229995336451e+03	2.582770190649847919e-01	1.670868679244620347e-01	2.500337412104233770e-01	1.495948885267468220e-01	7.167383258844553517e-02	2.899186838396293486e-02	7.434178230079757643e-02
1.134457115102163925e+03	2.579108803416659823e-01	1.668511158967574681e-01	2.502949783757045243e-01	1.497417025698420945e-01	7.173529768446941512e-02	2.903095608463099678e-02	7.443506904675249725e-02
1.136876000208991627e+03	2.575457828026263551e-01	1.666160201231837446e-01	2.505554822608494492e-01	1.498880682032300848e-01	7.179658672172906098e-02	2.906996786364215296e-02	7.452809202456218973e-02
1.139294885315819101e+03	2.571817234759236070e-01	1.663815787737450702e-01	2.508152549142537713e-01	1.500339869496567224e-01	7.185770020980736250e-02	2.910890374292567431e-02	7.462085193351077061e-02
1.141713770422646803e+03	2.568186993981957933e-01	1.661477900235506233e-01	2.510742983785878568e-01	1.501794603254868188e-01	7.191863865683412183e-02	2.914776374542070794e-02	7.471334947174697316e-02
1.144132655529474505e+03	2.564567076146355151e-01	1.659146520528002322e-01	2.513326146908126946e-01	1.503244898407410379e-01	7.197940256948981430e-02	2.918654789506759661e-02	7.480558533627594542e-02
1.146551540636302207e+03	2.560957451789645511e-01	1.656821630467703033e-01	2.515902058821959386e-01	1.504690769991321175e-01	7.203999245300937715e-02	2.922525621679925717e-02	7.489756022295135374e-02
1.148970425743129908e+03	2.557358091534083777e-01	1.654503211957994713e-01	2.518470739783277290e-01	1.506132232981011732e-01	7.210040881118603973e-02	2.926388873653261447e-02	7.498927482646751408e-02
1.151389310849957155e+03	2.553768966086711889e-01	1.652191246952745274e-01	2.521032209991368456e-01	1.507569302288534752e-01	7.216065214637505665e-02	2.930244548116006653e-02	7.508072984035180086e-02
1.153808195956785084e+03	2.550190046239104724e-01	1.649885717456164302e-01	2.523586489589062509e-01	1.509001992763942257e-01	7.222072295949746867e-02	2.934092647854103647e-02	7.517192595695718071e-02
1.156227081063612786e+03	2.546621302867118075e-01	1.647586605522660952e-01	2.526133598662891333e-01	1.510430319195637805e-01	7.228062175004386358e-02	2.937933175749356945e-02	7.526286386745487111e-02
1.158645966170440488e+03	2.543062706930641625e-01	1.645293893256705164e-01	2.528673557243245051e-01	1.511854296310727042e-01	7.234034901607803991e-02	2.941766134778596442e-02	7.535354426182716558e-02
1.161064851277267962e+03	2.539514229473347484e-01	1.643007562812688060e-01	2.531206385304530238e-01	1.513273938775367977e-01	7.239990525424085110e-02	2.945591528012849597e-02	7.544396782886043928e-02
1.163483736384095664e+03	2.535975841622439830e-01	1.640727596394781773e-01	2.533732102765325345e-01	1.514689261195113767e-01	7.245929095975375822e-02	2.949409358616512933e-02	7.553413525613825175e-02
1.165902621490923138e+03	2.532447514588411219e-01	1.638453976256799838e-01	2.536250729488538913e-01	1.516100278115256328e-01	7.251850662642264633e-02	2.953219629846536021e-02	7.562404723003465778e-02
1.168321506597751068e+03	2.528929219664790562e-01	1.636186684702061189e-01	2.538762285281562781e-01	1.517507004021167172e-01	7.257755274664144662e-02	2.957022345051605813e-02	7.571370443570758779e-02
1.170740391704578315e+03	2.525420928227901651e-01	1.633925704083249442e-01	2.541266789896429734e-01	1.518909453338634918e-01	7.263642981139584176e-02	2.960817507671337223e-02	7.580310755709249171e-02
1.173159276811406244e+03	2.521922611736613917e-01	1.631671016802276886e-01	2.543764263029967831e-01	1.520307640434198637e-01	7.269513831026687412e-02	2.964605121235470292e-02	7.589225727689596912e-02
1.175578161918233945e+03	2.518434241732099288e-01	1.629422605310145988e-01	2.546254724323954721e-01	1.521701579615483135e-01	7.275367873143469277e-02	2.968385189363070137e-02	7.598115427658964915e-02
1.177997047025061647e+03	2.514955789837589051e-01	1.627180452106812558e-01	2.548738193365269744e-01	1.523091285131526473e-01	7.281205156168209236e-02	2.972157715761734528e-02	7.606979923640416752e-02
1.180415932131889122e+03	2.511487227758127383e-01	1.624944539741050020e-01	2.551214689686051584e-01	1.524476771173108869e-01	7.287025728639823230e-02	2.975922704226804591e-02	7.615819283532329620e-02
1.182834817238716823e+03	2.508028527280333764e-01	1.622714850810311749e-01	2.553684232763848150e-01	1.525858051873076882e-01	7.292829638958220340e-02	2.979680158640581403e-02	7.624633575107821193e-02
1.185253702345544298e+03	2.504579660272157615e-01	1.620491367960597007e-01	2.556146842021771448e-01	1.527235141306665933e-01	7.298616935384667770e-02	2.983430082971547451e-02	7.633422866014186181e-02
1.187672587452371999e+03	2.501140598682639049e-01	1.618274073886313835e-01	2.558602536828648577e-01	1.528608053491821439e-01	7.304387666042148897e-02	2.987172481273594332e-02	7.642187223772345384e-02
1.190091472559199701e+03	2.497711314541669059e-01	1.616062951330144437e-01	2.561051336499173825e-01	1.529976802389514945e-01	7.310141878915728253e-02	2.990907357685252191e-02	7.650926715776316944e-02
1.192510357666027403e+03	2.494291779959748601e-01	1.613857983082910841e-01	2.563493260294060216e-01	1.531341401904060262e-01	7.315879621852904025e-02	2.994634716428927826e-02	7.659641409292686220e-02
1.194929242772855105e+03	2.490881967127751284e-01	1.611659151983440563e-01	2.565928327420191613e-01	1.532701865883426828e-01	7.321600942563973036e-02	2.998354561810145230e-02	7.668331371460097856e-02
1.197348127879682352e+03	2.487481848316685784e-01	1.609466440918431995e-01	2.568356557030772036e-01	1.534058208119549183e-01	7.327305888622380470e-02	3.002066898216792026e-02	7.676996669288760344e-02
1.199767012986510281e+03	2.484091395877457698e-01	1.607279832822322008e-01	2.570777968225475552e-01	1.535410442348636439e-01	7.332994507465082079e-02	3.005771730118371454e-02	7.685637369659956142e-02
1.202185898093337983e+03	2.480710582240635009e-01	1.605099310677151059e-01	2.573192580050598366e-01	1.536758582251476490e-01	7.338666846392899457e-02	3.009469062065257133e-02	7.694253539325569824e-02
1.204604783200165684e+03	2.477339379916210227e-01	1.602924857512431633e-01	2.575600411499205378e-01	1.538102641453741593e-01	7.344322952570876695e-02	3.013158898687953724e-02	7.702845244907620403e-02
1.207023668306993159e+03	2.473977761493367511e-01	1.600756456405015571e-01	2.578001481511281168e-01	1.539442633526288406e-01	7.349962873028631494e-02	3.016841244696363139e-02	7.711412552897822792e-02
1.209442553413820860e+03	2.470625699640248696e-01	1.598594090478961116e-01	2.580395808973877658e-01	1.540778571985458034e-01	7.355586654660709045e-02	3.020516104879054919e-02	7.719955529657132609e-02
1.211861438520648335e+03	2.467283167103717922e-01	1.596437742905402746e-01	2.582783412721261218e-01	1.542110470293371893e-01	7.361194344226938691e-02	3.024183484102540773e-02	7.728474241415329848e-02
1.214280323627476264e+03	2.463950136709131267e-01	1.594287396902418497e-01	2.585164311535064763e-01	1.543438341858227314e-01	7.366785988352782255e-02	3.027843387310553622e-02	7.736968754270596993e-02
1.216699208734303511e+03	2.460626581360104148e-01	1.592143035734898959e-01	2.587538524144428753e-01	1.544762200034589805e-01	7.372361633529689318e-02	3.031495819523333593e-02	7.745439134189115171e-02
1.219118093841131440e+03	2.457312474038279848e-01	1.590004642714417937e-01	2.589906069226152185e-01	1.546082058123682823e-01	7.377921326115448319e-02	3.035140785836915739e-02	7.753885447004665865e-02
1.221536978947959142e+03	2.454007787803099971e-01	1.587872201199100608e-01	2.592266965404838031e-01	1.547397929373676706e-01	7.383465112334532121e-02	3.038778291422423658e-02	7.762307758418253434e-02
1.223955864054786844e+03	2.450712495791573797e-01	1.585745694593494182e-01	2.594621231253038673e-01	1.548709826979975113e-01	7.388993038278453274e-02	3.042408341525367974e-02	7.770706133997722087e-02
1.226374749161614318e+03	2.447426571218050406e-01	1.583625106348439116e-01	2.596968885291403573e-01	1.550017764085497574e-01	7.394505149906109576e-02	3.046030941464949668e-02	7.779080639177399226e-02
1.228793634268442020e+03	2.444149987373989696e-01	1.581510419960938663e-01	2.599309945988821369e-01	1.551321753780962598e-01	7.400001493044135181e-02	3.049646096633365500e-02	7.787431339257741558e-02
1.231212519375269494e+03	2.440882717627735066e-01	1.579401618974031196e-01	2.601644431762568099e-01	1.552621809105166617e-01	7.405482113387248932e-02	3.053253812495122441e-02	7.795758299404986769e-02
1.233631404482097196e+03	2.437624735424287203e-01	1.577298686976660869e-01	2.603972360978448197e-01	1.553917943045262651e-01	7.410947056498597141e-02	3.056854094586351767e-02	7.804061584650830163e-02
1.236050289588924898e+03	2.434376014285078160e-01	1.575201607603549936e-01	2.606293751950941595e-01	1.555210168537035087e-01	7.416396367810104695e-02	3.060446948514130433e-02	7.812341259892090217e-02
1.238469174695752372e+03	2.431136527807744030e-01	1.573110364535071359e-01	2.608608622943345834e-01	1.556498498465173630e-01	7.421830092622819230e-02	3.064032379955806615e-02	7.820597389890403262e-02
1.240888059802580301e+03	2.427906249665903460e-01	1.571024941497120020e-01	2.610916992167918171e-01	1.557782945663545859e-01	7.427248276107258074e-02	3.067610394658329756e-02	7.828830039271919561e-02
1.243306944909407548e+03	2.424685153608931165e-01	1.568945322260987540e-01	2.613218877786021022e-01	1.559063522915465350e-01	7.432650963303752412e-02	3.071180998437582355e-02	7.837039272527000777e-02
1.245725830016235477e+03	2.421473213461736163e-01	1.566871490643234055e-01	2.615514297908262398e-01	1.560340242953960621e-01	7.438038199122788685e-02	3.074744197177720420e-02	7.845225154009943802e-02
1.248144715123063179e+03	2.418270403124538337e-01	1.564803430505563309e-01	2.617803270594638576e-01	1.561613118462040761e-01	7.443410028345356921e-02	3.078299996830514973e-02	7.853387747938699037e-02
1.250563600229890881e+03	2.415076696572647508e-01	1.562741125754695815e-01	2.620085813854676204e-01	1.562882162072958825e-01	7.448766495623292128e-02	3.081848403414700482e-02	7.861527118394605329e-02
1.252982485336718355e+03	2.411892067856241662e-01	1.560684560342242011e-01	2.622361945647572190e-01	1.564147386370474124e-01	7.454107645479618460e-02	3.085389423015323651e-02	7.869643329322136005e-02
1.255401370443546057e+03	2.408716491100146850e-01	1.558633718264580692e-01	2.624631683882335254e-01	1.565408803889112299e-01	7.459433522308885067e-02	3.088923061783100874e-02	7.877736444528642135e-02
1.257820255550373531e+03	2.405549940503617368e-01	1.556588583562729389e-01	2.626895046417926372e-01	1.566666427114422888e-01	7.464744170377513033e-02	3.092449325933777776e-02	7.885806527684116607e-02
1.260239140657201460e+03	2.402392390340116757e-01	1.554549140322224188e-01	2.629152051063399775e-01	1.567920268483237178e-01	7.470039633824136771e-02	3.095968221747492227e-02	7.893853642320959596e-02
1.262658025764028707e+03	2.399243814957099652e-01	1.552515372672991500e-01	2.631402715578040064e-01	1.569170340383920781e-01	7.475319956659942644e-02	3.099479755568143244e-02	7.901877851833757904e-02
1.265076910870856636e+03	2.396104188775793065e-01	1.550487264789227604e-01	2.633647057671504310e-01	1.570416655156627594e-01	7.480585182769006192e-02	3.102983933802763022e-02	7.909879219479068468e-02
1.267495795977684338e+03	2.392973486290981000e-01	1.548464800889273185e-01	2.635885095003959178e-01	1.571659225093549883e-01	7.485835355908633526e-02	3.106480762920893479e-02	7.917857808375208806e-02
1.269914681084511813e+03	2.389851682070786298e-01	1.546447965235490385e-01	2.638116845186219139e-01	1.572898062439167799e-01	7.491070519709701336e-02	3.109970249453965913e-02	7.925813681502061336e-02
1.272333566191339514e+03	2.386738750756457472e-01	1.544436742134140395e-01	2.640342325779885257e-01	1.574133179390496406e-01	7.496290717676992732e-02	3.113452399994687259e-02	7.933746901700883258e-02
1.274752451298167216e+03	2.383634667062151380e-01	1.542431115935260499e-01	2.642561554297484516e-01	1.575364588097331320e-01	7.501495993189535860e-02	3.116927221196428427e-02	7.941657531674119197e-02
1.277171336404994690e+03	2.380539405774720063e-01	1.540431071032542232e-01	2.644774548202603048e-01	1.576592300662492119e-01	7.506686389500941137e-02	3.120394719772615413e-02	7.949545633985226345e-02
1.279590221511822392e+03	2.377452941753496751e-01	1.538436591863210079e-01	2.646981324910027134e-01	1.577816329142064378e-01	7.511861949739734312e-02	3.123854902496128391e-02	7.957411271058513480e-02
1.282009106618650094e+03	2.374375249930082976e-01	1.536447662907898803e-01	2.649181901785876980e-01	1.579036685545640584e-01	7.517022716909695090e-02	3.127307776198700456e-02	7.965254505178970268e-02
1.284427991725477568e+03	2.371306305308135964e-01	1.534464268690532984e-01	2.651376296147744394e-01	1.580253381836557725e-01	7.522168733890194359e-02	3.130753347770324352e-02	7.973075398492122934e-02
1.286846876832305497e+03	2.368246082963158250e-01	1.532486393778206279e-01	2.653564525264827667e-01	1.581466429932135154e-01	7.527300043436523092e-02	3.134191624158659539e-02	7.980874013003885770e-02
1.289265761939132744e+03	2.365194558042285344e-01	1.530514022781061245e-01	2.655746606358068695e-01	1.582675841703909125e-01	7.532416688180232356e-02	3.137622612368445862e-02	7.988650410580419581e-02
1.291684647045960673e+03	2.362151705764075904e-01	1.528547140352168043e-01	2.657922556600284536e-01	1.583881628977866496e-01	7.537518710629463603e-02	3.141046319460919639e-02	7.996404652948008174e-02
1.294103532152788375e+03	2.359117501418301621e-01	1.526585731187405648e-01	2.660092393116305631e-01	1.585083803534676761e-01	7.542606153169278960e-02	3.144462752553234264e-02	8.004136801692926517e-02
1.296522417259616077e+03	2.356091920365739056e-01	1.524629780025342218e-01	2.662256132983107926e-01	1.586282377109922981e-01	7.547679058062001234e-02	3.147871918817884973e-02	8.011846918261328332e-02
1.298941302366443551e+03	2.353074938037960639e-01	1.522679271647116306e-01	2.664413793229947203e-01	1.587477361394328268e-01	7.552737467447538655e-02	3.151273825482135693e-02	8.019535063959135068e-02
1.301360187473271253e+03	2.350066529937127058e-01	1.520734190876316949e-01	2.666565390838493421e-01	1.588668768033985601e-01	7.557781423343717941e-02	3.154668479827452826e-02	8.027201299951929048e-02
1.303779072580098727e+03	2.347066671635779922e-01	1.518794522578866824e-01	2.668710942742963388e-01	1.589856608630581258e-01	7.562810967646617366e-02	3.158055889188940424e-02	8.034845687264859093e-02
1.306197957686926657e+03	2.344075338776635820e-01	1.516860251662902059e-01	2.670850465830252318e-01	1.591040894741620471e-01	7.567826142130895661e-02	3.161436060954777444e-02	8.042468286782550324e-02
1.308616842793753904e+03	2.341092507072380646e-01	1.514931363078657056e-01	2.672983976940067063e-01	1.592221637880647800e-01	7.572826988450119534e-02	3.164809002565666107e-02	8.050069159249020889e-02
1.311035727900581833e+03	2.338118152305463382e-01	1.513007841818344579e-01	2.675111492865058782e-01	1.593398849517469185e-01	7.577813548137095345e-02	3.168174721514274012e-02	8.057648365267601476e-02
1.313454613007409534e+03	2.335152250327892920e-01	1.511089672916039461e-01	2.677233030350955056e-01	1.594572541078371486e-01	7.582785862604195237e-02	3.171533225344687346e-02	8.065205965300864532e-02
1.315873498114237009e+03	2.332194777061032676e-01	1.509176841447562312e-01	2.679348606096688123e-01	1.595742723946338981e-01	7.587743973143687426e-02	3.174884521651864799e-02	8.072742019670560432e-02
1.318292383221064711e+03	2.329245708495398803e-01	1.507269332530363215e-01	2.681458236754529212e-01	1.596909409461270968e-01	7.592687920928058165e-02	3.178228618081096329e-02	8.080256588557556408e-02
1.320711268327892412e+03	2.326305020690457026e-01	1.505367131323404328e-01	2.683561938930216773e-01	1.598072608920195481e-01	7.597617747010348976e-02	3.181565522327464007e-02	8.087749732001785208e-02
1.323130153434719887e+03	2.323372689774420019e-01	1.503470223027044417e-01	2.685659729183088040e-01	1.599232333577483289e-01	7.602533492324471676e-02	3.184895242135309112e-02	8.095221509902195134e-02
1.325549038541547588e+03	2.320448691944046460e-01	1.501578592882924779e-01	2.687751624026207820e-01	1.600388594645059115e-01	7.607435197685540051e-02	3.188217785297698531e-02	8.102671982016712571e-02
1.327967923648375290e+03	2.317533003464440355e-01	1.499692226173852116e-01	2.689837639926498936e-01	1.601541403292612020e-01	7.612322903790193218e-02	3.191533159655898788e-02	8.110101207962201741e-02
1.330386808755202765e+03	2.314625600668851479e-01	1.497811108223684462e-01	2.691917793304871576e-01	1.602690770647805241e-01	7.617196651216916192e-02	3.194841373098854242e-02	8.117509247214438339e-02
1.332805693862030694e+03	2.311726459958473867e-01	1.495935224397216823e-01	2.693992100536348744e-01	1.603836707796482408e-01	7.622056480426372960e-02	3.198142433562663894e-02	8.124896159108078997e-02
1.335224578968857941e+03	2.308835557802249028e-01	1.494064560100066830e-01	2.696060577950199488e-01	1.604979225782874608e-01	7.626902431761721501e-02	3.201436349030065132e-02	8.132262002836648795e-02
1.337643464075685870e+03	2.305952870736666660e-01	1.492199100778560938e-01	2.698123241830062691e-01	1.606118335609804104e-01	7.631734545448938534e-02	3.204723127529921639e-02	8.139606837452527388e-02
1.340062349182513572e+03	2.303078375365567310e-01	1.490338831919620355e-01	2.700180108414078628e-01	1.607254048238888344e-01	7.636552861597141473e-02	3.208002777136713390e-02	8.146930721866935121e-02
1.342481234289341273e+03	2.300212048359944750e-01	1.488483739050647792e-01	2.702231193895012207e-01	1.608386374590741463e-01	7.641357420198913175e-02	3.211275305970030108e-02	8.154233714849933035e-02
1.344900119396168748e+03	2.297353866457750027e-01	1.486633807739415614e-01	2.704276514420382305e-01	1.609515325545175790e-01	7.646148261130616963e-02	3.214540722194068889e-02	8.161515875030422862e-02
1.347319004502996449e+03	2.294503806463694950e-01	1.484789023593952040e-01	2.706316086092587225e-01	1.610640911941399189e-01	7.650925424152721366e-02	3.217799034017133214e-02	8.168777260896160908e-02
1.349737889609823924e+03	2.291661845249057528e-01	1.482949372262428456e-01	2.708349924969032929e-01	1.611763144578214069e-01	7.655688948910116531e-02	3.221050249691140288e-02	8.176017930793760824e-02
1.352156774716651853e+03	2.288827959751487118e-01	1.481114839433049502e-01	2.710378047062256268e-01	1.612882034214213611e-01	7.660438874932437581e-02	3.224294377511124216e-02	8.183237942928717201e-02
1.354575659823479100e+03	2.286002126974810422e-01	1.479285410833938719e-01	2.712400468340052662e-01	1.613997591567978007e-01	7.665175241634379633e-02	3.227531425814749583e-02	8.190437355365423611e-02
1.356994544930307029e+03	2.283184323988837472e-01	1.477461072233028638e-01	2.714417204725598776e-01	1.615109827318265967e-01	7.669898088316016993e-02	3.230761402981827124e-02	8.197616226027201747e-02
1.359413430037134731e+03	2.280374527929169004e-01	1.475641809437950036e-01	2.716428272097579644e-01	1.616218752104209289e-01	7.674607454163115405e-02	3.233984317433826611e-02	8.204774612696331959e-02
1.361832315143962205e+03	2.277572715997003838e-01	1.473827608295919800e-01	2.718433686290312457e-01	1.617324376525503538e-01	7.679303378247459566e-02	3.237200177633401538e-02	8.211912573014089334e-02
1.364251200250789907e+03	2.274778865458948751e-01	1.472018454693631850e-01	2.720433463093870907e-01	1.618426711142597618e-01	7.683985899527161212e-02	3.240408992083911033e-02	8.219030164480782552e-02
1.366670085357617609e+03	2.271992953646825297e-01	1.470214334557146396e-01	2.722427618254207315e-01	1.619525766476883066e-01	7.688655056846972757e-02	3.243610769328948013e-02	8.226127444455805238e-02
1.369088970464445310e+03	2.269214957957480794e-01	1.468415233851779467e-01	2.724416167473277528e-01	1.620621553010881677e-01	7.693310888938609260e-02	3.246805517951871500e-02	8.233204470157676202e-02
1.371507855571272785e+03	2.266444855852596529e-01	1.466621138581994943e-01	2.726399126409163598e-01	1.621714081188430634e-01	7.697953434421056507e-02	3.249993246575335476e-02	8.240261298664100509e-02
1.373926740678100487e+03	2.263682624858500969e-01	1.464832034791293258e-01	2.728376510676198130e-01	1.622803361414869028e-01	7.702582731800890203e-02	3.253173963860830908e-02	8.247297986912024981e-02
1.376345625784927961e+03	2.260928242565979074e-01	1.463047908562104538e-01	2.730348335845081964e-01	1.623889404057220209e-01	7.707198819472581286e-02	3.256347678508225013e-02	8.254314591697702042e-02
1.378764510891755890e+03	2.258181686630084117e-01	1.461268746015678688e-01	2.732314617443011850e-01	1.624972219444375254e-01	7.711801735718813722e-02	3.259514399255303285e-02	8.261311169676754940e-02
1.381183395998583137e+03	2.255442934769950614e-01	1.459494533311976872e-01	2.734275370953798689e-01	1.626051817867273930e-01	7.716391518710799535e-02	3.262674134877316390e-02	8.268287777364247138e-02
1.383602281105411066e+03	2.252711964768608077e-01	1.457725256649565204e-01	2.736230611817990210e-01	1.627128209579085660e-01	7.720968206508578568e-02	3.265826894186529827e-02	8.275244471134764190e-02
1.386021166212238768e+03	2.249988754472792840e-01	1.455960902265504842e-01	2.738180355432991986e-01	1.628201404795386886e-01	7.725531837061343221e-02	3.268972686031779151e-02	8.282181307222481748e-02
1.388440051319066470e+03	2.247273281792762645e-01	1.454201456435245954e-01	2.740124617153186781e-01	1.629271413694340365e-01	7.730082448207734047e-02	3.272111519298021021e-02	8.289098341721258534e-02
1.390858936425893944e+03	2.244565524702112347e-01	1.452446905472520311e-01	2.742063412290054458e-01	1.630338246416871695e-01	7.734620077676161720e-02	3.275243402905898826e-02	8.295995630584716840e-02
1.393277821532721646e+03	2.241865461237588231e-01	1.450697235729234147e-01	2.743996756112295765e-01	1.631401913066843901e-01	7.739144763085108181e-02	3.278368345811298601e-02	8.302873229626334117e-02
1.395696706639549120e+03	2.239173069498903434e-01	1.448952433595362410e-01	2.745924663845948355e-01	1.632462423711232014e-01	7.743656541943437499e-02	3.281486357004918114e-02	8.309731194519537345e-02
1.398115591746377049e+03	2.236488327648554764e-01	1.447212485498841350e-01	2.747847150674507799e-01	1.633519788380297655e-01	7.748155451650699799e-02	3.284597445511833191e-02	8.316569580797802952e-02
1.400534476853204296e+03	2.233811213911639781e-01	1.445477377905463878e-01	2.749764231739045828e-01	1.634574017067759177e-01	7.752641529497442119e-02	3.287701620391069585e-02	8.323388443854755347e-02
1.402953361960032225e+03	2.231141706575673900e-01	1.443747097318772987e-01	2.751675922138328012e-01	1.635625119730964305e-01	7.757114812665510950e-02	3.290798890735177618e-02	8.330187838944273782e-02
1.405372247066859927e+03	2.228479783990408858e-01	1.442021630279956834e-01	2.753582236928934224e-01	1.636673106291058610e-01	7.761575338228363097e-02	3.293889265669807526e-02	8.336967821180596427e-02
1.407791132173687402e+03	2.225825424567650646e-01	1.440300963367743547e-01	2.755483191125376319e-01	1.637717986633155376e-01	7.766023143151362662e-02	3.296972754353293122e-02	8.343728445538443894e-02
1.410210017280515103e+03	2.223178606781078259e-01	1.438585083198296588e-01	2.757378799700214156e-01	1.638759770606502686e-01	7.770458264292090522e-02	3.300049365976231303e-02	8.350469766853119147e-02
1.412628902387342805e+03	2.220539309166065511e-01	1.436873976425110389e-01	2.759269077584172725e-01	1.639798468024650513e-01	7.774880738400651026e-02	3.303119109761071259e-02	8.357191839820637957e-02
1.415047787494170507e+03	2.217907510319498954e-01	1.435167629738905992e-01	2.761154039666263160e-01	1.640834088665616142e-01	7.779290602119964815e-02	3.306181994961698845e-02	8.363894718997845479e-02
1.417466672600997981e+03	2.215283188899599132e-01	1.433466029867527525e-01	2.763033700793894321e-01	1.641866642272048482e-01	7.783687891986082463e-02	3.309238030863034807e-02	8.370578458802543920e-02
1.419885557707825683e+03	2.212666323625742670e-01	1.431769163575837556e-01	2.764908075772992135e-01	1.642896138551391272e-01	7.788072644428477298e-02	3.312287226780624705e-02	8.377243113513620221e-02
1.422304442814653157e+03	2.210056893278283530e-01	1.430077017665615791e-01	2.766777179368113959e-01	1.643922587176046557e-01	7.792444895770349322e-02	3.315329592060237140e-02	8.383888737271177893e-02
1.424723327921481086e+03	2.207454876698375368e-01	1.428389578975453600e-01	2.768641026302566255e-01	1.644945997783534564e-01	7.796804682228926364e-02	3.318365136077466165e-02	8.390515384076668859e-02
1.427142213028308333e+03	2.204860252787795294e-01	1.426706834380653544e-01	2.770499631258518947e-01	1.645966379976655514e-01	7.801152039915765224e-02	3.321393868237332292e-02	8.397123107793037777e-02
1.429561098135136262e+03	2.202273000508765677e-01	1.425028770793125010e-01	2.772353008877119218e-01	1.646983743323648108e-01	7.805487004837047271e-02	3.324415797973889752e-02	8.403711962144855274e-02
1.431979983241963964e+03	2.199693098883779840e-01	1.423355375161284297e-01	2.774201173758607530e-01	1.647998097358347458e-01	7.809809612893878206e-02	3.327430934749836533e-02	8.410282000718467821e-02
1.434398868348791666e+03	2.197120526995425538e-01	1.421686634469949972e-01	2.776044140462431975e-01	1.649009451580343844e-01	7.814119899882586429e-02	3.330439288056123021e-02	8.416833276962136512e-02
1.436817753455619140e+03	2.194555263986210925e-01	1.420022535740244340e-01	2.777881923507363737e-01	1.650017815455138148e-01	7.818417901495018640e-02	3.333440867411568975e-02	8.423365844186198048e-02
1.439236638562446842e+03	2.191997289058388865e-01	1.418363066029489916e-01	2.779714537371608118e-01	1.651023198414296733e-01	7.822703653318839601e-02	3.336435682362480504e-02	8.429879755563206289e-02
1.441655523669274316e+03	2.189446581473784015e-01	1.416708212431109226e-01	2.781541996492917779e-01	1.652025609855606869e-01	7.826977190837822174e-02	3.339423742482268420e-02	8.436375064128090462e-02
1.444074408776102018e+03	2.186903120553619628e-01	1.415057962074523501e-01	2.783364315268709865e-01	1.653025059143229392e-01	7.831238549432148477e-02	3.342405057371071464e-02	8.442851822778314752e-02
1.446493293882929493e+03	2.184366885678344361e-01	1.413412302125053033e-01	2.785181508056174260e-01	1.654021555607851912e-01	7.835487764378701314e-02	3.345379636655380906e-02	8.449310084274036514e-02
1.448912178989757422e+03	2.181837856287459076e-01	1.411771219783817255e-01	2.786993589172390151e-01	1.655015108546839531e-01	7.839724870851356997e-02	3.348347489987672787e-02	8.455749901238271415e-02
1.451331064096585123e+03	2.179316011879346981e-01	1.410134702287633435e-01	2.788800572894433727e-01	1.656005727224385549e-01	7.843949903921279554e-02	3.351308627046031136e-02	8.462171326157054418e-02
1.453749949203412370e+03	2.176801332011101264e-01	1.408502736908918418e-01	2.790602473459493638e-01	1.656993420871661349e-01	7.848162898557216327e-02	3.354263057533788533e-02	8.468574411379611866e-02
1.456168834310240300e+03	2.174293796298353842e-01	1.406875310955588709e-01	2.792399305064980908e-01	1.657978198686965443e-01	7.852363889625785243e-02	3.357210791179156967e-02	8.474959209118532177e-02
1.458587719417068001e+03	2.171793384415106332e-01	1.405252411770961107e-01	2.794191081868641069e-01	1.658960069835870854e-01	7.856552911891766244e-02	3.360151837734868391e-02	8.481325771449935158e-02
1.461006604523895703e+03	2.169300076093559071e-01	1.403634026733655282e-01	2.795977817988664627e-01	1.659939043451371665e-01	7.860730000018394115e-02	3.363086206977816683e-02	8.487674150313648247e-02
1.463425489630723177e+03	2.166813851123943480e-01	1.402020143257493023e-01	2.797759527503797528e-01	1.660915128634029014e-01	7.864895188567651296e-02	3.366013908708699598e-02	8.494004397513386928e-02
1.465844374737550879e+03	2.164334689354351915e-01	1.400410748791402760e-01	2.799536224453451072e-01	1.661888334452117366e-01	7.869048512000545448e-02	3.368934952751664880e-02	8.500316564716930978e-02
1.468263259844378354e+03	2.161862570690570029e-01	1.398805830819319085e-01	2.801307922837812381e-01	1.662858669941767453e-01	7.873190004677410592e-02	3.371849348953961933e-02	8.506610703456310429e-02
1.470682144951206283e+03	2.159397475095909680e-01	1.397205376860087001e-01	2.803074636617954307e-01	1.663826144107109772e-01	7.877319700858190221e-02	3.374757107185591409e-02	8.512886865127984592e-02
1.473101030058033530e+03	2.156939382591040733e-01	1.395609374467363106e-01	2.804836379715944794e-01	1.664790765920417526e-01	7.881437634702724571e-02	3.377658237338957564e-02	8.519145100993036346e-02
1.475519915164861459e+03	2.154488273253824804e-01	1.394017811229518733e-01	2.806593166014956231e-01	1.665752544322247064e-01	7.885543840271033722e-02	3.380552749328525480e-02	8.525385462177351159e-02
1.477938800271689161e+03	2.152044127219149561e-01	1.392430674769544185e-01	2.808345009359373146e-01	1.666711488221579995e-01	7.889638351523609039e-02	3.383440653090484529e-02	8.531607999671816933e-02
1.480357685378516862e+03	2.149606924678762743e-01	1.390847952744951321e-01	2.810091923554901006e-01	1.667667606495962795e-01	7.893721202321693498e-02	3.386321958582401426e-02	8.537812764332512738e-02
1.482776570485344337e+03	2.147176645881106738e-01	1.389269632847676683e-01	2.811833922368675021e-01	1.668620907991644198e-01	7.897792426427571733e-02	3.389196675782892021e-02	8.543999806880900327e-02
