1.001418434226643626e+03	2.796728997011004858e-01	1.808624990373518815e-01	2.347731956081213767e-01	1.409507299744507947e-01	6.807469634173694828e-02	2.675589453483930361e-02	6.891008480221839927e-02
1.002869765290740247e+03	2.794165198812479933e-01	1.806980350699539661e-01	2.349557032240668919e-01	1.410548451798812053e-01	6.811779522675244503e-02	2.678173222310997054e-02	6.897536919480670714e-02
1.004321096354836754e+03	2.791605780876011411e-01	1.805338458839941818e-01	2.351379036212303819e-01	1.411587655372684991e-01	6.816081990507581734e-02	2.680754292749966405e-02	6.904054403714943167e-02
1.005772427418933376e+03	2.789050735679471926e-01	1.803699310196518191e-01	2.353197973146681221e-01	1.412624914647137575e-01	6.820377050504283778e-02	2.683332663861642473e-02	6.910560948917901514e-02
1.007223758483029997e+03	2.786500055713851398e-01	1.802062900178758309e-01	2.355013848185723013e-01	1.413660233791453058e-01	6.824664715476980170e-02	2.685908334726323440e-02	6.917056571080759664e-02
1.008675089547126618e+03	2.783953733483235382e-01	1.800429224203837220e-01	2.356826666462723541e-01	1.414693616963234868e-01	6.828944998215398521e-02	2.688481304443710723e-02	6.923541286192505528e-02
1.010126420611223239e+03	2.781411761504780089e-01	1.798798277696601611e-01	2.358636433102365426e-01	1.415725068308451573e-01	6.833217911487425578e-02	2.691051572132820494e-02	6.930015110239692855e-02
1.011577751675319632e+03	2.778874132308688516e-01	1.797170056089557599e-01	2.360443153220734003e-01	1.416754591961483789e-01	6.837483468039153023e-02	2.693619136931892435e-02	6.936478059206244162e-02
1.013029082739416367e+03	2.776340838438187131e-01	1.795544554822857131e-01	2.362246831925330637e-01	1.417782192045169698e-01	6.841741680594931596e-02	2.696183997998302315e-02	6.942930149073249513e-02
1.014480413803512761e+03	2.773811872449502003e-01	1.793921769344286044e-01	2.364047474315087993e-01	1.418807872670851400e-01	6.845992561857419667e-02	2.698746154508471773e-02	6.949371395818773611e-02
1.015931744867609382e+03	2.771287226911833823e-01	1.792301695109249915e-01	2.365845085480384469e-01	1.419831637938418489e-01	6.850236124507633195e-02	2.701305605657780551e-02	6.955801815417660128e-02
1.017383075931706003e+03	2.768766894407335699e-01	1.790684327580762958e-01	2.367639670503058624e-01	1.420853491936355240e-01	6.854472381204994302e-02	2.703862350660479058e-02	6.962221423841341572e-02
1.018834406995802851e+03	2.766250867531088731e-01	1.789069662229435254e-01	2.369431234456423063e-01	1.421873438741784179e-01	6.858701344587378457e-02	2.706416388749598861e-02	6.968630237057647780e-02
1.020285738059899245e+03	2.763739138891080360e-01	1.787457694533457209e-01	2.371219782405278864e-01	1.422891482420511888e-01	6.862923027271167209e-02	2.708967719176867683e-02	6.975028271030617177e-02
1.021737069123995752e+03	2.761231701108177172e-01	1.785848419978591506e-01	2.373005319405930014e-01	1.423907627027072853e-01	6.867137441851288437e-02	2.711516341212619891e-02	6.981415541720312201e-02
1.023188400188092373e+03	2.758728546816104910e-01	1.784241834058155618e-01	2.374787850506198394e-01	1.424921876604773041e-01	6.871344600901267696e-02	2.714062254145711839e-02	6.987792065082633342e-02
1.024639731252188767e+03	2.756229668661423493e-01	1.782637932273012649e-01	2.376567380745436830e-01	1.425934235185736254e-01	6.875544516973268461e-02	2.716605457283433403e-02	6.994157857069140116e-02
1.026091062316285615e+03	2.753735059303503707e-01	1.781036710131557455e-01	2.378343915154543520e-01	1.426944706790945205e-01	6.879737202598150414e-02	2.719145949951424016e-02	7.000512933626867884e-02
1.027542393380382237e+03	2.751244711414503330e-01	1.779438163149703600e-01	2.380117458755977300e-01	1.427953295430287317e-01	6.883922670285498591e-02	2.721683731493585584e-02	7.006857310698147434e-02
1.028993724444478858e+03	2.748758617679344929e-01	1.777842286850871145e-01	2.381888016563770416e-01	1.428960005102597464e-01	6.888100932523676112e-02	2.724218801271997142e-02	7.013191004220434288e-02
1.030445055508575479e+03	2.746276770795693656e-01	1.776249076765974710e-01	2.383655593583543508e-01	1.429964839795700160e-01	6.892272001779867208e-02	2.726751158666830890e-02	7.019514030126131066e-02
1.031896386572671872e+03	2.743799163473930047e-01	1.774658528433409599e-01	2.385420194812520045e-01	1.430967803486455081e-01	6.896435890500123012e-02	2.729280803076266498e-02	7.025826404342408460e-02
1.033347717636768493e+03	2.741325788437132260e-01	1.773070637399040694e-01	2.387181825239539645e-01	1.431968900140796752e-01	6.900592611109399033e-02	2.731807733916406800e-02	7.032128142791047032e-02
1.034799048700865114e+03	2.738856638421048317e-01	1.771485399216188583e-01	2.388940489845072790e-01	1.432968133713779790e-01	6.904742176011602339e-02	2.734331950621194177e-02	7.038419261388252635e-02
1.036250379764961508e+03	2.736391706174076677e-01	1.769902809445618730e-01	2.390696193601234421e-01	1.433965508149619150e-01	6.908884597589629029e-02	2.736853452642326254e-02	7.044699776044502371e-02
1.037701710829058356e+03	2.733930984457239588e-01	1.768322863655527044e-01	2.392448941471797819e-01	1.434961027381734255e-01	6.913019888205410024e-02	2.739372239449172283e-02	7.050969702664369732e-02
1.039153041893154750e+03	2.731474466044164773e-01	1.766745557421528778e-01	2.394198738412209593e-01	1.435954695332789799e-01	6.917148060199955484e-02	2.741888310528690573e-02	7.057229057146360840e-02
1.040604372957251599e+03	2.729022143721058224e-01	1.765170886326646038e-01	2.395945589369602446e-01	1.436946515914737654e-01	6.921269125893385332e-02	2.744401665385346606e-02	7.063477855382757631e-02
1.042055704021347992e+03	2.726574010286683114e-01	1.763598845961294181e-01	2.397689499282810444e-01	1.437936493028859064e-01	6.925383097584977832e-02	2.746912303541028041e-02	7.069716113259452706e-02
1.043507035085444613e+03	2.724130058552338141e-01	1.762029431923271550e-01	2.399430473082381776e-01	1.438924630565804608e-01	6.929489987553205665e-02	2.749420224534964916e-02	7.075943846655792513e-02
1.044958366149541234e+03	2.721690281341833106e-01	1.760462639817745034e-01	2.401168515690593475e-01	1.439910932405636668e-01	6.933589808055778958e-02	2.751925427923646375e-02	7.082161071444416367e-02
1.046409697213637855e+03	2.719254671491465603e-01	1.758898465257239252e-01	2.402903632021465008e-01	1.440895402417869675e-01	6.937682571329681358e-02	2.754427913280740187e-02	7.088367803491099628e-02
1.047861028277734476e+03	2.716823221850002135e-01	1.757336903861622945e-01	2.404635826980771884e-01	1.441878044461511188e-01	6.941768289591213059e-02	2.756927680197010511e-02	7.094564058654609373e-02
1.049312359341831097e+03	2.714395925278650923e-01	1.755777951258097602e-01	2.406365105466059806e-01	1.442858862385102692e-01	6.945846975036022719e-02	2.759424728280237063e-02	7.100749852786540639e-02
1.050763690405927491e+03	2.711972774651041918e-01	1.754221603081184966e-01	2.408091472366658825e-01	1.443837860026759012e-01	6.949918639839150480e-02	2.761919057155136359e-02	7.106925201731169317e-02
1.052215021470024112e+03	2.709553762853205150e-01	1.752667854972714545e-01	2.409814932563696666e-01	1.444815041214209395e-01	6.953983296155068217e-02	2.764410666463278099e-02	7.113090121325306436e-02
1.053666352534120733e+03	2.707138882783544642e-01	1.751116702581811124e-01	2.411535490930112324e-01	1.445790409764836359e-01	6.958040956117708675e-02	2.766899555863008495e-02	7.119244627398142733e-02
1.055117683598217127e+03	2.704728127352820088e-01	1.749568141564883939e-01	2.413253152330671059e-01	1.446763969485717338e-01	6.962091631840512662e-02	2.769385725029368042e-02	7.125388735771109872e-02
1.056569014662313975e+03	2.702321489484121320e-01	1.748022167585612519e-01	2.414967921621975766e-01	1.447735724173661587e-01	6.966135335416455410e-02	2.771869173654013113e-02	7.131522462257730566e-02
1.058020345726410369e+03	2.699918962112848320e-01	1.746478776314935866e-01	2.416679803652483360e-01	1.448705677615252374e-01	6.970172078918096537e-02	2.774349901445137198e-02	7.137645822663478412e-02
1.059471676790506763e+03	2.697520538186687911e-01	1.744937963431039685e-01	2.418388803262516984e-01	1.449673833586883898e-01	6.974201874397602252e-02	2.776827908127392150e-02	7.143758832785633561e-02
1.060923007854603611e+03	2.695126210665591548e-01	1.743399724619344726e-01	2.420094925284279608e-01	1.450640195854800973e-01	6.978224733886791153e-02	2.779303193441808040e-02	7.149861508413142552e-02
1.062374338918700232e+03	2.692735972521753118e-01	1.741864055572494296e-01	2.421798174541867910e-01	1.451604768175138171e-01	6.982240669397166144e-02	2.781775757145717870e-02	7.155953865326486474e-02
1.063825669982796853e+03	2.690349816739586730e-01	1.740330951990342045e-01	2.423498555851286707e-01	1.452567554293958396e-01	6.986249692919950516e-02	2.784245599012676736e-02	7.162035919297532471e-02
1.065277001046893474e+03	2.687967736315706180e-01	1.738800409579940587e-01	2.425196074020461445e-01	1.453528557947290079e-01	6.990251816426122644e-02	2.786712718832384805e-02	7.168107686089403296e-02
1.066728332110990095e+03	2.685589724258899413e-01	1.737272424055528730e-01	2.426890733849252080e-01	1.454487782861167700e-01	6.994247051866456233e-02	2.789177116410613069e-02	7.174169181456346855e-02
1.068179663175086489e+03	2.683215773590110209e-01	1.735746991138519824e-01	2.428582540129466671e-01	1.455445232751667040e-01	6.998235411171543907e-02	2.791638791569121467e-02	7.180220421143597431e-02
1.069630994239183110e+03	2.680845877342413197e-01	1.734224106557489264e-01	2.430271497644874990e-01	1.456400911324944591e-01	7.002216906251840234e-02	2.794097744145585677e-02	7.186261420887245233e-02
1.071082325303279504e+03	2.678480028560994985e-01	1.732703766048163119e-01	2.431957611171222389e-01	1.457354822277275308e-01	7.006191548997697804e-02	2.796553973993519404e-02	7.192292196414105943e-02
1.072533656367376352e+03	2.676118220303130846e-01	1.731185965353405909e-01	2.433640885476242299e-01	1.458306969295089794e-01	7.010159351279394990e-02	2.799007480982198051e-02	7.198312763441598594e-02
1.073984987431472746e+03	2.673760445638161953e-01	1.729670700223208124e-01	2.435321325319670660e-01	1.459257356055010946e-01	7.014120324947172025e-02	2.801458264996583430e-02	7.204323137677609568e-02
1.075436318495569594e+03	2.671406697647474293e-01	1.728157966414675395e-01	2.436998935453258686e-01	1.460205986223891139e-01	7.018074481831265699e-02	2.803906325937247090e-02	7.210323334820367691e-02
1.076887649559666215e+03	2.669056969424478121e-01	1.726647759692015172e-01	2.438673720620787022e-01	1.461152863458850537e-01	7.022021833741944052e-02	2.806351663720296763e-02	7.216313370558323503e-02
1.078338980623762609e+03	2.666711254074584647e-01	1.725140075826526731e-01	2.440345685558078515e-01	1.462097991407311781e-01	7.025962392469535522e-02	2.808794278277298648e-02	7.222293260570024354e-02
1.079790311687859230e+03	2.664369544715184390e-01	1.723634910596587300e-01	2.442014834993011252e-01	1.463041373707037740e-01	7.029896169784463633e-02	2.811234169555206289e-02	7.228263020523993665e-02
1.081241642751955851e+03	2.662031834475627745e-01	1.722132259787641784e-01	2.443681173645533278e-01	1.463983013986167592e-01	7.033823177437280305e-02	2.813671337516282511e-02	7.234222666078604647e-02
1.082692973816052472e+03	2.659698116497201115e-01	1.720632119192189446e-01	2.445344706227673970e-01	1.464922915863252628e-01	7.037743427158701937e-02	2.816105782138027258e-02	7.240172212881967884e-02
1.084144304880149093e+03	2.657368383933105815e-01	1.719134484609773361e-01	2.447005437443560139e-01	1.465861082947292893e-01	7.041656930659635771e-02	2.818537503413103690e-02	7.246111676571809213e-02
1.085595635944245487e+03	2.655042629948438093e-01	1.717639351846968199e-01	2.448663371989425463e-01	1.466797518837772152e-01	7.045563699631214594e-02	2.820966501349263245e-02	7.252041072775354535e-02
1.087046967008342108e+03	2.652720847720165809e-01	1.716146716717368015e-01	2.450318514553627425e-01	1.467732227124694810e-01	7.049463745744830034e-02	2.823392775969273474e-02	7.257960417109211859e-02
1.088498298072438729e+03	2.650403030437106788e-01	1.714656575041575148e-01	2.451970869816658405e-01	1.468665211388620051e-01	7.053357080652164490e-02	2.825816327310844145e-02	7.263869725179261660e-02
1.089949629136535123e+03	2.648089171299911060e-01	1.713168922647188286e-01	2.453620442451159567e-01	1.469596475200697083e-01	7.057243715985220267e-02	2.828237155426555072e-02	7.269769012580540313e-02
1.091400960200631971e+03	2.645779263521035873e-01	1.711683755368790250e-01	2.455267237121934176e-01	1.470526022122700949e-01	7.061123663356354274e-02	2.830655260383783609e-02	7.275658294897126288e-02
1.092852291264728365e+03	2.643473300324724606e-01	1.710201069047937172e-01	2.456911258485960092e-01	1.471453855707068048e-01	7.064996934358307168e-02	2.833070642264631442e-02	7.281537587702034686e-02
1.094303622328825213e+03	2.641171274946989000e-01	1.708720859533146286e-01	2.458552511192403922e-01	1.472379979496928892e-01	7.068863540564235270e-02	2.835483301165853467e-02	7.287406906557107600e-02
1.095754953392921607e+03	2.638873180635583071e-01	1.707243122679883984e-01	2.460190999882633234e-01	1.473304397026144463e-01	7.072723493527745264e-02	2.837893237198785626e-02	7.293266267012897541e-02
1.097206284457018228e+03	2.636579010649986454e-01	1.705767854350555002e-01	2.461826729190229879e-01	1.474227111819339797e-01	7.076576804782916397e-02	2.840300450489273779e-02	7.299115684608570298e-02
1.098657615521114849e+03	2.634288758261380536e-01	1.704295050414490198e-01	2.463459703741004148e-01	1.475148127391938402e-01	7.080423485844340725e-02	2.842704941177601891e-02	7.304955174871798074e-02
1.100108946585211470e+03	2.632002416752628471e-01	1.702824706747934902e-01	2.465089928153005594e-01	1.476067447250196396e-01	7.084263548207150873e-02	2.845106709418421254e-02	7.310784753318645690e-02
1.101560277649308091e+03	2.629719979418252973e-01	1.701356819234038087e-01	2.466717407036538856e-01	1.476985074891236094e-01	7.088097003347049174e-02	2.847505755380680750e-02	7.316604435453480382e-02
1.103011608713404712e+03	2.627441439564418557e-01	1.699891383762839603e-01	2.468342144994173648e-01	1.477901013803080144e-01	7.091923862720336813e-02	2.849902079247555384e-02	7.322414236768857998e-02
1.104462939777501106e+03	2.625166790508907111e-01	1.698428396231258797e-01	2.469964146620760581e-01	1.478815267464684835e-01	7.095744137763951298e-02	2.852295681216375847e-02	7.328214172745428634e-02
1.105914270841597499e+03	2.622896025581098467e-01	1.696967852543084521e-01	2.471583416503441988e-01	1.479727839345973961e-01	7.099557839895485889e-02	2.854686561498559830e-02	7.334004258851832547e-02
1.107365601905694348e+03	2.620629138121949864e-01	1.695509748608962641e-01	2.473199959221666078e-01	1.480638732907870458e-01	7.103364980513229843e-02	2.857074720319541586e-02	7.339784510544608565e-02
1.108816932969790741e+03	2.618366121483973741e-01	1.694054080346383828e-01	2.474813779347199705e-01	1.481547951602331936e-01	7.107165570996192006e-02	2.859460157918702547e-02	7.345554943268084447e-02
1.110268264033887590e+03	2.616106969031219975e-01	1.692600843679673284e-01	2.476424881444140857e-01	1.482455498872381205e-01	7.110959622704132732e-02	2.861842874549302626e-02	7.351315572454288072e-02
1.111719595097984211e+03	2.613851674139250902e-01	1.691150034539977975e-01	2.478033270068931426e-01	1.483361378152140975e-01	7.114747146977594416e-02	2.864222870478410829e-02	7.357066413522851678e-02
1.113170926162080832e+03	2.611600230195125216e-01	1.689701648865256922e-01	2.479638949770371081e-01	1.484265592866865213e-01	7.118528155137930635e-02	2.866600145986837600e-02	7.362807481880916105e-02
1.114622257226177226e+03	2.609352630597374656e-01	1.688255682600268148e-01	2.481241925089629208e-01	1.485168146432971348e-01	7.122302658487336680e-02	2.868974701369064739e-02	7.368538792923032266e-02
1.116073588290273847e+03	2.607108868755982356e-01	1.686812131696558692e-01	2.482842200560258228e-01	1.486069042258073847e-01	7.126070668308875922e-02	2.871346536933178789e-02	7.374260362031080651e-02
1.117524919354370468e+03	2.604868938092365638e-01	1.685370992112452115e-01	2.484439780708204981e-01	1.486968283741014751e-01	7.129832195866513123e-02	2.873715653000803380e-02	7.379972204574170025e-02
1.118976250418467089e+03	2.602632832039353250e-01	1.683932259813037680e-01	2.486034670051825712e-01	1.487865874271896982e-01	7.133587252405142187e-02	2.876082049907030189e-02	7.385674335908547217e-02
1.120427581482563710e+03	2.600400544041165385e-01	1.682495930770158965e-01	2.487626873101897729e-01	1.488761817232115425e-01	7.137335849150611145e-02	2.878445728000353018e-02	7.391366771377512468e-02
1.121878912546660331e+03	2.598172067553392584e-01	1.681062000962402492e-01	2.489216394361632168e-01	1.489656115994388297e-01	7.141077997309761005e-02	2.880806687642600145e-02	7.397049526311327838e-02
1.123330243610756725e+03	2.595947396042977973e-01	1.679630466375086895e-01	2.490803238326685931e-01	1.490548773922789061e-01	7.144813708070445191e-02	2.883164929208867008e-02	7.402722616027133939e-02
1.124781574674853118e+03	2.593726522988192840e-01	1.678201323000250711e-01	2.492387409485176120e-01	1.491439794372777794e-01	7.148542992601562840e-02	2.885520453087450643e-02	7.408386055828858341e-02
1.126232905738949967e+03	2.591509441878619979e-01	1.676774566836641833e-01	2.493968912317690856e-01	1.492329180691232271e-01	7.152265862053087953e-02	2.887873259679782020e-02	7.414039861007130916e-02
1.127684236803046360e+03	2.589296146215130934e-01	1.675350193889705575e-01	2.495547751297302885e-01	1.493216936216477941e-01	7.155982327556095757e-02	2.890223349400361519e-02	7.419684046839206126e-02
1.129135567867143209e+03	2.587086629509868785e-01	1.673928200171574954e-01	2.497123930889583177e-01	1.494103064278320958e-01	7.159692400222794628e-02	2.892570722676691963e-02	7.425318628588874204e-02
1.130586898931239830e+03	2.584880885286223173e-01	1.672508581701057928e-01	2.498697455552611468e-01	1.494987568198077044e-01	7.163396091146551070e-02	2.894915379949213052e-02	7.430943621506377883e-02
1.132038229995336451e+03	2.582678907078815311e-01	1.671091334503626569e-01	2.500268329736989870e-01	1.495870451288602576e-01	7.167093411401923020e-02	2.897257321671237174e-02	7.436559040828333300e-02
1.133489561059432845e+03	2.580480688433474667e-01	1.669676454611406791e-01	2.501836557885855905e-01	1.496751716854325120e-01	7.170784372044683441e-02	2.899596548308882790e-02	7.442164901777648112e-02
1.134940892123529466e+03	2.578286222907220648e-01	1.668263938063165863e-01	2.503402144434893617e-01	1.497631368191273127e-01	7.174468984111849468e-02	2.901933060341010256e-02	7.447761219563445168e-02
1.136392223187626087e+03	2.576095504068240394e-01	1.666853780904302140e-01	2.504965093812348553e-01	1.498509408587107294e-01	7.178147258621715709e-02	2.904266858259156592e-02	7.453348009380980632e-02
1.137843554251722708e+03	2.573908525495871569e-01	1.665445979186834236e-01	2.506525410439037205e-01	1.499385841321149437e-01	7.181819206573877845e-02	2.906597942567473378e-02	7.458925286411570432e-02
1.139294885315819101e+03	2.571725280780579603e-01	1.664040528969389088e-01	2.508083098728361438e-01	1.500260669664412461e-01	7.185484838949258990e-02	2.908926313782659104e-02	7.464493065822504214e-02
1.140746216379915950e+03	2.569545763523941595e-01	1.662637426317190859e-01	2.509638163086320706e-01	1.501133896879629781e-01	7.189144166710143002e-02	2.911251972433897411e-02	7.470051362766982894e-02
1.142197547444012343e+03	2.567369967338621883e-01	1.661236667302050940e-01	2.511190607911524264e-01	1.502005526221285858e-01	7.192797200800199464e-02	2.913574919062793603e-02	7.475600192384035392e-02
1.143648878508108737e+03	2.565197885848354842e-01	1.659838248002356575e-01	2.512740437595203380e-01	1.502875560935644783e-01	7.196443952144514211e-02	2.915895154223310456e-02	7.481139569798443689e-02
1.145100209572205586e+03	2.563029512687925449e-01	1.658442164503058647e-01	2.514287656521223546e-01	1.503744004260778866e-01	7.200084431649612926e-02	2.918212678481705083e-02	7.486669510120673443e-02
1.146551540636302207e+03	2.560864841503148193e-01	1.657048412895662237e-01	2.515832269066099469e-01	1.504610859426599445e-01	7.203718650203493057e-02	2.920527492416466128e-02	7.492190028446804595e-02
1.148002871700398828e+03	2.558703865950848200e-01	1.655656989278214974e-01	2.517374279599002285e-01	1.505476129654884643e-01	7.207346618675650185e-02	2.922839596618250976e-02	7.497701139858450881e-02
1.149454202764495449e+03	2.556546579698841803e-01	1.654267889755295928e-01	2.518913692481776212e-01	1.506339818159308230e-01	7.210968347917107168e-02	2.925148991689823993e-02	7.503202859422698767e-02
1.150905533828591842e+03	2.554392976425916562e-01	1.652881110438004786e-01	2.520450512068949656e-01	1.507201928145467940e-01	7.214583848760437734e-02	2.927455678245992690e-02	7.508695202192033902e-02
1.152356864892688463e+03	2.552243049821810161e-01	1.651496647443951582e-01	2.521984742707746308e-01	1.508062462810915716e-01	7.218193132019797009e-02	2.929759656913546659e-02	7.514178183204270334e-02
1.153808195956785084e+03	2.550096793587193211e-01	1.650114496897244765e-01	2.523516388738099581e-01	1.508921425345184086e-01	7.221796208490953439e-02	2.932060928331196165e-02	7.519651817482486678e-02
1.155259527020881706e+03	2.547954201433648702e-01	1.648734654928480370e-01	2.525045454492663155e-01	1.509778818929815303e-01	7.225393088951308218e-02	2.934359493149510043e-02	7.525116120034956724e-02
1.156710858084978327e+03	2.545815267083653133e-01	1.647357117674732307e-01	2.526571944296824301e-01	1.510634646738389375e-01	7.228983784159925818e-02	2.936655352030854982e-02	7.530571105855080050e-02
1.158162189149074720e+03	2.543679984270555416e-01	1.645981881279540704e-01	2.528095862468713317e-01	1.511488911936552659e-01	7.232568304857565911e-02	2.938948505649333076e-02	7.536016789921327896e-02
1.159613520213171569e+03	2.541548346738560227e-01	1.644608941892900522e-01	2.529617213319220181e-01	1.512341617682043948e-01	7.236146661766705568e-02	2.941238954690722149e-02	7.541453187197166841e-02
1.161064851277267962e+03	2.539420348242705794e-01	1.643238295671251847e-01	2.531136001152004544e-01	1.513192767124724170e-01	7.239718865591568409e-02	2.943526699852414691e-02	7.546880312630997734e-02
1.162516182341364356e+03	2.537295982548846696e-01	1.641869938777468507e-01	2.532652230263506277e-01	1.514042363406602476e-01	7.243284927018149577e-02	2.945811741843358186e-02	7.552298181156096024e-02
1.163967513405461204e+03	2.535175243433632208e-01	1.640503867380847802e-01	2.534165904942959902e-01	1.514890409661865389e-01	7.246844856714249050e-02	2.948094081383993703e-02	7.557706807690549311e-02
1.165418844469557826e+03	2.533058124684490209e-01	1.639140077657098571e-01	2.535677029472405697e-01	1.515736909016901501e-01	7.250398665329493841e-02	2.950373719206195525e-02	7.563106207137193504e-02
1.166870175533654447e+03	2.530944620099605524e-01	1.637778565788331753e-01	2.537185608126701908e-01	1.516581864590331175e-01	7.253946363495364369e-02	2.952650656053214251e-02	7.568496394383553150e-02
1.168321506597751068e+03	2.528834723487901615e-01	1.636419327963049009e-01	2.538691645173536959e-01	1.517425279493032630e-01	7.257487961825227762e-02	2.954924892679614695e-02	7.573877384301781757e-02
1.169772837661847461e+03	2.526728428669022253e-01	1.635062360376131896e-01	2.540195144873441668e-01	1.518267156828168318e-01	7.261023470914357292e-02	2.957196429851216904e-02	7.579249191748603509e-02
1.171224168725944082e+03	2.524625729473310431e-01	1.633707659228832154e-01	2.541696111479800901e-01	1.519107499691211838e-01	7.264552901339964286e-02	2.959465268345038216e-02	7.584611831565254980e-02
1.172675499790040703e+03	2.522526619741790599e-01	1.632355220728759493e-01	2.543194549238866342e-01	1.519946311169976250e-01	7.268076263661228664e-02	2.961731408949232550e-02	7.589965318577424069e-02
1.174126830854137097e+03	2.520431093326149785e-01	1.631005041089872709e-01	2.544690462389765928e-01	1.520783594344637946e-01	7.271593568419312814e-02	2.963994852463034194e-02	7.595309667595202818e-02
1.175578161918233945e+03	2.518339144088718728e-01	1.629657116532467198e-01	2.546183855164518284e-01	1.521619352287765237e-01	7.275104826137404612e-02	2.966255599696697443e-02	7.600644893413016634e-02
1.177029492982330339e+03	2.516250765902451336e-01	1.628311443283165794e-01	2.547674731788045488e-01	1.522453588064343333e-01	7.278610047320734078e-02	2.968513651471439349e-02	7.605971010809585431e-02
1.178480824046426733e+03	2.514165952650907476e-01	1.626968017574907388e-01	2.549163096478182511e-01	1.523286304731800433e-01	7.282109242456602516e-02	2.970769008619381438e-02	7.611288034547855630e-02
1.179932155110523581e+03	2.512084698228233548e-01	1.625626835646936941e-01	2.550648953445690537e-01	1.524117505340035483e-01	7.285602422014411661e-02	2.973021671983491765e-02	7.616595979374951586e-02
1.181383486174620202e+03	2.510006996539143609e-01	1.624287893744794375e-01	2.552132306894267511e-01	1.524947192931442042e-01	7.289089596445688657e-02	2.975271642417528020e-02	7.621894860022127016e-02
1.182834817238716823e+03	2.507932841498901055e-01	1.622951188120304034e-01	2.553613161020561462e-01	1.525775370540935205e-01	7.292570776184112424e-02	2.977518920785980280e-02	7.627184691204702549e-02
1.184286148302813444e+03	2.505862227033298639e-01	1.621616715031565237e-01	2.555091520014183271e-01	1.526602041195976589e-01	7.296045971645541417e-02	2.979763507964012376e-02	7.632465487622026867e-02
1.185737479366910065e+03	2.503795147078641259e-01	1.620284470742939797e-01	2.556567388057714996e-01	1.527427207916599861e-01	7.299515193228041376e-02	2.982005404837406726e-02	7.637737263957411482e-02
1.187188810431006686e+03	2.501731595581725975e-01	1.618954451525042859e-01	2.558040769326724861e-01	1.528250873715436831e-01	7.302978451311910313e-02	2.984244612302507441e-02	7.643000034878093263e-02
1.188640141495103080e+03	2.499671566499823416e-01	1.617626653654733182e-01	2.559511667989778361e-01	1.529073041597742433e-01	7.306435756259704872e-02	2.986481131266162728e-02	7.648253815035174763e-02
1.190091472559199701e+03	2.497615053800660567e-01	1.616301073415100653e-01	2.560980088208448802e-01	1.529893714561419427e-01	7.309887118416268093e-02	2.988714962645670076e-02	7.653498619063582586e-02
1.191542803623296322e+03	2.495562051462400788e-01	1.614977707095457682e-01	2.562446034137328965e-01	1.530712895597044487e-01	7.313332548108757158e-02	2.990946107368719006e-02	7.658734461582017428e-02
1.192994134687392716e+03	2.493512553473626048e-01	1.613656550991327265e-01	2.563909509924045538e-01	1.531530587687891520e-01	7.316772055646666995e-02	2.993174566373336606e-02	7.663961357192901336e-02
1.194445465751489564e+03	2.491466553833317499e-01	1.612337601404434106e-01	2.565370519709267993e-01	1.532346793809958030e-01	7.320205651321860796e-02	2.995400340607829934e-02	7.669179320482341633e-02
1.195896796815585958e+03	2.489424046550837710e-01	1.611020854642692401e-01	2.566829067626721916e-01	1.533161516931989266e-01	7.323633345408593620e-02	2.997623431030732935e-02	7.674388366020072627e-02
1.197348127879682352e+03	2.487385025645912073e-01	1.609706307020197791e-01	2.568285157803198437e-01	1.533974760015502092e-01	7.327055148163538756e-02	2.999843838610749200e-02	7.679588508359416754e-02
1.198799458943779200e+03	2.485349485148610760e-01	1.608393954857215147e-01	2.569738794358569223e-01	1.534786526014810248e-01	7.330471069825812702e-02	3.002061564326699225e-02	7.684779762037240169e-02
1.200250790007875821e+03	2.483317419099329570e-01	1.607083794480168304e-01	2.571189981405795910e-01	1.535596817877049047e-01	7.333881120617011251e-02	3.004276609167462475e-02	7.689962141573906951e-02
1.201702121071972442e+03	2.481288821548772172e-01	1.605775822221631455e-01	2.572638723050940657e-01	1.536405638542198415e-01	7.337285310741221978e-02	3.006488974131926381e-02	7.695135661473234689e-02
1.203153452136069063e+03	2.479263686557931778e-01	1.604470034420316937e-01	2.574085023393181126e-01	1.537212990943107871e-01	7.340683650385060321e-02	3.008698660228930136e-02	7.700300336222448694e-02
1.204604783200165684e+03	2.477242008198071721e-01	1.603166427421065798e-01	2.575528886524818817e-01	1.538018878005520118e-01	7.344076149717693180e-02	3.010905668477209182e-02	7.705456180292147295e-02
1.206056114264262078e+03	2.475223780550709352e-01	1.601864997574837524e-01	2.576970316531292382e-01	1.538823302648095193e-01	7.347462818890863889e-02	3.013109999905344213e-02	7.710603208136256048e-02
1.207507445328358699e+03	2.473208997707596335e-01	1.600565741238699491e-01	2.578409317491189290e-01	1.539626267782434332e-01	7.350843668038922751e-02	3.015311655551706008e-02	7.715741434191986103e-02
1.208958776392455093e+03	2.471197653770701164e-01	1.599268654775817811e-01	2.579845893476255814e-01	1.540427776313103292e-01	7.354218707278846467e-02	3.017510636464401305e-02	7.720870872879792568e-02
1.210410107456551941e+03	2.469189742852190006e-01	1.597973734555444836e-01	2.581280048551408690e-01	1.541227831137655657e-01	7.357587946710272830e-02	3.019706943701220073e-02	7.725991538603337039e-02
1.211861438520648335e+03	2.467185259074409498e-01	1.596680976952911390e-01	2.582711786774748997e-01	1.542026435146657271e-01	7.360951396415520154e-02	3.021900578329582768e-02	7.731103445749447356e-02
1.213312769584745183e+03	2.465184196569868702e-01	1.595390378349615390e-01	2.584141112197571033e-01	1.542823591223708712e-01	7.364309066459615027e-02	3.024091541426486909e-02	7.736206608688078745e-02
1.214764100648841804e+03	2.463186549481221066e-01	1.594101935133011572e-01	2.585568028864375090e-01	1.543619302245468616e-01	7.367660966890321461e-02	3.026279834078454342e-02	7.741301041772277736e-02
1.216215431712937971e+03	2.461192311961246104e-01	1.592815643696602335e-01	2.586992540812877994e-01	1.544413571081676984e-01	7.371007107738165864e-02	3.028465457381479195e-02	7.746386759338139139e-02
1.217666762777034819e+03	2.459201478172831079e-01	1.591531500439926083e-01	2.588414652074024769e-01	1.545206400595178220e-01	7.374347499016460639e-02	3.030648412440974451e-02	7.751463775704776904e-02
1.219118093841131440e+03	2.457214042288954348e-01	1.590249501768548346e-01	2.589834366672000843e-01	1.545997793641943896e-01	7.377682150721333321e-02	3.032828700371720948e-02	7.756532105174281100e-02
1.220569424905228061e+03	2.455229998492666210e-01	1.588969644094052058e-01	2.591251688624242600e-01	1.546787753071095506e-01	7.381011072831751563e-02	3.035006322297814987e-02	7.761591762031688768e-02
1.222020755969324682e+03	2.453249340977071702e-01	1.587691923834025631e-01	2.592666621941447369e-01	1.547576281724926672e-01	7.384334275309549500e-02	3.037181279352617683e-02	7.766642760544936741e-02
1.223472087033421303e+03	2.451272063945312552e-01	1.586416337412054900e-01	2.594079170627587860e-01	1.548363382438927571e-01	7.387651768099452732e-02	3.039353572678700488e-02	7.771685114964840824e-02
1.224923418097517697e+03	2.449298161610549418e-01	1.585142881257711189e-01	2.595489338679920488e-01	1.549149058041804916e-01	7.390963561129107462e-02	3.041523203427797320e-02	7.776718839525054161e-02
1.226374749161614318e+03	2.447327628195944127e-01	1.583871551806543543e-01	2.596897130088999250e-01	1.549933311355506382e-01	7.394269664309102708e-02	3.043690172760751822e-02	7.781743948442035319e-02
1.227826080225710712e+03	2.445360457934642462e-01	1.582602345500065677e-01	2.598302548838684611e-01	1.550716145195240869e-01	7.397570087532998051e-02	3.045854481847465323e-02	7.786760455915016366e-02
1.229277411289807560e+03	2.443396645069755568e-01	1.581335258785749598e-01	2.599705598906157378e-01	1.551497562369502647e-01	7.400864840677351397e-02	3.048016131866848957e-02	7.791768376125968176e-02
1.230728742353903954e+03	2.441436183854342745e-01	1.580070288117012833e-01	2.601106284261925361e-01	1.552277565680092453e-01	7.404153933601742565e-02	3.050175124006770239e-02	7.796767723239569903e-02
1.232180073418000802e+03	2.439479068551393959e-01	1.578807429953209829e-01	2.602504608869840586e-01	1.553056157922139413e-01	7.407437376148801045e-02	3.052331459464004138e-02	7.801758511403174279e-02
1.233631404482097196e+03	2.437525293433812079e-01	1.577546680759621400e-01	2.603900576687105950e-01	1.553833341884122976e-01	7.410715178144225423e-02	3.054485139444183123e-02	7.806740754746782640e-02
1.235082735546193817e+03	2.435574852784395117e-01	1.576288037007445020e-01	2.605294191664288550e-01	1.554609120347894280e-01	7.413987349396822246e-02	3.056636165161745813e-02	7.811714467383014393e-02
1.236534066610290438e+03	2.433627740895819291e-01	1.575031495173785101e-01	2.606685457745329115e-01	1.555383496088699191e-01	7.417253899698519892e-02	3.058784537839889794e-02	7.816679663407068157e-02
1.237985397674387059e+03	2.431683952070621546e-01	1.573777051741643007e-01	2.608074378867555332e-01	1.556156471875198288e-01	7.420514838824400494e-02	3.060930258710518187e-02	7.821636356896705111e-02
1.239436728738483680e+03	2.429743480621181229e-01	1.572524703199906504e-01	2.609460958961691279e-01	1.556928050469489067e-01	7.423770176532723530e-02	3.063073329014193505e-02	7.826584561912210136e-02
1.240888059802580301e+03	2.427806320869702883e-01	1.571274446043341155e-01	2.610845201951869088e-01	1.557698234627127032e-01	7.427019922564953580e-02	3.065213750000088042e-02	7.831524292496364059e-02
1.242339390866676695e+03	2.425872467148199874e-01	1.570026276772579499e-01	2.612227111755640041e-01	1.558467027097147073e-01	7.430264086645785304e-02	3.067351522925933216e-02	7.836455562674427000e-02
1.243790721930773088e+03	2.423941913798475789e-01	1.568780191894111053e-01	2.613606692283985122e-01	1.559234430622084833e-01	7.433502678483168424e-02	3.069486649057971694e-02	7.841378386454098126e-02
1.245242052994869937e+03	2.422014655172108899e-01	1.567536187920274271e-01	2.614983947441326118e-01	1.560000447937997803e-01	7.436735707768332704e-02	3.071619129670908818e-02	7.846292777825494835e-02
1.246693384058966330e+03	2.420090685630431893e-01	1.566294261369244600e-01	2.616358881125538383e-01	1.560765081774485030e-01	7.439963184175818478e-02	3.073748966047864725e-02	7.851198750761126388e-02
1.248144715123063179e+03	2.418169999544517446e-01	1.565054408765025606e-01	2.617731497227959170e-01	1.561528334854710154e-01	7.443185117363496084e-02	3.075876159480324390e-02	7.856096319215866153e-02
1.249596046187159800e+03	2.416252591295159902e-01	1.563816626637439533e-01	2.619101799633400396e-01	1.562290209895420279e-01	7.446401516972595003e-02	3.078000711268091480e-02	7.860985497126928012e-02
1.251047377251256421e+03	2.414338455272857231e-01	1.562580911522116478e-01	2.620469792220158078e-01	1.563050709606967903e-01	7.449612392627730229e-02	3.080122622719238396e-02	7.865866298413838609e-02
1.252498708315352815e+03	2.412427585877796321e-01	1.561347259960486622e-01	2.621835478860026214e-01	1.563809836693330624e-01	7.452817753936927248e-02	3.082241895150061167e-02	7.870738736978417915e-02
1.253950039379449436e+03	2.410519977519832435e-01	1.560115668499768016e-01	2.623198863418304549e-01	1.564567593852132510e-01	7.456017610491645631e-02	3.084358529885029496e-02	7.875602826704752868e-02
1.255401370443546057e+03	2.408615624618475615e-01	1.558886133692958809e-01	2.624559949753810240e-01	1.565323983774663530e-01	7.459211971866808177e-02	3.086472528256740261e-02	7.880458581459173772e-02
1.256852701507642678e+03	2.406714521602870971e-01	1.557658652098827534e-01	2.625918741718890059e-01	1.566079009145900369e-01	7.462400847620823119e-02	3.088583891605871379e-02	7.885306015090226550e-02
1.258304032571739299e+03	2.404816662911782865e-01	1.556433220281901175e-01	2.627275243159429285e-01	1.566832672644526969e-01	7.465584247295611875e-02	3.090692621281132882e-02	7.890145141428660247e-02
1.259755363635835920e+03	2.402922042993577700e-01	1.555209834812459058e-01	2.628629457914864465e-01	1.567584976942954234e-01	7.468762180416634033e-02	3.092798718639221123e-02	7.894975974287397891e-02
1.261206694699932314e+03	2.401030656306206990e-01	1.553988492266519805e-01	2.629981389818193960e-01	1.568335924707339735e-01	7.471934656492912330e-02	3.094902185044773324e-02	7.899798527461515674e-02
1.262658025764028707e+03	2.399142497317190426e-01	1.552769189225834401e-01	2.631331042695986833e-01	1.569085518597608531e-01	7.475101685017064568e-02	3.097003021870318659e-02	7.904612814728224912e-02
1.264109356828125556e+03	2.397257560503598395e-01	1.551551922277874807e-01	2.632678420368396166e-01	1.569833761267471761e-01	7.478263275465314719e-02	3.099101230496234191e-02	7.909418849846847066e-02
1.265560687892221949e+03	2.395375840352036712e-01	1.550336688015825637e-01	2.634023526649167390e-01	1.570580655364448297e-01	7.481419437297533170e-02	3.101196812310698034e-02	7.914216646558794310e-02
1.267012018956318798e+03	2.393497331358628299e-01	1.549123483038573335e-01	2.635366365345652162e-01	1.571326203529882504e-01	7.484570179957253377e-02	3.103289768709642515e-02	7.919006218587552881e-02
1.268463350020415419e+03	2.391622028028996261e-01	1.547912303950697566e-01	2.636706940258815579e-01	1.572070408398964503e-01	7.487715512871703782e-02	3.105380101096709769e-02	7.923787579638660872e-02
1.269914681084511813e+03	2.389749924878248055e-01	1.546703147362461228e-01	2.638045255183249505e-01	1.572813272600750711e-01	7.490855445451825856e-02	3.107467810883205589e-02	7.928560743399690192e-02
1.271366012148608434e+03	2.387881016430958014e-01	1.545496009889801292e-01	2.639381313907182003e-01	1.573554798758181605e-01	7.493989987092304628e-02	3.109552899488054675e-02	7.933325723540225749e-02
1.272817343212705055e+03	2.386015297221152354e-01	1.544290888154319363e-01	2.640715120212488443e-01	1.574294989488101426e-01	7.497119147171595055e-02	3.111635368337754143e-02	7.938082533711852962e-02
1.274268674276801676e+03	2.384152761792289188e-01	1.543087778783271691e-01	2.642046677874702043e-01	1.575033847401278719e-01	7.500242935051942839e-02	3.113715218866330153e-02	7.942831187548134164e-02
1.275720005340898297e+03	2.382293404697244932e-01	1.541886678409559452e-01	2.643375990663024422e-01	1.575771375102423544e-01	7.503361360079412179e-02	3.115792452515291772e-02	7.947571698664591955e-02
1.277171336404994690e+03	2.380437220498296258e-01	1.540687583671720984e-01	2.644703062340336697e-01	1.576507575190208565e-01	7.506474431583910756e-02	3.117867070733586904e-02	7.952304080658695318e-02
1.278622667469091539e+03	2.378584203767103722e-01	1.539490491213920120e-01	2.646027896663210588e-01	1.577242450257285988e-01	7.509582158879220259e-02	3.119939074977557195e-02	7.957028347109840194e-02
1.280073998533187932e+03	2.376734349084695108e-01	1.538295397685938426e-01	2.647350497381916190e-01	1.577976002890307816e-01	7.512684551263010269e-02	3.122008466710895006e-02	7.961744511579336991e-02
1.281525329597284326e+03	2.374887651041450165e-01	1.537102299743164646e-01	2.648670868240436405e-01	1.578708235669944449e-01	7.515781618016875720e-02	3.124075247404597966e-02	7.966452587610389768e-02
1.282976660661381175e+03	2.373044104237081731e-01	1.535911194046586659e-01	2.649989012976474712e-01	1.579439151170903277e-01	7.518873368406353563e-02	3.126139418536925257e-02	7.971152588728085131e-02
1.284427991725477568e+03	2.371203703280621022e-01	1.534722077262780371e-01	2.651304935321466827e-01	1.580168751961946727e-01	7.521959811680950514e-02	3.128200981593354940e-02	7.975844528439375580e-02
1.285879322789574417e+03	2.369366442790400984e-01	1.533534946063901949e-01	2.652618639000591250e-01	1.580897040605912240e-01	7.525040957074170811e-02	3.130259938066539543e-02	7.980528420233064246e-02
1.287330653853671038e+03	2.367532317394039632e-01	1.532349797127677271e-01	2.653930127732778699e-01	1.581624019659729208e-01	7.528116813803541196e-02	3.132316289456261310e-02	7.985204277579791010e-02
1.288781984917767431e+03	2.365701321728423401e-01	1.531166627137393599e-01	2.655239405230724881e-01	1.582349691674438119e-01	7.531187391070631731e-02	3.134370037269390563e-02	7.989872113932020015e-02
1.290233315981864052e+03	2.363873450439691049e-01	1.529985432781889587e-01	2.656546475200898816e-01	1.583074059195209438e-01	7.534252698061084941e-02	3.136421183019842684e-02	7.994531942724027174e-02
