1.301360187473271253e+03	2.354402995949635424e-01	1.514104658931325065e-01	2.606317285227871539e-01	1.617594340219871696e-01	7.623746296493523478e-02	3.210340539952377670e-02	8.241720360249174537e-02
1.306197957686926657e+03	2.348476346368122136e-01	1.510175335251495998e-01	2.610085625848238000e-01	1.620238124729029006e-01	7.634429922652435918e-02	3.217536784729745775e-02	8.258278970631083293e-02
1.311035727900581833e+03	2.342583763058040114e-01	1.506267483922755224e-01	2.613831375734861906e-01	1.622866928913564988e-01	7.645057699135002216e-02	3.224701649295712291e-02	8.274745135259180262e-02
1.315873498114237009e+03	2.336725049973794321e-01	1.502380986725730672e-01	2.617554686255362251e-01	1.625480832531879249e-01	7.655629917784108340e-02	3.231835202394356399e-02	8.291119324935977697e-02
1.320711268327892412e+03	2.330900012220590289e-01	1.498515726087519540e-01	2.621255707552840319e-01	1.628079914994206567e-01	7.666146868786305468e-02	3.238937513864739715e-02	8.307402008779496416e-02
1.325549038541547588e+03	2.325108456047252359e-01	1.494671585078295728e-01	2.624934588558150428e-01	1.630664255362939685e-01	7.676608840687301760e-02	3.246008654612027311e-02	8.323593654216392135e-02
1.330386808755202765e+03	2.319350188839094384e-01	1.490848447407934207e-01	2.628591477002040211e-01	1.633233932352972650e-01	7.687016120407111353e-02	3.253048696579168703e-02	8.339694726975410699e-02
1.335224578968857941e+03	2.313625019110840675e-01	1.487046197422649263e-01	2.632226519427146583e-01	1.635789024332060804e-01	7.697368993254861957e-02	3.260057712719112433e-02	8.355705691081161124e-02
1.340062349182513572e+03	2.307932756499597726e-01	1.483264720101650502e-01	2.635839861199857914e-01	1.638329609321199365e-01	7.707667742943291600e-02	3.267035776967563976e-02	8.371627008848198104e-02
1.344900119396168748e+03	2.302273211757878413e-01	1.479503901053811910e-01	2.639431646522038544e-01	1.640855764995020338e-01	7.717912651602934493e-02	3.273982964216254343e-02	8.387459140875422325e-02
1.349737889609823924e+03	2.296646196746672530e-01	1.475763626514356719e-01	2.643002018442625611e-01	1.643367568682207180e-01	7.728103999795993273e-02	3.280899350286728411e-02	8.403202546040761112e-02
1.354575659823479100e+03	2.291051524428570074e-01	1.472043783341558110e-01	2.646551118869085450e-01	1.645865097365926122e-01	7.738242066529930907e-02	3.287785011904631460e-02	8.418857681496144663e-02
1.359413430037134731e+03	2.285489008860931148e-01	1.468344259013452946e-01	2.650079088578745079e-01	1.648348427684277473e-01	7.748327129270778102e-02	3.294640026674490463e-02	8.434425002662765403e-02
1.364251200250789907e+03	2.279958465189104999e-01	1.464664941624573835e-01	2.653586067229994350e-01	1.650817635930761917e-01	7.758359463956165936e-02	3.301464473054970677e-02	8.449904963226606558e-02
1.369088970464445310e+03	2.274459709639698457e-01	1.461005719882692844e-01	2.657072193373356539e-01	1.653272798054766235e-01	7.768339345008093422e-02	3.308258430334614503e-02	8.465298015134241350e-02
1.373926740678100487e+03	2.268992559513889062e-01	1.457366483105582977e-01	2.660537604462434591e-01	1.655713989662065400e-01	7.778267045345434172e-02	3.315021978608038294e-02	8.480604608588893090e-02
1.378764510891755890e+03	2.263556833180788708e-01	1.453747121217792981e-01	2.663982436864731906e-01	1.658141286015340221e-01	7.788142836396214075e-02	3.321755198752585764e-02	8.495825192046743690e-02
1.383602281105411066e+03	2.258152350070851411e-01	1.450147524747437133e-01	2.667406825872350451e-01	1.660554762034714971e-01	7.797966988109615583e-02	3.328458172405424770e-02	8.510960212213500298e-02
1.388440051319066470e+03	2.252778930669328827e-01	1.446567584823001129e-01	2.670810905712563410e-01	1.662954492298308606e-01	7.807739768967782157e-02	3.335130981941088896e-02	8.526010114041192300e-02
1.393277821532721646e+03	2.247436396509771839e-01	1.443007193170160463e-01	2.674194809558269603e-01	1.665340551042802653e-01	7.817461445997377079e-02	3.341773710449439522e-02	8.540975340725213971e-02
1.398115591746377049e+03	2.242124570167576270e-01	1.439466242108617677e-01	2.677558669538326885e-01	1.667713012164027953e-01	7.827132284780935478e-02	3.348386441714053946e-02	8.555856333701593319e-02
1.402953361960032225e+03	2.236843275253575791e-01	1.435944624548949611e-01	2.680902616747769529e-01	1.670071949217563079e-01	7.836752549467987383e-02	3.354969260191024982e-02	8.570653532644480210e-02
1.407791132173687402e+03	2.231592336407677568e-01	1.432442233989472125e-01	2.684226781257901262e-01	1.672417435419352172e-01	7.846322502785998965e-02	3.361522250988167870e-02	8.585367375463869022e-02
1.412628902387342805e+03	2.226371579292543701e-01	1.428958964513119823e-01	2.687531292126283944e-01	1.674749543646335825e-01	7.855842406051097293e-02	3.368045499844619928e-02	8.599998298303514199e-02
1.417466672600997981e+03	2.221180830587315136e-01	1.425494710784338814e-01	2.690816277406602453e-01	1.677068346437097790e-01	7.865312519178607742e-02	3.374539093110837801e-02	8.614546735539078959e-02
1.422304442814653157e+03	2.216019917981380538e-01	1.422049368045995021e-01	2.694081864158420769e-01	1.679373915992525834e-01	7.874733100693408205e-02	3.381003117728966639e-02	8.629013119776469953e-02
1.427142213028308333e+03	2.210888670168188186e-01	1.418622832116298027e-01	2.697328178456823156e-01	1.681666324176490090e-01	7.884104407740100129e-02	3.387437661213595075e-02	8.643397881850377329e-02
1.431979983241963964e+03	2.205786916839099776e-01	1.415214999385736860e-01	2.700555345401951524e-01	1.683945642516530838e-01	7.893426696092993577e-02	3.393842811632871020e-02	8.657701450823013234e-02
1.436817753455619140e+03	2.200714488677287806e-01	1.411825766814032157e-01	2.703763489128425124e-01	1.686211942204565439e-01	7.902700220165946587e-02	3.400218657589985233e-02	8.671924253983033515e-02
1.441655523669274316e+03	2.195671217351673477e-01	1.408455031927103585e-01	2.706952732814657536e-01	1.688465294097605263e-01	7.911925233022014392e-02	3.406565288205005287e-02	8.686066716844656477e-02
1.446493293882929493e+03	2.190656935510908176e-01	1.405102692814048371e-01	2.710123198692067636e-01	1.690705768718488156e-01	7.921101986382952931e-02	3.412882793097055806e-02	8.700129263146946790e-02
1.451331064096585123e+03	2.185671476777394651e-01	1.401768648124138983e-01	2.713275008054180093e-01	1.692933436256623680e-01	7.930230730638561376e-02	3.419171262366847014e-02	8.714112314853297847e-02
1.456168834310240300e+03	2.180714675741349806e-01	1.398452797063830799e-01	2.716408281265627611e-01	1.695148366568751397e-01	7.939311714855878943e-02	3.425430786579533593e-02	8.728016292151068167e-02
1.461006604523895703e+03	2.175786367954909151e-01	1.395155039393785878e-01	2.719523137771046040e-01	1.697350629179712744e-01	7.948345186788229044e-02	3.431661456747903127e-02	8.741841613451399595e-02
1.465844374737550879e+03	2.170886389926270643e-01	1.391875275425911718e-01	2.722619696103871223e-01	1.699540293283232362e-01	7.957331392884130217e-02	3.437863364315887210e-02	8.755588695389192322e-02
1.470682144951206283e+03	2.166014579113876570e-01	1.388613406020412500e-01	2.725698073895031492e-01	1.701717427742715505e-01	7.966270578296064109e-02	3.444036601142392434e-02	8.769257952823256153e-02
1.475519915164861459e+03	2.161170773920638999e-01	1.385369332582856161e-01	2.728758387881542458e-01	1.703882101092055734e-01	7.975162986889104688e-02	3.450181259485438773e-02	8.782849798836597777e-02
1.480357685378516862e+03	2.156354813688201311e-01	1.382142957061254507e-01	2.731800753915005764e-01	1.706034381536452871e-01	7.984008861249430877e-02	3.456297431986606744e-02	8.796364644736885674e-02
1.485195455592172038e+03	2.151566538691241093e-01	1.378934181943157755e-01	2.734825286970009595e-01	1.708174336953245109e-01	7.992808442692705961e-02	3.462385211655781558e-02	8.809802900057046859e-02
1.490033225805827215e+03	2.146805790131808556e-01	1.375742910252763240e-01	2.737832101152429809e-01	1.710302034892750012e-01	8.001561971272332097e-02	3.468444691856192169e-02	8.823164972556027386e-02
1.494870996019482618e+03	2.142072410133706306e-01	1.372569045548038269e-01	2.740821309707642262e-01	1.712417542579117991e-01	8.010269685787593796e-02	3.474475966289742451e-02	8.836451268219680522e-02
1.499708766233137567e+03	2.137366241736906314e-01	1.369412491917855745e-01	2.743793025028639088e-01	1.714520926911194398e-01	8.018931823791680680e-02	3.480479128982621323e-02	8.849662191261813138e-02
1.504546536446793198e+03	2.132687128892002404e-01	1.366273153979145061e-01	2.746747358664050065e-01	1.716612254463394382e-01	8.027548621599601975e-02	3.486454274271193893e-02	8.862798144125358379e-02
1.509384306660448374e+03	2.128034916454702719e-01	1.363150936874057417e-01	2.749684421326077932e-01	1.718691591486586068e-01	8.036120314295981670e-02	3.492401496788166693e-02	8.875859527483681566e-02
1.514222076874103550e+03	2.123409450180359093e-01	1.360045746267142253e-01	2.752604322898339895e-01	1.720759003908984286e-01	8.044647135742771793e-02	3.498320891449018671e-02	8.888846740242027644e-02
1.519059847087758726e+03	2.118810576718531402e-01	1.356957488342540319e-01	2.755507172443619757e-01	1.722814557337053742e-01	8.053129318586833840e-02	3.504212553438700029e-02	8.901760179539085216e-02
1.523897617301414357e+03	2.114238143607589382e-01	1.353886069801189251e-01	2.758393078211534566e-01	1.724858317056422174e-01	8.061567094267448053e-02	3.510076578198585706e-02	8.914600240748686566e-02
1.528735387515069533e+03	2.109691999269350526e-01	1.350831397858042737e-01	2.761262147646112997e-01	1.726890348032800448e-01	8.069960693023697784e-02	3.515913061413684926e-02	8.927367317481622877e-02
1.533573157728724709e+03	2.105171993003754904e-01	1.347793380239302730e-01	2.764114487393287689e-01	1.728910714912914870e-01	8.078310343901788648e-02	3.521722099000099832e-02	8.940061801587581569e-02
1.538410927942380113e+03	2.100677974983571894e-01	1.344771925179668037e-01	2.766950203308304324e-01	1.730919482025445044e-01	8.086616274762251089e-02	3.527503787092730464e-02	8.952684083157201600e-02
1.543248698156035516e+03	2.096209796249147161e-01	1.341766941419591797e-01	2.769769400463043540e-01	1.732916713381971729e-01	8.094878712287072176e-02	3.533258222033218432e-02	8.965234550524243951e-02
1.548086468369690692e+03	2.091767308703181283e-01	1.338778338202557261e-01	2.772572183153263481e-01	1.734902472677932461e-01	8.103097881986728868e-02	3.538985500358128589e-02	8.977713590267866195e-02
1.552924238583346096e+03	2.087350365105543892e-01	1.335806025272364694e-01	2.775358654905761835e-01	1.736876823293584671e-01	8.111274008207139397e-02	3.544685718787360384e-02	8.990121587215017807e-02
1.557762008797001272e+03	2.082958819068122247e-01	1.332849912870430753e-01	2.778128918485449628e-01	1.738839828294977130e-01	8.119407314136536935e-02	3.550358974212792368e-02	9.002458924442931221e-02
1.562599779010656675e+03	2.078592525049703377e-01	1.329909911733103689e-01	2.780883075902357837e-01	1.740791550434928336e-01	8.127498021812261386e-02	3.556005363687143872e-02	9.014725983281723920e-02
1.567437549224311852e+03	2.074251338350892315e-01	1.326985933088989378e-01	2.783621228418549642e-01	1.742732052154012112e-01	8.135546352127470682e-02	3.561624984413060135e-02	9.026923143317099052e-02
1.572275319437967255e+03	2.069935115109059476e-01	1.324077888656292890e-01	2.786343476554969389e-01	1.744661395581550145e-01	8.143552524837774365e-02	3.567217933732413915e-02	9.039050782393143191e-02
1.577113089651622431e+03	2.065643712293327161e-01	1.321185690640171717e-01	2.789049920098209401e-01	1.746579642536612575e-01	8.151516758567804721e-02	3.572784309115818041e-02	9.051109276615221244e-02
1.581950859865277607e+03	2.061376987699584384e-01	1.318309251730102882e-01	2.791740658107193518e-01	1.748486854529022194e-01	8.159439270817704648e-02	3.578324208152346142e-02	9.063099000352974055e-02
1.586788630078933011e+03	2.057134799945535275e-01	1.315448485097262810e-01	2.794415788919799026e-01	1.750383092760368353e-01	8.167320277969543352e-02	3.583837728539458756e-02	9.075020326243392332e-02
1.591626400292587959e+03	2.052917008465783011e-01	1.312603304391920800e-01	2.797075410159395314e-01	1.752268418125024207e-01	8.175159995293682091e-02	3.589324968073129285e-02	9.086873625193997439e-02
1.596464170506243590e+03	2.048723473506942616e-01	1.309773623740845827e-01	2.799719618741312588e-01	1.754142891211172284e-01	8.182958636955046938e-02	3.594786024638167710e-02	9.098659266386095734e-02
1.601301940719898766e+03	2.044554056122786512e-01	1.306959357744723327e-01	2.802348510879237864e-01	1.756006572301833379e-01	8.190716416019361290e-02	3.600220996198739282e-02	9.110377617278123119e-02
1.606139710933553943e+03	2.040408618169424204e-01	1.304160421475590859e-01	2.804962182091540468e-01	1.757859521375903233e-01	8.198433544459297895e-02	3.605629980789073347e-02	9.122029043609081178e-02
1.610977481147209119e+03	2.036287022300509730e-01	1.301376730474280152e-01	2.807560727207524809e-01	1.759701798109191695e-01	8.206110233160578138e-02	3.611013076504358127e-02	9.133613909402039932e-02
1.615815251360864750e+03	2.032189131962482687e-01	1.298608200747876917e-01	2.810144240373617097e-01	1.761533461875470497e-01	8.213746691928010268e-02	3.616370381491818692e-02	9.145132576967730798e-02
1.620653021574519926e+03	2.028114811389840899e-01	1.295854748767191200e-01	2.812712815059482119e-01	1.763354571747523525e-01	8.221343129491458235e-02	3.621701993941979503e-02	9.156585406908213098e-02
1.625490791788175102e+03	2.024063925600441405e-01	1.293116291464239398e-01	2.815266544064070620e-01	1.765165186498202088e-01	8.228899753511778603e-02	3.627008012080099042e-02	9.167972758120614130e-02
1.630328562001830505e+03	2.020036340390834462e-01	1.290392746229743481e-01	2.817805519521601187e-01	1.766965364601484900e-01	8.236416770586665881e-02	3.632288534157782078e-02	9.179294987800945549e-02
1.635166332215485909e+03	2.016031922331625592e-01	1.287684030910636879e-01	2.820329832907474965e-01	1.768755164233543620e-01	8.243894386256475637e-02	3.637543658444762629e-02	9.190552451447990545e-02
1.640004102429141085e+03	2.012050538762869267e-01	1.284990063807587291e-01	2.822839575044128191e-01	1.770534643273809772e-01	8.251332805009974070e-02	3.642773483220854147e-02	9.201745502867260396e-02
1.644841872642796488e+03	2.008092057789493123e-01	1.282310763672531162e-01	2.825334836106815350e-01	1.772303859306050000e-01	8.258732230290047327e-02	3.647978106768066248e-02	9.212874494175020412e-02
1.649679642856451665e+03	2.004156348276749378e-01	1.279646049706219813e-01	2.827815705629334042e-01	1.774062869619439931e-01	8.266092864499346993e-02	3.653157627362881715e-02	9.223939775802374175e-02
1.654517413070107068e+03	2.000243279845697053e-01	1.276995841555777500e-01	2.830282272509681007e-01	1.775811731209645805e-01	8.273414909005902262e-02	3.658312143268693806e-02	9.234941696499424091e-02
1.659355183283762244e+03	1.996352722868713625e-01	1.274360059312274196e-01	2.832734625015652097e-01	1.777550500779908338e-01	8.280698564148666896e-02	3.663441752728402445e-02	9.245880603339484693e-02
1.664192953497417420e+03	1.992484548465034144e-01	1.271738623508309740e-01	2.835172850790375620e-01	1.779279234742128235e-01	8.287944029243030086e-02	3.668546553957161005e-02	9.256756841723365326e-02
1.669030723711072824e+03	1.988638628496321725e-01	1.269131455115608820e-01	2.837597036857790189e-01	1.780997989217957822e-01	8.295151502586274594e-02	3.673626645135274343e-02	9.267570755383702785e-02
1.673868493924728000e+03	1.984814835562263846e-01	1.266538475542629549e-01	2.840007269628057607e-01	1.782706820039893225e-01	8.302321181462993249e-02	3.678682124401248810e-02	9.278322686389355034e-02
1.678706264138383403e+03	1.981013042996196682e-01	1.263959606632184540e-01	2.842403634902920806e-01	1.784405782752371272e-01	8.309453262150458264e-02	3.683713089844986577e-02	9.289012975149858742e-02
1.683544034352038352e+03	1.977233124860761637e-01	1.261394770659074460e-01	2.844786217881001278e-01	1.786094932612866670e-01	8.316547939923946142e-02	3.688719639501118752e-02	9.299641960419929854e-02
1.688381804565693983e+03	1.973474955943584352e-01	1.258843890327731863e-01	2.847155103163039325e-01	1.787774324592994180e-01	8.323605409062023730e-02	3.693701871342488369e-02	9.310209979304021055e-02
1.693219574779349159e+03	1.969738411752984530e-01	1.256306888769878616e-01	2.849510374757078801e-01	1.789444013379612453e-01	8.330625862851785690e-02	3.698659883273763133e-02	9.320717367260934749e-02
1.698057344993004335e+03	1.966023368513712677e-01	1.253783689542194713e-01	2.851852116083593569e-01	1.791104053375928984e-01	8.337609493594060062e-02	3.703593773125190419e-02	9.331164458108477666e-02
1.702895115206659511e+03	1.962329703162713490e-01	1.251274216624000402e-01	2.854180409980557886e-01	1.792754498702608945e-01	8.344556492608565246e-02	3.708503638646482720e-02	9.341551584028175148e-02
1.707732885420315142e+03	1.958657293344917005e-01	1.248778394414947895e-01	2.856495338708466281e-01	1.794395403198883465e-01	8.351467050239030909e-02	3.713389577500832844e-02	9.351879075570017352e-02
1.712570655633970318e+03	1.955006017409055552e-01	1.246296147732727094e-01	2.858796983955295135e-01	1.796026820423663739e-01	8.358341355858281418e-02	3.718251687259063049e-02	9.362147261657267905e-02
1.717408425847625494e+03	1.951375754403507912e-01	1.243827401810782413e-01	2.861085426841412094e-01	1.797648803656651806e-01	8.365179597873280415e-02	3.723090065393896975e-02	9.372356469591307249e-02
1.722246196061280898e+03	1.947766384072170121e-01	1.241372082296040430e-01	2.863360747924434957e-01	1.799261405899456878e-01	8.371981963730136533e-02	3.727904809274356496e-02	9.382507025056513461e-02
1.727083966274936301e+03	1.944177786850352363e-01	1.238930115246651004e-01	2.865623027204031725e-01	1.800864679876711671e-01	8.378748639919075814e-02	3.732696016160283459e-02	9.392599252125201359e-02
1.731921736488591478e+03	1.940609843860700845e-01	1.236501427129739067e-01	2.867872344126679574e-01	1.802458678037189566e-01	8.385479811979372478e-02	3.737463783196979389e-02	9.402633473262583808e-02
1.736759506702246881e+03	1.937062436909148255e-01	1.234085944819167946e-01	2.870108777590362759e-01	1.804043452554923155e-01	8.392175664504258892e-02	3.742208207409961768e-02	9.412610009331785765e-02
1.741597276915902057e+03	1.933535448480885321e-01	1.231683595593314612e-01	2.872332405949228340e-01	1.805619055330325018e-01	8.398836381145774466e-02	3.746929385699839660e-02	9.422529179598884697e-02
1.746435047129557461e+03	1.930028761736362619e-01	1.229294307132856867e-01	2.874543307018185279e-01	1.807185537991307100e-01	8.405462144619611775e-02	3.751627414837303831e-02	9.432391301737996780e-02
1.751272817343212637e+03	1.926542260507314031e-01	1.226918007518571219e-01	2.876741558077460237e-01	1.808742951894403705e-01	8.412053136709909951e-02	3.756302391458223727e-02	9.442196691836395039e-02
1.756110587556867813e+03	1.923075829292808236e-01	1.224554625229142407e-01	2.878927235877104529e-01	1.810291348125892541e-01	8.418609538274016146e-02	3.760954412058861718e-02	9.451945664399659386e-02
1.760948357770523216e+03	1.919629353255321857e-01	1.222204089138984456e-01	2.881100416641449447e-01	1.811830777502918266e-01	8.425131529247223416e-02	3.765583572991189343e-02	9.461638532356862752e-02
1.765786127984178393e+03	1.916202718216840351e-01	1.219866328516073795e-01	2.883261176073515508e-01	1.813361290574614926e-01	8.431619288647468347e-02	3.770189970458311807e-02	9.471275607065784974e-02
1.770623898197833569e+03	1.912795810654980833e-01	1.217541273019791953e-01	2.885409589359380633e-01	1.814882937623230608e-01	8.438072994580007868e-02	3.774773700509998636e-02	9.480857198318164147e-02
1.775461668411488745e+03	1.909408517699142105e-01	1.215228852698781448e-01	2.887545731172493912e-01	1.816395768665250154e-01	8.444492824242051665e-02	3.779334859038315647e-02	9.490383614344968799e-02
1.780299438625144376e+03	1.906040727126675494e-01	1.212928997988811375e-01	2.889669675677950522e-01	1.817899833452519820e-01	8.450878953927375148e-02	3.783873541773356136e-02	9.499855161821704752e-02
1.785137208838799552e+03	1.902692327359082336e-01	1.210641639710655082e-01	2.891781496536718343e-01	1.819395181473371648e-01	8.457231559030903290e-02	3.788389844279075463e-02	9.509272145873749749e-02
1.789974979052454728e+03	1.899363207458234504e-01	1.208366709067978384e-01	2.893881266909822947e-01	1.820881861953746184e-01	8.463550814053255600e-02	3.792883861949217922e-02	9.518634870081707500e-02
1.794812749266109904e+03	1.896053257122617963e-01	1.206104137645239022e-01	2.895969059462484285e-01	1.822359923858317410e-01	8.469836892605274448e-02	3.797355690003342832e-02	9.527943636486796430e-02
1.799650519479765535e+03	1.892762366683600483e-01	1.203853857405597361e-01	2.898044946368216190e-01	1.823829415891615735e-01	8.476089967412511750e-02	3.801805423482942231e-02	9.537198745596255078e-02
1.804488289693420711e+03	1.889490427101722381e-01	1.201615800688837776e-01	2.900108999312876468e-01	1.825290386499151540e-01	8.482310210319700394e-02	3.806233157247652238e-02	9.546400496388773860e-02
1.809326059907075887e+03	1.886237329963010301e-01	1.199389900209300724e-01	2.902161289498682573e-01	1.826742883868537060e-01	8.488497792295195132e-02	3.810638985971555315e-02	9.555549186319949040e-02
1.814163830120731291e+03	1.883002967475314871e-01	1.197176089053826609e-01	2.904201887648179548e-01	1.828186955930609092e-01	8.494652883435378776e-02	3.815023004139569962e-02	9.564645111327761684e-02
1.819001600334386467e+03	1.879787232464668889e-01	1.194974300679709084e-01	2.906230864008166881e-01	1.829622650360551439e-01	8.500775652969051743e-02	3.819385306043929229e-02	9.573688565838066322e-02
1.823839370548041643e+03	1.876590018371670499e-01	1.192784468912660711e-01	2.908248288353589284e-01	1.831050014579014285e-01	8.506866269261789681e-02	3.823725985780748043e-02	9.582679842770114309e-02
1.828677140761696819e+03	1.873411219247889392e-01	1.190606527944787496e-01	2.910254229991385277e-01	1.832469095753234412e-01	8.512924899820274727e-02	3.828045137246668256e-02	9.591619233542081346e-02
1.833514910975352450e+03	1.870250729752291619e-01	1.188440412332575913e-01	2.912248757764294149e-01	1.833879940798155139e-01	8.518951711296607332e-02	3.832342854135593196e-02	9.600507028076622762e-02
1.838352681189008081e+03	1.867108445147690199e-01	1.186286056994889371e-01	2.914231940054622938e-01	1.835282596377544317e-01	8.524946869492580626e-02	3.836619229935497866e-02	9.609343514806441278e-02
1.843190451402663257e+03	1.863984261297216283e-01	1.184143397210975224e-01	2.916203844787981780e-01	1.836677108905111488e-01	8.530910539363946443e-02	3.840874357925327942e-02	9.618128980679870044e-02
1.848028221616318433e+03	1.860878074660811399e-01	1.182012368618483855e-01	2.918164539436972071e-01	1.838063524545622829e-01	8.536842885024645278e-02	3.845108331171966792e-02	9.626863711166475102e-02
1.852865991829973609e+03	1.857789782291744407e-01	1.179892907211495673e-01	2.920114091024845204e-01	1.839441889216017201e-01	8.542744069751009861e-02	3.849321242527288522e-02	9.635547990262670337e-02
1.857703762043628785e+03	1.854719281833145106e-01	1.177784949338560594e-01	2.922052566129116347e-01	1.840812248586519428e-01	8.548614255985957644e-02	3.853513184625283194e-02	9.644182100497339372e-02
1.862541532257283961e+03	1.851666471514564205e-01	1.175688431700747660e-01	2.923980030885147130e-01	1.842174648081752464e-01	8.554453605343145806e-02	3.857684249879255595e-02	9.652766322937483823e-02
1.867379302470939592e+03	1.848631250148551897e-01	1.173603291349703676e-01	2.925896550989687817e-01	1.843529132881847610e-01	8.560262278611112385e-02	3.861834530479101718e-02	9.661300937193871563e-02
1.872217072684594768e+03	1.845613517127256686e-01	1.171529465685724053e-01	2.927802191704389490e-01	1.844875747923555021e-01	8.566040435757389659e-02	3.865964118388653253e-02	9.669786221426701633e-02
1.877054842898249490e+03	1.842613172419048373e-01	1.169466892455831575e-01	2.929697017859272945e-01	1.846214537901349761e-01	8.571788235932593925e-02	3.870073105343092151e-02	9.678222452351280258e-02
1.881892613111905121e+03	1.839630116565158513e-01	1.167415509751868197e-01	2.931581093856169828e-01	1.847545547268539534e-01	8.577505837474495853e-02	3.874161582846441521e-02	9.686609905243701024e-02
1.886730383325560297e+03	1.836664250676343091e-01	1.165375256008594207e-01	2.933454483672121582e-01	1.848868820238367683e-01	8.583193397912070033e-02	3.878229642169115504e-02	9.694948853946545875e-02
1.891568153539215928e+03	1.833715476429566005e-01	1.163346070001799321e-01	2.935317250862752858e-01	1.850184400785117589e-01	8.588851073969513972e-02	3.882277374345543403e-02	9.703239570874577780e-02
1.896405923752871104e+03	1.830783696064701982e-01	1.161327890846422933e-01	2.937169458565605518e-01	1.851492332645211514e-01	8.594479021570258781e-02	3.886304870171856246e-02	9.711482327020456995e-02
1.901243693966526507e+03	1.827868812381260033e-01	1.159320657994685339e-01	2.939011169503438770e-01	1.852792659318311663e-01	8.600077395840939609e-02	3.890312220203639287e-02	9.719677391960457324e-02
1.906081464180181683e+03	1.824970728735128001e-01	1.157324311234227410e-01	2.940842445987498777e-01	1.854085424068414867e-01	8.605646351115368853e-02	3.894299514753747637e-02	9.727825033860186543e-02
1.910919234393836859e+03	1.822089349035335148e-01	1.155338790686261524e-01	2.942663349920755511e-01	1.855370669924950033e-01	8.611186040938462183e-02	3.898266843890185046e-02	9.735925519480316537e-02
1.915757004607492036e+03	1.819224577740835846e-01	1.153364036803731507e-01	2.944473942801107968e-01	1.856648439683869778e-01	8.616696618070167346e-02	3.902214297434042356e-02	9.743979114182317602e-02
1.920594774821147894e+03	1.816376319857312960e-01	1.151399990369483539e-01	2.946274285724554964e-01	1.857918775908741493e-01	8.622178234489354109e-02	3.906141964957499796e-02	9.751986081934195527e-02
1.925432545034802843e+03	1.813544480934000114e-01	1.149446592494445113e-01	2.948064439388334845e-01	1.859181720931836201e-01	8.627631041397694489e-02	3.910049935781884090e-02	9.759946685316235604e-02
1.930270315248458019e+03	1.810728967060523664e-01	1.147503784615814676e-01	2.949844464094039109e-01	1.860437316855215184e-01	8.633055189223518000e-02	3.913938298975785240e-02	9.767861185526748036e-02
1.935108085462113195e+03	1.807929684863764097e-01	1.145571508495261959e-01	2.951614419750688278e-01	1.861685605551814116e-01	8.638450827625647477e-02	3.917807143353233684e-02	9.775729842387816115e-02
1.939945855675768371e+03	1.805146541504736579e-01	1.143649706217135659e-01	2.953374365877781127e-01	1.862926628666525253e-01	8.643818105497218240e-02	3.921656557471928789e-02	9.783552914351048568e-02
1.944783625889424002e+03	1.802379444675490106e-01	1.141738320186682920e-01	2.955124361608316153e-01	1.864160427617276850e-01	8.649157170969472286e-02	3.925486629631523561e-02	9.791330658503327733e-02
1.949621396103079178e+03	1.799628302596025520e-01	1.139837293128276863e-01	2.956864465691779187e-01	1.865387043596110628e-01	8.654468171415534428e-02	3.929297447871968330e-02	9.799063330572564678e-02
1.954459166316734354e+03	1.796893024011232964e-01	1.137946568083654103e-01	2.958594736497102140e-01	1.866606517570255919e-01	8.659751253454173181e-02	3.933089099971897457e-02	9.806751184933455712e-02
1.959296936530389530e+03	1.794173518187847649e-01	1.136066088410162128e-01	2.960315232015599540e-01	1.867818890283203248e-01	8.665006562953536662e-02	3.936861673447079879e-02	9.814394474613233332e-02
1.964134706744044706e+03	1.791469694911422827e-01	1.134195797779015413e-01	2.962026009863865661e-01	1.869024202255772371e-01	8.670234245034875997e-02	3.940615255548912677e-02	9.821993451297419964e-02
1.968972476957700337e+03	1.788781464483324146e-01	1.132335640173561392e-01	2.963727127286652219e-01	1.870222493787180862e-01	8.675434444076240981e-02	3.944349933262968066e-02	9.829548365335577520e-02
1.973810247171355968e+03	1.786108737717738426e-01	1.130485559887555308e-01	2.965418641159713875e-01	1.871413804956107152e-01	8.680607303716167400e-02	3.948065793307588278e-02	9.837059465747068077e-02
1.978648017385010689e+03	1.783451425938703538e-01	1.128645501523444922e-01	2.967100607992629313e-01	1.872598175621754124e-01	8.685752966857333834e-02	3.951762922132533856e-02	9.844527000226785396e-02
1.983485787598666320e+03	1.780809440977154934e-01	1.126815409990663402e-01	2.968773083931591783e-01	1.873775645424906877e-01	8.690871575670212901e-02	3.955441405917671516e-02	9.851951215150919761e-02
1.988323557812321269e+03	1.778182695167991045e-01	1.124995230503933186e-01	2.970436124762173558e-01	1.874946253788989381e-01	8.695963271596696131e-02	3.959101330571714733e-02	9.859332355582688112e-02
1.993161328025976900e+03	1.775571101347153957e-01	1.123184908581576907e-01	2.972089785912067628e-01	1.876110039921119466e-01	8.701028195353699424e-02	3.962742781731007358e-02	9.866670665278080843e-02
1.997999098239632076e+03	1.772974572848731167e-01	1.121384390043838886e-01	2.973734122453798312e-01	1.877267042813157427e-01	8.706066486936758775e-02	3.966365844758356490e-02	9.873966386691594710e-02
2.002836868453287707e+03	1.770393023502073171e-01	1.119593621011215206e-01	2.975369189107406331e-01	1.878417301242755466e-01	8.711078285623599649e-02	3.969970604741903525e-02	9.881219760981965750e-02
2.007674638666942428e+03	1.767826367628926865e-01	1.117812547902792275e-01	2.976995040243112789e-01	1.879560853774402407e-01	8.716063729977692465e-02	3.973557146494045844e-02	9.888431028017896640e-02
2.012512408880597604e+03	1.765274520040588657e-01	1.116041117434595498e-01	2.978611729883952064e-01	1.880697738760465920e-01	8.721022957851792823e-02	3.977125554550389741e-02	9.895600426383775738e-02
2.017350179094252780e+03	1.762737396035074788e-01	1.114279276617945735e-01	2.980219311708384167e-01	1.881827994342231414e-01	8.725956106391459521e-02	3.980675913168760932e-02	9.902728193385401667e-02
2.022187949307908411e+03	1.760214911394306081e-01	1.112526972757825333e-01	2.981817839052879893e-01	1.882951658450938426e-01	8.730863312038555923e-02	3.984208306328243521e-02	9.909814565055685698e-02
2.027025719521564042e+03	1.757706982381313232e-01	1.110784153451252615e-01	2.983407364914482662e-01	1.884068768808814243e-01	8.735744710534738833e-02	3.987722817728264757e-02	9.916859776160359685e-02
2.031863489735218764e+03	1.755213525737455149e-01	1.109050766585665260e-01	2.984987941953344270e-01	1.885179362930103353e-01	8.740600436924925165e-02	3.991219530787717268e-02	9.923864060203675674e-02
2.036701259948874394e+03	1.752734458679656437e-01	1.107326760337312699e-01	2.986559622495239541e-01	1.886283478122095236e-01	8.745430625560744742e-02	3.994698528644122226e-02	9.930827649434088855e-02
2.041539030162529116e+03	1.750269698897662651e-01	1.105612083169656701e-01	2.988122458534056558e-01	1.887381151486148267e-01	8.750235410103976430e-02	3.998159894152830685e-02	9.937750774849951618e-02
2.046376800376184747e+03	1.747819164551306925e-01	1.103906683831780977e-01	2.989676501734261915e-01	1.888472419918709733e-01	8.755014923529959303e-02	4.001603709886260296e-02	9.944633666205182632e-02
2.051214570589840150e+03	1.745382774267799919e-01	1.102210511356809391e-01	2.991221803433344872e-01	1.889557320112334460e-01	8.759769298131005189e-02	4.005030058133170895e-02	9.951476552014934529e-02
2.056052340803495554e+03	1.742960447139030034e-01	1.100523515060332774e-01	2.992758414644238196e-01	1.890635888556698729e-01	8.764498665519772358e-02	4.008439020897972688e-02	9.958279659561256048e-02
2.060890111017150957e+03	1.740552102718882777e-01	1.098845644538843508e-01	2.994286386057714022e-01	1.891708161539613353e-01	8.769203156632643381e-02	4.011830679900075386e-02	9.965043214898740287e-02
2.065727881230805451e+03	1.738157661020576783e-01	1.097176849668179965e-01	2.995805768044763617e-01	1.892774175148029259e-01	8.773882901733071060e-02	4.015205116573267868e-02	9.971767442860163255e-02
2.070565651444461309e+03	1.735777042514012880e-01	1.095517080601978027e-01	2.997316610658947167e-01	1.893833965269043906e-01	8.778538030414918814e-02	4.018562412065134620e-02	9.978452567062122414e-02
2.075403421658116713e+03	1.733410168123142303e-01	1.093866287770132312e-01	2.998818963638728574e-01	1.894887567590902433e-01	8.783168671605778854e-02	4.021902647236502010e-02	9.985098809910654405e-02
2.080241191871772116e+03	1.731056959223347957e-01	1.092224421877264762e-01	3.000312876409785834e-01	1.895935017603996575e-01	8.787774953570277880e-02	4.025225902660919952e-02	9.991706392606844456e-02
2.085078962085427065e+03	1.728717337638842610e-01	1.090591433901201140e-01	3.001798398087298092e-01	1.896976350601858874e-01	8.792357003913363334e-02	4.028532258624178269e-02	9.998275535152437166e-02
2.089916732299082469e+03	1.726391225640084293e-01	1.088967275091458214e-01	3.003275577478217162e-01	1.898011601682154659e-01	8.796914949583577170e-02	4.031821795123847335e-02	1.000480645635541954e-01
2.094754502512737417e+03	1.724078545941202523e-01	1.087351896967735793e-01	3.004744463083511841e-01	1.899040805747670979e-01	8.801448916876311590e-02	4.035094591868858965e-02	1.001129937383560542e-01
2.099592272726392821e+03	1.721779221697444795e-01	1.085745251318419313e-01	3.006205103100398346e-01	1.900063997507300539e-01	8.805959031437052276e-02	4.038350728279109514e-02	1.001775450403020046e-01
2.104430042940048224e+03	1.719493176502634169e-01	1.084147290199090202e-01	3.007657545424543555e-01	1.901081211477023691e-01	8.810445418264603590e-02	4.041590283485097662e-02	1.002417206219936713e-01
2.109267813153704083e+03	1.717220334386646841e-01	1.082557965931043725e-01	3.009101837652254918e-01	1.902092481980886818e-01	8.814908201714297120e-02	4.044813336327589964e-02	1.003055226243176473e-01
2.114105583367359031e+03	1.714960619812899434e-01	1.080977231099815167e-01	3.010538027082645951e-01	1.903097843151977386e-01	8.819347505501186346e-02	4.048019965357316230e-02	1.003689531765008802e-01
2.118943353581013525e+03	1.712713957675854604e-01	1.079405038553714336e-01	3.011966160719782293e-01	1.904097328933394562e-01	8.823763452703232979e-02	4.051210248834690580e-02	1.004320143961658779e-01
2.123781123794669384e+03	1.710480273298540521e-01	1.077841341402367703e-01	3.013386285274810006e-01	1.905090973079217875e-01	8.828156165764461383e-02	4.054384264729563037e-02	1.004947083893857618e-01
2.128618894008324787e+03	1.708259492430085902e-01	1.076286093015268730e-01	3.014798447168066664e-01	1.906078809155470344e-01	8.832525766498117159e-02	4.057542090720996086e-02	1.005570372507393340e-01
2.133456664221980191e+03	1.706051541243266967e-01	1.074739247020335547e-01	3.016202692531168017e-01	1.907060870541080755e-01	8.836872376089793812e-02	4.060683804197067620e-02	1.006190030633658389e-01
2.138294434435635139e+03	1.703856346332073279e-01	1.073200757302477659e-01	3.017599067209080221e-01	1.908037190428840402e-01	8.841196115100563580e-02	4.063809482254703009e-02	1.006806078990197251e-01
2.143132204649290543e+03	1.701673834709284405e-01	1.071670578002168889e-01	3.018987616762172643e-01	1.909007801826357875e-01	8.845497103470069400e-02	4.066919201699529390e-02	1.007418538181251988e-01
2.147969974862945492e+03	1.699503933804062394e-01	1.070148663514029902e-01	3.020368386468251232e-01	1.909972737557008304e-01	8.849775460519625214e-02	4.070013039045754927e-02	1.008027428698306804e-01
2.152807745076601350e+03	1.697346571459557862e-01	1.068634968485416975e-01	3.021741421324574128e-01	1.910932030260880377e-01	8.854031304955285731e-02	4.073091070516077217e-02	1.008632770920630944e-01
2.157645515290255844e+03	1.695201675930531893e-01	1.067129447815019089e-01	3.023106766049851735e-01	1.911885712395721415e-01	8.858264754870909252e-02	4.076153372041609046e-02	1.009234585115820759e-01
2.162483285503912157e+03	1.693069175880990984e-01	1.065632056651462517e-01	3.024464465086225129e-01	1.912833816237874685e-01	8.862475927751203852e-02	4.079200019261831900e-02	1.009832891440339692e-01
2.167321055717567106e+03	1.690949000381834488e-01	1.064142750391923742e-01	3.025814562601230606e-01	1.913776373883218362e-01	8.866664940474761059e-02	4.082231087524572366e-02	1.010427709940057150e-01
2.172158825931222509e+03	1.688841078908518700e-01	1.062661484680748891e-01	3.027157102489742013e-01	1.914713417248095073e-01	8.870831909317071495e-02	4.085246651886001445e-02	1.011019060550785859e-01
2.176996596144877003e+03	1.686745341338733162e-01	1.061188215408080809e-01	3.028492128375903092e-01	1.915644978070244198e-01	8.874976949953529426e-02	4.088246787110653285e-02	1.011606963098818229e-01
2.181834366358532861e+03	1.684661717950090287e-01	1.059722898708495148e-01	3.029819683615036507e-01	1.916571087909725024e-01	8.879100177462423416e-02	4.091231567671470282e-02	1.012191437301460245e-01
2.186672136572187810e+03	1.682590139417830255e-01	1.058265490959642147e-01	3.031139811295541220e-01	1.917491778149841009e-01	8.883201706327904790e-02	4.094201067749863449e-02	1.012772502767564781e-01
2.191509906785843214e+03	1.680530536812538944e-01	1.056815948780896880e-01	3.032452554240767095e-01	1.918407079998055154e-01	8.887281650442960257e-02	4.097155361235800541e-02	1.013350178998062845e-01
2.196347676999498617e+03	1.678482841597877251e-01	1.055374229032015332e-01	3.033757955010877860e-01	1.919317024486907053e-01	8.891340123112345672e-02	4.100094521727908059e-02	1.013924485386493851e-01
2.201185447213154021e+03	1.676446985628327335e-01	1.053940288811801018e-01	3.035056055904697958e-01	1.920221642474923829e-01	8.895377237055530906e-02	4.103018622533599613e-02	1.014495441219533528e-01
2.206023217426809424e+03	1.674422901146949139e-01	1.052514085456775217e-01	3.036346898961542196e-01	1.921120964647526352e-01	8.899393104409612787e-02	4.105927736669218175e-02	1.015063065677520859e-01
2.210860987640464373e+03	1.672410520783151611e-01	1.051095576539857607e-01	3.037630525963026518e-01	1.922015021517934907e-01	8.903387836732219729e-02	4.108821936860201918e-02	1.015627377834983913e-01
2.215698757854119776e+03	1.670409777550476982e-01	1.049684719869051763e-01	3.038906978434869899e-01	1.922903843428067638e-01	8.907361545004406633e-02	4.111701295541266704e-02	1.016188396661162480e-01
2.220536528067775180e+03	1.668420604844398358e-01	1.048281473486138982e-01	3.040176297648674586e-01	1.923787460549438999e-01	8.911314339633533144e-02	4.114565884856608707e-02	1.016746141020530847e-01
2.225374298281430583e+03	1.666442936440128975e-01	1.046885795665379731e-01	3.041438524623694128e-01	1.924665902884050706e-01	8.915246330456128021e-02	4.117415776660120902e-02	1.017300629673317941e-01
2.230212068495085077e+03	1.664476706490445324e-01	1.045497644912221080e-01	3.042693700128583645e-01	1.925539200265283524e-01	8.919157626740736866e-02	4.120251042515632456e-02	1.017851881276026355e-01
2.235049838708740936e+03	1.662521849523523054e-01	1.044116979962012165e-01	3.043941864683139542e-01	1.926407382358781006e-01	8.923048337190764290e-02	4.123071753697165470e-02	1.018399914381949156e-01
2.239887608922396339e+03	1.660578300440785637e-01	1.042743759778725909e-01	3.045183058560018696e-01	1.927270478663332121e-01	8.926918569947293880e-02	4.125877981189202820e-02	1.018944747441685728e-01
2.244725379136052197e+03	1.658645994514765243e-01	1.041377943553688512e-01	3.046417321786450416e-01	1.928128518511750544e-01	8.930768432591906780e-02	4.128669795686978894e-02	1.019486398803655519e-01
2.249563149349706237e+03	1.656724867386976108e-01	1.040019490704315597e-01	3.047644694145923983e-01	1.928981531071748134e-01	8.934598032149468350e-02	4.131447267596781436e-02	1.020024886714610002e-01
2.254400919563362095e+03	1.654814855065802615e-01	1.038668360872855578e-01	3.048865215179871191e-01	1.929829545346807007e-01	8.938407475090923149e-02	4.134210467036274900e-02	1.020560229320143508e-01
2.259238689777017044e+03	1.652915893924394863e-01	1.037324513925138997e-01	3.050078924189329466e-01	1.930672590177046621e-01	8.942196867336055233e-02	4.136959463834834205e-02	1.021092444665201576e-01
2.264076459990672902e+03	1.651027920698582285e-01	1.035987909949335761e-01	3.051285860236590541e-01	1.931510694240087533e-01	8.945966314256256768e-02	4.139694327533897933e-02	1.021621550694588598e-01
