1.001418434226643626e+03	2.796725395312397167e-01	1.808914454146559880e-01	2.347637945833295769e-01	1.409310416799416932e-01	6.806326412130965509e-02	2.672442849072831361e-02	6.895348617861468687e-02
1.003837319333471214e+03	2.792454580365867911e-01	1.806177305245756370e-01	2.350677091056157797e-01	1.411041796346260702e-01	6.813515730659225333e-02	2.676707211115498738e-02	6.906269328066802493e-02
1.006256204440298802e+03	2.788195919363902764e-01	1.803447766344006831e-01	2.353707721964471977e-01	1.412767805062271342e-01	6.820684394979249776e-02	2.680964174060409752e-02	6.917159303595761533e-02
1.008675089547126618e+03	2.783949377541703463e-01	1.800725816249473810e-01	2.356729862314579371e-01	1.414488462193940199e-01	6.827832464485143749e-02	2.685213734893095519e-02	6.928018617606743201e-02
1.011093974653954206e+03	2.779714920235588083e-01	1.798011433829357630e-01	2.359743535796487157e-01	1.416203786892075434e-01	6.834959998409061155e-02	2.689455890729026966e-02	6.938847343308772453e-02
1.013512859760782021e+03	2.775492512882681284e-01	1.795304598009732355e-01	2.362748766034056258e-01	1.417913798212553644e-01	6.842067055821639265e-02	2.693690638812656912e-02	6.949645553957412014e-02
1.015931744867609382e+03	2.771282121020604006e-01	1.792605287775380363e-01	2.365745576585183141e-01	1.419618515117063995e-01	6.849153695632415051e-02	2.697917976516469099e-02	6.960413322850743378e-02
1.018350629974437197e+03	2.767083710287162601e-01	1.789913482169630254e-01	2.368733990941987722e-01	1.421317956473843458e-01	6.856219976590245679e-02	2.702137901340031373e-02	6.971150723325425513e-02
1.020769515081264785e+03	2.762897246420042419e-01	1.787229160294193930e-01	2.371714032530994887e-01	1.423012141058404845e-01	6.863265957283713747e-02	2.706350410909055468e-02	6.981857828752813244e-02
1.023188400188092373e+03	2.758722695256500268e-01	1.784552301309001721e-01	2.374685724713319346e-01	1.424701087554259005e-01	6.870291696141535287e-02	2.710555502974461642e-02	6.992534712535143637e-02
1.025607285294920075e+03	2.754560022733058555e-01	1.781882884432042236e-01	2.377649090784848540e-01	1.426384814553625369e-01	6.877297251432953895e-02	2.714753175411447825e-02	7.003181448101788997e-02
1.028026170401747549e+03	2.750409194885202746e-01	1.779220888939199718e-01	2.380604153976423887e-01	1.428063340558138605e-01	6.884282681268139026e-02	2.718943426218566745e-02	7.013798108905579254e-02
1.030445055508575479e+03	2.746270177847074945e-01	1.776566294164092508e-01	2.383550937454024798e-01	1.429736683979546119e-01	6.891248043598563466e-02	2.723126253516806178e-02	7.024384768419172920e-02
1.032863940615402726e+03	2.742142937851174134e-01	1.773919079497912887e-01	2.386489464318948261e-01	1.431404863140398054e-01	6.898193396217397466e-02	2.727301655548674750e-02	7.034941500131514092e-02
1.035282825722230655e+03	2.738027441228054193e-01	1.771279224389264995e-01	2.389419757607991190e-01	1.433067896274730635e-01	6.905118796759883437e-02	2.731469630677292940e-02	7.045468377544324146e-02
1.037701710829058356e+03	2.733923654406024695e-01	1.768646708344007445e-01	2.392341840293629451e-01	1.434725801528742295e-01	6.912024302703707879e-02	2.735630177385490677e-02	7.055965474168678087e-02
1.040120595935886058e+03	2.729831543910848923e-01	1.766021510925090965e-01	2.395255735284199106e-01	1.436378596961461751e-01	6.918909971369376077e-02	2.739783294274908063e-02	7.066432863521623919e-02
1.042539481042713533e+03	2.725751076365451331e-01	1.763403611752400457e-01	2.398161465424074879e-01	1.438026300545410807e-01	6.925775859920571542e-02	2.743928980065103024e-02	7.076870619122872796e-02
1.044958366149541234e+03	2.721682218489615557e-01	1.760792990502596800e-01	2.401059053493848905e-01	1.439668930167257443e-01	6.932622025364529317e-02	2.748067233592662792e-02	7.087278814491533574e-02
1.047377251256368709e+03	2.717624937099693549e-01	1.758189626908958081e-01	2.403948522210510585e-01	1.441306503628465852e-01	6.939448524552385700e-02	2.752198053810320580e-02	7.097657523142920921e-02
1.049796136363196410e+03	2.713579199108307471e-01	1.755593500761222225e-01	2.406829894227623667e-01	1.442939038645935090e-01	6.946255414179539067e-02	2.756321439786079200e-02	7.108006818585400899e-02
1.052215021470024112e+03	2.709544971524058266e-01	1.753004591905428511e-01	2.409703192135502769e-01	1.444566552852635244e-01	6.953042750786003756e-02	2.760437390702336763e-02	7.118326774317310091e-02
1.054633906576851814e+03	2.705522221451232556e-01	1.750422880243762414e-01	2.412568438461391296e-01	1.446189063798234697e-01	6.959810590756758397e-02	2.764545905855018623e-02	7.128617463823914979e-02
1.057052791683679516e+03	2.701510916089510106e-01	1.747848345734397124e-01	2.415425655669637683e-01	1.447806588949719364e-01	6.966558990322095635e-02	2.768646984652715221e-02	7.138878960574436550e-02
1.059471676790506763e+03	2.697511022733678487e-01	1.745280968391339504e-01	2.418274866161871373e-01	1.449419145692010524e-01	6.973288005557964908e-02	2.772740626615824086e-02	7.149111338019110973e-02
1.061890561897334692e+03	2.693522508773336099e-01	1.742720728284272436e-01	2.421116092277177390e-01	1.451026751328569897e-01	6.979997692386318009e-02	2.776826831375695318e-02	7.159314669586326618e-02
1.064309447004162394e+03	2.689545341692610170e-01	1.740167605538401607e-01	2.423949356292272872e-01	1.452629423082003046e-01	6.986688106575447699e-02	2.780905598673785034e-02	7.169489028679783271e-02
1.066728332110990095e+03	2.685579489069868653e-01	1.737621580334299254e-01	2.426774680421679986e-01	1.454227178094654738e-01	6.993359303740327715e-02	2.784976928360810913e-02	7.179634488675726289e-02
1.069147217217817570e+03	2.681624918577432126e-01	1.735082632907750944e-01	2.429592086817900787e-01	1.455820033429197635e-01	7.000011339342947225e-02	2.789040820395913278e-02	7.189751122920218229e-02
1.071566102324645271e+03	2.677681597981289574e-01	1.732550743549600702e-01	2.432401597571589857e-01	1.457408006069216555e-01	7.006644268692646671e-02	2.793097274845822084e-02	7.199839004726459046e-02
1.073984987431472746e+03	2.673749495140815280e-01	1.730025892605598081e-01	2.435203234711728615e-01	1.458991112919783839e-01	7.013258146946450833e-02	2.797146291884027372e-02	7.209898207372160417e-02
1.076403872538300675e+03	2.669828578008484610e-01	1.727508060476245777e-01	2.437997020205796284e-01	1.460569370808031953e-01	7.019853029109403286e-02	2.801187871789954237e-02	7.219928804096960306e-02
1.078822757645127922e+03	2.665918814629592570e-01	1.724997227616644757e-01	2.440782975959942536e-01	1.462142796483717755e-01	7.026428970034886978e-02	2.805222014948143688e-02	7.229930868099890273e-02
1.081241642751955851e+03	2.662020173141972923e-01	1.722493374536345767e-01	2.443561123819159298e-01	1.463711406619782884e-01	7.032986024424961458e-02	2.809248721847438027e-02	7.239904472536884406e-02
1.083660527858783553e+03	2.658132621775717852e-01	1.719996481799194454e-01	2.446331485567451169e-01	1.465275217812906372e-01	7.039524246830689003e-02	2.813267993080168991e-02	7.249849690518334056e-02
1.086079412965611255e+03	2.654256128852898744e-01	1.717506530023180933e-01	2.449094082928006955e-01	1.466834246584052259e-01	7.046043691652457974e-02	2.817279829341353195e-02	7.259766595106684206e-02
1.088498298072438729e+03	2.650390662787289187e-01	1.715023499880289903e-01	2.451848937563368414e-01	1.468388509379012774e-01	7.052544413140306168e-02	2.821284231427890338e-02	7.269655259314088125e-02
1.090917183179266431e+03	2.646536192084086303e-01	1.712547372096348275e-01	2.454596071075600405e-01	1.469938022568944291e-01	7.059026465394248329e-02	2.825281200237766965e-02	7.279515756100084223e-02
1.093336068286093905e+03	2.642692685339635417e-01	1.710078127450876395e-01	2.457335505006460474e-01	1.471482802450898020e-01	7.065489902364598118e-02	2.829270736769264050e-02	7.289348158369325648e-02
1.095754953392921607e+03	2.638860111241155826e-01	1.707615746776938448e-01	2.460067260837567049e-01	1.473022865248347080e-01	7.071934777852287302e-02	2.833252842120169424e-02	7.299152538969355675e-02
1.098173838499749309e+03	2.635038438566464358e-01	1.705160210960992850e-01	2.462791359990567641e-01	1.474558227111704423e-01	7.078361145509190488e-02	2.837227517486994380e-02	7.308928970688417792e-02
1.100592723606577010e+03	2.631227636183704477e-01	1.702711500942743483e-01	2.465507823827306766e-01	1.476088904118840195e-01	7.084769058838441547e-02	2.841194764164195474e-02	7.318677526253304644e-02
1.103011608713404712e+03	2.627427673051073720e-01	1.700269597714990644e-01	2.468216673649992476e-01	1.477614912275589665e-01	7.091158571194755567e-02	2.845154583543400492e-02	7.328398278327261095e-02
1.105430493820231959e+03	2.623638518216551696e-01	1.697834482323485050e-01	2.470917930701364007e-01	1.479136267516258652e-01	7.097529735784749438e-02	2.849106977112638231e-02	7.338091299507901177e-02
1.107849378927059888e+03	2.619860140817627525e-01	1.695406135866778241e-01	2.473611616164857196e-01	1.480652985704122016e-01	7.103882605667256878e-02	2.853051946455573487e-02	7.347756662325191646e-02
1.110268264033887590e+03	2.616092510081036160e-01	1.692984539496076302e-01	2.476297751164771299e-01	1.482165082631918263e-01	7.110217233753644839e-02	2.856989493250745513e-02	7.357394439239453576e-02
1.112687149140715292e+03	2.612335595322484716e-01	1.690569674415092760e-01	2.478976356766433575e-01	1.483672574022339430e-01	7.116533672808138256e-02	2.860919619270811676e-02	7.367004702639408376e-02
1.115106034247542766e+03	2.608589365946386018e-01	1.688161521879902593e-01	2.481647453976364437e-01	1.485175475528514033e-01	7.122831975448130903e-02	2.864842326381795284e-02	7.376587524840262644e-02
1.117524919354370468e+03	2.604853791445593258e-01	1.685760063198796233e-01	2.484311063742442316e-01	1.486673802734486960e-01	7.129112194144501813e-02	2.868757616542338615e-02	7.386142978081831900e-02
1.119943804461197942e+03	2.601128841401133540e-01	1.683365279732133291e-01	2.486967206954065757e-01	1.488167571155694924e-01	7.135374381221935847e-02	2.872665491802956980e-02	7.395671134526686508e-02
1.122362689568025871e+03	2.597414485481943647e-01	1.680977152892199344e-01	2.489615904442319672e-01	1.489656796239434422e-01	7.141618588859233174e-02	2.876565954305300779e-02	7.405172066258348951e-02
1.124781574674853118e+03	2.593710693444603588e-01	1.678595664143059107e-01	2.492257176980136324e-01	1.491141493365328030e-01	7.147844869089632625e-02	2.880459006281420667e-02	7.414645845279518865e-02
1.127200459781681047e+03	2.590017435133078472e-01	1.676220795000413766e-01	2.494891045282458808e-01	1.492621677845784589e-01	7.154053273801121160e-02	2.884344650053035156e-02	7.424092543510329989e-02
1.129619344888508749e+03	2.586334680478451498e-01	1.673852527031455262e-01	2.497517530006403141e-01	1.494097364926454674e-01	7.160243854736753066e-02	2.888222888030805499e-02	7.433512232786643192e-02
1.132038229995336451e+03	2.582662399498664718e-01	1.671490841854724185e-01	2.500136651751418970e-01	1.495568569786680790e-01	7.166416663494960815e-02	2.892093722713611967e-02	7.442904984858376982e-02
1.134457115102163925e+03	2.579000562298260357e-01	1.669135721139967110e-01	2.502748431059452772e-01	1.497035307539946181e-01	7.172571751529872863e-02	2.895957156687835668e-02	7.452270871387864370e-02
1.136876000208991627e+03	2.575349139068118243e-01	1.666787146607991987e-01	2.505352888415106616e-01	1.498497593234315028e-01	7.178709170151630070e-02	2.899813192626644887e-02	7.461609963948241664e-02
1.139294885315819101e+03	2.571708100085199344e-01	1.664445100030528257e-01	2.507950044245799703e-01	1.499955441852870996e-01	7.184828970526696557e-02	2.903661833289284538e-02	7.470922334021873334e-02
1.141713770422646803e+03	2.568077415712288758e-01	1.662109563230081966e-01	2.510539918921926850e-01	1.501408868314150491e-01	7.190931203678176120e-02	2.907503081520369792e-02	7.480208052998808810e-02
1.144132655529474505e+03	2.564457056397735357e-01	1.659780518079797540e-01	2.513122532757020577e-01	1.502857887472572596e-01	7.197015920486128648e-02	2.911336940249184546e-02	7.489467192175264243e-02
1.146551540636302207e+03	2.560846992675200329e-01	1.657457946503313739e-01	2.515697906007906548e-01	1.504302514118862344e-01	7.203083171687880981e-02	2.915163412488984071e-02	7.498699822752138977e-02
1.148970425743129908e+03	2.557247195163398490e-01	1.655141830474625431e-01	2.518266058874865099e-01	1.505742762980473159e-01	7.209133007878344712e-02	2.918982501336300425e-02	7.507906015833562541e-02
1.151389310849957155e+03	2.553657634565846823e-01	1.652832152017940925e-01	2.520827011501787784e-01	1.507178648722002079e-01	7.215165479510329827e-02	2.922794209970252036e-02	7.517085842425465236e-02
1.153808195956785084e+03	2.550078281670609126e-01	1.650528893207544034e-01	2.523380783976335584e-01	1.508610185945602478e-01	7.221180636894861116e-02	2.926598541651859869e-02	7.526239373434183422e-02
1.156227081063612786e+03	2.546509107350044543e-01	1.648232036167653625e-01	2.525927396330095998e-01	1.510037389191392909e-01	7.227178530201490425e-02	2.930395499723363606e-02	7.535366679665092549e-02
1.158645966170440488e+03	2.542950082560556102e-01	1.645941563072284008e-01	2.528466868538739032e-01	1.511460272937861504e-01	7.233159209458608907e-02	2.934185087607545095e-02	7.544467831821266568e-02
1.161064851277267962e+03	2.539401178342338694e-01	1.643657456145106444e-01	2.530999220522173743e-01	1.512878851602265096e-01	7.239122724553767596e-02	2.937967308807053549e-02	7.553542900502160928e-02
1.163483736384095664e+03	2.535862365819130937e-01	1.641379697659311743e-01	2.533524472144705886e-01	1.514293139541027511e-01	7.245069125233989660e-02	2.941742166903736633e-02	7.562591956202335819e-02
1.165902621490923138e+03	2.532333616197963710e-01	1.639108269937470941e-01	2.536042643215191683e-01	1.515703151050131481e-01	7.250998461106086812e-02	2.945509665557972945e-02	7.571615069310190516e-02
1.168321506597751068e+03	2.528814900768913687e-01	1.636843155351398460e-01	2.538553753487191589e-01	1.517108900365507218e-01	7.256910781636968788e-02	2.949269808508011084e-02	7.580612310106733809e-02
1.170740391704578315e+03	2.525306190904855197e-01	1.634584336322014719e-01	2.541057822659127940e-01	1.518510401663417664e-01	7.262806136153969472e-02	2.953022599569311152e-02	7.589583748764380799e-02
1.173159276811406244e+03	2.521807458061215423e-01	1.632331795319208467e-01	2.543554870374438170e-01	1.519907669060840127e-01	7.268684573845146657e-02	2.956768042633889718e-02	7.598529455345764960e-02
1.175578161918233945e+03	2.518318673775724048e-01	1.630085514861701890e-01	2.546044916221724685e-01	1.521300716615843762e-01	7.274546143759615113e-02	2.960506141669669647e-02	7.607449499802589055e-02
1.177997047025061647e+03	2.514839809668172887e-01	1.627845477516913497e-01	2.548527979734914184e-01	1.522689558327962878e-01	7.280390894807849123e-02	2.964236900719833048e-02	7.616343951974491322e-02
1.180415932131889122e+03	2.511370837440169423e-01	1.625611665900821845e-01	2.551004080393408091e-01	1.524074208138568864e-01	7.286218875762001668e-02	2.967960323902178732e-02	7.625212881587943581e-02
1.182834817238716823e+03	2.507911728874893664e-01	1.623384062677832029e-01	2.553473237622231329e-01	1.525454679931235735e-01	7.292030135256222234e-02	2.971676415408482097e-02	7.634056358255161823e-02
1.185253702345544298e+03	2.504462455836856671e-01	1.621162650560638852e-01	2.555935470792191078e-01	1.526830987532104278e-01	7.297824721786973223e-02	2.975385179503860569e-02	7.642874451473055664e-02
1.187672587452371999e+03	2.501022990271656310e-01	1.618947412310093592e-01	2.558390799220021661e-01	1.528203144710241490e-01	7.303602683713339427e-02	2.979086620526141815e-02	7.651667230622186122e-02
1.190091472559199701e+03	2.497593304205738829e-01	1.616738330735069118e-01	2.560839242168540530e-01	1.529571165177997238e-01	7.309364069257351382e-02	2.982780742885234732e-02	7.660434764965758092e-02
1.192510357666027403e+03	2.494173369746157665e-01	1.614535388692325268e-01	2.563280818846796483e-01	1.530935062591357032e-01	7.315108926504297615e-02	2.986467551062506331e-02	7.669177123648629468e-02
1.194929242772855105e+03	2.490763159080333911e-01	1.612338569086378126e-01	2.565715548410220648e-01	1.532294850550292575e-01	7.320837303403041063e-02	2.990147049610161062e-02	7.677894375696343865e-02
1.197348127879682352e+03	2.487362644475817619e-01	1.610147854869363737e-01	2.568143449960775815e-01	1.533650542599107602e-01	7.326549247766342421e-02	2.993819243150622894e-02	7.686586590014182763e-02
1.199767012986510281e+03	2.483971798280050769e-01	1.607963229040906827e-01	2.570564542547107423e-01	1.535002152226780381e-01	7.332244807271164067e-02	2.997484136375923314e-02	7.695253835386246799e-02
1.202185898093337983e+03	2.480590592920129123e-01	1.605784674647989241e-01	2.572978845164691220e-01	1.536349692867305106e-01	7.337924029458997577e-02	3.001141734047090698e-02	7.703896180474548161e-02
1.204604783200165684e+03	2.477219000902566304e-01	1.603612174784816435e-01	2.575386376755982032e-01	1.537693177900027741e-01	7.343586961736174590e-02	3.004792040993544897e-02	7.712513693818134897e-02
1.207023668306993159e+03	2.473856994813059540e-01	1.601445712592687032e-01	2.577787156210561426e-01	1.539032620649979366e-01	7.349233651374190157e-02	3.008435062112493896e-02	7.721106443832220778e-02
1.209442553413820860e+03	2.470504547316252630e-01	1.599285271259860974e-01	2.580181202365287585e-01	1.540368034388207297e-01	7.354864145510009443e-02	3.012070802368336034e-02	7.729674498807352634e-02
1.211861438520648335e+03	2.467161631155503632e-01	1.597130834021428525e-01	2.582568534004440197e-01	1.541699432332101494e-01	7.360478491146393853e-02	3.015699266792065333e-02	7.738217926908584621e-02
1.214280323627476264e+03	2.463828219152651711e-01	1.594982384159180366e-01	2.584949169859868112e-01	1.543026827645720134e-01	7.366076735152216060e-02	3.019320460480677884e-02	7.746736796174680251e-02
1.216699208734303511e+03	2.460504284207783998e-01	1.592839905001477152e-01	2.587323128611137557e-01	1.544350233440109910e-01	7.371658924262775026e-02	3.022934388596585850e-02	7.755231174517331072e-02
1.219118093841131440e+03	2.457189799299003552e-01	1.590703379923120442e-01	2.589690428885674800e-01	1.545669662773624942e-01	7.377225105080117973e-02	3.026541056367030094e-02	7.763701129720390615e-02
1.221536978947959142e+03	2.453884737482199818e-01	1.588572792345221141e-01	2.592051089258916030e-01	1.546985128652242081e-01	7.382775324073348466e-02	3.030140469083501126e-02	7.772146729439134705e-02
1.223955864054786844e+03	2.450589071890817150e-01	1.586448125735072379e-01	2.594405128254450021e-01	1.548296644029872882e-01	7.388309627578956706e-02	3.033732632101162133e-02	7.780568041199531493e-02
1.226374749161614318e+03	2.447302775735626656e-01	1.584329363606020724e-01	2.596752564344162462e-01	1.549604221808674187e-01	7.393828061801126228e-02	3.037317550838271665e-02	7.788965132397535074e-02
1.228793634268442020e+03	2.444025822304495554e-01	1.582216489517337676e-01	2.599093415948383057e-01	1.550907874839354272e-01	7.399330672812061416e-02	3.040895230775616381e-02	7.797338070298401314e-02
1.231212519375269494e+03	2.440758184962161514e-01	1.580109487074090047e-01	2.601427701436025974e-01	1.552207615921475659e-01	7.404817506552294204e-02	3.044465677455941016e-02	7.805686922036007835e-02
1.233631404482097196e+03	2.437499837150003401e-01	1.578008339927015058e-01	2.603755439124738613e-01	1.553503457803759313e-01	7.410288608831011592e-02	3.048028896483386679e-02	7.814011754612208704e-02
1.236050289588924898e+03	2.434250752385816452e-01	1.575913031772391282e-01	2.606076647281039826e-01	1.554795413184380526e-01	7.415744025326369282e-02	3.051584893522928457e-02	7.822312634896187722e-02
1.238469174695752372e+03	2.431010904263585515e-01	1.573823546351911795e-01	2.608391344120466471e-01	1.556083494711265336e-01	7.421183801585806705e-02	3.055133674299819607e-02	7.830589629623845027e-02
1.240888059802580301e+03	2.427780266453260227e-01	1.571739867452559281e-01	2.610699547807712184e-01	1.557367714982383911e-01	7.426607983026371762e-02	3.058675244599037488e-02	7.838842805397193414e-02
1.243306944909407548e+03	2.424558812700531307e-01	1.569661978906476962e-01	2.613001276456773381e-01	1.558648086546040590e-01	7.432016614935034460e-02	3.062209610264732609e-02	7.847072228683765749e-02
1.245725830016235477e+03	2.421346516826605733e-01	1.567589864590845650e-01	2.615296548131088583e-01	1.559924621901162545e-01	7.437409742469004714e-02	3.065736777199682891e-02	7.855277965816047370e-02
1.248144715123063179e+03	2.418143352727984974e-01	1.565523508427755506e-01	2.617585380843679976e-01	1.561197333497583439e-01	7.442787410656050151e-02	3.069256751364748265e-02	7.863460082990918198e-02
1.250563600229890881e+03	2.414949294376242672e-01	1.563462894384084201e-01	2.619867792557294961e-01	1.562466233736327925e-01	7.448149664394818070e-02	3.072769538778331172e-02	7.871618646269111508e-02
1.252982485336718355e+03	2.411764315817802595e-01	1.561408006471368681e-01	2.622143801184545486e-01	1.563731334969890308e-01	7.453496548455146309e-02	3.076275145515839846e-02	7.879753721574697667e-02
1.255401370443546057e+03	2.408588391173719090e-01	1.559358828745682768e-01	2.624413424588050159e-01	1.564992649502512934e-01	7.458828107478390756e-02	3.079773577709153665e-02	7.887865374694559562e-02
1.257820255550373531e+03	2.405421494639455315e-01	1.557315345307512533e-01	2.626676680580571355e-01	1.566250189590461805e-01	7.464144385977733442e-02	3.083264841546092677e-02	7.895953671277913810e-02
1.260239140657201460e+03	2.402263600484665917e-01	1.555277540301632511e-01	2.628933586925157329e-01	1.567503967442297752e-01	7.469445428338503112e-02	3.086748943269890591e-02	7.904018676835818102e-02
1.262658025764028707e+03	2.399114683052977204e-01	1.553245397916982740e-01	2.631184161335278215e-01	1.568753995219148156e-01	7.474731278818499969e-02	3.090225889178670193e-02	7.912060456740711845e-02
1.265076910870856636e+03	2.395974716761769541e-01	1.551218902386544141e-01	2.633428421474967029e-01	1.570000285034974519e-01	7.480001981548306533e-02	3.093695685624922934e-02	7.920079076225959580e-02
1.267495795977684338e+03	2.392843676101959471e-01	1.549198037987217780e-01	2.635666384958956221e-01	1.571242848956838356e-01	7.485257580531604060e-02	3.097158339014990935e-02	7.928074600385418003e-02
1.269914681084511813e+03	2.389721535637784888e-01	1.547182789039701634e-01	2.637898069352817010e-01	1.572481699005163769e-01	7.490498119645495889e-02	3.100613855808552477e-02	7.936047094173011296e-02
1.272333566191339514e+03	2.386608270006586874e-01	1.545173139908368187e-01	2.640123492173094832e-01	1.573716847153998621e-01	7.495723642640819695e-02	3.104062242518109901e-02	7.943996622402316188e-02
1.274752451298167216e+03	2.383503853918596538e-01	1.543169075001143697e-01	2.642342670887447009e-01	1.574948305331273779e-01	7.500934193142470841e-02	3.107503505708482383e-02	7.951923249746167821e-02
1.277171336404994690e+03	2.380408262156720189e-01	1.541170578769384958e-01	2.644555622914779858e-01	1.576176085419059014e-01	7.506129814649714627e-02	3.110937651996300776e-02	7.959827040736273951e-02
1.279590221511822392e+03	2.377321469576323953e-01	1.539177635707760228e-01	2.646762365625385249e-01	1.577400199253817248e-01	7.511310550536505481e-02	3.114364688049504198e-02	7.967708059762847184e-02
1.282009106618650094e+03	2.374243451105023106e-01	1.537190230354128218e-01	2.648962916341074947e-01	1.578620658626656847e-01	7.516476444051803374e-02	3.117784620586842859e-02	7.975566371074241379e-02
1.284427991725477568e+03	2.371174181742467524e-01	1.535208347289416519e-01	2.651157292335317717e-01	1.579837475283581427e-01	7.521627538319894390e-02	3.121197456377381232e-02	7.983402038776606091e-02
1.286846876832305497e+03	2.368113636560131297e-01	1.533231971137502536e-01	2.653345510833374221e-01	1.581050660925736873e-01	7.526763876340700210e-02	3.124603202240005748e-02	7.991215126833557669e-02
1.289265761939132744e+03	2.365061790701101507e-01	1.531261086565094132e-01	2.655527589012429135e-01	1.582260227209657810e-01	7.531885500990104232e-02	3.128001865042934898e-02	7.999005699065847574e-02
1.291684647045960673e+03	2.362018619379867013e-01	1.529295678281609450e-01	2.657703544001728813e-01	1.583466185747510468e-01	7.536992455020262438e-02	3.131393451703232828e-02	8.006773819151062621e-02
1.294103532152788375e+03	2.358984097882108333e-01	1.527335731039058120e-01	2.659873392882714516e-01	1.584668548107334707e-01	7.542084781059918419e-02	3.134777969186324648e-02	8.014519550623318278e-02
1.296522417259616077e+03	2.355958201564490595e-01	1.525381229631923297e-01	2.662037152689152864e-01	1.585867325813282713e-01	7.547162521614723951e-02	3.138155424505518348e-02	8.022242956872978337e-02
1.298941302366443551e+03	2.352940905854453701e-01	1.523432158897042032e-01	2.664194840407274611e-01	1.587062530345856315e-01	7.552225719067554022e-02	3.141525824721522892e-02	8.029944101146371804e-02
1.301360187473271253e+03	2.349932186250004162e-01	1.521488503713487594e-01	2.666346472975902326e-01	1.588254173142143177e-01	7.557274415678824631e-02	3.144889176941978448e-02	8.037623046545533390e-02
1.303779072580098727e+03	2.346932018319509150e-01	1.519550249002453168e-01	2.668492067286585834e-01	1.589442265596048842e-01	7.562308653586800877e-02	3.148245488320980390e-02	8.045279856027953702e-02
1.306197957686926657e+03	2.343940377701488609e-01	1.517617379727132787e-01	2.670631640183733224e-01	1.590626819058529318e-01	7.567328474807923089e-02	3.151594766058615077e-02	8.052914592406323901e-02
1.308616842793753904e+03	2.340957240104411252e-01	1.515689880892605035e-01	2.672765208464742970e-01	1.591807844837819230e-01	7.572333921237114907e-02	3.154937017400489402e-02	8.060527318348317816e-02
1.311035727900581833e+03	2.337982581306487506e-01	1.513767737545716474e-01	2.674892788880133265e-01	1.592985354199660253e-01	7.577325034648102475e-02	3.158272249637270046e-02	8.068118096376358794e-02
1.313454613007409534e+03	2.335016377155466616e-01	1.511850934774964239e-01	2.677014398133676365e-01	1.594159358367527313e-01	7.582301856693723918e-02	3.161600470104222738e-02	8.075686988867412930e-02
1.315873498114237009e+03	2.332058603568430699e-01	1.509939457710381405e-01	2.679130052882527924e-01	1.595329868522850081e-01	7.587264428906254077e-02	3.164921686180759142e-02	8.083234058052791993e-02
1.318292383221064711e+03	2.329109236531593796e-01	1.508033291523420416e-01	2.681239769737356338e-01	1.596496895805236960e-01	7.592212792697707047e-02	3.168235905289976811e-02	8.090759366017949428e-02
1.320711268327892412e+03	2.326168252100098421e-01	1.506132421426837342e-01	2.683343565262471531e-01	1.597660451312694629e-01	7.597146989360160918e-02	3.171543134898210242e-02	8.098262974702312433e-02
1.323130153434719887e+03	2.323235626397812670e-01	1.504236832674577806e-01	2.685441455975958736e-01	1.598820546101845652e-01	7.602067060066064474e-02	3.174843382514583312e-02	8.105744945899101550e-02
1.325549038541547588e+03	2.320311335617129822e-01	1.502346510561662074e-01	2.687533458349803395e-01	1.599977191188145242e-01	7.606973045868556382e-02	3.178136655690563112e-02	8.113205341255168290e-02
1.327967923648375290e+03	2.317395356018767671e-01	1.500461440424069315e-01	2.689619588810022721e-01	1.601130397546096651e-01	7.611864987701773277e-02	3.181422962019516548e-02	8.120644222270845258e-02
1.330386808755202765e+03	2.314487663931567574e-01	1.498581607638624635e-01	2.691699863736790599e-01	1.602280176109462939e-01	7.616742926381167567e-02	3.184702309136270421e-02	8.128061650299799046e-02
1.332805693862030694e+03	2.311588235752296550e-01	1.496706997622884450e-01	2.693774299464571365e-01	1.603426537771478755e-01	7.621606902603818290e-02	3.187974704716674268e-02	8.135457686548894229e-02
1.335224578968857941e+03	2.308697047945446335e-01	1.494837595835024624e-01	2.695842912282240822e-01	1.604569493385059886e-01	7.626456956948744759e-02	3.191240156477166690e-02	8.142832392078069859e-02
1.337643464075685870e+03	2.305814077043036592e-01	1.492973387773725846e-01	2.697905718433218913e-01	1.605709053763010596e-01	7.631293129877217418e-02	3.194498672174340970e-02	8.150185827800218719e-02
1.340062349182513572e+03	2.302939299644417293e-01	1.491114358978060384e-01	2.699962734115594065e-01	1.606845229678230680e-01	7.636115461733070098e-02	3.197750259604519030e-02	8.157518054481080472e-02
1.342481234289341273e+03	2.300072692416071096e-01	1.489260495027380504e-01	2.702013975482250863e-01	1.607978031863918633e-01	7.640923992743015036e-02	3.200994926603325380e-02	8.164829132739140349e-02
1.344900119396168748e+03	2.297214232091417396e-01	1.487411781541206068e-01	2.704059458640996616e-01	1.609107471013774826e-01	7.645718763016952357e-02	3.204232681045260378e-02	8.172119123045532008e-02
1.347319004502996449e+03	2.294363895470616366e-01	1.485568204179112117e-01	2.706099199654684040e-01	1.610233557782203839e-01	7.650499812548279543e-02	3.207463530843283200e-02	8.179388085723959811e-02
1.349737889609823924e+03	2.291521659420373835e-01	1.483729748640618407e-01	2.708133214541342260e-01	1.611356302784512362e-01	7.655267181214202299e-02	3.210687483948391346e-02	8.186636080950621119e-02
1.352156774716651853e+03	2.288687500873746727e-01	1.481896400665076996e-01	2.710161519274297270e-01	1.612475716597108200e-01	7.660020908776048187e-02	3.213904548349203610e-02	8.193863168754131343e-02
1.354575659823479100e+03	2.285861396829949321e-01	1.480068146031561227e-01	2.712184129782300168e-01	1.613591809757696782e-01	7.664761034879573331e-02	3.217114732071553462e-02	8.201069409015469824e-02
1.356994544930307029e+03	2.283043324354159243e-01	1.478244970558755533e-01	2.714201061949650384e-01	1.614704592765475177e-01	7.669487599055273275e-02	3.220318043178072714e-02	8.208254861467924324e-02
1.359413430037134731e+03	2.280233260577325949e-01	1.476426860104844696e-01	2.716212331616317255e-01	1.615814076081326378e-01	7.674200640718695232e-02	3.223514489767785596e-02	8.215419585697046612e-02
1.361832315143962205e+03	2.277431182695976997e-01	1.474613800567404764e-01	2.718217954578068807e-01	1.616920270128010262e-01	7.678900199170740626e-02	3.226704079975706296e-02	8.222563641140610835e-02
1.364251200250789907e+03	2.274637067972027638e-01	1.472805777883291756e-01	2.720217946586591662e-01	1.618023185290355104e-01	7.683586313597984274e-02	3.229886821972433736e-02	8.229687087088587150e-02
1.366670085357617609e+03	2.271850893732589305e-01	1.471002778028533131e-01	2.722212323349615382e-01	1.619122831915445204e-01	7.688259023072971377e-02	3.233062723963753965e-02	8.236789982683108413e-02
1.369088970464445310e+03	2.269072637369779488e-01	1.469204787018218716e-01	2.724201100531036257e-01	1.620219220312808517e-01	7.692918366554529763e-02	3.236231794190241873e-02	8.243872386918463246e-02
1.371507855571272785e+03	2.266302276340531607e-01	1.467411790906390789e-01	2.726184293751037213e-01	1.621312360754603443e-01	7.697564382888079371e-02	3.239394040926867058e-02	8.250934358641083544e-02
1.373926740678100487e+03	2.263539788166407107e-01	1.465623775785937777e-01	2.728161918586211598e-01	1.622402263475802020e-01	7.702197110805938940e-02	3.242549472482601780e-02	8.257975956549534757e-02
1.376345625784927961e+03	2.260785150433404500e-01	1.463840727788484064e-01	2.730133990569684754e-01	1.623488938674373938e-01	7.706816588927628553e-02	3.245698097200032384e-02	8.264997239194525613e-02
1.378764510891755890e+03	2.258038340791773679e-01	1.462062633084282026e-01	2.732100525191235585e-01	1.624572396511468342e-01	7.711422855760183270e-02	3.248839923454972106e-02	8.271998264978916438e-02
1.381183395998583137e+03	2.255299336955826073e-01	1.460289477882105169e-01	2.734061537897417016e-01	1.625652647111592852e-01	7.716015949698452892e-02	3.251974959656074582e-02	8.278979092157730257e-02
1.383602281105411066e+03	2.252568116703750623e-01	1.458521248429140715e-01	2.736017044091678119e-01	1.626729700562793424e-01	7.720595909025410042e-02	3.255103214244454285e-02	8.285939778838179171e-02
1.386021166212238768e+03	2.249844657877424492e-01	1.456757931010882468e-01	2.737967059134482350e-01	1.627803566916831979e-01	7.725162771912452708e-02	3.258224695693308359e-02	8.292880382979694875e-02
1.388440051319066470e+03	2.247128938382229602e-01	1.454999511951024227e-01	2.739911598343429677e-01	1.628874256189362102e-01	7.729716576419715102e-02	3.261339412507535673e-02	8.299800962393961978e-02
1.390858936425893944e+03	2.244420936186866666e-01	1.453245977611352657e-01	2.741850676993374258e-01	1.629941778360104454e-01	7.734257360496363254e-02	3.264447373223366283e-02	8.306701574744952687e-02
1.393277821532721646e+03	2.241720629323170066e-01	1.451497314391642368e-01	2.743784310316547126e-01	1.631006143373019412e-01	7.738785161980905880e-02	3.267548586407988120e-02	8.313582277548980937e-02
1.395696706639549120e+03	2.239027995885924938e-01	1.449753508729548779e-01	2.745712513502671093e-01	1.632067361136479988e-01	7.743300018601494139e-02	3.270643060659175760e-02	8.320443128174748182e-02
1.398115591746377049e+03	2.236343014032682319e-01	1.448014547100503202e-01	2.747635301699082877e-01	1.633125441523442523e-01	7.747801967976222781e-02	3.273730804604926825e-02	8.327284183843407239e-02
1.400534476853204296e+03	2.233665661983577633e-01	1.446280416017607096e-01	2.749552690010849121e-01	1.634180394371616829e-01	7.752291047613439623e-02	3.276811826903092834e-02	8.334105501628621959e-02
1.402953361960032225e+03	2.230995918021147217e-01	1.444551102031527978e-01	2.751464693500886849e-01	1.635232229483633837e-01	7.756767294912041144e-02	3.279886136241021155e-02	8.340907138456636616e-02
1.405372247066859927e+03	2.228333760490147086e-01	1.442826591730394792e-01	2.753371327190078932e-01	1.636280956627212957e-01	7.761230747161773635e-02	3.282953741335193493e-02	8.347689151106349459e-02
1.407791132173687402e+03	2.225679167797372238e-01	1.441106871739692430e-01	2.755272606057392326e-01	1.637326585535328616e-01	7.765681441543539898e-02	3.286014650930866449e-02	8.354451596209391817e-02
1.410210017280515103e+03	2.223032118411475133e-01	1.439391928722158487e-01	2.757168545039994645e-01	1.638369125906374013e-01	7.770119415129693452e-02	3.289068873801720416e-02	8.361194530250215529e-02
1.412628902387342805e+03	2.220392590862785009e-01	1.437681749377678064e-01	2.759059159033374620e-01	1.639408587404325157e-01	7.774544704884341073e-02	3.292116418749502227e-02	8.367918009566180371e-02
1.415047787494170507e+03	2.217760563743130242e-01	1.435976320443183019e-01	2.760944462891451456e-01	1.640444979658903513e-01	7.778957347663645328e-02	3.295157294603678899e-02	8.374622090347649817e-02
1.417466672600997981e+03	2.215136015705657657e-01	1.434275628692546489e-01	2.762824471426696959e-01	1.641478312265736150e-01	7.783357380216120169e-02	3.298191510221085837e-02	8.381306828638085404e-02
1.419885557707825683e+03	2.212518925464654618e-01	1.432579660936480204e-01	2.764699199410247665e-01	1.642508594786515619e-01	7.787744839182926537e-02	3.301219074485583355e-02	8.387972280334160535e-02
1.422304442814653157e+03	2.209909271795371666e-01	1.430888404022432892e-01	2.766568661572024190e-01	1.643535836749160650e-01	7.792119761098180442e-02	3.304239996307712507e-02	8.394618501185865944e-02
1.424723327921481086e+03	2.207307033533843776e-01	1.429201844834486201e-01	2.768432872600843364e-01	1.644560047647971313e-01	7.796482182389237459e-02	3.307254284624353002e-02	8.401245546796615171e-02
1.427142213028308333e+03	2.204712189576714665e-01	1.427519970293254781e-01	2.770291847144532582e-01	1.645581236943786663e-01	7.800832139377000818e-02	3.310261948398385973e-02	8.407853472623375013e-02
1.429561098135136262e+03	2.202124718881060539e-01	1.425842767355783025e-01	2.772145599810046379e-01	1.646599414064139899e-01	7.805169668276215611e-02	3.313262996618356743e-02	8.414442333976782096e-02
1.431979983241963964e+03	2.199544600464213018e-01	1.424170223015443215e-01	2.773994145163578562e-01	1.647614588403413238e-01	7.809494805195757450e-02	3.316257438298136906e-02	8.421012186021273327e-02
1.434398868348791666e+03	2.196971813403585105e-01	1.422502324301836152e-01	2.775837497730678227e-01	1.648626769322990016e-01	7.813807586138936390e-02	3.319245282476598197e-02	8.427563083775212183e-02
1.436817753455619140e+03	2.194406336836496607e-01	1.420839058280687905e-01	2.777675671996362450e-01	1.649635966151407618e-01	7.818108047003788363e-02	3.322226538217278036e-02	8.434095082111027486e-02
1.439236638562446842e+03	2.191848149959998993e-01	1.419180412053751561e-01	2.779508682405227860e-01	1.650642188184507642e-01	7.822396223583370778e-02	3.325201214608054096e-02	8.440608235755353572e-02
1.441655523669274316e+03	2.189297232030702756e-01	1.417526372758704523e-01	2.781336543361565550e-01	1.651645444685586328e-01	7.826672151566055335e-02	3.328169320760815397e-02	8.447102599289173230e-02
1.444074408776102018e+03	2.186753562364603665e-01	1.415876927569049704e-01	2.783159269229472654e-01	1.652645744885543888e-01	7.830935866535823631e-02	3.331130865811143815e-02	8.453578227147968971e-02
1.446493293882929493e+03	2.184217120336909568e-01	1.414232063694015606e-01	2.784976874332965036e-01	1.653643097983031052e-01	7.835187403972557196e-02	3.334085858917987949e-02	8.460035173621867355e-02
1.448912178989757422e+03	2.181687885381870529e-01	1.412591768378456680e-01	2.786789372956089972e-01	1.654637513144596728e-01	7.839426799252327549e-02	3.337034309263349485e-02	8.466473492855805527e-02
1.451331064096585123e+03	2.179165836992604799e-01	1.410956028902754233e-01	2.788596779343036069e-01	1.655628999504833443e-01	7.843654087647698725e-02	3.339976226051960539e-02	8.472893238849676933e-02
1.453749949203412370e+03	2.176650954720929509e-01	1.409324832582716513e-01	2.790399107698245396e-01	1.656617566166522226e-01	7.847869304328004836e-02	3.342911618510972099e-02	8.479294465458507568e-02
1.456168834310240300e+03	2.174143218177188863e-01	1.407698166769481007e-01	2.792196372186525055e-01	1.657603222200776383e-01	7.852072484359649829e-02	3.345840495889642469e-02	8.485677226392616956e-02
1.458587719417068001e+03	2.171642607030085381e-01	1.406076018849416187e-01	2.793988586933157103e-01	1.658585976647183879e-01	7.856263662706393369e-02	3.348762867459023629e-02	8.492041575217784688e-02
1.461006604523895703e+03	2.169149101006509484e-01	1.404458376244022422e-01	2.795775766024008457e-01	1.659565838513949176e-01	7.860442874229643662e-02	3.351678742511655235e-02	8.498387565355430828e-02
1.463425489630723177e+03	2.166662679891370735e-01	1.402845226409834001e-01	2.797557923505643585e-01	1.660542816778035058e-01	7.864610153688740557e-02	3.354588130361257220e-02	8.504715250082790778e-02
1.465844374737550879e+03	2.164183323527430203e-01	1.401236556838323377e-01	2.799335073385429973e-01	1.661516920385300577e-01	7.868765535741253925e-02	3.357491040342426569e-02	8.511024682533095687e-02
1.468263259844378354e+03	2.161711011815131700e-01	1.399632355055801247e-01	2.801107229631652484e-01	1.662488158250641501e-01	7.872909054943262597e-02	3.360387481810334781e-02	8.517315915695757023e-02
1.470682144951206283e+03	2.159245724712434145e-01	1.398032608623321071e-01	2.802874406173617716e-01	1.663456539258126865e-01	7.877040745749644413e-02	3.363277464140426720e-02	8.523589002416551152e-02
1.473101030058033530e+03	2.156787442234645580e-01	1.396437305136581930e-01	2.804636616901767243e-01	1.664422072261136920e-01	7.881160642514362102e-02	3.366160996728124327e-02	8.529843995397812240e-02
1.475519915164861459e+03	2.154336144454256086e-01	1.394846432225832489e-01	2.806393875667783089e-01	1.665384766082499690e-01	7.885268779490753333e-02	3.369038088988529633e-02	8.536080947198625146e-02
1.477938800271689161e+03	2.151891811500771523e-01	1.393259977555773577e-01	2.808146196284695972e-01	1.666344629514624476e-01	7.889365190831811037e-02	3.371908750356131940e-02	8.542299910235021110e-02
1.480357685378516862e+03	2.149454423560549221e-01	1.391677928825462984e-01	2.809893592526996331e-01	1.667301671319636747e-01	7.893449910590472074e-02	3.374772990284512914e-02	8.548500936780177584e-02
1.482776570485344337e+03	2.147023960876631998e-01	1.390100273768219430e-01	2.811636078130739236e-01	1.668255900229512756e-01	7.897522972719898948e-02	3.377630818246061400e-02	8.554684078964620852e-02
