1.001418434226643626e+03	2.796681781370246589e-01	1.808989711738010486e-01	2.347623902934914963e-01	1.409255022449282801e-01	6.806566263121142935e-02	2.671685488809443995e-02	6.896244063127121571e-02
1.002869765290740247e+03	2.794117797824661742e-01	1.807346667514606875e-01	2.349448403272753616e-01	1.410294301925435201e-01	6.810883905607216515e-02	2.674239970560362417e-02	6.902804418440108836e-02
1.004321096354836754e+03	2.791558194887195365e-01	1.805706365294734717e-01	2.351269835404863617e-01	1.411331647604778250e-01	6.815194094204787834e-02	2.676791795373428817e-02	6.909353678488323880e-02
1.005772427418933376e+03	2.789002965035166648e-01	1.804068800495004787e-01	2.353088204469987177e-01	1.412367063647908816e-01	6.819496841801594988e-02	2.679340962639836787e-02	6.915891859060152580e-02
1.007223758483029997e+03	2.786452100759036488e-01	1.802433968539690623e-01	2.354903515598252561e-01	1.413400554202873527e-01	6.823792161264323475e-02	2.681887471767219200e-02	6.922418975952182585e-02
1.008675089547126618e+03	2.783905594562379182e-01	1.800801864860719359e-01	2.356715773911189915e-01	1.414432123405229835e-01	6.828080065438642265e-02	2.684431322179575349e-02	6.928935044968854984e-02
1.010126420611223239e+03	2.781363438961860779e-01	1.799172484897655910e-01	2.358524984521745138e-01	1.415461775378106246e-01	6.832360567149231567e-02	2.686972513317200523e-02	6.935440081922138178e-02
1.011577751675319632e+03	2.778825626487214651e-01	1.797545824097691869e-01	2.360331152534294596e-01	1.416489514232263103e-01	6.836633679199813352e-02	2.689511044636613141e-02	6.941934102631182324e-02
1.013029082739416367e+03	2.776292149681217070e-01	1.795921877915631903e-01	2.362134283044659000e-01	1.417515344066151706e-01	6.840899414373176335e-02	2.692046915610483634e-02	6.948417122921997369e-02
1.014480413803512761e+03	2.773763001099661674e-01	1.794300641813880992e-01	2.363934381140118668e-01	1.418539268965974265e-01	6.845157785431216224e-02	2.694580125727564363e-02	6.954889158627121371e-02
1.015931744867609382e+03	2.771238173311336705e-01	1.792682111262433042e-01	2.365731451899427129e-01	1.419561293005742186e-01	6.849408805114955145e-02	2.697110674492616753e-02	6.961350225585298535e-02
1.017383075931706003e+03	2.768717658898001699e-01	1.791066281738855903e-01	2.367525500392825555e-01	1.420581420247335469e-01	6.853652486144570788e-02	2.699638561426342259e-02	6.967800339641155860e-02
1.018834406995802851e+03	2.766201450454363053e-01	1.789453148728281096e-01	2.369316531682057470e-01	1.421599654740560159e-01	6.857888841219436649e-02	2.702163786065311588e-02	6.974239516644889503e-02
1.020285738059899245e+03	2.763689540588047944e-01	1.787842707723389379e-01	2.371104550820382628e-01	1.422616000523207469e-01	6.862117883018137299e-02	2.704686347961893916e-02	6.980667772451948361e-02
1.021737069123995752e+03	2.761181921919583782e-01	1.786234954224399374e-01	2.372889562852591727e-01	1.423630461621109289e-01	6.866339624198505853e-02	2.707206246684187162e-02	6.987085122922724600e-02
1.023188400188092373e+03	2.758678587082371569e-01	1.784629883739053124e-01	2.374671572815019172e-01	1.424643042048196473e-01	6.870554077397647563e-02	2.709723481815948243e-02	6.993491583922248345e-02
1.024639731252188767e+03	2.756179528722665362e-01	1.783027491782606389e-01	2.376450585735559173e-01	1.425653745806556294e-01	6.874761255231970347e-02	2.712238052956524384e-02	6.999887171319879586e-02
1.026091062316285615e+03	2.753684739499545064e-01	1.781427773877813092e-01	2.378226606633679352e-01	1.426662576886486566e-01	6.878961170297211158e-02	2.714749959720782688e-02	7.006271900989008428e-02
1.027542393380382237e+03	2.751194212084894786e-01	1.779830725554915061e-01	2.379999640520434057e-01	1.427669539266553378e-01	6.883153835168466517e-02	2.717259201739041785e-02	7.012645788806759484e-02
1.028993724444478858e+03	2.748707939163378966e-01	1.778236342351627863e-01	2.381769692398479354e-01	1.428674636913646045e-01	6.887339262400217488e-02	2.719765778657002447e-02	7.019008850653694898e-02
1.030445055508575479e+03	2.746225913432418508e-01	1.776644619813129711e-01	2.383536767262086908e-01	1.429677873783032627e-01	6.891517464526358827e-02	2.722269690135680278e-02	7.025361102413522907e-02
1.031896386572671872e+03	2.743748127602167464e-01	1.775055553492047578e-01	2.385300870097157577e-01	1.430679253818414043e-01	6.895688454060225347e-02	2.724770935851335979e-02	7.031702559972809186e-02
1.033347717636768493e+03	2.741274574395490271e-01	1.773469138948445267e-01	2.387062005881236404e-01	1.431678780951979313e-01	6.899852243494621062e-02	2.727269515495408386e-02	7.038033239220692350e-02
1.034799048700865114e+03	2.738805246547937333e-01	1.771885371749812310e-01	2.388820179583525938e-01	1.432676459104459121e-01	6.904008845301842778e-02	2.729765428774445779e-02	7.044353156048602238e-02
1.036250379764961508e+03	2.736340136807721146e-01	1.770304247471048975e-01	2.390575396164900668e-01	1.433672292185180219e-01	6.908158271933714789e-02	2.732258675410038223e-02	7.050662326349975417e-02
1.037701710829058356e+03	2.733879237935695206e-01	1.768725761694455723e-01	2.392327660577920623e-01	1.434666284092118160e-01	6.912300535821605529e-02	2.734749255138751306e-02	7.056960766019983178e-02
1.039153041893154750e+03	2.731422542705329581e-01	1.767149910009720437e-01	2.394076977766844971e-01	1.435658438711950591e-01	6.916435649376460881e-02	2.737237167712057440e-02	7.063248490955258141e-02
1.040604372957251599e+03	2.728970043902687048e-01	1.765576688013906492e-01	2.395823352667647843e-01	1.436648759920110263e-01	6.920563624988829154e-02	2.739722412896269943e-02	7.069525517053620867e-02
1.042055704021347992e+03	2.726521734326400326e-01	1.764006091311438873e-01	2.397566790208029430e-01	1.437637251580836939e-01	6.924684475028886066e-02	2.742204990472475734e-02	7.075791860213812012e-02
1.043507035085444613e+03	2.724077606787650985e-01	1.762438115514093628e-01	2.399307295307432364e-01	1.438623917547229569e-01	6.928798211846466659e-02	2.744684900236469063e-02	7.082047536335228655e-02
1.044958366149541234e+03	2.721637654110142801e-01	1.760872756240984549e-01	2.401044872877053649e-01	1.439608761661298475e-01	6.932904847771086121e-02	2.747162141998685594e-02	7.088292561317661999e-02
1.046409697213637855e+03	2.719201869130081772e-01	1.759310009118551232e-01	2.402779527819860206e-01	1.440591787754015862e-01	6.937004395111967536e-02	2.749636715584135443e-02	7.094526951061035092e-02
1.047861028277734476e+03	2.716770244696151693e-01	1.757749869780546592e-01	2.404511265030601364e-01	1.441572999645367448e-01	6.941096866158065481e-02	2.752108620832338301e-02	7.100750721465148851e-02
1.049312359341831097e+03	2.714342773669491948e-01	1.756192333868025202e-01	2.406240089395823845e-01	1.442552401144402419e-01	6.945182273178100718e-02	2.754577857597257165e-02	7.106963888429426723e-02
1.050763690405927491e+03	2.711919448923674758e-01	1.754637397029330526e-01	2.407966005793883979e-01	1.443529996049284780e-01	6.949260628420575459e-02	2.757044425747232769e-02	7.113166467852666264e-02
1.052215021470024112e+03	2.709500263344682969e-01	1.753085054920082431e-01	2.409689019094963247e-01	1.444505788147342207e-01	6.953331944113805285e-02	2.759508325164919743e-02	7.119358475632782401e-02
1.053666352534120733e+03	2.707085209830884520e-01	1.751535303203165805e-01	2.411409134161080214e-01	1.445479781215116832e-01	6.957396232465946906e-02	2.761969555747219654e-02	7.125539927666571516e-02
1.055117683598217127e+03	2.704674281293013571e-01	1.749988137548718070e-01	2.413126355846106075e-01	1.446451979018414102e-01	6.961453505665016195e-02	2.764428117405217517e-02	7.131710839849463024e-02
1.056569014662313975e+03	2.702267470654144410e-01	1.748443553634116965e-01	2.414840688995776585e-01	1.447422385312351900e-01	6.965503775878921500e-02	2.766884010064117952e-02	7.137871228075275132e-02
1.058020345726410369e+03	2.699864770849672579e-01	1.746901547143968614e-01	2.416552138447706777e-01	1.448391003841409119e-01	6.969547055255484458e-02	2.769337233663178924e-02	7.144021108235983075e-02
1.059471676790506763e+03	2.697466174827287677e-01	1.745362113770095314e-01	2.418260709031404554e-01	1.449357838339473958e-01	6.973583355922469140e-02	2.771787788155649634e-02	7.150160496221480422e-02
1.060923007854603611e+03	2.695071675546956702e-01	1.743825249211523043e-01	2.419966405568284018e-01	1.450322892529891938e-01	6.977612689987602868e-02	2.774235673508704605e-02	7.156289407919348700e-02
1.062374338918700232e+03	2.692681265980896854e-01	1.742290949174470915e-01	2.421669232871678512e-01	1.451286170125514474e-01	6.981635069538605354e-02	2.776680889703381575e-02	7.162407859214618699e-02
1.063825669982796853e+03	2.690294939113554995e-01	1.740759209372336191e-01	2.423369195746855886e-01	1.452247674828745783e-01	6.985650506643213686e-02	2.779123436734518005e-02	7.168515865989551206e-02
1.065277001046893474e+03	2.687912687941584888e-01	1.739230025525686230e-01	2.425066298991030433e-01	1.453207410331590066e-01	6.989659013349205918e-02	2.781563314610686899e-02	7.174613444123405237e-02
1.066728332110990095e+03	2.685534505473824995e-01	1.737703393362243220e-01	2.426760547393376488e-01	1.454165380315698142e-01	6.993660601684430211e-02	2.784000523354135045e-02	7.180700609492221553e-02
1.068179663175086489e+03	2.683160384731277937e-01	1.736179308616873362e-01	2.428451945735043138e-01	1.455121588452413794e-01	6.997655283656821490e-02	2.786435063000718484e-02	7.186777377968593672e-02
1.069630994239183110e+03	2.680790318747084955e-01	1.734657767031574926e-01	2.430140498789166159e-01	1.456076038402821238e-01	7.001643071254434747e-02	2.788866933599841447e-02	7.192843765421456925e-02
1.071082325303279504e+03	2.678424300566507599e-01	1.733138764355467709e-01	2.431826211320883002e-01	1.457028733817790078e-01	7.005623976445470025e-02	2.791296135214393556e-02	7.198899787715867804e-02
1.072533656367376352e+03	2.676062323246901076e-01	1.731622296344777767e-01	2.433509088087345007e-01	1.457979678338020835e-01	7.009598011178290455e-02	2.793722667920686686e-02	7.204945460712790239e-02
1.073984987431472746e+03	2.673704379857697599e-01	1.730108358762828535e-01	2.435189133837731279e-01	1.458928875594090457e-01	7.013565187381454180e-02	2.796146531808394939e-02	7.210980800268886048e-02
1.075436318495569594e+03	2.671350463480379189e-01	1.728596947380028059e-01	2.436866353313262012e-01	1.459876329206498402e-01	7.017525516963736554e-02	2.798567726980491152e-02	7.217005822236308155e-02
1.076887649559666215e+03	2.669000567208459906e-01	1.727088057973856783e-01	2.438540751247211813e-01	1.460822042785709929e-01	7.021479011814156512e-02	2.800986253553186187e-02	7.223020542462484095e-02
1.078338980623762609e+03	2.666654684147461429e-01	1.725581686328855890e-01	2.440212332364923853e-01	1.461766019932201344e-01	7.025425683801996002e-02	2.803402111655866821e-02	7.229024976789924506e-02
1.079790311687859230e+03	2.664312807414893070e-01	1.724077828236615650e-01	2.441881101383821251e-01	1.462708264236503852e-01	7.029365544776833286e-02	2.805815301431035733e-02	7.235019141056012182e-02
1.081241642751955851e+03	2.661974930140226792e-01	1.722576479495763480e-01	2.443547063013422338e-01	1.463648779279247969e-01	7.033298606568560984e-02	2.808225823034249391e-02	7.241003051092803622e-02
1.082692973816052472e+03	2.659641045464880560e-01	1.721077635911951731e-01	2.445210221955352869e-01	1.464587568631206815e-01	7.037224880987415221e-02	2.810633676634058387e-02	7.246976722726830578e-02
1.084144304880149093e+03	2.657311146542191138e-01	1.719581293297847424e-01	2.446870582903359626e-01	1.465524635853339142e-01	7.041144379823997823e-02	2.813038862411946020e-02	7.252940171778909928e-02
1.085595635944245487e+03	2.654985226537395215e-01	1.718087447473118645e-01	2.448528150543323734e-01	1.466459984496833735e-01	7.045057114849299917e-02	2.815441380562268281e-02	7.258893414063945226e-02
1.087046967008342108e+03	2.652663278627608312e-01	1.716596094264424555e-01	2.450182929553273159e-01	1.467393618103150499e-01	7.048963097814731071e-02	2.817841231292194867e-02	7.264836465390731024e-02
1.088498298072438729e+03	2.650345296001802575e-01	1.715107229505402342e-01	2.451834924603397137e-01	1.468325540204063751e-01	7.052862340452140111e-02	2.820238414821646736e-02	7.270769341561775234e-02
1.089949629136535123e+03	2.648031271860785685e-01	1.713620849036655847e-01	2.453484140356058107e-01	1.469255754321705243e-01	7.056754854473840100e-02	2.822632931383238508e-02	7.276692058373102068e-02
1.091400960200631971e+03	2.645721199417175873e-01	1.712136948705744177e-01	2.455130581465805595e-01	1.470184263968604410e-01	7.060640651572637483e-02	2.825024781222218798e-02	7.282604631614070234e-02
1.092852291264728365e+03	2.643415071895385826e-01	1.710655524367170610e-01	2.456774252579389251e-01	1.471111072647731666e-01	7.064519743421848741e-02	2.827413964596409146e-02	7.288507077067191142e-02
1.094303622328825213e+03	2.641112882531600481e-01	1.709176571882369267e-01	2.458415158335771067e-01	1.472036183852539482e-01	7.068392141675330920e-02	2.829800481776147819e-02	7.294399410507947101e-02
1.095754953392921607e+03	2.638814624573750933e-01	1.707700087119695675e-01	2.460053303366139810e-01	1.472959601067002910e-01	7.072257857967505223e-02	2.832184333044228397e-02	7.300281647704609522e-02
1.097206284457018228e+03	2.636520291281496675e-01	1.706226065954413729e-01	2.461688692293923231e-01	1.473881327765661220e-01	7.076116903913380607e-02	2.834565518695841835e-02	7.306153804418066833e-02
1.098657615521114849e+03	2.634229875926205056e-01	1.704754504268684578e-01	2.463321329734801390e-01	1.474801367413658137e-01	7.079969291108578755e-02	2.836944039038517829e-02	7.312015896401645454e-02
1.100108946585211470e+03	2.631943371790929631e-01	1.703285397951554703e-01	2.464951220296719425e-01	1.475719723466782929e-01	7.083815031129360451e-02	2.839319894392067570e-02	7.317867939400940491e-02
1.101560277649308091e+03	2.629660772170386296e-01	1.701818742898945636e-01	2.466578368579900871e-01	1.476636399371509256e-01	7.087654135532643618e-02	2.841693085088524071e-02	7.323709949153642262e-02
1.103011608713404712e+03	2.627382070370937184e-01	1.700354535013640367e-01	2.468202779176860429e-01	1.477551398565036533e-01	7.091486615856038012e-02	2.844063611472084918e-02	7.329541941389369764e-02
1.104462939777501106e+03	2.625107259710562913e-01	1.698892770205274183e-01	2.469824456672416457e-01	1.478464724475328784e-01	7.095312483617861876e-02	2.846431473899055029e-02	7.335363931829497197e-02
1.105914270841597499e+03	2.622836333518847596e-01	1.697433444390321067e-01	2.471443405643704572e-01	1.479376380521154610e-01	7.099131750317166922e-02	2.848796672737788707e-02	7.341175936186995765e-02
1.107365601905694348e+03	2.620569285136956084e-01	1.695976553492084260e-01	2.473059630660190411e-01	1.480286370112125216e-01	7.102944427433767471e-02	2.851159208368631362e-02	7.346977970166268523e-02
1.108816932969790741e+03	2.618306107917612313e-01	1.694522093440682942e-01	2.474673136283682406e-01	1.481194696648734099e-01	7.106750526428259884e-02	2.853519081183863645e-02	7.352770049462986623e-02
1.110268264033887590e+03	2.616046795225076549e-01	1.693070060173042235e-01	2.476283927068344548e-01	1.482101363522396464e-01	7.110550058742053092e-02	2.855876291587645249e-02	7.358552189763929718e-02
1.111719595097984211e+03	2.613791340435128174e-01	1.691620449632881551e-01	2.477892007560709153e-01	1.483006374115485582e-01	7.114343035797385251e-02	2.858230839995955577e-02	7.364324406746833307e-02
1.113170926162080832e+03	2.611539736935044043e-01	1.690173257770702653e-01	2.479497382299689912e-01	1.483909731801373588e-01	7.118129468997357046e-02	2.860582726836539275e-02	7.370086716080224976e-02
1.114622257226177226e+03	2.609291978123575162e-01	1.688728480543778554e-01	2.481100055816594374e-01	1.484811439944466460e-01	7.121909369725945571e-02	2.862931952548849329e-02	7.375839133423275906e-02
1.116073588290273847e+03	2.607048057410928932e-01	1.687286113916142694e-01	2.482700032635137277e-01	1.485711501900244536e-01	7.125682749348040412e-02	2.865278517583990173e-02	7.381581674425644057e-02
1.117524919354370468e+03	2.604807968218746939e-01	1.685846153858576724e-01	2.484297317271452477e-01	1.486609921015298597e-01	7.129449619209460298e-02	2.867622422404663557e-02	7.387314354727328447e-02
1.118976250418467089e+03	2.602571703980085527e-01	1.684408596348600240e-01	2.485891914234106825e-01	1.487506700627366785e-01	7.133209990636979470e-02	2.869963667485110267e-02	7.393037189958516497e-02
1.120427581482563710e+03	2.600339258139393039e-01	1.682973437370458292e-01	2.487483828024111554e-01	1.488401844065372348e-01	7.136963874938352659e-02	2.872302253311056000e-02	7.398750195739438318e-02
1.121878912546660331e+03	2.598110624152490944e-01	1.681540672915111667e-01	2.489073063134935315e-01	1.489295354649459724e-01	7.140711283402338683e-02	2.874638180379656544e-02	7.404453387680220988e-02
1.123330243610756725e+03	2.595885795486553294e-01	1.680110298980224126e-01	2.490659624052518062e-01	1.490187235691031731e-01	7.144452227298728197e-02	2.876971449199440881e-02	7.410146781380744230e-02
1.124781574674853118e+03	2.593664765620085633e-01	1.678682311570152408e-01	2.492243515255281872e-01	1.491077490492785929e-01	7.148186717878364516e-02	2.879302060290257412e-02	7.415830392430497464e-02
1.126232905738949967e+03	2.591447528042906123e-01	1.677256706695934296e-01	2.493824741214144547e-01	1.491966122348749590e-01	7.151914766373167198e-02	2.881630014183218097e-02	7.421504236408442423e-02
1.127684236803046360e+03	2.589234076256122230e-01	1.675833480375277795e-01	2.495403306392532383e-01	1.492853134544316895e-01	7.155636383996161198e-02	2.883955311420645720e-02	7.427168328882872983e-02
1.129135567867143209e+03	2.587024403772112957e-01	1.674412628632548916e-01	2.496979215246392381e-01	1.493738530356284455e-01	7.159351581941496290e-02	2.886277952556016643e-02	7.432822685411274999e-02
1.130586898931239830e+03	2.584818504114507198e-01	1.672994147498762796e-01	2.498552472224204180e-01	1.494622313052885176e-01	7.163060371384478986e-02	2.888597938153908765e-02	7.438467321540194466e-02
1.132038229995336451e+03	2.582616370818164309e-01	1.671578033011570374e-01	2.500123081766993938e-01	1.495504485893825453e-01	7.166762763481586418e-02	2.890915268789946355e-02	7.444102252805101516e-02
1.133489561059432845e+03	2.580417997429153565e-01	1.670164281215248681e-01	2.501691048308345988e-01	1.496385052130318472e-01	7.170458769370499641e-02	2.893229945050746627e-02	7.449727494730259969e-02
1.134940892123529466e+03	2.578223377504733627e-01	1.668752888160688619e-01	2.503256376274415884e-01	1.497264015005120574e-01	7.174148400170127227e-02	2.895541967533865266e-02	7.455343062828594103e-02
1.136392223187626087e+03	2.576032504613333107e-01	1.667343849905384978e-01	2.504819070083941224e-01	1.498141377752564840e-01	7.177831666980623304e-02	2.897851336847744042e-02	7.460948972601562368e-02
1.137843554251722708e+03	2.573845372334530035e-01	1.665937162513424774e-01	2.506379134148256083e-01	1.499017143598595503e-01	7.181508580883419479e-02	2.900158053611655989e-02	7.466545239539026935e-02
1.139294885315819101e+03	2.571661974259031869e-01	1.664532822055476424e-01	2.507936572871303227e-01	1.499891315760802091e-01	7.185179152941247038e-02	2.902462118455654064e-02	7.472131879119130182e-02
1.140746216379915950e+03	2.569482303988655514e-01	1.663130824608778091e-01	2.509491390649644660e-01	1.500763897448453565e-01	7.188843394198156378e-02	2.904763532020516667e-02	7.477708906808167022e-02
1.142197547444012343e+03	2.567306355136306784e-01	1.661731166257128800e-01	2.511043591872477720e-01	1.501634891862531629e-01	7.192501315679553087e-02	2.907062294957695261e-02	7.483276338060465549e-02
1.143648878508108737e+03	2.565134121325961525e-01	1.660333843090874006e-01	2.512593180921642855e-01	1.502504302195764585e-01	7.196152928392209047e-02	2.909358407929261287e-02	7.488834188318259366e-02
1.145100209572205586e+03	2.562965596192646189e-01	1.658938851206897547e-01	2.514140162171638049e-01	1.503372131632660647e-01	7.199798243324298519e-02	2.911651871607854811e-02	7.494382473011575174e-02
1.146551540636302207e+03	2.560800773382415629e-01	1.657546186708609981e-01	2.515684539989633262e-01	1.504238383349540964e-01	7.203437271445414791e-02	2.913942686676631449e-02	7.499921207558110647e-02
1.148002871700398828e+03	2.558639646552334779e-01	1.656155845705936935e-01	2.517226318735478752e-01	1.505103060514572377e-01	7.207070023706599327e-02	2.916230853829210323e-02	7.505450407363112308e-02
1.149454202764495449e+03	2.556482209370459779e-01	1.654767824315308833e-01	2.518765502761720065e-01	1.505966166287800445e-01	7.210696511040363965e-02	2.918516373769622710e-02	7.510970087819268670e-02
1.150905533828591842e+03	2.554328455515816887e-01	1.653382118659649791e-01	2.520302096413609694e-01	1.506827703821180808e-01	7.214316744360717293e-02	2.920799247212258962e-02	7.516480264306589498e-02
1.152356864892688463e+03	2.552178378678383042e-01	1.651998724868367074e-01	2.521836104029119840e-01	1.507687676258613607e-01	7.217930734563188233e-02	2.923079474881818546e-02	7.521980952192294789e-02
1.153808195956785084e+03	2.550031972559066440e-01	1.650617639077339993e-01	2.523367529938952414e-01	1.508546086735973735e-01	7.221538492524849639e-02	2.925357057513258002e-02	7.527472166830706524e-02
1.155259527020881706e+03	2.547889230869686550e-01	1.649238857428908522e-01	2.524896378466554014e-01	1.509402938381143311e-01	7.225140029104343276e-02	2.927631995851739596e-02	7.532953923563132093e-02
1.156710858084978327e+03	2.545750147332955793e-01	1.647862376071863866e-01	2.526422653928125928e-01	1.510258234314043879e-01	7.228735355141911734e-02	2.929904290652580318e-02	7.538426237717757439e-02
1.158162189149074720e+03	2.543614715682458449e-01	1.646488191161436243e-01	2.527946360632638001e-01	1.511111977646666660e-01	7.232324481459409538e-02	2.932173942681201226e-02	7.543889124609545749e-02
1.159613520213171569e+03	2.541482929662631229e-01	1.645116298859285175e-01	2.529467502881839747e-01	1.511964171483105579e-01	7.235907418860337836e-02	2.934440952713076797e-02	7.549342599540120879e-02
1.161064851277267962e+03	2.539354783028745510e-01	1.643746695333487551e-01	2.530986084970271999e-01	1.512814818919586968e-01	7.239484178129866609e-02	2.936705321533684271e-02	7.554786677797670214e-02
1.162516182341364356e+03	2.537230269546886796e-01	1.642379376758529019e-01	2.532502111185281901e-01	1.513663923044501480e-01	7.243054770034858258e-02	2.938967049938453341e-02	7.560221374656840576e-02
1.163967513405461204e+03	2.535109382993934179e-01	1.641014339315290393e-01	2.534015585807031234e-01	1.514511486938434071e-01	7.246619205323893975e-02	2.941226138732715503e-02	7.565646705378632764e-02
1.165418844469557826e+03	2.532992117157543688e-01	1.639651579191039599e-01	2.535526513108509739e-01	1.515357513674195633e-01	7.250177494727297334e-02	2.943482588731655483e-02	7.571062685210304399e-02
1.166870175533654447e+03	2.530878465836126634e-01	1.638291092579418906e-01	2.537034897355547880e-01	1.516202006316852147e-01	7.253729648957159271e-02	2.945736400760260582e-02	7.576469329385268625e-02
1.168321506597751068e+03	2.528768422838832408e-01	1.636932875680436050e-01	2.538540742806827955e-01	1.517044967923755483e-01	7.257275678707363065e-02	2.947987575653271061e-02	7.581866653122992794e-02
1.169772837661847461e+03	2.526661981985525718e-01	1.635576924700451740e-01	2.540044053713897965e-01	1.517886401544574215e-01	7.260815594653609317e-02	2.950236114255129841e-02	7.587254671628908265e-02
1.171224168725944082e+03	2.524559137106771600e-01	1.634223235852171052e-01	2.541544834321181612e-01	1.518726310221321929e-01	7.264349407453438157e-02	2.952482017419934962e-02	7.592633400094309093e-02
1.172675499790040703e+03	2.522459882043814328e-01	1.632871805354630945e-01	2.543043088865989954e-01	1.519564696988387753e-01	7.267877127746258381e-02	2.954725286011389632e-02	7.598002853696257664e-02
1.174126830854137097e+03	2.520364210648559089e-01	1.631522629433191374e-01	2.544538821578535281e-01	1.520401564872566058e-01	7.271398766153371052e-02	2.956965920902752606e-02	7.603363047597497260e-02
1.175578161918233945e+03	2.518272116783550896e-01	1.630175704319522800e-01	2.546032036681940558e-01	1.521236916893085600e-01	7.274914333277990308e-02	2.959203922976790316e-02	7.608713996946350755e-02
1.177029492982330339e+03	2.516183594321957928e-01	1.628831026251597591e-01	2.547522738392254960e-01	1.522070756061638386e-01	7.278423839705273901e-02	2.961439293125728983e-02	7.614055716876638735e-02
1.178480824046426733e+03	2.514098637147550996e-01	1.627488591473678081e-01	2.549010930918461648e-01	1.522903085382408817e-01	7.281927296002342620e-02	2.963672032251203972e-02	7.619388222507582353e-02
1.179932155110523581e+03	2.512017239154685777e-01	1.626148396236306304e-01	2.550496618462492759e-01	1.523733907852103109e-01	7.285424712718309437e-02	2.965902141264213643e-02	7.624711528943720062e-02
1.181383486174620202e+03	2.509939394248283384e-01	1.624810436796294277e-01	2.551979805219238284e-01	1.524563226459976772e-01	7.288916100384303098e-02	2.968129621085069739e-02	7.630025651274817411e-02
1.182834817238716823e+03	2.507865096343810940e-01	1.623474709416712902e-01	2.553460495376561057e-01	1.525391044187863476e-01	7.292401469513490331e-02	2.970354472643350896e-02	7.635330604575783775e-02
1.184286148302813444e+03	2.505794339367264922e-01	1.622141210366881137e-01	2.554938693115305637e-01	1.526217364010204469e-01	7.295880830601104983e-02	2.972576696877854072e-02	7.640626403906584929e-02
1.185737479366910065e+03	2.503727117255147849e-01	1.620809935922356004e-01	2.556414402609314407e-01	1.527042188894075225e-01	7.299354194124471618e-02	2.974796294736546665e-02	7.645913064312155616e-02
1.187188810431006686e+03	2.501663423954454957e-01	1.619480882364922603e-01	2.557887628025433124e-01	1.527865521799214032e-01	7.302821570543026330e-02	2.977013267176519679e-02	7.651190600822325993e-02
1.188640141495103080e+03	2.499603253422650884e-01	1.618154045982582723e-01	2.559358373523527019e-01	1.528687365678049193e-01	7.306282970298345891e-02	2.979227615163940884e-02	7.656459028451732818e-02
1.190091472559199701e+03	2.497546599627654129e-01	1.616829423069545413e-01	2.560826643256491342e-01	1.529507723475728442e-01	7.309738403814174112e-02	2.981439339674006248e-02	7.661718362199740340e-02
1.191542803623296322e+03	2.495493456547817346e-01	1.615507009926215043e-01	2.562292441370264129e-01	1.530326598130144211e-01	7.313187881496441278e-02	2.983648441690894479e-02	7.666968617050362589e-02
1.192994134687392716e+03	2.493443818171908466e-01	1.614186802859183256e-01	2.563755772003836753e-01	1.531143992571962487e-01	7.316631413733294675e-02	2.985854922207719850e-02	7.672209807972180107e-02
1.194445465751489564e+03	2.491397678499092661e-01	1.612868798181216479e-01	2.565216639289264466e-01	1.531959909724649460e-01	7.320069010895116635e-02	2.988058782226484314e-02	7.677441949918271946e-02
1.195896796815585958e+03	2.489355031538912633e-01	1.611552992211247315e-01	2.566675047351680838e-01	1.532774352504497895e-01	7.323500683334559225e-02	2.990260022758034139e-02	7.682665057826129629e-02
1.197348127879682352e+03	2.487315871311271964e-01	1.610239381274362336e-01	2.568131000309305523e-01	1.533587323820655435e-01	7.326926441386559519e-02	2.992458644822010641e-02	7.687879146617587756e-02
1.198799458943779200e+03	2.485280191846414855e-01	1.608927961701794029e-01	2.569584502273460358e-01	1.534398826575149588e-01	7.330346295368371512e-02	2.994654649446805428e-02	7.693084231198747680e-02
1.200250790007875821e+03	2.483247987184908911e-01	1.607618729830907756e-01	2.571035557348578249e-01	1.535208863662915479e-01	7.333760255579586940e-02	2.996848037669514603e-02	7.698280326459905343e-02
1.201702121071972442e+03	2.481219251377626556e-01	1.606311682005195085e-01	2.572484169632214268e-01	1.536017437971822497e-01	7.337168332302161644e-02	2.999038810535891927e-02	7.703467447275480495e-02
1.203153452136069063e+03	2.479193978485725869e-01	1.605006814574259366e-01	2.573930343215058980e-01	1.536824552382698716e-01	7.340570535800439167e-02	3.001226969100304412e-02	7.708645608503938984e-02
1.204604783200165684e+03	2.477172162580633663e-01	1.603704123893809341e-01	2.575374082180949542e-01	1.537630209769359213e-01	7.343966876321178505e-02	3.003412514425686519e-02	7.713814824987734464e-02
1.206056114264262078e+03	2.475153797744025497e-01	1.602403606325646379e-01	2.576815390606879697e-01	1.538434412998630207e-01	7.347357364093576315e-02	3.005595447583494367e-02	7.718975111553227908e-02
1.207507445328358699e+03	2.473138878067809021e-01	1.601105258237655316e-01	2.578254272563012539e-01	1.539237164930375990e-01	7.350742009329294668e-02	3.007775769653661668e-02	7.724126483010625155e-02
1.208958776392455093e+03	2.471127397654104829e-01	1.599809076003794184e-01	2.579690732112692730e-01	1.540038468417523898e-01	7.354120822222484644e-02	3.009953481724553931e-02	7.729268954153911686e-02
1.210410107456551941e+03	2.469119350615228692e-01	1.598515056004084223e-01	2.581124773312456488e-01	1.540838326306090411e-01	7.357493812949811307e-02	3.012128584892923358e-02	7.734402539760780459e-02
1.211861438520648335e+03	2.467114731073673239e-01	1.597223194624599052e-01	2.582556400212042136e-01	1.541636741435205293e-01	7.360860991670477305e-02	3.014301080263865132e-02	7.739527254592570849e-02
1.213312769584745183e+03	2.465113533162089920e-01	1.595933488257455790e-01	2.583985616854403977e-01	1.542433716637137964e-01	7.364222368526249229e-02	3.016470968950772658e-02	7.744643113394207579e-02
1.214764100648841804e+03	2.463115751023270961e-01	1.594645933300803120e-01	2.585412427275724512e-01	1.543229254737322476e-01	7.367577953641483990e-02	3.018638252075292114e-02	7.749750130894127176e-02
1.216215431712937971e+03	2.461121378810131044e-01	1.593360526158812684e-01	2.586836835505419985e-01	1.544023358554381942e-01	7.370927757123148238e-02	3.020802930767280473e-02	7.754848321804225231e-02
1.217666762777034819e+03	2.459130410685689549e-01	1.592077263241668816e-01	2.588258845566158151e-01	1.544816030900153514e-01	7.374271789060855842e-02	3.022965006164759355e-02	7.759937700819792561e-02
1.219118093841131440e+03	2.457142840823052787e-01	1.590796140965557992e-01	2.589678461473866045e-01	1.545607274579712531e-01	7.377610059526877595e-02	3.025124479413872705e-02	7.765018282619455536e-02
1.220569424905228061e+03	2.455158663405395958e-01	1.589517155752659117e-01	2.591095687237743861e-01	1.546397092391398054e-01	7.380942578576175916e-02	3.027281351668842380e-02	7.770090081865110854e-02
1.222020755969324682e+03	2.453177872625945666e-01	1.588240304031132977e-01	2.592510526860272169e-01	1.547185487126836456e-01	7.384269356246427052e-02	3.029435624091924087e-02	7.775153113201875577e-02
1.223472087033421303e+03	2.451200462687960491e-01	1.586965582235113359e-01	2.593922984337228010e-01	1.547972461570965019e-01	7.387590402558046054e-02	3.031587297853365406e-02	7.780207391258019134e-02
1.224923418097517697e+03	2.449226427804714890e-01	1.585692986804695948e-01	2.595333063657692119e-01	1.548758018502058020e-01	7.390905727514213153e-02	3.033736374131360686e-02	7.785252930644916136e-02
1.226374749161614318e+03	2.447255762199480877e-01	1.584422514185928887e-01	2.596740768804063348e-01	1.549542160691748105e-01	7.394215341100897343e-02	3.035882854112010101e-02	7.790289745956988088e-02
1.227826080225710712e+03	2.445288460105509987e-01	1.583154160830801960e-01	2.598146103752066449e-01	1.550324890905052100e-01	7.397519253286882757e-02	3.038026738989275596e-02	7.795317851771640938e-02
1.229277411289807560e+03	2.443324515766015781e-01	1.581887923197239088e-01	2.599549072470767053e-01	1.551106211900393772e-01	7.400817474023792253e-02	3.040168029964937860e-02	7.800337262649220671e-02
1.230728742353903954e+03	2.441363923434156369e-01	1.580623797749085291e-01	2.600949678922580555e-01	1.551886126429627144e-01	7.404110013246111011e-02	3.042306728248554346e-02	7.805347993132955020e-02
1.232180073418000802e+03	2.439406677373016086e-01	1.579361780956098360e-01	2.602347927063282662e-01	1.552664637238060918e-01	7.407396880871218448e-02	3.044442835057416252e-02	7.810350057748899344e-02
1.233631404482097196e+03	2.437452771855588840e-01	1.578101869293939419e-01	2.603743820842022716e-01	1.553441747064480682e-01	7.410678086799404873e-02	3.046576351616506195e-02	7.815343471005889442e-02
1.235082735546193817e+03	2.435502201164759517e-01	1.576844059244161544e-01	2.605137364201332573e-01	1.554217458641172778e-01	7.413953640913903409e-02	3.048707279158457267e-02	7.820328247395484655e-02
1.236534066610290438e+03	2.433554959593287603e-01	1.575588347294202274e-01	2.606528561077141037e-01	1.554991774693946505e-01	7.417223553080906640e-02	3.050835618923509671e-02	7.825304401391924847e-02
1.237985397674387059e+03	2.431611041443788868e-01	1.574334729937370558e-01	2.607917415398779415e-01	1.555764697942157992e-01	7.420487833149601309e-02	3.052961372159468389e-02	7.830271947452074888e-02
1.239436728738483680e+03	2.429670441028717320e-01	1.573083203672839825e-01	2.609303931088998718e-01	1.556536231098732126e-01	7.423746490952190524e-02	3.055084540121663639e-02	7.835230900015377475e-02
1.240888059802580301e+03	2.427733152670349115e-01	1.571833765005636596e-01	2.610688112063976885e-01	1.557306376870185582e-01	7.426999536303913185e-02	3.057205124072907843e-02	7.840181273503808723e-02
1.242339390866676695e+03	2.425799170700764507e-01	1.570586410446631609e-01	2.612069962233329878e-01	1.558075137956649037e-01	7.430246979003075902e-02	3.059323125283455042e-02	7.845123082321826813e-02
1.243790721930773088e+03	2.423868489461830644e-01	1.569341136512528434e-01	2.613449485500123903e-01	1.558842517051890475e-01	7.433488828831075201e-02	3.061438545030957525e-02	7.850056340856333137e-02
1.245242052994869937e+03	2.421941103305183529e-01	1.568097939725856260e-01	2.614826685760887615e-01	1.559608516843336012e-01	7.436725095552421116e-02	3.063551384600427668e-02	7.854981063476616787e-02
1.246693384058966330e+03	2.420017006592211639e-01	1.566856816614957404e-01	2.616201566905620446e-01	1.560373140012092652e-01	7.439955788914766333e-02	3.065661645284194908e-02	7.859897264534315697e-02
1.248144715123063179e+03	2.418096193694038165e-01	1.565617763713979538e-01	2.617574132817804822e-01	1.561136389232971045e-01	7.443180918648927002e-02	3.067769328381865848e-02	7.864804958363372234e-02
1.249596046187159800e+03	2.416178658991504080e-01	1.564380777562865699e-01	2.618944387374415039e-01	1.561898267174506028e-01	7.446400494468913278e-02	3.069874435200283663e-02	7.869704159279990174e-02
1.251047377251256421e+03	2.414264396875150098e-01	1.563145854707343740e-01	2.620312334445933367e-01	1.562658776498979663e-01	7.449614526071944576e-02	3.071976967053486815e-02	7.874594881582591688e-02
1.252498708315352815e+03	2.412353401745200576e-01	1.561912991698917452e-01	2.621677977896355038e-01	1.563417919862441774e-01	7.452823023138488434e-02	3.074076925262669499e-02	7.879477139551778475e-02
1.253950039379449436e+03	2.410445668011546305e-01	1.560682185094856012e-01	2.623041321583203245e-01	1.564175699914732431e-01	7.456025995332273004e-02	3.076174311156141400e-02	7.884350947450284586e-02
1.255401370443546057e+03	2.408541190093726192e-01	1.559453431458185935e-01	2.624402369357538567e-01	1.564932119299502489e-01	7.459223452300320356e-02	3.078269126069286404e-02	7.889216319522940335e-02
1.256852701507642678e+03	2.406639962420911716e-01	1.558226727357679697e-01	2.625761125063968970e-01	1.565687180654235511e-01	7.462415403672965908e-02	3.080361371344525132e-02	7.894073269996636222e-02
1.258304032571739299e+03	2.404741979431888332e-01	1.557002069367847408e-01	2.627117592540660906e-01	1.566440886610269145e-01	7.465601859063888956e-02	3.082451048331271912e-02	7.898921813080275744e-02
1.259755363635835920e+03	2.402847235575040208e-01	1.555779454068925427e-01	2.628471775619350970e-01	1.567193239792815107e-01	7.468782828070130719e-02	3.084538158385898357e-02	7.903761962964746257e-02
1.261206694699932314e+03	2.400955725308331901e-01	1.554558878046869430e-01	2.629823678125357556e-01	1.567944242820981104e-01	7.471958320272129028e-02	3.086622702871691729e-02	7.908593733822873173e-02
1.262658025764028707e+03	2.399067443099291985e-01	1.553340337893343026e-01	2.631173303877588632e-01	1.568693898307791379e-01	7.475128345233733596e-02	3.088704683158816425e-02	7.913417139809390821e-02
1.264109356828125556e+03	2.397182383424995844e-01	1.552123830205708599e-01	2.632520656688554506e-01	1.569442208860208077e-01	7.478292912502237932e-02	3.090784100624274777e-02	7.918232195060902201e-02
1.265560687892221949e+03	2.395300540772049291e-01	1.550909351587017870e-01	2.633865740364380037e-01	1.570189177079150122e-01	7.481452031608401554e-02	3.092860956651867499e-02	7.923038913695844287e-02
1.267012018956318798e+03	2.393421909636571088e-01	1.549696898646001908e-01	2.635208558704812409e-01	1.570934805559515979e-01	7.484605712066473571e-02	3.094935252632155520e-02	7.927837309814453337e-02
1.268463350020415419e+03	2.391546484524176008e-01	1.548486467997062521e-01	2.636549115503232232e-01	1.571679096890201965e-01	7.487753963374220445e-02	3.097006989962421131e-02	7.932627397498730193e-02
1.269914681084511813e+03	2.389674259949959856e-01	1.547278056260261991e-01	2.637887414546665754e-01	1.572422053654123908e-01	7.490896795012952358e-02	3.099076170046628428e-02	7.937409190812409754e-02
1.271366012148608434e+03	2.387805230438479753e-01	1.546071660061314190e-01	2.639223459615794298e-01	1.573163678428236567e-01	7.494034216447544028e-02	3.101142794295385155e-02	7.942182703800929056e-02
1.272817343212705055e+03	2.385939390523739989e-01	1.544867276031574310e-01	2.640557254484966476e-01	1.573903973783554455e-01	7.497166237126462462e-02	3.103206864125905573e-02	7.946947950491385637e-02
1.274268674276801676e+03	2.384076734749173698e-01	1.543664900808030815e-01	2.641888802922206514e-01	1.574642942285170988e-01	7.500292866481789167e-02	3.105268380961970914e-02	7.951704944892518112e-02
1.275720005340898297e+03	2.382217257667627874e-01	1.542464531033294339e-01	2.643218108689228130e-01	1.575380586492278745e-01	7.503414113929250673e-02	3.107327346233892257e-02	7.956453700994670086e-02
1.277171336404994690e+03	2.380360953841344496e-01	1.541266163355589358e-01	2.644545175541439530e-01	1.576116908958189178e-01	7.506529988868239356e-02	3.109383761378471320e-02	7.961194232769759627e-02
1.278622667469091539e+03	2.378507817841946093e-01	1.540069794428745031e-01	2.645870007227961174e-01	1.576851912230352593e-01	7.509640500681838415e-02	3.111437627838963341e-02	7.965926554171248730e-02
1.280073998533187932e+03	2.376657844250417984e-01	1.538875420912184377e-01	2.647192607491629657e-01	1.577585598850376469e-01	7.512745658736849630e-02	3.113488947065040646e-02	7.970650679134118344e-02
1.281525329597284326e+03	2.374811027657091622e-01	1.537683039470917057e-01	2.648512980069013256e-01	1.578317971354047389e-01	7.515845472383814174e-02	3.115537720512752753e-02	7.975366621574836445e-02
1.282976660661381175e+03	2.372967362661629331e-01	1.536492646775527715e-01	2.649831128690419146e-01	1.579049032271346575e-01	7.518939950957041762e-02	3.117583949644491328e-02	7.980074395391333064e-02
1.284427991725477568e+03	2.371126843873006540e-01	1.535304239502168766e-01	2.651147057079905611e-01	1.579778784126473212e-01	7.522029103774631464e-02	3.119627635928952022e-02	7.984774014462969749e-02
1.285879322789574417e+03	2.369289465909495129e-01	1.534117814332549290e-01	2.652460768955293147e-01	1.580507229437860539e-01	7.525112940138503625e-02	3.121668780841096655e-02	7.989465492650517364e-02
1.287330653853671038e+03	2.367455223398649000e-01	1.532933367953926984e-01	2.653772268028171677e-01	1.581234370718196114e-01	7.528191469334416519e-02	3.123707385862116437e-02	7.994148843796124171e-02
1.288781984917767431e+03	2.365624110977285754e-01	1.531750897059098449e-01	2.655081558003915543e-01	1.581960210474440964e-01	7.531264700631998266e-02	3.125743452479397277e-02	7.998824081723296398e-02
1.290233315981864052e+03	2.363796123291470874e-01	1.530570398346389749e-01	2.656388642581690718e-01	1.582684751207847629e-01	7.534332643284764874e-02	3.127776982186479537e-02	8.003491220236873260e-02
