1.001418434226643626e+03	2.796724682266471529e-01	1.809046005528316403e-01	2.347638040994202702e-01	1.409360487592203892e-01	6.800799902271617570e-02	2.669099747115779436e-02	6.902408186782617305e-02
1.002869765290740247e+03	2.794161076809696387e-01	1.807403180770382201e-01	2.349462553027636680e-01	1.410401190286949269e-01	6.805056219882853197e-02	2.671629050298791885e-02	6.909034720853679534e-02
1.004321096354836754e+03	2.791601851798367617e-01	1.805763097247813642e-01	2.351283997251463476e-01	1.411439964222894194e-01	6.809305024097976611e-02	2.674155649712918817e-02	6.915650220965686990e-02
1.005772427418933376e+03	2.789046999701670360e-01	1.804125750379165505e-01	2.353102378803144379e-01	1.412476813493930006e-01	6.813546330029074394e-02	2.676679545117175221e-02	6.922254701056626547e-02
1.007223758483029997e+03	2.786496513001990305e-01	1.802491135590652271e-01	2.354917702811529789e-01	1.413511742181736142e-01	6.817780152752893341e-02	2.679200736287581236e-02	6.928848175082419347e-02
1.008675089547126618e+03	2.783950384194892047e-01	1.800859248316135364e-01	2.356729974396874205e-01	1.414544754355842593e-01	6.822006507310887646e-02	2.681719223017075063e-02	6.935430657016576628e-02
1.010126420611223239e+03	2.781408605789091326e-01	1.799230083997111762e-01	2.358539198670850379e-01	1.415575854073690409e-01	6.826225408709259146e-02	2.684235005115424150e-02	6.942002160849854164e-02
1.011577751675319632e+03	2.778871170306434490e-01	1.797603638082699573e-01	2.360345380736563470e-01	1.416605045380694983e-01	6.830436871919008668e-02	2.686748082409139149e-02	6.948562700589909491e-02
1.013029082739416367e+03	2.776338070281869630e-01	1.795979906029626649e-01	2.362148525688566314e-01	1.417632332310304610e-01	6.834640911875973501e-02	2.689258454741386140e-02	6.955112290260961894e-02
1.014480413803512761e+03	2.773809298263425482e-01	1.794358883302216157e-01	2.363948638612872188e-01	1.418657718884061558e-01	6.838837543480880132e-02	2.691766121971900586e-02	6.961650943903459343e-02
1.015931744867609382e+03	2.771284846812187008e-01	1.792740565372376027e-01	2.365745724586971466e-01	1.419681209111662568e-01	6.843026781599390040e-02	2.694271083976899558e-02	6.968178675573739878e-02
1.017383075931706003e+03	2.768764708502269301e-01	1.791124947719584526e-01	2.367539788679843826e-01	1.420702806991016587e-01	6.847208641062152434e-02	2.696773340648997083e-02	6.974695499343706862e-02
1.018834406995802851e+03	2.766248875920795935e-01	1.789512025830878594e-01	2.369330835951973802e-01	1.421722516508305834e-01	6.851383136664847273e-02	2.699272891897116361e-02	6.981201429300497308e-02
1.020285738059899245e+03	2.763737341667873437e-01	1.787901795200840249e-01	2.371118871455364097e-01	1.422740341638041861e-01	6.855550283168239389e-02	2.701769737646406155e-02	6.987696479546158523e-02
1.021737069123995752e+03	2.761230098356566853e-01	1.786294251331585203e-01	2.372903900233551133e-01	1.423756286343125232e-01	6.859710095298229837e-02	2.704263877838154750e-02	6.994180664197330310e-02
1.023188400188092373e+03	2.758727138612877550e-01	1.784689389732749265e-01	2.374685927321617818e-01	1.424770354574902698e-01	6.863862587745907240e-02	2.706755312429704602e-02	7.000653997384917449e-02
1.024639731252188767e+03	2.756228455075718231e-01	1.783087205921476126e-01	2.376464957746208528e-01	1.425782550273223537e-01	6.868007775167599138e-02	2.709244041394368030e-02	7.007116493253782996e-02
1.026091062316285615e+03	2.753734040396886296e-01	1.781487695422405149e-01	2.378240996525543549e-01	1.426792877366497569e-01	6.872145672184924725e-02	2.711730064721342912e-02	7.013568165962429102e-02
1.027542393380382237e+03	2.751243887241045516e-01	1.779890853767657488e-01	2.380014048669432392e-01	1.427801339771750111e-01	6.876276293384851745e-02	2.714213382415628720e-02	7.020009029682687529e-02
1.028993724444478858e+03	2.748757988285699394e-01	1.778296676496825546e-01	2.381784119179288783e-01	1.428807941394678593e-01	6.880399653319752007e-02	2.716693994497941869e-02	7.026439098599412958e-02
1.030445055508575479e+03	2.746276336221165626e-01	1.776705159156959646e-01	2.383551213048143991e-01	1.429812686129708077e-01	6.884515766507452728e-02	2.719171901004632450e-02	7.032858386910177673e-02
1.031896386572671872e+03	2.743798923750555563e-01	1.775116297302554158e-01	2.385315335260661807e-01	1.430815577860045373e-01	6.888624647431296211e-02	2.721647101987602693e-02	7.039266908824969027e-02
1.033347717636768493e+03	2.741325743589749786e-01	1.773530086495536950e-01	2.387076490793151318e-01	1.431816620457735112e-01	6.892726310540193968e-02	2.724119597514221627e-02	7.045664678565889683e-02
1.034799048700865114e+03	2.738856788467373682e-01	1.771946522305256344e-01	2.388834684613582726e-01	1.432815817783712475e-01	6.896820770248687782e-02	2.726589387667243888e-02	7.052051710366860626e-02
1.036250379764961508e+03	2.736392051124774127e-01	1.770365600308468901e-01	2.390589921681598728e-01	1.433813173687857323e-01	6.900908040937003829e-02	2.729056472544727149e-02	7.058428018473324184e-02
1.037701710829058356e+03	2.733931524315996175e-01	1.768787316089326100e-01	2.392342206948531447e-01	1.434808692009048037e-01	6.904988136951115130e-02	2.731520852259950241e-02	7.064793617141955362e-02
1.039153041893154750e+03	2.731475200807760295e-01	1.767211665239362961e-01	2.394091545357415196e-01	1.435802376575215367e-01	6.909061072602798448e-02	2.733982526941330579e-02	7.071148520640373192e-02
1.040604372957251599e+03	2.729023073379437947e-01	1.765638643357485271e-01	2.395837941842999252e-01	1.436794231203392114e-01	6.913126862169692577e-02	2.736441496732344367e-02	7.077492743246849294e-02
1.042055704021347992e+03	2.726575134823028823e-01	1.764068246049957378e-01	2.397581401331763395e-01	1.437784259699768918e-01	6.917185519895367729e-02	2.738897761791443675e-02	7.083826299250030323e-02
1.043507035085444613e+03	2.724131377943138088e-01	1.762500468930390252e-01	2.399321928741930954e-01	1.438772465859743388e-01	6.921237059989374107e-02	2.741351322291976991e-02	7.090149202948652085e-02
1.044958366149541234e+03	2.721691795556951399e-01	1.760935307619727885e-01	2.401059528983483238e-01	1.439758853467972277e-01	6.925281496627314071e-02	2.743802178422107690e-02	7.096461468651259208e-02
1.046409697213637855e+03	2.719256380494213254e-01	1.759372757746237026e-01	2.402794206958172307e-01	1.440743426298423668e-01	6.929318843950897644e-02	2.746250330384734581e-02	7.102763110675931746e-02
1.047861028277734476e+03	2.716825125597204793e-01	1.757812814945493018e-01	2.404525967559536237e-01	1.441726188114426377e-01	6.933349116068010520e-02	2.748695778397411763e-02	7.109054143350007626e-02
1.049312359341831097e+03	2.714398023720717146e-01	1.756255474860368426e-01	2.406254815672912162e-01	1.442707142668720743e-01	6.937372327052770959e-02	2.751138522692268482e-02	7.115334581009816195e-02
1.050763690405927491e+03	2.711975067732032008e-01	1.754700733141021096e-01	2.407980756175449322e-01	1.443686293703508039e-01	6.941388490945599177e-02	2.753578563515930375e-02	7.121604438000400661e-02
1.052215021470024112e+03	2.709556250510898323e-01	1.753148585444881669e-01	2.409703793936124328e-01	1.444663644950501535e-01	6.945397621753282569e-02	2.756015901129440365e-02	7.127863728675258581e-02
1.053666352534120733e+03	2.707141564949506751e-01	1.751599027436641365e-01	2.411423933815753651e-01	1.445639200130973689e-01	6.949399733449034000e-02	2.758450535808179907e-02	7.134112467396075408e-02
1.055117683598217127e+03	2.704731003952468016e-01	1.750052054788239775e-01	2.413141180667008334e-01	1.446612962955806658e-01	6.953394839972565356e-02	2.760882467841790228e-02	7.140350668532459422e-02
1.056569014662313975e+03	2.702324560436792367e-01	1.748507663178852645e-01	2.414855539334426759e-01	1.447584937125540039e-01	6.957382955230144439e-02	2.763311697534093572e-02	7.146578346461683606e-02
1.058020345726410369e+03	2.699922227331864599e-01	1.746965848294880219e-01	2.416567014654428525e-01	1.448555126330419440e-01	6.961364093094667138e-02	2.765738225203017570e-02	7.152795515568430296e-02
1.059471676790506763e+03	2.697523997579419630e-01	1.745426605829935307e-01	2.418275611455328600e-01	1.449523534250443391e-01	6.965338267405722650e-02	2.768162051180515087e-02	7.159002190244533048e-02
1.060923007854603611e+03	2.695129864133524178e-01	1.743889931484830513e-01	2.419981334557350650e-01	1.450490164555412187e-01	6.969305491969661481e-02	2.770583175812488599e-02	7.165198384888718519e-02
1.062374338918700232e+03	2.692739819960550673e-01	1.742355820967565749e-01	2.421684188772640356e-01	1.451455020904973692e-01	6.973265780559660676e-02	2.773001599458712468e-02	7.171384113906370539e-02
1.063825669982796853e+03	2.690353858039155055e-01	1.740824269993317963e-01	2.423384178905278741e-01	1.452418106948670795e-01	6.977219146915795978e-02	2.775417322492756272e-02	7.177559391709265046e-02
1.065277001046893474e+03	2.687971971360256784e-01	1.739295274284428094e-01	2.425081309751297154e-01	1.453379426325988599e-01	6.981165604745101505e-02	2.777830345301909171e-02	7.183724232715338331e-02
1.066728332110990095e+03	2.685594152927012201e-01	1.737768829570388307e-01	2.426775586098688653e-01	1.454338982666398827e-01	6.985105167721648856e-02	2.780240668287102881e-02	7.189878651348428906e-02
1.068179663175086489e+03	2.683220395754795651e-01	1.736244931587831442e-01	2.428467012727422991e-01	1.455296779589406175e-01	6.989037849486608167e-02	2.782648291862836396e-02	7.196022662038044360e-02
1.069630994239183110e+03	2.680850692871176166e-01	1.734723576080518526e-01	2.430155594409460496e-01	1.456252820704595219e-01	6.992963663648325834e-02	2.785053216457100689e-02	7.202156279219122659e-02
1.071082325303279504e+03	2.678485037315893047e-01	1.733204758799326839e-01	2.431841335908763724e-01	1.457207109611673435e-01	6.996882623782382793e-02	2.787455442511302048e-02	7.208279517331790676e-02
1.072533656367376352e+03	2.676123422140838093e-01	1.731688475502237423e-01	2.433524241981312453e-01	1.458159649900517829e-01	7.000794743431675016e-02	2.789854970480189558e-02	7.214392390821128265e-02
1.073984987431472746e+03	2.673765840410026740e-01	1.730174721954324257e-01	2.435204317375116445e-01	1.459110445151218238e-01	7.004700036106480121e-02	2.792251800831778083e-02	7.220494914136935116e-02
1.075436318495569594e+03	2.671412285199582515e-01	1.728663493927741490e-01	2.436881566830228496e-01	1.460059498934121458e-01	7.008598515284528152e-02	2.794645934047275751e-02	7.226587101733504548e-02
1.076887649559666215e+03	2.669062749597710393e-01	1.727154787201712893e-01	2.438555995078759142e-01	1.461006814809875931e-01	7.012490194411069577e-02	2.797037370621008670e-02	7.232668968069390358e-02
1.078338980623762609e+03	2.666717226704677368e-01	1.725648597562517705e-01	2.440227606844888320e-01	1.461952396329474491e-01	7.016375086898953006e-02	2.799426111060348069e-02	7.238740527607177844e-02
1.079790311687859230e+03	2.664375709632786915e-01	1.724144920803481751e-01	2.441896406844879519e-01	1.462896247034298214e-01	7.020253206128693191e-02	2.801812155885636049e-02	7.244801794813261753e-02
1.081241642751955851e+03	2.662038191506362339e-01	1.722643752724962729e-01	2.443562399787093387e-01	1.463838370456159443e-01	7.024124565448541802e-02	2.804195505630113078e-02	7.250852784157624242e-02
1.082692973816052472e+03	2.659704665461719020e-01	1.721145089134341055e-01	2.445225590371999935e-01	1.464778770117343698e-01	7.027989178174563756e-02	2.806576160839844777e-02	7.256893510113607282e-02
1.084144304880149093e+03	2.657375124647146647e-01	1.719648925846006537e-01	2.446885983292192979e-01	1.465717449530652972e-01	7.031847057590706607e-02	2.808954122073649418e-02	7.262923987157705874e-02
1.085595635944245487e+03	2.655049562222885351e-01	1.718155258681346442e-01	2.448543583232403176e-01	1.466654412199446533e-01	7.035698216948874095e-02	2.811329389903025056e-02	7.268944229769337684e-02
1.087046967008342108e+03	2.652727971361104053e-01	1.716664083468735502e-01	2.450198394869509966e-01	1.467589661617683949e-01	7.039542669468999703e-02	2.813701964912078760e-02	7.274954252430639035e-02
1.088498298072438729e+03	2.650410345245879373e-01	1.715175396043522038e-01	2.451850422872556279e-01	1.468523201269965883e-01	7.043380428339121591e-02	2.816071847697453404e-02	7.280954069626240088e-02
1.089949629136535123e+03	2.648096677073173422e-01	1.713689192248018245e-01	2.453499671902761026e-01	1.469455034631574897e-01	7.047211506715450602e-02	2.818439038868257238e-02	7.286943695843067781e-02
1.091400960200631971e+03	2.645786960050811043e-01	1.712205467931487146e-01	2.455146146613532143e-01	1.470385165168517361e-01	7.051035917722450752e-02	2.820803539045993111e-02	7.292923145570123777e-02
1.092852291264728365e+03	2.643481187398460386e-01	1.710724218950132047e-01	2.456789851650480472e-01	1.471313596337563423e-01	7.054853674452910006e-02	2.823165348864485960e-02	7.298892433298286020e-02
1.094303622328825213e+03	2.641179352347609033e-01	1.709245441167084045e-01	2.458430791651431413e-01	1.472240331586287254e-01	7.058664789968013831e-02	2.825524468969813421e-02	7.304851573520099173e-02
1.095754953392921607e+03	2.638881448141545127e-01	1.707769130452390371e-01	2.460068971246439085e-01	1.473165374353107016e-01	7.062469277297420134e-02	2.827880900020236093e-02	7.310800580729570619e-02
1.097206284457018228e+03	2.636587468035331838e-01	1.706295282683003844e-01	2.461704395057799366e-01	1.474088728067325382e-01	7.066267149439336981e-02	2.830234642686125721e-02	7.316739469421972009e-02
1.098657615521114849e+03	2.634297405295790706e-01	1.704823893742770380e-01	2.463337067700062111e-01	1.475010396149167846e-01	7.070058419360593371e-02	2.832585697649897191e-02	7.322668254093635254e-02
1.100108946585211470e+03	2.632011253201474998e-01	1.703354959522418166e-01	2.464966993780045301e-01	1.475930382009823516e-01	7.073843099996715567e-02	2.834934065605937761e-02	7.328586949241758242e-02
1.101560277649308091e+03	2.629729005042653611e-01	1.701888475919544896e-01	2.466594177896847262e-01	1.476848689051482311e-01	7.077621204252004805e-02	2.837279747260539400e-02	7.334495569364207768e-02
1.103011608713404712e+03	2.627450654121285534e-01	1.700424438838608054e-01	2.468218624641859704e-01	1.477765320667374649e-01	7.081392744999609468e-02	2.839622743331828708e-02	7.340394128959319697e-02
1.104462939777501106e+03	2.625176193751000420e-01	1.698962844190912147e-01	2.469840338598781049e-01	1.478680280241809475e-01	7.085157735081601404e-02	2.841963054549698220e-02	7.346282642525715778e-02
1.105914270841597499e+03	2.622905617257075828e-01	1.697503687894598157e-01	2.471459324343628361e-01	1.479593571150213116e-01	7.088916187309050876e-02	2.844300681655738752e-02	7.352161124562106576e-02
1.107365601905694348e+03	2.620638917976418902e-01	1.696046965874630497e-01	2.473075586444751228e-01	1.480505196759166475e-01	7.092668114462104267e-02	2.846635625403171402e-02	7.358029589567102735e-02
1.108816932969790741e+03	2.618376089257543060e-01	1.694592674062787574e-01	2.474689129462844805e-01	1.481415160426442779e-01	7.096413529290060418e-02	2.848967886556779544e-02	7.363888052039029020e-02
1.110268264033887590e+03	2.616117124460546339e-01	1.693140808397649022e-01	2.476299957950961472e-01	1.482323465501045046e-01	7.100152444511445560e-02	2.851297465892841179e-02	7.369736526475738347e-02
1.111719595097984211e+03	2.613862016957092527e-01	1.691691364824585708e-01	2.477908076454525266e-01	1.483230115323243836e-01	7.103884872814089646e-02	2.853624364199061625e-02	7.375575027374427217e-02
1.113170926162080832e+03	2.611610760130386732e-01	1.690244339295745857e-01	2.479513489511342705e-01	1.484135113224612779e-01	7.107610826855201291e-02	2.855948582274507250e-02	7.381403569231455297e-02
1.114622257226177226e+03	2.609363347375158182e-01	1.688799727770046999e-01	2.481116201651617503e-01	1.485038462528066039e-01	7.111330319261449651e-02	2.858270120929538860e-02	7.387222166542162238e-02
1.116073588290273847e+03	2.607119772097638566e-01	1.687357526213162096e-01	2.482716217397962499e-01	1.485940166547894681e-01	7.115043362629031032e-02	2.860588980985744739e-02	7.393030833800688650e-02
1.117524919354370468e+03	2.604880027715536506e-01	1.685917730597509268e-01	2.484313541265412151e-01	1.486840228589802748e-01	7.118749969523757715e-02	2.862905163275874035e-02	7.398829585499804018e-02
1.118976250418467089e+03	2.602644107658023120e-01	1.684480336902240138e-01	2.485908177761435300e-01	1.487738651950943902e-01	7.122450152481127339e-02	2.865218668643772920e-02	7.404618436130724901e-02
1.120427581482563710e+03	2.600412005365706491e-01	1.683045341113229287e-01	2.487500131385947943e-01	1.488635439919955006e-01	7.126143924006402008e-02	2.867529497944316941e-02	7.410397400182941463e-02
1.121878912546660331e+03	2.598183714290614454e-01	1.681612739223062591e-01	2.489089406631326828e-01	1.489530595776993871e-01	7.129831296574680455e-02	2.869837652043347176e-02	7.416166492144050937e-02
1.123330243610756725e+03	2.595959227896170174e-01	1.680182527231025014e-01	2.490676007982420559e-01	1.490424122793772843e-01	7.133512282630985468e-02	2.872143131817605013e-02	7.421925726499579989e-02
1.124781574674853118e+03	2.593738539657173825e-01	1.678754701143091443e-01	2.492259939916563471e-01	1.491316024233594884e-01	7.137186894590331898e-02	2.874445938154666924e-02	7.427675117732820964e-02
1.126232905738949967e+03	2.591521643059782609e-01	1.677329256971913096e-01	2.493841206903587848e-01	1.492206303351387153e-01	7.140855144837807145e-02	2.876746071952879930e-02	7.433414680324659796e-02
1.127684236803046360e+03	2.589308531601487440e-01	1.675906190736808909e-01	2.495419813405836129e-01	1.493094963393736818e-01	7.144517045728650262e-02	2.879043534121298459e-02	7.439144428753413640e-02
1.129135567867143209e+03	2.587099198791094068e-01	1.674485498463752775e-01	2.496995763878173957e-01	1.493982007598923800e-01	7.148172609588325510e-02	2.881338325579619122e-02	7.444864377494664343e-02
1.130586898931239830e+03	2.584893638148703099e-01	1.673067176185362159e-01	2.498569062768002391e-01	1.494867439196956305e-01	7.151821848712601459e-02	2.883630447258118609e-02	7.450574541021096064e-02
1.132038229995336451e+03	2.582691843205687787e-01	1.671651219940887834e-01	2.500139714515270950e-01	1.495751261409603294e-01	7.155464775367632868e-02	2.885919900097588808e-02	7.456274933802335692e-02
1.133489561059432845e+03	2.580493807504675163e-01	1.670237625776203050e-01	2.501707723552488716e-01	1.496633477450429184e-01	7.159101401790028685e-02	2.888206685049275399e-02	7.461965570304786299e-02
1.134940892123529466e+03	2.578299524599524384e-01	1.668826389743791605e-01	2.503273094304739321e-01	1.497514090524826591e-01	7.162731740186939478e-02	2.890490803074813667e-02	7.467646464991477273e-02
1.136392223187626087e+03	2.576108988055307858e-01	1.667417507902736462e-01	2.504835831189691775e-01	1.498393103830049367e-01	7.166355802736125435e-02	2.892772255146166052e-02	7.473317632321904713e-02
1.137843554251722708e+03	2.573922191448289043e-01	1.666010976318710035e-01	2.506395938617612118e-01	1.499270520555246455e-01	7.169973601586045187e-02	2.895051042245560743e-02	7.478979086751873229e-02
1.139294885315819101e+03	2.571739128365902460e-01	1.664606791063962532e-01	2.507953420991378413e-01	1.500146343881493538e-01	7.173585148855925187e-02	2.897327165365428531e-02	7.484630842733344669e-02
1.140746216379915950e+03	2.569559792406735932e-01	1.663204948217310575e-01	2.509508282706488513e-01	1.501020576981825505e-01	7.177190456635837434e-02	2.899600625508342785e-02	7.490272914714284080e-02
1.142197547444012343e+03	2.567384177180506710e-01	1.661805443864126375e-01	2.511060528151079496e-01	1.501893223021269763e-01	7.180789536986782740e-02	2.901871423686955970e-02	7.495905317138509827e-02
1.143648878508108737e+03	2.565212276308043715e-01	1.660408274096327741e-01	2.512610161705933209e-01	1.502764285156877322e-01	7.184382401940762886e-02	2.904139560923939614e-02	7.501528064445542321e-02
1.145100209572205586e+03	2.563044083421268104e-01	1.659013435012365867e-01	2.514157187744492927e-01	1.503633766537755823e-01	7.187969063500861122e-02	2.906405038251923256e-02	7.507141171070459695e-02
1.146551540636302207e+03	2.560879592163169405e-01	1.657620922717214507e-01	2.515701610632873342e-01	1.504501670305099792e-01	7.191549533641321268e-02	2.908667856713433725e-02	7.512744651443749311e-02
1.148002871700398828e+03	2.558718796187790523e-01	1.656230733322359705e-01	2.517243434729873885e-01	1.505367999592222839e-01	7.195123824307619875e-02	2.910928017360835118e-02	7.518338519991156488e-02
1.149454202764495449e+03	2.556561689160203321e-01	1.654842862945788973e-01	2.518782664386990389e-01	1.506232757524588739e-01	7.198691947416550885e-02	2.913185521256266702e-02	7.523922791133549892e-02
1.150905533828591842e+03	2.554408264756490854e-01	1.653457307711979907e-01	2.520319303948428957e-01	1.507095947219843357e-01	7.202253914856296402e-02	2.915440369471586010e-02	7.529497479286773043e-02
1.152356864892688463e+03	2.552258516663727939e-01	1.652074063751889088e-01	2.521853357751116520e-01	1.507957571787844342e-01	7.205809738486511351e-02	2.917692563088307087e-02	7.535062598861501371e-02
1.153808195956785084e+03	2.550112438579958951e-01	1.650693127202941535e-01	2.523384830124712486e-01	1.508817634330691937e-01	7.209359430138397029e-02	2.919942103197541855e-02	7.540618164263113155e-02
1.155259527020881706e+03	2.547970024214180063e-01	1.649314494209020987e-01	2.524913725391623176e-01	1.509676137942760066e-01	7.212903001614776044e-02	2.922188990899940789e-02	7.546164189891538254e-02
1.156710858084978327e+03	2.545831267286319810e-01	1.647938160920457140e-01	2.526440047867012928e-01	1.510533085710726309e-01	7.216440464690176970e-02	2.924433227305633931e-02	7.551700690141124883e-02
1.158162189149074720e+03	2.543696161527216892e-01	1.646564123494016763e-01	2.527963801858815196e-01	1.511388480713602434e-01	7.219971831110907901e-02	2.926674813534172956e-02	7.557227679400507769e-02
1.159613520213171569e+03	2.541564700678602406e-01	1.645192378092891206e-01	2.529484991667745875e-01	1.512242326022762429e-01	7.223497112595132774e-02	2.928913750714472533e-02	7.562745172052469378e-02
1.161064851277267962e+03	2.539436878493080418e-01	1.643822920886686412e-01	2.531003621587316621e-01	1.513094624701975255e-01	7.227016320832953256e-02	2.931150039984751696e-02	7.568253182473806684e-02
1.162516182341364356e+03	2.537312688734106314e-01	1.642455748051412923e-01	2.532519695903843737e-01	1.513945379807431768e-01	7.230529467486480899e-02	2.933383682492475900e-02	7.573751725035202109e-02
1.163967513405461204e+03	2.535192125175969036e-01	1.641090855769473944e-01	2.534033218896462047e-01	1.514794594387775251e-01	7.234036564189916252e-02	2.935614679394300819e-02	7.579240814101088908e-02
1.165418844469557826e+03	2.533075181603771098e-01	1.639728240229654799e-01	2.535544194837138221e-01	1.515642271484130277e-01	7.237537622549629346e-02	2.937843031856014753e-02	7.584720464029524878e-02
1.166870175533654447e+03	2.530961851813407493e-01	1.638367897627113767e-01	2.537052627990679654e-01	1.516488414130132134e-01	7.241032654144234637e-02	2.940068741052479298e-02	7.590190689172061911e-02
1.168321506597751068e+03	2.528852129611549593e-01	1.637009824163369598e-01	2.538558522614750568e-01	1.517333025351954301e-01	7.244521670524664558e-02	2.942291808167575573e-02	7.595651503873622479e-02
1.169772837661847461e+03	2.526746008815622946e-01	1.635654016046290959e-01	2.540061882959879780e-01	1.518176108168338700e-01	7.248004683214255561e-02	2.944512234394146277e-02	7.601102922472369183e-02
1.171224168725944082e+03	2.524643483253788401e-01	1.634300469490088115e-01	2.541562713269475693e-01	1.519017665590623178e-01	7.251481703708817506e-02	2.946730020933938099e-02	7.606544959299584019e-02
1.172675499790040703e+03	2.522544546764922679e-01	1.632949180715299042e-01	2.543061017779837396e-01	1.519857700622770091e-01	7.254952743476712762e-02	2.948945168997548633e-02	7.611977628679543473e-02
1.174126830854137097e+03	2.520449193198600057e-01	1.631600145948781111e-01	2.544556800720165768e-01	1.520696216261393785e-01	7.258417813958936704e-02	2.951157679804367745e-02	7.617400944929395012e-02
1.175578161918233945e+03	2.518357416415071270e-01	1.630253361423699698e-01	2.546050066312575133e-01	1.521533215495789459e-01	7.261876926569188484e-02	2.953367554582523799e-02	7.622814922359039125e-02
1.177029492982330339e+03	2.516269210285245750e-01	1.628908823379517923e-01	2.547540818772108251e-01	1.522368701307960093e-01	7.265330092693954300e-02	2.955574794568827102e-02	7.628219575271007191e-02
1.178480824046426733e+03	2.514184568690673305e-01	1.627566528061985818e-01	2.549029062306743532e-01	1.523202676672644473e-01	7.268777323692576786e-02	2.957779401008716474e-02	7.633614917960346302e-02
1.179932155110523581e+03	2.512103485523521362e-01	1.626226471723130063e-01	2.550514801117411134e-01	1.524035144557344124e-01	7.272218630897341052e-02	2.959981375156202354e-02	7.639000964714498521e-02
1.181383486174620202e+03	2.510025954686559979e-01	1.624888650621243158e-01	2.551998039398002405e-01	1.524866107922351055e-01	7.275654025613544074e-02	2.962180718273813712e-02	7.644377729813185696e-02
1.182834817238716823e+03	2.507951970093139638e-01	1.623553061020873434e-01	2.553478781335382086e-01	1.525695569720774691e-01	7.279083519119572410e-02	2.964377431632543233e-02	7.649745227528294278e-02
1.184286148302813444e+03	2.505881525667174037e-01	1.622219699192813946e-01	2.554957031109401089e-01	1.526523532898568236e-01	7.282507122666978527e-02	2.966571516511793197e-02	7.655103472123761521e-02
1.185737479366910065e+03	2.503814615343119554e-01	1.620888561414093321e-01	2.556432792892906480e-01	1.527350000394556151e-01	7.285924847480561295e-02	2.968762974199321350e-02	7.660452477855464459e-02
1.187188810431006686e+03	2.501751233065958591e-01	1.619559643967962981e-01	2.557906070851754810e-01	1.528174975140460246e-01	7.289336704758436758e-02	2.970951805991188521e-02	7.665792258971107498e-02
1.188640141495103080e+03	2.499691372791178756e-01	1.618232943143889380e-01	2.559376869144822653e-01	1.528998460060926046e-01	7.292742705672118630e-02	2.973138013191703455e-02	7.671122829710108615e-02
1.190091472559199701e+03	2.497635028484753161e-01	1.616908455237542064e-01	2.560845191924019937e-01	1.529820458073549716e-01	7.296142861366591847e-02	2.975321597113371117e-02	7.676444204303492502e-02
1.191542803623296322e+03	2.495582194123124320e-01	1.615586176550783681e-01	2.562311043334298266e-01	1.530640972088902763e-01	7.299537182960387505e-02	2.977502559076839958e-02	7.681756396973783707e-02
1.192994134687392716e+03	2.493532863693182222e-01	1.614266103391659157e-01	2.563774427513668686e-01	1.531460005010559511e-01	7.302925681545660574e-02	2.979680900410847100e-02	7.687059421934899772e-02
1.194445465751489564e+03	2.491487031192248236e-01	1.612948232074385979e-01	2.565235348593206677e-01	1.532277559735121530e-01	7.306308368188267621e-02	2.981856622452168371e-02	7.692353293392040214e-02
1.195896796815585958e+03	2.489444690628055123e-01	1.611632558919343927e-01	2.566693810697067701e-01	1.533093639152244558e-01	7.309685253927838966e-02	2.984029726545565225e-02	7.697638025541585216e-02
1.197348127879682352e+03	2.487405836018728167e-01	1.610319080253064528e-01	2.568149817942497193e-01	1.533908246144663201e-01	7.313056349777853626e-02	2.986200214043732704e-02	7.702913632570991542e-02
1.198799458943779200e+03	2.485370461392766295e-01	1.609007792408219950e-01	2.569603374439843324e-01	1.534721383588215637e-01	7.316421666725718420e-02	2.988368086307247734e-02	7.708180128658687069e-02
1.200250790007875821e+03	2.483338560789024041e-01	1.607698691723614681e-01	2.571054484292568110e-01	1.535533054351869986e-01	7.319781215732838742e-02	2.990533344704517787e-02	7.713437527973976415e-02
1.201702121071972442e+03	2.481310128256693226e-01	1.606391774544173034e-01	2.572503151597259063e-01	1.536343261297749008e-01	7.323135007734699053e-02	2.992695990611729875e-02	7.718685844676927144e-02
1.203153452136069063e+03	2.479285157855283528e-01	1.605087037220930823e-01	2.573949380443640300e-01	1.537152007281153976e-01	7.326483053640935050e-02	2.994856025412798856e-02	7.723925092918280944e-02
1.204604783200165684e+03	2.477263643654604164e-01	1.603784476111023982e-01	2.575393174914583638e-01	1.537959295150590766e-01	7.329825364335405824e-02	2.997013450499318166e-02	7.729155286839352323e-02
1.206056114264262078e+03	2.475245579734745571e-01	1.602484087577678573e-01	2.576834539086121922e-01	1.538765127747793726e-01	7.333161950676274354e-02	2.999168267270506741e-02	7.734376440571925915e-02
1.207507445328358699e+03	2.473230960186060534e-01	1.601185867990200518e-01	2.578273477027458460e-01	1.539569507907749824e-01	7.336492823496076898e-02	3.001320477133161135e-02	7.739588568238164878e-02
1.208958776392455093e+03	2.471219779109147530e-01	1.599889813723966436e-01	2.579709992800979235e-01	1.540372438458723903e-01	7.339817993601803481e-02	3.003470081501604869e-02	7.744791683950513761e-02
1.210410107456551941e+03	2.469212030614829634e-01	1.598595921160411715e-01	2.581144090462265672e-01	1.541173922222281167e-01	7.343137471774965896e-02	3.005617081797637771e-02	7.749985801811602737e-02
1.211861438520648335e+03	2.467207708824137591e-01	1.597304186687022176e-01	2.582575774060104634e-01	1.541973962013313548e-01	7.346451268771674037e-02	3.007761479450486719e-02	7.755170935914154628e-02
1.213312769584745183e+03	2.465206807868292049e-01	1.596014606697322424e-01	2.584005047636498409e-01	1.542772560640061075e-01	7.349759395322714994e-02	3.009903275896757407e-02	7.760347100340891924e-02
1.214764100648841804e+03	2.463209321888683856e-01	1.594727177590866962e-01	2.585431915226678590e-01	1.543569720904136577e-01	7.353061862133616899e-02	3.012042472580383004e-02	7.765514309164442408e-02
1.216215431712937971e+03	2.461215245036857124e-01	1.593441895773229366e-01	2.586856380859117177e-01	1.544365445600550113e-01	7.356358679884732188e-02	3.014179070952577311e-02	7.770672576447255897e-02
1.217666762777034819e+03	2.459224571474490084e-01	1.592158757655992574e-01	2.588278448555537126e-01	1.545159737517731446e-01	7.359649859231308378e-02	3.016313072471784457e-02	7.775821916241502929e-02
1.219118093841131440e+03	2.457237295373377317e-01	1.590877759656738333e-01	2.589698122330923447e-01	1.545952599437553643e-01	7.362935410803558844e-02	3.018444478603631714e-02	7.780962342588992886e-02
1.220569424905228061e+03	2.455253410915412271e-01	1.589598898199037769e-01	2.591115406193534310e-01	1.546744034135355550e-01	7.366215345206740539e-02	3.020573290820880233e-02	7.786093869521087951e-02
1.222020755969324682e+03	2.453272912292567554e-01	1.588322169712441390e-01	2.592530304144914921e-01	1.547534044379965945e-01	7.369489673021226150e-02	3.022699510603378201e-02	7.791216511058607352e-02
1.223472087033421303e+03	2.451295793706878279e-01	1.587047570632468818e-01	2.593942820179904740e-01	1.548322632933725740e-01	7.372758404802572108e-02	3.024823139438011579e-02	7.796330281211749647e-02
1.224923418097517697e+03	2.449322049370423471e-01	1.585775097400598244e-01	2.595352958286651912e-01	1.549109802552511017e-01	7.376021551081601846e-02	3.026944178818657266e-02	7.801435193980002514e-02
1.226374749161614318e+03	2.447351673505308300e-01	1.584504746464257541e-01	2.596760722446622704e-01	1.549895555985755791e-01	7.379279122364466870e-02	3.029062630246135909e-02	7.806531263352059491e-02
1.227826080225710712e+03	2.445384660343645766e-01	1.583236514276813445e-01	2.598166116634614831e-01	1.550679895976473377e-01	7.382531129132728631e-02	3.031178495228164724e-02	7.811618503305736705e-02
1.229277411289807560e+03	2.443421004127538931e-01	1.581970397297562114e-01	2.599569144818765776e-01	1.551462825261280820e-01	7.385777581843426531e-02	3.033291775279309960e-02	7.816696927807890993e-02
1.230728742353903954e+03	2.441460699109063714e-01	1.580706391991719417e-01	2.600969810960565565e-01	1.552244346570419431e-01	7.389018490929150085e-02	3.035402471920940759e-02	7.821766550814335250e-02
1.232180073418000802e+03	2.439503739550249461e-01	1.579444494830410939e-01	2.602368119014867309e-01	1.553024462627777269e-01	7.392253866798118023e-02	3.037510586681182317e-02	7.826827386269759324e-02
1.233631404482097196e+03	2.437550119723062847e-01	1.578184702290660324e-01	2.603764072929901086e-01	1.553803176150911625e-01	7.395483719834236580e-02	3.039616121094870782e-02	7.831879448107650910e-02
1.235082735546193817e+03	2.435599833909388723e-01	1.576927010855382616e-01	2.605157676647278930e-01	1.554580489851070668e-01	7.398708060397185537e-02	3.041719076703504679e-02	7.836922750250215064e-02
1.236534066610290438e+03	2.433652876401013743e-01	1.575671417013372044e-01	2.606548934102013160e-01	1.555356406433214544e-01	7.401926898822482059e-02	3.043819455055201892e-02	7.841957306608293710e-02
1.237985397674387059e+03	2.431709241499607210e-01	1.574417917259292865e-01	2.607937849222522475e-01	1.556130928596038687e-01	7.405140245421555634e-02	3.045917257704652131e-02	7.846983131081296248e-02
1.239436728738483680e+03	2.429768923516704704e-01	1.573166508093669647e-01	2.609324425930644731e-01	1.556904059031992971e-01	7.408348110481816073e-02	3.048012486213071831e-02	7.852000237557110740e-02
1.240888059802580301e+03	2.427831916773688925e-01	1.571917186022877000e-01	2.610708668141648592e-01	1.557675800427305302e-01	7.411550504266728456e-02	3.050105142148160434e-02	7.857008639912037296e-02
1.242339390866676695e+03	2.425898215601773600e-01	1.570669947559130697e-01	2.612090579764241860e-01	1.558446155462001326e-01	7.414747437015881126e-02	3.052195227084053206e-02	7.862008352010710355e-02
1.243790721930773088e+03	2.423967814341985716e-01	1.569424789220477401e-01	2.613470164700585907e-01	1.559215126809926633e-01	7.417938918945059246e-02	3.054282742601277523e-02	7.866999387706025137e-02
1.245242052994869937e+03	2.422040707345146371e-01	1.568181707530784397e-01	2.614847426846305112e-01	1.559982717138767017e-01	7.421124960246315572e-02	3.056367690286708461e-02	7.871981760839062703e-02
1.246693384058966330e+03	2.420116888971854952e-01	1.566940699019730987e-01	2.616222370090497407e-01	1.560748929110069572e-01	7.424305571088039846e-02	3.058450071733524386e-02	7.876955485239017785e-02
1.248144715123063179e+03	2.418196353592471648e-01	1.565701760222797390e-01	2.617594998315746491e-01	1.561513765379264063e-01	7.427480761615025406e-02	3.060529888541162202e-02	7.881920574723126627e-02
1.249596046187159800e+03	2.416279095587099135e-01	1.564464887681256688e-01	2.618965315398131821e-01	1.562277228595682077e-01	7.430650541948546906e-02	3.062607142315274325e-02	7.886877043096597595e-02
1.251047377251256421e+03	2.414365109345565363e-01	1.563230077942163176e-01	2.620333325207238606e-01	1.563039321402580339e-01	7.433814922186425533e-02	3.064681834667684276e-02	7.891824904152540399e-02
1.252498708315352815e+03	2.412454389267406629e-01	1.561997327558344306e-01	2.621699031606169461e-01	1.563800046437157643e-01	7.436973912403101183e-02	3.066753967216342969e-02	7.896764171671896704e-02
1.253950039379449436e+03	2.410546929761850088e-01	1.560766633088390420e-01	2.623062438451557732e-01	1.564559406330578162e-01	7.440127522649700453e-02	3.068823541585285683e-02	7.901694859423372130e-02
1.255401370443546057e+03	2.408642725247795713e-01	1.559537991096645593e-01	2.624423549593574712e-01	1.565317403707990052e-01	7.443275762954106034e-02	3.070890559404589742e-02	7.906616981163365476e-02
1.256852701507642678e+03	2.406741770153800752e-01	1.558311398153196803e-01	2.625782368875941852e-01	1.566074041188546540e-01	7.446418643321031650e-02	3.072955022310330450e-02	7.911530550635906267e-02
1.258304032571739299e+03	2.404844058918060579e-01	1.557086850833865332e-01	2.627138900135941868e-01	1.566829321385424800e-01	7.449556173732081732e-02	3.075016931944539109e-02	7.916435581572582592e-02
1.259755363635835920e+03	2.402949585988392867e-01	1.555864345720197606e-01	2.628493147204429836e-01	1.567583246905846772e-01	7.452688364145826361e-02	3.077076289955158958e-02	7.921332087692481427e-02
1.261206694699932314e+03	2.401058345822219275e-01	1.554643879399453810e-01	2.629845113905842635e-01	1.568335820351098586e-01	7.455815224497872040e-02	3.079133097996005625e-02	7.926220082702117864e-02
1.262658025764028707e+03	2.399170332886549351e-01	1.553425448464600400e-01	2.631194804058211156e-01	1.569087044316549995e-01	7.458936764700924149e-02	3.081187357726722711e-02	7.931099580295379592e-02
1.264109356828125556e+03	2.397285541657962760e-01	1.552209049514299277e-01	2.632542221473170851e-01	1.569836921391674633e-01	7.462052994644860493e-02	3.083239070812740512e-02	7.935970594153454738e-02
1.265560687892221949e+03	2.395403966622593195e-01	1.550994679152899181e-01	2.633887369955971169e-01	1.570585454160069172e-01	7.465163924196797918e-02	3.085288238925234724e-02	7.940833137944772191e-02
1.267012018956318798e+03	2.393525602276109499e-01	1.549782333990424588e-01	2.635230253305487769e-01	1.571332645199472466e-01	7.468269563201160310e-02	3.087334863741084470e-02	7.945687225324941927e-02
1.268463350020415419e+03	2.391650443123700676e-01	1.548572010642567942e-01	2.636570875314233064e-01	1.572078497081784709e-01	7.471369921479746601e-02	3.089378946942831702e-02	7.950532869936692559e-02
1.269914681084511813e+03	2.389778483680057852e-01	1.547363705730679384e-01	2.637909239768365111e-01	1.572823012373086859e-01	7.474465008831800150e-02	3.091420490218639225e-02	7.955370085409807501e-02
1.271366012148608434e+03	2.387909718469357345e-01	1.546157415881757313e-01	2.639245350447700367e-01	1.573566193633659793e-01	7.477554835034072589e-02	3.093459495262249753e-02	7.960198885361072230e-02
1.272817343212705055e+03	2.386044142025243731e-01	1.544953137728438952e-01	2.640579211125723136e-01	1.574308043418003178e-01	7.480639409840894594e-02	3.095495963772946016e-02	7.965019283394207672e-02
1.274268674276801676e+03	2.384181748890813468e-01	1.543750867908991464e-01	2.641910825569598331e-01	1.575048564274854346e-01	7.483718742984243888e-02	3.097529897455509121e-02	7.969831293099814695e-02
1.275720005340898297e+03	2.382322533618597971e-01	1.542550603067301407e-01	2.643240197540177583e-01	1.575787758747206335e-01	7.486792844173809081e-02	3.099561298020179351e-02	7.974634928055318595e-02
1.277171336404994690e+03	2.380466490770546117e-01	1.541352339852866682e-01	2.644567330792014781e-01	1.576525629372328152e-01	7.489861723097056279e-02	3.101590167182615571e-02	7.979430201824910807e-02
1.278622667469091539e+03	2.378613614918008434e-01	1.540156074920785434e-01	2.645892229073374402e-01	1.577262178681781701e-01	7.492925389419301252e-02	3.103616506663854635e-02	7.984217127959492011e-02
1.280073998533187932e+03	2.376763900641719607e-01	1.538961804931748834e-01	2.647214896126240391e-01	1.577997409201440104e-01	7.495983852783766332e-02	3.105640318190273225e-02	7.988995719996613842e-02
1.281525329597284326e+03	2.374917342531782660e-01	1.537769526552029420e-01	2.648535335686330039e-01	1.578731323451508239e-01	7.499037122811660905e-02	3.107661603493546559e-02	7.993765991460428932e-02
1.282976660661381175e+03	2.373073935187650363e-01	1.536579236453474162e-01	2.649853551483102310e-01	1.579463923946539117e-01	7.502085209102232755e-02	3.109680364310609541e-02	7.998527955861635397e-02
1.284427991725477568e+03	2.371233673218111349e-01	1.535390931313492802e-01	2.651169547239770052e-01	1.580195213195451642e-01	7.505128121232843008e-02	3.111696602383617893e-02	8.003281626697418549e-02
1.285879322789574417e+03	2.369396551241271798e-01	1.534204607815050636e-01	2.652483326673307218e-01	1.580925193701550602e-01	7.508165868759027195e-02	3.113710319459909309e-02	8.008027017451405105e-02
1.287330653853671038e+03	2.367562563884538507e-01	1.533020262646657694e-01	2.653794893494462181e-01	1.581653867962543314e-01	7.511198461214566025e-02	3.115721517291963547e-02	8.012764141593602119e-02
1.288781984917767431e+03	2.365731705784603067e-01	1.531837892502360132e-01	2.655104251407768290e-01	1.582381238470557117e-01	7.514225908111542285e-02	3.117730197637365655e-02	8.017493012580351186e-02
1.290233315981864052e+03	2.363903971587426045e-01	1.530657494081731074e-01	2.656411404111552743e-01	1.583107307712158240e-01	7.517248218940419946e-02	3.119736362258765383e-02	8.022213643854279874e-02
