1.301360187473271253e+03	2.354354337751711768e-01	1.514355817722733977e-01	2.605996313193523761e-01	1.617824378117869444e-01	7.623271430935557591e-02	3.209179674152151662e-02	8.242240427035846251e-02
1.306197957686926657e+03	2.348427198575205599e-01	1.510428535711088316e-01	2.609759021966167603e-01	1.620468703683266842e-01	7.633983175743246086e-02	3.216377583646189142e-02	8.258804641235223398e-02
1.311035727900581833e+03	2.342534128601039267e-01	1.506522703007206476e-01	2.613499141106331858e-01	1.623098070379319635e-01	7.644638791125939192e-02	3.223544348559052170e-02	8.275276429357981967e-02
1.315873498114237009e+03	2.336674931718044357e-01	1.502638201610332069e-01	2.617216822354292982e-01	1.625712557942103342e-01	7.655238566665660549e-02	3.230680031854221007e-02	8.291656265214336630e-02
1.320711268327892412e+03	2.330849412965928513e-01	1.498774914164727468e-01	2.620912216225092517e-01	1.628312245749782283e-01	7.665782790453934403e-02	3.237784697660358452e-02	8.307944620812356129e-02
1.325549038541547588e+03	2.325057378528128105e-01	1.494932723956273746e-01	2.624585472020726784e-01	1.630897212823262388e-01	7.676271749101834518e-02	3.244858411242610569e-02	8.324141966353611199e-02
1.330386808755202765e+03	2.319298635724711122e-01	1.491111514909089220e-01	2.628236737842205573e-01	1.633467537826852056e-01	7.686705727749831851e-02	3.251901238974423680e-02	8.340248770229130582e-02
1.335224578968857941e+03	2.313572993005334477e-01	1.487311171582162417e-01	2.631866160601465943e-01	1.636023299068934400e-01	7.697085010077490963e-02	3.258913248309856792e-02	8.356265499015641529e-02
1.340062349182513572e+03	2.307880259942243495e-01	1.483531579166000869e-01	2.635473886033156687e-01	1.638564574502648918e-01	7.707409878312984630e-02	3.265894507756390841e-02	8.372192617472089260e-02
1.344900119396168748e+03	2.302220247223326077e-01	1.479772623479295723e-01	2.639060058706281797e-01	1.641091441726582334e-01	7.717680613242444698e-02	3.272845086848222979e-02	8.388030588536439514e-02
1.349737889609823924e+03	2.296592766645213779e-01	1.476034190965603288e-01	2.642624822035718468e-01	1.643603977985469977e-01	7.727897494219158891e-02	3.279765056120031996e-02	8.403779873322725358e-02
1.354575659823479100e+03	2.290997631106430898e-01	1.472316168690039617e-01	2.646168318293597443e-01	1.646102260170908549e-01	7.738060799172621906e-02	3.286654487081214215e-02	8.419440931118372939e-02
1.359413430037134731e+03	2.285434654600591031e-01	1.468618444335992868e-01	2.649690688620558454e-01	1.648586364822078043e-01	7.748170804617431073e-02	3.293513452190577340e-02	8.435014219381756218e-02
1.364251200250789907e+03	2.279903652209642473e-01	1.464940906201850634e-01	2.653192073036875764e-01	1.651056368126475049e-01	7.758227785662044629e-02	3.300342024831486032e-02	8.450500193740004273e-02
1.369088970464445310e+03	2.274404440097159141e-01	1.461283443197742560e-01	2.656672610453453820e-01	1.653512345920654381e-01	7.768232016017398434e-02	3.307140279287446027e-02	8.465899307987033440e-02
1.373926740678100487e+03	2.268936835501677851e-01	1.457645944842298202e-01	2.660132438682703548e-01	1.655954373690984582e-01	7.778183768005392240e-02	3.313908290718132338e-02	8.481212014081815354e-02
1.378764510891755890e+03	2.263500656730084160e-01	1.454028301259419620e-01	2.663571694449288763e-01	1.658382526574410931e-01	7.788083312567255223e-02	3.320646135135835175e-02	8.496438762146860113e-02
1.383602281105411066e+03	2.258095723151040957e-01	1.450430403175071992e-01	2.666990513400753771e-01	1.660796879359230371e-01	7.797930919271775507e-02	3.327353889382331231e-02	8.511580000466915930e-02
1.388440051319066470e+03	2.252721855188464239e-01	1.446852141914085899e-01	2.670389030118027751e-01	1.663197506485875610e-01	7.807726856323414510e-02	3.334031631106168514e-02	8.526636175487875557e-02
1.393277821532721646e+03	2.247378874315044683e-01	1.443293409396977645e-01	2.673767378125810334e-01	1.665584482047711978e-01	7.817471390570307488e-02	3.340679438740355722e-02	8.541607731815883953e-02
1.398115591746377049e+03	2.242066603045811124e-01	1.439754098136782900e-01	2.677125689902840056e-01	1.667957879791841236e-01	7.827164787512154442e-02	3.347297391480445750e-02	8.556495112216647159e-02
1.402953361960032225e+03	2.236784864931740113e-01	1.436234101235906446e-01	2.680464096892041237e-01	1.670317773119918137e-01	7.836807311307991686e-02	3.353885569263020255e-02	8.571298757614932706e-02
1.407791132173687402e+03	2.231533484553409608e-01	1.432733312382987456e-01	2.683782729510561516e-01	1.672664235088975604e-01	7.846399224783864867e-02	3.360444052744550325e-02	8.586019107094246261e-02
1.412628902387342805e+03	2.226312287514695953e-01	1.429251625849778107e-01	2.687081717159690020e-01	1.674997338412261005e-01	7.855940789440404859e-02	3.366972923280641544e-02	8.600656597896702560e-02
1.417466672600997981e+03	2.221121100436513340e-01	1.425788936488038561e-01	2.690361188234666190e-01	1.677317155460081033e-01	7.865432265460295391e-02	3.373472262905646835e-02	8.615211665423068432e-02
1.422304442814653157e+03	2.215959750950595719e-01	1.422345139726447494e-01	2.693621270134372581e-01	1.679623758260657407e-01	7.874873911715653263e-02	3.379942154312647051e-02	8.629684743232970967e-02
1.427142213028308333e+03	2.210828067693322851e-01	1.418920131567524001e-01	2.696862089270922747e-01	1.681917218500992017e-01	7.884265985775314178e-02	3.386382680833791708e-02	8.644076263045281927e-02
1.431979983241963964e+03	2.205725880299587160e-01	1.415513808584568933e-01	2.700083771079136441e-01	1.684197607527740670e-01	7.893608743912025605e-02	3.392793926420989425e-02	8.658386654738661758e-02
1.436817753455619140e+03	2.200653019396702770e-01	1.412126067918618721e-01	2.703286440025906567e-01	1.686464996348097101e-01	7.902902441109552201e-02	3.399175975626946705e-02	8.672616346352253480e-02
1.441655523669274316e+03	2.195609316598355343e-01	1.408756807275413636e-01	2.706470219619465101e-01	1.688719455630685595e-01	7.912147331069709078e-02	3.405528913586551576e-02	8.686765764086548658e-02
1.446493293882929493e+03	2.190594604498593556e-01	1.405405924922381311e-01	2.709635232418535766e-01	1.690961055706463601e-01	7.921343666219293755e-02	3.411852825998585442e-02	8.700835332304387992e-02
1.451331064096585123e+03	2.185608716665860540e-01	1.402073319685634700e-01	2.712781600041390129e-01	1.693189866569631552e-01	7.930491697716959831e-02	3.418147799107772167e-02	8.714825473532115951e-02
1.456168834310240300e+03	2.180651487637068064e-01	1.398758890946984745e-01	2.715909443174794879e-01	1.695405957878552972e-01	7.939591675459996278e-02	3.424413919687143565e-02	8.728736608460872792e-02
1.461006604523895703e+03	2.175722752911706526e-01	1.395462538640967198e-01	2.719018881582864200e-01	1.697609398956682059e-01	7.948643848091048458e-02	3.430651275020731028e-02	8.742569155948033688e-02
1.465844374737550879e+03	2.170822348945999070e-01	1.392184163251885820e-01	2.722110034115807209e-01	1.699800258793500995e-01	7.957648463004753092e-02	3.436859952886564540e-02	8.756323533018771366e-02
1.470682144951206283e+03	2.165950113147091238e-01	1.388923665810865848e-01	2.725183018718576045e-01	1.701978606045463360e-01	7.966605766354312168e-02	3.443040041539980473e-02	8.770000154867764464e-02
1.475519915164861459e+03	2.161105883867282529e-01	1.385680947892926618e-01	2.728237952439420133e-01	1.704144509036947530e-01	7.975516003057994685e-02	3.449191629697234696e-02	8.783599434861025235e-02
1.480357685378516862e+03	2.156289500398296255e-01	1.382455911614066113e-01	2.731274951438338872e-01	1.706298035761216747e-01	7.984379416805575946e-02	3.455314806519411280e-02	8.797121784537849376e-02
1.485195455592172038e+03	2.151500802965586046e-01	1.379248459628358847e-01	2.734294130995445493e-01	1.708439253881387787e-01	7.993196250064710240e-02	3.461409661596621945e-02	8.810567613612901861e-02
1.490033225805827215e+03	2.146739632722682312e-01	1.376058495125070114e-01	2.737295605519228237e-01	1.710568230731406014e-01	8.001966744087239680e-02	3.467476284932499708e-02	8.823937329978408239e-02
1.494870996019482618e+03	2.142005831745575350e-01	1.372885921825783562e-01	2.740279488554724363e-01	1.712685033317029037e-01	8.010691138915451703e-02	3.473514766928963854e-02	8.837231339706468070e-02
1.499708766233137567e+03	2.137299243027137863e-01	1.369730643981542095e-01	2.743245892791602025e-01	1.714789728316816197e-01	8.019369673388263009e-02	3.479525198371275635e-02	8.850450047051483526e-02
1.504546536446793198e+03	2.132619710471581331e-01	1.366592566370005146e-01	2.746194930072146101e-01	1.716882382083126934e-01	8.028002585147363257e-02	3.485507670413356268e-02	8.863593854452689325e-02
1.509384306660448374e+03	2.127967078888952368e-01	1.363471594292616218e-01	2.749126711399162426e-01	1.718963060643122764e-01	8.036590110643287987e-02	3.491462274563383178e-02	8.876663162536800600e-02
1.514222076874103550e+03	2.123341193989664588e-01	1.360367633571788193e-01	2.752041346943784328e-01	1.721031829699779248e-01	8.045132485141445744e-02	3.497389102669643673e-02	8.889658370120759323e-02
1.519059847087758726e+03	2.118741902379066844e-01	1.357280590548101129e-01	2.754938946053198112e-01	1.723088754632902952e-01	8.053629942728095237e-02	3.503288246906650222e-02	8.902579874214583411e-02
1.523897617301414357e+03	2.114169051552046985e-01	1.354210372077512825e-01	2.757819617258278622e-01	1.725133900500153694e-01	8.062082716316268383e-02	3.509159799761511767e-02	8.915428070024317142e-02
1.528735387515069533e+03	2.109622489887672259e-01	1.351156885528584650e-01	2.760683468281142638e-01	1.727167332038074543e-01	8.070491037651636446e-02	3.515003854020559010e-02	8.928203350955075945e-02
1.533573157728724709e+03	2.105102066643864678e-01	1.348120038779721530e-01	2.763530606042613469e-01	1.729189113663127109e-01	8.078855137318341484e-02	3.520820502756209086e-02	8.940906108614192493e-02
1.538410927942380113e+03	2.100607631952111365e-01	1.345099740216423589e-01	2.766361136669603926e-01	1.731199309472732373e-01	8.087175244744766733e-02	3.526609839314081424e-02	8.953536732814444676e-02
1.543248698156035516e+03	2.096139036812210421e-01	1.342095898728553616e-01	2.769175165502419378e-01	1.733197983246316798e-01	8.095451588209275073e-02	3.532371957300348142e-02	8.966095611577377944e-02
1.548086468369690692e+03	2.091696133087050102e-01	1.339108423707616735e-01	2.771972797101975861e-01	1.735185198446364541e-01	8.103684394845893368e-02	3.538106950569320369e-02	8.978583131136719242e-02
1.552924238583346096e+03	2.087278773497424633e-01	1.336137225044055077e-01	2.774754135256938259e-01	1.737161018219473829e-01	8.111873890649951013e-02	3.543814913211263545e-02	8.990999675941868663e-02
1.557762008797001272e+03	2.082886811616881939e-01	1.333182213124554649e-01	2.777519282990782989e-01	1.739125505397420002e-01	8.120020300483686559e-02	3.549495939540444484e-02	9.003345628661479916e-02
1.562599779010656675e+03	2.078520101866606351e-01	1.330243298829365539e-01	2.780268342568775752e-01	1.741078722498222153e-01	8.128123848081804381e-02	3.555150124083397006e-02	9.015621370187117123e-02
1.567437549224311852e+03	2.074178499510334339e-01	1.327320393529637099e-01	2.783001415504876563e-01	1.743020731727213946e-01	8.136184756056989709e-02	3.560777561567408933e-02	9.027827279636999047e-02
1.572275319437967255e+03	2.069861860649304108e-01	1.324413409084765625e-01	2.785718602568568181e-01	1.744951594978121356e-01	8.144203245905394517e-02	3.566378346909226948e-02	9.039963734359802994e-02
1.577113089651622431e+03	2.065570042217237390e-01	1.321522257839754522e-01	2.788420003791607926e-01	1.746871373834141539e-01	8.152179538012069293e-02	3.571952575203971025e-02	9.052031109938567244e-02
1.581950859865277607e+03	2.061302901975355373e-01	1.318646852622589460e-01	2.791105718474702346e-01	1.748780129569028063e-01	8.160113851656375372e-02	3.577500341714257709e-02	9.064029780194640673e-02
1.586788630078933011e+03	2.057060298507424889e-01	1.315787106741625467e-01	2.793775845194111929e-01	1.750677923148180881e-01	8.168006405017341764e-02	3.583021741859533649e-02	9.075960117191723964e-02
1.591626400292587959e+03	2.052842091214839293e-01	1.312942933982987337e-01	2.796430481808183099e-01	1.752564815229737116e-01	8.175857415178998389e-02	3.588516871205604114e-02	9.087822491239964939e-02
1.596464170506243590e+03	2.048648140311730703e-01	1.310114248607983367e-01	2.799069725463804170e-01	1.754440866165669077e-01	8.183667098135670448e-02	3.593985825454365512e-02	9.099617270900133004e-02
1.601301940719898766e+03	2.044478306820112223e-01	1.307300965350533528e-01	2.801693672602793006e-01	1.756306136002882823e-01	8.191435668797240888e-02	3.599428700433732198e-02	9.111344822987851866e-02
1.606139710933553943e+03	2.040332452565054577e-01	1.304502999414607345e-01	2.804302418968218635e-01	1.758160684484322001e-01	8.199163340994367055e-02	3.604845592087753403e-02	9.123005512577893328e-02
1.610977481147209119e+03	2.036210440169891611e-01	1.301720266471677878e-01	2.806896059610644034e-01	1.760004571050075017e-01	8.206850327483687646e-02	3.610236596466919606e-02	9.134599703008540461e-02
1.615815251360864750e+03	2.032112133051458824e-01	1.298952682658187918e-01	2.809474688894307848e-01	1.761837854838484707e-01	8.214496839952971363e-02	3.615601809718658327e-02	9.146127755886006294e-02
1.620653021574519926e+03	2.028037395415361321e-01	1.296200164573027835e-01	2.812038400503237279e-01	1.763660594687259942e-01	8.222103089026251699e-02	3.620941328078008947e-02	9.157590031088910787e-02
1.625490791788175102e+03	2.023986092251272295e-01	1.293462629275026476e-01	2.814587287447291586e-01	1.765472849134591959e-01	8.229669284268922858e-02	3.626255247858477943e-02	9.168986886772814704e-02
1.630328562001830505e+03	2.019958089328262318e-01	1.290739994280457326e-01	2.817121442068142301e-01	1.767274676420272084e-01	8.237195634192809313e-02	3.631543665443073832e-02	9.180318679374811774e-02
1.635166332215485909e+03	2.015953253190160277e-01	1.288032177560553271e-01	2.819640956045187941e-01	1.769066134486813879e-01	8.244682346261202055e-02	3.636806677275510047e-02	9.191585763618169425e-02
1.640004102429141085e+03	2.011971451150940671e-01	1.285339097539038300e-01	2.822145920401402108e-01	1.770847280980574756e-01	8.252129626893865699e-02	3.642044379851588215e-02	9.202788492517023633e-02
1.644841872642796488e+03	2.008012551290144221e-01	1.282660673089667525e-01	2.824636425509122195e-01	1.772618173252881735e-01	8.259537681472019222e-02	3.647256869710735483e-02	9.213927217381125134e-02
1.649679642856451665e+03	2.004076422448325401e-01	1.279996823533783856e-01	2.827112561095769805e-01	1.774378868361159156e-01	8.266906714343287554e-02	3.652444243427725029e-02	9.225002287820639746e-02
1.654517413070107068e+03	2.000162934222530220e-01	1.277347468637884120e-01	2.829574416249516777e-01	1.776129423070058055e-01	8.274236928826622650e-02	3.657606597604543680e-02	9.236014051750982001e-02
1.659355183283762244e+03	1.996271956961803151e-01	1.274712528611198770e-01	2.832022079424880157e-01	1.777869893852587757e-01	8.281528527217200952e-02	3.662744028862429529e-02	9.246962855397712622e-02
1.664192953497417420e+03	1.992403361762722369e-01	1.272091924103285476e-01	2.834455638448265535e-01	1.779600336891248580e-01	8.288781710791294499e-02	3.667856633834061519e-02	9.257849043301463743e-02
1.669030723711072824e+03	1.988557020464964964e-01	1.269485576201631605e-01	2.836875180523446560e-01	1.781320808079167040e-01	8.295996679811112884e-02	3.672944509155905146e-02	9.268672958322925204e-02
1.673868493924728000e+03	1.984732805646896581e-01	1.266893406429272229e-01	2.839280792236985596e-01	1.783031363021231330e-01	8.303173633529617459e-02	3.678007751460712904e-02	9.279434941647853041e-02
1.678706264138383403e+03	1.980930590621195198e-01	1.264315336742419249e-01	2.841672559563596656e-01	1.784732057035230135e-01	8.310312770195317500e-02	3.683046457370171833e-02	9.290135332792141820e-02
1.683544034352038352e+03	1.977150249430497386e-01	1.261751289528101894e-01	2.844050567871450053e-01	1.786422945152990327e-01	8.317414287057031674e-02	3.688060723487698173e-02	9.300774469606915007e-02
1.688381804565693983e+03	1.973391656843075659e-01	1.259201187601821093e-01	2.846414901927423191e-01	1.788104082121517169e-01	8.324478380368634245e-02	3.693050646391378422e-02	9.311352688283665302e-02
1.693219574779349159e+03	1.969654688348541627e-01	1.256664954205213847e-01	2.848765645902289201e-01	1.789775522404135344e-01	8.331505245393770742e-02	3.698016322627051961e-02	9.321870323359432442e-02
1.698057344993004335e+03	1.965939220153576639e-01	1.254142513003732029e-01	2.851102883375857266e-01	1.791437320181630544e-01	8.338495076410548656e-02	3.702957848701533133e-02	9.332327707722007371e-02
1.702895115206659511e+03	1.962245129177691838e-01	1.251633788084330901e-01	2.853426697342053009e-01	1.793089529353392719e-01	8.345448066716212865e-02	3.707875321075973507e-02	9.342725172615186369e-02
1.707732885420315142e+03	1.958572293049011259e-01	1.249138703953171364e-01	2.855737170213946130e-01	1.794732203538558224e-01	8.352364408631784976e-02	3.712768836159358044e-02	9.353063047644043226e-02
1.712570655633970318e+03	1.954920590100085176e-01	1.246657185533332629e-01	2.858034383828726432e-01	1.796365396077154730e-01	8.359244293506692958e-02	3.717638490302131032e-02	9.363341660780243048e-02
1.717408425847625494e+03	1.951289899363727320e-01	1.244189158162538195e-01	2.860318419452623218e-01	1.797989160031245592e-01	8.366087911723367465e-02	3.722484379789961495e-02	9.373561338367386586e-02
1.722246196061280898e+03	1.947680100568880135e-01	1.241734547590892385e-01	2.862589357785777500e-01	1.799603548186073099e-01	8.372895452701820118e-02	3.727306600837630018e-02	9.383722405126374011e-02
1.727083966274936301e+03	1.944091074136505559e-01	1.239293279978629370e-01	2.864847278967059263e-01	1.801208613051205332e-01	8.379667104904205133e-02	3.732105249583043266e-02	9.393825184160821407e-02
1.731921736488591478e+03	1.940522701175501630e-01	1.236865281893873292e-01	2.867092262578833095e-01	1.802804406861678865e-01	8.386403055839346254e-02	3.736880422081378939e-02	9.403869996962473110e-02
1.736759506702246881e+03	1.936974863478645448e-01	1.234450480310410742e-01	2.869324387651676633e-01	1.804390981579146458e-01	8.393103492067253979e-02	3.741632214299346615e-02	9.413857163416670948e-02
1.741597276915902057e+03	1.933447443518561681e-01	1.232048802605474475e-01	2.871543732669049054e-01	1.805968388893020027e-01	8.399768599203616404e-02	3.746360722109572799e-02	9.423787001807829022e-02
1.746435047129557461e+03	1.929940324443714661e-01	1.229660176557538231e-01	2.873750375571906268e-01	1.807536680221616121e-01	8.406398561924265100e-02	3.751066041285102542e-02	9.433659828824944582e-02
1.751272817343212637e+03	1.926453390074427952e-01	1.227284530344123908e-01	2.875944393763275042e-01	1.809095906713301116e-01	8.412993563969632660e-02	3.755748267494019715e-02	9.443475959567129707e-02
1.756110587556867813e+03	1.922986524898929461e-01	1.224921792539619414e-01	2.878125864112769938e-01	1.810646119247635299e-01	8.419553788149174156e-02	3.760407496294180391e-02	9.453235707549161038e-02
1.760948357770523216e+03	1.919539614069417643e-01	1.222571892113108460e-01	2.880294862961073621e-01	1.812187368436516399e-01	8.426079416345778894e-02	3.765043823128060713e-02	9.462939384707055868e-02
1.765786127984178393e+03	1.916112543398156565e-01	1.220234758426211319e-01	2.882451466124359429e-01	1.813719704625323670e-01	8.432570629520157179e-02	3.769657343317715098e-02	9.472587301403675997e-02
1.770623898197833569e+03	1.912705199353592067e-01	1.217910321230936677e-01	2.884595748898678425e-01	1.815243177894059756e-01	8.439027607715210433e-02	3.774248152059840600e-02	9.482179766434334356e-02
1.775461668411488745e+03	1.909317469056495964e-01	1.215598510667545984e-01	2.886727786064292034e-01	1.816757838058494223e-01	8.445450530060380490e-02	3.778816344420952988e-02	9.491717087032439104e-02
1.780299438625144376e+03	1.905949240276130496e-01	1.213299257262426822e-01	2.888847651889966395e-01	1.818263734671302922e-01	8.451839574775969754e-02	3.783362015332666917e-02	9.501199568875146051e-02
1.785137208838799552e+03	1.902600401426439714e-01	1.211012491925979595e-01	2.890955420137217291e-01	1.819760917023210967e-01	8.458194919177465521e-02	3.787885259587078085e-02	9.510627516089030509e-02
1.789974979052454728e+03	1.899270841562261947e-01	1.208738145950513931e-01	2.893051164064515124e-01	1.821249434144129875e-01	8.464516739679815716e-02	3.792386171832248104e-02	9.520001231255774410e-02
1.794812749266109904e+03	1.895960450375569206e-01	1.206476151008156611e-01	2.895134956431442697e-01	1.822729334804298607e-01	8.470805211801708812e-02	3.796864846567794133e-02	9.529321015417872853e-02
1.799650519479765535e+03	1.892669118191726563e-01	1.204226439148770589e-01	2.897206869502813031e-01	1.824200667515419871e-01	8.477060510169824592e-02	3.801321378140569418e-02	9.538587168084355916e-02
1.804488289693420711e+03	1.889396735965778451e-01	1.201988942797884152e-01	2.899266975052743889e-01	1.825663480531796168e-01	8.483282808523064100e-02	3.805755860740444446e-02	9.547799987236516017e-02
1.809326059907075887e+03	1.886143195278753570e-01	1.199763594754632567e-01	2.901315344368691762e-01	1.827117821851465540e-01	8.489472279716769876e-02	3.810168388396187322e-02	9.556959769333661647e-02
1.814163830120731291e+03	1.882908388333997540e-01	1.197550328189708885e-01	2.903352048255440354e-01	1.828563739217335671e-01	8.495629095726914271e-02	3.814559054971432273e-02	9.566066809318875264e-02
1.819001600334386467e+03	1.879692207953526095e-01	1.195349076643326125e-01	2.905377157039053526e-01	1.830001280118316309e-01	8.501753427654289152e-02	3.818927954160743210e-02	9.575121400624782286e-02
1.823839370548041643e+03	1.876494547574399374e-01	1.193159774023191261e-01	2.907390740570786614e-01	1.831430491790450310e-01	8.507845445728655365e-02	3.823275179485766812e-02	9.584123835179339523e-02
1.828677140761696819e+03	1.873315301245121467e-01	1.190982354602487803e-01	2.909392868230952223e-01	1.832851421218042731e-01	8.513905319312890796e-02	3.827600824291476495e-02	9.593074403411624984e-02
1.833514910975352450e+03	1.870154363622059945e-01	1.188816753017870875e-01	2.911383608932757161e-01	1.834264115134789930e-01	8.519933216907113471e-02	3.831904981742501742e-02	9.601973394257640182e-02
1.838352681189008081e+03	1.867011629965890651e-01	1.186662904267471452e-01	2.913363031126090519e-01	1.835668620024904496e-01	8.525929306152785214e-02	3.836187744819544859e-02	9.610821095166127703e-02
1.843190451402663257e+03	1.863886996138061081e-01	1.184520743708913221e-01	2.915331202801278443e-01	1.837064982124242685e-01	8.531893753836801431e-02	3.840449206315884462e-02	9.619617792104387388e-02
1.848028221616318433e+03	1.860780358597277917e-01	1.182390207057337217e-01	2.917288191492801164e-01	1.838453247421424075e-01	8.537826725895564239e-02	3.844689458833958767e-02	9.628363769564103614e-02
1.852865991829973609e+03	1.857691614396013713e-01	1.180271230383438952e-01	2.919234064282970054e-01	1.839833461658954838e-01	8.543728387419034787e-02	3.848908594782032150e-02	9.637059310567187842e-02
1.857703762043628785e+03	1.854620661177039387e-01	1.178163750111514974e-01	2.921168887805569159e-01	1.841205670334346567e-01	8.549598902654773069e-02	3.853106706370945655e-02	9.645704696671612843e-02
1.862541532257283961e+03	1.851567397169973928e-01	1.176067703017520394e-01	2.923092728249460093e-01	1.842569918701233989e-01	8.555438435011951392e-02	3.857283885610938295e-02	9.654300207977262183e-02
1.867379302470939592e+03	1.848531721187857413e-01	1.173983026227135990e-01	2.925005651362150294e-01	1.843926251770489910e-01	8.561247147065356722e-02	3.861440224308557850e-02	9.662846123131788034e-02
1.872217072684594768e+03	1.845513532623744846e-01	1.171909657213846129e-01	2.926907722453326866e-01	1.845274714311338493e-01	8.567025200559381937e-02	3.865575814063637594e-02	9.671342719336463445e-02
1.877054842898249490e+03	1.842512731447320251e-01	1.169847533797027106e-01	2.928799006398352112e-01	1.846615350852466864e-01	8.572772756411989326e-02	3.869690746266355591e-02	9.679790272352042924e-02
1.881892613111905121e+03	1.839529218201533256e-01	1.167796594140044358e-01	2.930679567641727434e-01	1.847948205683133949e-01	8.578489974718664368e-02	3.873785112094362687e-02	9.688189056504631358e-02
1.886730383325560297e+03	1.836562893999254542e-01	1.165756776748361617e-01	2.932549470200521702e-01	1.849273322854278201e-01	8.584177014756347313e-02	3.877859002509987524e-02	9.696539344691550155e-02
1.891568153539215928e+03	1.833613660519952671e-01	1.163728020467658664e-01	2.934408777667764645e-01	1.850590746179621160e-01	8.589834034987357814e-02	3.881912508257513023e-02	9.704841408387207546e-02
1.896405923752871104e+03	1.830681420006391169e-01	1.161710264481959354e-01	2.936257553215806948e-01	1.851900519236771014e-01	8.595461193063289040e-02	3.885945719860517400e-02	9.713095517648963340e-02
1.901243693966526507e+03	1.827766075261345879e-01	1.159703448311771162e-01	2.938095859599647586e-01	1.853202685368321445e-01	8.601058645828894844e-02	3.889958727619290124e-02	9.721301941123011714e-02
1.906081464180181683e+03	1.824867529644342290e-01	1.157707511812231388e-01	2.939923759160228411e-01	1.854497287682950191e-01	8.606626549325964437e-02	3.893951621608316566e-02	9.729460946050254300e-02
1.910919234393836859e+03	1.821985687068413129e-01	1.155722395171267097e-01	2.941741313827695992e-01	1.855784369056514282e-01	8.612165058797169315e-02	3.897924491673824404e-02	9.737572798272159380e-02
1.915757004607492036e+03	1.819120451996875110e-01	1.153748038907761592e-01	2.943548585124631800e-01	1.857063972133142504e-01	8.617674328689899077e-02	3.901877427431399425e-02	9.745637762236653012e-02
1.920594774821147894e+03	1.816271729440126770e-01	1.151784383869733364e-01	2.945345634169247995e-01	1.858336139326325354e-01	8.623154512660083371e-02	3.905810518263663766e-02	9.753656101003979617e-02
1.925432545034802843e+03	1.813439424952464352e-01	1.149831371232522409e-01	2.947132521678556549e-01	1.859600912820003615e-01	8.628605763575997178e-02	3.909723853318019388e-02	9.761628076252577835e-02
1.930270315248458019e+03	1.810623444628917666e-01	1.147888942496987225e-01	2.948909307971502858e-01	1.860858334569652772e-01	8.634028233522052231e-02	3.913617521504453994e-02	9.769553948284946665e-02
1.935108085462113195e+03	1.807823695102105666e-01	1.145957039487712492e-01	2.950676052972073249e-01	1.862108446303366582e-01	8.639422073802559277e-02	3.917491611493405940e-02	9.777433976033517160e-02
1.939945855675768371e+03	1.805040083539110607e-01	1.144035604351224811e-01	2.952432816212366973e-01	1.863351289522934551e-01	8.644787434945493121e-02	3.921346211713690882e-02	9.785268417066507463e-02
1.944783625889424002e+03	1.802272517638371374e-01	1.142124579554218422e-01	2.954179656835644319e-01	1.864586905504921344e-01	8.650124466706231308e-02	3.925181410350488120e-02	9.793057527593795886e-02
1.949621396103079178e+03	1.799520905626595946e-01	1.140223907881790649e-01	2.955916633599338095e-01	1.865815335301740097e-01	8.655433318071278914e-02	3.928997295343384516e-02	9.800801562472766237e-02
1.954459166316734354e+03	1.796785156255692184e-01	1.138333532435686912e-01	2.957643804878043459e-01	1.867036619742723780e-01	8.660714137261978085e-02	3.932793954384474627e-02	9.808500775214165635e-02
1.959296936530389530e+03	1.794065178799719162e-01	1.136453396632554763e-01	2.959361228666473331e-01	1.868250799435194343e-01	8.665967071738199523e-02	3.936571474916519819e-02	9.816155417987955378e-02
1.964134706744044706e+03	1.791360883051852926e-01	1.134583444202207358e-01	2.961068962582386610e-01	1.869457914765528528e-01	8.671192268202024267e-02	3.940329944131160111e-02	9.823765741629153503e-02
1.968972476957700337e+03	1.788672179321375011e-01	1.132723619185896646e-01	2.962767063869491957e-01	1.870658005900220633e-01	8.676389872601404651e-02	3.944069448967178759e-02	9.831331995643668997e-02
1.973810247171355968e+03	1.785998978430676787e-01	1.130873865934595018e-01	2.964455589400317170e-01	1.871851112786942495e-01	8.681560030133815553e-02	3.947790076108825819e-02	9.838854428214141579e-02
1.978648017385010689e+03	1.783341191712282670e-01	1.129034129107287232e-01	2.966134595679056352e-01	1.873037275155600700e-01	8.686702885249877881e-02	3.951491911984188893e-02	9.846333286205764812e-02
1.983485787598666320e+03	1.780698731005891100e-01	1.127204353669270520e-01	2.967804138844387096e-01	1.874216532519391021e-01	8.691818581656983456e-02	3.955175042763617310e-02	9.853768815172103679e-02
1.988323557812321269e+03	1.778071508655434119e-01	1.125384484890464831e-01	2.969464274672261039e-01	1.875388924175848959e-01	8.696907262322897680e-02	3.958839554358195567e-02	9.861161259360916309e-02
1.993161328025976900e+03	1.775459437506153870e-01	1.123574468343731120e-01	2.971115058578670531e-01	1.876554489207898080e-01	8.701969069479335850e-02	3.962485532418270201e-02	9.868510861719946570e-02
1.997999098239632076e+03	1.772862430901696595e-01	1.121774249903199488e-01	2.972756545622387003e-01	1.877713266484895283e-01	8.707004144625545006e-02	3.966113062332021766e-02	9.875817863902740246e-02
2.002836868453287707e+03	1.770280402681225773e-01	1.119983775742605797e-01	2.974388790507669356e-01	1.878865294663672192e-01	8.712012628531855263e-02	3.969722229224083992e-02	9.883082506274420975e-02
2.007674638666942428e+03	1.767713267176551084e-01	1.118202992333637014e-01	2.976011847586955139e-01	1.880010612189573216e-01	8.716994661243224196e-02	3.973313117954214990e-02	9.890305027917481451e-02
2.012512408880597604e+03	1.765160939209274860e-01	1.116431846444287806e-01	2.977625770863520094e-01	1.881149257297493327e-01	8.721950382082757636e-02	3.976885813116010776e-02	9.897485666637555191e-02
2.017350179094252780e+03	1.762623334087957128e-01	1.114670285137221439e-01	2.979230613994113819e-01	1.882281268012908626e-01	8.726879929655227686e-02	3.980440399035663213e-02	9.904624658969182760e-02
2.022187949307908411e+03	1.760100367605296201e-01	1.112918255768144266e-01	2.980826430291571572e-01	1.883406682152906353e-01	8.731783441850567151e-02	3.983976959770769294e-02	9.911722240181566890e-02
2.027025719521564042e+03	1.757591956035326475e-01	1.111175705984186052e-01	2.982413272727401088e-01	1.884525537327210454e-01	8.736661055847345925e-02	3.987495579109175126e-02	9.918778644284324819e-02
2.031863489735218764e+03	1.755098016130633432e-01	1.109442583722289877e-01	2.983991193934347197e-01	1.885637870939205762e-01	8.741512908116248759e-02	3.990996340567870559e-02	9.925794104033214271e-02
2.036701259948874394e+03	1.752618465119586966e-01	1.107718837207611190e-01	2.985560246208925350e-01	1.886743720186954687e-01	8.746339134423518347e-02	3.994479327391921297e-02	9.932768850935870530e-02
2.041539030162529116e+03	1.750153220703586920e-01	1.106004414951924364e-01	2.987120481513944048e-01	1.887843122064217227e-01	8.751139869834397012e-02	3.997944622553446792e-02	9.939703115257521315e-02
2.046376800376184747e+03	1.747702201054331106e-01	1.104299265752039100e-01	2.988671951480990630e-01	1.888936113361461000e-01	8.755915248716548971e-02	4.001392308750635618e-02	9.946597126026687774e-02
2.051214570589840150e+03	1.745265324811093866e-01	1.102603338688225298e-01	2.990214707412902628e-01	1.890022730666871820e-01	8.760665404743470108e-02	4.004822468406801783e-02	9.953451111040885479e-02
2.056052340803495554e+03	1.742842511078026013e-01	1.100916583122644871e-01	2.991748800286211374e-01	1.891103010367360115e-01	8.765390470897882480e-02	4.008235183669481977e-02	9.960265296872308771e-02
2.060890111017150957e+03	1.740433679421467261e-01	1.099238948697794371e-01	2.993274280753566163e-01	1.892176988649564295e-01	8.770090579475108006e-02	4.011630536409568903e-02	9.967039908873498444e-02
2.065727881230805451e+03	1.738038749867276966e-01	1.097570385334954018e-01	2.994791199146136229e-01	1.893244701500849114e-01	8.774765862086442159e-02	4.015008608220486941e-02	9.973775171183009436e-02
2.070565651444461309e+03	1.735657642898179309e-01	1.095910843232646287e-01	2.996299605475986061e-01	1.894306184710303209e-01	8.779416449662499899e-02	4.018369480417397638e-02	9.980471306731054926e-02
2.075403421658116713e+03	1.733290279451125959e-01	1.094260272865102412e-01	2.997799549438436295e-01	1.895361473869730806e-01	8.784042472456551898e-02	4.021713234036450313e-02	9.987128537245143489e-02
2.080241191871772116e+03	1.730936580914673728e-01	1.092618624980738057e-01	2.999291080414394628e-01	1.896410604374641762e-01	8.788644060047851037e-02	4.025039949834065267e-02	9.993747083255709318e-02
2.085078962085427065e+03	1.728596469126377488e-01	1.090985850600635354e-01	3.000774247472670631e-01	1.897453611425237163e-01	8.793221341344935327e-02	4.028349708286247527e-02	1.000032716410171607e-01
2.089916732299082469e+03	1.726269866370198913e-01	1.089361901017035367e-01	3.002249099372271135e-01	1.898490530027391876e-01	8.797774444588923881e-02	4.031642589587944997e-02	1.000686899793626489e-01
2.094754502512737417e+03	1.723956695373932146e-01	1.087746727791837065e-01	3.003715684564668420e-01	1.899521394993632650e-01	8.802303497356794848e-02	4.034918673652430898e-02	1.001337280173217464e-01
2.099592272726392821e+03	1.721656879306641963e-01	1.086140282755105463e-01	3.005174051196052853e-01	1.900546240944115950e-01	8.806808626564656406e-02	4.038178040110725758e-02	1.001983879128756083e-01
2.104430042940048224e+03	1.719370341776119693e-01	1.084542518003587391e-01	3.006624247109562775e-01	1.901565102307597455e-01	8.811289958470991390e-02	4.041420768311052708e-02	1.002626718123138527e-01
2.109267813153704083e+03	1.717097006826354133e-01	1.082953385899235316e-01	3.008066319847496062e-01	1.902578013322402117e-01	8.815747618679897757e-02	4.044646937318319146e-02	1.003265818502901280e-01
2.114105583367359031e+03	1.714836798935015505e-01	1.081372839067739622e-01	3.009500316653499485e-01	1.903585008037388393e-01	8.820181732144313780e-02	4.047856625913634487e-02	1.003901201498773460e-01
2.118943353581013525e+03	1.712589643010956342e-01	1.079800830397068118e-01	3.010926284474739201e-01	1.904586120312910247e-01	8.824592423169223820e-02	4.051049912593861213e-02	1.004532888226229298e-01
2.123781123794669384e+03	1.710355464391727087e-01	1.078237313036014139e-01	3.012344269964052912e-01	1.905581383821774721e-01	8.828979815414854382e-02	4.054226875571188826e-02	1.005160899686038251e-01
2.128618894008324787e+03	1.708134188841106682e-01	1.076682240392752427e-01	3.013754319482081501e-01	1.906570832050196451e-01	8.833344031899863225e-02	4.057387592772744578e-02	1.005785256764814006e-01
2.133456664221980191e+03	1.705925742546644808e-01	1.075135566133402776e-01	3.015156479099381226e-01	1.907554498298748569e-01	8.837685195004496563e-02	4.060532141840231951e-02	1.006405980235561826e-01
2.138294434435635139e+03	1.703730052117225224e-01	1.073597244180601179e-01	3.016550794598517604e-01	1.908532415683310557e-01	8.842003426473750427e-02	4.063660600129593431e-02	1.007023090758224493e-01
2.143132204649290543e+03	1.701547044580634660e-01	1.072067228712079573e-01	3.017937311476139861e-01	1.909504617136010274e-01	8.846298847420508427e-02	4.066773044710711438e-02	1.007636608880226881e-01
2.147969974862945492e+03	1.699376647381155292e-01	1.070545474159252386e-01	3.019316074945040396e-01	1.910471135406165977e-01	8.850571578328668421e-02	4.069869552367123139e-02	1.008246555037019543e-01
2.152807745076601350e+03	1.697218788377165832e-01	1.069031935205811135e-01	3.020687129936190929e-01	1.911432003061221685e-01	8.854821739056258079e-02	4.072950199595775506e-02	1.008852949552619532e-01
2.157645515290255844e+03	1.695073395838757047e-01	1.067526566786327763e-01	3.022050521100763110e-01	1.912387252487681155e-01	8.859049448838533791e-02	4.076015062606799105e-02	1.009455812640150107e-01
2.162483285503912157e+03	1.692940398445364758e-01	1.066029324084863117e-01	3.023406292812131357e-01	1.913336915892036028e-01	8.863254826291062927e-02	4.079064217323312425e-02	1.010055164402380024e-01
2.167321055717567106e+03	1.690819725283413677e-01	1.064540162533585549e-01	3.024754489167857385e-01	1.914281025301692030e-01	8.867437989412801924e-02	4.082097739381247703e-02	1.010651024832259492e-01
2.172158825931222509e+03	1.688711305843976496e-01	1.063059037811395768e-01	3.026095153991656961e-01	1.915219612565891572e-01	8.871599055589150795e-02	4.085115704129205216e-02	1.011243413813456143e-01
2.176996596144877003e+03	1.686615070020446860e-01	1.061585905842559185e-01	3.027428330835352788e-01	1.916152709356632178e-01	8.875738141595000685e-02	4.088118186628331846e-02	1.011832351120887791e-01
2.181834366358532861e+03	1.684530948106226222e-01	1.060120722795346443e-01	3.028754062980804074e-01	1.917080347169580756e-01	8.879855363597767559e-02	4.091105261652222547e-02	1.012417856421255480e-01
2.186672136572187810e+03	1.682458870792423733e-01	1.058663445080680054e-01	3.030072393441823886e-01	1.918002557324985369e-01	8.883950837160409231e-02	4.094077003686846100e-02	1.012999949273573341e-01
2.191509906785843214e+03	1.680398769165569739e-01	1.057214029350790341e-01	3.031383364966079297e-01	1.918919370968582561e-01	8.888024677244429905e-02	4.097033486930494461e-02	1.013578649129697334e-01
2.196347676999498617e+03	1.678350574705344544e-01	1.055772432497877333e-01	3.032687020036972658e-01	1.919830819072501360e-01	8.892076998212875005e-02	4.099974785293755697e-02	1.014153975334852464e-01
2.201185447213154021e+03	1.676314219282317719e-01	1.054338611652779617e-01	3.033983400875509551e-01	1.920736932436164779e-01	8.896107913833309344e-02	4.102900972399507046e-02	1.014725947128158473e-01
2.206023217426809424e+03	1.674289635155703504e-01	1.052912524183651916e-01	3.035272549442147305e-01	1.921637741687184930e-01	8.900117537280781421e-02	4.105812121582932267e-02	1.015294583643153031e-01
2.210860987640464373e+03	1.672276754971127599e-01	1.051494127694648784e-01	3.036554507438630202e-01	1.922533277282257036e-01	8.904105981140778003e-02	4.108708305891559803e-02	1.015859903908314932e-01
2.215698757854119776e+03	1.670275511758408105e-01	1.050083380024616486e-01	3.037829316309808014e-01	1.923423569508048436e-01	8.908073357412163440e-02	4.111589598085321068e-02	1.016421926847583396e-01
2.220536528067775180e+03	1.668285838929349230e-01	1.048680239245790291e-01	3.039097017245437904e-01	1.924308648482084272e-01	8.912019777510106489e-02	4.114456070636630935e-02	1.016980671280877518e-01
2.225374298281430583e+03	1.666307670275547770e-01	1.047284663662501059e-01	3.040357651181972987e-01	1.925188544153630665e-01	8.915945352268991875e-02	4.117307795730485581e-02	1.017536155924613078e-01
2.230212068495085077e+03	1.664340939966213462e-01	1.045896611809887106e-01	3.041611258804331475e-01	1.926063286304572353e-01	8.919850191945324913e-02	4.120144845264585992e-02	1.018088399392218096e-01
2.235049838708740936e+03	1.662385582546000440e-01	1.044516042452614535e-01	3.042857880547656380e-01	1.926932904550287262e-01	8.923734406220613924e-02	4.122967290849475358e-02	1.018637420194645621e-01
2.239887608922396339e+03	1.660441532932853681e-01	1.043142914583603670e-01	3.044097556599055787e-01	1.927797428340518315e-01	8.927598104204249874e-02	4.125775203808695196e-02	1.019183236740886789e-01
2.244725379136052197e+03	1.658508726415866552e-01	1.041777187422762568e-01	3.045330326899329254e-01	1.928656886960241346e-01	8.931441394436362424e-02	4.128568655178966457e-02	1.019725867338480141e-01
2.249563149349706237e+03	1.656587098653151402e-01	1.040418820415727613e-01	3.046556231144679772e-01	1.929511309530527463e-01	8.935264384890675982e-02	4.131347715710383811e-02	1.020265330194020242e-01
2.254400919563362095e+03	1.654676585669722089e-01	1.039067773232611319e-01	3.047775308788412962e-01	1.930360725009405420e-01	8.939067182977339376e-02	4.134112455866627983e-02	1.020801643413663806e-01
2.259238689777017044e+03	1.652777123855390662e-01	1.037724005766756802e-01	3.048987599042618513e-01	1.931205162192716485e-01	8.942849895545755545e-02	4.136862945825194732e-02	1.021334825003634983e-01
2.264076459990672902e+03	1.650888649962674315e-01	1.036387478133498630e-01	3.050193140879838838e-01	1.932044649714968476e-01	8.946612628887389007e-02	4.139599255477648121e-02	1.021864892870728708e-01
