1.001418434226643626e+03	2.796824459134268914e-01	1.808990211167292861e-01	2.347788500060755679e-01	1.408678501444310949e-01	6.808512239411398936e-02	2.668143229386121806e-02	6.900527813117852960e-02
1.002869765290740247e+03	2.794261390930977140e-01	1.807347112652034904e-01	2.349613619260932373e-01	1.409715329452244370e-01	6.812817304429491516e-02	2.670669490307161359e-02	6.907138682283120446e-02
1.004321096354836754e+03	2.791702700825926531e-01	1.805706756583624062e-01	2.351435668876218632e-01	1.410750245824240745e-01	6.817114675988572570e-02	2.673193087035326265e-02	6.913738515857666134e-02
1.005772427418933376e+03	2.789148381296219226e-01	1.804069138377355774e-01	2.353254654048182182e-01	1.411783254601326199e-01	6.821404369406536272e-02	2.675714019219301715e-02	6.920327328124990796e-02
1.007223758483029997e+03	2.786598424832121834e-01	1.802434253456192959e-01	2.355070579909772088e-01	1.412814359812175347e-01	6.825686399970574969e-02	2.678232286524365180e-02	6.926905133384099467e-02
1.008675089547126618e+03	2.784052823937040455e-01	1.800802097250753797e-01	2.356883451585332911e-01	1.413843565473181796e-01	6.829960782937108399e-02	2.680747888632306619e-02	6.933471945949157278e-02
1.010126420611223239e+03	2.781511571127496252e-01	1.799172665199298693e-01	2.358693274190619138e-01	1.414870875588531696e-01	6.834227533531712917e-02	2.683260825241353537e-02	6.940027780149145287e-02
1.011577751675319632e+03	2.778974658933103248e-01	1.797545952747715559e-01	2.360500052832808782e-01	1.415896294150272017e-01	6.838486666949049331e-02	2.685771096066093960e-02	6.946572650327531573e-02
1.013029082739416367e+03	2.776442079896542792e-01	1.795921955349510657e-01	2.362303792610518927e-01	1.416919825138381883e-01	6.842738198352804613e-02	2.688278700837397686e-02	6.953106570841929845e-02
1.014480413803512761e+03	2.773913826573539687e-01	1.794300668465793336e-01	2.364104498613819050e-01	1.417941472520841684e-01	6.846982142875628063e-02	2.690783639302340643e-02	6.959629556063773315e-02
1.015931744867609382e+03	2.771389891532837768e-01	1.792682087565263538e-01	2.365902175924247119e-01	1.418961240253700795e-01	6.851218515619070248e-02	2.693285911224127874e-02	6.966141620377989951e-02
1.017383075931706003e+03	2.768870267356178250e-01	1.791066208124200143e-01	2.367696829614821807e-01	1.419979132281146417e-01	6.855447331653530263e-02	2.695785516382016855e-02	6.972642778182669421e-02
1.018834406995802851e+03	2.766354946638273082e-01	1.789453025626447091e-01	2.369488464750058587e-01	1.420995152535569628e-01	6.859668606018205772e-02	2.698282454571241176e-02	6.979133043888752219e-02
1.020285738059899245e+03	2.763843921986783858e-01	1.787842535563401725e-01	2.371277086385982502e-01	1.422009304937632834e-01	6.863882353721038887e-02	2.700776725602934206e-02	6.985612431919703547e-02
1.021737069123995752e+03	2.761337186022296275e-01	1.786234733434001742e-01	2.373062699570143430e-01	1.423021593396335271e-01	6.868088589738673144e-02	2.703268329304052420e-02	6.992080956711203832e-02
1.023188400188092373e+03	2.758834731378295158e-01	1.784629614744711879e-01	2.374845309341630240e-01	1.424032021809077952e-01	6.872287329016406321e-02	2.705757265517300114e-02	6.998538632710832319e-02
1.024639731252188767e+03	2.756336550701145582e-01	1.783027175009512799e-01	2.376624920731084667e-01	1.425040594061728894e-01	6.876478586468152965e-02	2.708243534101053077e-02	7.004985474377765919e-02
1.026091062316285615e+03	2.753842636650064568e-01	1.781427409749887225e-01	2.378401538760715195e-01	1.426047314028686674e-01	6.880662376976406924e-02	2.710727134929282259e-02	7.011421496182462798e-02
1.027542393380382237e+03	2.751352981897099981e-01	1.779830314494807719e-01	2.380175168444312317e-01	1.427052185572943999e-01	6.884838715392198327e-02	2.713208067891478836e-02	7.017846712606365389e-02
1.028993724444478858e+03	2.748867579127106664e-01	1.778235884780725029e-01	2.381945814787262139e-01	1.428055212546150421e-01	6.889007616535067213e-02	2.715686332892578922e-02	7.024261138141600636e-02
1.030445055508575479e+03	2.746386421037721459e-01	1.776644116151553932e-01	2.383713482786559978e-01	1.429056398788673687e-01	6.893169095193033002e-02	2.718161929852887931e-02	7.030664787290678841e-02
1.031896386572671872e+03	2.743909500339342111e-01	1.775055004158662408e-01	2.385478177430824243e-01	1.430055748129663018e-01	6.897323166122563964e-02	2.720634858708004603e-02	7.037057674566205012e-02
1.033347717636768493e+03	2.741436809755102844e-01	1.773468544360857768e-01	2.387239903700312249e-01	1.431053264387108503e-01	6.901469844048552238e-02	2.723105119408747096e-02	7.043439814490581874e-02
1.034799048700865114e+03	2.738968342020850488e-01	1.771884732324374989e-01	2.388998666566932993e-01	1.432048951367902723e-01	6.905609143664288851e-02	2.725572711921077709e-02	7.049811221595722599e-02
1.036250379764961508e+03	2.736504089885121727e-01	1.770303563622864784e-01	2.390754470994260472e-01	1.433042812867899030e-01	6.909741079631451233e-02	2.728037636226028281e-02	7.056171910422763538e-02
1.037701710829058356e+03	2.734044046109120329e-01	1.768725033837379446e-01	2.392507321937549225e-01	1.434034852671972615e-01	6.913865666580068514e-02	2.730499892319625949e-02	7.062521895521783888e-02
1.039153041893154750e+03	2.731588203466694953e-01	1.767149138556362853e-01	2.394257224343747659e-01	1.435025074554077962e-01	6.917982919108520146e-02	2.732959480212817510e-02	7.068861191451522585e-02
1.040604372957251599e+03	2.729136554744313048e-01	1.765575873375635763e-01	2.396004183151511924e-01	1.436013482277307407e-01	6.922092851783516465e-02	2.735416399931397263e-02	7.075189812779102139e-02
1.042055704021347992e+03	2.726689092741040321e-01	1.764005233898384983e-01	2.397748203291218960e-01	1.437000079593948598e-01	6.926195479140086209e-02	2.737870651515931369e-02	7.081507774079749684e-02
1.043507035085444613e+03	2.724245810268516310e-01	1.762437215735150609e-01	2.399489289684982596e-01	1.437984870245541946e-01	6.930290815681566796e-02	2.740322235021684649e-02	7.087815089936527757e-02
1.044958366149541234e+03	2.721806700150932179e-01	1.760871814503813249e-01	2.401227447246665758e-01	1.438967857962937802e-01	6.934378875879598780e-02	2.742771150518547030e-02	7.094111774940062287e-02
1.046409697213637855e+03	2.719371755225007958e-01	1.759309025829582929e-01	2.402962680881894075e-01	1.439949046466350024e-01	6.938459674174114744e-02	2.745217398090959993e-02	7.100397843688274757e-02
1.047861028277734476e+03	2.716940968339968121e-01	1.757748845344986044e-01	2.404694995488070863e-01	1.440928439465414546e-01	6.942533224973340689e-02	2.747660977837843022e-02	7.106673310786121300e-02
1.049312359341831097e+03	2.714514332357521043e-01	1.756191268689852036e-01	2.406424395954391005e-01	1.441906040659242105e-01	6.946599542653791870e-02	2.750101889872521091e-02	7.112938190845323472e-02
1.050763690405927491e+03	2.712091840151835132e-01	1.754636291511304236e-01	2.408150887161853160e-01	1.442881853736474318e-01	6.950658641560276962e-02	2.752540134322651114e-02	7.119192498484112896e-02
1.052215021470024112e+03	2.709673484609514404e-01	1.753083909463743484e-01	2.409874473983275034e-01	1.443855882375336130e-01	6.954710536005895283e-02	2.754975711330149082e-02	7.125436248326971755e-02
1.053666352534120733e+03	2.707259258629580168e-01	1.751534118208840085e-01	2.411595161283306143e-01	1.444828130243691333e-01	6.958755240272039566e-02	2.757408621051118600e-02	7.131669455004381597e-02
1.055117683598217127e+03	2.704849155123442150e-01	1.749986913415518541e-01	2.413312953918442805e-01	1.445798600999093630e-01	6.962792768608408456e-02	2.759838863655778018e-02	7.137892133152561047e-02
1.056569014662313975e+03	2.702443167014882408e-01	1.748442290759947282e-01	2.415027856737040068e-01	1.446767298288840209e-01	6.966823135233005115e-02	2.762266439328387585e-02	7.144104297413228499e-02
1.058020345726410369e+03	2.700041287240027565e-01	1.746900245925525896e-01	2.416739874579327263e-01	1.447734225750023362e-01	6.970846354332156658e-02	2.764691348267177620e-02	7.150305962433342599e-02
1.059471676790506763e+03	2.697643508747329943e-01	1.745360774602872644e-01	2.418449012277419929e-01	1.448699387009583506e-01	6.974862440060514146e-02	2.767113590684278437e-02	7.156497142864866323e-02
1.060923007854603611e+03	2.695249824497542024e-01	1.743823872489812798e-01	2.420155274655335087e-01	1.449662785684358024e-01	6.978871406541074796e-02	2.769533166805647484e-02	7.162677853364515790e-02
1.062374338918700232e+03	2.692860227463697020e-01	1.742289535291367264e-01	2.421858666529003168e-01	1.450624425381133176e-01	6.982873267865187528e-02	2.771950076870997176e-02	7.168848108593527113e-02
1.063825669982796853e+03	2.690474710631083899e-01	1.740757758719738701e-01	2.423559192706283005e-01	1.451584309696695163e-01	6.986868038092576561e-02	2.774364321133724817e-02	7.175007923217409378e-02
1.065277001046893474e+03	2.688093266997227393e-01	1.739228538494301535e-01	2.425256857986974601e-01	1.452542442217878427e-01	6.990855731251353899e-02	2.776775899860841820e-02	7.181157311905717044e-02
1.066728332110990095e+03	2.685715889571861359e-01	1.737701870341588350e-01	2.426951667162832726e-01	1.453498826521615328e-01	6.994836361338035990e-02	2.779184813332902931e-02	7.187296289331809862e-02
1.068179663175086489e+03	2.683342571376913233e-01	1.736177749995279074e-01	2.428643625017580798e-01	1.454453466174986664e-01	6.998809942317571475e-02	2.781591061843934759e-02	7.193424870172622498e-02
1.069630994239183110e+03	2.680973305446476829e-01	1.734656173196189033e-01	2.430332736326923648e-01	1.455406364735267466e-01	7.002776488123356458e-02	2.783994645701365692e-02	7.199543069108435556e-02
1.071082325303279504e+03	2.678608084826791247e-01	1.733137135692255359e-01	2.432019005858561678e-01	1.456357525749977233e-01	7.006736012657259483e-02	2.786395565225957549e-02	7.205650900822647975e-02
1.072533656367376352e+03	2.676246902576220332e-01	1.731620633238527274e-01	2.433702438372205012e-01	1.457306952756926566e-01	7.010688529789646517e-02	2.788793820751733071e-02	7.211748380001554992e-02
1.073984987431472746e+03	2.673889751765226586e-01	1.730106661597152484e-01	2.435383038619584883e-01	1.458254649284264903e-01	7.014634053359408705e-02	2.791189412625907917e-02	7.217835521334119153e-02
1.075436318495569594e+03	2.671536625476354510e-01	1.728595216537366919e-01	2.437060811344468614e-01	1.459200618850527154e-01	7.018572597173984573e-02	2.793582341208820582e-02	7.223912339511755210e-02
1.076887649559666215e+03	2.669187516804204519e-01	1.727086293835480291e-01	2.438735761282672387e-01	1.460144864964679212e-01	7.022504175009393335e-02	2.795972606873863009e-02	7.229978849228106685e-02
1.078338980623762609e+03	2.666842418855412955e-01	1.725579889274867773e-01	2.440407893162075126e-01	1.461087391126166257e-01	7.026428800610264036e-02	2.798360210007411891e-02	7.236035065178829384e-02
1.079790311687859230e+03	2.664501324748629885e-01	1.724075998645955565e-01	2.442077211702630701e-01	1.462028200824956048e-01	7.030346487689861923e-02	2.800745151008759981e-02	7.242081002061383221e-02
1.081241642751955851e+03	2.662164227614497447e-01	1.722574617746209236e-01	2.443743721616382647e-01	1.462967297541585832e-01	7.034257249930130074e-02	2.803127430290047045e-02	7.248116674574812957e-02
1.082692973816052472e+03	2.659831120595625431e-01	1.721075742380123452e-01	2.445407427607475814e-01	1.463904684747205087e-01	7.038161100981711604e-02	2.805507048276190823e-02	7.254142097419538637e-02
1.084144304880149093e+03	2.657501996846574621e-01	1.719579368359208660e-01	2.447068334372171639e-01	1.464840365903622710e-01	7.042058054463992689e-02	2.807884005404821109e-02	7.260157285297151597e-02
1.085595635944245487e+03	2.655176849533830707e-01	1.718085491501980533e-01	2.448726446598860351e-01	1.465774344463349199e-01	7.045948123965134480e-02	2.810258302126208627e-02	7.266162252910199348e-02
1.087046967008342108e+03	2.652855671835783746e-01	1.716594107633947486e-01	2.450381768968073470e-01	1.466706623869640791e-01	7.049831323042111964e-02	2.812629938903199803e-02	7.272157014961992683e-02
1.088498298072438729e+03	2.650538456942707066e-01	1.715105212587599293e-01	2.452034306152498233e-01	1.467637207556543311e-01	7.053707665220751433e-02	2.814998916211148422e-02	7.278141586156390563e-02
1.089949629136535123e+03	2.648225198056735064e-01	1.713618802202395430e-01	2.453684062816989808e-01	1.468566098948934362e-01	7.057577163995766567e-02	2.817365234537847624e-02	7.284115981197610001e-02
1.091400960200631971e+03	2.645915888391842663e-01	1.712134872324752866e-01	2.455331043618584896e-01	1.469493301462566903e-01	7.061439832830804231e-02	2.819728894383463635e-02	7.290080214790023438e-02
1.092852291264728365e+03	2.643610521173824224e-01	1.710653418808035231e-01	2.456975253206515053e-01	1.470418818504110881e-01	7.065295685158479166e-02	2.822089896260469161e-02	7.296034301637960295e-02
1.094303622328825213e+03	2.641309089640269669e-01	1.709174437512540889e-01	2.458616696222220011e-01	1.471342653471195139e-01	7.069144734380423956e-02	2.824448240693575723e-02	7.301978256445514071e-02
1.095754953392921607e+03	2.639011587040543949e-01	1.707697924305491555e-01	2.460255377299359336e-01	1.472264809752448778e-01	7.072986993867323713e-02	2.826803928219667750e-02	7.307912093916346663e-02
1.097206284457018228e+03	2.636718006635767053e-01	1.706223875061019524e-01	2.461891301063827142e-01	1.473185290727543895e-01	7.076822476958963271e-02	2.829156959387736647e-02	7.313835828753503798e-02
1.098657615521114849e+03	2.634428341698791809e-01	1.704752285660157407e-01	2.463524472133764298e-01	1.474104099767234166e-01	7.080651196964274363e-02	2.831507334758814540e-02	7.319749475659217963e-02
1.100108946585211470e+03	2.632142585514181676e-01	1.703283151990827027e-01	2.465154895119571754e-01	1.475021240233397313e-01	7.084473167161380036e-02	2.833855054905908694e-02	7.325653049334723832e-02
1.101560277649308091e+03	2.629860731378190764e-01	1.701816469947825539e-01	2.466782574623923308e-01	1.475936715479073957e-01	7.088288400797640443e-02	2.836200120413935599e-02	7.331546564480076467e-02
1.103011608713404712e+03	2.627582772598742178e-01	1.700352235432817105e-01	2.468407515241778649e-01	1.476850528848508981e-01	7.092096911089701416e-02	2.838542531879656092e-02	7.337430035793962579e-02
1.104462939777501106e+03	2.625308702495407487e-01	1.698890444354318463e-01	2.470029721560396130e-01	1.477762683677189826e-01	7.095898711223538879e-02	2.840882289911609779e-02	7.343303477973518734e-02
1.105914270841597499e+03	2.623038514399385068e-01	1.697431092627689486e-01	2.471649198159346361e-01	1.478673183291886739e-01	7.099693814354514354e-02	2.843219395130051896e-02	7.349166905714155096e-02
1.107365601905694348e+03	2.620772201653476796e-01	1.695974176175120418e-01	2.473265949610524705e-01	1.479582031010690246e-01	7.103482233607424923e-02	2.845553848166885655e-02	7.355020333709370861e-02
1.108816932969790741e+03	2.618509757612070832e-01	1.694519690925621325e-01	2.474879980478163211e-01	1.480489230143051393e-01	7.107263982076544861e-02	2.847885649665600830e-02	7.360863776650582169e-02
1.110268264033887590e+03	2.616251175641119975e-01	1.693067632815010715e-01	2.476491295318845043e-01	1.481394783989819774e-01	7.111039072825688090e-02	2.850214800281207495e-02	7.366697249226947242e-02
1.111719595097984211e+03	2.613996449118117793e-01	1.691617997785903327e-01	2.478099898681516977e-01	1.482298695843280445e-01	7.114807518888253968e-02	2.852541300680173919e-02	7.372520766125187364e-02
1.113170926162080832e+03	2.611745571432080304e-01	1.690170781787699861e-01	2.479705795107501332e-01	1.483200968987192503e-01	7.118569333267282806e-02	2.854865151540361690e-02	7.378334342029423121e-02
1.114622257226177226e+03	2.609498535983524325e-01	1.688725980776574209e-01	2.481308989130509568e-01	1.484101606696826836e-01	7.122324528935505827e-02	2.857186353550961525e-02	7.384137991620996766e-02
1.116073588290273847e+03	2.607255336184445826e-01	1.687283590715463188e-01	2.482909485276654504e-01	1.485000612239002760e-01	7.126073118835406228e-02	2.859504907412432212e-02	7.389931729578308461e-02
1.117524919354370468e+03	2.605015965458301608e-01	1.685843607574055436e-01	2.484507288064464470e-01	1.485897988872124376e-01	7.129815115879267751e-02	2.861820813836435731e-02	7.395715570576646969e-02
1.118976250418467089e+03	2.602780417239986543e-01	1.684406027328778921e-01	2.486102402004894130e-01	1.486793739846218321e-01	7.133550532949232970e-02	2.864134073545775497e-02	7.401489529288028668e-02
1.120427581482563710e+03	2.600548684975812486e-01	1.682970845962790951e-01	2.487694831601337531e-01	1.487687868402968738e-01	7.137279382897361579e-02	2.866444687274333561e-02	7.407253620381028247e-02
1.121878912546660331e+03	2.598320762123488836e-01	1.681538059465965962e-01	2.489284581349642256e-01	1.488580377775753916e-01	7.141001678545683129e-02	2.868752655767007817e-02	7.413007858520619109e-02
1.123330243610756725e+03	2.596096642152100897e-01	1.680107663834885245e-01	2.490871655738121082e-01	1.489471271189682366e-01	7.144717432686256697e-02	2.871057979779650243e-02	7.418752258368016550e-02
1.124781574674853118e+03	2.593876318542090997e-01	1.678679655072825017e-01	2.492456059247564193e-01	1.490360551861627247e-01	7.148426658081227791e-02	2.873360660079005494e-02	7.424486834580514005e-02
1.126232905738949967e+03	2.591659784785235732e-01	1.677254029189744478e-01	2.494037796351253056e-01	1.491248223000262441e-01	7.152129367462889409e-02	2.875660697442649141e-02	7.430211601811326227e-02
1.127684236803046360e+03	2.589447034384627089e-01	1.675830782202276381e-01	2.495616871514971247e-01	1.492134287806096693e-01	7.155825573533740325e-02	2.877958092658925576e-02	7.435926574709436632e-02
1.129135567867143209e+03	2.587238060854652466e-01	1.674409910133714541e-01	2.497193289197019439e-01	1.493018749471509143e-01	7.159515288966540603e-02	2.880252846526887636e-02	7.441631767919441864e-02
1.130586898931239830e+03	2.585032857720970800e-01	1.672991409014003839e-01	2.498767053848225117e-01	1.493901611180782352e-01	7.163198526404378208e-02	2.882544959856235198e-02	7.447327196081396372e-02
1.132038229995336451e+03	2.582831418520496469e-01	1.671575274879727180e-01	2.500338169911957564e-01	1.494782876110137548e-01	7.166875298460724519e-02	2.884834433467255155e-02	7.453012873830665297e-02
1.133489561059432845e+03	2.580633736801375977e-01	1.670161503774097167e-01	2.501906641824139244e-01	1.495662547427767941e-01	7.170545617719498166e-02	2.887121268190759663e-02	7.458688815797773208e-02
1.134940892123529466e+03	2.578439806122969635e-01	1.668750091746941944e-01	2.503472474013258009e-01	1.496540628293872299e-01	7.174209496735127478e-02	2.889405464868027157e-02	7.464355036608254224e-02
1.136392223187626087e+03	2.576249620055830469e-01	1.667341034854696313e-01	2.505035670900381262e-01	1.497417121860688538e-01	7.177866948032610162e-02	2.891687024350741986e-02	7.470011550882507678e-02
1.137843554251722708e+03	2.574063172181683123e-01	1.665934329160390082e-01	2.506596236899165664e-01	1.498292031272527025e-01	7.181517984107574359e-02	2.893965947500934735e-02	7.475658373235653797e-02
1.139294885315819101e+03	2.571880456093404987e-01	1.664529970733636954e-01	2.508154176415873238e-01	1.499165359665801944e-01	7.185162617426348042e-02	2.896242235190921860e-02	7.481295518277382428e-02
1.140746216379915950e+03	2.569701465395005657e-01	1.663127955650623158e-01	2.509709493849379136e-01	1.500037110169065713e-01	7.188800860426014516e-02	2.898515888303248439e-02	7.486923000611819812e-02
1.142197547444012343e+03	2.567526193701607506e-01	1.661728279994097168e-01	2.511262193591188296e-01	1.500907285903040622e-01	7.192432725514483205e-02	2.900786907730626071e-02	7.492540834837382868e-02
1.143648878508108737e+03	2.565354634639423481e-01	1.660330939853358334e-01	2.512812280025444323e-01	1.501775889980650203e-01	7.196058225070547931e-02	2.903055294375876672e-02	7.498149035546640417e-02
1.145100209572205586e+03	2.563186781845738782e-01	1.658935931324245217e-01	2.514359757528945583e-01	1.502642925507051974e-01	7.199677371443954921e-02	2.905321049151872795e-02	7.503747617326175789e-02
1.146551540636302207e+03	2.561022628968891435e-01	1.657543250509126986e-01	2.515904630471155756e-01	1.503508395579669366e-01	7.203290176955468027e-02	2.907584172981478657e-02	7.509336594756448047e-02
1.148002871700398828e+03	2.558862169668251196e-01	1.656152893516888991e-01	2.517446903214213827e-01	1.504372303288221691e-01	7.206896653896928406e-02	2.909844666797493581e-02	7.514915982411657369e-02
1.149454202764495449e+03	2.556705397614198461e-01	1.654764856462924705e-01	2.518986580112949625e-01	1.505234651714756622e-01	7.210496814531329457e-02	2.912102531542592673e-02	7.520485794859610440e-02
1.150905533828591842e+03	2.554552306488108715e-01	1.653379135469124073e-01	2.520523665514895484e-01	1.506095443933680722e-01	7.214090671092875107e-02	2.914357768169269225e-02	7.526046046661588607e-02
1.152356864892688463e+03	2.552402889982327561e-01	1.651995726663861852e-01	2.522058163760297345e-01	1.506954683011790808e-01	7.217678235787047814e-02	2.916610377639778512e-02	7.531596752372217429e-02
1.153808195956785084e+03	2.550257141800155170e-01	1.650614626181987898e-01	2.523590079182128632e-01	1.507812372008302537e-01	7.221259520790679343e-02	2.918860360926078812e-02	7.537137926539332067e-02
1.155259527020881706e+03	2.548115055655822414e-01	1.649235830164814953e-01	2.525119416106099690e-01	1.508668513974882330e-01	7.224834538252007665e-02	2.921107719009775894e-02	7.542669583703853764e-02
1.156710858084978327e+03	2.545976625274475325e-01	1.647859334760109762e-01	2.526646178850672775e-01	1.509523111955678176e-01	7.228403300290756062e-02	2.923352452882065772e-02	7.548191738399656625e-02
1.158162189149074720e+03	2.543841844392151774e-01	1.646485136122080584e-01	2.528170371727072596e-01	1.510376168987346557e-01	7.231965818998190021e-02	2.925594563543677112e-02	7.553704405153446877e-02
1.159613520213171569e+03	2.541710706755765936e-01	1.645113230411367200e-01	2.529691999039300754e-01	1.511227688099085198e-01	7.235522106437192180e-02	2.927834052004816764e-02	7.559207598484635193e-02
1.161064851277267962e+03	2.539583206123083858e-01	1.643743613795030090e-01	2.531211065084144063e-01	1.512077672312660548e-01	7.239072174642327551e-02	2.930070919285112166e-02	7.564701332905209019e-02
1.162516182341364356e+03	2.537459336262708476e-01	1.642376282446539049e-01	2.532727574151188987e-01	1.512926124642437753e-01	7.242616035619911519e-02	2.932305166413556180e-02	7.570185622919621549e-02
1.163967513405461204e+03	2.535339090954056296e-01	1.641011232545763476e-01	2.534241530522835517e-01	1.513773048095409801e-01	7.246153701348076459e-02	2.934536794428450890e-02	7.575660483024655723e-02
1.165418844469557826e+03	2.533222463987340745e-01	1.639648460278960718e-01	2.535752938474304385e-01	1.514618445671225833e-01	7.249685183776845288e-02	2.936765804377353128e-02	7.581125927709314594e-02
1.166870175533654447e+03	2.531109449163551628e-01	1.638287961838766349e-01	2.537261802273654276e-01	1.515462320362220006e-01	7.253210494828191135e-02	2.938992197317018967e-02	7.586581971454697815e-02
1.168321506597751068e+03	2.529000040294435148e-01	1.636929733424182520e-01	2.538768126181790707e-01	1.516304675153439530e-01	7.256729646396115063e-02	2.941215974313348552e-02	7.592028628733885065e-02
1.169772837661847461e+03	2.526894231202475027e-01	1.635573771240568519e-01	2.540271914452478241e-01	1.517145513022674086e-01	7.260242650346715454e-02	2.943437136441331287e-02	7.597465914011822252e-02
1.171224168725944082e+03	2.524792015720874749e-01	1.634220071499628002e-01	2.541773171332353809e-01	1.517984836940482196e-01	7.263749518518250459e-02	2.945655684784990666e-02	7.602893841745199388e-02
1.172675499790040703e+03	2.522693387693534794e-01	1.632868630419401224e-01	2.543271901060938367e-01	1.518822649870219810e-01	7.267250262721211551e-02	2.947871620437331891e-02	7.608312426382345117e-02
1.174126830854137097e+03	2.520598340975037099e-01	1.631519444224252546e-01	2.544768107870646334e-01	1.519658954768068615e-01	7.270744894738390141e-02	2.950084944500286355e-02	7.613721682363105980e-02
1.175578161918233945e+03	2.518506869430622852e-01	1.630172509144860171e-01	2.546261795986801690e-01	1.520493754583062129e-01	7.274233426324953899e-02	2.952295658084658214e-02	7.619121624118742331e-02
1.177029492982330339e+03	2.516418966936175838e-01	1.628827821418205590e-01	2.547752969627647412e-01	1.521327052257114010e-01	7.277715869208511990e-02	2.954503762310070267e-02	7.624512266071807598e-02
1.178480824046426733e+03	2.514334627378202458e-01	1.627485377287563040e-01	2.549241633004356578e-01	1.522158850725044976e-01	7.281192235089183062e-02	2.956709258304911908e-02	7.629893622636048367e-02
1.179932155110523581e+03	2.512253844653810630e-01	1.626145173002489508e-01	2.550727790321046795e-01	1.522989152914609179e-01	7.284662535639671588e-02	2.958912147206284662e-02	7.635265708216293357e-02
1.181383486174620202e+03	2.510176612670694252e-01	1.624807204818813633e-01	2.552211445774789644e-01	1.523817961746520844e-01	7.288126782505331691e-02	2.961112430159950140e-02	7.640628537208343785e-02
1.182834817238716823e+03	2.508102925347110990e-01	1.623471468998625433e-01	2.553692603555625107e-01	1.524645280134481473e-01	7.291584987304243481e-02	2.963310108320276262e-02	7.645982123998865121e-02
1.184286148302813444e+03	2.506032776611865631e-01	1.622137961810265205e-01	2.555171267846569338e-01	1.525471110985206491e-01	7.295037161627279665e-02	2.965505182850185911e-02	7.651326482965289943e-02
1.185737479366910065e+03	2.503966160404289543e-01	1.620806679528314642e-01	2.556647442823629657e-01	1.526295457198449668e-01	7.298483317038177709e-02	2.967697654921104197e-02	7.656661628475708303e-02
1.187188810431006686e+03	2.501903070674221796e-01	1.619477618433584620e-01	2.558121132655816199e-01	1.527118321667031153e-01	7.301923465073610620e-02	2.969887525712906068e-02	7.661987574888763641e-02
1.188640141495103080e+03	2.499843501381992517e-01	1.618150774813106041e-01	2.559592341505153579e-01	1.527939707276862180e-01	7.305357617243254942e-02	2.972074796413865655e-02	7.667304336553555644e-02
1.190091472559199701e+03	2.497787446498402064e-01	1.616826144960118172e-01	2.561061073526690879e-01	1.528759616906970598e-01	7.308785785029867088e-02	2.974259468220602498e-02	7.672611927809534771e-02
1.191542803623296322e+03	2.495734900004702161e-01	1.615503725174059491e-01	2.562527332868514418e-01	1.529578053429527240e-01	7.312207979889349951e-02	2.976441542338032972e-02	7.677910362986406501e-02
1.192994134687392716e+03	2.493685855892577574e-01	1.614183511760557410e-01	2.563991123671759964e-01	1.530395019709870352e-01	7.315624213250827845e-02	2.978621019979317205e-02	7.683199656404028632e-02
1.194445465751489564e+03	2.491640308164128070e-01	1.612865501031416349e-01	2.565452450070623835e-01	1.531210518606531124e-01	7.319034496516713117e-02	2.980797902365808077e-02	7.688479822372321082e-02
1.195896796815585958e+03	2.489598250831848436e-01	1.611549689304609123e-01	2.566911316192374004e-01	1.532024552971258946e-01	7.322438841062779702e-02	2.982972190727000913e-02	7.693750875191157634e-02
1.197348127879682352e+03	2.487559677918610435e-01	1.610236072904265292e-01	2.568367726157362863e-01	1.532837125649045562e-01	7.325837258238233896e-02	2.985143886300484217e-02	7.699012829150281290e-02
1.198799458943779200e+03	2.485524583457645043e-01	1.608924648160661997e-01	2.569821684079039437e-01	1.533648239478150321e-01	7.329229759365785135e-02	2.987312990331887630e-02	7.704265698529201567e-02
1.200250790007875821e+03	2.483492961492522744e-01	1.607615411410212858e-01	2.571273194063958267e-01	1.534457897290124606e-01	7.332616355741718162e-02	2.989479504074832317e-02	7.709509497597107075e-02
1.201702121071972442e+03	2.481464806077134932e-01	1.606308358995458263e-01	2.572722260211793288e-01	1.535266101909835701e-01	7.335997058635966572e-02	2.991643428790881354e-02	7.714744240612769755e-02
1.203153452136069063e+03	2.479440111275676151e-01	1.605003487265054540e-01	2.574168886615348373e-01	1.536072856155491773e-01	7.339371879292180822e-02	2.993804765749490115e-02	7.719969941824453286e-02
1.204604783200165684e+03	2.477418871162625769e-01	1.603700792573764522e-01	2.575613077360570657e-01	1.536878162838664907e-01	7.342740828927796226e-02	2.995963516227957008e-02	7.725186615469824269e-02
1.206056114264262078e+03	2.475401079822728556e-01	1.602400271282446165e-01	2.577054836526558312e-01	1.537682024764315813e-01	7.346103918734114835e-02	2.998119681511373508e-02	7.730394275775860635e-02
1.207507445328358699e+03	2.473386731350976642e-01	1.601101919758043390e-01	2.578494168185574975e-01	1.538484444730817968e-01	7.349461159876365113e-02	3.000273262892575940e-02	7.735592936958762822e-02
1.208958776392455093e+03	2.471375819852592581e-01	1.599805734373575539e-01	2.579931076403061962e-01	1.539285425529979823e-01	7.352812563493781040e-02	3.002424261672096903e-02	7.740782613223864961e-02
1.210410107456551941e+03	2.469368339443007987e-01	1.598511711508127375e-01	2.581365565237645487e-01	1.540084969947068949e-01	7.356158140699672887e-02	3.004572679158114962e-02	7.745963318765552996e-02
1.211861438520648335e+03	2.467364284247848261e-01	1.597219847546838267e-01	2.582797638741153867e-01	1.540883080760835355e-01	7.359497902581493833e-02	3.006718516666408159e-02	7.751135067767174480e-02
1.213312769584745183e+03	2.465363648402913443e-01	1.595930138880893301e-01	2.584227300958623630e-01	1.541679760743535355e-01	7.362831860200914902e-02	3.008861775520305787e-02	7.756297874400953918e-02
1.214764100648841804e+03	2.463366426054158786e-01	1.594642581907511902e-01	2.585654555928315057e-01	1.542475012660952938e-01	7.366160024593895739e-02	3.011002457050639819e-02	7.761451752827909500e-02
1.216215431712937971e+03	2.461372611357677820e-01	1.593357173029938678e-01	2.587079407681720511e-01	1.543268839272423920e-01	7.369482406770755389e-02	3.013140562595696681e-02	7.766596717197769839e-02
1.217666762777034819e+03	2.459382198479684034e-01	1.592073908657432590e-01	2.588501860243577757e-01	1.544061243330858146e-01	7.372799017716247238e-02	3.015276093501170415e-02	7.771732781648893473e-02
1.219118093841131440e+03	2.457395181596493117e-01	1.590792785205256965e-01	2.589921917631879955e-01	1.544852227582761972e-01	7.376109868389624236e-02	3.017409051120115843e-02	7.776859960308184216e-02
1.220569424905228061e+03	2.455411554894503523e-01	1.589513799094670610e-01	2.591339583857886764e-01	1.545641794768261856e-01	7.379414969724709672e-02	3.019539436812899991e-02	7.781978267291007889e-02
1.222020755969324682e+03	2.453431312570179823e-01	1.588236946752916157e-01	2.592754862926138770e-01	1.546429947621124346e-01	7.382714332629976284e-02	3.021667251947157337e-02	7.787087716701127094e-02
1.223472087033421303e+03	2.451454448830034105e-01	1.586962224613210626e-01	2.594167758834464155e-01	1.547216688868780499e-01	7.386007967988611478e-02	3.023792497897741238e-02	7.792188322630604069e-02
1.224923418097517697e+03	2.449480957890608490e-01	1.585689629114736543e-01	2.595578275573994231e-01	1.548002021232346426e-01	7.389295886658588108e-02	3.025915176046678132e-02	7.797280099159734079e-02
1.226374749161614318e+03	2.447510833978455980e-01	1.584419156702629727e-01	2.596986417129170666e-01	1.548785947426646603e-01	7.392578099472738029e-02	3.028035287783121393e-02	7.802363060356963531e-02
1.227826080225710712e+03	2.445544071330124081e-01	1.583150803827971798e-01	2.598392187477761572e-01	1.549568470160233580e-01	7.395854617238820095e-02	3.030152834503305193e-02	7.807437220278820589e-02
1.229277411289807560e+03	2.443580664192136487e-01	1.581884566947778514e-01	2.599795590590865957e-01	1.550349592135412125e-01	7.399125450739592325e-02	3.032267817610499044e-02	7.812502592969833293e-02
1.230728742353903954e+03	2.441620606820974759e-01	1.580620442524990343e-01	2.601196630432932033e-01	1.551129316048258655e-01	7.402390610732886844e-02	3.034380238514961317e-02	7.817559192462453233e-02
1.232180073418000802e+03	2.439663893483060286e-01	1.579358427028462741e-01	2.602595310961763331e-01	1.551907644588643720e-01	7.405650107951672334e-02	3.036490098633894130e-02	7.822607032776990321e-02
1.233631404482097196e+03	2.437710518454738462e-01	1.578098516932955886e-01	2.603991636128533127e-01	1.552684580440252260e-01	7.408903953104130358e-02	3.038597399391398252e-02	7.827646127921533692e-02
1.235082735546193817e+03	2.435760476022257870e-01	1.576840708719125239e-01	2.605385609877793329e-01	1.553460126280606091e-01	7.412152156873724751e-02	3.040702142218428342e-02	7.832676491891882309e-02
1.236534066610290438e+03	2.433813760481755295e-01	1.575584998873511278e-01	2.606777236147486687e-01	1.554234284781083886e-01	7.415394729919275174e-02	3.042804328552747156e-02	7.837698138671470027e-02
1.237985397674387059e+03	2.431870366139237405e-01	1.574331383888529778e-01	2.608166518868956785e-01	1.555007058606942272e-01	7.418631682875019562e-02	3.044903959838882179e-02	7.842711082231298980e-02
1.239436728738483680e+03	2.429930287310561876e-01	1.573079860262462104e-01	2.609553461966961363e-01	1.555778450417336922e-01	7.421863026350690451e-02	3.047001037528079825e-02	7.847715336529871577e-02
1.240888059802580301e+03	2.427993518321421296e-01	1.571830424499445766e-01	2.610938069359680092e-01	1.556548462865342541e-01	7.425088770931585758e-02	3.049095563078262419e-02	7.852710915513118339e-02
1.242339390866676695e+03	2.426060053507325120e-01	1.570583073109463323e-01	2.612320344958729001e-01	1.557317098597973959e-01	7.428308927178635390e-02	3.051187537953983786e-02	7.857697833114328512e-02
1.243790721930773088e+03	2.424129887213582191e-01	1.569337802608334054e-01	2.613700292669169367e-01	1.558084360256206113e-01	7.431523505628473414e-02	3.053276963626385190e-02	7.862676103254087612e-02
1.245242052994869937e+03	2.422203013795282966e-01	1.568094609517703408e-01	2.615077916389518808e-01	1.558850250474994592e-01	7.434732516793507440e-02	3.055363841573150580e-02	7.867645739840206653e-02
1.246693384058966330e+03	2.420279427617282320e-01	1.566853490365033852e-01	2.616453220011763503e-01	1.559614771883295337e-01	7.437935971161989401e-02	3.057448173278466338e-02	7.872606756767658309e-02
1.248144715123063179e+03	2.418359123054182047e-01	1.565614441683594316e-01	2.617826207421367624e-01	1.560377927104085738e-01	7.441133879198083556e-02	3.059529960232974452e-02	7.877559167918513072e-02
1.249596046187159800e+03	2.416442094490313386e-01	1.564377460012450760e-01	2.619196882497286105e-01	1.561139718754383510e-01	7.444326251341935874e-02	3.061609203933731913e-02	7.882502987161872643e-02
1.251047377251256421e+03	2.414528336319720081e-01	1.563142541896457016e-01	2.620565249111972417e-01	1.561900149445265840e-01	7.447513098009744814e-02	3.063685905884166658e-02	7.887438228353808867e-02
1.252498708315352815e+03	2.412617842946140623e-01	1.561909683886244515e-01	2.621931311131394660e-01	1.562659221781891317e-01	7.450694429593832102e-02	3.065760067594035590e-02	7.892364905337298508e-02
1.253950039379449436e+03	2.410710608782991593e-01	1.560678882538212575e-01	2.623295072415041118e-01	1.563416938363517694e-01	7.453870256462706567e-02	3.067831690579381210e-02	7.897283031942164966e-02
1.255401370443546057e+03	2.408806628253349347e-01	1.559450134414519240e-01	2.624656536815933028e-01	1.564173301783522152e-01	7.457040588961141858e-02	3.069900776362490674e-02	7.902192621985014431e-02
1.256852701507642678e+03	2.406905895789933636e-01	1.558223436083071844e-01	2.626015708180637342e-01	1.564928314629419615e-01	7.460205437410236118e-02	3.071967326471852083e-02	7.907093689269170667e-02
1.258304032571739299e+03	2.405008405835090679e-01	1.556998784117516188e-01	2.627372590349273951e-01	1.565681979482884123e-01	7.463364812107485535e-02	3.074031342442114234e-02	7.911986247584626430e-02
1.259755363635835920e+03	2.403114152840775397e-01	1.555776175097228209e-01	2.628727187155531220e-01	1.566434298919765489e-01	7.466518723326856510e-02	3.076092825814043946e-02	7.916870310707975478e-02
1.261206694699932314e+03	2.401223131268534206e-01	1.554555605607303437e-01	2.630079502426672100e-01	1.567185275510109832e-01	7.469667181318848104e-02	3.078151778134484429e-02	7.921745892402357048e-02
1.262658025764028707e+03	2.399335335589488361e-01	1.553337072238548389e-01	2.631429539983546340e-01	1.567934911818177901e-01	7.472810196310562814e-02	3.080208200956314687e-02	7.926613006417397578e-02
1.264109356828125556e+03	2.397450760284316196e-01	1.552120571587470022e-01	2.632777303640604361e-01	1.568683210402464223e-01	7.475947778505773189e-02	3.082262095838408239e-02	7.931471666489155192e-02
1.265560687892221949e+03	2.395569399843237857e-01	1.550906100256267128e-01	2.634122797205903366e-01	1.569430173815716256e-01	7.479079938084995383e-02	3.084313464345591130e-02	7.936321886340061416e-02
1.267012018956318798e+03	2.393691248765996149e-01	1.549693654852819513e-01	2.635466024481120662e-01	1.570175804604951597e-01	7.482206685205551600e-02	3.086362308048602385e-02	7.941163679678865661e-02
1.268463350020415419e+03	2.391816301561841274e-01	1.548483231990680498e-01	2.636806989261562539e-01	1.570920105311477966e-01	7.485328030001640875e-02	3.088408628524053762e-02	7.945997060200583884e-02
1.269914681084511813e+03	2.389944552749512507e-01	1.547274828289065540e-01	2.638145695336178709e-01	1.571663078470910968e-01	7.488443982584402914e-02	3.090452427354387424e-02	7.950822041586436129e-02
1.271366012148608434e+03	2.388075996857222660e-01	1.546068440372843911e-01	2.639482146487568404e-01	1.572404726613192139e-01	7.491554553041994413e-02	3.092493706127838471e-02	7.955638637503803512e-02
1.272817343212705055e+03	2.386210628422640312e-01	1.544864064872528142e-01	2.640816346491994260e-01	1.573145052262607813e-01	7.494659751439645967e-02	3.094532466438392956e-02	7.960446861606167157e-02
1.274268674276801676e+03	2.384348441992873158e-01	1.543661698424265705e-01	2.642148299119391752e-01	1.573884057937806336e-01	7.497759587819735616e-02	3.096568709885747644e-02	7.965246727533058235e-02
1.275720005340898297e+03	2.382489432124452189e-01	1.542461337669829291e-01	2.643478008133379187e-01	1.574621746151816937e-01	7.500854072201856848e-02	3.098602438075272886e-02	7.970038248910008005e-02
1.277171336404994690e+03	2.380633593383313096e-01	1.541262979256607379e-01	2.644805477291269913e-01	1.575358119412067215e-01	7.503943214582882437e-02	3.100633652617970984e-02	7.974821439348492302e-02
1.278622667469091539e+03	2.378780920344780170e-01	1.540066619837593687e-01	2.646130710344081205e-01	1.576093180220401457e-01	7.507027024937029669e-02	3.102662355130436644e-02	7.979596312445891293e-02
1.280073998533187932e+03	2.376931407593551870e-01	1.538872256071380229e-01	2.647453711036544810e-01	1.576826931073097293e-01	7.510105513215935280e-02	3.104688547234820892e-02	7.984362881785425636e-02
1.281525329597284326e+03	2.375085049723680564e-01	1.537679884622145388e-01	2.648774483107120825e-01	1.577559374460884012e-01	7.513178689348710970e-02	3.106712230558788049e-02	7.989121160936114852e-02
1.282976660661381175e+03	2.373241841338558644e-01	1.536489502159646137e-01	2.650093030288003804e-01	1.578290512868960604e-01	7.516246563242019729e-02	3.108733406735480001e-02	7.993871163452732909e-02
1.284427991725477568e+03	2.371401777050900495e-01	1.535301105359208051e-01	2.651409356305134968e-01	1.579020348777012139e-01	7.519309144780134124e-02	3.110752077403477339e-02	7.998612902875751329e-02
1.285879322789574417e+03	2.369564851482726109e-01	1.534114690901717259e-01	2.652723464878213866e-01	1.579748884659228081e-01	7.522366443825007076e-02	3.112768244206759113e-02	8.003346392731300329e-02
1.287330653853671038e+03	2.367731059265345828e-01	1.532930255473608783e-01	2.654035359720706699e-01	1.580476122984318665e-01	7.525418470216339861e-02	3.114781908794666751e-02	8.008071646531111920e-02
1.288781984917767431e+03	2.365900395039341741e-01	1.531747795766859321e-01	2.655345044539859090e-01	1.581202066215532664e-01	7.528465233771639009e-02	3.116793072821865199e-02	8.012788677772486601e-02
1.290233315981864052e+03	2.364072853454553258e-01	1.530567308478976707e-01	2.656652523036704960e-01	1.581926716810673761e-01	7.531506744286291244e-02	3.118801737948304759e-02	8.017497499938237848e-02
