1.001418434226643626e+03	2.796907689288583021e-01	1.808891224651267005e-01	2.347861976443238741e-01	1.408573609978627239e-01	6.809796796785015649e-02	2.668109469588681587e-02	6.899748729990738683e-02
1.003837319333471214e+03	2.792638755833140030e-01	1.806153784379988803e-01	2.350902560840008038e-01	1.410299786973421288e-01	6.816979017351001979e-02	2.672317225450673503e-02	6.910754876914340650e-02
1.006256204440298802e+03	2.788381966927160338e-01	1.803423956784921123e-01	2.353934625066383957e-01	1.412020669110661819e-01	6.824139802640449837e-02	2.676517587764128819e-02	6.921730430685744950e-02
1.008675089547126618e+03	2.784137287817007866e-01	1.800701720661700422e-01	2.356958192899696047e-01	1.413736274961877593e-01	6.831279224041063303e-02	2.680710554980004351e-02	6.932675457557707643e-02
1.011093974653954206e+03	2.779904683850301095e-01	1.797987054865049505e-01	2.359973288050864759e-01	1.415446623005002791e-01	6.838397352698966092e-02	2.684896125676179343e-02	6.943590023894273544e-02
1.013512859760782021e+03	2.775684120475604422e-01	1.795279938308612655e-01	2.362979934164588236e-01	1.417151731625283517e-01	6.845494259517727331e-02	2.689074298556468068e-02	6.954474196166522681e-02
1.015931744867609382e+03	2.771475563242120077e-01	1.792580349964791875e-01	2.365978154819526613e-01	1.418851619116172080e-01	6.852570015157481709e-02	2.693245072449631031e-02	6.965328040948391697e-02
1.018350629974437197e+03	2.767278977799381701e-01	1.789888268864582577e-01	2.368967973528487703e-01	1.420546303680202682e-01	6.859624690034113459e-02	2.697408446308389648e-02	6.976151624912557692e-02
1.020769515081264785e+03	2.763094329896949586e-01	1.787203674097411210e-01	2.371949413738611567e-01	1.422235803429854617e-01	6.866658354318512514e-02	2.701564419208445436e-02	6.986945014826387301e-02
1.023188400188092373e+03	2.758921585384103703e-01	1.784526544810970394e-01	2.374922498831552042e-01	1.423920136388399926e-01	6.873671077935901430e-02	2.705712990347499541e-02	6.997708277547952382e-02
1.025607285294920075e+03	2.754760710209542274e-01	1.781856860211058768e-01	2.377887252123663531e-01	1.425599320490737176e-01	6.880662930565227542e-02	2.709854159044274707e-02	7.008441480022102599e-02
1.028026170401747549e+03	2.750611670421076460e-01	1.779194599561417234e-01	2.380843696866180859e-01	1.427273373584210248e-01	6.887633981638613401e-02	2.713987924737543481e-02	7.019144689276615723e-02
1.030445055508575479e+03	2.746474432165331714e-01	1.776539742183568804e-01	2.383791856245402463e-01	1.428942313429416855e-01	6.894584300340880767e-02	2.718114286985156072e-02	7.029817972418389571e-02
1.032863940615402726e+03	2.742348961687444131e-01	1.773892267456655958e-01	2.386731753382873022e-01	1.430606157700999026e-01	6.901513955609123174e-02	2.722233245463072382e-02	7.040461396629713042e-02
1.035282825722230655e+03	2.738235225330761247e-01	1.771252154817281876e-01	2.389663411335562759e-01	1.432264923988424976e-01	6.908423016132342331e-02	2.726344799964398533e-02	7.051075029164581565e-02
1.037701710829058356e+03	2.734133189536543940e-01	1.768619383759348629e-01	2.392586853096050348e-01	1.433918629796755717e-01	6.915311550351140035e-02	2.730448950398426528e-02	7.061658937345079157e-02
1.040120595935886058e+03	2.730042820843668894e-01	1.765993933833897855e-01	2.395502101592701660e-01	1.435567292547400009e-01	6.922179626457460044e-02	2.734545696789674948e-02	7.072213188557821550e-02
1.042539481042713533e+03	2.725964085888329946e-01	1.763375784648952282e-01	2.398409179689848791e-01	1.437210929578857377e-01	6.929027312394385463e-02	2.738635039276936592e-02	7.082737850250436784e-02
1.044958366149541234e+03	2.721896951403743325e-01	1.760764915869355851e-01	2.401308110187971856e-01	1.438849558147448637e-01	6.935854675855987472e-02	2.742716978112327494e-02	7.093232989928126286e-02
1.047377251256368709e+03	2.717841384219853440e-01	1.758161307216616065e-01	2.404198915823874683e-01	1.440483195428035879e-01	6.942661784287217086e-02	2.746791513660341161e-02	7.103698675150271757e-02
1.049796136363196410e+03	2.713797351263038116e-01	1.755564938468745506e-01	2.407081619270865225e-01	1.442111858514730505e-01	6.949448704883851025e-02	2.750858646396905915e-02	7.114134973527080907e-02
1.052215021470024112e+03	2.709764819555814941e-01	1.752975789460104739e-01	2.409956243138932086e-01	1.443735564421588513e-01	6.956215504592472287e-02	2.754918376908445724e-02	7.124541952716313686e-02
1.054633906576851814e+03	2.705743756216549278e-01	1.750393840081244656e-01	2.412822809974921878e-01	1.445354330083298278e-01	6.962962250110511786e-02	2.758970705890946215e-02	7.134919680420034882e-02
1.057052791683679516e+03	2.701734128459165052e-01	1.747819070278750220e-01	2.415681342262716025e-01	1.446968172355854731e-01	6.969689007886313570e-02	2.763015634149024180e-02	7.145268224381434718e-02
1.059471676790506763e+03	2.697735903592852758e-01	1.745251460055084192e-01	2.418531862423406731e-01	1.448577108017225501e-01	6.976395844119247236e-02	2.767053162595000532e-02	7.155587652381693864e-02
1.061890561897334692e+03	2.693749049021780806e-01	1.742690989468431706e-01	2.421374392815473786e-01	1.450181153768003994e-01	6.983082824759867524e-02	2.771083292247978822e-02	7.165878032236894235e-02
1.064309447004162394e+03	2.689773532244806309e-01	1.740137638632544004e-01	2.424208955734957205e-01	1.451780326232055551e-01	6.989750015510097503e-02	2.775106024232927224e-02	7.176139431794989476e-02
1.066728332110990095e+03	2.685809320855190307e-01	1.737591387716584668e-01	2.427035573415634584e-01	1.453374641957151381e-01	6.996397481823457554e-02	2.779121359779764336e-02	7.186371918932811520e-02
1.069147217217817570e+03	2.681856382540310224e-01	1.735052216944974190e-01	2.429854268029194297e-01	1.454964117415594727e-01	7.003025288905329049e-02	2.783129300222450531e-02	7.196575561553135436e-02
1.071566102324645271e+03	2.677914685081372315e-01	1.732520106597236487e-01	2.432665061685408692e-01	1.456548769004835653e-01	7.009633501713248560e-02	2.787129846998083471e-02	7.206750427581784524e-02
1.073984987431472746e+03	2.673984196353130782e-01	1.729995037007845404e-01	2.435467976432308668e-01	1.458128613048079725e-01	7.016222184957229824e-02	2.791123001645997095e-02	7.216896584964779815e-02
1.076403872538300675e+03	2.670064884323603560e-01	1.727476988566070681e-01	2.438263034256353823e-01	1.459703665794883920e-01	7.022791403100131502e-02	2.795108765806866152e-02	7.227014101665538148e-02
1.078822757645127922e+03	2.666156717053786429e-01	1.724965941715826123e-01	2.441050257082608421e-01	1.461273943421747545e-01	7.029341220358041598e-02	2.799087141221815248e-02	7.237103045662116041e-02
1.081241642751955851e+03	2.662259662697374907e-01	1.722461876955517501e-01	2.443829666774910148e-01	1.462839462032690940e-01	7.035871700700695175e-02	2.803058129731531706e-02	7.247163484944497969e-02
1.083660527858783553e+03	2.658373689500483916e-01	1.719964774837888788e-01	2.446601285136042192e-01	1.464400237659828907e-01	7.042382907851918450e-02	2.807021733275383985e-02	7.257195487511920728e-02
1.086079412965611255e+03	2.654498765801365789e-01	1.717474615969872831e-01	2.449365133907904502e-01	1.465956286263933872e-01	7.048874905290104798e-02	2.810977953890544598e-02	7.267199121370243597e-02
1.088498298072438729e+03	2.650634860030131046e-01	1.714991381012438698e-01	2.452121234771684477e-01	1.467507623734992106e-01	7.055347756248708802e-02	2.814926793711117550e-02	7.277174454529368453e-02
1.090917183179266431e+03	2.646781940708473058e-01	1.712515050680442907e-01	2.454869609348025727e-01	1.469054265892750788e-01	7.061801523716770834e-02	2.818868254967269588e-02	7.287121555000687645e-02
1.093336068286093905e+03	2.642939976449391049e-01	1.710045605742477048e-01	2.457610279197197933e-01	1.470596228487258128e-01	7.068236270439463842e-02	2.822802339984368733e-02	7.297040490794583223e-02
1.095754953392921607e+03	2.639108935956909763e-01	1.707583027020719568e-01	2.460343265819265879e-01	1.472133527199396275e-01	7.074652058918659558e-02	2.826729051182124905e-02	7.306931329917962237e-02
1.098173838499749309e+03	2.635288788025809126e-01	1.705127295390785613e-01	2.463068590654257650e-01	1.473666177641405894e-01	7.081048951413516923e-02	2.830648391073736433e-02	7.316794140371826738e-02
1.100592723606577010e+03	2.631479501541347799e-01	1.702678391781578260e-01	2.465786275082332835e-01	1.475194195357404092e-01	7.087427009941103806e-02	2.834560362265043168e-02	7.326628990148892351e-02
1.103011608713404712e+03	2.627681045478989508e-01	1.700236297175140021e-01	2.468496340423949054e-01	1.476717595823894835e-01	7.093786296277014569e-02	2.838464967453681667e-02	7.336435947231231824e-02
1.105430493820231959e+03	2.623893388904134372e-01	1.697800992606504633e-01	2.471198807940030995e-01	1.478236394450271884e-01	7.100126871956032037e-02	2.842362209428245245e-02	7.346215079587976871e-02
1.107849378927059888e+03	2.620116500971839124e-01	1.695372459163549117e-01	2.473893698832135002e-01	1.479750606579316452e-01	7.106448798272786693e-02	2.846252091067452347e-02	7.355966455173029717e-02
1.110268264033887590e+03	2.616350350926556212e-01	1.692950677986847507e-01	2.476581034242616164e-01	1.481260247487686532e-01	7.112752136282451954e-02	2.850134615339316654e-02	7.365690141922834333e-02
1.112687149140715292e+03	2.612594908101857349e-01	1.690535630269522083e-01	2.479260835254793183e-01	1.482765332386400681e-01	7.119036946801440835e-02	2.854009785300322746e-02	7.375386207754169865e-02
1.115106034247542766e+03	2.608850141920167620e-01	1.688127297257099035e-01	2.481933122893113797e-01	1.484265876421313468e-01	7.125303290408128987e-02	2.857877604094607657e-02	7.385054720561991248e-02
1.117524919354370468e+03	2.605116021892495692e-01	1.685725660247360536e-01	2.484597918123320204e-01	1.485761894673588435e-01	7.131551227443583274e-02	2.861738074953146596e-02	7.394695748217289255e-02
1.119943804461197942e+03	2.601392517618169586e-01	1.683330700590200124e-01	2.487255241852611987e-01	1.487253402160159665e-01	7.137780818012319506e-02	2.865591201192943874e-02	7.404309358564996335e-02
1.122362689568025871e+03	2.597679598784566335e-01	1.680942399687476996e-01	2.489905114929811258e-01	1.488740413834191700e-01	7.143992121983054611e-02	2.869436986216228336e-02	7.413895619421924377e-02
1.124781574674853118e+03	2.593977235166851081e-01	1.678560738992871948e-01	2.492547558145523923e-01	1.490222944585531395e-01	7.150185198989494895e-02	2.873275433509655738e-02	7.423454598574735774e-02
1.127200459781681047e+03	2.590285396627709513e-01	1.676185700011741386e-01	2.495182592232305374e-01	1.491701009241154230e-01	7.156360108431111811e-02	2.877106546643511814e-02	7.432986363777942251e-02
1.129619344888508749e+03	2.586604053117085855e-01	1.673817264300974939e-01	2.497810237864820093e-01	1.493174622565604237e-01	7.162516909473953808e-02	2.880930329270927140e-02	7.442490982751945316e-02
1.132038229995336451e+03	2.582933174671918630e-01	1.671455413468850570e-01	2.500430515660005404e-01	1.494643799261429762e-01	7.168655661051448469e-02	2.884746785127089222e-02	7.451968523181096149e-02
1.134457115102163925e+03	2.579272731415881426e-01	1.669100129174891922e-01	2.503043446177232179e-01	1.496108553969612565e-01	7.174776421865233789e-02	2.888555918028464994e-02	7.461419052711799893e-02
1.136876000208991627e+03	2.575622693559119769e-01	1.666751393129725367e-01	2.505649049918464710e-01	1.497568901269992203e-01	7.180879250385988066e-02	2.892357731872026438e-02	7.470842638950643544e-02
1.139294885315819101e+03	2.571983031397991337e-01	1.664409187094937903e-01	2.508247347328424470e-01	1.499024855681684032e-01	7.186964204854270899e-02	2.896152230634482447e-02	7.480239349462554366e-02
1.141713770422646803e+03	2.568353715314807273e-01	1.662073492882933934e-01	2.510838358794746927e-01	1.500476431663493038e-01	7.193031343281373891e-02	2.899939418371513117e-02	7.489609251768988840e-02
1.144132655529474505e+03	2.564734715777574059e-01	1.659744292356795103e-01	2.513422104648142530e-01	1.501923643614322124e-01	7.199080723450186625e-02	2.903719299217010635e-02	7.498952413346157697e-02
1.146551540636302207e+03	2.561126003339734836e-01	1.657421567430137632e-01	2.515998605162556578e-01	1.503366505873575121e-01	7.205112402916061254e-02	2.907491877382326756e-02	7.508268901623267599e-02
1.148970425743129908e+03	2.557527548639913495e-01	1.655105300066973262e-01	2.518567880555326877e-01	1.504805032721555635e-01	7.211126439007689570e-02	2.911257157155522357e-02	7.517558783980801684e-02
1.151389310849957155e+03	2.553939322401659884e-01	1.652795472281566314e-01	2.521129950987340829e-01	1.506239238379859791e-01	7.217122888827989802e-02	2.915015142900623246e-02	7.526822127748825086e-02
1.153808195956785084e+03	2.550361295433192232e-01	1.650492066138296299e-01	2.523684836563198086e-01	1.507669137011765637e-01	7.223101809254987848e-02	2.918765839056880473e-02	7.536059000205322378e-02
1.156227081063612786e+03	2.546793438627144024e-01	1.648195063751515810e-01	2.526232557331362649e-01	1.509094742722617288e-01	7.229063256942727667e-02	2.922509250138037584e-02	7.545269468574551663e-02
1.158645966170440488e+03	2.543235722960313083e-01	1.645904447285412575e-01	2.528773133284322738e-01	1.510516069560203511e-01	7.235007288322159447e-02	2.926245380731599954e-02	7.554453600025434756e-02
1.161064851277267962e+03	2.539688119493406226e-01	1.643620198953870126e-01	2.531306584358746226e-01	1.511933131515133810e-01	7.240933959602058323e-02	2.929974235498110022e-02	7.563611461669979275e-02
1.163483736384095664e+03	2.536150599370788350e-01	1.641342301020330408e-01	2.533832930435637176e-01	1.513345942521208409e-01	7.246843326769933369e-02	2.933695819170429805e-02	7.572743120561709063e-02
1.165902621490923138e+03	2.532623133820231520e-01	1.639070735797653611e-01	2.536352191340491835e-01	1.514754516455784072e-01	7.252735445592947694e-02	2.937410136553024118e-02	7.581848643694141798e-02
1.168321506597751068e+03	2.529105694152664618e-01	1.636805485647981617e-01	2.538864386843452947e-01	1.516158867140136868e-01	7.258610371618837154e-02	2.941117192521252102e-02	7.590928097999273538e-02
1.170740391704578315e+03	2.525598251761927426e-01	1.634546532982600331e-01	2.541369536659465189e-01	1.517559008339820215e-01	7.264468160176837386e-02	2.944816992020662244e-02	7.599981550346103509e-02
1.173159276811406244e+03	2.522100778124516385e-01	1.632293860261803120e-01	2.543867660448428936e-01	1.518954953765016824e-01	7.270308866378616397e-02	2.948509540066292234e-02	7.609009067539172777e-02
1.175578161918233945e+03	2.518613244799341455e-01	1.630047449994753705e-01	2.546358777815355690e-01	1.520346717070890641e-01	7.276132545119208539e-02	2.952194841741975079e-02	7.618010716317136222e-02
1.177997047025061647e+03	2.515135623427478540e-01	1.627807284739350158e-01	2.548842908310519628e-01	1.521734311857930178e-01	7.281939251077944320e-02	2.955872902199646948e-02	7.626986563351351167e-02
1.180415932131889122e+03	2.511667885731923566e-01	1.625573347102089172e-01	2.551320071429612479e-01	1.523117751672292963e-01	7.287729038719398256e-02	2.959543726658663693e-02	7.635936675244493765e-02
1.182834817238716823e+03	2.508210003517345466e-01	1.623345619737930345e-01	2.553790286613893401e-01	1.524497050006139998e-01	7.293501962294324237e-02	2.963207320405118750e-02	7.644861118529197586e-02
1.185253702345544298e+03	2.504761948669844696e-01	1.621124085350161004e-01	2.556253573250344968e-01	1.525872220297973259e-01	7.299258075840599214e-02	2.966863688791169726e-02	7.653759959666719959e-02
1.187672587452371999e+03	2.501323693156708439e-01	1.618908726690261868e-01	2.558709950671821942e-01	1.527243275932964883e-01	7.304997433184172440e-02	2.970512837234364975e-02	7.662633265045622200e-02
1.190091472559199701e+03	2.497895209026167462e-01	1.616699526557772160e-01	2.561159438157203927e-01	1.528610230243283297e-01	7.310720087940009160e-02	2.974154771216978854e-02	7.671481100980478973e-02
1.192510357666027403e+03	2.494476468407153535e-01	1.614496467800156654e-01	2.563602054931545804e-01	1.529973096508417396e-01	7.316426093513041240e-02	2.977789496285349405e-02	7.680303533710612640e-02
1.194929242772855105e+03	2.491067443509061008e-01	1.612299533312671340e-01	2.566037820166228167e-01	1.531331887955495741e-01	7.322115503099113631e-02	2.981417018049223669e-02	7.689100629398837317e-02
1.197348127879682352e+03	2.487668106621504227e-01	1.610108706038229365e-01	2.568466752979108869e-01	1.532686617759603520e-01	7.327788369685937775e-02	2.985037342181103351e-02	7.697872454130240405e-02
1.199767012986510281e+03	2.484278430114078007e-01	1.607923968967270301e-01	2.570888872434670125e-01	1.534037299044095359e-01	7.333444746054038066e-02	2.988650474415598460e-02	7.706619073910972451e-02
1.202185898093337983e+03	2.480898386436119762e-01	1.605745305137625811e-01	2.573304197544169503e-01	1.535383944880903961e-01	7.339084684777705259e-02	2.992256420548785462e-02	7.715340554667063366e-02
1.204604783200165684e+03	2.477527948116471923e-01	1.603572697634388367e-01	2.575712747265788138e-01	1.536726568290847639e-01	7.344708238225951258e-02	2.995855186437568207e-02	7.724036962243260862e-02
1.207023668306993159e+03	2.474167087763242123e-01	1.601406129589779681e-01	2.578114540504780061e-01	1.538065182243932849e-01	7.350315458563455584e-02	2.999446777999045799e-02	7.732708362401885527e-02
1.209442553413820860e+03	2.470815778063570334e-01	1.599245584183018876e-01	2.580509596113619297e-01	1.539399799659653956e-01	7.355906397751516002e-02	3.003031201209883233e-02	7.741354820821713667e-02
1.211861438520648335e+03	2.467473991783390441e-01	1.597091044640191193e-01	2.582897932892146975e-01	1.540730433407290212e-01	7.361481107548999148e-02	3.006608462105686899e-02	7.749976403096864308e-02
1.214280323627476264e+03	2.464141701767196269e-01	1.594942494234118657e-01	2.585279569587718984e-01	1.542057096306199970e-01	7.367039639513293936e-02	3.010178566780386325e-02	7.758573174735722278e-02
1.216699208734303511e+03	2.460818880937807873e-01	1.592799916284228234e-01	2.587654524895353636e-01	1.543379801126110173e-01	7.372582045001258022e-02	3.013741521385618002e-02	7.767145201159876555e-02
1.219118093841131440e+03	2.457505502296137012e-01	1.590663294156422769e-01	2.590022817457875992e-01	1.544698560587404734e-01	7.378108375170164268e-02	3.017297332130115806e-02	7.775692547703066948e-02
1.221536978947959142e+03	2.454201538920955938e-01	1.588532611262951366e-01	2.592384465866065524e-01	1.546013387361409586e-01	7.383618680978648596e-02	3.020846005279104879e-02	7.784215279610166849e-02
1.223955864054786844e+03	2.450906963968664531e-01	1.586407851062280883e-01	2.594739488658802662e-01	1.547324294070674955e-01	7.389113013187655066e-02	3.024387547153699687e-02	7.792713462036167382e-02
1.226374749161614318e+03	2.447621750673059371e-01	1.584288997058965198e-01	2.597087904323209240e-01	1.548631293289253197e-01	7.394591422361382338e-02	3.027921964130307966e-02	7.801187160045194857e-02
1.228793634268442020e+03	2.444345872345103365e-01	1.582176032803518928e-01	2.599429731294797818e-01	1.549934397542976072e-01	7.400053958868220427e-02	3.031449262640037445e-02	7.809636438609532383e-02
1.231212519375269494e+03	2.441079302372696769e-01	1.580068941892287249e-01	2.601764987957614350e-01	1.551233619309728695e-01	7.405500672881697166e-02	3.034969449168107777e-02	7.818061362608673404e-02
1.233631404482097196e+03	2.437822014220447364e-01	1.577967707967320166e-01	2.604093692644382507e-01	1.552528971019719040e-01	7.410931614381410792e-02	3.038482530253268019e-02	7.826461996828380785e-02
1.236050289588924898e+03	2.434573981429442591e-01	1.575872314716243727e-01	2.606415863636645236e-01	1.553820465055747724e-01	7.416346833153972251e-02	3.041988512487215496e-02	7.834838405959770880e-02
1.238469174695752372e+03	2.431335177617022225e-01	1.573782745872133459e-01	2.608731519164910750e-01	1.555108113753472243e-01	7.421746378793937782e-02	3.045487402514022307e-02	7.843190654598404532e-02
1.240888059802580301e+03	2.428105576476551897e-01	1.571698985213387800e-01	2.611040677408792976e-01	1.556391929401671204e-01	7.427130300704731791e-02	3.048979207029563557e-02	7.851518807243412779e-02
1.243306944909407548e+03	2.424885151777196879e-01	1.569621016563601257e-01	2.613343356497155878e-01	1.557671924242504113e-01	7.432498648099591931e-02	3.052463932780951836e-02	7.859822928296621158e-02
1.245725830016235477e+03	2.421673877363696992e-01	1.567548823791439783e-01	2.615639574508251686e-01	1.558948110471769510e-01	7.437851470002486420e-02	3.055941586565974824e-02	7.868103082061699005e-02
1.248144715123063179e+03	2.418471727156142892e-01	1.565482390810512547e-01	2.617929349469867994e-01	1.560220500239160868e-01	7.443188815249036916e-02	3.059412175232537751e-02	7.876359332743325392e-02
1.250563600229890881e+03	2.415278675149750420e-01	1.563421701579249812e-01	2.620212699359462660e-01	1.561489105648519171e-01	7.448510732487446939e-02	3.062875705678108282e-02	7.884591744446367567e-02
1.252982485336718355e+03	2.412094695414639389e-01	1.561366740100775252e-01	2.622489642104309238e-01	1.562753938758084382e-01	7.453817270179416421e-02	3.066332184849170431e-02	7.892800381175077429e-02
1.255401370443546057e+03	2.408919762095610706e-01	1.559317490422783559e-01	2.624760195581633537e-01	1.564015011580743297e-01	7.459108476601057636e-02	3.069781619740675344e-02	7.900985306832299104e-02
1.257820255550373531e+03	2.405753849411924883e-01	1.557273936637414702e-01	2.627024377618758511e-01	1.565272336084276295e-01	7.464384399843806972e-02	3.073224017395503188e-02	7.909146585218698733e-02
1.260239140657201460e+03	2.402596931657079715e-01	1.555236062881130699e-01	2.629282205993238031e-01	1.566525924191600194e-01	7.469645087815338091e-02	3.076659384903924696e-02	7.917284280032008126e-02
1.262658025764028707e+03	2.399448983198592678e-01	1.553203853334592099e-01	2.631533698432999557e-01	1.567775787781010566e-01	7.474890588240468148e-02	3.080087729403069297e-02	7.925398454866275366e-02
1.265076910870856636e+03	2.396309978477779989e-01	1.551177292222534476e-01	2.633778872616481248e-01	1.569021938686421536e-01	7.480120948662054292e-02	3.083509058076396372e-02	7.933489173211141776e-02
1.267495795977684338e+03	2.393179892009537624e-01	1.549156363813645465e-01	2.636017746172772958e-01	1.570264388697601987e-01	7.485336216441901280e-02	3.086923378153168945e-02	7.941556498451121660e-02
1.269914681084511813e+03	2.390058698382123981e-01	1.547141052420443197e-01	2.638250336681749464e-01	1.571503149560410373e-01	7.490536438761655202e-02	3.090330696907935340e-02	7.949600493864905637e-02
1.272333566191339514e+03	2.386946372256942006e-01	1.545131342399153063e-01	2.640476661674213688e-01	1.572738232977030082e-01	7.495721662623697212e-02	3.093731021660011196e-02	7.957621222624675084e-02
1.274752451298167216e+03	2.383842888368322699e-01	1.543127218149585866e-01	2.642696738632029363e-01	1.573969650606196757e-01	7.500891934852030318e-02	3.097124359772966684e-02	7.965618747795426280e-02
1.277171336404994690e+03	2.380748221523309449e-01	1.541128664115017921e-01	2.644910584988259261e-01	1.575197414063430335e-01	7.506047302093166174e-02	3.100510718654119272e-02	7.973593132334313993e-02
1.279590221511822392e+03	2.377662346601442656e-01	1.539135664782068091e-01	2.647118218127302303e-01	1.576421534921259582e-01	7.511187810817009092e-02	3.103890105754026837e-02	7.981544439090007548e-02
1.282009106618650094e+03	2.374585238554545175e-01	1.537148204680577612e-01	2.649319655385028449e-01	1.577642024709448310e-01	7.516313507317731735e-02	3.107262528565988766e-02	7.989472730802053835e-02
1.284427991725477568e+03	2.371516872406507492e-01	1.535166268383489629e-01	2.651514914048916371e-01	1.578858894915217415e-01	7.521424437714654965e-02	3.110627994625547732e-02	7.997378070100266689e-02
1.286846876832305497e+03	2.368457223253075672e-01	1.533189840506729296e-01	2.653704011358185566e-01	1.580072156983465537e-01	7.526520647953111043e-02	3.113986511509997390e-02	8.005260519504114880e-02
1.289265761939132744e+03	2.365406266261639023e-01	1.531218905709083589e-01	2.655886964503933467e-01	1.581281822316988883e-01	7.531602183805317929e-02	3.117338086837892486e-02	8.013120141422126752e-02
1.291684647045960673e+03	2.362363976671017218e-01	1.529253448692081963e-01	2.658063790629269230e-01	1.582487902276698000e-01	7.536669090871234156e-02	3.120682728268563827e-02	8.020956998151322626e-02
1.294103532152788375e+03	2.359330329791249348e-01	1.527293454199877554e-01	2.660234506829449175e-01	1.583690408181832876e-01	7.541721414579426186e-02	3.124020443501636726e-02	8.028771151876631929e-02
1.296522417259616077e+03	2.356305301003384645e-01	1.525338907019127277e-01	2.662399130152007798e-01	1.584889351310176386e-01	7.546759200187920513e-02	3.127351240276552563e-02	8.036562664670345024e-02
1.298941302366443551e+03	2.353288865759270987e-01	1.523389791978875529e-01	2.664557677596894325e-01	1.586084742898265232e-01	7.551782492785050205e-02	3.130675126372094857e-02	8.044331598491571977e-02
1.301360187473271253e+03	2.350280999581346730e-01	1.521446093950433454e-01	2.666710166116602609e-01	1.587276594141601438e-01	7.556791337290309774e-02	3.133992109605919507e-02	8.052078015185704096e-02
1.303779072580098727e+03	2.347281678062431987e-01	1.519507797847263197e-01	2.668856612616307133e-01	1.588464916194858301e-01	7.561785778455190621e-02	3.137302197834086759e-02	8.059801976483900454e-02
1.306197957686926657e+03	2.344290876865520734e-01	1.517574888624858842e-01	2.670997033953991240e-01	1.589649720172087999e-01	7.566765860864023419e-02	3.140605398950599425e-02	8.067503544002574412e-02
1.308616842793753904e+03	2.341308571723573484e-01	1.515647351280630939e-01	2.673131446940582578e-01	1.590831017146925874e-01	7.571731628934814939e-02	3.143901720886942142e-02	8.075182779242903730e-02
1.311035727900581833e+03	2.338334738439311333e-01	1.513725170853787716e-01	2.675259868340082448e-01	1.592008818152793326e-01	7.576683126920073785e-02	3.147191171611626870e-02	8.082839743590337911e-02
1.313454613007409534e+03	2.335369352885010019e-01	1.511808332425219892e-01	2.677382314869698465e-01	1.593183134183099314e-01	7.581620398907638891e-02	3.150473759129739787e-02	8.090474498314127738e-02
1.315873498114237009e+03	2.332412391002293972e-01	1.509896821117384935e-01	2.679498803199974466e-01	1.594353976191438815e-01	7.586543488821505254e-02	3.153749491482493034e-02	8.098087104566861760e-02
1.318292383221064711e+03	2.329463828801932868e-01	1.507990622094189936e-01	2.681609349954920951e-01	1.595521355091792104e-01	7.591452440422631620e-02	3.157018376746778543e-02	8.105677623384016650e-02
1.320711268327892412e+03	2.326523642363636235e-01	1.506089720560876422e-01	2.683713971712144986e-01	1.596685281758720987e-01	7.596347297309764823e-02	3.160280423034728114e-02	8.113246115683507564e-02
1.323130153434719887e+03	2.323591807835852507e-01	1.504194101763905722e-01	2.685812685002979538e-01	1.597845767027562258e-01	7.601228102920243312e-02	3.163535638493273489e-02	8.120792642265264871e-02
1.325549038541547588e+03	2.320668301435564462e-01	1.502303750990843789e-01	2.687905506312615600e-01	1.599002821694622545e-01	7.606094900530802061e-02	3.166784031303713359e-02	8.128317263810812265e-02
1.327967923648375290e+03	2.317753099448087439e-01	1.500418653570246008e-01	2.689992452080225971e-01	1.600156456517368708e-01	7.610947733258374703e-02	3.170025609681281081e-02	8.135820040882855986e-02
1.330386808755202765e+03	2.314846178226869222e-01	1.498538794871543678e-01	2.692073538699099045e-01	1.601306682214618526e-01	7.615786644060890120e-02	3.173260381874716540e-02	8.143301033924879584e-02
1.332805693862030694e+03	2.311947514193287978e-01	1.496664160304930491e-01	2.694148782516764262e-01	1.602453509466729709e-01	7.620611675738063473e-02	3.176488356165844268e-02	8.150760303260760897e-02
1.335224578968857941e+03	2.309057083836453250e-01	1.494794735321247625e-01	2.696218199835119789e-01	1.603596948915786413e-01	7.625422870932184460e-02	3.179709540869148782e-02	8.158197909094389022e-02
1.337643464075685870e+03	2.306174863713005840e-01	1.492930505411871889e-01	2.698281806910561853e-01	1.604737011165784655e-01	7.630220272128898640e-02	3.182923944331358945e-02	8.165613911509293776e-02
1.340062349182513572e+03	2.303300830446919634e-01	1.491071456108600812e-01	2.700339619954110759e-01	1.605873706782817989e-01	7.635003921657990134e-02	3.186131574931035104e-02	8.173008370468282102e-02
1.342481234289341273e+03	2.300434960729303424e-01	1.489217572983542737e-01	2.702391655131535786e-01	1.607007046295258201e-01	7.639773861694156010e-02	3.189332441078154140e-02	8.180381345813091121e-02
1.344900119396168748e+03	2.297577231318202184e-01	1.487368841649001905e-01	2.704437928563486193e-01	1.608137040193938772e-01	7.644530134257769560e-02	3.192526551213705627e-02	8.187732897264042575e-02
1.347319004502996449e+03	2.294727619038401389e-01	1.485525247757367162e-01	2.706478456325612791e-01	1.609263698932333342e-01	7.649272781215654682e-02	3.195713913809283824e-02	8.195063084419715316e-02
1.349737889609823924e+03	2.291886100781231062e-01	1.483686777001001766e-01	2.708513254448697283e-01	1.610387032926735018e-01	7.654001844281842215e-02	3.198894537366690771e-02	8.202371966756613619e-02
1.352156774716651853e+03	2.289052653504369261e-01	1.481853415112129591e-01	2.710542338918774385e-01	1.611507052556434005e-01	7.658717365018333223e-02	3.202068430417533834e-02	8.209659603628857716e-02
1.354575659823479100e+03	2.286227254231645856e-01	1.480025147862725488e-01	2.712565725677260620e-01	1.612623768163893023e-01	7.663419384835841452e-02	3.205235601522832961e-02	8.216926054267875701e-02
1.356994544930307029e+03	2.283409880052851282e-01	1.478201961064404824e-01	2.714583430621074212e-01	1.613737190054921056e-01	7.668107944994553837e-02	3.208396059272630024e-02	8.224171377782109327e-02
1.359413430037134731e+03	2.280600508123539760e-01	1.476383840568311345e-01	2.716595469602763324e-01	1.614847328498848211e-01	7.672783086604864633e-02	3.211549812285597466e-02	8.231395633156719793e-02
1.361832315143962205e+03	2.277799115664837781e-01	1.474570772265008101e-01	2.718601858430628737e-01	1.615954193728696975e-01	7.677444850628120654e-02	3.214696869208654578e-02	8.238598879253314355e-02
1.364251200250789907e+03	2.275005679963250926e-01	1.472762742084368359e-01	2.720602612868847081e-01	1.617057795941352905e-01	7.682093277877355408e-02	3.217837238716586556e-02	8.245781174809671543e-02
1.366670085357617609e+03	2.272220178370470689e-01	1.470959735995464590e-01	2.722597748637596293e-01	1.618158145297733663e-01	7.686728409018020458e-02	3.220970929511662167e-02	8.252942578439471932e-02
1.369088970464445310e+03	2.269442588303186292e-01	1.469161740006459382e-01	2.724587281413173856e-01	1.619255251922958050e-01	7.691350284568714002e-02	3.224097950323260436e-02	8.260083148632055283e-02
1.371507855571272785e+03	2.266672887242889844e-01	1.467368740164497476e-01	2.726571226828125583e-01	1.620349125906512255e-01	7.695958944901894194e-02	3.227218309907495253e-02	8.267202943752163802e-02
1.373926740678100487e+03	2.263911052735689544e-01	1.465580722555596127e-01	2.728549600471362191e-01	1.621439777302416119e-01	7.700554430244613280e-02	3.230332017046846221e-02	8.274302022039703441e-02
1.376345625784927961e+03	2.261157062392117612e-01	1.463797673304537694e-01	2.730522417888285314e-01	1.622527216129387162e-01	7.705136780679218422e-02	3.233439080549791594e-02	8.281380441609517695e-02
1.378764510891755890e+03	2.258410893886942661e-01	1.462019578574760836e-01	2.732489694580906292e-01	1.623611452371003794e-01	7.709706036144063634e-02	3.236539509250443980e-02	8.288438260451158612e-02
1.381183395998583137e+03	2.255672524958981240e-01	1.460246424568252821e-01	2.734451446007969966e-01	1.624692495975868234e-01	7.714262236434218933e-02	3.239633312008188826e-02	8.295475536428673080e-02
1.383602281105411066e+03	2.252941933410908815e-01	1.458478197525442388e-01	2.736407687585072357e-01	1.625770356857767496e-01	7.718805421202168393e-02	3.242720497707326371e-02	8.302492327280394657e-02
1.386021166212238768e+03	2.250219097109074362e-01	1.456714883725092613e-01	2.738358434684784459e-01	1.626845044895831316e-01	7.723335629958506809e-02	3.245801075256715684e-02	8.309488690618739570e-02
1.388440051319066470e+03	2.247503993983312187e-01	1.454956469484194048e-01	2.740303702636771588e-01	1.627916569934693691e-01	7.727852902072636365e-02	3.248875053589423550e-02	8.316464683930016588e-02
1.390858936425893944e+03	2.244796602026756516e-01	1.453202941157857586e-01	2.742243506727911062e-01	1.628984941784648033e-01	7.732357276773448029e-02	3.251942441662371980e-02	8.323420364574238284e-02
1.393277821532721646e+03	2.242096899295655810e-01	1.451454285139209543e-01	2.744177862202414331e-01	1.630050170221805095e-01	7.736848793150009895e-02	3.255003248455995424e-02	8.330355789784939236e-02
1.395696706639549120e+03	2.239404863909187637e-01	1.449710487859284247e-01	2.746106784261945211e-01	1.631112264988247296e-01	7.741327490152247193e-02	3.258057482973892444e-02	8.337271016669009494e-02
1.398115591746377049e+03	2.236720474049274932e-01	1.447971535786918840e-01	2.748030288065738680e-01	1.632171235792183872e-01	7.745793406591615360e-02	3.261105154242487786e-02	8.344166102206523883e-02
1.400534476853204296e+03	2.234043707960401137e-01	1.446237415428649198e-01	2.749948388730719673e-01	1.633227092308103812e-01	7.750246581141775892e-02	3.264146271310691683e-02	8.351041103250583797e-02
1.402953361960032225e+03	2.231374543949428690e-01	1.444508113328602239e-01	2.751861101331621318e-01	1.634279844176927121e-01	7.754687052339259701e-02	3.267180843249566091e-02	8.357896076527165929e-02
1.405372247066859927e+03	2.228712960385414998e-01	1.442783616068394059e-01	2.753768440901102621e-01	1.635329501006157205e-01	7.759114858584131857e-02	3.270208879151989545e-02	8.364731078634977945e-02
1.407791132173687402e+03	2.226058935699430641e-01	1.441063910267022796e-01	2.755670422429866706e-01	1.636376072370029355e-01	7.763530038140648015e-02	3.273230388132328944e-02	8.371546166045315540e-02
1.410210017280515103e+03	2.223412448384378681e-01	1.439348982580767045e-01	2.757567060866776276e-01	1.637419567809661747e-01	7.767932629137912215e-02	3.276245379326109958e-02	8.378341395101936151e-02
1.412628902387342805e+03	2.220773476994812035e-01	1.437638819703079551e-01	2.759458371118971298e-01	1.638459996833201149e-01	7.772322669570529141e-02	3.279253861889695060e-02	8.385116822020927119e-02
1.415047787494170507e+03	2.218142000146755000e-01	1.435933408364485631e-01	2.761344368051988352e-01	1.639497368915971420e-01	7.776700197299248052e-02	3.282255844999957400e-02	8.391872502890589114e-02
1.417466672600997981e+03	2.215517996517522015e-01	1.434232735332477693e-01	2.763225066489872206e-01	1.640531693500618671e-01	7.781065250051608095e-02	3.285251337853965087e-02	8.398608493671322339e-02
1.419885557707825683e+03	2.212901444845539745e-01	1.432536787411414492e-01	2.765100481215294614e-01	1.641562979997256977e-01	7.785417865422569750e-02	3.288240349668660606e-02	8.405324850195514119e-02
1.422304442814653157e+03	2.210292323930166947e-01	1.430845551442416486e-01	2.766970626969669778e-01	1.642591237783611602e-01	7.789758080875160140e-02	3.291222889680549268e-02	8.412021628167447307e-02
1.424723327921481086e+03	2.207690612631516835e-01	1.429159014303265085e-01	2.768835518453268696e-01	1.643616476205162213e-01	7.794085933741097538e-02	3.294198967145386958e-02	8.418698883163193425e-02
1.427142213028308333e+03	2.205096289870280557e-01	1.427477162908298847e-01	2.770695170325334078e-01	1.644638704575284993e-01	7.798401461221418640e-02	3.297168591337868576e-02	8.425356670630530787e-02
1.429561098135136262e+03	2.202509334627548998e-01	1.425799984208312721e-01	2.772549597204196359e-01	1.645657932175393634e-01	7.802704700387100289e-02	3.300131771551324117e-02	8.431995045888857065e-02
1.431979983241963964e+03	2.199929725944636261e-01	1.424127465190456465e-01	2.774398813667386943e-01	1.646674168255080339e-01	7.806995688179682591e-02	3.303088517097411969e-02	8.438614064129114356e-02
1.434398868348791666e+03	2.197357442922903692e-01	1.422459592878131951e-01	2.776242834251750335e-01	1.647687422032253768e-01	7.811274461411879533e-02	3.306038837305819850e-02	8.445213780413710070e-02
1.436817753455619140e+03	2.194792464723585301e-01	1.420796354330893241e-01	2.778081673453562939e-01	1.648697702693278089e-01	7.815541056768190997e-02	3.308982741523964349e-02	8.451794249676455872e-02
1.439236638562446842e+03	2.192234770567612345e-01	1.419137736644346670e-01	2.779915345728640741e-01	1.649705019393110650e-01	7.819795510805507832e-02	3.311920239116693254e-02	8.458355526722502460e-02
1.441655523669274316e+03	2.189684339735439578e-01	1.417483726950048428e-01	2.781743865492456447e-01	1.650709381255437147e-01	7.824037859953722474e-02	3.314851339465992031e-02	8.464897666228286821e-02
1.444074408776102018e+03	2.187141151566869834e-01	1.415834312415405749e-01	2.783567247120248833e-01	1.651710797372808737e-01	7.828268140516320139e-02	3.317776051970692391e-02	8.471420722741475340e-02
1.446493293882929493e+03	2.184605185460882504e-01	1.414189480243576436e-01	2.785385504947138768e-01	1.652709276806776373e-01	7.832486388670979738e-02	3.320694386046180169e-02	8.477924750680923549e-02
1.448912178989757422e+03	2.182076420875460332e-01	1.412549217673368940e-01	2.787198653268237458e-01	1.653704828588024589e-01	7.836692640470159510e-02	3.323606351124112901e-02	8.484409804336634497e-02
1.451331064096585123e+03	2.179554837327416783e-01	1.410913511979144663e-01	2.789006706338761910e-01	1.654697461716504447e-01	7.840886931841693774e-02	3.326511956652132562e-02	8.490875937869719892e-02
1.453749949203412370e+03	2.177040414392224787e-01	1.409282350470716372e-01	2.790809678374143732e-01	1.655687185161565100e-01	7.845069298589368856e-02	3.329411212093581068e-02	8.497323205312373728e-02
1.456168834310240300e+03	2.174533131703845767e-01	1.407655720493251328e-01	2.792607583550141270e-01	1.656674007862086184e-01	7.849239776393510115e-02	3.332304126927224108e-02	8.503751660567843151e-02
1.458587719417068001e+03	2.172032968954558663e-01	1.406033609427172204e-01	2.794400436002950627e-01	1.657657938726607993e-01	7.853398400811553715e-02	3.335190710646968731e-02	8.510161357410409022e-02
1.461006604523895703e+03	2.169539905894790066e-01	1.404416004688057718e-01	2.796188249829315020e-01	1.658638986633460821e-01	7.857545207278622545e-02	3.338070972761594118e-02	8.516552349485370654e-02
1.463425489630723177e+03	2.167053922332944915e-01	1.402802893726546596e-01	2.797971039086636913e-01	1.659617160430893190e-01	7.861680231108095218e-02	3.340944922794474026e-02	8.522924690309034712e-02
1.465844374737550879e+03	2.164574998135237183e-01	1.401194264028239045e-01	2.799748817793086819e-01	1.660592468937201194e-01	7.865803507492172275e-02	3.343812570283304780e-02	8.529278433268705495e-02
1.468263259844378354e+03	2.162103113225520568e-01	1.399590103113598494e-01	2.801521599927711548e-01	1.661564920940855339e-01	7.869915071502438242e-02	3.346673924779840908e-02	8.535613631622687714e-02
1.470682144951206283e+03	2.159638247585122239e-01	1.397990398537855561e-01	2.803289399430546891e-01	1.662534525200625446e-01	7.874014958090418126e-02	3.349528995849625906e-02	8.541930338500283715e-02
1.473101030058033530e+03	2.157180381252674084e-01	1.396395137890910354e-01	2.805052230202723096e-01	1.663501290445708602e-01	7.878103202088136692e-02	3.352377793071727868e-02	8.548228606901805970e-02
1.475519915164861459e+03	2.154729494323945616e-01	1.394804308797236436e-01	2.806810106106575331e-01	1.664465225375852397e-01	7.882179838208665246e-02	3.355220326038477890e-02	8.554508489698586793e-02
1.477938800271689161e+03	2.152285566951679385e-01	1.393217898915784791e-01	2.808563040965752489e-01	1.665426338661478989e-01	7.886244901046675360e-02	3.358056604355212638e-02	8.560770039632989437e-02
1.480357685378516862e+03	2.149848579345422506e-01	1.391635895939886403e-01	2.810311048565323211e-01	1.666384638943809449e-01	7.890298425078975941e-02	3.360886637640012747e-02	8.567013309318433079e-02
1.482776570485344337e+03	2.147418511771362337e-01	1.390058287597157882e-01	2.812054142651885802e-01	1.667340134834985055e-01	7.894340444665058631e-02	3.363710435523449560e-02	8.573238351239415023e-02
