1.001418434226643626e+03	2.797015631531331592e-01	1.808728636630412279e-01	2.348057658939341485e-01	1.408324173171365545e-01	6.813017193629797297e-02	2.667085944252158697e-02	6.898635859375137902e-02
1.003837319333471214e+03	2.792747653587295265e-01	1.805989912498171812e-01	2.351099709497264101e-01	1.410049320546333529e-01	6.820223442618143783e-02	2.671278948841358455e-02	6.909631647231444240e-02
1.006256204440298802e+03	2.788491813925518814e-01	1.803258809486708580e-01	2.354133230967401236e-01	1.411769191914213073e-01	6.827408050421818198e-02	2.675464573853411285e-02	6.920596912767952580e-02
1.008675089547126618e+03	2.784248077824362788e-01	1.800535306354891230e-01	2.357158247164923282e-01	1.413483805581245423e-01	6.834571090014540662e-02	2.679642818407996716e-02	6.931531722304835885e-02
1.011093974653954206e+03	2.780016410663262993e-01	1.797819381920813531e-01	2.360174781838452474e-01	1.415193179763983566e-01	6.841712634109156643e-02	2.683813681743993027e-02	6.942436142263323784e-02
1.013512859760782021e+03	2.775796777922419079e-01	1.795111015061629234e-01	2.363182858670248576e-01	1.416897332590158765e-01	6.848832755156827878e-02	2.687977163218530433e-02	6.953310239161683559e-02
1.015931744867609382e+03	2.771589145182490888e-01	1.792410184713386645e-01	2.366182501276395400e-01	1.418596282099525152e-01	6.855931525346319055e-02	2.692133262306044272e-02	6.964154079611255266e-02
1.018350629974437197e+03	2.767393478124291484e-01	1.789716869870864313e-01	2.369173733206984822e-01	1.420290046244693516e-01	6.863009016603351109e-02	2.696281978597333401e-02	6.974967730312560399e-02
1.020769515081264785e+03	2.763209742528485169e-01	1.787031049587408382e-01	2.372156577946303302e-01	1.421978642891948419e-01	6.870065300590044721e-02	2.700423311798621703e-02	6.985751258051467460e-02
1.023188400188092373e+03	2.759037904275280506e-01	1.784352702974767446e-01	2.375131058913014792e-01	1.423662089822049504e-01	6.877100448704430435e-02	2.704557261730617529e-02	6.996504729695421365e-02
1.025607285294920075e+03	2.754877929344130005e-01	1.781681809202931566e-01	2.378097199460344202e-01	1.425340404731019750e-01	6.884114532080025384e-02	2.708683828327581450e-02	7.007228212189726968e-02
1.028026170401747549e+03	2.750729783813430362e-01	1.779018347499967956e-01	2.381055022876261695e-01	1.427013605230920135e-01	6.891107621585493281e-02	2.712803011636395409e-02	7.017921772553900595e-02
1.030445055508575479e+03	2.746593433860218259e-01	1.776362297151860004e-01	2.384004552383665598e-01	1.428681708850608745e-01	6.898079787824358544e-02	2.716914811815632561e-02	7.028585477878075694e-02
1.032863940615402726e+03	2.742468845759873375e-01	1.773713637502346285e-01	2.386945811140562812e-01	1.430344733036487959e-01	6.905031101134791183e-02	2.721019229134634745e-02	7.039219395319461225e-02
1.035282825722230655e+03	2.738355985885820298e-01	1.771072347952757364e-01	2.389878822240251999e-01	1.432002695153239691e-01	6.911961631589449984e-02	2.725116263972589617e-02	7.049823592098861114e-02
1.037701710829058356e+03	2.734254820709227651e-01	1.768438407961857584e-01	2.392803608711504826e-01	1.433655612484544539e-01	6.918871448995381201e-02	2.729205916817612973e-02	7.060398135497249206e-02
1.040120595935886058e+03	2.730165316798715547e-01	1.765811797045683251e-01	2.395720193518745544e-01	1.435303502233792328e-01	6.925760622893985252e-02	2.733288188265833862e-02	7.070943092852394196e-02
1.042539481042713533e+03	2.726087440820057495e-01	1.763192494777383879e-01	2.398628599562232233e-01	1.436946381524778771e-01	6.932629222561025040e-02	2.737363079020484549e-02	7.081458531555545610e-02
1.044958366149541234e+03	2.722021159535885637e-01	1.760580480787062307e-01	2.401528849678235267e-01	1.438584267402389649e-01	6.939477317006693957e-02	2.741430589890992905e-02	7.091944519048161422e-02
1.047377251256368709e+03	2.717966439805398204e-01	1.757975734761615116e-01	2.404420966639218005e-01	1.440217176833275270e-01	6.946304974975732460e-02	2.745490721792080702e-02	7.102401122818698120e-02
1.049796136363196410e+03	2.713923248584065862e-01	1.755378236444575801e-01	2.407304973154013594e-01	1.441845126706512992e-01	6.953112264947591825e-02	2.749543475742861898e-02	7.112828410399441026e-02
1.052215021470024112e+03	2.709891552923339164e-01	1.752787965635956013e-01	2.410180891868004549e-01	1.443468133834258094e-01	6.959899255136646479e-02	2.753588852865949954e-02	7.123226449363394275e-02
1.054633906576851814e+03	2.705871319970360456e-01	1.750204902192087353e-01	2.413048745363300107e-01	1.445086214952386039e-01	6.966666013492447962e-02	2.757626854386565143e-02	7.133595307321213830e-02
1.057052791683679516e+03	2.701862516967669103e-01	1.747629026025465659e-01	2.415908556158912757e-01	1.446699386721121694e-01	6.973412607700026078e-02	2.761657481631649147e-02	7.143935051918190449e-02
1.059471676790506763e+03	2.697865111252918391e-01	1.745060317104593361e-01	2.418760346710935316e-01	1.448307665725659943e-01	6.980139105180230286e-02	2.765680736028980347e-02	7.154245750831281225e-02
1.061890561897334692e+03	2.693879070258581310e-01	1.742498755453823212e-01	2.421604139412716350e-01	1.449911068476776865e-01	6.986845573090097461e-02	2.769696619106297095e-02	7.164527471766186928e-02
1.064309447004162394e+03	2.689904361511668562e-01	1.739944321153203133e-01	2.424439956595037804e-01	1.451509611411429257e-01	6.993532078323280721e-02	2.773705132490423761e-02	7.174780282454470970e-02
1.066728332110990095e+03	2.685940952633439349e-01	1.737396994338320233e-01	2.427267820526287090e-01	1.453103310893347211e-01	7.000198687510493512e-02	2.777706277906399207e-02	7.185004250650732505e-02
1.069147217217817570e+03	2.681988811339116596e-01	1.734856755200146206e-01	2.430087753412634444e-01	1.454692183213615597e-01	7.006845467020000884e-02	2.781700057176612895e-02	7.195199444129822541e-02
1.071566102324645271e+03	2.678047905437602738e-01	1.732323583984883009e-01	2.432899777398206398e-01	1.456276244591247770e-01	7.013472482958134357e-02	2.785686472219944809e-02	7.205365930684089204e-02
1.073984987431472746e+03	2.674118202831196611e-01	1.729797460993808544e-01	2.435703914565258144e-01	1.457855511173749008e-01	7.020079801169847034e-02	2.789665525050908160e-02	7.215503778120688216e-02
1.076403872538300675e+03	2.670199671515311457e-01	1.727278366583122893e-01	2.438500186934348113e-01	1.459429999037672732e-01	7.026667487239296461e-02	2.793637217778797630e-02	7.225613054258921142e-02
1.078822757645127922e+03	2.666292279578191815e-01	1.724766281163795933e-01	2.441288616464510064e-01	1.460999724189167570e-01	7.033235606490448322e-02	2.797601552606842831e-02	7.235693826927618033e-02
1.081241642751955851e+03	2.662395995200634302e-01	1.722261185201412748e-01	2.444069225053425720e-01	1.462564702564517483e-01	7.039784223987720357e-02	2.801558531831366619e-02	7.245746163962570041e-02
1.083660527858783553e+03	2.658510786655706726e-01	1.719763059216023460e-01	2.446842034537596022e-01	1.464124950030671335e-01	7.046313404536645730e-02	2.805508157840946176e-02	7.255770133203987005e-02
1.086079412965611255e+03	2.654636622308471083e-01	1.717271883781990027e-01	2.449607066692512380e-01	1.465680482385766925e-01	7.052823212684559973e-02	2.809450433115581042e-02	7.265765802494003611e-02
1.088498298072438729e+03	2.650773470615703231e-01	1.714787639527835528e-01	2.452364343232827926e-01	1.467231315359647514e-01	7.059313712721317080e-02	2.813385360225864606e-02	7.275733239674228581e-02
1.090917183179266431e+03	2.646921300125616994e-01	1.712310307136091503e-01	2.455113885812527097e-01	1.468777464614368089e-01	7.065784968680022260e-02	2.817312941832160467e-02	7.285672512583324378e-02
1.093336068286093905e+03	2.643080079477589384e-01	1.709839867343149467e-01	2.457855716025096615e-01	1.470318945744697736e-01	7.072237044337793821e-02	2.821233180683784328e-02	7.295583689054632726e-02
1.095754953392921607e+03	2.639249777401882491e-01	1.707376300939109359e-01	2.460589855403693127e-01	1.471855774278612861e-01	7.078670003216538942e-02	2.825146079618190073e-02	7.305466836913833417e-02
1.098173838499749309e+03	2.635430362719373143e-01	1.704919588767629668e-01	2.463316325421313346e-01	1.473387965677783740e-01	7.085083908583754420e-02	2.829051641560161034e-02	7.315322023976632282e-02
1.100592723606577010e+03	2.631621804341275350e-01	1.702469711725778656e-01	2.466035147490961699e-01	1.474915535338054140e-01	7.091478823453341296e-02	2.832949869521005082e-02	7.325149318046501878e-02
1.103011608713404712e+03	2.627824071268871076e-01	1.700026650763885316e-01	2.468746342965818796e-01	1.476438498589915105e-01	7.097854810586443075e-02	2.836840766597756650e-02	7.334948786912448560e-02
1.105430493820231959e+03	2.624037132593236565e-01	1.697590386885390323e-01	2.471449933139408250e-01	1.477956870698970970e-01	7.104211932492293657e-02	2.840724335972381887e-02	7.344720498346810067e-02
1.107849378927059888e+03	2.620260957494974230e-01	1.695160901146697541e-01	2.474145939245764869e-01	1.479470666866400386e-01	7.110550251429090252e-02	2.844600580910988663e-02	7.354464520103100311e-02
1.110268264033887590e+03	2.616495515243938974e-01	1.692738174657028305e-01	2.476834382459598694e-01	1.480979902229409839e-01	7.116869829404870451e-02	2.848469504763043170e-02	7.364180919913877743e-02
1.112687149140715292e+03	2.612740775198972298e-01	1.690322188578271823e-01	2.479515283896464306e-01	1.482484591861680523e-01	7.123170728178414290e-02	2.852331110960589985e-02	7.373869765488652583e-02
1.115106034247542766e+03	2.608996706807634181e-01	1.687912924124839176e-01	2.482188664612923756e-01	1.483984750773811867e-01	7.129453009260151852e-02	2.856185403017477004e-02	7.383531124511825972e-02
1.117524919354370468e+03	2.605263279605934401e-01	1.685510362563516773e-01	2.484854545606712262e-01	1.485480393913756747e-01	7.135716733913093079e-02	2.860032384528586255e-02	7.393165064640659645e-02
1.119943804461197942e+03	2.601540463218068311e-01	1.683114485213320632e-01	2.487512947816903353e-01	1.486971536167251695e-01	7.141961963153752035e-02	2.863872059169068895e-02	7.402771653503283089e-02
1.122362689568025871e+03	2.597828227356149267e-01	1.680725273445350387e-01	2.490163892124072631e-01	1.488458192358241006e-01	7.148188757753104472e-02	2.867704430693586090e-02	7.412350958696722891e-02
1.124781574674853118e+03	2.594126541819944953e-01	1.678342708682643569e-01	2.492807399350462361e-01	1.489940377249296677e-01	7.154397178237542620e-02	2.871529502935553022e-02	7.421903047784979279e-02
1.127200459781681047e+03	2.590435376496614261e-01	1.675966772400031279e-01	2.495443490260143005e-01	1.491418105542031969e-01	7.160587284889842474e-02	2.875347279806389836e-02	7.431427988297116538e-02
1.129619344888508749e+03	2.586754701360444164e-01	1.673597446123993859e-01	2.498072185559177261e-01	1.492891391877509688e-01	7.166759137750136621e-02	2.879157765294776058e-02	7.440925847725393671e-02
1.132038229995336451e+03	2.583084486472588259e-01	1.671234711432516562e-01	2.500693505895781876e-01	1.494360250836644644e-01	7.172912796616906506e-02	2.882960963465910909e-02	7.450396693523421432e-02
1.134457115102163925e+03	2.579424701980804202e-01	1.668878549954945500e-01	2.503307471860490296e-01	1.495824696940603882e-01	7.179048321047976078e-02	2.886756878460778122e-02	7.459840593104351270e-02
1.136876000208991627e+03	2.575775318119196688e-01	1.666528943371844984e-01	2.505914103986313091e-01	1.497284744651198041e-01	7.185165770361508220e-02	2.890545514495415982e-02	7.469257613839090648e-02
1.139294885315819101e+03	2.572136305207953222e-01	1.664185873414855132e-01	2.508513422748899213e-01	1.498740408371269928e-01	7.191265203637016434e-02	2.894326875860191509e-02	7.478647823054550281e-02
1.141713770422646803e+03	2.568507633653090982e-01	1.661849321866547824e-01	2.511105448566696707e-01	1.500191702445080044e-01	7.197346679716382090e-02	2.898100966919080548e-02	7.488011288031913570e-02
1.144132655529474505e+03	2.564889273946195924e-01	1.659519270560285698e-01	2.513690201801113133e-01	1.501638641158682397e-01	7.203410257204868883e-02	2.901867792108952029e-02	7.497348076004942130e-02
1.146551540636302207e+03	2.561281196664165760e-01	1.657195701380080877e-01	2.516267702756674329e-01	1.503081238740301973e-01	7.209455994472156737e-02	2.905627355938858111e-02	7.506658254158302124e-02
1.148970425743129908e+03	2.557683372468955718e-01	1.654878596260452306e-01	2.518837971681182619e-01	1.504519509360701945e-01	7.215483949653368756e-02	2.909379662989327459e-02	7.515941889625919747e-02
1.151389310849957155e+03	2.554095772107322637e-01	1.652567937186286973e-01	2.521401028765878904e-01	1.505953467133551438e-01	7.221494180650109285e-02	2.913124717911664760e-02	7.525199049489365855e-02
1.153808195956785084e+03	2.550518366410572391e-01	1.650263706192697521e-01	2.523956894145597540e-01	1.507383126115785232e-01	7.227486745131503354e-02	2.916862525427256145e-02	7.534429800776261399e-02
1.156227081063612786e+03	2.546951126294302314e-01	1.647965885364882366e-01	2.526505587898925098e-01	1.508808500307960987e-01	7.233461700535240291e-02	2.920593090326875640e-02	7.543634210458716183e-02
1.158645966170440488e+03	2.543394022758153628e-01	1.645674456837986910e-01	2.529047130048359682e-01	1.510229603654613117e-01	7.239419104068622879e-02	2.924316417470001345e-02	7.552812345451785647e-02
1.161064851277267962e+03	2.539847026885554970e-01	1.643389402796964216e-01	2.531581540560465804e-01	1.511646450044599743e-01	7.245359012709616520e-02	2.928032511784132291e-02	7.561964272611955418e-02
1.163483736384095664e+03	2.536310109843474825e-01	1.641110705476435117e-01	2.534108839346030373e-01	1.513059053311449076e-01	7.251281483207901168e-02	2.931741378264112949e-02	7.571090058735652217e-02
1.165902621490923138e+03	2.532783242882169494e-01	1.638838347160550268e-01	2.536629046260219789e-01	1.514467427233699148e-01	7.257186572085924658e-02	2.935443021971461189e-02	7.580189770557782536e-02
1.168321506597751068e+03	2.529266397334936078e-01	1.636572310182851930e-01	2.539142181102737039e-01	1.515871585535235322e-01	7.263074335639962964e-02	2.939137448033700417e-02	7.589263474750285177e-02
1.170740391704578315e+03	2.525759544617861008e-01	1.634312576926136851e-01	2.541648263617973247e-01	1.517271541885623631e-01	7.268944829941177688e-02	2.942824661643698991e-02	7.598311237920717109e-02
1.173159276811406244e+03	2.522262656229576350e-01	1.632059129822317212e-01	2.544147313495166429e-01	1.518667309900439966e-01	7.274798110836672160e-02	2.946504668059010332e-02	7.607333126610860141e-02
1.175578161918233945e+03	2.518775703751007788e-01	1.629811951352285460e-01	2.546639350368551935e-01	1.520058903141596196e-01	7.280634233950555867e-02	2.950177472601222747e-02	7.616329207295344239e-02
1.177997047025061647e+03	2.515298658845132040e-01	1.627571024045777193e-01	2.549124393817520651e-01	1.521446335117662141e-01	7.286453254685001935e-02	2.953843080655309608e-02	7.625299546380306936e-02
1.180415932131889122e+03	2.511831493256730941e-01	1.625336330481233771e-01	2.551602463366766660e-01	1.522829619284185310e-01	7.292255228221308783e-02	2.957501497668985763e-02	7.634244210202065228e-02
1.182834817238716823e+03	2.508374178812148303e-01	1.623107853285667979e-01	2.554073578486447671e-01	1.524208769044005096e-01	7.298040209520964550e-02	2.961152729152070201e-02	7.643163265025809672e-02
1.185253702345544298e+03	2.504926687419043452e-01	1.620885575134527745e-01	2.556537758592329901e-01	1.525583797747565584e-01	7.303808253326700417e-02	2.964796780675851492e-02	7.652056777044320690e-02
1.187672587452371999e+03	2.501488991066149192e-01	1.618669478751561530e-01	2.558995023045944617e-01	1.526954718693224744e-01	7.309559414163557811e-02	2.968433657872457387e-02	7.660924812376719573e-02
1.190091472559199701e+03	2.498061061823032003e-01	1.616459546908682876e-01	2.561445391154741347e-01	1.528321545127558356e-01	7.315293746339944503e-02	2.972063366434231010e-02	7.669767437067216698e-02
1.192510357666027403e+03	2.494642871839847786e-01	1.614255762425836627e-01	2.563888882172234984e-01	1.529684290245663658e-01	7.321011303948692095e-02	2.975685912113110176e-02	7.678584717083904165e-02
1.194929242772855105e+03	2.491234393347103726e-01	1.612058108170865423e-01	2.566325515298158999e-01	1.531042967191457715e-01	7.326712140868119061e-02	2.979301300720011564e-02	7.687376718317549817e-02
1.197348127879682352e+03	2.487835598655417368e-01	1.609866567059374531e-01	2.568755309678614762e-01	1.532397589057974130e-01	7.332396310763077130e-02	2.982909538124220439e-02	7.696143506580424565e-02
1.199767012986510281e+03	2.484446460155277647e-01	1.607681122054601119e-01	2.571178284406224757e-01	1.533748168887655305e-01	7.338063867086012937e-02	2.986510630252782461e-02	7.704885147605153306e-02
1.202185898093337983e+03	2.481066950316807296e-01	1.605501756167278249e-01	2.573594458520276351e-01	1.535094719672643049e-01	7.343714863078017185e-02	2.990104583089903123e-02	7.713601707043563072e-02
1.204604783200165684e+03	2.477697041689525259e-01	1.603328452455505260e-01	2.576003851006877232e-01	1.536437254355065285e-01	7.349349351769872418e-02	2.993691402676349270e-02	7.722293250465578351e-02
1.207023668306993159e+03	2.474336706902109939e-01	1.601161194024613987e-01	2.578406480799099176e-01	1.537775785827320274e-01	7.354967385983107730e-02	2.997271095108856517e-02	7.730959843358119199e-02
1.209442553413820860e+03	2.470985918662164382e-01	1.598999964027038034e-01	2.580802366777130152e-01	1.539110326932358608e-01	7.360569018331040991e-02	3.000843666539539448e-02	7.739601551124022927e-02
1.211861438520648335e+03	2.467644649755978969e-01	1.596844745662180376e-01	2.583191527768420315e-01	1.540440890463961043e-01	7.366154301219816902e-02	3.004409123175307700e-02	7.748218439080983844e-02
1.214280323627476264e+03	2.464312873048299657e-01	1.594695522176282909e-01	2.585573982547829663e-01	1.541767489167014393e-01	7.371723286849456158e-02	3.007967471277287266e-02	7.756810572460511033e-02
1.216699208734303511e+03	2.460990561482092887e-01	1.592552276862296279e-01	2.587949749837773483e-01	1.543090135737785473e-01	7.377276027214886567e-02	3.011518717160243178e-02	7.765378016406908335e-02
1.219118093841131440e+03	2.457677688078313272e-01	1.590414993059748594e-01	2.590318848308373889e-01	1.544408842824190609e-01	7.382812574106982495e-02	3.015062867192008778e-02	7.773920835976269594e-02
1.221536978947959142e+03	2.454374225935671838e-01	1.588283654154616364e-01	2.592681296577600825e-01	1.545723623026063753e-01	7.388332979113590437e-02	3.018599927792919163e-02	7.782439096135489176e-02
1.223955864054786844e+03	2.451080148230404265e-01	1.586158243579194327e-01	2.595037113211421942e-01	1.547034488895422388e-01	7.393837293620560136e-02	3.022129905435248093e-02	7.790932861761289130e-02
1.226374749161614318e+03	2.447795428216040514e-01	1.584038744811966937e-01	2.597386316723944155e-01	1.548341452936730367e-01	7.399325568812772924e-02	3.025652806642649753e-02	7.799402197639276890e-02
1.228793634268442020e+03	2.444520039223175845e-01	1.581925141377479027e-01	2.599728925577562966e-01	1.549644527607157429e-01	7.404797855675157581e-02	3.029168637989605034e-02	7.807847168463002974e-02
1.231212519375269494e+03	2.441253954659240444e-01	1.579817416846207023e-01	2.602064958183104015e-01	1.550943725316837607e-01	7.410254204993710347e-02	3.032677406100870235e-02	7.816267838833042270e-02
1.233631404482097196e+03	2.437997148008272108e-01	1.577715554834432099e-01	2.604394432899967970e-01	1.552239058429124574e-01	7.415694667356509395e-02	3.036179117650932360e-02	7.824664273256097535e-02
1.236050289588924898e+03	2.434749592830688092e-01	1.575619539004111946e-01	2.606717368036275406e-01	1.553530539260844778e-01	7.421119293154722352e-02	3.039673779363468234e-02	7.833036536144111217e-02
1.238469174695752372e+03	2.431511262763058900e-01	1.573529353062751435e-01	2.609033781849009470e-01	1.554818180082548629e-01	7.426528132583616604e-02	3.043161398010805346e-02	7.841384691813396701e-02
1.240888059802580301e+03	2.428282131517882358e-01	1.571444980763278265e-01	2.611343692544158546e-01	1.556101993118758353e-01	7.431921235643555723e-02	3.046641980413390335e-02	7.849708804483786218e-02
1.243306944909407548e+03	2.425062172883357126e-01	1.569366405903915851e-01	2.613647118276858361e-01	1.557381990548214190e-01	7.437298652141004218e-02	3.050115533439257121e-02	7.858008938277792621e-02
1.245725830016235477e+03	2.421851360723158708e-01	1.567293612328055363e-01	2.615944077151536318e-01	1.558658184504118638e-01	7.442660431689519795e-02	3.053582064003504751e-02	7.866285157219789215e-02
1.248144715123063179e+03	2.418649668976216305e-01	1.565226583924131387e-01	2.618234587222052490e-01	1.559930587074379038e-01	7.448006623710737295e-02	3.057041579067774212e-02	7.874537525235203450e-02
1.250563600229890881e+03	2.415457071656488819e-01	1.563165304625494800e-01	2.620518666491839510e-01	1.561199210301845441e-01	7.453337277435362340e-02	3.060494085639731826e-02	7.882766106149725893e-02
1.252982485336718355e+03	2.412273542852741981e-01	1.561109758410289539e-01	2.622796332914045236e-01	1.562464066184549860e-01	7.458652441904146946e-02	3.063939590772557856e-02	7.890970963688534456e-02
1.255401370443546057e+03	2.409099056728328248e-01	1.559059929301325753e-01	2.625067604391672638e-01	1.563725166675940803e-01	7.463952165968866515e-02	3.067378101564433024e-02	7.899152161475532508e-02
1.257820255550373531e+03	2.405933587520963368e-01	1.557015801365956298e-01	2.627332498777720793e-01	1.564982523685116700e-01	7.469236498293294058e-02	3.070809625158038569e-02	7.907309763032602246e-02
1.260239140657201460e+03	2.402777109542508782e-01	1.554977358715952107e-01	2.629591033875324779e-01	1.566236149077057105e-01	7.474505487354166089e-02	3.074234168740050399e-02	7.915443831778871953e-02
1.262658025764028707e+03	2.399629597178749851e-01	1.552944585507378406e-01	2.631843227437892785e-01	1.567486054672852236e-01	7.479759181442144356e-02	3.077651739540645040e-02	7.923554431029998513e-02
1.265076910870856636e+03	2.396491024889177701e-01	1.550917465940471196e-01	2.634089097169248217e-01	1.568732252249930570e-01	7.484997628662778957e-02	3.081062344833003855e-02	7.931641623997466584e-02
1.267495795977684338e+03	2.393361367206771062e-01	1.548895984259514025e-01	2.636328660723766815e-01	1.569974753542283663e-01	7.490220876937454808e-02	3.084465991932823850e-02	7.939705473787891932e-02
1.269914681084511813e+03	2.390240598737779498e-01	1.546880124752715024e-01	2.638561935706514872e-01	1.571213570240689861e-01	7.495428974004346434e-02	3.087862688197832300e-02	7.947746043402348359e-02
1.272333566191339514e+03	2.387128694161505527e-01	1.544869871752085067e-01	2.640788939673389124e-01	1.572448713992935510e-01	7.500621967419356106e-02	3.091252441027304149e-02	7.955763395735705734e-02
1.274752451298167216e+03	2.384025628230088678e-01	1.542865209633314527e-01	2.643009690131250533e-01	1.573680196404035614e-01	7.505799904557058921e-02	3.094635257861583916e-02	7.963757593575980509e-02
1.277171336404994690e+03	2.380931375768290115e-01	1.540866122815651995e-01	2.645224204538065838e-01	1.574908029036450885e-01	7.510962832611631224e-02	3.098011146181611081e-02	7.971728699603690405e-02
1.279590221511822392e+03	2.377845911673278356e-01	1.538872595761783535e-01	2.647432500303039116e-01	1.576132223410303956e-01	7.516110798597783194e-02	3.101380113508448236e-02	7.979676776391242399e-02
1.282009106618650094e+03	2.374769210914414730e-01	1.536884612977709730e-01	2.649634594786752784e-01	1.577352791003593380e-01	7.521243849351681721e-02	3.104742167402815486e-02	7.987601886402315166e-02
1.284427991725477568e+03	2.371701248533040485e-01	1.534902159012626888e-01	2.651830505301301932e-01	1.578569743252406510e-01	7.526362031531870500e-02	3.108097315464625546e-02	7.995504091991258167e-02
1.286846876832305497e+03	2.368641999642263629e-01	1.532925218458805194e-01	2.654020249110429219e-01	1.579783091551130447e-01	7.531465391620183192e-02	3.111445565332523686e-02	8.003383455402514335e-02
1.289265761939132744e+03	2.365591439426747711e-01	1.530953775951469087e-01	2.656203843429660871e-01	1.580992847252659927e-01	7.536553975922656579e-02	3.114786924683432545e-02	8.011240038770037208e-02
1.291684647045960673e+03	2.362549543142498931e-01	1.528987816168677627e-01	2.658381305426440466e-01	1.582199021668606043e-01	7.541627830570429847e-02	3.118121401232098328e-02	8.019073904116733043e-02
1.294103532152788375e+03	2.359516286116657147e-01	1.527027323831204597e-01	2.660552652220266046e-01	1.583401626069501633e-01	7.546687001520643867e-02	3.121449002730642200e-02	8.026885113353909862e-02
1.296522417259616077e+03	2.356491643747285203e-01	1.525072283702419984e-01	2.662717900882820010e-01	1.584600671685003903e-01	7.551731534557341863e-02	3.124769736968113776e-02	8.034673728280741778e-02
1.298941302366443551e+03	2.353475591503159936e-01	1.523122680588170630e-01	2.664877068438106789e-01	1.585796169704098146e-01	7.556761475292349262e-02	3.128083611770050149e-02	8.042439810583738857e-02
1.301360187473271253e+03	2.350468104923562895e-01	1.521178499336661161e-01	2.667030171862583843e-01	1.586988131275298419e-01	7.561776869166164650e-02	3.131390634998037353e-02	8.050183421836235031e-02
1.303779072580098727e+03	2.347469159618072176e-01	1.519239724838337691e-01	2.669177228085294895e-01	1.588176567506845993e-01	7.566777761448834072e-02	3.134690814549272869e-02	8.057904623497884333e-02
1.306197957686926657e+03	2.344478731266356752e-01	1.517306342025768473e-01	2.671318253988003710e-01	1.589361489466907529e-01	7.571764197240832273e-02	3.137984158356136449e-02	8.065603476914164072e-02
1.308616842793753904e+03	2.341496795617968307e-01	1.515378335873527049e-01	2.673453266405325657e-01	1.590542908183771031e-01	7.576736221473920341e-02	3.141270674385760603e-02	8.073280043315901600e-02
1.311035727900581833e+03	2.338523328492135289e-01	1.513455691398075120e-01	2.675582282124857603e-01	1.591720834646040417e-01	7.581693878912018625e-02	3.144550370639605241e-02	8.080934383818796918e-02
1.313454613007409534e+03	2.335558305777558075e-01	1.511538393657645141e-01	2.677705317887312808e-01	1.592895279802828135e-01	7.586637214152058828e-02	3.147823255153037181e-02	8.088566559422960545e-02
1.315873498114237009e+03	2.332601703432204687e-01	1.509626427752124578e-01	2.679822390386650821e-01	1.594066254563946960e-01	7.591566271624843043e-02	3.151089335994911728e-02	8.096176631012474978e-02
1.318292383221064711e+03	2.329653497483105684e-01	1.507719778822939338e-01	2.681933516270206264e-01	1.595233769800100121e-01	7.596481095595887523e-02	3.154348621267157038e-02	8.103764659354943667e-02
1.320711268327892412e+03	2.326713664026150707e-01	1.505818432052938027e-01	2.684038712138821503e-01	1.596397836343069754e-01	7.601381730166267836e-02	3.157601119104361947e-02	8.111330705101070515e-02
1.323130153434719887e+03	2.323782179225886979e-01	1.503922372666276486e-01	2.686137994546975993e-01	1.597558464985904259e-01	7.606268219273458475e-02	3.160846837673370047e-02	8.118874828784239384e-02
1.325549038541547588e+03	2.320859019315316685e-01	1.502031585928302326e-01	2.688231380002914506e-01	1.598715666483103703e-01	7.611140606692158583e-02	3.164085785172870979e-02	8.126397090820107472e-02
1.327967923648375290e+03	2.317944160595694636e-01	1.500146057145440026e-01	2.690318884968778690e-01	1.599869451550803845e-01	7.615998936035131561e-02	3.167317969833001456e-02	8.133897551506201473e-02
1.330386808755202765e+03	2.315037579436328430e-01	1.498265771665076851e-01	2.692400525860735305e-01	1.601019830866960425e-01	7.620843250754018305e-02	3.170543399914944882e-02	8.141376271021534550e-02
1.332805693862030694e+03	2.312139252274377221e-01	1.496390714875448502e-01	2.694476319049103341e-01	1.602166815071529860e-01	7.625673594140155998e-02	3.173762083710536530e-02	8.148833309426223304e-02
1.335224578968857941e+03	2.309249155614653271e-01	1.494520872205525042e-01	2.696546280858483913e-01	1.603310414766648817e-01	7.630490009325395506e-02	3.176974029541872885e-02	8.156268726661122792e-02
1.337643464075685870e+03	2.306367266029422936e-01	1.492656229124897094e-01	2.698610427567886827e-01	1.604450640516814630e-01	7.635292539282903523e-02	3.180179245760917511e-02	8.163682582547462929e-02
1.340062349182513572e+03	2.303493560158207110e-01	1.490796771143662880e-01	2.700668775410859368e-01	1.605587502849061265e-01	7.640081226827970251e-02	3.183377740749119417e-02	8.171074936786501541e-02
1.342481234289341273e+03	2.300628014707584712e-01	1.488942483812314976e-01	2.702721340575612863e-01	1.606721012253136960e-01	7.644856114618803211e-02	3.186569522917030023e-02	8.178445848959176034e-02
1.344900119396168748e+03	2.297770606450995068e-01	1.487093352721627904e-01	2.704768139205147581e-01	1.607851179181678525e-01	7.649617245157319667e-02	3.189754600703918058e-02	8.185795378525777266e-02
1.347319004502996449e+03	2.294921312228541677e-01	1.485249363502545716e-01	2.706809187397382632e-01	1.608978014050384819e-01	7.654364660789933494e-02	3.192932982577398326e-02	8.193123584825626193e-02
1.349737889609823924e+03	2.292080108946796813e-01	1.483410501826069872e-01	2.708844501205278088e-01	1.610101527238189945e-01	7.659098403708343439e-02	3.196104677033055619e-02	8.200430527076753295e-02
1.352156774716651853e+03	2.289246973578605016e-01	1.481576753403147928e-01	2.710874096636965991e-01	1.611221729087434218e-01	7.663818515950303334e-02	3.199269692594073483e-02	8.207716264375596038e-02
1.354575659823479100e+03	2.286421883162889634e-01	1.479748103984560859e-01	2.712897989655869702e-01	1.612338629904033482e-01	7.668525039400397869e-02	3.202428037810865075e-02	8.214980855696701889e-02
1.356994544930307029e+03	2.283604814804458261e-01	1.477924539360814526e-01	2.714916196180832686e-01	1.613452239957648970e-01	7.673218015790810032e-02	3.205579721260710946e-02	8.222224359892436885e-02
1.359413430037134731e+03	2.280795745673810104e-01	1.476106045362025609e-01	2.716928732086241749e-01	1.614562569481853560e-01	7.677897486702085772e-02	3.208724751547394755e-02	8.229446835692709461e-02
1.361832315143962205e+03	2.277994653006941983e-01	1.474292607857814463e-01	2.718935613202151380e-01	1.615669628674299418e-01	7.682563493563886181e-02	3.211863137300844523e-02	8.236648341704690124e-02
1.364251200250789907e+03	2.275201514105157086e-01	1.472484212757191879e-01	2.720936855314410319e-01	1.616773427696882870e-01	7.687216077655746604e-02	3.214994887176776672e-02	8.243828936412554709e-02
1.366670085357617609e+03	2.272416306334872904e-01	1.470680846008451392e-01	2.722932474164779793e-01	1.617873976675907599e-01	7.691855280107820492e-02	3.218120009856342140e-02	8.250988678177223479e-02
1.369088970464445310e+03	2.269639007127431385e-01	1.468882493599058536e-01	2.724922485451060639e-01	1.618971285702248686e-01	7.696481141901624634e-02	3.221238514045775964e-02	8.258127625236115488e-02
1.371507855571272785e+03	2.266869593978906028e-01	1.467089141555542597e-01	2.726906904827215983e-01	1.620065364831513310e-01	7.701093703870776075e-02	3.224350408476048951e-02	8.265245835702905719e-02
1.373926740678100487e+03	2.264108044449915091e-01	1.465300775943386979e-01	2.728885747903492809e-01	1.621156224084202013e-01	7.705693006701727632e-02	3.227455701902523511e-02	8.272343367567289163e-02
1.376345625784927961e+03	2.261354336165430357e-01	1.463517382866920680e-01	2.730859030246544639e-01	1.622243873445868012e-01	7.710279090934496482e-02	3.230554403104611561e-02	8.279420278694761548e-02
1.378764510891755890e+03	2.258608446814589221e-01	1.461738948469210320e-01	2.732826767379553656e-01	1.623328322867276241e-01	7.714851996963383030e-02	3.233646520885433140e-02	8.286476626826400071e-02
1.381183395998583137e+03	2.255870354150506796e-01	1.459965458931951066e-01	2.734788974782351167e-01	1.624409582264559060e-01	7.719411765037699491e-02	3.236732064071481257e-02	8.293512469578648294e-02
1.383602281105411066e+03	2.253140035990088552e-01	1.458196900475360602e-01	2.736745667891540279e-01	1.625487661519373905e-01	7.723958435262476274e-02	3.239811041512288131e-02	8.300527864443119075e-02
1.386021166212238768e+03	2.250417470213842419e-01	1.456433259358070054e-01	2.738696862100614138e-01	1.626562570479058722e-01	7.728492047599178072e-02	3.242883462080093510e-02	8.307522868786389181e-02
1.388440051319066470e+03	2.247702634765694485e-01	1.454674521877017679e-01	2.740642572760080276e-01	1.627634318956784620e-01	7.733012641866403303e-02	3.245949334669514380e-02	8.314497539849824426e-02
1.390858936425893944e+03	2.244995507652801370e-01	1.452920674367341458e-01	2.742582815177578848e-01	1.628702916731710193e-01	7.737520257740589102e-02	3.249008668197221616e-02	8.321451934749385382e-02
1.393277821532721646e+03	2.242296066945366484e-01	1.451171703202274732e-01	2.744517604617999762e-01	1.629768373549132787e-01	7.742014934756706601e-02	3.252061471601613851e-02	8.328386110475456683e-02
1.395696706639549120e+03	2.239604290776454065e-01	1.449427594793036289e-01	2.746446956303608133e-01	1.630830699120640048e-01	7.746496712308950650e-02	3.255107753842499674e-02	8.335300123892679103e-02
1.398115591746377049e+03	2.236920157341807380e-01	1.447688335588727115e-01	2.748370885414158082e-01	1.631889903124259245e-01	7.750965629651429545e-02	3.258147523900777748e-02	8.342194031739788573e-02
1.400534476853204296e+03	2.234243644899663317e-01	1.445953912076224646e-01	2.750289407087013749e-01	1.632945995204607426e-01	7.755421725898842267e-02	3.261180790778121091e-02	8.349067890629459365e-02
1.402953361960032225e+03	2.231574731770570308e-01	1.444224310780076459e-01	2.752202536417267531e-01	1.633998984973038249e-01	7.759865040027162653e-02	3.264207563496662051e-02	8.355921757048155596e-02
1.405372247066859927e+03	2.228913396337206809e-01	1.442499518262394809e-01	2.754110288457859990e-01	1.635048882007789917e-01	7.764295610874311082e-02	3.267227851098686991e-02	8.362755687355993839e-02
1.407791132173687402e+03	2.226259617044198114e-01	1.440779521122753370e-01	2.756012678219694756e-01	1.636095695854130616e-01	7.768713477140817836e-02	3.270241662646324737e-02	8.369569737786600183e-02
1.410210017280515103e+03	2.223613372397936494e-01	1.439064305998082050e-01	2.757909720671756215e-01	1.637139436024503680e-01	7.773118677390497555e-02	3.273249007221240570e-02	8.376363964446986721e-02
1.412628902387342805e+03	2.220974640966400238e-01	1.437353859562562342e-01	2.759801430741229411e-01	1.638180111998672750e-01	7.777511250051098723e-02	3.276249893924333689e-02	8.383138423317428034e-02
1.415047787494170507e+03	2.218343401378973512e-01	1.435648168527524360e-01	2.761687823313614953e-01	1.639217733223862772e-01	7.781891233414968412e-02	3.279244331875439539e-02	8.389893170251343235e-02
1.417466672600997981e+03	2.215719632326267063e-01	1.433947219641342752e-01	2.763568913232845592e-01	1.640252309114904605e-01	7.786258665639697596e-02	3.282232330213027960e-02	8.396628260975180780e-02
1.419885557707825683e+03	2.213103312559939473e-01	1.432250999689333171e-01	2.765444715301402234e-01	1.641283849054374910e-01	7.790613584748772025e-02	3.285213898093907597e-02	8.403343751088319935e-02
1.422304442814653157e+03	2.210494420892518963e-01	1.430559495493649302e-01	2.767315244280431630e-01	1.642312362392737979e-01	7.794956028632213374e-02	3.288189044692936547e-02	8.410039696062970860e-02
1.424723327921481086e+03	2.207892936197224376e-01	1.428872693913181280e-01	2.769180514889859057e-01	1.643337858448483402e-01	7.799286035047220400e-02	3.291157779202726064e-02	8.416716151244078847e-02
1.427142213028308333e+03	2.205298837407789481e-01	1.427190581843451045e-01	2.771040541808506008e-01	1.644360346508265402e-01	7.803603641618794828e-02	3.294120110833356069e-02	8.423373171849235508e-02
1.429561098135136262e+03	2.202712103518286446e-01	1.425513146216512428e-01	2.772895339674202875e-01	1.645379835827042170e-01	7.807908885840382507e-02	3.297076048812086491e-02	8.430010812968599665e-02
1.431979983241963964e+03	2.200132713582947930e-01	1.423840374000847619e-01	2.774744923083905523e-01	1.646396335628210472e-01	7.812201805074492356e-02	3.300025602383075546e-02	8.436629129564822416e-02
1.434398868348791666e+03	2.197560646715992771e-01	1.422172252201266973e-01	2.776589306593809092e-01	1.647409855103742771e-01	7.816482436553320867e-02	3.302968780807096633e-02	8.443228176472973578e-02
1.436817753455619140e+03	2.194995882091450856e-01	1.420508767858806309e-01	2.778428504719461234e-01	1.648420403414322388e-01	7.820750817379366893e-02	3.305905593361258693e-02	8.449808008400470916e-02
1.439236638562446842e+03	2.192438398942988809e-01	1.418849908050626440e-01	2.780262531935876469e-01	1.649427989689477569e-01	7.825006984526051979e-02	3.308836049338730739e-02	8.456368679927030174e-02
1.441655523669274316e+03	2.189888176563735689e-01	1.417195659889913528e-01	2.782091402677647207e-01	1.650432623027714707e-01	7.829250974838321275e-02	3.311760158048465685e-02	8.462910245504606799e-02
1.444074408776102018e+03	2.187345194306109242e-01	1.415546010525776666e-01	2.783915131339061433e-01	1.651434312496651291e-01	7.833482825033255548e-02	3.314677928814929037e-02	8.469432759457339033e-02
1.446493293882929493e+03	2.184809431581643258e-01	1.413900947143149345e-01	2.785733732274210395e-01	1.652433067133147471e-01	7.837702571700667920e-02	3.317589370977827579e-02	8.475936275981514612e-02
1.448912178989757422e+03	2.182280867860815210e-01	1.412260456962688426e-01	2.787547219797104070e-01	1.653428895943437338e-01	7.841910251303704782e-02	3.320494493891841536e-02	8.482420849145523578e-02
1.451331064096585123e+03	2.179759482672874449e-01	1.410624527240674775e-01	2.789355608181781632e-01	1.654421807903258823e-01	7.846105900179438375e-02	3.323393306926360202e-02	8.488886532889822201e-02
1.453749949203412370e+03	2.177245255605671503e-01	1.408993145268915004e-01	2.791158911662424136e-01	1.655411811957982759e-01	7.850289554539455206e-02	3.326285819465216176e-02	8.495333381026906605e-02
1.456168834310240300e+03	2.174738166305485720e-01	1.407366298374641000e-01	2.792957144433466099e-01	1.656398917022741946e-01	7.854461250470443079e-02	3.329172040906423768e-02	8.501761447241293346e-02
1.458587719417068001e+03	2.172238194476857065e-01	1.405743973920411671e-01	2.794750320649704856e-01	1.657383131982558822e-01	7.858621023934775351e-02	3.332051980661920876e-02	8.508170785089486099e-02
1.461006604523895703e+03	2.169745319882414314e-01	1.404126159304014410e-01	2.796538454426413245e-01	1.658364465692471756e-01	7.862768910771079922e-02	3.334925648157312933e-02	8.514561447999972887e-02
1.463425489630723177e+03	2.167259522342707689e-01	1.402512841958367396e-01	2.798321559839448969e-01	1.659342926977661892e-01	7.866904946694824874e-02	3.337793052831613400e-02	8.520933489273205264e-02
1.465844374737550879e+03	2.164780781736038717e-01	1.400904009351419954e-01	2.800099650925366168e-01	1.660318524633578319e-01	7.871029167298880524e-02	3.340654204136994654e-02	8.527286962081598309e-02
1.468263259844378354e+03	2.162309077998292306e-01	1.399299648986056799e-01	2.801872741681523116e-01	1.661291267426062979e-01	7.875141608054089803e-02	3.343509111538535417e-02	8.533621919469527861e-02
1.470682144951206283e+03	2.159844391122770213e-01	1.397699748400000053e-01	2.803640846066193237e-01	1.662261164091473897e-01	7.879242304309831690e-02	3.346357784513973033e-02	8.539938414353329121e-02
1.473101030058033530e+03	2.157386701160022846e-01	1.396104295165711273e-01	2.805403977998673914e-01	1.663228223336808975e-01	7.883331291294576326e-02	3.349200232553454365e-02	8.546236499521309149e-02
1.475519915164861459e+03	2.154935988217682730e-01	1.394513276890295417e-01	2.807162151359395286e-01	1.664192453839828389e-01	7.887408604116447064e-02	3.352036465159292933e-02	8.552516227633752410e-02
1.477938800271689161e+03	2.152492232460297972e-01	1.392926681215403972e-01	2.808915379990029604e-01	1.665153864249175608e-01	7.891474277763764478e-02	3.354866491845724663e-02	8.558777651222942984e-02
1.480357685378516862e+03	2.150055414109168228e-01	1.391344495817138649e-01	2.810663677693599483e-01	1.666112463184498960e-01	7.895528347105600087e-02	3.357690322138667804e-02	8.565020822693179825e-02
1.482776570485344337e+03	2.147625513442177614e-01	1.389766708405955620e-01	2.812407058234583923e-01	1.667068259236572092e-01	7.899570846892321752e-02	3.360507965575484229e-02	8.571245794320797584e-02
