1.301360187473271253e+03	2.354614770335232699e-01	1.514018645527931417e-01	2.604971872885599726e-01	1.618226513474658179e-01	7.638514619427197450e-02	3.199593275992498181e-02	8.243574082327682906e-02
1.306197957686926657e+03	2.348689606130303642e-01	1.510088758109501272e-01	2.608719052822987550e-01	1.620870731145777621e-01	7.649466624252612701e-02	3.206709669525936723e-02	8.260142224117356102e-02
1.311035727900581833e+03	2.342798486143348735e-01	1.506180357101560563e-01	2.612443733268460799e-01	1.623500035172637246e-01	7.660359733860067077e-02	3.213796223768457944e-02	8.276617925493007233e-02
1.315873498114237009e+03	2.336941214456215998e-01	1.502293324274140696e-01	2.616146066274731008e-01	1.626114505709968794e-01	7.671194228356721656e-02	3.220852995204387392e-02	8.293001669269935150e-02
1.320711268327892412e+03	2.331117596296696515e-01	1.498427542044736271e-01	2.619826202645706426e-01	1.628714222527446187e-01	7.681970387283157398e-02	3.227880041347686718e-02	8.309293936204917297e-02
1.325549038541547588e+03	2.325327438031518090e-01	1.494582893474848684e-01	2.623484291949400027e-01	1.631299265011017519e-01	7.692688489598835389e-02	3.234877420718784702e-02	8.325495204996154197e-02
1.330386808755202765e+03	2.319570547159385543e-01	1.490759262266544982e-01	2.627120482530680423e-01	1.633869712164234544e-01	7.703348813667923456e-02	3.241845192821768418e-02	8.341605952283474845e-02
1.335224578968857941e+03	2.313846732304068454e-01	1.486956532759036442e-01	2.630734921523862901e-01	1.636425642609571629e-01	7.713951637245484994e-02	3.248783418121933830e-02	8.357626652648805776e-02
1.340062349182513572e+03	2.308155803207534162e-01	1.483174589925271292e-01	2.634327754865147808e-01	1.638967134589746910e-01	7.724497237464025834e-02	3.255692158023693744e-02	8.373557778616902425e-02
1.344900119396168748e+03	2.302497570723128495e-01	1.479413319368546031e-01	2.637899127304903502e-01	1.641494265969031252e-01	7.734985890820399168e-02	3.262571474848833392e-02	8.389399800656298367e-02
1.349737889609823924e+03	2.296871846808800355e-01	1.475672607319134522e-01	2.641449182419801645e-01	1.644007114234559697e-01	7.745417873163049083e-02	3.269421431815106027e-02	8.405153187180505747e-02
1.354575659823479100e+03	2.291278444520374324e-01	1.471952340630931499e-01	2.644978062624802617e-01	1.646505756497635420e-01	7.755793459679594104e-02	3.276242093015176160e-02	8.420818404549426650e-02
1.359413430037134731e+03	2.285717178004864347e-01	1.468252406778114971e-01	2.648485909184991050e-01	1.648990269495032301e-01	7.766112924884752133e-02	3.283033523395884751e-02	8.436395917070975414e-02
1.364251200250789907e+03	2.280187862493836537e-01	1.464572693851825258e-01	2.651972862227271466e-01	1.651460729590295828e-01	7.776376542608581799e-02	3.289795788737854415e-02	8.451886187002909112e-02
1.369088970464445310e+03	2.274690314296813065e-01	1.460913090556859306e-01	2.655439060751919600e-01	1.653917212775040113e-01	7.786584585985051321e-02	3.296528955635415203e-02	8.467289674554845380e-02
1.373926740678100487e+03	2.269224350794721290e-01	1.457273486208382485e-01	2.658884642643989382e-01	1.656359794670245189e-01	7.796737327440925180e-02	3.303233091476846101e-02	8.482606837890473150e-02
1.378764510891755890e+03	2.263789790433386462e-01	1.453653770728656758e-01	2.662309744684586144e-01	1.658788550527551253e-01	7.806835038684953321e-02	3.309908264424936408e-02	8.497838133129939631e-02
1.383602281105411066e+03	2.258386452717067450e-01	1.450053834643784401e-01	2.665714502561995491e-01	1.661203555230552631e-01	7.816877990697368439e-02	3.316554543397854521e-02	8.512984014352414919e-02
1.388440051319066470e+03	2.253014158202035488e-01	1.446473569080469479e-01	2.669099050882685620e-01	1.663604883296090631e-01	7.826866453719685812e-02	3.323171998050326870e-02	8.528044933598818989e-02
1.393277821532721646e+03	2.247672728490195115e-01	1.442912865762795704e-01	2.672463523182168066e-01	1.665992608875545566e-01	7.836800697244789005e-02	3.329760698755108994e-02	8.543021340874702718e-02
1.398115591746377049e+03	2.242361986222748960e-01	1.439371617009018167e-01	2.675808051935731346e-01	1.668366805756128779e-01	7.846680990007311174e-02	3.336320716584764701e-02	8.557913684153294065e-02
1.402953361960032225e+03	2.237081755073901390e-01	1.435849715728374221e-01	2.679132768569043033e-01	1.670727547362174936e-01	7.856507599974288381e-02	3.342852123293731104e-02	8.572722409378681629e-02
1.407791132173687402e+03	2.231831859744607960e-01	1.432347055417907411e-01	2.682437803468623594e-01	1.673074906756432112e-01	7.866280794336104332e-02	3.349354991300673018e-02	8.587447960469143937e-02
1.412628902387342805e+03	2.226612125956362320e-01	1.428863530159309447e-01	2.685723285992192566e-01	1.675408956641355473e-01	7.876000839497696027e-02	3.355829393671121846e-02	8.602090779320616110e-02
1.417466672600997981e+03	2.221422380445025879e-01	1.425399034615778271e-01	2.688989344478892041e-01	1.677729769360396528e-01	7.885668001070032795e-02	3.362275404100394799e-02	8.616651305810282824e-02
1.422304442814653157e+03	2.216262450954697982e-01	1.421953464028890002e-01	2.692236106259384698e-01	1.680037416899297642e-01	7.895282543861852076e-02	3.368693096896788891e-02	8.631129977800303110e-02
1.427142213028308333e+03	2.211132166231626339e-01	1.418526714215488094e-01	2.695463697665830827e-01	1.682331970887383510e-01	7.904844731871661645e-02	3.375082546965047642e-02	8.645527231141654501e-02
1.431979983241963964e+03	2.206031356018157419e-01	1.415118681564589143e-01	2.698672244041747659e-01	1.684613502598854007e-01	7.914354828279983323e-02	3.381443829790097694e-02	8.659843499678090972e-02
1.436817753455619140e+03	2.200959851046726812e-01	1.411729263034301463e-01	2.701861869751745471e-01	1.686882082954078710e-01	7.923813095441857579e-02	3.387777021421042867e-02	8.674079215250225794e-02
1.441655523669274316e+03	2.195917483033888729e-01	1.408358356148761426e-01	2.705032698191154328e-01	1.689137782520890585e-01	7.933219794879578513e-02	3.394082198455426053e-02	8.688234807699703188e-02
1.446493293882929493e+03	2.190904084674384633e-01	1.405005858995084789e-01	2.708184851795524817e-01	1.691380671515880230e-01	7.942575187275677240e-02	3.400359438023742992e-02	8.702310704873490732e-02
1.451331064096585123e+03	2.185919489635250457e-01	1.401671670220333843e-01	2.711318452050027195e-01	1.693610819805692891e-01	7.951879532466134270e-02	3.406608817774208625e-02	8.716307332628267512e-02
1.456168834310240300e+03	2.180963532549962669e-01	1.398355689028499826e-01	2.714433619498728967e-01	1.695828296908323540e-01	7.961133089433826415e-02	3.412830415857772554e-02	8.730225114834909428e-02
1.461006604523895703e+03	2.176036049012623208e-01	1.395057815177498106e-01	2.717530473753766995e-01	1.698033171994414725e-01	7.970336116302190188e-02	3.419024310913380826e-02	8.744064473383060532e-02
1.465844374737550879e+03	2.171136875572180214e-01	1.391777948976183066e-01	2.720609133504407473e-01	1.700225513888553586e-01	7.979488870329123906e-02	3.425190582053479205e-02	8.757825828185815398e-02
1.470682144951206283e+03	2.166265849726689841e-01	1.388515991281375206e-01	2.723669716526000983e-01	1.702405391070570539e-01	7.988591607901082692e-02	3.431329308849750959e-02	8.771509597184456997e-02
1.475519915164861459e+03	2.161422809917612486e-01	1.385271843494903787e-01	2.726712339688828757e-01	1.704572871676839074e-01	7.997644584527412170e-02	3.437440571319095445e-02	8.785116196353311147e-02
1.480357685378516862e+03	2.156607595524145660e-01	1.382045407560665295e-01	2.729737118966844012e-01	1.706728023501574432e-01	8.006648054834872297e-02	3.443524449909831503e-02	8.798646039704656474e-02
1.485195455592172038e+03	2.151820046857597646e-01	1.378836585961695227e-01	2.732744169446313931e-01	1.708870913998135344e-01	8.015602272562374897e-02	3.449581025488131919e-02	8.812099539293725969e-02
1.490033225805827215e+03	2.147060005155792817e-01	1.375645281717257362e-01	2.735733605334353391e-01	1.711001610280324103e-01	8.024507490555919664e-02	3.455610379324682707e-02	8.825477105223777929e-02
1.494870996019482618e+03	2.142327312577516629e-01	1.372471398379944973e-01	2.738705539967362657e-01	1.713120179123688580e-01	8.033363960763725831e-02	3.461612593081558886e-02	8.838779145651241842e-02
1.499708766233137567e+03	2.137621812196995041e-01	1.369314840032799518e-01	2.741660085819363490e-01	1.715226686966825342e-01	8.042171934231566455e-02	3.467587748799323688e-02	8.852006066790930883e-02
1.504546536446793198e+03	2.132943347998410843e-01	1.366175511286442101e-01	2.744597354510237008e-01	1.717321199912681395e-01	8.050931661098274794e-02	3.473535928884340790e-02	8.865158272921322413e-02
1.509384306660448374e+03	2.128291764870453018e-01	1.363053317276220200e-01	2.747517456813867720e-01	1.719403783729858137e-01	8.059643390591457457e-02	3.479457216096294020e-02	8.878236166389906481e-02
1.514222076874103550e+03	2.123666908600904124e-01	1.359948163659369658e-01	2.750420502666187095e-01	1.721474503853915039e-01	8.068307371023372698e-02	3.485351693535922862e-02	8.891240147618592604e-02
1.519059847087758726e+03	2.119068625871260991e-01	1.356859956612189722e-01	2.753306601173127754e-01	1.723533425388673601e-01	8.076923849786998844e-02	3.491219444632951557e-02	8.904170615109174847e-02
1.523897617301414357e+03	2.114496764251390104e-01	1.353788602827234455e-01	2.756175860618481632e-01	1.725580613107521311e-01	8.085493073352273408e-02	3.497060553134234695e-02	8.917027965448863502e-02
1.528735387515069533e+03	2.109951172194218239e-01	1.350734009510516365e-01	2.759028388471667648e-01	1.727616131454716986e-01	8.094015287262501523e-02	3.502875103092091547e-02	8.929812593315863967e-02
1.533573157728724709e+03	2.105431699030456127e-01	1.347696084378726955e-01	2.761864291395408899e-01	1.729640044546695010e-01	8.102490736130939231e-02	3.508663178852839543e-02	8.942524891485006955e-02
1.538410927942380113e+03	2.100938194963356265e-01	1.344674735656468945e-01	2.764683675253319373e-01	1.731652416173370956e-01	8.110919663637536359e-02	3.514424865045522733e-02	8.955165250833439783e-02
1.543248698156035516e+03	2.096470511063505959e-01	1.341669872073504022e-01	2.767486645117405164e-01	1.733653309799446096e-01	8.119302312525847332e-02	3.520160246570827600e-02	8.967734060346360669e-02
1.548086468369690692e+03	2.092028499263651198e-01	1.338681402862015868e-01	2.770273305275475773e-01	1.735642788565712469e-01	8.127638924600098791e-02	3.525869408590191073e-02	8.980231707122808549e-02
1.552924238583346096e+03	2.087612012353555202e-01	1.335709237753884837e-01	2.773043759238469907e-01	1.737620915290358226e-01	8.135929740722404324e-02	3.531552436515089655e-02	8.992658576381480640e-02
1.557762008797001272e+03	2.083220903974889460e-01	1.332753286977977625e-01	2.775798109747700249e-01	1.739587752470271309e-01	8.144175000810144338e-02	3.537209415996511036e-02	9.005015051466616627e-02
1.562599779010656675e+03	2.078855028616158063e-01	1.329813461257452201e-01	2.778536458782009944e-01	1.741543362282345353e-01	8.152374943833488874e-02	3.542840432914606819e-02	9.017301513853913375e-02
1.567437549224311852e+03	2.074514241607653409e-01	1.326889671807074400e-01	2.781258907564848060e-01	1.743487806584783362e-01	8.160529807813064751e-02	3.548445573368522177e-02	9.029518343156478499e-02
1.572275319437967255e+03	2.070198399116445209e-01	1.323981830330551168e-01	2.783965556571267874e-01	1.745421146918401389e-01	8.168639829817776754e-02	3.554024923666396912e-02	9.041665917130826957e-02
1.577113089651622431e+03	2.065907358141400030e-01	1.321089849017874629e-01	2.786656505534837458e-01	1.747343444507932497e-01	8.176705245962755109e-02	3.559578570315543450e-02	9.053744611682919274e-02
1.581950859865277607e+03	2.061640976508233580e-01	1.318213640542681697e-01	2.789331853454475874e-01	1.749254760263329600e-01	8.184726291407451448e-02	3.565106600012786509e-02	9.065754800874228914e-02
1.586788630078933011e+03	2.057399112864594370e-01	1.315353118059626458e-01	2.791991698601211103e-01	1.751155154781066925e-01	8.192703200353861070e-02	3.570609099634976247e-02	9.077696856927845726e-02
1.591626400292587959e+03	2.053181626675179006e-01	1.312508195201768091e-01	2.794636138524859703e-01	1.753044688345443969e-01	8.200636206044892296e-02	3.576086156229661694e-02	9.089571150234615482e-02
1.596464170506243590e+03	2.048988378216876904e-01	1.309678786077968227e-01	2.797265270060629860e-01	1.754923420929884459e-01	8.208525540762845463e-02	3.581537857005928638e-02	9.101378049359307165e-02
1.601301940719898766e+03	2.044819228573947489e-01	1.306864805270306906e-01	2.799879189335650609e-01	1.756791412198238089e-01	8.216371435828032088e-02	3.586964289325390159e-02	9.113117921046817727e-02
1.606139710933553943e+03	2.040674039633227632e-01	1.304066167831508527e-01	2.802477991775427224e-01	1.758648721506078372e-01	8.224174121597516152e-02	3.592365540693345100e-02	9.124791130228393499e-02
1.610977481147209119e+03	2.036552674079368797e-01	1.301282789282381946e-01	2.805061772110219454e-01	1.760495407902002152e-01	8.231933827463977504e-02	3.597741698750080847e-02	9.136398040027894629e-02
1.615815251360864750e+03	2.032454995390105268e-01	1.298514585609272798e-01	2.807630624381352580e-01	1.762331530128927459e-01	8.239650781854683526e-02	3.603092851262332946e-02	9.147939011768076167e-02
1.620653021574519926e+03	2.028380867831550416e-01	1.295761473261533292e-01	2.810184641947455764e-01	1.764157146625388861e-01	8.247325212230598168e-02	3.608419086114897367e-02	9.159414404976892743e-02
1.625490791788175102e+03	2.024330156453525431e-01	1.293023369148999790e-01	2.812723917490628778e-01	1.765972315526833369e-01	8.254957345085588150e-02	3.613720491302382931e-02	9.170824577393837940e-02
1.630328562001830505e+03	2.020302727084915539e-01	1.290300190639486200e-01	2.815248543022538241e-01	1.767777094666913851e-01	8.262547405945742940e-02	3.618997154921115011e-02	9.182169884976291996e-02
1.635166332215485909e+03	2.016298446329055638e-01	1.287591855556290132e-01	2.817758609890449462e-01	1.769571541578782159e-01	8.270095619368814099e-02	3.624249165161185643e-02	9.193450681905911137e-02
1.640004102429141085e+03	2.012317181559146462e-01	1.284898282175713224e-01	2.820254208783188332e-01	1.771355713496380602e-01	8.277602208943750373e-02	3.629476610298634082e-02	9.204667320595012747e-02
1.644841872642796488e+03	2.008358800913697950e-01	1.282219389224592554e-01	2.822735429737033841e-01	1.773129667355731465e-01	8.285067397290342417e-02	3.634679578687776552e-02	9.215820151693004947e-02
1.649679642856451665e+03	2.004423173292001203e-01	1.279555095877844273e-01	2.825202362141550072e-01	1.774893459796226258e-01	8.292491406058975778e-02	3.639858158753670608e-02	9.226909524092816173e-02
1.654517413070107068e+03	2.000510168349631801e-01	1.276905321756023615e-01	2.827655094745347708e-01	1.776647147161911355e-01	8.299874455930471295e-02	3.645012438984711334e-02	9.237935784937352512e-02
1.659355183283762244e+03	1.996619656493976436e-01	1.274269986922894338e-01	2.830093715661786691e-01	1.778390785502774463e-01	8.307216766616035142e-02	3.650142507925362850e-02	9.248899279625967529e-02
1.664192953497417420e+03	1.992751508879791744e-01	1.271649011883011771e-01	2.832518312374610603e-01	1.780124430576026928e-01	8.314518556857296294e-02	3.655248454169023054e-02	9.259800351820950126e-02
1.669030723711072824e+03	1.988905597404789782e-01	1.269042317579319734e-01	2.834928971743523318e-01	1.781848137847387159e-01	8.321780044426449474e-02	3.660330366351011860e-02	9.270639343454024905e-02
1.673868493924728000e+03	1.985081794705250147e-01	1.266449825390758288e-01	2.837325780009696818e-01	1.783561962492359598e-01	8.329001446126477193e-02	3.665388333141691990e-02	9.281416594732867786e-02
1.678706264138383403e+03	1.981279974151661794e-01	1.263871457129885356e-01	2.839708822801227939e-01	1.785265959397512592e-01	8.336182977791466164e-02	3.670422443239711174e-02	9.292132444147638282e-02
1.683544034352038352e+03	1.977500009844388729e-01	1.261307135040509730e-01	2.842078185138526281e-01	1.786960183161755145e-01	8.343324854287018089e-02	3.675432785365369964e-02	9.302787228477511772e-02
1.688381804565693983e+03	1.973741776609365672e-01	1.258756781795337676e-01	2.844433951439647168e-01	1.788644688097611180e-01	8.350427289510735374e-02	3.680419448254112352e-02	9.313381282797235372e-02
1.693219574779349159e+03	1.970005149993820093e-01	1.256220320493630360e-01	2.846776205525566317e-01	1.790319528232491020e-01	8.357490496392804002e-02	3.685382520650130889e-02	9.323914940483690739e-02
1.698057344993004335e+03	1.966290006262019496e-01	1.253697674658876271e-01	2.849105030625391777e-01	1.791984757309962317e-01	8.364514686896645790e-02	3.690322091300092533e-02	9.334388533222462425e-02
1.702895115206659511e+03	1.962596222391047585e-01	1.251188768236472237e-01	2.851420509381527579e-01	1.793640428791016816e-01	8.371500072019653904e-02	3.695238248946983856e-02	9.344802391014420118e-02
1.707732885420315142e+03	1.958923676066604003e-01	1.248693525591419162e-01	2.853722723854770771e-01	1.795286595855337120e-01	8.378446861794014433e-02	3.700131082324065179e-02	9.355156842182305033e-02
1.712570655633970318e+03	1.955272245678832677e-01	1.246211871506030244e-01	2.856011755529361817e-01	1.796923311402559009e-01	8.385355265287598725e-02	3.705000680148941294e-02	9.365452213377324642e-02
1.717408425847625494e+03	1.951641810318173187e-01	1.243743731177648776e-01	2.858287685317972837e-01	1.798550628053532663e-01	8.392225490604926508e-02	3.709847131117740421e-02	9.375688829585755724e-02
1.722246196061280898e+03	1.948032249771242674e-01	1.241289030216380651e-01	2.860550593566647537e-01	1.800168598151581367e-01	8.399057744888215049e-02	3.714670523899402804e-02	9.385867014135551578e-02
1.727083966274936301e+03	1.944443444516737729e-01	1.238847694642837144e-01	2.862800560059684529e-01	1.801777273763758014e-01	8.405852234318483829e-02	3.719470947130078947e-02	9.395987088702952017e-02
1.731921736488591478e+03	1.940875275721366255e-01	1.236419650885890315e-01	2.865037664024466801e-01	1.803376706682097985e-01	8.412609164116739702e-02	3.724248489407633311e-02	9.406049373319101681e-02
1.736759506702246881e+03	1.937327625235801265e-01	1.234004825780440073e-01	2.867261984136241226e-01	1.804966948424870654e-01	8.419328738545231450e-02	3.729003239286249327e-02	9.416054186376668356e-02
1.741597276915902057e+03	1.933800375590662701e-01	1.231603146565193041e-01	2.869473598522847557e-01	1.806548050237827829e-01	8.426011160908764008e-02	3.733735285271140569e-02	9.426001844636468230e-02
1.746435047129557461e+03	1.930293409992520637e-01	1.229214540880453066e-01	2.871672584769393022e-01	1.808120063095449148e-01	8.432656633556075143e-02	3.738444715813363933e-02	9.435892663234089761e-02
1.751272817343212637e+03	1.926806612319927059e-01	1.226838936765923815e-01	2.873859019922878066e-01	1.809683037702186359e-01	8.439265357881292617e-02	3.743131619304725793e-02	9.445726955686523096e-02
1.756110587556867813e+03	1.923339867119469304e-01	1.224476262658522191e-01	2.876032980496774916e-01	1.811237024493702608e-01	8.445837534325428830e-02	3.747796084072796408e-02	9.455505033898785328e-02
1.760948357770523216e+03	1.919893059601849028e-01	1.222126447390204790e-01	2.878194542475553952e-01	1.812782073638110336e-01	8.452373362377962884e-02	3.752438198376012446e-02	9.465227208170549911e-02
1.765786127984178393e+03	1.916466075637985600e-01	1.219789420185803941e-01	2.880343781319164020e-01	1.814318235037206128e-01	8.458873040578454572e-02	3.757058050398878746e-02	9.474893787202776085e-02
1.770623898197833569e+03	1.913058801755143368e-01	1.217465110660876648e-01	2.882480771967464439e-01	1.815845558327702780e-01	8.465336766518236078e-02	3.761655728247263741e-02	9.484505078104335518e-02
1.775461668411488745e+03	1.909671125133081404e-01	1.215153448819564636e-01	2.884605588844608159e-01	1.817364092882458593e-01	8.471764736842150867e-02	3.766231319943787875e-02	9.494061386398641722e-02
1.780299438625144376e+03	1.906302933600229066e-01	1.212854365052465772e-01	2.886718305863381628e-01	1.818873887811702228e-01	8.478157147250348080e-02	3.770784913423299439e-02	9.503563016030269761e-02
1.785137208838799552e+03	1.902954115629885701e-01	1.210567790134515903e-01	2.888818996429496910e-01	1.820374991964256728e-01	8.484514192500131058e-02	3.775316596528443397e-02	9.513010269371582894e-02
1.789974979052454728e+03	1.899624560336438395e-01	1.208293655222883317e-01	2.890907733445837180e-01	1.821867453928759095e-01	8.490836066407861371e-02	3.779826457005318330e-02	9.522403447229348117e-02
1.794812749266109904e+03	1.896314157471611361e-01	1.206031891854873750e-01	2.892984589316658917e-01	1.823351322034878208e-01	8.497122961850904488e-02	3.784314582499217344e-02	9.531742848851358640e-02
1.799650519479765535e+03	1.893022797420730041e-01	1.203782431945846498e-01	2.895049635951752465e-01	1.824826644354527183e-01	8.503375070769632338e-02	3.788781060550457797e-02	9.541028771933041108e-02
1.804488289693420711e+03	1.889750371199015455e-01	1.201545207787141217e-01	2.897102944770554300e-01	1.826293468703075185e-01	8.509592584169474450e-02	3.793225978590293590e-02	9.550261512624066973e-02
1.809326059907075887e+03	1.886496770447894655e-01	1.199320152044016652e-01	2.899144586706218218e-01	1.827751842640553681e-01	8.515775692123007945e-02	3.797649423936911434e-02	9.559441365534949997e-02
1.814163830120731291e+03	1.883261887431338655e-01	1.197107197753600194e-01	2.901174632209643778e-01	1.829201813472861871e-01	8.521924583772103046e-02	3.802051483791506203e-02	9.568568623743647916e-02
1.819001600334386467e+03	1.880045615032220896e-01	1.194906278322847293e-01	2.903193151253464777e-01	1.830643428252967664e-01	8.528039447330107437e-02	3.806432245234439571e-02	9.577643578802157165e-02
1.823839370548041643e+03	1.876847846748698478e-01	1.192717327526513077e-01	2.905200213335991100e-01	1.832076733782104228e-01	8.534120470084072263e-02	3.810791795221478429e-02	9.586666520743092335e-02
1.828677140761696819e+03	1.873668476690614204e-01	1.190540279505133969e-01	2.907195887485117258e-01	1.833501776610965694e-01	8.540167838397028088e-02	3.815130220580105480e-02	9.595637738086271185e-02
1.833514910975352450e+03	1.870507399575922769e-01	1.188375068763020542e-01	2.909180242262181526e-01	1.834918603040897600e-01	8.546181737710289994e-02	3.819447608005915873e-02	9.604557517845282999e-02
1.838352681189008081e+03	1.867364510727137772e-01	1.186221630166260921e-01	2.911153345765793987e-01	1.836327259125084543e-01	8.552162352545812640e-02	3.823744044059078362e-02	9.613426145534051392e-02
1.843190451402663257e+03	1.864239706067800095e-01	1.184079898940734454e-01	2.913115265635616291e-01	1.837727790669734518e-01	8.558109866508580021e-02	3.828019615160883904e-02	9.622243905173398504e-02
1.848028221616318433e+03	1.861132882118967380e-01	1.181949810670136769e-01	2.915066069056110876e-01	1.839120243235260188e-01	8.564024462289031303e-02	3.832274407590354620e-02	9.631011079297584210e-02
1.852865991829973609e+03	1.858043935995726814e-01	1.179831301294014534e-01	2.917005822760244671e-01	1.840504662137454894e-01	8.569906321665524129e-02	3.836508507480931168e-02	9.639727948960855053e-02
1.857703762043628785e+03	1.854972765403728463e-01	1.177724307105811608e-01	2.918934593033160052e-01	1.841881092448667823e-01	8.575755625506838176e-02	3.840722000817235054e-02	9.648394793743965414e-02
1.862541532257283961e+03	1.851919268635737748e-01	1.175628764750925176e-01	2.920852445715804713e-01	1.843249578998974458e-01	8.581572553774703682e-02	3.844914973431891314e-02	9.657011891760704236e-02
1.867379302470939592e+03	1.848883344568211795e-01	1.173544611224771744e-01	2.922759446208526013e-01	1.844610166377341764e-01	8.587357285526374395e-02	3.849087511002429601e-02	9.665579519664406483e-02
1.872217072684594768e+03	1.845864892657894107e-01	1.171471783870864786e-01	2.924655659474628133e-01	1.845962898932793639e-01	8.593109998917224102e-02	3.853239699048243566e-02	9.674097952654452104e-02
1.877054842898249490e+03	1.842863812938432821e-01	1.169410220378901272e-01	2.926541150043893702e-01	1.847307820775568599e-01	8.598830871203375081e-02	3.857371622927625865e-02	9.682567464482758068e-02
1.881892613111905121e+03	1.839880006017016456e-01	1.167359858782859999e-01	2.928415982016071006e-01	1.848644975778276356e-01	8.604520078744368194e-02	3.861483367834865621e-02	9.690988327460257901e-02
1.886730383325560297e+03	1.836913373071032418e-01	1.165320637459108244e-01	2.930280219064319569e-01	1.849974407577050783e-01	8.610177797005845457e-02	3.865575018797406948e-02	9.699360812463371506e-02
1.891568153539215928e+03	1.833963815844744383e-01	1.163292495124520626e-01	2.932133924438629080e-01	1.851296159572698163e-01	8.615804200562279802e-02	3.869646660673075472e-02	9.707685188940459731e-02
1.896405923752871104e+03	1.831031236645990490e-01	1.161275370834606024e-01	2.933977160969200582e-01	1.852610274931842105e-01	8.621399463099709004e-02	3.873698378147365923e-02	9.715961724918273368e-02
1.901243693966526507e+03	1.828115538342901802e-01	1.159269203981646568e-01	2.935809991069790459e-01	1.853916796588064575e-01	8.626963757418529277e-02	3.877730255730793552e-02	9.724190687008384126e-02
1.906081464180181683e+03	1.825216624360639084e-01	1.157273934292844392e-01	2.937632476741027232e-01	1.855215767243044434e-01	8.632497255436279160e-02	3.881742377756300377e-02	9.732372340413605882e-02
1.910919234393836859e+03	1.822334398678152334e-01	1.155289501828480753e-01	2.939444679573689490e-01	1.856507229367690415e-01	8.638000128190474747e-02	3.885734828376728733e-02	9.740506948934404829e-02
1.915757004607492036e+03	1.819468765824956979e-01	1.153315846980083187e-01	2.941246660751952735e-01	1.857791225203271612e-01	8.643472545841460186e-02	3.889707691562349634e-02	9.748594774975291588e-02
1.920594774821147894e+03	1.816619630877930602e-01	1.151352910468603080e-01	2.943038481056604594e-01	1.859067796762543245e-01	8.648914677675277607e-02	3.893661051098447345e-02	9.756636079551204987e-02
1.925432545034802843e+03	1.813786899458130486e-01	1.149400633342603645e-01	2.944820200868229487e-01	1.860336985830869927e-01	8.654326692106567576e-02	3.897594990582964325e-02	9.764631122293880583e-02
1.930270315248458019e+03	1.810970477727627259e-01	1.147458956976456917e-01	2.946591880170356670e-01	1.861598833967343658e-01	8.659708756681487596e-02	3.901509593424203753e-02	9.772580161458209458e-02
1.935108085462113195e+03	1.808170272386361854e-01	1.145527823068550471e-01	2.948353578552582732e-01	1.862853382505899047e-01	8.665061038080651423e-02	3.905404942838579252e-02	9.780483453928573434e-02
1.939945855675768371e+03	1.805386190669015789e-01	1.143607173639503982e-01	2.950105355213661906e-01	1.864100672556424643e-01	8.670383702122087810e-02	3.909281121848429130e-02	9.788341255225171955e-02
1.944783625889424002e+03	1.802618140341906983e-01	1.141696951030396062e-01	2.951847268964559734e-01	1.865340745005869272e-01	8.675676913764225617e-02	3.913138213279875738e-02	9.796153819510336480e-02
1.949621396103079178e+03	1.799866029699899450e-01	1.139797097900998868e-01	2.953579378231485641e-01	1.866573640519345878e-01	8.680940837108887254e-02	3.916976299760743102e-02	9.803921399594828223e-02
1.954459166316734354e+03	1.797129767563332980e-01	1.137907557228024780e-01	2.955301741058892206e-01	1.867799399541230643e-01	8.686175635404309869e-02	3.920795463718525914e-02	9.811644246944120629e-02
1.959296936530389530e+03	1.794409263274971966e-01	1.136028272303380160e-01	2.957014415112440564e-01	1.869018062296258775e-01	8.691381471048183205e-02	3.924595787378403616e-02	9.819322611684662416e-02
1.964134706744044706e+03	1.791704426696971719e-01	1.134159186732429103e-01	2.958717457681945273e-01	1.870229668790615862e-01	8.696558505590691601e-02	3.928377352761311392e-02	9.826956742610135076e-02
1.968972476957700337e+03	1.789015168207864215e-01	1.132300244432267872e-01	2.960410925684283656e-01	1.871434258813025886e-01	8.701706899737593481e-02	3.932140241682058335e-02	9.834546887187685382e-02
1.973810247171355968e+03	1.786341398699560490e-01	1.130451389630007658e-01	2.962094875666279048e-01	1.872631871935833969e-01	8.706826813353299443e-02	3.935884535747494195e-02	9.842093291564146806e-02
1.978648017385010689e+03	1.783683029574371359e-01	1.128612566861065952e-01	2.963769363807556290e-01	1.873822547516087456e-01	8.711918405463968396e-02	3.939610316354721919e-02	9.849596200572242888e-02
1.983485787598666320e+03	1.781039972742047839e-01	1.126783720967468594e-01	2.965434445923370577e-01	1.875006324696611715e-01	8.716981834260627282e-02	3.943317664689360152e-02	9.857055857736776727e-02
1.988323557812321269e+03	1.778412140616836556e-01	1.124964797096159597e-01	2.967090177467403556e-01	1.876183242407080676e-01	8.722017257102292198e-02	3.947006661723852922e-02	9.864472505280802439e-02
1.993161328025976900e+03	1.775799446114555424e-01	1.123155740697321520e-01	2.968736613534542768e-01	1.877353339365085416e-01	8.727024830519111709e-02	3.950677388215819569e-02	9.871846384131778562e-02
1.997999098239632076e+03	1.773201802649684578e-01	1.121356497522703610e-01	2.970373808863622789e-01	1.878516654077198311e-01	8.732004710215512944e-02	3.954329924706454641e-02	9.879177733927704819e-02
2.002836868453287707e+03	1.770619124132477018e-01	1.119567013623959523e-01	2.972001817840147497e-01	1.879673224840033574e-01	8.736957051073371283e-02	3.957964351518970109e-02	9.886466793023250543e-02
2.007674638666942428e+03	1.768051324966084248e-01	1.117787235350994474e-01	2.973620694498984585e-01	1.880823089741301690e-01	8.741882007155185597e-02	3.961580748757080606e-02	9.893713798495851197e-02
2.012512408880597604e+03	1.765498320043701330e-01	1.116017109350320863e-01	2.975230492527033421e-01	1.881966286660862464e-01	8.746779731707257644e-02	3.965179196303530995e-02	9.900918986151800716e-02
2.017350179094252780e+03	1.762960024745727494e-01	1.114256582563422499e-01	2.976831265265866278e-01	1.883102853271772514e-01	8.751650377162895067e-02	3.968759773818670428e-02	9.908082590532317491e-02
2.022187949307908411e+03	1.760436354936944781e-01	1.112505602225128398e-01	2.978423065714347895e-01	1.884232827041329161e-01	8.756494095145614387e-02	3.972322560739059011e-02	9.915204844919595084e-02
2.027025719521564042e+03	1.757927226963711953e-01	1.110764115861995055e-01	2.980005946531227301e-01	1.885356245232110983e-01	8.761311036472355096e-02	3.975867636276123745e-02	9.922285981342840455e-02
2.031863489735218764e+03	1.755432557651177561e-01	1.109032071290697169e-01	2.981579960037706312e-01	1.886473144903012267e-01	8.766101351156704857e-02	3.979395079414849851e-02	9.929326230584291368e-02
2.036701259948874394e+03	1.752952264300507990e-01	1.107309416616427677e-01	2.983145158219981385e-01	1.887583562910276347e-01	8.770865188412124702e-02	3.982904968912511640e-02	9.936325822185206047e-02
2.041539030162529116e+03	1.750486264686131888e-01	1.105596100231305834e-01	2.984701592731768272e-01	1.888687535908523119e-01	8.775602696655197821e-02	3.986397383297444336e-02	9.943284984451851438e-02
2.046376800376184747e+03	1.748034477053002633e-01	1.103892070812795001e-01	2.986249314896791129e-01	1.889785100351771829e-01	8.780314023508867249e-02	3.989872400867852664e-02	9.950203944461460948e-02
2.051214570589840150e+03	1.745596820113875514e-01	1.102197277322127661e-01	2.987788375711260547e-01	1.890876292494461930e-01	8.784999315805692988e-02	3.993330099690654833e-02	9.957082928068181071e-02
2.056052340803495554e+03	1.743173213046601833e-01	1.100511669002739862e-01	2.989318825846322691e-01	1.891961148392468095e-01	8.789658719591106339e-02	3.996770557600368839e-02	9.963922159908994436e-02
2.060890111017150957e+03	1.740763575491439397e-01	1.098835195378713436e-01	2.990840715650481818e-01	1.893039703904111359e-01	8.794292380126679520e-02	4.000193852198027922e-02	9.970721863409620633e-02
2.065727881230805451e+03	1.738367827548379374e-01	1.097167806253227795e-01	2.992354095152009452e-01	1.894111994691168588e-01	8.798900441893392488e-02	4.003600060850137643e-02	9.977482260790414281e-02
2.070565651444461309e+03	1.735985889774486479e-01	1.095509451707019355e-01	2.993859014061320267e-01	1.895178056219874174e-01	8.803483048594908100e-02	4.006989260687665588e-02	9.984203573072221449e-02
2.075403421658116713e+03	1.733617683181259972e-01	1.093860082096849290e-01	2.995355521773334639e-01	1.896237923761920352e-01	8.808040343160848662e-02	4.010361528605065062e-02	9.990886020082241636e-02
2.080241191871772116e+03	1.731263129232004372e-01	1.092219648053979753e-01	2.996843667369817887e-01	1.897291632395452232e-01	8.812572467750080796e-02	4.013716941259333482e-02	9.997529820459846728e-02
2.085078962085427065e+03	1.728922149839220435e-01	1.090588100482658557e-01	2.998323499621691202e-01	1.898339217006059787e-01	8.817079563754000315e-02	4.017055575069104767e-02	1.000413519166239995e-01
2.089916732299082469e+03	1.726594667362010282e-01	1.088965390558611773e-01	2.999795066991330361e-01	1.899380712287764006e-01	8.821561771799822649e-02	4.020377506213771573e-02	1.001070234997104152e-01
2.094754502512737417e+03	1.724280604603497247e-01	1.087351469727545206e-01	3.001258417634837250e-01	1.900416152744001941e-01	8.826019231753873262e-02	4.023682810632644991e-02	1.001723151049646737e-01
2.099592272726392821e+03	1.721979884808261529e-01	1.085746289703652806e-01	3.002713599404291389e-01	1.901445572688604257e-01	8.830452082724883633e-02	4.026971564024140610e-02	1.002372288718467730e-01
2.104430042940048224e+03	1.719692431659791410e-01	1.084149802468134527e-01	3.004160659849983706e-01	1.902469006246770844e-01	8.834860463067284453e-02	4.030243841844998592e-02	1.003017669282270929e-01
2.109267813153704083e+03	1.717418169277949158e-01	1.082561960267721252e-01	3.005599646222626986e-01	1.903486487356042534e-01	8.839244510384508535e-02	4.033499719309534964e-02	1.003659313904435857e-01
2.114105583367359031e+03	1.715157022216452221e-01	1.080982715613208606e-01	3.007030605475545237e-01	1.904498049767268109e-01	8.843604361532284019e-02	4.036739271388920663e-02	1.004297243633586051e-01
2.118943353581013525e+03	1.712908915460368831e-01	1.079412021277997569e-01	3.008453584266847503e-01	1.905503727045566031e-01	8.847940152621940058e-02	4.039962572810492508e-02	1.004931479404157363e-01
2.123781123794669384e+03	1.710673774423628890e-01	1.077849830296644246e-01	3.009868628961580028e-01	1.906503552571284787e-01	8.852252019023701402e-02	4.043169698057092615e-02	1.005562042036963338e-01
2.128618894008324787e+03	1.708451524946551503e-01	1.076296095963416993e-01	3.011275785633854563e-01	1.907497559540957122e-01	8.856540095369989929e-02	4.046360721366435570e-02	1.006188952239758516e-01
2.133456664221980191e+03	1.706242093293382500e-01	1.074750771830861595e-01	3.012675100068962775e-01	1.908485780968251500e-01	8.860804515558730332e-02	4.049535716730503360e-02	1.006812230607799508e-01
2.138294434435635139e+03	1.704045406149851671e-01	1.073213811708373933e-01	3.014066617765471245e-01	1.909468249684918018e-01	8.865045412756643317e-02	4.052694757894971522e-02	1.007431897624404826e-01
2.143132204649290543e+03	1.701861390620739989e-01	1.071685169660780701e-01	3.015450383937295920e-01	1.910444998341732092e-01	8.869262919402548517e-02	4.055837918358659588e-02	1.008047973661512359e-01
2.147969974862945492e+03	1.699689974227465705e-01	1.070164800006927625e-01	3.016826443515754352e-01	1.911416059409432600e-01	8.873457167210661856e-02	4.058965271373007194e-02	1.008660478980234615e-01
2.152807745076601350e+03	1.697531084905680721e-01	1.068652657318275995e-01	3.018194841151608521e-01	1.912381465179657236e-01	8.877628287173890131e-02	4.062076889941579338e-02	1.009269433731412313e-01
2.157645515290255844e+03	1.695384651002883603e-01	1.067148696417505871e-01	3.019555621217083208e-01	1.913341247765872333e-01	8.881776409567129771e-02	4.065172846819596619e-02	1.009874857956165051e-01
2.162483285503912157e+03	1.693250601276045930e-01	1.065652872377127885e-01	3.020908827807864405e-01	1.914295439104300167e-01	8.885901663950551699e-02	4.068253214513489063e-02	1.010476771586441280e-01
2.167321055717567106e+03	1.691128864889252237e-01	1.064165140518101987e-01	3.022254504745084391e-01	1.915244070954841560e-01	8.890004179172902865e-02	4.071318065280479098e-02	1.011075194445565512e-01
2.172158825931222509e+03	1.689019371411355497e-01	1.062685456408464096e-01	3.023592695577289602e-01	1.916187174901994861e-01	8.894084083374782790e-02	4.074367471128181178e-02	1.011670146248783569e-01
2.176996596144877003e+03	1.686922050813644824e-01	1.061213775861959974e-01	3.024923443582387406e-01	1.917124782355769108e-01	8.898141503991938150e-02	4.077401503814238187e-02	1.012261646603805354e-01
2.181834366358532861e+03	1.684836833467526496e-01	1.059750054936686864e-01	3.026246791769577338e-01	1.918056924552596632e-01	8.902176567758537939e-02	4.080420234845966165e-02	1.012849715011346352e-01
2.186672136572187810e+03	1.682763650142221346e-01	1.058294249933741937e-01	3.027562782881266235e-01	1.918983632556238439e-01	8.906189400710456949e-02	4.083423735480037203e-02	1.013434370865666651e-01
2.191509906785843214e+03	1.680702432002472713e-01	1.056846317395879198e-01	3.028871459394965049e-01	1.919904937258687383e-01	8.910180128188543991e-02	4.086412076722174130e-02	1.014015633455107868e-01
2.196347676999498617e+03	1.678653110606270482e-01	1.055406214106172497e-01	3.030172863525169014e-01	1.920820869381066609e-01	8.914148874841899828e-02	4.089385329326872959e-02	1.014593521962628281e-01
2.201185447213154021e+03	1.676615617902586231e-01	1.053973897086686734e-01	3.031467037225223371e-01	1.921731459474523840e-01	8.918095764631141231e-02	4.092343563797146144e-02	1.015168055466335456e-01
2.206023217426809424e+03	1.674589886229123081e-01	1.052549323597156278e-01	3.032754022189169674e-01	1.922636737921123717e-01	8.922020920831663648e-02	4.095286850384287358e-02	1.015739252940017351e-01
2.210860987640464373e+03	1.672575848310078328e-01	1.051132451133669765e-01	3.034033859853578763e-01	1.923536734934731263e-01	8.925924466036898319e-02	4.098215259087658463e-02	1.016307133253671058e-01
2.215698757854119776e+03	1.670573437253920768e-01	1.049723237427363370e-01	3.035306591399365983e-01	1.924431480561898389e-01	8.929806522161566618e-02	4.101128859654497305e-02	1.016871715174029189e-01
2.220536528067775180e+03	1.668582586551178581e-01	1.048321640443120178e-01	3.036572257753592519e-01	1.925321004682740977e-01	8.933667210444928841e-02	4.104027721579743548e-02	1.017433017365084874e-01
2.225374298281430583e+03	1.666603230072241093e-01	1.046927618378277192e-01	3.037830899591247857e-01	1.926205337011813179e-01	8.937506651454023288e-02	4.106911914105890182e-02	1.017991058388613979e-01
2.230212068495085077e+03	1.664635302065175237e-01	1.045541129661339275e-01	3.039082557337020041e-01	1.927084507098978938e-01	8.941324965086909493e-02	4.109781506222849601e-02	1.018545856704695662e-01
2.235049838708740936e+03	1.662678737153552300e-01	1.044162132950700039e-01	3.040327271167048151e-01	1.927958544330279356e-01	8.945122270575892043e-02	4.112636566667839111e-02	1.019097430672231408e-01
2.239887608922396339e+03	1.660733470334289363e-01	1.042790587133370223e-01	3.041565081010664251e-01	1.928827477928795886e-01	8.948898686490756871e-02	4.115477163925291421e-02	1.019645798549460025e-01
2.244725379136052197e+03	1.658799436975502140e-01	1.041426451323712171e-01	3.042796026552113120e-01	1.929691336955507985e-01	8.952654330741982580e-02	4.118303366226778311e-02	1.020190978494472933e-01
2.249563149349706237e+03	1.656876572814371396e-01	1.040069684862181959e-01	3.044020147232263662e-01	1.930550150310150481e-01	8.956389320583958702e-02	4.121115241550953739e-02	1.020732988565726113e-01
2.254400919563362095e+03	1.654964813955020764e-01	1.038720247314078304e-01	3.045237482250301442e-01	1.931403946732063448e-01	8.960103772618187301e-02	4.123912857623516365e-02	1.021271846722550114e-01
2.259238689777017044e+03	1.653064096866408983e-01	1.037378098468298010e-01	3.046448070565411226e-01	1.932252754801039585e-01	8.963797802796494296e-02	4.126696281917191511e-02	1.021807570825657707e-01
2.264076459990672902e+03	1.651174358380232687e-01	1.036043198336098758e-01	3.047651950898440654e-01	1.933096602938168540e-01	8.967471526424211636e-02	4.129465581651724226e-02	1.022340178637650560e-01
