1.001418434226643626e+03	2.797134058587231742e-01	1.808527310595696436e-01	2.348303099568115337e-01	1.408126214253933028e-01	6.815783910821800184e-02	2.665878942081258141e-02	6.897430317028784008e-02
1.003837319333471214e+03	2.792867126100139208e-01	1.805786993104520621e-01	2.351347061967507812e-01	1.409851113865915884e-01	6.823008979590305945e-02	2.670051496435879232e-02	6.908416573574589770e-02
1.006256204440298802e+03	2.788612324914394591e-01	1.803054307272633772e-01	2.354382483840258278e-01	1.411570751960329051e-01	6.830212252650809390e-02	2.674216661382597046e-02	6.919372406072042681e-02
1.008675089547126618e+03	2.784369620345814034e-01	1.800329231812899666e-01	2.357409389049837656e-01	1.413285146589304264e-01	6.837393804181508827e-02	2.678374437225270605e-02	6.930297880596264504e-02
1.011093974653954206e+03	2.780138977811068557e-01	1.797611745497580404e-01	2.360427801392989688e-01	1.414994315719759199e-01	6.844553708078401910e-02	2.682524824374479464e-02	6.941193063314743394e-02
1.013512859760782021e+03	2.775920362827373755e-01	1.794901827158171259e-01	2.363437744599918844e-01	1.416698277234182124e-01	6.851692037954937309e-02	2.686667823346645598e-02	6.952058020483561918e-02
1.015931744867609382e+03	2.771713741012190035e-01	1.792199455685233589e-01	2.366439242334475723e-01	1.418397048931401838e-01	6.858808867141737153e-02	2.690803434763158752e-02	6.962892818443693066e-02
1.018350629974437197e+03	2.767519078082917861e-01	1.789504610028232467e-01	2.369432318194343023e-01	1.420090648527342347e-01	6.865904268686397194e-02	2.694931659349505959e-02	6.973697523617347627e-02
1.020769515081264785e+03	2.763336339856590218e-01	1.786817269195369040e-01	2.372416995711222609e-01	1.421779093655765602e-01	6.872978315353360512e-02	2.699052497934400704e-02	6.984472202504381222e-02
1.023188400188092373e+03	2.759165492249576190e-01	1.784137412253419541e-01	2.375393298351017313e-01	1.423462401868996474e-01	6.880031079623853685e-02	2.703165951448919385e-02	6.995216921678752697e-02
1.025607285294920075e+03	2.755006501277277864e-01	1.781465018327569871e-01	2.378361249514018005e-01	1.425140590638638016e-01	6.887062633695897884e-02	2.707272020925637762e-02	7.005931747785044961e-02
1.028026170401747549e+03	2.750859333053828348e-01	1.778800066601253782e-01	2.381320872535086508e-01	1.426813677356272847e-01	6.894073049484379656e-02	2.711370707497771579e-02	7.016616747535041332e-02
1.030445055508575479e+03	2.746723953791797013e-01	1.776142536315989395e-01	2.384272190683838222e-01	1.428481679334151488e-01	6.901062398621182759e-02	2.715462012398322036e-02	7.027271987704346301e-02
1.032863940615402726e+03	2.742600329801885839e-01	1.773492406771217667e-01	2.387215227164825593e-01	1.430144613805867104e-01	6.908030752455371348e-02	2.719545936959223351e-02	7.037897535129056248e-02
1.035282825722230655e+03	2.738488427492636323e-01	1.770849657324139736e-01	2.390150005117720466e-01	1.431802497927021078e-01	6.914978182053445332e-02	2.723622482610493431e-02	7.048493456702500937e-02
1.037701710829058356e+03	2.734388213370130272e-01	1.768214267389556782e-01	2.393076547617495331e-01	1.433455348775874716e-01	6.921904758199629026e-02	2.727691650879391153e-02	7.059059819372014155e-02
1.040120595935886058e+03	2.730299654037697810e-01	1.765586216439709311e-01	2.395994877674605117e-01	1.435103183353992062e-01	6.928810551396223649e-02	2.731753443389573974e-02	7.069596690135768191e-02
1.042539481042713533e+03	2.726222716195618734e-01	1.762965484004115069e-01	2.398905018235167330e-01	1.436746018586868012e-01	6.935695631864001454e-02	2.735807861860261800e-02	7.080104136039648555e-02
1.044958366149541234e+03	2.722157366640833298e-01	1.760352049669411667e-01	2.401806992181142464e-01	1.438383871324548924e-01	6.942560069542649814e-02	2.739854908105403275e-02	7.090582224174184212e-02
1.047377251256368709e+03	2.718103572266646339e-01	1.757745893079195043e-01	2.404700822330514132e-01	1.440016758342242131e-01	6.949403934091256951e-02	2.743894584032847972e-02	7.101031021671515286e-02
1.049796136363196410e+03	2.714061300062438065e-01	1.755146993933861532e-01	2.407586531437467814e-01	1.441644696340914356e-01	6.956227294888843449e-02	2.747926891643519970e-02	7.111450595702420441e-02
1.052215021470024112e+03	2.710030517113370951e-01	1.752555331990449383e-01	2.410464142192569326e-01	1.443267701947880122e-01	6.963030221034925693e-02	2.751951833030598718e-02	7.121841013473380333e-02
1.054633906576851814e+03	2.706011190600102201e-01	1.749970887062479441e-01	2.413333677222944118e-01	1.444885791717383239e-01	6.969812781350127884e-02	2.755969410378702328e-02	7.132202342223685487e-02
1.057052791683679516e+03	2.702003287798493414e-01	1.747393639019799438e-01	2.416195159092453248e-01	1.446498982131164956e-01	6.976575044376823187e-02	2.759979625963074334e-02	7.142534649222599674e-02
1.059471676790506763e+03	2.698006776079324154e-01	1.744823567788424956e-01	2.419048610301872682e-01	1.448107289599025460e-01	6.983317078379809584e-02	2.763982482148777051e-02	7.152838001766549658e-02
1.061890561897334692e+03	2.694021622908004399e-01	1.742260653350383159e-01	2.421894053289067872e-01	1.449710730459377039e-01	6.990038951347023188e-02	2.767977981389887002e-02	7.163112467176374620e-02
1.064309447004162394e+03	2.690047795844288103e-01	1.739704875743557366e-01	2.424731510429171677e-01	1.451309320979785600e-01	6.996740730990279322e-02	2.771966126228696606e-02	7.173358112794607500e-02
1.066728332110990095e+03	2.686085262541988428e-01	1.737156215061529951e-01	2.427561004034758940e-01	1.452903077357507178e-01	7.003422484746044119e-02	2.775946919294920018e-02	7.183575005982803519e-02
1.069147217217817570e+03	2.682133990748694630e-01	1.734614651453427192e-01	2.430382556356022183e-01	1.454492015720013909e-01	7.010084279776231109e-02	2.779920363304901054e-02	7.193763214118902016e-02
1.071566102324645271e+03	2.678193948305486738e-01	1.732080165123764948e-01	2.433196189580946189e-01	1.456076152125512502e-01	7.016726182969035275e-02	2.783886461060830139e-02	7.203922804594643792e-02
1.073984987431472746e+03	2.674265103146655220e-01	1.729552736332292950e-01	2.436001925835482584e-01	1.457655502563456884e-01	7.023348260939775434e-02	2.787845215449960209e-02	7.214053844813006489e-02
1.076403872538300675e+03	2.670347423299418432e-01	1.727032345393840762e-01	2.438799787183722756e-01	1.459230082955048635e-01	7.029950580031778251e-02	2.791796629443832334e-02	7.224156402185698267e-02
1.078822757645127922e+03	2.666440876883643951e-01	1.724518972678164841e-01	2.441589795628072157e-01	1.460799909153734644e-01	7.036533206317273359e-02	2.795740706097504108e-02	7.234230544130679230e-02
1.081241642751955851e+03	2.662545432111566024e-01	1.722012598609795053e-01	2.444371973109422114e-01	1.462364996945695883e-01	7.043096205598310677e-02	2.799677448548780478e-02	7.244276338069727261e-02
1.083660527858783553e+03	2.658661057287510232e-01	1.719513203667880907e-01	2.447146341507322742e-01	1.463925362050327583e-01	7.049639643407708267e-02	2.803606860017452546e-02	7.254293851426034390e-02
1.086079412965611255e+03	2.654787720807613161e-01	1.717020768386039731e-01	2.449912922640154478e-01	1.465481020120714406e-01	7.056163585010005734e-02	2.807528943804538449e-02	7.264283151621846180e-02
1.088498298072438729e+03	2.650925391159547062e-01	1.714535273352204847e-01	2.452671738265299051e-01	1.467031986744098959e-01	7.062668095402441226e-02	2.811443703291531190e-02	7.274244306076131650e-02
1.090917183179266431e+03	2.647074036922243967e-01	1.712056699208473753e-01	2.455422810079310736e-01	1.468578277442341706e-01	7.069153239315956183e-02	2.815351141939649929e-02	7.284177382202293438e-02
1.093336068286093905e+03	2.643233626765619793e-01	1.709585026650956019e-01	2.458166159718087607e-01	1.470119907672376436e-01	7.075619081216193151e-02	2.819251263289094395e-02	7.294082447405911274e-02
1.095754953392921607e+03	2.639404129450301228e-01	1.707120236429624238e-01	2.460901808757039178e-01	1.471656892826658791e-01	7.082065685304531066e-02	2.823144070958307980e-02	7.303959569082521530e-02
1.098173838499749309e+03	2.635585513827351511e-01	1.704662309348162208e-01	2.463629778711257656e-01	1.473189248233608140e-01	7.088493115519121923e-02	2.827029568643241869e-02	7.313808814615428699e-02
1.100592723606577010e+03	2.631777748838001751e-01	1.702211226263815880e-01	2.466350091035685588e-01	1.474716989158044722e-01	7.094901435535937162e-02	2.830907760116625760e-02	7.323630251373547395e-02
1.103011608713404712e+03	2.627980803513371710e-01	1.699766968087243479e-01	2.469062767125285718e-01	1.476240130801619865e-01	7.101290708769848747e-02	2.834778649227242750e-02	7.333423946709288765e-02
1.105430493820231959e+03	2.624194646974207790e-01	1.697329515782366460e-01	2.471767828315207804e-01	1.477758688303240364e-01	7.107660998375689432e-02	2.838642239899208733e-02	7.343189967956464947e-02
1.107849378927059888e+03	2.620419248430608250e-01	1.694898850366220733e-01	2.474465295880956262e-01	1.479272676739488146e-01	7.114012367249350488e-02	2.842498536131257345e-02	7.352928382428239318e-02
1.110268264033887590e+03	2.616654577181757313e-01	1.692474952908808450e-01	2.477155191038557802e-01	1.480782111125034384e-01	7.120344878028876667e-02	2.846347541996028727e-02	7.362639257415093397e-02
1.112687149140715292e+03	2.612900602615654821e-01	1.690057804532950347e-01	2.479837534944727417e-01	1.482287006413046948e-01	7.126658593095570871e-02	2.850189261639364535e-02	7.372322660182843712e-02
1.115106034247542766e+03	2.609157294208851452e-01	1.687647386414138362e-01	2.482512348697034354e-01	1.483787377495593973e-01	7.132953574575114086e-02	2.854023699279605378e-02	7.381978657970671154e-02
1.117524919354370468e+03	2.605424621526181705e-01	1.685243679780387971e-01	2.485179653334068095e-01	1.485283239204042705e-01	7.139229884338679777e-02	2.857850859206894495e-02	7.391607317989193349e-02
1.119943804461197942e+03	2.601702554220496899e-01	1.682846665912092754e-01	2.487839469835603501e-01	1.486774606309452240e-01	7.145487584004073245e-02	2.861670745782486647e-02	7.401208707418557853e-02
1.122362689568025871e+03	2.597991062032404819e-01	1.680456326141876455e-01	2.490491819122764849e-01	1.488261493522960999e-01	7.151726734936862673e-02	2.865483363438060121e-02	7.410782893406572813e-02
1.124781574674853118e+03	2.594290114790003265e-01	1.678072641854449210e-01	2.493136722058191534e-01	1.489743915496170579e-01	7.157947398251521265e-02	2.869288716675034989e-02	7.420329943066862610e-02
1.127200459781681047e+03	2.590599682408618598e-01	1.675695594486459883e-01	2.495774199446200159e-01	1.491221886821525178e-01	7.164149634812574940e-02	2.873086810063895172e-02	7.429849923477051254e-02
1.129619344888508749e+03	2.586919734890542610e-01	1.673325165526353964e-01	2.498404272032948570e-01	1.492695422032685459e-01	7.170333505235761129e-02	2.876877648243515370e-02	7.439342901676976316e-02
1.132038229995336451e+03	2.583250242324773294e-01	1.670961336514226736e-01	2.501026960506598229e-01	1.494164535604897703e-01	7.176499069889175075e-02	2.880661235920493196e-02	7.448808944666930609e-02
1.134457115102163925e+03	2.579591174886754490e-01	1.668604089041679228e-01	2.503642285497478803e-01	1.495629241955359345e-01	7.182646388894439737e-02	2.884437577868484079e-02	7.458248119405924692e-02
1.136876000208991627e+03	2.575942502838114434e-01	1.666253404751675271e-01	2.506250267578246094e-01	1.497089555443580355e-01	7.188775522127860418e-02	2.888206678927545193e-02	7.467660492809993777e-02
1.139294885315819101e+03	2.572304196526412623e-01	1.663909265338398002e-01	2.508850927264047459e-01	1.498545490371740174e-01	7.194886529221597438e-02	2.891968544003477651e-02	7.477046131750504643e-02
1.141713770422646803e+03	2.568676226384876138e-01	1.661571652547106925e-01	2.511444285012679467e-01	1.499997060985040487e-01	7.200979469564834645e-02	2.895723178067179451e-02	7.486405103052516663e-02
1.144132655529474505e+03	2.565058562932147623e-01	1.659240548173994412e-01	2.514030361224751653e-01	1.501444281472052722e-01	7.207054402304946539e-02	2.899470586153999815e-02	7.495737473493151171e-02
1.146551540636302207e+03	2.561451176772026606e-01	1.656915934066044982e-01	2.516609176243844170e-01	1.502887165965063887e-01	7.213111386348670939e-02	2.903210773363097685e-02	7.505043309799989959e-02
1.148970425743129908e+03	2.557854038593218027e-01	1.654597792120892641e-01	2.519180750356668774e-01	1.504325728540417406e-01	7.219150480363285827e-02	2.906943744856808204e-02	7.514322678649501541e-02
1.151389310849957155e+03	2.554267119169072453e-01	1.652286104286679602e-01	2.521745103793227027e-01	1.505759983218850073e-01	7.225171742777777850e-02	2.910669505860008499e-02	7.523575646665491001e-02
1.153808195956785084e+03	2.550690389357338494e-01	1.649980852561915290e-01	2.524302256726969063e-01	1.507189943965824841e-01	7.231175231784020552e-02	2.914388061659493531e-02	7.532802280417576213e-02
1.156227081063612786e+03	2.547123820099907454e-01	1.647682018995335340e-01	2.526852229274954009e-01	1.508615624691860557e-01	7.237161005337945652e-02	2.918099417603352286e-02	7.542002646419683487e-02
1.158645966170440488e+03	2.543567382422561862e-01	1.645389585685763101e-01	2.529395041498006536e-01	1.510037039252859203e-01	7.243129121160718498e-02	2.921803579100351253e-02	7.551176811128573751e-02
1.161064851277267962e+03	2.540021047434726231e-01	1.643103534781967801e-01	2.531930713400872279e-01	1.511454201450427026e-01	7.249079636739909349e-02	2.925500551619320683e-02	7.560324840942382607e-02
1.163483736384095664e+03	2.536484786329215035e-01	1.640823848482526603e-01	2.534459264932377720e-01	1.512867125032194004e-01	7.255012609330668827e-02	2.929190340688546390e-02	7.569446802199199242e-02
1.165902621490923138e+03	2.532958570381983465e-01	1.638550509035684166e-01	2.536980715985585055e-01	1.514275823692130263e-01	7.260928095956896422e-02	2.932872951895165378e-02	7.578542761175649511e-02
1.168321506597751068e+03	2.529442370951882069e-01	1.636283498739214970e-01	2.539495086397949852e-01	1.515680311070858044e-01	7.266826153412407618e-02	2.936548390884565277e-02	7.587612784085517870e-02
1.170740391704578315e+03	2.525936159480405840e-01	1.634022799940285098e-01	2.542002395951474258e-01	1.517080600755960906e-01	7.272706838262105178e-02	2.940216663359791066e-02	7.596656937078377636e-02
1.173159276811406244e+03	2.522439907491448308e-01	1.631768395035314290e-01	2.544502664372865208e-01	1.518476706282288757e-01	7.278570206843144874e-02	2.943877775080952150e-02	7.605675286238258725e-02
1.175578161918233945e+03	2.518953586591057281e-01	1.629520266469838274e-01	2.546995911333687634e-01	1.519868641132262888e-01	7.284416315266097064e-02	2.947531731864637405e-02	7.614667897582323708e-02
1.177997047025061647e+03	2.515477168467188385e-01	1.627278396738371657e-01	2.549482156450517123e-01	1.521256418736173233e-01	7.290245219416106870e-02	2.951178539583331970e-02	7.623634837059568847e-02
1.180415932131889122e+03	2.512010624889460253e-01	1.625042768384270531e-01	2.551961419285098120e-01	1.522640052472477024e-01	7.296056974954057139e-02	2.954818204164839923e-02	7.632576170549551509e-02
1.182834817238716823e+03	2.508553927708911946e-01	1.622813363999598413e-01	2.554433719344492704e-01	1.524019555668091608e-01	7.301851637317713362e-02	2.958450731591710792e-02	7.641491963861132830e-02
1.185253702345544298e+03	2.505107048857759811e-01	1.620590166224988027e-01	2.556899076081237676e-01	1.525394941598685050e-01	7.307629261722888014e-02	2.962076127900670555e-02	7.650382282731242600e-02
1.187672587452371999e+03	2.501669960349154898e-01	1.618373157749506408e-01	2.559357508893493893e-01	1.526766223488964791e-01	7.313389903164581318e-02	2.965694399182056476e-02	7.659247192823666339e-02
1.190091472559199701e+03	2.498242634276943985e-01	1.616162321310519734e-01	2.561809037125201138e-01	1.528133414512962418e-01	7.319133616418130317e-02	2.969305551579256089e-02	7.668086759727850421e-02
1.192510357666027403e+03	2.494825042815426441e-01	1.613957639693558710e-01	2.564253680066228003e-01	1.529496527794315941e-01	7.324860456040345469e-02	2.972909591288151049e-02	7.676901048957722462e-02
1.194929242772855105e+03	2.491417158219116634e-01	1.611759095732184233e-01	2.566691456952523986e-01	1.530855576406549567e-01	7.330570476370655564e-02	2.976506524556565836e-02	7.685690125950545015e-02
1.197348127879682352e+03	2.488018952822504126e-01	1.609566672307852497e-01	2.569122386966270488e-01	1.532210573373350704e-01	7.336263731532235988e-02	2.980096357683718195e-02	7.694454056065773428e-02
1.199767012986510281e+03	2.484630399039815807e-01	1.607380352349782882e-01	2.571546489236031796e-01	1.533561531668844180e-01	7.341940275433143925e-02	2.983679097019676860e-02	7.703192904583941458e-02
1.202185898093337983e+03	2.481251469364779139e-01	1.605200118834822776e-01	2.573963782836903302e-01	1.534908464217863699e-01	7.347600161767438298e-02	2.987254748964819975e-02	7.711906736705560761e-02
1.204604783200165684e+03	2.477882136370384847e-01	1.603025954787316021e-01	2.576374286790663604e-01	1.536251383896221345e-01	7.353243444016302477e-02	2.990823319969300106e-02	7.720595617550043976e-02
1.207023668306993159e+03	2.474522372708651274e-01	1.600857843278969961e-01	2.578778020065921606e-01	1.537590303530974867e-01	7.358870175449166995e-02	2.994384816532513413e-02	7.729259612154641690e-02
1.209442553413820860e+03	2.471172151110391235e-01	1.598695767428722769e-01	2.581175001578267514e-01	1.538925235900689970e-01	7.364480409124811444e-02	2.997939245202571601e-02	7.737898785473400209e-02
1.211861438520648335e+03	2.467831444384974704e-01	1.596539710402611889e-01	2.583565250190418827e-01	1.540256193735704826e-01	7.370074197892478862e-02	3.001486612575778382e-02	7.746513202376137386e-02
1.214280323627476264e+03	2.464500225420097335e-01	1.594389655413643025e-01	2.585948784712370774e-01	1.541583189718386815e-01	7.375651594392980404e-02	3.005026925296109749e-02	7.755102927647429534e-02
1.216699208734303511e+03	2.461178467181547869e-01	1.592245585721658863e-01	2.588325623901540640e-01	1.542906236483391480e-01	7.381212651059781971e-02	3.008560190054699116e-02	7.763668025985627497e-02
1.219118093841131440e+03	2.457866142712975821e-01	1.590107484633208057e-01	2.590695786462918204e-01	1.544225346617916217e-01	7.386757420120111661e-02	3.012086413589325218e-02	7.772208562001879650e-02
1.221536978947959142e+03	2.454563225135659443e-01	1.587975335501414786e-01	2.593059291049210624e-01	1.545540532661952848e-01	7.392285953596035297e-02	3.015605602683904887e-02	7.780724600219175724e-02
1.223955864054786844e+03	2.451269687648277018e-01	1.585849121725848576e-01	2.595416156260990093e-01	1.546851807108538257e-01	7.397798303305549994e-02	3.019117764167988938e-02	7.789216205071405885e-02
1.226374749161614318e+03	2.447985503526675932e-01	1.583728826752395791e-01	2.597766400646838725e-01	1.548159182404002243e-01	7.403294520863648587e-02	3.022622904916262565e-02	7.797683440902442031e-02
1.228793634268442020e+03	2.444710646123643971e-01	1.581614434073129460e-01	2.600110042703493995e-01	1.549462670948212883e-01	7.408774657683402098e-02	3.026121031848049564e-02	7.806126371965226018e-02
1.231212519375269494e+03	2.441445088868681168e-01	1.579505927226180217e-01	2.602447100875993624e-01	1.550762285094820780e-01	7.414238764977022778e-02	3.029612151926819666e-02	7.814545062420880095e-02
1.233631404482097196e+03	2.438188805267771930e-01	1.577403289795608066e-01	2.604777593557821569e-01	1.552058037151500536e-01	7.419686893756922974e-02	3.033096272159700735e-02	7.822939576337832601e-02
1.236050289588924898e+03	2.434941768903159387e-01	1.575306505411274705e-01	2.607101539091051245e-01	1.553349939380190003e-01	7.425119094836775402e-02	3.036573399596994433e-02	7.831309977690956159e-02
1.238469174695752372e+03	2.431703953433118071e-01	1.573215557748714466e-01	2.609418955766488746e-01	1.554638003997327877e-01	7.430535418832560912e-02	3.040043541331694313e-02	7.839656330360726677e-02
1.240888059802580301e+03	2.428475332591729374e-01	1.571130430529008304e-01	2.611729861823819387e-01	1.555922243174089059e-01	7.435935916163610715e-02	3.043506704499010160e-02	7.847978698132392072e-02
1.243306944909407548e+03	2.425255880188657287e-01	1.569051107518655008e-01	2.614034275451746492e-01	1.557202669036618081e-01	7.441320637053652765e-02	3.046962896275893715e-02	7.856277144695159032e-02
1.245725830016235477e+03	2.422045570108923851e-01	1.566977572529446028e-01	2.616332214788137378e-01	1.558479293666260312e-01	7.446689631531837328e-02	3.050412123880569606e-02	7.864551733641396425e-02
1.248144715123063179e+03	2.418844376312686006e-01	1.564909809418337794e-01	2.618623697920163251e-01	1.559752129099792051e-01	7.452042949433768104e-02	3.053854394572068365e-02	7.872802528465844274e-02
1.250563600229890881e+03	2.415652272835014103e-01	1.562847802087327098e-01	2.620908742884443532e-01	1.561021187329648119e-01	7.457380640402522243e-02	3.057289715649765330e-02	7.881029592564853248e-02
1.252982485336718355e+03	2.412469233785668743e-01	1.560791534483323417e-01	2.623187367667185743e-01	1.562286480304146963e-01	7.462702753889673135e-02	3.060718094452920604e-02	7.889232989235624161e-02
1.255401370443546057e+03	2.409295233348881515e-01	1.558740990598025955e-01	2.625459590204326510e-01	1.563548019927715471e-01	7.468009339156289617e-02	3.064139538360224901e-02	7.897412781675462734e-02
1.257820255550373531e+03	2.406130245783133503e-01	1.556696154467795690e-01	2.627725428381672557e-01	1.564805818061109632e-01	7.473300445273950432e-02	3.067554054789347825e-02	7.905569032981059341e-02
1.260239140657201460e+03	2.402974245420936572e-01	1.554657010173533527e-01	2.629984900035041706e-01	1.566059886521636024e-01	7.478576121125740661e-02	3.070961651196488923e-02	7.913701806147768747e-02
1.262658025764028707e+03	2.399827206668612711e-01	1.552623541840554566e-01	2.632238022950400547e-01	1.567310237083370250e-01	7.483836415407239817e-02	3.074362335075933594e-02	7.921811164068917610e-02
1.265076910870856636e+03	2.396689104006078652e-01	1.550595733638464313e-01	2.634484814864007651e-01	1.568556881477373433e-01	7.489081376627515496e-02	3.077756113959612128e-02	7.929897169535107815e-02
1.267495795977684338e+03	2.393559911986625766e-01	1.548573569781035164e-01	2.636725293462549025e-01	1.569799831391905931e-01	7.494311053110100374e-02	3.081142995416662200e-02	7.937959885233553115e-02
1.269914681084511813e+03	2.390439605236704956e-01	1.546557034526082619e-01	2.638959476383279101e-01	1.571039098472643281e-01	7.499525492993969200e-02	3.084522987052994158e-02	7.945999373747408834e-02
1.272333566191339514e+03	2.387328158455711002e-01	1.544546112175343988e-01	2.641187381214157859e-01	1.572274694322884914e-01	7.504724744234506084e-02	3.087896096510860111e-02	7.954015697555132103e-02
1.274752451298167216e+03	2.384225546415764674e-01	1.542540787074354047e-01	2.643409025493988485e-01	1.573506630503766213e-01	7.509908854604473161e-02	3.091262331468427188e-02	7.962008919029842091e-02
1.277171336404994690e+03	2.381131743961500680e-01	1.540541043612322913e-01	2.645624426712557264e-01	1.574734918534465566e-01	7.515077871694965383e-02	3.094621699639353227e-02	7.969979100438698283e-02
1.279590221511822392e+03	2.378046726009851730e-01	1.538546866222015308e-01	2.647833602310766810e-01	1.575959569892411705e-01	7.520231842916358378e-02	3.097974208772365581e-02	7.977926303942295405e-02
1.282009106618650094e+03	2.374970467549837039e-01	1.536558239379627877e-01	2.650036569680777609e-01	1.577180596013488256e-01	7.525370815499261845e-02	3.101319866650843748e-02	7.985850591594056969e-02
1.284427991725477568e+03	2.371902943642348049e-01	1.534575147604669287e-01	2.652233346166140704e-01	1.578398008292237753e-01	7.530494836495452149e-02	3.104658681092405809e-02	7.993752025339656564e-02
1.286846876832305497e+03	2.368844129419936662e-01	1.532597575459837269e-01	2.654423949061935351e-01	1.579611818082062580e-01	7.535603952778814618e-02	3.107990659948497297e-02	8.001630667016440546e-02
1.289265761939132744e+03	2.365794000086605675e-01	1.530625507550900100e-01	2.656608395614902807e-01	1.580822036695426480e-01	7.540698211046263644e-02	3.111315811103983198e-02	8.009486578352868758e-02
1.291684647045960673e+03	2.362752530917595906e-01	1.528658928526575589e-01	2.658786703023584552e-01	1.582028675404052731e-01	7.545777657818671103e-02	3.114634142476744791e-02	8.017319820967960808e-02
1.294103532152788375e+03	2.359719697259177185e-01	1.526697823078410898e-01	2.660958888438454961e-01	1.583231745439121485e-01	7.550842339441776740e-02	3.117945662017275812e-02	8.025130456370761778e-02
1.296522417259616077e+03	2.356695474528439083e-01	1.524742175940663191e-01	2.663124968962057304e-01	1.584431257991465447e-01	7.555892302087108270e-02	3.121250377708287629e-02	8.032918545959807921e-02
1.298941302366443551e+03	2.353679838213082465e-01	1.522791971890181117e-01	2.665284961649135309e-01	1.585627224211765274e-01	7.560927591752879262e-02	3.124548297564311641e-02	8.040684151022620130e-02
1.301360187473271253e+03	2.350672763871211046e-01	1.520847195746284908e-01	2.667438883506770275e-01	1.586819655210740532e-01	7.565948254264887041e-02	3.127839429631308621e-02	8.048427332735187678e-02
1.303779072580098727e+03	2.347674227131124336e-01	1.518907832370648137e-01	2.669586751494512078e-01	1.588008562059343154e-01	7.570954335277410574e-02	3.131123781986281523e-02	8.056148152161481113e-02
1.306197957686926657e+03	2.344684203691110858e-01	1.516973866667180038e-01	2.671728582524512396e-01	1.589193955788947010e-01	7.575945880274095878e-02	3.134401362736886215e-02	8.063846670252965143e-02
1.308616842793753904e+03	2.341702669319242203e-01	1.515045283581907543e-01	2.673864393461657940e-01	1.590375847391535258e-01	7.580922934568837257e-02	3.137672180021053303e-02	8.071522947848132346e-02
1.311035727900581833e+03	2.338729599853168195e-01	1.513122068102856765e-01	2.675994201123702010e-01	1.591554247819889079e-01	7.585885543306652989e-02	3.140936242006604762e-02	8.079177045672028545e-02
1.313454613007409534e+03	2.335764971199911222e-01	1.511204205259936706e-01	2.678118022281398836e-01	1.592729167987773642e-01	7.590833751464555468e-02	3.144193556890879232e-02	8.086809024335812890e-02
1.315873498114237009e+03	2.332808759335662230e-01	1.509291680124822399e-01	2.680235873658630141e-01	1.593900618770120736e-01	7.595767603852419947e-02	3.147444132900358710e-02	8.094418944336305433e-02
1.318292383221064711e+03	2.329860940305578665e-01	1.507384477810838064e-01	2.682347771932542813e-01	1.595068611003214454e-01	7.600687145113835252e-02	3.150687978290297314e-02	8.102006866055566636e-02
1.320711268327892412e+03	2.326921490223580191e-01	1.505482583472840530e-01	2.684453733733673242e-01	1.596233155484871880e-01	7.605592419726964204e-02	3.153925101344354220e-02	8.109572849760462998e-02
1.323130153434719887e+03	2.323990385272147186e-01	1.503585982307103774e-01	2.686553775646081110e-01	1.597394262974622947e-01	7.610483472005388772e-02	3.157155510374227980e-02	8.117116955602264594e-02
1.325549038541547588e+03	2.321067601702119787e-01	1.501694659551203459e-01	2.688647914207479839e-01	1.598551944193891405e-01	7.615360346098948297e-02	3.160379213719296393e-02	8.124639243616239848e-02
1.327967923648375290e+03	2.318153115832495559e-01	1.499808600483901189e-01	2.690736165909364264e-01	1.599706209826171899e-01	7.620223085994583256e-02	3.163596219746254989e-02	8.132139773721261400e-02
1.330386808755202765e+03	2.315246904050230481e-01	1.497927790425029604e-01	2.692818547197142198e-01	1.600857070517206493e-01	7.625071735517155447e-02	3.166806536848765230e-02	8.139618605719421696e-02
1.332805693862030694e+03	2.312348942810039110e-01	1.496052214735378305e-01	2.694895074470259888e-01	1.602004536875160368e-01	7.629906338330284810e-02	3.170010173447095764e-02	8.147075799295665222e-02
1.335224578968857941e+03	2.309459208634195293e-01	1.494181858816579223e-01	2.696965764082336348e-01	1.603148619470796399e-01	7.634726937937158509e-02	3.173207137987776177e-02	8.154511414017417970e-02
1.337643464075685870e+03	2.306577678112334273e-01	1.492316708110992263e-01	2.699030632341284375e-01	1.604289328837648076e-01	7.639533577681353882e-02	3.176397438943246582e-02	8.161925509334233553e-02
1.340062349182513572e+03	2.303704327901254789e-01	1.490456748101592066e-01	2.701089695509444888e-01	1.605426675472190756e-01	7.644326300747639191e-02	3.179581084811515523e-02	8.169318144577446261e-02
1.342481234289341273e+03	2.300839134724721735e-01	1.488601964311854486e-01	2.703142969803709605e-01	1.606560669834013189e-01	7.649105150162784084e-02	3.182758084115816510e-02	8.176689378959833832e-02
1.344900119396168748e+03	2.297982075373269373e-01	1.486752342305644459e-01	2.705190471395652052e-01	1.607691322345985996e-01	7.653870168796352014e-02	3.185928445404267312e-02	8.184039271575287156e-02
1.347319004502996449e+03	2.295133126704007043e-01	1.484907867687101368e-01	2.707232216411650794e-01	1.608818643394430703e-01	7.658621399361494053e-02	3.189092177249536197e-02	8.191367881398492479e-02
1.349737889609823924e+03	2.292292265640421545e-01	1.483068526100528028e-01	2.709268220933019333e-01	1.609942643329286827e-01	7.663358884415737149e-02	3.192249288248503319e-02	8.198675267284617763e-02
1.352156774716651853e+03	2.289459469172185069e-01	1.481234303230278271e-01	2.711298500996129901e-01	1.611063332464277575e-01	7.668082666361764055e-02	3.195399787021935972e-02	8.205961487969012924e-02
1.354575659823479100e+03	2.286634714354958409e-01	1.479405184800645368e-01	2.713323072592538909e-01	1.612180721077074164e-01	7.672792787448191876e-02	3.198543682214153444e-02	8.213226602066905913e-02
1.356994544930307029e+03	2.283817978310200281e-01	1.477581156575750176e-01	2.715341951669112963e-01	1.613294819409461234e-01	7.677489289770342284e-02	3.201680982492705746e-02	8.220470668073123766e-02
1.359413430037134731e+03	2.281009238224972202e-01	1.475762204359430396e-01	2.717355154128155981e-01	1.614405637667496729e-01	7.682172215271004800e-02	3.204811696548044708e-02	8.227693744361812278e-02
1.361832315143962205e+03	2.278208471351748088e-01	1.473948313995129544e-01	2.719362695827530207e-01	1.615513186021675651e-01	7.686841605741201455e-02	3.207935833093209649e-02	8.234895889186163997e-02
1.364251200250789907e+03	2.275415655008220794e-01	1.472139471365786212e-01	2.721364592580783892e-01	1.616617474607090210e-01	7.691497502820943133e-02	3.211053400863505408e-02	8.242077160678154546e-02
1.366670085357617609e+03	2.272630766577113104e-01	1.470335662393723875e-01	2.723360860157271746e-01	1.617718513523588308e-01	7.696139947999976194e-02	3.214164408616184548e-02	8.249237616848288657e-02
1.369088970464445310e+03	2.269853783505985378e-01	1.468536873040541535e-01	2.725351514282280951e-01	1.618816312835932025e-01	7.700768982618527714e-02	3.217268865130139960e-02	8.256377315585354537e-02
1.371507855571272785e+03	2.267084683307047099e-01	1.466743089307003256e-01	2.727336570637154400e-01	1.619910882573954991e-01	7.705384647868047943e-02	3.220366779205588448e-02	8.263496314656181008e-02
1.373926740678100487e+03	2.264323443556967297e-01	1.464954297232929636e-01	2.729316044859413370e-01	1.621002232732719206e-01	7.709986984791945830e-02	3.223458159663764727e-02	8.270594671705407130e-02
1.376345625784927961e+03	2.261570041896685812e-01	1.463170482897088454e-01	2.731289952542879096e-01	1.622090373272668529e-01	7.714576034286320383e-02	3.226543015346616805e-02	8.277672444255256001e-02
1.378764510891755890e+03	2.258824456031224837e-01	1.461391632417085862e-01	2.733258309237796557e-01	1.623175314119784385e-01	7.719151837100679536e-02	3.229621355116501363e-02	8.284729689705318256e-02
1.381183395998583137e+03	2.256086663729501562e-01	1.459617731949257868e-01	2.735221130450954941e-01	1.624257065165737868e-01	7.723714433838670124e-02	3.232693187855881917e-02	8.291766465332339742e-02
1.383602281105411066e+03	2.253356642824141942e-01	1.457848767688562641e-01	2.737178431645811427e-01	1.625335636268042672e-01	7.728263864958782869e-02	3.235758522467031828e-02	8.298782828290018898e-02
1.386021166212238768e+03	2.250634371211293616e-01	1.456084725868473095e-01	2.739130228242608323e-01	1.626411037250204694e-01	7.732800170775071258e-02	3.238817367871738712e-02	8.305778835608813859e-02
1.388440051319066470e+03	2.247919826850440228e-01	1.454325592760868091e-01	2.741076535618498511e-01	1.627483277901874137e-01	7.737323391457855137e-02	3.241869733011008142e-02	8.312754544195748163e-02
1.390858936425893944e+03	2.245212987764217127e-01	1.452571354675926407e-01	2.743017369107663694e-01	1.628552367978993443e-01	7.741833567034417385e-02	3.244915626844774997e-02	8.319710010834227565e-02
1.393277821532721646e+03	2.242513832038225685e-01	1.450821997962019327e-01	2.744952744001433742e-01	1.629618317203944400e-01	7.746330737389706123e-02	3.247955058351612023e-02	8.326645292183869340e-02
1.395696706639549120e+03	2.239822337820849829e-01	1.449077509005604614e-01	2.746882675548408814e-01	1.630681135265698301e-01	7.750814942267021668e-02	3.250988036528446729e-02	8.333560444780331589e-02
1.398115591746377049e+03	2.237138483323072857e-01	1.447337874231119370e-01	2.748807178954577601e-01	1.631740831819959159e-01	7.755286221268704872e-02	3.254014570390271338e-02	8.340455525035146700e-02
1.400534476853204296e+03	2.234462246818293418e-01	1.445603080100875126e-01	2.750726269383436118e-01	1.632797416489311093e-01	7.759744613856818518e-02	3.257034668969865931e-02	8.347330589235567311e-02
1.402953361960032225e+03	2.231793606642144545e-01	1.443873113114950701e-01	2.752639961956107051e-01	1.633850898863361545e-01	7.764190159353827336e-02	3.260048341317517417e-02	8.354185693544417812e-02
1.405372247066859927e+03	2.229132541192311578e-01	1.442147959811087843e-01	2.754548271751459665e-01	1.634901288498885052e-01	7.768622896943268297e-02	3.263055596500738509e-02	8.361020893999952797e-02
1.407791132173687402e+03	2.226479028928349813e-01	1.440427606764586588e-01	2.756451213806225264e-01	1.635948594919965915e-01	7.773042865670418133e-02	3.266056443603997106e-02	8.367836246515712728e-02
1.410210017280515103e+03	2.223833048371505472e-01	1.438712040588198404e-01	2.758348803115115988e-01	1.636992827618140300e-01	7.777450104442958090e-02	3.269050891728440822e-02	8.374631806880400431e-02
1.412628902387342805e+03	2.221194578104534745e-01	1.437001247932024051e-01	2.760241054630944157e-01	1.638033996052536134e-01	7.781844652031634502e-02	3.272038949991625673e-02	8.381407630757749250e-02
1.415047787494170507e+03	2.218563596771524482e-01	1.435295215483408104e-01	2.762127983264737185e-01	1.639072109650012987e-01	7.786226547070911053e-02	3.275020627527246847e-02	8.388163773686407865e-02
1.417466672600997981e+03	2.215940083077713729e-01	1.433593929966834879e-01	2.764009603885856370e-01	1.640107177805301963e-01	7.790595828059619643e-02	3.277995933484874336e-02	8.394900291079829269e-02
1.419885557707825683e+03	2.213324015789313870e-01	1.431897378143824895e-01	2.765885931322112357e-01	1.641139209881142813e-01	7.794952533361605707e-02	3.280964877029686477e-02	8.401617238226161133e-02
1.422304442814653157e+03	2.210715373733332378e-01	1.430205546812832462e-01	2.767756980359880048e-01	1.642168215208422155e-01	7.799296701206373528e-02	3.283927467342208362e-02	8.408314670288138948e-02
1.424723327921481086e+03	2.208114135797394906e-01	1.428518422809141042e-01	2.769622765744216841e-01	1.643194203086308924e-01	7.803628369689720456e-02	3.286883713618052316e-02	8.414992642302998593e-02
1.427142213028308333e+03	2.205520280929567645e-01	1.426835993004762215e-01	2.771483302178977537e-01	1.644217182782390929e-01	7.807947576774365572e-02	3.289833625067659084e-02	8.421651209182381970e-02
1.429561098135136262e+03	2.202933788138182747e-01	1.425158244308332156e-01	2.773338604326928136e-01	1.645237163532808078e-01	7.812254360290586674e-02	3.292777210916039005e-02	8.428290425712252343e-02
1.431979983241963964e+03	2.200354636491661797e-01	1.423485163665008657e-01	2.775188686809864080e-01	1.646254154542387549e-01	7.816548757936836456e-02	3.295714480402524293e-02	8.434910346552811078e-02
1.434398868348791666e+03	2.197782805118340121e-01	1.421816738056370932e-01	2.777033564208719607e-01	1.647268164984777294e-01	7.820830807280368391e-02	3.298645442780512305e-02	8.441511026238435189e-02
1.436817753455619140e+03	2.195218273206292758e-01	1.420152954500316367e-01	2.778873251063687655e-01	1.648279204002576215e-01	7.825100545757854298e-02	3.301570107317215730e-02	8.448092519177591297e-02
1.439236638562446842e+03	2.192661020003160988e-01	1.418493800050960318e-01	2.780707761874330886e-01	1.649287280707467662e-01	7.829358010675986634e-02	3.304488483293416962e-02	8.454654879652788446e-02
1.441655523669274316e+03	2.190111024815977747e-01	1.416839261798535088e-01	2.782537111099694371e-01	1.650292404180349337e-01	7.833603239212093283e-02	3.307400580003221069e-02	8.461198161820508712e-02
1.444074408776102018e+03	2.187568267010994993e-01	1.415189326869288056e-01	2.784361313158421614e-01	1.651294583471462629e-01	7.837836268414742624e-02	3.310306406753812242e-02	8.467722419711161408e-02
1.446493293882929493e+03	2.185032726013511895e-01	1.413543982425381762e-01	2.786180382428865565e-01	1.652293827600522236e-01	7.842057135204340279e-02	3.313205972865211624e-02	8.474227707229028961e-02
1.448912178989757422e+03	2.182504381307701913e-01	1.411903215664793987e-01	2.787994333249201873e-01	1.653290145556844115e-01	7.846265876373721693e-02	3.316099287670036533e-02	8.480714078152223889e-02
1.451331064096585123e+03	2.179983212436441831e-01	1.410267013821217275e-01	2.789803179917540454e-01	1.654283546299473162e-01	7.850462528588747491e-02	3.318986360513265232e-02	8.487181586132656885e-02
1.453749949203412370e+03	2.177469199001140221e-01	1.408635364163960124e-01	2.791606936692039853e-01	1.655274038757310329e-01	7.854647128388893285e-02	3.321867200751996846e-02	8.493630284695995181e-02
1.456168834310240300e+03	2.174962320661568971e-01	1.407008253997845959e-01	2.793405617791017148e-01	1.656261631829238079e-01	7.858819712187825601e-02	3.324741817755220291e-02	8.500060227241636179e-02
1.458587719417068001e+03	2.172462557135691197e-01	1.405385670663115982e-01	2.795199237393059533e-01	1.657246334384245290e-01	7.862980316273990300e-02	3.327610220903581134e-02	8.506471467042686641e-02
1.461006604523895703e+03	2.169969888199493324e-01	1.403767601535328702e-01	2.796987809637136446e-01	1.658228155261552150e-01	7.867128976811184338e-02	3.330472419589151217e-02	8.512864057245936311e-02
1.463425489630723177e+03	2.167484293686815500e-01	1.402154034025262508e-01	2.798771348622708377e-01	1.659207103270734507e-01	7.871265729839123371e-02	3.333328423215199676e-02	8.519238050871849599e-02
1.465844374737550879e+03	2.165005753489183948e-01	1.400544955578816309e-01	2.800549868409837884e-01	1.660183187191845433e-01	7.875390611274020458e-02	3.336178241195966732e-02	8.525593500814551695e-02
1.468263259844378354e+03	2.162534247555642497e-01	1.398940353676912662e-01	2.802323383019302838e-01	1.661156415775538742e-01	7.879503656909142562e-02	3.339021882956438869e-02	8.531930459841821635e-02
1.470682144951206283e+03	2.160069755892586318e-01	1.397340215835399801e-01	2.804091906432701897e-01	1.662126797743189444e-01	7.883604902415373983e-02	3.341859357932126795e-02	8.538248980595090909e-02
1.473101030058033530e+03	2.157612258563594010e-01	1.395744529604953377e-01	2.805855452592567190e-01	1.663094341787016428e-01	7.887694383341771476e-02	3.344690675568842003e-02	8.544549115589447630e-02
1.475519915164861459e+03	2.155161735689261615e-01	1.394153282570979591e-01	2.807614035402472008e-01	1.664059056570199868e-01	7.891772135116119358e-02	3.347515845322478895e-02	8.550830917213640692e-02
1.477938800271689161e+03	2.152718167447038311e-01	1.392566462353518608e-01	2.809367668727140166e-01	1.665020950727002513e-01	7.895838193045481845e-02	3.350334876658796895e-02	8.557094437730092262e-02
1.480357685378516862e+03	2.150281534071059319e-01	1.390984056607148522e-01	2.811116366392554800e-01	1.665980032862888760e-01	7.899892592316742901e-02	3.353147779053204658e-02	8.563339729274913048e-02
1.482776570485344337e+03	2.147851815851981871e-01	1.389406053020886822e-01	2.812860142186066059e-01	1.666936311554641226e-01	7.903935367997154404e-02	3.355954561990547036e-02	8.569566843857918947e-02
