1.001418434226643626e+03	2.797086852238744870e-01	1.808580471737179507e-01	2.348290144506859078e-01	1.408116676373221132e-01	6.815894602865707474e-02	2.665562772852648338e-02	6.897801175703183185e-02
1.002869765290740247e+03	2.794525181144008608e-01	1.806935423307675093e-01	2.350117560877519052e-01	1.409152316566801844e-01	6.820232511632391692e-02	2.668065237242751506e-02	6.904397432146397451e-02
1.004321096354836754e+03	2.791967882591241401e-01	1.805293125048814118e-01	2.351941899371374489e-01	1.410186060410301145e-01	6.824562562820850331e-02	2.670565042325254851e-02	6.910982720618172315e-02
1.005772427418933376e+03	2.789414949074987549e-01	1.803653572355676804e-01	2.353763165151036840e-01	1.411217911809719283e-01	6.828884772489489385e-02	2.673062188181824297e-02	6.917557055396068855e-02
1.007223758483029997e+03	2.786866373102893646e-01	1.802016760631057479e-01	2.355581363370453096e-01	1.412247874659950109e-01	6.833199156660144102e-02	2.675556674907837024e-02	6.924120450770064605e-02
1.008675089547126618e+03	2.784322147195686381e-01	1.800382685285450424e-01	2.357396499174918558e-01	1.413275952844842698e-01	6.837505731318045676e-02	2.678048502612313461e-02	6.930672921042252410e-02
1.010126420611223239e+03	2.781782263887147555e-01	1.798751341737037102e-01	2.359208577701091269e-01	1.414302150237263522e-01	6.841804512411797656e-02	2.680537671417851722e-02	6.937214480526548988e-02
1.011577751675319632e+03	2.779246715724090211e-01	1.797122725411674782e-01	2.361017604077008114e-01	1.415326470699156403e-01	6.846095515853342639e-02	2.683024181460558558e-02	6.943745143548400722e-02
1.013029082739416367e+03	2.776715495266334766e-01	1.795496831742880994e-01	2.362823583422098139e-01	1.416348918081603847e-01	6.850378757517948392e-02	2.685508032889983784e-02	6.950264924444489456e-02
1.014480413803512761e+03	2.774188595086687359e-01	1.793873656171823538e-01	2.364626520847196989e-01	1.417369496224885062e-01	6.854654253244184259e-02	2.687989225869051590e-02	6.956773837562445217e-02
1.015931744867609382e+03	2.771666007770912654e-01	1.792253194147305495e-01	2.366426421454561058e-01	1.418388208958535346e-01	6.858922018833908674e-02	2.690467760573994963e-02	6.963271897260561727e-02
1.017383075931706003e+03	2.769147725917713299e-01	1.790635441125753846e-01	2.368223290337883868e-01	1.419405060101404104e-01	6.863182070052252504e-02	2.692943637194289072e-02	6.969759117907516066e-02
1.018834406995802851e+03	2.766633742138705498e-01	1.789020392571206153e-01	2.370017132582307728e-01	1.420420053461712573e-01	6.867434422627620438e-02	2.695416855932584316e-02	6.976235513882081407e-02
1.020285738059899245e+03	2.764124049058395149e-01	1.787408043955296955e-01	2.371807953264440660e-01	1.421433192837110449e-01	6.871679092251677112e-02	2.697887417004639354e-02	6.982701099572856396e-02
1.021737069123995752e+03	2.761618639314154522e-01	1.785798390757246945e-01	2.373595757452368615e-01	1.422444482014730838e-01	6.875916094579349880e-02	2.700355320639255888e-02	6.989155889377987596e-02
1.023188400188092373e+03	2.759117505556198946e-01	1.784191428463848816e-01	2.375380550205671293e-01	1.423453924771247991e-01	6.880145445228828815e-02	2.702820567078211694e-02	6.995599897704898873e-02
1.024639731252188767e+03	2.756620640447562387e-01	1.782587152569454769e-01	2.377162336575435742e-01	1.424461524872929763e-01	6.884367159781570877e-02	2.705283156576195058e-02	7.002033138970018000e-02
1.026091062316285615e+03	2.754128036664076351e-01	1.780985558575964023e-01	2.378941121604270792e-01	1.425467286075693951e-01	6.888581253782309621e-02	2.707743089400739198e-02	7.008455627598511595e-02
1.027542393380382237e+03	2.751639686894345460e-01	1.779386641992810048e-01	2.380716910326320934e-01	1.426471212125160759e-01	6.892787742739060752e-02	2.710200365832155650e-02	7.014867378024024214e-02
1.028993724444478858e+03	2.749155583839723027e-01	1.777790398336948907e-01	2.382489707767281861e-01	1.427473306756706362e-01	6.896986642123137390e-02	2.712654986163470089e-02	7.021268404688407738e-02
1.030445055508575479e+03	2.746675720214290517e-01	1.776196823132844549e-01	2.384259518944412681e-01	1.428473573695515364e-01	6.901177967369163946e-02	2.715106950700356403e-02	7.027658722041470185e-02
1.031896386572671872e+03	2.744200088744830346e-01	1.774605911912458256e-01	2.386026348866552016e-01	1.429472016656633260e-01	6.905361733875096941e-02	2.717556259761071125e-02	7.034038344540710641e-02
1.033347717636768493e+03	2.741728682170808673e-01	1.773017660215235047e-01	2.387790202534131045e-01	1.430468639345017223e-01	6.909537957002241659e-02	2.720002913676388898e-02	7.040407286651073626e-02
1.034799048700865114e+03	2.739261493244345980e-01	1.771432063588091466e-01	2.389551084939187942e-01	1.431463445455587180e-01	6.913706652075278514e-02	2.722446912789537252e-02	7.046765562844685415e-02
1.036250379764961508e+03	2.736798514730198195e-01	1.769849117585403364e-01	2.391309001065381468e-01	1.432456438673276322e-01	6.917867834382285253e-02	2.724888257456133112e-02	7.053113187600615341e-02
1.037701710829058356e+03	2.734339739405732828e-01	1.768268817768992585e-01	2.393063955888006800e-01	1.433447622673080513e-01	6.922021519174768878e-02	2.727326948044116878e-02	7.059450175404619054e-02
1.039153041893154750e+03	2.731885160060905648e-01	1.766691159708114744e-01	2.394815954374006628e-01	1.434437001120108801e-01	6.926167721667690624e-02	2.729762984933688588e-02	7.065776540748897050e-02
1.040604372957251599e+03	2.729434769498236824e-01	1.765116138979447302e-01	2.396565001481988644e-01	1.435424577669631163e-01	6.930306457039503432e-02	2.732196368517244081e-02	7.072092298131850419e-02
1.042055704021347992e+03	2.726988560532790928e-01	1.763543751167076512e-01	2.398311102162236919e-01	1.436410355967126240e-01	6.934437740432179698e-02	2.734627099199311503e-02	7.078397462057840761e-02
1.043507035085444613e+03	2.724546525992151413e-01	1.761973991862485767e-01	2.400054261356726615e-01	1.437394339648331298e-01	6.938561586951255689e-02	2.737055177396486086e-02	7.084692047036950102e-02
1.044958366149541234e+03	2.722108658716398955e-01	1.760406856664541997e-01	2.401794483999138696e-01	1.438376532339287195e-01	6.942678011665862070e-02	2.739480603537368386e-02	7.090976067584746356e-02
1.046409697213637855e+03	2.719674951558088694e-01	1.758842341179484847e-01	2.403531775014873251e-01	1.439356937656386948e-01	6.946787029608769704e-02	2.741903378062499758e-02	7.097249538222044629e-02
1.047861028277734476e+03	2.717245397382226924e-01	1.757280441020912798e-01	2.405266139321063368e-01	1.440335559206420979e-01	6.950888655776429892e-02	2.744323501424298858e-02	7.103512473474682398e-02
1.049312359341831097e+03	2.714819989066249994e-01	1.755721151809771508e-01	2.406997581826589294e-01	1.441312400586623743e-01	6.954982905129017401e-02	2.746740974086999895e-02	7.109764887873283590e-02
1.050763690405927491e+03	2.712398719500000444e-01	1.754164469174342156e-01	2.408726107432092312e-01	1.442287465384719247e-01	6.959069792590479031e-02	2.749155796526589479e-02	7.116006795953030983e-02
1.052215021470024112e+03	2.709981581585705346e-01	1.752610388750228398e-01	2.410451721029988059e-01	1.443260757178965736e-01	6.963149333048580802e-02	2.751567969230742788e-02	7.122238212253445555e-02
1.053666352534120733e+03	2.707568568237951889e-01	1.751058906180343322e-01	2.412174427504481244e-01	1.444232279538200381e-01	6.967221541354956527e-02	2.753977492698762505e-02	7.128459151318156106e-02
1.055117683598217127e+03	2.705159672383667946e-01	1.749510017114899174e-01	2.413894231731578965e-01	1.445202036021883130e-01	6.971286432325157767e-02	2.756384367441517061e-02	7.134669627694681382e-02
1.056569014662313975e+03	2.702754886962097092e-01	1.747963717211393209e-01	2.415611138579104034e-01	1.446170030180141119e-01	6.975344020738710737e-02	2.758788593981376450e-02	7.140869655934209415e-02
1.058020345726410369e+03	2.700354204924778068e-01	1.746420002134596583e-01	2.417325152906709684e-01	1.447136265553811141e-01	6.979394321339162099e-02	2.761190172852152208e-02	7.147059250591383806e-02
1.059471676790506763e+03	2.697957619235520355e-01	1.744878867556541868e-01	2.419036279565892622e-01	1.448100745674483769e-01	6.983437348834148350e-02	2.763589104599035312e-02	7.153238426224080293e-02
1.060923007854603611e+03	2.695565122870385300e-01	1.743340309156511669e-01	2.420744523400006620e-01	1.449063474064544166e-01	6.987473117895436070e-02	2.765985389778535461e-02	7.159407197393204136e-02
1.062374338918700232e+03	2.693176708817660026e-01	1.741804322621024192e-01	2.422449889244277232e-01	1.450024454237215654e-01	6.991501643158996859e-02	2.768379028958418281e-02	7.165565578662468071e-02
1.063825669982796853e+03	2.690792370077837448e-01	1.740270903643824085e-01	2.424152381925814559e-01	1.450983689696601076e-01	6.995522939225057302e-02	2.770770022717645997e-02	7.171713584598186919e-02
1.065277001046893474e+03	2.688412099663592958e-01	1.738740047925868282e-01	2.425852006263626848e-01	1.451941183937723034e-01	6.999537020658161413e-02	2.773158371646314985e-02	7.177851229769072194e-02
1.066728332110990095e+03	2.686035890599764997e-01	1.737211751175314067e-01	2.427548767068634372e-01	1.452896940446566088e-01	7.003543901987238640e-02	2.775544076345596439e-02	7.183978528746025327e-02
1.068179663175086489e+03	2.683663735923329519e-01	1.735686009107508532e-01	2.429242669143683864e-01	1.453850962700117266e-01	7.007543597705663541e-02	2.777927137427676357e-02	7.190095496101930883e-02
1.069630994239183110e+03	2.681295628683380006e-01	1.734162817444974414e-01	2.430933717283560169e-01	1.454803254166404936e-01	7.011536122271319615e-02	2.780307555515693779e-02	7.196202146411459499e-02
1.071082325303279504e+03	2.678931561941105266e-01	1.732642171917399554e-01	2.432621916275001517e-01	1.455753818304539871e-01	7.015521490106665925e-02	2.782685331243682156e-02	7.202298494250862493e-02
1.072533656367376352e+03	2.676571528769765562e-01	1.731124068261624682e-01	2.434307270896712283e-01	1.456702658564754393e-01	7.019499715598809253e-02	2.785060465256509327e-02	7.208384554197777572e-02
1.073984987431472746e+03	2.674215522254676514e-01	1.729608502221631205e-01	2.435989785919376316e-01	1.457649778388441508e-01	7.023470813099570720e-02	2.787432958209816805e-02	7.214460340831030383e-02
1.075436318495569594e+03	2.671863535493179675e-01	1.728095469548528162e-01	2.437669466105670812e-01	1.458595181208193203e-01	7.027434796925552396e-02	2.789802810769962879e-02	7.220525868730444385e-02
1.076887649559666215e+03	2.669515561594624220e-01	1.726584966000543064e-01	2.439346316210280197e-01	1.459538870447839032e-01	7.031391681358210854e-02	2.792170023613960855e-02	7.226581152476639625e-02
1.078338980623762609e+03	2.667171593680347508e-01	1.725076987343006907e-01	2.441020340979908887e-01	1.460480849522484970e-01	7.035341480643923784e-02	2.794534597429422160e-02	7.232626206650848155e-02
1.079790311687859230e+03	2.664831624883648997e-01	1.723571529348344178e-01	2.442691545153294341e-01	1.461421121838549775e-01	7.039284208994074643e-02	2.796896532914495970e-02	7.238661045834728081e-02
1.081241642751955851e+03	2.662495648349773036e-01	1.722068587796060646e-01	2.444359933461221768e-01	1.462359690793803291e-01	7.043219880585112336e-02	2.799255830777811968e-02	7.244685684610163712e-02
1.082692973816052472e+03	2.660163657235882773e-01	1.720568158472730869e-01	2.446025510626536337e-01	1.463296559777403361e-01	7.047148509558633089e-02	2.801612491738422403e-02	7.250700137559093483e-02
1.084144304880149093e+03	2.657835644711041279e-01	1.719070237171986260e-01	2.447688281364157337e-01	1.464231732169932187e-01	7.051070110021454007e-02	2.803966516525742414e-02	7.256704419263319827e-02
1.085595635944245487e+03	2.655511603956189348e-01	1.717574819694504817e-01	2.449348250381090109e-01	1.465165211343433527e-01	7.054984696045690784e-02	2.806317905879493479e-02	7.262698544304323212e-02
1.087046967008342108e+03	2.653191528164124957e-01	1.716081901847997804e-01	2.451005422376440757e-01	1.466097000661447936e-01	7.058892281668832647e-02	2.808666660549645824e-02	7.268682527263090054e-02
1.088498298072438729e+03	2.650875410539480503e-01	1.714591479447198086e-01	2.452659802041429749e-01	1.467027103479049410e-01	7.062792880893822844e-02	2.811012781296360133e-02	7.274656382719925374e-02
1.089949629136535123e+03	2.648563244298700603e-01	1.713103548313849311e-01	2.454311394059403850e-01	1.467955523142880359e-01	7.066686507689130814e-02	2.813356268889930997e-02	7.280620125254280706e-02
1.091400960200631971e+03	2.646255022670024326e-01	1.711618104276692864e-01	2.455960203105849171e-01	1.468882262991186849e-01	7.070573175988840997e-02	2.815697124110729671e-02	7.286573769444577853e-02
1.092852291264728365e+03	2.643950738893459662e-01	1.710135143171456762e-01	2.457606233848406430e-01	1.469807326353854415e-01	7.074452899692725005e-02	2.818035347749148559e-02	7.292517329868035414e-02
1.094303622328825213e+03	2.641650386220764646e-01	1.708654660840844830e-01	2.459249490946882055e-01	1.470730716552440254e-01	7.078325692666326274e-02	2.820370940605541540e-02	7.298450821100492536e-02
1.095754953392921607e+03	2.639353957915426263e-01	1.707176653134523658e-01	2.460889979053262899e-01	1.471652436900210970e-01	7.082191568741037779e-02	2.822703903490171931e-02	7.304374257716239605e-02
1.097206284457018228e+03	2.637061447252636581e-01	1.705701115909110943e-01	2.462527702811727337e-01	1.472572490702173942e-01	7.086050541714188078e-02	2.825034237223152805e-02	7.310287654287851711e-02
1.098657615521114849e+03	2.634772847519275540e-01	1.704228045028165495e-01	2.464162666858661366e-01	1.473490881255112572e-01	7.089902625349120413e-02	2.827361942634393221e-02	7.316191025386019342e-02
1.100108946585211470e+03	2.632488152013887639e-01	1.702757436362173360e-01	2.465794875822668597e-01	1.474407611847619315e-01	7.093747833375277367e-02	2.829687020563540975e-02	7.322084385579384624e-02
1.101560277649308091e+03	2.630207354046659729e-01	1.701289285788538108e-01	2.467424334324585522e-01	1.475322685760128150e-01	7.097586179488284130e-02	2.832009471859928476e-02	7.327967749434369238e-02
1.103011608713404712e+03	2.627930446939401588e-01	1.699823589191568063e-01	2.469051046977493169e-01	1.476236106264949555e-01	7.101417677350033153e-02	2.834329297382517238e-02	7.333841131515018985e-02
1.104462939777501106e+03	2.625657424025525932e-01	1.698360342462464923e-01	2.470675018386731814e-01	1.477147876626301037e-01	7.105242340588766026e-02	2.836646497999842365e-02	7.339704546382841421e-02
1.105914270841597499e+03	2.623388278650026217e-01	1.696899541499312658e-01	2.472296253149912082e-01	1.478058000100341551e-01	7.109060182799165073e-02	2.838961074589958430e-02	7.345558008596642097e-02
1.107365601905694348e+03	2.621123004169453319e-01	1.695441182207066133e-01	2.473914755856929104e-01	1.478966479935202027e-01	7.112871217542429680e-02	2.841273028040384313e-02	7.351401532712369125e-02
1.108816932969790741e+03	2.618861593951900546e-01	1.693985260497538337e-01	2.475530531089975284e-01	1.479873319371018126e-01	7.116675458346369276e-02	2.843582359248048724e-02	7.357235133282956363e-02
1.110268264033887590e+03	2.616604041376975887e-01	1.692531772289390390e-01	2.477143583423552786e-01	1.480778521639961598e-01	7.120472918705487986e-02	2.845889069119237474e-02	7.363058824858165208e-02
1.111719595097984211e+03	2.614350339835786463e-01	1.691080713508119338e-01	2.478753917424487696e-01	1.481682089966272486e-01	7.124263612081069286e-02	2.848193158569537267e-02	7.368872621984430549e-02
1.113170926162080832e+03	2.612100482730916329e-01	1.689632080086046484e-01	2.480361537651941117e-01	1.482584027566289930e-01	7.128047551901267598e-02	2.850494628523784005e-02	7.374676539204712278e-02
1.114622257226177226e+03	2.609854463476403708e-01	1.688185867962306297e-01	2.481966448657423330e-01	1.483484337648482698e-01	7.131824751561190168e-02	2.852793479916008318e-02	7.380470591058338470e-02
1.116073588290273847e+03	2.607612275497724341e-01	1.686742073082835303e-01	2.483568654984807111e-01	1.484383023413480829e-01	7.135595224422988658e-02	2.855089713689383177e-02	7.386254792080859666e-02
1.117524919354370468e+03	2.605373912231766509e-01	1.685300691400359596e-01	2.485168161170338008e-01	1.485280088054104497e-01	7.139358983815945192e-02	2.857383330796169074e-02	7.392029156803898993e-02
1.118976250418467089e+03	2.603139367126813264e-01	1.683861718874385127e-01	2.486764971742650987e-01	1.486175534755397043e-01	7.143116043036565332e-02	2.859674332197663024e-02	7.397793699755002284e-02
1.120427581482563710e+03	2.600908633642521894e-01	1.682425151471185210e-01	2.488359091222779873e-01	1.487069366694652450e-01	7.146866415348661350e-02	2.861962718864145133e-02	7.403548435457500687e-02
1.121878912546660331e+03	2.598681705249901164e-01	1.680990985163788587e-01	2.489950524124171782e-01	1.487961587041446154e-01	7.150610113983442429e-02	2.864248491774826211e-02	7.409293378430355237e-02
1.123330243610756725e+03	2.596458575431293547e-01	1.679559215931969718e-01	2.491539274952699334e-01	1.488852198957665296e-01	7.154347152139609034e-02	2.866531651917796075e-02	7.415028543188020849e-02
1.124781574674853118e+03	2.594239237680352472e-01	1.678129839762236564e-01	2.493125348206673975e-01	1.489741205597536478e-01	7.158077542983433406e-02	2.868812200289970818e-02	7.420753944240307542e-02
1.126232905738949967e+03	2.592023685502024555e-01	1.676702852647818653e-01	2.494708748376858465e-01	1.490628610107656848e-01	7.161801299648856700e-02	2.871090137897041802e-02	7.426469596092229175e-02
1.127684236803046360e+03	2.589811912412526285e-01	1.675278250588657369e-01	2.496289479946478540e-01	1.491514415627021584e-01	7.165518435237576422e-02	2.873365465753423970e-02	7.432175513243874376e-02
1.129135567867143209e+03	2.587603911939325707e-01	1.673856029591394012e-01	2.497867547391236787e-01	1.492398625287053859e-01	7.169228962819138018e-02	2.875638184882203796e-02	7.437871710190263608e-02
1.130586898931239830e+03	2.585399677621122994e-01	1.672436185669357867e-01	2.499442955179325410e-01	1.493281242211632331e-01	7.172932895431020917e-02	2.877908296315088987e-02	7.443558201421217324e-02
1.132038229995336451e+03	2.583199203007826572e-01	1.671018714842556208e-01	2.501015707771437890e-01	1.494162269517120278e-01	7.176630246078735675e-02	2.880175801092357130e-02	7.449235001421215807e-02
1.133489561059432845e+03	2.581002481660536474e-01	1.669603613137661535e-01	2.502585809620781476e-01	1.495041710312393080e-01	7.180321027735907247e-02	2.882440700262806424e-02	7.454902124669270103e-02
1.134940892123529466e+03	2.578809507151523794e-01	1.668190876588002691e-01	2.504153265173091891e-01	1.495919567698866526e-01	7.184005253344374897e-02	2.884702994883702604e-02	7.460559585638784630e-02
1.136392223187626087e+03	2.576620273064208488e-01	1.666780501233551537e-01	2.505718078866643328e-01	1.496795844770525130e-01	7.187682935814269924e-02	2.886962686020731403e-02	7.466207398797430894e-02
1.137843554251722708e+03	2.574434772993141052e-01	1.665372483120912406e-01	2.507280255132262048e-01	1.497670544613948773e-01	7.191354088024119739e-02	2.889219774747946862e-02	7.471845578607011484e-02
1.139294885315819101e+03	2.572253000543981982e-01	1.663966818303312112e-01	2.508839798393338594e-01	1.498543670308340181e-01	7.195018722820933910e-02	2.891474262147721713e-02	7.477474139523336560e-02
1.140746216379915950e+03	2.570074949333481795e-01	1.662563502840587459e-01	2.510396713065842222e-01	1.499415224925552403e-01	7.198676853020292976e-02	2.893726149310698464e-02	7.483093095996094790e-02
1.142197547444012343e+03	2.567900612989461595e-01	1.661162532799174418e-01	2.511951003558329232e-01	1.500285211530116014e-01	7.202328491406442823e-02	2.895975437335739436e-02	7.488702462468725674e-02
1.143648878508108737e+03	2.565729985150792536e-01	1.659763904252098410e-01	2.513502674271960724e-01	1.501153633179265756e-01	7.205973650732386271e-02	2.898222127329877496e-02	7.494302253378293255e-02
1.145100209572205586e+03	2.563563059467375282e-01	1.658367613278960984e-01	2.515051729600509267e-01	1.502020492922966910e-01	7.209612343719970506e-02	2.900466220408268181e-02	7.499892483155366774e-02
1.146551540636302207e+03	2.561399829600122802e-01	1.656973655965930936e-01	2.516598173930375548e-01	1.502885793803941938e-01	7.213244583059984227e-02	2.902707717694138698e-02	7.505473166223892989e-02
1.148002871700398828e+03	2.559240289220938158e-01	1.655582028405731543e-01	2.518142011640600586e-01	1.503749538857696300e-01	7.216870381412243685e-02	2.904946620318742470e-02	7.511044317001075443e-02
1.149454202764495449e+03	2.557084432012694530e-01	1.654192726697631399e-01	2.519683247102875168e-01	1.504611731112545925e-01	7.220489751405688439e-02	2.907182929421307793e-02	7.516605949897257888e-02
1.150905533828591842e+03	2.554932251669216892e-01	1.652805746947431653e-01	2.521221884681555947e-01	1.505472373589641366e-01	7.224102705638472954e-02	2.909416646148992730e-02	7.522158079315802159e-02
1.152356864892688463e+03	2.552783741895262581e-01	1.651421085267456290e-01	2.522757928733673216e-01	1.506331469302994719e-01	7.227709256678052641e-02	2.911647771656833764e-02	7.527700719652964667e-02
1.153808195956785084e+03	2.550638896406500766e-01	1.650038737776540476e-01	2.524291383608948114e-01	1.507189021259504602e-01	7.231309417061282385e-02	2.913876307107700694e-02	7.533233885297790922e-02
1.155259527020881706e+03	2.548497708929491901e-01	1.648658700600020566e-01	2.525822253649802618e-01	1.508045032458982249e-01	7.234903199294502596e-02	2.916102253672248762e-02	7.538757590631989247e-02
1.156710858084978327e+03	2.546360173201670518e-01	1.647280969869722445e-01	2.527350543191370646e-01	1.508899505894175375e-01	7.238490615853632182e-02	2.918325612528870419e-02	7.544271850029821147e-02
1.158162189149074720e+03	2.544226282971324693e-01	1.645905541723949872e-01	2.528876256561511382e-01	1.509752444550795381e-01	7.242071679184262922e-02	2.920546384863648842e-02	7.549776677857986118e-02
1.159613520213171569e+03	2.542096031997574945e-01	1.644532412307476155e-01	2.530399398080823148e-01	1.510603851407540665e-01	7.245646401701746897e-02	2.922764571870311093e-02	7.555272088475509240e-02
1.161064851277267962e+03	2.539969414050357033e-01	1.643161577771530546e-01	2.531919972062652291e-01	1.511453729436121329e-01	7.249214795791289467e-02	2.924980174750181627e-02	7.560758096233627379e-02
1.162516182341364356e+03	2.537846422910402522e-01	1.641793034273788532e-01	2.533437982813109279e-01	1.512302081601284431e-01	7.252776873808042257e-02	2.927193194712135113e-02	7.566234715475685102e-02
1.163967513405461204e+03	2.535727052369218248e-01	1.640426777978362394e-01	2.534953434631075919e-01	1.513148910860838137e-01	7.256332648077191971e-02	2.929403632972551672e-02	7.571701960537018106e-02
1.165418844469557826e+03	2.533611296229066334e-01	1.639062805055787886e-01	2.536466331808222563e-01	1.513994220165676974e-01	7.259882130894050600e-02	2.931611490755268654e-02	7.577159845744847744e-02
1.166870175533654447e+03	2.531499148302947533e-01	1.637701111683015354e-01	2.537976678629017546e-01	1.514838012459804040e-01	7.263425334524149790e-02	2.933816769291536578e-02	7.582608385418176944e-02
1.168321506597751068e+03	2.529390602414579581e-01	1.636341694043398076e-01	2.539484479370739956e-01	1.515680290680356535e-01	7.266962271203329660e-02	2.936019469819972985e-02	7.588047593867676410e-02
1.169772837661847461e+03	2.527285652398378324e-01	1.634984548326681442e-01	2.540989738303489620e-01	1.516521057757628799e-01	7.270492953137830394e-02	2.938219593586516645e-02	7.593477485395586091e-02
1.171224168725944082e+03	2.525184292099439953e-01	1.633629670728993788e-01	2.542492459690202655e-01	1.517360316615097016e-01	7.274017392504383839e-02	2.940417141844382451e-02	7.598898074295609706e-02
1.172675499790040703e+03	2.523086515373521022e-01	1.632277057452833635e-01	2.543992647786663119e-01	1.518198070169441416e-01	7.277535601450300928e-02	2.942612115854017010e-02	7.604309374852809278e-02
1.174126830854137097e+03	2.520992316087019014e-01	1.630926704707059971e-01	2.545490306841510786e-01	1.519034321330570148e-01	7.281047592093566057e-02	2.944804516883052850e-02	7.609711401343505210e-02
1.175578161918233945e+03	2.518901688116953475e-01	1.629578608706881704e-01	2.546985441096258351e-01	1.519869073001643145e-01	7.284553376522925894e-02	2.946994346206265047e-02	7.615104168035174981e-02
1.177029492982330339e+03	2.516814625350946022e-01	1.628232765673846560e-01	2.548478054785299762e-01	1.520702328079094612e-01	7.288052966797978205e-02	2.949181605105525780e-02	7.620487689186350444e-02
1.178480824046426733e+03	2.514731121687205362e-01	1.626889171835831371e-01	2.549968152135925759e-01	1.521534089452656058e-01	7.291546374949263443e-02	2.951366294869759571e-02	7.625861979046524852e-02
1.179932155110523581e+03	2.512651171034502307e-01	1.625547823427030136e-01	2.551455737368330534e-01	1.522364360005379336e-01	7.295033612978357729e-02	2.953548416794900960e-02	7.631227051856044608e-02
1.181383486174620202e+03	2.510574767312155342e-01	1.624208716687944865e-01	2.552940814695630611e-01	1.523193142613659123e-01	7.298514692857957509e-02	2.955727972183849056e-02	7.636582921846021832e-02
1.182834817238716823e+03	2.508501904450010644e-01	1.622871847865373918e-01	2.554423388323870392e-01	1.524020440147255406e-01	7.301989626531972533e-02	2.957904962346425207e-02	7.641929603238234447e-02
1.184286148302813444e+03	2.506432576388422095e-01	1.621537213212401463e-01	2.555903462452036590e-01	1.524846255469316514e-01	7.305458425915613285e-02	2.960079388599328593e-02	7.647267110245029031e-02
1.185737479366910065e+03	2.504366777078234074e-01	1.620204808988388034e-01	2.557381041272071553e-01	1.525670591436400214e-01	7.308921102895483968e-02	2.962251252266093898e-02	7.652595457069227836e-02
1.187188810431006686e+03	2.502304500480761473e-01	1.618874631458959157e-01	2.558856128968881594e-01	1.526493450898497584e-01	7.312377669329668539e-02	2.964420554677046904e-02	7.657914657904037192e-02
1.188640141495103080e+03	2.500245740567771380e-01	1.617546676895994240e-01	2.560328729720352525e-01	1.527314836699052991e-01	7.315828137047816759e-02	2.966587297169263546e-02	7.663224726932953146e-02
1.190091472559199701e+03	2.498190491321465312e-01	1.616220941577618531e-01	2.561798847697359660e-01	1.528134751674987968e-01	7.319272517851242721e-02	2.968751481086524813e-02	7.668525678329669859e-02
1.191542803623296322e+03	2.496138746734458680e-01	1.614897421788188958e-01	2.563266487063778909e-01	1.528953198656721468e-01	7.322710823513006728e-02	2.970913107779276155e-02	7.673817526257989408e-02
1.192994134687392716e+03	2.494090500809764133e-01	1.613576113818286639e-01	2.564731651976500104e-01	1.529770180468192631e-01	7.326143065778002728e-02	2.973072178604585850e-02	7.679100284871734350e-02
1.194445465751489564e+03	2.492045747560771574e-01	1.612257013964706054e-01	2.566194346585436992e-01	1.530585699926881316e-01	7.329569256363049901e-02	2.975228694926100245e-02	7.684373968314653358e-02
1.195896796815585958e+03	2.490004481011229842e-01	1.610940118530442833e-01	2.567654575033540554e-01	1.531399759843830310e-01	7.332989406956981482e-02	2.977382658114004210e-02	7.689638590720339340e-02
1.197348127879682352e+03	2.487966695195228950e-01	1.609625423824685986e-01	2.569112341456811222e-01	1.532212363023666146e-01	7.336403529220729414e-02	2.979534069544978112e-02	7.694894166212137843e-02
1.198799458943779200e+03	2.485932384157180652e-01	1.608312926162805412e-01	2.570567649984307201e-01	1.533023512264620192e-01	7.339811634787415939e-02	2.981682930602157222e-02	7.700140708903063791e-02
1.200250790007875821e+03	2.483901541951801240e-01	1.607002621866341907e-01	2.572020504738159463e-01	1.533833210358550025e-01	7.343213735262436870e-02	2.983829242675090435e-02	7.705378232895716828e-02
1.201702121071972442e+03	2.481874162644091553e-01	1.605694507262997728e-01	2.573470909833582843e-01	1.534641460090960530e-01	7.346609842223550402e-02	2.985973007159697934e-02	7.710606752282191112e-02
1.203153452136069063e+03	2.479850240309319775e-01	1.604388578686626321e-01	2.574918869378887143e-01	1.535448264241023597e-01	7.349999967220970098e-02	2.988114225458231299e-02	7.715826281144001764e-02
1.204604783200165684e+03	2.477829769033002838e-01	1.603084832477220389e-01	2.576364387475487128e-01	1.536253625581600335e-01	7.353384121777439830e-02	2.990252898979232909e-02	7.721036833551993273e-02
1.206056114264262078e+03	2.475812742910887820e-01	1.601783264980903287e-01	2.577807468217916953e-01	1.537057546879260217e-01	7.356762317388333694e-02	2.992389029137494313e-02	7.726238423566259006e-02
1.207507445328358699e+03	2.473799156048934467e-01	1.600483872549918196e-01	2.579248115693840160e-01	1.537860030894302732e-01	7.360134565521733729e-02	2.994522617354017022e-02	7.731431065236067657e-02
1.208958776392455093e+03	2.471789002563295756e-01	1.599186651542617577e-01	2.580686333984061331e-01	1.538661080380776536e-01	7.363500877618520124e-02	2.996653665055971569e-02	7.736614772599774426e-02
1.210410107456551941e+03	2.469782276580300695e-01	1.597891598323452900e-01	2.582122127162538305e-01	1.539460698086500823e-01	7.366861265092451705e-02	2.998782173676657961e-02	7.741789559684743305e-02
1.211861438520648335e+03	2.467778972236435997e-01	1.596598709262965210e-01	2.583555499296392166e-01	1.540258886753084477e-01	7.370215739330263083e-02	3.000908144655465778e-02	7.746955440507272139e-02
1.213312769584745183e+03	2.465779083678327488e-01	1.595307980737774023e-01	2.584986454445921122e-01	1.541055649115947168e-01	7.373564311691736817e-02	3.003031579437833928e-02	7.752112429072513522e-02
1.214764100648841804e+03	2.463782605062722619e-01	1.594019409130567611e-01	2.586414996664609944e-01	1.541850987904337666e-01	7.376906993509797783e-02	3.005152479475211788e-02	7.757260539374397079e-02
1.216215431712937971e+03	2.461789530556472150e-01	1.592732990830093009e-01	2.587841129999141621e-01	1.542644905841355496e-01	7.380243796090597830e-02	3.007270846225020347e-02	7.762399785395553142e-02
1.217666762777034819e+03	2.459799854336511549e-01	1.591448722231144919e-01	2.589264858489409571e-01	1.543437405643968696e-01	7.383574730713596268e-02	3.009386681150611614e-02	7.767530181107237808e-02
1.219118093841131440e+03	2.457813570589844343e-01	1.590166599734557096e-01	2.590686186168528748e-01	1.544228490023034917e-01	7.386899808631648690e-02	3.011499985721231842e-02	7.772651740469259385e-02
1.220569424905228061e+03	2.455830673513523799e-01	1.588886619747191253e-01	2.592105117062847297e-01	1.545018161683320568e-01	7.390219041071084682e-02	3.013610761411980588e-02	7.777764477429904844e-02
1.222020755969324682e+03	2.453851157314633769e-01	1.587608778681926236e-01	2.593521655191955988e-01	1.545806423323519696e-01	7.393532439231804976e-02	3.015719009703773587e-02	7.782868405925863486e-02
1.223472087033421303e+03	2.451875016210272318e-01	1.586333072957649692e-01	2.594935804568703763e-01	1.546593277636273134e-01	7.396840014287349441e-02	3.017824732083304248e-02	7.787963539882160335e-02
1.224923418097517697e+03	2.449902244427533127e-01	1.585059498999246697e-01	2.596347569199204397e-01	1.547378727308188762e-01	7.400141777384994235e-02	3.019927930043005485e-02	7.793049893212081192e-02
1.226374749161614318e+03	2.447932836203487450e-01	1.583788053237590587e-01	2.597756953082850373e-01	1.548162775019858994e-01	7.403437739645828131e-02	3.022028605081010511e-02	7.798127479817103247e-02
1.227826080225710712e+03	2.445966785785167186e-01	1.582518732109532145e-01	2.599163960212323987e-01	1.548945423445881320e-01	7.406727912164835781e-02	3.024126758701116066e-02	7.803196313586821531e-02
1.229277411289807560e+03	2.444004087429546557e-01	1.581251532057889042e-01	2.600568594573607895e-01	1.549726675254876063e-01	7.410012306010982375e-02	3.026222392412745293e-02	7.808256408398886461e-02
1.230728742353903954e+03	2.442044735403524902e-01	1.579986449531438630e-01	2.601970860145998432e-01	1.550506533109505258e-01	7.413290932227299679e-02	3.028315507730908879e-02	7.813307778118930291e-02
1.232180073418000802e+03	2.440088723983908359e-01	1.578723480984904337e-01	2.603370760902113390e-01	1.551284999666492359e-01	7.416563801830959590e-02	3.030406106176168970e-02	7.818350436600501885e-02
1.233631404482097196e+03	2.438136047457392652e-01	1.577462622878948173e-01	2.604768300807905335e-01	1.552062077576639165e-01	7.419830925813362954e-02	3.032494189274601015e-02	7.823384397684998715e-02
1.235082735546193817e+03	2.436186700120545057e-01	1.576203871680159629e-01	2.606163483822672711e-01	1.552837769484845254e-01	7.423092315140224218e-02	3.034579758557757675e-02	7.828409675201601636e-02
1.236534066610290438e+03	2.434240676279787463e-01	1.574947223861046519e-01	2.607556313899071498e-01	1.553612078030126853e-01	7.426347980751644984e-02	3.036662815562631360e-02	7.833426282967206888e-02
1.237985397674387059e+03	2.432297970251379171e-01	1.573692675900024429e-01	2.608946794983124651e-01	1.554385005845634049e-01	7.429597933562198664e-02	3.038743361831617446e-02	7.838434234786367805e-02
1.239436728738483680e+03	2.430358576361397460e-01	1.572440224281407006e-01	2.610334931014235416e-01	1.555156555558669107e-01	7.432842184461016521e-02	3.040821398912479240e-02	7.843433544451222650e-02
1.240888059802580301e+03	2.428422488945722324e-01	1.571189865495396243e-01	2.611720725925196218e-01	1.555926729790705343e-01	7.436080744311859836e-02	3.042896928358309813e-02	7.848424225741434945e-02
1.242339390866676695e+03	2.426489702350017874e-01	1.569941596038071929e-01	2.613104183642201983e-01	1.556695531157404611e-01	7.439313623953207333e-02	3.044969951727496960e-02	7.853406292424131019e-02
1.243790721930773088e+03	2.424560210929715409e-01	1.568695412411383605e-01	2.614485308084859572e-01	1.557462962268635065e-01	7.442540834198331512e-02	3.047040470583687460e-02	7.858379758253838943e-02
1.245242052994869937e+03	2.422634009049996207e-01	1.567451311123138624e-01	2.615864103166199994e-01	1.558229025728489481e-01	7.445762385835383301e-02	3.049108486495750309e-02	7.863344636972426083e-02
1.246693384058966330e+03	2.420711091085772926e-01	1.566209288686992718e-01	2.617240572792687847e-01	1.558993724135302461e-01	7.448978289627465610e-02	3.051174001037742015e-02	7.868300942309038037e-02
1.248144715123063179e+03	2.418791451421674621e-01	1.564969341622441945e-01	2.618614720864232970e-01	1.559757060081668478e-01	7.452188556312717982e-02	3.053237015788870870e-02	7.873248687980038962e-02
1.249596046187159800e+03	2.416875084452026756e-01	1.563731466454810481e-01	2.619986551274203768e-01	1.560519036154459360e-01	7.455393196604392925e-02	3.055297532333461907e-02	7.878187887688954671e-02
1.251047377251256421e+03	2.414961984580835941e-01	1.562495659715242846e-01	2.621356067909434429e-01	1.561279654934841221e-01	7.458592221190939175e-02	3.057355552260920817e-02	7.883118555126410187e-02
1.252498708315352815e+03	2.413052146221772443e-01	1.561261917940692800e-01	2.622723274650238801e-01	1.562038918998292780e-01	7.461785640736069702e-02	3.059411077165700293e-02	7.888040703970074230e-02
1.253950039379449436e+03	2.411145563798152425e-01	1.560030237673914466e-01	2.624088175370420384e-01	1.562796830914621737e-01	7.464973465878854686e-02	3.061464108647264648e-02	7.892954347884603705e-02
1.255401370443546057e+03	2.409242231742920737e-01	1.558800615463451777e-01	2.625450773937282323e-01	1.563553393247982815e-01	7.468155707233792295e-02	3.063514648310055113e-02	7.897859500521581255e-02
1.256852701507642678e+03	2.407342144498634817e-01	1.557573047863629878e-01	2.626811074211640729e-01	1.564308608556894409e-01	7.471332375390882241e-02	3.065562697763455149e-02	7.902756175519468074e-02
1.258304032571739299e+03	2.405445296517447207e-01	1.556347531434544851e-01	2.628169080047833006e-01	1.565062479394255524e-01	7.474503480915710429e-02	3.067608258621756789e-02	7.907644386503537293e-02
1.259755363635835920e+03	2.403551682261087785e-01	1.555124062742053170e-01	2.629524795293728401e-01	1.565815008307363254e-01	7.477669034349526678e-02	3.069651332504126987e-02	7.912524147085830961e-02
1.261206694699932314e+03	2.401661296200847673e-01	1.553902638357763932e-01	2.630878223790742432e-01	1.566566197837928887e-01	7.480829046209314104e-02	3.071691921034571185e-02	7.917395470865098983e-02
1.262658025764028707e+03	2.399774132817561190e-01	1.552683254859027473e-01	2.632229369373844663e-01	1.567316050522095661e-01	7.483983526987873780e-02	3.073730025841902788e-02	7.922258371426746382e-02
1.264109356828125556e+03	2.397890186601590035e-01	1.551465908828926765e-01	2.633578235871570916e-01	1.568064568890454591e-01	7.487132487153896898e-02	3.075765648559706730e-02	7.927112862342783339e-02
1.265560687892221949e+03	2.396009452052806910e-01	1.550250596856267982e-01	2.634924827106032708e-01	1.568811755468061675e-01	7.490275937152043872e-02	3.077798790826308251e-02	7.931958957171768299e-02
1.267012018956318798e+03	2.394131923680576368e-01	1.549037315535569392e-01	2.636269146892929460e-01	1.569557612774453992e-01	7.493413887403017892e-02	3.079829454284738199e-02	7.936796669458762166e-02
1.268463350020415419e+03	2.392257596003740661e-01	1.547826061467053871e-01	2.637611199041558496e-01	1.570302143323667188e-01	7.496546348303642637e-02	3.081857640582699731e-02	7.941626012735271412e-02
1.269914681084511813e+03	2.390386463550600304e-01	1.546616831256637792e-01	2.638950987354826139e-01	1.571045349624249909e-01	7.499673330226935830e-02	3.083883351372535692e-02	7.946447000519203663e-02
1.271366012148608434e+03	2.388518520858899929e-01	1.545409621515921594e-01	2.640288515629258259e-01	1.571787234179282122e-01	7.502794843522185564e-02	3.085906588311195659e-02	7.951259646314814966e-02
1.272817343212705055e+03	2.386653762475809126e-01	1.544204428862181733e-01	2.641623787655010269e-01	1.572527799486390931e-01	7.505910898515025242e-02	3.087927353060204369e-02	7.956063963612659828e-02
1.274268674276801676e+03	2.384792182957908291e-01	1.543001249918359019e-01	2.642956807215880999e-01	1.573267048037765847e-01	7.509021505507504357e-02	3.089945647285626679e-02	7.960859965889542644e-02
1.275720005340898297e+03	2.382933776871168918e-01	1.541800081313051407e-01	2.644287578089317692e-01	1.574004982320175716e-01	7.512126674778171753e-02	3.091961472658037724e-02	7.965647666608471900e-02
1.277171336404994690e+03	2.381078538790939447e-01	1.540600919680501779e-01	2.645616104046432104e-01	1.574741604814983986e-01	7.515226416582138080e-02	3.093974830852488922e-02	7.970427079218610211e-02
1.278622667469091539e+03	2.379226463301927219e-01	1.539403761660591841e-01	2.646942388852008832e-01	1.575476917998165638e-01	7.518320741151159059e-02	3.095985723548477092e-02	7.975198217155231306e-02
1.280073998533187932e+03	2.377377544998183490e-01	1.538208603898829629e-01	2.648266436264516410e-01	1.576210924340322173e-01	7.521409658693706257e-02	3.097994152429911843e-02	7.979961093839670061e-02
1.281525329597284326e+03	2.375531778483085110e-01	1.537015443046341467e-01	2.649588250036115644e-01	1.576943626306697988e-01	7.524493179395037867e-02	3.100000119185082961e-02	7.984715722679273930e-02
1.282976660661381175e+03	2.373689158369318986e-01	1.535824275759863355e-01	2.650907833912674594e-01	1.577675026357195920e-01	7.527571313417273646e-02	3.102003625506630571e-02	7.989462117067368252e-02
1.284427991725477568e+03	2.371849679278865419e-01	1.534635098701729039e-01	2.652225191633775236e-01	1.578405126946392789e-01	7.530644070899465692e-02	3.104004673091512526e-02	7.994200290383200735e-02
1.285879322789574417e+03	2.370013335842981184e-01	1.533447908539863624e-01	2.653540326932725679e-01	1.579133930523554663e-01	7.533711461957674771e-02	3.106003263640972831e-02	7.998930255991905380e-02
1.287330653853671038e+03	2.368180122702184254e-01	1.532262701947771921e-01	2.654853243536571261e-01	1.579861439532653233e-01	7.536773496685039708e-02	3.107999398860511811e-02	8.003652027244449740e-02
1.288781984917767431e+03	2.366350034506235767e-01	1.531079475604530393e-01	2.656163945166103435e-01	1.580587656412380526e-01	7.539830185151848163e-02	3.109993080459853843e-02	8.008365617477604392e-02
1.290233315981864052e+03	2.364523065914125310e-01	1.529898226194777167e-01	2.657472435535872535e-01	1.581312583596164723e-01	7.542881537405608794e-02	3.111984310152916475e-02	8.013071040013888813e-02
