1.001418434226643626e+03	2.826657278598838086e-01	1.767054644723501655e-01	2.336000325126341148e-01	1.407170811571346325e-01	6.893430857544732837e-02	2.737330851474387150e-02	7.000407690778802372e-02
1.003837319333471214e+03	2.822425546776307081e-01	1.764268128216601450e-01	2.338899215197662584e-01	1.408951181377354755e-01	6.900818077810090545e-02	2.741944660289571956e-02	7.011796546219283000e-02
1.006256204440298802e+03	2.818205823685893119e-01	1.761489523285422742e-01	2.341789301173125837e-01	1.410726517571486704e-01	6.908184792468728685e-02	2.746549628549931760e-02	7.023153921820260437e-02
1.008675089547126618e+03	2.813998075137591481e-01	1.758718807371693615e-01	2.344670609517325865e-01	1.412496836388570376e-01	6.915531064170725439e-02	2.751145754867067791e-02	7.034479896808594479e-02
1.011093974653954206e+03	2.809802267039580581e-01	1.755955957982245352e-01	2.347543166612747478e-01	1.414262153992857374e-01	6.922856955327189032e-02	2.755733038039243424e-02	7.045774550357454535e-02
1.013512859760782021e+03	2.805618365397933855e-01	1.753200952688817038e-01	2.350406998760078414e-01	1.416022486478502596e-01	6.930162528111602493e-02	2.760311477049546755e-02	7.057037961583727259e-02
1.015931744867609382e+03	2.801446336316326113e-01	1.750453769127860992e-01	2.353262132178521315e-01	1.417777849870042184e-01	6.937447844461143431e-02	2.764881071064069495e-02	7.068270209545474136e-02
1.018350629974437197e+03	2.797286145995748208e-01	1.747714385000348203e-01	2.356108593006104868e-01	1.419528260122863150e-01	6.944712966078016303e-02	2.769441819430099733e-02	7.079471373239433485e-02
1.020769515081264785e+03	2.793137760734216712e-01	1.744982778071574869e-01	2.358946407299991055e-01	1.421273733123671057e-01	6.951957954430751374e-02	2.773993721674327881e-02	7.090641531598571023e-02
1.023188400188092373e+03	2.789001146926489150e-01	1.742258926170970335e-01	2.361775601036780192e-01	1.423014284690952425e-01	6.959182870755505068e-02	2.778536777501069283e-02	7.101780763489683179e-02
1.025607285294920075e+03	2.784876271063777553e-01	1.739542807191904183e-01	2.364596200112816515e-01	1.424749930575431311e-01	6.966387776057343661e-02	2.783070986790499302e-02	7.112889147711039250e-02
1.028026170401747549e+03	2.780763099733462029e-01	1.736834399091494452e-01	2.367408230344488773e-01	1.426480686460523117e-01	6.973572731111522816e-02	2.787596349596901599e-02	7.123966762990070756e-02
1.030445055508575479e+03	2.776661599618808207e-01	1.734133679890415836e-01	2.370211717468529988e-01	1.428206567962783946e-01	6.980737796464749068e-02	2.792112866146934796e-02	7.135013687981110742e-02
1.032863940615402726e+03	2.772571737498684130e-01	1.731440627672712063e-01	2.373006687142316384e-01	1.429927590632353585e-01	6.987883032436437158e-02	2.796620536837906776e-02	7.146030001263169174e-02
1.035282825722230655e+03	2.768493480247277150e-01	1.728755220585604102e-01	2.375793164944161873e-01	1.431643769953395984e-01	6.995008499119952095e-02	2.801119362236068402e-02	7.157015781337759674e-02
1.037701710829058356e+03	2.764426794833813594e-01	1.726077436839300594e-01	2.378571176373614204e-01	1.433355121344535299e-01	7.002114256383841495e-02	2.805609343074916967e-02	7.167971106626762345e-02
1.040120595935886058e+03	2.760371648322280658e-01	1.723407254706811609e-01	2.381340746851745294e-01	1.435061660159287211e-01	7.009200363873065165e-02	2.810090480253514544e-02	7.178896055470335158e-02
1.042539481042713533e+03	2.756328007871142183e-01	1.720744652523758522e-01	2.384101901721441819e-01	1.436763401686486086e-01	7.016266881010201073e-02	2.814562774834821965e-02	7.189790706124857267e-02
1.044958366149541234e+03	2.752295840733063326e-01	1.718089608688188885e-01	2.386854666247694434e-01	1.438460361150707689e-01	7.023313866996656885e-02	2.819026228044042154e-02	7.200655136760923669e-02
1.047377251256368709e+03	2.748275114254634111e-01	1.715442101660387964e-01	2.389599065617883378e-01	1.440152553712689132e-01	7.030341380813855123e-02	2.823480841266979083e-02	7.211489425461375946e-02
1.049796136363196410e+03	2.744265795876091873e-01	1.712802109962693886e-01	2.392335124942064906e-01	1.441839994469743813e-01	7.037349481224425274e-02	2.827926616048410946e-02	7.222293650219369088e-02
1.052215021470024112e+03	2.740267853131044262e-01	1.710169612179313070e-01	2.395062869253252735e-01	1.443522698456171649e-01	7.044338226773376455e-02	2.832363554090472357e-02	7.233067888936482726e-02
1.054633906576851814e+03	2.736281253646196121e-01	1.707544586956133426e-01	2.397782323507700042e-01	1.445200680643666802e-01	7.051307675789258989e-02	2.836791657251055976e-02	7.243812219420865672e-02
1.057052791683679516e+03	2.732305965141075821e-01	1.704927013000542280e-01	2.400493512585178957e-01	1.446873955941721523e-01	7.058257886385323199e-02	2.841210927542219336e-02	7.254526719385422096e-02
1.059471676790506763e+03	2.728341955427760479e-01	1.702316869081241801e-01	2.403196461289257568e-01	1.448542539198024170e-01	7.065188916460665713e-02	2.845621367128611454e-02	7.265211466446032385e-02
1.061890561897334692e+03	2.724389192410606175e-01	1.699714134028066093e-01	2.405891194347578033e-01	1.450206445198855831e-01	7.072100823701366057e-02	2.850022978325906717e-02	7.275866538119815652e-02
1.064309447004162394e+03	2.720447644085975392e-01	1.697118786731799944e-01	2.408577736412128301e-01	1.451865688669482235e-01	7.078993665581616301e-02	2.854415763599255432e-02	7.286492011823415826e-02
1.066728332110990095e+03	2.716517278541967784e-01	1.694530806143995649e-01	2.411256112059517454e-01	1.453520284274540941e-01	7.085867499364835453e-02	2.858799725561743388e-02	7.297087964871339094e-02
1.069147217217817570e+03	2.712598063958150396e-01	1.691950171276794257e-01	2.413926345791244932e-01	1.455170246618427421e-01	7.092722382104786616e-02	2.863174866972867730e-02	7.307654474474314932e-02
1.071566102324645271e+03	2.708689968605288434e-01	1.689376861202741276e-01	2.416588462033971152e-01	1.456815590245674197e-01	7.099558370646673333e-02	2.867541190737020462e-02	7.318191617737691834e-02
1.073984987431472746e+03	2.704792960845077143e-01	1.686810855054611535e-01	2.419242485139784238e-01	1.458456329641329430e-01	7.106375521628231773e-02	2.871898699901989302e-02	7.328699471659880227e-02
1.076403872538300675e+03	2.700907009129879244e-01	1.684252132025226556e-01	2.421888439386467584e-01	1.460092479231329954e-01	7.113173891480821520e-02	2.876247397657465121e-02	7.339178113130805092e-02
1.078822757645127922e+03	2.697032082002452369e-01	1.681700671367276911e-01	2.424526348977764090e-01	1.461724053382872368e-01	7.119953536430490004e-02	2.880587287333566740e-02	7.349627618930414108e-02
1.081241642751955851e+03	2.693168148095689274e-01	1.679156452393144594e-01	2.427156238043638170e-01	1.463351066404778300e-01	7.126714512499052190e-02	2.884918372399374389e-02	7.360048065727205213e-02
1.083660527858783553e+03	2.689315176132350826e-01	1.676619454474724824e-01	2.429778130640538880e-01	1.464973532547859392e-01	7.133456875505136963e-02	2.889240656461475668e-02	7.370439530076787482e-02
1.086079412965611255e+03	2.685473134924804550e-01	1.674089657043248969e-01	2.432392050751658319e-01	1.466591466005276734e-01	7.140180681065248780e-02	2.893554143262523637e-02	7.380802088420476692e-02
1.088498298072438729e+03	2.681641993374761501e-01	1.671567039589109682e-01	2.434998022287192532e-01	1.468204880912897803e-01	7.146885984594797403e-02	2.897858836679806371e-02	7.391135817083918647e-02
1.090917183179266431e+03	2.677821720473012590e-01	1.669051581661683548e-01	2.437596069084596029e-01	1.469813791349648957e-01	7.153572841309147057e-02	2.902154740723827953e-02	7.401440792275744418e-02
1.093336068286093905e+03	2.674012285299170455e-01	1.666543262869157049e-01	2.440186214908839357e-01	1.471418211337866544e-01	7.160241306224629509e-02	2.906441859536902997e-02	7.411717090086253346e-02
1.095754953392921607e+03	2.670213657021409670e-01	1.664042062878351713e-01	2.442768483452661399e-01	1.473018154843643845e-01	7.166891434159571028e-02	2.910720197391757427e-02	7.421964786486129340e-02
1.098173838499749309e+03	2.666425804896204177e-01	1.661547961414549246e-01	2.445342898336822779e-01	1.474613635777174137e-01	7.173523279735294356e-02	2.914989758690146940e-02	7.432183957325178003e-02
1.100592723606577010e+03	2.662648698268072489e-01	1.659060938261319174e-01	2.447909483110357887e-01	1.476204667993092079e-01	7.180136897377127625e-02	2.919250547961482062e-02	7.442374678331101223e-02
1.103011608713404712e+03	2.658882306569317899e-01	1.656580973260345369e-01	2.450468261250823010e-01	1.477791265290810396e-01	7.186732341315398009e-02	2.923502569861466741e-02	7.452537025108292579e-02
1.105430493820231959e+03	2.655126599319772573e-01	1.654108046311254521e-01	2.453019256164546691e-01	1.479373441414855161e-01	7.193309665586418433e-02	2.927745829170747688e-02	7.462671073136666056e-02
1.107849378927059888e+03	2.651381546126542754e-01	1.651642137371443775e-01	2.455562491186875085e-01	1.480951210055196365e-01	7.199868924033464568e-02	2.931980330793573092e-02	7.472776897770508353e-02
1.110268264033887590e+03	2.647647116683751189e-01	1.649183226455909201e-01	2.458097989582417320e-01	1.482524584847576543e-01	7.206410170307753216e-02	2.936206079756463819e-02	7.482854574237360334e-02
1.112687149140715292e+03	2.643923280772285112e-01	1.646731293637076488e-01	2.460625774545291966e-01	1.484093579373837457e-01	7.212933457869399878e-02	2.940423081206896758e-02	7.492904177636913743e-02
1.115106034247542766e+03	2.640210008259541441e-01	1.644286319044629407e-01	2.463145869199367677e-01	1.485658207162240119e-01	7.219438839988383261e-02	2.944631340411995105e-02	7.502925782939950938e-02
1.117524919354370468e+03	2.636507269099174766e-01	1.641848282865341346e-01	2.465658296598506050e-01	1.487218481687786753e-01	7.225926369745488964e-02	2.948830862757232524e-02	7.512919464987301288e-02
1.119943804461197942e+03	2.632815033330845322e-01	1.639417165342905991e-01	2.468163079726800602e-01	1.488774416372536102e-01	7.232396100033257336e-02	2.953021653745146330e-02	7.522885298488818373e-02
1.122362689568025871e+03	2.629133271079968082e-01	1.636992946777769686e-01	2.470660241498817411e-01	1.490326024585918174e-01	7.238848083556921609e-02	2.957203718994062466e-02	7.532823358022386340e-02
1.124781574674853118e+03	2.625461952557461287e-01	1.634575607526961849e-01	2.473149804759831871e-01	1.491873319645044549e-01	7.245282372835328000e-02	2.961377064236829504e-02	7.542733718032954005e-02
1.127200459781681047e+03	2.621801048059498318e-01	1.632165128003929266e-01	2.475631792286064614e-01	1.493416314815016743e-01	7.251699020201865520e-02	2.965541695319563742e-02	7.552616452831588389e-02
1.129619344888508749e+03	2.618150527967257890e-01	1.629761488678369563e-01	2.478106226784916877e-01	1.494955023309233189e-01	7.258098077805379134e-02	2.969697618200404718e-02	7.562471636594543523e-02
1.132038229995336451e+03	2.614510362746678140e-01	1.627364670076063558e-01	2.480573130895205591e-01	1.496489458289690100e-01	7.264479597611078754e-02	2.973844838948281472e-02	7.572299343362372259e-02
1.134457115102163925e+03	2.610880522948205718e-01	1.624974652778710393e-01	2.483032527187394589e-01	1.498019632867283457e-01	7.270843631401438523e-02	2.977983363741685055e-02	7.582099647039040879e-02
1.136876000208991627e+03	2.607260979206553198e-01	1.622591417423762949e-01	2.485484438163825804e-01	1.499545560102105157e-01	7.277190230777096092e-02	2.982113198867457696e-02	7.591872621391078380e-02
1.139294885315819101e+03	2.603651702240452059e-01	1.620214944704262416e-01	2.487928886258950478e-01	1.501067253003739443e-01	7.283519447157735249e-02	2.986234350719587163e-02	7.601618340046738254e-02
1.141713770422646803e+03	2.600052662852405660e-01	1.617845215368674539e-01	2.490365893839557865e-01	1.502584724531553229e-01	7.289831331782975488e-02	2.990346825798011199e-02	7.611336876495194970e-02
1.144132655529474505e+03	2.596463831928449983e-01	1.615482210220726411e-01	2.492795483205002827e-01	1.504097987594988362e-01	7.296125935713237975e-02	2.994450630707434086e-02	7.621028304085744609e-02
1.146551540636302207e+03	2.592885180437904946e-01	1.613125910119243278e-01	2.495217676587432043e-01	1.505607055053847232e-01	7.302403309830622635e-02	2.998545772156150507e-02	7.630692696027041588e-02
1.148970425743129908e+03	2.589316679433135149e-01	1.610776295977985328e-01	2.497632496152011050e-01	1.507111939718578097e-01	7.308663504839769953e-02	3.002632256954882242e-02	7.640330125386343707e-02
1.151389310849957155e+03	2.585758300049307290e-01	1.608433348765487270e-01	2.500039963997145454e-01	1.508612654350556803e-01	7.314906571268713076e-02	3.006710092015620409e-02	7.649940665088789116e-02
1.153808195956785084e+03	2.582210013504148138e-01	1.606097049504895680e-01	2.502440102154707136e-01	1.510109211662368223e-01	7.321132559469731294e-02	3.010779284350479854e-02	7.659524387916687160e-02
1.156227081063612786e+03	2.578671791097706945e-01	1.603767379273808857e-01	2.504832932590254635e-01	1.511601624318081871e-01	7.327341519620192423e-02	3.014839841070563256e-02	7.669081366508820330e-02
1.158645966170440488e+03	2.575143604212110637e-01	1.601444319204115840e-01	2.507218477203254081e-01	1.513089904933527796e-01	7.333533501723392412e-02	3.018891769384832169e-02	7.678611673359783674e-02
1.161064851277267962e+03	2.571625424311331787e-01	1.599127850481837088e-01	2.509596757827300961e-01	1.514574066076569692e-01	7.339708555609388008e-02	3.022935076598991244e-02	7.688115380819324218e-02
1.163483736384095664e+03	2.568117222940944910e-01	1.596817954346964608e-01	2.511967796230334393e-01	1.516054120267374961e-01	7.345866730935816935e-02	3.026969770114376970e-02	7.697592561091719243e-02
1.165902621490923138e+03	2.564618971727891106e-01	1.594514612093304307e-01	2.514331614114859170e-01	1.517530079978682278e-01	7.352008077188727786e-02	3.030995857426859938e-02	7.707043286235149004e-02
1.168321506597751068e+03	2.561130642380241573e-01	1.592217805068316117e-01	2.516688233118160034e-01	1.519001957636068045e-01	7.358132643683386320e-02	3.035013346125753353e-02	7.716467628161106929e-02
1.170740391704578315e+03	2.557652206686961693e-01	1.589927514672957176e-01	2.519037674812516503e-01	1.520469765618210067e-01	7.364240479565087316e-02	3.039022243892731262e-02	7.725865658633820909e-02
1.173159276811406244e+03	2.554183636517676770e-01	1.587643722361523901e-01	2.521379960705420475e-01	1.521933516257147900e-01	7.370331633809953931e-02	3.043022558500756841e-02	7.735237449269688481e-02
1.175578161918233945e+03	2.550724903822435552e-01	1.585366409641495999e-01	2.523715112239785507e-01	1.523393221838542644e-01	7.376406155225741224e-02	3.047014297813019010e-02	7.744583071536730035e-02
1.177997047025061647e+03	2.547275980631477643e-01	1.583095558073379372e-01	2.526043150794161085e-01	1.524848894601933957e-01	7.382464092452623028e-02	3.050997469781875984e-02	7.753902596754068399e-02
1.180415932131889122e+03	2.543836839054999799e-01	1.580831149270550962e-01	2.528364097682943568e-01	1.526300546740994302e-01	7.388505493963974657e-02	3.054972082447810280e-02	7.763196096091411202e-02
1.182834817238716823e+03	2.540407451282924445e-01	1.578573164899103043e-01	2.530677974156587129e-01	1.527748190403782069e-01	7.394530408067161165e-02	3.058938143938392043e-02	7.772463640568556820e-02
1.185253702345544298e+03	2.536987789584668751e-01	1.576321586677688624e-01	2.532984801401811370e-01	1.529191837692991662e-01	7.400538882904306170e-02	3.062895662467248273e-02	7.781705301054914203e-02
1.187672587452371999e+03	2.533577826308912040e-01	1.574076396377366849e-01	2.535284600541810596e-01	1.530631500666202183e-01	7.406530966453060694e-02	3.066844646333044891e-02	7.790921148269044916e-02
1.190091472559199701e+03	2.530177533883367080e-01	1.571837575821449784e-01	2.537577392636460871e-01	1.532067191336123901e-01	7.412506706527374756e-02	3.070785103918473660e-02	7.800111252778206550e-02
1.192510357666027403e+03	2.526786884814548606e-01	1.569605106885348378e-01	2.539863198682525414e-01	1.533498921670841952e-01	7.418466150778246782e-02	3.074717043689249169e-02	7.809275684997926681e-02
1.194929242772855105e+03	2.523405851687547385e-01	1.567378971496420359e-01	2.542142039613862203e-01	1.534926703594058639e-01	7.424409346694482714e-02	3.078640474193114485e-02	7.818414515191582370e-02
1.197348127879682352e+03	2.520034407165799850e-01	1.565159151633816470e-01	2.544413936301626045e-01	1.536350548985335185e-01	7.430336341603444028e-02	3.082555404058853754e-02	7.827527813469994933e-02
1.199767012986510281e+03	2.516672523990862165e-01	1.562945629328330865e-01	2.546678909554470627e-01	1.537770469680327656e-01	7.436247182671788802e-02	3.086461841995314162e-02	7.836615649791048299e-02
1.202185898093337983e+03	2.513320174982183186e-01	1.560738386662247901e-01	2.548936980118755025e-01	1.539186477471025660e-01	7.442141916906208632e-02	3.090359796790435876e-02	7.845678093959304600e-02
1.204604783200165684e+03	2.509977333036877423e-01	1.558537405769192252e-01	2.551188168678741319e-01	1.540598584105984659e-01	7.448020591154166925e-02	3.094249277310289967e-02	7.854715215625648894e-02
1.207023668306993159e+03	2.506643971129501880e-01	1.556342668833977649e-01	2.553432495856797768e-01	1.542006801290560503e-01	7.453883252104621937e-02	3.098130292498124660e-02	7.863727084286942226e-02
1.209442553413820860e+03	2.503320062311829575e-01	1.554154158092456717e-01	2.555669982213595870e-01	1.543411140687138139e-01	7.459729946288752578e-02	3.102002851373418871e-02	7.872713769285689944e-02
1.211861438520648335e+03	2.500005579712626935e-01	1.551971855831373315e-01	2.557900648248311315e-01	1.544811613915361426e-01	7.465560720080674506e-02	3.105866963030943714e-02	7.881675339809716963e-02
1.214280323627476264e+03	2.496700496537428982e-01	1.549795744388211827e-01	2.560124514398819939e-01	1.546208232552360173e-01	7.471375619698156223e-02	3.109722636639834087e-02	7.890611864891862448e-02
1.216699208734303511e+03	2.493404786068318946e-01	1.547625806151048944e-01	2.562341601041895900e-01	1.547601008132974687e-01	7.477174691203322676e-02	3.113569881442664056e-02	7.899523413409688388e-02
1.219118093841131440e+03	2.490118421663704840e-01	1.545462023558406006e-01	2.564551928493407074e-01	1.548989952149978921e-01	7.482957980503363027e-02	3.117408706754533354e-02	7.908410054085192320e-02
1.221536978947959142e+03	2.486841376758099076e-01	1.543304379099101342e-01	2.566755517008509901e-01	1.550375076054301970e-01	7.488725533351230090e-02	3.121239121962161162e-02	7.917271855484545040e-02
1.223955864054786844e+03	2.483573624861896978e-01	1.541152855312102610e-01	2.568952386781843678e-01	1.551756391255247891e-01	7.494477395346330062e-02	3.125061136522985783e-02	7.926108886017826927e-02
1.226374749161614318e+03	2.480315139561158344e-01	1.539007434786380524e-01	2.571142557947724283e-01	1.553133909120714140e-01	7.500213611935216407e-02	3.128874759964271612e-02	7.934921213938787854e-02
1.228793634268442020e+03	2.477065894517387346e-01	1.536868100160763140e-01	2.573326050580336255e-01	1.554507640977406679e-01	7.505934228412272646e-02	3.132680001882228588e-02	7.943708907344611270e-02
1.231212519375269494e+03	2.473825863467314090e-01	1.534734834123789027e-01	2.575502884693924854e-01	1.555877598111055915e-01	7.511639289920392371e-02	3.136476871941130951e-02	7.952472034175687987e-02
1.233631404482097196e+03	2.470595020222676741e-01	1.532607619413562938e-01	2.577673080242986470e-01	1.557243791766627083e-01	7.517328841451657861e-02	3.140265379872452661e-02	7.961210662215417733e-02
1.236050289588924898e+03	2.467373338670004468e-01	1.530486438817610373e-01	2.579836657122456245e-01	1.558606233148533970e-01	7.523002927848006227e-02	3.144045535474000730e-02	7.969924859089998204e-02
1.238469174695752372e+03	2.464160792770401232e-01	1.528371275172733246e-01	2.581993635167903478e-01	1.559964933420846245e-01	7.528661593801903862e-02	3.147817348609064508e-02	7.978614692268244657e-02
1.240888059802580301e+03	2.460957356559330123e-01	1.526262111364866669e-01	2.584144034155712588e-01	1.561319903707499013e-01	7.534304883857004254e-02	3.151580829205564982e-02	7.987280229061403947e-02
1.243306944909407548e+03	2.457763004146396868e-01	1.524158930328934902e-01	2.586287873803275739e-01	1.562671155092497377e-01	7.539932842408804403e-02	3.155335987255216551e-02	7.995921536622994930e-02
1.245725830016235477e+03	2.454577709715136391e-01	1.522061715048707298e-01	2.588425173769176024e-01	1.564018698620121828e-01	7.545545513705304019e-02	3.159082832812693670e-02	8.004538681948651646e-02
1.248144715123063179e+03	2.451401447522798815e-01	1.519970448556658416e-01	2.590555953653375654e-01	1.565362545295130303e-01	7.551142941847652224e-02	3.162821375994803036e-02	8.013131731875974828e-02
1.250563600229890881e+03	2.448234191900136025e-01	1.517885113933823138e-01	2.592680232997399692e-01	1.566702706082961638e-01	7.556725170790791479e-02	3.166551626979667577e-02	8.021700753084391733e-02
1.252982485336718355e+03	2.445075917251188780e-01	1.515805694309656504e-01	2.594798031284522022e-01	1.568039191909933183e-01	7.562292244344098746e-02	3.170273596005910438e-02	8.030245812095038183e-02
1.255401370443546057e+03	2.441926598053075215e-01	1.513732172861892156e-01	2.596909367939946311e-01	1.569372013663439536e-01	7.567844206172033572e-02	3.173987293371853535e-02	8.038766975270636439e-02
1.257820255550373531e+03	2.438786208855779347e-01	1.511664532816401063e-01	2.599014262330990310e-01	1.570701182192149603e-01	7.573381099794750104e-02	3.177692729434716812e-02	8.047264308815388345e-02
1.260239140657201460e+03	2.435654724281939854e-01	1.509602757447051358e-01	2.601112733767266816e-01	1.572026708306202003e-01	7.578902968588743794e-02	3.181389914609827896e-02	8.055737878774880956e-02
1.262658025764028707e+03	2.432532119026641071e-01	1.507546830075569555e-01	2.603204801500865750e-01	1.573348602777398797e-01	7.584409855787470345e-02	3.185078859369836618e-02	8.064187751035994944e-02
1.265076910870856636e+03	2.429418367857202332e-01	1.505496734071398723e-01	2.605290484726534572e-01	1.574666876339397004e-01	7.589901804481964664e-02	3.188759574243937162e-02	8.072613991326824112e-02
1.267495795977684338e+03	2.426313445612970354e-01	1.503452452851562204e-01	2.607369802581856466e-01	1.575981539687899280e-01	7.595378857621459812e-02	3.192432069817095763e-02	8.081016665216607386e-02
1.269914681084511813e+03	2.423217327205111071e-01	1.501413969880522337e-01	2.609442774147430755e-01	1.577292603480845157e-01	7.600841058013999008e-02	3.196096356729288129e-02	8.089395838115669146e-02
1.272333566191339514e+03	2.420129987616400358e-01	1.499381268670044176e-01	2.611509418447050535e-01	1.578600078338595891e-01	7.606288448327046259e-02	3.199752445674739626e-02	8.097751575275356772e-02
1.274752451298167216e+03	2.417051401901018914e-01	1.497354332779056718e-01	2.613569754447878646e-01	1.579903974844123205e-01	7.611721071088091428e-02	3.203400347401171716e-02	8.106083941788007341e-02
1.277171336404994690e+03	2.413981545184345212e-01	1.495333145813516340e-01	2.615623801060628084e-01	1.581204303543194412e-01	7.617138968685246980e-02	3.207040072709060885e-02	8.114393002586905990e-02
1.279590221511822392e+03	2.410920392662750100e-01	1.493317691426268579e-01	2.617671577139733530e-01	1.582501074944553665e-01	7.622542183367850277e-02	3.210671632450896179e-02	8.122678822446251223e-02
1.282009106618650094e+03	2.407867919603392248e-01	1.491307953316912682e-01	2.619713101483528983e-01	1.583794299520106807e-01	7.627930757247057547e-02	3.214295037530447152e-02	8.130941465981146588e-02
1.284427991725477568e+03	2.404824101344011922e-01	1.489303915231665609e-01	2.621748392834420960e-01	1.585083987705101782e-01	7.633304732296433692e-02	3.217910298902039445e-02	8.139180997647578464e-02
1.286846876832305497e+03	2.401788913292729477e-01	1.487305560963225748e-01	2.623777469879065571e-01	1.586370149898306825e-01	7.638664150352532378e-02	3.221517427569833142e-02	8.147397481742411907e-02
1.289265761939132744e+03	2.398762330927840247e-01	1.485312874350638024e-01	2.625800351248537279e-01	1.587652796462190596e-01	7.644009053115488617e-02	3.225116434587108755e-02	8.155590982403397582e-02
1.291684647045960673e+03	2.395744329797612759e-01	1.483325839279159564e-01	2.627817055518502642e-01	1.588931937723097321e-01	7.649339482149590530e-02	3.228707331055560154e-02	8.163761563609180094e-02
1.294103532152788375e+03	2.392734885520086952e-01	1.481344439680124248e-01	2.629827601209394072e-01	1.590207583971423311e-01	7.654655478883856667e-02	3.232290128124592349e-02	8.171909289179313252e-02
1.296522417259616077e+03	2.389733973782872944e-01	1.479368659530809205e-01	2.631832006786578582e-01	1.591479745461790718e-01	7.659957084612613321e-02	3.235864836990626908e-02	8.180034222774285046e-02
1.298941302366443551e+03	2.386741570342949259e-01	1.477398482854301587e-01	2.633830290660529316e-01	1.592748432413222115e-01	7.665244340496051023e-02	3.239431468896412925e-02	8.188136427895550962e-02
1.301360187473271253e+03	2.383757651026463253e-01	1.475433893719364786e-01	2.635822471186993754e-01	1.594013655009310082e-01	7.670517287560799091e-02	3.242990035130342147e-02	8.196215967885571441e-02
1.303779072580098727e+03	2.380782191728531560e-01	1.473474876240306597e-01	2.637808566667165233e-01	1.595275423398388737e-01	7.675775966700489061e-02	3.246540547025771051e-02	8.204272905927850745e-02
1.306197957686926657e+03	2.377815168413041635e-01	1.471521414576845432e-01	2.639788595347847266e-01	1.596533747693703598e-01	7.681020418676301476e-02	3.250083015960349153e-02	8.212307305046998018e-02
1.308616842793753904e+03	2.374856557112451361e-01	1.469573492933979875e-01	2.641762575421626180e-01	1.597788637973578674e-01	7.686250684117527932e-02	3.253617453355356348e-02	8.220319228108782794e-02
1.311035727900581833e+03	2.371906333927594202e-01	1.467631095561856558e-01	2.643730525027033762e-01	1.599040104281582997e-01	7.691466803522124807e-02	3.257143870675038161e-02	8.228308737820193286e-02
1.313454613007409534e+03	2.368964475027479366e-01	1.465694206755638329e-01	2.645692462248715460e-01	1.600288156626697433e-01	7.696668817257255879e-02	3.260662279425954879e-02	8.236275896729516877e-02
1.315873498114237009e+03	2.366030956649096684e-01	1.463762810855374907e-01	2.647648405117596915e-01	1.601532804983477609e-01	7.701856765559832174e-02	3.264172691156331380e-02	8.244220767226406732e-02
1.318292383221064711e+03	2.363105755097220373e-01	1.461836892245871322e-01	2.649598371611047165e-01	1.602774059292218500e-01	7.707030688537067076e-02	3.267675117455412503e-02	8.252143411541972007e-02
1.320711268327892412e+03	2.360188846744213087e-01	1.459916435356558850e-01	2.651542379653044623e-01	1.604011929459115415e-01	7.712190626167003682e-02	3.271169569952829537e-02	8.260043891748866662e-02
1.323130153434719887e+03	2.357280208029831903e-01	1.458001424661364842e-01	2.653480447114340279e-01	1.605246425356425810e-01	7.717336618299051876e-02	3.274656060317965300e-02	8.267922269761375509e-02
1.325549038541547588e+03	2.354379815461032643e-01	1.456091844678583935e-01	2.655412591812620349e-01	1.606477556822628328e-01	7.722468704654518457e-02	3.278134600259328957e-02	8.275778607335526615e-02
1.327967923648375290e+03	2.351487645611777533e-01	1.454187679970748992e-01	2.657338831512668365e-01	1.607705333662580727e-01	7.727586924827140047e-02	3.281605201523934284e-02	8.283612966069189842e-02
1.330386808755202765e+03	2.348603675122841183e-01	1.452288915144503978e-01	2.659259183926529491e-01	1.608929765647679200e-01	7.732691318283603510e-02	3.285067875896685585e-02	8.291425407402189252e-02
1.332805693862030694e+03	2.345727880701619084e-01	1.450395534850473789e-01	2.661173666713669284e-01	1.610150862516013526e-01	7.737781924364067754e-02	3.288522635199768451e-02	8.299215992616418291e-02
1.335224578968857941e+03	2.342860239121934696e-01	1.448507523783138795e-01	2.663082297481135785e-01	1.611368633972522224e-01	7.742858782282686925e-02	3.291969491292041222e-02	8.306984782835967474e-02
1.337643464075685870e+03	2.340000727223848220e-01	1.446624866680706611e-01	2.664985093783718284e-01	1.612583089689147153e-01	7.747921931128121109e-02	3.295408456068439629e-02	8.314731839027246496e-02
1.340062349182513572e+03	2.337149321913465638e-01	1.444747548324985253e-01	2.666882073124107744e-01	1.613794239304986444e-01	7.752971409864052588e-02	3.298839541459381436e-02	8.322457221999116084e-02
1.342481234289341273e+03	2.334306000162749140e-01	1.442875553541257960e-01	2.668773252953056674e-01	1.615002092426446323e-01	7.758007257329696538e-02	3.302262759430177330e-02	8.330160992403029541e-02
1.344900119396168748e+03	2.331470739009326998e-01	1.441008867198154964e-01	2.670658650669535117e-01	1.616206658627391823e-01	7.763029512240302021e-02	3.305678121980446665e-02	8.337843210733170141e-02
1.347319004502996449e+03	2.328643515556304000e-01	1.439147474207529698e-01	2.672538283620888855e-01	1.617407947449297501e-01	7.768038213187662688e-02	3.309085641143540840e-02	8.345503937326601007e-02
1.349737889609823924e+03	2.325824306972073263e-01	1.437291359524333068e-01	2.674412169102998726e-01	1.618605968401395645e-01	7.773033398640610825e-02	3.312485328985969452e-02	8.353143232363416382e-02
1.352156774716651853e+03	2.323013090490128607e-01	1.435440508146488270e-01	2.676280324360433283e-01	1.619800730960824497e-01	7.778015106945519730e-02	3.315877197606829918e-02	8.360761155866897054e-02
1.354575659823479100e+03	2.320209843408876649e-01	1.433594905114766727e-01	2.678142766586609769e-01	1.620992244572774521e-01	7.782983376326799152e-02	3.319261259137246817e-02	8.368357767703668570e-02
1.356994544930307029e+03	2.317414543091449730e-01	1.431754535512664017e-01	2.679999512923944005e-01	1.622180518650634118e-01	7.787938244887382400e-02	3.322637525739811221e-02	8.375933127583871929e-02
1.359413430037134731e+03	2.314627166965520233e-01	1.429919384466275534e-01	2.681850580464008593e-01	1.623365562576135623e-01	7.792879750609223166e-02	3.326006009608029751e-02	8.383487295061327338e-02
1.361832315143962205e+03	2.311847692523114062e-01	1.428089437144173524e-01	2.683695986247686682e-01	1.624547385699497970e-01	7.797807931353775701e-02	3.329366722965775710e-02	8.391020329533710465e-02
1.364251200250789907e+03	2.309076097320426069e-01	1.426264678757284132e-01	2.685535747265324069e-01	1.625725997339568796e-01	7.802722824862479145e-02	3.332719678066743685e-02	8.398532290242728682e-02
1.366670085357617609e+03	2.306312358977634647e-01	1.424445094558764724e-01	2.687369880456884075e-01	1.626901406783968496e-01	7.807624468757237701e-02	3.336064887193913864e-02	8.406023236274307031e-02
1.369088970464445310e+03	2.303556455178718265e-01	1.422630669843881757e-01	2.689198402712099645e-01	1.628073623289229277e-01	7.812512900540907745e-02	3.339402362659014967e-02	8.413493226558767246e-02
1.371507855571272785e+03	2.300808363671271173e-01	1.420821389949888935e-01	2.691021330870624340e-01	1.629242656080935603e-01	7.817388157597757181e-02	3.342732116801996195e-02	8.420942319871024817e-02
1.373926740678100487e+03	2.298068062266320766e-01	1.419017240255905643e-01	2.692838681722184990e-01	1.630408514353863247e-01	7.822250277193951162e-02	3.346054161990504733e-02	8.428370574830772177e-02
1.376345625784927961e+03	2.295335528838145789e-01	1.417218206182795370e-01	2.694650472006732134e-01	1.631571207272116963e-01	7.827099296478016999e-02	3.349368510619363942e-02	8.435778049902688258e-02
1.378764510891755890e+03	2.292610741324093426e-01	1.415424273193045812e-01	2.696456718414589337e-01	1.632730743969268150e-01	7.831935252481309062e-02	3.352675175110059191e-02	8.443164803396631390e-02
1.381183395998583137e+03	2.289893677724397225e-01	1.413635426790647576e-01	2.698257437586604746e-01	1.633887133548491410e-01	7.836758182118480631e-02	3.355974167910227846e-02	8.450530893467844695e-02
1.383602281105411066e+03	2.287184316101998072e-01	1.411851652520975386e-01	2.700052646114299848e-01	1.635040385082698333e-01	7.841568122187936307e-02	3.359265501493151340e-02	8.457876378117165639e-02
1.386021166212238768e+03	2.284482634582362115e-01	1.410072935970666241e-01	2.701842360540016030e-01	1.636190507614672940e-01	7.846365109372301083e-02	3.362549188357256275e-02	8.465201315191235587e-02
1.388440051319066470e+03	2.281788611353302854e-01	1.408299262767503113e-01	2.703626597357065009e-01	1.637337510157204912e-01	7.851149180238869985e-02	3.365825241025616893e-02	8.472505762382717687e-02
1.390858936425893944e+03	2.279102224664799337e-01	1.406530618580293379e-01	2.705405373009877601e-01	1.638481401693223094e-01	7.855920371240061872e-02	3.369093672045461035e-02	8.479789777230510583e-02
1.393277821532721646e+03	2.276423452828819083e-01	1.404766989118750586e-01	2.707178703894148053e-01	1.639622191175925392e-01	7.860678718713877411e-02	3.372354493987687191e-02	8.487053417119973242e-02
1.395696706639549120e+03	2.273752274219139891e-01	1.403008360133378429e-01	2.708946606356981701e-01	1.640759887528910610e-01	7.865424258884344544e-02	3.375607719446373917e-02	8.494296739283146991e-02
1.398115591746377049e+03	2.271088667271171091e-01	1.401254717415350293e-01	2.710709096697040965e-01	1.641894499646309180e-01	7.870157027861963972e-02	3.378853361038307995e-02	8.501519800798983117e-02
1.400534476853204296e+03	2.268432610481777578e-01	1.399506046796392678e-01	2.712466191164693008e-01	1.643026036392910838e-01	7.874877061644153242e-02	3.382091431402503567e-02	8.508722658593576016e-02
1.402953361960032225e+03	2.265784082409102174e-01	1.397762334148668351e-01	2.714217905962150179e-01	1.644154506604294241e-01	7.879584396115689449e-02	3.385321943199735839e-02	8.515905369440393557e-02
1.405372247066859927e+03	2.263143061672390488e-01	1.396023565384659215e-01	2.715964257243619895e-01	1.645279919086953813e-01	7.884279067049149159e-02	3.388544909112072706e-02	8.523067989960511626e-02
1.407791132173687402e+03	2.260509526951813564e-01	1.394289726457049738e-01	2.717705261115445636e-01	1.646402282618425750e-01	7.888961110105346952e-02	3.391760341842414705e-02	8.530210576622861141e-02
1.410210017280515103e+03	2.257883456988294957e-01	1.392560803358610932e-01	2.719440933636249613e-01	1.647521605947415424e-01	7.893630560833762855e-02	3.394968254114034273e-02	8.537333185744459818e-02
1.412628902387342805e+03	2.255264830583335045e-01	1.390836782122084891e-01	2.721171290817079313e-01	1.648637897793920892e-01	7.898287454672980878e-02	3.398168658670126102e-02	8.544435873490663358e-02
1.415047787494170507e+03	2.252653626598836167e-01	1.389117648820068773e-01	2.722896348621545726e-01	1.649751166849357797e-01	7.902931826951117844e-02	3.401361568273354036e-02	8.551518695875409692e-02
1.417466672600997981e+03	2.250049823956930539e-01	1.387403389564900447e-01	2.724616122965969889e-01	1.650861421776682880e-01	7.907563712886246654e-02	3.404546995705408363e-02	8.558581708761468787e-02
1.419885557707825683e+03	2.247453401639806780e-01	1.385693990508543305e-01	2.726330629719521670e-01	1.651968671210515827e-01	7.912183147586826504e-02	3.407724953766563120e-02	8.565624967860697991e-02
1.422304442814653157e+03	2.244864338689536720e-01	1.383989437842471082e-01	2.728039884704360762e-01	1.653072923757261670e-01	7.916790166052120603e-02	3.410895455275239629e-02	8.572648528734296003e-02
1.424723327921481086e+03	2.242282614207904146e-01	1.382289717797555717e-01	2.729743903695778240e-01	1.654174187995232359e-01	7.921384803172619449e-02	3.414058513067573519e-02	8.579652446793055443e-02
1.427142213028308333e+03	2.239708207356233272e-01	1.380594816643952172e-01	2.731442702422336999e-01	1.655272472474765832e-01	7.925967093730459934e-02	3.417214139996983813e-02	8.586636777297622369e-02
1.429561098135136262e+03	2.237141097355216657e-01	1.378904720690985741e-01	2.733136296566011092e-01	1.656367785718346752e-01	7.930537072399836129e-02	3.420362348933749658e-02	8.593601575358764122e-02
1.431979983241963964e+03	2.234581263484745894e-01	1.377219416287038534e-01	2.734824701762323396e-01	1.657460136220723912e-01	7.935094773747419783e-02	3.423503152764589136e-02	8.600546895937631608e-02
1.434398868348791666e+03	2.232028685083741193e-01	1.375538889819437338e-01	2.736507933600485498e-01	1.658549532449029307e-01	7.939640232232764161e-02	3.426636564392239459e-02	8.607472793846018821e-02
1.436817753455619140e+03	2.229483341549982067e-01	1.373863127714340659e-01	2.738186007623538143e-01	1.659635982842894986e-01	7.944173482208718995e-02	3.429762596735044106e-02	8.614379323746637618e-02
1.439236638562446842e+03	2.226945212339937474e-01	1.372192116436627418e-01	2.739858939328484455e-01	1.660719495814569624e-01	7.948694557921837101e-02	3.432881262726547589e-02	8.621266540153386948e-02
1.441655523669274316e+03	2.224414276968598447e-01	1.370525842489784818e-01	2.741526744166430940e-01	1.661800079749034265e-01	7.953203493512774058e-02	3.435992575315080511e-02	8.628134497431620697e-02
1.444074408776102018e+03	2.221890515009309341e-01	1.368864292415796768e-01	2.743189437542723486e-01	1.662877743004117781e-01	7.957700323016693444e-02	3.439096547463366127e-02	8.634983249798429406e-02
1.446493293882929493e+03	2.219373906093600746e-01	1.367207452795033973e-01	2.744847034817081144e-01	1.663952493910610952e-01	7.962185080363672063e-02	3.442193192148117198e-02	8.641812851322908107e-02
1.448912178989757422e+03	2.216864429911022116e-01	1.365555310246141241e-01	2.746499551303736020e-01	1.665024340772379152e-01	7.966657799379091298e-02	3.445282522359641858e-02	8.648623355926440825e-02
1.451331064096585123e+03	2.214362066208975521e-01	1.363907851425929518e-01	2.748147002271565942e-01	1.666093291866477810e-01	7.971118513784039572e-02	3.448364551101452957e-02	8.655414817382979520e-02
1.453749949203412370e+03	2.211866794792549107e-01	1.362265063029264589e-01	2.749789402944230465e-01	1.667159355443261493e-01	7.975567257195698145e-02	3.451439291389880176e-02	8.662187289319321637e-02
1.456168834310240300e+03	2.209378595524351951e-01	1.360626931788957439e-01	2.751426768500305764e-01	1.668222539726498255e-01	7.980004063127739411e-02	3.454506756253687694e-02	8.668940825215394608e-02
1.458587719417068001e+03	2.206897448324349476e-01	1.358993444475654344e-01	2.753059114073417857e-01	1.669282852913478443e-01	7.984428964990716859e-02	3.457566958733691159e-02	8.675675478404544505e-02
1.461006604523895703e+03	2.204423333169697463e-01	1.357364587897730013e-01	2.754686454752376945e-01	1.670340303175125996e-01	7.988841996092450881e-02	3.460619911882384381e-02	8.682391302073819150e-02
1.463425489630723177e+03	2.201956230094578859e-01	1.355740348901175729e-01	2.756308805581309529e-01	1.671394898656107797e-01	7.993243189638417345e-02	3.463665628763563237e-02	8.689088349264256772e-02
1.465844374737550879e+03	2.199496119190040289e-01	1.354120714369493605e-01	2.757926181559792189e-01	1.672446647474942483e-01	7.997632578732126463e-02	3.466704122451957221e-02	8.695766672871177438e-02
1.468263259844378354e+03	2.197042980603828854e-01	1.352505671223587225e-01	2.759538597642985924e-01	1.673495557724108407e-01	8.002010196375509976e-02	3.469735406032863068e-02	8.702426325644473104e-02
1.470682144951206283e+03	2.194596794540228657e-01	1.350895206421654227e-01	2.761146068741762161e-01	1.674541637470151334e-01	8.006376075469295861e-02	3.472759492601783932e-02	8.709067360188900431e-02
1.473101030058033530e+03	2.192157541259900089e-01	1.349289306959078893e-01	2.762748609722840420e-01	1.675584894753791299e-01	8.010730248813395515e-02	3.475776395264066482e-02	8.715689828964374997e-02
1.475519915164861459e+03	2.189725201079716077e-01	1.347687959868325014e-01	2.764346235408916552e-01	1.676625337590028630e-01	8.015072749107267358e-02	3.478786127134548406e-02	8.722293784286264118e-02
1.477938800271689161e+03	2.187299754372602767e-01	1.346091152218829023e-01	2.765938960578793182e-01	1.677662973968250260e-01	8.019403608950301243e-02	3.481788701337203140e-02	8.728879278325689384e-02
1.480357685378516862e+03	2.184881181567377983e-01	1.344498871116893424e-01	2.767526799967509055e-01	1.678697811852334354e-01	8.023722860842182059e-02	3.484784131004791535e-02	8.735446363109820866e-02
1.482776570485344337e+03	2.182469463148590250e-01	1.342911103705581310e-01	2.769109768266472260e-01	1.679729859180753571e-01	8.028030537183267201e-02	3.487772429278518382e-02	8.741995090522176881e-02
