1.001418434226643626e+03	2.797252857352365840e-01	1.808309998475736979e-01	2.348584623299434515e-01	1.407969233408855048e-01	6.818227074064993343e-02	2.664530184819614844e-02	6.896075615732713548e-02
1.003837319333471214e+03	2.792986968600292830e-01	1.805567955599584051e-01	2.351630851530530086e-01	1.409694492976672209e-01	6.825468645547121127e-02	2.668676527949066790e-02	6.907052139414267267e-02
1.006256204440298802e+03	2.788733203906442748e-01	1.802833555927364217e-01	2.354668526094492731e-01	1.411414502802167958e-01	6.832688305974987664e-02	2.672815441341405349e-02	6.917998365360177038e-02
1.008675089547126618e+03	2.784491528628749157e-01	1.800106778121321471e-01	2.357697670909681409e-01	1.413129280695760159e-01	6.839886130196938530e-02	2.676946927027420986e-02	6.928914359201762685e-02
1.011093974653954206e+03	2.780261908225724055e-01	1.797387600903289362e-01	2.360718309827528338e-01	1.414838844387083239e-01	6.847062192763697652e-02	2.681070987127271224e-02	6.939800186654024317e-02
1.013512859760782021e+03	2.776044308256156445e-01	1.794676003054525015e-01	2.363730466632723848e-01	1.416543211525681523e-01	6.854216567928515802e-02	2.685187623849713892e-02	6.950655913512143735e-02
1.015931744867609382e+03	2.771838694378808143e-01	1.791971963415542879e-01	2.366734165043406224e-01	1.418242399681689525e-01	6.861349329647375983e-02	2.689296839491343155e-02	6.961481605648046911e-02
1.018350629974437197e+03	2.767645032352112899e-01	1.789275460885948466e-01	2.369729428711346841e-01	1.419936426346501135e-01	6.868460551579279316e-02	2.693398636435829357e-02	6.972277329007027513e-02
1.020769515081264785e+03	2.763463288033873311e-01	1.786586474424274595e-01	2.372716281222136125e-01	1.421625308933424925e-01	6.875550307086569779e-02	2.697493017153161643e-02	6.983043149604403754e-02
1.023188400188092373e+03	2.759293427380962171e-01	1.783904983047815140e-01	2.375694746095369514e-01	1.423309064778328081e-01	6.882618669235333886e-02	2.701579984198892656e-02	6.993779133522246005e-02
1.025607285294920075e+03	2.755135416449021601e-01	1.781230965832462099e-01	2.378664846784832310e-01	1.424987711140268676e-01	6.889665710795848941e-02	2.705659540213390876e-02	7.004485346906130783e-02
1.028026170401747549e+03	2.750989221392166062e-01	1.778564401912541837e-01	2.381626606678684810e-01	1.426661265202115725e-01	6.896691504243081250e-02	2.709731687921089829e-02	7.015161855961965509e-02
1.030445055508575479e+03	2.746854808462683706e-01	1.775905270480650777e-01	2.384580049099644661e-01	1.428329744071159535e-01	6.903696121757238457e-02	2.713796430129746667e-02	7.025808726952846583e-02
1.032863940615402726e+03	2.742732144010741058e-01	1.773253550787493860e-01	2.387525197305171709e-01	1.429993164779711501e-01	6.910679635224369066e-02	2.717853769729701094e-02	7.036426026195966021e-02
1.035282825722230655e+03	2.738621194484086030e-01	1.770609222141721617e-01	2.390462074487650634e-01	1.431651544285691691e-01	6.917642116236998040e-02	2.721903709693139148e-02	7.047013820059576383e-02
1.037701710829058356e+03	2.734521926427755378e-01	1.767972263909768083e-01	2.393390703774572748e-01	1.433304899473209215e-01	6.924583636094817918e-02	2.725946253073360109e-02	7.057572174959983458e-02
1.040120595935886058e+03	2.730434306483777718e-01	1.765342655515690085e-01	2.396311108228718068e-01	1.434953247153129552e-01	6.931504265805410459e-02	2.729981403004047569e-02	7.068101157358597231e-02
1.042539481042713533e+03	2.726358301390884309e-01	1.762720376441005155e-01	2.399223310848338231e-01	1.436596604063636040e-01	6.938404076085009919e-02	2.734009162698545006e-02	7.078600833759017552e-02
1.044958366149541234e+03	2.722293877984215960e-01	1.760105406224531377e-01	2.402127334567334960e-01	1.438234986870778054e-01	6.945283137359301029e-02	2.738029535449132759e-02	7.089071270704172534e-02
1.047377251256368709e+03	2.718241003195030481e-01	1.757497724462228905e-01	2.405023202255441583e-01	1.439868412169014456e-01	6.952141519764257205e-02	2.742042524626312275e-02	7.099512534773490258e-02
1.049796136363196410e+03	2.714199644050415139e-01	1.754897310807037591e-01	2.407910936718402894e-01	1.441496896481744838e-01	6.958979293146998202e-02	2.746048133678092099e-02	7.109924692580119054e-02
1.052215021470024112e+03	2.710169767672996333e-01	1.752304144968719612e-01	2.410790560698155560e-01	1.443120456261834939e-01	6.965796527066693555e-02	2.750046366129278025e-02	7.120307810768185253e-02
1.054633906576851814e+03	2.706151341280650935e-01	1.749718206713700430e-01	2.413662096873003815e-01	1.444739107892132335e-01	6.972593290795479903e-02	2.754037225580768453e-02	7.130661956010092561e-02
1.057052791683679516e+03	2.702144332186222075e-01	1.747139475864910307e-01	2.416525567857801260e-01	1.446352867685973542e-01	6.979369653319422717e-02	2.758020715708852863e-02	7.140987195003865862e-02
1.059471676790506763e+03	2.698148707797228263e-01	1.744567932301626378e-01	2.419380996204127388e-01	1.447961751887686388e-01	6.986125683339483583e-02	2.761996840264513767e-02	7.151283594470528304e-02
1.061890561897334692e+03	2.694164435615583608e-01	1.742003555959315553e-01	2.422228404400463830e-01	1.449565776673080175e-01	6.992861449272527730e-02	2.765965603072735590e-02	7.161551221151514490e-02
1.064309447004162394e+03	2.690191483237308612e-01	1.739446326829476586e-01	2.425067814872372829e-01	1.451164958149933071e-01	6.999577019252348209e-02	2.769927008031813215e-02	7.171790141806137775e-02
1.066728332110990095e+03	2.686229818352248722e-01	1.736896224959485202e-01	2.427899249982672092e-01	1.452759312358469224e-01	7.006272461130709506e-02	2.773881059112670577e-02	7.182000423209071449e-02
1.069147217217817570e+03	2.682279408743792892e-01	1.734353230452436445e-01	2.430722732031612432e-01	1.454348855271830609e-01	7.012947842478417515e-02	2.777827760358175802e-02	7.192182132147888207e-02
1.071566102324645271e+03	2.678340222288589922e-01	1.731817323466989800e-01	2.433538283257051515e-01	1.455933602796540272e-01	7.019603230586397846e-02	2.781767115882469166e-02	7.202335335420627371e-02
1.073984987431472746e+03	2.674412226956268124e-01	1.729288484217214039e-01	2.436345925834629278e-01	1.457513570772961120e-01	7.026238692466800495e-02	2.785699129870288990e-02	7.212460099833392646e-02
1.076403872538300675e+03	2.670495390809157765e-01	1.726766692972431516e-01	2.439145681877942506e-01	1.459088774975746960e-01	7.032854294854119781e-02	2.789623806576303766e-02	7.222556492197997058e-02
1.078822757645127922e+03	2.666589682002007966e-01	1.724251930057065230e-01	2.441937573438718867e-01	1.460659231114287693e-01	7.039450104206323999e-02	2.793541150324449149e-02	7.232624579329635650e-02
1.081241642751955851e+03	2.662695068781714136e-01	1.721744175850483671e-01	2.444721622506988989e-01	1.462224954833147572e-01	7.046026186706005889e-02	2.797451165507268411e-02	7.242664428044590097e-02
1.083660527858783553e+03	2.658811519487036534e-01	1.719243410786847615e-01	2.447497851011261050e-01	1.463785961712498196e-01	7.052582608261540043e-02	2.801353856585258456e-02	7.252676105157977726e-02
1.086079412965611255e+03	2.654939002548325488e-01	1.716749615354957736e-01	2.450266280818692299e-01	1.465342267268546217e-01	7.059119434508261126e-02	2.805249228086217211e-02	7.262659677481519971e-02
1.088498298072438729e+03	2.651077486487246615e-01	1.714262770098100575e-01	2.453026933735260595e-01	1.466893886953954118e-01	7.065636730809640720e-02	2.809137284604599355e-02	7.272615211821352454e-02
1.090917183179266431e+03	2.647226939916506594e-01	1.711782855613898369e-01	2.455779831505936761e-01	1.468440836158256269e-01	7.072134562258487744e-02	2.813018030800873079e-02	7.282542774975873934e-02
1.093336068286093905e+03	2.643387331539578944e-01	1.709309852554155018e-01	2.458524995814855285e-01	1.469983130208268873e-01	7.078612993678146115e-02	2.816891471400882752e-02	7.292442433733604956e-02
1.095754953392921607e+03	2.639558630150432017e-01	1.706843741624706479e-01	2.461262448285484183e-01	1.471520784368495760e-01	7.085072089623713210e-02	2.820757611195214704e-02	7.302314254871106192e-02
1.098173838499749309e+03	2.635740804633256440e-01	1.704384503585268384e-01	2.463992210480795697e-01	1.473053813841528337e-01	7.091511914383255566e-02	2.824616455038568216e-02	7.312158305150907867e-02
1.100592723606577010e+03	2.631933823962195884e-01	1.701932119249287001e-01	2.466714303903435601e-01	1.474582233768439443e-01	7.097932531979039839e-02	2.828468007849132063e-02	7.321974651319475280e-02
1.103011608713404712e+03	2.628137657201075617e-01	1.699486569483787957e-01	2.469428749995891959e-01	1.476106059229175260e-01	7.104334006168760984e-02	2.832312274607962088e-02	7.331763360105206240e-02
1.105430493820231959e+03	2.624352273503134936e-01	1.697047835209226363e-01	2.472135570140663874e-01	1.477625305242937781e-01	7.110716400446785712e-02	2.836149260358365731e-02	7.341524498216461803e-02
1.107849378927059888e+03	2.620577642110756833e-01	1.694615897399339155e-01	2.474834785660430247e-01	1.479139986768568116e-01	7.117079778045397320e-02	2.839978970205290359e-02	7.351258132339617835e-02
1.110268264033887590e+03	2.616813732355202649e-01	1.692190737080995211e-01	2.477526417818215476e-01	1.480650118704920915e-01	7.123424201936041922e-02	2.843801409314714382e-02	7.360964329137147100e-02
1.112687149140715292e+03	2.613060513656346173e-01	1.689772335334046305e-01	2.480210487817559317e-01	1.482155715891235737e-01	7.129749734830581609e-02	2.847616582913044952e-02	7.370643155245740208e-02
1.115106034247542766e+03	2.609317955522407195e-01	1.687360673291180002e-01	2.482887016802681202e-01	1.483656793107504257e-01	7.136056439182553168e-02	2.851424496286517757e-02	7.380294677274441828e-02
1.117524919354370468e+03	2.605586027549685602e-01	1.684955732137771722e-01	2.485556025858647600e-01	1.485153365074833587e-01	7.142344377188422633e-02	2.855225154780602348e-02	7.389918961802822983e-02
1.119943804461197942e+03	2.601864699422300475e-01	1.682557493111737912e-01	2.488217536011537445e-01	1.486645446455804043e-01	7.148613610788846773e-02	2.859018563799411647e-02	7.399516075379175550e-02
1.122362689568025871e+03	2.598153940911924198e-01	1.680165937503388662e-01	2.490871568228607835e-01	1.488133051854824140e-01	7.154864201669938750e-02	2.862804728805115259e-02	7.409086084518737292e-02
1.124781574674853118e+03	2.594453721877521546e-01	1.677781046655281993e-01	2.493518143418457511e-01	1.489616195818480315e-01	7.161096211264528222e-02	2.866583655317356608e-02	7.418629055701944641e-02
1.127200459781681047e+03	2.590764012265089344e-01	1.675402801962077026e-01	2.496157282431193114e-01	1.491094892835883590e-01	7.167309700753429769e-02	2.870355348912675963e-02	7.428145055372707695e-02
1.129619344888508749e+03	2.587084782107395009e-01	1.673031184870389654e-01	2.498789006058591833e-01	1.492569157339012909e-01	7.173504731066701612e-02	2.874119815223934518e-02	7.437634149936710182e-02
1.132038229995336451e+03	2.583416001523718974e-01	1.670666176878645992e-01	2.501413335034265439e-01	1.494039003703053758e-01	7.179681362884915430e-02	2.877877059939746782e-02	7.447096405759748294e-02
1.134457115102163925e+03	2.579757640719591572e-01	1.668307759536938606e-01	2.504030290033821826e-01	1.495504446246732344e-01	7.185839656640420625e-02	2.881627088803913328e-02	7.456531889166070903e-02
1.136876000208991627e+03	2.576109669986541562e-01	1.665955914446882180e-01	2.506639891675029319e-01	1.496965499232648655e-01	7.191979672518604427e-02	2.885369907614860133e-02	7.465940666436771123e-02
1.139294885315819101e+03	2.572472059701833569e-01	1.663610623261469190e-01	2.509242160517977660e-01	1.498422176867602873e-01	7.198101470459157547e-02	2.889105522225079992e-02	7.475322803808182037e-02
1.141713770422646803e+03	2.568844780328215505e-01	1.661271867684925851e-01	2.511837117065241487e-01	1.499874493302920941e-01	7.204205110157334280e-02	2.892833938540581226e-02	7.484678367470307125e-02
1.144132655529474505e+03	2.565227802413661551e-01	1.658939629472570843e-01	2.514424781762036876e-01	1.501322462634775146e-01	7.210290651065211220e-02	2.896555162520335694e-02	7.494007423565272885e-02
1.146551540636302207e+03	2.561621096591117919e-01	1.656613890430670144e-01	2.517005174996387873e-01	1.502766098904502468e-01	7.216358152392941816e-02	2.900269200175736514e-02	7.503310038185803665e-02
1.148970425743129908e+03	2.558024633578249163e-01	1.654294632416297428e-01	2.519578317099281928e-01	1.504205416098919057e-01	7.222407673110013693e-02	2.903976057570054406e-02	7.512586277373721477e-02
1.151389310849957155e+03	2.554438384177186161e-01	1.651981837337189452e-01	2.522144228344833095e-01	1.505640428150630261e-01	7.228439271946500433e-02	2.907675740817902352e-02	7.521836207118469397e-02
1.153808195956785084e+03	2.550862319274274648e-01	1.649675487151605890e-01	2.524702928950439129e-01	1.507071148938340377e-01	7.234453007394309187e-02	2.911368256084701303e-02	7.531059893355650237e-02
1.156227081063612786e+03	2.547296409839822084e-01	1.647375563868188342e-01	2.527254439076940806e-01	1.508497592287156575e-01	7.240448937708428290e-02	2.915053609586151437e-02	7.540257401965601292e-02
1.158645966170440488e+03	2.543740626927848414e-01	1.645082049545819325e-01	2.529798778828781236e-01	1.509919771968891433e-01	7.246427120908165154e-02	2.918731807587707228e-02	7.549428798771978810e-02
1.161064851277267962e+03	2.540194941675835705e-01	1.642794926293481839e-01	2.532335968254164071e-01	1.511337701702361869e-01	7.252387614778386948e-02	2.922402856404055990e-02	7.558574149540372988e-02
1.163483736384095664e+03	2.536659325304482793e-01	1.640514176270119473e-01	2.534866027345208384e-01	1.512751395153685008e-01	7.258330476870761272e-02	2.926066762398600585e-02	7.567693519976938232e-02
1.165902621490923138e+03	2.533133749117452704e-01	1.638239781684495966e-01	2.537388976038109090e-01	1.514160865936571565e-01	7.264255764504977397e-02	2.929723531982945592e-02	7.576786975727047013e-02
1.168321506597751068e+03	2.529618184501126743e-01	1.635971724795058091e-01	2.539904834213291829e-01	1.515566127612615333e-01	7.270163534769977232e-02	2.933373171616388692e-02	7.585854582373970090e-02
1.170740391704578315e+03	2.526112602924361905e-01	1.633709987909795214e-01	2.542413621695569503e-01	1.516967193691583227e-01	7.276053844525177949e-02	2.937015687805413777e-02	7.594896405437566445e-02
1.173159276811406244e+03	2.522616975938241080e-01	1.631454553386101347e-01	2.544915358254297710e-01	1.518364077631697284e-01	7.281926750401687687e-02	2.940651087103190314e-02	7.603912510373005140e-02
1.175578161918233945e+03	2.519131275175830464e-01	1.629205403630636928e-01	2.547410063603531283e-01	1.519756792839918325e-01	7.287782308803518461e-02	2.944279376109074087e-02	7.612902962569499665e-02
1.177997047025061647e+03	2.515655472351934208e-01	1.626962521099191428e-01	2.549897757402177501e-01	1.521145352672225726e-01	7.293620575908793535e-02	2.947900561468114189e-02	7.621867827349063096e-02
1.180415932131889122e+03	2.512189539262853488e-01	1.624725888296546239e-01	2.552378459254151521e-01	1.522529770433893592e-01	7.299441607670954790e-02	2.951514649870561405e-02	7.630807169965288239e-02
1.182834817238716823e+03	2.508733447786142268e-01	1.622495487776338119e-01	2.554852188708530702e-01	1.523910059379765536e-01	7.305245459819953435e-02	2.955121648051382138e-02	7.639721055602143041e-02
1.185253702345544298e+03	2.505287169880366371e-01	1.620271302140921243e-01	2.557318965259708921e-01	1.525286232714527512e-01	7.311032187863446274e-02	2.958721562789775814e-02	7.648609549372782646e-02
1.187672587452371999e+03	2.501850677584863680e-01	1.618053314041232593e-01	2.559778808347545898e-01	1.526658303592975108e-01	7.316801847087980870e-02	2.962314400908693662e-02	7.657472716318391992e-02
1.190091472559199701e+03	2.498423943019502380e-01	1.615841506176655951e-01	2.562231737357525407e-01	1.528026285120282768e-01	7.322554492560179318e-02	2.965900169274365838e-02	7.666310621407029791e-02
1.192510357666027403e+03	2.495006938384442818e-01	1.613635861294886176e-01	2.564677771620902935e-01	1.529390190352267476e-01	7.328290179127910919e-02	2.969478874795826798e-02	7.675123329532504424e-02
1.194929242772855105e+03	2.491599635959899361e-01	1.611436362191794314e-01	2.567116930414861109e-01	1.530750032295651042e-01	7.334008961421466244e-02	2.973050524424448657e-02	7.683910905513265110e-02
1.197348127879682352e+03	2.488202008105902530e-01	1.609242991711293813e-01	2.569549232962657914e-01	1.532105823908319897e-01	7.339710893854717311e-02	2.976615125153476288e-02	7.692673414091306949e-02
1.199767012986510281e+03	2.484814027262061409e-01	1.607055732745204801e-01	2.571974698433781015e-01	1.533457578099583496e-01	7.345396030626277772e-02	2.980172684017564841e-02	7.701410919931102328e-02
1.202185898093337983e+03	2.481435665947328284e-01	1.604874568233121412e-01	2.574393345944094857e-01	1.534805307730428836e-01	7.351064425720658935e-02	2.983723208092323512e-02	7.710123487618536497e-02
1.204604783200165684e+03	2.478066896759763271e-01	1.602699481162278283e-01	2.576805194555993883e-01	1.536149025613775254e-01	7.356716132909409123e-02	2.987266704493861391e-02	7.718811181659875065e-02
1.207023668306993159e+03	2.474707692376299506e-01	1.600530454567416772e-01	2.579210263278550741e-01	1.537488744514723948e-01	7.362351205752258598e-02	2.990803180378335743e-02	7.727474066480739812e-02
1.209442553413820860e+03	2.471358025552509441e-01	1.598367471530653672e-01	2.581608571067666724e-01	1.538824477150808057e-01	7.367969697598254764e-02	2.994332642941506181e-02	7.736112206425105331e-02
1.211861438520648335e+03	2.468017869122371699e-01	1.596210515181346878e-01	2.584000136826218874e-01	1.540156236192238570e-01	7.373571661586887649e-02	2.997855099418290231e-02	7.744725665754305377e-02
1.214280323627476264e+03	2.464687195998038483e-01	1.594059568695964657e-01	2.586384979404210971e-01	1.541484034262149971e-01	7.379157150649212626e-02	3.001370557082323406e-02	7.753314508646069747e-02
1.216699208734303511e+03	2.461365979169604645e-01	1.591914615297953806e-01	2.588763117598917862e-01	1.542807883936842261e-01	7.384726217508968960e-02	3.004879023245523445e-02	7.761878799193563938e-02
1.219118093841131440e+03	2.458054191704876490e-01	1.589775638257609203e-01	2.591134570155038119e-01	1.544127797746022157e-01	7.390278914683687250e-02	3.008380505257654894e-02	7.770418601404448233e-02
1.221536978947959142e+03	2.454751806749140564e-01	1.587642620891941414e-01	2.593499355764836145e-01	1.545443788173041788e-01	7.395815294485785785e-02	3.011875010505900979e-02	7.778933979199960380e-02
1.223955864054786844e+03	2.451458797524936895e-01	1.585515546564547074e-01	2.595857493068293165e-01	1.546755867655135452e-01	7.401335409023677980e-02	3.015362546414436518e-02	7.787424996414002432e-02
1.226374749161614318e+03	2.448175137331828344e-01	1.583394398685478710e-01	2.598209000653251555e-01	1.548064048583653596e-01	7.406839310202856241e-02	3.018843120444003603e-02	7.795891716792251180e-02
1.228793634268442020e+03	2.444900799546173287e-01	1.581279160711115128e-01	2.600553897055561392e-01	1.549368343304297346e-01	7.412327049726977202e-02	3.022316740091493190e-02	7.804334203991283858e-02
1.231212519375269494e+03	2.441635757620897462e-01	1.579169816144032068e-01	2.602892200759226449e-01	1.550668764117348053e-01	7.417798679098940029e-02	3.025783412889527027e-02	7.812752521577714937e-02
1.233631404482097196e+03	2.438379985085269708e-01	1.577066348532872031e-01	2.605223930196548521e-01	1.551965323277897379e-01	7.423254249621953627e-02	3.029243146406045833e-02	7.821146733027344033e-02
1.236050289588924898e+03	2.435133455544675196e-01	1.574968741472216882e-01	2.607549103748272312e-01	1.553258032996074900e-01	7.428693812400605223e-02	3.032695948243896780e-02	7.829516901724334343e-02
1.238469174695752372e+03	2.431896142680388950e-01	1.572876978602458786e-01	2.609867739743729209e-01	1.554546905437272086e-01	7.434117418341915084e-02	3.036141826040428260e-02	7.837863090960388301e-02
1.240888059802580301e+03	2.428668020249354076e-01	1.570791043609673365e-01	2.612179856460984939e-01	1.555831952722367684e-01	7.439525118156391226e-02	3.039580787467085349e-02	7.846185363933950996e-02
1.243306944909407548e+03	2.425449062083956941e-01	1.568710920225490635e-01	2.614485472126977239e-01	1.557113186927949200e-01	7.444916962359071633e-02	3.043012840229009433e-02	7.854483783749413583e-02
1.245725830016235477e+03	2.422239242091803746e-01	1.566636592226968439e-01	2.616784604917663515e-01	1.558390620086533285e-01	7.450293001270560933e-02	3.046437992064640263e-02	7.862758413416345848e-02
1.248144715123063179e+03	2.419038534255500139e-01	1.564568043436465328e-01	2.619077272958162950e-01	1.559664264186783611e-01	7.455653285018067067e-02	3.049856250745322517e-02	7.871009315848732923e-02
1.250563600229890881e+03	2.415846912632428345e-01	1.562505257721514551e-01	2.621363494322896948e-01	1.560934131173728756e-01	7.460997863536419916e-02	3.053267624074913061e-02	7.879236553864227277e-02
1.252982485336718355e+03	2.412664351354526227e-01	1.560448218994697211e-01	2.623643287035733462e-01	1.562200232948976475e-01	7.466326786569096874e-02	3.056672119889393413e-02	7.887440190183420130e-02
1.255401370443546057e+03	2.409490824628069683e-01	1.558396911213517089e-01	2.625916669070126330e-01	1.563462581370927973e-01	7.471640103669230371e-02	3.060069746056485671e-02	7.895620287429118422e-02
1.257820255550373531e+03	2.406326306733450604e-01	1.556351318380274629e-01	2.628183658349258489e-01	1.564721188254989404e-01	7.476937864200615402e-02	3.063460510475268100e-02	7.903776908125634271e-02
1.260239140657201460e+03	2.403170772024959545e-01	1.554311424541941489e-01	2.630444272746180201e-01	1.565976065373782533e-01	7.482220117338710119e-02	3.066844421075798008e-02	7.911910114698102181e-02
1.262658025764028707e+03	2.400024194930567012e-01	1.552277213790036747e-01	2.632698530083952826e-01	1.567227224457353463e-01	7.487486912071625311e-02	3.070221485818733914e-02	7.920019969471787935e-02
1.265076910870856636e+03	2.396886549951707801e-01	1.550248670260501727e-01	2.634946448135785935e-01	1.568474677193378575e-01	7.492738297201112507e-02	3.073591712694963632e-02	7.928106534671423844e-02
1.267495795977684338e+03	2.393757811663062840e-01	1.548225778133576758e-01	2.637188044625179417e-01	1.569718435227371867e-01	7.497974321343543747e-02	3.076955109725233728e-02	7.936169872420556493e-02
1.269914681084511813e+03	2.390637954712344082e-01	1.546208521633676003e-01	2.639423337226059485e-01	1.570958510162887845e-01	7.503195032930884412e-02	3.080311684959782109e-02	7.944210044740901422e-02
1.272333566191339514e+03	2.387526953820080233e-01	1.544196885029265054e-01	2.641652343562919669e-01	1.572194913561724694e-01	7.508400480211661898e-02	3.083661446477973037e-02	7.952227113551713078e-02
1.274752451298167216e+03	2.384424783779400259e-01	1.542190852632737974e-01	2.643875081210958489e-01	1.573427656944125230e-01	7.513590711251923182e-02	3.087004402387935956e-02	7.960221140669163087e-02
1.277171336404994690e+03	2.381331419455821052e-01	1.540190408800293786e-01	2.646091567696219338e-01	1.574656751788976183e-01	7.518765773936193775e-02	3.090340560826207103e-02	7.968192187805737958e-02
1.279590221511822392e+03	2.378246835787033997e-01	1.538195537931815460e-01	2.648301820495724823e-01	1.575882209534006650e-01	7.523925715968418637e-02	3.093669929957373194e-02	7.976140316569643729e-02
1.282009106618650094e+03	2.375171007782692356e-01	1.536206224470746395e-01	2.650505857037616098e-01	1.577104041575984050e-01	7.529070584872912808e-02	3.096992517973718925e-02	7.984065588464221708e-02
1.284427991725477568e+03	2.372103910524200054e-01	1.534222452903969691e-01	2.652703694701289971e-01	1.578322259270910355e-01	7.534200427995285665e-02	3.100308333094875177e-02	7.991968064887375323e-02
1.286846876832305497e+03	2.369045519164500180e-01	1.532244207761686294e-01	2.654895350817534916e-01	1.579536873934215546e-01	7.539315292503379062e-02	3.103617383567473798e-02	7.999847807131015009e-02
1.289265761939132744e+03	2.365995808927864041e-01	1.530271473617294542e-01	2.657080842668665954e-01	1.580747896840949407e-01	7.544415225388188817e-02	3.106919677664800664e-02	8.007704876380501713e-02
1.291684647045960673e+03	2.362954755109682448e-01	1.528304235087268870e-01	2.659260187488663441e-01	1.581955339225973867e-01	7.549500273464773703e-02	3.110215223686454630e-02	8.015539333714113979e-02
1.294103532152788375e+03	2.359922333076255319e-01	1.526342476831040740e-01	2.661433402463304621e-01	1.583159212284151185e-01	7.554570483373176937e-02	3.113504029958009262e-02	8.023351240102526150e-02
1.296522417259616077e+03	2.356898518264584907e-01	1.524386183550876794e-01	2.663600504730300744e-01	1.584359527170533521e-01	7.559625901579318519e-02	3.116786104830673518e-02	8.031140656408279621e-02
1.298941302366443551e+03	2.353883286182166801e-01	1.522435339991759784e-01	2.665761511379432513e-01	1.585556295000549176e-01	7.564666574375902841e-02	3.120061456680960771e-02	8.038907643385288793e-02
1.301360187473271253e+03	2.350876612406783417e-01	1.520489930941270329e-01	2.667916439452681088e-01	1.586749526850188552e-01	7.569692547883308253e-02	3.123330093910354696e-02	8.046652261678340079e-02
1.303779072580098727e+03	2.347878472586296672e-01	1.518549941229467015e-01	2.670065305944365197e-01	1.587939233756188451e-01	7.574703868050468303e-02	3.126592024944982451e-02	8.054374571822608964e-02
1.306197957686926657e+03	2.344888842438443144e-01	1.516615355728768155e-01	2.672208127801273814e-01	1.589125426716215261e-01	7.579700580655757136e-02	3.129847258235288199e-02	8.062074634243188154e-02
1.308616842793753904e+03	2.341907697750627848e-01	1.514686159353832995e-01	2.674344921922798268e-01	1.590308116689046758e-01	7.584682731307858250e-02	3.133095802255708717e-02	8.069752509254622674e-02
1.311035727900581833e+03	2.338935014379720789e-01	1.512762337061443751e-01	2.676475705161063812e-01	1.591487314594751679e-01	7.589650365446636016e-02	3.136337665504353861e-02	8.077408257060451902e-02
1.313454613007409534e+03	2.335970768251852958e-01	1.510843873850388486e-01	2.678600494321066172e-01	1.592663031314870692e-01	7.594603528343997489e-02	3.139572856502687026e-02	8.085041937752772412e-02
1.315873498114237009e+03	2.333014935362212050e-01	1.508930754761343140e-01	2.680719306160799231e-01	1.593835277692594032e-01	7.599542265104747285e-02	3.142801383795209430e-02	8.092653611311799444e-02
1.318292383221064711e+03	2.330067491774840960e-01	1.507022964876755522e-01	2.682832157391388805e-01	1.595004064532936638e-01	7.604466620667434118e-02	3.146023255949146474e-02	8.100243337605446403e-02
1.320711268327892412e+03	2.327128413622434888e-01	1.505120489320726784e-01	2.684939064677223097e-01	1.596169402602915510e-01	7.609376639805201514e-02	3.149238481554139657e-02	8.107811176388901586e-02
1.323130153434719887e+03	2.324197677106141224e-01	1.503223313258897353e-01	2.687040044636083702e-01	1.597331302631723737e-01	7.614272367126620478e-02	3.152447069221932935e-02	8.115357187304234055e-02
1.325549038541547588e+03	2.321275258495356653e-01	1.501331421898329521e-01	2.689135113839276614e-01	1.598489775310903138e-01	7.619153847076529096e-02	3.155649027586070188e-02	8.122881429879988402e-02
1.327967923648375290e+03	2.318361134127529810e-01	1.499444800487391427e-01	2.691224288811761567e-01	1.599644831294517455e-01	7.624021123936851330e-02	3.158844365301592683e-02	8.130383963530804503e-02
1.330386808755202765e+03	2.315455280407959782e-01	1.497563434315642428e-01	2.693307586032282486e-01	1.600796481199321109e-01	7.628874241827421354e-02	3.162033091044733762e-02	8.137864847557033099e-02
1.332805693862030694e+03	2.312557673809598757e-01	1.495687308713718744e-01	2.695385021933495162e-01	1.601944735604931835e-01	7.633713244706802348e-02	3.165215213512624637e-02	8.145324141144374974e-02
1.335224578968857941e+03	2.309668290872852192e-01	1.493816409053216610e-01	2.697456612902099371e-01	1.603089605053996114e-01	7.638538176373092792e-02	3.168390741422996010e-02	8.152761903363511808e-02
1.337643464075685870e+03	2.306787108205382575e-01	1.491950720746580139e-01	2.699522375278964881e-01	1.604231100052359027e-01	7.643349080464731382e-02	3.171559683513883177e-02	8.160178193169763394e-02
1.340062349182513572e+03	2.303914102481910975e-01	1.490090229246985309e-01	2.701582325359260794e-01	1.605369231069229685e-01	7.648146000461297778e-02	3.174722048543336672e-02	8.167573069402739305e-02
1.342481234289341273e+03	2.301049250444023031e-01	1.488234920048227827e-01	2.703636479392583225e-01	1.606504008537345818e-01	7.652928979684299471e-02	3.177877845289130143e-02	8.174946590786009992e-02
1.344900119396168748e+03	2.298192528899971054e-01	1.486384778684608221e-01	2.705684853583082972e-01	1.607635442853139474e-01	7.657698061297971148e-02	3.181027082548474466e-02	8.182298815926775104e-02
1.347319004502996449e+03	2.295343914724479184e-01	1.484539790730819708e-01	2.707727464089592639e-01	1.608763544376898558e-01	7.662453288310046295e-02	3.184169769137735334e-02	8.189629803315549850e-02
1.349737889609823924e+03	2.292503384858549931e-01	1.482699941801835508e-01	2.709764327025754316e-01	1.609888323432929202e-01	7.667194703572538517e-02	3.187305913892147374e-02	8.196939611325856911e-02
1.352156774716651853e+03	2.289670916309269333e-01	1.480865217552795043e-01	2.711795458460144470e-01	1.611009790309717027e-01	7.671922349782515915e-02	3.190435525665535205e-02	8.204228298213919746e-02
1.354575659823479100e+03	2.286846486149613777e-01	1.479035603678893473e-01	2.713820874416402185e-01	1.612127955260086454e-01	7.676636269482858821e-02	3.193558613330034490e-02	8.211495922118380864e-02
1.356994544930307029e+03	2.284030071518257654e-01	1.477211085915267619e-01	2.715840590873352944e-01	1.613242828501359749e-01	7.681336505063032782e-02	3.196675185775819245e-02	8.218742541060006235e-02
1.359413430037134731e+03	2.281221649619380731e-01	1.475391650036886881e-01	2.717854623765134092e-01	1.614354420215514951e-01	7.686023098759832417e-02	3.199785251910823580e-02	8.225968212941409119e-02
1.361832315143962205e+03	2.278421197722477198e-01	1.473577281858440835e-01	2.719862988981323060e-01	1.615462740549342691e-01	7.690696092658140526e-02	3.202888820660475255e-02	8.233172995546786388e-02
1.364251200250789907e+03	2.275628693162163596e-01	1.471767967234227370e-01	2.721865702367057827e-01	1.616567799614601064e-01	7.695355528691669167e-02	3.205985900967420893e-02	8.240356946541654848e-02
1.366670085357617609e+03	2.272844113337989524e-01	1.469963692058043059e-01	2.723862779723164040e-01	1.617669607488171624e-01	7.700001448643703506e-02	3.209076501791265773e-02	8.247520123472590337e-02
1.369088970464445310e+03	2.270067435714248349e-01	1.468164442263073799e-01	2.725854236806278252e-01	1.618768174212211752e-01	7.704633894147829010e-02	3.212160632108303215e-02	8.254662583766990414e-02
1.371507855571272785e+03	2.267298637819786244e-01	1.466370203821782126e-01	2.727840089328972262e-01	1.619863509794308432e-01	7.709252906688673912e-02	3.215238300911252289e-02	8.261784384732830111e-02
1.373926740678100487e+03	2.264537697247815395e-01	1.464580962745800075e-01	2.729820352959875240e-01	1.620955624207629509e-01	7.713858527602623916e-02	3.218309517208999687e-02	8.268885583558424623e-02
1.376345625784927961e+03	2.261784591655724708e-01	1.462796705085818716e-01	2.731795043323796968e-01	1.622044527391074131e-01	7.718450798078548003e-02	3.221374290026339515e-02	8.275966237312214202e-02
1.378764510891755890e+03	2.259039298764893289e-01	1.461017416931478796e-01	2.733764176001852175e-01	1.623130229249423184e-01	7.723029759158508978e-02	3.224432628403716555e-02	8.283026402942539335e-02
1.381183395998583137e+03	2.256301796360503653e-01	1.459243084411262215e-01	2.735727766531581007e-01	1.624212739653488335e-01	7.727595451738476784e-02	3.227484541396972995e-02	8.290066137277431191e-02
1.383602281105411066e+03	2.253572062291354094e-01	1.457473693692384331e-01	2.737685830407071697e-01	1.625292068440259141e-01	7.732147916569036272e-02	3.230530038077093768e-02	8.297085497024407619e-02
1.386021166212238768e+03	2.250850074469674666e-01	1.455709230980684055e-01	2.739638383079082140e-01	1.626368225413050983e-01	7.736687194256082478e-02	3.233569127529956760e-02	8.304084538770273305e-02
1.388440051319066470e+03	2.248135810870941220e-01	1.453949682520517261e-01	2.741585439955161463e-01	1.627441220341649952e-01	7.741213325261518674e-02	3.236601818856085083e-02	8.311063318980932424e-02
1.390858936425893944e+03	2.245429249533691107e-01	1.452195034594648826e-01	2.743527016399769369e-01	1.628511062962458844e-01	7.745726349903947483e-02	3.239628121170400749e-02	8.318021894001201288e-02
1.393277821532721646e+03	2.242730368559339160e-01	1.450445273524145762e-01	2.745463127734398823e-01	1.629577762978641764e-01	7.750226308359361993e-02	3.242648043601979724e-02	8.324960320054633489e-02
1.395696706639549120e+03	2.240039146111993951e-01	1.448700385668269530e-01	2.747393789237697059e-01	1.630641330060265959e-01	7.754713240661814666e-02	3.245661595293809071e-02	8.331878653243343646e-02
1.398115591746377049e+03	2.237355560418275435e-01	1.446960357424369736e-01	2.749319016145581052e-01	1.631701773844446146e-01	7.759187186704109840e-02	3.248668785402546166e-02	8.338776949547850592e-02
1.400534476853204296e+03	2.234679589767132879e-01	1.445225175227777548e-01	2.751238823651362408e-01	1.632759103935484679e-01	7.763648186238462923e-02	3.251669623098278616e-02	8.345655264826910835e-02
1.402953361960032225e+03	2.232011212509661946e-01	1.443494825551700222e-01	2.753153226905863393e-01	1.633813329905012823e-01	7.768096278877179017e-02	3.254664117564291803e-02	8.352513654817371458e-02
1.405372247066859927e+03	2.229350407058925121e-01	1.441769294907115084e-01	2.755062241017536273e-01	1.634864461292130644e-01	7.772531504093305177e-02	3.257652277996828799e-02	8.359352175134018847e-02
1.407791132173687402e+03	2.226697151889770188e-01	1.440048569842662662e-01	2.756965881052583778e-01	1.635912507603545507e-01	7.776953901221300702e-02	3.260634113604862078e-02	8.366170881269442694e-02
1.410210017280515103e+03	2.224051425538650095e-01	1.438332636944543164e-01	2.758864162035074563e-01	1.636957478313710579e-01	7.781363509457681071e-02	3.263609633609858285e-02	8.372969828593902764e-02
1.412628902387342805e+03	2.221413206603443935e-01	1.436621482836411834e-01	2.760757098947063115e-01	1.637999382864962217e-01	7.785760367861675746e-02	3.266578847245550643e-02	8.379749072355192896e-02
1.415047787494170507e+03	2.218782473743277639e-01	1.434915094179272099e-01	2.762644706728706878e-01	1.639038230667655416e-01	7.790144515355867938e-02	3.269541763757713437e-02	8.386508667678525819e-02
1.417466672600997981e+03	2.216159205678346344e-01	1.433213457671373980e-01	2.764527000278383384e-01	1.640074031100300922e-01	7.794515990726839927e-02	3.272498392403932338e-02	8.393248669566412412e-02
1.419885557707825683e+03	2.213543381189735093e-01	1.431516560048108067e-01	2.766403994452806825e-01	1.641106793509699013e-01	7.798874832625807274e-02	3.275448742453384438e-02	8.399969132898553459e-02
1.422304442814653157e+03	2.210934979119243138e-01	1.429824388081902542e-01	2.768275704067145737e-01	1.642136527211073282e-01	7.803221079569251650e-02	3.278392823186612737e-02	8.406670112431731401e-02
1.424723327921481086e+03	2.208333978369205752e-01	1.428136928582119658e-01	2.770142143895137909e-01	1.643163241488204140e-01	7.807554769939550887e-02	3.281330643895307569e-02	8.413351662799709030e-02
1.427142213028308333e+03	2.205740357902318816e-01	1.426454168394953037e-01	2.772003328669207511e-01	1.644186945593561766e-01	7.811875941985599314e-02	3.284262213882090803e-02	8.420013838513137894e-02
1.429561098135136262e+03	2.203154096741463674e-01	1.424776094403323867e-01	2.773859273080580556e-01	1.645207648748436280e-01	7.816184633823433647e-02	3.287187542460293793e-02	8.426656693959466704e-02
1.431979983241963964e+03	2.200575173969530896e-01	1.423102693526778761e-01	2.775709991779399255e-01	1.646225360143069583e-01	7.820480883436840835e-02	3.290106638953746443e-02	8.433280283402860844e-02
1.434398868348791666e+03	2.198003568729246238e-01	1.421433952721387894e-01	2.777555499374839143e-01	1.647240088936785252e-01	7.824764728677978398e-02	3.293019512696561402e-02	8.439884660984116327e-02
1.436817753455619140e+03	2.195439260222996625e-01	1.419769858979642030e-01	2.779395810435219549e-01	1.648251844258116772e-01	7.829036207267972558e-02	3.295926173032924511e-02	8.446469880720591794e-02
1.439236638562446842e+03	2.192882227712656118e-01	1.418110399330352323e-01	2.781230939488122944e-01	1.649260635204937153e-01	7.833295356797530251e-02	3.298826629316885251e-02	8.453035996506140515e-02
1.441655523669274316e+03	2.190332450519413554e-01	1.416455560838546790e-01	2.783060901020505962e-01	1.650266470844585776e-01	7.837542214727533096e-02	3.301720890912145795e-02	8.459583062111043772e-02
1.444074408776102018e+03	2.187789908023599905e-01	1.414805330605370393e-01	2.784885709478813198e-01	1.651269360213996340e-01	7.841776818389632753e-02	3.304608967191857705e-02	8.466111131181949800e-02
1.446493293882929493e+03	2.185254579664515917e-01	1.413159695767984836e-01	2.786705379269093230e-01	1.652269312319821215e-01	7.845999204986846276e-02	3.307490867538413759e-02	8.472620257241826602e-02
1.448912178989757422e+03	2.182726444940260857e-01	1.411518643499466430e-01	2.788519924757108526e-01	1.653266336138558557e-01	7.850209411594141762e-02	3.310366601343249504e-02	8.479110493689910599e-02
1.451331064096585123e+03	2.180205483407562095e-01	1.409882161008707280e-01	2.790329360268447578e-01	1.654260440616676375e-01	7.854407475159021212e-02	3.313236178006636473e-02	8.485581893801656672e-02
1.453749949203412370e+03	2.177691674681604128e-01	1.408250235540313700e-01	2.792133700088641479e-01	1.655251634670736050e-01	7.858593432502102016e-02	3.316099606937486510e-02	8.492034510728707630e-02
1.456168834310240300e+03	2.175184998435859551e-01	1.406622854374507681e-01	2.793932958463272720e-01	1.656239927187516392e-01	7.862767320317688713e-02	3.318956897553150542e-02	8.498468397498853966e-02
1.458587719417068001e+03	2.172685434401918081e-01	1.405000004827026416e-01	2.795727149598087879e-01	1.657225327024135497e-01	7.866929175174354472e-02	3.321808059279222902e-02	8.504883607016003322e-02
1.461006604523895703e+03	2.170192962369320022e-01	1.403381674249024325e-01	2.797516287659109757e-01	1.658207843008172311e-01	7.871079033515496204e-02	3.324653101549348427e-02	8.511280192060154126e-02
1.463425489630723177e+03	2.167707562185385295e-01	1.401767850026973683e-01	2.799300386772746729e-01	1.659187483937789032e-01	7.875216931659910491e-02	3.327492033805025395e-02	8.517658205287378936e-02
1.465844374737550879e+03	2.165229213755047732e-01	1.400158519582565264e-01	2.801079461025906547e-01	1.660164258581849628e-01	7.879342905802351471e-02	3.330324865495416092e-02	8.524017699229803624e-02
1.468263259844378354e+03	2.162757897040687438e-01	1.398553670372610080e-01	2.802853524466104029e-01	1.661138175680041129e-01	7.883456992014087339e-02	3.333151606077154605e-02	8.530358726295594884e-02
1.470682144951206283e+03	2.160293592061962864e-01	1.396953289888942795e-01	2.804622591101573192e-01	1.662109243942991865e-01	7.887559226243454069e-02	3.335972265014160859e-02	8.536681338768951910e-02
1.473101030058033530e+03	2.157836278895646220e-01	1.395357365658322080e-01	2.806386674901374945e-01	1.663077472052389427e-01	7.891649644316402201e-02	3.338786851777449105e-02	8.542985588810100839e-02
1.475519915164861459e+03	2.155385937675455832e-01	1.393765885242333746e-01	2.808145789795509772e-01	1.664042868661099184e-01	7.895728281937051951e-02	3.341595375844944732e-02	8.549271528455298919e-02
1.477938800271689161e+03	2.152942548591892657e-01	1.392178836237293882e-01	2.809899949675024877e-01	1.665005442393280854e-01	7.899795174688227506e-02	3.344397846701301080e-02	8.555539209616834506e-02
1.480357685378516862e+03	2.150506091892074034e-01	1.390596206274151148e-01	2.811649168392124087e-01	1.665965201844504529e-01	7.903850358032002421e-02	3.347194273837714174e-02	8.561788684083036782e-02
1.482776570485344337e+03	2.148076547879570752e-01	1.389017983018390190e-01	2.813393459760276105e-01	1.666922155581866682e-01	7.907893867310231140e-02	3.349984666751742307e-02	8.568020003518286853e-02
