1.001418434226643626e+03	2.797228788310974212e-01	1.808320960236523833e-01	2.348630397388741520e-01	1.407942758129110683e-01	6.818741539974429444e-02	2.663855310327059925e-02	6.896174109026405319e-02
1.002869765290740247e+03	2.794667865831788611e-01	1.806674669350211704e-01	2.350459465393007485e-01	1.408978716049953672e-01	6.823091455582028231e-02	2.666337642828432025e-02	6.902763735321319760e-02
1.004321096354836754e+03	2.792111312727661998e-01	1.805031133630502216e-01	2.352285449797297812e-01	1.410012782664395725e-01	6.827433470723022479e-02	2.668817296226720301e-02	6.909342444833067864e-02
1.005772427418933376e+03	2.789559121504289196e-01	1.803390348459319725e-01	2.354108355778548045e-01	1.411044961818355703e-01	6.831767601588328853e-02	2.671294271087167743e-02	6.915910251700761735e-02
1.007223758483029997e+03	2.787011284680424583e-01	1.801752309226332394e-01	2.355928188504996801e-01	1.412075257347297497e-01	6.836093864329828573e-02	2.673768567985837855e-02	6.922467170075202736e-02
1.008675089547126618e+03	2.784467794787861550e-01	1.800117011328938865e-01	2.357744953136199362e-01	1.413103673076283040e-01	6.840412275060391012e-02	2.676240187509558791e-02	6.929013214118601161e-02
1.010126420611223239e+03	2.781928644371406967e-01	1.798484450172254945e-01	2.359558654823042945e-01	1.414130212820026711e-01	6.844722849853893121e-02	2.678709130255865420e-02	6.935548398004302839e-02
1.011577751675319632e+03	2.779393825988858979e-01	1.796854621169100552e-01	2.361369298707762521e-01	1.415154880382946956e-01	6.849025604745243023e-02	2.681175396832944854e-02	6.942072735916507420e-02
1.013029082739416367e+03	2.776863332210981472e-01	1.795227519739986677e-01	2.363176889923952750e-01	1.416177679559218472e-01	6.853320555730407770e-02	2.683638987859578509e-02	6.948586242050000528e-02
1.014480413803512761e+03	2.774337155621482975e-01	1.793603141313103722e-01	2.364981433596584637e-01	1.417198614132824386e-01	6.857607718766450811e-02	2.686099903965087632e-02	6.955088930609884534e-02
1.015931744867609382e+03	2.771815288816991130e-01	1.791981481324307346e-01	2.366782934842019681e-01	1.418217687877606492e-01	6.861887109771554194e-02	2.688558145789277098e-02	6.961580815811305167e-02
1.017383075931706003e+03	2.769297724407029926e-01	1.790362535217105699e-01	2.368581398768023483e-01	1.419234904557315768e-01	6.866158744625065757e-02	2.691013713982378860e-02	6.968061911879190606e-02
1.018834406995802851e+03	2.766784455013996391e-01	1.788746298442646654e-01	2.370376830473781282e-01	1.420250267925662613e-01	6.870422639167528267e-02	2.693466609204997128e-02	6.974532233047986418e-02
1.020285738059899245e+03	2.764275473273137274e-01	1.787132766459706146e-01	2.372169235049912117e-01	1.421263781726364306e-01	6.874678809200729379e-02	2.695916832128052512e-02	6.980991793561400205e-02
1.021737069123995752e+03	2.761770771832525728e-01	1.785521934734673744e-01	2.373958617578482422e-01	1.422275449693196359e-01	6.878927270487734946e-02	2.698364383432727553e-02	6.987440607672137927e-02
1.023188400188092373e+03	2.759270343353037447e-01	1.783913798741540713e-01	2.375744983133021571e-01	1.423285275550038032e-01	6.883168038752944529e-02	2.700809263810410865e-02	6.993878689641647162e-02
1.024639731252188767e+03	2.756774180508328453e-01	1.782308353961886971e-01	2.377528336778535478e-01	1.424293263010922572e-01	6.887401129682134415e-02	2.703251473962642662e-02	7.000306053739867307e-02
1.026091062316285615e+03	2.754282275984810680e-01	1.780705595884868875e-01	2.379308683571521588e-01	1.425299415780081902e-01	6.891626558922510359e-02	2.705691014601059249e-02	7.006722714244977002e-02
1.027542393380382237e+03	2.751794622481630315e-01	1.779105520007205898e-01	2.381086028559981915e-01	1.426303737551995188e-01	6.895844342082757539e-02	2.708127886447339594e-02	7.013128685443145716e-02
1.028993724444478858e+03	2.749311212710643382e-01	1.777508121833168142e-01	2.382860376783438872e-01	1.427306232011434362e-01	6.900054494733093291e-02	2.710562090233150159e-02	7.019523981628285336e-02
1.030445055508575479e+03	2.746832039396392977e-01	1.775913396874563288e-01	2.384631733272949139e-01	1.428306902833509084e-01	6.904257032405330952e-02	2.712993626700089742e-02	7.025908617101805920e-02
1.031896386572671872e+03	2.744357095276086511e-01	1.774321340650725776e-01	2.386400103051116994e-01	1.429305753683713098e-01	6.908451970592932589e-02	2.715422496599637428e-02	7.032282606172374217e-02
1.033347717636768493e+03	2.741886373099573504e-01	1.772731948688501535e-01	2.388165491132109852e-01	1.430302788217967802e-01	6.912639324751068681e-02	2.717848700693096739e-02	7.038645963155673591e-02
1.034799048700865114e+03	2.739419865629320050e-01	1.771145216522237442e-01	2.389927902521671310e-01	1.431298010082668604e-01	6.916819110296683337e-02	2.720272239751543586e-02	7.044998702374165311e-02
1.036250379764961508e+03	2.736957565640389389e-01	1.769561139693766882e-01	2.391687342217135859e-01	1.432291422914726831e-01	6.920991342608558139e-02	2.722693114555771107e-02	7.051340838156848478e-02
1.037701710829058356e+03	2.734499465920415817e-01	1.767979713752398929e-01	2.393443815207443870e-01	1.433283030341613307e-01	6.925156037027371814e-02	2.725111325896236586e-02	7.057672384839035196e-02
1.039153041893154750e+03	2.732045559269585810e-01	1.766400934254905020e-01	2.395197326473153532e-01	1.434272835981402205e-01	6.929313208855776562e-02	2.727526874573008367e-02	7.063993356762106324e-02
1.040604372957251599e+03	2.729595838500610272e-01	1.764824796765507298e-01	2.396947880986457224e-01	1.435260843442813794e-01	6.933462873358457734e-02	2.729939761395713815e-02	7.070303768273297762e-02
1.042055704021347992e+03	2.727150296438706212e-01	1.763251296855863626e-01	2.398695483711194287e-01	1.436247056325255789e-01	6.937605045762210154e-02	2.732349987183484846e-02	7.076603633725456199e-02
1.043507035085444613e+03	2.724708925921571212e-01	1.761680430105058703e-01	2.400440139602865453e-01	1.437231478218865266e-01	6.941739741256008900e-02	2.734757552764905883e-02	7.082892967476824009e-02
1.044958366149541234e+03	2.722271719799363443e-01	1.760112192099588801e-01	2.402181853608647000e-01	1.438214112704550018e-01	6.945866974991077303e-02	2.737162458977961468e-02	7.089171783890811651e-02
1.046409697213637855e+03	2.719838670934676683e-01	1.758546578433350105e-01	2.403920630667404357e-01	1.439194963354030188e-01	6.949986762080970215e-02	2.739564706669983529e-02	7.095440097335777019e-02
1.047861028277734476e+03	2.717409772202518670e-01	1.756983584707626778e-01	2.405656475709706810e-01	1.440174033729878234e-01	6.954099117601642011e-02	2.741964296697598988e-02	7.101697922184806167e-02
1.049312359341831097e+03	2.714985016490288339e-01	1.755423206531078473e-01	2.407389393657840826e-01	1.441151327385558623e-01	6.958204056591524300e-02	2.744361229926679108e-02	7.107945272815489879e-02
1.050763690405927491e+03	2.712564396697753066e-01	1.753865439519727287e-01	2.409119389425823654e-01	1.442126847865469741e-01	6.962301594051611975e-02	2.746755507232285717e-02	7.114182163609718279e-02
1.052215021470024112e+03	2.710147905737029239e-01	1.752310279296946383e-01	2.410846467919418590e-01	1.443100598704979975e-01	6.966391744945532594e-02	2.749147129498621250e-02	7.120408608953454621e-02
1.053666352534120733e+03	2.707735536532555609e-01	1.750757721493446384e-01	2.412570634036147743e-01	1.444072583430470180e-01	6.970474524199632427e-02	2.751536097618977050e-02	7.126624623236536837e-02
1.055117683598217127e+03	2.705327282021073865e-01	1.749207761747264833e-01	2.414291892665305639e-01	1.445042805559370591e-01	6.974549946703056946e-02	2.753922412495680289e-02	7.132830220852455494e-02
1.056569014662313975e+03	2.702923135151604206e-01	1.747660395703752312e-01	2.416010248687974482e-01	1.446011268600199406e-01	6.978618027307835481e-02	2.756306075040045392e-02	7.139025416198149787e-02
1.058020345726410369e+03	2.700523088885425915e-01	1.746115619015561060e-01	2.417725706977036371e-01	1.446977976052601089e-01	6.982678780828958931e-02	2.758687086172322347e-02	7.145210223673803540e-02
1.059471676790506763e+03	2.698127136196052933e-01	1.744573427342631933e-01	2.419438272397188561e-01	1.447942931407383838e-01	6.986732222044472751e-02	2.761065446821645009e-02	7.151384657682635648e-02
1.060923007854603611e+03	2.695735270069211098e-01	1.743033816352183019e-01	2.421147949804956234e-01	1.448906138146557332e-01	6.990778365695554664e-02	2.763441157925981481e-02	7.157548732630703014e-02
1.062374338918700232e+03	2.693347483502819828e-01	1.741496781718697429e-01	2.422854744048706377e-01	1.449867599743369095e-01	6.994817226486607642e-02	2.765814220432083470e-02	7.163702462926692383e-02
1.063825669982796853e+03	2.690963769506966585e-01	1.739962319123910250e-01	2.424558659968661656e-01	1.450827319662342241e-01	6.998848819085344564e-02	2.768184635295437013e-02	7.169845862981726048e-02
1.065277001046893474e+03	2.688584121103884117e-01	1.738430424256797169e-01	2.426259702396913742e-01	1.451785301359310998e-01	7.002873158122874253e-02	2.770552403480211479e-02	7.175978947209163405e-02
1.066728332110990095e+03	2.686208531327932691e-01	1.736901092813561698e-01	2.427957876157438299e-01	1.452741548281457074e-01	7.006890258193795851e-02	2.772917525959209956e-02	7.182101730024405273e-02
1.068179663175086489e+03	2.683836993225574008e-01	1.735374320497624356e-01	2.429653186066107196e-01	1.453696063867344901e-01	7.010900133856282079e-02	2.775280003713819985e-02	7.188214225844700989e-02
1.069630994239183110e+03	2.681469499855351213e-01	1.733850103019608790e-01	2.431345636930702658e-01	1.454648851546957999e-01	7.014902799632173613e-02	2.777639837733964293e-02	7.194316449088949961e-02
1.071082325303279504e+03	2.679106044287868915e-01	1.732328436097330115e-01	2.433035233550931153e-01	1.455599914741734224e-01	7.018898270007072060e-02	2.779997029018051527e-02	7.200408414177519867e-02
1.072533656367376352e+03	2.676746619605767097e-01	1.730809315455784370e-01	2.434721980718436152e-01	1.456549256864600184e-01	7.022886559430427389e-02	2.782351578572927336e-02	7.206490135532052366e-02
1.073984987431472746e+03	2.674391218903702794e-01	1.729292736827134913e-01	2.436405883216812840e-01	1.457496881320004822e-01	7.026867682315630914e-02	2.784703487413825798e-02	7.212561627575275747e-02
1.075436318495569594e+03	2.672039835288326226e-01	1.727778695950700771e-01	2.438086945821620610e-01	1.458442791503955505e-01	7.030841653040113826e-02	2.787052756564319111e-02	7.218622904730821743e-02
1.076887649559666215e+03	2.669692461878260259e-01	1.726267188572944700e-01	2.439765173300397216e-01	1.459386990804051321e-01	7.034808485945431844e-02	2.789399387056271454e-02	7.224673981423040958e-02
1.078338980623762609e+03	2.667349091804079864e-01	1.724758210447461526e-01	2.441440570412672095e-01	1.460329482599516393e-01	7.038768195337369304e-02	2.791743379929789715e-02	7.230714872076816901e-02
1.079790311687859230e+03	2.665009718208288247e-01	1.723251757334965384e-01	2.443113141909980246e-01	1.461270270261234017e-01	7.042720795486025198e-02	2.794084736233176311e-02	7.236745591117391130e-02
1.081241642751955851e+03	2.662674334245296870e-01	1.721747825003278609e-01	2.444782892535874164e-01	1.462209357151779410e-01	7.046666300625913093e-02	2.796423457022879921e-02	7.242766152970181448e-02
1.082692973816052472e+03	2.660342933081403238e-01	1.720246409227319528e-01	2.446449827025939938e-01	1.463146746625452743e-01	7.050604724956056890e-02	2.798759543363448302e-02	7.248776572060601497e-02
1.084144304880149093e+03	2.658015507894769813e-01	1.718747505789090801e-01	2.448113950107807801e-01	1.464082442028312170e-01	7.054536082640085193e-02	2.801092996327481446e-02	7.254776862813890059e-02
1.085595635944245487e+03	2.655692051875402360e-01	1.717251110477666376e-01	2.449775266501167115e-01	1.465016446698205743e-01	7.058460387806327063e-02	2.803423816995584406e-02	7.260767039654934807e-02
1.087046967008342108e+03	2.653372558225128852e-01	1.715757219089180940e-01	2.451433780917779692e-01	1.465948763964803614e-01	7.062377654547913330e-02	2.805752006456319406e-02	7.266747117008096057e-02
1.088498298072438729e+03	2.651057020157577271e-01	1.714265827426817990e-01	2.453089498061492846e-01	1.466879397149630504e-01	7.066287896922870959e-02	2.808077565806159359e-02	7.272717109297040239e-02
1.089949629136535123e+03	2.648745430898156727e-01	1.712776931300797056e-01	2.454742422628252152e-01	1.467808349566096793e-01	7.070191128954216031e-02	2.810400496149442068e-02	7.278677030944567805e-02
1.091400960200631971e+03	2.646437783684033040e-01	1.711290526528362332e-01	2.456392559306116441e-01	1.468735624519530436e-01	7.074087364630061991e-02	2.812720798598321303e-02	7.284626896372445315e-02
1.092852291264728365e+03	2.644134071764109306e-01	1.709806608933772121e-01	2.458039912775268898e-01	1.469661225307207220e-01	7.077976617903708467e-02	2.815038474272723440e-02	7.290566720001238898e-02
1.094303622328825213e+03	2.641834288399005359e-01	1.708325174348285791e-01	2.459684487708031497e-01	1.470585155218382956e-01	7.081858902693742575e-02	2.817353524300299922e-02	7.296496516250146336e-02
1.095754953392921607e+03	2.639538426861034459e-01	1.706846218610151289e-01	2.461326288768878601e-01	1.471507417534323736e-01	7.085734232884145778e-02	2.819665949816380773e-02	7.302416299536840238e-02
1.097206284457018228e+03	2.637246480434183860e-01	1.705369737564594868e-01	2.462965320614449172e-01	1.472428015528335632e-01	7.089602622324378545e-02	2.821975751963930537e-02	7.308326084277298740e-02
1.098657615521114849e+03	2.634958442414094271e-01	1.703895727063809151e-01	2.464601587893560930e-01	1.473346952465796333e-01	7.093464084829492755e-02	2.824282931893501089e-02	7.314225884885644513e-02
1.100108946585211470e+03	2.632674306108037654e-01	1.702424182966940924e-01	2.466235095247222564e-01	1.474264231604184017e-01	7.097318634180221908e-02	2.826587490763186883e-02	7.320115715773993503e-02
1.101560277649308091e+03	2.630394064834895573e-01	1.700955101140079473e-01	2.467865847308646776e-01	1.475179856193107597e-01	7.101166284123085204e-02	2.828889429738580541e-02	7.325995591352284231e-02
1.103011608713404712e+03	2.628117711925140321e-01	1.699488477456246316e-01	2.469493848703265271e-01	1.476093829474337260e-01	7.105007048370488854e-02	2.831188749992727058e-02	7.331865526028134850e-02
1.104462939777501106e+03	2.625845240720813822e-01	1.698024307795381327e-01	2.471119104048739579e-01	1.477006154681831385e-01	7.108840940600823222e-02	2.833485452706079738e-02	7.337725534206675226e-02
1.105914270841597499e+03	2.623576644575504879e-01	1.696562588044332465e-01	2.472741617954975213e-01	1.477916835041769017e-01	7.112667974458562747e-02	2.835779539066454399e-02	7.343575630290405387e-02
1.107365601905694348e+03	2.621311916854330293e-01	1.695103314096844394e-01	2.474361395024134713e-01	1.478825873772575961e-01	7.116488163554367252e-02	2.838071010268986352e-02	7.349415828679031759e-02
1.108816932969790741e+03	2.619051050933912661e-01	1.693646481853545993e-01	2.475978439850650414e-01	1.479733274084955030e-01	7.120301521465183248e-02	2.840359867516085643e-02	7.355246143769322842e-02
1.110268264033887590e+03	2.616794040202360949e-01	1.692192087221939811e-01	2.477592757021237491e-01	1.480639039181914918e-01	7.124108061734346631e-02	2.842646112017392646e-02	7.361066589954957939e-02
1.111719595097984211e+03	2.614540878059249951e-01	1.690740126116389852e-01	2.479204351114906724e-01	1.481543172258797114e-01	7.127907797871677054e-02	2.844929744989735734e-02	7.366877181626377280e-02
1.113170926162080832e+03	2.612291557915598084e-01	1.689290594458110195e-01	2.480813226702978935e-01	1.482445676503305054e-01	7.131700743353582006e-02	2.847210767657085140e-02	7.372677933170639075e-02
1.114622257226177226e+03	2.610046073193847405e-01	1.687843488175153894e-01	2.482419388349095257e-01	1.483346555095532704e-01	7.135486911623158124e-02	2.849489181250511663e-02	7.378468858971268252e-02
1.116073588290273847e+03	2.607804417327844182e-01	1.686398803202400765e-01	2.484022840609231841e-01	1.484245811207990928e-01	7.139266316090291109e-02	2.851764987008143307e-02	7.384249973408116285e-02
1.117524919354370468e+03	2.605566583762817245e-01	1.684956535481546280e-01	2.485623588031713460e-01	1.485143448005636080e-01	7.143038970131758425e-02	2.854038186175121214e-02	7.390021290857215486e-02
1.118976250418467089e+03	2.603332565955358557e-01	1.683516680961091028e-01	2.487221635157224053e-01	1.486039468645896366e-01	7.146804887091325054e-02	2.856308780003557340e-02	7.395782825690640216e-02
1.120427581482563710e+03	2.601102357373402119e-01	1.682079235596327937e-01	2.488816986518821162e-01	1.486933876278700994e-01	7.150564080279853130e-02	2.858576769752491434e-02	7.401534592276362567e-02
1.121878912546660331e+03	2.598875951496202319e-01	1.680644195349330905e-01	2.490409646641949248e-01	1.487826674046504871e-01	7.154316562975390759e-02	2.860842156687849747e-02	7.407276604978116352e-02
1.123330243610756725e+03	2.596653341814315619e-01	1.679211556188944798e-01	2.491999620044450803e-01	1.488717865084317193e-01	7.158062348423283039e-02	2.863104942082400975e-02	7.413008878155255554e-02
1.124781574674853118e+03	2.594434521829580564e-01	1.677781314090772968e-01	2.493586911236580772e-01	1.489607452519727260e-01	7.161801449836267819e-02	2.865365127215714972e-02	7.418731426162623876e-02
1.126232905738949967e+03	2.592219485055095030e-01	1.676353465037166146e-01	2.495171524721017942e-01	1.490495439472931949e-01	7.165533880394578392e-02	2.867622713374121807e-02	7.424444263350409023e-02
1.127684236803046360e+03	2.590008225015198451e-01	1.674928005017211063e-01	2.496753464992878813e-01	1.491381829056760422e-01	7.169259653246044806e-02	2.869877701850668053e-02	7.430147404064020578e-02
1.129135567867143209e+03	2.587800735245449069e-01	1.673504930026719906e-01	2.498332736539729260e-01	1.492266624376701600e-01	7.172978781506191004e-02	2.872130093945076193e-02	7.435840862643948446e-02
1.130586898931239830e+03	2.585597009292607829e-01	1.672084236068217822e-01	2.499909343841598686e-01	1.493149828530929424e-01	7.176691278258340301e-02	2.874379890963704373e-02	7.441524653425631020e-02
1.132038229995336451e+03	2.583397040714614512e-01	1.670665919150931822e-01	2.501483291370991680e-01	1.494031444610329495e-01	7.180397156553711135e-02	2.876627094219503383e-02	7.447198790739328889e-02
1.133489561059432845e+03	2.581200823080567752e-01	1.669249975290780785e-01	2.503054583592899673e-01	1.494911475698524339e-01	7.184096429411515605e-02	2.878871705031976411e-02	7.452863288909997164e-02
1.134940892123529466e+03	2.579008349970707825e-01	1.667836400510363248e-01	2.504623224964815931e-01	1.495789924871898102e-01	7.187789109819067712e-02	2.881113724727138101e-02	7.458518162257148088e-02
1.136392223187626087e+03	2.576819614976395556e-01	1.666425190838945747e-01	2.506189219936746371e-01	1.496666795199623479e-01	7.191475210731879120e-02	2.883353154637474658e-02	7.464163425094733073e-02
1.137843554251722708e+03	2.574634611700090669e-01	1.665016342312453101e-01	2.507752572951223446e-01	1.497542089743685301e-01	7.195154745073756297e-02	2.885589996101901866e-02	7.469799091731009477e-02
1.139294885315819101e+03	2.572453333755333471e-01	1.663609850973456206e-01	2.509313288443317802e-01	1.498415811558906630e-01	7.198827725736904604e-02	2.887824250465726578e-02	7.475425176468421251e-02
1.140746216379915950e+03	2.570275774766724863e-01	1.662205712871160090e-01	2.510871370840651040e-01	1.499287963692973180e-01	7.202494165582029595e-02	2.890055919080605079e-02	7.481041693603475429e-02
1.142197547444012343e+03	2.568101928369906362e-01	1.660803924061395043e-01	2.512426824563406824e-01	1.500158549186457746e-01	7.206154077438428618e-02	2.892285003304503888e-02	7.486648657426614450e-02
1.143648878508108737e+03	2.565931788211539555e-01	1.659404480606603838e-01	2.513979654024346422e-01	1.501027571072845457e-01	7.209807474104099057e-02	2.894511504501660545e-02	7.492246082222099590e-02
1.145100209572205586e+03	2.563765347949287787e-01	1.658007378575830360e-01	2.515529863628818141e-01	1.501895032378557926e-01	7.213454368345832701e-02	2.896735424042542681e-02	7.497833982267890218e-02
1.146551540636302207e+03	2.561602601251795064e-01	1.656612614044710163e-01	2.517077457774773985e-01	1.502760936122976843e-01	7.217094772899314281e-02	2.898956763303810538e-02	7.503412371835521677e-02
1.148002871700398828e+03	2.559443541798667732e-01	1.655220183095458264e-01	2.518622440852776867e-01	1.503625285318468952e-01	7.220728700469224159e-02	2.901175523668275344e-02	7.508981265189990095e-02
1.149454202764495449e+03	2.557288163280454496e-01	1.653830081816858033e-01	2.520164817246015598e-01	1.504488082970409923e-01	7.224356163729335478e-02	2.903391706524862184e-02	7.514540676589634427e-02
1.150905533828591842e+03	2.555136459398624771e-01	1.652442306304249542e-01	2.521704591330318768e-01	1.505349332077207392e-01	7.227977175322611303e-02	2.905605313268570453e-02	7.520090620286024041e-02
1.152356864892688463e+03	2.552988423865552581e-01	1.651056852659521512e-01	2.523241767474164177e-01	1.506209035630325654e-01	7.231591747861304542e-02	2.907816345300435687e-02	7.525631110523833822e-02
1.153808195956785084e+03	2.550844050404494356e-01	1.649673716991096606e-01	2.524776350038693828e-01	1.507067196614308435e-01	7.235199893927056480e-02	2.910024804027490711e-02	7.531162161540741473e-02
1.155259527020881706e+03	2.548703332749570616e-01	1.648292895413922821e-01	2.526308343377722809e-01	1.507923818006802474e-01	7.238801626070993922e-02	2.912230690862726776e-02	7.536683787567312331e-02
1.156710858084978327e+03	2.546566264645745981e-01	1.646914384049461832e-01	2.527837751837755942e-01	1.508778902778581399e-01	7.242396956813824949e-02	2.914434007225056439e-02	7.542196002826882795e-02
1.158162189149074720e+03	2.544432839848811412e-01	1.645538179025678172e-01	2.529364579757997777e-01	1.509632453893567650e-01	7.245985898645941614e-02	2.916634754539274357e-02	7.547698821535454849e-02
1.159613520213171569e+03	2.542303052125361451e-01	1.644164276477027564e-01	2.530888831470364253e-01	1.510484474308856906e-01	7.249568464027511538e-02	2.918832934236021207e-02	7.553192257901583662e-02
1.161064851277267962e+03	2.540176895252778677e-01	1.642792672544448052e-01	2.532410511299495459e-01	1.511334966974738903e-01	7.253144665388580603e-02	2.921028547751744475e-02	7.558676326126273493e-02
1.162516182341364356e+03	2.538054363019212611e-01	1.641423363375346667e-01	2.533929623562768962e-01	1.512183934834723242e-01	7.256714515129167320e-02	2.923221596528661689e-02	7.564151040402863901e-02
1.163967513405461204e+03	2.535935449223559179e-01	1.640056345123589998e-01	2.535446172570312018e-01	1.513031380825558547e-01	7.260278025619358588e-02	2.925412082014723636e-02	7.569616414916927050e-02
1.165418844469557826e+03	2.533820147675445167e-01	1.638691613949493642e-01	2.536960162625010451e-01	1.513877307877257161e-01	7.263835209199404064e-02	2.927600005663575852e-02	7.575072463846160842e-02
1.166870175533654447e+03	2.531708452195204351e-01	1.637329166019810267e-01	2.538471598022525866e-01	1.514721718913116522e-01	7.267386078179821629e-02	2.929785368934522891e-02	7.580519201360289006e-02
1.168321506597751068e+03	2.529600356613861400e-01	1.635968997507719069e-01	2.539980483051303972e-01	1.515564616849742474e-01	7.270930644841480661e-02	2.931968173292491195e-02	7.585956641620950069e-02
1.169772837661847461e+03	2.527495854773114115e-01	1.634611104592816333e-01	2.541486821992589018e-01	1.516406004597069812e-01	7.274468921435706115e-02	2.934148420207992672e-02	7.591384798781600218e-02
1.171224168725944082e+03	2.525394940525310661e-01	1.633255483461102942e-01	2.542990619120433782e-01	1.517245885058385313e-01	7.278000920184374278e-02	2.936326111157087915e-02	7.596803686987410598e-02
1.172675499790040703e+03	2.523297607733431813e-01	1.631902130304973830e-01	2.544491878701713450e-01	1.518084261130349111e-01	7.281526653280002981e-02	2.938501247621350121e-02	7.602213320375166006e-02
1.174126830854137097e+03	2.521203850271074298e-01	1.630551041323208550e-01	2.545990604996136164e-01	1.518921135703016345e-01	7.285046132885848735e-02	2.940673831087829010e-02	7.607613713073164974e-02
1.175578161918233945e+03	2.519113662022428035e-01	1.629202212720959886e-01	2.547486802256258009e-01	1.519756511659859644e-01	7.288559371136006659e-02	2.942843863049014741e-02	7.613004879201122621e-02
1.177029492982330339e+03	2.517027036882260038e-01	1.627855640709742202e-01	2.548980474727490786e-01	1.520590391877789105e-01	7.292066380135495129e-02	2.945011345002802525e-02	7.618386832870074898e-02
1.178480824046426733e+03	2.514943968755895543e-01	1.626511321507422281e-01	2.550471626648117551e-01	1.521422779227175059e-01	7.295567171960358477e-02	2.947176278452456541e-02	7.623759588182275893e-02
1.179932155110523581e+03	2.512864451559196910e-01	1.625169251338208221e-01	2.551960262249302058e-01	1.522253676571868608e-01	7.299061758657753030e-02	2.949338664906575244e-02	7.629123159231107620e-02
1.181383486174620202e+03	2.510788479218547531e-01	1.623829426432637502e-01	2.553446385755103187e-01	1.523083086769222438e-01	7.302550152246048421e-02	2.951498505879055628e-02	7.634477560100981497e-02
1.182834817238716823e+03	2.508716045670830175e-01	1.622491843027568659e-01	2.554930001382485494e-01	1.523911012670112475e-01	7.306032364714917793e-02	2.953655802889057144e-02	7.639822804867245354e-02
1.184286148302813444e+03	2.506647144863411447e-01	1.621156497366168792e-01	2.556411113341330865e-01	1.524737457118958417e-01	7.309508408025430781e-02	2.955810557460969087e-02	7.645158907596094622e-02
1.185737479366910065e+03	2.504581770754120695e-01	1.619823385697903850e-01	2.557889725834451289e-01	1.525562422953745112e-01	7.312978294110143718e-02	2.957962771124373474e-02	7.650485882344472410e-02
1.187188810431006686e+03	2.502519917311231135e-01	1.618492504278528088e-01	2.559365843057598844e-01	1.526385913006042261e-01	7.316442034873195388e-02	2.960112445414011736e-02	7.655803743159982078e-02
1.188640141495103080e+03	2.500461578513444305e-01	1.617163849370072959e-01	2.560839469199481799e-01	1.527207930101025513e-01	7.319899642190400013e-02	2.962259581869750719e-02	7.661112504080801189e-02
1.190091472559199701e+03	2.498406748349868700e-01	1.615837417240837404e-01	2.562310608441770166e-01	1.528028477057496726e-01	7.323351127909336067e-02	2.964404182036546251e-02	7.666412179135582983e-02
1.191542803623296322e+03	2.496355420820001170e-01	1.614513204165375915e-01	2.563779264959114013e-01	1.528847556687905063e-01	7.326796503849439257e-02	2.966546247464411229e-02	7.671702782343377269e-02
1.192994134687392716e+03	2.494307589933709712e-01	1.613191206424490209e-01	2.565245442919152352e-01	1.529665171798366141e-01	7.330235781802095507e-02	2.968685779708381267e-02	7.676984327713534673e-02
1.194445465751489564e+03	2.492263249711214324e-01	1.611871420305216740e-01	2.566709146482522574e-01	1.530481325188682296e-01	7.333668973530729773e-02	2.970822780328479309e-02	7.682256829245623364e-02
1.195896796815585958e+03	2.490222394183068955e-01	1.610553842100817257e-01	2.568170379802876546e-01	1.531296019652363949e-01	7.337096090770896251e-02	2.972957250889684058e-02	7.687520300929343020e-02
1.197348127879682352e+03	2.488185017390142917e-01	1.609238468110768538e-01	2.569629147026889493e-01	1.532109257976647376e-01	7.340517145230371354e-02	2.975089192961894585e-02	7.692774756744442943e-02
1.198799458943779200e+03	2.486151113383602285e-01	1.607925294640751013e-01	2.571085452294272766e-01	1.532921042942516354e-01	7.343932148589239761e-02	2.977218608119899107e-02	7.698020210660629081e-02
1.200250790007875821e+03	2.484120676224891022e-01	1.606614318002639319e-01	2.572539299737786056e-01	1.533731377324721312e-01	7.347341112499991556e-02	2.979345497943339596e-02	7.703256676637489087e-02
1.201702121071972442e+03	2.482093699985714608e-01	1.605305534514491206e-01	2.573990693483246273e-01	1.534540263891798206e-01	7.350744048587604107e-02	2.981469864016679863e-02	7.708484168624404886e-02
1.203153452136069063e+03	2.480070178748020049e-01	1.603998940500537818e-01	2.575439637649544200e-01	1.535347705406089058e-01	7.354140968449633664e-02	2.983591707929173636e-02	7.713702700560470804e-02
1.204604783200165684e+03	2.478050106603977565e-01	1.602694532291173146e-01	2.576886136348652268e-01	1.536153704623761107e-01	7.357531883656305560e-02	2.985711031274829869e-02	7.718912286374417231e-02
1.206056114264262078e+03	2.476033477655964210e-01	1.601392306222943207e-01	2.578330193685635097e-01	1.536958264294825682e-01	7.360916805750603031e-02	2.987827835652381164e-02	7.724112939984524584e-02
1.207507445328358699e+03	2.474020286016543335e-01	1.600092258638535492e-01	2.579771813758666710e-01	1.537761387163157356e-01	7.364295746248356034e-02	2.989942122665251514e-02	7.729304675298546978e-02
1.208958776392455093e+03	2.472010525808448211e-01	1.598794385886770641e-01	2.581211000659037746e-01	1.538563075966513927e-01	7.367668716638323123e-02	2.992053893921523336e-02	7.734487506213635899e-02
1.210410107456551941e+03	2.470004191164562879e-01	1.597498684322589957e-01	2.582647758471165456e-01	1.539363333436555015e-01	7.371035728382289987e-02	2.994163151033906942e-02	7.739661446616254159e-02
1.211861438520648335e+03	2.468001276227905494e-01	1.596205150307045684e-01	2.584082091272609794e-01	1.540162162298860382e-01	7.374396792915145771e-02	2.996269895619706539e-02	7.744826510382109286e-02
1.213312769584745183e+03	2.466001775151608899e-01	1.594913780207291298e-01	2.585514003134083416e-01	1.540959565272950194e-01	7.377751921644977451e-02	2.998374129300789351e-02	7.749982711376068867e-02
1.214764100648841804e+03	2.464005682098902306e-01	1.593624570396571516e-01	2.586943498119462226e-01	1.541755545072301670e-01	7.381101125953153097e-02	3.000475853703555087e-02	7.755130063452088385e-02
1.216215431712937971e+03	2.462012991243095750e-01	1.592337517254210355e-01	2.588370580285795919e-01	1.542550104404369626e-01	7.384444417194412080e-02	3.002575070458902290e-02	7.760268580453139053e-02
1.217666762777034819e+03	2.460023696767559276e-01	1.591052617165603367e-01	2.589795253683321863e-01	1.543343245970603961e-01	7.387781806696945563e-02	3.004671781202197800e-02	7.765398276211132877e-02
1.219118093841131440e+03	2.458037792865707394e-01	1.589769866522205699e-01	2.591217522355477310e-01	1.544134972466468803e-01	7.391113305762485319e-02	3.006765987573246576e-02	7.770519164546842161e-02
1.220569424905228061e+03	2.456055273740979650e-01	1.588489261721522383e-01	2.592637390338905501e-01	1.544925286581460000e-01	7.394438925666389772e-02	3.008857691216259428e-02	7.775631259269838447e-02
1.222020755969324682e+03	2.454076133606823973e-01	1.587210799167098341e-01	2.594054861663473432e-01	1.545714190999124271e-01	7.397758677657728654e-02	3.010946893779822137e-02	7.780734574178412022e-02
1.223472087033421303e+03	2.452100366686677246e-01	1.585934475268508670e-01	2.595469940352279625e-01	1.546501688397077523e-01	7.401072572959369045e-02	3.013033596916865620e-02	7.785829123059505308e-02
1.224923418097517697e+03	2.450127967213949487e-01	1.584660286441346988e-01	2.596882630421665228e-01	1.547287781447021782e-01	7.404380622768055864e-02	3.015117802284634704e-02	7.790914919688642082e-02
1.226374749161614318e+03	2.448158929432005249e-01	1.583388229107217104e-01	2.598292935881229004e-01	1.548072472814763789e-01	7.407682838254502078e-02	3.017199511544656904e-02	7.795991977829858088e-02
1.227826080225710712e+03	2.446193247594145859e-01	1.582118299693722197e-01	2.599700860733833996e-01	1.548855765160233600e-01	7.410979230563467801e-02	3.019278726362713619e-02	7.801060311235630262e-02
1.229277411289807560e+03	2.444230915963592488e-01	1.580850494634454817e-01	2.601106408975621398e-01	1.549637661137501787e-01	7.414269810813842176e-02	3.021355448408808916e-02	7.806119933646811504e-02
1.230728742353903954e+03	2.442271928813466719e-01	1.579584810368986347e-01	2.602509584596022774e-01	1.550418163394796933e-01	7.417554590098736356e-02	3.023429679357139341e-02	7.811170858792562677e-02
1.232180073418000802e+03	2.440316280426775564e-01	1.578321243342858116e-01	2.603910391577768380e-01	1.551197274574523943e-01	7.420833579485555664e-02	3.025501420886065121e-02	7.816213100390284607e-02
1.233631404482097196e+03	2.438363965096392305e-01	1.577059790007570295e-01	2.605308833896901044e-01	1.551974997313280979e-01	7.424106790016089807e-02	3.027570674678078944e-02	7.821246672145552858e-02
1.235082735546193817e+03	2.436414977125038461e-01	1.575800446820572187e-01	2.606704915522786159e-01	1.552751334241877779e-01	7.427374232706587809e-02	3.029637442419777157e-02	7.826271587752052505e-02
1.236534066610290438e+03	2.434469310825268518e-01	1.574543210245252234e-01	2.608098640418123892e-01	1.553526287985352305e-01	7.430635918547846830e-02	3.031701725801830283e-02	7.831287860891514296e-02
1.237985397674387059e+03	2.432526960519450221e-01	1.573288076750929132e-01	2.609490012538958625e-01	1.554299861162988516e-01	7.433891858505289885e-02	3.033763526518953521e-02	7.836295505233650815e-02
1.239436728738483680e+03	2.430587920539747648e-01	1.572035042812840455e-01	2.610879035834692274e-01	1.555072056388333290e-01	7.437142063519051882e-02	3.035822846269877265e-02	7.841294534436092645e-02
1.240888059802580301e+03	2.428652185228105664e-01	1.570784104912132384e-01	2.612265714248093174e-01	1.555842876269214192e-01	7.440386544504054567e-02	3.037879686757318995e-02	7.846284962144327302e-02
1.242339390866676695e+03	2.426719748936230769e-01	1.569535259535851934e-01	2.613650051715309397e-01	1.556612323407755571e-01	7.443625312350088397e-02	3.039934049687953443e-02	7.851266801991634015e-02
1.243790721930773088e+03	2.424790606025573059e-01	1.568288503176935023e-01	2.615032052165879306e-01	1.557380400400396325e-01	7.446858377921897199e-02	3.041985936772383103e-02	7.856240067599025434e-02
1.245242052994869937e+03	2.422864750867312067e-01	1.567043832334197306e-01	2.616411719522741541e-01	1.558147109837907385e-01	7.450085752059255884e-02	3.044035349725111861e-02	7.861204772575189348e-02
1.246693384058966330e+03	2.420942177842336229e-01	1.565801243512325025e-01	2.617789057702247235e-01	1.558912454305406980e-01	7.453307445577049550e-02	3.046082290264514464e-02	7.866160930516423455e-02
1.248144715123063179e+03	2.419022881341227338e-01	1.564560733221863342e-01	2.619164070614170003e-01	1.559676436382378684e-01	7.456523469265352588e-02	3.048126760112808420e-02	7.871108555006581242e-02
1.249596046187159800e+03	2.417106855764243334e-01	1.563322297979208853e-01	2.620536762161719824e-01	1.560439058642687504e-01	7.459733833889509169e-02	3.050168760996026934e-02	7.876047659617009533e-02
1.251047377251256421e+03	2.415194095521300544e-01	1.562085934306597645e-01	2.621907136241548586e-01	1.561200323654597100e-01	7.462938550190212350e-02	3.052208294643989073e-02	7.880978257906491591e-02
1.252498708315352815e+03	2.413284595031957580e-01	1.560851638732096980e-01	2.623275196743768412e-01	1.561960233980785595e-01	7.466137628883581789e-02	3.054245362790273047e-02	7.885900363421194381e-02
1.253950039379449436e+03	2.411378348725396747e-01	1.559619407789595014e-01	2.624640947551955539e-01	1.562718792178362515e-01	7.469331080661241462e-02	3.056279967172188458e-02	7.890813989694603348e-02
1.255401370443546057e+03	2.409475351040409330e-01	1.558389238018790535e-01	2.626004392543166421e-01	1.563476000798884880e-01	7.472518916190398763e-02	3.058312109530747502e-02	7.895719150247476614e-02
1.256852701507642678e+03	2.407575596425375608e-01	1.557161125965183524e-01	2.627365535587946610e-01	1.564231862388373862e-01	7.475701146113919449e-02	3.060341791610637560e-02	7.900615858587781148e-02
1.258304032571739299e+03	2.405679079338250148e-01	1.555935068180066272e-01	2.628724380550341300e-01	1.564986379487330603e-01	7.478877781050409512e-02	3.062369015160194829e-02	7.905504128210644188e-02
1.259755363635835920e+03	2.403785794246544316e-01	1.554711061220512835e-01	2.630080931287906987e-01	1.565739554630753705e-01	7.482048831594287353e-02	3.064393781931376570e-02	7.910383972598292179e-02
1.261206694699932314e+03	2.401895735627309070e-01	1.553489101649368764e-01	2.631435191651722572e-01	1.566491390348152823e-01	7.485214308315864262e-02	3.066416093679733348e-02	7.915255405220003593e-02
1.262658025764028707e+03	2.400008897967118027e-01	1.552269186035243054e-01	2.632787165486399350e-01	1.567241889163566992e-01	7.488374221761420757e-02	3.068435952164381628e-02	7.920118439532054799e-02
1.264109356828125556e+03	2.398125275762051090e-01	1.551051310952496765e-01	2.634136856630093226e-01	1.567991053595579609e-01	7.491528582453277352e-02	3.070453359147978095e-02	7.924973088977668723e-02
1.265560687892221949e+03	2.396244863517676960e-01	1.549835472981234419e-01	2.635484268914513595e-01	1.568738886157334256e-01	7.494677400889876440e-02	3.072468316396692253e-02	7.929819366986956553e-02
1.267012018956318798e+03	2.394367655749037871e-01	1.548621668707294841e-01	2.636829406164937772e-01	1.569485389356550797e-01	7.497820687545857232e-02	3.074480825680179705e-02	7.934657286976874724e-02
1.268463350020415419e+03	2.392493646980629884e-01	1.547409894722239498e-01	2.638172272200216550e-01	1.570230565695540925e-01	7.500958452872123761e-02	3.076490888771555784e-02	7.939486862351170793e-02
1.269914681084511813e+03	2.390622831746389843e-01	1.546200147623345567e-01	2.639512870832789182e-01	1.570974417671224255e-01	7.504090707295925367e-02	3.078498507447368152e-02	7.944308106500334865e-02
1.271366012148608434e+03	2.388755204589675940e-01	1.544992424013593990e-01	2.640851205868693929e-01	1.571716947775143036e-01	7.507217461220934418e-02	3.080503683487572156e-02	7.949121032801546860e-02
1.272817343212705055e+03	2.386890760063252181e-01	1.543786720501660881e-01	2.642187281107575836e-01	1.572458158493478253e-01	7.510338725027315698e-02	3.082506418675504123e-02	7.953925654618633490e-02
1.274268674276801676e+03	2.385029492729271450e-01	1.542583033701908635e-01	2.643521100342699492e-01	1.573198052307065997e-01	7.513454509071801346e-02	3.084506714797853252e-02	7.958721985302012747e-02
1.275720005340898297e+03	2.383171397159259686e-01	1.541381360234375109e-01	2.644852667360961251e-01	1.573936631691410515e-01	7.516564823687761632e-02	3.086504573644638719e-02	7.963510038188655049e-02
1.277171336404994690e+03	2.381316467934097569e-01	1.540181696724765847e-01	2.646181985942896997e-01	1.574673899116701692e-01	7.519669679185284061e-02	3.088499997009183304e-02	7.968289826602027726e-02
1.278622667469091539e+03	2.379464699644005810e-01	1.538984039804442705e-01	2.647509059862694913e-01	1.575409857047829765e-01	7.522769085851242765e-02	3.090492986688084948e-02	7.973061363852054773e-02
1.280073998533187932e+03	2.377616086888528213e-01	1.537788386110414962e-01	2.648833892888204922e-01	1.576144507944400308e-01	7.525863053949372050e-02	3.092483544481194543e-02	7.977824663235066893e-02
1.281525329597284326e+03	2.375770624276514476e-01	1.536594732285330167e-01	2.650156488780949782e-01	1.576877854260748391e-01	7.528951593720337176e-02	3.094471672191588876e-02	7.982579738033759864e-02
1.282976660661381175e+03	2.373928306426104640e-01	1.535403074977464977e-01	2.651476851296136195e-01	1.577609898445955783e-01	7.532034715381806522e-02	3.096457371625546337e-02	7.987326601517144575e-02
1.284427991725477568e+03	2.372089127964711608e-01	1.534213410840714331e-01	2.652794984182664795e-01	1.578340642943864280e-01	7.535112429128527911e-02	3.098440644592519513e-02	7.992065266940508172e-02
1.285879322789574417e+03	2.370253083529006433e-01	1.533025736534584516e-01	2.654110891183141252e-01	1.579070090193090692e-01	7.538184745132396614e-02	3.100421492905112292e-02	7.996795747545366873e-02
1.287330653853671038e+03	2.368420167764900830e-01	1.531840048724180670e-01	2.655424576033885709e-01	1.579798242627042937e-01	7.541251673542523348e-02	3.102399918379054530e-02	8.001518056559422942e-02
1.288781984917767431e+03	2.366590375327530249e-01	1.530656344080200126e-01	2.656736042464944991e-01	1.580525102673933924e-01	7.544313224485310609e-02	3.104375922833176732e-02	8.006232207196523065e-02
1.290233315981864052e+03	2.364763700881238606e-01	1.529474619278921310e-01	2.658045294200102049e-01	1.581250672756795428e-01	7.547369408064523444e-02	3.106349508089385064e-02	8.010938212656616708e-02
