1.001418434226643626e+03	2.797299581281371683e-01	1.808193066673088878e-01	2.348812989927717143e-01	1.407903970955868000e-01	6.819844453330202450e-02	2.662708106424536980e-02	6.895351351846235044e-02
1.002869765290740247e+03	2.794739024155794005e-01	1.806546154997357989e-01	2.350642961012988086e-01	1.408940303689184270e-01	6.824200425347855259e-02	2.665175996899854863e-02	6.901939139180486571e-02
1.004321096354836754e+03	2.792182834703385019e-01	1.804902001014115076e-01	2.352469845464208453e-01	1.409974747440602971e-01	6.828548497334185896e-02	2.667641189927630330e-02	6.908516026496504259e-02
1.005772427418933376e+03	2.789631005436185029e-01	1.803260600098605393e-01	2.354293648465811684e-01	1.411007306035732822e-01	6.832888685400410889e-02	2.670103686432377665e-02	6.915082027785300622e-02
1.007223758483029997e+03	2.787083528879275018e-01	1.801621947633832987e-01	2.356114375193517352e-01	1.412037983289882725e-01	6.837221005617788450e-02	2.672563487347364916e-02	6.921637157051203915e-02
1.008675089547126618e+03	2.784540397570757220e-01	1.799986039010546268e-01	2.357932030814346436e-01	1.413066783008112837e-01	6.841545474017680928e-02	2.675020593614562889e-02	6.928181428311573631e-02
1.010126420611223239e+03	2.782001604061728472e-01	1.798352869627227180e-01	2.359746620486634916e-01	1.414093708985284248e-01	6.845862106591607543e-02	2.677475006184597967e-02	6.934714855596500749e-02
1.011577751675319632e+03	2.779467140916256351e-01	1.796722434890075937e-01	2.361558149360049874e-01	1.415118765006109780e-01	6.850170919291304061e-02	2.679926726016704230e-02	6.941237452948523234e-02
1.013029082739416367e+03	2.776937000711359738e-01	1.795094730213000200e-01	2.363366622575603093e-01	1.416141954845202833e-01	6.854471928028782468e-02	2.682375754078674193e-02	6.947749234422337383e-02
1.014480413803512761e+03	2.774411176036979954e-01	1.793469751017600922e-01	2.365172045265665768e-01	1.417163282267126234e-01	6.858765148676398971e-02	2.684822091346810921e-02	6.954250214084518877e-02
1.015931744867609382e+03	2.771889659495960223e-01	1.791847492733159575e-01	2.366974422553983215e-01	1.418182751026440536e-01	6.863050597066910896e-02	2.687265738805879808e-02	6.960740406013232739e-02
1.017383075931706003e+03	2.769372443704021247e-01	1.790227950796625667e-01	2.368773759555689307e-01	1.419200364867751474e-01	6.867328288993553020e-02	2.689706697449062087e-02	6.967219824297964104e-02
1.018834406995802851e+03	2.766859521289738999e-01	1.788611120652602582e-01	2.370570061377321180e-01	1.420216127525758265e-01	6.871598240210100017e-02	2.692144968277905559e-02	6.973688483039236496e-02
1.020285738059899245e+03	2.764350884894519189e-01	1.786996997753337035e-01	2.372363333116833672e-01	1.421230042725299680e-01	6.875860466430941398e-02	2.694580552302277762e-02	6.980146396348335669e-02
1.021737069123995752e+03	2.761846527172577836e-01	1.785385577558704640e-01	2.374153579863613195e-01	1.422242114181399564e-01	6.880114983331150902e-02	2.697013450540319129e-02	6.986593578347041755e-02
1.023188400188092373e+03	2.759346440790910737e-01	1.783776855536196304e-01	2.375940806698492169e-01	1.423252345599314850e-01	6.884361806546562823e-02	2.699443664018395458e-02	6.993030043167360044e-02
1.024639731252188767e+03	2.756850618429277922e-01	1.782170827160908244e-01	2.377725018693765680e-01	1.424260740674579140e-01	6.888600951673852502e-02	2.701871193771050034e-02	6.999455804951251747e-02
1.026091062316285615e+03	2.754359052780177008e-01	1.780567487915526159e-01	2.379506220913202019e-01	1.425267303093047944e-01	6.892832434270605713e-02	2.704296040840957829e-02	7.005870877850371714e-02
1.027542393380382237e+03	2.751871736548819336e-01	1.778966833290314409e-01	2.381284418412060178e-01	1.426272036530944198e-01	6.897056269855403321e-02	2.706718206278878672e-02	7.012275276025801973e-02
1.028993724444478858e+03	2.749388662453108867e-01	1.777368858783103245e-01	2.383059616237102885e-01	1.427274944654901012e-01	6.901272473907901772e-02	2.709137691143610749e-02	7.018669013647796384e-02
1.030445055508575479e+03	2.746909823223617764e-01	1.775773559899274934e-01	2.384831819426610489e-01	1.428276031122006351e-01	6.905481061868916359e-02	2.711554496501943773e-02	7.025052104895518346e-02
1.031896386572671872e+03	2.744435211603563629e-01	1.774180932151752099e-01	2.386601033010396500e-01	1.429275299579845504e-01	6.909682049140500326e-02	2.713968623428612489e-02	7.031424563956788221e-02
1.033347717636768493e+03	2.741964820348785636e-01	1.772590971060984122e-01	2.388367262009821190e-01	1.430272753666544661e-01	6.913875451086035073e-02	2.716380073006252269e-02	7.037786405027830761e-02
1.034799048700865114e+03	2.739498642227724545e-01	1.771003672154936037e-01	2.390130511437805194e-01	1.431268397010812821e-01	6.918061283030314812e-02	2.718788846325350533e-02	7.044137642313019754e-02
1.036250379764961508e+03	2.737036670021396612e-01	1.769419030969074380e-01	2.391890786298844773e-01	1.432262233231984261e-01	6.922239560259632607e-02	2.721194944484204084e-02	7.050478290024632388e-02
1.037701710829058356e+03	2.734578896523371938e-01	1.767837043046355527e-01	2.393648091589025417e-01	1.433254265940059335e-01	6.926410298021873357e-02	2.723598368588872262e-02	7.056808362382600841e-02
1.039153041893154750e+03	2.732125314539752270e-01	1.766257703937212931e-01	2.395402432296036555e-01	1.434244498735746109e-01	6.930573511526597064e-02	2.725999119753129418e-02	7.063127873614265251e-02
1.040604372957251599e+03	2.729675916889147125e-01	1.764681009199543793e-01	2.397153813399184319e-01	1.435232935210501992e-01	6.934729215945134584e-02	2.728397199098423626e-02	7.069436837954140573e-02
1.042055704021347992e+03	2.727230696402652699e-01	1.763106954398698245e-01	2.398902239869407094e-01	1.436219578946572872e-01	6.938877426410677840e-02	2.730792607753829149e-02	7.075735269643661229e-02
1.043507035085444613e+03	2.724789645923826886e-01	1.761535535107464912e-01	2.400647716669289666e-01	1.437204433517033919e-01	6.943018158018372799e-02	2.733185346856002035e-02	7.082023182930956284e-02
1.044958366149541234e+03	2.722352758308667631e-01	1.759966746906060087e-01	2.402390248753075719e-01	1.438187502485829550e-01	6.947151425825415227e-02	2.735575417549135011e-02	7.088300592070602424e-02
1.046409697213637855e+03	2.719920026425592385e-01	1.758400585382113857e-01	2.404129841066683926e-01	1.439168789407812843e-01	6.951277244851143677e-02	2.737962820984914461e-02	7.094567511323399134e-02
1.047861028277734476e+03	2.717491443155412578e-01	1.756837046130658442e-01	2.405866498547719889e-01	1.440148297828783841e-01	6.955395630077133851e-02	2.740347558322474286e-02	7.100823954956128614e-02
1.049312359341831097e+03	2.715067001391313073e-01	1.755276124754115707e-01	2.407600226125491960e-01	1.441126031285529241e-01	6.959506596447299909e-02	2.742729630728352533e-02	7.107069937241328184e-02
1.050763690405927491e+03	2.712646694038828854e-01	1.753717816862284951e-01	2.409331028721024281e-01	1.442101993305860141e-01	6.963610158867986066e-02	2.745109039376446985e-02	7.113305472457065459e-02
1.052215021470024112e+03	2.710230514015822267e-01	1.752162118072330133e-01	2.411058911247070391e-01	1.443076187408650346e-01	6.967706332208067899e-02	2.747485785447973533e-02	7.119530574886705210e-02
1.053666352534120733e+03	2.707818454252463036e-01	1.750609024008767112e-01	2.412783878608128763e-01	1.444048617103873555e-01	6.971795131299049486e-02	2.749859870131418291e-02	7.125745258818690087e-02
1.055117683598217127e+03	2.705410507691202171e-01	1.749058530303453096e-01	2.414505935700453909e-01	1.445019285892641114e-01	6.975876570935164722e-02	2.752231294622498048e-02	7.131949538546317191e-02
1.056569014662313975e+03	2.703006667286753095e-01	1.747510632595571656e-01	2.416225087412072758e-01	1.445988197267240039e-01	6.979950665873478621e-02	2.754600060124114472e-02	7.138143428367517418e-02
1.058020345726410369e+03	2.700606926006066666e-01	1.745965326531623008e-01	2.417941338622798253e-01	1.446955354711167985e-01	6.984017430833981688e-02	2.756966167846312127e-02	7.144326942584634799e-02
1.059471676790506763e+03	2.698211276828311189e-01	1.744422607765409861e-01	2.419654694204241563e-01	1.447920761699171555e-01	6.988076880499699550e-02	2.759329619006236148e-02	7.150500095504211395e-02
1.060923007854603611e+03	2.695819712744850771e-01	1.742882471958025481e-01	2.421365159019827629e-01	1.448884421697280156e-01	6.992129029516787331e-02	2.761690414828087137e-02	7.156662901436774971e-02
1.062374338918700232e+03	2.693432226759219228e-01	1.741344914777843145e-01	2.423072737924807651e-01	1.449846338162844306e-01	6.996173892494636504e-02	2.764048556543080570e-02	7.162815374696623882e-02
1.063825669982796853e+03	2.691048811887103431e-01	1.739809931900501705e-01	2.424777435766274081e-01	1.450806514544569492e-01	7.000211484005976204e-02	2.766404045389403779e-02	7.168957529601613365e-02
1.065277001046893474e+03	2.688669461156317775e-01	1.738277519008894767e-01	2.426479257383173105e-01	1.451764954282552811e-01	7.004241818586977308e-02	2.768756882612173967e-02	7.175089380472948752e-02
1.066728332110990095e+03	2.686294167606781969e-01	1.736747671793157088e-01	2.428178207606319083e-01	1.452721660808316273e-01	7.008264910737353748e-02	2.771107069463395189e-02	7.181210941634980083e-02
1.068179663175086489e+03	2.683922924290501610e-01	1.735220385950655142e-01	2.429874291258407870e-01	1.453676637544843442e-01	7.012280774920473525e-02	2.773454607201917416e-02	7.187322227414996711e-02
1.069630994239183110e+03	2.681555724271545427e-01	1.733695657185971573e-01	2.431567513154031523e-01	1.454629887906611907e-01	7.016289425563451698e-02	2.775799497093394894e-02	7.193423252143014979e-02
1.071082325303279504e+03	2.679192560626021957e-01	1.732173481210895760e-01	2.433257878099690796e-01	1.455581415299628534e-01	7.020290877057266954e-02	2.778141740410242436e-02	7.199514030151585309e-02
1.072533656367376352e+03	2.676833426442059016e-01	1.730653853744410220e-01	2.434945390893808459e-01	1.456531223121463603e-01	7.024285143756860139e-02	2.780481338431597602e-02	7.205594575775592370e-02
1.073984987431472746e+03	2.674478314819782598e-01	1.729136770512679500e-01	2.436630056326744009e-01	1.457479314761284117e-01	7.028272239981238345e-02	2.782818292443276290e-02	7.211664903352048295e-02
1.075436318495569594e+03	2.672127218871293564e-01	1.727622227249037412e-01	2.438311879180806718e-01	1.458425693599886830e-01	7.032252180013587317e-02	2.785152603737733878e-02	7.217725027219905332e-02
1.076887649559666215e+03	2.669780131720646543e-01	1.726110219693974823e-01	2.439990864230268952e-01	1.459370363009731553e-01	7.036224978101375538e-02	2.787484273614022554e-02	7.223774961719850451e-02
1.078338980623762609e+03	2.667437046503829401e-01	1.724600743595129104e-01	2.441667016241380606e-01	1.460313326354974739e-01	7.040190648456454148e-02	2.789813303377752102e-02	7.229814721194124938e-02
1.079790311687859230e+03	2.665097956368741028e-01	1.723093794707269977e-01	2.443340339972381592e-01	1.461254586991501125e-01	7.044149205255169355e-02	2.792139694341049319e-02	7.235844319986323159e-02
1.081241642751955851e+03	2.662762854475169139e-01	1.721589368792289243e-01	2.445010840173515165e-01	1.462194148266955651e-01	7.048100662638470681e-02	2.794463447822516031e-02	7.241863772441201053e-02
1.082692973816052472e+03	2.660431733994769177e-01	1.720087461619188296e-01	2.446678521587042909e-01	1.463132013520777874e-01	7.052045034712012272e-02	2.796784565147190926e-02	7.247873092904497105e-02
1.084144304880149093e+03	2.658104588111043221e-01	1.718588068964066184e-01	2.448343388947256394e-01	1.464068186084231671e-01	7.055982335546265305e-02	2.799103047646508274e-02	7.253872295722738062e-02
1.085595635944245487e+03	2.655781410019318334e-01	1.717091186610106845e-01	2.450005446980491886e-01	1.465002669280437153e-01	7.059912579176619296e-02	2.801418896658259064e-02	7.259861395243055737e-02
1.087046967008342108e+03	2.653462192926726582e-01	1.715596810347569390e-01	2.451664700405143116e-01	1.465935466424403144e-01	7.063835779603497289e-02	2.803732113526550065e-02	7.265840405813003833e-02
1.088498298072438729e+03	2.651146930052182271e-01	1.714104935973774502e-01	2.453321153931674325e-01	1.466866580823057431e-01	7.067751950792452997e-02	2.806042699601765666e-02	7.271809341780377522e-02
1.089949629136535123e+03	2.648835614626358081e-01	1.712615559293092504e-01	2.454974812262634420e-01	1.467796015775278129e-01	7.071661106674288766e-02	2.808350656240527626e-02	7.277768217493031655e-02
1.091400960200631971e+03	2.646528239891670076e-01	1.711128676116931702e-01	2.456625680092669461e-01	1.468723774571924490e-01	7.075563261145156879e-02	2.810655984805656912e-02	7.283717047298704506e-02
1.092852291264728365e+03	2.644224799102251611e-01	1.709644282263727832e-01	2.458273762108537097e-01	1.469649860495867155e-01	7.079458428066667808e-02	2.812958686666133801e-02	7.289655845544835977e-02
1.094303622328825213e+03	2.641925285523933908e-01	1.708162373558931024e-01	2.459919062989118776e-01	1.470574276822018134e-01	7.083346621266001231e-02	2.815258763197059366e-02	7.295584626578396903e-02
1.095754953392921607e+03	2.639629692434223851e-01	1.706682945834993859e-01	2.461561587405433627e-01	1.471497026817362164e-01	7.087227854536005955e-02	2.817556215779617318e-02	7.301503404745711412e-02
1.097206284457018228e+03	2.637338013122285663e-01	1.705205994931360269e-01	2.463201340020650942e-01	1.472418113740985302e-01	7.091102141635317879e-02	2.819851045801035141e-02	7.307412194392289007e-02
1.098657615521114849e+03	2.635050240888917594e-01	1.703731516694453607e-01	2.464838325490104898e-01	1.473337540844104898e-01	7.094969496288461297e-02	2.822143254654545935e-02	7.313311009862648315e-02
1.100108946585211470e+03	2.632766369046529720e-01	1.702259506977665260e-01	2.466472548461305092e-01	1.474255311370099852e-01	7.098829932185955760e-02	2.824432843739350246e-02	7.319199865500153335e-02
1.101560277649308091e+03	2.630486390919126727e-01	1.700789961641342440e-01	2.468104013573953204e-01	1.475171428554538922e-01	7.102683462984428486e-02	2.826719814460578600e-02	7.325078775646841345e-02
1.103011608713404712e+03	2.628210299842284048e-01	1.699322876552775974e-01	2.469732725459952427e-01	1.476085895625209865e-01	7.106530102306718444e-02	2.829004168229252991e-02	7.330947754643257763e-02
1.104462939777501106e+03	2.625938089163129541e-01	1.697858247586190583e-01	2.471358688743424126e-01	1.476998715802148587e-01	7.110369863741984597e-02	2.831285906462249410e-02	7.336806816828291000e-02
1.105914270841597499e+03	2.623669752240319064e-01	1.696396070622731289e-01	2.472981908040718102e-01	1.477909892297668282e-01	7.114202760845811380e-02	2.833565030582261418e-02	7.342655976539012863e-02
1.107365601905694348e+03	2.621405282444019269e-01	1.694936341550453140e-01	2.474602387960427308e-01	1.478819428316386908e-01	7.118028807140319714e-02	2.835841542017761285e-02	7.348495248110510636e-02
1.108816932969790741e+03	2.619144673155884839e-01	1.693479056264307891e-01	2.476220133103400611e-01	1.479727327055256059e-01	7.121848016114273872e-02	2.838115442202964953e-02	7.354324645875728872e-02
1.110268264033887590e+03	2.616887917769038507e-01	1.692024210666134565e-01	2.477835148062755011e-01	1.480633591703589269e-01	7.125660401223182783e-02	2.840386732577793172e-02	7.360144184165311187e-02
1.111719595097984211e+03	2.614635009688050515e-01	1.690571800664646684e-01	2.479447437423889788e-01	1.481538225443089496e-01	7.129465975889415219e-02	2.842655414587835425e-02	7.365953877307447606e-02
1.113170926162080832e+03	2.612385942328918076e-01	1.689121822175420895e-01	2.481057005764498724e-01	1.482441231447876595e-01	7.133264753502301103e-02	2.844921489684314186e-02	7.371753739627703861e-02
1.114622257226177226e+03	2.610140709119044278e-01	1.687674271120885305e-01	2.482663857654583417e-01	1.483342612884515910e-01	7.137056747418242530e-02	2.847184959324047804e-02	7.377543785448881231e-02
1.116073588290273847e+03	2.607899303497218657e-01	1.686229143430308386e-01	2.484267997656466331e-01	1.484242372912044361e-01	7.140841970960816465e-02	2.849445824969414065e-02	7.383324029090856944e-02
1.117524919354370468e+03	2.605661718913594438e-01	1.684786435039787311e-01	2.485869430324803286e-01	1.485140514681998758e-01	7.144620437420882986e-02	2.851704088088314465e-02	7.389094484870432911e-02
1.118976250418467089e+03	2.603427948829671323e-01	1.683346141892236303e-01	2.487468160206596779e-01	1.486037041338441889e-01	7.148392160056690758e-02	2.853959750154137776e-02	7.394855167101183069e-02
1.120427581482563710e+03	2.601197986718272182e-01	1.681908259937375805e-01	2.489064191841207918e-01	1.486931956017989997e-01	7.152157152093983894e-02	2.856212812645725005e-02	7.400606090093307665e-02
1.121878912546660331e+03	2.598971826063524726e-01	1.680472785131720270e-01	2.490657529760370859e-01	1.487825261849839431e-01	7.155915426726107420e-02	2.858463277047333662e-02	7.406347268153483376e-02
1.123330243610756725e+03	2.596749460360840978e-01	1.679039713438566506e-01	2.492248178488204735e-01	1.488716961955792728e-01	7.159666997114114140e-02	2.860711144848602713e-02	7.412078715584716204e-02
1.124781574674853118e+03	2.594530883116894504e-01	1.677609040827983955e-01	2.493836142541226153e-01	1.489607059450285542e-01	7.163411876386868715e-02	2.862956417544516158e-02	7.417800446686197147e-02
1.126232905738949967e+03	2.592316087849604322e-01	1.676180763276801933e-01	2.495421426428363065e-01	1.490495557440411623e-01	7.167150077641154526e-02	2.865199096635368675e-02	7.423512475753156481e-02
1.127684236803046360e+03	2.590105068088111029e-01	1.674754876768598244e-01	2.497004034650966153e-01	1.491382459025950291e-01	7.170881613941776367e-02	2.867439183626730587e-02	7.429214817076724986e-02
1.129135567867143209e+03	2.587897817372759590e-01	1.673331377293688915e-01	2.498583971702822426e-01	1.492267767299391146e-01	7.174606498321668691e-02	2.869676680029414201e-02	7.434907484943785450e-02
1.130586898931239830e+03	2.585694329255076584e-01	1.671910260849115704e-01	2.500161242070167988e-01	1.493151485345960983e-01	7.178324743781998307e-02	2.871911587359436691e-02	7.440590493636842218e-02
1.132038229995336451e+03	2.583494597297751882e-01	1.670491523438634995e-01	2.501735850231700531e-01	1.494033616243648499e-01	7.182036363292264303e-02	2.874143907137988174e-02	7.446263857433875477e-02
1.133489561059432845e+03	2.581298615074618663e-01	1.669075161072707536e-01	2.503307800658592375e-01	1.494914163063228996e-01	7.185741369790416000e-02	2.876373640891396327e-02	7.451927590608203866e-02
1.134940892123529466e+03	2.579106376170632320e-01	1.667661169768486495e-01	2.504877097814501852e-01	1.495793128868290744e-01	7.189439776182940389e-02	2.878600790151092034e-02	7.457581707428348472e-02
1.136392223187626087e+03	2.576917874181850476e-01	1.666249545549805533e-01	2.506443746155587737e-01	1.496670516715259969e-01	7.193131595344974538e-02	2.880825356453576083e-02	7.463226222157900991e-02
1.137843554251722708e+03	2.574733102715415223e-01	1.664840284447169083e-01	2.508007750130520908e-01	1.497546329653424990e-01	7.196816840120409675e-02	2.883047341340385164e-02	7.468861149055389115e-02
1.139294885315819101e+03	2.572552055389530912e-01	1.663433382497740143e-01	2.509569114180496552e-01	1.498420570724961765e-01	7.200495523321993885e-02	2.885266746358057521e-02	7.474486502374139141e-02
1.140746216379915950e+03	2.570374725833444729e-01	1.662028835745329169e-01	2.511127842739248606e-01	1.499293242964958028e-01	7.204167657731429253e-02	2.887483573058100342e-02	7.480102296362151071e-02
1.142197547444012343e+03	2.568201107687427820e-01	1.660626640240382701e-01	2.512683940233059188e-01	1.500164349401438002e-01	7.207833256099484276e-02	2.889697822996956100e-02	7.485708545261963998e-02
1.143648878508108737e+03	2.566031194602755305e-01	1.659226792039973641e-01	2.514237411080773588e-01	1.501033893055386537e-01	7.211492331146086843e-02	2.891909497735969600e-02	7.491305263310529816e-02
1.145100209572205586e+03	2.563864980241686298e-01	1.657829287207788216e-01	2.515788259693812479e-01	1.501901876940773539e-01	7.215144895560431093e-02	2.894118598841354667e-02	7.496892464739081385e-02
1.146551540636302207e+03	2.561702458277443917e-01	1.656434121814116533e-01	2.517336490476184130e-01	1.502768304064577565e-01	7.218790962001080114e-02	2.896325127884161535e-02	7.502470163773013179e-02
1.148002871700398828e+03	2.559543622394195861e-01	1.655041291935839542e-01	2.518882107824496064e-01	1.503633177426809964e-01	7.222430543096064470e-02	2.898529086440243888e-02	7.508038374631746670e-02
1.149454202764495449e+03	2.557388466287035533e-01	1.653650793656420148e-01	2.520425116127968934e-01	1.504496500020539307e-01	7.226063651442986291e-02	2.900730476090226592e-02	7.513597111528615147e-02
1.150905533828591842e+03	2.555236983661961503e-01	1.652262623065891278e-01	2.521965519768448183e-01	1.505358274831913867e-01	7.229690299609117798e-02	2.902929298419472740e-02	7.519146388670730485e-02
1.152356864892688463e+03	2.553089168235857520e-01	1.650876776260843948e-01	2.523503323120416808e-01	1.506218504840186045e-01	7.233310500131502618e-02	2.905125555018052419e-02	7.524686220258872127e-02
1.153808195956785084e+03	2.550945013736476419e-01	1.649493249344417822e-01	2.525038530551005356e-01	1.507077193017734573e-01	7.236924265517058474e-02	2.907319247480709412e-02	7.530216620487362178e-02
1.155259527020881706e+03	2.548804513902416247e-01	1.648112038426289283e-01	2.526571146420009129e-01	1.507934342330088939e-01	7.240531608242674333e-02	2.909510377406830661e-02	7.535737603543937735e-02
1.156710858084978327e+03	2.546667662483103056e-01	1.646733139622660325e-01	2.528101175079895957e-01	1.508789955735952426e-01	7.244132540755307548e-02	2.911698946400412963e-02	7.541249183609645412e-02
1.158162189149074720e+03	2.544534453238771476e-01	1.645356549056248008e-01	2.529628620875821743e-01	1.509644036187224037e-01	7.247727075472092106e-02	2.913884956070031743e-02	7.546751374858715056e-02
1.159613520213171569e+03	2.542404879940444729e-01	1.643982262856273913e-01	2.531153488145639896e-01	1.510496586629022364e-01	7.251315224780428836e-02	2.916068408028811565e-02	7.552244191458444555e-02
1.161064851277267962e+03	2.540278936369917417e-01	1.642610277158452203e-01	2.532675781219916322e-01	1.511347609999707242e-01	7.254897001038089488e-02	2.918249303894391092e-02	7.557727647569088825e-02
1.162516182341364356e+03	2.538156616319732217e-01	1.641240588104979636e-01	2.534195504421939971e-01	1.512197109230903613e-01	7.258472416573311103e-02	2.920427645288895327e-02	7.563201757343743226e-02
1.163967513405461204e+03	2.536037913593164883e-01	1.639873191844524181e-01	2.535712662067735601e-01	1.513045087247522902e-01	7.262041483684897325e-02	2.922603433838902656e-02	7.568666534928225609e-02
1.165418844469557826e+03	2.533922822004203712e-01	1.638508084532214748e-01	2.537227258466075996e-01	1.513891546967785773e-01	7.265604214642316927e-02	2.924776671175413970e-02	7.574121994460972229e-02
1.166870175533654447e+03	2.531811335377529004e-01	1.637145262329629258e-01	2.538739297918494175e-01	1.514736491303244337e-01	7.269160621685795409e-02	2.926947358933823171e-02	7.579568150072922561e-02
1.168321506597751068e+03	2.529703447548495299e-01	1.635784721404784370e-01	2.540248784719295605e-01	1.515579923158804077e-01	7.272710717026420468e-02	2.929115498753885258e-02	7.585005015887409663e-02
1.169772837661847461e+03	2.527599152363112500e-01	1.634426457932125487e-01	2.541755723155569857e-01	1.516421845432746329e-01	7.276254512846232203e-02	2.931281092279687181e-02	7.590432606020050543e-02
1.171224168725944082e+03	2.525498443678024785e-01	1.633070468092514826e-01	2.543260117507203932e-01	1.517262261016749103e-01	7.279792021298324423e-02	2.933444141159615923e-02	7.595850934578642077e-02
1.172675499790040703e+03	2.523401315360495056e-01	1.631716748073221424e-01	2.544761972046893916e-01	1.518101172795909837e-01	7.283323254506934852e-02	2.935604647046329355e-02	7.601260015663049985e-02
1.174126830854137097e+03	2.521307761288382743e-01	1.630365294067909476e-01	2.546261291040154973e-01	1.518938583648766494e-01	7.286848224567547827e-02	2.937762611596726053e-02	7.606659863365103358e-02
1.175578161918233945e+03	2.519217775350127697e-01	1.629016102276628908e-01	2.547758078745336885e-01	1.519774496447318657e-01	7.290366943546981726e-02	2.939918036471916157e-02	7.612050491768493354e-02
1.177029492982330339e+03	2.517131351444729659e-01	1.627669168905803432e-01	2.549252339413634605e-01	1.520608914057049732e-01	7.293879423483490276e-02	2.942070923337190141e-02	7.617431914948667726e-02
1.178480824046426733e+03	2.515048483481728825e-01	1.626324490168220005e-01	2.550744077289098799e-01	1.521441839336948043e-01	7.297385676386859699e-02	2.944221273861990368e-02	7.622804146972723960e-02
1.179932155110523581e+03	2.512969165381188086e-01	1.624982062283019113e-01	2.552233296608649726e-01	1.522273275139527093e-01	7.300885714238493363e-02	2.946369089719880902e-02	7.628167201899314909e-02
1.181383486174620202e+03	2.510893391073674707e-01	1.623641881475683668e-01	2.553720001602089451e-01	1.523103224310847770e-01	7.304379548991514481e-02	2.948514372588518020e-02	7.633521093778541933e-02
1.182834817238716823e+03	2.508821154500240347e-01	1.622303943978027629e-01	2.555204196492112390e-01	1.523931689690538605e-01	7.307867192570853543e-02	2.950657124149622806e-02	7.638865836651860530e-02
1.184286148302813444e+03	2.506752449612403844e-01	1.620968246028186566e-01	2.556685885494318633e-01	1.524758674111816592e-01	7.311348656873351004e-02	2.952797346088950267e-02	7.644201444551974867e-02
1.185737479366910065e+03	2.504687270372131236e-01	1.619634783870605721e-01	2.558165072817223940e-01	1.525584180401507728e-01	7.314823953767840559e-02	2.954935040096260887e-02	7.649527931502743405e-02
1.187188810431006686e+03	2.502625610751817997e-01	1.618303553756030577e-01	2.559641762662274167e-01	1.526408211380068380e-01	7.318293095095242118e-02	2.957070207865292524e-02	7.654845311519085926e-02
1.188640141495103080e+03	2.500567464734269052e-01	1.616974551941495475e-01	2.561115959223856375e-01	1.527230769861605275e-01	7.321756092668663118e-02	2.959202851093730921e-02	7.660153598606878056e-02
1.190091472559199701e+03	2.498512826312682678e-01	1.615647774690313898e-01	2.562587666689308818e-01	1.528051858653895201e-01	7.325212958273481789e-02	2.961332971483181947e-02	7.665452806762866611e-02
1.191542803623296322e+03	2.496461689490630242e-01	1.614323218272066818e-01	2.564056889238934822e-01	1.528871480558406659e-01	7.328663703667442908e-02	2.963460570739142805e-02	7.670742949974568292e-02
1.192994134687392716e+03	2.494414048282037610e-01	1.613000878962592977e-01	2.565523631046013886e-01	1.529689638370318738e-01	7.332108340580749395e-02	2.965585650570973578e-02	7.676024042220178090e-02
1.194445465751489564e+03	2.492369896711167931e-01	1.611680753043979175e-01	2.566987896276814451e-01	1.530506334878541652e-01	7.335546880716148355e-02	2.967708212691869823e-02	7.681296097468481854e-02
1.195896796815585958e+03	2.490329228812601936e-01	1.610362836804547781e-01	2.568449689090604449e-01	1.531321572865737279e-01	7.338979335749028221e-02	2.969828258818834471e-02	7.686559129678759150e-02
1.197348127879682352e+03	2.488292038631220726e-01	1.609047126538847572e-01	2.569909013639662954e-01	1.532135355108338315e-01	7.342405717327502024e-02	2.971945790672649371e-02	7.691813152800691666e-02
1.198799458943779200e+03	2.486258320222186347e-01	1.607733618547643462e-01	2.571365874069293511e-01	1.532947684376567699e-01	7.345826037072505921e-02	2.974060809977849273e-02	7.697058180774281333e-02
1.200250790007875821e+03	2.484228067650924854e-01	1.606422309137904847e-01	2.572820274517833572e-01	1.533758563434459155e-01	7.349240306577878301e-02	2.976173318462692341e-02	7.702294227529753179e-02
1.201702121071972442e+03	2.482201274993106055e-01	1.605113194622797002e-01	2.574272219116668370e-01	1.534567995039876898e-01	7.352648537410458318e-02	2.978283317859134124e-02	7.707521306987473453e-02
1.203153452136069063e+03	2.480177936334627686e-01	1.603806271321668309e-01	2.575721711990242024e-01	1.535375981944533397e-01	7.356050741110170543e-02	2.980390809902799115e-02	7.712739433057859417e-02
1.204604783200165684e+03	2.478158045771595985e-01	1.602501535560042489e-01	2.577168757256068643e-01	1.536182526894010747e-01	7.359446929190113784e-02	2.982495796332954377e-02	7.717948619641297470e-02
1.206056114264262078e+03	2.476141597410306816e-01	1.601198983669606668e-01	2.578613359024744534e-01	1.536987632627778710e-01	7.362837113136645739e-02	2.984598278892483178e-02	7.723148880628052937e-02
1.207507445328358699e+03	2.474128585367229016e-01	1.599898611988201380e-01	2.580055521399958751e-01	1.537791301879214423e-01	7.366221304409475978e-02	2.986698259327856195e-02	7.728340229898189584e-02
1.208958776392455093e+03	2.472119003768984968e-01	1.598600416859809470e-01	2.581495248478505866e-01	1.538593537375620712e-01	7.369599514441750598e-02	2.988795739389107226e-02	7.733522681321482184e-02
1.210410107456551941e+03	2.470112846752333946e-01	1.597304394634548041e-01	2.582932544350298176e-01	1.539394341838246361e-01	7.372971754640142428e-02	2.990890720829803701e-02	7.738696248757340190e-02
1.211861438520648335e+03	2.468110108464153518e-01	1.596010541668655136e-01	2.584367413098375699e-01	1.540193717982303867e-01	7.376338036384934294e-02	2.992983205407023437e-02	7.743860946054718919e-02
1.213312769584745183e+03	2.466110783061420675e-01	1.594718854324481960e-01	2.585799858798917272e-01	1.540991668516988045e-01	7.379698371030103676e-02	2.995073194881325146e-02	7.749016787052044608e-02
1.214764100648841804e+03	2.464114864711195174e-01	1.593429328970481507e-01	2.587229885521256101e-01	1.541788196145496281e-01	7.383052769903410140e-02	2.997160691016725192e-02	7.754163785577129764e-02
1.216215431712937971e+03	2.462122347590601501e-01	1.592141961981198006e-01	2.588657497327885304e-01	1.542583303565045194e-01	7.386401244306486924e-02	2.999245695580668447e-02	7.759301955447098220e-02
1.217666762777034819e+03	2.460133225886810271e-01	1.590856749737257492e-01	2.590082698274474016e-01	1.543376993466890612e-01	7.389743805514917274e-02	3.001328210344005390e-02	7.764431310468303260e-02
1.219118093841131440e+03	2.458147493797020466e-01	1.589573688625358083e-01	2.591505492409877931e-01	1.544169268536345341e-01	7.393080464778327421e-02	3.003408237080962967e-02	7.769551864436249899e-02
1.220569424905228061e+03	2.456165145528442784e-01	1.588292775038256943e-01	2.592925883776148743e-01	1.544960131452797203e-01	7.396411233320460132e-02	3.005485777569121345e-02	7.774663631135521336e-02
1.222020755969324682e+03	2.454186175298279926e-01	1.587014005374764447e-01	2.594343876408548022e-01	1.545749584889727912e-01	7.399736122339273248e-02	3.007560833589387889e-02	7.779766624339698455e-02
1.223472087033421303e+03	2.452210577333710784e-01	1.585737376039730306e-01	2.595759474335556649e-01	1.546537631514731115e-01	7.403055143007009065e-02	3.009633406925970797e-02	7.784860857811290447e-02
1.224923418097517697e+03	2.450238345871872392e-01	1.584462883444034964e-01	2.597172681578888698e-01	1.547324273989529875e-01	7.406368306470288709e-02	3.011703499366354814e-02	7.789946345301655695e-02
1.226374749161614318e+03	2.448269475159840780e-01	1.583190524004579880e-01	2.598583502153500868e-01	1.548109514969995271e-01	7.409675623850191239e-02	3.013771112701275207e-02	7.795023100550928230e-02
1.227826080225710712e+03	2.446303959454614874e-01	1.581920294144276706e-01	2.599991940067603591e-01	1.548893357106164159e-01	7.412977106242334135e-02	3.015836248724692442e-02	7.800091137287948340e-02
1.229277411289807560e+03	2.444341793023098452e-01	1.580652190292037296e-01	2.601397999322673238e-01	1.549675803042256383e-01	7.416272764716959343e-02	3.017898909233767898e-02	7.805150469230184851e-02
1.230728742353903954e+03	2.442382970142082388e-01	1.579386208882763987e-01	2.602801683913463782e-01	1.550456855416693647e-01	7.419562610319017926e-02	3.019959096028838885e-02	7.810201110083669906e-02
1.232180073418000802e+03	2.440427485098227989e-01	1.578122346357338779e-01	2.604202997828017896e-01	1.551236516862115888e-01	7.422846654068239458e-02	3.022016810913393664e-02	7.815243073542925412e-02
1.233631404482097196e+03	2.438475332188047850e-01	1.576860599162614451e-01	2.605601945047677503e-01	1.552014790005399880e-01	7.426124906959229166e-02	3.024072055694046815e-02	7.820276373290893646e-02
1.235082735546193817e+03	2.436526505717890034e-01	1.575600963751403738e-01	2.606998529547094878e-01	1.552791677467676157e-01	7.429397379961538705e-02	3.026124832180514951e-02	7.825301022998863709e-02
1.236534066610290438e+03	2.434581000003919471e-01	1.574343436582469336e-01	2.608392755294245968e-01	1.553567181864345947e-01	7.432664084019750816e-02	3.028175142185591737e-02	7.830317036326411850e-02
1.237985397674387059e+03	2.432638809372102140e-01	1.573088014120514744e-01	2.609784626250439277e-01	1.554341305805099493e-01	7.435925030053558427e-02	3.030222987525124298e-02	7.835324426921327912e-02
1.239436728738483680e+03	2.430699928158185363e-01	1.571834692836172609e-01	2.611174146370328075e-01	1.555114051893932425e-01	7.439180228957843755e-02	3.032268370017988934e-02	7.840323208419548717e-02
1.240888059802580301e+03	2.428764350707681985e-01	1.570583469205996674e-01	2.612561319601922061e-01	1.555885422729163248e-01	7.442429691602761577e-02	3.034311291486066833e-02	7.845313394445094235e-02
1.242339390866676695e+03	2.426832071375853717e-01	1.569334339712450677e-01	2.613946149886597903e-01	1.556655420903450826e-01	7.445673428833814167e-02	3.036351753754220478e-02	7.850294998609998187e-02
1.243790721930773088e+03	2.424903084527692820e-01	1.568087300843898357e-01	2.615328641159110346e-01	1.557424049003810484e-01	7.448911451471933176e-02	3.038389758650269015e-02	7.855268034514249764e-02
1.245242052994869937e+03	2.422977384537904066e-01	1.566842349094594855e-01	2.616708797347602755e-01	1.558191309611630937e-01	7.452143770313558735e-02	3.040425308004965355e-02	7.860232515745722848e-02
1.246693384058966330e+03	2.421054965790890023e-01	1.565599480964675050e-01	2.618086622373618777e-01	1.558957205302692883e-01	7.455370396130714394e-02	3.042458403651972232e-02	7.865188455880117724e-02
1.248144715123063179e+03	2.419135822680731074e-01	1.564358692960144959e-01	2.619462120152116213e-01	1.559721738647182609e-01	7.458591339671089004e-02	3.044489047427839309e-02	7.870135868480895858e-02
1.249596046187159800e+03	2.417219949611170982e-01	1.563119981592871743e-01	2.620835294591473130e-01	1.560484912209711417e-01	7.461806611658108879e-02	3.046517241171979237e-02	7.875074767099214668e-02
1.251047377251256421e+03	2.415307340995597740e-01	1.561883343380573164e-01	2.622206149593502289e-01	1.561246728549330887e-01	7.465016222791023837e-02	3.048542986726644755e-02	7.880005165273873402e-02
1.252498708315352815e+03	2.413397991257027475e-01	1.560648774846808140e-01	2.623574689053460030e-01	1.562007190219549813e-01	7.468220183744976592e-02	3.050566285936904404e-02	7.884927076531247914e-02
1.253950039379449436e+03	2.411491894828087512e-01	1.559416272520967595e-01	2.624940916860059037e-01	1.562766299768350020e-01	7.471418505171081859e-02	3.052587140650622061e-02	7.889840514385233761e-02
1.255401370443546057e+03	2.409589046150998615e-01	1.558185832938263626e-01	2.626304836895479999e-01	1.563524059738203853e-01	7.474611197696501286e-02	3.054605552718431261e-02	7.894745492337182369e-02
1.256852701507642678e+03	2.407689439677558330e-01	1.556957452639720352e-01	2.627666453035380489e-01	1.564280472666089161e-01	7.477798271924525342e-02	3.056621523993713688e-02	7.899642023875846908e-02
1.258304032571739299e+03	2.405793069869125167e-01	1.555731128172163913e-01	2.629025769148907732e-01	1.565035541083506787e-01	7.480979738434641313e-02	3.058635056332576277e-02	7.904530122477321230e-02
1.259755363635835920e+03	2.403899931196600004e-01	1.554506856088213318e-01	2.630382789098705820e-01	1.565789267516495553e-01	7.484155607782612407e-02	3.060646151593829703e-02	7.909409801604982970e-02
1.261206694699932314e+03	2.402010018140410541e-01	1.553284632946269617e-01	2.631737516740932925e-01	1.566541654485648916e-01	7.487325890500552694e-02	3.062654811638963748e-02	7.914281074709442199e-02
1.262658025764028707e+03	2.400123325190493262e-01	1.552064455310507018e-01	2.633089955925266845e-01	1.567292704506130785e-01	7.490490597096999270e-02	3.064661038332127524e-02	7.919143955228474807e-02
1.264109356828125556e+03	2.398239846846277612e-01	1.550846319750863456e-01	2.634440110494917775e-01	1.568042420087691624e-01	7.493649738056991361e-02	3.066664833540104843e-02	7.923998456586979489e-02
1.265560687892221949e+03	2.396359577616668790e-01	1.549630222843029481e-01	2.635787984286640517e-01	1.568790803734684547e-01	7.496803323842139710e-02	3.068666199132293396e-02	7.928844592196915286e-02
1.267012018956318798e+03	2.394482512020031650e-01	1.548416161168440497e-01	2.637133581130742810e-01	1.569537857946079751e-01	7.499951364890704297e-02	3.070665136980681859e-02	7.933682375457246083e-02
1.268463350020415419e+03	2.392608644584173216e-01	1.547204131314266207e-01	2.638476904851097538e-01	1.570283585215481725e-01	7.503093871617662336e-02	3.072661648959829767e-02	7.938511819753893417e-02
1.269914681084511813e+03	2.390737969846326305e-01	1.545994129873400347e-01	2.639817959265155500e-01	1.571027988031144240e-01	7.506230854414787379e-02	3.074655736946843229e-02	7.943332938459682357e-02
1.271366012148608434e+03	2.388870482353132596e-01	1.544786153444452637e-01	2.641156748183950409e-01	1.571771068875986166e-01	7.509362323650718707e-02	3.076647402821354807e-02	7.948145744934284607e-02
1.272817343212705055e+03	2.387006176660626255e-01	1.543580198631737677e-01	2.642493275412116649e-01	1.572512830227606739e-01	7.512488289671033492e-02	3.078636648465502348e-02	7.952950252524168540e-02
1.274268674276801676e+03	2.385145047334218393e-01	1.542376262045266067e-01	2.643827544747895386e-01	1.573253274558300829e-01	7.515608762798321740e-02	3.080623475763905397e-02	7.957746474562550631e-02
1.275720005340898297e+03	2.383287088948677912e-01	1.541174340300734968e-01	2.645159559983146225e-01	1.573992404335074480e-01	7.518723753332254289e-02	3.082607886603645764e-02	7.962534424369346886e-02
1.277171336404994690e+03	2.381432296088117906e-01	1.539974430019518115e-01	2.646489324903359419e-01	1.574730222019660730e-01	7.521833271549656363e-02	3.084589882874245667e-02	7.967314115251117324e-02
1.278622667469091539e+03	2.379580663345977620e-01	1.538776527828656648e-01	2.647816843287666422e-01	1.575466730068533494e-01	7.524937327704578349e-02	3.086569466467645878e-02	7.972085560501018797e-02
1.280073998533187932e+03	2.377732185325006631e-01	1.537580630360849687e-01	2.649142118908847654e-01	1.576201930932923934e-01	7.528035932028366572e-02	3.088546639278185596e-02	7.976848773398760584e-02
1.281525329597284326e+03	2.375886856637247080e-01	1.536386734254444331e-01	2.650465155533346939e-01	1.576935827058834894e-01	7.531129094729735463e-02	3.090521403202580591e-02	7.981603767210548872e-02
1.282976660661381175e+03	2.374044671904018966e-01	1.535194836153427056e-01	2.651785956921279275e-01	1.577668420887056444e-01	7.534216825994836941e-02	3.092493760139903083e-02	7.986350555189046518e-02
1.284427991725477568e+03	2.372205625755902658e-01	1.534004932707412894e-01	2.653104526826443599e-01	1.578399714853180313e-01	7.537299135987325649e-02	3.094463711991560576e-02	7.991089150573318922e-02
1.285879322789574417e+03	2.370369712832723630e-01	1.532817020571637101e-01	2.654420868996332783e-01	1.579129711387615154e-01	7.540376034848435272e-02	3.096431260661275386e-02	7.995819566588796556e-02
1.287330653853671038e+03	2.368536927783534973e-01	1.531631096406946280e-01	2.655734987172143069e-01	1.579858412915600974e-01	7.543447532697047930e-02	3.098396408055063486e-02	8.000541816447223620e-02
1.288781984917767431e+03	2.366707265266602134e-01	1.530447156879786996e-01	2.657046885088787391e-01	1.580585821857224404e-01	7.546513639629755243e-02	3.100359156081214373e-02	8.005255913346610852e-02
1.290233315981864052e+03	2.364880719949386256e-01	1.529265198662197733e-01	2.658356566474902039e-01	1.581311940627432577e-01	7.549574365720936042e-02	3.102319506650270953e-02	8.009961870471196677e-02
