1.301360187473271253e+03	2.354852862569629668e-01	1.513668390828821486e-01	2.604668365807263353e-01	1.618348978190504162e-01	7.640194098420369229e-02	3.200446585272478939e-02	8.243973342326046949e-02
1.306197957686926657e+03	2.348929571412573525e-01	1.509735611246220965e-01	2.608410266532750765e-01	1.620992890854697221e-01	7.651214576853615501e-02	3.207559745886079394e-02	8.260542276778960746e-02
1.311035727900581833e+03	2.343040297775002556e-01	1.505824355481182042e-01	2.612129721649851244e-01	1.623621898808408626e-01	7.662175607269949840e-02	3.214642926088832897e-02	8.277018729477854386e-02
1.315873498114237009e+03	2.337184845988242443e-01	1.501934505016306598e-01	2.615826883064836794e-01	1.626236082458240306e-01	7.673077462739473498e-02	3.221696185578082350e-02	8.293403186387265924e-02
1.320711268327892412e+03	2.331363021526673962e-01	1.498065941984084715e-01	2.619501901417988221e-01	1.628835521816551779e-01	7.683920416148669330e-02	3.228719585034274531e-02	8.309696131345151171e-02
1.325549038541547588e+03	2.325574631000765502e-01	1.494218549163408849e-01	2.623154926097222006e-01	1.631420296502981981e-01	7.694704740175550839e-02	3.235713186098193583e-02	8.325898046063552604e-02
1.330386808755202765e+03	2.319819482150149992e-01	1.490392209976103000e-01	2.626786105251541215e-01	1.633990485745960286e-01	7.705430707265410739e-02	3.242677051348563655e-02	8.342009410129554159e-02
1.335224578968857941e+03	2.314097383836749566e-01	1.486586808483472688e-01	2.630395585804310432e-01	1.636546168384207800e-01	7.716098589607157943e-02	3.249611244280012357e-02	8.358030701006502472e-02
1.340062349182513572e+03	2.308408146037945752e-01	1.482802229382868542e-01	2.633983513466351400e-01	1.639087422868230337e-01	7.726708659110233246e-02	3.256515829281390190e-02	8.373962394035490420e-02
1.344900119396168748e+03	2.302751579839796559e-01	1.479038358004271525e-01	2.637550032748873230e-01	1.641614327261804174e-01	7.737261187382084293e-02	3.263390871614441080e-02	8.389804962437087676e-02
1.349737889609823924e+03	2.297127497430296317e-01	1.475295080306893436e-01	2.641095286976231082e-01	1.644126959243453756e-01	7.747756445706206752e-02	3.270236437392819856e-02	8.405558877313296096e-02
1.354575659823479100e+03	2.291535712092684085e-01	1.471572282875792947e-01	2.644619418298516655e-01	1.646625396107921357e-01	7.758194705020714232e-02	3.277052593561447652e-02	8.421224607649749339e-02
1.359413430037134731e+03	2.285976038198793414e-01	1.467869852918512741e-01	2.648122567703987684e-01	1.649109714767634238e-01	7.768576235897460547e-02	3.283839407876207317e-02	8.436802620318110957e-02
1.364251200250789907e+03	2.280448291202447630e-01	1.464187678261731074e-01	2.651604875031332575e-01	1.651579991754163201e-01	7.778901308521672664e-02	3.290596948883961481e-02	8.452293380078686191e-02
1.369088970464445310e+03	2.274952287632900361e-01	1.460525647347930001e-01	2.655066478981775724e-01	1.654036303219676429e-01	7.789170192672102699e-02	3.297325285902902997e-02	8.467697349583223898e-02
1.373926740678100487e+03	2.269487845088318523e-01	1.456883649232083577e-01	2.658507517131029618e-01	1.656478724938390545e-01	7.799383157701685054e-02	3.304024489003221793e-02	8.483014989377926640e-02
1.378764510891755890e+03	2.264054782229306950e-01	1.453261573578358001e-01	2.661928125941085965e-01	1.658907332308015015e-01	7.809540472518691767e-02	3.310694628988090221e-02	8.498246757906613436e-02
1.383602281105411066e+03	2.258652918772479090e-01	1.449659310656833677e-01	2.665328440771858598e-01	1.661322200351194045e-01	7.819642405568365262e-02	3.317335777374955802e-02	8.513393111514072631e-02
1.388440051319066470e+03	2.253282075484067115e-01	1.446076751340241717e-01	2.668708595892674840e-01	1.663723403716945159e-01	7.829689224815034043e-02	3.323948006377141356e-02	8.528454504449581308e-02
1.393277821532721646e+03	2.247942074173577554e-01	1.442513787100716260e-01	2.672068724493616432e-01	1.666111016682092494e-01	7.839681197724700235e-02	3.330531388885746291e-02	8.543431388870575960e-02
1.398115591746377049e+03	2.242632737687485500e-01	1.438970310006562892e-01	2.675408958696715578e-01	1.668485113152700094e-01	7.849618591248076760e-02	3.337085998451847640e-02	8.558324214846479983e-02
1.402953361960032225e+03	2.237353889902972959e-01	1.435446212719047321e-01	2.678729429567010545e-01	1.670845766665500498e-01	7.859501671804075551e-02	3.343611909268989074e-02	8.573133430362671337e-02
1.407791132173687402e+03	2.232105355721706319e-01	1.431941388489195999e-01	2.682030267123451384e-01	1.673193050389320813e-01	7.869330705263741232e-02	3.350109196155960645e-02	8.587859481324601474e-02
1.412628902387342805e+03	2.226886961063656856e-01	1.428455731154616160e-01	2.685311600349672978e-01	1.675527037126507690e-01	7.879105956934617794e-02	3.356577934539860947e-02	8.602502811562028062e-02
1.417466672600997981e+03	2.221698532860960640e-01	1.424989135136329466e-01	2.688573557204628206e-01	1.677847799314348687e-01	7.888827691545537146e-02	3.363018200439438915e-02	8.617063862833398979e-02
1.422304442814653157e+03	2.216539899051818141e-01	1.421541495435624525e-01	2.691816264633080658e-01	1.680155409026492797e-01	7.898496173231824014e-02	3.369430070448711789e-02	8.631543074830343165e-02
1.427142213028308333e+03	2.211410888574435740e-01	1.418112707630923564e-01	2.695039848575970232e-01	1.682449937974369036e-01	7.908111665520911604e-02	3.375813621720851615e-02	8.645940885182286373e-02
1.431979983241963964e+03	2.206311331361005545e-01	1.414702667874666031e-01	2.698244433980641066e-01	1.684731457508603369e-01	7.917674431318354189e-02	3.382168931952340973e-02	8.660257729461177945e-02
1.436817753455619140e+03	2.201241058331722678e-01	1.411311272890207469e-01	2.701430144810944012e-01	1.687000038620432851e-01	7.927184732894236585e-02	3.388496079367390307e-02	8.674494041186327220e-02
1.441655523669274316e+03	2.196199901388847242e-01	1.407938419968735311e-01	2.704597104057208101e-01	1.689255751943119777e-01	7.936642831869968051e-02	3.394795142702614066e-02	8.688650251829339866e-02
1.446493293882929493e+03	2.191187693410798498e-01	1.404584006966198562e-01	2.707745433746082120e-01	1.691498667753364715e-01	7.946048989205450885e-02	3.401066201191964289e-02	8.702726790819163838e-02
1.451331064096585123e+03	2.186204268246292604e-01	1.401247932300256072e-01	2.710875254950261271e-01	1.693728855972716496e-01	7.955403465186620948e-02	3.407309334551909125e-02	8.716724085547218615e-02
1.456168834310240300e+03	2.181249460708514498e-01	1.397930094947238133e-01	2.713986687798082831e-01	1.695946386168982745e-01	7.964706519413347618e-02	3.413524622966865318e-02	8.730642561372628507e-02
1.461006604523895703e+03	2.176323106569331145e-01	1.394630394439123622e-01	2.717079851482998576e-01	1.698151327557637646e-01	7.973958410787704287e-02	3.419712147074871478e-02	8.744482641627530917e-02
1.465844374737550879e+03	2.171425042553540574e-01	1.391348730860535177e-01	2.720154864272941175e-01	1.700343749003230265e-01	7.983159397502567756e-02	3.425871987953498649e-02	8.758244747622481730e-02
1.470682144951206283e+03	2.166555106333158398e-01	1.388085004845745485e-01	2.723211843519556807e-01	1.702523719020789805e-01	7.992309737030575678e-02	3.432004227106001670e-02	8.771929298651937046e-02
1.475519915164861459e+03	2.161713136521740686e-01	1.384839117575704937e-01	2.726250905667331748e-01	1.704691305777232824e-01	8.001409686113405972e-02	3.438108946447700209e-02	8.785536711999809845e-02
1.480357685378516862e+03	2.156898972668745418e-01	1.381610970775078717e-01	2.729272166262603494e-01	1.706846577092764605e-01	8.010459500751400397e-02	3.444186228292590163e-02	8.799067402945104366e-02
1.485195455592172038e+03	2.152112455253928636e-01	1.378400466709301941e-01	2.732275739962456429e-01	1.708989600442284706e-01	8.019459436193501767e-02	3.450236155340179189e-02	8.812521784767621269e-02
1.490033225805827215e+03	2.147353425681777783e-01	1.375207508181650884e-01	2.735261740543508679e-01	1.711120442956787224e-01	8.028409746927500645e-02	3.456258810662547060e-02	8.825900268753732181e-02
1.494870996019482618e+03	2.142621726275980576e-01	1.372031998530326702e-01	2.738230280910587400e-01	1.713239171424762730e-01	8.037310686670606774e-02	3.462254277691621113e-02	8.839203264202222243e-02
1.499708766233137567e+03	2.137917200273929119e-01	1.368873841625555809e-01	2.741181473105300803e-01	1.715345852293598261e-01	8.046162508360318877e-02	3.468222640206670981e-02	8.852431178430193726e-02
1.504546536446793198e+03	2.133239691821260664e-01	1.365732941866705796e-01	2.744115428314498617e-01	1.717440551670975646e-01	8.054965464145578957e-02	3.474163982322013566e-02	8.865584416779018206e-02
1.509384306660448374e+03	2.128589045966432780e-01	1.362609204179414946e-01	2.747032256878630396e-01	1.719523335326268998e-01	8.063719805378241623e-02	3.480078388474926177e-02	8.878663382620376188e-02
1.514222076874103550e+03	2.123965108655331835e-01	1.359502534012736741e-01	2.749932068300001142e-01	1.721594268691941376e-01	8.072425782604808475e-02	3.485965943413768531e-02	8.891668477362321688e-02
1.519059847087758726e+03	2.119367726725919499e-01	1.356412837336299915e-01	2.752814971250922560e-01	1.723653416864940890e-01	8.081083645558456707e-02	3.491826732186305293e-02	8.904600100455417611e-02
1.523897617301414357e+03	2.114796747902910612e-01	1.353340020637482655e-01	2.755681073581765506e-01	1.725700844608094309e-01	8.089693643151329994e-02	3.497660840128226367e-02	8.917458649398916914e-02
1.528735387515069533e+03	2.110252020792485195e-01	1.350283990918601518e-01	2.758530482328915845e-01	1.727736616351499832e-01	8.098256023467112485e-02	3.503468352851868417e-02	8.930244519746990961e-02
1.533573157728724709e+03	2.105733394877037368e-01	1.347244655694115889e-01	2.761363303722628171e-01	1.729760796193918482e-01	8.106771033753852607e-02	3.509249356235128597e-02	8.942958105115011991e-02
1.538410927942380113e+03	2.101240720509953974e-01	1.344221922987843820e-01	2.764179643194786262e-01	1.731773447904165764e-01	8.115238920417056079e-02	3.515003936410564939e-02	8.955599797185870292e-02
1.543248698156035516e+03	2.096773848910428728e-01	1.341215701330196464e-01	2.766979605386568619e-01	1.733774634922499169e-01	8.123659929013020420e-02	3.520732179754691021e-02	8.968169985716339943e-02
1.548086468369690692e+03	2.092332632158309669e-01	1.338225899755424997e-01	2.769763294156020184e-01	1.735764420362006510e-01	8.132034304242434508e-02	3.526434172877448286e-02	8.980669058543484795e-02
1.552924238583346096e+03	2.087916923188977980e-01	1.335252427798880315e-01	2.772530812585530802e-01	1.737742867009992032e-01	8.140362289944196028e-02	3.532110002611869165e-02	8.993097401591101936e-02
1.557762008797001272e+03	2.083526575788260671e-01	1.332295195494289097e-01	2.775282262989224868e-01	1.739710037329361414e-01	8.148644129089493982e-02	3.537759756003910211e-02	9.005455398876203998e-02
1.562599779010656675e+03	2.079161444587374619e-01	1.329354113371044033e-01	2.778017746920262154e-01	1.741665993460004558e-01	8.156880063776106304e-02	3.543383520302471196e-02	9.017743432515536173e-02
1.567437549224311852e+03	2.074821385057904477e-01	1.326429092451507363e-01	2.780737365178044818e-01	1.743610797220176700e-01	8.165070335222926468e-02	3.548981382949577962e-02	9.029961882732125134e-02
1.572275319437967255e+03	2.070506253506809446e-01	1.323520044248327476e-01	2.783441217815346147e-01	1.745544510107879255e-01	8.173215183764723224e-02	3.554553431570747074e-02	9.042111127861868214e-02
1.577113089651622431e+03	2.066215907071465296e-01	1.320626880761771871e-01	2.786129404145344934e-01	1.747467193302237876e-01	8.181314848847109911e-02	3.560099753965511454e-02	9.054191544360137844e-02
1.581950859865277607e+03	2.061950203714735252e-01	1.317749514477072892e-01	2.788802022748582132e-01	1.749378907664877469e-01	8.189369569021734407e-02	3.565620438098116712e-02	9.066203506808431789e-02
1.586788630078933011e+03	2.057709002220072525e-01	1.314887858361785955e-01	2.791459171479828694e-01	1.751279713741298871e-01	8.197379581941674487e-02	3.571115572088376378e-02	9.078147387921042810e-02
1.591626400292587959e+03	2.053492162186655590e-01	1.312041825863164424e-01	2.794100947474876806e-01	1.753169671762250803e-01	8.205345124357038555e-02	3.576585244202693664e-02	9.090023558551750538e-02
1.596464170506243590e+03	2.049299544024551223e-01	1.309211330905545867e-01	2.796727447157242308e-01	1.755048841645100444e-01	8.213266432110773174e-02	3.582029542845237974e-02	9.101832387700548033e-02
1.601301940719898766e+03	2.045131008949910567e-01	1.306396287887752750e-01	2.799338766244797161e-01	1.756917282995202889e-01	8.221143740134659317e-02	3.587448556549279605e-02	9.113574242520387780e-02
1.606139710933553943e+03	2.040986418980194339e-01	1.303596611680506723e-01	2.801934999756313660e-01	1.758775055107267560e-01	8.228977282445511243e-02	3.592842373968677117e-02	9.125249488323941560e-02
1.610977481147209119e+03	2.036865636929428569e-01	1.300812217623857348e-01	2.804516242017938144e-01	1.760622216966723774e-01	8.236767292141550234e-02	3.598211083869517352e-02	9.136858488590399174e-02
1.615815251360864750e+03	2.032768526403490317e-01	1.298043021524623031e-01	2.807082586669583657e-01	1.762458827251082161e-01	8.244514001398979552e-02	3.603554775121903253e-02	9.148401604972268564e-02
1.620653021574519926e+03	2.028694951795421975e-01	1.295288939653844451e-01	2.809634126671248788e-01	1.764284944331296900e-01	8.252217641468728715e-02	3.608873536691890871e-02	9.159879197302206455e-02
1.625490791788175102e+03	2.024644778280776103e-01	1.292549888744254361e-01	2.812170954309261561e-01	1.766100626273122143e-01	8.259878442673376786e-02	3.614167457633565839e-02	9.171291623599861498e-02
1.630328562001830505e+03	2.020617871812989130e-01	1.289825785987759044e-01	2.814693161202451166e-01	1.767905930838469530e-01	8.267496634404250533e-02	3.619436627081271118e-02	9.182639240078734055e-02
1.635166332215485909e+03	2.016614099118785031e-01	1.287116549032931712e-01	2.817200838308244748e-01	1.769700915486761006e-01	8.275072445118696052e-02	3.624681134241965891e-02	9.193922401153052648e-02
1.640004102429141085e+03	2.012633327693606478e-01	1.284422095982521439e-01	2.819694075928696475e-01	1.771485637376279954e-01	8.282606102337505827e-02	3.629901068387730162e-02	9.205141459444662888e-02
1.644841872642796488e+03	2.008675425797074310e-01	1.281742345390973759e-01	2.822172963716440552e-01	1.773260153365520120e-01	8.290097832642517872e-02	3.635096518848395658e-02	9.216296765789931678e-02
1.649679642856451665e+03	2.004740262448477528e-01	1.279077216261965133e-01	2.824637590680582067e-01	1.775024520014532314e-01	8.297547861674366143e-02	3.640267575004324518e-02	9.227388669246661124e-02
1.654517413070107068e+03	2.000827707422289103e-01	1.276426628045948530e-01	2.827088045192515109e-01	1.776778793586267224e-01	8.304956414130394704e-02	3.645414326279308032e-02	9.238417517101013554e-02
1.659355183283762244e+03	1.996937631243711764e-01	1.273790500637714540e-01	2.829524414991670955e-01	1.778523030047917675e-01	8.312323713762717614e-02	3.650536862133598598e-02	9.249383654874451799e-02
1.664192953497417420e+03	1.993069905184249591e-01	1.271168754373964149e-01	2.831946787191204629e-01	1.780257285072255335e-01	8.319649983376423141e-02	3.655635272057072838e-02	9.260287426330680860e-02
1.669030723711072824e+03	1.989224401257309871e-01	1.268561310030893730e-01	2.834355248283614293e-01	1.781981614038968265e-01	8.326935444827937571e-02	3.660709645562515435e-02	9.271129173482600683e-02
1.673868493924728000e+03	1.985400992213830207e-01	1.265968088821793902e-01	2.836749884146292922e-01	1.783696072035992342e-01	8.334180319023513916e-02	3.665760072179032741e-02	9.281909236599272806e-02
1.678706264138383403e+03	1.981599551537932546e-01	1.263389012394660338e-01	2.839130780047022240e-01	1.785400713860841870e-01	8.341384825917878831e-02	3.670786641445584336e-02	9.292627954212884234e-02
1.683544034352038352e+03	1.977819953442606637e-01	1.260824002829817048e-01	2.841498020649396716e-01	1.787095594021937128e-01	8.348549184512990551e-02	3.675789442904634635e-02	9.303285663125721028e-02
1.688381804565693983e+03	1.974062072865418183e-01	1.258272982637552995e-01	2.843851690018190381e-01	1.788780766739928030e-01	8.355673612856956423e-02	3.680768566095925926e-02	9.313882698417150219e-02
1.693219574779349159e+03	1.970325785464244472e-01	1.255735874755770642e-01	2.846191871624658143e-01	1.790456285949016402e-01	8.362758328043058687e-02	3.685724100550363119e-02	9.324419393450600335e-02
1.698057344993004335e+03	1.966610967613037220e-01	1.253212602547647825e-01	2.848518648351783811e-01	1.792122205298273818e-01	8.369803546208921807e-02	3.690656135784021324e-02	9.334896079880548869e-02
1.702895115206659511e+03	1.962917496397609818e-01	1.250703089799309609e-01	2.850832102499459841e-01	1.793778578152956105e-01	8.376809482535793605e-02	3.695564761292258193e-02	9.345313087659511131e-02
1.707732885420315142e+03	1.959245249611452078e-01	1.248207260717515699e-01	2.853132315789612683e-01	1.795425457595817564e-01	8.383776351247958225e-02	3.700450066543939376e-02	9.355670745045030490e-02
1.712570655633970318e+03	1.955594105751571332e-01	1.245725039927357974e-01	2.855419369371272609e-01	1.797062896428418266e-01	8.390704365612253190e-02	3.705312140975779156e-02	9.365969378606675555e-02
1.717408425847625494e+03	1.951963944014357966e-01	1.243256352469970655e-01	2.857693343825579713e-01	1.798690947172431054e-01	8.397593737937718295e-02	3.710151073986780318e-02	9.376209313233023479e-02
1.722246196061280898e+03	1.948354644291476478e-01	1.240801123800253231e-01	2.859954319170739945e-01	1.800309662070942729e-01	8.404444679575343025e-02	3.714966954932787113e-02	9.386390872138662689e-02
1.727083966274936301e+03	1.944766087165783475e-01	1.238359279784604777e-01	2.862202374866921750e-01	1.801919093089755508e-01	8.411257400917937499e-02	3.719759873121138843e-02	9.396514376871178964e-02
1.731921736488591478e+03	1.941198153907270629e-01	1.235930746698670341e-01	2.864437589821099417e-01	1.803519291918681822e-01	8.418032111400100548e-02	3.724529917805429607e-02	9.406580147318151230e-02
1.736759506702246881e+03	1.937650726469030693e-01	1.233515451225100229e-01	2.866660042391840912e-01	1.805110309972837723e-01	8.424769019498301592e-02	3.729277178180367275e-02	9.416588501714136250e-02
1.741597276915902057e+03	1.934123687483250142e-01	1.231113320451319298e-01	2.868869810394045206e-01	1.806692198393931303e-01	8.431468332731054116e-02	3.734001743376730992e-02	9.426539756647656088e-02
1.746435047129557461e+03	1.930616920257226254e-01	1.228724281867310947e-01	2.871066971103621301e-01	1.808265008051549994e-01	8.438130257659208489e-02	3.738703702456429301e-02	9.436434227068177250e-02
1.751272817343212637e+03	1.927130308769408884e-01	1.226348263363409574e-01	2.873251601262121202e-01	1.809828789544442318e-01	8.444754999886321112e-02	3.743383144407655405e-02	9.446272226293102314e-02
1.756110587556867813e+03	1.923663737665465279e-01	1.223985193228108032e-01	2.875423777081319576e-01	1.811383593201797426e-01	8.451342764059134594e-02	3.748040158140133332e-02	9.456054066014726867e-02
1.760948357770523216e+03	1.920217092254371538e-01	1.221635000145874367e-01	2.877583574247740694e-01	1.812929469084519907e-01	8.457893753868145348e-02	3.752674832480465406e-02	9.465780056307222801e-02
1.765786127984178393e+03	1.916790258504526001e-01	1.219297613194980645e-01	2.879731067927137067e-01	1.814466466986502380e-01	8.464408172048265566e-02	3.757287256167565065e-02	9.475450505633598031e-02
1.770623898197833569e+03	1.913383123039886780e-01	1.216972961845344953e-01	2.881866332768922012e-01	1.815994636435893927e-01	8.470886220379568454e-02	3.761877517848182667e-02	9.485065720852656201e-02
1.775461668411488745e+03	1.909995573136133995e-01	1.214660975956382560e-01	2.883989442910546708e-01	1.817514026696364637e-01	8.477328099688130614e-02	3.766445706072522881e-02	9.494626007225946684e-02
1.780299438625144376e+03	1.906627496716854497e-01	1.212361585774870965e-01	2.886100471981835058e-01	1.819024686768366261e-01	8.483734009846943813e-02	3.770991909289948124e-02	9.504131668424713186e-02
1.785137208838799552e+03	1.903278782349751008e-01	1.210074721932823533e-01	2.888199493109270266e-01	1.820526665390390375e-01	8.490104149776926679e-02	3.775516215844767348e-02	9.513583006536828479e-02
1.789974979052454728e+03	1.899949319242873191e-01	1.207800315445377581e-01	2.890286578920230331e-01	1.822020011040221821e-01	8.496438717448005773e-02	3.780018713972114336e-02	9.522980322073722192e-02
1.794812749266109904e+03	1.896638997240873148e-01	1.205538297708690781e-01	2.892361801547185252e-01	1.823504771936188540e-01	8.502737909880275780e-02	3.784499491793907183e-02	9.532323913977312768e-02
1.799650519479765535e+03	1.893347706821282839e-01	1.203288600497851579e-01	2.894425232631840927e-01	1.824980996038408354e-01	8.509001923145241564e-02	3.788958637314888966e-02	9.541614079626904721e-02
1.804488289693420711e+03	1.890075339090814821e-01	1.201051155964798361e-01	2.896476943329244214e-01	1.826448731050031027e-01	8.515230952367133788e-02	3.793396238418754451e-02	9.550851114846103940e-02
1.809326059907075887e+03	1.886821785781684913e-01	1.198825896636251526e-01	2.898517004311840228e-01	1.827908024418475885e-01	8.521425191724289749e-02	3.797812382864354519e-02	9.560035313909708010e-02
1.814163830120731291e+03	1.883586939247958447e-01	1.196612755411655543e-01	2.900545485773486920e-01	1.829358923336668608e-01	8.527584834450616103e-02	3.802207158281976224e-02	9.569166969550585433e-02
1.819001600334386467e+03	1.880370692461917348e-01	1.194411665561132679e-01	2.902562457433428555e-01	1.830801474744270241e-01	8.533710072837118188e-02	3.806580652169708201e-02	9.578246372966557620e-02
1.823839370548041643e+03	1.877172939010451624e-01	1.192222560723447677e-01	2.904567988540222023e-01	1.832235725328904830e-01	8.539801098233484877e-02	3.810932951889871995e-02	9.587273813827250357e-02
1.828677140761696819e+03	1.873993573091469189e-01	1.190045374903982434e-01	2.906562147875626501e-01	1.833661721527382882e-01	8.545858101049758071e-02	3.815264144665542201e-02	9.596249580280957758e-02
1.833514910975352450e+03	1.870832489510332042e-01	1.187880042472722608e-01	2.908545003758447045e-01	1.835079509526919839e-01	8.551881270758053544e-02	3.819574317577128370e-02	9.605173958961468750e-02
1.838352681189008081e+03	1.867689583676310217e-01	1.185726498162254644e-01	2.910516624048341550e-01	1.836489135266351491e-01	8.557870795894341465e-02	3.823863557559034621e-02	9.614047234994906044e-02
1.843190451402663257e+03	1.864564751599059322e-01	1.183584677065773610e-01	2.912477076149585509e-01	1.837890644437344678e-01	8.563826864060304633e-02	3.828131951396393506e-02	9.622869692006530418e-02
1.848028221616318433e+03	1.861457889885118899e-01	1.181454514635101316e-01	2.914426427014794041e-01	1.839284082485605765e-01	8.569749661925230022e-02	3.832379585721867876e-02	9.631641612127550545e-02
1.852865991829973609e+03	1.858368895734433535e-01	1.179335946678715802e-01	2.916364743148610605e-01	1.840669494612082457e-01	8.575639375227982197e-02	3.836606547012520740e-02	9.640363276001912007e-02
1.857703762043628785e+03	1.855297666936892576e-01	1.177228909359790965e-01	2.918292090611352418e-01	1.842046925774162847e-01	8.581496188779016987e-02	3.840812921586757994e-02	9.649034962793069659e-02
1.862541532257283961e+03	1.852244101868892046e-01	1.175133339194246312e-01	2.920208535022618679e-01	1.843416420686871393e-01	8.587320286462456209e-02	3.844998795601332897e-02	9.657656950190751655e-02
1.867379302470939592e+03	1.849208099489918489e-01	1.173049173048808236e-01	2.922114141564862710e-01	1.844778023824059365e-01	8.593111851238208199e-02	3.849164255048424799e-02	9.666229514417708224e-02
1.872217072684594768e+03	1.846189559339151409e-01	1.170976348139080581e-01	2.924008974986923026e-01	1.846131779419590557e-01	8.598871065144152170e-02	3.853309385752773375e-02	9.674752930236446558e-02
1.877054842898249490e+03	1.843188381532087916e-01	1.168914802027627015e-01	2.925893099607522196e-01	1.847477731468526452e-01	8.604598109298358666e-02	3.857434273368885030e-02	9.683227470955947658e-02
1.881892613111905121e+03	1.840204466757187074e-01	1.166864472622061999e-01	2.927766579318726858e-01	1.848815923728302502e-01	8.610293163901366897e-02	3.861539003378299667e-02	9.691653408438376249e-02
1.886730383325560297e+03	1.837237716272534516e-01	1.164825298173153417e-01	2.929629477589371644e-01	1.850146399719903578e-01	8.615956408238509279e-02	3.865623661086919211e-02	9.700031013105764321e-02
1.891568153539215928e+03	1.834288031902528704e-01	1.162797217272934225e-01	2.931481857468448693e-01	1.851469202729034980e-01	8.621588020682270648e-02	3.869688331622397198e-02	9.708360553946687732e-02
1.896405923752871104e+03	1.831355316034584402e-01	1.160780168852826033e-01	2.933323781588462187e-01	1.852784375807286499e-01	8.627188178694709941e-02	3.873733099931590124e-02	9.716642298522926158e-02
1.901243693966526507e+03	1.828439471615858347e-01	1.158774092181770882e-01	2.935155312168747366e-01	1.854091961773296493e-01	8.632757058829908237e-02	3.877758050778067761e-02	9.724876512976103615e-02
1.906081464180181683e+03	1.825540402149994357e-01	1.156778926864374252e-01	2.936976511018756786e-01	1.855392003213908181e-01	8.638294836736468141e-02	3.881763268739681777e-02	9.733063462034315105e-02
1.910919234393836859e+03	1.822658011693886748e-01	1.154794612839057794e-01	2.938787439541313273e-01	1.856684542485323997e-01	8.643801687160052039e-02	3.885748838206188466e-02	9.741203409018739379e-02
1.915757004607492036e+03	1.819792204854465412e-01	1.152821090376221630e-01	2.940588158735826241e-01	1.857969621714254671e-01	8.649277783945953646e-02	3.889714843376933934e-02	9.749296615850228109e-02
1.920594774821147894e+03	1.816942886785497813e-01	1.150858300076417484e-01	2.942378729201480247e-01	1.859247282799064149e-01	8.654723300041718137e-02	3.893661368258594102e-02	9.757343343055885354e-02
1.925432545034802843e+03	1.814109963184413477e-01	1.148906182868530551e-01	2.944159211140388588e-01	1.860517567410910067e-01	8.660138407499785862e-02	3.897588496662961893e-02	9.765343849775626195e-02
1.930270315248458019e+03	1.811293340289142906e-01	1.146964680007972470e-01	2.945929664360713574e-01	1.861780516994880896e-01	8.665523277480190190e-02	3.901496312204798256e-02	9.773298393768715953e-02
1.935108085462113195e+03	1.808492924874980368e-01	1.145033733074882626e-01	2.947690148279757949e-01	1.863036172771128929e-01	8.670878080253265063e-02	3.905384898299729679e-02	9.781207231420299686e-02
1.939945855675768371e+03	1.805708624251463335e-01	1.143113283972340410e-01	2.949440721927025777e-01	1.864284575735996874e-01	8.676202985202413620e-02	3.909254338162201914e-02	9.789070617747905323e-02
1.944783625889424002e+03	1.802940346259270243e-01	1.141203274924586647e-01	2.951181443947248906e-01	1.865525766663142238e-01	8.681498160826886523e-02	3.913104714803481571e-02	9.796888806407937078e-02
1.949621396103079178e+03	1.800187999267137129e-01	1.139303648475254171e-01	2.952912372603384572e-01	1.866759786104657259e-01	8.686763774744600541e-02	3.916936111029710454e-02	9.804662049702139726e-02
1.954459166316734354e+03	1.797451492168793963e-01	1.137414347485608823e-01	2.954633565779586357e-01	1.867986674392183299e-01	8.691999993694989046e-02	3.920748609440008470e-02	9.812390598584054546e-02
1.959296936530389530e+03	1.794730734379918480e-01	1.135535315132799455e-01	2.956345080984140172e-01	1.869206471638022726e-01	8.697206983541881653e-02	3.924542292424628570e-02	9.820074702665457234e-02
1.964134706744044706e+03	1.792025635835107489e-01	1.133666494908117384e-01	2.958046975352374708e-01	1.870419217736244977e-01	8.702384909276407454e-02	3.928317242163153339e-02	9.827714610222765268e-02
1.968972476957700337e+03	1.789336106984868446e-01	1.131807830615265964e-01	2.959739305649543573e-01	1.871624952363788175e-01	8.707533935019927396e-02	3.932073540622745000e-02	9.835310568203438353e-02
1.973810247171355968e+03	1.786662058792626850e-01	1.129959266368638082e-01	2.961422128273673016e-01	1.872823714981559085e-01	8.712654224026999961e-02	3.935811269556439146e-02	9.842862822232360809e-02
1.978648017385010689e+03	1.784003402731753063e-01	1.128120746591604467e-01	2.963095499258390775e-01	1.874015544835525016e-01	8.717745938688355178e-02	3.939530510501487726e-02	9.850371616618193438e-02
1.983485787598666320e+03	1.781360050782606341e-01	1.126292216014810887e-01	2.964759474275719398e-01	1.875200480957802951e-01	8.722809240533910269e-02	3.943231344777739511e-02	9.857837194359717059e-02
1.988323557812321269e+03	1.778731915429596633e-01	1.124473619674483671e-01	2.966414108638846248e-01	1.876378562167746733e-01	8.727844290235806102e-02	3.946913853486074680e-02	9.865259797152145516e-02
1.993161328025976900e+03	1.776118909658263578e-01	1.122664902910745638e-01	2.968059457304864646e-01	1.877549827073025646e-01	8.732851247611449208e-02	3.950578117506873405e-02	9.872639665393435904e-02
1.997999098239632076e+03	1.773520946952374389e-01	1.120866011365940634e-01	2.969695574877488364e-01	1.878714314070701885e-01	8.737830271626605139e-02	3.954224217498537863e-02	9.879977038190562721e-02
2.002836868453287707e+03	1.770937941291036710e-01	1.119076890982966671e-01	2.971322515609739479e-01	1.879872061348302481e-01	8.742781520398482109e-02	3.957852233896046873e-02	9.887272153365776750e-02
2.007674638666942428e+03	1.768369807145830919e-01	1.117297488003619332e-01	2.972940333406612345e-01	1.881023106884886498e-01	8.747705151198853502e-02	3.961462246909556312e-02	9.894525247462852835e-02
2.012512408880597604e+03	1.765816459477959621e-01	1.115527748966942817e-01	2.974549081827709829e-01	1.882167488452108628e-01	8.752601320457198408e-02	3.965054336523040485e-02	9.901736555753304359e-02
2.017350179094252780e+03	1.763277813735411037e-01	1.113767620707590972e-01	2.976148814089852879e-01	1.883305243615279179e-01	8.757470183763847726e-02	3.968628582492974427e-02	9.908906312242587999e-02
2.022187949307908411e+03	1.760753785850142916e-01	1.112017050354196512e-01	2.977739583069667906e-01	1.884436409734417117e-01	8.762311895873167722e-02	3.972185064347054373e-02	9.916034749676279347e-02
2.027025719521564042e+03	1.758244292235282280e-01	1.110275985327749543e-01	2.979321441306146956e-01	1.885561023965302285e-01	8.767126610706740819e-02	3.975723861382956387e-02	9.923122099546234642e-02
2.031863489735218764e+03	1.755749249782340704e-01	1.108544373339984818e-01	2.980894441003185125e-01	1.886679123260520119e-01	8.771914481356572757e-02	3.979245052667133853e-02	9.930168592096734470e-02
2.036701259948874394e+03	1.753268575858447087e-01	1.106822162391777747e-01	2.982458634032090772e-01	1.887790744370503315e-01	8.776675660088316400e-02	3.982748717033655211e-02	9.937174456330595540e-02
2.041539030162529116e+03	1.750802188303596796e-01	1.105109300771548453e-01	2.984014071934075196e-01	1.888895923844570446e-01	8.781410298344503873e-02	3.986234933083074999e-02	9.944139920015267198e-02
2.046376800376184747e+03	1.748350005427917186e-01	1.103405737053675950e-01	2.985560805922717886e-01	1.889994698031958187e-01	8.786118546747800906e-02	3.989703779181342364e-02	9.951065209688918223e-02
2.051214570589840150e+03	1.745911946008949778e-01	1.101711420096919830e-01	2.987098886886406235e-01	1.891087103082849941e-01	8.790800555104263947e-02	3.993155333458747736e-02	9.957950550666481992e-02
2.056052340803495554e+03	1.743487929288946581e-01	1.100026299042850403e-01	2.988628365390755826e-01	1.892173174949400016e-01	8.795456472406616710e-02	3.996589673808900733e-02	9.964796167045698871e-02
2.060890111017150957e+03	1.741077874972187245e-01	1.098350323314288418e-01	2.990149291681002408e-01	1.893252949386754480e-01	8.800086446837539211e-02	4.000006877887745532e-02	9.971602281713128069e-02
2.065727881230805451e+03	1.738681703222305641e-01	1.096683442613752418e-01	2.991661715684377776e-01	1.894326461954066454e-01	8.804690625772962354e-02	4.003407023112610930e-02	9.978369116350135903e-02
2.070565651444461309e+03	1.736299334659638094e-01	1.095025606921914557e-01	2.993165687012458442e-01	1.895393748015508084e-01	8.809269155785380556e-02	4.006790186661290248e-02	9.985096891438874356e-02
2.075403421658116713e+03	1.733930690358583548e-01	1.093376766496065577e-01	2.994661254963492669e-01	1.896454842741276126e-01	8.813822182647169934e-02	4.010156445471157322e-02	9.991785826268224924e-02
2.080241191871772116e+03	1.731575691844981224e-01	1.091736871868587144e-01	2.996148468524711950e-01	1.897509781108596694e-01	8.818349851333912026e-02	4.013505876238314396e-02	9.998436138939734152e-02
2.085078962085427065e+03	1.729234261093504366e-01	1.090105873845432782e-01	2.997627376374611408e-01	1.898558597902722245e-01	8.822852306027738345e-02	4.016838555416771261e-02	1.000504804637351308e-01
2.089916732299082469e+03	1.726906320525067595e-01	1.088483723504618250e-01	2.999098026885215207e-01	1.899601327717926891e-01	8.827329690120667982e-02	4.020154559217654910e-02	1.001162176431412837e-01
2.094754502512737417e+03	1.724591793004250362e-01	1.086870372194718298e-01	3.000560468124320312e-01	1.900638004958494776e-01	8.831782146217966034e-02	4.023453963608451811e-02	1.001815750733646704e-01
2.099592272726392821e+03	1.722290601836736212e-01	1.085265771533372864e-01	3.002014747857719712e-01	1.901668663839707618e-01	8.836209816141497864e-02	4.026736844312279323e-02	1.002465548885157487e-01
2.104430042940048224e+03	1.720002670766768715e-01	1.083669873405800899e-01	3.003460913551400657e-01	1.902693338388824484e-01	8.840612840933101402e-02	4.030003276807187645e-02	1.003111592111248090e-01
2.109267813153704083e+03	1.717727923974617377e-01	1.082082629963322801e-01	3.004899012373728473e-01	1.903712062446059339e-01	8.844991360857956675e-02	4.033253336325488825e-02	1.003753901521999420e-01
2.114105583367359031e+03	1.715466286074064095e-01	1.080503993621890202e-01	3.006329091197607606e-01	1.904724869665553599e-01	8.849345515407960883e-02	4.036487097853117684e-02	1.004392498112848253e-01
2.118943353581013525e+03	1.713217682109901274e-01	1.078933917060624081e-01	3.007751196602624355e-01	1.905731793516345363e-01	8.853675443305115966e-02	4.039704636129018422e-02	1.005027402765162892e-01
2.123781123794669384e+03	1.710982037555447144e-01	1.077372353220361345e-01	3.009165374877166843e-01	1.906732867283331967e-01	8.857981282504913401e-02	4.042906025644560364e-02	1.005658636246816034e-01
2.128618894008324787e+03	1.708759278310072183e-01	1.075819255302208621e-01	3.010571672020530554e-01	1.907728124068231168e-01	8.862263170199727313e-02	4.046091340642980760e-02	1.006286219212756822e-01
2.133456664221980191e+03	1.706549330696743860e-01	1.074274576766104106e-01	3.011970133744999445e-01	1.908717596790537041e-01	8.866521242822206217e-02	4.049260655118855357e-02	1.006910172205579129e-01
2.138294434435635139e+03	1.704352121459584146e-01	1.072738271329388010e-01	3.013360805477912074e-01	1.909701318188470054e-01	8.870755636048674453e-02	4.052414042817592543e-02	1.007530515656088338e-01
2.143132204649290543e+03	1.702167577761441175e-01	1.071210292965379396e-01	3.014743732363708295e-01	1.910679320819925753e-01	8.874966484802525313e-02	4.055551577234955268e-02	1.008147269883866298e-01
2.147969974862945492e+03	1.699995627181475621e-01	1.069690595901962027e-01	3.016118959265955968e-01	1.911651637063416509e-01	8.879153923257636360e-02	4.058673331616610702e-02	1.008760455097833797e-01
2.152807745076601350e+03	1.697836197712763173e-01	1.068179134620177578e-01	3.017486530769360464e-01	1.912618299119010767e-01	8.883318084841762552e-02	4.061779378957698639e-02	1.009370091396810110e-01
2.157645515290255844e+03	1.695689217759906997e-01	1.066675863852826200e-01	3.018846491181757519e-01	1.913579339009267577e-01	8.887459102239946007e-02	4.064869792002433896e-02	1.009976198770071582e-01
2.162483285503912157e+03	1.693554616136667967e-01	1.065180738583075409e-01	3.020198884536086092e-01	1.914534788580166402e-01	8.891577107397923008e-02	4.067944643243721903e-02	1.010578797097907155e-01
2.167321055717567106e+03	1.691432322063607940e-01	1.063693714043075639e-01	3.021543754592344033e-01	1.915484679502034160e-01	8.895672231525528217e-02	4.071004004922808284e-02	1.011177906152171818e-01
2.172158825931222509e+03	1.689322265165745796e-01	1.062214745712584257e-01	3.022881144839528189e-01	1.916429043270466148e-01	8.899744605100107231e-02	4.074047949028943710e-02	1.011773545596838242e-01
2.176996596144877003e+03	1.687224375470228743e-01	1.060743789317596802e-01	3.024211098497553429e-01	1.917367911207243647e-01	8.903794357869918019e-02	4.077076547299077897e-02	1.012365734988545513e-01
2.181834366358532861e+03	1.685138583404015844e-01	1.059280800828985292e-01	3.025533658519160007e-01	1.918301314461248464e-01	8.907821618857537926e-02	4.080089871217570247e-02	1.012954493777146470e-01
2.186672136572187810e+03	1.683064819791577627e-01	1.057825736461145000e-01	3.026848867591799830e-01	1.919229284009371095e-01	8.911826516363272055e-02	4.083087992015931034e-02	1.013539841306251993e-01
2.191509906785843214e+03	1.681003015852605975e-01	1.056378552670647203e-01	3.028156768139508848e-01	1.920151850657416948e-01	8.915809177968556098e-02	4.086070980672572295e-02	1.014121796813774040e-01
2.196347676999498617e+03	1.678953103199740948e-01	1.054939206154900389e-01	3.029457402324757798e-01	1.921069045041006451e-01	8.919769730539355013e-02	4.089038907912592724e-02	1.014700379432465077e-01
2.201185447213154021e+03	1.676915013836306478e-01	1.053507653850818959e-01	3.030750812050296839e-01	1.921980897626472673e-01	8.923708300229563073e-02	4.091991844207575058e-02	1.015275608190457091e-01
2.206023217426809424e+03	1.674888680154065224e-01	1.052083852933498043e-01	3.032037038960971320e-01	1.922887438711753105e-01	8.927625012484408096e-02	4.094929859775407049e-02	1.015847502011796299e-01
2.210860987640464373e+03	1.672874034930982301e-01	1.050667760814896490e-01	3.033316124445532558e-01	1.923788698427279231e-01	8.931519992043840395e-02	4.097853024580123266e-02	1.016416079716978005e-01
2.215698757854119776e+03	1.670871011329001787e-01	1.049259335142527366e-01	3.034588109638428066e-01	1.924684706736860818e-01	8.935393362945927287e-02	4.100761408331764224e-02	1.016981360023477277e-01
2.220536528067775180e+03	1.668879542891840984e-01	1.047858533798154412e-01	3.035853035421575141e-01	1.925575493438566599e-01	8.939245248530235111e-02	4.103655080486259821e-02	1.017543361546277836e-01
2.225374298281430583e+03	1.666899563542791896e-01	1.046465314896496551e-01	3.037110942426122229e-01	1.926461088165599411e-01	8.943075771441222344e-02	4.106534110245325941e-02	1.018102102798399827e-01
2.230212068495085077e+03	1.664931007582539646e-01	1.045079636783939753e-01	3.038361871034191974e-01	1.927341520387169660e-01	8.946885053631616069e-02	4.109398566556384663e-02	1.018657602191423844e-01
2.235049838708740936e+03	1.662973809686991988e-01	1.043701458037254864e-01	3.039605861380612062e-01	1.928216819409362404e-01	8.950673216365789830e-02	4.112248518112501805e-02	1.019209878036013983e-01
2.239887608922396339e+03	1.661027904905122143e-01	1.042330737462323631e-01	3.040842953354630507e-01	1.929087014376002773e-01	8.954440380223135931e-02	4.115084033352338355e-02	1.019758948542437843e-01
2.244725379136052197e+03	1.659093228656823293e-01	1.040967434092870542e-01	3.042073186601614299e-01	1.929952134269514730e-01	8.958186665101430801e-02	4.117905180460129655e-02	1.020304831821084862e-01
2.249563149349706237e+03	1.657169716730777786e-01	1.039611507189203005e-01	3.043296600524735829e-01	1.930812207911778156e-01	8.961912190220197583e-02	4.120712027365670133e-02	1.020847545882981877e-01
2.254400919563362095e+03	1.655257305282336056e-01	1.038262916236957212e-01	3.044513234286643777e-01	1.931667263964979842e-01	8.965617074124065944e-02	4.123504641744325794e-02	1.021387108640307295e-01
2.259238689777017044e+03	1.653355930831409693e-01	1.036921620945851635e-01	3.045723126811120673e-01	1.932517330932461697e-01	8.969301434686120789e-02	4.126283091017053650e-02	1.021923537906902213e-01
2.264076459990672902e+03	1.651465530260377290e-01	1.035587581248446909e-01	3.046926316784724920e-01	1.933362437159565350e-01	8.972965389111249579e-02	4.129047442350447517e-02	1.022456851398779731e-01
