1.001418434226643626e+03	2.797438628237948199e-01	1.807949710510566854e-01	2.349184227833054639e-01	1.407851666317328498e-01	6.821677053893678011e-02	2.660374905688313307e-02	6.893705711410236248e-02
1.002869765290740247e+03	2.794878781269867773e-01	1.806301604924426263e-01	2.351016069215063342e-01	1.408888965296942741e-01	6.826044452635644799e-02	2.662810375029676241e-02	6.900290965252887931e-02
1.004321096354836754e+03	2.792323298496496298e-01	1.804656261940108530e-01	2.352844817830827273e-01	1.409924380526444698e-01	6.830403960850381373e-02	2.665243086902138736e-02	6.906865364289918596e-02
1.005772427418933376e+03	2.789772172443564235e-01	1.803013676919826835e-01	2.354670478879785644e-01	1.410957915790159167e-01	6.834755594398685130e-02	2.667673043056027066e-02	6.913428922193134984e-02
1.007223758483029997e+03	2.787225395649798876e-01	1.801373845233583126e-01	2.356493057552631054e-01	1.411989574862330399e-01	6.839099369101107884e-02	2.670100245246080292e-02	6.919981652650578074e-02
1.008675089547126618e+03	2.784682960666903240e-01	1.799736762259154244e-01	2.358312559031325584e-01	1.413019361507168725e-01	6.843435300738061333e-02	2.672524695231418695e-02	6.926523569366198341e-02
1.010126420611223239e+03	2.782144860059532765e-01	1.798102423382078874e-01	2.360128988489113566e-01	1.414047279478897745e-01	6.847763405049916985e-02	2.674946394775511160e-02	6.933054686059542115e-02
1.011577751675319632e+03	2.779611086405268106e-01	1.796470823995645338e-01	2.361942351090537962e-01	1.415073332521799843e-01	6.852083697737113011e-02	2.677365345646146033e-02	6.939575016465431012e-02
1.013029082739416367e+03	2.777081632294595703e-01	1.794841959500877160e-01	2.363752651991454512e-01	1.416097524370262539e-01	6.856396194460261106e-02	2.679781549615397815e-02	6.946084574333653838e-02
1.014480413803512761e+03	2.774556490330881142e-01	1.793215825306520572e-01	2.365559896339045898e-01	1.417119858748824290e-01	6.860700910840247801e-02	2.682195008459595936e-02	6.952583373428652957e-02
1.015931744867609382e+03	2.772035653130347499e-01	1.791592416829032308e-01	2.367364089271837557e-01	1.418140339372218339e-01	6.864997862458346867e-02	2.684605723959295615e-02	6.959071427529217591e-02
1.017383075931706003e+03	2.769519113322051473e-01	1.789971729492566554e-01	2.369165235919710732e-01	1.419158969945418791e-01	6.869287064856327563e-02	2.687013697899244546e-02	6.965548750428178504e-02
1.018834406995802851e+03	2.767006863547858408e-01	1.788353758728960796e-01	2.370963341403918290e-01	1.420175754163683080e-01	6.873568533536558722e-02	2.689418932068353418e-02	6.972015355932106861e-02
1.020285738059899245e+03	2.764498896462421751e-01	1.786738499977723327e-01	2.372758410837099152e-01	1.421190695712597762e-01	6.877842283962126713e-02	2.691821428259665375e-02	6.978471257861010302e-02
1.021737069123995752e+03	2.761995204733158071e-01	1.785125948686022146e-01	2.374550449323291068e-01	1.422203798268119879e-01	6.882108331556940906e-02	2.694221188270324446e-02	6.984916470048041504e-02
1.023188400188092373e+03	2.759495781040224860e-01	1.783516100308669694e-01	2.376339461957947541e-01	1.423215065496621357e-01	6.886366691705846088e-02	2.696618213901545713e-02	6.991351006339194263e-02
1.024639731252188767e+03	2.757000618076494436e-01	1.781908950308111195e-01	2.378125453827950875e-01	1.424224501054930925e-01	6.890617379754739036e-02	2.699012506958585467e-02	6.997774880593021773e-02
1.026091062316285615e+03	2.754509708547533409e-01	1.780304494154411610e-01	2.379908430011627163e-01	1.425232108590377134e-01	6.894860411010673984e-02	2.701404069250709986e-02	7.004188106680335479e-02
1.027542393380382237e+03	2.752023045171581028e-01	1.778702727325243149e-01	2.381688395578760165e-01	1.426237891740829433e-01	6.899095800741984752e-02	2.703792902591166739e-02	7.010590698483927519e-02
1.028993724444478858e+03	2.749540620679521985e-01	1.777103645305871393e-01	2.383465355590606016e-01	1.427241854134739529e-01	6.903323564178392990e-02	2.706179008797153160e-02	7.016982669898279290e-02
1.030445055508575479e+03	2.747062427814865870e-01	1.775507243589144191e-01	2.385239315099908219e-01	1.428243999391184127e-01	6.907543716511124754e-02	2.708562389689787506e-02	7.023364034829281122e-02
1.031896386572671872e+03	2.744588459333723307e-01	1.773913517675478058e-01	2.387010279150910685e-01	1.429244331119903788e-01	6.911756272893028463e-02	2.710943047094080752e-02	7.029734807193950552e-02
1.033347717636768493e+03	2.742118708004784855e-01	1.772322463072844578e-01	2.388778252779372724e-01	1.430242852921344843e-01	6.915961248438687314e-02	2.713320982838903633e-02	7.036095000920154774e-02
1.034799048700865114e+03	2.739653166609296031e-01	1.770734075296759857e-01	2.390543241012583753e-01	1.431239568386698802e-01	6.920158658224534465e-02	2.715696198756959584e-02	7.042444629946335855e-02
1.036250379764961508e+03	2.737191827941034550e-01	1.769148349870269532e-01	2.392305248869376622e-01	1.432234481097943157e-01	6.924348517288975158e-02	2.718068696684756286e-02	7.048783708221240119e-02
1.037701710829058356e+03	2.734734684806288674e-01	1.767565282323938225e-01	2.394064281360143431e-01	1.433227594627879131e-01	6.928530840632500520e-02	2.720438478462574097e-02	7.055112249703639205e-02
1.039153041893154750e+03	2.732281730023834454e-01	1.765984868195834834e-01	2.395820343486847748e-01	1.434218912540171920e-01	6.932705643217802749e-02	2.722805545934439686e-02	7.061430268362069163e-02
1.040604372957251599e+03	2.729832956424912971e-01	1.764407103031521706e-01	2.397573440243040144e-01	1.435208438389390107e-01	6.936872939969895846e-02	2.725169900948094803e-02	7.067737778174561225e-02
1.042055704021347992e+03	2.727388356853205353e-01	1.762831982384041318e-01	2.399323576613871800e-01	1.436196175721043689e-01	6.941032745776230806e-02	2.727531545354969569e-02	7.074034793128378129e-02
1.043507035085444613e+03	2.724947924164813351e-01	1.761259501813903228e-01	2.401070757576109771e-01	1.437182128071621268e-01	6.945185075486819126e-02	2.729890481010151942e-02	7.080321327219750438e-02
1.044958366149541234e+03	2.722511651228236573e-01	1.759689656889072140e-01	2.402814988098148641e-01	1.438166298968629742e-01	6.949329943914345220e-02	2.732246709772361004e-02	7.086597394453622578e-02
1.046409697213637855e+03	2.720079530924346956e-01	1.758122443184955697e-01	2.404556273140027178e-01	1.439148691930630941e-01	6.953467365834288538e-02	2.734600233503918162e-02	7.092863008843387773e-02
1.047861028277734476e+03	2.717651556146368774e-01	1.756557856284391428e-01	2.406294617653440826e-01	1.440129310467279100e-01	6.957597355985040144e-02	2.736951054070718009e-02	7.099118184410641019e-02
1.049312359341831097e+03	2.715227719799856443e-01	1.754995891777634265e-01	2.408030026581757244e-01	1.441108158079358048e-01	6.961719929068023449e-02	2.739299173342201604e-02	7.105362935184918183e-02
1.050763690405927491e+03	2.712808014802670087e-01	1.753436545262344048e-01	2.409762504860029075e-01	1.442085238258817848e-01	6.965835099747812176e-02	2.741644593191328375e-02	7.111597275203448976e-02
1.052215021470024112e+03	2.710392434084956115e-01	1.751879812343573040e-01	2.411492057415007551e-01	1.443060554488811431e-01	6.969942882652251093e-02	2.743987315494547663e-02	7.117821218510911319e-02
1.053666352534120733e+03	2.707980970589122793e-01	1.750325688633754539e-01	2.413218689165158304e-01	1.444034110243730407e-01	6.974043292372576752e-02	2.746327342131770280e-02	7.124034779159181541e-02
1.055117683598217127e+03	2.705573617269818598e-01	1.748774169752688457e-01	2.414942405020673588e-01	1.445005908989241972e-01	6.978136343463525737e-02	2.748664674986344217e-02	7.130237971207087355e-02
1.056569014662313975e+03	2.703170367093909454e-01	1.747225251327531315e-01	2.416663209883487262e-01	1.445975954182323053e-01	6.982222050443473438e-02	2.750999315945023074e-02	7.136430808720171937e-02
1.058020345726410369e+03	2.700771213040457086e-01	1.745678928992782097e-01	2.418381108647288391e-01	1.446944249271297500e-01	6.986300427794531198e-02	2.753331266897942470e-02	7.142613305770448284e-02
1.059471676790506763e+03	2.698376148100698479e-01	1.744135198390270591e-01	2.420096106197534569e-01	1.447910797695869112e-01	6.990371489962683704e-02	2.755660529738590894e-02	7.148785476436167463e-02
1.060923007854603611e+03	2.695985165278020346e-01	1.742594055169145451e-01	2.421808207411467184e-01	1.448875602887158554e-01	6.994435251357901395e-02	2.757987106363782304e-02	7.154947334801575742e-02
1.062374338918700232e+03	2.693598257587939138e-01	1.741055494985860597e-01	2.423517417158123077e-01	1.449838668267736663e-01	6.998491726354257036e-02	2.760310998673631139e-02	7.161098894956682837e-02
1.063825669982796853e+03	2.691215418058081621e-01	1.739519513504164949e-01	2.425223740298350639e-01	1.450799997251659146e-01	7.002540929290047844e-02	2.762632208571524223e-02	7.167240170997030146e-02
1.065277001046893474e+03	2.688836639728157674e-01	1.737986106395087715e-01	2.426927181684822576e-01	1.451759593244501267e-01	7.006582874467914834e-02	2.764950737964094393e-02	7.173371177023461776e-02
1.066728332110990095e+03	2.686461915649941967e-01	1.736455269336927842e-01	2.428627746162049239e-01	1.452717459643391162e-01	7.010617576154963559e-02	2.767266588761194135e-02	7.179491927141899710e-02
1.068179663175086489e+03	2.684091238887251762e-01	1.734926998015242361e-01	2.430325438566393326e-01	1.453673599837043140e-01	7.014645048582879294e-02	2.769579762875869905e-02	7.185602435463109283e-02
1.069630994239183110e+03	2.681724602515923039e-01	1.733401288122832784e-01	2.432020263726082654e-01	1.454628017205791546e-01	7.018665305948046385e-02	2.771890262224334378e-02	7.191702716102482684e-02
1.071082325303279504e+03	2.679361999623791624e-01	1.731878135359732895e-01	2.433712226461224593e-01	1.455580715121624347e-01	7.022678362411670372e-02	2.774198088725941813e-02	7.197792783179814136e-02
1.072533656367376352e+03	2.677003423310670982e-01	1.730357535433197647e-01	2.435401331583819384e-01	1.456531696948214771e-01	7.026684232099893179e-02	2.776503244303161685e-02	7.203872650819077850e-02
1.073984987431472746e+03	2.674648866688327242e-01	1.728839484057690390e-01	2.437087583897774579e-01	1.457480966040955450e-01	7.030682929103911072e-02	2.778805730881552666e-02	7.209942333148215698e-02
1.075436318495569594e+03	2.672298322880463650e-01	1.727323976954870943e-01	2.438770988198916689e-01	1.458428525746989779e-01	7.034674467480095394e-02	2.781105550389736947e-02	7.216001844298912393e-02
1.076887649559666215e+03	2.669951785022692814e-01	1.725811009853582823e-01	2.440451549275007015e-01	1.459374379405244671e-01	7.038658861250110532e-02	2.783402704759374915e-02	7.222051198406390093e-02
1.078338980623762609e+03	2.667609246262518385e-01	1.724300578489842972e-01	2.442129271905754406e-01	1.460318530346462751e-01	7.042636124401030484e-02	2.785697195925139480e-02	7.228090409609189138e-02
1.079790311687859230e+03	2.665270699759313411e-01	1.722792678606828165e-01	2.443804160862828312e-01	1.461260981893233724e-01	7.046606270885455436e-02	2.787989025824690742e-02	7.234119492048959876e-02
1.081241642751955851e+03	2.662936138684299237e-01	1.721287305954862790e-01	2.445476220909872933e-01	1.462201737360026010e-01	7.050569314621629724e-02	2.790278196398651017e-02	7.240138459870257281e-02
1.082692973816052472e+03	2.660605556220521639e-01	1.719784456291407471e-01	2.447145456802519992e-01	1.463140800053218393e-01	7.054525269493565343e-02	2.792564709590579855e-02	7.246147327220324452e-02
1.084144304880149093e+03	2.658278945562833062e-01	1.718284125381047966e-01	2.448811873288403718e-01	1.464078173271130545e-01	7.058474149351146032e-02	2.794848567346949059e-02	7.252146108248898326e-02
1.085595635944245487e+03	2.655956299917868746e-01	1.716786308995481014e-01	2.450475475107173062e-01	1.465013860304054949e-01	7.062415968010252176e-02	2.797129771617117358e-02	7.258134817107998737e-02
1.087046967008342108e+03	2.653637612504025634e-01	1.715291002913504614e-01	2.452136266990505575e-01	1.465947864434286596e-01	7.066350739252881541e-02	2.799408324353306124e-02	7.264113467951731351e-02
1.088498298072438729e+03	2.651322876551443497e-01	1.713798202921004432e-01	2.453794253662119895e-01	1.466880188936154350e-01	7.070278476827256131e-02	2.801684227510575428e-02	7.270082074936086436e-02
1.089949629136535123e+03	2.649012085301980512e-01	1.712307904810942971e-01	2.455449439837791015e-01	1.467810837076051200e-01	7.074199194447940153e-02	2.803957483046798371e-02	7.276040652218739024e-02
1.091400960200631971e+03	2.646705232009194941e-01	1.710820104383347084e-01	2.457101830225361938e-01	1.468739812112463961e-01	7.078112905795962140e-02	2.806228092922638528e-02	7.281989213958853235e-02
1.092852291264728365e+03	2.644402309938321816e-01	1.709334797445296317e-01	2.458751429524758114e-01	1.469667117296003245e-01	7.082019624518920420e-02	2.808496059101523584e-02	7.287927774316892149e-02
1.094303622328825213e+03	2.642103312366253509e-01	1.707851979810911247e-01	2.460398242428000204e-01	1.470592755869433443e-01	7.085919364231108020e-02	2.810761383549622780e-02	7.293856347454417965e-02
1.095754953392921607e+03	2.639808232581516978e-01	1.706371647301341277e-01	2.462042273619217958e-01	1.471516731067701866e-01	7.089812138513616746e-02	2.813024068235822975e-02	7.299774947533904657e-02
1.097206284457018228e+03	2.637517063884254886e-01	1.704893795744753249e-01	2.463683527774662707e-01	1.472439046117969275e-01	7.093697960914462086e-02	2.815284115131703666e-02	7.305683588718552002e-02
1.098657615521114849e+03	2.635229799586204513e-01	1.703418420976319236e-01	2.465322009562720962e-01	1.473359704239637635e-01	7.097576844948690067e-02	2.817541526211514782e-02	7.311582285172089912e-02
1.100108946585211470e+03	2.632946433010675547e-01	1.701945518838205162e-01	2.466957723643928013e-01	1.474278708644379265e-01	7.101448804098493828e-02	2.819796303452152056e-02	7.317471051058598019e-02
1.101560277649308091e+03	2.630666957492528435e-01	1.700475085179558310e-01	2.468590674670980978e-01	1.475196062536166808e-01	7.105313851813324644e-02	2.822048448833134118e-02	7.323349900542322488e-02
1.103011608713404712e+03	2.628391366378156624e-01	1.699007115856496775e-01	2.470220867288751843e-01	1.476111769111300986e-01	7.109172001510008498e-02	2.824297964336578912e-02	7.329218847787487279e-02
1.104462939777501106e+03	2.626119653025463241e-01	1.697541606732096142e-01	2.471848306134299955e-01	1.477025831558438640e-01	7.113023266572855718e-02	2.826544851947180789e-02	7.335077906958116511e-02
1.105914270841597499e+03	2.623851810803841667e-01	1.696078553676380329e-01	2.473472995836887289e-01	1.477938253058621865e-01	7.116867660353774772e-02	2.828789113652187270e-02	7.340927092217858219e-02
1.107365601905694348e+03	2.621587833094154996e-01	1.694617952566307151e-01	2.475094941017988992e-01	1.478849036785305493e-01	7.120705196172386064e-02	2.831030751441375448e-02	7.346766417729801157e-02
1.108816932969790741e+03	2.619327713288714943e-01	1.693159799285758327e-01	2.476714146291308649e-01	1.479758185904385681e-01	7.124535887316126026e-02	2.833269767307030132e-02	7.352595897656299950e-02
1.110268264033887590e+03	2.617071444791260748e-01	1.691704089725526994e-01	2.478330616262789665e-01	1.480665703574226277e-01	7.128359747040367844e-02	2.835506163243921296e-02	7.358415546158803000e-02
1.111719595097984211e+03	2.614819021016938638e-01	1.690250819783306879e-01	2.479944355530629696e-01	1.481571592945688520e-01	7.132176788568526937e-02	2.837739941249279446e-02	7.364225377397674854e-02
1.113170926162080832e+03	2.612570435392283508e-01	1.688799985363680922e-01	2.481555368685293139e-01	1.482475857162156019e-01	7.135987025092173364e-02	2.839971103322775844e-02	7.370025405532029672e-02
1.114622257226177226e+03	2.610325681355196714e-01	1.687351582378107673e-01	2.483163660309523624e-01	1.483378499359564173e-01	7.139790469771138681e-02	2.842199651466498569e-02	7.375815644719557751e-02
1.116073588290273847e+03	2.608084752354923874e-01	1.685905606744912411e-01	2.484769234978357888e-01	1.484279522666425433e-01	7.143587135733629745e-02	2.844425587684929965e-02	7.381596109116360382e-02
1.117524919354370468e+03	2.605847641852037655e-01	1.684462054389273822e-01	2.486372097259138270e-01	1.485178930203857328e-01	7.147377036076335566e-02	2.846648913984925131e-02	7.387366812876774991e-02
1.118976250418467089e+03	2.603614343318417235e-01	1.683020921243213452e-01	2.487972251711525751e-01	1.486076725085608563e-01	7.151160183864538333e-02	2.848869632375690755e-02	7.393127770153221090e-02
1.120427581482563710e+03	2.601384850237226098e-01	1.681582203245582940e-01	2.489569702887513281e-01	1.486972910418086491e-01	7.154936592132218887e-02	2.851087744868761528e-02	7.398878995096028199e-02
1.121878912546660331e+03	2.599159156102893165e-01	1.680145896342054856e-01	2.491164455331437710e-01	1.487867489300382096e-01	7.158706273882167737e-02	2.853303253477978974e-02	7.404620501853276249e-02
1.123330243610756725e+03	2.596937254421090580e-01	1.678711996485108549e-01	2.492756513579993671e-01	1.488760464824297747e-01	7.162469242086091925e-02	2.855516160219469940e-02	7.410352304570634596e-02
1.124781574674853118e+03	2.594719138708715955e-01	1.677280499634020705e-01	2.494345882162246064e-01	1.489651840074372180e-01	7.166225509684719108e-02	2.857726467111625437e-02	7.416074417391201046e-02
1.126232905738949967e+03	2.592504802493872385e-01	1.675851401754852588e-01	2.495932565599643105e-01	1.490541618127907419e-01	7.169975089587911354e-02	2.859934176175078085e-02	7.421786854455345028e-02
1.127684236803046360e+03	2.590294239315847347e-01	1.674424698820440038e-01	2.497516568406028259e-01	1.491429802054993758e-01	7.173717994674765064e-02	2.862139289432681991e-02	7.427489629900554946e-02
1.129135567867143209e+03	2.588087442725091059e-01	1.673000386810379880e-01	2.499097895087654397e-01	1.492316394918535294e-01	7.177454237793723379e-02	2.864341808909489848e-02	7.433182757861275802e-02
1.130586898931239830e+03	2.585884406283198711e-01	1.671578461711021590e-01	2.500676550143196009e-01	1.493201399774276295e-01	7.181183831762673331e-02	2.866541736632734205e-02	7.438866252468759321e-02
1.132038229995336451e+03	2.583685123562891039e-01	1.670158919515453422e-01	2.502252538063761134e-01	1.494084819670825348e-01	7.184906789369058244e-02	2.868739074631803873e-02	7.444540127850909905e-02
1.133489561059432845e+03	2.581489588147992120e-01	1.668741756223492689e-01	2.503825863332906354e-01	1.494966657649682285e-01	7.188623123369980439e-02	2.870933824938224493e-02	7.450204398132136141e-02
1.134940892123529466e+03	2.579297793633411051e-01	1.667326967841673280e-01	2.505396530426646229e-01	1.495846916745261213e-01	7.192332846492308085e-02	2.873125989585638071e-02	7.455859077433203697e-02
1.136392223187626087e+03	2.577109733625122523e-01	1.665914550383234549e-01	2.506964543813469115e-01	1.496725599984917165e-01	7.196035971432773737e-02	2.875315570609781463e-02	7.461504179871077114e-02
1.137843554251722708e+03	2.574925401740145170e-01	1.664504499868111609e-01	2.508529907954347160e-01	1.497602710388969693e-01	7.199732510858081191e-02	2.877502570048465561e-02	7.467139719558783806e-02
1.139294885315819101e+03	2.572744791606522141e-01	1.663096812322921447e-01	2.510092627302752399e-01	1.498478250970727566e-01	7.203422477405010960e-02	2.879686989941555517e-02	7.472765710605262790e-02
1.140746216379915950e+03	2.570567896863303337e-01	1.661691483780954326e-01	2.511652706304664529e-01	1.499352224736514305e-01	7.207105883680517411e-02	2.881868832330950272e-02	7.478382167115224521e-02
1.142197547444012343e+03	2.568394711160524868e-01	1.660288510282160457e-01	2.513210149398589222e-01	1.500224634685690672e-01	7.210782742261837019e-02	2.884048099260562784e-02	7.483989103189005176e-02
1.143648878508108737e+03	2.566225228159187965e-01	1.658887887873139733e-01	2.514764961015565348e-01	1.501095483810680753e-01	7.214453065696586898e-02	2.886224792776297815e-02	7.489586532922425099e-02
1.145100209572205586e+03	2.564059441531241212e-01	1.657489612607131457e-01	2.516317145579181624e-01	1.501964775096995552e-01	7.218116866502868878e-02	2.888398914926033900e-02	7.495174470406651412e-02
1.146551540636302207e+03	2.561897344959559453e-01	1.656093680544001856e-01	2.517866707505587165e-01	1.502832511523255477e-01	7.221774157169365271e-02	2.890570467759603565e-02	7.500752929728056462e-02
1.148002871700398828e+03	2.559738932137924916e-01	1.654700087750232695e-01	2.519413651203502580e-01	1.503698696061215867e-01	7.225424950155445725e-02	2.892739453328772165e-02	7.506321924968083203e-02
1.149454202764495449e+03	2.557584196771008900e-01	1.653308830298911847e-01	2.520957981074236631e-01	1.504563331675789761e-01	7.229069257891262978e-02	2.894905873687218453e-02	7.511881470203106426e-02
1.150905533828591842e+03	2.555433132574351229e-01	1.651919904269720518e-01	2.522499701511695114e-01	1.505426421325072039e-01	7.232707092777856950e-02	2.897069730890515851e-02	7.517431579504299521e-02
1.152356864892688463e+03	2.553285733274339164e-01	1.650533305748922985e-01	2.524038816902394733e-01	1.506287967960362462e-01	7.236338467187249102e-02	2.899231026996111973e-02	7.522972266937498487e-02
1.153808195956785084e+03	2.551141992608192410e-01	1.649149030829355767e-01	2.525575331625475317e-01	1.507147974526188428e-01	7.239963393462547914e-02	2.901389764063309895e-02	7.528503546563075632e-02
1.155259527020881706e+03	2.549001904323938694e-01	1.647767075610415966e-01	2.527109250052713141e-01	1.508006443960328846e-01	7.243581883918040476e-02	2.903545944153248029e-02	7.534025432435800806e-02
1.156710858084978327e+03	2.546865462180397666e-01	1.646387436198050447e-01	2.528640576548531471e-01	1.508863379193836896e-01	7.247193950839293797e-02	2.905699569328881737e-02	7.539537938604717882e-02
1.158162189149074720e+03	2.544732659947162023e-01	1.645010108704744733e-01	2.530169315470013891e-01	1.509718783151062504e-01	7.250799606483254722e-02	2.907850641654963555e-02	7.545041079113010141e-02
1.159613520213171569e+03	2.542603491404576421e-01	1.643635089249512460e-01	2.531695471166916511e-01	1.510572658749675667e-01	7.254398863078342918e-02	2.909999163198025152e-02	7.550534867997879540e-02
1.161064851277267962e+03	2.540477950343718594e-01	1.642262373957884547e-01	2.533219047981681293e-01	1.511425008900689482e-01	7.257991732824549402e-02	2.912145136026356856e-02	7.556019319290417646e-02
1.162516182341364356e+03	2.538356030566381039e-01	1.640891958961896713e-01	2.534740050249447707e-01	1.512275836508481242e-01	7.261578227893536464e-02	2.914288562209990316e-02	7.561494447015476572e-02
1.163967513405461204e+03	2.536237725885051031e-01	1.639523840400080867e-01	2.536258482298063277e-01	1.513125144470816030e-01	7.265158360428726481e-02	2.916429443820678716e-02	7.566960265191551016e-02
1.165418844469557826e+03	2.534123030122893416e-01	1.638158014417451513e-01	2.537774348448099127e-01	1.513972935678868648e-01	7.268732142545403230e-02	2.918567782931879434e-02	7.572416787830653362e-02
1.166870175533654447e+03	2.532011937113728961e-01	1.636794477165498252e-01	2.539287653012860524e-01	1.514819213017245259e-01	7.272299586330804866e-02	2.920703581618733918e-02	7.577864028938192942e-02
1.168321506597751068e+03	2.529904440702018253e-01	1.635433224802171626e-01	2.540798400298397985e-01	1.515663979364005876e-01	7.275860703844221067e-02	2.922836841958050685e-02	7.583302002512858075e-02
1.169772837661847461e+03	2.527800534742838945e-01	1.634074253491874240e-01	2.542306594603521708e-01	1.516507237590686286e-01	7.279415507117083239e-02	2.924967566028285892e-02	7.588730722546488394e-02
1.171224168725944082e+03	2.525700213101870206e-01	1.632717559405449104e-01	2.543812240219812115e-01	1.517348990562319977e-01	7.282964008153061664e-02	2.927095755909526337e-02	7.594150203023966594e-02
1.172675499790040703e+03	2.523603469655373299e-01	1.631363138720168804e-01	2.545315341431632628e-01	1.518189241137459788e-01	7.286506218928155698e-02	2.929221413683469680e-02	7.599560457923099088e-02
1.174126830854137097e+03	2.521510298290171037e-01	1.630010987619725238e-01	2.546815902516142427e-01	1.519027992168198449e-01	7.290042151390793701e-02	2.931344541433408141e-02	7.604961501214493880e-02
1.175578161918233945e+03	2.519420692903631132e-01	1.628661102294218788e-01	2.548313927743307006e-01	1.519865246500190781e-01	7.293571817461916296e-02	2.933465141244208721e-02	7.610353346861460644e-02
1.177029492982330339e+03	2.517334647403645098e-01	1.627313478940147218e-01	2.549809421375912599e-01	1.520701006972675906e-01	7.297095229035076291e-02	2.935583215202297938e-02	7.615736008819878888e-02
1.178480824046426733e+03	2.515252155708612158e-01	1.625968113760394573e-01	2.551302387669575622e-01	1.521535276418497229e-01	7.300612397976524726e-02	2.937698765395641703e-02	7.621109501038099421e-02
1.179932155110523581e+03	2.513173211747418145e-01	1.624625002964220633e-01	2.552792830872757102e-01	1.522368057664123808e-01	7.304123336125305233e-02	2.939811793913727975e-02	7.626473837456829163e-02
1.181383486174620202e+03	2.511097809459419405e-01	1.623284142767251192e-01	2.554280755226771560e-01	1.523199353529671451e-01	7.307628055293347025e-02	2.941922302847550796e-02	7.631829032009017355e-02
1.182834817238716823e+03	2.509025942794420594e-01	1.621945529391466689e-01	2.555766164965804221e-01	1.524029166828922699e-01	7.311126567265550935e-02	2.944030294289591218e-02	7.637175098619752855e-02
1.184286148302813444e+03	2.506957605712660242e-01	1.620609159065191096e-01	2.557249064316917675e-01	1.524857500369349861e-01	7.314618883799882398e-02	2.946135770333799947e-02	7.642512051206151735e-02
1.185737479366910065e+03	2.504892792184789663e-01	1.619275028023081375e-01	2.558729457500067417e-01	1.525684356952133891e-01	7.318105016627463044e-02	2.948238733075582083e-02	7.647839903677251805e-02
1.187188810431006686e+03	2.502831496191854077e-01	1.617943132506118320e-01	2.560207348728111287e-01	1.526509739372184649e-01	7.321584977452652576e-02	2.950339184611776300e-02	7.653158669933905756e-02
1.188640141495103080e+03	2.500773711725275406e-01	1.616613468761593231e-01	2.561682742206824459e-01	1.527333650418161715e-01	7.325058777953144529e-02	2.952437127040642012e-02	7.658468363868678463e-02
1.190091472559199701e+03	2.498719432786834782e-01	1.615286033043099589e-01	2.563155642134907208e-01	1.528156092872496596e-01	7.328526429780055085e-02	2.954532562461838902e-02	7.663768999365742907e-02
1.191542803623296322e+03	2.496668653388650627e-01	1.613960821610521679e-01	2.564626052704001014e-01	1.528977069511409659e-01	7.331987944558006343e-02	2.956625492976411654e-02	7.669060590300774694e-02
1.192994134687392716e+03	2.494621367553164493e-01	1.612637830730023480e-01	2.566093978098697992e-01	1.529796583104932883e-01	7.335443333885215134e-02	2.958715920686772957e-02	7.674343150540852143e-02
1.194445465751489564e+03	2.492577569313119690e-01	1.611317056674039516e-01	2.567559422496552002e-01	1.530614636416928465e-01	7.338892609333584616e-02	2.960803847696686850e-02	7.679616693944357753e-02
1.195896796815585958e+03	2.490537252711544081e-01	1.609998495721262912e-01	2.569022390068094186e-01	1.531431232205109350e-01	7.342335782448788928e-02	2.962889276111251025e-02	7.684881234360875502e-02
1.197348127879682352e+03	2.488500411801732315e-01	1.608682144156635685e-01	2.570482884976841853e-01	1.532246373221058666e-01	7.345772864750356457e-02	2.964972208036881565e-02	7.690136785631096483e-02
1.198799458943779200e+03	2.486467040647226956e-01	1.607367998271337917e-01	2.571940911379310135e-01	1.533060062210249985e-01	7.349203867731757267e-02	2.967052645581295944e-02	7.695383361586712045e-02
1.200250790007875821e+03	2.484437133321800439e-01	1.606056054362777485e-01	2.573396473425024755e-01	1.533872301912066471e-01	7.352628802860494694e-02	2.969130590853496371e-02	7.700620976050327748e-02
1.201702121071972442e+03	2.482410683909437032e-01	1.604746308734579519e-01	2.574849575256534240e-01	1.534683095059820868e-01	7.356047681578178898e-02	2.971206045963754525e-02	7.705849642835363444e-02
1.203153452136069063e+03	2.480387686504314237e-01	1.603438757696575567e-01	2.576300221009419911e-01	1.535492444380774091e-01	7.359460515300625394e-02	2.973279013023593861e-02	7.711069375745954746e-02
1.204604783200165684e+03	2.478368135210785861e-01	1.602133397564793615e-01	2.577748414812309763e-01	1.536300352596154939e-01	7.362867315417928604e-02	2.975349494145774001e-02	7.716280188576865595e-02
1.206056114264262078e+03	2.476352024143362585e-01	1.600830224661448087e-01	2.579194160786889012e-01	1.537106822421179519e-01	7.366268093294552066e-02	2.977417491444276157e-02	7.721482095113391120e-02
1.207507445328358699e+03	2.474339347426695035e-01	1.599529235314928466e-01	2.580637463047911195e-01	1.537911856565070678e-01	7.369662860269408922e-02	2.979483007034284051e-02	7.726675109131270203e-02
1.208958776392455093e+03	2.472330099195555186e-01	1.598230425859789583e-01	2.582078325703210941e-01	1.538715457731075487e-01	7.373051627655947959e-02	2.981546043032172119e-02	7.731859244396588338e-02
1.210410107456551941e+03	2.470324273594819153e-01	1.596933792636741345e-01	2.583516752853715071e-01	1.539517628616486056e-01	7.376434406742231331e-02	2.983606601555485738e-02	7.737034514665694362e-02
1.211861438520648335e+03	2.468321864779447483e-01	1.595639331992637078e-01	2.584952748593454253e-01	1.540318371912657580e-01	7.379811208791026145e-02	2.985664684722927689e-02	7.742200933685104702e-02
1.213312769584745183e+03	2.466322866914470724e-01	1.594347040280465755e-01	2.586386317009574665e-01	1.541117690305026655e-01	7.383182045039878016e-02	2.987720294654343245e-02	7.747358515191420103e-02
1.214764100648841804e+03	2.464327274174967497e-01	1.593056913859339507e-01	2.587817462182350758e-01	1.541915586473130706e-01	7.386546926701194338e-02	2.989773433470701777e-02	7.752507272911238201e-02
1.216215431712937971e+03	2.462335080746049509e-01	1.591768949094484464e-01	2.589246188185194142e-01	1.542712063090625751e-01	7.389905864962333093e-02	2.991824103294083922e-02	7.757647220561063317e-02
1.217666762777034819e+03	2.460346280822842957e-01	1.590483142357228541e-01	2.590672499084667457e-01	1.543507122825305278e-01	7.393258870985672249e-02	2.993872306247665274e-02	7.762778371847227354e-02
1.219118093841131440e+03	2.458360868610471039e-01	1.589199490024994499e-01	2.592096398940495483e-01	1.544300768339119112e-01	7.396605955908698571e-02	2.995918044455701465e-02	7.767900740465799592e-02
1.220569424905228061e+03	2.456378838324035641e-01	1.587917988481287734e-01	2.593517891805575681e-01	1.545093002288190631e-01	7.399947130844085341e-02	2.997961320043511860e-02	7.773014340102504804e-02
1.222020755969324682e+03	2.454400184188600120e-01	1.586638634115685453e-01	2.594936981725990965e-01	1.545883827322835080e-01	7.403282406879774236e-02	3.000002135137466025e-02	7.778119184432642774e-02
1.223472087033421303e+03	2.452424900439171551e-01	1.585361423323827512e-01	2.596353672741019136e-01	1.546673246087578724e-01	7.406611795079050264e-02	3.002040491864967769e-02	7.783215287121003634e-02
1.224923418097517697e+03	2.450452981320684065e-01	1.584086352507406426e-01	2.597767968883147316e-01	1.547461261221176054e-01	7.409935306480626427e-02	3.004076392354439184e-02	7.788302661821785988e-02
1.226374749161614318e+03	2.448484421087979424e-01	1.582813418074155987e-01	2.599179874178080829e-01	1.548247875356627556e-01	7.413252952098714488e-02	3.006109838735308154e-02	7.793381322178520587e-02
1.227826080225710712e+03	2.446519214005791198e-01	1.581542616437842663e-01	2.600589392644755971e-01	1.549033091121198025e-01	7.416564742923113795e-02	3.008140833137991355e-02	7.798451281823989834e-02
1.229277411289807560e+03	2.444557354348726452e-01	1.580273944018254217e-01	2.601996528295352218e-01	1.549816911136433772e-01	7.419870689919283446e-02	3.010169377693880377e-02	7.803512554380145905e-02
1.230728742353903954e+03	2.442598836401247975e-01	1.579007397241190269e-01	2.603401285135299448e-01	1.550599338018180950e-01	7.423170804028417225e-02	3.012195474535327502e-02	7.808565153458038588e-02
1.232180073418000802e+03	2.440643654457657907e-01	1.577742972538452304e-01	2.604803667163294034e-01	1.551380374376602478e-01	7.426465096167525481e-02	3.014219125795630783e-02	7.813609092657733401e-02
1.233631404482097196e+03	2.438691802822080257e-01	1.576480666347832849e-01	2.606203678371308841e-01	1.552160022816196083e-01	7.429753577229512851e-02	3.016240333609018429e-02	7.818644385568238042e-02
1.235082735546193817e+03	2.436743275808442577e-01	1.575220475113105756e-01	2.607601322744603767e-01	1.552938285935811513e-01	7.433036258083249026e-02	3.018259100110636667e-02	7.823671045767427445e-02
1.236534066610290438e+03	2.434798067740458760e-01	1.573962395284016491e-01	2.608996604261736851e-01	1.553715166328666908e-01	7.436313149573653414e-02	3.020275427436533433e-02	7.828689086821970233e-02
1.237985397674387059e+03	2.432856172951612661e-01	1.572706423316272140e-01	2.610389526894576484e-01	1.554490666582367397e-01	7.439584262521761748e-02	3.022289317723644841e-02	7.833698522287255162e-02
1.239436728738483680e+03	2.430917585785140334e-01	1.571452555671530860e-01	2.611780094608310843e-01	1.555264789278922033e-01	7.442849607724807970e-02	3.024300773109780613e-02	7.838699365707313405e-02
1.240888059802580301e+03	2.428982300594012822e-01	1.570200788817391613e-01	2.613168311361463436e-01	1.556037536994759884e-01	7.446109195956296389e-02	3.026309795733610891e-02	7.843691630614751942e-02
1.242339390866676695e+03	2.427050311740918953e-01	1.568951119227385560e-01	2.614554181105899211e-01	1.556808912300748082e-01	7.449363037966078016e-02	3.028316387734651324e-02	7.848675330530685557e-02
1.243790721930773088e+03	2.425121613598248405e-01	1.567703543380965236e-01	2.615937707786838429e-01	1.557578917762208193e-01	7.452611144480424110e-02	3.030320551253249187e-02	7.853650478964654957e-02
1.245242052994869937e+03	2.423196200548074219e-01	1.566458057763493728e-01	2.617318895342867768e-01	1.558347555938933149e-01	7.455853526202102510e-02	3.032322288430569501e-02	7.858617089414569878e-02
1.246693384058966330e+03	2.421274066982135875e-01	1.565214658866236619e-01	2.618697747705950318e-01	1.559114829385203904e-01	7.459090193810445635e-02	3.034321601408581509e-02	7.863575175366631365e-02
1.248144715123063179e+03	2.419355207301822352e-01	1.563973343186350617e-01	2.620074268801438899e-01	1.559880740649805808e-01	7.462321157961429585e-02	3.036318492330045485e-02	7.868524750295267933e-02
1.249596046187159800e+03	2.417439615918155205e-01	1.562734107226874392e-01	2.621448462548084390e-01	1.560645292276046370e-01	7.465546429287746311e-02	3.038312963338496778e-02	7.873465827663068961e-02
1.251047377251256421e+03	2.415527287251771349e-01	1.561496947496718302e-01	2.622820332858049053e-01	1.561408486801770246e-01	7.468766018398874384e-02	3.040305016578235403e-02	7.878398420920715295e-02
1.252498708315352815e+03	2.413618215732906136e-01	1.560261860510654408e-01	2.624189883636917076e-01	1.562170326759376726e-01	7.471979935881152557e-02	3.042294654194309389e-02	7.883322543506914026e-02
1.253950039379449436e+03	2.411712395801376141e-01	1.559028842789307312e-01	2.625557118783704569e-01	1.562930814675835278e-01	7.475188192297849143e-02	3.044281878332503674e-02	7.888238208848334654e-02
1.255401370443546057e+03	2.409809821906563065e-01	1.557797890859144163e-01	2.626922042190871776e-01	1.563689953072702477e-01	7.478390798189238353e-02	3.046266691139325536e-02	7.893145430359545245e-02
1.256852701507642678e+03	2.407910488507395974e-01	1.556569001252463558e-01	2.628284657744333619e-01	1.564447744466137546e-01	7.481587764072671065e-02	3.048249094761991754e-02	7.898044221442947210e-02
1.258304032571739299e+03	2.406014390072335474e-01	1.555342170507387767e-01	2.629644969323471915e-01	1.565204191366919295e-01	7.484779100442640054e-02	3.050229091348415772e-02	7.902934595488714242e-02
1.259755363635835920e+03	2.404121521079356227e-01	1.554117395167851912e-01	2.631002980801144253e-01	1.565959296280461654e-01	7.487964817770856318e-02	3.052206683047192087e-02	7.907816565874724313e-02
1.261206694699932314e+03	2.402231876015929746e-01	1.552894671783593417e-01	2.632358696043696211e-01	1.566713061706829779e-01	7.491144926506319857e-02	3.054181872007586535e-02	7.912690145966511102e-02
1.262658025764028707e+03	2.400345449379008844e-01	1.551673996910143682e-01	2.633712118910973565e-01	1.567465490140755591e-01	7.494319437075383505e-02	3.056154660379521368e-02	7.917555349117189056e-02
1.264109356828125556e+03	2.398462235675010434e-01	1.550455367108818094e-01	2.635063253256328952e-01	1.568216584071653874e-01	7.497488359881830655e-02	3.058125050313562077e-02	7.922412188667402044e-02
1.265560687892221949e+03	2.396582229419798038e-01	1.549238778946705475e-01	2.636412102926637968e-01	1.568966345983638377e-01	7.500651705306939088e-02	3.060093043960905937e-02	7.927260677945259515e-02
1.267012018956318798e+03	2.394705425138666244e-01	1.548024228996659202e-01	2.637758671762308049e-01	1.569714778355536522e-01	7.503809483709550365e-02	3.062058643473367092e-02	7.932100830266282376e-02
1.268463350020415419e+03	2.392831817366324609e-01	1.546811713837286939e-01	2.639102963597287910e-01	1.570461883660905777e-01	7.506961705426143383e-02	3.064021851003365798e-02	7.936932658933341933e-02
1.269914681084511813e+03	2.390961400646879065e-01	1.545601230052941755e-01	2.640444982259079199e-01	1.571207664368048929e-01	7.510108380770898207e-02	3.065982668703914199e-02	7.941756177236601599e-02
1.271366012148608434e+03	2.389094169533817202e-01	1.544392774233711296e-01	2.641784731568749267e-01	1.571952122940029617e-01	7.513249520035761297e-02	3.067941098728604876e-02	7.946571398453462776e-02
1.272817343212705055e+03	2.387230118589990790e-01	1.543186342975409187e-01	2.643122215340939496e-01	1.572695261834688163e-01	7.516385133490523229e-02	3.069897143231598013e-02	7.951378335848509338e-02
1.274268674276801676e+03	2.385369242387599953e-01	1.541981932879565032e-01	2.644457437383876397e-01	1.573437083504655165e-01	7.519515231382878362e-02	3.071850804367608212e-02	7.956177002673449350e-02
1.275720005340898297e+03	2.383511535508175960e-01	1.540779540553414984e-01	2.645790401499384936e-01	1.574177590397369264e-01	7.522639823938492842e-02	3.073802084291892348e-02	7.960967412167062329e-02
1.277171336404994690e+03	2.381656992542565965e-01	1.539579162609892027e-01	2.647121111482896305e-01	1.574916784955089910e-01	7.525758921361072606e-02	3.075750985160237427e-02	7.965749577555146510e-02
1.278622667469091539e+03	2.379805608090915514e-01	1.538380795667615708e-01	2.648449571123460133e-01	1.575654669614914571e-01	7.528872533832429992e-02	3.077697509128948794e-02	7.970523512050463333e-02
1.280073998533187932e+03	2.377957376762652175e-01	1.537184436350884087e-01	2.649775784203755036e-01	1.576391246808791502e-01	7.531980671512550352e-02	3.079641658354836942e-02	7.975289228852684709e-02
1.281525329597284326e+03	2.376112293176470269e-01	1.535990081289663467e-01	2.651099754500098604e-01	1.577126518963537227e-01	7.535083344539655892e-02	3.081583434995205720e-02	7.980046741148344447e-02
1.282976660661381175e+03	2.374270351960313663e-01	1.534797727119578126e-01	2.652421485782459620e-01	1.577860488500848757e-01	7.538180563030275061e-02	3.083522841207840537e-02	7.984796062110782744e-02
1.284427991725477568e+03	2.372431547751360503e-01	1.533607370481901711e-01	2.653740981814466937e-01	1.578593157837321070e-01	7.541272337079303612e-02	3.085459879150995177e-02	7.989537204900097611e-02
1.285879322789574417e+03	2.370595875196005176e-01	1.532419008023548079e-01	2.655058246353422247e-01	1.579324529384459608e-01	7.544358676760073990e-02	3.087394550983381045e-02	7.994270182663090751e-02
1.287330653853671038e+03	2.368763328949844427e-01	1.531232636397060476e-01	2.656373283150308406e-01	1.580054605548696367e-01	7.547439592124416397e-02	3.089326858864155714e-02	7.998995008533227313e-02
1.288781984917767431e+03	2.366933903677658768e-01	1.530048252260603203e-01	2.657686095949802763e-01	1.580783388731404060e-01	7.550515093202724015e-02	3.091256804952909054e-02	8.003711695630577605e-02
1.290233315981864052e+03	2.365107594053398599e-01	1.528865852277951909e-01	2.658996688490284366e-01	1.581510881328910822e-01	7.553585190004018235e-02	3.093184391409653164e-02	8.008420257061772685e-02
