1.301360187473271253e+03	2.355080494547716063e-01	1.513347156147668016e-01	2.604530198810448005e-01	1.618334243563301356e-01	7.642096639834172755e-02	3.201190777216143812e-02	8.243791652239382262e-02
1.306197957686926657e+03	2.349159114508728163e-01	1.509411514988148739e-01	2.608270408088865788e-01	1.620976977033351252e-01	7.653170215825802480e-02	3.208292873881959245e-02	8.260356764082332770e-02
1.311035727900581833e+03	2.343271727078168332e-01	1.505497431407173958e-01	2.611988237494474729e-01	1.623604804426379278e-01	7.664183771444708915e-02	3.215364882714683709e-02	8.276829341759681102e-02
1.315873498114237009e+03	2.337418136854346740e-01	1.501604786609940512e-01	2.615683838271261608e-01	1.626217806367339092e-01	7.675137577792154331e-02	3.222406868415413073e-02	8.293209872744590483e-02
1.320711268327892412e+03	2.331598149575551948e-01	1.497733462453805231e-01	2.619357360385409228e-01	1.628816063082807741e-01	7.686031906063713059e-02	3.229418896570220715e-02	8.309498842371364213e-02
1.325549038541547588e+03	2.325811572113112846e-01	1.493883341444775525e-01	2.623008952539701011e-01	1.631399654402557464e-01	7.696867027515080784e-02	3.236401033628737850e-02	8.325696733835750984e-02
1.330386808755202765e+03	2.320058212464507219e-01	1.490054306734021894e-01	2.626638762187724629e-01	1.633968659761112496e-01	7.707643213428733153e-02	3.243353346883093985e-02	8.341804028195548559e-02
1.335224578968857941e+03	2.314337879746519722e-01	1.486246242114405425e-01	2.630246935547870257e-01	1.636523158199297556e-01	7.718360735081397639e-02	3.250275904447209180e-02	8.357821204371507218e-02
1.340062349182513572e+03	2.308650384188442595e-01	1.482459032017022504e-01	2.633833617617133416e-01	1.639063228365777725e-01	7.729019863712346949e-02	3.257168775236424924e-02	8.373748739148507980e-02
1.344900119396168748e+03	2.302995537125324399e-01	1.478692561507770342e-01	2.637398952184723533e-01	1.641588948518590274e-01	7.739620870492464055e-02	3.264032028947481262e-02	8.389587107177012837e-02
1.349737889609823924e+03	2.297373150991262325e-01	1.474946716283926096e-01	2.640943081845479878e-01	1.644100396526667895e-01	7.750164026494099634e-02	3.270865736038825605e-02	8.405336780974762001e-02
1.354575659823479100e+03	2.291783039312738635e-01	1.471221382670747369e-01	2.644466148013099871e-01	1.646597649871354985e-01	7.760649602661676139e-02	3.277669967711250437e-02	8.420998230928718187e-02
1.359413430037134731e+03	2.286225016702004842e-01	1.467516447618084918e-01	2.647968290933179758e-01	1.649080785647919489e-01	7.771077869783045433e-02	3.284444795888854379e-02	8.436571925297257912e-02
1.364251200250789907e+03	2.280698898850507528e-01	1.463831798697019793e-01	2.651449649696076549e-01	1.651549880567055317e-01	7.781449098461572234e-02	3.291190293200319666e-02	8.452058330212565418e-02
1.369088970464445310e+03	2.275204502522356897e-01	1.460167324096511010e-01	2.654910362249585098e-01	1.654005010956383082e-01	7.791763559088926705e-02	3.297906532960512976e-02	8.467457909683254180e-02
1.373926740678100487e+03	2.269741645547841413e-01	1.456522912620064336e-01	2.658350565411441990e-01	1.656446252761942517e-01	7.802021521818584826e-02	3.304593589152381161e-02	8.482771125597188266e-02
1.378764510891755890e+03	2.264310146816984337e-01	1.452898453682415214e-01	2.661770394881654567e-01	1.658873681549683787e-01	7.812223256540018479e-02	3.311251536409160617e-02	8.497998437724500753e-02
1.383602281105411066e+03	2.258909826273141630e-01	1.449293837306231958e-01	2.665169985254657870e-01	1.661287372506951576e-01	7.822369032853543347e-02	3.317880449996881559e-02	8.513140303720802271e-02
1.388440051319066470e+03	2.253540504906645092e-01	1.445708954118833378e-01	2.668549470031302828e-01	1.663687400443966957e-01	7.832459120045838497e-02	3.324480405797168581e-02	8.528197179130567185e-02
1.393277821532721646e+03	2.248202004748485472e-01	1.442143695348923338e-01	2.671908981630679580e-01	1.666073839795304823e-01	7.842493787066107114e-02	3.331051480290331268e-02	8.543169517390684919e-02
1.398115591746377049e+03	2.242894148864036374e-01	1.438597952823343351e-01	2.675248651401775368e-01	1.668446764621369927e-01	7.852473302502868679e-02	3.337593750538734444e-02	8.558057769834195860e-02
1.402953361960032225e+03	2.237616761346822580e-01	1.435071618963841278e-01	2.678568609634973674e-01	1.670806248609866818e-01	7.862397934561377033e-02	3.344107294170457073e-02	8.572862385694164644e-02
1.407791132173687402e+03	2.232369667312327222e-01	1.431564586783855286e-01	2.681868985573394593e-01	1.673152365077270332e-01	7.872267951041631018e-02	3.350592189363222478e-02	8.587583812107713044e-02
1.412628902387342805e+03	2.227152692891839758e-01	1.428076749885316132e-01	2.685149907424076443e-01	1.675485186970291640e-01	7.882083619316999912e-02	3.357048514828601948e-02	8.602222494120201346e-02
1.417466672600997981e+03	2.221965665226345032e-01	1.424608002455464983e-01	2.688411502369009720e-01	1.677804786867340969e-01	7.891845206313410910e-02	3.363476349796483411e-02	8.616778874689542955e-02
1.422304442814653157e+03	2.216808412460451738e-01	1.421158239263687062e-01	2.691653896576015059e-01	1.680111236979991429e-01	7.901552978489122248e-02	3.369875773999808644e-02	8.631253394690661940e-02
1.427142213028308333e+03	2.211680763736361688e-01	1.417727355658362498e-01	2.694877215209474097e-01	1.682404609154437847e-01	7.911207201815051437e-02	3.376246867659564443e-02	8.645646492920067150e-02
1.431979983241963964e+03	2.206582549187877662e-01	1.414315247563733280e-01	2.698081582440916559e-01	1.684684974872953933e-01	7.920808141755643350e-02	3.382589711470031235e-02	8.659958606100554013e-02
1.436817753455619140e+03	2.201513599934450116e-01	1.410921811476785748e-01	2.701267121459459686e-01	1.686952405255349452e-01	7.930356063250285081e-02	3.388904386584284945e-02	8.674190168886025676e-02
1.441655523669274316e+03	2.196473748075263022e-01	1.407546944464148908e-01	2.704433954482107771e-01	1.689206971060423224e-01	7.939851230695242623e-02	3.395190974599940348e-02	8.688341613866427948e-02
1.446493293882929493e+03	2.191462826683360232e-01	1.404190544159009957e-01	2.707582202763912926e-01	1.691448742687417517e-01	7.949293907926108238e-02	3.401449557545144914e-02	8.702413371572786938e-02
1.451331064096585123e+03	2.186480669799806265e-01	1.400852508758044512e-01	2.710711986607995394e-01	1.693677790177467724e-01	7.958684358200755760e-02	3.407680217864803712e-02	8.716405870482354934e-02
1.456168834310240300e+03	2.181527112427887327e-01	1.397532737018362115e-01	2.713823425375433418e-01	1.695894183215052864e-01	7.968022844182785780e-02	3.413883038407050652e-02	8.730319537023856213e-02
1.461006604523895703e+03	2.176601990527351760e-01	1.394231128254470875e-01	2.716916637495017661e-01	1.698097991129442763e-01	7.977309627925457947e-02	3.420058102409938988e-02	8.744154795582827211e-02
1.465844374737550879e+03	2.171705141008682949e-01	1.390947582335252397e-01	2.719991740472872954e-01	1.700289282896145782e-01	7.986544970856097880e-02	3.426205493488371917e-02	8.757912068507045511e-02
1.470682144951206283e+03	2.166836401727414152e-01	1.387681999680956957e-01	2.723048850901955142e-01	1.702468127138354048e-01	7.995729133760956509e-02	3.432325295621251049e-02	8.771591776112053207e-02
1.475519915164861459e+03	2.161995611478476909e-01	1.384434281260212285e-01	2.726088084471416928e-01	1.704634592128386750e-01	8.004862376770538468e-02	3.438417593138848316e-02	8.785194336686757977e-02
1.480357685378516862e+03	2.157182609990588029e-01	1.381204328587047614e-01	2.729109555975851031e-01	1.706788745789133421e-01	8.013944959345357943e-02	3.444482470710394373e-02	8.798720166499120199e-02
1.485195455592172038e+03	2.152397237920671280e-01	1.377992043717933823e-01	2.732113379324412339e-01	1.708930655695495571e-01	8.022977140262149698e-02	3.450520013331884878e-02	8.812169679801913624e-02
1.490033225805827215e+03	2.147639336848316816e-01	1.374797329248838296e-01	2.735099667549813485e-01	1.711060389075825805e-01	8.031959177600485333e-02	3.456530306314089390e-02	8.825543288838559597e-02
1.494870996019482618e+03	2.142908749270274193e-01	1.371620088312295038e-01	2.738068532817207190e-01	1.713178012813367512e-01	8.040891328729818377e-02	3.462513435270780232e-02	8.838841403849041767e-02
1.499708766233137567e+03	2.138205318594982307e-01	1.368460224574490902e-01	2.741020086432947589e-01	1.715283593447691490e-01	8.049773850296934596e-02	3.468469486107156330e-02	8.852064433075873540e-02
1.504546536446793198e+03	2.133528889137133733e-01	1.365317642232365958e-01	2.743954438853236089e-01	1.717377197176131742e-01	8.058606998213803385e-02	3.474398545008467593e-02	8.865212782770144628e-02
1.509384306660448374e+03	2.128879306112273495e-01	1.362192246010729413e-01	2.746871699692656210e-01	1.719458889855220718e-01	8.067391027645816337e-02	3.480300698428846762e-02	8.878286857197624504e-02
1.514222076874103550e+03	2.124256415631434747e-01	1.359083941159389686e-01	2.749771977732595740e-01	1.721528737002122056e-01	8.076126193000413012e-02	3.486176033080324449e-02	8.891287058644924135e-02
1.519059847087758726e+03	2.119660064695806367e-01	1.355992633450300577e-01	2.752655380929555085e-01	1.723586803796062772e-01	8.084812747916077236e-02	3.492024635922044706e-02	8.904213787425717397e-02
1.523897617301414357e+03	2.115090101191434979e-01	1.352918229174721598e-01	2.755522016423351817e-01	1.725633155079762115e-01	8.093450945251701167e-02	3.497846594149667254e-02	8.917067441887017998e-02
1.528735387515069533e+03	2.110546373883961935e-01	1.349860635140392728e-01	2.758371990545215313e-01	1.727667855360862093e-01	8.102041037076312957e-02	3.503641995184950120e-02	8.929848418415507749e-02
1.533573157728724709e+03	2.106028732413393612e-01	1.346819758668726108e-01	2.761205408825777585e-01	1.729690968813352991e-01	8.110583274659151354e-02	3.509410926665524483e-02	8.942557111443917572e-02
1.538410927942380113e+03	2.101537027288904180e-01	1.343795507592007443e-01	2.764022376002961412e-01	1.731702559278999742e-01	8.119077908460078929e-02	3.515153476434840912e-02	8.955193913457448751e-02
1.543248698156035516e+03	2.097071109883671958e-01	1.340787790250617950e-01	2.766822996029764670e-01	1.733702690268765778e-01	8.127525188120340860e-02	3.520869732532300178e-02	8.967759215000246920e-02
1.548086468369690692e+03	2.092630832429749344e-01	1.337796515490266847e-01	2.769607372081944741e-01	1.735691424964235230e-01	8.135925362453652609e-02	3.526559783183551983e-02	8.980253404681924623e-02
1.552924238583346096e+03	2.088216048012963844e-01	1.334821592659239942e-01	2.772375606565604111e-01	1.737668826219032903e-01	8.144278679437599866e-02	3.532223716790969942e-02	8.992676869184110244e-02
1.557762008797001272e+03	2.083826610567853788e-01	1.331862931605660993e-01	2.775127801124679938e-01	1.739634956560243972e-01	8.152585386205361828e-02	3.537861621924293792e-02	9.005029993267055222e-02
1.562599779010656675e+03	2.079462374872632358e-01	1.328920442674769442e-01	2.777864056648334246e-01	1.741589878189829244e-01	8.160845729037741192e-02	3.543473587311437439e-02	9.017313159776260689e-02
1.567437549224311852e+03	2.075123196544188531e-01	1.325994036706211743e-01	2.780584473278256419e-01	1.743533652986041238e-01	8.169059953355493897e-02	3.549059701829463537e-02	9.029526749649154083e-02
1.572275319437967255e+03	2.070808932033114946e-01	1.323083625031345190e-01	2.783289150415864110e-01	1.745466342504838064e-01	8.177228303711955859e-02	3.554620054495716275e-02	9.041671141921797661e-02
1.577113089651622431e+03	2.066519438618771298e-01	1.320189119470558670e-01	2.785978186729419215e-01	1.747388007981292013e-01	8.185351023785955582e-02	3.560154734459112374e-02	9.053746713735619234e-02
1.581950859865277607e+03	2.062254574404374374e-01	1.317310432330604797e-01	2.788651680161050583e-01	1.749298710331000373e-01	8.193428356375014043e-02	3.565663830991589595e-02	9.065753840344194237e-02
1.586788630078933011e+03	2.058014198312124177e-01	1.314447476401948423e-01	2.791309727933690144e-01	1.751198510151491250e-01	8.201460543388812419e-02	3.571147433479713446e-02	9.077692895120031968e-02
1.591626400292587959e+03	2.053798170078356689e-01	1.311600164956126524e-01	2.793952426557919644e-01	1.753087467723629667e-01	8.209447825842938751e-02	3.576605631416424763e-02	9.089564249561413178e-02
1.596464170506243590e+03	2.049606350248729114e-01	1.308768411743124749e-01	2.796579871838730802e-01	1.754965643013018384e-01	8.217390443852891357e-02	3.582038514392944795e-02	9.101368273299238754e-02
1.601301940719898766e+03	2.045438600173435095e-01	1.305952130988765336e-01	2.799192158882204406e-01	1.756833095671399003e-01	8.225288636628343142e-02	3.587446172090825308e-02	9.113105334103908939e-02
1.606139710933553943e+03	2.041294782002449626e-01	1.303151237392109196e-01	2.801789382102100601e-01	1.758689885038049183e-01	8.233142642467661254e-02	3.592828694274139562e-02	9.124775797892224760e-02
1.610977481147209119e+03	2.037174758680805331e-01	1.300365646122873808e-01	2.804371635226372561e-01	1.760536070141179021e-01	8.240952698752666838e-02	3.598186170781819682e-02	9.136380028734313041e-02
1.615815251360864750e+03	2.033078393943895390e-01	1.297595272818862500e-01	2.806939011303595244e-01	1.762371709699323830e-01	8.248719041943645969e-02	3.603518691520130046e-02	9.147918388860568073e-02
1.620653021574519926e+03	2.029005552312809213e-01	1.294840033583406769e-01	2.809491602709312530e-01	1.764196862122733855e-01	8.256441907574582628e-02	3.608826346455280831e-02	9.159391238668625201e-02
1.625490791788175102e+03	2.024956099089695316e-01	1.292099844982824430e-01	2.812029501152314426e-01	1.766011585514762616e-01	8.264121530248635938e-02	3.614109225606176867e-02	9.170798936730331641e-02
1.630328562001830505e+03	2.020929900353153896e-01	1.289374624043889139e-01	2.814552797680826557e-01	1.767815937673253568e-01	8.271758143633833882e-02	3.619367419037296946e-02	9.182141839798753369e-02
1.635166332215485909e+03	2.016926822953657994e-01	1.286664288251314625e-01	2.817061582688629162e-01	1.769609976091920944e-01	8.279351980458991844e-02	3.624601016851707047e-02	9.193420302815188960e-02
1.640004102429141085e+03	2.012946734509003521e-01	1.283968755545251139e-01	2.819555945921100593e-01	1.771393757961731152e-01	8.286903272509847651e-02	3.629810109184204020e-02	9.204634678916197299e-02
1.644841872642796488e+03	2.008989503399786769e-01	1.281287944318796335e-01	2.822035976481187536e-01	1.773167340172278617e-01	8.294412250625397831e-02	3.634994786194580690e-02	9.215785319440646106e-02
1.649679642856451665e+03	2.005054998764912721e-01	1.278621773415516416e-01	2.824501762835296415e-01	1.774930779313162177e-01	8.301879144694453150e-02	3.640155138061023504e-02	9.226872573936768795e-02
1.654517413070107068e+03	2.001143090497127519e-01	1.275970162126985608e-01	2.826953392819122612e-01	1.776684131675354272e-01	8.309304183652381492e-02	3.645291254973627437e-02	9.237896790169224104e-02
1.659355183283762244e+03	1.997253649238581730e-01	1.273333030190332560e-01	2.829390953643400319e-01	1.778427453252571788e-01	8.316687595478058914e-02	3.650403227128033029e-02	9.248858314126180702e-02
1.664192953497417420e+03	1.993386546376420820e-01	1.270710297785805076e-01	2.831814531899587983e-01	1.780160799742639688e-01	8.324029607191002489e-02	3.655491144719186930e-02	9.259757490026405968e-02
1.669030723711072824e+03	1.989541654038401164e-01	1.268101885534344553e-01	2.834224213565484374e-01	1.781884226548855477e-01	8.331330444848700223e-02	3.660555097935216246e-02	9.270594660326358927e-02
1.673868493924728000e+03	1.985718845088535467e-01	1.265507714495173464e-01	2.836620084010773590e-01	1.783597788781347837e-01	8.338590333544115829e-02	3.665595176951416678e-02	9.281370165727294286e-02
1.678706264138383403e+03	1.981917993122764843e-01	1.262927706163397834e-01	2.839002228002507899e-01	1.785301541258432489e-01	8.345809497403373911e-02	3.670611471924359326e-02	9.292084345182372029e-02
1.683544034352038352e+03	1.978138972464655310e-01	1.260361782467618874e-01	2.841370729710522292e-01	1.786995538507966663e-01	8.352988159583621397e-02	3.675604072986105725e-02	9.302737535903778110e-02
1.688381804565693983e+03	1.974381658161124542e-01	1.257809865767560431e-01	2.843725672712786867e-01	1.788679834768698296e-01	8.360126542271065220e-02	3.680573070238533917e-02	9.313330073369840978e-02
1.693219574779349159e+03	1.970645925978193325e-01	1.255271878851708101e-01	2.846067140000689832e-01	1.790354483991613010e-01	8.367224866679164041e-02	3.685518553747774845e-02	9.323862291332155050e-02
1.698057344993004335e+03	1.966931652396762820e-01	1.252747744934960550e-01	2.848395213984267205e-01	1.792019539841278319e-01	8.374283353046986511e-02	3.690440613538752135e-02	9.334334521822712505e-02
1.702895115206659511e+03	1.963238714608418201e-01	1.250237387656292776e-01	2.850709976497360354e-01	1.793675055697181997e-01	8.381302220637738831e-02	3.695339339589831518e-02	9.344747095161035078e-02
1.707732885420315142e+03	1.959566990511259765e-01	1.247740731076433379e-01	2.853011508802719698e-01	1.795321084655070731e-01	8.388281687737431103e-02	3.700214821827570166e-02	9.355100339961301692e-02
1.712570655633970318e+03	1.955916358705757085e-01	1.245257699675552387e-01	2.855299891597046225e-01	1.796957679528282670e-01	8.395221971653706039e-02	3.705067150121565261e-02	9.365394583139483031e-02
1.717408425847625494e+03	1.952286698490630634e-01	1.242788218350963370e-01	2.857575205015973063e-01	1.798584892849076633e-01	8.402123288714814786e-02	3.709896414279410803e-02	9.375630149920474721e-02
1.722246196061280898e+03	1.948677889858758949e-01	1.240332212414835822e-01	2.859837528638989879e-01	1.800202776869959387e-01	8.408985854268724580e-02	3.714702704041746018e-02	9.385807363845231899e-02
1.727083966274936301e+03	1.945089813493109387e-01	1.237889607591921015e-01	2.862086941494307313e-01	1.801811383565007640e-01	8.415809882682387388e-02	3.719486109077405067e-02	9.395926546777898236e-02
1.731921736488591478e+03	1.941522350762695248e-01	1.235460330017289082e-01	2.864323522063670358e-01	1.803410764631187824e-01	8.422595587341126511e-02	3.724246718978656973e-02	9.405988018912934956e-02
1.736759506702246881e+03	1.937975383718557876e-01	1.233044306234079429e-01	2.866547348287110109e-01	1.805000971489670869e-01	8.429343180648163347e-02	3.728984623256547531e-02	9.415992098782251241e-02
1.741597276915902057e+03	1.934448795089772632e-01	1.230641463191262108e-01	2.868758497567641119e-01	1.806582055287145328e-01	8.436052874024287107e-02	3.733699911336324506e-02	9.425939103262320762e-02
1.746435047129557461e+03	1.930942468279479296e-01	1.228251728241410989e-01	2.870957046775910460e-01	1.808154066897124101e-01	8.442724877907623049e-02	3.738392672552964119e-02	9.435829347581310700e-02
1.751272817343212637e+03	1.927456287360937714e-01	1.225875029138489558e-01	2.873143072254785713e-01	1.809717056921249234e-01	8.449359401753557541e-02	3.743062996146776650e-02	9.445663145326185783e-02
1.756110587556867813e+03	1.923990137073606499e-01	1.223511294035648650e-01	2.875316649823896342e-01	1.811271075690593091e-01	8.455956654034763043e-02	3.747710971259108487e-02	9.455440808449830370e-02
1.760948357770523216e+03	1.920543902819248083e-01	1.221160451483034592e-01	2.877477854784116773e-01	1.812816173266954545e-01	8.462516842241345205e-02	3.752336686928125359e-02	9.465162647278142771e-02
1.765786127984178393e+03	1.917117470658054046e-01	1.218822430425610948e-01	2.879626761922004508e-01	1.814352399444152941e-01	8.469040172881106554e-02	3.756940232084685777e-02	9.474828970517136517e-02
1.770623898197833569e+03	1.913710727304797354e-01	1.216497160200990524e-01	2.881763445514185507e-01	1.815879803749315680e-01	8.475526851479926738e-02	3.761521695548296351e-02	9.484440085260036069e-02
1.775461668411488745e+03	1.910323560125005982e-01	1.214184570537279462e-01	2.883887979331690166e-01	1.817398435444164961e-01	8.481977082582239924e-02	3.766081166023148297e-02	9.493996296994354489e-02
1.780299438625144376e+03	1.906955857131161503e-01	1.211884591550933116e-01	2.886000436644238221e-01	1.818908343526297322e-01	8.488391069751634321e-02	3.770618732094237202e-02	9.503497909608973893e-02
1.785137208838799552e+03	1.903607506978919339e-01	1.209597153744622761e-01	2.888100890224478134e-01	1.820409576730463441e-01	8.494769015571541904e-02	3.775134482223563293e-02	9.512945225401210625e-02
1.789974979052454728e+03	1.900278398963353987e-01	1.207322188005114233e-01	2.890189412352175968e-01	1.821902183529839070e-01	8.501111121646034996e-02	3.779628504746409406e-02	9.522338545083876282e-02
1.794812749266109904e+03	1.896968423015225058e-01	1.205059625601158368e-01	2.892266074818362620e-01	1.823386212137295126e-01	8.507417588600721392e-02	3.784100887867697383e-02	9.531678167792324852e-02
1.799650519479765535e+03	1.893677469697267746e-01	1.202809398181391293e-01	2.894330948929426661e-01	1.824861710506663903e-01	8.513688616083733840e-02	3.788551719658424244e-02	9.540964391091499852e-02
1.804488289693420711e+03	1.890405430200504111e-01	1.200571437772247618e-01	2.896384105511171647e-01	1.826328726333999175e-01	8.519924402766815286e-02	3.792981088052162220e-02	9.550197510982953719e-02
1.809326059907075887e+03	1.887152196340579902e-01	1.198345676775884050e-01	2.898425614912817361e-01	1.827787307058833521e-01	8.526125146346490158e-02	3.797389080841647585e-02	9.559377821911874129e-02
1.814163830120731291e+03	1.883917660554119688e-01	1.196132047968113815e-01	2.900455547010966084e-01	1.829237499865431493e-01	8.532291043545327247e-02	3.801775785675432645e-02	9.568505616774090894e-02
1.819001600334386467e+03	1.880701715895106707e-01	1.193930484496353028e-01	2.902473971213519466e-01	1.830679351684038891e-01	8.538422290113291402e-02	3.806141290054612658e-02	9.577581186923071754e-02
1.823839370548041643e+03	1.877504256031284902e-01	1.191740919877577465e-01	2.904480956463555419e-01	1.832112909192127048e-01	8.544519080829174329e-02	3.810485681329622842e-02	9.586604822176907070e-02
1.828677140761696819e+03	1.874325175240581232e-01	1.189563287996290575e-01	2.906476571243161722e-01	1.833538218815633225e-01	8.550581609502105884e-02	3.814809046697102690e-02	9.595576810825280634e-02
1.833514910975352450e+03	1.871164368407550460e-01	1.187397523102502461e-01	2.908460883577224654e-01	1.834955326730196568e-01	8.556610068973150018e-02	3.819111473196835915e-02	9.604497439636430767e-02
1.838352681189008081e+03	1.868021731019841869e-01	1.185243559809719266e-01	2.910433961037180994e-01	1.836364278862391564e-01	8.562604651116972887e-02	3.823393047708743830e-02	9.613366993864100318e-02
1.843190451402663257e+03	1.864897159164686791e-01	1.183101333092944213e-01	2.912395870744727833e-01	1.837765120890955117e-01	8.568565546843588676e-02	3.827653856949962685e-02	9.622185757254461680e-02
1.848028221616318433e+03	1.861790549525408345e-01	1.180970778286688921e-01	2.914346679375489080e-01	1.839157898248009460e-01	8.574492946100176205e-02	3.831893987471969576e-02	9.630954012053045965e-02
1.852865991829973609e+03	1.858701799377950603e-01	1.178851831082994711e-01	2.916286453162647563e-01	1.840542656120282838e-01	8.580387037872966305e-02	3.836113525657785378e-02	9.639672039011640270e-02
1.857703762043628785e+03	1.855630806587429682e-01	1.176744427529466674e-01	2.918215257900532711e-01	1.841919439450324103e-01	8.586248010189204138e-02	3.840312557719229719e-02	9.648340117395180771e-02
1.862541532257283961e+03	1.852577469604707316e-01	1.174648504027315382e-01	2.920133158948174934e-01	1.843288292937712569e-01	8.592076050119165642e-02	3.844491169694246729e-02	9.656958524988629167e-02
1.867379302470939592e+03	1.849541687462981920e-01	1.172563997329412189e-01	2.922040221232816704e-01	1.844649261040265942e-01	8.597871343778247522e-02	3.848649447444286303e-02	9.665527538103836636e-02
1.872217072684594768e+03	1.846523359774402961e-01	1.170490844538352726e-01	2.923936509253390881e-01	1.846002387975241021e-01	8.603634076329125246e-02	3.852787476651750587e-02	9.674047431586384194e-02
1.877054842898249490e+03	1.843522386726703932e-01	1.168428983104531915e-01	2.925822087083957967e-01	1.847347717720532190e-01	8.609364431983958232e-02	3.856905342817492505e-02	9.682518478822416119e-02
1.881892613111905121e+03	1.840538669079857248e-01	1.166378350824229387e-01	2.927697018377111715e-01	1.848685294015865177e-01	8.615062594006665797e-02	3.861003131258378129e-02	9.690940951745449783e-02
1.886730383325560297e+03	1.837572108162746909e-01	1.164338885837704618e-01	2.929561366367342545e-01	1.850015160363985278e-01	8.620728744715251690e-02	3.865080927104904557e-02	9.699315120843181315e-02
1.891568153539215928e+03	1.834622605869865586e-01	1.162310526627303026e-01	2.931415193874370440e-01	1.851337360031841683e-01	8.626363065484200787e-02	3.869138815298874684e-02	9.707641255164253802e-02
1.896405923752871104e+03	1.831690064658025863e-01	1.160293212015571784e-01	2.933258563306441191e-01	1.852651936051769033e-01	8.631965736746902151e-02	3.873176880591125415e-02	9.715919622325032423e-02
1.901243693966526507e+03	1.828774387543095625e-01	1.158286881163386600e-01	2.935091536663588796e-01	1.853958931222662310e-01	8.637536937998153974e-02	3.877195207539313460e-02	9.724150488516344892e-02
1.906081464180181683e+03	1.825875478096751492e-01	1.156291473568087508e-01	2.936914175540860650e-01	1.855258388111147849e-01	8.643076847796696272e-02	3.881193880505751093e-02	9.732334118510214960e-02
1.910919234393836859e+03	1.822993240443252227e-01	1.154306929061625353e-01	2.938726541131514991e-01	1.856550349052751292e-01	8.648585643767815745e-02	3.885172983655297424e-02	9.740470775666577874e-02
1.915757004607492036e+03	1.820127579256231032e-01	1.152333187808718545e-01	2.940528694230180040e-01	1.857834856153059711e-01	8.654063502605970071e-02	3.889132600953301711e-02	9.748560721939963924e-02
1.920594774821147894e+03	1.817278399755506701e-01	1.150370190305019386e-01	2.942320695235982053e-01	1.859111951288878739e-01	8.659510600077482967e-02	3.893072816163593852e-02	9.756604217886183372e-02
1.925432545034802843e+03	1.814445607703915608e-01	1.148417877375290247e-01	2.944102604155640068e-01	1.860381676109388316e-01	8.664927111023273953e-02	3.896993712846531094e-02	9.764601522668983624e-02
1.930270315248458019e+03	1.811629109404160887e-01	1.146476190171590165e-01	2.945874480606532342e-01	1.861644072037289266e-01	8.670313209361625584e-02	3.900895374357091216e-02	9.772552894066685591e-02
1.935108085462113195e+03	1.808828811695681327e-01	1.144545070171470724e-01	2.947636383819727257e-01	1.862899180269950161e-01	8.675669068091006186e-02	3.904777883843010833e-02	9.780458588478808946e-02
1.939945855675768371e+03	1.806044621951539697e-01	1.142624459176181800e-01	2.949388372642986478e-01	1.864147041780546687e-01	8.680994859292923138e-02	3.908641324242979886e-02	9.788318860932668231e-02
1.944783625889424002e+03	1.803276448075328275e-01	1.140714299308887014e-01	2.951130505543734794e-01	1.865387697319196569e-01	8.686290754134812220e-02	3.912485778284874316e-02	9.796133965089960649e-02
1.949621396103079178e+03	1.800524198498094086e-01	1.138814533012889318e-01	2.952862840612001105e-01	1.866621187414092553e-01	8.691556922872975544e-02	3.916311328484039372e-02	9.803904153253330256e-02
1.954459166316734354e+03	1.797787782175281068e-01	1.136925103049865882e-01	2.954585435563329421e-01	1.867847552372627340e-01	8.696793534855547236e-02	3.920118057141622897e-02	9.811629676372909947e-02
1.959296936530389530e+03	1.795067108583693061e-01	1.135045952498111715e-01	2.956298347741660448e-01	1.869066832282517410e-01	8.702000758525502144e-02	3.923906046342942600e-02	9.819310784052844021e-02
1.964134706744044706e+03	1.792362087718472330e-01	1.133177024750795098e-01	2.958001634122184864e-01	1.870279067012919627e-01	8.707178761423683966e-02	3.927675377955906072e-02	9.826947724557801023e-02
1.968972476957700337e+03	1.789672630090098637e-01	1.131318263514219241e-01	2.959695351314167722e-01	1.871484296215544796e-01	8.712327710191884733e-02	3.931426133629473824e-02	9.834540744819447733e-02
1.973810247171355968e+03	1.786998646721402462e-01	1.129469612806096590e-01	2.961379555563742327e-01	1.872682559325767604e-01	8.717447770575939558e-02	3.935158394792158398e-02	9.842090090442923156e-02
1.978648017385010689e+03	1.784340049144600426e-01	1.127631016953830473e-01	2.963054302756679137e-01	1.873873895563729075e-01	8.722539107428858851e-02	3.938872242650574146e-02	9.849596005713279201e-02
1.983485787598666320e+03	1.781696749398346824e-01	1.125802420592806607e-01	2.964719648421128007e-01	1.875058343935437077e-01	8.727601884713992453e-02	3.942567758188020299e-02	9.857058733601906098e-02
1.988323557812321269e+03	1.779068660024800130e-01	1.123983768664694044e-01	2.966375647730327136e-01	1.876235943233862669e-01	8.732636265508217366e-02	3.946245022163112626e-02	9.864478515772932832e-02
1.993161328025976900e+03	1.776455694066711444e-01	1.122175006415755127e-01	2.968022355505293697e-01	1.877406732040028670e-01	8.737642412005149073e-02	3.949904115108446301e-02	9.871855592589616479e-02
1.997999098239632076e+03	1.773857765064527359e-01	1.120376079395164898e-01	2.969659826217481702e-01	1.878570748724097961e-01	8.742620485518386164e-02	3.953545117329305275e-02	9.879190203120698233e-02
2.002836868453287707e+03	1.771274787053510325e-01	1.118586933453339372e-01	2.971288113991414903e-01	1.879728031446453451e-01	8.747570646484778556e-02	3.957168108902407028e-02	9.886482585146746938e-02
2.007674638666942428e+03	1.768706674560877046e-01	1.116807514740273677e-01	2.972907272607296369e-01	1.880878618158776661e-01	8.752493054467708200e-02	3.960773169674685484e-02	9.893732975166479038e-02
2.012512408880597604e+03	1.766153342602954091e-01	1.115037769703887127e-01	2.974517355503590865e-01	1.882022546605120472e-01	8.757387868160414202e-02	3.964360379262111406e-02	9.900941608403059091e-02
2.017350179094252780e+03	1.763614706682349043e-01	1.113277645088380369e-01	2.976118415779581694e-01	1.883159854322975779e-01	8.762255245389312386e-02	3.967929817048550939e-02	9.908108718810373916e-02
2.022187949307908411e+03	1.761090682785139139e-01	1.111527087932598773e-01	2.977710506197904228e-01	1.884290578644336744e-01	8.767095343117362050e-02	3.971481562184659558e-02	9.915234539079294251e-02
2.027025719521564042e+03	1.758581187378078226e-01	1.109786045568406376e-01	2.979293679187051680e-01	1.885414756696759397e-01	8.771908317447432712e-02	3.975015693586807924e-02	9.922319300643904494e-02
2.031863489735218764e+03	1.756086137405817593e-01	1.108054465619067869e-01	2.980867986843861450e-01	1.886532425404416902e-01	8.776694323625701399e-02	3.978532289936048683e-02	9.929363233687717172e-02
2.036701259948874394e+03	1.753605450288144574e-01	1.106332295997639603e-01	2.982433480935973713e-01	1.887643621489148160e-01	8.781453516045062413e-02	3.982031429677115875e-02	9.936366567149867990e-02
2.041539030162529116e+03	1.751139043917238347e-01	1.104619484905369625e-01	2.983990212904267803e-01	1.888748381471506144e-01	8.786186048248556535e-02	3.985513191017454881e-02	9.943329528731278955e-02
2.046376800376184747e+03	1.748686836654940735e-01	1.102915980830106030e-01	2.985538233865276947e-01	1.889846741671795671e-01	8.790892072932814105e-02	3.988977651926289836e-02	9.950252344900811785e-02
2.051214570589840150e+03	1.746248747330043649e-01	1.101221732544714338e-01	2.987077594613576914e-01	1.890938738211113967e-01	8.795571741951516143e-02	3.992424890133720178e-02	9.957135240901389406e-02
2.056052340803495554e+03	1.743824695235592637e-01	1.099536689105503062e-01	2.988608345624153007e-01	1.892024407012380116e-01	8.800225206318867954e-02	3.995854983129852600e-02	9.963978440756106336e-02
2.060890111017150957e+03	1.741414600126207912e-01	1.097860799850658292e-01	2.990130537054745963e-01	1.893103783801363682e-01	8.804852616213092176e-02	3.999268008163960747e-02	9.970782167274301611e-02
2.065727881230805451e+03	1.739018382215417324e-01	1.096194014398686883e-01	2.991644218748175654e-01	1.894176904107708337e-01	8.809454120979923197e-02	4.002664042243683079e-02	9.977546642057624759e-02
2.070565651444461309e+03	1.736635962173009307e-01	1.094536282646867281e-01	2.993149440234640357e-01	1.895243803265950489e-01	8.814029869136126571e-02	4.006043162134241553e-02	9.984272085506071259e-02
2.075403421658116713e+03	1.734267261122399983e-01	1.092887554769709918e-01	2.994646250733996595e-01	1.896304516416533470e-01	8.818580008373017032e-02	4.009405444357698467e-02	9.990958716823997166e-02
2.080241191871772116e+03	1.731912200638014154e-01	1.091247781217425522e-01	2.996134699158017889e-01	1.897359078506817565e-01	8.823104685560008431e-02	4.012750965192236896e-02	9.997606754026111542e-02
2.085078962085427065e+03	1.729570702742684873e-01	1.089616912714401753e-01	2.997614834112631854e-01	1.898407524292085868e-01	8.827604046748144251e-02	4.016079800671477906e-02	1.000421641394344946e-01
2.089916732299082469e+03	1.727242689905066075e-01	1.087994900257687747e-01	2.999086703900135098e-01	1.899449888336544046e-01	8.832078237173660029e-02	4.019392026583814420e-02	1.001078791222931169e-01
2.094754502512737417e+03	1.724928085037061853e-01	1.086381695115487822e-01	3.000550356521389794e-01	1.900486205014318419e-01	8.836527401261549952e-02	4.022687718471788104e-02	1.001732146336520024e-01
2.099592272726392821e+03	1.722626811491269339e-01	1.084777248825662815e-01	3.002005839677999721e-01	1.901516508510446846e-01	8.840951682629133446e-02	4.025966951631479440e-02	1.002381728066671362e-01
2.104430042940048224e+03	1.720338793058439064e-01	1.083181513194239887e-01	3.003453200774464094e-01	1.902540832821867922e-01	8.845351224089639808e-02	4.029229801111935960e-02	1.003027557628942829e-01
2.109267813153704083e+03	1.718063953964947543e-01	1.081594440293930093e-01	3.004892486920314187e-01	1.903559211758402980e-01	8.849726167655791453e-02	4.032476341714619911e-02	1.003669656123475640e-01
2.114105583367359031e+03	1.715802218870287332e-01	1.080015982462654289e-01	3.006323744932228315e-01	1.904571678943735025e-01	8.854076654543396874e-02	4.035706647992885060e-02	1.004308044535578287e-01
2.118943353581013525e+03	1.713553512864570694e-01	1.078446092302077497e-01	3.007747021336129589e-01	1.905578267816384064e-01	8.858402825174947759e-02	4.038920794251479873e-02	1.004942743736307320e-01
2.123781123794669384e+03	1.711317761466046861e-01	1.076884722676150347e-01	3.009162362369262600e-01	1.906579011630676057e-01	8.862704819183224447e-02	4.042118854546076362e-02	1.005573774483046329e-01
2.128618894008324787e+03	1.709094890618636231e-01	1.075331826709659266e-01	3.010569813982251208e-01	1.907573943457710197e-01	8.866982775414902762e-02	4.045300902682820443e-02	1.006201157420082704e-01
2.133456664221980191e+03	1.706884826689478718e-01	1.073787357786784580e-01	3.011969421841139694e-01	1.908563096186318975e-01	8.871236831934165012e-02	4.048467012217911443e-02	1.006824913079182177e-01
2.138294434435635139e+03	1.704687496466494312e-01	1.072251269549665681e-01	3.013361231329416134e-01	1.909546502524024358e-01	8.875467126026309606e-02	4.051617256457199640e-02	1.007445061880160309e-01
2.143132204649290543e+03	1.702502827155959741e-01	1.070723515896975647e-01	3.014745287550011921e-01	1.910524194997993142e-01	8.879673794201375925e-02	4.054751708455814341e-02	1.008061624131452311e-01
2.147969974862945492e+03	1.700330746380100677e-01	1.069204050982501542e-01	3.016121635327288497e-01	1.911496205955982297e-01	8.883856972197758106e-02	4.057870441017811386e-02	1.008674620030681340e-01
2.152807745076601350e+03	1.698171182174694760e-01	1.067692829213734151e-01	3.017490319209008010e-01	1.912462567567284055e-01	8.888016794985831304e-02	4.060973526695841468e-02	1.009284069665222772e-01
2.157645515290255844e+03	1.696024062986692393e-01	1.066189805250465084e-01	3.018851383468277860e-01	1.913423311823666262e-01	8.892153396771566853e-02	4.064061037790846209e-02	1.009889993012767495e-01
2.162483285503912157e+03	1.693889317671848360e-01	1.064694934003391352e-01	3.020204872105488048e-01	1.914378470540306354e-01	8.896266911000162703e-02	4.067133046351772280e-02	1.010492409941882441e-01
2.167321055717567106e+03	1.691766875492370092e-01	1.063208170632726768e-01	3.021550828850225190e-01	1.915328075356722282e-01	8.900357470359661349e-02	4.070189624175307719e-02	1.011091340212568884e-01
2.172158825931222509e+03	1.689656666114577321e-01	1.061729470546822901e-01	3.022889297163169342e-01	1.916272157737700099e-01	8.904425206784574720e-02	4.073230842805642543e-02	1.011686803476818525e-01
2.176996596144877003e+03	1.687558619606576993e-01	1.060258789400795737e-01	3.024220320237979154e-01	1.917210748974215173e-01	8.908470251459510436e-02	4.076256773534243927e-02	1.012278819279167213e-01
2.181834366358532861e+03	1.685472666435952060e-01	1.058796083095160934e-01	3.025543941003154824e-01	1.918143880184351724e-01	8.912492734822785589e-02	4.079267487399657055e-02	1.012867407057246177e-01
2.186672136572187810e+03	1.683398737467462492e-01	1.057341307774475880e-01	3.026860202123887733e-01	1.919071582314214319e-01	8.916492786570054396e-02	4.082263055187327488e-02	1.013452586142331302e-01
2.191509906785843214e+03	1.681336763960761260e-01	1.055894419825990083e-01	3.028169146003892864e-01	1.919993886138839367e-01	8.920470535657921973e-02	4.085243547429439487e-02	1.014034375759889917e-01
2.196347676999498617e+03	1.679286677568122277e-01	1.054455375878302209e-01	3.029470814787226796e-01	1.920910822263099393e-01	8.924426110307558113e-02	4.088209034404771680e-02	1.014612795030125775e-01
2.201185447213154021e+03	1.677248410332183859e-01	1.053024132800023938e-01	3.030765250360087371e-01	1.921822421122604541e-01	8.928359638008319388e-02	4.091159586138579107e-02	1.015187862968520011e-01
2.206023217426809424e+03	1.675221894683701918e-01	1.051600647698452962e-01	3.032052494352598937e-01	1.922728712984598520e-01	8.932271245521347658e-02	4.094095272402489827e-02	1.015759598486372928e-01
2.210860987640464373e+03	1.673207063439320630e-01	1.050184877918251963e-01	3.033332588140583708e-01	1.923629727948852064e-01	8.936161058883185238e-02	4.097016162714418874e-02	1.016328020391340098e-01
2.215698757854119776e+03	1.671203849799352548e-01	1.048776781040134248e-01	3.034605572847315913e-01	1.924525495948550824e-01	8.940029203409370628e-02	4.099922326338501649e-02	1.016893147387968599e-01
2.220536528067775180e+03	1.669212187345573417e-01	1.047376314879558123e-01	3.035871489345260410e-01	1.925416046751179111e-01	8.943875803698046745e-02	4.102813832285046036e-02	1.017454998078229644e-01
2.225374298281430583e+03	1.667232010039030321e-01	1.045983437485427658e-01	3.037130378257796859e-01	1.926301409959400579e-01	8.947700983633544158e-02	4.105690749310500487e-02	1.018013590962049547e-01
2.230212068495085077e+03	1.665263252217861756e-01	1.044598107138800802e-01	3.038382279960933907e-01	1.927181615011933635e-01	8.951504866389978221e-02	4.108553145917440835e-02	1.018568944437838464e-01
2.235049838708740936e+03	1.663305848595129921e-01	1.043220282351604022e-01	3.039627234584997284e-01	1.928056691184422689e-01	8.955287574434829534e-02	4.111401090354570992e-02	1.019121076803016224e-01
2.239887608922396339e+03	1.661359734256667442e-01	1.041849921865354439e-01	3.040865282016318449e-01	1.928926667590306343e-01	8.959049229532524417e-02	4.114234650616743760e-02	1.019670006254536493e-01
2.244725379136052197e+03	1.659424844658936027e-01	1.040486984649889313e-01	3.042096461898896598e-01	1.929791573181680320e-01	8.962789952748004274e-02	4.117053894444996920e-02	1.020215750889408302e-01
2.249563149349706237e+03	1.657501115626895949e-01	1.039131429902101500e-01	3.043320813636051780e-01	1.930651436750156491e-01	8.966509864450297740e-02	4.119858889326602491e-02	1.020758328705215490e-01
2.254400919563362095e+03	1.655588483351891071e-01	1.037783217044682960e-01	3.044538376392064150e-01	1.931506286927718308e-01	8.970209084316076165e-02	4.122649702495135432e-02	1.021297757600634071e-01
2.259238689777017044e+03	1.653686884389543310e-01	1.036442305724875057e-01	3.045749189093798215e-01	1.932356152187570952e-01	8.973887731333211881e-02	4.125426400930554821e-02	1.021834055375946682e-01
2.264076459990672902e+03	1.651796255657662360e-01	1.035108655813224143e-01	3.046953290432316552e-01	1.933201060844989549e-01	8.977545923804321204e-02	4.128189051359302392e-02	1.022367239733555228e-01
