1.001418434226643626e+03	2.825719354102408376e-01	1.769526194023260390e-01	2.335715167980443319e-01	1.406781633226656947e-01	6.890236957110047744e-02	2.734522361987981598e-02	6.997817187572333286e-02
1.002869765290740247e+03	2.823181239389035979e-01	1.767849624490742677e-01	2.337455844259695714e-01	1.407850490439348234e-01	6.894674502254309612e-02	2.737295188354094133e-02	7.004658323601420378e-02
1.004321096354836754e+03	2.820647447410858932e-01	1.766175911896119277e-01	2.339193346940046103e-01	1.408917534163184604e-01	6.899104656862473095e-02	2.740064829202134775e-02	7.011488109831352789e-02
1.005772427418933376e+03	2.818117970781431336e-01	1.764505051350072073e-01	2.340927681748957434e-01	1.409982767912741908e-01	6.903527434490140668e-02	2.742831284195754518e-02	7.018306563380116714e-02
1.007223758483029997e+03	2.815592802127039884e-01	1.762837037971755061e-01	2.342658854403213975e-01	1.411046195193384201e-01	6.907942848661802193e-02	2.745594553023151044e-02	7.025113701359150808e-02
1.008675089547126618e+03	2.813071934086680548e-01	1.761171866888778248e-01	2.344386870608944906e-01	1.412107819501298989e-01	6.912350912870944553e-02	2.748354635396922305e-02	7.031909540873136633e-02
1.010126420611223239e+03	2.810555359312035817e-01	1.759509533237191559e-01	2.346111736061650133e-01	1.413167644323538030e-01	6.916751640580151572e-02	2.751111531053922546e-02	7.038694099019798811e-02
1.011577751675319632e+03	2.808043070467452496e-01	1.757850032161471510e-01	2.347833456446223599e-01	1.414225673138053141e-01	6.921145045221209491e-02	2.753865239755117628e-02	7.045467392889698255e-02
1.013029082739416367e+03	2.805535060229917832e-01	1.756193358814503447e-01	2.349552037436979102e-01	1.415281909413733108e-01	6.925531140195215207e-02	2.756615761285443125e-02	7.052229439566033709e-02
1.014480413803512761e+03	2.803031321289039535e-01	1.754539508357569610e-01	2.351267484697673049e-01	1.416336356610441993e-01	6.929909938872674813e-02	2.759363095453660000e-02	7.058980256124446073e-02
1.015931744867609382e+03	2.800531846347022458e-01	1.752888475960331094e-01	2.352979803881529997e-01	1.417389018179055216e-01	6.934281454593609062e-02	2.762107242092214435e-02	7.065719859632818567e-02
1.017383075931706003e+03	2.798036628118643621e-01	1.751240256800814243e-01	2.354689000631265405e-01	1.418439897561496466e-01	6.938645700667654681e-02	2.764848201057095931e-02	7.072448267151085211e-02
1.018834406995802851e+03	2.795545659331233335e-01	1.749594846065395115e-01	2.356395080579110624e-01	1.419488998190774065e-01	6.943002690374165675e-02	2.767585972227697144e-02	7.079165495731040703e-02
1.020285738059899245e+03	2.793058932724651888e-01	1.747952238948784764e-01	2.358098049346836478e-01	1.420536323491017050e-01	6.947352436962314637e-02	2.770320555506673374e-02	7.085871562416148906e-02
1.021737069123995752e+03	2.790576441051266232e-01	1.746312430654013981e-01	2.359797912545776588e-01	1.421581876877510697e-01	6.951694953651194053e-02	2.773051950819803435e-02	7.092566484241358271e-02
1.023188400188092373e+03	2.788098177075929440e-01	1.744675416392418577e-01	2.361494675776851793e-01	1.422625661756733439e-01	6.956030253629916227e-02	2.775780158115852617e-02	7.099250278232920042e-02
1.024639731252188767e+03	2.785624133575957395e-01	1.743041191383624677e-01	2.363188344630593463e-01	1.423667681526391282e-01	6.960358350057713195e-02	2.778505177366433210e-02	7.105922961408199512e-02
1.026091062316285615e+03	2.783154303341106584e-01	1.741409750855532623e-01	2.364878924687167094e-01	1.424707939575454441e-01	6.964679256064035262e-02	2.781227008565868505e-02	7.112584550775499781e-02
1.027542393380382237e+03	2.780688679173553002e-01	1.739781090044303091e-01	2.366566421516394791e-01	1.425746439284190648e-01	6.968992984748652308e-02	2.783945651731056098e-02	7.119235063333881341e-02
1.028993724444478858e+03	2.778227253887869397e-01	1.738155204194342107e-01	2.368250840677780245e-01	1.426783184024201789e-01	6.973299549181748158e-02	2.786661106901330842e-02	7.125874516072988607e-02
1.030445055508575479e+03	2.775770020311003061e-01	1.736532088558286335e-01	2.369932187720530659e-01	1.427818177158457491e-01	6.977598962404021887e-02	2.789373374138331627e-02	7.132502925972875052e-02
1.031896386572671872e+03	2.773316971282255294e-01	1.734911738396987535e-01	2.371610468183579790e-01	1.428851422041330088e-01	6.981891237426780805e-02	2.792082453525866412e-02	7.139120310003826964e-02
1.033347717636768493e+03	2.770868099653257532e-01	1.733294148979499238e-01	2.373285687595612092e-01	1.429882922018629043e-01	6.986176387232043150e-02	2.794788345169776575e-02	7.145726685126202460e-02
1.034799048700865114e+03	2.768423398287950810e-01	1.731679315583060097e-01	2.374957851475084925e-01	1.430912680427635086e-01	6.990454424772626907e-02	2.797491049197806112e-02	7.152322068290255241e-02
1.036250379764961508e+03	2.765982860062564663e-01	1.730067233493080558e-01	2.376626965330252139e-01	1.431940700597133242e-01	6.994725362972253890e-02	2.800190565759467717e-02	7.158906476435970834e-02
1.037701710829058356e+03	2.763546477865593265e-01	1.728457898003127879e-01	2.378293034659184901e-01	1.432966985847448638e-01	6.998989214725638563e-02	2.802886895025910943e-02	7.165479926492902829e-02
1.039153041893154750e+03	2.761114244597774880e-01	1.726851304414911414e-01	2.379956064949796668e-01	1.433991539490477585e-01	7.003245992898585182e-02	2.805580037189791404e-02	7.172042435380016068e-02
1.040604372957251599e+03	2.758686153172070221e-01	1.725247448038268461e-01	2.381616061679864838e-01	1.435014364829722000e-01	7.007495710328084937e-02	2.808269992465140322e-02	7.178594020005514553e-02
1.042055704021347992e+03	2.756262196513642460e-01	1.723646324191148438e-01	2.383273030317052954e-01	1.436035465160322711e-01	7.011738379822404776e-02	2.810956761087233385e-02	7.185134697266694348e-02
1.043507035085444613e+03	2.753842367559831139e-01	1.722047928199599287e-01	2.384926976318933467e-01	1.437054843769092205e-01	7.015974014161184547e-02	2.813640343312462724e-02	7.191664484049783979e-02
1.044958366149541234e+03	2.751426659260135521e-01	1.720452255397753039e-01	2.386577905133010491e-01	1.438072503934547386e-01	7.020202626095527199e-02	2.816320739418206459e-02	7.198183397229789005e-02
1.046409697213637855e+03	2.749015064576191270e-01	1.718859301127810546e-01	2.388225822196740900e-01	1.439088448926942043e-01	7.024424228348095933e-02	2.818997949702703107e-02	7.204691453670339363e-02
1.047861028277734476e+03	2.746607576481747137e-01	1.717269060740028164e-01	2.389870732937557918e-01	1.440102682008299328e-01	7.028638833613200243e-02	2.821671974484921130e-02	7.211188670223538100e-02
1.049312359341831097e+03	2.744204187962646646e-01	1.715681529592701926e-01	2.391512642772892494e-01	1.441115206432443396e-01	7.032846454556893057e-02	2.824342814104434385e-02	7.217675063729812879e-02
1.050763690405927491e+03	2.741804892016804218e-01	1.714096703052154225e-01	2.393151557110194672e-01	1.442126025445032711e-01	7.037047103817058169e-02	2.827010468921295136e-02	7.224150651017773039e-02
1.052215021470024112e+03	2.739409681654185191e-01	1.712514576492718821e-01	2.394787481346956903e-01	1.443135142283590300e-01	7.041240794003504611e-02	2.829674939315907078e-02	7.230615448904055553e-02
1.053666352534120733e+03	2.737018549896785280e-01	1.710935145296726412e-01	2.396420420870734314e-01	1.444142560177536505e-01	7.045427537698052689e-02	2.832336225688902864e-02	7.237069474193191798e-02
1.055117683598217127e+03	2.734631489778606150e-01	1.709358404854491309e-01	2.398050381059168290e-01	1.445148282348220348e-01	7.049607347454628359e-02	2.834994328461016427e-02	7.243512743677457677e-02
1.056569014662313975e+03	2.732248494345639878e-01	1.707784350564296172e-01	2.399677367280006191e-01	1.446152312008949226e-01	7.053780235799346487e-02	2.837649248072962593e-02	7.249945274136739004e-02
1.058020345726410369e+03	2.729869556655841190e-01	1.706212977832377298e-01	2.401301384891124935e-01	1.447154652365022498e-01	7.057946215230609388e-02	2.840300984985310792e-02	7.256367082338387176e-02
1.059471676790506763e+03	2.727494669779110259e-01	1.704644282072911299e-01	2.402922439240550156e-01	1.448155306613760351e-01	7.062105298219184535e-02	2.842949539678364668e-02	7.262778185037088718e-02
1.060923007854603611e+03	2.725123826797271609e-01	1.703078258708001225e-01	2.404540535666480072e-01	1.449154277944535996e-01	7.066257497208300320e-02	2.845594912652038566e-02	7.269178598974725125e-02
1.062374338918700232e+03	2.722757020804051353e-01	1.701514903167661019e-01	2.406155679497305466e-01	1.450151569538804808e-01	7.070402824613732096e-02	2.848237104425737146e-02	7.275568340880249341e-02
1.063825669982796853e+03	2.720394244905058323e-01	1.699954210889802753e-01	2.407767876051630784e-01	1.451147184570136250e-01	7.074541292823885441e-02	2.850876115538233599e-02	7.281947427469538658e-02
1.065277001046893474e+03	2.718035492217760751e-01	1.698396177320221634e-01	2.409377130638296616e-01	1.452141126204242461e-01	7.078672914199891919e-02	2.853511946547549957e-02	7.288315875445279535e-02
1.066728332110990095e+03	2.715680755871467400e-01	1.696840797912581578e-01	2.410983448556399122e-01	1.453133397599009335e-01	7.082797701075685404e-02	2.856144598030837048e-02	7.294673701496830198e-02
1.068179663175086489e+03	2.713330029007305355e-01	1.695288068128402714e-01	2.412586835095312521e-01	1.454124001904526509e-01	7.086915665758093674e-02	2.858774070584256186e-02	7.301020922300098526e-02
1.069630994239183110e+03	2.710983304778200598e-01	1.693737983437045291e-01	2.414187295534709621e-01	1.455112942263116216e-01	7.091026820526925845e-02	2.861400364822859130e-02	7.307357554517415754e-02
1.071082325303279504e+03	2.708640576348855245e-01	1.692190539315696629e-01	2.415784835144582088e-01	1.456100221809363549e-01	7.095131177635054243e-02	2.864023481380471858e-02	7.313683614797411581e-02
1.072533656367376352e+03	2.706301836895728674e-01	1.690645731249358075e-01	2.417379459185261537e-01	1.457085843670145597e-01	7.099228749308497677e-02	2.866643420909575912e-02	7.319999119774894814e-02
1.073984987431472746e+03	2.703967079607015878e-01	1.689103554730829737e-01	2.418971172907441181e-01	1.458069810964660595e-01	7.103319547746510254e-02	2.869260184081192169e-02	7.326304086070731247e-02
1.075436318495569594e+03	2.701636297682625809e-01	1.687564005260696609e-01	2.420559981552195816e-01	1.459052126804456506e-01	7.107403585121663259e-02	2.871873771584764271e-02	7.332598530291724315e-02
1.076887649559666215e+03	2.699309484334164178e-01	1.686027078347315244e-01	2.422145890351001807e-01	1.460032794293460723e-01	7.111480873579928419e-02	2.874484184128043435e-02	7.338882469030501288e-02
1.078338980623762609e+03	2.696986632784909022e-01	1.684492769506799881e-01	2.423728904525758177e-01	1.461011816528008656e-01	7.115551425240761174e-02	2.877091422436972926e-02	7.345155918865392541e-02
1.079790311687859230e+03	2.694667736269792391e-01	1.682961074263008006e-01	2.425309029288808260e-01	1.461989196596871488e-01	7.119615252197185329e-02	2.879695487255573561e-02	7.351418896360321920e-02
1.081241642751955851e+03	2.692352788035379252e-01	1.681431988147526480e-01	2.426886269842957744e-01	1.462964937581285874e-01	7.123672366515872156e-02	2.882296379345829912e-02	7.357671418064691549e-02
1.082692973816052472e+03	2.690041781339845284e-01	1.679905506699658768e-01	2.428460631381496315e-01	1.463939042554980308e-01	7.127722780237227829e-02	2.884894099487577551e-02	7.363913500513268040e-02
1.084144304880149093e+03	2.687734709452960780e-01	1.678381625466410232e-01	2.430032119088217923e-01	1.464911514584205099e-01	7.131766505375469745e-02	2.887488648478388209e-02	7.370145160226079795e-02
1.085595635944245487e+03	2.685431565656065667e-01	1.676860340002474248e-01	2.431600738137441042e-01	1.465882356727759295e-01	7.135803553918707021e-02	2.890080027133459795e-02	7.376366413708300429e-02
1.087046967008342108e+03	2.683132343242052298e-01	1.675341645870219720e-01	2.433166493694028376e-01	1.466851572037018159e-01	7.139833937829029309e-02	2.892668236285502945e-02	7.382577277450150244e-02
1.088498298072438729e+03	2.680837035515343247e-01	1.673825538639676369e-01	2.434729390913406011e-01	1.467819163555961759e-01	7.143857669042581737e-02	2.895253276784630694e-02	7.388777767926782425e-02
1.089949629136535123e+03	2.678545635791871882e-01	1.672312013888520854e-01	2.436289434941585619e-01	1.468785134321201336e-01	7.147874759469641237e-02	2.897835149498247456e-02	7.394967901598181736e-02
1.091400960200631971e+03	2.676258137399061265e-01	1.670801067202063728e-01	2.437846630915182222e-01	1.469749487362007612e-01	7.151885220994705361e-02	2.900413855310938344e-02	7.401147694909065988e-02
1.092852291264728365e+03	2.673974533675806953e-01	1.669292694173235836e-01	2.439400983961435287e-01	1.470712225700337161e-01	7.155889065476564448e-02	2.902989395124360925e-02	7.407317164288779177e-02
1.094303622328825213e+03	2.671694817972452562e-01	1.667786890402574163e-01	2.440952499198227876e-01	1.471673352350859887e-01	7.159886304748383501e-02	2.905561769857134893e-02	7.413476326151194340e-02
1.095754953392921607e+03	2.669418983650772015e-01	1.666283651498208784e-01	2.442501181734106352e-01	1.472632870320985388e-01	7.163876950617781292e-02	2.908130980444734170e-02	7.419625196894610863e-02
1.097206284457018228e+03	2.667147024083949547e-01	1.664782973075850103e-01	2.444047036668300088e-01	1.473590782610889605e-01	7.167861014866909464e-02	2.910697027839379350e-02	7.425763792901665661e-02
1.098657615521114849e+03	2.664878932656559174e-01	1.663284850758773026e-01	2.445590069090741447e-01	1.474547092213542576e-01	7.171838509252526084e-02	2.913259913009928412e-02	7.431892130539227703e-02
1.100108946585211470e+03	2.662614702764544705e-01	1.661789280177805861e-01	2.447130284082084384e-01	1.475501802114733696e-01	7.175809445506077522e-02	2.915819636941772638e-02	7.438010226158307814e-02
1.101560277649308091e+03	2.660354327815199205e-01	1.660296256971316442e-01	2.448667686713723868e-01	1.476454915293098358e-01	7.179773835333774779e-02	2.918376200636727327e-02	7.444118096093965686e-02
1.103011608713404712e+03	2.658097801227147228e-01	1.658805776785196584e-01	2.450202282047816704e-01	1.477406434720143213e-01	7.183731690416671201e-02	2.920929605112927707e-02	7.450215756665215516e-02
1.104462939777501106e+03	2.655845116430321506e-01	1.657317835272851536e-01	2.451734075137299573e-01	1.478356363360273373e-01	7.187683022410733258e-02	2.923479851404722774e-02	7.456303224174935795e-02
1.105914270841597499e+03	2.653596266865946296e-01	1.655832428095185271e-01	2.453263071025907904e-01	1.479304704170817941e-01	7.191627842946927973e-02	2.926026940562571552e-02	7.462380514909784657e-02
1.107365601905694348e+03	2.651351245986516281e-01	1.654349550920586609e-01	2.454789274748195860e-01	1.480251460102054994e-01	7.195566163631285372e-02	2.928570873652936932e-02	7.468447645140101343e-02
1.108816932969790741e+03	2.649110047255775480e-01	1.652869199424917002e-01	2.456312691329555209e-01	1.481196634097238229e-01	7.199497996044984527e-02	2.931111651758183320e-02	7.474504631119828491e-02
1.110268264033887590e+03	2.646872664148700594e-01	1.651391369291497491e-01	2.457833325786233647e-01	1.482140229092621386e-01	7.203423351744425718e-02	2.933649275976472903e-02	7.480551489086420536e-02
1.111719595097984211e+03	2.644639090151478800e-01	1.649916056211093440e-01	2.459351183125355056e-01	1.483082248017484339e-01	7.207342242261299825e-02	2.936183747421662604e-02	7.486588235260763224e-02
1.113170926162080832e+03	2.642409318761488879e-01	1.648443255881903435e-01	2.460866268344937824e-01	1.484022693794157244e-01	7.211254679102670206e-02	2.938715067223202082e-02	7.492614885847083406e-02
1.114622257226177226e+03	2.640183343487282341e-01	1.646972964009544849e-01	2.462378586433913441e-01	1.484961569338046627e-01	7.215160673751044862e-02	2.941243236526032076e-02	7.498631457032878256e-02
1.116073588290273847e+03	2.637961157848561777e-01	1.645505176307041351e-01	2.463888142372144818e-01	1.485898877557659536e-01	7.219060237664447210e-02	2.943768256490482058e-02	7.504637964988820908e-02
1.117524919354370468e+03	2.635742755376161428e-01	1.644039888494809309e-01	2.465394941130447104e-01	1.486834621354628516e-01	7.222953382276491030e-02	2.946290128292170657e-02	7.510634425868689679e-02
1.118976250418467089e+03	2.633528129612032753e-01	1.642577096300644746e-01	2.466898987670602950e-01	1.487768803623736036e-01	7.226840118996458173e-02	2.948808853121905743e-02	7.516620855809286184e-02
1.120427581482563710e+03	2.631317274109217785e-01	1.641116795459710564e-01	2.468400286945383881e-01	1.488701427252939191e-01	7.230720459209361017e-02	2.951324432185582769e-02	7.522597270930356239e-02
1.121878912546660331e+03	2.629110182431834142e-01	1.639658981714522679e-01	2.469898843898567786e-01	1.489632495123393852e-01	7.234594414276022956e-02	2.953836866704087627e-02	7.528563687334516308e-02
1.123330243610756725e+03	2.626906848155053376e-01	1.638203650814938073e-01	2.471394663464957231e-01	1.490562010109479085e-01	7.238461995533151949e-02	2.956346157913194994e-02	7.534520121107177171e-02
1.124781574674853118e+03	2.624707264865084877e-01	1.636750798518140648e-01	2.472887750570398890e-01	1.491489975078820751e-01	7.242323214293407141e-02	2.958852307063473616e-02	7.540466588316466212e-02
1.126232905738949967e+03	2.622511426159152559e-01	1.635300420588628734e-01	2.474378110131800479e-01	1.492416392892315924e-01	7.246178081845473795e-02	2.961355315420185694e-02	7.546403105013160806e-02
1.127684236803046360e+03	2.620319325645477648e-01	1.633852512798202317e-01	2.475865747057149902e-01	1.493341266404156487e-01	7.250026609454128523e-02	2.963855184263190432e-02	7.552329687230610600e-02
1.129135567867143209e+03	2.618130956943259258e-01	1.632407070925949721e-01	2.477350666245533295e-01	1.494264598461853277e-01	7.253868808360317000e-02	2.966351914886847241e-02	7.558246350984666739e-02
1.130586898931239830e+03	2.615946313682654956e-01	1.630964090758235119e-01	2.478832872587153346e-01	1.495186391906259127e-01	7.257704689781223351e-02	2.968845508599919289e-02	7.564153112273616641e-02
1.132038229995336451e+03	2.613765389504761338e-01	1.629523568088685204e-01	2.480312370963346780e-01	1.496106649571591896e-01	7.261534264910338154e-02	2.971335966725477049e-02	7.570049987078111831e-02
1.133489561059432845e+03	2.611588178061596266e-01	1.628085498718175872e-01	2.481789166246603506e-01	1.497025374285458899e-01	7.265357544917529220e-02	2.973823290600804276e-02	7.575936991361097161e-02
1.134940892123529466e+03	2.609414673016077768e-01	1.626649878454820841e-01	2.483263263300583279e-01	1.497942568868879387e-01	7.269174540949109586e-02	2.976307481577301559e-02	7.581814141067749757e-02
1.136392223187626087e+03	2.607244868042006281e-01	1.625216703113957495e-01	2.484734666980134843e-01	1.498858236136307309e-01	7.272985264127909688e-02	2.978788541020392297e-02	7.587681452125409620e-02
1.137843554251722708e+03	2.605078756824044661e-01	1.623785968518133838e-01	2.486203382131313144e-01	1.499772378895655178e-01	7.276789725553345356e-02	2.981266470309428332e-02	7.593538940443517182e-02
1.139294885315819101e+03	2.602916333057700982e-01	1.622357670497097670e-01	2.487669413591397372e-01	1.500684999948316556e-01	7.280587936301484431e-02	2.983741270837597659e-02	7.599386621913545303e-02
1.140746216379915950e+03	2.600757590449307433e-01	1.620931804887781880e-01	2.489132766188908719e-01	1.501596102089187978e-01	7.284379907425117540e-02	2.986212944011829712e-02	7.605224512408940984e-02
1.142197547444012343e+03	2.598602522716002561e-01	1.619508367534292226e-01	2.490593444743627871e-01	1.502505688106692827e-01	7.288165649953827485e-02	2.988681491252703770e-02	7.611052627785062918e-02
1.143648878508108737e+03	2.596451123585711285e-01	1.618087354287895407e-01	2.492051454066613048e-01	1.503413760782802144e-01	7.291945174894051696e-02	2.991146913994355977e-02	7.616870983879119039e-02
1.145100209572205586e+03	2.594303386797128241e-01	1.616668761007004351e-01	2.493506798960217485e-01	1.504320322893059059e-01	7.295718493229158552e-02	2.993609213684388440e-02	7.622679596510105460e-02
1.146551540636302207e+03	2.592159306099695582e-01	1.615252583557168775e-01	2.494959484218106649e-01	1.505225377206599047e-01	7.299485615919498738e-02	2.996068391783776944e-02	7.628478481478752349e-02
1.148002871700398828e+03	2.590018875253589647e-01	1.613838817811059645e-01	2.496409514625276549e-01	1.506128926486173802e-01	7.303246553902492666e-02	2.998524449766781785e-02	7.634267654567462869e-02
1.149454202764495449e+03	2.587882088029694883e-01	1.612427459648458072e-01	2.497856894958069562e-01	1.507030973488171499e-01	7.307001318092680442e-02	3.000977389120855487e-02	7.640047131540252112e-02
1.150905533828591842e+03	2.585748938209591063e-01	1.611018504956241715e-01	2.499301629984194140e-01	1.507931520962640104e-01	7.310749919381795414e-02	3.003427211346554326e-02	7.645816928142699920e-02
1.152356864892688463e+03	2.583619419585532762e-01	1.609611949628373950e-01	2.500743724462740070e-01	1.508830571653307917e-01	7.314492368638830788e-02	3.005873917957448127e-02	7.651577060101891203e-02
1.153808195956785084e+03	2.581493525960429358e-01	1.608207789565889168e-01	2.502183183144197076e-01	1.509728128297606609e-01	7.318228676710103464e-02	3.008317510480031098e-02	7.657327543126360436e-02
1.155259527020881706e+03	2.579371251147827282e-01	1.606806020676881663e-01	2.503620010770470916e-01	1.510624193626691480e-01	7.321958854419319263e-02	3.010757990453633709e-02	7.663068392906037529e-02
1.156710858084978327e+03	2.577252588971893354e-01	1.605406638876493153e-01	2.505054212074902531e-01	1.511518770365464226e-01	7.325682912567638150e-02	3.013195359430334216e-02	7.668799625112203422e-02
1.158162189149074720e+03	2.575137533267392587e-01	1.604009640086899446e-01	2.506485791782281924e-01	1.512411861232592081e-01	7.329400861933738076e-02	3.015629618974871237e-02	7.674521255397426245e-02
1.159613520213171569e+03	2.573026077879673745e-01	1.602615020237299071e-01	2.507914754608868702e-01	1.513303468940531693e-01	7.333112713273884364e-02	3.018060770664557010e-02	7.680233299395521074e-02
1.161064851277267962e+03	2.570918216664647149e-01	1.601222775263899945e-01	2.509341105262407057e-01	1.514193596195548275e-01	7.336818477321987997e-02	3.020488816089188927e-02	7.685935772721494419e-02
1.162516182341364356e+03	2.568813943488767459e-01	1.599832901109907446e-01	2.510764848442142982e-01	1.515082245697737529e-01	7.340518164789672229e-02	3.022913756850964181e-02	7.691628690971498428e-02
1.163967513405461204e+03	2.566713252229017583e-01	1.598445393725512476e-01	2.512185988838840922e-01	1.515969420141046187e-01	7.344211786366335037e-02	3.025335594564394770e-02	7.697312069722778149e-02
1.165418844469557826e+03	2.564616136772887578e-01	1.597060249067877857e-01	2.513604531134802089e-01	1.516855122213292828e-01	7.347899352719218513e-02	3.027754330856220061e-02	7.702985924533632678e-02
1.166870175533654447e+03	2.562522591018355778e-01	1.595677463101127236e-01	2.515020480003880565e-01	1.517739354596188972e-01	7.351580874493462980e-02	3.030169967365322486e-02	7.708650270943361027e-02
1.168321506597751068e+03	2.560432608873873805e-01	1.594297031796331754e-01	2.516433840111498843e-01	1.518622119965358785e-01	7.355256362312176388e-02	3.032582505742643236e-02	7.714305124472216335e-02
1.169772837661847461e+03	2.558346184258344924e-01	1.592918951131498950e-01	2.517844616114666700e-01	1.519503420990360176e-01	7.358925826776492596e-02	3.034991947651097949e-02	7.719950500621368394e-02
1.171224168725944082e+03	2.556263311101107383e-01	1.591543217091559992e-01	2.519252812661994523e-01	1.520383260334705056e-01	7.362589278465642151e-02	3.037398294765491710e-02	7.725586414872855079e-02
1.172675499790040703e+03	2.554183983341916653e-01	1.590169825668357184e-01	2.520658434393714398e-01	1.521261640655879599e-01	7.366246727936999472e-02	3.039801548772437523e-02	7.731212882689535160e-02
1.174126830854137097e+03	2.552108194930926000e-01	1.588798772860632036e-01	2.522061485941694547e-01	1.522138564605363953e-01	7.369898185726160567e-02	3.042201711370271650e-02	7.736829919515054999e-02
1.175578161918233945e+03	2.550035939828669274e-01	1.587430054674012492e-01	2.523461971929453207e-01	1.523014034828652774e-01	7.373543662346992988e-02	3.044598784268971736e-02	7.742437540773797200e-02
1.177029492982330339e+03	2.547967212006042592e-01	1.586063667121002108e-01	2.524859896972180273e-01	1.523888053965275491e-01	7.377183168291706616e-02	3.046992769190075279e-02	7.748035761870851468e-02
1.178480824046426733e+03	2.545902005444286575e-01	1.584699606220967005e-01	2.526255265676748407e-01	1.524760624648815455e-01	7.380816714030905001e-02	3.049383667866596009e-02	7.753624598191963257e-02
1.179932155110523581e+03	2.543840314134965253e-01	1.583337868000123383e-01	2.527648082641734684e-01	1.525631749506929646e-01	7.384444310013654755e-02	3.051771482042944447e-02	7.759204065103499082e-02
1.181383486174620202e+03	2.541782132079954959e-01	1.581978448491525857e-01	2.529038352457432803e-01	1.526501431161368938e-01	7.388065966667539675e-02	3.054156213474846018e-02	7.764774177952410428e-02
1.182834817238716823e+03	2.539727453291418802e-01	1.580621343735056361e-01	2.530426079705870857e-01	1.527369672227997244e-01	7.391681694398728741e-02	3.056537863929260565e-02	7.770334952066193512e-02
1.184286148302813444e+03	2.537676271791794447e-01	1.579266549777410544e-01	2.531811268960827976e-01	1.528236475316810949e-01	7.395291503592024696e-02	3.058916435184302896e-02	7.775886402752849036e-02
1.185737479366910065e+03	2.535628581613771360e-01	1.577914062672086948e-01	2.533193924787849882e-01	1.529101843031958341e-01	7.398895404610934812e-02	3.061291929029161599e-02	7.781428545300855815e-02
1.187188810431006686e+03	2.533584376800276927e-01	1.576563878479373404e-01	2.534574051744265533e-01	1.529965777971758478e-01	7.402493407797725022e-02	3.063664347264020982e-02	7.786961394979123596e-02
1.188640141495103080e+03	2.531543651404455919e-01	1.575215993266337877e-01	2.535951654379202669e-01	1.530828282728721734e-01	7.406085523473479593e-02	3.066033691699981620e-02	7.792484967036965304e-02
1.190091472559199701e+03	2.529506399489655499e-01	1.573870403106813476e-01	2.537326737233603913e-01	1.531689359889567559e-01	7.409671761938160794e-02	3.068399964158982293e-02	7.797999276704062344e-02
1.191542803623296322e+03	2.527472615129404687e-01	1.572527104081388460e-01	2.538699304840243420e-01	1.532549012035242797e-01	7.413252133470668581e-02	3.070763166473721578e-02	7.803504339190427130e-02
1.192994134687392716e+03	2.525442292407398259e-01	1.571186092277393476e-01	2.540069361723741315e-01	1.533407241740942228e-01	7.416826648328900262e-02	3.073123300487579784e-02	7.809000169686375337e-02
1.194445465751489564e+03	2.523415425417477875e-01	1.569847363788890449e-01	2.541436912400582560e-01	1.534264051576126608e-01	7.420395316749801851e-02	3.075480368054541586e-02	7.814486783362491196e-02
1.195896796815585958e+03	2.521392008263615425e-01	1.568510914716660098e-01	2.542801961379129172e-01	1.535119444104541542e-01	7.423958148949434677e-02	3.077834371039119693e-02	7.819964195369596971e-02
1.197348127879682352e+03	2.519372035059894710e-01	1.567176741168189447e-01	2.544164513159637986e-01	1.535973421884235246e-01	7.427515155123029511e-02	3.080185311316277832e-02	7.825432420838723813e-02
1.198799458943779200e+03	2.517355499930494234e-01	1.565844839257662102e-01	2.545524572234278415e-01	1.536825987467578258e-01	7.431066345445042076e-02	3.082533190771354417e-02	7.830891474881075676e-02
1.200250790007875821e+03	2.515342397009669440e-01	1.564515205105944662e-01	2.546882143087143557e-01	1.537677143401280921e-01	7.434611730069215496e-02	3.084878011299986567e-02	7.836341372588008503e-02
1.201702121071972442e+03	2.513332720441736057e-01	1.563187834840575330e-01	2.548237230194268510e-01	1.538526892226412535e-01	7.438151319128634420e-02	3.087219774808036207e-02	7.841782129030995530e-02
1.203153452136069063e+03	2.511326464381050116e-01	1.561862724595752816e-01	2.549589838023647581e-01	1.539375236478418563e-01	7.441685122735779145e-02	3.089558483211512704e-02	7.847213759261600918e-02
1.204604783200165684e+03	2.509323622991994629e-01	1.560539870512323291e-01	2.550939971035246501e-01	1.540222178687139509e-01	7.445213150982589456e-02	3.091894138436500003e-02	7.852636278311454776e-02
1.206056114264262078e+03	2.507324190448956269e-01	1.559219268737770392e-01	2.552287633681020740e-01	1.541067721376828681e-01	7.448735413940513195e-02	3.094226742419081341e-02	7.858049701192219849e-02
1.207507445328358699e+03	2.505328160936314830e-01	1.557900915426202182e-01	2.553632830404929388e-01	1.541911867066170228e-01	7.452251921660568712e-02	3.096556297105265351e-02	7.863454042895573481e-02
1.208958776392455093e+03	2.503335528648418795e-01	1.556584806738340321e-01	2.554975565642951252e-01	1.542754618268297184e-01	7.455762684173393440e-02	3.098882804450913894e-02	7.868849318393179859e-02
1.210410107456551941e+03	2.501346287789574796e-01	1.555270938841508133e-01	2.556315843823099843e-01	1.543595977490808679e-01	7.459267711489311892e-02	3.101206266421667121e-02	7.874235542636660867e-02
1.211861438520648335e+03	2.499360432574024848e-01	1.553959307909618670e-01	2.557653669365440030e-01	1.544435947235788809e-01	7.462767013598375909e-02	3.103526684992871307e-02	7.879612730557576661e-02
1.213312769584745183e+03	2.497377957225932199e-01	1.552649910123164445e-01	2.558989046682101920e-01	1.545274529999823010e-01	7.466260600470432662e-02	3.105844062149506687e-02	7.884980897067396521e-02
1.214764100648841804e+03	2.495398855979362451e-01	1.551342741669203551e-01	2.560321980177296397e-01	1.546111728274015551e-01	7.469748482055171834e-02	3.108158399886115641e-02	7.890340057057482204e-02
1.216215431712937971e+03	2.493423123078267467e-01	1.550037798741350226e-01	2.561652474247331224e-01	1.546947544544008124e-01	7.473230668282185296e-02	3.110469700206730179e-02	7.895690225399062956e-02
1.217666762777034819e+03	2.491450752776467326e-01	1.548735077539762639e-01	2.562980533280625473e-01	1.547781981289996500e-01	7.476707169061018454e-02	3.112777965124800469e-02	7.901031416943211927e-02
1.219118093841131440e+03	2.489481739337634225e-01	1.547434574271130681e-01	2.564306161657725069e-01	1.548615040986747182e-01	7.480177994281225762e-02	3.115083196663125109e-02	7.906363646520828126e-02
1.220569424905228061e+03	2.487516077035273332e-01	1.546136285148665690e-01	2.565629363751317782e-01	1.549446726103616001e-01	7.483643153812424842e-02	3.117385396853779994e-02	7.911686928942611441e-02
1.222020755969324682e+03	2.485553760152708347e-01	1.544840206392088244e-01	2.566950143926248207e-01	1.550277039104564492e-01	7.487102657504351999e-02	3.119684567738046851e-02	7.917001278999045988e-02
1.223472087033421303e+03	2.483594782983062355e-01	1.543546334227617334e-01	2.568268506539533313e-01	1.551105982448176268e-01	7.490556515186913566e-02	3.121980711366345237e-02	7.922306711460380679e-02
1.224923418097517697e+03	2.481639139829241725e-01	1.542254664887958149e-01	2.569584455940377432e-01	1.551933558587675066e-01	7.494004736670240030e-02	3.124273829798162455e-02	7.927603241076607021e-02
1.226374749161614318e+03	2.479686825003918904e-01	1.540965194612290701e-01	2.570897996470186686e-01	1.552759769970941117e-01	7.497447331744740151e-02	3.126563925101982777e-02	7.932890882577442460e-02
1.227826080225710712e+03	2.477737832829515208e-01	1.539677919646259274e-01	2.572209132462583425e-01	1.553584619040527526e-01	7.500884310181153702e-02	3.128850999355220486e-02	7.938169650672313726e-02
1.229277411289807560e+03	2.475792157638184166e-01	1.538392836241961048e-01	2.573517868243421769e-01	1.554408108233677754e-01	7.504315681730601428e-02	3.131135054644151178e-02	7.943439560050338799e-02
1.230728742353903954e+03	2.473849793771794592e-01	1.537109940657933882e-01	2.574824208130803704e-01	1.555230239982341722e-01	7.507741456124646107e-02	3.133416093063843416e-02	7.948700625380306084e-02
1.232180073418000802e+03	2.471910735581913376e-01	1.535829229159145493e-01	2.576128156435092409e-01	1.556051016713192459e-01	7.511161643075334182e-02	3.135694116718089342e-02	7.953952861310664701e-02
1.233631404482097196e+03	2.469974977429789387e-01	1.534550698016982351e-01	2.577429717458927239e-01	1.556870440847642478e-01	7.514576252275254054e-02	3.137969127719339446e-02	7.959196282469505057e-02
1.235082735546193817e+03	2.468042513686336259e-01	1.533274343509238580e-01	2.578728895497238716e-01	1.557688514801860435e-01	7.517985293397587421e-02	3.140241128188635961e-02	7.964430903464544964e-02
1.236534066610290438e+03	2.466113338732114912e-01	1.532000161920103465e-01	2.580025694837262962e-01	1.558505240986787777e-01	7.521388776096164797e-02	3.142510120255542078e-02	7.969656738883108826e-02
1.237985397674387059e+03	2.464187446957317729e-01	1.530728149540152017e-01	2.581320119758556131e-01	1.559320621808153173e-01	7.524786710005505752e-02	3.144776106058081583e-02	7.974873803292124863e-02
1.239436728738483680e+03	2.462264832761751343e-01	1.529458302666332481e-01	2.582612174533010507e-01	1.560134659666491397e-01	7.528179104740884142e-02	3.147039087742665997e-02	7.980082111238100129e-02
1.240888059802580301e+03	2.460345490554819714e-01	1.528190617601955792e-01	2.583901863424866163e-01	1.560947356957156362e-01	7.531565969898371127e-02	3.149299067464034901e-02	7.985281677247114962e-02
1.242339390866676695e+03	2.458429414755508580e-01	1.526925090656684192e-01	2.585189190690729277e-01	1.561758716070340280e-01	7.534947315054883743e-02	3.151556047385186549e-02	7.990472515824803557e-02
1.243790721930773088e+03	2.456516599792367694e-01	1.525661718146520129e-01	2.586474160579583237e-01	1.562568739391087258e-01	7.538323149768245968e-02	3.153810029677314719e-02	7.995654641456348410e-02
1.245242052994869937e+03	2.454607040103494175e-01	1.524400496393795434e-01	2.587756777332805291e-01	1.563377429299309673e-01	7.541693483577233126e-02	3.156061016519742801e-02	8.000828068606465060e-02
1.246693384058966330e+03	2.452700730136517238e-01	1.523141421727159384e-01	2.589037045184179320e-01	1.564184788169804552e-01	7.545058326001617688e-02	3.158309010099862035e-02	8.005992811719389590e-02
1.248144715123063179e+03	2.450797664348579874e-01	1.521884490481568430e-01	2.590314968359913039e-01	1.564990818372268833e-01	7.548417686542227556e-02	3.160554012613062819e-02	8.011148885218870308e-02
1.249596046187159800e+03	2.448897837206323314e-01	1.520629698998275381e-01	2.591590551078649107e-01	1.565795522271314910e-01	7.551771574680993249e-02	3.162796026262675031e-02	8.016296303508156640e-02
1.251047377251256421e+03	2.447001243185871477e-01	1.519377043624817181e-01	2.592863797551481775e-01	1.566598902226486456e-01	7.555119999880993698e-02	3.165035053259904196e-02	8.021435080969986642e-02
1.252498708315352815e+03	2.445107876772811550e-01	1.518126520715004923e-01	2.594134711981968544e-01	1.567400960592273684e-01	7.558462971586513146e-02	3.167271095823764177e-02	8.026565231966582836e-02
1.253950039379449436e+03	2.443217732462181213e-01	1.516878126628913026e-01	2.595403298566146821e-01	1.568201699718128894e-01	7.561800499223085559e-02	3.169504156181020271e-02	8.031686770839636946e-02
1.255401370443546057e+03	2.441330804758449491e-01	1.515631857732867016e-01	2.596669561492547795e-01	1.569001121948481736e-01	7.565132592197545969e-02	3.171734236566122606e-02	8.036799711910305732e-02
1.256852701507642678e+03	2.439447088175501488e-01	1.514387710399433817e-01	2.597933504942210869e-01	1.569799229622754755e-01	7.568459259898076275e-02	3.173961339221147843e-02	8.041904069479201278e-02
1.258304032571739299e+03	2.437566577236622567e-01	1.513145681007410648e-01	2.599195133088695875e-01	1.570596025075377544e-01	7.571780511694257976e-02	3.176185466395732571e-02	8.046999857826384051e-02
1.259755363635835920e+03	2.435689266474480308e-01	1.511905765941813085e-01	2.600454450098098058e-01	1.571391510635803679e-01	7.575096356937122133e-02	3.178406620347014322e-02	8.052087091211353187e-02
1.261206694699932314e+03	2.433815150431110075e-01	1.510667961593865627e-01	2.601711460129064180e-01	1.572185688628523759e-01	7.578406804959191001e-02	3.180624803339571205e-02	8.057165783873043718e-02
1.262658025764028707e+03	2.431944223657898085e-01	1.509432264360990039e-01	2.602966167332803615e-01	1.572978561373082063e-01	7.581711865074530765e-02	3.182840017645360842e-02	8.062235950029815468e-02
1.264109356828125556e+03	2.430076480715565035e-01	1.508198670646793971e-01	2.604218575853103346e-01	1.573770131184090426e-01	7.585011546578804276e-02	3.185052265543657918e-02	8.067297603879453050e-02
1.265560687892221949e+03	2.428211916174149720e-01	1.506967176861061519e-01	2.605468689826342943e-01	1.574560400371243507e-01	7.588305858749305743e-02	3.187261549320995896e-02	8.072350759599153380e-02
1.267012018956318798e+03	2.426350524612993498e-01	1.505737779419741573e-01	2.606716513381509004e-01	1.575349371239333773e-01	7.591594810845025965e-02	3.189467871271105953e-02	8.077395431345524290e-02
1.268463350020415419e+03	2.424492300620723628e-01	1.504510474744936988e-01	2.607962050640205143e-01	1.576137046088265936e-01	7.594878412106680077e-02	3.191671233694858695e-02	8.082431633254581749e-02
1.269914681084511813e+03	2.422637238795236903e-01	1.503285259264894036e-01	2.609205305716669754e-01	1.576923427213071105e-01	7.598156671756776948e-02	3.193871638900203092e-02	8.087459379441741536e-02
1.271366012148608434e+03	2.420785333743684931e-01	1.502062129413990754e-01	2.610446282717788780e-01	1.577708516903922054e-01	7.601429598999646930e-02	3.196069089202107499e-02	8.092478684001813694e-02
1.272817343212705055e+03	2.418936580082456100e-01	1.500841081632728891e-01	2.611684985743109033e-01	1.578492317446147652e-01	7.604697203021497376e-02	3.198263586922503454e-02	8.097489561009006687e-02
1.274268674276801676e+03	2.417090972437161422e-01	1.499622112367719751e-01	2.612921418884852631e-01	1.579274831120247580e-01	7.607959492990463979e-02	3.200455134390225997e-02	8.102492024516917690e-02
1.275720005340898297e+03	2.415248505442617877e-01	1.498405218071676148e-01	2.614155586227929762e-01	1.580056060201905366e-01	7.611216478056646861e-02	3.202643733940954696e-02	8.107486088558528425e-02
1.277171336404994690e+03	2.413409173742831482e-01	1.497190395203399638e-01	2.615387491849952561e-01	1.580836006962004492e-01	7.614468167352166084e-02	3.204829387917155353e-02	8.112471767146209323e-02
1.278622667469091539e+03	2.411572971990982861e-01	1.495977640227771910e-01	2.616617139821250104e-01	1.581614673666641713e-01	7.617714569991201889e-02	3.207012098668023808e-02	8.117449074271715359e-02
1.280073998533187932e+03	2.409739894849410313e-01	1.494766949615743412e-01	2.617844534204880058e-01	1.582392062577140657e-01	7.620955695070046054e-02	3.209191868549429727e-02	8.122418023906179119e-02
1.281525329597284326e+03	2.407909936989594823e-01	1.493558319844321414e-01	2.619069679056644229e-01	1.583168175950067924e-01	7.624191551667143518e-02	3.211368699923858316e-02	8.127378630000116344e-02
1.282976660661381175e+03	2.406083093092142855e-01	1.492351747396561679e-01	2.620292578425100216e-01	1.583943016037244467e-01	7.627422148843138183e-02	3.213542595160352733e-02	8.132330906483418997e-02
1.284427991725477568e+03	2.404259357846772194e-01	1.491147228761556254e-01	2.621513236351575293e-01	1.584716585085761409e-01	7.630647495640924260e-02	3.215713556634461345e-02	8.137274867265359424e-02
1.285879322789574417e+03	2.402438725952295018e-01	1.489944760434423199e-01	2.622731656870181949e-01	1.585488885337993925e-01	7.633867601085683741e-02	3.217881586728176674e-02	8.142210526234590351e-02
1.287330653853671038e+03	2.400621192116602631e-01	1.488744338916296595e-01	2.623947844007828989e-01	1.586259919031614840e-01	7.637082474184937742e-02	3.220046687829884041e-02	8.147137897259140726e-02
1.288781984917767431e+03	2.398806751056649089e-01	1.487545960714316551e-01	2.625161801784234861e-01	1.587029688399607397e-01	7.640292123928588142e-02	3.222208862334302593e-02	8.152056994186415717e-02
1.290233315981864052e+03	2.396995397498436486e-01	1.486349622341616161e-01	2.626373534211944860e-01	1.587798195670280799e-01	7.643496559288966152e-02	3.224368112642433948e-02	8.156967830843206424e-02
