1.001418434226643626e+03	2.797585628469132502e-01	1.807680326141326288e-01	2.349744543068692237e-01	1.407848774878643072e-01	6.823483601191408787e-02	2.656757856971886378e-02	6.891165816239686048e-02
1.002869765290740247e+03	2.795026501587120071e-01	1.806030878126262396e-01	2.351579332621550888e-01	1.408888015669998162e-01	6.827867914174294561e-02	2.659135286272179891e-02	6.897749519485135705e-02
1.004321096354836754e+03	2.792471734393282001e-01	1.804384198575022524e-01	2.353411020597361847e-01	1.409925382591712406e-01	6.832244383936357524e-02	2.661509796307909986e-02	6.904322458162867604e-02
1.005772427418933376e+03	2.789921319433643077e-01	1.802740282833971419e-01	2.355239612216255829e-01	1.410960879370625753e-01	6.836613025740617688e-02	2.663881390288566631e-02	6.910884645406770166e-02
1.007223758483029997e+03	2.787375249267157740e-01	1.801099126257298677e-01	2.357065112689573083e-01	1.411994509723574764e-01	6.840973854812104626e-02	2.666250071421626469e-02	6.917436094371136324e-02
1.008675089547126618e+03	2.784833516465684000e-01	1.799460724207004592e-01	2.358887527219878377e-01	1.413026277357439520e-01	6.845326886337993466e-02	2.668615842912546582e-02	6.923976818230305474e-02
1.010126420611223239e+03	2.782296113613960120e-01	1.797825072052887940e-01	2.360706861000977097e-01	1.414056185969187474e-01	6.849672135467731182e-02	2.670978707964755464e-02	6.930506830178297106e-02
1.011577751675319632e+03	2.779763033309581299e-01	1.796192165172532662e-01	2.362523119217928846e-01	1.415084239245920639e-01	6.854009617313165659e-02	2.673338669779647472e-02	6.937026143428458302e-02
1.013029082739416367e+03	2.777234268162976361e-01	1.794561998951295090e-01	2.364336307047062991e-01	1.416110440864920272e-01	6.858339346948681692e-02	2.675695731556573462e-02	6.943534771213102919e-02
1.014480413803512761e+03	2.774709810797383880e-01	1.792934568782290350e-01	2.366146429655992811e-01	1.417134794493690453e-01	6.862661339411327277e-02	2.678049896492833842e-02	6.950032726783161863e-02
1.015931744867609382e+03	2.772189653848829982e-01	1.791309870066379317e-01	2.367953492203630494e-01	1.418157303790004431e-01	6.866975609700946837e-02	2.680401167783670949e-02	6.956520023407836151e-02
1.017383075931706003e+03	2.769673789966103361e-01	1.789687898212155848e-01	2.369757499840201564e-01	1.419177972401946819e-01	6.871282172780310282e-02	2.682749548622261754e-02	6.962996674374245798e-02
1.018834406995802851e+03	2.767162211810731964e-01	1.788068648635934288e-01	2.371558457707260148e-01	1.420196803967958277e-01	6.875581043575244855e-02	2.685095042199710930e-02	6.969462692987092589e-02
1.020285738059899245e+03	2.764654912056960789e-01	1.786452116761735320e-01	2.373356370937702298e-01	1.421213802116878533e-01	6.879872236974762800e-02	2.687437651705044256e-02	6.975918092568314521e-02
1.021737069123995752e+03	2.762151883391729124e-01	1.784838298021273750e-01	2.375151244655782090e-01	1.422228970467989129e-01	6.884155767831194594e-02	2.689777380325198905e-02	6.982362886456752737e-02
1.023188400188092373e+03	2.759653118514645564e-01	1.783227187853945184e-01	2.376943083977125781e-01	1.423242312631056994e-01	6.888431650960318009e-02	2.692114231245018585e-02	6.988797088007814295e-02
1.024639731252188767e+03	2.757158610137965815e-01	1.781618781706813814e-01	2.378731894008745684e-01	1.424253832206376080e-01	6.892699901141487173e-02	2.694448207647245908e-02	6.995220710593140490e-02
1.026091062316285615e+03	2.754668350986569925e-01	1.780013075034598546e-01	2.380517679849054880e-01	1.425263532784809550e-01	6.896960533117761638e-02	2.696779312712515447e-02	7.001633767600279334e-02
1.027542393380382237e+03	2.752182333797939529e-01	1.778410063299661059e-01	2.382300446587882758e-01	1.426271417947831133e-01	6.901213561596035440e-02	2.699107549619346805e-02	7.008036272432360825e-02
1.028993724444478858e+03	2.749700551322132869e-01	1.776809741971992485e-01	2.384080199306487513e-01	1.427277491267567866e-01	6.905459001247168938e-02	2.701432921544136972e-02	7.014428238507774971e-02
1.030445055508575479e+03	2.747222996321765365e-01	1.775212106529200640e-01	2.385856943077572789e-01	1.428281756306839234e-01	6.909696866706115104e-02	2.703755431661154437e-02	7.020809679259842895e-02
1.031896386572671872e+03	2.744749661571982413e-01	1.773617152456496981e-01	2.387630682965300732e-01	1.429284216619200187e-01	6.913927172572047197e-02	2.706075083142532589e-02	7.027180608136511519e-02
1.033347717636768493e+03	2.742280539860440514e-01	1.772024875246683562e-01	2.389401424025306697e-01	1.430284875748980000e-01	6.918149933408489216e-02	2.708391879158261739e-02	7.033541038600030215e-02
1.034799048700865114e+03	2.739815623987282844e-01	1.770435270400141647e-01	2.391169171304713958e-01	1.431283737231323350e-01	6.922365163743446348e-02	2.710705822876183918e-02	7.039890984126642715e-02
1.036250379764961508e+03	2.737354906765115947e-01	1.768848333424817565e-01	2.392933929842147867e-01	1.432280804592229451e-01	6.926572878069521544e-02	2.713016917461985936e-02	7.046230458206277636e-02
1.037701710829058356e+03	2.734898381018987523e-01	1.767264059836210488e-01	2.394695704667749447e-01	1.433276081348592856e-01	6.930773090844057072e-02	2.715325166079192443e-02	7.052559474342237622e-02
1.039153041893154750e+03	2.732446039586364228e-01	1.765682445157359948e-01	2.396454500803190668e-01	1.434269571008242039e-01	6.934965816489251089e-02	2.717630571889159685e-02	7.058878046050903743e-02
1.040604372957251599e+03	2.729997875317110023e-01	1.764103484918832232e-01	2.398210323261689148e-01	1.435261277069978803e-01	6.939151069392289484e-02	2.719933138051069260e-02	7.065186186861424633e-02
1.042055704021347992e+03	2.727553881073460640e-01	1.762527174658709561e-01	2.399963177048020369e-01	1.436251203023616307e-01	6.943328863905470771e-02	2.722232867721922564e-02	7.071483910315426447e-02
1.043507035085444613e+03	2.725114049730003041e-01	1.760953509922575100e-01	2.401713067158534332e-01	1.437239352350019039e-01	6.947499214346330998e-02	2.724529764056532466e-02	7.077771229966707545e-02
1.044958366149541234e+03	2.722678374173654881e-01	1.759382486263502132e-01	2.403459998581168044e-01	1.438225728521140001e-01	6.951662134997767251e-02	2.726823830207518451e-02	7.084048159380958165e-02
1.046409697213637855e+03	2.720246847303636750e-01	1.757814099242041017e-01	2.405203976295460788e-01	1.439210335000058738e-01	6.955817640108169497e-02	2.729115069325301068e-02	7.090314712135453723e-02
1.047861028277734476e+03	2.717819462031456079e-01	1.756248344426205865e-01	2.406945005272566607e-01	1.440193175241020196e-01	6.959965743891537160e-02	2.731403484558094993e-02	7.096570901818778643e-02
1.049312359341831097e+03	2.715396211280879935e-01	1.754685217391463159e-01	2.408683090475270960e-01	1.441174252689470803e-01	6.964106460527608178e-02	2.733689079051902782e-02	7.102816742030534924e-02
1.050763690405927491e+03	2.712977087987916702e-01	1.753124713720718708e-01	2.410418236858003493e-01	1.442153570782095384e-01	6.968239804161981132e-02	2.735971855950509665e-02	7.109052246381061813e-02
1.052215021470024112e+03	2.710562085100791108e-01	1.751566829004304326e-01	2.412150449366851079e-01	1.443131132946856299e-01	6.972365788906240147e-02	2.738251818395476961e-02	7.115277428491152689e-02
1.053666352534120733e+03	2.708151195579922565e-01	1.750011558839966730e-01	2.413879732939573641e-01	1.444106942603028132e-01	6.976484428838077012e-02	2.740528969526136865e-02	7.121492301991774743e-02
1.055117683598217127e+03	2.705744412397903531e-01	1.748458898832854214e-01	2.415606092505617197e-01	1.445081003161234889e-01	6.980595738001411921e-02	2.742803312479586558e-02	7.127696880523798351e-02
1.056569014662313975e+03	2.703341728539477851e-01	1.746908844595504162e-01	2.417329532986128571e-01	1.446053318023486356e-01	6.984699730406516982e-02	2.745074850390681956e-02	7.133891177737720912e-02
1.058020345726410369e+03	2.700943137001518002e-01	1.745361391747831947e-01	2.419050059293968713e-01	1.447023890583213346e-01	6.988796420030141121e-02	2.747343586392032161e-02	7.140075207293396231e-02
1.059471676790506763e+03	2.698548630793002889e-01	1.743816535917116217e-01	2.420767676333727414e-01	1.447992724225304062e-01	6.992885820815625264e-02	2.749609523613994258e-02	7.146248982859762511e-02
1.060923007854603611e+03	2.696158202934997861e-01	1.742274272737987795e-01	2.422482389001735792e-01	1.448959822326139346e-01	6.996967946673027239e-02	2.751872665184667763e-02	7.152412518114581452e-02
1.062374338918700232e+03	2.693771846460630282e-01	1.740734597852418020e-01	2.424194202186081837e-01	1.449925188253628205e-01	7.001042811479236960e-02	2.754133014229888377e-02	7.158565826744170413e-02
1.063825669982796853e+03	2.691389554415068996e-01	1.739197506909705426e-01	2.425903120766623733e-01	1.450888825367242507e-01	7.005110429078101331e-02	2.756390573873224170e-02	7.164708922443144279e-02
1.065277001046893474e+03	2.689011319855502680e-01	1.737662995566462976e-01	2.427609149615003736e-01	1.451850737018051674e-01	7.009170813280544976e-02	2.758645347235967604e-02	7.170841818914151788e-02
1.066728332110990095e+03	2.686637135851117630e-01	1.736131059486607231e-01	2.429312293594661221e-01	1.452810926548756820e-01	7.013223977864684044e-02	2.760897337437133101e-02	7.176964529867622955e-02
1.068179663175086489e+03	2.684266995483076679e-01	1.734601694341344758e-01	2.431012557560848220e-01	1.453769397293726562e-01	7.017269936575944167e-02	2.763146547593449062e-02	7.183077069021510941e-02
1.069630994239183110e+03	2.681900891844496981e-01	1.733074895809161020e-01	2.432709946360641640e-01	1.454726152579028930e-01	7.021308703127182582e-02	2.765392980819354751e-02	7.189179450101042257e-02
1.071082325303279504e+03	2.679538818040428927e-01	1.731550659575806506e-01	2.434404464832957693e-01	1.455681195722467458e-01	7.025340291198804710e-02	2.767636640226994044e-02	7.195271686838464187e-02
1.072533656367376352e+03	2.677180767187832822e-01	1.730028981334286176e-01	2.436096117808566053e-01	1.456634530033612818e-01	7.029364714438877948e-02	2.769877528926210572e-02	7.201353792972799150e-02
1.073984987431472746e+03	2.674826732415560016e-01	1.728509856784846144e-01	2.437784910110102898e-01	1.457586158813837796e-01	7.033381986463248248e-02	2.772115650024543215e-02	7.207425782249596291e-02
1.075436318495569594e+03	2.672476706864331253e-01	1.726993281634962296e-01	2.439470846552084238e-01	1.458536085356349765e-01	7.037392120855660849e-02	2.774351006627219854e-02	7.213487668420691390e-02
1.076887649559666215e+03	2.670130683686713358e-01	1.725479251599327801e-01	2.441153931940921451e-01	1.459484312946223161e-01	7.041395131167869914e-02	2.776583601837153553e-02	7.219539465243964005e-02
1.078338980623762609e+03	2.667788656047099249e-01	1.723967762399840342e-01	2.442834171074932947e-01	1.460430844860433341e-01	7.045391030919756492e-02	2.778813438754937012e-02	7.225581186483097385e-02
1.079790311687859230e+03	2.665450617121684629e-01	1.722458809765591292e-01	2.444511568744358598e-01	1.461375684367888228e-01	7.049379833599442313e-02	2.781040520478838401e-02	7.231612845907343934e-02
1.081241642751955851e+03	2.663116560098449659e-01	1.720952389432852392e-01	2.446186129731373338e-01	1.462318834729461337e-01	7.053361552663402201e-02	2.783264850104795463e-02	7.237634457291283741e-02
1.082692973816052472e+03	2.660786478177136760e-01	1.719448497145064647e-01	2.447857858810101594e-01	1.463260299198023695e-01	7.057336201536576481e-02	2.785486430726411000e-02	7.243646034414602530e-02
1.084144304880149093e+03	2.658460364569227297e-01	1.717947128652825284e-01	2.449526760746628951e-01	1.464200081018474930e-01	7.061303793612491719e-02	2.787705265434950105e-02	7.249647591061850194e-02
1.085595635944245487e+03	2.656138212497923812e-01	1.716448279713876646e-01	2.451192840299017406e-01	1.465138183427776297e-01	7.065264342253360641e-02	2.789921357319333217e-02	7.255639141022221517e-02
1.087046967008342108e+03	2.653820015198126714e-01	1.714951946093093704e-01	2.452856102217317869e-01	1.466074609654981487e-01	7.069217860790205643e-02	2.792134709466131959e-02	7.261620698089323034e-02
1.088498298072438729e+03	2.651505765916413182e-01	1.713458123562472124e-01	2.454516551243584588e-01	1.467009362921267712e-01	7.073164362522962878e-02	2.794345324959565668e-02	7.267592276060950984e-02
1.089949629136535123e+03	2.649195457911017737e-01	1.711966807901116605e-01	2.456174192111887644e-01	1.467942446439967907e-01	7.077103860720591888e-02	2.796553206881495501e-02	7.273553888738870654e-02
1.091400960200631971e+03	2.646889084451809482e-01	1.710477994895227838e-01	2.457829029548327382e-01	1.468873863416600423e-01	7.081036368621193566e-02	2.798758358311422001e-02	7.279505549928591557e-02
1.092852291264728365e+03	2.644586638820273228e-01	1.708991680338091679e-01	2.459481068271046900e-01	1.469803617048900390e-01	7.084961899432112853e-02	2.800960782326477813e-02	7.285447273439152327e-02
1.094303622328825213e+03	2.642288114309485625e-01	1.707507860030067215e-01	2.461130312990245927e-01	1.470731710526849700e-01	7.088880466330049757e-02	2.803160482001426299e-02	7.291379073082904227e-02
1.095754953392921607e+03	2.639993504224096843e-01	1.706026529778574552e-01	2.462776768408194150e-01	1.471658147032708364e-01	7.092792082461167602e-02	2.805357460408655287e-02	7.297300962675297431e-02
1.097206284457018228e+03	2.637702801880309478e-01	1.704547685398082602e-01	2.464420439219245362e-01	1.472582929741043378e-01	7.096696760941206827e-02	2.807551720618173610e-02	7.303212956034665915e-02
1.098657615521114849e+03	2.635416000605857456e-01	1.703071322710097979e-01	2.466061330109849126e-01	1.473506061818760371e-01	7.100594514855583517e-02	2.809743265697606587e-02	7.309115066982016518e-02
1.100108946585211470e+03	2.633133093739984387e-01	1.701597437543152236e-01	2.467699445758565480e-01	1.474427546425131352e-01	7.104485357259503198e-02	2.811932098712192213e-02	7.315007309340824937e-02
1.101560277649308091e+03	2.630854074633424133e-01	1.700126025732791313e-01	2.469334790836077986e-01	1.475347386711826081e-01	7.108369301178064925e-02	2.814118222724777338e-02	7.320889696936823399e-02
1.103011608713404712e+03	2.628578936648379716e-01	1.698657083121562217e-01	2.470967370005206221e-01	1.476265585822940096e-01	7.112246359606365365e-02	2.816301640795812813e-02	7.326762243597800817e-02
1.104462939777501106e+03	2.626307673158502776e-01	1.697190605559002197e-01	2.472597187920919648e-01	1.477182146895024972e-01	7.116116545509611202e-02	2.818482355983350368e-02	7.332624963153398789e-02
1.105914270841597499e+03	2.624040277548874145e-01	1.695726588901627085e-01	2.474224249230351780e-01	1.478097073057116628e-01	7.119979871823217676e-02	2.820660371343037404e-02	7.338477869434906209e-02
1.107365601905694348e+03	2.621776743215979977e-01	1.694265029012919366e-01	2.475848558572811553e-01	1.479010367430765305e-01	7.123836351452915439e-02	2.822835689928114566e-02	7.344320976275063584e-02
1.108816932969790741e+03	2.619517063567695647e-01	1.692805921763315957e-01	2.477470120579797486e-01	1.479922033130062486e-01	7.127685997274856022e-02	2.825008314789410543e-02	7.350154297507867363e-02
1.110268264033887590e+03	2.617261232023262996e-01	1.691349263030197947e-01	2.479088939875011277e-01	1.480832073261670878e-01	7.131528822135710377e-02	2.827178248975339633e-02	7.355977846968374256e-02
1.111719595097984211e+03	2.615009242013269231e-01	1.689895048697876434e-01	2.480705021074369743e-01	1.481740490924852161e-01	7.135364838852779890e-02	2.829345495531897237e-02	7.361791638492501400e-02
1.113170926162080832e+03	2.612761086979628611e-01	1.688443274657583371e-01	2.482318368786018692e-01	1.482647289211495856e-01	7.139194060214092141e-02	2.831510057502656039e-02	7.367595685916838999e-02
1.114622257226177226e+03	2.610516760375560241e-01	1.686993936807458794e-01	2.483928987610346528e-01	1.483552471206145973e-01	7.143016498978504991e-02	2.833671937928761847e-02	7.373390003078462984e-02
1.116073588290273847e+03	2.608276255665570309e-01	1.685547031052538891e-01	2.485536882139996184e-01	1.484456039986029874e-01	7.146832167875810660e-02	2.835831139848931856e-02	7.379174603814742106e-02
1.117524919354370468e+03	2.606039566325429879e-01	1.684102553304745176e-01	2.487142056959878722e-01	1.485357998621085751e-01	7.150641079606835648e-02	2.837987666299448750e-02	7.384949501963150587e-02
1.118976250418467089e+03	2.603806685842154356e-01	1.682660499482872829e-01	2.488744516647186933e-01	1.486258350173989828e-01	7.154443246843535109e-02	2.840141520314158619e-02	7.390714711361089095e-02
1.120427581482563710e+03	2.601577607713986273e-01	1.681220865512578211e-01	2.490344265771406995e-01	1.487157097700184394e-01	7.158238682229103866e-02	2.842292704924467145e-02	7.396470245845696012e-02
1.121878912546660331e+03	2.599352325450370316e-01	1.679783647326368035e-01	2.491941308894332907e-01	1.488054244247903890e-01	7.162027398378066623e-02	2.844441223159335785e-02	7.402216119253668403e-02
1.123330243610756725e+03	2.597130832571938330e-01	1.678348840863588542e-01	2.493535650570078421e-01	1.488949792858202670e-01	7.165809407876382042e-02	2.846587078045278996e-02	7.407952345421080220e-02
1.124781574674853118e+03	2.594913122610486012e-01	1.676916442070412738e-01	2.495127295345090646e-01	1.489843746564981919e-01	7.169584723281539895e-02	2.848730272606360761e-02	7.413678938183208833e-02
1.126232905738949967e+03	2.592699189108955138e-01	1.675486446899829285e-01	2.496716247758162810e-01	1.490736108395015469e-01	7.173353357122658203e-02	2.850870809864189739e-02	7.419395911374350450e-02
1.127684236803046360e+03	2.590489025621410812e-01	1.674058851311631402e-01	2.498302512340446480e-01	1.491626881367977553e-01	7.177115321900581768e-02	2.853008692837918914e-02	7.425103278827656361e-02
1.129135567867143209e+03	2.588282625713026475e-01	1.672633651272405486e-01	2.499886093615465155e-01	1.492516068496468340e-01	7.180870630087979323e-02	2.855143924544239695e-02	7.430801054374948367e-02
1.130586898931239830e+03	2.586079982960057810e-01	1.671210842755518899e-01	2.501466996099127038e-01	1.493403672786040026e-01	7.184619294129442058e-02	2.857276507997379839e-02	7.436489251846557791e-02
1.132038229995336451e+03	2.583881090949828319e-01	1.669790421741109143e-01	2.503045224299738636e-01	1.494289697235223757e-01	7.188361326441573829e-02	2.859406446209101019e-02	7.442167885071147848e-02
1.133489561059432845e+03	2.581685943280706552e-01	1.668372384216072479e-01	2.504620782718015581e-01	1.495174144835554053e-01	7.192096739413093853e-02	2.861533742188693968e-02	7.447836967875548497e-02
1.134940892123529466e+03	2.579494533562087799e-01	1.666956726174052550e-01	2.506193675847096514e-01	1.496057018571596009e-01	7.195825545404926915e-02	2.863658398942977440e-02	7.453496514084591296e-02
1.136392223187626087e+03	2.577306855414372433e-01	1.665543443615428720e-01	2.507763908172556677e-01	1.496938321420970275e-01	7.199547756750299121e-02	2.865780419476292654e-02	7.459146537520940090e-02
1.137843554251722708e+03	2.575122902468950370e-01	1.664132532547305532e-01	2.509331484172420690e-01	1.497818056354378591e-01	7.203263385754833659e-02	2.867899806790502604e-02	7.464787052004932810e-02
1.139294885315819101e+03	2.572942668368176089e-01	1.662723988983500212e-01	2.510896408317171979e-01	1.498696226335629045e-01	7.206972444696641000e-02	2.870016563884987895e-02	7.470418071354414935e-02
1.140746216379915950e+03	2.570766146765354199e-01	1.661317808944532681e-01	2.512458685069769437e-01	1.499572834321661052e-01	7.210674945826418825e-02	2.872130693756644662e-02	7.476039609384581286e-02
1.142197547444012343e+03	2.568593331324716122e-01	1.659913988457613065e-01	2.514018318885659076e-01	1.500447883262570614e-01	7.214370901367536670e-02	2.874242199399881098e-02	7.481651679907817820e-02
1.143648878508108737e+03	2.566424215721402335e-01	1.658512523556631424e-01	2.515575314212785130e-01	1.501321376101634741e-01	7.218060323516134469e-02	2.876351083806614681e-02	7.487254296733540648e-02
1.145100209572205586e+03	2.564258793641442935e-01	1.657113410282145538e-01	2.517129675491605045e-01	1.502193315775336435e-01	7.221743224441209974e-02	2.878457349966269049e-02	7.492847473668046154e-02
1.146551540636302207e+03	2.562097058781737657e-01	1.655716644681370364e-01	2.518681407155100027e-01	1.503063705213389945e-01	7.225419616284710356e-02	2.880561000865771923e-02	7.498431224514352789e-02
1.148002871700398828e+03	2.559939004850037003e-01	1.654322222808167486e-01	2.520230513628790581e-01	1.503932547338764081e-01	7.229089511161629344e-02	2.882662039489552672e-02	7.504005563072045637e-02
1.149454202764495449e+03	2.557784625564923919e-01	1.652930140723032071e-01	2.521776999330743174e-01	1.504799845067706643e-01	7.232752921160089110e-02	2.884760468819538154e-02	7.509570503137134867e-02
1.150905533828591842e+03	2.555633914655791594e-01	1.651540394493083430e-01	2.523320868671589667e-01	1.505665601309769119e-01	7.236409858341434631e-02	2.886856291835152022e-02	7.515126058501893358e-02
1.152356864892688463e+03	2.553486865862827360e-01	1.650152980192053642e-01	2.524862126054535083e-01	1.506529818967830836e-01	7.240060334740322512e-02	2.888949511513310212e-02	7.520672242954712372e-02
1.153808195956785084e+03	2.551343472936991597e-01	1.648767893900275339e-01	2.526400775875372595e-01	1.507392500938121438e-01	7.243704362364811189e-02	2.891040130828419902e-02	7.526209070279964164e-02
1.155259527020881706e+03	2.549203729639999416e-01	1.647385131704671712e-01	2.527936822522495741e-01	1.508253650110246702e-01	7.247341953196446973e-02	2.893128152752376739e-02	7.531736554257842386e-02
1.156710858084978327e+03	2.547067629744301231e-01	1.646004689698744861e-01	2.529470270376910634e-01	1.509113269367209909e-01	7.250973119190355642e-02	2.895213580254560326e-02	7.537254708664224701e-02
1.158162189149074720e+03	2.544935167033062218e-01	1.644626563982565237e-01	2.531001123812246512e-01	1.509971361585436822e-01	7.254597872275324322e-02	2.897296416301834918e-02	7.542763547270532609e-02
1.159613520213171569e+03	2.542806335300147880e-01	1.643250750662759996e-01	2.532529387194771275e-01	1.510827929634798727e-01	7.258216224353895851e-02	2.899376663858544909e-02	7.548263083843581578e-02
1.161064851277267962e+03	2.540681128350100182e-01	1.641877245852502165e-01	2.534055064883400932e-01	1.511682976378635190e-01	7.261828187302449278e-02	2.901454325886513794e-02	7.553753332145449195e-02
1.162516182341364356e+03	2.538559539998120340e-01	1.640506045671499546e-01	2.535578161229716243e-01	1.512536504673777926e-01	7.265433772971291448e-02	2.903529405345040351e-02	7.559234305933332232e-02
1.163967513405461204e+03	2.536441564070049393e-01	1.639137146245984444e-01	2.537098680577969390e-01	1.513388517370571895e-01	7.269032993184738889e-02	2.905601905190897255e-02	7.564706018959413414e-02
1.165418844469557826e+03	2.534327194402351546e-01	1.637770543708701732e-01	2.538616627265101178e-01	1.514239017312900837e-01	7.272625859741203846e-02	2.907671828378328993e-02	7.570168484970717093e-02
1.166870175533654447e+03	2.532216424842091418e-01	1.636406234198898579e-01	2.540132005620750477e-01	1.515088007338207532e-01	7.276212384413281720e-02	2.909739177859048051e-02	7.575621717708987124e-02
1.168321506597751068e+03	2.530109249246919045e-01	1.635044213862313078e-01	2.541644819967269209e-01	1.515935490277517395e-01	7.279792578947834325e-02	2.911803956582235606e-02	7.581065730910542533e-02
1.169772837661847461e+03	2.528005661485048794e-01	1.633684478851163413e-01	2.543155074619730671e-01	1.516781468955461232e-01	7.283366455066073164e-02	2.913866167494537016e-02	7.586500538306149843e-02
1.171224168725944082e+03	2.525905655435241592e-01	1.632327025324137038e-01	2.544662773885945084e-01	1.517625946190296060e-01	7.286934024463642690e-02	2.915925813540059391e-02	7.591926153620892626e-02
1.172675499790040703e+03	2.523809224986786059e-01	1.630971849446379851e-01	2.546167922066471245e-01	1.518468924793929253e-01	7.290495298810706348e-02	2.917982897660371944e-02	7.597342590574043819e-02
1.174126830854137097e+03	2.521716364039480185e-01	1.629618947389485928e-01	2.547670523454627634e-01	1.519310407571939359e-01	7.294050289752025684e-02	2.920037422794501819e-02	7.602749862878933895e-02
1.175578161918233945e+03	2.519627066503610791e-01	1.628268315331485305e-01	2.549170582336505175e-01	1.520150397323597746e-01	7.297599008907049156e-02	2.922089391878932366e-02	7.608147984242824569e-02
1.177029492982330339e+03	2.517541326299937432e-01	1.626919949456833991e-01	2.550668102990980568e-01	1.520988896841891369e-01	7.301141467869985691e-02	2.924138807847601398e-02	7.613536968366785285e-02
1.178480824046426733e+03	2.515459137359671860e-01	1.625573845956402863e-01	2.552163089689726272e-01	1.521825908913543302e-01	7.304677678209892111e-02	2.926185673631899811e-02	7.618916828945571096e-02
1.179932155110523581e+03	2.513380493624461365e-01	1.624230001027467396e-01	2.553655546697224388e-01	1.522661436319035499e-01	7.308207651470750854e-02	2.928229992160668801e-02	7.624287579667493597e-02
1.181383486174620202e+03	2.511305389046369352e-01	1.622888410873696563e-01	2.555145478270778869e-01	1.523495481832629617e-01	7.311731399171557400e-02	2.930271766360198135e-02	7.629649234214301579e-02
1.182834817238716823e+03	2.509233817587857573e-01	1.621549071705142286e-01	2.556632888660524960e-01	1.524328048222388376e-01	7.315248932806389659e-02	2.932310999154225106e-02	7.635001806261064450e-02
1.184286148302813444e+03	2.507165773221764482e-01	1.620211979738228059e-01	2.558117782109444183e-01	1.525159138250196111e-01	7.318760263844499570e-02	2.934347693463931414e-02	7.640345309476050117e-02
1.185737479366910065e+03	2.505101249931292462e-01	1.618877131195738672e-01	2.559600162853375993e-01	1.525988754671780967e-01	7.322265403730381095e-02	2.936381852207941776e-02	7.645679757520601472e-02
1.187188810431006686e+03	2.503040241709985070e-01	1.617544522306809951e-01	2.561080035121029441e-01	1.526816900236735164e-01	7.325764363883861818e-02	2.938413478302322190e-02	7.651005164049026752e-02
1.188640141495103080e+03	2.500982742561710936e-01	1.616214149306916814e-01	2.562557403133993716e-01	1.527643577688536092e-01	7.329257155700170945e-02	2.940442574660579247e-02	7.656321542708481587e-02
1.190091472559199701e+03	2.498928746500643228e-01	1.614886008437864950e-01	2.564032271106752581e-01	1.528468789764566571e-01	7.332743790550025342e-02	2.942469144193657002e-02	7.661628907138855193e-02
1.191542803623296322e+03	2.496878247551243823e-01	1.613560095947777218e-01	2.565504643246694361e-01	1.529292539196136502e-01	7.336224279779700319e-02	2.944493189809935241e-02	7.666927270972653807e-02
1.192994134687392716e+03	2.494831239748244722e-01	1.612236408091084761e-01	2.566974523754125825e-01	1.530114828708502295e-01	7.339698634711112890e-02	2.946514714415229483e-02	7.672216647834891046e-02
1.194445465751489564e+03	2.492787717136628611e-01	1.610914941128516742e-01	2.568441916822282178e-01	1.530935661020887406e-01	7.343166866641896717e-02	2.948533720912787162e-02	7.677497051342976886e-02
1.195896796815585958e+03	2.490747673771612769e-01	1.609595691327088407e-01	2.569906826637339270e-01	1.531755038846503159e-01	7.346628986845481213e-02	2.950550212203288322e-02	7.682768495106605255e-02
1.197348127879682352e+03	2.488711103718627693e-01	1.608278654960091647e-01	2.571369257378427475e-01	1.532572964892568723e-01	7.350085006571163704e-02	2.952564191184841452e-02	7.688030992727648560e-02
1.198799458943779200e+03	2.486678001053302667e-01	1.606963828307083897e-01	2.572829213217641131e-01	1.533389441860330826e-01	7.353534937044185760e-02	2.954575660752984181e-02	7.693284557800050827e-02
1.200250790007875821e+03	2.484648359861445777e-01	1.605651207653877865e-01	2.574286698320051858e-01	1.534204472445084011e-01	7.356978789465816460e-02	2.956584623800681544e-02	7.698529203909712515e-02
1.201702121071972442e+03	2.482622174239026702e-01	1.604340789292530434e-01	2.575741716843719664e-01	1.535018059336190621e-01	7.360416575013416229e-02	2.958591083218322856e-02	7.703764944634394762e-02
1.203153452136069063e+03	2.480599438292157843e-01	1.603032569521332662e-01	2.577194272939704600e-01	1.535830205217099675e-01	7.363848304840521497e-02	2.960595041893722065e-02	7.708991793543612525e-02
1.204604783200165684e+03	2.478580146137076834e-01	1.601726544644799799e-01	2.578644370752080084e-01	1.536640912765367961e-01	7.367273990076911305e-02	2.962596502712114971e-02	7.714209764198526331e-02
1.206056114264262078e+03	2.476564291900130166e-01	1.600422710973659624e-01	2.580092014417944002e-01	1.537450184652677798e-01	7.370693641828687803e-02	2.964595468556158880e-02	7.719418870151846523e-02
1.207507445328358699e+03	2.474551869717752373e-01	1.599121064824843008e-01	2.581537208067427036e-01	1.538258023544857855e-01	7.374107271178347023e-02	2.966591942305931567e-02	7.724619124947726401e-02
1.208958776392455093e+03	2.472542873736450209e-01	1.597821602521472817e-01	2.582979955823710427e-01	1.539064432101902025e-01	7.377514889184849656e-02	2.968585926838927802e-02	7.729810542121667849e-02
1.210410107456551941e+03	2.470537298112785718e-01	1.596524320392854468e-01	2.584420261803033747e-01	1.539869412977988017e-01	7.380916506883701544e-02	2.970577425030061086e-02	7.734993135200418646e-02
1.211861438520648335e+03	2.468535137013356806e-01	1.595229214774463722e-01	2.585858130114705999e-01	1.540672968821497901e-01	7.384312135287017520e-02	2.972566439751659143e-02	7.740166917701871152e-02
1.213312769584745183e+03	2.466536384614779198e-01	1.593936282007938077e-01	2.587293564861121720e-01	1.541475102275035869e-01	7.387701785383600506e-02	2.974552973873464956e-02	7.745331903134974882e-02
1.214764100648841804e+03	2.464541035103670896e-01	1.592645518441066221e-01	2.588726570137767080e-01	1.542275815975446829e-01	7.391085468139012293e-02	2.976537030262635386e-02	7.750488104999632422e-02
1.216215431712937971e+03	2.462549082676632473e-01	1.591356920427775823e-01	2.590157150033235434e-01	1.543075112553836670e-01	7.394463194495637381e-02	2.978518611783739431e-02	7.755635536786605055e-02
1.217666762777034819e+03	2.460560521540230416e-01	1.590070484328126033e-01	2.591585308629237305e-01	1.543872994635590024e-01	7.397834975372766242e-02	2.980497721298756841e-02	7.760774211977422565e-02
1.219118093841131440e+03	2.458575345910980203e-01	1.588786206508294996e-01	2.593011050000612605e-01	1.544669464840388029e-01	7.401200821666657770e-02	2.982474361667077078e-02	7.765904144044290247e-02
1.220569424905228061e+03	2.456593550015326866e-01	1.587504083340570415e-01	2.594434378215341175e-01	1.545464525782228871e-01	7.404560744250612836e-02	2.984448535745498621e-02	7.771025346449990379e-02
1.222020755969324682e+03	2.454615128089630005e-01	1.586224111203339560e-01	2.595855297334556111e-01	1.546258180069444710e-01	7.407914753975043676e-02	2.986420246388227923e-02	7.776137832647797565e-02
1.223472087033421303e+03	2.452640074380143809e-01	1.584946286481078159e-01	2.597273811412553757e-01	1.547050430304720559e-01	7.411262861667544666e-02	2.988389496446876986e-02	7.781241616081389922e-02
1.224923418097517697e+03	2.450668383143002338e-01	1.583670605564340972e-01	2.598689924496804804e-01	1.547841279085111488e-01	7.414605078132958937e-02	2.990356288770464749e-02	7.786336710184751930e-02
1.226374749161614318e+03	2.448700048644198712e-01	1.582397064849750679e-01	2.600103640627968726e-01	1.548630729002062889e-01	7.417941414153451929e-02	2.992320626205414308e-02	7.791423128382095331e-02
1.227826080225710712e+03	2.446735065159571232e-01	1.581125660739988725e-01	2.601514963839902106e-01	1.549418782641425463e-01	7.421271880488576611e-02	2.994282511595552920e-02	7.796500884087767536e-02
1.229277411289807560e+03	2.444773426974783948e-01	1.579856389643783943e-01	2.602923898159670846e-01	1.550205442583476589e-01	7.424596487875344264e-02	2.996241947782108880e-02	7.801569990706164193e-02
1.230728742353903954e+03	2.442815128385310008e-01	1.578589247975904220e-01	2.604330447607562382e-01	1.550990711402935041e-01	7.427915247028289703e-02	2.998198937603714295e-02	7.806630461631648699e-02
1.232180073418000802e+03	2.440860163696413898e-01	1.577324232157144568e-01	2.605734616197096787e-01	1.551774591668980408e-01	7.431228168639542053e-02	3.000153483896400575e-02	7.811682310248464767e-02
1.233631404482097196e+03	2.438908527223135059e-01	1.576061338614317131e-01	2.607136407935038980e-01	1.552557085945270865e-01	7.434535263378888592e-02	3.002105589493599472e-02	7.816725549930651773e-02
1.235082735546193817e+03	2.436960213290270960e-01	1.574800563780242579e-01	2.608535826821407611e-01	1.553338196789959547e-01	7.437836541893848297e-02	3.004055257226142042e-02	7.821760194041962877e-02
1.236534066610290438e+03	2.435015216232357949e-01	1.573541904093737898e-01	2.609932876849489491e-01	1.554117926755712864e-01	7.441132014809730133e-02	3.006002489922257603e-02	7.826786255935785919e-02
1.237985397674387059e+03	2.433073530393656536e-01	1.572285355999608059e-01	2.611327562005849034e-01	1.554896278389728548e-01	7.444421692729706608e-02	3.007947290407573387e-02	7.831803748955061539e-02
1.239436728738483680e+03	2.431135150128132805e-01	1.571030915948634921e-01	2.612719886270338798e-01	1.555673254233750913e-01	7.447705586234874831e-02	3.009889661505112113e-02	7.836812686432202690e-02
1.240888059802580301e+03	2.429200069799441475e-01	1.569778580397567513e-01	2.614109853616113366e-01	1.556448856824089733e-01	7.450983705884325903e-02	3.011829606035292678e-02	7.841813081689014142e-02
1.242339390866676695e+03	2.427268283780910085e-01	1.568528345809112323e-01	2.615497468009640447e-01	1.557223088691636892e-01	7.454256062215211531e-02	3.013767126815930508e-02	7.846804948036618932e-02
1.243790721930773088e+03	2.425339786455520119e-01	1.567280208651923024e-01	2.616882733410708095e-01	1.557995952361883041e-01	7.457522665742800927e-02	3.015702226662233740e-02	7.851788298775379260e-02
1.245242052994869937e+03	2.423414572215891460e-01	1.566034165400589651e-01	2.618265653772440804e-01	1.558767450354935080e-01	7.460783526960555745e-02	3.017634908386805301e-02	7.856763147194817387e-02
1.246693384058966330e+03	2.421492635464265464e-01	1.564790212535630276e-01	2.619646233041308392e-01	1.559537585185532815e-01	7.464038656340186983e-02	3.019565174799640830e-02	7.861729506573544857e-02
1.248144715123063179e+03	2.419573970612486913e-01	1.563548346543479906e-01	2.621024475157138212e-01	1.560306359363065609e-01	7.467288064331728537e-02	3.021493028708129025e-02	7.866687390179180617e-02
1.249596046187159800e+03	2.417658572081988755e-01	1.562308563916480486e-01	2.622400384053124589e-01	1.561073775391588758e-01	7.470531761363588541e-02	3.023418472917049210e-02	7.871636811268288569e-02
1.251047377251256421e+03	2.415746434303773782e-01	1.561070861152870637e-01	2.623773963655841590e-01	1.561839835769840146e-01	7.473769757842622929e-02	3.025341510228573075e-02	7.876577783086294304e-02
1.252498708315352815e+03	2.413837551718397978e-01	1.559835234756777600e-01	2.625145217885253568e-01	1.562604542991257728e-01	7.477002064154192329e-02	3.027262143442261896e-02	7.881510318867417098e-02
1.253950039379449436e+03	2.411931918775955253e-01	1.558601681238205861e-01	2.626514150654727375e-01	1.563367899543994521e-01	7.480228690662232838e-02	3.029180375355068275e-02	7.886434431834599135e-02
1.255401370443546057e+03	2.410029529936059678e-01	1.557370197113026877e-01	2.627880765871042357e-01	1.564129907910936090e-01	7.483449647709310149e-02	3.031096208761333705e-02	7.891350135199437510e-02
1.256852701507642678e+03	2.408130379667828558e-01	1.556140778902970201e-01	2.629245067434399785e-01	1.564890570569715811e-01	7.486664945616684774e-02	3.033009646452788921e-02	7.896257442162107898e-02
1.258304032571739299e+03	2.406234462449865497e-01	1.554913423135613204e-01	2.630607059238438405e-01	1.565649889992731802e-01	7.489874594684378661e-02	3.034920691218552513e-02	7.901156365911299329e-02
1.259755363635835920e+03	2.404341772770244856e-01	1.553688126344371367e-01	2.631966745170241651e-01	1.566407868647162749e-01	7.493078605191229313e-02	3.036829345845131964e-02	7.906046919624147573e-02
1.261206694699932314e+03	2.402452305126495102e-01	1.552464885068487732e-01	2.633324129110350409e-01	1.567164508994983441e-01	7.496276987394959179e-02	3.038735613116422610e-02	7.910929116466167144e-02
1.262658025764028707e+03	2.400566054025580487e-01	1.551243695853024851e-01	2.634679214932772462e-01	1.567919813492981429e-01	7.499469751532229778e-02	3.040639495813705906e-02	7.915802969591183291e-02
1.264109356828125556e+03	2.398683013983886614e-01	1.550024555248853131e-01	2.636032006504995806e-01	1.568673784592772846e-01	7.502656907818708309e-02	3.042540996715651508e-02	7.920668492141268169e-02
1.265560687892221949e+03	2.396803179527203231e-01	1.548807459812642229e-01	2.637382507687997535e-01	1.569426424740817394e-01	7.505838466449124557e-02	3.044440118598314149e-02	7.925525697246672829e-02
1.267012018956318798e+03	2.394926545190706746e-01	1.547592406106850782e-01	2.638730722336256052e-01	1.570177736378434163e-01	7.509014437597333336e-02	3.046336864235135375e-02	7.930374598025767552e-02
1.268463350020415419e+03	2.393053105518945511e-01	1.546379390699716416e-01	2.640076654297762171e-01	1.570927721941818289e-01	7.512184831416372777e-02	3.048231236396942503e-02	7.935215207584976616e-02
1.269914681084511813e+03	2.391182855065821788e-01	1.545168410165247141e-01	2.641420307414028557e-01	1.571676383862055659e-01	7.515349658038522618e-02	3.050123237851947583e-02	7.940047539018714462e-02
1.271366012148608434e+03	2.389315788394576201e-01	1.543959461083209972e-01	2.642761685520103598e-01	1.572423724565138181e-01	7.518508927575369427e-02	3.052012871365748434e-02	7.944871605409321857e-02
1.272817343212705055e+03	2.387451900077771916e-01	1.542752540039123155e-01	2.644100792444576964e-01	1.573169746471979324e-01	7.521662650117862114e-02	3.053900139701327607e-02	7.949687419827011770e-02
1.274268674276801676e+03	2.385591184697277434e-01	1.541547643624244790e-01	2.645437632009596807e-01	1.573914451998429664e-01	7.524810835736370218e-02	3.055785045619052037e-02	7.954494995329802753e-02
1.275720005340898297e+03	2.383733636844250214e-01	1.540344768435564782e-01	2.646772208030875873e-01	1.574657843555292147e-01	7.527953494480743579e-02	3.057667591876672697e-02	7.959294344963462053e-02
1.277171336404994690e+03	2.381879251119120855e-01	1.539143911075793458e-01	2.648104524317705377e-01	1.575399923548336523e-01	7.531090636380370629e-02	3.059547781229325289e-02	7.964085481761443153e-02
1.278622667469091539e+03	2.380028022131577270e-01	1.537945068153353245e-01	2.649434584672964443e-01	1.576140694378315721e-01	7.534222271444238062e-02	3.061425616429528859e-02	7.968868418744833038e-02
1.280073998533187932e+03	2.378179944500547760e-01	1.536748236282368396e-01	2.650762392893130093e-01	1.576880158440978896e-01	7.537348409660983573e-02	3.063301100227186144e-02	7.973643168922289748e-02
1.281525329597284326e+03	2.376335012854184359e-01	1.535553412082655833e-01	2.652087952768288903e-01	1.577618318127088637e-01	7.540469060998959694e-02	3.065174235369583569e-02	7.978409745289989641e-02
1.282976660661381175e+03	2.374493221829848399e-01	1.534360592179715432e-01	2.653411268082149221e-01	1.578355175822433454e-01	7.543584235406286531e-02	3.067045024601391251e-02	7.983168160831566329e-02
1.284427991725477568e+03	2.372654566074093030e-01	1.533169773204720587e-01	2.654732342612048934e-01	1.579090733907844712e-01	7.546693942810911437e-02	3.068913470664661955e-02	7.987918428518060721e-02
1.285879322789574417e+03	2.370819040242647668e-01	1.531980951794507939e-01	2.656051180128968237e-01	1.579824994759210233e-01	7.549798193120665912e-02	3.070779576298831789e-02	7.992660561307859957e-02
1.287330653853671038e+03	2.368986639000401351e-01	1.530794124591568772e-01	2.657367784397541843e-01	1.580557960747488722e-01	7.552896996223321113e-02	3.072643344240720206e-02	7.997394572146648839e-02
1.288781984917767431e+03	2.367157357021388298e-01	1.529609288244039023e-01	2.658682159176065651e-01	1.581289634238724484e-01	7.555990361986643367e-02	3.074504777224529306e-02	8.002120473967354319e-02
1.290233315981864052e+03	2.365331188988769595e-01	1.528426439405690396e-01	2.659994308216508396e-01	1.582020017594062689e-01	7.559078300258449679e-02	3.076363877981844186e-02	8.006838279690094151e-02
