1.001418434226643626e+03	2.797642433963276609e-01	1.807605892995026720e-01	2.349824109164886377e-01	1.407864964407607722e-01	6.823515373906149928e-02	2.656657540069115586e-02	6.890453080697619970e-02
1.003837319333471214e+03	2.793379796416773364e-01	1.804858092551270554e-01	2.352880929318692527e-01	1.409596291542175583e-01	6.830820662216642580e-02	2.660610217864745747e-02	6.901418021610350451e-02
1.006256204440298802e+03	2.789129253528132013e-01	1.802117975836329267e-01	2.355929140572480540e-01	1.411322422087844808e-01	6.838104210550885464e-02	2.664554732933304554e-02	6.912353136248809704e-02
1.008675089547126618e+03	2.784890770859804188e-01	1.799385521331749727e-01	2.358968767065335870e-01	1.413043373244465550e-01	6.845366089072194016e-02	2.668491100775683550e-02	6.923258485119439254e-02
1.011093974653954206e+03	2.780664314073685306e-01	1.796660707579357530e-01	2.361999832868629245e-01	1.414759162135084680e-01	6.852606367655257602e-02	2.672419336873054982e-02	6.934134128884986148e-02
1.013512859760782021e+03	2.776449848930811481e-01	1.793943513181088523e-01	2.365022361986207078e-01	1.416469805806530868e-01	6.859825115887814573e-02	2.676339456686799637e-02	6.944980128359869165e-02
1.015931744867609382e+03	2.772247341291056988e-01	1.791233916798819215e-01	2.368036378354581029e-01	1.418175321229992458e-01	6.867022403072328696e-02	2.680251475658431901e-02	6.955796544505600532e-02
1.018350629974437197e+03	2.768056757112834498e-01	1.788531897154199413e-01	2.371041905843117026e-01	1.419875725301588121e-01	6.874198298227658654e-02	2.684155409209530024e-02	6.966583438426283970e-02
1.020769515081264785e+03	2.763878062452791995e-01	1.785837433028484578e-01	2.374038968254224280e-01	1.421571034842929460e-01	6.881352870090721996e-02	2.688051272741664305e-02	6.977340871364168251e-02
1.023188400188092373e+03	2.759711223465519114e-01	1.783150503262369568e-01	2.377027589323542633e-01	1.423261266601679176e-01	6.888486187118161852e-02	2.691939081636328043e-02	6.988068904695260430e-02
1.025607285294920075e+03	2.755556206403245723e-01	1.780471086755820720e-01	2.380007792720131021e-01	1.424946437252097853e-01	6.895598317488009499e-02	2.695818851254869891e-02	6.998767599925016791e-02
1.028026170401747549e+03	2.751412977615547151e-01	1.777799162467911254e-01	2.382979602046653711e-01	1.426626563395588798e-01	6.902689329101333038e-02	2.699690596938427931e-02	7.009437018684079590e-02
1.030445055508575479e+03	2.747281503549047765e-01	1.775134709416654188e-01	2.385943040839567930e-01	1.428301661561232616e-01	6.909759289583881914e-02	2.703554334007861673e-02	7.020077222724083188e-02
1.032863940615402726e+03	2.743161750747125649e-01	1.772477706678838028e-01	2.388898132569308441e-01	1.429971748206318172e-01	6.916808266287736984e-02	2.707410077763689957e-02	7.030688273913517083e-02
1.035282825722230655e+03	2.739053685849623387e-01	1.769828133389862723e-01	2.391844900640474059e-01	1.431636839716863563e-01	6.923836326292934218e-02	2.711257843486027108e-02	7.041270234233650005e-02
1.037701710829058356e+03	2.734957275592549419e-01	1.767185968743573699e-01	2.394783368392011946e-01	1.433296952408135982e-01	6.930843536409100891e-02	2.715097646434520839e-02	7.051823165774510904e-02
1.040120595935886058e+03	2.730872486807793265e-01	1.764551191992099199e-01	2.397713559097402747e-01	1.434952102525160755e-01	6.937829963177066794e-02	2.718929501848289798e-02	7.062347130730931011e-02
1.042539481042713533e+03	2.726799286422829094e-01	1.761923782445687370e-01	2.400635495964843491e-01	1.436602306243225935e-01	6.944795672870480996e-02	2.722753424945867015e-02	7.072842191398637235e-02
1.044958366149541234e+03	2.722737641460432068e-01	1.759303719472542493e-01	2.403549202137431895e-01	1.438247579668382459e-01	6.951740731497410564e-02	2.726569430925138843e-02	7.083308410170408020e-02
1.047377251256368709e+03	2.718687519038386347e-01	1.756690982498662901e-01	2.406454700693348436e-01	1.439887938837935977e-01	6.958665204801936510e-02	2.730377534963288402e-02	7.093745849532280545e-02
1.049796136363196410e+03	2.714648886369199210e-01	1.754085551007679156e-01	2.409352014646039541e-01	1.441523399720935628e-01	6.965569158265741412e-02	2.734177752216739032e-02	7.104154572059818984e-02
1.052215021470024112e+03	2.710621710759815728e-01	1.751487404540692794e-01	2.412241166944399107e-01	1.443153978218655598e-01	6.972452657109676211e-02	2.737970097821099819e-02	7.114534640414425792e-02
1.054633906576851814e+03	2.706605959611331769e-01	1.748896522696115063e-01	2.415122180472948910e-01	1.444779690165071129e-01	6.979315766295336732e-02	2.741754586891111123e-02	7.124886117339718217e-02
1.057052791683679516e+03	2.702601600418712002e-01	1.746312885129505388e-01	2.417995078052020685e-01	1.446400551327329531e-01	6.986158550526611055e-02	2.745531234520590808e-02	7.135209065657954763e-02
1.059471676790506763e+03	2.698608600770504573e-01	1.743736471553413159e-01	2.420859882437935984e-01	1.448016577406216754e-01	6.992981074251232443e-02	2.749300055782384275e-02	7.145503548266508853e-02
1.061890561897334692e+03	2.694626928348561323e-01	1.741167261737216199e-01	2.423716616323185469e-01	1.449627784036617295e-01	6.999783401662314219e-02	2.753061065728311732e-02	7.155769628134400762e-02
1.064309447004162394e+03	2.690656550927754687e-01	1.738605235506963387e-01	2.426565302336608498e-01	1.451234186787969949e-01	7.006565596699872167e-02	2.756814279389119965e-02	7.166007368298873970e-02
1.066728332110990095e+03	2.686697436375698467e-01	1.736050372745213399e-01	2.429405963043572980e-01	1.452835801164717444e-01	7.013327723052344143e-02	2.760559711774432726e-02	7.176216831862027024e-02
1.069147217217817570e+03	2.682749552652469172e-01	1.733502653390879555e-01	2.432238620946151619e-01	1.454432642606753312e-01	7.020069844158095818e-02	2.764297377872704936e-02	7.186398081987495357e-02
1.071566102324645271e+03	2.678812867810326792e-01	1.730962057439068835e-01	2.435063298483300664e-01	1.456024726489860976e-01	7.026792023206912541e-02	2.768027292651173421e-02	7.196551181897177518e-02
1.073984987431472746e+03	2.674887349993438912e-01	1.728428564940925616e-01	2.437880018031037821e-01	1.457612068126150628e-01	7.033494323141482873e-02	2.771749471055813541e-02	7.206676194868009977e-02
1.076403872538300675e+03	2.670972967437603152e-01	1.725902156003476240e-01	2.440688801902618221e-01	1.459194682764489714e-01	7.040176806658876574e-02	2.775463928011294434e-02	7.216773184228797433e-02
1.078822757645127922e+03	2.667069688469971833e-01	1.723382810789469421e-01	2.443489672348710395e-01	1.460772585590930095e-01	7.046839536212000377e-02	2.779170678420935306e-02	7.226842213357083378e-02
1.081241642751955851e+03	2.663177481508780531e-01	1.720870509517222480e-01	2.446282651557572796e-01	1.462345791729128819e-01	7.053482574011056550e-02	2.782869737166662749e-02	7.236883345676067836e-02
1.083660527858783553e+03	2.659296315063071625e-01	1.718365232460464520e-01	2.449067761655228936e-01	1.463914316240766678e-01	7.060105982024977855e-02	2.786561119108969808e-02	7.246896644651569519e-02
1.086079412965611255e+03	2.655426157732422854e-01	1.715866959948181836e-01	2.451845024705641973e-01	1.465478174125959820e-01	7.066709821982858353e-02	2.790244839086875039e-02	7.256882173789043489e-02
1.088498298072438729e+03	2.651566978206675307e-01	1.713375672364462476e-01	2.454614462710888456e-01	1.467037380323669149e-01	7.073294155375374481e-02	2.793920911917883651e-02	7.266839996630626575e-02
1.090917183179266431e+03	2.647718745265665308e-01	1.710891350148342482e-01	2.457376097611333188e-01	1.468591949712104439e-01	7.079859043456188106e-02	2.797589352397949342e-02	7.276770176752243857e-02
1.093336068286093905e+03	2.643881427778952964e-01	1.708413973793651008e-01	2.460129951285802141e-01	1.470141897109124574e-01	7.086404547243348173e-02	2.801250175301435094e-02	7.286672777760747066e-02
1.095754953392921607e+03	2.640054994705553493e-01	1.705943523848857668e-01	2.462876045551754267e-01	1.471687237272633064e-01	7.092930727520672940e-02	2.804903395381078135e-02	7.296547863291101554e-02
1.098173838499749309e+03	2.636239415093670213e-01	1.703479980916919045e-01	2.465614402165455521e-01	1.473227984900969401e-01	7.099437644839123873e-02	2.808549027367953158e-02	7.306395497003617678e-02
1.100592723606577010e+03	2.632434658080427536e-01	1.701023325655126039e-01	2.468345042822149560e-01	1.474764154633297630e-01	7.105925359518172613e-02	2.812187085971439016e-02	7.316215742581214099e-02
1.103011608713404712e+03	2.628640692891606179e-01	1.698573538774951486e-01	2.471067989156229272e-01	1.476295761049989108e-01	7.112393931647148504e-02	2.815817585879183335e-02	7.326008663726736592e-02
1.105430493820231959e+03	2.624857488841376152e-01	1.696130601041899166e-01	2.473783262741408306e-01	1.477822818673002747e-01	7.118843421086586132e-02	2.819440541757070248e-02	7.335774324160306004e-02
1.107849378927059888e+03	2.621085015332035306e-01	1.693694493275351154e-01	2.476490885090889826e-01	1.479345341966261107e-01	7.125273887469550649e-02	2.823055968249188474e-02	7.345512787616714778e-02
1.110268264033887590e+03	2.617323241853743987e-01	1.691265196348417377e-01	2.479190877657538317e-01	1.480863345336021486e-01	7.131685390202960328e-02	2.826663879977800442e-02	7.355224117842855402e-02
1.112687149140715292e+03	2.613572137984264132e-01	1.688842691187786016e-01	2.481883261834048060e-01	1.482376843131244515e-01	7.138077988468893853e-02	2.830264291543310370e-02	7.364908378595193261e-02
1.115106034247542766e+03	2.609831673388697815e-01	1.686426958773571960e-01	2.484568058953112446e-01	1.483885849643959143e-01	7.144451741225889274e-02	2.833857217524237207e-02	7.374565633637282513e-02
1.117524919354370468e+03	2.606101817819228006e-01	1.684017980139167203e-01	2.487245290287591615e-01	1.485390379109622627e-01	7.150806707210231872e-02	2.837442672477183750e-02	7.384195946737309724e-02
1.119943804461197942e+03	2.602382541114857117e-01	1.681615736371093184e-01	2.489914977050681488e-01	1.486890445707478303e-01	7.157142944937230911e-02	2.841020670936810627e-02	7.393799381665681902e-02
1.122362689568025871e+03	2.598673813201148319e-01	1.679220208608850351e-01	2.492577140396080859e-01	1.488386063560908634e-01	7.163460512702483907e-02	2.844591227415808193e-02	7.403376002192652017e-02
1.124781574674853118e+03	2.594975604089970744e-01	1.676831378044769394e-01	2.495231801418158479e-01	1.489877246737786320e-01	7.169759468583131179e-02	2.848154356404871204e-02	7.412925872085980583e-02
1.127200459781681047e+03	2.591287883879239695e-01	1.674449225923864970e-01	2.497878981152119038e-01	1.491364009250819300e-01	7.176039870439104851e-02	2.851710072372672794e-02	7.422449055108627791e-02
1.129619344888508749e+03	2.587610622752661849e-01	1.672073733543686658e-01	2.500518700574170250e-01	1.492846365057895475e-01	7.182301775914361197e-02	2.855258389765840191e-02	7.431945615016494200e-02
1.132038229995336451e+03	2.583943790979478794e-01	1.669704882254172684e-01	2.503150980601688835e-01	1.494324328062421603e-01	7.188545242438101890e-02	2.858799323008931817e-02	7.441415615556185026e-02
1.134457115102163925e+03	2.580287358914216678e-01	1.667342653457501989e-01	2.505775842093383998e-01	1.495797912113659422e-01	7.194770327225992468e-02	2.862332886504413004e-02	7.450859120462813290e-02
1.136876000208991627e+03	2.576641296996429742e-01	1.664987028607948505e-01	2.508393305849463406e-01	1.497267131007059271e-01	7.200977087281359990e-02	2.865859094632634482e-02	7.460276193457839045e-02
1.139294885315819101e+03	2.573005575750447194e-01	1.662637989211736000e-01	2.511003392611797502e-01	1.498731998484589822e-01	7.207165579396392074e-02	2.869377961751811562e-02	7.469666898246941911e-02
1.141713770422646803e+03	2.569380165785122849e-01	1.660295516826891249e-01	2.513606123064081599e-01	1.500192528235064771e-01	7.213335860153319290e-02	2.872889502198002279e-02	7.479031298517925530e-02
1.144132655529474505e+03	2.565765037793585335e-01	1.657959593063099424e-01	2.516201517832002410e-01	1.501648733894465626e-01	7.219487985925580886e-02	2.876393730285087963e-02	7.488369457938653939e-02
1.146551540636302207e+03	2.562160162552987175e-01	1.655630199581559214e-01	2.518789597483397924e-01	1.503100629046263126e-01	7.225622012878998857e-02	2.879890660304754157e-02	7.497681440155028187e-02
1.148970425743129908e+03	2.558565510924254993e-01	1.653307318094838496e-01	2.521370382528421161e-01	1.504548227221733647e-01	7.231737996972920079e-02	2.883380306526472578e-02	7.506967308788983773e-02
1.151389310849957155e+03	2.554981053851841377e-01	1.650990930366731113e-01	2.523943893419701157e-01	1.505991541900273123e-01	7.237835993961372338e-02	2.886862683197482030e-02	7.516227127436531097e-02
1.153808195956785084e+03	2.551406762363480074e-01	1.648681018212111993e-01	2.526510150552506717e-01	1.507430586509709014e-01	7.243916059394185647e-02	2.890337804542772795e-02	7.525460959665822291e-02
1.156227081063612786e+03	2.547842607569935081e-01	1.646377563496794483e-01	2.529069174264904629e-01	1.508865374426607564e-01	7.249978248618121901e-02	2.893805684765069289e-02	7.534668869015241632e-02
1.158645966170440488e+03	2.544288560664758059e-01	1.644080548137389075e-01	2.531620984837922861e-01	1.510295918976579943e-01	7.256022616777992040e-02	2.897266338044815481e-02	7.543850918991543142e-02
1.161064851277267962e+03	2.540744592924042977e-01	1.641789954101159354e-01	2.534165602495707659e-01	1.511722233434583396e-01	7.262049218817755170e-02	2.900719778540157903e-02	7.553007173068002067e-02
1.163483736384095664e+03	2.537210675706180196e-01	1.639505763405880168e-01	2.536703047405686196e-01	1.513144331025221556e-01	7.268058109481621842e-02	2.904166020386933500e-02	7.562137694682609379e-02
1.165902621490923138e+03	2.533686780451616105e-01	1.637227958119697180e-01	2.539233339678723667e-01	1.514562224923040878e-01	7.274049343315128202e-02	2.907605077698655061e-02	7.571242547236285703e-02
1.168321506597751068e+03	2.530172878682607207e-01	1.634956520360984489e-01	2.541756499369283717e-01	1.515975928252823457e-01	7.280022974666230939e-02	2.911036964566498034e-02	7.580321794091127163e-02
1.170740391704578315e+03	2.526668942002981422e-01	1.632691432298205292e-01	2.544272546475586094e-01	1.517385454089879571e-01	7.285979057686355065e-02	2.914461695059287691e-02	7.589375498568681766e-02
1.173159276811406244e+03	2.523174942097894946e-01	1.630432676149770610e-01	2.546781500939763188e-01	1.518790815460334953e-01	7.291917646331468050e-02	2.917879283223489065e-02	7.598403723948252142e-02
1.175578161918233945e+03	2.519690850733594112e-01	1.628180234183899122e-01	2.549283382648019902e-01	1.520192025341416675e-01	7.297838794363123438e-02	2.921289743083193766e-02	7.607406533465232989e-02
1.177997047025061647e+03	2.516216639757174467e-01	1.625934088718478110e-01	2.551778211430789089e-01	1.521589096661735974e-01	7.303742555349501675e-02	2.924693088640111308e-02	7.616383990309456842e-02
1.180415932131889122e+03	2.512752281096343743e-01	1.623694222120924124e-01	2.554266007062888644e-01	1.522982042301568306e-01	7.309628982666445396e-02	2.928089333873558006e-02	7.625336157623593958e-02
1.182834817238716823e+03	2.509297746759181491e-01	1.621460616808044486e-01	2.556746789263677488e-01	1.524370875093132016e-01	7.315498129498479440e-02	2.931478492740447958e-02	7.634263098501557765e-02
1.185253702345544298e+03	2.505853008833906492e-01	1.619233255245898506e-01	2.559220577697211008e-01	1.525755607820861448e-01	7.321350048839829483e-02	2.934860579175284714e-02	7.643164875986944995e-02
1.187672587452371999e+03	2.502418039488636947e-01	1.617012119949660098e-01	2.561687391972396477e-01	1.527136253221682005e-01	7.327184793495422621e-02	2.938235607090152260e-02	7.652041553071498026e-02
1.190091472559199701e+03	2.498992810971155110e-01	1.614797193483479276e-01	2.564147251643149605e-01	1.528512823985278546e-01	7.333002416081893515e-02	2.941603590374709462e-02	7.660893192693604692e-02
1.192510357666027403e+03	2.495577295608675528e-01	1.612588458460345875e-01	2.566600176208543860e-01	1.529885332754363225e-01	7.338802969028564160e-02	2.944964542896180357e-02	7.669719857736805035e-02
1.194929242772855105e+03	2.492171465807608843e-01	1.610385897541951605e-01	2.569046185112970337e-01	1.531253792124940560e-01	7.344586504578433372e-02	2.948318478499350678e-02	7.678521611028335525e-02
1.197348127879682352e+03	2.488775294053329201e-01	1.608189493438554885e-01	2.571485297746287646e-01	1.532618214646571109e-01	7.350353074789145458e-02	2.951665411006559533e-02	7.687298515337696869e-02
1.199767012986510281e+03	2.485388752909943322e-01	1.605999228908843446e-01	2.573917533443976779e-01	1.533978612822630427e-01	7.356102731533954719e-02	2.955005354217695931e-02	7.696050633375242644e-02
1.202185898093337983e+03	2.482011815020056245e-01	1.603815086759800002e-01	2.576342911487292664e-01	1.535334999110568033e-01	7.361835526502683025e-02	2.958338321910192886e-02	7.704778027790795680e-02
1.204604783200165684e+03	2.478644453104542900e-01	1.601637049846565686e-01	2.578761451103415703e-01	1.536687385922162197e-01	7.367551511202670433e-02	2.961664327839022906e-02	7.713480761172281097e-02
1.207023668306993159e+03	2.475286639962317459e-01	1.599465101072305717e-01	2.581173171465605543e-01	1.538035785623774465e-01	7.373250736959713336e-02	2.964983385736696259e-02	7.722158896044395426e-02
1.209442553413820860e+03	2.471938348470103797e-01	1.597299223388075062e-01	2.583578091693351508e-01	1.539380210536599181e-01	7.378933254918998430e-02	2.968295509313255420e-02	7.730812494867285445e-02
1.211861438520648335e+03	2.468599551582206786e-01	1.595139399792684376e-01	2.585976230852522484e-01	1.540720672936913838e-01	7.384599116046026979e-02	2.971600712256274382e-02	7.739441620035254765e-02
1.214280323627476264e+03	2.465270222330285255e-01	1.592985613332564832e-01	2.588367607955520122e-01	1.542057185056323887e-01	7.390248371127534910e-02	2.974899008230855180e-02	7.748046333875494018e-02
1.216699208734303511e+03	2.461950333823124393e-01	1.590837847101636837e-01	2.590752241961425395e-01	1.543389759082009205e-01	7.395881070772403199e-02	2.978190410879627201e-02	7.756626698646841567e-02
1.219118093841131440e+03	2.458639859246408987e-01	1.588696084241175144e-01	2.593130151776150139e-01	1.544718407156964179e-01	7.401497265412554372e-02	2.981474933822745449e-02	7.765182776538544218e-02
1.221536978947959142e+03	2.455338771862499159e-01	1.586560307939676451e-01	2.595501356252587488e-01	1.546043141380239461e-01	7.407097005303854564e-02	2.984752590657889504e-02	7.773714629669060960e-02
1.223955864054786844e+03	2.452047045010204152e-01	1.584430501432728677e-01	2.597865874190757873e-01	1.547363973807178439e-01	7.412680340526996148e-02	2.988023394960264909e-02	7.782222320084876410e-02
1.226374749161614318e+03	2.448764652104559458e-01	1.582306648002877181e-01	2.600223724337959452e-01	1.548680916449654277e-01	7.418247320988383131e-02	2.991287360282600741e-02	7.790705909759340630e-02
1.228793634268442020e+03	2.445491566636601999e-01	1.580188730979493750e-01	2.602574925388916327e-01	1.549993981276303334e-01	7.423797996420998524e-02	2.994544500155154124e-02	7.799165460591522825e-02
1.231212519375269494e+03	2.442227762173149186e-01	1.578076733738645598e-01	2.604919495985923983e-01	1.551303180212756094e-01	7.429332416385277249e-02	2.997794828085707103e-02	7.807601034405095564e-02
1.233631404482097196e+03	2.438973212356575215e-01	1.575970639702964915e-01	2.607257454718998613e-01	1.552608525141867535e-01	7.434850630269958238e-02	3.001038357559572198e-02	7.816012692947232887e-02
1.236050289588924898e+03	2.435727890904591242e-01	1.573870432341517578e-01	2.609588820126022002e-01	1.553910027903945001e-01	7.440352687292944855e-02	3.004275102039592055e-02	7.824400497887527839e-02
1.238469174695752372e+03	2.432491771610023612e-01	1.571776095169673537e-01	2.611913610692890297e-01	1.555207700296973028e-01	7.445838636502141727e-02	3.007505074966143263e-02	7.832764510816926651e-02
1.240888059802580301e+03	2.429264828340595428e-01	1.569687611748976641e-01	2.614231844853657782e-01	1.556501554076838434e-01	7.451308526776297125e-02	3.010728289757138784e-02	7.841104793246694848e-02
1.243306944909407548e+03	2.426047035038706723e-01	1.567604965687016128e-01	2.616543540990682870e-01	1.557791600957550149e-01	7.456762406825835632e-02	3.013944759808031074e-02	7.849421406607387519e-02
1.245725830016235477e+03	2.422838365721214915e-01	1.565528140637297005e-01	2.618848717434774098e-01	1.559077852611460702e-01	7.462200325193679706e-02	3.017154498491816245e-02	7.857714412247851499e-02
1.248144715123063179e+03	2.419638794479219701e-01	1.563457120299111269e-01	2.621147392465332238e-01	1.560360320669484380e-01	7.467622330256069862e-02	3.020357519159038925e-02	7.865983871434228947e-02
1.250563600229890881e+03	2.416448295477842956e-01	1.561391888417410223e-01	2.623439584310498507e-01	1.561639016721311779e-01	7.473028470223380682e-02	3.023553835137796422e-02	7.874229845349003942e-02
1.252982485336718355e+03	2.413266842956015568e-01	1.559332428782675695e-01	2.625725311147295016e-01	1.562913952315625188e-01	7.478418793140917398e-02	3.026743459733743230e-02	7.882452395090040753e-02
1.255401370443546057e+03	2.410094411226259281e-01	1.557278725230793748e-01	2.628004591101769649e-01	1.564185138960311194e-01	7.483793346889719422e-02	3.029926406230097277e-02	7.890651581669660963e-02
1.257820255550373531e+03	2.406930974674472978e-01	1.555230761642925341e-01	2.630277442249140396e-01	1.565452588122670519e-01	7.489152179187355540e-02	3.033102687887646171e-02	7.898827466013723375e-02
1.260239140657201460e+03	2.403776507759718128e-01	1.553188521945381706e-01	2.632543882613934683e-01	1.566716311229627567e-01	7.494495337588705230e-02	3.036272317944752053e-02	7.906980108960733056e-02
1.262658025764028707e+03	2.400630985014005347e-01	1.551151990109497503e-01	2.634803930170134811e-01	1.567976319667937490e-01	7.499822869486744148e-02	3.039435309617359235e-02	7.915109571260957322e-02
1.265076910870856636e+03	2.397494381042081790e-01	1.549121150151502868e-01	2.637057602841317849e-01	1.569232624784390739e-01	7.505134822113310178e-02	3.042591676099001483e-02	7.923215913575566705e-02
1.267495795977684338e+03	2.394366670521217433e-01	1.547095986132399903e-01	2.639304918500798292e-01	1.570485237886017349e-01	7.510431242539881980e-02	3.045741430560808607e-02	7.931299196475785629e-02
1.269914681084511813e+03	2.391247828200995795e-01	1.545076482157836106e-01	2.641545894971767949e-01	1.571734170240289274e-01	7.515712177678329775e-02	3.048884586151514101e-02	7.939359480442065298e-02
1.272333566191339514e+03	2.388137828903101612e-01	1.543062622377978366e-01	2.643780550027439169e-01	1.572979433075319400e-01	7.520977674281677239e-02	3.052021155997464846e-02	7.947396825863269065e-02
1.274752451298167216e+03	2.385036647521110442e-01	1.541054390987390832e-01	2.646008901391181944e-01	1.574221037580061378e-01	7.526227778944852287e-02	3.055151153202628062e-02	7.955411293035878628e-02
1.277171336404994690e+03	2.381944259020279675e-01	1.539051772224908077e-01	2.648230966736663805e-01	1.575458994904505861e-01	7.531462538105430926e-02	3.058274590848599969e-02	7.963402942163205767e-02
1.279590221511822392e+03	2.378860638437340635e-01	1.537054750373512135e-01	2.650446763687991925e-01	1.576693316159875069e-01	7.536681998044370001e-02	3.061391481994616207e-02	7.971371833354633230e-02
1.282009106618650094e+03	2.375785760880287645e-01	1.535063309760208439e-01	2.652656309819850788e-01	1.577924012418817912e-01	7.541886204886746881e-02	3.064501839677560846e-02	7.979318026624858395e-02
1.284427991725477568e+03	2.372719601528173461e-01	1.533077434755903412e-01	2.654859622657640417e-01	1.579151094715601777e-01	7.547075204602482490e-02	3.067605676911975762e-02	7.987241581893163300e-02
1.286846876832305497e+03	2.369662135630900557e-01	1.531097109775279574e-01	2.657056719677616252e-01	1.580374574046302105e-01	7.552249043007068507e-02	3.070703006690071735e-02	7.995142558982690217e-02
1.289265761939132744e+03	2.366613338509014897e-01	1.529122319276675357e-01	2.659247618307024608e-01	1.581594461368991678e-01	7.557407765762272356e-02	3.073793841981738162e-02	8.003021017619735278e-02
1.291684647045960673e+03	2.363573185553501932e-01	1.527153047761960203e-01	2.661432335924242554e-01	1.582810767603928803e-01	7.562551418376858847e-02	3.076878195734553817e-02	8.010877017433060132e-02
1.294103532152788375e+03	2.360541652225579545e-01	1.525189279776414664e-01	2.663610889858913922e-01	1.584023503633742447e-01	7.567680046207291011e-02	3.079956080873798990e-02	8.018710617953211939e-02
1.296522417259616077e+03	2.357518714056494880e-01	1.523230999908607997e-01	2.665783297392085305e-01	1.585232680303616248e-01	7.572793694458428149e-02	3.083027510302466245e-02	8.026521878611861394e-02
1.298941302366443551e+03	2.354504346647320612e-01	1.521278192790276873e-01	2.667949575756345393e-01	1.586438308421472543e-01	7.577892408184219719e-02	3.086092496901272214e-02	8.034310858741154637e-02
1.301360187473271253e+03	2.351498525668751227e-01	1.519330843096204364e-01	2.670109742135957087e-01	1.587640398758152771e-01	7.582976232288402008e-02	3.089151053528670088e-02	8.042077617573074877e-02
1.303779072580098727e+03	2.348501226860901792e-01	1.517388935544099760e-01	2.672263813666994614e-01	1.588838962047597891e-01	7.588045211525172584e-02	3.092203193020862106e-02	8.049822214238824825e-02
1.306197957686926657e+03	2.345512426033105335e-01	1.515452454894476997e-01	2.674411807437481192e-01	1.590034008987026570e-01	7.593099390499875867e-02	3.095248928191810661e-02	8.057544707768216075e-02
1.308616842793753904e+03	2.342532099063711348e-01	1.513521385950536702e-01	2.676553740487519484e-01	1.591225550237112818e-01	7.598138813669669256e-02	3.098288271833253907e-02	8.065245157089070971e-02
1.311035727900581833e+03	2.339560221899886772e-01	1.511595713558045451e-01	2.678689629809429817e-01	1.592413596422160849e-01	7.603163525344204532e-02	3.101321236714717211e-02	8.072923621026646679e-02
1.313454613007409534e+03	2.336596770557414771e-01	1.509675422605216144e-01	2.680819492347881750e-01	1.593598158130280495e-01	7.608173569686281501e-02	3.104347835583527032e-02	8.080580158303056482e-02
1.315873498114237009e+03	2.333641721120495727e-01	1.507760498022590046e-01	2.682943345000029511e-01	1.594779245913558463e-01	7.613168990712508577e-02	3.107368081164825144e-02	8.088214827536722995e-02
1.318292383221064711e+03	2.330695049741549063e-01	1.505850924782918265e-01	2.685061204615644126e-01	1.595956870288231244e-01	7.618149832293959201e-02	3.110381986161582166e-02	8.095827687241824444e-02
1.320711268327892412e+03	2.327756732641014237e-01	1.503946687901042134e-01	2.687173087997247745e-01	1.597131041734854706e-01	7.623116138156821320e-02	3.113389563254612483e-02	8.103418795827771470e-02
1.323130153434719887e+03	2.324826746107154507e-01	1.502047772433776074e-01	2.689279011900244654e-01	1.598301770698473956e-01	7.628067951883037157e-02	3.116390825102588816e-02	8.110988211598678388e-02
1.325549038541547588e+03	2.321905066495860148e-01	1.500154163479791025e-01	2.691378993033053391e-01	1.599469067588788485e-01	7.633005316910948523e-02	3.119385784342057488e-02	8.118535992752859420e-02
1.327967923648375290e+03	2.318991670230450552e-01	1.498265846179495653e-01	2.693473048057240526e-01	1.600632942780321200e-01	7.637928276535929650e-02	3.122374453587452650e-02	8.126062197382333263e-02
1.330386808755202765e+03	2.316086533801480496e-01	1.496382805714919495e-01	2.695561193587651116e-01	1.601793406612581350e-01	7.642836873911017237e-02	3.125356845431112585e-02	8.133566883472334585e-02
1.332805693862030694e+03	2.313189633766545017e-01	1.494505027309597500e-01	2.697643446192539152e-01	1.602950469390229116e-01	7.647731152047540504e-02	3.128332972443294280e-02	8.141050108900846349e-02
1.335224578968857941e+03	2.310300946750084294e-01	1.492632496228453731e-01	2.699719822393698010e-01	1.604104141383237703e-01	7.652611153815734590e-02	3.131302847172191123e-02	8.148511931438126576e-02
1.337643464075685870e+03	2.307420449443189636e-01	1.490765197777683126e-01	2.701790338666593128e-01	1.605254432827054600e-01	7.657476921945365056e-02	3.134266482143946431e-02	8.155952408746271198e-02
1.340062349182513572e+03	2.304548118603411411e-01	1.488903117304638812e-01	2.703855011440489675e-01	1.606401353922761177e-01	7.662328499026334339e-02	3.137223889862673920e-02	8.163371598378765803e-02
1.342481234289341273e+03	2.301683931054565591e-01	1.487046240197714697e-01	2.705913857098583564e-01	1.607544914837231720e-01	7.667165927509296541e-02	3.140175082810470891e-02	8.170769557780056813e-02
1.344900119396168748e+03	2.298827863686542794e-01	1.485194551886232228e-01	2.707966891978128565e-01	1.608685125703291641e-01	7.671989249706256953e-02	3.143120073447435575e-02	8.178146344285135150e-02
1.347319004502996449e+03	2.295979893455115384e-01	1.483348037840324096e-01	2.710014132370569540e-01	1.609821996619871520e-01	7.676798507791170179e-02	3.146058874211685868e-02	8.185502015119126840e-02
1.349737889609823924e+03	2.293139997381747619e-01	1.481506683570820715e-01	2.712055594521664559e-01	1.610955537652164760e-01	7.681593743800539664e-02	3.148991497519375987e-02	8.192836627396894722e-02
1.352156774716651853e+03	2.290308152553406362e-01	1.479670474629136145e-01	2.714091294631619800e-01	1.612085758831779680e-01	7.686374999634006111e-02	3.151917955764711732e-02	8.200150238122652646e-02
1.354575659823479100e+03	2.287484336122369288e-01	1.477839396607154021e-01	2.716121248855212778e-01	1.613212670156893291e-01	7.691142317054934507e-02	3.154838261319972692e-02	8.207442904189589383e-02
1.356994544930307029e+03	2.284668525306037534e-01	1.476013435137114860e-01	2.718145473301922244e-01	1.614336281592402278e-01	7.695895737690996996e-02	3.157752426535526818e-02	8.214714682379493926e-02
1.359413430037134731e+03	2.281860697386746961e-01	1.474192575891502266e-01	2.720163984036054194e-01	1.615456603070073716e-01	7.700635303034754353e-02	3.160660463739849851e-02	8.221965629362407157e-02
1.361832315143962205e+03	2.279060829711579972e-01	1.472376804582931353e-01	2.722176797076868993e-01	1.616573644488694672e-01	7.705361054444227753e-02	3.163562385239544056e-02	8.229195801696266577e-02
1.364251200250789907e+03	2.276268899692178160e-01	1.470566106964034392e-01	2.724183928398705712e-01	1.617687415714220700e-01	7.710073033143467758e-02	3.166458203319356263e-02	8.236405255826573235e-02
1.366670085357617609e+03	2.273484884804556072e-01	1.468760468827350896e-01	2.726185393931112588e-01	1.618797926579921831e-01	7.714771280223126082e-02	3.169347930242196604e-02	8.243594048086057280e-02
1.369088970464445310e+03	2.270708762588914686e-01	1.466959876005213825e-01	2.728181209558968590e-01	1.619905186886529957e-01	7.719455836641013480e-02	3.172231578249157247e-02	8.250762234694361541e-02
1.371507855571272785e+03	2.267940510649455177e-01	1.465164314369638843e-01	2.730171391122610536e-01	1.621009206402382885e-01	7.724126743222663183e-02	3.175109159559534600e-02	8.257909871757729281e-02
1.373926740678100487e+03	2.265180106654196002e-01	1.463373769832214122e-01	2.732155954417957444e-01	1.622109994863568938e-01	7.728784040661884625e-02	3.177980686370844576e-02	8.265037015268704435e-02
1.376345625784927961e+03	2.262427528334786109e-01	1.461588228343988494e-01	2.734134915196637095e-01	1.623207561974069346e-01	7.733427769521313000e-02	3.180846170858844107e-02	8.272143721105836012e-02
1.378764510891755890e+03	2.259682753486322582e-01	1.459807675895360424e-01	2.736108289166107044e-01	1.624301917405899798e-01	7.738057970232953275e-02	3.183705625177551263e-02	8.279230045033394991e-02
1.381183395998583137e+03	2.256945759967166343e-01	1.458032098515969210e-01	2.738076091989781746e-01	1.625393070799252826e-01	7.742674683098738075e-02	3.186559061459265374e-02	8.286296042701098152e-02
1.383602281105411066e+03	2.254216525698760631e-01	1.456261482274583408e-01	2.740038339287153013e-01	1.626481031762635754e-01	7.747277948291052263e-02	3.189406491814585770e-02	8.293341769643840233e-02
1.386021166212238768e+03	2.251495028665446430e-01	1.454495813278992855e-01	2.741995046633916022e-01	1.627565809873010305e-01	7.751867805853278337e-02	3.192247928332434675e-02	8.300367281281437193e-02
1.388440051319066470e+03	2.248781246914284548e-01	1.452735077675897657e-01	2.743946229562090333e-01	1.628647414675930549e-01	7.756444295700325176e-02	3.195083383080074557e-02	8.307372632918373634e-02
1.390858936425893944e+03	2.246075158554870776e-01	1.450979261650800767e-01	2.745891903560143676e-01	1.629725855685679181e-01	7.761007457619163719e-02	3.197912868103133105e-02	8.314357879743562718e-02
1.393277821532721646e+03	2.243376741759158244e-01	1.449228351427898076e-01	2.747832084073113523e-01	1.630801142385403801e-01	7.765557331269343222e-02	3.200736395425617803e-02	8.321323076830108856e-02
1.395696706639549120e+03	2.240685974761274790e-01	1.447482333269971000e-01	2.749766786502729210e-01	1.631873284227251253e-01	7.770093956183522776e-02	3.203553977049945073e-02	8.328268279135081498e-02
1.398115591746377049e+03	2.238002835857346162e-01	1.445741193478277120e-01	2.751696026207532397e-01	1.632942290632501958e-01	7.774617371767984786e-02	3.206365624956954152e-02	8.335193541499298642e-02
1.400534476853204296e+03	2.235327303405315047e-01	1.444004918392444159e-01	2.753619818502999195e-01	1.634008170991703146e-01	7.779127617303151221e-02	3.209171351105932768e-02	8.342098918647114503e-02
1.402953361960032225e+03	2.232659355824763714e-01	1.442273494390360622e-01	2.755538178661661175e-01	1.635070934664800413e-01	7.783624731944098485e-02	3.211971167434635871e-02	8.348984465186215509e-02
1.405372247066859927e+03	2.229998971596736934e-01	1.440546907888069494e-01	2.757451121913226388e-01	1.636130590981269006e-01	7.788108754721063953e-02	3.214765085859312005e-02	8.355850235607421850e-02
1.407791132173687402e+03	2.227346129263562402e-01	1.438825145339661660e-01	2.759358663444697046e-01	1.637187149240242612e-01	7.792579724539952513e-02	3.217553118274719959e-02	8.362696284284502901e-02
1.410210017280515103e+03	2.224700807428676708e-01	1.437108193237168763e-01	2.761260818400492201e-01	1.638240618710645469e-01	7.797037680182837549e-02	3.220335276554153053e-02	8.369522665473994039e-02
1.412628902387342805e+03	2.222062984756446591e-01	1.435396038110456907e-01	2.763157601882565428e-01	1.639291008631318380e-01	7.801482660308456385e-02	3.223111572549462039e-02	8.376329433315020390e-02
1.415047787494170507e+03	2.219432639971996024e-01	1.433688666527121458e-01	2.765049028950524734e-01	1.640338328211146668e-01	7.805914703452718206e-02	3.225882018091075915e-02	8.383116641829128912e-02
1.417466672600997981e+03	2.216809751861028299e-01	1.431986065092380189e-01	2.766935114621750791e-01	1.641382586629187845e-01	7.810333848029181458e-02	3.228646624988025515e-02	8.389884344920134351e-02
1.419885557707825683e+03	2.214194299269653388e-01	1.430288220448968362e-01	2.768815873871515731e-01	1.642423793034795687e-01	7.814740132329554834e-02	3.231405405027965028e-02	8.396632596373958257e-02
1.422304442814653157e+03	2.211586261104213080e-01	1.428595119277034087e-01	2.770691321633101389e-01	1.643461956547746516e-01	7.819133594524174669e-02	3.234158369977196967e-02	8.403361449858481880e-02
1.424723327921481086e+03	2.208985616331107515e-01	1.426906748294032856e-01	2.772561472797918647e-01	1.644497086258362162e-01	7.823514272662493441e-02	3.236905531580692996e-02	8.410070958923412943e-02
1.427142213028308333e+03	2.206392343976621984e-01	1.425223094254623180e-01	2.774426342215619568e-01	1.645529191227634025e-01	7.827882204673559940e-02	3.239646901562116821e-02	8.416761177000141314e-02
1.429561098135136262e+03	2.203806423126755121e-01	1.423544143950563334e-01	2.776285944694222296e-01	1.646558280487344372e-01	7.832237428366489729e-02	3.242382491623847784e-02	8.423432157401621045e-02
1.431979983241963964e+03	2.201227832927046268e-01	1.421869884210605339e-01	2.778140295000220972e-01	1.647584363040188460e-01	7.836579981430952246e-02	3.245112313447005153e-02	8.430083953322241308e-02
1.434398868348791666e+03	2.198656552582404222e-01	1.420200301900392537e-01	2.779989407858705630e-01	1.648607447859896102e-01	7.840909901437626006e-02	3.247836378691469628e-02	8.436716617837722310e-02
1.436817753455619140e+03	2.196092561356935979e-01	1.418535383922357451e-01	2.781833297953479334e-01	1.649627543891349635e-01	7.845227225838678764e-02	3.250554698995910402e-02	8.443330203904990394e-02
1.439236638562446842e+03	2.193535838573777152e-01	1.416875117215616320e-01	2.783671979927170304e-01	1.650644660050704093e-01	7.849531991968225486e-02	3.253267285977805290e-02	8.449924764362089225e-02
1.441655523669274316e+03	2.190986363614920995e-01	1.415219488755867783e-01	2.785505468381350713e-01	1.651658805225505455e-01	7.853824237042796030e-02	3.255974151233465702e-02	8.456500351928079862e-02
1.444074408776102018e+03	2.188444115921049926e-01	1.413568485555290466e-01	2.787333777876651597e-01	1.652669988274808044e-01	7.858103998161788950e-02	3.258675306338059546e-02	8.463057019202942233e-02
1.446493293882929493e+03	2.185909074991365941e-01	1.411922094662440563e-01	2.789156922932874427e-01	1.653678218029290825e-01	7.862371312307932236e-02	3.261370762845638288e-02	8.469594818667498803e-02
1.448912178989757422e+03	2.183381220383422416e-01	1.410280303162148585e-01	2.790974918029111018e-01	1.654683503291374258e-01	7.866626216347735734e-02	3.264060532289157768e-02	8.476113802683332699e-02
1.451331064096585123e+03	2.180860531712956185e-01	1.408643098175420549e-01	2.792787777603852328e-01	1.655685852835334648e-01	7.870868747031942170e-02	3.266744626180505262e-02	8.482614023492708599e-02
1.453749949203412370e+03	2.178346988653720728e-01	1.407010466859334175e-01	2.794595516055105033e-01	1.656685275407418223e-01	7.875098940995972630e-02	3.269423056010520995e-02	8.489095533218513068e-02
1.456168834310240300e+03	2.175840570937318530e-01	1.405382396406938406e-01	2.796398147740506990e-01	1.657681779725956317e-01	7.879316834760377586e-02	3.272095833249024505e-02	8.495558383864183771e-02
1.458587719417068001e+03	2.173341258353035099e-01	1.403758874047153493e-01	2.798195686977436591e-01	1.658675374481476672e-01	7.883522464731275436e-02	3.274762969344840319e-02	8.502002627313659522e-02
1.461006604523895703e+03	2.170849030747672992e-01	1.402139887044669686e-01	2.799988148043127678e-01	1.659666068336816125e-01	7.887715867200793818e-02	3.277424475725819464e-02	8.508428315331316438e-02
1.463425489630723177e+03	2.168363868025386110e-01	1.400525422699847033e-01	2.801775545174781668e-01	1.660653869927233572e-01	7.891897078347502592e-02	3.280080363798866527e-02	8.514835499561937415e-02
1.465844374737550879e+03	2.165885750147515942e-01	1.398915468348616020e-01	2.803557892569681909e-01	1.661638787860517663e-01	7.896066134236857936e-02	3.282730644949964638e-02	8.521224231530652449e-02
1.468263259844378354e+03	2.163414657132425589e-01	1.397310011362377369e-01	2.805335204385301928e-01	1.662620830717100040e-01	7.900223070821631166e-02	3.285375330544199751e-02	8.527594562642915044e-02
1.470682144951206283e+03	2.160950569055337667e-01	1.395709039147902952e-01	2.807107494739419784e-01	1.663600007050161922e-01	7.904367923942329233e-02	3.288014431925786324e-02	8.533946544184461969e-02
1.473101030058033530e+03	2.158493466048168052e-01	1.394112539147236429e-01	2.808874777710229087e-01	1.664576325385744848e-01	7.908500729327633261e-02	3.290647960418090906e-02	8.540280227321291051e-02
1.475519915164861459e+03	2.156043328299366291e-01	1.392520498837594711e-01	2.810637067336449468e-01	1.665549794222857538e-01	7.912621522594819046e-02	3.293275927323661284e-02	8.546595663099636198e-02
1.477938800271689161e+03	2.153600136053751279e-01	1.390932905731269431e-01	2.812394377617437602e-01	1.666520422033583582e-01	7.916730339250178938e-02	3.295898343924246604e-02	8.552892902445952128e-02
1.480357685378516862e+03	2.151163869612349455e-01	1.389349747375528965e-01	2.814146722513297116e-01	1.667488217263187189e-01	7.920827214689439566e-02	3.298515221480826515e-02	8.559171996166900498e-02
1.482776570485344337e+03	2.148734509332233811e-01	1.387771011352519346e-01	2.815894115944989062e-01	1.668453188330220327e-01	7.924912184198183718e-02	3.301126571233638229e-02	8.565432994949337409e-02
