1.001418434226643626e+03	2.797618427220059378e-01	1.807550754576520147e-01	2.350472043748801365e-01	1.407965112877600511e-01	6.823907435915579911e-02	2.652497033766988005e-02	6.887532146068441052e-02
1.003837319333471214e+03	2.793355362315108614e-01	1.804802521322278475e-01	2.353535015854202606e-01	1.409701053673463045e-01	6.831244560482496730e-02	2.656317130212155694e-02	6.898498777635636570e-02
1.006256204440298802e+03	2.789104385541305020e-01	1.802061978517513485e-01	2.356589354565445660e-01	1.411431841425379585e-01	6.838560268766114003e-02	2.660128150664652427e-02	6.909435980053607596e-02
1.008675089547126618e+03	2.784865462538991254e-01	1.799329104608939911e-01	2.359635084105966285e-01	1.413157493124148345e-01	6.845854626682346122e-02	2.663930118634076638e-02	6.920343810883931857e-02
1.011093974653954206e+03	2.780638559047461378e-01	1.796603878103691654e-01	2.362672228631212679e-01	1.414878025681976237e-01	6.853127699897409997e-02	2.667723057567487205e-02	6.931222327872495204e-02
1.013512859760782021e+03	2.776423640904658874e-01	1.793886277569153864e-01	2.365700812228836714e-01	1.416593455933108647e-01	6.860379553829290544e-02	2.671506990849555757e-02	6.942071588944380423e-02
1.015931744867609382e+03	2.772220674046877997e-01	1.791176281632792522e-01	2.368720858918884620e-01	1.418303800634449219e-01	6.867610253649203411e-02	2.675281941802723495e-02	6.952891652198836536e-02
1.018350629974437197e+03	2.768029624508462350e-01	1.788473868981986792e-01	2.371732392653987109e-01	1.420009076466174081e-01	6.874819864283035487e-02	2.679047933687353153e-02	6.963682575904320271e-02
1.020769515081264785e+03	2.763850458421505674e-01	1.785779018363861381e-01	2.374735437319548115e-01	1.421709300032337753e-01	6.882008450412784029e-02	2.682804989701884427e-02	6.974444418493616626e-02
1.023188400188092373e+03	2.759683142015558754e-01	1.783091708585117785e-01	2.377730016733934915e-01	1.423404487861471834e-01	6.889176076477976363e-02	2.686553132982986980e-02	6.985177238559019119e-02
1.025607285294920075e+03	2.755527641617329659e-01	1.780411918511868585e-01	2.380716154648664928e-01	1.425094656407178417e-01	6.896322806677093742e-02	2.690292386605715527e-02	6.995881094847593296e-02
1.028026170401747549e+03	2.751383923650391194e-01	1.777739627069469253e-01	2.383693874748595010e-01	1.426779822048713786e-01	6.903448704968970229e-02	2.694022773583661448e-02	7.006556046256498527e-02
1.030445055508575479e+03	2.747251954634885029e-01	1.775074813242353833e-01	2.386663200652108519e-01	1.428460001091567677e-01	6.910553835074190188e-02	2.697744316869106485e-02	7.017202151828380585e-02
1.032863940615402726e+03	2.743131701187230265e-01	1.772417456073868136e-01	2.389624155911301839e-01	1.430135209768034210e-01	6.917638260476471901e-02	2.701457039353177131e-02	7.027819470746841934e-02
1.035282825722230655e+03	2.739023130019830887e-01	1.769767534666105147e-01	2.392576764012170343e-01	1.431805464237778380e-01	6.924702044424034530e-02	2.705160963865995555e-02	7.038408062331966142e-02
1.037701710829058356e+03	2.734926207940786558e-01	1.767125028179739321e-01	2.395521048374794626e-01	1.433470780588392834e-01	6.931745249930967856e-02	2.708856113176833294e-02	7.048967986035915845e-02
1.040120595935886058e+03	2.730840901853601177e-01	1.764489915833863665e-01	2.398457032353525920e-01	1.435131174835951318e-01	6.938767939778575644e-02	2.712542509994263218e-02	7.059499301438593166e-02
1.042539481042713533e+03	2.726767178756895893e-01	1.761862176905825417e-01	2.401384739237170385e-01	1.436786662925554070e-01	6.945770176516721794e-02	2.716220176966311836e-02	7.070002068243365356e-02
1.044958366149541234e+03	2.722705005744121554e-01	1.759241790731061739e-01	2.404304192249173411e-01	1.438437260731867395e-01	6.952752022465157056e-02	2.719889136680610914e-02	7.080476346272852883e-02
1.047377251256368709e+03	2.718654350003271158e-01	1.756628736702938454e-01	2.407215414547802801e-01	1.440082984059657123e-01	6.959713539714837416e-02	2.723549411664550127e-02	7.090922195464785527e-02
1.049796136363196410e+03	2.714615178816595087e-01	1.754022994272586566e-01	2.410118429226333070e-01	1.441723848644316519e-01	6.966654790129231389e-02	2.727201024385426942e-02	7.101339675867905654e-02
1.052215021470024112e+03	2.710587459560317436e-01	1.751424542948740448e-01	2.413013259313226966e-01	1.443359870152385871e-01	6.973575835345614815e-02	2.730843997250599967e-02	7.111728847637950601e-02
1.054633906576851814e+03	2.706571159704352358e-01	1.748833362297576299e-01	2.415899927772318379e-01	1.444991064182071239e-01	6.980476736776362878e-02	2.734478352607637788e-02	7.122089771033686401e-02
1.057052791683679516e+03	2.702566246812021511e-01	1.746249431942552277e-01	2.418778457502993862e-01	1.446617446263751550e-01	6.987357555610215765e-02	2.738104112744471977e-02	7.132422506412995633e-02
1.059471676790506763e+03	2.698572688539772613e-01	1.743672731564245015e-01	2.421648871340372211e-01	1.448239031860483750e-01	6.994218352813551254e-02	2.741721299889545924e-02	7.142727114229038832e-02
1.061890561897334692e+03	2.694590452636899669e-01	1.741103240900193083e-01	2.424511192055487374e-01	1.449855836368501294e-01	7.001059189131635108e-02	2.745329936211966110e-02	7.153003655026456131e-02
1.064309447004162394e+03	2.690619506945264860e-01	1.738540939744734615e-01	2.427365442355466918e-01	1.451467875117706252e-01	7.007880125089861745e-02	2.748930043821651986e-02	7.163252189437638306e-02
1.066728332110990095e+03	2.686659819399016547e-01	1.735985807948848547e-01	2.430211644883712163e-01	1.453075163372157252e-01	7.014681220994990751e-02	2.752521644769486547e-02	7.173472778179050546e-02
1.069147217217817570e+03	2.682711358024317261e-01	1.733437825419996414e-01	2.433049822220077485e-01	1.454677716330552151e-01	7.021462536936363963e-02	2.756104761047464824e-02	7.183665482047608963e-02
1.071566102324645271e+03	2.678774090939063379e-01	1.730896972121964417e-01	2.435879996881047949e-01	1.456275549126703484e-01	7.028224132787119771e-02	2.759679414588844457e-02	7.193830361917116778e-02
1.073984987431472746e+03	2.674847986352612006e-01	1.728363228074703828e-01	2.438702191319918056e-01	1.457868676830009758e-01	7.034966068205392165e-02	2.763245627268293841e-02	7.203967478734749075e-02
1.076403872538300675e+03	2.670933012565505638e-01	1.725836573354175285e-01	2.441516427926969657e-01	1.459457114445923132e-01	7.041688402635502830e-02	2.766803420902042010e-02	7.214076893517598621e-02
1.078822757645127922e+03	2.667029137969199049e-01	1.723316988092190027e-01	2.444322729029647645e-01	1.461040876916408493e-01	7.048391195309139379e-02	2.770352817248027816e-02	7.224158667349260543e-02
1.081241642751955851e+03	2.663136331045788396e-01	1.720804452476254742e-01	2.447121116892737869e-01	1.462619979120400870e-01	7.055074505246528016e-02	2.773893838006046692e-02	7.234212861376490555e-02
1.083660527858783553e+03	2.659254560367736442e-01	1.718298946749415024e-01	2.449911613718542547e-01	1.464194435874256461e-01	7.061738391257588177e-02	2.777426504817900529e-02	7.244239536805889557e-02
1.086079412965611255e+03	2.655383794597607205e-01	1.715800451210099387e-01	2.452694241647055406e-01	1.465764261932197832e-01	7.068382911943085767e-02	2.780950839267544786e-02	7.254238754900657615e-02
1.088498298072438729e+03	2.651524002487791742e-01	1.713308946211964112e-01	2.455469022756137654e-01	1.467329471986755784e-01	7.075008125695773920e-02	2.784466862881236626e-02	7.264210576977389588e-02
1.090917183179266431e+03	2.647675152880241689e-01	1.710824412163737818e-01	2.458235979061692555e-01	1.468890080669205123e-01	7.081614090701518482e-02	2.787974597127682724e-02	7.274155064402919313e-02
1.093336068286093905e+03	2.643837214706202809e-01	1.708346829529068245e-01	2.460995132517837525e-01	1.470446102549997913e-01	7.088200864940422119e-02	2.791474063418185325e-02	7.284072278591219307e-02
1.095754953392921607e+03	2.640010156985946876e-01	1.705876178826367384e-01	2.463746505017080646e-01	1.471997552139188703e-01	7.094768506187928980e-02	2.794965283106791779e-02	7.293962281000333781e-02
1.098173838499749309e+03	2.636193948828506328e-01	1.703412440628658264e-01	2.466490118390491648e-01	1.473544443886858346e-01	7.101317072015933540e-02	2.798448277490438521e-02	7.303825133129381031e-02
1.100592723606577010e+03	2.632388559431408925e-01	1.700955595563421741e-01	2.469225994407874825e-01	1.475086792183530893e-01	7.107846619793861676e-02	2.801923067809099221e-02	7.313660896515578047e-02
1.103011608713404712e+03	2.628593958080414628e-01	1.698505624312443285e-01	2.471954154777942503e-01	1.476624611360587702e-01	7.114357206689758684e-02	2.805389675245930844e-02	7.323469632731330337e-02
1.105430493820231959e+03	2.624810114149254692e-01	1.696062507611661718e-01	2.474674621148484355e-01	1.478157915690676560e-01	7.120848889671362036e-02	2.808848120927419020e-02	7.333251403381355060e-02
1.107849378927059888e+03	2.621036997099364663e-01	1.693626226251016831e-01	2.477387415106540869e-01	1.479686719388115246e-01	7.127321725507154704e-02	2.812298425923524803e-02	7.343006270099856903e-02
1.110268264033887590e+03	2.617274576479628467e-01	1.691196761074297839e-01	2.480092558178572104e-01	1.481211036609292875e-01	7.133775770767430968e-02	2.815740611247829692e-02	7.352734294547738636e-02
1.112687149140715292e+03	2.613522821926115292e-01	1.688774092978992669e-01	2.482790071830628942e-01	1.482730881453066252e-01	7.140211081825331707e-02	2.819174697857681003e-02	7.362435538409868585e-02
1.115106034247542766e+03	2.609781703161821453e-01	1.686358202916137528e-01	2.485479977468522950e-01	1.484246267961150945e-01	7.146627714857883840e-02	2.822600706654336544e-02	7.372110063392375845e-02
1.117524919354370468e+03	2.606051189996411166e-01	1.683949071890165627e-01	2.488162296437994303e-01	1.485757210118508198e-01	7.153025725847024507e-02	2.826018658483109638e-02	7.381757931220001012e-02
1.119943804461197942e+03	2.602331252325960631e-01	1.681546680958759810e-01	2.490837050024881927e-01	1.487263721853730181e-01	7.159405170580616928e-02	2.829428574133514146e-02	7.391379203633477446e-02
1.122362689568025871e+03	2.598621860132698247e-01	1.679151011232700719e-01	2.493504259455291139e-01	1.488765817039419126e-01	7.165766104653466251e-02	2.832830474339407753e-02	7.400973942386965265e-02
1.124781574674853118e+03	2.594922983484754253e-01	1.676762043875719421e-01	2.496163945895761571e-01	1.490263509492562588e-01	7.172108583468309040e-02	2.836224379779135954e-02	7.410542209245514489e-02
1.127200459781681047e+03	2.591234592535900383e-01	1.674379760104348636e-01	2.498816130453433981e-01	1.491756812974904534e-01	7.178432662236815254e-02	2.839610311075676380e-02	7.420084065982576749e-02
1.129619344888508749e+03	2.587556657525298953e-01	1.672004141187773962e-01	2.501460834176217896e-01	1.493245741193314491e-01	7.184738395980558301e-02	2.842988288796783128e-02	7.429599574377551696e-02
1.132038229995336451e+03	2.583889148777249178e-01	1.669635168447687612e-01	2.504098078052958143e-01	1.494730307800150315e-01	7.191025839532001751e-02	2.846358333455126927e-02	7.439088796213373656e-02
1.134457115102163925e+03	2.580232036700934595e-01	1.667272823258140191e-01	2.506727883013598057e-01	1.496210526393618456e-01	7.197295047535458290e-02	2.849720465508441200e-02	7.448551793274139909e-02
1.136876000208991627e+03	2.576585291790172150e-01	1.664917087045394151e-01	2.509350269929350175e-01	1.497686410518130895e-01	7.203546074448048675e-02	2.853074705359662927e-02	7.457988627342772292e-02
1.139294885315819101e+03	2.572948884623161292e-01	1.662567941287777240e-01	2.511965259612855550e-01	1.499157973664657362e-01	7.209778974540653751e-02	2.856421073357075929e-02	7.467399360198713476e-02
1.141713770422646803e+03	2.569322785862235281e-01	1.660225367515536787e-01	2.514572872818352511e-01	1.500625229271073946e-01	7.215993801898849813e-02	2.859759589794452078e-02	7.476784053615675996e-02
1.144132655529474505e+03	2.565706966253610832e-01	1.657889347310694261e-01	2.517173130241837087e-01	1.502088190722509486e-01	7.222190610423846746e-02	2.863090274911193542e-02	7.486142769359403759e-02
1.146551540636302207e+03	2.562101396627141647e-01	1.655559862306899277e-01	2.519766052521230648e-01	1.503546871351686687e-01	7.228369453833415059e-02	2.866413148892474685e-02	7.495475569185491849e-02
1.148970425743129908e+03	2.558506047896069169e-01	1.653236894189286099e-01	2.522351660236539783e-01	1.505001284439260734e-01	7.234530385662797658e-02	2.869728231869382931e-02	7.504782514837222973e-02
1.151389310849957155e+03	2.554920891056779997e-01	1.650920424694328204e-01	2.524929973910020053e-01	1.506451443214154307e-01	7.240673459265624390e-02	2.873035543919059617e-02	7.514063668043456656e-02
1.153808195956785084e+03	2.551345897188556089e-01	1.648610435609695057e-01	2.527501014006337532e-01	1.507897360853888147e-01	7.246798727814812713e-02	2.876335105064841899e-02	7.523319090516539243e-02
1.156227081063612786e+03	2.547781037453333286e-01	1.646306908774107791e-01	2.530064800932732005e-01	1.509339050484910794e-01	7.252906244303464200e-02	2.879626935276401178e-02	7.532548843950251372e-02
1.158645966170440488e+03	2.544226283095456509e-01	1.644009826077197367e-01	2.532621355039177957e-01	1.510776525182921382e-01	7.258996061545747169e-02	2.882911054469885354e-02	7.541752990017794311e-02
1.161064851277267962e+03	2.540681605441436064e-01	1.641719169459359973e-01	2.535170696618543884e-01	1.512209797973192438e-01	7.265068232177783469e-02	2.886187482508057248e-02	7.550931590369799884e-02
1.163483736384095664e+03	2.537146975899706169e-01	1.639434920911616300e-01	2.537712845906754389e-01	1.513638881830887406e-01	7.271122808658510295e-02	2.889456239200434429e-02	7.560084706632383411e-02
1.165902621490923138e+03	2.533622365960384593e-01	1.637157062475468883e-01	2.540247823082947276e-01	1.515063789681375950e-01	7.277159843270555872e-02	2.892717344303430069e-02	7.569212400405220253e-02
1.168321506597751068e+03	2.530107747195028400e-01	1.634885576242761096e-01	2.542775648269638422e-01	1.516484534400545092e-01	7.283179388121092945e-02	2.895970817520489987e-02	7.578314733259658431e-02
1.170740391704578315e+03	2.526603091256400258e-01	1.632620444355535050e-01	2.545296341532874984e-01	1.517901128815108691e-01	7.289181495142689482e-02	2.899216678502232816e-02	7.587391766736861776e-02
1.173159276811406244e+03	2.523108369878223067e-01	1.630361649005891700e-01	2.547809922882398048e-01	1.519313585702912195e-01	7.295166216094155220e-02	2.902454946846588085e-02	7.596443562345985001e-02
1.175578161918233945e+03	2.519623554874945714e-01	1.628109172435850405e-01	2.550316412271798061e-01	1.520721917793235733e-01	7.301133602561370173e-02	2.905685642098933610e-02	7.605470181562373755e-02
1.177997047025061647e+03	2.516148618141505477e-01	1.625862996937208205e-01	2.552815829598674702e-01	1.522126137767093046e-01	7.307083705958124231e-02	2.908908783752234967e-02	7.614471685825807690e-02
1.180415932131889122e+03	2.512683531653089886e-01	1.623623104851401044e-01	2.555308194704791758e-01	1.523526258257527910e-01	7.313016577526940121e-02	2.912124391247182531e-02	7.623448136538750475e-02
1.182834817238716823e+03	2.509228267464902462e-01	1.621389478569364717e-01	2.557793527376236442e-01	1.524922291849908351e-01	7.318932268339882474e-02	2.915332483972328526e-02	7.632399595064651154e-02
1.185253702345544298e+03	2.505782797711925691e-01	1.619162100531395254e-01	2.560271847343574270e-01	1.526314251082216134e-01	7.324830829299373847e-02	2.918533081264224407e-02	7.641326122726270487e-02
1.187672587452371999e+03	2.502347094608688427e-01	1.616940953227011535e-01	2.562743174282005598e-01	1.527702148445335695e-01	7.330712311138995463e-02	2.921726202407557912e-02	7.650227780804018385e-02
1.190091472559199701e+03	2.498921130449033579e-01	1.614726019194816231e-01	2.565207527811519395e-01	1.529085996383338364e-01	7.336576764424283803e-02	2.924911866635288710e-02	7.659104630534344094e-02
1.192510357666027403e+03	2.495504877605882188e-01	1.612517281022358695e-01	2.567664927497050331e-01	1.530465807293763802e-01	7.342424239553525800e-02	2.928090093128786139e-02	7.667956733108134693e-02
1.194929242772855105e+03	2.492098308531003614e-01	1.610314721345998124e-01	2.570115392848633662e-01	1.531841593527900336e-01	7.348254786758533219e-02	2.931260901017963827e-02	7.676784149669148294e-02
1.197348127879682352e+03	2.488701395754783774e-01	1.608118322850766169e-01	2.572558943321557323e-01	1.533213367391060844e-01	7.354068456105429530e-02	2.934424309381415685e-02	7.685586941312474996e-02
1.199767012986510281e+03	2.485314111885995048e-01	1.605928068270230658e-01	2.574995598316517920e-01	1.534581141142857819e-01	7.359865297495418734e-02	2.937580337246552264e-02	7.694365169083024203e-02
1.202185898093337983e+03	2.481936429611566464e-01	1.603743940386359312e-01	2.577425377179771715e-01	1.535944926997472315e-01	7.365645360665548647e-02	2.940729003589734672e-02	7.703118893974038317e-02
1.204604783200165684e+03	2.478568321696353882e-01	1.601565922029384303e-01	2.579848299203288953e-01	1.537304737123924847e-01	7.371408695189472782e-02	2.943870327336409187e-02	7.711848176925623077e-02
1.207023668306993159e+03	2.475209760982914065e-01	1.599393996077666802e-01	2.582264383624905402e-01	1.538660583646339619e-01	7.377155350478202533e-02	2.947004327361243611e-02	7.720553078823316762e-02
1.209442553413820860e+03	2.471860720391275690e-01	1.597228145457562087e-01	2.584673649628476677e-01	1.540012478644208760e-01	7.382885375780855186e-02	2.950131022488260493e-02	7.729233660496680203e-02
1.211861438520648335e+03	2.468521172918711482e-01	1.595068353143284934e-01	2.587076116344026455e-01	1.541360434152652947e-01	7.388598820185392213e-02	2.953250431490970010e-02	7.737889982717904847e-02
1.214280323627476264e+03	2.465191091639515053e-01	1.592914602156775827e-01	2.589471802847900794e-01	1.542704462162679258e-01	7.394295732619360351e-02	2.956362573092504234e-02	7.746522106200452729e-02
1.216699208734303511e+03	2.461870449704774144e-01	1.590766875567565797e-01	2.591860728162915795e-01	1.544044574621438182e-01	7.399976161850618794e-02	2.959467465965752442e-02	7.755130091597717268e-02
1.219118093841131440e+03	2.458559220342145524e-01	1.588625156492645407e-01	2.594242911258510809e-01	1.545380783432475369e-01	7.405640156488062231e-02	2.962565128733491565e-02	7.763713999501706264e-02
1.221536978947959142e+03	2.455257376855632390e-01	1.586489428096329035e-01	2.596618371050896101e-01	1.546713100455983647e-01	7.411287764982341097e-02	2.965655579968520458e-02	7.772273890441758204e-02
1.223955864054786844e+03	2.451964892625360659e-01	1.584359673590124140e-01	2.598987126403203285e-01	1.548041537509051435e-01	7.416919035626576284e-02	2.968738838193791738e-02	7.780809824883259951e-02
1.226374749161614318e+03	2.448681741107357757e-01	1.582235876232597760e-01	2.601349196125635754e-01	1.549366106365909213e-01	7.422534016557062742e-02	2.971814921882545008e-02	7.789321863226417175e-02
1.228793634268442020e+03	2.445407895833329459e-01	1.580118019329245505e-01	2.603704598975613016e-01	1.550686818758172658e-01	7.428132755753975858e-02	2.974883849458436966e-02	7.797810065805015067e-02
1.231212519375269494e+03	2.442143330410440349e-01	1.578006086232358884e-01	2.606053353657923899e-01	1.552003686375084401e-01	7.433715301042063961e-02	2.977945639295674976e-02	7.806274492885224847e-02
1.233631404482097196e+03	2.438888018521092882e-01	1.575900060340895692e-01	2.608395478824870883e-01	1.553316720863753553e-01	7.439281700091342209e-02	2.981000309719148214e-02	7.814715204664426929e-02
1.236050289588924898e+03	2.435641933922707558e-01	1.573799925100347052e-01	2.610730993076419426e-01	1.554625933829392459e-01	7.444832000417780926e-02	2.984047879004557077e-02	7.823132261270043797e-02
1.238469174695752372e+03	2.432405050447505601e-01	1.571705664002608638e-01	2.613059914960343955e-01	1.555931336835552625e-01	7.450366249383984230e-02	2.987088365378545024e-02	7.831525722758410357e-02
1.240888059802580301e+03	2.429177342002289686e-01	1.569617260585850216e-01	2.615382262972375527e-01	1.557232941404355087e-01	7.455884494199860324e-02	2.990121787018830066e-02	7.839895649113655385e-02
1.243306944909407548e+03	2.425958782568227445e-01	1.567534698434385754e-01	2.617698055556344494e-01	1.558530759016723000e-01	7.461386781923307066e-02	2.993148162054332789e-02	7.848242100246605180e-02
1.245725830016235477e+03	2.422749346200633314e-01	1.565457961178543522e-01	2.620007311104332604e-01	1.559824801112608683e-01	7.466873159460858667e-02	2.996167508565308543e-02	7.856565135993706650e-02
1.248144715123063179e+03	2.419549007028754528e-01	1.563387032494537865e-01	2.622310047956811219e-01	1.561115079091220104e-01	7.472343673568365707e-02	2.999179844583475807e-02	7.864864816115973989e-02
1.250563600229890881e+03	2.416357739255554637e-01	1.561321896104340134e-01	2.624606284402791201e-01	1.562401604311245418e-01	7.477798370851636289e-02	3.002185188092144560e-02	7.873141200297949227e-02
1.252982485336718355e+03	2.413175517157499506e-01	1.559262535775551017e-01	2.626896038679965573e-01	1.563684388091074462e-01	7.483237297767093843e-02	3.005183557026347776e-02	7.881394348146694706e-02
1.255401370443546057e+03	2.410002315084343039e-01	1.557208935321271748e-01	2.629179328974853291e-01	1.564963441709018299e-01	7.488660500622422445e-02	3.008174969272968055e-02	7.889624319190789714e-02
1.257820255550373531e+03	2.406838107458913745e-01	1.555161078599976987e-01	2.631456173422944134e-01	1.566238776403528488e-01	7.494068025577207970e-02	3.011159442670866687e-02	7.897831172879345163e-02
1.260239140657201460e+03	2.403682868776902404e-01	1.553118949515387426e-01	2.633726590108839694e-01	1.567510403373412187e-01	7.499459918643572309e-02	3.014136995011012371e-02	7.906014968581059899e-02
1.262658025764028707e+03	2.400536573606651403e-01	1.551082532016342941e-01	2.635990597066398267e-01	1.568778333778045875e-01	7.504836225686810358e-02	3.017107644036608541e-02	7.914175765583263134e-02
1.265076910870856636e+03	2.397399196588941017e-01	1.549051810096676030e-01	2.638248212278878069e-01	1.570042578737587957e-01	7.510196992426014517e-02	3.020071407443220349e-02	7.922313623091005452e-02
1.267495795977684338e+03	2.394270712436781801e-01	1.547026767795086633e-01	2.640499453679076014e-01	1.571303149333188598e-01	7.515542264434695030e-02	3.023028302878903728e-02	7.930428600226142877e-02
1.269914681084511813e+03	2.391151095935201698e-01	1.545007389195014735e-01	2.642744339149474264e-01	1.572560056607198165e-01	7.520872087141405871e-02	3.025978347944330293e-02	7.938520756026454239e-02
1.272333566191339514e+03	2.388040321941039545e-01	1.542993658424516024e-01	2.644982886522375121e-01	1.573813311563373174e-01	7.526186505830351203e-02	3.028921560192915016e-02	7.946590149444769657e-02
1.274752451298167216e+03	2.384938365382735237e-01	1.540985559656136983e-01	2.647215113580049239e-01	1.575062925167081407e-01	7.531485565641997393e-02	3.031857957130943207e-02	7.954636839348118438e-02
1.277171336404994690e+03	2.381845201260122113e-01	1.538983077106788333e-01	2.649441038054868303e-01	1.576308908345503412e-01	7.536769311573679464e-02	3.034787556217695415e-02	7.962660884516888082e-02
1.279590221511822392e+03	2.378760804644219073e-01	1.536986195037623459e-01	2.651660677629452678e-01	1.577551271987835402e-01	7.542037788480202010e-02	3.037710374865574062e-02	7.970662343644011050e-02
1.282009106618650094e+03	2.375685150677025459e-01	1.534994897753912402e-01	2.653874049936805202e-01	1.578790026945485758e-01	7.547291041074430384e-02	3.040626430440228692e-02	7.978641275334155680e-02
1.284427991725477568e+03	2.372618214571313722e-01	1.533009169604917787e-01	2.656081172560453285e-01	1.580025184032274044e-01	7.552529113927891613e-02	3.043535740260681216e-02	7.986597738102943489e-02
1.286846876832305497e+03	2.369559971610425142e-01	1.531028994983774094e-01	2.658282063034587694e-01	1.581256754024626121e-01	7.557752051471357257e-02	3.046438321599450119e-02	7.994531790376173397e-02
1.289265761939132744e+03	2.366510397148064437e-01	1.529054358327360807e-01	2.660476738844200217e-01	1.582484747661767610e-01	7.562959897995427672e-02	3.049334191682677095e-02	8.002443490489070943e-02
1.291684647045960673e+03	2.363469466608096037e-01	1.527085244116183627e-01	2.662665217425223552e-01	1.583709175645916511e-01	7.568152697651116256e-02	3.052223367690249170e-02	8.010332896685544435e-02
1.294103532152788375e+03	2.360437155484341465e-01	1.525121636874249842e-01	2.664847516164665087e-01	1.584930048642473610e-01	7.573330494450415673e-02	3.055105866755924299e-02	8.018200067117460528e-02
1.296522417259616077e+03	2.357413439340375616e-01	1.523163521168947043e-01	2.667023652400749567e-01	1.586147377280210102e-01	7.578493332266880711e-02	3.057981705967453834e-02	8.026045059843935070e-02
1.298941302366443551e+03	2.354398293809325249e-01	1.521210881610920995e-01	2.669193643423052875e-01	1.587361172151456334e-01	7.583641254836188950e-02	3.060850902366708121e-02	8.033867932830640601e-02
1.301360187473271253e+03	2.351391694593667758e-01	1.519263702853955456e-01	2.671357506472638033e-01	1.588571443812286377e-01	7.588774305756709748e-02	3.063713472949796193e-02	8.041668743949120790e-02
1.303779072580098727e+03	2.348393617465029115e-01	1.517321969594849496e-01	2.673515258742192313e-01	1.589778202782701488e-01	7.593892528490057969e-02	3.066569434667192062e-02	8.049447550976127075e-02
1.306197957686926657e+03	2.345404038263985413e-01	1.515385666573298984e-01	2.675666917376164911e-01	1.590981459546813026e-01	7.598995966361658805e-02	3.069418804423855798e-02	8.057204411592967797e-02
1.308616842793753904e+03	2.342422932899861920e-01	1.513454778571774739e-01	2.677812499470898500e-01	1.592181224553023688e-01	7.604084662561290398e-02	3.072261599079356351e-02	8.064939383384869820e-02
1.311035727900581833e+03	2.339450277350535179e-01	1.511529290415403182e-01	2.679952022074768569e-01	1.593377508214204874e-01	7.609158660143644504e-02	3.075097835447991937e-02	8.072652523840355421e-02
1.313454613007409534e+03	2.336486047662234000e-01	1.509609186971846706e-01	2.682085502188314430e-01	1.594570320907876537e-01	7.614218002028856624e-02	3.077927530298914596e-02	8.080343890350627500e-02
1.315873498114237009e+03	2.333530219949341844e-01	1.507694453151184610e-01	2.684212956764375213e-01	1.595759672976381216e-01	7.619262731003061118e-02	3.080750700356248498e-02	8.088013540208978391e-02
1.318292383221064711e+03	2.330582770394200309e-01	1.505785073905793747e-01	2.686334402708223656e-01	1.596945574727059725e-01	7.624292889718922717e-02	3.083567362299214146e-02	8.095661530610204215e-02
1.320711268327892412e+03	2.327643675246911792e-01	1.503881034230230285e-01	2.688449856877700994e-01	1.598128036432424071e-01	7.629308520696168050e-02	3.086377532762247383e-02	8.103287918650031729e-02
1.323130153434719887e+03	2.324712910825144085e-01	1.501982319161111468e-01	2.690559336083346298e-01	1.599307068330329540e-01	7.634309666322124099e-02	3.089181228335119433e-02	8.110892761324564604e-02
1.325549038541547588e+03	2.321790453513935537e-01	1.500088913776997102e-01	2.692662857088533590e-01	1.600482680624143450e-01	7.639296368852237229e-02	3.091978465563058678e-02	8.118476115529733861e-02
1.327967923648375290e+03	2.318876279765499648e-01	1.498200803198272979e-01	2.694760436609601184e-01	1.601654883482915848e-01	7.644268670410599154e-02	3.094769260946870007e-02	8.126038038060766355e-02
1.330386808755202765e+03	2.315970366099031064e-01	1.496317972587032918e-01	2.696852091315985467e-01	1.602823687041545209e-01	7.649226612990470131e-02	3.097553630943054512e-02	8.133578585611668521e-02
1.332805693862030694e+03	2.313072689100512669e-01	1.494440407146961636e-01	2.698937837830350794e-01	1.603989101400945527e-01	7.654170238454791053e-02	3.100331591963928143e-02	8.141097814774712893e-02
1.335224578968857941e+03	2.310183225422522690e-01	1.492568092123219003e-01	2.701017692728723274e-01	1.605151136628210073e-01	7.659099588536702474e-02	3.103103160377742795e-02	8.148595782039944058e-02
1.337643464075685870e+03	2.307301951784041516e-01	1.490701012802322922e-01	2.703091672540619550e-01	1.606309802756775706e-01	7.664014704840048375e-02	3.105868352508802874e-02	8.156072543794691543e-02
1.340062349182513572e+03	2.304428844970261292e-01	1.488839154512033303e-01	2.705159793749178365e-01	1.607465109786583302e-01	7.668915628839882703e-02	3.108627184637585000e-02	8.163528156323103524e-02
1.342481234289341273e+03	2.301563881832394409e-01	1.486982502621237712e-01	2.707222072791291012e-01	1.608617067684239010e-01	7.673802401882981461e-02	3.111379673000856314e-02	8.170962675805676367e-02
1.344900119396168748e+03	2.298707039287481990e-01	1.485131042539834245e-01	2.709278526057731229e-01	1.609765686383173577e-01	7.678675065188331206e-02	3.114125833791791739e-02	8.178376158318810540e-02
1.347319004502996449e+03	2.295858294318205428e-01	1.483284759718618562e-01	2.711329169893281210e-01	1.610910975783799992e-01	7.683533659847632813e-02	3.116865683160091952e-02	8.185768659834367911e-02
1.349737889609823924e+03	2.293017623972696817e-01	1.481443639649167310e-01	2.713374020596866498e-01	1.612052945753670308e-01	7.688378226825795525e-02	3.119599237212101681e-02	8.193140236219245698e-02
1.352156774716651853e+03	2.290185005364348825e-01	1.479607667863725162e-01	2.715413094421679774e-01	1.613191606127630517e-01	7.693208806961424062e-02	3.122326512010925592e-02	8.200490943234958752e-02
1.354575659823479100e+03	2.287360415671628455e-01	1.477776829935089353e-01	2.717446407575314082e-01	1.614326966707975153e-01	7.698025440967309896e-02	3.125047523576545555e-02	8.207820836537231546e-02
1.356994544930307029e+03	2.284543832137888586e-01	1.475951111476498101e-01	2.719473976219884959e-01	1.615459037264599662e-01	7.702828169430910032e-02	3.127762287885935827e-02	8.215129971675601273e-02
1.359413430037134731e+03	2.281735232071180619e-01	1.474130498141514867e-01	2.721495816472162543e-01	1.616587827535152788e-01	7.707617032814834124e-02	3.130470820873182403e-02	8.222418404093036204e-02
1.361832315143962205e+03	2.278934592844068241e-01	1.472314975623917610e-01	2.723511944403698148e-01	1.617713347225185894e-01	7.712392071457317699e-02	3.133173138429596466e-02	8.229686189125554052e-02
1.364251200250789907e+03	2.276141891893442570e-01	1.470504529657584158e-01	2.725522376040949157e-01	1.618835606008302563e-01	7.717153325572702338e-02	3.135869256403830269e-02	8.236933382001858373e-02
1.366670085357617609e+03	2.273357106720334808e-01	1.468699146016380352e-01	2.727527127365407256e-01	1.619954613526307097e-01	7.721900835251906126e-02	3.138559190601993010e-02	8.244160037842983291e-02
1.369088970464445310e+03	2.270580214889733328e-01	1.466898810514048745e-01	2.729526214313724997e-01	1.621070379389350502e-01	7.726634640462889947e-02	3.141242956787766022e-02	8.251366211661947947e-02
1.371507855571272785e+03	2.267811194030398825e-01	1.465103509004095916e-01	2.731519652777840146e-01	1.622182913176076768e-01	7.731354781051126557e-02	3.143920570682515875e-02	8.258551958363416490e-02
1.373926740678100487e+03	2.265050021834680571e-01	1.463313227379680892e-01	2.733507458605103912e-01	1.623292224433767472e-01	7.736061296740066873e-02	3.146592047965413030e-02	8.265717332743374723e-02
1.376345625784927961e+03	2.262296676058333789e-01	1.461527951573504680e-01	2.735489647598401963e-01	1.624398322678483886e-01	7.740754227131596554e-02	3.149257404273541477e-02	8.272862389488809531e-02
1.378764510891755890e+03	2.259551134520336735e-01	1.459747667557698692e-01	2.737466235516282098e-01	1.625501217395209919e-01	7.745433611706493970e-02	3.151916655202013917e-02	8.279987183177399401e-02
1.381183395998583137e+03	2.256813375102708907e-01	1.457972361343715662e-01	2.739437238073079706e-01	1.626600918037995058e-01	7.750099489824889554e-02	3.154569816304087643e-02	8.287091768277218828e-02
1.383602281105411066e+03	2.254083375750329521e-01	1.456202018982216684e-01	2.741402670939038222e-01	1.627697434030091206e-01	7.754751900726714053e-02	3.157216903091274868e-02	8.294176199146444106e-02
1.386021166212238768e+03	2.251361114470757097e-01	1.454436626562964074e-01	2.743362549740435696e-01	1.628790774764093674e-01	7.759390883532149563e-02	3.159857931033458606e-02	8.301240530033071607e-02
1.388440051319066470e+03	2.248646569334049050e-01	1.452676170214709794e-01	2.745316890059708581e-01	1.629880949602078855e-01	7.764016477242074998e-02	3.162492915559003692e-02	8.308284815074644392e-02
1.390858936425893944e+03	2.245939718472581281e-01	1.450920636105087758e-01	2.747265707435572191e-01	1.630967967875740499e-01	7.768628720738515736e-02	3.165121872054868502e-02	8.315309108297988527e-02
1.393277821532721646e+03	2.243240540080870260e-01	1.449170010440503087e-01	2.749209017363146157e-01	1.632051838886525164e-01	7.773227652785076602e-02	3.167744815866720132e-02	8.322313463618954965e-02
1.395696706639549120e+03	2.240549012415392616e-01	1.447424279466024699e-01	2.751146835294073223e-01	1.633132571905768216e-01	7.777813312027388737e-02	3.170361762299044039e-02	8.329297934842172513e-02
1.398115591746377049e+03	2.237865113794408611e-01	1.445683429465276781e-01	2.753079176636646364e-01	1.634210176174826779e-01	7.782385736993542580e-02	3.172972726615255062e-02	8.336262575660807750e-02
1.400534476853204296e+03	2.235188822597784231e-01	1.443947446760330267e-01	2.755006056755926469e-01	1.635284660905211573e-01	7.786944966094520859e-02	3.175577724037811911e-02	8.343207439656331881e-02
1.402953361960032225e+03	2.232520117266813542e-01	1.442216317711594864e-01	2.756927490973865580e-01	1.636356035278719867e-01	7.791491037624630189e-02	3.178176769748325414e-02	8.350132580298297302e-02
1.405372247066859927e+03	2.229858976304042728e-01	1.440490028717712756e-01	2.758843494569425681e-01	1.637424308447565646e-01	7.796023989761934059e-02	3.180769878887669544e-02	8.357038050944121110e-02
1.407791132173687402e+03	2.227205378273093839e-01	1.438768566215450073e-01	2.760754082778703045e-01	1.638489489534509513e-01	7.800543860568671939e-02	3.183357066556093823e-02	8.363923904838872769e-02
1.410210017280515103e+03	2.224559301798489652e-01	1.437051916679590036e-01	2.762659270795044808e-01	1.639551587632986362e-01	7.805050687991686720e-02	3.185938347813332266e-02	8.370790195115082599e-02
1.412628902387342805e+03	2.221920725565478538e-01	1.435340066622827759e-01	2.764559073769170539e-01	1.640610611807234998e-01	7.809544509862847983e-02	3.188513737678713017e-02	8.377636974792536384e-02
1.415047787494170507e+03	2.219289628319859320e-01	1.433633002595662287e-01	2.766453506809292695e-01	1.641666571092423588e-01	7.814025363899466947e-02	3.191083251131270754e-02	8.384464296778097736e-02
1.417466672600997981e+03	2.216665988867809467e-01	1.431930711186291949e-01	2.768342584981235421e-01	1.642719474494775678e-01	7.818493287704715577e-02	3.193646903109851470e-02	8.391272213865522134e-02
1.419885557707825683e+03	2.214049786075710236e-01	1.430233179020508061e-01	2.770226323308552230e-01	1.643769330991695365e-01	7.822948318768041531e-02	3.196204708513224191e-02	8.398060778735290388e-02
1.422304442814653157e+03	2.211440998869973473e-01	1.428540392761589450e-01	2.772104736772646461e-01	1.644816149531891925e-01	7.827390494465574777e-02	3.198756682200191992e-02	8.404830043954439334e-02
1.424723327921481086e+03	2.208839606236870645e-01	1.426852339110196988e-01	2.773977840312888965e-01	1.645859939035501096e-01	7.831819852060541154e-02	3.201302838989697475e-02	8.411580061976407785e-02
1.427142213028308333e+03	2.206245587222360194e-01	1.425169004804270056e-01	2.775845648826734680e-01	1.646900708394209434e-01	7.836236428703670376e-02	3.203843193660931010e-02	8.418310885140878330e-02
1.429561098135136262e+03	2.203658920931916010e-01	1.423490376618920805e-01	2.777708177169842529e-01	1.647938466471374486e-01	7.840640261433595715e-02	3.206377760953441070e-02	8.425022565673641328e-02
1.431979983241963964e+03	2.201079586530358123e-01	1.421816441366330619e-01	2.779565440156192557e-01	1.648973222102144975e-01	7.845031387177264781e-02	3.208906555567239693e-02	8.431715155686450580e-02
1.434398868348791666e+03	2.198507563241681173e-01	1.420147185895646313e-01	2.781417452558200276e-01	1.650004984093581539e-01	7.849409842750329491e-02	3.211429592162910740e-02	8.438388707176891490e-02
1.436817753455619140e+03	2.195942830348885100e-01	1.418482597092874942e-01	2.783264229106836019e-01	1.651033761224773855e-01	7.853775664857552685e-02	3.213946885361718131e-02	8.445043272028260328e-02
1.439236638562446842e+03	2.193385367193805280e-01	1.416822661880783041e-01	2.785105784491739844e-01	1.652059562246959989e-01	7.858128890093195318e-02	3.216458449745712711e-02	8.451678902009440719e-02
1.441655523669274316e+03	2.190835153176945438e-01	1.415167367218791161e-01	2.786942133361339224e-01	1.653082395883642697e-01	7.862469554941421690e-02	3.218964299857836331e-02	8.458295648774791231e-02
1.444074408776102018e+03	2.188292167757307227e-01	1.413516700102873114e-01	2.788773290322962284e-01	1.654102270830705435e-01	7.866797695776681087e-02	3.221464450202031482e-02	8.464893563864042680e-02
1.446493293882929493e+03	2.185756390452225084e-01	1.411870647565451331e-01	2.790599269942954930e-01	1.655119195756528105e-01	7.871113348864100523e-02	3.223958915243346074e-02	8.471472698702191273e-02
1.448912178989757422e+03	2.183227800837196642e-01	1.410229196675296948e-01	2.792420086746796315e-01	1.656133179302101688e-01	7.875416550359873313e-02	3.226447709408038905e-02	8.478033104599411174e-02
1.451331064096585123e+03	2.180706378545717583e-01	1.408592334537426272e-01	2.794235755219210415e-01	1.657144230081141756e-01	7.879707336311637944e-02	3.228930847083685135e-02	8.484574832750955975e-02
1.453749949203412370e+03	2.178192103269114832e-01	1.406960048293000032e-01	2.796046289804284268e-01	1.658152356680201167e-01	7.883985742658869422e-02	3.231408342619282448e-02	8.491097934237085143e-02
1.456168834310240300e+03	2.175684954756380296e-01	1.405332325119221792e-01	2.797851704905580661e-01	1.659157567658782750e-01	7.888251805233252589e-02	3.233880210325355137e-02	8.497602460022982140e-02
1.458587719417068001e+03	2.173184912814007663e-01	1.403709152229236090e-01	2.799652014886249707e-01	1.660159871549450605e-01	7.892505559759069311e-02	3.236346464474060963e-02	8.504088460958676710e-02
1.461006604523895703e+03	2.170691957305825037e-01	1.402090516872029069e-01	2.801447234069145975e-01	1.661159276857939737e-01	7.896747041853566240e-02	3.238807119299291770e-02	8.510555987778989362e-02
1.463425489630723177e+03	2.168206068152832844e-01	1.400476406332327728e-01	2.803237376736939512e-01	1.662155792063267357e-01	7.900976287027336453e-02	3.241262188996781035e-02	8.517005091103460601e-02
1.465844374737550879e+03	2.165727225333038963e-01	1.398866807930498335e-01	2.805022457132226865e-01	1.663149425617841404e-01	7.905193330684685826e-02	3.243711687724207954e-02	8.523435821436303739e-02
1.468263259844378354e+03	2.163255408881295805e-01	1.397261709022448728e-01	2.806802489457648209e-01	1.664140185947567963e-01	7.909398208124011898e-02	3.246155629601297360e-02	8.529848229166342444e-02
1.470682144951206283e+03	2.160790598889137937e-01	1.395661096999526452e-01	2.808577487875995038e-01	1.665128081451960340e-01	7.913590954538164690e-02	3.248594028709926584e-02	8.536242364566978824e-02
1.473101030058033530e+03	2.158332775504618051e-01	1.394064959288420225e-01	2.810347466510324521e-01	1.666113120504245371e-01	7.917771605014817249e-02	3.251026899094229539e-02	8.542618277796139303e-02
1.475519915164861459e+03	2.155881918932148200e-01	1.392473283351062519e-01	2.812112439444070522e-01	1.667095311451468609e-01	7.921940194536832014e-02	3.253454254760695247e-02	8.548976018896249640e-02
1.477938800271689161e+03	2.153438009432335765e-01	1.390886056684527972e-01	2.813872420721153511e-01	1.668074662614600912e-01	7.926096757982620256e-02	3.255876109678274011e-02	8.555315637794200234e-02
1.480357685378516862e+03	2.151001027321824410e-01	1.389303266820937077e-01	2.815627424346092700e-01	1.669051182288643076e-01	7.930241330126507060e-02	3.258292477778478718e-02	8.561637184301318371e-02
1.482776570485344337e+03	2.148570952973131720e-01	1.387724901327356264e-01	2.817377464284118171e-01	1.670024878742729646e-01	7.934373945639086601e-02	3.260703372955486151e-02	8.567940708113351567e-02
