1.001418434226643626e+03	2.797571066603973255e-01	1.807575889401974167e-01	2.350805618546921716e-01	1.408038398318998130e-01	6.823578291716891897e-02	2.650377166499765652e-02	6.886134813045174941e-02
1.003837319333471214e+03	2.793307412808969104e-01	1.804827887023134902e-01	2.353871878420717989e-01	1.409777000098023370e-01	6.830932026938876800e-02	2.654121715323280381e-02	6.897104474209896086e-02
1.006256204440298802e+03	2.789055844753733360e-01	1.802087576015946879e-01	2.356929493006837129e-01	1.411510477817050080e-01	6.838264584690750825e-02	2.657856532478142936e-02	6.908044966875935555e-02
1.008675089547126618e+03	2.784816328112064698e-01	1.799354934819656915e-01	2.359978486566732259e-01	1.413238848416198679e-01	6.845576028572765426e-02	2.661581645049697353e-02	6.918956347211521751e-02
1.011093974653954206e+03	2.780588828656506140e-01	1.796629941933965136e-01	2.363018883293751538e-01	1.414962128755584969e-01	6.852866421958364596e-02	2.665297080046735018e-02	6.929838671577331910e-02
1.013512859760782021e+03	2.776373312258044179e-01	1.793912575918856778e-01	2.366050707313331891e-01	1.416680335615975450e-01	6.860135827995415825e-02	2.669002864401711500e-02	6.940691996521300422e-02
1.015931744867609382e+03	2.772169744885810694e-01	1.791202815394432324e-01	2.369073982683187751e-01	1.418393485699431800e-01	6.867384309607429960e-02	2.672699024970965134e-02	6.951516378773490989e-02
1.018350629974437197e+03	2.767978092606782625e-01	1.788500639040739026e-01	2.372088733393503124e-01	1.420101595629950642e-01	6.874611929494781060e-02	2.676385588534934204e-02	6.962311875241045112e-02
1.020769515081264785e+03	2.763798321585486661e-01	1.785806025597602986e-01	2.375094983367120050e-01	1.421804681954092209e-01	6.881818750135906826e-02	2.680062581798373783e-02	6.973078543003215224e-02
1.023188400188092373e+03	2.759630398083701697e-01	1.783118953864460954e-01	2.378092756459729007e-01	1.423502761141605955e-01	6.889004833788504867e-02	2.683730031390571535e-02	6.983816439306457513e-02
1.025607285294920075e+03	2.755474288460165733e-01	1.780439402700193796e-01	2.381082076460056540e-01	1.425195849586046171e-01	6.896170242490716473e-02	2.687387963865563514e-02	6.994525621559606610e-02
1.028026170401747549e+03	2.751329959170278339e-01	1.777767351022959963e-01	2.384062967090055107e-01	1.426883963605380112e-01	6.903315038062310394e-02	2.691036405702349268e-02	7.005206147329115507e-02
1.030445055508575479e+03	2.747197376765811994e-01	1.775102777810027843e-01	2.387035452005089042e-01	1.428567119442591404e-01	6.910439282105838854e-02	2.694675383305105212e-02	7.015858074334369032e-02
1.032863940615402726e+03	2.743076507894616212e-01	1.772445662097611729e-01	2.389999554794121905e-01	1.430245333266274566e-01	6.917543036007806068e-02	2.698304923003397998e-02	7.026481460443061156e-02
1.035282825722230655e+03	2.738967319300332215e-01	1.769795982980705007e-01	2.392955298979904666e-01	1.431918621171223427e-01	6.924626360939811764e-02	2.701925051052398580e-02	7.037076363666651402e-02
1.037701710829058356e+03	2.734869777822095949e-01	1.767153719612916674e-01	2.395902708019159721e-01	1.433586999179012611e-01	6.931689317859690558e-02	2.705535793633093503e-02	7.047642842155878162e-02
1.040120595935886058e+03	2.730783850394257195e-01	1.764518851206305916e-01	2.398841805302767693e-01	1.435250483238572350e-01	6.938731967512640209e-02	2.709137176852496540e-02	7.058180954196341395e-02
1.042539481042713533e+03	2.726709504046085919e-01	1.761891357031218630e-01	2.401772614155953112e-01	1.436909089226757197e-01	6.945754370432349889e-02	2.712729226743860675e-02	7.068690758204154712e-02
1.044958366149541234e+03	2.722646705901489161e-01	1.759271216416124217e-01	2.404695157838466768e-01	1.438562832948906411e-01	6.952756586942099304e-02	2.716311969266887311e-02	7.079172312721658533e-02
1.047377251256368709e+03	2.718595423178725157e-01	1.756658408747451827e-01	2.407609459544771957e-01	1.440211730139401292e-01	6.959738677155873077e-02	2.719885430307936863e-02	7.089625676413195687e-02
1.049796136363196410e+03	2.714555623190119116e-01	1.754052913469428265e-01	2.410515542404225997e-01	1.441855796462213346e-01	6.966700700979448768e-02	2.723449635680237624e-02	7.100050908060953625e-02
1.052215021470024112e+03	2.710527273341777899e-01	1.751454710083915622e-01	2.413413429481265082e-01	1.443495047511447194e-01	6.973642718111477956e-02	2.727004611124093231e-02	7.110448066560871860e-02
1.054633906576851814e+03	2.706510341133309683e-01	1.748863778150250847e-01	2.416303143775585527e-01	1.445129498811877633e-01	6.980564788044568703e-02	2.730550382307093613e-02	7.120817210918600759e-02
1.057052791683679516e+03	2.702504794157542523e-01	1.746280097285082544e-01	2.419184708222325841e-01	1.446759165819479498e-01	6.987466970066344429e-02	2.734086974824319338e-02	7.131158400245528328e-02
1.059471676790506763e+03	2.698510600100243462e-01	1.743703647162211656e-01	2.422058145692248809e-01	1.448384063921953346e-01	6.994349323260505569e-02	2.737614414198549090e-02	7.141471693754865291e-02
1.061890561897334692e+03	2.694527726739839868e-01	1.741134407512431037e-01	2.424923478991920789e-01	1.450004208439243936e-01	7.001211906507880112e-02	2.741132725880466442e-02	7.151757150757792614e-02
1.064309447004162394e+03	2.690556141947140212e-01	1.738572358123365025e-01	2.427780730863894343e-01	1.451619614624052590e-01	7.008054778487457503e-02	2.744641935248864906e-02	7.162014830659656217e-02
1.066728332110990095e+03	2.686595813685057066e-01	1.736017478839309847e-01	2.430629923986886431e-01	1.453230297662345960e-01	7.014877997677422539e-02	2.748142067610852626e-02	7.172244792956229686e-02
1.069147217217817570e+03	2.682646710008331770e-01	1.733469749561076523e-01	2.433471080975957990e-01	1.454836272673855624e-01	7.021681622356179542e-02	2.751633148202057427e-02	7.182447097230031108e-02
1.071566102324645271e+03	2.678708799063258539e-01	1.730929150245830717e-01	2.436304224382693784e-01	1.456437554712575744e-01	7.028465710603364058e-02	2.755115202186829773e-02	7.192621803146695414e-02
1.073984987431472746e+03	2.674782049087410241e-01	1.728395660906935083e-01	2.439129376695379769e-01	1.458034158767252952e-01	7.035230320300853157e-02	2.758588254658445732e-02	7.202768970451395303e-02
1.076403872538300675e+03	2.670866428409364723e-01	1.725869261613791061e-01	2.441946560339180727e-01	1.459626099761870688e-01	7.041975509133753530e-02	2.762052330639310632e-02	7.212888658965330158e-02
1.078822757645127922e+03	2.666961905448433923e-01	1.723349932491682612e-01	2.444755797676319842e-01	1.461213392556129920e-01	7.048701334591399303e-02	2.765507455081159596e-02	7.222980928582252436e-02
1.081241642751955851e+03	2.663068448714387970e-01	1.720837653721619676e-01	2.447557111006251895e-01	1.462796051945922937e-01	7.055407853968326259e-02	2.768953652865259810e-02	7.233045839265060672e-02
1.083660527858783553e+03	2.659186026807191516e-01	1.718332405540180796e-01	2.450350522565842570e-01	1.464374092663802140e-01	7.062095124365250220e-02	2.772390948802610708e-02	7.243083451042436893e-02
1.086079412965611255e+03	2.655314608416729505e-01	1.715834168239358526e-01	2.453136054529543864e-01	1.465947529379444392e-01	7.068763202690027392e-02	2.775819367634144511e-02	7.253093824005539536e-02
1.088498298072438729e+03	2.651454162322539609e-01	1.713342922166402604e-01	2.455913729009567836e-01	1.467516376700109537e-01	7.075412145658609153e-02	2.779238934030925368e-02	7.263077018304742172e-02
1.090917183179266431e+03	2.647604657393545780e-01	1.710858647723666193e-01	2.458683568056063418e-01	1.469080649171095043e-01	7.082042009795992688e-02	2.782649672594348506e-02	7.273033094146426347e-02
1.093336068286093905e+03	2.643766062587790122e-01	1.708381325368450721e-01	2.461445593657289599e-01	1.470640361276183417e-01	7.088652851437164670e-02	2.786051607856338680e-02	7.282962111789823001e-02
1.095754953392921607e+03	2.639938346952169224e-01	1.705910935612852952e-01	2.464199827739790294e-01	1.472195527438087126e-01	7.095244726728028306e-02	2.789444764279548974e-02	7.292864131543902451e-02
1.098173838499749309e+03	2.636121479622166586e-01	1.703447459023609001e-01	2.466946292168565869e-01	1.473746162018886863e-01	7.101817691626331752e-02	2.792829166257555090e-02	7.302739213764307402e-02
1.100592723606577010e+03	2.632315429821590058e-01	1.700990876221943338e-01	2.469685008747248278e-01	1.475292279320466748e-01	7.108371801902584053e-02	2.796204838115055880e-02	7.312587418850347021e-02
1.103011608713404712e+03	2.628520166862312046e-01	1.698541167883414471e-01	2.472415999218272320e-01	1.476833893584942881e-01	7.114907113140966910e-02	2.799571804108066594e-02	7.322408807242021533e-02
1.105430493820231959e+03	2.624735660144001947e-01	1.696098314737763679e-01	2.475139285263047439e-01	1.478371018995089103e-01	7.121423680740235351e-02	2.802930088424115257e-02	7.332203439417102342e-02
1.107849378927059888e+03	2.620961879153868024e-01	1.693662297568762354e-01	2.477854888502129538e-01	1.479903669674756672e-01	7.127921559914612848e-02	2.806279715182438336e-02	7.341971375888256546e-02
1.110268264033887590e+03	2.617198793466398166e-01	1.691233097214060732e-01	2.480562830495392224e-01	1.481431859689290031e-01	7.134400805694676717e-02	2.809620708434173650e-02	7.351712677200213097e-02
1.112687149140715292e+03	2.613446372743097323e-01	1.688810694565037185e-01	2.483263132742196955e-01	1.482955603045938431e-01	7.140861472928246301e-02	2.812953092162555693e-02	7.361427403926977531e-02
1.115106034247542766e+03	2.609704586732233267e-01	1.686395070566646115e-01	2.485955816681562347e-01	1.484474913694261988e-01	7.147303616281246164e-02	2.816276890283107154e-02	7.371115616669084158e-02
1.117524919354370468e+03	2.605973405268576237e-01	1.683986206217269743e-01	2.488640903692334871e-01	1.485989805526535534e-01	7.153727290238579006e-02	2.819592126643833893e-02	7.380777376050901006e-02
1.119943804461197942e+03	2.602252798273143042e-01	1.681584082568566840e-01	2.491318415093357053e-01	1.487500292378144684e-01	7.160132549104981925e-02	2.822898825025414726e-02	7.390412742717966665e-02
1.122362689568025871e+03	2.598542735752941701e-01	1.679188680725323124e-01	2.493988372143636500e-01	1.489006388027981354e-01	7.166519447005879895e-02	2.826197009141394670e-02	7.400021777334374329e-02
1.124781574674853118e+03	2.594843187800716100e-01	1.676799981845303877e-01	2.496650796042514109e-01	1.490508106198832894e-01	7.172888037888230928e-02	2.829486702638375414e-02	7.409604540580198850e-02
1.127200459781681047e+03	2.591154124594692298e-01	1.674417967139103514e-01	2.499305707929831144e-01	1.492005460557767893e-01	7.179238375521364290e-02	2.832767929096205450e-02	7.419161093148957109e-02
1.129619344888508749e+03	2.587475516398324293e-01	1.672042617869999026e-01	2.501953128886096889e-01	1.493498464716516705e-01	7.185570513497811784e-02	2.836040712028170194e-02	7.428691495745121109e-02
1.132038229995336451e+03	2.583807333560044772e-01	1.669673915353800941e-01	2.504593079932654898e-01	1.494987132231849480e-01	7.191884505234130698e-02	2.839305074881181071e-02	7.438195809081658838e-02
1.134457115102163925e+03	2.580149546513010872e-01	1.667311840958706493e-01	2.507225582031848976e-01	1.496471476605949480e-01	7.198180403971728147e-02	2.842561041035964603e-02	7.447674093877616752e-02
1.136876000208991627e+03	2.576502125774853824e-01	1.664956376105153069e-01	2.509850656087190268e-01	1.497951511286782500e-01	7.204458262777670152e-02	2.845808633807251492e-02	7.457126410855746679e-02
1.139294885315819101e+03	2.572865041947431375e-01	1.662607502265671389e-01	2.512468322943521293e-01	1.499427249668462137e-01	7.210718134545482383e-02	2.849047876443962235e-02	7.466552820740163243e-02
1.141713770422646803e+03	2.569238265716576874e-01	1.660265200964738952e-01	2.515078603387180256e-01	1.500898705091611440e-01	7.216960071995957848e-02	2.852278792129396209e-02	7.475953384254045708e-02
1.144132655529474505e+03	2.565621767851852253e-01	1.657929453778635431e-01	2.517681518146166475e-01	1.502365890843720964e-01	7.223184127677942379e-02	2.855501403981417635e-02	7.485328162117368955e-02
1.146551540636302207e+03	2.562015519206299885e-01	1.655600242335296401e-01	2.520277087890304135e-01	1.503828820159502366e-01	7.229390353969128435e-02	2.858715735052640844e-02	7.494677215044678875e-02
1.148970425743129908e+03	2.558419490716198341e-01	1.653277548314168732e-01	2.522865333231406049e-01	1.505287506221240079e-01	7.235578803076830878e-02	2.861921808330616934e-02	7.504000603742898290e-02
1.151389310849957155e+03	2.554833653400814808e-01	1.650961353446066537e-01	2.525446274723435192e-01	1.506741962159136028e-01	7.241749527038758572e-02	2.865119646738018694e-02	7.513298388909168957e-02
1.153808195956785084e+03	2.551257978362162504e-01	1.648651639513026845e-01	2.528019932862667907e-01	1.508192201051654635e-01	7.247902577723790152e-02	2.868309273132823786e-02	7.522570631228736593e-02
1.156227081063612786e+03	2.547692436784753656e-01	1.646348388348166103e-01	2.530586328087857662e-01	1.509638235925861438e-01	7.254038006832730368e-02	2.871490710308500366e-02	7.531817391372851167e-02
1.158645966170440488e+03	2.544136999935359134e-01	1.644051581835536679e-01	2.533145480780393255e-01	1.511080079757759487e-01	7.260155865899069194e-02	2.874663980994189225e-02	7.541038729996728252e-02
1.161064851277267962e+03	2.540591639162766424e-01	1.641761201909983647e-01	2.535697411264462020e-01	1.512517745472621022e-01	7.266256206289732622e-02	2.877829107854887325e-02	7.550234707737514539e-02
1.163483736384095664e+03	2.537056325897537046e-01	1.639477230557003229e-01	2.538242139807210807e-01	1.513951245945317770e-01	7.272339079205826506e-02	2.880986113491629946e-02	7.559405385212313033e-02
1.165902621490923138e+03	2.533531031651766741e-01	1.637199649812600410e-01	2.540779686618905298e-01	1.515380594000645953e-01	7.278404535683376253e-02	2.884135020441671790e-02	7.568550823016223505e-02
1.168321506597751068e+03	2.530015728018843446e-01	1.634928441763147111e-01	2.543310071853090437e-01	1.516805802413648818e-01	7.284452626594060953e-02	2.887275851178669472e-02	7.577671081720421808e-02
1.170740391704578315e+03	2.526510386673212483e-01	1.632663588545240907e-01	2.545833315606749192e-01	1.518226883909935820e-01	7.290483402645937805e-02	2.890408628112861936e-02	7.586766221870268334e-02
1.173159276811406244e+03	2.523014979370133970e-01	1.630405072345564588e-01	2.548349437920460203e-01	1.519643851165998205e-01	7.296496914384170696e-02	2.893533373591249472e-02	7.595836303983453941e-02
1.175578161918233945e+03	2.519529477945449680e-01	1.628152875400745159e-01	2.550858458778560434e-01	1.521056716809521536e-01	7.302493212191740746e-02	2.896650109897775174e-02	7.604881388548165311e-02
1.177997047025061647e+03	2.516053854315342675e-01	1.625906979997214230e-01	2.553360398109297269e-01	1.522465493419695448e-01	7.308472346290162402e-02	2.899758859253502574e-02	7.613901536021291938e-02
1.180415932131889122e+03	2.512588080476103602e-01	1.623667368471068129e-01	2.555855275784990610e-01	1.523870193527519512e-01	7.314434366740187043e-02	2.902859643816795010e-02	7.622896806826658100e-02
1.182834817238716823e+03	2.509132128503893666e-01	1.621434023207928843e-01	2.558343111622188304e-01	1.525270829616106050e-01	7.320379323442505193e-02	2.905952485683494652e-02	7.631867261353282583e-02
1.185253702345544298e+03	2.505685970554515363e-01	1.619206926642804689e-01	2.560823925381823241e-01	1.526667414120981281e-01	7.326307266138440411e-02	2.909037406887098401e-02	7.640812959953675876e-02
1.187672587452371999e+03	2.502249578863171564e-01	1.616986061259951535e-01	2.563297736769368229e-01	1.528059959430380921e-01	7.332218244410643182e-02	2.912114429398936222e-02	7.649733962942152632e-02
1.190091472559199701e+03	2.498822925744239032e-01	1.614771409592736240e-01	2.565764565434993094e-01	1.529448477885545776e-01	7.338112307683773705e-02	2.915183575128346347e-02	7.658630330593187152e-02
1.192510357666027403e+03	2.495405983591033050e-01	1.612562954223498157e-01	2.568224430973720107e-01	1.530832981781011237e-01	7.343989505225180514e-02	2.918244865922853953e-02	7.667502123139784131e-02
1.194929242772855105e+03	2.491998724875578164e-01	1.610360677783410355e-01	2.570677352925578307e-01	1.532213483364896489e-01	7.349849886145581879e-02	2.921298323568343944e-02	7.676349400771888265e-02
1.197348127879682352e+03	2.488601122148376144e-01	1.608164562952344723e-01	2.573123350775757268e-01	1.533589994839189286e-01	7.355693499399727775e-02	2.924343969789237885e-02	7.685172223634810507e-02
1.199767012986510281e+03	2.485213148038177555e-01	1.605974592458734029e-01	2.575562443954762526e-01	1.534962528360028500e-01	7.361520393787071570e-02	2.927381826248667482e-02	7.693970651827693186e-02
1.202185898093337983e+03	2.481834775251750835e-01	1.603790749079437028e-01	2.577994651838567686e-01	1.536331096037983901e-01	7.367330617952426441e-02	2.930411914548649785e-02	7.702744745401986226e-02
1.204604783200165684e+03	2.478465976573657192e-01	1.601613015639601345e-01	2.580419993748769292e-01	1.537695709938332878e-01	7.373124220386625960e-02	2.933434256230258580e-02	7.711494564359963610e-02
1.207023668306993159e+03	2.475106724866021346e-01	1.599441375012528865e-01	2.582838488952738376e-01	1.539056382081334107e-01	7.378901249427172182e-02	2.936448872773800636e-02	7.720220168653259274e-02
1.209442553413820860e+03	2.471756993068303931e-01	1.597275810119539730e-01	2.585250156663773113e-01	1.540413124442499837e-01	7.384661753258880967e-02	2.939455785598985363e-02	7.728921618181429365e-02
1.211861438520648335e+03	2.468416754197077234e-01	1.595116303929839663e-01	2.587655016041249811e-01	1.541765948952863452e-01	7.390405779914527296e-02	2.942455016065098627e-02	7.737598972790536711e-02
1.214280323627476264e+03	2.465085981345799537e-01	1.592962839460383695e-01	2.590053086190775011e-01	1.543114867499246201e-01	7.396133377275478094e-02	2.945446585471173107e-02	7.746252292271765816e-02
1.216699208734303511e+03	2.461764647684590301e-01	1.590815399775742656e-01	2.592444386164338144e-01	1.544459891924520323e-01	7.401844593072327838e-02	2.948430515056161064e-02	7.754881636360055897e-02
1.219118093841131440e+03	2.458452726460006177e-01	1.588673967987970503e-01	2.594828934960459743e-01	1.545801034027870779e-01	7.407539474885524444e-02	2.951406825999102965e-02	7.763487064732763065e-02
1.221536978947959142e+03	2.455150190994818404e-01	1.586538527256470821e-01	2.597206751524340773e-01	1.547138305565052552e-01	7.413218070145997929e-02	2.954375539419298521e-02	7.772068637008343328e-02
1.223955864054786844e+03	2.451857014687790215e-01	1.584409060787863310e-01	2.599577854748015837e-01	1.548471718248646267e-01	7.418880426135771033e-02	2.957336676376476348e-02	7.780626412745061948e-02
1.226374749161614318e+03	2.448573171013455896e-01	1.582285551835851678e-01	2.601942263470499728e-01	1.549801283748312719e-01	7.424526589988582337e-02	2.960290257870963268e-02	7.789160451439716693e-02
1.228793634268442020e+03	2.445298633521898468e-01	1.580167983701092627e-01	2.604299996477938417e-01	1.551127013691042111e-01	7.430156608690489939e-02	2.963236304843852933e-02	7.797670812526401318e-02
1.231212519375269494e+03	2.442033375838531251e-01	1.578056339731063462e-01	2.606651072503754496e-01	1.552448919661404414e-01	7.435770529080486246e-02	2.966174838177172007e-02	7.806157555375269064e-02
1.233631404482097196e+03	2.438777371663877203e-01	1.575950603319929699e-01	2.608995510228797610e-01	1.553767013201793334e-01	7.441368397851093330e-02	2.969105878694051209e-02	7.814620739291341933e-02
1.236050289588924898e+03	2.435530594773350210e-01	1.573850757908415998e-01	2.611333328281492117e-01	1.555081305812671677e-01	7.446950261548962446e-02	2.972029447158889767e-02	7.823060423513318595e-02
1.238469174695752372e+03	2.432293019017036928e-01	1.571756786983674603e-01	2.613664545237983083e-01	1.556391808952811706e-01	7.452516166575465228e-02	2.974945564277523338e-02	7.831476667212418363e-02
1.240888059802580301e+03	2.429064618319480562e-01	1.569668674079155446e-01	2.615989179622283389e-01	1.557698534039534122e-01	7.458066159187294597e-02	2.977854250697389848e-02	7.839869529491250155e-02
1.243306944909407548e+03	2.425845366679462711e-01	1.567586402774475696e-01	2.618307249906421941e-01	1.559001492448945370e-01	7.463600285497032361e-02	2.980755527007695679e-02	7.848239069382682842e-02
1.245725830016235477e+03	2.422635238169788818e-01	1.565509956695291249e-01	2.620618774510585780e-01	1.560300695516172176e-01	7.469118591473748736e-02	2.983649413739580120e-02	7.856585345848758617e-02
1.248144715123063179e+03	2.419434206937071119e-01	1.563439319513166836e-01	2.622923771803269966e-01	1.561596154535593028e-01	7.474621122943567175e-02	2.986535931366280511e-02	7.864908417779609140e-02
1.250563600229890881e+03	2.416242247201515758e-01	1.561374474945447788e-01	2.625222260101419680e-01	1.562887880761068826e-01	7.480107925590248619e-02	2.989415100303296699e-02	7.873208343992399438e-02
1.252982485336718355e+03	2.413059333256707684e-01	1.559315406755131250e-01	2.627514257670576781e-01	1.564175885406169919e-01	7.485579044955752159e-02	2.992286940908555140e-02	7.881485183230298175e-02
1.255401370443546057e+03	2.409885439469397761e-01	1.557262098750738788e-01	2.629799782725023016e-01	1.565460179644403704e-01	7.491034526440808194e-02	2.995151473482571616e-02	7.889738994161449304e-02
1.257820255550373531e+03	2.406720540279290721e-01	1.555214534786187874e-01	2.632078853427924359e-01	1.566740774609436115e-01	7.496474415305476313e-02	2.998008718268613954e-02	7.897969835377981196e-02
1.260239140657201460e+03	2.403564610198832274e-01	1.553172698760665049e-01	2.634351487891474775e-01	1.568017681395314777e-01	7.501898756669704571e-02	3.000858695452865779e-02	7.906177765395025481e-02
1.262658025764028707e+03	2.400417623812998724e-01	1.551136574618499075e-01	2.636617704177038890e-01	1.569290911056687166e-01	7.507307595513887377e-02	3.003701425164586811e-02	7.914362842649753926e-02
1.265076910870856636e+03	2.397279555779086302e-01	1.549106146349034652e-01	2.638877520295294099e-01	1.570560474609018764e-01	7.512700976679416442e-02	3.006536927476275572e-02	7.922525125500438914e-02
1.267495795977684338e+03	2.394150380826500502e-01	1.547081397986504459e-01	2.641130954206376003e-01	1.571826383028808172e-01	7.518078944869224789e-02	3.009365222403829684e-02	7.930664672225525014e-02
1.269914681084511813e+03	2.391030073756547913e-01	1.545062313609906202e-01	2.643378023820014966e-01	1.573088647253801375e-01	7.523441544648333534e-02	3.012186329906707191e-02	7.938781541022724153e-02
1.272333566191339514e+03	2.387918609442227225e-01	1.543048877342874381e-01	2.645618746995683224e-01	1.574347278183201304e-01	7.528788820444391738e-02	3.015000269888085463e-02	7.946875790008128826e-02
1.274752451298167216e+03	2.384815962828021330e-01	1.541041073353556501e-01	2.647853141542733102e-01	1.575602286677879327e-01	7.534120816548212085e-02	3.017807062195021831e-02	7.954947477215337792e-02
1.277171336404994690e+03	2.381722108929689441e-01	1.539038885854487060e-01	2.650081225220537462e-01	1.576853683560581199e-01	7.539437577114309341e-02	3.020606726618612486e-02	7.962996660594599818e-02
1.279590221511822392e+03	2.378637022834062253e-01	1.537042299102465426e-01	2.652303015738630143e-01	1.578101479616133562e-01	7.544739146161423549e-02	3.023399282894151732e-02	7.971023398011979622e-02
1.282009106618650094e+03	2.375560679698833222e-01	1.535051297398429548e-01	2.654518530756848627e-01	1.579345685591648507e-01	7.550025567573051544e-02	3.026184750701289145e-02	7.979027747248533531e-02
1.284427991725477568e+03	2.372493054752356223e-01	1.533065865087332447e-01	2.656727787885468928e-01	1.580586312196723131e-01	7.555296885097967374e-02	3.028963149664187782e-02	7.987009765999507349e-02
1.286846876832305497e+03	2.369434123293438776e-01	1.531085986558019529e-01	2.658930804685348814e-01	1.581823370103641602e-01	7.560553142350745492e-02	3.031734499351682738e-02	7.994969511873545320e-02
1.289265761939132744e+03	2.366383860691139984e-01	1.529111646243105360e-01	2.661127598668064920e-01	1.583056869947573331e-01	7.565794382812274232e-02	3.034498819277435533e-02	8.002907042391917136e-02
1.291684647045960673e+03	2.363342242384564029e-01	1.527142828618850423e-01	2.663318187296051520e-01	1.584286822326768374e-01	7.571020649830267901e-02	3.037256128900093360e-02	8.010822414987762985e-02
1.294103532152788375e+03	2.360309243882660613e-01	1.525179518205038998e-01	2.665502587982735982e-01	1.585513237802752828e-01	7.576231986619783032e-02	3.040006447623443478e-02	8.018715687005351089e-02
1.296522417259616077e+03	2.357284840764022338e-01	1.523221699564857035e-01	2.667680818092680872e-01	1.586736126900522015e-01	7.581428436263717985e-02	3.042749794796568638e-02	8.026586915699347735e-02
1.298941302366443551e+03	2.354269008676680708e-01	1.521269357304771419e-01	2.669852894941718291e-01	1.587955500108730877e-01	7.586610041713323649e-02	3.045486189714003561e-02	8.034436158234113667e-02
1.301360187473271253e+03	2.351261723337908227e-01	1.519322476074406458e-01	2.672018835797086433e-01	1.589171367879884667e-01	7.591776845788697492e-02	3.048215651615887936e-02	8.042263471683000486e-02
1.303779072580098727e+03	2.348262960534016897e-01	1.517381040566425365e-01	2.674178657877568921e-01	1.590383740630526010e-01	7.596928891179285936e-02	3.050938199688122202e-02	8.050068913027669248e-02
1.306197957686926657e+03	2.345272696120158928e-01	1.515445035516407024e-01	2.676332378353626362e-01	1.591592628741421156e-01	7.602066220444374245e-02	3.053653853062520199e-02	8.057852539157425720e-02
1.308616842793753904e+03	2.342290906020127184e-01	1.513514445702727751e-01	2.678480014347534577e-01	1.592798042557744265e-01	7.607188876013583345e-02	3.056362630816962522e-02	8.065614406868566733e-02
1.311035727900581833e+03	2.339317566226156997e-01	1.511589255946441113e-01	2.680621582933521707e-01	1.593999992389261156e-01	7.612296900187352777e-02	3.059064551975550564e-02	8.073354572863741807e-02
1.313454613007409534e+03	2.336352652798729945e-01	1.509669451111156080e-01	2.682757101137899225e-01	1.595198488510509993e-01	7.617390335137429191e-02	3.061759635508757779e-02	8.081073093751320324e-02
1.315873498114237009e+03	2.333396141866374007e-01	1.507755016102920176e-01	2.684886585939198489e-01	1.596393541160981144e-01	7.622469222907349296e-02	3.064447900333582692e-02	8.088770026044786454e-02
1.318292383221064711e+03	2.330448009625468997e-01	1.505845935870099572e-01	2.687010054268306747e-01	1.597585160545295091e-01	7.627533605412915862e-02	3.067129365313698772e-02	8.096445426162141024e-02
1.320711268327892412e+03	2.327508232340050054e-01	1.503942195403260018e-01	2.689127523008596476e-01	1.598773356833379788e-01	7.632583524442675127e-02	3.069804049259608134e-02	8.104099350425310322e-02
1.323130153434719887e+03	2.324576786341613077e-01	1.502043779735048601e-01	2.691239008996063053e-01	1.599958140160644415e-01	7.637619021658395568e-02	3.072471970928790722e-02	8.111731855059577112e-02
1.325549038541547588e+03	2.321653648028918770e-01	1.500150673940077173e-01	2.693344529019455202e-01	1.601139520628154234e-01	7.642640138595530042e-02	3.075133149025853843e-02	8.119342996193022743e-02
1.327967923648375290e+03	2.318738793867798909e-01	1.498262863134802170e-01	2.695444099820407668e-01	1.602317508302802118e-01	7.647646916663691785e-02	3.077787602202684131e-02	8.126932829855978979e-02
1.330386808755202765e+03	2.315832200390963713e-01	1.496380332477409425e-01	2.697537738093574444e-01	1.603492113217478698e-01	7.652639397147112388e-02	3.080435349058595340e-02	8.134501411980488150e-02
1.332805693862030694e+03	2.312933844197807842e-01	1.494503067167695931e-01	2.699625460486761996e-01	1.604663345371242222e-01	7.657617621205115022e-02	3.083076408140477884e-02	8.142048798399786902e-02
1.335224578968857941e+03	2.310043701954219153e-01	1.492631052446953266e-01	2.701707283601058052e-01	1.605831214729485368e-01	7.662581629872558531e-02	3.085710797942947670e-02	8.149575044847795491e-02
1.337643464075685870e+03	2.307161750392385247e-01	1.490764273597852407e-01	2.703783223990964268e-01	1.606995731224102331e-01	7.667531464060307889e-02	3.088338536908493900e-02	8.157080206958615409e-02
1.340062349182513572e+03	2.304287966310604729e-01	1.488902715944325772e-01	2.705853298164526133e-01	1.608156904753653138e-01	7.672467164555682451e-02	3.090959643427627218e-02	8.164564340266047826e-02
1.342481234289341273e+03	2.301422326573094868e-01	1.487046364851453695e-01	2.707917522583463410e-01	1.609314745183527406e-01	7.677388772022911145e-02	3.093574135839026115e-02	8.172027500203116190e-02
1.344900119396168748e+03	2.298564808109802571e-01	1.485195205725346745e-01	2.709975913663303371e-01	1.610469262346105879e-01	7.682296327003575176e-02	3.096182032429685080e-02	8.179469742101601326e-02
1.347319004502996449e+03	2.295715387916213990e-01	1.483349224013032486e-01	2.712028487773505137e-01	1.611620466040921962e-01	7.687189869917061824e-02	3.098783351435059966e-02	8.186891121191589016e-02
1.349737889609823924e+03	2.292874043053166888e-01	1.481508405202339451e-01	2.714075261237592906e-01	1.612768366034820211e-01	7.692069441061002988e-02	3.101378111039214402e-02	8.194291692601035626e-02
1.352156774716651853e+03	2.290040750646661349e-01	1.479672734821784463e-01	2.716116250333283633e-01	1.613912972062114537e-01	7.696935080611716495e-02	3.103966329374966207e-02	8.201671511355328181e-02
1.354575659823479100e+03	2.287215487887673537e-01	1.477842198440456056e-01	2.718151471292614696e-01	1.615054293824745024e-01	7.701786828624650194e-02	3.106548024524031712e-02	8.209030632376866643e-02
1.356994544930307029e+03	2.284398232031967513e-01	1.476016781667902900e-01	2.720180940302075467e-01	1.616192340992433918e-01	7.706624725034813550e-02	3.109123214517170095e-02	8.216369110484662841e-02
1.359413430037134731e+03	2.281588960399908717e-01	1.474196470154019167e-01	2.722204673502731098e-01	1.617327123202838279e-01	7.711448809657212022e-02	3.111691917334329094e-02	8.223687000393932467e-02
1.361832315143962205e+03	2.278787650376278562e-01	1.472381249588932128e-01	2.724222686990351860e-01	1.618458650061704029e-01	7.716259122187278663e-02	3.114254150904788299e-02	8.230984356715710659e-02
1.364251200250789907e+03	2.275994279410089305e-01	1.470571105702888348e-01	2.726234996815540268e-01	1.619586931143018049e-01	7.721055702201302939e-02	3.116809933107303129e-02	8.238261233956475915e-02
1.366670085357617609e+03	2.273208825014398360e-01	1.468766024266141834e-01	2.728241618983858752e-01	1.620711975989156395e-01	7.725838589156858172e-02	3.119359281770246739e-02	8.245517686517779554e-02
1.369088970464445310e+03	2.270431264766124835e-01	1.466965991088842736e-01	2.730242569455955115e-01	1.621833794111035010e-01	7.730607822393226192e-02	3.121902214671754341e-02	8.252753768695884895e-02
1.371507855571272785e+03	2.267661576305865234e-01	1.465170992020923268e-01	2.732237864147687434e-01	1.622952394988258218e-01	7.735363441131815065e-02	3.124438749539864418e-02	8.259969534681421699e-02
1.373926740678100487e+03	2.264899737337711105e-01	1.463381012951987803e-01	2.734227518930252843e-01	1.624067788069263052e-01	7.740105484476582365e-02	3.126968904052662007e-02	8.267165038559050327e-02
1.376345625784927961e+03	2.262145725629065851e-01	1.461596039811201564e-01	2.736211549630309658e-01	1.625179982771467468e-01	7.744833991414451502e-02	3.129492695838418520e-02	8.274340334307125899e-02
1.378764510891755890e+03	2.259399519010463486e-01	1.459816058567179331e-01	2.738189972030104502e-01	1.626288988481413011e-01	7.749549000815725286e-02	3.132010142475733644e-02	8.281495475797381878e-02
1.381183395998583137e+03	2.256661095375386006e-01	1.458041055227874139e-01	2.740162801867596643e-01	1.627394814554908309e-01	7.754250551434498095e-02	3.134521261493675853e-02	8.288630516794617820e-02
1.383602281105411066e+03	2.253930432680083251e-01	1.456271015840468475e-01	2.742130054836582342e-01	1.628497470317171458e-01	7.758938681909068047e-02	3.137026070371923964e-02	8.295745510956396840e-02
1.386021166212238768e+03	2.251207508943393332e-01	1.454505926491262702e-01	2.744091746586817537e-01	1.629596965062970193e-01	7.763613430762343615e-02	3.139524586540905909e-02	8.302840511832754178e-02
1.388440051319066470e+03	2.248492302246561103e-01	1.452745773305567090e-01	2.746047892724143291e-01	1.630693308056763158e-01	7.768274836402250250e-02	3.142016827381936828e-02	8.309915572865909927e-02
1.390858936425893944e+03	2.245784790733060254e-01	1.450990542447590514e-01	2.747998508810608476e-01	1.631786508532837021e-01	7.772922937122130060e-02	3.144502810227362694e-02	8.316970747389992868e-02
1.393277821532721646e+03	2.243084952608414007e-01	1.449240220120332767e-01	2.749943610364591895e-01	1.632876575695444421e-01	7.777557771101151207e-02	3.146982552360692853e-02	8.324006088630778177e-02
1.395696706639549120e+03	2.240392766140016922e-01	1.447494792565475474e-01	2.751883212860924965e-01	1.633963518718941632e-01	7.782179376404699256e-02	3.149456071016743658e-02	8.331021649705422361e-02
1.398115591746377049e+03	2.237708209656958103e-01	1.445754246063272741e-01	2.753817331731016060e-01	1.635047346747922625e-01	7.786787790984776858e-02	3.151923383381773081e-02	8.338017483622214843e-02
1.400534476853204296e+03	2.235031261549842718e-01	1.444018566932444569e-01	2.755745982362969859e-01	1.636128068897353405e-01	7.791383052680399268e-02	3.154384506593620185e-02	8.344993643280336493e-02
1.402953361960032225e+03	2.232361900270616595e-01	1.442287741530067779e-01	2.757669180101709472e-01	1.637205694252706623e-01	7.795965199217987085e-02	3.156839457741841826e-02	8.351950181469620926e-02
1.405372247066859927e+03	2.229700104332389132e-01	1.440561756251468872e-01	2.759586940249099674e-01	1.638280231870093140e-01	7.800534268211758993e-02	3.159288253867848645e-02	8.358887150870332461e-02
1.407791132173687402e+03	2.227045852309259832e-01	1.438840597530116894e-01	2.761499278064064589e-01	1.639351690776393311e-01	7.805090297164116175e-02	3.161730911965042468e-02	8.365804604052944071e-02
1.410210017280515103e+03	2.224399122836140108e-01	1.437124251837516020e-01	2.763406208762710925e-01	1.640420079969386602e-01	7.809633323466032284e-02	3.164167448978950220e-02	8.372702593477927835e-02
1.412628902387342805e+03	2.221759894608582309e-01	1.435412705683099532e-01	2.765307747518445658e-01	1.641485408417882319e-01	7.814163384397435075e-02	3.166597881807364789e-02	8.379581171495546765e-02
1.415047787494170507e+03	2.219128146382602917e-01	1.433705945614122679e-01	2.767203909462099265e-01	1.642547685061846729e-01	7.818680517127593599e-02	3.169022227300472005e-02	8.386440390345663298e-02
1.417466672600997981e+03	2.216503856974511022e-01	1.432003958215557482e-01	2.769094709682041744e-01	1.643606918812530737e-01	7.823184758715495679e-02	3.171440502260992195e-02	8.393280302157549166e-02
1.419885557707825683e+03	2.213887005260734842e-01	1.430306730109986435e-01	2.770980163224304182e-01	1.644663118552596170e-01	7.827676146110223998e-02	3.173852723444312018e-02	8.400100958949700825e-02
1.422304442814653157e+03	2.211277570177649643e-01	1.428614247957496475e-01	2.772860285092695332e-01	1.645716293136241237e-01	7.832154716151339124e-02	3.176258907558619782e-02	8.406902412629664589e-02
1.424723327921481086e+03	2.208675530721404823e-01	1.426926498455575454e-01	2.774735090248923175e-01	1.646766451389325425e-01	7.836620505569248663e-02	3.178659071265036579e-02	8.413684714993872882e-02
1.427142213028308333e+03	2.206080865947753766e-01	1.425243468339006114e-01	2.776604593612712057e-01	1.647813602109491904e-01	7.841073550985586116e-02	3.181053231177752294e-02	8.420447917727476306e-02
1.429561098135136262e+03	2.203493554971882873e-01	1.423565144379761171e-01	2.778468810061917593e-01	1.648857754066290759e-01	7.845513888913574485e-02	3.183441403864157443e-02	8.427192072404197931e-02
1.431979983241963964e+03	2.200913576968241137e-01	1.421891513386900063e-01	2.780327754432647680e-01	1.649898916001301397e-01	7.849941555758399581e-02	3.185823605844974316e-02	8.433917230486175087e-02
1.434398868348791666e+03	2.198340911170369449e-01	1.420222562206463479e-01	2.782181441519380183e-01	1.650937096628251888e-01	7.854356587817579172e-02	3.188199853594391592e-02	8.440623443323827524e-02
1.436817753455619140e+03	2.195775536870733236e-01	1.418558277721372329e-01	2.784029886075075622e-01	1.651972304633139432e-01	7.858759021281323809e-02	3.190570163540195486e-02	8.447310762155718633e-02
1.439236638562446842e+03	2.193217433420551754e-01	1.416898646851321442e-01	2.785873102811298185e-01	1.653004548674350260e-01	7.863148892232901810e-02	3.192934552063898118e-02	8.453979238108427774e-02
1.441655523669274316e+03	2.190666580229631011e-01	1.415243656552677420e-01	2.787711106398329530e-01	1.654033837382775929e-01	7.867526236649005633e-02	3.195293035500874207e-02	8.460628922196425372e-02
1.444074408776102018e+03	2.188122956766195837e-01	1.413593293818376784e-01	2.789543911465284798e-01	1.655060179361932393e-01	7.871891090400101598e-02	3.197645630140486667e-02	8.467259865321961898e-02
1.446493293882929493e+03	2.185586542556721967e-01	1.411947545677822435e-01	2.791371532600228078e-01	1.656083583188074915e-01	7.876243489250797647e-02	3.199992352226219139e-02	8.473872118274955456e-02
1.448912178989757422e+03	2.183057317185770063e-01	1.410306399196781246e-01	2.793193984350289538e-01	1.657104057410315190e-01	7.880583468860197227e-02	3.202333217955805750e-02	8.480465731732886314e-02
1.451331064096585123e+03	2.180535260295819178e-01	1.408669841477282747e-01	2.795011281221778110e-01	1.658121610550734315e-01	7.884911064782249013e-02	3.204668243481360174e-02	8.487040756260702534e-02
1.453749949203412370e+03	2.178020351587100778e-01	1.407037859657516987e-01	2.796823437680296398e-01	1.659136251104497695e-01	7.889226312466106339e-02	3.206997444909504696e-02	8.493597242310726991e-02
1.456168834310240300e+03	2.175512570817433877e-01	1.405410440911733227e-01	2.798630468150856143e-01	1.660147987539968284e-01	7.893529247256474146e-02	3.209320838301499973e-02	8.500135240222567168e-02
1.458587719417068001e+03	2.173011897802059333e-01	1.403787572450139187e-01	2.800432387017991465e-01	1.661156828298818444e-01	7.897819904393960089e-02	3.211638439673373396e-02	8.506654800223037438e-02
1.461006604523895703e+03	2.170518312413477480e-01	1.402169241518800014e-01	2.802229208625872103e-01	1.662162781796141520e-01	7.902098319015421479e-02	3.213950264996044692e-02	8.513155972426086904e-02
1.463425489630723177e+03	2.168031794581281591e-01	1.400555435399536974e-01	2.804020947278416664e-01	1.663165856420562028e-01	7.906364526154310846e-02	3.216256330195457064e-02	8.519638806832723066e-02
1.465844374737550879e+03	2.165552324291997177e-01	1.398946141409828370e-01	2.805807617239406970e-01	1.664166060534346403e-01	7.910618560741021488e-02	3.218556651152702092e-02	8.526103353330952150e-02
1.468263259844378354e+03	2.163079881588917119e-01	1.397341346902709058e-01	2.807589232732599083e-01	1.665163402473511522e-01	7.914860457603228872e-02	3.220851243704148797e-02	8.532549661695715271e-02
1.470682144951206283e+03	2.160614446571941238e-01	1.395741039266670813e-01	2.809365807941835991e-01	1.666157890547933784e-01	7.919090251466233410e-02	3.223140123641567850e-02	8.538977781588839855e-02
1.473101030058033530e+03	2.158155999397413094e-01	1.394145205925562681e-01	2.811137357011161408e-01	1.667149533041455411e-01	7.923307976953296305e-02	3.225423306712259242e-02	8.545387762558984135e-02
1.475519915164861459e+03	2.155704520277957892e-01	1.392553834338491614e-01	2.812903894044928577e-01	1.668138338211992422e-01	7.927513668585982332e-02	3.227700808619178574e-02	8.551779654041602452e-02
1.477938800271689161e+03	2.153259989482323722e-01	1.390966911999724775e-01	2.814665433107912951e-01	1.669124314291639821e-01	7.931707360784491512e-02	3.229972645021060573e-02	8.558153505358896684e-02
1.480357685378516862e+03	2.150822387335219465e-01	1.389384426438589337e-01	2.816421988225425443e-01	1.670107469486778184e-01	7.935889087867997738e-02	3.232238831532548151e-02	8.564509365719789880e-02
1.482776570485344337e+03	2.148391694217156034e-01	1.387806365219375337e-01	2.818173573383419561e-01	1.671087811978177462e-01	7.940058884054976285e-02	3.234499383724312449e-02	8.570847284219890172e-02
