1.301360187473271253e+03	2.355180369470257773e-01	1.513157081254276892e-01	2.604679839155627508e-01	1.617963521883981626e-01	7.645548721597561492e-02	3.202618690580683741e-02	8.242024470160819183e-02
1.306197957686926657e+03	2.349260183826337167e-01	1.509219029627899278e-01	2.608424743196215423e-01	1.620601982767411187e-01	7.656687575998832873e-02	3.209680159177183412e-02	8.258572870625854878e-02
1.311035727900581833e+03	2.343373979636231008e-01	1.505302553392998122e-01	2.612147418706297075e-01	1.623225493912519024e-01	7.667765667270905194e-02	3.216711333808144890e-02	8.275028542420999333e-02
1.315873498114237009e+03	2.337521561813916127e-01	1.501407533525795091e-01	2.615848014680882683e-01	1.625834136424181009e-01	7.678783270212051482e-02	3.223712293982975569e-02	8.291391971337722100e-02
1.320711268327892412e+03	2.331702736408873544e-01	1.497533851656907278e-01	2.619526678825178090e-01	1.628427991015429233e-01	7.689740659938333611e-02	3.230683119786788987e-02	8.307663641191496973e-02
1.325549038541547588e+03	2.325917310599171783e-01	1.493681390067838066e-01	2.623183557570541447e-01	1.631007138008637725e-01	7.700638111837763977e-02	3.237623891863627978e-02	8.323844033817223709e-02
1.330386808755202765e+03	2.320165092684597086e-01	1.489850031687484921e-01	2.626818796090182317e-01	1.633571657336712057e-01	7.711475901525689791e-02	3.244534691399993120e-02	8.339933629065059140e-02
1.335224578968857941e+03	2.314445892079832479e-01	1.486039660088664949e-01	2.630432538314604884e-01	1.636121628544278117e-01	7.722254304801381974e-02	3.251415600108670256e-02	8.355932904796649352e-02
1.340062349182513572e+03	2.308759519307682362e-01	1.482250159484657381e-01	2.634024926946795797e-01	1.638657130788877814e-01	7.732973597605781457e-02	3.258266700212843203e-02	8.371842336881744895e-02
1.344900119396168748e+03	2.303105785992342891e-01	1.478481414725762444e-01	2.637596103477170550e-01	1.641178242842163959e-01	7.743634055980402886e-02	3.265088074430506221e-02	8.387662399195190688e-02
1.349737889609823924e+03	2.297484504852720100e-01	1.474733311295879923e-01	2.641146208198271728e-01	1.643685043091100417e-01	7.754235956027356880e-02	3.271879805959149873e-02	8.403393563614267037e-02
1.354575659823479100e+03	2.291895489695792154e-01	1.471005735309100226e-01	2.644675380219232430e-01	1.646177609539166697e-01	7.764779573870457530e-02	3.278641978460727913e-02	8.419036300016385921e-02
1.359413430037134731e+03	2.286338555410018514e-01	1.467298573506316817e-01	2.648183757480007117e-01	1.648656019807565043e-01	7.775265185617405428e-02	3.285374676046899645e-02	8.434591076277105082e-02
1.364251200250789907e+03	2.280813517958791281e-01	1.463611713251852797e-01	2.651671476765369295e-01	1.651120351136431408e-01	7.785693067323019856e-02	3.292077983264535962e-02	8.450058358268473790e-02
1.369088970464445310e+03	2.275320194373933458e-01	1.459945042530105264e-01	2.655138673718689946e-01	1.653570680386052816e-01	7.796063494953484052e-02	3.298751985081490451e-02	8.465438609857689478e-02
1.373926740678100487e+03	2.269858402749239668e-01	1.456298449942204642e-01	2.658585482855490012e-01	1.656007084038086663e-01	7.806376744351591068e-02	3.305396766872632786e-02	8.480732292906040248e-02
1.378764510891755890e+03	2.264427962234061287e-01	1.452671824702694570e-01	2.662012037576780288e-01	1.658429638196786404e-01	7.816633091202974948e-02	3.312012414406129840e-02	8.495939867268144374e-02
1.383602281105411066e+03	2.259028693026934598e-01	1.449065056636224536e-01	2.665418470182184252e-01	1.660838418590230292e-01	7.826832811003282819e-02	3.318599013829982153e-02	8.511061790791471515e-02
1.388440051319066470e+03	2.253660416369251684e-01	1.445478036174258907e-01	2.668804911882858288e-01	1.663233500571557333e-01	7.836976179026286515e-02	3.325156651658803253e-02	8.526098519316124835e-02
1.393277821532721646e+03	2.248322954538974350e-01	1.441910654351806764e-01	2.672171492814199856e-01	1.665614959120204075e-01	7.847063470292904575e-02	3.331685414760843233e-02	8.541050506674882636e-02
1.398115591746377049e+03	2.243016130844389389e-01	1.438362802804162843e-01	2.675518342048359699e-01	1.667982868843150557e-01	7.857094959541116586e-02	3.338185390345242698e-02	8.555918204693495344e-02
1.402953361960032225e+03	2.237739769617906882e-01	1.434834373763667903e-01	2.678845587606556999e-01	1.670337303976167920e-01	7.867070921196742117e-02	3.344656665949526791e-02	8.570702063191221187e-02
1.407791132173687402e+03	2.232493696209897072e-01	1.431325260056484083e-01	2.682153356471196903e-01	1.672678338385071573e-01	7.876991629345070356e-02	3.351099329427324747e-02	8.585402529981596420e-02
1.412628902387342805e+03	2.227277736982573586e-01	1.427835355099388026e-01	2.685441774597799314e-01	1.675006045566980462e-01	7.886857357703330740e-02	3.357513468936314249e-02	8.600020050873433131e-02
1.417466672600997981e+03	2.222091719303911639e-01	1.424364552896577596e-01	2.688710966926743384e-01	1.677320498651579117e-01	7.896668379593961562e-02	3.363899172926387154e-02	8.614555069672030774e-02
1.422304442814653157e+03	2.216935471541610081e-01	1.420912748036497197e-01	2.691961057394826051e-01	1.679621770402385250e-01	7.906424967918680713e-02	3.370256530128031003e-02	8.629008028180601420e-02
1.427142213028308333e+03	2.211808823057093421e-01	1.417479835688676693e-01	2.695192168946642375e-01	1.681909933218022069e-01	7.916127395133328026e-02	3.376585629540927030e-02	8.643379366201899006e-02
1.431979983241963964e+03	2.206711604199551591e-01	1.414065711600588082e-01	2.698404423545787689e-01	1.684185059133495310e-01	7.925775933223465353e-02	3.382886560422756345e-02	8.657669521540047042e-02
1.436817753455619140e+03	2.201643646300021628e-01	1.410670272094517452e-01	2.701597942185889334e-01	1.686447219821473886e-01	7.935370853680717707e-02	3.389159412278206635e-02	8.671878930002552277e-02
1.441655523669274316e+03	2.196604781665505990e-01	1.407293414064453296e-01	2.704772844901462414e-01	1.688696486593575241e-01	7.944912427479836059e-02	3.395404274848191212e-02	8.686008025402508492e-02
1.446493293882929493e+03	2.191594843573131945e-01	1.403935034972988161e-01	2.707929250778604024e-01	1.690932930401655987e-01	7.954400925056460958e-02	3.401621238099258177e-02	8.700057239560975153e-02
1.451331064096585123e+03	2.186613666264347888e-01	1.400595032848239996e-01	2.711067277965525379e-01	1.693156621839105591e-01	7.963836616285588366e-02	3.407810392213202894e-02	8.714027002309522596e-02
1.456168834310240300e+03	2.181661084939156559e-01	1.397273306280785721e-01	2.714187043682911860e-01	1.695367631142143949e-01	7.973219770460698852e-02	3.413971827576862267e-02	8.727917741492956238e-02
1.461006604523895703e+03	2.176736935750391011e-01	1.393969754420610885e-01	2.717288664234139839e-01	1.697566028191123122e-01	7.982550656273544598e-02	3.420105634772109549e-02	8.741729882972193444e-02
1.465844374737550879e+03	2.171841055798021669e-01	1.390684276974077371e-01	2.720372255015324758e-01	1.699751882511834622e-01	7.991829541794585878e-02	3.426211904566024008e-02	8.755463850627297206e-02
1.470682144951206283e+03	2.166973283123505845e-01	1.387416774200902758e-01	2.723437930525228201e-01	1.701925263276816702e-01	8.001056694454045104e-02	3.432290727901250726e-02	8.769120066360663879e-02
1.475519915164861459e+03	2.162133456704170287e-01	1.384167146911157997e-01	2.726485804375003985e-01	1.704086239306669692e-01	8.010232381023590920e-02	3.438342195886534558e-02	8.782698950100345514e-02
1.480357685378516862e+03	2.157321416447633700e-01	1.380935296462279804e-01	2.729515989297809919e-01	1.706234879071370225e-01	8.019356867598598226e-02	3.444366399787433808e-02	8.796200919803527640e-02
1.485195455592172038e+03	2.152537003186262288e-01	1.377721124756095539e-01	2.732528597158263572e-01	1.708371250691592957e-01	8.028430419581014665e-02	3.450363431017201832e-02	8.809626391460137484e-02
1.490033225805827215e+03	2.147780058671664438e-01	1.374524534235868622e-01	2.735523738961763707e-01	1.710495421940032013e-01	8.037453301662780825e-02	3.456333381127847659e-02	8.822975779096579874e-02
1.494870996019482618e+03	2.143050425569218709e-01	1.371345427883353674e-01	2.738501524863671821e-01	1.712607460242727975e-01	8.046425777809819435e-02	3.462276341801350660e-02	8.836249494779603586e-02
1.499708766233137567e+03	2.138347947452638731e-01	1.368183709215870236e-01	2.741462064178353808e-01	1.714707432680395716e-01	8.055348111246565801e-02	3.468192404841050763e-02	8.849447948620293991e-02
1.504546536446793198e+03	2.133672468798572253e-01	1.365039282283390387e-01	2.744405465388089493e-01	1.716795405989757217e-01	8.064220564441026973e-02	3.474081662163197581e-02	8.862571548778173935e-02
1.509384306660448374e+03	2.129023834981236263e-01	1.361912051665639944e-01	2.747331836151852280e-01	1.718871446564874950e-01	8.073043399090361338e-02	3.479944205788654266e-02	8.875620701465437856e-02
1.514222076874103550e+03	2.124401892267085146e-01	1.358801922469217438e-01	2.750241283313957230e-01	1.720935620458488302e-01	8.081816876106964753e-02	3.485780127834758185e-02	8.888595810951278875e-02
1.519059847087758726e+03	2.119806487809515472e-01	1.355708800324726127e-01	2.753133912912582026e-01	1.722987993383352789e-01	8.090541255605052107e-02	3.491589520507339811e-02	8.901497279566329690e-02
1.523897617301414357e+03	2.115237469643602153e-01	1.352632591383919614e-01	2.756009830188163034e-01	1.725028630713581479e-01	8.099216796887724612e-02	3.497372476092885929e-02	8.914325507707213103e-02
1.528735387515069533e+03	2.110694686680869847e-01	1.349573202316864950e-01	2.758869139591672015e-01	1.727057597485988083e-01	8.107843758434502002e-02	3.503129086950855509e-02	8.927080893841185527e-02
1.533573157728724709e+03	2.106177988704099335e-01	1.346530540309117396e-01	2.761711944792768492e-01	1.729074958401430606e-01	8.116422397889316853e-02	3.508859445506137820e-02	8.939763834510881801e-02
1.538410927942380113e+03	2.101687226362163319e-01	1.343504513058913497e-01	2.764538348687835545e-01	1.731080777826159989e-01	8.124952972048961330e-02	3.514563644241655571e-02	8.952374724339148826e-02
1.543248698156035516e+03	2.097222251164899132e-01	1.340495028774374431e-01	2.767348453407902364e-01	1.733075119793167640e-01	8.133435736851968301e-02	3.520241775691108910e-02	8.964913956033973563e-02
1.548086468369690692e+03	2.092782915478012540e-01	1.337501996170726848e-01	2.770142360326446340e-01	1.735058048003534636e-01	8.141870947367922662e-02	3.525893932431854727e-02	8.977381920393497083e-02
1.552924238583346096e+03	2.088369072518014014e-01	1.334525324467537022e-01	2.772920170067089685e-01	1.737029625827784252e-01	8.150258857787186229e-02	3.531520207077926132e-02	8.989779006311114651e-02
1.557762008797001272e+03	2.083980576347187197e-01	1.331564923385959442e-01	2.775681982511181700e-01	1.738989916307232264e-01	8.158599721411036176e-02	3.537120692273180989e-02	9.002105600780654915e-02
1.562599779010656675e+03	2.079617281868590128e-01	1.328620703145999282e-01	2.778427896805275576e-01	1.740938982155341430e-01	8.166893790642194839e-02	3.542695480684585063e-02	9.014362088901635428e-02
1.567437549224311852e+03	2.075279044821087548e-01	1.325692574463788742e-01	2.781158011368497496e-01	1.742876885759076511e-01	8.175141316975748085e-02	3.548244664995622161e-02	9.026548853884600043e-02
1.572275319437967255e+03	2.070965721774414570e-01	1.322780448548880883e-01	2.783872423899815263e-01	1.744803689180257078e-01	8.183342550990448105e-02	3.553768337899831237e-02	9.038666277056525700e-02
1.577113089651622431e+03	2.066677170124272822e-01	1.319884237101551505e-01	2.786571231385194802e-01	1.746719454156914486e-01	8.191497742340372867e-02	3.559266592094470494e-02	9.050714737866295823e-02
1.581950859865277607e+03	2.062413248087456297e-01	1.317003852310121292e-01	2.789254530104670060e-01	1.748624242104648563e-01	8.199607139746961648e-02	3.564739520274301521e-02	9.062694613890248663e-02
1.586788630078933011e+03	2.058173814697009385e-01	1.314139206848287111e-01	2.791922415639302435e-01	1.750518114117982083e-01	8.207670990991385029e-02	3.570187215125494168e-02	9.074606280837783923e-02
1.591626400292587959e+03	2.053958729797414062e-01	1.311290213872470245e-01	2.794574982878047509e-01	1.752401130971719123e-01	8.215689542907271548e-02	3.575609769319649384e-02	9.086450112557044323e-02
1.596464170506243590e+03	2.049767854039807879e-01	1.308456787019177947e-01	2.797212326024526297e-01	1.754273353122301204e-01	8.223663041373757698e-02	3.581007275507940707e-02	9.098226481040640190e-02
1.601301940719898766e+03	2.045601048877233041e-01	1.305638840402376377e-01	2.799834538603704903e-01	1.756134840709164258e-01	8.231591731308873783e-02	3.586379826315367475e-02	9.109935756431446208e-02
1.606139710933553943e+03	2.041458176559914628e-01	1.302836288610880744e-01	2.802441713468477036e-01	1.757985653556094485e-01	8.239475856663233677e-02	3.591727514335123217e-02	9.121578307028448129e-02
1.610977481147209119e+03	2.037339100130568514e-01	1.300049046705756828e-01	2.805033942806159364e-01	1.759825851172585887e-01	8.247315660414050731e-02	3.597050432123072988e-02	9.133154499292643613e-02
1.615815251360864750e+03	2.033243683419738712e-01	1.297277030217737492e-01	2.807611318144897505e-01	1.761655492755195285e-01	8.255111384559440935e-02	3.602348672192338258e-02	9.144664697852999957e-02
1.620653021574519926e+03	2.029171791041164408e-01	1.294520155144650853e-01	2.810173930359985417e-01	1.763474637188899019e-01	8.262863270113028624e-02	3.607622327007990043e-02	9.156109265512454853e-02
1.625490791788175102e+03	2.025123288387174758e-01	1.291778337948864264e-01	2.812721869680096520e-01	1.765283343048446307e-01	8.270571557098839455e-02	3.612871488981848206e-02	9.167488563253965717e-02
1.630328562001830505e+03	2.021098041624115049e-01	1.289051495554739968e-01	2.815255225693431007e-01	1.767081668599714828e-01	8.278236484546469542e-02	3.618096250467382757e-02	9.178802950246611747e-02
1.635166332215485909e+03	2.017095917687798945e-01	1.286339545346104896e-01	2.817774087353782653e-01	1.768869671801062138e-01	8.285858290486530775e-02	3.623296703754715770e-02	9.190052783851729301e-02
1.640004102429141085e+03	2.013116784278990712e-01	1.283642405163733791e-01	2.820278542986522918e-01	1.770647410304680702e-01	8.293437211946357024e-02	3.628472941065726681e-02	9.201238419629098608e-02
1.644841872642796488e+03	2.009160509858914090e-01	1.280959993302844546e-01	2.822768680294501231e-01	1.772414941457947091e-01	8.300973484945972647e-02	3.633625054549248501e-02	9.212360211343166572e-02
1.649679642856451665e+03	2.005226963644791971e-01	1.278292228510609085e-01	2.825244586363873101e-01	1.774172322304772564e-01	8.308467344494314955e-02	3.638753136276370176e-02	9.223418510969307038e-02
1.654517413070107068e+03	2.001316015605409393e-01	1.275639029983673955e-01	2.827706347669845521e-01	1.775919609586952830e-01	8.315919024585699537e-02	3.643857278235825697e-02	9.234413668700118538e-02
1.659355183283762244e+03	1.997427536456708730e-01	1.273000317365697576e-01	2.830154050082347439e-01	1.777656859745515294e-01	8.323328758196528454e-02	3.648937572329481738e-02	9.245346032951762272e-02
1.664192953497417420e+03	1.993561397657409862e-01	1.270376010744897755e-01	2.832587778871628048e-01	1.779384128922063824e-01	8.330696777282226018e-02	3.653994110367913412e-02	9.256215950370326462e-02
1.669030723711072824e+03	1.989717471404658100e-01	1.267766030651614195e-01	2.835007618713778488e-01	1.781101472960125442e-01	8.338023312774409113e-02	3.659026984066070937e-02	9.267023765838222626e-02
1.673868493924728000e+03	1.985895630629698483e-01	1.265170298055881826e-01	2.837413653696181370e-01	1.782808947406491762e-01	8.345308594578274008e-02	3.664036285039037888e-02	9.277769822480619322e-02
1.678706264138383403e+03	1.982095748993577822e-01	1.262588734365018284e-01	2.839805967322893143e-01	1.784506607512560683e-01	8.352552851570198278e-02	3.669022104797872719e-02	9.288454461671899476e-02
1.683544034352038352e+03	1.978317700882872565e-01	1.260021261421223893e-01	2.842184642519950399e-01	1.786194508235675327e-01	8.359756311595557821e-02	3.673984534745537711e-02	9.299078023042146868e-02
1.688381804565693983e+03	1.974561361405444415e-01	1.257467801499194959e-01	2.844549761640612906e-01	1.787872704240461852e-01	8.366919201466745115e-02	3.678923666172912582e-02	9.309640844483656197e-02
1.693219574779349159e+03	1.970826606386220092e-01	1.254928277303749284e-01	2.846901406470537244e-01	1.789541249900164777e-01	8.374041746961384536e-02	3.683839590254889967e-02	9.320143262157470909e-02
1.698057344993004335e+03	1.967113312362998578e-01	1.252402611967462220e-01	2.849239658232879946e-01	1.791200199297980911e-01	8.381124172820744733e-02	3.688732398046552091e-02	9.330585610499944615e-02
1.702895115206659511e+03	1.963421356582284172e-01	1.249890729048319243e-01	2.851564597593345685e-01	1.792849606228388570e-01	8.388166702748339754e-02	3.693602180479429314e-02	9.340968222229320550e-02
1.707732885420315142e+03	1.959750616995144801e-01	1.247392552527377824e-01	2.853876304665158292e-01	1.794489524198478181e-01	8.395169559408710569e-02	3.698449028357835705e-02	9.351291428352334623e-02
1.712570655633970318e+03	1.956100972253095871e-01	1.244908006806443590e-01	2.856174859013978495e-01	1.796120006429278992e-01	8.402132964426387018e-02	3.703273032355281630e-02	9.361555558170836511e-02
1.717408425847625494e+03	1.952472301704009927e-01	1.242437016705757041e-01	2.858460339662756144e-01	1.797741105857081911e-01	8.409057138385028773e-02	3.708074283010964756e-02	9.371760939288432957e-02
1.722246196061280898e+03	1.948864485388050738e-01	1.239979507461694552e-01	2.860732825096519716e-01	1.799352875134762608e-01	8.415942300826721734e-02	3.712852870726333909e-02	9.381907897617143555e-02
1.727083966274936301e+03	1.945277404033633195e-01	1.237535404724479787e-01	2.862992393267110303e-01	1.800955366633099075e-01	8.422788670251452059e-02	3.717608885761725102e-02	9.391996757384073191e-02
1.731921736488591478e+03	1.941710939053406804e-01	1.235104634555908854e-01	2.865239121597850103e-01	1.802548632442090015e-01	8.429596464116739796e-02	3.722342418233075267e-02	9.402027841138103914e-02
1.736759506702246881e+03	1.938164972540265263e-01	1.232687123427086556e-01	2.867473086988157616e-01	1.804132724372267127e-01	8.436365898837418220e-02	3.727053558108700537e-02	9.412001469756589578e-02
1.741597276915902057e+03	1.934639387263379362e-01	1.230282798216175283e-01	2.869694365818106774e-01	1.805707693956006277e-01	8.443097189785570000e-02	3.731742395206150142e-02	9.421917962452074080e-02
1.746435047129557461e+03	1.931134066664254023e-01	1.227891586206155544e-01	2.871903033952925011e-01	1.807273592448836730e-01	8.449790551290613239e-02	3.736409019189124159e-02	9.431777636779019314e-02
1.751272817343212637e+03	1.927648894852810879e-01	1.225513415082598451e-01	2.874099166747438594e-01	1.808830470830745385e-01	8.456446196639530455e-02	3.741053519564462720e-02	9.441580808640538669e-02
1.756110587556867813e+03	1.924183756603493889e-01	1.223148212931450401e-01	2.876282839050465223e-01	1.810378379807479898e-01	8.463064338077228022e-02	3.745675985679200459e-02	9.451327792295144414e-02
1.760948357770523216e+03	1.920738537351397435e-01	1.220795908236829153e-01	2.878454125209150560e-01	1.811917369811847922e-01	8.469645186807038539e-02	3.750276506717684782e-02	9.461018900363500628e-02
1.765786127984178393e+03	1.917313123188420232e-01	1.218456429878832792e-01	2.880613099073252026e-01	1.813447491005012180e-01	8.476188952991355052e-02	3.754855171698760069e-02	9.470654443835184455e-02
1.770623898197833569e+03	1.913907400859441998e-01	1.216129707131358845e-01	2.882759833999374299e-01	1.814968793277785819e-01	8.482695845752390162e-02	3.759412069473015011e-02	9.480234732075458470e-02
1.775461668411488745e+03	1.910521257758523161e-01	1.213815669659935870e-01	2.884894402855148754e-01	1.816481326251921102e-01	8.489166073173051719e-02	3.763947288720091711e-02	9.489760072832041649e-02
1.780299438625144376e+03	1.907154581925127046e-01	1.211514247519566989e-01	2.887016878023366817e-01	1.817985139281395324e-01	8.495599842297957283e-02	3.768460917946056532e-02	9.499230772241892828e-02
1.785137208838799552e+03	1.903807262040365933e-01	1.209225371152584383e-01	2.889127331406063925e-01	1.819480281453696169e-01	8.501997359134544352e-02	3.772953045480828549e-02	9.508647134837990011e-02
1.789974979052454728e+03	1.900479187423270155e-01	1.206948971386515856e-01	2.891225834428550190e-01	1.820966801591100415e-01	8.508358828654308259e-02	3.777423759475672521e-02	9.518009463556122152e-02
1.794812749266109904e+03	1.897170248027078843e-01	1.204684979431961678e-01	2.893312458043399427e-01	1.822444748251950686e-01	8.514684454794144153e-02	3.781873147900741833e-02	9.527318059741672618e-02
1.799650519479765535e+03	1.893880334435553980e-01	1.202433326880484460e-01	2.895387272734388784e-01	1.823914169731929713e-01	8.520974440457795840e-02	3.786301298542687349e-02	9.536573223156413759e-02
1.804488289693420711e+03	1.890609337859316952e-01	1.200193945702509313e-01	2.897450348520389518e-01	1.825375114065329041e-01	8.527228987517411485e-02	3.790708299002315540e-02	9.545775251985300081e-02
1.809326059907075887e+03	1.887357150132205896e-01	1.197966768245235653e-01	2.899501754959215583e-01	1.826827629026315514e-01	8.533448296815193679e-02	3.795094236692305584e-02	9.554924442843257260e-02
1.814163830120731291e+03	1.884123663707656937e-01	1.195751727230559697e-01	2.901541561151426696e-01	1.828271762130194433e-01	8.539632568165152204e-02	3.799459198834979207e-02	9.564021090781975321e-02
1.819001600334386467e+03	1.880908771655106226e-01	1.193548755753008755e-01	2.903569835744087002e-01	1.829707560634668273e-01	8.545782000354949781e-02	3.803803272460124646e-02	9.573065489296699038e-02
1.823839370548041643e+03	1.877712367656414472e-01	1.191357787277686903e-01	2.905586646934480988e-01	1.831135071541092063e-01	8.551896791147840793e-02	3.808126544402873348e-02	9.582057930333015561e-02
1.828677140761696819e+03	1.874534346002311724e-01	1.189178755638230500e-01	2.907592062473783878e-01	1.832554341595725167e-01	8.557977137284691893e-02	3.812429101301626627e-02	9.590998704293642041e-02
1.833514910975352450e+03	1.871374601588864928e-01	1.187011595034775657e-01	2.909586149670693178e-01	1.833965417290979172e-01	8.564023234486098368e-02	3.816711029596035754e-02	9.599888100045202155e-02
1.838352681189008081e+03	1.868233029913966559e-01	1.184856240031936653e-01	2.911568975395019687e-01	1.835368344866661616e-01	8.570035277454575440e-02	3.820972415525028532e-02	9.608726404925012343e-02
1.843190451402663257e+03	1.865109527073844087e-01	1.182712625556795183e-01	2.913540606081231887e-01	1.836763170311216942e-01	8.576013459876834222e-02	3.825213345124891390e-02	9.617513904747850007e-02
1.848028221616318433e+03	1.862003989759590805e-01	1.180580686896899600e-01	2.915501107731966468e-01	1.838149939362963281e-01	8.581957974426136782e-02	3.829433904227388247e-02	9.626250883812723091e-02
1.852865991829973609e+03	1.858916315253717477e-01	1.178460359698276227e-01	2.917450545921497218e-01	1.839528697511324806e-01	8.587869012764723364e-02	3.833634178457938357e-02	9.634937624909636900e-02
1.857703762043628785e+03	1.855846401426723136e-01	1.176351579963450800e-01	2.919388985799162284e-01	1.840899489998059912e-01	8.593746765546313171e-02	3.837814253233837181e-02	9.643574409326345631e-02
1.862541532257283961e+03	1.852794146733690861e-01	1.174254284049480734e-01	2.921316492092758121e-01	1.842262361818486072e-01	8.599591422418675912e-02	3.841974213762519574e-02	9.652161516855103929e-02
1.867379302470939592e+03	1.849759450210898826e-01	1.172168408665997252e-01	2.923233129111892370e-01	1.843617357722701633e-01	8.605403172026276915e-02	3.846114145039870869e-02	9.660699225799410095e-02
1.872217072684594768e+03	1.846742211472454653e-01	1.170093890873259573e-01	2.925138960751298978e-01	1.844964522216801794e-01	8.611182202012977738e-02	3.850234131848583735e-02	9.669187812980739594e-02
1.877054842898249490e+03	1.843742330706950039e-01	1.168030668080218409e-01	2.927034050494121131e-01	1.846303899564092077e-01	8.616928699024810345e-02	3.854334258756555998e-02	9.677627553745270228e-02
1.881892613111905121e+03	1.840759708674133965e-01	1.165978678042590283e-01	2.928918461415151442e-01	1.847635533786295692e-01	8.622642848712805397e-02	3.858414610115333543e-02	9.686018721970598988e-02
1.886730383325560297e+03	1.837794246701607848e-01	1.163937858860942115e-01	2.930792256184041600e-01	1.848959468664759798e-01	8.628324835735885767e-02	3.862475270058592092e-02	9.694361590072453350e-02
1.891568153539215928e+03	1.834845846681537607e-01	1.161908148978786914e-01	2.932655497068477612e-01	1.850275747741655097e-01	8.633974843763816964e-02	3.866516322500664765e-02	9.702656429011384531e-02
1.896405923752871104e+03	1.831914411067388782e-01	1.159889487180688766e-01	2.934508245937317295e-01	1.851584414321172656e-01	8.639593055480204731e-02	3.870537851135107815e-02	9.710903508299455200e-02
1.901243693966526507e+03	1.828999842870678016e-01	1.157881812590379061e-01	2.936350564263693896e-01	1.852885511470715729e-01	8.645179652585559260e-02	3.874539939433305213e-02	9.719103096006916076e-02
1.906081464180181683e+03	1.826102045657747308e-01	1.155885064668881468e-01	2.938182513128089202e-01	1.854179082022088532e-01	8.650734815800396882e-02	3.878522670643116954e-02	9.727255458768871432e-02
1.910919234393836859e+03	1.823220923546554073e-01	1.153899183212649115e-01	2.940004153221372207e-01	1.855465168572679180e-01	8.656258724868402810e-02	3.882486127787560665e-02	9.735360861791932108e-02
1.915757004607492036e+03	1.820356381203483698e-01	1.151924108351710108e-01	2.941815544847807273e-01	1.856743813486640138e-01	8.661751558559638298e-02	3.886430393663536237e-02	9.743419568860858804e-02
1.920594774821147894e+03	1.817508323840177908e-01	1.149959780547823995e-01	2.943616747928023414e-01	1.858015058896063387e-01	8.667213494673785268e-02	3.890355550840584459e-02	9.751431842345187340e-02
1.925432545034802843e+03	1.814676657210385069e-01	1.148006140592647967e-01	2.945407822001961939e-01	1.859278946702152269e-01	8.672644710043449223e-02	3.894261681659685198e-02	9.759397943205844195e-02
1.930270315248458019e+03	1.811861287606826854e-01	1.146063129605912889e-01	2.947188826231785241e-01	1.860535518576386660e-01	8.678045380537491305e-02	3.898148868232087505e-02	9.767318131001753723e-02
1.935108085462113195e+03	1.809062121858085181e-01	1.144130689033609760e-01	2.948959819404760596e-01	1.861784815961687600e-01	8.683415681064413083e-02	3.902017192438180654e-02	9.775192663896423162e-02
1.939945855675768371e+03	1.806279067325506915e-01	1.142208760646185595e-01	2.950720859936108997e-01	1.863026880073574421e-01	8.688755785575769108e-02	3.905866735926397798e-02	9.783021798664520707e-02
1.944783625889424002e+03	1.803512031900127710e-01	1.140297286536748889e-01	2.952472005871827898e-01	1.864261751901318820e-01	8.694065867069628029e-02	3.909697580112150850e-02	9.790805790698429989e-02
1.949621396103079178e+03	1.800760923999613072e-01	1.138396209119285213e-01	2.954213314891483422e-01	1.865489472209095057e-01	8.699346097594057303e-02	3.913509806176805605e-02	9.798544894014804552e-02
1.954459166316734354e+03	1.798025652565218846e-01	1.136505471126882938e-01	2.955944844310973152e-01	1.866710081537125421e-01	8.704596648250655100e-02	3.917303495066686014e-02	9.806239361261091803e-02
1.959296936530389530e+03	1.795306127058768908e-01	1.134625015609967424e-01	2.957666651085260057e-01	1.867923620202820434e-01	8.709817689198107171e-02	3.921078727492111754e-02	9.813889443722051409e-02
1.964134706744044706e+03	1.792602257459650628e-01	1.132754785934546038e-01	2.959378791811081988e-01	1.869130128301915994e-01	8.715009389655777039e-02	3.924835583926464255e-02	9.821495391326255653e-02
1.968972476957700337e+03	1.789913954261829199e-01	1.130894725780461768e-01	2.961081322729628984e-01	1.870329645709605526e-01	8.720171917907323933e-02	3.928574144605294360e-02	9.829057452652570359e-02
1.973810247171355968e+03	1.787241128470879736e-01	1.129044779139656840e-01	2.962774299729196703e-01	1.871522212081667136e-01	8.725305441304358200e-02	3.932294489525451492e-02	9.836575874936630270e-02
1.978648017385010689e+03	1.784583691601035194e-01	1.127204890314445901e-01	2.964457778347809325e-01	1.872707866855588821e-01	8.730410126270113369e-02	3.935996698444245434e-02	9.844050904077282504e-02
1.983485787598666320e+03	1.781941555672254263e-01	1.125375003915798228e-01	2.966131813775823023e-01	1.873886649251685910e-01	8.735486138303154291e-02	3.939680850878642115e-02	9.851482784643025847e-02
1.988323557812321269e+03	1.779314633207304541e-01	1.123555064861629788e-01	2.967796460858493357e-01	1.875058598274215726e-01	8.740533641981096391e-02	3.943347026104483677e-02	9.858871759878425067e-02
1.993161328025976900e+03	1.776702837228864296e-01	1.121745018375103625e-01	2.969451774098524899e-01	1.876223752712488924e-01	8.745552800964366547e-02	3.946995303155742540e-02	9.866218071710514126e-02
1.997999098239632076e+03	1.774106081256640044e-01	1.119944809982941214e-01	2.971097807658594214e-01	1.877382151141973876e-01	8.750543777999972295e-02	3.950625760823798377e-02	9.873521960755181348e-02
2.002836868453287707e+03	1.771524279304504124e-01	1.118154385513741161e-01	2.972734615363842869e-01	1.878533831925399133e-01	8.755506734925294632e-02	3.954238477656748380e-02	9.880783666323525449e-02
2.007674638666942428e+03	1.768957345877645304e-01	1.116373691096308046e-01	2.974362250704353783e-01	1.879678833213849765e-01	8.760441832671914120e-02	3.957833531958741130e-02	9.888003426428212950e-02
2.012512408880597604e+03	1.766405195969739661e-01	1.114602673157990831e-01	2.975980766837595937e-01	1.880817192947859817e-01	8.765349231269428665e-02	3.961411001789341690e-02	9.895181477789802282e-02
2.017350179094252780e+03	1.763867745060135328e-01	1.112841278423029184e-01	2.977590216590848549e-01	1.881948948858500337e-01	8.770229089849322646e-02	3.964970964962918898e-02	9.902318055843052635e-02
2.022187949307908411e+03	1.761344909111056123e-01	1.111089453910909380e-01	2.979190652463602484e-01	1.883074138468463776e-01	8.775081566648826326e-02	3.968513499048061804e-02	9.909413394743223080e-02
2.027025719521564042e+03	1.758836604564820716e-01	1.109347146934729494e-01	2.980782126629936135e-01	1.884192799093140913e-01	8.779906819014801633e-02	3.972038681367019014e-02	9.916467727372334229e-02
2.031863489735218764e+03	1.756342748341078452e-01	1.107614305099573343e-01	2.982364690940868535e-01	1.885304967841697210e-01	8.784705003407647372e-02	3.975546588995167163e-02	9.923481285345435443e-02
2.036701259948874394e+03	1.753863257834061273e-01	1.105890876300892611e-01	2.983938396926691938e-01	1.886410681618142793e-01	8.789476275405204431e-02	3.979037298760501606e-02	9.930454299016830411e-02
2.041539030162529116e+03	1.751398050909851734e-01	1.104176808722899389e-01	2.985503295799278867e-01	1.887509977122397709e-01	8.794220789706692909e-02	3.982510887243151387e-02	9.937386997486295781e-02
2.046376800376184747e+03	1.748947045903668229e-01	1.102472050836965922e-01	2.987059438454370830e-01	1.888602890851352467e-01	8.798938700136642310e-02	3.985967430774920578e-02	9.944279608605276211e-02
2.051214570589840150e+03	1.746510161617163825e-01	1.100776551400033387e-01	2.988606875473841518e-01	1.889689459099926916e-01	8.803630159648843934e-02	3.989407005438849046e-02	9.951132358983064141e-02
2.056052340803495554e+03	1.744087317315744234e-01	1.099090259453030655e-01	2.990145657127940004e-01	1.890769717962119956e-01	8.808295320330308820e-02	3.992829687068799593e-02	9.957945473992951824e-02
2.060890111017150957e+03	1.741678432725899395e-01	1.097413124319299993e-01	2.991675833377513971e-01	1.891843703332058702e-01	8.812934333405245124e-02	3.996235551249069373e-02	9.964719177778369463e-02
2.065727881230805451e+03	1.739283428032550871e-01	1.095745095603032210e-01	2.993197453876211278e-01	1.892911450905042092e-01	8.817547349239021615e-02	3.999624673314017276e-02	9.971453693259001161e-02
2.070565651444461309e+03	1.736902223876415630e-01	1.094086123187710813e-01	2.994710567972658222e-01	1.893972996178578672e-01	8.822134517342167248e-02	4.002997128347722533e-02	9.978149242136881425e-02
2.075403421658116713e+03	1.734534741351385356e-01	1.092436157234563526e-01	2.996215224712621139e-01	1.895028374453421594e-01	8.826695986374355485e-02	4.006352991183654427e-02	9.984806044902470867e-02
2.080241191871772116e+03	1.732180902001919931e-01	1.090795148181023660e-01	2.997711472841148028e-01	1.896077620834598632e-01	8.831231904148402478e-02	4.009692336404373919e-02	9.991424320840709694e-02
2.085078962085427065e+03	1.729840627820458387e-01	1.089163046739198282e-01	2.999199360804687964e-01	1.897120770232437192e-01	8.835742417634276369e-02	4.013015238341247071e-02	9.998004288037053156e-02
2.089916732299082469e+03	1.727513841244843196e-01	1.087539803894346513e-01	3.000678936753187753e-01	1.898157857363585721e-01	8.840227672963098249e-02	4.016321771074184144e-02	1.000454616338348063e-01
2.094754502512737417e+03	1.725200465155760365e-01	1.085925370903365189e-01	3.002150248542179156e-01	1.899188916752029554e-01	8.844687815431161171e-02	4.019612008431396044e-02	1.001105016258449776e-01
2.099592272726392821e+03	1.722900422874194259e-01	1.084319699293282285e-01	3.003613343734837793e-01	1.900213982730103723e-01	8.849122989503939440e-02	4.022886023989176441e-02	1.001751650016309558e-01
2.104430042940048224e+03	1.720613638158898229e-01	1.082722740859760335e-01	3.005068269604029285e-01	1.901233089439500479e-01	8.853533338820111787e-02	4.026143891071694292e-02	1.002394538946670965e-01
2.109267813153704083e+03	1.718340035203879401e-01	1.081134447665606235e-01	3.006515073134328753e-01	1.902246270832271824e-01	8.857919006195578981e-02	4.029385682750809272e-02	1.003033704267314308e-01
2.114105583367359031e+03	1.716079538635898460e-01	1.079554772039290483e-01	3.007953801024033647e-01	1.903253560671828992e-01	8.862280133627485623e-02	4.032611471845912177e-02	1.003669167079647706e-01
2.118943353581013525e+03	1.713832073511983300e-01	1.077983666573473359e-01	3.009384499687149384e-01	1.904254992533936097e-01	8.866616862298244695e-02	4.035821330923774347e-02	1.004300948369295926e-01
2.123781123794669384e+03	1.711597565316959335e-01	1.076421084123540539e-01	3.010807215255357216e-01	1.905250599807700174e-01	8.870929332579552407e-02	4.039015332298418609e-02	1.004929069006685882e-01
2.128618894008324787e+03	1.709375939960990909e-01	1.074866977806146207e-01	3.012221993579971002e-01	1.906240415696557333e-01	8.875217684036416921e-02	4.042193548031010331e-02	1.005553549747632003e-01
2.133456664221980191e+03	1.707167123777141859e-01	1.073321300997763517e-01	3.013628880233871210e-01	1.907224473219251981e-01	8.879482055431174581e-02	4.045356049929764441e-02	1.006174411233917709e-01
2.138294434435635139e+03	1.704971043518944407e-01	1.071784007333243943e-01	3.015027920513422832e-01	1.908202805210816033e-01	8.883722584727511695e-02	4.048502909549869105e-02	1.006791673993875508e-01
2.143132204649290543e+03	1.702787626357988304e-01	1.070255050704383426e-01	3.016419159440376641e-01	1.909175444323537585e-01	8.887939409094476606e-02	4.051634198193423964e-02	1.007405358442964305e-01
2.147969974862945492e+03	1.700616799881520258e-01	1.068734385258498509e-01	3.017802641763753235e-01	1.910142423027932079e-01	8.892132664910501472e-02	4.054749986909401277e-02	1.008015484884346030e-01
2.152807745076601350e+03	1.698458492090058336e-01	1.067221965397007616e-01	3.019178411961711550e-01	1.911103773613703760e-01	8.896302487767403233e-02	4.057850346493618171e-02	1.008622073509457817e-01
2.157645515290255844e+03	1.696312631395019699e-01	1.065717745774022035e-01	3.020546514243399039e-01	1.912059528190704627e-01	8.900449012474399846e-02	4.060935347488724145e-02	1.009225144398583768e-01
2.162483285503912157e+03	1.694179146616364429e-01	1.064221681294943850e-01	3.021906992550787985e-01	1.913009718689890337e-01	8.904572373062104307e-02	4.064005060184210094e-02	1.009824717521423665e-01
2.167321055717567106e+03	1.692057966980250461e-01	1.062733727115071913e-01	3.023259890560495156e-01	1.913954376864268614e-01	8.908672702786531172e-02	4.067059554616424266e-02	1.010420812737659740e-01
2.172158825931222509e+03	1.689949022116704891e-01	1.061253838638215041e-01	3.024605251685583696e-01	1.914893534289846821e-01	8.912750134133087809e-02	4.070098900568612510e-02	1.011013449797521224e-01
2.176996596144877003e+03	1.687852242057305829e-01	1.059781971515313531e-01	3.025943119077352250e-01	1.915827222366571492e-01	8.916804798820554545e-02	4.073123167570966152e-02	1.011602648342346811e-01
2.181834366358532861e+03	1.685767557232880631e-01	1.058318081643067343e-01	3.027273535627106327e-01	1.916755472319267850e-01	8.920836827805075919e-02	4.076132424900689305e-02	1.012188427905143934e-01
2.186672136572187810e+03	1.683694898471214396e-01	1.056862125162573163e-01	3.028596543967916332e-01	1.917678315198570183e-01	8.924846351284133894e-02	4.079126741582075888e-02	1.012770807911147486e-01
2.191509906785843214e+03	1.681634196994777342e-01	1.055414058457966875e-01	3.029912186476359515e-01	1.918595781881852202e-01	8.928833498700511351e-02	4.082106186386605384e-02	1.013349807678374653e-01
2.196347676999498617e+03	1.679585384418458283e-01	1.053973838155076170e-01	3.031220505274249133e-01	1.919507903074149646e-01	8.932798398746259749e-02	4.085070827833046925e-02	1.013925446418178777e-01
2.201185447213154021e+03	1.677548392747316708e-01	1.052541421120077869e-01	3.032521542230341982e-01	1.920414709309081758e-01	8.936741179366654297e-02	4.088020734187585575e-02	1.014497743235800303e-01
2.206023217426809424e+03	1.675523154374345403e-01	1.051116764458165237e-01	3.033815338962043140e-01	1.921316230949765280e-01	8.940661967764131079e-02	4.090955973463950707e-02	1.015066717130915230e-01
2.210860987640464373e+03	1.673509602078248892e-01	1.049699825512220297e-01	3.035101936837084624e-01	1.922212498189725949e-01	8.944560890402236675e-02	4.093876613423566568e-02	1.015632386998182451e-01
2.215698757854119776e+03	1.671507669021229936e-01	1.048290561861494885e-01	3.036381376975198498e-01	1.923103541053806376e-01	8.948438073009550020e-02	4.096782721575711883e-02	1.016194771627787347e-01
2.220536528067775180e+03	1.669517288746793782e-01	1.046888931320298782e-01	3.037653700249768884e-01	1.923989389399067829e-01	8.952293640583607048e-02	4.099674365177693319e-02	1.016753889705984265e-01
2.225374298281430583e+03	1.667538395177562971e-01	1.045494891936694370e-01	3.038918947289477868e-01	1.924870072915688402e-01	8.956127717394808674e-02	4.102551611235025902e-02	1.017309759815636372e-01
2.230212068495085077e+03	1.665570922613105187e-01	1.044108401991199614e-01	3.040177158479931419e-01	1.925745621127857576e-01	8.959940426990327389e-02	4.105414526501637018e-02	1.017862400436753134e-01
2.235049838708740936e+03	1.663614805727773038e-01	1.042729419995497009e-01	3.041428373965275322e-01	1.926616063394666345e-01	8.963731892197997209e-02	4.108263177480069028e-02	1.018411829947025310e-01
2.239887608922396339e+03	1.661669979568558553e-01	1.041357904691150582e-01	3.042672633649793346e-01	1.927481428910992611e-01	8.967502235130193899e-02	4.111097630421703397e-02	1.018958066622358966e-01
2.244725379136052197e+03	1.659736379552957664e-01	1.039993815048329273e-01	3.043909977199498740e-01	1.928341746708382154e-01	8.971251577187713822e-02	4.113917951326991063e-02	1.019501128637405329e-01
2.249563149349706237e+03	1.657813941466848295e-01	1.038637110264538088e-01	3.045140444043708539e-01	1.929197045655927090e-01	8.974980039063625015e-02	4.116724205945696685e-02	1.020041034066089813e-01
2.254400919563362095e+03	1.655902601462380663e-01	1.037287749763355083e-01	3.046364073376605086e-01	1.930047354461136566e-01	8.978687740747127999e-02	4.119516459777151918e-02	1.020577800882138259e-01
2.259238689777017044e+03	1.654002296055881449e-01	1.035945693193176947e-01	3.047580904158784798e-01	1.930892701670808842e-01	8.982374801527387431e-02	4.122294778070520471e-02	1.021111446959601099e-01
2.264076459990672902e+03	1.652112962125765472e-01	1.034610900425969732e-01	3.048790975118796376e-01	1.931733115671892820e-01	8.986041339997369315e-02	4.125059225825075671e-02	1.021641990073374751e-01
