1.001418434226643626e+03	2.824419518446921185e-01	1.772214368860909328e-01	2.335388609927180059e-01	1.406466458138944942e-01	6.885408005354090588e-02	2.732956039613292087e-02	6.996746401290929174e-02
1.002869765290740247e+03	2.821882279699274854e-01	1.770532332516582819e-01	2.337129703674732106e-01	1.407536001297562123e-01	6.889854702612860371e-02	2.735740224334293549e-02	7.003601901169191624e-02
1.004321096354836754e+03	2.819349364336332098e-01	1.768853163914383686e-01	2.338867621043599077e-01	1.408603730924496145e-01	6.894294000920529741e-02	2.738521186685351563e-02	7.010446010203864875e-02
1.005772427418933376e+03	2.816820764967204460e-01	1.767176858143717777e-01	2.340602367772740000e-01	1.409669650536134744e-01	6.898725913827559453e-02	2.741298926390860202e-02	7.017278745581460864e-02
1.007223758483029997e+03	2.814296474213745514e-01	1.765503410302508291e-01	2.342333949590384712e-01	1.410733763639592242e-01	6.903150454853283768e-02	2.744073443200070045e-02	7.024100124482182683e-02
1.008675089547126618e+03	2.811776484710531432e-01	1.763832815497179130e-01	2.344062372214058276e-01	1.411796073732747570e-01	6.907567637486018708e-02	2.746844736886937255e-02	7.030910164079719193e-02
1.010126420611223239e+03	2.809260789104834899e-01	1.762165068842642401e-01	2.345787641350606523e-01	1.412856584304283680e-01	6.911977475183161967e-02	2.749612807249975782e-02	7.037708881541029915e-02
1.011577751675319632e+03	2.806749380056604570e-01	1.760500165462279276e-01	2.347509762696220192e-01	1.413915298833724743e-01	6.916379981371303942e-02	2.752377654112107136e-02	7.044496294026142413e-02
1.013029082739416367e+03	2.804242250238442313e-01	1.758838100487927769e-01	2.349228741936459919e-01	1.414972220791474444e-01	6.920775169446329034e-02	2.755139277320514321e-02	7.051272418687945520e-02
1.014480413803512761e+03	2.801739392335581558e-01	1.757178869059865534e-01	2.350944584746281485e-01	1.416027353638854291e-01	6.925163052773521122e-02	2.757897676746492999e-02	7.058037272671986717e-02
1.015931744867609382e+03	2.799240799045863981e-01	1.755522466326795428e-01	2.352657296790058861e-01	1.417080700828139972e-01	6.929543644687662096e-02	2.760652852285307851e-02	7.064790873116272296e-02
1.017383075931706003e+03	2.796746463079716194e-01	1.753868887445830804e-01	2.354366883721610848e-01	1.418132265802599101e-01	6.933916958493142879e-02	2.763404803856044090e-02	7.071533237151070295e-02
1.018834406995802851e+03	2.794256377160128646e-01	1.752218127582478580e-01	2.356073351184222731e-01	1.419182051996529248e-01	6.938283007464060570e-02	2.766153531401464860e-02	7.078264381898712043e-02
1.020285738059899245e+03	2.791770534022633421e-01	1.750570181910625078e-01	2.357776704810672364e-01	1.420230062835292628e-01	6.942641804844322528e-02	2.768899034887865873e-02	7.084984324473402040e-02
1.021737069123995752e+03	2.789288926415281478e-01	1.748925045612521600e-01	2.359476950223253766e-01	1.421276301735355241e-01	6.946993363847746294e-02	2.771641314304932463e-02	7.091693081981026436e-02
1.023188400188092373e+03	2.786811547098621000e-01	1.747282713878767768e-01	2.361174093033800991e-01	1.422320772104321285e-01	6.951337697658160897e-02	2.774380369665596646e-02	7.098390671518957362e-02
1.024639731252188767e+03	2.784338388845674639e-01	1.745643181908297648e-01	2.362868138843711996e-01	1.423363477340969518e-01	6.955674819429505384e-02	2.777116201005895568e-02	7.105077110175879451e-02
1.026091062316285615e+03	2.781869444441917860e-01	1.744006444908364206e-01	2.364559093243972787e-01	1.424404420835290730e-01	6.960004742285938462e-02	2.779848808384829603e-02	7.111752415031594166e-02
1.027542393380382237e+03	2.779404706685256743e-01	1.742372498094524047e-01	2.366246961815181293e-01	1.425443605968521321e-01	6.964327479321920367e-02	2.782578191884221494e-02	7.118416603156839384e-02
1.028993724444478858e+03	2.776944168386006884e-01	1.740741336690622976e-01	2.367931750127569845e-01	1.426481036113180778e-01	6.968643043602328058e-02	2.785304351608578269e-02	7.125069691613111766e-02
1.030445055508575479e+03	2.774487822366867862e-01	1.739112955928780180e-01	2.369613463741030435e-01	1.427516714633105532e-01	6.972951448162544030e-02	2.788027287684949687e-02	7.131711697452489118e-02
1.031896386572671872e+03	2.772035661462906031e-01	1.737487351049374629e-01	2.371292108205136362e-01	1.428550644883485043e-01	6.977252706008557626e-02	2.790747000262791197e-02	7.138342637717451367e-02
1.033347717636768493e+03	2.769587678521529539e-01	1.735864517301029253e-01	2.372967689059166663e-01	1.429582830210896216e-01	6.981546830117063562e-02	2.793463489513826198e-02	7.144962529440709864e-02
1.034799048700865114e+03	2.767143866402468344e-01	1.734244449940595678e-01	2.374640211832129977e-01	1.430613273953338371e-01	6.985833833435557694e-02	2.796176755631907263e-02	7.151571389645028365e-02
1.036250379764961508e+03	2.764704217977750900e-01	1.732627144233140348e-01	2.376309682042785920e-01	1.431641979440266832e-01	6.990113728882429989e-02	2.798886798832880829e-02	7.158169235343062042e-02
1.037701710829058356e+03	2.762268726131683616e-01	1.731012595451928981e-01	2.377976105199669510e-01	1.432668949992628726e-01	6.994386529347064452e-02	2.801593619354452586e-02	7.164756083537186793e-02
1.039153041893154750e+03	2.759837383760828100e-01	1.729400798878412415e-01	2.379639486801113646e-01	1.433694188922895740e-01	6.998652247689934880e-02	2.804297217456049734e-02	7.171331951219328538e-02
1.040604372957251599e+03	2.757410183773980616e-01	1.727791749802211063e-01	2.381299832335272149e-01	1.434717699535098534e-01	7.002910896742699232e-02	2.806997593418688458e-02	7.177896855370806406e-02
1.042055704021347992e+03	2.754987119092147663e-01	1.726185443521101037e-01	2.382957147280143073e-01	1.435739485124860604e-01	7.007162489308291220e-02	2.809694747544839652e-02	7.184450812962164812e-02
1.043507035085444613e+03	2.752568182648529871e-01	1.724581875340998605e-01	2.384611437103589804e-01	1.436759548979431034e-01	7.011407038161017458e-02	2.812388680158295004e-02	7.190993840953015248e-02
1.044958366149541234e+03	2.750153367388494252e-01	1.722981040575946587e-01	2.386262707263365201e-01	1.437777894377718635e-01	7.015644556046651825e-02	2.815079391604036196e-02	7.197525956291882243e-02
1.046409697213637855e+03	2.747742666269556988e-01	1.721382934548098542e-01	2.387910963207134363e-01	1.438794524590324975e-01	7.019875055682524290e-02	2.817766882248100638e-02	7.204047175916040990e-02
1.047861028277734476e+03	2.745336072261360671e-01	1.719787552587705159e-01	2.389556210372495160e-01	1.439809442879576573e-01	7.024098549757618049e-02	2.820451152477453441e-02	7.210557516751366081e-02
1.049312359341831097e+03	2.742933578345652657e-01	1.718194890033098721e-01	2.391198454187003219e-01	1.440822652499558210e-01	7.028315050932661123e-02	2.823132202699853849e-02	7.217056995712180234e-02
1.050763690405927491e+03	2.740535177516261744e-01	1.716604942230679498e-01	2.392837700068191076e-01	1.441834156696145119e-01	7.032524571840213790e-02	2.825810033343727559e-02	7.223545629701100257e-02
1.052215021470024112e+03	2.738140862779081530e-01	1.715017704534900767e-01	2.394473953423593426e-01	1.442843958707035468e-01	7.036727125084765722e-02	2.828484644858036273e-02	7.230023435608892712e-02
1.053666352534120733e+03	2.735750627152047088e-01	1.713433172308254371e-01	2.396107219650767672e-01	1.443852061761782546e-01	7.040922723242823422e-02	2.831156037712148979e-02	7.236490430314324040e-02
1.055117683598217127e+03	2.733364463665109434e-01	1.711851340921256570e-01	2.397737504137315845e-01	1.444858469081826413e-01	7.045111378862997653e-02	2.833824212395715664e-02	7.242946630684010678e-02
1.056569014662313975e+03	2.730982365360221098e-01	1.710272205752432773e-01	2.399364812260907365e-01	1.445863183880526370e-01	7.049293104466104742e-02	2.836489169418537903e-02	7.249392053572288608e-02
1.058020345726410369e+03	2.728604325291311139e-01	1.708695762188304490e-01	2.400989149389299859e-01	1.446866209363191769e-01	7.053467912545241525e-02	2.839150909310443963e-02	7.255826715821057926e-02
1.059471676790506763e+03	2.726230336524263498e-01	1.707122005623373517e-01	2.402610520880361644e-01	1.447867548727113096e-01	7.057635815565882487e-02	2.841809432621161466e-02	7.262250634259653781e-02
1.060923007854603611e+03	2.723860392136898678e-01	1.705550931460108055e-01	2.404228932082093373e-01	1.448867205161595006e-01	7.061796825965971358e-02	2.844464739920192844e-02	7.268663825704700654e-02
1.062374338918700232e+03	2.721494485218949877e-01	1.703982535108928831e-01	2.405844388332649408e-01	1.449865181847985740e-01	7.065950956156001606e-02	2.847116831796689743e-02	7.275066306959979134e-02
1.063825669982796853e+03	2.719132608872045220e-01	1.702416811988195500e-01	2.407456894960359473e-01	1.450861481959707933e-01	7.070098218519106636e-02	2.849765708859329505e-02	7.281458094816292692e-02
1.065277001046893474e+03	2.716774756209683339e-01	1.700853757524189713e-01	2.409066457283750573e-01	1.451856108662289979e-01	7.074238625411154169e-02	2.852411371736191317e-02	7.287839206051330287e-02
1.066728332110990095e+03	2.714420920357213385e-01	1.699293367151104850e-01	2.410673080611566710e-01	1.452849065113396565e-01	7.078372189160821171e-02	2.855053821074633735e-02	7.294209657429538696e-02
1.068179663175086489e+03	2.712071094451816711e-01	1.697735636311027974e-01	2.412276770242792467e-01	1.453840354462858642e-01	7.082498922069691005e-02	2.857693057541171172e-02	7.300569465701990668e-02
1.069630994239183110e+03	2.709725271642481892e-01	1.696180560453927622e-01	2.413877531466672444e-01	1.454829979852703681e-01	7.086618836412332534e-02	2.860329081821353855e-02	7.306918647606260031e-02
1.071082325303279504e+03	2.707383445089988072e-01	1.694628135037640204e-01	2.415475369562733732e-01	1.455817944417185650e-01	7.090731944436388934e-02	2.862961894619645356e-02	7.313257219866294012e-02
1.072533656367376352e+03	2.705045607966880539e-01	1.693078355527853907e-01	2.417070289800805349e-01	1.456804251282815543e-01	7.094838258362665129e-02	2.865591496659302892e-02	7.319585199192281399e-02
1.073984987431472746e+03	2.702711753457451849e-01	1.691531217398097031e-01	2.418662297441040998e-01	1.457788903568389138e-01	7.098937790385206892e-02	2.868217888682256245e-02	7.325902602280542908e-02
1.075436318495569594e+03	2.700381874757722400e-01	1.689986716129721900e-01	2.420251397733938770e-01	1.458771904385018636e-01	7.103030552671391051e-02	2.870841071448990492e-02	7.332209445813396564e-02
1.076887649559666215e+03	2.698055965075416562e-01	1.688444847211891808e-01	2.421837595920362518e-01	1.459753256836160973e-01	7.107116557362003206e-02	2.873461045738425965e-02	7.338505746459046686e-02
1.078338980623762609e+03	2.695734017629945467e-01	1.686905606141566871e-01	2.423420897231561566e-01	1.460732964017646407e-01	7.111195816571329320e-02	2.876077812347798898e-02	7.344791520871458979e-02
1.079790311687859230e+03	2.693416025652383694e-01	1.685368988423490422e-01	2.425001306889193464e-01	1.461711029017708774e-01	7.115268342387230660e-02	2.878691372092547288e-02	7.351066785690246741e-02
1.081241642751955851e+03	2.691101982385449842e-01	1.683834989570174301e-01	2.426578830105342588e-01	1.462687454917013241e-01	7.119334146871235391e-02	2.881301725806190150e-02	7.357331557540555678e-02
1.082692973816052472e+03	2.688791881083487101e-01	1.682303605101885813e-01	2.428153472082541786e-01	1.463662244788686007e-01	7.123393242058613517e-02	2.883908874340214423e-02	7.363585853032947326e-02
1.084144304880149093e+03	2.686485715012440489e-01	1.680774830546632737e-01	2.429725238013792366e-01	1.464635401698341222e-01	7.127445639958461532e-02	2.886512818563956653e-02	7.369829688763289421e-02
1.085595635944245487e+03	2.684183477449838540e-01	1.679248661440150836e-01	2.431294133082584352e-01	1.465606928704110967e-01	7.131491352553788465e-02	2.889113559364488854e-02	7.376063081312643488e-02
1.087046967008342108e+03	2.681885161684772756e-01	1.677725093325888872e-01	2.432860162462917586e-01	1.466576828856672454e-01	7.135530391801589434e-02	2.891711097646504705e-02	7.382286047247156591e-02
1.088498298072438729e+03	2.679590761017875411e-01	1.676204121754995280e-01	2.434423331319321149e-01	1.467545105199276334e-01	7.139562769632931682e-02	2.894305434332204371e-02	7.388498603117947539e-02
1.089949629136535123e+03	2.677300268761300672e-01	1.674685742286304846e-01	2.435983644806873627e-01	1.468511760767774732e-01	7.143588497953035077e-02	2.896896570361180701e-02	7.394700765461008352e-02
1.091400960200631971e+03	2.675013678238705173e-01	1.673169950486324276e-01	2.437541108071223372e-01	1.469476798590648170e-01	7.147607588641348431e-02	2.899484506690307856e-02	7.400892550797093239e-02
1.092852291264728365e+03	2.672730982785225806e-01	1.671656741929218870e-01	2.439095726248608209e-01	1.470440221689034155e-01	7.151620053551634160e-02	2.902069244293627170e-02	7.407073975631617291e-02
1.094303622328825213e+03	2.670452175747461965e-01	1.670146112196798094e-01	2.440647504465877082e-01	1.471402033076754101e-01	7.155625904512044611e-02	2.904650784162236821e-02	7.413245056454553783e-02
1.095754953392921607e+03	2.668177250483452223e-01	1.668638056878503362e-01	2.442196447840506990e-01	1.472362235760340532e-01	7.159625153325202551e-02	2.907229127304179761e-02	7.419405809740331481e-02
1.097206284457018228e+03	2.665906200362657685e-01	1.667132571571393607e-01	2.443742561480625186e-01	1.473320832739064001e-01	7.163617811768277499e-02	2.909804274744334091e-02	7.425556251947736108e-02
1.098657615521114849e+03	2.663639018765938671e-01	1.665629651880130568e-01	2.445285850485027779e-01	1.474277827004960573e-01	7.167603891593068988e-02	2.912376227524300989e-02	7.431696399519813201e-02
1.100108946585211470e+03	2.661375699085536950e-01	1.664129293416966859e-01	2.446826319943199712e-01	1.475233221542857631e-01	7.171583404526075955e-02	2.914944986702297167e-02	7.437826268883766800e-02
1.101560277649308091e+03	2.659116234725055761e-01	1.662631491801732364e-01	2.448363974935335030e-01	1.476187019330401640e-01	7.175556362268586952e-02	2.917510553353044878e-02	7.443945876450867860e-02
1.103011608713404712e+03	2.656860619099438714e-01	1.661136242661819806e-01	2.449898820532355193e-01	1.477139223338084228e-01	7.179522776496745362e-02	2.920072928567662984e-02	7.450055238616357101e-02
1.104462939777501106e+03	2.654608845634949810e-01	1.659643541632171704e-01	2.451430861795928784e-01	1.478089836529268286e-01	7.183482658861631287e-02	2.922632113453560443e-02	7.456154371759356192e-02
1.105914270841597499e+03	2.652360907769155673e-01	1.658153384355267046e-01	2.452960103778492051e-01	1.479038861860214604e-01	7.187436020989339258e-02	2.925188109134327710e-02	7.462243292242767834e-02
1.107365601905694348e+03	2.650116798950903352e-01	1.656665766481107138e-01	2.454486551523267224e-01	1.479986302280107413e-01	7.191382874481051790e-02	2.927740916749630926e-02	7.468322016413196651e-02
1.108816932969790741e+03	2.647876512640300328e-01	1.655180683667203112e-01	2.456010210064282218e-01	1.480932160731080471e-01	7.195323230913117096e-02	2.930290537455104011e-02	7.474390560600847888e-02
1.110268264033887590e+03	2.645640042308697315e-01	1.653698131578562325e-01	2.457531084426389234e-01	1.481876440148243157e-01	7.199257101837122641e-02	2.932836972422244587e-02	7.480448941119446915e-02
1.111719595097984211e+03	2.643407381438666048e-01	1.652218105887674204e-01	2.459049179625284187e-01	1.482819143459705447e-01	7.203184498779971467e-02	2.935380222838308156e-02	7.486497174266150412e-02
1.113170926162080832e+03	2.641178523523981525e-01	1.650740602274498037e-01	2.460564500667526411e-01	1.483760273586604284e-01	7.207105433243958525e-02	2.937920289906202978e-02	7.492535276321460325e-02
1.114622257226177226e+03	2.638953462069600908e-01	1.649265616426449366e-01	2.462077052550557255e-01	1.484699833443128281e-01	7.211019916706844224e-02	2.940457174844385985e-02	7.498563263549140601e-02
1.116073588290273847e+03	2.636732190591643543e-01	1.647793144038385560e-01	2.463586840262718958e-01	1.485637825936542977e-01	7.214927960621922431e-02	2.942990878886760087e-02	7.504581152196131144e-02
1.117524919354370468e+03	2.634514702617374304e-01	1.646323180812594433e-01	2.465093868783272690e-01	1.486574253967216375e-01	7.218829576418103744e-02	2.945521403282569742e-02	7.510588958492471490e-02
1.118976250418467089e+03	2.632300991685180280e-01	1.644855722458779812e-01	2.466598143082419092e-01	1.487509120428643361e-01	7.222724775499983485e-02	2.948048749296298954e-02	7.516586698651213372e-02
1.120427581482563710e+03	2.630091051344553565e-01	1.643390764694048489e-01	2.468099668121316315e-01	1.488442428207470414e-01	7.226613569247916646e-02	2.950572918207568923e-02	7.522574388868344397e-02
1.121878912546660331e+03	2.627884875156071276e-01	1.641928303242897458e-01	2.469598448852098060e-01	1.489374180183520857e-01	7.230495969018090052e-02	2.953093911311037087e-02	7.528552045322708941e-02
1.123330243610756725e+03	2.625682456691376676e-01	1.640468333837199755e-01	2.471094490217893291e-01	1.490304379229819010e-01	7.234371986142593136e-02	2.955611729916295463e-02	7.534519684175934595e-02
1.124781574674853118e+03	2.623483789533158084e-01	1.639010852216193082e-01	2.472587797152843714e-01	1.491233028212614609e-01	7.238241631929492881e-02	2.958126375347770037e-02	7.540477321572348901e-02
1.126232905738949967e+03	2.621288867275132217e-01	1.637555854126465094e-01	2.474078374582122930e-01	1.492160129991407513e-01	7.242104917662901820e-02	2.960637848944621189e-02	7.546424973638909961e-02
1.127684236803046360e+03	2.619097683522021991e-01	1.636103335321940910e-01	2.475566227421955035e-01	1.493085687418971019e-01	7.245961854603055752e-02	2.963146152060643773e-02	7.552362656485128722e-02
1.129135567867143209e+03	2.616910231889538196e-01	1.634653291563870070e-01	2.477051360579632933e-01	1.494009703341376005e-01	7.249812453986377581e-02	2.965651286064167891e-02	7.558290386202999589e-02
1.130586898931239830e+03	2.614726506004362294e-01	1.633205718620814040e-01	2.478533778953536104e-01	1.494932180598015914e-01	7.253656727025552253e-02	2.968153252337960707e-02	7.564208178866925480e-02
1.132038229995336451e+03	2.612546499504124209e-01	1.631760612268631783e-01	2.480013487433148922e-01	1.495853122021629233e-01	7.257494684909597538e-02	2.970652052279128263e-02	7.570116050533648444e-02
1.133489561059432845e+03	2.610370206037385676e-01	1.630317968290468378e-01	2.481490490899080636e-01	1.496772530438323368e-01	7.261326338803932023e-02	2.973147687299018682e-02	7.576014017242183041e-02
1.134940892123529466e+03	2.608197619263619149e-01	1.628877782476741143e-01	2.482964794223081195e-01	1.497690408667599338e-01	7.265151699850445899e-02	2.975640158823123285e-02	7.581902095013740017e-02
1.136392223187626087e+03	2.606028732853188923e-01	1.627440050625127144e-01	2.484436402268060118e-01	1.498606759522372878e-01	7.268970779167570340e-02	2.978129468290981879e-02	7.587780299851668020e-02
1.137843554251722708e+03	2.603863540487334483e-01	1.626004768540550427e-01	2.485905319888105369e-01	1.499521585808999691e-01	7.272783587850345510e-02	2.980615617156085265e-02	7.593648647741380042e-02
1.139294885315819101e+03	2.601702035858147743e-01	1.624571932035168420e-01	2.487371551928500568e-01	1.500434890327297655e-01	7.276590136970495504e-02	2.983098606885781212e-02	7.599507154650292362e-02
1.140746216379915950e+03	2.599544212668556953e-01	1.623141536928359441e-01	2.488835103225742196e-01	1.501346675870570135e-01	7.280390437576488016e-02	2.985578438961177319e-02	7.605355836527759317e-02
1.142197547444012343e+03	2.597390064632306150e-01	1.621713579046710485e-01	2.490295978607559579e-01	1.502256945225628748e-01	7.284184500693607900e-02	2.988055114877048724e-02	7.611194709305005301e-02
1.143648878508108737e+03	2.595239585473937960e-01	1.620288054224003627e-01	2.491754182892930158e-01	1.503165701172815838e-01	7.287972337324025163e-02	2.990528636141741650e-02	7.617023788895069258e-02
1.145100209572205586e+03	2.593092768928771941e-01	1.618864958301203527e-01	2.493209720892099190e-01	1.504072946486027795e-01	7.291753958446862971e-02	2.992999004277080780e-02	7.622843091192739451e-02
1.146551540636302207e+03	2.590949608742887933e-01	1.617444287126444946e-01	2.494662597406597238e-01	1.504978683932736705e-01	7.295529375018258711e-02	2.995466220818276612e-02	7.628652632074493789e-02
1.148002871700398828e+03	2.588810098673108850e-01	1.616026036555019696e-01	2.496112817229256542e-01	1.505882916274013383e-01	7.299298597971440317e-02	2.997930287313832140e-02	7.634452427398440155e-02
1.149454202764495449e+03	2.586674232486976810e-01	1.614610202449364151e-01	2.497560385144229900e-01	1.506785646264549583e-01	7.303061638216787332e-02	3.000391205325450561e-02	7.640242493004258117e-02
1.150905533828591842e+03	2.584542003962738699e-01	1.613196780679046205e-01	2.499005305927007037e-01	1.507686876652679642e-01	7.306818506641898914e-02	3.002848976427942990e-02	7.646022844713142030e-02
1.152356864892688463e+03	2.582413406889325636e-01	1.611785767120753332e-01	2.500447584344432927e-01	1.508586610180403520e-01	7.310569214111660441e-02	3.005303602209138600e-02	7.651793498327741361e-02
1.153808195956785084e+03	2.580288435066335206e-01	1.610377157658279268e-01	2.501887225154725836e-01	1.509484849583407617e-01	7.314313771468310132e-02	3.007755084269792684e-02	7.657554469632109340e-02
1.155259527020881706e+03	2.578167082304012037e-01	1.608970948182511795e-01	2.503324233107493968e-01	1.510381597591087255e-01	7.318052189531502882e-02	3.010203424223496099e-02	7.663305774391647451e-02
1.156710858084978327e+03	2.576049342423229471e-01	1.607567134591420532e-01	2.504758612943751572e-01	1.511276856926568324e-01	7.321784479098372711e-02	3.012648623696585759e-02	7.669047428353045759e-02
1.158162189149074720e+03	2.573935209255471257e-01	1.606165712790043054e-01	2.506190369395936979e-01	1.512170630306728381e-01	7.325510650943606317e-02	3.015090684328055118e-02	7.674779447244238495e-02
1.159613520213171569e+03	2.571824676642812668e-01	1.604766678690474346e-01	2.507619507187933139e-01	1.513062920442218851e-01	7.329230715819501363e-02	3.017529607769465355e-02	7.680501846774345776e-02
1.161064851277267962e+03	2.569717738437902188e-01	1.603370028211852094e-01	2.509046031035078173e-01	1.513953730037486123e-01	7.332944684456030315e-02	3.019965395684856210e-02	7.686214642633626415e-02
1.162516182341364356e+03	2.567614388503943190e-01	1.601975757280346135e-01	2.510469945644188128e-01	1.514843061790792644e-01	7.336652567560909832e-02	3.022398049750657859e-02	7.691917850493426578e-02
1.163967513405461204e+03	2.565514620714675065e-01	1.600583861829144861e-01	2.511891255713572524e-01	1.515730918394238014e-01	7.340354375819660437e-02	3.024827571655604175e-02	7.697611486006128434e-02
1.165418844469557826e+03	2.563418428954356010e-01	1.599194337798443555e-01	2.513309965933049339e-01	1.516617302533779521e-01	7.344050119895671747e-02	3.027253963100645304e-02	7.703295564805101581e-02
1.166870175533654447e+03	2.561325807117741382e-01	1.597807181135431631e-01	2.514726080983964440e-01	1.517502216889254629e-01	7.347739810430264917e-02	3.029677225798859536e-02	7.708970102504658639e-02
1.168321506597751068e+03	2.559236749110069820e-01	1.596422387794279862e-01	2.516139605539207125e-01	1.518385664134400681e-01	7.351423458042756487e-02	3.032097361475367958e-02	7.714635114700009455e-02
1.169772837661847461e+03	2.557151248847042702e-01	1.595039953736128724e-01	2.517550544263227885e-01	1.519267646936875160e-01	7.355101073330519434e-02	3.034514371867249108e-02	7.720290616967205588e-02
1.171224168725944082e+03	2.555069300254804721e-01	1.593659874929076181e-01	2.518958901812053397e-01	1.520148167958277341e-01	7.358772666869052570e-02	3.036928258723452234e-02	7.725936624863105617e-02
1.172675499790040703e+03	2.552990897269927784e-01	1.592282147348163535e-01	2.520364682833305947e-01	1.521027229854167995e-01	7.362438249212031882e-02	3.039339023804713338e-02	7.731573153925327957e-02
1.174126830854137097e+03	2.550916033839392694e-01	1.590906766975365982e-01	2.521767891966217867e-01	1.521904835274090484e-01	7.366097830891381315e-02	3.041746668883470520e-02	7.737200219672200896e-02
1.175578161918233945e+03	2.548844703920569166e-01	1.589533729799578465e-01	2.523168533841650407e-01	1.522780986861590191e-01	7.369751422417329667e-02	3.044151195743778973e-02	7.742817837602733455e-02
1.177029492982330339e+03	2.546776901481199173e-01	1.588163031816604009e-01	2.524566613082107058e-01	1.523655687254235613e-01	7.373399034278477204e-02	3.046552606181227377e-02	7.748426023196557100e-02
1.178480824046426733e+03	2.544712620499378630e-01	1.586794669029141236e-01	2.525962134301752982e-01	1.524528939083637791e-01	7.377040676941851172e-02	3.048950902002856359e-02	7.754024791913897985e-02
1.179932155110523581e+03	2.542651854963539626e-01	1.585428637446772704e-01	2.527355102106431106e-01	1.525400744975470568e-01	7.380676360852966855e-02	3.051346085027072802e-02	7.759614159195529770e-02
1.181383486174620202e+03	2.540594598872430998e-01	1.584064933085952698e-01	2.528745521093677673e-01	1.526271107549490025e-01	7.384306096435895583e-02	3.053738157083569701e-02	7.765194140462734762e-02
1.182834817238716823e+03	2.538540846235102233e-01	1.582703551969994182e-01	2.530133395852737777e-01	1.527140029419554734e-01	7.387929894093317462e-02	3.056127120013243242e-02	7.770764751117266445e-02
1.184286148302813444e+03	2.536490591070883482e-01	1.581344490129057700e-01	2.531518730964583686e-01	1.528007513193645472e-01	7.391547764206583826e-02	3.058512975668110229e-02	7.776326006541310620e-02
1.185737479366910065e+03	2.534443827409370020e-01	1.579987743600138883e-01	2.532901531001932049e-01	1.528873561473884646e-01	7.395159717135779687e-02	3.060895725911228979e-02	7.781877922097449329e-02
1.187188810431006686e+03	2.532400549290402259e-01	1.578633308427056514e-01	2.534281800529255557e-01	1.529738176856555443e-01	7.398765763219780633e-02	3.063275372616617448e-02	7.787420513128620603e-02
1.188640141495103080e+03	2.530360750764049094e-01	1.577281180660440318e-01	2.535659544102804586e-01	1.530601361932121263e-01	7.402365912776311119e-02	3.065651917669171694e-02	7.792953794958089320e-02
1.190091472559199701e+03	2.528324425890588478e-01	1.575931356357718749e-01	2.537034766270618857e-01	1.531463119285245422e-01	7.405960176102006909e-02	3.068025362964588165e-02	7.798477782889402798e-02
1.191542803623296322e+03	2.526291568740492988e-01	1.574583831583108162e-01	2.538407471572546870e-01	1.532323451494810584e-01	7.409548563472474758e-02	3.070395710409283552e-02	7.803992492206365816e-02
1.192994134687392716e+03	2.524262173394408171e-01	1.573238602407599496e-01	2.539777664540260882e-01	1.533182361133936800e-01	7.413131085142346532e-02	3.072762961920313604e-02	7.809497938172997589e-02
1.194445465751489564e+03	2.522236233943137562e-01	1.571895664908946333e-01	2.541145349697271349e-01	1.534039850770000935e-01	7.416707751345341659e-02	3.075127119425296804e-02	7.814994136033510952e-02
1.195896796815585958e+03	2.520213744487623253e-01	1.570555015171653801e-01	2.542510531558944686e-01	1.534895922964656378e-01	7.420278572294321251e-02	3.077488184862335607e-02	7.820481101012267955e-02
1.197348127879682352e+03	2.518194699138928683e-01	1.569216649286966081e-01	2.543873214632520474e-01	1.535750580273850252e-01	7.423843558181350555e-02	3.079846160179938383e-02	7.825958848313754879e-02
1.198799458943779200e+03	2.516179092018222541e-01	1.567880563352855583e-01	2.545233403417122564e-01	1.536603825247843946e-01	7.427402719177754464e-02	3.082201047336940655e-02	7.831427393122547542e-02
1.200250790007875821e+03	2.514166917256759337e-01	1.566546753474009346e-01	2.546591102403780726e-01	1.537455660431230053e-01	7.430956065434174418e-02	3.084552848302429470e-02	7.836886750603284935e-02
1.201702121071972442e+03	2.512158168995862195e-01	1.565215215761818490e-01	2.547946316075442308e-01	1.538306088362951518e-01	7.434503607080629461e-02	3.086901565055666374e-02	7.842336935900638684e-02
1.203153452136069063e+03	2.510152841386904532e-01	1.563885946334366006e-01	2.549299048906990550e-01	1.539155111576320512e-01	7.438045354226564820e-02	3.089247199586010739e-02	7.847777964139281137e-02
1.204604783200165684e+03	2.508150928591295070e-01	1.562558941316415095e-01	2.550649305365257913e-01	1.540002732599036195e-01	7.441581316960918513e-02	3.091589753892843781e-02	7.853209850423861771e-02
1.206056114264262078e+03	2.506152424780458410e-01	1.561234196839396959e-01	2.551997089909042726e-01	1.540848953953203315e-01	7.445111505352172698e-02	3.093929229985493620e-02	7.858632609838975269e-02
1.207507445328358699e+03	2.504157324135817819e-01	1.559911709041399974e-01	2.553342406989126956e-01	1.541693778155349970e-01	7.448635929448409188e-02	3.096265629883159995e-02	7.864046257449136546e-02
1.208958776392455093e+03	2.502165620848778582e-01	1.558591474067156646e-01	2.554685261048287859e-01	1.542537207716445924e-01	7.452154599277367730e-02	3.098598955614838626e-02	7.869450808298755762e-02
1.210410107456551941e+03	2.500177309120708569e-01	1.557273488068032785e-01	2.556025656521316858e-01	1.543379245141920930e-01	7.455667524846500138e-02	3.100929209219248014e-02	7.874846277412109186e-02
1.211861438520648335e+03	2.498192383162924080e-01	1.555957747202016406e-01	2.557363597835032865e-01	1.544219892931681659e-01	7.459174716143027184e-02	3.103256392744754150e-02	7.880232679793318373e-02
1.213312769584745183e+03	2.496210837196669585e-01	1.554644247633704679e-01	2.558699089408298932e-01	1.545059153580129740e-01	7.462676183133995500e-02	3.105580508249298349e-02	7.885610030426322414e-02
1.214764100648841804e+03	2.494232665453102460e-01	1.553332985534293387e-01	2.560032135652036689e-01	1.545897029576180637e-01	7.466171935766330314e-02	3.107901557800323358e-02	7.890978344274854339e-02
1.216215431712937971e+03	2.492257862173274663e-01	1.552023957081564709e-01	2.561362740969243545e-01	1.546733523403280297e-01	7.469661983966886798e-02	3.110219543474699797e-02	7.896337636282417527e-02
1.217666762777034819e+03	2.490286421608115530e-01	1.550717158459875289e-01	2.562690909755006019e-01	1.547568637539422365e-01	7.473146337642515291e-02	3.112534467358654688e-02	7.901687921372267664e-02
1.219118093841131440e+03	2.488318338018415676e-01	1.549412585860146518e-01	2.564016646396515831e-01	1.548402374457166220e-01	7.476625006680104324e-02	3.114846331547699299e-02	7.907029214447384990e-02
1.220569424905228061e+03	2.486353605674808120e-01	1.548110235479850660e-01	2.565339955273085448e-01	1.549234736623653907e-01	7.480098000946640291e-02	3.117155138146556620e-02	7.912361530390456255e-02
1.222020755969324682e+03	2.484392218857753021e-01	1.546810103523000857e-01	2.566660840756161410e-01	1.550065726500627905e-01	7.483565330289261575e-02	3.119460889269090945e-02	7.917684884063851125e-02
1.223472087033421303e+03	2.482434171857519078e-01	1.545512186200138638e-01	2.567979307209342088e-01	1.550895346544447773e-01	7.487027004535314056e-02	3.121763587038236046e-02	7.922999290309605536e-02
1.224923418097517697e+03	2.480479458974167162e-01	1.544216479728323377e-01	2.569295358988391564e-01	1.551723599206108195e-01	7.490483033492399689e-02	3.124063233585925095e-02	7.928304763949398093e-02
1.226374749161614318e+03	2.478528074517532820e-01	1.542922980331120075e-01	2.570609000441255176e-01	1.552550486931255080e-01	7.493933426948434784e-02	3.126359831053020233e-02	7.933601319784533423e-02
1.227826080225710712e+03	2.476580012807210462e-01	1.541631684238588540e-01	2.571920235908073948e-01	1.553376012160202768e-01	7.497378194671698581e-02	3.128653381589243526e-02	7.938888972595922744e-02
1.229277411289807560e+03	2.474635268172534486e-01	1.540342587687271447e-01	2.573229069721199580e-01	1.554200177327950405e-01	7.500817346410888764e-02	3.130943887353104110e-02	7.944167737144065822e-02
1.230728742353903954e+03	2.472693834952564285e-01	1.539055686920183796e-01	2.574535506205209434e-01	1.555022984864199986e-01	7.504250891895175579e-02	3.133231350511834351e-02	7.949437628169034320e-02
1.232180073418000802e+03	2.470755707496066211e-01	1.537770978186799864e-01	2.575839549676921525e-01	1.555844437193371899e-01	7.507678840834253187e-02	3.135515773241316639e-02	7.954698660390452369e-02
1.233631404482097196e+03	2.468820880161496645e-01	1.536488457743043490e-01	2.577141204445410616e-01	1.556664536734621851e-01	7.511101202918388231e-02	3.137797157726017472e-02	7.959950848507482690e-02
1.235082735546193817e+03	2.466889347316986170e-01	1.535208121851276419e-01	2.578440474812019878e-01	1.557483285901858083e-01	7.514517987818476741e-02	3.140075506158917368e-02	7.965194207198811327e-02
1.236534066610290438e+03	2.464961103340321258e-01	1.533929966780286092e-01	2.579737365070380317e-01	1.558300687103756632e-01	7.517929205186096864e-02	3.142350820741444950e-02	7.970428751122626831e-02
1.237985397674387059e+03	2.463036142618928726e-01	1.532653988805275647e-01	2.581031879506420768e-01	1.559116742743778539e-01	7.521334864653556052e-02	3.144623103683408943e-02	7.975654494916610548e-02
1.239436728738483680e+03	2.461114459549858524e-01	1.531380184207851991e-01	2.582324022398384544e-01	1.559931455220185947e-01	7.524734975833943795e-02	3.146892357202928786e-02	7.980871453197924126e-02
1.240888059802580301e+03	2.459196048539766810e-01	1.530108549276014418e-01	2.583613798016846097e-01	1.560744826926057927e-01	7.528129548321184361e-02	3.149158583526373567e-02	7.986079640563188697e-02
1.242339390866676695e+03	2.457280904004899846e-01	1.528839080304143505e-01	2.584901210624723222e-01	1.561556860249307954e-01	7.531518591690089526e-02	3.151421784888289862e-02	7.991279071588479332e-02
1.243790721930773088e+03	2.455369020371076516e-01	1.527571773592990290e-01	2.586186264477290941e-01	1.562367557572697796e-01	7.534902115496402986e-02	3.153681963531338589e-02	7.996469760829304219e-02
1.245242052994869937e+03	2.453460392073672502e-01	1.526306625449663779e-01	2.587468963822199264e-01	1.563176921273855546e-01	7.538280129276857255e-02	3.155939121706228395e-02	8.001651722820597723e-02
1.246693384058966330e+03	2.451555013557603080e-01	1.525043632187622344e-01	2.588749312899485400e-01	1.563984953725290339e-01	7.541652642549222241e-02	3.158193261671651819e-02	8.006824972076705127e-02
1.248144715123063179e+03	2.449652879277307294e-01	1.523782790126659847e-01	2.590027315941587638e-01	1.564791657294409277e-01	7.545019664812355198e-02	3.160444385694219371e-02	8.011989523091377075e-02
1.249596046187159800e+03	2.447753983696729918e-01	1.522524095592896198e-01	2.591302977173361444e-01	1.565597034343531313e-01	7.548381205546252082e-02	3.162692496048395002e-02	8.017145390337752919e-02
1.251047377251256421e+03	2.445858321289307025e-01	1.521267544918765979e-01	2.592576300812093892e-01	1.566401087229905009e-01	7.551737274212091955e-02	3.164937595016429489e-02	8.022292588268349622e-02
1.252498708315352815e+03	2.443965886537947940e-01	1.520013134443006508e-01	2.593847291067515881e-01	1.567203818305723251e-01	7.555087880252293886e-02	3.167179684888300761e-02	8.027431131315057589e-02
1.253950039379449436e+03	2.442076673935019149e-01	1.518760860510648403e-01	2.595115952141818783e-01	1.568005229918138232e-01	7.558433033090565523e-02	3.169418767961647981e-02	8.032561033889125401e-02
1.255401370443546057e+03	2.440190677982328471e-01	1.517510719473002534e-01	2.596382288229668878e-01	1.568805324409278112e-01	7.561772742131944725e-02	3.171654846541707706e-02	8.037682310381155659e-02
1.256852701507642678e+03	2.438307893191107578e-01	1.516262707687650868e-01	2.597646303518218458e-01	1.569604104116261445e-01	7.565107016762857850e-02	3.173887922941252132e-02	8.042794975161092486e-02
1.258304032571739299e+03	2.436428314081997004e-01	1.515016821518434531e-01	2.598908002187123034e-01	1.570401571371212723e-01	7.568435866351164165e-02	3.176117999480525950e-02	8.047899042578214590e-02
1.259755363635835920e+03	2.434551935185028659e-01	1.513773057335442707e-01	2.600167388408556324e-01	1.571197728501278201e-01	7.571759300246207192e-02	3.178345078487184588e-02	8.052994526961125554e-02
1.261206694699932314e+03	2.432678751039609455e-01	1.512531411515002366e-01	2.601424466347221354e-01	1.571992577828640325e-01	7.575077327778856340e-02	3.180569162296230379e-02	8.058081442617752443e-02
1.262658025764028707e+03	2.430808756194506315e-01	1.511291880439666613e-01	2.602679240160364893e-01	1.572786121670533555e-01	7.578389958261565196e-02	3.182790253249954265e-02	8.063159803835333317e-02
1.264109356828125556e+03	2.428941945207828967e-01	1.510054460498204132e-01	2.603931713997794661e-01	1.573578362339258796e-01	7.581697200988410379e-02	3.185008353697871275e-02	8.068229624880411677e-02
1.265560687892221949e+03	2.427078312647013569e-01	1.508819148085588924e-01	2.605181892001890431e-01	1.574369302142198113e-01	7.584999065235148441e-02	3.187223465996661537e-02	8.073290919998830917e-02
1.267012018956318798e+03	2.425217853088806885e-01	1.507585939602988090e-01	2.606429778307620126e-01	1.575158943381830823e-01	7.588295560259254724e-02	3.189435592510108525e-02	8.078343703415732935e-02
1.268463350020415419e+03	2.423360561119250467e-01	1.506354831457752119e-01	2.607675377042549258e-01	1.575947288355747378e-01	7.591586695299977483e-02	3.191644735609037303e-02	8.083387989335545643e-02
1.269914681084511813e+03	2.421506431333663445e-01	1.505125820063402953e-01	2.608918692326861466e-01	1.576734339356664349e-01	7.594872479578382296e-02	3.193850897671258321e-02	8.088423791941982965e-02
1.271366012148608434e+03	2.419655458336628373e-01	1.503898901839624824e-01	2.610159728273367397e-01	1.577520098672438864e-01	7.598152922297400635e-02	3.196054081081505654e-02	8.093451125398037904e-02
1.272817343212705055e+03	2.417807636741972632e-01	1.502674073212251771e-01	2.611398488987521360e-01	1.578304568586084144e-01	7.601428032641875665e-02	3.198254288231376641e-02	8.098470003845985310e-02
1.274268674276801676e+03	2.415962961172754553e-01	1.501451330613258472e-01	2.612634978567432986e-01	1.579087751375782556e-01	7.604697819778609424e-02	3.200451521519273590e-02	8.103480441407363843e-02
1.275720005340898297e+03	2.414121426261245928e-01	1.500230670480747486e-01	2.613869201103882767e-01	1.579869649314902258e-01	7.607962292856408626e-02	3.202645783350345499e-02	8.108482452182988465e-02
1.277171336404994690e+03	2.412283026648917306e-01	1.499012089258940361e-01	2.615101160680335379e-01	1.580650264672008865e-01	7.611221461006131839e-02	3.204837076136427682e-02	8.113476050252940719e-02
1.278622667469091539e+03	2.410447756986421053e-01	1.497795583398166541e-01	2.616330861372953009e-01	1.581429599710882650e-01	7.614475333340738061e-02	3.207025402295987648e-02	8.118461249676565961e-02
1.280073998533187932e+03	2.408615611933575540e-01	1.496581149354851425e-01	2.617558307250608673e-01	1.582207656690530206e-01	7.617723918955332518e-02	3.209210764254062653e-02	8.123438064492469191e-02
1.281525329597284326e+03	2.406786586159349595e-01	1.495368783591507766e-01	2.618783502374900096e-01	1.582984437865201099e-01	7.620967226927208293e-02	3.211393164442204184e-02	8.128406508718520607e-02
1.282976660661381175e+03	2.404960674341846683e-01	1.494158482576723179e-01	2.620006450800164699e-01	1.583759945484400355e-01	7.624205266315893514e-02	3.213572605298421758e-02	8.133366596351847277e-02
1.284427991725477568e+03	2.403137871168288808e-01	1.492950242785150983e-01	2.621227156573491812e-01	1.584534181792903174e-01	7.627438046163199925e-02	3.215749089267123939e-02	8.138318341368837305e-02
1.285879322789574417e+03	2.401318171335000973e-01	1.491744060697498264e-01	2.622445623734735998e-01	1.585307149030769358e-01	7.630665575493268682e-02	3.217922618799062828e-02	8.143261757725134276e-02
1.287330653853671038e+03	2.399501569547395075e-01	1.490539932800516165e-01	2.623661856316532037e-01	1.586078849433355809e-01	7.633887863312609212e-02	3.220093196351277165e-02	8.148196859355640032e-02
1.288781984917767431e+03	2.397688060519953812e-01	1.489337855586989057e-01	2.624875858344306589e-01	1.586849285231332063e-01	7.637104918610153337e-02	3.222260824387037509e-02	8.153123660174516063e-02
1.290233315981864052e+03	2.395877638976215696e-01	1.488137825555723437e-01	2.626087633836292623e-01	1.587618458650693898e-01	7.640316750357292741e-02	3.224425505375790035e-02	8.158042174075183506e-02
