1.001418434226643626e+03	2.797502740367102669e-01	1.807666179418002672e-01	2.351119692550298623e-01	1.407686007638653813e-01	6.821213638195335049e-02	2.653669647299813916e-02	6.885370514744883208e-02
1.002869765290740247e+03	2.794942889665691932e-01	1.806016712384272693e-01	2.352962512271149220e-01	1.408727858270297228e-01	6.825620048998470857e-02	2.655937559743408102e-02	6.891942665324619910e-02
1.004321096354836754e+03	2.792387394323192495e-01	1.804370017186435193e-01	2.354802212102158898e-01	1.409767867289149212e-01	6.830018857782575725e-02	2.658201904798253648e-02	6.898504328390424323e-02
1.005772427418933376e+03	2.789836246915658458e-01	1.802726089159229494e-01	2.356638797300105725e-01	1.410806038343823121e-01	6.834410078175923164e-02	2.660462688441323983e-02	6.905055516175198638e-02
1.007223758483029997e+03	2.787289440031953669e-01	1.801084923645249469e-01	2.358472273112909856e-01	1.411842375072664968e-01	6.838793723778258116e-02	2.662719916639437814e-02	6.911596240935148627e-02
1.008675089547126618e+03	2.784746966273727309e-01	1.799446515994928275e-01	2.360302644779646020e-01	1.412876881103803939e-01	6.843169808160884382e-02	2.664973595349275776e-02	6.918126514949400618e-02
1.010126420611223239e+03	2.782208818255395011e-01	1.797810861566527807e-01	2.362129917530559620e-01	1.413909560055202075e-01	6.847538344866756221e-02	2.667223730517398472e-02	6.924646350519619853e-02
1.011577751675319632e+03	2.779674988604108332e-01	1.796177955726123709e-01	2.363954096587081166e-01	1.414940415534702844e-01	6.851899347410556063e-02	2.669470328080265215e-02	6.931155759969630237e-02
1.013029082739416367e+03	2.777145469959738655e-01	1.794547793847592332e-01	2.365775187161841542e-01	1.415969451140080548e-01	6.856252829278784711e-02	2.671713393964247896e-02	6.937654755645042415e-02
1.014480413803512761e+03	2.774620254974850542e-01	1.792920371312598793e-01	2.367593194458686712e-01	1.416996670459086949e-01	6.860598803929850165e-02	2.673952934085652156e-02	6.944143349912874907e-02
1.015931744867609382e+03	2.772099336314677864e-01	1.791295683510582548e-01	2.369408123672691879e-01	1.418022077069502063e-01	6.864937284794142558e-02	2.676188954350732299e-02	6.950621555161189125e-02
1.017383075931706003e+03	2.769582706657102711e-01	1.789673725838745177e-01	2.371219979990177584e-01	1.419045674539178847e-01	6.869268285274132690e-02	2.678421460655709338e-02	6.957089383798722992e-02
1.018834406995802851e+03	2.767070358692632071e-01	1.788054493702036785e-01	2.373028768588722470e-01	1.420067466426092884e-01	6.873591818744444193e-02	2.680650458886787990e-02	6.963546848254527355e-02
1.020285738059899245e+03	2.764562285124375074e-01	1.786437982513143230e-01	2.374834494637180771e-01	1.421087456278388172e-01	6.877907898551945121e-02	2.682875954920174721e-02	6.969993960977607927e-02
1.021737069123995752e+03	2.762058478668018013e-01	1.784824187692472530e-01	2.376637163295695077e-01	1.422105647634424597e-01	6.882216538015831220e-02	2.685097954622094052e-02	6.976430734436564474e-02
1.023188400188092373e+03	2.759558932051806024e-01	1.783213104668143201e-01	2.378436779715710769e-01	1.423122044022823163e-01	6.886517750427706419e-02	2.687316463848805556e-02	6.982857181119245249e-02
1.024639731252188767e+03	2.757063638016515328e-01	1.781604728875969823e-01	2.380233349039992674e-01	1.424136648962513463e-01	6.890811549051667484e-02	2.689531488446621904e-02	6.989273313532387566e-02
1.026091062316285615e+03	2.754572589315433251e-01	1.779999055759450000e-01	2.382026876402637550e-01	1.425149465962778361e-01	6.895097947124388671e-02	2.691743034251925862e-02	6.995679144201276400e-02
1.027542393380382237e+03	2.752085778714335462e-01	1.778396080769754084e-01	2.383817366929090187e-01	1.426160498523299514e-01	6.899376957855204995e-02	2.693951107091185904e-02	7.002074685669398835e-02
1.028993724444478858e+03	2.749603198991463215e-01	1.776795799365707973e-01	2.385604825736157009e-01	1.427169750134203163e-01	6.903648594426188556e-02	2.696155712780975294e-02	7.008459950498104052e-02
1.030445055508575479e+03	2.747124842937498923e-01	1.775198207013783946e-01	2.387389257932021336e-01	1.428177224276104273e-01	6.907912869992237359e-02	2.698356857127988048e-02	7.014834951266260554e-02
1.031896386572671872e+03	2.744650703355547283e-01	1.773603299188086235e-01	2.389170668616257820e-01	1.429182924420151490e-01	6.912169797681154415e-02	2.700554545929055236e-02	7.021199700569928648e-02
1.033347717636768493e+03	2.742180773061109744e-01	1.772011071370337698e-01	2.390949062879847153e-01	1.430186854028070720e-01	6.916419390593728234e-02	2.702748784971163026e-02	7.027554211022021824e-02
1.034799048700865114e+03	2.739715044882063411e-01	1.770421519049867609e-01	2.392724445805189115e-01	1.431189016552209259e-01	6.920661661803817477e-02	2.704939580031469337e-02	7.033898495251980632e-02
1.036250379764961508e+03	2.737253511658637728e-01	1.768834637723599723e-01	2.394496822466119779e-01	1.432189415435580482e-01	6.924896624358424513e-02	2.707126936877320839e-02	7.040232565905442386e-02
1.037701710829058356e+03	2.734796166243392834e-01	1.767250422896037565e-01	2.396266197927923169e-01	1.433188054111904641e-01	6.929124291277782843e-02	2.709310861266269604e-02	7.046556435643926142e-02
1.039153041893154750e+03	2.732343001501198465e-01	1.765668870079253050e-01	2.398032577247347363e-01	1.434184936005654665e-01	6.933344675555432046e-02	2.711491358946089766e-02	7.052870117144499629e-02
1.040604372957251599e+03	2.729894010309208974e-01	1.764089974792873439e-01	2.399795965472618642e-01	1.435180064532096400e-01	6.937557790158305204e-02	2.713668435654793820e-02	7.059173623099475325e-02
1.042055704021347992e+03	2.727449185556844458e-01	1.762513732564068847e-01	2.401556367643455370e-01	1.436173443097333302e-01	6.941763648026798295e-02	2.715842097120651014e-02	7.065466966216082945e-02
1.043507035085444613e+03	2.725008520145765778e-01	1.760940138927538368e-01	2.403313788791082428e-01	1.437165075098345846e-01	6.945962262074854843e-02	2.718012349062202612e-02	7.071750159216166898e-02
1.044958366149541234e+03	2.722572006989853466e-01	1.759369189425499247e-01	2.405068233938246480e-01	1.438154963923036767e-01	6.950153645190042251e-02	2.720179197188279593e-02	7.078023214835871268e-02
1.046409697213637855e+03	2.720139639015185518e-01	1.757800879607672173e-01	2.406819708099229294e-01	1.439143112950269643e-01	6.954337810233633677e-02	2.722342647198018259e-02	7.084286145825333114e-02
1.047861028277734476e+03	2.717711409160016856e-01	1.756235205031271007e-01	2.408568216279861895e-01	1.440129525549911638e-01	6.958514770040682973e-02	2.724502704780877582e-02	7.090538964948382705e-02
1.049312359341831097e+03	2.715287310374755458e-01	1.754672161260988072e-01	2.410313763477539284e-01	1.441114205082873467e-01	6.962684537420102404e-02	2.726659375616655862e-02	7.096781684982239602e-02
1.050763690405927491e+03	2.712867335621940712e-01	1.753111743868982497e-01	2.412056354681234860e-01	1.442097154901151590e-01	6.966847125154737586e-02	2.728812665375507027e-02	7.103014318717211506e-02
1.052215021470024112e+03	2.710451477876224535e-01	1.751553948434867447e-01	2.413795994871514028e-01	1.443078378347867619e-01	6.971002546001453526e-02	2.730962579717956945e-02	7.109236878956404215e-02
1.053666352534120733e+03	2.708039730124344180e-01	1.749998770545697913e-01	2.415532689020549739e-01	1.444057878757308844e-01	6.975150812691199853e-02	2.733109124294921463e-02	7.115449378515423251e-02
1.055117683598217127e+03	2.705632085365103912e-01	1.748446205795957664e-01	2.417266442092134704e-01	1.445035659454967647e-01	6.979291937929096856e-02	2.735252304747720631e-02	7.121651830222089363e-02
1.056569014662313975e+03	2.703228536609355026e-01	1.746896249787547040e-01	2.418997259041696379e-01	1.446011723757581746e-01	6.983425934394502099e-02	2.737392126708096396e-02	7.127844246916141546e-02
1.058020345726410369e+03	2.700829076879969759e-01	1.745348898129770454e-01	2.420725144816311403e-01	1.446986074973173608e-01	6.987552814741093687e-02	2.739528595798228910e-02	7.134026641448960870e-02
1.059471676790506763e+03	2.698433699211823522e-01	1.743804146439323355e-01	2.422450104354720024e-01	1.447958716401088752e-01	6.991672591596942432e-02	2.741661717630753184e-02	7.140199026683279049e-02
1.060923007854603611e+03	2.696042396651769923e-01	1.742261990340281674e-01	2.424172142587338874e-01	1.448929651332035162e-01	6.995785277564585403e-02	2.743791497808775737e-02	7.146361415492906433e-02
1.062374338918700232e+03	2.693655162258623004e-01	1.740722425464086565e-01	2.425891264436275951e-01	1.449898883048122422e-01	6.999890885221103642e-02	2.745917941925889866e-02	7.152513820762448904e-02
1.063825669982796853e+03	2.691271989103132256e-01	1.739185447449533850e-01	2.427607474815344502e-01	1.450866414822898909e-01	7.003989427118194333e-02	2.748041055566192298e-02	7.158656255387034484e-02
1.065277001046893474e+03	2.688892870267963198e-01	1.737651051942762093e-01	2.429320778630076616e-01	1.451832249921390650e-01	7.008080915782245734e-02	2.750160844304299496e-02	7.164788732272038552e-02
1.066728332110990095e+03	2.686517798847676275e-01	1.736119234597238159e-01	2.431031180777737943e-01	1.452796391600139070e-01	7.012165363714407962e-02	2.752277313705365352e-02	7.170911264332817392e-02
1.068179663175086489e+03	2.684146767948704104e-01	1.734589991073746951e-01	2.432738686147340734e-01	1.453758843107238186e-01	7.016242783390669313e-02	2.754390469325095417e-02	7.177023864494436189e-02
1.069630994239183110e+03	2.681779770689330378e-01	1.733063317040378359e-01	2.434443299619658829e-01	1.454719607682372351e-01	7.020313187261931209e-02	2.756500316709764239e-02	7.183126545691403964e-02
1.071082325303279504e+03	2.679416800199670434e-01	1.731539208172513666e-01	2.436145026067240704e-01	1.455678688556852618e-01	7.024376587754073420e-02	2.758606861396230639e-02	7.189219320867418217e-02
1.072533656367376352e+03	2.677057849621647945e-01	1.730017660152815551e-01	2.437843870354422793e-01	1.456636088953655039e-01	7.028432997268033167e-02	2.760710108911954702e-02	7.195302202975091543e-02
1.073984987431472746e+03	2.674702912108973818e-01	1.728498668671214766e-01	2.439539837337345307e-01	1.457591812087456196e-01	7.032482428179875900e-02	2.762810064775014438e-02	7.201375204975700439e-02
1.075436318495569594e+03	2.672351980827126772e-01	1.726982229424897097e-01	2.441232931863965006e-01	1.458545861164669000e-01	7.036524892840860523e-02	2.764906734494119653e-02	7.207438339838932728e-02
1.076887649559666215e+03	2.670005048953331683e-01	1.725468338118292533e-01	2.442923158774067682e-01	1.459498239383479889e-01	7.040560403577521276e-02	2.767000123568629996e-02	7.213491620542625271e-02
1.078338980623762609e+03	2.667662109676537385e-01	1.723956990463061945e-01	2.444610522899283711e-01	1.460448949933884355e-01	7.044588972691730178e-02	2.769090237488570916e-02	7.219535060072519717e-02
1.079790311687859230e+03	2.665323156197395571e-01	1.722448182178086262e-01	2.446295029063102200e-01	1.461397995997723021e-01	7.048610612460769198e-02	2.771177081734648578e-02	7.225568671422008538e-02
1.081241642751955851e+03	2.662988181728243031e-01	1.720941908989452318e-01	2.447976682080882094e-01	1.462345380748715784e-01	7.052625335137405194e-02	2.773260661778266870e-02	7.231592467591893558e-02
1.082692973816052472e+03	2.660657179493076119e-01	1.719438166630442577e-01	2.449655486759869105e-01	1.463291107352498177e-01	7.056633152949953747e-02	2.775340983081541965e-02	7.237606461590137541e-02
1.084144304880149093e+03	2.658330142727534096e-01	1.717936950841522370e-01	2.451331447899207094e-01	1.464235178966656059e-01	7.060634078102352718e-02	2.777418051097320373e-02	7.243610666431622713e-02
1.085595635944245487e+03	2.656007064678875818e-01	1.716438257370327403e-01	2.453004570289952502e-01	1.465177598740760034e-01	7.064628122774231633e-02	2.779491871269192463e-02	7.249605095137909294e-02
1.087046967008342108e+03	2.653687938605959196e-01	1.714942081971652377e-01	2.454674858715088226e-01	1.466118369816400424e-01	7.068615299120974138e-02	2.781562449031511203e-02	7.255589760737000959e-02
1.088498298072438729e+03	2.651372757779221212e-01	1.713448420407437667e-01	2.456342317949536946e-01	1.467057495327221128e-01	7.072595619273798484e-02	2.783629789809404301e-02	7.261564676263108919e-02
1.089949629136535123e+03	2.649061515480657381e-01	1.711957268446759883e-01	2.458006952760175001e-01	1.467994978398953487e-01	7.076569095339814430e-02	2.785693899018793288e-02	7.267529854756413221e-02
1.091400960200631971e+03	2.646754205003800653e-01	1.710468621865816330e-01	2.459668767905845155e-01	1.468930822149450699e-01	7.080535739402098183e-02	2.787754782066407394e-02	7.273485309262839316e-02
1.092852291264728365e+03	2.644450819653700324e-01	1.708982476447916121e-01	2.461327768137371308e-01	1.469865029688721680e-01	7.084495563519759009e-02	2.789812444349799858e-02	7.279431052833819360e-02
1.094303622328825213e+03	2.642151352746902604e-01	1.707498827983466305e-01	2.462983958197571266e-01	1.470797604118962987e-01	7.088448579728003074e-02	2.791866891257364230e-02	7.285367098526077112e-02
1.095754953392921607e+03	2.639855797611427857e-01	1.706017672269960483e-01	2.464637342821270893e-01	1.471728548534593506e-01	7.092394800038205604e-02	2.793918128168349294e-02	7.291293459401389232e-02
1.097206284457018228e+03	2.637564147586754504e-01	1.704539005111967154e-01	2.466287926735316050e-01	1.472657866022286655e-01	7.096334236437974730e-02	2.795966160452875021e-02	7.297210148526374340e-02
1.098657615521114849e+03	2.635276396023794043e-01	1.703062822321118053e-01	2.467935714658588131e-01	1.473585559661003408e-01	7.100266900891215316e-02	2.798010993471948191e-02	7.303117178972264034e-02
1.100108946585211470e+03	2.632992536284872731e-01	1.701589119716095111e-01	2.469580711302016285e-01	1.474511632522025051e-01	7.104192805338201133e-02	2.800052632577477996e-02	7.309014563814687782e-02
1.101560277649308091e+03	2.630712561743711597e-01	1.700117893122619350e-01	2.471222921368590453e-01	1.475436087668984542e-01	7.108111961695638692e-02	2.802091083112291311e-02	7.314902316133457816e-02
1.103011608713404712e+03	2.628436465785405907e-01	1.698649138373438949e-01	2.472862349553376637e-01	1.476358928157899819e-01	7.112024381856731081e-02	2.804126350410148308e-02	7.320780449012349866e-02
1.104462939777501106e+03	2.626164241806403510e-01	1.697182851308318141e-01	2.474499000543527727e-01	1.477280157037205444e-01	7.115930077691241806e-02	2.806158439795759102e-02	7.326648975538890829e-02
1.105914270841597499e+03	2.623895883214487079e-01	1.695719027774023613e-01	2.476132879018298205e-01	1.478199777347783406e-01	7.119829061045565566e-02	2.808187356584797637e-02	7.332507908804153374e-02
1.107365601905694348e+03	2.621631383428750794e-01	1.694257663624314514e-01	2.477763989649058585e-01	1.479117792122995878e-01	7.123721343742789314e-02	2.810213106083919027e-02	7.338357261902539452e-02
1.108816932969790741e+03	2.619370735879583689e-01	1.692798754719928855e-01	2.479392337099306232e-01	1.480034204388715469e-01	7.127606937582753321e-02	2.812235693590772051e-02	7.344197047931580458e-02
1.110268264033887590e+03	2.617113934008646337e-01	1.691342296928574629e-01	2.481017926024680076e-01	1.480949017163357140e-01	7.131485854342121955e-02	2.814255124394017885e-02	7.350027279991724893e-02
1.111719595097984211e+03	2.614860971268854195e-01	1.689888286124914263e-01	2.482640761072974489e-01	1.481862233457909017e-01	7.135358105774441961e-02	2.816271403773342938e-02	7.355847971186145473e-02
1.113170926162080832e+03	2.612611841124354295e-01	1.688436718190556574e-01	2.484260846884150942e-01	1.482773856275962365e-01	7.139223703610209082e-02	2.818284536999476897e-02	7.361659134620525402e-02
1.114622257226177226e+03	2.610366537050507474e-01	1.686987589014042888e-01	2.485878188090352159e-01	1.483683888613742952e-01	7.143082659556930503e-02	2.820294529334204520e-02	7.367460783402869640e-02
1.116073588290273847e+03	2.608125052533867283e-01	1.685540894490835384e-01	2.487492789315915442e-01	1.484592333460141023e-01	7.146934985299185916e-02	2.822301386030384024e-02	7.373252930643303671e-02
1.117524919354370468e+03	2.605887381072160003e-01	1.684096630523306271e-01	2.489104655177384884e-01	1.485499193796741280e-01	7.150780692498696911e-02	2.824305112331960965e-02	7.379035589453877830e-02
1.118976250418467089e+03	2.603653516174266880e-01	1.682654793020725847e-01	2.490713790283526352e-01	1.486404472597853132e-01	7.154619792794378319e-02	2.826305713473983849e-02	7.384808772948370237e-02
1.120427581482563710e+03	2.601423451360202477e-01	1.681215377899251684e-01	2.492320199235338041e-01	1.487308172830540676e-01	7.158452297802408992e-02	2.828303194682619051e-02	7.390572494242103607e-02
1.121878912546660331e+03	2.599197180161093579e-01	1.679778381081915017e-01	2.493923886626065733e-01	1.488210297454651276e-01	7.162278219116290090e-02	2.830297561175166773e-02	7.396326766451745416e-02
1.123330243610756725e+03	2.596974696119163650e-01	1.678343798498610762e-01	2.495524857041215017e-01	1.489110849422845828e-01	7.166097568306908916e-02	2.832288818160074578e-02	7.402071602695124708e-02
1.124781574674853118e+03	2.594755992787707299e-01	1.676911626086086127e-01	2.497123115058564324e-01	1.490009831680627894e-01	7.169910356922595818e-02	2.834276970836954734e-02	7.407807016091047525e-02
1.126232905738949967e+03	2.592541063731077511e-01	1.675481859787927574e-01	2.498718665248177984e-01	1.490907247166372573e-01	7.173716596489189412e-02	2.836262024396597747e-02	7.413533019759108167e-02
1.127684236803046360e+03	2.590329902524660666e-01	1.674054495554550825e-01	2.500311512172420092e-01	1.491803098811354811e-01	7.177516298510094872e-02	2.838243984020987973e-02	7.419249626819507393e-02
1.129135567867143209e+03	2.588122502754859333e-01	1.672629529343188926e-01	2.501901660385965065e-01	1.492697389539779096e-01	7.181309474466344989e-02	2.840222854883318535e-02	7.424956850392872010e-02
1.130586898931239830e+03	2.585918858019070621e-01	1.671206957117880865e-01	2.503489114435814011e-01	1.493590122268806941e-01	7.185096135816659846e-02	2.842198642148007284e-02	7.430654703600074462e-02
1.132038229995336451e+03	2.583718961925670077e-01	1.669786774849459088e-01	2.505073878861303616e-01	1.494481299908585192e-01	7.188876293997509270e-02	2.844171350970709639e-02	7.436343199562057971e-02
1.133489561059432845e+03	2.581522808093990595e-01	1.668368978515538947e-01	2.506655958194125011e-01	1.495370925362275172e-01	7.192649960423166955e-02	2.846140986498336273e-02	7.442022351399653346e-02
1.134940892123529466e+03	2.579330390154302433e-01	1.666953564100507601e-01	2.508235356958328777e-01	1.496259001526080157e-01	7.196417146485775684e-02	2.848107553869066305e-02	7.447692172233413843e-02
1.136392223187626087e+03	2.577141701747793778e-01	1.665540527595512632e-01	2.509812079670345475e-01	1.497145531289272302e-01	7.200177863555404234e-02	2.850071058212362562e-02	7.453352675183436138e-02
1.137843554251722708e+03	2.574956736526552992e-01	1.664129864998449004e-01	2.511386130838993980e-01	1.498030517534221229e-01	7.203932122980104269e-02	2.852031504648986499e-02	7.459003873369189630e-02
1.139294885315819101e+03	2.572775488153547507e-01	1.662721572313949348e-01	2.512957514965494243e-01	1.498913963136421224e-01	7.207679936085968631e-02	2.853988898291013807e-02	7.464645779909349910e-02
1.140746216379915950e+03	2.570597950302604962e-01	1.661315645553372855e-01	2.514526236543482840e-01	1.499795870964517608e-01	7.211421314177196562e-02	2.855943244241848297e-02	7.470278407921628061e-02
1.142197547444012343e+03	2.568424116658394318e-01	1.659912080734793072e-01	2.516092300059023512e-01	1.500676243880335603e-01	7.215156268536139506e-02	2.857894547596236817e-02	7.475901770522606904e-02
1.143648878508108737e+03	2.566253980916409216e-01	1.658510873882986514e-01	2.517655709990621049e-01	1.501555084738905588e-01	7.218884810423367715e-02	2.859842813440285209e-02	7.481515880827574461e-02
1.145100209572205586e+03	2.564087536782943544e-01	1.657112021029421567e-01	2.519216470809233499e-01	1.502432396388490299e-01	7.222606951077728543e-02	2.861788046851471493e-02	7.487120751950361586e-02
1.146551540636302207e+03	2.561924777975076450e-01	1.655715518212247384e-01	2.520774586978284937e-01	1.503308181670612031e-01	7.226322701716399177e-02	2.863730252898661482e-02	7.492716397003182371e-02
1.148002871700398828e+03	2.559765698220651808e-01	1.654321361476283336e-01	2.522330062953677121e-01	1.504182443420078175e-01	7.230032073534944925e-02	2.865669436642123702e-02	7.498302829096473165e-02
1.149454202764495449e+03	2.557610291258259894e-01	1.652929546873005695e-01	2.523882903183805593e-01	1.505055184465008411e-01	7.233735077707374728e-02	2.867605603133543610e-02	7.503880061338730201e-02
1.150905533828591842e+03	2.555458550837216292e-01	1.651540070460539023e-01	2.525433112109568556e-01	1.505926407626859975e-01	7.237431725386200831e-02	2.869538757416038172e-02	7.509448106836358328e-02
1.152356864892688463e+03	2.553310470717546909e-01	1.650152928303643129e-01	2.526980694164381869e-01	1.506796115720453744e-01	7.241122027702495689e-02	2.871468904524171126e-02	7.515006978693511419e-02
1.153808195956785084e+03	2.551166044669965771e-01	1.648768116473702250e-01	2.528525653774190141e-01	1.507664311554000325e-01	7.244805995765939144e-02	2.873396049483967554e-02	7.520556690011945267e-02
1.155259527020881706e+03	2.549025266475856144e-01	1.647385631048714494e-01	2.530067995357479504e-01	1.508530997929125317e-01	7.248483640664885042e-02	2.875320197312927761e-02	7.526097253890859373e-02
1.156710858084978327e+03	2.546888129927254996e-01	1.646005468113280745e-01	2.531607723325292048e-01	1.509396177640895120e-01	7.252154973466412580e-02	2.877241353020042192e-02	7.531628683426745685e-02
1.158162189149074720e+03	2.544754628826829124e-01	1.644627623758592172e-01	2.533144842081236359e-01	1.510259853477841918e-01	7.255820005216376267e-02	2.879159521605806349e-02	7.537150991713244264e-02
1.159613520213171569e+03	2.542624756987862389e-01	1.643252094082420789e-01	2.534679356021500296e-01	1.511122028221988933e-01	7.259478746939471150e-02	2.881074708062235021e-02	7.542664191840992016e-02
1.161064851277267962e+03	2.540498508234230735e-01	1.641878875189107245e-01	2.536211269534864865e-01	1.511982704648875964e-01	7.263131209639279995e-02	2.882986917372877197e-02	7.548168296897475593e-02
1.162516182341364356e+03	2.538375876400388309e-01	1.640507963189550555e-01	2.537740587002715320e-01	1.512841885527582697e-01	7.266777404298330190e-02	2.884896154512829256e-02	7.553663319966891221e-02
1.163967513405461204e+03	2.536256855331346372e-01	1.639139354201196719e-01	2.539267312799053933e-01	1.513699573620755356e-01	7.270417341878145090e-02	2.886802424448750917e-02	7.559149274129993434e-02
1.165418844469557826e+03	2.534141438882656638e-01	1.637773044348027618e-01	2.540791451290512204e-01	1.514555771684630014e-01	7.274051033319305082e-02	2.888705732138879129e-02	7.564626172463960463e-02
1.166870175533654447e+03	2.532029620920390189e-01	1.636409029760549916e-01	2.542313006836365297e-01	1.515410482469057019e-01	7.277678489541493378e-02	2.890606082533041937e-02	7.570094028042249901e-02
1.168321506597751068e+03	2.529921395321120814e-01	1.635047306575784232e-01	2.543831983788540363e-01	1.516263708717525693e-01	7.281299721443555695e-02	2.892503480572673411e-02	7.575552853934461317e-02
1.169772837661847461e+03	2.527816755971906693e-01	1.633687870937254316e-01	2.545348386491633197e-01	1.517115453167187655e-01	7.284914739903548819e-02	2.894397931190828208e-02	7.581002663206194703e-02
1.171224168725944082e+03	2.525715696770269858e-01	1.632330718994976226e-01	2.546862219282918782e-01	1.517965718548882348e-01	7.288523555778798901e-02	2.896289439312195110e-02	7.586443468918920019e-02
1.172675499790040703e+03	2.523618211624180652e-01	1.630975846905446114e-01	2.548373486492362949e-01	1.518814507587159246e-01	7.292126179905947247e-02	2.898178009853112289e-02	7.591875284129832868e-02
1.174126830854137097e+03	2.521524294452036075e-01	1.629623250831632175e-01	2.549882192442635698e-01	1.519661823000302003e-01	7.295722623101011384e-02	2.900063647721580831e-02	7.597298121891730982e-02
1.175578161918233945e+03	2.519433939182643689e-01	1.628272926942959942e-01	2.551388341449122854e-01	1.520507667500352600e-01	7.299312896159429465e-02	2.901946357817278971e-02	7.602711995252878219e-02
1.177029492982330339e+03	2.517347139755203855e-01	1.626924871415303953e-01	2.552891937819939949e-01	1.521352043793133269e-01	7.302897009856119948e-02	2.903826145031577002e-02	7.608116917256867173e-02
1.178480824046426733e+03	2.515263890119289747e-01	1.625579080430977208e-01	2.554392985855941656e-01	1.522194954578271198e-01	7.306474974945527390e-02	2.905703014247550467e-02	7.613512900942495665e-02
1.179932155110523581e+03	2.513184184234829588e-01	1.624235550178718401e-01	2.555891489850736775e-01	1.523036402549221291e-01	7.310046802161676571e-02	2.907576970339996111e-02	7.618899959343641837e-02
1.181383486174620202e+03	2.511108016072088334e-01	1.622894276853682760e-01	2.557387454090697676e-01	1.523876390393288094e-01	7.313612502218223843e-02	2.909448018175442990e-02	7.624278105489123991e-02
1.182834817238716823e+03	2.509035379611651573e-01	1.621555256657430388e-01	2.558880882854975836e-01	1.524714920791650774e-01	7.317172085808511250e-02	2.911316162612169814e-02	7.629647352402590954e-02
1.184286148302813444e+03	2.506966268844402768e-01	1.620218485797915720e-01	2.560371780415512388e-01	1.525551996419382828e-01	7.320725563605610942e-02	2.913181408500216743e-02	7.635007713102381910e-02
1.185737479366910065e+03	2.504900677771511042e-01	1.618883960489476415e-01	2.561860151037049227e-01	1.526387619945477891e-01	7.324272946262384842e-02	2.915043760681401003e-02	7.640359200601413991e-02
1.187188810431006686e+03	2.502838600404407310e-01	1.617551676952823370e-01	2.563345998977141771e-01	1.527221794032869728e-01	7.327814244411527678e-02	2.916903223989330066e-02	7.645701827907055992e-02
1.188640141495103080e+03	2.500780030764770956e-01	1.616221631415030169e-01	2.564829328486172288e-01	1.528054521338455263e-01	7.331349468665619706e-02	2.918759803249416224e-02	7.651035608021007628e-02
1.190091472559199701e+03	2.498724962884509571e-01	1.614893820109520595e-01	2.566310143807360999e-01	1.528885804513116509e-01	7.334878629617179457e-02	2.920613503278889425e-02	7.656360553939180191e-02
1.191542803623296322e+03	2.496673390805741188e-01	1.613568239276059191e-01	2.567788449176778842e-01	1.529715646201743884e-01	7.338401737838712302e-02	2.922464328886813234e-02	7.661676678651575811e-02
1.192994134687392716e+03	2.494625308580775969e-01	1.612244885160741270e-01	2.569264248823357466e-01	1.530544049043255916e-01	7.341918803882756250e-02	2.924312284874096626e-02	7.666983995142175046e-02
1.194445465751489564e+03	2.492580710272099265e-01	1.610923754015980702e-01	2.570737546968903109e-01	1.531371015670623115e-01	7.345429838281938850e-02	2.926157376033509602e-02	7.672282516388814755e-02
1.195896796815585958e+03	2.490539589952353861e-01	1.609604842100500477e-01	2.572208347828109920e-01	1.532196548710888229e-01	7.348934851549022984e-02	2.927999607149696024e-02	7.677572255363082632e-02
1.197348127879682352e+03	2.488501941704321097e-01	1.608288145679321879e-01	2.573676655608567732e-01	1.533020650785188177e-01	7.352433854176954053e-02	2.929838982999187838e-02	7.682853225030188138e-02
1.198799458943779200e+03	2.486467759620904494e-01	1.606973661023753386e-01	2.575142474510779267e-01	1.533843324508775696e-01	7.355926856638914102e-02	2.931675508350418957e-02	7.688125438348863971e-02
1.200250790007875821e+03	2.484437037805109771e-01	1.605661384411379844e-01	2.576605808728166802e-01	1.534664572491039880e-01	7.359413869388362062e-02	2.933509187963739134e-02	7.693388908271253657e-02
1.201702121071972442e+03	2.482409770370029856e-01	1.604351312126053308e-01	2.578066662447088819e-01	1.535484397335528384e-01	7.362894902859093427e-02	2.935340026591427842e-02	7.698643647742792195e-02
1.203153452136069063e+03	2.480385951438825176e-01	1.603043440457881108e-01	2.579525039846849443e-01	1.536302801639967130e-01	7.366369967465277724e-02	2.937168028977708151e-02	7.703889669702103371e-02
1.204604783200165684e+03	2.478365575144707011e-01	1.601737765703216132e-01	2.580980945099709545e-01	1.537119787996282794e-01	7.369839073601515411e-02	2.938993199858759564e-02	7.709126987080892890e-02
1.206056114264262078e+03	2.476348635630919448e-01	1.600434284164645726e-01	2.582434382370900616e-01	1.537935358990621393e-01	7.373302231642880900e-02	2.940815543962732939e-02	7.714355612803837359e-02
1.207507445328358699e+03	2.474335127050722172e-01	1.599132992150981147e-01	2.583885355818636431e-01	1.538749517203371053e-01	7.376759451944972512e-02	2.942635066009764364e-02	7.719575559788481589e-02
1.208958776392455093e+03	2.472325043567372704e-01	1.597833885977248125e-01	2.585333869594122480e-01	1.539562265209181158e-01	7.380210744843959669e-02	2.944451770711986605e-02	7.724786840945133126e-02
1.210410107456551941e+03	2.470318379354108640e-01	1.596536961964675205e-01	2.586779927841571514e-01	1.540373605576983995e-01	7.383656120656627297e-02	2.946265662773545416e-02	7.729989469176759553e-02
1.211861438520648335e+03	2.468315128594130714e-01	1.595242216440683480e-01	2.588223534698212425e-01	1.541183540870013358e-01	7.387095589680429952e-02	2.948076746890612027e-02	7.735183457378883021e-02
1.213312769584745183e+03	2.466315285480585040e-01	1.593949645738876875e-01	2.589664694294302461e-01	1.541992073645826189e-01	7.390529162193532065e-02	2.949885027751397021e-02	7.740368818439484488e-02
1.214764100648841804e+03	2.464318844216545901e-01	1.592659246199031320e-01	2.591103410753139991e-01	1.542799206456322014e-01	7.393956848454856512e-02	2.951690510036163173e-02	7.745545565238898256e-02
1.216215431712937971e+03	2.462325799014998540e-01	1.591371014167084486e-01	2.592539688191076164e-01	1.543604941847762646e-01	7.397378658704134580e-02	2.953493198417240367e-02	7.750713710649714816e-02
1.217666762777034819e+03	2.460336144098820566e-01	1.590084945995124954e-01	2.593973530717526010e-01	1.544409282360792168e-01	7.400794603161946206e-02	2.955293097559037394e-02	7.755873267536683713e-02
1.219118093841131440e+03	2.458349873700766408e-01	1.588801038041381952e-01	2.595404942434979545e-01	1.545212230530457476e-01	7.404204692029774104e-02	2.957090212118057213e-02	7.761024248756613619e-02
1.220569424905228061e+03	2.456366982063449278e-01	1.587519286670215635e-01	2.596833927439015088e-01	1.546013788886225759e-01	7.407608935490044011e-02	2.958884546742909100e-02	7.766166667158277970e-02
1.222020755969324682e+03	2.454387463439323125e-01	1.586239688252106261e-01	2.598260489818310370e-01	1.546813959952006712e-01	7.411007343706171868e-02	2.960676106074322869e-02	7.771300535582320590e-02
1.223472087033421303e+03	2.452411312090667095e-01	1.584962239163644204e-01	2.599684633654652521e-01	1.547612746246170012e-01	7.414399926822606846e-02	2.962464894745162752e-02	7.776425866861162717e-02
1.224923418097517697e+03	2.450438522289567489e-01	1.583686935787519401e-01	2.601106363022951951e-01	1.548410150281565312e-01	7.417786694964885463e-02	2.964250917380439193e-02	7.781542673818907241e-02
1.226374749161614318e+03	2.448469088317899722e-01	1.582413774512510807e-01	2.602525681991252338e-01	1.549206174565540550e-01	7.421167658239669063e-02	2.966034178597323767e-02	7.786650969271245726e-02
1.227826080225710712e+03	2.446503004467312781e-01	1.581142751733476681e-01	2.603942594620743400e-01	1.550000821599961665e-01	7.424542826734789602e-02	2.967814683005162713e-02	7.791750766025370978e-02
1.229277411289807560e+03	2.444540265039211180e-01	1.579873863851344040e-01	2.605357104965772552e-01	1.550794093881232016e-01	7.427912210519296843e-02	2.969592435205488032e-02	7.796842076879886840e-02
1.230728742353903954e+03	2.442580864344738312e-01	1.578607107273098664e-01	2.606769217073854894e-01	1.551585993900310434e-01	7.431275819643502756e-02	2.971367439792033799e-02	7.801924914624713825e-02
1.232180073418000802e+03	2.440624796704759791e-01	1.577342478411774551e-01	2.608178934985684871e-01	1.552376524142729530e-01	7.434633664139028708e-02	2.973139701350747607e-02	7.806999292041007232e-02
1.233631404482097196e+03	2.438672056449845416e-01	1.576079973686444480e-01	2.609586262735149598e-01	1.553165687088615687e-01	7.437985754018841544e-02	2.974909224459804102e-02	7.812065221901069723e-02
1.235082735546193817e+03	2.436722637920252788e-01	1.574819589522208907e-01	2.610991204349339956e-01	1.553953485212705987e-01	7.441332099277309098e-02	2.976676013689619205e-02	7.817122716968259721e-02
1.236534066610290438e+03	2.434776535465911218e-01	1.573561322350186253e-01	2.612393763848560035e-01	1.554739920984368196e-01	7.444672709890236273e-02	2.978440073602861560e-02	7.822171789996909541e-02
1.237985397674387059e+03	2.432833743446403407e-01	1.572305168607502912e-01	2.613793945246341011e-01	1.555524996867617415e-01	7.448007595814910842e-02	2.980201408754467804e-02	7.827212453732243502e-02
1.239436728738483680e+03	2.430894256230949346e-01	1.571051124737282145e-01	2.615191752549450022e-01	1.556308715321135516e-01	7.451336766990147853e-02	2.981960023691654707e-02	7.832244720910289115e-02
1.240888059802580301e+03	2.428958068198389664e-01	1.569799187188636036e-01	2.616587189757905163e-01	1.557091078798288897e-01	7.454660233336334041e-02	2.983715922953931315e-02	7.837268604257799365e-02
1.242339390866676695e+03	2.427025173737168140e-01	1.568549352416653830e-01	2.617980260864982700e-01	1.557872089747145694e-01	7.457978004755468071e-02	2.985469111073114218e-02	7.842284116492169443e-02
1.243790721930773088e+03	2.425095567245316441e-01	1.567301616882391668e-01	2.619370969857231501e-01	1.558651750610495212e-01	7.461290091131209112e-02	2.987219592573339688e-02	7.847291270321354872e-02
1.245242052994869937e+03	2.423169243130435524e-01	1.566055977052863424e-01	2.620759320714483032e-01	1.559430063825864299e-01	7.464596502328912919e-02	2.988967371971075829e-02	7.852290078443792398e-02
1.246693384058966330e+03	2.421246195809680368e-01	1.564812429401030713e-01	2.622145317409863008e-01	1.560207031825535384e-01	7.467897248195683180e-02	2.990712453775137836e-02	7.857280553548322277e-02
1.248144715123063179e+03	2.419326419709741938e-01	1.563570970405792349e-01	2.623528963909803058e-01	1.560982657036564247e-01	7.471192338560406210e-02	2.992454842486698408e-02	7.862262708314110560e-02
1.249596046187159800e+03	2.417409909266832746e-01	1.562331596551973789e-01	2.624910264174050711e-01	1.561756941880798055e-01	7.474481783233799526e-02	2.994194542599303011e-02	7.867236555410571375e-02
1.251047377251256421e+03	2.415496658926667706e-01	1.561094304330318261e-01	2.626289222155683278e-01	1.562529888774891185e-01	7.477765592008449314e-02	2.995931558598882369e-02	7.872202107497287826e-02
1.252498708315352815e+03	2.413586663144449140e-01	1.559859090237477042e-01	2.627665841801115620e-01	1.563301500130324373e-01	7.481043774658854839e-02	2.997665894963763913e-02	7.877159377223939829e-02
1.253950039379449436e+03	2.411679916384850408e-01	1.558625950775998359e-01	2.629040127050113473e-01	1.564071778353420261e-01	7.484316340941474244e-02	2.999397556164686701e-02	7.882108377230231944e-02
1.255401370443546057e+03	2.409776413121998140e-01	1.557394882454317675e-01	2.630412081835805105e-01	1.564840725845361991e-01	7.487583300594759239e-02	3.001126546664813557e-02	7.887049120145812886e-02
1.256852701507642678e+03	2.407876147839456693e-01	1.556165881786748806e-01	2.631781710084691306e-01	1.565608345002208746e-01	7.490844663339202292e-02	3.002852870919744260e-02	7.891981618590207526e-02
1.258304032571739299e+03	2.405979115030212057e-01	1.554938945293472541e-01	2.633149015716656494e-01	1.566374638214914072e-01	7.494100438877376869e-02	3.004576533377527683e-02	7.896905885172743333e-02
1.259755363635835920e+03	2.404085309196654363e-01	1.553714069500527761e-01	2.634514002644982589e-01	1.567139607869341700e-01	7.497350636893979070e-02	3.006297538478675674e-02	7.901821932492479605e-02
1.261206694699932314e+03	2.402194724850562624e-01	1.552491250939802003e-01	2.635876674776355122e-01	1.567903256346282193e-01	7.500595267055866489e-02	3.008015890656174848e-02	7.906729773138139461e-02
1.262658025764028707e+03	2.400307356513087520e-01	1.551270486149020078e-01	2.637237036010878777e-01	1.568665586021470437e-01	7.503834339012102617e-02	3.009731594335500818e-02	7.911629419688033515e-02
1.264109356828125556e+03	2.398423198714735305e-01	1.550051771671735745e-01	2.638595090242085717e-01	1.569426599265601463e-01	7.507067862393995705e-02	3.011444653934629637e-02	7.916520884709998818e-02
1.265560687892221949e+03	2.396542245995352260e-01	1.548835104057320333e-01	2.639950841356948352e-01	1.570186298444347095e-01	7.510295846815141785e-02	3.013155073864051334e-02	7.921404180761326685e-02
1.267012018956318798e+03	2.394664492904107211e-01	1.547620479860954690e-01	2.641304293235890999e-01	1.570944685918372608e-01	7.513518301871463523e-02	3.014862858526782055e-02	7.926279320388696092e-02
1.268463350020415419e+03	2.392789933999476260e-01	1.546407895643618358e-01	2.642655449752798758e-01	1.571701764043352267e-01	7.516735237141249082e-02	3.016568012318378289e-02	7.931146316128108442e-02
1.269914681084511813e+03	2.390918563849226408e-01	1.545197347972080415e-01	2.644004314775029174e-01	1.572457535169986542e-01	7.519946662185199304e-02	3.018270539626947274e-02	7.936005180504819567e-02
1.271366012148608434e+03	2.389050377030398908e-01	1.543988833418888373e-01	2.645350892163424450e-01	1.573212001644017088e-01	7.523152586546458243e-02	3.019970444833161918e-02	7.940855926033278667e-02
1.272817343212705055e+03	2.387185368129293439e-01	1.542782348562360129e-01	2.646695185772321435e-01	1.573965165806243405e-01	7.526353019750660345e-02	3.021667732310272247e-02	7.945698565217060305e-02
1.274268674276801676e+03	2.385323531741452840e-01	1.541577889986573968e-01	2.648037199449562729e-01	1.574717029992539208e-01	7.529547971305970699e-02	3.023362406424118243e-02	7.950533110548801963e-02
1.275720005340898297e+03	2.383464862471645074e-01	1.540375454281357470e-01	2.649376937036507229e-01	1.575467596533866865e-01	7.532737450703118343e-02	3.025054471533142331e-02	7.955359574510142973e-02
1.277171336404994690e+03	2.381609354933849898e-01	1.539175038042279731e-01	2.650714402368041789e-01	1.576216867756294604e-01	7.535921467415442054e-02	3.026743931988402567e-02	7.960177969571664847e-02
1.278622667469091539e+03	2.379757003751240274e-01	1.537976637870639984e-01	2.652049599272591762e-01	1.576964845981011221e-01	7.539100030898926441e-02	3.028430792133584779e-02	7.964988308192824662e-02
1.280073998533187932e+03	2.377907803556167377e-01	1.536780250373459000e-01	2.653382531572132108e-01	1.577711533524341903e-01	7.542273150592244957e-02	3.030115056305015056e-02	7.969790602821895387e-02
1.281525329597284326e+03	2.376061748990145606e-01	1.535585872163469368e-01	2.654713203082198492e-01	1.578456932697764048e-01	7.545440835916794597e-02	3.031796728831672935e-02	7.974584865895911756e-02
1.282976660661381175e+03	2.374218834703834824e-01	1.534393499859105503e-01	2.656041617611897832e-01	1.579201045807922532e-01	7.548603096276737534e-02	3.033475814035202847e-02	7.979371109840607823e-02
1.284427991725477568e+03	2.372379055357026201e-01	1.533203130084494492e-01	2.657367778963917182e-01	1.579943875156644695e-01	7.551759941059039971e-02	3.035152316229927996e-02	7.984149347070355895e-02
1.285879322789574417e+03	2.370542405618625559e-01	1.532014759469445819e-01	2.658691690934539276e-01	1.580685423040955606e-01	7.554911379633509616e-02	3.036826239722861462e-02	7.988919589988113801e-02
1.287330653853671038e+03	2.368708880166637554e-01	1.530828384649442486e-01	2.660013357313649185e-01	1.581425691753093887e-01	7.558057421352834537e-02	3.038497588813719036e-02	7.993681850985367987e-02
1.288781984917767431e+03	2.366878473688149020e-01	1.529644002265631297e-01	2.661332781884745979e-01	1.582164683580525866e-01	7.561198075552623410e-02	3.040166367794933100e-02	7.998436142442071073e-02
1.290233315981864052e+03	2.365051180879315096e-01	1.528461608964813145e-01	2.662649968424954938e-01	1.582902400805961396e-01	7.564333351551444373e-02	3.041832580951662687e-02	8.003182476726596051e-02
