1.001418434226643626e+03	2.797505158094601985e-01	1.807694201265552802e-01	2.350942622629556555e-01	1.407740027400504745e-01	6.820210122591226221e-02	2.655952681371049479e-02	6.885017102116125498e-02
1.002869765290740247e+03	2.794945438697131745e-01	1.806044732907640116e-01	2.352781767128866997e-01	1.408783732589869442e-01	6.824621056222016091e-02	2.658235538898719857e-02	6.891586691624744521e-02
1.004321096354836754e+03	2.792390075665528992e-01	1.804398035060875982e-01	2.354617770796023912e-01	1.409825608807819819e-01	6.829024451409003438e-02	2.660514799746535597e-02	6.898145845522532515e-02
1.005772427418933376e+03	2.789839061582232715e-01	1.802754103055371759e-01	2.356450638926673169e-01	1.410865659662803862e-01	6.833420321599119329e-02	2.662790469943286317e-02	6.904694576167327846e-02
1.007223758483029997e+03	2.787292389042462237e-01	1.801112932229111396e-01	2.358280376807582734e-01	1.411903888753175129e-01	6.837808680211519829e-02	2.665062555507526423e-02	6.911232895938196341e-02
1.008675089547126618e+03	2.784750050654189457e-01	1.799474517927936168e-01	2.360106989716656556e-01	1.412940299667241328e-01	6.842189540637666489e-02	2.667331062447594534e-02	6.917760817235060755e-02
1.010126420611223239e+03	2.782212039038119422e-01	1.797838855505533573e-01	2.361930482922950658e-01	1.413974895983313718e-01	6.846562916241404062e-02	2.669595996761629439e-02	6.924278352478344112e-02
1.011577751675319632e+03	2.779678346827667568e-01	1.796205940323423178e-01	2.363750861686686189e-01	1.415007681269755124e-01	6.850928820359045157e-02	2.671857364437587104e-02	6.930785514108595002e-02
1.013029082739416367e+03	2.777148966668933627e-01	1.794575767750944129e-01	2.365568131259264961e-01	1.416038659085026852e-01	6.855287266299452120e-02	2.674115171453260095e-02	6.937282314586142029e-02
1.014480413803512761e+03	2.774623891220681648e-01	1.792948333165240715e-01	2.367382296883282222e-01	1.417067832977736419e-01	6.859638267344106421e-02	2.676369423776293541e-02	6.943768766390737146e-02
1.015931744867609382e+03	2.772103113154315013e-01	1.791323631951250439e-01	2.369193363792543583e-01	1.418095206486685578e-01	6.863981836747201637e-02	2.678620127364202824e-02	6.950244882021196224e-02
1.017383075931706003e+03	2.769586625153854786e-01	1.789701659501689579e-01	2.371001337212077786e-01	1.419120783140915554e-01	6.868317987735712837e-02	2.680867288164391626e-02	6.956710673995064598e-02
1.018834406995802851e+03	2.767074419915915851e-01	1.788082411217042089e-01	2.372806222358151140e-01	1.420144566459754232e-01	6.872646733509484018e-02	2.683110912114168231e-02	6.963166154848256240e-02
1.020285738059899245e+03	2.764566490149685252e-01	1.786465882505544889e-01	2.374608024438282228e-01	1.421166559952862507e-01	6.876968087241300265e-02	2.685351005140763567e-02	6.969611337134724860e-02
1.021737069123995752e+03	2.762062828576899443e-01	1.784852068783174817e-01	2.376406748651256062e-01	1.422186767120279249e-01	6.881282062076969630e-02	2.687587573161348900e-02	6.976046233426115573e-02
1.023188400188092373e+03	2.759563427931820412e-01	1.783240965473636697e-01	2.378202400187139076e-01	1.423205191452467933e-01	6.885588671135405014e-02	2.689820622083051796e-02	6.982470856311431828e-02
1.024639731252188767e+03	2.757068280961213480e-01	1.781632568008349737e-01	2.379994984227292443e-01	1.424221836430360211e-01	6.889887927508696330e-02	2.692050157802974505e-02	6.988885218396700960e-02
1.026091062316285615e+03	2.754577380424325650e-01	1.780026871826433654e-01	2.381784505944387065e-01	1.425236705525402270e-01	6.894179844262192380e-02	2.694276186208211313e-02	6.995289332304643892e-02
1.027542393380382237e+03	2.752090719092861737e-01	1.778423872374697012e-01	2.383570970502417452e-01	1.426249802199597849e-01	6.898464434434575798e-02	2.696498713175863801e-02	7.001683210674350399e-02
1.028993724444478858e+03	2.749608289750963275e-01	1.776823565107624181e-01	2.385354383056716432e-01	1.427261129905553760e-01	6.902741711037949091e-02	2.698717744573060975e-02	7.008066866160950203e-02
1.030445055508575479e+03	2.747130085195184646e-01	1.775225945487361734e-01	2.387134748753968472e-01	1.428270692086523186e-01	6.907011687057898475e-02	2.700933286256974181e-02	7.014440311435292397e-02
1.031896386572671872e+03	2.744656098234471431e-01	1.773631008983705126e-01	2.388912072732224945e-01	1.429278492176448701e-01	6.911274375453582697e-02	2.703145344074834103e-02	7.020803559183627640e-02
1.033347717636768493e+03	2.742186321690138207e-01	1.772038751074087592e-01	2.390686360120917453e-01	1.430284533600006958e-01	6.915529789157801033e-02	2.705353923863949503e-02	7.027156622107290362e-02
1.034799048700865114e+03	2.739720748395846339e-01	1.770449167243565991e-01	2.392457616040873092e-01	1.431288819772650045e-01	6.919777941077077943e-02	2.707559031451722831e-02	7.033499512922387897e-02
1.036250379764961508e+03	2.737259371197580671e-01	1.768862252984808037e-01	2.394225845604326941e-01	1.432291354100649894e-01	6.924018844091732461e-02	2.709760672655667918e-02	7.039832244359485458e-02
1.037701710829058356e+03	2.734802182953628424e-01	1.767278003798079256e-01	2.395991053914937885e-01	1.433292139981138802e-01	6.928252511055960072e-02	2.711958853283426285e-02	7.046154829163302213e-02
1.039153041893154750e+03	2.732349176534557555e-01	1.765696415191231605e-01	2.397753246067801658e-01	1.434291180802153287e-01	6.932478954797902104e-02	2.714153579132785182e-02	7.052467280092405977e-02
1.040604372957251599e+03	2.729900344823192326e-01	1.764117482679688487e-01	2.399512427149464722e-01	1.435288479942674611e-01	6.936698188119726216e-02	2.716344855991692508e-02	7.058769609918906507e-02
1.042055704021347992e+03	2.727455680714593877e-01	1.762541201786434197e-01	2.401268602237940086e-01	1.436284040772670967e-01	6.940910223797698564e-02	2.718532689638276240e-02	7.065061831428159911e-02
1.043507035085444613e+03	2.725015177116036913e-01	1.760967568041999221e-01	2.403021776402718412e-01	1.437277866653138836e-01	6.945115074582258741e-02	2.720717085840859348e-02	7.071343957418471660e-02
1.044958366149541234e+03	2.722578826946987496e-01	1.759396576984448846e-01	2.404771954704784942e-01	1.438269960936143232e-01	6.949312753198097492e-02	2.722898050357977148e-02	7.077616000700800991e-02
1.046409697213637855e+03	2.720146623139081399e-01	1.757828224159370956e-01	2.406519142196631711e-01	1.439260326964859338e-01	6.953503272344227493e-02	2.725075588938394994e-02	7.083877974098466701e-02
1.047861028277734476e+03	2.717718558636103010e-01	1.756262505119861039e-01	2.408263343922271982e-01	1.440248968073611913e-01	6.957686644694058287e-02	2.727249707321122846e-02	7.090129890446862648e-02
1.049312359341831097e+03	2.715294626393961464e-01	1.754699415426511921e-01	2.410004564917254677e-01	1.441235887587916653e-01	6.961862882895468452e-02	2.729420411235434357e-02	7.096371762593167709e-02
1.050763690405927491e+03	2.712874819380672320e-01	1.753138950647400440e-01	2.411742810208677146e-01	1.442221088824518771e-01	6.966031999570883315e-02	2.731587706400882831e-02	7.102603603396061283e-02
1.052215021470024112e+03	2.710459130576332032e-01	1.751581106358073847e-01	2.413478084815200708e-01	1.443204575091433517e-01	6.970194007317344342e-02	2.733751598527316487e-02	7.108825425725447122e-02
1.053666352534120733e+03	2.708047552973099625e-01	1.750025878141538704e-01	2.415210393747063145e-01	1.444186349687985316e-01	6.974348918706581302e-02	2.735912093314897542e-02	7.115037242462167455e-02
1.055117683598217127e+03	2.705640079575172274e-01	1.748473261588247285e-01	2.416939742006092851e-01	1.445166415904846624e-01	6.978496746285085817e-02	2.738069196454116436e-02	7.121239066497729586e-02
1.056569014662313975e+03	2.703236703398763652e-01	1.746923252296085360e-01	2.418666134585723826e-01	1.446144777024076511e-01	6.982637502574186306e-02	2.740222913625809872e-02	7.127430910734032510e-02
1.058020345726410369e+03	2.700837417472085611e-01	1.745375845870359988e-01	2.420389576471007331e-01	1.447121436319160348e-01	6.986771200070115984e-02	2.742373250501177126e-02	7.133612788083096290e-02
1.059471676790506763e+03	2.698442214835324870e-01	1.743831037923785632e-01	2.422110072638627709e-01	1.448096397055046447e-01	6.990897851244085026e-02	2.744520212741796347e-02	7.139784711466787281e-02
1.060923007854603611e+03	2.696051088540619700e-01	1.742288824076475007e-01	2.423827628056915984e-01	1.449069662488185195e-01	6.995017468542355510e-02	2.746663805999641217e-02	7.145946693816560003e-02
1.062374338918700232e+03	2.693664031652041047e-01	1.740749199955922144e-01	2.425542247685862074e-01	1.450041235866567357e-01	6.999130064386303862e-02	2.748804035917096905e-02	7.152098748073186518e-02
1.063825669982796853e+03	2.691281037245570329e-01	1.739212161196993789e-01	2.427253936477129503e-01	1.451011120429760437e-01	7.003235651172504128e-02	2.750940908126977072e-02	7.158240887186496926e-02
1.065277001046893474e+03	2.688902098409077790e-01	1.737677703441914134e-01	2.428962699374069834e-01	1.451979319408945590e-01	7.007334241272784869e-02	2.753074428252539826e-02	7.164373124115118452e-02
1.066728332110990095e+03	2.686527208242301401e-01	1.736145822340254552e-01	2.430668541311735709e-01	1.452945836026956483e-01	7.011425847034309655e-02	2.755204601907505074e-02	7.170495471826221490e-02
1.068179663175086489e+03	2.684156359856826324e-01	1.734616513548919992e-01	2.432371467216893068e-01	1.453910673498314543e-01	7.015510480779640901e-02	2.757331434696069436e-02	7.176607943295262859e-02
1.069630994239183110e+03	2.681789546376062705e-01	1.733089772732137046e-01	2.434071482008038356e-01	1.454873835029266149e-01	7.019588154806812030e-02	2.759454932212923595e-02	7.182710551505730456e-02
1.071082325303279504e+03	2.679426760935225138e-01	1.731565595561442017e-01	2.435768590595408511e-01	1.455835323817819271e-01	7.023658881389395481e-02	2.761575100043268255e-02	7.188803309448899004e-02
1.072533656367376352e+03	2.677067996681311013e-01	1.730043977715667314e-01	2.437462797880997067e-01	1.456795143053777886e-01	7.027722672776570700e-02	2.763691943762830103e-02	7.194886230123578863e-02
1.073984987431472746e+03	2.674713246773079423e-01	1.728524914880930630e-01	2.439154108758566086e-01	1.457753295918780279e-01	7.031779541193197702e-02	2.765805468937878459e-02	7.200959326535869010e-02
1.075436318495569594e+03	2.672362504381031734e-01	1.727008402750622174e-01	2.440842528113660870e-01	1.458709785586332630e-01	7.035829498839876739e-02	2.767915681125241584e-02	7.207022611698914172e-02
1.076887649559666215e+03	2.670015762687388827e-01	1.725494437025391348e-01	2.442528060823623559e-01	1.459664615221845374e-01	7.039872557893026017e-02	2.770022585872321946e-02	7.213076098632667521e-02
1.078338980623762609e+03	2.667673014886070559e-01	1.723983013413136478e-01	2.444210711757605348e-01	1.460617787982667892e-01	7.043908730504939986e-02	2.772126188717113568e-02	7.219119800363649198e-02
1.079790311687859230e+03	2.665334254182675222e-01	1.722474127628991214e-01	2.445890485776581746e-01	1.461569307018123487e-01	7.047938028803862887e-02	2.774226495188217290e-02	7.225153729924706225e-02
1.081241642751955851e+03	2.662999473794459560e-01	1.720967775395312871e-01	2.447567387733364241e-01	1.462519175469544352e-01	7.051960464894055369e-02	2.776323510804857078e-02	7.231177900354782140e-02
1.082692973816052472e+03	2.660668666950315453e-01	1.719463952441669663e-01	2.449241422472615837e-01	1.463467396470305437e-01	7.055976050855858328e-02	2.778417241076896332e-02	7.237192324698686619e-02
1.084144304880149093e+03	2.658341826890751602e-01	1.717962654504829600e-01	2.450912594830862434e-01	1.464413973145859693e-01	7.059984798745762291e-02	2.780507691504853843e-02	7.243197016006858169e-02
1.085595635944245487e+03	2.656018946867871322e-01	1.716463877328747445e-01	2.452580909636508655e-01	1.465358908613770550e-01	7.063986720596468483e-02	2.782594867579919057e-02	7.249191987335139309e-02
1.087046967008342108e+03	2.653700020145353666e-01	1.714967616664552774e-01	2.454246371709848662e-01	1.466302205983746887e-01	7.067981828416966539e-02	2.784678774783969427e-02	7.255177251744553135e-02
1.088498298072438729e+03	2.651385039998430115e-01	1.713473868270538325e-01	2.455908985863081151e-01	1.467243868357676617e-01	7.071970134192585855e-02	2.786759418589584633e-02	7.261152822301077114e-02
1.089949629136535123e+03	2.649073999713866812e-01	1.711982627912147781e-01	2.457568756900322116e-01	1.468183898829659162e-01	7.075951649885070527e-02	2.788836804460064628e-02	7.267118712075419651e-02
1.091400960200631971e+03	2.646766892589941800e-01	1.710493891361962726e-01	2.459225689617619004e-01	1.469122300486038757e-01	7.079926387432639023e-02	2.790910937849443163e-02	7.273074934142802206e-02
1.092852291264728365e+03	2.644463711936426709e-01	1.709007654399692377e-01	2.460879788802963208e-01	1.470059076405438314e-01	7.083894358750052189e-02	2.792981824202505139e-02	7.279021501582742804e-02
1.094303622328825213e+03	2.642164451074563436e-01	1.707523912812161093e-01	2.462531059236303388e-01	1.470994229658791341e-01	7.087855575728677082e-02	2.795049468954802219e-02	7.284958427478835374e-02
1.095754953392921607e+03	2.639869103337046385e-01	1.706042662393294496e-01	2.464179505689559624e-01	1.471927763309374138e-01	7.091810050236552199e-02	2.797113877532668783e-02	7.290885724918538813e-02
1.097206284457018228e+03	2.637577662068000262e-01	1.704563898944110034e-01	2.465825132926635632e-01	1.472859680412838546e-01	7.095757794118447148e-02	2.799175055353237199e-02	7.296803406992970198e-02
1.098657615521114849e+03	2.635290120622962307e-01	1.703087618272704495e-01	2.467467945703432919e-01	1.473789984017243870e-01	7.099698819195929267e-02	2.801233007824453433e-02	7.302711486796682749e-02
1.100108946585211470e+03	2.633006472368858430e-01	1.701613816194239848e-01	2.469107948767862715e-01	1.474718677163089353e-01	7.103633137267430231e-02	2.803287740345093357e-02	7.308609977427472926e-02
1.101560277649308091e+03	2.630726710683985448e-01	1.700142488530935192e-01	2.470745146859860963e-01	1.475645762883344425e-01	7.107560760108301567e-02	2.805339258304778011e-02	7.314498891986161155e-02
1.103011608713404712e+03	2.628450828957989982e-01	1.698673631112050664e-01	2.472379544711400812e-01	1.476571244203481459e-01	7.111481699470884044e-02	2.807387567083989913e-02	7.320378243576393384e-02
1.104462939777501106e+03	2.626178820591848484e-01	1.697207239773879106e-01	2.474011147046504822e-01	1.477495124141506300e-01	7.115395967084568729e-02	2.809432672054088323e-02	7.326248045304444012e-02
1.105914270841597499e+03	2.623910678997848911e-01	1.695743310359732470e-01	2.475639958581259126e-01	1.478417405707989907e-01	7.119303574655853895e-02	2.811474578577323816e-02	7.332108310279006336e-02
1.107365601905694348e+03	2.621646397599566858e-01	1.694281838719930156e-01	2.477265984023826750e-01	1.479338091906098329e-01	7.123204533868415789e-02	2.813513292006855626e-02	7.337959051610999650e-02
1.108816932969790741e+03	2.619385969831847794e-01	1.692822820711787357e-01	2.478889228074459272e-01	1.480257185731624348e-01	7.127098856383164149e-02	2.815548817686766223e-02	7.343800282413369407e-02
1.110268264033887590e+03	2.617129389140788187e-01	1.691366252199603681e-01	2.480509695425512362e-01	1.481174690173017450e-01	7.130986553838304653e-02	2.817581160952076225e-02	7.349632015800899865e-02
1.111719595097984211e+03	2.614876648983712748e-01	1.689912129054650103e-01	2.482127390761456331e-01	1.482090608211413529e-01	7.134867637849401367e-02	2.819610327128762098e-02	7.355454264890012861e-02
1.113170926162080832e+03	2.612627742829156108e-01	1.688460447155158417e-01	2.483742318758890844e-01	1.483004942820665972e-01	7.138742120009436420e-02	2.821636321533768990e-02	7.361267042798580462e-02
1.114622257226177226e+03	2.610382664156843946e-01	1.687011202386309860e-01	2.485354484086557125e-01	1.483917696967375355e-01	7.142610011888872457e-02	2.823659149475027733e-02	7.367070362645736226e-02
1.116073588290273847e+03	2.608141406457671896e-01	1.685564390640221788e-01	2.486963891405351845e-01	1.484828873610918309e-01	7.146471325035710920e-02	2.825678816251469758e-02	7.372864237551686462e-02
1.117524919354370468e+03	2.605903963233685006e-01	1.684120007815937403e-01	2.488570545368338771e-01	1.485738475703477779e-01	7.150326070975550341e-02	2.827695327153043059e-02	7.378648680637524271e-02
1.118976250418467089e+03	2.603670327998058864e-01	1.682678049819414101e-01	2.490174450620762370e-01	1.486646506190072159e-01	7.154174261211651564e-02	2.829708687460726416e-02	7.384423705025049134e-02
1.120427581482563710e+03	2.601440494275081283e-01	1.681238512563510423e-01	2.491775611800061963e-01	1.487552968008584997e-01	7.158015907224996033e-02	2.831718902446545699e-02	7.390189323836580948e-02
1.121878912546660331e+03	2.599214455600129536e-01	1.679801391967975510e-01	2.493374033535882828e-01	1.488457864089792471e-01	7.161851020474338525e-02	2.833725977373589139e-02	7.395945550194781004e-02
1.123330243610756725e+03	2.596992205519653707e-01	1.678366683959437444e-01	2.494969720450089523e-01	1.489361197357393363e-01	7.165679612396273768e-02	2.835729917496021893e-02	7.401692397222472963e-02
1.124781574674853118e+03	2.594773737591155038e-01	1.676934384471392148e-01	2.496562677156780319e-01	1.490262970728037650e-01	7.169501694405291947e-02	2.837730728059102009e-02	7.407429878042467997e-02
1.126232905738949967e+03	2.592559045383167615e-01	1.675504489444190337e-01	2.498152908262297189e-01	1.491163187111353983e-01	7.173317277893839772e-02	2.839728414299195342e-02	7.413158005777385762e-02
1.127684236803046360e+03	2.590348122475237824e-01	1.674076994825027531e-01	2.499740418365241634e-01	1.492061849409979102e-01	7.177126374232373207e-02	2.841722981443791166e-02	7.418876793549483706e-02
1.129135567867143209e+03	2.588140962457906591e-01	1.672651896567931284e-01	2.501325212056486058e-01	1.492958960519585043e-01	7.180928994769422702e-02	2.843714434711516054e-02	7.424586254480484981e-02
1.130586898931239830e+03	2.585937558932687175e-01	1.671229190633750361e-01	2.502907293919186538e-01	1.493854523328906614e-01	7.184725150831641760e-02	2.845702779312150876e-02	7.430286401691406362e-02
1.132038229995336451e+03	2.583737905512049626e-01	1.669808872990143356e-01	2.504486668528795867e-01	1.494748540719771090e-01	7.188514853723874942e-02	2.847688020446644680e-02	7.435977248302390319e-02
1.133489561059432845e+03	2.581541995819397473e-01	1.668390939611566481e-01	2.506063340453075772e-01	1.495641015567123200e-01	7.192298114729206437e-02	2.849670163307129953e-02	7.441658807432541267e-02
1.134940892123529466e+03	2.579349823489051063e-01	1.666975386479263022e-01	2.507637314252110228e-01	1.496531950739054262e-01	7.196074945109023902e-02	2.851649213076937889e-02	7.447331092199753477e-02
1.136392223187626087e+03	2.577161382166226478e-01	1.665562209581251396e-01	2.509208594478319898e-01	1.497421349096828835e-01	7.199845356103067029e-02	2.853625174930613656e-02	7.452994115720554258e-02
1.137843554251722708e+03	2.574976665507017204e-01	1.664151404912314058e-01	2.510777185676471013e-01	1.498309213494911085e-01	7.203609358929492779e-02	2.855598054033930619e-02	7.458647891109936034e-02
1.139294885315819101e+03	2.572795667178376378e-01	1.662742968473985283e-01	2.512343092383692023e-01	1.499195546780993094e-01	7.207366964784926722e-02	2.857567855543905952e-02	7.464292431481200918e-02
1.140746216379915950e+03	2.570618380858094576e-01	1.661336896274540620e-01	2.513906319129481370e-01	1.500080351796020117e-01	7.211118184844518553e-02	2.859534584608815905e-02	7.469927749945795559e-02
1.142197547444012343e+03	2.568444800234783165e-01	1.659933184328985789e-01	2.515466870435726365e-01	1.500963631374217511e-01	7.214863030262001764e-02	2.861498246368210027e-02	7.475553859613159879e-02
1.143648878508108737e+03	2.566274919007853761e-01	1.658531828659044194e-01	2.517024750816711509e-01	1.501845388343117649e-01	7.218601512169742218e-02	2.863458845952926088e-02	7.481170773590566092e-02
1.145100209572205586e+03	2.564108730887499910e-01	1.657132825293146094e-01	2.518579964779131264e-01	1.502725625523585462e-01	7.222333641678804761e-02	2.865416388485104993e-02	7.486778504982966043e-02
1.146551540636302207e+03	2.561946229594678770e-01	1.655736170266418339e-01	2.520132516822105040e-01	1.503604345729844527e-01	7.226059429878992080e-02	2.867370879078207091e-02	7.492377066892839943e-02
1.148002871700398828e+03	2.559787408861088909e-01	1.654341859620671595e-01	2.521682411437188298e-01	1.504481551769503711e-01	7.229778887838918255e-02	2.869322322837025013e-02	7.497966472420040940e-02
1.149454202764495449e+03	2.557632262429156977e-01	1.652949889404389527e-01	2.523229653108383097e-01	1.505357246443581321e-01	7.233492026606046232e-02	2.871270724857698589e-02	7.503546734661650786e-02
1.150905533828591842e+03	2.555480784052012733e-01	1.651560255672718247e-01	2.524774246312155856e-01	1.506231432546532578e-01	7.237198857206754432e-02	2.873216090227731501e-02	7.509117866711825795e-02
1.152356864892688463e+03	2.553332967493474603e-01	1.650172954487454380e-01	2.526316195517444574e-01	1.507104112866273493e-01	7.240899390646382550e-02	2.875158424026004120e-02	7.514679881661651129e-02
1.153808195956785084e+03	2.551188806528028596e-01	1.648787981917033962e-01	2.527855505185673257e-01	1.507975290184206951e-01	7.244593637909291228e-02	2.877097731322788773e-02	7.520232792598995075e-02
1.155259527020881706e+03	2.549048294940811088e-01	1.647405334036521340e-01	2.529392179770766358e-01	1.508844967275246862e-01	7.248281609958910632e-02	2.879034017179765009e-02	7.525776612608368887e-02
1.156710858084978327e+03	2.546911426527588840e-01	1.646025006927598067e-01	2.530926223719157098e-01	1.509713146907844528e-01	7.251963317737801507e-02	2.880967286650033821e-02	7.531311354770779676e-02
1.158162189149074720e+03	2.544778195094739570e-01	1.644646996678551798e-01	2.532457641469805232e-01	1.510579831844011955e-01	7.255638772167698203e-02	2.882897544778132218e-02	7.536837032163587469e-02
1.159613520213171569e+03	2.542648594459235301e-01	1.643271299384264361e-01	2.533986437454204821e-01	1.511445024839347673e-01	7.259307984149571125e-02	2.884824796600047453e-02	7.542353657860369209e-02
1.161064851277267962e+03	2.540522618448622372e-01	1.641897911146202316e-01	2.535512616096397553e-01	1.512308728643060041e-01	7.262970964563669751e-02	2.886749047143232633e-02	7.547861244930781366e-02
1.162516182341364356e+03	2.538400260901004235e-01	1.640526828072404464e-01	2.537036181812986624e-01	1.513170945997993067e-01	7.266627724269585087e-02	2.888670301426620943e-02	7.553359806440415603e-02
1.163967513405461204e+03	2.536281515665020914e-01	1.639158046277471026e-01	2.538557139013148944e-01	1.514031679640649164e-01	7.270278274106296845e-02	2.890588564460640567e-02	7.558849355450669716e-02
1.165418844469557826e+03	2.534166376599831239e-01	1.637791561882552538e-01	2.540075492098647358e-01	1.514890932301213577e-01	7.273922624892224797e-02	2.892503841247227175e-02	7.564329905018613021e-02
1.166870175533654447e+03	2.532054837575095085e-01	1.636427371015339305e-01	2.541591245463841187e-01	1.515748706703579085e-01	7.277560787425278732e-02	2.894416136779840928e-02	7.569801468196846184e-02
1.168321506597751068e+03	2.529946892470954500e-01	1.635065469810050853e-01	2.543104403495699550e-01	1.516605005565368480e-01	7.281192772482919517e-02	2.896325456043479310e-02	7.575264058033379100e-02
1.169772837661847461e+03	2.527842535178014272e-01	1.633705854407422886e-01	2.544614970573816359e-01	1.517459831597958719e-01	7.284818590822199347e-02	2.898231804014693089e-02	7.580717687571490726e-02
1.171224168725944082e+03	2.525741759597325831e-01	1.632348520954698123e-01	2.546122951070418083e-01	1.518313187506505624e-01	7.288438253179818638e-02	2.900135185661599155e-02	7.586162369849609732e-02
1.172675499790040703e+03	2.523644559640367824e-01	1.630993465605615200e-01	2.547628349350378740e-01	1.519165075989964697e-01	7.292051770272175992e-02	2.902035605943895785e-02	7.591598117901175724e-02
1.174126830854137097e+03	2.521550929229025018e-01	1.629640684520397009e-01	2.549131169771231553e-01	1.520015499741116105e-01	7.295659152795419544e-02	2.903933069812876522e-02	7.597024944754524056e-02
1.175578161918233945e+03	2.519460862295574421e-01	1.628290173865739598e-01	2.550631416683180608e-01	1.520864461446587712e-01	7.299260411425495532e-02	2.905827582211445437e-02	7.602442863432752607e-02
1.177029492982330339e+03	2.517374352782665858e-01	1.626941929814802457e-01	2.552129094429113620e-01	1.521711963786876731e-01	7.302855556818201033e-02	2.907719148074130316e-02	7.607851886953598264e-02
1.178480824046426733e+03	2.515291394643300871e-01	1.625595948547196579e-01	2.553624207344615815e-01	1.522558009436373871e-01	7.306444599609233925e-02	2.909607772327097580e-02	7.613252028329317578e-02
1.179932155110523581e+03	2.513211981840818843e-01	1.624252226248973918e-01	2.555116759757977141e-01	1.523402601063384709e-01	7.310027550414238684e-02	2.911493459888166851e-02	7.618643300566564636e-02
1.181383486174620202e+03	2.511136108348875351e-01	1.622910759112617118e-01	2.556606755990210034e-01	1.524245741330153558e-01	7.313604419828861891e-02	2.913376215666824490e-02	7.624025716666266161e-02
1.182834817238716823e+03	2.509063768151425511e-01	1.621571543337026744e-01	2.558094200355058301e-01	1.525087432892884842e-01	7.317175218428798034e-02	2.915256044564238161e-02	7.629399289623510494e-02
1.184286148302813444e+03	2.506994955242707879e-01	1.620234575127513510e-01	2.559579097159009886e-01	1.525927678401765575e-01	7.320739956769840850e-02	2.917132951473270716e-02	7.634764032427421299e-02
1.185737479366910065e+03	2.504929663627222247e-01	1.618899850695784681e-01	2.561061450701309083e-01	1.526766480500987289e-01	7.324298645387927742e-02	2.919006941278494763e-02	7.640119958061046546e-02
1.187188810431006686e+03	2.502867887319714657e-01	1.617567366259934913e-01	2.562541265273968194e-01	1.527603841828768239e-01	7.327851294799195281e-02	2.920878018856206890e-02	7.645467079501239160e-02
1.188640141495103080e+03	2.500809620345157969e-01	1.616237118044434318e-01	2.564018545161780849e-01	1.528439765017375329e-01	7.331397915500026397e-02	2.922746189074441545e-02	7.650805409718547390e-02
1.190091472559199701e+03	2.498754856738736041e-01	1.614909102280119024e-01	2.565493294642332001e-01	1.529274252693145486e-01	7.334938517967092009e-02	2.924611456792985259e-02	7.656134961677098227e-02
1.191542803623296322e+03	2.496703590545823748e-01	1.613583315204179802e-01	2.566965517986010692e-01	1.530107307476507583e-01	7.338473112657409314e-02	2.926473826863390179e-02	7.661455748334485005e-02
1.192994134687392716e+03	2.494655815821968936e-01	1.612259753060151790e-01	2.568435219456022822e-01	1.530938931982003259e-01	7.342001710008384807e-02	2.928333304128988290e-02	7.666767782641659146e-02
1.194445465751489564e+03	2.492611526632877161e-01	1.610938412097902006e-01	2.569902403308403360e-01	1.531769128818309400e-01	7.345524320437858690e-02	2.930189893424906683e-02	7.672071077542817752e-02
1.195896796815585958e+03	2.490570717054390593e-01	1.609619288573621299e-01	2.571367073792027447e-01	1.532597900588257567e-01	7.349040954344158993e-02	2.932043599578080043e-02	7.677365645975296748e-02
1.197348127879682352e+03	2.488533381172472470e-01	1.608302378749811856e-01	2.572829235148620941e-01	1.533425249888857034e-01	7.352551622106147378e-02	2.933894427407265221e-02	7.682651500869465411e-02
1.198799458943779200e+03	2.486499513083189339e-01	1.606987678895277216e-01	2.574288891612774854e-01	1.534251179311314495e-01	7.356056334083264925e-02	2.935742381723055114e-02	7.687928655148618118e-02
1.200250790007875821e+03	2.484469106892692736e-01	1.605675185285112272e-01	2.575746047411955342e-01	1.535075691441054879e-01	7.359555100615576551e-02	2.937587467327892193e-02	7.693197121728866106e-02
1.201702121071972442e+03	2.482442156717201143e-01	1.604364894200690506e-01	2.577200706766518690e-01	1.535898788857743003e-01	7.363047932023825126e-02	2.939429689016083772e-02	7.698456913519038936e-02
1.203153452136069063e+03	2.480418656682983614e-01	1.603056801929656494e-01	2.578652873889719088e-01	1.536720474135303272e-01	7.366534838609473113e-02	2.941269051573813451e-02	7.703708043420576246e-02
1.204604783200165684e+03	2.478398600926340622e-01	1.601750904765912864e-01	2.580102552987720843e-01	1.537540749841940224e-01	7.370015830654749744e-02	2.943105559779157776e-02	7.708950524327433385e-02
1.206056114264262078e+03	2.476381983593587688e-01	1.600447199009610577e-01	2.581549748259613919e-01	1.538359618540159346e-01	7.373490918422696827e-02	2.944939218402098727e-02	7.714184369125970386e-02
1.207507445328358699e+03	2.474368798841038164e-01	1.599145680967138938e-01	2.582994463897423376e-01	1.539177082786786499e-01	7.376960112157218696e-02	2.946770032204535858e-02	7.719409590694864542e-02
1.208958776392455093e+03	2.472359040834984645e-01	1.597846346951114216e-01	2.584436704086118253e-01	1.539993145132988739e-01	7.380423422083122464e-02	2.948598005940303649e-02	7.724626201904997991e-02
1.210410107456551941e+03	2.470352703751682033e-01	1.596549193280369372e-01	2.585876473003629883e-01	1.540807808124294298e-01	7.383880858406167980e-02	2.950423144355181909e-02	7.729834215619371673e-02
1.211861438520648335e+03	2.468349781777330332e-01	1.595254216279944348e-01	2.587313774820858003e-01	1.541621074300611738e-01	7.387332431313113623e-02	2.952245452186912089e-02	7.735033644693001254e-02
1.213312769584745183e+03	2.466350269108057158e-01	1.593961412281074130e-01	2.588748613701685186e-01	1.542432946196250765e-01	7.390778150971757943e-02	2.954064934165208725e-02	7.740224501972826909e-02
1.214764100648841804e+03	2.464354159949899981e-01	1.592670777621179867e-01	2.590180993802987386e-01	1.543243426339941382e-01	7.394218027530988224e-02	2.955881595011775401e-02	7.745406800297613414e-02
1.216215431712937971e+03	2.462361448518790019e-01	1.591382308643857491e-01	2.591610919274645597e-01	1.544052517254852486e-01	7.397652071120826289e-02	2.957695439440316543e-02	7.750580552497862707e-02
1.217666762777034819e+03	2.460372129040532818e-01	1.590096001698868000e-01	2.593038394259559176e-01	1.544860221458612959e-01	7.401080291852468740e-02	2.959506472156551993e-02	7.755745771395715360e-02
1.219118093841131440e+03	2.458386195750792980e-01	1.588811853142125807e-01	2.594463422893653615e-01	1.545666541463329713e-01	7.404502699818338307e-02	2.961314697858229844e-02	7.760902469804865922e-02
1.220569424905228061e+03	2.456403642895076955e-01	1.587529859335689575e-01	2.595886009305898856e-01	1.546471479775607949e-01	7.407919305092122708e-02	2.963120121235141013e-02	7.766050660530463001e-02
1.222020755969324682e+03	2.454424464728714450e-01	1.586250016647751671e-01	2.597306157618312628e-01	1.547275038896568922e-01	7.411330117728817668e-02	2.964922746969132772e-02	7.771190356369027386e-02
1.223472087033421303e+03	2.452448655516842047e-01	1.584972321452627064e-01	2.598723871945978758e-01	1.548077221321870200e-01	7.414735147764782430e-02	2.966722579734121581e-02	7.776321570108361836e-02
1.224923418097517697e+03	2.450476209534386829e-01	1.583696770130744724e-01	2.600139156397056062e-01	1.548878029541723989e-01	7.418134405217768901e-02	2.968519624196105933e-02	7.781444314527462269e-02
1.226374749161614318e+03	2.448507121066047232e-01	1.582423359068635127e-01	2.601552015072789437e-01	1.549677466040915164e-01	7.421527900086974383e-02	2.970313885013182303e-02	7.786558602396431716e-02
1.227826080225710712e+03	2.446541384406278608e-01	1.581152084658921098e-01	2.602962452067521526e-01	1.550475533298821262e-01	7.424915642353085987e-02	2.972105366835555915e-02	7.791664446476395667e-02
1.229277411289807560e+03	2.444578993859273797e-01	1.579882943300307818e-01	2.604370471468705484e-01	1.551272233789429966e-01	7.428297641978318100e-02	2.973894074305556690e-02	7.796761859519410476e-02
1.230728742353903954e+03	2.442619943738948696e-01	1.578615931397572281e-01	2.605776077356915521e-01	1.552067569981358530e-01	7.431673908906460957e-02	2.975680012057650703e-02	7.801850854268393975e-02
1.232180073418000802e+03	2.440664228368922828e-01	1.577351045361553017e-01	2.607179273805858011e-01	1.552861544337871269e-01	7.435044453062923664e-02	2.977463184718453712e-02	7.806931443457024167e-02
1.233631404482097196e+03	2.438711842082504078e-01	1.576088281609139274e-01	2.608580064882384808e-01	1.553654159316898153e-01	7.438409284354771667e-02	2.979243596906746075e-02	7.812003639809675382e-02
1.235082735546193817e+03	2.436762779222670927e-01	1.574827636563262412e-01	2.609978454646502133e-01	1.554445417371052574e-01	7.441768412670775323e-02	2.981021253233484547e-02	7.817067456041321138e-02
1.236534066610290438e+03	2.434817034142056080e-01	1.573569106652883409e-01	2.611374447151383893e-01	1.555235320947649935e-01	7.445121847881451538e-02	2.982796158301816505e-02	7.822122904857466141e-02
1.237985397674387059e+03	2.432874601202929254e-01	1.572312688312984819e-01	2.612768046443380565e-01	1.556023872488725424e-01	7.448469599839102617e-02	2.984568316707092439e-02	7.827169998954058849e-02
1.239436728738483680e+03	2.430935474777181637e-01	1.571058377984560495e-01	2.614159256562035294e-01	1.556811074431052044e-01	7.451811678377867620e-02	2.986337733036880521e-02	7.832208751017419313e-02
1.240888059802580301e+03	2.428999649246307013e-01	1.569806172114603104e-01	2.615548081540091108e-01	1.557596929206156999e-01	7.455148093313751501e-02	2.988104411870978402e-02	7.837239173724157293e-02
1.242339390866676695e+03	2.427067119001386497e-01	1.568556067156096911e-01	2.616934525403502021e-01	1.558381439240341115e-01	7.458478854444675066e-02	2.989868357781427788e-02	7.842261279741097324e-02
1.243790721930773088e+03	2.425137878443071604e-01	1.567308059568006118e-01	2.618318592171448578e-01	1.559164606954695775e-01	7.461803971550520775e-02	2.991629575332526575e-02	7.847275081725200996e-02
1.245242052994869937e+03	2.423211921981567318e-01	1.566062145815265427e-01	2.619700285856344513e-01	1.559946434765119572e-01	7.465123454393164659e-02	2.993388069080842387e-02	7.852280592323494790e-02
1.246693384058966330e+03	2.421289244036615718e-01	1.564818322368768944e-01	2.621079610463850629e-01	1.560726925082336902e-01	7.468437312716524890e-02	2.995143843575225756e-02	7.857277824172996528e-02
1.248144715123063179e+03	2.419369839037480152e-01	1.563576585705361288e-01	2.622456569992885345e-01	1.561506080311913791e-01	7.471745556246599251e-02	2.996896903356824002e-02	7.862266789900634878e-02
1.249596046187159800e+03	2.417453701422926093e-01	1.562336932307827053e-01	2.623831168435636907e-01	1.562283902854276763e-01	7.475048194691508163e-02	2.998647252959093373e-02	7.867247502123189684e-02
1.251047377251256421e+03	2.415540825641208644e-01	1.561099358664881365e-01	2.625203409777572272e-01	1.563060395104728106e-01	7.478345237741539087e-02	3.000394896907812234e-02	7.872219973447205921e-02
1.252498708315352815e+03	2.413631206150051722e-01	1.559863861271158780e-01	2.626573297997450984e-01	1.563835559453463919e-01	7.481636695069181220e-02	3.002139839721094591e-02	7.877184216468935407e-02
1.253950039379449436e+03	2.411724837416634459e-01	1.558630436627204685e-01	2.627940837067334057e-01	1.564609398285590758e-01	7.484922576329168520e-02	3.003882085909402588e-02	7.882140243774257704e-02
1.255401370443546057e+03	2.409821713917573716e-01	1.557399081239463356e-01	2.629306030952597295e-01	1.565381913981142292e-01	7.488202891158522723e-02	3.005621639975560727e-02	7.887088067938614888e-02
1.256852701507642678e+03	2.407921830138908537e-01	1.556169791620269915e-01	2.630668883611941289e-01	1.566153108915095959e-01	7.491477649176592202e-02	3.007358506414767318e-02	7.892027701526946326e-02
1.258304032571739299e+03	2.406025180576082667e-01	1.554942564287840057e-01	2.632029398997402514e-01	1.566922985457389617e-01	7.494746859985090826e-02	3.009092689714608360e-02	7.896959157093615123e-02
1.259755363635835920e+03	2.404131759733927898e-01	1.553717395766259501e-01	2.633387581054364990e-01	1.567691545972938472e-01	7.498010533168138203e-02	3.010824194355070718e-02	7.901882447182344282e-02
1.261206694699932314e+03	2.402241562126649632e-01	1.552494282585474561e-01	2.634743433721570827e-01	1.568458792821650349e-01	7.501268678292304093e-02	3.012553024808554275e-02	7.906797584326151485e-02
1.262658025764028707e+03	2.400354582277809123e-01	1.551273221281282144e-01	2.636096960931131328e-01	1.569224728358442622e-01	7.504521304906643098e-02	3.014279185539885456e-02	7.911704581047282470e-02
1.264109356828125556e+03	2.398470814720307931e-01	1.550054208395318933e-01	2.637448166608538647e-01	1.569989354933259140e-01	7.507768422542737685e-02	3.016002681006329719e-02	7.916603449857144426e-02
1.265560687892221949e+03	2.396590253996370712e-01	1.548837240475053334e-01	2.638797054672676889e-01	1.570752674891085221e-01	7.511010040714732883e-02	3.017723515657605091e-02	7.921494203256249089e-02
1.267012018956318798e+03	2.394712894657529956e-01	1.547622314073775207e-01	2.640143629035833217e-01	1.571514690571964301e-01	7.514246168919384850e-02	3.019441693935894649e-02	7.926376853734141970e-02
1.268463350020415419e+03	2.392838731264609331e-01	1.546409425750585043e-01	2.641487893603706727e-01	1.572275404311014313e-01	7.517476816636090020e-02	3.021157220275858674e-02	7.931251413769345449e-02
1.269914681084511813e+03	2.390967758387707864e-01	1.545198572070384524e-01	2.642829852275421776e-01	1.573034818438442395e-01	7.520701993326933676e-02	3.022870099104648864e-02	7.936117895829294944e-02
1.271366012148608434e+03	2.389099970606184398e-01	1.543989749603867090e-01	2.644169508943539637e-01	1.573792935279560712e-01	7.523921708436720479e-02	3.024580334841919793e-02	7.940976312370282009e-02
1.272817343212705055e+03	2.387235362508640102e-01	1.542782954927508776e-01	2.645506867494066827e-01	1.574549757154804219e-01	7.527135971393016101e-02	3.026287931899842437e-02	7.945826675837386333e-02
1.274268674276801676e+03	2.385373928692903212e-01	1.541578184623556558e-01	2.646841931806468429e-01	1.575305286379743430e-01	7.530344791606188859e-02	3.027992894683116665e-02	7.950668998664420228e-02
1.275720005340898297e+03	2.383515663766012926e-01	1.540375435280020855e-01	2.648174705753676972e-01	1.576059525265102457e-01	7.533548178469445800e-02	3.029695227588983727e-02	7.955503293273878673e-02
1.277171336404994690e+03	2.381660562344204146e-01	1.539174703490663876e-01	2.649505193202105202e-01	1.576812476116772610e-01	7.536746141358871554e-02	3.031394935007239444e-02	7.960329572076867144e-02
1.278622667469091539e+03	2.379808619052890262e-01	1.537975985854992123e-01	2.650833398011655517e-01	1.577564141235828221e-01	7.539938689633468583e-02	3.033092021320247036e-02	7.965147847473054432e-02
1.280073998533187932e+03	2.377959828526648167e-01	1.536779278978243901e-01	2.652159324035732735e-01	1.578314522918542739e-01	7.543125832635191874e-02	3.034786490902949274e-02	7.969958131850612970e-02
1.281525329597284326e+03	2.376114185409201884e-01	1.535584579471382383e-01	2.653482975121252418e-01	1.579063623456402887e-01	7.546307579688989187e-02	3.036478348122880963e-02	7.974760437586161932e-02
1.282976660661381175e+03	2.374271684353407019e-01	1.534391883951084501e-01	2.654804355108653646e-01	1.579811445136124759e-01	7.549483940102838520e-02	3.038167597340181783e-02	7.979554777044714498e-02
1.284427991725477568e+03	2.372432320021234387e-01	1.533201189039731238e-01	2.656123467831908447e-01	1.580557990239667976e-01	7.552654923167782808e-02	3.039854242907609819e-02	7.984341162579620954e-02
1.285879322789574417e+03	2.370596087083755021e-01	1.532012491365397633e-01	2.657440317118535122e-01	1.581303261044250674e-01	7.555820538157972943e-02	3.041538289170552661e-02	7.989119606532520124e-02
1.287330653853671038e+03	2.368762980221123526e-01	1.530825787561845563e-01	2.658754906789606021e-01	1.582047259822365604e-01	7.558980794330703856e-02	3.043219740467040246e-02	7.993890121233278301e-02
1.288781984917767431e+03	2.366932994122563361e-01	1.529641074268511258e-01	2.660067240659759746e-01	1.582789988841793172e-01	7.562135700926447823e-02	3.044898601127757690e-02	7.998652718999944844e-02
1.290233315981864052e+03	2.365106123486350187e-01	1.528458348130497246e-01	2.661377322537212819e-01	1.583531450365617543e-01	7.565285267168897487e-02	3.046574875476058472e-02	8.003407412138695276e-02
