1.301360187473271253e+03	2.355161262558940760e-01	1.513168233043666600e-01	2.604781235751901236e-01	1.617762023166560148e-01	7.646448742746053684e-02	3.202764321720503321e-02	8.242059390303158040e-02
1.306197957686926657e+03	2.349240917691176600e-01	1.509229968919908460e-01	2.608527912217474820e-01	1.620403283922693116e-01	7.657601890277863921e-02	3.209789810109489605e-02	8.258587472080519687e-02
1.311035727900581833e+03	2.343354547858635950e-01	1.505313284826685638e-01	2.612252410060057484e-01	1.623029587665196505e-01	7.668694120692463867e-02	3.216784892443827482e-02	8.275022682738357449e-02
1.315873498114237009e+03	2.337501958114672762e-01	1.501418061712411489e-01	2.615954877291248315e-01	1.625641014847365173e-01	7.679725710299892261e-02	3.223749657762699228e-02	8.291365512260832904e-02
1.320711268327892412e+03	2.331682954647126271e-01	1.497544181178927514e-01	2.619635460634510693e-01	1.628237645551642021e-01	7.690696935755042540e-02	3.230684195484221505e-02	8.307616448619074834e-02
1.325549038541547588e+03	2.325897344771385156e-01	1.493691525478033910e-01	2.623294305541591376e-01	1.630819559490351289e-01	7.701608074009290428e-02	3.237588595391755614e-02	8.323775977765743295e-02
1.330386808755202765e+03	2.320144936923500267e-01	1.489859977508034561e-01	2.626931556208669805e-01	1.633386836006436860e-01	7.712459402263455166e-02	3.244462947620473797e-02	8.339844583630068309e-02
1.335224578968857941e+03	2.314425540653345381e-01	1.486049420810298671e-01	2.630547355592221526e-01	1.635939554074214153e-01	7.723251197922052780e-02	3.251307342644187831e-02	8.355822748113378440e-02
1.340062349182513572e+03	2.308738966617827071e-01	1.482259739565841283e-01	2.634141845424611827e-01	1.638477792300130076e-01	7.733983738548831643e-02	3.258121871262422559e-02	8.371710951085056807e-02
1.344900119396168748e+03	2.303085026574139549e-01	1.478490818591916001e-01	2.637715166229429031e-01	1.641001628923533517e-01	7.744657301823541784e-02	3.264906624587744083e-02	8.387509670378941184e-02
1.349737889609823924e+03	2.297463533373069744e-01	1.474742543338627698e-01	2.641267457336549662e-01	1.643511141817456389e-01	7.755272165499912940e-02	3.271661694033325268e-02	8.403219381790143216e-02
1.354575659823479100e+03	2.291874300952344012e-01	1.471014799885558277e-01	2.644798856896952155e-01	1.646006408489404382e-01	7.765828607364821945e-02	3.278387171300750635e-02	8.418840559072250651e-02
1.359413430037134731e+03	2.286317144330027307e-01	1.467307474938410183e-01	2.648309501897280205e-01	1.648487506082162157e-01	7.776326905198611972e-02	3.285083148368058564e-02	8.434373673934933424e-02
1.364251200250789907e+03	2.280791879597962313e-01	1.463620455825665190e-01	2.651799528174161313e-01	1.650954511374604639e-01	7.786767336736546974e-02	3.291749717478006931e-02	8.449819196041913338e-02
1.369088970464445310e+03	2.275298323915256604e-01	1.459953630495260946e-01	2.655269070428278311e-01	1.653407500782523576e-01	7.797150179631354150e-02	3.298386971126570505e-02	8.465177593009283463e-02
1.373926740678100487e+03	2.269836295501814205e-01	1.456306887511280568e-01	2.658718262238213281e-01	1.655846550359463543e-01	7.807475711416859976e-02	3.304995002051652059e-02	8.480449330404178643e-02
1.378764510891755890e+03	2.264405613631911562e-01	1.452680116050659442e-01	2.662147236074053902e-01	1.658271735797569313e-01	7.817744209472664296e-02	3.311573903222017612e-02	8.495634871743777683e-02
1.383602281105411066e+03	2.259006098627816816e-01	1.449073205899909234e-01	2.665556123310776626e-01	1.660683132428446007e-01	7.827955950989848311e-02	3.318123767826440529e-02	8.510734678494617789e-02
1.388440051319066470e+03	2.253637571853454313e-01	1.445486047451855494e-01	2.668945054241405046e-01	1.663080815224028952e-01	7.838111212937685923e-02	3.324644689263056563e-02	8.525749210072218476e-02
1.393277821532721646e+03	2.248299855708109640e-01	1.441918531702391371e-01	2.672314158089948433e-01	1.665464858797465197e-01	7.848210272031326540e-02	3.331136761128921514e-02	8.540678923841002468e-02
1.398115591746377049e+03	2.242992773620181013e-01	1.438370550247248247e-01	2.675663563024130998e-01	1.667835337404008078e-01	7.858253404700439593e-02	3.337600077209774280e-02	8.555524275114496924e-02
1.402953361960032225e+03	2.237716150040969798e-01	1.434841995278781090e-01	2.678993396167907992e-01	1.670192324941920659e-01	7.868240887058790267e-02	3.344034731469994887e-02	8.570285717155812222e-02
1.407791132173687402e+03	2.232469810438515445e-01	1.431332759582769343e-01	2.682303783613775860e-01	1.672535894953391944e-01	7.878172994874729773e-02	3.350440818042755425e-02	8.584963701178385809e-02
1.412628902387342805e+03	2.227253581291470663e-01	1.427842736535233359e-01	2.685594850434881442e-01	1.674866120625463917e-01	7.888050003542566857e-02	3.356818431220368049e-02	8.599558676346973074e-02
1.417466672600997981e+03	2.222067290083018232e-01	1.424371820099266661e-01	2.688866720696934109e-01	1.677183074790968564e-01	7.897872188054819165e-02	3.363167665444811300e-02	8.614071089778893575e-02
1.422304442814653157e+03	2.216910765294830554e-01	1.420919904821883184e-01	2.692119517469922507e-01	1.679486829929477953e-01	7.907639822975301436e-02	3.369488615298446565e-02	8.628501386545506247e-02
1.427142213028308333e+03	2.211783836401066405e-01	1.417486885830879784e-01	2.695353362839642553e-01	1.681777458168262906e-01	7.917353182413050527e-02	3.375781375494912168e-02	8.642850009673919143e-02
1.431979983241963964e+03	2.206686333862410421e-01	1.414072658831714568e-01	2.698568377919036698e-01	1.684055031283262505e-01	7.927012539997052576e-02	3.382046040870195086e-02	8.657117400148912900e-02
1.436817753455619140e+03	2.201618089120153110e-01	1.410677120104400495e-01	2.701764682859349453e-01	1.686319620700065525e-01	7.936618168851758415e-02	3.388282706373878239e-02	8.671303996915073753e-02
1.441655523669274316e+03	2.196578934590307786e-01	1.407300166500414229e-01	2.704942396861109710e-01	1.688571297494901591e-01	7.946170341573373375e-02	3.394491467060552908e-02	8.685410236879143042e-02
1.446493293882929493e+03	2.191568703657768846e-01	1.403941695439618609e-01	2.708101638184927662e-01	1.690810132395640097e-01	7.955669330206896483e-02	3.400672418081406023e-02	8.699436554912549913e-02
1.451331064096585123e+03	2.186587230670508086e-01	1.400601604907202591e-01	2.711242524162126855e-01	1.693036195782802456e-01	7.965115406223892414e-02	3.406825654675967041e-02	8.713383383854143849e-02
1.456168834310240300e+03	2.181634350933810140e-01	1.397279793450635077e-01	2.714365171205202487e-01	1.695249557690582387e-01	7.974508840500976747e-02	3.412951272164017197e-02	8.727251154513100684e-02
1.461006604523895703e+03	2.176709900704545952e-01	1.393976160176633450e-01	2.717469694818116510e-01	1.697450287807875380e-01	7.983849903299007622e-02	3.419049365937659041e-02	8.741040295672017346e-02
1.465844374737550879e+03	2.171813717185483716e-01	1.390690604748147929e-01	2.720556209606425635e-01	1.699638455479317578e-01	7.993138864242950448e-02	3.425120031453539327e-02	8.754751234090163425e-02
1.470682144951206283e+03	2.166945638519636730e-01	1.387423027381359808e-01	2.723624829287253357e-01	1.701814129706335499e-01	8.002375992302411534e-02	3.431163364225225942e-02	8.768384394506908985e-02
1.475519915164861459e+03	2.162105503784651495e-01	1.384173328842695783e-01	2.726675666699104883e-01	1.703977379148201299e-01	8.011561555772823973e-02	3.437179459815738192e-02	8.781940199645300871e-02
1.480357685378516862e+03	2.157293152987230234e-01	1.380941410445856166e-01	2.729708833811525515e-01	1.706128272123100253e-01	8.020695822257260799e-02	3.443168413830215158e-02	8.795419070215799995e-02
1.485195455592172038e+03	2.152508427057588936e-01	1.377727174048857806e-01	2.732724441734611376e-01	1.708266876609204343e-01	8.029779058648871259e-02	3.449130321908740887e-02	8.808821424920156018e-02
1.490033225805827215e+03	2.147751167843955367e-01	1.374530522051093384e-01	2.735722600728370812e-01	1.710393260245754443e-01	8.038811531113917996e-02	3.455065279719301413e-02	8.822147680455433294e-02
1.494870996019482618e+03	2.143021218107101222e-01	1.371351357390402370e-01	2.738703420211938688e-01	1.712507490334151949e-01	8.047793505075402642e-02	3.460973382950889576e-02	8.835398251518165880e-02
1.499708766233137567e+03	2.138318421514908696e-01	1.368189583540158905e-01	2.741667008772650238e-01	1.714609633839056513e-01	8.056725245197265961e-02	3.466854727306738215e-02	8.848573550808654098e-02
1.504546536446793198e+03	2.133642622636974517e-01	1.365045104506374674e-01	2.744613474174977252e-01	1.716699757389491265e-01	8.065607015369148647e-02	3.472709408497697686e-02	8.861673989035376287e-02
1.509384306660448374e+03	2.128993666939250073e-01	1.361917824824813439e-01	2.747542923369322154e-01	1.718777927279958040e-01	8.074439078691697524e-02	3.478537522235736895e-02	8.874699974919528223e-02
1.514222076874103550e+03	2.124371400778712060e-01	1.358807649558123332e-01	2.750455462500682735e-01	1.720844209471555364e-01	8.083221697462401878e-02	3.484339164227578944e-02	8.887651915199686059e-02
1.519059847087758726e+03	2.119775671398072270e-01	1.355714484292980804e-01	2.753351196917180332e-01	1.722898669593107557e-01	8.091955133161957137e-02	3.490114430168463761e-02	8.900530214636573345e-02
1.523897617301414357e+03	2.115206326920520130e-01	1.352638235137251232e-01	2.756230231178460333e-01	1.724941372942297713e-01	8.100639646441128161e-02	3.495863415736034929e-02	8.913335276017943232e-02
1.528735387515069533e+03	2.110663216344497717e-01	1.349578808717162570e-01	2.759092669063967773e-01	1.726972384486809287e-01	8.109275497108109354e-02	3.501586216584348654e-02	8.926067500163564761e-02
1.533573157728724709e+03	2.106146189538511959e-01	1.346536112174492872e-01	2.761938613581094715e-01	1.728991768865471290e-01	8.117862944116367718e-02	3.507282928338004840e-02	8.938727285930311850e-02
1.538410927942380113e+03	2.101655097235977099e-01	1.343510053163773366e-01	2.764768166973207708e-01	1.730999590389411813e-01	8.126402245552954984e-02	3.512953646586397527e-02	8.951315030217345259e-02
1.543248698156035516e+03	2.097189791030091288e-01	1.340500539849504291e-01	2.767581430727552583e-01	1.732995913043216263e-01	8.134893658627277702e-02	3.518598466878080505e-02	8.963831127971398638e-02
1.548086468369690692e+03	2.092750123368747328e-01	1.337507480903385726e-01	2.770378505583044881e-01	1.734980800486091712e-01	8.143337439660319754e-02	3.524217484715245347e-02	8.976275972192143682e-02
1.552924238583346096e+03	2.088335947549475047e-01	1.334530785501562566e-01	2.773159491537941501e-01	1.736954316053035685e-01	8.151733844074292301e-02	3.529810795548316005e-02	8.988649953937646875e-02
1.557762008797001272e+03	2.083947117714417263e-01	1.331570363321881445e-01	2.775924487857401868e-01	1.738916522756011607e-01	8.160083126382713936e-02	3.535378494770650970e-02	9.000953462329917831e-02
1.562599779010656675e+03	2.079583488845334893e-01	1.328626124541165965e-01	2.778673593080933646e-01	1.740867483285127859e-01	8.168385540180903015e-02	3.540920677713352976e-02	9.013186884560525636e-02
1.567437549224311852e+03	2.075244916758648417e-01	1.325697979832500539e-01	2.781406905029733534e-01	1.742807260009821557e-01	8.176641338136880766e-02	3.546437439640189732e-02	9.025350605896299838e-02
1.572275319437967255e+03	2.070931258100507655e-01	1.322785840362532273e-01	2.784124520813915926e-01	1.744735914980047320e-01	8.184850771982656037e-02	3.551928875742612485e-02	9.037445009685107777e-02
1.577113089651622431e+03	2.066642370341894852e-01	1.319889617788784220e-01	2.786826536839642765e-01	1.746653509927471315e-01	8.193014092505901402e-02	3.557395081134883535e-02	9.049470477361694354e-02
1.581950859865277607e+03	2.062378111773757183e-01	1.317009224256983080e-01	2.789513048816142371e-01	1.748560106266667524e-01	8.201131549542002575e-02	3.562836150849298111e-02	9.061427388453602294e-02
1.586788630078933011e+03	2.058138341502172564e-01	1.314144572398401600e-01	2.792184151762633348e-01	1.750455765096319283e-01	8.209203391966475583e-02	3.568252179831512411e-02	9.073316120587149314e-02
1.591626400292587959e+03	2.053922919443544048e-01	1.311295575327211804e-01	2.794839940015145241e-01	1.752340547200423593e-01	8.217229867687729505e-02	3.573643262935964626e-02	9.085137049493474670e-02
1.596464170506243590e+03	2.049731706319826430e-01	1.308462146637854873e-01	2.797480507233239266e-01	1.754214513049499602e-01	8.225211223640181701e-02	3.579009494921391726e-02	9.096890549014639837e-02
1.601301940719898766e+03	2.045564563653781143e-01	1.305644200402422961e-01	2.800105946406641344e-01	1.756077722801800967e-01	8.233147705777711656e-02	3.584350970446440604e-02	9.108576991109797183e-02
1.606139710933553943e+03	2.041421353764263646e-01	1.302841651168054615e-01	2.802716349861771317e-01	1.757930236304529326e-01	8.241039559067445119e-02	3.589667784065372208e-02	9.120196745861404442e-02
1.610977481147209119e+03	2.037301939761538006e-01	1.300054413954343790e-01	2.805311809268186685e-01	1.759772113095053048e-01	8.248887027483846335e-02	3.594960030223855185e-02	9.131750181481497475e-02
1.615815251360864750e+03	2.033206185542623390e-01	1.297282404250762189e-01	2.807892415644927531e-01	1.761603412402127644e-01	8.256690354003137777e-02	3.600227803254850423e-02	9.143237664318015767e-02
1.620653021574519926e+03	2.029133955786668053e-01	1.294525538014095201e-01	2.810458259366783729e-01	1.763424193147118124e-01	8.264449780598011330e-02	3.605471197374579551e-02	9.154659558861173718e-02
1.625490791788175102e+03	2.025085115950353565e-01	1.291783731665889223e-01	2.813009430170462788e-01	1.765234513945226069e-01	8.272165548232641996e-02	3.610690306678582262e-02	9.166016227749876344e-02
1.630328562001830505e+03	2.021059532263327907e-01	1.289056902089915635e-01	2.815546017160678871e-01	1.767034433106715596e-01	8.279837896857990265e-02	3.615885225137856901e-02	9.177308031778186326e-02
1.635166332215485909e+03	2.017057071723666606e-01	1.286344966629645037e-01	2.818068108816155215e-01	1.768824008638145151e-01	8.287467065407375100e-02	3.621056046595085010e-02	9.188535329901832693e-02
1.640004102429141085e+03	2.013077602093362173e-01	1.283647843085735374e-01	2.820575792995544395e-01	1.770603298243596802e-01	8.295053291792339745e-02	3.626202864760933592e-02	9.199698479244750038e-02
1.644841872642796488e+03	2.009120991893843799e-01	1.280965449713533100e-01	2.823069156943264768e-01	1.772372359325911917e-01	8.302596812898760392e-02	3.631325773210443419e-02	9.210797835105670461e-02
1.649679642856451665e+03	2.005187110401521755e-01	1.278297705220588221e-01	2.825548287295258643e-01	1.774131248987926013e-01	8.310097864583228244e-02	3.636424865379490889e-02	9.221833750964743281e-02
1.654517413070107068e+03	2.001275827643363425e-01	1.275644528764180163e-01	2.828013270084673292e-01	1.775880024033703874e-01	8.317556681669681373e-02	3.641500234561327598e-02	9.232806578490193594e-02
1.659355183283762244e+03	1.997387014392493221e-01	1.273005839948858631e-01	2.830464190747460917e-01	1.777618740969778566e-01	8.324973497946282219e-02	3.646551973903199712e-02	9.243716667545012755e-02
1.664192953497417420e+03	1.993520542163823295e-01	1.270381558823996671e-01	2.832901134127907006e-01	1.779347456006389883e-01	8.332348546162525460e-02	3.651580176403037420e-02	9.254564366193678004e-02
1.669030723711072824e+03	1.989676283209709240e-01	1.267771605881354846e-01	2.835324184484079857e-01	1.781066225058724473e-01	8.339682058026594291e-02	3.656584934906218637e-02	9.265350020708908174e-02
1.673868493924728000e+03	1.985854110515634097e-01	1.265175902052661228e-01	2.837733425493211836e-01	1.782775103748156509e-01	8.346974264202923488e-02	3.661566342102405558e-02	9.276073975578442987e-02
1.678706264138383403e+03	1.982053897795917063e-01	1.262594368707200820e-01	2.840128940257004020e-01	1.784474147403488364e-01	8.354225394310002550e-02	3.666524490522453383e-02	9.286736573511844561e-02
1.683544034352038352e+03	1.978275519489452738e-01	1.260026927649419981e-01	2.842510811306864227e-01	1.786163411062193229e-01	8.361435676918378690e-02	3.671459472535382879e-02	9.297338155447333607e-02
1.688381804565693983e+03	1.974518850755472288e-01	1.257473501116541936e-01	2.844879120609073442e-01	1.787842949471657450e-01	8.368605339548869371e-02	3.676371380345427875e-02	9.307879060558649220e-02
1.693219574779349159e+03	1.970783767469335146e-01	1.254934011776195901e-01	2.847233949569881184e-01	1.789512817090422037e-01	8.375734608670980241e-02	3.681260305989145915e-02	9.318359626261918383e-02
1.698057344993004335e+03	1.967070146218342641e-01	1.252408382724057301e-01	2.849575379040543144e-01	1.791173068089426945e-01	8.382823709701525683e-02	3.686126341332592732e-02	9.328780188222558778e-02
1.702895115206659511e+03	1.963377864297582154e-01	1.249896537481501313e-01	2.851903489322282215e-01	1.792823756353252307e-01	8.389872867003428381e-02	3.690969578068570289e-02	9.339141080362201031e-02
1.707732885420315142e+03	1.959706799705790703e-01	1.247398399993268486e-01	2.854218360171191238e-01	1.794464935481361600e-01	8.396882303884717347e-02	3.695790107713924771e-02	9.349442634865609558e-02
1.712570655633970318e+03	1.956056831141251839e-01	1.244913894625142431e-01	2.856520070803071909e-01	1.796096658789344269e-01	8.403852242597691091e-02	3.700588021606921602e-02	9.359685182187653385e-02
1.717408425847625494e+03	1.952427837997710580e-01	1.242442946161640693e-01	2.858808699898207628e-01	1.797718979310156673e-01	8.410782904338282018e-02	3.705363410904669030e-02	9.369869051060261689e-02
1.722246196061280898e+03	1.948819700360318041e-01	1.239985479803715901e-01	2.861084325606079726e-01	1.799331949795364705e-01	8.417674509245562375e-02	3.710116366580610420e-02	9.379994568499415430e-02
1.727083966274936301e+03	1.945232299001599385e-01	1.237541421166470784e-01	2.863347025550019298e-01	1.800935622716383633e-01	8.424527276401436171e-02	3.714846979422073425e-02	9.390062059812132045e-02
1.731921736488591478e+03	1.941665515377446749e-01	1.235110696276884579e-01	2.865596876831802420e-01	1.802530050265718775e-01	8.431341423830489290e-02	3.719555340027875384e-02	9.400071848603483438e-02
1.736759506702246881e+03	1.938119231623137151e-01	1.232693231571551085e-01	2.867833956036185961e-01	1.804115284358204507e-01	8.438117168499989496e-02	3.724241538805986990e-02	9.410024256783608432e-02
1.741597276915902057e+03	1.934593330549374268e-01	1.230288953894429216e-01	2.870058339235387335e-01	1.805691376632242995e-01	8.444854726320039084e-02	3.728905665971256334e-02	9.419919604574741867e-02
1.746435047129557461e+03	1.931087695638354640e-01	1.227897790494605346e-01	2.872270101993504854e-01	1.807258378451040703e-01	8.451554312143892689e-02	3.733547811543180134e-02	9.429758210518250638e-02
1.751272817343212637e+03	1.927602211039857460e-01	1.225519669024066893e-01	2.874469319370887566e-01	1.808816340903845188e-01	8.458216139768393038e-02	3.738168065343735330e-02	9.439540391481679449e-02
1.756110587556867813e+03	1.924136761567360465e-01	1.223154517535488678e-01	2.876656065928445138e-01	1.810365314807180770e-01	8.464840421934562154e-02	3.742766516995262721e-02	9.449266462665800725e-02
1.760948357770523216e+03	1.920691232694176631e-01	1.220802264480030097e-01	2.878830415731911119e-01	1.811905350706080609e-01	8.471427370328322992e-02	3.747343255918401256e-02	9.458936737611672863e-02
1.765786127984178393e+03	1.917265510549616692e-01	1.218462838705144380e-01	2.880992442356044569e-01	1.813436498875319325e-01	8.477977195581357095e-02	3.751898371330075754e-02	9.468551528207701240e-02
1.770623898197833569e+03	1.913859481915173022e-01	1.216136169452399635e-01	2.883142218888790076e-01	1.814958809320644517e-01	8.484490107272082970e-02	3.756431952241533201e-02	9.478111144696695078e-02
1.775461668411488745e+03	1.910473034220729061e-01	1.213822186355311417e-01	2.885279817935379465e-01	1.816472331780004112e-01	8.490966313926760767e-02	3.760944087456432466e-02	9.487615895682946499e-02
1.780299438625144376e+03	1.907106055540790934e-01	1.211520819437185842e-01	2.887405311622386339e-01	1.817977115724775383e-01	8.497406023020720456e-02	3.765434865568978440e-02	9.497066088139295703e-02
1.785137208838799552e+03	1.903758434590741289e-01	1.209231999108975886e-01	2.889518771601731206e-01	1.819473210360989246e-01	8.503809440979698264e-02	3.769904374962106119e-02	9.506462027414200322e-02
1.789974979052454728e+03	1.900430060723116155e-01	1.206955656167147534e-01	2.891620269054639425e-01	1.820960664630554837e-01	8.510176773181293841e-02	3.774352703805709808e-02	9.515804017238806145e-02
1.794812749266109904e+03	1.897120823923905408e-01	1.204691721791558284e-01	2.893709874695547524e-01	1.822439527212479926e-01	8.516508223956532897e-02	3.778779940054925041e-02	9.525092359734020631e-02
1.799650519479765535e+03	1.893830614808874047e-01	1.202440127543346476e-01	2.895787658775970108e-01	1.823909846524091605e-01	8.522803996591536702e-02	3.783186171448449375e-02	9.534327355417579475e-02
1.804488289693420711e+03	1.890559324619908443e-01	1.200200805362831580e-01	2.897853691088312922e-01	1.825371670722253925e-01	8.529064293329294277e-02	3.787571485506908281e-02	9.543509303211115957e-02
1.809326059907075887e+03	1.887306845221382035e-01	1.197973687567426976e-01	2.899908040969645939e-01	1.826825047704581650e-01	8.535289315371530350e-02	3.791935969531269601e-02	9.552638500447223346e-02
1.814163830120731291e+03	1.884073069096543762e-01	1.195758706849561759e-01	2.901950777305428719e-01	1.828270025110655395e-01	8.541479262880674606e-02	3.796279710601298263e-02	9.561715242876517307e-02
1.819001600334386467e+03	1.880857889343929557e-01	1.193555796274615860e-01	2.903981968533196345e-01	1.829706650323230377e-01	8.547634334981923931e-02	3.800602795574049841e-02	9.570739824674689977e-02
1.823839370548041643e+03	1.877661199673793802e-01	1.191364889278864747e-01	2.906001682646195960e-01	1.831134970469446288e-01	8.553754729765390696e-02	3.804905311082414782e-02	9.579712538449565440e-02
1.828677140761696819e+03	1.874482894404564115e-01	1.189185919667435365e-01	2.908009987196987778e-01	1.832555032422032992e-01	8.559840644288344014e-02	3.809187343533695230e-02	9.588633675248141308e-02
1.833514910975352450e+03	1.871322868459315558e-01	1.187018821612273733e-01	2.910006949300998347e-01	1.833966882800512066e-01	8.565892274577527332e-02	3.813448979108225584e-02	9.597503524563633093e-02
1.838352681189008081e+03	1.868181017362268714e-01	1.184863529650122260e-01	2.911992635640037741e-01	1.835370567972398892e-01	8.571909815631566232e-02	3.817690303758033976e-02	9.606322374342503301e-02
1.843190451402663257e+03	1.865057237235306364e-01	1.182719978680508988e-01	2.913967112465773446e-01	1.836766134054401423e-01	8.577893461423451160e-02	3.821911403205538460e-02	9.615090510991489148e-02
1.848028221616318433e+03	1.861951424794512089e-01	1.180588103963746416e-01	2.915930445603165944e-01	1.838153626913613670e-01	8.583843404903095109e-02	3.826112362942286904e-02	9.623808219384620555e-02
1.852865991829973609e+03	1.858863477346731075e-01	1.178467841118942677e-01	2.917882700453862665e-01	1.839533092168709472e-01	8.589759837999969005e-02	3.830293268227728115e-02	9.632475782870224268e-02
1.857703762043628785e+03	1.855793292786148407e-01	1.176359126122022009e-01	2.919823941999559191e-01	1.840904575191131542e-01	8.595642951625805106e-02	3.834454204088028062e-02	9.641093483277933529e-02
1.862541532257283961e+03	1.852740769590891790e-01	1.174261895303756187e-01	2.921754234805316597e-01	1.842268121106279133e-01	8.601492935677367002e-02	3.838595255314911081e-02	9.649661600925667215e-02
1.867379302470939592e+03	1.849705806819651466e-01	1.172176085347806651e-01	2.923673643022843271e-01	1.843623774794689862e-01	8.607309979039297343e-02	3.842716506464549653e-02	9.658180414626614529e-02
1.872217072684594768e+03	1.846688304108323186e-01	1.170101633288777310e-01	2.925582230393744543e-01	1.844971580893222662e-01	8.613094269587009966e-02	3.846818041856477771e-02	9.666650201696207201e-02
1.877054842898249490e+03	1.843688161666668934e-01	1.168038476510277479e-01	2.927480060252727889e-01	1.846311583796234612e-01	8.618845994189666682e-02	3.850899945572545946e-02	9.675071237959070869e-02
1.881892613111905121e+03	1.840705280274998190e-01	1.165986552742995647e-01	2.929367195530780399e-01	1.847643827656755555e-01	8.624565338713194307e-02	3.854962301455907431e-02	9.683443797755976468e-02
1.886730383325560297e+03	1.837739561280871126e-01	1.163945800062783364e-01	2.931243698758306260e-01	1.848968356387659107e-01	8.630252488023369695e-02	3.859005193110038451e-02	9.691768153950768017e-02
1.891568153539215928e+03	1.834790906595818727e-01	1.161916156888748719e-01	2.933109632068233719e-01	1.850285213662832828e-01	8.635907625988957503e-02	3.863028703897788962e-02	9.700044577937291801e-02
1.896405923752871104e+03	1.831859218692084568e-01	1.159897561981361735e-01	2.934965057199084293e-01	1.851594442918340633e-01	8.641530935484902087e-02	3.867032916940468107e-02	9.708273339646296407e-02
1.901243693966526507e+03	1.828944400599384901e-01	1.157889954440568525e-01	2.936810035498012561e-01	1.852896087353586574e-01	8.647122598395565185e-02	3.871017915116959501e-02	9.716454707552335535e-02
1.906081464180181683e+03	1.826046355901688178e-01	1.155893273703916396e-01	2.938644627923808206e-01	1.854190189932472255e-01	8.652682795618020506e-02	3.874983781062870530e-02	9.724588948680641665e-02
1.910919234393836859e+03	1.823164988734015390e-01	1.153907459544688263e-01	2.940468895049871967e-01	1.855476793384552847e-01	8.658211707065389950e-02	3.878930597169705924e-02	9.732676328613996952e-02
1.915757004607492036e+03	1.820300203779257608e-01	1.151932452070048435e-01	2.942282897067153846e-01	1.856755940206188116e-01	8.663709511670228403e-02	3.882858445584078111e-02	9.740717111499583303e-02
1.920594774821147894e+03	1.817451906265013795e-01	1.149968191719197008e-01	2.944086693787064668e-01	1.858027672661690111e-01	8.669176387387954319e-02	3.886767408206941166e-02	9.748711560055817182e-02
1.925432545034802843e+03	1.814620001960445816e-01	1.148014619261535640e-01	2.945880344644351001e-01	1.859292032784469750e-01	8.674612511200313625e-02	3.890657566692858754e-02	9.756659935579173326e-02
1.930270315248458019e+03	1.811804397173154280e-01	1.146071675794841233e-01	2.947663908699948432e-01	1.860549062378175633e-01	8.680018059118896345e-02	3.894529002449295674e-02	9.764562497950989017e-02
1.935108085462113195e+03	1.809004998746071569e-01	1.144139302743451825e-01	2.949437444643793760e-01	1.861798803017833404e-01	8.685393206188674053e-02	3.898381796635942004e-02	9.772419505644253102e-02
1.939945855675768371e+03	1.806221714054374594e-01	1.142217441856461096e-01	2.951201010797618318e-01	1.863041296050979845e-01	8.690738126491595605e-02	3.902216030164059463e-02	9.780231215730382510e-02
1.944783625889424002e+03	1.803454451002414471e-01	1.140306035205921470e-01	2.952954665117705768e-01	1.864276582598792809e-01	8.696052993150200916e-02	3.906031783695858295e-02	9.787997883885969641e-02
1.949621396103079178e+03	1.800703118020665072e-01	1.138405025185059982e-01	2.954698465197623247e-01	1.865504703557218091e-01	8.701337978331276368e-02	3.909829137643901914e-02	9.795719764399529739e-02
1.954459166316734354e+03	1.797967624062689895e-01	1.136514354506500818e-01	2.956432468270924208e-01	1.866725699598092980e-01	8.706593253249540754e-02	3.913608172170530974e-02	9.803397110178217744e-02
1.959296936530389530e+03	1.795247878602127811e-01	1.134633966200499361e-01	2.958156731213822943e-01	1.867939611170265635e-01	8.711818988171360356e-02	3.917368967187320750e-02	9.811030172754531264e-02
1.964134706744044706e+03	1.792543791629695182e-01	1.132763803613184433e-01	2.959871310547841916e-01	1.869146478500710307e-01	8.717015352418498730e-02	3.921111602354559328e-02	9.818619202292996895e-02
1.968972476957700337e+03	1.789855273650204914e-01	1.130903810404811638e-01	2.961576262442431884e-01	1.870346341595640616e-01	8.722182514371885909e-02	3.924836157080749399e-02	9.826164447596844043e-02
1.973810247171355968e+03	1.787182235679607434e-01	1.129053930548024748e-01	2.963271642717568710e-01	1.871539240241616442e-01	8.727320641475422303e-02	3.928542710522137105e-02	9.833666156114642676e-02
1.978648017385010689e+03	1.784524589242044712e-01	1.127214108326127090e-01	2.964957506846316315e-01	1.872725214006649430e-01	8.732429900239799259e-02	3.932231341582263784e-02	9.841124573946941068e-02
1.983485787598666320e+03	1.781882246366923439e-01	1.125384288331362365e-01	2.966633909957372972e-01	1.873904302241302389e-01	8.737510456246350143e-02	3.935902128911540621e-02	9.848539945852875788e-02
1.988323557812321269e+03	1.779255119586005962e-01	1.123564415463205318e-01	2.968300906837585962e-01	1.875076544079787300e-01	8.742562474150923635e-02	3.939555150906846187e-02	9.855912515256762263e-02
1.993161328025976900e+03	1.776643121930518432e-01	1.121754434926660049e-01	2.969958551934442914e-01	1.876241978441057778e-01	8.747586117687777829e-02	3.943190485711146887e-02	9.863242524254663135e-02
1.997999098239632076e+03	1.774046166928274770e-01	1.119954292230569831e-01	2.971606899358538167e-01	1.877400644029897370e-01	8.752581549673488226e-02	3.946808211213139600e-02	9.870530213620946902e-02
2.002836868453287707e+03	1.771464168600820344e-01	1.118163933185934017e-01	2.973246002886014705e-01	1.878552579338006456e-01	8.757548932010883469e-02	3.950408405046913762e-02	9.877775822814820195e-02
2.007674638666942428e+03	1.768897041460588127e-01	1.116383303904235624e-01	2.974875915960984440e-01	1.879697822645081395e-01	8.762488425692993577e-02	3.953991144591641194e-02	9.884979589986837845e-02
2.012512408880597604e+03	1.766344700508076515e-01	1.114612350795776974e-01	2.976496691697922414e-01	1.880836412019892545e-01	8.767400190807018989e-02	3.957556506971279114e-02	9.892141751985393527e-02
2.017350179094252780e+03	1.763807061229040463e-01	1.112851020568025318e-01	2.978108382884033789e-01	1.881968385321357573e-01	8.772284386538310719e-02	3.961104569054296753e-02	9.899262544363196525e-02
2.022187949307908411e+03	1.761284039591701212e-01	1.111099260223966378e-01	2.979711041981606967e-01	1.883093780199611988e-01	8.777141171174368539e-02	3.964635407453425547e-02	9.906342201383715185e-02
2.027025719521564042e+03	1.758775552043971013e-01	1.109357017060468159e-01	2.981304721130337843e-01	1.884212634097072181e-01	8.781970702108848892e-02	3.968149098525424606e-02	9.913380956027613433e-02
2.031863489735218764e+03	1.756281515510694780e-01	1.107624238666652244e-01	2.982889472149631294e-01	1.885324984249497904e-01	8.786773135845590832e-02	3.971645718370867689e-02	9.920379039999158155e-02
2.036701259948874394e+03	1.753801847390908386e-01	1.105900872922275235e-01	2.984465346540884356e-01	1.886430867687049762e-01	8.791548628002648913e-02	3.975125342833948916e-02	9.927336683732604361e-02
2.041539030162529116e+03	1.751336465555113076e-01	1.104186867996118510e-01	2.986032395489742752e-01	1.887530321235342257e-01	8.796297333316342726e-02	3.978588047502308600e-02	9.934254116398566481e-02
2.046376800376184747e+03	1.748885288342564570e-01	1.102482172344386446e-01	2.987590669868340210e-01	1.888623381516493227e-01	8.801019405645306437e-02	3.982033907706875736e-02	9.941131565910354961e-02
2.051214570589840150e+03	1.746448234558580226e-01	1.100786734709113673e-01	2.989140220237516687e-01	1.889710084950168290e-01	8.805714997974554981e-02	3.985462998521728528e-02	9.947969258930307312e-02
2.056052340803495554e+03	1.744025223471861175e-01	1.099100504116581195e-01	2.990681096849011067e-01	1.890790467754622783e-01	8.810384262419558576e-02	3.988875394763975041e-02	9.954767420876087236e-02
2.060890111017150957e+03	1.741616174811829176e-01	1.097423429875740569e-01	2.992213349647637743e-01	1.891864565947738441e-01	8.815027350230315861e-02	3.992271170993649115e-02	9.961526275926960161e-02
2.065727881230805451e+03	1.739221008765980958e-01	1.095755461576647660e-01	2.993737028273441014e-01	1.892932415348055897e-01	8.819644411795447836e-02	3.995650401513625716e-02	9.968246047030054902e-02
2.070565651444461309e+03	1.736839645977256708e-01	1.094096549088904441e-01	2.995252182063829482e-01	1.893994051575804416e-01	8.824235596646282098e-02	3.999013160369550152e-02	9.974926955906598947e-02
2.075403421658116713e+03	1.734472007541424110e-01	1.092446642560108427e-01	2.996758860055691587e-01	1.895049510053926356e-01	8.828801053460955117e-02	4.002359521349787425e-02	9.981569223058127382e-02
2.080241191871772116e+03	1.732118015004480149e-01	1.090805692414311967e-01	2.998257110987491703e-01	1.896098826009097738e-01	8.833340930068506180e-02	4.005689557985384064e-02	9.988173067772676550e-02
2.085078962085427065e+03	1.729777590360062900e-01	1.089173649350489853e-01	2.999746983301342929e-01	1.897142034472744376e-01	8.837855373452985219e-02	4.009003343550048698e-02	9.994738708130948557e-02
2.089916732299082469e+03	1.727450656046885247e-01	1.087550464341013601e-01	3.001228525145068216e-01	1.898179170282054684e-01	8.842344529757555083e-02	4.012300951060148585e-02	1.000126636101246191e-01
2.094754502512737417e+03	1.725137134946177764e-01	1.085936088630136825e-01	3.002701784374236516e-01	1.899210268080988306e-01	8.846808544288604914e-02	4.015582453274718633e-02	1.000775624210166748e-01
2.099592272726392821e+03	1.722836950379149912e-01	1.084330473732485894e-01	3.004166808554182277e-01	1.900235362321280319e-01	8.851247561519853813e-02	4.018847922695488462e-02	1.001420856589405189e-01
2.104430042940048224e+03	1.720550026104465946e-01	1.082733571431561820e-01	3.005623644962009955e-01	1.901254487263439874e-01	8.855661725096462822e-02	4.022097431566924730e-02	1.002062354570221470e-01
2.109267813153704083e+03	1.718276286315733870e-01	1.081145333778247564e-01	3.007072340588573534e-01	1.902267676977748012e-01	8.860051177839145531e-02	4.025331051876284566e-02	1.002700139366192178e-01
2.114105583367359031e+03	1.716015655639010484e-01	1.079565713089325751e-01	3.008512942140444402e-01	1.903274965345248260e-01	8.864416061748277287e-02	4.028548855353685648e-02	1.003334232073813254e-01
2.118943353581013525e+03	1.713768059130321153e-01	1.077994661946003047e-01	3.009945496041859236e-01	1.904276386058734172e-01	8.868756518008000245e-02	4.031750913472190861e-02	1.003964653673101309e-01
2.123781123794669384e+03	1.711533422273193439e-01	1.076432133192443824e-01	3.011370048436651237e-01	1.905271972623733823e-01	8.873072686990332580e-02	4.034937297447905441e-02	1.004591425028191765e-01
2.128618894008324787e+03	1.709311670976204900e-01	1.074878079934310088e-01	3.012786645190163592e-01	1.906261758359488190e-01	8.877364708259272152e-02	4.038108078240089382e-02	1.005214566887934619e-01
2.133456664221980191e+03	1.707102731570546705e-01	1.073332455537311797e-01	3.014195331891145746e-01	1.907245776399926485e-01	8.881632720574897388e-02	4.041263326551280954e-02	1.005834099886488975e-01
2.138294434435635139e+03	1.704906530807599463e-01	1.071795213625762883e-01	3.015596153853633554e-01	1.908224059694637320e-01	8.885876861897459844e-02	4.044403112827433394e-02	1.006450044543913819e-01
2.143132204649290543e+03	1.702722995856525701e-01	1.070266308081146700e-01	3.016989156118815019e-01	1.909196641009835993e-01	8.890097269391483703e-02	4.047527507258067564e-02	1.007062421266757962e-01
2.147969974862945492e+03	1.700552054301874005e-01	1.068745693040688421e-01	3.018374383456874366e-01	1.910163552929326214e-01	8.894294079429851396e-02	4.050636579776432933e-02	1.007671250348645547e-01
2.152807745076601350e+03	1.698393634141197595e-01	1.067233322895935893e-01	3.019751880368825581e-01	1.911124827855459340e-01	8.898467427597887835e-02	4.053730400059683825e-02	1.008276551970861412e-01
2.157645515290255844e+03	1.696247663782688986e-01	1.065729152291348125e-01	3.021121691088327066e-01	1.912080498010088614e-01	8.902617448697443259e-02	4.056809037529067463e-02	1.008878346202932846e-01
2.162483285503912157e+03	1.694114072042825769e-01	1.064233136122891138e-01	3.022483859583481869e-01	1.913030595435520342e-01	8.906744276750956646e-02	4.059872561350122422e-02	1.009476653003209684e-01
2.167321055717567106e+03	1.691992788144031645e-01	1.062745229536641717e-01	3.023838429558622365e-01	1.913975151995458424e-01	8.910848045005533014e-02	4.062921040432888181e-02	1.010071492219440648e-01
2.172158825931222509e+03	1.689883741712350507e-01	1.061265387927399495e-01	3.025185444456077732e-01	1.914914199375947479e-01	8.914928885936994341e-02	4.065954543432130641e-02	1.010662883589348998e-01
2.176996596144877003e+03	1.687786862775134400e-01	1.059793566937305836e-01	3.026524947457929215e-01	1.915847769086310437e-01	8.918986931253938821e-02	4.068973138747573187e-02	1.011250846741205550e-01
2.181834366358532861e+03	1.685702081758744808e-01	1.058329722454470351e-01	3.027856981487749843e-01	1.916775892460081399e-01	8.923022311901780690e-02	4.071976894524141632e-02	1.011835401194397799e-01
2.186672136572187810e+03	1.683629329486267534e-01	1.056873810611605319e-01	3.029181589212326942e-01	1.917698600655936836e-01	8.927035158066791432e-02	4.074965878652221651e-02	1.012416566359998632e-01
2.191509906785843214e+03	1.681568537175240075e-01	1.055425787784667474e-01	3.030498813043371875e-01	1.918615924658620409e-01	8.931025599180122954e-02	4.077940158767920376e-02	1.012994361541331573e-01
2.196347676999498617e+03	1.679519636435394536e-01	1.053985610591507416e-01	3.031808695139218690e-01	1.919527895279863339e-01	8.934993763921836307e-02	4.080899802253348113e-02	1.013568805934533662e-01
2.201185447213154021e+03	1.677482559266409712e-01	1.052553235890526101e-01	3.033111277406500550e-01	1.920434543159302843e-01	8.938939780224904041e-02	4.083844876236899374e-02	1.014139918629116399e-01
2.206023217426809424e+03	1.675457238055680642e-01	1.051128620779338968e-01	3.034406601501820067e-01	1.921335898765394457e-01	8.942863775279222271e-02	4.086775447593554017e-02	1.014707718608523906e-01
2.210860987640464373e+03	1.673443605576098170e-01	1.049711722593447277e-01	3.035694708833401867e-01	1.922231992396321032e-01	8.946765875535589441e-02	4.089691582945181869e-02	1.015272224750689428e-01
2.215698757854119776e+03	1.671441594983842927e-01	1.048302498904916946e-01	3.036975640562732948e-01	1.923122854180898400e-01	8.950646206709698960e-02	4.092593348660856362e-02	1.015833455828587945e-01
2.220536528067775180e+03	1.669451139816190421e-01	1.046900907521064600e-01	3.038249437606186376e-01	1.924008514079475207e-01	8.954504893786111031e-02	4.095480810857184129e-02	1.016391430510788507e-01
2.225374298281430583e+03	1.667472173989331952e-01	1.045506906483150839e-01	3.039516140636635555e-01	1.924889001884829975e-01	8.958342061022205038e-02	4.098354035398633910e-02	1.016946167362002412e-01
2.230212068495085077e+03	1.665504631796204948e-01	1.044120454065080583e-01	3.040775790085053498e-01	1.925764347223063722e-01	8.962157831952140274e-02	4.101213087897886272e-02	1.017497684843629291e-01
2.235049838708740936e+03	1.663548447904337479e-01	1.042741508772110220e-01	3.042028426142099340e-01	1.926634579554487858e-01	8.965952329390790287e-02	4.104058033716180554e-02	1.018046001314302229e-01
2.239887608922396339e+03	1.661603557353705518e-01	1.041370029339563352e-01	3.043274088759692075e-01	1.927499728174509874e-01	8.969725675437674461e-02	4.106888937963679848e-02	1.018591135030428446e-01
2.244725379136052197e+03	1.659669895554602426e-01	1.040005974731551680e-01	3.044512817652568759e-01	1.928359822214511798e-01	8.973477991480866001e-02	4.109705865499838073e-02	1.019133104146729280e-01
2.249563149349706237e+03	1.657747398285518980e-01	1.038649304139704077e-01	3.045744652299837152e-01	1.929214890642728386e-01	8.977209398200906854e-02	4.112508880933779531e-02	1.019671926716777116e-01
2.254400919563362095e+03	1.655836001691040060e-01	1.037299976981902599e-01	3.046969631946507273e-01	1.930064962265117812e-01	8.980920015574692106e-02	4.115298048624683319e-02	1.020207620693529271e-01
2.259238689777017044e+03	1.653935642279748541e-01	1.035957952901025020e-01	3.048187795605015182e-01	1.930910065726231251e-01	8.984609962879352985e-02	4.118073432682180235e-02	1.020740203929861173e-01
2.264076459990672902e+03	1.652046256922145018e-01	1.034623191763694855e-01	3.049399182056735103e-01	1.931750229510075523e-01	8.988279358696125987e-02	4.120835096966751071e-02	1.021269694179095383e-01
