1.001418434226643626e+03	2.797554925488665023e-01	1.807764311162963766e-01	2.350237013361316796e-01	1.408075526533150157e-01	6.817141281786130713e-02	2.662859025360972756e-02	6.883681927372077569e-02
1.002869765290740247e+03	2.794995893306816970e-01	1.806114677332346374e-01	2.352063180824155719e-01	1.409126322310415846e-01	6.821568705410360756e-02	2.665187647255439982e-02	6.890242909576982377e-02
1.004321096354836754e+03	2.792441220278659708e-01	1.804467809842022763e-01	2.353886142958570293e-01	1.410175325816419023e-01	6.825988790896905800e-02	2.667512582728286119e-02	6.896793637398225540e-02
1.005772427418933376e+03	2.789890899006941538e-01	1.802823704007608940e-01	2.355705905229479868e-01	1.411222540502996003e-01	6.830401551001356875e-02	2.669833837967508158e-02	6.903334123541005063e-02
1.007223758483029997e+03	2.787344922107070078e-01	1.801182355152665393e-01	2.357522473092726611e-01	1.412267969812655288e-01	6.834806998454458216e-02	2.672151419150624319e-02	6.909864380723874933e-02
1.008675089547126618e+03	2.784803282207090613e-01	1.799543758608683486e-01	2.359335851995087163e-01	1.413311617178620305e-01	6.839205145962160004e-02	2.674465332444693477e-02	6.916384421678456462e-02
1.010126420611223239e+03	2.782265971947663896e-01	1.797907909715072139e-01	2.361146047374287349e-01	1.414353486024873818e-01	6.843596006205678040e-02	2.676775584006330089e-02	6.922894259149146856e-02
1.011577751675319632e+03	2.779732983982041716e-01	1.796274803819143673e-01	2.362953064659015778e-01	1.415393579766200394e-01	6.847979591841547864e-02	2.679082179981724654e-02	6.929393905892837491e-02
1.013029082739416367e+03	2.777204310976046364e-01	1.794644436276101318e-01	2.364756909268937446e-01	1.416431901808230254e-01	6.852355915501681660e-02	2.681385126506660721e-02	6.935883374678630808e-02
1.014480413803512761e+03	2.774679945608046761e-01	1.793016802449025338e-01	2.366557586614706221e-01	1.417468455547482575e-01	6.856724989793426539e-02	2.683684429706531885e-02	6.942362678287559985e-02
1.015931744867609382e+03	2.772159880568937362e-01	1.791391897708860814e-01	2.368355102097979559e-01	1.418503244371406291e-01	6.861086827299615887e-02	2.685980095696360870e-02	6.948831829512308600e-02
1.017383075931706003e+03	2.769644108562115403e-01	1.789769717434402108e-01	2.370149461111431544e-01	1.419536271658423943e-01	6.865441440578634591e-02	2.688272130580815489e-02	6.955290841156942794e-02
1.018834406995802851e+03	2.767132622303458134e-01	1.788150257012282585e-01	2.371940669038766769e-01	1.420567540777972482e-01	6.869788842164467613e-02	2.690560540454227378e-02	6.961739726036626774e-02
1.020285738059899245e+03	2.764625414521301172e-01	1.786533511836958799e-01	2.373728731254733382e-01	1.421597055090545181e-01	6.874129044566765212e-02	2.692845331400610734e-02	6.968178496977364689e-02
1.021737069123995752e+03	2.762122477956415745e-01	1.784919477310698555e-01	2.375513653125136682e-01	1.422624817947732712e-01	6.878462060270894296e-02	2.695126509493677922e-02	6.974607166815720294e-02
1.023188400188092373e+03	2.759623805361986482e-01	1.783308148843567864e-01	2.377295440006853278e-01	1.423650832692263946e-01	6.882787901737995317e-02	2.697404080796858214e-02	6.981025748398562991e-02
1.024639731252188767e+03	2.757129389503589767e-01	1.781699521853416790e-01	2.379074097247844133e-01	1.424675102658047310e-01	6.887106581405046113e-02	2.699678051363314096e-02	6.987434254582791660e-02
1.026091062316285615e+03	2.754639223159172645e-01	1.780093591765867234e-01	2.380849630187167332e-01	1.425697631170210478e-01	6.891418111684916026e-02	2.701948427235961389e-02	6.993832698235084855e-02
1.027542393380382237e+03	2.752153299119028396e-01	1.778490354014299613e-01	2.382622044154992513e-01	1.426718421545140336e-01	6.895722504966420030e-02	2.704215214447483820e-02	7.000221092231632969e-02
1.028993724444478858e+03	2.749671610185775994e-01	1.776889804039839260e-01	2.384391344472613916e-01	1.427737477090523233e-01	6.900019773614388119e-02	2.706478419020352105e-02	7.006599449457884266e-02
1.030445055508575479e+03	2.747194149174339572e-01	1.775291937291343380e-01	2.386157536452464534e-01	1.428754801105383831e-01	6.904309929969704163e-02	2.708738046966840951e-02	7.012967782808293693e-02
1.031896386572671872e+03	2.744720908911922885e-01	1.773696749225389113e-01	2.387920625398128049e-01	1.429770396880125360e-01	6.908592986349383624e-02	2.710994104289046747e-02	7.019326105186064757e-02
1.033347717636768493e+03	2.742251882237991545e-01	1.772104235306259656e-01	2.389680616604354657e-01	1.430784267696567635e-01	6.912868955046617969e-02	2.713246596978904218e-02	7.025674429502899720e-02
1.034799048700865114e+03	2.739787062004247487e-01	1.770514391005930110e-01	2.391437515357071886e-01	1.431796416827985918e-01	6.917137848330838501e-02	2.715495531018204817e-02	7.032012768678759518e-02
1.036250379764961508e+03	2.737326441074611205e-01	1.768927211804056931e-01	2.393191326933399588e-01	1.432806847539148942e-01	6.921399678447773263e-02	2.717740912378613719e-02	7.038341135641607016e-02
1.037701710829058356e+03	2.734870012325195665e-01	1.767342693187962943e-01	2.394942056601662705e-01	1.433815563086358325e-01	6.925654457619502546e-02	2.719982747021685437e-02	7.044659543327172480e-02
1.039153041893154750e+03	2.732417768644289091e-01	1.765760830652625402e-01	2.396689709621404873e-01	1.434822566717485481e-01	6.929902198044519956e-02	2.722221040898883948e-02	7.050968004678702383e-02
1.040604372957251599e+03	2.729969702932329989e-01	1.764181619700662673e-01	2.398434291243402294e-01	1.435827861672008821e-01	6.934142911897790695e-02	2.724455799951597257e-02	7.057266532646729040e-02
1.042055704021347992e+03	2.727525808101886606e-01	1.762605055842320911e-01	2.400175806709676507e-01	1.436831451181051766e-01	6.938376611330807076e-02	2.726687030111156138e-02	7.063555140188831905e-02
1.043507035085444613e+03	2.725086077077635838e-01	1.761031134595462400e-01	2.401914261253507987e-01	1.437833338467419952e-01	6.942603308471646806e-02	2.728914737298851825e-02	7.069833840269393321e-02
1.044958366149541234e+03	2.722650502796341021e-01	1.759459851485551951e-01	2.403649660099448637e-01	1.438833526745637581e-01	6.946823015425029890e-02	2.731138927425950935e-02	7.076102645859380647e-02
1.046409697213637855e+03	2.720219078206831953e-01	1.757891202045643309e-01	2.405382008463336774e-01	1.439832019221984061e-01	6.951035744272376915e-02	2.733359606393714197e-02	7.082361569936100609e-02
1.047861028277734476e+03	2.717791796269981575e-01	1.756325181816367487e-01	2.407111311552309618e-01	1.440828819094530089e-01	6.955241507071868723e-02	2.735576780093413110e-02	7.088610625482977268e-02
1.049312359341831097e+03	2.715368649958685987e-01	1.754761786345919727e-01	2.408837574564816342e-01	1.441823929553174843e-01	6.959440315858503312e-02	2.737790454406347287e-02	7.094849825489325801e-02
1.050763690405927491e+03	2.712949632257842247e-01	1.753201011190046177e-01	2.410560802690631665e-01	1.442817353779680400e-01	6.963632182644149959e-02	2.740000635203861112e-02	7.101079182950126301e-02
1.052215021470024112e+03	2.710534736164328939e-01	1.751642851912031673e-01	2.412281001110868905e-01	1.443809094947708371e-01	6.967817119417608895e-02	2.742207328347360737e-02	7.107298710865800340e-02
1.053666352534120733e+03	2.708123954686981194e-01	1.750087304082686701e-01	2.413998174997993573e-01	1.444799156222854597e-01	6.971995138144669590e-02	2.744410539688330389e-02	7.113508422241990314e-02
1.055117683598217127e+03	2.705717280846574035e-01	1.748534363280334625e-01	2.415712329515836976e-01	1.445787540762683843e-01	6.976166250768169041e-02	2.746610275068350759e-02	7.119708330089340176e-02
1.056569014662313975e+03	2.703314707675797401e-01	1.746984025090799475e-01	2.417423469819608706e-01	1.446774251716766158e-01	6.980330469208041733e-02	2.748806540319114963e-02	7.125898447423278936e-02
1.058020345726410369e+03	2.700916228219237825e-01	1.745436285107392627e-01	2.419131601055910519e-01	1.447759292226710459e-01	6.984487805361384860e-02	2.750999341262445538e-02	7.132078787263806952e-02
1.059471676790506763e+03	2.698521835533356228e-01	1.743891138930901141e-01	2.420836728362748824e-01	1.448742665426198395e-01	6.988638271102511068e-02	2.753188683710311099e-02	7.138249362635280815e-02
1.060923007854603611e+03	2.696131522686467386e-01	1.742348582169573334e-01	2.422538856869548840e-01	1.449724374441019870e-01	6.992781878283008123e-02	2.755374573464843338e-02	7.144410186566202414e-02
1.062374338918700232e+03	2.693745282758717163e-01	1.740808610439107951e-01	2.424237991697167915e-01	1.450704422389106352e-01	6.996918638731791651e-02	2.757557016318353330e-02	7.150561272089010767e-02
1.063825669982796853e+03	2.691363108842064200e-01	1.739271219362640841e-01	2.425934137957907466e-01	1.451682812380563903e-01	7.001048564255164808e-02	2.759736018053349227e-02	7.156702632239873851e-02
1.065277001046893474e+03	2.688984994040257703e-01	1.737736404570732196e-01	2.427627300755526851e-01	1.452659547517707872e-01	7.005171666636871020e-02	2.761911584442552567e-02	7.162834280058485992e-02
1.066728332110990095e+03	2.686610931468816355e-01	1.736204161701354054e-01	2.429317485185256975e-01	1.453634630895095370e-01	7.009287957638155042e-02	2.764083721248914230e-02	7.168956228587861079e-02
1.068179663175086489e+03	2.684240914255008326e-01	1.734674486399878646e-01	2.431004696333813331e-01	1.454608065599558298e-01	7.013397448997814310e-02	2.766252434225631440e-02	7.175068490874127181e-02
1.069630994239183110e+03	2.681874935537829630e-01	1.733147374319064515e-01	2.432688939279408769e-01	1.455579854710236654e-01	7.017500152432261384e-02	2.768417729116165113e-02	7.181171079966336412e-02
1.071082325303279504e+03	2.679512988467984691e-01	1.731622821119044864e-01	2.434370219091766818e-01	1.456550001298611008e-01	7.021596079635573917e-02	2.770579611654256161e-02	7.187264008916260938e-02
1.072533656367376352e+03	2.677155066207863587e-01	1.730100822467314781e-01	2.436048540832134457e-01	1.457518508428534698e-01	7.025685242279550158e-02	2.772738087563941106e-02	7.193347290778195902e-02
1.073984987431472746e+03	2.674801161931523730e-01	1.728581374038719587e-01	2.437723909553296542e-01	1.458485379156265471e-01	7.029767652013768631e-02	2.774893162559569776e-02	7.199420938608766529e-02
1.075436318495569594e+03	2.672451268824668769e-01	1.727064471515440403e-01	2.439396330299587468e-01	1.459450616530498790e-01	7.033843320465640869e-02	2.777044842345821260e-02	7.205484965466739389e-02
1.076887649559666215e+03	2.670105380084626390e-01	1.725550110586984709e-01	2.441065808106904766e-01	1.460414223592398364e-01	7.037912259240466928e-02	2.779193132617720219e-02	7.211539384412822551e-02
1.078338980623762609e+03	2.667763488920329440e-01	1.724038286950171361e-01	2.442732348002722709e-01	1.461376203375628624e-01	7.041974479921495056e-02	2.781338039060653883e-02	7.217584208509486565e-02
1.079790311687859230e+03	2.665425588552294833e-01	1.722528996309118654e-01	2.444395955006103960e-01	1.462336558906385531e-01	7.046029994069964719e-02	2.783479567350388012e-02	7.223619450820767396e-02
1.081241642751955851e+03	2.663091672212604122e-01	1.721022234375233773e-01	2.446056634127714846e-01	1.463295293203427383e-01	7.050078813225175989e-02	2.785617723153083550e-02	7.229645124412088786e-02
1.082692973816052472e+03	2.660761733144881847e-01	1.719517996867198362e-01	2.447714390369836457e-01	1.464252409278106737e-01	7.054120948904533950e-02	2.787752512125312929e-02	7.235661242350074907e-02
1.084144304880149093e+03	2.658435764604274443e-01	1.718016279510957423e-01	2.449369228726378245e-01	1.465207910134400104e-01	7.058156412603608376e-02	2.789883939914076030e-02	7.241667817702369947e-02
1.085595635944245487e+03	2.656113759857433032e-01	1.716517078039705990e-01	2.451021154182891626e-01	1.466161798768939595e-01	7.062185215796183690e-02	2.792012012156817186e-02	7.247664863537452151e-02
1.087046967008342108e+03	2.653795712182490107e-01	1.715020388193878587e-01	2.452670171716582748e-01	1.467114078171042058e-01	7.066207369934318638e-02	2.794136734481440787e-02	7.253652392924464509e-02
1.088498298072438729e+03	2.651481614869041215e-01	1.713526205721135065e-01	2.454316286296324701e-01	1.468064751322740169e-01	7.070222886448394861e-02	2.796258112506327248e-02	7.259630418933026019e-02
1.089949629136535123e+03	2.649171461218123302e-01	1.712034526376349786e-01	2.455959502882671674e-01	1.469013821198811576e-01	7.074231776747177958e-02	2.798376151840351045e-02	7.265598954633070705e-02
1.091400960200631971e+03	2.646865244542195295e-01	1.710545345921598848e-01	2.457599826427871170e-01	1.469961290766809703e-01	7.078234052217860506e-02	2.800490858082894594e-02	7.271558013094656103e-02
1.092852291264728365e+03	2.644562958165119770e-01	1.709058660126147045e-01	2.459237261875877045e-01	1.470907162987092898e-01	7.082229724226123124e-02	2.802602236823865597e-02	7.277507607387806443e-02
1.094303622328825213e+03	2.642264595422139095e-01	1.707574464766437872e-01	2.460871814162363391e-01	1.471851440812852740e-01	7.086218804116185821e-02	2.804710293643713701e-02	7.283447750582333624e-02
1.095754953392921607e+03	2.639970149659858212e-01	1.706092755626079371e-01	2.462503488214735636e-01	1.472794127190144575e-01	7.090201303210864892e-02	2.806815034113445059e-02	7.289378455747673458e-02
1.097206284457018228e+03	2.637679614236224102e-01	1.704613528495833030e-01	2.464132288952144978e-01	1.473735225057916931e-01	7.094177232811618716e-02	2.808916463794639690e-02	7.295299735952712195e-02
1.098657615521114849e+03	2.635392982520506355e-01	1.703136779173600734e-01	2.465758221285501151e-01	1.474674737348037890e-01	7.098146604198604659e-02	2.811014588239467427e-02	7.301211604265625543e-02
1.100108946585211470e+03	2.633110247893275524e-01	1.701662503464414500e-01	2.467381290117484915e-01	1.475612666985326449e-01	7.102109428630734578e-02	2.813109412990702496e-02	7.307114073753712136e-02
1.101560277649308091e+03	2.630831403746383690e-01	1.700190697180422594e-01	2.469001500342560829e-01	1.476549016887579724e-01	7.106065717345717847e-02	2.815200943581741902e-02	7.313007157483232545e-02
1.103011608713404712e+03	2.628556443482948368e-01	1.698721356140877881e-01	2.470618856846990563e-01	1.477483789965600980e-01	7.110015481560123807e-02	2.817289185536618959e-02	7.318890868519246917e-02
1.104462939777501106e+03	2.626285360517325862e-01	1.697254476172126159e-01	2.472233364508845399e-01	1.478416989123228498e-01	7.113958732469428947e-02	2.819374144370021332e-02	7.324765219925455373e-02
1.105914270841597499e+03	2.624018148275097939e-01	1.695790053107595063e-01	2.473845028198018992e-01	1.479348617257362775e-01	7.117895481248071032e-02	2.821455825587305608e-02	7.330630224764039804e-02
1.107365601905694348e+03	2.621754800193049073e-01	1.694328082787779632e-01	2.475453852776241248e-01	1.480278677257995112e-01	7.121825739049496284e-02	2.823534234684513256e-02	7.336485896095507053e-02
1.108816932969790741e+03	2.619495309719146459e-01	1.692868561060232313e-01	2.477059843097089709e-01	1.481207172008233985e-01	7.125749517006216283e-02	2.825609377148387280e-02	7.342332246978534871e-02
1.110268264033887590e+03	2.617239670312522248e-01	1.691411483779551028e-01	2.478663004006003145e-01	1.482134104384333906e-01	7.129666826229856536e-02	2.827681258456386792e-02	7.348169290469819259e-02
1.111719595097984211e+03	2.614987875443451348e-01	1.689956846807366408e-01	2.480263340340294331e-01	1.483059477255720959e-01	7.133577677811207829e-02	2.829749884076704358e-02	7.353997039623919041e-02
1.113170926162080832e+03	2.612739918593335875e-01	1.688504646012330135e-01	2.481860856929162251e-01	1.483983293485021393e-01	7.137482082820278961e-02	2.831815259468280568e-02	7.359815507493105979e-02
1.114622257226177226e+03	2.610495793254680730e-01	1.687054877270103004e-01	2.483455558593705981e-01	1.484905555928088261e-01	7.141380052306345316e-02	2.833877390080820347e-02	7.365624707127220450e-02
1.116073588290273847e+03	2.608255492931078057e-01	1.685607536463343548e-01	2.485047450146936066e-01	1.485826267434026682e-01	7.145271597298000210e-02	2.835936281354808214e-02	7.371424651573514619e-02
1.117524919354370468e+03	2.606019011137185593e-01	1.684162619481695544e-01	2.486636536393788399e-01	1.486745430845222427e-01	7.149156728803206240e-02	2.837991938721524596e-02	7.377215353876515058e-02
1.118976250418467089e+03	2.603786341398708348e-01	1.682720122221776915e-01	2.488222822131136991e-01	1.487663048997366622e-01	7.153035457809345243e-02	2.840044367603060393e-02	7.382996827077874247e-02
1.120427581482563710e+03	2.601557477252379735e-01	1.681280040587166957e-01	2.489806312147804790e-01	1.488579124719483227e-01	7.156907795283266871e-02	2.842093573412334331e-02	7.388769084216224858e-02
1.121878912546660331e+03	2.599332412245939361e-01	1.679842370488395797e-01	2.491387011224579229e-01	1.489493660833954569e-01	7.160773752171339934e-02	2.844139561553107182e-02	7.394532138327035431e-02
1.123330243610756725e+03	2.597111139938118596e-01	1.678407107842930512e-01	2.492964924134222771e-01	1.490406660156546603e-01	7.164633339399506529e-02	2.846182337419997377e-02	7.400286002442482691e-02
1.124781574674853118e+03	2.594893653898616703e-01	1.676974248575166526e-01	2.494540055641486787e-01	1.491318125496436386e-01	7.168486567873319504e-02	2.848221906398496969e-02	7.406030689591296123e-02
1.126232905738949967e+03	2.592679947708084187e-01	1.675543788616413177e-01	2.496112410503123213e-01	1.492228059656235117e-01	7.172333448478004914e-02	2.850258273864987937e-02	7.411766212798628906e-02
1.127684236803046360e+03	2.590470014958102807e-01	1.674115723904883446e-01	2.497681993467897599e-01	1.493136465432016446e-01	7.176173992078505037e-02	2.852291445186756064e-02	7.417492585085919132e-02
1.129135567867143209e+03	2.588263849251166704e-01	1.672690050385681471e-01	2.499248809276602701e-01	1.494043345613339235e-01	7.180008209519528339e-02	2.854321425722006547e-02	7.423209819470753812e-02
1.130586898931239830e+03	2.586061444200662973e-01	1.671266764010791439e-01	2.500812862662069036e-01	1.494948702983274202e-01	7.183836111625595267e-02	2.856348220819882044e-02	7.428917928966735640e-02
1.132038229995336451e+03	2.583862793430853899e-01	1.669845860739065380e-01	2.502374158349179312e-01	1.495852540318428348e-01	7.187657709201093759e-02	2.858371835820474813e-02	7.434616926583351160e-02
1.133489561059432845e+03	2.581667890576855307e-01	1.668427336536212335e-01	2.503932701054881194e-01	1.496754860388969932e-01	7.191473013030322270e-02	2.860392276054842670e-02	7.440306825325836149e-02
1.134940892123529466e+03	2.579476729284620462e-01	1.667011187374786430e-01	2.505488495488197853e-01	1.497655665958652904e-01	7.195282033877538341e-02	2.862409546845026687e-02	7.445987638195049330e-02
1.136392223187626087e+03	2.577289303210918980e-01	1.665597409234174653e-01	2.507041546350241568e-01	1.498554959784841045e-01	7.199084782487012724e-02	2.864423653504064374e-02	7.451659378187340532e-02
1.137843554251722708e+03	2.575105606023320171e-01	1.664185998100586317e-01	2.508591858334227043e-01	1.499452744618533506e-01	7.202881269583066848e-02	2.866434601336005292e-02	7.457322058294425793e-02
1.139294885315819101e+03	2.572925631400171942e-01	1.662776949967040563e-01	2.510139436125484735e-01	1.500349023204388121e-01	7.206671505870131111e-02	2.868442395635926664e-02	7.462975691503259679e-02
1.140746216379915950e+03	2.570749373030581930e-01	1.661370260833355261e-01	2.511684284401469736e-01	1.501243798280745556e-01	7.210455502032787900e-02	2.870447041689948645e-02	7.468620290795907612e-02
1.142197547444012343e+03	2.568576824614401399e-01	1.659965926706135630e-01	2.513226407831777864e-01	1.502137072579653176e-01	7.214233268735814608e-02	2.872448544775248885e-02	7.474255869149426523e-02
1.143648878508108737e+03	2.566407979862203592e-01	1.658563943598763135e-01	2.514765811078155666e-01	1.503028848826888642e-01	7.218004816624240538e-02	2.874446910160079541e-02	7.479882439535742722e-02
1.145100209572205586e+03	2.564242832495266522e-01	1.657164307531382441e-01	2.516302498794514841e-01	1.503919129741984884e-01	7.221770156323387146e-02	2.876442143103779756e-02	7.485500014921524226e-02
1.146551540636302207e+03	2.562081376245553543e-01	1.655767014530891701e-01	2.517836475626943904e-01	1.504807918038251480e-01	7.225529298438916614e-02	2.878434248856793706e-02	7.491108608268065572e-02
1.148002871700398828e+03	2.559923604855695034e-01	1.654372060630930341e-01	2.519367746213720949e-01	1.505695216422799354e-01	7.229282253556877647e-02	2.880423232660683439e-02	7.496708232531169858e-02
1.149454202764495449e+03	2.557769512078970076e-01	1.652979441871867405e-01	2.520896315185324199e-01	1.506581027596563815e-01	7.233029032243754042e-02	2.882409099748144826e-02	7.502298900661026615e-02
1.150905533828591842e+03	2.555619091679287580e-01	1.651589154300791007e-01	2.522422187164447549e-01	1.507465354254327594e-01	7.236769645046513266e-02	2.884391855343022837e-02	7.507880625602099400e-02
1.152356864892688463e+03	2.553472337431168526e-01	1.650201193971496394e-01	2.523945366766011666e-01	1.508348199084743047e-01	7.240504102492643923e-02	2.886371504660326451e-02	7.513453420293007834e-02
1.153808195956785084e+03	2.551329243119725976e-01	1.648815556944473737e-01	2.525465858597175095e-01	1.509229564770356025e-01	7.244232415090211263e-02	2.888348052906243232e-02	7.519017297666416577e-02
1.155259527020881706e+03	2.549189802540646754e-01	1.647432239286898414e-01	2.526983667257347577e-01	1.510109453987628081e-01	7.247954593327898820e-02	2.890321505278154943e-02	7.524572270648917371e-02
1.156710858084978327e+03	2.547054009500174243e-01	1.646051237072619078e-01	2.528498797338203374e-01	1.510987869406958672e-01	7.251670647675055592e-02	2.892291866964652111e-02	7.530118352160920792e-02
1.158162189149074720e+03	2.544921857815089505e-01	1.644672546382146272e-01	2.530011253423691264e-01	1.511864813692707366e-01	7.255380588581739065e-02	2.894259143145549648e-02	7.535655555116542448e-02
1.159613520213171569e+03	2.542793341312692412e-01	1.643296163302640778e-01	2.531521040090050634e-01	1.512740289503217705e-01	7.259084426478762397e-02	2.896223338991900029e-02	7.541183892423498902e-02
1.161064851277267962e+03	2.540668453830784435e-01	1.641922083927901954e-01	2.533028161905819253e-01	1.513614299490836923e-01	7.262782171777740214e-02	2.898184459666010640e-02	7.546703376982995259e-02
1.162516182341364356e+03	2.538547189217648659e-01	1.640550304358359135e-01	2.534532623431849374e-01	1.514486846301939804e-01	7.266473834871133020e-02	2.900142510321456618e-02	7.552214021689616918e-02
1.163967513405461204e+03	2.536429541332033133e-01	1.639180820701056362e-01	2.536034429221317721e-01	1.515357932576949784e-01	7.270159426132292990e-02	2.902097496103096808e-02	7.557715839431222715e-02
1.165418844469557826e+03	2.534315504043130884e-01	1.637813629069644894e-01	2.537533583819737704e-01	1.516227560950360598e-01	7.273838955915505611e-02	2.904049422147087986e-02	7.563208843088845001e-02
1.166870175533654447e+03	2.532205071230563820e-01	1.636448725584370156e-01	2.539030091764974406e-01	1.517095734050757649e-01	7.277512434556038246e-02	2.905998293580899783e-02	7.568693045536578623e-02
1.168321506597751068e+03	2.530098236784364407e-01	1.635086106372059811e-01	2.540523957587253467e-01	1.517962454500840497e-01	7.281179872370181771e-02	2.907944115523329598e-02	7.574168459641483775e-02
1.169772837661847461e+03	2.527994994604954582e-01	1.633725767566114873e-01	2.542015185809175515e-01	1.518827724917443389e-01	7.284841279655294988e-02	2.909886893084517867e-02	7.579635098263481918e-02
1.171224168725944082e+03	2.525895338603132423e-01	1.632367705306496664e-01	2.543503780945726156e-01	1.519691547911556639e-01	7.288496666689850412e-02	2.911826631365961246e-02	7.585092974255251697e-02
1.172675499790040703e+03	2.523799262700048840e-01	1.631011915739716545e-01	2.544989747504291522e-01	1.520553926088347441e-01	7.292146043733478689e-02	2.913763335460528917e-02	7.590542100462133179e-02
1.174126830854137097e+03	2.521706760827194249e-01	1.629658395018824535e-01	2.546473089984667149e-01	1.521414862047181238e-01	7.295789421027010224e-02	2.915697010452476118e-02	7.595982489722027942e-02
1.175578161918233945e+03	2.519617826926377480e-01	1.628307139303398487e-01	2.547953812879072966e-01	1.522274358381642545e-01	7.299426808792515431e-02	2.917627661417459412e-02	7.601414154865301920e-02
1.177029492982330339e+03	2.517532454949708565e-01	1.626958144759533265e-01	2.549431920672162732e-01	1.523132417679555206e-01	7.303058217233356075e-02	2.919555293422550907e-02	7.606837108714684104e-02
1.178480824046426733e+03	2.515450638859583199e-01	1.625611407559828525e-01	2.550907417841037361e-01	1.523989042523004045e-01	7.306683656534226912e-02	2.921479911526253526e-02	7.612251364085177718e-02
1.179932155110523581e+03	2.513372372628661089e-01	1.624266923883379010e-01	2.552380308855258795e-01	1.524844235488354016e-01	7.310303136861191764e-02	2.923401520778513840e-02	7.617656933783960305e-02
1.181383486174620202e+03	2.511297650239850410e-01	1.622924689915762886e-01	2.553850598176858333e-01	1.525697999146271300e-01	7.313916668361732099e-02	2.925320126220739073e-02	7.623053830610290738e-02
1.182834817238716823e+03	2.509226465686289487e-01	1.621584701849030918e-01	2.555318290260352176e-01	1.526550336061743562e-01	7.317524261164790045e-02	2.927235732885810626e-02	7.628442067355421796e-02
1.184286148302813444e+03	2.507158812971329587e-01	1.620246955881696205e-01	2.556783389552751973e-01	1.527401248794099942e-01	7.321125925380808641e-02	2.929148345798096228e-02	7.633821656802500244e-02
1.185737479366910065e+03	2.505094686108516044e-01	1.618911448218720850e-01	2.558245900493577585e-01	1.528250739897031030e-01	7.324721671101780407e-02	2.931057969973468666e-02	7.639192611726479398e-02
1.187188810431006686e+03	2.503034079121571054e-01	1.617578175071508750e-01	2.559705827514867638e-01	1.529098811918608858e-01	7.328311508401277874e-02	2.932964610419316887e-02	7.644554944894030313e-02
1.188640141495103080e+03	2.500976986044375905e-01	1.616247132657890606e-01	2.561163175041193396e-01	1.529945467401306325e-01	7.331895447334506322e-02	2.934868272134561265e-02	7.649908669063454347e-02
1.190091472559199701e+03	2.498923400920954052e-01	1.614918317202116427e-01	2.562617947489670422e-01	1.530790708882017737e-01	7.335473497938341247e-02	2.936768960109668869e-02	7.655253796984588799e-02
1.191542803623296322e+03	2.496873317805453074e-01	1.613591724934843596e-01	2.564070149269967458e-01	1.531634538892077402e-01	7.339045670231371388e-02	2.938666679326666989e-02	7.660590341398729186e-02
1.192994134687392716e+03	2.494826730762126354e-01	1.612267352093124384e-01	2.565519784784325297e-01	1.532476959957279339e-01	7.342611974213940351e-02	2.940561434759158058e-02	7.665918315038533493e-02
1.194445465751489564e+03	2.492783633865316983e-01	1.610945194920397339e-01	2.566966858427560116e-01	1.533317974597896705e-01	7.346172419868192416e-02	2.942453231372332487e-02	7.671237730627944451e-02
1.195896796815585958e+03	2.490744021199439162e-01	1.609625249666475078e-01	2.568411374587084017e-01	1.534157585328701501e-01	7.349727017158101672e-02	2.944342074122985320e-02	7.676548600882102114e-02
1.197348127879682352e+03	2.488707886858960716e-01	1.608307512587534016e-01	2.569853337642909463e-01	1.534995794658983170e-01	7.353275776029524757e-02	2.946227967959528030e-02	7.681850938507259197e-02
1.198799458943779200e+03	2.486675224948386165e-01	1.606991979946104654e-01	2.571292751967665935e-01	1.535832605092566638e-01	7.356818706410239717e-02	2.948110917822004476e-02	7.687144756200703366e-02
1.200250790007875821e+03	2.484646029582239790e-01	1.605678648011058529e-01	2.572729621926611032e-01	1.536668019127833407e-01	7.360355818209983469e-02	2.949990928642104437e-02	7.692430066650671194e-02
1.201702121071972442e+03	2.482620294885046763e-01	1.604367513057598782e-01	2.574163951877640466e-01	1.537502039257738207e-01	7.363887121320497609e-02	2.951868005343178183e-02	7.697706882536269057e-02
1.203153452136069063e+03	2.480598014991317324e-01	1.603058571367249330e-01	2.575595746171302491e-01	1.538334667969829539e-01	7.367412625615563093e-02	2.953742152840250004e-02	7.702975216527394031e-02
1.204604783200165684e+03	2.478579184045527906e-01	1.601751819227844320e-01	2.577025009150807344e-01	1.539165907746265771e-01	7.370932340951046047e-02	2.955613376040032436e-02	7.708235081284653401e-02
1.206056114264262078e+03	2.476563796202105594e-01	1.600447252933517306e-01	2.578451745152042229e-01	1.539995761063837065e-01	7.374446277164936614e-02	2.957481679840941527e-02	7.713486489459289719e-02
1.207507445328358699e+03	2.474551845625410085e-01	1.599144868784689866e-01	2.579875958503579647e-01	1.540824230393979810e-01	7.377954444077383656e-02	2.959347069133108979e-02	7.718729453693097542e-02
1.208958776392455093e+03	2.472543326489715920e-01	1.597844663088062167e-01	2.581297653526691271e-01	1.541651318202798548e-01	7.381456851490748872e-02	2.961209548798397762e-02	7.723963986618356814e-02
1.210410107456551941e+03	2.470538232979196946e-01	1.596546632156602141e-01	2.582716834535359052e-01	1.542477026951081243e-01	7.384953509189627618e-02	2.963069123710416336e-02	7.729190100857749601e-02
1.211861438520648335e+03	2.468536559287906329e-01	1.595250772309533549e-01	2.584133505836287426e-01	1.543301359094318981e-01	7.388444426940905807e-02	2.964925798734530452e-02	7.734407809024286540e-02
1.213312769584745183e+03	2.466538299619762675e-01	1.593957079872326543e-01	2.585547671728914976e-01	1.544124317082723463e-01	7.391929614493790435e-02	2.966779578727879799e-02	7.739617123721237446e-02
1.214764100648841804e+03	2.464543448188530883e-01	1.592665551176686844e-01	2.586959336505427198e-01	1.544945903361244488e-01	7.395409081579848443e-02	2.968630468539390499e-02	7.744818057542050826e-02
1.216215431712937971e+03	2.462551999217805765e-01	1.591376182560545194e-01	2.588368504450764274e-01	1.545766120369588825e-01	7.398882837913053900e-02	2.970478473009789330e-02	7.750010623070288651e-02
1.217666762777034819e+03	2.460563946940995395e-01	1.590088970368047083e-01	2.589775179842639385e-01	1.546584970542236592e-01	7.402350893189819925e-02	2.972323596971617951e-02	7.755194832879554190e-02
1.219118093841131440e+03	2.458579285601302511e-01	1.588803910949541376e-01	2.591179366951543717e-01	1.547402456308459018e-01	7.405813257089037538e-02	2.974165845249246085e-02	7.760370699533418459e-02
1.220569424905228061e+03	2.456598009451710085e-01	1.587521000661570592e-01	2.592581070040763658e-01	1.548218580092336760e-01	7.409269939272120076e-02	2.976005222658885743e-02	7.765538235585352222e-02
1.222020755969324682e+03	2.454620112754962169e-01	1.586240235866860082e-01	2.593980293366388024e-01	1.549033344312776284e-01	7.412720949383039271e-02	2.977841734008605801e-02	7.770697453578655212e-02
1.223472087033421303e+03	2.452645589783548630e-01	1.584961612934307762e-01	2.595377041177323041e-01	1.549846751383527899e-01	7.416166297048361333e-02	2.979675384098345522e-02	7.775848366046390903e-02
1.224923418097517697e+03	2.450674434819686831e-01	1.583685128238973006e-01	2.596771317715301230e-01	1.550658803713202138e-01	7.419605991877289974e-02	2.981506177719926709e-02	7.780990985511319902e-02
1.226374749161614318e+03	2.448706642155306090e-01	1.582410778162067488e-01	2.598163127214896395e-01	1.551469503705286967e-01	7.423040043461701099e-02	2.983334119657069308e-02	7.786125324485829169e-02
1.227826080225710712e+03	2.446742206092029914e-01	1.581138559090942974e-01	2.599552473903532501e-01	1.552278853758166099e-01	7.426468461376183050e-02	2.985159214685404946e-02	7.791251395471868180e-02
1.229277411289807560e+03	2.444781120941160180e-01	1.579868467419082434e-01	2.600939362001495336e-01	1.553086856265133431e-01	7.429891255178078247e-02	2.986981467572490459e-02	7.796369210960886476e-02
1.230728742353903954e+03	2.442823381023659368e-01	1.578600499546089497e-01	2.602323795721946387e-01	1.553893513614412469e-01	7.433308434407512322e-02	2.988800883077821074e-02	7.801478783433764275e-02
1.232180073418000802e+03	2.440868980670135024e-01	1.577334651877676241e-01	2.603705779270932275e-01	1.554698828189171045e-01	7.436720008587437147e-02	2.990617465952843598e-02	7.806580125360751410e-02
1.233631404482097196e+03	2.438917914220821714e-01	1.576070920825655974e-01	2.605085316847396415e-01	1.555502802367538517e-01	7.440125987223673854e-02	2.992431220940973066e-02	7.811673249201409042e-02
1.235082735546193817e+03	2.436970176025565760e-01	1.574809302807930467e-01	2.606462412643191784e-01	1.556305438522622708e-01	7.443526379804940585e-02	2.994242152777602806e-02	7.816758167404538882e-02
1.236534066610290438e+03	2.435025760443807752e-01	1.573549794248479961e-01	2.607837070843091465e-01	1.557106739022525721e-01	7.446921195802892746e-02	2.996050266190120395e-02	7.821834892408127682e-02
1.237985397674387059e+03	2.433084661844565622e-01	1.572292391577354009e-01	2.609209295624800862e-01	1.557906706230360872e-01	7.450310444672166021e-02	2.997855565897919114e-02	7.826903436639284783e-02
1.239436728738483680e+03	2.431146874606420483e-01	1.571037091230660376e-01	2.610579091158969356e-01	1.558705342504267954e-01	7.453694135850411073e-02	2.999658056612413554e-02	7.831963812514185219e-02
1.240888059802580301e+03	2.429212393117496371e-01	1.569783889650553932e-01	2.611946461609199743e-01	1.559502650197431006e-01	7.457072278758324069e-02	3.001457743037052803e-02	7.837016032438004487e-02
1.242339390866676695e+03	2.427281211775446923e-01	1.568532783285228327e-01	2.613311411132062112e-01	1.560298631658092738e-01	7.460444882799692479e-02	3.003254629867332937e-02	7.842060108804865814e-02
1.243790721930773088e+03	2.425353324987437331e-01	1.567283768588904336e-01	2.614673943877104945e-01	1.561093289229571190e-01	7.463811957361426996e-02	3.005048721790810895e-02	7.847096053997779097e-02
1.245242052994869937e+03	2.423428727170128250e-01	1.566036842021819586e-01	2.616034063986865665e-01	1.561886625250276106e-01	7.467173511813599007e-02	3.006840023487118360e-02	7.852123880388586774e-02
1.246693384058966330e+03	2.421507412749659971e-01	1.564792000050219400e-01	2.617391775596881187e-01	1.562678642053723921e-01	7.470529555509479447e-02	3.008628539627974940e-02	7.857143600337902767e-02
1.248144715123063179e+03	2.419589376161634942e-01	1.563549239146345970e-01	2.618747082835702900e-01	1.563469341968553306e-01	7.473880097785573495e-02	3.010414274877202048e-02	7.862155226195059743e-02
1.249596046187159800e+03	2.417674611851102773e-01	1.562308555788428643e-01	2.620099989824902775e-01	1.564258727318542097e-01	7.477225147961653884e-02	3.012197233890735390e-02	7.867158770298053605e-02
1.251047377251256421e+03	2.415763114272542200e-01	1.561069946460671987e-01	2.621450500679090578e-01	1.565046800422621731e-01	7.480564715340806692e-02	3.013977421316638844e-02	7.872154244973492143e-02
1.252498708315352815e+03	2.413854877889847206e-01	1.559833407653248294e-01	2.622798619505921636e-01	1.565833563594893341e-01	7.483898809209452163e-02	3.015754841795118338e-02	7.877141662536533973e-02
1.253950039379449436e+03	2.411949897176308422e-01	1.558598935862285928e-01	2.624144350406106829e-01	1.566619019144642189e-01	7.487227438837398830e-02	3.017529499958533992e-02	7.882121035290844124e-02
1.255401370443546057e+03	2.410048166614598697e-01	1.557366527589859051e-01	2.625487697473428139e-01	1.567403169376354044e-01	7.490550613477861552e-02	3.019301400431414692e-02	7.887092375528534371e-02
1.256852701507642678e+03	2.408149680696755335e-01	1.556136179343977910e-01	2.626828664794748081e-01	1.568186016589729614e-01	7.493868342367511481e-02	3.021070547830470229e-02	7.892055695530114656e-02
1.258304032571739299e+03	2.406254433924165659e-01	1.554907887638579955e-01	2.628167256450019140e-01	1.568967563079700922e-01	7.497180634726503812e-02	3.022836946764605529e-02	7.897011007564444518e-02
1.259755363635835920e+03	2.404362420807549250e-01	1.553681648993517628e-01	2.629503476512297655e-01	1.569747811136444349e-01	7.500487499758512477e-02	3.024600601834932789e-02	7.901958323888677582e-02
1.261206694699932314e+03	2.402473635866942958e-01	1.552457459934549477e-01	2.630837329047753803e-01	1.570526763045397567e-01	7.503788946650775948e-02	3.026361517634786405e-02	7.906897656748214376e-02
1.262658025764028707e+03	2.400588073631684249e-01	1.551235316993330726e-01	2.632168818115682152e-01	1.571304421087273140e-01	7.507084984574119435e-02	3.028119698749734412e-02	7.911829018376652367e-02
1.264109356828125556e+03	2.398705728640396218e-01	1.550015216707402166e-01	2.633497947768516090e-01	1.572080787538073787e-01	7.510375622682995134e-02	3.029875149757592021e-02	7.916752420995740169e-02
1.265560687892221949e+03	2.396826595440969820e-01	1.548797155620180444e-01	2.634824722051835599e-01	1.572855864669107651e-01	7.513660870115521084e-02	3.031627875228435492e-02	7.921667876815322029e-02
1.267012018956318798e+03	2.394950668590549447e-01	1.547581130280948625e-01	2.636149145004378913e-01	1.573629654747001894e-01	7.516940735993508926e-02	3.033377879724615672e-02	7.926575398033300357e-02
1.268463350020415419e+03	2.393077942655515988e-01	1.546367137244845369e-01	2.637471220658056392e-01	1.574402160033718245e-01	7.520215229422506920e-02	3.035125167800769436e-02	7.931474996835584379e-02
1.269914681084511813e+03	2.391208412211472123e-01	1.545155173072856047e-01	2.638790953037957188e-01	1.575173382786566600e-01	7.523484359491826312e-02	3.036869744003833221e-02	7.936366685396040177e-02
1.271366012148608434e+03	2.389342071843224835e-01	1.543945234331802197e-01	2.640108346162365338e-01	1.575943325258220562e-01	7.526748135274580198e-02	3.038611612873057255e-02	7.941250475876450443e-02
1.272817343212705055e+03	2.387478916144770980e-01	1.542737317594331248e-01	2.641423404042768097e-01	1.576711989696731042e-01	7.530006565827718212e-02	3.040350778940018039e-02	7.946126380426467295e-02
1.274268674276801676e+03	2.385618939719280351e-01	1.541531419438908201e-01	2.642736130683866480e-01	1.577479378345540695e-01	7.533259660192062612e-02	3.042087246728630151e-02	7.950994411183569255e-02
1.275720005340898297e+03	2.383762137179081253e-01	1.540327536449803136e-01	2.644046530083588586e-01	1.578245493443497793e-01	7.536507427392336034e-02	3.043821020755161158e-02	7.955854580273014065e-02
1.277171336404994690e+03	2.381908503145643008e-01	1.539125665217084549e-01	2.645354606233099037e-01	1.579010337224870664e-01	7.539749876437201737e-02	3.045552105528243070e-02	7.960706899807802606e-02
1.278622667469091539e+03	2.380058032249561251e-01	1.537925802336606584e-01	2.646660363116810633e-01	1.579773911919362395e-01	7.542987016319294136e-02	3.047280505548886909e-02	7.965551381888626159e-02
1.280073998533187932e+03	2.378210719130542661e-01	1.536727944410001545e-01	2.647963804712396008e-01	1.580536219752123606e-01	7.546218856015254883e-02	3.049006225310492771e-02	7.970388038603834491e-02
1.281525329597284326e+03	2.376366558437388032e-01	1.535532088044667953e-01	2.649264934990797071e-01	1.581297262943767157e-01	7.549445404485766176e-02	3.050729269298866481e-02	7.975216882029383114e-02
1.282976660661381175e+03	2.374525544827977563e-01	1.534338229853762781e-01	2.650563757916237773e-01	1.582057043710382027e-01	7.552666670675584060e-02	3.052449641992229651e-02	7.980037924228804147e-02
1.284427991725477568e+03	2.372687672969255590e-01	1.533146366456190901e-01	2.651860277446233538e-01	1.582815564263546360e-01	7.555882663513568964e-02	3.054167347861233214e-02	7.984851177253156351e-02
1.285879322789574417e+03	2.370852937537213101e-01	1.531956494476594266e-01	2.653154497531604039e-01	1.583572826810341894e-01	7.559093391912727333e-02	3.055882391368970608e-02	7.989656653140993214e-02
1.287330653853671038e+03	2.369021333216874137e-01	1.530768610545343855e-01	2.654446422116483184e-01	1.584328833553367288e-01	7.562298864770236606e-02	3.057594776970990608e-02	7.994454363918317152e-02
1.288781984917767431e+03	2.367192854702279137e-01	1.529582711298529130e-01	2.655736055138328555e-01	1.585083586690751722e-01	7.565499090967481299e-02	3.059304509115310516e-02	7.999244321598543428e-02
1.290233315981864052e+03	2.365367496696471061e-01	1.528398793377948872e-01	2.657023400527935841e-01	1.585837088416168772e-01	7.568694079370086314e-02	3.061011592242427262e-02	8.004026538182458517e-02
