1.301360187473271253e+03	2.355268772735240601e-01	1.513134031994469997e-01	2.605456583061113718e-01	1.617416530409419295e-01	7.632715763792538577e-02	3.212546752870328037e-02	8.241978301315162903e-02
1.306197957686926657e+03	2.349350305183599552e-01	1.509195069310946546e-01	2.609213482158381225e-01	1.620059231045981873e-01	7.643615962099964412e-02	3.219720895766425839e-02	8.258482265124983401e-02
1.311035727900581833e+03	2.343465801797317283e-01	1.505277686945676874e-01	2.612948116249810271e-01	1.622686948157558706e-01	7.654457253295031405e-02	3.226864111464965851e-02	8.274893103716836340e-02
1.315873498114237009e+03	2.337615067560845361e-01	1.501381765785829436e-01	2.616660632313764778e-01	1.625299761377242969e-01	7.665239952207944518e-02	3.233976467109300756e-02	8.291211310286394909e-02
1.320711268327892412e+03	2.331797908597522673e-01	1.497507187372432713e-01	2.620351176115933156e-01	1.627897749997409271e-01	7.675964372378919764e-02	3.241058030745323087e-02	8.307437376023248110e-02
1.325549038541547588e+03	2.326014132162569359e-01	1.493653833896916028e-01	2.624019892223583561e-01	1.630480992969916276e-01	7.686630826043361342e-02	3.248108871302730905e-02	8.323571790104529466e-02
1.330386808755202765e+03	2.320263546636131546e-01	1.489821588197667857e-01	2.627666924019564920e-01	1.633049568906326798e-01	7.697239624118056012e-02	3.255129058576435030e-02	8.339615039689077247e-02
1.335224578968857941e+03	2.314545961516371597e-01	1.486010333756609958e-01	2.631292413716065925e-01	1.635603556078140952e-01	7.707791076188361123e-02	3.262118663208124492e-02	8.355567609912105398e-02
1.340062349182513572e+03	2.308861187412607208e-01	1.482219954695786768e-01	2.634896502368138660e-01	1.638143032417047062e-01	7.718285490496318291e-02	3.269077756667989471e-02	8.371429983880376846e-02
1.344900119396168748e+03	2.303209036038496305e-01	1.478450335773971724e-01	2.638479329886984637e-01	1.640668075515183955e-01	7.728723173929677448e-02	3.276006411236602467e-02	8.387202642667836161e-02
1.349737889609823924e+03	2.297589320205270236e-01	1.474701362383289138e-01	2.642041035053019904e-01	1.643178762625424616e-01	7.739104432011774393e-02	3.282904699986965991e-02	8.402886065311696018e-02
1.354575659823479100e+03	2.292001853815011925e-01	1.470972920545852436e-01	2.645581755528718659e-01	1.645675170661672071e-01	7.749429568892231279e-02	3.289772696766726789e-02	8.418480728808969138e-02
1.359413430037134731e+03	2.286446451853979545e-01	1.467264896910416838e-01	2.649101627871237041e-01	1.648157376199172464e-01	7.759698887338449536e-02	3.296610476180562160e-02	8.433987108113411013e-02
1.364251200250789907e+03	2.280922930385977099e-01	1.463577178749049801e-01	2.652600787544830974e-01	1.650625455474845071e-01	7.769912688727850791e-02	3.303418113572738346e-02	8.449405676132863696e-02
1.369088970464445310e+03	2.275431106545770243e-01	1.459909653953814779e-01	2.656079368933066953e-01	1.653079484387629250e-01	7.780071273040845004e-02	3.310195685009840322e-02	8.464736903726984008e-02
1.373926740678100487e+03	2.269970798532544576e-01	1.456262211033474141e-01	2.659537505350830777e-01	1.655519538498846643e-01	7.790174938854481368e-02	3.316943267263684075e-02	8.479981259705356156e-02
1.378764510891755890e+03	2.264541825603411385e-01	1.452634739110202633e-01	2.662975329056143092e-01	1.657945693032579770e-01	7.800223983336768141e-02	3.323660937794407216e-02	8.495139210825941589e-02
1.383602281105411066e+03	2.259144008066954756e-01	1.449027127916322211e-01	2.666392971261777323e-01	1.660358022876070594e-01	7.810218702241608635e-02	3.330348774733737915e-02	8.510211221793888281e-02
1.388440051319066470e+03	2.253777167276825588e-01	1.445439267791047422e-01	2.669790562146697743e-01	1.662756602580131859e-01	7.820159389904353386e-02	3.337006856868447030e-02	8.525197755260657817e-02
1.393277821532721646e+03	2.248441125625375570e-01	1.441871049677249661e-01	2.673168230867309925e-01	1.665141506359576196e-01	7.830046339237918540e-02	3.343635263623986192e-02	8.540099271823473059e-02
1.398115591746377049e+03	2.243135706537336127e-01	1.438322365118234192e-01	2.676526105568531322e-01	1.667512808093662979e-01	7.839879841729460730e-02	3.350234075048308391e-02	8.554916230025078061e-02
1.402953361960032225e+03	2.237860734463540946e-01	1.434793106254534933e-01	2.679864313394690889e-01	1.669870581326560188e-01	7.849660187437572378e-02	3.356803371795871738e-02	8.569649086353779699e-02
1.407791132173687402e+03	2.232616034874689015e-01	1.431283165820722569e-01	2.683182980500254944e-01	1.672214899267823740e-01	7.859387664989980760e-02	3.363343235111835444e-02	8.584298295243776578e-02
1.412628902387342805e+03	2.227401434255149859e-01	1.427792437142230420e-01	2.686482232060384834e-01	1.674545834792891819e-01	7.869062561581725845e-02	3.369853746816439677e-02	8.598864309075762713e-02
1.417466672600997981e+03	2.222216760096811794e-01	1.424320814132191693e-01	2.689762192281333619e-01	1.676863460443597520e-01	7.878685162973796119e-02	3.376334989289572069e-02	8.613347578177782404e-02
1.422304442814653157e+03	2.217061840892970426e-01	1.420868191288295335e-01	2.693022984410682885e-01	1.679167848428694543e-01	7.888255753492197375e-02	3.382787045455522973e-02	8.627748550826348783e-02
1.427142213028308333e+03	2.211936506132259062e-01	1.417434463689655200e-01	2.696264730747418570e-01	1.681459070624400642e-01	7.897774616027439243e-02	3.389209998767931525e-02	8.642067673247794124e-02
1.431979983241963964e+03	2.206840586292618256e-01	1.414019526993695597e-01	2.699487552651858580e-01	1.683737198574957739e-01	7.907242032034424162e-02	3.395603933194913521e-02	8.656305389619857460e-02
1.436817753455619140e+03	2.201773912835308655e-01	1.410623277433050993e-01	2.702691570555428302e-01	1.686002303493203958e-01	7.916658281532704122e-02	3.401968933204384954e-02	8.670462142073495637e-02
1.441655523669274316e+03	2.196736318198960480e-01	1.407245611812479591e-01	2.705876903970287350e-01	1.688254456261165382e-01	7.926023643107101002e-02	3.408305083749567366e-02	8.684538370694906695e-02
1.446493293882929493e+03	2.191727635793664919e-01	1.403886427505794399e-01	2.709043671498818084e-01	1.690493727430659732e-01	7.935338393908676624e-02	3.414612470254686089e-02	8.698534513527768353e-02
1.451331064096585123e+03	2.186747699995105210e-01	1.400545622452806782e-01	2.712191990842968692e-01	1.692720187223915873e-01	7.944602809656024778e-02	3.420891178600851679e-02	8.712451006575668011e-02
1.456168834310240300e+03	2.181796346138724918e-01	1.397223095156286121e-01	2.715321978813459158e-01	1.694933905534208307e-01	7.953817164636869941e-02	3.427141295112130781e-02	8.726288283804728430e-02
1.461006604523895703e+03	2.176873410513936735e-01	1.393918744678935007e-01	2.718433751338854010e-01	1.697134951926506097e-01	7.962981731709976863e-02	3.433362906541802262e-02	8.740046777146419366e-02
1.465844374737550879e+03	2.171978730358370413e-01	1.390632470640375540e-01	2.721527423474502938e-01	1.699323395638136225e-01	7.972096782307318275e-02	3.439556100058799998e-02	8.753726916500546851e-02
1.470682144951206283e+03	2.167112143852156503e-01	1.387364173214155061e-01	2.724603109411350421e-01	1.701499305579459997e-01	7.981162586436538198e-02	3.445720963234341627e-02	8.767329129738418714e-02
1.475519915164861459e+03	2.162273490112249508e-01	1.384113753124764368e-01	2.727660922484618777e-01	1.703662750334564713e-01	7.990179412683647009e-02	3.451857584028739101e-02	8.780853842706159984e-02
1.480357685378516862e+03	2.157462609186789060e-01	1.380881111644669257e-01	2.730700975182367984e-01	1.705813798161968098e-01	7.999147528215971859e-02	3.457966050778394501e-02	8.794301479228210094e-02
1.485195455592172038e+03	2.152679342049498290e-01	1.377666150591357608e-01	2.733723379153935040e-01	1.707952516995334957e-01	8.008067198785331908e-02	3.464046452182980435e-02	8.807672461110954698e-02
1.490033225805827215e+03	2.147923530594116892e-01	1.374468772324402011e-01	2.736728245218250088e-01	1.710078974444209365e-01	8.016938688731424512e-02	3.470098877292798756e-02	8.820967208146515692e-02
1.494870996019482618e+03	2.143195017628875543e-01	1.371288879742536271e-01	2.739715683372038746e-01	1.712193237794758238e-01	8.025762260985434826e-02	3.476123415496319008e-02	8.834186138116681408e-02
1.499708766233137567e+03	2.138493646871002241e-01	1.368126376280744683e-01	2.742685802797908967e-01	1.714295374010526840e-01	8.034538177073824450e-02	3.482120156507903519e-02	8.847329666796965864e-02
1.504546536446793198e+03	2.133819262941267503e-01	1.364981165907367400e-01	2.745638711872324667e-01	1.716385449733208446e-01	8.043266697122317122e-02	3.488089190355702501e-02	8.860398207960816508e-02
1.509384306660448374e+03	2.129171711358564256e-01	1.361853153121220517e-01	2.748574518173471093e-01	1.718463531283423718e-01	8.051948079860050955e-02	3.494030607369732339e-02	8.873392173383930215e-02
1.514222076874103550e+03	2.124550838534525754e-01	1.358742242948727252e-01	2.751493328489009738e-01	1.720529684661514791e-01	8.060582582623904147e-02	3.499944498170126650e-02	8.886311972848705276e-02
1.519059847087758726e+03	2.119956491768173190e-01	1.355648340941067731e-01	2.754395248823728326e-01	1.722583975548347968e-01	8.069170461362973334e-02	3.505830953655564991e-02	8.899158014148805806e-02
1.523897617301414357e+03	2.115388519240605503e-01	1.352571353171339585e-01	2.757280384407085339e-01	1.724626469306130006e-01	8.077711970643199069e-02	3.511690064991871557e-02	8.911930703093839945e-02
1.528735387515069533e+03	2.110846770009719153e-01	1.349511186231734383e-01	2.760148839700656831e-01	1.726657230979234403e-01	8.086207363652134217e-02	3.517521923600789441e-02	8.924630443514143530e-02
1.533573157728724709e+03	2.106331094004963711e-01	1.346467747230726542e-01	2.763000718405478895e-01	1.728676325295037952e-01	8.094656892203845600e-02	3.523326621148923504e-02	8.937257637265677568e-02
1.538410927942380113e+03	2.101841342022132963e-01	1.343440943790277786e-01	2.765836123469290753e-01	1.730683816664769781e-01	8.103060806743934974e-02	3.529104249536853255e-02	8.949812684235021465e-02
1.543248698156035516e+03	2.097377365718187670e-01	1.340430684043054377e-01	2.768655157093686259e-01	1.732679769184369278e-01	8.111419356354675203e-02	3.534854900888415030e-02	8.962295982344460621e-02
1.548086468369690692e+03	2.092939017606113838e-01	1.337436876629659599e-01	2.771457920741166592e-01	1.734664246635353457e-01	8.119732788760267161e-02	3.540578667540150021e-02	8.974707927557175335e-02
1.552924238583346096e+03	2.088526151049814594e-01	1.334459430695878746e-01	2.774244515142102463e-01	1.736637312485695694e-01	8.128001350332185460e-02	3.546275642030914665e-02	8.987048913882508816e-02
1.557762008797001272e+03	2.084138620259033958e-01	1.331498255889938254e-01	2.777015040301604176e-01	1.738599029890713354e-01	8.136225286094632414e-02	3.551945917091658966e-02	8.999319333381339270e-02
1.562599779010656675e+03	2.079776280284314216e-01	1.328553262359778442e-01	2.779769595506301205e-01	1.740549461693964295e-01	8.144404839730073897e-02	3.557589585635365093e-02	9.011519576171511670e-02
1.567437549224311852e+03	2.075438987011986591e-01	1.325624360750341235e-01	2.782508279331034062e-01	1.742488670428153641e-01	8.152540253584862617e-02	3.563206740747143497e-02	9.023650030433372216e-02
1.572275319437967255e+03	2.071126597159194116e-01	1.322711462200869270e-01	2.785231189645462346e-01	1.744416718316047776e-01	8.160631768674941888e-02	3.568797475674494180e-02	9.035711082415366635e-02
1.577113089651622431e+03	2.066838968268945864e-01	1.319814478342220543e-01	2.787938423620583972e-01	1.746333667271398327e-01	8.168679624691620178e-02	3.574361883817719215e-02	9.047703116439717586e-02
1.581950859865277607e+03	2.062575958705204771e-01	1.316933321294196102e-01	2.790630077735171688e-01	1.748239578899873359e-01	8.176684060007417820e-02	3.579900058720496270e-02	9.059626514908168671e-02
1.586788630078933011e+03	2.058337427648005702e-01	1.314067903662879955e-01	2.793306247782134100e-01	1.750134514499997740e-01	8.184645311681965074e-02	3.585412094060601990e-02	9.071481658307802010e-02
1.591626400292587959e+03	2.054123235088604615e-01	1.311218138537994515e-01	2.795967028874785654e-01	1.752018535064100990e-01	8.192563615467975124e-02	3.590898083640788746e-02	9.083268925216923806e-02
1.596464170506243590e+03	2.049933241824661856e-01	1.308383939490267989e-01	2.798612515453045013e-01	1.753891701279272630e-01	8.200439205817258714e-02	3.596358121379817502e-02	9.094988692310998490e-02
1.601301940719898766e+03	2.045767309455454319e-01	1.305565220568815077e-01	2.801242801289551831e-01	1.755754073528324744e-01	8.208272315886794290e-02	3.601792301303632926e-02	9.106641334368663354e-02
1.606139710933553943e+03	2.041625300377117036e-01	1.302761896298531286e-01	2.803857979495713026e-01	1.757605711890762035e-01	8.216063177544841167e-02	3.607200717536689777e-02	9.118227224277784815e-02
1.610977481147209119e+03	2.037507077777918896e-01	1.299973881677501664e-01	2.806458142527664679e-01	1.759446676143759658e-01	8.223812021377088777e-02	3.612583464293426389e-02	9.129746733041577134e-02
1.615815251360864750e+03	2.033412505633565570e-01	1.297201092174421477e-01	2.809043382192169536e-01	1.761277025763146320e-01	8.231519076692860037e-02	3.617940635869880406e-02	9.141200229784776643e-02
1.620653021574519926e+03	2.029341448702534634e-01	1.294443443726027987e-01	2.811613789652434026e-01	1.763096819924394321e-01	8.239184571531324441e-02	3.623272326635449542e-02	9.152588081759863159e-02
1.625490791788175102e+03	2.025293772521438440e-01	1.291700852734550264e-01	2.814169455433860878e-01	1.764906117503616811e-01	8.246808732667762487e-02	3.628578631024791806e-02	9.163910654353332741e-02
1.630328562001830505e+03	2.021269343400419471e-01	1.288973236065167616e-01	2.816710469429725139e-01	1.766704977078570882e-01	8.254391785619848154e-02	3.633859643529865208e-02	9.175168311092013473e-02
1.635166332215485909e+03	2.017268028418572057e-01	1.286260511043483268e-01	2.819236920906786348e-01	1.768493456929664809e-01	8.261933954653953582e-02	3.639115458692108312e-02	9.186361413649428431e-02
1.640004102429141085e+03	2.013289695419396563e-01	1.283562595453009436e-01	2.821748898510831882e-01	1.770271615040973912e-01	8.269435462791480118e-02	3.644346171094755421e-02	9.197490321852203055e-02
1.644841872642796488e+03	2.009334213006278569e-01	1.280879407532667658e-01	2.824246490272148691e-01	1.772039509101260291e-01	8.276896531815204627e-02	3.649551875355282887e-02	9.208555393686514157e-02
1.649679642856451665e+03	2.005401450538001340e-01	1.278210865974299393e-01	2.826729783610937297e-01	1.773797196504996454e-01	8.284317382275639685e-02	3.654732666117996992e-02	9.219556985304570851e-02
1.654517413070107068e+03	2.001491278124283291e-01	1.275556889920190506e-01	2.829198865342655300e-01	1.775544734353397824e-01	8.291698233497410420e-02	3.659888638046743942e-02	9.230495451031139886e-02
1.659355183283762244e+03	1.997603566621344584e-01	1.272917398960608792e-01	2.831653821683297045e-01	1.777282179455456634e-01	8.299039303585635519e-02	3.665019885817757950e-02	9.241371143370101515e-02
1.664192953497417420e+03	1.993738187627504543e-01	1.270292313131353157e-01	2.834094738254617218e-01	1.779009588328981095e-01	8.306340809432320726e-02	3.670126504112632831e-02	9.252184413011046993e-02
1.669030723711072824e+03	1.989895013478802377e-01	1.267681552911318066e-01	2.836521700089287279e-01	1.780727017201640672e-01	8.313602966722763443e-02	3.675208587611419192e-02	9.262935608835896895e-02
1.673868493924728000e+03	1.986073917244650655e-01	1.265085039220065488e-01	2.838934791635989718e-01	1.782434522012015798e-01	8.320825989941944834e-02	3.680266230985852760e-02	9.273625077925559679e-02
1.678706264138383403e+03	1.982274772723511547e-01	1.262502693415414878e-01	2.841334096764457917e-01	1.784132158410648428e-01	8.328010092380934426e-02	3.685299528892699988e-02	9.284253165566611066e-02
1.683544034352038352e+03	1.978497454438604142e-01	1.259934437291041764e-01	2.843719698770456605e-01	1.785819981761101183e-01	8.335155486143297487e-02	3.690308575967228555e-02	9.294820215258008111e-02
1.688381804565693983e+03	1.974741837633637032e-01	1.257380193074092156e-01	2.846091680380700151e-01	1.787498047141015955e-01	8.342262382151489908e-02	3.695293466816799294e-02	9.305326568717826874e-02
1.693219574779349159e+03	1.971007798268567535e-01	1.254839883422805280e-01	2.848450123757719776e-01	1.789166409343179998e-01	8.349330990153257248e-02	3.700254296014574007e-02	9.315772565890018120e-02
1.698057344993004335e+03	1.967295213015389233e-01	1.252313431424150747e-01	2.850795110504669161e-01	1.790825122876592013e-01	8.356361518728018523e-02	3.705191158093342624e-02	9.326158544951199114e-02
1.702895115206659511e+03	1.963603959253945042e-01	1.249800760591480014e-01	2.853126721670080079e-01	1.792474241967534632e-01	8.363354175293252757e-02	3.710104147539466241e-02	9.336484842317453736e-02
1.707732885420315142e+03	1.959933915067765819e-01	1.247301794862185759e-01	2.855445037752561421e-01	1.794113820560647443e-01	8.370309166110870280e-02	3.714993358786932570e-02	9.346751792651161739e-02
1.712570655633970318e+03	1.956284959239937282e-01	1.244816458595376929e-01	2.857750138705442700e-01	1.795743912320004465e-01	8.377226696293574304e-02	3.719858886211525884e-02	9.356959728867843273e-02
1.717408425847625494e+03	1.952656971248991069e-01	1.242344676569563794e-01	2.860042103941371483e-01	1.797364570630194391e-01	8.384106969811215559e-02	3.724700824125110055e-02	9.367108982143022844e-02
1.722246196061280898e+03	1.949049831264821897e-01	1.239886373980356726e-01	2.862321012336849768e-01	1.798975848597402227e-01	8.390950189497119183e-02	3.729519266770013608e-02	9.377199881919114077e-02
1.727083966274936301e+03	1.945463420144631084e-01	1.237441476438175397e-01	2.864586942236728162e-01	1.800577799050495365e-01	8.397756557054421311e-02	3.734314308313532726e-02	9.387232755912305882e-02
1.731921736488591478e+03	1.941897619428893940e-01	1.235009909965971153e-01	2.866839971458643443e-01	1.802170474542109935e-01	8.404526273062362662e-02	3.739086042842535568e-02	9.397207930119481911e-02
1.736759506702246881e+03	1.938352311337354916e-01	1.232591600996960496e-01	2.869080177297411161e-01	1.803753927349740493e-01	8.411259536982590435e-02	3.743834564358171357e-02	9.407125728825140032e-02
1.741597276915902057e+03	1.934827378765045236e-01	1.230186476372371190e-01	2.871307636529365492e-01	1.805328209476832202e-01	8.417956547165421355e-02	3.748559966770685647e-02	9.416986474608328439e-02
1.746435047129557461e+03	1.931322705278326612e-01	1.227794463339198922e-01	2.873522425416654702e-01	1.806893372653873842e-01	8.424617500856103336e-02	3.753262343894337577e-02	9.426790488349592878e-02
1.751272817343212637e+03	1.927838175110959673e-01	1.225415489547977271e-01	2.875724619711487740e-01	1.808449468339493327e-01	8.431242594201045215e-02	3.757941789442417746e-02	9.436538089237934968e-02
1.756110587556867813e+03	1.924373673160196530e-01	1.223049483050558384e-01	2.877914294660331440e-01	1.809996547721553495e-01	8.437832022254032616e-02	3.762598397022365315e-02	9.446229594777777461e-02
1.760948357770523216e+03	1.920929084982898050e-01	1.220696372297905286e-01	2.880091525008067754e-01	1.811534661718252059e-01	8.444385978982418828e-02	3.767232260130981558e-02	9.455865320795936446e-02
1.765786127984178393e+03	1.917504296791674723e-01	1.218356086137896560e-01	2.882256385002099908e-01	1.813063860979220177e-01	8.450904657273297649e-02	3.771843472149745413e-02	9.465445581448610202e-02
1.770623898197833569e+03	1.914099195451051949e-01	1.216028553813141427e-01	2.884408948396416927e-01	1.814584195886623785e-01	8.457388248939645692e-02	3.776432126340219936e-02	9.474970689228359721e-02
1.775461668411488745e+03	1.910713668473659477e-01	1.213713704958807038e-01	2.886549288455613205e-01	1.816095716556265505e-01	8.463836944726450817e-02	3.780998315839552426e-02	9.484440954971105897e-02
1.780299438625144376e+03	1.907347604016443321e-01	1.211411469600457702e-01	2.888677477958867534e-01	1.817598472838687362e-01	8.470250934316808644e-02	3.785542133656072394e-02	9.493856687863125310e-02
1.785137208838799552e+03	1.904000890876902385e-01	1.209121778151904386e-01	2.890793589203872194e-01	1.819092514320274911e-01	8.476630406338001023e-02	3.790063672664973488e-02	9.503218195448054351e-02
1.789974979052454728e+03	1.900673418489347843e-01	1.206844561413066147e-01	2.892897694010728160e-01	1.820577890324361903e-01	8.482975548367539809e-02	3.794563025604093948e-02	9.512525783633894727e-02
1.794812749266109904e+03	1.897365076921186666e-01	1.204579750567842944e-01	2.894989863725794255e-01	1.822054649912334678e-01	8.489286546939193989e-02	3.799040285069775480e-02	9.521779756700016195e-02
1.799650519479765535e+03	1.894075756869225136e-01	1.202327277181999554e-01	2.897070169225495762e-01	1.823522841884739065e-01	8.495563587548986273e-02	3.803495543512819960e-02	9.530980417304170393e-02
1.804488289693420711e+03	1.890805349655998446e-01	1.200087073201060589e-01	2.899138680920094746e-01	1.824982514782385323e-01	8.501806854661161927e-02	3.807928893234526629e-02	9.540128066489496350e-02
1.809326059907075887e+03	1.887553747226122236e-01	1.197859070948216614e-01	2.901195468757416518e-01	1.826433716887455039e-01	8.508016531714128472e-02	3.812340426382815339e-02	9.549223003691527378e-02
1.814163830120731291e+03	1.884320842142665764e-01	1.195643203122241927e-01	2.903240602226541123e-01	1.827876496224608016e-01	8.514192801126375942e-02	3.816730234948431666e-02	9.558265526745202134e-02
1.819001600334386467e+03	1.881106527583547572e-01	1.193439402795422322e-01	2.905274150361453200e-01	1.829310900562087505e-01	8.520335844302358297e-02	3.821098410761239461e-02	9.567255931891870124e-02
1.823839370548041643e+03	1.877910697337953905e-01	1.191247603411495354e-01	2.907296181744656871e-01	1.830736977412827649e-01	8.526445841638356782e-02	3.825445045486587647e-02	9.576194513786293050e-02
1.828677140761696819e+03	1.874733245802778225e-01	1.189067738783599615e-01	2.909306764510748433e-01	1.832154774035559541e-01	8.532522972528303051e-02	3.829770230621765137e-02	9.585081565503651702e-02
1.833514910975352450e+03	1.871574067979084322e-01	1.186899743092236920e-01	2.911305966349954644e-01	1.833564337435918123e-01	8.538567415369584246e-02	3.834074057492525139e-02	9.593917378546534813e-02
1.838352681189008081e+03	1.868433059468589397e-01	1.184743550883243096e-01	2.913293854511634917e-01	1.834965714367546574e-01	8.544579347568810601e-02	3.838356617249696900e-02	9.602702242851939018e-02
1.843190451402663257e+03	1.865310116470169088e-01	1.182599097065772237e-01	2.915270495807746332e-01	1.836358951333202649e-01	8.550558945547559464e-02	3.842618000865865441e-02	9.611436446798254929e-02
1.848028221616318433e+03	1.862205135776385523e-01	1.180466316910289554e-01	2.917235956616273662e-01	1.837744094585863630e-01	8.556506384748084615e-02	3.846858299132131787e-02	9.620120277212250437e-02
1.852865991829973609e+03	1.859118014770033411e-01	1.178345146046575337e-01	2.919190302884622223e-01	1.839121190129829331e-01	8.562421839638997834e-02	3.851077602654946058e-02	9.628754019376044304e-02
1.857703762043628785e+03	1.856048651420711126e-01	1.176235520461740708e-01	2.921133600132979069e-01	1.840490283721826492e-01	8.568305483720921323e-02	3.855276001853012724e-02	9.637337957034088076e-02
1.862541532257283961e+03	1.852996944281409819e-01	1.174137376498252394e-01	2.923065913457637000e-01	1.841851420872111234e-01	8.574157489532104048e-02	3.859453586954268711e-02	9.645872372400110528e-02
1.867379302470939592e+03	1.849962792485124463e-01	1.172050650851969023e-01	2.924987307534289704e-01	1.843204646845571226e-01	8.579978028654020039e-02	3.863610447992931601e-02	9.654357546164091253e-02
1.872217072684594768e+03	1.846946095741486271e-01	1.169975280570187959e-01	2.926897846621285271e-01	1.844550006662825647e-01	8.585767271716919502e-02	3.867746674806619295e-02	9.662793757499198166e-02
1.877054842898249490e+03	1.843946754333413707e-01	1.167911203049701724e-01	2.928797594562854156e-01	1.845887545101325411e-01	8.591525388405364672e-02	3.871862357033534208e-02	9.671181284068731954e-02
1.881892613111905121e+03	1.840964669113786534e-01	1.165858356034865928e-01	2.930686614792304412e-01	1.847217306696452011e-01	8.597252547463721251e-02	3.875957584109719634e-02	9.679520402033048310e-02
1.886730383325560297e+03	1.837999741502137629e-01	1.163816677615676365e-01	2.932564970335178600e-01	1.848539335742614975e-01	8.602948916701631810e-02	3.880032445266382718e-02	9.687811386056484342e-02
1.891568153539215928e+03	1.835051873481367557e-01	1.161786106225857762e-01	2.934432723812385735e-01	1.849853676294347105e-01	8.608614662999446165e-02	3.884087029527276413e-02	9.696054509314272485e-02
1.896405923752871104e+03	1.832120967594474958e-01	1.159766580640961553e-01	2.936289937443299913e-01	1.851160372167400259e-01	8.614249952313630943e-02	3.888121425706153600e-02	9.704250043499425271e-02
1.901243693966526507e+03	1.829206926941312483e-01	1.157758039976474335e-01	2.938136673048825642e-01	1.852459466939838650e-01	8.619854949682140277e-02	3.892135722404281573e-02	9.712398258829638142e-02
1.906081464180181683e+03	1.826309655175358260e-01	1.155760423685937288e-01	2.939972992054437628e-01	1.853751003953129917e-01	8.625429819229762929e-02	3.896130008008018980e-02	9.720499424054163118e-02
1.910919234393836859e+03	1.823429056500507350e-01	1.153773671559073372e-01	2.941798955493185597e-01	1.855035026313236191e-01	8.630974724173430535e-02	3.900104370686452437e-02	9.728553806460665809e-02
1.915757004607492036e+03	1.820565035667884302e-01	1.151797723719927835e-01	2.943614624008674685e-01	1.856311576891702397e-01	8.636489826827499494e-02	3.904058898389098364e-02	9.736561671882087987e-02
1.920594774821147894e+03	1.817717497972675122e-01	1.149832520625015675e-01	2.945420057858009755e-01	1.857580698326743163e-01	8.641975288609000938e-02	3.907993678843658253e-02	9.744523284703483779e-02
1.925432545034802843e+03	1.814886349250975639e-01	1.147878003061481161e-01	2.947215316914719163e-01	1.858842433024328056e-01	8.647431270042857387e-02	3.911908799553839161e-02	9.752438907868847540e-02
1.930270315248458019e+03	1.812071495876661498e-01	1.145934112145266109e-01	2.949000460671642454e-01	1.860096823159265167e-01	8.652857930767074435e-02	3.915804347797225554e-02	9.760308802887927848e-02
1.935108085462113195e+03	1.809272844758277599e-01	1.144000789319288697e-01	2.950775548243796953e-01	1.861343910676281355e-01	8.658255429537893566e-02	3.919680410623212902e-02	9.768133229843026233e-02
1.939945855675768371e+03	1.806490303335943071e-01	1.142077976351631580e-01	2.952540638371208837e-01	1.862583737291103880e-01	8.663623924234921392e-02	3.923537074850995399e-02	9.775912447395784799e-02
1.944783625889424002e+03	1.803723779578279562e-01	1.140165615333740140e-01	2.954295789421723661e-01	1.863816344491535659e-01	8.668963571866222795e-02	3.927374427067607809e-02	9.783646712793954425e-02
1.949621396103079178e+03	1.800973181979352855e-01	1.138263648678630030e-01	2.956041059393786363e-01	1.865041773538532455e-01	8.674274528573383547e-02	3.931192553626020048e-02	9.791336281878156023e-02
1.954459166316734354e+03	1.798238419555637790e-01	1.136372019119105403e-01	2.957776505919195165e-01	1.866260065467274520e-01	8.679556949636545171e-02	3.934991540643288654e-02	9.798981409088616812e-02
1.959296936530389530e+03	1.795519401842997631e-01	1.134490669705985333e-01	2.959502186265828838e-01	1.867471261088239076e-01	8.684810989479410659e-02	3.938771473998759626e-02	9.806582347471899663e-02
1.964134706744044706e+03	1.792816038893685071e-01	1.132619543806340778e-01	2.961218157340348989e-01	1.868675400988268342e-01	8.690036801674211331e-02	3.942532439332319116e-02	9.814139348687615783e-02
1.968972476957700337e+03	1.790128241273358511e-01	1.130758585101740571e-01	2.962924475690876247e-01	1.869872525531636187e-01	8.695234538946651492e-02	3.946274522042701044e-02	9.821652663015111029e-02
1.973810247171355968e+03	1.787455920058116654e-01	1.128907737586508087e-01	2.964621197509639261e-01	1.871062674861112829e-01	8.700404353180819783e-02	3.949997807285836326e-02	9.829122539360150845e-02
1.978648017385010689e+03	1.784798986831553358e-01	1.127066945565984996e-01	2.966308378635601484e-01	1.872245888899026489e-01	8.705546395424069994e-02	3.953702379973261100e-02	9.836549225261576046e-02
1.983485787598666320e+03	1.782157353681826928e-01	1.125236153654807225e-01	2.967986074557061871e-01	1.873422207348321988e-01	8.710660815891869968e-02	3.957388324770565180e-02	9.843932966897953052e-02
1.988323557812321269e+03	1.779530933198748832e-01	1.123415306775187861e-01	2.969654340414229488e-01	1.874591669693619067e-01	8.715747763972628293e-02	3.961055726095888407e-02	9.851274009094196371e-02
1.993161328025976900e+03	1.776919638470890184e-01	1.121604350155211011e-01	2.971313231001777022e-01	1.875754315202265710e-01	8.720807388232479362e-02	3.964704668118468334e-02	9.858572595328179977e-02
1.997999098239632076e+03	1.774323383082704042e-01	1.119803229327134136e-01	2.972962800771367098e-01	1.876910182925390913e-01	8.725839836420046236e-02	3.968335234757233015e-02	9.865828967737327870e-02
2.002836868453287707e+03	1.771742081111666867e-01	1.118011890125699265e-01	2.974603103834158602e-01	1.878059311698952460e-01	8.730845255471175737e-02	3.971947509679430582e-02	9.873043367125190761e-02
2.007674638666942428e+03	1.769175647125436068e-01	1.116230278686454469e-01	2.976234193963286367e-01	1.879201740144785526e-01	8.735823791513636083e-02	3.975541576299317093e-02	9.880216032967994999e-02
2.012512408880597604e+03	1.766623996179022826e-01	1.114458341444083678e-01	2.977856124596319765e-01	1.880337506671644621e-01	8.740775589871793705e-02	3.979117517776874224e-02	9.887347203421192887e-02
2.017350179094252780e+03	1.764087043811986000e-01	1.112696025130745503e-01	2.979468948837699083e-01	1.881466649476246089e-01	8.745700795071251199e-02	3.982675417016580399e-02	9.894437115325971366e-02
2.022187949307908411e+03	1.761564706045638806e-01	1.110943276774421784e-01	2.981072719461146381e-01	1.882589206544305893e-01	8.750599550843467245e-02	3.986215356666216597e-02	9.901486004215753756e-02
2.027025719521564042e+03	1.759056899380274652e-01	1.109200043697273763e-01	2.982667488912058018e-01	1.883705215651575726e-01	8.755472000130339050e-02	3.989737419115718664e-02	9.908494104322683460e-02
2.031863489735218764e+03	1.756563540792409062e-01	1.107466273514009225e-01	2.984253309309871649e-01	1.884814714364874688e-01	8.760318285088762591e-02	3.993241686496066395e-02	9.915461648584081300e-02
2.036701259948874394e+03	1.754084547732035482e-01	1.105741914130256576e-01	2.985830232450417121e-01	1.885917740043120128e-01	8.765138547095153998e-02	3.996728240678218413e-02	9.922388868648897298e-02
2.041539030162529116e+03	1.751619838119902461e-01	1.104026913740949051e-01	2.987398309808235175e-01	1.887014329838354043e-01	8.769932926749955671e-02	4.000197163272075501e-02	9.929275994884120826e-02
2.046376800376184747e+03	1.749169330344803042e-01	1.102321220828716697e-01	2.988957592538889485e-01	1.888104520696766986e-01	8.774701563882103539e-02	4.003648535625498051e-02	9.936123256381192148e-02
2.051214570589840150e+03	1.746732943260880799e-01	1.100624784162288483e-01	2.990508131481245391e-01	1.889188349359720298e-01	8.779444597553472118e-02	4.007082438823347109e-02	9.942930880962384810e-02
2.056052340803495554e+03	1.744310596184953932e-01	1.098937552794901351e-01	2.992049977159735308e-01	1.890265852364762800e-01	8.784162166063286259e-02	4.010498953686571222e-02	9.949699095187167219e-02
2.060890111017150957e+03	1.741902208893853221e-01	1.097259476062720090e-01	2.993583179786598047e-01	1.891337066046645810e-01	8.788854406952514853e-02	4.013898160771325885e-02	9.956428124358544796e-02
2.065727881230805451e+03	1.739507701621777480e-01	1.095590503583263320e-01	2.995107789264105369e-01	1.892402026538336224e-01	8.793521457008222908e-02	4.017280140368133245e-02	9.963118192529381301e-02
2.070565651444461309e+03	1.737126995057662326e-01	1.093930585253840848e-01	2.996623855186760776e-01	1.893460769772023211e-01	8.798163452267908358e-02	4.020644972501073028e-02	9.969769522508706294e-02
2.075403421658116713e+03	1.734760010342567549e-01	1.092279671249997142e-01	2.998131426843485547e-01	1.894513331480126295e-01	8.802780528023802786e-02	4.023992736927010233e-02	9.976382335867987894e-02
2.080241191871772116e+03	1.732406669067077798e-01	1.090637712023963951e-01	2.999630553219777007e-01	1.895559747196296496e-01	8.807372818827149952e-02	4.027323513134858923e-02	9.982956852947398596e-02
2.085078962085427065e+03	1.730066893268720485e-01	1.089004658303123207e-01	3.001121282999857365e-01	1.896600052256415814e-01	8.811940458492460715e-02	4.030637380344875148e-02	9.989493292862053342e-02
2.089916732299082469e+03	1.727740605429396170e-01	1.087380461088475747e-01	3.002603664568796460e-01	1.897634281799593925e-01	8.816483580101726336e-02	4.033934417507985953e-02	9.995991873508226766e-02
2.094754502512737417e+03	1.725427728472827271e-01	1.085765071653119335e-01	3.004077746014616745e-01	1.898662470769159893e-01	8.821002316008627608e-02	4.037214703305151003e-02	1.000245281156954685e-01
2.099592272726392821e+03	1.723128185762020648e-01	1.084158441540735707e-01	3.005543575130383283e-01	1.899684653913653876e-01	8.825496797842692642e-02	4.040478316146756121e-02	1.000887632252317611e-01
2.104430042940048224e+03	1.720841901096744897e-01	1.082560522564085387e-01	3.007001199416269310e-01	1.900700865787811333e-01	8.829967156513450488e-02	4.043725334172034586e-02	1.001526262064596218e-01
2.109267813153704083e+03	1.718568798711022916e-01	1.080971266803510689e-01	3.008450666081611269e-01	1.901711140753547802e-01	8.834413522214541736e-02	4.046955835248525202e-02	1.002161191902056769e-01
2.114105583367359031e+03	1.716308803270638061e-01	1.079390626605446629e-01	3.009892022046937177e-01	1.902715512980938106e-01	8.838836024427815241e-02	4.050169896971558131e-02	1.002792442954158481e-01
2.118943353581013525e+03	1.714061839870658632e-01	1.077818554580940585e-01	3.011325313945986681e-01	1.903714016449191693e-01	8.843234791927390148e-02	4.053367596663766392e-02	1.003420036292161921e-01
2.123781123794669384e+03	1.711827834032973172e-01	1.076255003604179999e-01	3.012750588127704465e-01	1.904706684947628792e-01	8.847609952783695719e-02	4.056549011374632752e-02	1.004043992869736307e-01
2.128618894008324787e+03	1.709606711703841875e-01	1.074699926811027578e-01	3.014167890658220883e-01	1.905693552076646591e-01	8.851961634367490339e-02	4.059714217880060205e-02	1.004664333523563186e-01
2.133456664221980191e+03	1.707398399251462418e-01	1.073153277597565375e-01	3.015577267322817612e-01	1.906674651248688457e-01	8.856289963353843053e-02	4.062863292681975769e-02	1.005281078973939424e-01
2.138294434435635139e+03	1.705202823463549955e-01	1.071615009618646086e-01	3.016978763627871096e-01	1.907650015689204837e-01	8.860595065726105390e-02	4.065996312007957164e-02	1.005894249825376591e-01
2.143132204649290543e+03	1.703019911544931264e-01	1.070085076786452538e-01	3.018372424802784337e-01	1.908619678437613876e-01	8.864877066779847103e-02	4.069113351810887957e-02	1.006503866567199090e-01
2.147969974862945492e+03	1.700849591115153880e-01	1.068563433269065499e-01	3.019758295801896475e-01	1.909583672348257877e-01	8.869136091126766930e-02	4.072214487768641838e-02	1.007109949574140073e-01
2.152807745076601350e+03	1.698691790206109109e-01	1.067050033489038846e-01	3.021136421306380715e-01	1.910542030091355037e-01	8.873372262698586699e-02	4.075299795283788412e-02	1.007712519106933879e-01
2.157645515290255844e+03	1.696546437259667806e-01	1.065544832121983060e-01	3.022506845726122826e-01	1.911494784153949245e-01	8.877585704750913520e-02	4.078369349483329520e-02	1.008311595312907788e-01
2.162483285503912157e+03	1.694413461125331144e-01	1.064047784095155380e-01	3.023869613201588535e-01	1.912441966840855156e-01	8.881776539867082543e-02	4.081423225218458462e-02	1.008907198226570850e-01
2.167321055717567106e+03	1.692292791057895263e-01	1.062558844586059398e-01	3.025224767605668719e-01	1.913383610275601054e-01	8.885944889961971960e-02	4.084461497064342111e-02	1.009499347770199673e-01
2.172158825931222509e+03	1.690184356715129510e-01	1.061077969021051171e-01	3.026572352545511269e-01	1.914319746401367539e-01	8.890090876285794419e-02	4.087484239319930102e-02	1.010088063754423782e-01
2.176996596144877003e+03	1.688088088155468292e-01	1.059605113073952970e-01	3.027912411364339085e-01	1.915250406981922060e-01	8.894214619427867619e-02	4.090491526007788980e-02	1.010673365878807101e-01
2.181834366358532861e+03	1.686003915835715961e-01	1.058140232664675912e-01	3.029244987143253631e-01	1.916175623602551226e-01	8.898316239320361309e-02	4.093483430873955109e-02	1.011255273732427212e-01
2.186672136572187810e+03	1.683931770608766143e-01	1.056683283957847996e-01	3.030570122703016844e-01	1.917095427670988950e-01	8.902395855242009604e-02	4.096460027387811842e-02	1.011833806794453922e-01
2.191509906785843214e+03	1.681871583721334107e-01	1.055234223361452145e-01	3.031887860605823048e-01	1.918009850418340989e-01	8.906453585821821894e-02	4.099421388741995159e-02	1.012408984434722964e-01
2.196347676999498617e+03	1.679823286811702454e-01	1.053793007525469644e-01	3.033198243157060880e-01	1.918918922900005319e-01	8.910489549042747981e-02	4.102367587852313868e-02	1.012980825914310407e-01
2.201185447213154021e+03	1.677786811907478748e-01	1.052359593340532889e-01	3.034501312407048013e-01	1.919822675996590289e-01	8.914503862245333476e-02	4.105298697357693399e-02	1.013549350386102055e-01
2.206023217426809424e+03	1.675762091423368683e-01	1.050933937936583684e-01	3.035797110152762546e-01	1.920721140414828054e-01	8.918496642131348850e-02	4.108214789620143886e-02	1.014114576895362302e-01
2.210860987640464373e+03	1.673749058158960912e-01	1.049515998681540413e-01	3.037085677939553308e-01	1.921614346688485520e-01	8.922468004767397654e-02	4.111115936724744901e-02	1.014676524380299927e-01
2.215698757854119776e+03	1.671747645296524365e-01	1.048105733179972021e-01	3.038367057062840715e-01	1.922502325179270555e-01	8.926418065588499762e-02	4.114002210479654476e-02	1.015235211672631671e-01
2.220536528067775180e+03	1.669757786398819999e-01	1.046703099271779208e-01	3.039641288569799316e-01	1.923385106077734608e-01	8.930346939401648254e-02	4.116873682416136854e-02	1.015790657498143873e-01
2.225374298281430583e+03	1.667779415406923926e-01	1.045308055030883254e-01	3.040908413261028675e-01	1.924262719404173094e-01	8.934254740389355187e-02	4.119730423788607598e-02	1.016342880477251048e-01
2.230212068495085077e+03	1.665812466638063871e-01	1.043920558763921647e-01	3.042168471692209830e-01	1.925135195009520794e-01	8.938141582113165451e-02	4.122572505574701590e-02	1.016891899125552806e-01
2.235049838708740936e+03	1.663856874783468665e-01	1.042540569008951062e-01	3.043421504175751191e-01	1.926002562576244748e-01	8.942007577517156747e-02	4.125399998475356989e-02	1.017437731854388683e-01
2.239887608922396339e+03	1.661912574906229678e-01	1.041168044534157844e-01	3.044667550782414467e-01	1.926864851619231600e-01	8.945852838931407647e-02	4.128212972914919315e-02	1.017980396971389506e-01
2.244725379136052197e+03	1.659979502439175303e-01	1.039802944336574858e-01	3.045906651342932259e-01	1.927722091486674116e-01	8.949677478075450388e-02	4.131011499041265661e-02	1.018519912681027789e-01
2.249563149349706237e+03	1.658057593182756528e-01	1.038445227640806406e-01	3.047138845449611777e-01	1.928574311360950755e-01	8.953481606061707010e-02	4.133795646725941381e-02	1.019056297085164792e-01
2.254400919563362095e+03	1.656146783302947234e-01	1.037094853897759378e-01	3.048364172457926347e-01	1.929421540259505519e-01	8.957265333398893581e-02	4.136565485564318995e-02	1.019589568183595502e-01
2.259238689777017044e+03	1.654247009329154749e-01	1.035751782783381619e-01	3.049582671488087482e-01	1.930263807035721146e-01	8.961028769995410537e-02	4.139321084875773049e-02	1.020119743874592089e-01
2.264076459990672902e+03	1.652358208152142904e-01	1.034415974197407662e-01	3.050794381426613633e-01	1.931101140379788694e-01	8.964772025162716373e-02	4.142062513703871629e-02	1.020646841955443751e-01
