1.301360187473271253e+03	2.379999601176683299e-01	1.480355869553441894e-01	2.609321657483497092e-01	1.612406561559291684e-01	7.700792871460201972e-02	3.245814562428327166e-02	8.232555668380529823e-02
1.306197957686926657e+03	2.374073311720945045e-01	1.476412313635131202e-01	2.613167209991891782e-01	1.614991859227577486e-01	7.711732072647822789e-02	3.253080498520965341e-02	8.248740483073956076e-02
1.311035727900581833e+03	2.368180591229200327e-01	1.472491103798608536e-01	2.616989726231640501e-01	1.617562586490408072e-01	7.722611341606858137e-02	3.260314199115964956e-02	8.264834381776800520e-02
1.315873498114237009e+03	2.362321249122453781e-01	1.468592113072405558e-01	2.620789351687372037e-01	1.620118826114003152e-01	7.733430995796433671e-02	3.267515742144577739e-02	8.280837862094837798e-02
1.320711268327892412e+03	2.356495095909076631e-01	1.464715215211094268e-01	2.624566230842383385e-01	1.622660660365471963e-01	7.744191351099383169e-02	3.274685206335320453e-02	8.296751419283228401e-02
1.325549038541547588e+03	2.350701943178528097e-01	1.460860284691069544e-01	2.628320507186372446e-01	1.625188171016765104e-01	7.754892721829548252e-02	3.281822671194564028e-02	8.312575546246729619e-02
1.330386808755202765e+03	2.344941603595115387e-01	1.457027196706354444e-01	2.632052323223111334e-01	1.627701439348567258e-01	7.765535420739044792e-02	3.288928216987414832e-02	8.328310733540254807e-02
1.335224578968857941e+03	2.339213890891791436e-01	1.453215827164431317e-01	2.635761820478045858e-01	1.630200546154135788e-01	7.776119759025458544e-02	3.296001924718890835e-02	8.343957469369803204e-02
1.340062349182513572e+03	2.333518619863989563e-01	1.449426052682100396e-01	2.639449139505834485e-01	1.632685571743082709e-01	7.786646046339011640e-02	3.303043876115384359e-02	8.359516239593729747e-02
1.344900119396168748e+03	2.327855606363492813e-01	1.445657750581360868e-01	2.643114419897819034e-01	1.635156595945104763e-01	7.797114590789665234e-02	3.310054153606407229e-02	8.374987527724349345e-02
1.349737889609823924e+03	2.322224667292342448e-01	1.441910798885318867e-01	2.646757800289432638e-01	1.637613698113659644e-01	7.807525698954190241e-02	3.317032840306614883e-02	8.390371814929863115e-02
1.354575659823479100e+03	2.316625620596780011e-01	1.438185076314119071e-01	2.650379418367538875e-01	1.640056957129593374e-01	7.817879675883185331e-02	3.323980019998105245e-02	8.405669580036596866e-02
1.359413430037134731e+03	2.311058285261227141e-01	1.434480462280902646e-01	2.653979410877716494e-01	1.642486451404715497e-01	7.828176825108056069e-02	3.330895777112990314e-02	8.420881299531531028e-02
1.364251200250789907e+03	2.305522481302301196e-01	1.430796836887786583e-01	2.657557913631474755e-01	1.644902258885325985e-01	7.838417448647949648e-02	3.337780196716237657e-02	8.436007447565131712e-02
1.369088970464445310e+03	2.300018029762864735e-01	1.427134080921870496e-01	2.661115061513403268e-01	1.647304457055696891e-01	7.848601847016635491e-02	3.344633364488770050e-02	8.451048495954445461e-02
1.373926740678100487e+03	2.294544752706111357e-01	1.423492075851265914e-01	2.664650988488269645e-01	1.649693122941504886e-01	7.858730319229369210e-02	3.351455366710827388e-02	8.466004914186484043e-02
1.378764510891755890e+03	2.289102473209687350e-01	1.419870703821150826e-01	2.668165827608049989e-01	1.652068333113218546e-01	7.868803162809696883e-02	3.358246290245591598e-02	8.480877169421845163e-02
1.383602281105411066e+03	2.283691015359845533e-01	1.416269847649846425e-01	2.671659711018896655e-01	1.654430163689443734e-01	7.878820673796227414e-02	3.365006222523052315e-02	8.495665726498598247e-02
1.388440051319066470e+03	2.278310204245637127e-01	1.412689390824917179e-01	2.675132769968052715e-01	1.656778690340222626e-01	7.888783146749363262e-02	3.371735251524132088e-02	8.510371047936403366e-02
1.393277821532721646e+03	2.272959865953135816e-01	1.409129217499297815e-01	2.678585134810702040e-01	1.659113988290292219e-01	7.898690874757996472e-02	3.378433465765053739e-02	8.524993593940866088e-02
1.398115591746377049e+03	2.267639827559695398e-01	1.405589212487439454e-01	2.682016935016761083e-01	1.661436132322300085e-01	7.908544149446168625e-02	3.385100954281948515e-02	8.539533822408117147e-02
1.402953361960032225e+03	2.262349917128243515e-01	1.402069261261481015e-01	2.685428299177614053e-01	1.663745196779980451e-01	7.918343260979691933e-02	3.391737806615708478e-02	8.553992188929603058e-02
1.407791132173687402e+03	2.257089963701607582e-01	1.398569249947444471e-01	2.688819355012787571e-01	1.666041255571290847e-01	7.928088498072735635e-02	3.398344112797068578e-02	8.568369146797083502e-02
1.412628902387342805e+03	2.251859797296873744e-01	1.395089065321450383e-01	2.692190229376572597e-01	1.668324382171509634e-01	7.937780147994370761e-02	3.404919963331922567e-02	8.582665147007829953e-02
1.417466672600997981e+03	2.246659248899781358e-01	1.391628594805958963e-01	2.695541048264584738e-01	1.670594649626294115e-01	7.947418496575102409e-02	3.411465449186874832e-02	8.596880638270018582e-02
1.422304442814653157e+03	2.241488150459148010e-01	1.388187726466030558e-01	2.698871936820269601e-01	1.672852130554705052e-01	7.957003828213340957e-02	3.417980661775008033e-02	8.611016067008300801e-02
1.427142213028308333e+03	2.236346334881328946e-01	1.384766349005612240e-01	2.702183019341356518e-01	1.675096897152191233e-01	7.966536425881856620e-02	3.424465692941879025e-02	8.625071877369555606e-02
1.431979983241963964e+03	2.231233636024707867e-01	1.381364351763843257e-01	2.705474419286250098e-01	1.677329021193540715e-01	7.976016571134204869e-02	3.430920634951735437e-02	8.639048511228814009e-02
1.436817753455619140e+03	2.226149888694222978e-01	1.377981624711385467e-01	2.708746259280373492e-01	1.679548574035796271e-01	7.985444544111101883e-02	3.437345580473948059e-02	8.652946408195337502e-02
1.441655523669274316e+03	2.221094928635921339e-01	1.374618058446772928e-01	2.711998661122453358e-01	1.681755626621138089e-01	7.994820623546791682e-02	3.443740622569653465e-02	8.666766005618867230e-02
1.446493293882929493e+03	2.216068592531547921e-01	1.371273544192785077e-01	2.715231745790753215e-01	1.683950249479731209e-01	8.004145086775364681e-02	3.450105854678611750e-02	8.680507738596011935e-02
1.451331064096585123e+03	2.211070717993166290e-01	1.367947973792841831e-01	2.718445633449254606e-01	1.686132512732542721e-01	8.013418209737058207e-02	3.456441370606269659e-02	8.694172039976787170e-02
1.456168834310240300e+03	2.206101143557809285e-01	1.364641239707418408e-01	2.721640443453781089e-01	1.688302486094124255e-01	8.022640266984518154e-02	3.462747264511031181e-02	8.707759340371289125e-02
1.461006604523895703e+03	2.201159708682163818e-01	1.361353235010483997e-01	2.724816294358075597e-01	1.690460238875366172e-01	8.031811531689035666e-02	3.469023630891726606e-02	8.721270068156508626e-02
1.465844374737550879e+03	2.196246253737284548e-01	1.358083853385959050e-01	2.727973303919823955e-01	1.692605839986219274e-01	8.040932275646757443e-02	3.475270564575282800e-02	8.734704649483258920e-02
1.470682144951206283e+03	2.191360620003339477e-01	1.354832989124196974e-01	2.731111589106624549e-01	1.694739357938386815e-01	8.050002769284866910e-02	3.481488160704589163e-02	8.748063508283238088e-02
1.475519915164861459e+03	2.186502649664386344e-01	1.351600537118482215e-01	2.734231266101911917e-01	1.696860860847987373e-01	8.059023281667733463e-02	3.487676514726559263e-02	8.761347066276201079e-02
1.480357685378516862e+03	2.181672185803179842e-01	1.348386392861553595e-01	2.737332450310827614e-01	1.698970416438189135e-01	8.067994080503035348e-02	3.493835722380379122e-02	8.774555742977253880e-02
1.485195455592172038e+03	2.176869072396009908e-01	1.345190452442145135e-01	2.740415256366042218e-01	1.701068092041815860e-01	8.076915432147863116e-02	3.499965879685949799e-02	8.787689955704232336e-02
1.490033225805827215e+03	2.172093154307568330e-01	1.342012612541550742e-01	2.743479798133524050e-01	1.703153954603924825e-01	8.085787601614785602e-02	3.506067082932511070e-02	8.800750119585204478e-02
1.494870996019482618e+03	2.167344277285847831e-01	1.338852770430205286e-01	2.746526188718266814e-01	1.705228070684358110e-01	8.094610852577896476e-02	3.512139428667450380e-02	8.813736647566063065e-02
1.499708766233137567e+03	2.162622287957068901e-01	1.335710823964288974e-01	2.749554540469961728e-01	1.707290506460266422e-01	8.103385447378834427e-02	3.518183013685290128e-02	8.826649950418202772e-02
1.504546536446793198e+03	2.157927033820638552e-01	1.332586671582351723e-01	2.752564964988625795e-01	1.709341327728609583e-01	8.112111647032771433e-02	3.524197935016857436e-02	8.839490436746297308e-02
1.509384306660448374e+03	2.153258363244137108e-01	1.329480212301955289e-01	2.755557573130181237e-01	1.711380599908627897e-01	8.120789711234389918e-02	3.530184289918624624e-02	8.852258512996155626e-02
1.514222076874103550e+03	2.148616125458334136e-01	1.326391345716337877e-01	2.758532475011986618e-01	1.713408388044290465e-01	8.129419898363816899e-02	3.536142175862226622e-02	8.864954583462655857e-02
1.519059847087758726e+03	2.144000170552234907e-01	1.323319971991096800e-01	2.761489780018324125e-01	1.715424756806718798e-01	8.138002465492549797e-02	3.542071690524146305e-02	8.877579050297754182e-02
1.523897617301414357e+03	2.139410349468154060e-01	1.320265991860891941e-01	2.764429596805837996e-01	1.717429770496586849e-01	8.146537668389344788e-02	3.547972931775570521e-02	8.890132313518576967e-02
1.528735387515069533e+03	2.134846513996820905e-01	1.317229306626167551e-01	2.767352033308929093e-01	1.719423493046495499e-01	8.155025761526089878e-02	3.553845997672410578e-02	8.902614771015564255e-02
1.533573157728724709e+03	2.130308516772509153e-01	1.314209818149895403e-01	2.770257196745105621e-01	1.721405988023325950e-01	8.163466998083655779e-02	3.559690986445487870e-02	8.915026818560693733e-02
1.538410927942380113e+03	2.125796211268199676e-01	1.311207428854334056e-01	2.773145193620282223e-01	1.723377318630568977e-01	8.171861629957709316e-02	3.565507996490880488e-02	8.927368849815756069e-02
1.543248698156035516e+03	2.121309451790768519e-01	1.308222041717811146e-01	2.776016129734042992e-01	1.725337547710633634e-01	8.180209907764521282e-02	3.571297126360426649e-02	8.939641256340685738e-02
1.548086468369690692e+03	2.116848093476203507e-01	1.305253560271520952e-01	2.778870110184855080e-01	1.727286737747130707e-01	8.188512080846742369e-02	3.577058474752391193e-02	8.951844427601964027e-02
1.552924238583346096e+03	2.112411992284849993e-01	1.302301888596343604e-01	2.781707239375240115e-01	1.729224950867138400e-01	8.196768397279152740e-02	3.582792140502278483e-02	8.963978750981051180e-02
1.557762008797001272e+03	2.108001004996683247e-01	1.299366931319681506e-01	2.784527621016903431e-01	1.731152248843444430e-01	8.204979103874397717e-02	3.588498222573805602e-02	8.976044611782878213e-02
1.562599779010656675e+03	2.103614989206608332e-01	1.296448593612315736e-01	2.787331358135818338e-01	1.733068693096768143e-01	8.213144446188695713e-02	3.594176820050024035e-02	8.988042393244383144e-02
1.567437549224311852e+03	2.099253803319789391e-01	1.293546781185279382e-01	2.790118553077270414e-01	1.734974344697962634e-01	8.221264668527525354e-02	3.599828032124584992e-02	8.999972476543088851e-02
1.572275319437967255e+03	2.094917306547002256e-01	1.290661400286750304e-01	2.792889307510856844e-01	1.736869264370195232e-01	8.229340013951289001e-02	3.605451958093157383e-02	9.011835240805722569e-02
1.577113089651622431e+03	2.090605358900019251e-01	1.287792357698962775e-01	2.795643722435447454e-01	1.738753512491110764e-01	8.237370724280959622e-02	3.611048697344988734e-02	9.023631063116865914e-02
1.581950859865277607e+03	2.086317821187015920e-01	1.284939560735136044e-01	2.798381898184100769e-01	1.740627149094972903e-01	8.245357040103702684e-02	3.616618349354605577e-02	9.035360318527646539e-02
1.586788630078933011e+03	2.082054555008008567e-01	1.282102917236420947e-01	2.801103934428943454e-01	1.742490233874789407e-01	8.253299200778471678e-02	3.622161013673656088e-02	9.047023380064457554e-02
1.591626400292587959e+03	2.077815422750315666e-01	1.279282335568866225e-01	2.803809930186005328e-01	1.744342826184415163e-01	8.261197444441592541e-02	3.627676789922893580e-02	9.058620618737704688e-02
1.596464170506243590e+03	2.073600287584047852e-01	1.276477724620400933e-01	2.806499983820014421e-01	1.746184985040639681e-01	8.269052008012318933e-02	3.633165777784289063e-02	9.070152403550585385e-02
1.601301940719898766e+03	2.069409013457621516e-01	1.273688993797835178e-01	2.809174193049156498e-01	1.748016769125254333e-01	8.276863127198370862e-02	3.638628076993290217e-02	9.081619101507887315e-02
1.606139710933553943e+03	2.065241465093300977e-01	1.270916053023878334e-01	2.811832654949791843e-01	1.749838236787104873e-01	8.284631036501452495e-02	3.644063787331200399e-02	9.093021077624813264e-02
1.610977481147209119e+03	2.061097507982766475e-01	1.268158812734175578e-01	2.814475465961131517e-01	1.751649446044122871e-01	8.292355969222746370e-02	3.649473008617696440e-02	9.104358694935821283e-02
1.615815251360864750e+03	2.056977008382705752e-01	1.265417183874360807e-01	2.817102721889878647e-01	1.753450454585342710e-01	8.300038157468388189e-02	3.654855840703472719e-02	9.115632314503487044e-02
1.620653021574519926e+03	2.052879833310433666e-01	1.262691077897127867e-01	2.819714517914829743e-01	1.755241319772899988e-01	8.307677832154924946e-02	3.660212383463015695e-02	9.126842295427378682e-02
1.625490791788175102e+03	2.048805850539536788e-01	1.259980406759316218e-01	2.822310948591436053e-01	1.757022098644013819e-01	8.315275223014750861e-02	3.665542736787497091e-02	9.137988994852953850e-02
1.630328562001830505e+03	2.044754928595541865e-01	1.257285082919018804e-01	2.824892107856332157e-01	1.758792847912953039e-01	8.322830558601521100e-02	3.670847000577798225e-02	9.149072767980452603e-02
1.635166332215485909e+03	2.040726936751611209e-01	1.254605019332702409e-01	2.827458089031822941e-01	1.760553623972985759e-01	8.330344066295539140e-02	3.676125274737650217e-02	9.160093968073822202e-02
1.640004102429141085e+03	2.036721745024262231e-01	1.251940129452345785e-01	2.830008984830333918e-01	1.762304482898314484e-01	8.337815972309146895e-02	3.681377659166900490e-02	9.171052946469629430e-02
1.644841872642796488e+03	2.032739224169112235e-01	1.249290327222596364e-01	2.832544887358827701e-01	1.764045480445992353e-01	8.345246501692069052e-02	3.686604253754891675e-02	9.181950052585995115e-02
1.649679642856451665e+03	2.028779245676648746e-01	1.246655527077942111e-01	2.835065888123182165e-01	1.765776672057827457e-01	8.352635878336756026e-02	3.691805158373961254e-02	9.192785633931523093e-02
1.654517413070107068e+03	2.024841681768021484e-01	1.244035643939899877e-01	2.837572078032534750e-01	1.767498112862270210e-01	8.359984324983696369e-02	3.696980472873055701e-02	9.203560036114241671e-02
1.659355183283762244e+03	2.020926405390861824e-01	1.241430593214220973e-01	2.840063547403586242e-01	1.769209857676286302e-01	8.367292063226711152e-02	3.702130297071458409e-02	9.214273602850538147e-02
1.664192953497417420e+03	2.017033290215125840e-01	1.238840290788112697e-01	2.842540385964875682e-01	1.770911961007214652e-01	8.374559313518241399e-02	3.707254730752629346e-02	9.224926675974103041e-02
1.669030723711072824e+03	2.013162210628961224e-01	1.236264653027476096e-01	2.845002682861016985e-01	1.772604477054610939e-01	8.381786295174599444e-02	3.712353873658152253e-02	9.235519595444868779e-02
1.673868493924728000e+03	2.009313041734597516e-01	1.233703596774159972e-01	2.847450526656898351e-01	1.774287459712076964e-01	8.388973226381207793e-02	3.717427825481799814e-02	9.246052699357940052e-02
1.678706264138383403e+03	2.005485659344260763e-01	1.231157039343231258e-01	2.849884005341855597e-01	1.775960962569075596e-01	8.396120324197822726e-02	3.722476685863693180e-02	9.256526323952532498e-02
1.683544034352038352e+03	2.001679939976112321e-01	1.228624898520259828e-01	2.852303206333801633e-01	1.777625038912732658e-01	8.403227804563737080e-02	3.727500554384580167e-02	9.266940803620897504e-02
1.688381804565693983e+03	1.997895760850210978e-01	1.226107092558621908e-01	2.854708216483329841e-01	1.779279741729623832e-01	8.410295882302956660e-02	3.732499530560207807e-02	9.277296470917247018e-02
1.693219574779349159e+03	1.994132999884497826e-01	1.223603540176816801e-01	2.857099122077780273e-01	1.780925123707549074e-01	8.417324771129373884e-02	3.737473713835805234e-02	9.287593656566660305e-02
1.698057344993004335e+03	1.990391535690805569e-01	1.221114160555800132e-01	2.859476008845273087e-01	1.782561237237293705e-01	8.424314683651901170e-02	3.742423203580661634e-02	9.297832689473993495e-02
1.702895115206659511e+03	1.986671247570889476e-01	1.218638873336333056e-01	2.861838961958710903e-01	1.784188134414375904e-01	8.431265831379607112e-02	3.747348099082811052e-02	9.308013896732779402e-02
1.707732885420315142e+03	1.982972015512482478e-01	1.216177598616346445e-01	2.864188066039745628e-01	1.785805867040781425e-01	8.438178424726819338e-02	3.752248499543808791e-02	9.318137603634102373e-02
1.712570655633970318e+03	1.979293720185373862e-01	1.213730256948321040e-01	2.866523405162718086e-01	1.787414486626685284e-01	8.445052673018214884e-02	3.757124504073610510e-02	9.328204133675475906e-02
1.717408425847625494e+03	1.975636242937508502e-01	1.211296769336681345e-01	2.868845062858562112e-01	1.789014044392162051e-01	8.451888784493892526e-02	3.761976211685544302e-02	9.338213808569703622e-02
1.722246196061280898e+03	1.971999465791110795e-01	1.208877057235206859e-01	2.871153122118677015e-01	1.790604591268881440e-01	8.458686966314421518e-02	3.766803721291377832e-02	9.348166948253723574e-02
1.727083966274936301e+03	1.968383271438829130e-01	1.206471042544456501e-01	2.873447665398768391e-01	1.792186177901794186e-01	8.465447424565879231e-02	3.771607131696481235e-02	9.358063870897437297e-02
1.731921736488591478e+03	1.964787543239904233e-01	1.204078647609210101e-01	2.875728774622663408e-01	1.793758854650804035e-01	8.472170364264865194e-02	3.776386541595075363e-02	9.367904892912524983e-02
1.736759506702246881e+03	1.961212165216359715e-01	1.201699795215922378e-01	2.877996531186086115e-01	1.795322671592428088e-01	8.478855989363498491e-02	3.781142049565579255e-02	9.377690328961246768e-02
1.741597276915902057e+03	1.957657022049212880e-01	1.199334408590193440e-01	2.880251015960411110e-01	1.796877678521445199e-01	8.485504502754399880e-02	3.785873754066040181e-02	9.387420491965220437e-02
1.746435047129557461e+03	1.954121999074710236e-01	1.196982411394253987e-01	2.882492309296380562e-01	1.798423924952535224e-01	8.492116106275647558e-02	3.790581753429652506e-02	9.397095693114185244e-02
1.751272817343212637e+03	1.950606982280582158e-01	1.194643727724464116e-01	2.884720491027796263e-01	1.799961460121902168e-01	8.498691000715727362e-02	3.795266145860366758e-02	9.406716241874743534e-02
1.756110587556867813e+03	1.947111858302320586e-01	1.192318282108827399e-01	2.886935640475179476e-01	1.801490332988889276e-01	8.505229385818452448e-02	3.799927029428582653e-02	9.416282445999087092e-02
1.760948357770523216e+03	1.943636514419477823e-01	1.190005999504519796e-01	2.889137836449399699e-01	1.803010592237581922e-01	8.511731460287871864e-02	3.804564502066922621e-02	9.425794611533698519e-02
1.765786127984178393e+03	1.940180838551988085e-01	1.187706805295431767e-01	2.891327157255280111e-01	1.804522286278400223e-01	8.518197421793161084e-02	3.809178661566095525e-02	9.435253042828030401e-02
1.770623898197833569e+03	1.936744719256507652e-01	1.185420625289725638e-01	2.893503680695168057e-01	1.806025463249678886e-01	8.524627466973490331e-02	3.813769605570834637e-02	9.444658042543167820e-02
1.775461668411488745e+03	1.933328045722778610e-01	1.183147385717407407e-01	2.895667484072478870e-01	1.807520171019237898e-01	8.531021791442877644e-02	3.818337431575924423e-02	9.454009911660467280e-02
1.780299438625144376e+03	1.929930707770012577e-01	1.180887013227911592e-01	2.897818644195214732e-01	1.809006457185941830e-01	8.537380589795035002e-02	3.822882236922297422e-02	9.463308949490165101e-02
1.785137208838799552e+03	1.926552595843294968e-01	1.178639434887700788e-01	2.899957237379450770e-01	1.810484369081248324e-01	8.543704055608168646e-02	3.827404118793217846e-02	9.472555453679971926e-02
1.789974979052454728e+03	1.923193601010011744e-01	1.176404578177879245e-01	2.902083339452796173e-01	1.811953953770746306e-01	8.549992381449793288e-02	3.831903174210541524e-02	9.481749720223635325e-02
1.794812749266109904e+03	1.919853614956294474e-01	1.174182370991820323e-01	2.904197025757827566e-01	1.813415258055685042e-01	8.556245758881508845e-02	3.836379500031043138e-02	9.490892043469484340e-02
1.799650519479765535e+03	1.916532529983487054e-01	1.171972741632806847e-01	2.906298371155492943e-01	1.814868328474490144e-01	8.562464378463763293e-02	3.840833192942831598e-02	9.499982716128943516e-02
1.804488289693420711e+03	1.913230239004634070e-01	1.169775618811686874e-01	2.908387450028492305e-01	1.816313211304272368e-01	8.568648429760605811e-02	3.845264349461829240e-02	9.509022029285017774e-02
1.809326059907075887e+03	1.909946635540987481e-01	1.167590931644541252e-01	2.910464336284626641e-01	1.817749952562325300e-01	8.574798101344410783e-02	3.849673065928330140e-02	9.518010272400762029e-02
1.814163830120731291e+03	1.906681613718533286e-01	1.165418609650366172e-01	2.912529103360126381e-01	1.819178598007612502e-01	8.580913580800592078e-02	3.854059438503627116e-02	9.526947733327711942e-02
1.819001600334386467e+03	1.903435068264540675e-01	1.163258582748768061e-01	2.914581824222947648e-01	1.820599193142245498e-01	8.586995054732296517e-02	3.858423563166710202e-02	9.535834698314296642e-02
1.823839370548041643e+03	1.900206894504129496e-01	1.161110781257672225e-01	2.916622571376045192e-01	1.822011783212951763e-01	8.593042708765082083e-02	3.862765535711035897e-02	9.544671452014218127e-02
1.828677140761696819e+03	1.896996988356856872e-01	1.158975135891045782e-01	2.918651416860620906e-01	1.823416413212534670e-01	8.599056727551578072e-02	3.867085451741363727e-02	9.553458277494802919e-02
1.833514910975352450e+03	1.893805246333324366e-01	1.156851577756631833e-01	2.920668432259344027e-01	1.824813127881320940e-01	8.605037294776123058e-02	3.871383406670661498e-02	9.562195456245325964e-02
1.838352681189008081e+03	1.890631565531805947e-01	1.154740038353698484e-01	2.922673688699548022e-01	1.826201971708601712e-01	8.610984593159394518e-02	3.875659495717079933e-02	9.570883268185310933e-02
1.843190451402663257e+03	1.887475843634892070e-01	1.152640449570799946e-01	2.924667256856399167e-01	1.827582988934062513e-01	8.616898804463012096e-02	3.879913813900985609e-02	9.579521991672791670e-02
1.848028221616318433e+03	1.884337978906157618e-01	1.150552743683551232e-01	2.926649206956044580e-01	1.828956223549204618e-01	8.622780109494132539e-02	3.884146456042068124e-02	9.588111903512550049e-02
1.852865991829973609e+03	1.881217870186843999e-01	1.148476853352415478e-01	2.928619608778731953e-01	1.830321719298757255e-01	8.628628688110015488e-02	3.888357516756506260e-02	9.596653278964321909e-02
1.857703762043628785e+03	1.878115416892565670e-01	1.146412711620503483e-01	2.930578531661907626e-01	1.831679519682080648e-01	8.634444719222585107e-02	3.892547090454195891e-02	9.605146391750973844e-02
1.862541532257283961e+03	1.875030519010030816e-01	1.144360251911387544e-01	2.932526044503286911e-01	1.833029667954561293e-01	8.640228380802966734e-02	3.896715271336043812e-02	9.613591514066655019e-02
1.867379302470939592e+03	1.871963077093783678e-01	1.142319408026925970e-01	2.934462215763904425e-01	1.834372207128996124e-01	8.645979849886004098e-02	3.900862153391320558e-02	9.621988916584900409e-02
1.872217072684594768e+03	1.868912992262966588e-01	1.140290114145102035e-01	2.936387113471137789e-01	1.835707179976969750e-01	8.651699302574768213e-02	3.904987830395072884e-02	9.630338868466724322e-02
1.877054842898249490e+03	1.865880166198097545e-01	1.138272304817874170e-01	2.938300805221706336e-01	1.837034629030223076e-01	8.657386914045042681e-02	3.909092395905598705e-02	9.638641637368672299e-02
1.881892613111905121e+03	1.862864501137868611e-01	1.136265914969039337e-01	2.940203358184653171e-01	1.838354596582011113e-01	8.663042858549788172e-02	3.913175943261974765e-02	9.646897489450839691e-02
1.886730383325560297e+03	1.859865899875961237e-01	1.134270879892108203e-01	2.942094839104294479e-01	1.839667124688456612e-01	8.668667309423604139e-02	3.917238565581652315e-02	9.655106689384862495e-02
1.891568153539215928e+03	1.856884265757882402e-01	1.132287135248192939e-01	2.943975314303153845e-01	1.840972255169890104e-01	8.674260439087155827e-02	3.921280355758096497e-02	9.663269500361879039e-02
1.896405923752871104e+03	1.853919502677816300e-01	1.130314617063907512e-01	2.945844849684870481e-01	1.842270029612185500e-01	8.679822419051595739e-02	3.925301406458491654e-02	9.671386184100447259e-02
1.901243693966526507e+03	1.850971515075495732e-01	1.128353261729279355e-01	2.947703510737081922e-01	1.843560489368085697e-01	8.685353419922967055e-02	3.929301810121499372e-02	9.679457000854446713e-02
1.906081464180181683e+03	1.848040207933091261e-01	1.126403005995673806e-01	2.949551362534290622e-01	1.844843675558520413e-01	8.690853611406584855e-02	3.933281658955066484e-02	9.687482209420933410e-02
1.910919234393836859e+03	1.845125486772117573e-01	1.124463786973730201e-01	2.951388469740704457e-01	1.846119629073915691e-01	8.696323162311403454e-02	3.937241044934292750e-02	9.695462067147973817e-02
1.915757004607492036e+03	1.842227257650358718e-01	1.122535542131310043e-01	2.953214896613054474e-01	1.847388390575496198e-01	8.701762240554367089e-02	3.941180059799349183e-02	9.703396829942435853e-02
1.920594774821147894e+03	1.839345427158809998e-01	1.120618209291457112e-01	2.955030707003394874e-01	1.848650000496578349e-01	8.707171013164746731e-02	3.945098795053447044e-02	9.711286752277753509e-02
1.925432545034802843e+03	1.836479902418637900e-01	1.118711726630368941e-01	2.956835964361875790e-01	1.849904499043855677e-01	8.712549646288453298e-02	3.948997341960856777e-02	9.719132087201655390e-02
1.930270315248458019e+03	1.833630591078158345e-01	1.116816032675380516e-01	2.958630731739499975e-01	1.851151926198677522e-01	8.717898305192336994e-02	3.952875791544983863e-02	9.726933086343862722e-02
1.935108085462113195e+03	1.830797401309831596e-01	1.114931066302959350e-01	2.960415071790853947e-01	1.852392321718319412e-01	8.723217154268474161e-02	3.956734234586486293e-02	9.734689999923749892e-02
1.939945855675768371e+03	1.827980241807272699e-01	1.113056766736712361e-01	2.962189046776820267e-01	1.853625725137244273e-01	8.728506357038427754e-02	3.960572761621446863e-02	9.742403076757980007e-02
1.944783625889424002e+03	1.825179021782283306e-01	1.111193073545404253e-01	2.963952718567270939e-01	1.854852175768358369e-01	8.733766076157502278e-02	3.964391462939589883e-02	9.750072564268091879e-02
1.949621396103079178e+03	1.822393650961896261e-01	1.109339926640986462e-01	2.965706148643734719e-01	1.856071712704258914e-01	8.738996473418970956e-02	3.968190428582547141e-02	9.757698708488075912e-02
1.954459166316734354e+03	1.819624039585440167e-01	1.107497266276638442e-01	2.967449398102048330e-01	1.857284374818472805e-01	8.744197709758298742e-02	3.971969748342170370e-02	9.765281754071890308e-02
1.959296936530389530e+03	1.816870098401619782e-01	1.105665033044821027e-01	2.969182527654986581e-01	1.858490200766689526e-01	8.749369945257334802e-02	3.975729511758892276e-02	9.772821944300960628e-02
1.964134706744044706e+03	1.814131738665612503e-01	1.103843167875338677e-01	2.970905597634871387e-01	1.859689228987986276e-01	8.754513339148496665e-02	3.979469808120127822e-02	9.780319521091650203e-02
1.968972476957700337e+03	1.811408872136181514e-01	1.102031612033415320e-01	2.972618667996160258e-01	1.860881497706045329e-01	8.759628049818941886e-02	3.983190726458721992e-02	9.787774725002673648e-02
1.973810247171355968e+03	1.808701411072808629e-01	1.100230307117779360e-01	2.974321798318018129e-01	1.862067044930365012e-01	8.764714234814710569e-02	3.986892355551444750e-02	9.795187795242500661e-02
1.978648017385010689e+03	1.806009268232838805e-01	1.098439195058761308e-01	2.976015047806864766e-01	1.863245908457462074e-01	8.769772050844858169e-02	3.990574783917526930e-02	9.802558969676716805e-02
1.983485787598666320e+03	1.803332356868644903e-01	1.096658218116401268e-01	2.977698475298907743e-01	1.864418125872067955e-01	8.774801653785577193e-02	3.994238099817238458e-02	9.809888484835344036e-02
1.988323557812321269e+03	1.800670590724806341e-01	1.094887318878567800e-01	2.979372139262650987e-01	1.865583734548318662e-01	8.779803198684292542e-02	3.997882391250506817e-02	9.817176575920136261e-02
1.993161328025976900e+03	1.798023884035306053e-01	1.093126440259087756e-01	2.981036097801390561e-01	1.866742771650935773e-01	8.784776839763748513e-02	4.001507745955582007e-02	9.824423476811838807e-02
1.997999098239632076e+03	1.795392151520741331e-01	1.091375525495886789e-01	2.982690408655685466e-01	1.867895274136402439e-01	8.789722730426070829e-02	4.005114251407738274e-02	9.831629420077409032e-02
2.002836868453287707e+03	1.792775308385552713e-01	1.089634518149140557e-01	2.984335129205810677e-01	1.869041278754129676e-01	8.794641023256816181e-02	4.008701994818017478e-02	9.838794636977213348e-02
2.007674638666942428e+03	1.790173270315267295e-01	1.087903362099435917e-01	2.985970316474195752e-01	1.870180822047619595e-01	8.799531870029017599e-02	4.012271063132007848e-02	9.845919357472175670e-02
2.012512408880597604e+03	1.787585953473758704e-01	1.086182001545944326e-01	2.987596027127841780e-01	1.871313940355618100e-01	8.804395421707185421e-02	4.015821543028672003e-02	9.853003810230903659e-02
2.017350179094252780e+03	1.785013274500522329e-01	1.084470381004603856e-01	2.989212317480718362e-01	1.872440669813263958e-01	8.809231828451323520e-02	4.019353520919200645e-02	9.860048222636781656e-02
2.022187949307908411e+03	1.782455150507966934e-01	1.082768445306313693e-01	2.990819243496146695e-01	1.873561046353228732e-01	8.814041239620903911e-02	4.022867082945912748e-02	9.867052820795016443e-02
2.027025719521564042e+03	1.779911499078720427e-01	1.081076139595136404e-01	2.992416860789161026e-01	1.874675105706851974e-01	8.818823803778839954e-02	4.026362314981189044e-02	9.874017829539667723e-02
2.031863489735218764e+03	1.777382238262953940e-01	1.079393409326513953e-01	2.994005224628853989e-01	1.875782883405267554e-01	8.823579668695437361e-02	4.029839302626442993e-02	9.880943472440624487e-02
2.036701259948874394e+03	1.774867286575716463e-01	1.077720200265490785e-01	2.995584389940703640e-01	1.876884414780526367e-01	8.828308981352332718e-02	4.033298131211128512e-02	9.887829971810564722e-02
2.041539030162529116e+03	1.772366562994290295e-01	1.076056458484949269e-01	2.997154411308884936e-01	1.877979734966709058e-01	8.833011887946411178e-02	4.036738885791781029e-02	9.894677548711874882e-02
2.046376800376184747e+03	1.769879986955557594e-01	1.074402130363854152e-01	2.998715342978559018e-01	1.879068878901036244e-01	8.837688533893710285e-02	4.040161651151094602e-02	9.901486422963530487e-02
2.051214570589840150e+03	1.767407478353383576e-01	1.072757162585507434e-01	3.000267238858151941e-01	1.880151881324968188e-01	8.842339063833308532e-02	4.043566511797034441e-02	9.908256813147951758e-02
2.056052340803495554e+03	1.764948957536015550e-01	1.071121502135814196e-01	3.001810152521609543e-01	1.881228776785301704e-01	8.846963621631195873e-02	4.046953551961980644e-02	9.914988936617817605e-02
2.060890111017150957e+03	1.762504345303494979e-01	1.069495096301556203e-01	3.003344137210641196e-01	1.882299599635258447e-01	8.851562350384131750e-02	4.050322855601909411e-02	9.921683009502853257e-02
2.065727881230805451e+03	1.760073562905085653e-01	1.067877892668678136e-01	3.004869245836943037e-01	1.883364384035567662e-01	8.856135392423480912e-02	4.053674506395602006e-02	9.928339246716577637e-02
2.070565651444461309e+03	1.757656532036717123e-01	1.066269839120581736e-01	3.006385530984403975e-01	1.884423163955542546e-01	8.860682889319039524e-02	4.057008587743888423e-02	9.934957861963022996e-02
2.075403421658116713e+03	1.755253174838440344e-01	1.064670883836430354e-01	3.007893044911300606e-01	1.885475973174150777e-01	8.865204981882844615e-02	4.060325182768922264e-02	9.941539067743417057e-02
2.080241191871772116e+03	1.752863413891901923e-01	1.063080975289463631e-01	3.009391839552469361e-01	1.886522845281078387e-01	8.869701810172958556e-02	4.063624374313487553e-02	9.948083075362829097e-02
2.085078962085427065e+03	1.750487172217827792e-01	1.061500062245321480e-01	3.010881966521465336e-01	1.887563813677788915e-01	8.874173513497252141e-02	4.066906244940334675e-02	9.954590094936795197e-02
2.089916732299082469e+03	1.748124373273526322e-01	1.059928093760377082e-01	3.012363477112703913e-01	1.888598911578573403e-01	8.878620230417161308e-02	4.070170876931550330e-02	9.961060335397893539e-02
2.094754502512737417e+03	1.745774940950402532e-01	1.058365019180081551e-01	3.013836422303591833e-01	1.889628172011598439e-01	8.883042098751429971e-02	4.073418352287951072e-02	9.967494004502297500e-02
2.099592272726392821e+03	1.743438799571487563e-01	1.056810788137315105e-01	3.015300852756631067e-01	1.890651627819943947e-01	8.887439255579843156e-02	4.076648752728510156e-02	9.973891308836291270e-02
2.104430042940048224e+03	1.741115873888982868e-01	1.055265350550750603e-01	3.016756818821519359e-01	1.891669311662639297e-01	8.891811837246929584e-02	4.079862159689813528e-02	9.980252453822754943e-02
2.109267813153704083e+03	1.738806089081816053e-01	1.053728656623224708e-01	3.018204370537227454e-01	1.892681256015689983e-01	8.896159979365669823e-02	4.083058654325542880e-02	9.986577643727614917e-02
2.114105583367359031e+03	1.736509370753215042e-01	1.052200656840119042e-01	3.019643557634064668e-01	1.893687493173100977e-01	8.900483816821166960e-02	4.086238317505983680e-02	9.992867081666262363e-02
2.118943353581013525e+03	1.734225644928292509e-01	1.050681301967750086e-01	3.021074429535723915e-01	1.894688055247892022e-01	8.904783483774324215e-02	4.089401229817567207e-02	9.999120969609935627e-02
2.123781123794669384e+03	1.731954838051644185e-01	1.049170543051769489e-01	3.022497035361320084e-01	1.895682974173109048e-01	8.909059113665478147e-02	4.092547471562434092e-02	1.000533950839207903e-01
2.128618894008324787e+03	1.729696876984963827e-01	1.047668331415572418e-01	3.023911423927403974e-01	1.896672281702829199e-01	8.913310839218047121e-02	4.095677122758027006e-02	1.001152289771465032e-01
2.133456664221980191e+03	1.727451689004669000e-01	1.046174618658715499e-01	3.025317643749971253e-01	1.897656009413159206e-01	8.917538792442145090e-02	4.098790263136706941e-02	1.001767133615441979e-01
2.138294434435635139e+03	1.725219201799542135e-01	1.044689356655344042e-01	3.026715743046446416e-01	1.898634188703229864e-01	8.921743104638178712e-02	4.101886972145396548e-02	1.002378502116922226e-01
2.143132204649290543e+03	1.722999343468384348e-01	1.043212497552628154e-01	3.028105769737658992e-01	1.899606850796184132e-01	8.925923906400444474e-02	4.104967328945250543e-02	1.002986414910417151e-01
2.147969974862945492e+03	1.720792042517682308e-01	1.041743993769207038e-01	3.029487771449803635e-01	1.900574026740158018e-01	8.930081327620692511e-02	4.108031412411349698e-02	1.003590891519786366e-01
2.152807745076601350e+03	1.718597227859289811e-01	1.040283797993643983e-01	3.030861795516386348e-01	1.901535747409258681e-01	8.934215497491689029e-02	4.111079301132414265e-02	1.004191951358851947e-01
2.157645515290255844e+03	1.716414828808121018e-01	1.038831863182888976e-01	3.032227888980152941e-01	1.902492043504535046e-01	8.938326544510753757e-02	4.114111073410552100e-02	1.004789613732012532e-01
2.162483285503912157e+03	1.714244775079859229e-01	1.037388142560749515e-01	3.033586098595006941e-01	1.903442945554943699e-01	8.942414596483284905e-02	4.117126807261017873e-02	1.005383897834851298e-01
2.167321055717567106e+03	1.712086996788675375e-01	1.035952589616372099e-01	3.034936470827912514e-01	1.904388483918309505e-01	8.946479780526275793e-02	4.120126580412005607e-02	1.005974822754743536e-01
2.172158825931222509e+03	1.709941424444962887e-01	1.034525158102730796e-01	3.036279051860782952e-01	1.905328688782279845e-01	8.950522223071805117e-02	4.123110470304459235e-02	1.006562407471458392e-01
2.176996596144877003e+03	1.707807988953082834e-01	1.033105802035125392e-01	3.037613887592355844e-01	1.906263590165274968e-01	8.954542049870516107e-02	4.126078554091905382e-02	1.007146670857759635e-01
2.181834366358532861e+03	1.705686621609125153e-01	1.031694475689687862e-01	3.038941023640056027e-01	1.907193217917430572e-01	8.958539385995081816e-02	4.129030908640309722e-02	1.007727631680001845e-01
2.186672136572187810e+03	1.703577254098678773e-01	1.030291133601897030e-01	3.040260505341840780e-01	1.908117601721538992e-01	8.962514355843659297e-02	4.131967610527954859e-02	1.008305308598724248e-01
2.191509906785843214e+03	1.701479818494617546e-01	1.028895730565102390e-01	3.041572377758033907e-01	1.909036771093980400e-01	8.966467083143317418e-02	4.134888736045338326e-02	1.008879720169240934e-01
2.196347676999498617e+03	1.699394247254898127e-01	1.027508221629056112e-01	3.042876685673148729e-01	1.909950755385653176e-01	8.970397690953463288e-02	4.137794361195093473e-02	1.009450884842228308e-01
2.201185447213154021e+03	1.697320473220370329e-01	1.026128562098453934e-01	3.044173473597694968e-01	1.910859583782895110e-01	8.974306301669240926e-02	4.140684561691927029e-02	1.010018820964309616e-01
2.206023217426809424e+03	1.695258429612598594e-01	1.024756707531483124e-01	3.045462785769971203e-01	1.911763285308402671e-01	8.978193037024920220e-02	4.143559412962582317e-02	1.010583546778635322e-01
2.210860987640464373e+03	1.693208050031697331e-01	1.023392613738380030e-01	3.046744666157850112e-01	1.912661888822143330e-01	8.982058018097274776e-02	4.146418990145818440e-02	1.011145080425461668e-01
2.215698757854119776e+03	1.691169268454180141e-01	1.022036236779995388e-01	3.048019158460542610e-01	1.913555423022262891e-01	8.985901365308941735e-02	4.149263368092410281e-02	1.011703439942725213e-01
2.220536528067775180e+03	1.689142019230818748e-01	1.020687532966368521e-01	3.049286306110357558e-01	1.914443916445988936e-01	8.989723198431764928e-02	4.152092621365165853e-02	1.012258643266615299e-01
2.225374298281430583e+03	1.687126237084514424e-01	1.019346458855308335e-01	3.050546152274442036e-01	1.915327397470526494e-01	8.993523636590118608e-02	4.154906824238966540e-02	1.012810708232142476e-01
2.230212068495085077e+03	1.685121857108183574e-01	1.018012971250983889e-01	3.051798739856511622e-01	1.916205894313952607e-01	8.997302798264236734e-02	4.157706050700822609e-02	1.013359652573704583e-01
2.235049838708740936e+03	1.683128814762653302e-01	1.016687027202522464e-01	3.053044111498569579e-01	1.917079435036103396e-01	9.001060801293496449e-02	4.160490374449947459e-02	1.013905493925648937e-01
2.239887608922396339e+03	1.681147045874569756e-01	1.015368584002614843e-01	3.054282309582612709e-01	1.917948047539454748e-01	9.004797762879715450e-02	4.163259868897848520e-02	1.014448249822832993e-01
2.244725379136052197e+03	1.679176486634320065e-01	1.014057599186130448e-01	3.055513376232323330e-01	1.918811759570002162e-01	9.008513799590417426e-02	4.166014607168441047e-02	1.014987937701180426e-01
2.249563149349706237e+03	1.677217073593962604e-01	1.012754030528738164e-01	3.056737353314747940e-01	1.919670598718132282e-01	9.012209027362089175e-02	4.168754662098170249e-02	1.015524574898235000e-01
2.254400919563362095e+03	1.675268743665172533e-01	1.011457836045537712e-01	3.057954282441971428e-01	1.920524592419491083e-01	9.015883561503419685e-02	4.171480106236159779e-02	1.016058178653711647e-01
2.259238689777017044e+03	1.673331434117196481e-01	1.010168973989695879e-01	3.059164204972770196e-01	1.921373767955846246e-01	9.019537516698533652e-02	4.174191011844369942e-02	1.016588766110044229e-01
2.264076459990672902e+03	1.671405082574821954e-01	1.008887402851093296e-01	3.060367162014255848e-01	1.922218152455945905e-01	9.023171007010194478e-02	4.176887450897776022e-02	1.017116354312930238e-01
