1.001418434226643626e+03	2.824310515346760142e-01	1.772096692889957026e-01	2.335402358696861969e-01	1.406544988532368035e-01	6.884803561607723277e-02	2.733947868462977687e-02	6.997703015267933702e-02
1.003837319333471214e+03	2.820082540297315643e-01	1.769293935905313919e-01	2.338302546244256375e-01	1.408327086053174360e-01	6.892215765281577144e-02	2.738592554402378976e-02	7.009130595313552148e-02
1.006256204440298802e+03	2.815866570983279749e-01	1.766499142035337089e-01	2.341193917558167525e-01	1.410104150794116162e-01	6.899607428475990067e-02	2.743228239704607538e-02	7.020526518108509417e-02
1.008675089547126618e+03	2.811662573203620452e-01	1.763712288557351682e-01	2.344076499184195861e-01	1.411876199000667853e-01	6.906978613785230703e-02	2.747854923403643748e-02	7.031890863350877263e-02
1.011093974653954206e+03	2.807470512855557154e-01	1.760933352814362807e-01	2.346950317585235479e-01	1.413643246846970902e-01	6.914329383564507547e-02	2.752472604724082866e-02	7.043223710688256700e-02
1.013512859760782021e+03	2.803290355934270894e-01	1.758162312214856249e-01	2.349815399141795824e-01	1.415405310436327335e-01	6.921659799931322021e-02	2.757081283079203596e-02	7.054525139715087101e-02
1.015931744867609382e+03	2.799122068532615693e-01	1.755399144232601127e-01	2.352671770152318098e-01	1.417162405801690450e-01	6.928969924766816002e-02	2.761680958069051561e-02	7.065795229969998315e-02
1.018350629974437197e+03	2.794965616840829337e-01	1.752643826406452554e-01	2.355519456833495839e-01	1.418914548906149153e-01	6.936259819717099928e-02	2.766271629478538746e-02	7.077034060933218296e-02
1.020769515081264785e+03	2.790820967146246390e-01	1.749896336340153735e-01	2.358358485320587172e-01	1.420661755643408686e-01	6.943529546194576740e-02	2.770853297275559582e-02	7.088241712024032082e-02
1.023188400188092373e+03	2.786688085833010642e-01	1.747156651702141961e-01	2.361188881667728168e-01	1.422404041838265520e-01	6.950779165379254720e-02	2.775425961609122652e-02	7.099418262598285179e-02
1.025607285294920075e+03	2.782566939381790894e-01	1.744424750225351817e-01	2.364010671848243150e-01	1.424141423247079208e-01	6.958008738220042289e-02	2.779989622807495231e-02	7.110563791945936907e-02
1.028026170401747549e+03	2.778457494369495073e-01	1.741700609707021452e-01	2.366823881754953340e-01	1.425873915558237004e-01	6.965218325436038638e-02	2.784544281376367947e-02	7.121678379288656768e-02
1.030445055508575479e+03	2.774359717468985465e-01	1.738984208008497734e-01	2.369628537200482166e-01	1.427601534392616001e-01	6.972407987517811878e-02	2.789089937997030200e-02	7.132762103777476326e-02
1.032863940615402726e+03	2.770273575448797820e-01	1.736275523055044456e-01	2.372424663917561127e-01	1.429324295304039427e-01	6.979577784728660528e-02	2.793626593524562926e-02	7.143815044490478550e-02
1.035282825722230655e+03	2.766199035172858811e-01	1.733574532835648885e-01	2.375212287559330115e-01	1.431042213779729066e-01	6.986727777105879167e-02	2.798154248986046630e-02	7.154837280430534352e-02
1.037701710829058356e+03	2.762136063600204583e-01	1.730881215402829132e-01	2.377991433699639112e-01	1.432755305240754062e-01	6.993858024461994949e-02	2.802672905578783638e-02	7.165828890523082140e-02
1.040120595935886058e+03	2.758084627784700427e-01	1.728195548872444864e-01	2.380762127833345176e-01	1.434463585042472511e-01	7.000968586386006887e-02	2.807182564668534233e-02	7.176789953613960105e-02
1.042539481042713533e+03	2.754044694874761001e-01	1.725517511423504957e-01	2.383524395376609983e-01	1.436167068474972219e-01	7.008059522244612649e-02	2.811683227787770134e-02	7.187720548467269044e-02
1.044958366149541234e+03	2.750016232113074999e-01	1.722847081297978755e-01	2.386278261667192091e-01	1.437865770763504247e-01	7.015130891183418704e-02	2.816174896633938732e-02	7.198620753763280977e-02
1.047377251256368709e+03	2.745999206836322593e-01	1.720184236800606226e-01	2.389023751964741704e-01	1.439559707068914229e-01	7.022182752128150462e-02	2.820657573067745019e-02	7.209490648096394949e-02
1.049796136363196410e+03	2.741993586474903988e-01	1.717528956298710052e-01	2.391760891451089055e-01	1.441248892488068700e-01	7.029215163785841602e-02	2.825131259111446705e-02	7.220330309973133076e-02
1.052215021470024112e+03	2.737999338552661310e-01	1.714881218222007175e-01	2.394489705230535004e-01	1.442933342054276702e-01	7.036228184646022010e-02	2.829595956947163204e-02	7.231139817810162962e-02
1.054633906576851814e+03	2.734016430686603272e-01	1.712241001062421164e-01	2.397210218330135534e-01	1.444613070737707505e-01	7.043221872981896003e-02	2.834051668915198510e-02	7.241919249932381175e-02
1.057052791683679516e+03	2.730044830586633164e-01	1.709608283373896531e-01	2.399922455699988744e-01	1.446288093445806944e-01	7.050196286851502514e-02	2.838498397512379326e-02	7.252668684571021707e-02
1.059471676790506763e+03	2.726084506055274082e-01	1.706983043772212216e-01	2.402626442213516844e-01	1.447958425023704587e-01	7.057151484098876659e-02	2.842936145390406039e-02	7.263388199861804673e-02
1.061890561897334692e+03	2.722135424987396912e-01	1.704365260934796733e-01	2.405322202667747600e-01	1.449624080254621472e-01	7.064087522355193272e-02	2.847364915354216874e-02	7.274077873843129427e-02
1.064309447004162394e+03	2.718197555369951668e-01	1.701754913600542762e-01	2.408009761783594382e-01	1.451285073860271446e-01	7.071004459039906265e-02	2.851784710360367667e-02	7.284737784454295428e-02
1.066728332110990095e+03	2.714270865281694367e-01	1.699151980569622855e-01	2.410689144206132617e-01	1.452941420501260572e-01	7.077902351361875510e-02	2.856195533515422727e-02	7.295368009533766129e-02
1.069147217217817570e+03	2.710355322892918362e-01	1.696556440703307633e-01	2.413360374504878170e-01	1.454593134777480978e-01	7.084781256320486775e-02	2.860597388074362021e-02	7.305968626817471723e-02
1.071566102324645271e+03	2.706450896465185663e-01	1.693968272923780938e-01	2.416023477174059630e-01	1.456240231228501381e-01	7.091641230706761945e-02	2.864990277438998409e-02	7.316539713937135481e-02
1.073984987431472746e+03	2.702557554351059377e-01	1.691387456213959417e-01	2.418678476632892538e-01	1.457882724333954272e-01	7.098482331104460918e-02	2.869374205156410840e-02	7.327081348418651441e-02
1.076403872538300675e+03	2.698675264993836143e-01	1.688813969617309341e-01	2.421325397225848608e-01	1.459520628513919227e-01	7.105304613891176568e-02	2.873749174917389002e-02	7.337593607680477359e-02
1.078822757645127922e+03	2.694803996927281342e-01	1.686247792237667298e-01	2.423964263222926907e-01	1.461153958129303432e-01	7.112108135239411655e-02	2.878115190554891845e-02	7.348076569032084560e-02
1.081241642751955851e+03	2.690943718775363758e-01	1.683688903239058121e-01	2.426595098819920304e-01	1.462782727482216383e-01	7.118892951117661294e-02	2.882472256042518596e-02	7.358530309672418890e-02
1.083660527858783553e+03	2.687094399251988563e-01	1.681137281845516973e-01	2.429217928138682481e-01	1.464406950816342923e-01	7.125659117291474609e-02	2.886820375492993654e-02	7.368954906688410245e-02
1.086079412965611255e+03	2.683256007160736978e-01	1.678592907340908658e-01	2.431832775227392163e-01	1.466026642317312945e-01	7.132406689324516380e-02	2.891159553156661538e-02	7.379350437053505685e-02
1.088498298072438729e+03	2.679428511394600920e-01	1.676055759068749984e-01	2.434439664060815134e-01	1.467641816113067488e-01	7.139135722579617593e-02	2.895489793419998154e-02	7.389716977626238636e-02
1.090917183179266431e+03	2.675611880935725440e-01	1.673525816432032409e-01	2.437038618540566803e-01	1.469252486274218172e-01	7.145846272219812112e-02	2.899811100804130723e-02	7.400054605148824460e-02
1.093336068286093905e+03	2.671806084855142815e-01	1.671003058893042736e-01	2.439629662495371720e-01	1.470858666814409133e-01	7.152538393209373346e-02	2.904123479963372986e-02	7.410363396245792100e-02
1.095754953392921607e+03	2.668011092312514432e-01	1.668487465973188810e-01	2.442212819681321423e-01	1.472460371690670344e-01	7.159212140314839823e-02	2.908426935683772196e-02	7.420643427422650429e-02
1.098173838499749309e+03	2.664226872555870429e-01	1.665979017252821326e-01	2.444788113782132011e-01	1.474057614803770955e-01	7.165867568106033814e-02	2.912721472881667217e-02	7.430894775064567082e-02
1.100592723606577010e+03	2.660453394921354353e-01	1.663477692371060357e-01	2.447355568409398663e-01	1.475650409998567336e-01	7.172504730957067476e-02	2.917007096602259111e-02	7.441117515435094476e-02
1.103011608713404712e+03	2.656690628832960033e-01	1.660983471025617997e-01	2.449915207102849324e-01	1.477238771064348921e-01	7.179123683047343440e-02	2.921283812018194564e-02	7.451311724674920811e-02
1.105430493820231959e+03	2.652938543802280669e-01	1.658496332972627108e-01	2.452467053330597835e-01	1.478822711735180984e-01	7.185724478362556789e-02	2.925551624428161107e-02	7.461477478800639107e-02
1.107849378927059888e+03	2.649197109428247376e-01	1.656016258026464238e-01	2.455011130489394844e-01	1.480402245690244090e-01	7.192307170695673435e-02	2.929810539255492743e-02	7.471614853703557879e-02
1.110268264033887590e+03	2.645466295396877165e-01	1.653543226059578930e-01	2.457547461904875941e-01	1.481977386554168552e-01	7.198871813647908513e-02	2.934060562046789111e-02	7.481723925148529852e-02
1.112687149140715292e+03	2.641746071481017033e-01	1.651077217002319963e-01	2.460076070831810902e-01	1.483548147897369995e-01	7.205418460629700594e-02	2.938301698470545051e-02	7.491804768772813983e-02
1.115106034247542766e+03	2.638036407540090833e-01	1.648618210842763832e-01	2.462596980454350160e-01	1.485114543236377149e-01	7.211947164861676196e-02	2.942533954315793010e-02	7.501857460084955520e-02
1.117524919354370468e+03	2.634337273519845035e-01	1.646166187626542932e-01	2.465110213886269330e-01	1.486676586034160752e-01	7.218457979375600408e-02	2.946757335490755511e-02	7.511882074463709091e-02
1.119943804461197942e+03	2.630648639452099480e-01	1.643721127456675146e-01	2.467615794171214016e-01	1.488234289700455792e-01	7.224950957015331687e-02	2.950971848021509414e-02	7.521878687156964560e-02
1.122362689568025871e+03	2.626970475454493137e-01	1.641283010493392591e-01	2.470113744282941837e-01	1.489787667592084031e-01	7.231426150437759992e-02	2.955177498050661974e-02	7.531847373280718683e-02
1.124781574674853118e+03	2.623302751730234306e-01	1.638851816953973417e-01	2.472604087125563344e-01	1.491336733013270965e-01	7.237883612113743537e-02	2.959374291836038007e-02	7.541788207818059253e-02
1.127200459781681047e+03	2.619645438567851370e-01	1.636427527112570834e-01	2.475086845533782387e-01	1.492881499215962249e-01	7.244323394329033050e-02	2.963562235749377105e-02	7.551701265618181169e-02
1.129619344888508749e+03	2.615998506340944108e-01	1.634010121300046303e-01	2.477562042273134257e-01	1.494421979400135658e-01	7.250745549185196037e-02	2.967741336275044051e-02	7.561586621395419150e-02
1.132038229995336451e+03	2.612361925507935001e-01	1.631599579903799668e-01	2.480029700040222440e-01	1.495958186714110572e-01	7.257150128600527161e-02	2.971911600008747545e-02	7.571444349728312373e-02
1.134457115102163925e+03	2.608735666611821102e-01	1.629195883367603737e-01	2.482489841462955649e-01	1.497490134254854943e-01	7.263537184310957240e-02	2.976073033656272127e-02	7.581274525058687153e-02
1.136876000208991627e+03	2.605119700279928674e-01	1.626799012191434968e-01	2.484942489100782081e-01	1.499017835068288951e-01	7.269906767870952524e-02	2.980225644032218069e-02	7.591077221690764598e-02
1.139294885315819101e+03	2.601513997223665053e-01	1.624408946931308884e-01	2.487387665444921458e-01	1.500541302149587253e-01	7.276258930654404267e-02	2.984369438058755847e-02	7.600852513790293252e-02
1.141713770422646803e+03	2.597918528238277180e-01	1.622025668199113813e-01	2.489825392918599278e-01	1.502060548443477361e-01	7.282593723855522450e-02	2.988504422764387200e-02	7.610600475383694219e-02
1.144132655529474505e+03	2.594333264202604017e-01	1.619649156662444911e-01	2.492255693877276634e-01	1.503575586844535794e-01	7.288911198489707310e-02	2.992630605282719722e-02	7.620321180357243762e-02
1.146551540636302207e+03	2.590758176078833963e-01	1.617279393044440128e-01	2.494678590608878921e-01	1.505086430197481451e-01	7.295211405394429194e-02	2.996747992851249778e-02	7.630014702456264231e-02
1.148970425743129908e+03	2.587193234912262829e-01	1.614916358123615892e-01	2.497094105334025926e-01	1.506593091297465381e-01	7.301494395230093137e-02	3.000856592810157222e-02	7.639681115284341351e-02
1.151389310849957155e+03	2.583638411831050141e-01	1.612560032733702520e-01	2.499502260206258319e-01	1.508095582890361108e-01	7.307760218480899295e-02	3.004956412601109475e-02	7.649320492302563723e-02
1.153808195956785084e+03	2.580093678045978778e-01	1.610210397763482681e-01	2.501903077312263579e-01	1.509593917673048846e-01	7.314008925455696419e-02	3.009047459766076710e-02	7.658932906828780363e-02
1.156227081063612786e+03	2.576559004850214607e-01	1.607867434156627640e-01	2.504296578672101647e-01	1.511088108293699439e-01	7.320240566288829798e-02	3.013129741946155363e-02	7.668518432036879051e-02
1.158645966170440488e+03	2.573034363619066123e-01	1.605531122911534880e-01	2.506682786239426419e-01	1.512578167352054970e-01	7.326455190940986406e-02	3.017203266880404133e-02	7.678077140956085511e-02
1.161064851277267962e+03	2.569519725809745192e-01	1.603201445081167686e-01	2.509061721901711395e-01	1.514064107399706038e-01	7.332652849200026191e-02	3.021268042404687618e-02	7.687609106470282005e-02
1.163483736384095664e+03	2.566015062961129467e-01	1.600878381772894155e-01	2.511433407480468394e-01	1.515545940940369596e-01	7.338833590681814734e-02	3.025324076450531391e-02	7.697114401317343979e-02
1.165902621490923138e+03	2.562520346693523687e-01	1.598561914148324548e-01	2.513797864731470155e-01	1.517023680430160670e-01	7.344997464831043432e-02	3.029371377043985417e-02	7.706593098088491967e-02
1.168321506597751068e+03	2.559035548708423202e-01	1.596252023423153921e-01	2.516155115344966831e-01	1.518497338277864372e-01	7.351144520922049674e-02	3.033409952304499252e-02	7.716045269227676806e-02
1.170740391704578315e+03	2.555560640788278048e-01	1.593948690867001139e-01	2.518505180945907473e-01	1.519966926845205124e-01	7.357274808059627302e-02	3.037439810443805233e-02	7.725470987030964853e-02
1.173159276811406244e+03	2.552095594796257583e-01	1.591651897803250670e-01	2.520848083094152647e-01	1.521432458447111724e-01	7.363388375179835688e-02	3.041460959764811026e-02	7.734870323645946788e-02
1.175578161918233945e+03	2.548640382676014560e-01	1.589361625608893547e-01	2.523183843284694250e-01	1.522893945351982692e-01	7.369485271050794928e-02	3.045473408660502937e-02	7.744243351071174175e-02
1.177997047025061647e+03	2.545194976451453095e-01	1.587077855714369989e-01	2.525512482947867010e-01	1.524351399781947447e-01	7.375565544273482432e-02	3.049477165612857546e-02	7.753590141155601578e-02
1.180415932131889122e+03	2.541759348226494963e-01	1.584800569603412035e-01	2.527834023449566092e-01	1.525804833913126102e-01	7.381629243282519792e-02	3.053472239191763749e-02	7.762910765598048102e-02
1.182834817238716823e+03	2.538333470184844787e-01	1.582529748812885328e-01	2.530148486091455817e-01	1.527254259875887588e-01	7.387676416346961039e-02	3.057458638053952085e-02	7.772205295946682524e-02
1.185253702345544298e+03	2.534917314589760773e-01	1.580265374932634803e-01	2.532455892111182827e-01	1.528699689755103897e-01	7.393707111571067025e-02	3.061436370941935173e-02	7.781473803598515371e-02
1.187672587452371999e+03	2.531510853783822124e-01	1.578007429605327028e-01	2.534756262682588135e-01	1.530141135590403489e-01	7.399721376895071479e-02	3.065405446682957502e-02	7.790716359798911805e-02
1.190091472559199701e+03	2.528114060188699219e-01	1.575755894526296164e-01	2.537049618915913074e-01	1.531578609376423039e-01	7.405719260095956769e-02	3.069365874187952176e-02	7.799933035641123946e-02
1.192510357666027403e+03	2.524726906304924912e-01	1.573510751443387978e-01	2.539335981858011904e-01	1.533012123063055565e-01	7.411700808788211636e-02	3.073317662450508053e-02	7.809123902065834288e-02
1.194929242772855105e+03	2.521349364711662489e-01	1.571271982156806357e-01	2.541615372492554981e-01	1.534441688555696348e-01	7.417666070424586144e-02	3.077260820545845571e-02	7.818289029860714390e-02
1.197348127879682352e+03	2.517981408066480853e-01	1.569039568518958983e-01	2.543887811740241367e-01	1.535867317715489122e-01	7.423615092296843854e-02	3.081195357629802276e-02	7.827428489660004374e-02
1.199767012986510281e+03	2.514623009105124707e-01	1.566813492434303845e-01	2.546153320458997005e-01	1.537289022359568103e-01	7.429547921536504285e-02	3.085121282937824255e-02	7.836542351944095208e-02
1.202185898093337983e+03	2.511274140641287511e-01	1.564593735859195756e-01	2.548411919444184548e-01	1.538706814261298350e-01	7.435464605115583991e-02	3.089038605783970062e-02	7.845630687039144291e-02
1.204604783200165684e+03	2.507934775566387775e-01	1.562380280801735077e-01	2.550663629428804868e-01	1.540120705150514191e-01	7.441365189847333472e-02	3.092947335559920186e-02	7.854693565116684095e-02
1.207023668306993159e+03	2.504604886849339795e-01	1.560173109321615903e-01	2.552908471083700781e-01	1.541530706713756249e-01	7.447249722386967141e-02	3.096847481733996585e-02	7.863731056193266900e-02
1.209442553413820860e+03	2.501284447536332167e-01	1.557972203529973676e-01	2.555146465017756330e-01	1.542936830594506259e-01	7.453118249232384973e-02	3.100739053850190899e-02	7.872743230130102576e-02
1.211861438520648335e+03	2.497973430750601576e-01	1.555777545589233646e-01	2.557377631778100513e-01	1.544339088393418824e-01	7.458970816724894148e-02	3.104622061527199245e-02	7.881730156632726914e-02
1.214280323627476264e+03	2.494671809692210196e-01	1.553589117712962375e-01	2.559601991850304903e-01	1.545737491668552899e-01	7.464807471049923759e-02	3.108496514457467427e-02	7.890691905250671323e-02
1.216699208734303511e+03	2.491379557637822262e-01	1.551406902165716750e-01	2.561819565658584041e-01	1.547132051935601049e-01	7.470628258237735353e-02	3.112362422406244472e-02	7.899628545377157529e-02
1.219118093841131440e+03	2.488096647940482575e-01	1.549230881262893544e-01	2.564030373565990839e-01	1.548522780668115106e-01	7.476433224164127922e-02	3.116219795210642060e-02	7.908540146248792257e-02
1.221536978947959142e+03	2.484823054029394740e-01	1.547061037370581760e-01	2.566234435874615860e-01	1.549909689297732929e-01	7.482222414551135958e-02	3.120068642778704368e-02	7.917426776945286904e-02
1.223955864054786844e+03	2.481558749409700504e-01	1.544897352905413579e-01	2.568431772825783832e-01	1.551292789214400725e-01	7.487995874967728893e-02	3.123908975088484502e-02	7.926288506389178590e-02
1.226374749161614318e+03	2.478303707662260214e-01	1.542739810334416151e-01	2.570622404600246824e-01	1.552672091766594265e-01	7.493753650830502211e-02	3.127740802187130992e-02	7.935125403345574813e-02
1.228793634268442020e+03	2.475057902443431601e-01	1.540588392174863652e-01	2.572806351318379647e-01	1.554047608261539537e-01	7.499495787404354685e-02	3.131564134189979837e-02	7.943937536421900869e-02
1.231212519375269494e+03	2.471821307484853292e-01	1.538443080994130463e-01	2.574983633040373032e-01	1.555419349965430353e-01	7.505222329803180881e-02	3.135378981279655225e-02	7.952724974067665320e-02
1.233631404482097196e+03	2.468593896593225812e-01	1.536303859409544892e-01	2.577154269766427919e-01	1.556787328103643731e-01	7.510933322990545613e-02	3.139185353705179621e-02	7.961487784574233784e-02
1.236050289588924898e+03	2.465375643650092874e-01	1.534170710088241796e-01	2.579318281436942528e-01	1.558151553860955274e-01	7.516628811780351471e-02	3.142983261781088361e-02	7.970226036074616605e-02
1.238469174695752372e+03	2.462166522611626274e-01	1.532043615747018528e-01	2.581475687932708873e-01	1.559512038381751231e-01	7.522308840837509114e-02	3.146772715886556743e-02	7.978939796543266239e-02
1.240888059802580301e+03	2.458966507508409671e-01	1.529922559152187833e-01	2.583626509075099276e-01	1.560868792770239988e-01	7.527973454678603404e-02	3.150553726464528498e-02	7.987629133795885739e-02
1.243306944909407548e+03	2.455775572445222377e-01	1.527807523119434074e-01	2.585770764626255658e-01	1.562221828090661346e-01	7.533622697672551216e-02	3.154326304020858840e-02	7.996294115489249732e-02
1.245725830016235477e+03	2.452593691600824521e-01	1.525698490513667793e-01	2.587908474289278837e-01	1.563571155367493304e-01	7.539256614041252302e-02	3.158090459123459592e-02	8.004934809121036499e-02
1.248144715123063179e+03	2.449420839227743618e-01	1.523595444248883324e-01	2.590039657708416709e-01	1.564916785585659387e-01	7.544875247860247103e-02	3.161846202401453337e-02	8.013551282029665601e-02
1.250563600229890881e+03	2.446256989652060565e-01	1.521498367288014464e-01	2.592164334469249098e-01	1.566258729690731821e-01	7.550478643059355122e-02	3.165593544544335197e-02	8.022143601394156331e-02
1.252982485336718355e+03	2.443102117273196761e-01	1.519407242642790701e-01	2.594282524098873166e-01	1.567596998589134982e-01	7.556066843423321633e-02	3.169332496301145025e-02	8.030711834233983382e-02
1.255401370443546057e+03	2.439956196563702329e-01	1.517322053373596769e-01	2.596394246066092149e-01	1.568931603148345788e-01	7.561639892592450507e-02	3.173063068479638205e-02	8.039256047408951944e-02
1.257820255550373531e+03	2.436819202069043788e-01	1.515242782589326931e-01	2.598499519781595213e-01	1.570262554197094929e-01	7.567197834063243977e-02	3.176785271945475192e-02	8.047776307619078362e-02
1.260239140657201460e+03	2.433691108407394221e-01	1.513169413447247313e-01	2.600598364598144530e-01	1.571589862525562542e-01	7.572740711189029916e-02	3.180499117621410354e-02	8.056272681404484659e-02
1.262658025764028707e+03	2.430571890269421498e-01	1.511101929152851853e-01	2.602690799810754574e-01	1.572913538885576390e-01	7.578268567180582171e-02	3.184204616486488448e-02	8.064745235145298619e-02
1.265076910870856636e+03	2.427461522418080109e-01	1.509040312959722685e-01	2.604776844656876977e-01	1.574233593990806146e-01	7.583781445106746455e-02	3.187901779575251504e-02	8.073194035061560803e-02
1.267495795977684338e+03	2.424359979688400502e-01	1.506984548169389426e-01	2.606856518316579274e-01	1.575550038516957130e-01	7.589279387895057905e-02	3.191590617976950567e-02	8.081619147213149612e-02
1.269914681084511813e+03	2.421267236987282301e-01	1.504934618131189283e-01	2.608929839912726423e-01	1.576862883101961821e-01	7.594762438332348931e-02	3.195271142834762990e-02	8.090020637499709122e-02
1.272333566191339514e+03	2.418183269293285587e-01	1.502890506242127722e-01	2.610996828511160661e-01	1.578172138346170539e-01	7.600230639065366778e-02	3.198943365345021522e-02	8.098398571660583856e-02
1.274752451298167216e+03	2.415108051656424115e-01	1.500852195946738576e-01	2.613057503120880254e-01	1.579477814812540459e-01	7.605684032601370270e-02	3.202607296756444788e-02	8.106753015274768825e-02
1.277171336404994690e+03	2.412041559197958540e-01	1.498819670736946941e-01	2.615111882694216572e-01	1.580779923026822409e-01	7.611122661308739046e-02	3.206262948369376781e-02	8.115084033760859572e-02
1.279590221511822392e+03	2.408983767110190743e-01	1.496792914151929832e-01	2.617159986127011728e-01	1.582078473477747660e-01	7.616546567417563363e-02	3.209910331535034689e-02	8.123391692377024409e-02
1.282009106618650094e+03	2.405934650656257889e-01	1.494771909777978525e-01	2.619201832258796214e-01	1.583373476617213060e-01	7.621955793020239456e-02	3.213549457654760189e-02	8.131676056220965565e-02
1.284427991725477568e+03	2.402894185169928976e-01	1.492756641248361438e-01	2.621237439872963759e-01	1.584664942860463110e-01	7.627350380072067670e-02	3.217180338179280452e-02	8.139937190229905306e-02
1.286846876832305497e+03	2.399862346055399998e-01	1.490747092243187577e-01	2.623266827696946191e-01	1.585952882586272594e-01	7.632730370391825614e-02	3.220802984607971237e-02	8.148175159180574834e-02
1.289265761939132744e+03	2.396839108787089667e-01	1.488743246489269145e-01	2.625290014402388850e-01	1.587237306137126158e-01	7.638095805662362126e-02	3.224417408488133852e-02	8.156390027689203182e-02
1.291684647045960673e+03	2.393824448909438740e-01	1.486745087759985817e-01	2.627307018605323785e-01	1.588518223819399000e-01	7.643446727431171817e-02	3.228023621414270738e-02	8.164581860211525544e-02
1.294103532152788375e+03	2.390818342036704902e-01	1.484752599875150403e-01	2.629317858866342950e-01	1.589795645903532839e-01	7.648783177110965448e-02	3.231621635027372152e-02	8.172750721042795763e-02
1.296522417259616077e+03	2.387820763852764594e-01	1.482765766700871457e-01	2.631322553690769728e-01	1.591069582624213274e-01	7.654105195980248633e-02	3.235211461014209089e-02	8.180896674317800210e-02
1.298941302366443551e+03	2.384831690110909286e-01	1.480784572149419498e-01	2.633321121528831577e-01	1.592340044180544922e-01	7.659412825183886664e-02	3.238793111106628986e-02	8.189019784010881375e-02
1.301360187473271253e+03	2.381851096633645637e-01	1.478809000179093502e-01	2.635313580775830444e-01	1.593607040736224889e-01	7.664706105733670727e-02	3.242366597080863222e-02	8.197120113935976726e-02
1.303779072580098727e+03	2.378878959312496488e-01	1.476839034794085459e-01	2.637299949772312635e-01	1.594870582419715688e-01	7.669985078508874399e-02	3.245931930756834616e-02	8.205197727746652014e-02
1.306197957686926657e+03	2.375915254107801577e-01	1.474874660044347141e-01	2.639280246804237562e-01	1.596130679324415658e-01	7.675249784256815699e-02	3.249489123997475332e-02	8.213252688936152623e-02
1.308616842793753904e+03	2.372959957048517698e-01	1.472915860025458268e-01	2.641254490103149277e-01	1.597387341508829661e-01	7.680500263593406651e-02	3.253038188708050338e-02	8.221285060837453529e-02
1.311035727900581833e+03	2.370013044232021915e-01	1.470962618878491890e-01	2.643222697846342450e-01	1.598640578996737560e-01	7.685736557003711167e-02	3.256579136835487803e-02	8.229294906623320360e-02
1.313454613007409534e+03	2.367074491823913940e-01	1.469014920789883383e-01	2.645184888157031122e-01	1.599890401777361026e-01	7.690958704842487670e-02	3.260111980367708800e-02	8.237282289306374627e-02
1.315873498114237009e+03	2.364144276057818239e-01	1.467072749991297775e-01	2.647141079104513017e-01	1.601136819805530909e-01	7.696166747334727554e-02	3.263636731332974356e-02	8.245247271739165884e-02
1.318292383221064711e+03	2.361222373235189465e-01	1.465136090759498744e-01	2.649091288704339409e-01	1.602379843001851267e-01	7.701360724576204742e-02	3.267153401799227641e-02	8.253189916614252220e-02
1.320711268327892412e+03	2.358308759725115944e-01	1.463204927416217049e-01	2.651035534918477210e-01	1.603619481252862855e-01	7.706540676534009982e-02	3.270662003873449353e-02	8.261110286464282138e-02
1.323130153434719887e+03	2.355403411964123450e-01	1.461279244328021198e-01	2.652973835655476620e-01	1.604855744411207430e-01	7.711706643047082366e-02	3.274162549701015862e-02	8.269008443662088925e-02
1.325549038541547588e+03	2.352506306455983132e-01	1.459359025906184770e-01	2.654906208770633769e-01	1.606088642295787350e-01	7.716858663826740850e-02	3.277655051465061531e-02	8.276884450420783634e-02
1.327967923648375290e+03	2.349617419771515836e-01	1.457444256606558464e-01	2.656832672066155032e-01	1.607318184691926277e-01	7.721996778457212995e-02	3.281139521385850744e-02	8.284738368793863328e-02
1.330386808755202765e+03	2.346736728548398931e-01	1.455534920929439369e-01	2.658753243291318569e-01	1.608544381351528774e-01	7.727121026396159553e-02	3.284615971720154098e-02	8.292570260675312388e-02
1.332805693862030694e+03	2.343864209490974237e-01	1.453631003419443291e-01	2.660667940142639187e-01	1.609767241993237397e-01	7.732231446975193490e-02	3.288084414760626684e-02	8.300380187799720477e-02
1.335224578968857941e+03	2.340999839370055124e-01	1.451732488665375131e-01	2.662576780264028775e-01	1.610986776302590628e-01	7.737328079400397629e-02	3.291544862835198842e-02	8.308168211742399112e-02
1.337643464075685870e+03	2.338143595022735555e-01	1.449839361300100105e-01	2.664479781246954504e-01	1.612202993932177197e-01	7.742410962752842296e-02	3.294997328306465550e-02	8.315934393919509338e-02
1.340062349182513572e+03	2.335295453352198847e-01	1.447951606000416613e-01	2.666376960630605364e-01	1.613415904501790954e-01	7.747480135989096017e-02	3.298441823571084119e-02	8.323678795588190793e-02
1.342481234289341273e+03	2.332455391327526717e-01	1.446069207486928854e-01	2.668268335902047039e-01	1.614625517598585747e-01	7.752535637941732061e-02	3.301878361059182310e-02	8.331401477846693548e-02
1.344900119396168748e+03	2.329623385983509709e-01	1.444192150523918861e-01	2.670153924496384001e-01	1.615831842777225580e-01	7.757577507319837751e-02	3.305306953233760892e-02	8.339102501634522435e-02
1.347319004502996449e+03	2.326799414420457901e-01	1.442320419919220220e-01	2.672033743796915495e-01	1.617034889560037547e-01	7.762605782709514068e-02	3.308727612590111472e-02	8.346781927732577211e-02
1.349737889609823924e+03	2.323983453804012167e-01	1.440454000524092060e-01	2.673907811135295409e-01	1.618234667437160601e-01	7.767620502574373864e-02	3.312140351655237097e-02	8.354439816763307991e-02
1.352156774716651853e+03	2.321175481364955162e-01	1.438592877233091927e-01	2.675776143791689932e-01	1.619431185866696266e-01	7.772621705256045621e-02	3.315545182987272854e-02	8.362076229190862353e-02
1.354575659823479100e+03	2.318375474399025915e-01	1.436737034983951999e-01	2.677638758994934642e-01	1.620624454274855741e-01	7.777609428974660566e-02	3.318942119174919658e-02	8.369691225321254646e-02
1.356994544930307029e+03	2.315583410266729703e-01	1.434886458757452798e-01	2.679495673922688836e-01	1.621814482056106732e-01	7.782583711829346718e-02	3.322331172836877344e-02	8.377284865302517258e-02
1.359413430037134731e+03	2.312799266393153752e-01	1.433041133577297455e-01	2.681346905701593175e-01	1.623001278573320549e-01	7.787544591798711835e-02	3.325712356621286780e-02	8.384857209124881028e-02
1.361832315143962205e+03	2.310023020267780169e-01	1.431201044509989306e-01	2.683192471407423452e-01	1.624184853157915331e-01	7.792492106741338853e-02	3.329085683205174062e-02	8.392408316620937614e-02
1.364251200250789907e+03	2.307254649444300532e-01	1.429366176664706167e-01	2.685032388065246578e-01	1.625365215110002315e-01	7.797426294396256341e-02	3.332451165293900952e-02	8.399938247465824070e-02
1.366670085357617609e+03	2.304494131540431867e-01	1.427536515193177646e-01	2.686866672649572685e-01	1.626542373698526833e-01	7.802347192383426999e-02	3.335808815620622259e-02	8.407447061177394931e-02
1.369088970464445310e+03	2.301741444237731526e-01	1.425712045289561081e-01	2.688695342084511108e-01	1.627716338161411258e-01	7.807254838204220893e-02	3.339158646945743908e-02	8.414934817116420662e-02
1.371507855571272785e+03	2.298996565281413995e-01	1.423892752190319688e-01	2.690518413243920826e-01	1.628887117705695997e-01	7.812149269241887295e-02	3.342500672056390731e-02	8.422401574486763909e-02
1.373926740678100487e+03	2.296259472480166042e-01	1.422078621174098223e-01	2.692335902951562554e-01	1.630054721507679660e-01	7.817030522762029310e-02	3.345834903765877028e-02	8.429847392335579337e-02
1.376345625784927961e+03	2.293530143705966029e-01	1.420269637561602794e-01	2.694147827981253074e-01	1.631219158713057005e-01	7.821898635913071551e-02	3.349161354913179206e-02	8.437272329553509309e-02
1.378764510891755890e+03	2.290808556893900727e-01	1.418465786715477905e-01	2.695954205057015662e-01	1.632380438437058823e-01	7.826753645726725050e-02	3.352480038362419534e-02	8.444676444874882337e-02
1.381183395998583137e+03	2.288094690041984347e-01	1.416667054040184059e-01	2.697755050853228309e-01	1.633538569764587667e-01	7.831595589118450773e-02	3.355790967002347802e-02	8.452059796877922637e-02
1.383602281105411066e+03	2.285388521210976187e-01	1.414873424981879790e-01	2.699550381994775816e-01	1.634693561750354684e-01	7.836424502887920363e-02	3.359094153745833394e-02	8.459422443984952744e-02
1.386021166212238768e+03	2.282690028524201331e-01	1.413084885028297599e-01	2.701340215057199123e-01	1.635845423419015621e-01	7.841240423719474106e-02	3.362389611529359446e-02	8.466764444462607231e-02
1.388440051319066470e+03	2.279999190167369960e-01	1.411301419708625438e-01	2.703124566566844078e-01	1.636994163765303489e-01	7.846043388182576128e-02	3.365677353312521158e-02	8.474085856422050589e-02
1.390858936425893944e+03	2.277315984388398051e-01	1.409523014593386248e-01	2.704903453001011315e-01	1.638139791754164021e-01	7.850833432732265416e-02	3.368957392077530366e-02	8.481386737819190946e-02
1.393277821532721646e+03	2.274640389497228909e-01	1.407749655294318614e-01	2.706676890788100587e-01	1.639282316320886945e-01	7.855610593709611011e-02	3.372229740828722871e-02	8.488667146454906276e-02
1.395696706639549120e+03	2.271972383865653866e-01	1.405981327464256858e-01	2.708444896307761751e-01	1.640421746371238387e-01	7.860374907342153328e-02	3.375494412592072030e-02	8.495927139975263664e-02
1.398115591746377049e+03	2.269311945927134921e-01	1.404218016797012525e-01	2.710207485891040213e-01	1.641558090781591317e-01	7.865126409744351010e-02	3.378751420414708578e-02	8.503166775871756622e-02
1.400534476853204296e+03	2.266659054176627108e-01	1.402459709027255585e-01	2.711964675820523474e-01	1.642691358399055446e-01	7.869865136918026416e-02	3.382000777364437688e-02	8.510386111481528515e-02
1.402953361960032225e+03	2.264013687170401967e-01	1.400706389930397588e-01	2.713716482330487123e-01	1.643821558041606568e-01	7.874591124752802762e-02	3.385242496529269896e-02	8.517585203987608489e-02
1.405372247066859927e+03	2.261375823525871298e-01	1.398958045322472310e-01	2.715462921607039171e-01	1.644948698498215067e-01	7.879304409026541278e-02	3.388476591016949951e-02	8.524764110419151553e-02
1.407791132173687402e+03	2.258745441921410635e-01	1.397214661060018348e-01	2.717204009788265484e-01	1.646072788528972486e-01	7.884005025405778355e-02	3.391703073954491915e-02	8.531922887651677279e-02
1.410210017280515103e+03	2.256122521096184663e-01	1.395476223039962826e-01	2.718939762964376339e-01	1.647193836865219474e-01	7.888693009446158533e-02	3.394921958487719105e-02	8.539061592407311274e-02
1.412628902387342805e+03	2.253507039849972360e-01	1.393742717199503989e-01	2.720670197177846306e-01	1.648311852209669581e-01	7.893368396592863323e-02	3.398133257780808908e-02	8.546180281255034983e-02
1.415047787494170507e+03	2.250898977042991578e-01	1.392014129515995180e-01	2.722395328423559135e-01	1.649426843236535545e-01	7.898031222181038646e-02	3.401336985015841058e-02	8.553279010610931321e-02
1.417466672600997981e+03	2.248298311595727794e-01	1.390290446006828551e-01	2.724115172648952643e-01	1.650538818591653356e-01	7.902681521436222267e-02	3.404533153392346606e-02	8.560357836738438642e-02
1.419885557707825683e+03	2.245705022488758973e-01	1.388571652729319594e-01	2.725829745754157485e-01	1.651647786892604386e-01	7.907319329474767067e-02	3.407721776126870772e-02	8.567416815748599146e-02
1.422304442814653157e+03	2.243119088762582647e-01	1.386857735780591683e-01	2.727539063592140933e-01	1.652753756728838896e-01	7.911944681304258764e-02	3.410902866452528853e-02	8.574456003600321174e-02
1.424723327921481086e+03	2.240540489517444944e-01	1.385148681297460604e-01	2.729243141968847874e-01	1.653856736661797333e-01	7.916557611823937801e-02	3.414076437618571852e-02	8.581475456100637333e-02
1.427142213028308333e+03	2.237969203913167948e-01	1.383444475456320488e-01	2.730941996643342362e-01	1.654956735225031617e-01	7.921158155825114289e-02	3.417242502889956957e-02	8.588475228904961234e-02
1.429561098135136262e+03	2.235405211168979556e-01	1.381745104473028896e-01	2.732635643327946950e-01	1.656053760924324214e-01	7.925746347991584340e-02	3.420401075546921493e-02	8.595455377517356721e-02
1.431979983241963964e+03	2.232848490563340838e-01	1.380050554602794133e-01	2.734324097688383137e-01	1.657147822237808876e-01	7.930322222900038076e-02	3.423552168884557573e-02	8.602415957290800164e-02
1.434398868348791666e+03	2.230299021433778117e-01	1.378360812140060065e-01	2.736007375343909587e-01	1.658238927616087210e-01	7.934885815020469024e-02	3.426695796212395756e-02	8.609357023427452460e-02
1.436817753455619140e+03	2.227756783176712552e-01	1.376675863418393431e-01	2.737685491867462018e-01	1.659327085482348585e-01	7.939437158716587672e-02	3.429831970853989415e-02	8.616278630978924102e-02
1.439236638562446842e+03	2.225221755247289712e-01	1.374995694810371427e-01	2.739358462785792536e-01	1.660412304232486425e-01	7.943976288246219764e-02	3.432960706146501173e-02	8.623180834846552734e-02
1.441655523669274316e+03	2.222693917159212496e-01	1.373320292727467640e-01	2.741026303579605639e-01	1.661494592235213674e-01	7.948503237761711526e-02	3.436082015440301840e-02	8.630063689781672376e-02
1.444074408776102018e+03	2.220173248484572093e-01	1.371649643619941850e-01	2.742689029683696433e-01	1.662573957832179095e-01	7.953018041310332131e-02	3.439195912098562402e-02	8.636927250385895150e-02
1.446493293882929493e+03	2.217659728853680068e-01	1.369983733976726237e-01	2.744346656487088865e-01	1.663650409338081892e-01	7.957520732834667820e-02	3.442302409496857118e-02	8.643771571111390217e-02
1.448912178989757422e+03	2.215153337954902102e-01	1.368322550325314357e-01	2.745999199333170049e-01	1.664723955040786629e-01	7.962011346173025750e-02	3.445401521022767310e-02	8.650596706261161339e-02
1.451331064096585123e+03	2.212654055534490627e-01	1.366666079231650399e-01	2.747646673519829053e-01	1.665794603201435076e-01	7.966489915059819793e-02	3.448493260075490702e-02	8.657402709989328593e-02
1.453749949203412370e+03	2.210161861396419125e-01	1.365014307300017049e-01	2.749289094299590119e-01	1.666862362054559732e-01	7.970956473125970221e-02	3.451577640065452840e-02	8.664189636301414255e-02
1.456168834310240300e+03	2.207676735402214763e-01	1.363367221172926691e-01	2.750926476879748672e-01	1.667927239808195683e-01	7.975411053899288116e-02	3.454654674413922683e-02	8.670957539054630070e-02
1.458587719417068001e+03	2.205198657470795742e-01	1.361724807531009829e-01	2.752558836422505650e-01	1.668989244643992176e-01	7.979853690804866728e-02	3.457724376552633039e-02	8.677706471958164525e-02
1.461006604523895703e+03	2.202727607578304492e-01	1.360087053092905174e-01	2.754186188045103512e-01	1.670048384717322532e-01	7.984284417165470049e-02	3.460786759923403788e-02	8.684436488573470114e-02
1.463425489630723177e+03	2.200263565757943907e-01	1.358453944615149733e-01	2.755808546819959459e-01	1.671104668157394613e-01	7.988703266201906128e-02	3.463841837977768567e-02	8.691147642314556165e-02
1.465844374737550879e+03	2.197806512099814424e-01	1.356825468892071118e-01	2.757425927774795338e-01	1.672158103067359625e-01	7.993110271033422587e-02	3.466889624176606316e-02	8.697839986448283045e-02
1.468263259844378354e+03	2.195356426750749157e-01	1.355201612755676244e-01	2.759038345892775856e-01	1.673208697524420363e-01	7.997505464678079934e-02	3.469930131989773514e-02	8.704513574094652206e-02
1.470682144951206283e+03	2.192913289914152353e-01	1.353582363075545303e-01	2.760645816112637374e-01	1.674256459579940015e-01	8.001888880053126263e-02	3.472963374895741279e-02	8.711168458227107336e-02
1.473101030058033530e+03	2.190477081849836472e-01	1.351967706758721022e-01	2.762248353328822792e-01	1.675301397259548464e-01	8.006260549975381668e-02	3.475989366381240786e-02	8.717804691672828565e-02
1.475519915164861459e+03	2.188047782873860370e-01	1.350357630749602078e-01	2.763845972391608674e-01	1.676343518563249424e-01	8.010620507161604620e-02	3.479008119940903837e-02	8.724422327113030839e-02
1.477938800271689161e+03	2.185625373358367762e-01	1.348752122029835132e-01	2.765438688107241805e-01	1.677382831465525359e-01	8.014968784228868048e-02	3.482019649076913137e-02	8.731021417083263680e-02
1.480357685378516862e+03	2.183209833731427074e-01	1.347151167618207412e-01	2.767026515238067419e-01	1.678419343915443507e-01	8.019305413694927109e-02	3.485023967298651187e-02	8.737602013973716497e-02
1.482776570485344337e+03	2.180801144476869624e-01	1.345554754570539302e-01	2.768609468502658544e-01	1.679453063836760796e-01	8.023630427978592494e-02	3.488021088122360974e-02	8.744164170029515570e-02
