1.001418434226643626e+03	2.797754744643003444e-01	1.807683235590949733e-01	2.349663977261075010e-01	1.408420443021811130e-01	6.813832984796280856e-02	2.668787742593255879e-02	6.882155267422190859e-02
1.003837319333471214e+03	2.793494171730690478e-01	1.804934233753401340e-01	2.352688228590160413e-01	1.410180873217270203e-01	6.821225512780793032e-02	2.672732461842151214e-02	6.893066952441953554e-02
1.006256204440298802e+03	2.789245692883104422e-01	1.802192903569613258e-01	2.355703457158453695e-01	1.411936399984775603e-01	6.828598132328786430e-02	2.676666739072194878e-02	6.903950592619667592e-02
1.008675089547126618e+03	2.785009274007144708e-01	1.799459223321912549e-01	2.358709689057908454e-01	1.413687038551062480e-01	6.835950899050664831e-02	2.680590603505499797e-02	6.914806248043671444e-02
1.011093974653954206e+03	2.780784881106218021e-01	1.796733171354398251e-01	2.361706950307639885e-01	1.415432804077835505e-01	6.843283868392587010e-02	2.684504084281920389e-02	6.925633978844698835e-02
1.013512859760782021e+03	2.776572480279958510e-01	1.794014726072765131e-01	2.364695266854098810e-01	1.417173711662265412e-01	6.850597095636748457e-02	2.688407210459286059e-02	6.936433845193210046e-02
1.015931744867609382e+03	2.772372037723949134e-01	1.791303865944131046e-01	2.367674664571248200e-01	1.418909776337476947e-01	6.857890635901671417e-02	2.692300011013632616e-02	6.947205907296769012e-02
1.018350629974437197e+03	2.768183519729439657e-01	1.788600569496861248e-01	2.370645169260739149e-01	1.420641013073032644e-01	6.865164544142515757e-02	2.696182514839433678e-02	6.957950225397455113e-02
1.020769515081264785e+03	2.764006892683067429e-01	1.785904815320395744e-01	2.373606806652086565e-01	1.422367436775409111e-01	6.872418875151406481e-02	2.700054750749831048e-02	6.968666859769302724e-02
1.023188400188092373e+03	2.759842123066582054e-01	1.783216582065076383e-01	2.376559602402845139e-01	1.424089062288466101e-01	6.879653683557782062e-02	2.703916747476865085e-02	6.979355870715779619e-02
1.025607285294920075e+03	2.755689177456566719e-01	1.780535848441974489e-01	2.379503582098784764e-01	1.425805904393912249e-01	6.886869023828751102e-02	2.707768533671702990e-02	6.990017318567294524e-02
1.028026170401747549e+03	2.751548022524161197e-01	1.777862593222717114e-01	2.382438771254065946e-01	1.427517977811761374e-01	6.894064950269464254e-02	2.711610137904868489e-02	7.000651263678744907e-02
1.030445055508575479e+03	2.747418625034786510e-01	1.775196795239316616e-01	2.385365195311416608e-01	1.429225297200786282e-01	6.901241517023508354e-02	2.715441588666469078e-02	7.011257766427089755e-02
1.032863940615402726e+03	2.743300951847873481e-01	1.772538433383999967e-01	2.388282879642306122e-01	1.430927877158964800e-01	6.908398778073293611e-02	2.719262914366423617e-02	7.021836887208965372e-02
1.035282825722230655e+03	2.739194969916585176e-01	1.769887486609037497e-01	2.391191849547121273e-01	1.432625732223921089e-01	6.915536787240468553e-02	2.723074143334688543e-02	7.032388686438323377e-02
1.037701710829058356e+03	2.735100646287547677e-01	1.767243933926571919e-01	2.394092130255340567e-01	1.434318876873360016e-01	6.922655598186336356e-02	2.726875303821483729e-02	7.042913224544108952e-02
1.040120595935886058e+03	2.731017948100574744e-01	1.764607754408449580e-01	2.396983746925712144e-01	1.436007325525499589e-01	6.929755264412283677e-02	2.730666423997518341e-02	7.053410561967968229e-02
1.042539481042713533e+03	2.726946842588399700e-01	1.761978927186051425e-01	2.399866724646425586e-01	1.437691092539494508e-01	6.936835839260220571e-02	2.734447531954215665e-02	7.063880759161991763e-02
1.044958366149541234e+03	2.722887297076402868e-01	1.759357431450122577e-01	2.402741088435288719e-01	1.439370192215856104e-01	6.943897375913023196e-02	2.738218655703935842e-02	7.074323876586480209e-02
1.047377251256368709e+03	2.718839278982345120e-01	1.756743246450605533e-01	2.405606863239901916e-01	1.441044638796868116e-01	6.950939927394984841e-02	2.741979823180199990e-02	7.084739974707757182e-02
1.049796136363196410e+03	2.714802755816096980e-01	1.754136351496471680e-01	2.408464073937832683e-01	1.442714446466995259e-01	6.957963546572275282e-02	2.745731062237913647e-02	7.095129113995994607e-02
1.052215021470024112e+03	2.710777695179372726e-01	1.751536725955554208e-01	2.411312745336789964e-01	1.444379629353289840e-01	6.964968286153408461e-02	2.749472400653587070e-02	7.105491354923083869e-02
1.054633906576851814e+03	2.706764064765463385e-01	1.748944349254380470e-01	2.414152902174799276e-01	1.446040201525791158e-01	6.971954198689711557e-02	2.753203866125558674e-02	7.115826757960537485e-02
1.057052791683679516e+03	2.702761832358968608e-01	1.746359200878006002e-01	2.416984569120377291e-01	1.447696176997921025e-01	6.978921336575799605e-02	2.756925486274213952e-02	7.126135383577408833e-02
1.059471676790506763e+03	2.698770965835535773e-01	1.743781260369848263e-01	2.419807770772703925e-01	1.449347569726875395e-01	6.985869752050058445e-02	2.760637288642206824e-02	7.136417292238249332e-02
1.061890561897334692e+03	2.694791433161592420e-01	1.741210507331521218e-01	2.422622531661798861e-01	1.450994393614011002e-01	6.992799497195130443e-02	2.764339300694677870e-02	7.146672544401107274e-02
1.064309447004162394e+03	2.690823202394083680e-01	1.738646921422669911e-01	2.425428876248693077e-01	1.452636662505227549e-01	6.999710623938397436e-02	2.768031549819474982e-02	7.156901200515530803e-02
1.066728332110990095e+03	2.686866241680211931e-01	1.736090482360805598e-01	2.428226828925604541e-01	1.454274390191344357e-01	7.006603184052480338e-02	2.771714063327370553e-02	7.167103321020625029e-02
1.069147217217817570e+03	2.682920519257173120e-01	1.733541169921142822e-01	2.431016414016110294e-01	1.455907590408475616e-01	7.013477229155722081e-02	2.775386868452278666e-02	7.177278966343123012e-02
1.071566102324645271e+03	2.678986003451894748e-01	1.730998963936434265e-01	2.433797655775320479e-01	1.457536276838399258e-01	7.020332810712699712e-02	2.779049992351472625e-02	7.187428196895488675e-02
1.073984987431472746e+03	2.675062662680777748e-01	1.728463844296807550e-01	2.436570578390050146e-01	1.459160463108921391e-01	7.027169980034714269e-02	2.782703462105801800e-02	7.197551073074055783e-02
1.076403872538300675e+03	2.671150465449438904e-01	1.725935790949603144e-01	2.439335205978994392e-01	1.460780162794238779e-01	7.033988788280297333e-02	2.786347304719906381e-02	7.207647655257183594e-02
1.078822757645127922e+03	2.667249380352448851e-01	1.723414783899211156e-01	2.442091562592899612e-01	1.462395389415295233e-01	7.040789286455709228e-02	2.789981547122432834e-02	7.217718003803443028e-02
1.081241642751955851e+03	2.663359376073077267e-01	1.720900803206910634e-01	2.444839672214736692e-01	1.464006156440134654e-01	7.047571525415449734e-02	2.793606216166248657e-02	7.227762179049844471e-02
1.083660527858783553e+03	2.659480421383034754e-01	1.718393828990705530e-01	2.447579558759873097e-01	1.465612477284251591e-01	7.054335555862760454e-02	2.797221338628655754e-02	7.237780241310068363e-02
1.086079412965611255e+03	2.655612485142217483e-01	1.715893841425166488e-01	2.450311246076244676e-01	1.467214365310935686e-01	7.061081428350134137e-02	2.800826941211603804e-02	7.247772250872744348e-02
1.088498298072438729e+03	2.651755536298453508e-01	1.713400820741269315e-01	2.453034757944528854e-01	1.468811833831614178e-01	7.067809193279817048e-02	2.804423050541903981e-02	7.257738267999744308e-02
1.090917183179266431e+03	2.647909543887245754e-01	1.710914747226233712e-01	2.455750118078315059e-01	1.470404896106190240e-01	7.074518900904326613e-02	2.808009693171438503e-02	7.267678352924508700e-02
1.093336068286093905e+03	2.644074477031521098e-01	1.708435601223364519e-01	2.458457350124277629e-01	1.471993565343377164e-01	7.081210601326952403e-02	2.811586895577375053e-02	7.277592565850390938e-02
1.095754953392921607e+03	2.640250304941375581e-01	1.705963363131891841e-01	2.461156477662345965e-01	1.473577854701029755e-01	7.087884344502269618e-02	2.815154684162375631e-02	7.287480966949042016e-02
1.098173838499749309e+03	2.636436996913824049e-01	1.703498013406813949e-01	2.463847524205877160e-01	1.475157777286471850e-01	7.094540180236640070e-02	2.818713085254806461e-02	7.297343616358800689e-02
1.100592723606577010e+03	2.632634522332550353e-01	1.701039532558736300e-01	2.466530513201825314e-01	1.476733346156819671e-01	7.101178158188731215e-02	2.822262125108949624e-02	7.307180574183125277e-02
1.103011608713404712e+03	2.628842850667653108e-01	1.698587901153715274e-01	2.469205468030913342e-01	1.478304574319303510e-01	7.107798327870017141e-02	2.825801829905209492e-02	7.316991900489044909e-02
1.105430493820231959e+03	2.625061951475399780e-01	1.696143099813100519e-01	2.471872412007803665e-01	1.479871474731584424e-01	7.114400738645285105e-02	2.829332225750323671e-02	7.326777655305632964e-02
1.107849378927059888e+03	2.621291794397976882e-01	1.693705109213377025e-01	2.474531368381267249e-01	1.481434060302068145e-01	7.120985439733151789e-02	2.832853338677568042e-02	7.336537898622509657e-02
1.110268264033887590e+03	2.617532349163242955e-01	1.691273910086009691e-01	2.477182360334355404e-01	1.482992343890215947e-01	7.127552480206554575e-02	2.836365194646967361e-02	7.346272690388358506e-02
1.112687149140715292e+03	2.613783585584480429e-01	1.688849483217285952e-01	2.479825410984568546e-01	1.484546338306852731e-01	7.134101908993271957e-02	2.839867819545498218e-02	7.355982090509480265e-02
1.115106034247542766e+03	2.610045473560148599e-01	1.686431809448160346e-01	2.482460543384025775e-01	1.486096056314470393e-01	7.140633774876418982e-02	2.843361239187298245e-02	7.365666158848364897e-02
1.117524919354370468e+03	2.606317983073639377e-01	1.684020869674100196e-01	2.485087780519634193e-01	1.487641510627529806e-01	7.147148126494949627e-02	2.846845479313868388e-02	7.375324955222280210e-02
1.119943804461197942e+03	2.602601084193033598e-01	1.681616644844929065e-01	2.487707145313259038e-01	1.489182713912758083e-01	7.153645012344168885e-02	2.850320565594280375e-02	7.384958539401891009e-02
1.122362689568025871e+03	2.598894747070853994e-01	1.679219115964673270e-01	2.490318660621891611e-01	1.490719678789445002e-01	7.160124480776219880e-02	2.853786523625380378e-02	7.394566971109896303e-02
1.124781574674853118e+03	2.595198941943824833e-01	1.676828264091408394e-01	2.492922349237818302e-01	1.492252417829733890e-01	7.166586580000593176e-02	2.857243378931990929e-02	7.404150310019699810e-02
1.127200459781681047e+03	2.591513639132628777e-01	1.674444070337103574e-01	2.495518233888788517e-01	1.493780943558911389e-01	7.173031358084622222e-02	2.860691156967117010e-02	7.413708615754077691e-02
1.129619344888508749e+03	2.587838809041664301e-01	1.672066515867470793e-01	2.498106337238183983e-01	1.495305268455693615e-01	7.179458862953978782e-02	2.864129883112145197e-02	7.423241947883900405e-02
1.132038229995336451e+03	2.584174422158804219e-01	1.669695581901810555e-01	2.500686681885185281e-01	1.496825404952509264e-01	7.185869142393166986e-02	2.867559582677048705e-02	7.432750365926847624e-02
1.134457115102163925e+03	2.580520449055158094e-01	1.667331249712860342e-01	2.503259290364939771e-01	1.498341365435780781e-01	7.192262244046021546e-02	2.870980280900585838e-02	7.442233929346163401e-02
1.136876000208991627e+03	2.576876860384830215e-01	1.664973500626641678e-01	2.505824185148730066e-01	1.499853162246201077e-01	7.198638215416197639e-02	2.874392002950502956e-02	7.451692697549422428e-02
1.139294885315819101e+03	2.573243626884683666e-01	1.662622316022310254e-01	2.508381388644140841e-01	1.501360807679009979e-01	7.204997103867655239e-02	2.877794773923733965e-02	7.461126729887321285e-02
1.141713770422646803e+03	2.569620719374099416e-01	1.660277677332003265e-01	2.510930923195224262e-01	1.502864313984265121e-01	7.211338956625157337e-02	2.881188618846599464e-02	7.470536085652483560e-02
1.144132655529474505e+03	2.566008108754740946e-01	1.657939566040690094e-01	2.513472811082667624e-01	1.504363693367112564e-01	7.217663820774748717e-02	2.884573562675005892e-02	7.479920824078298280e-02
1.146551540636302207e+03	2.562405766010317221e-01	1.655607963686020478e-01	2.516007074523960441e-01	1.505858957988052971e-01	7.223971743264241685e-02	2.887949630294644326e-02	7.489281004337762504e-02
1.148970425743129908e+03	2.558813662206347317e-01	1.653282851858176861e-01	2.518533735673560425e-01	1.507350119963206392e-01	7.230262770903704561e-02	2.891316846521188588e-02	7.498616685542358606e-02
1.151389310849957155e+03	2.555231768489925059e-01	1.650964212199723113e-01	2.521052816623057247e-01	1.508837191364574004e-01	7.236536950365936305e-02	2.894675236100491614e-02	7.507927926740935731e-02
1.153808195956785084e+03	2.551660056089486428e-01	1.648652026405456328e-01	2.523564339401340728e-01	1.510320184220297068e-01	7.242794328186949460e-02	2.898024823708783559e-02	7.517214786918625935e-02
1.156227081063612786e+03	2.548098496314573080e-01	1.646346276222259153e-01	2.526068325974764606e-01	1.511799110514913391e-01	7.249034950766446161e-02	2.901365633952866438e-02	7.526477324995761720e-02
1.158645966170440488e+03	2.544547060555601981e-01	1.644046943448949638e-01	2.528564798247310841e-01	1.513273982189612399e-01	7.255258864368291372e-02	2.904697691370311183e-02	7.535715599826833810e-02
1.161064851277267962e+03	2.541005720283632252e-01	1.641754009936135239e-01	2.531053778060756709e-01	1.514744811142486602e-01	7.261466115120984721e-02	2.908021020429651937e-02	7.544929670199446159e-02
1.163483736384095664e+03	2.537474447050134807e-01	1.639467457586064880e-01	2.533535287194836338e-01	1.516211609228780288e-01	7.267656749018140683e-02	2.911335645530580343e-02	7.554119594833302864e-02
1.165902621490923138e+03	2.533953212486761419e-01	1.637187268352482405e-01	2.536009347367408906e-01	1.517674388261136820e-01	7.273830811918949313e-02	2.914641591004140525e-02	7.563285432379210360e-02
1.168321506597751068e+03	2.530441988305113798e-01	1.634913424240479474e-01	2.538475980234617957e-01	1.519133160009843719e-01	7.279988349548642546e-02	2.917938881112921989e-02	7.572427241418089316e-02
1.170740391704578315e+03	2.526940746296514884e-01	1.632645907306349842e-01	2.540935207391058492e-01	1.520587936203074420e-01	7.286129407498966037e-02	2.921227540051251834e-02	7.581545080460012909e-02
1.173159276811406244e+03	2.523449458331781248e-01	1.630384699657444203e-01	2.543387050369937952e-01	1.522038728527128626e-01	7.292254031228634359e-02	2.924507591945387300e-02	7.590639007943265903e-02
1.175578161918233945e+03	2.519968096360996057e-01	1.628129783452023915e-01	2.545831530643240526e-01	1.523485548626669350e-01	7.298362266063797288e-02	2.927779060853709023e-02	7.599709082233407909e-02
1.177997047025061647e+03	2.516496632413279255e-01	1.625881140899116950e-01	2.548268669621889249e-01	1.524928408104958832e-01	7.304454157198499165e-02	2.931041970766910115e-02	7.608755361622361602e-02
1.180415932131889122e+03	2.513035038596562742e-01	1.623638754258373285e-01	2.550698488655909202e-01	1.526367318524092520e-01	7.310529749695128532e-02	2.934296345608188028e-02	7.617777904327519001e-02
1.182834817238716823e+03	2.509583287097365556e-01	1.621402605839921129e-01	2.553121009034589606e-01	1.527802291405228607e-01	7.316589088484880266e-02	2.937542209233434329e-02	7.626776768490853287e-02
1.185253702345544298e+03	2.506141350180568494e-01	1.619172678004222043e-01	2.555536251986644247e-01	1.529233338228818129e-01	7.322632218368205215e-02	2.940779585431424828e-02	7.635752012178063930e-02
1.187672587452371999e+03	2.502709200189187078e-01	1.616948953161929381e-01	2.557944238680374682e-01	1.530660470434831721e-01	7.328659184015258454e-02	2.944008497924007622e-02	7.644703693377725984e-02
1.190091472559199701e+03	2.499286809544153110e-01	1.614731413773745072e-01	2.560344990223831219e-01	1.532083699422983059e-01	7.334670029966353089e-02	2.947228970366291834e-02	7.653631870000451864e-02
1.192510357666027403e+03	2.495874150744087083e-01	1.612520042350275573e-01	2.562738527664973898e-01	1.533503036552953391e-01	7.340664800632401565e-02	2.950441026346836693e-02	7.662536599878085053e-02
1.194929242772855105e+03	2.492471196365079189e-01	1.610314821451892531e-01	2.565124871991831812e-01	1.534918493144610541e-01	7.346643540295358377e-02	2.953644689387837502e-02	7.671417940762886856e-02
1.197348127879682352e+03	2.489077919060466437e-01	1.608115733688589288e-01	2.567504044132666308e-01	1.536330080478227611e-01	7.352606293108666924e-02	2.956839982945313680e-02	7.680275950326757861e-02
1.199767012986510281e+03	2.485694291560610891e-01	1.605922761719839886e-01	2.569876064956127526e-01	1.537737809794700317e-01	7.358553103097698056e-02	2.960026930409293683e-02	7.689110686160464947e-02
1.202185898093337983e+03	2.482320286672681509e-01	1.603735888254458342e-01	2.572240955271416496e-01	1.539141692295761255e-01	7.364484014160183056e-02	2.963205555104003047e-02	7.697922205772879389e-02
1.204604783200165684e+03	2.478955877280434039e-01	1.601555096050459315e-01	2.574598735828445006e-01	1.540541739144191402e-01	7.370399070066659120e-02	2.966375880288047232e-02	7.706710566590241340e-02
1.207023668306993159e+03	2.475601036343990646e-01	1.599380367914916279e-01	2.576949427317993258e-01	1.541937961464033002e-01	7.376298314460894012e-02	2.969537929154598271e-02	7.715475825955425693e-02
1.209442553413820860e+03	2.472255736899624246e-01	1.597211686703823019e-01	2.579293050371869178e-01	1.543330370340795232e-01	7.382181790860320447e-02	2.972691724831577273e-02	7.724218041127234313e-02
1.211861438520648335e+03	2.468919952059538958e-01	1.595049035321954300e-01	2.581629625563067743e-01	1.544718976821664036e-01	7.388049542656464908e-02	2.975837290381840375e-02	7.732937269279689663e-02
1.214280323627476264e+03	2.465593655011654450e-01	1.592892396722726811e-01	2.583959173405929177e-01	1.546103791915705017e-01	7.393901613115380633e-02	2.978974648803359854e-02	7.741633567501354785e-02
1.216699208734303511e+03	2.462276819019389440e-01	1.590741753908060663e-01	2.586281714356294947e-01	1.547484826594067997e-01	7.399738045378062568e-02	2.982103823029408005e-02	7.750306992794651906e-02
1.219118093841131440e+03	2.458969417421446590e-01	1.588597089928240336e-01	2.588597268811668184e-01	1.548862091790187689e-01	7.405558882460881731e-02	2.985224835928738246e-02	7.758957602075211568e-02
1.221536978947959142e+03	2.455671423631596850e-01	1.586458387881779508e-01	2.590905857111369115e-01	1.550235598399982706e-01	7.411364167255996005e-02	2.988337710305768655e-02	7.767585452171220373e-02
1.223955864054786844e+03	2.452382811138466012e-01	1.584325630915281446e-01	2.593207499536691607e-01	1.551605357282054565e-01	7.417153942531777566e-02	2.991442468900760640e-02	7.776190599822793703e-02
1.226374749161614318e+03	2.449103553505320996e-01	1.582198802223303002e-01	2.595502216311063592e-01	1.552971379257882534e-01	7.422928250933227834e-02	2.994539134390001439e-02	7.784773101681345675e-02
1.228793634268442020e+03	2.445833624369856685e-01	1.580077885048218056e-01	2.597790027600197504e-01	1.554333675112018753e-01	7.428687134982389639e-02	2.997627729385983833e-02	7.793333014308995166e-02
1.231212519375269494e+03	2.442572997443983873e-01	1.577962862680080958e-01	2.600070953512251815e-01	1.555692255592280304e-01	7.434430637078763560e-02	3.000708276437584823e-02	7.801870394177959356e-02
1.233631404482097196e+03	2.439321646513617492e-01	1.575853718456491914e-01	2.602345014097984244e-01	1.557047131409940166e-01	7.440158799499720088e-02	3.003780798030245003e-02	7.810385297669972249e-02
1.236050289588924898e+03	2.436079545438467053e-01	1.573750435762459599e-01	2.604612229350907748e-01	1.558398313239916233e-01	7.445871664400904866e-02	3.006845316586148273e-02	7.818877781075718458e-02
1.238469174695752372e+03	2.432846668151824043e-01	1.571652998030268200e-01	2.606872619207444286e-01	1.559745811720959496e-01	7.451569273816649464e-02	3.009901854464398438e-02	7.827347900594272545e-02
1.240888059802580301e+03	2.429622988660353200e-01	1.569561388739341701e-01	2.609126203547081913e-01	1.561089637455838897e-01	7.457251669660376614e-02	3.012950433961197882e-02	7.835795712332545293e-02
1.243306944909407548e+03	2.426408481043885179e-01	1.567475591416109815e-01	2.611373002192527437e-01	1.562429801011526731e-01	7.462918893724999891e-02	3.015991077310022778e-02	7.844221272304761905e-02
1.245725830016235477e+03	2.423203119455205334e-01	1.565395589633873930e-01	2.613613034909862409e-01	1.563766312919380175e-01	7.468570987683328943e-02	3.019023806681802452e-02	7.852624636431926319e-02
1.248144715123063179e+03	2.420006878119847216e-01	1.563321367012674157e-01	2.615846321408695219e-01	1.565099183675323358e-01	7.474207993088466395e-02	3.022048644185093211e-02	7.861005860541314672e-02
1.250563600229890881e+03	2.416819731335886345e-01	1.561252907219156105e-01	2.618072881342314306e-01	1.566428423740026665e-01	7.479829951374207531e-02	3.025065611866253890e-02	7.869365000365968754e-02
1.252982485336718355e+03	2.413641653473732607e-01	1.559190193966437932e-01	2.620292734307844151e-01	1.567754043539084097e-01	7.485436903855438584e-02	3.028074731709622797e-02	7.877702111544211683e-02
1.255401370443546057e+03	2.410472618975924297e-01	1.557133211013977669e-01	2.622505899846395705e-01	1.569076053463190901e-01	7.491028891728521155e-02	3.031076025637689797e-02	7.886017249619167724e-02
1.257820255550373531e+03	2.407312602356922460e-01	1.555081942167441666e-01	2.624712397443218492e-01	1.570394463868317603e-01	7.496605956071694665e-02	3.034069515511272214e-02	7.894310470038289063e-02
1.260239140657201460e+03	2.404161578202908267e-01	1.553036371278573302e-01	2.626912246527855488e-01	1.571709285075884033e-01	7.502168137845460771e-02	3.037055223129687606e-02	7.902581828152897836e-02
1.262658025764028707e+03	2.401019521171576798e-01	1.550996482245060870e-01	2.629105466474292441e-01	1.573020527372930855e-01	7.507715477892973333e-02	3.040033170230926202e-02	7.910831379217747594e-02
1.265076910870856636e+03	2.397886405991934422e-01	1.548962259010407405e-01	2.631292076601111640e-01	1.574328201012290263e-01	7.513248016940422824e-02	3.043003378491825062e-02	7.919059178390570886e-02
1.267495795977684338e+03	2.394762207464096460e-01	1.546933685563800509e-01	2.633472096171640686e-01	1.575632316212755846e-01	7.518765795597423529e-02	3.045965869528238432e-02	7.927265280731665698e-02
1.269914681084511813e+03	2.391646900459083736e-01	1.544910745939980234e-01	2.635645544394105699e-01	1.576932883159248844e-01	7.524268854357393788e-02	3.048920664895211213e-02	7.935449741203470797e-02
1.272333566191339514e+03	2.388540459918622461e-01	1.542893424219112242e-01	2.637812440421781202e-01	1.578229912002985513e-01	7.529757233597939026e-02	3.051867786087147580e-02	7.943612614670161887e-02
1.274752451298167216e+03	2.385442860854941616e-01	1.540881704526656237e-01	2.639972803353139996e-01	1.579523412861641996e-01	7.535230973581230618e-02	3.054807254537984795e-02	7.951753955897249149e-02
1.277171336404994690e+03	2.382354078350574500e-01	1.538875571033237744e-01	2.642126652232003048e-01	1.580813395819517797e-01	7.540690114454380588e-02	3.057739091621360095e-02	7.959873819551191443e-02
1.279590221511822392e+03	2.379274087558157225e-01	1.536875007954518757e-01	2.644274006047691028e-01	1.582099870927697050e-01	7.546134696249820473e-02	3.060663318650782075e-02	7.967972260199021606e-02
1.282009106618650094e+03	2.376202863700230539e-01	1.534879999551070906e-01	2.646414883735170309e-01	1.583382848204210602e-01	7.551564758885674633e-02	3.063579956879799657e-02	7.976049332307973139e-02
1.284427991725477568e+03	2.373140382069040266e-01	1.532890530128246109e-01	2.648549304175204511e-01	1.584662337634194784e-01	7.556980342166128017e-02	3.066489027502171047e-02	7.984105090245119385e-02
1.286846876832305497e+03	2.370086618026340519e-01	1.530906584036049178e-01	2.650677286194502158e-01	1.585938349170049610e-01	7.562381485781806412e-02	3.069390551652031313e-02	7.992139588277023809e-02
1.289265761939132744e+03	2.367041547003195523e-01	1.528928145669011529e-01	2.652798848565865453e-01	1.587210892731596434e-01	7.567768229310131711e-02	3.072284550404059955e-02	8.000152880569397218e-02
1.291684647045960673e+03	2.364005144499782829e-01	1.526955199466062951e-01	2.654914010008337932e-01	1.588479978206232546e-01	7.573140612215702172e-02	3.075171044773649179e-02	8.008145021186764689e-02
1.294103532152788375e+03	2.360977386085197083e-01	1.524987729910406431e-01	2.657022789187352685e-01	1.589745615449085769e-01	7.578498673850644907e-02	3.078050055717069730e-02	8.016116064092142224e-02
1.296522417259616077e+03	2.357958247397255180e-01	1.523025721529391030e-01	2.659125204714878898e-01	1.591007814283167954e-01	7.583842453454991972e-02	3.080921604131637778e-02	8.024066063146718941e-02
1.298941302366443551e+03	2.354947704142299203e-01	1.521069158894386153e-01	2.661221275149569521e-01	1.592266584499527071e-01	7.589171990157031478e-02	3.083785710855880408e-02	8.031995072109550382e-02
1.301360187473271253e+03	2.351945732095004626e-01	1.519118026620657480e-01	2.663311018996906143e-01	1.593521935857396266e-01	7.594487322973673959e-02	3.086642396669701111e-02	8.039903144637258747e-02
1.303779072580098727e+03	2.348952307098183812e-01	1.517172309367239569e-01	2.665394454709349437e-01	1.594773878084345398e-01	7.599788490810810426e-02	3.089491682294544586e-02	8.047790334283740077e-02
1.306197957686926657e+03	2.345967405062594768e-01	1.515231991836813452e-01	2.667471600686480149e-01	1.596022420876427594e-01	7.605075532463666244e-02	3.092333588393561539e-02	8.055656694499888082e-02
1.308616842793753904e+03	2.342991001966746867e-01	1.513297058775580350e-01	2.669542475275149540e-01	1.597267573898327186e-01	7.610348486617159181e-02	3.095168135571771742e-02	8.063502278633305487e-02
1.311035727900581833e+03	2.340023073856709324e-01	1.511367494973138714e-01	2.671607096769620937e-01	1.598509346783504870e-01	7.615607391846251906e-02	3.097995344376228491e-02	8.071327139928051453e-02
1.313454613007409534e+03	2.337063596845920244e-01	1.509443285262360435e-01	2.673665483411716837e-01	1.599747749134343422e-01	7.620852286616307258e-02	3.100815235296181666e-02	8.079131331524373738e-02
1.315873498114237009e+03	2.334112547114993996e-01	1.507524414519267608e-01	2.675717653390963235e-01	1.600982790522289811e-01	7.626083209283432418e-02	3.103627828763239754e-02	8.086914906458460284e-02
1.318292383221064711e+03	2.331169900911531923e-01	1.505610867662908747e-01	2.677763624844731738e-01	1.602214480487999249e-01	7.631300198094831400e-02	3.106433145151531530e-02	8.094677917662190803e-02
1.320711268327892412e+03	2.328235634549932487e-01	1.503702629655237211e-01	2.679803415858389437e-01	1.603442828541475351e-01	7.636503291189156162e-02	3.109231204777869462e-02	8.102420417962906407e-02
1.323130153434719887e+03	2.325309724411201429e-01	1.501799685500988801e-01	2.681837044465435471e-01	1.604667844162209756e-01	7.641692526596842450e-02	3.112022027901908960e-02	8.110142460083173688e-02
1.325549038541547588e+03	2.322392146942762192e-01	1.499902020247559364e-01	2.683864528647648684e-01	1.605889536799323392e-01	7.646867942240467841e-02	3.114805634726310057e-02	8.117844096640566831e-02
1.327967923648375290e+03	2.319482878658269687e-01	1.498009618984882385e-01	2.685885886335230843e-01	1.607107915871702764e-01	7.652029575935079264e-02	3.117582045396897691e-02	8.125525380147449739e-02
1.330386808755202765e+03	2.316581896137421270e-01	1.496122466845309917e-01	2.687901135406946529e-01	1.608322990768136784e-01	7.657177465388545490e-02	3.120351280002821651e-02	8.133186363010767861e-02
1.332805693862030694e+03	2.313689176025769401e-01	1.494240549003490459e-01	2.689910293690269127e-01	1.609534770847453611e-01	7.662311648201894365e-02	3.123113358576715126e-02	8.140827097531848355e-02
1.335224578968857941e+03	2.310804695034535949e-01	1.492363850676247383e-01	2.691913378961519610e-01	1.610743265438654703e-01	7.667432161869645879e-02	3.125868301094855001e-02	8.148447635906204412e-02
1.337643464075685870e+03	2.307928429940426240e-01	1.490492357122460976e-01	2.693910408946009194e-01	1.611948483841049717e-01	7.672539043780154944e-02	3.128616127477319014e-02	8.156048030223349288e-02
1.340062349182513572e+03	2.305060357585442254e-01	1.488626053642946312e-01	2.695901401318182566e-01	1.613150435324387233e-01	7.677632331215944461e-02	3.131356857588144665e-02	8.163628332466614512e-02
1.342481234289341273e+03	2.302200454876698610e-01	1.486764925580335295e-01	2.697886373701757212e-01	1.614349129128988813e-01	7.682712061354038391e-02	3.134090511235486376e-02	8.171188594512970860e-02
1.344900119396168748e+03	2.299348698786239098e-01	1.484908958318957028e-01	2.699865343669862749e-01	1.615544574465878347e-01	7.687778271266294816e-02	3.136817108171773005e-02	8.178728868132865981e-02
1.347319004502996449e+03	2.296505066350850721e-01	1.483058137284718192e-01	2.701838328745184148e-01	1.616736780516911942e-01	7.692830997919734848e-02	3.139536668093863975e-02	8.186249204990057871e-02
1.349737889609823924e+03	2.293669534671882448e-01	1.481212447944986188e-01	2.703805346400099952e-01	1.617925756434907270e-01	7.697870278176877079e-02	3.142249210643206087e-02	8.193749656641464985e-02
1.352156774716651853e+03	2.290842080915061196e-01	1.479371875808469239e-01	2.705766414056823832e-01	1.619111511343770404e-01	7.702896148796059550e-02	3.144954755405988955e-02	8.201230274537010811e-02
1.354575659823479100e+03	2.288022682310310030e-01	1.477536406425099536e-01	2.707721549087542257e-01	1.620294054338623779e-01	7.707908646431767263e-02	3.147653321913300439e-02	8.208691110019482318e-02
1.356994544930307029e+03	2.285211316151566641e-01	1.475706025385914999e-01	2.709670768814553266e-01	1.621473394485931363e-01	7.712907807634963864e-02	3.150344929641282071e-02	8.216132214324392558e-02
1.359413430037134731e+03	2.282407959796602381e-01	1.473880718322942429e-01	2.711614090510407471e-01	1.622649540823624115e-01	7.717893668853406663e-02	3.153029598011282408e-02	8.223553638579850222e-02
1.361832315143962205e+03	2.279612590666841021e-01	1.472060470909082042e-01	2.713551531398042393e-01	1.623822502361223219e-01	7.722866266431975546e-02	3.155707346390011769e-02	8.230955433806430577e-02
1.364251200250789907e+03	2.276825186247178057e-01	1.470245268857988674e-01	2.715483108650925126e-01	1.624992288079963876e-01	7.727825636612989380e-02	3.158378194089696972e-02	8.238337650917060273e-02
1.366670085357617609e+03	2.274045724085803355e-01	1.468435097923956323e-01	2.717408839393188336e-01	1.626158906932916870e-01	7.732771815536527982e-02	3.161042160368233295e-02	8.245700340716899390e-02
1.369088970464445310e+03	2.271274181794020464e-01	1.466629943901802957e-01	2.719328740699765157e-01	1.627322367845111251e-01	7.737704839240748533e-02	3.163699264429337132e-02	8.253043553903231799e-02
1.371507855571272785e+03	2.268510537046068143e-01	1.464829792626754223e-01	2.721242829596530188e-01	1.628482679713652570e-01	7.742624743662207543e-02	3.166349525422696570e-02	8.260367341065359692e-02
1.373926740678100487e+03	2.265754767578943007e-01	1.463034629974329093e-01	2.723151123060433831e-01	1.629639851407844731e-01	7.747531564636170320e-02	3.168992962444128897e-02	8.267671752684514763e-02
1.376345625784927961e+03	2.263006851192221613e-01	1.461244441860224119e-01	2.725053638019639402e-01	1.630793891769306281e-01	7.752425337896927393e-02	3.171629594535725627e-02	8.274956839133754127e-02
1.378764510891755890e+03	2.260266765747884488e-01	1.459459214240199643e-01	2.726950391353658021e-01	1.631944809612090319e-01	7.757306099078108141e-02	3.174259440686007933e-02	8.282222650677879827e-02
1.381183395998583137e+03	2.257534489170137937e-01	1.457678933109964603e-01	2.728841399893487396e-01	1.633092613722800512e-01	7.762173883712993050e-02	3.176882519830075136e-02	8.289469237473355567e-02
1.383602281105411066e+03	2.254809999445239466e-01	1.455903584505063297e-01	2.730726680421742825e-01	1.634237312860706837e-01	7.767028727234823182e-02	3.179498850849755281e-02	8.296696649568223447e-02
1.386021166212238768e+03	2.252093274621322083e-01	1.454133154500762415e-01	2.732606249672797638e-01	1.635378915757861318e-01	7.771870664977108267e-02	3.182108452573753632e-02	8.303904936902038736e-02
1.388440051319066470e+03	2.249384292808219443e-01	1.452367629211935851e-01	2.734480124332911433e-01	1.636517431119212662e-01	7.776699732173934787e-02	3.184711343777806708e-02	8.311094149305797707e-02
1.390858936425893944e+03	2.246683032177291539e-01	1.450606994792953963e-01	2.736348321040371068e-01	1.637652867622718944e-01	7.781515963960275450e-02	3.187307543184826619e-02	8.318264336501879352e-02
1.393277821532721646e+03	2.243989470961250676e-01	1.448851237437569495e-01	2.738210856385620007e-01	1.638785233919461681e-01	7.786319395372287566e-02	3.189897069465049556e-02	8.325415548103981545e-02
1.395696706639549120e+03	2.241303587453988000e-01	1.447100343378806553e-01	2.740067746911393765e-01	1.639914538633756858e-01	7.791110061347625293e-02	3.192479941236186364e-02	8.332547833617075239e-02
1.398115591746377049e+03	2.238625360010400855e-01	1.445354298888846534e-01	2.741919009112854799e-01	1.641040790363266777e-01	7.795887996725735236e-02	3.195056177063568953e-02	8.339661242437346189e-02
1.400534476853204296e+03	2.235954767046220981e-01	1.443613090278918765e-01	2.743764659437722409e-01	1.642163997679109699e-01	7.800653236248167310e-02	3.197625795460297404e-02	8.346755823852161638e-02
1.402953361960032225e+03	2.233291787037841869e-01	1.441876703899187540e-01	2.745604714286407622e-01	1.643284169125970307e-01	7.805405814558859234e-02	3.200188814887387073e-02	8.353831627040020358e-02
1.405372247066859927e+03	2.230636398522147512e-01	1.440145126138642762e-01	2.747439190012145316e-01	1.644401313222209060e-01	7.810145766204452944e-02	3.202745253753914306e-02	8.360888701070526285e-02
1.407791132173687402e+03	2.227988580096341986e-01	1.438418343424986978e-01	2.749268102921126888e-01	1.645515438459968505e-01	7.814873125634580475e-02	3.205295130417163546e-02	8.367927094904355212e-02
1.410210017280515103e+03	2.225348310417778752e-01	1.436696342224526579e-01	2.751091469272630707e-01	1.646626553305281793e-01	7.819587927202166500e-02	3.207838463182772354e-02	8.374946857393222865e-02
1.412628902387342805e+03	2.222715568203790792e-01	1.434979109042062162e-01	2.752909305279154228e-01	1.647734666198180098e-01	7.824290205163721146e-02	3.210375270304877821e-02	8.381948037279871033e-02
1.415047787494170507e+03	2.220090332231522412e-01	1.433266630420776955e-01	2.754721627106544446e-01	1.648839785552796977e-01	7.828979993679632821e-02	3.212905569986258814e-02	8.388930683198042582e-02
1.417466672600997981e+03	2.217472581337758264e-01	1.431558892942128569e-01	2.756528450874130565e-01	1.649941919757474396e-01	7.833657326814469357e-02	3.215429380378482388e-02	8.395894843672470353e-02
1.419885557707825683e+03	2.214862294418756816e-01	1.429855883225739921e-01	2.758329792654852786e-01	1.651041077174867366e-01	7.838322238537258346e-02	3.217946719582046033e-02	8.402840567118870230e-02
1.422304442814653157e+03	2.212259450430081320e-01	1.428157587929289596e-01	2.760125668475392202e-01	1.652137266142047478e-01	7.842974762721782733e-02	3.220457605646523391e-02	8.409767901843928639e-02
1.424723327921481086e+03	2.209664028386432999e-01	1.426463993748404435e-01	2.761916094316302916e-01	1.653230494970605313e-01	7.847614933146876415e-02	3.222962056570705808e-02	8.416676896045303946e-02
1.427142213028308333e+03	2.207076007361484515e-01	1.424775087416550456e-01	2.763701086112138050e-01	1.654320771946753699e-01	7.852242783496701795e-02	3.225460090302744581e-02	8.423567597811630614e-02
1.429561098135136262e+03	2.204495366487712327e-01	1.423090855704924884e-01	2.765480659751582415e-01	1.655408105331428736e-01	7.856858347361045380e-02	3.227951724740295292e-02	8.430440055122519205e-02
1.431979983241963964e+03	2.201922084956232373e-01	1.421411285422349846e-01	2.767254831077577970e-01	1.656492503360391388e-01	7.861461658235602279e-02	3.230436977730659354e-02	8.437294315848570259e-02
1.434398868348791666e+03	2.199356142016633264e-01	1.419736363415162739e-01	2.769023615887455381e-01	1.657573974244327120e-01	7.866052749522256526e-02	3.232915867070923488e-02	8.444130427751385393e-02
1.436817753455619140e+03	2.196797516976811693e-01	1.418066076567111589e-01	2.770787029933060586e-01	1.658652526168946373e-01	7.870631654529366972e-02	3.235388410508103357e-02	8.450948438483582570e-02
1.439236638562446842e+03	2.194246189202808395e-01	1.416400411799246806e-01	2.772545088920882472e-01	1.659728167295082546e-01	7.875198406472055934e-02	3.237854625739281650e-02	8.457748395588821078e-02
1.441655523669274316e+03	2.191702138118643561e-01	1.414739356069815435e-01	2.774297808512181107e-01	1.660800905758790802e-01	7.879753038472483984e-02	3.240314530411750327e-02	8.464530346501815405e-02
1.444074408776102018e+03	2.189165343206154191e-01	1.413082896374155406e-01	2.776045204323114857e-01	1.661870749671445768e-01	7.884295583560131659e-02	3.242768142123152175e-02	8.471294338548376879e-02
1.446493293882929493e+03	2.186635784004829497e-01	1.411431019744589233e-01	2.777787291924866953e-01	1.662937707119838127e-01	7.888826074672082578e-02	3.245215478421616812e-02	8.478040418945428924e-02
1.448912178989757422e+03	2.184113440111649651e-01	1.409783713250317982e-01	2.779524086843772057e-01	1.664001786166272034e-01	7.893344544653295436e-02	3.247656556805900152e-02	8.484768634801051479e-02
1.451331064096585123e+03	2.181598291180923410e-01	1.408140963997317474e-01	2.781255604561443384e-01	1.665062994848659772e-01	7.897851026256889895e-02	3.250091394725525967e-02	8.491479033114511521e-02
1.453749949203412370e+03	2.179090316924125470e-01	1.406502759128232249e-01	2.782981860514897599e-01	1.666121341180617221e-01	7.902345552144415808e-02	3.252520009580922578e-02	8.498171660776307479e-02
1.456168834310240300e+03	2.176589497109737148e-01	1.404869085822271491e-01	2.784702870096679717e-01	1.667176833151558513e-01	7.906828154886128002e-02	3.254942418723561631e-02	8.504846564568213640e-02
1.458587719417068001e+03	2.174095811563083736e-01	1.403239931295104659e-01	2.786418648654991337e-01	1.668229478726789838e-01	7.911298866961266607e-02	3.257358639456092719e-02	8.511503791163321786e-02
1.461006604523895703e+03	2.171609240166175181e-01	1.401615282798757967e-01	2.788129211493811654e-01	1.669279285847602712e-01	7.915757720758323512e-02	3.259768689032485622e-02	8.518143387126093924e-02
1.463425489630723177e+03	2.169129762857546495e-01	1.399995127621509183e-01	2.789834573873025136e-01	1.670326262431367226e-01	7.920204748575321307e-02	3.262172584658162150e-02	8.524765398912416414e-02
1.465844374737550879e+03	2.166657359632098157e-01	1.398379453087786051e-01	2.791534751008544757e-01	1.671370416371623091e-01	7.924639982620075573e-02	3.264570343490135612e-02	8.531369872869651316e-02
1.468263259844378354e+03	2.164192010540936795e-01	1.396768246558062754e-01	2.793229758072436342e-01	1.672411755538171230e-01	7.929063455010471051e-02	3.266961982637146822e-02	8.537956855236700227e-02
1.470682144951206283e+03	2.161733695691217816e-01	1.395161495428755560e-01	2.794919610193039028e-01	1.673450287777166479e-01	7.933475197774732257e-02	3.269347519159798016e-02	8.544526392144062565e-02
1.473101030058033530e+03	2.159282395245986363e-01	1.393559187132122623e-01	2.796604322455095715e-01	1.674486020911205852e-01	7.937875242851685775e-02	3.271726970070690244e-02	8.551078529613900803e-02
1.475519915164861459e+03	2.156838089424019944e-01	1.391961309136159619e-01	2.798283909899869637e-01	1.675518962739419582e-01	7.942263622091026709e-02	3.274100352334555902e-02	8.557613313560107071e-02
1.477938800271689161e+03	2.154400758499672441e-01	1.390367848944499551e-01	2.799958387525270376e-01	1.676549121037559376e-01	7.946640367253592074e-02	3.276467682868394737e-02	8.564130789788376719e-02
1.480357685378516862e+03	2.151970382802716464e-01	1.388778794096310054e-01	2.801627770285973762e-01	1.677576503558088350e-01	7.951005510011618926e-02	3.278828978541609152e-02	8.570631003996273534e-02
1.482776570485344337e+03	2.149546942718187359e-01	1.387194132166192362e-01	2.803292073093545667e-01	1.678601118030267902e-01	7.955359081949009425e-02	3.281184256176134656e-02	8.577114001773311625e-02
