1.001418434226643626e+03	2.797730350302501945e-01	1.807731961006064925e-01	2.349550388811832147e-01	1.408464333128276458e-01	6.813636144046533727e-02	2.669288363320887481e-02	6.882305160125837262e-02
1.002869765290740247e+03	2.795172696582109984e-01	1.806081582608664304e-01	2.351364495607319860e-01	1.409522098984720972e-01	6.818075778681584320e-02	2.671660650687468844e-02	6.888854832782803639e-02
1.004321096354836754e+03	2.792619401830022108e-01	1.804433968649947206e-01	2.353175344868549401e-01	1.410578100560285209e-01	6.822508257952666910e-02	2.674029166492822990e-02	6.895394416446481989e-02
1.005772427418933376e+03	2.790070458671514153e-01	1.802789114429886042e-01	2.354982942267298263e-01	1.411632341127857515e-01	6.826933593799283662e-02	2.676393917074304865e-02	6.901923924140861144e-02
1.007223758483029997e+03	2.787525859744384160e-01	1.801147015256485684e-01	2.356787293465818500e-01	1.412684823951990132e-01	6.831351798140050668e-02	2.678754908758562703e-02	6.908443368894610914e-02
1.008675089547126618e+03	2.784985597698930171e-01	1.799507666445771259e-01	2.358588404116847559e-01	1.413735552288937491e-01	6.835762882872710444e-02	2.681112147861554676e-02	6.914952763740880859e-02
1.010126420611223239e+03	2.782449665197927469e-01	1.797871063321773433e-01	2.360386279863623538e-01	1.414784529386695078e-01	6.840166859874148575e-02	2.683465640688567980e-02	6.921452121717101835e-02
1.011577751675319632e+03	2.779918054916606929e-01	1.796237201216515367e-01	2.362180926339898790e-01	1.415831758485035785e-01	6.844563741000415924e-02	2.685815393534237219e-02	6.927941455864795872e-02
1.013029082739416367e+03	2.777390759542633369e-01	1.794606075469998840e-01	2.363972349169953246e-01	1.416877242815548499e-01	6.848953538086742510e-02	2.688161412682562104e-02	6.934420779229376330e-02
1.014480413803512761e+03	2.774867771776085013e-01	1.792977681430190928e-01	2.365760553968608015e-01	1.417920985601673900e-01	6.853336262947561097e-02	2.690503704406925489e-02	6.940890104859957777e-02
1.015931744867609382e+03	2.772349084329430169e-01	1.791352014453010122e-01	2.367545546341240648e-01	1.418962990058741380e-01	6.857711927376525241e-02	2.692842274970111416e-02	6.947349445809165858e-02
1.017383075931706003e+03	2.769834689927506699e-01	1.789729069902312730e-01	2.369327331883796794e-01	1.420003259394006512e-01	6.862080543146532874e-02	2.695177130624323153e-02	6.953798815132944400e-02
1.018834406995802851e+03	2.767324581307500364e-01	1.788108843149879279e-01	2.371105916182805473e-01	1.421041796806685742e-01	6.866442122009748517e-02	2.697508277611200544e-02	6.960238225890370833e-02
1.020285738059899245e+03	2.764818751218921511e-01	1.786491329575402576e-01	2.372881304815392667e-01	1.422078605487993030e-01	6.870796675697622702e-02	2.699835722161839091e-02	6.966667691143467456e-02
1.021737069123995752e+03	2.762317192423586198e-01	1.784876524566471334e-01	2.374653503349294925e-01	1.423113688621175654e-01	6.875144215920923896e-02	2.702159470496806604e-02	6.973087223957016856e-02
1.023188400188092373e+03	2.759819897695593438e-01	1.783264423518559350e-01	2.376422517342872409e-01	1.424147049381548069e-01	6.879484754369755151e-02	2.704479528826162632e-02	6.979496837398377340e-02
1.024639731252188767e+03	2.757326859821302989e-01	1.781655021835011066e-01	2.378188352345123602e-01	1.425178690936528270e-01	6.883818302713584636e-02	2.706795903349474078e-02	6.985896544537301134e-02
1.026091062316285615e+03	2.754838071599316485e-01	1.780048314927027142e-01	2.379951013895699463e-01	1.426208616445671928e-01	6.888144872601270619e-02	2.709108600255835317e-02	6.992286358445756744e-02
1.027542393380382237e+03	2.752353525840453563e-01	1.778444298213653629e-01	2.381710507524916198e-01	1.427236829060707091e-01	6.892464475661086443e-02	2.711417625723884159e-02	6.998666292197744387e-02
1.028993724444478858e+03	2.749873215367730772e-01	1.776842967121765315e-01	2.383466838753768302e-01	1.428263331925568591e-01	6.896777123500749673e-02	2.713722985921820235e-02	7.005036358869119739e-02
1.030445055508575479e+03	2.747397133016342696e-01	1.775244317086054624e-01	2.385220013093944103e-01	1.429288128176430805e-01	6.901082827707452627e-02	2.716024687007422694e-02	7.011396571537420463e-02
1.031896386572671872e+03	2.744925271633637531e-01	1.773648343549018846e-01	2.386970036047838528e-01	1.430311220941742345e-01	6.905381599847885965e-02	2.718322735128068587e-02	7.017746943281688576e-02
1.033347717636768493e+03	2.742457624079097656e-01	1.772055041960944599e-01	2.388716913108567819e-01	1.431332613342259918e-01	6.909673451468270611e-02	2.720617136420748483e-02	7.024087487182295586e-02
1.034799048700865114e+03	2.739994183224318536e-01	1.770464407779896165e-01	2.390460649759981737e-01	1.432352308491079973e-01	6.913958394094386894e-02	2.722907897012086589e-02	7.030418216320777347e-02
1.036250379764961508e+03	2.737534941952987633e-01	1.768876436471701896e-01	2.392201251476677726e-01	1.433370309493673112e-01	6.918236439231602308e-02	2.725195023018356713e-02	7.036739143779652261e-02
1.037701710829058356e+03	2.735079893160862752e-01	1.767291123509940609e-01	2.393938723724016171e-01	1.434386619447915456e-01	6.922507598364908976e-02	2.727478520545499607e-02	7.043050282642260296e-02
1.039153041893154750e+03	2.732629029755750949e-01	1.765708464375928266e-01	2.395673071958131506e-01	1.435401241444121956e-01	6.926771882958950022e-02	2.729758395689142053e-02	7.049351645992596449e-02
1.040604372957251599e+03	2.730182344657488547e-01	1.764128454558706316e-01	2.397404301625948309e-01	1.436414178565078859e-01	6.931029304458048712e-02	2.732034654534612472e-02	7.055643246915137279e-02
1.042055704021347992e+03	2.727739830797918930e-01	1.762551089555026151e-01	2.399132418165193792e-01	1.437425433886074244e-01	6.935279874286244539e-02	2.734307303156960356e-02	7.061925098494681308e-02
1.043507035085444613e+03	2.725301481120872560e-01	1.760976364869337729e-01	2.400857427004411959e-01	1.438435010474931608e-01	6.939523603847323752e-02	2.736576347620971530e-02	7.068197213816185265e-02
1.044958366149541234e+03	2.722867288582145884e-01	1.759404276013776247e-01	2.402579333562976371e-01	1.439442911392039837e-01	6.943760504524852661e-02	2.738841793981186892e-02	7.074459605964596165e-02
1.046409697213637855e+03	2.720437246149480792e-01	1.757834818508147712e-01	2.404298143251105413e-01	1.440449139690384572e-01	6.947990587682209562e-02	2.741103648281919061e-02	7.080712288024698653e-02
1.047861028277734476e+03	2.718011346802542971e-01	1.756267987879917558e-01	2.406013861469875059e-01	1.441453698415580686e-01	6.952213864662622200e-02	2.743361916557271463e-02	7.086955273080952633e-02
1.049312359341831097e+03	2.715589583532901918e-01	1.754703779664196772e-01	2.407726493611232477e-01	1.442456590605901701e-01	6.956430346789195529e-02	2.745616604831153940e-02	7.093188574217332287e-02
1.050763690405927491e+03	2.713171949344009293e-01	1.753142189403729123e-01	2.409436045058009623e-01	1.443457819292310873e-01	6.960640045364951956e-02	2.747867719117299407e-02	7.099412204517170644e-02
1.052215021470024112e+03	2.710758437251180042e-01	1.751583212648877841e-01	2.411142521183937404e-01	1.444457387498491174e-01	6.964842971672856320e-02	2.750115265419282584e-02	7.105626177063005533e-02
1.053666352534120733e+03	2.708349040281569642e-01	1.750026844957612293e-01	2.412845927353659548e-01	1.445455298240876374e-01	6.969039136975863080e-02	2.752359249730536653e-02	7.111830504936425545e-02
1.055117683598217127e+03	2.705943751474154668e-01	1.748473081895496051e-01	2.414546268922745376e-01	1.446451554528680461e-01	6.973228552516941292e-02	2.754599678034370946e-02	7.118025201217920150e-02
1.056569014662313975e+03	2.703542563879713367e-01	1.746921919035673010e-01	2.416243551237703957e-01	1.447446159363926510e-01	6.977411229519113467e-02	2.756836556303987606e-02	7.124210278986722877e-02
1.058020345726410369e+03	2.701145470560802897e-01	1.745373351958854902e-01	2.417937779635998263e-01	1.448439115741478322e-01	6.981587179185491654e-02	2.759069890502497541e-02	7.130385751320661436e-02
1.059471676790506763e+03	2.698752464591739897e-01	1.743827376253308803e-01	2.419628959446057381e-01	1.449430426649067349e-01	6.985756412699310747e-02	2.761299686582940199e-02	7.136551631296014775e-02
1.060923007854603611e+03	2.696363539058579395e-01	1.742283987514843258e-01	2.421317095987290946e-01	1.450420095067323778e-01	6.989918941223965954e-02	2.763525950488298147e-02	7.142707931987359038e-02
1.062374338918700232e+03	2.693978687059095933e-01	1.740743181346795510e-01	2.423002194570104129e-01	1.451408123969804287e-01	6.994074775903048879e-02	2.765748688151515450e-02	7.148854666467430174e-02
1.063825669982796853e+03	2.691597901702763029e-01	1.739204953360019568e-01	2.424684260495909016e-01	1.452394516323020912e-01	6.998223927860382221e-02	2.767967905495515024e-02	7.154991847806969896e-02
1.065277001046893474e+03	2.689221176110730416e-01	1.737669299172873161e-01	2.426363299057139045e-01	1.453379275086470468e-01	7.002366408200058623e-02	2.770183608433213901e-02	7.161119489074588285e-02
1.066728332110990095e+03	2.686848503415806833e-01	1.736136214411203860e-01	2.428039315537263154e-01	1.454362403212662025e-01	7.006502228006473987e-02	2.772395802867541267e-02	7.167237603336618079e-02
1.068179663175086489e+03	2.684479876762436712e-01	1.734605694708337698e-01	2.429712315210799112e-01	1.455343903647145221e-01	7.010631398344366327e-02	2.774604494691455467e-02	7.173346203656978670e-02
1.069630994239183110e+03	2.682115289306683525e-01	1.733077735705065847e-01	2.431382303343326556e-01	1.456323779328538293e-01	7.014753930258851855e-02	2.776809689787961347e-02	7.179445303097028996e-02
1.071082325303279504e+03	2.679754734216207024e-01	1.731552333049631298e-01	2.433049285191501432e-01	1.457302033188556112e-01	7.018869834775463834e-02	2.779011394030125523e-02	7.185534914715435706e-02
1.072533656367376352e+03	2.677398204670244364e-01	1.730029482397716922e-01	2.434713266003068199e-01	1.458278668152037383e-01	7.022979122900184501e-02	2.781209613281094770e-02	7.191615051568035766e-02
1.073984987431472746e+03	2.675045693859588458e-01	1.728509179412432428e-01	2.436374251016875381e-01	1.459253687136972122e-01	7.027081805619489474e-02	2.783404353394112324e-02	7.197685726707693521e-02
1.075436318495569594e+03	2.672697194986570768e-01	1.726991419764301872e-01	2.438032245462887493e-01	1.460227093054528580e-01	7.031177893900379672e-02	2.785595620212533846e-02	7.203746953184178570e-02
1.076887649559666215e+03	2.670352701265038542e-01	1.725476199131251442e-01	2.439687254562199203e-01	1.461198888809081275e-01	7.035267398690417395e-02	2.787783419569845114e-02	7.209798744044017271e-02
1.078338980623762609e+03	2.668012205920334834e-01	1.723963513198595587e-01	2.441339283527048376e-01	1.462169077298236808e-01	7.039350330917772125e-02	2.789967757289678676e-02	7.215841112330374785e-02
1.079790311687859230e+03	2.665675702189281848e-01	1.722453357659025075e-01	2.442988337560830781e-01	1.463137661412861334e-01	7.043426701491248276e-02	2.792148639185830505e-02	7.221874071082916291e-02
1.081241642751955851e+03	2.663343183320156515e-01	1.720945728212595061e-01	2.444634421858112583e-01	1.464104644037106107e-01	7.047496521300329608e-02	2.794326071062276651e-02	7.227897633337676542e-02
1.082692973816052472e+03	2.661014642572674394e-01	1.719440620566711486e-01	2.446277541604643946e-01	1.465070028048435224e-01	7.051559801215212531e-02	2.796500058713188852e-02	7.233911812126936347e-02
1.084144304880149093e+03	2.658690073217968020e-01	1.717938030436119146e-01	2.447917701977372629e-01	1.466033816317650340e-01	7.055616552086849125e-02	2.798670607922952580e-02	7.239916620479090736e-02
1.085595635944245487e+03	2.656369468538567480e-01	1.716437953542888639e-01	2.449554908144457865e-01	1.466996011708917302e-01	7.059666784746977675e-02	2.800837724466182649e-02	7.245912071418525446e-02
1.087046967008342108e+03	2.654052821828379316e-01	1.714940385616404717e-01	2.451189165265283965e-01	1.467956617079791970e-01	7.063710510008167076e-02	2.803001414107740563e-02	7.251898177965489245e-02
1.088498298072438729e+03	2.651740126392670427e-01	1.713445322393352954e-01	2.452820478490472245e-01	1.468915635281246301e-01	7.067747738663851531e-02	2.805161682602750825e-02	7.257874953135977358e-02
1.089949629136535123e+03	2.649431375548044199e-01	1.711952759617707820e-01	2.454448852961896577e-01	1.469873069157692780e-01	7.071778481488370793e-02	2.807318535696616199e-02	7.263842409941598244e-02
1.091400960200631971e+03	2.647126562622424406e-01	1.710462693040719351e-01	2.456074293812695597e-01	1.470828921547010781e-01	7.075802749237004863e-02	2.809471979125035754e-02	7.269800561389458404e-02
1.092852291264728365e+03	2.644825680955033009e-01	1.708975118420902606e-01	2.457696806167286030e-01	1.471783195280571277e-01	7.079820552646014231e-02	2.811622018614021168e-02	7.275749420482041652e-02
1.094303622328825213e+03	2.642528723896371834e-01	1.707490031524022955e-01	2.459316395141377121e-01	1.472735893183261535e-01	7.083831902432677352e-02	2.813768659879911649e-02	7.281689000217088370e-02
1.095754953392921607e+03	2.640235684808202032e-01	1.706007428123085534e-01	2.460933065841983403e-01	1.473687018073510657e-01	7.087836809295326723e-02	2.815911908629391627e-02	7.287619313587480330e-02
1.097206284457018228e+03	2.637946557063526321e-01	1.704527303998321364e-01	2.462546823367437465e-01	1.474636572763314002e-01	7.091835283913391907e-02	2.818051770559507063e-02	7.293540373581118563e-02
1.098657615521114849e+03	2.635661334046568438e-01	1.703049654937176804e-01	2.464157672807404942e-01	1.475584560058257333e-01	7.095827336947434227e-02	2.820188251357681058e-02	7.299452193180813730e-02
1.100108946585211470e+03	2.633380009152754275e-01	1.701574476734299679e-01	2.465765619242896722e-01	1.476530982757541521e-01	7.099812979039185623e-02	2.822321356701731204e-02	7.305354785364168158e-02
1.101560277649308091e+03	2.631102575788691333e-01	1.700101765191526781e-01	2.467370667746283108e-01	1.477475843654006415e-01	7.103792220811581959e-02	2.824451092259884499e-02	7.311248163103459263e-02
1.103011608713404712e+03	2.628829027372150406e-01	1.698631516117873885e-01	2.468972823381305748e-01	1.478419145534156376e-01	7.107765072868808820e-02	2.826577463690794351e-02	7.317132339365532701e-02
1.104462939777501106e+03	2.626559357332045597e-01	1.697163725329521311e-01	2.470572091203092902e-01	1.479360891178181925e-01	7.111731545796337595e-02	2.828700476643556880e-02	7.323007327111687170e-02
1.105914270841597499e+03	2.624293559108416551e-01	1.695698388649802268e-01	2.472168476258171654e-01	1.480301083359985004e-01	7.115691650160958781e-02	2.830820136757726882e-02	7.328873139297566175e-02
1.107365601905694348e+03	2.622031626152406258e-01	1.694235501909190367e-01	2.473761983584481516e-01	1.481239724847202011e-01	7.119645396510825008e-02	2.832936449663333786e-02	7.334729788873046996e-02
1.108816932969790741e+03	2.619773551926246058e-01	1.692775060945287957e-01	2.475352618211387190e-01	1.482176818401227392e-01	7.123592795375485731e-02	2.835049420980898308e-02	7.340577288782132448e-02
1.110268264033887590e+03	2.617519329903232883e-01	1.691317061602813920e-01	2.476940385159693003e-01	1.483112366777238067e-01	7.127533857265928863e-02	2.837159056321447714e-02	7.346415651962845406e-02
1.111719595097984211e+03	2.615268953567711496e-01	1.689861499733591454e-01	2.478525289441656232e-01	1.484046372724214247e-01	7.131468592674612694e-02	2.839265361286533174e-02	7.352244891347119171e-02
1.113170926162080832e+03	2.613022416415055615e-01	1.688408371196535585e-01	2.480107336060998757e-01	1.484978838984964966e-01	7.135397012075508916e-02	2.841368341468244324e-02	7.358065019860698941e-02
1.114622257226177226e+03	2.610779711951648485e-01	1.686957671857641505e-01	2.481686530012921499e-01	1.485909768296149180e-01	7.139319125924141474e-02	2.843468002449225929e-02	7.363876050423030784e-02
1.116073588290273847e+03	2.608540833694864003e-01	1.685509397589971536e-01	2.483262876284118015e-01	1.486839163388298801e-01	7.143234944657621266e-02	2.845564349802694182e-02	7.369677995947158944e-02
1.117524919354370468e+03	2.606305775173047290e-01	1.684063544273645130e-01	2.484836379852787547e-01	1.487767026985842844e-01	7.147144478694680836e-02	2.847657389092451974e-02	7.375470869339632862e-02
1.118976250418467089e+03	2.604074529925497483e-01	1.682620107795824438e-01	2.486407045688648343e-01	1.488693361807128246e-01	7.151047738435718781e-02	2.849747125872905892e-02	7.381254683500391989e-02
1.120427581482563710e+03	2.601847091502445530e-01	1.681179084050703487e-01	2.487974878752949870e-01	1.489618170564442068e-01	7.154944734262833061e-02	2.851833565689080446e-02	7.387029451322675577e-02
1.121878912546660331e+03	2.599623453465039757e-01	1.679740468939496245e-01	2.489539883998486969e-01	1.490541455964035367e-01	7.158835476539862630e-02	2.853916714076635761e-02	7.392795185692925541e-02
1.123330243610756725e+03	2.597403609385321444e-01	1.678304258370424129e-01	2.491102066369613455e-01	1.491463220706143455e-01	7.162719975612419354e-02	2.855996576561881800e-02	7.398551899490676820e-02
1.124781574674853118e+03	2.595187552846212053e-01	1.676870448258704349e-01	2.492661430802254607e-01	1.492383467485009496e-01	7.166598241807929648e-02	2.858073158661795718e-02	7.404299605588474109e-02
1.126232905738949967e+03	2.592975277441490478e-01	1.675439034526537974e-01	2.494217982223919938e-01	1.493302198988904761e-01	7.170470285435669167e-02	2.860146465884036426e-02	7.410038316851762230e-02
1.127684236803046360e+03	2.590766776775774716e-01	1.674010013103098271e-01	2.495771725553718456e-01	1.494219417900151115e-01	7.174336116786805828e-02	2.862216503726960903e-02	7.415768046138804248e-02
1.129135567867143209e+03	2.588562044464505774e-01	1.672583379924517388e-01	2.497322665702369771e-01	1.495135126895142386e-01	7.178195746134428956e-02	2.864283277679640499e-02	7.421488806300577390e-02
1.130586898931239830e+03	2.586361074133925464e-01	1.671159130933876358e-01	2.498870807572217134e-01	1.496049328644366294e-01	7.182049183733592301e-02	2.866346793221874467e-02	7.427200610180682838e-02
1.132038229995336451e+03	2.584163859421059750e-01	1.669737262081192330e-01	2.500416156057242434e-01	1.496962025812424713e-01	7.185896439821348736e-02	2.868407055824208698e-02	7.432903470615256913e-02
1.133489561059432845e+03	2.581970393973699873e-01	1.668317769323406641e-01	2.501958716043077846e-01	1.497873221058055870e-01	7.189737524616790498e-02	2.870464070947948906e-02	7.438597400432871154e-02
1.134940892123529466e+03	2.579780671450383478e-01	1.666900648624372872e-01	2.503498492407018605e-01	1.498782917034154338e-01	7.193572448321081114e-02	2.872517844045177279e-02	7.444282412454454601e-02
1.136392223187626087e+03	2.577594685520377960e-01	1.665485895954845474e-01	2.505035490018038269e-01	1.499691116387792955e-01	7.197401221117497028e-02	2.874568380558768441e-02	7.449958519493191100e-02
1.137843554251722708e+03	2.575412429863658259e-01	1.664073507292467557e-01	2.506569713736800931e-01	1.500597821760243089e-01	7.201223853171463685e-02	2.876615685922403326e-02	7.455625734354440204e-02
1.139294885315819101e+03	2.573233898170891321e-01	1.662663478621760060e-01	2.508101168415671767e-01	1.501503035786995177e-01	7.205040354630588839e-02	2.878659765560587572e-02	7.461284069835642796e-02
1.140746216379915950e+03	2.571059084143417772e-01	1.661255805934108432e-01	2.509629858898733135e-01	1.502406761097779819e-01	7.208850735624704187e-02	2.880700624888665046e-02	7.466933538726239217e-02
1.142197547444012343e+03	2.568887981493231387e-01	1.659850485227752082e-01	2.511155790021797896e-01	1.503309000316587485e-01	7.212655006265898672e-02	2.882738269312832766e-02	7.472574153807580444e-02
1.143648878508108737e+03	2.566720583942963541e-01	1.658447512507772170e-01	2.512678966612418296e-01	1.504209756061689052e-01	7.216453176648557344e-02	2.884772704230158247e-02	7.478205927852847601e-02
1.145100209572205586e+03	2.564556885225862670e-01	1.657046883786080227e-01	2.514199393489905954e-01	1.505109030945656345e-01	7.220245256849396054e-02	2.886803935028593032e-02	7.483828873626957590e-02
1.146551540636302207e+03	2.562396879085775958e-01	1.655648595081405938e-01	2.515717075465337960e-01	1.506006827575382123e-01	7.224031256927500311e-02	2.888831967086990735e-02	7.489443003886492312e-02
1.148002871700398828e+03	2.560240559277132677e-01	1.654252642419286601e-01	2.517232017341574091e-01	1.506903148552099503e-01	7.227811186924358589e-02	2.890856805775119179e-02	7.495048331379609852e-02
1.149454202764495449e+03	2.558087919564924761e-01	1.652859021832053799e-01	2.518744223913267910e-01	1.507797996471401947e-01	7.231585056863899796e-02	2.892878456453678096e-02	7.500644868845961211e-02
1.150905533828591842e+03	2.555938953724688489e-01	1.651467729358823411e-01	2.520253699966880645e-01	1.508691373923263523e-01	7.235352876752532136e-02	2.894896924474313349e-02	7.506232629016615365e-02
1.152356864892688463e+03	2.553793655542488938e-01	1.650078761045483400e-01	2.521760450280693955e-01	1.509583283492058059e-01	7.239114656579175022e-02	2.896912215179633238e-02	7.511811624613973226e-02
1.153808195956785084e+03	2.551652018814897227e-01	1.648692112944681321e-01	2.523264479624824363e-01	1.510473727756578566e-01	7.242870406315297938e-02	2.898924333903222378e-02	7.517381868351691310e-02
1.155259527020881706e+03	2.549514037348976636e-01	1.647307781115814329e-01	2.524765792761232697e-01	1.511362709290056672e-01	7.246620135914956518e-02	2.900933285969657660e-02	7.522943372934606798e-02
1.156710858084978327e+03	2.547379704962263181e-01	1.645925761625016970e-01	2.526264394443740180e-01	1.512250230660182049e-01	7.250363855314825856e-02	2.902939076694524209e-02	7.528496151058652885e-02
1.158162189149074720e+03	2.545249015482746180e-01	1.644546050545149796e-01	2.527760289418039541e-01	1.513136294429121287e-01	7.254101574434239363e-02	2.904941711384429956e-02	7.534040215410792163e-02
1.159613520213171569e+03	2.543121962748852161e-01	1.643168643955787156e-01	2.529253482421708887e-01	1.514020903153537323e-01	7.257833303175223461e-02	2.906941195337020556e-02	7.539575578668930578e-02
1.161064851277267962e+03	2.540998540609425982e-01	1.641793537943205539e-01	2.530743978184225584e-01	1.514904059384607760e-01	7.261559051422530886e-02	2.908937533840994308e-02	7.545102253501849432e-02
1.162516182341364356e+03	2.538878742923714182e-01	1.640420728600374412e-01	2.532231781426975692e-01	1.515785765668044294e-01	7.265278829043682329e-02	2.910930732176118113e-02	7.550620252569130442e-02
1.163967513405461204e+03	2.536762563561343886e-01	1.639050212026942899e-01	2.533716896863271728e-01	1.516666024544111313e-01	7.268992645888992798e-02	2.912920795613242742e-02	7.556129588521079410e-02
1.165418844469557826e+03	2.534649996402310035e-01	1.637681984329227569e-01	2.535199329198360996e-01	1.517544838547644215e-01	7.272700511791614641e-02	2.914907729414316015e-02	7.561630273998654062e-02
1.166870175533654447e+03	2.532541035336952073e-01	1.636316041620202999e-01	2.536679083129440571e-01	1.518422210208068002e-01	7.276402436567573628e-02	2.916891538832400502e-02	7.567122321633396043e-02
1.168321506597751068e+03	2.530435674265941182e-01	1.634952380019489004e-01	2.538156163345670624e-01	1.519298142049415878e-01	7.280098430015795319e-02	2.918872229111686700e-02	7.572605744047358756e-02
1.169772837661847461e+03	2.528333907100257516e-01	1.633590995653340372e-01	2.539630574528186080e-01	1.520172636590347293e-01	7.283788501918148084e-02	2.920849805487508305e-02	7.578080553853033807e-02
1.171224168725944082e+03	2.526235727761177996e-01	1.632231884654634646e-01	2.541102321350109383e-01	1.521045696344165976e-01	7.287472662039476412e-02	2.922824273186357819e-02	7.583546763653284395e-02
1.172675499790040703e+03	2.524141130180254100e-01	1.630875043162860749e-01	2.542571408476565487e-01	1.521917323818838541e-01	7.291150920127634216e-02	2.924795637425900777e-02	7.589004386041278694e-02
1.174126830854137097e+03	2.522050108299296323e-01	1.629520467324108435e-01	2.544037840564690733e-01	1.522787521517012244e-01	7.294823285913519528e-02	2.926763903414991708e-02	7.594453433600414916e-02
1.175578161918233945e+03	2.519962656070355855e-01	1.628168153291056075e-01	2.545501622263649510e-01	1.523656291936032747e-01	7.298489769111114744e-02	2.928729076353687316e-02	7.599893918904263024e-02
1.177029492982330339e+03	2.517878767455707933e-01	1.626818097222960391e-01	2.546962758214644795e-01	1.524523637567961887e-01	7.302150379417512993e-02	2.930691161433263137e-02	7.605325854516492567e-02
1.178480824046426733e+03	2.515798436427832407e-01	1.625470295285644518e-01	2.548421253050929813e-01	1.525389560899595431e-01	7.305805126512956993e-02	2.932650163836227064e-02	7.610749252990808844e-02
1.179932155110523581e+03	2.513721656969398754e-01	1.624124743651486624e-01	2.549877111397825802e-01	1.526254064412480571e-01	7.309454020060873747e-02	2.934606088736334967e-02	7.616164126870886286e-02
1.181383486174620202e+03	2.511648423073246650e-01	1.622781438499409645e-01	2.551330337872728671e-01	1.527117150582933403e-01	7.313097069707910625e-02	2.936558941298605604e-02	7.621570488690308787e-02
1.182834817238716823e+03	2.509578728742370424e-01	1.621440376014869067e-01	2.552780937085125101e-01	1.527978821882056693e-01	7.316734285083964506e-02	2.938508726679334507e-02	7.626968350972500310e-02
1.184286148302813444e+03	2.507512567989898522e-01	1.620101552389841826e-01	2.554228913636604759e-01	1.528839080775756532e-01	7.320365675802217864e-02	2.940455450026109238e-02	7.632357726230666606e-02
1.185737479366910065e+03	2.505449934839079629e-01	1.618764963822816039e-01	2.555674272120871948e-01	1.529697929724759820e-01	7.323991251459179008e-02	2.942399116477823970e-02	7.637738626967728595e-02
1.187188810431006686e+03	2.503390823323263237e-01	1.617430606518779623e-01	2.557117017123758940e-01	1.530555371184632030e-01	7.327611021634704291e-02	2.944339731164694399e-02	7.643111065676266858e-02
1.188640141495103080e+03	2.501335227485881885e-01	1.616098476689207530e-01	2.558557153223240399e-01	1.531411407605792752e-01	7.331224995892045293e-02	2.946277299208272665e-02	7.648475054838457798e-02
1.190091472559199701e+03	2.499283141380435891e-01	1.614768570552053417e-01	2.559994684989441716e-01	1.532266041433533732e-01	7.334833183777872412e-02	2.948211825721461232e-02	7.653830606926012581e-02
1.191542803623296322e+03	2.497234559070474758e-01	1.613440884331736047e-01	2.561429616984656765e-01	1.533119275108035529e-01	7.338435594822312336e-02	2.950143315808527802e-02	7.659177734400117454e-02
1.192994134687392716e+03	2.495189474629579962e-01	1.612115414259129853e-01	2.562861953763356793e-01	1.533971111064383608e-01	7.342032238538984124e-02	2.952071774565120585e-02	7.664516449711382406e-02
1.194445465751489564e+03	2.493147882141347471e-01	1.610792156571553557e-01	2.564291699872203734e-01	1.534821551732585554e-01	7.345623124425028350e-02	2.953997207078281825e-02	7.669846765299770386e-02
1.195896796815585958e+03	2.491109775699371920e-01	1.609471107512758237e-01	2.565718859850063538e-01	1.535670599537587999e-01	7.349208261961141797e-02	2.955919618426462725e-02	7.675168693594552893e-02
1.197348127879682352e+03	2.489075149407228571e-01	1.608152263332917886e-01	2.567143438228018937e-01	1.536518256899292167e-01	7.352787660611612153e-02	2.957839013679538012e-02	7.680482247014244757e-02
1.198799458943779200e+03	2.487043997378455551e-01	1.606835620288616651e-01	2.568565439529381655e-01	1.537364526232570527e-01	7.356361329824354089e-02	2.959755397898820514e-02	7.685787437966552782e-02
1.200250790007875821e+03	2.485016313736538029e-01	1.605521174642839388e-01	2.569984868269703515e-01	1.538209409947283446e-01	7.359929279030934246e-02	2.961668776137076076e-02	7.691084278848318856e-02
1.201702121071972442e+03	2.482992092614890733e-01	1.604208922664959736e-01	2.571401728956791422e-01	1.539052910448294731e-01	7.363491517646612861e-02	2.963579153438537089e-02	7.696372782045463046e-02
1.203153452136069063e+03	2.480971328156840461e-01	1.602898860630729838e-01	2.572816026090717356e-01	1.539895030135488008e-01	7.367048055070371526e-02	2.965486534838916721e-02	7.701652959932933640e-02
1.204604783200165684e+03	2.478954014515610260e-01	1.601590984822268415e-01	2.574227764163833365e-01	1.540735771403783094e-01	7.370598900684947885e-02	2.967390925365424523e-02	7.706924824874650248e-02
1.206056114264262078e+03	2.476940145854300834e-01	1.600285291528052156e-01	2.575636947660783216e-01	1.541575136643150989e-01	7.374144063856867548e-02	2.969292330036780309e-02	7.712188389223456619e-02
1.207507445328358699e+03	2.474929716345874997e-01	1.598981777042901842e-01	2.577043581058512389e-01	1.542413128238631359e-01	7.377683553936480176e-02	2.971190753863228035e-02	7.717443665321059576e-02
1.208958776392455093e+03	2.472922720173140465e-01	1.597680437667973463e-01	2.578447668826285288e-01	1.543249748570346691e-01	7.381217380257985849e-02	2.973086201846550369e-02	7.722690665497985996e-02
1.210410107456551941e+03	2.470919151528732649e-01	1.596381269710746287e-01	2.579849215425693010e-01	1.544085000013518116e-01	7.384745552139472535e-02	2.974978678980082919e-02	7.727929402073525911e-02
1.211861438520648335e+03	2.468919004615098001e-01	1.595084269485013140e-01	2.581248225310668332e-01	1.544918884938481507e-01	7.388268078882948009e-02	2.976868190248729493e-02	7.733159887355685325e-02
1.213312769584745183e+03	2.466922273644477637e-01	1.593789433310869308e-01	2.582644702927498481e-01	1.545751405710703019e-01	7.391784969774373160e-02	2.978754740628974593e-02	7.738382133641140415e-02
1.214764100648841804e+03	2.464928952838889298e-01	1.592496757514700878e-01	2.584038652714835127e-01	1.546582564690794637e-01	7.395296234083689746e-02	2.980638335088899027e-02	7.743596153215179245e-02
1.216215431712937971e+03	2.462939036430112638e-01	1.591206238429175024e-01	2.585430079103708811e-01	1.547412364234529158e-01	7.398801881064856478e-02	2.982518978588193093e-02	7.748801958351660135e-02
1.217666762777034819e+03	2.460952518659670907e-01	1.589917872393228626e-01	2.586818986517541163e-01	1.548240806692854354e-01	7.402301919955880938e-02	2.984396676078172189e-02	7.753999561312961697e-02
1.219118093841131440e+03	2.458969393778814849e-01	1.588631655752057448e-01	2.588205379372156556e-01	1.549067894411909896e-01	7.405796359978851495e-02	2.986271432501788614e-02	7.759188974349934265e-02
1.220569424905228061e+03	2.456989656048506332e-01	1.587347584857106142e-01	2.589589262075793763e-01	1.549893629733042621e-01	7.409285210339963679e-02	2.988143252793648216e-02	7.764370209701856873e-02
1.222020755969324682e+03	2.455013299739400578e-01	1.586065656066057150e-01	2.590970639029121503e-01	1.550718014992819027e-01	7.412768480229561807e-02	2.990012141880023580e-02	7.769543279596388685e-02
1.223472087033421303e+03	2.453040319131831182e-01	1.584785865742819877e-01	2.592349514625246210e-01	1.551541052523043307e-01	7.416246178822165358e-02	2.991878104678867209e-02	7.774708196249521808e-02
1.224923418097517697e+03	2.451070708515792895e-01	1.583508210257519866e-01	2.593725893249727021e-01	1.552362744650770121e-01	7.419718315276498111e-02	2.993741146099826098e-02	7.779864971865539658e-02
1.226374749161614318e+03	2.449104462190924425e-01	1.582232685986488807e-01	2.595099779280588548e-01	1.553183093698319861e-01	7.423184898735524229e-02	2.995601271044256997e-02	7.785013618636969779e-02
1.227826080225710712e+03	2.447141574466493164e-01	1.580959289312253713e-01	2.596471177088330862e-01	1.554002101983293638e-01	7.426645938326480179e-02	2.997458484405238210e-02	7.790154148744542206e-02
1.229277411289807560e+03	2.445182039661377704e-01	1.579688016623525537e-01	2.597840091035943377e-01	1.554819771818587437e-01	7.430101443160898322e-02	2.999312791067585554e-02	7.795286574357146447e-02
1.230728742353903954e+03	2.443225852104052020e-01	1.578418864315189740e-01	2.599206525478918173e-01	1.555636105512407386e-01	7.433551422334649939e-02	3.001164195907865193e-02	7.800410907631784296e-02
1.232180073418000802e+03	2.441273006132568812e-01	1.577151828788295185e-01	2.600570484765259427e-01	1.556451105368283350e-01	7.436995884927967426e-02	3.003012703794407864e-02	7.805527160713533752e-02
1.233631404482097196e+03	2.439323496094543131e-01	1.575886906450043590e-01	2.601931973235496187e-01	1.557264773685084203e-01	7.440434840005477612e-02	3.004858319587322413e-02	7.810635345735503221e-02
1.235082735546193817e+03	2.437377316347136280e-01	1.574624093713778428e-01	2.603290995222697912e-01	1.558077112757031424e-01	7.443868296616236446e-02	3.006701048138511051e-02	7.815735474818792661e-02
1.236534066610290438e+03	2.435434461257039163e-01	1.573363386998975488e-01	2.604647555052481689e-01	1.558888124873712977e-01	7.447296263793753979e-02	3.008540894291681159e-02	7.820827560072449169e-02
1.237985397674387059e+03	2.433494925200456460e-01	1.572104782731232053e-01	2.606001657043027775e-01	1.559697812320099131e-01	7.450718750556031833e-02	3.010377862882360547e-02	7.825911613593432292e-02
1.239436728738483680e+03	2.431558702563090257e-01	1.570848277342255794e-01	2.607353305505090701e-01	1.560506177376554393e-01	7.454135765905588185e-02	3.012211958737911338e-02	7.830987647466571000e-02
1.240888059802580301e+03	2.429625787740123111e-01	1.569593867269855059e-01	2.608702504742010930e-01	1.561313222318853333e-01	7.457547318829488292e-02	3.014043186677542799e-02	7.836055673764523444e-02
1.242339390866676695e+03	2.427696175136202783e-01	1.568341548957928044e-01	2.610049259049728176e-01	1.562118949418193625e-01	7.460953418299383355e-02	3.015871551512325915e-02	7.841115704547745036e-02
1.243790721930773088e+03	2.425769859165425590e-01	1.567091318856452808e-01	2.611393572716791955e-01	1.562923360941209927e-01	7.464354073271529944e-02	3.017697058045206923e-02	7.846167751864441264e-02
1.245242052994869937e+03	2.423846834251320304e-01	1.565843173421475332e-01	2.612735450024376016e-01	1.563726459149987480e-01	7.467749292686826079e-02	3.019519711071020490e-02	7.851211827750537164e-02
1.246693384058966330e+03	2.421927094826832882e-01	1.564597109115102025e-01	2.614074895246287222e-01	1.564528246302076819e-01	7.471139085470844543e-02	3.021339515376504289e-02	7.856247944229637070e-02
1.248144715123063179e+03	2.420010635334308435e-01	1.563353122405486406e-01	2.615411912648979986e-01	1.565328724650506265e-01	7.474523460533856467e-02	3.023156475740311835e-02	7.861276113312989922e-02
1.249596046187159800e+03	2.418097450225477618e-01	1.562111209766820497e-01	2.616746506491567370e-01	1.566127896443796630e-01	7.477902426770866029e-02	3.024970596933027403e-02	7.866296346999451794e-02
1.251047377251256421e+03	2.416187533961438871e-01	1.560871367679323440e-01	2.618078681025833854e-01	1.566925763925973714e-01	7.481275993061639595e-02	3.026781883717178517e-02	7.871308657275451204e-02
1.252498708315352815e+03	2.414280881012642044e-01	1.559633592629231791e-01	2.619408440496245882e-01	1.567722329336581899e-01	7.484644168270734865e-02	3.028590340847249138e-02	7.876313056114954414e-02
1.253950039379449436e+03	2.412377485858875348e-01	1.558397881108790073e-01	2.620735789139966854e-01	1.568517594910698310e-01	7.488006961247530013e-02	3.030395973069694576e-02	7.881309555479426576e-02
1.255401370443546057e+03	2.410477342989245653e-01	1.557164229616238571e-01	2.622060731186863780e-01	1.569311562878945854e-01	7.491364380826258385e-02	3.032198785122954335e-02	7.886298167317806751e-02
1.256852701507642678e+03	2.408580446902165439e-01	1.555932634655804725e-01	2.623383270859525052e-01	1.570104235467505160e-01	7.494716435826029310e-02	3.033998781737465983e-02	7.891278903566464886e-02
1.258304032571739299e+03	2.406686792105335593e-01	1.554703092737691195e-01	2.624703412373268208e-01	1.570895614898129289e-01	7.498063135050866967e-02	3.035795967635678341e-02	7.896251776149172674e-02
1.259755363635835920e+03	2.404796373115729025e-01	1.553475600378067534e-01	2.626021159936154370e-01	1.571685703388156774e-01	7.501404487289735357e-02	3.037590347532064319e-02	7.901216796977073020e-02
1.261206694699932314e+03	2.402909184459577074e-01	1.552250154099059087e-01	2.627336517749000455e-01	1.572474503150523562e-01	7.504740501316568835e-02	3.039381926133136180e-02	7.906173977948646736e-02
1.262658025764028707e+03	2.401025220672351468e-01	1.551026750428736167e-01	2.628649490005386946e-01	1.573262016393777440e-01	7.508071185890298482e-02	3.041170708137457337e-02	7.911123330949675070e-02
1.264109356828125556e+03	2.399144476298749329e-01	1.549805385901104615e-01	2.629960080891675100e-01	1.574048245322089701e-01	7.511396549754888186e-02	3.042956698235656926e-02	7.916064867853217502e-02
1.265560687892221949e+03	2.397266945892678192e-01	1.548586057056095810e-01	2.631268294587015277e-01	1.574833192135268178e-01	7.514716601639356841e-02	3.044739901110441252e-02	7.920998600519574273e-02
1.267012018956318798e+03	2.395392624017238514e-01	1.547368760439556123e-01	2.632574135263361370e-01	1.575616859028770855e-01	7.518031350257811662e-02	3.046520321436610099e-02	7.925924540796258633e-02
1.268463350020415419e+03	2.393521505244710357e-01	1.546153492603237201e-01	2.633877607085478578e-01	1.576399248193718072e-01	7.521340804309475936e-02	3.048297963881068176e-02	7.930842700517967692e-02
1.269914681084511813e+03	2.391653584156535894e-01	1.544940250104784862e-01	2.635178714210959505e-01	1.577180361816904741e-01	7.524644972478718163e-02	3.050072833102837958e-02	7.935753091506549117e-02
1.271366012148608434e+03	2.389788855343304430e-01	1.543729029507729944e-01	2.636477460790234706e-01	1.577960202080813668e-01	7.527943863435081207e-02	3.051844933753074945e-02	7.940655725570977541e-02
1.272817343212705055e+03	2.387927313404736573e-01	1.542519827381477748e-01	2.637773850966583788e-01	1.578738771163627486e-01	7.531237485833310041e-02	3.053614270475078774e-02	7.945550614507319864e-02
1.274268674276801676e+03	2.386068952949669253e-01	1.541312640301298609e-01	2.639067888876146517e-01	1.579516071239241426e-01	7.534525848313382290e-02	3.055380847904308472e-02	7.950437770098713053e-02
1.275720005340898297e+03	2.384213768596039618e-01	1.540107464848317342e-01	2.640359578647936689e-01	1.580292104477275805e-01	7.537808959500537365e-02	3.057144670668394265e-02	7.955317204115330831e-02
1.277171336404994690e+03	2.382361754970870049e-01	1.538904297609502980e-01	2.641648924403852683e-01	1.581066873043088516e-01	7.541086828005301446e-02	3.058905743387151446e-02	7.960188928314361478e-02
1.278622667469091539e+03	2.380512906710252063e-01	1.537703135177659608e-01	2.642935930258688559e-01	1.581840379097786686e-01	7.544359462423519402e-02	3.060664070672593218e-02	7.965052954439978683e-02
1.280073998533187932e+03	2.378667218459330768e-01	1.536503974151415541e-01	2.644220600320146275e-01	1.582612624798239442e-01	7.547626871336382548e-02	3.062419657128944220e-02	7.969909294223311014e-02
1.281525329597284326e+03	2.376824684872290983e-01	1.535306811135213334e-01	2.645502938688849004e-01	1.583383612297089571e-01	7.550889063310455007e-02	3.064172507352653368e-02	7.974757959382421102e-02
1.282976660661381175e+03	2.374985300612339756e-01	1.534111642739300896e-01	2.646782949458350020e-01	1.584153343742766007e-01	7.554146046897705635e-02	3.065922625932407039e-02	7.979598961622277886e-02
1.284427991725477568e+03	2.373149060351692485e-01	1.532918465579720391e-01	2.648060636715146021e-01	1.584921821279496323e-01	7.557397830635531610e-02	3.067670017449142944e-02	7.984432312634733020e-02
1.285879322789574417e+03	2.371315958771556265e-01	1.531727276278298244e-01	2.649336004538688782e-01	1.585689047047317279e-01	7.560644423046794516e-02	3.069414686476061235e-02	7.989258024098493116e-02
1.287330653853671038e+03	2.369485990562116284e-01	1.530538071462636818e-01	2.650609057001396263e-01	1.586455023182088420e-01	7.563885832639835605e-02	3.071156637578640117e-02	7.994076107679097543e-02
1.288781984917767431e+03	2.367659150422519176e-01	1.529350847766102472e-01	2.651879798168664815e-01	1.587219751815502899e-01	7.567122067908517435e-02	3.072895875314647640e-02	7.998886575028892054e-02
1.290233315981864052e+03	2.365835433060858028e-01	1.528165601827816966e-01	2.653148232098879733e-01	1.587983235075099697e-01	7.570353137332243298e-02	3.074632404234153502e-02	8.003689437787009364e-02
