1.001418434226643626e+03	2.797915484943140352e-01	1.807607486328371982e-01	2.349306744901572264e-01	1.408652296780318058e-01	6.811852105326099416e-02	2.671861961254310899e-02	6.881465803865652320e-02
1.003837319333471214e+03	2.793656776756319182e-01	1.804857259390424962e-01	2.352320831763421438e-01	1.410419010565460984e-01	6.819252821076943194e-02	2.675842255117765953e-02	6.892366139029117156e-02
1.006256204440298802e+03	2.789410158110085525e-01	1.802114704764194442e-01	2.355325829677201166e-01	1.412180854428541910e-01	6.826633884694567611e-02	2.679811992817153141e-02	6.903238652668144959e-02
1.008675089547126618e+03	2.785175594977015168e-01	1.799379800686160824e-01	2.358321765280138871e-01	1.413937843128211802e-01	6.833995349647689621e-02	2.683771203903598246e-02	6.914083405713543351e-02
1.011093974653954206e+03	2.780953053425563315e-01	1.796652525454993099e-01	2.361308665134086715e-01	1.415689991362821532e-01	6.841337269259720189e-02	2.687719917845141082e-02	6.924900459100591377e-02
1.013512859760782021e+03	2.776742499619787585e-01	1.793932857431371208e-01	2.364286555725707284e-01	1.417437313770872342e-01	6.848659696708687961e-02	2.691658164026971417e-02	6.935689873767064695e-02
1.015931744867609382e+03	2.772543899819074897e-01	1.791220775037808133e-01	2.367255463466655940e-01	1.419179824931458278e-01	6.855962685027208736e-02	2.695585971751660384e-02	6.946451710651273259e-02
1.018350629974437197e+03	2.768357220377865024e-01	1.788516256758474754e-01	2.370215414693765676e-01	1.420917539364705828e-01	6.863246287102470200e-02	2.699503370239393976e-02	6.957186030690139245e-02
1.020769515081264785e+03	2.764182427745380255e-01	1.785819281139024162e-01	2.373166435669230023e-01	1.422650471532203309e-01	6.870510555676255515e-02	2.703410388628204805e-02	6.967892894817281912e-02
1.023188400188092373e+03	2.760019488465349502e-01	1.783129826786415129e-01	2.376108552580787903e-01	1.424378635837426910e-01	6.877755543344983569e-02	2.707307055974204554e-02	6.978572363961134395e-02
1.025607285294920075e+03	2.755868369175741295e-01	1.780447872368738083e-01	2.379041791541906814e-01	1.426102046626160080e-01	6.884981302559775584e-02	2.711193401251812268e-02	6.989224499043074357e-02
1.028026170401747549e+03	2.751729036608488443e-01	1.777773396615040802e-01	2.381966178591965744e-01	1.427820718186905979e-01	6.892187885626550881e-02	2.715069453353986459e-02	6.999849360975583801e-02
1.030445055508575479e+03	2.747601457589220475e-01	1.775106378315153832e-01	2.384881739696440017e-01	1.429534664751296313e-01	6.899375344706137891e-02	2.718935241092454089e-02	7.010447010660432465e-02
1.032863940615402726e+03	2.743485599036993294e-01	1.772446796319517570e-01	2.387788500747083376e-01	1.431243900494494903e-01	6.906543731814414333e-02	2.722790793197938514e-02	7.021017508986877875e-02
1.035282825722230655e+03	2.739381427964023286e-01	1.769794629539009623e-01	2.390686487562113660e-01	1.432948439535592644e-01	6.913693098822450145e-02	2.726636138320388467e-02	7.031560916829891761e-02
1.037701710829058356e+03	2.735288911475415308e-01	1.767149856944771058e-01	2.393575725886394057e-01	1.434648295938001084e-01	6.920823497456686513e-02	2.730471305029204265e-02	7.042077295048411456e-02
1.040120595935886058e+03	2.731208016768900682e-01	1.764512457568036541e-01	2.396456241391616837e-01	1.436343483709839330e-01	6.927934979299121832e-02	2.734296321813466102e-02	7.052566704483605176e-02
1.042539481042713533e+03	2.727138711134566851e-01	1.761882410499959750e-01	2.399328059676486546e-01	1.438034016804315141e-01	6.935027595787512933e-02	2.738111217082158516e-02	7.063029205957171985e-02
1.044958366149541234e+03	2.723080961954595924e-01	1.759259694891445458e-01	2.402191206266903745e-01	1.439719909120102392e-01	6.942101398215599906e-02	2.741916019164397297e-02	7.073464860269652876e-02
1.047377251256368709e+03	2.719034736702998223e-01	1.756644289952977167e-01	2.405045706616147361e-01	1.441401174501714122e-01	6.949156437733333691e-02	2.745710756309652570e-02	7.083873728198769593e-02
1.049796136363196410e+03	2.715000002945348601e-01	1.754036174954447802e-01	2.407891586105057047e-01	1.443077826739870007e-01	6.956192765347130047e-02	2.749495456687975001e-02	7.094255870497789829e-02
1.052215021470024112e+03	2.710976728338524433e-01	1.751435329224988735e-01	2.410728870042216643e-01	1.444749879571858575e-01	6.963210431920116572e-02	2.753270148390217845e-02	7.104611347893907691e-02
1.054633906576851814e+03	2.706964880630442494e-01	1.748841732152802975e-01	2.413557583664136530e-01	1.446417346681898031e-01	6.970209488172414425e-02	2.757034859428260376e-02	7.114940221086644978e-02
1.057052791683679516e+03	2.702964427659800273e-01	1.746255363184994747e-01	2.416377752135435708e-01	1.448080241701488746e-01	6.977189984681410329e-02	2.760789617735229587e-02	7.125242550746282988e-02
1.059471676790506763e+03	2.698975337355812854e-01	1.743676201827401573e-01	2.419189400549024149e-01	1.449738578209764095e-01	6.984151971882056331e-02	2.764534451165722925e-02	7.135518397512315147e-02
1.061890561897334692e+03	2.694997577737954231e-01	1.741104227644426350e-01	2.421992553926284875e-01	1.451392369733837395e-01	6.991095500067162627e-02	2.768269387496028258e-02	7.145767821991907964e-02
1.064309447004162394e+03	2.691031116915698074e-01	1.738539420258871093e-01	2.424787237217256308e-01	1.453041629749142194e-01	6.998020619387709806e-02	2.771994454424344528e-02	7.155990884758402226e-02
1.066728332110990095e+03	2.687075923088261264e-01	1.735981759351769016e-01	2.427573475300813521e-01	1.454686371679771439e-01	7.004927379853168046e-02	2.775709679571000676e-02	7.166187646349821139e-02
1.069147217217817570e+03	2.683131964544344106e-01	1.733431224662218550e-01	2.430351292984849754e-01	1.456326608898811381e-01	7.011815831331821847e-02	2.779415090478676645e-02	7.176358167267411770e-02
1.071566102324645271e+03	2.679199209661876080e-01	1.730887795987217925e-01	2.433120715006458212e-01	1.457962354728671028e-01	7.018686023551100328e-02	2.783110714612620218e-02	7.186502507974197596e-02
1.073984987431472746e+03	2.675277626907759387e-01	1.728351453181498909e-01	2.435881766032113593e-01	1.459593622441409111e-01	7.025538006097917232e-02	2.786796579360864903e-02	7.196620728893558805e-02
1.076403872538300675e+03	2.671367184837613595e-01	1.725822176157363053e-01	2.438634470657852216e-01	1.461220425259057154e-01	7.032371828419019255e-02	2.790472712034448508e-02	7.206712890407827865e-02
1.078822757645127922e+03	2.667467852095522507e-01	1.723299944884515156e-01	2.441378853409454097e-01	1.462842776353937002e-01	7.039187539821328832e-02	2.794139139867627894e-02	7.216779052856912846e-02
1.081241642751955851e+03	2.663579597413779365e-01	1.720784739389901730e-01	2.444114938742622534e-01	1.464460688848978065e-01	7.045985189472310506e-02	2.797795890018096171e-02	7.226819276536934622e-02
1.083660527858783553e+03	2.659702389612635942e-01	1.718276539757545573e-01	2.446842751043165620e-01	1.466074175818028180e-01	7.052764826400323428e-02	2.801442989567197450e-02	7.236833621698889052e-02
1.086079412965611255e+03	2.655836197600048298e-01	1.715775326128383960e-01	2.449562314627175552e-01	1.467683250286162255e-01	7.059526499494990504e-02	2.805080465520142646e-02	7.246822148547327203e-02
1.088498298072438729e+03	2.651980990371429203e-01	1.713281078700104321e-01	2.452273653741209591e-01	1.469287925229988134e-01	7.066270257507570318e-02	2.808708344806221807e-02	7.256784917239057775e-02
1.090917183179266431e+03	2.648136737009395003e-01	1.710793777726983822e-01	2.454976792562469090e-01	1.470888213577947190e-01	7.072996149051324899e-02	2.812326654279019567e-02	7.266721987881864797e-02
1.093336068286093905e+03	2.644303406683516378e-01	1.708313403519726437e-01	2.457671755198980179e-01	1.472484128210614085e-01	7.079704222601902741e-02	2.815935420716626433e-02	7.276633420533253072e-02
1.095754953392921607e+03	2.640480968650072424e-01	1.705839936445302241e-01	2.460358565689772237e-01	1.474075681960991813e-01	7.086394526497714896e-02	2.819534670821852163e-02	7.286519275199203338e-02
1.098173838499749309e+03	2.636669392251799193e-01	1.703373356926786431e-01	2.463037248005057467e-01	1.475662887614802854e-01	7.093067108940318000e-02	2.823124431222436698e-02	7.296379611832952417e-02
1.100592723606577010e+03	2.632868646917643218e-01	1.700913645443198896e-01	2.465707826046410478e-01	1.477245757910779500e-01	7.099722017994800072e-02	2.826704728471262154e-02	7.306214490333792777e-02
1.103011608713404712e+03	2.629078702162516712e-01	1.698460782529343516e-01	2.468370323646945641e-01	1.478824305540949735e-01	7.106359301590171873e-02	2.830275589046562026e-02	7.316023970545891542e-02
1.105430493820231959e+03	2.625299527587049986e-01	1.696014748775650227e-01	2.471024764571497778e-01	1.480398543150919233e-01	7.112979007519755481e-02	2.833837039352132825e-02	7.325808112257126137e-02
1.107849378927059888e+03	2.621531092877348867e-01	1.693575524828014323e-01	2.473671172516798689e-01	1.481968483340152520e-01	7.119581183441571481e-02	2.837389105717541896e-02	7.335566975197937989e-02
1.110268264033887590e+03	2.617773367804747120e-01	1.691143091387639907e-01	2.476309571111655339e-01	1.483534138662249979e-01	7.126165876878737260e-02	2.840931814398336974e-02	7.345300619040208423e-02
1.112687149140715292e+03	2.614026322225565524e-01	1.688717429210878362e-01	2.478939983917129442e-01	1.485095521625221515e-01	7.132733135219861131e-02	2.844465191576252619e-02	7.355009103396144277e-02
1.115106034247542766e+03	2.610289926080868739e-01	1.686298519109074856e-01	2.481562434426712593e-01	1.486652644691758285e-01	7.139283005719443409e-02	2.847989263359421153e-02	7.364692487817192657e-02
1.117524919354370468e+03	2.606564149396223273e-01	1.683886341948407361e-01	2.484176946066505576e-01	1.488205520279502203e-01	7.145815535498264981e-02	2.851504055782576319e-02	7.374350831792970962e-02
1.119943804461197942e+03	2.602848962281454903e-01	1.681480878649732613e-01	2.486783542195394325e-01	1.489754160761311563e-01	7.152330771543793930e-02	2.855009594807260756e-02	7.383984194750203844e-02
1.122362689568025871e+03	2.599144334930411082e-01	1.679082110188427623e-01	2.489382246105227292e-01	1.491298578465523050e-01	7.158828760710578276e-02	2.858505906322031734e-02	7.393592636051692091e-02
1.124781574674853118e+03	2.595450237620717804e-01	1.676690017594234805e-01	2.491973081020991965e-01	1.492838785676213476e-01	7.165309549720651205e-02	2.861993016142666199e-02	7.403176214995289828e-02
1.127200459781681047e+03	2.591766640713543124e-01	1.674304581951106263e-01	2.494556070100991119e-01	1.494374794633458181e-01	7.171773185163932141e-02	2.865470950012366166e-02	7.412734990812902547e-02
1.129619344888508749e+03	2.588093514653357352e-01	1.671925784397048642e-01	2.497131236437018509e-01	1.495906617533586114e-01	7.178219713498620869e-02	2.868939733601961681e-02	7.422269022669499006e-02
1.132038229995336451e+03	2.584430829967696575e-01	1.669553606123968525e-01	2.499698603054535673e-01	1.497434266529431846e-01	7.184649181051606937e-02	2.872399392510114127e-02	7.431778369662142558e-02
1.134457115102163925e+03	2.580778557266924511e-01	1.667188028377518394e-01	2.502258192912846235e-01	1.498957753730587317e-01	7.191061634018863780e-02	2.875849952263520234e-02	7.441263090819039139e-02
1.136876000208991627e+03	2.577136667243997703e-01	1.664829032456942581e-01	2.504810028905272157e-01	1.500477091203649138e-01	7.197457118465858117e-02	2.879291438317113649e-02	7.450723245098600511e-02
1.139294885315819101e+03	2.573505130674230146e-01	1.662476599714923786e-01	2.507354133859328038e-01	1.501992290972464783e-01	7.203835680327942692e-02	2.882723876054266166e-02	7.460158891388520008e-02
1.141713770422646803e+03	2.569883918415056812e-01	1.660130711557430416e-01	2.509890530536896813e-01	1.503503365018374338e-01	7.210197365410764281e-02	2.886147290786989297e-02	7.469570088504870475e-02
1.144132655529474505e+03	2.566273001405801057e-01	1.657791349443563655e-01	2.512419241634402667e-01	1.505010325280452532e-01	7.216542219390657820e-02	2.889561707756134815e-02	7.478956895191218868e-02
1.146551540636302207e+03	2.562672350667441479e-01	1.655458494885407028e-01	2.514940289782987004e-01	1.506513183655746602e-01	7.222870287815053025e-02	2.892967152131594930e-02	7.488319370117743623e-02
1.148970425743129908e+03	2.559081937302379317e-01	1.653132129447873189e-01	2.517453697548679981e-01	1.508011951999513045e-01	7.229181616102869912e-02	2.896363649012501443e-02	7.497657571880385341e-02
1.151389310849957155e+03	2.555501732494206424e-01	1.650812234748552376e-01	2.519959487432577028e-01	1.509506642125451048e-01	7.235476249544922633e-02	2.899751223427424196e-02	7.506971559000000238e-02
1.153808195956785084e+03	2.551931707507473224e-01	1.648498792457562812e-01	2.522457681871010382e-01	1.510997265805934242e-01	7.241754233304313615e-02	2.903129900334570218e-02	7.516261389921528868e-02
1.156227081063612786e+03	2.548371833687459453e-01	1.646191784297400262e-01	2.524948303235721170e-01	1.512483834772240243e-01	7.248015612416836007e-02	2.906499704621980790e-02	7.525527123013192599e-02
1.158645966170440488e+03	2.544822082459944901e-01	1.643891192042787053e-01	2.527431373834034822e-01	1.513966360714777415e-01	7.254260431791367814e-02	2.909860661107728508e-02	7.534768816565681759e-02
1.161064851277267962e+03	2.541282425330977923e-01	1.641596997520523848e-01	2.529906915909031495e-01	1.515444855283311076e-01	7.260488736210272964e-02	2.913212794540114350e-02	7.543986528791385426e-02
1.163483736384095664e+03	2.537752833886650627e-01	1.639309182609340332e-01	2.532374951639718152e-01	1.516919330087186102e-01	7.266700570329791276e-02	2.916556129597863353e-02	7.553180317823611489e-02
1.165902621490923138e+03	2.534233279792867943e-01	1.637027729239744767e-01	2.534835503141201762e-01	1.518389796695547855e-01	7.272895978680438134e-02	2.919890690890320287e-02	7.562350241715837251e-02
1.168321506597751068e+03	2.530723734795122248e-01	1.634752619393878836e-01	2.537288592464860271e-01	1.519856266637560627e-01	7.279075005667398623e-02	2.923216502957644639e-02	7.571496358440962804e-02
1.170740391704578315e+03	2.527224170718266882e-01	1.632483835105368042e-01	2.539734241598511910e-01	1.521318751402624958e-01	7.285237695570918881e-02	2.926533590271004903e-02	7.580618725890586607e-02
1.173159276811406244e+03	2.523734559466289662e-01	1.630221358459173486e-01	2.542172472466589506e-01	1.522777262440593304e-01	7.291384092546698836e-02	2.929841977232771483e-02	7.589717401874292169e-02
1.175578161918233945e+03	2.520254873022090836e-01	1.627965171591446436e-01	2.544603306930309783e-01	1.524231811161981254e-01	7.297514240626282178e-02	2.933141688176711670e-02	7.598792444118943057e-02
1.177997047025061647e+03	2.516785083447254379e-01	1.625715256689380939e-01	2.547026766787843233e-01	1.525682408938179857e-01	7.303628183717450484e-02	2.936432747368181856e-02	7.607843910267998722e-02
1.180415932131889122e+03	2.513325162881829833e-01	1.623471595991068384e-01	2.549442873774483420e-01	1.527129067101663795e-01	7.309725965604606246e-02	2.939715179004318349e-02	7.616871857880838648e-02
1.182834817238716823e+03	2.509875083544103047e-01	1.621234171785350675e-01	2.551851649562819624e-01	1.528571796946199268e-01	7.315807629949167001e-02	2.942989007214230276e-02	7.625876344432101772e-02
1.185253702345544298e+03	2.506434817730379128e-01	1.619002966411675903e-01	2.554253115762901705e-01	1.530010609727048276e-01	7.321873220289946971e-02	2.946254256059190058e-02	7.634857427311034228e-02
1.187672587452371999e+03	2.503004337814759284e-01	1.616777962259953183e-01	2.556647293922413300e-01	1.531445516661173456e-01	7.327922780043544249e-02	2.949510949532825263e-02	7.643815163820857905e-02
1.190091472559199701e+03	2.499583616248919615e-01	1.614559141770407491e-01	2.559034205526838912e-01	1.532876528927437643e-01	7.333956352504727993e-02	2.952759111561306313e-02	7.652749611178144562e-02
1.192510357666027403e+03	2.496172625561890734e-01	1.612346487433436726e-01	2.561413871999633218e-01	1.534303657666805654e-01	7.339973980846815904e-02	2.955998766003539030e-02	7.661660826512202427e-02
1.194929242772855105e+03	2.492771338359839051e-01	1.610139981789466268e-01	2.563786314702387048e-01	1.535726913982540520e-01	7.345975708122058634e-02	2.959229936651349563e-02	7.670548866864478066e-02
1.197348127879682352e+03	2.489379727325846670e-01	1.607939607428807982e-01	2.566151554934998358e-01	1.537146308940401662e-01	7.351961577262025593e-02	2.962452647229676592e-02	7.679413789187973516e-02
1.199767012986510281e+03	2.485997765219694344e-01	1.605745346991515055e-01	2.568509613935837099e-01	1.538561853568836957e-01	7.357931631077971324e-02	2.965666921396756944e-02	7.688255650346659253e-02
1.202185898093337983e+03	2.482625424877643316e-01	1.603557183167241273e-01	2.570860512881915083e-01	1.539973558859177027e-01	7.363885912261226852e-02	2.968872782744313293e-02	7.697074507114923247e-02
1.204604783200165684e+03	2.479262679212218545e-01	1.601375098695098087e-01	2.573204272889048072e-01	1.541381435765825647e-01	7.369824463383570223e-02	2.972070254797742200e-02	7.705870416177011684e-02
1.207023668306993159e+03	2.475909501211992492e-01	1.599199076363513050e-01	2.575540915012028975e-01	1.542785495206450141e-01	7.375747326897598433e-02	2.975259361016299037e-02	7.714643434126484955e-02
1.209442553413820860e+03	2.472565863941369180e-01	1.597029099010088549e-01	2.577870460244788831e-01	1.544185748062167629e-01	7.381654545137109058e-02	2.978440124793282906e-02	7.723393617465694472e-02
1.211861438520648335e+03	2.469231740540369646e-01	1.594865149521461356e-01	2.580192929520565004e-01	1.545582205177732094e-01	7.387546160317465249e-02	2.981612569456224340e-02	7.732121022605259464e-02
1.214280323627476264e+03	2.465907104224417112e-01	1.592707210833160802e-01	2.582508343712066612e-01	1.546974877361718959e-01	7.393422214535973203e-02	2.984776718267068488e-02	7.740825705863560446e-02
1.216699208734303511e+03	2.462591928284123544e-01	1.590555265929470830e-01	2.584816723631638280e-01	1.548363775386706331e-01	7.399282749772247147e-02	2.987932594422359339e-02	7.749507723466242393e-02
1.219118093841131440e+03	2.459286186085076487e-01	1.588409297843288437e-01	2.587118090031428341e-01	1.549748909989458190e-01	7.405127807888577107e-02	2.991080221053423610e-02	7.758167131545724848e-02
1.221536978947959142e+03	2.455989851067627572e-01	1.586269289655985182e-01	2.589412463603549819e-01	1.551130291871103128e-01	7.410957430630302212e-02	2.994219621226553232e-02	7.766803986140730087e-02
1.223955864054786844e+03	2.452702896746678796e-01	1.584135224497268679e-01	2.591699864980245294e-01	1.552507931697313104e-01	7.416771659626174296e-02	2.997350817943189236e-02	7.775418343195815429e-02
1.226374749161614318e+03	2.449425296711472688e-01	1.582007085545043545e-01	2.593980314734055104e-01	1.553881840098479128e-01	7.422570536388714557e-02	3.000473834140102505e-02	7.784010258560918050e-02
1.228793634268442020e+03	2.446157024625382481e-01	1.579884856025272899e-01	2.596253833377974995e-01	1.555252027669886961e-01	7.428354102314585483e-02	3.003588692689576276e-02	7.792579787990908113e-02
1.231212519375269494e+03	2.442898054225700333e-01	1.577768519211841802e-01	2.598520441365622657e-01	1.556618504971891137e-01	7.434122398684947508e-02	3.006695416399587234e-02	7.801126987145153013e-02
1.233631404482097196e+03	2.439648359323429161e-01	1.575658058426419039e-01	2.600780159091400368e-01	1.557981282530086220e-01	7.439875466665819836e-02	3.009794028013984546e-02	7.809651911587092710e-02
1.236050289588924898e+03	2.436407913803074476e-01	1.573553457038320558e-01	2.603033006890657086e-01	1.559340370835478606e-01	7.445613347308444041e-02	3.012884550212672000e-02	7.818154616783827560e-02
1.238469174695752372e+03	2.433176691622434828e-01	1.571454698464372635e-01	2.605279005039850548e-01	1.560695780344655004e-01	7.451336081549632395e-02	3.015967005611786683e-02	7.826635158105703372e-02
1.240888059802580301e+03	2.429954666812395858e-01	1.569361766168775596e-01	2.607518173756711022e-01	1.562047521479950352e-01	7.457043710212127308e-02	3.019041416763878008e-02	7.835093590825920051e-02
1.243306944909407548e+03	2.426741813476722964e-01	1.567274643662969480e-01	2.609750533200400069e-01	1.563395604629614910e-01	7.462736274004962145e-02	3.022107806158084997e-02	7.843529970120138861e-02
1.245725830016235477e+03	2.423538105791854524e-01	1.565193314505496369e-01	2.611976103471673194e-01	1.564740040147978573e-01	7.468413813523802625e-02	3.025166196220317044e-02	7.851944351066114658e-02
1.248144715123063179e+03	2.420343518006697614e-01	1.563117762301867164e-01	2.614194904613041381e-01	1.566080838355615179e-01	7.474076369251309027e-02	3.028216609313428773e-02	7.860336788643311479e-02
1.250563600229890881e+03	2.417158024442421782e-01	1.561047970704426691e-01	2.616406956608931522e-01	1.567418009539504331e-01	7.479723981557478973e-02	3.031259067737398366e-02	7.868707337732550045e-02
1.252982485336718355e+03	2.413981599492255326e-01	1.558983923412218531e-01	2.618612279385843511e-01	1.568751563953193207e-01	7.485356690699999926e-02	3.034293593729504163e-02	7.877056053115656653e-02
1.255401370443546057e+03	2.410814217621281563e-01	1.556925604170852351e-01	2.620810892812516779e-01	1.570081511816955044e-01	7.490974536824596131e-02	3.037320209464499515e-02	7.885382989475116233e-02
1.257820255550373531e+03	2.407655853366235665e-01	1.554872996772369009e-01	2.623002816700082951e-01	1.571407863317948739e-01	7.496577559965371396e-02	3.040338937054790081e-02	7.893688201393737891e-02
1.260239140657201460e+03	2.404506481335302037e-01	1.552826085055109828e-01	2.625188070802230156e-01	1.572730628610374826e-01	7.502165800045160204e-02	3.043349798550607638e-02	7.901971743354330169e-02
1.262658025764028707e+03	2.401366076207911426e-01	1.550784852903581146e-01	2.627366674815358460e-01	1.574049817815632302e-01	7.507739296875866331e-02	3.046352815940183908e-02	7.910233669739381857e-02
1.265076910870856636e+03	2.398234612734542470e-01	1.548749284248323588e-01	2.629538648378738630e-01	1.575365441022472945e-01	7.513298090158804232e-02	3.049348011149927151e-02	7.918474034830752517e-02
1.267495795977684338e+03	2.395112065736516860e-01	1.546719363065780506e-01	2.631704011074674221e-01	1.576677508287154250e-01	7.518842219485043221e-02	3.052335406044593205e-02	7.926692892809375501e-02
1.269914681084511813e+03	2.391998410105802553e-01	1.544695073378164196e-01	2.633862782428654237e-01	1.577986029633591525e-01	7.524371724335740530e-02	3.055315022427459309e-02	7.934890297754949862e-02
1.272333566191339514e+03	2.388893620804812823e-01	1.542676399253327391e-01	2.636014981909513000e-01	1.579291015053509162e-01	7.529886644082485481e-02	3.058286882040497229e-02	7.943066303645672510e-02
1.274752451298167216e+03	2.385797672866206420e-01	1.540663324804630585e-01	2.638160628929588913e-01	1.580592474506589684e-01	7.535387017987633940e-02	3.061251006564544644e-02	7.951220964357948173e-02
1.277171336404994690e+03	2.382710541392691894e-01	1.538655834190812421e-01	2.640299742844877118e-01	1.581890417920622793e-01	7.540872885204638609e-02	3.064207417619476542e-02	7.959354333666122938e-02
1.279590221511822392e+03	2.379632201556826643e-01	1.536653911615859791e-01	2.642432342955191027e-01	1.583184855191651641e-01	7.546344284778393197e-02	3.067156136764377997e-02	7.967466465242219187e-02
1.282009106618650094e+03	2.376562628600821792e-01	1.534657541328876829e-01	2.644558448504313874e-01	1.584475796184120489e-01	7.551801255645551603e-02	3.070097185497712433e-02	7.975557412655684408e-02
1.284427991725477568e+03	2.373501797836344296e-01	1.532666707623956959e-01	2.646678078680158586e-01	1.585763250731018481e-01	7.557243836634869316e-02	3.073030585257493716e-02	7.983627229373134460e-02
1.286846876832305497e+03	2.370449684644322097e-01	1.530681394840053555e-01	2.648791252614918768e-01	1.587047228634023421e-01	7.562672066467526766e-02	3.075956357421454415e-02	7.991675968758124582e-02
1.289265761939132744e+03	2.367406264474747057e-01	1.528701587360850600e-01	2.650897989385227471e-01	1.588327739663644989e-01	7.568085983757462387e-02	3.078874523307216157e-02	7.999703684070906540e-02
1.291684647045960673e+03	2.364371512846481782e-01	1.526727269614635007e-01	2.652998308012309847e-01	1.589604793559366014e-01	7.573485627011697363e-02	3.081785104172457199e-02	8.007710428468205188e-02
1.294103532152788375e+03	2.361345405347064219e-01	1.524758426074169504e-01	2.655092227462138021e-01	1.590878400029783202e-01	7.578871034630660364e-02	3.084688121215081735e-02	8.015696255002996429e-02
1.296522417259616077e+03	2.358327917632513926e-01	1.522795041256563842e-01	2.657179766645585417e-01	1.592148568752746463e-01	7.584242244908510899e-02	3.087583595573386783e-02	8.023661216624297654e-02
1.298941302366443551e+03	2.355319025427139168e-01	1.520837099723147956e-01	2.659260944418580519e-01	1.593415309375496025e-01	7.589599296033468223e-02	3.090471548326230097e-02	8.031605366176960970e-02
1.301360187473271253e+03	2.352318704523344295e-01	1.518884586079345400e-01	2.661335779582259531e-01	1.594678631514801770e-01	7.594942226088126358e-02	3.093352000493196710e-02	8.039528756401467802e-02
1.303779072580098727e+03	2.349326930781437117e-01	1.516937484974546779e-01	2.663404290883120695e-01	1.595938544757097288e-01	7.600271073049778836e-02	3.096224973034765807e-02	8.047431439933742936e-02
1.306197957686926657e+03	2.346343680129438225e-01	1.514995781101984018e-01	2.665466497013174729e-01	1.597195058658616718e-01	7.605585874790736500e-02	3.099090486852474832e-02	8.055313469304964391e-02
1.308616842793753904e+03	2.343368928562889475e-01	1.513059459198604628e-01	2.667522416610097480e-01	1.598448182745527413e-01	7.610886669078645306e-02	3.101948562789087066e-02	8.063174896941387171e-02
1.311035727900581833e+03	2.340402652144663309e-01	1.511128504044945420e-01	2.669572068257385355e-01	1.599697926514064561e-01	7.616173493576801345e-02	3.104799221628755726e-02	8.071015775164161465e-02
1.313454613007409534e+03	2.337444827004774017e-01	1.509202900465008712e-01	2.671615470484502985e-01	1.600944299430661355e-01	7.621446385844470039e-02	3.107642484097188074e-02	8.078836156189174444e-02
1.315873498114237009e+03	2.334495429340187334e-01	1.507282633326137433e-01	2.673652641767034766e-01	1.602187310932081665e-01	7.626705383337199773e-02	3.110478370861810213e-02	8.086636092126880948e-02
1.318292383221064711e+03	2.331554435414631976e-01	1.505367687538889943e-01	2.675683600526837513e-01	1.603426970425549103e-01	7.631950523407131370e-02	3.113306902531929460e-02	8.094415634982149443e-02
1.320711268327892412e+03	2.328621821558412852e-01	1.503458048056917351e-01	2.677708365132190904e-01	1.604663287288876639e-01	7.637181843303308959e-02	3.116128099658898448e-02	8.102174836654116308e-02
1.323130153434719887e+03	2.325697564168220932e-01	1.501553699876838899e-01	2.679726953897945130e-01	1.605896270870594555e-01	7.642399380171997769e-02	3.118941982736278193e-02	8.109913748936038724e-02
1.325549038541547588e+03	2.322781639706947843e-01	1.499654628038118720e-01	2.681739385085673000e-01	1.607125930490077848e-01	7.647603171056986671e-02	3.121748572199998725e-02	8.117632423515157292e-02
1.327967923648375290e+03	2.319874024703499071e-01	1.497760817622944551e-01	2.683745676903818711e-01	1.608352275437671397e-01	7.652793252899897647e-02	3.124547888428521117e-02	8.125330911972560022e-02
1.330386808755202765e+03	2.316974695752608004e-01	1.495872253756103942e-01	2.685745847507847728e-01	1.609575314974816818e-01	7.657969662540493883e-02	3.127339951743000890e-02	8.133009265783062991e-02
1.332805693862030694e+03	2.314083629514650520e-01	1.493988921604861297e-01	2.687739915000393887e-01	1.610795058334175966e-01	7.663132436716982299e-02	3.130124782407445877e-02	8.140667536315085440e-02
1.335224578968857941e+03	2.311200802715459024e-01	1.492110806378837418e-01	2.689727897431409276e-01	1.612011514719754735e-01	7.668281612066323027e-02	3.132902400628878592e-02	8.148305774830527648e-02
1.337643464075685870e+03	2.308326192146139544e-01	1.490237893329888208e-01	2.691709812798311341e-01	1.613224693307024338e-01	7.673417225124527785e-02	3.135672826557495130e-02	8.155924032484672404e-02
1.340062349182513572e+03	2.305459774662887984e-01	1.488370167751982276e-01	2.693685679046132209e-01	1.614434603243044553e-01	7.678539312326965183e-02	3.138436080286824414e-02	8.163522360326071203e-02
1.342481234289341273e+03	2.302601527186805275e-01	1.486507614981081027e-01	2.695655514067663572e-01	1.615641253646584452e-01	7.683647910008659099e-02	3.141192181853888488e-02	8.171100809296444334e-02
1.344900119396168748e+03	2.299751426703715573e-01	1.484650220395017928e-01	2.697619335703604349e-01	1.616844653608240923e-01	7.688743054404585664e-02	3.143941151239360715e-02	8.178659430230592053e-02
1.347319004502996449e+03	2.296909450263984465e-01	1.482797969413378603e-01	2.699577161742710563e-01	1.618044812190559401e-01	7.693824781649979960e-02	3.146683008367722606e-02	8.186198273856298835e-02
1.349737889609823924e+03	2.294075574982336330e-01	1.480950847497380929e-01	2.701529009921936342e-01	1.619241738428149613e-01	7.698893127780627454e-02	3.149417773107422713e-02	8.193717390794250099e-02
1.352156774716651853e+03	2.291249778037673657e-01	1.479108840149755411e-01	2.703474897926583798e-01	1.620435441327805481e-01	7.703948128733159595e-02	3.152145465271033453e-02	8.201216831557953113e-02
1.354575659823479100e+03	2.288432036672896908e-01	1.477271932914626940e-01	2.705414843390446245e-01	1.621625929868620308e-01	7.708989820345350796e-02	3.154866104615408617e-02	8.208696646553662046e-02
1.356994544930307029e+03	2.285622328194722719e-01	1.475440111377395169e-01	2.707348863895956970e-01	1.622813213002101962e-01	7.714018238356414037e-02	3.157579710841838111e-02	8.216156886080307198e-02
1.359413430037134731e+03	2.282820629973506543e-01	1.473613361164616276e-01	2.709276976974329676e-01	1.623997299652288617e-01	7.719033418407288127e-02	3.160286303596204771e-02	8.223597600329426993e-02
1.361832315143962205e+03	2.280026919443062239e-01	1.471791667943885551e-01	2.711199200105704477e-01	1.625178198715863109e-01	7.724035396040933310e-02	3.162985902469139798e-02	8.231018839385109698e-02
1.364251200250789907e+03	2.277241174100482490e-01	1.469975017423718611e-01	2.713115550719293334e-01	1.626355919062264510e-01	7.729024206702624078e-02	3.165678526996179576e-02	8.238420653223936518e-02
1.366670085357617609e+03	2.274463371505963671e-01	1.468163395353435374e-01	2.715026046193523834e-01	1.627530469533801927e-01	7.733999885740233671e-02	3.168364196657915549e-02	8.245803091714931643e-02
1.369088970464445310e+03	2.271693489282625988e-01	1.466356787523042104e-01	2.716930703856181850e-01	1.628701858945765246e-01	7.738962468404521344e-02	3.171042930880154515e-02	8.253166204619508117e-02
1.371507855571272785e+03	2.268931505116336400e-01	1.464555179763114279e-01	2.718829540984553095e-01	1.629870096086537268e-01	7.743911989849423805e-02	3.173714749034067112e-02	8.260510041591433150e-02
1.373926740678100487e+03	2.266177396755534035e-01	1.462758557944681403e-01	2.720722574805569671e-01	1.631035189717701395e-01	7.748848485132342478e-02	3.176379670436343255e-02	8.267834652176782317e-02
1.376345625784927961e+03	2.263431142011052277e-01	1.460966907979110163e-01	2.722609822495948850e-01	1.632197148574153767e-01	7.753771989214423843e-02	3.179037714349345484e-02	8.275140085813909030e-02
1.378764510891755890e+03	2.260692718755944186e-01	1.459180215817989235e-01	2.724491301182338510e-01	1.633355981364209564e-01	7.758682536960845311e-02	3.181688899981261615e-02	8.282426391833411228e-02
1.381183395998583137e+03	2.257962104925306801e-01	1.457398467453013269e-01	2.726367027941455357e-01	1.634511696769711808e-01	7.763580163141095558e-02	3.184333246486255320e-02	8.289693619458106399e-02
1.383602281105411066e+03	2.255239278516108226e-01	1.455621648915868815e-01	2.728237019800229257e-01	1.635664303446138224e-01	7.768464902429263186e-02	3.186970772964617393e-02	8.296941817803007990e-02
1.386021166212238768e+03	2.252524217587011934e-01	1.453849746278117749e-01	2.730101293735941459e-01	1.636813810022707538e-01	7.773336789404310110e-02	3.189601498462918405e-02	8.304171035875311524e-02
1.388440051319066470e+03	2.249816900258204411e-01	1.452082745651085693e-01	2.731959866676368920e-01	1.637960225102485512e-01	7.778195858550356057e-02	3.192225441974159972e-02	8.311381322574371011e-02
1.390858936425893944e+03	2.247117304711221120e-01	1.450320633185745167e-01	2.733812755499920311e-01	1.639103557262489019e-01	7.783042144256953343e-02	3.194842622437922552e-02	8.318572726691700336e-02
1.393277821532721646e+03	2.244425409188775256e-01	1.448563395072604010e-01	2.735659977035779233e-01	1.640243815053790688e-01	7.787875680819367208e-02	3.197453058740518106e-02	8.325745296910956605e-02
1.395696706639549120e+03	2.241741191994585380e-01	1.446811017541590194e-01	2.737501548064043555e-01	1.641381007001621872e-01	7.792696502438850592e-02	3.200056769715135807e-02	8.332899081807941533e-02
1.398115591746377049e+03	2.239064631493203339e-01	1.445063486861939694e-01	2.739337485315863630e-01	1.642515141605476181e-01	7.797504643222920306e-02	3.202653774141996090e-02	8.340034129850597278e-02
1.400534476853204296e+03	2.236395706109844950e-01	1.443320789342084076e-01	2.741167805473579966e-01	1.643646227339211063e-01	7.802300137185634588e-02	3.205244090748495672e-02	8.347150489399021711e-02
1.402953361960032225e+03	2.233734394330216255e-01	1.441582911329537531e-01	2.742992525170864226e-01	1.644774272651149116e-01	7.807083018247859552e-02	3.207827738209356044e-02	8.354248208705462864e-02
1.405372247066859927e+03	2.231080674700347266e-01	1.439849839210784466e-01	2.744811660992858005e-01	1.645899285964179670e-01	7.811853320237546749e-02	3.210404735146772659e-02	8.361327335914339742e-02
1.407791132173687402e+03	2.228434525826420431e-01	1.438121559411167372e-01	2.746625229476308272e-01	1.647021275675857321e-01	7.816611076890007948e-02	3.212975100130560646e-02	8.368387919062252045e-02
1.410210017280515103e+03	2.225795926374601885e-01	1.436398058394777744e-01	2.748433247109704491e-01	1.648140250158502684e-01	7.821356321848176030e-02	3.215538851678304000e-02	8.375430006078000977e-02
1.412628902387342805e+03	2.223164855070872969e-01	1.434679322664342283e-01	2.750235730333419615e-01	1.649256217759300647e-01	7.826089088662879778e-02	3.218096008255499907e-02	8.382453644782611457e-02
1.415047787494170507e+03	2.220541290700862869e-01	1.432965338761112706e-01	2.752032695539843310e-01	1.650369186800398069e-01	7.830809410793115877e-02	3.220646588275705852e-02	8.389458882889354319e-02
1.417466672600997981e+03	2.217925212109679300e-01	1.431256093264756113e-01	2.753824159073520184e-01	1.651479165579001762e-01	7.835517321606309815e-02	3.223190610100686027e-02	8.396445768003775456e-02
1.419885557707825683e+03	2.215316598201743370e-01	1.429551572793243963e-01	2.755610137231285228e-01	1.652586162367475076e-01	7.840212854378586504e-02	3.225728092040554273e-02	8.403414347623729130e-02
1.422304442814653157e+03	2.212715427940622481e-01	1.427851764002741886e-01	2.757390646262399270e-01	1.653690185413434488e-01	7.844896042295033955e-02	3.228259052353921882e-02	8.410364669139412663e-02
1.424723327921481086e+03	2.210121680348863249e-01	1.426156653587500878e-01	2.759165702368686079e-01	1.654791242939843976e-01	7.849566918449969732e-02	3.230783509248040530e-02	8.417296779833398357e-02
1.427142213028308333e+03	2.207535334507826630e-01	1.424466228279748503e-01	2.760935321704665601e-01	1.655889343145111603e-01	7.854225515847204631e-02	3.233301480878947309e-02	8.424210726880680677e-02
1.429561098135136262e+03	2.204956369557522777e-01	1.422780474849578147e-01	2.762699520377689399e-01	1.656984494203183056e-01	7.858871867400299416e-02	3.235812985351605581e-02	8.431106557348716501e-02
1.431979983241963964e+03	2.202384764696446451e-01	1.421099380104841881e-01	2.764458314448076659e-01	1.658076704263634626e-01	7.863506005932832665e-02	3.238318040720052082e-02	8.437984318197476463e-02
1.434398868348791666e+03	2.199820499181412703e-01	1.419422930891041656e-01	2.766211719929244639e-01	1.659165981451767580e-01	7.868127964178664446e-02	3.240816664987539175e-02	8.444844056279487976e-02
1.436817753455619140e+03	2.197263552327392289e-01	1.417751114091221620e-01	2.767959752787845784e-01	1.660252333868700858e-01	7.872737774782188891e-02	3.243308876106672928e-02	8.451685818339893519e-02
1.439236638562446842e+03	2.194713903507350128e-01	1.416083916625859584e-01	2.769702428943899286e-01	1.661335769591461287e-01	7.877335470298595099e-02	3.245794691979562302e-02	8.458509651016500597e-02
1.441655523669274316e+03	2.192171532152080438e-01	1.414421325452760725e-01	2.771439764270925421e-01	1.662416296673076832e-01	7.881921083194128042e-02	3.248274130457954462e-02	8.465315600839842802e-02
1.444074408776102018e+03	2.189636417750046304e-01	1.412763327566949334e-01	2.773171774596077110e-01	1.663493923142666531e-01	7.886494645846341134e-02	3.250747209343379795e-02	8.472103714233242266e-02
1.446493293882929493e+03	2.187108539847216482e-01	1.411109910000563628e-01	2.774898475700273148e-01	1.664568657005530417e-01	7.891056190544358528e-02	3.253213946387290695e-02	8.478874037512872108e-02
1.448912178989757422e+03	2.184587878046904130e-01	1.409461059822746942e-01	2.776619883318329207e-01	1.665640506243240559e-01	7.895605749489124914e-02	3.255674359291203801e-02	8.485626616887821660e-02
1.451331064096585123e+03	2.182074412009607500e-01	1.407816764139543930e-01	2.778336013139089955e-01	1.666709478813728218e-01	7.900143354793660866e-02	3.258128465706840171e-02	8.492361498460164471e-02
1.453749949203412370e+03	2.179568121452846730e-01	1.406177010093793145e-01	2.780046880805560616e-01	1.667775582651374044e-01	7.904669038483319587e-02	3.260576283236262668e-02	8.499078728225033241e-02
1.456168834310240300e+03	2.177068986151005359e-01	1.404541784865022680e-01	2.781752501915039089e-01	1.668838825667096071e-01	7.909182832496035320e-02	3.263017829432017514e-02	8.505778352070689219e-02
1.458587719417068001e+03	2.174576985935171014e-01	1.402911075669343033e-01	2.783452892019243619e-01	1.669899215748435195e-01	7.913684768682575921e-02	3.265453121797272373e-02	8.512460415778601297e-02
1.461006604523895703e+03	2.172092100692976091e-01	1.401284869759344409e-01	2.785148066624444918e-01	1.670956760759644832e-01	7.918174878806796824e-02	3.267882177785953746e-02	8.519124965023523732e-02
1.463425489630723177e+03	2.169614310368438437e-01	1.399663154423990141e-01	2.786838041191598281e-01	1.672011468541775570e-01	7.922653194545888067e-02	3.270305014802888516e-02	8.525772045373580799e-02
1.465844374737550879e+03	2.167143594961803699e-01	1.398045916988514270e-01	2.788522831136467928e-01	1.673063346912761762e-01	7.927119747490622703e-02	3.272721650203936489e-02	8.532401702290344503e-02
1.468263259844378354e+03	2.164679934529387395e-01	1.396433144814315241e-01	2.790202451829762453e-01	1.674112403667506743e-01	7.931574569145606601e-02	3.275132101296134718e-02	8.539013981128927566e-02
1.470682144951206283e+03	2.162223309183417819e-01	1.394824825298854321e-01	2.791876918597258062e-01	1.675158646577967481e-01	7.936017690929522694e-02	3.277536385337827263e-02	8.545608927138063915e-02
1.473101030058033530e+03	2.159773699091878940e-01	1.393220945875550121e-01	2.793546246719931236e-01	1.676202083393239228e-01	7.940449144175384943e-02	3.279934519538806742e-02	8.552186585460204438e-02
1.475519915164861459e+03	2.157331084478353866e-01	1.391621494013677018e-01	2.795210451434085863e-01	1.677242721839639350e-01	7.944868960130777036e-02	3.282326521060447561e-02	8.558747001131608578e-02
1.477938800271689161e+03	2.154895445621869687e-01	1.390026457218261902e-01	2.796869547931479238e-01	1.678280569620789753e-01	7.949277169958098022e-02	3.284712407015844687e-02	8.565290219082438705e-02
1.480357685378516862e+03	2.152466762856741211e-01	1.388435823029980920e-01	2.798523551359454187e-01	1.679315634417701819e-01	7.953673804734806563e-02	3.287092194469946188e-02	8.571816284136860031e-02
1.482776570485344337e+03	2.150045016572415257e-01	1.386849579025057622e-01	2.800172476821061185e-01	1.680347923888856343e-01	7.958058895453665182e-02	3.289465900439689922e-02	8.578325241013133595e-02
