1.301360187473271253e+03	2.355478091328279677e-01	1.512957553779228359e-01	2.605707326562598514e-01	1.617039984162513544e-01	7.633621238203518178e-02	3.212314821075138577e-02	8.242234382375226986e-02
1.306197957686926657e+03	2.349561443850981257e-01	1.509016695384282625e-01	2.609470505504561388e-01	1.619682459897819893e-01	7.644525533194151956e-02	3.219454194334833708e-02	8.258709226074642529e-02
1.311035727900581833e+03	2.343678740905909552e-01	1.505097430090542865e-01	2.613211498770104946e-01	1.622309910560484347e-01	7.655370911337604223e-02	3.226562685772268319e-02	8.275090599599795038e-02
1.315873498114237009e+03	2.337829787850533025e-01	1.501199638602939979e-01	2.616930451251612832e-01	1.624922415799308073e-01	7.666157689715773216e-02	3.233640371216276593e-02	8.291379004004094389e-02
1.320711268327892412e+03	2.332014391175508683e-01	1.497323202282876131e-01	2.620627506640598181e-01	1.627520054945239825e-01	7.676886184072537200e-02	3.240687327170095611e-02	8.307574938295224365e-02
1.325549038541547588e+03	2.326232358497723751e-01	1.493468003144748091e-01	2.624302807442601693e-01	1.630102907010744229e-01	7.687556708798545801e-02	3.247703630796747870e-02	8.323678899426618927e-02
1.330386808755202765e+03	2.320483498553387314e-01	1.489633923852487218e-01	2.627956494991807168e-01	1.632671050689207815e-01	7.698169576917093804e-02	3.254689359904520962e-02	8.339691382289579624e-02
1.335224578968857941e+03	2.314767621191169411e-01	1.485820847716113891e-01	2.631588709465386144e-01	1.635224564354381960e-01	7.708725100071030234e-02	3.261644592932527731e-02	8.355612879706016127e-02
1.340062349182513572e+03	2.309084537365387046e-01	1.482028658688308576e-01	2.635199589897567751e-01	1.637763526059863584e-01	7.719223588510672196e-02	3.268569408936371906e-02	8.371443882421776561e-02
1.344900119396168748e+03	2.303434059129239875e-01	1.478257241360998731e-01	2.638789274193444889e-01	1.640288013538612477e-01	7.729665351082665170e-02	3.275463887573908106e-02	8.387184879100556545e-02
1.349737889609823924e+03	2.297815999628090577e-01	1.474506480961961519e-01	2.642357899142532829e-01	1.642798104202504161e-01	7.740050695219752308e-02	3.282328109091107310e-02	8.402836356318336974e-02
1.354575659823479100e+03	2.292230173092793810e-01	1.470776263351440405e-01	2.645905600432070237e-01	1.645293875141920770e-01	7.750379926931420804e-02	3.289162154308033353e-02	8.418398798558379692e-02
1.359413430037134731e+03	2.286676394833069559e-01	1.467066475018780347e-01	2.649432512660082062e-01	1.647775403125376070e-01	7.760653350795380934e-02	3.295966104604924896e-02	8.433872688206700552e-02
1.364251200250789907e+03	2.281154481230924513e-01	1.463377003079076033e-01	2.652938769348202608e-01	1.650242764599176293e-01	7.770871269949844451e-02	3.302740041908398122e-02	8.449258505548047637e-02
1.369088970464445310e+03	2.275664249734116740e-01	1.459707735269837048e-01	2.656424502954270461e-01	1.652696035687117315e-01	7.781033986086557941e-02	3.309484048677767409e-02	8.464556728762341609e-02
1.373926740678100487e+03	2.270205518849666704e-01	1.456058559947668030e-01	2.659889844884695820e-01	1.655135292190214602e-01	7.791141799444575855e-02	3.316198207891483951e-02	8.479767833921569853e-02
1.378764510891755890e+03	2.264778108137412149e-01	1.452429366084964368e-01	2.663334925506608553e-01	1.657560609586468392e-01	7.801195008804730213e-02	3.322882603033700671e-02	8.494892294987102521e-02
1.383602281105411066e+03	2.259381838203608217e-01	1.448820043266623725e-01	2.666759874159795873e-01	1.659972063030662470e-01	7.811193911484762276e-02	3.329537318080961344e-02	8.509930583807442939e-02
1.388440051319066470e+03	2.254016530694570586e-01	1.445230481686771706e-01	2.670164819168421855e-01	1.662369727354196802e-01	7.821138803335087042e-02	3.336162437489020860e-02	8.524883170116358266e-02
1.393277821532721646e+03	2.248682008290362744e-01	1.441660572145504193e-01	2.673549887852550988e-01	1.664753677064951254e-01	7.831029978735178088e-02	3.342758046179791775e-02	8.539750521531416783e-02
1.398115591746377049e+03	2.243378094698525171e-01	1.438110206045644934e-01	2.676915206539471348e-01	1.667123986347183728e-01	7.840867730590524165e-02	3.349324229528428259e-02	8.554533103552872109e-02
1.402953361960032225e+03	2.238104614647849766e-01	1.434579275389516739e-01	2.680260900574820693e-01	1.669480729061459945e-01	7.850652350330138141e-02	3.355861073350541179e-02	8.569231379562923523e-02
1.407791132173687402e+03	2.232861393882194234e-01	1.431067672775730160e-01	2.683587094333524381e-01	1.671823978744613193e-01	7.860384127904603002e-02	3.362368663889545722e-02	8.583845810825306566e-02
1.412628902387342805e+03	2.227648259154339505e-01	1.427575291395986323e-01	2.686893911230546772e-01	1.674153808609735450e-01	7.870063351784620242e-02	3.368847087804154733e-02	8.598376856485215325e-02
1.417466672600997981e+03	2.222465038219888778e-01	1.424102025031894203e-01	2.690181473731464434e-01	1.676470291546200975e-01	7.879690308960032863e-02	3.375296432155998338e-02	8.612824973569550846e-02
1.422304442814653157e+03	2.217311559831208478e-01	1.420647768051803983e-01	2.693449903362860609e-01	1.678773500119716822e-01	7.889265284939317446e-02	3.381716784397392761e-02	8.627190616987459593e-02
1.427142213028308333e+03	2.212187653731409742e-01	1.417212415407655413e-01	2.696699320722545923e-01	1.681063506572403887e-01	7.898788563749503666e-02	3.388108232359241662e-02	8.641474239531178603e-02
1.431979983241963964e+03	2.207093150648369861e-01	1.413795862631840594e-01	2.699929845489613123e-01	1.683340382822908488e-01	7.908260427936521231e-02	3.394470864239085978e-02	8.655676291877148487e-02
1.436817753455619140e+03	2.202027882288795091e-01	1.410398005834081758e-01	2.703141596434326388e-01	1.685604200466540581e-01	7.917681158565931243e-02	3.400804768589286292e-02	8.669797222587419250e-02
1.441655523669274316e+03	2.196991681332324531e-01	1.407018741698325137e-01	2.706334691427848549e-01	1.687855030775439191e-01	7.927051035224051689e-02	3.407110034305355084e-02	8.683837478111292030e-02
1.446493293882929493e+03	2.191984381425670092e-01	1.403657967479648438e-01	2.709509247451812874e-01	1.690092944698767530e-01	7.936370336019427096e-02	3.413386750614424980e-02	8.697797502787231461e-02
1.451331064096585123e+03	2.187005817176798927e-01	1.400315581001183862e-01	2.712665380607739429e-01	1.692318012862932264e-01	7.945639337584645134e-02	3.419635007063864807e-02	8.711677738845018115e-02
1.456168834310240300e+03	2.182055824149154999e-01	1.396991480651055273e-01	2.715803206126301550e-01	1.694530305571832207e-01	7.954858315078487674e-02	3.425854893510035803e-02	8.725478626408118832e-02
1.461006604523895703e+03	2.177134238855916448e-01	1.393685565379330360e-01	2.718922838376445772e-01	1.696729892807129769e-01	7.964027542188374664e-02	3.432046500107190784e-02	8.739200603496299902e-02
1.465844374737550879e+03	2.172240898754293770e-01	1.390397734694988896e-01	2.722024390874368538e-01	1.698916844228549883e-01	7.973147291133116099e-02	3.438209917296517620e-02	8.752844106028441484e-02
1.470682144951206283e+03	2.167375642239866007e-01	1.387127888662903763e-01	2.725107976292353018e-01	1.701091229174202524e-01	7.982217832665937374e-02	3.444345235795324978e-02	8.766409567825565741e-02
1.475519915164861459e+03	2.162538308640953866e-01	1.383875927900837521e-01	2.728173706467465487e-01	1.703253116660930766e-01	7.991239436077762770e-02	3.450452546586372377e-02	8.779897420614071746e-02
1.480357685378516862e+03	2.157728738213030295e-01	1.380641753576452857e-01	2.731221692410120139e-01	1.705402575384680763e-01	8.000212369200761231e-02	3.456531940907337647e-02	8.793308094029145261e-02
1.485195455592172038e+03	2.152946772133167985e-01	1.377425267404339682e-01	2.734252044312511787e-01	1.707539673720897266e-01	8.009136898412121119e-02	3.462583510240434953e-02	8.806642015618364183e-02
1.490033225805827215e+03	2.148192252494524890e-01	1.374226371643053890e-01	2.737264871556919221e-01	1.709664479724939956e-01	8.018013288638056735e-02	3.468607346302168132e-02	8.819899610845484406e-02
1.494870996019482618e+03	2.143465022300865275e-01	1.371044969092171661e-01	2.740260282723884222e-01	1.711777061132523647e-01	8.026841803358025773e-02	3.474603541033226967e-02	8.833081303094386660e-02
1.499708766233137567e+03	2.138764925461117405e-01	1.367880963089360136e-01	2.743238385600265672e-01	1.713877485360178754e-01	8.035622704609139688e-02	3.480572186588527794e-02	8.846187513673196834e-02
1.504546536446793198e+03	2.134091806783966205e-01	1.364734257507459747e-01	2.746199287187174320e-01	1.715965819505734791e-01	8.044356252990778056e-02	3.486513375327390807e-02	8.859218661818561713e-02
1.509384306660448374e+03	2.129445511972482274e-01	1.361604756751581824e-01	2.749143093707788754e-01	1.718042130348824414e-01	8.053042707669373634e-02	3.492427199803858212e-02	8.872175164700073224e-02
1.514222076874103550e+03	2.124825887618787268e-01	1.358492365756221731e-01	2.752069910615057013e-01	1.720106484351405507e-01	8.061682326383372288e-02	3.498313752757152562e-02	8.885057437424841165e-02
1.519059847087758726e+03	2.120232781198752858e-01	1.355396989982383948e-01	2.754979842599282192e-01	1.722158947658306571e-01	8.070275365448349725e-02	3.504173127102273855e-02	8.897865893042210261e-02
1.523897617301414357e+03	2.115666041066735503e-01	1.352318535414722689e-01	2.757872993595599231e-01	1.724199586097790171e-01	8.078822079762276731e-02	3.510005415920730565e-02	8.910600942548604908e-02
1.528735387515069533e+03	2.111125516450344242e-01	1.349256908558697232e-01	2.760749466791346252e-01	1.726228465182134686e-01	8.087322722810928732e-02	3.515810712451413605e-02	8.923262994892518229e-02
1.533573157728724709e+03	2.106611057445245128e-01	1.346212016437740855e-01	2.763609364633323739e-01	1.728245650108234943e-01	8.095777546673429970e-02	3.521589110081602136e-02	8.935852456979603842e-02
1.538410927942380113e+03	2.102122515009996750e-01	1.343183766590443640e-01	2.766452788834953269e-01	1.730251205758221722e-01	8.104186802027922576e-02	3.527340702338106065e-02	8.948369733677905002e-02
1.543248698156035516e+03	2.097659740960921282e-01	1.340172067067748052e-01	2.769279840383331859e-01	1.732245196700099299e-01	8.112550738157339736e-02	3.533065582878543165e-02	8.960815227823198947e-02
1.548086468369690692e+03	2.093222587967009940e-01	1.337176826430160892e-01	2.772090619546190293e-01	1.734227687188397149e-01	8.120869602955312072e-02	3.538763845482746639e-02	8.973189340224441146e-02
1.552924238583346096e+03	2.088810909544858985e-01	1.334197953744979126e-01	2.774885225878748751e-01	1.736198741164842463e-01	8.129143642932150360e-02	3.544435584044309390e-02	8.985492469669326132e-02
1.557762008797001272e+03	2.084424560053640407e-01	1.331235358583527095e-01	2.777663758230479174e-01	1.738158422259046820e-01	8.137373103220946202e-02	3.550080892562258728e-02	8.997725012929942701e-02
1.562599779010656675e+03	2.080063394690104817e-01	1.328288951018408992e-01	2.780426314751773265e-01	1.740106793789208406e-01	8.145558227583742095e-02	3.555699865132858073e-02	9.009887364768535967e-02
1.567437549224311852e+03	2.075727269483615689e-01	1.325358641620776323e-01	2.783172992900516118e-01	1.742043918762831156e-01	8.153699258417795859e-02	3.561292595941541878e-02	9.021979917943354077e-02
1.572275319437967255e+03	2.071416041291218868e-01	1.322444341457607309e-01	2.785903889448574366e-01	1.743969859877458617e-01	8.161796436761915852e-02	3.566859179254975448e-02	9.034003063214594842e-02
1.577113089651622431e+03	2.067129567792740097e-01	1.319545962089000712e-01	2.788619100488189950e-01	1.745884679521421401e-01	8.169850002302869729e-02	3.572399709413246610e-02	9.045957189350432859e-02
1.581950859865277607e+03	2.062867707485916413e-01	1.316663415565483275e-01	2.791318721438290074e-01	1.747788439774601577e-01	8.177860193381851495e-02	3.577914280822176024e-02	9.057842683133129902e-02
1.586788630078933011e+03	2.058630319681558352e-01	1.313796614425331299e-01	2.794002847050708893e-01	1.749681202409207326e-01	8.185827247001022100e-02	3.583402987945762119e-02	9.069659929365227191e-02
1.591626400292587959e+03	2.054417264498744067e-01	1.310945471691904729e-01	2.796671571416330382e-01	1.751563028890564255e-01	8.193751398830084742e-02	3.588865925298739129e-02	9.081409310875815377e-02
1.596464170506243590e+03	2.050228402860042876e-01	1.308109900870994546e-01	2.799324987971145151e-01	1.753433980377918366e-01	8.201632883212925385e-02	3.594303187439266273e-02	9.093091208526868363e-02
1.601301940719898766e+03	2.046063596486770442e-01	1.305289815948185994e-01	2.801963189502227891e-01	1.755294117725252900e-01	8.209471933174296299e-02	3.599714868961732817e-02	9.104706001219667333e-02
1.606139710933553943e+03	2.041922707894274769e-01	1.302485131386232620e-01	2.804586268153634876e-01	1.757143501482116288e-01	8.217268780426528751e-02	3.605101064489685952e-02	9.116254065901266412e-02
1.610977481147209119e+03	2.037805600387251337e-01	1.299695762122445031e-01	2.807194315432225418e-01	1.758982191894462865e-01	8.225023655376298426e-02	3.610461868668878027e-02	9.127735777571040210e-02
1.615815251360864750e+03	2.033712138055088769e-01	1.296921623566091586e-01	2.809787422213407271e-01	1.760810248905506081e-01	8.232736787131408884e-02	3.615797376160428955e-02	9.139151509287286868e-02
1.620653021574519926e+03	2.029642185767244478e-01	1.294162631595814628e-01	2.812365678746804876e-01	1.762627732156580862e-01	8.240408403507613888e-02	3.621107681634107983e-02	9.150501632173892175e-02
1.625490791788175102e+03	2.025595609168649169e-01	1.291418702557057818e-01	2.814929174661856548e-01	1.764434700988020133e-01	8.248038731035457760e-02	3.626392879761727167e-02	9.161786515427042255e-02
1.630328562001830505e+03	2.021572274675141612e-01	1.288689753259507631e-01	2.817477998973338948e-01	1.766231214440039110e-01	8.255627994967137950e-02	3.631653065210654202e-02	9.173006526321998699e-02
1.635166332215485909e+03	2.017572049468930873e-01	1.285975700974547609e-01	2.820012240086821054e-01	1.768017331253631808e-01	8.263176419283396745e-02	3.636888332637432109e-02	9.184162030219920891e-02
1.640004102429141085e+03	2.013594801494089648e-01	1.283276463432726777e-01	2.822531985804047627e-01	1.769793109871476977e-01	8.270684226700406039e-02	3.642098776681516881e-02	9.195253390574732733e-02
1.644841872642796488e+03	2.009640399452073956e-01	1.280591958821239162e-01	2.825037323328255523e-01	1.771558608438854043e-01	8.278151638676682633e-02	3.647284491959118524e-02	9.206280968940043496e-02
1.649679642856451665e+03	2.005708712797272530e-01	1.277922105781417461e-01	2.827528339269423374e-01	1.773313884804567364e-01	8.285578875420004930e-02	3.652445573057156586e-02	9.217245124976104764e-02
1.654517413070107068e+03	2.001799611732583972e-01	1.275266823406239480e-01	2.830005119649454115e-01	1.775058996521881316e-01	8.292966155894339331e-02	3.657582114527320460e-02	9.228146216456818707e-02
1.659355183283762244e+03	1.997912967205022483e-01	1.272626031237847899e-01	2.832467749907294774e-01	1.776794000849463706e-01	8.300313697826765258e-02	3.662694210880238638e-02	9.238984599276772736e-02
1.664192953497417420e+03	1.994048650901351083e-01	1.269999649265081409e-01	2.834916314903989654e-01	1.778518954752335846e-01	8.307621717714404330e-02	3.667781956579752034e-02	9.249760627458324114e-02
1.669030723711072824e+03	1.990206535243741193e-01	1.267387597921020848e-01	2.837350898927674669e-01	1.780233914902834003e-01	8.314890430831348156e-02	3.672845446037290712e-02	9.260474653158712321e-02
1.673868493924728000e+03	1.986386493385461083e-01	1.264789798080545591e-01	2.839771585698508405e-01	1.781938937681576129e-01	8.322120051235581961e-02	3.677884773606354685e-02	9.271127026677207505e-02
1.678706264138383403e+03	1.982588399206591800e-01	1.262206171057904391e-01	2.842178458373542660e-01	1.783634079178436915e-01	8.329310791775901279e-02	3.682900033577096721e-02	9.281718096462292233e-02
1.683544034352038352e+03	1.978812127309768354e-01	1.259636638604297865e-01	2.844571599551536378e-01	1.785319395193531999e-01	8.336462864098828640e-02	3.687891320171002990e-02	9.292248209118872393e-02
1.688381804565693983e+03	1.975057553015948097e-01	1.257081122905474857e-01	2.846951091277705181e-01	1.786994941238206625e-01	8.343576478655508055e-02	3.692858727535674318e-02	9.302717709415510294e-02
1.693219574779349159e+03	1.971324552360207982e-01	1.254539546579339082e-01	2.849317015048424273e-01	1.788660772536032617e-01	8.350651844708596727e-02	3.697802349739708061e-02	9.313126940291700795e-02
1.698057344993004335e+03	1.967613002087564567e-01	1.252011832673570468e-01	2.851669451815861400e-01	1.790316944023811474e-01	8.357689170339141493e-02	3.702722280767673652e-02	9.323476242865150199e-02
1.702895115206659511e+03	1.963922779648822337e-01	1.249497904663257192e-01	2.854008481992568735e-01	1.791963510352585498e-01	8.364688662453441392e-02	3.707618614515181127e-02	9.333765956439092626e-02
1.707732885420315142e+03	1.960253763196447563e-01	1.246997686448541587e-01	2.856334185456007591e-01	1.793600525888651154e-01	8.371650526789893576e-02	3.712491444784050271e-02	9.343996418509625812e-02
1.712570655633970318e+03	1.956605831580469357e-01	1.244511102352277576e-01	2.858646641553030388e-01	1.795228044714582416e-01	8.378574967925817019e-02	3.717340865277567880e-02	9.354167964773066335e-02
1.717408425847625494e+03	1.952978864344402654e-01	1.242038077117699757e-01	2.860945929104302121e-01	1.796846120630257726e-01	8.385462189284263734e-02	3.722166969595839398e-02	9.364280929133324272e-02
1.722246196061280898e+03	1.949372741721200342e-01	1.239578535906106088e-01	2.863232126408673528e-01	1.798454807153891388e-01	8.392312393140807791e-02	3.726969851231227288e-02	9.374335643709290344e-02
1.727083966274936301e+03	1.945787344629229809e-01	1.237132404294551818e-01	2.865505311247505960e-01	1.800054157523072740e-01	8.399125780630306570e-02	3.731749603563887241e-02	9.384332438842246660e-02
1.731921736488591478e+03	1.942222554668271151e-01	1.234699608273555071e-01	2.867765560888938525e-01	1.801644224695807817e-01	8.405902551753648144e-02	3.736506319857381409e-02	9.394271643103288549e-02
1.736759506702246881e+03	1.938678254115546451e-01	1.232280074244816448e-01	2.870012952092113045e-01	1.803225061351567127e-01	8.412642905384470904e-02	3.741240093254386695e-02	9.404153583300754737e-02
1.741597276915902057e+03	1.935154325921767671e-01	1.229873729018947925e-01	2.872247561111349601e-01	1.804796719892337309e-01	8.419347039275851263e-02	3.745951016772489095e-02	9.413978584487676937e-02
1.746435047129557461e+03	1.931650653707212562e-01	1.227480499813215775e-01	2.874469463700272120e-01	1.806359252443676400e-01	8.426015150066981652e-02	3.750639183300056440e-02	9.423746969969240550e-02
1.751272817343212637e+03	1.928167121757823899e-01	1.225100314249294858e-01	2.876678735115885677e-01	1.807912710855775484e-01	8.432647433289802708e-02	3.755304685592201347e-02	9.433459061310245364e-02
1.756110587556867813e+03	1.924703615021333136e-01	1.222733100351034441e-01	2.878875450122613255e-01	1.809457146704520625e-01	8.439244083375618821e-02	3.759947616266821890e-02	9.443115178342588456e-02
1.760948357770523216e+03	1.921260019103407657e-01	1.220378786542235527e-01	2.881059682996283122e-01	1.810992611292562005e-01	8.445805293661684532e-02	3.764568067800727613e-02	9.452715639172744322e-02
1.765786127984178393e+03	1.917836220263822167e-01	1.218037301644441239e-01	2.883231507528071225e-01	1.812519155650384739e-01	8.452331256397754844e-02	3.769166132525844648e-02	9.462260760189250552e-02
1.770623898197833569e+03	1.914432105412652851e-01	1.215708574874737324e-01	2.885390997028399740e-01	1.814036830537382461e-01	8.458822162752620277e-02	3.773741902625494388e-02	9.471750856070208779e-02
1.775461668411488745e+03	1.911047562106495956e-01	1.213392535843565434e-01	2.887538224330795100e-01	1.815545686442934792e-01	8.465278202820591957e-02	3.778295470130760281e-02	9.481186239790781456e-02
1.780299438625144376e+03	1.907682478544710514e-01	1.211089114552547502e-01	2.889673261795699943e-01	1.817045773587488700e-01	8.471699565627965889e-02	3.782826926916924015e-02	9.490567222630690025e-02
1.785137208838799552e+03	1.904336743565681889e-01	1.208798241392322059e-01	2.891796181314245096e-01	1.818537141923639577e-01	8.478086439139459474e-02	3.787336364699977337e-02	9.499894114181725580e-02
1.789974979052454728e+03	1.901010246643108914e-01	1.206519847140391233e-01	2.893907054311979365e-01	1.820019841137218430e-01	8.484439010264602232e-02	3.791823875033215746e-02	9.509167222355248417e-02
1.794812749266109904e+03	1.897702877882316286e-01	1.204253862958979820e-01	2.896005951752558261e-01	1.821493920648379061e-01	8.490757464864109871e-02	3.796289549303895339e-02	9.518386853389698699e-02
1.799650519479765535e+03	1.894414528016586663e-01	1.202000220392906160e-01	2.898092944141394400e-01	1.822959429612688587e-01	8.497041987756211168e-02	3.800733478729972914e-02	9.527553311858097396e-02
1.804488289693420711e+03	1.891145088403515806e-01	1.199758851367463131e-01	2.900168101529265741e-01	1.824416416922218231e-01	8.503292762722944320e-02	3.805155754356909226e-02	9.536666900675555558e-02
1.809326059907075887e+03	1.887894451021391029e-01	1.197529688186311780e-01	2.902231493515886607e-01	1.825864931206639397e-01	8.509509972516431098e-02	3.809556467054547868e-02	9.545727921106775260e-02
1.814163830120731291e+03	1.884662508465591857e-01	1.195312663529384811e-01	2.904283189253440423e-01	1.827305020834316951e-01	8.515693798865099640e-02	3.813935707514059387e-02	9.554736672773543604e-02
1.819001600334386467e+03	1.881449153945011499e-01	1.193107710450802689e-01	2.906323257450074138e-01	1.828736733913408630e-01	8.521844422479873948e-02	3.818293566244959636e-02	9.563693453662235056e-02
1.823839370548041643e+03	1.878254281278500804e-01	1.190914762376799746e-01	2.908351766373356573e-01	1.830160118292962768e-01	8.527962023060350893e-02	3.822630133572191280e-02	9.572598560131294343e-02
1.828677140761696819e+03	1.875077784891334698e-01	1.188733753103662499e-01	2.910368783853698460e-01	1.831575221564017419e-01	8.534046779300906438e-02	3.826945499633271214e-02	9.581452286918730465e-02
1.833514910975352450e+03	1.871919559811697775e-01	1.186564616795677263e-01	2.912374377287735849e-01	1.832982091060703367e-01	8.540098868896796314e-02	3.831239754375505985e-02	9.590254927149584330e-02
1.838352681189008081e+03	1.868779501667195420e-01	1.184407287983090667e-01	2.914368613641683536e-01	1.834380773861344349e-01	8.546118468550205349e-02	3.835512987553273828e-02	9.599006772343417204e-02
1.843190451402663257e+03	1.865657506681381028e-01	1.182261701560079481e-01	2.916351559454643527e-01	1.835771316789560625e-01	8.552105753976266267e-02	3.839765288725360826e-02	9.607708112421761704e-02
1.848028221616318433e+03	1.862553471670309879e-01	1.180127792782733054e-01	2.918323280841887968e-01	1.837153766415372536e-01	8.558060899909035457e-02	3.843996747252373392e-02	9.616359235715585263e-02
1.852865991829973609e+03	1.859467294039108820e-01	1.178005497267044926e-01	2.920283843498105436e-01	1.838528169056305173e-01	8.563984080107447938e-02	3.848207452294200720e-02	9.624960428972736959e-02
1.857703762043628785e+03	1.856398871778569826e-01	1.175894750986916232e-01	2.922233312700609487e-01	1.839894570778492222e-01	8.569875467361216803e-02	3.852397492807543150e-02	9.633511977365390166e-02
1.862541532257283961e+03	1.853348103461763818e-01	1.173795490272169367e-01	2.924171753312521660e-01	1.841253017397780634e-01	8.575735233496709076e-02	3.856566957543499513e-02	9.642014164497468565e-02
1.867379302470939592e+03	1.850314888240673361e-01	1.171707651806572770e-01	2.926099229785912859e-01	1.842603554480836958e-01	8.581563549382784095e-02	3.860715935045215541e-02	9.650467272412066588e-02
1.872217072684594768e+03	1.847299125842850054e-01	1.169631172625875543e-01	2.928015806164923629e-01	1.843946227346250910e-01	8.587360584936586105e-02	3.864844513645585011e-02	9.658871581598853229e-02
1.877054842898249490e+03	1.844300716568085530e-01	1.167565990115853464e-01	2.929921546088840589e-01	1.845281081065642259e-01	8.593126509129311863e-02	3.868952781465014729e-02	9.667227371001473057e-02
1.881892613111905121e+03	1.841319561285108541e-01	1.165512042010365817e-01	2.931816512795152319e-01	1.846608160464764947e-01	8.598861489991935225e-02	3.873040826409238774e-02	9.675534918024929210e-02
1.886730383325560297e+03	1.838355561428298701e-01	1.163469266389421247e-01	2.933700769122565832e-01	1.847927510124611206e-01	8.604565694620894267e-02	3.877108736167193814e-02	9.683794498542951101e-02
1.891568153539215928e+03	1.835408618994422147e-01	1.161437601677255266e-01	2.935574377513999744e-01	1.849239174382517892e-01	8.610239289183747868e-02	3.881156598208946457e-02	9.692006386905359372e-02
1.896405923752871104e+03	1.832478636539384143e-01	1.159416986640417757e-01	2.937437400019543565e-01	1.850543197333267553e-01	8.615882438924789277e-02	3.885184499783674722e-02	9.700170855945401682e-02
1.901243693966526507e+03	1.829565517175004985e-01	1.157407360385871581e-01	2.939289898299387027e-01	1.851839622830194487e-01	8.621495308170624983e-02	3.889192527917701564e-02	9.708288176987089901e-02
1.906081464180181683e+03	1.826669164565810632e-01	1.155408662359100058e-01	2.941131933626722206e-01	1.853128494486285527e-01	8.627078060335718890e-02	3.893180769412579734e-02	9.716358619852510925e-02
1.910919234393836859e+03	1.823789482925848859e-01	1.153420832342224867e-01	2.942963566890616778e-01	1.854409855675282770e-01	8.632630857927900414e-02	3.897149310843232850e-02	9.724382452869134719e-02
1.915757004607492036e+03	1.820926377015516795e-01	1.151443810452136007e-01	2.944784858598857302e-01	1.855683749532784088e-01	8.638153862553832329e-02	3.901098238556140185e-02	9.732359942877089054e-02
1.920594774821147894e+03	1.818079752138415384e-01	1.149477537138629685e-01	2.946595868880765856e-01	1.856950218957343635e-01	8.643647234924449474e-02	3.905027638667573492e-02	9.740291355236437021e-02
1.925432545034802843e+03	1.815249514138217168e-01	1.147521953182557286e-01	2.948396657489990580e-01	1.858209306611569578e-01	8.649111134860346106e-02	3.908937597061884484e-02	9.748176953834426783e-02
1.930270315248458019e+03	1.812435569395555446e-01	1.145576999693984493e-01	2.950187283807264582e-01	1.859461054923223777e-01	8.654545721297152161e-02	3.912828199389840195e-02	9.756017001092727459e-02
1.935108085462113195e+03	1.809637824824931740e-01	1.143642618110359832e-01	2.951967806843142639e-01	1.860705506086316741e-01	8.659951152290848442e-02	3.916699531067000667e-02	9.763811757974646954e-02
1.939945855675768371e+03	1.806856187871640484e-01	1.141718750194693766e-01	2.953738285240707917e-01	1.861942702062202859e-01	8.665327585023062384e-02	3.920551677272151453e-02	9.771561483992340091e-02
1.944783625889424002e+03	1.804090566508713689e-01	1.139805338033747367e-01	2.955498777278255940e-01	1.863172684580675642e-01	8.670675175806322188e-02	3.924384722945771509e-02	9.779266437213986196e-02
1.949621396103079178e+03	1.801340869233884201e-01	1.137902324036230567e-01	2.957249340871950238e-01	1.864395495141057402e-01	8.675994080089272087e-02	3.928198752788558679e-02	9.786926874270952814e-02
1.954459166316734354e+03	1.798607005066564790e-01	1.136009650931011361e-01	2.958990033578451362e-01	1.865611175013293099e-01	8.681284452461858481e-02	3.931993851259986406e-02	9.794543050364951098e-02
1.959296936530389530e+03	1.795888883544848325e-01	1.134127261765332934e-01	2.960720912597526455e-01	1.866819765239036977e-01	8.686546446660485532e-02	3.935770102576913870e-02	9.802115219275156499e-02
1.964134706744044706e+03	1.793186414722523214e-01	1.132255099903042017e-01	2.962442034774627198e-01	1.868021306632740852e-01	8.691780215573113866e-02	3.939527590712234295e-02	9.809643633365323911e-02
1.968972476957700337e+03	1.790499509166108283e-01	1.130393109022826276e-01	2.964153456603447201e-01	1.869215839782739641e-01	8.696985911244350942e-02	3.943266399393566962e-02	9.817128543590869505e-02
1.973810247171355968e+03	1.787828077951904848e-01	1.128541233116461401e-01	2.965855234228455539e-01	1.870403405052334656e-01	8.702163684880494243e-02	3.946986612101988784e-02	9.824570199505952561e-02
1.978648017385010689e+03	1.785172032663065456e-01	1.126699416487067923e-01	2.967547423447403632e-01	1.871584042580875795e-01	8.707313686854535606e-02	3.950688312070810976e-02	9.831968849270512900e-02
1.983485787598666320e+03	1.782531285386683706e-01	1.124867603747376765e-01	2.969230079713813253e-01	1.872757792284840961e-01	8.712436066711139182e-02	3.954371582284389730e-02	9.839324739657309693e-02
1.988323557812321269e+03	1.779905748710895186e-01	1.123045739818005900e-01	2.970903258139434566e-01	1.873924693858913526e-01	8.717530973171586095e-02	3.958036505476981298e-02	9.846638116058924195e-02
1.993161328025976900e+03	1.777295335722001435e-01	1.121233769925744361e-01	2.972567013496688060e-01	1.875084786777058421e-01	8.722598554138671911e-02	3.961683164131635931e-02	9.853909222494751374e-02
1.997999098239632076e+03	1.774699960001608068e-01	1.119431639601847633e-01	2.974221400221079281e-01	1.876238110293595163e-01	8.727638956701590234e-02	3.965311640479124433e-02	9.861138301617967949e-02
2.002836868453287707e+03	1.772119535623780939e-01	1.117639294680340123e-01	2.975866472413593589e-01	1.877384703444268388e-01	8.732652327140769111e-02	3.968922016496907734e-02	9.868325594722475447e-02
2.007674638666942428e+03	1.769553977152218127e-01	1.115856681296329561e-01	2.977502283843068143e-01	1.878524605047317553e-01	8.737638810932676914e-02	3.972514373908143936e-02	9.875471341749825216e-02
2.012512408880597604e+03	1.767003199637440236e-01	1.114083745884328625e-01	2.979128887948543358e-01	1.879657853704542747e-01	8.742598552754592134e-02	3.976088794180725194e-02	9.882575781296119855e-02
2.017350179094252780e+03	1.764467118613996244e-01	1.112320435176585992e-01	2.980746337841587157e-01	1.880784487802368565e-01	8.747531696489350972e-02	3.979645358526358312e-02	9.889639150618896590e-02
2.022187949307908411e+03	1.761945650097685723e-01	1.110566696201427811e-01	2.982354686308608671e-01	1.881904545512905202e-01	8.752438385230053297e-02	3.983184147899675870e-02	9.896661685643984296e-02
2.027025719521564042e+03	1.759438710582798826e-01	1.108822476281606795e-01	2.983953985813139753e-01	1.883018064795008439e-01	8.757318761284732522e-02	3.986705242997379967e-02	9.903643620972338302e-02
2.031863489735218764e+03	1.756946217039371816e-01	1.107087723032660759e-01	2.985544288498103160e-01	1.884125083395335187e-01	8.762172966181003275e-02	3.990208724257425510e-02	9.910585189886852997e-02
2.036701259948874394e+03	1.754468086910457858e-01	1.105362384361281147e-01	2.987125646188056871e-01	1.885225638849397090e-01	8.767001140670672987e-02	3.993694671858233347e-02	9.917486624359156400e-02
2.041539030162529116e+03	1.752004238109416134e-01	1.103646408463688638e-01	2.988698110391419527e-01	1.886319768482612180e-01	8.771803424734318788e-02	3.997163165717933231e-02	9.924348155056372800e-02
2.046376800376184747e+03	1.749554589017214556e-01	1.101939743824019852e-01	2.990261732302677000e-01	1.887407509411352380e-01	8.776579957585835257e-02	4.000614285493647726e-02	9.931170011347865978e-02
2.051214570589840150e+03	1.747119058479750520e-01	1.100242339212721410e-01	2.991816562804565649e-01	1.888488898543989047e-01	8.781330877676950253e-02	4.004048110580798320e-02	9.937952421311968543e-02
2.056052340803495554e+03	1.744697565805187478e-01	1.098554143684952605e-01	2.993362652470238916e-01	1.889563972581936313e-01	8.786056322701715771e-02	4.007464720112447615e-02	9.944695611742668251e-02
2.060890111017150957e+03	1.742290030761303732e-01	1.096875106578998060e-01	2.994900051565415056e-01	1.890632768020689969e-01	8.790756429600947441e-02	4.010864192958672747e-02	9.951399808156292937e-02
2.065727881230805451e+03	1.739896373572862032e-01	1.095205177514688988e-01	2.996428810050503766e-01	1.891695321150865250e-01	8.795431334566666814e-02	4.014246607725966559e-02	9.958065234798152421e-02
2.070565651444461309e+03	1.737516514918990285e-01	1.093544306391831394e-01	2.997948977582715058e-01	1.892751668059230730e-01	8.800081173046477023e-02	4.017612042756666529e-02	9.964692114649167931e-02
2.075403421658116713e+03	1.735150375930581135e-01	1.091892443388645384e-01	2.999460603518150914e-01	1.893801844629737774e-01	8.804706079747937064e-02	4.020960576128417702e-02	9.971280669432475152e-02
2.080241191871772116e+03	1.732797878187704588e-01	1.090249538960211401e-01	3.000963736913876967e-01	1.894845886544549995e-01	8.809306188642886115e-02	4.024292285653662676e-02	9.977831119620000910e-02
2.085078962085427065e+03	1.730458943717035902e-01	1.088615543836925492e-01	3.002458426529975855e-01	1.895883829285067990e-01	8.813881632971752589e-02	4.027607248879154500e-02	9.984343684439016264e-02
2.089916732299082469e+03	1.728133494989300412e-01	1.086990409022963178e-01	3.003944720831582815e-01	1.896915708132951017e-01	8.818432545247825716e-02	4.030905543085505638e-02	9.990818581878668780e-02
2.094754502512737417e+03	1.725821454916731668e-01	1.085374085794751503e-01	3.005422667990906849e-01	1.897941558171134802e-01	8.822959057261492433e-02	4.034187245286754292e-02	9.997256028696482888e-02
2.099592272726392821e+03	1.723522746850544574e-01	1.083766525699449979e-01	3.006892315889228007e-01	1.898961414284847660e-01	8.827461300084463169e-02	4.037452432229968191e-02	1.000365624042484497e-01
2.104430042940048224e+03	1.721237294578425170e-01	1.082167680553439704e-01	3.008353712118883583e-01	1.899975311162622749e-01	8.831939404073949063e-02	4.040701180394862951e-02	1.001001943137745376e-01
2.109267813153704083e+03	1.718965022322032632e-01	1.080577502440820403e-01	3.009806903985234317e-01	1.900983283297307813e-01	8.836393498876821129e-02	4.043933565993455131e-02	1.001634581465575546e-01
2.114105583367359031e+03	1.716705854734517367e-01	1.078995943711916206e-01	3.011251938508612835e-01	1.901985364987069382e-01	8.840823713433738906e-02	4.047149664969736799e-02	1.002263560215534838e-01
2.118943353581013525e+03	1.714459716898054376e-01	1.077422956981789748e-01	3.012688862426258773e-01	1.902981590336396689e-01	8.845230175983251342e-02	4.050349552999372993e-02	1.002888900457236249e-01
2.123781123794669384e+03	1.712226534321388827e-01	1.075858495128764469e-01	3.014117722194233906e-01	1.903971993257100315e-01	8.849613014065868533e-02	4.053533305489428334e-02	1.003510623140981550e-01
2.128618894008324787e+03	1.710006232937398285e-01	1.074302511292954537e-01	3.015538563989321741e-01	1.904956607469307783e-01	8.853972354528105715e-02	4.056700997578110979e-02	1.004128749098394252e-01
2.133456664221980191e+03	1.707798739100667984e-01	1.072754958874803100e-01	3.016951433710914898e-01	1.905935466502456932e-01	8.858308323526500883e-02	4.059852704134547102e-02	1.004743299043050486e-01
2.138294434435635139e+03	1.705603979585080532e-01	1.071215791533629835e-01	3.018356376982880285e-01	1.906908603696283733e-01	8.862621046531604652e-02	4.062988499758572736e-02	1.005354293571106561e-01
2.143132204649290543e+03	1.703421881581419772e-01	1.069684963186184057e-01	3.019753439155411501e-01	1.907876052201809280e-01	8.866910648331939593e-02	4.066108458780549884e-02	1.005961753161924849e-01
2.147969974862945492e+03	1.701252372694988801e-01	1.068162428005208220e-01	3.021142665306869035e-01	1.908837844982321230e-01	8.871177253037940136e-02	4.069212655261206929e-02	1.006565698178696344e-01
2.152807745076601350e+03	1.699095380943241862e-01	1.066648140418008511e-01	3.022524100245598810e-01	1.909794014814352736e-01	8.875420984085859166e-02	4.072301162991497081e-02	1.007166148869061278e-01
2.157645515290255844e+03	1.696950834753429282e-01	1.065142055105032376e-01	3.023897788511739626e-01	1.910744594288657783e-01	8.879641964241648255e-02	4.075374055492480413e-02	1.007763125365726681e-01
2.162483285503912157e+03	1.694818662960257960e-01	1.063644126998455480e-01	3.025263774379014503e-01	1.911689615811183740e-01	8.883840315604819848e-02	4.078431406015228106e-02	1.008356647687082136e-01
2.167321055717567106e+03	1.692698794803563500e-01	1.062154311280776031e-01	3.026622101856507596e-01	1.912629111604038368e-01	8.888016159612267819e-02	4.081473287540742650e-02	1.008946735737812073e-01
2.172158825931222509e+03	1.690591159925997622e-01	1.060672563383415756e-01	3.027972814690425007e-01	1.913563113706455154e-01	8.892169617042081087e-02	4.084499772779903726e-02	1.009533409309505969e-01
2.176996596144877003e+03	1.688495688370727776e-01	1.059198838985330321e-01	3.029315956365843943e-01	1.914491653975755048e-01	8.896300808017318373e-02	4.087510934173429339e-02	1.010116688081266062e-01
2.181834366358532861e+03	1.686412310579150642e-01	1.057733094011626684e-01	3.030651570108442439e-01	1.915414764088302635e-01	8.900409852009760758e-02	4.090506843891859867e-02	1.010696591620312418e-01
2.186672136572187810e+03	1.684340957388620053e-01	1.056275284632187533e-01	3.031979698886221875e-01	1.916332475540462321e-01	8.904496867843639252e-02	4.093487573835558058e-02	1.011273139382585090e-01
2.191509906785843214e+03	1.682281560030185752e-01	1.054825367260304320e-01	3.033300385411208944e-01	1.917244819649546739e-01	8.908561973699342940e-02	4.096453195634731231e-02	1.011846350713344195e-01
2.196347676999498617e+03	1.680234050126347134e-01	1.053383298551317515e-01	3.034613672141145413e-01	1.918151827554764877e-01	8.912605287117085495e-02	4.099403780649467366e-02	1.012416244847767072e-01
2.201185447213154021e+03	1.678198359688819474e-01	1.051949035401264360e-01	3.035919601281169000e-01	1.919053530218164660e-01	8.916626925000573078e-02	4.102339399969793382e-02	1.012982840911542948e-01
2.206023217426809424e+03	1.676174421116314317e-01	1.050522534945533826e-01	3.037218214785473713e-01	1.919949958425571923e-01	8.920627003620627826e-02	4.105260124415748696e-02	1.013546157921465518e-01
2.210860987640464373e+03	1.674162167192331241e-01	1.049103754557529633e-01	3.038509554358960751e-01	1.920841142787527434e-01	8.924605638618786363e-02	4.108166024537478894e-02	1.014106214786021642e-01
2.215698757854119776e+03	1.672161531082961838e-01	1.047692651847340478e-01	3.039793661458872753e-01	1.921727113740218928e-01	8.928562945010892760e-02	4.111057170615339124e-02	1.014663030305979069e-01
2.220536528067775180e+03	1.670172446334710070e-01	1.046289184660417620e-01	3.041070577296422495e-01	1.922607901546408704e-01	8.932499037190651248e-02	4.113933632660024542e-02	1.015216623174970273e-01
2.225374298281430583e+03	1.668194846872319281e-01	1.044893311076259129e-01	3.042340342838397715e-01	1.923483536296359264e-01	8.936414028933152565e-02	4.116795480412709790e-02	1.015767011980074630e-01
2.230212068495085077e+03	1.666228666996619201e-01	1.043504989407103012e-01	3.043602998808762061e-01	1.924354047908753973e-01	8.940308033398397525e-02	4.119642783345205811e-02	1.016314215202397259e-01
2.235049838708740936e+03	1.664273841382379326e-01	1.042124178196626033e-01	3.044858585690238817e-01	1.925219466131614932e-01	8.944181163134776180e-02	4.122475610660132628e-02	1.016858251217645781e-01
2.239887608922396339e+03	1.662330305076177017e-01	1.040750836218650999e-01	3.046107143725882982e-01	1.926079820543215582e-01	8.948033530082534492e-02	4.125294031291110164e-02	1.017399138296704586e-01
2.244725379136052197e+03	1.660397993494280300e-01	1.039384922475859868e-01	3.047348712920640024e-01	1.926935140552992476e-01	8.951865245577214636e-02	4.128098113902961552e-02	1.017936894606205761e-01
2.249563149349706237e+03	1.658476842420537056e-01	1.038026396198515472e-01	3.048583333042894639e-01	1.927785455402449555e-01	8.955676420353077261e-02	4.130887926891929629e-02	1.018471538209098082e-01
2.254400919563362095e+03	1.656566788004283641e-01	1.036675216843189334e-01	3.049811043626006191e-01	1.928630794166062146e-01	8.959467164546495999e-02	4.133663538385910774e-02	1.019003087065213919e-01
2.259238689777017044e+03	1.654667766758259606e-01	1.035331344091497269e-01	3.051031883969829162e-01	1.929471185752174300e-01	8.963237587699329767e-02	4.136425016244703323e-02	1.019531559031831985e-01
2.264076459990672902e+03	1.652779715556537965e-01	1.033994737848841355e-01	3.052245893142228050e-01	1.930306658903894745e-01	8.966987798762279804e-02	4.139172428060266390e-02	1.020056971864239242e-01
