1.001418434226643626e+03	2.797943121759500773e-01	1.807622798740267100e-01	2.349134859716496826e-01	1.408742463163525083e-01	6.811302068711014290e-02	2.672743775679313136e-02	6.881521721791714064e-02
1.002869765290740247e+03	2.795386927319522541e-01	1.805971434715713531e-01	2.350941902420515539e-01	1.409804679097448887e-01	6.815747021216521373e-02	2.675140317272708609e-02	6.888063225958704350e-02
1.004321096354836754e+03	2.792835089366401680e-01	1.804322835857879725e-01	2.352745660548805628e-01	1.410865144268698412e-01	6.820184925781498653e-02	2.677533040843257592e-02	6.894594732937327219e-02
1.005772427418933376e+03	2.790287600543147062e-01	1.802676997454356611e-01	2.354546139914230063e-01	1.411923861828434379e-01	6.824615793791810603e-02	2.679921952808280577e-02	6.901116255978165248e-02
1.007223758483029997e+03	2.787744453505186515e-01	1.801033914800834468e-01	2.356343346319707543e-01	1.412980834920240514e-01	6.829039636615459596e-02	2.682307059574270264e-02	6.907627808330513153e-02
1.008675089547126618e+03	2.785205640920350723e-01	1.799393583201089608e-01	2.358137285558225826e-01	1.414036066680155468e-01	6.833456465602558150e-02	2.684688367536911327e-02	6.914129403242247340e-02
1.010126420611223239e+03	2.782671155468847135e-01	1.797755997966969388e-01	2.359927963412858098e-01	1.415089560236708066e-01	6.837866292085324760e-02	2.687065883081097423e-02	6.920621053959688518e-02
1.011577751675319632e+03	2.780140989843241095e-01	1.796121154418378885e-01	2.361715385656775468e-01	1.416141318710948949e-01	6.842269127378064475e-02	2.689439612580950614e-02	6.927102773727469853e-02
1.013029082739416367e+03	2.777615136748437519e-01	1.794489047883267019e-01	2.363499558053263616e-01	1.417191345216484988e-01	6.846664982777152242e-02	2.691809562399838027e-02	6.933574575788410688e-02
1.014480413803512761e+03	2.775093588901653141e-01	1.792859673697612954e-01	2.365280486355736123e-01	1.418239642859511207e-01	6.851053869561020415e-02	2.694175738890391622e-02	6.940036473383381921e-02
1.015931744867609382e+03	2.772576339032401527e-01	1.791233027205412220e-01	2.367058176307750561e-01	1.419286214738842145e-01	6.855435798990160146e-02	2.696538148394525547e-02	6.946488479751176948e-02
1.017383075931706003e+03	2.770063379882466981e-01	1.789609103758662279e-01	2.368832633643022101e-01	1.420331063945946548e-01	6.859810782307103338e-02	2.698896797243453480e-02	6.952930608128385370e-02
1.018834406995802851e+03	2.767554704205889005e-01	1.787987898717349478e-01	2.370603864085438217e-01	1.421374193564976796e-01	6.864178830736417103e-02	2.701251691757708059e-02	6.959362871749266710e-02
1.020285738059899245e+03	2.765050304768935652e-01	1.786369407449435731e-01	2.372371873349073679e-01	1.422415606672800537e-01	6.868539955484695425e-02	2.703602838247158580e-02	6.965785283845614406e-02
1.021737069123995752e+03	2.762550174350086318e-01	1.784753625330843807e-01	2.374136667138205814e-01	1.423455306339033721e-01	6.872894167740561944e-02	2.705950243011027989e-02	6.972197857646640629e-02
1.023188400188092373e+03	2.760054305740008984e-01	1.783140547745444282e-01	2.375898251147327278e-01	1.424493295626069744e-01	6.877241478674664399e-02	2.708293912337911627e-02	6.978600606378843052e-02
1.024639731252188767e+03	2.757562691741541339e-01	1.781530170085041664e-01	2.377656631061162984e-01	1.425529577589110530e-01	6.881581899439670469e-02	2.710633852505795957e-02	6.984993543265885507e-02
1.026091062316285615e+03	2.755075325169666911e-01	1.779922487749360793e-01	2.379411812554684258e-01	1.426564155276198176e-01	6.885915441170269158e-02	2.712970069782075222e-02	6.991376681528474468e-02
1.027542393380382237e+03	2.752592198851496197e-01	1.778317496146033239e-01	2.381163801293121884e-01	1.427597031728243260e-01	6.890242114983168020e-02	2.715302570423569484e-02	6.997750034384229989e-02
1.028993724444478858e+03	2.750113305626246119e-01	1.776715190690583701e-01	2.382912602931982760e-01	1.428628209979056485e-01	6.894561931977104263e-02	2.717631360676542665e-02	7.004113615047573294e-02
1.030445055508575479e+03	2.747638638345218376e-01	1.775115566806416689e-01	2.384658223117063214e-01	1.429657693055377543e-01	6.898874903232833644e-02	2.719956446776720244e-02	7.010467436729596324e-02
1.031896386572671872e+03	2.745168189871778908e-01	1.773518619924802364e-01	2.386400667484464555e-01	1.430685483976903982e-01	6.903181039813145736e-02	2.722277834949308334e-02	7.016811512637950721e-02
1.033347717636768493e+03	2.742701953081337352e-01	1.771924345484863772e-01	2.388139941660607501e-01	1.431711585756322014e-01	6.907480352762866704e-02	2.724595531409008953e-02	7.023145855976721530e-02
1.034799048700865114e+03	2.740239920861325951e-01	1.770332738933563244e-01	2.389876051262245782e-01	1.432736001399334269e-01	6.911772853108857917e-02	2.726909542360039795e-02	7.029470479946310635e-02
1.036250379764961508e+03	2.737782086111179014e-01	1.768743795725687962e-01	2.391609001896483344e-01	1.433758733904688942e-01	6.916058551860035375e-02	2.729219873996151582e-02	7.035785397743321568e-02
1.037701710829058356e+03	2.735328441742314043e-01	1.767157511323837471e-01	2.393338799160785457e-01	1.434779786264208101e-01	6.920337460007364161e-02	2.731526532500644713e-02	7.042090622560440161e-02
1.039153041893154750e+03	2.732878980678108416e-01	1.765573881198410355e-01	2.395065448642996198e-01	1.435799161462816276e-01	6.924609588523876480e-02	2.733829524046387308e-02	7.048386167586320750e-02
1.040604372957251599e+03	2.730433695853880516e-01	1.763992900827590360e-01	2.396788955921352049e-01	1.436816862478568768e-01	6.928874948364677211e-02	2.736128854795833940e-02	7.054672046005468211e-02
1.042055704021347992e+03	2.727992580216869190e-01	1.762414565697333346e-01	2.398509326564496613e-01	1.437832892282678299e-01	6.933133550466952233e-02	2.738424530901041598e-02	7.060948270998129717e-02
1.043507035085444613e+03	2.725555626726213210e-01	1.760838871301353137e-01	2.400226566131494765e-01	1.438847253839544149e-01	6.937385405749985079e-02	2.740716558503688421e-02	7.067214855740176771e-02
1.044958366149541234e+03	2.723122828352929625e-01	1.759265813141109303e-01	2.401940680171847919e-01	1.439859950106778530e-01	6.941630525115165262e-02	2.743004943735091045e-02	7.073471813402994191e-02
1.046409697213637855e+03	2.720694178079895997e-01	1.757695386725792730e-01	2.403651674225508461e-01	1.440870984035234614e-01	6.945868919445999379e-02	2.745289692716220906e-02	7.079719157153364917e-02
1.047861028277734476e+03	2.718269668901828195e-01	1.756127587572313409e-01	2.405359553822893903e-01	1.441880358569032905e-01	6.950100599608126373e-02	2.747570811557722981e-02	7.085956900153370097e-02
1.049312359341831097e+03	2.715849293825258748e-01	1.754562411205286554e-01	2.407064324484901874e-01	1.442888076645588435e-01	6.954325576449334190e-02	2.749848306359933131e-02	7.092185055560271123e-02
1.050763690405927491e+03	2.713433045868520743e-01	1.752999853157019838e-01	2.408765991722925659e-01	1.443894141195636860e-01	6.958543860799566716e-02	2.752122183212894757e-02	7.098403636526399996e-02
1.052215021470024112e+03	2.711020918061725071e-01	1.751439908967498960e-01	2.410464561038866693e-01	1.444898555143261654e-01	6.962755463470945982e-02	2.754392448196376839e-02	7.104612656199052467e-02
1.053666352534120733e+03	2.708612903446738218e-01	1.749882574184375983e-01	2.412160037925150102e-01	1.445901321405919371e-01	6.966960395257786043e-02	2.756659107379890589e-02	7.110812127720386733e-02
1.055117683598217127e+03	2.706208995077164503e-01	1.748327844362954908e-01	2.413852427864740524e-01	1.446902442894466567e-01	6.971158666936608239e-02	2.758922166822707495e-02	7.117002064227313796e-02
1.056569014662313975e+03	2.703809186018327759e-01	1.746775715066179457e-01	2.415541736331154321e-01	1.447901922513185058e-01	6.975350289266156467e-02	2.761181632573876318e-02	7.123182478851387833e-02
1.058020345726410369e+03	2.701413469347249130e-01	1.745226181864619197e-01	2.417227968788475956e-01	1.448899763159807730e-01	6.979535272987420769e-02	2.763437510672240097e-02	7.129353384718704889e-02
1.059471676790506763e+03	2.699021838152624864e-01	1.743679240336457326e-01	2.418911130691371592e-01	1.449895967725544077e-01	6.983713628823649822e-02	2.765689807146453488e-02	7.135514794949804340e-02
1.060923007854603611e+03	2.696634285534810216e-01	1.742134886067476240e-01	2.420591227485103802e-01	1.450890539095105458e-01	6.987885367480371757e-02	2.767938528015000468e-02	7.141666722659557875e-02
1.062374338918700232e+03	2.694250804605796690e-01	1.740593114651045881e-01	2.422268264605546562e-01	1.451883480146729799e-01	6.992050499645410810e-02	2.770183679286210635e-02	7.147809180957075126e-02
1.063825669982796853e+03	2.691871388489194272e-01	1.739053921688109849e-01	2.423942247479199119e-01	1.452874793752207128e-01	6.996209035988910918e-02	2.772425266958276555e-02	7.153942182945595418e-02
1.065277001046893474e+03	2.689496030320210895e-01	1.737517302787172091e-01	2.425613181523201267e-01	1.453864482776903444e-01	7.000360987163350979e-02	2.774663297019271807e-02	7.160065741722393406e-02
1.066728332110990095e+03	2.687124723245630231e-01	1.735983253564284956e-01	2.427281072145346386e-01	1.454852550079786255e-01	7.004506363803569835e-02	2.776897775447166941e-02	7.166179870378677763e-02
1.068179663175086489e+03	2.684757460423794484e-01	1.734451769643035324e-01	2.428945924744098095e-01	1.455838998513448723e-01	7.008645176526781539e-02	2.779128708209846130e-02	7.172284581999494035e-02
1.069630994239183110e+03	2.682394235024584406e-01	1.732922846654532112e-01	2.430607744708603024e-01	1.456823830924133256e-01	7.012777435932604497e-02	2.781356101265126252e-02	7.178379889663626112e-02
1.071082325303279504e+03	2.680035040229399868e-01	1.731396480237392677e-01	2.432266537418705521e-01	1.457807050151756212e-01	7.016903152603072569e-02	2.783579960560771463e-02	7.184465806443494917e-02
1.072533656367376352e+03	2.677679869231137655e-01	1.729872666037731155e-01	2.433922308244962640e-01	1.458788659029931212e-01	7.021022337102668376e-02	2.785800292034511585e-02	7.190542345405070979e-02
1.073984987431472746e+03	2.675328715234173704e-01	1.728351399709144309e-01	2.435575062548658576e-01	1.459768660385993289e-01	7.025134999978334405e-02	2.788017101614058760e-02	7.196609519607775896e-02
1.075436318495569594e+03	2.672981571454344785e-01	1.726832676912699316e-01	2.437224805681818540e-01	1.460747057041022479e-01	7.029241151759502149e-02	2.790230395217124099e-02	7.202667342104386583e-02
1.076887649559666215e+03	2.670638431118925182e-01	1.725316493316920718e-01	2.438871542987223473e-01	1.461723851809867136e-01	7.033340802958119864e-02	2.792440178751435034e-02	7.208715825940942290e-02
1.078338980623762609e+03	2.668299287466610048e-01	1.723802844597777661e-01	2.440515279798424475e-01	1.462699047501166694e-01	7.037433964068660897e-02	2.794646458114751278e-02	7.214754984156655782e-02
1.079790311687859230e+03	2.665964133747495968e-01	1.722291726438670845e-01	2.442156021439757518e-01	1.463672646917375531e-01	7.041520645568161152e-02	2.796849239194882861e-02	7.220784829783816194e-02
1.081241642751955851e+03	2.663632963223059313e-01	1.720783134530419756e-01	2.443793773226357602e-01	1.464644652854784901e-01	7.045600857916238524e-02	2.799048527869705053e-02	7.226805375847701607e-02
1.082692973816052472e+03	2.661305769166137924e-01	1.719277064571250457e-01	2.445428540464172906e-01	1.465615068103547081e-01	7.049674611555113712e-02	2.801244330007177444e-02	7.232816635366487446e-02
1.084144304880149093e+03	2.658982544860911679e-01	1.717773512266782543e-01	2.447060328449980060e-01	1.466583895447696462e-01	7.053741916909639365e-02	2.803436651465359211e-02	7.238818621351160443e-02
1.085595635944245487e+03	2.656663283602884729e-01	1.716272473330015813e-01	2.448689142471396629e-01	1.467551137665173144e-01	7.057802784387322281e-02	2.805625498092426118e-02	7.244811346805424268e-02
1.087046967008342108e+03	2.654347978698861632e-01	1.714773943481318064e-01	2.450314987806897771e-01	1.468516797527844864e-01	7.061857224378345621e-02	2.807810875726686473e-02	7.250794824725617649e-02
1.088498298072438729e+03	2.652036623466933474e-01	1.713277918448413151e-01	2.451937869725829278e-01	1.469480877801528640e-01	7.065905247255602206e-02	2.809992790196599866e-02	7.256769068100626940e-02
1.089949629136535123e+03	2.649729211236455106e-01	1.711784393966366835e-01	2.453557793488421734e-01	1.470443381246013814e-01	7.069946863374711177e-02	2.812171247320791045e-02	7.262734089911797308e-02
1.091400960200631971e+03	2.647425735348027387e-01	1.710293365777574848e-01	2.455174764345805505e-01	1.471404310615083422e-01	7.073982083074047134e-02	2.814346252908068655e-02	7.268689903132849461e-02
1.092852291264728365e+03	2.645126189153476082e-01	1.708804829631751232e-01	2.456788787540024888e-01	1.472363668656535840e-01	7.078010916674766506e-02	2.816517812757440495e-02	7.274636520729790834e-02
1.094303622328825213e+03	2.642830566015834659e-01	1.707318781285914189e-01	2.458399868304052271e-01	1.473321458112206439e-01	7.082033374480832533e-02	2.818685932658130874e-02	7.280573955660842034e-02
1.095754953392921607e+03	2.640538859309324304e-01	1.705835216504374141e-01	2.460008011861803123e-01	1.474277681717988397e-01	7.086049466779038852e-02	2.820850618389596220e-02	7.286502220876342473e-02
1.097206284457018228e+03	2.638251062419334492e-01	1.704354131058721800e-01	2.461613223428148756e-01	1.475232342203856017e-01	7.090059203839042812e-02	2.823011875721542427e-02	7.292421329318678203e-02
1.098657615521114849e+03	2.635967168742406330e-01	1.702875520727814007e-01	2.463215508208931870e-01	1.476185442293883598e-01	7.094062595913383507e-02	2.825169710413941507e-02	7.298331293922193097e-02
1.100108946585211470e+03	2.633687171686209250e-01	1.701399381297763191e-01	2.464814871400980711e-01	1.477136984706267919e-01	7.098059653237513700e-02	2.827324128217046165e-02	7.304232127613113912e-02
1.101560277649308091e+03	2.631411064669524347e-01	1.699925708561923210e-01	2.466411318192122393e-01	1.478086972153348777e-01	7.102050386029827578e-02	2.829475134871408532e-02	7.310123843309467018e-02
1.103011608713404712e+03	2.629138841122226067e-01	1.698454498320878248e-01	2.468004853761198436e-01	1.479035407341628972e-01	7.106034804491682955e-02	2.831622736107894736e-02	7.316006453920999297e-02
1.104462939777501106e+03	2.626870494485261665e-01	1.696985746382428939e-01	2.469595483278078374e-01	1.479982292971796509e-01	7.110012918807429028e-02	2.833766937647702253e-02	7.321879972349103205e-02
1.105914270841597499e+03	2.624606018210633995e-01	1.695519448561581821e-01	2.471183211903673904e-01	1.480927631738744032e-01	7.113984739144436908e-02	2.835907745202375860e-02	7.327744411486737663e-02
1.107365601905694348e+03	2.622345405761382087e-01	1.694055600680535179e-01	2.472768044789952491e-01	1.481871426331589359e-01	7.117950275653124603e-02	2.838045164473823948e-02	7.333599784218350348e-02
1.108816932969790741e+03	2.620088650611560044e-01	1.692594198568667108e-01	2.474349987079953461e-01	1.482813679433696019e-01	7.121909538466986156e-02	2.840179201154335170e-02	7.339446103419802747e-02
1.110268264033887590e+03	2.617835746246221507e-01	1.691135238062524138e-01	2.475929043907799387e-01	1.483754393722692966e-01	7.125862537702615240e-02	2.842309860926593365e-02	7.345283381958295221e-02
1.111719595097984211e+03	2.615586686161400221e-01	1.689678715005806797e-01	2.477505220398713570e-01	1.484693571870495388e-01	7.129809283459739855e-02	2.844437149463695247e-02	7.351111632692292064e-02
1.113170926162080832e+03	2.613341463864088388e-01	1.688224625249360178e-01	2.479078521669030588e-01	1.485631216543324140e-01	7.133749785821238976e-02	2.846561072429165326e-02	7.356930868471447948e-02
1.114622257226177226e+03	2.611100072872221123e-01	1.686772964651159223e-01	2.480648952826213782e-01	1.486567330401724618e-01	7.137684054853181415e-02	2.848681635476973256e-02	7.362741102136535765e-02
1.116073588290273847e+03	2.608862506714658136e-01	1.685323729076296795e-01	2.482216518968867469e-01	1.487501916100588129e-01	7.141612100604846636e-02	2.850798844251549446e-02	7.368542346519373065e-02
1.117524919354370468e+03	2.606628758931160972e-01	1.683876914396973123e-01	2.483781225186751374e-01	1.488434976289170486e-01	7.145533933108759450e-02	2.852912704387800327e-02	7.374334614442751290e-02
1.118976250418467089e+03	2.604398823072379132e-01	1.682432516492481378e-01	2.485343076560794784e-01	1.489366513611111165e-01	7.149449562380709444e-02	2.855023221511126044e-02	7.380117918720363601e-02
1.120427581482563710e+03	2.602172692699829537e-01	1.680990531249197117e-01	2.486902078163110985e-01	1.490296530704453282e-01	7.153358998419784287e-02	2.857130401237434336e-02	7.385892272156738270e-02
1.121878912546660331e+03	2.599950361385876541e-01	1.679550954560564691e-01	2.488458235057010304e-01	1.491225030201662471e-01	7.157262251208400261e-02	2.859234249173158923e-02	7.391657687547167899e-02
1.123330243610756725e+03	2.597731822713716388e-01	1.678113782327086412e-01	2.490011552297016206e-01	1.492152014729645204e-01	7.161159330712320303e-02	2.861334770915273731e-02	7.397414177677635871e-02
1.124781574674853118e+03	2.595517070277356120e-01	1.676679010456309238e-01	2.491562034928876679e-01	1.493077486909769047e-01	7.165050246880697027e-02	2.863431972051309546e-02	7.403161755324755289e-02
1.126232905738949967e+03	2.593306097681596367e-01	1.675246634862813389e-01	2.493109687989580880e-01	1.494001449357881262e-01	7.168935009646087986e-02	2.865525858159369277e-02	7.408900433255699580e-02
1.127684236803046360e+03	2.591098898542012474e-01	1.673816651468200134e-01	2.494654516507371356e-01	1.494923904684326288e-01	7.172813628924490370e-02	2.867616434808145306e-02	7.414630224228135891e-02
1.129135567867143209e+03	2.588895466484937291e-01	1.672389056201079582e-01	2.496196525501759023e-01	1.495844855493965730e-01	7.176686114615371537e-02	2.869703707556933714e-02	7.420351140990155692e-02
1.130586898931239830e+03	2.586695795147440635e-01	1.670963844997058190e-01	2.497735719983536495e-01	1.496764304386196676e-01	7.180552476601689826e-02	2.871787681955650581e-02	7.426063196280213718e-02
1.132038229995336451e+03	2.584499878177314303e-01	1.669541013798727658e-01	2.499272104954792240e-01	1.497682253954969178e-01	7.184412724749930645e-02	2.873868363544848994e-02	7.431766402827062745e-02
1.133489561059432845e+03	2.582307709233049864e-01	1.668120558555651889e-01	2.500805685408925005e-01	1.498598706788805690e-01	7.188266868910130059e-02	2.875945757855732574e-02	7.437460773349689747e-02
1.134940892123529466e+03	2.580119281983823121e-01	1.666702475224355606e-01	2.502336466330657427e-01	1.499513665470817991e-01	7.192114918915905319e-02	2.878019870410173514e-02	7.443146320557253448e-02
1.136392223187626087e+03	2.577934590109475788e-01	1.665286759768312419e-01	2.503864452696050180e-01	1.500427132578726896e-01	7.195956884584484015e-02	2.880090706720726812e-02	7.448823057149016325e-02
1.137843554251722708e+03	2.575753627300494952e-01	1.663873408157932055e-01	2.505389649472515301e-01	1.501339110684878908e-01	7.199792775716730431e-02	2.882158272290646570e-02	7.454490995814290477e-02
1.139294885315819101e+03	2.573576387257997533e-01	1.662462416370549534e-01	2.506912061618831178e-01	1.502249602356264258e-01	7.203622602097177474e-02	2.884222572613901955e-02	7.460150149232375183e-02
1.140746216379915950e+03	2.571402863693711405e-01	1.661053780390412127e-01	2.508431694085155872e-01	1.503158610154535502e-01	7.207446373494053038e-02	2.886283613175191429e-02	7.465800530072488894e-02
1.142197547444012343e+03	2.569233050329957080e-01	1.659647496208668249e-01	2.509948551813040440e-01	1.504066136636023621e-01	7.211264099659307758e-02	2.888341399449960087e-02	7.471442150993717890e-02
1.143648878508108737e+03	2.567066940899629390e-01	1.658243559823356084e-01	2.511462639735443370e-01	1.504972184351757170e-01	7.215075790328646932e-02	2.890395936904414237e-02	7.477075024644955215e-02
1.145100209572205586e+03	2.564904529146180834e-01	1.656841967239389701e-01	2.512973962776745007e-01	1.505876755847478932e-01	7.218881455221554111e-02	2.892447230995538049e-02	7.482699163664836839e-02
1.146551540636302207e+03	2.562745808823601035e-01	1.655442714468549070e-01	2.514482525852760331e-01	1.506779853663663959e-01	7.222681104041327182e-02	2.894495287171107087e-02	7.488314580681688926e-02
1.148002871700398828e+03	2.560590773696401201e-01	1.654045797529467565e-01	2.515988333870753935e-01	1.507681480335535673e-01	7.226474746475099187e-02	2.896540110869706003e-02	7.493921288313469542e-02
1.149454202764495449e+03	2.558439417539596361e-01	1.652651212447620310e-01	2.517491391729452799e-01	1.508581638393083624e-01	7.230262392193873011e-02	2.898581707520742415e-02	7.499519299167713149e-02
1.150905533828591842e+03	2.556291734138683713e-01	1.651258955255311967e-01	2.518991704319060720e-01	1.509480330361080980e-01	7.234044050852543595e-02	2.900620082544463560e-02	7.505108625841472314e-02
1.152356864892688463e+03	2.554147717289630415e-01	1.649869021991665630e-01	2.520489276521271083e-01	1.510377558759101180e-01	7.237819732089934011e-02	2.902655241351970866e-02	7.510689280921263589e-02
1.153808195956785084e+03	2.552007360798851376e-01	1.648481408702610618e-01	2.521984113209283507e-01	1.511273326101534031e-01	7.241589445528819058e-02	2.904687189345236259e-02	7.516261276983009221e-02
1.155259527020881706e+03	2.549870658483192609e-01	1.647096111440870259e-01	2.523476219247813290e-01	1.512167634897603752e-01	7.245353200775955793e-02	2.906715931917116039e-02	7.521824626591984420e-02
1.156710858084978327e+03	2.547737604169914571e-01	1.645713126265951620e-01	2.524965599493108614e-01	1.513060487651385067e-01	7.249111007422114061e-02	2.908741474451367534e-02	7.527379342302771559e-02
1.158162189149074720e+03	2.545608191696673850e-01	1.644332449244132743e-01	2.526452258792963312e-01	1.513951886861819585e-01	7.252862875042098700e-02	2.910763822322664715e-02	7.532925436659194951e-02
1.159613520213171569e+03	2.543482414911504841e-01	1.642954076448451262e-01	2.527936201986729636e-01	1.514841835022732452e-01	7.256608813194782848e-02	2.912782980896612070e-02	7.538462922194275051e-02
1.161064851277267962e+03	2.541360267672801987e-01	1.641578003958691911e-01	2.529417433905333801e-01	1.515730334622849285e-01	7.260348831423141247e-02	2.914798955529760913e-02	7.543991811430175720e-02
1.162516182341364356e+03	2.539241743849304789e-01	1.640204227861376540e-01	2.530895959371287640e-01	1.516617388145811429e-01	7.264082939254266902e-02	2.916811751569624647e-02	7.549512116878152879e-02
1.163967513405461204e+03	2.537126837320075601e-01	1.638832744249751339e-01	2.532371783198703596e-01	1.517502998070192899e-01	7.267811146199408545e-02	2.918821374354692993e-02	7.555023851038504545e-02
1.165418844469557826e+03	2.535015541974486863e-01	1.637463549223776016e-01	2.533844910193308042e-01	1.518387166869516747e-01	7.271533461753998395e-02	2.920827829214448987e-02	7.560527026400518102e-02
1.166870175533654447e+03	2.532907851712198899e-01	1.636096638890111032e-01	2.535315345152455713e-01	1.519269897012270332e-01	7.275249895397677136e-02	2.922831121469382162e-02	7.566021655442424498e-02
1.168321506597751068e+03	2.530803760443147699e-01	1.634732009362106497e-01	2.536783092865140810e-01	1.520151190961921694e-01	7.278960456594321671e-02	2.924831256431005555e-02	7.571507750631344125e-02
1.169772837661847461e+03	2.528703262087522163e-01	1.633369656759792177e-01	2.538248158112014763e-01	1.521031051176935378e-01	7.282665154792083984e-02	2.926828239401868884e-02	7.576985324423245183e-02
1.171224168725944082e+03	2.526606350575750226e-01	1.632009577209863338e-01	2.539710545665395669e-01	1.521909480110788804e-01	7.286363999423402238e-02	2.928822075675575898e-02	7.582454389262892336e-02
1.172675499790040703e+03	2.524513019848479423e-01	1.630651766845671868e-01	2.541170260289283278e-01	1.522786480211986704e-01	7.290056999905046575e-02	2.930812770536796869e-02	7.587914957583796749e-02
1.174126830854137097e+03	2.522423263856560793e-01	1.629296221807212675e-01	2.542627306739374538e-01	1.523662053924077220e-01	7.293744165638132992e-02	2.932800329261285935e-02	7.593367041808171680e-02
1.175578161918233945e+03	2.520337076561032230e-01	1.627942938241113413e-01	2.544081689763075804e-01	1.524536203685668556e-01	7.297425506008163587e-02	2.934784757115894982e-02	7.598810654346889459e-02
1.177029492982330339e+03	2.518254451933097937e-01	1.626591912300622833e-01	2.545533414099514502e-01	1.525408931930442857e-01	7.301101030385044599e-02	2.936766059358588907e-02	7.604245807599431528e-02
1.178480824046426733e+03	2.516175383954114553e-01	1.625243140145599119e-01	2.546982484479555220e-01	1.526280241087172029e-01	7.304770748123122492e-02	2.938744241238459842e-02	7.609672513953844031e-02
1.179932155110523581e+03	2.514099866615572831e-01	1.623896617942499065e-01	2.548428905625813035e-01	1.527150133579733560e-01	7.308434668561208936e-02	2.940719307995743811e-02	7.615090785786697569e-02
1.181383486174620202e+03	2.512027893919080435e-01	1.622552341864366143e-01	2.549872682252664613e-01	1.528018611827124951e-01	7.312092801022605781e-02	2.942691264861833911e-02	7.620500635463034467e-02
1.182834817238716823e+03	2.509959459876342502e-01	1.621210308090818564e-01	2.551313819066265420e-01	1.528885678243479540e-01	7.315745154815141149e-02	2.944660117059296270e-02	7.625902075336334074e-02
1.184286148302813444e+03	2.507894558509149441e-01	1.619870512808039287e-01	2.552752320764559713e-01	1.529751335238080934e-01	7.319391739231188854e-02	2.946625869801884623e-02	7.631295117748466972e-02
1.185737479366910065e+03	2.505833183849353607e-01	1.618532952208764919e-01	2.554188192037295524e-01	1.530615585215378549e-01	7.323032563547703100e-02	2.948588528294554534e-02	7.636679775029649175e-02
1.187188810431006686e+03	2.503775329938858207e-01	1.617197622492272391e-01	2.555621437566038545e-01	1.531478430575001770e-01	7.326667637026242075e-02	2.950548097733479355e-02	7.642056059498403275e-02
1.188640141495103080e+03	2.501720990829595648e-01	1.615864519864369242e-01	2.557052062024184891e-01	1.532339873711775213e-01	7.330296968912998479e-02	2.952504583306064107e-02	7.647423983461516805e-02
1.190091472559199701e+03	2.499670160583513379e-01	1.614533640537381687e-01	2.558480070076975532e-01	1.533199917015733438e-01	7.333920568438827281e-02	2.954457990190961086e-02	7.652783559214003384e-02
1.191542803623296322e+03	2.497622833272555298e-01	1.613204980730144344e-01	2.559905466381507400e-01	1.534058562872135101e-01	7.337538444819270700e-02	2.956408323558083057e-02	7.658134799039058305e-02
1.192994134687392716e+03	2.495579002978645378e-01	1.611878536667988027e-01	2.561328255586748370e-01	1.534915813661478223e-01	7.341150607254588734e-02	2.958355588568619896e-02	7.663477715208019680e-02
1.194445465751489564e+03	2.493538663793670729e-01	1.610554304582728635e-01	2.562748442333551702e-01	1.535771671759514068e-01	7.344757064929786916e-02	2.960299790375052476e-02	7.668812319980332359e-02
1.195896796815585958e+03	2.491501809819464952e-01	1.609232280712656893e-01	2.564166031254666578e-01	1.536626139537262403e-01	7.348357827014645460e-02	2.962240934121166541e-02	7.674138625603502128e-02
1.197348127879682352e+03	2.489468435167789817e-01	1.607912461302525853e-01	2.565581026974754209e-01	1.537479219361024274e-01	7.351952902663741463e-02	2.964179024942069016e-02	7.679456644313066571e-02
1.198799458943779200e+03	2.487438533960320552e-01	1.606594842603540352e-01	2.566993434110399486e-01	1.538330913592397819e-01	7.355542301016480822e-02	2.966114067964200490e-02	7.684766388332550657e-02
1.200250790007875821e+03	2.485412100328627527e-01	1.605279420873346463e-01	2.568403257270124307e-01	1.539181224588291597e-01	7.359126031197127382e-02	2.968046068305351878e-02	7.690067869873429274e-02
1.201702121071972442e+03	2.483389128414159874e-01	1.603966192376019284e-01	2.569810501054402008e-01	1.540030154700939569e-01	7.362704102314827914e-02	2.969975031074678640e-02	7.695361101135091142e-02
1.203153452136069063e+03	2.481369612368228561e-01	1.602655153382053221e-01	2.571215170055669574e-01	1.540877706277913595e-01	7.366276523463635706e-02	2.971900961372712924e-02	7.700646094304808287e-02
1.204604783200165684e+03	2.479353546351990289e-01	1.601346300168348946e-01	2.572617268858340966e-01	1.541723881662138418e-01	7.369843303722548034e-02	2.973823864291381611e-02	7.705922861557690240e-02
1.206056114264262078e+03	2.477340924536430011e-01	1.600039629018204512e-01	2.574016802038820995e-01	1.542568683191905821e-01	7.373404452155524202e-02	2.975743744914018454e-02	7.711191415056654896e-02
1.207507445328358699e+03	2.475331741102344552e-01	1.598735136221303144e-01	2.575413774165517533e-01	1.543412113200887670e-01	7.376959977811517466e-02	2.977660608315380042e-02	7.716451766952388269e-02
1.208958776392455093e+03	2.473325990240325400e-01	1.597432818073701577e-01	2.576808189798855953e-01	1.544254174018150350e-01	7.380509889724498618e-02	2.979574459561658284e-02	7.721703929383319509e-02
1.210410107456551941e+03	2.471323666150744280e-01	1.596132670877821180e-01	2.578200053491291888e-01	1.545094867968167529e-01	7.384054196913489299e-02	2.981485303710496373e-02	7.726947914475576495e-02
1.211861438520648335e+03	2.469324763043733162e-01	1.594834690942434907e-01	2.579589369787323450e-01	1.545934197370834873e-01	7.387592908382584200e-02	2.983393145811003358e-02	7.732183734342955306e-02
1.213312769584745183e+03	2.467329275139170386e-01	1.593538874582657028e-01	2.580976143223505659e-01	1.546772164541482808e-01	7.391126033120978822e-02	2.985297990903767323e-02	7.737411401086889684e-02
1.214764100648841804e+03	2.465337196666663178e-01	1.592245218119933137e-01	2.582360378328463768e-01	1.547608771790890125e-01	7.394653580103000001e-02	2.987199844020871353e-02	7.742630926796416346e-02
1.216215431712937971e+03	2.463348521865530716e-01	1.590953717882027663e-01	2.583742079622904919e-01	1.548444021425297856e-01	7.398175558288128117e-02	2.989098710185905325e-02	7.747842323548141674e-02
1.217666762777034819e+03	2.461363244984788867e-01	1.589664370203013599e-01	2.585121251619632021e-01	1.549277915746422041e-01	7.401691976621027624e-02	2.990994594413983257e-02	7.753045603406212571e-02
1.219118093841131440e+03	2.459381360283132978e-01	1.588377171423261958e-01	2.586497898823556518e-01	1.550110457051466495e-01	7.405202844031573417e-02	2.992887501711755452e-02	7.758240778422280381e-02
1.220569424905228061e+03	2.457402862028920387e-01	1.587092117889430942e-01	2.587872025731712822e-01	1.550941647633137244e-01	7.408708169434874424e-02	2.994777437077423068e-02	7.763427860635474520e-02
1.222020755969324682e+03	2.455427744500156273e-01	1.585809205954454015e-01	2.589243636833269968e-01	1.551771489779655289e-01	7.412207961731302752e-02	2.996664405500753733e-02	7.768606862072369168e-02
1.223472087033421303e+03	2.453456001984476442e-01	1.584528431977531016e-01	2.590612736609544942e-01	1.552599985774768820e-01	7.415702229806524215e-02	2.998548411963093338e-02	7.773777794746954128e-02
1.224923418097517697e+03	2.451487628779129846e-01	1.583249792324115390e-01	2.591979329534015997e-01	1.553427137897767096e-01	7.419190982531517764e-02	3.000429461437383039e-02	7.778940670660604295e-02
1.226374749161614318e+03	2.449522619190963313e-01	1.581973283365904204e-01	2.593343420072334871e-01	1.554252948423493208e-01	7.422674228762608795e-02	3.002307558888170705e-02	7.784095501802051897e-02
1.227826080225710712e+03	2.447560967536405729e-01	1.580698901480828145e-01	2.594705012682341216e-01	1.555077419622356849e-01	7.426151977341489963e-02	3.004182709271626187e-02	7.789242300147353193e-02
1.229277411289807560e+03	2.445602668141450831e-01	1.579426643053039314e-01	2.596064111814074260e-01	1.555900553760346527e-01	7.429624237095253103e-02	3.006054917535556925e-02	7.794381077659867652e-02
1.230728742353903954e+03	2.443647715341641935e-01	1.578156504472901234e-01	2.597420721909787233e-01	1.556722353099043443e-01	7.433091016836412823e-02	3.007924188619419403e-02	7.799511846290221873e-02
1.232180073418000802e+03	2.441696103482053903e-01	1.576888482136978575e-01	2.598774847403957367e-01	1.557542819895633701e-01	7.436552325362931481e-02	3.009790527454334758e-02	7.804634617976287381e-02
1.233631404482097196e+03	2.439747826917279816e-01	1.575622572448025227e-01	2.600126492723303095e-01	1.558361956402920245e-01	7.440008171458246944e-02	3.011653938963103003e-02	7.809749404643148707e-02
1.235082735546193817e+03	2.437802880011412376e-01	1.574358771814975133e-01	2.601475662286794610e-01	1.559179764869336182e-01	7.443458563891301727e-02	3.013514428060215522e-02	7.814856218203083960e-02
1.236534066610290438e+03	2.435861257138029201e-01	1.573097076652930915e-01	2.602822360505664956e-01	1.559996247538957270e-01	7.446903511416566590e-02	3.015371999651870680e-02	7.819955070555528742e-02
1.237985397674387059e+03	2.433922952680176444e-01	1.571837483383152212e-01	2.604166591783425577e-01	1.560811406651513578e-01	7.450343022774066903e-02	3.017226658635987699e-02	7.825045973587055337e-02
1.239436728738483680e+03	2.431987961030352419e-01	1.570579988433047081e-01	2.605508360515879085e-01	1.561625244442402527e-01	7.453777106689407628e-02	3.019078409902218804e-02	7.830128939171346336e-02
1.240888059802580301e+03	2.430056276590492059e-01	1.569324588236160334e-01	2.606847671091131469e-01	1.562437763142701386e-01	7.457205771873801070e-02	3.020927258331965876e-02	7.835203979169171051e-02
1.242339390866676695e+03	2.428127893771950263e-01	1.568071279232161885e-01	2.608184527889603199e-01	1.563248964979178923e-01	7.460629027024091864e-02	3.022773208798391550e-02	7.840271105428359144e-02
1.243790721930773088e+03	2.426202806995486627e-01	1.566820057866838145e-01	2.609518935284046437e-01	1.564058852174308178e-01	7.464046880822784724e-02	3.024616266166435183e-02	7.845330329783772871e-02
1.245242052994869937e+03	2.424281010691249350e-01	1.565570920592080362e-01	2.610850897639553359e-01	1.564867426946277285e-01	7.467459341938069428e-02	3.026456435292825681e-02	7.850381664057286268e-02
1.246693384058966330e+03	2.422362499298759131e-01	1.564323863865874631e-01	2.612180419313571145e-01	1.565674691509003347e-01	7.470866419023845795e-02	3.028293721026095384e-02	7.855425120057760169e-02
1.248144715123063179e+03	2.420447267266893632e-01	1.563078884152290515e-01	2.613507504655914193e-01	1.566480648072143544e-01	7.474268120719750053e-02	3.030128128206594981e-02	7.860460709581024163e-02
1.249596046187159800e+03	2.418535309053871374e-01	1.561835977921471330e-01	2.614832158008776886e-01	1.567285298841106234e-01	7.477664455651181208e-02	3.031959661666505657e-02	7.865488444409841906e-02
1.251047377251256421e+03	2.416626619127235920e-01	1.560595141649623596e-01	2.616154383706746911e-01	1.568088646017064547e-01	7.481055432429328800e-02	3.033788326229852617e-02	7.870508336313900011e-02
1.252498708315352815e+03	2.414721191963840052e-01	1.559356371819005938e-01	2.617474186076817477e-01	1.568890691796966663e-01	7.484441059651189554e-02	3.035614126712521746e-02	7.875520397049776133e-02
1.253950039379449436e+03	2.412819022049830509e-01	1.558119664917919367e-01	2.618791569438399525e-01	1.569691438373549408e-01	7.487821345899603465e-02	3.037437067922270015e-02	7.880524638360927869e-02
1.255401370443546057e+03	2.410920103880631049e-01	1.556885017440696739e-01	2.620106538103335603e-01	1.570490887935347968e-01	7.491196299743278775e-02	3.039257154658740398e-02	7.885521071977659446e-02
1.256852701507642678e+03	2.409024431960928303e-01	1.555652425887692203e-01	2.621419096375910418e-01	1.571289042666708935e-01	7.494565929736807242e-02	3.041074391713476793e-02	7.890509709617107847e-02
1.258304032571739299e+03	2.407132000804655392e-01	1.554421886765270655e-01	2.622729248552866932e-01	1.572085904747800300e-01	7.497930244420698831e-02	3.042888783869935471e-02	7.895490562983219218e-02
1.259755363635835920e+03	2.405242804934976109e-01	1.553193396585797470e-01	2.624036998923415798e-01	1.572881476354625052e-01	7.501289252321406698e-02	3.044700335903499297e-02	7.900463643766729438e-02
1.261206694699932314e+03	2.403356838884269098e-01	1.551966951867628508e-01	2.625342351769250349e-01	1.573675759659031725e-01	7.504642961951346614e-02	3.046509052581493002e-02	7.905428963645144691e-02
1.262658025764028707e+03	2.401474097194113144e-01	1.550742549135099013e-01	2.626645311364556590e-01	1.574468756828725780e-01	7.507991381808928888e-02	3.048314938663194626e-02	7.910386534282716486e-02
1.264109356828125556e+03	2.399594574415270520e-01	1.549520184918513899e-01	2.627945881976027076e-01	1.575260470027280424e-01	7.511334520378580570e-02	3.050117998899850094e-02	7.915336367330430556e-02
1.265560687892221949e+03	2.397718265107672830e-01	1.548299855754137755e-01	2.629244067862875345e-01	1.576050901414149108e-01	7.514672386130766268e-02	3.051918238034686398e-02	7.920278474425977711e-02
1.267012018956318798e+03	2.395845163840403802e-01	1.547081558184183192e-01	2.630539873276844798e-01	1.576840053144676346e-01	7.518004987522024229e-02	3.053715660802925821e-02	7.925212867193745514e-02
1.268463350020415419e+03	2.393975265191685409e-01	1.545865288756802514e-01	2.631833302462225355e-01	1.577627927370108540e-01	7.521332332994978831e-02	3.055510271931798430e-02	7.930139557244787751e-02
1.269914681084511813e+03	2.392108563748861494e-01	1.544651044026075504e-01	2.633124359655860669e-01	1.578414526237605087e-01	7.524654430978375275e-02	3.057302076140555602e-02	7.935058556176818878e-02
1.271366012148608434e+03	2.390245054108381673e-01	1.543438820552001378e-01	2.634413049087167003e-01	1.579199851890250583e-01	7.527971289887097628e-02	3.059091078140484254e-02	7.939969875574187652e-02
1.272817343212705055e+03	2.388384730875788287e-01	1.542228614900486017e-01	2.635699374978140996e-01	1.579983906467064825e-01	7.531282918122196579e-02	3.060877282634919677e-02	7.944873527007860481e-02
1.274268674276801676e+03	2.386527588665698640e-01	1.541020423643333359e-01	2.636983341543372994e-01	1.580766692103013904e-01	7.534589324070917193e-02	3.062660694319259413e-02	7.949769522035406155e-02
1.275720005340898297e+03	2.384673622101790569e-01	1.539814243358235690e-01	2.638264952990062029e-01	1.581548210929021592e-01	7.537890516106719729e-02	3.064441317880975402e-02	7.954657872200979196e-02
1.277171336404994690e+03	2.382822825816787726e-01	1.538610070628761706e-01	2.639544213518023597e-01	1.582328465071980439e-01	7.541186502589306007e-02	3.066219157999628894e-02	7.959538589035301814e-02
1.278622667469091539e+03	2.380975194452442933e-01	1.537407902044348462e-01	2.640821127319706862e-01	1.583107456654761491e-01	7.544477291864638835e-02	3.067994219346882948e-02	7.964411684055647256e-02
1.280073998533187932e+03	2.379130722659524022e-01	1.536207734200289443e-01	2.642095698580204655e-01	1.583885187796226501e-01	7.547762892264978096e-02	3.069766506586515953e-02	7.969277168765824537e-02
1.281525329597284326e+03	2.377289405097798569e-01	1.535009563697725676e-01	2.643367931477265675e-01	1.584661660611237921e-01	7.551043312108891847e-02	3.071536024374434126e-02	7.974135054656163180e-02
1.282976660661381175e+03	2.375451236436017244e-01	1.533813387143634355e-01	2.644637830181308380e-01	1.585436877210669449e-01	7.554318559701291014e-02	3.073302777358685733e-02	7.978985353203496556e-02
1.284427991725477568e+03	2.373616211351901040e-01	1.532619201150820509e-01	2.645905398855430413e-01	1.586210839701417130e-01	7.557588643333447431e-02	3.075066770179474621e-02	7.983828075871150787e-02
1.285879322789574417e+03	2.371784324532124066e-01	1.531427002337905907e-01	2.647170641655424705e-01	1.586983550186409908e-01	7.560853571283022989e-02	3.076828007469172011e-02	7.988663234108922540e-02
1.287330653853671038e+03	2.369955570672299394e-01	1.530236787329318227e-01	2.648433562729788915e-01	1.587755010764620167e-01	7.564113351814091835e-02	3.078586493852330727e-02	7.993490839353070698e-02
1.288781984917767431e+03	2.368129944476963789e-01	1.529048552755282731e-01	2.649694166219739855e-01	1.588525223531074004e-01	7.567367993177162577e-02	3.080342233945697686e-02	7.998310903026299712e-02
1.290233315981864052e+03	2.366307440659562444e-01	1.527862295251811442e-01	2.650952456259223489e-01	1.589294190576861499e-01	7.570617503609206045e-02	3.082095232358228465e-02	8.003123436537742941e-02
