1.001418434226643626e+03	2.798077628221257163e-01	1.807541348815101812e-01	2.348936205557834167e-01	1.408773348936082359e-01	6.811088172953197462e-02	2.674070145307187382e-02	6.881556366416849424e-02
1.002869765290740247e+03	2.795522336034285127e-01	1.805889342961008726e-01	2.350740342022041296e-01	1.409836394029150286e-01	6.815540377154022389e-02	2.676476429837890136e-02	6.888099042523233850e-02
1.004321096354836754e+03	2.792971398254978643e-01	1.804240103349094571e-01	2.352541185366415211e-01	1.410897692365453981e-01	6.819985561985568434e-02	2.678878878134976702e-02	6.894631766500033954e-02
1.005772427418933376e+03	2.790424807534974128e-01	1.802593625260855981e-01	2.354338741458809614e-01	1.411957247068772459e-01	6.824423738581474053e-02	2.681277496646333747e-02	6.901154551518075275e-02
1.007223758483029997e+03	2.787882556538287537e-01	1.800949903985917533e-01	2.356133016156931881e-01	1.413015061255455951e-01	6.828854918059665269e-02	2.683672291808974694e-02	6.907667410745439718e-02
1.008675089547126618e+03	2.785344637941295498e-01	1.799308934822017592e-01	2.357924015308355548e-01	1.414071138034460051e-01	6.833279111522298777e-02	2.686063270049059842e-02	6.914170357347371176e-02
1.010126420611223239e+03	2.782811044432709768e-01	1.797670713074995541e-01	2.359711744750538076e-01	1.415125480507379296e-01	6.837696330055723082e-02	2.688450437781912672e-02	6.920663404486161741e-02
1.011577751675319632e+03	2.780281768713560031e-01	1.796035234058776242e-01	2.361496210310836119e-01	1.416178091768479363e-01	6.842106584730424379e-02	2.690833801412039275e-02	6.927146565321050387e-02
1.013029082739416367e+03	2.777756803497171689e-01	1.794402493095357543e-01	2.363277417806519121e-01	1.417228974904729266e-01	6.846509886600993244e-02	2.693213367333146743e-02	6.933619853008116118e-02
1.014480413803512761e+03	2.775236141509145327e-01	1.792772485514795289e-01	2.365055373044787079e-01	1.418278132995834662e-01	6.850906246706076064e-02	2.695589141928160515e-02	6.940083280700171109e-02
1.015931744867609382e+03	2.772719775487335614e-01	1.791145206655190558e-01	2.366830081822784426e-01	1.419325569114267827e-01	6.855295676068343114e-02	2.697961131569243456e-02	6.946536861546659392e-02
1.017383075931706003e+03	2.770207698181831324e-01	1.789520651862674117e-01	2.368601549927616401e-01	1.420371286325300131e-01	6.859678185694446928e-02	2.700329342617813558e-02	6.952980608693552778e-02
1.018834406995802851e+03	2.767699902354932573e-01	1.787898816491394205e-01	2.370369783136363762e-01	1.421415287687033124e-01	6.864053786574993155e-02	2.702693781424561625e-02	6.959414535283241221e-02
1.020285738059899245e+03	2.765196380781131391e-01	1.786279695903502107e-01	2.372134787216099439e-01	1.422457576250429900e-01	6.868422489684504473e-02	2.705054454329470018e-02	6.965838654454437062e-02
1.021737069123995752e+03	2.762697126247090629e-01	1.784663285469137439e-01	2.373896567923901579e-01	1.423498155059344517e-01	6.872784305981392838e-02	2.707411367661830687e-02	6.972252979342070944e-02
1.023188400188092373e+03	2.760202131551624527e-01	1.783049580566415937e-01	2.375655131006872145e-01	1.424537027150553636e-01	6.877139246407930340e-02	2.709764527740262524e-02	6.978657523077183567e-02
1.024639731252188767e+03	2.757711389505675958e-01	1.781438576581414468e-01	2.377410482202149677e-01	1.425574195553785950e-01	6.881487321890218667e-02	2.712113940872730097e-02	6.985052298786829927e-02
1.026091062316285615e+03	2.755224892932297553e-01	1.779830268908158264e-01	2.379162627236925676e-01	1.426609663291751595e-01	6.885828543338171071e-02	2.714459613356560302e-02	6.991437319593979405e-02
1.027542393380382237e+03	2.752742634666628940e-01	1.778224652948607043e-01	2.380911571828460693e-01	1.427643433380172966e-01	6.890162921645483218e-02	2.716801551478462487e-02	6.997812598617406121e-02
1.028993724444478858e+03	2.750264607555878427e-01	1.776621724112639744e-01	2.382657321684098217e-01	1.428675508827812468e-01	6.894490467689612379e-02	2.719139761514544756e-02	7.004178148971598739e-02
1.030445055508575479e+03	2.747790804459301905e-01	1.775021477818043425e-01	2.384399882501281598e-01	1.429705892636503051e-01	6.898811192331759379e-02	2.721474249730332015e-02	7.010533983766654986e-02
1.031896386572671872e+03	2.745321218248181760e-01	1.773423909490497441e-01	2.386139259967567927e-01	1.430734587801175406e-01	6.903125106416847789e-02	2.723805022380784008e-02	7.016880116108184517e-02
1.033347717636768493e+03	2.742855841805806882e-01	1.771829014563561233e-01	2.387875459760644969e-01	1.431761597309888501e-01	6.907432220773505882e-02	2.726132085710312666e-02	7.023216559097207601e-02
1.034799048700865114e+03	2.740394668027452130e-01	1.770236788478659895e-01	2.389608487548345317e-01	1.432786924143855667e-01	6.911732546214054140e-02	2.728455445952801192e-02	7.029543325830063527e-02
1.036250379764961508e+03	2.737937689820356679e-01	1.768647226685071128e-01	2.391338348988661933e-01	1.433810571277474022e-01	6.916026093534489994e-02	2.730775109331620015e-02	7.035860429398303750e-02
1.037701710829058356e+03	2.735484900103706818e-01	1.767060324639911639e-01	2.393065049729763694e-01	1.434832541678351947e-01	6.920312873514468388e-02	2.733091082059645530e-02	7.042167882888603070e-02
1.039153041893154750e+03	2.733036291808610407e-01	1.765476077808123267e-01	2.394788595410011212e-01	1.435852838307337398e-01	6.924592896917299012e-02	2.735403370339277787e-02	7.048465699382655547e-02
1.040604372957251599e+03	2.730591857878083561e-01	1.763894481662459379e-01	2.396508991657970711e-01	1.436871464118543718e-01	6.928866174489931029e-02	2.737711980362458192e-02	7.054753891957089851e-02
1.042055704021347992e+03	2.728151591267024556e-01	1.762315531683472103e-01	2.398226244092431791e-01	1.437888422059378224e-01	6.933132716962941977e-02	2.740016918310686500e-02	7.061032473683363786e-02
1.043507035085444613e+03	2.725715484942195510e-01	1.760739223359497896e-01	2.399940358322419920e-01	1.438903715070568579e-01	6.937392535050533604e-02	2.742318190355038862e-02	7.067301457627671313e-02
1.044958366149541234e+03	2.723283531882202957e-01	1.759165552186645054e-01	2.401651339947212527e-01	1.439917346086189709e-01	6.941645639450520766e-02	2.744615802656185516e-02	7.073560856850852341e-02
1.046409697213637855e+03	2.720855725077476750e-01	1.757594513668780112e-01	2.403359194556356215e-01	1.440929318033689344e-01	6.945892040844330040e-02	2.746909761364407787e-02	7.079810684408298360e-02
1.047861028277734476e+03	2.718432057530250634e-01	1.756026103317513687e-01	2.405063927729680084e-01	1.441939633833915768e-01	6.950131749896990008e-02	2.749200072619616131e-02	7.086050953349856685e-02
1.049312359341831097e+03	2.716012522254541706e-01	1.754460316652187990e-01	2.406765545037310716e-01	1.442948296401142805e-01	6.954364777257129870e-02	2.751486742551367479e-02	7.092281676719740247e-02
1.050763690405927491e+03	2.713597112276129875e-01	1.752897149199862947e-01	2.408464052039689107e-01	1.443955308643096458e-01	6.958591133556972508e-02	2.753769777278882586e-02	7.098502867556437390e-02
1.052215021470024112e+03	2.711185820632537880e-01	1.751336596495303155e-01	2.410159454287583991e-01	1.444960673460979894e-01	6.962810829412342806e-02	2.756049182911063031e-02	7.104714538892617504e-02
1.053666352534120733e+03	2.708778640373014079e-01	1.749778654080964557e-01	2.411851757322109047e-01	1.445964393749499255e-01	6.967023875422653778e-02	2.758324965546509258e-02	7.110916703755043589e-02
1.055117683598217127e+03	2.706375564558507474e-01	1.748223317506981400e-01	2.413540966674736499e-01	1.446966472396889747e-01	6.971230282170914894e-02	2.760597131273538271e-02	7.117109375164480667e-02
1.056569014662313975e+03	2.703976586261651605e-01	1.746670582331151800e-01	2.415227087867312938e-01	1.447966912284938401e-01	6.975430060223727913e-02	2.762865686170198898e-02	7.123292566135606962e-02
1.058020345726410369e+03	2.701581698566743461e-01	1.745120444118926362e-01	2.416910126412074866e-01	1.448965716289011552e-01	6.979623220131293826e-02	2.765130636304292261e-02	7.129466289676926471e-02
1.059471676790506763e+03	2.699190894569725718e-01	1.743572898443393471e-01	2.418590087811663680e-01	1.449962887278078150e-01	6.983809772427410079e-02	2.767391987733386002e-02	7.135630558790678757e-02
1.060923007854603611e+03	2.696804167378160644e-01	1.742027940885266524e-01	2.420266977559139276e-01	1.450958428114734744e-01	6.987989727629476122e-02	2.769649746504833712e-02	7.141785386472757069e-02
1.062374338918700232e+03	2.694421510111218998e-01	1.740485567032871439e-01	2.421940801137998089e-01	1.451952341655229628e-01	6.992163096238497577e-02	2.771903918655790541e-02	7.147930785712613977e-02
1.063825669982796853e+03	2.692042915899653388e-01	1.738945772482131946e-01	2.423611564022186693e-01	1.452944630749486432e-01	6.996329888739089009e-02	2.774154510213231589e-02	7.154066769493179490e-02
1.065277001046893474e+03	2.689668377885781059e-01	1.737408552836558762e-01	2.425279271676115955e-01	1.453935298241129936e-01	7.000490115599482255e-02	2.776401527193968211e-02	7.160193350790777789e-02
1.066728332110990095e+03	2.687297889223464464e-01	1.735873903707234323e-01	2.426943929554677970e-01	1.454924346967507720e-01	7.004643787271530586e-02	2.778644975604665363e-02	7.166310542575039799e-02
1.068179663175086489e+03	2.684931443078092395e-01	1.734341820712800575e-01	2.428605543103260211e-01	1.455911779759715141e-01	7.008790914190715649e-02	2.780884861441859646e-02	7.172418357808819922e-02
1.069630994239183110e+03	2.682569032626558325e-01	1.732812299479446483e-01	2.430264117757760800e-01	1.456897599442618096e-01	7.012931506776155788e-02	2.783121190691974570e-02	7.178516809448111380e-02
1.071082325303279504e+03	2.680210651057241544e-01	1.731285335640893597e-01	2.431919658944603768e-01	1.457881808834877169e-01	7.017065575430611601e-02	2.785353969331339288e-02	7.184605910441965726e-02
1.072533656367376352e+03	2.677856291569988834e-01	1.729760924838384950e-01	2.433572172080753493e-01	1.458864410748970109e-01	7.021193130540498428e-02	2.787583203326204212e-02	7.190685673732408190e-02
1.073984987431472746e+03	2.675505947376092264e-01	1.728239062720669794e-01	2.435221662573730794e-01	1.459845407991214594e-01	7.025314182475894675e-02	2.789808898632758355e-02	7.196756112254357185e-02
1.075436318495569594e+03	2.673159611698273652e-01	1.726719744943992496e-01	2.436868135821627090e-01	1.460824803361791546e-01	7.029428741590545981e-02	2.792031061197148070e-02	7.202817238935543820e-02
1.076887649559666215e+03	2.670817277770661247e-01	1.725202967172078938e-01	2.438511597213120496e-01	1.461802599654767609e-01	7.033536818221884646e-02	2.794249696955490234e-02	7.208869066696431405e-02
1.078338980623762609e+03	2.668478938838772518e-01	1.723688725076123474e-01	2.440152052127489146e-01	1.462778799658117357e-01	7.037638422691033790e-02	2.796464811833893060e-02	7.214911608450139124e-02
1.079790311687859230e+03	2.666144588159494733e-01	1.722177014334776435e-01	2.441789505934627291e-01	1.463753406153746328e-01	7.041733565302822628e-02	2.798676411748470677e-02	7.220944877102355997e-02
1.081241642751955851e+03	2.663814219001063854e-01	1.720667830634130258e-01	2.443423963995060844e-01	1.464726421917512678e-01	7.045822256345796175e-02	2.800884502605360121e-02	7.226968885551265931e-02
1.082692973816052472e+03	2.661487824643047895e-01	1.719161169667708100e-01	2.445055431659960976e-01	1.465697849719248824e-01	7.049904506092229128e-02	2.803089090300738689e-02	7.232983646687474177e-02
1.084144304880149093e+03	2.659165398376325262e-01	1.717657027136449410e-01	2.446683914271160498e-01	1.466667692322784211e-01	7.053980324798136969e-02	2.805290180720840937e-02	7.238989173393925447e-02
1.085595635944245487e+03	2.656846933503066999e-01	1.716155398748698824e-01	2.448309417161167734e-01	1.467635952485967232e-01	7.058049722703291229e-02	2.807487779741974637e-02	7.244985478545828972e-02
1.087046967008342108e+03	2.654532423336716240e-01	1.714656280220192008e-01	2.449931945653182064e-01	1.468602632960684939e-01	7.062112710031231977e-02	2.809681893230537783e-02	7.250972575010582177e-02
1.088498298072438729e+03	2.652221861201970454e-01	1.713159667274043174e-01	2.451551505061108360e-01	1.469567736492886634e-01	7.066169296989281701e-02	2.811872527043035586e-02	7.256950475647697130e-02
1.089949629136535123e+03	2.649915240434762009e-01	1.711665555640732861e-01	2.453168100689572806e-01	1.470531265822604405e-01	7.070219493768561958e-02	2.814059687026096782e-02	7.262919193308722821e-02
1.091400960200631971e+03	2.647612554382238192e-01	1.710173941058094893e-01	2.454781737833936217e-01	1.471493223683973395e-01	7.074263310544005867e-02	2.816243379016490286e-02	7.268878740837177166e-02
1.092852291264728365e+03	2.645313796402742890e-01	1.708684819271303335e-01	2.456392421780311253e-01	1.472453612805253997e-01	7.078300757474376148e-02	2.818423608841142194e-02	7.274829131068467902e-02
1.094303622328825213e+03	2.643018959865797157e-01	1.707198186032860554e-01	2.458000157805575181e-01	1.473412435908852403e-01	7.082331844702276225e-02	2.820600382317152086e-02	7.280770376829821811e-02
1.095754953392921607e+03	2.640728038152080348e-01	1.705714037102583347e-01	2.459604951177385701e-01	1.474369695711340855e-01	7.086356582354172429e-02	2.822773705251808984e-02	7.286702490940215327e-02
1.097206284457018228e+03	2.638441024653411793e-01	1.704232368247592111e-01	2.461206807154195375e-01	1.475325394923479028e-01	7.090374980540406491e-02	2.824943583442608708e-02	7.292625486210299601e-02
1.098657615521114849e+03	2.636157912772731371e-01	1.702753175242296413e-01	2.462805730985267172e-01	1.476279536250234004e-01	7.094387049355212194e-02	2.827110022677270171e-02	7.298539375442333887e-02
1.100108946585211470e+03	2.633878695924078972e-01	1.701276453868383332e-01	2.464401727910688067e-01	1.477232122390800817e-01	7.098392798876734799e-02	2.829273028733752041e-02	7.304444171430109212e-02
1.101560277649308091e+03	2.631603367532578397e-01	1.699802199914804968e-01	2.465994803161385696e-01	1.478183156038622159e-01	7.102392239167046317e-02	2.831432607380268002e-02	7.310339886958885924e-02
1.103011608713404712e+03	2.629331921034416819e-01	1.698330409177765676e-01	2.467584961959141121e-01	1.479132639881408917e-01	7.106385380272163543e-02	2.833588764375304797e-02	7.316226534805321535e-02
1.104462939777501106e+03	2.627064349876826466e-01	1.696861077460709299e-01	2.469172209516605210e-01	1.480080576601160436e-01	7.110372232222064715e-02	2.835741505467637147e-02	7.322104127737401325e-02
1.105914270841597499e+03	2.624800647518065744e-01	1.695394200574306676e-01	2.470756551037312510e-01	1.481026968874183392e-01	7.114352805030711713e-02	2.837890836396345789e-02	7.327972678514374505e-02
1.107365601905694348e+03	2.622540807427400367e-01	1.693929774336443428e-01	2.472337991715695960e-01	1.481971819371113164e-01	7.118327108696065331e-02	2.840036762890832053e-02	7.333832199886682057e-02
1.108816932969790741e+03	2.620284823085085590e-01	1.692467794572207751e-01	2.473916536737102989e-01	1.482915130756931044e-01	7.122295153200104700e-02	2.842179290670834857e-02	7.339682704595895668e-02
1.110268264033887590e+03	2.618032687982346229e-01	1.691008257113877367e-01	2.475492191277807730e-01	1.483856905690985328e-01	7.126256948508845335e-02	2.844318425446447363e-02	7.345524205374649729e-02
1.111719595097984211e+03	2.615784395621358338e-01	1.689551157800907033e-01	2.477064960505028224e-01	1.484797146827010472e-01	7.130212504572361332e-02	2.846454172918132935e-02	7.351356714946573334e-02
1.113170926162080832e+03	2.613539939515231447e-01	1.688096492479916610e-01	2.478634849576939470e-01	1.485735856813146238e-01	7.134161831324802028e-02	2.848586538776740756e-02	7.357180246026231996e-02
1.114622257226177226e+03	2.611299313187988025e-01	1.686644257004679126e-01	2.480201863642688687e-01	1.486673038291956017e-01	7.138104938684410039e-02	2.850715528703522822e-02	7.362994811319059640e-02
1.116073588290273847e+03	2.609062510174547378e-01	1.685194447236107174e-01	2.481766007842410304e-01	1.487608693900447088e-01	7.142041836553547629e-02	2.852841148370149904e-02	7.368800423521293386e-02
1.117524919354370468e+03	2.606829524020705668e-01	1.683747059042240701e-01	2.483327287307240117e-01	1.488542826270088659e-01	7.145972534818709199e-02	2.854963403438727509e-02	7.374597095319918028e-02
1.118976250418467089e+03	2.604600348283118705e-01	1.682302088298236464e-01	2.484885707159330270e-01	1.489475438026830467e-01	7.149897043350544878e-02	2.857082299561811839e-02	7.380384839392593876e-02
1.120427581482563710e+03	2.602374976529280848e-01	1.680859530886352760e-01	2.486441272511863421e-01	1.490406531791121647e-01	7.153815372003886897e-02	2.859197842382426788e-02	7.386163668407605409e-02
1.121878912546660331e+03	2.600153402337509467e-01	1.679419382695940544e-01	2.487993988469067996e-01	1.491336110177929886e-01	7.157727530617756517e-02	2.861310037534078171e-02	7.391933595023793269e-02
1.123330243610756725e+03	2.597935619296926069e-01	1.677981639623429000e-01	2.489543860126231800e-01	1.492264175796758630e-01	7.161633529015394573e-02	2.863418890640771763e-02	7.397694631890495975e-02
1.124781574674853118e+03	2.595721621007434643e-01	1.676546297572313049e-01	2.491090892569717552e-01	1.493190731251666237e-01	7.165533377004285054e-02	2.865524407317028219e-02	7.403446791647491643e-02
1.126232905738949967e+03	2.593511401079708900e-01	1.675113352453141968e-01	2.492635090876977044e-01	1.494115779141283740e-01	7.169427084376166215e-02	2.867626593167898683e-02	7.409190086924938301e-02
1.127684236803046360e+03	2.591304953135169509e-01	1.673682800183507735e-01	2.494176460116565297e-01	1.495039322058833720e-01	7.173314660907062490e-02	2.869725453788981792e-02	7.414924530343312836e-02
1.129135567867143209e+03	2.589102270805967998e-01	1.672254636688031704e-01	2.495715005348156657e-01	1.495961362592146959e-01	7.177196116357295597e-02	2.871820994766438595e-02	7.420650134513355478e-02
1.130586898931239830e+03	2.586903347734967329e-01	1.670828857898353226e-01	2.497250731622556730e-01	1.496881903323681595e-01	7.181071460471513679e-02	2.873913221677009897e-02	7.426366912036010126e-02
1.132038229995336451e+03	2.584708177575724686e-01	1.669405459753116605e-01	2.498783643981719593e-01	1.497800946830539770e-01	7.184940702978710736e-02	2.876002140088029443e-02	7.432074875502371614e-02
1.133489561059432845e+03	2.582516753992474268e-01	1.667984438197960273e-01	2.500313747458760560e-01	1.498718495684485952e-01	7.188803853592247439e-02	2.878087755557442659e-02	7.437774037493624646e-02
1.134940892123529466e+03	2.580329070660106194e-01	1.666565789185503466e-01	2.501841047077970059e-01	1.499634552451964420e-01	7.192660922009873337e-02	2.880170073633820868e-02	7.443464410580992452e-02
1.136392223187626087e+03	2.578145121264150408e-01	1.665149508675335677e-01	2.503365547854830009e-01	1.500549119694116196e-01	7.196511917913751832e-02	2.882249099856377256e-02	7.449146007325677110e-02
1.137843554251722708e+03	2.575964899500758354e-01	1.663735592634001947e-01	2.504887254796027696e-01	1.501462199966797917e-01	7.200356850970478229e-02	2.884324839754982828e-02	7.454818840278808201e-02
1.139294885315819101e+03	2.573788399076685218e-01	1.662324037034994262e-01	2.506406172899469653e-01	1.502373795820596825e-01	7.204195730831103317e-02	2.886397298850182369e-02	7.460482921981387294e-02
1.140746216379915950e+03	2.571615613709271053e-01	1.660914837858736837e-01	2.507922307154295538e-01	1.503283909800849361e-01	7.208028567131155584e-02	2.888466482653209016e-02	7.466138264964233828e-02
1.142197547444012343e+03	2.569446537126424679e-01	1.659507991092575296e-01	2.509435662540894230e-01	1.504192544447658375e-01	7.211855369490666190e-02	2.890532396666001605e-02	7.471784881747937923e-02
1.143648878508108737e+03	2.567281163066602589e-01	1.658103492730764739e-01	2.510946244030916041e-01	1.505099702295908948e-01	7.215676147514188399e-02	2.892595046381218893e-02	7.477422784842795156e-02
1.145100209572205586e+03	2.565119485278794520e-01	1.656701338774457244e-01	2.512454056587289375e-01	1.506005385875286429e-01	7.219490910790822558e-02	2.894654437282256215e-02	7.483051986748770479e-02
1.146551540636302207e+03	2.562961497522503462e-01	1.655301525231690773e-01	2.513959105164232932e-01	1.506909597710292259e-01	7.223299668894235526e-02	2.896710574843260055e-02	7.488672499955434381e-02
1.148002871700398828e+03	2.560807193567728457e-01	1.653904048117375569e-01	2.515461394707271814e-01	1.507812340320261457e-01	7.227102431382685654e-02	2.898763464529144698e-02	7.494284336941918478e-02
1.149454202764495449e+03	2.558656567194946829e-01	1.652508903453284717e-01	2.516960930153250287e-01	1.508713616219378717e-01	7.230899207799047768e-02	2.900813111795607149e-02	7.499887510176864169e-02
1.150905533828591842e+03	2.556509612195094205e-01	1.651116087268040544e-01	2.518457716430347326e-01	1.509613427916694783e-01	7.234690007670835366e-02	2.902859522089142053e-02	7.505482032118369895e-02
1.152356864892688463e+03	2.554366322369552855e-01	1.649725595597103245e-01	2.519951758458091051e-01	1.510511777916143106e-01	7.238474840510215891e-02	2.904902700847058344e-02	7.511067915213948121e-02
1.153808195956785084e+03	2.552226691530126157e-01	1.648337424482758939e-01	2.521443061147370934e-01	1.511408668716555659e-01	7.242253715814045423e-02	2.906942653497494172e-02	7.516645171900469824e-02
1.155259527020881706e+03	2.550090713499026385e-01	1.646951569974108298e-01	2.522931629400453346e-01	1.512304102811680151e-01	7.246026643063888106e-02	2.908979385459432507e-02	7.522213814604120086e-02
1.156710858084978327e+03	2.547958382108855835e-01	1.645568028127053495e-01	2.524417468110997653e-01	1.513198082690195290e-01	7.249793631726031418e-02	2.911012902142716061e-02	7.527773855740352293e-02
1.158162189149074720e+03	2.545829691202588507e-01	1.644186795004288493e-01	2.525900582164067321e-01	1.514090610835726880e-01	7.253554691251520858e-02	2.913043208948063248e-02	7.533325307713835406e-02
1.159613520213171569e+03	2.543704634633551787e-01	1.642807866675285722e-01	2.527380976436144899e-01	1.514981689726863090e-01	7.257309831076177997e-02	2.915070311267083450e-02	7.538868182918412320e-02
1.161064851277267962e+03	2.541583206265410899e-01	1.641431239216284699e-01	2.528858655795148125e-01	1.515871321837172214e-01	7.261059060620622674e-02	2.917094214482291586e-02	7.544402493737052684e-02
1.162516182341364356e+03	2.539465399972150039e-01	1.640056908710280648e-01	2.530333625100441020e-01	1.516759509635217107e-01	7.264802389290296591e-02	2.919114923967125116e-02	7.549928252541804330e-02
1.163967513405461204e+03	2.537351209638056271e-01	1.638684871247012564e-01	2.531805889202852211e-01	1.517646255584570725e-01	7.268539826475492460e-02	2.921132445085956875e-02	7.555445471693750248e-02
1.165418844469557826e+03	2.535240629157699543e-01	1.637315122922951560e-01	2.533275452944683259e-01	1.518531562143832225e-01	7.272271381551369263e-02	2.923146783194112419e-02	7.560954163542966955e-02
1.166870175533654447e+03	2.533133652435917149e-01	1.635947659841288926e-01	2.534742321159728640e-01	1.519415431766641955e-01	7.275997063877981397e-02	2.925157943637884256e-02	7.566454340428475922e-02
1.168321506597751068e+03	2.531030273387797069e-01	1.634582478111925585e-01	2.536206498673285736e-01	1.520297866901697548e-01	7.279716882800299493e-02	2.927165931754547798e-02	7.571946014678203329e-02
1.169772837661847461e+03	2.528930485938657990e-01	1.633219573851459328e-01	2.537667990302172050e-01	1.521178869992768357e-01	7.283430847648232620e-02	2.929170752872375244e-02	7.577429198608932881e-02
1.171224168725944082e+03	2.526834284024033761e-01	1.631858943183173150e-01	2.539126800854734634e-01	1.522058443478711554e-01	7.287138967736660200e-02	2.931172412310652231e-02	7.582903904526268335e-02
1.172675499790040703e+03	2.524741661589656738e-01	1.630500582237024987e-01	2.540582935130870634e-01	1.522936589793487394e-01	7.290841252365444503e-02	2.933170915379691365e-02	7.588370144724586319e-02
1.174126830854137097e+03	2.522652612591437804e-01	1.629144487149634946e-01	2.542036397922035618e-01	1.523813311366173096e-01	7.294537710819461174e-02	2.935166267380849223e-02	7.593827931486998861e-02
1.175578161918233945e+03	2.520567130995452487e-01	1.627790654064273923e-01	2.543487194011259667e-01	1.524688610620978935e-01	7.298228352368621441e-02	2.937158473606539533e-02	7.599277277085307591e-02
1.177029492982330339e+03	2.518485210777921535e-01	1.626439079130852783e-01	2.544935328173162925e-01	1.525562489977262681e-01	7.301913186267892930e-02	2.939147539340250179e-02	7.604718193779970437e-02
1.178480824046426733e+03	2.516406845925194813e-01	1.625089758505910142e-01	2.546380805173967254e-01	1.526434951849545141e-01	7.305592221757331584e-02	2.941133469856555688e-02	7.610150693820054435e-02
1.179932155110523581e+03	2.514332030433732434e-01	1.623742688352601549e-01	2.547823629771510667e-01	1.527305998647524310e-01	7.309265468062094151e-02	2.943116270421134578e-02	7.615574789443196879e-02
1.181383486174620202e+03	2.512260758310090325e-01	1.622397864840687542e-01	2.549263806715262315e-01	1.528175632776089254e-01	7.312932934392471496e-02	2.945095946290782890e-02	7.620990492875570621e-02
1.182834817238716823e+03	2.510193023570900794e-01	1.621055284146522002e-01	2.550701340746335810e-01	1.529043856635336485e-01	7.316594629943906636e-02	2.947072502713430145e-02	7.626397816331839663e-02
1.184286148302813444e+03	2.508128820242855883e-01	1.619714942453041595e-01	2.552136236597501995e-01	1.529910672620583278e-01	7.320250563897021112e-02	2.949045944928153917e-02	7.631796772015125851e-02
1.185737479366910065e+03	2.506068142362691820e-01	1.618376835949753567e-01	2.553568498993205593e-01	1.530776083122382392e-01	7.323900745417638580e-02	2.951016278165193366e-02	7.637187372116964468e-02
1.187188810431006686e+03	2.504010983977170701e-01	1.617040960832724916e-01	2.554998132649575759e-01	1.531640090526536768e-01	7.327545183656805627e-02	2.952983507645966926e-02	7.642569628817275085e-02
1.188640141495103080e+03	2.501957339143063841e-01	1.615707313304571013e-01	2.556425142274442730e-01	1.532502697214113419e-01	7.331183887750818140e-02	2.954947638583084110e-02	7.647943554284317158e-02
1.190091472559199701e+03	2.499907201927135114e-01	1.614375889574443668e-01	2.557849532567349482e-01	1.533363905561457852e-01	7.334816866821249060e-02	2.956908676180362155e-02	7.653309160674656719e-02
1.191542803623296322e+03	2.497860566406122917e-01	1.613046685858020302e-01	2.559271308219567276e-01	1.534223717940208231e-01	7.338444129974963648e-02	2.958866625632840947e-02	7.658666460133130294e-02
1.192994134687392716e+03	2.495817426666724903e-01	1.611719698377493404e-01	2.560690473914108978e-01	1.535082136717309531e-01	7.342065686304150018e-02	2.960821492126797239e-02	7.664015464792810206e-02
1.194445465751489564e+03	2.493777776805579383e-01	1.610394923361557207e-01	2.562107034325742383e-01	1.535939164255027134e-01	7.345681544886339953e-02	2.962773280839758883e-02	7.669356186774967110e-02
1.195896796815585958e+03	2.491741610929250339e-01	1.609072357045398249e-01	2.563520994121004648e-01	1.536794802910961266e-01	7.349291714784431107e-02	2.964721996940520091e-02	7.674688638189035295e-02
1.197348127879682352e+03	2.489708923154209386e-01	1.607751995670683720e-01	2.564932357958213949e-01	1.537649055038060597e-01	7.352896205046717537e-02	2.966667645589156355e-02	7.680012831132580764e-02
1.198799458943779200e+03	2.487679707606819390e-01	1.606433835485550077e-01	2.566341130487486133e-01	1.538501922984636117e-01	7.356495024706903585e-02	2.968610231937038324e-02	7.685328777691263769e-02
1.200250790007875821e+03	2.485653958423318377e-01	1.605117872744591667e-01	2.567747316350747488e-01	1.539353409094375291e-01	7.360088182784138566e-02	2.970549761126847765e-02	7.690636489938811049e-02
1.201702121071972442e+03	2.483631669749800930e-01	1.603804103708850182e-01	2.569150920181748066e-01	1.540203515706354276e-01	7.363675688283030651e-02	2.972486238292591787e-02	7.695935979936972815e-02
1.203153452136069063e+03	2.481612835742203205e-01	1.602492524645801886e-01	2.570551946606075555e-01	1.541052245155053180e-01	7.367257550193676008e-02	2.974419668559614982e-02	7.701227259735499153e-02
1.204604783200165684e+03	2.479597450566286554e-01	1.601183131829349293e-01	2.571950400241167500e-01	1.541899599770368834e-01	7.370833777491683780e-02	2.976350057044618511e-02	7.706510341372103945e-02
1.206056114264262078e+03	2.477585508397619485e-01	1.599875921539807566e-01	2.573346285696327396e-01	1.542745581877628391e-01	7.374404379138192744e-02	2.978277408855670855e-02	7.711785236872435723e-02
1.207507445328358699e+03	2.475577003421561839e-01	1.598570890063894245e-01	2.574739607572737454e-01	1.543590193797602372e-01	7.377969364079903225e-02	2.980201729092223778e-02	7.717051958250044363e-02
1.208958776392455093e+03	2.473571929833248695e-01	1.597268033694718425e-01	2.576130370463471375e-01	1.544433437846518264e-01	7.381528741249096526e-02	2.982123022845126897e-02	7.722310517506346395e-02
1.210410107456551941e+03	2.471570281837572047e-01	1.595967348731769098e-01	2.577518578953508777e-01	1.545275316336073568e-01	7.385082519563657133e-02	2.984041295196642254e-02	7.727560926630601401e-02
1.211861438520648335e+03	2.469572053649166932e-01	1.594668831480905435e-01	2.578904237619747408e-01	1.546115831573449673e-01	7.388630707927101859e-02	2.985956551220457500e-02	7.732803197599874556e-02
1.213312769584745183e+03	2.467577239492393104e-01	1.593372478254343472e-01	2.580287351031020915e-01	1.546954985861323795e-01	7.392173315228599273e-02	2.987868795981702894e-02	7.738037342379014416e-02
1.214764100648841804e+03	2.465585833601319221e-01	1.592078285370647772e-01	2.581667923748106053e-01	1.547792781497882852e-01	7.395710350342991901e-02	2.989778034536962753e-02	7.743263372920616838e-02
1.216215431712937971e+03	2.463597830219705631e-01	1.590786249154718113e-01	2.583045960323741008e-01	1.548629220776835957e-01	7.399241822130825375e-02	2.991684271934292108e-02	7.748481301165001389e-02
1.217666762777034819e+03	2.461613223600989386e-01	1.589496365937780042e-01	2.584421465302637611e-01	1.549464305987428570e-01	7.402767739438369243e-02	2.993587513213229537e-02	7.753691139040178038e-02
1.219118093841131440e+03	2.459632008008267312e-01	1.588208632057372949e-01	2.585794443221493544e-01	1.550298039414453044e-01	7.406288111097635019e-02	2.995487763404812084e-02	7.758892898461819398e-02
1.220569424905228061e+03	2.457654177714278798e-01	1.586923043857340065e-01	2.587164898609007335e-01	1.551130423338263342e-01	7.409802945926409479e-02	2.997385027531589488e-02	7.764086591333237142e-02
1.222020755969324682e+03	2.455679727001391088e-01	1.585639597687817093e-01	2.588532835985891123e-01	1.551961460034787799e-01	7.413312252728272711e-02	2.999279310607639096e-02	7.769272229545350072e-02
1.223472087033421303e+03	2.453708650161581240e-01	1.584358289905221095e-01	2.589898259864884533e-01	1.552791151775539946e-01	7.416816040292621703e-02	3.001170617638579050e-02	7.774449824976659151e-02
1.224923418097517697e+03	2.451740941496421411e-01	1.583079116872239678e-01	2.591261174750768559e-01	1.553619500827633504e-01	7.420314317394692549e-02	3.003058953621583552e-02	7.779619389493216963e-02
1.226374749161614318e+03	2.449776595317061934e-01	1.581802074957820714e-01	2.592621585140377216e-01	1.554446509453792924e-01	7.423807092795589591e-02	3.004944323545396048e-02	7.784780934948611064e-02
1.227826080225710712e+03	2.447815605944215211e-01	1.580527160537160691e-01	2.593979495522611978e-01	1.555272179912366992e-01	7.427294375242303459e-02	3.006826732390344148e-02	7.789934473183923735e-02
1.229277411289807560e+03	2.445857967708139624e-01	1.579254369991694995e-01	2.595334910378455651e-01	1.556096514457340763e-01	7.430776173467736057e-02	3.008706185128353153e-02	7.795080016027722269e-02
1.230728742353903954e+03	2.443903674948623428e-01	1.577983699709085419e-01	2.596687834180985144e-01	1.556919515338347770e-01	7.434252496190722759e-02	3.010582686722960977e-02	7.800217575296015948e-02
1.232180073418000802e+03	2.441952722014968380e-01	1.576715146083211005e-01	2.598038271395384791e-01	1.557741184800683631e-01	7.437723352116058784e-02	3.012456242129331677e-02	7.805347162792249105e-02
1.233631404482097196e+03	2.440005103265973918e-01	1.575448705514156666e-01	2.599386226478959672e-01	1.558561525085316035e-01	7.441188749934520008e-02	3.014326856294269677e-02	7.810468790307263653e-02
1.235082735546193817e+03	2.438060813069921340e-01	1.574184374408201803e-01	2.600731703881149492e-01	1.559380538428899177e-01	7.444648698322886560e-02	3.016194534156233995e-02	7.815582469619278272e-02
1.236534066610290438e+03	2.436119845804557149e-01	1.572922149177811424e-01	2.602074708043540241e-01	1.560198227063784027e-01	7.448103205943967797e-02	3.018059280645352116e-02	7.820688212493868974e-02
1.237985397674387059e+03	2.434182195857078346e-01	1.571662026241623100e-01	2.603415243399879175e-01	1.561014593218031932e-01	7.451552281446621739e-02	3.019921100683433529e-02	7.825786030683938577e-02
1.239436728738483680e+03	2.432247857624114384e-01	1.570404002024437806e-01	2.604753314376087592e-01	1.561829639115425439e-01	7.454995933465782820e-02	3.021779999183984988e-02	7.830875935929701437e-02
1.240888059802580301e+03	2.430316825511712742e-01	1.569148072957208817e-01	2.606088925390274147e-01	1.562643366975480785e-01	7.458434170622482706e-02	3.023635981052223004e-02	7.835957939958652918e-02
1.242339390866676695e+03	2.428389093935323373e-01	1.567894235477031162e-01	2.607422080852747071e-01	1.563455779013459834e-01	7.461867001523872500e-02	3.025489051185088762e-02	7.841032054485552738e-02
1.243790721930773088e+03	2.426464657319781781e-01	1.566642486027131076e-01	2.608752785166028043e-01	1.564266877440381454e-01	7.465294434763246334e-02	3.027339214471263043e-02	7.846098291212397213e-02
1.245242052994869937e+03	2.424543510099293753e-01	1.565392821056854622e-01	2.610081042724866074e-01	1.565076664463033451e-01	7.468716478920067736e-02	3.029186475791176281e-02	7.851156661828403993e-02
1.246693384058966330e+03	2.422625646717418979e-01	1.564145237021658252e-01	2.611406857916250268e-01	1.565885142283985065e-01	7.472133142559987673e-02	3.031030840017027300e-02	7.856207178009985692e-02
1.248144715123063179e+03	2.420711061627055793e-01	1.562899730383098262e-01	2.612730235119422040e-01	1.566692313101597511e-01	7.475544434234872304e-02	3.032872312012793725e-02	7.861249851420730461e-02
1.249596046187159800e+03	2.418799749290425627e-01	1.561656297608818578e-01	2.614051178705888434e-01	1.567498179110035639e-01	7.478950362482821024e-02	3.034710896634247243e-02	7.866284693711383946e-02
1.251047377251256421e+03	2.416891704179056355e-01	1.560414935172541595e-01	2.615369693039436561e-01	1.568302742499281255e-01	7.482350935828192828e-02	3.036546598728967136e-02	7.871311716519821533e-02
1.252498708315352815e+03	2.414986920773767309e-01	1.559175639554057635e-01	2.616685782476144695e-01	1.569106005455142006e-01	7.485746162781628521e-02	3.038379423136353466e-02	7.876330931471034469e-02
1.253950039379449436e+03	2.413085393564654013e-01	1.557938407239213563e-01	2.617999451364398933e-01	1.569907970159264698e-01	7.489136051840072916e-02	3.040209374687642685e-02	7.881342350177110434e-02
1.255401370443546057e+03	2.411187117051070694e-01	1.556703234719904183e-01	2.619310704044901517e-01	1.570708638789145295e-01	7.492520611486798432e-02	3.042036458205918392e-02	7.886345984237209950e-02
1.256852701507642678e+03	2.409292085741617517e-01	1.555470118494058918e-01	2.620619544850685267e-01	1.571508013518142233e-01	7.495899850191430069e-02	3.043860678506128334e-02	7.891341845237546948e-02
1.258304032571739299e+03	2.407400294154121712e-01	1.554239055065634312e-01	2.621925978107129684e-01	1.572306096515485030e-01	7.499273776409960679e-02	3.045682040395095505e-02	7.896329944751377672e-02
1.259755363635835920e+03	2.405511736815625079e-01	1.553010040944600989e-01	2.623230008131970936e-01	1.573102889946288163e-01	7.502642398584782879e-02	3.047500548671533416e-02	7.901310294338971529e-02
1.261206694699932314e+03	2.403626408262366232e-01	1.551783072646935324e-01	2.624531639235315184e-01	1.573898395971560782e-01	7.506005725144705709e-02	3.049316208126058234e-02	7.906282905547601381e-02
1.262658025764028707e+03	2.401744303039766160e-01	1.550558146694607786e-01	2.625830875719651902e-01	1.574692616748217810e-01	7.509363764504980998e-02	3.051129023541204396e-02	7.911247789911521333e-02
1.264109356828125556e+03	2.399865415702412685e-01	1.549335259615573501e-01	2.627127721879866651e-01	1.575485554429091606e-01	7.512716525067320017e-02	3.052938999691436062e-02	7.916204958951947313e-02
1.265560687892221949e+03	2.397989740814043813e-01	1.548114407943760595e-01	2.628422182003255503e-01	1.576277211162942227e-01	7.516064015219925398e-02	3.054746141343162719e-02	7.921154424177047348e-02
1.267012018956318798e+03	2.396117272947534682e-01	1.546895588219061313e-01	2.629714260369535039e-01	1.577067589094468814e-01	7.519406243337505014e-02	3.056550453254750638e-02	7.926096197081913819e-02
1.268463350020415419e+03	2.394248006684879804e-01	1.545678796987320358e-01	2.631003961250856782e-01	1.577856690364320968e-01	7.522743217781299729e-02	3.058351940176538483e-02	7.931030289148555124e-02
1.269914681084511813e+03	2.392381936617178628e-01	1.544464030800325460e-01	2.632291288911819960e-01	1.578644517109109302e-01	7.526074946899101448e-02	3.060150606850849456e-02	7.935956711845879030e-02
1.271366012148608434e+03	2.390519057344620835e-01	1.543251286215797380e-01	2.633576247609486498e-01	1.579431071461415426e-01	7.529401439025285026e-02	3.061946458012004824e-02	7.940875476629670471e-02
1.272817343212705055e+03	2.388659363476469399e-01	1.542040559797378807e-01	2.634858841593389900e-01	1.580216355549804164e-01	7.532722702480816601e-02	3.063739498386337801e-02	7.945786594942580439e-02
1.274268674276801676e+03	2.386802849631046997e-01	1.540831848114623814e-01	2.636139075105551899e-01	1.581000371498833545e-01	7.536038745573286901e-02	3.065529732692207077e-02	7.950690078214107948e-02
1.275720005340898297e+03	2.384949510435719899e-01	1.539625147742988975e-01	2.637416952380489676e-01	1.581783121429064798e-01	7.539349576596930669e-02	3.067317165640010002e-02	7.955585937860590318e-02
1.277171336404994690e+03	2.383099340526882159e-01	1.538420455263821707e-01	2.638692477645235845e-01	1.582564607457074557e-01	7.542655203832644706e-02	3.069101801932196116e-02	7.960474185285180970e-02
1.278622667469091539e+03	2.381252334549941729e-01	1.537217767264351387e-01	2.639965655119345667e-01	1.583344831695463473e-01	7.545955635548015628e-02	3.070883646263279990e-02	7.965354831877836939e-02
1.280073998533187932e+03	2.379408487159304642e-01	1.536017080337678531e-01	2.641236489014914257e-01	1.584123796252868699e-01	7.549250879997342067e-02	3.072662703319855443e-02	7.970227889015307765e-02
1.281525329597284326e+03	2.377567793018359188e-01	1.534818391082764244e-01	2.642504983536583252e-01	1.584901503233973052e-01	7.552540945421651331e-02	3.074438977780607693e-02	7.975093368061116073e-02
1.282976660661381175e+03	2.375730246799461209e-01	1.533621696104420229e-01	2.643771142881559677e-01	1.585677954739515838e-01	7.555825840048728537e-02	3.076212474316328271e-02	7.979951280365547850e-02
1.284427991725477568e+03	2.373895843183919940e-01	1.532426992013299905e-01	2.645034971239625388e-01	1.586453152866303395e-01	7.559105572093134662e-02	3.077983197589927167e-02	7.984801637265638574e-02
1.285879322789574417e+03	2.372064576861981355e-01	1.531234275425886193e-01	2.646296472793149279e-01	1.587227099707219091e-01	7.562380149756227354e-02	3.079751152256446009e-02	7.989644450085156557e-02
1.287330653853671038e+03	2.370236442532814292e-01	1.530043542964482917e-01	2.647555651717102276e-01	1.587999797351233866e-01	7.565649581226185916e-02	3.081516342963071253e-02	7.994479730134591844e-02
1.288781984917767431e+03	2.368411434904494905e-01	1.528854791257204526e-01	2.648812512179069545e-01	1.588771247883416782e-01	7.568913874678034892e-02	3.083278774349148751e-02	7.999307488711146497e-02
1.290233315981864052e+03	2.366589548693991685e-01	1.527668016937965556e-01	2.650067058339259929e-01	1.589541453384944181e-01	7.572173038273660728e-02	3.085038451046194855e-02	8.004127737098716555e-02
