1.301360187473271253e+03	2.355893385060568723e-01	1.512617704611434744e-01	2.605932608858495536e-01	1.616719993121146226e-01	7.634322536558631189e-02	3.211760195239150850e-02	8.242280351665606797e-02
1.306197957686926657e+03	2.349980360311302585e-01	1.508673513153042656e-01	2.609701776430664588e-01	1.619360794330953202e-01	7.645227225208152400e-02	3.218871063508102481e-02	8.258737269003950388e-02
1.311035727900581833e+03	2.344101236344223460e-01	1.504750946448629167e-01	2.613448830520483379e-01	1.621986523083613352e-01	7.656073080209364889e-02	3.225951086189324940e-02	8.275100469611652854e-02
1.315873498114237009e+03	2.338255819072669051e-01	1.500849884873480256e-01	2.617173913847170019e-01	1.624597259686796913e-01	7.666860419345696009e-02	3.233000346058271385e-02	8.291370459774706492e-02
1.320711268327892412e+03	2.332443915536102641e-01	1.496970209463394652e-01	2.620877167944387631e-01	1.627193084141259072e-01	7.677589559006355036e-02	3.240018926391200621e-02	8.307547743730836487e-02
1.325549038541547588e+03	2.326665333893210841e-01	1.493111801911171932e-01	2.624558733175805791e-01	1.629774076139388905e-01	7.688260814172230562e-02	3.247006910953371267e-02	8.323632823658461133e-02
1.330386808755202765e+03	2.320919883415049345e-01	1.489274544563111147e-01	2.628218748750340561e-01	1.632340315063826874e-01	7.698874498402887012e-02	3.253964383987290737e-02	8.339626199666377859e-02
1.335224578968857941e+03	2.315207374478241154e-01	1.485458320415530276e-01	2.631857352737083655e-01	1.634891879986150043e-01	7.709430923824585336e-02	3.260891430201021818e-02	8.355528369784172293e-02
1.340062349182513572e+03	2.309527618558219753e-01	1.481663013111297889e-01	2.635474682079926301e-01	1.637428849665622799e-01	7.719930401119290408e-02	3.267788134756556551e-02	8.371339829953315659e-02
1.344900119396168748e+03	2.303880428222523091e-01	1.477888506936382296e-01	2.639070872611884444e-01	1.639951302548011414e-01	7.730373239514638783e-02	3.274654583258253260e-02	8.387061074018932472e-02
1.349737889609823924e+03	2.298265617124132520e-01	1.474134686816415130e-01	2.642646059069140296e-01	1.642459316764462718e-01	7.740759746774791838e-02	3.281490861741351989e-02	8.402692593722192738e-02
1.354575659823479100e+03	2.292682999994861137e-01	1.470401438313272136e-01	2.646200375104798552e-01	1.644952970130445502e-01	7.751090229192177106e-02	3.288297056660561407e-02	8.418234878693332812e-02
1.359413430037134731e+03	2.287132392638788481e-01	1.466688647621667285e-01	2.649733953302375600e-01	1.647432340144749929e-01	7.761364991580041450e-02	3.295073254878728986e-02	8.433688416445263292e-02
1.364251200250789907e+03	2.281613611925739638e-01	1.462996201565764931e-01	2.653246925189015615e-01	1.649897503988550507e-01	7.771584337265802223e-02	3.301819543655596517e-02	8.449053692367743118e-02
1.369088970464445310e+03	2.276126475784812364e-01	1.459323987595806393e-01	2.656739421248452415e-01	1.652348538524524568e-01	7.781748568085151974e-02	3.308536010636636132e-02	8.464331189722103244e-02
1.373926740678100487e+03	2.270670803197948617e-01	1.455671893784750426e-01	2.660211570933719294e-01	1.654785520296029044e-01	7.791857984376882040e-02	3.315222743841983455e-02	8.479521389636507367e-02
1.378764510891755890e+03	2.265246414193551050e-01	1.452039808824933387e-01	2.663663502679609052e-01	1.657208525526334131e-01	7.801912884978404183e-02	3.321879831655460968e-02	8.494624771101706717e-02
1.383602281105411066e+03	2.259853129840143082e-01	1.448427622024739403e-01	2.667095343914900885e-01	1.659617630117909692e-01	7.811913567221921706e-02	3.328507362813695747e-02	8.509641810967297215e-02
1.388440051319066470e+03	2.254490772240074770e-01	1.444835223305291627e-01	2.670507221074350235e-01	1.662012909651768011e-01	7.821860326931226459e-02	3.335105426395336414e-02	8.524572983938438764e-02
1.393277821532721646e+03	2.249159164523272247e-01	1.441262503197153766e-01	2.673899259610449386e-01	1.664394439386858160e-01	7.831753458419106473e-02	3.341674111810368636e-02	8.539418762573033894e-02
1.398115591746377049e+03	2.243858130841029364e-01	1.437709352837051591e-01	2.677271584004974336e-01	1.666762294259510335e-01	7.841593254485315634e-02	3.348213508789536774e-02	8.554179617279343562e-02
1.402953361960032225e+03	2.238587496359842055e-01	1.434175663964605552e-01	2.680624317780307964e-01	1.669116548882932927e-01	7.851380006415084600e-02	3.354723707373861996e-02	8.568856016314020663e-02
1.407791132173687402e+03	2.233347087255286856e-01	1.430661328919082265e-01	2.683957583510559464e-01	1.671457277546757880e-01	7.861114003978166009e-02	3.361204797904273484e-02	8.583448425780547397e-02
1.412628902387342805e+03	2.228136730705939927e-01	1.427166240636159600e-01	2.687271502832474512e-01	1.673784554216634357e-01	7.870795535428354306e-02	3.367656871011345115e-02	8.597957309628072309e-02
1.417466672600997981e+03	2.222956254887338556e-01	1.423690292644707589e-01	2.690566196456146697e-01	1.676098452533869021e-01	7.880424887503495457e-02	3.374080017605136927e-02	8.612383129650613700e-02
1.422304442814653157e+03	2.217805488965984007e-01	1.420233379063581824e-01	2.693841784175536325e-01	1.678399045815113511e-01	7.890002345425929653e-02	3.380474328865148981e-02	8.626726345486629421e-02
1.427142213028308333e+03	2.212684263093385451e-01	1.416795394598438784e-01	2.697098384878798272e-01	1.680686407052095210e-01	7.899528192903371160e-02	3.386839896230390418e-02	8.640987414618930829e-02
1.431979983241963964e+03	2.207592408400143313e-01	1.413376234538559206e-01	2.700336116558422206e-01	1.682960608911394929e-01	7.909002712130185075e-02	3.393176811389551906e-02	8.655166792374943685e-02
1.436817753455619140e+03	2.202529756990075083e-01	1.409975794753689504e-01	2.703555096321195728e-01	1.685221723734263710e-01	7.918426183789059603e-02	3.399485166271300901e-02	8.669264931927275764e-02
1.441655523669274316e+03	2.197496141934379421e-01	1.406593971690900113e-01	2.706755440397990431e-01	1.687469823536484892e-01	7.927798887053039145e-02	3.405765053034680301e-02	8.683282284294609188e-02
1.446493293882929493e+03	2.192491397265839692e-01	1.403230662371455217e-01	2.709937264153375880e-01	1.689704980008276125e-01	7.937121099587901574e-02	3.412016564059632689e-02	8.697219298342888372e-02
1.451331064096585123e+03	2.187515357973067454e-01	1.399885764387700515e-01	2.713100682095062055e-01	1.691927264514229978e-01	7.946393097554876883e-02	3.418239791937625893e-02	8.711076420786792451e-02
1.456168834310240300e+03	2.182567859994784254e-01	1.396559175899964866e-01	2.716245807883186369e-01	1.694136748093296729e-01	7.955615155613665612e-02	3.424434829462408986e-02	8.724854096191496378e-02
1.461006604523895703e+03	2.177648740214142287e-01	1.393250795633477201e-01	2.719372754339434706e-01	1.696333501458801851e-01	7.964787546925770900e-02	3.430601769620873764e-02	8.738552766974685970e-02
1.465844374737550879e+03	2.172757836453083624e-01	1.389960522875296756e-01	2.722481633456007577e-01	1.698517594998503744e-01	7.973910543158096997e-02	3.436740705584033495e-02	8.752172873408840814e-02
1.470682144951206283e+03	2.167894987466735812e-01	1.386688257471262176e-01	2.725572556404434188e-01	1.700689098774685604e-01	7.982984414486819780e-02	3.442851730698122392e-02	8.765714853623761404e-02
1.475519915164861459e+03	2.163060032937846322e-01	1.383433899822950341e-01	2.728645633544242166e-01	1.702848082524283380e-01	7.992009429601515391e-02	3.448934938475807510e-02	8.779179143609334990e-02
1.480357685378516862e+03	2.158252813471253917e-01	1.380197350884654617e-01	2.731700974431472972e-01	1.704994615659049528e-01	8.000985855709519257e-02	3.454990422587517207e-02	8.792566177218537338e-02
1.485195455592172038e+03	2.153473170588396379e-01	1.376978512160374757e-01	2.734738687827065751e-01	1.707128767265747860e-01	8.009913958540512691e-02	3.461018276852886877e-02	8.805876386170638503e-02
1.490033225805827215e+03	2.148720946721855429e-01	1.373777285700822637e-01	2.737758881705096292e-01	1.709250606106384185e-01	8.018794002351327388e-02	3.467018595232321948e-02	8.819110200054647297e-02
1.494870996019482618e+03	2.143995985209936894e-01	1.370593574100444356e-01	2.740761663260884440e-01	1.711360200618467220e-01	8.027626249930944202e-02	3.472991471818675374e-02	8.832268046332937550e-02
1.499708766233137567e+03	2.139298130291288347e-01	1.367427280494454278e-01	2.743747138918966044e-01	1.713457618915300018e-01	8.036410962605680663e-02	3.478937000829039616e-02	8.845350350345086710e-02
1.504546536446793198e+03	2.134627227099550606e-01	1.364278308555883779e-01	2.746715414340938910e-01	1.715542928786304155e-01	8.045148400244564457e-02	3.484855276596658669e-02	8.858357535311896236e-02
1.509384306660448374e+03	2.129983121658045320e-01	1.361146562492649148e-01	2.749666594433183286e-01	1.717616197697370839e-01	8.053838821264863723e-02	3.490746393562949024e-02	8.871290022339596570e-02
1.514222076874103550e+03	2.125365660874498908e-01	1.358031947044626431e-01	2.752600783354454128e-01	1.719677492791243656e-01	8.062482482637786663e-02	3.496610446269641376e-02	8.884148230424231130e-02
1.519059847087758726e+03	2.120774692535798978e-01	1.354934367480749025e-01	2.755518084523359557e-01	1.721726880887926581e-01	8.071079639894311597e-02	3.502447529351030570e-02	8.896932576456206831e-02
1.523897617301414357e+03	2.116210065302785714e-01	1.351853729596111942e-01	2.758418600625717754e-01	1.723764428485121680e-01	8.079630547131175233e-02	3.508257737526344899e-02	8.909643475225002829e-02
1.528735387515069533e+03	2.111671628705079073e-01	1.348789939709097441e-01	2.761302433621797281e-01	1.725790201758691245e-01	8.088135457016973340e-02	3.514041165592225735e-02	8.922281339424043001e-02
1.533573157728724709e+03	2.107159233135936782e-01	1.345742904658510375e-01	2.764169684753451373e-01	1.727804266563148228e-01	8.096594620798391873e-02	3.519797908415320947e-02	8.934846579655709997e-02
1.538410927942380113e+03	2.102672729847150090e-01	1.342712531800728526e-01	2.767020454551136210e-01	1.729806688432169726e-01	8.105008288306540798e-02	3.525528060924986579e-02	8.947339604436516103e-02
1.543248698156035516e+03	2.098211970943968108e-01	1.339698729006871258e-01	2.769854842840822062e-01	1.731797532579135712e-01	8.113376707963405876e-02	3.531231718106105782e-02	8.959760820202401777e-02
1.548086468369690692e+03	2.093776809380059611e-01	1.336701404659975390e-01	2.772672948750803945e-01	1.733776863897692200e-01	8.121700126788387875e-02	3.536908974992016702e-02	8.972110631314170193e-02
1.552924238583346096e+03	2.089367098952503166e-01	1.333720467652192432e-01	2.775474870718403486e-01	1.735744746962336327e-01	8.129978790404931988e-02	3.542559926657544433e-02	8.984389440063049459e-02
1.557762008797001272e+03	2.084982694296814987e-01	1.330755827381993883e-01	2.778260706496575860e-01	1.737701246029025592e-01	8.138212943047241910e-02	3.548184668212150950e-02	8.996597646676383897e-02
1.562599779010656675e+03	2.080623450882003178e-01	1.327807393751396225e-01	2.781030553160412366e-01	1.739646425035807353e-01	8.146402827567073013e-02	3.553783294793187025e-02	9.008735649323432182e-02
1.567437549224311852e+03	2.076289225005658878e-01	1.324875077163195081e-01	2.783784507113551410e-01	1.741580347603469969e-01	8.154548685440592137e-02	3.559355901559254493e-02	9.020803844121290382e-02
1.572275319437967255e+03	2.071979873789075999e-01	1.321958788518217132e-01	2.786522664094491786e-01	1.743503077036215043e-01	8.162650756775299832e-02	3.564902583683676046e-02	9.032802625140912145e-02
1.577113089651622431e+03	2.067695255172403990e-01	1.319058439212583700e-01	2.789245119182818256e-01	1.745414676322349923e-01	8.170709280317020595e-02	3.570423436348067053e-02	9.044732384413242676e-02
1.581950859865277607e+03	2.063435227909831693e-01	1.316173941134989034e-01	2.791951966805329977e-01	1.747315208134998521e-01	8.178724493456930589e-02	3.575918554736016997e-02	9.056593511935448482e-02
1.586788630078933011e+03	2.059199651564800337e-01	1.313305206663993308e-01	2.794643300742087333e-01	1.749204734832831842e-01	8.186696632238649185e-02	3.581388034026872225e-02	9.068386395677242862e-02
1.591626400292587959e+03	2.054988386505250397e-01	1.310452148665326999e-01	2.797319214132367171e-01	1.751083318460815996e-01	8.194625931365363825e-02	3.586831969389621400e-02	9.080111421587303000e-02
1.596464170506243590e+03	2.050801293898895650e-01	1.307614680489212200e-01	2.799979799480536435e-01	1.752951020750979916e-01	8.202512624206993730e-02	3.592250455976886414e-02	9.091768973599773096e-02
1.601301940719898766e+03	2.046638235708530540e-01	1.304792715967696137e-01	2.802625148661839205e-01	1.754807903123197788e-01	8.210356942807389702e-02	3.597643588919012536e-02	9.103359433640856313e-02
1.606139710933553943e+03	2.042499074687364469e-01	1.301986169411997185e-01	2.805255352928107682e-01	1.756654026685990078e-01	8.218159117891563059e-02	3.603011463318256391e-02	9.114883181635487219e-02
1.610977481147209119e+03	2.038383674374387444e-01	1.299194955609867252e-01	2.807870502913388244e-01	1.758489452237338990e-01	8.225919378872938170e-02	3.608354174243079415e-02	9.126340595514069454e-02
1.615815251360864750e+03	2.034291899089765154e-01	1.296418989822965273e-01	2.810470688639492565e-01	1.760314240265521135e-01	8.233637953860627190e-02	3.613671816722533597e-02	9.137732051219303597e-02
1.620653021574519926e+03	2.030223613930264848e-01	1.293658187784245683e-01	2.813055999521470452e-01	1.762128450949954628e-01	8.241315069666722837e-02	3.618964485740749915e-02	9.149057922713074720e-02
1.625490791788175102e+03	2.026178684764705640e-01	1.290912465695360223e-01	2.815626524373009976e-01	1.763932144162061455e-01	8.248950951813605048e-02	3.624232276231517669e-02	9.160318581983406538e-02
1.630328562001830505e+03	2.022156978229443236e-01	1.288181740224071947e-01	2.818182351411761544e-01	1.765725379466142608e-01	8.256545824541254575e-02	3.629475283072965131e-02	9.171514399051486355e-02
1.635166332215485909e+03	2.018158361723878802e-01	1.285465928501685340e-01	2.820723568264591474e-01	1.767508216120268483e-01	8.264099910814579064e-02	3.634693601082331083e-02	9.182645741978745502e-02
1.640004102429141085e+03	2.014182703405999753e-01	1.282764948120486137e-01	2.823250261972765629e-01	1.769280713077181488e-01	8.271613432330744697e-02	3.639887325010828650e-02	9.193712976873995302e-02
1.644841872642796488e+03	2.010229872187944966e-01	1.280078717131197530e-01	2.825762518997060879e-01	1.771042928985213094e-01	8.279086609526500884e-02	3.645056549538605584e-02	9.204716467900628252e-02
1.649679642856451665e+03	2.006299737731601640e-01	1.277407154040448023e-01	2.828260425222813290e-01	1.772794922189210309e-01	8.286519661585509122e-02	3.650201369269793356e-02	9.215656577283860840e-02
1.654517413070107068e+03	2.002392170444226849e-01	1.274750177808253448e-01	2.830744065964896361e-01	1.774536750731477708e-01	8.293912806445671859e-02	3.655321878727646467e-02	9.226533665318029098e-02
1.659355183283762244e+03	1.998507041474099355e-01	1.272107707845511471e-01	2.833213525972635427e-01	1.776268472352727779e-01	8.301266260806447472e-02	3.660418172349769184e-02	9.237348090373938281e-02
1.664192953497417420e+03	1.994644222706196124e-01	1.269479664011508302e-01	2.835668889434656004e-01	1.777990144493044877e-01	8.308580240136161088e-02	3.665490344483439411e-02	9.248100208906245845e-02
1.669030723711072824e+03	1.990803586757896870e-01	1.266865966611441241e-01	2.838110239983672733e-01	1.779701824292858336e-01	8.315854958679301523e-02	3.670538489381006825e-02	9.258790375460897171e-02
1.673868493924728000e+03	1.986985006974717471e-01	1.264266536393950646e-01	2.840537660701216716e-01	1.781403568593926678e-01	8.323090629463807122e-02	3.675562701195387444e-02	9.269418942682594587e-02
1.678706264138383403e+03	1.983188357426065584e-01	1.261681294548667454e-01	2.842951234122297333e-01	1.783095433940331820e-01	8.330287464308334944e-02	3.680563073975637312e-02	9.279986261322303864e-02
1.683544034352038352e+03	1.979413512901029015e-01	1.259110162703773184e-01	2.845351042240011341e-01	1.784777476579482436e-01	8.337445673829514681e-02	3.685539701662617074e-02	9.290492680244809287e-02
1.688381804565693983e+03	1.975660348904182961e-01	1.256553062923572162e-01	2.847737166510089235e-01	1.786449752463126484e-01	8.344565467449187313e-02	3.690492678084730110e-02	9.300938546436277043e-02
1.693219574779349159e+03	1.971928741651429728e-01	1.254009917706076227e-01	2.850109687855387208e-01	1.788112317248373440e-01	8.351647053401610454e-02	3.695422096953751567e-02	9.311324205011875521e-02
1.698057344993004335e+03	1.968218568065861485e-01	1.251480649980602766e-01	2.852468686670322495e-01	1.789765226298723755e-01	8.358690638740651213e-02	3.700328051860733714e-02	9.321649999223410865e-02
1.702895115206659511e+03	1.964529705773648549e-01	1.248965183105385790e-01	2.854814242825252646e-01	1.791408534685108300e-01	8.365696429346962393e-02	3.705210636271993874e-02	9.331916270466995844e-02
1.707732885420315142e+03	1.960862033099953217e-01	1.246463440865199085e-01	2.857146435670800955e-01	1.793042297186933642e-01	8.372664629935118452e-02	3.710069943525179381e-02	9.342123358290736757e-02
1.712570655633970318e+03	1.957215429064871337e-01	1.243975347468991577e-01	2.859465344042131929e-01	1.794666568293136200e-01	8.379595444060732035e-02	3.714906066825411635e-02	9.352271600402457807e-02
1.717408425847625494e+03	1.953589773379394157e-01	1.241500827547536157e-01	2.861771046263169027e-01	1.796281402203243338e-01	8.386489074127545518e-02	3.719719099241506483e-02	9.362361332677428261e-02
1.722246196061280898e+03	1.949984946441401246e-01	1.239039806151090162e-01	2.864063620150768541e-01	1.797886852828441406e-01	8.393345721394486481e-02	3.724509133702273017e-02	9.372392889166134000e-02
1.727083966274936301e+03	1.946400829331672022e-01	1.236592208747069044e-01	2.866343143018837414e-01	1.799482973792649321e-01	8.400165585982703742e-02	3.729276262992883145e-02	9.382366602102046316e-02
1.731921736488591478e+03	1.942837303809926697e-01	1.234157961217731136e-01	2.868609691682402763e-01	1.801069818433599923e-01	8.406948866882564542e-02	3.734020579751319568e-02	9.392282801909422607e-02
1.736759506702246881e+03	1.939294252310889144e-01	1.231736989857876441e-01	2.870863342461636436e-01	1.802647439803927165e-01	8.413695761960618413e-02	3.738742176464895234e-02	9.402141817211108477e-02
1.741597276915902057e+03	1.935771557940374477e-01	1.229329221372556236e-01	2.873104171185828504e-01	1.804215890672257461e-01	8.420406467966537467e-02	3.743441145466842868e-02	9.411943974836368965e-02
1.746435047129557461e+03	1.932269104471401044e-01	1.226934582874795732e-01	2.875332253197314669e-01	1.805775223524308526e-01	8.427081180540010874e-02	3.748117578932977367e-02	9.421689599828726724e-02
1.751272817343212637e+03	1.928786776340326026e-01	1.224553001883328246e-01	2.877547663355360386e-01	1.807325490563992387e-01	8.433720094217614371e-02	3.752771568878431746e-02	9.431379015453805748e-02
1.756110587556867813e+03	1.925324458643004055e-01	1.222184406320342420e-01	2.879750476039995011e-01	1.808866743714522829e-01	8.440323402439642297e-02	3.757403207154453445e-02	9.441012543207191743e-02
1.760948357770523216e+03	1.921882037130970833e-01	1.219828724509239987e-01	2.881940765155804884e-01	1.810399034619528946e-01	8.446891297556899381e-02	3.762012585445279750e-02	9.450590502822299455e-02
1.765786127984178393e+03	1.918459398207649491e-01	1.217485885172407273e-01	2.884118604135686437e-01	1.811922414644170920e-01	8.453423970837466161e-02	3.766599795265070105e-02	9.460113212278249695e-02
1.770623898197833569e+03	1.915056428924579446e-01	1.215155817428997115e-01	2.886284065944547117e-01	1.813436934876262452e-01	8.459921612473410291e-02	3.771164927954913371e-02	9.469580987807743599e-02
1.775461668411488745e+03	1.911673016977668838e-01	1.212838450792723538e-01	2.888437223082971905e-01	1.814942646127395420e-01	8.466384411587479786e-02	3.775708074679896137e-02	9.478994143904952152e-02
1.780299438625144376e+03	1.908309050703470566e-01	1.210533715169668650e-01	2.890578147590846525e-01	1.816439598934068422e-01	8.472812556239744941e-02	3.780229326426235575e-02	9.488352993333404317e-02
1.785137208838799552e+03	1.904964419075479143e-01	1.208241540856099527e-01	2.892706911050937912e-01	1.817927843558819478e-01	8.479206233434206930e-02	3.784728773998476126e-02	9.497657847133879339e-02
1.789974979052454728e+03	1.901639011700452520e-01	1.205961858536299114e-01	2.894823584592438048e-01	1.819407429991361513e-01	8.485565629125367548e-02	3.789206508016749325e-02	9.506909014632297650e-02
1.794812749266109904e+03	1.898332718814754461e-01	1.203694599280407257e-01	2.896928238894464491e-01	1.820878407949720612e-01	8.491890928224751778e-02	3.793662618914097479e-02	9.516106803447614559e-02
1.799650519479765535e+03	1.895045431280719117e-01	1.201439694542273395e-01	2.899020944189525939e-01	1.822340826881377607e-01	8.498182314607405363e-02	3.798097196933852837e-02	9.525251519499715325e-02
1.804488289693420711e+03	1.891777040583038638e-01	1.199197076157322295e-01	2.901101770266948932e-01	1.823794735964411051e-01	8.504439971118342434e-02	3.802510332127082698e-02	9.534343467017303286e-02
1.809326059907075887e+03	1.888527438825173543e-01	1.196966676340429220e-01	2.903170786476262921e-01	1.825240184108645192e-01	8.510664079578952879e-02	3.806902114350091404e-02	9.543382948545789390e-02
1.814163830120731291e+03	1.885296518725781689e-01	1.194748427683807873e-01	2.905228061730555367e-01	1.826677219956796550e-01	8.516854820793373637e-02	3.811272633261976461e-02	9.552370264955174772e-02
1.819001600334386467e+03	1.882084173615172495e-01	1.192542263154909854e-01	2.907273664509785194e-01	1.828105891885626333e-01	8.523012374554815584e-02	3.815621978322249891e-02	9.561305715447934728e-02
1.823839370548041643e+03	1.878890297431779488e-01	1.190348116094334524e-01	2.909307662864062949e-01	1.829526248007091460e-01	8.529136919651854332e-02	3.819950238788508839e-02	9.570189597566891582e-02
1.828677140761696819e+03	1.875714784718656436e-01	1.188165920213750948e-01	2.911330124416895981e-01	1.830938336169498359e-01	8.535228633874673843e-02	3.824257503714167949e-02	9.579022207203082007e-02
1.833514910975352450e+03	1.872557530619993471e-01	1.185995609593830935e-01	2.913341116368395878e-01	1.832342203958659266e-01	8.541287694021275356e-02	3.828543861946241689e-02	9.587803838603622952e-02
1.838352681189008081e+03	1.869418430877654858e-01	1.183837118682193323e-01	2.915340705498458140e-01	1.833737898699048519e-01	8.547314275903640512e-02	3.832809402123184966e-02	9.596534784379560923e-02
1.843190451402663257e+03	1.866297381827737301e-01	1.181690382291358671e-01	2.917328958169903008e-01	1.835125467454959691e-01	8.553308554353854232e-02	3.837054212672783016e-02	9.605215335513717090e-02
1.848028221616318433e+03	1.863194280397148517e-01	1.179555335596716298e-01	2.919305940331584082e-01	1.836504957031665219e-01	8.559270703230191513e-02	3.841278381810095399e-02	9.613845781368522692e-02
1.852865991829973609e+03	1.860109024100207453e-01	1.177431914134501600e-01	2.921271717521465305e-01	1.837876413976575196e-01	8.565200895423152883e-02	3.845481997535452057e-02	9.622426409693851657e-02
1.857703762043628785e+03	1.857041511035264214e-01	1.175320053799784187e-01	2.923226354869670196e-01	1.839239884580397832e-01	8.571099302861470703e-02	3.849665147632502088e-02	9.630957506634822696e-02
1.862541532257283961e+03	1.853991639881339970e-01	1.173219690844467533e-01	2.925169917101489991e-01	1.840595414878299918e-01	8.576966096518062743e-02	3.853827919666309026e-02	9.639439356739613884e-02
1.867379302470939592e+03	1.850959309894787963e-01	1.171130761875299325e-01	2.927102468540371261e-01	1.841943050651067559e-01	8.582801446415955215e-02	3.857970400981496073e-02	9.647872242967245326e-02
1.872217072684594768e+03	1.847944420905974772e-01	1.169053203851892070e-01	2.929024073110865212e-01	1.843282837426268028e-01	8.588605521634153084e-02	3.862092678700442677e-02	9.656256446695364593e-02
1.877054842898249490e+03	1.844946873315979063e-01	1.166986954084755640e-01	2.930934794341550909e-01	1.844614820479409667e-01	8.594378490313485386e-02	3.866194839721525528e-02	9.664592247728001628e-02
1.881892613111905121e+03	1.841966568093313106e-01	1.164931950233339120e-01	2.932834695367928513e-01	1.845939044835103737e-01	8.600120519662390883e-02	3.870276970717407422e-02	9.672879924303325050e-02
1.886730383325560297e+03	1.839003406770662319e-01	1.162888130304084860e-01	2.934723838935281992e-01	1.847255555268224880e-01	8.605831775962673180e-02	3.874339158133377481e-02	9.681119753101380399e-02
1.891568153539215928e+03	1.836057291441643979e-01	1.160855432648491697e-01	2.936602287401515188e-01	1.848564396305071300e-01	8.611512424575221147e-02	3.878381488185726755e-02	9.689312009251803415e-02
1.896405923752871104e+03	1.833128124757587019e-01	1.158833795961189683e-01	2.938470102739956791e-01	1.849865612224525224e-01	8.617162629945672447e-02	3.882404046860178648e-02	9.697456966341530538e-02
1.901243693966526507e+03	1.830215809924329862e-01	1.156823159278025093e-01	2.940327346542141451e-01	1.851159247059211699e-01	8.622782555610050692e-02	3.886406919910358887e-02	9.705554896422481648e-02
1.906081464180181683e+03	1.827320250699035475e-01	1.154823461974156112e-01	2.942174080020558136e-01	1.852445344596656829e-01	8.628372364200360967e-02	3.890390192856308521e-02	9.713606070019238647e-02
1.910919234393836859e+03	1.824441351387029453e-01	1.152834643762158384e-01	2.944010364011376835e-01	1.853723948380446573e-01	8.633932217450132618e-02	3.894353950983042018e-02	9.721610756136690734e-02
1.915757004607492036e+03	1.821579016838654197e-01	1.150856644690141234e-01	2.945836258977145294e-01	1.854995101711381655e-01	8.639462276199935675e-02	3.898298279339144218e-02	9.729569222267678286e-02
1.920594774821147894e+03	1.818733152446142254e-01	1.148889405139874309e-01	2.947651825009459658e-01	1.856258847648634136e-01	8.644962700402854250e-02	3.902223262735413783e-02	9.737481734400606215e-02
1.925432545034802843e+03	1.815903664140507967e-01	1.146932865824924902e-01	2.949457121831611794e-01	1.857515229010902880e-01	8.650433649129915525e-02	3.906128985743541338e-02	9.745348557027043446e-02
1.930270315248458019e+03	1.813090458388459669e-01	1.144986967788804294e-01	2.951252208801206089e-01	1.858764288377564577e-01	8.655875280575486830e-02	3.910015532694834789e-02	9.753169953149307125e-02
1.935108085462113195e+03	1.810293442189326585e-01	1.143051652403125062e-01	2.953037144912757928e-01	1.860006068089826436e-01	8.661287752062625522e-02	3.913882987678975883e-02	9.760946184288014915e-02
1.939945855675768371e+03	1.807512523072006827e-01	1.141126861365768796e-01	2.954811988800259970e-01	1.861240610251876926e-01	8.666671220048395574e-02	3.917731434542821856e-02	9.768677510489633120e-02
1.944783625889424002e+03	1.804747609091933713e-01	1.139212536699063527e-01	2.956576798739730672e-01	1.862467956732032637e-01	8.672025840129142515e-02	3.921560956889243860e-02	9.776364190333991511e-02
1.949621396103079178e+03	1.801998608828056792e-01	1.137308620747970594e-01	2.958331632651732823e-01	1.863688149163886532e-01	8.677351767045732300e-02	3.925371638076002173e-02	9.784006480941784267e-02
1.954459166316734354e+03	1.799265431379844515e-01	1.135415056178282478e-01	2.960076548103873217e-01	1.864901228947453138e-01	8.682649154688748538e-02	3.929163561214656791e-02	9.791604637982047332e-02
1.959296936530389530e+03	1.796547986364303018e-01	1.133531785974829925e-01	2.961811602313276226e-01	1.866107237250310413e-01	8.687918156103656420e-02	3.932936809169519654e-02	9.799158915679616333e-02
1.964134706744044706e+03	1.793846183913011261e-01	1.131658753439698933e-01	2.963536852149033507e-01	1.867306215008742720e-01	8.693158923495922230e-02	3.936691464556637404e-02	9.806669566822559525e-02
1.968972476957700337e+03	1.791159934669176723e-01	1.129795902190458140e-01	2.965252354134634838e-01	1.868498202928877971e-01	8.698371608236100949e-02	3.940427609742809534e-02	9.814136842769594082e-02
1.973810247171355968e+03	1.788489149784705801e-01	1.127943176158395372e-01	2.966958164450369528e-01	1.869683241487826997e-01	8.703556360864886376e-02	3.944145326844644694e-02	9.821560993457466304e-02
1.978648017385010689e+03	1.785833740917293078e-01	1.126100519586764048e-01	2.968654338935715065e-01	1.870861370934815693e-01	8.708713331098115462e-02	3.947844697727651009e-02	9.828942267408329048e-02
1.983485787598666320e+03	1.783193620227525866e-01	1.124267877029039020e-01	2.970340933091693558e-01	1.872032631292320226e-01	8.713842667831751820e-02	3.951525804005354137e-02	9.836280911737081689e-02
1.988323557812321269e+03	1.780568700376008728e-01	1.122445193347182957e-01	2.972018002083214872e-01	1.873197062357195020e-01	8.718944519146816508e-02	3.955188727038454199e-02	9.843577172158690658e-02
1.993161328025976900e+03	1.777958894520501876e-01	1.120632413709920783e-01	2.973685600741393653e-01	1.874354703701802405e-01	8.724019032314296596e-02	3.958833547934012542e-02	9.850831292995486377e-02
1.997999098239632076e+03	1.775364116313078444e-01	1.118829483591025353e-01	2.975343783565848055e-01	1.875505594675136167e-01	8.729066353799999622e-02	3.962460347544670414e-02	9.858043517184436610e-02
2.002836868453287707e+03	1.772784279897298698e-01	1.117036348767611598e-01	2.976992604726975689e-01	1.876649774403944537e-01	8.734086629269392776e-02	3.966069206467899566e-02	9.865214086284394834e-02
2.007674638666942428e+03	1.770219299905398946e-01	1.115252955318439404e-01	2.978632118068209600e-01	1.877787281793851237e-01	8.739080003592394896e-02	3.969660205045282692e-02	9.872343240483325011e-02
2.012512408880597604e+03	1.767669091455498498e-01	1.113479249622228162e-01	2.980262377108255367e-01	1.878918155530471534e-01	8.744046620848135165e-02	3.973233423361826472e-02	9.879431218605505549e-02
2.017350179094252780e+03	1.765133570148822162e-01	1.111715178355977551e-01	2.981883435043306552e-01	1.880042434080527736e-01	8.748986624329670170e-02	3.976788941245299608e-02	9.886478258118695794e-02
2.022187949307908411e+03	1.762612652066940511e-01	1.109960688493300818e-01	2.983495344749241274e-01	1.881160155692959690e-01	8.753900156548687084e-02	3.980326838265605544e-02	9.893484595141294191e-02
2.027025719521564042e+03	1.760106253769024576e-01	1.108215727302764436e-01	2.985098158783798250e-01	1.882271358400035011e-01	8.758787359240147175e-02	3.983847193734178782e-02	9.900450464449457588e-02
2.031863489735218764e+03	1.757614292289117475e-01	1.106480242346238874e-01	2.986691929388737288e-01	1.883376080018454302e-01	8.763648373366911271e-02	3.987350086703415203e-02	9.907376099484203891e-02
2.036701259948874394e+03	1.755136685133422414e-01	1.104754181477257680e-01	2.988276708491974243e-01	1.884474358150453055e-01	8.768483339124326370e-02	3.990835595966123195e-02	9.914261732358484180e-02
2.041539030162529116e+03	1.752673350277605124e-01	1.103037492839386152e-01	2.989852547709704877e-01	1.885566230184903547e-01	8.773292395944777555e-02	3.994303800055008791e-02	9.921107593864231244e-02
2.046376800376184747e+03	1.750224206164113783e-01	1.101330124864597915e-01	2.991419498348503181e-01	1.886651733298409239e-01	8.778075682502206600e-02	3.997754777242182311e-02	9.927913913479378960e-02
2.051214570589840150e+03	1.747789171699514754e-01	1.099632026271662455e-01	2.992977611407406924e-01	1.887730904456400016e-01	8.782833336716606987e-02	4.001188605538694154e-02	9.934680919374860864e-02
2.056052340803495554e+03	1.745368166251841102e-01	1.097943146064539605e-01	2.994526937579984338e-01	1.888803780414221867e-01	8.787565495758468959e-02	4.004605362694097642e-02	9.941408838421576799e-02
2.060890111017150957e+03	1.742961109647960527e-01	1.096263433530783593e-01	2.996067527256376373e-01	1.889870397718223793e-01	8.792272296053203762e-02	4.008005126196031997e-02	9.948097896197338752e-02
2.065727881230805451e+03	1.740567922170954684e-01	1.094592838239957094e-01	2.997599430525332287e-01	1.890930792706841390e-01	8.796953873285538739e-02	4.011387973269836538e-02	9.954748316993784762e-02
2.070565651444461309e+03	1.738188524557518211e-01	1.092931310042052212e-01	2.999122697176220265e-01	1.891985001511679032e-01	8.801610362403868015e-02	4.014753980878184997e-02	9.961360323823266472e-02
2.075403421658116713e+03	1.735822837995369405e-01	1.091278799065921457e-01	3.000637376701023040e-01	1.893033060058584016e-01	8.806241897624583759e-02	4.018103225720747601e-02	9.967934138425718626e-02
2.080241191871772116e+03	1.733470784120676178e-01	1.089635255717717466e-01	3.002143518296314650e-01	1.894075004068722645e-01	8.810848612436368577e-02	4.021435784233870492e-02	9.974469981275482788e-02
2.085078962085427065e+03	1.731132285015500039e-01	1.088000630679340358e-01	3.003641170865225529e-01	1.895110869059649650e-01	8.815430639604457386e-02	4.024751732590287762e-02	9.980968071588131041e-02
2.089916732299082469e+03	1.728807263205251188e-01	1.086374874906895494e-01	3.005130383019386509e-01	1.896140690346374558e-01	8.819988111174875689e-02	4.028051146698848062e-02	9.987428627327231412e-02
2.094754502512737417e+03	1.726495641656161095e-01	1.084757939629157203e-01	3.006611203080857830e-01	1.897164503042425288e-01	8.824521158478637606e-02	4.031334102204266884e-02	9.993851865211113294e-02
2.099592272726392821e+03	1.724197343772769786e-01	1.083149776346043897e-01	3.008083679084041506e-01	1.898182342060907024e-01	8.829029912135920311e-02	4.034600674486902433e-02	1.000023800071959124e-01
2.104430042940048224e+03	1.721912293395425064e-01	1.081550336827099557e-01	3.009547858777578133e-01	1.899194242115559428e-01	8.833514502060205165e-02	4.037850938662550238e-02	1.000658724810065681e-01
2.109267813153704083e+03	1.719640414797798667e-01	1.079959573109985221e-01	3.011003789626230942e-01	1.900200237721808016e-01	8.837975057462391093e-02	4.041084969582260655e-02	1.001289982037716075e-01
2.114105583367359031e+03	1.717381632684417125e-01	1.078377437498977409e-01	3.012451518812746531e-01	1.901200363197813326e-01	8.842411706854873266e-02	4.044302841832175810e-02	1.001917592935344797e-01
2.118943353581013525e+03	1.715135872188205401e-01	1.076803882563475701e-01	3.013891093239710606e-01	1.902194652665514796e-01	8.846824578055607902e-02	4.047504629733390119e-02	1.002541578562197722e-01
2.123781123794669384e+03	1.712903058868046335e-01	1.075238861136519064e-01	3.015322559531378732e-01	1.903183140051673827e-01	8.851213798192122950e-02	4.050690407341826088e-02	1.003161959856990887e-01
2.128618894008324787e+03	1.710683118706351757e-01	1.073682326313309399e-01	3.016745964035499883e-01	1.904165859088910451e-01	8.855579493705524607e-02	4.053860248448136472e-02	1.003778757638566638e-01
2.133456664221980191e+03	1.708475978106651361e-01	1.072134231449744096e-01	3.018161352825118326e-01	1.905142843316736667e-01	8.859921790354463589e-02	4.057014226577617538e-02	1.004391992606546297e-01
2.138294434435635139e+03	1.706281563891192676e-01	1.070594530160956237e-01	3.019568771700365528e-01	1.906114126082586735e-01	8.864240813219072257e-02	4.060152414990149394e-02	1.005001685341981449e-01
2.143132204649290543e+03	1.704099803298556037e-01	1.069063176319863390e-01	3.020968266190238727e-01	1.907079740542843294e-01	8.868536686704875383e-02	4.063274886680148107e-02	1.005607856308000647e-01
2.147969974862945492e+03	1.701930623981283419e-01	1.067540124055724599e-01	3.022359881554358974e-01	1.908039719663859879e-01	8.872809534546677313e-02	4.066381714376542805e-02	1.006210525850455145e-01
2.152807745076601350e+03	1.699773954003520882e-01	1.066025327752704588e-01	3.023743662784721953e-01	1.908994096222978998e-01	8.877059479812419995e-02	4.069472970542764578e-02	1.006809714198560052e-01
2.157645515290255844e+03	1.697629721838673778e-01	1.064518742048446986e-01	3.025119654607426600e-01	1.909942902809546317e-01	8.881286644907013250e-02	4.072548727376758271e-02	1.007405441465533819e-01
2.162483285503912157e+03	1.695497856367078060e-01	1.063020321832654769e-01	3.026487901484400389e-01	1.910886171825922353e-01	8.885491151576128954e-02	4.075609056811007463e-02	1.007997727649234954e-01
2.167321055717567106e+03	1.693378286873682415e-01	1.061530022245679022e-01	3.027848447615103522e-01	1.911823935488487503e-01	8.889673120909991066e-02	4.078654030512578882e-02	1.008586592632794987e-01
2.172158825931222509e+03	1.691270943045744268e-01	1.060047798677115627e-01	3.029201336938218692e-01	1.912756225828646794e-01	8.893832673347111528e-02	4.081683719883182765e-02	1.009172056185249911e-01
2.176996596144877003e+03	1.689175754970541066e-01	1.058573606764409286e-01	3.030546613133333622e-01	1.913683074693826036e-01	8.897969928678027551e-02	4.084698196059250580e-02	1.009754137962167037e-01
2.181834366358532861e+03	1.687092653133092091e-01	1.057107402391465889e-01	3.031884319622605850e-01	1.914604513748469350e-01	8.902085006048988947e-02	4.087697529912023842e-02	1.010332857506271165e-01
2.186672136572187810e+03	1.685021568413895554e-01	1.055649141687272780e-01	3.033214499572413070e-01	1.915520574475028104e-01	8.906178023965637125e-02	4.090681792047667908e-02	1.010908234248065890e-01
2.191509906785843214e+03	1.682962432086678728e-01	1.054198781024525133e-01	3.034537195894996264e-01	1.916431288174947345e-01	8.910249100296645242e-02	4.093651052807394108e-02	1.011480287506453801e-01
2.196347676999498617e+03	1.680915175816157792e-01	1.052756277018263437e-01	3.035852451250086737e-01	1.917336685969651122e-01	8.914298352277348625e-02	4.096605382267598516e-02	1.012049036489352516e-01
2.201185447213154021e+03	1.678879731655815166e-01	1.051321586524514157e-01	3.037160308046515933e-01	1.918236798801518095e-01	8.918325896513332185e-02	4.099544850240015303e-02	1.012614500294308356e-01
2.206023217426809424e+03	1.676856032045687672e-01	1.049894666638941793e-01	3.038460808443821382e-01	1.919131657434857419e-01	8.922331848984013658e-02	4.102469526271886741e-02	1.013176697909107943e-01
2.210860987640464373e+03	1.674844009810166623e-01	1.048475474695506338e-01	3.039753994353834865e-01	1.920021292456879913e-01	8.926316325046181055e-02	4.105379479646145691e-02	1.013735648212385765e-01
2.215698757854119776e+03	1.672843598155812350e-01	1.047063968265128653e-01	3.041039907442258383e-01	1.920905734278663957e-01	8.930279439437521782e-02	4.108274779381614061e-02	1.014291369974229112e-01
2.220536528067775180e+03	1.670854730669178723e-01	1.045660105154363889e-01	3.042318589130231232e-01	1.921785013136118325e-01	8.934221306280115682e-02	4.111155494233209584e-02	1.014843881856781482e-01
2.225374298281430583e+03	1.668877341314653207e-01	1.044263843404082126e-01	3.043590080595880987e-01	1.922659159090939207e-01	8.938142039083921131e-02	4.114021692692174104e-02	1.015393202414841128e-01
2.230212068495085077e+03	1.666911364432308862e-01	1.042875141288155671e-01	3.044854422775864489e-01	1.923528202031566103e-01	8.942041750750216733e-02	4.116873442986309500e-02	1.015939350096458915e-01
2.235049838708740936e+03	1.664956734735765498e-01	1.041493957312154828e-01	3.046111656366897180e-01	1.924392171674131069e-01	8.945920553575037459e-02	4.119710813080228878e-02	1.016482343243531317e-01
2.239887608922396339e+03	1.663013387310067204e-01	1.040120250212049763e-01	3.047361821827272998e-01	1.925251097563404901e-01	8.949778559252576093e-02	4.122533870675616080e-02	1.017022200092392026e-01
2.244725379136052197e+03	1.661081257609570982e-01	1.038753978952921125e-01	3.048604959378368173e-01	1.926105009073738883e-01	8.953615878878563861e-02	4.125342683211506711e-02	1.017558938774400512e-01
2.249563149349706237e+03	1.659160281455845376e-01	1.037395102727675794e-01	3.049841109006134476e-01	1.926953935410003205e-01	8.957432622953634405e-02	4.128137317864572636e-02	1.018092577316526970e-01
2.254400919563362095e+03	1.657250395035583801e-01	1.036043580955772619e-01	3.051070310462586921e-01	1.927797905608519546e-01	8.961228901386660006e-02	4.130917841549420350e-02	1.018623133641935463e-01
2.259238689777017044e+03	1.655351534898528709e-01	1.034699373281952467e-01	3.052292603267272031e-01	1.928636948537992002e-01	8.965004823498068376e-02	4.133684320918906696e-02	1.019150625570563740e-01
2.264076459990672902e+03	1.653463637955407961e-01	1.033362439574977143e-01	3.053508026708731116e-01	1.929471092900430507e-01	8.968760498023131689e-02	4.136436822364457366e-02	1.019675070819700408e-01
