1.001418434226643626e+03	2.826220558244684766e-01	1.767194028461566147e-01	2.337095079635806982e-01	1.407054498307348522e-01	6.885462147897361551e-02	2.739708610451681986e-02	6.999187595154926500e-02
1.002869765290740247e+03	2.823672952747265374e-01	1.765517690657507632e-01	2.338839927201853408e-01	1.408124117941539077e-01	6.889912478111169525e-02	2.742497246638246622e-02	7.006043389766963836e-02
1.004321096354836754e+03	2.821129699386070722e-01	1.763844216769388795e-01	2.340581587315198608e-01	1.409191919760049982e-01	6.894355388105720406e-02	2.745282608077895953e-02	7.012887771507339552e-02
1.005772427418933376e+03	2.818590790710976957e-01	1.762173601875953177e-01	2.342320065732284851e-01	1.410257907299389823e-01	6.898790891500639066e-02	2.748064694660747043e-02	7.019720757650610432e-02
1.007223758483029997e+03	2.816056219284625017e-01	1.760505841064596566e-01	2.344055368198826872e-01	1.411322084086682471e-01	6.903219001884165762e-02	2.750843506301652377e-02	7.026542365464924500e-02
1.008675089547126618e+03	2.813525977682398427e-01	1.758840929431352285e-01	2.345787500449837693e-01	1.412384453639705106e-01	6.907639732813260214e-02	2.753619042940046169e-02	7.033352612211815624e-02
1.010126420611223239e+03	2.811000058492403308e-01	1.757178862080872039e-01	2.347516468209653040e-01	1.413445019466927910e-01	6.912053097813715408e-02	2.756391304539793086e-02	7.040151515145993966e-02
1.011577751675319632e+03	2.808478454315445627e-01	1.755519634126409545e-01	2.349242277191956052e-01	1.414503785067553476e-01	6.916459110380256126e-02	2.759160291089035946e-02	7.046939091515126707e-02
1.013029082739416367e+03	2.805961157765013425e-01	1.753863240689804426e-01	2.350964933099801146e-01	1.415560753931554561e-01	6.920857783976654132e-02	2.761926002600045491e-02	7.053715358559638215e-02
1.014480413803512761e+03	2.803448161467250732e-01	1.752209676901463620e-01	2.352684441625639278e-01	1.416615929539713770e-01	6.925249132035823929e-02	2.764688439109071888e-02	7.060480333512506035e-02
1.015931744867609382e+03	2.800939458060941467e-01	1.750558937900345557e-01	2.354400808451340976e-01	1.417669315363661309e-01	6.929633167959939333e-02	2.767447600676192776e-02	7.067234033599055498e-02
1.017383075931706003e+03	2.798435040197484458e-01	1.748911018833942954e-01	2.356114039248221881e-01	1.418720914865912730e-01	6.934009905120527839e-02	2.770203487385168584e-02	7.073976476036764049e-02
1.018834406995802851e+03	2.795934900540875678e-01	1.747265914858266156e-01	2.357824139677065778e-01	1.419770731499907512e-01	6.938379356858581648e-02	2.772956099343291264e-02	7.080707678035060015e-02
1.020285738059899245e+03	2.793439031767685488e-01	1.745623621137826764e-01	2.359531115388148192e-01	1.420818768710045421e-01	6.942741536484657583e-02	2.775705436681239965e-02	7.087427656795126929e-02
1.021737069123995752e+03	2.790947426567037537e-01	1.743984132845619595e-01	2.361234972021261924e-01	1.421865029931725644e-01	6.947096457278982562e-02	2.778451499552934620e-02	7.094136429509716180e-02
1.023188400188092373e+03	2.788460077640589896e-01	1.742347445163107689e-01	2.362935715205738696e-01	1.422909518591383149e-01	6.951444132491552130e-02	2.781194288135389533e-02	7.100834013362949948e-02
1.024639731252188767e+03	2.785976977702510626e-01	1.740713553280204551e-01	2.364633350560474412e-01	1.423952238106524493e-01	6.955784575342237319e-02	2.783933802628569751e-02	7.107520425530138020e-02
1.026091062316285615e+03	2.783498119479460020e-01	1.739082452395258604e-01	2.366327883693952194e-01	1.424993191885766397e-01	6.960117799020884566e-02	2.786670043255247073e-02	7.114195683177587659e-02
1.027542393380382237e+03	2.781023495710568949e-01	1.737454137715035707e-01	2.368019320204265421e-01	1.426032383328870445e-01	6.964443816687410083e-02	2.789403010260857116e-02	7.120859803462419035e-02
1.028993724444478858e+03	2.778553099147417216e-01	1.735828604454703883e-01	2.369707665679141317e-01	1.427069815826781107e-01	6.968762641471912267e-02	2.792132703913355676e-02	7.127512803532388974e-02
1.030445055508575479e+03	2.776086922554013015e-01	1.734205847837815839e-01	2.371392925695965659e-01	1.428105492761660433e-01	6.973074286474763295e-02	2.794859124503078912e-02	7.134154700525703607e-02
1.031896386572671872e+03	2.773624958706772947e-01	1.732585863096293699e-01	2.373075105821803032e-01	1.429139417506924692e-01	6.977378764766711816e-02	2.797582272342600748e-02	7.140785511570849065e-02
1.033347717636768493e+03	2.771167200394499264e-01	1.730968645470410960e-01	2.374754211613422650e-01	1.430171593427279897e-01	6.981676089388978712e-02	2.800302147766593405e-02	7.147405253786406898e-02
1.034799048700865114e+03	2.768713640418362654e-01	1.729354190208778896e-01	2.376430248617320273e-01	1.431202023878756224e-01	6.985966273353358402e-02	2.803018751131687580e-02	7.154013944280886161e-02
1.036250379764961508e+03	2.766264271591877821e-01	1.727742492568328236e-01	2.378103222369740699e-01	1.432230712208744927e-01	6.990249329642317377e-02	2.805732082816333670e-02	7.160611600152552714e-02
1.037701710829058356e+03	2.763819086740884612e-01	1.726133547814294456e-01	2.379773138396701349e-01	1.433257661756031642e-01	6.994525271209085793e-02	2.808442143220663684e-02	7.167198238489254358e-02
1.039153041893154750e+03	2.761378078703527472e-01	1.724527351220200289e-01	2.381440002214015306e-01	1.434282875850832473e-01	6.998794110977762939e-02	2.811148932766354552e-02	7.173773876368261249e-02
1.040604372957251599e+03	2.758941240330233247e-01	1.722923898067840465e-01	2.383103819327312689e-01	1.435306357814828404e-01	7.003055861843406060e-02	2.813852451896490386e-02	7.180338530856093804e-02
1.042055704021347992e+03	2.756508564483692303e-01	1.721323183647267274e-01	2.384764595232064521e-01	1.436328110961198612e-01	7.007310536672134438e-02	2.816552701075425783e-02	7.186892219008361726e-02
1.043507035085444613e+03	2.754080044038837438e-01	1.719725203256771418e-01	2.386422335413603546e-01	1.437348138594655433e-01	7.011558148301214044e-02	2.819249680788652596e-02	7.193434957869603019e-02
1.044958366149541234e+03	2.751655671882823340e-01	1.718129952202868960e-01	2.388077045347149208e-01	1.438366444011478507e-01	7.015798709539161626e-02	2.821943391542663243e-02	7.199966764473124392e-02
1.046409697213637855e+03	2.749235440915004380e-01	1.716537425800283845e-01	2.389728730497828191e-01	1.439383030499548355e-01	7.020032233165836300e-02	2.824633833864817825e-02	7.206487655840845830e-02
1.047861028277734476e+03	2.746819344046917410e-01	1.714947619371933185e-01	2.391377396320696069e-01	1.440397901338380249e-01	7.024258731932532529e-02	2.827321008303210897e-02	7.212997648983138221e-02
1.049312359341831097e+03	2.744407374202257333e-01	1.713360528248911163e-01	2.393023048260761731e-01	1.441411059799156402e-01	7.028478218562077273e-02	2.830004915426537898e-02	7.219496760898676258e-02
1.050763690405927491e+03	2.741999524316859338e-01	1.711776147770472933e-01	2.394665691753006531e-01	1.442422509144760945e-01	7.032690705748914639e-02	2.832685555823964349e-02	7.225985008574284385e-02
1.052215021470024112e+03	2.739595787338678368e-01	1.710194473284019356e-01	2.396305332222408990e-01	1.443432252629811008e-01	7.036896206159207190e-02	2.835362930104994364e-02	7.232462408984785540e-02
1.053666352534120733e+03	2.737196156227766908e-01	1.708615500145081456e-01	2.397941975083964783e-01	1.444440293500691141e-01	7.041094732430927539e-02	2.838037038899338116e-02	7.238928979092852656e-02
1.055117683598217127e+03	2.734800623956256671e-01	1.707039223717304877e-01	2.399575625742710050e-01	1.445446634995585511e-01	7.045286297173944390e-02	2.840707882856784855e-02	7.245384735848867108e-02
1.056569014662313975e+03	2.732409183508336392e-01	1.705465639372434339e-01	2.401206289593741383e-01	1.446451280344508983e-01	7.049470912970119685e-02	2.843375462647072804e-02	7.251829696190768837e-02
1.058020345726410369e+03	2.730021827880231289e-01	1.703894742490298098e-01	2.402833972022239417e-01	1.447454232769341542e-01	7.053648592373394643e-02	2.846039778959758362e-02	7.258263877043913403e-02
1.059471676790506763e+03	2.727638550080185298e-01	1.702326528458792954e-01	2.404458678403489091e-01	1.448455495483859101e-01	7.057819347909884133e-02	2.848700832504090855e-02	7.264687295320937377e-02
1.060923007854603611e+03	2.725259343128438316e-01	1.700760992673868433e-01	2.406080414102901299e-01	1.449455071693764863e-01	7.061983192077961324e-02	2.851358624008883472e-02	7.271099967921611229e-02
1.062374338918700232e+03	2.722884200057206772e-01	1.699198130539511242e-01	2.407699184476034537e-01	1.450452964596721517e-01	7.066140137348354833e-02	2.854013154222388021e-02	7.277501911732704720e-02
1.063825669982796853e+03	2.720513113910663083e-01	1.697637937467730562e-01	2.409314994868616833e-01	1.451449177382383438e-01	7.070290196164231988e-02	2.856664423912167253e-02	7.283893143627853672e-02
1.065277001046893474e+03	2.718146077744915678e-01	1.696080408878543055e-01	2.410927850616565726e-01	1.452443713232427214e-01	7.074433380941289040e-02	2.859312433864970998e-02	7.290273680467423967e-02
1.066728332110990095e+03	2.715783084627989008e-01	1.694525540199956215e-01	2.412537757046010201e-01	1.453436575320582735e-01	7.078569704067838586e-02	2.861957184886610578e-02	7.296643539098375542e-02
1.068179663175086489e+03	2.713424127639801897e-01	1.692973326867955597e-01	2.414144719473311773e-01	1.454427766812664280e-01	7.082699177904899779e-02	2.864598677801834942e-02	7.303002736354137492e-02
1.069630994239183110e+03	2.711069199872149782e-01	1.691423764326487056e-01	2.415748743205086146e-01	1.455417290866601321e-01	7.086821814786282980e-02	2.867236913454207156e-02	7.309351289054474843e-02
1.071082325303279504e+03	2.708718294428683615e-01	1.689876848027443701e-01	2.417349833538222359e-01	1.456405150632468781e-01	7.090937627018678580e-02	2.869871892705981239e-02	7.315689214005366425e-02
1.072533656367376352e+03	2.706371404424887661e-01	1.688332573430650074e-01	2.418947995759905267e-01	1.457391349252518675e-01	7.095046626881740259e-02	2.872503616437980731e-02	7.322016527998870261e-02
1.073984987431472746e+03	2.704028522988062844e-01	1.686790936003847718e-01	2.420543235147636363e-01	1.458375889861208696e-01	7.099148826628175202e-02	2.875132085549475525e-02	7.328333247813005602e-02
1.075436318495569594e+03	2.701689643257303430e-01	1.685251931222679356e-01	2.422135556969252923e-01	1.459358775585233026e-01	7.103244238483827355e-02	2.877757300958063910e-02	7.334639390211632193e-02
1.076887649559666215e+03	2.699354758383479824e-01	1.683715554570674178e-01	2.423724966482951049e-01	1.460340009543552586e-01	7.107332874647762089e-02	2.880379263599548365e-02	7.340934971944323983e-02
1.078338980623762609e+03	2.697023861529217470e-01	1.682181801539233690e-01	2.425311468937303705e-01	1.461319594847423908e-01	7.111414747292355010e-02	2.882997974427818980e-02	7.347220009746248393e-02
1.079790311687859230e+03	2.694696945868876869e-01	1.680650667627616168e-01	2.426895069571282926e-01	1.462297534600429660e-01	7.115489868563371068e-02	2.885613434414732378e-02	7.353494520338058060e-02
1.081241642751955851e+03	2.692374004588531933e-01	1.679122148342922227e-01	2.428475773614280631e-01	1.463273831898506960e-01	7.119558250580049208e-02	2.888225644549994101e-02	7.359758520425764561e-02
1.082692973816052472e+03	2.690055030885952214e-01	1.677596239200080663e-01	2.430053586286126943e-01	1.464248489829977351e-01	7.123619905435189803e-02	2.890834605841040642e-02	7.366012026700624604e-02
1.084144304880149093e+03	2.687740017970583484e-01	1.676072935721832913e-01	2.431628512797112118e-01	1.465221511475575944e-01	7.127674845195237918e-02	2.893440319312921838e-02	7.372255055839031790e-02
1.085595635944245487e+03	2.685428959063525522e-01	1.674552233438717508e-01	2.433200558348006248e-01	1.466192899908479730e-01	7.131723081900359640e-02	2.896042786008184294e-02	7.378487624502402809e-02
1.087046967008342108e+03	2.683121847397514914e-01	1.673034127889058420e-01	2.434769728130079802e-01	1.467162658194336167e-01	7.135764627564530893e-02	2.898642006986755504e-02	7.384709749337062257e-02
1.088498298072438729e+03	2.680818676216902285e-01	1.671518614618947574e-01	2.436336027325122777e-01	1.468130789391293156e-01	7.139799494175616545e-02	2.901237983325827621e-02	7.390921446974141329e-02
1.089949629136535123e+03	2.678519438777635653e-01	1.670005689182231245e-01	2.437899461105465793e-01	1.469097296550025411e-01	7.143827693695453673e-02	2.903830716119743666e-02	7.397122734029466795e-02
1.091400960200631971e+03	2.676224128347238218e-01	1.668495347140496465e-01	2.439460034633999796e-01	1.470062182713764709e-01	7.147849238059930665e-02	2.906420206479881641e-02	7.403313627103449979e-02
1.092852291264728365e+03	2.673932738204788384e-01	1.666987584063055194e-01	2.441017753064195772e-01	1.471025450918326261e-01	7.151864139179069102e-02	2.909006455534541777e-02	7.409494142780989612e-02
1.094303622328825213e+03	2.671645261640903102e-01	1.665482395526931003e-01	2.442572621540123612e-01	1.471987104192137019e-01	7.155872408937105633e-02	2.911589464428834123e-02	7.415664297631367752e-02
1.095754953392921607e+03	2.669361691957716776e-01	1.663979777116843806e-01	2.444124645196473766e-01	1.472947145556264548e-01	7.159874059192569695e-02	2.914169234324564747e-02	7.421824108208141535e-02
1.097206284457018228e+03	2.667082022468857949e-01	1.662479724425196259e-01	2.445673829158574453e-01	1.473905578024443663e-01	7.163869101778364001e-02	2.916745766400123674e-02	7.427973591049048807e-02
1.098657615521114849e+03	2.664806246499436537e-01	1.660982233052059054e-01	2.447220178542414692e-01	1.474862404603103638e-01	7.167857548501845033e-02	2.919319061850373515e-02	7.434112762675909591e-02
1.100108946585211470e+03	2.662534357386017736e-01	1.659487298605156758e-01	2.448763698454660132e-01	1.475817628291396510e-01	7.171839411144900756e-02	2.921889121886539833e-02	7.440241639594520617e-02
1.101560277649308091e+03	2.660266348476607035e-01	1.657994916699853105e-01	2.450304393992674690e-01	1.476771252081223174e-01	7.175814701464028333e-02	2.924455947736099085e-02	7.446360238294569278e-02
1.103011608713404712e+03	2.658002213130628566e-01	1.656505082959137676e-01	2.451842270244539157e-01	1.477723278957260578e-01	7.179783431190416010e-02	2.927019540642670017e-02	7.452468575249529548e-02
1.104462939777501106e+03	2.655741944718905123e-01	1.655017793013611460e-01	2.453377332289072010e-01	1.478673711896990040e-01	7.183745612030016658e-02	2.929579901865904737e-02	7.458566666916575938e-02
1.105914270841597499e+03	2.653485536623640395e-01	1.653533042501471872e-01	2.454909585195846067e-01	1.479622553870721113e-01	7.187701255663626887e-02	2.932137032681378028e-02	7.464654529736482191e-02
1.107365601905694348e+03	2.651232982238398983e-01	1.652050827068499983e-01	2.456439034025210411e-01	1.480569807841620733e-01	7.191650373746963365e-02	2.934690934380482230e-02	7.470732180133539402e-02
1.108816932969790741e+03	2.648984274968085306e-01	1.650571142368045530e-01	2.457965683828307324e-01	1.481515476765738748e-01	7.195592977910744703e-02	2.937241608270317952e-02	7.476799634515460258e-02
1.110268264033887590e+03	2.646739408228926949e-01	1.649093984061013318e-01	2.459489539647092271e-01	1.482459563592033458e-01	7.199529079760759454e-02	2.939789055673587212e-02	7.482856909273288837e-02
1.111719595097984211e+03	2.644498375448453009e-01	1.647619347815849067e-01	2.461010606514353605e-01	1.483402071262398536e-01	7.203458690877946602e-02	2.942333277928487617e-02	7.488904020781321502e-02
1.113170926162080832e+03	2.642261170065475784e-01	1.646147229308525806e-01	2.462528889453730607e-01	1.484343002711688564e-01	7.207381822818471895e-02	2.944874276388606202e-02	7.494940985397012534e-02
1.114622257226177226e+03	2.640027785530071336e-01	1.644677624222529444e-01	2.464044393479732364e-01	1.485282360867745954e-01	7.211298487113804168e-02	2.947412052422813955e-02	7.500967819460890862e-02
1.116073588290273847e+03	2.637798215303560623e-01	1.643210528248844893e-01	2.465557123597757194e-01	1.486220148651424822e-01	7.215208695270786121e-02	2.949946607415161390e-02	7.506984539296480963e-02
1.117524919354370468e+03	2.635572452858489512e-01	1.641745937085942741e-01	2.467067084804110966e-01	1.487156368976617071e-01	7.219112458771709262e-02	2.952477942764773766e-02	7.512991161210212654e-02
1.118976250418467089e+03	2.633350491678611016e-01	1.640283846439765103e-01	2.468574282086025695e-01	1.488091024750279323e-01	7.223009789074394393e-02	2.955006059885748743e-02	7.518987701491348929e-02
1.120427581482563710e+03	2.631132325258862537e-01	1.638824252023712291e-01	2.470078720421678697e-01	1.489024118872455948e-01	7.226900697612259616e-02	2.957530960207051252e-02	7.524974176411898530e-02
1.121878912546660331e+03	2.628917947105350872e-01	1.637367149558628110e-01	2.471580404780211182e-01	1.489955654236305715e-01	7.230785195794395270e-02	2.960052645172413233e-02	7.530950602226538226e-02
1.123330243610756725e+03	2.626707350735331681e-01	1.635912534772786808e-01	2.473079340121745462e-01	1.490885633728125936e-01	7.234663295005638872e-02	2.962571116240228855e-02	7.536916995172537881e-02
1.124781574674853118e+03	2.624500529677188942e-01	1.634460403401879480e-01	2.474575531397405492e-01	1.491814060227378835e-01	7.238535006606644506e-02	2.965086374883454945e-02	7.542873371469681343e-02
1.126232905738949967e+03	2.622297477470417193e-01	1.633010751189000742e-01	2.476068983549333247e-01	1.492740936606712920e-01	7.242400341933959151e-02	2.967598422589509677e-02	7.548819747320191509e-02
1.127684236803046360e+03	2.620098187665603762e-01	1.631563573884633744e-01	2.477559701510708423e-01	1.493666265731991571e-01	7.246259312300094846e-02	2.970107260860171267e-02	7.554756138908658158e-02
1.129135567867143209e+03	2.617902653824406567e-01	1.630118867246637959e-01	2.479047690205767318e-01	1.494590050462315245e-01	7.250111928993596688e-02	2.972612891211477704e-02	7.560682562401961626e-02
1.130586898931239830e+03	2.615710869519536907e-01	1.628676627040235581e-01	2.480532954549818370e-01	1.495512293650045899e-01	7.253958203279117778e-02	2.975115315173629607e-02	7.566599033949199249e-02
1.132038229995336451e+03	2.613522828334741144e-01	1.627236849037996813e-01	2.482015499449263252e-01	1.496432998140830584e-01	7.257798146397491379e-02	2.977614534290888917e-02	7.572505569681620141e-02
1.133489561059432845e+03	2.611338523864781824e-01	1.625799529019827661e-01	2.483495329801612417e-01	1.497352166773628090e-01	7.261631769565798922e-02	2.980110550121481058e-02	7.578402185712550254e-02
1.134940892123529466e+03	2.609157949715416036e-01	1.624364662772956325e-01	2.484972450495506191e-01	1.498269802380729487e-01	7.265459083977440780e-02	2.982603364237496751e-02	7.584288898137322987e-02
1.136392223187626087e+03	2.606981099503379862e-01	1.622932246091918496e-01	2.486446866410729484e-01	1.499185907787783933e-01	7.269280100802211209e-02	2.985092978224795565e-02	7.590165723033216738e-02
1.137843554251722708e+03	2.604807966856367840e-01	1.621502274778546804e-01	2.487918582418232050e-01	1.500100485813822548e-01	7.273094831186359410e-02	2.987579393682907383e-02	7.596032676459381350e-02
1.139294885315819101e+03	2.602638545413015203e-01	1.620074744641953612e-01	2.489387603380145697e-01	1.501013539271280894e-01	7.276903286252671410e-02	2.990062612224938035e-02	7.601889774456778437e-02
1.140746216379915950e+03	2.600472828822877336e-01	1.618649651498520747e-01	2.490853934149801496e-01	1.501925070966022846e-01	7.280705477100528344e-02	2.992542635477471458e-02	7.607737033048111996e-02
1.142197547444012343e+03	2.598310810746413124e-01	1.617226991171885619e-01	2.492317579571748654e-01	1.502835083697363350e-01	7.284501414805981401e-02	2.995019465080475674e-02	7.613574468237767345e-02
1.143648878508108737e+03	2.596152484854964415e-01	1.615806759492926792e-01	2.493778544481771720e-01	1.503743580258092849e-01	7.288291110421818431e-02	2.997493102687206340e-02	7.619402096011744507e-02
1.145100209572205586e+03	2.593997844830739363e-01	1.614388952299752045e-01	2.495236833706907520e-01	1.504650563434499211e-01	7.292074574977634727e-02	2.999963549964113074e-02	7.625219932337604090e-02
1.146551540636302207e+03	2.591846884366791337e-01	1.612973565437684220e-01	2.496692452065463474e-01	1.505556036006390486e-01	7.295851819479898248e-02	3.002430808590746472e-02	7.631027993164399281e-02
1.148002871700398828e+03	2.589699597167001155e-01	1.611560594759247900e-01	2.498145404367035360e-01	1.506460000747118777e-01	7.299622854912019010e-02	3.004894880259663045e-02	7.636826294422620343e-02
1.149454202764495449e+03	2.587555976946060432e-01	1.610150036124158857e-01	2.499595695412524798e-01	1.507362460423601613e-01	7.303387692234415696e-02	3.007355766676333281e-02	7.642614852024132155e-02
1.150905533828591842e+03	2.585416017429449931e-01	1.608741885399307403e-01	2.501043329994156461e-01	1.508263417796345540e-01	7.307146342384583659e-02	3.009813469559047966e-02	7.648393681862118709e-02
1.152356864892688463e+03	2.583279712353423463e-01	1.607336138458747288e-01	2.502488312895494449e-01	1.509162875619468047e-01	7.310898816277164314e-02	3.012267990638827983e-02	7.654162799811026208e-02
1.153808195956785084e+03	2.581147055464987350e-01	1.605932791183682096e-01	2.503930648891461441e-01	1.510060836640720050e-01	7.314645124804006193e-02	3.014719331659330981e-02	7.659922221726510327e-02
1.155259527020881706e+03	2.579018040521883770e-01	1.604531839462452480e-01	2.505370342748354240e-01	1.510957303601507540e-01	7.318385278834232954e-02	3.017167494376761169e-02	7.665671963445373771e-02
1.156710858084978327e+03	2.576892661292572440e-01	1.603133279190523675e-01	2.506807399223863753e-01	1.511852279236914898e-01	7.322119289214315541e-02	3.019612480559778420e-02	7.671412040785517694e-02
1.158162189149074720e+03	2.574770911556208963e-01	1.601737106270471334e-01	2.508241823067088871e-01	1.512745766275725434e-01	7.325847166768129082e-02	3.022054291989408406e-02	7.677142469545887582e-02
1.159613520213171569e+03	2.572652785102629847e-01	1.600343316611969602e-01	2.509673619018554236e-01	1.513637767440443593e-01	7.329568922297023670e-02	3.024492930458952400e-02	7.682863265506419126e-02
1.161064851277267962e+03	2.570538275732333067e-01	1.598951906131777512e-01	2.511102791810230772e-01	1.514528285447317713e-01	7.333284566579888197e-02	3.026928397773899493e-02	7.688574444427991039e-02
1.162516182341364356e+03	2.568427377256460309e-01	1.597562870753727049e-01	2.512529346165547350e-01	1.515417323006360284e-01	7.336994110373216971e-02	3.029360695751835350e-02	7.694276022052369546e-02
1.163967513405461204e+03	2.566320083496776983e-01	1.596176206408709275e-01	2.513953286799411879e-01	1.516304882821370159e-01	7.340697564411170772e-02	3.031789826222356862e-02	7.699968014102161196e-02
1.165418844469557826e+03	2.564216388285656123e-01	1.594791909034662669e-01	2.515374618418226293e-01	1.517190967589953365e-01	7.344394939405642087e-02	3.034215791026981940e-02	7.705650436280767068e-02
1.166870175533654447e+03	2.562116285466057297e-01	1.593409974576558419e-01	2.516793345719904318e-01	1.518075580003545866e-01	7.348086246046323100e-02	3.036638592019063471e-02	7.711323304272327261e-02
1.168321506597751068e+03	2.560019768891511616e-01	1.592030398986390982e-01	2.518209473393887565e-01	1.518958722747432155e-01	7.351771495000763990e-02	3.039058231063701890e-02	7.716986633741683421e-02
1.169772837661847461e+03	2.557926832426101194e-01	1.590653178223161435e-01	2.519623006121162745e-01	1.519840398500768297e-01	7.355450696914440922e-02	3.041474710037658444e-02	7.722640440334327394e-02
1.171224168725944082e+03	2.555837469944443607e-01	1.589278308252868310e-01	2.521033948574277761e-01	1.520720609936603018e-01	7.359123862410817118e-02	3.043888030829270883e-02	7.728284739676352655e-02
1.172675499790040703e+03	2.553751675331668580e-01	1.587905785048492058e-01	2.522442305417360586e-01	1.521599359721897138e-01	7.362791002091403914e-02	3.046298195338365336e-02	7.733919547374416836e-02
1.174126830854137097e+03	2.551669442483406325e-01	1.586535604589984494e-01	2.523848081306132585e-01	1.522476650517545216e-01	7.366452126535827372e-02	3.048705205476173394e-02	7.739544879015693157e-02
1.175578161918233945e+03	2.549590765305765339e-01	1.585167762864255203e-01	2.525251280887926275e-01	1.523352484978395815e-01	7.370107246301886572e-02	3.051109063165245716e-02	7.745160750167830177e-02
1.177029492982330339e+03	2.547515637715314085e-01	1.583802255865158493e-01	2.526651908801704205e-01	1.524226865753272320e-01	7.373756371925620223e-02	3.053509770339369461e-02	7.750767176378907386e-02
1.178480824046426733e+03	2.545444053639066562e-01	1.582439079593482845e-01	2.528049969678071718e-01	1.525099795484993193e-01	7.377399513921363561e-02	3.055907328943483631e-02	7.756364173177397736e-02
1.179932155110523581e+03	2.543376007014461759e-01	1.581078230056936207e-01	2.529445468139296382e-01	1.525971276810392241e-01	7.381036682781816349e-02	3.058301740933595803e-02	7.761951756072121844e-02
1.181383486174620202e+03	2.541311491789344235e-01	1.579719703270134612e-01	2.530838408799322425e-01	1.526841312360338321e-01	7.384667888978097006e-02	3.060693008276698865e-02	7.767529940552214685e-02
1.182834817238716823e+03	2.539250501921949676e-01	1.578363495254589133e-01	2.532228796263787940e-01	1.527709904759756432e-01	7.388293142959809212e-02	3.063081132950689137e-02	7.773098742087081181e-02
1.184286148302813444e+03	2.537193031380884922e-01	1.577009602038694225e-01	2.533616635130040984e-01	1.528577056627646591e-01	7.391912455155097428e-02	3.065466116944284142e-02	7.778658176126360124e-02
1.185737479366910065e+03	2.535139074145110194e-01	1.575658019657714959e-01	2.535001929987155678e-01	1.529442770577105482e-01	7.395525835970716277e-02	3.067847962256941077e-02	7.784208258099888089e-02
1.187188810431006686e+03	2.533088624203923001e-01	1.574308744153774253e-01	2.536384685415948859e-01	1.530307049215343662e-01	7.399133295792079124e-02	3.070226670898775281e-02	7.789749003417660578e-02
1.188640141495103080e+03	2.531041675556936488e-01	1.572961771575840662e-01	2.537764905988996733e-01	1.531169895143707493e-01	7.402734844983327456e-02	3.072602244890480089e-02	7.795280427469795936e-02
1.190091472559199701e+03	2.528998222214065561e-01	1.571617097979717270e-01	2.539142596270647645e-01	1.532031310957697734e-01	7.406330493887385014e-02	3.074974686263245646e-02	7.800802545626503437e-02
1.191542803623296322e+03	2.526958258195507456e-01	1.570274719428026988e-01	2.540517760817043169e-01	1.532891299246988692e-01	7.409920252826021625e-02	3.077343997058680156e-02	7.806315373238047195e-02
1.192994134687392716e+03	2.524921777531723976e-01	1.568934631990202555e-01	2.541890404176131435e-01	1.533749862595448488e-01	7.413504132099908717e-02	3.079710179328728689e-02	7.811818925634711475e-02
1.194445465751489564e+03	2.522888774263424838e-01	1.567596831742472940e-01	2.543260530887682114e-01	1.534607003581157925e-01	7.417082141988681765e-02	3.082073235135596168e-02	7.817313218126765995e-02
1.195896796815585958e+03	2.520859242441548242e-01	1.566261314767851409e-01	2.544628145483303627e-01	1.535462724776429089e-01	7.420654292750995806e-02	3.084433166551667216e-02	7.822798266004438172e-02
1.197348127879682352e+03	2.518833176127243112e-01	1.564928077156124697e-01	2.545993252486459801e-01	1.536317028747825608e-01	7.424220594624583724e-02	3.086789975659428795e-02	7.828274084537879818e-02
1.198799458943779200e+03	2.516810569391856323e-01	1.563597115003837745e-01	2.547355856412483743e-01	1.537169918056180695e-01	7.427781057826320088e-02	3.089143664551391097e-02	7.833740688977135214e-02
1.200250790007875821e+03	2.514791416316907724e-01	1.562268424414285095e-01	2.548715961768595606e-01	1.538021395256616020e-01	7.431335692552272498e-02	3.091494235330011567e-02	7.839198094552107809e-02
1.201702121071972442e+03	2.512775710994076817e-01	1.560942001497496179e-01	2.550073573053916465e-01	1.538871462898561970e-01	7.434884508977764039e-02	3.093841690107616837e-02	7.844646316472539405e-02
1.203153452136069063e+03	2.510763447525186653e-01	1.559617842370224494e-01	2.551428694759485527e-01	1.539720123525773754e-01	7.438427517257426014e-02	3.096186031006327097e-02	7.850085369927972678e-02
1.204604783200165684e+03	2.508754620022183301e-01	1.558295943155935392e-01	2.552781331368275120e-01	1.540567379676353044e-01	7.441964727525263168e-02	3.098527260157978719e-02	7.855515270087728985e-02
1.206056114264262078e+03	2.506749222607118632e-01	1.556976299984793588e-01	2.554131487355206231e-01	1.541413233882763523e-01	7.445496149894699489e-02	3.100865379704050018e-02	7.860936032100876436e-02
1.207507445328358699e+03	2.504747249412134780e-01	1.555658908993651501e-01	2.555479167187164058e-01	1.542257688671851423e-01	7.449021794458644818e-02	3.103200391795583532e-02	7.866347671096204919e-02
1.208958776392455093e+03	2.502748694579445821e-01	1.554343766326037324e-01	2.556824375323013543e-01	1.543100746564863013e-01	7.452541671289546199e-02	3.105532298593113513e-02	7.871750202182198342e-02
1.210410107456551941e+03	2.500753552261319457e-01	1.553030868132142805e-01	2.558167116213615477e-01	1.543942410077462912e-01	7.456055790439446163e-02	3.107861102266589598e-02	7.877143640447015205e-02
1.211861438520648335e+03	2.498761816620060916e-01	1.551720210568811598e-01	2.559507394301840932e-01	1.544782681719752970e-01	7.459564161940041016e-02	3.110186804995302909e-02	7.882528000958452519e-02
1.213312769584745183e+03	2.496773481827995467e-01	1.550411789799527040e-01	2.560845214022587357e-01	1.545621563996288361e-01	7.463066795802732190e-02	3.112509408967813196e-02	7.887903298763931925e-02
1.214764100648841804e+03	2.494788542067450654e-01	1.549105601994400505e-01	2.562180579802794678e-01	1.546459059406097847e-01	7.466563702018681747e-02	3.114828916381873550e-02	7.893269548890469167e-02
1.216215431712937971e+03	2.492806991530739369e-01	1.547801643330159738e-01	2.563513496061457508e-01	1.547295170442700152e-01	7.470054890558873451e-02	3.117145329444358931e-02	7.898626766344656047e-02
1.217666762777034819e+03	2.490828824420142085e-01	1.546499909990136368e-01	2.564843967209645137e-01	1.548129899594122838e-01	7.473540371374161329e-02	3.119458650371194006e-02	7.903974966112634060e-02
1.219118093841131440e+03	2.488854034947891036e-01	1.545200398164254807e-01	2.566171997650513181e-01	1.548963249342918957e-01	7.477020154395329354e-02	3.121768881387278552e-02	7.909314163160072186e-02
1.220569424905228061e+03	2.486882617336151624e-01	1.543903104049019759e-01	2.567497591779318578e-01	1.549795222166185094e-01	7.480494249533144180e-02	3.124076024726417031e-02	7.914644372432150243e-02
1.222020755969324682e+03	2.484914565817005760e-01	1.542608023847505117e-01	2.568820753983437344e-01	1.550625820535579125e-01	7.483962666678409259e-02	3.126380082631247115e-02	7.919965608853531125e-02
1.223472087033421303e+03	2.482949874632435217e-01	1.541315153769342028e-01	2.570141488642377348e-01	1.551455046917337433e-01	7.487425415702021747e-02	3.128681057353168565e-02	7.925277887328346926e-02
1.224923418097517697e+03	2.480988538034303581e-01	1.540024490030707238e-01	2.571459800127795514e-01	1.552282903772292388e-01	7.490882506455023848e-02	3.130978951152271067e-02	7.930581222740175351e-02
1.226374749161614318e+03	2.479030550284339607e-01	1.538736028854310878e-01	2.572775692803511149e-01	1.553109393555889284e-01	7.494333948768658327e-02	3.133273766297266227e-02	7.935875629952023058e-02
1.227826080225710712e+03	2.477075905654121390e-01	1.537449766469385914e-01	2.574089171025520928e-01	1.553934518718204094e-01	7.497779752454417079e-02	3.135565505065415759e-02	7.941161123806309008e-02
1.229277411289807560e+03	2.475124598425057776e-01	1.536165699111674832e-01	2.575400239142014436e-01	1.554758281703960132e-01	7.501219927304103585e-02	3.137854169742462784e-02	7.946437719124839483e-02
1.230728742353903954e+03	2.473176622888371423e-01	1.534883823023419358e-01	2.576708901493388604e-01	1.555580684952544701e-01	7.504654483089877315e-02	3.140139762622561753e-02	7.951705430708795597e-02
1.232180073418000802e+03	2.471231973345083266e-01	1.533604134453349088e-01	2.578015162412264361e-01	1.556401730898027136e-01	7.508083429564314792e-02	3.142422286008209747e-02	7.956964273338716642e-02
1.233631404482097196e+03	2.469290644105994470e-01	1.532326629656668993e-01	2.579319026223498290e-01	1.557221421969174624e-01	7.511506776460454005e-02	3.144701742210178480e-02	7.962214261774483437e-02
1.235082735546193817e+03	2.467352629491669502e-01	1.531051304895048037e-01	2.580620497244200395e-01	1.558039760589469969e-01	7.514924533491852687e-02	3.146978133547446294e-02	7.967455410755303058e-02
1.236534066610290438e+03	2.465417923832420311e-01	1.529778156436607806e-01	2.581919579783746865e-01	1.558856749177127132e-01	7.518336710352639674e-02	3.149251462347128078e-02	7.972687734999690801e-02
1.237985397674387059e+03	2.463486521468288559e-01	1.528507180555911393e-01	2.583216278143796729e-01	1.559672390145108722e-01	7.521743316717564853e-02	3.151521730944410044e-02	7.977911249205459077e-02
1.239436728738483680e+03	2.461558416749028144e-01	1.527238373533951477e-01	2.584510596618302958e-01	1.560486685901142090e-01	7.525144362242053298e-02	3.153788941682483804e-02	7.983125968049700760e-02
1.240888059802580301e+03	2.459633604034090759e-01	1.525971731658139208e-01	2.585802539493531893e-01	1.561299638847736260e-01	7.528539856562256605e-02	3.156053096912474903e-02	7.988331906188776699e-02
1.242339390866676695e+03	2.457712077692607300e-01	1.524707251222292004e-01	2.587092111048074350e-01	1.562111251382197197e-01	7.531929809295105638e-02	3.158314198993382449e-02	7.993529078258300447e-02
1.243790721930773088e+03	2.455793832103370933e-01	1.523444928526623554e-01	2.588379315552861715e-01	1.562921525896645014e-01	7.535314230038356320e-02	3.160572250292008334e-02	7.998717498873129939e-02
1.245242052994869937e+03	2.453878861654822385e-01	1.522184759877730775e-01	2.589664157271178158e-01	1.563730464778030904e-01	7.538693128370645147e-02	3.162827253182894094e-02	8.003897182627350837e-02
1.246693384058966330e+03	2.451967160745031349e-01	1.520926741588583542e-01	2.590946640458678951e-01	1.564538070408151293e-01	7.542066513851543308e-02	3.165079210048253600e-02	8.009068144094266817e-02
1.248144715123063179e+03	2.450058723781680659e-01	1.519670869978513583e-01	2.592226769363402683e-01	1.565344345163665329e-01	7.545434396021599710e-02	3.167328123277909913e-02	8.014230397826389851e-02
1.249596046187159800e+03	2.448153545182049362e-01	1.518417141373202273e-01	2.593504548225785133e-01	1.566149291416110700e-01	7.548796784402396487e-02	3.169573995269230060e-02	8.019383958355427722e-02
1.251047377251256421e+03	2.446251619372996344e-01	1.517165552104669524e-01	2.594779981278674819e-01	1.566952911531919179e-01	7.552153688496598960e-02	3.171816828427061197e-02	8.024528840192271528e-02
1.252498708315352815e+03	2.444352940790944784e-01	1.515916098511263244e-01	2.596053072747346313e-01	1.567755207872432999e-01	7.555505117788000047e-02	3.174056625163664686e-02	8.029665057826990138e-02
1.253950039379449436e+03	2.442457503881863556e-01	1.514668776937647954e-01	2.597323826849515793e-01	1.568556182793919562e-01	7.558851081741581324e-02	3.176293387898654341e-02	8.034792625728819082e-02
1.255401370443546057e+03	2.440565303101252526e-01	1.513423583734793132e-01	2.598592247795354915e-01	1.569355838647588375e-01	7.562191589803553271e-02	3.178527119058933287e-02	8.039911558346152232e-02
1.256852701507642678e+03	2.438676332914125333e-01	1.512180515259961278e-01	2.599858339787504136e-01	1.570154177779606031e-01	7.565526651401406621e-02	3.180757821078630115e-02	8.045021870106530693e-02
1.258304032571739299e+03	2.436790587794993024e-01	1.510939567876698197e-01	2.601122107021086038e-01	1.570951202531111757e-01	7.568856275943966483e-02	3.182985496399036440e-02	8.050123575416640032e-02
1.259755363635835920e+03	2.434908062227847947e-01	1.509700737954821348e-01	2.602383553683724204e-01	1.571746915238232678e-01	7.572180472821431196e-02	3.185210147468545833e-02	8.055216688662297786e-02
1.261206694699932314e+03	2.433028750706147103e-01	1.508464021870409011e-01	2.603642683955551540e-01	1.572541318232099361e-01	7.575499251405434786e-02	3.187431776742589290e-02	8.060301224208449300e-02
1.262658025764028707e+03	2.431152647732795768e-01	1.507229416005787803e-01	2.604899502009227485e-01	1.573334413838861356e-01	7.578812621049081655e-02	3.189650386683576949e-02	8.065377196399158011e-02
1.264109356828125556e+03	2.429279747820131952e-01	1.505996916749523518e-01	2.606154012009952448e-01	1.574126204379702743e-01	7.582120591087006256e-02	3.191865979760833555e-02	8.070444619557605448e-02
1.265560687892221949e+03	2.427410045489908352e-01	1.504766520496408355e-01	2.607406218115480012e-01	1.574916692170856003e-01	7.585423170835416118e-02	3.194078558450540173e-02	8.075503507986078744e-02
1.267012018956318798e+03	2.425543535273278206e-01	1.503538223647451488e-01	2.608656124476130822e-01	1.575705879523617847e-01	7.588720369592143189e-02	3.196288125235671046e-02	8.080553875965969246e-02
1.268463350020415419e+03	2.423680211710777521e-01	1.502312022609867126e-01	2.609903735234808675e-01	1.576493768744365309e-01	7.592012196636684085e-02	3.198494682605936695e-02	8.085595737757765578e-02
1.269914681084511813e+03	2.421820069352309257e-01	1.501087913797062856e-01	2.611149054527013291e-01	1.577280362134569069e-01	7.595298661230259762e-02	3.200698233057720776e-02	8.090629107601050862e-02
1.271366012148608434e+03	2.419963102757128059e-01	1.499865893628630487e-01	2.612392086480853637e-01	1.578065661990808721e-01	7.598579772615851602e-02	3.202898779094022486e-02	8.095653999714495785e-02
1.272817343212705055e+03	2.418109306493823052e-01	1.498645958530333555e-01	2.613632835217061245e-01	1.578849670604788868e-01	7.601855540018258306e-02	3.205096323224394805e-02	8.100670428295858594e-02
1.274268674276801676e+03	2.416258675140302292e-01	1.497428104934097060e-01	2.614871304849007427e-01	1.579632390263351616e-01	7.605125972644131982e-02	3.207290867964888992e-02	8.105678407521980933e-02
1.275720005340898297e+03	2.414411203283775842e-01	1.496212329277996633e-01	2.616107499482711596e-01	1.580413823248493776e-01	7.608391079682040592e-02	3.209482415837993513e-02	8.110677951548782294e-02
1.277171336404994690e+03	2.412566885520740778e-01	1.494998628006246333e-01	2.617341423216859586e-01	1.581193971837379086e-01	7.611650870302497096e-02	3.211670969372576456e-02	8.115669074511260017e-02
1.278622667469091539e+03	2.410725716456965373e-01	1.493786997569190589e-01	2.618573080142815312e-01	1.581972838302354578e-01	7.614905353658021903e-02	3.213856531103826547e-02	8.120651790523486513e-02
1.280073998533187932e+03	2.408887690707471330e-01	1.492577434423290605e-01	2.619802474344635757e-01	1.582750424910963905e-01	7.618154538883178950e-02	3.216039103573196251e-02	8.125626113678606488e-02
1.281525329597284326e+03	2.407052802896518795e-01	1.491369935031115201e-01	2.621029609899082624e-01	1.583526733925962326e-01	7.621398435094625667e-02	3.218218689328344873e-02	8.130592058048836945e-02
1.282976660661381175e+03	2.405221047657591926e-01	1.490164495861328597e-01	2.622254490875637334e-01	1.584301767605331424e-01	7.624637051391160159e-02	3.220395290923080273e-02	8.135549637685467184e-02
1.284427991725477568e+03	2.403392419633379740e-01	1.488961113388681257e-01	2.623477121336515450e-01	1.585075528202292139e-01	7.627870396853764223e-02	3.222568910917303353e-02	8.140498866618854634e-02
1.285879322789574417e+03	2.401566913475763621e-01	1.487759784093997950e-01	2.624697505336677228e-01	1.585848017965319767e-01	7.631098480545654705e-02	3.224739551876949079e-02	8.145439758858427637e-02
1.287330653853671038e+03	2.399744523845799282e-01	1.486560504464167487e-01	2.625915646923842606e-01	1.586619239138158111e-01	7.634321311512320962e-02	3.226907216373933046e-02	8.150372328392684051e-02
1.288781984917767431e+03	2.397925245413701500e-01	1.485363270992132168e-01	2.627131550138506744e-01	1.587389193959834188e-01	7.637538898781574825e-02	3.229071906986095974e-02	8.155296589189195422e-02
1.290233315981864052e+03	2.396109072858828293e-01	1.484168080176876403e-01	2.628345219013951128e-01	1.588157884664671005e-01	7.640751251363599172e-02	3.231233626297144029e-02	8.160212555194602813e-02
