1.001418434226643626e+03	2.798613627809510285e-01	1.807185149968225379e-01	2.348392028367797812e-01	1.408811391138479752e-01	6.811723550535075944e-02	2.676178735970601713e-02	6.882075740633732119e-02
1.002869765290740247e+03	2.796061849507073260e-01	1.805530571238246895e-01	2.350188520451264584e-01	1.409875666621593915e-01	6.816203149499180935e-02	2.678602400060984406e-02	6.888628372237599884e-02
1.004321096354836754e+03	2.793514416222510066e-01	1.803878764542028723e-01	2.351981700312329726e-01	1.410938201310484863e-01	6.820675789118149646e-02	2.681022198350194521e-02	6.895171188637665149e-02
1.005772427418933376e+03	2.790971320638162001e-01	1.802229725139100347e-01	2.353771573966052244e-01	1.411998998296811192e-01	6.825141479700695679e-02	2.683438137331791568e-02	6.901704202545798361e-02
1.007223758483029997e+03	2.788432555448617234e-01	1.800583448297209122e-01	2.355558147416701997e-01	1.413058060664978965e-01	6.829600231548298150e-02	2.685850223488404215e-02	6.908227426667769289e-02
1.008675089547126618e+03	2.785898113360691930e-01	1.798939929292306394e-01	2.357341426657780237e-01	1.414115391492175300e-01	6.834052054955018496e-02	2.688258463291749376e-02	6.914740873703231760e-02
1.010126420611223239e+03	2.783367987093411933e-01	1.797299163408533906e-01	2.359121417672037369e-01	1.415170993848401115e-01	6.838496960207335329e-02	2.690662863202650940e-02	6.921244556345707011e-02
1.011577751675319632e+03	2.780842169377991113e-01	1.795661145938207970e-01	2.360898126431492661e-01	1.416224870796502222e-01	6.842934957583975131e-02	2.693063429671056427e-02	6.927738487282565638e-02
1.013029082739416367e+03	2.778320652957811387e-01	1.794025872181806425e-01	2.362671558897452007e-01	1.417277025392203182e-01	6.847366057355752655e-02	2.695460169136056419e-02	6.934222679195002625e-02
1.014480413803512761e+03	2.775803430588402732e-01	1.792393337447954205e-01	2.364441721020527354e-01	1.418327460684137009e-01	6.851790269785405785e-02	2.697853088025901902e-02	6.940697144758024850e-02
1.015931744867609382e+03	2.773290495037423753e-01	1.790763537053408072e-01	2.366208618740654746e-01	1.419376179713878472e-01	6.856207605127451199e-02	2.700242192758023352e-02	6.947161896640421941e-02
1.017383075931706003e+03	2.770781839084641707e-01	1.789136466323043850e-01	2.367972257987113749e-01	1.420423185515973519e-01	6.860618073628028946e-02	2.702627489739048774e-02	6.953616947504745460e-02
1.018834406995802851e+03	2.768277455521911401e-01	1.787512120589840880e-01	2.369732644678544664e-01	1.421468481117969807e-01	6.865021685524763662e-02	2.705008985364821053e-02	6.960062310007286701e-02
1.020285738059899245e+03	2.765777337153157989e-01	1.785890495194869254e-01	2.371489784722969341e-01	1.422512069540449176e-01	6.869418451046617469e-02	2.707386686020416683e-02	6.966497996798051706e-02
1.021737069123995752e+03	2.763281476794352542e-01	1.784271585487274825e-01	2.373243684017806443e-01	1.423553953797055682e-01	6.873808380413752583e-02	2.709760598080163466e-02	6.972924020520730737e-02
1.023188400188092373e+03	2.760789867273495957e-01	1.782655386824265054e-01	2.374994348449893100e-01	1.424594136894525853e-01	6.878191483837405029e-02	2.712130727907658551e-02	6.979340393812674681e-02
1.024639731252188767e+03	2.758302501430598408e-01	1.781041894571095130e-01	2.376741783895501836e-01	1.425632621832718105e-01	6.882567771519745858e-02	2.714497081855786823e-02	6.985747129304870073e-02
1.026091062316285615e+03	2.755819372117658816e-01	1.779431104101053540e-01	2.378485996220358889e-01	1.426669411604642446e-01	6.886937253653760416e-02	2.716859666266738249e-02	6.992144239621904400e-02
1.027542393380382237e+03	2.753340472198643751e-01	1.777823010795448466e-01	2.380226991279663085e-01	1.427704509196489058e-01	6.891299940423126213e-02	2.719218487472026616e-02	6.998531737381943896e-02
1.028993724444478858e+03	2.750865794549470222e-01	1.776217610043594464e-01	2.381964774918102767e-01	1.428737917587656892e-01	6.895655842002090807e-02	2.721573551792506873e-02	7.004909635196693296e-02
1.030445055508575479e+03	2.748395332057985141e-01	1.774614897242796918e-01	2.383699352969877172e-01	1.429769639750781696e-01	6.900004968555355223e-02	2.723924865538392137e-02	7.011277945671376410e-02
1.031896386572671872e+03	2.745929077623943670e-01	1.773014867798339000e-01	2.385430731258711134e-01	1.430799678651764606e-01	6.904347330237967095e-02	2.726272435009273465e-02	7.017636681404697263e-02
1.033347717636768493e+03	2.743467024158992573e-01	1.771417517123467511e-01	2.387158915597875908e-01	1.431828037249800734e-01	6.908682937195205487e-02	2.728616266494136508e-02	7.023985854988810951e-02
1.034799048700865114e+03	2.741009164586649116e-01	1.769822840639379002e-01	2.388883911790205539e-01	1.432854718497404145e-01	6.913011799562475412e-02	2.730956366271379207e-02	7.030325479009288947e-02
1.036250379764961508e+03	2.738555491842279421e-01	1.768230833775206179e-01	2.390605725628116573e-01	1.433879725340437561e-01	6.917333927465206533e-02	2.733292740608829485e-02	7.036655566045085797e-02
1.037701710829058356e+03	2.736105998873082368e-01	1.766641491968003186e-01	2.392324362893624989e-01	1.434903060718139278e-01	6.921649331018754625e-02	2.735625395763763984e-02	7.042976128668508584e-02
1.039153041893154750e+03	2.733660678638066832e-01	1.765054810662732843e-01	2.394039829358365068e-01	1.435924727563148706e-01	6.925958020328297493e-02	2.737954337982924369e-02	7.049287179445173912e-02
1.040604372957251599e+03	2.731219524108033925e-01	1.763470785312251932e-01	2.395752130783606881e-01	1.436944728801533844e-01	6.930260005488747543e-02	2.740279573502536412e-02	7.055588730933984309e-02
1.042055704021347992e+03	2.728782528265556451e-01	1.761889411377297598e-01	2.397461272920274888e-01	1.437963067352817093e-01	6.934555296584653250e-02	2.742601108548325603e-02	7.061880795687083823e-02
1.043507035085444613e+03	2.726349684104962257e-01	1.760310684326474862e-01	2.399167261508965421e-01	1.438979746130002180e-01	6.938843903690114501e-02	2.744918949335537622e-02	7.068163386249824709e-02
1.044958366149541234e+03	2.723920984632309250e-01	1.758734599636240792e-01	2.400870102279965279e-01	1.439994768039599138e-01	6.943125836868696554e-02	2.747233102068952909e-02	7.074436515160732741e-02
1.046409697213637855e+03	2.721496422865370968e-01	1.757161152790891467e-01	2.402569800953268664e-01	1.441008135981650118e-01	6.947401106173342611e-02	2.749543572942906439e-02	7.080700194951465576e-02
1.047861028277734476e+03	2.719075991833613815e-01	1.755590339282549484e-01	2.404266363238596049e-01	1.442019852849755479e-01	6.951669721646293321e-02	2.751850368141303682e-02	7.086954438146779445e-02
1.049312359341831097e+03	2.716659684578179856e-01	1.754022154611148410e-01	2.405959794835411669e-01	1.443029921531097937e-01	6.955931693319010456e-02	2.754153493837639341e-02	7.093199257264491686e-02
1.050763690405927491e+03	2.714247494151867390e-01	1.752456594284420577e-01	2.407650101432941281e-01	1.444038344906468652e-01	6.960187031212092257e-02	2.756452956195014348e-02	7.099434664815440499e-02
1.052215021470024112e+03	2.711839413619107630e-01	1.750893653817883477e-01	2.409337288710189928e-01	1.445045125850291101e-01	6.964435745335206818e-02	2.758748761366152519e-02	7.105660673303444697e-02
1.053666352534120733e+03	2.709435436055950830e-01	1.749333328734824777e-01	2.411021362335960261e-01	1.446050267230646058e-01	6.968677845687018535e-02	2.761040915493419290e-02	7.111877295225269013e-02
1.055117683598217127e+03	2.707035554550044076e-01	1.747775614566289548e-01	2.412702327968869187e-01	1.447053771909296016e-01	6.972913342255114555e-02	2.763329424708838369e-02	7.118084543070585246e-02
1.056569014662313975e+03	2.704639762200612418e-01	1.746220506851066667e-01	2.414380191257367025e-01	1.448055642741709337e-01	6.977142245015939548e-02	2.765614295134109432e-02	7.124282429321927845e-02
1.058020345726410369e+03	2.702248052118438881e-01	1.744668001135676327e-01	2.416054957839753603e-01	1.449055882577083287e-01	6.981364563934726319e-02	2.767895532880624426e-02	7.130470966454661996e-02
1.059471676790506763e+03	2.699860417425846149e-01	1.743118092974354771e-01	2.417726633344197129e-01	1.450054494258369575e-01	6.985580308965436136e-02	2.770173144049485961e-02	7.136650166936933659e-02
1.060923007854603611e+03	2.697476851256677688e-01	1.741570777929042080e-01	2.419395223388751404e-01	1.451051480622296275e-01	6.989789490050694887e-02	2.772447134731523613e-02	7.142820043229639038e-02
1.062374338918700232e+03	2.695097346756277212e-01	1.740026051569367738e-01	2.421060733581373581e-01	1.452046844499392808e-01	6.993992117121733409e-02	2.774717511007312662e-02	7.148980607786376007e-02
1.063825669982796853e+03	2.692721897081470361e-01	1.738483909472637590e-01	2.422723169519940822e-01	1.453040588714011039e-01	6.998188200098326428e-02	2.776984278947189702e-02	7.155131873053413583e-02
1.065277001046893474e+03	2.690350495400546382e-01	1.736944347223821350e-01	2.424382536792269727e-01	1.454032716084349974e-01	7.002377748888742592e-02	2.779247444611270337e-02	7.161273851469643348e-02
1.066728332110990095e+03	2.687983134893235926e-01	1.735407360415537614e-01	2.426038840976131872e-01	1.455023229422478803e-01	7.006560773389683416e-02	2.781507014049466875e-02	7.167406555466539209e-02
1.068179663175086489e+03	2.685619808750696613e-01	1.733872944648041092e-01	2.427692087639272134e-01	1.456012131534357157e-01	7.010737283486234706e-02	2.783762993301504979e-02	7.173529997468118535e-02
1.069630994239183110e+03	2.683260510175489721e-01	1.732341095529210118e-01	2.429342282339426728e-01	1.456999425219860644e-01	7.014907289051812433e-02	2.786015388396940670e-02	7.179644189890901917e-02
1.071082325303279504e+03	2.680905232381564640e-01	1.730811808674532493e-01	2.430989430624338754e-01	1.457985113272801114e-01	7.019070799948114170e-02	2.788264205355177328e-02	7.185749145143871530e-02
1.072533656367376352e+03	2.678553968594236112e-01	1.729285079707091610e-01	2.432633538031778175e-01	1.458969198480949137e-01	7.023227826025073284e-02	2.790509450185482687e-02	7.191844875628426725e-02
1.073984987431472746e+03	2.676206712050168690e-01	1.727760904257554520e-01	2.434274610089556812e-01	1.459951683626057040e-01	7.027378377120808983e-02	2.792751128887006537e-02	7.197931393738346562e-02
1.075436318495569594e+03	2.673863455997355643e-01	1.726239277964158048e-01	2.435912652315546656e-01	1.460932571483879727e-01	7.031522463061590233e-02	2.794989247448795983e-02	7.204008711859744007e-02
1.076887649559666215e+03	2.671524193695102301e-01	1.724720196472695199e-01	2.437547670217698192e-01	1.461911864824195495e-01	7.035660093661778858e-02	2.797223811849815223e-02	7.210076842371029859e-02
1.078338980623762609e+03	2.669188918414003298e-01	1.723203655436502668e-01	2.439179669294055386e-01	1.462889566410829623e-01	7.039791278723797618e-02	2.799454828058960121e-02	7.216135797642866945e-02
1.079790311687859230e+03	2.666857623435928137e-01	1.721689650516446957e-01	2.440808655032775110e-01	1.463865679001674081e-01	7.043916028038085808e-02	2.801682302035075206e-02	7.222185590038131264e-02
1.081241642751955851e+03	2.664530302053999544e-01	1.720178177380912166e-01	2.442434632912142967e-01	1.464840205348708901e-01	7.048034351383064555e-02	2.803906239726971367e-02	7.228226231911866195e-02
1.082692973816052472e+03	2.662206947572574589e-01	1.718669231705785561e-01	2.444057608400590775e-01	1.465813148198024107e-01	7.052146258525093803e-02	2.806126647073442851e-02	7.234257735611246409e-02
1.084144304880149093e+03	2.659887553307228591e-01	1.717162809174445637e-01	2.445677586956714611e-01	1.466784510289839416e-01	7.056251759218440389e-02	2.808343530003282879e-02	7.240280113475533463e-02
1.085595635944245487e+03	2.657572112584732360e-01	1.715658905477748242e-01	2.447294574029290348e-01	1.467754294358525335e-01	7.060350863205240579e-02	2.810556894435302031e-02	7.246293377836030003e-02
1.087046967008342108e+03	2.655260618743037759e-01	1.714157516314013530e-01	2.448908575057292258e-01	1.468722503132623702e-01	7.064443580215468144e-02	2.812766746278343166e-02	7.252297541016046456e-02
1.088498298072438729e+03	2.652953065131256616e-01	1.712658637389014027e-01	2.450519595469909107e-01	1.469689139334868222e-01	7.068529919966898278e-02	2.814973091431299465e-02	7.258292615330853847e-02
1.089949629136535123e+03	2.650649445109641289e-01	1.711162264415960199e-01	2.452127640686561638e-01	1.470654205682204729e-01	7.072609892165081236e-02	2.817175935783130733e-02	7.264278613087642167e-02
1.091400960200631971e+03	2.648349752049566908e-01	1.709668393115487961e-01	2.453732716116919232e-01	1.471617704885811451e-01	7.076683506503307630e-02	2.819375285212880056e-02	7.270255546585482898e-02
1.092852291264728365e+03	2.646053979333515271e-01	1.708177019215645909e-01	2.455334827160917388e-01	1.472579639651118710e-01	7.080750772662582071e-02	2.821571145589690799e-02	7.276223428115280445e-02
1.094303622328825213e+03	2.643762120355052092e-01	1.706688138451881998e-01	2.456933979208774377e-01	1.473540012677828637e-01	7.084811700311596794e-02	2.823763522772822221e-02	7.282182269959737442e-02
1.095754953392921607e+03	2.641474168518810339e-01	1.705201746567031329e-01	2.458530177641008729e-01	1.474498826659934869e-01	7.088866299106699742e-02	2.825952422611666473e-02	7.288132084393311727e-02
1.097206284457018228e+03	2.639190117240473032e-01	1.703717839311301996e-01	2.460123427828453946e-01	1.475456084285742819e-01	7.092914578691875138e-02	2.828137850945765946e-02	7.294072883682173325e-02
1.098657615521114849e+03	2.636909959946751592e-01	1.702236412442263425e-01	2.461713735132279313e-01	1.476411788237887990e-01	7.096956548698712952e-02	2.830319813604828885e-02	7.300004680084161424e-02
1.100108946585211470e+03	2.634633690075371959e-01	1.700757461724833330e-01	2.463301104904002947e-01	1.477365941193356236e-01	7.100992218746386697e-02	2.832498316408746733e-02	7.305927485848752456e-02
1.101560277649308091e+03	2.632361301075051285e-01	1.699280982931263839e-01	2.464885542485510672e-01	1.478318545823502639e-01	7.105021598441632613e-02	2.834673365167608705e-02	7.311841313217007365e-02
1.103011608713404712e+03	2.630092786405482941e-01	1.697806971841129275e-01	2.466467053209072113e-01	1.479269604794070381e-01	7.109044697378728850e-02	2.836844965681720870e-02	7.317746174421536909e-02
1.104462939777501106e+03	2.627828139537315977e-01	1.696335424241314782e-01	2.468045642397358186e-01	1.480219120765209895e-01	7.113061525139470487e-02	2.839013123741620723e-02	7.323642081686458638e-02
1.105914270841597499e+03	2.625567353952138472e-01	1.694866335926001055e-01	2.469621315363457192e-01	1.481167096391497184e-01	7.117072091293151492e-02	2.841177845128093488e-02	7.329529047227360816e-02
1.107365601905694348e+03	2.623310423142458103e-01	1.693399702696652687e-01	2.471194077410890921e-01	1.482113534321953530e-01	7.121076405396545295e-02	2.843339135612190510e-02	7.335407083251255234e-02
1.108816932969790741e+03	2.621057340611685493e-01	1.691935520362006229e-01	2.472763933833632410e-01	1.483058437200062973e-01	7.125074476993888128e-02	2.845497000955242786e-02	7.341276201956543901e-02
1.110268264033887590e+03	2.618808099874113116e-01	1.690473784738056318e-01	2.474330889916122878e-01	1.484001807663790917e-01	7.129066315616863769e-02	2.847651446908879350e-02	7.347136415532970477e-02
1.111719595097984211e+03	2.616562694454900306e-01	1.689014491648043736e-01	2.475894950933287542e-01	1.484943648345602718e-01	7.133051930784577166e-02	2.849802479215042192e-02	7.352987736161588350e-02
1.113170926162080832e+03	2.614321117890051616e-01	1.687557636922442095e-01	2.477456122150551721e-01	1.485883961872482284e-01	7.137031332003550277e-02	2.851950103606003609e-02	7.358830176014714841e-02
1.114622257226177226e+03	2.612083363726402929e-01	1.686103216398946170e-01	2.479014408823858595e-01	1.486822750865949838e-01	7.141004528767699866e-02	2.854094325804382160e-02	7.364663747255892345e-02
1.116073588290273847e+03	2.609849425521598709e-01	1.684651225922458029e-01	2.480569816199685584e-01	1.487760017942078572e-01	7.144971530558326400e-02	2.856235151523157587e-02	7.370488462039853639e-02
1.117524919354370468e+03	2.607619296844077561e-01	1.683201661345075373e-01	2.482122349515059889e-01	1.488695765711515184e-01	7.148932346844101560e-02	2.858372586465689896e-02	7.376304332512477469e-02
1.118976250418467089e+03	2.605392971273052805e-01	1.681754518526078490e-01	2.483672013997576533e-01	1.489629996779494869e-01	7.152886987081048809e-02	2.860506636325731156e-02	7.382111370810746920e-02
1.120427581482563710e+03	2.603170442398493045e-01	1.680309793331918322e-01	2.485218814865412795e-01	1.490562713745860746e-01	7.156835460712539232e-02	2.862637306787446309e-02	7.387909589062716109e-02
1.121878912546660331e+03	2.600951703821107186e-01	1.678867481636203141e-01	2.486762757327347084e-01	1.491493919205081065e-01	7.160777777169279046e-02	2.864764603525425321e-02	7.393698999387468551e-02
1.123330243610756725e+03	2.598736749152322778e-01	1.677427579319686057e-01	2.488303846582773649e-01	1.492423615746265586e-01	7.164713945869292944e-02	2.866888532204702258e-02	7.399479613895079688e-02
1.124781574674853118e+03	2.596525572014271033e-01	1.675990082270252812e-01	2.489842087821719507e-01	1.493351805953185008e-01	7.168643976217922709e-02	2.869009098480769168e-02	7.405251444686576645e-02
1.126232905738949967e+03	2.594318166039769058e-01	1.674554986382910393e-01	2.491377486224860272e-01	1.494278492404285674e-01	7.172567877607807785e-02	2.871126307999593077e-02	7.411014503853897983e-02
1.127684236803046360e+03	2.592114524872299319e-01	1.673122287559772603e-01	2.492910046963537074e-01	1.495203677672707898e-01	7.176485659418885277e-02	2.873240166397632300e-02	7.416768803479861782e-02
1.129135567867143209e+03	2.589914642165993541e-01	1.671691981710048680e-01	2.494439775199773501e-01	1.496127364326303721e-01	7.180397331018380236e-02	2.875350679301851009e-02	7.422514355638119843e-02
1.130586898931239830e+03	2.587718511585614944e-01	1.670264064750031363e-01	2.495966676086290859e-01	1.497049554927652182e-01	7.184302901760790394e-02	2.877457852329736582e-02	7.428251172393125767e-02
1.132038229995336451e+03	2.585526126806538816e-01	1.668838532603083291e-01	2.497490754766524823e-01	1.497970252034077354e-01	7.188202380987891715e-02	2.879561691089314521e-02	7.433979265800094716e-02
1.133489561059432845e+03	2.583337481514737521e-01	1.667415381199625624e-01	2.499012016374640988e-01	1.498889458197664448e-01	7.192095778028721742e-02	2.881662201179165453e-02	7.439698647904965934e-02
1.134940892123529466e+03	2.581152569406761632e-01	1.665994606477125273e-01	2.500530466035552069e-01	1.499807175965276740e-01	7.195983102199576820e-02	2.883759388188439701e-02	7.445409330744369447e-02
1.136392223187626087e+03	2.578971384189719385e-01	1.664576204380082969e-01	2.502046108864934282e-01	1.500723407878571947e-01	7.199864362804007933e-02	2.885853257696873245e-02	7.451111326345583041e-02
1.137843554251722708e+03	2.576793919581262804e-01	1.663160170860020493e-01	2.503558949969241776e-01	1.501638156474018049e-01	7.203739569132817933e-02	2.887943815274805065e-02	7.456804646726496177e-02
1.139294885315819101e+03	2.574620169309569384e-01	1.661746501875468462e-01	2.505068994445724950e-01	1.502551424282910497e-01	7.207608730464050428e-02	2.890031066483190678e-02	7.462489303895578074e-02
1.140746216379915950e+03	2.572450127113322660e-01	1.660335193391953845e-01	2.506576247382444889e-01	1.503463213831388312e-01	7.211471856062992569e-02	2.892115016873619826e-02	7.468165309851840239e-02
1.142197547444012343e+03	2.570283786741695553e-01	1.658926241381989131e-01	2.508080713858291677e-01	1.504373527640449348e-01	7.215328955182166715e-02	2.894195671988331053e-02	7.473832676584797607e-02
1.143648878508108737e+03	2.568121141954334274e-01	1.657519641825058454e-01	2.509582398942995507e-01	1.505282368225967782e-01	7.219180037061331823e-02	2.896273037360226621e-02	7.479491416074432464e-02
1.145100209572205586e+03	2.565962186521337229e-01	1.656115390707606216e-01	2.511081307697149434e-01	1.506189738098708542e-01	7.223025110927480674e-02	2.898347118512890203e-02	7.485141540291162521e-02
1.146551540636302207e+03	2.563806914223241695e-01	1.654713484023024872e-01	2.512577445172220481e-01	1.507095639764343409e-01	7.226864185994832934e-02	2.900417920960601803e-02	7.490783061195800674e-02
1.148002871700398828e+03	2.561655318851003282e-01	1.653313917771642161e-01	2.514070816410567399e-01	1.508000075723468225e-01	7.230697271464840703e-02	2.902485450208352677e-02	7.496415990739525859e-02
1.149454202764495449e+03	2.559507394205979836e-01	1.651916687960710284e-01	2.515561426445457327e-01	1.508903048471617325e-01	7.234524376526181577e-02	2.904549711751860594e-02	7.502040340863842804e-02
1.150905533828591842e+03	2.557363134099912561e-01	1.650521790604392303e-01	2.517049280301080216e-01	1.509804560499278248e-01	7.238345510354760037e-02	2.906610711077586839e-02	7.507656123500550116e-02
1.152356864892688463e+03	2.555222532354911036e-01	1.649129221723751315e-01	2.518534382992563270e-01	1.510704614291909775e-01	7.242160682113708836e-02	2.908668453662751133e-02	7.513263350571704191e-02
1.153808195956785084e+03	2.553085582803434894e-01	1.647738977346737688e-01	2.520016739525993699e-01	1.511603212329954982e-01	7.245969900953387610e-02	2.910722944975346546e-02	7.518862033989584526e-02
1.155259527020881706e+03	2.550952279288274394e-01	1.646351053508176565e-01	2.521496354898424275e-01	1.512500357088857050e-01	7.249773176011382880e-02	2.912774190474155811e-02	7.524452185656663183e-02
1.156710858084978327e+03	2.548822615662536539e-01	1.644965446249757601e-01	2.522973234097898865e-01	1.513396051039075652e-01	7.253570516412508051e-02	2.914822195608765543e-02	7.530033817465568713e-02
1.158162189149074720e+03	2.546696585789625100e-01	1.643582151620021081e-01	2.524447382103461868e-01	1.514290296646101097e-01	7.257361931268808963e-02	2.916866965819583588e-02	7.535606941299050066e-02
1.159613520213171569e+03	2.544574183543224510e-01	1.642201165674347096e-01	2.525918803885176533e-01	1.515183096370469884e-01	7.261147429679563892e-02	2.918908506537852207e-02	7.541171569029948840e-02
1.161064851277267962e+03	2.542455402807282105e-01	1.640822484474942500e-01	2.527387504404139396e-01	1.516074452667779127e-01	7.264927020731280771e-02	2.920946823185665772e-02	7.546727712521160425e-02
1.162516182341364356e+03	2.540340237475992580e-01	1.639446104090830636e-01	2.528853488612500255e-01	1.516964367988701545e-01	7.268700713497702748e-02	2.922981921175983600e-02	7.552275383625607630e-02
1.163967513405461204e+03	2.538228681453778002e-01	1.638072020597837741e-01	2.530316761453471064e-01	1.517852844779001287e-01	7.272468517039813729e-02	2.925013805912647646e-02	7.557814594186203216e-02
1.165418844469557826e+03	2.536120728655272827e-01	1.636700230078581841e-01	2.531777327861347016e-01	1.518739885479547802e-01	7.276230440405838384e-02	2.927042482790395694e-02	7.563345356035817979e-02
1.166870175533654447e+03	2.534016373005306133e-01	1.635330728622461371e-01	2.533235192761519872e-01	1.519625492526330279e-01	7.279986492631244921e-02	2.929067957194879043e-02	7.568867680997248826e-02
1.168321506597751068e+03	2.531915608438884968e-01	1.633963512325642131e-01	2.534690361070494058e-01	1.520509668350472632e-01	7.283736682738750634e-02	2.931090234502675002e-02	7.574381580883191023e-02
1.169772837661847461e+03	2.529818428901176586e-01	1.632598577291046738e-01	2.536142837695901098e-01	1.521392415378248486e-01	7.287481019738321908e-02	2.933109320081303886e-02	7.579887067496202113e-02
1.171224168725944082e+03	2.527724828347490682e-01	1.631235919628341025e-01	2.537592627536519041e-01	1.522273736031094504e-01	7.291219512627183930e-02	2.935125219289244636e-02	7.585384152628674159e-02
1.172675499790040703e+03	2.525634800743265518e-01	1.629875535453924884e-01	2.539039735482282456e-01	1.523153632725626205e-01	7.294952170389820689e-02	2.937137937475947647e-02	7.590872848062797662e-02
1.174126830854137097e+03	2.523548340064046269e-01	1.628517420890917833e-01	2.540484166414303524e-01	1.524032107873651010e-01	7.298679001997983307e-02	2.939147479981852468e-02	7.596353165570533805e-02
1.175578161918233945e+03	2.521465440295473370e-01	1.627161572069149298e-01	2.541925925204882031e-01	1.524909163882182672e-01	7.302400016410692807e-02	2.941153852138401678e-02	7.601825116913586700e-02
1.177029492982330339e+03	2.519386095433261419e-01	1.625807985125145294e-01	2.543365016717525906e-01	1.525784803153456270e-01	7.306115222574242896e-02	2.943157059268055459e-02	7.607288713843367300e-02
1.178480824046426733e+03	2.517310299483183633e-01	1.624456656202117877e-01	2.544801445806963436e-01	1.526659028084940972e-01	7.309824629422212450e-02	2.945157106684308246e-02	7.612743968100969816e-02
1.179932155110523581e+03	2.515238046461056309e-01	1.623107581449953207e-01	2.546235217319159916e-01	1.527531841069355578e-01	7.313528245875464129e-02	2.947153999691701914e-02	7.618190891417135624e-02
1.181383486174620202e+03	2.513169330392719392e-01	1.621760757025199062e-01	2.547666336091333195e-01	1.528403244494680735e-01	7.317226080842152702e-02	2.949147743585842779e-02	7.623629495512229681e-02
1.182834817238716823e+03	2.511104145314022040e-01	1.620416179091055120e-01	2.549094806951968106e-01	1.529273240744174200e-01	7.320918143217734764e-02	2.951138343653414431e-02	7.629059792096204440e-02
1.184286148302813444e+03	2.509042485270804868e-01	1.619073843817358804e-01	2.550520634720832569e-01	1.530141832196383889e-01	7.324604441884971506e-02	2.953125805172194390e-02	7.634481792868577643e-02
1.185737479366910065e+03	2.506984344318882729e-01	1.617733747380575571e-01	2.551943824208994238e-01	1.531009021225162026e-01	7.328284985713937050e-02	2.955110133411068679e-02	7.639895509518399019e-02
1.187188810431006686e+03	2.504929716524029182e-01	1.616395885963786416e-01	2.553364380218832719e-01	1.531874810199677917e-01	7.331959783562022603e-02	2.957091333630046392e-02	7.645300953724225301e-02
1.188640141495103080e+03	2.502878595961958164e-01	1.615060255756676777e-01	2.554782307544056219e-01	1.532739201484433489e-01	7.335628844273946181e-02	2.959069411080274270e-02	7.650698137154089695e-02
1.190091472559199701e+03	2.500830976718309007e-01	1.613726852955524593e-01	2.556197610969718759e-01	1.533602197439274117e-01	7.339292176681762314e-02	2.961044371004053002e-02	7.656087071465471350e-02
1.191542803623296322e+03	2.498786852888628951e-01	1.612395673763189485e-01	2.557610295272233492e-01	1.534463800419404167e-01	7.342949789604863442e-02	2.963016218634849722e-02	7.661467768305274539e-02
1.192994134687392716e+03	2.496746218578357601e-01	1.611066714389100540e-01	2.559020365219387139e-01	1.535324012775399483e-01	7.346601691849993787e-02	2.964984959197315348e-02	7.666840239309796745e-02
1.194445465751489564e+03	2.494709067902808330e-01	1.609739971049244933e-01	2.560427825570356641e-01	1.536182836853220712e-01	7.350247892211252132e-02	2.966950597907296733e-02	7.672204496104698124e-02
1.195896796815585958e+03	2.492675394987153292e-01	1.608415439966156546e-01	2.561832681075724705e-01	1.537040274994226630e-01	7.353888399470104309e-02	2.968913139971854354e-02	7.677560550304982079e-02
1.197348127879682352e+03	2.490645193966406212e-01	1.607093117368904867e-01	2.563234936477492565e-01	1.537896329535188289e-01	7.357523222395388751e-02	2.970872590589275150e-02	7.682908413514963342e-02
1.198799458943779200e+03	2.488618458985406567e-01	1.605772999493083331e-01	2.564634596509098863e-01	1.538751002808299850e-01	7.361152369743326207e-02	2.972828954949087096e-02	7.688248097328245767e-02
1.200250790007875821e+03	2.486595184198802655e-01	1.604455082580797387e-01	2.566031665895431302e-01	1.539604297141194400e-01	7.364775850257528067e-02	2.974782238232075507e-02	7.693579613327689026e-02
1.201702121071972442e+03	2.484575363771034939e-01	1.603139362880653951e-01	2.567426149352843301e-01	1.540456214856954220e-01	7.368393672669006078e-02	2.976732445610295874e-02	7.698902973085387791e-02
1.203153452136069063e+03	2.482558991876319954e-01	1.601825836647749468e-01	2.568818051589168427e-01	1.541306758274126332e-01	7.372005845696177895e-02	2.978679582247088786e-02	7.704218188162648140e-02
1.204604783200165684e+03	2.480546062698634202e-01	1.600514500143659091e-01	2.570207377303736496e-01	1.542155929706733042e-01	7.375612378044883732e-02	2.980623653297096234e-02	7.709525270109957029e-02
1.206056114264262078e+03	2.478536570431697228e-01	1.599205349636424744e-01	2.571594131187385779e-01	1.543003731464286377e-01	7.379213278408384979e-02	2.982564663906274796e-02	7.714824230466958699e-02
1.207507445328358699e+03	2.476530509278955516e-01	1.597898381400544576e-01	2.572978317922482994e-01	1.543850165851800293e-01	7.382808555467385014e-02	2.984502619211909860e-02	7.720115080762431081e-02
1.208958776392455093e+03	2.474527873453566673e-01	1.596593591716960470e-01	2.574359942182933847e-01	1.544695235169803171e-01	7.386398217890030593e-02	2.986437524342630545e-02	7.725397832514259433e-02
1.210410107456551941e+03	2.472528657178382216e-01	1.595290976873048328e-01	2.575739008634199134e-01	1.545538941714350301e-01	7.389982274331925727e-02	2.988369384418425312e-02	7.730672497229415518e-02
1.211861438520648335e+03	2.470532854685932034e-01	1.593990533162605583e-01	2.577115521933309727e-01	1.546381287777036651e-01	7.393560733436138621e-02	2.990298204550654801e-02	7.735939086403925691e-02
1.213312769584745183e+03	2.468540460218408283e-01	1.592692256885841207e-01	2.578489486728882119e-01	1.547222275645009915e-01	7.397133603833215554e-02	2.992223989842067444e-02	7.741197611522858402e-02
1.214764100648841804e+03	2.466551468027648741e-01	1.591396144349362385e-01	2.579860907661133407e-01	1.548061907600981890e-01	7.400700894141189201e-02	2.994146745386813344e-02	7.746448084060289507e-02
1.216215431712937971e+03	2.464565872375120148e-01	1.590102191866166192e-01	2.581229789361894622e-01	1.548900185923241801e-01	7.404262612965586965e-02	2.996066476270458842e-02	7.751690515479281451e-02
1.217666762777034819e+03	2.462583667531904053e-01	1.588810395755625438e-01	2.582596136454626268e-01	1.549737112885668511e-01	7.407818768899446238e-02	2.997983187570001096e-02	7.756924917231865224e-02
1.219118093841131440e+03	2.460604847778678494e-01	1.587520752343480335e-01	2.583959953554433309e-01	1.550572690757741623e-01	7.411369370523321343e-02	2.999896884353882298e-02	7.762151300759013994e-02
1.220569424905228061e+03	2.458629407405702738e-01	1.586233257961825183e-01	2.585321245268081269e-01	1.551406921804555361e-01	7.414914426405291858e-02	3.001807571682003906e-02	7.767369677490618129e-02
1.222020755969324682e+03	2.456657340712801452e-01	1.584947908949098372e-01	2.586680016194007892e-01	1.552239808286829947e-01	7.418453945100977887e-02	3.003715254605741208e-02	7.772580058845468542e-02
1.223472087033421303e+03	2.454688642009348609e-01	1.583664701650071283e-01	2.588036270922339788e-01	1.553071352460922983e-01	7.421987935153553928e-02	3.005619938167957209e-02	7.777782456231224772e-02
1.224923418097517697e+03	2.452723305614251392e-01	1.582383632415836627e-01	2.589390014034907983e-01	1.553901556578842769e-01	7.425516405093753047e-02	3.007521627403017192e-02	7.782976881044406658e-02
1.226374749161614318e+03	2.450761325855934647e-01	1.581104697603797904e-01	2.590741250105259574e-01	1.554730422888259411e-01	7.429039363439877974e-02	3.009420327336803300e-02	7.788163344670358257e-02
1.227826080225710712e+03	2.448802697072323953e-01	1.579827893577658293e-01	2.592089983698677158e-01	1.555557953632517587e-01	7.432556818697819145e-02	3.011316042986728059e-02	7.793341858483238127e-02
1.229277411289807560e+03	2.446847413610830635e-01	1.578553216707410112e-01	2.593436219372187157e-01	1.556384151050647369e-01	7.436068779361060255e-02	3.013208779361749648e-02	7.798512433845990188e-02
1.230728742353903954e+03	2.444895469828335388e-01	1.577280663369322045e-01	2.594779961674580360e-01	1.557209017377376437e-01	7.439575253910693520e-02	3.015098541462384735e-02	7.803675082110327066e-02
1.232180073418000802e+03	2.442946860091173011e-01	1.576010229945930263e-01	2.596121215146423022e-01	1.558032554843142292e-01	7.443076250815425232e-02	3.016985334280723741e-02	7.808829814616705112e-02
1.233631404482097196e+03	2.441001578775115477e-01	1.574741912826026491e-01	2.597459984320072413e-01	1.558854765674103637e-01	7.446571778531596575e-02	3.018869162800443678e-02	7.813976642694310526e-02
1.235082735546193817e+03	2.439059620265357498e-01	1.573475708404647178e-01	2.598796273719691796e-01	1.559675652092152032e-01	7.450061845503186397e-02	3.020750031996824458e-02	7.819115577661030214e-02
1.236534066610290438e+03	2.437120978956499595e-01	1.572211613083062953e-01	2.600130087861263206e-01	1.560495216314923272e-01	7.453546460161830645e-02	3.022627946836760338e-02	7.824246630823442072e-02
1.237985397674387059e+03	2.435185649252532836e-01	1.570949623268767248e-01	2.601461431252604095e-01	1.561313460555809329e-01	7.457025630926829296e-02	3.024502912278776226e-02	7.829369813476784457e-02
1.239436728738483680e+03	2.433253625566822731e-01	1.569689735375464912e-01	2.602790308393380658e-01	1.562130387023969447e-01	7.460499366205157468e-02	3.026374933273040177e-02	7.834485136904942304e-02
1.240888059802580301e+03	2.431324902322095083e-01	1.568431945823062779e-01	2.604116723775122821e-01	1.562945997924342356e-01	7.463967674391482066e-02	3.028244014761378305e-02	7.839592612380430481e-02
1.242339390866676695e+03	2.429399473950417665e-01	1.567176251037658286e-01	2.605440681881237008e-01	1.563760295457656269e-01	7.467430563868174276e-02	3.030110161677288319e-02	7.844692251164368801e-02
1.243790721930773088e+03	2.427477334893186622e-01	1.565922647451527538e-01	2.606762187187023350e-01	1.564573281820442197e-01	7.470888043005313728e-02	3.031973378945953396e-02	7.849784064506465375e-02
1.245242052994869937e+03	2.425558479601110651e-01	1.564671131503116153e-01	2.608081244159686785e-01	1.565384959205043114e-01	7.474340120160710699e-02	3.033833671484257102e-02	7.854868063644997178e-02
1.246693384058966330e+03	2.423642902534194066e-01	1.563421699637027595e-01	2.609397857258354270e-01	1.566195329799627278e-01	7.477786803679911665e-02	3.035691044200795885e-02	7.859944259806794786e-02
1.248144715123063179e+03	2.421730598161722925e-01	1.562174348304012084e-01	2.610712030934087546e-01	1.567004395788197113e-01	7.481228101896217342e-02	3.037545501995894334e-02	7.865012664207221560e-02
1.249596046187159800e+03	2.419821560962248375e-01	1.560929073960957147e-01	2.612023769629898684e-01	1.567812159350603085e-01	7.484664023130692401e-02	3.039397049761617675e-02	7.870073288050151439e-02
1.251047377251256421e+03	2.417915785423571384e-01	1.559685873070875417e-01	2.613333077780761737e-01	1.568618622662552031e-01	7.488094575692175181e-02	3.041245692381786686e-02	7.875126142527963391e-02
1.252498708315352815e+03	2.416013266042728036e-01	1.558444742102894909e-01	2.614639959813629955e-01	1.569423787895620481e-01	7.491519767877297120e-02	3.043091434731991229e-02	7.880171238821509494e-02
1.253950039379449436e+03	2.414113997325972871e-01	1.557205677532247923e-01	2.615944420147447991e-01	1.570227657217264094e-01	7.494939607970488304e-02	3.044934281679603783e-02	7.885208588100107996e-02
1.255401370443546057e+03	2.412217973788763625e-01	1.555968675840261051e-01	2.617246463193168005e-01	1.571030232790829317e-01	7.498354104243996898e-02	3.046774238083794009e-02	7.890238201521519723e-02
1.256852701507642678e+03	2.410325189955746517e-01	1.554733733514342964e-01	2.618546093353761317e-01	1.571831516775564208e-01	7.501763264957896082e-02	3.048611308795541250e-02	7.895260090231935590e-02
1.258304032571739299e+03	2.408435640360740981e-01	1.553500847047975530e-01	2.619843315024235619e-01	1.572631511326629816e-01	7.505167098360100708e-02	3.050445498657649787e-02	7.900274265365958559e-02
1.259755363635835920e+03	2.406549319546723298e-01	1.552270012940701882e-01	2.621138132591645520e-01	1.573430218595109897e-01	7.508565612686381174e-02	3.052276812504760642e-02	7.905280738046584210e-02
1.261206694699932314e+03	2.404666222065812153e-01	1.551041227698116698e-01	2.622430550435109753e-01	1.574227640728022015e-01	7.511958816160371755e-02	3.054105255163366839e-02	7.910279519385188252e-02
1.262658025764028707e+03	2.402786342479252546e-01	1.549814487831855381e-01	2.623720572925823946e-01	1.575023779868328644e-01	7.515346716993590026e-02	3.055930831451827631e-02	7.915270620481511255e-02
1.264109356828125556e+03	2.400909675357401352e-01	1.548589789859583232e-01	2.625008204427075054e-01	1.575818638154947715e-01	7.518729323385443808e-02	3.057753546180379256e-02	7.920254052423637836e-02
1.265560687892221949e+03	2.399036215279711226e-01	1.547367130304986016e-01	2.626293449294254123e-01	1.576612217722763165e-01	7.522106643523250591e-02	3.059573404151151935e-02	7.925229826287988333e-02
1.267012018956318798e+03	2.397165956834716449e-01	1.546146505697757190e-01	2.627576311874871839e-01	1.577404520702635760e-01	7.525478685582244476e-02	3.061390410158181322e-02	7.930197953139295208e-02
1.268463350020415419e+03	2.395298894620016272e-01	1.544927912573589301e-01	2.628856796508572957e-01	1.578195549221413085e-01	7.528845457725594215e-02	3.063204568987422730e-02	7.935158444030593339e-02
1.269914681084511813e+03	2.393435023242261595e-01	1.543711347474163442e-01	2.630134907527147958e-01	1.578985305401940653e-01	7.532206968104417089e-02	3.065015885416765007e-02	7.940111310003206135e-02
1.271366012148608434e+03	2.391574337317138588e-01	1.542496806947137866e-01	2.631410649254549150e-01	1.579773791363071334e-01	7.535563224857787235e-02	3.066824364216043028e-02	7.945056562086721952e-02
1.272817343212705055e+03	2.389716831469352876e-01	1.541284287546138276e-01	2.632684026006904543e-01	1.580561009219677293e-01	7.538914236112752298e-02	3.068630010147052264e-02	7.949994211298994085e-02
1.274268674276801676e+03	2.387862500332615934e-01	1.540073785830746722e-01	2.633955042092528953e-01	1.581346961082659153e-01	7.542260009984347313e-02	3.070432827963561970e-02	7.954924268646111629e-02
1.275720005340898297e+03	2.386011338549629823e-01	1.538865298366491330e-01	2.635223701811942321e-01	1.582131649058956535e-01	7.545600554575609964e-02	3.072232822411328709e-02	7.959846745122396705e-02
1.277171336404994690e+03	2.384163340772071094e-01	1.537658821724837421e-01	2.636490009457878592e-01	1.582915075251558334e-01	7.548935877977590303e-02	3.074029998228109198e-02	7.964761651710383639e-02
1.278622667469091539e+03	2.382318501660577181e-01	1.536454352483174746e-01	2.637753969315304037e-01	1.583697241759513263e-01	7.552265988269363239e-02	3.075824360143674871e-02	7.969668999380809249e-02
1.280073998533187932e+03	2.380476815884729758e-01	1.535251887224808598e-01	2.639015585661428909e-01	1.584478150677940123e-01	7.555590893518049356e-02	3.077615912879824028e-02	7.974568799092594806e-02
1.281525329597284326e+03	2.378638278123041128e-01	1.534051422538949272e-01	2.640274862765720765e-01	1.585257804098037238e-01	7.558910601778824623e-02	3.079404661150396405e-02	7.979461061792836318e-02
1.282976660661381175e+03	2.376802883062938687e-01	1.532852955020701513e-01	2.641531804889920010e-01	1.586036204107092729e-01	7.562225121094930114e-02	3.081190609661284968e-02	7.984345798416794815e-02
1.284427991725477568e+03	2.374970625400750490e-01	1.531656481271054804e-01	2.642786416288051554e-01	1.586813352788495335e-01	7.565534459497691433e-02	3.082973763110450835e-02	7.989223019887875532e-02
1.285879322789574417e+03	2.373141499841689150e-01	1.530461997896871984e-01	2.644038701206440356e-01	1.587589252221743574e-01	7.568838625006529819e-02	3.084754126187935763e-02	7.994092737117616809e-02
1.287330653853671038e+03	2.371315501099838796e-01	1.529269501510880092e-01	2.645288663883724745e-01	1.588363904482456013e-01	7.572137625628978796e-02	3.086531703575875682e-02	7.998954961005685926e-02
1.288781984917767431e+03	2.369492623898138417e-01	1.528078988731659260e-01	2.646536308550868077e-01	1.589137311642381256e-01	7.575431469360695280e-02	3.088306499948513181e-02	8.003809702439858287e-02
1.290233315981864052e+03	2.367672862968368819e-01	1.526890456183632727e-01	2.647781639431175393e-01	1.589909475769407665e-01	7.578720164185474839e-02	3.090078519972213125e-02	8.008656972296004928e-02
