1.001418434226643626e+03	2.798833827806720964e-01	1.807033440810965619e-01	2.348242813798149253e-01	1.408871005231848716e-01	6.811810402161663780e-02	2.676243219230740877e-02	6.882135502110511838e-02
1.002869765290740247e+03	2.796283472840716544e-01	1.805377810568734032e-01	2.350037038616241969e-01	1.409936061809976826e-01	6.816297402453991294e-02	2.678668483286991350e-02	6.888690275882081160e-02
1.004321096354836754e+03	2.793737458787375338e-01	1.803724955055248380e-01	2.351827945245461016e-01	1.410999378502479362e-01	6.820777467558125640e-02	2.681089880525619820e-02	6.895235275990369006e-02
1.005772427418933376e+03	2.791195778341585276e-01	1.802074869521103628e-01	2.353615539750662233e-01	1.412060958386037457e-01	6.825250607492872046e-02	2.683507417439281312e-02	6.901770515053720634e-02
1.007223758483029997e+03	2.788658424210431197e-01	1.800427549225146473e-01	2.355399828185679723e-01	1.413120804530215435e-01	6.829716832272597626e-02	2.685921100509709725e-02	6.908296005682725005e-02
1.008675089547126618e+03	2.786125389113178197e-01	1.798782989434461466e-01	2.357180816593346384e-01	1.414178919997491068e-01	6.834176151907019048e-02	2.688330936207736221e-02	6.914811760480238378e-02
1.010126420611223239e+03	2.783596665781248869e-01	1.797141185424355470e-01	2.358958511005514458e-01	1.415235307843287216e-01	6.838628576400994363e-02	2.690736930993307269e-02	6.921317792041391248e-02
1.011577751675319632e+03	2.781072246958207761e-01	1.795502132478345725e-01	2.360732917443074952e-01	1.416289971116004021e-01	6.843074115754319009e-02	2.693139091315501985e-02	6.927814112953610548e-02
1.013029082739416367e+03	2.778552125399735839e-01	1.793865825888142362e-01	2.362504041915977349e-01	1.417342912857048887e-01	6.847512779961531515e-02	2.695537423612552261e-02	6.934300735796625204e-02
1.014480413803512761e+03	2.776036293873614946e-01	1.792232260953636191e-01	2.364271890423250422e-01	1.418394136100867564e-01	6.851944579011713665e-02	2.697931934311859070e-02	6.940777673142484172e-02
1.015931744867609382e+03	2.773524745159707816e-01	1.790601432982883157e-01	2.366036468953021388e-01	1.419443643874974403e-01	6.856369522888311474e-02	2.700322629830011201e-02	6.947244937555557831e-02
1.017383075931706003e+03	2.771017472049936980e-01	1.788973337292090460e-01	2.367797783482535889e-01	1.420491439199981776e-01	6.860787621568942285e-02	2.702709516572803991e-02	6.953702541592553243e-02
1.018834406995802851e+03	2.768514467348264785e-01	1.787347969205602127e-01	2.369555839978178535e-01	1.421537525089629772e-01	6.865198885025224074e-02	2.705092600935256331e-02	6.960150497802512770e-02
1.020285738059899245e+03	2.766015723870676735e-01	1.785725324055885133e-01	2.371310644395491496e-01	1.422581904550816179e-01	6.869603323222595037e-02	2.707471889301629395e-02	6.966588818726822396e-02
1.021737069123995752e+03	2.763521234445158181e-01	1.784105397183514963e-01	2.373062202679194765e-01	1.423624580583625066e-01	6.874000946120148448e-02	2.709847388045444339e-02	6.973017516899218671e-02
1.023188400188092373e+03	2.761030991911676558e-01	1.782488183937160631e-01	2.374810520763206423e-01	1.424665556181355652e-01	6.878391763670463344e-02	2.712219103529500339e-02	6.979436604845783154e-02
1.024639731252188767e+03	2.758544989122160840e-01	1.780873679673571353e-01	2.376555604570661506e-01	1.425704834330550896e-01	6.882775785819444936e-02	2.714587042105892287e-02	6.985846095084947971e-02
1.026091062316285615e+03	2.756063218940485449e-01	1.779261879757562115e-01	2.378297460013930886e-01	1.426742418011024971e-01	6.887153022506170563e-02	2.716951210116029525e-02	6.992246000127493033e-02
1.027542393380382237e+03	2.753585674242445824e-01	1.777652779561998964e-01	2.380036092994642638e-01	1.427778310195892408e-01	6.891523483662731486e-02	2.719311613890652499e-02	6.998636332476546040e-02
1.028993724444478858e+03	2.751112347915740663e-01	1.776046374467785960e-01	2.381771509403700082e-01	1.428812513851594468e-01	6.895887179214083007e-02	2.721668259749851840e-02	7.005017104627576929e-02
1.030445055508575479e+03	2.748643232859954155e-01	1.774442659863850191e-01	2.383503715121301492e-01	1.429845031937927724e-01	6.900244119077905691e-02	2.724021154003085365e-02	7.011388329068395098e-02
1.031896386572671872e+03	2.746178321986534332e-01	1.772841631147127894e-01	2.385232716016959797e-01	1.430875867408069879e-01	6.904594313164455488e-02	2.726370302949196120e-02	7.017750018279143853e-02
1.033347717636768493e+03	2.743717608218774751e-01	1.771243283722550577e-01	2.386958517949522296e-01	1.431905023208608074e-01	6.908937771376433279e-02	2.728715712876429722e-02	7.024102184732292087e-02
1.034799048700865114e+03	2.741261084491795619e-01	1.769647613003030862e-01	2.388681126767188134e-01	1.432932502279563869e-01	6.913274503608843324e-02	2.731057390062453447e-02	7.030444840892630110e-02
1.036250379764961508e+03	2.738808743752521591e-01	1.768054614409448611e-01	2.390400548307530237e-01	1.433958307554420997e-01	6.917604519748864200e-02	2.733395340774371837e-02	7.036777999217259938e-02
1.037701710829058356e+03	2.736360578959666223e-01	1.766464283370636490e-01	2.392116788397511962e-01	1.434982441960151178e-01	6.921927829675726673e-02	2.735729571268746135e-02	7.043101672155581416e-02
1.039153041893154750e+03	2.733916583083709217e-01	1.764876615323366094e-01	2.393829852853507911e-01	1.436004908417239379e-01	6.926244443260581862e-02	2.738060087791611627e-02	7.049415872149289441e-02
1.040604372957251599e+03	2.731476749106879764e-01	1.763291605712335175e-01	2.395539747481322534e-01	1.437025709839710175e-01	6.930554370366383277e-02	2.740386896578494297e-02	7.055720611632354533e-02
1.042055704021347992e+03	2.729041070023134341e-01	1.761709249990151827e-01	2.397246478076209553e-01	1.438044849135152736e-01	6.934857620847770243e-02	2.742710003854429562e-02	7.062015903031018671e-02
1.043507035085444613e+03	2.726609538838141167e-01	1.760129543617322267e-01	2.398950050422889724e-01	1.439062329204746360e-01	6.939154204550949945e-02	2.745029415833978581e-02	7.068301758763777254e-02
1.044958366149541234e+03	2.724182148569258000e-01	1.758552482062235578e-01	2.400650470295571937e-01	1.440078152943284895e-01	6.943444131313585010e-02	2.747345138721247679e-02	7.074578191241363834e-02
1.046409697213637855e+03	2.721758892245513262e-01	1.756978060801150654e-01	2.402347743457970419e-01	1.441092323239201722e-01	6.947727410964689432e-02	2.749657178709903962e-02	7.080845212866740401e-02
1.047861028277734476e+03	2.719339762907587721e-01	1.755406275318183162e-01	2.404041875663324168e-01	1.442104842974595569e-01	6.952004053324517541e-02	2.751965541983193361e-02	7.087102836035076570e-02
1.049312359341831097e+03	2.716924753607794507e-01	1.753837121105289998e-01	2.405732872654416099e-01	1.443115715025251600e-01	6.956274068204464089e-02	2.754270234713958668e-02	7.093351073133738471e-02
1.050763690405927491e+03	2.714513857410062458e-01	1.752270593662256515e-01	2.407420740163591921e-01	1.444124942260669175e-01	6.960537465406961555e-02	2.756571263064656538e-02	7.099589936542267943e-02
1.052215021470024112e+03	2.712107067389910586e-01	1.750706688496682373e-01	2.409105483912778456e-01	1.445132527544083778e-01	6.964794254725381606e-02	2.758868633187374492e-02	7.105819438632367258e-02
1.053666352534120733e+03	2.709704376634436973e-01	1.749145401123969046e-01	2.410787109613503065e-01	1.446138473732491436e-01	6.969044445943943511e-02	2.761162351223848607e-02	7.112039591767881086e-02
1.055117683598217127e+03	2.707305778242293792e-01	1.747586727067304835e-01	2.412465622966911138e-01	1.447142783676670930e-01	6.973288048837615605e-02	2.763452423305481215e-02	7.118250408304774290e-02
1.056569014662313975e+03	2.704911265323671210e-01	1.746030661857650712e-01	2.414141029663786076e-01	1.448145460221209047e-01	6.977525073172032022e-02	2.765738855553358244e-02	7.124451900591115272e-02
1.058020345726410369e+03	2.702520831000277401e-01	1.744477201033728386e-01	2.415813335384568161e-01	1.449146506204521678e-01	6.981755528703396940e-02	2.768021654078265531e-02	7.130644080967057929e-02
1.059471676790506763e+03	2.700134468405319121e-01	1.742926340142005592e-01	2.417482545799371219e-01	1.450145924458878244e-01	6.985979425178406865e-02	2.770300824980706164e-02	7.136826961764815291e-02
1.060923007854603611e+03	2.697752170683483386e-01	1.741378074736683046e-01	2.419148666568003148e-01	1.451143717810424727e-01	6.990196772334161812e-02	2.772576374350919221e-02	7.143000555308648414e-02
1.062374338918700232e+03	2.695373930990918598e-01	1.739832400379679456e-01	2.420811703339983967e-01	1.452139889079204216e-01	6.994407579898088978e-02	2.774848308268895031e-02	7.149164873914830298e-02
1.063825669982796853e+03	2.692999742495214011e-01	1.738289312640619866e-01	2.422471661754563022e-01	1.453134441079181050e-01	6.998611857587859475e-02	2.777116632804393914e-02	7.155319929891637565e-02
1.065277001046893474e+03	2.690629598375383624e-01	1.736748807096821778e-01	2.424128547440739523e-01	1.454127376618262468e-01	7.002809615111314778e-02	2.779381354016961445e-02	7.161465735539319921e-02
1.066728332110990095e+03	2.688263491821844542e-01	1.735210879333280443e-01	2.425782366017279479e-01	1.455118698498320817e-01	7.007000862166389010e-02	2.781642477955948572e-02	7.167602303150077958e-02
1.068179663175086489e+03	2.685901416036400313e-01	1.733675524942656088e-01	2.427433123092734568e-01	1.456108409515214641e-01	7.011185608441043715e-02	2.783900010660525157e-02	7.173729645008045108e-02
1.069630994239183110e+03	2.683543364232220396e-01	1.732142739525260877e-01	2.429080824265460459e-01	1.457096512458811444e-01	7.015363863613190143e-02	2.786153958159699046e-02	7.179847773389257115e-02
1.071082325303279504e+03	2.681189329633821283e-01	1.730612518689045032e-01	2.430725475123634849e-01	1.458083010113008227e-01	7.019535637350621249e-02	2.788404326472333772e-02	7.185956700561632604e-02
1.072533656367376352e+03	2.678839305477049293e-01	1.729084858049582951e-01	2.432367081245276619e-01	1.459067905255753694e-01	7.023700939310950631e-02	2.790651121607162777e-02	7.192056438784942551e-02
1.073984987431472746e+03	2.676493285009061696e-01	1.727559753230061279e-01	2.434005648198262206e-01	1.460051200659068238e-01	7.027859779141544527e-02	2.792894349562809186e-02	7.198147000310795018e-02
1.075436318495569594e+03	2.674151261488305065e-01	1.726037199861264193e-01	2.435641181540346423e-01	1.461032899089066972e-01	7.032012166479457982e-02	2.795134016327801077e-02	7.204228397382599069e-02
1.076887649559666215e+03	2.671813228184500288e-01	1.724517193581560637e-01	2.437273686819178276e-01	1.462013003305978054e-01	7.036158110951373779e-02	2.797370127880589863e-02	7.210300642235548119e-02
1.078338980623762609e+03	2.669479178378621476e-01	1.722999730036890720e-01	2.438903169572320395e-01	1.462991516064165443e-01	7.040297622173551095e-02	2.799602690189565216e-02	7.216363747096586623e-02
1.079790311687859230e+03	2.667149105362878747e-01	1.721484804880752950e-01	2.440529635327266800e-01	1.463968440112148051e-01	7.044430709751751951e-02	2.801831709213073104e-02	7.222417724184390653e-02
1.081241642751955851e+03	2.664823002440699362e-01	1.719972413774189801e-01	2.442153089601460936e-01	1.464943778192621393e-01	7.048557383281200961e-02	2.804057190899432797e-02	7.228462585709337362e-02
1.082692973816052472e+03	2.662500862926707179e-01	1.718462552385776054e-01	2.443773537902313164e-01	1.465917533042476739e-01	7.052677652346522885e-02	2.806279141186952819e-02	7.234498343873478621e-02
1.084144304880149093e+03	2.660182680146706002e-01	1.716955216391604921e-01	2.445390985727219912e-01	1.466889707392821929e-01	7.056791526521691282e-02	2.808497566003948648e-02	7.240525010870516032e-02
1.085595635944245487e+03	2.657868447437661263e-01	1.715450401475274445e-01	2.447005438563580881e-01	1.467860303969000801e-01	7.060899015369979936e-02	2.810712471268758672e-02	7.246542598885770403e-02
1.087046967008342108e+03	2.655558158147681147e-01	1.713948103327874173e-01	2.448616901888816533e-01	1.468829325490613180e-01	7.065000128443907346e-02	2.812923862889761539e-02	7.252551120096156767e-02
1.088498298072438729e+03	2.653251805635997163e-01	1.712448317647973506e-01	2.450225381170387240e-01	1.469796774671535133e-01	7.069094875285195090e-02	2.815131746765391768e-02	7.258550586670158011e-02
1.089949629136535123e+03	2.650949383272946380e-01	1.710951040141606427e-01	2.451830881865809664e-01	1.470762654219937293e-01	7.073183265424717869e-02	2.817336128784158136e-02	7.264541010767794349e-02
1.091400960200631971e+03	2.648650884439952558e-01	1.709456266522260404e-01	2.453433409422676459e-01	1.471726966838305672e-01	7.077265308382459097e-02	2.819537014824658600e-02	7.270522404540595562e-02
1.092852291264728365e+03	2.646356302529509485e-01	1.707963992510861673e-01	2.455032969278671540e-01	1.472689715223459705e-01	7.081341013667465101e-02	2.821734410755597638e-02	7.276494780131576023e-02
1.094303622328825213e+03	2.644065630945159340e-01	1.706474213835763309e-01	2.456629566861590064e-01	1.473650902066572232e-01	7.085410390777804879e-02	2.823928322435803259e-02	7.282458149675202774e-02
1.095754953392921607e+03	2.641778863101477692e-01	1.704986926232731903e-01	2.458223207589355364e-01	1.474610530053187818e-01	7.089473449200525690e-02	2.826118755714242259e-02	7.288412525297369160e-02
1.097206284457018228e+03	2.639495992424052417e-01	1.703502125444934234e-01	2.459813896870035599e-01	1.475568601863241902e-01	7.093530198411616972e-02	2.828305716430038266e-02	7.294357919115365685e-02
1.098657615521114849e+03	2.637217012349467593e-01	1.702019807222924508e-01	2.461401640101863464e-01	1.476525120171079952e-01	7.097580647875971482e-02	2.830489210412487008e-02	7.300294343237850869e-02
1.100108946585211470e+03	2.634941916325284073e-01	1.700539967324631307e-01	2.462986442673251730e-01	1.477480087645474949e-01	7.101624807047340893e-02	2.832669243481072963e-02	7.306221809764823494e-02
1.101560277649308091e+03	2.632670697810021165e-01	1.699062601515345383e-01	2.464568309962813508e-01	1.478433506949647369e-01	7.105662685368308029e-02	2.834845821445487052e-02	7.312140330787593456e-02
1.103011608713404712e+03	2.630403350273138874e-01	1.697587705567704941e-01	2.466147247339376125e-01	1.479385380741282396e-01	7.109694292270246629e-02	2.837018950105641216e-02	7.318049918388752628e-02
1.104462939777501106e+03	2.628139867195019019e-01	1.696115275261684818e-01	2.467723260162001664e-01	1.480335711672548238e-01	7.113719637173289423e-02	2.839188635251685758e-02	7.323950584642145711e-02
1.105914270841597499e+03	2.625880242066948589e-01	1.694645306384582051e-01	2.469296353780003339e-01	1.481284502390115276e-01	7.117738729486296212e-02	2.841354882664025999e-02	7.329842341612841095e-02
1.107365601905694348e+03	2.623624468391099751e-01	1.693177794731004493e-01	2.470866533532962706e-01	1.482231755535172724e-01	7.121751578606816402e-02	2.843517698113337197e-02	7.335725201357101710e-02
1.108816932969790741e+03	2.621372539680512648e-01	1.691712736102856107e-01	2.472433804750748254e-01	1.483177473743447494e-01	7.125758193921064021e-02	2.845677087360582933e-02	7.341599175922358667e-02
1.110268264033887590e+03	2.619124449459077630e-01	1.690250126309325862e-01	2.473998172753530955e-01	1.484121659645221414e-01	7.129758584803885801e-02	2.847833056157030029e-02	7.347464277347176553e-02
1.111719595097984211e+03	2.616880191261515831e-01	1.688789961166874132e-01	2.475559642851803688e-01	1.485064315865348983e-01	7.133752760618732036e-02	2.849985610244264514e-02	7.353320517661227074e-02
1.113170926162080832e+03	2.614639758633363620e-01	1.687332236499220206e-01	2.477118220346396227e-01	1.486005445023275140e-01	7.137740730717627435e-02	2.852134755354208268e-02	7.359167908885264064e-02
1.114622257226177226e+03	2.612403145130950399e-01	1.685876948137329245e-01	2.478673910528494950e-01	1.486945049733052471e-01	7.141722504441150310e-02	2.854280497209135681e-02	7.365006463031086026e-02
1.116073588290273847e+03	2.610170344321386948e-01	1.684424091919399513e-01	2.480226718679658660e-01	1.487883132603358693e-01	7.145698091118399264e-02	2.856422841521689612e-02	7.370836192101512530e-02
1.117524919354370468e+03	2.607941349782541551e-01	1.682973663690850441e-01	2.481776650071836066e-01	1.488819696237513590e-01	7.149667500066973769e-02	2.858561793994896308e-02	7.376657108090352299e-02
1.118976250418467089e+03	2.605716155103025011e-01	1.681525659304309583e-01	2.483323709967382997e-01	1.489754743233496215e-01	7.153630740592945014e-02	2.860697360322183441e-02	7.382469222982374069e-02
1.120427581482563710e+03	2.603494753882171775e-01	1.680080074619598740e-01	2.484867903619079887e-01	1.490688276183962380e-01	7.157587821990835097e-02	2.862829546187395380e-02	7.388272548753280211e-02
1.121878912546660331e+03	2.601277139730021615e-01	1.678636905503723964e-01	2.486409236270148981e-01	1.491620297676260753e-01	7.161538753543597591e-02	2.864958357264808103e-02	7.394067097369674824e-02
1.123330243610756725e+03	2.599063306267304085e-01	1.677196147830860296e-01	2.487947713154270435e-01	1.492550810292450625e-01	7.165483544522592563e-02	2.867083799219147244e-02	7.399852880789035969e-02
1.124781574674853118e+03	2.596853247125419095e-01	1.675757797482340661e-01	2.489483339495600911e-01	1.493479816609317168e-01	7.169422204187565761e-02	2.869205877705601967e-02	7.405629910959682372e-02
1.126232905738949967e+03	2.594646955946419697e-01	1.674321850346642826e-01	2.491016120508789122e-01	1.494407319198389206e-01	7.173354741786629185e-02	2.871324598369843009e-02	7.411398199820751209e-02
1.127684236803046360e+03	2.592444426382991551e-01	1.672888302319376908e-01	2.492546061398993873e-01	1.495333320625955587e-01	7.177281166556244429e-02	2.873439966848037250e-02	7.417157759302163422e-02
1.129135567867143209e+03	2.590245652098439599e-01	1.671457149303273437e-01	2.494073167361901544e-01	1.496257823453081282e-01	7.181201487721200483e-02	2.875551988766864367e-02	7.422908601324595956e-02
1.130586898931239830e+03	2.588050626766668638e-01	1.670028387208170317e-01	2.495597443583740804e-01	1.497180830235623761e-01	7.185115714494597072e-02	2.877660669743532101e-02	7.428650737799455395e-02
1.132038229995336451e+03	2.585859344072163890e-01	1.668602011950999497e-01	2.497118895241302317e-01	1.498102343524249092e-01	7.189023856077833563e-02	2.879766015385792563e-02	7.434384180628844652e-02
1.133489561059432845e+03	2.583671797709975460e-01	1.667178019455776428e-01	2.498637527501953726e-01	1.499022365864448036e-01	7.192925921660581201e-02	2.881868031291957843e-02	7.440108941705539380e-02
1.134940892123529466e+03	2.581487981385700570e-01	1.665756405653586181e-01	2.500153345523657422e-01	1.499940899796551874e-01	7.196821920420780339e-02	2.883966723050915629e-02	7.445825032912956054e-02
1.136392223187626087e+03	2.579307888815464689e-01	1.664337166482571795e-01	2.501666354454987196e-01	1.500857947855749608e-01	7.200711861524614066e-02	2.886062096242145505e-02	7.451532466125120047e-02
1.137843554251722708e+03	2.577131513725905432e-01	1.662920297887921783e-01	2.503176559435144055e-01	1.501773512572101565e-01	7.204595754126502660e-02	2.888154156435734574e-02	7.457231253206644817e-02
1.139294885315819101e+03	2.574958849854154241e-01	1.661505795821856535e-01	2.504683965593975103e-01	1.502687596470557163e-01	7.208473607369085545e-02	2.890242909192393406e-02	7.462921406012697212e-02
1.140746216379915950e+03	2.572789890947819735e-01	1.660093656243618043e-01	2.506188578051988247e-01	1.503600202070969338e-01	7.212345430383210187e-02	2.892328360063470619e-02	7.468602936388969715e-02
1.142197547444012343e+03	2.570624630764968277e-01	1.658683875119456030e-01	2.507690401920370515e-01	1.504511331888110370e-01	7.216211232287919608e-02	2.894410514590969180e-02	7.474275856171655463e-02
1.143648878508108737e+03	2.568463063074107877e-01	1.657276448422617121e-01	2.509189442301003603e-01	1.505420988431687979e-01	7.220071022190441279e-02	2.896489378307563409e-02	7.479940177187416328e-02
1.145100209572205586e+03	2.566305181654172096e-01	1.655871372133330410e-01	2.510685704286482189e-01	1.506329174206359756e-01	7.223924809186173246e-02	2.898564956736612852e-02	7.485595911253357937e-02
1.146551540636302207e+03	2.564150980294501170e-01	1.654468642238797194e-01	2.512179192960127261e-01	1.507235891711748710e-01	7.227772602358677190e-02	2.900637255392178246e-02	7.491243070176997754e-02
1.148002871700398828e+03	2.562000452794822580e-01	1.653068254733177644e-01	2.513669913396005540e-01	1.508141143442459364e-01	7.231614410779663160e-02	2.902706279779037474e-02	7.496881665756241486e-02
1.149454202764495449e+03	2.559853592965237734e-01	1.651670205617579157e-01	2.515157870658946693e-01	1.509044931888091079e-01	7.235450243508990964e-02	2.904772035392701179e-02	7.502511709779353943e-02
1.150905533828591842e+03	2.557710394626203643e-01	1.650274490900044411e-01	2.516643069804556099e-01	1.509947259533254982e-01	7.239280109594646573e-02	2.906834527719427685e-02	7.508133214024927116e-02
1.152356864892688463e+03	2.555570851608512384e-01	1.648881106595537493e-01	2.518125515879235943e-01	1.510848128857587847e-01	7.243104018072746286e-02	2.908893762236238606e-02	7.513746190261859359e-02
1.153808195956785084e+03	2.553434957753278889e-01	1.647490048725934186e-01	2.519605213920198539e-01	1.511747542335767358e-01	7.246921977967522854e-02	2.910949744410935500e-02	7.519350650249324863e-02
1.155259527020881706e+03	2.551302706911919849e-01	1.646101313320008086e-01	2.521082168955485203e-01	1.512645502437526546e-01	7.250733998291317151e-02	2.913002479702114095e-02	7.524946605736744509e-02
1.156710858084978327e+03	2.549174092946138170e-01	1.644714896413419225e-01	2.522556386003979578e-01	1.513542011627668493e-01	7.254540088044576784e-02	2.915051973559179554e-02	7.530534068463762276e-02
1.158162189149074720e+03	2.547049109727905769e-01	1.643330794048702415e-01	2.524027870075425950e-01	1.514437072366081882e-01	7.258340256215843611e-02	2.917098231422362437e-02	7.536113050160214710e-02
1.159613520213171569e+03	2.544927751139444694e-01	1.641949002275253366e-01	2.525496626170445347e-01	1.515330687107754315e-01	7.262134511781752344e-02	2.919141258722734306e-02	7.541683562546108721e-02
1.161064851277267962e+03	2.542810011073213805e-01	1.640569517149318979e-01	2.526962659280553303e-01	1.516222858302787579e-01	7.265922863707020840e-02	2.921181060882222652e-02	7.547245617331589662e-02
1.162516182341364356e+03	2.540695883431888236e-01	1.639192334733983458e-01	2.528425974388173736e-01	1.517113588396411805e-01	7.269705320944450100e-02	2.923217643313626157e-02	7.552799226216916351e-02
1.163967513405461204e+03	2.538585362128342737e-01	1.637817451099158328e-01	2.529886576466657822e-01	1.518002879828999618e-01	7.273481892434914553e-02	2.925251011420629960e-02	7.558344400892434700e-02
1.165418844469557826e+03	2.536478441085637248e-01	1.636444862321567717e-01	2.531344470480297315e-01	1.518890735036080575e-01	7.277252587107363446e-02	2.927281170597821613e-02	7.563881153038556904e-02
1.166870175533654447e+03	2.534375114236996351e-01	1.635074564484738924e-01	2.532799661384342316e-01	1.519777156448355315e-01	7.281017413878809741e-02	2.929308126230704620e-02	7.569409494325726739e-02
1.168321506597751068e+03	2.532275375525794847e-01	1.633706553678989093e-01	2.534252154125017920e-01	1.520662146491709998e-01	7.284776381654335664e-02	2.931331883695715776e-02	7.574929436414397366e-02
1.169772837661847461e+03	2.530179218905539984e-01	1.632340826001414114e-01	2.535701953639539763e-01	1.521545707587229346e-01	7.288529499327081607e-02	2.933352448360239742e-02	7.580440990955006342e-02
1.171224168725944082e+03	2.528086638339855363e-01	1.630977377555875574e-01	2.537149064856131231e-01	1.522427842151211907e-01	7.292276775778247511e-02	2.935369825582622230e-02	7.585944169587945096e-02
1.172675499790040703e+03	2.525997627802461509e-01	1.629616204452990491e-01	2.538593492694037890e-01	1.523308552595183107e-01	7.296018219877090094e-02	2.937384020712189084e-02	7.591438983943543661e-02
1.174126830854137097e+03	2.523912181277162547e-01	1.628257302810117990e-01	2.540035242063544141e-01	1.524187841325908843e-01	7.299753840480925626e-02	2.939395039089257033e-02	7.596925445642034591e-02
1.175578161918233945e+03	2.521830292757826775e-01	1.626900668751348478e-01	2.541474317865989874e-01	1.525065710745410197e-01	7.303483646435116050e-02	2.941402886045152085e-02	7.602403566293533532e-02
1.177029492982330339e+03	2.519751956248370006e-01	1.625546298407491430e-01	2.542910724993786564e-01	1.525942163250976202e-01	7.307207646573080084e-02	2.943407566902222702e-02	7.607873357498010081e-02
1.178480824046426733e+03	2.517677165762741143e-01	1.624194187916063181e-01	2.544344468330431153e-01	1.526817201235177723e-01	7.310925849716289060e-02	2.945409086973855423e-02	7.613334830845271128e-02
1.179932155110523581e+03	2.515605915324902186e-01	1.622844333421276375e-01	2.545775552750527138e-01	1.527690827085881331e-01	7.314638264674261370e-02	2.947407451564490466e-02	7.618787997914924781e-02
1.181383486174620202e+03	2.513538198968814363e-01	1.621496731074026365e-01	2.547203983119794013e-01	1.528563043186262072e-01	7.318344900244569406e-02	2.949402665969635268e-02	7.624232870276366480e-02
1.182834817238716823e+03	2.511474010738419804e-01	1.620151377031881779e-01	2.548629764295088362e-01	1.529433851914817621e-01	7.322045765212835400e-02	2.951394735475881825e-02	7.629669459488747085e-02
1.184286148302813444e+03	2.509413344687625447e-01	1.618808267459070915e-01	2.550052901124416627e-01	1.530303255645381055e-01	7.325740868352734192e-02	2.953383665360918495e-02	7.635097777100949279e-02
1.185737479366910065e+03	2.507356194880285272e-01	1.617467398526470923e-01	2.551473398446952867e-01	1.531171256747134446e-01	7.329430218425991850e-02	2.955369460893547684e-02	7.640517834651569529e-02
1.187188810431006686e+03	2.505302555390185870e-01	1.616128766411595585e-01	2.552891261093053199e-01	1.532037857584621632e-01	7.333113824182389828e-02	2.957352127333699385e-02	7.645929643668891718e-02
1.188640141495103080e+03	2.503252420301028125e-01	1.614792367298585052e-01	2.554306493884272444e-01	1.532903060517762373e-01	7.336791694359760807e-02	2.959331669932446091e-02	7.651333215670855226e-02
1.190091472559199701e+03	2.501205783706412222e-01	1.613458197378191961e-01	2.555719101633380230e-01	1.533766867901863729e-01	7.340463837683997017e-02	2.961308093932017715e-02	7.656728562165046603e-02
1.191542803623296322e+03	2.499162639709817946e-01	1.612126252847772279e-01	2.557129089144376533e-01	1.534629282087634772e-01	7.344130262869048853e-02	2.963281404565816859e-02	7.662115694648660713e-02
1.192994134687392716e+03	2.497122982424591908e-01	1.610796529911271424e-01	2.558536461212506663e-01	1.535490305421198798e-01	7.347790978616927648e-02	2.965251607058433034e-02	7.667494624608488241e-02
1.194445465751489564e+03	2.495086805973929789e-01	1.609469024779215385e-01	2.559941222624277368e-01	1.536349940244105539e-01	7.351445993617705676e-02	2.967218706625657579e-02	7.672865363520892101e-02
1.195896796815585958e+03	2.493054104490858569e-01	1.608143733668696285e-01	2.561343378157472928e-01	1.537208188893345873e-01	7.355095316549521700e-02	2.969182708474498583e-02	7.678227922851779685e-02
1.197348127879682352e+03	2.491024872118222100e-01	1.606820652803362670e-01	2.562742932581171251e-01	1.538065053701362095e-01	7.358738956078585136e-02	2.971143617803195455e-02	7.683582314056577878e-02
1.198799458943779200e+03	2.488999103008663338e-01	1.605499778413407297e-01	2.564139890655757203e-01	1.538920536996062349e-01	7.362376920859176055e-02	2.973101439801233842e-02	7.688928548580224731e-02
1.200250790007875821e+03	2.486976791324608249e-01	1.604181106735556861e-01	2.565534257132941476e-01	1.539774641100833119e-01	7.366009219533649344e-02	2.975056179649359853e-02	7.694266637857129221e-02
1.201702121071972442e+03	2.484957931238250262e-01	1.602864634013058120e-01	2.566926036755773910e-01	1.540627368334551162e-01	7.369635860732440258e-02	2.977007842519594633e-02	7.699596593311164305e-02
1.203153452136069063e+03	2.482942516931532784e-01	1.601550356495669292e-01	2.568315234258659596e-01	1.541478721011596276e-01	7.373256853074069972e-02	2.978956433575249974e-02	7.704918426355630845e-02
1.204604783200165684e+03	2.480930542596133659e-01	1.600238270439646449e-01	2.569701854367374416e-01	1.542328701441864347e-01	7.376872205165140028e-02	2.980901957970942193e-02	7.710232148393253437e-02
1.206056114264262078e+03	2.478922002433449345e-01	1.598928372107733531e-01	2.571085901799081141e-01	1.543177311930778728e-01	7.380481925600351767e-02	2.982844420852605663e-02	7.715537770816140173e-02
1.207507445328358699e+03	2.476916890654577708e-01	1.597620657769149577e-01	2.572467381262343311e-01	1.544024554779303560e-01	7.384086022962496609e-02	2.984783827357509814e-02	7.720835305005778471e-02
1.208958776392455093e+03	2.474915201480301918e-01	1.596315123699579008e-01	2.573846297457142440e-01	1.544870432283954598e-01	7.387684505822469938e-02	2.986720182614270927e-02	7.726124762332998996e-02
1.210410107456551941e+03	2.472916929141074915e-01	1.595011766181159418e-01	2.575222655074893008e-01	1.545714946736813367e-01	7.391277382739271096e-02	2.988653491742869484e-02	7.731406154157964561e-02
1.211861438520648335e+03	2.470922067877003026e-01	1.593710581502469636e-01	2.576596458798458000e-01	1.546558100425537985e-01	7.394864662260010324e-02	2.990583759854661614e-02	7.736679491830146527e-02
1.213312769584745183e+03	2.468930611937829867e-01	1.592411565958519459e-01	2.577967713302162789e-01	1.547399895633375932e-01	7.398446352919921254e-02	2.992510992052396443e-02	7.741944786688302604e-02
1.214764100648841804e+03	2.466942555582920249e-01	1.591114715850738270e-01	2.579336423251812338e-01	1.548240334639175708e-01	7.402022463242351191e-02	2.994435193430227196e-02	7.747202050060457423e-02
1.216215431712937971e+03	2.464957893081243245e-01	1.589820027486963105e-01	2.580702593304705084e-01	1.549079419717399042e-01	7.405593001738780545e-02	2.996356369073729931e-02	7.752451293263887266e-02
1.217666762777034819e+03	2.462976618711358034e-01	1.588527497181428383e-01	2.582066228109649031e-01	1.549917153138132275e-01	7.409157976908821441e-02	2.998274524059913598e-02	7.757692527605090926e-02
1.219118093841131440e+03	2.460998726761395861e-01	1.587237121254753414e-01	2.583427332306977298e-01	1.550753537167099683e-01	7.412717397240226047e-02	3.000189663457237046e-02	7.762925764379777216e-02
1.220569424905228061e+03	2.459024211529045600e-01	1.585948896033932409e-01	2.584785910528563102e-01	1.551588574065673465e-01	7.416271271208893512e-02	3.002101792325622548e-02	7.768151014872839988e-02
1.222020755969324682e+03	2.457053067321537665e-01	1.584662817852322825e-01	2.586141967397834751e-01	1.552422266090886793e-01	7.419819607278876905e-02	3.004010915716470026e-02	7.773368290358344257e-02
1.223472087033421303e+03	2.455085288455625958e-01	1.583378883049633978e-01	2.587495507529789518e-01	1.553254615495445190e-01	7.423362413902387380e-02	3.005917038672670932e-02	7.778577602099502608e-02
1.224923418097517697e+03	2.453120869257575110e-01	1.582097087971915950e-01	2.588846535531011961e-01	1.554085624527738740e-01	7.426899699519802500e-02	3.007820166228624553e-02	7.783778961348658543e-02
1.226374749161614318e+03	2.451159804063143266e-01	1.580817428971549310e-01	2.590195055999686136e-01	1.554915295431852085e-01	7.430431472559674566e-02	3.009720303410249459e-02	7.788972379347267050e-02
1.227826080225710712e+03	2.449202087217565438e-01	1.579539902407232910e-01	2.591541073525612804e-01	1.555743630447578296e-01	7.433957741438732003e-02	3.011617455234998769e-02	7.794157867325875177e-02
1.229277411289807560e+03	2.447247713075537678e-01	1.578264504643973332e-01	2.592884592690223311e-01	1.556570631810428318e-01	7.437478514561896015e-02	3.013511626711875419e-02	7.799335436504102603e-02
1.230728742353903954e+03	2.445296676001203207e-01	1.576991232053073788e-01	2.594225618066594574e-01	1.557396301751643730e-01	7.440993800322280582e-02	3.015402822841444994e-02	7.804505098090624982e-02
1.232180073418000802e+03	2.443348970368135198e-01	1.575720081012123019e-01	2.595564154219464625e-01	1.558220642498207575e-01	7.444503607101202181e-02	3.017291048615849958e-02	7.809666863283157290e-02
1.233631404482097196e+03	2.441404590559320131e-01	1.574451047904983914e-01	2.596900205705246489e-01	1.559043656272855460e-01	7.448007943268186715e-02	3.019176309018824916e-02	7.814820743268431624e-02
1.235082735546193817e+03	2.439463530967144744e-01	1.573184129121783792e-01	2.598233777072045947e-01	1.559865345294088601e-01	7.451506817180977849e-02	3.021058609025709107e-02	7.819966749222186098e-02
1.236534066610290438e+03	2.437525785993377436e-01	1.571919321058901364e-01	2.599564872859673748e-01	1.560685711776182982e-01	7.455000237185548106e-02	3.022937953603461667e-02	7.825104892309138471e-02
1.237985397674387059e+03	2.435591350049155224e-01	1.570656620118957847e-01	2.600893497599660042e-01	1.561504757929201570e-01	7.458488211616101649e-02	3.024814347710675505e-02	7.830235183682976441e-02
1.239436728738483680e+03	2.433660217554965421e-01	1.569396022710804750e-01	2.602219655815273258e-01	1.562322485959004859e-01	7.461970748795085373e-02	3.026687796297590147e-02	7.835357634486332656e-02
1.240888059802580301e+03	2.431732382940632597e-01	1.568137525249513331e-01	2.603543352021531199e-01	1.563138898067263360e-01	7.465447857033194468e-02	3.028558304306107340e-02	7.840472255850777783e-02
1.242339390866676695e+03	2.429807840645301642e-01	1.566881124156364047e-01	2.604864590725217144e-01	1.563953996451466766e-01	7.468919544629389062e-02	3.030425876669804591e-02	7.845579058896798297e-02
1.243790721930773088e+03	2.427886585117421392e-01	1.565626815858834342e-01	2.606183376424893727e-01	1.564767783304936988e-01	7.472385819870891455e-02	3.032290518313948344e-02	7.850678054733775668e-02
1.245242052994869937e+03	2.425968610814731030e-01	1.564374596790589766e-01	2.607499713610920700e-01	1.565580260816837321e-01	7.475846691033201374e-02	3.034152234155508554e-02	7.855769254459979423e-02
1.246693384058966330e+03	2.424053912204243988e-01	1.563124463391471208e-01	2.608813606765466031e-01	1.566391431172184934e-01	7.479302166380105699e-02	3.036011029103172568e-02	7.860852669162539386e-02
1.248144715123063179e+03	2.422142483762231013e-01	1.561876412107485179e-01	2.610125060362523119e-01	1.567201296551860579e-01	7.482752254163684003e-02	3.037866908057358997e-02	7.865928309917440131e-02
1.249596046187159800e+03	2.420234319974206016e-01	1.560630439390793267e-01	2.611434078867924113e-01	1.568009859132619699e-01	7.486196962624319662e-02	3.039719875910230559e-02	7.870996187789500165e-02
1.251047377251256421e+03	2.418329415334911914e-01	1.559386541699700202e-01	2.612740666739355455e-01	1.568817121087103528e-01	7.489636299990705404e-02	3.041569937545710381e-02	7.876056313832355271e-02
1.252498708315352815e+03	2.416427764348301754e-01	1.558144715498644417e-01	2.614044828426371758e-01	1.569623084583849915e-01	7.493070274479859960e-02	3.043417097839493102e-02	7.881108699088446023e-02
1.253950039379449436e+03	2.414529361527526508e-01	1.556904957258185840e-01	2.615346568370413016e-01	1.570427751787303594e-01	7.496498894297129456e-02	3.045261361659060140e-02	7.886153354588998354e-02
1.255401370443546057e+03	2.412634201394918410e-01	1.555667263454996729e-01	2.616645891004815150e-01	1.571231124857827011e-01	7.499922167636199899e-02	3.047102733863692875e-02	7.891190291354015229e-02
1.256852701507642678e+03	2.410742278481975975e-01	1.554431630571849188e-01	2.617942800754826660e-01	1.572033205951711421e-01	7.503340102679108281e-02	3.048941219304487568e-02	7.896219520392254443e-02
1.258304032571739299e+03	2.408853587329347901e-01	1.553198055097606556e-01	2.619237302037624726e-01	1.572833997221186053e-01	7.506752707596250906e-02	3.050776822824366810e-02	7.901241052701214740e-02
1.259755363635835920e+03	2.406968122486818629e-01	1.551966533527210645e-01	2.620529399262326864e-01	1.573633500814430597e-01	7.510159990546393105e-02	3.052609549258095134e-02	7.906254899267126102e-02
1.261206694699932314e+03	2.405085878513293363e-01	1.550737062361672580e-01	2.621819096830007578e-01	1.574431718875584085e-01	7.513561959676680335e-02	3.054439403432292893e-02	7.911261071064931705e-02
1.262658025764028707e+03	2.403206849976781689e-01	1.549509638108061138e-01	2.623106399133712241e-01	1.575228653544756274e-01	7.516958623122643735e-02	3.056266390165447364e-02	7.916259579058274043e-02
1.264109356828125556e+03	2.401331031454383702e-01	1.548284257279493870e-01	2.624391310558470969e-01	1.576024306958036802e-01	7.520349989008215386e-02	3.058090514267930091e-02	7.921250434199481050e-02
1.265560687892221949e+03	2.399458417532273624e-01	1.547060916395123498e-01	2.625673835481313612e-01	1.576818681247507403e-01	7.523736065445733867e-02	3.059911780542006951e-02	7.926233647429553608e-02
1.267012018956318798e+03	2.397589002805685376e-01	1.545839611980130424e-01	2.626953978271284740e-01	1.577611778541250509e-01	7.527116860535958132e-02	3.061730193781854112e-02	7.931209229678146122e-02
1.268463350020415419e+03	2.395722781878897034e-01	1.544620340565710515e-01	2.628231743289456968e-01	1.578403600963360909e-01	7.530492382368077220e-02	3.063545758773570868e-02	7.936177191863560965e-02
1.269914681084511813e+03	2.393859749365216394e-01	1.543403098689064556e-01	2.629507134888946496e-01	1.579194150633954352e-01	7.533862639019717200e-02	3.065358480295192478e-02	7.941137544892731825e-02
1.271366012148608434e+03	2.391999899886965708e-01	1.542187882893388262e-01	2.630780157414925879e-01	1.579983429669179207e-01	7.537227638556955045e-02	3.067168363116704738e-02	7.946090299661207057e-02
1.272817343212705055e+03	2.390143228075465864e-01	1.540974689727862001e-01	2.632050815204639571e-01	1.580771440181225895e-01	7.540587389034328347e-02	3.068975412000056815e-02	7.951035467053141348e-02
1.274268674276801676e+03	2.388289728571022230e-01	1.539763515747639144e-01	2.633319112587416688e-01	1.581558184278337165e-01	7.543941898494845033e-02	3.070779631699175130e-02	7.955973057941280457e-02
1.275720005340898297e+03	2.386439396022909110e-01	1.538554357513836623e-01	2.634585053884689887e-01	1.582343664064818078e-01	7.547291174969994465e-02	3.072581026959976883e-02	7.960903083186950113e-02
1.277171336404994690e+03	2.384592225089355588e-01	1.537347211593523832e-01	2.635848643410003134e-01	1.583127881641045731e-01	7.550635226479754381e-02	3.074379602520382199e-02	7.965825553640040746e-02
1.278622667469091539e+03	2.382748210437529157e-01	1.536142074559712634e-01	2.637109885469030579e-01	1.583910839103480073e-01	7.553974061032610321e-02	3.076175363110329741e-02	7.970740480138997774e-02
1.280073998533187932e+03	2.380907346743522668e-01	1.534938942991347643e-01	2.638368784359587660e-01	1.584692538544672236e-01	7.557307686625557019e-02	3.077968313451787466e-02	7.975647873510809116e-02
1.281525329597284326e+03	2.379069628692337957e-01	1.533737813473294298e-01	2.639625344371648863e-01	1.585472982053276469e-01	7.560636111244116442e-02	3.079758458258768580e-02	7.980547744570992696e-02
1.282976660661381175e+03	2.377235050977871134e-01	1.532538682596329416e-01	2.640879569787358827e-01	1.586252171714058745e-01	7.563959342862344726e-02	3.081545802237343340e-02	7.985440104123582572e-02
1.284427991725477568e+03	2.375403608302898428e-01	1.531341546957130095e-01	2.642131464881047331e-01	1.587030109607906470e-01	7.567277389442843283e-02	3.083330350085652580e-02	7.990324962961123378e-02
1.285879322789574417e+03	2.373575295379061478e-01	1.530146403158264556e-01	2.643381033919244838e-01	1.587806797811838755e-01	7.570590258936771288e-02	3.085112106493920550e-02	7.995202331864649514e-02
1.287330653853671038e+03	2.371750106926851231e-01	1.528953247808181037e-01	2.644628281160693595e-01	1.588582238399016133e-01	7.573897959283855397e-02	3.086891076144469837e-02	8.000072221603682365e-02
1.288781984917767431e+03	2.369928037675594346e-01	1.527762077521197803e-01	2.645873210856365398e-01	1.589356433438749994e-01	7.577200498412402230e-02	3.088667263711732808e-02	8.004934642936215039e-02
1.290233315981864052e+03	2.368109082363438200e-01	1.526572888917492044e-01	2.647115827249472142e-01	1.590129384996512019e-01	7.580497884239309481e-02	3.090440673862265841e-02	8.009789606608702650e-02
