1.001418434226643626e+03	2.799122162181547635e-01	1.806811269255685082e-01	2.348147994354271018e-01	1.408997045276876026e-01	6.811323403427975431e-02	2.676186793416438295e-02	6.881705092451444183e-02
1.003837319333471214e+03	2.794876584881390014e-01	1.804051471489544756e-01	2.351133241129529095e-01	1.410773360145274047e-01	6.818804117758946182e-02	2.680226643916810286e-02	6.892622661846518894e-02
1.006256204440298802e+03	2.790643038777128604e-01	1.801299381790691934e-01	2.354109264067266727e-01	1.412544849789461043e-01	6.826265675256079635e-02	2.684255772399994286e-02	6.903513208078095043e-02
1.008675089547126618e+03	2.786421490172734106e-01	1.798554978160210316e-01	2.357076091427147413e-01	1.414311528301112064e-01	6.833708121013747083e-02	2.688274208838172322e-02	6.914376789515688793e-02
1.011093974653954206e+03	2.782211905465674096e-01	1.795818238662996169e-01	2.360033751382255574e-01	1.416073409719036669e-01	6.841131500107815178e-02	2.692281983119614724e-02	6.925213464452591172e-02
1.013512859760782021e+03	2.778014251146663227e-01	1.793089141427569588e-01	2.362982272019369667e-01	1.417830508029557790e-01	6.848535857592645548e-02	2.696279125048911887e-02	6.936023291106482858e-02
1.015931744867609382e+03	2.773828493799413430e-01	1.790367664645889090e-01	2.365921681339232807e-01	1.419582837166885048e-01	6.855921238498217940e-02	2.700265664347209493e-02	6.946806327620005939e-02
1.018350629974437197e+03	2.769654600100385222e-01	1.787653786573163706e-01	2.368852007256824210e-01	1.421330411013481954e-01	6.863287687827357431e-02	2.704241630652437847e-02	6.957562632061287111e-02
1.020769515081264785e+03	2.765492536818537350e-01	1.784947485527668409e-01	2.371773277601626762e-01	1.423073243400426180e-01	6.870635250553080997e-02	2.708207053519545021e-02	6.968292262424419237e-02
1.023188400188092373e+03	2.761342270815078659e-01	1.782248739890557876e-01	2.374685520117895965e-01	1.424811348107763720e-01	6.877963971616034289e-02	2.712161962420726533e-02	6.978995276629908207e-02
1.025607285294920075e+03	2.757203769043219399e-01	1.779557528105682185e-01	2.377588762464926397e-01	1.426544738864856943e-01	6.885273895922047749e-02	2.716106386745656409e-02	6.989671732525074010e-02
1.028026170401747549e+03	2.753076998547924203e-01	1.776873828679402523e-01	2.380483032217316219e-01	1.428273429350728485e-01	6.892565068339773227e-02	2.720040355801716520e-02	7.000321687884419886e-02
1.030445055508575479e+03	2.748961926465663952e-01	1.774197620180407442e-01	2.383368356865231963e-01	1.429997433194397649e-01	6.899837533698423286e-02	2.723963898814224516e-02	7.010945200409965383e-02
1.032863940615402726e+03	2.744858520024167636e-01	1.771528881239529674e-01	2.386244763814671932e-01	1.431716763975212914e-01	6.907091336785591007e-02	2.727877044926662470e-02	7.021542327731547517e-02
1.035282825722230655e+03	2.740766746542176446e-01	1.768867590549563773e-01	2.389112280387727105e-01	1.433431435223177786e-01	6.914326522345171089e-02	2.731779823200906204e-02	7.032113127407087216e-02
1.037701710829058356e+03	2.736686573429198410e-01	1.766213726865084321e-01	2.391970933822843148e-01	1.435141460419272486e-01	6.921543135075351738e-02	2.735672262617449418e-02	7.042657656922825249e-02
1.040120595935886058e+03	2.732617968185260260e-01	1.763567269002264126e-01	2.394820751275079651e-01	1.436846852995771473e-01	6.928741219626688430e-02	2.739554392075632672e-02	7.053175973693535938e-02
1.042539481042713533e+03	2.728560898400663737e-01	1.760928195838692700e-01	2.397661759816367977e-01	1.438547626336554586e-01	6.935920820600258163e-02	2.743426240393867510e-02	7.063668135062703413e-02
1.044958366149541234e+03	2.724515331755738567e-01	1.758296486313196960e-01	2.400493986435769667e-01	1.440243793777413461e-01	6.943081982545888653e-02	2.747287836309862674e-02	7.074134198302681198e-02
1.047377251256368709e+03	2.720481236020600990e-01	1.755672119425660538e-01	2.403317458039733456e-01	1.441935368606355183e-01	6.950224749960454140e-02	2.751139208480847878e-02	7.084574220614821283e-02
1.049796136363196410e+03	2.716458579054906730e-01	1.753055074236845312e-01	2.406132201452348685e-01	1.443622364063900099e-01	6.957349167286240588e-02	2.754980385483797936e-02	7.094988259129576813e-02
1.052215021470024112e+03	2.712447328807608971e-01	1.750445329868211830e-01	2.408938243415602309e-01	1.445304793343375471e-01	6.964455278909384428e-02	2.758811395815656195e-02	7.105376370906595074e-02
1.054633906576851814e+03	2.708447453316714659e-01	1.747842865501740561e-01	2.411735610589630929e-01	1.446982669591205806e-01	6.971543129158368213e-02	2.762632267893557966e-02	7.115738612934773000e-02
1.057052791683679516e+03	2.704458920709040815e-01	1.745247660379756760e-01	2.414524329552973358e-01	1.448656005907197897e-01	6.978612762302574546e-02	2.766443030055050836e-02	7.126075042132302972e-02
1.059471676790506763e+03	2.700481699199974717e-01	1.742659693804749776e-01	2.417304426802822370e-01	1.450324815344822271e-01	6.985664222550910796e-02	2.770243710558318792e-02	7.136385715346697800e-02
1.061890561897334692e+03	2.696515757093229659e-01	1.740078945139198474e-01	2.420075928755275607e-01	1.451989110911490743e-01	6.992697554050475439e-02	2.774034337582400103e-02	7.146670689354792105e-02
1.064309447004162394e+03	2.692561062780606251e-01	1.737505393805395260e-01	2.422838861745584271e-01	1.453648905568832306e-01	6.999712800885293795e-02	2.777814939227410060e-02	7.156930020862736774e-02
1.066728332110990095e+03	2.688617584741748723e-01	1.734939019285268447e-01	2.425593252028402647e-01	1.455304212232960415e-01	7.006710007075096780e-02	2.781585543514759548e-02	7.167163766505961486e-02
1.069147217217817570e+03	2.684685291543907892e-01	1.732379801120209617e-01	2.428339125778035124e-01	1.456955043774742775e-01	7.013689216574153784e-02	2.785346178387375013e-02	7.177371982849140020e-02
1.071566102324645271e+03	2.680764151841698584e-01	1.729827718910897649e-01	2.431076509088683502e-01	1.458601413020062521e-01	7.020650473270154124e-02	2.789096871709914258e-02	7.187554726386125026e-02
1.073984987431472746e+03	2.676854134376862593e-01	1.727282752317125247e-01	2.433805427974692626e-01	1.460243332750079670e-01	7.027593820983137063e-02	2.792837651268988489e-02	7.197712053539880028e-02
1.076403872538300675e+03	2.672955207978031655e-01	1.724744881057624912e-01	2.436525908370796023e-01	1.461880815701485925e-01	7.034519303464463469e-02	2.796568544773376380e-02	7.207844020662391993e-02
1.078822757645127922e+03	2.669067341560483198e-01	1.722214084909895748e-01	2.439237976132358765e-01	1.463513874566759465e-01	7.041426964395833266e-02	2.800289579854241262e-02	7.217950684034570019e-02
1.081241642751955851e+03	2.665190504125908855e-01	1.719690343710031377e-01	2.441941657035622271e-01	1.465142521994415026e-01	7.048316847388345907e-02	2.804000784065349000e-02	7.228032099866146809e-02
1.083660527858783553e+03	2.661324664762175218e-01	1.717173637352548132e-01	2.444636976777945503e-01	1.466766770589250646e-01	7.055188995981596933e-02	2.807702184883281368e-02	7.238088324295545439e-02
1.086079412965611255e+03	2.657469792643087914e-01	1.714663945790212973e-01	2.447323960978046720e-01	1.468386632912591361e-01	7.062043453642818935e-02	2.811393809707652194e-02	7.248119413389757237e-02
1.088498298072438729e+03	2.653625857028154567e-01	1.712161249033873067e-01	2.450002635176244670e-01	1.470002121482531232e-01	7.068880263766059990e-02	2.815075685861321078e-02	7.258125423144194677e-02
1.090917183179266431e+03	2.649792827262351658e-01	1.709665527152285092e-01	2.452673024834698401e-01	1.471613248774171767e-01	7.075699469671389852e-02	2.818747840590607456e-02	7.268106409482549823e-02
1.093336068286093905e+03	2.645970672775885824e-01	1.707176760271944260e-01	2.455335155337645958e-01	1.473220027219856731e-01	7.082501114604151937e-02	2.822410301065503974e-02	7.278062428256633354e-02
1.095754953392921607e+03	2.642159363083963486e-01	1.704694928576916957e-01	2.457989051991642249e-01	1.474822469209405573e-01	7.089285241734240295e-02	2.826063094379888466e-02	7.287993535246202470e-02
1.098173838499749309e+03	2.638358867786556039e-01	1.702220012308669483e-01	2.460634740025797740e-01	1.476420587090343239e-01	7.096051894155414042e-02	2.829706247551735943e-02	7.297899786158797142e-02
1.100592723606577010e+03	2.634569156568166148e-01	1.699751991765901526e-01	2.463272244592012994e-01	1.478014393168128049e-01	7.102801114884639555e-02	2.833339787523329878e-02	7.307781236629552757e-02
1.103011608713404712e+03	2.630790199197594603e-01	1.697290847304377126e-01	2.465901590765216533e-01	1.479603899706377068e-01	7.109532946861463198e-02	2.836963741161473845e-02	7.317637942221021097e-02
1.105430493820231959e+03	2.627021965527709946e-01	1.694836559336757031e-01	2.468522803543599098e-01	1.481189118927087323e-01	7.116247432947413187e-02	2.840578135257700726e-02	7.327469958422967722e-02
1.107849378927059888e+03	2.623264425495215879e-01	1.692389108332432168e-01	2.471135907848846514e-01	1.482770063010857009e-01	7.122944615925433376e-02	2.844182996528483651e-02	7.337277340652181845e-02
1.110268264033887590e+03	2.619517549120420896e-01	1.689948474817357660e-01	2.473740928526375338e-01	1.484346744097103377e-01	7.129624538499333697e-02	2.847778351615442780e-02	7.347060144252269553e-02
1.112687149140715292e+03	2.615781306507007353e-01	1.687514639373885739e-01	2.476337890345564063e-01	1.485919174284277000e-01	7.136287243293272520e-02	2.851364227085556244e-02	7.356818424493447028e-02
1.115106034247542766e+03	2.612055667841802209e-01	1.685087582640600878e-01	2.478926817999985710e-01	1.487487365630076330e-01	7.142932772851269541e-02	2.854940649431366578e-02	7.366552236572328216e-02
1.117524919354370468e+03	2.608340603394548873e-01	1.682667285312154648e-01	2.481507736107638196e-01	1.489051330151657249e-01	7.149561169636731162e-02	2.858507645071188888e-02	7.376261635611704170e-02
1.119943804461197942e+03	2.604636083517676282e-01	1.680253728139101677e-01	2.484080669211175818e-01	1.490611079825842344e-01	7.156172476032005014e-02	2.862065240349316586e-02	7.385946676660334886e-02
1.122362689568025871e+03	2.600942078646072408e-01	1.677846891927734230e-01	2.486645641778137128e-01	1.492166626589327694e-01	7.162766734337953911e-02	2.865613461536228521e-02	7.395607414692710602e-02
1.124781574674853118e+03	2.597258559296857783e-01	1.675446757539920672e-01	2.489202678201176411e-01	1.493717982338887418e-01	7.169343986773556165e-02	2.869152334828793671e-02	7.405243904608840855e-02
1.127200459781681047e+03	2.593585496069154561e-01	1.673053305892940323e-01	2.491751802798289062e-01	1.495265158931575189e-01	7.175904275475517013e-02	2.872681886350477581e-02	7.414856201234018562e-02
1.129619344888508749e+03	2.589922859643866704e-01	1.670666517959322472e-01	2.494293039813041402e-01	1.496808168184925458e-01	7.182447642497916118e-02	2.876202142151545321e-02	7.424444359318584097e-02
1.132038229995336451e+03	2.586270620783447938e-01	1.668286374766684010e-01	2.496826413414795498e-01	1.498347021877151353e-01	7.188974129811850911e-02	2.879713128209265838e-02	7.434008433537704630e-02
1.134457115102163925e+03	2.582628750331680267e-01	1.665912857397566504e-01	2.499351947698935927e-01	1.499881731747342017e-01	7.195483779305117400e-02	2.883214870428116652e-02	7.443548478491129883e-02
1.136876000208991627e+03	2.578997219213448044e-01	1.663545946989277435e-01	2.501869666687095428e-01	1.501412309495656072e-01	7.201976632781903476e-02	2.886707394639984742e-02	7.453064548702957592e-02
1.139294885315819101e+03	2.575375998434514813e-01	1.661185624733726718e-01	2.504379594327377778e-01	1.502938766783515068e-01	7.208452731962491922e-02	2.890190726604369501e-02	7.462556698621401752e-02
1.141713770422646803e+03	2.571765059081299598e-01	1.658831871877268771e-01	2.506881754494584835e-01	1.504461115233794444e-01	7.214912118482991188e-02	2.893664892008584316e-02	7.472024982618546973e-02
1.144132655529474505e+03	2.568164372320653754e-01	1.656484669720541814e-01	2.509376170990436639e-01	1.505979366431012823e-01	7.221354833895075875e-02	2.897129916467958838e-02	7.481469454990115342e-02
1.146551540636302207e+03	2.564573909399638918e-01	1.654143999618309380e-01	2.511862867543793731e-01	1.507493531921517693e-01	7.227780919665738324e-02	2.900585825526037081e-02	7.490890169955220779e-02
1.148970425743129908e+03	2.560993641645306074e-01	1.651809842979299892e-01	2.514341867810881981e-01	1.509003623213673317e-01	7.234190417177062404e-02	2.904032644654780046e-02	7.500287181656135893e-02
1.151389310849957155e+03	2.557423540464473510e-01	1.649482181266049841e-01	2.516813195375510182e-01	1.510509651778043916e-01	7.240583367726008412e-02	2.907470399254763124e-02	7.509660544158044959e-02
1.153808195956785084e+03	2.553863577343505886e-01	1.647160995994745858e-01	2.519276873749292656e-01	1.512011629047574912e-01	7.246959812524209066e-02	2.910899114655376291e-02	7.519010311448807993e-02
1.156227081063612786e+03	2.550313723848095515e-01	1.644846268735067063e-01	2.521732926371867967e-01	1.513509566417775010e-01	7.253319792697787705e-02	2.914318816115021860e-02	7.528336537438719278e-02
1.158645966170440488e+03	2.546773951623043653e-01	1.642537981110027967e-01	2.524181376611117078e-01	1.515003475246894660e-01	7.259663349287170941e-02	2.917729528821312243e-02	7.537639275960267282e-02
1.161064851277267962e+03	2.543244232392038451e-01	1.640236114795821931e-01	2.526622247763384843e-01	1.516493366856103420e-01	7.265990523246933230e-02	2.921131277891267364e-02	7.546918580767895957e-02
1.163483736384095664e+03	2.539724537957440686e-01	1.637940651521666569e-01	2.529055563053692612e-01	1.517979252529665646e-01	7.272301355445640048e-02	2.924524088371511718e-02	7.556174505537766040e-02
1.165902621490923138e+03	2.536214840200064491e-01	1.635651573069645537e-01	2.531481345635960278e-01	1.519461143515115908e-01	7.278595886665716053e-02	2.927907985238469360e-02	7.565407103867517746e-02
1.168321506597751068e+03	2.532715111078959747e-01	1.633368861274556716e-01	2.533899618593219993e-01	1.520939051023430799e-01	7.284874157603299372e-02	2.931282993398561312e-02	7.574616429276034846e-02
1.170740391704578315e+03	2.529225322631195594e-01	1.631092498023755388e-01	2.536310404937831553e-01	1.522412986229200738e-01	7.291136208868133350e-02	2.934649137688398468e-02	7.583802535203205963e-02
1.173159276811406244e+03	2.525745446971646158e-01	1.628822465257000474e-01	2.538713727611697779e-01	1.523882960270800391e-01	7.297382080983454145e-02	2.938006442874977961e-02	7.592965475009690046e-02
1.175578161918233945e+03	2.522275456292774054e-01	1.626558744966301318e-01	2.541109609486479903e-01	1.525348984250556594e-01	7.303611814385889411e-02	2.941354933655876067e-02	7.602105301976688767e-02
1.177997047025061647e+03	2.518815322864416117e-01	1.624301319195764204e-01	2.543498073363809620e-01	1.526811069234915719e-01	7.309825449425369492e-02	2.944694634659442839e-02	7.611222069305709215e-02
1.180415932131889122e+03	2.515365019033568017e-01	1.622050170041439976e-01	2.545879141975502802e-01	1.528269226254609647e-01	7.316023026365041371e-02	2.948025570444992929e-02	7.620315830118336298e-02
1.182834817238716823e+03	2.511924517224172759e-01	1.619805279651171659e-01	2.548252837983772667e-01	1.529723466304820090e-01	7.322204585381202058e-02	2.951347765502999876e-02	7.629386637456002374e-02
1.185253702345544298e+03	2.508493789936906415e-01	1.617566630224441249e-01	2.550619183981439608e-01	1.531173800345341784e-01	7.328370166563230592e-02	2.954661244255287617e-02	7.638434544279763816e-02
1.187672587452371999e+03	2.505072809748966067e-01	1.615334204012220387e-01	2.552978202492144910e-01	1.532620239300743481e-01	7.334519809913531141e-02	2.957966031055221309e-02	7.647459603470070644e-02
1.190091472559199701e+03	2.501661549313857758e-01	1.613107983316817984e-01	2.555329915970559473e-01	1.534062794060529478e-01	7.340653555347480264e-02	2.961262150187897804e-02	7.656461867826545864e-02
1.192510357666027403e+03	2.498259981361185544e-01	1.610887950491730336e-01	2.557674346802591980e-01	1.535501475479298938e-01	7.346771442693394993e-02	2.964549625870336810e-02	7.665441390067767591e-02
1.194929242772855105e+03	2.494868078696440838e-01	1.608674087941490694e-01	2.560011517305602058e-01	1.536936294376902434e-01	7.352873511692488429e-02	2.967828482251670327e-02	7.674398222831045613e-02
1.197348127879682352e+03	2.491485814200791182e-01	1.606466378121520211e-01	2.562341449728606779e-01	1.538367261538600150e-01	7.358959801998851691e-02	2.971098743413331383e-02	7.683332418672204900e-02
1.199767012986510281e+03	2.488113160830872084e-01	1.604264803537977513e-01	2.564664166252486610e-01	1.539794387715215929e-01	7.365030353179423395e-02	2.974360433369243120e-02	7.692244030065374660e-02
1.202185898093337983e+03	2.484750091618578016e-01	1.602069346747611311e-01	2.566979688990196351e-01	1.541217683623293533e-01	7.371085204713986871e-02	2.977613576066007531e-02	7.701133109402767685e-02
1.204604783200165684e+03	2.481396579670852864e-01	1.599879990357611637e-01	2.569288039986971084e-01	1.542637159945247916e-01	7.377124395995149353e-02	2.980858195383091075e-02	7.709999708994481893e-02
1.207023668306993159e+03	2.478052598169483145e-01	1.597696717025461344e-01	2.571589241220528232e-01	1.544052827329517874e-01	7.383147966328351686e-02	2.984094315133014111e-02	7.718843881068282453e-02
1.209442553413820860e+03	2.474718120370890118e-01	1.595519509458790119e-01	2.573883314601278505e-01	1.545464696390716208e-01	7.389155954931865555e-02	2.987321959061536511e-02	7.727665677769400554e-02
1.211861438520648335e+03	2.471393119605923006e-01	1.593348350415225434e-01	2.576170281972527398e-01	1.546872777709780988e-01	7.395148400936801814e-02	2.990541150847843277e-02	7.736465151160329401e-02
1.214280323627476264e+03	2.468077569279653605e-01	1.591183222702248212e-01	2.578450165110681147e-01	1.548277081834122382e-01	7.401125343387132682e-02	2.993751914104731196e-02	7.745242353220624376e-02
1.216699208734303511e+03	2.464771442871170060e-01	1.589024109177044897e-01	2.580722985725448226e-01	1.549677619277770591e-01	7.407086821239702856e-02	2.996954272378792375e-02	7.753997335846703198e-02
1.219118093841131440e+03	2.461474713933372027e-01	1.586870992746362841e-01	2.582988765460044744e-01	1.551074400521522678e-01	7.413032873364258646e-02	3.000148249150600896e-02	7.762730150851654409e-02
1.221536978947959142e+03	2.458187356092766118e-01	1.584723856366364314e-01	2.585247525891394837e-01	1.552467436013086899e-01	7.418963538543474345e-02	3.003333867834894269e-02	7.771440849965040309e-02
1.223955864054786844e+03	2.454909343049262171e-01	1.582582683042482730e-01	2.587499288530332731e-01	1.553856736167228136e-01	7.424878855472993866e-02	3.006511151780759047e-02	7.780129484832710995e-02
1.226374749161614318e+03	2.451640648575969805e-01	1.580447455829277204e-01	2.589744074821807018e-01	1.555242311365909458e-01	7.430778862761461268e-02	3.009680124271812279e-02	7.788796107016612846e-02
1.228793634268442020e+03	2.448381246518995524e-01	1.578318157830288504e-01	2.591981906145076064e-01	1.556624171958435887e-01	7.436663598930566554e-02	3.012840808526386083e-02	7.797440767994609501e-02
1.231212519375269494e+03	2.445131110797240104e-01	1.576194772197896943e-01	2.594212803813911172e-01	1.558002328261593461e-01	7.442533102415094248e-02	3.015993227697707363e-02	7.806063519160291730e-02
1.233631404482097196e+03	2.441890215402198194e-01	1.574077282133177214e-01	2.596436789076796980e-01	1.559376790559791615e-01	7.448387411562976124e-02	3.019137404874079611e-02	7.814664411822806744e-02
1.236050289588924898e+03	2.438658534397756261e-01	1.571965670885757671e-01	2.598653883117126862e-01	1.560747569105200849e-01	7.454226564635338392e-02	3.022273363079066091e-02	7.823243497206673613e-02
1.238469174695752372e+03	2.435436041919991634e-01	1.569859921753676280e-01	2.600864107053404983e-01	1.562114674117891233e-01	7.460050599806566929e-02	3.025401125271667477e-02	7.831800826451618125e-02
1.240888059802580301e+03	2.432222712176973500e-01	1.567760018083239892e-01	2.603067481939440042e-01	1.563478115785968681e-01	7.465859555164368333e-02	3.028520714346503648e-02	7.840336450612395147e-02
1.243306944909407548e+03	2.429018519448562785e-01	1.565665943268882421e-01	2.605264028764545658e-01	1.564837904265712898e-01	7.471653468709836543e-02	3.031632153133992716e-02	7.848850420658623483e-02
1.245725830016235477e+03	2.425823438086213701e-01	1.563577680753024668e-01	2.607453768453733556e-01	1.566194049681710609e-01	7.477432378357518061e-02	3.034735464400529006e-02	7.857342787474620727e-02
1.248144715123063179e+03	2.422637442512774741e-01	1.561495214025931111e-01	2.609636721867912290e-01	1.567546562126991005e-01	7.483196321935484119e-02	3.037830670848663123e-02	7.865813601859240889e-02
1.250563600229890881e+03	2.419460507222291057e-01	1.559418526625573342e-01	2.611812909804082650e-01	1.568895451663159801e-01	7.488945337185412554e-02	3.040917795117279582e-02	7.874262914525713419e-02
1.252982485336718355e+03	2.416292606779807950e-01	1.557347602137487685e-01	2.613982352995530278e-01	1.570240728320529411e-01	7.494679461762661365e-02	3.043996859781773062e-02	7.882690776101489161e-02
1.255401370443546057e+03	2.413133715821172698e-01	1.555282424194636970e-01	2.616145072112019410e-01	1.571582402098252174e-01	7.500398733236346427e-02	3.047067887354226387e-02	7.891097237128086306e-02
1.257820255550373531e+03	2.409983809052840265e-01	1.553222976477271200e-01	2.618301087759989376e-01	1.572920482964451083e-01	7.506103189089433081e-02	3.050130900283587465e-02	7.899482348060933579e-02
1.260239140657201460e+03	2.406842861251675680e-01	1.551169242712788499e-01	2.620450420482745013e-01	1.574254980856348574e-01	7.511792866718813855e-02	3.053185920955844498e-02	7.907846159269234232e-02
1.262658025764028707e+03	2.403710847264759753e-01	1.549121206675598272e-01	2.622593090760651502e-01	1.575585905680396137e-01	7.517467803435405604e-02	3.056232971694201189e-02	7.916188721035807840e-02
1.265076910870856636e+03	2.400587742009195336e-01	1.547078852186982434e-01	2.624729119011321998e-01	1.576913267312402001e-01	7.523128036464235557e-02	3.059272074759254029e-02	7.924510083556957074e-02
1.267495795977684338e+03	2.397473520471911923e-01	1.545042163114958844e-01	2.626858525589814142e-01	1.578237075597658523e-01	7.528773602944539844e-02	3.062303252349162994e-02	7.932810296942324757e-02
1.269914681084511813e+03	2.394368157709473033e-01	1.543011123374143367e-01	2.628981330788816573e-01	1.579557340351069039e-01	7.534404539929852318e-02	3.065326526599829529e-02	7.941089411214757865e-02
1.272333566191339514e+03	2.391271628847883024e-01	1.540985716925614701e-01	2.631097554838841002e-01	1.580874071357271371e-01	7.540020884388112798e-02	3.068341919585067940e-02	7.949347476310171523e-02
1.274752451298167216e+03	2.388183909082394196e-01	1.538965927776776987e-01	2.633207217908412612e-01	1.582187278370765227e-01	7.545622673201758668e-02	3.071349453316778860e-02	7.957584542077425493e-02
1.277171336404994690e+03	2.385104973677315832e-01	1.536951739981225196e-01	2.635310340104256022e-01	1.583496971116033214e-01	7.551209943167831729e-02	3.074349149745121690e-02	7.965800658278188173e-02
1.279590221511822392e+03	2.382034797965823236e-01	1.534943137638609123e-01	2.637406941471487354e-01	1.584803159287666297e-01	7.556782730998085063e-02	3.077341030758687715e-02	7.973995874586817245e-02
1.282009106618650094e+03	2.378973357349764006e-01	1.532940104894498223e-01	2.639497041993798532e-01	1.586105852550485362e-01	7.562341073319085727e-02	3.080325118184670807e-02	7.982170240590232002e-02
1.284427991725477568e+03	2.375920627299470678e-01	1.530942625940248658e-01	2.641580661593647683e-01	1.587405060539661406e-01	7.567885006672320225e-02	3.083301433789038815e-02	7.990323805787798161e-02
1.286846876832305497e+03	2.372876583353570601e-01	1.528950685012867572e-01	2.643657820132444547e-01	1.588700792860837929e-01	7.573414567514315243e-02	3.086269999276704604e-02	7.998456619591211292e-02
1.289265761939132744e+03	2.369841201118795537e-01	1.526964266394880143e-01	2.645728537410736991e-01	1.589993059090249461e-01	7.578929792216738959e-02	3.089230836291696411e-02	8.006568731324383015e-02
1.291684647045960673e+03	2.366814456269793199e-01	1.524983354414196079e-01	2.647792833168395310e-01	1.591281868774841735e-01	7.584430717066521777e-02	3.092183966417326457e-02	8.014660190223325820e-02
1.294103532152788375e+03	2.363796324548939898e-01	1.523007933443976392e-01	2.649850727084800961e-01	1.592567231432389652e-01	7.589917378265960413e-02	3.095129411176362338e-02	8.022731045436050368e-02
1.296522417259616077e+03	2.360786781766152087e-01	1.521037987902502109e-01	2.651902238779025311e-01	1.593849156551614132e-01	7.595389811932851121e-02	3.098067192031193559e-02	8.030781346022457245e-02
1.298941302366443551e+03	2.357785803798699564e-01	1.519073502253040497e-01	2.653947387810020597e-01	1.595127653592300354e-01	7.600848054100591000e-02	3.100997330384001188e-02	8.038811140954237044e-02
1.301360187473271253e+03	2.354793366591018677e-01	1.517114461003714054e-01	2.655986193676796447e-01	1.596402731985413215e-01	7.606292140718311223e-02	3.103919847576925781e-02	8.046820479114767666e-02
1.303779072580098727e+03	2.351809446154525807e-01	1.515160848707370056e-01	2.658018675818610288e-01	1.597674401133212518e-01	7.611722107650989444e-02	3.106834764892234604e-02	8.054809409299017176e-02
1.306197957686926657e+03	2.348834018567432791e-01	1.513212649961448719e-01	2.660044853615141647e-01	1.598942670409368161e-01	7.617137990679574699e-02	3.109742103552488174e-02	8.062777980213452211e-02
1.308616842793753904e+03	2.345867059974560964e-01	1.511269849407851917e-01	2.662064746386679781e-01	1.600207549159072817e-01	7.622539825501110922e-02	3.112641884720707824e-02	8.070726240475945001e-02
1.311035727900581833e+03	2.342908546587156859e-01	1.509332431732813840e-01	2.664078373394304089e-01	1.601469046699157961e-01	7.627927647728860450e-02	3.115534129500540511e-02	8.078654238615683159e-02
1.313454613007409534e+03	2.339958454682707911e-01	1.507400381666772204e-01	2.666085753840063410e-01	1.602727172318203219e-01	7.633301492892430318e-02	3.118418858936424995e-02	8.086562023073086414e-02
1.315873498114237009e+03	2.337016760604759269e-01	1.505473683984236699e-01	2.668086906867156438e-01	1.603981935276650728e-01	7.638661396437902706e-02	3.121296094013756989e-02	8.094449642199720574e-02
1.318292383221064711e+03	2.334083440762730610e-01	1.503552323503661303e-01	2.670081851560111574e-01	1.605233344806914486e-01	7.644007393727957067e-02	3.124165855659053956e-02	8.102317144258218418e-02
1.320711268327892412e+03	2.331158471631732954e-01	1.501636285087315226e-01	2.672070606944967897e-01	1.606481410113491937e-01	7.649339520042001961e-02	3.127028164740119215e-02	8.110164577422200594e-02
1.323130153434719887e+03	2.328241829752388803e-01	1.499725553641155507e-01	2.674053191989450573e-01	1.607726140373073875e-01	7.654657810576308286e-02	3.129883042066205351e-02	8.117991989776199291e-02
1.325549038541547588e+03	2.325333491730647850e-01	1.497820114114697676e-01	2.676029625603151829e-01	1.608967544734652977e-01	7.659962300444134176e-02	3.132730508388176932e-02	8.125799429315584688e-02
1.327967923648375290e+03	2.322433434237607119e-01	1.495919951500889467e-01	2.677999926637706363e-01	1.610205632319632596e-01	7.665253024675863780e-02	3.135570584398676003e-02	8.133586943946499725e-02
1.330386808755202765e+03	2.319541634009330833e-01	1.494025050835982860e-01	2.679964113886971200e-01	1.611440412221934460e-01	7.670530018219133550e-02	3.138403290732280637e-02	8.141354581485783781e-02
1.332805693862030694e+03	2.316658067846670277e-01	1.492135397199407798e-01	2.681922206087198890e-01	1.612671893508106080e-01	7.675793315938972405e-02	3.141228647965670778e-02	8.149102389660915768e-02
1.335224578968857941e+03	2.313782712615083392e-01	1.490250975713645620e-01	2.683874221917215142e-01	1.613900085217427893e-01	7.681042952617929409e-02	3.144046676617787139e-02	8.156830416109948911e-02
1.337643464075685870e+03	2.310915545244457137e-01	1.488371771544103328e-01	2.685820179998594792e-01	1.615124996362017340e-01	7.686278962956218097e-02	3.146857397149991492e-02	8.164538708381446908e-02
1.340062349182513572e+03	2.308056542728928184e-01	1.486497769898987020e-01	2.687760098895836114e-01	1.616346635926936282e-01	7.691501381571846929e-02	3.149660829966231118e-02	8.172227313934428417e-02
1.342481234289341273e+03	2.305205682126704181e-01	1.484628956029178382e-01	2.689693997116534563e-01	1.617565012870294527e-01	7.696710243000753904e-02	3.152456995413194935e-02	8.179896280138311548e-02
1.344900119396168748e+03	2.302362940559887772e-01	1.482765315228108394e-01	2.691621893111558195e-01	1.618780136123353641e-01	7.701905581696949499e-02	3.155245913780475864e-02	8.187545654272866680e-02
1.347319004502996449e+03	2.299528295214298690e-01	1.480906832831632713e-01	2.693543805275220304e-01	1.619992014590631579e-01	7.707087432032655450e-02	3.158027605300729040e-02	8.195175483528155391e-02
1.349737889609823924e+03	2.296701723339297230e-01	1.479053494217907883e-01	2.695459751945452065e-01	1.621200657150003721e-01	7.712255828298436588e-02	3.160802090149828630e-02	8.202785815004491610e-02
1.352156774716651853e+03	2.293883202247607722e-01	1.477205284807268648e-01	2.697369751403975169e-01	1.622406072652807507e-01	7.717410804703350724e-02	3.163569388447031588e-02	8.210376695712391648e-02
1.354575659823479100e+03	2.291072709315144507e-01	1.475362190062102785e-01	2.699273821876473356e-01	1.623608269923940972e-01	7.722552395375079093e-02	3.166329520255129620e-02	8.217948172572532572e-02
1.356994544930307029e+03	2.288270221980835128e-01	1.473524195486729249e-01	2.701171981532765054e-01	1.624807257761966828e-01	7.727680634360076239e-02	3.169082505580610165e-02	8.225500292415711956e-02
1.359413430037134731e+03	2.285475717746446589e-01	1.471691286627274109e-01	2.703064248486972132e-01	1.626003044939210718e-01	7.732795555623704631e-02	3.171828364373812520e-02	8.233033101982807633e-02
1.361832315143962205e+03	2.282689174176411318e-01	1.469863449071550088e-01	2.704950640797691985e-01	1.627195640201862248e-01	7.737897193050380373e-02	3.174567116529084659e-02	8.240546647924744394e-02
1.364251200250789907e+03	2.279910568897653145e-01	1.468040668448933050e-01	2.706831176468165734e-01	1.628385052270074074e-01	7.742985580443711990e-02	3.177298781884939360e-02	8.248040976802455126e-02
1.366670085357617609e+03	2.277139879599414107e-01	1.466222930430241544e-01	2.708705873446449752e-01	1.629571289838059600e-01	7.748060751526648915e-02	3.180023380224211021e-02	8.255516135086855833e-02
1.369088970464445310e+03	2.274377084033082641e-01	1.464410220727614120e-01	2.710574749625582758e-01	1.630754361574192901e-01	7.753122739941620267e-02	3.182740931274206930e-02	8.262972169158813718e-02
1.371507855571272785e+03	2.271622160012020109e-01	1.462602525094390538e-01	2.712437822843754009e-01	1.631934276121105032e-01	7.758171579250681960e-02	3.185451454706867552e-02	8.270409125309118037e-02
1.373926740678100487e+03	2.268875085411390102e-01	1.460799829324988808e-01	2.714295110884472062e-01	1.633111042095780896e-01	7.763207302935656862e-02	3.188154970138918493e-02	8.277827049738457899e-02
1.376345625784927961e+03	2.266135838167987471e-01	1.459002119254787233e-01	2.716146631476732409e-01	1.634284668089657222e-01	7.768229944398286069e-02	3.190851497132024539e-02	8.285225988557397281e-02
1.378764510891755890e+03	2.263404396280066233e-01	1.457209380760002837e-01	2.717992402295181797e-01	1.635455162668716655e-01	7.773239536960369067e-02	3.193541055192941625e-02	8.292605987786359767e-02
1.381183395998583137e+03	2.260680737807169716e-01	1.455421599757573126e-01	2.719832440960288089e-01	1.636622534373584070e-01	7.778236113863909451e-02	3.196223663773675033e-02	8.299967093355606340e-02
1.383602281105411066e+03	2.257964840869961798e-01	1.453638762205035906e-01	2.721666765038503466e-01	1.637786791719622048e-01	7.783219708271263415e-02	3.198899342271626506e-02	8.307309351105215955e-02
1.386021166212238768e+03	2.255256683650056493e-01	1.451860854100412157e-01	2.723495392042430963e-01	1.638947943197023305e-01	7.788190353265285470e-02	3.201568110029749670e-02	8.314632806785079988e-02
1.388440051319066470e+03	2.252556244389849471e-01	1.450087861482085849e-01	2.725318339430986558e-01	1.640105997270906169e-01	7.793148081849472775e-02	3.204229986336699920e-02	8.321937506054884193e-02
1.390858936425893944e+03	2.249863501392349863e-01	1.448319770428686259e-01	2.727135624609570153e-01	1.641260962381407007e-01	7.798092926948113623e-02	3.206884990426989851e-02	8.329223494484101764e-02
1.393277821532721646e+03	2.247178433021011779e-01	1.446556567058971399e-01	2.728947264930221550e-01	1.642412846943773486e-01	7.803024921406434555e-02	3.209533141481135665e-02	8.336490817551983623e-02
1.395696706639549120e+03	2.244501017699567225e-01	1.444798237531710050e-01	2.730753277691787551e-01	1.643561659348456439e-01	7.807944097990748844e-02	3.212174458625811219e-02	8.343739520647555641e-02
1.398115591746377049e+03	2.241831233911859289e-01	1.443044768045563808e-01	2.732553680140086816e-01	1.644707407961202017e-01	7.812850489388604991e-02	3.214808960933995818e-02	8.350969649069610312e-02
1.400534476853204296e+03	2.239169060201675054e-01	1.441296144838971893e-01	2.734348489468067522e-01	1.645850101123141340e-01	7.817744128208932441e-02	3.217436667425124797e-02	8.358181248026710919e-02
1.402953361960032225e+03	2.236514475172580174e-01	1.439552354190033467e-01	2.736137722815972784e-01	1.646989747150883754e-01	7.822625046982191466e-02	3.220057597065241473e-02	8.365374362637187367e-02
1.405372247066859927e+03	2.233867457487752339e-01	1.437813382416392727e-01	2.737921397271501633e-01	1.648126354336604815e-01	7.827493278160517487e-02	3.222671768767142175e-02	8.372549037929144511e-02
1.407791132173687402e+03	2.231227985869817243e-01	1.436079215875122606e-01	2.739699529869968342e-01	1.649259930948137054e-01	7.832348854117879289e-02	3.225279201390526818e-02	8.379705318840456607e-02
1.410210017280515103e+03	2.228596039100683712e-01	1.434349840962610145e-01	2.741472137594464509e-01	1.650390485229058513e-01	7.837191807150217793e-02	3.227879913742146695e-02	8.386843250218781187e-02
1.412628902387342805e+03	2.225971596021377730e-01	1.432625244114441310e-01	2.743239237376017270e-01	1.651518025398782674e-01	7.842022169475602877e-02	3.230473924575953670e-02	8.393962876821565999e-02
1.415047787494170507e+03	2.223354635531881174e-01	1.430905411805285798e-01	2.745000846093750835e-01	1.652642559652645060e-01	7.846839973234379095e-02	3.233061252593244506e-02	8.401064243316060109e-02
1.417466672600997981e+03	2.220745136590967506e-01	1.429190330548782972e-01	2.746756980575043583e-01	1.653764096161992603e-01	7.851645250489314165e-02	3.235641916442810739e-02	8.408147394279320841e-02
1.419885557707825683e+03	2.218143078216038011e-01	1.427479986897428610e-01	2.748507657595688491e-01	1.654882643074269688e-01	7.856438033225751627e-02	3.238215934721083711e-02	8.415212374198233203e-02
1.422304442814653157e+03	2.215548439482960541e-01	1.425774367442460555e-01	2.750252893880050231e-01	1.655998208513105308e-01	7.861218353351757948e-02	3.240783325972279583e-02	8.422259227469520992e-02
1.424723327921481086e+03	2.212961199525906864e-01	1.424073458813745474e-01	2.751992706101220598e-01	1.657110800578399934e-01	7.865986242698277953e-02	3.243344108688549221e-02	8.429287998399766224e-02
1.427142213028308333e+03	2.210381337537191682e-01	1.422377247679667001e-01	2.753727110881180606e-01	1.658220427346410453e-01	7.870741733019277764e-02	3.245898301310117667e-02	8.436298731205428558e-02
1.429561098135136262e+03	2.207808832767111096e-01	1.420685720747011938e-01	2.755456124790952588e-01	1.659327096869836760e-01	7.875484855991900235e-02	3.248445922225434712e-02	8.443291470012867506e-02
1.431979983241963964e+03	2.205243664523782732e-01	1.418998864760857848e-01	2.757179764350757289e-01	1.660430817177905305e-01	7.880215643216612054e-02	3.250986989771315061e-02	8.450266258858361856e-02
1.434398868348791666e+03	2.202685812172984203e-01	1.417316666504462586e-01	2.758898046030172080e-01	1.661531596276454581e-01	7.884934126217359174e-02	3.253521522233084745e-02	8.457223141688138823e-02
1.436817753455619140e+03	2.200135255137994905e-01	1.415639112799151611e-01	2.760610986248283050e-01	1.662629442148019498e-01	7.889640336441711144e-02	3.256049537844724062e-02	8.464162162358389307e-02
1.439236638562446842e+03	2.197591972899435031e-01	1.413966190504206133e-01	2.762318601373842109e-01	1.663724362751913821e-01	7.894334305261017926e-02	3.258571054789012600e-02	8.471083364635312307e-02
1.441655523669274316e+03	2.195055944995108754e-01	1.412297886516753753e-01	2.764020907725419085e-01	1.664816366024313987e-01	7.899016063970554224e-02	3.261086091197667319e-02	8.477986792195134347e-02
1.444074408776102018e+03	2.192527151019843801e-01	1.410634187771656889e-01	2.765717921571557714e-01	1.665905459878342099e-01	7.903685643789680471e-02	3.263594665151491048e-02	8.484872488624138620e-02
1.446493293882929493e+03	2.190005570625334907e-01	1.408975081241402028e-01	2.767409659130926625e-01	1.666991652204147800e-01	7.908343075861978821e-02	3.266096794680511950e-02	8.491740497418702460e-02
1.448912178989757422e+03	2.187491183519986726e-01	1.407320553935991481e-01	2.769096136572475331e-01	1.668074950868989603e-01	7.912988391255419696e-02	3.268592497764123000e-02	8.498590861985332034e-02
1.451331064096585123e+03	2.184983969468753950e-01	1.405670592902831806e-01	2.770777370015584107e-01	1.669155363717318152e-01	7.917621620962503326e-02	3.271081792331228394e-02	8.505423625640695651e-02
1.453749949203412370e+03	2.182483908292987551e-01	1.404025185226625561e-01	2.772453375530216646e-01	1.670232898570854774e-01	7.922242795900411028e-02	3.273564696260380241e-02	8.512238831611664003e-02
1.456168834310240300e+03	2.179990979870277956e-01	1.402384318029261945e-01	2.774124169137071605e-01	1.671307563228674464e-01	7.926851946911166180e-02	3.276041227379920123e-02	8.519036523035347641e-02
1.458587719417068001e+03	2.177505164134298232e-01	1.400747978469709110e-01	2.775789766807735259e-01	1.672379365467283885e-01	7.931449104761770230e-02	3.278511403468118562e-02	8.525816742959139993e-02
1.461006604523895703e+03	2.175026441074648931e-01	1.399116153743903967e-01	2.777450184464829164e-01	1.673448313040702407e-01	7.936034300144369225e-02	3.280975242253318658e-02	8.532579534340754834e-02
1.463425489630723177e+03	2.172554790736704600e-01	1.397488831084646166e-01	2.779105437982162252e-01	1.674514413680541491e-01	7.940607563676391201e-02	3.283432761414070700e-02	8.539324940048276247e-02
1.465844374737550879e+03	2.170090193221457797e-01	1.395865997761489008e-01	2.780755543184881273e-01	1.675577675096082686e-01	7.945168925900707169e-02	3.285883978579273723e-02	8.546053002860198866e-02
1.468263259844378354e+03	2.167632628685365048e-01	1.394247641080631761e-01	2.782400515849617340e-01	1.676638104974356724e-01	7.949718417285779604e-02	3.288328911328312898e-02	8.552763765465479229e-02
1.470682144951206283e+03	2.165182077340194189e-01	1.392633748384814740e-01	2.784040371704636918e-01	1.677695710980221799e-01	7.954256068225816489e-02	3.290767577191199000e-02	8.559457270463580181e-02
1.473101030058033530e+03	2.162738519452870600e-01	1.391024307053210229e-01	2.785675126429990600e-01	1.678750500756441277e-01	7.958781909040914260e-02	3.293199993648706497e-02	8.566133560364522226e-02
1.475519915164861459e+03	2.160301935345323721e-01	1.389419304501317287e-01	2.787304795657659096e-01	1.679802481923760304e-01	7.963295969977217392e-02	3.295626178132507467e-02	8.572792677588936261e-02
1.477938800271689161e+03	2.157872305394336054e-01	1.387818728180855443e-01	2.788929394971700892e-01	1.680851662080983799e-01	7.967798281207068289e-02	3.298046148025313845e-02	8.579434664468112148e-02
1.480357685378516862e+03	2.155449610031390517e-01	1.386222565579658117e-01	2.790548939908402692e-01	1.681898048805051671e-01	7.972288872829154383e-02	3.300459920661010654e-02	8.586059563244057002e-02
1.482776570485344337e+03	2.153033829742518612e-01	1.384630804221568534e-01	2.792163445956420964e-01	1.682941649651115978e-01	7.976767774868664951e-02	3.302867513324792698e-02	8.592667416069549313e-02
