1.301360187473271253e+03	2.356515923406728719e-01	1.512117368751039193e-01	2.606296425309046483e-01	1.615933587723609177e-01	7.634797572670211363e-02	3.210598318829865211e-02	8.245971056575374103e-02
1.306197957686926657e+03	2.350608681246235121e-01	1.508168192000335917e-01	2.610070111709809071e-01	1.618575708909496258e-01	7.645700384708618846e-02	3.217692152512622444e-02	8.262380524099673107e-02
1.311035727900581833e+03	2.344735269703895064e-01	1.504240688117289282e-01	2.613821657490451589e-01	1.621202939782099561e-01	7.656544454790284449e-02	3.224755237737787078e-02	8.278694756514247410e-02
1.315873498114237009e+03	2.338895495296699767e-01	1.500334737174599808e-01	2.617551203811863680e-01	1.623815359425437865e-01	7.667330098219080070e-02	3.231787659766099247e-02	8.294914284908480595e-02
1.320711268327892412e+03	2.333089165660660602e-01	1.496450219909837009e-01	2.621258890691819388e-01	1.626413046578590593e-01	7.678057628891778175e-02	3.238789504273055508e-02	8.311039638405756658e-02
1.325549038541547588e+03	2.327316089544006483e-01	1.492587017721811460e-01	2.624944857020273248e-01	1.628996079635615934e-01	7.688727359286595675e-02	3.245760857338510219e-02	8.327071344137482178e-02
1.330386808755202765e+03	2.321576076800429267e-01	1.488745012666962131e-01	2.628609240574312222e-01	1.631564536645517538e-01	7.699339600452717591e-02	3.252701805436328947e-02	8.343009927218397737e-02
1.335224578968857941e+03	2.315868938382375508e-01	1.484924087455764263e-01	2.632252178032772338e-01	1.634118495312258112e-01	7.709894662000747745e-02	3.259612435424093929e-02	8.358855910723116123e-02
1.340062349182513572e+03	2.310194486334389563e-01	1.481124125449155837e-01	2.635873804990526148e-01	1.636658032994815493e-01	7.720392852094057345e-02	3.266492834532869205e-02	8.374609815663859591e-02
1.344900119396168748e+03	2.304552533786503321e-01	1.477345010654977919e-01	2.639474255972464323e-01	1.639183226707284780e-01	7.730834477440971797e-02	3.273343090357027502e-02	8.390272160969346193e-02
1.349737889609823924e+03	2.298942894947669791e-01	1.473586627724439713e-01	2.643053664447163054e-01	1.641694153119020450e-01	7.741219843287777680e-02	3.280163290844143736e-02	8.405843463464796050e-02
1.354575659823479100e+03	2.293365385099247755e-01	1.469848861948593877e-01	2.646612162840256688e-01	1.644190888554818986e-01	7.751549253412488849e-02	3.286953524284954437e-02	8.421324237853028416e-02
1.359413430037134731e+03	2.287819820588530284e-01	1.466131599254836271e-01	2.650149882547521152e-01	1.646673508995141200e-01	7.761823010119370259e-02	3.293713879303395570e-02	8.436714996696592639e-02
1.364251200250789907e+03	2.282306018822317373e-01	1.462434726203419855e-01	2.653666953947678153e-01	1.649142090076370915e-01	7.772041414234147350e-02	3.300444444846709069e-02	8.452016250400917752e-02
1.369088970464445310e+03	2.276823798260535769e-01	1.458758129983987739e-01	2.657163506414927934e-01	1.651596707091113614e-01	7.782204765099899613e-02	3.307145310175633318e-02	8.467228507198448773e-02
1.373926740678100487e+03	2.271372978409901822e-01	1.455101698412122890e-01	2.660639668331215013e-01	1.654037434988525346e-01	7.792313360573582814e-02	3.313816564854669966e-02	8.482352273133723919e-02
1.378764510891755890e+03	2.265953379817630675e-01	1.451465319925915876e-01	2.664095567098236916e-01	1.656464348374680762e-01	7.802367497023170173e-02	3.320458298742438169e-02	8.497388052049373308e-02
1.383602281105411066e+03	2.260564824065186551e-01	1.447848883582550927e-01	2.667531329149206432e-01	1.658877521512970299e-01	7.812367469325365299e-02	3.327070601982108633e-02	8.512336345573003060e-02
1.388440051319066470e+03	2.255207133762077709e-01	1.444252279054909494e-01	2.670947079960368509e-01	1.661277028324531502e-01	7.822313570863877186e-02	3.333653564991932022e-02	8.527197653104939823e-02
1.393277821532721646e+03	2.249880132539693878e-01	1.440675396628189608e-01	2.674342944062281791e-01	1.663662942388709765e-01	7.832206093528212842e-02	3.340207278455851331e-02	8.541972471806806577e-02
1.398115591746377049e+03	2.244583645045186149e-01	1.437118127196544970e-01	2.677719045050871993e-01	1.666035336943550438e-01	7.842045327712975078e-02	3.346731833314207233e-02	8.556661296590901966e-02
1.402953361960032225e+03	2.239317496935388507e-01	1.433580362259738450e-01	2.681075505598263797e-01	1.668394284886318135e-01	7.851831562317636293e-02	3.353227320754537805e-02	8.571264620110356780e-02
1.407791132173687402e+03	2.234081514870782381e-01	1.430061993919816421e-01	2.684412447463391804e-01	1.670739858774043518e-01	7.861565084746767462e-02	3.359693832202467756e-02	8.585782932750041230e-02
1.412628902387342805e+03	2.228875526509500327e-01	1.426562914877797794e-01	2.687729991502404991e-01	1.673072130824099502e-01	7.871246180910686230e-02	3.366131459312696889e-02	8.600216722618198029e-02
1.417466672600997981e+03	2.223699360501371625e-01	1.423083018430380542e-01	2.691028257678867441e-01	1.675391172914800775e-01	7.880875135226533823e-02	3.372540293960085006e-02	8.614566475538780466e-02
1.422304442814653157e+03	2.218552846482008123e-01	1.419622198466665985e-01	2.694307365073755345e-01	1.677697056586028579e-01	7.890452230619716956e-02	3.378920428230831885e-02	8.628832675044471878e-02
1.427142213028308333e+03	2.213435815066929768e-01	1.416180349464899735e-01	2.697567431895264711e-01	1.679989853039880188e-01	7.899977748525738308e-02	3.385271954413759249e-02	8.643015802370354606e-02
1.431979983241963964e+03	2.208348097845731217e-01	1.412757366489229838e-01	2.700808575488429231e-01	1.682269633141342535e-01	7.909451968892361462e-02	3.391594964991687805e-02	8.657116336448220095e-02
1.436817753455619140e+03	2.203289527376284529e-01	1.409353145186481027e-01	2.704030912344553839e-01	1.684536467418987216e-01	7.918875170182117229e-02	3.397889552632919058e-02	8.671134753901493797e-02
1.441655523669274316e+03	2.198259937178984880e-01	1.405967581782947007e-01	2.707234558110474532e-01	1.686790426065686022e-01	7.928247629375118066e-02	3.404155810182812880e-02	8.685071529040742921e-02
1.446493293882929493e+03	2.193259161731030693e-01	1.402600573081198287e-01	2.710419627597638326e-01	1.689031578939350631e-01	7.937569621972170864e-02	3.410393830655470554e-02	8.698927133859774008e-02
1.451331064096585123e+03	2.188287036460745405e-01	1.399252016456907777e-01	2.713586234791021679e-01	1.691259995563688667e-01	7.946841421998170063e-02	3.416603707225517039e-02	8.712702038032268947e-02
1.456168834310240300e+03	2.183343397741935310e-01	1.395921809855692197e-01	2.716734492857877381e-01	1.693475745128982801e-01	7.956063302005761395e-02	3.422785533219984550e-02	8.726396708908962241e-02
1.461006604523895703e+03	2.178428082888284323e-01	1.392609851789970987e-01	2.719864514156328794e-01	1.695678896492885668e-01	7.965235533079249863e-02	3.428939402110301599e-02	8.740011611515334511e-02
1.465844374737550879e+03	2.173540930147787875e-01	1.389316041335840468e-01	2.722976410243801992e-01	1.697869518181233939e-01	7.974358384838750591e-02	3.435065407504381274e-02	8.753547208549808389e-02
1.470682144951206283e+03	2.168681778697222340e-01	1.386040278129964387e-01	2.726070291885311914e-01	1.700047678388880712e-01	7.983432125444558936e-02	3.441163643138811512e-02	8.767003960382416250e-02
1.475519915164861459e+03	2.163850468636649982e-01	1.382782462366483611e-01	2.729146269061596963e-01	1.702213444980543722e-01	7.992457021601732936e-02	3.447234202871152231e-02	8.780382325053949499e-02
1.480357685378516862e+03	2.159046840983962212e-01	1.379542494793938590e-01	2.732204450977113175e-01	1.704366885491668815e-01	8.001433338564879760e-02	3.453277180672329610e-02	8.793682758275540856e-02
1.485195455592172038e+03	2.154270737669456981e-01	1.376320276712208746e-01	2.735244946067886262e-01	1.706508067129310913e-01	8.010361340143118403e-02	3.459292670619135840e-02	8.806905713428687943e-02
1.490033225805827215e+03	2.149522001530453641e-01	1.373115709969470744e-01	2.738267862009228226e-01	1.708637056773028573e-01	8.019241288705229731e-02	3.465280766886832259e-02	8.820051641565701539e-02
1.494870996019482618e+03	2.144800476305940007e-01	1.369928696959168968e-01	2.741273305723320175e-01	1.710753920975793263e-01	8.028073445184959189e-02	3.471241563741851721e-02	8.833120991410545186e-02
1.499708766233137567e+03	2.140106006631256330e-01	1.366759140617005708e-01	2.744261383386667474e-01	1.712858725964912787e-01	8.036858069086486034e-02	3.477175155534599493e-02	8.846114209360068925e-02
1.504546536446793198e+03	2.135438438032815633e-01	1.363606944417944111e-01	2.747232200437428884e-01	1.714951537642966928e-01	8.045595418490027184e-02	3.483081636692367256e-02	8.859031739485626056e-02
1.509384306660448374e+03	2.130797616922853743e-01	1.360472012373228901e-01	2.750185861582621349e-01	1.717032421588757241e-01	8.054285750057584015e-02	3.488961101712335922e-02	8.871874023535045173e-02
1.514222076874103550e+03	2.126183390594217071e-01	1.357354249027422910e-01	2.753122470805203226e-01	1.719101443058269618e-01	8.062929319038812659e-02	3.494813645154683929e-02	8.884641500934956082e-02
1.519059847087758726e+03	2.121595607215182588e-01	1.354253559455457501e-01	2.756042131371047033e-01	1.721158666985644903e-01	8.071526379277008112e-02	3.500639361635799612e-02	8.897334608793444621e-02
1.523897617301414357e+03	2.117034115824312501e-01	1.351169849259702405e-01	2.758944945835792861e-01	1.723204157984165874e-01	8.080077183215204906e-02	3.506438345821585173e-02	8.909953781903043324e-02
1.528735387515069533e+03	2.112498766325339727e-01	1.348103024567046948e-01	2.761831016051591314e-01	1.725237980347251454e-01	8.088581981902377704e-02	3.512210692420867503e-02	8.922499452744028781e-02
1.533573157728724709e+03	2.107989409482089183e-01	1.345052992025999039e-01	2.764700443173740418e-01	1.727260198049463125e-01	8.097041024999727943e-02	3.517956496178902687e-02	8.934972051488022926e-02
1.538410927942380113e+03	2.103505896913428763e-01	1.342019658803799975e-01	2.767553327667214846e-01	1.729270874747520503e-01	8.105454560787068996e-02	3.523675851870981118e-02	8.947372006001882982e-02
1.543248698156035516e+03	2.099048081088255302e-01	1.339002932583553684e-01	2.770389769313092998e-01	1.731270073781326357e-01	8.113822836169287678e-02	3.529368854296129066e-02	8.959699741851870347e-02
1.548086468369690692e+03	2.094615815320510499e-01	1.336002721561371231e-01	2.773209867214884716e-01	1.733257858175001609e-01	8.122146096682876515e-02	3.535035598270909463e-02	8.971955682308095648e-02
1.552924238583346096e+03	2.090208953764230715e-01	1.333018934443531978e-01	2.776013719804758528e-01	1.735234290637928667e-01	8.130424586502536799e-02	3.540676178623314296e-02	8.984140248349212210e-02
1.557762008797001272e+03	2.085827351408625352e-01	1.330051480443657785e-01	2.778801424849673407e-01	1.737199433565802253e-01	8.138658548447841312e-02	3.546290690186756911e-02	8.996253858667370429e-02
1.562599779010656675e+03	2.081470864073189653e-01	1.327100269279904710e-01	2.781573079457419495e-01	1.739153349041689667e-01	8.146848223989952564e-02	3.551879227794157295e-02	9.008296929673402509e-02
1.567437549224311852e+03	2.077139348402846919e-01	1.324165211172167456e-01	2.784328780082566124e-01	1.741096098837097705e-01	8.154993853258400704e-02	3.557441886272118964e-02	9.020269875502241741e-02
1.572275319437967255e+03	2.072832661863120984e-01	1.321246216839301324e-01	2.787068622532317685e-01	1.743027744413047364e-01	8.163095675047889188e-02	3.562978760435205755e-02	9.032173108018567986e-02
1.577113089651622431e+03	2.068550662735341716e-01	1.318343197496356090e-01	2.789792701972288458e-01	1.744948346921155191e-01	8.171153926825155955e-02	3.568489945080304676e-02	9.044007036822654388e-02
1.581950859865277607e+03	2.064293210111877164e-01	1.315456064851827367e-01	2.792501112932188612e-01	1.746857967204721029e-01	8.179168844735870691e-02	3.573975534981083113e-02	9.055772069256431966e-02
1.586788630078933011e+03	2.060060163891398732e-01	1.312584731104922131e-01	2.795193949311426951e-01	1.748756665799821863e-01	8.187140663611550129e-02	3.579435624882535555e-02	9.067468610409744334e-02
1.591626400292587959e+03	2.055851384774174395e-01	1.309729108942838116e-01	2.797871304384633717e-01	1.750644502936413716e-01	8.195069616976514981e-02	3.584870309495624685e-02	9.079097063126791156e-02
1.596464170506243590e+03	2.051666734257393265e-01	1.306889111538057924e-01	2.800533270807104014e-01	1.752521538539435486e-01	8.202955937054866309e-02	3.590279683492005741e-02	9.090657828012746466e-02
1.601301940719898766e+03	2.047506074630517925e-01	1.304064652545659231e-01	2.803179940620165178e-01	1.754387832229921396e-01	8.210799854777472984e-02	3.595663841498843161e-02	9.102151303440567109e-02
1.606139710933553943e+03	2.043369268970665897e-01	1.301255646100637209e-01	2.805811405256464774e-01	1.756243443326117315e-01	8.218601599788992462e-02	3.601022878093715351e-02	9.113577885557952452e-02
1.610977481147209119e+03	2.039256181138021651e-01	1.298462006815244152e-01	2.808427755545188642e-01	1.758088430844601535e-01	8.226361400454881845e-02	3.606356887799603422e-02	9.124937968294467849e-02
1.615815251360864750e+03	2.035166675771274414e-01	1.295683649776340207e-01	2.811029081717202893e-01	1.759922853501410811e-01	8.234079483868445015e-02	3.611665965079965263e-02	9.136231943368823549e-02
1.620653021574519926e+03	2.031100618283087633e-01	1.292920490542761314e-01	2.813615473410128742e-01	1.761746769713169458e-01	8.241756075857854802e-02	3.616950204333900520e-02	9.147460200296290977e-02
1.625490791788175102e+03	2.027057874855594244e-01	1.290172445142700741e-01	2.816187019673345726e-01	1.763560237598223168e-01	8.249391400993205670e-02	3.622209699891392604e-02	9.158623126396274461e-02
1.630328562001830505e+03	2.023038312435922192e-01	1.287439430071102009e-01	2.818743808972929421e-01	1.765363314977778653e-01	8.256985682593552534e-02	3.627444546008636722e-02	9.169721106800000909e-02
1.635166332215485909e+03	2.019041798731744386e-01	1.284721362287071234e-01	2.821285929196517550e-01	1.767156059377043009e-01	8.264539142733953736e-02	3.632654836863453279e-02	9.180754524458344112e-02
1.640004102429141085e+03	2.015068202206859727e-01	1.282018159211298081e-01	2.823813467658119469e-01	1.768938528026368362e-01	8.272052002252498759e-02	3.637840666550777591e-02	9.191723760149772549e-02
1.644841872642796488e+03	2.011117392076799959e-01	1.279329738723494481e-01	2.826326511102857375e-01	1.770710777862399832e-01	8.279524480757344262e-02	3.643002129078231482e-02	9.202629192488405441e-02
1.649679642856451665e+03	2.007189238304463441e-01	1.276656019159845834e-01	2.828825145711644784e-01	1.772472865529226005e-01	8.286956796633729305e-02	3.648139318361778155e-02	9.213471197932186774e-02
1.654517413070107068e+03	2.003283611595776115e-01	1.273996919310474984e-01	2.831309457105806726e-01	1.774224847379531900e-01	8.294349167050983629e-02	3.653252328221449907e-02	9.224250150791164782e-02
1.659355183283762244e+03	1.999400383395379399e-01	1.271352358416922290e-01	2.833779530351639431e-01	1.775966779475753876e-01	8.301701807969523450e-02	3.658341252377160513e-02	9.234966423235868582e-02
1.664192953497417420e+03	1.995539425882344176e-01	1.268722256169637630e-01	2.836235449964911171e-01	1.777698717591237876e-01	8.309014934147825049e-02	3.663406184444586294e-02	9.245620385305777789e-02
1.669030723711072824e+03	1.991700611965913359e-01	1.266106532705486842e-01	2.838677299915308705e-01	1.779420717211399328e-01	8.316288759149394194e-02	3.668447217931131155e-02	9.256212404917892045e-02
1.673868493924728000e+03	1.987883815281266120e-01	1.263505108605270655e-01	2.841105163630824881e-01	1.781132833534883608e-01	8.323523495349703649e-02	3.673464446231962388e-02	9.266742847875375499e-02
1.678706264138383403e+03	1.984088910185313193e-01	1.260917904891259156e-01	2.843519124002092391e-01	1.782835121474730666e-01	8.330719353943118188e-02	3.678457962626121430e-02	9.277212077876291485e-02
1.683544034352038352e+03	1.980315771752514664e-01	1.258344843024737925e-01	2.845919263386667009e-01	1.784527635659538258e-01	8.337876544949793245e-02	3.683427860272708160e-02	9.287620456522406587e-02
1.688381804565693983e+03	1.976564275770723300e-01	1.255785844903568871e-01	2.848305663613250882e-01	1.786210430434628793e-01	8.344995277222555519e-02	3.688374232207135978e-02	9.297968343328076590e-02
1.693219574779349159e+03	1.972834298737055625e-01	1.253240832859761900e-01	2.850678405985873631e-01	1.787883559863216176e-01	8.352075758453754439e-02	3.693297171337461826e-02	9.308256095729192103e-02
1.698057344993004335e+03	1.969125717853786595e-01	1.250709729657063507e-01	2.853037571288016827e-01	1.789547077727573765e-01	8.359118195182091426e-02	3.698196770440784209e-02	9.318484069092192179e-02
1.702895115206659511e+03	1.965438411024269527e-01	1.248192458488554812e-01	2.855383239786692395e-01	1.791201037530202878e-01	8.366122792799417229e-02	3.703073122159713376e-02	9.328652616723145941e-02
1.707732885420315142e+03	1.961772256848880458e-01	1.245688942974265689e-01	2.857715491236468286e-01	1.792845492495003523e-01	8.373089755557507063e-02	3.707926318998905346e-02	9.338762089876881389e-02
1.712570655633970318e+03	1.958127134620988030e-01	1.243199107158800415e-01	2.860034404883451398e-01	1.794480495568442635e-01	8.380019286574805215e-02	3.712756453321669481e-02	9.348812837766168338e-02
1.717408425847625494e+03	1.954502924322947532e-01	1.240722875508976364e-01	2.862340059469223319e-01	1.796106099420726188e-01	8.386911587843132176e-02	3.717563617346639898e-02	9.358805207570963791e-02
1.722246196061280898e+03	1.950899506622119917e-01	1.238260172911476165e-01	2.864632533234724443e-01	1.797722356446967706e-01	8.393766860234375127e-02	3.722347903144516273e-02	9.368739544447686474e-02
1.727083966274936301e+03	1.947316762866913020e-01	1.235810924670512206e-01	2.866911903924104221e-01	1.799329318768360941e-01	8.400585303507139556e-02	3.727109402634863622e-02	9.378616191538546865e-02
1.731921736488591478e+03	1.943754575082849434e-01	1.233375056505504191e-01	2.869178248788515906e-01	1.800927038233349486e-01	8.407367116313359257e-02	3.731848207582987020e-02	9.388435489980917481e-02
1.736759506702246881e+03	1.940212825968655741e-01	1.230952494548768900e-01	2.871431644589875209e-01	1.802515566418797233e-01	8.414112496204892433e-02	3.736564409596856290e-02	9.398197778916732303e-02
1.741597276915902057e+03	1.936691398892377569e-01	1.228543165343223414e-01	2.873672167604575112e-01	1.804094954631158543e-01	8.420821639640066469e-02	3.741258100124107006e-02	9.407903395501930610e-02
1.746435047129557461e+03	1.933190177887515737e-01	1.226146995840100840e-01	2.875899893627159587e-01	1.805665253907647316e-01	8.427494741990200489e-02	3.745929370449094936e-02	9.417552674915923017e-02
1.751272817343212637e+03	1.929709047649188491e-01	1.223763913396677672e-01	2.878114897973952369e-01	1.807226515017407442e-01	8.434131997546086279e-02	3.750578311690013628e-02	9.427145950371090821e-02
1.756110587556867813e+03	1.926247893530314559e-01	1.221393845774014636e-01	2.880317255486653516e-01	1.808778788462679921e-01	8.440733599524435915e-02	3.755205014796073049e-02	9.436683553122313106e-02
1.760948357770523216e+03	1.922806601537820348e-01	1.219036721134708900e-01	2.882507040535889353e-01	1.810322124479971095e-01	8.447299740074293295e-02	3.759809570544739299e-02	9.446165812476514656e-02
1.765786127984178393e+03	1.919385058328870741e-01	1.216692468040659891e-01	2.884684327024725770e-01	1.811856573041219776e-01	8.453830610283413760e-02	3.764392069539028440e-02	9.455593055802234692e-02
1.770623898197833569e+03	1.915983151207119872e-01	1.214361015450846626e-01	2.886849188392148213e-01	1.813382183854961860e-01	8.460326400184597917e-02	3.768952602204862778e-02	9.464965608539212261e-02
1.775461668411488745e+03	1.912600768118986605e-01	1.212042292719116288e-01	2.889001697616496722e-01	1.814899006367496348e-01	8.466787298761997704e-02	3.773491258788480573e-02	9.474283794207995213e-02
1.780299438625144376e+03	1.909237797649952495e-01	1.209736229591987788e-01	2.891141927218870977e-01	1.816407089764048577e-01	8.473213493957380826e-02	3.778008129353903344e-02	9.483547934419550574e-02
1.785137208838799552e+03	1.905894129020881678e-01	1.207442756206464213e-01	2.893269949266494279e-01	1.817906482969931514e-01	8.479605172676354941e-02	3.782503303780462151e-02	9.492758348884897113e-02
1.789974979052454728e+03	1.902569652084361018e-01	1.205161803087859002e-01	2.895385835376046435e-01	1.819397234651707884e-01	8.485962520794565478e-02	3.786976871760370372e-02	9.501915355424747633e-02
1.794812749266109904e+03	1.899264257321065241e-01	1.202893301147634347e-01	2.897489656716960571e-01	1.820879393218348685e-01	8.492285723163840727e-02	3.791428922796359624e-02	9.511019269979145707e-02
1.799650519479765535e+03	1.895977835836141490e-01	1.200637181681249999e-01	2.899581484014681632e-01	1.822353006822390598e-01	8.498574963618306388e-02	3.795859546199361473e-02	9.520070406617124614e-02
1.804488289693420711e+03	1.892710279355616088e-01	1.198393376366025664e-01	2.901661387553900462e-01	1.823818123361093668e-01	8.504830424980468206e-02	3.800268831086248134e-02	9.529069077546357958e-02
1.809326059907075887e+03	1.889461480222822953e-01	1.196161817259013826e-01	2.903729437181743478e-01	1.825274790477594833e-01	8.511052289067239096e-02	3.804656866377616187e-02	9.538015593122822766e-02
1.814163830120731291e+03	1.886231331394854493e-01	1.193942436794884904e-01	2.905785702310940688e-01	1.826723055562060050e-01	8.517240736695949610e-02	3.809023740795630664e-02	9.546910261860444558e-02
1.819001600334386467e+03	1.883019726439030539e-01	1.191735167783823934e-01	2.907830251922954301e-01	1.828162965752836433e-01	8.523395947690298735e-02	3.813369542861912154e-02	9.555753390440760442e-02
1.823839370548041643e+03	1.879826559529391983e-01	1.189539943409439332e-01	2.909863154571078470e-01	1.829594567937599670e-01	8.529518100886283871e-02	3.817694360895476646e-02	9.564545283722564184e-02
1.828677140761696819e+03	1.876651725443212460e-01	1.187356697226681773e-01	2.911884478383509056e-01	1.831017908754501988e-01	8.535607374138082237e-02	3.821998283010723946e-02	9.573286244751555429e-02
1.833514910975352450e+03	1.873495119557532784e-01	1.185185363159776267e-01	2.913894291066381204e-01	1.832433034593315968e-01	8.541663944323893420e-02	3.826281397115473271e-02	9.581976574769979216e-02
1.838352681189008081e+03	1.870356637845714265e-01	1.183025875500164775e-01	2.915892659906779150e-01	1.833839991596577512e-01	8.547687987351748617e-02	3.830543790909045343e-02	9.590616573226251607e-02
1.843190451402663257e+03	1.867236176874014497e-01	1.180878168904460068e-01	2.917879651775713290e-01	1.835238825660726047e-01	8.553679678165279632e-02	3.834785551880395132e-02	9.599206537784582549e-02
1.848028221616318433e+03	1.864133633798181200e-01	1.178742178392410689e-01	2.919855333131072261e-01	1.836629582437243335e-01	8.559639190749449011e-02	3.839006767306282070e-02	9.607746764334589018e-02
1.852865991829973609e+03	1.861048906360067423e-01	1.176617839344878541e-01	2.921819770020544493e-01	1.838012307333787010e-01	8.565566698136237167e-02	3.843207524249495771e-02	9.616237547000885955e-02
1.857703762043628785e+03	1.857981892884268127e-01	1.174505087501825640e-01	2.923773028084509784e-01	1.839387045515325780e-01	8.571462372410303121e-02	3.847387909557118540e-02	9.624679178152670267e-02
1.862541532257283961e+03	1.854932492274774525e-01	1.172403858960313627e-01	2.925715172558907562e-01	1.840753841905270194e-01	8.577326384714592522e-02	3.851548009858837135e-02	9.633071948413290952e-02
1.867379302470939592e+03	1.851900604011649520e-01	1.170314090172513422e-01	2.927646268278073505e-01	1.842112741186599234e-01	8.583158905255919291e-02	3.855687911565293391e-02	9.641416146669803955e-02
1.872217072684594768e+03	1.848886128147721464e-01	1.168235717943726243e-01	2.929566379677553400e-01	1.843463787802987475e-01	8.588960103310504246e-02	3.859807700866477870e-02	9.649712060082502041e-02
1.877054842898249490e+03	1.845888965305299279e-01	1.166168679430415467e-01	2.931475570796886476e-01	1.844807025959927793e-01	8.594730147229476258e-02	3.863907463730167913e-02	9.657959974094429412e-02
1.881892613111905121e+03	1.842909016672905909e-01	1.164112912138249162e-01	2.933373905282367078e-01	1.846142499625851030e-01	8.600469204444334548e-02	3.867987285900410105e-02	9.666160172440878273e-02
1.886730383325560297e+03	1.839946184002031471e-01	1.162068353920154284e-01	2.935261446389776929e-01	1.847470252533244539e-01	8.606177441472374900e-02	3.872047252896030495e-02	9.674312937158871528e-02
1.891568153539215928e+03	1.837000369603905559e-01	1.160034942974380312e-01	2.937138256987093521e-01	1.848790328179766296e-01	8.611855023922081187e-02	3.876087450009199631e-02	9.682418548596606611e-02
1.896405923752871104e+03	1.834071476346287310e-01	1.158012617842574393e-01	2.939004399557175740e-01	1.850102769829356508e-01	8.617502116498476639e-02	3.880107962304030211e-02	9.690477285422889608e-02
1.901243693966526507e+03	1.831159407650276849e-01	1.156001317407867740e-01	2.940859936200421187e-01	1.851407620513347840e-01	8.623118883008436264e-02	3.884108874615212204e-02	9.698489424636544398e-02
1.906081464180181683e+03	1.828264067487143651e-01	1.154000980892971318e-01	2.942704928637401851e-01	1.852704923031570916e-01	8.628705486365968735e-02	3.888090271546688903e-02	9.706455241575792647e-02
1.910919234393836859e+03	1.825385360375174071e-01	1.152011547858282359e-01	2.944539438211474791e-01	1.853994719953457604e-01	8.634262088597456641e-02	3.892052237470371850e-02	9.714375009927612992e-02
1.915757004607492036e+03	1.822523191376537732e-01	1.150032958200002536e-01	2.946363525891370072e-01	1.855277053619140970e-01	8.639788850846855106e-02	3.895994856524886973e-02	9.722249001737071072e-02
1.920594774821147894e+03	1.819677466094171692e-01	1.148065152148265572e-01	2.948177252273757043e-01	1.856551966140553012e-01	8.645285933380873755e-02	3.899918212614364443e-02	9.730077487416624593e-02
1.925432545034802843e+03	1.816848090668683191e-01	1.146108070265274698e-01	2.949980677585781752e-01	1.857819499402518226e-01	8.650753495594099007e-02	3.903822389407259758e-02	9.737860735755396457e-02
1.930270315248458019e+03	1.814034971775272120e-01	1.144161653443451498e-01	2.951773861687591594e-01	1.859079695063844961e-01	8.656191696014094161e-02	3.907707470335210209e-02	9.745599013928427090e-02
1.935108085462113195e+03	1.811238016620668190e-01	1.142225842903595162e-01	2.953556864074827759e-01	1.860332594558413155e-01	8.661600692306466176e-02	3.911573538591928828e-02	9.753292587505889288e-02
1.939945855675768371e+03	1.808457132940089751e-01	1.140300580193050611e-01	2.955329743881102700e-01	1.861578239096259024e-01	8.666980641279885267e-02	3.915420677132132321e-02	9.760941720462279481e-02
1.944783625889424002e+03	1.805692228994217885e-01	1.138385807183888015e-01	2.957092559880454830e-01	1.862816669664655866e-01	8.672331698891080909e-02	3.919248968670500238e-02	9.768546675185570127e-02
1.949621396103079178e+03	1.802943213566189362e-01	1.136481466071091878e-01	2.958845370489775473e-01	1.864047927029193752e-01	8.677654020249798983e-02	3.923058495680666752e-02	9.776107712486344081e-02
1.954459166316734354e+03	1.800209995958606535e-01	1.134587499370760255e-01	2.960588233771226374e-01	1.865272051734852832e-01	8.682947759623721451e-02	3.926849340394249904e-02	9.783625091606885926e-02
1.959296936530389530e+03	1.797492485990565825e-01	1.132703849918313826e-01	2.962321207434625570e-01	1.866489084107075813e-01	8.688213070443355501e-02	3.930621584799907919e-02	9.791099070230241397e-02
1.964134706744044706e+03	1.794790593994703143e-01	1.130830460866715376e-01	2.964044348839819376e-01	1.867699064252836272e-01	8.693450105306887998e-02	3.934375310642432289e-02	9.798529904489254594e-02
1.968972476957700337e+03	1.792104230814255406e-01	1.128967275684698568e-01	2.965757714999032180e-01	1.868902032061703078e-01	8.698659015985005238e-02	3.938110599421865837e-02	9.805917848975556628e-02
1.973810247171355968e+03	1.789433307800141482e-01	1.127114238155006859e-01	2.967461362579194573e-01	1.870098027206902602e-01	8.703839953425680787e-02	3.941827532392654099e-02	9.813263156748532057e-02
1.978648017385010689e+03	1.786777736808058403e-01	1.125271292372642395e-01	2.969155347904253728e-01	1.871287089146376759e-01	8.708993067758925843e-02	3.945526190562831381e-02	9.820566079344247856e-02
1.983485787598666320e+03	1.784137430195595064e-01	1.123438382743124075e-01	2.970839726957467120e-01	1.872469257123836606e-01	8.714118508301513244e-02	3.949206654693228347e-02	9.827826866784346305e-02
1.988323557812321269e+03	1.781512300819363126e-01	1.121615453980755461e-01	2.972514555383669599e-01	1.873644570169815393e-01	8.719216423561665374e-02	3.952869005296713589e-02	9.835045767584899012e-02
1.993161328025976900e+03	1.778902262032144577e-01	1.119802451106903102e-01	2.974179888491527701e-01	1.874813067102715503e-01	8.724286961243701843e-02	3.956513322637464358e-02	9.842223028765233195e-02
1.997999098239632076e+03	1.776307227680054557e-01	1.117999319448282902e-01	2.975835781255775081e-01	1.875974786529851779e-01	8.729330268252674663e-02	3.960139686730264341e-02	9.849358895856719087e-02
2.002836868453287707e+03	1.773727112099723613e-01	1.116206004635258014e-01	2.977482288319424630e-01	1.877129766848494308e-01	8.734346490698947918e-02	3.963748177339827816e-02	9.856453612911517115e-02
2.007674638666942428e+03	1.771161830115493274e-01	1.114422452600143804e-01	2.979119463995967276e-01	1.878278046246904254e-01	8.739335773902763560e-02	3.967338873980153641e-02	9.863507422511293143e-02
2.012512408880597604e+03	1.768611297036631336e-01	1.112648609575524611e-01	2.980747362271550238e-01	1.879419662705367200e-01	8.744298262398764177e-02	3.970911855913903526e-02	9.870520565775887933e-02
2.017350179094252780e+03	1.766075428654558521e-01	1.110884422092577734e-01	2.982366036807140297e-01	1.880554653997224546e-01	8.749234099940496334e-02	3.974467202151810846e-02	9.877493282371967165e-02
2.022187949307908411e+03	1.763554141240097350e-01	1.109129836979408645e-01	2.983975540940663196e-01	1.881683057689899630e-01	8.754143429504869511e-02	3.978004991452108174e-02	9.884425810521613176e-02
2.027025719521564042e+03	1.761047351540731831e-01	1.107384801359393989e-01	2.985575927689133602e-01	1.882804911145919968e-01	8.759026393296592827e-02	3.981525302319990911e-02	9.891318387010891722e-02
2.031863489735218764e+03	1.758554976777885748e-01	1.105649262649534698e-01	2.987167249750762865e-01	1.883920251523937273e-01	8.763883132752578464e-02	3.985028213007095477e-02	9.898171247198377098e-02
2.036701259948874394e+03	1.756076934644216214e-01	1.103923168558817863e-01	2.988749559507051790e-01	1.885029115779743303e-01	8.768713788546320109e-02	3.988513801511010121e-02	9.904984625023634248e-02
2.041539030162529116e+03	1.753613143300923050e-01	1.102206467086587621e-01	2.990322909024862308e-01	1.886131540667280726e-01	8.773518500592235314e-02	3.991982145574803770e-02	9.911758753015673107e-02
2.046376800376184747e+03	1.751163521375073140e-01	1.100499106520925613e-01	2.991887350058481387e-01	1.887227562739652309e-01	8.778297408049975936e-02	3.995433322686585409e-02	9.918493862301350217e-02
2.051214570589840150e+03	1.748727987956942009e-01	1.098801035437040052e-01	2.993442934051660509e-01	1.888317218350126503e-01	8.783050649328717763e-02	3.998867410079080809e-02	9.925190182613742584e-02
2.056052340803495554e+03	1.746306462597368436e-01	1.097112202695663535e-01	2.994989712139641269e-01	1.889400543653136366e-01	8.787778362091416828e-02	4.002284484729238395e-02	9.931847942300475740e-02
2.060890111017150957e+03	1.743898865305126833e-01	1.095432557441460564e-01	2.996527735151165994e-01	1.890477574605279043e-01	8.792480683259035201e-02	4.005684623357850388e-02	9.938467368332015717e-02
2.065727881230805451e+03	1.741505116544312393e-01	1.093762049101442840e-01	2.998057053610473366e-01	1.891548346966307748e-01	8.797157749014739014e-02	4.009067902429203772e-02	9.945048686309918007e-02
2.070565651444461309e+03	1.739125137231744000e-01	1.092100627383394973e-01	2.999577717739274618e-01	1.892612896300122360e-01	8.801809694808070128e-02	4.012434398150749315e-02	9.951592120475040437e-02
2.075403421658116713e+03	1.736758848734380467e-01	1.090448242274306839e-01	3.001089777458720298e-01	1.893671257975755862e-01	8.806436655359085874e-02	4.015784186472791395e-02	9.958097893715713023e-02
2.080241191871772116e+03	1.734406172866752027e-01	1.088804844038816499e-01	3.002593282391342600e-01	1.894723467168356323e-01	8.811038764662475209e-02	4.019117343088203509e-02	9.964566227575871737e-02
2.085078962085427065e+03	1.732067031888407938e-01	1.087170383217661018e-01	3.004088281862992704e-01	1.895769558860166126e-01	8.815616155991647107e-02	4.022433943432159736e-02	9.970997342263143715e-02
2.089916732299082469e+03	1.729741348501376008e-01	1.085544810626135753e-01	3.005574824904757025e-01	1.896809567841496180e-01	8.820168961902784266e-02	4.025734062681889797e-02	9.977391456656901914e-02
2.094754502512737417e+03	1.727429045847640454e-01	1.083928077352562663e-01	3.007052960254860130e-01	1.897843528711697925e-01	8.824697314238881540e-02	4.029017775756453534e-02	9.983748788316276768e-02
2.099592272726392821e+03	1.725130047506632236e-01	1.082320134756767083e-01	3.008522736360552674e-01	1.898871475880129778e-01	8.829201344133745522e-02	4.032285157316532753e-02	9.990069553488119258e-02
2.104430042940048224e+03	1.722844277492733556e-01	1.080720934468562544e-01	3.009984201379986013e-01	1.899893443567122753e-01	8.833681182015976074e-02	4.035536281764248723e-02	9.996353967114937622e-02
2.109267813153704083e+03	1.720571660252798174e-01	1.079130428386244483e-01	3.011437403184070716e-01	1.900909465804938303e-01	8.838136957612918732e-02	4.038771223242993563e-02	1.000260224284278271e-01
2.114105583367359031e+03	1.718312120663684772e-01	1.077548568675092272e-01	3.012882389358322310e-01	1.901919576438725334e-01	8.842568799954586556e-02	4.041990055637281060e-02	1.000881459302909449e-01
2.118943353581013525e+03	1.716065584029806690e-01	1.075975307765879296e-01	3.014319207204693152e-01	1.902923809127472221e-01	8.846976837377563962e-02	4.045192852572616904e-02	1.001499122875050968e-01
2.123781123794669384e+03	1.713831976080691932e-01	1.074410598353392476e-01	3.015747903743389302e-01	1.903922197344956602e-01	8.851361197528878622e-02	4.048379687415388367e-02	1.002113235981063055e-01
2.128618894008324787e+03	1.711611222968562329e-01	1.072854393394957612e-01	3.017168525714672978e-01	1.904914774380689069e-01	8.855722007369852544e-02	4.051550633272771318e-02	1.002723819474774514e-01
2.133456664221980191e+03	1.709403251265922685e-01	1.071306646108975968e-01	3.018581119580656114e-01	1.905901573340854638e-01	8.860059393179924025e-02	4.054705762992651813e-02	1.003330894084251829e-01
2.138294434435635139e+03	1.707207987963164919e-01	1.069767309973466696e-01	3.019985731527072836e-01	1.906882627149248943e-01	8.864373480560445995e-02	4.057845149163567117e-02	1.003934480412563418e-01
2.143132204649290543e+03	1.705025360466188022e-01	1.068236338724618539e-01	3.021382407465046382e-01	1.907857968548213323e-01	8.868664394438456611e-02	4.060968864114669619e-02	1.004534598938539441e-01
2.147969974862945492e+03	1.702855296594027179e-01	1.066713686355349050e-01	3.022771193032836035e-01	1.908827630099563799e-01	8.872932259070434591e-02	4.064076979915693527e-02	1.005131270017528833e-01
2.152807745076601350e+03	1.700697724576502867e-01	1.065199307113872673e-01	3.024152133597577397e-01	1.909791644185516446e-01	8.877177198046018458e-02	4.067169568376952787e-02	1.005724513882150922e-01
2.157645515290255844e+03	1.698552573051878012e-01	1.063693155502275639e-01	3.025525274257004349e-01	1.910750043009609989e-01	8.881399334291707748e-02	4.070246701049343857e-02	1.006314350643043726e-01
2.162483285503912157e+03	1.696419771064531234e-01	1.062195186275099457e-01	3.026890659841162678e-01	1.911702858597623678e-01	8.885598790074542008e-02	4.073308449224372768e-02	1.006900800289607933e-01
2.167321055717567106e+03	1.694299248062642871e-01	1.060705354437932735e-01	3.028248334914106499e-01	1.912650122798492391e-01	8.889775687005753435e-02	4.076354883934189821e-02	1.007483882690746874e-01
2.172158825931222509e+03	1.692190933895895422e-01	1.059223615246010358e-01	3.029598343775587455e-01	1.913591867285216741e-01	8.893930146044390361e-02	4.079386075951646484e-02	1.008063617595602313e-01
2.176996596144877003e+03	1.690094758813184828e-01	1.057749924202819602e-01	3.030940730462725052e-01	1.914528123555770123e-01	8.898062287500928258e-02	4.082402095790364088e-02	1.008640024634286508e-01
2.181834366358532861e+03	1.688010653460348398e-01	1.056284237058716380e-01	3.032275538751671440e-01	1.915458922934001607e-01	8.902172231040852979e-02	4.085403013704815706e-02	1.009213123318609684e-01
2.186672136572187810e+03	1.685938548877902454e-01	1.054826509809546342e-01	3.033602812159260642e-01	1.916384296570536050e-01	8.906260095688221801e-02	4.088388899690426070e-02	1.009782933042804171e-01
2.191509906785843214e+03	1.683878376498794960e-01	1.053376698695276253e-01	3.034922593944643920e-01	1.917304275443668105e-01	8.910325999829193933e-02	4.091359823483682601e-02	1.010349473084243416e-01
2.196347676999498617e+03	1.681830068146169810e-01	1.051934760198631330e-01	3.036234927110917914e-01	1.918218890360255668e-01	8.914370061215549923e-02	4.094315854562262380e-02	1.010912762604158355e-01
2.201185447213154021e+03	1.679793556031146384e-01	1.050500651043740630e-01	3.037539854406736684e-01	1.919128171956606399e-01	8.918392396968186087e-02	4.097257062145170242e-02	1.011472820648348647e-01
2.206023217426809424e+03	1.677768772750608539e-01	1.049074328194790212e-01	3.038837418327914319e-01	1.920032150699362561e-01	8.922393123580582563e-02	4.100183515192896283e-02	1.012029666147890167e-01
2.210860987640464373e+03	1.675755651285009418e-01	1.047655748854683933e-01	3.040127661119017555e-01	1.920930856886381433e-01	8.926372356922249174e-02	4.103095282407576844e-02	1.012583317919839021e-01
2.215698757854119776e+03	1.673754124996186532e-01	1.046244870463710896e-01	3.041410624774940064e-01	1.921824320647611273e-01	8.930330212242157395e-02	4.105992432233177697e-02	1.013133794667930437e-01
2.220536528067775180e+03	1.671764127625190999e-01	1.044841650698221935e-01	3.042686351042476200e-01	1.922712571945965343e-01	8.934266804172143195e-02	4.108875032855686255e-02	1.013681114983275150e-01
2.225374298281430583e+03	1.669785593290128156e-01	1.043446047469311494e-01	3.043954881421872538e-01	1.923595640578189270e-01	8.938182246730289049e-02	4.111743152203312102e-02	1.014225297345050375e-01
2.230212068495085077e+03	1.667818456484011502e-01	1.042058018921508261e-01	3.045216257168376073e-01	1.924473556175727851e-01	8.942076653324289304e-02	4.114596857946708347e-02	1.014766360121187733e-01
2.235049838708740936e+03	1.665862652072628569e-01	1.040677523431472878e-01	3.046470519293768553e-01	1.925346348205586033e-01	8.945950136754790560e-02	4.117436217499197831e-02	1.015304321569056728e-01
2.239887608922396339e+03	1.663918115292418176e-01	1.039304519606702171e-01	3.047717708567886929e-01	1.926214045971185729e-01	8.949802809218712629e-02	4.120261298017015988e-02	1.015839199836144763e-01
2.244725379136052197e+03	1.661984781748362394e-01	1.037938966284241704e-01	3.048957865520139920e-01	1.927076678613221794e-01	8.953634782312554219e-02	4.123072166399559257e-02	1.016371012960732567e-01
2.249563149349706237e+03	1.660062587411887669e-01	1.036580822529405421e-01	3.050191030441007922e-01	1.927934275110510520e-01	8.957446167035663931e-02	4.125868889289650843e-02	1.016899778872565885e-01
2.254400919563362095e+03	1.658151468618779267e-01	1.035230047634501244e-01	3.051417243383534594e-01	1.928786864280837565e-01	8.961237073793507091e-02	4.128651533073816882e-02	1.017425515393524105e-01
2.259238689777017044e+03	1.656251362067108490e-01	1.033886601117564447e-01	3.052636544164805676e-01	1.929634474781798947e-01	8.965007612400902048e-02	4.131420163882570246e-02	1.017948240238283619e-01
2.264076459990672902e+03	1.654362204815170712e-01	1.032550442721099637e-01	3.053848972367423364e-01	1.930477135111642040e-01	8.968757892085239825e-02	4.134174847590703361e-02	1.018467971014978130e-01
