1.001418434226643626e+03	2.799298855654061557e-01	1.806714189020265371e-01	2.347994839191130945e-01	1.409052115075964118e-01	6.811812891873972320e-02	2.675486208680095609e-02	6.882100910011126893e-02
1.002869765290740247e+03	2.796751523108018667e-01	1.805056353199231411e-01	2.349784980392382039e-01	1.410119315752619007e-01	6.816311466381434758e-02	2.677908694023741626e-02	6.888658115051725372e-02
1.004321096354836754e+03	2.794208522510479020e-01	1.803401298016247822e-01	2.351571791837129277e-01	1.411184777543056657e-01	6.820803159099333990e-02	2.680327322818071636e-02	6.895205618992875096e-02
1.005772427418933376e+03	2.791669846583191839e-01	1.801749018703036609e-01	2.353355279689969826e-01	1.412248503481243478e-01	6.825287979496388879e-02	2.682742101531967321e-02	6.901743434376636510e-02
1.007223758483029997e+03	2.789135488060000556e-01	1.800099510499642008e-01	2.355135450103998385e-01	1.413310496594439025e-01	6.829765937041699930e-02	2.685153036623443359e-02	6.908271573733469617e-02
1.008675089547126618e+03	2.786605439686823948e-01	1.798452768654415501e-01	2.356912309220830226e-01	1.414370759903225416e-01	6.834237041204474505e-02	2.687560134539669632e-02	6.914790049582313081e-02
1.010126420611223239e+03	2.784079694221639478e-01	1.796808788423999714e-01	2.358685863170624231e-01	1.415429296421535366e-01	6.838701301453770087e-02	2.689963401716985100e-02	6.921298874430673043e-02
1.011577751675319632e+03	2.781558244434458316e-01	1.795167565073316207e-01	2.360456118072105369e-01	1.416486109156677997e-01	6.843158727258225049e-02	2.692362844580919665e-02	6.927798060774691125e-02
1.013029082739416367e+03	2.779041083107312016e-01	1.793529093875548819e-01	2.362223080032587463e-01	1.417541201109368543e-01	6.847609328085813019e-02	2.694758469546209081e-02	6.934287621099227694e-02
1.014480413803512761e+03	2.776528203034230868e-01	1.791893370112129513e-01	2.363986755147994279e-01	1.418594575273753600e-01	6.852053113403594464e-02	2.697150283016814740e-02	6.940767567877928479e-02
1.015931744867609382e+03	2.774019597021224470e-01	1.790260389072723668e-01	2.365747149502885061e-01	1.419646234637437776e-01	6.856490092677471060e-02	2.699538291385941702e-02	6.947237913573292567e-02
1.017383075931706003e+03	2.771515257886264516e-01	1.788630146055216474e-01	2.367504269170473963e-01	1.420696182181511169e-01	6.860920275371955313e-02	2.701922501036055010e-02	6.953698670636747348e-02
1.018834406995802851e+03	2.769015178459262039e-01	1.787002636365696839e-01	2.369258120212653917e-01	1.421744420880574900e-01	6.865343670949931865e-02	2.704302918338899464e-02	6.960149851508706798e-02
1.020285738059899245e+03	2.766519351582053532e-01	1.785377855318443785e-01	2.371008708680018007e-01	1.422790953702767203e-01	6.869760288872438225e-02	2.706679549655515576e-02	6.966591468618636707e-02
1.021737069123995752e+03	2.764027770108377635e-01	1.783755798235911183e-01	2.372756040611882500e-01	1.423835783609789241e-01	6.874170138598441337e-02	2.709052401336259699e-02	6.973023534385112965e-02
1.023188400188092373e+03	2.761540426903856260e-01	1.782136460448714987e-01	2.374500122036307947e-01	1.424878913556929805e-01	6.878573229584619697e-02	2.711421479720819983e-02	6.979446061215882624e-02
1.024639731252188767e+03	2.759057314845979603e-01	1.780519837295616303e-01	2.376240958970122774e-01	1.425920346493091684e-01	6.882969571285156574e-02	2.713786791138234761e-02	6.985859061507919410e-02
1.026091062316285615e+03	2.756578426824081718e-01	1.778905924123508897e-01	2.377978557418942984e-01	1.426960085360815533e-01	6.887359173151530456e-02	2.716148341906910249e-02	6.992262547647479232e-02
1.027542393380382237e+03	2.754103755739325532e-01	1.777294716287403931e-01	2.379712923377196587e-01	1.427998133096305133e-01	6.891742044632315212e-02	2.718506138334638583e-02	6.998656532010147369e-02
1.028993724444478858e+03	2.751633294504682858e-01	1.775686209150415251e-01	2.381444062828142749e-01	1.429034492629450981e-01	6.896118195172981635e-02	2.720860186718615167e-02	7.005041026960893980e-02
1.030445055508575479e+03	2.749167036044914414e-01	1.774080398083746346e-01	2.383171981743895940e-01	1.430069166883856102e-01	6.900487634215705934e-02	2.723210493345456715e-02	7.011416044854121288e-02
1.031896386572671872e+03	2.746704973296550389e-01	1.772477278466675077e-01	2.384896686085446194e-01	1.431102158776858535e-01	6.904850371199182379e-02	2.725557064491217901e-02	7.017781598033706603e-02
1.033347717636768493e+03	2.744247099207875462e-01	1.770876845686538414e-01	2.386618181802681038e-01	1.432133471219556031e-01	6.909206415558437342e-02	2.727899906421410101e-02	7.024137698833049503e-02
1.034799048700865114e+03	2.741793406738904926e-01	1.769279095138720226e-01	2.388336474834407974e-01	1.433163107116829094e-01	6.913555776724653046e-02	2.730239025391018384e-02	7.030484359575116249e-02
1.036250379764961508e+03	2.739343888861368037e-01	1.767684022226635732e-01	2.390051571108374184e-01	1.434191069367364568e-01	6.917898464124987157e-02	2.732574427644518869e-02	7.036821592572477246e-02
1.037701710829058356e+03	2.736898538558690808e-01	1.766091622361717350e-01	2.391763476541289568e-01	1.435217360863678404e-01	6.922234487182403473e-02	2.734906119415897452e-02	7.043149410127351462e-02
1.039153041893154750e+03	2.734457348825972689e-01	1.764501890963400543e-01	2.393472197038847837e-01	1.436241984492139245e-01	6.926563855315505391e-02	2.737234106928665769e-02	7.049467824531638338e-02
1.040604372957251599e+03	2.732020312669973250e-01	1.762914823459109936e-01	2.395177738495746500e-01	1.437264943132990913e-01	6.930886577938370763e-02	2.739558396395879239e-02	7.055776848066959428e-02
1.042055704021347992e+03	2.729587423109088307e-01	1.761330415284245443e-01	2.396880106795710175e-01	1.438286239660374333e-01	6.935202664460390909e-02	2.741878994020155100e-02	7.062076493004687539e-02
1.043507035085444613e+03	2.727158673173334380e-01	1.759748661882166720e-01	2.398579307811510297e-01	1.439305876942350848e-01	6.939512124286117967e-02	2.744195905993688372e-02	7.068366771605988363e-02
1.044958366149541234e+03	2.724734055904328711e-01	1.758169558704180957e-01	2.400275347404986770e-01	1.440323857840923316e-01	6.943814966815106682e-02	2.746509138498270941e-02	7.074647696121842688e-02
1.046409697213637855e+03	2.722313564355270943e-01	1.756593101209527608e-01	2.401968231427068778e-01	1.441340185212058589e-01	6.948111201441768692e-02	2.748818697705308206e-02	7.080919278793081084e-02
1.047861028277734476e+03	2.719897191590923136e-01	1.755019284865364515e-01	2.403657965717796996e-01	1.442354861905709440e-01	6.952400837555224034e-02	2.751124589775836085e-02	7.087181531850413052e-02
1.049312359341831097e+03	2.717484930687593669e-01	1.753448105146752922e-01	2.405344556106342735e-01	1.443367890765835937e-01	6.956683884539162366e-02	2.753426820860537666e-02	7.093434467514456165e-02
1.050763690405927491e+03	2.715076774733116149e-01	1.751879557536646370e-01	2.407028008411029874e-01	1.444379274630426535e-01	6.960960351771697252e-02	2.755725397099762983e-02	7.099678097995758275e-02
1.052215021470024112e+03	2.712672716826831087e-01	1.750313637525873767e-01	2.408708328439355395e-01	1.445389016331519449e-01	6.965230248625239873e-02	2.758020324623543934e-02	7.105912435494826651e-02
1.053666352534120733e+03	2.710272750079567583e-01	1.748750340613126064e-01	2.410385521988011037e-01	1.446397118695224304e-01	6.969493584466353309e-02	2.760311609551610937e-02	7.112137492202147415e-02
1.055117683598217127e+03	2.707876867613625560e-01	1.747189662304944324e-01	2.412059594842902444e-01	1.447403584541741839e-01	6.973750368655634579e-02	2.762599257993413049e-02	7.118353280298211905e-02
1.056569014662313975e+03	2.705485062562755227e-01	1.745631598115703342e-01	2.413730552779171645e-01	1.448408416685385280e-01	6.978000610547580029e-02	2.764883276048132887e-02	7.124559811953534716e-02
1.058020345726410369e+03	2.703097328072140981e-01	1.744076143567598047e-01	2.415398401561215658e-01	1.449411617934600882e-01	6.982244319490467366e-02	2.767163669804703630e-02	7.130757099328675908e-02
1.059471676790506763e+03	2.700713657298379755e-01	1.742523294190631566e-01	2.417063146942709240e-01	1.450413191091988185e-01	6.986481504826226596e-02	2.769440445341827747e-02	7.136945154574261818e-02
1.060923007854603611e+03	2.698334043409464922e-01	1.740973045522599960e-01	2.418724794666623767e-01	1.451413138954320003e-01	6.990712175890327618e-02	2.771713608727992620e-02	7.143123989830997556e-02
1.062374338918700232e+03	2.695958479584766865e-01	1.739425393109077789e-01	2.420383350465249161e-01	1.452411464312562406e-01	6.994936342011665031e-02	2.773983166021487187e-02	7.149293617229689202e-02
1.063825669982796853e+03	2.693586959015014659e-01	1.737880332503405623e-01	2.422038820060212205e-01	1.453408169951895534e-01	6.999154012512444345e-02	2.776249123270421379e-02	7.155454048891257690e-02
1.065277001046893474e+03	2.691219474902277753e-01	1.736337859266676165e-01	2.423691209162498750e-01	1.454403258651731368e-01	7.003365196708069562e-02	2.778511486512740686e-02	7.161605296926754072e-02
1.066728332110990095e+03	2.688856020459945984e-01	1.734797968967719539e-01	2.425340523472473697e-01	1.455396733185735647e-01	7.007569903907036324e-02	2.780770261776244201e-02	7.167747373437372005e-02
1.068179663175086489e+03	2.686496588912714034e-01	1.733260657183091080e-01	2.426986768679900985e-01	1.456388596321845086e-01	7.011768143410830600e-02	2.783025455078600927e-02	7.173880290514460245e-02
1.069630994239183110e+03	2.684141173496559230e-01	1.731725919497055788e-01	2.428629950463963294e-01	1.457378850822288463e-01	7.015959924513820445e-02	2.785277072427367814e-02	7.180004060239540686e-02
1.071082325303279504e+03	2.681789767458728213e-01	1.730193751501576949e-01	2.430270074493283139e-01	1.458367499443604109e-01	7.020145256503160236e-02	2.787525119820005379e-02	7.186118694684309749e-02
1.072533656367376352e+03	2.679442364057713077e-01	1.728664148796299760e-01	2.431907146425942579e-01	1.459354544936659892e-01	7.024324148658689371e-02	2.789769603243895044e-02	7.192224205910660584e-02
1.073984987431472746e+03	2.677098956563236931e-01	1.727137106988540505e-01	2.433541171909502920e-01	1.460339990046672087e-01	7.028496610252842058e-02	2.792010528676355796e-02	7.198320605970678909e-02
1.075436318495569594e+03	2.674759538256232805e-01	1.725612621693271009e-01	2.435172156581025538e-01	1.461323837513223700e-01	7.032662650550547401e-02	2.794247902084661880e-02	7.204407906906662440e-02
1.076887649559666215e+03	2.672424102428827553e-01	1.724090688533106430e-01	2.436800106067091021e-01	1.462306090070282227e-01	7.036822278809143349e-02	2.796481729426057716e-02	7.210486120751122274e-02
1.078338980623762609e+03	2.670092642384323534e-01	1.722571303138290266e-01	2.438425025983819716e-01	1.463286750446220474e-01	7.040975504278285113e-02	2.798712016647776982e-02	7.216555259526793997e-02
1.079790311687859230e+03	2.667765151437177518e-01	1.721054461146681869e-01	2.440046921936891433e-01	1.464265821363832099e-01	7.045122336199861890e-02	2.800938769687057531e-02	7.222615335246643231e-02
1.081241642751955851e+03	2.665441622912986808e-01	1.719540158203743119e-01	2.441665799521564595e-01	1.465243305540351038e-01	7.049262783807906663e-02	2.803161994471158394e-02	7.228666359913869799e-02
1.082692973816052472e+03	2.663122050148466480e-01	1.718028389962524549e-01	2.443281664322697611e-01	1.466219205687469551e-01	7.053396856328515707e-02	2.805381696917376780e-02	7.234708345521913275e-02
1.084144304880149093e+03	2.660806426491434951e-01	1.716519152083651467e-01	2.444894521914766361e-01	1.467193524511356262e-01	7.057524562979772265e-02	2.807597882933065073e-02	7.240741304054455763e-02
1.085595635944245487e+03	2.658494745300793438e-01	1.715012440235311464e-01	2.446504377861886126e-01	1.468166264712673086e-01	7.061645912971661887e-02	2.809810558415646448e-02	7.246765247485428829e-02
1.087046967008342108e+03	2.656186999946509308e-01	1.713508250093240814e-01	2.448111237717829347e-01	1.469137428986593830e-01	7.065760915506000273e-02	2.812019729252632216e-02	7.252780187779013510e-02
1.088498298072438729e+03	2.653883183809596091e-01	1.712006577340710323e-01	2.449715107026046723e-01	1.470107020022821120e-01	7.069869579776354163e-02	2.814225401321638134e-02	7.258786136889641694e-02
1.089949629136535123e+03	2.651583290282097938e-01	1.710507417668512831e-01	2.451315991319685528e-01	1.471075040505603337e-01	7.073971914967970565e-02	2.816427580490400706e-02	7.264783106762003062e-02
1.091400960200631971e+03	2.649287312767069080e-01	1.709010766774950452e-01	2.452913896121610149e-01	1.472041493113753485e-01	7.078067930257707363e-02	2.818626272616794187e-02	7.270771109331038151e-02
1.092852291264728365e+03	2.646995244678558290e-01	1.707516620365818749e-01	2.454508826944420963e-01	1.473006380520664460e-01	7.082157634813956992e-02	2.820821483548846542e-02	7.276750156521946677e-02
1.094303622328825213e+03	2.644707079441587227e-01	1.706024974154396745e-01	2.456100789290473208e-01	1.473969705394327645e-01	7.086241037796586761e-02	2.823013219124756099e-02	7.282720260250180599e-02
1.095754953392921607e+03	2.642422810492137120e-01	1.704535823861431376e-01	2.457689788651897800e-01	1.474931470397349009e-01	7.090318148356865302e-02	2.825201485172907506e-02	7.288681432421449669e-02
1.097206284457018228e+03	2.640142431277126001e-01	1.703049165215125560e-01	2.459275830510619376e-01	1.475891678186965483e-01	7.094388975637404282e-02	2.827386287511889085e-02	7.294633684931717266e-02
1.098657615521114849e+03	2.637865935254395389e-01	1.701564993951124038e-01	2.460858920338375999e-01	1.476850331415062723e-01	7.098453528772093180e-02	2.829567631950509130e-02	7.300577029667197626e-02
1.100108946585211470e+03	2.635593315892686972e-01	1.700083305812500889e-01	2.462439063596738587e-01	1.477807432728190928e-01	7.102511816886034057e-02	2.831745524287810137e-02	7.306511478504355839e-02
1.101560277649308091e+03	2.633324566671632061e-01	1.698604096549746201e-01	2.464016265737129507e-01	1.478762984767582334e-01	7.106563849095487440e-02	2.833919970313087885e-02	7.312437043309902296e-02
1.103011608713404712e+03	2.631059681081725499e-01	1.697127361920752475e-01	2.465590532200842566e-01	1.479716990169165636e-01	7.110609634507808474e-02	2.836090975805906356e-02	7.318353735940795468e-02
1.104462939777501106e+03	2.628798652624314558e-01	1.695653097690802136e-01	2.467161868419061599e-01	1.480669451563584316e-01	7.114649182221395585e-02	2.838258546536114382e-02	7.324261568244232190e-02
1.105914270841597499e+03	2.626541474811577292e-01	1.694181299632554760e-01	2.468730279812879069e-01	1.481620371576211903e-01	7.118682501325629408e-02	2.840422688263860920e-02	7.330160552057647660e-02
1.107365601905694348e+03	2.624288141166504773e-01	1.692711963526032926e-01	2.470295771793316053e-01	1.482569752827167520e-01	7.122709600900822835e-02	2.842583406739612739e-02	7.336050699208708503e-02
1.108816932969790741e+03	2.622038645222886100e-01	1.691245085158610550e-01	2.471858349761340834e-01	1.483517597931333087e-01	7.126730490018169661e-02	2.844740707704170035e-02	7.341932021515311380e-02
1.110268264033887590e+03	2.619792980525287862e-01	1.689780660324998462e-01	2.473418019107887500e-01	1.484463909498367762e-01	7.130745177739682139e-02	2.846894596888681350e-02	7.347804530785573274e-02
1.111719595097984211e+03	2.617551140629037487e-01	1.688318684827231908e-01	2.474974785213875372e-01	1.485408690132725140e-01	7.134753673118159056e-02	2.849045080014661266e-02	7.353668238817828717e-02
1.113170926162080832e+03	2.615313119100206030e-01	1.686859154474658340e-01	2.476528653450227324e-01	1.486351942433667972e-01	7.138755985197117737e-02	2.851192162794005669e-02	7.359523157400627014e-02
1.114622257226177226e+03	2.613078909515589299e-01	1.685402065083923540e-01	2.478079629177888654e-01	1.487293668995283979e-01	7.142752123010760734e-02	2.853335850929008405e-02	7.365369298312721136e-02
1.116073588290273847e+03	2.610848505462690650e-01	1.683947412478959682e-01	2.479627717747846793e-01	1.488233872406500846e-01	7.146742095583924481e-02	2.855476150112376890e-02	7.371206673323062175e-02
1.117524919354370468e+03	2.608621900539704330e-01	1.682495192490971181e-01	2.481172924501148236e-01	1.489172555251102315e-01	7.150725911932030721e-02	2.857613066027248072e-02	7.377035294190793790e-02
1.118976250418467089e+03	2.606399088355497162e-01	1.681045400958422753e-01	2.482715254768918800e-01	1.490109720107743729e-01	7.154703581061051809e-02	2.859746604347204735e-02	7.382855172665243881e-02
1.120427581482563710e+03	2.604180062529591333e-01	1.679598033727026929e-01	2.484254713872382225e-01	1.491045369549965915e-01	7.158675111967455207e-02	2.861876770736291112e-02	7.388666320485920425e-02
1.121878912546660331e+03	2.601964816692144966e-01	1.678153086649729064e-01	2.485791307122877380e-01	1.491979506146211554e-01	7.162640513638172945e-02	2.864003570849028846e-02	7.394468749382498984e-02
1.123330243610756725e+03	2.599753344483937134e-01	1.676710555586697904e-01	2.487325039821878248e-01	1.492912132459839614e-01	7.166599795050554444e-02	2.866127010330433295e-02	7.400262471074817161e-02
1.124781574674853118e+03	2.597545639556348984e-01	1.675270436405309482e-01	2.488855917261011685e-01	1.493843251049140342e-01	7.170552965172330429e-02	2.868247094816028797e-02	7.406047497272866265e-02
1.126232905738949967e+03	2.595341695571347085e-01	1.673832724980137132e-01	2.490383944722076304e-01	1.494772864467350248e-01	7.174500032961574070e-02	2.870363829931865327e-02	7.411823839676784376e-02
1.127684236803046360e+03	2.593141506201465107e-01	1.672397417192936775e-01	2.491909127477060781e-01	1.495700975262666266e-01	7.178441007366662130e-02	2.872477221294533756e-02	7.417591509976845243e-02
1.129135567867143209e+03	2.590945065129786617e-01	1.670964508932635262e-01	2.493431470788162185e-01	1.496627585978261288e-01	7.182375897326238878e-02	2.874587274511181123e-02	7.423350519853447183e-02
1.130586898931239830e+03	2.588752366049928422e-01	1.669533996095317885e-01	2.494950979907805122e-01	1.497552699152298328e-01	7.186304711769184173e-02	2.876693995179527980e-02	7.429100880977110299e-02
1.132038229995336451e+03	2.586563402666022804e-01	1.668105874584214221e-01	2.496467660078657558e-01	1.498476317317944950e-01	7.190227459614570438e-02	2.878797388887881920e-02	7.434842605008461225e-02
1.133489561059432845e+03	2.584378168692700317e-01	1.666680140309687308e-01	2.497981516533653024e-01	1.499398443003387982e-01	7.194144149771640462e-02	2.880897461215155969e-02	7.440575703598227564e-02
1.134940892123529466e+03	2.582196657855070909e-01	1.665256789189220044e-01	2.499492554496005325e-01	1.500319078731847666e-01	7.198054791139768538e-02	2.882994217730881423e-02	7.446300188387225405e-02
1.136392223187626087e+03	2.580018863888708935e-01	1.663835817147402418e-01	2.501000779179229361e-01	1.501238227021591265e-01	7.201959392608425770e-02	2.885087663995226231e-02	7.452016071006346831e-02
1.137843554251722708e+03	2.577844780539634839e-01	1.662417220115919303e-01	2.502506195787156384e-01	1.502155890385948322e-01	7.205857963057157867e-02	2.887177805559008881e-02	7.457723363076559919e-02
1.139294885315819101e+03	2.575674401564297389e-01	1.661000994033539069e-01	2.504008809513955658e-01	1.503072071333324267e-01	7.209750511355546287e-02	2.889264647963715044e-02	7.463422076208886535e-02
1.140746216379915950e+03	2.573507720729558135e-01	1.659587134846098322e-01	2.505508625544149992e-01	1.503986772367214564e-01	7.213637046363187422e-02	2.891348196741511459e-02	7.469112222004396784e-02
1.142197547444012343e+03	2.571344731812673090e-01	1.658175638506492466e-01	2.507005649052635454e-01	1.504899995986218320e-01	7.217517576929659284e-02	2.893428457415263277e-02	7.474793812054200681e-02
1.143648878508108737e+03	2.569185428601273857e-01	1.656766500974660716e-01	2.508499885204696911e-01	1.505811744684052711e-01	7.221392111894493759e-02	2.895505435498548982e-02	7.480466857939434278e-02
1.145100209572205586e+03	2.567029804893354861e-01	1.655359718217574994e-01	2.509991339156028567e-01	1.506722020949566032e-01	7.225260660087153008e-02	2.897579136495676000e-02	7.486131371231247167e-02
1.146551540636302207e+03	2.564877854497251697e-01	1.653955286209227715e-01	2.511480016052751174e-01	1.507630827266752127e-01	7.229123230327003102e-02	2.899649565901695966e-02	7.491787363490798324e-02
1.148002871700398828e+03	2.562729571231626702e-01	1.652553200930617638e-01	2.512965921031429795e-01	1.508538166114763990e-01	7.232979831423287653e-02	2.901716729202420339e-02	7.497434846269235287e-02
1.149454202764495449e+03	2.560584948925451743e-01	1.651153458369739868e-01	2.514449059219091565e-01	1.509444039967925977e-01	7.236830472175104223e-02	2.903780631874435664e-02	7.503073831107689995e-02
1.150905533828591842e+03	2.558443981417990454e-01	1.649756054521571980e-01	2.515929435733244013e-01	1.510348451295749905e-01	7.240675161371379343e-02	2.905841279385119533e-02	7.508704329537264910e-02
1.152356864892688463e+03	2.556306662558780474e-01	1.648360985388061806e-01	2.517407055681891714e-01	1.511251402562946156e-01	7.244513907790850471e-02	2.907898677192655157e-02	7.514326353079021914e-02
1.153808195956785084e+03	2.554172986207617901e-01	1.646968246978115225e-01	2.518881924163555719e-01	1.512152896229438104e-01	7.248346720202038240e-02	2.909952830746047325e-02	7.519939913243968432e-02
1.155259527020881706e+03	2.552042946234541754e-01	1.645577835307584502e-01	2.520354046267289649e-01	1.513052934750375167e-01	7.252173607363225638e-02	2.912003745485137324e-02	7.525545021533049106e-02
1.156710858084978327e+03	2.549916536519813426e-01	1.644189746399254970e-01	2.521823427072698576e-01	1.513951520576145848e-01	7.255994578022444130e-02	2.914051426840619241e-02	7.531141689437133302e-02
1.158162189149074720e+03	2.547793750953901704e-01	1.642803976282833645e-01	2.523290071649956778e-01	1.514848656152391060e-01	7.259809640917444518e-02	2.916095880234053153e-02	7.536729928437001236e-02
1.159613520213171569e+03	2.545674583437465555e-01	1.641420520994936183e-01	2.524753985059823291e-01	1.515744343920017723e-01	7.263618804775683058e-02	2.918137111077882470e-02	7.542309750003331481e-02
1.161064851277267962e+03	2.543559027881339141e-01	1.640039376579075225e-01	2.526215172353663552e-01	1.516638586315210702e-01	7.267422078314300649e-02	2.920175124775448855e-02	7.547881165596694031e-02
1.162516182341364356e+03	2.541447078206510723e-01	1.638660539085647905e-01	2.527673638573462722e-01	1.517531385769446961e-01	7.271219470240104787e-02	2.922209926721006795e-02	7.553444186667530869e-02
1.163967513405461204e+03	2.539338728344110452e-01	1.637284004571924745e-01	2.529129388751844565e-01	1.518422744709507499e-01	7.275010989249550142e-02	2.924241522299737828e-02	7.558998824656150417e-02
1.165418844469557826e+03	2.537233972235392043e-01	1.635909769102035782e-01	2.530582427912091426e-01	1.519312665557490394e-01	7.278796644028727447e-02	2.926269916887768233e-02	7.564545090992710885e-02
1.166870175533654447e+03	2.535132803831715020e-01	1.634537828746959742e-01	2.532032761068158111e-01	1.520201150730824124e-01	7.282576443253341303e-02	2.928295115852182565e-02	7.570082997097210553e-02
1.168321506597751068e+03	2.533035217094527503e-01	1.633168179584510993e-01	2.533480393224691318e-01	1.521088202642279508e-01	7.286350395588697682e-02	2.930317124551037877e-02	7.575612554379473895e-02
1.169772837661847461e+03	2.530941205995352328e-01	1.631800817699328443e-01	2.534925329377046288e-01	1.521973823699982742e-01	7.290118509689683113e-02	2.932335948333381417e-02	7.581133774239140477e-02
1.171224168725944082e+03	2.528850764515768179e-01	1.630435739182862220e-01	2.536367574511304013e-01	1.522858016307428175e-01	7.293880794200760520e-02	2.934351592539263115e-02	7.586646668065649690e-02
1.172675499790040703e+03	2.526763886647392932e-01	1.629072940133363956e-01	2.537807133604290111e-01	1.523740782863490517e-01	7.297637257755944240e-02	2.936364062499752237e-02	7.592151247238231038e-02
1.174126830854137097e+03	2.524680566391868664e-01	1.627712416655871241e-01	2.539244011623589814e-01	1.524622125762436775e-01	7.301387908978791697e-02	2.938373363536951263e-02	7.597647523125893032e-02
1.175578161918233945e+03	2.522600797760843339e-01	1.626354164862199303e-01	2.540678213527566842e-01	1.525502047393939575e-01	7.305132756482388134e-02	2.940379500964011503e-02	7.603135507087406542e-02
1.177029492982330339e+03	2.520524574775955262e-01	1.624998180870926290e-01	2.542109744265380056e-01	1.526380550143089376e-01	7.308871808869338293e-02	2.942382480085148702e-02	7.608615210471297852e-02
1.178480824046426733e+03	2.518451891468815873e-01	1.623644460807382450e-01	2.543538608777001220e-01	1.527257636390406126e-01	7.312605074731748367e-02	2.944382306195656579e-02	7.614086644615829236e-02
1.179932155110523581e+03	2.516382741880994756e-01	1.622293000803639029e-01	2.544964811993231102e-01	1.528133308511852306e-01	7.316332562651216287e-02	2.946378984581922433e-02	7.619549820848990629e-02
1.181383486174620202e+03	2.514317120063999655e-01	1.620943796998494391e-01	2.546388358835716681e-01	1.529007568878844037e-01	7.320054281198823398e-02	2.948372520521442414e-02	7.625004750488485750e-02
1.182834817238716823e+03	2.512255020079264822e-01	1.619596845537463470e-01	2.547809254216969466e-01	1.529880419858264118e-01	7.323770238935117805e-02	2.950362919282835741e-02	7.630451444841725162e-02
1.184286148302813444e+03	2.510196435998131026e-01	1.618252142572766394e-01	2.549227503040381038e-01	1.530751863812473690e-01	7.327480444410110205e-02	2.952350186125859630e-02	7.635889915205804068e-02
1.185737479366910065e+03	2.508141361901831123e-01	1.616909684263314606e-01	2.550643110200241370e-01	1.531621903099324722e-01	7.331184906163261406e-02	2.954334326301423855e-02	7.641320172867495375e-02
1.187188810431006686e+03	2.506089791881471740e-01	1.615569466774701701e-01	2.552056080581755482e-01	1.532490540072170282e-01	7.334883632723471214e-02	2.956315345051607063e-02	7.646742229103238586e-02
1.188640141495103080e+03	2.504041720038018837e-01	1.614231486279188998e-01	2.553466419061058423e-01	1.533357777079878415e-01	7.338576632609071504e-02	2.958293247609669260e-02	7.652156095179121764e-02
1.190091472559199701e+03	2.501997140482279947e-01	1.612895738955695268e-01	2.554874130505235819e-01	1.534223616466843521e-01	7.342263914327817886e-02	2.960268039200068119e-02	7.657561782350877366e-02
1.191542803623296322e+03	2.499956047334889464e-01	1.611562220989785355e-01	2.556279219772338296e-01	1.535088060572996904e-01	7.345945486376879996e-02	2.962239725038473895e-02	7.662959301863858652e-02
1.192994134687392716e+03	2.497918434726290604e-01	1.610230928573656850e-01	2.557681691711398142e-01	1.535951111733820096e-01	7.349621357242833164e-02	2.964208310331781573e-02	7.668348664953039684e-02
1.194445465751489564e+03	2.495884296796720414e-01	1.608901857906130384e-01	2.559081551162447066e-01	1.536812772280355399e-01	7.353291535401655643e-02	2.966173800278129949e-02	7.673729882842994510e-02
1.195896796815585958e+03	2.493853627696193398e-01	1.607575005192635742e-01	2.560478802956533961e-01	1.537673044539217826e-01	7.356956029318713342e-02	2.968136200066911340e-02	7.679102966747884673e-02
1.197348127879682352e+03	2.491826421584484585e-01	1.606250366645202432e-01	2.561873451915737676e-01	1.538531930832606753e-01	7.360614847448761211e-02	2.970095514878790671e-02	7.684467927871453663e-02
1.198799458943779200e+03	2.489802672631113711e-01	1.604927938482445526e-01	2.563265502853189770e-01	1.539389433478317581e-01	7.364267998235930757e-02	2.972051749885716229e-02	7.689824777407006096e-02
1.200250790007875821e+03	2.487782375015329950e-01	1.603607716929556781e-01	2.564654960573085618e-01	1.540245554789752835e-01	7.367915490113728649e-02	2.974004910250937356e-02	7.695173526537400777e-02
1.201702121071972442e+03	2.485765522926094984e-01	1.602289698218290481e-01	2.566041829870704949e-01	1.541100297075933545e-01	7.371557331505028399e-02	2.975955001129016592e-02	7.700514186435038211e-02
1.203153452136069063e+03	2.483752110562066351e-01	1.600973878586953725e-01	2.567426115532425168e-01	1.541953662641510625e-01	7.375193530822066190e-02	2.977902027665845289e-02	7.705846768261848112e-02
1.204604783200165684e+03	2.481742132131582734e-01	1.599660254280393934e-01	2.568807822335741342e-01	1.542805653786777365e-01	7.378824096466435334e-02	2.979845994998659570e-02	7.711171283169272750e-02
1.206056114264262078e+03	2.479735581852646475e-01	1.598348821549987198e-01	2.570186955049279520e-01	1.543656272807678309e-01	7.382449036829083489e-02	2.981786908256051083e-02	7.716487742298262786e-02
1.207507445328358699e+03	2.477732453952909697e-01	1.597039576653627446e-01	2.571563518432817275e-01	1.544505521995822583e-01	7.386068360290302948e-02	2.983724772557985044e-02	7.721796156779259235e-02
1.208958776392455093e+03	2.475732742669655151e-01	1.595732515855714517e-01	2.572937517237294247e-01	1.545353403638493883e-01	7.389682075219733415e-02	2.985659593015812727e-02	7.727096537732182358e-02
1.210410107456551941e+03	2.473736442249784007e-01	1.594427635427142775e-01	2.574308956204836019e-01	1.546199920018661855e-01	7.393290189976355065e-02	2.987591374732286378e-02	7.732388896266424727e-02
1.211861438520648335e+03	2.471743546949796144e-01	1.593124931645288900e-01	2.575677840068762992e-01	1.547045073414994032e-01	7.396892712908484380e-02	2.989520122801573795e-02	7.737673243480829022e-02
1.213312769584745183e+03	2.469754051035777664e-01	1.591824400794001892e-01	2.577044173553613704e-01	1.547888866101864991e-01	7.400489652353772763e-02	2.991445842309272546e-02	7.742949590463688025e-02
1.214764100648841804e+03	2.467767948783382015e-01	1.590526039163590311e-01	2.578407961375155377e-01	1.548731300349369122e-01	7.404081016639205148e-02	2.993368538332423848e-02	7.748217948292723811e-02
1.216215431712937971e+03	2.465785234477816668e-01	1.589229843050811442e-01	2.579769208240402789e-01	1.549572378423330343e-01	7.407666814081091677e-02	2.995288215939527834e-02	7.753478328035080802e-02
1.217666762777034819e+03	2.463805902413825910e-01	1.587935808758859924e-01	2.581127918847637148e-01	1.550412102585313756e-01	7.411247052985070471e-02	2.997204880190556392e-02	7.758730740747313281e-02
1.219118093841131440e+03	2.461829946895674748e-01	1.586643932597356643e-01	2.582484097886418861e-01	1.551250475092635916e-01	7.414821741646103470e-02	2.999118536136968771e-02	7.763975197475372902e-02
1.220569424905228061e+03	2.459857362237134748e-01	1.585354210882337078e-01	2.583837750037601966e-01	1.552087498198376492e-01	7.418390888348479206e-02	3.001029188821725119e-02	7.769211709254596199e-02
1.222020755969324682e+03	2.457888142761466277e-01	1.584066639936239362e-01	2.585188879973357445e-01	1.552923174151386865e-01	7.421954501365804480e-02	3.002936843279301396e-02	7.774440287109694869e-02
1.223472087033421303e+03	2.455922282801403789e-01	1.582781216087893739e-01	2.586537492357182666e-01	1.553757505196304289e-01	7.425512588961005744e-02	3.004841504535702562e-02	7.779660942054744677e-02
1.224923418097517697e+03	2.453959776699140560e-01	1.581497935672511734e-01	2.587883591843919695e-01	1.554590493573558829e-01	7.429065159386330497e-02	3.006743177608476800e-02	7.784873685093174345e-02
1.226374749161614318e+03	2.452000618806312593e-01	1.580216795031673394e-01	2.589227183079772510e-01	1.555422141519386681e-01	7.432612220883345888e-02	3.008641867506731127e-02	7.790078527217751680e-02
1.227826080225710712e+03	2.450044803483982514e-01	1.578937790513317840e-01	2.590568270702323650e-01	1.556252451265839054e-01	7.436153781682937336e-02	3.010537579231143540e-02	7.795275479410575248e-02
1.229277411289807560e+03	2.448092325102624311e-01	1.577660918471730234e-01	2.591906859340545322e-01	1.557081425040794387e-01	7.439689850005305749e-02	3.012430317773978627e-02	7.800464552643060490e-02
1.230728742353903954e+03	2.446143178042108068e-01	1.576386175267532053e-01	2.593242953614822155e-01	1.557909065067966670e-01	7.443220434059970303e-02	3.014320088119100405e-02	7.805645757875932789e-02
1.232180073418000802e+03	2.444197356691683309e-01	1.575113557267669162e-01	2.594576558136962308e-01	1.558735373566917382e-01	7.446745542045771216e-02	3.016206895241987582e-02	7.810819106059210815e-02
1.233631404482097196e+03	2.442254855449965123e-01	1.573843060845400710e-01	2.595907677510216338e-01	1.559560352753065482e-01	7.450265182150862808e-02	3.018090744109746398e-02	7.815984608132202360e-02
1.235082735546193817e+03	2.440315668724916953e-01	1.572574682380288580e-01	2.597236316329292194e-01	1.560384004837697680e-01	7.453779362552723220e-02	3.019971639681125891e-02	7.821142275023489077e-02
1.236534066610290438e+03	2.438379790933836166e-01	1.571308418258184625e-01	2.598562479180369644e-01	1.561206332027978982e-01	7.457288091418148857e-02	3.021849586906530036e-02	7.826292117650915370e-02
1.237985397674387059e+03	2.436447216503339064e-01	1.570044264871222062e-01	2.599886170641118044e-01	1.562027336526962962e-01	7.460791376903255778e-02	3.023724590728034400e-02	7.831434146921581463e-02
1.239436728738483680e+03	2.434517939869343672e-01	1.568782218617802149e-01	2.601207395280711321e-01	1.562847020533600917e-01	7.464289227153485251e-02	3.025596656079397248e-02	7.836568373731826742e-02
1.240888059802580301e+03	2.432591955477055590e-01	1.567522275902583917e-01	2.602526157659845185e-01	1.563665386242753808e-01	7.467781650303600971e-02	3.027465787886075149e-02	7.841694808967226982e-02
1.242339390866676695e+03	2.430669257780952719e-01	1.566264433136474177e-01	2.603842462330750451e-01	1.564482435845201413e-01	7.471268654477694615e-02	3.029331991065236165e-02	7.846813463502577690e-02
1.243790721930773088e+03	2.428749841244768615e-01	1.565008686736613919e-01	2.605156313837211357e-01	1.565298171527651494e-01	7.474750247789180291e-02	3.031195270525774421e-02	7.851924348201888559e-02
1.245242052994869937e+03	2.426833700341478328e-01	1.563755033126369987e-01	2.606467716714578886e-01	1.566112595472752000e-01	7.478226438340805637e-02	3.033055631168322941e-02	7.857027473918369587e-02
1.246693384058966330e+03	2.424920829553283697e-01	1.562503468735323697e-01	2.607776675489787976e-01	1.566925709859099680e-01	7.481697234224650439e-02	3.034913077885268221e-02	7.862122851494422748e-02
1.248144715123063179e+03	2.423011223371595857e-01	1.561253989999257519e-01	2.609083194681373619e-01	1.567737516861249791e-01	7.485162643522125236e-02	3.036767615560764105e-02	7.867210491761632285e-02
1.249596046187159800e+03	2.421104876297021646e-01	1.560006593360147298e-01	2.610387278799485844e-01	1.568548018649726650e-01	7.488622674303979654e-02	3.038619249070744974e-02	7.872290405540750824e-02
1.251047377251256421e+03	2.419201782839348058e-01	1.558761275266148660e-01	2.611688932345904712e-01	1.569357217391034176e-01	7.492077334630302399e-02	3.040467983282938574e-02	7.877362603641695216e-02
1.252498708315352815e+03	2.417301937517527255e-01	1.557518032171587852e-01	2.612988159814055300e-01	1.570165115247664223e-01	7.495526632550526813e-02	3.042313823056883026e-02	7.882427096863535432e-02
1.253950039379449436e+03	2.415405334859660191e-01	1.556276860536950357e-01	2.614284965689026574e-01	1.570971714378107398e-01	7.498970576103428098e-02	3.044156773243937228e-02	7.887483895994482075e-02
1.255401370443546057e+03	2.413511969402982738e-01	1.555037756828869799e-01	2.615579354447583604e-01	1.571777016936862781e-01	7.502409173317130253e-02	3.045996838687295774e-02	7.892533011811879440e-02
1.256852701507642678e+03	2.411621835693850413e-01	1.553800717520116559e-01	2.616871330558184217e-01	1.572581025074447358e-01	7.505842432209111625e-02	3.047834024222002489e-02	7.897574455082193023e-02
1.258304032571739299e+03	2.409734928287722011e-01	1.552565739089588892e-01	2.618160898480994536e-01	1.573383740937405739e-01	7.509270360786206300e-02	3.049668334674963954e-02	7.902608236561006749e-02
1.259755363635835920e+03	2.407851241749145998e-01	1.551332818022299886e-01	2.619448062667904531e-01	1.574185166668320146e-01	7.512692967044605485e-02	3.051499774864964432e-02	7.907634366993004926e-02
1.261206694699932314e+03	2.405970770651744695e-01	1.550101950809368023e-01	2.620732827562544109e-01	1.574985304405819853e-01	7.516110258969865843e-02	3.053328349602676614e-02	7.912652857111968085e-02
1.262658025764028707e+03	2.404093509578199561e-01	1.548873133948006353e-01	2.622015197600295888e-01	1.575784156284590620e-01	7.519522244536909483e-02	3.055154063690677588e-02	7.917663717640764653e-02
1.264109356828125556e+03	2.402219453120236214e-01	1.547646363941510284e-01	2.623295177208312956e-01	1.576581724435384690e-01	7.522928931710030909e-02	3.056976921923462015e-02	7.922666959291339850e-02
1.265560687892221949e+03	2.400348595878608327e-01	1.546421637299248975e-01	2.624572770805533861e-01	1.577378010985029666e-01	7.526330328442899786e-02	3.058796929087454278e-02	7.927662592764707361e-02
1.267012018956318798e+03	2.398480932463084303e-01	1.545198950536653681e-01	2.625847982802697045e-01	1.578173018056438781e-01	7.529726442678566500e-02	3.060614089961024090e-02	7.932650628750939625e-02
1.268463350020415419e+03	2.396616457492431185e-01	1.543978300175206098e-01	2.627120817602357494e-01	1.578966747768618950e-01	7.533117282349464927e-02	3.062428409314498293e-02	7.937631077929162282e-02
1.269914681084511813e+03	2.394755165594400215e-01	1.542759682742429472e-01	2.628391279598901176e-01	1.579759202236682425e-01	7.536502855377417986e-02	3.064239891910174388e-02	7.942603950967540294e-02
1.271366012148608434e+03	2.392897051405711850e-01	1.541543094771876121e-01	2.629659373178558912e-01	1.580550383571854289e-01	7.539883169673644581e-02	3.066048542502335453e-02	7.947569258523273783e-02
1.272817343212705055e+03	2.391042109572040775e-01	1.540328532803118544e-01	2.630925102719424147e-01	1.581340293881482173e-01	7.543258233138760982e-02	3.067854365837261940e-02	7.952527011242588317e-02
1.274268674276801676e+03	2.389190334748001188e-01	1.539115993381738046e-01	2.632188472591465711e-01	1.582128935269046244e-01	7.546628053662790547e-02	3.069657366653245553e-02	7.957477219760726583e-02
1.275720005340898297e+03	2.387341721597131816e-01	1.537905473059313077e-01	2.633449487156543922e-01	1.582916309834167534e-01	7.549992639125160943e-02	3.071457549680602778e-02	7.962419894701941447e-02
1.277171336404994690e+03	2.385496264791881205e-01	1.536696968393410634e-01	2.634708150768427237e-01	1.583702419672618211e-01	7.553351997394718020e-02	3.073254919641688412e-02	7.967355046679484853e-02
1.278622667469091539e+03	2.383653959013593560e-01	1.535490475947574596e-01	2.635964467772805575e-01	1.584487266876329625e-01	7.556706136329725820e-02	3.075049481250907712e-02	7.972282686295600884e-02
1.280073998533187932e+03	2.381814798952492096e-01	1.534285992291314626e-01	2.637218442507305305e-01	1.585270853533402302e-01	7.560055063777874895e-02	3.076841239214731308e-02	7.977202824141518822e-02
1.281525329597284326e+03	2.379978779307666548e-01	1.533083514000096736e-01	2.638470079301503679e-01	1.586053181728115380e-01	7.563398787576287863e-02	3.078630198231708387e-02	7.982115470797447598e-02
1.282976660661381175e+03	2.378145894787057624e-01	1.531883037655332458e-01	2.639719382476946041e-01	1.586834253540934103e-01	7.566737315551520793e-02	3.080416362992477800e-02	7.987020636832561915e-02
1.284427991725477568e+03	2.376316140107441466e-01	1.530684559844368853e-01	2.640966356347159150e-01	1.587614071048521203e-01	7.570070655519575697e-02	3.082199738179784015e-02	7.991918332804999470e-02
1.285879322789574417e+03	2.374489509994416325e-01	1.529488077160476023e-01	2.642211005217666719e-01	1.588392636323743556e-01	7.573398815285901919e-02	3.083980328468488574e-02	7.996808569261852628e-02
1.287330653853671038e+03	2.372665999182386742e-01	1.528293586202839061e-01	2.643453333386002191e-01	1.589169951435683015e-01	7.576721802645404458e-02	3.085758138525583616e-02	8.001691356739157324e-02
1.288781984917767431e+03	2.370845602414550779e-01	1.527101083576546670e-01	2.644693345141728713e-01	1.589946018449644727e-01	7.580039625382448132e-02	3.087533173010205759e-02	8.006566705761894442e-02
1.290233315981864052e+03	2.369028314442882532e-01	1.525910565892580062e-01	2.645931044766448581e-01	1.590720839427165745e-01	7.583352291270864520e-02	3.089305436573647895e-02	8.011434626843973172e-02
