1.001418434226643626e+03	2.799509575740550815e-01	1.806547078070565304e-01	2.347963695228503789e-01	1.409175419452413092e-01	6.811237971605907382e-02	2.675190665399219958e-02	6.881613678054124272e-02
1.003837319333471214e+03	2.795268213237033783e-01	1.803784233466469433e-01	2.350943638049559081e-01	1.410955155667836802e-01	6.818731952759420067e-02	2.679222500159985157e-02	6.892533142851176020e-02
1.006256204440298802e+03	2.791038860904923036e-01	1.801029110739447991e-01	2.353914331063900744e-01	1.412730068375382397e-01	6.826206903656649450e-02	2.683243650606530542e-02	6.903425734879856113e-02
1.008675089547126618e+03	2.786821485152362610e-01	1.798281687818009122e-01	2.356875802909403905e-01	1.414500171473683510e-01	6.833662867417920894e-02	2.687254146578691230e-02	6.914291512448370036e-02
1.011093974653954206e+03	2.782616052480338387e-01	1.795541942694916238e-01	2.359828082134306226e-01	1.416265478811581657e-01	6.841099887171919747e-02	2.691254017832865608e-02	6.925130533763367013e-02
1.013512859760782021e+03	2.778422529482428294e-01	1.792809853426998168e-01	2.362771197197507111e-01	1.418026004188459033e-01	6.848518006052201068e-02	2.695243294042246399e-02	6.935942856931198719e-02
1.015931744867609382e+03	2.774240882844561940e-01	1.790085398134959038e-01	2.365705176468868021e-01	1.419781761354567406e-01	6.855917267193832598e-02	2.699222004797051030e-02	6.946728539959123871e-02
1.018350629974437197e+03	2.770071079344775256e-01	1.787368555003189807e-01	2.368630048229507790e-01	1.421532764011348982e-01	6.863297713730147354e-02	2.703190179604751317e-02	6.957487640756453151e-02
1.020769515081264785e+03	2.765913085852969577e-01	1.784659302279577864e-01	2.371545840672099337e-01	1.423279025811753917e-01	6.870659388789625288e-02	2.707147847890303480e-02	6.968220217135633054e-02
1.023188400188092373e+03	2.761766869330666840e-01	1.781957618275321342e-01	2.374452581901163595e-01	1.425020560360551469e-01	6.878002335492880426e-02	2.711095038996376785e-02	6.978926326813286729e-02
1.025607285294920075e+03	2.757632396830766441e-01	1.779263481364738719e-01	2.377350299933360389e-01	1.426757381214637521e-01	6.885326596949768729e-02	2.715031782183580794e-02	6.989606027411192357e-02
1.028026170401747549e+03	2.753509635497305430e-01	1.776576869985085627e-01	2.380239022697780982e-01	1.428489501883334900e-01	6.892632216256587563e-02	2.718958106630693303e-02	7.000259376457221294e-02
1.030445055508575479e+03	2.749398552565214260e-01	1.773897762636365005e-01	2.383118778036237007e-01	1.430216935828691194e-01	6.899919236493382013e-02	2.722874041434887940e-02	7.010886431386227635e-02
1.032863940615402726e+03	2.745299115360076425e-01	1.771226137881143081e-01	2.385989593703546907e-01	1.431939696465771295e-01	6.907187700721353907e-02	2.726779615611958987e-02	7.021487249540885045e-02
1.035282825722230655e+03	2.741211291297885877e-01	1.768561974344363408e-01	2.388851497367823762e-01	1.433657797162943837e-01	6.914437651980363808e-02	2.730674858096548280e-02	7.032061888172491670e-02
1.037701710829058356e+03	2.737135047884807215e-01	1.765905250713163122e-01	2.391704516610758946e-01	1.435371251242166524e-01	6.921669133286519060e-02	2.734559797742370374e-02	7.042610404441720928e-02
1.040120595935886058e+03	2.733070352716935325e-01	1.763255945736688091e-01	2.394548678927906349e-01	1.437080071979264240e-01	6.928882187629854805e-02	2.738434463322434939e-02	7.053132855419343150e-02
1.042539481042713533e+03	2.729017173480053349e-01	1.760614038225909728e-01	2.397384011728962705e-01	1.438784272604203829e-01	6.936076857972102438e-02	2.742298883529273659e-02	7.063629298086898656e-02
1.044958366149541234e+03	2.724975477949394542e-01	1.757979507053441526e-01	2.400210542338050701e-01	1.440483866301366378e-01	6.943253187244532998e-02	2.746153086975160890e-02	7.074099789337347233e-02
1.047377251256368709e+03	2.720945233989400802e-01	1.755352331153357537e-01	2.403028297993996809e-01	1.442178866209812838e-01	6.950411218345885211e-02	2.749997102192338130e-02	7.084544385975667657e-02
1.049796136363196410e+03	2.716926409553486743e-01	1.752732489521009185e-01	2.405837305850608843e-01	1.443869285423548809e-01	6.957550994140371259e-02	2.753830957633234336e-02	7.094963144719428072e-02
1.052215021470024112e+03	2.712918972683797114e-01	1.750119961212845132e-01	2.408637592976953234e-01	1.445555136991783507e-01	6.964672557455749147e-02	2.757654681670689001e-02	7.105356122199332769e-02
1.054633906576851814e+03	2.708922891510971986e-01	1.747514725346230036e-01	2.411429186357630650e-01	1.447236433919185938e-01	6.971775951081478351e-02	2.761468302598171776e-02	7.115723374959720404e-02
1.057052791683679516e+03	2.704938134253906390e-01	1.744916761099264413e-01	2.414212112893048545e-01	1.448913189166137483e-01	6.978861217766928193e-02	2.765271848630003471e-02	7.126064959459051107e-02
1.059471676790506763e+03	2.700964669219514391e-01	1.742326047710604786e-01	2.416986399399695951e-01	1.450585415648980858e-01	6.985928400219663936e-02	2.769065347901575672e-02	7.136380932070349181e-02
1.061890561897334692e+03	2.697002464802490951e-01	1.739742564479284659e-01	2.419752072610413529e-01	1.452253126240265479e-01	6.992977541103798100e-02	2.772848828469568969e-02	7.146671349081626379e-02
1.064309447004162394e+03	2.693051489485076555e-01	1.737166290764535770e-01	2.422509159174665028e-01	1.453916333768991154e-01	7.000008683038394519e-02	2.776622318312172918e-02	7.156936266696282967e-02
1.066728332110990095e+03	2.689111711836819629e-01	1.734597205985611013e-01	2.425257685658805673e-01	1.455575051020846777e-01	7.007021868595941783e-02	2.780385845329301844e-02	7.167175741033467162e-02
1.069147217217817570e+03	2.685183100514341170e-01	1.732035289621604579e-01	2.427997678546350291e-01	1.457229290738446259e-01	7.014017140300871089e-02	2.784139437342814105e-02	7.177389828128426241e-02
1.071566102324645271e+03	2.681265624261101599e-01	1.729480521211278210e-01	2.430729164238240037e-01	1.458879065621562776e-01	7.020994540628147651e-02	2.787883122096727201e-02	7.187578583932834053e-02
1.073984987431472746e+03	2.677359251907163173e-01	1.726932880352881894e-01	2.433452169053108849e-01	1.460524388327357759e-01	7.027954112001896791e-02	2.791616927257435307e-02	7.197742064315081068e-02
1.076403872538300675e+03	2.673463952368956842e-01	1.724392346703979562e-01	2.436166719227547128e-01	1.462165271470610428e-01	7.034895896794098047e-02	2.795340880413923687e-02	7.207880325060561644e-02
1.078822757645127922e+03	2.669579694649050206e-01	1.721858899981273117e-01	2.438872840916365414e-01	1.463801727623940674e-01	7.041819937323315348e-02	2.799055009077983797e-02	7.217993421871929383e-02
1.081241642751955851e+03	2.665706447835909931e-01	1.719332519960428129e-01	2.441570560192856953e-01	1.465433769318032209e-01	7.048726275853488266e-02	2.802759340684428738e-02	7.228081410369335824e-02
1.083660527858783553e+03	2.661844181103673046e-01	1.716813186475898700e-01	2.444259903049058325e-01	1.467061409041850728e-01	7.055614954592755173e-02	2.806453902591304894e-02	7.238144346090652492e-02
1.086079412965611255e+03	2.657992863711912124e-01	1.714300879420754264e-01	2.446940895396010618e-01	1.468684659242862622e-01	7.062486015692337471e-02	2.810138722080107038e-02	7.248182284491673510e-02
1.088498298072438729e+03	2.654152465005406025e-01	1.711795578746506397e-01	2.449613563064017563e-01	1.470303532327247586e-01	7.069339501245452961e-02	2.813813826355989964e-02	7.258195280946302952e-02
1.090917183179266431e+03	2.650322954413903975e-01	1.709297264462935617e-01	2.452277931802904209e-01	1.471918040660110394e-01	7.076175453286276396e-02	2.817479242547980475e-02	7.268183390746719985e-02
1.093336068286093905e+03	2.646504301451900187e-01	1.706805916637919029e-01	2.454934027282273112e-01	1.473528196565691284e-01	7.082993913788945828e-02	2.821134997709189365e-02	7.278146669103539856e-02
1.095754953392921607e+03	2.642696475718400162e-01	1.704321515397259623e-01	2.457581875091762180e-01	1.475134012327572741e-01	7.089794924666598108e-02	2.824781118817021666e-02	7.288085171145948504e-02
1.098173838499749309e+03	2.638899446896690315e-01	1.701844040924513912e-01	2.460221500741297251e-01	1.476735500188883776e-01	7.096578527770447398e-02	2.828417632773387938e-02	7.297998951921827460e-02
1.100592723606577010e+03	2.635113184754110383e-01	1.699373473460822070e-01	2.462852929661347723e-01	1.478332672352503097e-01	7.103344764888901153e-02	2.832044566404912436e-02	7.307888066397870419e-02
1.103011608713404712e+03	2.631337659141825269e-01	1.696909793304737235e-01	2.465476187203178848e-01	1.479925540981258669e-01	7.110093677746702479e-02	2.835661946463143013e-02	7.317752569459676226e-02
1.105430493820231959e+03	2.627572839994593568e-01	1.694452980812056475e-01	2.468091298639104036e-01	1.481514118198125896e-01	7.116825308004121053e-02	2.839269799624760671e-02	7.327592515911840465e-02
1.107849378927059888e+03	2.623818697330543293e-01	1.692003016395650650e-01	2.470698289162736039e-01	1.483098416086424398e-01	7.123539697256160708e-02	2.842868152491785649e-02	7.337407960478030400e-02
1.110268264033887590e+03	2.620075201250942065e-01	1.689559880525296764e-01	2.473297183889237028e-01	1.484678446690011200e-01	7.130236887031808635e-02	2.846457031591785591e-02	7.347198957801046038e-02
1.112687149140715292e+03	2.616342321939972848e-01	1.687123553727509773e-01	2.475888007855566730e-01	1.486254222013473902e-01	7.136916918793317910e-02	2.850036463378083709e-02	7.356965562442875639e-02
1.115106034247542766e+03	2.612620029664504684e-01	1.684694016585374654e-01	2.478470786020731675e-01	1.487825754022319702e-01	7.143579833935502499e-02	2.853606474229962789e-02	7.366707828884740128e-02
1.117524919354370468e+03	2.608908294773868430e-01	1.682271249738378771e-01	2.481045543266032771e-01	1.489393054643163294e-01	7.150225673785078062e-02	2.857167090452872663e-02	7.376425811527123622e-02
1.119943804461197942e+03	2.605207087699633606e-01	1.679855233882246723e-01	2.483612304395310666e-01	1.490956135763913948e-01	7.156854479600023577e-02	2.860718338278634906e-02	7.386119564689802575e-02
1.122362689568025871e+03	2.601516378955380238e-01	1.677445949768772426e-01	2.486171094135191939e-01	1.492515009233959244e-01	7.163466292568966554e-02	2.864260243865646843e-02	7.395789142611859657e-02
1.124781574674853118e+03	2.597836139136476818e-01	1.675043378205654798e-01	2.488721937135332241e-01	1.494069686864348823e-01	7.170061153810600163e-02	2.867792833299086588e-02	7.405434599451696243e-02
1.127200459781681047e+03	2.594166338919856041e-01	1.672647500056332615e-01	2.491264857968662760e-01	1.495620180427973678e-01	7.176639104373117029e-02	2.871316132591114970e-02	7.415055989287024085e-02
1.129619344888508749e+03	2.590506949063793307e-01	1.670258296239819362e-01	2.493799881131629759e-01	1.497166501659746574e-01	7.183200185233670765e-02	2.874830167681080573e-02	7.424653366114868092e-02
1.132038229995336451e+03	2.586857940407683021e-01	1.667875747730538927e-01	2.496327031044437983e-01	1.498708662256778013e-01	7.189744437297865276e-02	2.878334964435720622e-02	7.434226783851548281e-02
1.134457115102163925e+03	2.583219283871814875e-01	1.665499835558162944e-01	2.498846332051291863e-01	1.500246673878553594e-01	7.196271901399255155e-02	2.881830548649362209e-02	7.443776296332654807e-02
1.136876000208991627e+03	2.579590950457157361e-01	1.663130540807446767e-01	2.501357808420635043e-01	1.501780548147107486e-01	7.202782618298880779e-02	2.885316946044125599e-02	7.453301957313035464e-02
1.139294885315819101e+03	2.575972911245131280e-01	1.660767844618067091e-01	2.503861484345390465e-01	1.503310296647194511e-01	7.209276628684804789e-02	2.888794182270123731e-02	7.462803820466744342e-02
1.141713770422646803e+03	2.572365137397392698e-01	1.658411728184460421e-01	2.506357383943197958e-01	1.504835930926461951e-01	7.215753973171692981e-02	2.892262282905661355e-02	7.472281939387021010e-02
1.144132655529474505e+03	2.568767600155613118e-01	1.656062172755660422e-01	2.508845531256650996e-01	1.506357462495618027e-01	7.222214692300395200e-02	2.895721273457436962e-02	7.481736367586239167e-02
1.146551540636302207e+03	2.565180270841260213e-01	1.653719159635136937e-01	2.511325950253536776e-01	1.507874902828600372e-01	7.228658826537552595e-02	2.899171179360739495e-02	7.491167158495858069e-02
1.148970425743129908e+03	2.561603120855378002e-01	1.651382670180636114e-01	2.513798664827067153e-01	1.509388263362743676e-01	7.235086416275221533e-02	2.902612025979648541e-02	7.500574365466376736e-02
1.151389310849957155e+03	2.558036121678368691e-01	1.649052685804018592e-01	2.516263698796118997e-01	1.510897555498941780e-01	7.241497501830511385e-02	2.906043838607231047e-02	7.509958041767270109e-02
1.153808195956785084e+03	2.554479244869776733e-01	1.646729187971101849e-01	2.518721075905464013e-01	1.512402790601814206e-01	7.247892123445250079e-02	2.909466642465740119e-02	7.519318240586934932e-02
1.156227081063612786e+03	2.550932462068071227e-01	1.644412158201499496e-01	2.521170819826004106e-01	1.513903979999866312e-01	7.254270321285649636e-02	2.912880462706810697e-02	7.528655015032617581e-02
1.158645966170440488e+03	2.547395744990428312e-01	1.642101578068462797e-01	2.523612954155005084e-01	1.515401134985651932e-01	7.260632135441996704e-02	2.916285324411656277e-02	7.537968418130354398e-02
1.161064851277267962e+03	2.543869065432516341e-01	1.639797429198721901e-01	2.526047502416326473e-01	1.516894266815931314e-01	7.266977605928365280e-02	2.919681252591264237e-02	7.547258502824895354e-02
1.163483736384095664e+03	2.540352395268280494e-01	1.637499693272329859e-01	2.528474488060653558e-01	1.518383386711829597e-01	7.273306772682325283e-02	2.923068272186592556e-02	7.556525321979633281e-02
1.165902621490923138e+03	2.536845706449727400e-01	1.635208352022502754e-01	2.530893934465727191e-01	1.519868505858994467e-01	7.279619675564683035e-02	2.926446408068763064e-02	7.565768928376524760e-02
1.168321506597751068e+03	2.533348971006711414e-01	1.632923387235464263e-01	2.533305864936573615e-01	1.521349635407750478e-01	7.285916354359221747e-02	2.929815685039255727e-02	7.574989374716009638e-02
1.170740391704578315e+03	2.529862161046720348e-01	1.630644780750289680e-01	2.535710302705733166e-01	1.522826786473255312e-01	7.292196848772462825e-02	2.933176127830103286e-02	7.584186713616933306e-02
1.173159276811406244e+03	2.526385248754662860e-01	1.628372514458748532e-01	2.538107270933487869e-01	1.524299970135650495e-01	7.298461198433438268e-02	2.936527761104083117e-02	7.593360997616459274e-02
1.175578161918233945e+03	2.522918206392655849e-01	1.626106570305150545e-01	2.540496792708089591e-01	1.525769197440215164e-01	7.304709442893479732e-02	2.939870609454910480e-02	7.602512279169984510e-02
1.177997047025061647e+03	2.519461006299811845e-01	1.623846930286189094e-01	2.542878891045983747e-01	1.527234479397515110e-01	7.310941621626004805e-02	2.943204697407430723e-02	7.611640610651050631e-02
1.180415932131889122e+03	2.516013620892026403e-01	1.621593576450788277e-01	2.545253588892038565e-01	1.528695826983554329e-01	7.317157774026331052e-02	2.946530049417810451e-02	7.620746044351259241e-02
1.182834817238716823e+03	2.512576022661770492e-01	1.619346490899948032e-01	2.547620909119767685e-01	1.530153251139921566e-01	7.323357939411494211e-02	2.949846689873728001e-02	7.629828632480173400e-02
1.185253702345544298e+03	2.509148184177876773e-01	1.617105655786590379e-01	2.549980874531553865e-01	1.531606762773938257e-01	7.329542157020074722e-02	2.953154643094565643e-02	7.638888427165232975e-02
1.187672587452371999e+03	2.505730078085331991e-01	1.614871053315406757e-01	2.552333507858873807e-01	1.533056372758805075e-01	7.335710466012036746e-02	2.956453933331597977e-02	7.647925480451656099e-02
1.190091472559199701e+03	2.502321677105066033e-01	1.612642665742704817e-01	2.554678831762519642e-01	1.534502091933745427e-01	7.341862905468579670e-02	2.959744584768181710e-02	7.656939844302348974e-02
1.192510357666027403e+03	2.498922954033742649e-01	1.610420475376256044e-01	2.557016868832822087e-01	1.535943931104151172e-01	7.347999514391995168e-02	2.963026621519944392e-02	7.665931570597805944e-02
1.194929242772855105e+03	2.495533881743554061e-01	1.608204464575145320e-01	2.559347641589869715e-01	1.537381901041725007e-01	7.354120331705531199e-02	2.966300067634972809e-02	7.674900711136019293e-02
1.197348127879682352e+03	2.492154433182010853e-01	1.605994615749617715e-01	2.561671172483730441e-01	1.538816012484621465e-01	7.360225396253278207e-02	2.969564947094001719e-02	7.683847317632380713e-02
1.199767012986510281e+03	2.488784581371735749e-01	1.603790911360928328e-01	2.563987483894671349e-01	1.540246276137588188e-01	7.366314746800046998e-02	2.972821283810600165e-02	7.692771441719579995e-02
1.202185898093337983e+03	2.485424299410256277e-01	1.601593333921192963e-01	2.566296598133377960e-01	1.541672702672105821e-01	7.372388422031261879e-02	2.976069101631358474e-02	7.701673134947516208e-02
1.204604783200165684e+03	2.482073560469799378e-01	1.599401865993236582e-01	2.568598537441170726e-01	1.543095302726525953e-01	7.378446460552866293e-02	2.979308424336075262e-02	7.710552448783195012e-02
1.207023668306993159e+03	2.478732337797085183e-01	1.597216490190444538e-01	2.570893323990225410e-01	1.544514086906210448e-01	7.384488900891232610e-02	2.982539275637941315e-02	7.719409434610631504e-02
1.209442553413820860e+03	2.475400604713124120e-01	1.595037189176613801e-01	2.573180979883786246e-01	1.545929065783666900e-01	7.390515781493070535e-02	2.985761679183727979e-02	7.728244143730754467e-02
1.211861438520648335e+03	2.472078334613009298e-01	1.592863945665803360e-01	2.575461527156385211e-01	1.547340249898684628e-01	7.396527140725366045e-02	2.988975658553968962e-02	7.737056627361305061e-02
1.214280323627476264e+03	2.468765500965715010e-01	1.590696742422187115e-01	2.577734987774055186e-01	1.548747649758469846e-01	7.402523016875296735e-02	2.992181237263146290e-02	7.745846936636743840e-02
1.216699208734303511e+03	2.465462077313892719e-01	1.588535562259904832e-01	2.580001383634547563e-01	1.550151275837779730e-01	7.408503448150180470e-02	2.995378438759873155e-02	7.754615122608154998e-02
1.219118093841131440e+03	2.462168037273668453e-01	1.586380388042916423e-01	2.582260736567542625e-01	1.551551138579054245e-01	7.414468472677417099e-02	2.998567286427078482e-02	7.763361236243142283e-02
1.221536978947959142e+03	2.458883354534439347e-01	1.584231202684853457e-01	2.584513068334864938e-01	1.552947248392550217e-01	7.420418128504437105e-02	3.001747803582187346e-02	7.772085328425740181e-02
1.223955864054786844e+03	2.455608002858674366e-01	1.582087989148873997e-01	2.586758400630696508e-01	1.554339615656471218e-01	7.426352453598662751e-02	3.004920013477305543e-02	7.780787449956311219e-02
1.226374749161614318e+03	2.452341956081710017e-01	1.579950730447516882e-01	2.588996755081786616e-01	1.555728250717098027e-01	7.432271485847463666e-02	3.008083939299400697e-02	7.789467651551458538e-02
1.228793634268442020e+03	2.449085188111552458e-01	1.577819409642554349e-01	2.591228153247664978e-01	1.557113163888917406e-01	7.438175263058137421e-02	3.011239604170481976e-02	7.798125983843925968e-02
1.231212519375269494e+03	2.445837672928675433e-01	1.575694009844848531e-01	2.593452616620851581e-01	1.558494365454752562e-01	7.444063822957867893e-02	3.014387031147783280e-02	7.806762497382505051e-02
1.233631404482097196e+03	2.442599384585822930e-01	1.573574514214206854e-01	2.595670166627065401e-01	1.559871865665888868e-01	7.449937203193716939e-02	3.017526243223941224e-02	7.815377242631943444e-02
1.236050289588924898e+03	2.439370297207807403e-01	1.571460905959236043e-01	2.597880824625435348e-01	1.561245674742202105e-01	7.455795441332602191e-02	3.020657263327176587e-02	7.823970269972850555e-02
1.238469174695752372e+03	2.436150384991313256e-01	1.569353168337200843e-01	2.600084611908708987e-01	1.562615802872283355e-01	7.461638574861292894e-02	3.023780114321472298e-02	7.832541629701610109e-02
1.240888059802580301e+03	2.432939622204697838e-01	1.567251284653878862e-01	2.602281549703459040e-01	1.563982260213565567e-01	7.467466641186397414e-02	3.026894819006752807e-02	7.841091372030283002e-02
1.243306944909407548e+03	2.429737983187795214e-01	1.565155238263417625e-01	2.604471659170289888e-01	1.565345056892446518e-01	7.473279677634364626e-02	3.030001400119062410e-02	7.849619547086525428e-02
1.245725830016235477e+03	2.426545442351718262e-01	1.563065012568192746e-01	2.606654961404046844e-01	1.566704203004413432e-01	7.479077721451489469e-02	3.033099880330742890e-02	7.858126204913494506e-02
1.248144715123063179e+03	2.423361974178661615e-01	1.560980591018665820e-01	2.608831477434020440e-01	1.568059708614165659e-01	7.484860809803918491e-02	3.036190282250610106e-02	7.866611395469765011e-02
1.250563600229890881e+03	2.420187553221707921e-01	1.558901957113242587e-01	2.611001228224152926e-01	1.569411583755736528e-01	7.490628979777659568e-02	3.039272628424131636e-02	7.875075168629240563e-02
1.252982485336718355e+03	2.417022154104631060e-01	1.556829094398131386e-01	2.613164234673238107e-01	1.570759838432614630e-01	7.496382268378604108e-02	3.042346941333603366e-02	7.883517574181071741e-02
1.255401370443546057e+03	2.413865751521700742e-01	1.554761986467202428e-01	2.615320517615131179e-01	1.572104482617864285e-01	7.502120712532543700e-02	3.045413243398324005e-02	7.891938661829568658e-02
1.257820255550373531e+03	2.410718320237490442e-01	1.552700616961848190e-01	2.617470097818950237e-01	1.573445526254245164e-01	7.507844349085188163e-02	3.048471556974770985e-02	7.900338481194120466e-02
1.260239140657201460e+03	2.407579835086681719e-01	1.550644969570842135e-01	2.619612995989276660e-01	1.574782979254331639e-01	7.513553214802204394e-02	3.051521904356776713e-02	7.908717081809116256e-02
1.262658025764028707e+03	2.404450270973872428e-01	1.548595028030199383e-01	2.621749232766359405e-01	1.576116851500630467e-01	7.519247346369238583e-02	3.054564307775699955e-02	7.917074513123859014e-02
1.265076910870856636e+03	2.401329602873381874e-01	1.546550776123039594e-01	2.623878828726315393e-01	1.577447152845699585e-01	7.524926780391952286e-02	3.057598789400602091e-02	7.925410824502494844e-02
1.267495795977684338e+03	2.398217805829060967e-01	1.544512197679445142e-01	2.626001804381330462e-01	1.578773893112263016e-01	7.530591553396064064e-02	3.060625371338420234e-02	7.933726065223931090e-02
1.269914681084511813e+03	2.395114854954099592e-01	1.542479276576324554e-01	2.628118180179859209e-01	1.580097082093328831e-01	7.536241701827385564e-02	3.063644075634138972e-02	7.942020284481761394e-02
1.272333566191339514e+03	2.392020725430835659e-01	1.540451996737275397e-01	2.630227976506824827e-01	1.581416729552303502e-01	7.541877262051864539e-02	3.066654924270964186e-02	7.950293531384190759e-02
1.274752451298167216e+03	2.388935392510564137e-01	1.538430342132443840e-01	2.632331213683816173e-01	1.582732845223106533e-01	7.547498270355638972e-02	3.069657939170493746e-02	7.958545854953963383e-02
1.277171336404994690e+03	2.385858831513347489e-01	1.536414296778391142e-01	2.634427911969289826e-01	1.584045438810285089e-01	7.553104762945082873e-02	3.072653142192889597e-02	7.966777304128297432e-02
1.279590221511822392e+03	2.382791017827825542e-01	1.534403844737954326e-01	2.636518091558763266e-01	1.585354519989126687e-01	7.558696775946854851e-02	3.075640555137049495e-02	7.974987927758801776e-02
1.282009106618650094e+03	2.379731926911026474e-01	1.532398970120110726e-01	2.638601772585014715e-01	1.586660098405772157e-01	7.564274345407959177e-02	3.078620199740775623e-02	7.983177774611421862e-02
1.284427991725477568e+03	2.376681534288179465e-01	1.530399657079843379e-01	2.640678975118277427e-01	1.587962183677328332e-01	7.569837507295804069e-02	3.081592097680946676e-02	7.991346893366360615e-02
1.286846876832305497e+03	2.373639815552525401e-01	1.528405889818003627e-01	2.642749719166436195e-01	1.589260785391977682e-01	7.575386297498255816e-02	3.084556270573686476e-02	7.999495332618024312e-02
1.289265761939132744e+03	2.370606746365128970e-01	1.526417652581177342e-01	2.644814024675222752e-01	1.590555913109090724e-01	7.580920751823710946e-02	3.087512739974532586e-02	8.007623140874953194e-02
1.291684647045960673e+03	2.367582302454692977e-01	1.524434929661549476e-01	2.646871911528410615e-01	1.591847576359334271e-01	7.586440906001154505e-02	3.090461527378607007e-02	8.015730366559757625e-02
1.294103532152788375e+03	2.364566459617371275e-01	1.522457705396770555e-01	2.648923399548007707e-01	1.593135784644782449e-01	7.591946795680229454e-02	3.093402654220781325e-02	8.023817058009062586e-02
1.296522417259616077e+03	2.361559193716582516e-01	1.520485964169822346e-01	2.650968508494448983e-01	1.594420547439024949e-01	7.597438456431310216e-02	3.096336141875847062e-02	8.031883263473445222e-02
1.298941302366443551e+03	2.358560480682825311e-01	1.518519690408884903e-01	2.653007258066791274e-01	1.595701874187274438e-01	7.602915923745567905e-02	3.099262011658681162e-02	8.039929031117380720e-02
1.301360187473271253e+03	2.355570296513491979e-01	1.516558868587202791e-01	2.655039667902903688e-01	1.596979774306475086e-01	7.608379233035050815e-02	3.102180284824414963e-02	8.047954409019184019e-02
1.303779072580098727e+03	2.352588617272685645e-01	1.514603483222953240e-01	2.657065757579659682e-01	1.598254257185408311e-01	7.613828419632757971e-02	3.105090982568597946e-02	8.055959445170955691e-02
1.306197957686926657e+03	2.349615419091035662e-01	1.512653518879113479e-01	2.659085546613127460e-01	1.599525332184800475e-01	7.619263518792716849e-02	3.107994126027364967e-02	8.063944187478533365e-02
1.308616842793753904e+03	2.346650678165513593e-01	1.510708960163328618e-01	2.661099054458759272e-01	1.600793008637426684e-01	7.624684565690066640e-02	3.110889736277602444e-02	8.071908683761437608e-02
1.311035727900581833e+03	2.343694370759250856e-01	1.508769791727780918e-01	2.663106300511582369e-01	1.602057295848217655e-01	7.630091595421131800e-02	3.113777834337110723e-02	8.079852981752823349e-02
1.313454613007409534e+03	2.340746473201356093e-01	1.506835998269058507e-01	2.665107304106388852e-01	1.603318203094362682e-01	7.635484643003516425e-02	3.116658441164772003e-02	8.087777129099435469e-02
1.315873498114237009e+03	2.337806961886733093e-01	1.504907564528024100e-01	2.667102084517921634e-01	1.604575739625415387e-01	7.640863743376179185e-02	3.119531577660711666e-02	8.095681173361557459e-02
1.318292383221064711e+03	2.334875813275899548e-01	1.502984475289684818e-01	2.669090660961063177e-01	1.605829914663394475e-01	7.646228931399527695e-02	3.122397264666463071e-02	8.103565162012975331e-02
1.320711268327892412e+03	2.331953003894806364e-01	1.501066715383063688e-01	2.671073052591023123e-01	1.607080737402888648e-01	7.651580241855507336e-02	3.125255522965130622e-02	8.111429142440929052e-02
1.323130153434719887e+03	2.329038510334655587e-01	1.499154269681068352e-01	2.673049278503525361e-01	1.608328217011157912e-01	7.656917709447687292e-02	3.128106373281552138e-02	8.119273161946072292e-02
1.325549038541547588e+03	2.326132309251723318e-01	1.497247123100363397e-01	2.675019357734992331e-01	1.609572362628234887e-01	7.662241368801347985e-02	3.130949836282461568e-02	8.127097267742437736e-02
1.327967923648375290e+03	2.323234377367177084e-01	1.495345260601240178e-01	2.676983309262732091e-01	1.610813183367026391e-01	7.667551254463585153e-02	3.133785932576650668e-02	8.134901506957398221e-02
1.330386808755202765e+03	2.320344691466898757e-01	1.493448667187489143e-01	2.678941152005122617e-01	1.612050688313413083e-01	7.672847400903398674e-02	3.136614682715129637e-02	8.142685926631626492e-02
1.332805693862030694e+03	2.317463228401305253e-01	1.491557327906272989e-01	2.680892904821796097e-01	1.613284886526350215e-01	7.678129842511784153e-02	3.139436107191288794e-02	8.150450573719067449e-02
1.335224578968857941e+03	2.314589965085172008e-01	1.489671227847997048e-01	2.682838586513822676e-01	1.614515787037966721e-01	7.683398613601837013e-02	3.142250226441059557e-02	8.158195495086904836e-02
1.337643464075685870e+03	2.311724878497452285e-01	1.487790352146183825e-01	2.684778215823893643e-01	1.615743398853664026e-01	7.688653748408848243e-02	3.145057060843073349e-02	8.165920737515526551e-02
1.340062349182513572e+03	2.308867945681103429e-01	1.485914685977345051e-01	2.686711811436503505e-01	1.616967730952214022e-01	7.693895281090400162e-02	3.147856630718821186e-02	8.173626347698501049e-02
1.342481234289341273e+03	2.306019143742908395e-01	1.484044214560855390e-01	2.688639391978133730e-01	1.618188792285857602e-01	7.699123245726474662e-02	3.150648956332813971e-02	8.181312372242545428e-02
1.344900119396168748e+03	2.303178449853300613e-01	1.482178923158826989e-01	2.690560976017430939e-01	1.619406591780400972e-01	7.704337676319544803e-02	3.153434057892738618e-02	8.188978857667503219e-02
1.347319004502996449e+03	2.300345841246187462e-01	1.480318797075983739e-01	2.692476582065391200e-01	1.620621138335312794e-01	7.709538606794689997e-02	3.156211955549620418e-02	8.196625850406319413e-02
1.349737889609823924e+03	2.297521295218776238e-01	1.478463821659534994e-01	2.694386228575538778e-01	1.621832440823819943e-01	7.714726070999691765e-02	3.158982669397977089e-02	8.204253396805019638e-02
1.352156774716651853e+03	2.294704789131398748e-01	1.476613982299052052e-01	2.696289933944103767e-01	1.623040508093004375e-01	7.719900102705140599e-02	3.161746219475978364e-02	8.211861543122683793e-02
1.354575659823479100e+03	2.291896300407336995e-01	1.474769264426342152e-01	2.698187716510204726e-01	1.624245348963896662e-01	7.725060735604541429e-02	3.164502625765601429e-02	8.219450335531434948e-02
1.356994544930307029e+03	2.289095806532649713e-01	1.472929653515325510e-01	2.700079594556026863e-01	1.625446972231572029e-01	7.730208003314423260e-02	3.167251908192789817e-02	8.227019820116418525e-02
1.359413430037134731e+03	2.286303285056000278e-01	1.471095135081910421e-01	2.701965586306998568e-01	1.626645386665244164e-01	7.735341939374444642e-02	3.169994086627606067e-02	8.234570042875785645e-02
1.361832315143962205e+03	2.283518713588482130e-01	1.469265694683870860e-01	2.703845709931968488e-01	1.627840601008357924e-01	7.740462577247504694e-02	3.172729180884390626e-02	8.242101049720679251e-02
1.364251200250789907e+03	2.280742069803447514e-01	1.467441317920723520e-01	2.705719983543384277e-01	1.629032623978683425e-01	7.745569950319849961e-02	3.175457210721914503e-02	8.249612886475221618e-02
1.366670085357617609e+03	2.277973331436335402e-01	1.465621990433602639e-01	2.707588425197468007e-01	1.630221464268408471e-01	7.750664091901189601e-02	3.178178195843535392e-02	8.257105598876506025e-02
1.369088970464445310e+03	2.275212476284500795e-01	1.463807697905141203e-01	2.709451052894391032e-01	1.631407130544230977e-01	7.755745035224799466e-02	3.180892155897351720e-02	8.264579232574582879e-02
1.371507855571272785e+03	2.272459482207043191e-01	1.461998426059346601e-01	2.711307884578451621e-01	1.632589631447450285e-01	7.760812813447642844e-02	3.183599110476358074e-02	8.272033833132458325e-02
1.373926740678100487e+03	2.269714327124636166e-01	1.460194160661479335e-01	2.713158938138247600e-01	1.633768975594058481e-01	7.765867459650478699e-02	3.186299079118595778e-02	8.279469446026081758e-02
1.376345625784927961e+03	2.266976989019357791e-01	1.458394887517932836e-01	2.715004231406851765e-01	1.634945171574831435e-01	7.770909006837975475e-02	3.188992081307307630e-02	8.286886116644344435e-02
1.378764510891755890e+03	2.264247445934521319e-01	1.456600592476111622e-01	2.716843782161985632e-01	1.636118227955419002e-01	7.775937487938827664e-02	3.191678136471091248e-02	8.294283890289076699e-02
1.381183395998583137e+03	2.261525675974506155e-01	1.454811261424310553e-01	2.718677608126189305e-01	1.637288153276434399e-01	7.780952935805869608e-02	3.194357263984050344e-02	8.301662812175047979e-02
1.383602281105411066e+03	2.258811657304588549e-01	1.453026880291595213e-01	2.720505726966999660e-01	1.638454956053543854e-01	7.785955383216190684e-02	3.197029483165945984e-02	8.309022927429961236e-02
1.386021166212238768e+03	2.256105368150774504e-01	1.451247435047682277e-01	2.722328156297117441e-01	1.639618644777555978e-01	7.790944862871253263e-02	3.199694813282350642e-02	8.316364281094459909e-02
1.388440051319066470e+03	2.253406786799632411e-01	1.449472911702819611e-01	2.724144913674581003e-01	1.640779227914508920e-01	7.795921407397010672e-02	3.202353273544794598e-02	8.323686918122133460e-02
1.390858936425893944e+03	2.250715891598124574e-01	1.447703296307667475e-01	2.725956016602938403e-01	1.641936713905760015e-01	7.800885049344019606e-02	3.205004883110920688e-02	8.330990883379511824e-02
1.393277821532721646e+03	2.248032660953441508e-01	1.445938574953179456e-01	2.727761482531413928e-01	1.643091111168072105e-01	7.805835821187567802e-02	3.207649661084633480e-02	8.338276221646082065e-02
1.395696706639549120e+03	2.245357073332835685e-01	1.444178733770484224e-01	2.729561328855080737e-01	1.644242428093701525e-01	7.810773755327785062e-02	3.210287626516247078e-02	8.345542977614291147e-02
1.398115591746377049e+03	2.242689107263455828e-01	1.442423758930767574e-01	2.731355572915031837e-01	1.645390673050483588e-01	7.815698884089765375e-02	3.212918798402636389e-02	8.352791195889559817e-02
1.400534476853204296e+03	2.240028741332180939e-01	1.440673636645154465e-01	2.733144231998544393e-01	1.646535854381920017e-01	7.820611239723686270e-02	3.215543195687386308e-02	8.360020920990283988e-02
1.402953361960032225e+03	2.237375954185455984e-01	1.438928353164591889e-01	2.734927323339250149e-01	1.647677980407263876e-01	7.825510854404930938e-02	3.218160837260938129e-02	8.367232197347856948e-02
1.405372247066859927e+03	2.234730724529127854e-01	1.437187894779732300e-01	2.736704864117306402e-01	1.648817059421605336e-01	7.830397760234207583e-02	3.220771741960738732e-02	8.374425069306676295e-02
1.407791132173687402e+03	2.232093031128280780e-01	1.435452247820816485e-01	2.738476871459557538e-01	1.649953099695956604e-01	7.835271989237671542e-02	3.223375928571390464e-02	8.381599581124166143e-02
1.410210017280515103e+03	2.229462852807072570e-01	1.433721398657556989e-01	2.740243362439705455e-01	1.651086109477336306e-01	7.840133573367048803e-02	3.225973415824793383e-02	8.388755776970785449e-02
1.412628902387342805e+03	2.226840168448572799e-01	1.431995333699022932e-01	2.742004354078474426e-01	1.652216096988853578e-01	7.844982544499753963e-02	3.228564222400297223e-02	8.395893700930050219e-02
1.415047787494170507e+03	2.224224956994599045e-01	1.430274039393523988e-01	2.743759863343777639e-01	1.653343070429791617e-01	7.849818934439017903e-02	3.231148366924845028e-02	8.403013396998552931e-02
1.417466672600997981e+03	2.221617197445555081e-01	1.428557502228495479e-01	2.745509907150880391e-01	1.654467037975691501e-01	7.854642774914009917e-02	3.233725867973119561e-02	8.410114909085983359e-02
1.419885557707825683e+03	2.219016868860269887e-01	1.426845708730382078e-01	2.747254502362567186e-01	1.655588007778433790e-01	7.859454097579955667e-02	3.236296744067691106e-02	8.417198281015152161e-02
1.422304442814653157e+03	2.216423950355834727e-01	1.425138645464525677e-01	2.748993665789305485e-01	1.656705987966322347e-01	7.864252934018274577e-02	3.238861013679156936e-02	8.424263556522008922e-02
1.424723327921481086e+03	2.213838421107444110e-01	1.423436299035049646e-01	2.750727414189407805e-01	1.657820986644165662e-01	7.869039315736686691e-02	3.241418695226294666e-02	8.431310779255672683e-02
1.427142213028308333e+03	2.211260260348233975e-01	1.421738656084744479e-01	2.752455764269194916e-01	1.658933011893358178e-01	7.873813274169351450e-02	3.243969807076198253e-02	8.438339992778458309e-02
1.429561098135136262e+03	2.208689447369123204e-01	1.420045703294955386e-01	2.754178732683160713e-01	1.660042071771962169e-01	7.878574840676987046e-02	3.246514367544427876e-02	8.445351240565898698e-02
1.431979983241963964e+03	2.206125961518652645e-01	1.418357427385468772e-01	2.755896336034129868e-01	1.661148174314788228e-01	7.883324046546996700e-02	3.249052394895150797e-02	8.452344566006782245e-02
1.434398868348791666e+03	2.203569782202827454e-01	1.416673815114398438e-01	2.757608590873426024e-01	1.662251327533475764e-01	7.888060922993593571e-02	3.251583907341286384e-02	8.459320012403176436e-02
1.436817753455619140e+03	2.201020888884956672e-01	1.414994853278074838e-01	2.759315513701025013e-01	1.663351539416572378e-01	7.892785501157928429e-02	3.254108923044646273e-02	8.466277622970461159e-02
1.439236638562446842e+03	2.198479261085497516e-01	1.413320528710931834e-01	2.761017120965722493e-01	1.664448817929615188e-01	7.897497812108213167e-02	3.256627460116080786e-02	8.473217440837362002e-02
1.441655523669274316e+03	2.195944878381894949e-01	1.411650828285394565e-01	2.762713429065289383e-01	1.665543171015207990e-01	7.902197886839854024e-02	3.259139536615616312e-02	8.480139509045984958e-02
1.444074408776102018e+03	2.193417720408426808e-01	1.409985738911767872e-01	2.764404454346633400e-01	1.666634606593101753e-01	7.906885756275569554e-02	3.261645170552601031e-02	8.487043870551855274e-02
1.446493293882929493e+03	2.190897766856044204e-01	1.408325247538126657e-01	2.766090213105957818e-01	1.667723132560271770e-01	7.911561451265522460e-02	3.264144379885843689e-02	8.493930568223945210e-02
1.448912178989757422e+03	2.188384997472218318e-01	1.406669341150202923e-01	2.767770721588919125e-01	1.668808756790997605e-01	7.916225002587450044e-02	3.266637182523755151e-02	8.500799644844721226e-02
1.451331064096585123e+03	2.185879392060781357e-01	1.405018006771276973e-01	2.769445995990786891e-01	1.669891487136938857e-01	7.920876440946786334e-02	3.269123596324489955e-02	8.507651143110182834e-02
1.453749949203412370e+03	2.183380930481773063e-01	1.403371231462065549e-01	2.771116052456600309e-01	1.670971331427213713e-01	7.925515796976793925e-02	3.271603639096084398e-02	8.514485105629894524e-02
1.456168834310240300e+03	2.180889592651284736e-01	1.401729002320613315e-01	2.772780907081324187e-01	1.672048297468475275e-01	7.930143101238687486e-02	3.274077328596598085e-02	8.521301574927038491e-02
1.458587719417068001e+03	2.178405358541304071e-01	1.400091306482182940e-01	2.774440575910006590e-01	1.673122393044988721e-01	7.934758384221771155e-02	3.276544682534252712e-02	8.528100593438449339e-02
1.461006604523895703e+03	2.175928208179561396e-01	1.398458131119145742e-01	2.776095074937935392e-01	1.674193625918707629e-01	7.939361676343556495e-02	3.279005718567570837e-02	8.534882203514664034e-02
1.463425489630723177e+03	2.173458121649375907e-01	1.396829463440873165e-01	2.777744420110793144e-01	1.675262003829349200e-01	7.943953007949895728e-02	3.281460454305513280e-02	8.541646447419964927e-02
1.465844374737550879e+03	2.170995079089501623e-01	1.395205290693627698e-01	2.779388627324812511e-01	1.676327534494470584e-01	7.948532409315116343e-02	3.283908907307619279e-02	8.548393367332425552e-02
1.468263259844378354e+03	2.168539060693974729e-01	1.393585600160454074e-01	2.781027712426931142e-01	1.677390225609543262e-01	7.953099910642139059e-02	3.286351095084143192e-02	8.555123005343960585e-02
1.470682144951206283e+03	2.166090046711961203e-01	1.391970379161073523e-01	2.782661691214945998e-01	1.678450084848028545e-01	7.957655542062616605e-02	3.288787035096191885e-02	8.561835403460374416e-02
1.473101030058033530e+03	2.163648017447604155e-01	1.390359615051773301e-01	2.784290579437665447e-01	1.679507119861451958e-01	7.962199333637058618e-02	3.291216744755863510e-02	8.568530603601409723e-02
1.475519915164861459e+03	2.161212953259871727e-01	1.388753295225302054e-01	2.785914392795062478e-01	1.680561338279476513e-01	7.966731315354963483e-02	3.293640241426381426e-02	8.575208647600800205e-02
1.477938800271689161e+03	2.158784834562406107e-01	1.387151407110761847e-01	2.787533146938430684e-01	1.681612747709977929e-01	7.971251517134946007e-02	3.296057542422231590e-02	8.581869577206323318e-02
1.480357685378516862e+03	2.156363641823373367e-01	1.385553938173499922e-01	2.789146857470533591e-01	1.682661355739117348e-01	7.975759968824869262e-02	3.298468665009299944e-02	8.588513434079850239e-02
1.482776570485344337e+03	2.153949355565311641e-01	1.383960875915005162e-01	2.790755539945756758e-01	1.683707169931414060e-01	7.980256700201972253e-02	3.300873626405004951e-02	8.595140259797409699e-02
