1.001418434226643626e+03	2.799734056015975581e-01	1.806428262137925456e-01	2.347811719089679672e-01	1.409298837890706757e-01	6.811612819679470354e-02	2.673764252108781075e-02	6.881894176848267486e-02
1.002869765290740247e+03	2.797189627741621942e-01	1.804768397262575541e-01	2.349598423698471827e-01	1.410368849914077349e-01	6.816118324325658173e-02	2.676177255116956449e-02	6.888451434369312343e-02
1.004321096354836754e+03	2.794649522676051490e-01	1.803111318576825772e-01	2.351381787651355137e-01	1.411437123646166192e-01	6.820617003677732770e-02	2.678586425078046188e-02	6.894999045719624187e-02
1.005772427418933376e+03	2.792113733567076483e-01	1.801457021294755600e-01	2.353161817209543372e-01	1.412503662059816645e-01	6.825108866744157565e-02	2.680991768414353604e-02	6.901537023508957924e-02
1.007223758483029997e+03	2.789582253174503479e-01	1.799805500638831934e-01	2.354938518622273491e-01	1.413568468121743360e-01	6.829593922537120776e-02	2.683393291537410769e-02	6.908065380331333827e-02
1.008675089547126618e+03	2.787055074270117228e-01	1.798156751839895262e-01	2.356711898126830074e-01	1.414631544792555595e-01	6.834072180072227332e-02	2.685791000847996893e-02	6.914584128765179083e-02
1.010126420611223239e+03	2.784532189637660693e-01	1.796510770137143553e-01	2.358481961948571681e-01	1.415692895026780529e-01	6.838543648368204664e-02	2.688184902736155679e-02	6.921093281373462414e-02
1.011577751675319632e+03	2.782013592072816732e-01	1.794867550778117826e-01	2.360248716300954730e-01	1.416752521772884077e-01	6.843008336446620987e-02	2.690575003581213709e-02	6.927592850703818972e-02
1.013029082739416367e+03	2.779499274383188667e-01	1.793227089018686882e-01	2.362012167385559580e-01	1.417810427973294762e-01	6.847466253331595254e-02	2.692961309751797441e-02	6.934082849288684958e-02
1.014480413803512761e+03	2.776989229388284186e-01	1.791589380123032871e-01	2.363772321392115516e-01	1.418866616564425365e-01	6.851917408049518210e-02	2.695343827605852297e-02	6.940563289645421130e-02
1.015931744867609382e+03	2.774483449919493694e-01	1.789954419363636862e-01	2.365529184498524895e-01	1.419921090476694014e-01	6.856361809628785942e-02	2.697722563490658962e-02	6.947034184276432156e-02
1.017383075931706003e+03	2.771981928820073660e-01	1.788322202021261909e-01	2.367282762870888679e-01	1.420973852634546120e-01	6.860799467099527871e-02	2.700097523742851433e-02	6.953495545669291511e-02
1.018834406995802851e+03	2.769484658945126632e-01	1.786692723384940840e-01	2.369033062663530309e-01	1.422024905956476848e-01	6.865230389493352792e-02	2.702468714688435747e-02	6.959947386296846950e-02
1.020285738059899245e+03	2.766991633161584030e-01	1.785065978751959326e-01	2.370780090019020958e-01	1.423074253355050278e-01	6.869654585843089356e-02	2.704836142642806293e-02	6.966389718617344018e-02
1.021737069123995752e+03	2.764502844348186716e-01	1.783441963427842558e-01	2.372523851068204237e-01	1.424121897736922160e-01	6.874072065182539049e-02	2.707199813910763156e-02	6.972822555074532913e-02
1.023188400188092373e+03	2.762018285395466677e-01	1.781820672726339705e-01	2.374264351930219508e-01	1.425167842002860175e-01	6.878482836546229162e-02	2.709559734786532240e-02	6.979245908097773954e-02
1.024639731252188767e+03	2.759537949205728702e-01	1.780202101969409478e-01	2.376001598712527696e-01	1.426212089047763920e-01	6.882886908969175488e-02	2.711915911553779146e-02	6.985659790102141664e-02
1.026091062316285615e+03	2.757061828693032068e-01	1.778586246487205702e-01	2.377735597510934329e-01	1.427254641760686560e-01	6.887284291486643617e-02	2.714268350485629991e-02	6.992064213488534408e-02
1.027542393380382237e+03	2.754589916783171111e-01	1.776973101618062045e-01	2.379466354409614237e-01	1.428295503024853974e-01	6.891674993133926896e-02	2.716617057844687363e-02	6.998459190643765981e-02
1.028993724444478858e+03	2.752122206413657457e-01	1.775362662708477868e-01	2.381193875481135702e-01	1.429334675717685577e-01	6.896059022946116057e-02	2.718962039883046980e-02	7.004844733940668311e-02
1.030445055508575479e+03	2.749658690533701155e-01	1.773754925113103786e-01	2.382918166786484049e-01	1.430372162710813189e-01	6.900436389957878558e-02	2.721303302842317112e-02	7.011220855738181656e-02
1.031896386572671872e+03	2.747199362104192910e-01	1.772149884194725855e-01	2.384639234375085792e-01	1.431407966870102411e-01	6.904807103203249030e-02	2.723640852953635241e-02	7.017587568381448981e-02
1.033347717636768493e+03	2.744744214097683543e-01	1.770547535324252797e-01	2.386357084284833341e-01	1.432442091055670663e-01	6.909171171715411397e-02	2.725974696437684711e-02	7.023944884201906158e-02
1.034799048700865114e+03	2.742293239498369006e-01	1.768947873880700461e-01	2.388071722542106368e-01	1.433474538121906616e-01	6.913528604526496257e-02	2.728304839504712073e-02	7.030292815517372174e-02
1.036250379764961508e+03	2.739846431302069285e-01	1.767350895251177112e-01	2.389783155161798456e-01	1.434505310917490450e-01	6.917879410667378270e-02	2.730631288354545827e-02	7.036631374632131009e-02
1.037701710829058356e+03	2.737403782516210082e-01	1.765756594830869275e-01	2.391491388147338470e-01	1.435534412285412176e-01	6.922223599167477703e-02	2.732954049176612721e-02	7.042960573837013516e-02
1.039153041893154750e+03	2.734965286159806164e-01	1.764164968023028135e-01	2.393196427490715261e-01	1.436561845062990506e-01	6.926561179054564754e-02	2.735273128149954755e-02	7.049280425409486239e-02
1.040604372957251599e+03	2.732530935263441374e-01	1.762576010238953717e-01	2.394898279172500422e-01	1.437587612081891730e-01	6.930892159354574977e-02	2.737588531443247569e-02	7.055590941613719413e-02
1.042055704021347992e+03	2.730100722869250873e-01	1.760989716897980728e-01	2.396596949161871604e-01	1.438611716168147481e-01	6.935216549091420546e-02	2.739900265214815708e-02	7.061892134700671619e-02
1.043507035085444613e+03	2.727674642030901708e-01	1.759406083427465517e-01	2.398292443416636943e-01	1.439634160142174713e-01	6.939534357286805677e-02	2.742208335612652398e-02	7.068184016908166112e-02
1.044958366149541234e+03	2.725252685813576714e-01	1.757825105262769971e-01	2.399984767883256709e-01	1.440654946818792914e-01	6.943845592960054547e-02	2.744512748774434116e-02	7.074466600460958821e-02
1.046409697213637855e+03	2.722834847293954530e-01	1.756246777847248197e-01	2.401673928496868282e-01	1.441674079007242149e-01	6.948150265127930880e-02	2.746813510827540369e-02	7.080739897570809127e-02
1.047861028277734476e+03	2.720421119560191281e-01	1.754671096632232641e-01	2.403359931181307252e-01	1.442691559511201094e-01	6.952448382804472804e-02	2.749110627889068612e-02	7.087003920436553417e-02
1.049312359341831097e+03	2.718011495711902259e-01	1.753098057077018546e-01	2.405042781849131006e-01	1.443707391128805084e-01	6.956739955000819375e-02	2.751404106065851937e-02	7.093258681244171693e-02
1.050763690405927491e+03	2.715605968860145270e-01	1.751527654648850629e-01	2.406722486401642880e-01	1.444721576652663875e-01	6.961024990725055150e-02	2.753693951454476777e-02	7.099504192166851413e-02
1.052215021470024112e+03	2.713204532127400648e-01	1.749959884822908929e-01	2.408399050728913249e-01	1.445734118869878848e-01	6.965303498982046426e-02	2.755980170141299201e-02	7.105740465365049940e-02
1.053666352534120733e+03	2.710807178647552940e-01	1.748394743082294367e-01	2.410072480709803955e-01	1.446745020562059947e-01	6.969575488773283034e-02	2.758262768202462967e-02	7.111967512986561157e-02
1.055117683598217127e+03	2.708413901565873139e-01	1.746832224918013765e-01	2.411742782211989122e-01	1.447754284505343991e-01	6.973840969096725684e-02	2.760541751703914776e-02	7.118185347166572363e-02
1.056569014662313975e+03	2.706024694039002032e-01	1.745272325828967908e-01	2.413409961091979583e-01	1.448761913470411333e-01	6.978099948946658859e-02	2.762817126701422668e-02	7.124393980027723949e-02
1.058020345726410369e+03	2.703639549234928552e-01	1.743715041321935166e-01	2.415074023195145081e-01	1.449767910222502232e-01	6.982352437313539550e-02	2.765088899240593021e-02	7.130593423680166298e-02
1.059471676790506763e+03	2.701258460332975342e-01	1.742160366911558456e-01	2.416734974355735643e-01	1.450772277521434894e-01	6.986598443183857088e-02	2.767357075356885465e-02	7.136783690221620846e-02
1.060923007854603611e+03	2.698881420523778774e-01	1.740608298120330799e-01	2.418392820396905452e-01	1.451775018121621019e-01	6.990837975539990201e-02	2.769621661075632665e-02	7.142964791737425878e-02
1.062374338918700232e+03	2.696508423009270072e-01	1.739058830478582562e-01	2.420047567130733657e-01	1.452776134772082728e-01	6.995071043360072405e-02	2.771882662412054887e-02	7.149136740300590653e-02
1.063825669982796853e+03	2.694139461002658109e-01	1.737511959524465355e-01	2.421699220358248528e-01	1.453775630216469772e-01	6.999297655617853220e-02	2.774140085371278042e-02	7.155299547971853691e-02
1.065277001046893474e+03	2.691774527728411082e-01	1.735967680803940094e-01	2.423347785869448545e-01	1.454773507193075077e-01	7.003517821282569111e-02	2.776393935948349295e-02	7.161453226799728566e-02
1.066728332110990095e+03	2.689413616422239861e-01	1.734425989870761742e-01	2.424993269443324606e-01	1.455769768434851397e-01	7.007731549318813036e-02	2.778644220128255460e-02	7.167597788820546933e-02
1.068179663175086489e+03	2.687056720331078563e-01	1.732886882286465702e-01	2.426635676847882228e-01	1.456764416669426854e-01	7.011938848686408154e-02	2.780890943885938604e-02	7.173733246058516810e-02
1.069630994239183110e+03	2.684703832713064564e-01	1.731350353620354221e-01	2.428275013840164032e-01	1.457757454619121595e-01	7.016139728340285708e-02	2.783134113186312361e-02	7.179859610525755886e-02
1.071082325303279504e+03	2.682354946837525178e-01	1.729816399449481956e-01	2.429911286166271112e-01	1.458748885000963058e-01	7.020334197230362894e-02	2.785373733984280314e-02	7.185976894222345646e-02
1.072533656367376352e+03	2.680010055984954898e-01	1.728285015358642929e-01	2.431544499561385242e-01	1.459738710526702621e-01	7.024522264301426289e-02	2.787609812224750572e-02	7.192085109136368837e-02
1.073984987431472746e+03	2.677669153447000960e-01	1.726756196940356092e-01	2.433174659749790802e-01	1.460726933902830316e-01	7.028703938493011116e-02	2.789842353842653805e-02	7.198184267243956658e-02
1.075436318495569594e+03	2.675332232526443921e-01	1.725229939794851453e-01	2.434801772444896983e-01	1.461713557830590926e-01	7.032879228739291610e-02	2.792071364762959557e-02	7.204274380509324838e-02
1.076887649559666215e+03	2.672999286537179331e-01	1.723706239530057027e-01	2.436425843349258047e-01	1.462698585005999252e-01	7.037048143968972769e-02	2.794296850900692894e-02	7.210355460884815271e-02
1.078338980623762609e+03	2.670670308804199977e-01	1.722185091761584130e-01	2.438046878154596642e-01	1.463682018119855099e-01	7.041210693105176555e-02	2.796518818160949674e-02	7.216427520310933486e-02
1.079790311687859230e+03	2.668345292663578672e-01	1.720666492112714607e-01	2.439664882541824620e-01	1.464663859857759376e-01	7.045366885065337814e-02	2.798737272438915277e-02	7.222490570716387503e-02
1.081241642751955851e+03	2.666024231462450489e-01	1.719150436214386957e-01	2.441279862181064964e-01	1.465644112900128526e-01	7.049516728761102968e-02	2.800952219619879530e-02	7.228544624018121145e-02
1.082692973816052472e+03	2.663707118558994447e-01	1.717636919705181897e-01	2.442891822731673157e-01	1.466622779922209518e-01	7.053660233098221766e-02	2.803163665579253699e-02	7.234589692121354276e-02
1.084144304880149093e+03	2.661393947322414633e-01	1.716125938231308767e-01	2.444500769842258003e-01	1.467599863594094833e-01	7.057797406976455690e-02	2.805371616182586458e-02	7.240625786919613338e-02
1.085595635944245487e+03	2.659084711132924661e-01	1.714617487446593591e-01	2.446106709150704106e-01	1.468575366580738284e-01	7.061928259289476650e-02	2.807576077285581229e-02	7.246652920294761879e-02
1.087046967008342108e+03	2.656779403381727134e-01	1.713111563012463257e-01	2.447709646284192131e-01	1.469549291541967784e-01	7.066052798924771228e-02	2.809777054734111101e-02	7.252671104117038026e-02
1.088498298072438729e+03	2.654478017470999207e-01	1.711608160597933304e-01	2.449309586859221011e-01	1.470521641132501445e-01	7.070171034763550466e-02	2.811974554364237572e-02	7.258680350245082236e-02
1.089949629136535123e+03	2.652180546813872053e-01	1.710107275879594602e-01	2.450906536481628761e-01	1.471492418001962010e-01	7.074282975680655505e-02	2.814168582002223723e-02	7.264680670525967832e-02
1.091400960200631971e+03	2.649886984834414760e-01	1.708608904541598361e-01	2.452500500746613021e-01	1.472461624794890733e-01	7.078388630544468763e-02	2.816359143464553308e-02	7.270672076795234307e-02
1.092852291264728365e+03	2.647597324967614352e-01	1.707113042275644754e-01	2.454091485238753256e-01	1.473429264150761531e-01	7.082488008216833442e-02	2.818546244557944974e-02	7.276654580876908140e-02
1.094303622328825213e+03	2.645311560659361350e-01	1.705619684780966816e-01	2.455679495532031575e-01	1.474395338703996250e-01	7.086581117552956388e-02	2.820729891079370999e-02	7.282628194583536108e-02
1.095754953392921607e+03	2.643029685366430348e-01	1.704128827764319620e-01	2.457264537189852993e-01	1.475359851083977991e-01	7.090667967401337313e-02	2.822910088816069779e-02	7.288592929716208868e-02
1.097206284457018228e+03	2.640751692556462249e-01	1.702640466939965014e-01	2.458846615765066523e-01	1.476322803915065263e-01	7.094748566603675810e-02	2.825086843545565954e-02	7.294548798064587336e-02
1.098657615521114849e+03	2.638477575707947054e-01	1.701154598029659404e-01	2.460425736799987106e-01	1.477284199816606691e-01	7.098822923994803358e-02	2.827260161035683936e-02	7.300495811406931823e-02
1.100108946585211470e+03	2.636207328310206655e-01	1.699671216762639603e-01	2.462001905826415038e-01	1.478244041402953790e-01	7.102891048402595886e-02	2.829430047044565258e-02	7.306433981510117304e-02
1.101560277649308091e+03	2.633940943863375406e-01	1.698190318875609506e-01	2.463575128365657618e-01	1.479202331283475669e-01	7.106952948647900226e-02	2.831596507320684880e-02	7.312363320129665334e-02
1.103011608713404712e+03	2.631678415878385136e-01	1.696711900112727600e-01	2.465145409928549414e-01	1.480159072062572079e-01	7.111008633544463331e-02	2.833759547602865414e-02	7.318283839009759317e-02
1.104462939777501106e+03	2.629419737876946273e-01	1.695235956225592533e-01	2.466712756015473629e-01	1.481114266339687568e-01	7.115058111898854565e-02	2.835919173620296205e-02	7.324195549883275036e-02
1.105914270841597499e+03	2.627164903391531192e-01	1.693762482973231176e-01	2.468277172116381812e-01	1.482067916709324806e-01	7.119101392510397697e-02	2.838075391092546168e-02	7.330098464471793140e-02
1.107365601905694348e+03	2.624913905965354233e-01	1.692291476122083915e-01	2.469838663710814952e-01	1.483020025761059013e-01	7.123138484171098739e-02	2.840228205729582525e-02	7.335992594485622742e-02
1.108816932969790741e+03	2.622666739152357263e-01	1.690822931445992716e-01	2.471397236267924014e-01	1.483970596079549065e-01	7.127169395665579332e-02	2.842377623231785028e-02	7.341877951623823617e-02
1.110268264033887590e+03	2.620423396517192471e-01	1.689356844726186690e-01	2.472952895246490201e-01	1.484919630244553035e-01	7.131194135771010134e-02	2.844523649289963305e-02	7.347754547574221473e-02
1.111719595097984211e+03	2.618183871635201831e-01	1.687893211751269884e-01	2.474505646094945222e-01	1.485867130830940408e-01	7.135212713257046979e-02	2.846666289585370394e-02	7.353622394013428765e-02
1.113170926162080832e+03	2.615948158092400444e-01	1.686432028317208509e-01	2.476055494251392375e-01	1.486813100408705679e-01	7.139225136885764267e-02	2.848805549789721475e-02	7.359481502606859959e-02
1.114622257226177226e+03	2.613716249485462662e-01	1.684973290227315679e-01	2.477602445143625987e-01	1.487757541542981121e-01	7.143231415411595286e-02	2.850941435565208792e-02	7.365331885008752355e-02
1.116073588290273847e+03	2.611488139421701549e-01	1.683516993292241137e-01	2.479146504189151390e-01	1.488700456794050109e-01	7.147231557581269767e-02	2.853073952564516569e-02	7.371173552862177181e-02
1.117524919354370468e+03	2.609263821519051674e-01	1.682063133329955718e-01	2.480687676795207408e-01	1.489641848717359607e-01	7.151225572133756980e-02	2.855203106430837662e-02	7.377006517799063190e-02
1.118976250418467089e+03	2.607043289406053010e-01	1.680611706165740238e-01	2.482225968358783286e-01	1.490581719863533217e-01	7.155213467800204674e-02	2.857328902797888828e-02	7.382830791440203599e-02
1.120427581482563710e+03	2.604826536721832619e-01	1.679162707632171625e-01	2.483761384266641448e-01	1.491520072778384498e-01	7.159195253303884954e-02	2.859451347289927725e-02	7.388646385395275518e-02
1.121878912546660331e+03	2.602613557116089105e-01	1.677716133569109314e-01	2.485293929895335818e-01	1.492456910002929182e-01	7.163170937360137380e-02	2.861570445521767481e-02	7.394453311262853823e-02
1.123330243610756725e+03	2.600404344249073185e-01	1.676271979823683034e-01	2.486823610611232638e-01	1.493392234073397939e-01	7.167140528676313460e-02	2.863686203098792307e-02	7.400251580630425041e-02
1.124781574674853118e+03	2.598198891791571041e-01	1.674830242250279488e-01	2.488350431770530724e-01	1.494326047521248590e-01	7.171104035951728073e-02	2.865798625616974848e-02	7.406041205074397060e-02
1.126232905738949967e+03	2.595997193424888771e-01	1.673390916710530141e-01	2.489874398719280346e-01	1.495258352873179430e-01	7.175061467877603960e-02	2.867907718662889710e-02	7.411822196160115783e-02
1.127684236803046360e+03	2.593799242840834074e-01	1.671953999073297337e-01	2.491395516793404596e-01	1.496189152651140886e-01	7.179012833137024541e-02	2.870013487813730113e-02	7.417594565441877619e-02
1.129135567867143209e+03	2.591605033741698483e-01	1.670519485214662092e-01	2.492913791318717709e-01	1.497118449372348559e-01	7.182958140404879788e-02	2.872115938637323854e-02	7.423358324462935032e-02
1.130586898931239830e+03	2.589414559840240715e-01	1.669087371017910493e-01	2.494429227610945599e-01	1.498046245549294886e-01	7.186897398347824595e-02	2.874215076692148568e-02	7.429113484755514585e-02
1.132038229995336451e+03	2.587227814859671127e-01	1.667657652373521759e-01	2.495941830975746123e-01	1.498972543689762460e-01	7.190830615624224653e-02	2.876310907527346653e-02	7.434860057840825265e-02
1.133489561059432845e+03	2.585044792533631175e-01	1.666230325179155203e-01	2.497451606708726846e-01	1.499897346296834577e-01	7.194757800884114818e-02	2.878403436682742261e-02	7.440598055229068197e-02
1.134940892123529466e+03	2.582865486606181760e-01	1.664805385339636623e-01	2.498958560095466686e-01	1.500820655868908837e-01	7.198678962769154699e-02	2.880492669688855881e-02	7.446327488419446361e-02
1.136392223187626087e+03	2.580689890831781574e-01	1.663382828766946653e-01	2.500462696411535068e-01	1.501742474899708801e-01	7.202594109912582865e-02	2.882578612066918899e-02	7.452048368900175690e-02
1.137843554251722708e+03	2.578517998975269898e-01	1.661962651380207712e-01	2.501964020922510246e-01	1.502662805878295649e-01	7.206503250939177985e-02	2.884661269328891997e-02	7.457760708148490625e-02
1.139294885315819101e+03	2.576349804811853828e-01	1.660544849105670406e-01	2.503462538884000943e-01	1.503581651289080112e-01	7.210406394465210256e-02	2.886740646977477287e-02	7.463464517630656603e-02
1.140746216379915950e+03	2.574185302127087738e-01	1.659129417876702428e-01	2.504958255541663292e-01	1.504499013611834968e-01	7.214303549098406709e-02	2.888816750506135317e-02	7.469159808801975609e-02
1.142197547444012343e+03	2.572024484716857184e-01	1.657716353633773565e-01	2.506451176131223035e-01	1.505414895321706137e-01	7.218194723437909577e-02	2.890889585399100681e-02	7.474846593106797277e-02
1.143648878508108737e+03	2.569867346387362250e-01	1.656305652324445710e-01	2.507941305878492178e-01	1.506329298889225177e-01	7.222079926074234657e-02	2.892959157131396938e-02	7.480524881978520280e-02
1.145100209572205586e+03	2.567713880955102557e-01	1.654897309903358427e-01	2.509428649999389527e-01	1.507242226780320105e-01	7.225959165589239397e-02	2.895025471168851880e-02	7.486194686839606205e-02
1.146551540636302207e+03	2.565564082246856725e-01	1.653491322332216740e-01	2.510913213699960123e-01	1.508153681456327888e-01	7.229832450556081258e-02	2.897088532968113486e-02	7.491856019101582331e-02
1.148002871700398828e+03	2.563417944099668500e-01	1.652087685579779475e-01	2.512395002176395775e-01	1.509063665374005547e-01	7.233699789539183023e-02	2.899148347976664500e-02	7.497508890165048567e-02
1.149454202764495449e+03	2.561275460360828982e-01	1.650686395621844826e-01	2.513874020615051164e-01	1.509972180985541812e-01	7.237561191094199486e-02	2.901204921632837691e-02	7.503153311419684390e-02
1.150905533828591842e+03	2.559136624887859424e-01	1.649287448441239257e-01	2.515350274192465485e-01	1.510879230738568502e-01	7.241416663767978601e-02	2.903258259365831470e-02	7.508789294244255785e-02
1.152356864892688463e+03	2.557001431548495685e-01	1.647890840027805281e-01	2.516823768075379109e-01	1.511784817076171905e-01	7.245266216098533718e-02	2.905308366595725500e-02	7.514416850006615245e-02
1.153808195956785084e+03	2.554869874220668802e-01	1.646496566378387871e-01	2.518294507420756334e-01	1.512688942436904438e-01	7.249109856615008896e-02	2.907355248733494574e-02	7.520035990063715647e-02
1.155259527020881706e+03	2.552741946792492778e-01	1.645104623496822238e-01	2.519762497375800936e-01	1.513591609254795745e-01	7.252947593837644202e-02	2.909398911181025268e-02	7.525646725761607481e-02
1.156710858084978327e+03	2.550617643162244597e-01	1.643715007393921623e-01	2.521227743077976702e-01	1.514492819959364078e-01	7.256779436277747963e-02	2.911439359331130516e-02	7.531249068435444394e-02
1.158162189149074720e+03	2.548496957238347571e-01	1.642327714087465085e-01	2.522690249655027417e-01	1.515392576975627403e-01	7.260605392437664840e-02	2.913476598567563830e-02	7.536843029409494299e-02
1.159613520213171569e+03	2.546379882939356354e-01	1.640942739602184453e-01	2.524150022224991852e-01	1.516290882724114497e-01	7.264425470810752239e-02	2.915510634265035608e-02	7.542428619997136596e-02
1.161064851277267962e+03	2.544266414193938619e-01	1.639560079969752948e-01	2.525607065896228742e-01	1.517187739620876052e-01	7.268239679881340065e-02	2.917541471789228402e-02	7.548005851500864949e-02
1.162516182341364356e+03	2.542156544940861740e-01	1.638179731228771585e-01	2.527061385767429003e-01	1.518083150077495780e-01	7.272048028124712682e-02	2.919569116496810446e-02	7.553574735212295610e-02
1.163967513405461204e+03	2.540050269128971694e-01	1.636801689424757789e-01	2.528512986927639039e-01	1.518977116501101510e-01	7.275850524007082543e-02	2.921593573735451962e-02	7.559135282412171586e-02
1.165418844469557826e+03	2.537947580717179186e-01	1.635425950610132351e-01	2.529961874456277959e-01	1.519869641294375462e-01	7.279647175985552721e-02	2.923614848843840083e-02	7.564687504370358473e-02
1.166870175533654447e+03	2.535848473674443548e-01	1.634052510844208328e-01	2.531408053423155891e-01	1.520760726855566458e-01	7.283437992508103032e-02	2.925632947151692725e-02	7.570231412345854172e-02
1.168321506597751068e+03	2.533752941979754980e-01	1.632681366193177164e-01	2.532851528888493964e-01	1.521650375578500192e-01	7.287222982013558115e-02	2.927647873979775245e-02	7.575767017586791663e-02
1.169772837661847461e+03	2.531660979622120111e-01	1.631312512730098141e-01	2.534292305902941522e-01	1.522538589852588942e-01	7.291002152931565228e-02	2.929659634639913968e-02	7.581294331330432068e-02
1.171224168725944082e+03	2.529572580600541465e-01	1.629945946534884227e-01	2.535730389507593885e-01	1.523425372062844063e-01	7.294775513682569268e-02	2.931668234435011802e-02	7.586813364803178528e-02
1.172675499790040703e+03	2.527487738924006355e-01	1.628581663694292081e-01	2.537165784734013996e-01	1.524310724589884869e-01	7.298543072677793342e-02	2.933673678659062811e-02	7.592324129220570650e-02
1.174126830854137097e+03	2.525406448611465238e-01	1.627219660301907622e-01	2.538598496604247967e-01	1.525194649809951120e-01	7.302304838319211011e-02	2.935675972597166783e-02	7.597826635787292837e-02
1.175578161918233945e+03	2.523328703691820607e-01	1.625859932458135759e-01	2.540028530130845619e-01	1.526077150094913015e-01	7.306060818999528250e-02	2.937675121525545191e-02	7.603320895697165960e-02
1.177029492982330339e+03	2.521254498203907013e-01	1.624502476270187346e-01	2.541455890316877686e-01	1.526958227812280355e-01	7.309811023102161243e-02	2.939671130711554031e-02	7.608806920133158458e-02
1.178480824046426733e+03	2.519183826196475517e-01	1.623147287852066967e-01	2.542880582155952474e-01	1.527837885325215306e-01	7.313555459001212788e-02	2.941664005413700822e-02	7.614284720267383566e-02
1.179932155110523581e+03	2.517116681728178151e-01	1.621794363324561283e-01	2.544302610632237505e-01	1.528716124992541003e-01	7.317294135061457039e-02	2.943653750881658135e-02	7.619754307261100701e-02
1.181383486174620202e+03	2.515053058867551261e-01	1.620443698815226541e-01	2.545721980720476729e-01	1.529592949168753491e-01	7.321027059638315904e-02	2.945640372356277820e-02	7.625215692264714074e-02
1.182834817238716823e+03	2.512992951692999966e-01	1.619095290458377467e-01	2.547138697386007733e-01	1.530468360204030875e-01	7.324754241077842398e-02	2.947623875069606963e-02	7.630668886417775465e-02
1.184286148302813444e+03	2.510936354292780393e-01	1.617749134395073118e-01	2.548552765584780611e-01	1.531342360444244433e-01	7.328475687716702602e-02	2.949604264244902463e-02	7.636113900848988389e-02
1.185737479366910065e+03	2.508883260764984691e-01	1.616405226773107995e-01	2.549964190263377395e-01	1.532214952230968597e-01	7.332191407882154843e-02	2.951581545096643860e-02	7.641550746676199768e-02
1.187188810431006686e+03	2.506833665217524931e-01	1.615063563746996778e-01	2.551372976359026490e-01	1.533086137901490953e-01	7.335901409892037206e-02	2.953555722830550692e-02	7.646979435006409642e-02
1.188640141495103080e+03	2.504787561768116455e-01	1.613724141477964613e-01	2.552779128799624320e-01	1.533955919788822786e-01	7.339605702054741165e-02	2.955526802643594630e-02	7.652399976935767012e-02
1.190091472559199701e+03	2.502744944544262329e-01	1.612386956133935179e-01	2.554182652503752537e-01	1.534824300221709070e-01	7.343304292669210198e-02	2.957494789724016138e-02	7.657812383549568447e-02
1.191542803623296322e+03	2.500705807683236692e-01	1.611052003889516804e-01	2.555583552380695234e-01	1.535691281524639296e-01	7.346997190024909252e-02	2.959459689251336956e-02	7.663216665922256698e-02
1.192994134687392716e+03	2.498670145332069492e-01	1.609719280925993035e-01	2.556981833330457254e-01	1.536556866017856349e-01	7.350684402401816420e-02	2.961421506396376413e-02	7.668612835117429027e-02
1.194445465751489564e+03	2.496637951647529274e-01	1.608388783431309033e-01	2.558377500243781966e-01	1.537421056017367615e-01	7.354365938070411834e-02	2.963380246321265649e-02	7.674000902187826101e-02
1.195896796815585958e+03	2.494609220796108473e-01	1.607060507600060195e-01	2.559770558002171237e-01	1.538283853834953863e-01	7.358041805291649917e-02	2.965335914179461144e-02	7.679380878175338931e-02
1.197348127879682352e+03	2.492583946954006480e-01	1.605734449633480498e-01	2.561161011477898763e-01	1.539145261778180340e-01	7.361712012316963538e-02	2.967288515115759640e-02	7.684752774111003326e-02
1.198799458943779200e+03	2.490562124307114100e-01	1.604410605739430562e-01	2.562548865534032827e-01	1.540005282150406218e-01	7.365376567388233486e-02	2.969238054266312710e-02	7.690116601015004050e-02
1.200250790007875821e+03	2.488543747050997457e-01	1.603088972132386547e-01	2.563934125024450172e-01	1.540863917250794024e-01	7.369035478737785694e-02	2.971184536758641331e-02	7.695472369896672049e-02
1.201702121071972442e+03	2.486528809390883277e-01	1.601769545033426834e-01	2.565316794793857103e-01	1.541721169374320466e-01	7.372688754588377358e-02	2.973127967711650110e-02	7.700820091754481678e-02
1.203153452136069063e+03	2.484517305541640575e-01	1.600452320670221751e-01	2.566696879677803911e-01	1.542577040811785316e-01	7.376336403153180288e-02	2.975068352235641159e-02	7.706159777576049308e-02
1.204604783200165684e+03	2.482509229727767330e-01	1.599137295277021087e-01	2.568074384502704866e-01	1.543431533849821402e-01	7.379978432635772578e-02	2.977005695432330054e-02	7.711491438338137494e-02
1.206056114264262078e+03	2.480504576183373000e-01	1.597824465094642987e-01	2.569449314085854308e-01	1.544284650770904599e-01	7.383614851230128895e-02	2.978940002394857636e-02	7.716815085006648034e-02
1.207507445328358699e+03	2.478503339152163532e-01	1.596513826370461187e-01	2.570821673235446636e-01	1.545136393853363543e-01	7.387245667120603820e-02	2.980871278207806660e-02	7.722130728536624744e-02
1.208958776392455093e+03	2.476505512887425264e-01	1.595205375358394184e-01	2.572191466750590738e-01	1.545986765371388794e-01	7.390870888481926304e-02	2.982799527947214632e-02	7.727438379872249297e-02
1.210410107456551941e+03	2.474511091652009109e-01	1.593899108318894142e-01	2.573558699421329976e-01	1.546835767595042821e-01	7.394490523479185784e-02	2.984724756680588731e-02	7.732738049946841219e-02
1.211861438520648335e+03	2.472520069718315561e-01	1.592595021518934117e-01	2.574923376028658284e-01	1.547683402790269169e-01	7.398104580267826635e-02	2.986646969466919682e-02	7.738029749682856506e-02
1.213312769584745183e+03	2.470532441368277488e-01	1.591293111231997237e-01	2.576285501344537932e-01	1.548529673218902725e-01	7.401713066993635681e-02	2.988566171356695639e-02	7.743313489991884846e-02
1.214764100648841804e+03	2.468548200893345979e-01	1.589993373738064486e-01	2.577645080131917288e-01	1.549374581138678875e-01	7.405315991792731090e-02	2.990482367391917792e-02	7.748589281774649618e-02
1.216215431712937971e+03	2.466567342594473966e-01	1.588695805323603882e-01	2.579002117144748030e-01	1.550218128803242668e-01	7.408913362791558210e-02	2.992395562606112516e-02	7.753857135921005117e-02
1.217666762777034819e+03	2.464589860782101516e-01	1.587400402281557987e-01	2.580356617128002350e-01	1.551060318462158250e-01	7.412505188106878473e-02	2.994305762024347672e-02	7.759117063309937945e-02
1.219118093841131440e+03	2.462615749776137786e-01	1.586107160911333358e-01	2.581708584817690721e-01	1.551901152360918579e-01	7.416091475845759673e-02	2.996212970663244754e-02	7.764369074809557292e-02
1.220569424905228061e+03	2.460645003905948536e-01	1.584816077518788613e-01	2.583058024940877440e-01	1.552740632740954863e-01	7.419672234105574582e-02	2.998117193530993804e-02	7.769613181277104652e-02
1.222020755969324682e+03	2.458677617510338365e-01	1.583527148416223607e-01	2.584404942215699497e-01	1.553578761839645161e-01	7.423247470973985684e-02	3.000018435627368335e-02	7.774849393558939947e-02
1.223472087033421303e+03	2.456713584937536554e-01	1.582240369922366940e-01	2.585749341351385455e-01	1.554415541890324659e-01	7.426817194528943789e-02	3.001916701943737123e-02	7.780077722490549852e-02
1.224923418097517697e+03	2.454752900545180416e-01	1.580955738362364582e-01	2.587091227048268216e-01	1.555250975122293711e-01	7.430381412838676924e-02	3.003811997463080863e-02	7.785298178896536692e-02
1.226374749161614318e+03	2.452795558700300860e-01	1.579673250067769319e-01	2.588430603997805557e-01	1.556085063760828946e-01	7.433940133961687569e-02	3.005704327160004311e-02	7.790510773590625382e-02
1.227826080225710712e+03	2.450841553779306847e-01	1.578392901376528823e-01	2.589767476882595676e-01	1.556917810027189930e-01	7.437493365946742929e-02	3.007593696000750855e-02	7.795715517375656489e-02
1.229277411289807560e+03	2.448890880167968465e-01	1.577114688632974826e-01	2.591101850376396065e-01	1.557749216138630266e-01	7.441041116832872171e-02	3.009480108943216742e-02	7.800912421043582068e-02
1.230728742353903954e+03	2.446943532261403043e-01	1.575838608187810352e-01	2.592433729144137944e-01	1.558579284308406199e-01	7.444583394649360863e-02	3.011363570936964260e-02	7.806101495375469823e-02
1.232180073418000802e+03	2.444999504464059337e-01	1.574564656398100004e-01	2.593763117841944577e-01	1.559408016745785497e-01	7.448120207415741267e-02	3.013244086923236656e-02	7.811282751141493397e-02
1.233631404482097196e+03	2.443058791189702816e-01	1.573292829627258305e-01	2.595090021117149037e-01	1.560235415656056057e-01	7.451651563141793722e-02	3.015121661834970629e-02	7.816456199100937918e-02
1.235082735546193817e+03	2.441121386861398734e-01	1.572023124245038039e-01	2.596414443608309752e-01	1.561061483240536174e-01	7.455177469827535541e-02	3.016996300596812286e-02	7.821621850002191678e-02
1.236534066610290438e+03	2.439187285911498526e-01	1.570755536627518600e-01	2.597736389945227153e-01	1.561886221696582311e-01	7.458697935463221018e-02	3.018868008125128247e-02	7.826779714582748904e-02
1.237985397674387059e+03	2.437256482781623990e-01	1.569490063157095716e-01	2.599055864748962552e-01	1.562709633217598260e-01	7.462212968029335869e-02	3.020736789328022295e-02	7.831929803569204207e-02
1.239436728738483680e+03	2.435328971922650909e-01	1.568226700222469239e-01	2.600372872631853127e-01	1.563531719993044578e-01	7.465722575496594460e-02	3.022602649105347178e-02	7.837072127677248423e-02
1.240888059802580301e+03	2.433404747794695455e-01	1.566965444218633985e-01	2.601687418197528023e-01	1.564352484208447469e-01	7.469226765825930092e-02	3.024465592348718479e-02	7.842206697611672772e-02
1.242339390866676695e+03	2.431483804867098086e-01	1.565706291546864470e-01	2.602999506040928890e-01	1.565171928045407113e-01	7.472725546968500554e-02	3.026325623941529194e-02	7.847333524066363308e-02
1.243790721930773088e+03	2.429566137618408284e-01	1.564449238614708249e-01	2.604309140748321538e-01	1.565990053681606264e-01	7.476218926865678405e-02	3.028182748758963261e-02	7.852452617724292594e-02
1.245242052994869937e+03	2.427651740536369840e-01	1.563194281835972865e-01	2.605616326897316481e-01	1.566806863290819973e-01	7.479706913449049588e-02	3.030036971668009088e-02	7.857563989257529413e-02
1.246693384058966330e+03	2.425740608117905872e-01	1.561941417630713647e-01	2.606921069056883367e-01	1.567622359042923907e-01	7.483189514640413431e-02	3.031888297527473436e-02	7.862667649327229058e-02
1.248144715123063179e+03	2.423832734869102445e-01	1.560690642425223706e-01	2.608223371787369294e-01	1.568436543103902403e-01	7.486666738351777095e-02	3.033736731187994251e-02	7.867763608583627777e-02
1.249596046187159800e+03	2.421928115305195806e-01	1.559441952652023955e-01	2.609523239640513248e-01	1.569249417635859012e-01	7.490138592485351410e-02	3.035582277492055239e-02	7.872851877666049714e-02
1.251047377251256421e+03	2.420026743950554060e-01	1.558195344749849776e-01	2.610820677159466086e-01	1.570060984797022885e-01	7.493605084933553651e-02	3.037424941273999743e-02	7.877932467202898581e-02
1.252498708315352815e+03	2.418128615338665521e-01	1.556950815163641866e-01	2.612115688878802189e-01	1.570871246741758487e-01	7.497066223579003374e-02	3.039264727360042537e-02	7.883005387811653497e-02
1.253950039379449436e+03	2.416233724012121775e-01	1.555708360344534302e-01	2.613408279324539452e-01	1.571680205620574755e-01	7.500522016294519645e-02	3.041101640568285788e-02	7.888070650098874537e-02
1.255401370443546057e+03	2.414342064522602416e-01	1.554467976749842884e-01	2.614698453014155377e-01	1.572487863580132872e-01	7.503972470943123807e-02	3.042935685708730159e-02	7.893128264660191629e-02
1.256852701507642678e+03	2.412453631430861445e-01	1.553229660843055970e-01	2.615986214456602621e-01	1.573294222763254868e-01	7.507417595378031161e-02	3.044766867583290765e-02	7.898178242080307332e-02
1.258304032571739299e+03	2.410568419306710897e-01	1.551993409093822551e-01	2.617271568152326200e-01	1.574099285308932228e-01	7.510857397442655126e-02	3.046595190985808624e-02	7.903220592932995447e-02
1.259755363635835920e+03	2.408686422729007515e-01	1.550759217977940307e-01	2.618554518593278480e-01	1.574903053352334770e-01	7.514291884970605850e-02	3.048420660702065230e-02	7.908255327781094079e-02
1.261206694699932314e+03	2.406807636285636376e-01	1.549527083977346176e-01	2.619835070262936383e-01	1.575705529024818696e-01	7.517721065785688828e-02	3.050243281509795734e-02	7.913282457176508411e-02
1.262658025764028707e+03	2.404932054573496458e-01	1.548297003580105524e-01	2.621113227636318599e-01	1.576506714453934921e-01	7.521144947701906280e-02	3.052063058178702826e-02	7.918301991660203765e-02
1.264109356828125556e+03	2.403059672198486485e-01	1.547068973280399939e-01	2.622388995180000015e-01	1.577306611763437949e-01	7.524563538523451611e-02	3.053879995470468178e-02	7.923313941762206991e-02
1.265560687892221949e+03	2.401190483775488549e-01	1.545842989578516957e-01	2.623662377352128927e-01	1.578105223073293928e-01	7.527976846044717729e-02	3.055694098138769105e-02	7.928318318001602305e-02
1.267012018956318798e+03	2.399324483928355345e-01	1.544619048980840070e-01	2.624933378602443135e-01	1.578902550499688695e-01	7.531384878050285947e-02	3.057505370929289312e-02	7.933315130886529898e-02
1.268463350020415419e+03	2.397461667289893517e-01	1.543397147999836516e-01	2.626202003372285487e-01	1.579698596155037216e-01	7.534787642314937084e-02	3.059313818579732780e-02	7.938304390914184550e-02
1.269914681084511813e+03	2.395602028501850334e-01	1.542177283154047562e-01	2.627468256094621091e-01	1.580493362147989689e-01	7.538185146603645914e-02	3.061119445819837984e-02	7.943286108570810078e-02
1.271366012148608434e+03	2.393745562214897871e-01	1.540959450968077682e-01	2.628732141194052296e-01	1.581286850583442927e-01	7.541577398671582555e-02	3.062922257371390386e-02	7.948260294331702114e-02
1.272817343212705055e+03	2.391892263088619131e-01	1.539743647972582341e-01	2.629993663086835909e-01	1.582079063562545351e-01	7.544964406264116630e-02	3.064722257948235620e-02	7.953226958661201162e-02
1.274268674276801676e+03	2.390042125791492778e-01	1.538529870704259117e-01	2.631252826180898174e-01	1.582870003182707541e-01	7.548346177116814493e-02	3.066519452256293715e-02	7.958186112012693991e-02
1.275720005340898297e+03	2.388195145000878705e-01	1.537318115705836041e-01	2.632509634875851434e-01	1.583659671537609448e-01	7.551722718955439229e-02	3.068313844993570891e-02	7.963137764828610854e-02
1.277171336404994690e+03	2.386351315403003603e-01	1.536108379526061329e-01	2.633764093563009112e-01	1.584448070717209001e-01	7.555094039495956204e-02	3.070105440850174131e-02	7.968081927540421328e-02
1.278622667469091539e+03	2.384510631692945415e-01	1.534900658719692002e-01	2.635016206625402369e-01	1.585235202807749322e-01	7.558460146444531680e-02	3.071894244508322977e-02	7.973018610568634312e-02
1.280073998533187932e+03	2.382673088574620568e-01	1.533694949847483613e-01	2.636265978437797308e-01	1.586021069891767610e-01	7.561821047497535586e-02	3.073680260642363757e-02	7.977947824322796644e-02
1.281525329597284326e+03	2.380838680760767601e-01	1.532491249476179984e-01	2.637513413366707193e-01	1.586805674048102910e-01	7.565176750341538747e-02	3.075463493918782765e-02	7.982869579201487542e-02
1.282976660661381175e+03	2.379007402972933283e-01	1.531289554178501822e-01	2.638758515770412427e-01	1.587589017351904719e-01	7.568527262653325371e-02	3.077243948996218753e-02	7.987783885592319999e-02
1.284427991725477568e+03	2.377179249941458183e-01	1.530089860533136725e-01	2.640001289998973322e-01	1.588371101874640479e-01	7.571872592099883337e-02	3.079021630525476116e-02	7.992690753871940779e-02
1.285879322789574417e+03	2.375354216405462515e-01	1.528892165124728919e-01	2.641241740394247306e-01	1.589151929684103348e-01	7.575212746338415293e-02	3.080796543149538769e-02	7.997590194406022091e-02
1.287330653853671038e+03	2.373532297112830314e-01	1.527696464543866761e-01	2.642479871289904469e-01	1.589931502844420530e-01	7.578547733016330334e-02	3.082568691503581940e-02	8.002482217549262977e-02
1.288781984917767431e+03	2.371713486820196670e-01	1.526502755387074695e-01	2.643715687011443105e-01	1.590709823416061319e-01	7.581877559771260655e-02	3.084338080214986400e-02	8.007366833645389315e-02
1.290233315981864052e+03	2.369897780292932743e-01	1.525311034256801590e-01	2.644949191876205252e-01	1.591486893455844875e-01	7.585202234231051832e-02	3.086104713903350602e-02	8.012244053027149648e-02
