1.001418434226643626e+03	2.799857302920806812e-01	1.806324953071032913e-01	2.347824793782836983e-01	1.409395779807429416e-01	6.810996014163897549e-02	2.673585963835734686e-02	6.881389726158704256e-02
1.003837319333471214e+03	2.795619837128297536e-01	1.803559449183626262e-01	2.350800219353672837e-01	1.411179688651763575e-01	6.818497353301340713e-02	2.677602649908207913e-02	6.892308053596241102e-02
1.006256204440298802e+03	2.791394361940087165e-01	1.800801679276965717e-01	2.353766370600819391e-01	1.412958775602915218e-01	6.825979792162903403e-02	2.681608712265388939e-02	6.903199621343218684e-02
1.008675089547126618e+03	2.787180843861630231e-01	1.798051621215080720e-01	2.356723276525155841e-01	1.414733054304991300e-01	6.833443372247993697e-02	2.685604180550438258e-02	6.914064488112367513e-02
1.011093974653954206e+03	2.782979249490606932e-01	1.795309252926664267e-01	2.359670966034953798e-01	1.416502538356195218e-01	6.840888135082655308e-02	2.689589084323728077e-02	6.924902712488799350e-02
1.013512859760782021e+03	2.778789545516684445e-01	1.792574552404878896e-01	2.362609467946202579e-01	1.418267241309102977e-01	6.848314122215823363e-02	2.693563453063071642e-02	6.935714352931801607e-02
1.015931744867609382e+03	2.774611698721279329e-01	1.789847497707165447e-01	2.365538810982933948e-01	1.420027176670935753e-01	6.855721375215710622e-02	2.697527316163950833e-02	6.946499467776574843e-02
1.018350629974437197e+03	2.770445675977318833e-01	1.787128066955050720e-01	2.368459023777544359e-01	1.421782357903826899e-01	6.863109935666325545e-02	2.701480702939744113e-02	6.957258115235905038e-02
1.020769515081264785e+03	2.766291444249002196e-01	1.784416238333955407e-01	2.371370134871114699e-01	1.423532798425085621e-01	6.870479845164093047e-02	2.705423642621952729e-02	6.967990353401756765e-02
1.023188400188092373e+03	2.762148970591563057e-01	1.781711990093005071e-01	2.374272172713728646e-01	1.425278511607455945e-01	6.877831145314602934e-02	2.709356164360427616e-02	6.978696240246820559e-02
1.025607285294920075e+03	2.758018222151032983e-01	1.779015300544838363e-01	2.377165165664789914e-01	1.427019510779371780e-01	6.885163877729469362e-02	2.713278297223594218e-02	6.989375833625986745e-02
1.028026170401747549e+03	2.753899166164002210e-01	1.776326148065417998e-01	2.380049141993334783e-01	1.428755809225208950e-01	6.892478084023288820e-02	2.717190070198678351e-02	7.000029191277772067e-02
1.030445055508575479e+03	2.749791769957384280e-01	1.773644511093842580e-01	2.382924129878346842e-01	1.430487420185531933e-01	6.899773805810716087e-02	2.721091512191929976e-02	7.010656370825678330e-02
1.032863940615402726e+03	2.745696000948177340e-01	1.770970368132157302e-01	2.385790157409066470e-01	1.432214356857338111e-01	6.907051084703627608e-02	2.724982652028847332e-02	7.021257429779512171e-02
1.035282825722230655e+03	2.741611826643228222e-01	1.768303697745167158e-01	2.388647252585300584e-01	1.433936632394298416e-01	6.914309962308391733e-02	2.728863518454400366e-02	7.031832425536635456e-02
1.037701710829058356e+03	2.737539214638998186e-01	1.765644478560248476e-01	2.391495443317730174e-01	1.435654259906993802e-01	6.921550480223223611e-02	2.732734140133252776e-02	7.042381415383180965e-02
1.040120595935886058e+03	2.733478132621323664e-01	1.762992689267164348e-01	2.394334757428215332e-01	1.437367252463148393e-01	6.928772680035644171e-02	2.736594545649985444e-02	7.052904456495212582e-02
1.042539481042713533e+03	2.729428548365182561e-01	1.760348308617876167e-01	2.397165222650099736e-01	1.439075623087860689e-01	6.935976603320015421e-02	2.740444763509316053e-02	7.063401605939835515e-02
1.044958366149541234e+03	2.725390429734457221e-01	1.757711315426360166e-01	2.399986866628513738e-01	1.440779384763829774e-01	6.943162291635163186e-02	2.744284822136321481e-02	7.073872920676264886e-02
1.047377251256368709e+03	2.721363744681701835e-01	1.755081688568421450e-01	2.402799716920673012e-01	1.442478550431579021e-01	6.950329786522087272e-02	2.748114749876657062e-02	7.084318457556856852e-02
1.049796136363196410e+03	2.717348461247905966e-01	1.752459406981510259e-01	2.405603800996180264e-01	1.444173132989677588e-01	6.957479129501743798e-02	2.751934574996777252e-02	7.094738273328086986e-02
1.052215021470024112e+03	2.713344547562261400e-01	1.749844449664538504e-01	2.408399146237321375e-01	1.445863145294957741e-01	6.964610362072909400e-02	2.755744325684153853e-02	7.105132424631498134e-02
1.054633906576851814e+03	2.709351971841926221e-01	1.747236795677695187e-01	2.411185779939362117e-01	1.447548600162730237e-01	6.971723525710121772e-02	2.759544030047495280e-02	7.115500968004599691e-02
1.057052791683679516e+03	2.705370702391792781e-01	1.744636424142265996e-01	2.413963729310842354e-01	1.449229510366995821e-01	6.978818661861679873e-02	2.763333716116963754e-02	7.125843959881739131e-02
1.059471676790506763e+03	2.701400707604255103e-01	1.742043314240449003e-01	2.416733021473869425e-01	1.450905888640655339e-01	6.985895811947731571e-02	2.767113411844393522e-02	7.136161456594937447e-02
1.061890561897334692e+03	2.697441955958974624e-01	1.739457445215175369e-01	2.419493683464409295e-01	1.452577747675716791e-01	6.992955017358407077e-02	2.770883145103507014e-02	7.146453514374674632e-02
1.064309447004162394e+03	2.693494416022648164e-01	1.736878796369926425e-01	2.422245742232578269e-01	1.454245100123498780e-01	6.999996319452039817e-02	2.774642943690130981e-02	7.156720189350664063e-02
1.066728332110990095e+03	2.689558056448776435e-01	1.734307347068554384e-01	2.424989224642929431e-01	1.455907958594832574e-01	7.007019759553433091e-02	2.778392835322412990e-02	7.166961537552576922e-02
1.069147217217817570e+03	2.685632845977430905e-01	1.731743076735103304e-01	2.427724157474742128e-01	1.457566335660260837e-01	7.014025378952193357e-02	2.782132847641035148e-02	7.177177614910745795e-02
1.071566102324645271e+03	2.681718753435025082e-01	1.729185964853628410e-01	2.430450567422307029e-01	1.459220243850235521e-01	7.021013218901123176e-02	2.785863008209430239e-02	7.187368477256833588e-02
1.073984987431472746e+03	2.677815747734081375e-01	1.726635990968017620e-01	2.433168481095210334e-01	1.460869695655311329e-01	7.027983320614671070e-02	2.789583344513993368e-02	7.197534180324474673e-02
1.076403872538300675e+03	2.673923797873001829e-01	1.724093134681814465e-01	2.435877925018618273e-01	1.462514703526338056e-01	7.034935725267425777e-02	2.793293883964297758e-02	7.207674779749891070e-02
1.078822757645127922e+03	2.670042872935837752e-01	1.721557375658039069e-01	2.438578925633558547e-01	1.464155279874650994e-01	7.041870473992682677e-02	2.796994653893305691e-02	7.217790331072478083e-02
1.081241642751955851e+03	2.666172942092062126e-01	1.719028693619012449e-01	2.441271509297200937e-01	1.465791437072258008e-01	7.048787607881044914e-02	2.800685681557580839e-02	7.227880889735366354e-02
1.083660527858783553e+03	2.662313974596335897e-01	1.716507068346179443e-01	2.443955702283136799e-01	1.467423187452026045e-01	7.055687167979082797e-02	2.804366994137500943e-02	7.237946511085960322e-02
1.086079412965611255e+03	2.658465939788284271e-01	1.713992479679932179e-01	2.446631530781656627e-01	1.469050543307864054e-01	7.062569195288036228e-02	2.808038618737468406e-02	7.247987250376447532e-02
1.088498298072438729e+03	2.654628807092266340e-01	1.711484907519435494e-01	2.449299020900028157e-01	1.470673516894904498e-01	7.069433730762562929e-02	2.811700582386119154e-02	7.258003162764292693e-02
1.090917183179266431e+03	2.650802546017147487e-01	1.708984331822451519e-01	2.451958198662771427e-01	1.472292120429683770e-01	7.076280815309538008e-02	2.815352912036535316e-02	7.267994303312706739e-02
1.093336068286093905e+03	2.646987126156072345e-01	1.706490732605165650e-01	2.454609090011932726e-01	1.473906366090318165e-01	7.083110489786888231e-02	2.818995634566451997e-02	7.277960726991092311e-02
1.095754953392921607e+03	2.643182517186237757e-01	1.704004089942012801e-01	2.457251720807358264e-01	1.475516266016681788e-01	7.089922795002474853e-02	2.822628776778467879e-02	7.287902488675472579e-02
1.098173838499749309e+03	2.639388688868667399e-01	1.701524383965503651e-01	2.459886116826966451e-01	1.477121832310578642e-01	7.096717771713015321e-02	2.826252365400252348e-02	7.297819643148897861e-02
1.100592723606577010e+03	2.635605611047984187e-01	1.699051594866052006e-01	2.462512303767018240e-01	1.478723077035916100e-01	7.103495460623039659e-02	2.829866427084753305e-02	7.307712245101831428e-02
1.103011608713404712e+03	2.631833253652186566e-01	1.696585702891802994e-01	2.465130307242387464e-01	1.480320012218873660e-01	7.110255902383889881e-02	2.833470988410403957e-02	7.317580349132526973e-02
1.105430493820231959e+03	2.628071586692423134e-01	1.694126688348461529e-01	2.467740152786828678e-01	1.481912649848073638e-01	7.116999137592748548e-02	2.837066075881330279e-02	7.327424009747378342e-02
1.107849378927059888e+03	2.624320580262768376e-01	1.691674531599119680e-01	2.470341865853245278e-01	1.483501001874746872e-01	7.123725206791720055e-02	2.840651715927555720e-02	7.337243281361255365e-02
1.110268264033887590e+03	2.620580204539996738e-01	1.689229213064087909e-01	2.472935471813955122e-01	1.485085080212897590e-01	7.130434150466923027e-02	2.844227934905207283e-02	7.347038218297824441e-02
1.112687149140715292e+03	2.616850429783364462e-01	1.686790713220723548e-01	2.475520995960956427e-01	1.486664896739468555e-01	7.137126009047629893e-02	2.847794759096720571e-02	7.356808874789855235e-02
1.115106034247542766e+03	2.613131226334379220e-01	1.684359012603261485e-01	2.478098463506191174e-01	1.488240463294502047e-01	7.143800822905435610e-02	2.851352214711043442e-02	7.366555304979513497e-02
1.117524919354370468e+03	2.609422564616584173e-01	1.681934091802646247e-01	2.480667899581808777e-01	1.489811791681301123e-01	7.150458632353456911e-02	2.854900327883840364e-02	7.376277562918635844e-02
1.119943804461197942e+03	2.605724415135332594e-01	1.679515931466361578e-01	2.483229329240426997e-01	1.491378893666587824e-01	7.157099477645562091e-02	2.858439124677693982e-02	7.385975702568985113e-02
1.122362689568025871e+03	2.602036748477567496e-01	1.677104512298263905e-01	2.485782777455393944e-01	1.492941780980662769e-01	7.163723398975627155e-02	2.861968631082309825e-02	7.395649777802512648e-02
1.124781574674853118e+03	2.598359535311600133e-01	1.674699815058413310e-01	2.488328269121047320e-01	1.494500465317558924e-01	7.170330436476823888e-02	2.865488873014717525e-02	7.405299842401590060e-02
1.127200459781681047e+03	2.594692746386890181e-01	1.672301820562908103e-01	2.490865829052973379e-01	1.496054958335197305e-01	7.176920630220930131e-02	2.868999876319472050e-02	7.414925950059228499e-02
1.129619344888508749e+03	2.591036352533825915e-01	1.669910509683716904e-01	2.493395481988264217e-01	1.497605271655541304e-01	7.183494020217670584e-02	2.872501666768854239e-02	7.424528154379300693e-02
1.132038229995336451e+03	2.587390324663504937e-01	1.667525863348514048e-01	2.495917252585775348e-01	1.499151416864747677e-01	7.190050646414078428e-02	2.875994270063072372e-02	7.434106508876738018e-02
1.134457115102163925e+03	2.583754633767513242e-01	1.665147862540512502e-01	2.498431165426380496e-01	1.500693405513317258e-01	7.196590548693890255e-02	2.879477711830461667e-02	7.443661066977726171e-02
1.136876000208991627e+03	2.580129250917709283e-01	1.662776488298299271e-01	2.500937245013226673e-01	1.502231249116244560e-01	7.203113766876949320e-02	2.882952017627682384e-02	7.453191882019884196e-02
1.139294885315819101e+03	2.576514147266004695e-01	1.660411721715672195e-01	2.503435515771987863e-01	1.503764959153166825e-01	7.209620340718647657e-02	2.886417212939919666e-02	7.462699007252436567e-02
1.141713770422646803e+03	2.572909294044147255e-01	1.658053543941473973e-01	2.505926002051117596e-01	1.505294547068508626e-01	7.216110309909379295e-02	2.889873323181082684e-02	7.472182495836376948e-02
1.144132655529474505e+03	2.569314662563504936e-01	1.655701936179430345e-01	2.508408728122101250e-01	1.506820024271630365e-01	7.222583714074021222e-02	2.893320373694000316e-02	7.481642400844620844e-02
1.146551540636302207e+03	2.565730224214848310e-01	1.653356879687985781e-01	2.510883718179706126e-01	1.508341402136970100e-01	7.229040592771431017e-02	2.896758389750619944e-02	7.491078775262151324e-02
1.148970425743129908e+03	2.562155950468134602e-01	1.651018355780142499e-01	2.513350996342232357e-01	1.509858692004188707e-01	7.235480985493968065e-02	2.900187396552202437e-02	7.500491671986155018e-02
1.151389310849957155e+03	2.558591812872293425e-01	1.648686345823295873e-01	2.515810586651760494e-01	1.511371905178311159e-01	7.241904931667028644e-02	2.903607419229520606e-02	7.509881143826152572e-02
1.153808195956785084e+03	2.555037783055011946e-01	1.646360831239075395e-01	2.518262513074398523e-01	1.512881052929867520e-01	7.248312470648606010e-02	2.907018482843051754e-02	7.519247243504117995e-02
1.156227081063612786e+03	2.551493832722519506e-01	1.644041793503183413e-01	2.520706799500531670e-01	1.514386146495033392e-01	7.254703641728862951e-02	2.910420612383174399e-02	7.528590023654593844e-02
1.158645966170440488e+03	2.547959933659374454e-01	1.641729214145232763e-01	2.523143469745067202e-01	1.515887197075767301e-01	7.261078484129727950e-02	2.913813832770363599e-02	7.537909536824802248e-02
1.161064851277267962e+03	2.544436057728251543e-01	1.639423074748588005e-01	2.525572547547678681e-01	1.517384215839950590e-01	7.267437037004502443e-02	2.917198168855382814e-02	7.547205835474739277e-02
1.163483736384095664e+03	2.540922176869728211e-01	1.637123356950206110e-01	2.527994056573051873e-01	1.518877213921521196e-01	7.273779339437488889e-02	2.920573645419478892e-02	7.556478971977276249e-02
1.165902621490923138e+03	2.537418263102073079e-01	1.634830042440476583e-01	2.530408020411125669e-01	1.520366202420612434e-01	7.280105430443625791e-02	2.923940287174574271e-02	7.565728998618244383e-02
1.168321506597751068e+03	2.533924288521032797e-01	1.632543112963063536e-01	2.532814462577336889e-01	1.521851192403684827e-01	7.286415348968157402e-02	2.927298118763459536e-02	7.574955967596518069e-02
1.170740391704578315e+03	2.530440225299624979e-01	1.630262550314747483e-01	2.535213406512861201e-01	1.523332194903661563e-01	7.292709133886295103e-02	2.930647164759984588e-02	7.584159931024095358e-02
1.173159276811406244e+03	2.526966045687921714e-01	1.627988336345266573e-01	2.537604875584851816e-01	1.524809220920059771e-01	7.298986824002907936e-02	2.933987449669251193e-02	7.593340940926167348e-02
1.175578161918233945e+03	2.523501722012844173e-01	1.625720452957160334e-01	2.539988893086682076e-01	1.526282281419123754e-01	7.305248458052222837e-02	2.937318997927802766e-02	7.602499049241190354e-02
1.177997047025061647e+03	2.520047226677951113e-01	1.623458882105614232e-01	2.542365482238183594e-01	1.527751387333953492e-01	7.311494074697534595e-02	2.940641833903814492e-02	7.611634307820941414e-02
1.180415932131889122e+03	2.516602532163230710e-01	1.621203605798300640e-01	2.544734666185883287e-01	1.529216549564636207e-01	7.317723712530938007e-02	2.943955981897284149e-02	7.620746768430583518e-02
1.182834817238716823e+03	2.513167611024890169e-01	1.618954606095225346e-01	2.547096468003239855e-01	1.530677778978375148e-01	7.323937410073062815e-02	2.947261466140220498e-02	7.629836482748718340e-02
1.185253702345544298e+03	2.509742435895150336e-01	1.616711865108571289e-01	2.549450910690883587e-01	1.532135086409615599e-01	7.330135205772829454e-02	2.950558310796832368e-02	7.638903502367436205e-02
1.187672587452371999e+03	2.506326979482036421e-01	1.614475365002544238e-01	2.551798017176847289e-01	1.533588482660174224e-01	7.336317138007203420e-02	2.953846539963715656e-02	7.647947878792357712e-02
1.190091472559199701e+03	2.502921214569170938e-01	1.612245087993218473e-01	2.554137810316804424e-01	1.535037978499363964e-01	7.342483245080978771e-02	2.957126177670042766e-02	7.656969663442686480e-02
1.192510357666027403e+03	2.499525114015569704e-01	1.610021016348382461e-01	2.556470312894302266e-01	1.536483584664119495e-01	7.348633565226560249e-02	2.960397247877749258e-02	7.665968907651242448e-02
1.194929242772855105e+03	2.496138650755432009e-01	1.607803132387385092e-01	2.558795547620992261e-01	1.537925311859122401e-01	7.354768136603759277e-02	2.963659774481719120e-02	7.674945662664493795e-02
1.197348127879682352e+03	2.492761797797939383e-01	1.605591418480984134e-01	2.561113537136864848e-01	1.539363170756923582e-01	7.360886997299598278e-02	2.966913781309972811e-02	7.683899979642599964e-02
1.199767012986510281e+03	2.489394528227046877e-01	1.603385857051193020e-01	2.563424304010479826e-01	1.540797171998067039e-01	7.366990185328130269e-02	2.970159292123851491e-02	7.692831909659438028e-02
1.202185898093337983e+03	2.486036815201282113e-01	1.601186430571128194e-01	2.565727870739197836e-01	1.542227326191211167e-01	7.373077738630261224e-02	2.973396330618202979e-02	7.701741503702627667e-02
1.204604783200165684e+03	2.482688631953539338e-01	1.598993121564858677e-01	2.568024259749408511e-01	1.543653643913250606e-01	7.379149695073590476e-02	2.976624920421565290e-02	7.710628812673554766e-02
1.207023668306993159e+03	2.479349951790877638e-01	1.596805912607254518e-01	2.570313493396760296e-01	1.545076135709435583e-01	7.385206092452248350e-02	2.979845085096352597e-02	7.719493887387401942e-02
1.209442553413820860e+03	2.476020748094316104e-01	1.594624786323836085e-01	2.572595593966387484e-01	1.546494812093493210e-01	7.391246968486755997e-02	2.983056848139036335e-02	7.728336778573161037e-02
1.211861438520648335e+03	2.472700994318634271e-01	1.592449725390623627e-01	2.574870583673139479e-01	1.547909683547744331e-01	7.397272360823882453e-02	2.986260232980331164e-02	7.737157536873656705e-02
1.214280323627476264e+03	2.469390663992167834e-01	1.590280712533988228e-01	2.577138484661803952e-01	1.549320760523223706e-01	7.403282307036512799e-02	2.989455262985374687e-02	7.745956212845557520e-02
1.216699208734303511e+03	2.466089730716610195e-01	1.588117730530502203e-01	2.579399319007336655e-01	1.550728053439795473e-01	7.409276844623534364e-02	2.992641961453911328e-02	7.754732856959396792e-02
1.219118093841131440e+03	2.462798168166809021e-01	1.585960762206790053e-01	2.581653108715082356e-01	1.552131572686270833e-01	7.415256011009709047e-02	2.995820351620473443e-02	7.763487519599576725e-02
1.221536978947959142e+03	2.459515950090568059e-01	1.583809790439380527e-01	2.583899875721002992e-01	1.553531328620523511e-01	7.421219843545578954e-02	2.998990456654562070e-02	7.772220251064385077e-02
1.223955864054786844e+03	2.456243050308447307e-01	1.581664798154558682e-01	2.586139641891895824e-01	1.554927331569605775e-01	7.427168379507358142e-02	3.002152299660828041e-02	7.780931101566007646e-02
1.226374749161614318e+03	2.452979442713562330e-01	1.579525768328217949e-01	2.588372429025622701e-01	1.556319591829861959e-01	7.433101656096839649e-02	3.005305903679252044e-02	7.789620121230528271e-02
1.228793634268442020e+03	2.449725101271387762e-01	1.577392683985713584e-01	2.590598258851325442e-01	1.557708119667042257e-01	7.439019710441312216e-02	3.008451291685323992e-02	7.798287360097939935e-02
1.231212519375269494e+03	2.446480000019558010e-01	1.575265528201716114e-01	2.592817153029650101e-01	1.559092925316416800e-01	7.444922579593481193e-02	3.011588486590222047e-02	7.806932868122150315e-02
1.233631404482097196e+03	2.443244113067670198e-01	1.573144284100064794e-01	2.595029133152967904e-01	1.560474018982886679e-01	7.450810300531390817e-02	3.014717511240990952e-02	7.815556695170988721e-02
1.236050289588924898e+03	2.440017414597086820e-01	1.571028934853622161e-01	2.597234220745591182e-01	1.561851410841097465e-01	7.456682910158358990e-02	3.017838388420721746e-02	7.824158891026200546e-02
1.238469174695752372e+03	2.436799878860740065e-01	1.568919463684129434e-01	2.599432437263997642e-01	1.563225111035548565e-01	7.462540445302914827e-02	3.020951140848726971e-02	7.832739505383463918e-02
1.240888059802580301e+03	2.433591480182933919e-01	1.566815853862059960e-01	2.601623804097044079e-01	1.564595129680704522e-01	7.468382942718743145e-02	3.024055791180719696e-02	7.841298587852377211e-02
1.243306944909407548e+03	2.430392192959150988e-01	1.564718088706477106e-01	2.603808342566183986e-01	1.565961476861104928e-01	7.474210439084635893e-02	3.027152362008989073e-02	7.849836187956470146e-02
1.245725830016235477e+03	2.427201991655857094e-01	1.562626151584888545e-01	2.605986073925685709e-01	1.567324162631473228e-01	7.480022971004444965e-02	3.030240875862577621e-02	7.858352355133199629e-02
1.248144715123063179e+03	2.424020850810304495e-01	1.560540025913103312e-01	2.608157019362847828e-01	1.568683197016825792e-01	7.485820575007040567e-02	3.033321355207455744e-02	7.866847138733953915e-02
1.250563600229890881e+03	2.420848745030341476e-01	1.558459695155089419e-01	2.610321199998213992e-01	1.570038590012579338e-01	7.491603287546280687e-02	3.036393822446697630e-02	7.875320588024044277e-02
1.252982485336718355e+03	2.417685648994215841e-01	1.556385142822830081e-01	2.612478636885787187e-01	1.571390351584658063e-01	7.497371145000980563e-02	3.039458299920655068e-02	7.883772752182711951e-02
1.255401370443546057e+03	2.414531537450384235e-01	1.554316352476182717e-01	2.614629351013244007e-01	1.572738491669601335e-01	7.503124183674882153e-02	3.042514809907134049e-02	7.892203680303122582e-02
1.257820255550373531e+03	2.411386385217318407e-01	1.552253307722736009e-01	2.616773363302145605e-01	1.574083020174668890e-01	7.508862439796640253e-02	3.045563374621565109e-02	7.900613421392363445e-02
1.260239140657201460e+03	2.408250167183313972e-01	1.550195992217669183e-01	2.618910694608153067e-01	1.575423946977946021e-01	7.514585949519801689e-02	3.048604016217179927e-02	7.909002024371446227e-02
1.262658025764028707e+03	2.405122858306298905e-01	1.548144389663611287e-01	2.621041365721236693e-01	1.576761281928450442e-01	7.520294748922798367e-02	3.051636756785181676e-02	7.917369538075300084e-02
1.265076910870856636e+03	2.402004433613642576e-01	1.546098483810500190e-01	2.623165397365885276e-01	1.578095034846234146e-01	7.525988874008933405e-02	3.054661618354918493e-02	7.925716011252774418e-02
1.267495795977684338e+03	2.398894868201965624e-01	1.544058258455443255e-01	2.625282810201320371e-01	1.579425215522488601e-01	7.531668360706381127e-02	3.057678622894055218e-02	7.934041492566631937e-02
1.269914681084511813e+03	2.395794137236949284e-01	1.542023697442576335e-01	2.627393624821703355e-01	1.580751833719648280e-01	7.537333244868184290e-02	3.060687792308744784e-02	7.942346030593547268e-02
1.272333566191339514e+03	2.392702215953147193e-01	1.539994784662926386e-01	2.629497861756341925e-01	1.582074899171492244e-01	7.542983562272262410e-02	3.063689148443798568e-02	7.950629673824106958e-02
1.274752451298167216e+03	2.389619079653796108e-01	1.537971504054271576e-01	2.631595541469902155e-01	1.583394421583246836e-01	7.548619348621414538e-02	3.066682713082858475e-02	7.958892470662806695e-02
1.277171336404994690e+03	2.386544703710627158e-01	1.535953839601002513e-01	2.633686684362612773e-01	1.584710410631687549e-01	7.554240639543334523e-02	3.069668507948564509e-02	7.967134469428048538e-02
1.279590221511822392e+03	2.383479063563678502e-01	1.533941775333984847e-01	2.635771310770472775e-01	1.586022875965239221e-01	7.559847470590620733e-02	3.072646554702726518e-02	7.975355718352139522e-02
1.282009106618650094e+03	2.380422134721107419e-01	1.531935295330422719e-01	2.637849440965457926e-01	1.587331827204077617e-01	7.565439877240801025e-02	3.075616874946491761e-02	7.983556265581290279e-02
1.284427991725477568e+03	2.377373892759004348e-01	1.529934383713719703e-01	2.639921095155725039e-01	1.588637273940227690e-01	7.571017894896342471e-02	3.078579490220513526e-02	7.991736159175613641e-02
1.286846876832305497e+03	2.374334313321205814e-01	1.527939024653343636e-01	2.641986293485815707e-01	1.589939225737665163e-01	7.576581558884688816e-02	3.081534422005120788e-02	7.999895447109123259e-02
1.289265761939132744e+03	2.371303372119108466e-01	1.525949202364689228e-01	2.644045056036862795e-01	1.591237692132413395e-01	7.582130904458275755e-02	3.084481691720484739e-02	8.008034177269734988e-02
1.291684647045960673e+03	2.368281044931484780e-01	1.523964901108942893e-01	2.646097402826790290e-01	1.592532682632643026e-01	7.587665966794568395e-02	3.087421320726785670e-02	8.016152397459265500e-02
1.294103532152788375e+03	2.365267307604297375e-01	1.521986105192947303e-01	2.648143353810518685e-01	1.593824206718769676e-01	7.593186780996089014e-02	3.090353330324379505e-02	8.024250155393430894e-02
1.296522417259616077e+03	2.362262136050514161e-01	1.520012798969065382e-01	2.650182928880164268e-01	1.595112273843550810e-01	7.598693382090460080e-02	3.093277741753966067e-02	8.032327498701850865e-02
1.298941302366443551e+03	2.359265506249925703e-01	1.518044966835047083e-01	2.652216147865242846e-01	1.596396893432183162e-01	7.604185805030434786e-02	3.096194576196752146e-02	8.040384474928044534e-02
1.301360187473271253e+03	2.356277394248961488e-01	1.516082593233893938e-01	2.654243030532867920e-01	1.597678074882399046e-01	7.609664084693940067e-02	3.099103854774619068e-02	8.048421131529438777e-02
1.303779072580098727e+03	2.353297776160506449e-01	1.514125662653726112e-01	2.656263596587950526e-01	1.598955827564561838e-01	7.615128255884123787e-02	3.102005598550285764e-02	8.056437515877364064e-02
1.306197957686926657e+03	2.350326628163718623e-01	1.512174159627648340e-01	2.658277865673400187e-01	1.600230160821761727e-01	7.620578353329393595e-02	3.104899828527475994e-02	8.064433675257065559e-02
1.308616842793753904e+03	2.347363926503848175e-01	1.510228068733616147e-01	2.660285857370323637e-01	1.601501083969910366e-01	7.626014411683469663e-02	3.107786565651078289e-02	8.072409656867697569e-02
1.311035727900581833e+03	2.344409647492055326e-01	1.508287374594305397e-01	2.662287591198218561e-01	1.602768606297835796e-01	7.631436465525436030e-02	3.110665830807313875e-02	8.080365507822329096e-02
1.313454613007409534e+03	2.341463767505229110e-01	1.506352061876978232e-01	2.664283086615175655e-01	1.604032737067375980e-01	7.636844549359789180e-02	3.113537644823896264e-02	8.088301275147953551e-02
1.315873498114237009e+03	2.338526262985807513e-01	1.504422115293352069e-01	2.666272363018072356e-01	1.605293485513472063e-01	7.642238697616494936e-02	3.116402028470195706e-02	8.096217005785492915e-02
1.318292383221064711e+03	2.335597110441597346e-01	1.502497519599467479e-01	2.668255439742770463e-01	1.606550860844262740e-01	7.647618944651043971e-02	3.119259002457401217e-02	8.104112746589799132e-02
1.320711268327892412e+03	2.332676286445595770e-01	1.500578259595557740e-01	2.670232336064308765e-01	1.607804872241174465e-01	7.652985324744514262e-02	3.122108587438682248e-02	8.111988544329663819e-02
1.323130153434719887e+03	2.329763767635808780e-01	1.498664320125917826e-01	2.672203071197100099e-01	1.609055528859016371e-01	7.658337872103623822e-02	3.124950804009348979e-02	8.119844445687826595e-02
1.325549038541547588e+03	2.326859530715074953e-01	1.496755686078773961e-01	2.674167664295123981e-01	1.610302839826069088e-01	7.663676620860802868e-02	3.127785672707014686e-02	8.127680497260980630e-02
1.327967923648375290e+03	2.323963552450887260e-01	1.494852342386155386e-01	2.676126134452120886e-01	1.611546814244178838e-01	7.669001605074250716e-02	3.130613214011756379e-02	8.135496745559780973e-02
1.330386808755202765e+03	2.321075809675214041e-01	1.492954274023762518e-01	2.678078500701784881e-01	1.612787461188845972e-01	7.674312858728006559e-02	3.133433448346272659e-02	8.143293237008862595e-02
1.332805693862030694e+03	2.318196279284324146e-01	1.491061466010838721e-01	2.680024782017952911e-01	1.614024789709316010e-01	7.679610415732013307e-02	3.136246396076045051e-02	8.151070017946837609e-02
1.335224578968857941e+03	2.315324938238607910e-01	1.489173903410043187e-01	2.681964997314800203e-01	1.615258808828669845e-01	7.684894309922189748e-02	3.139052077509495858e-02	8.158827134626317479e-02
1.337643464075685870e+03	2.312461763562402850e-01	1.487291571327319650e-01	2.683899165447029000e-01	1.616489527543913118e-01	7.690164575060501329e-02	3.141850512898149150e-02	8.166564633213917179e-02
1.340062349182513572e+03	2.309606732343817692e-01	1.485414454911770932e-01	2.685827305210058413e-01	1.617716954826065312e-01	7.695421244835030927e-02	3.144641722436786885e-02	8.174282559790273239e-02
1.342481234289341273e+03	2.306759821734556681e-01	1.483542539355530987e-01	2.687749435340214266e-01	1.618941099620247459e-01	7.700664352860057960e-02	3.147425726263606421e-02	8.181980960350056231e-02
1.344900119396168748e+03	2.303921008949744997e-01	1.481675809893636953e-01	2.689665574514919499e-01	1.620161970845771515e-01	7.705893932676127767e-02	3.150202544460379422e-02	8.189659880801984648e-02
1.347319004502996449e+03	2.301090271267755283e-01	1.479814251803902025e-01	2.691575741352880136e-01	1.621379577396227512e-01	7.711110017750130718e-02	3.152972197052607978e-02	8.197319366968837395e-02
1.349737889609823924e+03	2.298267586030032783e-01	1.477957850406790841e-01	2.693479954414273458e-01	1.622593928139571262e-01	7.716312641475381318e-02	3.155734704009680730e-02	8.204959464587475992e-02
1.352156774716651853e+03	2.295452930640922984e-01	1.476106591065292351e-01	2.695378232200937862e-01	1.623805031918210406e-01	7.721501837171700078e-02	3.158490085245030388e-02	8.212580219308857066e-02
1.354575659823479100e+03	2.292646282567498972e-01	1.474260459184794092e-01	2.697270593156554375e-01	1.625012897549092672e-01	7.726677638085489852e-02	3.161238360616287074e-02	8.220181676698050388e-02
1.356994544930307029e+03	2.289847619339387685e-01	1.472419440212956732e-01	2.699157055666836502e-01	1.626217533823789696e-01	7.731840077389823263e-02	3.163979549925435841e-02	8.227763882234262471e-02
1.359413430037134731e+03	2.287056918548599771e-01	1.470583519639591108e-01	2.701037638059713419e-01	1.627418949508584733e-01	7.736989188184521804e-02	3.166713672918970018e-02	8.235326881310849056e-02
1.361832315143962205e+03	2.284274157849356945e-01	1.468752682996530556e-01	2.702912358605514820e-01	1.628617153344557311e-01	7.742125003496240498e-02	3.169440749288045950e-02	8.242870719235338706e-02
1.364251200250789907e+03	2.281499314957921853e-01	1.466926915857509894e-01	2.704781235517157434e-01	1.629812154047667327e-01	7.747247556278558100e-02	3.172160798668637038e-02	8.250395441229457782e-02
1.366670085357617609e+03	2.278732367652426816e-01	1.465106203838039689e-01	2.706644286950323774e-01	1.631003960308841094e-01	7.752356879412061752e-02	3.174873840641686401e-02	8.257901092429148493e-02
1.369088970464445310e+03	2.275973293772704520e-01	1.463290532595283300e-01	2.708501531003649765e-01	1.632192580794054049e-01	7.757453005704431637e-02	3.177579894733262300e-02	8.265387717884593866e-02
1.371507855571272785e+03	2.273222071220118712e-01	1.461479887827934754e-01	2.710352985718902930e-01	1.633378024144415686e-01	7.762535967890536737e-02	3.180278980414707329e-02	8.272855362560241343e-02
1.373926740678100487e+03	2.270478677957393776e-01	1.459674255276094679e-01	2.712198669081166691e-01	1.634560298976251991e-01	7.767605798632516712e-02	3.182971117102793845e-02	8.280304071334824989e-02
1.376345625784927961e+03	2.267743092008447370e-01	1.457873620721149011e-01	2.714038599019020781e-01	1.635739413881188709e-01	7.772662530519880431e-02	3.185656324159874542e-02	8.287733889001398790e-02
1.378764510891755890e+03	2.265015291458221391e-01	1.456077969985647425e-01	2.715872793404719432e-01	1.636915377426234053e-01	7.777706196069594791e-02	3.188334620894033022e-02	8.295144860267357478e-02
1.381183395998583137e+03	2.262295254452514892e-01	1.454287288933181210e-01	2.717701270054376228e-01	1.638088198153860586e-01	7.782736827726176310e-02	3.191006026559235764e-02	8.302537029754465669e-02
1.383602281105411066e+03	2.259582959197816987e-01	1.452501563468261703e-01	2.719524046728137301e-01	1.639257884582088209e-01	7.787754457861786883e-02	3.193670560355481997e-02	8.309910441998887010e-02
1.386021166212238768e+03	2.256878383961138934e-01	1.450720779536200655e-01	2.721341141130365071e-01	1.640424445204564374e-01	7.792759118776328153e-02	3.196328241428954275e-02	8.317265141451214705e-02
1.388440051319066470e+03	2.254181507069848989e-01	1.448944923122989226e-01	2.723152570909814219e-01	1.641587888490645686e-01	7.797750842697533102e-02	3.198979088872169751e-02	8.324601172476499278e-02
1.390858936425893944e+03	2.251492306911505870e-01	1.447173980255177517e-01	2.724958353659808763e-01	1.642748222885477838e-01	7.802729661781074300e-02	3.201623121724125887e-02	8.331918579354284649e-02
1.393277821532721646e+03	2.248810761933693059e-01	1.445407936999754672e-01	2.726758506918419145e-01	1.643905456810078325e-01	7.807695608110644392e-02	3.204260358970453110e-02	8.339217406278637279e-02
1.395696706639549120e+03	2.246136850643854210e-01	1.443646779464031471e-01	2.728553048168638751e-01	1.645059598661413325e-01	7.812648713698065739e-02	3.206890819543559840e-02	8.346497697358175316e-02
1.398115591746377049e+03	2.243470551609129116e-01	1.441890493795518480e-01	2.730341994838562103e-01	1.646210656812479856e-01	7.817589010483384782e-02	3.209514522322784447e-02	8.353759496616114388e-02
1.400534476853204296e+03	2.240811843456188279e-01	1.440139066181810312e-01	2.732125364301555837e-01	1.647358639612383213e-01	7.822516530334971963e-02	3.212131486134539582e-02	8.361002847990292586e-02
1.402953361960032225e+03	2.238160704871070550e-01	1.438392482850464893e-01	2.733903173876435222e-01	1.648503555386418018e-01	7.827431305049623034e-02	3.214741729752460669e-02	8.368227795333210706e-02
1.405372247066859927e+03	2.235517114599018806e-01	1.436650730068887161e-01	2.735675440827640137e-01	1.649645412436144820e-01	7.832333366352658977e-02	3.217345271897554398e-02	8.375434382412066947e-02
1.407791132173687402e+03	2.232881051444317588e-01	1.434913794144210553e-01	2.737442182365404930e-01	1.650784219039469203e-01	7.837222745898024534e-02	3.219942131238341665e-02	8.382622652908797156e-02
1.410210017280515103e+03	2.230252494270131280e-01	1.433181661423180431e-01	2.739203415645934392e-01	1.651919983450720053e-01	7.842099475268393682e-02	3.222532326391006757e-02	8.389792650420113684e-02
1.412628902387342805e+03	2.227631421998341466e-01	1.431454318292037786e-01	2.740959157771576393e-01	1.653052713900726445e-01	7.846963585975272326e-02	3.225115875919542380e-02	8.396944418457542858e-02
1.415047787494170507e+03	2.225017813609385942e-01	1.429731751176401000e-01	2.742709425790988975e-01	1.654182418596895632e-01	7.851815109459099606e-02	3.227692798335892593e-02	8.404078000447470775e-02
1.417466672600997981e+03	2.222411648142097462e-01	1.428013946541150658e-01	2.744454236699318539e-01	1.655309105723289098e-01	7.856654077089350596e-02	3.230263112100100614e-02	8.411193439731175225e-02
1.419885557707825683e+03	2.219812904693543032e-01	1.426300890890314088e-01	2.746193607438365270e-01	1.656432783440698886e-01	7.861480520164645935e-02	3.232826835620451755e-02	8.418290779564875648e-02
1.422304442814653157e+03	2.217221562418864311e-01	1.424592570766949895e-01	2.747927554896754110e-01	1.657553459886725311e-01	7.866294469912851750e-02	3.235383987253619836e-02	8.425370063119777542e-02
1.424723327921481086e+03	2.214637600531116912e-01	1.422888972753032499e-01	2.749656095910107956e-01	1.658671143175851070e-01	7.871095957491186512e-02	3.237934585304805962e-02	8.432431333482112712e-02
1.427142213028308333e+03	2.212060998301112191e-01	1.421190083469336396e-01	2.751379247261211969e-01	1.659785841399518680e-01	7.875885013986326511e-02	3.240478648027886321e-02	8.439474633653185065e-02
1.429561098135136262e+03	2.209491735057258210e-01	1.419495889575324576e-01	2.753097025680184551e-01	1.660897562626203472e-01	7.880661670414511322e-02	3.243016193625553739e-02	8.446500006549416406e-02
1.431979983241963964e+03	2.206929790185400142e-01	1.417806377769031401e-01	2.754809447844645542e-01	1.662006314901489923e-01	7.885425957721657608e-02	3.245547240249459925e-02	8.453507495002396399e-02
1.434398868348791666e+03	2.204375143128664005e-01	1.416121534786950187e-01	2.756516530379883312e-01	1.663112106248146871e-01	7.890177906783454875e-02	3.248071806000355638e-02	8.460497141758926976e-02
1.436817753455619140e+03	2.201827773387298459e-01	1.414441347403919969e-01	2.758218289859020733e-01	1.664214944666199958e-01	7.894917548405483432e-02	3.250589908928235711e-02	8.467468989481069519e-02
1.439236638562446842e+03	2.199287660518516874e-01	1.412765802433012807e-01	2.759914742803181720e-01	1.665314838133006570e-01	7.899644913323318474e-02	3.253101567032479907e-02	8.474423080746200376e-02
1.441655523669274316e+03	2.196754784136341343e-01	1.411094886725419995e-01	2.761605905681657758e-01	1.666411794603329666e-01	7.904360032202634168e-02	3.255606798261991008e-02	8.481359458047059430e-02
1.444074408776102018e+03	2.194229123911447255e-01	1.409428587170340474e-01	2.763291794912073884e-01	1.667505822009410221e-01	7.909062935639324388e-02	3.258105620515337059e-02	8.488278163791793118e-02
1.446493293882929493e+03	2.191710659571005082e-01	1.407766890694868711e-01	2.764972426860550780e-01	1.668596928261040779e-01	7.913753654159601247e-02	3.260598051640893613e-02	8.495179240304018276e-02
1.448912178989757422e+03	2.189199370898527730e-01	1.406109784263882001e-01	2.766647817841871304e-01	1.669685121245639003e-01	7.918432218220110286e-02	3.263084109436979741e-02	8.502062729822870701e-02
1.451331064096585123e+03	2.186695237733713437e-01	1.404457254879931671e-01	2.768317984119644248e-01	1.670770408828317621e-01	7.923098658208040102e-02	3.265563811651998882e-02	8.508928674503052347e-02
1.453749949203412370e+03	2.184198239972292288e-01	1.402809289583129004e-01	2.769982941906464768e-01	1.671852798851959088e-01	7.927753004441229212e-02	3.268037175984579712e-02	8.515777116414899317e-02
1.456168834310240300e+03	2.181708357565872169e-01	1.401165875451036436e-01	2.771642707364079805e-01	1.672932299137285805e-01	7.932395287168282627e-02	3.270504220083712832e-02	8.522608097544426276e-02
1.458587719417068001e+03	2.179225570521783895e-01	1.399526999598557087e-01	2.773297296603548512e-01	1.674008917482932013e-01	7.937025536568678707e-02	3.272964961548887469e-02	8.529421659793384736e-02
1.461006604523895703e+03	2.176749858902929102e-01	1.397892649177823743e-01	2.774946725685404902e-01	1.675082661665514838e-01	7.941643782752884351e-02	3.275419417930233723e-02	8.536217844979324121e-02
1.463425489630723177e+03	2.174281202827626491e-01	1.396262811378090052e-01	2.776591010619817723e-01	1.676153539439704798e-01	7.946250055762466014e-02	3.277867606728654404e-02	8.542996694835647276e-02
1.465844374737550879e+03	2.171819582469460552e-01	1.394637473425621721e-01	2.778230167366753101e-01	1.677221558538296853e-01	7.950844385570199346e-02	3.280309545395966586e-02	8.549758251011668753e-02
1.468263259844378354e+03	2.169364978057127247e-01	1.393016622583585495e-01	2.779864211836132193e-01	1.678286726672281459e-01	7.955426802080182991e-02	3.282745251335038306e-02	8.556502555072677263e-02
1.470682144951206283e+03	2.166917369874284960e-01	1.391400246151942022e-01	2.781493159887989952e-01	1.679349051530912296e-01	7.959997335127952378e-02	3.285174741899921785e-02	8.563229648499992575e-02
1.473101030058033530e+03	2.164476738259401567e-01	1.389788331467337323e-01	2.783117027332637772e-01	1.680408540781778148e-01	7.964556014480590751e-02	3.287598034395990132e-02	8.569939572691027962e-02
1.475519915164861459e+03	2.162043063605603999e-01	1.388180865902994554e-01	2.784735829930818918e-01	1.681465202070870912e-01	7.969102869836845737e-02	3.290015146080075420e-02	8.576632368959352659e-02
1.477938800271689161e+03	2.159616326360528360e-01	1.386577836868606028e-01	2.786349583393866736e-01	1.682519043022654426e-01	7.973637930827243148e-02	3.292426094160601918e-02	8.583308078534755692e-02
1.480357685378516862e+03	2.157196507026169496e-01	1.384979231810226363e-01	2.787958303383863412e-01	1.683570071240135246e-01	7.978161227014193835e-02	3.294830895797720011e-02	8.589966742563306945e-02
1.482776570485344337e+03	2.154783586158730557e-01	1.383385038210164786e-01	2.789562005513794296e-01	1.684618294304928710e-01	7.982672787892115818e-02	3.297229568103443587e-02	8.596608402107419611e-02
