1.001418434226643626e+03	2.883857651289140067e-01	1.730672263951845702e-01	2.332626550058530535e-01	1.408541792331268749e-01	6.912773000200470030e-02	2.689657286594581906e-02	6.840587136898151899e-02
1.002869765290740247e+03	2.881290777489120547e-01	1.729104821124214098e-01	2.334397552106002027e-01	1.409609836428303287e-01	6.917142298704104242e-02	2.691746310868657621e-02	6.847081518951890489e-02
1.004321096354836754e+03	2.878728162009694391e-01	1.727539978813996124e-01	2.336165541485253627e-01	1.410676027889872508e-01	6.921504237395613435e-02	2.693832210902558436e-02	6.853566449714713904e-02
1.005772427418933376e+03	2.876169797772811232e-01	1.725977732697927258e-01	2.337930523222042645e-01	1.411740370240248121e-01	6.925858829394136718e-02	2.695914991782859954e-02	6.860041939493763397e-02
1.007223758483029997e+03	2.873615677712235694e-01	1.724418078459963033e-01	2.339692502333766133e-01	1.412802866995810647e-01	6.930206087792822878e-02	2.697994658587713965e-02	6.866507998602758289e-02
1.008675089547126618e+03	2.871065794773527968e-01	1.722861011791267105e-01	2.341451483829474489e-01	1.413863521665071898e-01	6.934546025658895607e-02	2.700071216386859888e-02	6.872964637361879403e-02
1.010126420611223239e+03	2.868520141914023824e-01	1.721306528390197932e-01	2.343207472709885608e-01	1.414922337748696912e-01	6.938878656033714565e-02	2.702144670241642468e-02	6.879411866097653871e-02
1.011577751675319632e+03	2.865978712102813519e-01	1.719754623962299056e-01	2.344960473967398762e-01	1.415979318739525317e-01	6.943203991932835051e-02	2.704215025205022535e-02	6.885849695142837179e-02
1.013029082739416367e+03	2.863441498320724032e-01	1.718205294220283286e-01	2.346710492586107644e-01	1.417034468122594093e-01	6.947522046346073232e-02	2.706282286321592609e-02	6.892278134836304915e-02
1.014480413803512761e+03	2.860908493560296861e-01	1.716658534884024367e-01	2.348457533541816189e-01	1.418087789375159780e-01	6.951832832237565818e-02	2.708346458627591477e-02	6.898697195522932035e-02
1.015931744867609382e+03	2.858379690825771924e-01	1.715114341680542276e-01	2.350201601802050788e-01	1.419139285966719011e-01	6.956136362545829732e-02	2.710407547150914948e-02	6.905106887553487394e-02
1.017383075931706003e+03	2.855855083133062577e-01	1.713572710343992389e-01	2.351942702326074164e-01	1.420188961359031554e-01	6.960432650183824566e-02	2.712465556911134584e-02	6.911507221284513003e-02
1.018834406995802851e+03	2.853334663509739522e-01	1.712033636615653276e-01	2.353680840064899804e-01	1.421236819006141405e-01	6.964721708039010861e-02	2.714520492919506728e-02	6.917898207078225503e-02
1.020285738059899245e+03	2.850818424995011369e-01	1.710497116243914206e-01	2.355416019961305563e-01	1.422282862354397881e-01	6.969003548973415341e-02	2.716572360178989842e-02	6.924279855302391262e-02
1.021737069123995752e+03	2.848306360639703549e-01	1.708963144984263216e-01	2.357148246949846704e-01	1.423327094842478102e-01	6.973278185823686415e-02	2.718621163684257006e-02	6.930652176330222292e-02
1.023188400188092373e+03	2.845798463506238885e-01	1.707431718599275727e-01	2.358877525956870891e-01	1.424369519901408365e-01	6.977545631401159409e-02	2.720666908421710134e-02	6.937015180540269388e-02
1.024639731252188767e+03	2.843294726668618710e-01	1.705902832858602058e-01	2.360603861900530953e-01	1.425410140954584959e-01	6.981805898491910689e-02	2.722709599369492472e-02	6.943368878316306947e-02
1.026091062316285615e+03	2.840795143212404006e-01	1.704376483538955489e-01	2.362327259690798487e-01	1.426448961417794703e-01	6.986058999856822882e-02	2.724749241497503513e-02	6.949713280047227493e-02
1.027542393380382237e+03	2.838299706234692077e-01	1.702852666424100603e-01	2.364047724229477732e-01	1.427485984699238264e-01	6.990304948231641780e-02	2.726785839767413566e-02	6.956048396126937594e-02
1.028993724444478858e+03	2.835808408844102124e-01	1.701331377304841075e-01	2.365765260410219728e-01	1.428521214199549860e-01	6.994543756327031847e-02	2.728819399132675211e-02	6.962374236954245454e-02
1.030445055508575479e+03	2.833321244160752483e-01	1.699812611979007737e-01	2.367479873118535083e-01	1.429554653311818635e-01	6.998775436828645613e-02	2.730849924538538906e-02	6.968690812932752665e-02
1.031896386572671872e+03	2.830838205316243417e-01	1.698296366251447476e-01	2.369191567231807294e-01	1.430586305421610027e-01	7.003000002397176404e-02	2.732877420922065828e-02	6.974998134470757061e-02
1.033347717636768493e+03	2.828359285453634908e-01	1.696782635934010464e-01	2.370900347619307735e-01	1.431616173906985201e-01	7.007217465668413858e-02	2.734901893212142443e-02	6.981296211981138922e-02
1.034799048700865114e+03	2.825884477727430011e-01	1.695271416845538781e-01	2.372606219142208150e-01	1.432644262138524638e-01	7.011427839253310534e-02	2.736923346329491954e-02	6.987585055881259666e-02
1.036250379764961508e+03	2.823413775303555973e-01	1.693762704811853648e-01	2.374309186653594250e-01	1.433670573479345900e-01	7.015631135738031876e-02	2.738941785186690611e-02	6.993864676592859153e-02
1.037701710829058356e+03	2.820947171359340366e-01	1.692256495665745986e-01	2.376009254998479037e-01	1.434695111285126390e-01	7.019827367684025599e-02	2.740957214688179155e-02	7.000135084541947439e-02
1.039153041893154750e+03	2.818484659083498323e-01	1.690752785246961709e-01	2.377706429013816680e-01	1.435717878904123612e-01	7.024016547628067486e-02	2.742969639730277742e-02	7.006396290158707629e-02
1.040604372957251599e+03	2.816026231676109215e-01	1.689251569402192843e-01	2.379400713528516120e-01	1.436738879677195435e-01	7.028198688082330781e-02	2.744979065201198776e-02	7.012648303877390410e-02
1.042055704021347992e+03	2.813571882348596676e-01	1.687752843985063644e-01	2.381092113363453278e-01	1.437758116937820352e-01	7.032373801534436142e-02	2.746985495981060441e-02	7.018891136136209963e-02
1.043507035085444613e+03	2.811121604323713608e-01	1.686256604856119501e-01	2.382780633331486597e-01	1.438775594012118297e-01	7.036541900447512710e-02	2.748988936941900579e-02	7.025124797377252372e-02
1.044958366149541234e+03	2.808675390835518870e-01	1.684762847882815828e-01	2.384466278237468151e-01	1.439791314218871465e-01	7.040702997260253615e-02	2.750989392947689530e-02	7.031349298046360441e-02
1.046409697213637855e+03	2.806233235129361181e-01	1.683271568939505580e-01	2.386149052878258070e-01	1.440805280869542904e-01	7.044857104386978430e-02	2.752986868854345043e-02	7.037564648593046257e-02
1.047861028277734476e+03	2.803795130461858021e-01	1.681782763907428146e-01	2.387828962042737868e-01	1.441817497268299275e-01	7.049004234217681741e-02	2.754981369509743386e-02	7.043770859470387113e-02
1.049312359341831097e+03	2.801361070100877315e-01	1.680296428674697973e-01	2.389506010511824041e-01	1.442827966712028620e-01	7.053144399118099761e-02	2.756972899753734607e-02	7.049967941134925586e-02
1.050763690405927491e+03	2.798931047325520782e-01	1.678812559136292071e-01	2.391180203058480003e-01	1.443836692490362283e-01	7.057277611429758901e-02	2.758961464418155374e-02	7.056155904046575167e-02
1.052215021470024112e+03	2.796505055426100617e-01	1.677331151194039471e-01	2.392851544447731349e-01	1.444843677885693511e-01	7.061403883470036835e-02	2.760947068326841808e-02	7.062334758668514789e-02
1.053666352534120733e+03	2.794083087704123392e-01	1.675852200756609012e-01	2.394520039436677239e-01	1.445848926173197990e-01	7.065523227532220785e-02	2.762929716295643365e-02	7.068504515467104177e-02
1.055117683598217127e+03	2.791665137472271185e-01	1.674375703739497123e-01	2.396185692774505105e-01	1.446852440620853830e-01	7.069635655885558867e-02	2.764909413132436364e-02	7.074665184911775595e-02
1.056569014662313975e+03	2.789251198054382153e-01	1.672901656065018117e-01	2.397848509202502587e-01	1.447854224489461550e-01	7.073741180775319770e-02	2.766886163637136131e-02	7.080816777474945034e-02
1.058020345726410369e+03	2.786841262785431650e-01	1.671430053662291415e-01	2.399508493454071134e-01	1.448854281032663227e-01	7.077839814422845488e-02	2.768859972601712266e-02	7.086959303631909513e-02
1.059471676790506763e+03	2.784435325011513362e-01	1.669960892467230174e-01	2.401165650254740158e-01	1.449852613496962483e-01	7.081931569025613771e-02	2.770830844810200089e-02	7.093092773860765199e-02
1.060923007854603611e+03	2.782033378089822095e-01	1.668494168422530177e-01	2.402819984322178415e-01	1.450849225121744190e-01	7.086016456757286697e-02	2.772798785038713826e-02	7.099217198642299165e-02
1.062374338918700232e+03	2.779635415388631570e-01	1.667029877477657906e-01	2.404471500366208159e-01	1.451844119139293343e-01	7.090094489767768959e-02	2.774763798055461181e-02	7.105332588459901955e-02
1.063825669982796853e+03	2.777241430287279988e-01	1.665568015588839434e-01	2.406120203088818466e-01	1.452837298774816155e-01	7.094165680183263378e-02	2.776725888620755478e-02	7.111438953799477380e-02
1.065277001046893474e+03	2.774851416176148944e-01	1.664108578719049603e-01	2.407766097184177168e-01	1.453828767246457543e-01	7.098230040106327798e-02	2.778685061487029193e-02	7.117536305149343989e-02
1.066728332110990095e+03	2.772465366456645652e-01	1.662651562837999253e-01	2.409409187338645009e-01	1.454818527765321390e-01	7.102287581615925049e-02	2.780641321398847135e-02	7.123624653000147633e-02
1.068179663175086489e+03	2.770083274541181861e-01	1.661196963922125514e-01	2.411049478230788135e-01	1.455806583535490251e-01	7.106338316767482621e-02	2.782594673092918594e-02	7.129704007844767100e-02
1.069630994239183110e+03	2.767705133853161081e-01	1.659744777954578754e-01	2.412686974531391415e-01	1.456792937754043393e-01	7.110382257592946786e-02	2.784545121298111908e-02	7.135774380178223908e-02
1.071082325303279504e+03	2.765330937826953051e-01	1.658295000925212592e-01	2.414321680903470657e-01	1.457777593611076783e-01	7.114419416100836724e-02	2.786492670735466956e-02	7.141835780497593489e-02
1.072533656367376352e+03	2.762960679907879857e-01	1.656847628830571961e-01	2.415953602002286482e-01	1.458760554289722511e-01	7.118449804276294479e-02	2.788437326118207993e-02	7.147888219301913593e-02
1.073984987431472746e+03	2.760594353552196512e-01	1.655402657673882283e-01	2.417582742475357371e-01	1.459741822966166558e-01	7.122473434081146026e-02	2.790379092151756835e-02	7.153931707092094083e-02
1.075436318495569594e+03	2.758231952227072625e-01	1.653960083465037256e-01	2.419209106962470768e-01	1.460721402809668501e-01	7.126490317453952616e-02	2.792317973533745001e-02	7.159966254370830896e-02
1.076887649559666215e+03	2.755873469410574095e-01	1.652519902220588865e-01	2.420832700095697787e-01	1.461699296982580665e-01	7.130500466310062124e-02	2.794253974954028635e-02	7.165991871642515831e-02
1.078338980623762609e+03	2.753518898591642561e-01	1.651082109963735167e-01	2.422453526499405985e-01	1.462675508640366717e-01	7.134503892541665948e-02	2.796187101094699257e-02	7.172008569413149126e-02
1.079790311687859230e+03	2.751168233270080421e-01	1.649646702724310021e-01	2.424071590790271569e-01	1.463650040931619989e-01	7.138500608017854521e-02	2.798117356630098682e-02	7.178016358190250634e-02
1.081241642751955851e+03	2.748821466956530291e-01	1.648213676538770600e-01	2.425686897577291889e-01	1.464622896998082346e-01	7.142490624584664494e-02	2.800044746226829778e-02	7.184015248482777949e-02
1.082692973816052472e+03	2.746478593172457794e-01	1.646783027450187398e-01	2.427299451461799040e-01	1.465594079974663622e-01	7.146473954065137024e-02	2.801969274543772079e-02	7.190005250801036196e-02
1.084144304880149093e+03	2.744139605450132691e-01	1.645354751508232571e-01	2.428909257037473179e-01	1.466563592989458820e-01	7.150450608259369123e-02	2.803890946232091841e-02	7.195986375656590606e-02
1.085595635944245487e+03	2.741804497332612223e-01	1.643928844769168562e-01	2.430516318890352800e-01	1.467531439163767826e-01	7.154420598944567777e-02	2.805809765935256966e-02	7.201958633562186018e-02
1.087046967008342108e+03	2.739473262373720019e-01	1.642505303295838104e-01	2.432120641598850275e-01	1.468497621612112891e-01	7.158383937875099912e-02	2.807725738289048451e-02	7.207922035031660846e-02
1.088498298072438729e+03	2.737145894138031665e-01	1.641084123157651731e-01	2.433722229733763232e-01	1.469462143442258062e-01	7.162340636782550674e-02	2.809638867921574260e-02	7.213876590579861026e-02
1.089949629136535123e+03	2.734822386200851385e-01	1.639665300430577788e-01	2.435321087858287048e-01	1.470425007755226110e-01	7.166290707375767843e-02	2.811549159453281821e-02	7.219822310722556757e-02
1.091400960200631971e+03	2.732502732148200941e-01	1.638248831197130495e-01	2.436917220528028172e-01	1.471386217645317962e-01	7.170234161340918733e-02	2.813456617496969472e-02	7.225759205976363397e-02
1.092852291264728365e+03	2.730186925576795209e-01	1.636834711546359400e-01	2.438510632291016889e-01	1.472345776200130740e-01	7.174171010341545696e-02	2.815361246657801381e-02	7.231687286858654029e-02
1.094303622328825213e+03	2.727874960094028856e-01	1.635422937573838831e-01	2.440101327687718702e-01	1.473303686500574972e-01	7.178101266018614701e-02	2.817263051533318644e-02	7.237606563887476196e-02
1.095754953392921607e+03	2.725566829317955242e-01	1.634013505381655129e-01	2.441689311251048211e-01	1.474259951620894293e-01	7.182024939990562518e-02	2.819162036713452821e-02	7.243517047581476964e-02
1.097206284457018228e+03	2.723262526877269774e-01	1.632606411078398323e-01	2.443274587506381601e-01	1.475214574628681274e-01	7.185942043853360550e-02	2.821058206780538771e-02	7.249418748459814099e-02
1.098657615521114849e+03	2.720962046411291579e-01	1.631201650779149359e-01	2.444857160971568022e-01	1.476167558584897399e-01	7.189852589180549536e-02	2.822951566309325408e-02	7.255311677042083907e-02
1.100108946585211470e+03	2.718665381569945749e-01	1.629799220605468446e-01	2.446437036156944023e-01	1.477118906543889998e-01	7.193756587523311707e-02	2.824842119866991311e-02	7.261195843848233800e-02
1.101560277649308091e+03	2.716372526013746680e-01	1.628399116685387005e-01	2.448014217565344097e-01	1.478068621553410011e-01	7.197654050410502713e-02	2.826729872013154787e-02	7.267071259398481808e-02
1.103011608713404712e+03	2.714083473413777536e-01	1.627001335153394346e-01	2.449588709692114563e-01	1.479016706654630031e-01	7.201544989348712678e-02	2.828614827299888099e-02	7.272937934213244415e-02
1.104462939777501106e+03	2.711798217451675264e-01	1.625605872150427123e-01	2.451160517025125496e-01	1.479963164882162063e-01	7.205429415822320327e-02	2.830496990271728908e-02	7.278795878813054676e-02
1.105914270841597499e+03	2.709516751819612268e-01	1.624212723823859339e-01	2.452729644044783497e-01	1.480907999264074737e-01	7.209307341293530458e-02	2.832376365465693810e-02	7.284645103718480341e-02
1.107365601905694348e+03	2.707239070220275878e-01	1.622821886327490415e-01	2.454296095224043628e-01	1.481851212821911068e-01	7.213178777202441938e-02	2.834252957411289436e-02	7.290485619450051691e-02
1.108816932969790741e+03	2.704965166366855578e-01	1.621433355821535749e-01	2.455859875028422179e-01	1.482792808570706777e-01	7.217043734967083790e-02	2.836126770630527372e-02	7.296317436528179656e-02
1.110268264033887590e+03	2.702695033983019690e-01	1.620047128472614784e-01	2.457420987916009159e-01	1.483732789519006112e-01	7.220902225983474865e-02	2.837997809637934216e-02	7.302140565473083655e-02
1.111719595097984211e+03	2.700428666802902611e-01	1.618663200453739903e-01	2.458979438337480783e-01	1.484671158668881275e-01	7.224754261625668250e-02	2.839866078940564767e-02	7.307955016804708326e-02
1.113170926162080832e+03	2.698166058571085379e-01	1.617281567944306719e-01	2.460535230736110579e-01	1.485607919015947687e-01	7.228599853245806783e-02	2.841731583038015554e-02	7.313760801042658299e-02
1.114622257226177226e+03	2.695907203042576805e-01	1.615902227130083524e-01	2.462088369547783262e-01	1.486543073549382865e-01	7.232439012174166071e-02	2.843594326422435245e-02	7.319557928706110772e-02
1.116073588290273847e+03	2.693652093982797924e-01	1.614525174203198798e-01	2.463638859201007225e-01	1.487476625251943352e-01	7.236271749719210000e-02	2.845454313578538869e-02	7.325346410313747503e-02
1.117524919354370468e+03	2.691400725167563679e-01	1.613150405362132889e-01	2.465186704116925087e-01	1.488408577099980812e-01	7.240098077167640700e-02	2.847311548983619961e-02	7.331126256383682649e-02
1.118976250418467089e+03	2.689153090383065159e-01	1.611777916811704958e-01	2.466731908709327292e-01	1.489338932063460630e-01	7.243918005784444336e-02	2.849166037107561320e-02	7.336897477433379500e-02
1.120427581482563710e+03	2.686909183425851833e-01	1.610407704763064385e-01	2.468274477384664323e-01	1.490267693105978009e-01	7.247731546812942460e-02	2.851017782412849227e-02	7.342660083979586638e-02
1.121878912546660331e+03	2.684668998102816007e-01	1.609039765433678271e-01	2.469814414542057801e-01	1.491194863184775177e-01	7.251538711474841969e-02	2.852866789354584556e-02	7.348414086538258838e-02
1.123330243610756725e+03	2.682432528231172841e-01	1.607674095047322282e-01	2.471351724573314645e-01	1.492120445250759431e-01	7.255339510970282291e-02	2.854713062380496644e-02	7.354159495624487675e-02
1.124781574674853118e+03	2.680199767638445363e-01	1.606310689834069272e-01	2.472886411862937339e-01	1.493044442248517567e-01	7.259133956477886729e-02	2.856556605930953702e-02	7.359896321752427972e-02
1.126232905738949967e+03	2.677970710162444479e-01	1.604949546030278451e-01	2.474418480788137253e-01	1.493966857116335034e-01	7.262922059154808263e-02	2.858397424438975307e-02	7.365624575435222865e-02
1.127684236803046360e+03	2.675745349651254545e-01	1.603590659878585678e-01	2.475947935718846304e-01	1.494887692786211753e-01	7.266703830136780895e-02	2.860235522330245583e-02	7.371344267184938570e-02
1.129135567867143209e+03	2.673523679963215605e-01	1.602234027627892354e-01	2.477474781017729166e-01	1.495806952183878769e-01	7.270479280538169609e-02	2.862070904023125348e-02	7.377055407512490837e-02
1.130586898931239830e+03	2.671305694966903399e-01	1.600879645533354878e-01	2.478999021040196038e-01	1.496724638228815463e-01	7.274248421452013391e-02	2.863903573928664251e-02	7.382758006927571393e-02
1.132038229995336451e+03	2.669091388541114385e-01	1.599527509856373542e-01	2.480520660134413469e-01	1.497640753834265648e-01	7.278011263950079357e-02	2.865733536450611185e-02	7.388452075938585495e-02
1.133489561059432845e+03	2.666880754574849077e-01	1.598177616864583650e-01	2.482039702641317402e-01	1.498555301907253945e-01	7.281767819082907156e-02	2.867560795985429553e-02	7.394137625052574214e-02
1.134940892123529466e+03	2.664673786967293179e-01	1.596829962831843586e-01	2.483556152894624836e-01	1.499468285348602714e-01	7.285518097879857546e-02	2.869385356922306632e-02	7.399814664775146433e-02
1.136392223187626087e+03	2.662470479627801478e-01	1.595484544038224539e-01	2.485070015220845752e-01	1.500379707052948430e-01	7.289262111349159579e-02	2.871207223643167106e-02	7.405483205610416397e-02
1.137843554251722708e+03	2.660270826475881756e-01	1.594141356770000240e-01	2.486581293939295889e-01	1.501289569908758614e-01	7.292999870477964719e-02	2.873026400522685209e-02	7.411143258060931549e-02
1.139294885315819101e+03	2.658074821441175351e-01	1.592800397319637240e-01	2.488089993362107843e-01	1.502197876798347098e-01	7.296731386232382932e-02	2.874842891928295827e-02	7.416794832627601752e-02
1.140746216379915950e+03	2.655882458463441065e-01	1.591461661985782983e-01	2.489596117794242724e-01	1.503104630597890401e-01	7.300456669557542355e-02	2.876656702220207334e-02	7.422437939809635454e-02
1.142197547444012343e+03	2.653693731492539065e-01	1.590125147073256362e-01	2.491099671533503201e-01	1.504009834177444938e-01	7.304175731377626768e-02	2.878467835751414086e-02	7.428072590104474460e-02
1.143648878508108737e+03	2.651508634488413674e-01	1.588790848893038010e-01	2.492600658870545161e-01	1.504913490400962561e-01	7.307888582595928328e-02	2.880276296867706823e-02	7.433698794007721766e-02
1.145100209572205586e+03	2.649327161421074495e-01	1.587458763762258362e-01	2.494099084088889084e-01	1.505815602126306663e-01	7.311595234094894757e-02	2.882082089907686551e-02	7.439316562013080503e-02
1.146551540636302207e+03	2.647149306270581981e-01	1.586128888004187665e-01	2.495594951464932543e-01	1.506716172205268267e-01	7.315295696736170972e-02	2.883885219202774602e-02	7.444925904612285927e-02
1.148002871700398828e+03	2.644975063027030782e-01	1.584801217948227647e-01	2.497088265267961571e-01	1.507615203483582411e-01	7.318989981360653208e-02	2.885685689077226515e-02	7.450526832295040203e-02
1.149454202764495449e+03	2.642804425690529202e-01	1.583475749929897924e-01	2.498579029760162329e-01	1.508512698800943130e-01	7.322678098788529266e-02	2.887483503848142091e-02	7.456119355548947170e-02
1.150905533828591842e+03	2.640637388271186436e-01	1.582152480290828500e-01	2.500067249196633590e-01	1.509408660991020668e-01	7.326360059819331250e-02	2.889278667825478930e-02	7.461703484859449897e-02
1.152356864892688463e+03	2.638473944789092585e-01	1.580831405378747834e-01	2.501552927825398398e-01	1.510303092881476184e-01	7.330035875231975806e-02	2.891071185312063530e-02	7.467279230709762683e-02
1.153808195956785084e+03	2.636314089274305883e-01	1.579512521547472848e-01	2.503036069887415449e-01	1.511195997293978133e-01	7.333705555784812702e-02	2.892861060603603082e-02	7.472846603580809988e-02
1.155259527020881706e+03	2.634157815766831057e-01	1.578195825156899768e-01	2.504516679616591301e-01	1.512087377044218639e-01	7.337369112215673395e-02	2.894648297988697619e-02	7.478405613951165376e-02
1.156710858084978327e+03	2.632005118316606551e-01	1.576881312572992744e-01	2.505994761239792590e-01	1.512977234941927929e-01	7.341026555241915441e-02	2.896432901748851457e-02	7.483956272296984902e-02
1.158162189149074720e+03	2.629855990983485103e-01	1.575568980167773858e-01	2.507470318976855461e-01	1.513865573790890429e-01	7.344677895560468295e-02	2.898214876158485345e-02	7.489498589091946046e-02
1.159613520213171569e+03	2.627710427837220419e-01	1.574258824319312855e-01	2.508943357040600008e-01	1.514752396388960864e-01	7.348323143847876326e-02	2.899994225484947910e-02	7.495032574807182491e-02
1.161064851277267962e+03	2.625568422957445525e-01	1.572950841411717982e-01	2.510413879636840817e-01	1.515637705528078971e-01	7.351962310760348784e-02	2.901770953988528495e-02	7.500558239911231384e-02
1.162516182341364356e+03	2.623429970433661662e-01	1.571645027835124331e-01	2.511881890964399178e-01	1.516521503994286146e-01	7.355595406933802816e-02	2.903545065922467916e-02	7.506075594869962564e-02
1.163967513405461204e+03	2.621295064365217753e-01	1.570341379985684405e-01	2.513347395215112523e-01	1.517403794567739050e-01	7.359222442983910650e-02	2.905316565532969214e-02	7.511584650146523046e-02
1.165418844469557826e+03	2.619163698861295408e-01	1.569039894265558122e-01	2.514810396573849971e-01	1.518284580022727370e-01	7.362843429506144011e-02	2.907085457059211883e-02	7.517085416201271797e-02
1.166870175533654447e+03	2.617035868040892277e-01	1.567740567082903380e-01	2.516270899218520651e-01	1.519163863127687142e-01	7.366458377075815744e-02	2.908851744733361583e-02	7.522577903491725615e-02
1.168321506597751068e+03	2.614911566032805390e-01	1.566443394851863846e-01	2.517728907320086473e-01	1.520041646645217404e-01	7.370067296248129785e-02	2.910615432780582976e-02	7.528062122472493900e-02
1.169772837661847461e+03	2.612790786975615065e-01	1.565148373992560904e-01	2.519184425042573228e-01	1.520917933332094074e-01	7.373670197558226946e-02	2.912376525419049442e-02	7.533538083595224533e-02
1.171224168725944082e+03	2.610673525017668251e-01	1.563855500931083387e-01	2.520637456543082799e-01	1.521792725939286883e-01	7.377267091521222397e-02	2.914135026859957650e-02	7.539005797308540036e-02
1.172675499790040703e+03	2.608559774317061875e-01	1.562564772099475918e-01	2.522088005971805380e-01	1.522666027211972417e-01	7.380857988632258393e-02	2.915890941307537274e-02	7.544465274057983450e-02
1.174126830854137097e+03	2.606449529041626745e-01	1.561276183935731698e-01	2.523536077472027794e-01	1.523537839889551881e-01	7.384442899366540358e-02	2.917644272959062784e-02	7.549916524285955888e-02
1.175578161918233945e+03	2.604342783368910341e-01	1.559989732883779179e-01	2.524981675180149598e-01	1.524408166705663037e-01	7.388021834179393788e-02	2.919395026004864904e-02	7.555359558431661016e-02
1.177029492982330339e+03	2.602239531486162383e-01	1.558705415393474847e-01	2.526424803225690852e-01	1.525277010388197685e-01	7.391594803506294775e-02	2.921143204628342399e-02	7.560794386931049549e-02
1.178480824046426733e+03	2.600139767590317064e-01	1.557423227920591846e-01	2.527865465731304884e-01	1.526144373659315268e-01	7.395161817762921364e-02	2.922888813005974223e-02	7.566221020216756799e-02
1.179932155110523581e+03	2.598043485887977511e-01	1.556143166926810262e-01	2.529303666812790508e-01	1.527010259235458411e-01	7.398722887345196564e-02	2.924631855307330275e-02	7.571639468718051325e-02
1.181383486174620202e+03	2.595950680595398019e-01	1.554865228879707406e-01	2.530739410579101456e-01	1.527874669827367637e-01	7.402278022629332765e-02	2.926372335695082497e-02	7.577049742860778037e-02
1.182834817238716823e+03	2.593861345938470175e-01	1.553589410252748104e-01	2.532172701132361370e-01	1.528737608140095794e-01	7.405827233971874757e-02	2.928110258325017715e-02	7.582451853067297132e-02
1.184286148302813444e+03	2.591775476152704538e-01	1.552315707525274147e-01	2.533603542567869904e-01	1.529599076873023322e-01	7.409370531709741359e-02	2.929845627346048392e-02	7.587845809756434134e-02
1.185737479366910065e+03	2.589693065483216761e-01	1.551044117182494853e-01	2.535031938974118271e-01	1.530459078719872412e-01	7.412907926160271221e-02	2.931578446900223039e-02	7.593231623343422998e-02
1.187188810431006686e+03	2.587614108184709272e-01	1.549774635715477078e-01	2.536457894432799787e-01	1.531317616368722268e-01	7.416439427621267233e-02	2.933308721122739396e-02	7.598609304239850593e-02
1.188640141495103080e+03	2.585538598521455733e-01	1.548507259621135224e-01	2.537881413018819865e-01	1.532174692502023539e-01	7.419965046371038153e-02	2.935036454141954840e-02	7.603978862853601195e-02
1.190091472559199701e+03	2.583466530767286051e-01	1.547241985402222353e-01	2.539302498800308783e-01	1.533030309796611923e-01	7.423484792668443022e-02	2.936761650079397837e-02	7.609340309588805140e-02
1.191542803623296322e+03	2.581397899205569169e-01	1.545978809567318812e-01	2.540721155838632228e-01	1.533884470923724541e-01	7.426998676752930018e-02	2.938484313049779389e-02	7.614693654845783310e-02
1.192994134687392716e+03	2.579332698129196966e-01	1.544717728630823628e-01	2.542137388188402958e-01	1.534737178549012426e-01	7.430506708844585029e-02	2.940204447161004833e-02	7.620038909020995788e-02
1.194445465751489564e+03	2.577270921840570383e-01	1.543458739112943956e-01	2.543551199897489679e-01	1.535588435332556345e-01	7.434008899144169125e-02	2.941922056514184244e-02	7.625376082506983566e-02
1.195896796815585958e+03	2.575212564651579994e-01	1.542201837539686204e-01	2.544962595007033146e-01	1.536438243928880953e-01	7.437505257833168515e-02	2.943637145203644584e-02	7.630705185692321368e-02
1.197348127879682352e+03	2.573157620883592678e-01	1.540947020442845761e-01	2.546371577551453380e-01	1.537286606986968673e-01	7.440995795073829244e-02	2.945349717316940452e-02	7.636026228961564910e-02
1.198799458943779200e+03	2.571106084867434971e-01	1.539694284359996723e-01	2.547778151558462434e-01	1.538133527150273572e-01	7.444480521009204377e-02	2.947059776934865538e-02	7.641339222695194000e-02
1.200250790007875821e+03	2.569057950943377522e-01	1.538443625834483575e-01	2.549182321049074385e-01	1.538979007056736903e-01	7.447959445763192854e-02	2.948767328131464069e-02	7.646644177269566744e-02
1.201702121071972442e+03	2.567013213461117882e-01	1.537195041415410357e-01	2.550584090037616991e-01	1.539823049338799876e-01	7.451432579440586679e-02	2.950472374974041564e-02	7.651941103056864035e-02
1.203153452136069063e+03	2.564971866779766074e-01	1.535948527657631513e-01	2.551983462531745017e-01	1.540665656623419200e-01	7.454899932127109774e-02	2.952174921523176634e-02	7.657230010425040978e-02
1.204604783200165684e+03	2.562933905267829604e-01	1.534704081121741059e-01	2.553380442532447447e-01	1.541506831532080124e-01	7.458361513889455452e-02	2.953874971832731733e-02	7.662510909737774156e-02
1.206056114264262078e+03	2.560899323303194586e-01	1.533461698374065374e-01	2.554775034034062475e-01	1.542346576680810322e-01	7.461817334775340538e-02	2.955572529949864261e-02	7.667783811354415835e-02
1.207507445328358699e+03	2.558868115273112975e-01	1.532221375986651535e-01	2.556167241024284720e-01	1.543184894680195429e-01	7.465267404813533125e-02	2.957267599915038708e-02	7.673048725629935674e-02
1.208958776392455093e+03	2.556840275574185362e-01	1.530983110537257608e-01	2.557557067484179658e-01	1.544021788135391260e-01	7.468711734013903925e-02	2.958960185762035677e-02	7.678305662914883256e-02
1.210410107456551941e+03	2.554815798612345423e-01	1.529746898609344319e-01	2.558944517388192508e-01	1.544857259646138514e-01	7.472150332367465120e-02	2.960650291517966104e-02	7.683554633555325641e-02
1.211861438520648335e+03	2.552794678802846051e-01	1.528512736792064786e-01	2.560329594704160439e-01	1.545691311806776103e-01	7.475583209846409227e-02	2.962337921203278893e-02	7.688795647892808505e-02
1.213312769584745183e+03	2.550776910570240474e-01	1.527280621680255357e-01	2.561712303393322565e-01	1.546523947206256411e-01	7.479010376404153504e-02	2.964023078831774100e-02	7.694028716264300627e-02
1.214764100648841804e+03	2.548762488348368938e-01	1.526050549874425621e-01	2.563092647410332714e-01	1.547355168428156957e-01	7.482431841975377418e-02	2.965705768410614382e-02	7.699253849002149486e-02
1.216215431712937971e+03	2.546751406580342048e-01	1.524822517980748970e-01	2.564470630703267195e-01	1.548184978050695937e-01	7.485847616476068445e-02	2.967385993940334366e-02	7.704471056434035459e-02
1.217666762777034819e+03	2.544743659718526341e-01	1.523596522611052884e-01	2.565846257213639792e-01	1.549013378646744987e-01	7.489257709803562313e-02	2.969063759414853482e-02	7.709680348882917700e-02
1.219118093841131440e+03	2.542739242224528184e-01	1.522372560382810325e-01	2.567219530876409528e-01	1.549840372783843345e-01	7.492662131836579087e-02	2.970739068821484988e-02	7.714881736666992507e-02
1.220569424905228061e+03	2.540738148569178234e-01	1.521150627919129195e-01	2.568590455619993440e-01	1.550665963024210892e-01	7.496060892435268963e-02	2.972411926140948804e-02	7.720075230099640584e-02
1.222020755969324682e+03	2.538740373232514780e-01	1.519930721848743171e-01	2.569959035366275457e-01	1.551490151924761474e-01	7.499454001441252515e-02	2.974082335347381228e-02	7.725260839489388187e-02
1.223472087033421303e+03	2.536745910703770979e-01	1.518712838806002829e-01	2.571325274030619168e-01	1.552312942037117893e-01	7.502841468677654002e-02	2.975750300408346385e-02	7.730438575139855772e-02
1.224923418097517697e+03	2.534754755481357646e-01	1.517496975430865647e-01	2.572689175521878924e-01	1.553134335907623564e-01	7.506223303949152714e-02	2.977415825284846981e-02	7.735608447349710814e-02
1.226374749161614318e+03	2.532766902072847159e-01	1.516283128368886290e-01	2.574050743742408165e-01	1.553954336077356946e-01	7.509599517042014893e-02	2.979078913931336101e-02	7.740770466412624784e-02
1.227826080225710712e+03	2.530782344994959576e-01	1.515071294271208013e-01	2.575409982588073299e-01	1.554772945082145419e-01	7.512970117724140917e-02	2.980739570295726573e-02	7.745924642617228739e-02
1.229277411289807560e+03	2.528801078773546540e-01	1.513861469794553494e-01	2.576766895948262026e-01	1.555590165452576945e-01	7.516335115745098605e-02	2.982397798319403118e-02	7.751070986247063366e-02
1.230728742353903954e+03	2.526823097943576291e-01	1.512653651601213733e-01	2.578121487705896109e-01	1.556405999714015054e-01	7.519694520836163465e-02	2.984053601937232750e-02	7.756209507580540119e-02
1.232180073418000802e+03	2.524848397049118676e-01	1.511447836359040564e-01	2.579473761737440252e-01	1.557220450386611332e-01	7.523048342710364489e-02	2.985706985077575190e-02	7.761340216890895427e-02
1.233631404482097196e+03	2.522876970643329053e-01	1.510244020741436377e-01	2.580823721912914315e-01	1.558033519985318471e-01	7.526396591062518848e-02	2.987357951662293967e-02	7.766463124446140731e-02
1.235082735546193817e+03	2.520908813288433303e-01	1.509042201427344965e-01	2.582171372095904416e-01	1.558845211019904142e-01	7.529739275569274914e-02	2.989006505606767519e-02	7.771578240509027791e-02
1.236534066610290438e+03	2.518943919555713395e-01	1.507842375101242915e-01	2.583516716143571257e-01	1.559655525994962377e-01	7.533076405889148341e-02	2.990652650819900296e-02	7.776685575336995948e-02
1.237985397674387059e+03	2.516982284025490735e-01	1.506644538453128790e-01	2.584859757906662336e-01	1.560464467409929668e-01	7.536407991662562311e-02	2.992296391204132475e-02	7.781785139182137434e-02
1.239436728738483680e+03	2.515023901287111729e-01	1.505448688178515071e-01	2.586200501229523052e-01	1.561272037759095510e-01	7.539734042511889167e-02	2.993937730655452101e-02	7.786876942291148795e-02
1.240888059802580301e+03	2.513068765938933913e-01	1.504254820978419005e-01	2.587538949950107803e-01	1.562078239531616008e-01	7.543054568041485108e-02	2.995576673063403764e-02	7.791960994905289262e-02
1.242339390866676695e+03	2.511116872588308180e-01	1.503062933559352610e-01	2.588875107899988315e-01	1.562883075211527473e-01	7.546369577837737375e-02	2.997213222311101433e-02	7.797037307260340500e-02
1.243790721930773088e+03	2.509168215851566575e-01	1.501873022633313792e-01	2.590208978904366965e-01	1.563686547277758077e-01	7.549679081469092001e-02	2.998847382275237825e-02	7.802105889586562204e-02
1.245242052994869937e+03	2.507222790354005082e-01	1.500685084917777190e-01	2.591540566782083999e-01	1.564488658204142291e-01	7.552983088486102392e-02	3.000479156826095506e-02	7.807166752108653240e-02
1.246693384058966330e+03	2.505280590729869750e-01	1.499499117135684734e-01	2.592869875345633068e-01	1.565289410459432817e-01	7.556281608421465401e-02	3.002108549827557996e-02	7.812219905045708623e-02
1.248144715123063179e+03	2.503341611622340590e-01	1.498315116015437043e-01	2.594196908401166790e-01	1.566088806507313358e-01	7.559574650790054640e-02	3.003735565137119826e-02	7.817265358611173720e-02
1.249596046187159800e+03	2.501405847683518258e-01	1.497133078290884267e-01	2.595521669748511173e-01	1.566886848806411658e-01	7.562862225088967660e-02	3.005360206605896950e-02	7.822303123012813719e-02
1.251047377251256421e+03	2.499473293574407673e-01	1.495953000701315261e-01	2.596844163181172838e-01	1.567683539810311999e-01	7.566144340797555101e-02	3.006982478078638193e-02	7.827333208452662283e-02
1.252498708315352815e+03	2.497543943964903590e-01	1.494774879991450645e-01	2.598164392486351226e-01	1.568478881967567962e-01	7.569421007377469257e-02	3.008602383393734966e-02	7.832355625126988241e-02
1.253950039379449436e+03	2.495617793533775330e-01	1.493598712911433091e-01	2.599482361444950262e-01	1.569272877721715476e-01	7.572692234272695999e-02	3.010219926383233061e-02	7.837370383226256731e-02
1.255401370443546057e+03	2.493694836968652906e-01	1.492424496216817609e-01	2.600798073831587232e-01	1.570065529511285030e-01	7.575958030909590857e-02	3.011835110872841323e-02	7.842377492935080630e-02
1.256852701507642678e+03	2.491775068966010365e-01	1.491252226668562109e-01	2.602111533414602218e-01	1.570856839769813329e-01	7.579218406696922039e-02	3.013447940681944145e-02	7.847376964432190016e-02
1.258304032571739299e+03	2.489858484231153302e-01	1.490081901033019907e-01	2.603422743956071428e-01	1.571646810925857451e-01	7.582473371025907904e-02	3.015058419623610139e-02	7.852368807890391933e-02
1.259755363635835920e+03	2.487945077478202482e-01	1.488913516081930288e-01	2.604731709211815516e-01	1.572435445403006504e-01	7.585722933270251656e-02	3.016666551504604624e-02	7.857353033476527360e-02
1.261206694699932314e+03	2.486034843430078856e-01	1.487747068592407684e-01	2.606038432931410687e-01	1.573222745619894392e-01	7.588967102786181584e-02	3.018272340125398301e-02	7.862329651351433746e-02
1.262658025764028707e+03	2.484127776818489952e-01	1.486582555346934453e-01	2.607342918858198688e-01	1.574008713990211195e-01	7.592205888912489931e-02	3.019875789280178704e-02	7.867298671669911703e-02
1.264109356828125556e+03	2.482223872383914343e-01	1.485419973133351723e-01	2.608645170729299023e-01	1.574793352922717049e-01	7.595439300970564800e-02	3.021476902756861302e-02	7.872260104580677820e-02
1.265560687892221949e+03	2.480323124875587482e-01	1.484259318744849676e-01	2.609945192275616166e-01	1.575576664821253248e-01	7.598667348264431798e-02	3.023075684337097127e-02	7.877213960226338296e-02
1.267012018956318798e+03	2.478425529051485887e-01	1.483100588979958945e-01	2.611242987221851219e-01	1.576358652084754730e-01	7.601890040080792887e-02	3.024672137796287005e-02	7.882160248743340369e-02
1.268463350020415419e+03	2.476531079678314096e-01	1.481943780642542008e-01	2.612538559286514128e-01	1.577139317107263128e-01	7.605107385689061084e-02	3.026266266903589880e-02	7.887098980261944559e-02
1.269914681084511813e+03	2.474639771531489119e-01	1.480788890541783476e-01	2.613831912181930894e-01	1.577918662277938422e-01	7.608319394341395148e-02	3.027858075421932180e-02	7.892030164906180256e-02
1.271366012148608434e+03	2.472751599395125732e-01	1.479635915492181486e-01	2.615123049614256345e-01	1.578696689981070600e-01	7.611526075272745384e-02	3.029447567108019962e-02	7.896953812793815197e-02
1.272817343212705055e+03	2.470866558062022322e-01	1.478484852313539377e-01	2.616411975283483016e-01	1.579473402596092702e-01	7.614727437700880008e-02	3.031034745712349668e-02	7.901869934036315213e-02
1.274268674276801676e+03	2.468984642333645896e-01	1.477335697830955974e-01	2.617698692883452249e-01	1.580248802497592475e-01	7.617923490826428168e-02	3.032619614979215755e-02	7.906778538738808149e-02
1.275720005340898297e+03	2.467105847020117648e-01	1.476188448874817538e-01	2.618983206101863637e-01	1.581022892055324314e-01	7.621114243832914636e-02	3.034202178646724576e-02	7.911679637000050558e-02
1.277171336404994690e+03	2.465230166940199641e-01	1.475043102280787499e-01	2.620265518620285006e-01	1.581795673634221189e-01	7.624299705886797285e-02	3.035782440446801317e-02	7.916573238912388844e-02
1.278622667469091539e+03	2.463357596921278148e-01	1.473899654889799515e-01	2.621545634114164081e-01	1.582567149594407141e-01	7.627479886137503162e-02	3.037360404105202485e-02	7.921459354561728727e-02
1.280073998533187932e+03	2.461488131799350332e-01	1.472758103548046649e-01	2.622823556252837918e-01	1.583337322291208660e-01	7.630654793717467355e-02	3.038936073341524588e-02	7.926337994027496392e-02
1.281525329597284326e+03	2.459621766419010924e-01	1.471618445106974149e-01	2.624099288699542343e-01	1.584106194075166618e-01	7.633824437742163516e-02	3.040509451869216964e-02	7.931209167382602399e-02
1.282976660661381175e+03	2.457758495633435292e-01	1.470480676423269462e-01	2.625372835111423053e-01	1.584873767292049040e-01	7.636988827310146888e-02	3.042080543395588726e-02	7.936072884693412544e-02
1.284427991725477568e+03	2.455898314304367780e-01	1.469344794358855011e-01	2.626644199139546165e-01	1.585640044282861649e-01	7.640147971503083446e-02	3.043649351621820903e-02	7.940929156019709001e-02
1.285879322789574417e+03	2.454041217302105060e-01	1.468210795780877376e-01	2.627913384428905985e-01	1.586405027383860633e-01	7.643301879385794306e-02	3.045215880242976847e-02	7.945777991414658403e-02
1.287330653853671038e+03	2.452187199505483639e-01	1.467078677561700073e-01	2.629180394618437777e-01	1.587168718926563471e-01	7.646450560006283481e-02	3.046780132948011602e-02	7.950619400924777147e-02
1.288781984917767431e+03	2.450336255801863761e-01	1.465948436578893843e-01	2.630445233341026090e-01	1.587931121237761423e-01	7.649594022395779513e-02	3.048342113419780924e-02	7.955453394589899474e-02
1.290233315981864052e+03	2.448488381087116916e-01	1.464820069715229156e-01	2.631707904223516969e-01	1.588692236639531186e-01	7.652732275568768783e-02	3.049901825335055161e-02	7.960279982443141389e-02
