1.001418434226643626e+03	2.827936977315263500e-01	1.761846914275260190e-01	2.337985260952971933e-01	1.408029376692908896e-01	6.888986801925221781e-02	2.747012307368325995e-02	7.006015598340119277e-02
1.002869765290740247e+03	2.825381010574294360e-01	1.760175403235847147e-01	2.339731694510248650e-01	1.409099665110454258e-01	6.893441028799603132e-02	2.749804057456294373e-02	7.012877179433367469e-02
1.004321096354836754e+03	2.822829419930648065e-01	1.758506754450649967e-01	2.341474934688624887e-01	1.410168131391978941e-01	6.897887815253672672e-02	2.752592482269676510e-02	7.019727297855345161e-02
1.005772427418933376e+03	2.820282197873195673e-01	1.756840962994292710e-01	2.343214987255550219e-01	1.411234779087027214e-01	6.902327174954236977e-02	2.755377581899772291e-02	7.026565971043034764e-02
1.007223758483029997e+03	2.817739336903750114e-01	1.755178023950038080e-01	2.344951857967743913e-01	1.412299611735681470e-01	6.906759121536566737e-02	2.758159356462164952e-02	7.033393216426830907e-02
1.008675089547126618e+03	2.815200829537041760e-01	1.753517932409767444e-01	2.346685552571220468e-01	1.413362632868601643e-01	6.911183668604503616e-02	2.760937806096564612e-02	7.040209051430315612e-02
1.010126420611223239e+03	2.812666668300696782e-01	1.751860683473965841e-01	2.348416076801312369e-01	1.414423846007065722e-01	6.915600829730571275e-02	2.763712930966657003e-02	7.047013493470054291e-02
1.011577751675319632e+03	2.810136845735216604e-01	1.750206272251705053e-01	2.350143436382695905e-01	1.415483254663010282e-01	6.920010618456082230e-02	2.766484731259950119e-02	7.053806559955373701e-02
1.013029082739416367e+03	2.807611354393954595e-01	1.748554693860626952e-01	2.351867637029414759e-01	1.416540862339068230e-01	6.924413048291246098e-02	2.769253207187621565e-02	7.060588268288157943e-02
1.014480413803512761e+03	2.805090186843096078e-01	1.746905943426926844e-01	2.353588684444905543e-01	1.417596672528609603e-01	6.928808132715277845e-02	2.772018358984369713e-02	7.067358635862640293e-02
1.015931744867609382e+03	2.802573335661633913e-01	1.745260016085336541e-01	2.355306584322020280e-01	1.418650688715779873e-01	6.933195885176501871e-02	2.774780186908261739e-02	7.074117680065199198e-02
1.017383075931706003e+03	2.800060793441348506e-01	1.743616906979108261e-01	2.357021342343050829e-01	1.419702914375539082e-01	6.937576319092458865e-02	2.777538691240584792e-02	7.080865418274152889e-02
1.018834406995802851e+03	2.797552552786786717e-01	1.741976611259998808e-01	2.358732964179753311e-01	1.420753352973700145e-01	6.941949447850014054e-02	2.780293872285698187e-02	7.087601867859560922e-02
1.020285738059899245e+03	2.795048606315238549e-01	1.740339124088251532e-01	2.360441455493372531e-01	1.421802007966967152e-01	6.946315284805454349e-02	2.783045730370883528e-02	7.094327046183027119e-02
1.021737069123995752e+03	2.792548946656716602e-01	1.738704440632580783e-01	2.362146821934664187e-01	1.422848882802973947e-01	6.950673843284603526e-02	2.785794265846199685e-02	7.101040970597503887e-02
1.023188400188092373e+03	2.790053566453933320e-01	1.737072556070157203e-01	2.363849069143919568e-01	1.423893980920321323e-01	6.955025136582913825e-02	2.788539479084335693e-02	7.107743658447095159e-02
1.024639731252188767e+03	2.787562458362280449e-01	1.735443465586589129e-01	2.365548202750988871e-01	1.424937305748615046e-01	6.959369177965582520e-02	2.791281370480466067e-02	7.114435127066870423e-02
1.026091062316285615e+03	2.785075615049807940e-01	1.733817164375907049e-01	2.367244228375304238e-01	1.425978860708503604e-01	6.963705980667642126e-02	2.794019940452103709e-02	7.121115393782677383e-02
1.027542393380382237e+03	2.782593029197199530e-01	1.732193647640548617e-01	2.368937151625904181e-01	1.427018649211714285e-01	6.968035557894072807e-02	2.796755189438957998e-02	7.127784475910947659e-02
1.028993724444478858e+03	2.780114693497754974e-01	1.730572910591340607e-01	2.370626978101456339e-01	1.428056674661091485e-01	6.972357922819895359e-02	2.799487117902791505e-02	7.134442390758519159e-02
1.030445055508575479e+03	2.777640600657365066e-01	1.728954948447485596e-01	2.372313713390279966e-01	1.429092940450631954e-01	6.976673088590279459e-02	2.802215726327275669e-02	7.141089155622450113e-02
1.031896386572671872e+03	2.775170743394493322e-01	1.727339756436542806e-01	2.373997363070370070e-01	1.430127449965522823e-01	6.980981068320638028e-02	2.804941015217852010e-02	7.147724787789842826e-02
1.033347717636768493e+03	2.772705114440150997e-01	1.725727329794415343e-01	2.375677932709419904e-01	1.431160206582176853e-01	6.985281875096734094e-02	2.807662985101587808e-02	7.154349304537661880e-02
1.034799048700865114e+03	2.770243706537879880e-01	1.724117663765331043e-01	2.377355427864844273e-01	1.432191213668269347e-01	6.989575521974772387e-02	2.810381636527038013e-02	7.160962723132562047e-02
1.036250379764961508e+03	2.767786512443726199e-01	1.722510753601829703e-01	2.379029854083802020e-01	1.433220474582772574e-01	6.993862021981504806e-02	2.813096970064104044e-02	7.167565060830707879e-02
1.037701710829058356e+03	2.765333524926222308e-01	1.720906594564745040e-01	2.380701216903218231e-01	1.434247992675992955e-01	6.998141388114327566e-02	2.815808986303896741e-02	7.174156334877614116e-02
1.039153041893154750e+03	2.762884736766364480e-01	1.719305181923190262e-01	2.382369521849808103e-01	1.435273771289606037e-01	7.002413633341378341e-02	2.818517685858597591e-02	7.180736562507962495e-02
1.040604372957251599e+03	2.760440140757591254e-01	1.717706510954541410e-01	2.384034774440099425e-01	1.436297813756690633e-01	7.006678770601630635e-02	2.821223069361320987e-02	7.187305760945442157e-02
1.042055704021347992e+03	2.757999729705764014e-01	1.716110576944422650e-01	2.385696980180453675e-01	1.437320123401765459e-01	7.010936812804999252e-02	2.823925137465976842e-02	7.193863947402585890e-02
1.043507035085444613e+03	2.755563496429142556e-01	1.714517375186690173e-01	2.387356144567089888e-01	1.438340703540822996e-01	7.015187772832426338e-02	2.826623890847135279e-02	7.200411139080600820e-02
1.044958366149541234e+03	2.753131433758365665e-01	1.712926900983416656e-01	2.389012273086106031e-01	1.439359557481364182e-01	7.019431663535985466e-02	2.829319330199893054e-02	7.206947353169208814e-02
1.046409697213637855e+03	2.750703534536431127e-01	1.711339149644875435e-01	2.390665371213502310e-01	1.440376688522432558e-01	7.023668497738974614e-02	2.832011456239736172e-02	7.213472606846486890e-02
1.047861028277734476e+03	2.748279791618670198e-01	1.709754116489526077e-01	2.392315444415202275e-01	1.441392099954648953e-01	7.027898288236009150e-02	2.834700269702408043e-02	7.219986917278715943e-02
1.049312359341831097e+03	2.745860197872731501e-01	1.708171796843997170e-01	2.393962498147075013e-01	1.442405795060245910e-01	7.032121047793123136e-02	2.837385771343775218e-02	7.226490301620210055e-02
1.050763690405927491e+03	2.743444746178557159e-01	1.706592186043073278e-01	2.395606537854957918e-01	1.443417777113099321e-01	7.036336789147852600e-02	2.840067961939694852e-02	7.232982777013180486e-02
1.052215021470024112e+03	2.741033429428361146e-01	1.705015279429677455e-01	2.397247568974677778e-01	1.444428049378764511e-01	7.040545525009339611e-02	2.842746842285884257e-02	7.239464360587569147e-02
1.053666352534120733e+03	2.738626240526610411e-01	1.703441072354856811e-01	2.398885596932073261e-01	1.445436615114508438e-01	7.044747268058418332e-02	2.845422413197788714e-02	7.245935069460907041e-02
1.055117683598217127e+03	2.736223172390001568e-01	1.701869560177767804e-01	2.400520627143015173e-01	1.446443477569342717e-01	7.048942030947712156e-02	2.848094675510451368e-02	7.252394920738162998e-02
1.056569014662313975e+03	2.733824217947442015e-01	1.700300738265659861e-01	2.402152665013430610e-01	1.447448639984056928e-01	7.053129826301723915e-02	2.850763630078383820e-02	7.258843931511600733e-02
1.058020345726410369e+03	2.731429370140026069e-01	1.698734601993860949e-01	2.403781715939322383e-01	1.448452105591251093e-01	7.057310666716926084e-02	2.853429277775436021e-02	7.265282118860626193e-02
1.059471676790506763e+03	2.729038621921017205e-01	1.697171146745763137e-01	2.405407785306791779e-01	1.449453877615368980e-01	7.061484564761857929e-02	2.856091619494668943e-02	7.271709499851655711e-02
1.060923007854603611e+03	2.726651966255825288e-01	1.695610367912805949e-01	2.407030878492058823e-01	1.450453959272729187e-01	7.065651532977208771e-02	2.858750656148226904e-02	7.278126091537966136e-02
1.062374338918700232e+03	2.724269396121984377e-01	1.694052260894462481e-01	2.408651000861484759e-01	1.451452353771559012e-01	7.069811583875915129e-02	2.861406388667210587e-02	7.284531910959558820e-02
1.063825669982796853e+03	2.721890904509136067e-01	1.692496821098223303e-01	2.410268157771592867e-01	1.452449064312024696e-01	7.073964729943245378e-02	2.864058818001549364e-02	7.290926975143023625e-02
1.065277001046893474e+03	2.719516484419004509e-01	1.690944043939582586e-01	2.411882354569089837e-01	1.453444094086265292e-01	7.078110983636889952e-02	2.866707945119877782e-02	7.297311301101400138e-02
1.066728332110990095e+03	2.717146128865376431e-01	1.689393924842023109e-01	2.413493596590886026e-01	1.454437446278422363e-01	7.082250357387057105e-02	2.869353771009408582e-02	7.303684905834050001e-02
1.068179663175086489e+03	2.714779830874081146e-01	1.687846459237000440e-01	2.415101889164118221e-01	1.455429124064672175e-01	7.086382863596553394e-02	2.871996296675809537e-02	7.310047806326512576e-02
1.069630994239183110e+03	2.712417583482970573e-01	1.686301642563929060e-01	2.416707237606168235e-01	1.456419130613257340e-01	7.090508514640875282e-02	2.874635523143079241e-02	7.316400019550388378e-02
1.071082325303279504e+03	2.710059379741897034e-01	1.684759470270166815e-01	2.418309647224685943e-01	1.457407469084517349e-01	7.094627322868295172e-02	2.877271451453423945e-02	7.322741562463200293e-02
1.072533656367376352e+03	2.707705212712692711e-01	1.683219937811001043e-01	2.419909123317608990e-01	1.458394142630920209e-01	7.098739300599951618e-02	2.879904082667134740e-02	7.329072452008270067e-02
1.073984987431472746e+03	2.705355075469149662e-01	1.681683040649633309e-01	2.421505671173184160e-01	1.459379154397092149e-01	7.102844460129932591e-02	2.882533417862467862e-02	7.335392705114592016e-02
1.075436318495569594e+03	2.703008961096999285e-01	1.680148774257164135e-01	2.423099296069987085e-01	1.460362507519849251e-01	7.106942813725365682e-02	2.885159458135520827e-02	7.341702338696709518e-02
1.076887649559666215e+03	2.700666862693889003e-01	1.678617134112579956e-01	2.424690003276943340e-01	1.461344205128226881e-01	7.111034373626504146e-02	2.887782204600113437e-02	7.348001369654590109e-02
1.078338980623762609e+03	2.698328773369366163e-01	1.677088115702736471e-01	2.426277798053349533e-01	1.462324250343510212e-01	7.115119152046807394e-02	2.890401658387667383e-02	7.354289814873507525e-02
1.079790311687859230e+03	2.695994686244853056e-01	1.675561714522345313e-01	2.427862685648893015e-01	1.463302646279264485e-01	7.119197161173032584e-02	2.893017820647086902e-02	7.360567691223922349e-02
1.081241642751955851e+03	2.693664594453630823e-01	1.674037926073959626e-01	2.429444671303672698e-01	1.464279396041364978e-01	7.123268413165313728e-02	2.895630692544641505e-02	7.366835015561362665e-02
1.082692973816052472e+03	2.691338491140815581e-01	1.672516745867959065e-01	2.431023760248218479e-01	1.465254502728025876e-01	7.127332920157251894e-02	2.898240275263845242e-02	7.373091804726310261e-02
1.084144304880149093e+03	2.689016369463337885e-01	1.670998169422535928e-01	2.432599957703512894e-01	1.466227969429831079e-01	7.131390694255992924e-02	2.900846570005342212e-02	7.379338075544081277e-02
1.085595635944245487e+03	2.686698222589925522e-01	1.669482192263679610e-01	2.434173268881010266e-01	1.467199799229761958e-01	7.135441747542316249e-02	2.903449577986788252e-02	7.385573844824719347e-02
1.087046967008342108e+03	2.684384043701080191e-01	1.667968809925163276e-01	2.435743698982656413e-01	1.468169995203227607e-01	7.139486092070713996e-02	2.906049300442734712e-02	7.391799129362876253e-02
1.088498298072438729e+03	2.682073825989056970e-01	1.666458017948529158e-01	2.437311253200909744e-01	1.469138560418093709e-01	7.143523739869477029e-02	2.908645738624513269e-02	7.398013945937709224e-02
1.089949629136535123e+03	2.679767562657845437e-01	1.664949811883074393e-01	2.438875936718761239e-01	1.470105497934711403e-01	7.147554702940775440e-02	2.911238893800121436e-02	7.404218311312769918e-02
1.091400960200631971e+03	2.677465246923150244e-01	1.663444187285836040e-01	2.440437754709753049e-01	1.471070810805945317e-01	7.151578993260743200e-02	2.913828767254107721e-02	7.410412242235897562e-02
1.092852291264728365e+03	2.675166872012368358e-01	1.661941139721577754e-01	2.441996712337999031e-01	1.472034502077202711e-01	7.155596622779553106e-02	2.916415360287457487e-02	7.416595755439107929e-02
1.094303622328825213e+03	2.672872431164569074e-01	1.660440664762775076e-01	2.443552814758205294e-01	1.472996574786461510e-01	7.159607603421504207e-02	2.918998674217479841e-02	7.422768867638496193e-02
1.095754953392921607e+03	2.670581917630476254e-01	1.658942757989602113e-01	2.445106067115688786e-01	1.473957031964299169e-01	7.163611947085102294e-02	2.921578710377696966e-02	7.428931595534130072e-02
1.097206284457018228e+03	2.668295324672445568e-01	1.657447414989915435e-01	2.446656474546397009e-01	1.474915876633919321e-01	7.167609665643137618e-02	2.924155470117729624e-02	7.435083955809949907e-02
1.098657615521114849e+03	2.666012645564445616e-01	1.655954631359242146e-01	2.448204042176927997e-01	1.475873111811181471e-01	7.171600770942765379e-02	2.926728954803187177e-02	7.441225965133668740e-02
1.100108946585211470e+03	2.663733873592038504e-01	1.654464402700764059e-01	2.449748775124549471e-01	1.476828740504626536e-01	7.175585274805587610e-02	2.929299165815556216e-02	7.447357640156668235e-02
1.101560277649308091e+03	2.661459002052356526e-01	1.652976724625305205e-01	2.451290678497218545e-01	1.477782765715506541e-01	7.179563189027728110e-02	2.931866104552091276e-02	7.453478997513911242e-02
1.103011608713404712e+03	2.659188024254086069e-01	1.651491592751316850e-01	2.452829757393600596e-01	1.478735190437810432e-01	7.183534525379914326e-02	2.934429772425704158e-02	7.459590053823839106e-02
1.104462939777501106e+03	2.656920933517445405e-01	1.650009002704863614e-01	2.454366016903089531e-01	1.479686017658291830e-01	7.187499295607556460e-02	2.936990170864855337e-02	7.465690825688274523e-02
1.105914270841597499e+03	2.654657723174165262e-01	1.648528950119609870e-01	2.455899462105825548e-01	1.480635250356497068e-01	7.191457511430826566e-02	2.939547301313446062e-02	7.471781329692335494e-02
1.107365601905694348e+03	2.652398386567469402e-01	1.647051430636805591e-01	2.457430098072715396e-01	1.481582891504790167e-01	7.195409184544729331e-02	2.942101165230709761e-02	7.477861582404338181e-02
1.108816932969790741e+03	2.650142917052053515e-01	1.645576439905272748e-01	2.458957929865450975e-01	1.482528944068381427e-01	7.199354326619188116e-02	2.944651764091104143e-02	7.483931600375706705e-02
1.110268264033887590e+03	2.647891307994065246e-01	1.644103973581391154e-01	2.460482962536529039e-01	1.483473411005352405e-01	7.203292949299117121e-02	2.947199099384206419e-02	7.489991400140885713e-02
1.111719595097984211e+03	2.645643552771085316e-01	1.642634027329084867e-01	2.462005201129268406e-01	1.484416295266684227e-01	7.207225064204499099e-02	2.949743172614604711e-02	7.496040998217250173e-02
1.113170926162080832e+03	2.643399644772108648e-01	1.641166596819808032e-01	2.463524650677831052e-01	1.485357599796283123e-01	7.211150682930461686e-02	2.952283985301794658e-02	7.502080411105016555e-02
1.114622257226177226e+03	2.641159577397521607e-01	1.639701677732532115e-01	2.465041316207240152e-01	1.486297327531005408e-01	7.215069817047353729e-02	2.954821538980072562e-02	7.508109655287163731e-02
1.116073588290273847e+03	2.638923344059083687e-01	1.638239265753730911e-01	2.466555202733398122e-01	1.487235481400685511e-01	7.218982478100820221e-02	2.957355835198431995e-02	7.514128747229342764e-02
1.117524919354370468e+03	2.636690938179910293e-01	1.636779356577367783e-01	2.468066315263106048e-01	1.488172064328160682e-01	7.222888677611875863e-02	2.959886875520459371e-02	7.520137703379795036e-02
1.118976250418467089e+03	2.634462353194448325e-01	1.635321945904881780e-01	2.469574658794082000e-01	1.489107079229296804e-01	7.226788427076984156e-02	2.962414661524230899e-02	7.526136540169270361e-02
1.120427581482563710e+03	2.632237582548460075e-01	1.633867029445174313e-01	2.471080238314980193e-01	1.490040529013014203e-01	7.230681737968129574e-02	2.964939194802208508e-02	7.532125274010946503e-02
1.121878912546660331e+03	2.630016619699002689e-01	1.632414602914594448e-01	2.472583058805408462e-01	1.490972416581313742e-01	7.234568621732891114e-02	2.967460476961139224e-02	7.538103921300347288e-02
1.123330243610756725e+03	2.627799458114407072e-01	1.630964662036927526e-01	2.474083125235948255e-01	1.491902744829300687e-01	7.238449089794517233e-02	2.969978509621952131e-02	7.544072498415267669e-02
1.124781574674853118e+03	2.625586091274261236e-01	1.629517202543378507e-01	2.475580442568171557e-01	1.492831516645210799e-01	7.242323153551995241e-02	2.972493294419658108e-02	7.550031021715694624e-02
1.126232905738949967e+03	2.623376512669387539e-01	1.628072220172562257e-01	2.477075015754659770e-01	1.493758734910436148e-01	7.246190824380134565e-02	2.975004833003248167e-02	7.555979507543733598e-02
1.127684236803046360e+03	2.621170715801824924e-01	1.626629710670486895e-01	2.478566849739023137e-01	1.494684402499548148e-01	7.250052113629626427e-02	2.977513127035593885e-02	7.561917972223526629e-02
1.129135567867143209e+03	2.618968694184809487e-01	1.625189669790541303e-01	2.480055949455916564e-01	1.495608522280323649e-01	7.253907032627128493e-02	2.980018178193347481e-02	7.567846432061187123e-02
1.130586898931239830e+03	2.616770441342755604e-01	1.623752093293483467e-01	2.481542319831059884e-01	1.496531097113769360e-01	7.257755592675327327e-02	2.982519988166842592e-02	7.573764903344717969e-02
1.132038229995336451e+03	2.614575950811234839e-01	1.622316976947424383e-01	2.483025965781255340e-01	1.497452129854146274e-01	7.261597805053016108e-02	2.985018558659996088e-02	7.579673402343950483e-02
1.133489561059432845e+03	2.612385216136957622e-01	1.620884316527816948e-01	2.484506892214405072e-01	1.498371623348993820e-01	7.265433681015165401e-02	2.987513891390209883e-02	7.585571945310463915e-02
1.134940892123529466e+03	2.610198230877752712e-01	1.619454107817441257e-01	2.485985104029529991e-01	1.499289580439154557e-01	7.269263231792989777e-02	2.990005988088272754e-02	7.591460548477522996e-02
1.136392223187626087e+03	2.608014988602550543e-01	1.618026346606392107e-01	2.487460606116787543e-01	1.500206003958797218e-01	7.273086468594022747e-02	2.992494850498264927e-02	7.597339228060003002e-02
1.137843554251722708e+03	2.605835482891361576e-01	1.616601028692064845e-01	2.488933403357489471e-01	1.501120896735442245e-01	7.276903402602188931e-02	2.994980480377458856e-02	7.603208000254331467e-02
1.139294885315819101e+03	2.603659707335257423e-01	1.615178149879143710e-01	2.490403500624119026e-01	1.502034261589984265e-01	7.280714044977870669e-02	2.997462879496225890e-02	7.609066881238414626e-02
1.140746216379915950e+03	2.601487655536351973e-01	1.613757705979587398e-01	2.491870902780349561e-01	1.502946101336716800e-01	7.284518406857978801e-02	2.999942049637939825e-02	7.614915887171572195e-02
1.142197547444012343e+03	2.599319321107782521e-01	1.612339692812616576e-01	2.493335614681062296e-01	1.503856418783355020e-01	7.288316499356022049e-02	3.002417992598880453e-02	7.620755034194477695e-02
1.143648878508108737e+03	2.597154697673690338e-01	1.610924106204699724e-01	2.494797641172363245e-01	1.504765216731059341e-01	7.292108333562175027e-02	3.004890710188141967e-02	7.626584338429091836e-02
1.145100209572205586e+03	2.594993778869201795e-01	1.609510941989541477e-01	2.496256987091601542e-01	1.505672497974459290e-01	7.295893920543353173e-02	3.007360204227536166e-02	7.632403815978604233e-02
1.146551540636302207e+03	2.592836558340407827e-01	1.608100196008068472e-01	2.497713657267387199e-01	1.506578265301676267e-01	7.299673271343273817e-02	3.009826476551500860e-02	7.638213482927365405e-02
1.148002871700398828e+03	2.590683029744346721e-01	1.606691864108416856e-01	2.499167656519607483e-01	1.507482521494346861e-01	7.303446396982526956e-02	3.012289529007005501e-02	7.644013355340832649e-02
1.149454202764495449e+03	2.588533186748983583e-01	1.605285942145919242e-01	2.500618989659444957e-01	1.508385269327645051e-01	7.307213308458641865e-02	3.014749363453460285e-02	7.649803449265510369e-02
1.150905533828591842e+03	2.586387023033194232e-01	1.603882425983091387e-01	2.502067661489395523e-01	1.509286511570305800e-01	7.310974016746164816e-02	3.017205981762622474e-02	7.655583780728887622e-02
1.152356864892688463e+03	2.584244532286741891e-01	1.602481311489619420e-01	2.503513676803285626e-01	1.510186250984647538e-01	7.314728532796709037e-02	3.019659385818505848e-02	7.661354365739386774e-02
1.153808195956785084e+03	2.582105708210261641e-01	1.601082594542347914e-01	2.504957040386287526e-01	1.511084490326595198e-01	7.318476867539035202e-02	3.022109577517289453e-02	7.667115220286303823e-02
1.155259527020881706e+03	2.579970544515239328e-01	1.599686271025264894e-01	2.506397757014939276e-01	1.511981232345701864e-01	7.322219031879113882e-02	3.024556558767226705e-02	7.672866360339751501e-02
1.156710858084978327e+03	2.577839034923995465e-01	1.598292336829490734e-01	2.507835831457161380e-01	1.512876479785170980e-01	7.325955036700192158e-02	3.027000331488556226e-02	7.678607801850610703e-02
1.158162189149074720e+03	2.575711173169663581e-01	1.596900787853264558e-01	2.509271268472271776e-01	1.513770235381879659e-01	7.329684892862858847e-02	3.029440897613411288e-02	7.684339560750472198e-02
1.159613520213171569e+03	2.573586952996173571e-01	1.595511620001932307e-01	2.510704072811005827e-01	1.514662501866399780e-01	7.333408611205111116e-02	3.031878259085731345e-02	7.690061652951582505e-02
1.161064851277267962e+03	2.571466368158230043e-01	1.594124829187931747e-01	2.512134249215531301e-01	1.515553281963020749e-01	7.337126202542421094e-02	3.034312417861172520e-02	7.695774094346799488e-02
1.162516182341364356e+03	2.569349412421297330e-01	1.592740411330783035e-01	2.513561802419466695e-01	1.516442578389770590e-01	7.340837677667799710e-02	3.036743375907020870e-02	7.701476900809534065e-02
1.163967513405461204e+03	2.567236079561578399e-01	1.591358362357073453e-01	2.514986737147895668e-01	1.517330393858437876e-01	7.344543047351861920e-02	3.039171135202103566e-02	7.707170088193705804e-02
1.165418844469557826e+03	2.565126363365995976e-01	1.589978678200444917e-01	2.516409058117389241e-01	1.518216731074593651e-01	7.348242322342891930e-02	3.041595697736701812e-02	7.712853672333692956e-02
1.166870175533654447e+03	2.563020257632175891e-01	1.588601354801582599e-01	2.517828770036015795e-01	1.519101592737612805e-01	7.351935513366908426e-02	3.044017065512464107e-02	7.718527669044279726e-02
1.168321506597751068e+03	2.560917756168425430e-01	1.587226388108201602e-01	2.519245877603363271e-01	1.519984981540695723e-01	7.355622631127727018e-02	3.046435240542320899e-02	7.724192094120614638e-02
1.169772837661847461e+03	2.558818852793718901e-01	1.585853774075033640e-01	2.520660385510553048e-01	1.520866900170889102e-01	7.359303686307022696e-02	3.048850224850396459e-02	7.729846963338166121e-02
1.171224168725944082e+03	2.556723541337673211e-01	1.584483508663816209e-01	2.522072298440257154e-01	1.521747351309107044e-01	7.362978689564397827e-02	3.051262020471926656e-02	7.735492292452667007e-02
1.172675499790040703e+03	2.554631815640537318e-01	1.583115587843277605e-01	2.523481621066715475e-01	1.522626337630152704e-01	7.366647651537443220e-02	3.053670629453171179e-02	7.741128097200079827e-02
1.174126830854137097e+03	2.552543669553165584e-01	1.581750007589126372e-01	2.524888358055753512e-01	1.523503861802739112e-01	7.370310582841799185e-02	3.056076053851330965e-02	7.746754393296549634e-02
1.175578161918233945e+03	2.550459096937005010e-01	1.580386763884038537e-01	2.526292514064795158e-01	1.524379926489509429e-01	7.373967494071220763e-02	3.058478295734462157e-02	7.752371196438359591e-02
1.177029492982330339e+03	2.548378091664074696e-01	1.579025852717644562e-01	2.527694093742883230e-01	1.525254534347058599e-01	7.377618395797638784e-02	3.060877357181395614e-02	7.757978522301889335e-02
1.178480824046426733e+03	2.546300647616946411e-01	1.577667270086516582e-01	2.529093101730692794e-01	1.526127688025953055e-01	7.381263298571225095e-02	3.063273240281651211e-02	7.763576386543577512e-02
1.179932155110523581e+03	2.544226758688729051e-01	1.576311011994156464e-01	2.530489542660549485e-01	1.526999390170751536e-01	7.384902212920448072e-02	3.065665947135355618e-02	7.769164804799875979e-02
1.181383486174620202e+03	2.542156418783047545e-01	1.574957074450983874e-01	2.531883421156445046e-01	1.527869643420025902e-01	7.388535149352142006e-02	3.068055479853160072e-02	7.774743792687212329e-02
1.182834817238716823e+03	2.540089621814027310e-01	1.573605453474323235e-01	2.533274741834055099e-01	1.528738450406380567e-01	7.392162118351564004e-02	3.070441840556160235e-02	7.780313365801951042e-02
1.184286148302813444e+03	2.538026361706272049e-01	1.572256145088391510e-01	2.534663509300753015e-01	1.529605813756474697e-01	7.395783130382452275e-02	3.072825031375812574e-02	7.785873539720354619e-02
1.185737479366910065e+03	2.535966632394849318e-01	1.570909145324286271e-01	2.536049728155627681e-01	1.530471736091039148e-01	7.399398195887096907e-02	3.075205054453854225e-02	7.791424329998547504e-02
1.187188810431006686e+03	2.533910427825271650e-01	1.569564450219972651e-01	2.537433402989499043e-01	1.531336220024898942e-01	7.403007325286389828e-02	3.077581911942222845e-02	7.796965752172480002e-02
1.188640141495103080e+03	2.531857741953477126e-01	1.568222055820271688e-01	2.538814538384935315e-01	1.532199268166992701e-01	7.406610528979890029e-02	3.079955606002976118e-02	7.802497821757886642e-02
1.190091472559199701e+03	2.529808568745809949e-01	1.566881958176848111e-01	2.540193138916265747e-01	1.533060883120391515e-01	7.410207817345880466e-02	3.082326138808213351e-02	7.808020554250259815e-02
1.191542803623296322e+03	2.527762902179007121e-01	1.565544153348197576e-01	2.541569209149602271e-01	1.533921067482319489e-01	7.413799200741437445e-02	3.084693512539994284e-02	7.813533965124809522e-02
1.192994134687392716e+03	2.525720736240175124e-01	1.564208637399634449e-01	2.542942753642850606e-01	1.534779823844172886e-01	7.417384689502476425e-02	3.087057729390261379e-02	7.819038069836428684e-02
1.194445465751489564e+03	2.523682064926776047e-01	1.562875406403281264e-01	2.544313776945728578e-01	1.535637154791540115e-01	7.420964293943820012e-02	3.089418791560761407e-02	7.824532883819663998e-02
1.195896796815585958e+03	2.521646882246605936e-01	1.561544456438053730e-01	2.545682283599779439e-01	1.536493062904220330e-01	7.424538024359256250e-02	3.091776701262968427e-02	7.830018422488684016e-02
1.197348127879682352e+03	2.519615182217780358e-01	1.560215783589651017e-01	2.547048278138391852e-01	1.537347550756243131e-01	7.428105891021594132e-02	3.094131460718003990e-02	7.835494701237244453e-02
1.198799458943779200e+03	2.517586958868713309e-01	1.558889383950542717e-01	2.548411765086812109e-01	1.538200620915887995e-01	7.431667904182727435e-02	3.096483072156562197e-02	7.840961735438657654e-02
1.200250790007875821e+03	2.515562206238101117e-01	1.557565253619956902e-01	2.549772748962161328e-01	1.539052275945703152e-01	7.435224074073686074e-02	3.098831537818832332e-02	7.846419540445763452e-02
1.201702121071972442e+03	2.513540918374904676e-01	1.556243388703868469e-01	2.551131234273450454e-01	1.539902518402523901e-01	7.438774410904698542e-02	3.101176859954421494e-02	7.851868131590902800e-02
1.203153452136069063e+03	2.511523089338331127e-01	1.554923785314985540e-01	2.552487225521598013e-01	1.540751350837493150e-01	7.442318924865251595e-02	3.103519040822280695e-02	7.857307524185884462e-02
1.204604783200165684e+03	2.509508713197814989e-01	1.553606439572739750e-01	2.553840727199444549e-01	1.541598775796078069e-01	7.445857626124141593e-02	3.105858082690628186e-02	7.862737733521955874e-02
1.206056114264262078e+03	2.507497784033003163e-01	1.552291347603272920e-01	2.555191743791764836e-01	1.542444795818090075e-01	7.449390524829536953e-02	3.108193987836874519e-02	7.868158774869780936e-02
1.207507445328358699e+03	2.505490295933733291e-01	1.550978505539424568e-01	2.556540279775289526e-01	1.543289413437703983e-01	7.452917631109033658e-02	3.110526758547548995e-02	7.873570663479410869e-02
1.208958776392455093e+03	2.503486243000019318e-01	1.549667909520721920e-01	2.557886339618715699e-01	1.544132631183474935e-01	7.456438955069712160e-02	3.112856397118222637e-02	7.878973414580255075e-02
1.210410107456551941e+03	2.501485619342032618e-01	1.548359555693365752e-01	2.559229927782725178e-01	1.544974451578358110e-01	7.459954506798194274e-02	3.115182905853437420e-02	7.884367043381058926e-02
1.211861438520648335e+03	2.499488419080084234e-01	1.547053440210220399e-01	2.560571048719998410e-01	1.545814877139726207e-01	7.463464296360698691e-02	3.117506287066631673e-02	7.889751565069880179e-02
1.213312769584745183e+03	2.497494636344607666e-01	1.545749559230801540e-01	2.561909706875230563e-01	1.546653910379388042e-01	7.466968333803096491e-02	3.119826543080066877e-02	7.895126994814061216e-02
1.214764100648841804e+03	2.495504265276140277e-01	1.544447908921263157e-01	2.563245906685146513e-01	1.547491553803607423e-01	7.470466629150969429e-02	3.122143676224754458e-02	7.900493347760209617e-02
1.216215431712937971e+03	2.493517300025306915e-01	1.543148485454386432e-01	2.564579652578516389e-01	1.548327809913119246e-01	7.473959192409664054e-02	3.124457688840384662e-02	7.905850639034170402e-02
1.217666762777034819e+03	2.491533734752801876e-01	1.541851285009568362e-01	2.565910948976171113e-01	1.549162681203149483e-01	7.477446033564347228e-02	3.126768583275253699e-02	7.911198883741005217e-02
1.219118093841131440e+03	2.489553563629371136e-01	1.540556303772809554e-01	2.567239800291016283e-01	1.549996170163431553e-01	7.480927162580058853e-02	3.129076361886194702e-02	7.916538096964974291e-02
1.220569424905228061e+03	2.487576780835795698e-01	1.539263537936703397e-01	2.568566210928048266e-01	1.550828279278225197e-01	7.484402589401772943e-02	3.131381027038501741e-02	7.921868293769510072e-02
1.222020755969324682e+03	2.485603380562873277e-01	1.537972983700422458e-01	2.569890185284370299e-01	1.551659011026333412e-01	7.487872323954446185e-02	3.133682581105864950e-02	7.927189489197199179e-02
1.223472087033421303e+03	2.483633357011401088e-01	1.536684637269709053e-01	2.571211727749205811e-01	1.552488367881121323e-01	7.491336376143076237e-02	3.135981026470295585e-02	7.932501698269761592e-02
1.224923418097517697e+03	2.481666704392158640e-01	1.535398494856862195e-01	2.572530842703913967e-01	1.553316352310530890e-01	7.494794755852755841e-02	3.138276365522057326e-02	7.937804935988032606e-02
1.226374749161614318e+03	2.479703416925889969e-01	1.534114552680725663e-01	2.573847534522006320e-01	1.554142966777102008e-01	7.498247472948721404e-02	3.140568600659598975e-02	7.943099217331944795e-02
1.227826080225710712e+03	2.477743488843287822e-01	1.532832806966677452e-01	2.575161807569157912e-01	1.554968213737986382e-01	7.501694537276415442e-02	3.142857734289482285e-02	7.948384557260508576e-02
1.229277411289807560e+03	2.475786914384973947e-01	1.531553253946617843e-01	2.576473666203227264e-01	1.555792095644967510e-01	7.505135958661535156e-02	3.145143768826315356e-02	7.953660970711791400e-02
1.230728742353903954e+03	2.473833687801483550e-01	1.530275889858957461e-01	2.577783114774266360e-01	1.556614614944476227e-01	7.508571746910082390e-02	3.147426706692682541e-02	7.958928472602902482e-02
1.232180073418000802e+03	2.471883803353248366e-01	1.529000710948605624e-01	2.579090157624540081e-01	1.557435774077607915e-01	7.512001911808428856e-02	3.149706550319076453e-02	7.964187077829981698e-02
1.233631404482097196e+03	2.469937255310577784e-01	1.527727713466960346e-01	2.580394799088536195e-01	1.558255575480140542e-01	7.515426463123353606e-02	3.151983302143831350e-02	7.969436801268177384e-02
1.235082735546193817e+03	2.467994037953642472e-01	1.526456893671894188e-01	2.581697043492983679e-01	1.559074021582550762e-01	7.518845410602108259e-02	3.154256964613056519e-02	7.974677657771631067e-02
1.236534066610290438e+03	2.466054145572458001e-01	1.525188247827745369e-01	2.582996895156867145e-01	1.559891114810030288e-01	7.522258763972460016e-02	3.156527540180566888e-02	7.979909662173463591e-02
1.237985397674387059e+03	2.464117572466867079e-01	1.523921772205305003e-01	2.584294358391440172e-01	1.560706857582503659e-01	7.525666532942754117e-02	3.158795031307817802e-02	7.985132829285765399e-02
1.239436728738483680e+03	2.462184312946521791e-01	1.522657463081805440e-01	2.585589437500240839e-01	1.561521252314644614e-01	7.529068727201955469e-02	3.161059440463838410e-02	7.990347173899575717e-02
1.240888059802580301e+03	2.460254361330868333e-01	1.521395316740909998e-01	2.586882136779104502e-01	1.562334301415892190e-01	7.532465356419706937e-02	3.163320770125165743e-02	7.995552710784871453e-02
1.242339390866676695e+03	2.458327711949128136e-01	1.520135329472699914e-01	2.588172460516182105e-01	1.563146007290467099e-01	7.535856430246379301e-02	3.165579022775780876e-02	8.000749454690553319e-02
1.243790721930773088e+03	2.456404359140282045e-01	1.518877497573664637e-01	2.589460412991951843e-01	1.563956372337390044e-01	7.539241958313125380e-02	3.167834200907042319e-02	8.005937420344438893e-02
1.245242052994869937e+03	2.454484297253052838e-01	1.517621817346690161e-01	2.590745998479232481e-01	1.564765398950494768e-01	7.542621950231924444e-02	3.170086307017618010e-02	8.011116622453243186e-02
1.246693384058966330e+03	2.452567520645888288e-01	1.516368285101046265e-01	2.592029221243202231e-01	1.565573089518447480e-01	7.545996415595641882e-02	3.172335343613428421e-02	8.016287075702573095e-02
1.248144715123063179e+03	2.450654023686944794e-01	1.515116897152377073e-01	2.593310085541409848e-01	1.566379446424761290e-01	7.549365363978070842e-02	3.174581313207575778e-02	8.021448794756914913e-02
1.249596046187159800e+03	2.448743800754069611e-01	1.513867649822688566e-01	2.594588595623787963e-01	1.567184472047812860e-01	7.552728804933990514e-02	3.176824218320282306e-02	8.026601794259621836e-02
1.251047377251256421e+03	2.446836846234785035e-01	1.512620539440338308e-01	2.595864755732672502e-01	1.567988168760857670e-01	7.556086747999216091e-02	3.179064061478829167e-02	8.031746088832907027e-02
1.252498708315352815e+03	2.444933154526270636e-01	1.511375562340023238e-01	2.597138570102811017e-01	1.568790538932047507e-01	7.559439202690643178e-02	3.181300845217487766e-02	8.036881693077829736e-02
1.253950039379449436e+03	2.443032720035347438e-01	1.510132714862768843e-01	2.598410042961381006e-01	1.569591584924444894e-01	7.562786178506303303e-02	3.183534572077464930e-02	8.042008621574292526e-02
1.255401370443546057e+03	2.441135537178460158e-01	1.508891993355918615e-01	2.599679178528002677e-01	1.570391309096039467e-01	7.566127684925411101e-02	3.185765244606833524e-02	8.047126888881030171e-02
1.256852701507642678e+03	2.439241600381661934e-01	1.507653394173121830e-01	2.600945981014752273e-01	1.571189713799763799e-01	7.569463731408412888e-02	3.187992865360474853e-02	8.052236509535599940e-02
1.258304032571739299e+03	2.437350904080595182e-01	1.506416913674322733e-01	2.602210454626178171e-01	1.571986801383508658e-01	7.572794327397040781e-02	3.190217436900014830e-02	8.057337498054373270e-02
1.259755363635835920e+03	2.435463442720477989e-01	1.505182548225750261e-01	2.603472603559314758e-01	1.572782574190139393e-01	7.576119482314355724e-02	3.192438961793761520e-02	8.062429868932535770e-02
1.261206694699932314e+03	2.433579210756084688e-01	1.503950294199905557e-01	2.604732432003695197e-01	1.573577034557510357e-01	7.579439205564804383e-02	3.194657442616646859e-02	8.067513636644070563e-02
1.262658025764028707e+03	2.431698202651731699e-01	1.502720147975551979e-01	2.605989944141365311e-01	1.574370184818480733e-01	7.582753506534258003e-02	3.196872881950164891e-02	8.072588815641761062e-02
1.264109356828125556e+03	2.429820412881258662e-01	1.501492105937703436e-01	2.607245144146899674e-01	1.575162027300930079e-01	7.586062394590069313e-02	3.199085282382312101e-02	8.077655420357177096e-02
1.265560687892221949e+03	2.427945835928013163e-01	1.500266164477614128e-01	2.608498036187414382e-01	1.575952564327773586e-01	7.589365879081118316e-02	3.201294646507524266e-02	8.082713465200676295e-02
1.267012018956318798e+03	2.426074466284835196e-01	1.499042319992766603e-01	2.609748624422580376e-01	1.576741798216977353e-01	7.592663969337859475e-02	3.203500976926621641e-02	8.087762964561397150e-02
1.268463350020415419e+03	2.424206298454038566e-01	1.497820568886860382e-01	2.610996913004638431e-01	1.577529731281572811e-01	7.595956674672370290e-02	3.205704276246745116e-02	8.092803932807250689e-02
1.269914681084511813e+03	2.422341326947395068e-01	1.496600907569803351e-01	2.612242906078411919e-01	1.578316365829673107e-01	7.599244004378402639e-02	3.207904547081300711e-02	8.097836384284923250e-02
1.271366012148608434e+03	2.420479546286119221e-01	1.495383332457697889e-01	2.613486607781324023e-01	1.579101704164486419e-01	7.602525967731423029e-02	3.210101792049897818e-02	8.102860333319866770e-02
1.272817343212705055e+03	2.418620951000850783e-01	1.494167839972832257e-01	2.614728022243404948e-01	1.579885748584332616e-01	7.605802573988665327e-02	3.212296013778293685e-02	8.107875794216297394e-02
1.274268674276801676e+03	2.416765535631638928e-01	1.492954426543667834e-01	2.615967153587312466e-01	1.580668501382656577e-01	7.609073832389179337e-02	3.214487214898332362e-02	8.112882781257195475e-02
1.275720005340898297e+03	2.414913294727924487e-01	1.491743088604829681e-01	2.617204005928341348e-01	1.581449964848044287e-01	7.612339752153876593e-02	3.216675398047890572e-02	8.117881308704300025e-02
1.277171336404994690e+03	2.413064222848526619e-01	1.490533822597095159e-01	2.618438583374439466e-01	1.582230141264236445e-01	7.615600342485571994e-02	3.218860565870815954e-02	8.122871390798105939e-02
1.278622667469091539e+03	2.411218314561623111e-01	1.489326624967382273e-01	2.619670890026221111e-01	1.583009032910143166e-01	7.618855612569039315e-02	3.221042721016873639e-02	8.127853041757863994e-02
1.280073998533187932e+03	2.409375564444736217e-01	1.488121492168740789e-01	2.620900929976978655e-01	1.583786642059859806e-01	7.622105571571051452e-02	3.223221866141687264e-02	8.132826275781580849e-02
1.281525329597284326e+03	2.407535967084716011e-01	1.486918420660339468e-01	2.622128707312698648e-01	1.584562970982680286e-01	7.625350228640428996e-02	3.225398003906684158e-02	8.137791107046016270e-02
1.282976660661381175e+03	2.405699517077724003e-01	1.485717406907456073e-01	2.623354226112074028e-01	1.585338021943111797e-01	7.628589592908088801e-02	3.227571136979037747e-02	8.142747549706683130e-02
1.284427991725477568e+03	2.403866209029217604e-01	1.484518447381467376e-01	2.624577490446518557e-01	1.586111797200888962e-01	7.631823673487084236e-02	3.229741268031612045e-02	8.147695617897844633e-02
1.285879322789574417e+03	2.402036037553932635e-01	1.483321538559836672e-01	2.625798504380179588e-01	1.586884299010988819e-01	7.635052479472659304e-02	3.231908399742906141e-02	8.152635325732521254e-02
1.287330653853671038e+03	2.400208997275868616e-01	1.482126676926104891e-01	2.627017271969951939e-01	1.587655529623644424e-01	7.638276019942284722e-02	3.234072534797000076e-02	8.157566687302483799e-02
1.288781984917767431e+03	2.398385082828271564e-01	1.480933858969878392e-01	2.628233797265490113e-01	1.588425491284359281e-01	7.641494303955710665e-02	3.236233675883497252e-02	8.162489716678260343e-02
1.290233315981864052e+03	2.396564288853619273e-01	1.479743081186819242e-01	2.629448084309224387e-01	1.589194186233921224e-01	7.644707340555008390e-02	3.238391825697472387e-02	8.167404427909132070e-02
