1.001418434226643626e+03	2.800267153030568390e-01	1.806210646478170756e-01	2.347659298591751320e-01	1.409888988559447331e-01	6.810504496653646545e-02	2.668332370486145230e-02	6.880902266240127019e-02
1.002869765290740247e+03	2.797726701313509867e-01	1.804548777593401321e-01	2.349441812851888189e-01	1.410965757277046206e-01	6.815006475003118624e-02	2.670711759180935743e-02	6.887451275436788645e-02
1.004321096354836754e+03	2.795190560776389388e-01	1.802889700000900319e-01	2.351220969299583630e-01	1.412040790712413008e-01	6.819501726857273016e-02	2.673087387959081906e-02	6.893990677270094014e-02
1.005772427418933376e+03	2.792658724204017950e-01	1.801233408895983878e-01	2.352996774347179965e-01	1.413114091675645445e-01	6.823990260787969608e-02	2.675459263108485169e-02	6.900520484854578973e-02
1.007223758483029997e+03	2.790131184393066510e-01	1.799579899482440237e-01	2.354769234394303579e-01	1.414185662972054225e-01	6.828472085372061517e-02	2.677827390906524496e-02	6.907040711282078083e-02
1.008675089547126618e+03	2.787607934152041000e-01	1.797929166972515591e-01	2.356538355827891562e-01	1.415255507402173873e-01	6.832947209191106430e-02	2.680191777620074753e-02	6.913551369621917519e-02
1.010126420611223239e+03	2.785088966301265678e-01	1.796281206586897716e-01	2.358304145022221132e-01	1.416323627761775505e-01	6.837415640831086272e-02	2.682552429505523015e-02	6.920052472921112141e-02
1.011577751675319632e+03	2.782574273672867027e-01	1.794636013554700427e-01	2.360066608338939609e-01	1.417390026841878203e-01	6.841877388882132427e-02	2.684909352808786953e-02	6.926544034204550060e-02
1.013029082739416367e+03	2.780063849110754881e-01	1.792993583113449696e-01	2.361825752127091060e-01	1.418454707428760397e-01	6.846332461938250957e-02	2.687262553765330450e-02	6.933026066475181381e-02
1.014480413803512761e+03	2.777557685470604110e-01	1.791353910509067004e-01	2.363581582723144892e-01	1.419517672303972078e-01	6.850780868597060314e-02	2.689612038600183719e-02	6.939498582714197228e-02
1.015931744867609382e+03	2.775055775619837406e-01	1.789716990995854073e-01	2.365334106451024987e-01	1.420578924244345898e-01	6.855222617459527656e-02	2.691957813527956836e-02	6.945961595881217088e-02
1.017383075931706003e+03	2.772558112437604194e-01	1.788082819836478987e-01	2.367083329622137466e-01	1.421638466022008274e-01	6.859657717129719057e-02	2.694299884752859864e-02	6.952415118914453962e-02
1.018834406995802851e+03	2.770064688814767306e-01	1.786451392301960095e-01	2.368829258535397608e-01	1.422696300404391878e-01	6.864086176214537205e-02	2.696638258468718463e-02	6.958859164730893387e-02
1.020285738059899245e+03	2.767575497653882444e-01	1.784822703671650745e-01	2.370571899477260103e-01	1.423752430154245630e-01	6.868508003323486877e-02	2.698972940858991587e-02	6.965293746226458582e-02
1.021737069123995752e+03	2.765090531869179857e-01	1.783196749233223466e-01	2.372311258721744587e-01	1.424806858029646350e-01	6.872923207068426521e-02	2.701303938096788482e-02	6.971718876276176979e-02
1.023188400188092373e+03	2.762609784386546585e-01	1.781573524282656917e-01	2.374047342530463678e-01	1.425859586784009592e-01	6.877331796063332336e-02	2.703631256344886380e-02	6.978134567734349536e-02
1.024639731252188767e+03	2.760133248143509799e-01	1.779953024124219518e-01	2.375780157152652394e-01	1.426910619166101291e-01	6.881733778924067901e-02	2.705954901755746461e-02	6.984540833434703389e-02
1.026091062316285615e+03	2.757660916089216818e-01	1.778335244070453625e-01	2.377509708825192580e-01	1.427959957920048040e-01	6.886129164268151026e-02	2.708274880471531545e-02	6.990937686190551448e-02
1.027542393380382237e+03	2.755192781184419570e-01	1.776720179442162484e-01	2.379236003772643437e-01	1.429007605785348467e-01	6.890517960714534484e-02	2.710591198624123094e-02	6.997325138794945054e-02
1.028993724444478858e+03	2.752728836401455714e-01	1.775107825568393860e-01	2.380959048207266782e-01	1.430053565496882950e-01	6.894900176883386744e-02	2.712903862335137167e-02	7.003703204020828021e-02
1.030445055508575479e+03	2.750269074724228657e-01	1.773498177786425323e-01	2.382678848329054799e-01	1.431097839784925552e-01	6.899275821395872699e-02	2.715212877715943857e-02	7.010071894621183741e-02
1.031896386572671872e+03	2.747813489148193677e-01	1.771891231441749259e-01	2.384395410325756970e-01	1.432140431375154288e-01	6.903644902873944111e-02	2.717518250867681506e-02	7.016431223329180900e-02
1.033347717636768493e+03	2.745362072680335719e-01	1.770286981888058719e-01	2.386108740372907544e-01	1.433181342988661122e-01	6.908007429940132837e-02	2.719819987881275103e-02	7.022781202858316418e-02
1.034799048700865114e+03	2.742914818339153293e-01	1.768685424487231039e-01	2.387818844633852189e-01	1.434220577341963343e-01	6.912363411217345432e-02	2.722118094837452235e-02	7.029121845902558396e-02
1.036250379764961508e+03	2.740471719154643493e-01	1.767086554609315074e-01	2.389525729259774078e-01	1.435258137147013002e-01	6.916712855328670251e-02	2.724412577806761826e-02	7.035453165136477949e-02
1.037701710829058356e+03	2.738032768168279230e-01	1.765490367632513991e-01	2.391229400389721094e-01	1.436294025111208017e-01	6.921055770897170667e-02	2.726703442849588363e-02	7.041775173215390760e-02
1.039153041893154750e+03	2.735597958432994248e-01	1.763896858943172774e-01	2.392929864150632746e-01	1.437328243937401884e-01	6.925392166545700501e-02	2.728990696016169934e-02	7.048087882775484758e-02
1.040604372957251599e+03	2.733167283013164806e-01	1.762306023935762411e-01	2.394627126657366267e-01	1.438360796323914503e-01	6.929722050896715280e-02	2.731274343346615577e-02	7.054391306433958897e-02
1.042055704021347992e+03	2.730740734984593021e-01	1.760717858012864345e-01	2.396321194012723810e-01	1.439391684964541618e-01	6.934045432572086276e-02	2.733554390870921239e-02	7.060685456789142500e-02
1.043507035085444613e+03	2.728318307434484669e-01	1.759132356585157708e-01	2.398012072307476594e-01	1.440420912548565913e-01	6.938362320192918709e-02	2.735830844608986429e-02	7.066970346420622939e-02
1.044958366149541234e+03	2.725899993461436965e-01	1.757549515071402668e-01	2.399699767620394331e-01	1.441448481760765066e-01	6.942672722379375494e-02	2.738103710570631566e-02	7.073245987889371922e-02
1.046409697213637855e+03	2.723485786175418588e-01	1.755969328898427384e-01	2.401384286018268810e-01	1.442474395281424238e-01	6.946976647750499612e-02	2.740372994755613939e-02	7.079512393737864839e-02
1.047861028277734476e+03	2.721075678697751909e-01	1.754391793501112184e-01	2.403065633555939995e-01	1.443498655786344398e-01	6.951274104924047570e-02	2.742638703153644705e-02	7.085769576490200117e-02
1.049312359341831097e+03	2.718669664161092459e-01	1.752816904322375691e-01	2.404743816276324053e-01	1.444521265946851762e-01	6.955565102516320097e-02	2.744900841744405892e-02	7.092017548652213010e-02
1.050763690405927491e+03	2.716267735709416709e-01	1.751244656813159828e-01	2.406418840210437227e-01	1.445542228429808618e-01	6.959849649141992833e-02	2.747159416497566009e-02	7.098256322711594957e-02
1.052215021470024112e+03	2.713869886497999873e-01	1.749675046432416226e-01	2.408090711377422199e-01	1.446561545897623036e-01	6.964127753413965061e-02	2.749414433372797395e-02	7.104485911138004595e-02
1.053666352534120733e+03	2.711476109693400915e-01	1.748108068647090674e-01	2.409759435784574744e-01	1.447579221008257477e-01	6.968399423943190396e-02	2.751665898319791484e-02	7.110706326383173237e-02
1.055117683598217127e+03	2.709086398473442014e-01	1.746543718932108968e-01	2.411425019427367034e-01	1.448595256415239063e-01	6.972664669338528298e-02	2.753913817278277887e-02	7.116917580881021443e-02
1.056569014662313975e+03	2.706700746027193016e-01	1.744981992770362200e-01	2.413087468289475956e-01	1.449609654767669842e-01	6.976923498206588636e-02	2.756158196178037922e-02	7.123119687047763104e-02
1.058020345726410369e+03	2.704319145554954784e-01	1.743422885652693433e-01	2.414746788342806427e-01	1.450622418710234562e-01	6.981175919151585973e-02	2.758399040938923352e-02	7.129312657282002585e-02
1.059471676790506763e+03	2.701941590268239768e-01	1.741866393077881603e-01	2.416402985547517202e-01	1.451633550883211499e-01	6.985421940775192462e-02	2.760636357470871646e-02	7.135496503964844361e-02
1.060923007854603611e+03	2.699568073389753131e-01	1.740312510552628755e-01	2.418056065852047520e-01	1.452643053922481053e-01	6.989661571676387963e-02	2.762870151673922289e-02	7.141671239459995713e-02
1.062374338918700232e+03	2.697198588153378318e-01	1.738761233591544497e-01	2.419706035193140703e-01	1.453650930459535751e-01	6.993894820451330985e-02	2.765100429438233434e-02	7.147836876113861093e-02
1.063825669982796853e+03	2.694833127804157624e-01	1.737212557717132677e-01	2.421352899495869127e-01	1.454657183121488284e-01	6.998121695693207411e-02	2.767327196644098555e-02	7.153993426255639276e-02
1.065277001046893474e+03	2.692471685598274989e-01	1.735666478459776396e-01	2.422996664673660872e-01	1.455661814531082343e-01	7.002342205992102830e-02	2.769550459161962755e-02	7.160140902197419110e-02
1.066728332110990095e+03	2.690114254803037674e-01	1.734122991357724131e-01	2.424637336628323037e-01	1.456664827306700383e-01	7.006556359934866529e-02	2.771770222852438376e-02	7.166279316234275276e-02
1.068179663175086489e+03	2.687760828696860171e-01	1.732582091957075299e-01	2.426274921250068106e-01	1.457666224062373894e-01	7.010764166104987982e-02	2.773986493566321654e-02	7.172408680644359880e-02
1.069630994239183110e+03	2.685411400569245877e-01	1.731043775811766106e-01	2.427909424417536710e-01	1.458666007407791176e-01	7.014965633082458074e-02	2.776199277144609373e-02	7.178529007688987107e-02
1.071082325303279504e+03	2.683065963720768776e-01	1.729508038483555110e-01	2.429540851997824269e-01	1.459664179948307328e-01	7.019160769443655301e-02	2.778408579418514129e-02	7.184640309612730369e-02
1.072533656367376352e+03	2.680724511463058457e-01	1.727974875542009903e-01	2.431169209846504586e-01	1.460660744284953128e-01	7.023349583761213932e-02	2.780614406209482026e-02	7.190742598643502792e-02
1.073984987431472746e+03	2.678387037118779568e-01	1.726444282564491839e-01	2.432794503807655107e-01	1.461655703014443641e-01	7.027532084603907436e-02	2.782816763329206897e-02	7.196835886992644649e-02
1.075436318495569594e+03	2.676053534021616831e-01	1.724916255136142995e-01	2.434416739713881062e-01	1.462649058729186546e-01	7.031708280536530520e-02	2.785015656579648349e-02	7.202920186855009399e-02
1.076887649559666215e+03	2.673723995516256169e-01	1.723390788849871735e-01	2.436035923386338786e-01	1.463640814017292402e-01	7.035878180119785330e-02	2.787211091753045988e-02	7.208995510409042795e-02
1.078338980623762609e+03	2.671398414958366940e-01	1.721867879306338556e-01	2.437652060634762363e-01	1.464630971462581588e-01	7.040041791910163493e-02	2.789403074631937457e-02	7.215061869816864759e-02
1.079790311687859230e+03	2.669076785714588063e-01	1.720347522113941374e-01	2.439265157257485828e-01	1.465619533644594852e-01	7.044199124459835093e-02	2.791591610989173355e-02	7.221119277224349875e-02
1.081241642751955851e+03	2.666759101162504697e-01	1.718829712888803041e-01	2.440875219041468980e-01	1.466606503138601358e-01	7.048350186316547361e-02	2.793776706587933201e-02	7.227167744761203716e-02
1.082692973816052472e+03	2.664445354690635481e-01	1.717314447254756349e-01	2.442482251762319312e-01	1.467591882515606183e-01	7.052494986023508106e-02	2.795958367181741733e-02	7.233207284541041948e-02
1.084144304880149093e+03	2.662135539698414211e-01	1.715801720843330713e-01	2.444086261184318376e-01	1.468575674342360582e-01	7.056633532119284402e-02	2.798136598514485221e-02	7.239237908661459719e-02
1.085595635944245487e+03	2.659829649596171519e-01	1.714291529293736904e-01	2.445687253060444821e-01	1.469557881181369485e-01	7.060765833137702674e-02	2.800311406320426730e-02	7.245259629204113538e-02
1.087046967008342108e+03	2.657527677805118782e-01	1.712783868252855390e-01	2.447285233132397431e-01	1.470538505590900102e-01	7.064891897607745996e-02	2.802482796324222425e-02	7.251272458234789275e-02
1.088498298072438729e+03	2.655229617757329241e-01	1.711278733375220518e-01	2.448880207130620656e-01	1.471517550124991358e-01	7.069011734053451401e-02	2.804650774240937880e-02	7.257276407803471552e-02
1.089949629136535123e+03	2.652935462895723018e-01	1.709776120323007742e-01	2.450472180774326825e-01	1.472495017333460832e-01	7.073125350993818283e-02	2.806815345776062995e-02	7.263271489944417292e-02
1.091400960200631971e+03	2.650645206674047683e-01	1.708276024766019197e-01	2.452061159771520837e-01	1.473470909761914194e-01	7.077232756942712644e-02	2.808976516625528996e-02	7.269257716676223724e-02
1.092852291264728365e+03	2.648358842556862713e-01	1.706778442381669814e-01	2.453647149819023487e-01	1.474445229951753256e-01	7.081333960408772721e-02	2.811134292475722662e-02	7.275235100001896382e-02
1.094303622328825213e+03	2.646076364019520621e-01	1.705283368854975112e-01	2.455230156602494496e-01	1.475417980440184573e-01	7.085428969895320173e-02	2.813288679003504017e-02	7.281203651908911556e-02
1.095754953392921607e+03	2.643797764548151963e-01	1.703790799878535378e-01	2.456810185796456381e-01	1.476389163760226941e-01	7.089517793900267095e-02	2.815439681876221595e-02	7.287163384369287067e-02
1.097206284457018228e+03	2.641523037639646465e-01	1.702300731152523450e-01	2.458387243064319161e-01	1.477358782440719998e-01	7.093600440916031369e-02	2.817587306751726667e-02	7.293114309339639167e-02
1.098657615521114849e+03	2.639252176801635263e-01	1.700813158384670287e-01	2.459961334058401172e-01	1.478326839006333104e-01	7.097676919429449227e-02	2.819731559278390934e-02	7.299056438761253318e-02
1.100108946585211470e+03	2.636985175552475913e-01	1.699328077290251648e-01	2.461532464419954047e-01	1.479293335977572010e-01	7.101747237921694766e-02	2.821872445095121446e-02	7.304989784560139698e-02
1.101560277649308091e+03	2.634722027421234070e-01	1.697845483592074212e-01	2.463100639779185752e-01	1.480258275870789397e-01	7.105811404868189740e-02	2.824009969831375866e-02	7.310914358647094269e-02
1.103011608713404712e+03	2.632462725947667392e-01	1.696365373020462253e-01	2.464665865755283070e-01	1.481221661198189876e-01	7.109869428738532782e-02	2.826144139107179126e-02	7.316830172917765385e-02
1.104462939777501106e+03	2.630207264682206114e-01	1.694887741313243767e-01	2.466228147956435746e-01	1.482183494467840257e-01	7.113921317996411975e-02	2.828274958533137651e-02	7.322737239252702368e-02
1.105914270841597499e+03	2.627955637185938054e-01	1.693412584215737149e-01	2.467787491979858139e-01	1.483143778183677042e-01	7.117967081099534077e-02	2.830402433710456009e-02	7.328635569517416570e-02
1.107365601905694348e+03	2.625707837030591962e-01	1.691939897480738419e-01	2.469343903411813923e-01	1.484102514845513920e-01	7.122006726499544027e-02	2.832526570230952875e-02	7.334525175562443822e-02
1.108816932969790741e+03	2.623463857798518650e-01	1.690469676868505133e-01	2.470897387827637182e-01	1.485059706949050096e-01	7.126040262641950007e-02	2.834647373677075949e-02	7.340406069223390229e-02
1.110268264033887590e+03	2.621223693082675443e-01	1.689001918146746661e-01	2.472447950791756555e-01	1.486015356985878333e-01	7.130067697966055440e-02	2.836764849621916870e-02	7.346278262320993235e-02
1.111719595097984211e+03	2.618987336486609530e-01	1.687536617090607538e-01	2.473995597857716888e-01	1.486969467443492454e-01	7.134089040904881274e-02	2.838879003629227876e-02	7.352141766661171585e-02
1.113170926162080832e+03	2.616754781624437975e-01	1.686073769482655804e-01	2.475540334568203382e-01	1.487922040805295942e-01	7.138104299885102144e-02	2.840989841253436024e-02	7.357996594035079441e-02
1.114622257226177226e+03	2.614526022120836068e-01	1.684613371112868851e-01	2.477082166455062684e-01	1.488873079550608602e-01	7.142113483326974210e-02	2.843097368039660192e-02	7.363842756219159125e-02
1.116073588290273847e+03	2.612301051611016223e-01	1.683155417778620655e-01	2.478621099039326481e-01	1.489822586154674611e-01	7.146116599644269929e-02	2.845201589523725649e-02	7.369680264975186912e-02
1.117524919354370468e+03	2.610079863740711326e-01	1.681699905284667618e-01	2.480157137831233427e-01	1.490770563088671397e-01	7.150113657244208665e-02	2.847302511232179326e-02	7.375509132050334093e-02
1.118976250418467089e+03	2.607862452166160860e-01	1.680246829443136636e-01	2.481690288330252459e-01	1.491717012819716026e-01	7.154104664527395629e-02	2.849400138682305073e-02	7.381329369177200284e-02
1.120427581482563710e+03	2.605648810554091477e-01	1.678796186073509555e-01	2.483220556025104164e-01	1.492661937810873529e-01	7.158089629887759431e-02	2.851494477382140319e-02	7.387140988073873094e-02
1.121878912546660331e+03	2.603438932581699783e-01	1.677347971002612625e-01	2.484747946393783824e-01	1.493605340521164671e-01	7.162068561712488235e-02	2.853585532830489255e-02	7.392944000443973929e-02
1.123330243610756725e+03	2.601232811936638467e-01	1.675902180064600400e-01	2.486272464903583612e-01	1.494547223405572889e-01	7.166041468381968704e-02	2.855673310516939484e-02	7.398738417976699622e-02
1.124781574674853118e+03	2.599030442316996314e-01	1.674458809100945467e-01	2.487794117011113970e-01	1.495487588915052346e-01	7.170008358269731874e-02	2.857757815921877984e-02	7.404524252346872393e-02
1.126232905738949967e+03	2.596831817431284328e-01	1.673017853960422074e-01	2.489312908162326643e-01	1.496426439496535699e-01	7.173969239742387927e-02	2.859839054516504983e-02	7.410301515214984258e-02
1.127684236803046360e+03	2.594636930998415747e-01	1.671579310499096693e-01	2.490828843792537162e-01	1.497363777592941314e-01	7.177924121159572068e-02	2.861917031762849228e-02	7.416070218227238664e-02
1.129135567867143209e+03	2.592445776747692721e-01	1.670143174580310808e-01	2.492341929326445382e-01	1.498299605643180488e-01	7.181873010873893182e-02	2.863991753113784289e-02	7.421830373015597671e-02
1.130586898931239830e+03	2.590258348418786882e-01	1.668709442074671478e-01	2.493852170178159078e-01	1.499233926082166046e-01	7.185815917230872762e-02	2.866063224013042782e-02	7.427581991197820810e-02
1.132038229995336451e+03	2.588074639761724360e-01	1.667278108860035524e-01	2.495359571751215311e-01	1.500166741340817622e-01	7.189752848568897736e-02	2.868131449895232679e-02	7.433325084377509495e-02
1.133489561059432845e+03	2.585894644536869125e-01	1.665849170821497582e-01	2.496864139438601249e-01	1.501098053846072200e-01	7.193683813219163559e-02	2.870196436185850491e-02	7.439059664144150041e-02
1.134940892123529466e+03	2.583718356514905778e-01	1.664422623851377347e-01	2.498365878622778036e-01	1.502027866020888835e-01	7.197608819505624256e-02	2.872258188301298268e-02	7.444785742073146972e-02
1.136392223187626087e+03	2.581545769476822905e-01	1.662998463849206521e-01	2.499864794675700219e-01	1.502956180284256704e-01	7.201527875744945240e-02	2.874316711648897474e-02	7.450503329725871593e-02
1.137843554251722708e+03	2.579376877213895303e-01	1.661576686721714380e-01	2.501360892958839344e-01	1.503882999051203428e-01	7.205440990246451960e-02	2.876372011626904951e-02	7.456212438649692520e-02
1.139294885315819101e+03	2.577211673527671776e-01	1.660157288382817231e-01	2.502854178823204490e-01	1.504808324732800628e-01	7.209348171312082720e-02	2.878424093624527141e-02	7.461913080378024254e-02
1.140746216379915950e+03	2.575050152229953482e-01	1.658740264753602867e-01	2.504344657609364200e-01	1.505732159736173636e-01	7.213249427236337330e-02	2.880472963021935701e-02	7.467605266430356326e-02
1.142197547444012343e+03	2.572892307142780610e-01	1.657325611762320294e-01	2.505832334647469239e-01	1.506654506464506216e-01	7.217144766306242409e-02	2.882518625190282069e-02	7.473289008312293535e-02
1.143648878508108737e+03	2.570738132098414064e-01	1.655913325344363918e-01	2.507317215257271470e-01	1.507575367317049164e-01	7.221034196801294491e-02	2.884561085491713084e-02	7.478964317515592042e-02
1.145100209572205586e+03	2.568587620939320471e-01	1.654503401442263544e-01	2.508799304748146608e-01	1.508494744689127809e-01	7.224917726993423939e-02	2.886600349279384511e-02	7.484631205518199604e-02
1.146551540636302207e+03	2.566440767518155530e-01	1.653095836005668562e-01	2.510278608419116431e-01	1.509412640972147834e-01	7.228795365146946372e-02	2.888636421897477699e-02	7.490289683784284724e-02
1.148002871700398828e+03	2.564297565697746806e-01	1.651690624991338230e-01	2.511755131558868759e-01	1.510329058553604165e-01	7.232667119518529364e-02	2.890669308681213454e-02	7.495939763764275510e-02
1.149454202764495449e+03	2.562158009351076515e-01	1.650287764363126963e-01	2.513228879445779662e-01	1.511243999817086514e-01	7.236532998357139701e-02	2.892699014956867654e-02	7.501581456894890199e-02
1.150905533828591842e+03	2.560022092361269319e-01	1.648887250091971568e-01	2.514699857347934553e-01	1.512157467142286882e-01	7.240393009904012855e-02	2.894725546041784781e-02	7.507214774599177409e-02
1.152356864892688463e+03	2.557889808621570671e-01	1.647489078155879305e-01	2.516168070523147615e-01	1.513069462905007878e-01	7.244247162392608574e-02	2.896748907244393531e-02	7.512839728286541119e-02
1.153808195956785084e+03	2.555761152035333494e-01	1.646093244539914291e-01	2.517633524218986785e-01	1.513979989477168275e-01	7.248095464048576186e-02	2.898769103864222083e-02	7.518456329352779521e-02
1.155259527020881706e+03	2.553636116516000976e-01	1.644699745236186117e-01	2.519096223672789292e-01	1.514889049226810502e-01	7.251937923089712967e-02	2.900786141191912318e-02	7.524064589180114171e-02
1.156710858084978327e+03	2.551514695987091574e-01	1.643308576243834862e-01	2.520556174111688308e-01	1.515796644518107861e-01	7.255774547725928059e-02	2.902800024509234397e-02	7.529664519137220513e-02
1.158162189149074720e+03	2.549396884382180151e-01	1.641919733569021100e-01	2.522013380752630152e-01	1.516702777711371464e-01	7.259605346159210548e-02	2.904810759089101330e-02	7.535256130579262579e-02
1.159613520213171569e+03	2.547282675644885752e-01	1.640533213224910913e-01	2.523467848802397051e-01	1.517607451163057175e-01	7.263430326583592000e-02	2.906818350195585279e-02	7.540839434847922129e-02
1.161064851277267962e+03	2.545172063728851075e-01	1.639149011231665343e-01	2.524919583457626571e-01	1.518510667225772548e-01	7.267249497185108986e-02	2.908822803083929362e-02	7.546414443271425021e-02
1.162516182341364356e+03	2.543065042597729142e-01	1.637767123616426235e-01	2.526368589904832151e-01	1.519412428248283486e-01	7.271062866141776715e-02	2.910824123000565686e-02	7.551981167164575903e-02
1.163967513405461204e+03	2.540961606225164982e-01	1.636387546413304028e-01	2.527814873320425870e-01	1.520312736575521462e-01	7.274870441623547401e-02	2.912822315183127148e-02	7.557539617828784584e-02
1.165418844469557826e+03	2.538861748594782308e-01	1.635010275663366375e-01	2.529258438870739534e-01	1.521211594548590729e-01	7.278672231792286673e-02	2.914817384860463392e-02	7.563089806552096561e-02
1.166870175533654447e+03	2.536765463700165202e-01	1.633635307414623428e-01	2.530699291712041332e-01	1.522109004504774155e-01	7.282468244801734714e-02	2.916809337252655038e-02	7.568631744609218004e-02
1.168321506597751068e+03	2.534672745544841455e-01	1.632262637722017851e-01	2.532137436990559154e-01	1.523004968777540435e-01	7.286258488797484056e-02	2.918798177571028593e-02	7.574165443261547670e-02
1.169772837661847461e+03	2.532583588142270359e-01	1.630892262647409552e-01	2.533572879842502790e-01	1.523899489696551868e-01	7.290042971916943504e-02	2.920783911018171031e-02	7.579690913757200499e-02
1.171224168725944082e+03	2.530497985515821613e-01	1.629524178259566247e-01	2.535005625394080586e-01	1.524792569587669899e-01	7.293821702289308984e-02	2.922766542787943317e-02	7.585208167331035367e-02
1.172675499790040703e+03	2.528415931698762553e-01	1.628158380634148750e-01	2.536435678761521650e-01	1.525684210772962623e-01	7.297594688035538568e-02	2.924746078065494984e-02	7.590717215204682844e-02
1.174126830854137097e+03	2.526337420734240946e-01	1.626794865853699590e-01	2.537863045051098054e-01	1.526574415570711440e-01	7.301361937268323332e-02	2.926722522027280782e-02	7.596218068586570171e-02
1.175578161918233945e+03	2.524262446675270000e-01	1.625433630007630526e-01	2.539287729359142598e-01	1.527463186295416886e-01	7.305123458092059596e-02	2.928695879841072824e-02	7.601710738671949019e-02
1.177029492982330339e+03	2.522191003584711155e-01	1.624074669192209497e-01	2.540709736772068794e-01	1.528350525257807235e-01	7.308879258602822560e-02	2.930666156665975505e-02	7.607195236642917691e-02
1.178480824046426733e+03	2.520123085535259100e-01	1.622717979510548969e-01	2.542129072366394738e-01	1.529236434764842945e-01	7.312629346888342707e-02	2.932633357652440070e-02	7.612671573668446101e-02
1.179932155110523581e+03	2.518058686609425667e-01	1.621363557072593997e-01	2.543545741208758093e-01	1.530120917119725255e-01	7.316373731027975280e-02	2.934597487942278843e-02	7.618139760904403535e-02
1.181383486174620202e+03	2.515997800899522074e-01	1.620011397995109181e-01	2.544959748355941631e-01	1.531003974621901464e-01	7.320112419092682232e-02	2.936558552668679795e-02	7.623599809493579460e-02
1.182834817238716823e+03	2.513940422507647265e-01	1.618661498401666732e-01	2.546371098854888770e-01	1.531885609567072704e-01	7.323845419145001701e-02	2.938516556956221812e-02	7.629051730565709899e-02
1.184286148302813444e+03	2.511886545545667926e-01	1.617313854422633701e-01	2.547779797742726338e-01	1.532765824247199204e-01	7.327572739239031352e-02	2.940471505920886491e-02	7.634495535237499630e-02
1.185737479366910065e+03	2.509836164135204606e-01	1.615968462195160882e-01	2.549185850046783997e-01	1.533644620950507798e-01	7.331294387420400627e-02	2.942423404670074447e-02	7.639931234612644395e-02
1.187188810431006686e+03	2.507789272407616177e-01	1.614625317863169485e-01	2.550589260784612566e-01	1.534522001961499127e-01	7.335010371726252698e-02	2.944372258302619533e-02	7.645358839781854488e-02
1.188640141495103080e+03	2.505745864503982068e-01	1.613284417577339203e-01	2.551990034964007337e-01	1.535397969560952369e-01	7.338720700185215329e-02	2.946318071908801683e-02	7.650778361822876961e-02
1.190091472559199701e+03	2.503705934575089498e-01	1.611945757495096831e-01	2.553388177583024166e-01	1.536272526025933283e-01	7.342425380817386993e-02	2.948260850570362523e-02	7.656189811800516443e-02
1.191542803623296322e+03	2.501669476781415713e-01	1.610609333780603225e-01	2.554783693630001684e-01	1.537145673629800313e-01	7.346124421634316060e-02	2.950200599360518552e-02	7.661593200766661504e-02
1.192994134687392716e+03	2.499636485293112165e-01	1.609275142604741637e-01	2.556176588083580725e-01	1.538017414642210978e-01	7.349817830638977201e-02	2.952137323343976411e-02	7.666988539760304089e-02
1.194445465751489564e+03	2.497606954289990078e-01	1.607943180145104956e-01	2.557566865912723753e-01	1.538887751329127973e-01	7.353505615825750574e-02	2.954071027576946062e-02	7.672375839807552000e-02
1.195896796815585958e+03	2.495580877961503796e-01	1.606613442585985430e-01	2.558954532076733179e-01	1.539756685952826665e-01	7.357187785180409334e-02	2.956001717107155022e-02	7.677755111921664988e-02
1.197348127879682352e+03	2.493558250506735241e-01	1.605285926118360518e-01	2.560339591525273573e-01	1.540624220771900088e-01	7.360864346680094650e-02	2.957929396973862923e-02	7.683126367103063070e-02
1.198799458943779200e+03	2.491539066134379199e-01	1.603960626939882061e-01	2.561722049198389972e-01	1.541490358041267272e-01	7.364535308293301830e-02	2.959854072207874359e-02	7.688489616339354293e-02
1.200250790007875821e+03	2.489523319062727225e-01	1.602637541254863518e-01	2.563101910026526764e-01	1.542355100012177960e-01	7.368200677979860891e-02	2.961775747831555533e-02	7.693844870605348607e-02
1.201702121071972442e+03	2.487511003519650987e-01	1.601316665274268858e-01	2.564479178930548220e-01	1.543218448932219267e-01	7.371860463690917131e-02	2.963694428858845362e-02	7.699192140863081457e-02
1.203153452136069063e+03	2.485502113742587837e-01	1.599997995215700075e-01	2.565853860821757371e-01	1.544080407045323455e-01	7.375514673368921414e-02	2.965610120295271088e-02	7.704531438061834603e-02
1.204604783200165684e+03	2.483496643978525820e-01	1.598681527303386085e-01	2.567225960601915991e-01	1.544940976591772375e-01	7.379163314947607966e-02	2.967522827137961811e-02	7.709862773138149994e-02
1.206056114264262078e+03	2.481494588483986741e-01	1.597367257768168847e-01	2.568595483163262916e-01	1.545800159808204677e-01	7.382806396351980494e-02	2.969432554375662711e-02	7.715186157015851975e-02
1.207507445328358699e+03	2.479495941525011460e-01	1.596055182847493925e-01	2.569962433388534029e-01	1.546657958927622478e-01	7.386443925498295537e-02	2.971339306988748236e-02	7.720501600606066717e-02
1.208958776392455093e+03	2.477500697377144900e-01	1.594745298785396059e-01	2.571326816150981687e-01	1.547514376179397189e-01	7.390075910294051365e-02	2.973243089949237014e-02	7.725809114807241640e-02
1.210410107456551941e+03	2.475508850325420229e-01	1.593437601832490280e-01	2.572688636314393595e-01	1.548369413789275895e-01	7.393702358637969929e-02	2.975143908220805392e-02	7.731108710505156523e-02
1.211861438520648335e+03	2.473520394664342203e-01	1.592132088245957755e-01	2.574047898733112238e-01	1.549223073979387466e-01	7.397323278419982995e-02	2.977041766758800959e-02	7.736400398572951254e-02
1.213312769584745183e+03	2.471535324697874125e-01	1.590828754289534408e-01	2.575404608252054306e-01	1.550075358968249495e-01	7.400938677521223807e-02	2.978936670510256082e-02	7.741684189871135546e-02
1.214764100648841804e+03	2.469553634739420356e-01	1.589527596233500373e-01	2.576758769706727903e-01	1.550926270970773846e-01	7.404548563814004891e-02	2.980828624413903172e-02	7.746960095247606981e-02
1.216215431712937971e+03	2.467575319111812715e-01	1.588228610354666670e-01	2.578110387923253644e-01	1.551775812198273041e-01	7.408152945161813885e-02	2.982717633400186821e-02	7.752228125537678760e-02
1.217666762777034819e+03	2.465600372147293828e-01	1.586931792936364660e-01	2.579459467718384635e-01	1.552623984858466366e-01	7.411751829419294113e-02	2.984603702391278729e-02	7.757488291564079708e-02
1.219118093841131440e+03	2.463628788187502139e-01	1.585637140268432999e-01	2.580806013899521467e-01	1.553470791155486530e-01	7.415345224432239035e-02	2.986486836301090880e-02	7.762740604136984801e-02
1.220569424905228061e+03	2.461660561583457474e-01	1.584344648647207920e-01	2.582150031264734413e-01	1.554316233289885496e-01	7.418933138037576980e-02	2.988367040035289773e-02	7.767985074054027661e-02
1.222020755969324682e+03	2.459695686695544947e-01	1.583054314375509364e-01	2.583491524602782308e-01	1.555160313458640031e-01	7.422515578063361430e-02	2.990244318491309256e-02	7.773221712100311653e-02
1.223472087033421303e+03	2.457734157893499971e-01	1.581766133762631255e-01	2.584830498693129197e-01	1.556003033855159479e-01	7.426092552328755758e-02	2.992118676558364748e-02	7.778450529048434869e-02
1.224923418097517697e+03	2.455775969556392713e-01	1.580480103124328739e-01	2.586166958305964880e-01	1.556844396669290753e-01	7.429664068644027675e-02	2.993990119117466778e-02	7.783671535658497065e-02
1.226374749161614318e+03	2.453821116072613662e-01	1.579196218782806527e-01	2.587500908202222116e-01	1.557684404087323893e-01	7.433230134810536738e-02	2.995858651041435547e-02	7.788884742678127415e-02
1.227826080225710712e+03	2.451869591839857809e-01	1.577914477066708343e-01	2.588832353133598274e-01	1.558523058291999275e-01	7.436790758620728803e-02	2.997724277194912731e-02	7.794090160842485904e-02
1.229277411289807560e+03	2.449921391265109938e-01	1.576634874311103329e-01	2.590161297842571431e-01	1.559360361462513445e-01	7.440345947858119369e-02	2.999587002434376398e-02	7.799287800874289689e-02
1.230728742353903954e+03	2.447976508764629355e-01	1.575357406857477438e-01	2.591487747062418689e-01	1.560196315774524944e-01	7.443895710297289414e-02	3.001446831608154189e-02	7.804477673483821432e-02
1.232180073418000802e+03	2.446034938763934907e-01	1.574082071053720111e-01	2.592811705517235610e-01	1.561030923400160697e-01	7.447440053703872909e-02	3.003303769556437200e-02	7.809659789368950111e-02
1.233631404482097196e+03	2.444096675697789434e-01	1.572808863254111789e-01	2.594133177921955635e-01	1.561864186508021557e-01	7.450978985834552648e-02	3.005157821111292815e-02	7.814834159215139353e-02
1.235082735546193817e+03	2.442161714010185336e-01	1.571537779819314473e-01	2.595452168982368968e-01	1.562696107263188694e-01	7.454512514437047765e-02	3.007008991096678935e-02	7.820000793695469632e-02
1.236534066610290438e+03	2.440230048154329590e-01	1.570268817116359794e-01	2.596768683395137001e-01	1.563526687827229700e-01	7.458040647250109567e-02	3.008857284328456463e-02	7.825159703470646599e-02
1.237985397674387059e+03	2.438301672592627922e-01	1.569001971518636795e-01	2.598082725847816188e-01	1.564355930358204139e-01	7.461563392003510431e-02	3.010702705614404229e-02	7.830310899189016349e-02
1.239436728738483680e+03	2.436376581796670937e-01	1.567737239405880556e-01	2.599394301018871367e-01	1.565183837010669932e-01	7.465080756418041030e-02	3.012545259754231125e-02	7.835454391486584846e-02
1.240888059802580301e+03	2.434454770247218569e-01	1.566474617164162197e-01	2.600703413577697964e-01	1.566010409935688907e-01	7.468592748205497844e-02	3.014384951539590685e-02	7.840590190987024866e-02
1.242339390866676695e+03	2.432536232434184820e-01	1.565214101185875839e-01	2.602010068184638647e-01	1.566835651280833186e-01	7.472099375068677607e-02	3.016221785754092874e-02	7.845718308301695421e-02
1.243790721930773088e+03	2.430620962856623879e-01	1.563955687869727773e-01	2.603314269491001642e-01	1.567659563190191840e-01	7.475600644701374531e-02	3.018055767173319359e-02	7.850838754029650091e-02
1.245242052994869937e+03	2.428708956022714027e-01	1.562699373620726195e-01	2.604616022139079057e-01	1.568482147804374505e-01	7.479096564788370594e-02	3.019886900564834956e-02	7.855951538757657837e-02
1.246693384058966330e+03	2.426800206449743758e-01	1.561445154850168160e-01	2.605915330762164639e-01	1.569303407260519978e-01	7.482587143005431374e-02	3.021715190688202893e-02	7.861056673060208555e-02
1.248144715123063179e+03	2.424894708664096787e-01	1.560193027975629032e-01	2.607212199984572099e-01	1.570123343692300111e-01	7.486072387019301888e-02	3.023540642294996264e-02	7.866154167499533889e-02
1.249596046187159800e+03	2.422992457201235961e-01	1.558942989420951941e-01	2.608506634421653980e-01	1.570941959229927021e-01	7.489552304487694101e-02	3.025363260128812598e-02	7.871244032625614173e-02
1.251047377251256421e+03	2.421093446605691035e-01	1.557695035616236123e-01	2.609798638679818872e-01	1.571759256000158089e-01	7.493026903059289701e-02	3.027183048925286696e-02	7.876326278976193696e-02
1.252498708315352815e+03	2.419197671431041474e-01	1.556449162997824709e-01	2.611088217356549723e-01	1.572575236126302622e-01	7.496496190373731772e-02	3.029000013412103468e-02	7.881400917076795964e-02
1.253950039379449436e+03	2.417305126239902291e-01	1.555205368008294731e-01	2.612375375040421610e-01	1.573389901728226847e-01	7.499960174061620632e-02	3.030814158309012504e-02	7.886467957440732035e-02
1.255401370443546057e+03	2.415415805603910449e-01	1.553963647096445744e-01	2.613660116311119497e-01	1.574203254922360018e-01	7.503418861744508284e-02	3.032625488327839527e-02	7.891527410569118550e-02
1.256852701507642678e+03	2.413529704103709594e-01	1.552723996717287891e-01	2.614942445739456001e-01	1.575015297821700244e-01	7.506872261034897020e-02	3.034434008172500613e-02	7.896579286950886067e-02
1.258304032571739299e+03	2.411646816328934240e-01	1.551486413332031911e-01	2.616222367887390821e-01	1.575826032535821430e-01	7.510320379536231106e-02	3.036239722539015029e-02	7.901623597062791549e-02
1.259755363635835920e+03	2.409767136878196714e-01	1.550250893408077479e-01	2.617499887308046280e-01	1.576635461170877162e-01	7.513763224842896771e-02	3.038042636115518766e-02	7.906660351369435014e-02
1.261206694699932314e+03	2.407890660359071344e-01	1.549017433419001277e-01	2.618775008545726757e-01	1.577443585829607087e-01	7.517200804540219439e-02	3.039842753582276680e-02	7.911689560323265091e-02
1.262658025764028707e+03	2.406017381388080856e-01	1.547786029844547551e-01	2.620047736135936445e-01	1.578250408611343858e-01	7.520633126204458174e-02	3.041640079611697065e-02	7.916711234364595673e-02
1.264109356828125556e+03	2.404147294590681105e-01	1.546556679170615345e-01	2.621318074605393234e-01	1.579055931612017849e-01	7.524060197402800132e-02	3.043434618868342753e-02	7.921725383921618402e-02
1.265560687892221949e+03	2.402280394601246649e-01	1.545329377889249345e-01	2.622586028472054798e-01	1.579860156924161874e-01	7.527482025693361944e-02	3.045226376008946731e-02	7.926732019410412389e-02
1.267012018956318798e+03	2.400416676063056032e-01	1.544104122498627107e-01	2.623851602245125814e-01	1.580663086636919790e-01	7.530898618625186947e-02	3.047015355682422544e-02	7.931731151234955313e-02
1.268463350020415419e+03	2.398556133628277909e-01	1.542880909503049069e-01	2.625114800425082939e-01	1.581464722836049830e-01	7.534309983738241012e-02	3.048801562529879564e-02	7.936722789787134524e-02
1.269914681084511813e+03	2.396698761957956336e-01	1.541659735412927723e-01	2.626375627503689802e-01	1.582265067603930986e-01	7.537716128563411166e-02	3.050585001184633743e-02	7.941706945446766475e-02
1.271366012148608434e+03	2.394844555721994950e-01	1.540440596744775403e-01	2.627634087964014764e-01	1.583064123019568836e-01	7.541117060622502810e-02	3.052365676272222189e-02	7.946683628581598102e-02
1.272817343212705055e+03	2.392993509599144752e-01	1.539223490021194296e-01	2.628890186280449237e-01	1.583861891158600543e-01	7.544512787428238332e-02	3.054143592410415650e-02	7.951652849547320712e-02
1.274268674276801676e+03	2.391145618276988571e-01	1.538008411770866168e-01	2.630143926918722674e-01	1.584658374093302069e-01	7.547903316484254332e-02	3.055918754209232049e-02	7.956614618687586626e-02
1.275720005340898297e+03	2.389300876451925792e-01	1.536795358528540156e-01	2.631395314335922553e-01	1.585453573892592061e-01	7.551288655285103013e-02	3.057691166270947586e-02	7.961568946334011965e-02
1.277171336404994690e+03	2.387459278829160148e-01	1.535584326835022773e-01	2.632644352980509916e-01	1.586247492622038791e-01	7.554668811316248012e-02	3.059460833190111653e-02	7.966515842806196068e-02
1.278622667469091539e+03	2.385620820122682506e-01	1.534375313237166250e-01	2.633891047292338250e-01	1.587040132343864596e-01	7.558043792054067178e-02	3.061227759553558636e-02	7.971455318411727053e-02
1.280073998533187932e+03	2.383785495055259496e-01	1.533168314287858824e-01	2.635135401702669578e-01	1.587831495116953373e-01	7.561413604965844248e-02	3.062991949940420747e-02	7.976387383446197077e-02
1.281525329597284326e+03	2.381953298358417126e-01	1.531963326546013082e-01	2.636377420634191671e-01	1.588621582996853909e-01	7.564778257509777171e-02	3.064753408922141556e-02	7.981312048193205111e-02
1.282976660661381175e+03	2.380124224772426911e-01	1.530760346576554298e-01	2.637617108501036367e-01	1.589410398035786820e-01	7.568137757134971166e-02	3.066512141062487443e-02	7.986229322924376373e-02
1.284427991725477568e+03	2.378298269046292546e-01	1.529559370950412389e-01	2.638854469708795114e-01	1.590197942282650378e-01	7.571492111281438731e-02	3.068268150917562165e-02	7.991139217899370650e-02
1.285879322789574417e+03	2.376475425937734642e-01	1.528360396244509423e-01	2.640089508654537842e-01	1.590984217783025234e-01	7.574841327380103795e-02	3.070021443035817962e-02	7.996041743365889243e-02
1.287330653853671038e+03	2.374655690213176573e-01	1.527163419041747405e-01	2.641322229726828508e-01	1.591769226579180518e-01	7.578185412852797564e-02	3.071772021958068741e-02	8.000936909559688837e-02
1.288781984917767431e+03	2.372839056647730593e-01	1.525968435931000233e-01	2.642552637305743413e-01	1.592552970710079119e-01	7.581524375112261294e-02	3.073519892217503602e-02	8.005824726704593997e-02
1.290233315981864052e+03	2.371025520025183408e-01	1.524775443507102035e-01	2.643780735762886747e-01	1.593335452211383230e-01	7.584858221562143510e-02	3.075265058339699334e-02	8.010705205012499941e-02
