1.001418434226643626e+03	2.800364856221146392e-01	1.806220446062518081e-01	2.347718389924308979e-01	1.410150143601658357e-01	6.809306073118678859e-02	2.666207141056043881e-02	6.879948427708225400e-02
1.003837319333471214e+03	2.796134147178984120e-01	1.803452442016328372e-01	2.350687053602134313e-01	1.411948537528411041e-01	6.816787759552589421e-02	2.670146426913451096e-02	6.890844010254641716e-02
1.006256204440298802e+03	2.791915394614153945e-01	1.800692181374706213e-01	2.353646390492629414e-01	1.413742124840969838e-01	6.824250845329281334e-02	2.674075362991561525e-02	6.901712878433824416e-02
1.008675089547126618e+03	2.787708565210235689e-01	1.797939641931510513e-01	2.356596430350361704e-01	1.415530918219993772e-01	6.831695370444437754e-02	2.677993978107670592e-02	6.912555094306128967e-02
1.011093974653954206e+03	2.783513625741915742e-01	1.795194801545883789e-01	2.359537202831204217e-01	1.417314930312620069e-01	6.839121374918333274e-02	2.681902300998785862e-02	6.923370719745894353e-02
1.013512859760782021e+03	2.779330543074751136e-01	1.792457638142052612e-01	2.362468737492707527e-01	1.419094173732579067e-01	6.846528898792593465e-02	2.685800360321846311e-02	6.934159816443902224e-02
1.015931744867609382e+03	2.775159284164941398e-01	1.789728129709131366e-01	2.365391063794466397e-01	1.420868661060309124e-01	6.853917982127059882e-02	2.689688184653944020e-02	6.944922445909752773e-02
1.018350629974437197e+03	2.770999816059096510e-01	1.787006254300924357e-01	2.368304211098487821e-01	1.422638404843067361e-01	6.861288664996750830e-02	2.693565802492541711e-02	6.955658669474183708e-02
1.020769515081264785e+03	2.766852105894004321e-01	1.784291990035731246e-01	2.371208208669552953e-01	1.424403417595043186e-01	6.868640987488917882e-02	2.697433242255692018e-02	6.966368548291308749e-02
1.023188400188092373e+03	2.762716120896401284e-01	1.781585315096150535e-01	2.374103085675579594e-01	1.426163711797466538e-01	6.875974989700187057e-02	2.701290532282256407e-02	6.977052143340803370e-02
1.025607285294920075e+03	2.758591828382743194e-01	1.778886207728886115e-01	2.376988871187981633e-01	1.427919299898717798e-01	6.883290711733794365e-02	2.705137700832121669e-02	6.987709515430018392e-02
1.028026170401747549e+03	2.754479195758970933e-01	1.776194646244552144e-01	2.379865594182026534e-01	1.429670194314435760e-01	6.890588193696897679e-02	2.708974776086417111e-02	6.998340725196051937e-02
1.030445055508575479e+03	2.750378190520283428e-01	1.773510609017479311e-01	2.382733283537189217e-01	1.431416407427624493e-01	6.897867475697985751e-02	2.712801786147731389e-02	7.008945833107732559e-02
1.032863940615402726e+03	2.746288780250908945e-01	1.770834074485523324e-01	2.385591968037504840e-01	1.433157951588758527e-01	6.905128597844358007e-02	2.716618759040327277e-02	7.019524899467573242e-02
1.035282825722230655e+03	2.742210932623870834e-01	1.768165021149871174e-01	2.388441676371921840e-01	1.434894839115888054e-01	6.912371600239680669e-02	2.720425722710358499e-02	7.030077984413657388e-02
1.037701710829058356e+03	2.738144615400763260e-01	1.765503427574851014e-01	2.391282437134648053e-01	1.436627082294741897e-01	6.919596522981623365e-02	2.724222705026084490e-02	7.040605147921467910e-02
1.040120595935886058e+03	2.734089796431518060e-01	1.762849272387739530e-01	2.394114278825499043e-01	1.438354693378832150e-01	6.926803406159570686e-02	2.728009733778082382e-02	7.051106449805674692e-02
1.042539481042713533e+03	2.730046443654179922e-01	1.760202534278572928e-01	2.396937229850242546e-01	1.440077684589553264e-01	6.933992289852400348e-02	2.731786836679462108e-02	7.061581949721863760e-02
1.044958366149541234e+03	2.726014525094674346e-01	1.757563191999956531e-01	2.399751318520941812e-01	1.441796068116284468e-01	6.941163214126332137e-02	2.735554041366080116e-02	7.072031707168220660e-02
1.047377251256368709e+03	2.721994008866583936e-01	1.754931224366875209e-01	2.402556573056295330e-01	1.443509856116489409e-01	6.948316219032847629e-02	2.739311375396751014e-02	7.082455781487161095e-02
1.049796136363196410e+03	2.717984863170915810e-01	1.752306610256506303e-01	2.405353021581976836e-01	1.445219060715815518e-01	6.955451344606670971e-02	2.743058866253458503e-02	7.092854231866928261e-02
1.052215021470024112e+03	2.713987056295876221e-01	1.749689328608028949e-01	2.408140692130972260e-01	1.446923694008190875e-01	6.962568630863813501e-02	2.746796541341569101e-02	7.103227117343131891e-02
1.054633906576851814e+03	2.710000556616645739e-01	1.747079358422439499e-01	2.410919612643914745e-01	1.448623768055923022e-01	6.969668117799679430e-02	2.750524427990041001e-02	7.113574496800245672e-02
1.057052791683679516e+03	2.706025332595148325e-01	1.744476678762363064e-01	2.413689810969418814e-01	1.450319294889794719e-01	6.976749845387236748e-02	2.754242553451635364e-02	7.123896428973076900e-02
1.059471676790506763e+03	2.702061352779827619e-01	1.741881268751867828e-01	2.416451314864410949e-01	1.452010286509159420e-01	6.983813853575235320e-02	2.757950944903124479e-02	7.134192972448172299e-02
1.061890561897334692e+03	2.698108585805421566e-01	1.739293107576279362e-01	2.419204151994461260e-01	1.453696754882036479e-01	6.990860182286491586e-02	2.761649629445504101e-02	7.144464185665207190e-02
1.064309447004162394e+03	2.694167000392733713e-01	1.736712174481995496e-01	2.421948349934110178e-01	1.455378711945204684e-01	6.997888871416223233e-02	2.765338634104198487e-02	7.154710126918320534e-02
1.066728332110990095e+03	2.690236565348410602e-01	1.734138448776302577e-01	2.424683936167195686e-01	1.457056169604296347e-01	7.004899960830436589e-02	2.769017985829269612e-02	7.164930854357420831e-02
1.069147217217817570e+03	2.686317249564716403e-01	1.731571909827190336e-01	2.427410938087177783e-01	1.458729139733889457e-01	7.011893490364362602e-02	2.772687711495626373e-02	7.175126425989447609e-02
1.071566102324645271e+03	2.682409022019306977e-01	1.729012537063169819e-01	2.430129382997461840e-01	1.460397634177600101e-01	7.018869499820949709e-02	2.776347837903229282e-02	7.185296899679610716e-02
1.073984987431472746e+03	2.678511851775006725e-01	1.726460309973090190e-01	2.432839298111720006e-01	1.462061664748172118e-01	7.025828028969399730e-02	2.779998391777298294e-02	7.195442333152583803e-02
1.076403872538300675e+03	2.674625707979583766e-01	1.723915208105956387e-01	2.435540710554211785e-01	1.463721243227570634e-01	7.032769117543750947e-02	2.783639399768517500e-02	7.205562783993672837e-02
1.078822757645127922e+03	2.670750559865529561e-01	1.721377211070748148e-01	2.438233647360101009e-01	1.465376381367068104e-01	7.039692805241509754e-02	2.787270888453241557e-02	7.215658309649947144e-02
1.081241642751955851e+03	2.666886376749832976e-01	1.718846298536238215e-01	2.440918135475772521e-01	1.467027090887336738e-01	7.046599131722319775e-02	2.790892884333699003e-02	7.225728967431341299e-02
1.083660527858783553e+03	2.663033128033757135e-01	1.716322450230813035e-01	2.443594201759148876e-01	1.468673383478534822e-01	7.053488136606683723e-02	2.794505413838198685e-02	7.235774814511730657e-02
1.086079412965611255e+03	2.659190783202621255e-01	1.713805645942292344e-01	2.446261872980002861e-01	1.470315270800396368e-01	7.060359859474718558e-02	2.798108503321331333e-02	7.245795907929972191e-02
1.088498298072438729e+03	2.655359311825574720e-01	1.711295865517749593e-01	2.448921175820269192e-01	1.471952764482317155e-01	7.067214339864956452e-02	2.801702179064173223e-02	7.255792304590920339e-02
1.090917183179266431e+03	2.651538683555376696e-01	1.708793088863333753e-01	2.451572136874355101e-01	1.473585876123441885e-01	7.074051617273177661e-02	2.805286467274490173e-02	7.265764061266413720e-02
1.093336068286093905e+03	2.647728868128176871e-01	1.706297295944091408e-01	2.454214782649449811e-01	1.475214617292750496e-01	7.080871731151289206e-02	2.808861394086937038e-02	7.275711234596239640e-02
1.095754953392921607e+03	2.643929835363293956e-01	1.703808466783788556e-01	2.456849139565832063e-01	1.476838999529143936e-01	7.087674720906239623e-02	2.812426985563261719e-02	7.285633881089063901e-02
1.098173838499749309e+03	2.640141555162995313e-01	1.701326581464733811e-01	2.459475233957175988e-01	1.478459034341528533e-01	7.094460625898964257e-02	2.815983267692504302e-02	7.295532057123345349e-02
1.100592723606577010e+03	2.636363997512277679e-01	1.698851620127602435e-01	2.462093092070855860e-01	1.480074733208901205e-01	7.101229485443366629e-02	2.819530266391198983e-02	7.305405818948222663e-02
1.103011608713404712e+03	2.632597132478646795e-01	1.696383562971259529e-01	2.464702740068248632e-01	1.481686107580432732e-01	7.107981338805340055e-02	2.823068007503572521e-02	7.315255222684372005e-02
1.105430493820231959e+03	2.628840930211900906e-01	1.693922390252585730e-01	2.467304204025036751e-01	1.483293168875551571e-01	7.114716225201811461e-02	2.826596516801744077e-02	7.325080324324852177e-02
1.107849378927059888e+03	2.625095360943912048e-01	1.691468082286300967e-01	2.469897509931508195e-01	1.484895928484026573e-01	7.121434183799831008e-02	2.830115819985924708e-02	7.334881179735923407e-02
1.110268264033887590e+03	2.621360394988405673e-01	1.689020619444792648e-01	2.472482683692855399e-01	1.486494397766049969e-01	7.128135253715672803e-02	2.833625942684615817e-02	7.344657844657836998e-02
1.112687149140715292e+03	2.617636002740745260e-01	1.686579982157939139e-01	2.475059751129472241e-01	1.488088588052318417e-01	7.134819474013984197e-02	2.837126910454804488e-02	7.354410374705616649e-02
1.115106034247542766e+03	2.613922154677715270e-01	1.684146150912938789e-01	2.477628737977251860e-01	1.489678510644115161e-01	7.141486883706957278e-02	2.840618748782164707e-02	7.364138825369813401e-02
1.117524919354370468e+03	2.610218821357305763e-01	1.681719106254135898e-01	2.480189669887880588e-01	1.491264176813390796e-01	7.148137521753525347e-02	2.844101483081250270e-02	7.373843252017239780e-02
1.119943804461197942e+03	2.606525973418492570e-01	1.679298828782849473e-01	2.482742572429131600e-01	1.492845597802843760e-01	7.154771427058585764e-02	2.847575138695693925e-02	7.383523709891688658e-02
1.122362689568025871e+03	2.602843581581025245e-01	1.676885299157201414e-01	2.485287471085157462e-01	1.494422784826000550e-01	7.161388638472261647e-02	2.851039740898400274e-02	7.393180254114629923e-02
1.124781574674853118e+03	2.599171616645210015e-01	1.674478498091946377e-01	2.487824391256781009e-01	1.495995749067295100e-01	7.167989194789173291e-02	2.854495314891743879e-02	7.402812939685893268e-02
1.127200459781681047e+03	2.595510049491697169e-01	1.672078406358299407e-01	2.490353358261785111e-01	1.497564501682148164e-01	7.174573134747742886e-02	2.857941885807761123e-02	7.412421821484331541e-02
1.129619344888508749e+03	2.591858851081264570e-01	1.669685004783767468e-01	2.492874397335201331e-01	1.499129053797046141e-01	7.181140497029527003e-02	2.861379478708345886e-02	7.422006954268467460e-02
1.132038229995336451e+03	2.588217992454603933e-01	1.667298274251979850e-01	2.495387533629597199e-01	1.500689416509619067e-01	7.187691320258561556e-02	2.864808118585442792e-02	7.431568392677125046e-02
1.134457115102163925e+03	2.584587444732109329e-01	1.664918195702519421e-01	2.497892792215361812e-01	1.502245600888719446e-01	7.194225643000740078e-02	2.868227830361240460e-02	7.441106191230043021e-02
1.136876000208991627e+03	2.580967179113663468e-01	1.662544750130753868e-01	2.500390198080991166e-01	1.503797617974498568e-01	7.200743503763207265e-02	2.871638638888363362e-02	7.450620404328474333e-02
1.139294885315819101e+03	2.577357166878424533e-01	1.660177918587668333e-01	2.502879776133370981e-01	1.505345478778485346e-01	7.207244940993778881e-02	2.875040568950064379e-02	7.460111086255775958e-02
1.141713770422646803e+03	2.573757379384615795e-01	1.657817682179697216e-01	2.505361551198059256e-01	1.506889194283661249e-01	7.213729993080382485e-02	2.878433645260416660e-02	7.469578291177973728e-02
1.144132655529474505e+03	2.570167788069313564e-01	1.655464022068559027e-01	2.507835548019567429e-01	1.508428775444538017e-01	7.220198698350510647e-02	2.881817892464503400e-02	7.479022073144322991e-02
1.146551540636302207e+03	2.566588364448235127e-01	1.653116919471088464e-01	2.510301791261639326e-01	1.509964233187232885e-01	7.226651095070701913e-02	2.885193335138609011e-02	7.488442486087845684e-02
1.148970425743129908e+03	2.563019080115529480e-01	1.650776355659072103e-01	2.512760305507532044e-01	1.511495578409545182e-01	7.233087221446041215e-02	2.888559997790409589e-02	7.497839583825872956e-02
1.151389310849957155e+03	2.559459906743567492e-01	1.648442311959082140e-01	2.515211115260290731e-01	1.513022821981031552e-01	7.239507115619672750e-02	2.891917904859160962e-02	7.507213420060547537e-02
1.153808195956785084e+03	2.555910816082732628e-01	1.646114769752312357e-01	2.517654244943028363e-01	1.514545974743079504e-01	7.245910815672336469e-02	2.895267080715889507e-02	7.516564048379340002e-02
1.156227081063612786e+03	2.552371779961210008e-01	1.643793710474413527e-01	2.520089718899198306e-01	1.516065047508983465e-01	7.252298359621917045e-02	2.898607549663578808e-02	7.525891522255540034e-02
1.158645966170440488e+03	2.548842770284779902e-01	1.641479115615330497e-01	2.522517561392868535e-01	1.517580051064019164e-01	7.258669785423012277e-02	2.901939335937358741e-02	7.535195895048733827e-02
1.161064851277267962e+03	2.545323759036609013e-01	1.639170966719137867e-01	2.524937796608995866e-01	1.519090996165516350e-01	7.265025130966519529e-02	2.905262463704692474e-02	7.544477220005278706e-02
1.163483736384095664e+03	2.541814718277042862e-01	1.636869245383878457e-01	2.527350448653696291e-01	1.520597893542933454e-01	7.271364434079237438e-02	2.908576957065562782e-02	7.553735550258765252e-02
1.165902621490923138e+03	2.538315620143398732e-01	1.634573933261400380e-01	2.529755541554516984e-01	1.522100753897930869e-01	7.277687732523480113e-02	2.911882840052659738e-02	7.562970938830461398e-02
1.168321506597751068e+03	2.534826436849758613e-01	1.632285012057196061e-01	2.532153099260705531e-01	1.523599587904443664e-01	7.283995063996707986e-02	2.915180136631564944e-02	7.572183438629755126e-02
1.170740391704578315e+03	2.531347140686763253e-01	1.630002463530240697e-01	2.534543145643478601e-01	1.525094406208754305e-01	7.290286466131173926e-02	2.918468870700938536e-02	7.581373102454581903e-02
1.173159276811406244e+03	2.527877704021407879e-01	1.627726269492832112e-01	2.536925704496288403e-01	1.526585219429564544e-01	7.296561976493584623e-02	2.921749066092703406e-02	7.590539982991846568e-02
1.175578161918233945e+03	2.524418099296835138e-01	1.625456411810429491e-01	2.539300799535089692e-01	1.528072038158068691e-01	7.302821632584773071e-02	2.925020746572229088e-02	7.599684132817831339e-02
1.177997047025061647e+03	2.520968299032130266e-01	1.623192872401495179e-01	2.541668454398605115e-01	1.529554872958024669e-01	7.309065471839383543e-02	2.928283935838516330e-02	7.608805604398598266e-02
1.180415932131889122e+03	2.517528275822120132e-01	1.620935633237334805e-01	2.544028692648591106e-01	1.531033734365825072e-01	7.315293531625575996e-02	2.931538657524380281e-02	7.617904450090384749e-02
1.182834817238716823e+03	2.514098002337164517e-01	1.618684676341938522e-01	2.546381537770097125e-01	1.532508632890569322e-01	7.321505849244733244e-02	2.934784935196633332e-02	7.626980722139985180e-02
1.185253702345544298e+03	2.510677451322957388e-01	1.616439983791823631e-01	2.548727013171731004e-01	1.533979579014133621e-01	7.327702461931190347e-02	2.938022792356267954e-02	7.636034472685128416e-02
1.187672587452371999e+03	2.507266595600322057e-01	1.614201537715875823e-01	2.551065142185918178e-01	1.535446583191243108e-01	7.333883406851965381e-02	2.941252252438637457e-02	7.645065753754842763e-02
1.190091472559199701e+03	2.503865408065009124e-01	1.611969320295193464e-01	2.553395948069164256e-01	1.536909655849540424e-01	7.340048721106511020e-02	2.944473338813639179e-02	7.654074617269822356e-02
1.192510357666027403e+03	2.500473861687494415e-01	1.609743313762929118e-01	2.555719454002310376e-01	1.538368807389656201e-01	7.346198441726473072e-02	2.947686074785893159e-02	7.663061115042776872e-02
1.194929242772855105e+03	2.497091929512779140e-01	1.607523500404134387e-01	2.558035683090793544e-01	1.539824048185280403e-01	7.352332605675457322e-02	2.950890483594924632e-02	7.672025298778777092e-02
1.197348127879682352e+03	2.493719584660187560e-01	1.605309862555605038e-01	2.560344658364904213e-01	1.541275388583230599e-01	7.358451249848815823e-02	2.954086588415343398e-02	7.680967220075597679e-02
1.199767012986510281e+03	2.490356800323167974e-01	1.603102382605724463e-01	2.562646402780040522e-01	1.542722838903521354e-01	7.364554411073429008e-02	2.957274412357022500e-02	7.689886930424044698e-02
1.202185898093337983e+03	2.487003549769090938e-01	1.600901042994309076e-01	2.564940939216964200e-01	1.544166409439433341e-01	7.370642126107508629e-02	2.960453978465277941e-02	7.698784481208283126e-02
1.204604783200165684e+03	2.483659806339052478e-01	1.598705826212454828e-01	2.567228290482052588e-01	1.545606110457582727e-01	7.376714431640410408e-02	2.963625309721046666e-02	7.707659923706158822e-02
1.207023668306993159e+03	2.480325543447673697e-01	1.596516714802382886e-01	2.569508479307556215e-01	1.547041952197988623e-01	7.382771364292455007e-02	2.966788429041065586e-02	7.716513309089509387e-02
1.209442553413820860e+03	2.477000734582903152e-01	1.594333691357286420e-01	2.571781528351845814e-01	1.548473944874142472e-01	7.388812960614743464e-02	2.969943359278047479e-02	7.725344688424470863e-02
1.211861438520648335e+03	2.473685353305818124e-01	1.592156738521177672e-01	2.574047460199667126e-01	1.549902098673076045e-01	7.394839257089007301e-02	2.973090123220860012e-02	7.734154112671781656e-02
1.214280323627476264e+03	2.470379373250428667e-01	1.589985838988736133e-01	2.576306297362387920e-01	1.551326423755428618e-01	7.400850290127447551e-02	2.976228743594700257e-02	7.742941632687073972e-02
1.216699208734303511e+03	2.467082768123479153e-01	1.587820975505155885e-01	2.578558062278248908e-01	1.552746930255514968e-01	7.406846096072590424e-02	2.979359243061272325e-02	7.751707299221172187e-02
1.219118093841131440e+03	2.463795511704253149e-01	1.585662130865994890e-01	2.580802777312613538e-01	1.554163628281393095e-01	7.412826711197144369e-02	2.982481644218962225e-02	7.760451162920369017e-02
1.221536978947959142e+03	2.460517577844377191e-01	1.583509287917023445e-01	2.583040464758210586e-01	1.555576527914930840e-01	7.418792171703875171e-02	2.985595969603013072e-02	7.769173274326712786e-02
1.223955864054786844e+03	2.457248940467624820e-01	1.581362429554074578e-01	2.585271146835384504e-01	1.556985639211872496e-01	7.424742513725475501e-02	2.988702241685699951e-02	7.777873683878279432e-02
1.226374749161614318e+03	2.453989573569722027e-01	1.579221538722893059e-01	2.587494845692339118e-01	1.558390972201906532e-01	7.430677773324458057e-02	2.991800482876504422e-02	7.786552441909441735e-02
1.228793634268442020e+03	2.450739451218153786e-01	1.577086598418986907e-01	2.589711583405383544e-01	1.559792536888731374e-01	7.436597986493036216e-02	2.994890715522286959e-02	7.795209598651142713e-02
1.231212519375269494e+03	2.447498547551967829e-01	1.574957591687476399e-01	2.591921381979171990e-01	1.561190343250121737e-01	7.442503189153029663e-02	2.997972961907461806e-02	7.803845204231145416e-02
1.233631404482097196e+03	2.444266836781584240e-01	1.572834501622948078e-01	2.594124263346950787e-01	1.562584401237994969e-01	7.448393417155767249e-02	3.001047244254168023e-02	7.812459308674299385e-02
1.236050289588924898e+03	2.441044293188599501e-01	1.570717311369305424e-01	2.596320249370797084e-01	1.563974720778476546e-01	7.454268706281992618e-02	3.004113584722443650e-02	7.821051961902790450e-02
1.238469174695752372e+03	2.437830891125596089e-01	1.568606004119620367e-01	2.598509361841861987e-01	1.565361311771965580e-01	7.460129092241789273e-02	3.007172005410396060e-02	7.829623213736386367e-02
1.240888059802580301e+03	2.434626605015949297e-01	1.566500563115986733e-01	2.600691622480607035e-01	1.566744184093201431e-01	7.465974610674500078e-02	3.010222528354374386e-02	7.838173113892688004e-02
1.243306944909407548e+03	2.431431409353636830e-01	1.564400971649373973e-01	2.602867052937047343e-01	1.568123347591326433e-01	7.471805297148656488e-02	3.013265175529139181e-02	7.846701711987366656e-02
1.245725830016235477e+03	2.428245278703046739e-01	1.562307213059479782e-01	2.605035674790985856e-01	1.569498812089953621e-01	7.477621187161913319e-02	3.016299968848033808e-02	7.855209057534404127e-02
1.248144715123063179e+03	2.425068187698787014e-01	1.560219270734585217e-01	2.607197509552253156e-01	1.570870587387229733e-01	7.483422316140989072e-02	3.019326930163154094e-02	7.863695199946320324e-02
1.250563600229890881e+03	2.421900111045495740e-01	1.558137128111408698e-01	2.609352578660941724e-01	1.572238683255900438e-01	7.489208719441615980e-02	3.022346081265517986e-02	7.872160188534411962e-02
1.252982485336718355e+03	2.418741023517652355e-01	1.556060768674960848e-01	2.611500903487643521e-01	1.573603109443374726e-01	7.494980432348484489e-02	3.025357443885234865e-02	7.880604072508975988e-02
1.255401370443546057e+03	2.415590899959386972e-01	1.553990175958401276e-01	2.613642505333682586e-01	1.574963875671789304e-01	7.500737490075204406e-02	3.028361039691673112e-02	7.889026900979530244e-02
1.257820255550373531e+03	2.412449715284292473e-01	1.551925333542892582e-01	2.615777405431349845e-01	1.576320991638071878e-01	7.506479927764264648e-02	3.031356890293629425e-02	7.897428722955036895e-02
1.260239140657201460e+03	2.409317444475236603e-01	1.549866225057457969e-01	2.617905624944136811e-01	1.577674467014006099e-01	7.512207780487001330e-02	3.034345017239495693e-02	7.905809587344125866e-02
1.262658025764028707e+03	2.406194062584174898e-01	1.547812834178838026e-01	2.620027184966963740e-01	1.579024311446294293e-01	7.517921083243564451e-02	3.037325442017426574e-02	7.914169542955297454e-02
1.265076910870856636e+03	2.403079544731961392e-01	1.545765144631347232e-01	2.622142106526415550e-01	1.580370534556620743e-01	7.523619870962895695e-02	3.040298186055505683e-02	7.922508638497147149e-02
1.267495795977684338e+03	2.399973866108164322e-01	1.543723140186732401e-01	2.624250410580968862e-01	1.581713145941715526e-01	7.529304178502704836e-02	3.043263270721912814e-02	7.930826922578565474e-02
1.269914681084511813e+03	2.396877001970878496e-01	1.541686804664030297e-01	2.626352118021222926e-01	1.583052155173418074e-01	7.534974040649460025e-02	3.046220717325089436e-02	7.939124443708946155e-02
1.272333566191339514e+03	2.393788927646539333e-01	1.539656121929427190e-01	2.628447249670126662e-01	1.584387571798738514e-01	7.540629492118369748e-02	3.049170547113903840e-02	7.947401250298395670e-02
1.274752451298167216e+03	2.390709618529739122e-01	1.537631075896116195e-01	2.630535826283208478e-01	1.585719405339921784e-01	7.546270567553375885e-02	3.052112781277815934e-02	7.955657390657930317e-02
1.277171336404994690e+03	2.387639050083040781e-01	1.535611650524158212e-01	2.632617868548802198e-01	1.587047665294509247e-01	7.551897301527152329e-02	3.055047440947042739e-02	7.963892912999671891e-02
1.279590221511822392e+03	2.384577197836794116e-01	1.533597829820340930e-01	2.634693397088272437e-01	1.588372361135401978e-01	7.557509728541100813e-02	3.057974547192721104e-02	7.972107865437051688e-02
1.282009106618650094e+03	2.381524037388952075e-01	1.531589597838039774e-01	2.636762432456239424e-01	1.589693502310921824e-01	7.563107883025357858e-02	3.060894121027072159e-02	7.980302295985000627e-02
1.284427991725477568e+03	2.378479544404886736e-01	1.529586938677078289e-01	2.638824995140806595e-01	1.591011098244873856e-01	7.568691799338796156e-02	3.063806183403564379e-02	7.988476252560143542e-02
1.286846876832305497e+03	2.375443694617207502e-01	1.527589836483589647e-01	2.640881105563780418e-01	1.592325158336608537e-01	7.574261511769039834e-02	3.066710755217075951e-02	7.996629782980985146e-02
1.289265761939132744e+03	2.372416463825577360e-01	1.525598275449877028e-01	2.642930784080895212e-01	1.593635691961082512e-01	7.579817054532475562e-02	3.069607857304057844e-02	8.004762934968104315e-02
1.291684647045960673e+03	2.369397827896531916e-01	1.523612239814276514e-01	2.644974050982035196e-01	1.594942708468921611e-01	7.585358461774270589e-02	3.072497510442694091e-02	8.012875756144335893e-02
1.294103532152788375e+03	2.366387762763297875e-01	1.521631713861021085e-01	2.647010926491454308e-01	1.596246217186480798e-01	7.590885767568392173e-02	3.075379735353065205e-02	8.020968294034958035e-02
1.296522417259616077e+03	2.363386244425611515e-01	1.519656681920100727e-01	2.649041430767998251e-01	1.597546227415904962e-01	7.596399005917625624e-02	3.078254552697307425e-02	8.029040596067871238e-02
1.298941302366443551e+03	2.360393248949538003e-01	1.517687128367127547e-01	2.651065583905322653e-01	1.598842748435191363e-01	7.601898210753608998e-02	3.081121983079774737e-02	8.037092709573782912e-02
1.301360187473271253e+03	2.357408752467292090e-01	1.515723037623198099e-01	2.653083405932112893e-01	1.600135789498249583e-01	7.607383415936855298e-02	3.083982047047197084e-02	8.045124681786382237e-02
1.303779072580098727e+03	2.354432731177058258e-01	1.513764394154759607e-01	2.655094916812301697e-01	1.601425359834961759e-01	7.612854655256788561e-02	3.086834765088841345e-02	8.053136559842519193e-02
1.306197957686926657e+03	2.351465161342811416e-01	1.511811182473472293e-01	2.657100136445286753e-01	1.602711468651243643e-01	7.618311962431771611e-02	3.089680157636670241e-02	8.061128390782382191e-02
1.308616842793753904e+03	2.348506019294137881e-01	1.509863387136075874e-01	2.659099084666145529e-01	1.603994125129105108e-01	7.623755371109150469e-02	3.092518245065501575e-02	8.069100221549671548e-02
1.311035727900581833e+03	2.345555281426057737e-01	1.507920992744254118e-01	2.661091781245853438e-01	1.605273338426709551e-01	7.629184914865283496e-02	3.095349047693165753e-02	8.077052098991766016e-02
1.313454613007409534e+03	2.342612924198846924e-01	1.505983983944501059e-01	2.663078245891497553e-01	1.606549117678434668e-01	7.634600627205596901e-02	3.098172585780663291e-02	8.084984069859901812e-02
1.315873498114237009e+03	2.339678924137859328e-01	1.504052345427987214e-01	2.665058498246489771e-01	1.607821471994931306e-01	7.640002541564616667e-02	3.100988879532324063e-02	8.092896180809339146e-02
1.318292383221064711e+03	2.336753257833351638e-01	1.502126061930426082e-01	2.667032557890782196e-01	1.609090410463184240e-01	7.645390691306019892e-02	3.103797949095962391e-02	8.100788478399532921e-02
1.320711268327892412e+03	2.333835901940304880e-01	1.500205118231941193e-01	2.669000444341077527e-01	1.610355942146570185e-01	7.650765109722686141e-02	3.106599814563035591e-02	8.108661009094293715e-02
1.323130153434719887e+03	2.330926833178250113e-01	1.498289499156933435e-01	2.670962177051042774e-01	1.611618076084919138e-01	7.656125830036743241e-02	3.109394495968798369e-02	8.116513819261959861e-02
1.325549038541547588e+03	2.328026028331091624e-01	1.496379189573948942e-01	2.672917775411519092e-01	1.612876821294571827e-01	7.661472885399621402e-02	3.112182013292459637e-02	8.124346955175559826e-02
1.327967923648375290e+03	2.325133464246933734e-01	1.494474174395547805e-01	2.674867258750732169e-01	1.614132186768439947e-01	7.666806308892110122e-02	3.114962386457337251e-02	8.132160463012974572e-02
1.330386808755202765e+03	2.322249117837904553e-01	1.492574438578171958e-01	2.676810646334502608e-01	1.615384181476063608e-01	7.672126133524417857e-02	3.117735635331013097e-02	8.139954388857101319e-02
1.332805693862030694e+03	2.319372966079982223e-01	1.490679967122015281e-01	2.678747957366454657e-01	1.616632814363671011e-01	7.677432392236220593e-02	3.120501779725488173e-02	8.147728778696013141e-02
1.335224578968857941e+03	2.316504986012822565e-01	1.488790745070891763e-01	2.680679210988223260e-01	1.617878094354238128e-01	7.682725117896735401e-02	3.123260839397335939e-02	8.155483678423122718e-02
1.337643464075685870e+03	2.313645154739584209e-01	1.486906757512106991e-01	2.682604426279662224e-01	1.619120030347544759e-01	7.688004343304774557e-02	3.126012834047856015e-02	8.163219133837334995e-02
1.340062349182513572e+03	2.310793449426757074e-01	1.485027989576326868e-01	2.684523622259050724e-01	1.620358631220234491e-01	7.693270101188813548e-02	3.128757783323227876e-02	8.170935190643208168e-02
1.342481234289341273e+03	2.307949847303989999e-01	1.483154426437449103e-01	2.686436817883299799e-01	1.621593905825871873e-01	7.698522424207052128e-02	3.131495706814663854e-02	8.178631894451116047e-02
1.344900119396168748e+03	2.305114325663918107e-01	1.481286053312474149e-01	2.688344032048154975e-01	1.622825862995001256e-01	7.703761344947490652e-02	3.134226624058560062e-02	8.186309290777396552e-02
1.347319004502996449e+03	2.302286861861992107e-01	1.479422855461376696e-01	2.690245283588404979e-01	1.624054511535204248e-01	7.708986895927991134e-02	3.136950554536649394e-02	8.193967425044511310e-02
1.349737889609823924e+03	2.299467433316307596e-01	1.477564818186977991e-01	2.692140591278081030e-01	1.625279860231156337e-01	7.714199109596352189e-02	3.139667517676154179e-02	8.201606342581196918e-02
1.352156774716651853e+03	2.296656017507433534e-01	1.475711926834816501e-01	2.694029973830662228e-01	1.626501917844686840e-01	7.719398018330381195e-02	3.142377532849936067e-02	8.209226088622623152e-02
1.354575659823479100e+03	2.293852591978243760e-01	1.473864166793021901e-01	2.695913449899278169e-01	1.627720693114833583e-01	7.724583654437965075e-02	3.145080619376645209e-02	8.216826708310540073e-02
1.356994544930307029e+03	2.291057134333746581e-01	1.472021523492189066e-01	2.697791038076908787e-01	1.628936194757901745e-01	7.729756050157150782e-02	3.147776796520874304e-02	8.224408246693433455e-02
1.359413430037134731e+03	2.288269622240916013e-01	1.470183982405249279e-01	2.699662756896586968e-01	1.630148431467520753e-01	7.734915237656217468e-02	3.150466083493305008e-02	8.231970748726674669e-02
1.361832315143962205e+03	2.285490033428522194e-01	1.468351529047345339e-01	2.701528624831595615e-01	1.631357411914700906e-01	7.740061249033755586e-02	3.153148499450859898e-02	8.239514259272676111e-02
1.364251200250789907e+03	2.282718345686963468e-01	1.466524148975705266e-01	2.703388660295670265e-01	1.632563144747889994e-01	7.745194116318744604e-02	3.155824063496848880e-02	8.247038823101032756e-02
1.366670085357617609e+03	2.279954536868100401e-01	1.464701827789517963e-01	2.705242881643198927e-01	1.633765638593031311e-01	7.750313871470639049e-02	3.158492794681122540e-02	8.254544484888676203e-02
1.369088970464445310e+03	2.277198584885085642e-01	1.462884551129806365e-01	2.707091307169413597e-01	1.634964902053618330e-01	7.755420546379440672e-02	3.161154712000215083e-02	8.262031289220024555e-02
1.371507855571272785e+03	2.274450467712199053e-01	1.461072304679304490e-01	2.708933955110595648e-01	1.636160943710751881e-01	7.760514172865787264e-02	3.163809834397495607e-02	8.269499280587123968e-02
1.373926740678100487e+03	2.271710163384680348e-01	1.459265074162332254e-01	2.710770843644266792e-01	1.637353772123196216e-01	7.765594782681041475e-02	3.166458180763313118e-02	8.276948503389802703e-02
1.376345625784927961e+03	2.268977649998563106e-01	1.457462845344672242e-01	2.712601990889387249e-01	1.638543395827435911e-01	7.770662407507362979e-02	3.169099769935147110e-02	8.284379001935815445e-02
1.378764510891755890e+03	2.266252905710509635e-01	1.455665604033445359e-01	2.714427414906551150e-01	1.639729823337730541e-01	7.775717078957804229e-02	3.171734620697750501e-02	8.291790820440989029e-02
1.381183395998583137e+03	2.263535908737645541e-01	1.453873336076988432e-01	2.716247133698178051e-01	1.640913063146172135e-01	7.780758828576396502e-02	3.174362751783298825e-02	8.299184003029366763e-02
1.383602281105411066e+03	2.260826637357395696e-01	1.452086027364730969e-01	2.718061165208712771e-01	1.642093123722739023e-01	7.785787687838233162e-02	3.176984181871533169e-02	8.306558593733356921e-02
1.386021166212238768e+03	2.258125069907317706e-01	1.450303663827073319e-01	2.719869527324813019e-01	1.643270013515351902e-01	7.790803688149562645e-02	3.179598929589909362e-02	8.313914636493872912e-02
1.388440051319066470e+03	2.255431184784941201e-01	1.448526231435264822e-01	2.721672237875544242e-01	1.644443740949930732e-01	7.795806860847877273e-02	3.182207013513738830e-02	8.321252175160480380e-02
1.390858936425893944e+03	2.252744960447602141e-01	1.446753716201281126e-01	2.723469314632571137e-01	1.645614314430448033e-01	7.800797237202004852e-02	3.184808452166337095e-02	8.328571253491541537e-02
1.393277821532721646e+03	2.250066375412280995e-01	1.444986104177703456e-01	2.725260775310349159e-01	1.646781742338984666e-01	7.805774848412200262e-02	3.187403264019166016e-02	8.335871915154356715e-02
1.395696706639549120e+03	2.247395408255439264e-01	1.443223381457599264e-01	2.727046637566313825e-01	1.647946033035785351e-01	7.810739725610235662e-02	3.189991467491976734e-02	8.343154203725307305e-02
1.398115591746377049e+03	2.244732037612858777e-01	1.441465534174399266e-01	2.728826919001073881e-01	1.649107194859312786e-01	7.815691899859496250e-02	3.192573080952954695e-02	8.350418162689997315e-02
1.400534476853204296e+03	2.242076242179478762e-01	1.439712548501778377e-01	2.730601637158595607e-01	1.650265236126303714e-01	7.820631402155076017e-02	3.195148122718864669e-02	8.357663835443396305e-02
1.402953361960032225e+03	2.239428000709235145e-01	1.437964410653536362e-01	2.732370809526394329e-01	1.651420165131821105e-01	7.825558263423865180e-02	3.197716611055189534e-02	8.364891265289979561e-02
1.405372247066859927e+03	2.236787292014898731e-01	1.436221106883478205e-01	2.734134453535721487e-01	1.652571990149311054e-01	7.830472514524658423e-02	3.200278564176273904e-02	8.372100495443873802e-02
1.407791132173687402e+03	2.234154094967916726e-01	1.434482623485295039e-01	2.735892586561752271e-01	1.653720719430655794e-01	7.835374186248240946e-02	3.202834000245467078e-02	8.379291569028990416e-02
1.410210017280515103e+03	2.231528388498250914e-01	1.432748946792445077e-01	2.737645225923773240e-01	1.654866361206228376e-01	7.840263309317485607e-02	3.205382937375265279e-02	8.386464529079173946e-02
1.412628902387342805e+03	2.228910151594219735e-01	1.431020063178036206e-01	2.739392388885364404e-01	1.656008923684945955e-01	7.845139914387455615e-02	3.207925393627447663e-02	8.393619418538335319e-02
1.415047787494170507e+03	2.226299363302337853e-01	1.429295959054706633e-01	2.741134092654588517e-01	1.657148415054325030e-01	7.850004032045501678e-02	3.210461387013224810e-02	8.400756280260596176e-02
1.417466672600997981e+03	2.223696002727157395e-01	1.427576620874508873e-01	2.742870354384173703e-01	1.658284843480533899e-01	7.854855692811360535e-02	3.212990935493374028e-02	8.407875157010427647e-02
1.419885557707825683e+03	2.221100049031110579e-01	1.425862035128792060e-01	2.744601191171697763e-01	1.659418217108447613e-01	7.859694927137252096e-02	3.215514056978380220e-02	8.414976091462786356e-02
1.422304442814653157e+03	2.218511481434352062e-01	1.424152188348084547e-01	2.746326620059771351e-01	1.660548544061700438e-01	7.864521765407984921e-02	3.218030769328575347e-02	8.422059126203260138e-02
1.424723327921481086e+03	2.215930279214599619e-01	1.422447067101977602e-01	2.748046658036220613e-01	1.661675832442739420e-01	7.869336237941050582e-02	3.220541090354278602e-02	8.429124303728199874e-02
1.427142213028308333e+03	2.213356421706979271e-01	1.420746657999009954e-01	2.749761322034269817e-01	1.662800090332878233e-01	7.874138374986730526e-02	3.223045037815934488e-02	8.436171666444859663e-02
1.429561098135136262e+03	2.210789888303867357e-01	1.419050947686550657e-01	2.751470628932722318e-01	1.663921325792350192e-01	7.878928206728194605e-02	3.225542629424252988e-02	8.443201256671536981e-02
1.431979983241963964e+03	2.208230658454735373e-01	1.417359922850685017e-01	2.753174595556141524e-01	1.665039546860360986e-01	7.883705763281603773e-02	3.228033882840343483e-02	8.450213116637708688e-02
1.434398868348791666e+03	2.205678711665992608e-01	1.415673570216099131e-01	2.754873238675030755e-01	1.666154761555141417e-01	7.888471074696215557e-02	3.230518815675857691e-02	8.457207288484169805e-02
1.436817753455619140e+03	2.203134027500832925e-01	1.413991876545964699e-01	2.756566575006012543e-01	1.667266977874000411e-01	7.893224170954483976e-02	3.232997445493122901e-02	8.464183814263172290e-02
1.439236638562446842e+03	2.200596585579077946e-01	1.412314828641824671e-01	2.758254621212007374e-01	1.668376203793378032e-01	7.897965081972163626e-02	3.235469789805282131e-02	8.471142735938556878e-02
1.441655523669274316e+03	2.198066365577022452e-01	1.410642413343480839e-01	2.759937393902413549e-01	1.669482447268897662e-01	7.902693837598415150e-02	3.237935866076426666e-02	8.478084095385898800e-02
1.444074408776102018e+03	2.195543347227282560e-01	1.408974617528876982e-01	2.761614909633283155e-01	1.670585716235417628e-01	7.907410467615913485e-02	3.240395691721736915e-02	8.485007934392634066e-02
1.446493293882929493e+03	2.193027510318639461e-01	1.407311428113988405e-01	2.763287184907499694e-01	1.671686018607084767e-01	7.912115001740945008e-02	3.242849284107614943e-02	8.491914294658205187e-02
1.448912178989757422e+03	2.190518834695887318e-01	1.405652832052708412e-01	2.764954236174954061e-01	1.672783362277386054e-01	7.916807469623517168e-02	3.245296660551821172e-02	8.498803217794194398e-02
1.451331064096585123e+03	2.188017300259680331e-01	1.403998816336734512e-01	2.766616079832721065e-01	1.673877755119199950e-01	7.921487900847465347e-02	3.247737838323609683e-02	8.505674745324459662e-02
1.453749949203412370e+03	2.185522886966379530e-01	1.402349367995456564e-01	2.768272732225234289e-01	1.674969204984849691e-01	7.926156324930556940e-02	3.250172834643861447e-02	8.512528918685267898e-02
1.456168834310240300e+03	2.183035574827901781e-01	1.400704474095845753e-01	2.769924209644461510e-01	1.676057719706153804e-01	7.930812771324598220e-02	3.252601666685222409e-02	8.519365779225435142e-02
1.458587719417068001e+03	2.180555343911567689e-01	1.399064121742341904e-01	2.771570528330077332e-01	1.677143307094477731e-01	7.935457269415542580e-02	3.255024351572231162e-02	8.526185368206462556e-02
1.461006604523895703e+03	2.178082174339949495e-01	1.397428298076742736e-01	2.773211704469636385e-01	1.678225974940786569e-01	7.940089848523596006e-02	3.257440906381459805e-02	8.532987726802671036e-02
1.463425489630723177e+03	2.175616046290721473e-01	1.395796990278093119e-01	2.774847754198748739e-01	1.679305731015694747e-01	7.944710537903326708e-02	3.259851348141640931e-02	8.539772896101334443e-02
1.465844374737550879e+03	2.173156939996508386e-01	1.394170185562573772e-01	2.776478693601248104e-01	1.680382583069519042e-01	7.949319366743769211e-02	3.262255693833804315e-02	8.546540917102815604e-02
1.468263259844378354e+03	2.170704835744736716e-01	1.392547871183391628e-01	2.778104538709365579e-01	1.681456538832328540e-01	7.953916364168538145e-02	3.264653960391408760e-02	8.553291830720707867e-02
1.470682144951206283e+03	2.168259713877482842e-01	1.390930034430669371e-01	2.779725305503902844e-01	1.682527606013995980e-01	7.958501559235930944e-02	3.267046164700472544e-02	8.560025677781959996e-02
1.473101030058033530e+03	2.165821554791326764e-01	1.389316662631337185e-01	2.781341009914398699e-01	1.683595792304248551e-01	7.963074980939037484e-02	3.269432323599708035e-02	8.566742499027017732e-02
1.475519915164861459e+03	2.163390338937200286e-01	1.387707743149021733e-01	2.782951667819300590e-01	1.684661105372718681e-01	7.967636658205853872e-02	3.271812453880651450e-02	8.573442335109958401e-02
1.477938800271689161e+03	2.160966046820239905e-01	1.386103263383938466e-01	2.784557295046133918e-01	1.685723552868995112e-01	7.972186619899385152e-02	3.274186572287792613e-02	8.580125226598624144e-02
1.480357685378516862e+03	2.158548658999639436e-01	1.384503210772782267e-01	2.786157907371670239e-01	1.686783142422672854e-01	7.976724894817759093e-02	3.276554695518709565e-02	8.586791213974756531e-02
1.482776570485344337e+03	2.156138156088500679e-01	1.382907572788620032e-01	2.787753520522096573e-01	1.687839881643403983e-01	7.981251511694331668e-02	3.278916840224193469e-02	8.593440337634133952e-02
