1.001418434226643626e+03	2.800287720728508734e-01	1.806359115812338212e-01	2.347700023997836283e-01	1.410186540773801234e-01	6.809661215224066533e-02	2.664815257373883209e-02	6.880189514256204730e-02
1.002869765290740247e+03	2.797747847949924038e-01	1.804697786746476962e-01	2.349482107458309710e-01	1.411266792577809959e-01	6.814152408817000794e-02	2.667171586211544362e-02	6.886730657625246554e-02
1.004321096354836754e+03	2.795212284630820831e-01	1.803039246894995173e-01	2.351260827936068332e-01	1.412345312886606752e-01	6.818636903511295089e-02	2.669524201734694430e-02	6.893262171248099035e-02
1.005772427418933376e+03	2.792681023562637588e-01	1.801383491456431674e-01	2.353036191882686146e-01	1.413422104425705039e-01	6.823114707951827285e-02	2.671873110149775368e-02	6.899784068602791975e-02
1.007223758483029997e+03	2.790154057548641098e-01	1.799730515637804062e-01	2.354808205736843574e-01	1.414497169916393016e-01	6.827585830786603305e-02	2.674218317652849244e-02	6.906296363142724881e-02
1.008675089547126618e+03	2.787631379403910370e-01	1.798080314654590672e-01	2.356576875924356884e-01	1.415570512075742804e-01	6.832050280666515651e-02	2.676559830429615233e-02	6.912799068296864025e-02
1.010126420611223239e+03	2.785112981955314426e-01	1.796432883730716690e-01	2.358342208858207056e-01	1.416642133616616561e-01	6.836508066245094994e-02	2.678897654655426272e-02	6.919292197469929795e-02
1.011577751675319632e+03	2.782598858041500645e-01	1.794788218098537502e-01	2.360104210938570313e-01	1.417712037247675361e-01	6.840959196178270085e-02	2.681231796495306408e-02	6.925775764042589600e-02
1.013029082739416367e+03	2.780089000512870889e-01	1.793146312998825098e-01	2.361862888552845041e-01	1.418780225673386963e-01	6.845403679124129059e-02	2.683562262103967797e-02	6.932249781371638275e-02
1.014480413803512761e+03	2.777583402231565968e-01	1.791507163680750858e-01	2.363618248075681494e-01	1.419846701594033034e-01	6.849841523742694616e-02	2.685889057625827012e-02	6.938714262790181275e-02
1.015931744867609382e+03	2.775082056071448422e-01	1.789870765401871122e-01	2.365370295869011763e-01	1.420911467705717468e-01	6.854272738695688094e-02	2.688212189195023777e-02	6.945169221607817855e-02
1.017383075931706003e+03	2.772584954918083100e-01	1.788237113428112202e-01	2.367119038282076704e-01	1.421974526700373609e-01	6.858697332646312983e-02	2.690531662935435539e-02	6.951614671110813160e-02
1.018834406995802851e+03	2.770092091668719947e-01	1.786606203033754836e-01	2.368864481651455356e-01	1.423035881265771740e-01	6.863115314259030098e-02	2.692847484960696203e-02	6.958050624562270303e-02
1.020285738059899245e+03	2.767603459232275687e-01	1.784978029501418373e-01	2.370606632301093253e-01	1.424095534085527137e-01	6.867526692199349414e-02	2.695159661374212784e-02	6.964477095202302459e-02
1.021737069123995752e+03	2.765119050529317168e-01	1.783352588122047166e-01	2.372345496542331011e-01	1.425153487839107003e-01	6.871931475133610800e-02	2.697468198269180675e-02	6.970894096248198002e-02
1.023188400188092373e+03	2.762638858492040272e-01	1.781729874194893648e-01	2.374081080673931810e-01	1.426209745201838242e-01	6.876329671728782789e-02	2.699773101728603075e-02	6.977301640894587043e-02
1.024639731252188767e+03	2.760162876064255477e-01	1.780109883027504447e-01	2.375813390982110251e-01	1.427264308844914953e-01	6.880721290652254407e-02	2.702074377825305213e-02	6.983699742313602410e-02
1.026091062316285615e+03	2.757691096201367320e-01	1.778492609935704571e-01	2.377542433740560124e-01	1.428317181435405647e-01	6.885106340571639505e-02	2.704372032621953775e-02	6.990088413655035082e-02
1.027542393380382237e+03	2.755223511870359965e-01	1.776878050243582974e-01	2.379268215210482151e-01	1.429368365636260740e-01	6.889484830154581074e-02	2.706666072171070442e-02	6.996467668046495170e-02
1.028993724444478858e+03	2.752760116049774997e-01	1.775266199283477009e-01	2.380990741640611752e-01	1.430417864106319770e-01	6.893856768068554186e-02	2.708956502515051656e-02	7.002837518593560406e-02
1.030445055508575479e+03	2.750300901729696434e-01	1.773657052395957168e-01	2.382710019267247903e-01	1.431465679500318888e-01	6.898222162980677252e-02	2.711243329686183548e-02	7.009197978379932970e-02
1.031896386572671872e+03	2.747845861911731857e-01	1.772050604929813200e-01	2.384426054314279231e-01	1.432511814468897804e-01	6.902581023557534390e-02	2.713526559706659624e-02	7.015549060467582421e-02
1.033347717636768493e+03	2.745394989608994640e-01	1.770446852242038571e-01	2.386138852993212045e-01	1.433556271658606718e-01	6.906933358464982520e-02	2.715806198588597078e-02	7.021890777896894198e-02
1.034799048700865114e+03	2.742948277846086191e-01	1.768845789697814641e-01	2.387848421503198371e-01	1.434599053711914929e-01	6.911279176367984833e-02	2.718082252334052401e-02	7.028223143686811170e-02
1.036250379764961508e+03	2.740505719659079853e-01	1.767247412670497064e-01	2.389554766031062316e-01	1.435640163267215830e-01	6.915618485930422055e-02	2.720354726935039075e-02	7.034546170834973799e-02
1.037701710829058356e+03	2.738067308095498698e-01	1.765651716541601080e-01	2.391257892751328107e-01	1.436679602958836066e-01	6.919951295814931458e-02	2.722623628373543880e-02	7.040859872317864476e-02
1.039153041893154750e+03	2.735633036214302760e-01	1.764058696700785411e-01	2.392957807826247563e-01	1.437717375417040810e-01	6.924277614682733395e-02	2.724888962621544244e-02	7.047164261090936577e-02
1.040604372957251599e+03	2.733202897085867389e-01	1.762468348545837837e-01	2.394654517405825633e-01	1.438753483268042643e-01	6.928597451193463375e-02	2.727150735641023158e-02	7.053459350088754631e-02
1.042055704021347992e+03	2.730776883791969367e-01	1.760880667482661310e-01	2.396348027627848432e-01	1.439787929134006828e-01	6.932910814005015243e-02	2.729408953383986869e-02	7.059745152225120612e-02
1.043507035085444613e+03	2.728354989425763599e-01	1.759295648925257860e-01	2.398038344617910433e-01	1.440820715633059079e-01	6.937217711773378814e-02	2.731663621792480845e-02	7.066021680393207161e-02
1.044958366149541234e+03	2.725937207091772008e-01	1.757713288295715826e-01	2.399725474489440014e-01	1.441851845379292785e-01	6.941518153152481663e-02	2.733914746798606424e-02	7.072288947465683873e-02
1.046409697213637855e+03	2.723523529905860774e-01	1.756133581024193202e-01	2.401409423343727478e-01	1.442881320982775384e-01	6.945812146794036468e-02	2.736162334324537468e-02	7.078546966294840814e-02
1.047861028277734476e+03	2.721113950995224795e-01	1.754556522548903208e-01	2.403090197269950601e-01	1.443909145049555309e-01	6.950099701347391135e-02	2.738406390282535977e-02	7.084795749712716195e-02
1.049312359341831097e+03	2.718708463498368255e-01	1.752982108316101240e-01	2.404767802345202377e-01	1.444935320181669203e-01	6.954380825459381688e-02	2.740646920574969087e-02	7.091035310531212943e-02
1.050763690405927491e+03	2.716307060565090192e-01	1.751410333780068773e-01	2.406442244634516281e-01	1.445959848977148854e-01	6.958655527774185168e-02	2.742883931094325378e-02	7.097265661542218051e-02
1.052215021470024112e+03	2.713909735356465625e-01	1.749841194403098932e-01	2.408113530190892637e-01	1.446982734030027029e-01	6.962923816933173915e-02	2.745117427723230835e-02	7.103486815517726094e-02
1.053666352534120733e+03	2.711516481044824456e-01	1.748274685655482885e-01	2.409781665055325817e-01	1.448003977930345243e-01	6.967185701574785117e-02	2.747347416334465844e-02	7.109698785209943306e-02
1.055117683598217127e+03	2.709127290813738154e-01	1.746710803015493751e-01	2.411446655256829497e-01	1.449023583264159587e-01	6.971441190334375093e-02	2.749573902790980115e-02	7.115901583351412485e-02
1.056569014662313975e+03	2.706742157858001430e-01	1.745149541969373552e-01	2.413108506812463305e-01	1.450041552613548224e-01	6.975690291844090229e-02	2.751796892945911066e-02	7.122095222655117075e-02
1.058020345726410369e+03	2.704361075383611701e-01	1.743590898011318502e-01	2.414767225727358635e-01	1.451057888556617770e-01	6.979933014732728203e-02	2.754016392642597358e-02	7.128279715814590800e-02
1.059471676790506763e+03	2.701984036607756323e-01	1.742034866643463187e-01	2.416422817994743899e-01	1.452072593667509959e-01	6.984169367625617242e-02	2.756232407714597626e-02	7.134455075504030075e-02
1.060923007854603611e+03	2.699611034758790384e-01	1.740481443375868909e-01	2.418075289595971733e-01	1.453085670516408023e-01	6.988399359144481515e-02	2.758444943985704362e-02	7.140621314378400863e-02
1.062374338918700232e+03	2.697242063076222274e-01	1.738930623726505920e-01	2.419724646500544252e-01	1.454097121669543913e-01	6.992622997907320392e-02	2.760654007269962296e-02	7.146778445073531660e-02
1.063825669982796853e+03	2.694877114810694807e-01	1.737382403221241489e-01	2.421370894666137197e-01	1.455106949689203844e-01	6.996840292528286320e-02	2.762859603371682973e-02	7.152926480206228677e-02
1.065277001046893474e+03	2.692516183223968018e-01	1.735836777393825747e-01	2.423014040038628247e-01	1.456115157133735794e-01	7.001051251617562698e-02	2.765061738085460366e-02	7.159065432374371596e-02
1.066728332110990095e+03	2.690159261588901951e-01	1.734293741785874754e-01	2.424654088552119779e-01	1.457121746557555886e-01	7.005255883781250081e-02	2.767260417196188912e-02	7.165195314157013495e-02
1.068179663175086489e+03	2.687806343189438341e-01	1.732753291946859397e-01	2.426291046128966622e-01	1.458126720511153662e-01	7.009454197621241278e-02	2.769455646479078437e-02	7.171316138114476602e-02
1.069630994239183110e+03	2.685457421320584515e-01	1.731215423434088740e-01	2.427924918679799648e-01	1.459130081541100410e-01	7.013646201735121433e-02	2.771647431699669414e-02	7.177427916788454987e-02
1.071082325303279504e+03	2.683112489288393965e-01	1.729680131812697530e-01	2.429555712103552423e-01	1.460131832190054435e-01	7.017831904716047287e-02	2.773835778613849973e-02	7.183530662702096448e-02
1.072533656367376352e+03	2.680771540409951359e-01	1.728147412655630932e-01	2.431183432287484791e-01	1.461131974996767446e-01	7.022011315152641708e-02	2.776020692967872197e-02	7.189624388360109364e-02
1.073984987431472746e+03	2.678434568013354222e-01	1.726617261543630655e-01	2.432808085107210083e-01	1.462130512496092050e-01	7.026184441628886834e-02	2.778202180498366702e-02	7.195709106248847353e-02
1.075436318495569594e+03	2.676101565437694063e-01	1.725089674065220791e-01	2.434429676426718703e-01	1.463127447218986188e-01	7.030351292724015821e-02	2.780380246932359287e-02	7.201784828836395314e-02
1.076887649559666215e+03	2.673772526033041386e-01	1.723564645816693386e-01	2.436048212098402554e-01	1.464122781692521191e-01	7.034511877012415704e-02	2.782554897987287237e-02	7.207851568572667955e-02
1.078338980623762609e+03	2.671447443160427371e-01	1.722042172402095950e-01	2.437663697963081688e-01	1.465116518439887605e-01	7.038666203063526083e-02	2.784726139371014250e-02	7.213909337889487516e-02
1.079790311687859230e+03	2.669126310191825557e-01	1.720522249433214801e-01	2.439276139850028446e-01	1.466108659980401019e-01	7.042814279441733660e-02	2.786893976781847429e-02	7.219958149200676745e-02
1.081241642751955851e+03	2.666809120510135189e-01	1.719004872529563410e-01	2.440885543576991334e-01	1.467099208829508727e-01	7.046956114706280638e-02	2.789058415908551511e-02	7.225998014902136612e-02
1.082692973816052472e+03	2.664495867509165672e-01	1.717490037318366580e-01	2.442491914950220555e-01	1.468088167498796115e-01	7.051091717411168969e-02	2.791219462430366213e-02	7.232028947371933747e-02
1.084144304880149093e+03	2.662186544593617143e-01	1.715977739434547678e-01	2.444095259764492156e-01	1.469075538495992483e-01	7.055221096105068757e-02	2.793377122017020806e-02	7.238050958970380921e-02
1.085595635944245487e+03	2.659881145179062711e-01	1.714467974520714477e-01	2.445695583803133011e-01	1.470061324324977714e-01	7.059344259331219729e-02	2.795531400328751109e-02	7.244064062040118934e-02
1.087046967008342108e+03	2.657579662691934019e-01	1.712960738227144175e-01	2.447292892838044964e-01	1.471045527485787818e-01	7.063461215627350742e-02	2.797682303016313723e-02	7.250068268906192936e-02
1.088498298072438729e+03	2.655282090569502929e-01	1.711456026211771175e-01	2.448887192629729814e-01	1.472028150474621599e-01	7.067571973525586804e-02	2.799829835721002677e-02	7.256063591876128760e-02
1.089949629136535123e+03	2.652988422259861534e-01	1.709953834140172380e-01	2.450478488927311793e-01	1.473009195783846481e-01	7.071676541552365802e-02	2.801974004074664348e-02	7.262050043240017572e-02
1.091400960200631971e+03	2.650698651221909952e-01	1.708454157685553032e-01	2.452066787468564490e-01	1.473988665902005724e-01	7.075774928228348304e-02	2.804114813699714812e-02	7.268027635270579712e-02
1.092852291264728365e+03	2.648412770925334114e-01	1.706956992528733119e-01	2.453652093979932780e-01	1.474966563313822587e-01	7.079867142068341224e-02	2.806252270209153021e-02	7.273996380223247959e-02
1.094303622328825213e+03	2.646130774850593559e-01	1.705462334358134047e-01	2.455234414176558355e-01	1.475942890500207827e-01	7.083953191581213171e-02	2.808386379206577813e-02	7.279956290336239699e-02
1.095754953392921607e+03	2.643852656488900887e-01	1.703970178869763930e-01	2.456813753762302210e-01	1.476917649938265520e-01	7.088033085269813960e-02	2.810517146286203513e-02	7.285907377830622145e-02
1.097206284457018228e+03	2.641578409342206224e-01	1.702480521767205379e-01	2.458390118429770455e-01	1.477890844101298617e-01	7.092106831630899666e-02	2.812644577032874516e-02	7.291849654910390055e-02
1.098657615521114849e+03	2.639308026923178341e-01	1.700993358761599683e-01	2.459963513860336792e-01	1.478862475458815329e-01	7.096174439155057689e-02	2.814768677022082277e-02	7.297783133762533736e-02
1.100108946585211470e+03	2.637041502755189115e-01	1.699508685571634869e-01	2.461533945724167227e-01	1.479832546476535227e-01	7.100235916326624874e-02	2.816889451819979892e-02	7.303707826557105653e-02
1.101560277649308091e+03	2.634778830372297986e-01	1.698026497923531275e-01	2.463101419680243098e-01	1.480801059616395077e-01	7.104291271623616733e-02	2.819006906983396663e-02	7.309623745447287047e-02
1.103011608713404712e+03	2.632520003319231416e-01	1.696546791551028222e-01	2.464665941376385505e-01	1.481768017336554666e-01	7.108340513517660830e-02	2.821121048059855099e-02	7.315530902569458704e-02
1.104462939777501106e+03	2.630265015151369012e-01	1.695069562195370139e-01	2.466227516449278068e-01	1.482733422091402908e-01	7.112383650473919072e-02	2.823231880587585840e-02	7.321429310043263416e-02
1.105914270841597499e+03	2.628013859434724653e-01	1.693594805605293241e-01	2.467786150524491628e-01	1.483697276331564230e-01	7.116420690951022476e-02	2.825339410095542569e-02	7.327318979971671198e-02
1.107365601905694348e+03	2.625766529745930944e-01	1.692122517537011650e-01	2.469341849216506179e-01	1.484659582503903563e-01	7.120451643401003172e-02	2.827443642103417282e-02	7.333199924441038964e-02
1.108816932969790741e+03	2.623523019672220347e-01	1.690652693754203795e-01	2.470894618128736120e-01	1.485620343051532177e-01	7.124476516269225013e-02	2.829544582121657284e-02	7.339072155521181307e-02
1.110268264033887590e+03	2.621283322811410743e-01	1.689185330027999365e-01	2.472444462853551628e-01	1.486579560413814893e-01	7.128495317994323899e-02	2.831642235651478032e-02	7.344935685265424619e-02
1.111719595097984211e+03	2.619047432771886563e-01	1.687720422136965159e-01	2.473991388972303918e-01	1.487537237026374803e-01	7.132508057008138391e-02	2.833736608184880129e-02	7.350790525710669543e-02
1.113170926162080832e+03	2.616815343172583797e-01	1.686257965867092867e-01	2.475535402055347167e-01	1.488493375321098544e-01	7.136514741735648648e-02	2.835827705204663554e-02	7.356636688877452035e-02
1.114622257226177226e+03	2.614587047642971673e-01	1.684797957011784086e-01	2.477076507662061833e-01	1.489447977726144623e-01	7.140515380594920913e-02	2.837915532184443965e-02	7.362474186769997486e-02
1.116073588290273847e+03	2.612362539823036567e-01	1.683340391371838107e-01	2.478614711340879073e-01	1.490401046665946749e-01	7.144509981997036741e-02	2.840000094588667270e-02	7.368303031376284562e-02
1.117524919354370468e+03	2.610141813363262564e-01	1.681885264755437759e-01	2.480150018629301290e-01	1.491352584561219663e-01	7.148498554346047196e-02	2.842081397872624551e-02	7.374123234668103488e-02
1.118976250418467089e+03	2.607924861924620918e-01	1.680432572978136363e-01	2.481682435053927105e-01	1.492302593828966906e-01	7.152481106038904857e-02	2.844159447482468017e-02	7.379934808601101848e-02
1.120427581482563710e+03	2.605711679178546736e-01	1.678982311862844967e-01	2.483211966130473847e-01	1.493251076882484152e-01	7.156457645465411077e-02	2.846234248855225579e-02	7.385737765114848419e-02
1.121878912546660331e+03	2.603502258806925651e-01	1.677534477239817634e-01	2.484738617363800584e-01	1.494198036131367258e-01	7.160428181008163251e-02	2.848305807418815422e-02	7.391532116132887298e-02
1.123330243610756725e+03	2.601296594502077175e-01	1.676089064946639506e-01	2.486262394247930330e-01	1.495143473981516424e-01	7.164392721042497914e-02	2.850374128592061615e-02	7.397317873562786472e-02
1.124781574674853118e+03	2.599094679966736376e-01	1.674646070828212652e-01	2.487783302266072527e-01	1.496087392835142305e-01	7.168351273936436618e-02	2.852439217784710421e-02	7.403095049296193331e-02
1.126232905738949967e+03	2.596896508914038337e-01	1.673205490736743295e-01	2.489301346890647193e-01	1.497029795090771276e-01	7.172303848050638753e-02	2.854501080397443477e-02	7.408863655208891563e-02
1.127684236803046360e+03	2.594702075067500946e-01	1.671767320531729328e-01	2.490816533583305736e-01	1.497970683143252379e-01	7.176250451738346026e-02	2.856559721821893758e-02	7.414623703160844181e-02
1.129135567867143209e+03	2.592511372161011018e-01	1.670331556079944768e-01	2.492328867794955105e-01	1.498910059383761761e-01	7.180191093345336673e-02	2.858615147440660142e-02	7.420375204996246254e-02
1.130586898931239830e+03	2.590324393938801539e-01	1.668898193255429763e-01	2.493838354965779158e-01	1.499847926199809056e-01	7.184125781209874106e-02	2.860667362627322338e-02	7.426118172543579032e-02
1.132038229995336451e+03	2.588141134155441114e-01	1.667467227939475050e-01	2.495345000525261980e-01	1.500784285975241550e-01	7.188054523662661122e-02	2.862716372746456142e-02	7.431852617615655743e-02
1.133489561059432845e+03	2.585961586575815097e-01	1.666038656020609188e-01	2.496848809892208698e-01	1.501719141090252507e-01	7.191977329026792709e-02	2.864762183153648362e-02	7.437578552009668775e-02
1.134940892123529466e+03	2.583785744975109488e-01	1.664612473394587455e-01	2.498349788474769906e-01	1.502652493921383947e-01	7.195894205617707484e-02	2.866804799195512080e-02	7.443295987507238254e-02
1.136392223187626087e+03	2.581613603138792623e-01	1.663188675964375751e-01	2.499847941670462204e-01	1.503584346841534136e-01	7.199805161743151605e-02	2.868844226209700185e-02	7.449004935874460609e-02
1.137843554251722708e+03	2.579445154862601841e-01	1.661767259640139494e-01	2.501343274866191790e-01	1.504514702219962308e-01	7.203710205703124647e-02	2.870880469524921333e-02	7.454705408861952987e-02
1.139294885315819101e+03	2.577280393952524062e-01	1.660348220339230574e-01	2.502835793438276113e-01	1.505443562422294490e-01	7.207609345789846300e-02	2.872913534460954516e-02	7.460397418204899045e-02
1.140746216379915950e+03	2.575119314224781353e-01	1.658931553986174035e-01	2.504325502752464128e-01	1.506370929810529058e-01	7.211502590287705017e-02	2.874943426328664328e-02	7.466080975623091975e-02
1.142197547444012343e+03	2.572961909505814271e-01	1.657517256512654191e-01	2.505812408163962113e-01	1.507296806743041451e-01	7.215389947473226095e-02	2.876970150430014847e-02	7.471756092820984463e-02
1.143648878508108737e+03	2.570808173632264104e-01	1.656105323857503531e-01	2.507296515017451988e-01	1.508221195574591666e-01	7.219271425615023108e-02	2.878993712058084548e-02	7.477422781487726156e-02
1.145100209572205586e+03	2.568658100450957327e-01	1.654695751966688555e-01	2.508777828647114627e-01	1.509144098656327315e-01	7.223147032973771531e-02	2.881014116497081223e-02	7.483081053297212237e-02
1.146551540636302207e+03	2.566511683818889500e-01	1.653288536793297292e-01	2.510256354376653176e-01	1.510065518335791113e-01	7.227016777802156011e-02	2.883031369022357251e-02	7.488730919908118122e-02
1.148002871700398828e+03	2.564368917603209730e-01	1.651883674297525417e-01	2.511732097519312479e-01	1.510985456956925321e-01	7.230880668344841222e-02	2.885045474900423818e-02	7.494372392963949414e-02
1.149454202764495449e+03	2.562229795681201794e-01	1.650481160446665707e-01	2.513205063377902948e-01	1.511903916860076746e-01	7.234738712838433006e-02	2.887056439388964446e-02	7.500005484093080765e-02
1.150905533828591842e+03	2.560094311940269707e-01	1.649080991215092773e-01	2.514675257244819440e-01	1.512820900382004230e-01	7.238590919511445065e-02	2.889064267736852348e-02	7.505630204908791958e-02
1.152356864892688463e+03	2.557962460277922734e-01	1.647683162584251682e-01	2.516142684402065122e-01	1.513736409855881704e-01	7.242437296584260109e-02	2.891068965184161871e-02	7.511246567009313702e-02
1.153808195956785084e+03	2.555834234601755961e-01	1.646287670542645187e-01	2.517607350121273124e-01	1.514650447611304851e-01	7.246277852269097930e-02	2.893070536962184802e-02	7.516854581977865102e-02
1.155259527020881706e+03	2.553709628829436973e-01	1.644894511085819855e-01	2.519069259663728189e-01	1.515563015974296657e-01	7.250112594769984875e-02	2.895068988293445639e-02	7.522454261382691132e-02
1.156710858084978327e+03	2.551588636888686978e-01	1.643503680216354956e-01	2.520528418280386651e-01	1.516474117267311850e-01	7.253941532282713600e-02	2.897064324391713727e-02	7.528045616777101490e-02
1.158162189149074720e+03	2.549471252717267489e-01	1.642115173943848039e-01	2.521984831211898648e-01	1.517383753809243285e-01	7.257764672994816701e-02	2.899056550462020959e-02	7.533628659699513619e-02
1.159613520213171569e+03	2.547357470262961998e-01	1.640728988284904377e-01	2.523438503688629764e-01	1.518291927915426665e-01	7.261582025085538961e-02	2.901045671700672873e-02	7.539203401673481852e-02
1.161064851277267962e+03	2.545247283483560996e-01	1.639345119263121986e-01	2.524889440930682127e-01	1.519198641897646918e-01	7.265393596725797098e-02	2.903031693295266349e-02	7.544769854207743209e-02
1.162516182341364356e+03	2.543140686346844759e-01	1.637963562909080517e-01	2.526337648147914949e-01	1.520103898064141812e-01	7.269199396078157571e-02	2.905014620424701058e-02	7.550328028796245150e-02
1.163967513405461204e+03	2.541037672830568916e-01	1.636584315260328215e-01	2.527783130539967282e-01	1.521007698719609169e-01	7.272999431296804651e-02	2.906994458259195765e-02	7.555877936918185822e-02
1.165418844469557826e+03	2.538938236922446690e-01	1.635207372361369704e-01	2.529225893296278005e-01	1.521910046165210473e-01	7.276793710527516834e-02	2.908971211960302214e-02	7.561419590038050142e-02
1.166870175533654447e+03	2.536842372620134456e-01	1.633832730263652389e-01	2.530665941596108026e-01	1.522810942698577530e-01	7.280582241907629371e-02	2.910944886680920038e-02	7.566952999605643104e-02
1.168321506597751068e+03	2.534750073931213987e-01	1.632460385025555072e-01	2.532103280608559714e-01	1.523710390613817189e-01	7.284365033566017611e-02	2.912915487565309949e-02	7.572478177056127246e-02
1.169772837661847461e+03	2.532661334873177461e-01	1.631090332712375190e-01	2.533537915492599102e-01	1.524608392201516338e-01	7.288142093623065088e-02	2.914883019749109697e-02	7.577995133810051798e-02
1.171224168725944082e+03	2.530576149473412473e-01	1.629722569396315768e-01	2.534969851397076979e-01	1.525504949748748007e-01	7.291913430190637146e-02	2.916847488359345861e-02	7.583503881273391534e-02
1.172675499790040703e+03	2.528494511769184272e-01	1.628357091156473757e-01	2.536399093460747767e-01	1.526400065539076090e-01	7.295679051372057355e-02	2.918808898514450856e-02	7.589004430837574533e-02
1.174126830854137097e+03	2.526416415807621330e-01	1.626993894078826719e-01	2.537825646812293945e-01	1.527293741852560338e-01	7.299438965262085299e-02	2.920767255324275419e-02	7.594496793879519647e-02
1.175578161918233945e+03	2.524341855645696464e-01	1.625632974256221164e-01	2.539249516570343812e-01	1.528185980965762192e-01	7.303193179946891600e-02	2.922722563890103875e-02	7.599980981761667032e-02
1.177029492982330339e+03	2.522270825350216295e-01	1.624274327788360062e-01	2.540670707843492582e-01	1.529076785151750051e-01	7.306941703504031549e-02	2.924674829304667323e-02	7.605457005832010065e-02
1.178480824046426733e+03	2.520203318997799591e-01	1.622917950781789798e-01	2.542089225730325697e-01	1.529966156680103717e-01	7.310684544002424290e-02	2.926624056652158551e-02	7.610924877424125878e-02
1.179932155110523581e+03	2.518139330674865617e-01	1.621563839349888791e-01	2.543505075319436037e-01	1.530854097816920500e-01	7.314421709502330615e-02	2.928570251008246264e-02	7.616384607857207278e-02
1.181383486174620202e+03	2.516078854477616922e-01	1.620211989612854175e-01	2.544918261689446681e-01	1.531740610824819937e-01	7.318153208055334924e-02	2.930513417440088961e-02	7.621836208436097437e-02
1.182834817238716823e+03	2.514021884512022686e-01	1.618862397697690414e-01	2.546328789909030332e-01	1.532625697962948508e-01	7.321879047704316079e-02	2.932453561006348811e-02	7.627279690451312100e-02
1.184286148302813444e+03	2.511968414893804846e-01	1.617515059738197092e-01	2.547736665036930415e-01	1.533509361486985745e-01	7.325599236483433530e-02	2.934390686757206573e-02	7.632715065179077052e-02
1.185737479366910065e+03	2.509918439748419217e-01	1.616169971874955313e-01	2.549141892121981612e-01	1.534391603649149782e-01	7.329313782418107881e-02	2.936324799734374089e-02	7.638142343881351715e-02
1.187188810431006686e+03	2.507871953211044391e-01	1.614827130255316323e-01	2.550544476203129851e-01	1.535272426698200965e-01	7.333022693524997304e-02	2.938255904971110236e-02	7.643561537805863837e-02
1.188640141495103080e+03	2.505828949426561758e-01	1.613486531033390403e-01	2.551944422309453953e-01	1.536151832879447954e-01	7.336725977811979493e-02	2.940184007492233770e-02	7.648972658186135865e-02
1.190091472559199701e+03	2.503789422549542176e-01	1.612148170370032718e-01	2.553341735460182838e-01	1.537029824434752723e-01	7.340423643278136401e-02	2.942109112314137895e-02	7.654375716241511307e-02
1.191542803623296322e+03	2.501753366744228768e-01	1.610812044432832491e-01	2.554736420664719398e-01	1.537906403602536110e-01	7.344115697913732033e-02	2.944031224444803446e-02	7.659770723177186658e-02
1.192994134687392716e+03	2.499720776184523596e-01	1.609478149396100233e-01	2.556128482922658263e-01	1.538781572617781979e-01	7.347802149700198571e-02	2.945950348883813463e-02	7.665157690184239148e-02
1.194445465751489564e+03	2.497691645053969622e-01	1.608146481440855813e-01	2.557517927223807441e-01	1.539655333712042773e-01	7.351483006610118331e-02	2.947866490622367067e-02	7.670536628439651727e-02
1.195896796815585958e+03	2.495665967545736275e-01	1.606817036754816796e-01	2.558904758548206648e-01	1.540527689113445065e-01	7.355158276607205725e-02	2.949779654643293683e-02	7.675907549106338046e-02
1.197348127879682352e+03	2.493643737862604182e-01	1.605489811532385680e-01	2.560288981866150615e-01	1.541398641046694273e-01	7.358827967646293378e-02	2.951689845921066577e-02	7.681270463333179921e-02
1.198799458943779200e+03	2.491624950216949352e-01	1.604164801974637955e-01	2.561670602138205188e-01	1.542268191733079941e-01	7.362492087673314090e-02	2.953597069421816379e-02	7.686625382255039829e-02
1.200250790007875821e+03	2.489609598830726522e-01	1.602842004289310451e-01	2.563049624315228425e-01	1.543136343390480170e-01	7.366150644625288346e-02	2.955501330103345314e-02	7.691972316992798375e-02
1.201702121071972442e+03	2.487597677935455831e-01	1.601521414690788847e-01	2.564426053338395017e-01	1.544003098233367177e-01	7.369803646430310440e-02	2.957402632915141424e-02	7.697311278653373723e-02
1.203153452136069063e+03	2.485589181772205336e-01	1.600203029400096566e-01	2.565799894139207393e-01	1.544868458472812567e-01	7.373451101007529040e-02	2.959300982798391058e-02	7.702642278329752124e-02
1.204604783200165684e+03	2.483584104591576858e-01	1.598886844644882010e-01	2.567171151639523474e-01	1.545732426316491770e-01	7.377093016267138870e-02	2.961196384685994137e-02	7.707965327101007347e-02
1.206056114264262078e+03	2.481582440653689881e-01	1.597572856659406904e-01	2.568539830751573882e-01	1.546595003968689874e-01	7.380729400110364047e-02	2.963088843502577688e-02	7.713280436032331211e-02
1.207507445328358699e+03	2.479584184228167121e-01	1.596261061684534077e-01	2.569905936377980260e-01	1.547456193630305787e-01	7.384360260429446987e-02	2.964978364164507982e-02	7.718587616175055788e-02
1.208958776392455093e+03	2.477589329594117040e-01	1.594951455967715814e-01	2.571269473411774698e-01	1.548315997498858065e-01	7.387985605107634524e-02	2.966864951579906498e-02	7.723886878566679770e-02
1.210410107456551941e+03	2.475597871040120801e-01	1.593644035762982469e-01	2.572630446736423604e-01	1.549174417768489076e-01	7.391605442019165417e-02	2.968748610648662065e-02	7.729178234230889288e-02
1.211861438520648335e+03	2.473609802864216167e-01	1.592338797330929978e-01	2.573988861225842140e-01	1.550031456629970550e-01	7.395219779029260643e-02	2.970629346262445084e-02	7.734461694177584279e-02
1.213312769584745183e+03	2.471625119373881130e-01	1.591035736938708200e-01	2.575344721744416421e-01	1.550887116270708299e-01	7.398828623994109510e-02	2.972507163304721409e-02	7.739737269402903463e-02
1.214764100648841804e+03	2.469643814886020583e-01	1.589734850860008708e-01	2.576698033147023503e-01	1.551741398874747491e-01	7.402431984760859951e-02	2.974382066650765183e-02	7.745004970889246554e-02
1.216215431712937971e+03	2.467665883726948839e-01	1.588436135375053682e-01	2.578048800279049146e-01	1.552594306622777642e-01	7.406029869167608803e-02	2.976254061167673409e-02	7.750264809605295069e-02
1.217666762777034819e+03	2.465691320232376860e-01	1.587139586770583977e-01	2.579397027976408352e-01	1.553445841692137341e-01	7.409622285043386547e-02	2.978123151714378095e-02	7.755516796506041477e-02
1.219118093841131440e+03	2.463720118747394494e-01	1.585845201339847743e-01	2.580742721065564238e-01	1.554296006256818685e-01	7.413209240208155915e-02	2.979989343141662556e-02	7.760760942532804463e-02
1.220569424905228061e+03	2.461752273626457155e-01	1.584552975382587381e-01	2.582085884363547468e-01	1.555144802487473388e-01	7.416790742472793851e-02	2.981852640292170786e-02	7.765997258613256682e-02
1.222020755969324682e+03	2.459787779233369442e-01	1.583262905205028992e-01	2.583426522677975679e-01	1.555992232551416943e-01	7.420366799639084576e-02	2.983713048000425153e-02	7.771225755661445578e-02
1.223472087033421303e+03	2.457826629941271546e-01	1.581974987119871001e-01	2.584764640807073466e-01	1.556838298612633620e-01	7.423937419499715418e-02	2.985570571092837147e-02	7.776446444577815587e-02
1.224923418097517697e+03	2.455868820132621755e-01	1.580689217446271666e-01	2.586100243539690702e-01	1.557683002831781460e-01	7.427502609838262937e-02	2.987425214387721961e-02	7.781659336249228953e-02
1.226374749161614318e+03	2.453914344199183972e-01	1.579405592509837142e-01	2.587433335655319744e-01	1.558526347366197273e-01	7.431062378429184601e-02	2.989276982695311669e-02	7.786864441548987936e-02
1.227826080225710712e+03	2.451963196542010226e-01	1.578124108642611767e-01	2.588763921924118749e-01	1.559368334369901354e-01	7.434616733037813230e-02	2.991125880817768409e-02	7.792061771336859788e-02
1.229277411289807560e+03	2.450015371571427902e-01	1.576844762183063908e-01	2.590092007106927219e-01	1.560208965993602759e-01	7.438165681420348674e-02	2.992971913549198962e-02	7.797251336459090632e-02
1.230728742353903954e+03	2.448070863707022538e-01	1.575567549476075968e-01	2.591417595955288755e-01	1.561048244384703465e-01	7.441709231323849483e-02	2.994815085675666538e-02	7.802433147748431830e-02
1.232180073418000802e+03	2.446129667377623940e-01	1.574292466872933560e-01	2.592740693211463832e-01	1.561886171687303926e-01	7.445247390486228745e-02	2.996655401975205010e-02	7.807607216024159413e-02
1.233631404482097196e+03	2.444191777021291756e-01	1.573019510731311632e-01	2.594061303608456437e-01	1.562722750042207787e-01	7.448780166636242983e-02	2.998492867217831745e-02	7.812773552092094898e-02
1.235082735546193817e+03	2.442257187085299652e-01	1.571748677415265028e-01	2.595379431870025733e-01	1.563557981586926326e-01	7.452307567493487994e-02	3.000327486165562177e-02	7.817932166744624711e-02
1.236534066610290438e+03	2.440325892026119770e-01	1.570479963295216275e-01	2.596695082710710478e-01	1.564391868455684287e-01	7.455829600768390519e-02	3.002159263572420911e-02	7.823083070760722402e-02
1.237985397674387059e+03	2.438397886309409124e-01	1.569213364747944206e-01	2.598008260835845129e-01	1.565224412779423202e-01	7.459346274162206858e-02	3.003988204184457333e-02	7.828226274905963900e-02
1.239436728738483680e+03	2.436473164409993786e-01	1.567948878156571746e-01	2.599318970941578710e-01	1.566055616685807228e-01	7.462857595367015928e-02	3.005814312739757063e-02	7.833361789932556662e-02
1.240888059802580301e+03	2.434551720811854447e-01	1.566686499910556196e-01	2.600627217714893691e-01	1.566885482299228416e-01	7.466363572065708165e-02	3.007637593968456174e-02	7.838489626579348002e-02
1.242339390866676695e+03	2.432633550008112266e-01	1.565426226405676746e-01	2.601933005833625412e-01	1.567714011740810043e-01	7.469864211931988296e-02	3.009458052592754035e-02	7.843609795571855614e-02
1.243790721930773088e+03	2.430718646501011937e-01	1.564168054044022260e-01	2.603236339966479851e-01	1.568541207128413273e-01	7.473359522630365626e-02	3.011275693326926836e-02	7.848722307622273131e-02
1.245242052994869937e+03	2.428807004801908920e-01	1.562911979233982118e-01	2.604537224773052495e-01	1.569367070576640211e-01	7.476849511816149874e-02	3.013090520877340084e-02	7.853827173429507591e-02
1.246693384058966330e+03	2.426898619431253623e-01	1.561657998390233171e-01	2.605835664903847215e-01	1.570191604196840007e-01	7.480334187135449786e-02	3.014902539942462475e-02	7.858924403679179438e-02
1.248144715123063179e+03	2.424993484918577247e-01	1.560406107933728637e-01	2.607131665000294585e-01	1.571014810097112469e-01	7.483813556225166197e-02	3.016711755212878737e-02	7.864014009043653053e-02
1.249596046187159800e+03	2.423091595802476517e-01	1.559156304291687833e-01	2.608425229694769643e-01	1.571836690382314161e-01	7.487287626712987865e-02	3.018518171371301767e-02	7.869096000182053408e-02
1.251047377251256421e+03	2.421192946630598419e-01	1.557908583897583410e-01	2.609716363610611323e-01	1.572657247154062021e-01	7.490756406217391472e-02	3.020321793092587900e-02	7.874170387740284105e-02
1.252498708315352815e+03	2.419297531959627434e-01	1.556662943191131354e-01	2.611005071362141883e-01	1.573476482510738628e-01	7.494219902347633300e-02	3.022122625043748359e-02	7.879237182351044033e-02
1.253950039379449436e+03	2.417405346355269158e-01	1.555419378618279336e-01	2.612291357554681337e-01	1.574294398547496920e-01	7.497678122703750614e-02	3.023920671883961742e-02	7.884296394633845406e-02
1.255401370443546057e+03	2.415516384392235594e-01	1.554177886631195049e-01	2.613575226784569105e-01	1.575110997356264919e-01	7.501131074876554727e-02	3.025715938264588942e-02	7.889348035195033193e-02
1.256852701507642678e+03	2.413630640654231829e-01	1.552938463688255388e-01	2.614856683639182333e-01	1.575926281025751274e-01	7.504578766447631000e-02	3.027508428829184250e-02	7.894392114627804546e-02
1.258304032571739299e+03	2.411748109733940215e-01	1.551701106254036178e-01	2.616135732696952543e-01	1.576740251641447765e-01	7.508021204989334674e-02	3.029298148213510275e-02	7.899428643512224069e-02
1.259755363635835920e+03	2.409868786233006210e-01	1.550465810799299404e-01	2.617412378527383954e-01	1.577552911285636239e-01	7.511458398064792263e-02	3.031085101045548694e-02	7.904457632415240464e-02
1.261206694699932314e+03	2.407992664762023671e-01	1.549232573800983226e-01	2.618686625691072911e-01	1.578364262037392496e-01	7.514890353227893227e-02	3.032869291945514481e-02	7.909479091890708746e-02
1.262658025764028707e+03	2.406119739940520974e-01	1.548001391742190591e-01	2.619958478739725094e-01	1.579174305972591008e-01	7.518317078023296907e-02	3.034650725525869092e-02	7.914493032479399948e-02
1.264109356828125556e+03	2.404250006396945749e-01	1.546772261112177582e-01	2.621227942216173834e-01	1.579983045163909638e-01	7.521738579986418649e-02	3.036429406391332603e-02	7.919499464709024716e-02
1.265560687892221949e+03	2.402383458768650448e-01	1.545545178406343700e-01	2.622495020654397879e-01	1.580790481680834081e-01	7.525154866643440910e-02	3.038205339138896899e-02	7.924498399094249967e-02
1.267012018956318798e+03	2.400520091701877912e-01	1.544320140126219931e-01	2.623759718579538602e-01	1.581596617589662856e-01	7.528565945511306312e-02	3.039978528357838161e-02	7.929489846136712761e-02
1.268463350020415419e+03	2.398659899851747213e-01	1.543097142779456532e-01	2.625022040507919985e-01	1.582401454953512865e-01	7.531971824097714874e-02	3.041748978629730399e-02	7.934473816325039730e-02
1.269914681084511813e+03	2.396802877882239224e-01	1.541876182879814705e-01	2.626281990947065270e-01	1.583204995832321604e-01	7.535372509901121230e-02	3.043516694528457592e-02	7.939450320134859573e-02
1.271366012148608434e+03	2.394949020466181355e-01	1.540657256947154108e-01	2.627539574395715283e-01	1.584007242282854666e-01	7.538768010410747122e-02	3.045281680620227222e-02	7.944419368028823869e-02
1.272817343212705055e+03	2.393098322285234780e-01	1.539440361507421196e-01	2.628794795343843971e-01	1.584808196358708510e-01	7.542158333106564749e-02	3.047043941463581027e-02	7.949380970456622342e-02
1.274268674276801676e+03	2.391250778029877788e-01	1.538225493092639784e-01	2.630047658272680611e-01	1.585607860110315459e-01	7.545543485459303701e-02	3.048803481609411309e-02	7.954335137854999516e-02
1.275720005340898297e+03	2.389406382399394402e-01	1.537012648240899393e-01	2.631298167654723685e-01	1.586406235584948698e-01	7.548923474930450961e-02	3.050560305600969954e-02	7.959281880647768592e-02
1.277171336404994690e+03	2.387565130101856892e-01	1.535801823496344420e-01	2.632546327953759202e-01	1.587203324826727546e-01	7.552298308972252294e-02	3.052314417973883698e-02	7.964221209245830879e-02
1.278622667469091539e+03	2.385727015854113842e-01	1.534593015409163042e-01	2.633792143624880677e-01	1.587999129876620230e-01	7.555667995027708084e-02	3.054065823256165227e-02	7.969153134047188280e-02
1.280073998533187932e+03	2.383892034381775160e-01	1.533386220535576938e-01	2.635035619114504679e-01	1.588793652772449994e-01	7.559032540530578881e-02	3.055814525968227058e-02	7.974077665436962725e-02
1.281525329597284326e+03	2.382060180419197093e-01	1.532181435437829642e-01	2.636276758860389147e-01	1.589586895548899259e-01	7.562391952905382631e-02	3.057560530622893333e-02	7.978994813787410045e-02
1.282976660661381175e+03	2.380231448709468900e-01	1.530978656684176542e-01	2.637515567291649488e-01	1.590378860237514624e-01	7.565746239567390508e-02	3.059303841725412657e-02	7.983904589457933854e-02
1.284427991725477568e+03	2.378405834004398145e-01	1.529777880848873506e-01	2.638752048828779118e-01	1.591169548866710748e-01	7.569095407922639407e-02	3.061044463773470586e-02	7.988807002795104972e-02
1.285879322789574417e+03	2.376583331064496540e-01	1.528579104512166054e-01	2.639986207883663893e-01	1.591958963461775345e-01	7.572439465367926392e-02	3.062782401257202122e-02	7.993702064132673923e-02
1.287330653853671038e+03	2.374763934658966902e-01	1.527382324260280200e-01	2.641218048859601542e-01	1.592747106044874184e-01	7.575778419290807308e-02	3.064517658659204891e-02	7.998589783791586194e-02
1.288781984917767431e+03	2.372947639565686495e-01	1.526187536685408852e-01	2.642447576151317201e-01	1.593533978635054416e-01	7.579112277069602333e-02	3.066250240454551287e-02	8.003470172080000278e-02
1.290233315981864052e+03	2.371134440571195934e-01	1.524994738385703208e-01	2.643674794144982854e-01	1.594319583248250682e-01	7.582441046073395974e-02	3.067980151110800968e-02	8.008343239293298776e-02
