1.001418434226643626e+03	2.800220545261413174e-01	1.806511132085273641e-01	2.347751396766248333e-01	1.410326348421476750e-01	6.809202414362430789e-02	2.662891261576603649e-02	6.879812098695958777e-02
1.002869765290740247e+03	2.797680504265212531e-01	1.804850551061344954e-01	2.349533735322932582e-01	1.411408240968355654e-01	6.813686308805735892e-02	2.665234689520872002e-02	6.886348685474039111e-02
1.004321096354836754e+03	2.795144773293611329e-01	1.803192756765444049e-01	2.351312709384512367e-01	1.412488404472085901e-01	6.818163510291368190e-02	2.667574429400765973e-02	6.892875621130431507e-02
1.005772427418933376e+03	2.792613345137432423e-01	1.801537744401648933e-01	2.353088325410482295e-01	1.413566841620733927e-01	6.822634027564491999e-02	2.669910487379640804e-02	6.899392919331984175e-02
1.007223758483029997e+03	2.790086212599332538e-01	1.799885509182504728e-01	2.354860589847416197e-01	1.414643555098358263e-01	6.827097869372020233e-02	2.672242869610542970e-02	6.905900593720411262e-02
1.008675089547126618e+03	2.787563368493776728e-01	1.798236046329008964e-01	2.356629509128996269e-01	1.415718547585016196e-01	6.831555044462397919e-02	2.674571582236228914e-02	6.912398657912482980e-02
1.010126420611223239e+03	2.785044805647023947e-01	1.796589351070595197e-01	2.358395089676043055e-01	1.416791821756770986e-01	6.836005561585377366e-02	2.676896631389181352e-02	6.918887125500208790e-02
1.011577751675319632e+03	2.782530516897106510e-01	1.794945418645119140e-01	2.360157337896543472e-01	1.417863380285697139e-01	6.840449429491797517e-02	2.679218023191626621e-02	6.925366010051012267e-02
1.013029082739416367e+03	2.780020495093814548e-01	1.793304244298842276e-01	2.361916260185680239e-01	1.418933225839887347e-01	6.844886656933377167e-02	2.681535763755551333e-02	6.931835325107918444e-02
1.014480413803512761e+03	2.777514733098678801e-01	1.791665823286416048e-01	2.363671862925861289e-01	1.420001361083458591e-01	6.849317252662495692e-02	2.683849859182718678e-02	6.938295084189727291e-02
1.015931744867609382e+03	2.775013223784948968e-01	1.790030150870867698e-01	2.365424152486746978e-01	1.421067788676559085e-01	6.853741225431995987e-02	2.686160315564686471e-02	6.944745300791180243e-02
1.017383075931706003e+03	2.772515960037577609e-01	1.788397222323585556e-01	2.367173135225280056e-01	1.422132511275372990e-01	6.858158583994974911e-02	2.688467138982823107e-02	6.951185988383137837e-02
1.018834406995802851e+03	2.770022934753202382e-01	1.786767032924300724e-01	2.368918817485713424e-01	1.423195531532128189e-01	6.862569337104587608e-02	2.690770335508324909e-02	6.957617160412742086e-02
1.020285738059899245e+03	2.767534140840126611e-01	1.785139577961075696e-01	2.370661205599638721e-01	1.424256852095101833e-01	6.866973493513851834e-02	2.693069911202232089e-02	6.964038830303583005e-02
1.021737069123995752e+03	2.765049571218304303e-01	1.783514852730287426e-01	2.372400305886015748e-01	1.425316475608626454e-01	6.871371061975457828e-02	2.695365872115445746e-02	6.970451011455854051e-02
1.023188400188092373e+03	2.762569218819319050e-01	1.781892852536611505e-01	2.374136124651198831e-01	1.426374404713096344e-01	6.875762051241578188e-02	2.697658224288745910e-02	6.976853717246518649e-02
1.024639731252188767e+03	2.760093076586367378e-01	1.780273572693008011e-01	2.375868668188965693e-01	1.427430642044973663e-01	6.880146470063683295e-02	2.699946973752806109e-02	6.983246961029467015e-02
1.026091062316285615e+03	2.757621137474240980e-01	1.778657008520706795e-01	2.377597942780545481e-01	1.428485190236793712e-01	6.884524327192362292e-02	2.702232126528211417e-02	6.989630756135661871e-02
1.027542393380382237e+03	2.755153394449307847e-01	1.777043155349190828e-01	2.379323954694647081e-01	1.429538051917172981e-01	6.888895631377139894e-02	2.704513688625474407e-02	6.996005115873296654e-02
1.028993724444478858e+03	2.752689840489496720e-01	1.775432008516183158e-01	2.381046710187486593e-01	1.430589229710813037e-01	6.893260391366311246e-02	2.706791666045052849e-02	7.002370053527939842e-02
1.030445055508575479e+03	2.750230468584276000e-01	1.773823563367630252e-01	2.382766215502814533e-01	1.431638726238508297e-01	6.897618615906758732e-02	2.709066064777364974e-02	7.008725582362686224e-02
1.031896386572671872e+03	2.747775271734637093e-01	1.772217815257688678e-01	2.384482476871944145e-01	1.432686544117150185e-01	6.901970313743793772e-02	2.711336890802806474e-02	7.015071715618298454e-02
1.033347717636768493e+03	2.745324242953078309e-01	1.770614759548707895e-01	2.386195500513778600e-01	1.433732685959735187e-01	6.906315493620984736e-02	2.713604150091767156e-02	7.021408466513347213e-02
1.034799048700865114e+03	2.742877375263583772e-01	1.769014391611217762e-01	2.387905292634838750e-01	1.434777154375369568e-01	6.910654164279998735e-02	2.715867848604647944e-02	7.027735848244349992e-02
1.036250379764961508e+03	2.740434661701608432e-01	1.767416706823912165e-01	2.389611859429290053e-01	1.435819951969275199e-01	6.914986334460440642e-02	2.718127992291876488e-02	7.034053873985914029e-02
1.037701710829058356e+03	2.737996095314059741e-01	1.765821700573635133e-01	2.391315207078970051e-01	1.436861081342795665e-01	6.919312012899694886e-02	2.720384587093924167e-02	7.040362556890866763e-02
1.039153041893154750e+03	2.735561669159277121e-01	1.764229368255364749e-01	2.393015341753415570e-01	1.437900545093403482e-01	6.923631208332776954e-02	2.722637638941321700e-02	7.046661910090386283e-02
1.040604372957251599e+03	2.733131376307016969e-01	1.762639705272199264e-01	2.394712269609889366e-01	1.438938345814703701e-01	6.927943929492180741e-02	2.724887153754676841e-02	7.052951946694140106e-02
1.042055704021347992e+03	2.730705209838434899e-01	1.761052707035342946e-01	2.396405996793408155e-01	1.439974486096441408e-01	6.932250185107725893e-02	2.727133137444690339e-02	7.059232679790405918e-02
1.043507035085444613e+03	2.728283162846066312e-01	1.759468368964088592e-01	2.398096529436767599e-01	1.441008968524506995e-01	6.936549983906423189e-02	2.729375595912170854e-02	7.065504122446199242e-02
1.044958366149541234e+03	2.725865228433810294e-01	1.757886686485807259e-01	2.399783873660571443e-01	1.442041795680941985e-01	6.940843334612323279e-02	2.731614535048053696e-02	7.071766287707403897e-02
1.046409697213637855e+03	2.723451399716911303e-01	1.756307655035929394e-01	2.401468035573255944e-01	1.443072970143945422e-01	6.945130245946376513e-02	2.733849960733415047e-02	7.078019188598885791e-02
1.047861028277734476e+03	2.721041669821939735e-01	1.754731270057932613e-01	2.403149021271118180e-01	1.444102494487878030e-01	6.949410726626302492e-02	2.736081878839490347e-02	7.084262838124620598e-02
1.049312359341831097e+03	2.718636031886776938e-01	1.753157527003326166e-01	2.404826836838341864e-01	1.445130371283269988e-01	6.953684785366452681e-02	2.738310295227687832e-02	7.090497249267808944e-02
1.050763690405927491e+03	2.716234479060596341e-01	1.751586421331636223e-01	2.406501488347023709e-01	1.446156603096825366e-01	6.957952430877678562e-02	2.740535215749606568e-02	7.096722434990995754e-02
1.052215021470024112e+03	2.713837004503845129e-01	1.750017948510392829e-01	2.408172981857200634e-01	1.447181192491428514e-01	6.962213671867197029e-02	2.742756646247052760e-02	7.102938408236179890e-02
1.053666352534120733e+03	2.711443601388227598e-01	1.748452104015112696e-01	2.409841323416874459e-01	1.448204142026149055e-01	6.966468517038471031e-02	2.744974592552055365e-02	7.109145181924933499e-02
1.055117683598217127e+03	2.709054262896687382e-01	1.746888883329286990e-01	2.411506519062039389e-01	1.449225454256248269e-01	6.970716975091083289e-02	2.747189060486882051e-02	7.115342768958507480e-02
1.056569014662313975e+03	2.706668982223389697e-01	1.745328281944365789e-01	2.413168574816708101e-01	1.450245131733184922e-01	6.974959054720607232e-02	2.749400055864055503e-02	7.121531182217946676e-02
1.058020345726410369e+03	2.704287752573703019e-01	1.743770295359743649e-01	2.414827496692937003e-01	1.451263177004619709e-01	6.979194764618494584e-02	2.751607584486369731e-02	7.127710434564195341e-02
1.059471676790506763e+03	2.701910567164181876e-01	1.742214919082746005e-01	2.416483290690852881e-01	1.452279592614422188e-01	6.983424113471954631e-02	2.753811652146906722e-02	7.133880538838201224e-02
1.060923007854603611e+03	2.699537419222551304e-01	1.740662148628613348e-01	2.418135962798677874e-01	1.453294381102675781e-01	6.987647109963839032e-02	2.756012264629051009e-02	7.140041507861021042e-02
1.062374338918700232e+03	2.697168301987685202e-01	1.739111979520488738e-01	2.419785518992756401e-01	1.454307545005683322e-01	6.991863762772525248e-02	2.758209427706506331e-02	7.146193354433924561e-02
1.063825669982796853e+03	2.694803208709592446e-01	1.737564407289401425e-01	2.421431965237580697e-01	1.455319086855972610e-01	6.996074080571809684e-02	2.760403147143311933e-02	7.152336091338498680e-02
1.065277001046893474e+03	2.692442132649398578e-01	1.736019427474253529e-01	2.423075307485815233e-01	1.456329009182302792e-01	7.000278072030796661e-02	2.762593428693858183e-02	7.158469731336737640e-02
1.066728332110990095e+03	2.690085067079325820e-01	1.734477035621805885e-01	2.424715551678323644e-01	1.457337314509669079e-01	7.004475745813791565e-02	2.764780278102903222e-02	7.164594287171151266e-02
1.068179663175086489e+03	2.687732005282679748e-01	1.732937227286663884e-01	2.426352703744193151e-01	1.458344005359307749e-01	7.008667110580195370e-02	2.766963701105588577e-02	7.170709771564855173e-02
1.069630994239183110e+03	2.685382940553828757e-01	1.731399998031262488e-01	2.427986769600761208e-01	1.459349084248703354e-01	7.012852174984400555e-02	2.769143703427453737e-02	7.176816197221670690e-02
1.071082325303279504e+03	2.683037866198187404e-01	1.729865343425852908e-01	2.429617755153639647e-01	1.460352553691592614e-01	7.017030947675692576e-02	2.771320290784454188e-02	7.182913576826210900e-02
1.072533656367376352e+03	2.680696775532199205e-01	1.728333259048488169e-01	2.431245666296739938e-01	1.461354416197970796e-01	7.021203437298149941e-02	2.773493468882974600e-02	7.189001923043979170e-02
1.073984987431472746e+03	2.678359661883319420e-01	1.726803740485008121e-01	2.432870508912299556e-01	1.462354674274096988e-01	7.025369652490544292e-02	2.775663243419847909e-02	7.195081248521462136e-02
1.075436318495569594e+03	2.676026518589996184e-01	1.725276783329026120e-01	2.434492288870905574e-01	1.463353330422499377e-01	7.029529601886248813e-02	2.777829620082368847e-02	7.201151565886211581e-02
1.076887649559666215e+03	2.673697339001655515e-01	1.723752383181914871e-01	2.436111012031520473e-01	1.464350387141980514e-01	7.033683294113141082e-02	2.779992604548309904e-02	7.207212887746933250e-02
1.078338980623762609e+03	2.671372116478682446e-01	1.722230535652792549e-01	2.437726684241507680e-01	1.465345846927623708e-01	7.037830737793512870e-02	2.782152202485937281e-02	7.213265226693581222e-02
1.079790311687859230e+03	2.669050844392404920e-01	1.720711236358508089e-01	2.439339311336654603e-01	1.466339712270797180e-01	7.041971941543985480e-02	2.784308419554027900e-02	7.219308595297435627e-02
1.081241642751955851e+03	2.666733516125074921e-01	1.719194480923627588e-01	2.440948899141199280e-01	1.467331985659159899e-01	7.046106913975408448e-02	2.786461261401882231e-02	7.225343006111187294e-02
1.082692973816052472e+03	2.664420125069851264e-01	1.717680264980420701e-01	2.442555453467853965e-01	1.468322669576667683e-01	7.050235663692785981e-02	2.788610733669343034e-02	7.231368471669023801e-02
1.084144304880149093e+03	2.662110664630784607e-01	1.716168584168845934e-01	2.444158980117830671e-01	1.469311766503577366e-01	7.054358199295185372e-02	2.790756841986808887e-02	7.237385004486709961e-02
1.085595635944245487e+03	2.659805128222796355e-01	1.714659434136536487e-01	2.445759484880865309e-01	1.470299278916453456e-01	7.058474529375653728e-02	2.792899591975251186e-02	7.243392617061668315e-02
1.087046967008342108e+03	2.657503509271665343e-01	1.713152810538788040e-01	2.447356973535241009e-01	1.471285209288171747e-01	7.062584662521143031e-02	2.795038989246228719e-02	7.249391321873051297e-02
1.088498298072438729e+03	2.655205801214008954e-01	1.711648709038542382e-01	2.448951451847814487e-01	1.472269560087926810e-01	7.066688607312421322e-02	2.797175039401903623e-02	7.255381131381830051e-02
1.089949629136535123e+03	2.652911997497265362e-01	1.710147125306375471e-01	2.450542925574039910e-01	1.473252333781235601e-01	7.070786372323996372e-02	2.799307748035056650e-02	7.261362058030863820e-02
1.091400960200631971e+03	2.650622091579676876e-01	1.708648055020483003e-01	2.452131400457992771e-01	1.474233532829942739e-01	7.074877966124043516e-02	2.801437120729103822e-02	7.267334114244977661e-02
1.092852291264728365e+03	2.648336076930273286e-01	1.707151493866667091e-01	2.453716882232392926e-01	1.475213159692227438e-01	7.078963397274326552e-02	2.803563163058109611e-02	7.273297312431035999e-02
1.094303622328825213e+03	2.646053947028853548e-01	1.705657437538320720e-01	2.455299376618631790e-01	1.476191216822607122e-01	7.083042674330124189e-02	2.805685880586805334e-02	7.279251664978017566e-02
1.095754953392921607e+03	2.643775695365970790e-01	1.704165881736416088e-01	2.456878889326793436e-01	1.477167706671943248e-01	7.087115805840157878e-02	2.807805278870601981e-02	7.285197184257084790e-02
1.097206284457018228e+03	2.641501315442911779e-01	1.702676822169489623e-01	2.458455426055680682e-01	1.478142631687446307e-01	7.091182800346522430e-02	2.809921363455607224e-02	7.291133882621655959e-02
1.098657615521114849e+03	2.639230800771684704e-01	1.701190254553629488e-01	2.460028992492837574e-01	1.479115994312682203e-01	7.095243666384611070e-02	2.812034139878640329e-02	7.297061772407478775e-02
1.100108946585211470e+03	2.636964144874997529e-01	1.699706174612460041e-01	2.461599594314574369e-01	1.480087796987575866e-01	7.099298412483052989e-02	2.814143613667247426e-02	7.302980865932690024e-02
1.101560277649308091e+03	2.634701341286242449e-01	1.698224578077130176e-01	2.463167237185990843e-01	1.481058042148417075e-01	7.103347047163648120e-02	2.816249790339717118e-02	7.308891175497897463e-02
1.103011608713404712e+03	2.632442383549480902e-01	1.696745460686297502e-01	2.464731926761000169e-01	1.482026732227866295e-01	7.107389578941292196e-02	2.818352675405095056e-02	7.314792713386232548e-02
1.104462939777501106e+03	2.630187265219423587e-01	1.695268818186117243e-01	2.466293668682351670e-01	1.482993869654958830e-01	7.111426016323921240e-02	2.820452274363200590e-02	7.320685491863425376e-02
1.105914270841597499e+03	2.627935979861416027e-01	1.693794646330227249e-01	2.467852468581656078e-01	1.483959456855110937e-01	7.115456367812447724e-02	2.822548592704640646e-02	7.326569523177865750e-02
1.107365601905694348e+03	2.625688521051419699e-01	1.692322940879733839e-01	2.469408332079408575e-01	1.484923496250123987e-01	7.119480641900695350e-02	2.824641635910826037e-02	7.332444819560671179e-02
1.108816932969790741e+03	2.623444882375997045e-01	1.690853697603199868e-01	2.470961264785011546e-01	1.485885990258190570e-01	7.123498847075337981e-02	2.826731409453985683e-02	7.338311393225747936e-02
1.110268264033887590e+03	2.621205057432292040e-01	1.689386912276629182e-01	2.472511272296798457e-01	1.486846941293898661e-01	7.127510991815846908e-02	2.828817918797183265e-02	7.344169256369847965e-02
1.111719595097984211e+03	2.618969039828015211e-01	1.687922580683456075e-01	2.474058360202057161e-01	1.487806351768238000e-01	7.131517084594427014e-02	2.830901169394329717e-02	7.350018421172639649e-02
1.113170926162080832e+03	2.616736823181426419e-01	1.686460698614528630e-01	2.475602534077053773e-01	1.488764224088603982e-01	7.135517133875962648e-02	2.832981166690201960e-02	7.355858899796763328e-02
1.114622257226177226e+03	2.614508401121318215e-01	1.685001261868098177e-01	2.477143799487055154e-01	1.489720560658803483e-01	7.139511148117960726e-02	2.835057916120455740e-02	7.361690704387888196e-02
1.116073588290273847e+03	2.612283767286998071e-01	1.683544266249802912e-01	2.478682161986352217e-01	1.490675363879059856e-01	7.143499135770497999e-02	2.837131423111640197e-02	7.367513847074776134e-02
1.117524919354370468e+03	2.610062915328273392e-01	1.682089707572657911e-01	2.480217627118283252e-01	1.491628636146017650e-01	7.147481105276168312e-02	2.839201693081214867e-02	7.373328339969338618e-02
1.118976250418467089e+03	2.607845838905433755e-01	1.680637581657038471e-01	2.481750200415256957e-01	1.492580379852747885e-01	7.151457065070025709e-02	2.841268731437563907e-02	7.379134195166689447e-02
1.120427581482563710e+03	2.605632531689230924e-01	1.679187884330669012e-01	2.483279887398775476e-01	1.493530597388753323e-01	7.155427023579537249e-02	2.843332543580010668e-02	7.384931424745207196e-02
1.121878912546660331e+03	2.603422987360869967e-01	1.677740611428608919e-01	2.484806693579457160e-01	1.494479291139973187e-01	7.159390989224534430e-02	2.845393134898832263e-02	7.390720040766586563e-02
1.123330243610756725e+03	2.601217199611984277e-01	1.676295758793239776e-01	2.486330624457059324e-01	1.495426463488788160e-01	7.163348970417157680e-02	2.847450510775276222e-02	7.396500055275895269e-02
1.124781574674853118e+03	2.599015162144623914e-01	1.674853322274251488e-01	2.487851685520501288e-01	1.496372116814026487e-01	7.167300975561816112e-02	2.849504676581574719e-02	7.402271480301624018e-02
1.126232905738949967e+03	2.596816868671236733e-01	1.673413297728628957e-01	2.489369882247886856e-01	1.497316253490966753e-01	7.171247013055136177e-02	2.851555637680958100e-02	7.408034327855746171e-02
1.127684236803046360e+03	2.594622312914653950e-01	1.671975681020640425e-01	2.490885220106528186e-01	1.498258875891345376e-01	7.175187091285917251e-02	2.853603399427672577e-02	7.413788609933764928e-02
1.129135567867143209e+03	2.592431488608070156e-01	1.670540468021821934e-01	2.492397704552966331e-01	1.499199986383359662e-01	7.179121218635085844e-02	2.855647967166992374e-02	7.419534338514766070e-02
1.130586898931239830e+03	2.590244389495030553e-01	1.669107654610966218e-01	2.493907341032995384e-01	1.500139587331674462e-01	7.183049403475649797e-02	2.857689346235236377e-02	7.425271525561469299e-02
1.132038229995336451e+03	2.588061009329412077e-01	1.667677236674108554e-01	2.495414134981683851e-01	1.501077681097424676e-01	7.186971654172660817e-02	2.859727541959781322e-02	7.431000183020280980e-02
1.133489561059432845e+03	2.585881341875405637e-01	1.666249210104513712e-01	2.496918091823399077e-01	1.502014270038223853e-01	7.190887979083165904e-02	2.861762559659078442e-02	7.436720322821339935e-02
1.134940892123529466e+03	2.583705380907503346e-01	1.664823570802663466e-01	2.498419216971827783e-01	1.502949356508165302e-01	7.194798386556169878e-02	2.863794404642668046e-02	7.442431956878570176e-02
1.136392223187626087e+03	2.581533120210479093e-01	1.663400314676242442e-01	2.499917515829997994e-01	1.503882942857830418e-01	7.198702884932595136e-02	2.865823082211192349e-02	7.448135097089723933e-02
1.137843554251722708e+03	2.579364553579372443e-01	1.661979437640126178e-01	2.501412993790304018e-01	1.504815031434290074e-01	7.202601482545238631e-02	2.867848597656412132e-02	7.453829755336432994e-02
1.139294885315819101e+03	2.577199674819473096e-01	1.660560935616367806e-01	2.502905656234525322e-01	1.505745624581113495e-01	7.206494187718737177e-02	2.869870956261219921e-02	7.459515943484255895e-02
1.140746216379915950e+03	2.575038477746303678e-01	1.659144804534184725e-01	2.504395508533851511e-01	1.506674724638369933e-01	7.210381008769528588e-02	2.871890163299657336e-02	7.465193673382723716e-02
1.142197547444012343e+03	2.572880956185604195e-01	1.657731040329946393e-01	2.505882556048902310e-01	1.507602333942635320e-01	7.214261954005815602e-02	2.873906224036926541e-02	7.470862956865384485e-02
1.143648878508108737e+03	2.570727103973314276e-01	1.656319638947160167e-01	2.507366804129750881e-01	1.508528454826996434e-01	7.218137031727527020e-02	2.875919143729407240e-02	7.476523805749848983e-02
1.145100209572205586e+03	2.568576914955558732e-01	1.654910596336460482e-01	2.508848258115946028e-01	1.509453089621056177e-01	7.222006250226287172e-02	2.877928927624669522e-02	7.482176231837836533e-02
1.146551540636302207e+03	2.566430382988629244e-01	1.653503908455593030e-01	2.510326923336532179e-01	1.510376240650938284e-01	7.225869617785372900e-02	2.879935580961490160e-02	7.487820246915219413e-02
1.148002871700398828e+03	2.564287501938968816e-01	1.652099571269404488e-01	2.511802805110073811e-01	1.511297910239291775e-01	7.229727142679691354e-02	2.881939108969866145e-02	7.493455862752060326e-02
1.149454202764495449e+03	2.562148265683155679e-01	1.650697580749828641e-01	2.513275908744676546e-01	1.512218100705296775e-01	7.233578833175736966e-02	2.883939516871028910e-02	7.499083091102662357e-02
1.150905533828591842e+03	2.560012668107887190e-01	1.649297932875873618e-01	2.514746239538006578e-01	1.513136814364668681e-01	7.237424697531565088e-02	2.885936809877459597e-02	7.504701943705609224e-02
1.152356864892688463e+03	2.557880703109963183e-01	1.647900623633609674e-01	2.516213802777316766e-01	1.514054053529663157e-01	7.241264743996760067e-02	2.887930993192903972e-02	7.510312432283804129e-02
1.153808195956785084e+03	2.555752364596269310e-01	1.646505649016154760e-01	2.517678603739463838e-01	1.514969820509081133e-01	7.245098980812401945e-02	2.889922072012385615e-02	7.515914568544514174e-02
1.155259527020881706e+03	2.553627646483762059e-01	1.645113005023663977e-01	2.519140647690932822e-01	1.515884117608272963e-01	7.248927416211037311e-02	2.891910051522221525e-02	7.521508364179409212e-02
1.156710858084978327e+03	2.551506542699452096e-01	1.643722687663314863e-01	2.520599939887858132e-01	1.516796947129144257e-01	7.252750058416651546e-02	2.893894936900035311e-02	7.527093830864604873e-02
1.158162189149074720e+03	2.549389047180385948e-01	1.642334692949296848e-01	2.522056485576044116e-01	1.517708311370160046e-01	7.256566915644641069e-02	2.895876733314773493e-02	7.532670980260695870e-02
1.159613520213171569e+03	2.547275153873633791e-01	1.640949016902797097e-01	2.523510289990987254e-01	1.518618212626349773e-01	7.260377996101778642e-02	2.897855445926717649e-02	7.538239824012800405e-02
1.161064851277267962e+03	2.545164856736270020e-01	1.639565655551987744e-01	2.524961358357898367e-01	1.519526653189311460e-01	7.264183307986195326e-02	2.899831079887500718e-02	7.543800373750597643e-02
1.162516182341364356e+03	2.543058149735359930e-01	1.638184604932014232e-01	2.526409695891721485e-01	1.520433635347217538e-01	7.267982859487348568e-02	2.901803640340120186e-02	7.549352641088367954e-02
1.163967513405461204e+03	2.540955026847940834e-01	1.636805861084981717e-01	2.527855307797157169e-01	1.521339161384819283e-01	7.271776658785997216e-02	2.903773132418951963e-02	7.554896637625023448e-02
1.165418844469557826e+03	2.538855482061007085e-01	1.635429420059943684e-01	2.529298199268684155e-01	1.522243233583451816e-01	7.275564714054176541e-02	2.905739561249766692e-02	7.560432374944153766e-02
1.166870175533654447e+03	2.536759509371495636e-01	1.634055277912888071e-01	2.530738375490577674e-01	1.523145854221037154e-01	7.279347033455171867e-02	2.907702931949741540e-02	7.565959864614058006e-02
1.168321506597751068e+03	2.534667102786267723e-01	1.632683430706725891e-01	2.532175841636934988e-01	1.524047025572091707e-01	7.283123625143500535e-02	2.909663249627476508e-02	7.571479118187779411e-02
1.169772837661847461e+03	2.532578256322093879e-01	1.631313874511278461e-01	2.533610602871692041e-01	1.524946749907728494e-01	7.286894497264875814e-02	2.911620519383007963e-02	7.576990147203147008e-02
1.171224168725944082e+03	2.530492964005638390e-01	1.629946605403263804e-01	2.535042664348647889e-01	1.525845029495663252e-01	7.290659657956198580e-02	2.913574746307821817e-02	7.582492963182806134e-02
1.172675499790040703e+03	2.528411219873442639e-01	1.628581619466286101e-01	2.536472031211483014e-01	1.526741866600219433e-01	7.294419115345525395e-02	2.915525935484869144e-02	7.587987577634254521e-02
1.174126830854137097e+03	2.526333017971909012e-01	1.627218912790821537e-01	2.537898708593783192e-01	1.527637263482332086e-01	7.298172877552050464e-02	2.917474091988578669e-02	7.593474002049876992e-02
1.175578161918233945e+03	2.524258352357285906e-01	1.625858481474207473e-01	2.539322701619056710e-01	1.528531222399552858e-01	7.301920952686083433e-02	2.919419220884873767e-02	7.598952247906982926e-02
1.177029492982330339e+03	2.522187217095651079e-01	1.624500321620628573e-01	2.540744015400758227e-01	1.529423745606054430e-01	7.305663348849029959e-02	2.921361327231183219e-02	7.604422326667835408e-02
1.178480824046426733e+03	2.520119606262897216e-01	1.623144429341105421e-01	2.542162655042307651e-01	1.530314835352636349e-01	7.309400074133369507e-02	2.923300416076457520e-02	7.609884249779683141e-02
1.179932155110523581e+03	2.518055513944713053e-01	1.621790800753481754e-01	2.543578625637112345e-01	1.531204493886727802e-01	7.313131136622637307e-02	2.925236492461182752e-02	7.615338028674799309e-02
1.181383486174620202e+03	2.515994934236571723e-01	1.620439431982412248e-01	2.544991932268587664e-01	1.532092723452393723e-01	7.316856544391403538e-02	2.927169561417392735e-02	7.620783674770510718e-02
1.182834817238716823e+03	2.513937861243710770e-01	1.619090319159351143e-01	2.546402580010176386e-01	1.532979526290339789e-01	7.320576305505258063e-02	2.929099627968686018e-02	7.626221199469232492e-02
1.184286148302813444e+03	2.511884289081119936e-01	1.617743458422537528e-01	2.547810573925370359e-01	1.533864904637915472e-01	7.324290428020789612e-02	2.931026697130237335e-02	7.631650614158495827e-02
1.185737479366910065e+03	2.509834211873522847e-01	1.616398845916985905e-01	2.549215919067730485e-01	1.534748860729120146e-01	7.327998919985569126e-02	2.932950773908812522e-02	7.637071930210979909e-02
1.187188810431006686e+03	2.507787623755363127e-01	1.615056477794472312e-01	2.550618620480906706e-01	1.535631396794606696e-01	7.331701789438131722e-02	2.934871863302782394e-02	7.642485158984549387e-02
1.188640141495103080e+03	2.505744518870787196e-01	1.613716350213522388e-01	2.552018683198660209e-01	1.536512515061687345e-01	7.335399044407962810e-02	2.936789970302138009e-02	7.647890311822275189e-02
1.190091472559199701e+03	2.503704891373630392e-01	1.612378459339399717e-01	2.553416112244882297e-01	1.537392217754337265e-01	7.339090692915478664e-02	2.938705099888501426e-02	7.653287400052473377e-02
1.191542803623296322e+03	2.501668735427399204e-01	1.611042801344093056e-01	2.554810912633614928e-01	1.538270507093199568e-01	7.342776742972011161e-02	2.940617257035142706e-02	7.658676434988731518e-02
1.192994134687392716e+03	2.499636045205256840e-01	1.609709372406304961e-01	2.556203089369070702e-01	1.539147385295590031e-01	7.346457202579798063e-02	2.942526446706992052e-02	7.664057427929937827e-02
1.194445465751489564e+03	2.497606814890007410e-01	1.608378168711439016e-01	2.557592647445654510e-01	1.540022854575501254e-01	7.350132079731958035e-02	2.944432673860654728e-02	7.669430390160313082e-02
1.195896796815585958e+03	2.495581038674081209e-01	1.607049186451587619e-01	2.558979591847982404e-01	1.540896917143608491e-01	7.353801382412486487e-02	2.946335943444423552e-02	7.674795332949436999e-02
1.197348127879682352e+03	2.493558710759518071e-01	1.605722421825520330e-01	2.560363927550902141e-01	1.541769575207272425e-01	7.357465118596234754e-02	2.948236260398293812e-02	7.680152267552281531e-02
1.198799458943779200e+03	2.491539825357952098e-01	1.604397871038672208e-01	2.561745659519513163e-01	1.542640830970545274e-01	7.361123296248901771e-02	2.950133629653976103e-02	7.685501205209231690e-02
1.200250790007875821e+03	2.489524376690596674e-01	1.603075530303130214e-01	2.563124792709186583e-01	1.543510686634174400e-01	7.364775923327017415e-02	2.952028056134911593e-02	7.690842157146120239e-02
1.201702121071972442e+03	2.487512358988227812e-01	1.601755395837623774e-01	2.564501332065586836e-01	1.544379144395607861e-01	7.368423007777930023e-02	2.953919544756283821e-02	7.696175134574255450e-02
1.203153452136069063e+03	2.485503766491169719e-01	1.600437463867510901e-01	2.565875282524687773e-01	1.545246206448997739e-01	7.372064557539795282e-02	2.955808100425033613e-02	7.701500148690443304e-02
1.204604783200165684e+03	2.483498593449278979e-01	1.599121730624766258e-01	2.567246649012796533e-01	1.546111874985205692e-01	7.375700580541566520e-02	2.957693728039872613e-02	7.706817210677019414e-02
1.206056114264262078e+03	2.481496834121928730e-01	1.597808192347970613e-01	2.568615436446570754e-01	1.546976152191807952e-01	7.379331084702976662e-02	2.959576432491296122e-02	7.712126331701876780e-02
1.207507445328358699e+03	2.479498482777995338e-01	1.596496845282296961e-01	2.569981649733041329e-01	1.547839040253097820e-01	7.382956077934534067e-02	2.961456218661598361e-02	7.717427522918489380e-02
1.208958776392455093e+03	2.477503533695839810e-01	1.595187685679500256e-01	2.571345293769627949e-01	1.548700541350092608e-01	7.386575568137508652e-02	2.963333091424884616e-02	7.722720795465939925e-02
1.210410107456551941e+03	2.475511981163294739e-01	1.593880709797904915e-01	2.572706373444161865e-01	1.549560657660536689e-01	7.390189563203923562e-02	2.965207055647085463e-02	7.728006160468944841e-02
1.211861438520648335e+03	2.473523819477648766e-01	1.592575913902393170e-01	2.574064893634906426e-01	1.550419391358906496e-01	7.393798071016539908e-02	2.967078116185969949e-02	7.733283629037883411e-02
1.213312769584745183e+03	2.471539042945629649e-01	1.591273294264393123e-01	2.575420859210572622e-01	1.551276744616414960e-01	7.397401099448853989e-02	2.968946277891159474e-02	7.738553212268818593e-02
1.214764100648841804e+03	2.469557645883391772e-01	1.589972847161867375e-01	2.576774275030342953e-01	1.552132719601015953e-01	7.400998656365084805e-02	2.970811545604141665e-02	7.743814921243530325e-02
1.216215431712937971e+03	2.467579622616497825e-01	1.588674568879299975e-01	2.578125145943888641e-01	1.552987318477409284e-01	7.404590749620161561e-02	2.972673924158283215e-02	7.749068767029529403e-02
1.217666762777034819e+03	2.465604967479905762e-01	1.587378455707686431e-01	2.579473476791389608e-01	1.553840543407044583e-01	7.408177387059723673e-02	2.974533418378843067e-02	7.754314760680093566e-02
1.219118093841131440e+03	2.463633674817952146e-01	1.586084503944520663e-01	2.580819272403555020e-01	1.554692396548126021e-01	7.411758576520105501e-02	2.976390033082987330e-02	7.759552913234285532e-02
1.220569424905228061e+03	2.461665738984339102e-01	1.584792709893783902e-01	2.582162537601640495e-01	1.555542880055617028e-01	7.415334325828329409e-02	2.978243773079800732e-02	7.764783235716979370e-02
1.222020755969324682e+03	2.459701154342116280e-01	1.583503069865932755e-01	2.583503277197468639e-01	1.556391996081244733e-01	7.418904642802100213e-02	2.980094643170302232e-02	7.770005739138882705e-02
1.223472087033421303e+03	2.457739915263668085e-01	1.582215580177888103e-01	2.584841495993449589e-01	1.557239746773503575e-01	7.422469535249795469e-02	2.981942648147456465e-02	7.775220434496565858e-02
1.224923418097517697e+03	2.455782016130697576e-01	1.580930237153022333e-01	2.586177198782596554e-01	1.558086134277660850e-01	7.426029010970461308e-02	2.983787792796187971e-02	7.780427332772481275e-02
1.226374749161614318e+03	2.453827451334210930e-01	1.579647037121149067e-01	2.587510390348550793e-01	1.558931160735761989e-01	7.429583077753805498e-02	2.985630081893395071e-02	7.785626444934985735e-02
1.227826080225710712e+03	2.451876215274502724e-01	1.578365976418510952e-01	2.588841075465594388e-01	1.559774828286631942e-01	7.433131743380186340e-02	2.987469520207961318e-02	7.790817781938369491e-02
1.229277411289807560e+03	2.449928302361141508e-01	1.577087051387766892e-01	2.590169258898674665e-01	1.560617139065882952e-01	7.436675015620612672e-02	2.989306112500771453e-02	7.796001354722872922e-02
1.230728742353903954e+03	2.447983707012954258e-01	1.575810258377982609e-01	2.591494945403420846e-01	1.561458095205917052e-01	7.440212902236732762e-02	2.991139863524722511e-02	7.801177174214715682e-02
1.232180073418000802e+03	2.446042423658011111e-01	1.574535593744618434e-01	2.592818139726162374e-01	1.562297698835931337e-01	7.443745410980834309e-02	2.992970778024738390e-02	7.806345251326113344e-02
1.233631404482097196e+03	2.444104446733610936e-01	1.573263053849516813e-01	2.594138846603950554e-01	1.563135952081921576e-01	7.447272549595834734e-02	2.994798860737781995e-02	7.811505596955305164e-02
1.235082735546193817e+03	2.442169770686266062e-01	1.571992635060891486e-01	2.595457070764574659e-01	1.563972857066687761e-01	7.450794325815275621e-02	2.996624116392869464e-02	7.816658221986572119e-02
1.236534066610290438e+03	2.440238389971687571e-01	1.570724333753316659e-01	2.596772816926582461e-01	1.564808415909837991e-01	7.454310747363325496e-02	2.998446549711083001e-02	7.821803137290260499e-02
1.237985397674387059e+03	2.438310299054769481e-01	1.569458146307714796e-01	2.598086089799299114e-01	1.565642630727792917e-01	7.457821821954764563e-02	3.000266165405584065e-02	7.826940353722809662e-02
1.239436728738483680e+03	2.436385492409575415e-01	1.568194069111344680e-01	2.599396894082844911e-01	1.566475503633789346e-01	7.461327557294987478e-02	3.002082968181625858e-02	7.832069882126760363e-02
1.240888059802580301e+03	2.434463964519322232e-01	1.566932098557791697e-01	2.600705234468155824e-01	1.567307036737886350e-01	7.464827961079999186e-02	3.003896962736568241e-02	7.837191733330790833e-02
1.242339390866676695e+03	2.432545709876366147e-01	1.565672231046954799e-01	2.602011115637000715e-01	1.568137232146968041e-01	7.468323040996407980e-02	3.005708153759888493e-02	7.842305918149729271e-02
1.243790721930773088e+03	2.430630722982187464e-01	1.564414462985035670e-01	2.603314542262000209e-01	1.568966091964749399e-01	7.471812804721422729e-02	3.007516545933195881e-02	7.847412447384577439e-02
1.245242052994869937e+03	2.428718998347376146e-01	1.563158790784527630e-01	2.604615519006646118e-01	1.569793618291779047e-01	7.475297259922852877e-02	3.009322143930244151e-02	7.852511331822531471e-02
1.246693384058966330e+03	2.426810530491616269e-01	1.561905210864205085e-01	2.605914050525319769e-01	1.570619813225445360e-01	7.478776414259104277e-02	3.011124952416946096e-02	7.857602582237002697e-02
1.248144715123063179e+03	2.424905313943672147e-01	1.560653719649110205e-01	2.607210141463310871e-01	1.571444678859979238e-01	7.482250275379173643e-02	3.012924976051383277e-02	7.862686209387639846e-02
1.249596046187159800e+03	2.423003343241373064e-01	1.559404313570542933e-01	2.608503796456834722e-01	1.572268217286460212e-01	7.485718850922644385e-02	3.014722219483823365e-02	7.867762224020347084e-02
1.251047377251256421e+03	2.421104612931599120e-01	1.558156989066050158e-01	2.609795020133051091e-01	1.573090430592818389e-01	7.489182148519694937e-02	3.016516687356729162e-02	7.872830636867308995e-02
1.252498708315352815e+03	2.419209117570265133e-01	1.556911742579413505e-01	2.611083817110085303e-01	1.573911320863841112e-01	7.492640175791084878e-02	3.018308384304773870e-02	7.877891458647001688e-02
1.253950039379449436e+03	2.417316851722308146e-01	1.555668570560638231e-01	2.612370191997043789e-01	1.574730890181177123e-01	7.496092940348160483e-02	3.020097314954853229e-02	7.882944700064224708e-02
1.255401370443546057e+03	2.415427809961671057e-01	1.554427469465943235e-01	2.613654149394032400e-01	1.575549140623338784e-01	7.499540449792846397e-02	3.021883483926098707e-02	7.887990371810109369e-02
1.256852701507642678e+03	2.413541986871288736e-01	1.553188435757748287e-01	2.614935693892176949e-01	1.576366074265709016e-01	7.502982711717651187e-02	3.023666895829889983e-02	7.893028484562149283e-02
1.258304032571739299e+03	2.411659377043072205e-01	1.551951465904663485e-01	2.616214830073638753e-01	1.577181693180544075e-01	7.506419733705660402e-02	3.025447555269869179e-02	7.898059048984208685e-02
1.259755363635835920e+03	2.409779975077896153e-01	1.550716556381478151e-01	2.617491562511634617e-01	1.577995999436977992e-01	7.509851523330540735e-02	3.027225466841951609e-02	7.903082075726552969e-02
1.261206694699932314e+03	2.407903775585583384e-01	1.549483703669150836e-01	2.618765895770455709e-01	1.578808995101027568e-01	7.513278088156534473e-02	3.029000635134339661e-02	7.908097575425858394e-02
1.262658025764028707e+03	2.406030773184889837e-01	1.548252904254795725e-01	2.620037834405484212e-01	1.579620682235596540e-01	7.516699435738462276e-02	3.030773064727536326e-02	7.913105558705241238e-02
1.264109356828125556e+03	2.404160962503490151e-01	1.547024154631673754e-01	2.621307382963212196e-01	1.580431062900479189e-01	7.520115573621721783e-02	3.032542760194356646e-02	7.918106036174268891e-02
1.265560687892221949e+03	2.402294338177964339e-01	1.545797451299180947e-01	2.622574545981258276e-01	1.581240139152365887e-01	7.523526509342283453e-02	3.034309726099941595e-02	7.923099018428977902e-02
1.267012018956318798e+03	2.400430894853780861e-01	1.544572790762836767e-01	2.623839327988388703e-01	1.582047913044846432e-01	7.526932250426698889e-02	3.036073967001769874e-02	7.928084516051900343e-02
1.268463350020415419e+03	2.398570627185285520e-01	1.543350169534274119e-01	2.625101733504531798e-01	1.582854386628413657e-01	7.530332804392092516e-02	3.037835487449672134e-02	7.933062539612079078e-02
1.269914681084511813e+03	2.396713529835684253e-01	1.542129584131227971e-01	2.626361767040799045e-01	1.583659561950469530e-01	7.533728178746165738e-02	3.039594291985841037e-02	7.938033099665078862e-02
1.271366012148608434e+03	2.394859597477029811e-01	1.540911031077523696e-01	2.627619433099501189e-01	1.584463441055328214e-01	7.537118380987196942e-02	3.041350385144847221e-02	7.942996206753018262e-02
1.272817343212705055e+03	2.393008824790207600e-01	1.539694506903067084e-01	2.628874736174166005e-01	1.585266025984221061e-01	7.540503418604041497e-02	3.043103771453649353e-02	7.947951871404577984e-02
1.274268674276801676e+03	2.391161206464921252e-01	1.538480008143832678e-01	2.630127680749557717e-01	1.586067318775300217e-01	7.543883299076137305e-02	3.044854455431608709e-02	7.952900104135020298e-02
1.275720005340898297e+03	2.389316737199677354e-01	1.537267531341853510e-01	2.631378271301693106e-01	1.586867321463643343e-01	7.547258029873495089e-02	3.046602441590499921e-02	7.957840915446209862e-02
1.277171336404994690e+03	2.387475411701772410e-01	1.536057073045210275e-01	2.632626512297860377e-01	1.587666036081257503e-01	7.550627618456710877e-02	3.048347734434524864e-02	7.962774315826633142e-02
1.278622667469091539e+03	2.385637224687277846e-01	1.534848629808019393e-01	2.633872408196636372e-01	1.588463464657084157e-01	7.553992072276961844e-02	3.050090338460324790e-02	7.967700315751409523e-02
1.280073998533187932e+03	2.383802170881025306e-01	1.533642198190423855e-01	2.635115963447904330e-01	1.589259609217001934e-01	7.557351398776004925e-02	3.051830258156993173e-02	7.972618925682314894e-02
1.281525329597284326e+03	2.381970245016593879e-01	1.532437774758580173e-01	2.636357182492872209e-01	1.590054471783833023e-01	7.560705605386185135e-02	3.053567498006088191e-02	7.977530156067796918e-02
1.282976660661381175e+03	2.380141441836294280e-01	1.531235356084650334e-01	2.637596069764088780e-01	1.590848054377345389e-01	7.564054699530431414e-02	3.055302062481644876e-02	7.982434017342993071e-02
1.284427991725477568e+03	2.378315756091156086e-01	1.530034938746788198e-01	2.638832629685462505e-01	1.591640359014258876e-01	7.567398688622266334e-02	3.057033956050188295e-02	7.987330519929747297e-02
1.285879322789574417e+03	2.376493182540912186e-01	1.528836519329131172e-01	2.640066866672278745e-01	1.592431387708246882e-01	7.570737580065795003e-02	3.058763183170745345e-02	7.992219674236628046e-02
1.287330653853671038e+03	2.374673715953985464e-01	1.527640094421787165e-01	2.641298785131216409e-01	1.593221142469943008e-01	7.574071381255720325e-02	3.060489748294857246e-02	7.997101490658946321e-02
1.288781984917767431e+03	2.372857351107474921e-01	1.526445660620826261e-01	2.642528389460368499e-01	1.594009625306944955e-01	7.577400099577337456e-02	3.062213655866592721e-02	8.001975979578769549e-02
1.290233315981864052e+03	2.371044082787140128e-01	1.525253214528268508e-01	2.643755684049255428e-01	1.594796838223817015e-01	7.580723742406542121e-02	3.063934910322559449e-02	8.006843151364941014e-02
