1.001418434226643626e+03	2.799928413745411127e-01	1.806974074290717269e-01	2.347907185671478381e-01	1.410575523183474345e-01	6.808330628504741244e-02	2.658793864036611276e-02	6.879023538526858605e-02
1.002869765290740247e+03	2.797387087435218578e-01	1.805315984044887911e-01	2.349690914447057355e-01	1.411660223534388636e-01	6.812797959406075021e-02	2.661109285617458201e-02	6.885550660339963269e-02
1.004321096354836754e+03	2.794850075287088065e-01	1.803660672520089048e-01	2.351471278035854040e-01	1.412743199851503872e-01	6.817258594114027070e-02	2.663421072409538973e-02	6.892068076510110552e-02
1.005772427418933376e+03	2.792317370082317840e-01	1.802008134939678263e-01	2.353248282888970588e-01	1.413824454769930794e-01	6.821712541642065142e-02	2.665729230487333748e-02	6.898575801040660038e-02
1.007223758483029997e+03	2.789788964614063893e-01	1.800358366535435850e-01	2.355021935444652770e-01	1.414903990921040633e-01	6.826159811002285860e-02	2.668033765915159977e-02	6.905073847909656837e-02
1.008675089547126618e+03	2.787264851687319966e-01	1.798711362547551207e-01	2.356792242128320225e-01	1.415981810932468721e-01	6.830600411205242639e-02	2.670334684747190448e-02	6.911562231069998119e-02
1.010126420611223239e+03	2.784745024118900347e-01	1.797067118224606186e-01	2.358559209352592834e-01	1.417057917428120040e-01	6.835034351259773600e-02	2.672631993027469940e-02	6.918040964449594099e-02
1.011577751675319632e+03	2.782229474737421548e-01	1.795425628823560382e-01	2.360322843517321245e-01	1.418132313028171443e-01	6.839461640172829482e-02	2.674925696789930488e-02	6.924510061951527629e-02
1.013029082739416367e+03	2.779718196383281215e-01	1.793786889609736701e-01	2.362083151009614357e-01	1.419205000349078039e-01	6.843882286949314053e-02	2.677215802058410116e-02	6.930969537454209628e-02
1.014480413803512761e+03	2.777211181908644244e-01	1.792150895856804427e-01	2.363840138203866792e-01	1.420275982003577353e-01	6.848296300591916186e-02	2.679502314846667760e-02	6.937419404811530355e-02
1.015931744867609382e+03	2.774708424177421695e-01	1.790517642846764235e-01	2.365593811461788043e-01	1.421345260600692662e-01	6.852703690100957201e-02	2.681785241158401306e-02	6.943859677853014833e-02
1.017383075931706003e+03	2.772209916065253021e-01	1.788887125869935146e-01	2.367344177132430783e-01	1.422412838745738539e-01	6.857104464474225725e-02	2.684064586987263204e-02	6.950290370383972738e-02
1.018834406995802851e+03	2.769715650459488865e-01	1.787259340224937043e-01	2.369091241552217231e-01	1.423478719040325025e-01	6.861498632706827805e-02	2.686340358316877119e-02	6.956711496185642718e-02
1.020285738059899245e+03	2.767225620259172736e-01	1.785634281218676789e-01	2.370835011044968854e-01	1.424542904082361228e-01	6.865886203791039810e-02	2.688612561120854241e-02	6.963123069015338118e-02
1.021737069123995752e+03	2.764739818375019920e-01	1.784011944166332964e-01	2.372575491921933011e-01	1.425605396466061436e-01	6.870267186716152996e-02	2.690881201362811323e-02	6.969525102606589917e-02
1.023188400188092373e+03	2.762258237729404153e-01	1.782392324391340876e-01	2.374312690481810428e-01	1.426666198781947614e-01	6.874641590468333341e-02	2.693146284996385253e-02	6.975917610669285507e-02
1.024639731252188767e+03	2.759780871256334867e-01	1.780775417225376744e-01	2.376046613010784070e-01	1.427725313616854674e-01	6.879009424030474440e-02	2.695407817965250752e-02	6.982300606889807471e-02
1.026091062316285615e+03	2.757307711901442193e-01	1.779161218008344092e-01	2.377777265782544669e-01	1.428782743553935752e-01	6.883370696382060117e-02	2.697665806203136327e-02	6.988674104931176523e-02
1.027542393380382237e+03	2.754838752621957543e-01	1.777549722088357653e-01	2.379504655058320151e-01	1.429838491172664983e-01	6.887725416499022868e-02	2.699920255633840235e-02	6.995038118433173635e-02
1.028993724444478858e+03	2.752373986386695837e-01	1.775940924821729217e-01	2.381228787086901721e-01	1.430892559048842771e-01	6.892073593353612027e-02	2.702171172171247832e-02	7.001392661012482976e-02
1.030445055508575479e+03	2.749913406176037189e-01	1.774334821572952359e-01	2.382949668104671348e-01	1.431944949754600516e-01	6.896415235914261921e-02	2.704418561719347872e-02	7.007737746262816814e-02
1.031896386572671872e+03	2.747457004981909701e-01	1.772731407714687457e-01	2.384667304335628679e-01	1.432995665858403933e-01	6.900750353145454485e-02	2.706662430172247780e-02	7.014073387755041800e-02
1.033347717636768493e+03	2.745004775807769470e-01	1.771130678627747257e-01	2.386381701991418802e-01	1.434044709925059169e-01	6.905078954007597136e-02	2.708902783414190649e-02	7.020399599037313587e-02
1.034799048700865114e+03	2.742556711668583946e-01	1.769532629701081883e-01	2.388092867271357778e-01	1.435092084515715294e-01	6.909401047456896483e-02	2.711139627319572240e-02	7.026716393635192015e-02
1.036250379764961508e+03	2.740112805590814160e-01	1.767937256331763851e-01	2.389800806362461227e-01	1.436137792187870132e-01	6.913716642445232041e-02	2.713372967752955903e-02	7.033023785051767396e-02
1.037701710829058356e+03	2.737673050612395853e-01	1.766344553924973915e-01	2.391505525439470425e-01	1.437181835495373594e-01	6.918025747920038271e-02	2.715602810569089226e-02	7.039321786767784028e-02
1.039153041893154750e+03	2.735237439782723379e-01	1.764754517893985242e-01	2.393207030664877832e-01	1.438224216988432669e-01	6.922328372824181064e-02	2.717829161612921041e-02	7.045610412241756770e-02
1.040604372957251599e+03	2.732805966162628608e-01	1.763167143660150094e-01	2.394905328188956239e-01	1.439264939213616146e-01	6.926624526095843948e-02	2.720052026719617030e-02	7.051889674910084838e-02
1.042055704021347992e+03	2.730378622824364832e-01	1.761582426652884004e-01	2.396600424149782360e-01	1.440304004713858221e-01	6.930914216668412897e-02	2.722271411714575345e-02	7.058159588187173927e-02
1.043507035085444613e+03	2.727955402851589550e-01	1.760000362309651900e-01	2.398292324673265141e-01	1.441341416028463496e-01	6.935197453470365314e-02	2.724487322413442908e-02	7.064420165465547241e-02
1.044958366149541234e+03	2.725536299339344493e-01	1.758420946075953117e-01	2.399981035873172408e-01	1.442377175693111135e-01	6.939474245425156229e-02	2.726699764622133107e-02	7.070671420115955119e-02
1.046409697213637855e+03	2.723121305394040070e-01	1.756844173405306964e-01	2.401666563851156122e-01	1.443411286239858482e-01	6.943744601451111442e-02	2.728908744136839676e-02	7.076913365487487451e-02
1.047861028277734476e+03	2.720710414133436506e-01	1.755270039759238010e-01	2.403348914696778194e-01	1.444443750197146881e-01	6.948008530461320664e-02	2.731114266744053345e-02	7.083146014907683308e-02
1.049312359341831097e+03	2.718303618686624956e-01	1.753698540607262213e-01	2.405028094487537960e-01	1.445474570089805011e-01	6.952266041363537596e-02	2.733316338220579192e-02	7.089369381682637805e-02
1.050763690405927491e+03	2.715900912194011418e-01	1.752129671426870539e-01	2.406704109288897164e-01	1.446503748439053882e-01	6.956517143060067521e-02	2.735514964333551208e-02	7.095583479097106183e-02
1.052215021470024112e+03	2.713502287807297297e-01	1.750563427703517860e-01	2.408376965154306881e-01	1.447531287762510999e-01	6.960761844447674318e-02	2.737710150840448609e-02	7.101788320414609279e-02
1.053666352534120733e+03	2.711107738689461644e-01	1.748999804930604363e-01	2.410046668125232494e-01	1.448557190574194242e-01	6.965000154417480549e-02	2.739901903489112139e-02	7.107983918877537610e-02
1.055117683598217127e+03	2.708717258014746720e-01	1.747438798609465271e-01	2.411713224231179231e-01	1.449581459384526871e-01	6.969232081854868921e-02	2.742090228017759687e-02	7.114170287707249907e-02
1.056569014662313975e+03	2.706330838968635799e-01	1.745880404249352535e-01	2.413376639489719644e-01	1.450604096700341406e-01	6.973457635639390695e-02	2.744275130155002240e-02	7.120347440104173031e-02
1.058020345726410369e+03	2.703948474747837616e-01	1.744324617367424002e-01	2.415036919906517476e-01	1.451625105024884621e-01	6.977676824644661602e-02	2.746456615619859501e-02	7.126515389247904675e-02
1.059471676790506763e+03	2.701570158560267498e-01	1.742771433488726207e-01	2.416694071475354311e-01	1.452644486857821438e-01	6.981889657738288291e-02	2.748634690121776539e-02	7.132674148297300787e-02
1.060923007854603611e+03	2.699195883625031822e-01	1.741220848146182443e-01	2.418348100178154547e-01	1.453662244695239081e-01	6.986096143781764245e-02	2.750809359360638709e-02	7.138823730390581046e-02
1.062374338918700232e+03	2.696825643172409137e-01	1.739672856880576934e-01	2.419999011985010107e-01	1.454678381029652079e-01	6.990296291630385128e-02	2.752980629026787959e-02	7.144964148645416291e-02
1.063825669982796853e+03	2.694459430443831849e-01	1.738127455240540131e-01	2.421646812854207076e-01	1.455692898350006148e-01	6.994490110133164129e-02	2.755148504801038442e-02	7.151095416159025664e-02
1.065277001046893474e+03	2.692097238691867900e-01	1.736584638782537049e-01	2.423291508732250965e-01	1.456705799141682356e-01	6.998677608132744532e-02	2.757312992354692127e-02	7.157217546008262654e-02
1.066728332110990095e+03	2.689739061180206336e-01	1.735044403070850061e-01	2.424933105553891133e-01	1.457717085886502395e-01	7.002858794465322001e-02	2.759474097349554761e-02	7.163330551249712241e-02
1.068179663175086489e+03	2.687384891183637325e-01	1.733506743677566408e-01	2.426571609242145766e-01	1.458726761062731636e-01	7.007033677960555762e-02	2.761631825437951826e-02	7.169434444919772775e-02
1.069630994239183110e+03	2.685034721988033279e-01	1.731971656182564323e-01	2.428207025708327971e-01	1.459734827145084679e-01	7.011202267441493663e-02	2.763786182262743460e-02	7.175529240034747569e-02
1.071082325303279504e+03	2.682688546890336090e-01	1.730439136173497483e-01	2.429839360852069918e-01	1.460741286604728961e-01	7.015364571724490295e-02	2.765937173457340414e-02	7.181614949590929553e-02
1.072533656367376352e+03	2.680346359198534367e-01	1.728909179245782246e-01	2.431468620561348104e-01	1.461746141909289476e-01	7.019520599619134826e-02	2.768084804645720709e-02	7.187691586564688706e-02
1.073984987431472746e+03	2.678008152231649008e-01	1.727381781002582939e-01	2.433094810712508049e-01	1.462749395522852380e-01	7.023670359928170515e-02	2.770229081442443161e-02	7.193759163912553933e-02
1.075436318495569594e+03	2.675673919319714322e-01	1.725856937054797702e-01	2.434717937170289004e-01	1.463751049905970270e-01	7.027813861447421151e-02	2.772370009452664735e-02	7.199817694571293558e-02
1.076887649559666215e+03	2.673343653803760822e-01	1.724334643021045443e-01	2.436338005787848648e-01	1.464751107515665784e-01	7.031951112965720285e-02	2.774507594272155458e-02	7.205867191458002752e-02
1.078338980623762609e+03	2.671017349035799127e-01	1.722814894527650298e-01	2.437955022406788630e-01	1.465749570805436885e-01	7.036082123264841837e-02	2.776641841487314036e-02	7.211907667470179861e-02
1.079790311687859230e+03	2.668694998378800531e-01	1.721297687208629135e-01	2.439568992857176766e-01	1.466746442225260183e-01	7.040206901119427929e-02	2.778772756675183114e-02	7.217939135485804125e-02
1.081241642751955851e+03	2.666376595206680911e-01	1.719783016705677403e-01	2.441179922957574522e-01	1.467741724221595656e-01	7.044325455296918115e-02	2.780900345403464896e-02	7.223961608363417553e-02
1.082692973816052472e+03	2.664062132904282398e-01	1.718270878668153312e-01	2.442787818515059217e-01	1.468735419237390261e-01	7.048437794557484148e-02	2.783024613230536404e-02	7.229975098942202638e-02
1.084144304880149093e+03	2.661751604867357290e-01	1.716761268753067560e-01	2.444392685325249559e-01	1.469727529712084035e-01	7.052543927653968925e-02	2.785145565705465093e-02	7.235979620042054528e-02
1.085595635944245487e+03	2.659445004502549170e-01	1.715254182625065571e-01	2.445994529172329512e-01	1.470718058081612878e-01	7.056643863331814315e-02	2.787263208368024811e-02	7.241975184463660120e-02
1.087046967008342108e+03	2.657142325227376811e-01	1.713749615956416672e-01	2.447593355829071893e-01	1.471707006778413540e-01	7.060737610329002878e-02	2.789377546748709677e-02	7.247961804988564682e-02
1.088498298072438729e+03	2.654843560470216413e-01	1.712247564426999102e-01	2.449189171056863623e-01	1.472694378231426959e-01	7.064825177375995413e-02	2.791488586368751426e-02	7.253939494379255115e-02
1.089949629136535123e+03	2.652548703670284946e-01	1.710748023724285583e-01	2.450781980605729604e-01	1.473680174866103809e-01	7.068906573195665732e-02	2.793596332740133290e-02	7.259908265379226566e-02
1.091400960200631971e+03	2.650257748277620728e-01	1.709250989543330546e-01	2.452371790214355751e-01	1.474664399104408108e-01	7.072981806503250701e-02	2.795700791365605606e-02	7.265868130713054596e-02
1.092852291264728365e+03	2.647970687753069541e-01	1.707756457586756538e-01	2.453958605610114252e-01	1.475647053364821937e-01	7.077050886006279462e-02	2.797801967738700740e-02	7.271819103086460401e-02
1.094303622328825213e+03	2.645687515568264647e-01	1.706264423564739785e-01	2.455542432509086603e-01	1.476628140062349326e-01	7.081113820404529025e-02	2.799899867343749391e-02	7.277761195186384369e-02
1.095754953392921607e+03	2.643408225205610140e-01	1.704774883194996871e-01	2.457123276616087482e-01	1.477607661608520695e-01	7.085170618389957653e-02	2.801994495655895506e-02	7.283694419681058241e-02
1.097206284457018228e+03	2.641132810158265953e-01	1.703287832202771412e-01	2.458701143624688890e-01	1.478585620411397294e-01	7.089221288646657682e-02	2.804085858141109819e-02	7.289618789220066175e-02
1.098657615521114849e+03	2.638861263930127321e-01	1.701803266320819075e-01	2.460276039217243749e-01	1.479562018875575091e-01	7.093265839850795840e-02	2.806173960256207883e-02	7.295534316434411359e-02
1.100108946585211470e+03	2.636593580035810347e-01	1.700321181289396466e-01	2.461847969064909492e-01	1.480536859402189764e-01	7.097304280670563292e-02	2.808258807448862915e-02	7.301441013936585400e-02
1.101560277649308091e+03	2.634329752000633684e-01	1.698841572856244764e-01	2.463416938827671099e-01	1.481510144388920036e-01	7.101336619766128455e-02	2.810340405157622096e-02	7.307338894320625222e-02
1.103011608713404712e+03	2.632069773360600773e-01	1.697364436776579166e-01	2.464982954154366079e-01	1.482481876229992945e-01	7.105362865789580096e-02	2.812418758811921493e-02	7.313227970162188007e-02
1.104462939777501106e+03	2.629813637662384296e-01	1.695889768813072240e-01	2.466546020682705842e-01	1.483452057316187178e-01	7.109383027384878762e-02	2.814493873832099938e-02	7.319108254018608095e-02
1.105914270841597499e+03	2.627561338463309526e-01	1.694417564735842541e-01	2.468106144039300398e-01	1.484420690034838064e-01	7.113397113187808207e-02	2.816565755629416717e-02	7.324979758428953880e-02
1.107365601905694348e+03	2.625312869331334897e-01	1.692947820322440733e-01	2.469663329839681398e-01	1.485387776769841739e-01	7.117405131825933762e-02	2.818634409606063373e-02	7.330842495914099977e-02
1.108816932969790741e+03	2.623068223845037017e-01	1.691480531357835437e-01	2.471217583688326003e-01	1.486353319901659031e-01	7.121407091918549592e-02	2.820699841155181742e-02	7.336696478976781344e-02
1.110268264033887590e+03	2.620827395593592901e-01	1.690015693634400740e-01	2.472768911178678530e-01	1.487317321807320181e-01	7.125403002076635683e-02	2.822762055660876096e-02	7.342541720101651570e-02
1.111719595097984211e+03	2.618590378176763322e-01	1.688553302951902868e-01	2.474317317893175439e-01	1.488279784860428445e-01	7.129392870902813428e-02	2.824821058498231535e-02	7.348378231755345324e-02
1.113170926162080832e+03	2.616357165204874491e-01	1.687093355117485483e-01	2.475862809403266696e-01	1.489240711431165376e-01	7.133376706991299832e-02	2.826876855033325087e-02	7.354206026386535255e-02
1.114622257226177226e+03	2.614127750298805841e-01	1.685635845945657740e-01	2.477405391269440482e-01	1.490200103886294147e-01	7.137354518927868652e-02	2.828929450623243053e-02	7.360025116425990277e-02
1.116073588290273847e+03	2.611902127089967274e-01	1.684180771258279863e-01	2.478945069041244287e-01	1.491157964589164553e-01	7.141326315289805993e-02	2.830978850616095582e-02	7.365835514286631081e-02
1.117524919354370468e+03	2.609680289220284166e-01	1.682728126884551201e-01	2.480481848257308775e-01	1.492114295899716336e-01	7.145292104645870057e-02	2.833025060351031590e-02	7.371637232363584258e-02
1.118976250418467089e+03	2.607462230342182385e-01	1.681277908660996356e-01	2.482015734445371380e-01	1.493069100174484187e-01	7.149251895556252290e-02	2.835068085158251941e-02	7.377430283034243363e-02
1.120427581482563710e+03	2.605247944118571080e-01	1.679830112431451028e-01	2.483546733122297678e-01	1.494022379766601627e-01	7.153205696572535743e-02	2.837107930359026794e-02	7.383214678658317487e-02
1.121878912546660331e+03	2.603037424222822693e-01	1.678384734047050630e-01	2.485074849794104701e-01	1.494974137025806005e-01	7.157153516237658997e-02	2.839144601265709139e-02	7.388990431577886764e-02
1.123330243610756725e+03	2.600830664338760756e-01	1.676941769366214752e-01	2.486600089955983695e-01	1.495924374298441273e-01	7.161095363085881460e-02	2.841178103181749362e-02	7.394757554117459275e-02
1.124781574674853118e+03	2.598627658160639897e-01	1.675501214254636329e-01	2.488122459092322325e-01	1.496873093927464093e-01	7.165031245642740354e-02	2.843208441401710168e-02	7.400516058584018231e-02
1.126232905738949967e+03	2.596428399393130304e-01	1.674063064585267213e-01	2.489641962676728548e-01	1.497820298252445781e-01	7.168961172425020179e-02	2.845235621211281152e-02	7.406265957267076094e-02
1.127684236803046360e+03	2.594232881751299957e-01	1.672627316238305406e-01	2.491158606172050594e-01	1.498765989609579241e-01	7.172885151940715243e-02	2.847259647887294756e-02	7.412007262438728705e-02
1.129135567867143209e+03	2.592041098960601309e-01	1.671193965101181456e-01	2.492672395030401944e-01	1.499710170331680081e-01	7.176803192688997746e-02	2.849280526697738763e-02	7.417739986353701076e-02
1.130586898931239830e+03	2.589853044756850742e-01	1.669763007068546801e-01	2.494183334693182152e-01	1.500652842748193827e-01	7.180715303160178919e-02	2.851298262901772948e-02	7.423464141249398740e-02
1.132038229995336451e+03	2.587668712886213029e-01	1.668334438042258783e-01	2.495691430591099602e-01	1.501594009185198697e-01	7.184621491835684048e-02	2.853312861749742260e-02	7.429179739345961875e-02
1.133489561059432845e+03	2.585488097105185790e-01	1.666908253931368988e-01	2.497196688144193710e-01	1.502533671965409212e-01	7.188521767188019163e-02	2.855324328483192439e-02	7.434886792846306935e-02
1.134940892123529466e+03	2.583311191180581168e-01	1.665484450652109649e-01	2.498699112761856855e-01	1.503471833408182023e-01	7.192416137680730792e-02	2.857332668334883544e-02	7.440585313936176615e-02
1.136392223187626087e+03	2.581137988889511958e-01	1.664063024127881429e-01	2.500198709842857414e-01	1.504408495829518688e-01	7.196304611768389314e-02	2.859337886528806258e-02	7.446275314784191190e-02
1.137843554251722708e+03	2.578968484019372731e-01	1.662643970289239825e-01	2.501695484775361411e-01	1.505343661542070666e-01	7.200187197896547320e-02	2.861339988280194035e-02	7.451956807541894323e-02
1.139294885315819101e+03	2.576802670367824288e-01	1.661227285073881843e-01	2.503189442936953335e-01	1.506277332855143203e-01	7.204063904501718796e-02	2.863338978795540099e-02	7.457629804343798852e-02
1.140746216379915950e+03	2.574640541742775346e-01	1.659812964426634618e-01	2.504680589694659454e-01	1.507209512074699498e-01	7.207934740011347208e-02	2.865334863272609930e-02	7.463294317307428427e-02
1.142197547444012343e+03	2.572482091962369766e-01	1.658401004299440706e-01	2.506168930404971129e-01	1.508140201503365418e-01	7.211799712843776355e-02	2.867327646900456883e-02	7.468950358533371636e-02
1.143648878508108737e+03	2.570327314854966572e-01	1.656991400651346980e-01	2.507654470413862580e-01	1.509069403440433110e-01	7.215658831408229557e-02	2.869317334859436061e-02	7.474597940105318084e-02
1.145100209572205586e+03	2.568176204259125517e-01	1.655584149448489639e-01	2.509137215056816972e-01	1.509997120181865160e-01	7.219512104104773564e-02	2.871303932321218541e-02	7.480237074090109739e-02
1.146551540636302207e+03	2.566028754023590430e-01	1.654179246664084224e-01	2.510617169658845294e-01	1.510923354020299314e-01	7.223359539324301914e-02	2.873287444448806641e-02	7.485867772537781184e-02
1.148002871700398828e+03	2.563884958007271453e-01	1.652776688278410344e-01	2.512094339534509113e-01	1.511848107245052086e-01	7.227201145448505781e-02	2.875267876396548142e-02	7.491490047481604020e-02
1.149454202764495449e+03	2.561744810079230050e-01	1.651376470278799746e-01	2.513568729987942230e-01	1.512771382142123477e-01	7.231036930849848998e-02	2.877245233310149475e-02	7.497103910938127114e-02
1.150905533828591842e+03	2.559608304118662914e-01	1.649978588659624934e-01	2.515040346312872876e-01	1.513693180994201137e-01	7.234866903891545853e-02	2.879219520326691331e-02	7.502709374907222395e-02
1.152356864892688463e+03	2.557475434014885307e-01	1.648583039422284180e-01	2.516509193792643706e-01	1.514613506080663696e-01	7.238691072927537495e-02	2.881190742574642541e-02	7.508306451372127877e-02
1.153808195956785084e+03	2.555346193667313859e-01	1.647189818575190423e-01	2.517975277700235104e-01	1.515532359677585761e-01	7.242509446302466958e-02	2.883158905173873951e-02	7.513895152299483737e-02
1.155259527020881706e+03	2.553220576985450463e-01	1.645798922133758224e-01	2.519438603298285728e-01	1.516449744057742077e-01	7.246322032351661113e-02	2.885124013235673343e-02	7.519475489639375343e-02
1.156710858084978327e+03	2.551098577888868402e-01	1.644410346120390720e-01	2.520899175839112494e-01	1.517365661490611140e-01	7.250128839401107084e-02	2.887086071862758965e-02	7.525047475325377655e-02
1.158162189149074720e+03	2.548980190307192362e-01	1.643024086564467967e-01	2.522357000564734997e-01	1.518280114242379908e-01	7.253929875767430036e-02	2.889045086149294450e-02	7.530611121274589925e-02
1.159613520213171569e+03	2.546865408180086776e-01	1.641640139502333062e-01	2.523812082706893833e-01	1.519193104575948250e-01	7.257725149757875138e-02	2.891001061180903040e-02	7.536166439387678717e-02
1.161064851277267962e+03	2.544754225457233621e-01	1.640258500977281042e-01	2.525264427487073915e-01	1.520104634750931716e-01	7.261514669670286748e-02	2.892954002034680075e-02	7.541713441548913988e-02
1.162516182341364356e+03	2.542646636098322421e-01	1.638879167039544726e-01	2.526714040116523896e-01	1.521014707023666535e-01	7.265298443793086203e-02	2.894903913779209650e-02	7.547252139626213496e-02
1.163967513405461204e+03	2.540542634073030270e-01	1.637502133746283617e-01	2.528160925796279490e-01	1.521923323647214887e-01	7.269076480405259333e-02	2.896850801474576756e-02	7.552782545471173337e-02
1.165418844469557826e+03	2.538442213361006838e-01	1.636127397161571129e-01	2.529605089717181232e-01	1.522830486871367128e-01	7.272848787776330093e-02	2.898794670172382890e-02	7.558304670919110957e-02
1.166870175533654447e+03	2.536345367951858276e-01	1.634754953356380991e-01	2.531046537059901125e-01	1.523736198942647058e-01	7.276615374166350847e-02	2.900735524915758548e-02	7.563818527789101243e-02
1.168321506597751068e+03	2.534252091845132226e-01	1.633384798408576699e-01	2.532485272994956516e-01	1.524640462104315530e-01	7.280376247825880165e-02	2.902673370739378492e-02	7.569324127884013986e-02
1.169772837661847461e+03	2.532162379050301171e-01	1.632016928402897082e-01	2.533921302682736743e-01	1.525543278596375174e-01	7.284131416995966168e-02	2.904608212669475276e-02	7.574821482990548582e-02
1.171224168725944082e+03	2.530076223586743001e-01	1.630651339430945757e-01	2.535354631273520343e-01	1.526444650655574276e-01	7.287880889908134041e-02	2.906540055723853475e-02	7.580310604879275660e-02
1.172675499790040703e+03	2.527993619483731580e-01	1.629288027591177246e-01	2.536785263907498367e-01	1.527344580515409833e-01	7.291624674784363824e-02	2.908468904911902866e-02	7.585791505304666227e-02
1.174126830854137097e+03	2.525914560780414542e-01	1.627926988988885049e-01	2.538213205714792697e-01	1.528243070406134219e-01	7.295362779837079314e-02	2.910394765234613698e-02	7.591264196005130527e-02
1.175578161918233945e+03	2.523839041525802185e-01	1.626568219736191090e-01	2.539638461815480475e-01	1.529140122554756842e-01	7.299095213269132798e-02	2.912317641684590563e-02	7.596728688703056898e-02
1.177029492982330339e+03	2.521767055778749156e-01	1.625211715952030178e-01	2.541061037319611304e-01	1.530035739185049148e-01	7.302821983273791173e-02	2.914237539246064199e-02	7.602184995104836751e-02
1.178480824046426733e+03	2.519698597607937240e-01	1.623857473762140013e-01	2.542480937327229462e-01	1.530929922517549335e-01	7.306543098034717909e-02	2.916154462894907790e-02	7.607633126900908982e-02
1.179932155110523581e+03	2.517633661091863706e-01	1.622505489299048420e-01	2.543898166928392213e-01	1.531822674769565407e-01	7.310258565725964719e-02	2.918068417598649461e-02	7.613073095765790499e-02
1.181383486174620202e+03	2.515572240318819652e-01	1.621155758702061134e-01	2.545312731203194789e-01	1.532713998155179891e-01	7.313968394511953519e-02	2.919979408316486849e-02	7.618504913358108144e-02
1.182834817238716823e+03	2.513514329386880020e-01	1.619808278117249312e-01	2.546724635221787048e-01	1.533603894885253727e-01	7.317672592547468102e-02	2.921887439999300978e-02	7.623928591320633386e-02
1.184286148302813444e+03	2.511459922403884160e-01	1.618463043697437320e-01	2.548133884044395114e-01	1.534492367167430982e-01	7.321371167977636096e-02	2.923792517589669099e-02	7.629344141280317015e-02
1.185737479366910065e+03	2.509409013487421403e-01	1.617120051602191078e-01	2.549540482721343038e-01	1.535379417206142183e-01	7.325064128937926189e-02	2.925694646021879952e-02	7.634751574848318290e-02
1.187188810431006686e+03	2.507361596764814959e-01	1.615779297997805564e-01	2.550944436293070550e-01	1.536265047202608480e-01	7.328751483554125923e-02	2.927593830221944873e-02	7.640150903620041012e-02
1.188640141495103080e+03	2.505317666373105268e-01	1.614440779057292608e-01	2.552345749790154716e-01	1.537149259354846087e-01	7.332433239942336145e-02	2.929490075107615485e-02	7.645542139175165453e-02
1.190091472559199701e+03	2.503277216459037224e-01	1.613104490960368675e-01	2.553744428233330477e-01	1.538032055857670444e-01	7.336109406208962680e-02	2.931383385588394105e-02	7.650925293077677491e-02
1.191542803623296322e+03	2.501240241179039647e-01	1.611770429893444045e-01	2.555140476633511182e-01	1.538913438902700104e-01	7.339779990450698288e-02	2.933273766565548668e-02	7.656300376875903313e-02
1.192994134687392716e+03	2.499206734699215282e-01	1.610438592049608375e-01	2.556533899991807468e-01	1.539793410678360341e-01	7.343445000754521279e-02	2.935161222932126598e-02	7.661667402102535773e-02
1.194445465751489564e+03	2.497176691195321097e-01	1.609108973628621264e-01	2.557924703299547797e-01	1.540671973369888148e-01	7.347104445197678857e-02	2.937045759572967651e-02	7.667026380274671871e-02
1.195896796815585958e+03	2.495150104852753847e-01	1.607781570836898377e-01	2.559312891538299550e-01	1.541549129159335563e-01	7.350758331847678795e-02	2.938927381364718136e-02	7.672377322893837726e-02
1.197348127879682352e+03	2.493126969866534259e-01	1.606456379887499786e-01	2.560698469679886791e-01	1.542424880225574391e-01	7.354406668762286658e-02	2.940806093175844099e-02	7.677720241446024663e-02
1.198799458943779200e+03	2.491107280441292593e-01	1.605133397000119144e-01	2.562081442686412469e-01	1.543299228744299534e-01	7.358049463989509154e-02	2.942681899866646245e-02	7.683055147401710028e-02
1.200250790007875821e+03	2.489091030791251713e-01	1.603812618401070089e-01	2.563461815510278408e-01	1.544172176888033987e-01	7.361686725567589962e-02	2.944554806289272075e-02	7.688382052215898821e-02
1.201702121071972442e+03	2.487078215140212656e-01	1.602494040323276248e-01	2.564839593094201953e-01	1.545043726826131336e-01	7.365318461525002802e-02	2.946424817287728384e-02	7.693700967328144513e-02
1.203153452136069063e+03	2.485068827721538254e-01	1.601177659006257359e-01	2.566214780371239845e-01	1.545913880724782419e-01	7.368944679880440329e-02	2.948291937697897908e-02	7.699011904162580966e-02
1.204604783200165684e+03	2.483062862778137592e-01	1.599863470696118728e-01	2.567587382264805984e-01	1.546782640747016435e-01	7.372565388642809969e-02	2.950156172347550426e-02	7.704314874127951573e-02
1.206056114264262078e+03	2.481060314562451852e-01	1.598551471645538180e-01	2.568957403688691410e-01	1.547650009052706777e-01	7.376180595811224205e-02	2.952017526056356297e-02	7.709609888617638407e-02
1.207507445328358699e+03	2.479061177336437105e-01	1.597241658113756346e-01	2.570324849547082624e-01	1.548515987798574911e-01	7.379790309374997803e-02	2.953876003635901720e-02	7.714896959009689970e-02
1.208958776392455093e+03	2.477065445371550156e-01	1.595934026366562231e-01	2.571689724734584903e-01	1.549380579138193714e-01	7.383394537313633932e-02	2.955731609889700184e-02	7.720176096666848953e-02
1.210410107456551941e+03	2.475073112948733001e-01	1.594628572676283773e-01	2.573052034136237842e-01	1.550243785221992743e-01	7.386993287596829716e-02	2.957584349613205654e-02	7.725447312936582767e-02
1.211861438520648335e+03	2.473084174358397280e-01	1.593325293321773972e-01	2.574411782627537559e-01	1.551105608197261010e-01	7.390586568184459582e-02	2.959434227593828876e-02	7.730710619151109908e-02
1.213312769584745183e+03	2.471098623900408187e-01	1.592024184588400892e-01	2.575768975074454459e-01	1.551966050208151426e-01	7.394174387026572481e-02	2.961281248610947089e-02	7.735966026627423553e-02
1.214764100648841804e+03	2.469116455884070860e-01	1.590725242768034897e-01	2.577123616333454326e-01	1.552825113395685241e-01	7.397756752063394670e-02	2.963125417435919992e-02	7.741213546667324863e-02
1.216215431712937971e+03	2.467137664628113736e-01	1.589428464159037824e-01	2.578475711251516089e-01	1.553682799897755373e-01	7.401333671225313049e-02	2.964966738832101184e-02	7.746453190557446578e-02
1.217666762777034819e+03	2.465162244460673557e-01	1.588133845066250216e-01	2.579825264666152917e-01	1.554539111849131128e-01	7.404905152432876558e-02	2.966805217554853089e-02	7.751684969569280770e-02
1.219118093841131440e+03	2.463190189719280110e-01	1.586841381800979944e-01	2.581172281405430535e-01	1.555394051381462084e-01	7.408471203596794785e-02	2.968640858351559442e-02	7.756908894959206602e-02
1.220569424905228061e+03	2.461221494750841787e-01	1.585551070680991936e-01	2.582516766287985543e-01	1.556247620623281702e-01	7.412031832617926863e-02	2.970473665961638129e-02	7.762124977968515305e-02
1.222020755969324682e+03	2.459256153911628662e-01	1.584262908030494299e-01	2.583858724123047068e-01	1.557099821700011488e-01	7.415587047387280084e-02	2.972303645116555065e-02	7.767333229823437935e-02
1.223472087033421303e+03	2.457294161567259716e-01	1.582976890180128882e-01	2.585198159710453414e-01	1.557950656733965156e-01	7.419136855786009899e-02	2.974130800539837374e-02	7.772533661735163413e-02
1.224923418097517697e+03	2.455335512092684802e-01	1.581693013466958231e-01	2.586535077840674268e-01	1.558800127844353067e-01	7.422681265685414365e-02	2.975955136947085536e-02	7.777726284899878773e-02
1.226374749161614318e+03	2.453380199872172707e-01	1.580411274234454766e-01	2.587869483294826245e-01	1.559648237147284733e-01	7.426220284946929984e-02	2.977776659045988997e-02	7.782911110498784424e-02
1.227826080225710712e+03	2.451428219299293110e-01	1.579131668832488566e-01	2.589201380844693423e-01	1.560494986755774915e-01	7.429753921422127538e-02	2.979595371536336232e-02	7.788088149698119134e-02
1.229277411289807560e+03	2.449479564776903262e-01	1.577854193617316825e-01	2.590530775252748441e-01	1.561340378779745575e-01	7.433282182952713479e-02	2.981411279110030010e-02	7.793257413649191945e-02
1.230728742353903954e+03	2.447534230717132719e-01	1.576578844951571912e-01	2.591857671272168040e-01	1.562184415326031695e-01	7.436805077370527151e-02	2.983224386451099538e-02	7.798418913488400217e-02
1.232180073418000802e+03	2.445592211541367522e-01	1.575305619204249441e-01	2.593182073646855268e-01	1.563027098498384060e-01	7.440322612497535237e-02	2.985034698235714337e-02	7.803572660337257383e-02
1.233631404482097196e+03	2.443653501680235762e-01	1.574034512750697723e-01	2.594503987111455023e-01	1.563868430397473419e-01	7.443834796145834543e-02	2.986842219132196039e-02	7.808718665302419315e-02
1.235082735546193817e+03	2.441718095573592595e-01	1.572765521972606106e-01	2.595823416391375704e-01	1.564708413120894648e-01	7.447341636117642272e-02	2.988646953801032957e-02	7.813856939475706531e-02
1.236534066610290438e+03	2.439785987670505252e-01	1.571498643257992767e-01	2.597140366202805306e-01	1.565547048763170912e-01	7.450843140205307136e-02	2.990448906894891540e-02	7.818987493934126398e-02
1.237985397674387059e+03	2.437857172429237773e-01	1.570233873001194158e-01	2.598454841252734737e-01	1.566384339415757276e-01	7.454339316191294085e-02	2.992248083058630589e-02	7.824110339739900888e-02
1.239436728738483680e+03	2.435931644317237132e-01	1.568971207602853912e-01	2.599766846238970586e-01	1.567220287167044868e-01	7.457830171848195411e-02	2.994044486929313409e-02	7.829225487940490169e-02
1.240888059802580301e+03	2.434009397811116859e-01	1.567710643469910070e-01	2.601076385850158434e-01	1.568054894102365038e-01	7.461315714938723809e-02	2.995838123136222025e-02	7.834332949568614812e-02
1.242339390866676695e+03	2.432090427396642329e-01	1.566452177015585367e-01	2.602383464765799514e-01	1.568888162303992972e-01	7.464795953215710989e-02	2.997628996300867946e-02	7.839432735642277994e-02
1.243790721930773088e+03	2.430174727568717719e-01	1.565195804659375300e-01	2.603688087656270134e-01	1.569720093851151577e-01	7.468270894422110451e-02	2.999417111037006728e-02	7.844524857164794640e-02
1.245242052994869937e+03	2.428262292831368241e-01	1.563941522827037023e-01	2.604990259182838885e-01	1.570550690820016193e-01	7.471740546290996099e-02	3.001202471950650819e-02	7.849609325124803916e-02
1.246693384058966330e+03	2.426353117697728490e-01	1.562689327950577134e-01	2.606289983997686077e-01	1.571379955283717655e-01	7.475204916545565015e-02	3.002985083640081695e-02	7.854686150496303920e-02
1.248144715123063179e+03	2.424447196690025785e-01	1.561439216468242241e-01	2.607587266743924270e-01	1.572207889312346452e-01	7.478664012899130520e-02	3.004764950695863399e-02	7.859755344238669728e-02
1.249596046187159800e+03	2.422544524339564909e-01	1.560191184824506472e-01	2.608882112055611602e-01	1.573034494972956887e-01	7.482117843055127726e-02	3.006542077700855020e-02	7.864816917296671428e-02
1.251047377251256421e+03	2.420645095186714502e-01	1.558945229470060090e-01	2.610174524557775100e-01	1.573859774329571248e-01	7.485566414707114924e-02	3.008316469230223195e-02	7.869870880600506047e-02
1.252498708315352815e+03	2.418748903780892356e-01	1.557701346861799230e-01	2.611464508866426226e-01	1.574683729443183411e-01	7.489009735538772194e-02	3.010088129851454936e-02	7.874917245065812810e-02
1.253950039379449436e+03	2.416855944680550150e-01	1.556459533462814515e-01	2.612752069588581416e-01	1.575506362371762170e-01	7.492447813223902797e-02	3.011857064124371167e-02	7.879956021593696736e-02
1.255401370443546057e+03	2.414966212453159011e-01	1.555219785742379124e-01	2.614037211322277066e-01	1.576327675170257070e-01	7.495880655426434558e-02	3.013623276601139211e-02	7.884987221070753616e-02
1.256852701507642678e+03	2.413079701675195365e-01	1.553982100175939074e-01	2.615319938656591736e-01	1.577147669890600068e-01	7.499308269800421256e-02	3.015386771826284243e-02	7.890010854369089444e-02
1.258304032571739299e+03	2.411196406932125114e-01	1.552746473245100733e-01	2.616600256171660588e-01	1.577966348581710809e-01	7.502730663990044013e-02	3.017147554336703508e-02	7.895026932346341231e-02
1.259755363635835920e+03	2.409316322818389478e-01	1.551512901437620828e-01	2.617878168438695918e-01	1.578783713289500235e-01	7.506147845629612680e-02	3.018905628661678817e-02	7.900035465845700600e-02
1.261206694699932314e+03	2.407439443937391399e-01	1.550281381247395063e-01	2.619153680020005481e-01	1.579599766056874466e-01	7.509559822343567226e-02	3.020660999322888687e-02	7.905036465695938763e-02
1.262658025764028707e+03	2.405565764901479997e-01	1.549051909174446462e-01	2.620426795469008585e-01	1.580414508923738970e-01	7.512966601746480511e-02	3.022413670834420488e-02	7.910029942711419015e-02
1.264109356828125556e+03	2.403695280331935857e-01	1.547824481724915380e-01	2.621697519330256076e-01	1.581227943927001611e-01	7.516368191443061064e-02	3.024163647702784660e-02	7.915015907692125874e-02
1.265560687892221949e+03	2.401827984858957432e-01	1.546599095411048119e-01	2.622965856139445884e-01	1.582040073100577926e-01	7.519764599028153085e-02	3.025910934426925478e-02	7.919994371423684509e-02
1.267012018956318798e+03	2.399963873121645497e-01	1.545375746751185553e-01	2.624231810423444111e-01	1.582850898475393897e-01	7.523155832086743378e-02	3.027655535498235267e-02	7.924965344677377399e-02
1.268463350020415419e+03	2.398102939767990105e-01	1.544154432269752852e-01	2.625495386700302247e-01	1.583660422079390395e-01	7.526541898193958580e-02	3.029397455400565861e-02	7.929928838210172082e-02
1.269914681084511813e+03	2.396245179454853935e-01	1.542935148497247833e-01	2.626756589479272153e-01	1.584468645937526787e-01	7.529922804915069323e-02	3.031136698610241778e-02	7.934884862764736424e-02
1.271366012148608434e+03	2.394390586847959801e-01	1.541717891970231513e-01	2.628015423260826045e-01	1.585275572071785100e-01	7.533298559805495787e-02	3.032873269596071675e-02	7.939833429069463600e-02
1.272817343212705055e+03	2.392539156621875107e-01	1.540502659231314797e-01	2.629271892536675925e-01	1.586081202501173626e-01	7.536669170410807694e-02	3.034607172819362222e-02	7.944774547838488743e-02
1.274268674276801676e+03	2.390690883459999083e-01	1.539289446829149866e-01	2.630526001789788570e-01	1.586885539241731369e-01	7.540034644266729869e-02	3.036338412733929557e-02	7.949708229771711154e-02
1.275720005340898297e+03	2.388845762054545852e-01	1.538078251318418521e-01	2.631777755494402737e-01	1.587688584306531092e-01	7.543394988899143616e-02	3.038066993786112807e-02	7.954634485554815115e-02
1.277171336404994690e+03	2.387003787106532493e-01	1.536869069259821363e-01	2.633027158116051925e-01	1.588490339705684040e-01	7.546750211824092280e-02	3.039792920414785202e-02	7.959553325859285156e-02
1.278622667469091539e+03	2.385164953325763504e-01	1.535661897220066130e-01	2.634274214111574919e-01	1.589290807446342990e-01	7.550100320547782629e-02	3.041516197051367248e-02	7.964464761342439358e-02
1.280073998533187932e+03	2.383329255430816640e-01	1.534456731771858817e-01	2.635518927929138555e-01	1.590089989532706694e-01	7.553445322566587627e-02	3.043236828119838186e-02	7.969368802647433525e-02
1.281525329597284326e+03	2.381496688149028762e-01	1.533253569493891466e-01	2.636761304008253259e-01	1.590887887966023762e-01	7.556785225367057546e-02	3.044954818036751248e-02	7.974265460403287542e-02
1.282976660661381175e+03	2.379667246216481680e-01	1.532052406970831615e-01	2.638001346779791367e-01	1.591684504744596551e-01	7.560120036425911627e-02	3.046670171211241993e-02	7.979154745224911749e-02
1.284427991725477568e+03	2.377840924377987164e-01	1.530853240793312031e-01	2.639239060666003778e-01	1.592479841863783940e-01	7.563449763210054744e-02	3.048382892045042869e-02	7.984036667713112490e-02
1.285879322789574417e+03	2.376017717387073902e-01	1.529656067557919330e-01	2.640474450080537716e-01	1.593273901316007157e-01	7.566774413176571845e-02	3.050092984932496060e-02	7.988911238454626806e-02
1.287330653853671038e+03	2.374197620005973342e-01	1.528460883867184539e-01	2.641707519428454498e-01	1.594066685090751723e-01	7.570093993772737673e-02	3.051800454260564233e-02	7.993778468022130768e-02
1.288781984917767431e+03	2.372380627005603593e-01	1.527267686329571161e-01	2.642938273106247293e-01	1.594858195174572724e-01	7.573408512436020923e-02	3.053505304408843379e-02	7.998638366974260283e-02
1.290233315981864052e+03	2.370566733165557771e-01	1.526076471559464909e-01	2.644166715501856668e-01	1.595648433551097867e-01	7.576717976594088411e-02	3.055207539749575651e-02	8.003490945855638861e-02
