1.301360187473271253e+03	2.357049726442788651e-01	1.512445063371847254e-01	2.606097079912578773e-01	1.615212264193937597e-01	7.643980681221171358e-02	3.203850329750800724e-02	8.244127649795283952e-02
1.306197957686926657e+03	2.351149176592599033e-01	1.508497009751812723e-01	2.609868937617869089e-01	1.617840036554439309e-01	7.655004754653303711e-02	3.210934848370291389e-02	8.260508791787982141e-02
1.311035727900581833e+03	2.345282400777508880e-01	1.504570570394571927e-01	2.613618891308577274e-01	1.620452737553066680e-01	7.665970094789868738e-02	3.217989178108199289e-02	8.276794726743454123e-02
1.315873498114237009e+03	2.339449206390387948e-01	1.500665625682651161e-01	2.617347079080544203e-01	1.623050449892164682e-01	7.676876986299541183e-02	3.225013400683014730e-02	8.292986002538732526e-02
1.320711268327892412e+03	2.333649401926889688e-01	1.496782056668931049e-01	2.621053637864836916e-01	1.625633255936161925e-01	7.687725713067601607e-02	3.232007598257602421e-02	8.309083164685367173e-02
1.325549038541547588e+03	2.327882796978861801e-01	1.492919745072818771e-01	2.624738703445682608e-01	1.628201237709364924e-01	7.698516558182358360e-02	3.238971853424810199e-02	8.325086756304322932e-02
1.330386808755202765e+03	2.322149202227803688e-01	1.489078573276439721e-01	2.628402410477944651e-01	1.630754476893890303e-01	7.709249803922128830e-02	3.245906249193394183e-02	8.340997318102469360e-02
1.335224578968857941e+03	2.316448429438376089e-01	1.485258424320853587e-01	2.632044892504160627e-01	1.633293054827727186e-01	7.719925731742735553e-02	3.252810868974231884e-02	8.356815388350626039e-02
1.340062349182513572e+03	2.310780291451956514e-01	1.481459181902293476e-01	2.635666281971152380e-01	1.635817052502930580e-01	7.730544622265521360e-02	3.259685796566835075e-02	8.372541502863078966e-02
1.344900119396168748e+03	2.305144602180240754e-01	1.477680730368427509e-01	2.639266710246219727e-01	1.638326550563935224e-01	7.741106755265859951e-02	3.266531116146140917e-02	8.388176194978533284e-02
1.349737889609823924e+03	2.299541176598892955e-01	1.473922954714639855e-01	2.642846307632934488e-01	1.640821629305991292e-01	7.751612409662148040e-02	3.273346912249586876e-02	8.403719995542445476e-02
1.354575659823479100e+03	2.293969830741239557e-01	1.470185740580338685e-01	2.646405203386545391e-01	1.643302368673714153e-01	7.762061863505262393e-02	3.280133269764450021e-02	8.419173432890673936e-02
1.359413430037134731e+03	2.288430381692009574e-01	1.466468974245282442e-01	2.649943525729003824e-01	1.645768848259746564e-01	7.772455393968467907e-02	3.286890273915453464e-02	8.434537032834406312e-02
1.364251200250789907e+03	2.282922647581120401e-01	1.462772542625928873e-01	2.653461401863626556e-01	1.648221147303527701e-01	7.782793277337771154e-02	3.293618010252631623e-02	8.449811318646315017e-02
1.369088970464445310e+03	2.277446447577504973e-01	1.459096333271806267e-01	2.656958957989395409e-01	1.650659344690166008e-01	7.793075789002687492e-02	3.300316564639444589e-02	8.464996811047888203e-02
1.373926740678100487e+03	2.272001601882985555e-01	1.455440234361906615e-01	2.660436319314921638e-01	1.653083518949413633e-01	7.803303203447428671e-02	3.306986023241142297e-02	8.480094028197898703e-02
1.378764510891755890e+03	2.266587931726188887e-01	1.451804134701099036e-01	2.663893610072068374e-01	1.655493748254737441e-01	7.813475794242490113e-02	3.313626472513363924e-02	8.495103485681954059e-02
1.383602281105411066e+03	2.261205259356504071e-01	1.448187923716564296e-01	2.667330953529253312e-01	1.657890110422483021e-01	7.823593834036611516e-02	3.320237999190975287e-02	8.510025696503109582e-02
1.388440051319066470e+03	2.255853408038081542e-01	1.444591491454252918e-01	2.670748472004436658e-01	1.660272682911129727e-01	7.833657594549132963e-02	3.326820690277133147e-02	8.524861171073475075e-02
1.393277821532721646e+03	2.250532202043876162e-01	1.441014728575360782e-01	2.674146286877798206e-01	1.662641542820632590e-01	7.843667346562700760e-02	3.333374633032575723e-02	8.539610417206795756e-02
1.398115591746377049e+03	2.245241466649728901e-01	1.437457526352828308e-01	2.677524518604125769e-01	1.664996766891849722e-01	7.853623359916325763e-02	3.339899914965128308e-02	8.554273940111965790e-02
1.402953361960032225e+03	2.239981028128490426e-01	1.433919776667857970e-01	2.680883286724911607e-01	1.667338431506049656e-01	7.863525903498792824e-02	3.346396623819423988e-02	8.568852242387431373e-02
1.407791132173687402e+03	2.234750713744183825e-01	1.430401372006455119e-01	2.684222709880169089e-01	1.669666612684498341e-01	7.873375245242389409e-02	3.352864847566833922e-02	8.583345824016452852e-02
1.412628902387342805e+03	2.229550351746207026e-01	1.426902205455986283e-01	2.687542905819984007e-01	1.671981386088120247e-01	7.883171652116964523e-02	3.359304674395598850e-02	8.597755182363191195e-02
1.417466672600997981e+03	2.224379771363576008e-01	1.423422170701760803e-01	2.690843991415795555e-01	1.674282827017234965e-01	7.892915390124295716e-02	3.365716192701163900e-02	8.612080812169595201e-02
1.422304442814653157e+03	2.219238802799203825e-01	1.419961162023629930e-01	2.694126082671429168e-01	1.676571010411362361e-01	7.902606724292755846e-02	3.372099491076700761e-02	8.626323205553024231e-02
1.427142213028308333e+03	2.214127277224220147e-01	1.416519074292606484e-01	2.697389294733876786e-01	1.678846010849096571e-01	7.912245918672271283e-02	3.378454658303828989e-02	8.640482852004628678e-02
1.431979983241963964e+03	2.209045026772329112e-01	1.413095802967505865e-01	2.700633741903842311e-01	1.681107902548045763e-01	7.921833236329568761e-02	3.384781783343515649e-02	8.654560238388409044e-02
1.436817753455619140e+03	2.203991884534202139e-01	1.409691244091605955e-01	2.703859537646047251e-01	1.683356759364834920e-01	7.931368939343695634e-02	3.391080955327164387e-02	8.668555848940956432e-02
1.441655523669274316e+03	2.198967684551910995e-01	1.406305294289325603e-01	2.707066794599315429e-01	1.685592654795170509e-01	7.940853288801794085e-02	3.397352263547871731e-02	8.682470165271827245e-02
1.446493293882929493e+03	2.193972261813394997e-01	1.402937850762924488e-01	2.710255624586433432e-01	1.687815661973962045e-01	7.950286544795158450e-02	3.403595797451870741e-02	8.696303666364542384e-02
1.451331064096585123e+03	2.189005452246965966e-01	1.399588811289219636e-01	2.713426138623802331e-01	1.690025853675501954e-01	7.959668966415513192e-02	3.409811646630132864e-02	8.710056828578173482e-02
1.456168834310240300e+03	2.184067092715848146e-01	1.396258074216326084e-01	2.716578446930878465e-01	1.692223302313700384e-01	7.969000811751558722e-02	3.415999900810142570e-02	8.723730125649491185e-02
1.461006604523895703e+03	2.179157021012754492e-01	1.392945538460410027e-01	2.719712658939412719e-01	1.694408079942371637e-01	7.978282337885736486e-02	3.422160649847832276e-02	8.737324028695664380e-02
1.465844374737550879e+03	2.174275075854498473e-01	1.389651103502465568e-01	2.722828883302499392e-01	1.696580258255571128e-01	7.987513800891227200e-02	3.428293983719676863e-02	8.750839006217470128e-02
1.470682144951206283e+03	2.169421096876639754e-01	1.386374669385110892e-01	2.725927227903426342e-01	1.698739908587983405e-01	7.996695455829164190e-02	3.434399992514947791e-02	8.764275524102999038e-02
1.475519915164861459e+03	2.164594924628164829e-01	1.383116136709399147e-01	2.729007799864350270e-01	1.700887101915354305e-01	8.005827556746074325e-02	3.440478766428110846e-02	8.777634045631843573e-02
1.480357685378516862e+03	2.159796400566201535e-01	1.379875406631651258e-01	2.732070705554784373e-01	1.703021908854971123e-01	8.014910356671509084e-02	3.446530395751384174e-02	8.790915031479737407e-02
1.485195455592172038e+03	2.155025367050768803e-01	1.376652380860305946e-01	2.735116050599918913e-01	1.705144399666183863e-01	8.023944107615887944e-02	3.452554970867430240e-02	8.804118939723618031e-02
1.490033225805827215e+03	2.150281667339558056e-01	1.373446961652789178e-01	2.738143939888766920e-01	1.707254644250971176e-01	8.032929060568533286e-02	3.458552582242202522e-02	8.817246225847123753e-02
1.494870996019482618e+03	2.145565145582749023e-01	1.370259051812399431e-01	2.741154477582148918e-01	1.709352712154544873e-01	8.041865465495889875e-02	3.464523320417926128e-02	8.830297342746469547e-02
1.499708766233137567e+03	2.140875646817858025e-01	1.367088554685214896e-01	2.744147767120518333e-01	1.711438672565993580e-01	8.050753571339934467e-02	3.470467276006211632e-02	8.843272740736711490e-02
1.504546536446793198e+03	2.136213016964618183e-01	1.363935374157015101e-01	2.747123911231629245e-01	1.713512594318964688e-01	8.059593626016757495e-02	3.476384539681313252e-02	8.856172867558362305e-02
1.509384306660448374e+03	2.131577102819894598e-01	1.360799414650223360e-01	2.750083011938052602e-01	1.715574545892380731e-01	8.068385876415316849e-02	3.482275202173507750e-02	8.868998168384363556e-02
1.514222076874103550e+03	2.126967752052627003e-01	1.357680581120863650e-01	2.753025170564552537e-01	1.717624595411192667e-01	8.077130568396356791e-02	3.488139354262609348e-02	8.881749085827378432e-02
1.519059847087758726e+03	2.122384813198808506e-01	1.354578779055539417e-01	2.755950487745308930e-01	1.719662810647163975e-01	8.085827946791492027e-02	3.493977086771606760e-02	8.894426059947395380e-02
1.523897617301414357e+03	2.117828135656494859e-01	1.351493914468425706e-01	2.758859063431010616e-01	1.721689259019688056e-01	8.094478255402445810e-02	3.499788490560426513e-02	8.907029528259631512e-02
1.528735387515069533e+03	2.113297569680840648e-01	1.348425893898283490e-01	2.761750996895812604e-01	1.723704007596635612e-01	8.103081737000435159e-02	3.505573656519814923e-02	8.919559925742721884e-02
1.533573157728724709e+03	2.108792966379173239e-01	1.345374624405485386e-01	2.764626386744156727e-01	1.725707123095232276e-01	8.111638633325707337e-02	3.511332675565338041e-02	8.932017684847173844e-02
1.538410927942380113e+03	2.104314177706090860e-01	1.342340013569064405e-01	2.767485330917469621e-01	1.727698671882964276e-01	8.120149185087220667e-02	3.517065638631500235e-02	8.944403235504078120e-02
1.543248698156035516e+03	2.099861056458596775e-01	1.339321969483776298e-01	2.770327926700737464e-01	1.729678719978509915e-01	8.128613631962451624e-02	3.522772636665975204e-02	8.956717005134061382e-02
1.548086468369690692e+03	2.095433456271257877e-01	1.336320400757180782e-01	2.773154270728955262e-01	1.731647333052698801e-01	8.137032212597346270e-02	3.528453760623948693e-02	8.968959418656473337e-02
1.552924238583346096e+03	2.091031231611397423e-01	1.333335216506738030e-01	2.775964458993461781e-01	1.733604576429495780e-01	8.145405164606397963e-02	3.534109101462570152e-02	8.981130898498790316e-02
1.557762008797001272e+03	2.086654237774316079e-01	1.330366326356924034e-01	2.778758586848163459e-01	1.735550515087006529e-01	8.153732724572845814e-02	3.539738750135512646e-02	8.993231864606224257e-02
1.562599779010656675e+03	2.082302330878540997e-01	1.327413640436360120e-01	2.781536749015642851e-01	1.737485213658508942e-01	8.162015128048996648e-02	3.545342797587633377e-02	9.005262734451524587e-02
1.567437549224311852e+03	2.077975367861105427e-01	1.324477069374961902e-01	2.784299039593157166e-01	1.739408736433506186e-01	8.170252609556662160e-02	3.550921334749743835e-02	9.017223923044970224e-02
1.572275319437967255e+03	2.073673206472856911e-01	1.321556524301103208e-01	2.787045552058537434e-01	1.741321147358797505e-01	8.178445402587716795e-02	3.556474452533478492e-02	9.029115842944542003e-02
1.577113089651622431e+03	2.069395705273793240e-01	1.318651916838795846e-01	2.789776379275982210e-01	1.743222510039572903e-01	8.186593739604750009e-02	3.562002241826259241e-02	9.040938904266235254e-02
1.581950859865277607e+03	2.065142723628427823e-01	1.315763159104887114e-01	2.792491613501752457e-01	1.745112887740524754e-01	8.194697852041843422e-02	3.567504793486360459e-02	9.052693514694559740e-02
1.586788630078933011e+03	2.060914121701183099e-01	1.312890163706272595e-01	2.795191346389766518e-01	1.746992343386978841e-01	8.202757970305436797e-02	3.572982198338068432e-02	9.064380079493165876e-02
1.591626400292587959e+03	2.056709760451810864e-01	1.310032843737126140e-01	2.797875668997105159e-01	1.748860939566041495e-01	8.210774323775296701e-02	3.578434547166935153e-02	9.075999001515602793e-02
1.596464170506243590e+03	2.052529501630841469e-01	1.307191112776144581e-01	2.800544671789422235e-01	1.750718738527765883e-01	8.218747140805587881e-02	3.583861930715120242e-02	9.087550681216226278e-02
1.601301940719898766e+03	2.048373207775058547e-01	1.304364884883807696e-01	2.803198444646263776e-01	1.752565802186330790e-01	8.226676648726029273e-02	3.589264439676825846e-02	9.099035516661205247e-02
1.606139710933553943e+03	2.044240742203005390e-01	1.301554074599657607e-01	2.805837076866304347e-01	1.754402192121237436e-01	8.234563073843143011e-02	3.594642164693821751e-02	9.110453903539654508e-02
1.610977481147209119e+03	2.040131969010512136e-01	1.298758596939589560e-01	2.808460657172495156e-01	1.756227969578519343e-01	8.242406641441590853e-02	3.599995196351052362e-02	9.121806235174864663e-02
1.615815251360864750e+03	2.036046753066254322e-01	1.295978367393160746e-01	2.811069273717128891e-01	1.758043195471966080e-01	8.250207575785602210e-02	3.605323625172330432e-02	9.133092902535630553e-02
1.620653021574519926e+03	2.031984960007337804e-01	1.293213301920915215e-01	2.813663014086825731e-01	1.759847930384361159e-01	8.257966100120466002e-02	3.610627541616114738e-02	9.144314294247671282e-02
1.625490791788175102e+03	2.027946456234907546e-01	1.290463316951722395e-01	2.816241965307442197e-01	1.761642234568730203e-01	8.265682436674122446e-02	3.615907036071369651e-02	9.155470796605137684e-02
1.630328562001830505e+03	2.023931108909784726e-01	1.287728329380130876e-01	2.818806213848896181e-01	1.763426167949603274e-01	8.273356806658814511e-02	3.621162198853505182e-02	9.166562793582186397e-02
1.635166332215485909e+03	2.019938785948129645e-01	1.285008256563739959e-01	2.821355845629925918e-01	1.765199790124284962e-01	8.280989430272821250e-02	3.626393120200394060e-02	9.177590666844631651e-02
1.640004102429141085e+03	2.015969356017129344e-01	1.282303016320584244e-01	2.823890946022771797e-01	1.766963160364139751e-01	8.288580526702261919e-02	3.631599890268467912e-02	9.188554795761663674e-02
1.644841872642796488e+03	2.012022688530712700e-01	1.279612526926533489e-01	2.826411599857787671e-01	1.768716337615882928e-01	8.296130314122969474e-02	3.636782599128890459e-02	9.199455557417619833e-02
1.649679642856451665e+03	2.008098653645289111e-01	1.276936707112707736e-01	2.828917891427980003e-01	1.770459380502883706e-01	8.303639009702425133e-02	3.641941336763801496e-02	9.210293326623808507e-02
1.654517413070107068e+03	2.004197122255513830e-01	1.274275476062907420e-01	2.831409904493487062e-01	1.772192347326475570e-01	8.311106829601765111e-02	3.647076193062639277e-02	9.221068475930391251e-02
1.659355183283762244e+03	2.000317965990077163e-01	1.271628753411059576e-01	2.833887722285984290e-01	1.773915296067275493e-01	8.318533988977845628e-02	3.652187257818529514e-02	9.231781375638296872e-02
1.664192953497417420e+03	1.996461057207519207e-01	1.268996459238675156e-01	2.836351427513028600e-01	1.775628284386511768e-01	8.325920701985363437e-02	3.657274620724750014e-02	9.242432393811175761e-02
1.669030723711072824e+03	1.992626268992071237e-01	1.266378514072324379e-01	2.838801102362339956e-01	1.777331369627358215e-01	8.333267181779045740e-02	3.662338371371261919e-02	9.253021896287390302e-02
1.673868493924728000e+03	1.988813475149516508e-01	1.263774838881126517e-01	2.841236828506022438e-01	1.779024608816275888e-01	8.340573640515884513e-02	3.667378599241308268e-02	9.263550246692030254e-02
1.678706264138383403e+03	1.985022550203081604e-01	1.261185355074250503e-01	2.843658687104724803e-01	1.780708058664359494e-01	8.347840289357434662e-02	3.672395393708083322e-02	9.274017806448955903e-02
1.683544034352038352e+03	1.981253369389346652e-01	1.258609984498434975e-01	2.846066758811740538e-01	1.782381775568693261e-01	8.355067338472155214e-02	3.677388844031463655e-02	9.284424934792862016e-02
1.688381804565693983e+03	1.977505808654183850e-01	1.256048649435518860e-01	2.848461123777055182e-01	1.784045815613708452e-01	8.362254997037810167e-02	3.682359039354806546e-02	9.294771988781347360e-02
1.693219574779349159e+03	1.973779744648717360e-01	1.253501272599987226e-01	2.850841861651336462e-01	1.785700234572548950e-01	8.369403473243905434e-02	3.687306068701808742e-02	9.305059323307010577e-02
1.698057344993004335e+03	1.970075054725307084e-01	1.250967777136532677e-01	2.853209051589865597e-01	1.787345087908440433e-01	8.376512974294186842e-02	3.692230020973433918e-02	9.315287291109544676e-02
1.702895115206659511e+03	1.966391616933556297e-01	1.248448086617627989e-01	2.855562772256423076e-01	1.788980430776063169e-01	8.383583706409176994e-02	3.697130984944895643e-02	9.325456242787841243e-02
1.707732885420315142e+03	1.962729310016343709e-01	1.245942125041114568e-01	2.857903101827118930e-01	1.790606318022930077e-01	8.390615874828752374e-02	3.702009049262700024e-02	9.335566526812093258e-02
1.712570655633970318e+03	1.959088013405876905e-01	1.243449816827805338e-01	2.860230117994169152e-01	1.792222804190768126e-01	8.397609683814763470e-02	3.706864302441754272e-02	9.345618489535900686e-02
1.717408425847625494e+03	1.955467607219770476e-01	1.240971086819099151e-01	2.862543897969631046e-01	1.793829943516901670e-01	8.404565336653703478e-02	3.711696832862526607e-02	9.355612475208364975e-02
1.722246196061280898e+03	1.951867972257144701e-01	1.238505860274611015e-01	2.864844518489079173e-01	1.795427789935641616e-01	8.411483035659407526e-02	3.716506728768266543e-02	9.365548825986179382e-02
1.727083966274936301e+03	1.948288989994750309e-01	1.236054062869814812e-01	2.867132055815246328e-01	1.797016397079672922e-01	8.418362982175783826e-02	3.721294078262283450e-02	9.375427881945706809e-02
1.731921736488591478e+03	1.944730542583112953e-01	1.233615620693700038e-01	2.869406585741607341e-01	1.798595818281449599e-01	8.425205376579601724e-02	3.726058969305274388e-02	9.385249981095046545e-02
1.736759506702246881e+03	1.941192512842701279e-01	1.231190460246441576e-01	2.871668183595924018e-01	1.800166106574586644e-01	8.432010418283289455e-02	3.730801489712711611e-02	9.395015459386087120e-02
1.741597276915902057e+03	1.937674784260118022e-01	1.228778508437082528e-01	2.873916924243743454e-01	1.801727314695257542e-01	8.438778305737786034e-02	3.735521727152282812e-02	9.404724650726528634e-02
1.746435047129557461e+03	1.934177240984311652e-01	1.226379692581231889e-01	2.876152882091856933e-01	1.803279495083590644e-01	8.445509236435413958e-02	3.740219769141383405e-02	9.414377886991903699e-02
1.751272817343212637e+03	1.930699767822810775e-01	1.223993940398774016e-01	2.878376131091709422e-01	1.804822699885067494e-01	8.452203406912779660e-02	3.744895703044658769e-02	9.423975498037555354e-02
1.756110587556867813e+03	1.927242250237980181e-01	1.221621180011590729e-01	2.880586744742774097e-01	1.806356980951923374e-01	8.458861012753715602e-02	3.749549616071599922e-02	9.433517811710602496e-02
1.760948357770523216e+03	1.923804574343301044e-01	1.219261339941298816e-01	2.882784796095884117e-01	1.807882389844546189e-01	8.465482248592239023e-02	3.754181595274186378e-02	9.443005153861876166e-02
1.765786127984178393e+03	1.920386626899665827e-01	1.216914349106997667e-01	2.884970357756524995e-01	1.809398977832876454e-01	8.472067308115548145e-02	3.758791727544583128e-02	9.452437848357819750e-02
1.770623898197833569e+03	1.916988295311704005e-01	1.214580136823031759e-01	2.887143501888086994e-01	1.810906795897808952e-01	8.478616384067033662e-02	3.763380099612881335e-02	9.461816217092364201e-02
1.775461668411488745e+03	1.913609467624121929e-01	1.212258632796765628e-01	2.889304300215080890e-01	1.812405894732592171e-01	8.485129668249324908e-02	3.767946798044886914e-02	9.471140579998771347e-02
1.780299438625144376e+03	1.910250032518065744e-01	1.209949767126370784e-01	2.891452824026319313e-01	1.813896324744228572e-01	8.491607351527356851e-02	3.772491909239957669e-02	9.480411255061435560e-02
1.785137208838799552e+03	1.906909879307507050e-01	1.207653470298626214e-01	2.893589144178052575e-01	1.815378136054874303e-01	8.498049623831450960e-02	3.777015519428887635e-02	9.489628558327654895e-02
1.789974979052454728e+03	1.903588897935646895e-01	1.205369673186730828e-01	2.895713331097081178e-01	1.816851378503236969e-01	8.504456674160437712e-02	3.781517714671835118e-02	9.498792803919361982e-02
1.794812749266109904e+03	1.900286978971343632e-01	1.203098307048128951e-01	2.897825454783823917e-01	1.818316101645974514e-01	8.510828690584780476e-02	3.785998580856291679e-02	9.507904304044817456e-02
1.799650519479765535e+03	1.897004013605557149e-01	1.200839303522347606e-01	2.899925584815355450e-01	1.819772354759090771e-01	8.517165860249727161e-02	3.790458203695101780e-02	9.516963369010257578e-02
1.804488289693420711e+03	1.893739893647817252e-01	1.198592594628847402e-01	2.902013790348410560e-01	1.821220186839332400e-01	8.523468369378488230e-02	3.794896668724521971e-02	9.525970307231508560e-02
1.809326059907075887e+03	1.890494511522710919e-01	1.196358112764883547e-01	2.904090140122355668e-01	1.822659646605580275e-01	8.529736403275418877e-02	3.799314061302322409e-02	9.534925425245545372e-02
1.814163830120731291e+03	1.887267760266389538e-01	1.194135790703381717e-01	2.906154702462126482e-01	1.824090782500243924e-01	8.535970146329226182e-02	3.803710466605928625e-02	9.543829027722018632e-02
1.819001600334386467e+03	1.884059533523097241e-01	1.191925561590824051e-01	2.908207545281134010e-01	1.825513642690650140e-01	8.542169782016195700e-02	3.808085969630611162e-02	9.552681417474727377e-02
1.823839370548041643e+03	1.880869725541717830e-01	1.189727358945148195e-01	2.910248736084142251e-01	1.826928275070432151e-01	8.548335492903429145e-02	3.812440655187706445e-02	9.561482895473050192e-02
1.828677140761696819e+03	1.877698231172342525e-01	1.187541116653658690e-01	2.912278341970114259e-01	1.828334727260914894e-01	8.554467460652094568e-02	3.816774607902883448e-02	9.570233760853316674e-02
1.833514910975352450e+03	1.874544945862857137e-01	1.185366768970948365e-01	2.914296429635024888e-01	1.829733046612499747e-01	8.560565866020697356e-02	3.821087912214447130e-02	9.578934310930153906e-02
1.838352681189008081e+03	1.871409765655548674e-01	1.183204250516834283e-01	2.916303065374651893e-01	1.831123280206044812e-01	8.566630888868358162e-02	3.825380652371682816e-02	9.587584841207759390e-02
1.843190451402663257e+03	1.868292587183732478e-01	1.181053496274303560e-01	2.918298315087330952e-01	1.832505474854244365e-01	8.572662708158110267e-02	3.829652912433235967e-02	9.596185645391132335e-02
1.848028221616318433e+03	1.865193307668396860e-01	1.178914441587471940e-01	2.920282244276686257e-01	1.833879677103004979e-01	8.578661501960202496e-02	3.833904776265529418e-02	9.604737015397259159e-02
1.852865991829973609e+03	1.862111824914867708e-01	1.176787022159553470e-01	2.922254918054331685e-01	1.835245933232818316e-01	8.584627447455416005e-02	3.838136327541220166e-02	9.613239241366240695e-02
1.857703762043628785e+03	1.859048037309493084e-01	1.174671174050841704e-01	2.924216401142548660e-01	1.836604289260130585e-01	8.590560720938389405e-02	3.842347649737689469e-02	9.621692611672366668e-02
1.862541532257283961e+03	1.856001843816346697e-01	1.172566833676702835e-01	2.926166757876931812e-01	1.837954790938710614e-01	8.596461497820959141e-02	3.846538826135566941e-02	9.630097412935138823e-02
1.867379302470939592e+03	1.852973143973948023e-01	1.170473937805580344e-01	2.928106052209011878e-01	1.839297483761013208e-01	8.602329952635504040e-02	3.850709939817296978e-02	9.638453930030242700e-02
1.872217072684594768e+03	1.849961837892004635e-01	1.168392423557010618e-01	2.930034347708853626e-01	1.840632412959539999e-01	8.608166259038303736e-02	3.854861073665730165e-02	9.646762446100459742e-02
1.877054842898249490e+03	1.846967826248169242e-01	1.166322228399650079e-01	2.931951707567625465e-01	1.841959623508195865e-01	8.613970589812891543e-02	3.858992310362757694e-02	9.655023242566523889e-02
1.881892613111905121e+03	1.843991010284820320e-01	1.164263290149313568e-01	2.933858194600147407e-01	1.843279160123643123e-01	8.619743116873437860e-02	3.863103732387970085e-02	9.663236599137928207e-02
1.886730383325560297e+03	1.841031291805855230e-01	1.162215546967024365e-01	2.935753871247411828e-01	1.844591067266651563e-01	8.625484011268115536e-02	3.867195422017358913e-02	9.671402793823674626e-02
1.891568153539215928e+03	1.838088573173507489e-01	1.160178937357074502e-01	2.937638799579082582e-01	1.845895389143443477e-01	8.631193443182492986e-02	3.871267461322042136e-02	9.679522102942961226e-02
1.896405923752871104e+03	1.835162757305177084e-01	1.158153400165096159e-01	2.939513041295971352e-01	1.847192169707037313e-01	8.636871581942914822e-02	3.875319932167024806e-02	9.687594801135816780e-02
1.901243693966526507e+03	1.832253747670282429e-01	1.156138874576145420e-01	2.941376657732486244e-01	1.848481452658586044e-01	8.642518596019903299e-02	3.879352916209992397e-02	9.695621161373683961e-02
1.906081464180181683e+03	1.829361448287128711e-01	1.154135300112795748e-01	2.943229709859060961e-01	1.849763281448710828e-01	8.648134653031552821e-02	3.883366494900134663e-02	9.703601454969933149e-02
1.910919234393836859e+03	1.826485763719794264e-01	1.152142616633241856e-01	2.945072258284563982e-01	1.851037699278831883e-01	8.653719919746935552e-02	3.887360749476997945e-02	9.711535951590330451e-02
1.915757004607492036e+03	1.823626599075036103e-01	1.150160764329415664e-01	2.946904363258679993e-01	1.852304749102494930e-01	8.659274562089509797e-02	3.891335760969368007e-02	9.719424919263434937e-02
1.920594774821147894e+03	1.820783859999209886e-01	1.148189683725112653e-01	2.948726084674275216e-01	1.853564473626693465e-01	8.664798745140525615e-02	3.895291610194186183e-02	9.727268624390952856e-02
1.925432545034802843e+03	1.817957452675210972e-01	1.146229315674128640e-01	2.950537482069737205e-01	1.854816915313186321e-01	8.670292633142444305e-02	3.899228377755486336e-02	9.735067331758018305e-02
1.930270315248458019e+03	1.815147283819430746e-01	1.144279601358406673e-01	2.952338614631294655e-01	1.856062116379810778e-01	8.675756389502349564e-02	3.903146144043370680e-02	9.742821304543428096e-02
1.935108085462113195e+03	1.812353260678731814e-01	1.142340482286195585e-01	2.954129541195318898e-01	1.857300118801792077e-01	8.681190176795369751e-02	3.907044989233007110e-02	9.750530804329811396e-02
1.939945855675768371e+03	1.809575291027438193e-01	1.140411900290218272e-01	2.955910320250604295e-01	1.858530964313047928e-01	8.686594156768090436e-02	3.910924993283653589e-02	9.758196091113736925e-02
1.944783625889424002e+03	1.806813283164344919e-01	1.138493797525850781e-01	2.957681009940624217e-01	1.859754694407488862e-01	8.691968490341982212e-02	3.914786235937716546e-02	9.765817423315774348e-02
1.949621396103079178e+03	1.804067145909743208e-01	1.136586116469311541e-01	2.959441668065775910e-01	1.860971350340313024e-01	8.697313337616820184e-02	3.918628796719826612e-02	9.773395057790477958e-02
1.954459166316734354e+03	1.801336788602464212e-01	1.134688799915860857e-01	2.961192352085595947e-01	1.862180973129297090e-01	8.702628857874099289e-02	3.922452754935951136e-02	9.780929249836330108e-02
1.959296936530389530e+03	1.798622121096936644e-01	1.132801790978010814e-01	2.962933119120964576e-01	1.863383603556083012e-01	8.707915209580464888e-02	3.926258189672524046e-02	9.788420253205611099e-02
1.964134706744044706e+03	1.795923053760264676e-01	1.130925033083745451e-01	2.964664025956289528e-01	1.864579282167459495e-01	8.713172550391130866e-02	3.930045179795605553e-02	9.795868320114219097e-02
1.968972476957700337e+03	1.793239497469319987e-01	1.129058469974751344e-01	2.966385129041666513e-01	1.865768049276637364e-01	8.718401037153296340e-02	3.933813803950068910e-02	9.803273701251426220e-02
1.973810247171355968e+03	1.790571363607851019e-01	1.127202045704657069e-01	2.968096484495028609e-01	1.866949944964523267e-01	8.723600825909569312e-02	3.937564140558807990e-02	9.810636645789576338e-02
1.978648017385010689e+03	1.787918564063608884e-01	1.125355704637283905e-01	2.969798148104269564e-01	1.868125009080984500e-01	8.728772071901386154e-02	3.941296267821971927e-02	9.817957401393723194e-02
1.983485787598666320e+03	1.785281011225489933e-01	1.123519391444906396e-01	2.971490175329359884e-01	1.869293281246112715e-01	8.733914929572426933e-02	3.945010263716222654e-02	9.825236214231214404e-02
1.988323557812321269e+03	1.782658617980693583e-01	1.121693051106521788e-01	2.973172621304435159e-01	1.870454800851480415e-01	8.739029552572026571e-02	3.948706205994018115e-02	9.832473328981204685e-02
1.993161328025976900e+03	1.780051297711897074e-01	1.119876628906130850e-01	2.974845540839871627e-01	1.871609607061392733e-01	8.744116093758591557e-02	3.952384172182915600e-02	9.839668988844127440e-02
1.997999098239632076e+03	1.777458964294446053e-01	1.118070070431026880e-01	2.976508988424346747e-01	1.872757738814135597e-01	8.749174705203005553e-02	3.956044239584902839e-02	9.846823435551095571e-02
2.002836868453287707e+03	1.774881532093560976e-01	1.116273321570095678e-01	2.978163018226880343e-01	1.873899234823215576e-01	8.754205538192041947e-02	3.959686485275747125e-02	9.853936909373237074e-02
2.007674638666942428e+03	1.772318915961559882e-01	1.114486328512124813e-01	2.979807684098857989e-01	1.875034133578599715e-01	8.759208743231765293e-02	3.963310986104370132e-02	9.861009649130988985e-02
2.012512408880597604e+03	1.769771031235096159e-01	1.112709037744121637e-01	2.981443039576041620e-01	1.876162473347945114e-01	8.764184470050924436e-02	3.966917818692243525e-02	9.868041892203328891e-02
2.017350179094252780e+03	1.767237793732412410e-01	1.110941396049642954e-01	2.983069137880561272e-01	1.877284292177827385e-01	8.769132867604362280e-02	3.970507059432806102e-02	9.875033874536931489e-02
2.022187949307908411e+03	1.764719119750610132e-01	1.109183350507131488e-01	2.984686031922891836e-01	1.878399627894961066e-01	8.774054084076397808e-02	3.974078784490901739e-02	9.881985830655291847e-02
2.027025719521564042e+03	1.762214926062934117e-01	1.107434848488264428e-01	2.986293774303815929e-01	1.879508518107416148e-01	8.778948266884215035e-02	3.977633069802240934e-02	9.888897993667769559e-02
2.031863489735218764e+03	1.759725129916073771e-01	1.105695837656308911e-01	2.987892417316367344e-01	1.880611000205829886e-01	8.783815562681256128e-02	3.981169991072880388e-02	9.895770595278585713e-02
2.036701259948874394e+03	1.757249649027478322e-01	1.103966265964489157e-01	2.989482012947763390e-01	1.881707111364612495e-01	8.788656117360590936e-02	3.984689623778724099e-02	9.902603865795762961e-02
2.041539030162529116e+03	1.754788401582686730e-01	1.102246081654361110e-01	2.991062612881320026e-01	1.882796888543148417e-01	8.793470076058293450e-02	3.988192043165044581e-02	9.909398034140004530e-02
2.046376800376184747e+03	1.752341306232675366e-01	1.100535233254197470e-01	2.992634268498352013e-01	1.883880368486990087e-01	8.798257583156816886e-02	3.991677324246024200e-02	9.916153327853512167e-02
2.051214570589840150e+03	1.749908282091217904e-01	1.098833669577380656e-01	2.994197030880058619e-01	1.884957587729051143e-01	8.803018782288349331e-02	3.995145541804313860e-02	9.922869973108756902e-02
2.056052340803495554e+03	1.747489248732261580e-01	1.097141339720806574e-01	2.995750950809395463e-01	1.886028582590788816e-01	8.807753816338176334e-02	3.998596770390615979e-02	9.929548194717183196e-02
2.060890111017150957e+03	1.745084126187319284e-01	1.095458193063296171e-01	2.997296078772931360e-01	1.887093389183384928e-01	8.812462827448036551e-02	4.002031084323279253e-02	9.936188216137863127e-02
2.065727881230805451e+03	1.742692834942873026e-01	1.093784179264016415e-01	2.998832464962692401e-01	1.888152043408920233e-01	8.817145957019462132e-02	4.005448557687919103e-02	9.942790259486089521e-02
2.070565651444461309e+03	1.740315295937796825e-01	1.092119248260909753e-01	3.000360159277989935e-01	1.889204580961542645e-01	8.821803345717123268e-02	4.008849264337051993e-02	9.949354545541923278e-02
2.075403421658116713e+03	1.737951430560789601e-01	1.090463350269133824e-01	3.001879211327236341e-01	1.890251037328632422e-01	8.826435133472163019e-02	4.012233277889749178e-02	9.955881293758660211e-02
2.080241191871772116e+03	1.735601160647826380e-01	1.088816435779508401e-01	3.003389670429744696e-01	1.891291447791959290e-01	8.831041459485521050e-02	4.015600671731306415e-02	9.962370722271275680e-02
2.085078962085427065e+03	1.733264408479621432e-01	1.087178455556972595e-01	3.004891585617520122e-01	1.892325847428836527e-01	8.835622462231261520e-02	4.018951519012936568e-02	9.968823047904784573e-02
2.089916732299082469e+03	1.730941096779106958e-01	1.085549360639049277e-01	3.006385005637033370e-01	1.893354271113267817e-01	8.840178279459881550e-02	4.022285892651471240e-02	9.975238486182561037e-02
2.094754502512737417e+03	1.728631148708925924e-01	1.083929102334319911e-01	3.007869978950981626e-01	1.894376753517089673e-01	8.844709048201621071e-02	4.025603865329089454e-02	9.981617251334605478e-02
2.099592272726392821e+03	1.726334487868938783e-01	1.082317632220906600e-01	3.009346553740037677e-01	1.895393329111109693e-01	8.849214904769761580e-02	4.028905509493052595e-02	9.987959556305743558e-02
2.104430042940048224e+03	1.724051038293744342e-01	1.080714902144963574e-01	3.010814777904586292e-01	1.896404032166237041e-01	8.853695984763917948e-02	4.032190897355464321e-02	9.994265612763787721e-02
2.109267813153704083e+03	1.721780724450215350e-01	1.079120864219177134e-01	3.012274699066446737e-01	1.897408896754609053e-01	8.858152423073333004e-02	4.035460100893040886e-02	1.000053563110762656e-01
2.114105583367359031e+03	1.719523471235046841e-01	1.077535470821273378e-01	3.013726364570583627e-01	1.898407956750712833e-01	8.862584353880141597e-02	4.038713191846899503e-02	1.000676982047527530e-01
2.118943353581013525e+03	1.717279203972319757e-01	1.075958674592536191e-01	3.015169821486804458e-01	1.899401245832499918e-01	8.866991910662649912e-02	4.041950241722364751e-02	1.001296838875186390e-01
2.123781123794669384e+03	1.715047848411077325e-01	1.074390428436331063e-01	3.016605116611446591e-01	1.900388797482496506e-01	8.871375226198596753e-02	4.045171321788788854e-02	1.001913154257757510e-01
2.128618894008324787e+03	1.712829330722915600e-01	1.072830685516639598e-01	3.018032296469050912e-01	1.901370644988909231e-01	8.875734432568403720e-02	4.048376503079383071e-02	1.002525948735553396e-01
2.133456664221980191e+03	1.710623577499586767e-01	1.071279399256601372e-01	3.019451407314021063e-01	1.902346821446724290e-01	8.880069661158425387e-02	4.051565856391071280e-02	1.003135242725963355e-01
2.138294434435635139e+03	1.708430515750618550e-01	1.069736523337063150e-01	3.020862495132277115e-01	1.903317359758801564e-01	8.884381042664188377e-02	4.054739452284353285e-02	1.003741056524231762e-01
2.143132204649290543e+03	1.706250072900943326e-01	1.068202011695138232e-01	3.022265605642890929e-01	1.904282292636962359e-01	8.888668707093615173e-02	4.057897361083184773e-02	1.004343410304230771e-01
2.147969974862945492e+03	1.704082176788544734e-01	1.066675818522772878e-01	3.023660784299713744e-01	1.905241652603075486e-01	8.892932783770247929e-02	4.061039652874869760e-02	1.004942324119227903e-01
2.152807745076601350e+03	1.701926755662112600e-01	1.065157898265320369e-01	3.025048076292988219e-01	1.906195471990133061e-01	8.897173401336462562e-02	4.064166397509970385e-02	1.005537817902648207e-01
2.157645515290255844e+03	1.699783738178718140e-01	1.063648205620124354e-01	3.026427526550957148e-01	1.907143782943323818e-01	8.901390687756674525e-02	4.067277664602228504e-02	1.006129911468831989e-01
2.162483285503912157e+03	1.697653053401494694e-01	1.062146695535109708e-01	3.027799179741451630e-01	1.908086617421100584e-01	8.905584770320529309e-02	4.070373523528496990e-02	1.006718624513786714e-01
2.167321055717567106e+03	1.695534630797337072e-01	1.060653323207380594e-01	3.029163080273472586e-01	1.909024007196243322e-01	8.909755775646087395e-02	4.073454043428694632e-02	1.007303976615934182e-01
2.172158825931222509e+03	1.693428400234611164e-01	1.059168044081827825e-01	3.030519272298762834e-01	1.909955983856914674e-01	8.913903829683003655e-02	4.076519293205763811e-02	1.007885987236852576e-01
2.176996596144877003e+03	1.691334291980878535e-01	1.057690813849743450e-01	3.031867799713363065e-01	1.910882578807711896e-01	8.918029057715701202e-02	4.079569341525648291e-02	1.008464675722013926e-01
2.181834366358532861e+03	1.689252236700630738e-01	1.056221588447442683e-01	3.033208706159162826e-01	1.911803823270713520e-01	8.922131584366520263e-02	4.082604256817279342e-02	1.009040061301515467e-01
2.186672136572187810e+03	1.687182165453040561e-01	1.054760324054894310e-01	3.034542035025437068e-01	1.912719748286519916e-01	8.926211533598875369e-02	4.085624107272575745e-02	1.009612163090807674e-01
2.191509906785843214e+03	1.685124009689722147e-01	1.053306977094359276e-01	3.035867829450372701e-01	1.913630384715288846e-01	8.930269028720388969e-02	4.088628960846460436e-02	1.010181000091416037e-01
2.196347676999498617e+03	1.683077701252507496e-01	1.051861504229035793e-01	3.037186132322585719e-01	1.914535763237764920e-01	8.934304192386029186e-02	4.091618885256881333e-02	1.010746591191658689e-01
2.201185447213154021e+03	1.681043172371231020e-01	1.050423862361713062e-01	3.038496986282625545e-01	1.915435914356307112e-01	8.938317146601225394e-02	4.094593947984850185e-02	1.011308955167358747e-01
2.206023217426809424e+03	1.679020355661531017e-01	1.048994008633432062e-01	3.039800433724473838e-01	1.916330868395905718e-01	8.942308012724983768e-02	4.097554216274492539e-02	1.011868110682552363e-01
2.210860987640464373e+03	1.677009184122661700e-01	1.047571900422154118e-01	3.041096516797026639e-01	1.917220655505199045e-01	8.946276911472988980e-02	4.100499757133108103e-02	1.012424076290191349e-01
2.215698757854119776e+03	1.675009591135316611e-01	1.046157495341437232e-01	3.042385277405572075e-01	1.918105305657481496e-01	8.950223962920692000e-02	4.103430637331241526e-02	1.012976870432841514e-01
2.220536528067775180e+03	1.673021510459467009e-01	1.044750751239119646e-01	3.043666757213253637e-01	1.918984848651708597e-01	8.954149286506399297e-02	4.106346923402769133e-02	1.013526511443376132e-01
2.225374298281430583e+03	1.671044876232209153e-01	1.043351626196011017e-01	3.044940997642527902e-01	1.919859314113495363e-01	8.958053001034341212e-02	4.109248681644989826e-02	1.014073017545665117e-01
2.230212068495085077e+03	1.669079622965625731e-01	1.041960078524590827e-01	3.046208039876610041e-01	1.920728731496110231e-01	8.961935224677734790e-02	4.112135978118731938e-02	1.014616406855258224e-01
2.235049838708740936e+03	1.667125685544660896e-01	1.040576066767713859e-01	3.047467924860907118e-01	1.921593130081463707e-01	8.965796074981838282e-02	4.115008878648469814e-02	1.015156697380065476e-01
2.239887608922396339e+03	1.665182999225003346e-01	1.039199549697324143e-01	3.048720693304445839e-01	1.922452538981091752e-01	8.969635668866993150e-02	4.117867448822452175e-02	1.015693907021031767e-01
2.244725379136052197e+03	1.663251499630984953e-01	1.037830486313174594e-01	3.049966385681291414e-01	1.923306987137133328e-01	8.973454122631660534e-02	4.120711753992836734e-02	1.016228053572806878e-01
2.249563149349706237e+03	1.661331122753489098e-01	1.036468835841555663e-01	3.051205042231951992e-01	1.924156503323304623e-01	8.977251551955435505e-02	4.123541859275838689e-02	1.016759154724411474e-01
2.254400919563362095e+03	1.659421804947872892e-01	1.035114557734029134e-01	3.052436702964775872e-01	1.925001116145866886e-01	8.981028071902066867e-02	4.126357829551888928e-02	1.017287228059898796e-01
2.259238689777017044e+03	1.657523482931898828e-01	1.033767611666170788e-01	3.053661407657345395e-01	1.925840854044588157e-01	8.984783796922453381e-02	4.129159729465800566e-02	1.017812291059011082e-01
2.264076459990672902e+03	1.655636093783679486e-01	1.032427957536319885e-01	3.054879195857847507e-01	1.926675745293701669e-01	8.988518840857644132e-02	4.131947623426946575e-02	1.018334361097831542e-01
