1.001418434226643626e+03	2.799695928862089844e-01	1.807316235516434888e-01	2.348098041131689850e-01	1.410761596371944704e-01	6.807209576893441527e-02	2.656052611814857176e-02	6.878019792448925029e-02
1.003837319333471214e+03	2.795460464062584083e-01	1.804557979364931897e-01	2.351072219359594817e-01	1.412571543954957154e-01	6.814624187618645301e-02	2.659876745246462365e-02	6.888876999693029080e-02
1.006256204440298802e+03	2.791236981112247828e-01	1.801807414441671529e-01	2.354037065433965403e-01	1.414376718236583230e-01	6.822020185310315177e-02	2.663690895256210292e-02	6.899707127167604981e-02
1.008675089547126618e+03	2.787025446598391243e-01	1.799064518749359798e-01	2.356992609040003128e-01	1.416177131265259070e-01	6.829397612999216216e-02	2.667495089639550232e-02	6.910510240809912552e-02
1.011093974653954206e+03	2.782825827199892355e-01	1.796329270355203345e-01	2.359938879765184627e-01	1.417972795061388236e-01	6.836756513680830594e-02	2.671289356114442751e-02	6.921286406366849997e-02
1.013512859760782021e+03	2.778638089686961132e-01	1.793601647390714593e-01	2.362875907099613870e-01	1.419763721617396113e-01	6.844096930313710303e-02	2.675073722321573075e-02	6.932035689396662259e-02
1.015931744867609382e+03	2.774462200920899679e-01	1.790881628051516627e-01	2.365803720436372715e-01	1.421549922897783202e-01	6.851418905817885374e-02	2.678848215824564116e-02	6.942758155270625786e-02
1.018350629974437197e+03	2.770298127853864645e-01	1.788169190597152236e-01	2.368722349071868127e-01	1.423331410839177025e-01	6.858722483073317888e-02	2.682612864110187761e-02	6.953453869174670843e-02
1.020769515081264785e+03	2.766145837528630191e-01	1.785464313350887955e-01	2.371631822206179407e-01	1.425108197350386519e-01	6.866007704918404564e-02	2.686367694588576507e-02	6.964122896110976069e-02
1.023188400188092373e+03	2.762005297078349852e-01	1.782766974699523665e-01	2.374532168943403465e-01	1.426880294312454500e-01	6.873274614148523753e-02	2.690112734593434057e-02	6.974765300899526954e-02
1.025607285294920075e+03	2.757876473726321165e-01	1.780077153093200248e-01	2.377423418291996216e-01	1.428647713578711231e-01	6.880523253514628235e-02	2.693848011382245916e-02	6.985381148179635458e-02
1.028026170401747549e+03	2.753759334785749191e-01	1.777394827045208348e-01	2.380305599165116193e-01	1.430410466974827710e-01	6.887753665721881025e-02	2.697573552136489292e-02	6.995970502411417991e-02
1.030445055508575479e+03	2.749653847659510042e-01	1.774719975131797967e-01	2.383178740380962890e-01	1.432168566298867296e-01	6.894965893428332826e-02	2.701289383961841956e-02	7.006533427877251197e-02
1.032863940615402726e+03	2.745559979839914955e-01	1.772052575991988899e-01	2.386042870663114823e-01	1.433922023321340666e-01	6.902159979243645271e-02	2.704995533888391104e-02	7.017069988683177773e-02
1.035282825722230655e+03	2.741477698908478811e-01	1.769392608327380878e-01	2.388898018640865928e-01	1.435670849785257719e-01	6.909335965727846085e-02	2.708692028870840485e-02	7.027580248760290083e-02
1.037701710829058356e+03	2.737406972535680882e-01	1.766740050901965675e-01	2.391744212849560292e-01	1.437415057406180863e-01	6.916493895390131430e-02	2.712378895788719255e-02	7.038064271866086019e-02
1.040120595935886058e+03	2.733347768480733908e-01	1.764094882541937803e-01	2.394581481730925221e-01	1.439154657872277754e-01	6.923633810687698786e-02	2.716056161446588069e-02	7.048522121585779066e-02
1.042539481042713533e+03	2.729300054591349833e-01	1.761457082135508279e-01	2.397409853633402366e-01	1.440889662844374308e-01	6.930755754024622850e-02	2.719723852574246203e-02	7.058953861333591706e-02
1.044958366149541234e+03	2.725263798803507220e-01	1.758826628632716715e-01	2.400229356812478565e-01	1.442620083956007715e-01	6.937859767750760576e-02	2.723381995826935909e-02	7.069359554354009978e-02
1.047377251256368709e+03	2.721238969141215325e-01	1.756203501045245641e-01	2.403040019431013641e-01	1.444345932813479449e-01	6.944945894160697852e-02	2.727030617785549532e-02	7.079739263723018594e-02
1.049796136363196410e+03	2.717225533716286501e-01	1.753587678446233977e-01	2.405841869559566804e-01	1.446067220995908287e-01	6.952014175492723935e-02	2.730669744956833872e-02	7.090093052349295821e-02
1.052215021470024112e+03	2.713223460728101388e-01	1.750979139970093301e-01	2.408634935176721947e-01	1.447783960055281649e-01	6.959064653927848898e-02	2.734299403773593484e-02	7.100420982975391704e-02
1.054633906576851814e+03	2.709232718463377987e-01	1.748377864812321048e-01	2.411419244169411280e-01	1.449496161516510562e-01	6.966097371588836351e-02	2.737919620594895381e-02	7.110723118178877145e-02
1.057052791683679516e+03	2.705253275295940174e-01	1.745783832229318711e-01	2.414194824333239231e-01	1.451203836877480724e-01	6.973112370539283345e-02	2.741530421706270954e-02	7.120999520373468006e-02
1.059471676790506763e+03	2.701285099686491220e-01	1.743197021538207547e-01	2.416961703372800530e-01	1.452906997609106354e-01	6.980109692782721087e-02	2.745131833319919973e-02	7.131250251810114515e-02
1.061890561897334692e+03	2.697328160182377865e-01	1.740617412116645113e-01	2.419719908902001615e-01	1.454605655155381538e-01	6.987089380261751748e-02	2.748723881574911820e-02	7.141475374578089286e-02
1.064309447004162394e+03	2.693382425417364945e-01	1.738044983402643739e-01	2.422469468444377050e-01	1.456299820933434075e-01	6.994051474857204687e-02	2.752306592537387062e-02	7.151674950606022596e-02
1.066728332110990095e+03	2.689447864111405018e-01	1.735479714894389014e-01	2.425210409433407044e-01	1.457989506333577379e-01	7.000996018387330155e-02	2.755879992200759021e-02	7.161849041662939064e-02
1.069147217217817570e+03	2.685524445070409660e-01	1.732921586150057980e-01	2.427942759212830814e-01	1.459674722719363771e-01	7.007923052607016590e-02	2.759444106485913276e-02	7.171997709359254070e-02
1.071566102324645271e+03	2.681612137186022982e-01	1.730370576787639281e-01	2.430666545036961890e-01	1.461355481427636105e-01	7.014832619207030107e-02	2.762998961241407841e-02	7.182121015147767407e-02
1.073984987431472746e+03	2.677710909435391806e-01	1.727826666484752471e-01	2.433381794070999249e-01	1.463031793768580779e-01	7.021724759813287309e-02	2.766544582243673361e-02	7.192219020324611134e-02
1.076403872538300675e+03	2.673820730880939189e-01	1.725289834978468717e-01	2.436088533391338184e-01	1.464703671025779919e-01	7.028599515986141966e-02	2.770080995197210863e-02	7.202291786030202980e-02
1.078822757645127922e+03	2.669941570670138486e-01	1.722760062065132325e-01	2.438786789985879777e-01	1.466371124456264108e-01	7.035456929219714717e-02	2.773608225734790905e-02	7.212339373250163665e-02
1.081241642751955851e+03	2.666073398035288533e-01	1.720237327600182275e-01	2.441476590754338427e-01	1.468034165290564297e-01	7.042297040941219999e-02	2.777126299417650296e-02	7.222361842816213406e-02
1.083660527858783553e+03	2.662216182293284383e-01	1.717721611497974310e-01	2.444157962508549942e-01	1.469692804732764257e-01	7.049119892510340157e-02	2.780635241735690891e-02	7.232359255407060095e-02
1.086079412965611255e+03	2.658369892845394711e-01	1.715212893731604127e-01	2.446830931972775180e-01	1.471347053960553319e-01	7.055925525218606498e-02	2.784135078107674577e-02	7.242331671549261107e-02
1.088498298072438729e+03	2.654534499177038098e-01	1.712711154332729746e-01	2.449495525784004812e-01	1.472996924125278273e-01	7.062713980288813642e-02	2.787625833881420337e-02	7.252279151618072628e-02
1.090917183179266431e+03	2.650709970857555442e-01	1.710216373391397204e-01	2.452151770492262128e-01	1.474642426351994995e-01	7.069485298874440826e-02	2.791107534334000620e-02	7.262201755838276762e-02
1.093336068286093905e+03	2.646896277539989017e-01	1.707728531055863752e-01	2.454799692560903912e-01	1.476283571739521461e-01	7.076239522059109277e-02	2.794580204671935283e-02	7.272099544284989225e-02
1.095754953392921607e+03	2.643093388960858769e-01	1.705247607532422160e-01	2.457439318366921310e-01	1.477920371360489371e-01	7.082976690856045143e-02	2.798043870031386923e-02	7.281972576884461479e-02
1.098173838499749309e+03	2.639301274939940267e-01	1.702773583085228359e-01	2.460070674201238206e-01	1.479552836261396609e-01	7.089696846207568792e-02	2.801498555478353775e-02	7.291820913414859273e-02
1.100592723606577010e+03	2.635519905380039885e-01	1.700306438036125467e-01	2.462693786269008200e-01	1.481180977462658588e-01	7.096400028984610475e-02	2.804944286008865389e-02	7.301644613507023152e-02
1.103011608713404712e+03	2.631749250266775531e-01	1.697846152764471983e-01	2.465308680689912435e-01	1.482804805958660710e-01	7.103086279986225993e-02	2.808381086549173455e-02	7.311443736645217850e-02
1.105430493820231959e+03	2.627989279668355160e-01	1.695392707706967761e-01	2.467915383498453241e-01	1.484424332717810269e-01	7.109755639939145666e-02	2.811808981955946432e-02	7.321218342167869209e-02
1.107849378927059888e+03	2.624239963735356396e-01	1.692946083357483311e-01	2.470513920644248074e-01	1.486039568682587797e-01	7.116408149497335800e-02	2.815227997016459677e-02	7.330968489268280264e-02
1.110268264033887590e+03	2.620501272700504480e-01	1.690506260266886052e-01	2.473104317992322609e-01	1.487650524769599525e-01	7.123043849241574021e-02	2.818638156448787999e-02	7.340694236995339017e-02
1.112687149140715292e+03	2.616773176878455787e-01	1.688073219042870998e-01	2.475686601323402181e-01	1.489257211869629005e-01	7.129662779679046825e-02	2.822039484901996825e-02	7.350395644254209548e-02
1.115106034247542766e+03	2.613055646665574105e-01	1.685646940349788681e-01	2.478260796334202098e-01	1.490859640847688461e-01	7.136264981242955441e-02	2.825432006956331635e-02	7.360072769807012028e-02
1.117524919354370468e+03	2.609348652539716928e-01	1.683227404908475833e-01	2.480826928637715756e-01	1.492457822543070689e-01	7.142850494292145302e-02	2.828815747123408428e-02	7.369725672273486072e-02
1.119943804461197942e+03	2.605652165060014513e-01	1.680814593496086362e-01	2.483385023763503008e-01	1.494051767769400962e-01	7.149419359110743832e-02	2.832190729846404548e-02	7.379354410131645781e-02
1.122362689568025871e+03	2.601966154866651171e-01	1.678408486945919820e-01	2.485935107157976887e-01	1.495641487314688101e-01	7.155971615907819050e-02	2.835556979500244296e-02	7.388959041718423659e-02
1.124781574674853118e+03	2.598290592680651545e-01	1.676009066147255422e-01	2.488477204184687819e-01	1.497226991941376373e-01	7.162507304817043730e-02	2.838914520391791138e-02	7.398539625230293737e-02
1.127200459781681047e+03	2.594625449303661902e-01	1.673616312045183852e-01	2.491011340124610618e-01	1.498808292386396290e-01	7.169026465896387312e-02	2.842263376760032975e-02	7.408096218723896065e-02
1.129619344888508749e+03	2.590970695617733077e-01	1.671230205640437672e-01	2.493537540176424816e-01	1.500385399361217342e-01	7.175529139127802269e-02	2.845603572776270879e-02	7.417628880116637624e-02
1.132038229995336451e+03	2.587326302585107318e-01	1.668850727989226734e-01	2.496055829456798048e-01	1.501958323551897401e-01	7.182015364416942382e-02	2.848935132544305748e-02	7.427137667187293235e-02
1.134457115102163925e+03	2.583692241248001231e-01	1.666477860203070260e-01	2.498566233000666936e-01	1.503527075619136566e-01	7.188485181592878248e-02	2.852258080100623580e-02	7.436622637576585648e-02
1.136876000208991627e+03	2.580068482728392065e-01	1.664111583448631138e-01	2.501068775761515761e-01	1.505091666198325739e-01	7.194938630407839153e-02	2.855572439414583510e-02	7.446083848787764248e-02
1.139294885315819101e+03	2.576454998227803439e-01	1.661751878947551331e-01	2.503563482611655955e-01	1.506652105899600191e-01	7.201375750536954945e-02	2.858878234388600656e-02	7.455521358187171266e-02
1.141713770422646803e+03	2.572851759027091623e-01	1.659398727976286181e-01	2.506050378342503659e-01	1.508208405307888411e-01	7.207796581578015949e-02	2.862175488858334158e-02	7.464935223004791343e-02
1.144132655529474505e+03	2.569258736486231820e-01	1.657052111865939814e-01	2.508529487664855617e-01	1.509760574982965675e-01	7.214201163051239818e-02	2.865464226592867938e-02	7.474325500334801087e-02
1.146551540636302207e+03	2.565675902044107781e-01	1.654712012002101662e-01	2.511000835209165616e-01	1.511308625459502619e-01	7.220589534399061982e-02	2.868744471294898055e-02	7.483692247136104758e-02
1.148970425743129908e+03	2.562103227218297530e-01	1.652378409824683536e-01	2.513464445525817048e-01	1.512852567247117974e-01	7.226961734985914987e-02	2.872016246600913106e-02	7.493035520232857460e-02
1.151389310849957155e+03	2.558540683604861865e-01	1.650051286827756425e-01	2.515920343085395472e-01	1.514392410830429359e-01	7.233317804098038373e-02	2.875279576081379851e-02	7.502355376314993884e-02
1.153808195956785084e+03	2.554988242878136195e-01	1.647730624559387291e-01	2.518368552278965056e-01	1.515928166669102961e-01	7.239657780943289933e-02	2.878534483240922925e-02	7.511651871938725133e-02
1.156227081063612786e+03	2.551445876790515155e-01	1.645416404621478090e-01	2.520809097418334477e-01	1.517459845197905166e-01	7.245981704650963917e-02	2.881780991518509069e-02	7.520925063527050813e-02
1.158645966170440488e+03	2.547913557172248322e-01	1.643108608669604509e-01	2.523242002736328926e-01	1.518987456826753624e-01	7.252289614271627272e-02	2.885019124287627537e-02	7.530175007370250306e-02
1.161064851277267962e+03	2.544391255931225948e-01	1.640807218412854707e-01	2.525667292387058227e-01	1.520511011940767765e-01	7.258581548776957271e-02	2.888248904856470858e-02	7.539401759626362942e-02
1.163483736384095664e+03	2.540878945052772453e-01	1.638512215613669443e-01	2.528084990446187175e-01	1.522030520900318762e-01	7.264857547059593024e-02	2.891470356468115593e-02	7.548605376321673721e-02
1.165902621490923138e+03	2.537376596599437151e-01	1.636223582087681372e-01	2.530495120911199769e-01	1.523545994041080043e-01	7.271117647932992534e-02	2.894683502300702399e-02	7.557785913351180995e-02
1.168321506597751068e+03	2.533884182710785526e-01	1.633941299703556560e-01	2.532897707701665668e-01	1.525057441674080305e-01	7.277361890131303634e-02	2.897888365467615052e-02	7.566943426479058599e-02
1.170740391704578315e+03	2.530401675603195510e-01	1.631665350382834612e-01	2.535292774659504977e-01	1.526564874085750145e-01	7.283590312309234927e-02	2.901084969017659818e-02	7.576077971339115202e-02
1.173159276811406244e+03	2.526929047569644871e-01	1.629395716099771851e-01	2.537680345549251926e-01	1.528068301537975071e-01	7.289802953041943367e-02	2.904273335935244130e-02	7.585189603435239791e-02
1.175578161918233945e+03	2.523466270979509152e-01	1.627132378881182007e-01	2.540060444058317435e-01	1.529567734268145185e-01	7.295999850824921862e-02	2.907453489140553529e-02	7.594278378141849917e-02
1.177997047025061647e+03	2.520013318278352954e-01	1.624875320806279388e-01	2.542433093797251131e-01	1.531063182489205976e-01	7.302181044073902116e-02	2.910625451489731036e-02	7.603344350704326071e-02
1.180415932131889122e+03	2.516570161987728427e-01	1.622624524006521796e-01	2.544798318300003359e-01	1.532554656389707726e-01	7.308346571124758884e-02	2.913789245775052703e-02	7.612387576239440512e-02
1.182834817238716823e+03	2.513136774704964882e-01	1.620379970665454805e-01	2.547156141024180531e-01	1.534042166133855190e-01	7.314496470233423919e-02	2.916944894725104209e-02	7.621408109735781922e-02
1.185253702345544298e+03	2.509713129102968399e-01	1.618141643018554676e-01	2.549506585351309362e-01	1.535525721861559501e-01	7.320630779575808267e-02	2.920092421004958153e-02	7.630406006054174517e-02
1.187672587452371999e+03	2.506299197930018097e-01	1.615909523353073751e-01	2.551849674587090555e-01	1.537005333688487019e-01	7.326749537247727317e-02	2.923231847216348211e-02	7.639381319928088832e-02
1.190091472559199701e+03	2.502894954009560191e-01	1.613683594007885025e-01	2.554185431961658037e-01	1.538481011706109569e-01	7.332852781264835584e-02	2.926363195897845396e-02	7.648334105964051111e-02
1.192510357666027403e+03	2.499500370240006208e-01	1.611463837373327823e-01	2.556513880629833202e-01	1.539952765981754401e-01	7.338940549562571192e-02	2.929486489525032211e-02	7.657264418642042991e-02
1.194929242772855105e+03	2.496115419594531759e-01	1.609250235891054315e-01	2.558835043671380260e-01	1.541420606558653594e-01	7.345012879996097588e-02	2.932601750510676827e-02	7.666172312315894244e-02
1.197348127879682352e+03	2.492740075120873366e-01	1.607042772053874635e-01	2.561148944091259372e-01	1.542884543455995128e-01	7.351069810340256361e-02	2.935709001204907242e-02	7.675057841213678289e-02
1.199767012986510281e+03	2.489374309941127517e-01	1.604841428405605341e-01	2.563455604819881994e-01	1.544344586668970898e-01	7.357111378289531156e-02	2.938808263895383716e-02	7.683921059438093837e-02
1.202185898093337983e+03	2.486018097251549985e-01	1.602646187540915645e-01	2.565755048713360131e-01	1.545800746168828343e-01	7.363137621458004656e-02	2.941899560807472586e-02	7.692762020966849301e-02
1.204604783200165684e+03	2.482671410322355166e-01	1.600457032105176147e-01	2.568047298553758351e-01	1.547253031902918186e-01	7.369148577379334986e-02	2.944982914104417662e-02	7.701580779653033337e-02
1.207023668306993159e+03	2.479334222497516782e-01	1.598273944794306733e-01	2.570332377049344141e-01	1.548701453794745220e-01	7.375144283506732124e-02	2.948058345887512657e-02	7.710377389225490929e-02
1.209442553413820860e+03	2.476006507194568051e-01	1.596096908354625310e-01	2.572610306834837157e-01	1.550146021744017166e-01	7.381124777212931531e-02	2.951125878196271882e-02	7.719151903289188377e-02
1.211861438520648335e+03	2.472688237904402397e-01	1.593925905582697367e-01	2.574881110471656243e-01	1.551586745626694908e-01	7.387090095790184441e-02	2.954185533008601983e-02	7.727904375325571340e-02
1.214280323627476264e+03	2.469379388191076385e-01	1.591760919325186097e-01	2.577144810448167567e-01	1.553023635295041338e-01	7.393040276450248138e-02	2.957237332240971947e-02	7.736634858692928440e-02
1.216699208734303511e+03	2.466079931691611549e-01	1.589601932478701407e-01	2.579401429179932759e-01	1.554456700577670214e-01	7.398975356324383190e-02	2.960281297748583451e-02	7.745343406626740979e-02
1.219118093841131440e+03	2.462789842115795935e-01	1.587448927989651426e-01	2.581650989009950936e-01	1.555885951279596113e-01	7.404895372463349279e-02	2.963317451325539476e-02	7.754030072240032656e-02
1.221536978947959142e+03	2.459509093245988987e-01	1.585301888854094010e-01	2.583893512208905174e-01	1.557311397182283563e-01	7.410800361837413530e-02	2.966345814705014308e-02	7.762694908523719295e-02
1.223955864054786844e+03	2.456237658936923363e-01	1.583160798117587698e-01	2.586129020975406201e-01	1.558733048043696168e-01	7.416690361336360227e-02	2.969366409559421813e-02	7.771337968346944680e-02
1.226374749161614318e+03	2.452975513115510930e-01	1.581025638875044048e-01	2.588357537436234979e-01	1.560150913598345179e-01	7.422565407769501911e-02	2.972379257500583349e-02	7.779959304457420566e-02
1.228793634268442020e+03	2.449722629780646532e-01	1.578896394270579984e-01	2.590579083646585290e-01	1.561565003557338627e-01	7.428425537865697426e-02	2.975384380079896390e-02	7.788558969481762517e-02
1.231212519375269494e+03	2.446478983003012864e-01	1.576773047497370961e-01	2.592793681590302435e-01	1.562975327608431275e-01	7.434270788273374120e-02	2.978381798788500359e-02	7.797137015925816039e-02
1.233631404482097196e+03	2.443244546924886462e-01	1.574655581797503867e-01	2.595001353180125259e-01	1.564381895416072088e-01	7.440101195560552827e-02	2.981371535057444552e-02	7.805693496174988255e-02
1.236050289588924898e+03	2.440019295759944529e-01	1.572543980461831858e-01	2.597202120257925406e-01	1.565784716621453632e-01	7.445916796214879785e-02	2.984353610257853631e-02	7.814228462494568483e-02
1.238469174695752372e+03	2.436803203793070915e-01	1.570438226829828088e-01	2.599396004594945464e-01	1.567183800842560926e-01	7.451717626643658554e-02	2.987328045701093809e-02	7.822741967030050203e-02
1.240888059802580301e+03	2.433596245380162948e-01	1.568338304289440266e-01	2.601583027892035993e-01	1.568579157674220015e-01	7.457503723173884713e-02	2.990294862638939039e-02	7.831234061807448854e-02
1.243306944909407548e+03	2.430398394947939633e-01	1.566244196276946055e-01	2.603763211779890341e-01	1.569970796688146542e-01	7.463275122052284716e-02	2.993254082263734767e-02	7.839704798733611313e-02
1.245725830016235477e+03	2.427209626993750424e-01	1.564155886276809571e-01	2.605936577819286115e-01	1.571358727432994318e-01	7.469031859445365851e-02	2.996205725708562390e-02	7.848154229596532305e-02
1.248144715123063179e+03	2.424029916085382041e-01	1.562073357821535668e-01	2.608103147501312224e-01	1.572742959434403898e-01	7.474773971439459264e-02	2.999149814047405091e-02	7.856582406065659718e-02
1.250563600229890881e+03	2.420859236860869734e-01	1.559996594491528665e-01	2.610262942247609796e-01	1.574123502195050595e-01	7.480501494040768529e-02	3.002086368295309865e-02	7.864989379692198523e-02
1.252982485336718355e+03	2.417697564028304658e-01	1.557925579914948011e-01	2.612415983410601994e-01	1.575500365194693608e-01	7.486214463175423772e-02	3.005015409408550581e-02	7.873375201909413312e-02
1.255401370443546057e+03	2.414544872365646522e-01	1.555860297767565625e-01	2.614562292273724387e-01	1.576873557890223487e-01	7.491912914689539960e-02	3.007936958284791393e-02	7.881739924032930833e-02
1.257820255550373531e+03	2.411401136720532357e-01	1.553800731772624621e-01	2.616701890051662538e-01	1.578243089715710701e-01	7.497596884349276569e-02	3.010851035763249459e-02	7.890083597261034198e-02
1.260239140657201460e+03	2.408266332010088051e-01	1.551746865700696920e-01	2.618834797890577937e-01	1.579608970082453934e-01	7.503266407840891716e-02	3.013757662624855921e-02	7.898406272674957096e-02
1.262658025764028707e+03	2.405140433220739893e-01	1.549698683369542251e-01	2.620961036868337257e-01	1.580971208379027826e-01	7.508921520770818481e-02	3.016656859592417930e-02	7.906708001239173833e-02
1.265076910870856636e+03	2.402023415408026663e-01	1.547656168643967434e-01	2.623080627994743286e-01	1.582329813971331822e-01	7.514562258665723193e-02	3.019548647330778934e-02	7.914988833801692159e-02
1.267495795977684338e+03	2.398915253696412564e-01	1.545619305435685653e-01	2.625193592211764182e-01	1.583684796202636524e-01	7.520188656972577601e-02	3.022433046446979313e-02	7.923248821094336369e-02
1.269914681084511813e+03	2.395815923279100146e-01	1.543588077703176853e-01	2.627299950393758854e-01	1.585036164393633096e-01	7.525800751058735194e-02	3.025310077490417360e-02	7.931488013733035969e-02
1.272333566191339514e+03	2.392725399417843790e-01	1.541562469451548678e-01	2.629399723347703999e-01	1.586383927842480446e-01	7.531398576212000595e-02	3.028179760953008184e-02	7.939706462218100447e-02
1.274752451298167216e+03	2.389643657442762636e-01	1.539542464732396587e-01	2.631492931813419478e-01	1.587728095824853247e-01	7.536982167640708663e-02	3.031042117269342959e-02	7.947904216934506549e-02
1.277171336404994690e+03	2.386570672752156841e-01	1.537528047643665075e-01	2.633579596463794803e-01	1.589068677593989121e-01	7.542551560473807759e-02	3.033897166816847818e-02	7.956081328152171672e-02
1.279590221511822392e+03	2.383506420812321336e-01	1.535519202329510002e-01	2.635659737905009514e-01	1.590405682380736652e-01	7.548106789760936075e-02	3.036744929915942415e-02	7.964237846026230028e-02
1.282009106618650094e+03	2.380450877157362088e-01	1.533515912980160933e-01	2.637733376676761887e-01	1.591739119393602853e-01	7.553647890472506288e-02	3.039585426830198125e-02	7.972373820597304650e-02
1.284427991725477568e+03	2.377404017389011248e-01	1.531518163831783186e-01	2.639800533252485981e-01	1.593068997818801180e-01	7.559174897499795764e-02	3.042418677766493829e-02	7.980489301791784951e-02
1.286846876832305497e+03	2.374365817176444238e-01	1.529525939166340998e-01	2.641861228039577014e-01	1.594395326820297332e-01	7.564687845655029830e-02	3.045244702875175152e-02	7.988584339422089009e-02
1.289265761939132744e+03	2.371336252256095734e-01	1.527539223311461802e-01	2.643915481379610632e-01	1.595718115539858650e-01	7.570186769671473359e-02	3.048063522250210253e-02	7.996658983186932801e-02
1.291684647045960673e+03	2.368315298431478144e-01	1.525558000640298562e-01	2.645963313548564400e-01	1.597037373097100199e-01	7.575671704203525147e-02	3.050875155929345939e-02	8.004713282671596652e-02
1.294103532152788375e+03	2.365302931572999257e-01	1.523582255571395705e-01	2.648004744757035955e-01	1.598353108589531946e-01	7.581142683826809503e-02	3.053679623894263451e-02	8.012747287348190306e-02
1.296522417259616077e+03	2.362299127617779326e-01	1.521611972568552296e-01	2.650039795150460065e-01	1.599665331092605947e-01	7.586599743038267840e-02	3.056476946070733544e-02	8.020761046575912434e-02
1.298941302366443551e+03	2.359303862569470944e-01	1.519647136140688526e-01	2.652068484809330662e-01	1.600974049659764364e-01	7.592042916256262763e-02	3.059267142328772615e-02	8.028754609601312930e-02
1.301360187473271253e+03	2.356317112498078625e-01	1.517687730841710825e-01	2.654090833749412903e-01	1.602279273322485265e-01	7.597472237820673824e-02	3.062050232482795703e-02	8.036728025558548261e-02
1.303779072580098727e+03	2.353338853539777842e-01	1.515733741270376966e-01	2.656106861921963547e-01	1.603581011090330355e-01	7.602887741992996051e-02	3.064826236291771228e-02	8.044681343469642365e-02
1.306197957686926657e+03	2.350369061896735168e-01	1.513785152070163953e-01	2.658116589213943559e-01	1.604879271950991060e-01	7.608289462956448201e-02	3.067595173459375033e-02	8.052614612244740622e-02
1.308616842793753904e+03	2.347407713836929255e-01	1.511841947929133678e-01	2.660120035448233500e-01	1.606174064870336538e-01	7.613677434816068512e-02	3.070357063634142694e-02	8.060527880682359647e-02
1.311035727900581833e+03	2.344454785693972365e-01	1.509904113579800533e-01	2.662117220383848348e-01	1.607465398792458922e-01	7.619051691598825726e-02	3.073111926409623565e-02	8.068421197469646811e-02
1.313454613007409534e+03	2.341510253866930791e-01	1.507971633798998734e-01	2.664108163716151223e-01	1.608753282639721616e-01	7.624412267253723174e-02	3.075859781324532388e-02	8.076294611182624483e-02
1.315873498114237009e+03	2.338574094820148330e-01	1.506044493407750484e-01	2.666092885077063213e-01	1.610037725312803980e-01	7.629759195651907022e-02	3.078600647862901260e-02	8.084148170286442614e-02
1.318292383221064711e+03	2.335646285083067819e-01	1.504122677271134689e-01	2.668071404035275984e-01	1.611318735690749349e-01	7.635092510586777292e-02	3.081334545454232285e-02	8.091981923135622978e-02
1.320711268327892412e+03	2.332726801250054605e-01	1.502206170298155674e-01	2.670043740096464946e-01	1.612596322631011103e-01	7.640412245774094724e-02	3.084061493473647456e-02	8.099795917974310366e-02
1.323130153434719887e+03	2.329815619980219743e-01	1.500294957441611898e-01	2.672009912703496304e-01	1.613870494969499303e-01	7.645718434852094569e-02	3.086781511242039575e-02	8.107590202936514057e-02
1.325549038541547588e+03	2.326912717997244584e-01	1.498389023697965783e-01	2.673969941236638004e-01	1.615141261520625926e-01	7.651011111381600394e-02	3.089494618026223174e-02	8.115364826046353453e-02
1.327967923648375290e+03	2.324018072089203968e-01	1.496488354107214647e-01	2.675923845013769009e-01	1.616408631077353164e-01	7.656290308846140646e-02	3.092200833039084398e-02	8.123119835218295393e-02
1.330386808755202765e+03	2.321131659108392475e-01	1.494592933752759423e-01	2.677871643290585801e-01	1.617672612411236444e-01	7.661556060652056910e-02	3.094900175439729839e-02	8.130855278257403951e-02
1.332805693862030694e+03	2.318253455971149013e-01	1.492702747761276705e-01	2.679813355260809438e-01	1.618933214272474386e-01	7.666808400128626022e-02	3.097592664333636420e-02	8.138571202859574971e-02
1.335224578968857941e+03	2.315383439657681952e-01	1.490817781302589962e-01	2.681749000056395382e-01	1.620190445389951550e-01	7.672047360528176652e-02	3.100278318772800232e-02	8.146267656611771990e-02
1.337643464075685870e+03	2.312521587211896490e-01	1.488938019589540196e-01	2.683678596747733902e-01	1.621444314471286452e-01	7.677272975026207258e-02	3.102957157755884682e-02	8.153944686992270485e-02
1.340062349182513572e+03	2.309667875741221454e-01	1.487063447877859379e-01	2.685602164343859344e-01	1.622694830202876248e-01	7.682485276721505441e-02	3.105629200228367595e-02	8.161602341370888247e-02
1.342481234289341273e+03	2.306822282416435832e-01	1.485194051466041387e-01	2.687519721792653304e-01	1.623942001249943368e-01	7.687684298636270064e-02	3.108294465082689015e-02	8.169240667009222689e-02
1.344900119396168748e+03	2.303984784471495573e-01	1.483329815695216547e-01	2.689431287981047802e-01	1.625185836256580751e-01	7.692870073716227830e-02	3.110952971158399694e-02	8.176859711060888158e-02
1.347319004502996449e+03	2.301155359203363171e-01	1.481470725949022571e-01	2.691336881735227338e-01	1.626426343845798206e-01	7.698042634830762343e-02	3.113604737242305770e-02	8.184459520571742142e-02
1.349737889609823924e+03	2.298333983971835859e-01	1.479616767653479104e-01	2.693236521820832619e-01	1.627663532619567366e-01	7.703202014773033457e-02	3.116249782068616220e-02	8.192040142480121190e-02
1.352156774716651853e+03	2.295520636199373798e-01	1.477767926276862820e-01	2.695130226943162066e-01	1.628897411158867492e-01	7.708348246260102177e-02	3.118888124319088573e-02	8.199601623617072677e-02
1.354575659823479100e+03	2.292715293370929941e-01	1.475924187329580028e-01	2.697018015747371100e-01	1.630127988023730434e-01	7.713481361933051395e-02	3.121519782623174283e-02	8.207144010706585169e-02
1.356994544930307029e+03	2.289917933033779884e-01	1.474085536364042326e-01	2.698899906818673089e-01	1.631355271753287539e-01	7.718601394357121892e-02	3.124144775558164097e-02	8.214667350365809084e-02
1.359413430037134731e+03	2.287128532797352565e-01	1.472251958974541697e-01	2.700775918682539745e-01	1.632579270865813226e-01	7.723708376021827526e-02	3.126763121649332733e-02	8.222171689105296777e-02
1.361832315143962205e+03	2.284347070333060670e-01	1.470423440797126169e-01	2.702646069804896523e-01	1.633799993858771615e-01	7.728802339341087069e-02	3.129374839370083206e-02	8.229657073329220418e-02
1.364251200250789907e+03	2.281573523374131329e-01	1.468599967509474635e-01	2.704510378592324127e-01	1.635017449208860107e-01	7.733883316653351880e-02	3.131979947142089077e-02	8.237123549335602368e-02
1.366670085357617609e+03	2.278807869715438750e-01	1.466781524830774175e-01	2.706368863392252799e-01	1.636231645372056842e-01	7.738951340221736364e-02	3.134578463335441906e-02	8.244571163316537221e-02
1.369088970464445310e+03	2.276050087213336015e-01	1.464968098521596263e-01	2.708221542493162715e-01	1.637442590783663998e-01	7.744006442234142862e-02	3.137170406268789680e-02	8.251999961358420788e-02
1.371507855571272785e+03	2.273300153785486888e-01	1.463159674383773534e-01	2.710068434124776049e-01	1.638650293858353313e-01	7.749048654803394887e-02	3.139755794209483225e-02	8.259409989442167976e-02
1.373926740678100487e+03	2.270558047410699831e-01	1.461356238260278217e-01	2.711909556458254600e-01	1.639854762990210213e-01	7.754078009967363405e-02	3.142334645373716373e-02	8.266801293443439003e-02
1.376345625784927961e+03	2.267823746128760920e-01	1.459557776035098065e-01	2.713744927606391855e-01	1.641056006552780444e-01	7.759094539689100067e-02	3.144906977926668901e-02	8.274173919132857269e-02
1.378764510891755890e+03	2.265097228040267585e-01	1.457764273633116725e-01	2.715574565623810610e-01	1.642254032899113647e-01	7.764098275856971820e-02	3.147472809982648778e-02	8.281527912176236961e-02
1.381183395998583137e+03	2.262378471306462913e-01	1.455975717019990512e-01	2.717398488507151710e-01	1.643448850361807489e-01	7.769089250284788584e-02	3.150032159605230947e-02	8.288863318134796765e-02
1.383602281105411066e+03	2.259667454149071053e-01	1.454192092202027942e-01	2.719216714195270002e-01	1.644640467253053462e-01	7.774067494711936477e-02	3.152585044807400955e-02	8.296180182465379138e-02
1.386021166212238768e+03	2.256964154850132076e-01	1.452413385226068165e-01	2.721029260569424735e-01	1.645828891864681565e-01	7.779033040803508270e-02	3.155131483551693733e-02	8.303478550520672352e-02
1.388440051319066470e+03	2.254268551751836547e-01	1.450639582179363007e-01	2.722836145453470524e-01	1.647014132468203329e-01	7.783985920150443549e-02	3.157671493750332375e-02	8.310758467549426987e-02
1.390858936425893944e+03	2.251580623256363711e-01	1.448870669189453453e-01	2.724637386614047752e-01	1.648196197314858169e-01	7.788926164269657781e-02	3.160205093265371079e-02	8.318019978696672423e-02
1.393277821532721646e+03	2.248900347825715795e-01	1.447106632424052797e-01	2.726433001760774633e-01	1.649375094635655847e-01	7.793853804604176927e-02	3.162732299908833228e-02	8.325263129003931950e-02
1.395696706639549120e+03	2.246227703981556190e-01	1.445347458090926462e-01	2.728223008546432626e-01	1.650550832641422272e-01	7.798768872523270668e-02	3.165253131442848783e-02	8.332487963409442033e-02
1.398115591746377049e+03	2.243562670305046247e-01	1.443593132437772375e-01	2.730007424567157392e-01	1.651723419522842795e-01	7.803671399322592572e-02	3.167767605579793061e-02	8.339694526748361869e-02
1.400534476853204296e+03	2.240905225436683745e-01	1.441843641752103555e-01	2.731786267362625864e-01	1.652892863450506900e-01	7.808561416224309160e-02	3.170275739982425511e-02	8.346882863752992654e-02
1.402953361960032225e+03	2.238255348076141071e-01	1.440098972361128771e-01	2.733559554416245541e-01	1.654059172574951220e-01	7.813438954377241452e-02	3.172777552264029188e-02	8.354053019052988527e-02
1.405372247066859927e+03	2.235613016982102574e-01	1.438359110631636517e-01	2.735327303155336565e-01	1.655222355026705616e-01	7.818304044856999591e-02	3.175273059988545366e-02	8.361205037175567512e-02
1.407791132173687402e+03	2.232978210972104693e-01	1.436624042969874560e-01	2.737089530951322125e-01	1.656382418916335364e-01	7.823156718666116061e-02	3.177762280670710926e-02	8.368338962545728010e-02
1.410210017280515103e+03	2.230350908922376085e-01	1.434893755821436689e-01	2.738846255119910533e-01	1.657539372334485284e-01	7.827997006734184471e-02	3.180245231776196446e-02	8.375454839486456970e-02
1.412628902387342805e+03	2.227731089767675532e-01	1.433168235671142543e-01	2.740597492921282852e-01	1.658693223351923596e-01	7.832824939918001106e-02	3.182721930721741505e-02	8.382552712218942215e-02
1.415047787494170507e+03	2.225118732501134566e-01	1.431447469042922971e-01	2.742343261560272749e-01	1.659843980019585774e-01	7.837640549001691215e-02	3.185192394875289990e-02	8.389632624862783383e-02
1.417466672600997981e+03	2.222513816174097045e-01	1.429731442499703464e-01	2.744083578186554684e-01	1.660991650368618677e-01	7.842443864696857503e-02	3.187656641556128184e-02	8.396694621436200101e-02
1.419885557707825683e+03	2.219916319895960388e-01	1.428020142643288970e-01	2.745818459894822650e-01	1.662136242410423292e-01	7.847234917642716134e-02	3.190114688035015217e-02	8.403738745856241532e-02
1.422304442814653157e+03	2.217326222834017369e-01	1.426313556114247594e-01	2.747547923724974472e-01	1.663277764136698866e-01	7.852013738406228571e-02	3.192566551534323227e-02	8.410765041938997322e-02
1.424723327921481086e+03	2.214743504213297631e-01	1.424611669591796526e-01	2.749271986662292222e-01	1.664416223519485094e-01	7.856780357482247290e-02	3.195012249228166429e-02	8.417773553399798825e-02
1.427142213028308333e+03	2.212168143316411428e-01	1.422914469793687686e-01	2.750990665637623733e-01	1.665551628511207916e-01	7.861534805293650396e-02	3.197451798242541277e-02	8.424764323853435599e-02
1.429561098135136262e+03	2.209600119483391412e-01	1.421221943476091987e-01	2.752703977527561907e-01	1.666683987044720316e-01	7.866277112191479015e-02	3.199885215655453446e-02	8.431737396814355245e-02
1.431979983241963964e+03	2.207039412111536092e-01	1.419534077433486086e-01	2.754411939154624567e-01	1.667813307033346459e-01	7.871007308455081619e-02	3.202312518497055227e-02	8.438692815696871574e-02
1.434398868348791666e+03	2.204486000655254130e-01	1.417850858498539979e-01	2.756114567287434314e-01	1.668939596370925538e-01	7.875725424292248644e-02	3.204733723749778052e-02	8.445630623815374161e-02
1.436817753455619140e+03	2.201939864625908072e-01	1.416172273542002369e-01	2.757811878640895609e-01	1.670062862931853964e-01	7.880431489839352655e-02	3.207148848348465031e-02	8.452550864384528184e-02
1.439236638562446842e+03	2.199400983591657810e-01	1.414498309472588256e-01	2.759503889876373517e-01	1.671183114571128392e-01	7.885125535161488508e-02	3.209557909180501406e-02	8.459453580519479821e-02
1.441655523669274316e+03	2.196869337177307924e-01	1.412828953236865692e-01	2.761190617601869679e-01	1.672300359124389291e-01	7.889807590252613523e-02	3.211960923085949160e-02	8.466338815236065796e-02
1.444074408776102018e+03	2.194344905064150864e-01	1.411164191819144764e-01	2.762872078372199947e-01	1.673414604407962858e-01	7.894477685035686254e-02	3.214357906857675390e-02	8.473206611451007675e-02
1.446493293882929493e+03	2.191827666989814294e-01	1.409504012241365456e-01	2.764548288689169242e-01	1.674525858218905150e-01	7.899135849362805273e-02	3.216748877241486226e-02	8.480057011982125581e-02
1.448912178989757422e+03	2.189317602748106217e-01	1.407848401562985241e-01	2.766219265001747529e-01	1.675634128335043438e-01	7.903782113015352107e-02	3.219133850936255203e-02	8.486890059548533871e-02
1.451331064096585123e+03	2.186814692188861764e-01	1.406197346880868893e-01	2.767885023706244119e-01	1.676739422515019506e-01	7.908416505704127242e-02	3.221512844594056485e-02	8.493705796770845140e-02
1.453749949203412370e+03	2.184318915217790813e-01	1.404550835329176905e-01	2.769545581146481417e-01	1.677841748498331842e-01	7.913039057069495841e-02	3.223885874820291153e-02	8.500504266171374224e-02
1.456168834310240300e+03	2.181830251796324782e-01	1.402908854079255863e-01	2.771200953613970341e-01	1.678941114005379209e-01	7.917649796681519581e-02	3.226252958173821128e-02	8.507285510174333876e-02
1.458587719417068001e+03	2.179348681941464527e-01	1.401271390339527134e-01	2.772851157348079632e-01	1.680037526737502007e-01	7.922248754040109309e-02	3.228614111167094763e-02	8.514049571106041547e-02
1.461006604523895703e+03	2.176874185725628796e-01	1.399638431355378076e-01	2.774496208536211261e-01	1.681130994377024457e-01	7.926835958575151331e-02	3.230969350266278683e-02	8.520796491195117839e-02
1.463425489630723177e+03	2.174406743276503517e-01	1.398009964409052119e-01	2.776136123313971416e-01	1.682221524587297623e-01	7.931411439646660066e-02	3.233318691891383379e-02	8.527526312572683564e-02
1.465844374737550879e+03	2.171946334776889420e-01	1.396385976819539687e-01	2.777770917765339798e-01	1.683309125012741880e-01	7.935975226544908501e-02	3.235662152416394349e-02	8.534239077272563756e-02
1.468263259844378354e+03	2.169492940464552710e-01	1.394766455942468841e-01	2.779400607922842270e-01	1.684393803278887991e-01	7.940527348490578063e-02	3.237999748169399783e-02	8.540934827231484727e-02
1.470682144951206283e+03	2.167046540632073803e-01	1.393151389169997867e-01	2.781025209767719053e-01	1.685475566992419849e-01	7.945067834634890469e-02	3.240331495432714759e-02	8.547613604289271139e-02
1.473101030058033530e+03	2.164607115626697997e-01	1.391540763930705638e-01	2.782644739230096809e-01	1.686554423741216391e-01	7.949596714059756208e-02	3.242657410443013088e-02	8.554275450189045837e-02
1.475519915164861459e+03	2.162174645850186705e-01	1.389934567689485589e-01	2.784259212189154065e-01	1.687630381094393506e-01	7.954114015777909164e-02	3.244977509391452214e-02	8.560920406577426922e-02
1.477938800271689161e+03	2.159749111758668683e-01	1.388332787947436919e-01	2.785868644473290523e-01	1.688703446602345948e-01	7.958619768733048161e-02	3.247291808423798110e-02	8.567548515004724807e-02
1.480357685378516862e+03	2.157330493862490151e-01	1.386735412241756893e-01	2.787473051860295259e-01	1.689773627796788968e-01	7.963114001799984076e-02	3.249600323640552957e-02	8.574159816925142064e-02
1.482776570485344337e+03	2.154918772726067411e-01	1.385142428145635929e-01	2.789072450077513809e-01	1.690840932190800228e-01	7.967596743784770286e-02	3.251903071097081432e-02	8.580754353696964931e-02
