1.001418434226643626e+03	2.799464902242153053e-01	1.807608236621674747e-01	2.348132524284015088e-01	1.410732327550731080e-01	6.807877875038616244e-02	2.654419772402994218e-02	6.878322445551451891e-02
1.002869765290740247e+03	2.796921237103737190e-01	1.805953746040667718e-01	2.349918799725081719e-01	1.411818600000432911e-01	6.812329539644175480e-02	2.656704663800864633e-02	6.884841967834560983e-02
1.004321096354836754e+03	2.794381893557899010e-01	1.804302022883469969e-01	2.351701712519297105e-01	1.412903151685143688e-01	6.816774491067931208e-02	2.658985976873797646e-02	6.891351725578974408e-02
1.005772427418933376e+03	2.791846864366955283e-01	1.802653062401847195e-01	2.353481269079202298e-01	1.413985985217510455e-01	6.821212738676415976e-02	2.661263717604109985e-02	6.897851733043121325e-02
1.007223758483029997e+03	2.789316142305141022e-01	1.801006859855917019e-01	2.355257475804696521e-01	1.415067103206513466e-01	6.825644291830837429e-02	2.663537891964102775e-02	6.904342004461183624e-02
1.008675089547126618e+03	2.786789720158588390e-01	1.799363410514133177e-01	2.357030339083066028e-01	1.416146508257469516e-01	6.830069159886946462e-02	2.665808505916077847e-02	6.910822554043208332e-02
1.010126420611223239e+03	2.784267590725310604e-01	1.797722709653270246e-01	2.358799865289010478e-01	1.417224202972036107e-01	6.834487352194937304e-02	2.668075565412354744e-02	6.917293395975242232e-02
1.011577751675319632e+03	2.781749746815180835e-01	1.796084752558409769e-01	2.360566060784668740e-01	1.418300189948216161e-01	6.838898878099324008e-02	2.670339076395285977e-02	6.923754544419445656e-02
1.013029082739416367e+03	2.779236181249914450e-01	1.794449534522923329e-01	2.362328931919647768e-01	1.419374471780363023e-01	6.843303746938834975e-02	2.672599044797275072e-02	6.930206013514218777e-02
1.014480413803512761e+03	2.776726886863050692e-01	1.792817050848458937e-01	2.364088485031048403e-01	1.420447051059182675e-01	6.847701968046303322e-02	2.674855476540791838e-02	6.936647817374308467e-02
1.015931744867609382e+03	2.774221856499933803e-01	1.791187296844925503e-01	2.365844726443492585e-01	1.421517930371739846e-01	6.852093550748561412e-02	2.677108377538389358e-02	6.943079970090937358e-02
1.017383075931706003e+03	2.771721083017694154e-01	1.789560267830478668e-01	2.367597662469149988e-01	1.422587112301461343e-01	6.856478504366329829e-02	2.679357753692720306e-02	6.949502485731910706e-02
1.018834406995802851e+03	2.769224559285229925e-01	1.787935959131504438e-01	2.369347299407763285e-01	1.423654599428140488e-01	6.860856838214125786e-02	2.681603610896552900e-02	6.955915378341734345e-02
1.020285738059899245e+03	2.766732278183189897e-01	1.786314366082605576e-01	2.371093643546676455e-01	1.424720394327941841e-01	6.865228561600152102e-02	2.683845955032787903e-02	6.962318661941720166e-02
1.021737069123995752e+03	2.764244232603951246e-01	1.784695484026586620e-01	2.372836701160860318e-01	1.425784499573403696e-01	6.869593683826202835e-02	2.686084791974474931e-02	6.968712350530102684e-02
1.023188400188092373e+03	2.761760415451605111e-01	1.783079308314437506e-01	2.374576478512939182e-01	1.426846917733445019e-01	6.873952214187566134e-02	2.688320127584827371e-02	6.975096458082141737e-02
1.024639731252188767e+03	2.759280819641935500e-01	1.781465834305321072e-01	2.376312981853216377e-01	1.427907651373367115e-01	6.878304161972931263e-02	2.690551967717240769e-02	6.981470998550233509e-02
1.026091062316285615e+03	2.756805438102402084e-01	1.779855057366556970e-01	2.378046217419701736e-01	1.428966703054859455e-01	6.882649536464290063e-02	2.692780318215307056e-02	6.987835985864011834e-02
1.027542393380382237e+03	2.754334263772120761e-01	1.778246972873606668e-01	2.379776191438136290e-01	1.430024075336003564e-01	6.886988346936849525e-02	2.695005184912832238e-02	6.994191433930456447e-02
1.028993724444478858e+03	2.751867289601845901e-01	1.776641576210059581e-01	2.381502910122020034e-01	1.431079770771276904e-01	6.891320602658941585e-02	2.697226573633851668e-02	7.000537356633995678e-02
1.030445055508575479e+03	2.749404508553952575e-01	1.775038862767617520e-01	2.383226379672635509e-01	1.432133791911557319e-01	6.895646312891930141e-02	2.699444490192647386e-02	7.006873767836602207e-02
1.031896386572671872e+03	2.746945913602417133e-01	1.773438827946080820e-01	2.384946606279076120e-01	1.433186141304127470e-01	6.899965486890133337e-02	2.701658940393762004e-02	7.013200681377894374e-02
1.033347717636768493e+03	2.744491497732799434e-01	1.771841467153333349e-01	2.386663596118270558e-01	1.434236821492678171e-01	6.904278133900730585e-02	2.703869930032016741e-02	7.019518111075241651e-02
1.034799048700865114e+03	2.742041253942223422e-01	1.770246775805327522e-01	2.388377355355008891e-01	1.435285835017314215e-01	6.908584263163686234e-02	2.706077464892527734e-02	7.025826070723852068e-02
1.036250379764961508e+03	2.739595175239359914e-01	1.768654749326070419e-01	2.390087890141968374e-01	1.436333184414556596e-01	6.912883883911662142e-02	2.708281550750720260e-02	7.032124574096870750e-02
1.037701710829058356e+03	2.737153254644408285e-01	1.767065383147608804e-01	2.391795206619738712e-01	1.437378872217348891e-01	6.917177005369939957e-02	2.710482193372346429e-02	7.038413634945478448e-02
1.039153041893154750e+03	2.734715485189077033e-01	1.765478672710014685e-01	2.393499310916847311e-01	1.438422900955059480e-01	6.921463636756344795e-02	2.712679398513500109e-02	7.044693266998978964e-02
1.040604372957251599e+03	2.732281859916567135e-01	1.763894613461370331e-01	2.395200209149786486e-01	1.439465273153487379e-01	6.925743787281168906e-02	2.714873171920634265e-02	7.050963483964894918e-02
1.042055704021347992e+03	2.729852371881553164e-01	1.762313200857754669e-01	2.396897907423036489e-01	1.440505991334864455e-01	6.930017466147088412e-02	2.717063519330574495e-02	7.057224299529055167e-02
1.043507035085444613e+03	2.727427014150164419e-01	1.760734430363228853e-01	2.398592411829092441e-01	1.441545058017862646e-01	6.934284682549100853e-02	2.719250446470538110e-02	7.063475727355689182e-02
1.044958366149541234e+03	2.725005779799967165e-01	1.759158297449820718e-01	2.400283728448488751e-01	1.442582475717595070e-01	6.938545445674443313e-02	2.721433959058146973e-02	7.069717781087507535e-02
1.046409697213637855e+03	2.722588661919946307e-01	1.757584797597511184e-01	2.401971863349824376e-01	1.443618246945622130e-01	6.942799764702527188e-02	2.723614062801445884e-02	7.075950474345794883e-02
1.047861028277734476e+03	2.720175653610488742e-01	1.756013926294219540e-01	2.403656822589788911e-01	1.444652374209955126e-01	6.947047648804867415e-02	2.725790763398916461e-02	7.082173820730493230e-02
1.049312359341831097e+03	2.717766747983363929e-01	1.754445679035790129e-01	2.405338612213186178e-01	1.445684860015060136e-01	6.951289107145013080e-02	2.727964066539494137e-02	7.088387833820287975e-02
1.050763690405927491e+03	2.715361938161703903e-01	1.752880051325976518e-01	2.407017238252959768e-01	1.446715706861863293e-01	6.955524148878479418e-02	2.730133977902584122e-02	7.094592527172691176e-02
1.052215021470024112e+03	2.712961217279989401e-01	1.751317038676428739e-01	2.408692706730218847e-01	1.447744917247753837e-01	6.959752783152683975e-02	2.732300503158075974e-02	7.100787914324123429e-02
1.053666352534120733e+03	2.710564578484028209e-01	1.749756636606677462e-01	2.410365023654261196e-01	1.448772493666588279e-01	6.963975019106885544e-02	2.734463647966360600e-02	7.106974008789995745e-02
1.055117683598217127e+03	2.708172014930938509e-01	1.748198840644120677e-01	2.412034195022599581e-01	1.449798438608696227e-01	6.968190865872116169e-02	2.736623417978344824e-02	7.113150824064785882e-02
1.056569014662313975e+03	2.705783519789130565e-01	1.746643646324009258e-01	2.413700226820985340e-01	1.450822754560882610e-01	6.972400332571118686e-02	2.738779818835468394e-02	7.119318373622124385e-02
1.058020345726410369e+03	2.703399086238290616e-01	1.745091049189433363e-01	2.415363125023434199e-01	1.451845444006432395e-01	6.976603428318295386e-02	2.740932856169718893e-02	7.125476670914869526e-02
1.059471676790506763e+03	2.701018707469359792e-01	1.743541044791307448e-01	2.417022895592249310e-01	1.452866509425115860e-01	6.980800162219638616e-02	2.743082535603647010e-02	7.131625729375180855e-02
1.060923007854603611e+03	2.698642376684518007e-01	1.741993628688356111e-01	2.418679544478047061e-01	1.453885953293191369e-01	6.984990543372676663e-02	2.745228862750382498e-02	7.137765562414602472e-02
1.062374338918700232e+03	2.696270087097165091e-01	1.740448796447101321e-01	2.420333077619780948e-01	1.454903778083410648e-01	6.989174580866419628e-02	2.747371843213650480e-02	7.143896183424135182e-02
1.063825669982796853e+03	2.693901831931904134e-01	1.738906543641846603e-01	2.421983500944765999e-01	1.455919986265022115e-01	6.993352283781299750e-02	2.749511482587786368e-02	7.150017605774307283e-02
1.065277001046893474e+03	2.691537604424523722e-01	1.737366865854663989e-01	2.423630820368703198e-01	1.456934580303775317e-01	6.997523661189118671e-02	2.751647786457750780e-02	7.156129842815252273e-02
1.066728332110990095e+03	2.689177397821976845e-01	1.735829758675379586e-01	2.425275041795703357e-01	1.457947562661925378e-01	7.001688722152996092e-02	2.753780760399145849e-02	7.162232907876779631e-02
1.068179663175086489e+03	2.686821205382368682e-01	1.734295217701560254e-01	2.426916171118311816e-01	1.458958935798237433e-01	7.005847475727312867e-02	2.755910409978231529e-02	7.168326814268445590e-02
1.069630994239183110e+03	2.684469020374933290e-01	1.732763238538498618e-01	2.428554214217532314e-01	1.459968702167990240e-01	7.009999930957665215e-02	2.758036740751939123e-02	7.174411575279623920e-02
1.071082325303279504e+03	2.682120836080019166e-01	1.731233816799200020e-01	2.430189176962850583e-01	1.460976864222980065e-01	7.014146096880809200e-02	2.760159758267888286e-02	7.180487204179579475e-02
1.072533656367376352e+03	2.679776645789069822e-01	1.729706948104368369e-01	2.431821065212259603e-01	1.461983424411525401e-01	7.018285982524616329e-02	2.762279468064401597e-02	7.186553714217526478e-02
1.073984987431472746e+03	2.677436442804607131e-01	1.728182628082391425e-01	2.433449884812281805e-01	1.462988385178471129e-01	7.022419596908026362e-02	2.764395875670520170e-02	7.192611118622711797e-02
1.075436318495569594e+03	2.675100220440213006e-01	1.726660852369328869e-01	2.435075641597994611e-01	1.463991748965192685e-01	7.026546949040995971e-02	2.766508986606019266e-02	7.198659430604467668e-02
1.076887649559666215e+03	2.672767972020512750e-01	1.725141616608895645e-01	2.436698341393052913e-01	1.464993518209599943e-01	7.030668047924455710e-02	2.768618806381423561e-02	7.204698663352286647e-02
1.078338980623762609e+03	2.670439690881155625e-01	1.723624916452451139e-01	2.438317990009713221e-01	1.465993695346141379e-01	7.034782902550262840e-02	2.770725340498023104e-02	7.210728830035879888e-02
1.079790311687859230e+03	2.668115370368798200e-01	1.722110747558983357e-01	2.439934593248857808e-01	1.466992282805808789e-01	7.038891521901159687e-02	2.772828594447886152e-02	7.216749943805252088e-02
1.081241642751955851e+03	2.665795003841086031e-01	1.720599105595096157e-01	2.441548156900018030e-01	1.467989283016141178e-01	7.042993914950732015e-02	2.774928573713877217e-02	7.222762017790755606e-02
1.082692973816052472e+03	2.663478584666638116e-01	1.719089986234994538e-01	2.443158686741397356e-01	1.468984698401228361e-01	7.047090090663364614e-02	2.777025283769671629e-02	7.228765065103155696e-02
1.084144304880149093e+03	2.661166106225026917e-01	1.717583385160472431e-01	2.444766188539896634e-01	1.469978531381715414e-01	7.051180057994196893e-02	2.779118730079769770e-02	7.234759098833695723e-02
1.085595635944245487e+03	2.658857561906761702e-01	1.716079298060897429e-01	2.446370668051134345e-01	1.470970784374807105e-01	7.055263825889089568e-02	2.781208918099513025e-02	7.240744132054159621e-02
1.087046967008342108e+03	2.656552945113272446e-01	1.714577720633198299e-01	2.447972131019472974e-01	1.471961459794272620e-01	7.059341403284580263e-02	2.783295853275099402e-02	7.246720177816926012e-02
1.088498298072438729e+03	2.654252249256889296e-01	1.713078648581850549e-01	2.449570583178041216e-01	1.472950560050447777e-01	7.063412799107850193e-02	2.785379541043597057e-02	7.252687249155034821e-02
1.089949629136535123e+03	2.651955467760826468e-01	1.711582077618863384e-01	2.451166030248757011e-01	1.473938087550241138e-01	7.067478022276679761e-02	2.787459986832961298e-02	7.258645359082241399e-02
1.091400960200631971e+03	2.649662594059167819e-01	1.710088003463766104e-01	2.452758477942351134e-01	1.474924044697137338e-01	7.071537081699418026e-02	2.789537196062048807e-02	7.264594520593080362e-02
1.092852291264728365e+03	2.647373621596843529e-01	1.708596421843593394e-01	2.454347931958389961e-01	1.475908433891200966e-01	7.075589986274942456e-02	2.791611174140632562e-02	7.270534746662918324e-02
1.094303622328825213e+03	2.645088543829617334e-01	1.707107328492874498e-01	2.455934397985298778e-01	1.476891257529081014e-01	7.079636744892627009e-02	2.793681926469417098e-02	7.276466050248017736e-02
1.095754953392921607e+03	2.642807354224066541e-01	1.705620719153616571e-01	2.457517881700384821e-01	1.477872518004015034e-01	7.083677366432303280e-02	2.795749458440053778e-02	7.282388444285586848e-02
1.097206284457018228e+03	2.640530046257567598e-01	1.704136589575293292e-01	2.459098388769860311e-01	1.478852217705833305e-01	7.087711859764234124e-02	2.797813775435155012e-02	7.288301941693836605e-02
1.098657615521114849e+03	2.638256613418276664e-01	1.702654935514829881e-01	2.460675924848864937e-01	1.479830359020962716e-01	7.091740233749076194e-02	2.799874882828309874e-02	7.294206555372038936e-02
1.100108946585211470e+03	2.635987049205110733e-01	1.701175752736591995e-01	2.462250495581489729e-01	1.480806944332431485e-01	7.095762497237846633e-02	2.801932785984100407e-02	7.300102298200580875e-02
1.101560277649308091e+03	2.633721347127733758e-01	1.699699037012369351e-01	2.463822106600798700e-01	1.481781976019872216e-01	7.099778659071896703e-02	2.803987490258113072e-02	7.305989183041017299e-02
1.103011608713404712e+03	2.631459500706537225e-01	1.698224784121364905e-01	2.465390763528851892e-01	1.482755456459527443e-01	7.103788728082878479e-02	2.806039000996956440e-02	7.311867222736123662e-02
1.104462939777501106e+03	2.629201503472622936e-01	1.696752989850179583e-01	2.466956471976728127e-01	1.483727388024252136e-01	7.107792713092715708e-02	2.808087323538275767e-02	7.317736430109947343e-02
1.105914270841597499e+03	2.626947348967788032e-01	1.695283649992800901e-01	2.468519237544548051e-01	1.484697773083518968e-01	7.111790622913573279e-02	2.810132463210766873e-02	7.323596817967865935e-02
1.107365601905694348e+03	2.624697030744504445e-01	1.693816760350587425e-01	2.470079065821496611e-01	1.485666614003421926e-01	7.115782466347832236e-02	2.812174425334191749e-02	7.329448399096634426e-02
1.108816932969790741e+03	2.622450542365905024e-01	1.692352316732257389e-01	2.471635962385844432e-01	1.486633913146681307e-01	7.119768252188059254e-02	2.814213215219393133e-02	7.335291186264433771e-02
1.110268264033887590e+03	2.620207877405762442e-01	1.690890314953874263e-01	2.473189932804971958e-01	1.487599672872646217e-01	7.123747989216980270e-02	2.816248838168309426e-02	7.341125192220926410e-02
1.111719595097984211e+03	2.617969029448475871e-01	1.689430750838834538e-01	2.474740982635390552e-01	1.488563895537299842e-01	7.127721686207458274e-02	2.818281299473989268e-02	7.346950429697304830e-02
1.113170926162080832e+03	2.615733992089053217e-01	1.687973620217853299e-01	2.476289117422766084e-01	1.489526583493263612e-01	7.131689351922460007e-02	2.820310604420605410e-02	7.352766911406337369e-02
1.114622257226177226e+03	2.613502758933090586e-01	1.686518918928952560e-01	2.477834342701939752e-01	1.490487739089800534e-01	7.135650995115039308e-02	2.822336758283471719e-02	7.358574650042420950e-02
1.116073588290273847e+03	2.611275323596760622e-01	1.685066642817445726e-01	2.479376663996951113e-01	1.491447364672819631e-01	7.139606624528306578e-02	2.824359766329056012e-02	7.364373658281629653e-02
1.117524919354370468e+03	2.609051679706790861e-01	1.683616787735927323e-01	2.480916086821060851e-01	1.492405462584880660e-01	7.143556248895407967e-02	2.826379633814994630e-02	7.370163948781757735e-02
1.118976250418467089e+03	2.606831820900450403e-01	1.682169349544258008e-01	2.482452616676771862e-01	1.493362035165197166e-01	7.147499876939500396e-02	2.828396365990108394e-02	7.375945534182369590e-02
1.120427581482563710e+03	2.604615740825529935e-01	1.680724324109552636e-01	2.483986259055851742e-01	1.494317084749641478e-01	7.151437517373734898e-02	2.830409968094416140e-02	7.381718427104849711e-02
1.121878912546660331e+03	2.602403433140324518e-01	1.679281707306164995e-01	2.485517019439354991e-01	1.495270613670748039e-01	7.155369178901228866e-02	2.832420445359149982e-02	7.387482640152442936e-02
1.123330243610756725e+03	2.600194891513621376e-01	1.677841495015678641e-01	2.487044903297644660e-01	1.496222624257718126e-01	7.159294870215042461e-02	2.834427803006768845e-02	7.393238185910304405e-02
1.124781574674853118e+03	2.597990109624677690e-01	1.676403683126889421e-01	2.488569916090414835e-01	1.497173118836423455e-01	7.163214599998170284e-02	2.836432046250974420e-02	7.398985076945543971e-02
1.126232905738949967e+03	2.595789081163205059e-01	1.674968267535796584e-01	2.490092063266711730e-01	1.498122099729410628e-01	7.167128376923505295e-02	2.838433180296725047e-02	7.404723325807269219e-02
1.127684236803046360e+03	2.593591799829355060e-01	1.673535244145586964e-01	2.491611350264956171e-01	1.499069569255904455e-01	7.171036209653830484e-02	2.840431210340249243e-02	7.410452945026631266e-02
1.129135567867143209e+03	2.591398259333699827e-01	1.672104608866623043e-01	2.493127782512964685e-01	1.500015529731813235e-01	7.174938106841796670e-02	2.842426141569062356e-02	7.416173947116867782e-02
1.130586898931239830e+03	2.589208453397216503e-01	1.670676357616429630e-01	2.494641365427972268e-01	1.500959983469732084e-01	7.178834077129901681e-02	2.844417979161979054e-02	7.421886344573347394e-02
1.132038229995336451e+03	2.587022375751270031e-01	1.669250486319681925e-01	2.496152104416652917e-01	1.501902932778946542e-01	7.182724129150479253e-02	2.846406728289128593e-02	7.427590149873611325e-02
1.133489561059432845e+03	2.584840020137595396e-01	1.667826990908192197e-01	2.497660004875141837e-01	1.502844379965438126e-01	7.186608271525672664e-02	2.848392394111968692e-02	7.433285375477416412e-02
1.134940892123529466e+03	2.582661380308283183e-01	1.666405867320896184e-01	2.499165072189056813e-01	1.503784327331886828e-01	7.190486512867422242e-02	2.850374981783301148e-02	7.438972033826778130e-02
1.136392223187626087e+03	2.580486450025760714e-01	1.664987111503841710e-01	2.500667311733519860e-01	1.504722777177675830e-01	7.194358861777451486e-02	2.852354496447284671e-02	7.444650137346010832e-02
1.137843554251722708e+03	2.578315223062777051e-01	1.663570719410174537e-01	2.502166728873178037e-01	1.505659731798895951e-01	7.198225326847247640e-02	2.854330943239450150e-02	7.450319698441769389e-02
1.139294885315819101e+03	2.576147693202385236e-01	1.662156687000126420e-01	2.503663328962226209e-01	1.506595193488348972e-01	7.202085916658047815e-02	2.856304327286714878e-02	7.455980729503089433e-02
1.140746216379915950e+03	2.573983854237925084e-01	1.660745010241001796e-01	2.505157117344428142e-01	1.507529164535552080e-01	7.205940639780822332e-02	2.858274653707396432e-02	7.461633242901430374e-02
1.142197547444012343e+03	2.571823699973008748e-01	1.659335685107166114e-01	2.506648099353135373e-01	1.508461647226741753e-01	7.209789504776260849e-02	2.860241927611227239e-02	7.467277250990711490e-02
1.143648878508108737e+03	2.569667224221501844e-01	1.657928707580031413e-01	2.508136280311312194e-01	1.509392643844877924e-01	7.213632520194761255e-02	2.862206154099369154e-02	7.472912766107353555e-02
1.145100209572205586e+03	2.567514420807508468e-01	1.656524073648045492e-01	2.509621665531554524e-01	1.510322156669647864e-01	7.217469694576413020e-02	2.864167338264427334e-02	7.478539800570319085e-02
1.146551540636302207e+03	2.565365283565353982e-01	1.655121779306677199e-01	2.511104260316111003e-01	1.511250187977470627e-01	7.221301036450983313e-02	2.866125485190463423e-02	7.484158366681148422e-02
1.148002871700398828e+03	2.563219806339567253e-01	1.653721820558406719e-01	2.512584069956905197e-01	1.512176740041500933e-01	7.225126554337910068e-02	2.868080599953012205e-02	7.489768476724001367e-02
1.149454202764495449e+03	2.561077982984866219e-01	1.652324193412710029e-01	2.514061099735555582e-01	1.513101815131632777e-01	7.228946256746282550e-02	2.870032687619093054e-02	7.495370142965694649e-02
1.150905533828591842e+03	2.558939807366142349e-01	1.650928893886047799e-01	2.515535354923398859e-01	1.514025415514503869e-01	7.232760152174831647e-02	2.871981753247226238e-02	7.500963377655738007e-02
1.152356864892688463e+03	2.556805273358439545e-01	1.649535918001852897e-01	2.517006840781506605e-01	1.514947543453499246e-01	7.236568249111922924e-02	2.873927801887445066e-02	7.506548193026370275e-02
1.153808195956785084e+03	2.554674374846943041e-01	1.648145261790517346e-01	2.518475562560709702e-01	1.515868201208755706e-01	7.240370556035541361e-02	2.875870838581312192e-02	7.512124601292598236e-02
1.155259527020881706e+03	2.552547105726959975e-01	1.646756921289380393e-01	2.519941525501619428e-01	1.516787391037166532e-01	7.244167081413280251e-02	2.877810868361931063e-02	7.517692614652238259e-02
1.156710858084978327e+03	2.550423459903902179e-01	1.645370892542714625e-01	2.521404734834645778e-01	1.517705115192383436e-01	7.247957833702335650e-02	2.879747896253962575e-02	7.523252245285945439e-02
1.158162189149074720e+03	2.548303431293273968e-01	1.643987171601715425e-01	2.522865195780020220e-01	1.518621375924822658e-01	7.251742821349491108e-02	2.881681927273637214e-02	7.528803505357252457e-02
1.159613520213171569e+03	2.546187013820651046e-01	1.642605754524487927e-01	2.524322913547815128e-01	1.519536175481668028e-01	7.255522052791109344e-02	2.883612966428769631e-02	7.534346407012604274e-02
1.161064851277267962e+03	2.544074201421666626e-01	1.641226637376033415e-01	2.525777893337965985e-01	1.520449516106874843e-01	7.259295536453129472e-02	2.885541018718773207e-02	7.539880962381396989e-02
1.162516182341364356e+03	2.541964988041995333e-01	1.639849816228238499e-01	2.527230140340289144e-01	1.521361400041174872e-01	7.263063280751048956e-02	2.887466089134672897e-02	7.545407183576005594e-02
1.163967513405461204e+03	2.539859367637336551e-01	1.638475287159861238e-01	2.528679659734506258e-01	1.522271829522078845e-01	7.266825294089920839e-02	2.889388182659120147e-02	7.550925082691826995e-02
1.165418844469557826e+03	2.537757334173397772e-01	1.637103046256521421e-01	2.530126456690263148e-01	1.523180806783881458e-01	7.270581584864346802e-02	2.891307304266406072e-02	7.556434671807311931e-02
1.166870175533654447e+03	2.535658881625879046e-01	1.635733089610684199e-01	2.531570536367148128e-01	1.524088334057665528e-01	7.274332161458466062e-02	2.893223458922476038e-02	7.561935962983995507e-02
1.168321506597751068e+03	2.533564003980456336e-01	1.634365413321651750e-01	2.533011903914715313e-01	1.524994413571305052e-01	7.278077032245951206e-02	2.895136651584942836e-02	7.567428968266536049e-02
1.169772837661847461e+03	2.531472695232765413e-01	1.633000013495548297e-01	2.534450564472504053e-01	1.525899047549469645e-01	7.281816205589998481e-02	2.897046887203100218e-02	7.572913699682742861e-02
1.171224168725944082e+03	2.529384949388385762e-01	1.631636886245309281e-01	2.535886523170060025e-01	1.526802238213629537e-01	7.285549689843319465e-02	2.898954170717938511e-02	7.578390169243616470e-02
1.172675499790040703e+03	2.527300760462823925e-01	1.630276027690668594e-01	2.537319785126953553e-01	1.527703987782058070e-01	7.289277493348146619e-02	2.900858507062156061e-02	7.583858388943377771e-02
1.174126830854137097e+03	2.525220122481499074e-01	1.628917433958146921e-01	2.538750355452801255e-01	1.528604298469836142e-01	7.292999624436209694e-02	2.902759901160175196e-02	7.589318370759499943e-02
1.175578161918233945e+03	2.523143029479725796e-01	1.627561101181038417e-01	2.540178239247286585e-01	1.529503172488856921e-01	7.296716091428745443e-02	2.904658357928154022e-02	7.594770126652744535e-02
1.177029492982330339e+03	2.521069475502697999e-01	1.626207025499399328e-01	2.541603441600178148e-01	1.530400612047828623e-01	7.300426902636485138e-02	2.906553882274001341e-02	7.600213668567186442e-02
1.178480824046426733e+03	2.518999454605473365e-01	1.624855203060036057e-01	2.543025967591353576e-01	1.531296619352279786e-01	7.304132066359647624e-02	2.908446479097389487e-02	7.605649008430256930e-02
1.179932155110523581e+03	2.516932960852955592e-01	1.623505630016493229e-01	2.544445822290814507e-01	1.532191196604561489e-01	7.307831590887940709e-02	2.910336153289769592e-02	7.611076158152764448e-02
1.181383486174620202e+03	2.514869988319881067e-01	1.622158302529039808e-01	2.545863010758710465e-01	1.533084346003853460e-01	7.311525484500552841e-02	2.912222909734383733e-02	7.616495129628932104e-02
1.182834817238716823e+03	2.512810531090802213e-01	1.620813216764658837e-01	2.547277538045358836e-01	1.533976069746166571e-01	7.315213755466148937e-02	2.914106753306278108e-02	7.621905934736430965e-02
1.184286148302813444e+03	2.510754583260070283e-01	1.619470368897035772e-01	2.548689409191260413e-01	1.534866370024346727e-01	7.318896412042867616e-02	2.915987688872318656e-02	7.627308585336399493e-02
1.185737479366910065e+03	2.508702138931820369e-01	1.618129755106544332e-01	2.550098629227125491e-01	1.535755249028079861e-01	7.322573462478321193e-02	2.917865721291203543e-02	7.632703093273490724e-02
1.187188810431006686e+03	2.506653192219956416e-01	1.616791371580236225e-01	2.551505203173888847e-01	1.536642708943895541e-01	7.326244915009585967e-02	2.919740855413476346e-02	7.638089470375890311e-02
1.188640141495103080e+03	2.504607737248132349e-01	1.615455214511828941e-01	2.552909136042732507e-01	1.537528751955169748e-01	7.329910777863202220e-02	2.921613096081539587e-02	7.643467728455349830e-02
1.190091472559199701e+03	2.502565768149740411e-01	1.614121280101692701e-01	2.554310432835102396e-01	1.538413380242130701e-01	7.333571059255172830e-02	2.923482448129669301e-02	7.648837879307218701e-02
1.191542803623296322e+03	2.500527279067892295e-01	1.612789564556840471e-01	2.555709098542732760e-01	1.539296595981861360e-01	7.337225767390956332e-02	2.925348916384027873e-02	7.654199934710473330e-02
1.192994134687392716e+03	2.498492264155404152e-01	1.611460064090913802e-01	2.557105138147661161e-01	1.540178401348304416e-01	7.340874910465475245e-02	2.927212505662677225e-02	7.659553906427742087e-02
1.194445465751489564e+03	2.496460717574781607e-01	1.610132774924172283e-01	2.558498556622250120e-01	1.541058798512265071e-01	7.344518496663099416e-02	2.929073220775592346e-02	7.664899806205345556e-02
1.195896796815585958e+03	2.494432633498203100e-01	1.608807693283481888e-01	2.559889358929207659e-01	1.541937789641416034e-01	7.348156534157655739e-02	2.930931066524675166e-02	7.670237645773313184e-02
1.197348127879682352e+03	2.492408006107504626e-01	1.607484815402301925e-01	2.561277550021603955e-01	1.542815376900300850e-01	7.351789031112422601e-02	2.932786047703768439e-02	7.675567436845420755e-02
1.198799458943779200e+03	2.490386829594164464e-01	1.606164137520674495e-01	2.562663134842894652e-01	1.543691562450338339e-01	7.355415995680128494e-02	2.934638169098667190e-02	7.680889191119213977e-02
1.200250790007875821e+03	2.488369098159286530e-01	1.604845655885211997e-01	2.564046118326936963e-01	1.544566348449825377e-01	7.359037436002952015e-02	2.936487435487134326e-02	7.686202920276039019e-02
1.201702121071972442e+03	2.486354806013585383e-01	1.603529366749085472e-01	2.565426505398009649e-01	1.545439737053942997e-01	7.362653360212519094e-02	2.938333851638912433e-02	7.691508635981073039e-02
1.203153452136069063e+03	2.484343947377370687e-01	1.602215266372012392e-01	2.566804300970834674e-01	1.546311730414757779e-01	7.366263776429905763e-02	2.940177422315737657e-02	7.696806349883347775e-02
1.204604783200165684e+03	2.482336516480530553e-01	1.600903351020245835e-01	2.568179509950593853e-01	1.547182330681227402e-01	7.369868692765636775e-02	2.942018152271353229e-02	7.702096073615780081e-02
1.206056114264262078e+03	2.480332507562518218e-01	1.599593616966561715e-01	2.569552137232950506e-01	1.548051539999204251e-01	7.373468117319685600e-02	2.943856046251522307e-02	7.707377818795198288e-02
1.207507445328358699e+03	2.478331914872334008e-01	1.598286060490248239e-01	2.570922187704066109e-01	1.548919360511438748e-01	7.377062058181471649e-02	2.945691108994042198e-02	7.712651597022369965e-02
1.208958776392455093e+03	2.476334732668511729e-01	1.596980677877093413e-01	2.572289666240620831e-01	1.549785794357584345e-01	7.380650523429863052e-02	2.947523345228755809e-02	7.717917419882031060e-02
1.210410107456551941e+03	2.474340955219102300e-01	1.595677465419373386e-01	2.573654577709834079e-01	1.550650843674200030e-01	7.384233521133179434e-02	2.949352759677566563e-02	7.723175298942912270e-02
1.211861438520648335e+03	2.472350576801658206e-01	1.594376419415841628e-01	2.575016926969480036e-01	1.551514510594755869e-01	7.387811059349190523e-02	2.951179357054450197e-02	7.728425245757762629e-02
1.213312769584745183e+03	2.470363591703218231e-01	1.593077536171715880e-01	2.576376718867909865e-01	1.552376797249635509e-01	7.391383146125116155e-02	2.953003142065469336e-02	7.733667271863381432e-02
1.214764100648841804e+03	2.468379994220291918e-01	1.591780811998667888e-01	2.577733958244070034e-01	1.553237705766140619e-01	7.394949789497627657e-02	2.954824119408785629e-02	7.738901388780640433e-02
1.216215431712937971e+03	2.466399778658845132e-01	1.590486243214811468e-01	2.579088649927520627e-01	1.554097238268494774e-01	7.398510997492853403e-02	2.956642293774673982e-02	7.744127608014514386e-02
1.217666762777034819e+03	2.464422939334283136e-01	1.589193826144690569e-01	2.580440798738454222e-01	1.554955396877847340e-01	7.402066778126377422e-02	2.958457669845533655e-02	7.749345941054100462e-02
1.219118093841131440e+03	2.462449470571436150e-01	1.587903557119268172e-01	2.581790409487715876e-01	1.555812183712277086e-01	7.405617139403236626e-02	2.960270252295903529e-02	7.754556399372652953e-02
1.220569424905228061e+03	2.460479366704544091e-01	1.586615432475914633e-01	2.583137486976819219e-01	1.556667600886796898e-01	7.409162089317929134e-02	2.962080045792473901e-02	7.759758994427604084e-02
1.222020755969324682e+03	2.458512622077241028e-01	1.585329448558396026e-01	2.584482035997970883e-01	1.557521650513356837e-01	7.412701635854417048e-02	2.963887054994100018e-02	7.764953737660590383e-02
1.223472087033421303e+03	2.456549231042540193e-01	1.584045601716863039e-01	2.585824061334082158e-01	1.558374334700848574e-01	7.416235786986122291e-02	2.965691284551814563e-02	7.770140640497479045e-02
1.224923418097517697e+03	2.454589187962817609e-01	1.582763888307839040e-01	2.587163567758793414e-01	1.559225655555108725e-01	7.419764550675934933e-02	2.967492739108841537e-02	7.775319714348391531e-02
1.226374749161614318e+03	2.452632487209798484e-01	1.581484304694209253e-01	2.588500560036489651e-01	1.560075615178922737e-01	7.423287934876211802e-02	2.969291423300608398e-02	7.780490970607729928e-02
1.227826080225710712e+03	2.450679123164541395e-01	1.580206847245209101e-01	2.589835042922321029e-01	1.560924215672028770e-01	7.426805947528786200e-02	2.971087341754759942e-02	7.785654420654203323e-02
1.229277411289807560e+03	2.448729090217421911e-01	1.578931512336412546e-01	2.591167021162218975e-01	1.561771459131122697e-01	7.430318596564962352e-02	2.972880499091169748e-02	7.790810075850851391e-02
1.230728742353903954e+03	2.446782382768119546e-01	1.577658296349720990e-01	2.592496499492918383e-01	1.562617347649860600e-01	7.433825889905525119e-02	2.974670899921954409e-02	7.795957947545067990e-02
1.232180073418000802e+03	2.444838995225601386e-01	1.576387195673351893e-01	2.593823482641973155e-01	1.563461883318862933e-01	7.437327835460737224e-02	2.976458548851486363e-02	7.801098047068627528e-02
1.233631404482097196e+03	2.442898922008107099e-01	1.575118206701827672e-01	2.595147975327774525e-01	1.564305068225718687e-01	7.440824441130347577e-02	2.978243450476406040e-02	7.806230385737712718e-02
1.235082735546193817e+03	2.440962157543133393e-01	1.573851325835964321e-01	2.596469982259572151e-01	1.565146904454988996e-01	7.444315714803595441e-02	2.980025609385635044e-02	7.811354974852931232e-02
1.236534066610290438e+03	2.439028696267420138e-01	1.572586549482860030e-01	2.597789508137489101e-01	1.565987394088211304e-01	7.447801664359209040e-02	2.981805030160389683e-02	7.816471825699346232e-02
1.237985397674387059e+03	2.437098532626933989e-01	1.571323874055882974e-01	2.599106557652544058e-01	1.566826539203902691e-01	7.451282297665418053e-02	2.983581717374192421e-02	7.821580949546497186e-02
1.239436728738483680e+03	2.435171661076855065e-01	1.570063295974662432e-01	2.600421135486666868e-01	1.567664341877564038e-01	7.454757622579946674e-02	2.985355675592886102e-02	7.826682357648426236e-02
1.240888059802580301e+03	2.433248076081560018e-01	1.568804811665075460e-01	2.601733246312717407e-01	1.568500804181683916e-01	7.458227646950027490e-02	2.987126909374645048e-02	7.831776061243700404e-02
1.242339390866676695e+03	2.431327772114607877e-01	1.567548417559236351e-01	2.603042894794504458e-01	1.569335928185742191e-01	7.461692378612400089e-02	2.988895423269989637e-02	7.836862071555435183e-02
1.243790721930773088e+03	2.429410743658726446e-01	1.566294110095486358e-01	2.604350085586803476e-01	1.570169715956214740e-01	7.465151825393319396e-02	2.990661221821797749e-02	7.841940399791318128e-02
1.245242052994869937e+03	2.427496985205794544e-01	1.565041885718380099e-01	2.605654823335373238e-01	1.571002169556575401e-01	7.468605995108557050e-02	2.992424309565318297e-02	7.847011057143635226e-02
1.246693384058966330e+03	2.425586491256829513e-01	1.563791740878677505e-01	2.606957112676977495e-01	1.571833291047301795e-01	7.472054895563405574e-02	2.994184691028183021e-02	7.852074054789288937e-02
1.248144715123063179e+03	2.423679256321971398e-01	1.562543672033331055e-01	2.608256958239400514e-01	1.572663082485878105e-01	7.475498534552689478e-02	2.995942370730419677e-02	7.857129403889823172e-02
1.249596046187159800e+03	2.421775274920468235e-01	1.561297675645474670e-01	2.609554364641464841e-01	1.573491545926798685e-01	7.478936919860766641e-02	2.997697353184465216e-02	7.862177115591452436e-02
1.251047377251256421e+03	2.419874541580660510e-01	1.560053748184412337e-01	2.610849336493050732e-01	1.574318683421573051e-01	7.482370059261528317e-02	2.999449642895177237e-02	7.867217201025074325e-02
1.252498708315352815e+03	2.417977050839968112e-01	1.558811886125608115e-01	2.612141878395113359e-01	1.575144497018728384e-01	7.485797960518411620e-02	3.001199244359846821e-02	7.872249671306301433e-02
1.253950039379449436e+03	2.416082797244873959e-01	1.557572085950675589e-01	2.613431994939701686e-01	1.575968988763813972e-01	7.489220631384405080e-02	3.002946162068212757e-02	7.877274537535479404e-02
1.255401370443546057e+03	2.414191775350909286e-01	1.556334344147363713e-01	2.614719690709974009e-01	1.576792160699404810e-01	7.492638079602048640e-02	3.004690400502472297e-02	7.882291810797709131e-02
1.256852701507642678e+03	2.412303979722640046e-01	1.555098657209549595e-01	2.616004970280217945e-01	1.577614014865106051e-01	7.496050312903444757e-02	3.006431964137293300e-02	7.887301502162873124e-02
1.258304032571739299e+03	2.410419404933651366e-01	1.553865021637225452e-01	2.617287838215868190e-01	1.578434553297555221e-01	7.499457339010259793e-02	3.008170857439828802e-02	7.892303622685652165e-02
1.259755363635835920e+03	2.408538045566532282e-01	1.552633433936488339e-01	2.618568299073523731e-01	1.579253778030428601e-01	7.502859165633730953e-02	3.009907084869728119e-02	7.897298183405553063e-02
1.261206694699932314e+03	2.406659896212862415e-01	1.551403890619527937e-01	2.619846357400966164e-01	1.580071691094442066e-01	7.506255800474675999e-02	3.011640650879149339e-02	7.902285195346929469e-02
1.262658025764028707e+03	2.404784951473196986e-01	1.550176388204617950e-01	2.621122017737174681e-01	1.580888294517357184e-01	7.509647251223497411e-02	3.013371559912772155e-02	7.907264669519002698e-02
1.264109356828125556e+03	2.402913205957050713e-01	1.548950923216104447e-01	2.622395284612347166e-01	1.581703590323983999e-01	7.513033525560185166e-02	3.015099816407810357e-02	7.912236616915881149e-02
1.265560687892221949e+03	2.401044654282885604e-01	1.547727492184392539e-01	2.623666162547917402e-01	1.582517580536184632e-01	7.516414631154327841e-02	3.016825424794024671e-02	7.917201048516588069e-02
1.267012018956318798e+03	2.399179291078094300e-01	1.546506091645939163e-01	2.624934656056570059e-01	1.583330267172877448e-01	7.519790575665116772e-02	3.018548389493732817e-02	7.922157975285079590e-02
1.268463350020415419e+03	2.397317110978986754e-01	1.545286718143240035e-01	2.626200769642261790e-01	1.584141652250041221e-01	7.523161366741348832e-02	3.020268714921825817e-02	7.927107408170266933e-02
1.269914681084511813e+03	2.395458108630775240e-01	1.544069368224819938e-01	2.627464507800235660e-01	1.584951737780717629e-01	7.526527012021444474e-02	3.021986405485776669e-02	7.932049358106040005e-02
1.271366012148608434e+03	2.393602278687559370e-01	1.542854038445220788e-01	2.628725875017040026e-01	1.585760525775016527e-01	7.529887519133442175e-02	3.023701465585654571e-02	7.936983836011284044e-02
1.272817343212705055e+03	2.391749615812313046e-01	1.541640725364991638e-01	2.629984875770546293e-01	1.586568018240118727e-01	7.533242895695010932e-02	3.025413899614137411e-02	7.941910852789903219e-02
1.274268674276801676e+03	2.389900114676868359e-01	1.540429425550678133e-01	2.631241514529965575e-01	1.587374217180279878e-01	7.536593149313459972e-02	3.027123711956522870e-02	7.946830419330848383e-02
1.275720005340898297e+03	2.388053769961901995e-01	1.539220135574811688e-01	2.632495795755866452e-01	1.588179124596835190e-01	7.539938287585737364e-02	3.028830906990741603e-02	7.951742546508128173e-02
1.277171336404994690e+03	2.386210576356920798e-01	1.538012852015897269e-01	2.633747723900191628e-01	1.588982742488201649e-01	7.543278318098445290e-02	3.030535489087369388e-02	7.956647245180835382e-02
1.278622667469091539e+03	2.384370528560247060e-01	1.536807571458405630e-01	2.634997303406276248e-01	1.589785072849882741e-01	7.546613248427842813e-02	3.032237462609638570e-02	7.961544526193166382e-02
1.280073998533187932e+03	2.382533621279004921e-01	1.535604290492759982e-01	2.636244538708863439e-01	1.590586117674472333e-01	7.549943086139854209e-02	3.033936831913451940e-02	7.966434400374443336e-02
1.281525329597284326e+03	2.380699849229104548e-01	1.534403005715327395e-01	2.637489434234125962e-01	1.591385878951657451e-01	7.553267838790077293e-02	3.035633601347393143e-02	7.971316878539135009e-02
1.282976660661381175e+03	2.378869207135229369e-01	1.533203713728405471e-01	2.638731994399677316e-01	1.592184358668223276e-01	7.556587513923790356e-02	3.037327775252740211e-02	7.976191971486876198e-02
1.284427991725477568e+03	2.377041689730820806e-01	1.532006411140215130e-01	2.639972223614591718e-01	1.592981558808055920e-01	7.559902119075960492e-02	3.039019357963477011e-02	7.981059690002489937e-02
1.285879322789574417e+03	2.375217291758064120e-01	1.530811094564887009e-01	2.641210126279422421e-01	1.593777481352146586e-01	7.563211661771249150e-02	3.040708353806304692e-02	7.985920044856005540e-02
1.287330653853671038e+03	2.373396007967874255e-01	1.529617760622453138e-01	2.642445706786216708e-01	1.594572128278595180e-01	7.566516149524021850e-02	3.042394767100655914e-02	7.990773046802683577e-02
1.288781984917767431e+03	2.371577833119881962e-01	1.528426405938835553e-01	2.643678969518534760e-01	1.595365501562614197e-01	7.569815589838353731e-02	3.044078602158704905e-02	7.995618706583031143e-02
1.290233315981864052e+03	2.369762761982419086e-01	1.527237027145834647e-01	2.644909918851464647e-01	1.596157603176532325e-01	7.573109990208040654e-02	3.045759863285379954e-02	8.000457034922825450e-02
