1.001418434226643626e+03	2.799030923539876925e-01	1.808369685780110980e-01	2.348464187171329098e-01	1.410507153456611318e-01	6.784954765469060345e-02	2.651363035787934752e-02	6.899962699242480346e-02
1.002869765290740247e+03	2.796485609854221233e-01	1.806719592307442501e-01	2.350255534999650675e-01	1.411589658555178484e-01	6.789153520651780571e-02	2.653635149451907468e-02	6.906707372710142734e-02
1.004321096354836754e+03	2.793944628387066142e-01	1.805072253182273267e-01	2.352043546024362164e-01	1.412670432580623026e-01	6.793345122118826795e-02	2.655903812196572233e-02	6.913442463920121961e-02
1.005772427418933376e+03	2.791407971850395353e-01	1.803427663697105277e-01	2.353828226638624010e-01	1.413749478241067836e-01	6.797529582108660651e-02	2.658169029708130904e-02	6.920167983890052055e-02
1.007223758483029997e+03	2.788875632968295104e-01	1.801785819152705026e-01	2.355609583222688652e-01	1.414826798240624572e-01	6.801706912839061703e-02	2.660430807663288419e-02	6.926883943633288521e-02
1.008675089547126618e+03	2.786347604476931417e-01	1.800146714858088248e-01	2.357387622143927997e-01	1.415902395279398929e-01	6.805877126507156594e-02	2.662689151729265985e-02	6.933590354158884750e-02
1.010126420611223239e+03	2.783823879124531775e-01	1.798510346130505477e-01	2.359162349756861454e-01	1.416976272053496744e-01	6.810040235289459287e-02	2.664944067563818769e-02	6.940287226471550386e-02
1.011577751675319632e+03	2.781304449671365142e-01	1.796876708295425951e-01	2.360933772403182862e-01	1.418048431255027053e-01	6.814196251341900212e-02	2.667195560815250471e-02	6.946974571571627732e-02
1.013029082739416367e+03	2.778789308889723086e-01	1.795245796686523732e-01	2.362701896411789071e-01	1.419118875572108474e-01	6.818345186799860957e-02	2.669443637122429283e-02	6.953652400455050120e-02
1.014480413803512761e+03	2.776278449563900352e-01	1.793617606645662443e-01	2.364466728098807424e-01	1.420187607688875309e-01	6.822487053778214516e-02	2.671688302114804542e-02	6.960320724113314150e-02
1.015931744867609382e+03	2.773771864490172656e-01	1.791992133522880004e-01	2.366228273767622403e-01	1.421254630285480602e-01	6.826621864371350268e-02	2.673929561412420955e-02	6.966979553533451941e-02
1.017383075931706003e+03	2.771269546476781143e-01	1.790369372676374748e-01	2.367986539708904492e-01	1.422319946038103355e-01	6.830749630653218385e-02	2.676167420625935253e-02	6.973628899697989492e-02
1.018834406995802851e+03	2.768771488343910181e-01	1.788749319472489330e-01	2.369741532200635992e-01	1.423383557618952133e-01	6.834870364677356203e-02	2.678401885356630763e-02	6.980268773584923092e-02
1.020285738059899245e+03	2.766277682923669046e-01	1.787131969285696564e-01	2.371493257508138774e-01	1.424445467696270617e-01	6.838984078476922912e-02	2.680632961196434405e-02	6.986899186167683240e-02
1.021737069123995752e+03	2.763788123060070823e-01	1.785517317498584999e-01	2.373241721884102873e-01	1.425505678934343157e-01	6.843090784064738419e-02	2.682860653727930228e-02	6.993520148415108273e-02
1.023188400188092373e+03	2.761302801609015201e-01	1.783905359501843368e-01	2.374986931568612014e-01	1.426564193993499763e-01	6.847190493433312486e-02	2.685084968524377100e-02	7.000131671291404123e-02
1.024639731252188767e+03	2.758821711438269597e-01	1.782296090694245605e-01	2.376728892789171099e-01	1.427621015530121107e-01	6.851283218554878041e-02	2.687305911149723628e-02	7.006733765756123500e-02
1.026091062316285615e+03	2.756344845427446399e-01	1.780689506482638074e-01	2.378467611760734512e-01	1.428676146196643515e-01	6.855368971381432808e-02	2.689523487158621343e-02	7.013326442764127033e-02
1.027542393380382237e+03	2.753872196467986311e-01	1.779085602281922085e-01	2.380203094685731380e-01	1.429729588641564519e-01	6.859447763844764290e-02	2.691737702096444126e-02	7.019909713265556905e-02
1.028993724444478858e+03	2.751403757463139477e-01	1.777484373515042237e-01	2.381935347754093046e-01	1.430781345509447855e-01	6.863519607856484461e-02	2.693948561499300010e-02	7.026483588205806319e-02
1.030445055508575479e+03	2.748939521327943281e-01	1.775885815612969210e-01	2.383664377143281110e-01	1.431831419440927622e-01	6.867584515308068627e-02	2.696156070894048518e-02	7.033048078525484803e-02
1.031896386572671872e+03	2.746479480989207911e-01	1.774289924014686992e-01	2.385390189018312956e-01	1.432879813072714947e-01	6.871642498070884564e-02	2.698360235798315590e-02	7.039603195160393234e-02
1.033347717636768493e+03	2.744023629385491381e-01	1.772696694167177067e-01	2.387112789531788959e-01	1.433926529037602426e-01	6.875693567996227218e-02	2.700561061720509193e-02	7.046148949041490528e-02
1.034799048700865114e+03	2.741571959467085096e-01	1.771106121525404253e-01	2.388832184823918847e-01	1.434971569964468285e-01	6.879737736915352009e-02	2.702758554159833543e-02	7.052685351094864497e-02
1.036250379764961508e+03	2.739124464195993869e-01	1.769518201552303382e-01	2.390548381022548907e-01	1.436014938478283598e-01	6.883775016639512301e-02	2.704952718606305762e-02	7.059212412241699930e-02
1.037701710829058356e+03	2.736681136545914272e-01	1.767932929718762924e-01	2.392261384243188627e-01	1.437056637200114784e-01	6.887805418959985770e-02	2.707143560540770794e-02	7.065730143398255003e-02
1.039153041893154750e+03	2.734241969502217984e-01	1.766350301503611386e-01	2.393971200589035675e-01	1.438096668747130824e-01	6.891828955648110488e-02	2.709331085434915631e-02	7.072238555475823807e-02
1.040604372957251599e+03	2.731806956061932912e-01	1.764770312393602880e-01	2.395677836151005324e-01	1.439135035732607704e-01	6.895845638455322391e-02	2.711515298751285621e-02	7.078737659380714142e-02
1.042055704021347992e+03	2.729376089233722102e-01	1.763192957883403522e-01	2.397381297007753487e-01	1.440171740765932851e-01	6.899855479113180257e-02	2.713696205943299383e-02	7.085227466014210052e-02
1.043507035085444613e+03	2.726949362037867086e-01	1.761618233475575612e-01	2.399081589225705025e-01	1.441206786452610966e-01	6.903858489333404569e-02	2.715873812455264422e-02	7.091707986272555164e-02
1.044958366149541234e+03	2.724526767506247338e-01	1.760046134680563756e-01	2.400778718859080119e-01	1.442240175394268742e-01	6.907854680807913594e-02	2.718048123722391352e-02	7.098179231046911064e-02
1.046409697213637855e+03	2.722108298682321403e-01	1.758476657016681544e-01	2.402472691949919803e-01	1.443271910188659857e-01	6.911844065208846977e-02	2.720219145170809510e-02	7.104641211223336472e-02
1.047861028277734476e+03	2.719693948621109691e-01	1.756909796010095726e-01	2.404163514528111778e-01	1.444301993429670250e-01	6.915826654188605982e-02	2.722386882217581183e-02	7.111093937682755328e-02
1.049312359341831097e+03	2.717283710389174489e-01	1.755345547194813172e-01	2.405851192611417333e-01	1.445330427707323673e-01	6.919802459379884030e-02	2.724551340270718949e-02	7.117537421300927647e-02
1.050763690405927491e+03	2.714877577064600533e-01	1.753783906112665880e-01	2.407535732205497436e-01	1.446357215607785573e-01	6.923771492395702776e-02	2.726712524729197826e-02	7.123971672948425926e-02
1.052215021470024112e+03	2.712475541736976692e-01	1.752224868313297657e-01	2.409217139303937438e-01	1.447382359713368927e-01	6.927733764829438479e-02	2.728870440982972961e-02	7.130396703490601840e-02
1.053666352534120733e+03	2.710077597507378755e-01	1.750668429354148570e-01	2.410895419888274549e-01	1.448405862602539229e-01	6.931689288254860859e-02	2.731025094412992127e-02	7.136812523787561258e-02
1.055117683598217127e+03	2.707683737488347231e-01	1.749114584800442185e-01	2.412570579928022541e-01	1.449427726849919218e-01	6.935638074226162242e-02	2.733176490391213062e-02	7.143219144694136491e-02
1.056569014662313975e+03	2.705293954803871803e-01	1.747563330225170297e-01	2.414242625380698670e-01	1.450447955026294700e-01	6.939580134277992252e-02	2.735324634280616313e-02	7.149616577059855760e-02
1.058020345726410369e+03	2.702908242589372456e-01	1.746014661209080165e-01	2.415911562191848383e-01	1.451466549698618436e-01	6.943515479925488343e-02	2.737469531435221537e-02	7.156004831728919602e-02
1.059471676790506763e+03	2.700526593991679492e-01	1.744468573340658690e-01	2.417577396295070846e-01	1.452483513430015694e-01	6.947444122664311883e-02	2.739611187200102077e-02	7.162383919540170341e-02
1.060923007854603611e+03	2.698149002169014099e-01	1.742925062216120202e-01	2.419240133612045873e-01	1.453498848779789798e-01	6.951366073970674520e-02	2.741749606911399184e-02	7.168753851327064330e-02
1.062374338918700232e+03	2.695775460290972259e-01	1.741384123439390919e-01	2.420899780052557515e-01	1.454512558303426295e-01	6.955281345301377038e-02	2.743884795896337978e-02	7.175114637917651139e-02
1.063825669982796853e+03	2.693405961538505311e-01	1.739845752622095898e-01	2.422556341514522371e-01	1.455524644552598779e-01	6.959189948093841283e-02	2.746016759473241323e-02	7.181466290134538855e-02
1.065277001046893474e+03	2.691040499103899419e-01	1.738309945383544886e-01	2.424209823884011794e-01	1.456535110075173056e-01	6.963091893766137908e-02	2.748145502951545444e-02	7.187808818794871879e-02
1.066728332110990095e+03	2.688679066190761136e-01	1.736776697350718157e-01	2.425860233035279645e-01	1.457543957415212699e-01	6.966987193717021076e-02	2.750271031631814148e-02	7.194142234710304562e-02
1.068179663175086489e+03	2.686321656013994641e-01	1.735246004158252919e-01	2.427507574830786441e-01	1.458551189112983759e-01	6.970875859325958990e-02	2.752393350805752703e-02	7.200466548686969281e-02
1.069630994239183110e+03	2.683968261799787314e-01	1.733717861448428876e-01	2.429151855121225723e-01	1.459556807704960324e-01	6.974757901953172745e-02	2.754512465756224493e-02	7.206781771525455627e-02
1.071082325303279504e+03	2.681618876785586969e-01	1.732192264871154352e-01	2.430793079745547092e-01	1.460560815723828676e-01	6.978633332939658540e-02	2.756628381757264545e-02	7.213087914020785418e-02
1.072533656367376352e+03	2.679273494220086871e-01	1.730669210083954079e-01	2.432431254530983689e-01	1.461563215698493401e-01	6.982502163607229306e-02	2.758741104074094452e-02	7.219384986962379402e-02
1.073984987431472746e+03	2.676932107363206303e-01	1.729148692751953098e-01	2.434066385293076895e-01	1.462564010154080441e-01	6.986364405258538302e-02	2.760850637963136942e-02	7.225673001134039208e-02
1.075436318495569594e+03	2.674594709486072808e-01	1.727630708547864546e-01	2.435698477835699371e-01	1.463563201611945142e-01	6.990220069177117967e-02	2.762956988672030448e-02	7.231951967313918206e-02
1.076887649559666215e+03	2.672261293871002197e-01	1.726115253151975226e-01	2.437327537951082812e-01	1.464560792589673366e-01	6.994069166627406298e-02	2.765060161439644032e-02	7.238221896274495137e-02
1.078338980623762609e+03	2.669931853811481903e-01	1.724602322252132558e-01	2.438953571419840982e-01	1.465556785601090373e-01	6.997911708854784307e-02	2.767160161496091259e-02	7.244482798782547750e-02
1.079790311687859230e+03	2.667606382612153215e-01	1.723091911543729038e-01	2.440576584010994976e-01	1.466551183156262761e-01	7.001747707085602401e-02	2.769256994062746155e-02	7.250734685599133367e-02
1.081241642751955851e+03	2.665284873588790737e-01	1.721584016729691413e-01	2.442196581481998474e-01	1.467543987761505131e-01	7.005577172527215069e-02	2.771350664352256049e-02	7.256977567479555580e-02
1.082692973816052472e+03	2.662967320068286292e-01	1.720078633520464306e-01	2.443813569578762446e-01	1.468535201919384248e-01	7.009400116368014189e-02	2.773441177568556487e-02	7.263211455173344822e-02
1.084144304880149093e+03	2.660653715388630047e-01	1.718575757633998835e-01	2.445427554035678464e-01	1.469524828128724592e-01	7.013216549777455400e-02	2.775528538906887194e-02	7.269436359424231997e-02
1.085595635944245487e+03	2.658344052898892196e-01	1.717075384795737070e-01	2.447038540575645627e-01	1.470512868884612245e-01	7.017026483906094181e-02	2.777612753553804215e-02	7.275652290970123504e-02
1.087046967008342108e+03	2.656038325959205748e-01	1.715577510738599820e-01	2.448646534910093875e-01	1.471499326678401276e-01	7.020829929885616383e-02	2.779693826687196917e-02	7.281859260543076251e-02
1.088498298072438729e+03	2.653736527940746548e-01	1.714082131202972481e-01	2.450251542739007860e-01	1.472484203997717900e-01	7.024626898828871535e-02	2.781771763476299786e-02	7.288057278869272682e-02
1.089949629136535123e+03	2.651438652225718284e-01	1.712589241936691986e-01	2.451853569750952755e-01	1.473467503326465478e-01	7.028417401829897826e-02	2.783846569081708730e-02	7.294246356668999953e-02
1.091400960200631971e+03	2.649144692207331397e-01	1.711098838695032653e-01	2.453452621623097574e-01	1.474449227144829233e-01	7.032201449963962347e-02	2.785918248655394960e-02	7.300426504656619409e-02
1.092852291264728365e+03	2.646854641289787535e-01	1.709610917240693417e-01	2.455048704021240702e-01	1.475429377929281527e-01	7.035979054287586076e-02	2.787986807340718173e-02	7.306597733540549922e-02
1.094303622328825213e+03	2.644568492888259570e-01	1.708125473343783951e-01	2.456641822599832936e-01	1.476407958152586852e-01	7.039750225838577180e-02	2.790052250272443204e-02	7.312760054023238754e-02
1.095754953392921607e+03	2.642286240428874944e-01	1.706642502781810511e-01	2.458231983002002463e-01	1.477384970283806276e-01	7.043514975636060160e-02	2.792114582576751824e-02	7.318913476801139351e-02
1.097206284457018228e+03	2.640007877348696796e-01	1.705162001339664557e-01	2.459819190859578730e-01	1.478360416788302711e-01	7.047273314680514711e-02	2.794173809371259393e-02	7.325058012564686361e-02
1.098657615521114849e+03	2.637733397095708421e-01	1.703683964809607765e-01	2.461403451793117148e-01	1.479334300127746193e-01	7.051025253953793759e-02	2.796229935765026653e-02	7.331193671998274819e-02
1.100108946585211470e+03	2.635462793128793835e-01	1.702208388991258980e-01	2.462984771411921570e-01	1.480306622760117485e-01	7.054770804419167873e-02	2.798282966858575693e-02	7.337320465780235168e-02
1.101560277649308091e+03	2.633196058917717242e-01	1.700735269691581175e-01	2.464563155314070664e-01	1.481277387139714741e-01	7.058509977021350246e-02	2.800332907743903477e-02	7.343438404582808277e-02
1.103011608713404712e+03	2.630933187943110263e-01	1.699264602724868123e-01	2.466138609086440114e-01	1.482246595717157112e-01	7.062242782686524445e-02	2.802379763504497107e-02	7.349547499072127399e-02
1.104462939777501106e+03	2.628674173696451399e-01	1.697796383912730522e-01	2.467711138304727325e-01	1.483214250939390022e-01	7.065969232322380500e-02	2.804423539215345623e-02	7.355647759908190420e-02
1.105914270841597499e+03	2.626419009680047711e-01	1.696330609084084062e-01	2.469280748533475012e-01	1.484180355249690164e-01	7.069689336818145431e-02	2.806464239942956657e-02	7.361739197744839036e-02
1.107365601905694348e+03	2.624167689407020942e-01	1.694867274075134711e-01	2.470847445326094238e-01	1.485144911087670216e-01	7.073403107044612392e-02	2.808501870745368570e-02	7.367821823229735168e-02
1.108816932969790741e+03	2.621920206401284204e-01	1.693406374729366226e-01	2.472411234224889953e-01	1.486107920889284117e-01	7.077110553854171204e-02	2.810536436672166419e-02	7.373895647004335974e-02
1.110268264033887590e+03	2.619676554197528651e-01	1.691947906897527665e-01	2.473972120761083471e-01	1.487069387086830952e-01	7.080811688080837496e-02	2.812567942764494441e-02	7.379960679703878590e-02
1.111719595097984211e+03	2.617436726341204611e-01	1.690491866437618951e-01	2.475530110454836064e-01	1.488029312108961333e-01	7.084506520540291563e-02	2.814596394055070630e-02	7.386016931957350984e-02
1.113170926162080832e+03	2.615200716388502156e-01	1.689038249214878940e-01	2.477085208815273110e-01	1.488987698380681013e-01	7.088195062029897797e-02	2.816621795568201303e-02	7.392064414387472526e-02
1.114622257226177226e+03	2.612968517906337773e-01	1.687587051101771540e-01	2.478637421340506575e-01	1.489944548323356155e-01	7.091877323328742155e-02	2.818644152319794288e-02	7.398103137610671787e-02
1.116073588290273847e+03	2.610740124472333279e-01	1.686138267977972394e-01	2.480186753517659992e-01	1.490899864354718329e-01	7.095553315197659916e-02	2.820663469317372801e-02	7.404133112237064329e-02
1.117524919354370468e+03	2.608515529674798050e-01	1.684691895730356659e-01	2.481733210822890945e-01	1.491853648888868678e-01	7.099223048379270373e-02	2.822679751560090364e-02	7.410154348870430507e-02
1.118976250418467089e+03	2.606294727112715148e-01	1.683247930252985969e-01	2.483276798721414103e-01	1.492805904336284573e-01	7.102886533598004593e-02	2.824693004038744334e-02	7.416166858108194648e-02
1.120427581482563710e+03	2.604077710395719669e-01	1.681806367447094830e-01	2.484817522667525647e-01	1.493756633103822118e-01	7.106543781560130391e-02	2.826703231735788746e-02	7.422170650541405623e-02
1.121878912546660331e+03	2.601864473144084866e-01	1.680367203221078132e-01	2.486355388104625197e-01	1.494705837594721975e-01	7.110194802953792581e-02	2.828710439625349571e-02	7.428165736754706316e-02
1.123330243610756725e+03	2.599655008988702165e-01	1.678930433490477547e-01	2.487890400465240515e-01	1.495653520208614917e-01	7.113839608449033791e-02	2.830714632673238251e-02	7.434152127326325299e-02
1.124781574674853118e+03	2.597449311571064512e-01	1.677496054177970153e-01	2.489422565171049428e-01	1.496599683341526266e-01	7.117478208697837483e-02	2.832715815836965578e-02	7.440129832828046297e-02
1.126232905738949967e+03	2.595247374543250829e-01	1.676064061213353162e-01	2.490951887632903428e-01	1.497544329385880058e-01	7.121110614334139055e-02	2.834713994065754528e-02	7.446098863825190151e-02
1.127684236803046360e+03	2.593049191567905476e-01	1.674634450533533381e-01	2.492478373250850421e-01	1.498487460730504039e-01	7.124736835973877191e-02	2.836709172300556220e-02	7.452059230876593998e-02
1.129135567867143209e+03	2.590854756318224372e-01	1.673207218082512493e-01	2.494002027414158607e-01	1.499429079760635497e-01	7.128356884215006350e-02	2.838701355474060328e-02	7.458010944534593234e-02
1.130586898931239830e+03	2.588664062477933903e-01	1.671782359811375684e-01	2.495522855501338400e-01	1.500369188857924307e-01	7.131970769637538399e-02	2.840690548510712427e-02	7.463954015344992365e-02
1.132038229995336451e+03	2.586477103741278705e-01	1.670359871678278596e-01	2.497040862880165746e-01	1.501307790400439601e-01	7.135578502803564815e-02	2.842676756326725090e-02	7.469888453847052523e-02
1.133489561059432845e+03	2.584293873812998910e-01	1.668939749648433724e-01	2.498556054907704604e-01	1.502244886762673648e-01	7.139180094257295550e-02	2.844659983830092817e-02	7.475814270573472031e-02
1.134940892123529466e+03	2.582114366408317929e-01	1.667521989694098206e-01	2.500068436930330540e-01	1.503180480315546852e-01	7.142775554525077064e-02	2.846640235920605902e-02	7.481731476050357266e-02
1.136392223187626087e+03	2.579938575252921917e-01	1.666106587794560501e-01	2.501578014283752371e-01	1.504114573426411916e-01	7.146364894115435351e-02	2.848617517489863277e-02	7.487640080797211550e-02
1.137843554251722708e+03	2.577766494082944226e-01	1.664693539936129008e-01	2.503084792293036043e-01	1.505047168459059670e-01	7.149948123519093979e-02	2.850591833421286386e-02	7.493540095326908790e-02
1.139294885315819101e+03	2.575598116644947089e-01	1.663282842112119297e-01	2.504588776272627104e-01	1.505978267773722679e-01	7.153525253209008783e-02	2.852563188590133067e-02	7.499431530145676816e-02
1.140746216379915950e+03	2.573433436695907184e-01	1.661874490322839404e-01	2.506089971526371807e-01	1.506907873727081071e-01	7.157096293640399787e-02	2.854531587863511424e-02	7.505314395753080736e-02
1.142197547444012343e+03	2.571272448003195099e-01	1.660468480575579275e-01	2.507588383347540972e-01	1.507835988672267535e-01	7.160661255250777568e-02	2.856497036100392323e-02	7.511188702641993786e-02
1.143648878508108737e+03	2.569115144344560897e-01	1.659064808884597453e-01	2.509084017018852197e-01	1.508762614958870096e-01	7.164220148459976567e-02	2.858459538151623611e-02	7.517054461298584844e-02
1.145100209572205586e+03	2.566961519508116352e-01	1.657663471271108580e-01	2.510576877812492613e-01	1.509687754932939885e-01	7.167772983670178677e-02	2.860419098859943998e-02	7.522911682202300387e-02
1.146551540636302207e+03	2.564811567292317740e-01	1.656264463763270078e-01	2.512066970990139980e-01	1.510611410936993082e-01	7.171319771265947940e-02	2.862375723059995547e-02	7.528760375825838125e-02
1.148002871700398828e+03	2.562665281505949189e-01	1.654867782396171882e-01	2.513554301802987112e-01	1.511533585310017302e-01	7.174860521614258302e-02	2.864329415578338242e-02	7.534600552635135895e-02
1.149454202764495449e+03	2.560522655968106021e-01	1.653473423211820614e-01	2.515038875491762971e-01	1.512454280387476035e-01	7.178395245064521368e-02	2.866280181233463176e-02	7.540432223089348074e-02
1.150905533828591842e+03	2.558383684508176992e-01	1.652081382259130149e-01	2.516520697286754316e-01	1.513373498501313363e-01	7.181923951948618323e-02	2.868228024835805384e-02	7.546255397640824758e-02
1.152356864892688463e+03	2.556248360965827637e-01	1.650691655593907459e-01	2.517999772407827352e-01	1.514291241979957847e-01	7.185446652580929072e-02	2.870172951187757726e-02	7.552070086735096499e-02
1.153808195956785084e+03	2.554116679190986394e-01	1.649304239278840400e-01	2.519476106064453269e-01	1.515207513148328911e-01	7.188963357258359999e-02	2.872114965083684066e-02	7.557876300810854875e-02
1.155259527020881706e+03	2.551988633043822396e-01	1.647919129383485504e-01	2.520949703455725999e-01	1.516122314327840725e-01	7.192474076260373106e-02	2.874054071309933150e-02	7.563674050299934448e-02
1.156710858084978327e+03	2.549864216394733263e-01	1.646536321984256035e-01	2.522420569770387755e-01	1.517035647836406376e-01	7.195978819849015162e-02	2.875990274644850755e-02	7.569463345627293338e-02
1.158162189149074720e+03	2.547743423124325113e-01	1.645155813164408676e-01	2.523888710186848461e-01	1.517947515988443408e-01	7.199477598268951006e-02	2.877923579858794947e-02	7.575244197210989627e-02
1.159613520213171569e+03	2.545626247123398689e-01	1.643777599014032142e-01	2.525354129873209619e-01	1.518857921094878549e-01	7.202970421747485752e-02	2.879853991714147188e-02	7.581016615462173036e-02
1.161064851277267962e+03	2.543512682292931593e-01	1.642401675630033586e-01	2.526816833987284294e-01	1.519766865463151595e-01	7.206457300494600871e-02	2.881781514965327251e-02	7.586780610785062717e-02
1.162516182341364356e+03	2.541402722544061077e-01	1.641028039116127490e-01	2.528276827676620431e-01	1.520674351397221513e-01	7.209938244702973620e-02	2.883706154358805368e-02	7.592536193576925052e-02
1.163967513405461204e+03	2.539296361798067392e-01	1.639656685582823736e-01	2.529734116078521389e-01	1.521580381197569221e-01	7.213413264548017290e-02	2.885627914633117144e-02	7.598283374228059772e-02
1.165418844469557826e+03	2.537193593986358242e-01	1.638287611147413447e-01	2.531188704320069816e-01	1.522484957161204522e-01	7.216882370187900630e-02	2.887546800518874315e-02	7.604022163121783306e-02
1.166870175533654447e+03	2.535094413050450468e-01	1.636920811933958442e-01	2.532640597518146519e-01	1.523388081581669162e-01	7.220345571763585324e-02	2.889462816738780360e-02	7.609752570634409352e-02
1.168321506597751068e+03	2.532998812941956723e-01	1.635556284073278743e-01	2.534089800779453228e-01	1.524289756749041824e-01	7.223802879398846799e-02	2.891375968007641600e-02	7.615474607135228058e-02
1.169772837661847461e+03	2.530906787622564380e-01	1.634194023702940368e-01	2.535536319200535904e-01	1.525189984949943400e-01	7.227254303200307539e-02	2.893286259032381430e-02	7.621188282986494922e-02
1.171224168725944082e+03	2.528818331064023317e-01	1.632834026967242280e-01	2.536980157867803065e-01	1.526088768467541712e-01	7.230699853257462062e-02	2.895193694512053842e-02	7.626893608543409975e-02
1.172675499790040703e+03	2.526733437248126490e-01	1.631476290017204733e-01	2.538421321857550761e-01	1.526986109581554563e-01	7.234139539642711614e-02	2.897098279137855920e-02	7.632590594154098351e-02
1.174126830854137097e+03	2.524652100166694946e-01	1.630120809010558447e-01	2.539859816235979784e-01	1.527882010568256954e-01	7.237573372411387762e-02	2.899000017593140674e-02	7.638279250159597800e-02
1.175578161918233945e+03	2.522574313821561165e-01	1.628767580111730728e-01	2.541295646059222313e-01	1.528776473700483585e-01	7.241001361601781539e-02	2.900898914553430574e-02	7.643959586893839253e-02
1.177029492982330339e+03	2.520500072224552413e-01	1.627416599491834370e-01	2.542728816373359124e-01	1.529669501247634400e-01	7.244423517235173970e-02	2.902794974686430732e-02	7.649631614683628789e-02
1.178480824046426733e+03	2.518429369397474638e-01	1.626067863328655716e-01	2.544159332214440128e-01	1.530561095475680145e-01	7.247839849315862448e-02	2.904688202652041043e-02	7.655295343848630973e-02
1.179932155110523581e+03	2.516362199372095820e-01	1.624721367806641337e-01	2.545587198608510460e-01	1.531451258647165414e-01	7.251250367831191257e-02	2.906578603102370761e-02	7.660950784701356375e-02
1.181383486174620202e+03	2.514298556190129319e-01	1.623377109116887484e-01	2.547012420571627134e-01	1.532339993021214208e-01	7.254655082751579331e-02	2.908466180681748905e-02	7.666597947547140746e-02
1.182834817238716823e+03	2.512238433903219437e-01	1.622035083457127880e-01	2.548435003109882913e-01	1.533227300853533537e-01	7.258054004030542461e-02	2.910350940026740565e-02	7.672236842684131142e-02
1.184286148302813444e+03	2.510181826572923103e-01	1.620695287031721221e-01	2.549854951219425736e-01	1.534113184396420082e-01	7.261447141604734923e-02	2.912232885766157311e-02	7.677867480403265110e-02
1.185737479366910065e+03	2.508128728270694330e-01	1.619357716051639251e-01	2.551272269886479815e-01	1.534997645898763807e-01	7.264834505393963360e-02	2.914112022521070725e-02	7.683489870988259585e-02
1.187188810431006686e+03	2.506079133077867005e-01	1.618022366734455375e-01	2.552686964087368393e-01	1.535880687606051287e-01	7.268216105301225638e-02	2.915988354904825233e-02	7.689104024715592844e-02
1.188640141495103080e+03	2.504033035085641568e-01	1.616689235304332728e-01	2.554099038788533171e-01	1.536762311760372646e-01	7.271591951212731664e-02	2.917861887523051992e-02	7.694709951854485086e-02
1.190091472559199701e+03	2.501990428395065580e-01	1.615358317992011961e-01	2.555508498946554297e-01	1.537642520600424056e-01	7.274962052997935302e-02	2.919732624973679982e-02	7.700307662666887321e-02
1.191542803623296322e+03	2.499951307117020682e-01	1.614029611034799305e-01	2.556915349508174229e-01	1.538521316361514124e-01	7.278326420509563521e-02	2.921600571846950933e-02	7.705897167407464721e-02
1.192994134687392716e+03	2.497915665372203164e-01	1.612703110676555196e-01	2.558319595410315506e-01	1.539398701275567494e-01	7.281685063583641371e-02	2.923465732725430075e-02	7.711478476323582743e-02
1.194445465751489564e+03	2.495883497291109809e-01	1.611378813167682333e-01	2.559721241580104056e-01	1.540274677571129291e-01	7.285037992039521126e-02	2.925328112184019669e-02	7.717051599655283534e-02
1.195896796815585958e+03	2.493854797014022073e-01	1.610056714765113473e-01	2.561120292934885856e-01	1.541149247473370676e-01	7.288385215679910045e-02	2.927187714789972542e-02	7.722616547635277606e-02
1.197348127879682352e+03	2.491829558690989155e-01	1.608736811732300320e-01	2.562516754382253015e-01	1.542022413204093001e-01	7.291726744290896733e-02	2.929044545102904226e-02	7.728173330488927184e-02
1.198799458943779200e+03	2.489807776481812729e-01	1.607419100339201601e-01	2.563910630820060432e-01	1.542894176981731980e-01	7.295062587641983065e-02	2.930898607674805451e-02	7.733721958434228161e-02
1.200250790007875821e+03	2.487789444556030294e-01	1.606103576862271398e-01	2.565301927136448001e-01	1.543764541021362402e-01	7.298392755486107775e-02	2.932749907050054977e-02	7.739262441681798999e-02
1.201702121071972442e+03	2.485774557092899906e-01	1.604790237584446666e-01	2.566690648209861147e-01	1.544633507534703409e-01	7.301717257559676988e-02	2.934598447765432438e-02	7.744794790434864074e-02
1.203153452136069063e+03	2.483763108281383802e-01	1.603479078795137236e-01	2.568076798909069702e-01	1.545501078730122380e-01	7.305036103582589202e-02	2.936444234350131174e-02	7.750319014889235636e-02
1.204604783200165684e+03	2.481755092320132028e-01	1.602170096790211939e-01	2.569460384093191774e-01	1.546367256812639923e-01	7.308349303258265817e-02	2.938287271325770028e-02	7.755835125233304095e-02
1.206056114264262078e+03	2.479750503417467722e-01	1.600863287871988894e-01	2.570841408611709289e-01	1.547232043983934047e-01	7.311656866273673339e-02	2.940127563206407571e-02	7.761343131648018590e-02
1.207507445328358699e+03	2.477749335791370189e-01	1.599558648349223566e-01	2.572219877304491864e-01	1.548095442442345149e-01	7.314958802299362239e-02	2.941965114498552858e-02	7.766843044306874499e-02
1.208958776392455093e+03	2.475751583669459910e-01	1.598256174537096563e-01	2.573595795001817343e-01	1.548957454382880183e-01	7.318255120989480833e-02	2.943799929701178958e-02	7.772334873375899567e-02
1.210410107456551941e+03	2.473757241288981890e-01	1.596955862757201972e-01	2.574969166524389563e-01	1.549818081997217656e-01	7.321545831981812746e-02	2.945632013305735791e-02	7.777818629013638629e-02
1.211861438520648335e+03	2.471766302896790668e-01	1.595657709337536811e-01	2.576339996683361111e-01	1.550677327473712064e-01	7.324830944897797735e-02	2.947461369796162273e-02	7.783294321371138358e-02
1.213312769584745183e+03	2.469778762749334222e-01	1.594361710612488547e-01	2.577708290280350534e-01	1.551535192997397505e-01	7.328110469342562217e-02	2.949288003648898107e-02	7.788761960591934763e-02
1.214764100648841804e+03	2.467794615112638423e-01	1.593067862922824540e-01	2.579074052107465098e-01	1.552391680749994340e-01	7.331384414904947022e-02	2.951111919332898015e-02	7.794221556812036544e-02
1.216215431712937971e+03	2.465813854262290938e-01	1.591776162615679280e-01	2.580437286947320774e-01	1.553246792909911411e-01	7.334652791157532381e-02	2.952933121309642139e-02	7.799673120159912598e-02
1.217666762777034819e+03	2.463836474483425409e-01	1.590486606044544393e-01	2.581797999573059443e-01	1.554100531652252148e-01	7.337915607656669836e-02	2.954751614033150273e-02	7.805116660756478142e-02
1.219118093841131440e+03	2.461862470070706743e-01	1.589199189569255877e-01	2.583156194748372769e-01	1.554952899148818735e-01	7.341172873942501675e-02	2.956567401949993304e-02	7.810552188715080835e-02
1.220569424905228061e+03	2.459891835328315290e-01	1.587913909555983549e-01	2.584511877227518295e-01	1.555803897568115990e-01	7.344424599538997012e-02	2.958380489499306057e-02	7.815979714141486900e-02
1.222020755969324682e+03	2.457924564569929637e-01	1.586630762377219672e-01	2.585865051755342758e-01	1.556653529075356368e-01	7.347670793953972601e-02	2.960190881112799779e-02	7.821399247133867250e-02
1.223472087033421303e+03	2.455960652118712728e-01	1.585349744411767015e-01	2.587215723067300410e-01	1.557501795832464953e-01	7.350911466679119211e-02	2.961998581214773593e-02	7.826810797782783602e-02
1.224923418097517697e+03	2.454000092307296321e-01	1.584070852044728583e-01	2.588563895889471334e-01	1.558348699998083342e-01	7.354146627190033536e-02	2.963803594222127677e-02	7.832214376171174608e-02
1.226374749161614318e+03	2.452042879477764614e-01	1.582794081667494579e-01	2.589909574938583647e-01	1.559194243727574369e-01	7.357376284946241796e-02	2.965605924544375757e-02	7.837609992374343360e-02
1.227826080225710712e+03	2.450089007981638978e-01	1.581519429677732957e-01	2.591252764922032381e-01	1.560038429173026542e-01	7.360600449391228872e-02	2.967405576583657251e-02	7.842997656459944900e-02
1.229277411289807560e+03	2.448138472179862690e-01	1.580246892479376664e-01	2.592593470537898348e-01	1.560881258483258205e-01	7.363819129952461906e-02	2.969202554734749408e-02	7.848377378487969569e-02
1.230728742353903954e+03	2.446191266442785395e-01	1.578976466482613639e-01	2.593931696474968129e-01	1.561722733803823371e-01	7.367032336041419438e-02	2.970996863385078762e-02	7.853749168510736067e-02
1.232180073418000802e+03	2.444247385150148111e-01	1.577708148103874608e-01	2.595267447412755168e-01	1.562562857277013939e-01	7.370240077053619165e-02	2.972788506914735007e-02	7.859113036572873412e-02
1.233631404482097196e+03	2.442306822691066304e-01	1.576441933765821979e-01	2.596600728021516979e-01	1.563401631041866358e-01	7.373442362368642922e-02	2.974577489696482099e-02	7.864468992711308448e-02
1.235082735546193817e+03	2.440369573464016562e-01	1.575177819897339015e-01	2.597931542962275686e-01	1.564239057234165786e-01	7.376639201350160269e-02	2.976363816095770748e-02	7.869817046955250583e-02
1.236534066610290438e+03	2.438435631876819387e-01	1.573915802933518737e-01	2.599259896886838006e-01	1.565075137986448872e-01	7.379830603345961804e-02	2.978147490470750905e-02	7.875157209326189012e-02
1.237985397674387059e+03	2.436504992346625875e-01	1.572655879315652816e-01	2.600585794437813014e-01	1.565909875428009856e-01	7.383016577687982751e-02	2.979928517172283214e-02	7.880489489837867734e-02
1.239436728738483680e+03	2.434577649299900504e-01	1.571398045491219919e-01	2.601909240248633237e-01	1.566743271684904459e-01	7.386197133692329331e-02	2.981706900543952543e-02	7.885813898496282781e-02
1.240888059802580301e+03	2.432653597172406423e-01	1.570142297913874885e-01	2.603230238943574637e-01	1.567575328879954877e-01	7.389372280659302350e-02	2.983482644922078042e-02	7.891130445299662788e-02
1.242339390866676695e+03	2.430732830409191025e-01	1.568888633043437342e-01	2.604548795137771044e-01	1.568406049132753666e-01	7.392542027873429122e-02	2.985255754635727371e-02	7.896439140238460663e-02
1.243790721930773088e+03	2.428815343464569565e-01	1.567637047345881440e-01	2.605864913437240804e-01	1.569235434559668185e-01	7.395706384603487060e-02	2.987026234006726760e-02	7.901739993295341102e-02
1.245242052994869937e+03	2.426901130802110729e-01	1.566387537293324195e-01	2.607178598438898987e-01	1.570063487273845038e-01	7.398865360102528654e-02	2.988794087349675235e-02	7.907033014445165320e-02
1.246693384058966330e+03	2.424990186894620814e-01	1.565140099364014659e-01	2.608489854730580704e-01	1.570890209385215341e-01	7.402018963607910618e-02	2.990559318971955372e-02	7.912318213654982724e-02
1.248144715123063179e+03	2.423082506224129018e-01	1.563894730042322545e-01	2.609798686891058872e-01	1.571715603000497508e-01	7.405167204341320253e-02	2.992321933173744744e-02	7.917595600884017037e-02
1.249596046187159800e+03	2.421178083281872451e-01	1.562651425818727680e-01	2.611105099490063641e-01	1.572539670223203900e-01	7.408310091508796269e-02	2.994081934248029458e-02	7.922865186083656586e-02
1.251047377251256421e+03	2.419276912568281146e-01	1.561410183189808898e-01	2.612409097088301269e-01	1.573362413153643613e-01	7.411447634300763476e-02	2.995839326480615600e-02	7.928126979197437640e-02
1.252498708315352815e+03	2.417378988592961686e-01	1.560170998658232944e-01	2.613710684237472437e-01	1.574183833888926909e-01	7.414579841892053602e-02	2.997594114150139988e-02	7.933380990161036095e-02
1.253950039379449436e+03	2.415484305874683046e-01	1.558933868732743644e-01	2.615009865480292239e-01	1.575003934522970772e-01	7.417706723441930272e-02	2.999346301528084402e-02	7.938627228902257749e-02
1.255401370443546057e+03	2.413592858941362995e-01	1.557698789928151639e-01	2.616306645350506832e-01	1.575822717146502239e-01	7.420828288094119540e-02	3.001095892878785296e-02	7.943865705341021655e-02
1.256852701507642678e+03	2.411704642330050052e-01	1.556465758765322449e-01	2.617601028372917860e-01	1.576640183847063115e-01	7.423944544976833482e-02	3.002842892459447327e-02	7.949096429389353180e-02
1.258304032571739299e+03	2.409819650586911000e-01	1.555234771771166480e-01	2.618893019063393002e-01	1.577456336709014972e-01	7.427055503202793785e-02	3.004587304520154115e-02	7.954319410951371516e-02
1.259755363635835920e+03	2.407937878267214504e-01	1.554005825478627090e-01	2.620182621928890954e-01	1.578271177813542203e-01	7.430161171869265058e-02	3.006329133303881074e-02	7.959534659923277189e-02
1.261206694699932314e+03	2.406059319935316965e-01	1.552778916426670874e-01	2.621469841467479189e-01	1.579084709238658402e-01	7.433261560058070094e-02	3.008068383046506172e-02	7.964742186193340956e-02
1.262658025764028707e+03	2.404183970164647244e-01	1.551554041160276842e-01	2.622754682168350060e-01	1.579896933059209141e-01	7.436356676835623181e-02	3.009805057976822767e-02	7.969941999641892705e-02
1.264109356828125556e+03	2.402311823537691682e-01	1.550331196230425035e-01	2.624037148511841888e-01	1.580707851346876414e-01	7.439446531252957850e-02	3.011539162316551749e-02	7.975134110141313126e-02
1.265560687892221949e+03	2.400442874645979385e-01	1.549110378194085424e-01	2.625317244969457287e-01	1.581517466170184183e-01	7.442531132345743539e-02	3.013270700280351599e-02	7.980318527556021224e-02
1.267012018956318798e+03	2.398577118090067239e-01	1.547891583614208477e-01	2.626594976003879256e-01	1.582325779594501713e-01	7.445610489134321663e-02	3.014999676075830887e-02	7.985495261742459050e-02
1.268463350020415419e+03	2.396714548479525475e-01	1.546674809059713218e-01	2.627870346068993390e-01	1.583132793682048289e-01	7.448684610623725055e-02	3.016726093903561792e-02	7.990664322549088927e-02
1.269914681084511813e+03	2.394855160432922681e-01	1.545460051105477517e-01	2.629143359609903419e-01	1.583938510491897655e-01	7.451753505803702937e-02	3.018449957957089133e-02	7.995825719816378185e-02
1.271366012148608434e+03	2.392998948577810536e-01	1.544247306332326153e-01	2.630414021062951191e-01	1.584742932079982458e-01	7.454817183648750067e-02	3.020171272422943545e-02	8.000979463376786671e-02
1.272817343212705055e+03	2.391145907550709659e-01	1.543036571327021933e-01	2.631682334855734440e-01	1.585546060499097853e-01	7.457875653118133108e-02	3.021890041480653974e-02	8.006125563054761196e-02
1.274268674276801676e+03	2.389296031997094893e-01	1.541827842682252925e-01	2.632948305407125100e-01	1.586347897798907336e-01	7.460928923155910053e-02	3.023606269302757041e-02	8.011264028666721659e-02
1.275720005340898297e+03	2.387449316571379765e-01	1.540621116996623852e-01	2.634211937127287628e-01	1.587148446025945792e-01	7.463977002690962148e-02	3.025319960054810575e-02	8.016394870021054109e-02
1.277171336404994690e+03	2.385605755936902883e-01	1.539416390874644158e-01	2.635473234417697874e-01	1.587947707223624216e-01	7.467019900637014707e-02	3.027031117895404716e-02	8.021518096918094087e-02
1.278622667469091539e+03	2.383765344765912397e-01	1.538213660926717741e-01	2.636732201671159737e-01	1.588745683432234157e-01	7.470057625892664865e-02	3.028739746976173708e-02	8.026633719150123858e-02
1.280073998533187932e+03	2.381928077739552674e-01	1.537012923769132677e-01	2.637988843271825146e-01	1.589542376688952430e-01	7.473090187341407953e-02	3.030445851441807004e-02	8.031741746501358525e-02
1.281525329597284326e+03	2.380093949547847365e-01	1.535814176024050681e-01	2.639243163595211827e-01	1.590337789027844451e-01	7.476117593851662468e-02	3.032149435430061060e-02	8.036842188747936322e-02
1.282976660661381175e+03	2.378262954889687752e-01	1.534617414319495998e-01	2.640495167008219402e-01	1.591131922479869787e-01	7.479139854276790900e-02	3.033850503071771482e-02	8.041935055657908893e-02
1.284427991725477568e+03	2.376435088472815260e-01	1.533422635289345970e-01	2.641744857869151031e-01	1.591924779072885210e-01	7.482156977455130253e-02	3.035549058490863775e-02	8.047020356991232970e-02
1.285879322789574417e+03	2.374610345013809520e-01	1.532229835573319376e-01	2.642992240527727299e-01	1.592716360831650246e-01	7.485168972210015648e-02	3.037245105804364451e-02	8.052098102499757881e-02
1.287330653853671038e+03	2.372788719238071720e-01	1.531039011816966722e-01	2.644237319325107305e-01	1.593506669777830231e-01	7.488175847349803904e-02	3.038938649122414556e-02	8.057168301927217224e-02
1.288781984917767431e+03	2.370970205879811554e-01	1.529850160671659409e-01	2.645480098593906981e-01	1.594295707930002415e-01	7.491177611667902692e-02	3.040629692548279042e-02	8.062230965009219152e-02
1.290233315981864052e+03	2.369154799682031687e-01	1.528663278794579750e-01	2.646720582658212972e-01	1.595083477303657904e-01	7.494174273942787179e-02	3.042318240178359945e-02	8.067286101473238047e-02
