1.001418434226643626e+03	2.798896512984848095e-01	1.808573502998064020e-01	2.348534696852008496e-01	1.410459584819870327e-01	6.783947799440451232e-02	2.651614535216761936e-02	6.899794688773415452e-02
1.003837319333471214e+03	2.794655275852602205e-01	1.805827327948587302e-01	2.351519975000729568e-01	1.412260514955087920e-01	6.790912106590912822e-02	2.655418764850141222e-02	6.911038190967415396e-02
1.006256204440298802e+03	2.790426069290702915e-01	1.803088782610480778e-01	2.354496005796465063e-01	1.414056625959695668e-01	6.797856312161219827e-02	2.659213670264785542e-02	6.922255180979090816e-02
1.008675089547126618e+03	2.786208859558649276e-01	1.800357845283421798e-01	2.357462818696961504e-01	1.415847930515523045e-01	6.804780474196829576e-02	2.662999276355479047e-02	6.933445708880676961e-02
1.011093974653954206e+03	2.782003613009373932e-01	1.797634494330470067e-01	2.360420443061010953e-01	1.417634441272524748e-01	6.811684650578447853e-02	2.666775607948854154e-02	6.944609824717438984e-02
1.013512859760782021e+03	2.777810296088989439e-01	1.794918708177878630e-01	2.363368908148807679e-01	1.419416170848850078e-01	6.818568899022486862e-02	2.670542689803581671e-02	6.955747578507213980e-02
1.015931744867609382e+03	2.773628875336534572e-01	1.792210465314899026e-01	2.366308243122300092e-01	1.421193131830916778e-01	6.825433277081524586e-02	2.674300546610555024e-02	6.966859020239957179e-02
1.018350629974437197e+03	2.769459317383723418e-01	1.789509744293592830e-01	2.369238477045544633e-01	1.422965336773480138e-01	6.832277842144764135e-02	2.678049202993077957e-02	6.977944199877292308e-02
1.020769515081264785e+03	2.765301588954692247e-01	1.786816523728640416e-01	2.372159638885057154e-01	1.424732798199705164e-01	6.839102651438486169e-02	2.681788683507048757e-02	6.989003167352059176e-02
1.023188400188092373e+03	2.761155656865748598e-01	1.784130782297152773e-01	2.375071757510163195e-01	1.426495528601237350e-01	6.845907762026506860e-02	2.685519012641145870e-02	7.000035972567877907e-02
1.025607285294920075e+03	2.757021488025120370e-01	1.781452498738481105e-01	2.377974861693345210e-01	1.428253540438274016e-01	6.852693230810630309e-02	2.689240214817011088e-02	7.011042665398700691e-02
1.028026170401747549e+03	2.752899049432707690e-01	1.778781651854029200e-01	2.380868980110591449e-01	1.430006846139634524e-01	6.859459114531099577e-02	2.692952314389435511e-02	7.022023295688387123e-02
1.030445055508575479e+03	2.748788308179831441e-01	1.776118220507065804e-01	2.383754141341740407e-01	1.431755458102831891e-01	6.866205469767051872e-02	2.696655335646541349e-02	7.032977913250261504e-02
1.032863940615402726e+03	2.744689231448987354e-01	1.773462183622536992e-01	2.386630373870826938e-01	1.433499388694141619e-01	6.872932352936962641e-02	2.700349302809964408e-02	7.043906567866689561e-02
1.035282825722230655e+03	2.740601786513595095e-01	1.770813520186881318e-01	2.389497706086424478e-01	1.435238650248673864e-01	6.879639820299097985e-02	2.704034240035039366e-02	7.054809309288656571e-02
1.037701710829058356e+03	2.736525940737753460e-01	1.768172209247841631e-01	2.392356166281987273e-01	1.436973255070443378e-01	6.886327927951961525e-02	2.707710171410978445e-02	7.065686187235339921e-02
1.040120595935886058e+03	2.732461661575992795e-01	1.765538229914281054e-01	2.395205782656191773e-01	1.438703215432439453e-01	6.892996731834739876e-02	2.711377120961053905e-02	7.076537251393695549e-02
1.042539481042713533e+03	2.728408916573029641e-01	1.762911561355997858e-01	2.398046583313273583e-01	1.440428543576696141e-01	6.899646287727745353e-02	2.715035112642780538e-02	7.087362551418041612e-02
1.044958366149541234e+03	2.724367673363520259e-01	1.760292182803540884e-01	2.400878596263369136e-01	1.442149251714361646e-01	6.906276651252866994e-02	2.718684170348093995e-02	7.098162136929651866e-02
1.047377251256368709e+03	2.720337899671818049e-01	1.757680073548027466e-01	2.403701849422849035e-01	1.443865352025769933e-01	6.912887877874004938e-02	2.722324317903531896e-02	7.108936057516343499e-02
1.049796136363196410e+03	2.716319563311728746e-01	1.755075212940958862e-01	2.406516370614656120e-01	1.445576856660508169e-01	6.919480022897514515e-02	2.725955579070412846e-02	7.119684362732077443e-02
1.052215021470024112e+03	2.712312632186265060e-01	1.752477580394038725e-01	2.409322187568637419e-01	1.447283777737488897e-01	6.926053141472650332e-02	2.729577977545015813e-02	7.130407102096558702e-02
1.054633906576851814e+03	2.708317074287406867e-01	1.749887155378990478e-01	2.412119327921878609e-01	1.448986127345017749e-01	6.932607288591996486e-02	2.733191536958758452e-02	7.141104325094838057e-02
1.057052791683679516e+03	2.704332857695857517e-01	1.747303917427376896e-01	2.414907819219034579e-01	1.450683917540863677e-01	6.939142519091913430e-02	2.736796280878374746e-02	7.151776081176919320e-02
1.059471676790506763e+03	2.700359950580802915e-01	1.744727846130419147e-01	2.417687688912660837e-01	1.452377160352327501e-01	6.945658887652968183e-02	2.740392232806093328e-02	7.162422419757369374e-02
1.061890561897334692e+03	2.696398321199670600e-01	1.742158921138816374e-01	2.420458964363541021e-01	1.454065867776312970e-01	6.952156448800371480e-02	2.743979416179814432e-02	7.173043390214936532e-02
1.064309447004162394e+03	2.692447937897890498e-01	1.739597122162566678e-01	2.423221672841016638e-01	1.455750051779393373e-01	6.958635256904410760e-02	2.747557854373285438e-02	7.183639041892160571e-02
1.066728332110990095e+03	2.688508769108654550e-01	1.737042428970787533e-01	2.425975841523311527e-01	1.457429724297882312e-01	6.965095366180891479e-02	2.751127570696277821e-02	7.194209424094999417e-02
1.069147217217817570e+03	2.684580783352678024e-01	1.734494821391537878e-01	2.428721497497859372e-01	1.459104897237902265e-01	6.971536830691553444e-02	2.754688588394763743e-02	7.204754586092447510e-02
1.071566102324645271e+03	2.680663949237958588e-01	1.731954279311639922e-01	2.431458667761625114e-01	1.460775582475452583e-01	6.977959704344513514e-02	2.758240930651088829e-02	7.215274577116169430e-02
1.073984987431472746e+03	2.676758235459545388e-01	1.729420782676502066e-01	2.434187379221430247e-01	1.462441791856479156e-01	6.984364040894691650e-02	2.761784620584148073e-02	7.225769446360127968e-02
1.076403872538300675e+03	2.672863610799294798e-01	1.726894311489942657e-01	2.436907658694272560e-01	1.464103537196942417e-01	6.990749893944235571e-02	2.765319681249561040e-02	7.236239242980213593e-02
1.078822757645127922e+03	2.668980044125639495e-01	1.724374845814012625e-01	2.439619532907647548e-01	1.465760830282885341e-01	6.997117316942953746e-02	2.768846135639844649e-02	7.246684016093887792e-02
1.081241642751955851e+03	2.665107504393348647e-01	1.721862365768821179e-01	2.442323028499866489e-01	1.467413682870502556e-01	7.003466363188735888e-02	2.772364006684584908e-02	7.257103814779819473e-02
1.083660527858783553e+03	2.661245960643295883e-01	1.719356851532360397e-01	2.445018172020376190e-01	1.469062106686208069e-01	7.009797085827981777e-02	2.775873317250612815e-02	7.267498688077532465e-02
1.086079412965611255e+03	2.657395382002222251e-01	1.716858283340329527e-01	2.447704989930073738e-01	1.470706113426704098e-01	7.016109537856020373e-02	2.779374090142174361e-02	7.277868684987044701e-02
1.088498298072438729e+03	2.653555737682504190e-01	1.714366641485963183e-01	2.450383508601621796e-01	1.472345714759047131e-01	7.022403772117535858e-02	2.782866348101102616e-02	7.288213854468530983e-02
1.090917183179266431e+03	2.649726996981919824e-01	1.711881906319856206e-01	2.453053754319765578e-01	1.473980922320717868e-01	7.028679841306988141e-02	2.786350113806990852e-02	7.298534245441962165e-02
1.093336068286093905e+03	2.645909129283415817e-01	1.709404058249791303e-01	2.455715753281642044e-01	1.475611747719687561e-01	7.034937797969030571e-02	2.789825409877360815e-02	7.308829906786772079e-02
1.095754953392921607e+03	2.642102104054875333e-01	1.706933077740567239e-01	2.458369531597094926e-01	1.477238202534487121e-01	7.041177694498933215e-02	2.793292258867835498e-02	7.319100887341509210e-02
1.098173838499749309e+03	2.638305890848887669e-01	1.704468945313826755e-01	2.461015115288983646e-01	1.478860298314272903e-01	7.047399583142993640e-02	2.796750683272307067e-02	7.329347235903506397e-02
1.100592723606577010e+03	2.634520459302516771e-01	1.702011641547885590e-01	2.463652530293493348e-01	1.480478046578894979e-01	7.053603515998962958e-02	2.800200705523107902e-02	7.339569001228539447e-02
1.103011608713404712e+03	2.630745779137069751e-01	1.699561147077560952e-01	2.466281802460442985e-01	1.482091458818964036e-01	7.059789545016453838e-02	2.803642347991179909e-02	7.349766232030501001e-02
1.105430493820231959e+03	2.626981820157870406e-01	1.697117442594002212e-01	2.468902957553592570e-01	1.483700546495919093e-01	7.065957721997352670e-02	2.807075632986241048e-02	7.359938976981068859e-02
1.107849378927059888e+03	2.623228552254026624e-01	1.694680508844521594e-01	2.471516021250949602e-01	1.485305321042094395e-01	7.072108098596242842e-02	2.810500582756956384e-02	7.370087284709385400e-02
1.110268264033887590e+03	2.619485945398203897e-01	1.692250326632424029e-01	2.474121019145072709e-01	1.486905793860785752e-01	7.078240726320805809e-02	2.813917219491102878e-02	7.380211203801731457e-02
1.112687149140715292e+03	2.615753969646398280e-01	1.689826876816839796e-01	2.476717976743375849e-01	1.488501976326317700e-01	7.084355656532241585e-02	2.817325565315738356e-02	7.390310782801204348e-02
1.115106034247542766e+03	2.612032595137708246e-01	1.687410140312555484e-01	2.479306919468430848e-01	1.490093879784110398e-01	7.090452940445673979e-02	2.820725642297368038e-02	7.400386070207411182e-02
1.117524919354370468e+03	2.608321792094107083e-01	1.685000098089847187e-01	2.481887872658268823e-01	1.491681515550746517e-01	7.096532629130554437e-02	2.824117472442111074e-02	7.410437114476144116e-02
1.119943804461197942e+03	2.604621530820218078e-01	1.682596731174313409e-01	2.484460861566679946e-01	1.493264894914036189e-01	7.102594773511076987e-02	2.827501077695864992e-02	7.420463964019079206e-02
1.122362689568025871e+03	2.600931781703091361e-01	1.680200020646709091e-01	2.487025911363512365e-01	1.494844029133085284e-01	7.108639424366582082e-02	2.830876479944473625e-02	7.430466667203465547e-02
1.124781574674853118e+03	2.597252515211973534e-01	1.677809947642778798e-01	2.489583047134970584e-01	1.496418929438360357e-01	7.114666632331963225e-02	2.834243701013889130e-02	7.440445272351818573e-02
1.127200459781681047e+03	2.593583701898088401e-01	1.675426493353092128e-01	2.492132293883911887e-01	1.497989607031755266e-01	7.120676447898068029e-02	2.837602762670339215e-02	7.450399827741620296e-02
1.129619344888508749e+03	2.589925312394412149e-01	1.673049639022878565e-01	2.494673676530141937e-01	1.499556073086656671e-01	7.126668921412100677e-02	2.840953686620488819e-02	7.460330381605026484e-02
1.132038229995336451e+03	2.586277317415449084e-01	1.670679365951862894e-01	2.497207219910708709e-01	1.501118338748011205e-01	7.132644103078028541e-02	2.844296494511606294e-02	7.470236982128557190e-02
1.134457115102163925e+03	2.582639687757010138e-01	1.668315655494102268e-01	2.499732948780197250e-01	1.502676415132389587e-01	7.138602042956980476e-02	2.847631207931724043e-02	7.480119677452816418e-02
1.136876000208991627e+03	2.579012394295991384e-01	1.665958489057821623e-01	2.502250887811020563e-01	1.504230313328052682e-01	7.144542790967647883e-02	2.850957848409802972e-02	7.489978515672196524e-02
1.139294885315819101e+03	2.575395407990152541e-01	1.663607848105252696e-01	2.504761061593711036e-01	1.505780044395018669e-01	7.150466396886678844e-02	2.854276437415894513e-02	7.499813544834586787e-02
1.141713770422646803e+03	2.571788699877895490e-01	1.661263714152469428e-01	2.507263494637210766e-01	1.507325619365126324e-01	7.156372910349081962e-02	2.857586996361301257e-02	7.509624812941100014e-02
1.144132655529474505e+03	2.568192241078046112e-01	1.658926068769228657e-01	2.509758211369160219e-01	1.508867049242101077e-01	7.162262380848616328e-02	2.860889546598740021e-02	7.519412367945781106e-02
1.146551540636302207e+03	2.564606002789632244e-01	1.656594893578807737e-01	2.512245236136186333e-01	1.510404345001620796e-01	7.168134857738193977e-02	2.864184109422502136e-02	7.529176257755330892e-02
1.148970425743129908e+03	2.561029956291666632e-01	1.654270170257843009e-01	2.514724593204188396e-01	1.511937517591380453e-01	7.173990390230267078e-02	2.867470706068613734e-02	7.538916530228828572e-02
1.151389310849957155e+03	2.557464072942927658e-01	1.651951880536170758e-01	2.517196306758625601e-01	1.513466577931156243e-01	7.179829027397229002e-02	2.870749357714996730e-02	7.548633233177458324e-02
1.153808195956785084e+03	2.553908324181742850e-01	1.649640006196667341e-01	2.519660400904799591e-01	1.514991536912872194e-01	7.185650818171797349e-02	2.874020085481626338e-02	7.558326414364242851e-02
1.156227081063612786e+03	2.550362681525770725e-01	1.647334529075089038e-01	2.522116899668137568e-01	1.516512405400663177e-01	7.191455811347412241e-02	2.877282910430693091e-02	7.567996121503765827e-02
1.158645966170440488e+03	2.546827116571784289e-01	1.645035431059915232e-01	2.524565826994477624e-01	1.518029194230940404e-01	7.197244055578622124e-02	2.880537853566760356e-02	7.577642402261916543e-02
1.161064851277267962e+03	2.543301600995454548e-01	1.642742694092187705e-01	2.527007206750346846e-01	1.519541914212456102e-01	7.203015599381476508e-02	2.883784935836921845e-02	7.587265304255617904e-02
1.163483736384095664e+03	2.539786106551136791e-01	1.640456300165355208e-01	2.529441062723243316e-01	1.521050576126367071e-01	7.208770491133907610e-02	2.887024178130961211e-02	7.596864875052573851e-02
1.165902621490923138e+03	2.536280605071652983e-01	1.638176231325114696e-01	2.531867418621915333e-01	1.522555190726299912e-01	7.214508779076127254e-02	2.890255601281507825e-02	7.606441162171004300e-02
1.168321506597751068e+03	2.532785068468080825e-01	1.635902469669255066e-01	2.534286298076638966e-01	1.524055768738414307e-01	7.220230511311000188e-02	2.893479226064195678e-02	7.615994213079395336e-02
1.170740391704578315e+03	2.529299468729535594e-01	1.633634997347500895e-01	2.536697724639493390e-01	1.525552320861467970e-01	7.225935735804435434e-02	2.896695073197818465e-02	7.625524075196246643e-02
1.173159276811406244e+03	2.525823777922963087e-01	1.631373796561357281e-01	2.539101721784640109e-01	1.527044857766879649e-01	7.231624500385773480e-02	2.899903163344486751e-02	7.635030795889813371e-02
1.175578161918233945e+03	2.522357968192920907e-01	1.629118849563953586e-01	2.541498312908597179e-01	1.528533390098793798e-01	7.237296852748160980e-02	2.903103517109783746e-02	7.644514422477871607e-02
1.177997047025061647e+03	2.518902011761369741e-01	1.626870138659889664e-01	2.543887521330511770e-01	1.530017928474143030e-01	7.242952840448937946e-02	2.906296155042919702e-02	7.653975002227463020e-02
1.180415932131889122e+03	2.515455880927461862e-01	1.624627646205080433e-01	2.546269370292433831e-01	1.531498483482713335e-01	7.248592510910013831e-02	2.909481097636888378e-02	7.663412582354658942e-02
1.182834817238716823e+03	2.512019548067329078e-01	1.622391354606602942e-01	2.548643882959589213e-01	1.532975065687205984e-01	7.254215911418250562e-02	2.912658365328620047e-02	7.672827210024314726e-02
1.185253702345544298e+03	2.508592985633872896e-01	1.620161246322543158e-01	2.551011082420646670e-01	1.534447685623301916e-01	7.259823089125838624e-02	2.915827978499135886e-02	7.682218932349835216e-02
1.187672587452371999e+03	2.505176166156554141e-01	1.617937303861842480e-01	2.553370991687992086e-01	1.535916353799725020e-01	7.265414091050674539e-02	2.918989957473702712e-02	7.691587796392942988e-02
1.190091472559199701e+03	2.501769062241185337e-01	1.615719509784145080e-01	2.555723633697994934e-01	1.537381080698304314e-01	7.270988964076741112e-02	2.922144322521985985e-02	7.700933849163438261e-02
1.192510357666027403e+03	2.498371646569720050e-01	1.613507846699647474e-01	2.558069031311275832e-01	1.538841876774037221e-01	7.276547754954475200e-02	2.925291093858201422e-02	7.710257137618976853e-02
1.194929242772855105e+03	2.494983891900046657e-01	1.611302297268946138e-01	2.560407207312974665e-01	1.540298752455153686e-01	7.282090510301146569e-02	2.928430291641269043e-02	7.719557708664837037e-02
1.197348127879682352e+03	2.491605771065778241e-01	1.609102844202885685e-01	2.562738184413015929e-01	1.541751718143176964e-01	7.287617276601233984e-02	2.931561935974964089e-02	7.728835609153694719e-02
1.199767012986510281e+03	2.488237256976048584e-01	1.606909470262410933e-01	2.565061985246372411e-01	1.543200784212988008e-01	7.293128100206788811e-02	2.934686046908068641e-02	7.738090885885406944e-02
1.202185898093337983e+03	2.484878322615303448e-01	1.604722158258414244e-01	2.567378632373330527e-01	1.544645961012887092e-01	7.298623027337815261e-02	2.937802644434523228e-02	7.747323585606781526e-02
1.204604783200165684e+03	2.481528941043095460e-01	1.602540891051587868e-01	2.569688148279750672e-01	1.546087258864655978e-01	7.304102104082633995e-02	2.940911748493577754e-02	7.756533755011366105e-02
1.207023668306993159e+03	2.478189085393878999e-01	1.600365651552273505e-01	2.571990555377331455e-01	1.547524688063620923e-01	7.309565376398254044e-02	2.944013378969941724e-02	7.765721440739228876e-02
1.209442553413820860e+03	2.474858728876805081e-01	1.598196422720314647e-01	2.574285876003870599e-01	1.548958258878715133e-01	7.315012890110739185e-02	2.947107555693933775e-02	7.774886689376747650e-02
1.211861438520648335e+03	2.471537844775517079e-01	1.596033187564908085e-01	2.576574132423521402e-01	1.550387981552539818e-01	7.320444690915579866e-02	2.950194298441631557e-02	7.784029547456397524e-02
1.214280323627476264e+03	2.468226406447946442e-01	1.593875929144456249e-01	2.578855346827056416e-01	1.551813866301426370e-01	7.325860824378051250e-02	2.953273626935020921e-02	7.793150061456542710e-02
1.216699208734303511e+03	2.464924387326110633e-01	1.591724630566421217e-01	2.581129541332120580e-01	1.553235923315499367e-01	7.331261335933582368e-02	2.956345560842144754e-02	7.802248277801229759e-02
1.219118093841131440e+03	2.461631760915909406e-01	1.589579274987175106e-01	2.583396737983491009e-01	1.554654162758736802e-01	7.336646270888122490e-02	2.959410119777251130e-02	7.811324242859978007e-02
1.221536978947959142e+03	2.458348500796923575e-01	1.587439845611856581e-01	2.585656958753331791e-01	1.556068594769032254e-01	7.342015674418501947e-02	2.962467323300940758e-02	7.820378002947589446e-02
1.223955864054786844e+03	2.455074580622212677e-01	1.585306325694224305e-01	2.587910225541449338e-01	1.557479229458257064e-01	7.347369591572791570e-02	2.965517190920315474e-02	7.829409604323939176e-02
1.226374749161614318e+03	2.451809974118114022e-01	1.583178698536510942e-01	2.590156560175544964e-01	1.558886076912320284e-01	7.352708067270667669e-02	2.968559742089125000e-02	7.838419093193776943e-02
1.228793634268442020e+03	2.448554655084042853e-01	1.581056947489278275e-01	2.592395984411471344e-01	1.560289147191231407e-01	7.358031146303771475e-02	2.971594996207913009e-02	7.847406515706543961e-02
1.231212519375269494e+03	2.445308597392291394e-01	1.578941055951273709e-01	2.594628519933481203e-01	1.561688450329160593e-01	7.363338873336067181e-02	2.974622972624164571e-02	7.856371917956164741e-02
1.233631404482097196e+03	2.442071774987830679e-01	1.576831007369285109e-01	2.596854188354478232e-01	1.563083996334500292e-01	7.368631292904197216e-02	2.977643690632450837e-02	7.865315345980868067e-02
1.236050289588924898e+03	2.438844161888110429e-01	1.574726785237998417e-01	2.599073011216271323e-01	1.564475795189926022e-01	7.373908449417845845e-02	2.980657169474575791e-02	7.874236845762989934e-02
1.238469174695752372e+03	2.435625732182860881e-01	1.572628373099853039e-01	2.601285009989817154e-01	1.565863856852456326e-01	7.379170387160086109e-02	2.983663428339720231e-02	7.883136463228793134e-02
1.240888059802580301e+03	2.432416460033895445e-01	1.570535754544900853e-01	2.603490206075474989e-01	1.567248191253514666e-01	7.384417150287746201e-02	2.986662486364588184e-02	7.892014244248277133e-02
1.243306944909407548e+03	2.429216319674913360e-01	1.568448913210663265e-01	2.605688620803250921e-01	1.568628808298989374e-01	7.389648782831756413e-02	2.989654362633548459e-02	7.900870234635000433e-02
1.245725830016235477e+03	2.426025285411301802e-01	1.566367832781988545e-01	2.607880275433044348e-01	1.570005717869294992e-01	7.394865328697501627e-02	2.992639076178781055e-02	7.909704480145898775e-02
1.248144715123063179e+03	2.422843331619941309e-01	1.564292496990912218e-01	2.610065191154893327e-01	1.571378929819431114e-01	7.400066831665175204e-02	2.995616645980420101e-02	7.918517026481107501e-02
1.250563600229890881e+03	2.419670432749008449e-01	1.562222889616514954e-01	2.612243389089220491e-01	1.572748453979043726e-01	7.405253335390131475e-02	2.998587090966696456e-02	7.927307919283783921e-02
1.252982485336718355e+03	2.416506563317782075e-01	1.560158994484782125e-01	2.614414890287074522e-01	1.574114300152484602e-01	7.410424883403235463e-02	3.001550430014080992e-02	7.936077204139936614e-02
1.255401370443546057e+03	2.413351697916447103e-01	1.558100795468464750e-01	2.616579715730376066e-01	1.575476478118872370e-01	7.415581519111208442e-02	3.004506681947426497e-02	7.944824926578249180e-02
1.257820255550373531e+03	2.410205811205901327e-01	1.556048276486939053e-01	2.618737886332155318e-01	1.576834997632151902e-01	7.420723285796983204e-02	3.007455865540110268e-02	7.953551132069915097e-02
1.260239140657201460e+03	2.407068877917561411e-01	1.554001421506067682e-01	2.620889422936797386e-01	1.578189868421153164e-01	7.425850226620045458e-02	3.010397999514175318e-02	7.962255866028468410e-02
1.262658025764028707e+03	2.403940872853169708e-01	1.551960214538060656e-01	2.623034346320278765e-01	1.579541100189652547e-01	7.430962384616783545e-02	3.013333102540471584e-02	7.970939173809617195e-02
1.265076910870856636e+03	2.400821770884601636e-01	1.549924639641337976e-01	2.625172677190407700e-01	1.580888702616430608e-01	7.436059802700829835e-02	3.016261193238797128e-02	7.979601100711078421e-02
1.267495795977684338e+03	2.397711546953674167e-01	1.547894680920390564e-01	2.627304436187063441e-01	1.582232685355333401e-01	7.441142523663410446e-02	3.019182290178037964e-02	7.988241691972419734e-02
1.269914681084511813e+03	2.394610176071952645e-01	1.545870322525643992e-01	2.629429643882432721e-01	1.583573058035330494e-01	7.446210590173683863e-02	3.022096411876308911e-02	7.996860992774898480e-02
1.272333566191339514e+03	2.391517633320560943e-01	1.543851548653320249e-01	2.631548320781244565e-01	1.584909830260574637e-01	7.451264044779087881e-02	3.025003576801092026e-02	8.005459048241304887e-02
1.274752451298167216e+03	2.388433893849991052e-01	1.541838343545302858e-01	2.633660487321008992e-01	1.586243011610460607e-01	7.456302929905679611e-02	3.027903803369377117e-02	8.014035903435802466e-02
1.277171336404994690e+03	2.385358932879911853e-01	1.539830691488999204e-01	2.635766163872248491e-01	1.587572611639684605e-01	7.461327287858472712e-02	3.030797109947800175e-02	8.022591603363776747e-02
1.279590221511822392e+03	2.382292725698981206e-01	1.537828576817205362e-01	2.637865370738734505e-01	1.588898639878302543e-01	7.466337160821782948e-02	3.033683514852782495e-02	8.031126192971686784e-02
1.282009106618650094e+03	2.379235247664654718e-01	1.535831983907971487e-01	2.639958128157719464e-01	1.590221105831789439e-01	7.471332590859565415e-02	3.036563036350667377e-02	8.039639717146911113e-02
1.284427991725477568e+03	2.376186474202998944e-01	1.533840897184466090e-01	2.642044456300166599e-01	1.591540018981097981e-01	7.476313619915746222e-02	3.039435692657859595e-02	8.048132220717597873e-02
1.286846876832305497e+03	2.373146380808502653e-01	1.531855301114841417e-01	2.644124375270984761e-01	1.592855388782715986e-01	7.481280289814569440e-02	3.042301501940961744e-02	8.056603748452524638e-02
1.289265761939132744e+03	2.370114943043888922e-01	1.529875180212100227e-01	2.646197905109256565e-01	1.594167224668726623e-01	7.486232642260924608e-02	3.045160482316910944e-02	8.065054345060947150e-02
1.291684647045960673e+03	2.367092136539929170e-01	1.527900519033961457e-01	2.648265065788468209e-01	1.595475536046865039e-01	7.491170718840685361e-02	3.048012651853117608e-02	8.073484055192466091e-02
1.294103532152788375e+03	2.364077936995255258e-01	1.525931302182728655e-01	2.650325877216737069e-01	1.596780332300577754e-01	7.496094561021048042e-02	3.050858028567598676e-02	8.081892923436877207e-02
1.296522417259616077e+03	2.361072320176173800e-01	1.523967514305154536e-01	2.652380359237042073e-01	1.598081622789079836e-01	7.501004210150855056e-02	3.053696630429115697e-02	8.090280994324039465e-02
1.298941302366443551e+03	2.358075261916481868e-01	1.522009140092310808e-01	2.654428531627446852e-01	1.599379416847413748e-01	7.505899707460936265e-02	3.056528475357310135e-02	8.098648312323733500e-02
1.301360187473271253e+03	2.355086738117279921e-01	1.520056164279455224e-01	2.656470414101330113e-01	1.600673723786506519e-01	7.510781094064433727e-02	3.059353581222837987e-02	8.106994921845529778e-02
1.303779072580098727e+03	2.352106724746788335e-01	1.518108571645900295e-01	2.658506026307607129e-01	1.601964552893227201e-01	7.515648410957136150e-02	3.062171965847504049e-02	8.115320867238651203e-02
1.306197957686926657e+03	2.349135197840163669e-01	1.516166347014882010e-01	2.660535387830955112e-01	1.603251913430445708e-01	7.520501699017809183e-02	3.064983647004397918e-02	8.123626192791850997e-02
1.308616842793753904e+03	2.346172133499314361e-01	1.514229475253429380e-01	2.662558518192036927e-01	1.604535814637089164e-01	7.525340999008520160e-02	3.067788642418026873e-02	8.131910942733271142e-02
1.311035727900581833e+03	2.343217507892717544e-01	1.512297941272234547e-01	2.664575436847725909e-01	1.605816265728200187e-01	7.530166351574971162e-02	3.070586969764449795e-02	8.140175161230323031e-02
1.313454613007409534e+03	2.340271297255236693e-01	1.510371730025520942e-01	2.666586163191322911e-01	1.607093275894992679e-01	7.534977797246816822e-02	3.073378646671410738e-02	8.148418892389558410e-02
1.315873498114237009e+03	2.337333477887940103e-01	1.508450826510916443e-01	2.668590716552782238e-01	1.608366854304911220e-01	7.539775376438001553e-02	3.076163690718471816e-02	8.156642180256545860e-02
1.318292383221064711e+03	2.334404026157917977e-01	1.506535215769322367e-01	2.670589116198928692e-01	1.609637010101686305e-01	7.544559129447075962e-02	3.078942119437145727e-02	8.164845068815745899e-02
1.320711268327892412e+03	2.331482918498102574e-01	1.504624882884785242e-01	2.672581381333677397e-01	1.610903752405391798e-01	7.549329096457527144e-02	3.081713950311027947e-02	8.173027601990395796e-02
1.323130153434719887e+03	2.328570131407086408e-01	1.502719812984369130e-01	2.674567531098253070e-01	1.612167090312502382e-01	7.554085317538097866e-02	3.084479200775928215e-02	8.181189823642381898e-02
1.325549038541547588e+03	2.325665641448942667e-01	1.500819991238026840e-01	2.676547584571408178e-01	1.613427032895949353e-01	7.558827832643109923e-02	3.087237888220003071e-02	8.189331777572131377e-02
1.327967923648375290e+03	2.322769425253046471e-01	1.498925402858471978e-01	2.678521560769638876e-01	1.614683589205177794e-01	7.563556681612786103e-02	3.089990029983886652e-02	8.197453507518490112e-02
1.330386808755202765e+03	2.319881459513892796e-01	1.497036033101054597e-01	2.680489478647400392e-01	1.615936768266203194e-01	7.568271904173567988e-02	3.092735643360820796e-02	8.205555057158613053e-02
1.332805693862030694e+03	2.317001720990921054e-01	1.495151867263630752e-01	2.682451357097324629e-01	1.617186579081666964e-01	7.572973539938442078e-02	3.095474745596786884e-02	8.213636470107844867e-02
1.335224578968857941e+03	2.314130186508334408e-01	1.493272890686438426e-01	2.684407214950432774e-01	1.618433030630894165e-01	7.577661628407253436e-02	3.098207353890633856e-02	8.221697789919620025e-02
1.337643464075685870e+03	2.311266832954923800e-01	1.491399088751971524e-01	2.686357070976350125e-01	1.619676131869948188e-01	7.582336208967023483e-02	3.100933485394209363e-02	8.229739060085344837e-02
1.340062349182513572e+03	2.308411637283888929e-01	1.489530446884853032e-01	2.688300943883517036e-01	1.620915891731687375e-01	7.586997320892267804e-02	3.103653157212489522e-02	8.237760324034291981e-02
1.342481234289341273e+03	2.305564576512662833e-01	1.487666950551711498e-01	2.690238852319403740e-01	1.622152319125821363e-01	7.591645003345316722e-02	3.106366386403706936e-02	8.245761625133499195e-02
1.344900119396168748e+03	2.302725627722734258e-01	1.485808585261055026e-01	2.692170814870720186e-01	1.623385422938966316e-01	7.596279295376623386e-02	3.109073189979479762e-02	8.253743006687659645e-02
1.347319004502996449e+03	2.299894768059472239e-01	1.483955336563148042e-01	2.694096850063625870e-01	1.624615212034700995e-01	7.600900235925082959e-02	3.111773584904940770e-02	8.261704511939022000e-02
1.349737889609823924e+03	2.297071974731952348e-01	1.482107190049885559e-01	2.696016976363941331e-01	1.625841695253622265e-01	7.605507863818344871e-02	3.114467588098863635e-02	8.269646184067290517e-02
1.352156774716651853e+03	2.294257225012779067e-01	1.480264131354671331e-01	2.697931212177356874e-01	1.627064881413400610e-01	7.610102217773125066e-02	3.117155216433791648e-02	8.277568066189522344e-02
1.354575659823479100e+03	2.291450496237913137e-01	1.478426146152293230e-01	2.699839575849638518e-01	1.628284779308835639e-01	7.614683336395519642e-02	3.119836486736165398e-02	8.285470201360033149e-02
1.356994544930307029e+03	2.288651765806496430e-01	1.476593220158801401e-01	2.701742085666837823e-01	1.629501397711910771e-01	7.619251258181311548e-02	3.122511415786448710e-02	8.293352632570297200e-02
1.359413430037134731e+03	2.285861011180679303e-01	1.474765339131385855e-01	2.703638759855498397e-01	1.630714745371848740e-01	7.623806021516288389e-02	3.125180020319255625e-02	8.301215402748857164e-02
1.361832315143962205e+03	2.283078209885446574e-01	1.472942488868252964e-01	2.705529616582860730e-01	1.631924831015167388e-01	7.628347664676542184e-02	3.127842317023476343e-02	8.309058554761232507e-02
1.364251200250789907e+03	2.280303339508445992e-01	1.471124655208505827e-01	2.707414673957067031e-01	1.633131663345732953e-01	7.632876225828783001e-02	3.130498322542404205e-02	8.316882131409819578e-02
1.366670085357617609e+03	2.277536377699815318e-01	1.469311824032020763e-01	2.709293950027367170e-01	1.634335251044816972e-01	7.637391743030648439e-02	3.133148053473860245e-02	8.324686175433806956e-02
1.369088970464445310e+03	2.274777302172011073e-01	1.467503981259328794e-01	2.711167462784321858e-01	1.635535602771149011e-01	7.641894254231007544e-02	3.135791526370317051e-02	8.332470729509086627e-02
1.371507855571272785e+03	2.272026090699636458e-01	1.465701112851492405e-01	2.713035230160004141e-01	1.636732727160972456e-01	7.646383797270266125e-02	3.138428757739027825e-02	8.340235836248169332e-02
1.373926740678100487e+03	2.269282721119272039e-01	1.463903204809987313e-01	2.714897270028202581e-01	1.637926632828098361e-01	7.650860409880673452e-02	3.141059764042146429e-02	8.347981538200092977e-02
1.376345625784927961e+03	2.266547171329303945e-01	1.462110243176581448e-01	2.716753600204622754e-01	1.639117328363960957e-01	7.655324129686624790e-02	3.143684561696852980e-02	8.355707877850346299e-02
1.378764510891755890e+03	2.263819419289754831e-01	1.460322214033216159e-01	2.718604238447088206e-01	1.640304822337670110e-01	7.659774994204966714e-02	3.146303167075479440e-02	8.363414897620777277e-02
1.381183395998583137e+03	2.261099443022114575e-01	1.458539103501887146e-01	2.720449202455737514e-01	1.641489123296067110e-01	7.664213040845295477e-02	3.148915596505631742e-02	8.371102639869519579e-02
1.383602281105411066e+03	2.258387220609170964e-01	1.456760897744525940e-01	2.722288509873226903e-01	1.642670239763778517e-01	7.668638306910263713e-02	3.151521866270311917e-02	8.378771146890912069e-02
1.386021166212238768e+03	2.255682730194841223e-01	1.454987582962879167e-01	2.724122178284927864e-01	1.643848180243268620e-01	7.673050829595880196e-02	3.154121992608042296e-02	8.386420460915415542e-02
1.388440051319066470e+03	2.252985949984003811e-01	1.453219145398394752e-01	2.725950225219123113e-01	1.645022953214894945e-01	7.677450645991806821e-02	3.156715991712986946e-02	8.394050624109540559e-02
1.390858936425893944e+03	2.250296858242331888e-01	1.451455571332100625e-01	2.727772668147205315e-01	1.646194567136961551e-01	7.681837793081661148e-02	3.159303879735075871e-02	8.401661678575771119e-02
1.393277821532721646e+03	2.247615433296124010e-01	1.449696847084488982e-01	2.729589524483872487e-01	1.647363030445771759e-01	7.686212307743310601e-02	3.161885672780124362e-02	8.409253666352489720e-02
1.395696706639549120e+03	2.244941653532140091e-01	1.447942959015399433e-01	2.731400811587322841e-01	1.648528351555683114e-01	7.690574226749177789e-02	3.164461386909956514e-02	8.416826629413906580e-02
1.398115591746377049e+03	2.242275497397433204e-01	1.446193893523902152e-01	2.733206546759451294e-01	1.649690538859159283e-01	7.694923586766526380e-02	3.167031038142523874e-02	8.424380609669987474e-02
1.400534476853204296e+03	2.239616943399184157e-01	1.444449637048181578e-01	2.735006747246040981e-01	1.650849600726825017e-01	7.699260424357765031e-02	3.169594642452028960e-02	8.431915648966382959e-02
1.402953361960032225e+03	2.236965970104537460e-01	1.442710176065420957e-01	2.736801430236958654e-01	1.652005545507517215e-01	7.703584775980740207e-02	3.172152215769044603e-02	8.439431789084361757e-02
1.405372247066859927e+03	2.234322556140434513e-01	1.440975497091686597e-01	2.738590612866347862e-01	1.653158381528340160e-01	7.707896677989031775e-02	3.174703773980632610e-02	8.446929071740741368e-02
1.407791132173687402e+03	2.231686680193450401e-01	1.439245586681812406e-01	2.740374312212816577e-01	1.654308117094716868e-01	7.712196166632241667e-02	3.177249332930467962e-02	8.454407538587827009e-02
1.410210017280515103e+03	2.229058321009628196e-01	1.437520431429286372e-01	2.742152545299634814e-01	1.655454760490442656e-01	7.716483278056288087e-02	3.179788908418952620e-02	8.461867231213342222e-02
1.412628902387342805e+03	2.226437457394318531e-01	1.435800017966134545e-01	2.743925329094918375e-01	1.656598319977737876e-01	7.720758048303705268e-02	3.182322516203338336e-02	8.469308191140370590e-02
1.415047787494170507e+03	2.223824068212013616e-01	1.434084332962807795e-01	2.745692680511823136e-01	1.657738803797300098e-01	7.725020513313923809e-02	3.184850171997845314e-02	8.476730459827289121e-02
1.417466672600997981e+03	2.221218132386185706e-01	1.432373363128068011e-01	2.747454616408733785e-01	1.658876220168357674e-01	7.729270708923563493e-02	3.187371891473778779e-02	8.484134078667711354e-02
1.419885557707825683e+03	2.218619628899124452e-01	1.430667095208875417e-01	2.749211153589449785e-01	1.660010577288720535e-01	7.733508670866726109e-02	3.189887690259649716e-02	8.491519088990426289e-02
1.422304442814653157e+03	2.216028536791775083e-01	1.428965515990273938e-01	2.750962308803375778e-01	1.661141883334834035e-01	7.737734434775284109e-02	3.192397583941290057e-02	8.498885532059345660e-02
1.424723327921481086e+03	2.213444835163577429e-01	1.427268612295279904e-01	2.752708098745705878e-01	1.662270146461830300e-01	7.741948036179163717e-02	3.194901588061973413e-02	8.506233449073440089e-02
1.427142213028308333e+03	2.210868503172304378e-01	1.425576370984769636e-01	2.754448540057611861e-01	1.663395374803579851e-01	7.746149510506632196e-02	3.197399718122529572e-02	8.513562881166689134e-02
1.429561098135136262e+03	2.208299520033902008e-01	1.423888778957366763e-01	2.756183649326428564e-01	1.664517576472745453e-01	7.750338893084593450e-02	3.199891989581461760e-02	8.520873869408025769e-02
1.431979983241963964e+03	2.205737865022328603e-01	1.422205823149331194e-01	2.757913443085837635e-01	1.665636759560832070e-01	7.754516219138858635e-02	3.202378417855064607e-02	8.528166454801283658e-02
1.434398868348791666e+03	2.203183517469396169e-01	1.420527490534448101e-01	2.759637937816053488e-01	1.666752932138239329e-01	7.758681523794443147e-02	3.204859018317539332e-02	8.535440678285145799e-02
1.436817753455619140e+03	2.200636456764610283e-01	1.418853768123916059e-01	2.761357149944005385e-01	1.667866102254313143e-01	7.762834842075845565e-02	3.207333806301110313e-02	8.542696580733097345e-02
1.439236638562446842e+03	2.198096662355011333e-01	1.417184642966236863e-01	2.763071095843520619e-01	1.668976277937397334e-01	7.766976208907327983e-02	3.209802797096139582e-02	8.549934202953371476e-02
1.441655523669274316e+03	2.195564113745016865e-01	1.415520102147105330e-01	2.764779791835507150e-01	1.670083467194885540e-01	7.771105659113200503e-02	3.212266005951244091e-02	8.557153585688904995e-02
1.444074408776102018e+03	2.193038790496262547e-01	1.413860132789299950e-01	2.766483254188136232e-01	1.671187678013271172e-01	7.775223227418108507e-02	3.214723448073408124e-02	8.564354769617293917e-02
1.446493293882929493e+03	2.190520672227444787e-01	1.412204722052571859e-01	2.768181499117020050e-01	1.672288918358200149e-01	7.779328948447303271e-02	3.217175138628099867e-02	8.571537795350740729e-02
1.448912178989757422e+03	2.188009738614165034e-01	1.410553857133536870e-01	2.769874542785394356e-01	1.673387196174520863e-01	7.783422856726929240e-02	3.219621092739386597e-02	8.578702703436022481e-02
1.451331064096585123e+03	2.185505969388771563e-01	1.408907525265566951e-01	2.771562401304297762e-01	1.674482519386336354e-01	7.787504986684296027e-02	3.222061325490045702e-02	8.585849534354435264e-02
1.453749949203412370e+03	2.183009344340203495e-01	1.407265713718679756e-01	2.773245090732751605e-01	1.675574895897054273e-01	7.791575372648168463e-02	3.224495851921681255e-02	8.592978328521762299e-02
1.456168834310240300e+03	2.180519843313835915e-01	1.405628409799432321e-01	2.774922627077935910e-01	1.676664333589437117e-01	7.795634048849030273e-02	3.226924687034835038e-02	8.600089126288229524e-02
1.458587719417068001e+03	2.178037446211323058e-01	1.403995600850811709e-01	2.776595026295367030e-01	1.677750840325655246e-01	7.799681049419369960e-02	3.229347845789103805e-02	8.607181967938463962e-02
1.461006604523895703e+03	2.175562132990444264e-01	1.402367274252128981e-01	2.778262304289076945e-01	1.678834423947334620e-01	7.803716408393956971e-02	3.231765343103245453e-02	8.614256893691459027e-02
1.463425489630723177e+03	2.173093883664949377e-01	1.400743417418910397e-01	2.779924476911787012e-01	1.679915092275609811e-01	7.807740159710110928e-02	3.234177193855298366e-02	8.621313943700539828e-02
1.465844374737550879e+03	2.170632678304403596e-01	1.399124017802790831e-01	2.781581559965086159e-01	1.680992853111172580e-01	7.811752337207980568e-02	3.236583412882687583e-02	8.628353158053320149e-02
1.468263259844378354e+03	2.168178497034034535e-01	1.397509062891408027e-01	2.783233569199602964e-01	1.682067714234322664e-01	7.815752974630815753e-02	3.238984014982342757e-02	8.635374576771676081e-02
1.470682144951206283e+03	2.165731320034579577e-01	1.395898540208296290e-01	2.784880520315182184e-01	1.683139683405018294e-01	7.819742105625243633e-02	3.241379014910805711e-02	8.642378239811705776e-02
1.473101030058033530e+03	2.163291127542131265e-01	1.394292437312779354e-01	2.786522428961057396e-01	1.684208768362925879e-01	7.823719763741535105e-02	3.243768427384340763e-02	8.649364187063700304e-02
1.475519915164861459e+03	2.160857899847986319e-01	1.392690741799866017e-01	2.788159310736024188e-01	1.685274976827470239e-01	7.827685982433883749e-02	3.246152267079050607e-02	8.656332458352111736e-02
1.477938800271689161e+03	2.158431617298492144e-01	1.391093441300144395e-01	2.789791181188612801e-01	1.686338316497884293e-01	7.831640795060670901e-02	3.248530548630981091e-02	8.663283093435525384e-02
1.480357685378516862e+03	2.156012260294896121e-01	1.389500523479676175e-01	2.791418055817261323e-01	1.687398795053258183e-01	7.835584234884734878e-02	3.250903286636236400e-02	8.670216132006627885e-02
1.482776570485344337e+03	2.153599809293194334e-01	1.387911976039893636e-01	2.793039950070482780e-01	1.688456420152590065e-01	7.839516335073644371e-02	3.253270495651085920e-02	8.677131613692175283e-02
