1.001418434226643626e+03	2.798736911683687989e-01	1.808773257405114077e-01	2.348521202857614676e-01	1.410348572104901388e-01	6.784078689654877981e-02	2.651227111134244613e-02	6.900894758676147378e-02
1.002869765290740247e+03	2.796190149418073534e-01	1.807125525732826143e-01	2.350313767830496947e-01	1.411428289922514734e-01	6.788255527408250389e-02	2.653511919311910341e-02	6.907655224219183543e-02
1.004321096354836754e+03	2.793647725519706193e-01	1.805480540868278361e-01	2.352103002460965153e-01	1.412506266609605265e-01	6.792425087537319606e-02	2.655793399857076312e-02	6.914406157998505276e-02
1.005772427418933376e+03	2.791109632679990571e-01	1.803838298124197381e-01	2.353888913120660842e-01	1.413582504937706263e-01	6.796587382723297266e-02	2.658071558044494340e-02	6.921147570585109432e-02
1.007223758483029997e+03	2.788575863602487659e-01	1.802198792821526341e-01	2.355671506168330875e-01	1.414657007674115230e-01	6.800742425625699861e-02	2.660346399140317911e-02	6.927879472547830708e-02
1.008675089547126618e+03	2.786046411002899292e-01	1.800562020289409870e-01	2.357450787949856019e-01	1.415729777581900273e-01	6.804890228882388981e-02	2.662617928402116405e-02	6.934601874453291681e-02
1.010126420611223239e+03	2.783521267609045391e-01	1.798927975865179385e-01	2.359226764798278975e-01	1.416800817419904823e-01	6.809030805109607398e-02	2.664886151078888279e-02	6.941314786865868114e-02
1.011577751675319632e+03	2.781000426160847305e-01	1.797296654894337820e-01	2.360999443033832135e-01	1.417870129942754576e-01	6.813164166902012375e-02	2.667151072411074950e-02	6.948018220347645935e-02
1.013029082739416367e+03	2.778483879410305613e-01	1.795668052730544639e-01	2.362768828963965895e-01	1.418937717900862483e-01	6.817290326832715908e-02	2.669412697630576051e-02	6.954712185458379603e-02
1.014480413803512761e+03	2.775971620121480687e-01	1.794042164735601963e-01	2.364534928883374465e-01	1.420003584040434863e-01	6.821409297453318032e-02	2.671671031960762971e-02	6.961396692755450477e-02
1.015931744867609382e+03	2.773463641070474939e-01	1.792418986279438464e-01	2.366297749074026957e-01	1.421067731103477783e-01	6.825521091293944298e-02	2.673926080616491688e-02	6.968071752793833507e-02
1.017383075931706003e+03	2.770959935045410605e-01	1.790798512740096049e-01	2.368057295805191809e-01	1.422130161827801775e-01	6.829625720863281846e-02	2.676177848804118728e-02	6.974737376126050048e-02
1.018834406995802851e+03	2.768460494846411435e-01	1.789180739503713202e-01	2.369813575333465927e-01	1.423190878947028504e-01	6.833723198648615493e-02	2.678426341721513310e-02	6.981393573302126232e-02
1.020285738059899245e+03	2.765965313285584370e-01	1.787565661964512498e-01	2.371566593902802167e-01	1.424249885190595755e-01	6.837813537115863816e-02	2.680671564558072262e-02	6.988040354869561044e-02
1.021737069123995752e+03	2.763474383186996786e-01	1.785953275524783945e-01	2.373316357744536531e-01	1.425307183283764656e-01	6.841896748709611065e-02	2.682913522494733208e-02	6.994677731373283303e-02
1.023188400188092373e+03	2.760987697386659834e-01	1.784343575594871667e-01	2.375062873077414816e-01	1.426362775947623562e-01	6.845972845853151578e-02	2.685152220703989137e-02	7.001305713355607252e-02
1.024639731252188767e+03	2.758505248732506798e-01	1.782736557593158355e-01	2.376806146107621198e-01	1.427416665899095827e-01	6.850041840948517535e-02	2.687387664349901589e-02	7.007924311356204805e-02
1.026091062316285615e+03	2.756027030084375329e-01	1.781132216946051394e-01	2.378546183028805161e-01	1.428468855850944241e-01	6.854103746376521977e-02	2.689619858588114878e-02	7.014533535912058360e-02
1.027542393380382237e+03	2.753553034313987458e-01	1.779530549087967595e-01	2.380282990022107026e-01	1.429519348511776311e-01	6.858158574496783788e-02	2.691848808565870318e-02	7.021133397557419165e-02
1.028993724444478858e+03	2.751083254304929060e-01	1.777931549461319594e-01	2.382016573256187653e-01	1.430568146586052025e-01	6.862206337647773491e-02	2.694074519422019059e-02	7.027723906823776789e-02
1.030445055508575479e+03	2.748617682952634311e-01	1.776335213516499756e-01	2.383746938887253974e-01	1.431615252774088021e-01	6.866247048146845167e-02	2.696296996287036660e-02	7.034305074239816102e-02
1.031896386572671872e+03	2.746156313164360707e-01	1.774741536711867407e-01	2.385474093059086198e-01	1.432660669772063411e-01	6.870280718290271149e-02	2.698516244283035576e-02	7.040876910331381189e-02
1.033347717636768493e+03	2.743699137859172965e-01	1.773150514513733012e-01	2.387198041903064449e-01	1.433704400272026169e-01	6.874307360353278107e-02	2.700732268523780080e-02	7.047439425621437881e-02
1.034799048700865114e+03	2.741246149967924706e-01	1.771562142396345130e-01	2.388918791538196529e-01	1.434746446961898403e-01	6.878326986590084513e-02	2.702945074114700141e-02	7.053992630630032123e-02
1.036250379764961508e+03	2.738797342433236248e-01	1.769976415841874318e-01	2.390636348071144002e-01	1.435786812525482459e-01	6.882339609233933952e-02	2.705154666152903911e-02	7.060536535874255282e-02
1.037701710829058356e+03	2.736352708209477402e-01	1.768393330340400638e-01	2.392350717596248844e-01	1.436825499642466475e-01	6.886345240497125653e-02	2.707361049727191604e-02	7.067071151868209444e-02
1.039153041893154750e+03	2.733912240262749149e-01	1.766812881389896728e-01	2.394061906195560918e-01	1.437862510988429932e-01	6.890343892571060280e-02	2.709564229918070416e-02	7.073596489122961628e-02
1.040604372957251599e+03	2.731475931570861992e-01	1.765235064496216422e-01	2.395769919938862957e-01	1.438897849234849480e-01	6.894335577626264921e-02	2.711764211797766666e-02	7.080112558146516022e-02
1.042055704021347992e+03	2.729043775123317639e-01	1.763659875173078651e-01	2.397474764883699427e-01	1.439931517049104770e-01	6.898320307812437491e-02	2.713961000430240370e-02	7.086619369443773742e-02
1.043507035085444613e+03	2.726615763921291236e-01	1.762087308942053565e-01	2.399176447075400676e-01	1.440963517094484003e-01	6.902298095258471711e-02	2.716154600871197033e-02	7.093116933516493972e-02
1.044958366149541234e+03	2.724191890977610830e-01	1.760517361332547548e-01	2.400874972547111519e-01	1.441993852030189482e-01	6.906268952072501521e-02	2.718345018168103616e-02	7.099605260863259271e-02
1.046409697213637855e+03	2.721772149316738498e-01	1.758950027881791001e-01	2.402570347319815669e-01	1.443022524511343718e-01	6.910232890341930223e-02	2.720532257360200323e-02	7.106084361979439490e-02
1.047861028277734476e+03	2.719356531974752578e-01	1.757385304134821691e-01	2.404262577402363488e-01	1.444049537188994980e-01	6.914189922133463784e-02	2.722716323478515180e-02	7.112554247357155690e-02
1.049312359341831097e+03	2.716945031999326576e-01	1.755823185644472262e-01	2.405951668791496967e-01	1.445074892710122572e-01	6.918140059493152472e-02	2.724897221545876172e-02	7.119014927485244060e-02
1.050763690405927491e+03	2.714537642449712518e-01	1.754263667971355800e-01	2.407637627471876929e-01	1.446098593717643488e-01	6.922083314446419999e-02	2.727074956576925821e-02	7.125466412849221221e-02
1.052215021470024112e+03	2.712134356396720958e-01	1.752706746683851124e-01	2.409320459416108839e-01	1.447120642850416583e-01	6.926019698998102381e-02	2.729249533578134365e-02	7.131908713931243982e-02
1.053666352534120733e+03	2.709735166922700444e-01	1.751152417358089464e-01	2.411000170584768898e-01	1.448141042743250062e-01	6.929949225132477075e-02	2.731420957547813291e-02	7.138341841210081584e-02
1.055117683598217127e+03	2.707340067121521421e-01	1.749600675577939746e-01	2.412676766926429572e-01	1.449159796026904812e-01	6.933871904813301845e-02	2.733589233476127825e-02	7.144765805161072680e-02
1.056569014662313975e+03	2.704949050098556795e-01	1.748051516934994443e-01	2.414350254377686522e-01	1.450176905328102728e-01	6.937787749983849450e-02	2.735754366345110808e-02	7.151180616256096190e-02
1.058020345726410369e+03	2.702562108970660848e-01	1.746504937028556803e-01	2.416020638863183301e-01	1.451192373269530045e-01	6.941696772566939566e-02	2.737916361128676576e-02	7.157586284963532441e-02
1.059471676790506763e+03	2.700179236866153687e-01	1.744960931465625587e-01	2.417687926295638279e-01	1.452206202469844554e-01	6.945598984464973480e-02	2.740075222792634144e-02	7.163982821748232643e-02
1.060923007854603611e+03	2.697800426924800710e-01	1.743419495860881463e-01	2.419352122575869346e-01	1.453218395543680042e-01	6.949494397559971559e-02	2.742230956294699346e-02	7.170370237071478636e-02
1.062374338918700232e+03	2.695425672297793174e-01	1.741880625836672580e-01	2.421013233592820557e-01	1.454228955101652954e-01	6.953383023713605171e-02	2.744383566584509410e-02	7.176748541390953751e-02
1.063825669982796853e+03	2.693054966147732099e-01	1.740344317023002907e-01	2.422671265223586834e-01	1.455237883750367667e-01	6.957264874767229990e-02	2.746533058603635793e-02	7.183117745160708112e-02
1.065277001046893474e+03	2.690688301648606062e-01	1.738810565057515023e-01	2.424326223333440333e-01	1.456245184092421485e-01	6.961139962541920689e-02	2.748679437285597021e-02	7.189477858831119783e-02
1.066728332110990095e+03	2.688325671985776211e-01	1.737279365585479018e-01	2.425978113775855427e-01	1.457250858726410747e-01	6.965008298838507028e-02	2.750822707555871868e-02	7.195828892848868397e-02
1.068179663175086489e+03	2.685967070355955166e-01	1.735750714259776950e-01	2.427626942392535070e-01	1.458254910246937208e-01	6.968869895437607154e-02	2.752962874331913931e-02	7.202170857656894909e-02
1.069630994239183110e+03	2.683612489967189263e-01	1.734224606740890073e-01	2.429272715013434669e-01	1.459257341244612205e-01	6.972724764099659522e-02	2.755099942523163079e-02	7.208503763694371069e-02
1.071082325303279504e+03	2.681261924038840783e-01	1.732701038696884410e-01	2.430915437456788730e-01	1.460258154306062484e-01	6.976572916564960369e-02	2.757233917031058981e-02	7.214827621396667501e-02
1.072533656367376352e+03	2.678915365801567416e-01	1.731180005803397703e-01	2.432555115529135836e-01	1.461257352013937139e-01	6.980414364553692852e-02	2.759364802749054990e-02	7.221142441195316231e-02
1.073984987431472746e+03	2.676572808497306721e-01	1.729661503743625262e-01	2.434191755025343351e-01	1.462254936946912331e-01	6.984249119765965907e-02	2.761492604562629932e-02	7.227448233517982934e-02
1.075436318495569594e+03	2.674234245379253916e-01	1.728145528208305248e-01	2.435825361728632676e-01	1.463250911679695732e-01	6.988077193881846172e-02	2.763617327349303029e-02	7.233745008788429465e-02
1.076887649559666215e+03	2.671899669711846892e-01	1.726632074895707858e-01	2.437455941410605620e-01	1.464245278783033732e-01	6.991898598561387124e-02	2.765738975978645348e-02	7.240032777426481936e-02
1.078338980623762609e+03	2.669569074770746231e-01	1.725121139511618662e-01	2.439083499831267154e-01	1.465238040823716170e-01	6.995713345444672104e-02	2.767857555312292980e-02	7.246311549848005740e-02
1.079790311687859230e+03	2.667242453842816885e-01	1.723612717769326397e-01	2.440708042739053174e-01	1.466229200364582708e-01	6.999521446151839299e-02	2.769973070203961621e-02	7.252581336464862527e-02
1.081241642751955851e+03	2.664919800226110413e-01	1.722106805389609363e-01	2.442329575870852976e-01	1.467218759964526997e-01	7.003322912283119206e-02	2.772085525499457317e-02	7.258842147684883839e-02
1.082692973816052472e+03	2.662601107229845554e-01	1.720603398100721548e-01	2.443948104952034794e-01	1.468206722178503620e-01	7.007117755418872107e-02	2.774194926036690698e-02	7.265093993911836412e-02
1.084144304880149093e+03	2.660286368174392124e-01	1.719102491638379582e-01	2.445563635696471616e-01	1.469193089557532805e-01	7.010905987119613048e-02	2.776301276645689806e-02	7.271336885545394424e-02
1.085595635944245487e+03	2.657975576391249373e-01	1.717604081745748579e-01	2.447176173806565047e-01	1.470177864648705979e-01	7.014687618926047918e-02	2.778404582148613286e-02	7.277570832981106186e-02
1.087046967008342108e+03	2.655668725223030990e-01	1.716108164173429096e-01	2.448785724973270295e-01	1.471161049995191594e-01	7.018462662359112314e-02	2.780504847359762527e-02	7.283795846610359448e-02
1.088498298072438729e+03	2.653365808023446237e-01	1.714614734679442976e-01	2.450392294876120314e-01	1.472142648136240684e-01	7.022231128919996512e-02	2.782602077085595191e-02	7.290011936820352256e-02
1.089949629136535123e+03	2.651066818157280514e-01	1.713123789029221966e-01	2.451995889183251343e-01	1.473122661607192130e-01	7.025993030090188496e-02	2.784696276124737704e-02	7.296219113994066585e-02
1.091400960200631971e+03	2.648771749000376485e-01	1.711635322995591346e-01	2.453596513551426495e-01	1.474101092939478219e-01	7.029748377331497544e-02	2.786787449267998096e-02	7.302417388510229479e-02
1.092852291264728365e+03	2.646480593939619652e-01	1.710149332358758822e-01	2.455194173626060739e-01	1.475077944660630191e-01	7.033497182086090316e-02	2.788875601298379525e-02	7.308606770743285297e-02
1.094303622328825213e+03	2.644193346372917808e-01	1.708665812906300097e-01	2.456788875041244768e-01	1.476053219294283791e-01	7.037239455776528319e-02	2.790960736991091734e-02	7.314787271063366569e-02
1.095754953392921607e+03	2.641909999709181611e-01	1.707184760433146098e-01	2.458380623419770539e-01	1.477026919360184543e-01	7.040975209805795665e-02	2.793042861113565964e-02	7.320958899836264855e-02
1.097206284457018228e+03	2.639630547368309599e-01	1.705706170741568828e-01	2.459969424373154301e-01	1.477999047374193020e-01	7.044704455557335154e-02	2.795121978425465017e-02	7.327121667423394658e-02
1.098657615521114849e+03	2.637354982781168200e-01	1.704230039641169425e-01	2.461555283501661584e-01	1.478969605848291513e-01	7.048427204395078804e-02	2.797198093678697484e-02	7.333275584181768447e-02
1.100108946585211470e+03	2.635083299389575084e-01	1.702756362948863733e-01	2.463138206394330509e-01	1.479938597290587909e-01	7.052143467663481158e-02	2.799271211617430921e-02	7.339420660463964741e-02
1.101560277649308091e+03	2.632815490646279732e-01	1.701285136488869532e-01	2.464718198628997603e-01	1.480906024205322358e-01	7.055853256687555364e-02	2.801341336978103308e-02	7.345556906618097570e-02
1.103011608713404712e+03	2.630551550014946782e-01	1.699816356092693215e-01	2.466295265772320000e-01	1.481871889092872263e-01	7.059556582772903710e-02	2.803408474489437613e-02	7.351684332987787340e-02
1.104462939777501106e+03	2.628291470970137156e-01	1.698350017599116746e-01	2.467869413379800703e-01	1.482836194449757283e-01	7.063253457205745378e-02	2.805472628872451510e-02	7.357802949912133073e-02
1.105914270841597499e+03	2.626035246997291406e-01	1.696886116854184057e-01	2.469440646995811617e-01	1.483798942768645990e-01	7.066943891252958077e-02	2.807533804840472644e-02	7.363912767725683262e-02
1.107365601905694348e+03	2.623782871592710841e-01	1.695424649711189669e-01	2.471008972153618810e-01	1.484760136538359754e-01	7.070627896162104409e-02	2.809592007099150079e-02	7.370013796758401181e-02
1.108816932969790741e+03	2.621534338263539765e-01	1.693965612030662593e-01	2.472574394375404994e-01	1.485719778243879685e-01	7.074305483161465180e-02	2.811647240346467486e-02	7.376106047335639904e-02
1.110268264033887590e+03	2.619289640527749374e-01	1.692508999680355786e-01	2.474136919172293392e-01	1.486677870366350518e-01	7.077976663460076867e-02	2.813699509272754931e-02	7.382189529778117321e-02
1.111719595097984211e+03	2.617048771914117777e-01	1.691054808535231990e-01	2.475696552044373000e-01	1.487634415383087827e-01	7.081641448247756598e-02	2.815748818560701722e-02	7.388264254401878672e-02
1.113170926162080832e+03	2.614811725962213895e-01	1.689603034477450971e-01	2.477253298480720234e-01	1.488589415767581359e-01	7.085299848695138236e-02	2.817795172885369584e-02	7.394330231518272956e-02
1.114622257226177226e+03	2.612578496222376923e-01	1.688153673396355914e-01	2.478807163959423909e-01	1.489542873989502803e-01	7.088951875953705684e-02	2.819838576914204462e-02	7.400387471433926556e-02
1.116073588290273847e+03	2.610349076255704115e-01	1.686706721188461766e-01	2.480358153947608835e-01	1.490494792514709399e-01	7.092597541155824803e-02	2.821879035307049005e-02	7.406435984450711330e-02
1.117524919354370468e+03	2.608123459634028585e-01	1.685262173757441362e-01	2.481906273901458848e-01	1.491445173805249491e-01	7.096236855414771172e-02	2.823916552716155062e-02	7.412475780865718233e-02
1.118976250418467089e+03	2.605901639939903203e-01	1.683820027014112097e-01	2.483451529266239854e-01	1.492394020319369186e-01	7.099869829824767553e-02	2.825951133786196862e-02	7.418506870971224021e-02
1.120427581482563710e+03	2.603683610766581724e-01	1.682380276876423719e-01	2.484993925476323973e-01	1.493341334511515683e-01	7.103496475461015813e-02	2.827982783154282462e-02	7.424529265054673199e-02
1.121878912546660331e+03	2.601469365718004356e-01	1.680942919269446112e-01	2.486533467955212851e-01	1.494287118832345052e-01	7.107116803379726067e-02	2.830011505449966935e-02	7.430542973398644724e-02
1.123330243610756725e+03	2.599258898408777219e-01	1.679507950125354587e-01	2.488070162115560979e-01	1.495231375728725831e-01	7.110730824618151369e-02	2.832037305295263818e-02	7.436548006280822853e-02
1.124781574674853118e+03	2.597052202464155690e-01	1.678075365383418227e-01	2.489604013359198453e-01	1.496174107643745144e-01	7.114338550194615474e-02	2.834060187304658640e-02	7.442544373973974947e-02
1.126232905738949967e+03	2.594849271520028311e-01	1.676645160989987671e-01	2.491135027077154840e-01	1.497115317016713687e-01	7.117939991108548914e-02	2.836080156085120374e-02	7.448532086745918157e-02
1.127684236803046360e+03	2.592650099222897353e-01	1.675217332898480682e-01	2.492663208649681383e-01	1.498055006283171287e-01	7.121535158340522309e-02	2.838097216236114620e-02	7.454511154859495836e-02
1.129135567867143209e+03	2.590454679229861612e-01	1.673791877069370215e-01	2.494188563446275431e-01	1.498993177874892169e-01	7.125124062852269957e-02	2.840111372349614707e-02	7.460481588572549783e-02
1.130586898931239830e+03	2.588263005208603640e-01	1.672368789470172756e-01	2.495711096825702358e-01	1.499929834219890512e-01	7.128706715586731468e-02	2.842122629010114879e-02	7.466443398137896648e-02
1.132038229995336451e+03	2.586075070837364209e-01	1.670948066075434169e-01	2.497230814136019161e-01	1.500864977742425721e-01	7.132283127468075357e-02	2.844130990794642433e-02	7.472396593803294629e-02
1.133489561059432845e+03	2.583890869804930657e-01	1.669529702866716925e-01	2.498747720714596388e-01	1.501798610863007144e-01	7.135853309401737898e-02	2.846136462272769521e-02	7.478341185811422653e-02
1.134940892123529466e+03	2.581710395810618563e-01	1.668113695832588173e-01	2.500261821888142832e-01	1.502730735998400735e-01	7.139417272274448112e-02	2.848139048006626678e-02	7.484277184399852623e-02
1.136392223187626087e+03	2.579533642564255658e-01	1.666700040968607521e-01	2.501773122972726360e-01	1.503661355561633495e-01	7.142975026954261064e-02	2.850138752550913229e-02	7.490204599801021657e-02
1.137843554251722708e+03	2.577360603786161275e-01	1.665288734277313165e-01	2.503281629273799158e-01	1.504590471961998188e-01	7.146526584290596729e-02	2.852135580452910477e-02	7.496123442242208501e-02
1.139294885315819101e+03	2.575191273207130815e-01	1.663879771768209948e-01	2.504787346086216893e-01	1.505518087605060007e-01	7.150071955114258027e-02	2.854129536252493840e-02	7.502033721945504385e-02
1.140746216379915950e+03	2.573025644568419645e-01	1.662473149457756871e-01	2.506290278694264795e-01	1.506444204892660732e-01	7.153611150237473848e-02	2.856120624482145001e-02	7.507935449127789429e-02
1.142197547444012343e+03	2.570863711621724779e-01	1.661068863369354331e-01	2.507790432371679312e-01	1.507368826222924563e-01	7.157144180453922644e-02	2.858108849666964046e-02	7.513828634000709050e-02
1.143648878508108737e+03	2.568705468129168223e-01	1.659666909533332180e-01	2.509287812381669203e-01	1.508291953990263945e-01	7.160671056538768509e-02	2.860094216324680916e-02	7.519713286770643434e-02
1.145100209572205586e+03	2.566550907863279773e-01	1.658267283986936125e-01	2.510782423976938293e-01	1.509213590585382903e-01	7.164191789248693099e-02	2.862076728965668934e-02	7.525589417638685330e-02
1.146551540636302207e+03	2.564400024606979800e-01	1.656869982774316352e-01	2.512274272399711017e-01	1.510133738395284808e-01	7.167706389321920613e-02	2.864056392092955219e-02	7.531457036800615068e-02
1.148002871700398828e+03	2.562252812153562598e-01	1.655475001946514202e-01	2.513763362881751839e-01	1.511052399803276269e-01	7.171214867478253874e-02	2.866033210202234213e-02	7.537316154446872807e-02
1.149454202764495449e+03	2.560109264306678067e-01	1.654082337561450511e-01	2.515249700644387465e-01	1.511969577188972680e-01	7.174717234419103473e-02	2.868007187781878436e-02	7.543166780762540491e-02
1.150905533828591842e+03	2.557969374880317281e-01	1.652691985683913123e-01	2.516733290898530151e-01	1.512885272928302938e-01	7.178213500827523852e-02	2.869978329312950632e-02	7.549008925927307156e-02
1.152356864892688463e+03	2.555833137698791946e-01	1.651303942385543011e-01	2.518214138844700467e-01	1.513799489393515552e-01	7.181703677368232730e-02	2.871946639269217297e-02	7.554842600115450890e-02
1.153808195956785084e+03	2.553700546596721632e-01	1.649918203744824563e-01	2.519692249673048390e-01	1.514712228953183915e-01	7.185187774687656903e-02	2.873912122117159088e-02	7.560667813495815237e-02
1.155259527020881706e+03	2.551571595419012128e-01	1.648534765847070871e-01	2.521167628563376617e-01	1.515623493972210190e-01	7.188665803413948896e-02	2.875874782315983313e-02	7.566484576231778669e-02
1.156710858084978327e+03	2.549446278020843781e-01	1.647153624784413462e-01	2.522640280685160552e-01	1.516533286811832248e-01	7.192137774157028596e-02	2.877834624317635731e-02	7.572292898481236545e-02
1.158162189149074720e+03	2.547324588267650958e-01	1.645774776655787863e-01	2.524110211197573284e-01	1.517441609829627835e-01	7.195603697508608232e-02	2.879791652566812341e-02	7.578092790396573353e-02
1.159613520213171569e+03	2.545206520035107056e-01	1.644398217566922782e-01	2.525577425249505570e-01	1.518348465379520396e-01	7.199063584042221520e-02	2.881745871500971529e-02	7.583884262124640507e-02
1.161064851277267962e+03	2.543092067209105078e-01	1.643023943630327333e-01	2.527041927979588043e-01	1.519253855811783793e-01	7.202517444313263906e-02	2.883697285550346559e-02	7.589667323806729982e-02
1.162516182341364356e+03	2.540981223685744861e-01	1.641651950965279660e-01	2.528503724516213969e-01	1.520157783473047863e-01	7.205965288859011997e-02	2.885645899137955980e-02	7.595441985578557653e-02
1.163967513405461204e+03	2.538873983371311427e-01	1.640282235697813340e-01	2.529962819977559230e-01	1.521060250706303130e-01	7.209407128198658254e-02	2.887591716679616116e-02	7.601208257570228610e-02
1.165418844469557826e+03	2.536770340182264438e-01	1.638914793960706551e-01	2.531419219471607307e-01	1.521961259850907189e-01	7.212842972833345689e-02	2.889534742583953902e-02	7.606966149906223273e-02
1.166870175533654447e+03	2.534670288045215991e-01	1.637549621893468477e-01	2.532872928096167042e-01	1.522860813242588596e-01	7.216272833246188678e-02	2.891474981252416948e-02	7.612715672705372416e-02
1.168321506597751068e+03	2.532573820896917294e-01	1.636186715642328759e-01	2.534323950938897063e-01	1.523758913213452137e-01	7.219696719902315984e-02	2.893412437079287067e-02	7.618456836080829409e-02
1.169772837661847461e+03	2.530480932684238682e-01	1.634826071360224453e-01	2.535772293077326878e-01	1.524655562091985217e-01	7.223114643248888800e-02	2.895347114451689990e-02	7.624189650140050789e-02
1.171224168725944082e+03	2.528391617364156296e-01	1.633467685206788367e-01	2.537217959578878523e-01	1.525550762203061739e-01	7.226526613715139602e-02	2.897279017749609248e-02	7.629914124984772672e-02
1.172675499790040703e+03	2.526305868903735430e-01	1.632111553348336574e-01	2.538660955500888772e-01	1.526444515867947938e-01	7.229932641712399910e-02	2.899208151345895879e-02	7.635630270710985767e-02
1.174126830854137097e+03	2.524223681280111653e-01	1.630757671957856758e-01	2.540101285890628002e-01	1.527336825404307374e-01	7.233332737634126652e-02	2.901134519606282658e-02	7.641338097408921504e-02
1.175578161918233945e+03	2.522145048480475826e-01	1.629406037214995717e-01	2.541538955785324072e-01	1.528227693126205655e-01	7.236726911855938249e-02	2.903058126889393117e-02	7.647037615163018720e-02
1.177029492982330339e+03	2.520069964502056892e-01	1.628056645306047989e-01	2.542973970212183965e-01	1.529117121344117369e-01	7.240115174735642367e-02	2.904978977546753688e-02	7.652728834051904239e-02
1.178480824046426733e+03	2.517998423352106330e-01	1.626709492423943360e-01	2.544406334188413776e-01	1.530005112364928310e-01	7.243497536613262289e-02	2.906897075922807924e-02	7.658411764148374823e-02
1.179932155110523581e+03	2.515930419047880395e-01	1.625364574768235482e-01	2.545836052721239806e-01	1.530891668491943247e-01	7.246874007811074381e-02	2.908812426354925179e-02	7.664086415519372197e-02
1.181383486174620202e+03	2.513865945616625686e-01	1.624021888545089665e-01	2.547263130807931319e-01	1.531776792024889533e-01	7.250244598633630300e-02	2.910725033173413093e-02	7.669752798225960844e-02
1.182834817238716823e+03	2.511804997095559711e-01	1.622681429967271216e-01	2.548687573435819420e-01	1.532660485259922656e-01	7.253609319367795849e-02	2.912634900701530083e-02	7.675410922323307183e-02
1.184286148302813444e+03	2.509747567531857015e-01	1.621343195254132397e-01	2.550109385582322030e-01	1.533542750489631790e-01	7.256968180282769021e-02	2.914542033255495060e-02	7.681060797860657374e-02
1.185737479366910065e+03	2.507693650982633637e-01	1.620007180631602151e-01	2.551528572214961099e-01	1.534423590003044791e-01	7.260321191630121629e-02	2.916446435144501304e-02	7.686702434881312329e-02
1.187188810431006686e+03	2.505643241514926012e-01	1.618673382332173616e-01	2.552945138291385918e-01	1.535303006085632360e-01	7.263668363643820125e-02	2.918348110670725831e-02	7.692335843422615227e-02
1.188640141495103080e+03	2.503596333205682090e-01	1.617341796594891912e-01	2.554359088759393104e-01	1.536181001019313874e-01	7.267009706540261682e-02	2.920247064129342929e-02	7.697961033515919593e-02
1.190091472559199701e+03	2.501552920141737468e-01	1.616012419665343036e-01	2.555770428556948248e-01	1.537057577082463211e-01	7.270345230518297786e-02	2.922143299808533518e-02	7.703578015186576811e-02
1.191542803623296322e+03	2.499512996419803734e-01	1.614685247795642487e-01	2.557179162612206458e-01	1.537932736549912638e-01	7.273674945759270316e-02	2.924036821989498339e-02	7.709186798453909750e-02
1.192994134687392716e+03	2.497476556146451254e-01	1.613360277244421659e-01	2.558585295843532337e-01	1.538806481692958361e-01	7.276998862427035142e-02	2.925927634946468708e-02	7.714787393331193344e-02
1.194445465751489564e+03	2.495443593438092522e-01	1.612037504276818134e-01	2.559988833159523303e-01	1.539678814779365523e-01	7.280316990667995425e-02	2.927815742946717273e-02	7.720379809825633766e-02
1.195896796815585958e+03	2.493414102420966616e-01	1.610716925164462354e-01	2.561389779459027349e-01	1.540549738073373476e-01	7.283629340611130765e-02	2.929701150250571887e-02	7.725964057938347618e-02
1.197348127879682352e+03	2.491388077231121989e-01	1.609398536185467632e-01	2.562788139631165807e-01	1.541419253835700498e-01	7.286935922368024954e-02	2.931583861111423245e-02	7.731540147664343887e-02
1.198799458943779200e+03	2.489365512014402038e-01	1.608082333624417104e-01	2.564183918555352215e-01	1.542287364323549348e-01	7.290236746032896509e-02	2.933463879775740149e-02	7.737108088992497579e-02
1.200250790007875821e+03	2.487346400926427337e-01	1.606768313772352907e-01	2.565577121101317304e-01	1.543154071790611981e-01	7.293531821682627814e-02	2.935341210483078181e-02	7.742667891905537225e-02
1.201702121071972442e+03	2.485330738132580930e-01	1.605456472926764244e-01	2.566967752129123426e-01	1.544019378487075100e-01	7.296821159376794264e-02	2.937215857466091845e-02	7.748219566380015744e-02
1.203153452136069063e+03	2.483318517807991399e-01	1.604146807391575724e-01	2.568355816489188981e-01	1.544883286659624044e-01	7.300104769157693407e-02	2.939087824950545672e-02	7.753763122386299333e-02
1.204604783200165684e+03	2.481309734137516487e-01	1.602839313477136263e-01	2.569741319022308401e-01	1.545745798551449168e-01	7.303382661050372704e-02	2.940957117155327399e-02	7.759298569888541108e-02
1.206056114264262078e+03	2.479304381315728389e-01	1.601533987500206591e-01	2.571124264559670469e-01	1.546606916402250564e-01	7.306654845062664216e-02	2.942823738292455610e-02	7.764825918844663055e-02
1.207507445328358699e+03	2.477302453546897099e-01	1.600230825783948985e-01	2.572504657922882743e-01	1.547466642448241669e-01	7.309921331185204041e-02	2.944687692567094645e-02	7.770345179206339381e-02
1.208958776392455093e+03	2.475303945044974585e-01	1.598929824657914500e-01	2.573882503923989318e-01	1.548324978922156481e-01	7.313182129391469777e-02	2.946548984177562933e-02	7.775856360918968757e-02
1.210410107456551941e+03	2.473308850033578699e-01	1.597630980458032146e-01	2.575257807365489149e-01	1.549181928053252888e-01	7.316437249637806894e-02	2.948407617315347562e-02	7.781359473921667380e-02
1.211861438520648335e+03	2.471317162745976792e-01	1.596334289526598060e-01	2.576630573040360472e-01	1.550037492067318501e-01	7.319686701863457878e-02	2.950263596165111565e-02	7.786854528147239829e-02
1.213312769584745183e+03	2.469328877425071289e-01	1.595039748212263020e-01	2.578000805732078571e-01	1.550891673186675646e-01	7.322930495990588595e-02	2.952116924904708492e-02	7.792341533522159636e-02
1.214764100648841804e+03	2.467343988323383031e-01	1.593747352870021616e-01	2.579368510214636867e-01	1.551744473630186083e-01	7.326168641924318825e-02	2.953967607705191081e-02	7.797820499966558183e-02
1.216215431712937971e+03	2.465362489703034898e-01	1.592457099861199765e-01	2.580733691252566353e-01	1.552595895613255728e-01	7.329401149552755568e-02	2.955815648730824099e-02	7.803291437394196950e-02
1.217666762777034819e+03	2.463384375835736828e-01	1.591168985553445270e-01	2.582096353600955574e-01	1.553445941347841031e-01	7.332628028747011084e-02	2.957661052139094748e-02	7.808754355712453632e-02
1.219118093841131440e+03	2.461409641002769988e-01	1.589883006320715053e-01	2.583456502005470612e-01	1.554294613042451756e-01	7.335849289361240366e-02	2.959503822080724114e-02	7.814209264822301326e-02
1.220569424905228061e+03	2.459438279494970403e-01	1.588599158543264611e-01	2.584814141202376181e-01	1.555141912902158474e-01	7.339064941232671668e-02	2.961343962699677923e-02	7.819656174618293265e-02
1.222020755969324682e+03	2.457470285612714245e-01	1.587317438607635522e-01	2.586169275918555055e-01	1.555987843128594783e-01	7.342274994181625936e-02	2.963181478133178337e-02	7.825095094988537836e-02
1.223472087033421303e+03	2.455505653665901455e-01	1.586037842906645734e-01	2.587521910871527497e-01	1.556832405919964246e-01	7.345479458011550111e-02	2.965016372511714016e-02	7.830526035814686092e-02
1.224923418097517697e+03	2.453544377973940205e-01	1.584760367839377071e-01	2.588872050769470134e-01	1.557675603471045389e-01	7.348678342509049055e-02	2.966848649959051218e-02	7.835949006971913711e-02
1.226374749161614318e+03	2.451586452865731347e-01	1.583485009811164135e-01	2.590219700311238715e-01	1.558517437973195308e-01	7.351871657443909136e-02	2.968678314592245945e-02	7.841364018328896013e-02
1.227826080225710712e+03	2.449631872679652600e-01	1.582211765233584033e-01	2.591564864186384765e-01	1.559357911614355496e-01	7.355059412569125987e-02	2.970505370521654004e-02	7.846771079747798250e-02
1.229277411289807560e+03	2.447680631763543280e-01	1.580940630524444168e-01	2.592907547075177233e-01	1.560197026579057122e-01	7.358241617620939201e-02	2.972329821850942799e-02	7.852170201084250623e-02
1.230728742353903954e+03	2.445732724474688202e-01	1.579671602107771966e-01	2.594247753648621369e-01	1.561034785048424911e-01	7.361418282318851758e-02	2.974151672677101746e-02	7.857561392187337179e-02
1.232180073418000802e+03	2.443788145179803251e-01	1.578404676413802388e-01	2.595585488568478705e-01	1.561871189200182697e-01	7.364589416365666108e-02	2.975970927090452328e-02	7.862944662899570836e-02
1.233631404482097196e+03	2.441846888255018722e-01	1.577139849878967659e-01	2.596920756487285376e-01	1.562706241208658697e-01	7.367755029447509152e-02	2.977787589174661284e-02	7.868320023056880885e-02
1.235082735546193817e+03	2.439908948085864615e-01	1.575877118945886723e-01	2.598253562048373766e-01	1.563539943244789954e-01	7.370915131233859996e-02	2.979601663006749626e-02	7.873687482488597733e-02
1.236534066610290438e+03	2.437974319067254259e-01	1.574616480063352753e-01	2.599583909885891386e-01	1.564372297476126772e-01	7.374069731377579096e-02	2.981413152657104090e-02	7.879047051017425141e-02
1.237985397674387059e+03	2.436042995603470152e-01	1.573357929686323431e-01	2.600911804624818080e-01	1.565203306066839106e-01	7.377218839514933235e-02	2.983222062189487891e-02	7.884398738459434675e-02
1.239436728738483680e+03	2.434114972108146757e-01	1.572101464275908467e-01	2.602237250880988784e-01	1.566032971177719890e-01	7.380362465265630223e-02	2.985028395661052866e-02	7.889742554624039339e-02
1.240888059802580301e+03	2.432190243004257735e-01	1.570847080299360710e-01	2.603560253261109070e-01	1.566861294966191143e-01	7.383500618232839707e-02	2.986832157122348494e-02	7.895078509313986637e-02
1.242339390866676695e+03	2.430268802724097899e-01	1.569594774230062550e-01	2.604880816362779572e-01	1.567688279586307576e-01	7.386633308003226484e-02	2.988633350617333692e-02	7.900406612325330813e-02
1.243790721930773088e+03	2.428350645709269340e-01	1.568344542547516762e-01	2.606198944774509307e-01	1.568513927188762425e-01	7.389760544146972698e-02	2.990431980183387572e-02	7.905726873447423142e-02
1.245242052994869937e+03	2.426435766410666162e-01	1.567096381737334843e-01	2.607514643075740657e-01	1.569338239920892164e-01	7.392882336217812544e-02	2.992228049851320196e-02	7.911039302462892497e-02
1.246693384058966330e+03	2.424524159288458380e-01	1.565850288291226189e-01	2.608827915836863798e-01	1.570161219926681784e-01	7.395998693753054465e-02	2.994021563645382980e-02	7.916343909147630087e-02
1.248144715123063179e+03	2.422615818812077215e-01	1.564606258706986996e-01	2.610138767619237798e-01	1.570982869346768396e-01	7.399109626273611684e-02	2.995812525583280497e-02	7.921640703270770023e-02
1.249596046187159800e+03	2.420710739460199823e-01	1.563364289488489989e-01	2.611447202975211157e-01	1.571803190318447063e-01	7.402215143284028576e-02	2.997600939676179840e-02	7.926929694594676834e-02
1.251047377251256421e+03	2.418808915720734309e-01	1.562124377145672205e-01	2.612753226448138455e-01	1.572622184975676074e-01	7.405315254272512582e-02	2.999386809928722419e-02	7.932210892874927421e-02
1.252498708315352815e+03	2.416910342090804187e-01	1.560886518194525840e-01	2.614056842572399786e-01	1.573439855449079994e-01	7.408409968710952254e-02	3.001170140339034370e-02	7.937484307860291632e-02
1.253950039379449436e+03	2.415015013076732830e-01	1.559650709157085757e-01	2.615358055873420740e-01	1.574256203865956882e-01	7.411499296054956110e-02	3.002950934898736268e-02	7.942749949292723932e-02
1.255401370443546057e+03	2.413122923194029046e-01	1.558416946561420047e-01	2.616656870867691276e-01	1.575071232350281070e-01	7.414583245743872064e-02	3.004729197592956313e-02	7.948007826907339812e-02
1.256852701507642678e+03	2.411234066967371803e-01	1.557185226941618650e-01	2.617953292062782378e-01	1.575884943022709539e-01	7.417661827200817959e-02	3.006504932400338656e-02	7.953257950432404688e-02
1.258304032571739299e+03	2.409348438930595249e-01	1.555955546837781700e-01	2.619247323957368812e-01	1.576697338000585258e-01	7.420735049832706542e-02	3.008278143293054499e-02	7.958500329589315858e-02
1.259755363635835920e+03	2.407466033626672886e-01	1.554727902796010364e-01	2.620538971041243559e-01	1.577508419397943562e-01	7.423802923030280165e-02	3.010048834236813547e-02	7.963734974092587238e-02
1.261206694699932314e+03	2.405586845607703139e-01	1.553502291368394905e-01	2.621828237795340577e-01	1.578318189325516041e-01	7.426865456168130208e-02	3.011817009190873376e-02	7.968961893649831318e-02
1.262658025764028707e+03	2.403710869434894926e-01	1.552278709113004418e-01	2.623115128691750342e-01	1.579126649890735534e-01	7.429922658604726227e-02	3.013582672108051225e-02	7.974181097961753617e-02
1.264109356828125556e+03	2.401838099678550997e-01	1.551057152593876831e-01	2.624399648193739831e-01	1.579933803197740294e-01	7.432974539682445092e-02	3.015345826934734755e-02	7.979392596722122144e-02
1.265560687892221949e+03	2.399968530918055454e-01	1.549837618381006143e-01	2.625681800755771400e-01	1.580739651347380093e-01	7.436021108727595974e-02	3.017106477610891069e-02	7.984596399617766016e-02
1.267012018956318798e+03	2.398102157741855422e-01	1.548620103050333818e-01	2.626961590823520543e-01	1.581544196437220107e-01	7.439062375050450870e-02	3.018864628070078160e-02	7.989792516328550476e-02
1.268463350020415419e+03	2.396238974747449679e-01	1.547404603183737404e-01	2.628239022833895877e-01	1.582347440561545637e-01	7.442098347945266812e-02	3.020620282239456014e-02	7.994980956527368565e-02
1.269914681084511813e+03	2.394378976541370607e-01	1.546191115369019708e-01	2.629514101215055799e-01	1.583149385811367660e-01	7.445129036690317781e-02	3.022373444039795631e-02	8.000161729880123085e-02
1.271366012148608434e+03	2.392522157739172539e-01	1.544979636199898532e-01	2.630786830386428465e-01	1.583950034274426433e-01	7.448154450547918304e-02	3.024124117385491514e-02	8.005334846045709940e-02
1.272817343212705055e+03	2.390668512965413717e-01	1.543770162275995561e-01	2.632057214758727892e-01	1.584749388035197604e-01	7.451174598764453982e-02	3.025872306184569996e-02	8.010500314676008426e-02
1.274268674276801676e+03	2.388818036853643523e-01	1.542562690202826381e-01	2.633325258733974494e-01	1.585547449174895818e-01	7.454189490570403698e-02	3.027618014338701383e-02	8.015658145415863189e-02
1.275720005340898297e+03	2.386970724046386938e-01	1.541357216591790202e-01	2.634590966705515069e-01	1.586344219771480268e-01	7.457199135180371530e-02	3.029361245743209669e-02	8.020808347903070346e-02
1.277171336404994690e+03	2.385126569195130108e-01	1.540153738060157929e-01	2.635854343058035565e-01	1.587139701899658584e-01	7.460203541793107573e-02	3.031102004287082249e-02	8.025950931768360830e-02
1.278622667469091539e+03	2.383285566960305635e-01	1.538952251231062995e-01	2.637115392167584393e-01	1.587933897630892932e-01	7.463202719591539858e-02	3.032840293852982413e-02	8.031085906635390681e-02
1.280073998533187932e+03	2.381447712011276752e-01	1.537752752733491102e-01	2.638374118401588531e-01	1.588726809033403076e-01	7.466196677742799326e-02	3.034576118317258014e-02	8.036213282120724388e-02
1.281525329597284326e+03	2.379612999026324005e-01	1.536555239202267720e-01	2.639630526118871279e-01	1.589518438172172476e-01	7.469185425398246203e-02	3.036309481549951186e-02	8.041333067833819626e-02
1.282976660661381175e+03	2.377781422692629987e-01	1.535359707278050323e-01	2.640884619669672251e-01	1.590308787108952460e-01	7.472168971693499140e-02	3.038040387414811527e-02	8.046445273377017537e-02
1.284427991725477568e+03	2.375952977706264901e-01	1.534166153607315619e-01	2.642136403395662914e-01	1.591097857902266655e-01	7.475147325748457416e-02	3.039768839769303385e-02	8.051549908345521922e-02
1.285879322789574417e+03	2.374127658772170746e-01	1.532974574842350945e-01	2.643385881629966572e-01	1.591885652607416546e-01	7.478120496667331474e-02	3.041494842464616960e-02	8.056646982327390905e-02
1.287330653853671038e+03	2.372305460604148819e-01	1.531784967641242057e-01	2.644633058697175576e-01	1.592672173276484804e-01	7.481088493538666506e-02	3.043218399345681141e-02	8.061736504903520284e-02
1.288781984917767431e+03	2.370486377924843346e-01	1.530597328667865353e-01	2.645877938913369642e-01	1.593457421958341669e-01	7.484051325435370217e-02	3.044939514251170098e-02	8.066818485647635206e-02
1.290233315981864052e+03	2.368670405465727880e-01	1.529411654591874836e-01	2.647120526586133060e-01	1.594241400698648559e-01	7.487009001414740572e-02	3.046658191013516120e-02	8.071892934126267960e-02
