1.001418434226643626e+03	2.798424998027418398e-01	1.809193923797249304e-01	2.348603384291420848e-01	1.410175323134735814e-01	6.783066988900053607e-02	2.650984097492338487e-02	6.901972621077673287e-02
1.002869765290740247e+03	2.795876655546498668e-01	1.807548689364226746e-01	2.350397598268137711e-01	1.411251813362550955e-01	6.787221675976358448e-02	2.653280053586153792e-02	6.908750705001662218e-02
1.004321096354836754e+03	2.793332657785502215e-01	1.805906193920208958e-01	2.352188490573846325e-01	1.412326549505847906e-01	6.791368977368120174e-02	2.655572793734570225e-02	6.915519311021574300e-02
1.005772427418933376e+03	2.790792997413303889e-01	1.804266432799592479e-01	2.353976067553394946e-01	1.413399534409112424e-01	6.795508906246831848e-02	2.657862322751897502e-02	6.922278449225557906e-02
1.007223758483029997e+03	2.788257667111004312e-01	1.802629401344937599e-01	2.355760335538746586e-01	1.414470770912348019e-01	6.799641475760981324e-02	2.660148645445028007e-02	6.929028129701943206e-02
1.008675089547126618e+03	2.785726659571911012e-01	1.800995094906954475e-01	2.357541300849008981e-01	1.415540261851082615e-01	6.803766699036095655e-02	2.662431766613451364e-02	6.935768362539200538e-02
1.010126420611223239e+03	2.783199967501518435e-01	1.799363508844487869e-01	2.359318969790460407e-01	1.416608010056374378e-01	6.807884589174777179e-02	2.664711691049263115e-02	6.942499157825879341e-02
1.011577751675319632e+03	2.780677583617484627e-01	1.797734638524502437e-01	2.361093348656578272e-01	1.417674018354819487e-01	6.811995159256743759e-02	2.666988423537177549e-02	6.949220525650565139e-02
1.013029082739416367e+03	2.778159500649616809e-01	1.796108479322066909e-01	2.362864443728068531e-01	1.418738289568557687e-01	6.816098422338867646e-02	2.669261968854539507e-02	6.955932476101829576e-02
1.014480413803512761e+03	2.775645711339847499e-01	1.794485026620341872e-01	2.364632261272892888e-01	1.419800826515279502e-01	6.820194391455208782e-02	2.671532331771335131e-02	6.962635019268172132e-02
1.015931744867609382e+03	2.773136208442216200e-01	1.792864275810562291e-01	2.366396807546296832e-01	1.420861632008232900e-01	6.824283079617066150e-02	2.673799517050203661e-02	6.969328165237981265e-02
1.017383075931706003e+03	2.770630984722849410e-01	1.791246222292025292e-01	2.368158088790837668e-01	1.421920708856228566e-01	6.828364499813008304e-02	2.676063529446449235e-02	6.976011924099477512e-02
1.018834406995802851e+03	2.768130032959939535e-01	1.789630861472073231e-01	2.369916111236411438e-01	1.422978059863647671e-01	6.832438665008913614e-02	2.678324373708051293e-02	6.982686305940666305e-02
1.020285738059899245e+03	2.765633345943728227e-01	1.788018188766080374e-01	2.371670881100282346e-01	1.424033687830447703e-01	6.836505588148006352e-02	2.680582054575677067e-02	6.989351320849288007e-02
1.021737069123995752e+03	2.763140916476482523e-01	1.786408199597438462e-01	2.373422404587109402e-01	1.425087595552169684e-01	6.840565282150902482e-02	2.682836576782693036e-02	6.996006978912772123e-02
1.023188400188092373e+03	2.760652737372478183e-01	1.784800889397540891e-01	2.375170687888974175e-01	1.426139785819943995e-01	6.844617759915641586e-02	2.685087945055175673e-02	7.002653290218185944e-02
1.024639731252188767e+03	2.758168801457979713e-01	1.783196253605770498e-01	2.376915737185407718e-01	1.427190261420496764e-01	6.848663034317729881e-02	2.687336164111922901e-02	7.009290264852184593e-02
1.026091062316285615e+03	2.755689101571219268e-01	1.781594287669482080e-01	2.378657558643419989e-01	1.428239025136156526e-01	6.852701118210176301e-02	2.689581238664465884e-02	7.015917912900968001e-02
1.027542393380382237e+03	2.753213630562378333e-01	1.779994987043990173e-01	2.380396158417525110e-01	1.429286079744861715e-01	6.856732024423529970e-02	2.691823173417079440e-02	7.022536244450229559e-02
1.028993724444478858e+03	2.750742381293568295e-01	1.778398347192553519e-01	2.382131542649769951e-01	1.430331428020165385e-01	6.860755765765923220e-02	2.694061973066794874e-02	7.029145269585104772e-02
1.030445055508575479e+03	2.748275346638809902e-01	1.776804363586361735e-01	2.383863717469761334e-01	1.431375072731242426e-01	6.864772355023106287e-02	2.696297642303410041e-02	7.035744998390131011e-02
1.031896386572671872e+03	2.745812519484013836e-01	1.775213031704518940e-01	2.385592688994693233e-01	1.432417016642896501e-01	6.868781804958487558e-02	2.698530185809500798e-02	7.042335440949198944e-02
1.033347717636768493e+03	2.743353892726961285e-01	1.773624347034031268e-01	2.387318463329373142e-01	1.433457262515565878e-01	6.872784128313166874e-02	2.700759608260432793e-02	7.048916607345499796e-02
1.034799048700865114e+03	2.740899459277286176e-01	1.772038305069792152e-01	2.389041046566250659e-01	1.434495813105329531e-01	6.876779337805982717e-02	2.702985914324372227e-02	7.055488507661482334e-02
1.036250379764961508e+03	2.738449212056452420e-01	1.770454901314566509e-01	2.390760444785443029e-01	1.435532671163914920e-01	6.880767446133541354e-02	2.705209108662297302e-02	7.062051151978808450e-02
1.037701710829058356e+03	2.736003143997739473e-01	1.768874131278979078e-01	2.392476664054763724e-01	1.436567839438702698e-01	6.884748465970259856e-02	2.707429195928009666e-02	7.068604550378303208e-02
1.039153041893154750e+03	2.733561248046217362e-01	1.767295990481497769e-01	2.394189710429747431e-01	1.437601320672734218e-01	6.888722409968402183e-02	2.709646180768145174e-02	7.075148712939909046e-02
1.040604372957251599e+03	2.731123517158731140e-01	1.765720474448420618e-01	2.395899589953678355e-01	1.438633117604717904e-01	6.892689290758118037e-02	2.711860067822185333e-02	7.081683649742644138e-02
1.042055704021347992e+03	2.728689944303880344e-01	1.764147578713861630e-01	2.397606308657617147e-01	1.439663232969034534e-01	6.896649120947483114e-02	2.714070861722468059e-02	7.088209370864548275e-02
1.043507035085444613e+03	2.726260522461999014e-01	1.762577298819735239e-01	2.399309872560426160e-01	1.440691669495745564e-01	6.900601913122531017e-02	2.716278567094199126e-02	7.094725886382646785e-02
1.044958366149541234e+03	2.723835244625139040e-01	1.761009630315744645e-01	2.401010287668797483e-01	1.441718429910597843e-01	6.904547679847294894e-02	2.718483188555463614e-02	7.101233206372899176e-02
1.046409697213637855e+03	2.721414103797047401e-01	1.759444568759365446e-01	2.402707559977279306e-01	1.442743516935030279e-01	6.908486433663844906e-02	2.720684730717236668e-02	7.107731340910153350e-02
1.047861028277734476e+03	2.718997092993148401e-01	1.757882109715832308e-01	2.404401695468301736e-01	1.443766933286180498e-01	6.912418187092325694e-02	2.722883198183395290e-02	7.114220300068108127e-02
1.049312359341831097e+03	2.716584205240527572e-01	1.756322248758125371e-01	2.406092700112203997e-01	1.444788681676891506e-01	6.916342952630992469e-02	2.725078595550727359e-02	7.120700093919259122e-02
1.050763690405927491e+03	2.714175433577908358e-01	1.754764981466954699e-01	2.407780579867260795e-01	1.445808764815717518e-01	6.920260742756249861e-02	2.727270927408945167e-02	7.127170732534859887e-02
1.052215021470024112e+03	2.711770771055633800e-01	1.753210303430748906e-01	2.409465340679707857e-01	1.446827185406930061e-01	6.924171569922690783e-02	2.729460198340694088e-02	7.133632225984877506e-02
1.053666352534120733e+03	2.709370210735649320e-01	1.751658210245638503e-01	2.411146988483769960e-01	1.447843946150524919e-01	6.928075446563131123e-02	2.731646412921567152e-02	7.140084584337946794e-02
1.055117683598217127e+03	2.706973745691482747e-01	1.750108697515443401e-01	2.412825529201684527e-01	1.448859049742228233e-01	6.931972385088647215e-02	2.733829575720111288e-02	7.146527817661325888e-02
1.056569014662313975e+03	2.704581369008224323e-01	1.748561760851659042e-01	2.414500968743730769e-01	1.449872498873502336e-01	6.935862397888613307e-02	2.736009691297842938e-02	7.152961936020857392e-02
1.058020345726410369e+03	2.702193073782508947e-01	1.747017395873440848e-01	2.416173313008252999e-01	1.450884296231552961e-01	6.939745497330741808e-02	2.738186764209255691e-02	7.159386949480918416e-02
1.059471676790506763e+03	2.699808853122497854e-01	1.745475598207592016e-01	2.417842567881689220e-01	1.451894444499335357e-01	6.943621695761116597e-02	2.740360799001832770e-02	7.165802868104384493e-02
1.060923007854603611e+03	2.697428700147857517e-01	1.743936363488549912e-01	2.419508739238594996e-01	1.452902946355559277e-01	6.947491005504230488e-02	2.742531800216057788e-02	7.172209701952576844e-02
1.062374338918700232e+03	2.695052607989742999e-01	1.742399687358370253e-01	2.421171832941670377e-01	1.453909804474696477e-01	6.951353438863022705e-02	2.744699772385425507e-02	7.178607461085231844e-02
1.063825669982796853e+03	2.692680569790777412e-01	1.740865565466715725e-01	2.422831854841785704e-01	1.454915021526987651e-01	6.955209008118917735e-02	2.746864720036452934e-02	7.184996155560449682e-02
1.065277001046893474e+03	2.690312578705034152e-01	1.739333993470840722e-01	2.424488810778007430e-01	1.455918600178446598e-01	6.959057725531861416e-02	2.749026647688689734e-02	7.191375795434651330e-02
1.066728332110990095e+03	2.687948627898018028e-01	1.737804967035577186e-01	2.426142706577623376e-01	1.456920543090868270e-01	6.962899603340351462e-02	2.751185559854729679e-02	7.197746390762545243e-02
1.068179663175086489e+03	2.685588710546645830e-01	1.736278481833322118e-01	2.427793548056169093e-01	1.457920852921834320e-01	6.966734653761484652e-02	2.753341461040220706e-02	7.204107951597076009e-02
1.069630994239183110e+03	2.683232819839228012e-01	1.734754533544023702e-01	2.429441341017452849e-01	1.458919532324719492e-01	6.970562888990990136e-02	2.755494355743877410e-02	7.210460487989389655e-02
1.071082325303279504e+03	2.680880948975451483e-01	1.733233117855166594e-01	2.431086091253581161e-01	1.459916583948697999e-01	6.974384321203258574e-02	2.757644248457490413e-02	7.216804009988785074e-02
1.072533656367376352e+03	2.678533091166357405e-01	1.731714230461759152e-01	2.432727804544985162e-01	1.460912010438748521e-01	6.978198962551387941e-02	2.759791143665936419e-02	7.223138527642679330e-02
1.073984987431472746e+03	2.676189239634326200e-01	1.730197867066320117e-01	2.434366486660445028e-01	1.461905814435662809e-01	6.982006825167214048e-02	2.761935045847191406e-02	7.229464050996560476e-02
1.075436318495569594e+03	2.673849387613057016e-01	1.728684023378863899e-01	2.436002143357116068e-01	1.462897998576049297e-01	6.985807921161354961e-02	2.764075959472339292e-02	7.235780590093954245e-02
1.076887649559666215e+03	2.671513528347548849e-01	1.727172695116887813e-01	2.437634780380553423e-01	1.463888565492341698e-01	6.989602262623235973e-02	2.766213889005584084e-02	7.242088154976375480e-02
1.078338980623762609e+03	2.669181655094083894e-01	1.725663878005358476e-01	2.439264403464737330e-01	1.464877517812802898e-01	6.993389861621132630e-02	2.768348838904259937e-02	7.248386755683293436e-02
1.079790311687859230e+03	2.666853761120207555e-01	1.724157567776698208e-01	2.440891018332099205e-01	1.465864858161532724e-01	6.997170730202210975e-02	2.770480813618841215e-02	7.254676402252087375e-02
1.081241642751955851e+03	2.664529839704710135e-01	1.722653760170771153e-01	2.442514630693545519e-01	1.466850589158474050e-01	7.000944880392552527e-02	2.772609817592954634e-02	7.260957104718009092e-02
1.082692973816052472e+03	2.662209884137607951e-01	1.721152450934870515e-01	2.444135246248484161e-01	1.467834713419417514e-01	7.004712324197200080e-02	2.774735855263388978e-02	7.267228873114141285e-02
1.084144304880149093e+03	2.659893887720125583e-01	1.719653635823704396e-01	2.445752870684847757e-01	1.468817233556009572e-01	7.008473073600189618e-02	2.776858931060106547e-02	7.273491717471358697e-02
1.085595635944245487e+03	2.657581843764678098e-01	1.718157310599383314e-01	2.447367509679120312e-01	1.469798152175757766e-01	7.012227140564589178e-02	2.778979049406252524e-02	7.279745647818292031e-02
1.087046967008342108e+03	2.655273745594852186e-01	1.716663471031405763e-01	2.448979168896361358e-01	1.470777471882036558e-01	7.015974537032527991e-02	2.781096214718166773e-02	7.285990674181279381e-02
1.088498298072438729e+03	2.652969586545385616e-01	1.715172112896645451e-01	2.450587853990230935e-01	1.471755195274093986e-01	7.019715274925243664e-02	2.783210431405393898e-02	7.292226806584337084e-02
1.089949629136535123e+03	2.650669359962152805e-01	1.713683231979338251e-01	2.452193570603014017e-01	1.472731324947057219e-01	7.023449366143103001e-02	2.785321703870694693e-02	7.298454055049113931e-02
1.091400960200631971e+03	2.648373059202143720e-01	1.712196824071067214e-01	2.453796324365645765e-01	1.473705863491940049e-01	7.027176822565656122e-02	2.787430036510054818e-02	7.304672429594856464e-02
1.092852291264728365e+03	2.646080677633446121e-01	1.710712884970752301e-01	2.455396120897735124e-01	1.474678813495647334e-01	7.030897656051653122e-02	2.789535433712697979e-02	7.310881940238367349e-02
1.094303622328825213e+03	2.643792208635229457e-01	1.709231410484634561e-01	2.456992965807591744e-01	1.475650177540981378e-01	7.034611878439096799e-02	2.791637899861094257e-02	7.317082596993970678e-02
1.095754953392921607e+03	2.641507645597723219e-01	1.707752396426262809e-01	2.458586864692247076e-01	1.476619958206649430e-01	7.038319501545262091e-02	2.793737439330971559e-02	7.323274409873470336e-02
1.097206284457018228e+03	2.639226981922201398e-01	1.706275838616483354e-01	2.460177823137482123e-01	1.477588158067268120e-01	7.042020537166746030e-02	2.795834056491326367e-02	7.329457388886115310e-02
1.098657615521114849e+03	2.636950211020963053e-01	1.704801732883422793e-01	2.461765846717849648e-01	1.478554779693370402e-01	7.045714997079495501e-02	2.797927755704433805e-02	7.335631544038555274e-02
1.100108946585211470e+03	2.634677326317315105e-01	1.703330075062477467e-01	2.463350940996699712e-01	1.479519825651411657e-01	7.049402893038841933e-02	2.800018541325858049e-02	7.341796885334811451e-02
1.101560277649308091e+03	2.632408321245552907e-01	1.701860860996299851e-01	2.464933111526203813e-01	1.480483298503775247e-01	7.053084236779540162e-02	2.802106417704463420e-02	7.347953422776236365e-02
1.103011608713404712e+03	2.630143189250942481e-01	1.700394086534785243e-01	2.466512363847378764e-01	1.481445200808779172e-01	7.056759040015803119e-02	2.804191389182424110e-02	7.354101166361470820e-02
1.104462939777501106e+03	2.627881923789705532e-01	1.698929747535058710e-01	2.468088703490111113e-01	1.482405535120681350e-01	7.060427314441335145e-02	2.806273460095234928e-02	7.360240126086416146e-02
1.105914270841597499e+03	2.625624518328997237e-01	1.697467839861461769e-01	2.469662135973181571e-01	1.483364303989686273e-01	7.064089071729369451e-02	2.808352634771722409e-02	7.366370311944191174e-02
1.107365601905694348e+03	2.623370966346890154e-01	1.696008359385540176e-01	2.471232666804288047e-01	1.484321509961951668e-01	7.067744323532700046e-02	2.810428917534053828e-02	7.372491733925096158e-02
1.108816932969790741e+03	2.621121261332357011e-01	1.694551301986030323e-01	2.472800301480071183e-01	1.485277155579592667e-01	7.071393081483720588e-02	2.812502312697748655e-02	7.378604402016579467e-02
1.110268264033887590e+03	2.618875396785250165e-01	1.693096663548845082e-01	2.474365045486137116e-01	1.486231243380689293e-01	7.075035357194456309e-02	2.814572824571688614e-02	7.384708326203197337e-02
1.111719595097984211e+03	2.616633366216287726e-01	1.691644439967062985e-01	2.475926904297082176e-01	1.487183775899292570e-01	7.078671162256601479e-02	2.816640457458127744e-02	7.390803516466579182e-02
1.113170926162080832e+03	2.614395163147031353e-01	1.690194627140914896e-01	2.477485883376515652e-01	1.488134755665429521e-01	7.082300508241552717e-02	2.818705215652703502e-02	7.396889982785395667e-02
1.114622257226177226e+03	2.612160781109872931e-01	1.688747220977769581e-01	2.479041988177084765e-01	1.489084185205110100e-01	7.085923406700443683e-02	2.820767103444446131e-02	7.402967735135312921e-02
1.116073588290273847e+03	2.609930213648012365e-01	1.687302217392121773e-01	2.480595224140498267e-01	1.490032067040332198e-01	7.089539869164178387e-02	2.822826125115789758e-02	7.409036783488968936e-02
1.117524919354370468e+03	2.607703454315442593e-01	1.685859612305579958e-01	2.482145596697549195e-01	1.490978403689088849e-01	7.093149907143468658e-02	2.824882284942582464e-02	7.415097137815931938e-02
1.118976250418467089e+03	2.605480496676930158e-01	1.684419401646852221e-01	2.483693111268139853e-01	1.491923197665373235e-01	7.096753532128871611e-02	2.826935587194095989e-02	7.421148808082661530e-02
1.120427581482563710e+03	2.603261334308001329e-01	1.682981581351734590e-01	2.485237773261304295e-01	1.492866451479185341e-01	7.100350755590816021e-02	2.828986036133036841e-02	7.427191804252482321e-02
1.121878912546660331e+03	2.601045960794918233e-01	1.681546147363097432e-01	2.486779588075232195e-01	1.493808167636537232e-01	7.103941588979641175e-02	2.831033636015556701e-02	7.433226136285542296e-02
1.123330243610756725e+03	2.598834369734667193e-01	1.680113095630873243e-01	2.488318561097291881e-01	1.494748348639459434e-01	7.107526043725634346e-02	2.833078391091260750e-02	7.439251814138780894e-02
1.124781574674853118e+03	2.596626554734937087e-01	1.678682422112043326e-01	2.489854697704055320e-01	1.495686996986006490e-01	7.111104131239061321e-02	2.835120305603219815e-02	7.445268847765895703e-02
1.126232905738949967e+03	2.594422509414103240e-01	1.677254122770625855e-01	2.491388003261319206e-01	1.496624115170263891e-01	7.114675862910199711e-02	2.837159383787981118e-02	7.451277247117302216e-02
1.127684236803046360e+03	2.592222227401209111e-01	1.675828193577662550e-01	2.492918483124130224e-01	1.497559705682352804e-01	7.118241250109377805e-02	2.839195629875575916e-02	7.457277022140107459e-02
1.129135567867143209e+03	2.590025702335950752e-01	1.674404630511206193e-01	2.494446142636806696e-01	1.498493771008436448e-01	7.121800304187003716e-02	2.841229048089532333e-02	7.463268182778073911e-02
1.130586898931239830e+03	2.587832927868657373e-01	1.672983429556307855e-01	2.495970987132963281e-01	1.499426313630726204e-01	7.125353036473604240e-02	2.843259642646882995e-02	7.469250738971579262e-02
1.132038229995336451e+03	2.585643897660273582e-01	1.671564586705004407e-01	2.497493021935533186e-01	1.500357336027487998e-01	7.128899458279856771e-02	2.845287417758177520e-02	7.475224700657591426e-02
1.133489561059432845e+03	2.583458605382343842e-01	1.670148097956306033e-01	2.499012252356790920e-01	1.501286840673046186e-01	7.132439580896621223e-02	2.847312377627490496e-02	7.481190077769629687e-02
1.134940892123529466e+03	2.581277044716994151e-01	1.668733959316184012e-01	2.500528683698376442e-01	1.502214830037792159e-01	7.135973415594978886e-02	2.849334526452433972e-02	7.487146880237735558e-02
1.136392223187626087e+03	2.579099209356913169e-01	1.667322166797556848e-01	2.502042321251317092e-01	1.503141306588188231e-01	7.139500973626261571e-02	2.851353868424165439e-02	7.493095117988435305e-02
1.137843554251722708e+03	2.576925093005337231e-01	1.665912716420279160e-01	2.503553170296051733e-01	1.504066272786774572e-01	7.143022266222089078e-02	2.853370407727398930e-02	7.499034800944708035e-02
1.139294885315819101e+03	2.574754689376031469e-01	1.664505604211128642e-01	2.505061236102452127e-01	1.504989731092174210e-01	7.146537304594399731e-02	2.855384148540414044e-02	7.504965939025957933e-02
1.140746216379915950e+03	2.572587992193272610e-01	1.663100826203793015e-01	2.506566523929846246e-01	1.505911683959099689e-01	7.150046099935486454e-02	2.857395095035068083e-02	7.510888542147971247e-02
1.142197547444012343e+03	2.570424995191832318e-01	1.661698378438858648e-01	2.508069039027041591e-01	1.506832133838358623e-01	7.153548663418028697e-02	2.859403251376803692e-02	7.516802620222895470e-02
1.143648878508108737e+03	2.568265692116959986e-01	1.660298256963797514e-01	2.509568786632347392e-01	1.507751083176859519e-01	7.157045006195132675e-02	2.861408621724660650e-02	7.522708183159200479e-02
1.145100209572205586e+03	2.566110076724364975e-01	1.658900457832955255e-01	2.511065771973597371e-01	1.508668534417617613e-01	7.160535139400354965e-02	2.863411210231285239e-02	7.528605240861646619e-02
1.146551540636302207e+03	2.563958142780198846e-01	1.657504977107537303e-01	2.512560000268173610e-01	1.509584489999760970e-01	7.164019074147741362e-02	2.865411021042938919e-02	7.534493803231254172e-02
1.148002871700398828e+03	2.561809884061039821e-01	1.656111810855598054e-01	2.514051476723025980e-01	1.510498952358535762e-01	7.167496821531862961e-02	2.867408058299510815e-02	7.540373880165271436e-02
1.149454202764495449e+03	2.559665294353873910e-01	1.654720955152029216e-01	2.515540206534697676e-01	1.511411923925312095e-01	7.170968392627841137e-02	2.869402326134526393e-02	7.546245481557144197e-02
1.150905533828591842e+03	2.557524367456079917e-01	1.653332406078545369e-01	2.517026194889345758e-01	1.512323407127590669e-01	7.174433798491390568e-02	2.871393828675156135e-02	7.552108617296483806e-02
1.152356864892688463e+03	2.555387097175409461e-01	1.651946159723672314e-01	2.518509446962765019e-01	1.513233404389008052e-01	7.177893050158845600e-02	2.873382570042227677e-02	7.557963297269031100e-02
1.153808195956785084e+03	2.553253477329973098e-01	1.650562212182735966e-01	2.519989967920408525e-01	1.514141918129341957e-01	7.181346158647197719e-02	2.875368554350234487e-02	7.563809531356632809e-02
1.155259527020881706e+03	2.551123501748219780e-01	1.649180559557849035e-01	2.521467762917412037e-01	1.515048950764517621e-01	7.184793134954126081e-02	2.877351785707345927e-02	7.569647329437205474e-02
1.156710858084978327e+03	2.548997164268922422e-01	1.647801197957899366e-01	2.522942837098615110e-01	1.515954504706613637e-01	7.188233990058032208e-02	2.879332268215417309e-02	7.575476701384710465e-02
1.158162189149074720e+03	2.546874458741161251e-01	1.646424123498536618e-01	2.524415195598582184e-01	1.516858582363868058e-01	7.191668734918070516e-02	2.881310005969999269e-02	7.581297657069112350e-02
1.159613520213171569e+03	2.544755379024304931e-01	1.645049332302162270e-01	2.525884843541627012e-01	1.517761186140682839e-01	7.195097380474188564e-02	2.883285003060348170e-02	7.587110206356363629e-02
1.161064851277267962e+03	2.542639918987993908e-01	1.643676820497915192e-01	2.527351786041833193e-01	1.518662318437630776e-01	7.198519937647150646e-02	2.885257263569435474e-02	7.592914359108360323e-02
1.162516182341364356e+03	2.540528072512124869e-01	1.642306584221660537e-01	2.528816028203076383e-01	1.519561981651460225e-01	7.201936417338575258e-02	2.887226791573957799e-02	7.598710125182919772e-02
1.163967513405461204e+03	2.538419833486833532e-01	1.640938619615977812e-01	2.530277575119047606e-01	1.520460178175103150e-01	7.205346830430969796e-02	2.889193591144347331e-02	7.604497514433748717e-02
1.165418844469557826e+03	2.536315195812476331e-01	1.639572922830148383e-01	2.531736431873271020e-01	1.521356910397677620e-01	7.208751187787758308e-02	2.891157666344780150e-02	7.610276536710411377e-02
1.166870175533654447e+03	2.534214153399615421e-01	1.638209490020144377e-01	2.533192603539132781e-01	1.522252180704495861e-01	7.212149500253321743e-02	2.893119021233186983e-02	7.616047201858305860e-02
1.168321506597751068e+03	2.532116700168999257e-01	1.636848317348614523e-01	2.534646095179894920e-01	1.523145991477069250e-01	7.215541778653021543e-02	2.895077659861262920e-02	7.621809519718628079e-02
1.169772837661847461e+03	2.530022830051550931e-01	1.635489400984874164e-01	2.536096911848724766e-01	1.524038345093114144e-01	7.218928033793238497e-02	2.897033586274476782e-02	7.627563500128346774e-02
1.171224168725944082e+03	2.527932536988345413e-01	1.634132737104892763e-01	2.537545058588709379e-01	1.524929243926556877e-01	7.222308276461406051e-02	2.898986804512081183e-02	7.633309152920170204e-02
1.172675499790040703e+03	2.525845814930596234e-01	1.632778321891281414e-01	2.538990540432883303e-01	1.525818690347540973e-01	7.225682517426038065e-02	2.900937318607121895e-02	7.639046487922522555e-02
1.174126830854137097e+03	2.523762657839638268e-01	1.631426151533281466e-01	2.540433362404246886e-01	1.526706686722431039e-01	7.229050767436764890e-02	2.902885132586447911e-02	7.644775514959509244e-02
1.175578161918233945e+03	2.521683059686911088e-01	1.630076222226752303e-01	2.541873529515789598e-01	1.527593235413819694e-01	7.232413037224362518e-02	2.904830250470720812e-02	7.650496243850893330e-02
1.177029492982330339e+03	2.519607014453942306e-01	1.628728530174158584e-01	2.543311046770508344e-01	1.528478338780533130e-01	7.235769337500790044e-02	2.906772676274424483e-02	7.656208684412062204e-02
1.178480824046426733e+03	2.517534516132330369e-01	1.627383071584561081e-01	2.544745919161433556e-01	1.529361999177636100e-01	7.239119678959218818e-02	2.908712414005875171e-02	7.661912846454005388e-02
1.179932155110523581e+03	2.515465558723728456e-01	1.626039842673601687e-01	2.546178151671645296e-01	1.530244218956438307e-01	7.242464072274062969e-02	2.910649467667229817e-02	7.667608739783281224e-02
1.181383486174620202e+03	2.513400136239828386e-01	1.624698839663493155e-01	2.547607749274300448e-01	1.531125000464499952e-01	7.245802528101015494e-02	2.912583841254497846e-02	7.673296374201986347e-02
1.182834817238716823e+03	2.511338242702342294e-01	1.623360058783007431e-01	2.549034716932649935e-01	1.532004346045636178e-01	7.249135057077077393e-02	2.914515538757548457e-02	7.678975759507736254e-02
1.184286148302813444e+03	2.509279872142988199e-01	1.622023496267463172e-01	2.550459059600060918e-01	1.532882258039925116e-01	7.252461669820592371e-02	2.916444564160122072e-02	7.684646905493631996e-02
1.185737479366910065e+03	2.507225018603473354e-01	1.620689148358714360e-01	2.551880782220039001e-01	1.533758738783711217e-01	7.255782376931275979e-02	2.918370921439838311e-02	7.690309821948232427e-02
1.187188810431006686e+03	2.505173676135476479e-01	1.619357011305138649e-01	2.553299889726247107e-01	1.534633790609611914e-01	7.259097188990251692e-02	2.920294614568206756e-02	7.695964518655526443e-02
1.188640141495103080e+03	2.503125838800632774e-01	1.618027081361625152e-01	2.554716387042529346e-01	1.535507415846523449e-01	7.262406116560077285e-02	2.922215647510636310e-02	7.701611005394910781e-02
1.190091472559199701e+03	2.501081500670515601e-01	1.616699354789563059e-01	2.556130279082931001e-01	1.536379616819625593e-01	7.265709170184782295e-02	2.924134024226443529e-02	7.707249291941155322e-02
1.191542803623296322e+03	2.499040655826622326e-01	1.615373827856830258e-01	2.557541570751718507e-01	1.537250395850388029e-01	7.269006360389894394e-02	2.926049748668864067e-02	7.712879388064382280e-02
1.192994134687392716e+03	2.497003298360356283e-01	1.614050496837781679e-01	2.558950266943402219e-01	1.538119755256575627e-01	7.272297697682478246e-02	2.927962824785059967e-02	7.718501303530035662e-02
1.194445465751489564e+03	2.494969422373010948e-01	1.612729358013237080e-01	2.560356372542755832e-01	1.538987697352254547e-01	7.275583192551159095e-02	2.929873256516131452e-02	7.724115048098856295e-02
1.195896796815585958e+03	2.492939021975754676e-01	1.611410407670469114e-01	2.561759892424839147e-01	1.539854224447796682e-01	7.278862855466161630e-02	2.931781047797124909e-02	7.729720631526852681e-02
1.197348127879682352e+03	2.490912091289612662e-01	1.610093642103193057e-01	2.563160831455015831e-01	1.540719338849886877e-01	7.282136696879337734e-02	2.933686202557042252e-02	7.735318063565280178e-02
1.198799458943779200e+03	2.488888624445452225e-01	1.608779057611554597e-01	2.564559194488975069e-01	1.541583042861526531e-01	7.285404727224197019e-02	2.935588724718851336e-02	7.740907353960604920e-02
1.200250790007875821e+03	2.486868615583966158e-01	1.607466650502118177e-01	2.565954986372756541e-01	1.542445338782040543e-01	7.288666956915941519e-02	2.937488618199494625e-02	7.746488512454491326e-02
1.201702121071972442e+03	2.484852058855655521e-01	1.606156417087855337e-01	2.567348211942764857e-01	1.543306228907082855e-01	7.291923396351494835e-02	2.939385886909898216e-02	7.752061548783761857e-02
1.203153452136069063e+03	2.482838948420814928e-01	1.604848353688133333e-01	2.568738876025795093e-01	1.544165715528641181e-01	7.295174055909535438e-02	2.941280534754982592e-02	7.757626472680383134e-02
1.204604783200165684e+03	2.480829278449515063e-01	1.603542456628703761e-01	2.570126983439049995e-01	1.545023800935043101e-01	7.298418945950525816e-02	2.943172565633670953e-02	7.763183293871429858e-02
1.206056114264262078e+03	2.478823043121588243e-01	1.602238722241691726e-01	2.571512538990161079e-01	1.545880487410961623e-01	7.301658076816748555e-02	2.945061983438898232e-02	7.768732022079069544e-02
1.207507445328358699e+03	2.476820236626610938e-01	1.600937146865582805e-01	2.572895547477212497e-01	1.546735777237420451e-01	7.304891458832329931e-02	2.946948792057622196e-02	7.774272667020529215e-02
1.208958776392455093e+03	2.474820853163887946e-01	1.599637726845212771e-01	2.574276013688756581e-01	1.547589672691799256e-01	7.308119102303275993e-02	2.948832995370830393e-02	7.779805238408073198e-02
1.210410107456551941e+03	2.472824886942436573e-01	1.598340458531756769e-01	2.575653942403838270e-01	1.548442176047840069e-01	7.311341017517505869e-02	2.950714597253551591e-02	7.785329745948973978e-02
1.211861438520648335e+03	2.470832332180971369e-01	1.597045338282715998e-01	2.577029338392011759e-01	1.549293289575651988e-01	7.314557214744876745e-02	2.952593601574863072e-02	7.790846199345498324e-02
1.213312769584745183e+03	2.468843183107885808e-01	1.595752362461908547e-01	2.578402206413364373e-01	1.550143015541717573e-01	7.317767704237219950e-02	2.954470012197902076e-02	7.796354608294869815e-02
1.214764100648841804e+03	2.466857433961240076e-01	1.594461527439456350e-01	2.579772551218534327e-01	1.550991356208896443e-01	7.320972496228370097e-02	2.956343832979873784e-02	7.801854982489249413e-02
1.216215431712937971e+03	2.464875078988740809e-01	1.593172829591774919e-01	2.581140377548731268e-01	1.551838313836433059e-01	7.324171600934194226e-02	2.958215067772059989e-02	7.807347331615711872e-02
1.217666762777034819e+03	2.462896112447728880e-01	1.591886265301561965e-01	2.582505690135757925e-01	1.552683890679960599e-01	7.327365028552626502e-02	2.960083720419829853e-02	7.812831665356222144e-02
1.219118093841131440e+03	2.460920528605160806e-01	1.590601830957785179e-01	2.583868493702029534e-01	1.553528088991506795e-01	7.330552789263697355e-02	2.961949794762648927e-02	7.818307993387604848e-02
1.220569424905228061e+03	2.458948321737594866e-01	1.589319522955672248e-01	2.585228792960593269e-01	1.554370911019500034e-01	7.333734893229562624e-02	2.963813294634086090e-02	7.823776325381526231e-02
1.222020755969324682e+03	2.456979486131174173e-01	1.588039337696698916e-01	2.586586592615147118e-01	1.555212359008774359e-01	7.336911350594536863e-02	2.965674223861826386e-02	7.829236671004469184e-02
1.223472087033421303e+03	2.455014016081611405e-01	1.586761271588577882e-01	2.587941897360063193e-01	1.556052435200574735e-01	7.340082171485121099e-02	2.967532586267677269e-02	7.834689039917708264e-02
1.224923418097517697e+03	2.453051905894172990e-01	1.585485321045248253e-01	2.589294711880405497e-01	1.556891141832562331e-01	7.343247366010038912e-02	2.969388385667579011e-02	7.840133441777283330e-02
1.226374749161614318e+03	2.451093149883662170e-01	1.584211482486863054e-01	2.590645040851948799e-01	1.557728481138820620e-01	7.346406944260258642e-02	2.971241625871613723e-02	7.845569886233984269e-02
1.227826080225710712e+03	2.449137742374405124e-01	1.582939752339778683e-01	2.591992888941200834e-01	1.558564455349859823e-01	7.349560916309029468e-02	2.973092310684014375e-02	7.850998382933317699e-02
1.229277411289807560e+03	2.447185677700234041e-01	1.581670127036544637e-01	2.593338260805421180e-01	1.559399066692623570e-01	7.352709292211914716e-02	2.974940443903174164e-02	7.856418941515488918e-02
1.230728742353903954e+03	2.445236950204471849e-01	1.580402603015891583e-01	2.594681161092639576e-01	1.560232317390493340e-01	7.355852082006816839e-02	2.976786029321655189e-02	7.861831571615378322e-02
1.232180073418000802e+03	2.443291554239916674e-01	1.579137176722719971e-01	2.596021594441678682e-01	1.561064209663294566e-01	7.358989295714006562e-02	2.978629070726198508e-02	7.867236282862517804e-02
1.233631404482097196e+03	2.441349484168825468e-01	1.577873844608090326e-01	2.597359565482170174e-01	1.561894745727300804e-01	7.362120943336160350e-02	2.980469571897731429e-02	7.872633084881064391e-02
1.235082735546193817e+03	2.439410734362900124e-01	1.576612603129210755e-01	2.598695078834576400e-01	1.562723927795240664e-01	7.365247034858384001e-02	2.982307536611378609e-02	7.878021987289787753e-02
1.236534066610290438e+03	2.437475299203269163e-01	1.575353448749426399e-01	2.600028139110210357e-01	1.563551758076302256e-01	7.368367580248247339e-02	2.984142968636469689e-02	7.883402999702035507e-02
1.237985397674387059e+03	2.435543173080475243e-01	1.574096377938208613e-01	2.601358750911254014e-01	1.564378238776138741e-01	7.371482589455810586e-02	2.985975871736548659e-02	7.888776131725716567e-02
1.239436728738483680e+03	2.433614350394457115e-01	1.572841387171143857e-01	2.602686918830778295e-01	1.565203372096873879e-01	7.374592072413656274e-02	2.987806249669383921e-02	7.894141392963278936e-02
1.240888059802580301e+03	2.431688825554535749e-01	1.571588472929923153e-01	2.604012647452761953e-01	1.566027160237106752e-01	7.377696039036921172e-02	2.989634106186975226e-02	7.899498793011686115e-02
1.242339390866676695e+03	2.429766592979397677e-01	1.570337631702330428e-01	2.605335941352111551e-01	1.566849605391918143e-01	7.380794499223322647e-02	2.991459445035564782e-02	7.904848341462394901e-02
1.243790721930773088e+03	2.427847647097080841e-01	1.569088859982232242e-01	2.606656805094680895e-01	1.567670709752874980e-01	7.383887462853191974e-02	2.993282269955645225e-02	7.910190047901334565e-02
1.245242052994869937e+03	2.425931982344957938e-01	1.567842154269566968e-01	2.607975243237289353e-01	1.568490475508036719e-01	7.386974939789500705e-02	2.995102584681968300e-02	7.915523921908881877e-02
1.246693384058966330e+03	2.424019593169721987e-01	1.566597511070332849e-01	2.609291260327742945e-01	1.569308904841958396e-01	7.390056939877895359e-02	2.996920392943553876e-02	7.920849973059844451e-02
1.248144715123063179e+03	2.422110474027369953e-01	1.565354926896578291e-01	2.610604860904852109e-01	1.570125999935699235e-01	7.393133472946723794e-02	2.998735698463701055e-02	7.926168210923437152e-02
1.249596046187159800e+03	2.420204619383188316e-01	1.564114398266390482e-01	2.611916049498451131e-01	1.570941762966825417e-01	7.396204548807061574e-02	3.000548504959993021e-02	7.931478645063257116e-02
1.251047377251256421e+03	2.418302023711737248e-01	1.562875921703885396e-01	2.613224830629415352e-01	1.571756196109416193e-01	7.399270177252752212e-02	3.002358816144309189e-02	7.936781285037265710e-02
1.252498708315352815e+03	2.416402681496835070e-01	1.561639493739195306e-01	2.614531208809685592e-01	1.572569301534069430e-01	7.402330368060426602e-02	3.004166635722833184e-02	7.942076140397766326e-02
1.253950039379449436e+03	2.414506587231543822e-01	1.560405110908459625e-01	2.615835188542280365e-01	1.573381081407906334e-01	7.405385130989537712e-02	3.005971967396061859e-02	7.947363220691384955e-02
1.255401370443546057e+03	2.412613735418153160e-01	1.559172769753813803e-01	2.617136774321319748e-01	1.574191537894577553e-01	7.408434475782386952e-02	3.007774814858813275e-02	7.952642535459047979e-02
1.256852701507642678e+03	2.410724120568165652e-01	1.557942466823377670e-01	2.618435970632043142e-01	1.575000673154267061e-01	7.411478412164160257e-02	3.009575181800237115e-02	7.957914094235959968e-02
1.258304032571739299e+03	2.408837737202281226e-01	1.556714198671245997e-01	2.619732781950827039e-01	1.575808489343699659e-01	7.414516949842946125e-02	3.011373071903821613e-02	7.963177906551585639e-02
1.259755363635835920e+03	2.406954579850382470e-01	1.555487961857477675e-01	2.621027212745205004e-01	1.576614988616144020e-01	7.417550098509777257e-02	3.013168488847404319e-02	7.968433981929624876e-02
1.261206694699932314e+03	2.405074643051518801e-01	1.554263752948084054e-01	2.622319267473885440e-01	1.577420173121419356e-01	7.420577867838651365e-02	3.014961436303180073e-02	7.973682329887997466e-02
1.262658025764028707e+03	2.403197921353891486e-01	1.553041568515018123e-01	2.623608950586771571e-01	1.578224045005899301e-01	7.423600267486565873e-02	3.016751917937709332e-02	7.978922959938820891e-02
1.264109356828125556e+03	2.401324409314839203e-01	1.551821405136166176e-01	2.624896266524979760e-01	1.579026606412519129e-01	7.426617307093544285e-02	3.018539937411927193e-02	7.984155881588388126e-02
1.265560687892221949e+03	2.399454101500822223e-01	1.550603259395335054e-01	2.626181219720857274e-01	1.579827859480779084e-01	7.429628996282663933e-02	3.020325498381153106e-02	7.989381104337150985e-02
1.267012018956318798e+03	2.397586992487407698e-01	1.549387127882241866e-01	2.627463814598001712e-01	1.580627806346751041e-01	7.432635344660090682e-02	3.022108604495098508e-02	7.994598637679696529e-02
1.268463350020415419e+03	2.395723076859254397e-01	1.548173007192504003e-01	2.628744055571279881e-01	1.581426449143082114e-01	7.435636361815102513e-02	3.023889259397875839e-02	7.999808491104727637e-02
1.269914681084511813e+03	2.393862349210097717e-01	1.546960893927628033e-01	2.630021947046846109e-01	1.582223789999001595e-01	7.438632057320121449e-02	3.025667466728007571e-02	8.005010674095046352e-02
1.271366012148608434e+03	2.392004804142735253e-01	1.545750784694999713e-01	2.631297493422160017e-01	1.583019831040325121e-01	7.441622440730742694e-02	3.027443230118434525e-02	8.010205196127533067e-02
1.272817343212705055e+03	2.390150436269010970e-01	1.544542676107873158e-01	2.632570699086005939e-01	1.583814574389460217e-01	7.444607521585759613e-02	3.029216553196525247e-02	8.015392066673125704e-02
1.274268674276801676e+03	2.388299240209800778e-01	1.543336564785360299e-01	2.633841568418510692e-01	1.584608022165411578e-01	7.447587309407197043e-02	3.030987439584084328e-02	8.020571295196800288e-02
1.275720005340898297e+03	2.386451210594997541e-01	1.542132447352420888e-01	2.635110105791161894e-01	1.585400176483786061e-01	7.450561813700343206e-02	3.032755892897360042e-02	8.025742891157550130e-02
1.277171336404994690e+03	2.384606342063495810e-01	1.540930320439851398e-01	2.636376315566827389e-01	1.586191039456797680e-01	7.453531043953769142e-02	3.034521916747055445e-02	8.030906864008373336e-02
1.278622667469091539e+03	2.382764629263178224e-01	1.539730180684274474e-01	2.637640202099771902e-01	1.586980613193273160e-01	7.456495009639364790e-02	3.036285514738334620e-02	8.036063223196247829e-02
1.280073998533187932e+03	2.380926066850898581e-01	1.538532024728129777e-01	2.638901769735676472e-01	1.587768899798656652e-01	7.459453720212363970e-02	3.038046690470832742e-02	8.041211978162113305e-02
1.281525329597284326e+03	2.379090649492468790e-01	1.537335849219662043e-01	2.640161022811656211e-01	1.588555901375016122e-01	7.462407185111374908e-02	3.039805447538663705e-02	8.046353138340853195e-02
1.282976660661381175e+03	2.377258371862643327e-01	1.536141650812912207e-01	2.641417965656279176e-01	1.589341620021046120e-01	7.465355413758413550e-02	3.041561789530429494e-02	8.051486713161275233e-02
1.284427991725477568e+03	2.375429228645104529e-01	1.534949426167705189e-01	2.642672602589583031e-01	1.590126057832075557e-01	7.468298415558917436e-02	3.043315720029229204e-02	8.056612712046094804e-02
1.285879322789574417e+03	2.373603214532448435e-01	1.533759171949641287e-01	2.643924937923093910e-01	1.590909216900071588e-01	7.471236199901794273e-02	3.045067242612666328e-02	8.061731144411915517e-02
1.287330653853671038e+03	2.371780324226168968e-01	1.532570884830085634e-01	2.645174975959844743e-01	1.591691099313644053e-01	7.474168776159434424e-02	3.046816360852857425e-02	8.066842019669206998e-02
1.288781984917767431e+03	2.369960552436644052e-01	1.531384561486156259e-01	2.646422720994393574e-01	1.592471707158051863e-01	7.477096153687744218e-02	3.048563078316442534e-02	8.071945347222296563e-02
1.290233315981864052e+03	2.368143893883119799e-01	1.530200198600716044e-01	2.647668177312839655e-01	1.593251042515207438e-01	7.480018341826176476e-02	3.050307398564591418e-02	8.077041136469340077e-02
