1.001418434226643626e+03	2.798376030748724319e-01	1.809275634377517372e-01	2.348672165890666186e-01	1.410169072663688961e-01	6.782243659500716837e-02	2.651219899963131593e-02	6.901607403708599764e-02
1.003837319333471214e+03	2.794130411105900658e-01	1.806536388411100202e-01	2.351662017994641807e-01	1.411961010608879796e-01	6.789146208342065891e-02	2.655055296447807883e-02	6.912900213983322328e-02
1.006256204440298802e+03	2.789896851371780340e-01	1.803804736009806120e-01	2.354642662392893715e-01	1.413748069793254181e-01	6.796028161100654830e-02	2.658881880519056717e-02	6.924166762681373266e-02
1.008675089547126618e+03	2.785675317632490544e-01	1.801080655639962225e-01	2.357614128336272818e-01	1.415530263460944294e-01	6.802889579631468675e-02	2.662699673493503644e-02	6.935407096156749607e-02
1.011093974653954206e+03	2.781465776068455242e-01	1.798364125830610172e-01	2.360576444976831556e-01	1.417307604821037292e-01	6.809730525607479712e-02	2.666508696635217293e-02	6.946621260766380757e-02
1.013512859760782021e+03	2.777268192954133741e-01	1.795655125173315769e-01	2.363529641368184719e-01	1.419080107047659689e-01	6.816551060520173455e-02	2.670308971155842259e-02	6.957809302869462365e-02
1.015931744867609382e+03	2.773082534657766440e-01	1.792953632321980517e-01	2.366473746465869166e-01	1.420847783280065335e-01	6.823351245680067678e-02	2.674100518214728162e-02	6.968971268826808230e-02
1.018350629974437197e+03	2.768908767641118374e-01	1.790259625992651482e-01	2.369408789127700476e-01	1.422610646622722574e-01	6.830131142217232831e-02	2.677883358919059403e-02	6.980107205000192494e-02
1.020769515081264785e+03	2.764746858459223300e-01	1.787573084963336723e-01	2.372334798114132115e-01	1.424368710145398897e-01	6.836890811081818009e-02	2.681657514323985275e-02	6.991217157751702937e-02
1.023188400188092373e+03	2.760596773760129463e-01	1.784893988073812943e-01	2.375251802088609032e-01	1.426121986883248649e-01	6.843630313044564428e-02	2.685423005432748325e-02	7.002301173443105375e-02
1.025607285294920075e+03	2.756458480284644241e-01	1.782222314225443416e-01	2.378159829617921828e-01	1.427870489836898238e-01	6.850349708697320295e-02	2.689179853196814463e-02	7.013359298435203892e-02
1.028026170401747549e+03	2.752331944866083235e-01	1.779558042380988692e-01	2.381058909172560079e-01	1.429614231972532457e-01	6.857049058453563994e-02	2.692928078516000981e-02	7.024391579087206627e-02
1.030445055508575479e+03	2.748217134430014919e-01	1.776901151564422854e-01	2.383949069127061227e-01	1.431353226221979691e-01	6.863728422548912023e-02	2.696667702238604580e-02	7.035398061756105437e-02
1.032863940615402726e+03	2.744114015994011391e-01	1.774251620860747003e-01	2.386830337760363352e-01	1.433087485482798240e-01	6.870387861041633848e-02	2.700398745161530084e-02	7.046378792796050006e-02
1.035282825722230655e+03	2.740022556667393028e-01	1.771609429415806347e-01	2.389702743256150730e-01	1.434817022618360416e-01	6.877027433813162616e-02	2.704121228030417420e-02	7.057333818557733063e-02
1.037701710829058356e+03	2.735942723650981456e-01	1.768974556436105072e-01	2.392566313703201608e-01	1.436541850457938863e-01	6.883647200568605851e-02	2.707835171539769298e-02	7.068263185387776981e-02
1.040120595935886058e+03	2.731874484236846978e-01	1.766346981188624266e-01	2.395421077095734874e-01	1.438261981796790379e-01	6.890247220837251996e-02	2.711540596333078534e-02	7.079166939628127320e-02
1.042539481042713533e+03	2.727817805808061546e-01	1.763726683000637896e-01	2.398267061333753114e-01	1.439977429396241126e-01	6.896827553973078340e-02	2.715237523002953651e-02	7.090045127615453302e-02
1.044958366149541234e+03	2.723772655838447854e-01	1.761113641259532125e-01	2.401104294223385394e-01	1.441688205983772120e-01	6.903388259155254780e-02	2.718925972091246895e-02	7.100897795680545521e-02
1.047377251256368709e+03	2.719739001892331753e-01	1.758507835412623233e-01	2.403932803477228652e-01	1.443394324253101657e-01	6.909929395388653139e-02	2.722605964089179140e-02	7.111724990147727521e-02
1.049796136363196410e+03	2.715716811624296900e-01	1.755909244966976646e-01	2.406752616714689097e-01	1.445095796864271365e-01	6.916451021504342600e-02	2.726277519437466518e-02	7.122526757334263214e-02
1.052215021470024112e+03	2.711706052778934950e-01	1.753317849489226532e-01	2.409563761462318876e-01	1.446792636443728908e-01	6.922953196160097633e-02	2.729940658526444977e-02	7.133303143549778180e-02
1.054633906576851814e+03	2.707706693190600200e-01	1.750733628605396497e-01	2.412366265154155531e-01	1.448484855584412923e-01	6.929435977840892047e-02	2.733595401696196567e-02	7.144054195095675408e-02
1.057052791683679516e+03	2.703718700783165341e-01	1.748156562000719172e-01	2.415160155132056452e-01	1.450172466845835728e-01	6.935899424859401363e-02	2.737241769236672950e-02	7.154779958264564921e-02
1.059471676790506763e+03	2.699742043569776651e-01	1.745586629419459967e-01	2.417945458646034995e-01	1.451855482754167981e-01	6.942343595356496866e-02	2.740879781387821346e-02	7.165480479339694786e-02
1.061890561897334692e+03	2.695776689652607527e-01	1.743023810664736384e-01	2.420722202854592719e-01	1.453533915802320553e-01	6.948768547301743814e-02	2.744509458339707691e-02	7.176155804594382126e-02
1.064309447004162394e+03	2.691822607222618124e-01	1.740468085598342041e-01	2.423490414825052730e-01	1.455207778450028633e-01	6.955174338493894104e-02	2.748130820232641200e-02	7.186805980291455231e-02
1.066728332110990095e+03	2.687879764559308882e-01	1.737919434140570152e-01	2.426250121533889414e-01	1.456877083123934713e-01	6.961561026561378929e-02	2.751743887157297522e-02	7.197431052682698449e-02
1.069147217217817570e+03	2.683948130030482937e-01	1.735377836270035334e-01	2.429001349867058179e-01	1.458541842217670470e-01	6.967928668962801442e-02	2.755348679154842953e-02	7.208031068008295683e-02
1.071566102324645271e+03	2.680027672091999658e-01	1.732843272023499581e-01	2.431744126620324353e-01	1.460202068091940864e-01	6.974277322987426642e-02	2.758945216217056559e-02	7.218606072496287773e-02
1.073984987431472746e+03	2.676118359287536497e-01	1.730315721495696291e-01	2.434478478499589316e-01	1.461857773074604627e-01	6.980607045755667095e-02	2.762533518286452300e-02	7.229156112362028486e-02
1.076403872538300675e+03	2.672220160248348630e-01	1.727795164839155684e-01	2.437204432121216902e-01	1.463508969460758369e-01	6.986917894219572822e-02	2.766113605256403929e-02	7.239681233807644667e-02
1.078822757645127922e+03	2.668333043693028039e-01	1.725281582264031055e-01	2.439922014012357032e-01	1.465155669512817060e-01	6.993209925163318408e-02	2.769685496971264690e-02	7.250181483021501949e-02
1.081241642751955851e+03	2.664456978427265921e-01	1.722774954037924189e-01	2.442631250611268512e-01	1.466797885460597306e-01	6.999483195203684560e-02	2.773249213226490137e-02	7.260656906177678782e-02
1.083660527858783553e+03	2.660591933343613436e-01	1.720275260485713276e-01	2.445332168267642381e-01	1.468435629501398665e-01	7.005737760790542445e-02	2.776804773768759213e-02	7.271107549435436301e-02
1.086079412965611255e+03	2.656737877421242455e-01	1.717782481989380550e-01	2.448024793242920827e-01	1.470068913800083865e-01	7.011973678207336635e-02	2.780352198296095687e-02	7.281533458938697911e-02
1.088498298072438729e+03	2.652894779725712415e-01	1.715296598987839649e-01	2.450709151710617484e-01	1.471697750489162071e-01	7.018191003571562503e-02	2.783891506457989579e-02	7.291934680815534420e-02
1.090917183179266431e+03	2.649062609408729951e-01	1.712817591976764642e-01	2.453385269756634401e-01	1.473322151668869096e-01	7.024389792835250557e-02	2.787422717855516513e-02	7.302311261177651946e-02
1.093336068286093905e+03	2.645241335707914088e-01	1.710345441508419051e-01	2.456053173379580123e-01	1.474942129407248725e-01	7.030570101785436898e-02	2.790945852041459493e-02	7.312663246119878446e-02
1.095754953392921607e+03	2.641430927946562535e-01	1.707880128191485991e-01	2.458712888491084436e-01	1.476557695740232656e-01	7.036731986044644782e-02	2.794460928520427906e-02	7.322990681719665496e-02
1.098173838499749309e+03	2.637631355533415767e-01	1.705421632690897749e-01	2.461364440916112284e-01	1.478168862671721817e-01	7.042875501071360622e-02	2.797967966748977214e-02	7.333293614036581753e-02
1.100592723606577010e+03	2.633842587962421655e-01	1.702969935727667028e-01	2.464007856393277962e-01	1.479775642173667694e-01	7.049000702160501675e-02	2.801466986135729351e-02	7.343572089111823076e-02
1.103011608713404712e+03	2.630064594812504541e-01	1.700525018078718476e-01	2.466643160575155980e-01	1.481378046186151154e-01	7.055107644443894821e-02	2.804958006041490676e-02	7.353826152967714302e-02
1.105430493820231959e+03	2.626297345747330425e-01	1.698086860576719925e-01	2.469270379028591644e-01	1.482976086617463218e-01	7.061196382890742862e-02	2.808441045779371675e-02	7.364055851607227698e-02
1.107849378927059888e+03	2.622540810515077703e-01	1.695655444109915311e-01	2.471889537235011369e-01	1.484569775344185549e-01	7.067266972308096362e-02	2.811916124614904922e-02	7.374261231013494455e-02
1.110268264033887590e+03	2.618794958948202356e-01	1.693230749621957298e-01	2.474500660590730206e-01	1.486159124211268723e-01	7.073319467341325495e-02	2.815383261766163728e-02	7.384442337149327296e-02
1.112687149140715292e+03	2.615059760963208135e-01	1.690812758111740755e-01	2.477103774407258263e-01	1.487744145032113274e-01	7.079353922474576621e-02	2.818842476403879416e-02	7.394599215956740301e-02
1.115106034247542766e+03	2.611335186560416743e-01	1.688401450633237044e-01	2.479698903911607410e-01	1.489324849588649358e-01	7.085370392031249687e-02	2.822293787651560318e-02	7.404731913356485395e-02
1.117524919354370468e+03	2.607621205823739130e-01	1.685996808295328053e-01	2.482286074246595475e-01	1.490901249631413628e-01	7.091368930174456187e-02	2.825737214585606963e-02	7.414840475247573559e-02
1.119943804461197942e+03	2.603917788920443455e-01	1.683598812261641597e-01	2.484865310471149613e-01	1.492473356879631119e-01	7.097349590907484074e-02	2.829172776235432119e-02	7.424924947506821027e-02
1.122362689568025871e+03	2.600224906100930267e-01	1.681207443750387109e-01	2.487436637560608010e-01	1.494041183021292407e-01	7.103312428074258500e-02	2.832600491583574243e-02	7.434985375988380218e-02
1.124781574674853118e+03	2.596542527698501579e-01	1.678822684034191326e-01	2.490000080407021865e-01	1.495604739713233267e-01	7.109257495359802559e-02	2.836020379565817526e-02	7.445021806523291485e-02
1.127200459781681047e+03	2.592870624129134383e-01	1.676444514439934530e-01	2.492555663819454592e-01	1.497164038581212664e-01	7.115184846290698029e-02	2.839432459071304302e-02	7.455034284919026533e-02
1.129619344888508749e+03	2.589209165891255271e-01	1.674072916348589013e-01	2.495103412524280195e-01	1.498719091219991584e-01	7.121094534235541951e-02	2.842836748942654743e-02	7.465022856959038777e-02
1.132038229995336451e+03	2.585558123565512290e-01	1.671707871195055595e-01	2.497643351165481362e-01	1.500269909193410467e-01	7.126986612405401822e-02	2.846233267976079270e-02	7.474987568402319260e-02
1.134457115102163925e+03	2.581917467814551781e-01	1.669349360468000976e-01	2.500175504304945062e-01	1.501816504034468591e-01	7.132861133854272173e-02	2.849622034921496169e-02	7.484928464982959495e-02
1.136876000208991627e+03	2.578287169382792454e-01	1.666997365709699530e-01	2.502699896422758696e-01	1.503358887245400399e-01	7.138718151479531149e-02	2.853003068482645038e-02	7.494845592409707380e-02
1.139294885315819101e+03	2.574667199096201120e-01	1.664651868515868438e-01	2.505216551917502921e-01	1.504897070297753769e-01	7.144557718022388759e-02	2.856376387317202670e-02	7.504738996365541148e-02
1.141713770422646803e+03	2.571057527862068426e-01	1.662312850535510034e-01	2.507725495106545854e-01	1.506431064632468009e-01	7.150379886068342072e-02	2.859742010036897195e-02	7.514608722507234995e-02
1.144132655529474505e+03	2.567458126668786256e-01	1.659980293470751656e-01	2.510226750226333126e-01	1.507960881659951291e-01	7.156184708047619303e-02	2.863099955207622574e-02	7.524454816464934415e-02
1.146551540636302207e+03	2.563868966585626241e-01	1.657654179076684942e-01	2.512720341432680415e-01	1.509486532760156430e-01	7.161972236235637779e-02	2.866450241349551356e-02	7.534277323841728768e-02
1.148970425743129908e+03	2.560290018762516606e-01	1.655334489161208733e-01	2.515206292801060450e-01	1.511008029282659704e-01	7.167742522753446643e-02	2.869792886937250209e-02	7.544076290213243274e-02
1.151389310849957155e+03	2.556721254429821788e-01	1.653021205584870312e-01	2.517684628326893326e-01	1.512525382546736630e-01	7.173495619568170945e-02	2.873127910399791637e-02	7.553851761127212960e-02
1.153808195956785084e+03	2.553162644898120393e-01	1.650714310260706363e-01	2.520155371925834054e-01	1.514038603841438568e-01	7.179231578493458499e-02	2.876455330120867432e-02	7.563603782103081596e-02
1.156227081063612786e+03	2.549614161557986480e-01	1.648413785154086708e-01	2.522618547434055669e-01	1.515547704425669884e-01	7.184950451189928144e-02	2.879775164438902468e-02	7.573332398631581197e-02
1.158645966170440488e+03	2.546075775879770298e-01	1.646119612282557487e-01	2.525074178608537889e-01	1.517052695528263717e-01	7.190652289165602729e-02	2.883087431647165730e-02	7.583037656174337893e-02
1.161064851277267962e+03	2.542547459413377897e-01	1.643831773715685174e-01	2.527522289127347999e-01	1.518553588348058037e-01	7.196337143776361522e-02	2.886392149993883757e-02	7.592719600163468086e-02
1.163483736384095664e+03	2.539029183788053534e-01	1.641550251574899477e-01	2.529962902589923956e-01	1.520050394053972798e-01	7.202005066226373209e-02	2.889689337682352019e-02	7.602378276001177382e-02
1.165902621490923138e+03	2.535520920712160953e-01	1.639275028033339576e-01	2.532396042517359724e-01	1.521543123785083773e-01	7.207656107568534420e-02	2.892979012871046973e-02	7.612013729059372014e-02
1.168321506597751068e+03	2.532022641972969113e-01	1.637006085315697856e-01	2.534821732352680046e-01	1.523031788650700269e-01	7.213290318704912440e-02	2.896261193673736745e-02	7.621626004679266098e-02
1.170740391704578315e+03	2.528534319436432920e-01	1.634743405698066421e-01	2.537239995461124664e-01	1.524516399730438954e-01	7.218907750387178190e-02	2.899535898159592839e-02	7.631215148170993057e-02
1.173159276811406244e+03	2.525055925046977845e-01	1.632486971507782769e-01	2.539650855130422547e-01	1.525996968074299909e-01	7.224508453217040604e-02	2.902803144353300821e-02	7.640781204813223981e-02
1.175578161918233945e+03	2.521587430827283427e-01	1.630236765123277143e-01	2.542054334571072771e-01	1.527473504702741847e-01	7.230092477646679616e-02	2.906062950235171333e-02	7.650324219852788765e-02
1.177997047025061647e+03	2.518128808878071223e-01	1.627992768973917925e-01	2.544450456916620418e-01	1.528946020606757050e-01	7.235659873979183310e-02	2.909315333741250079e-02	7.659844238504298630e-02
1.180415932131889122e+03	2.514680031377887759e-01	1.625754965539861485e-01	2.546839245223928017e-01	1.530414526747946313e-01	7.241210692368976742e-02	2.912560312763427459e-02	7.669341305949768650e-02
1.182834817238716823e+03	2.511241070582891366e-01	1.623523337351898688e-01	2.549220722473452549e-01	1.531879034058592770e-01	7.246744982822250769e-02	2.915797905149548896e-02	7.678815467338251377e-02
1.185253702345544298e+03	2.507811898826640684e-01	1.621297866991303072e-01	2.551594911569520230e-01	1.533339553441737391e-01	7.252262795197393641e-02	2.919028128703523781e-02	7.688266767785473244e-02
1.187672587452371999e+03	2.504392488519880389e-01	1.619078537089681524e-01	2.553961835340595177e-01	1.534796095771252256e-01	7.257764179205417054e-02	2.922251001185435446e-02	7.697695252373462638e-02
1.190091472559199701e+03	2.500982812150329138e-01	1.616865330328822459e-01	2.556321516539549754e-01	1.536248671891916051e-01	7.263249184410382198e-02	2.925466540311649766e-02	7.707100966150197408e-02
1.192510357666027403e+03	2.497582842282469739e-01	1.614658229440546489e-01	2.558673977843937686e-01	1.537697292619486789e-01	7.268717860229827188e-02	2.928674763754923402e-02	7.716483954129245426e-02
1.194929242772855105e+03	2.494192551557335991e-01	1.612457217206555993e-01	2.561019241856260509e-01	1.539141968740776467e-01	7.274170255935191731e-02	2.931875689144512742e-02	7.725844261289409320e-02
1.197348127879682352e+03	2.490811912692304231e-01	1.610262276458286346e-01	2.563357331104235692e-01	1.540582711013723793e-01	7.279606420652234844e-02	2.935069334066281801e-02	7.735181932574379526e-02
1.199767012986510281e+03	2.487440898480882956e-01	1.608073390076758535e-01	2.565688268041064202e-01	1.542019530167468566e-01	7.285026403361463676e-02	2.938255716062810122e-02	7.744497012892384569e-02
1.202185898093337983e+03	2.484079481792502708e-01	1.605890540992428450e-01	2.568012075045694731e-01	1.543452436902424951e-01	7.290430252898547070e-02	2.941434852633501018e-02	7.753789547115842729e-02
1.204604783200165684e+03	2.480727635572309020e-01	1.603713712185041995e-01	2.570328774423089602e-01	1.544881441890353369e-01	7.295818017954741608e-02	2.944606761234687051e-02	7.763059580081034527e-02
1.207023668306993159e+03	2.477385332840953414e-01	1.601542886683485212e-01	2.572638388404487331e-01	1.546306555774435154e-01	7.301189747077306558e-02	2.947771459279739312e-02	7.772307156587746069e-02
1.209442553413820860e+03	2.474052546694385513e-01	1.599378047565639671e-01	2.574940939147665753e-01	1.547727789169344448e-01	7.306545488669920208e-02	2.950928964139173244e-02	7.781532321398952623e-02
1.211861438520648335e+03	2.470729250303647651e-01	1.597219177958234815e-01	2.577236448737204033e-01	1.549145152661320912e-01	7.311885290993094810e-02	2.954079293140755152e-02	7.790735119240474460e-02
1.214280323627476264e+03	2.467415416914666426e-01	1.595066261036702515e-01	2.579524939184743015e-01	1.550558656808242175e-01	7.317209202164594306e-02	2.957222463569607676e-02	7.799915594800656271e-02
1.216699208734303511e+03	2.464111019848047868e-01	1.592919280025031914e-01	2.581806432429243348e-01	1.551968312139696271e-01	7.322517270159847880e-02	2.960358492668317687e-02	7.809073792730035490e-02
1.219118093841131440e+03	2.460816032498872596e-01	1.590778218195623983e-01	2.584080950337245830e-01	1.553374129157054639e-01	7.327809542812357968e-02	2.963487397637040721e-02	7.818209757641023105e-02
1.221536978947959142e+03	2.457530428336490158e-01	1.588643058869147473e-01	2.586348514703128432e-01	1.554776118333542068e-01	7.333086067814116593e-02	2.966609195633606103e-02	7.827323534107585856e-02
1.223955864054786844e+03	2.454254180904315019e-01	1.586513785414394861e-01	2.588609147249362752e-01	1.556174290114310521e-01	7.338346892716010594e-02	2.969723903773623802e-02	7.836415166664925658e-02
1.226374749161614318e+03	2.450987263819622841e-01	1.584390381248138302e-01	2.590862869626769371e-01	1.557568654916509643e-01	7.343592064928232410e-02	2.972831539130587480e-02	7.845484699809171514e-02
1.228793634268442020e+03	2.447729650773348142e-01	1.582272829834987238e-01	2.593109703414771539e-01	1.558959223129359195e-01	7.348821631720690861e-02	2.975932118735980653e-02	7.854532177997064490e-02
1.231212519375269494e+03	2.444481315529880294e-01	1.580161114687244350e-01	2.595349670121651631e-01	1.560346005114219003e-01	7.354035640223410830e-02	2.979025659579380425e-02	7.863557645645651017e-02
1.233631404482097196e+03	2.441242231926863127e-01	1.578055219364764561e-01	2.597582791184800954e-01	1.561729011204661954e-01	7.359234137426948208e-02	2.982112178608561925e-02	7.872561147131981740e-02
1.236050289588924898e+03	2.438012373874992311e-01	1.575955127474813200e-01	2.599809087970972321e-01	1.563108251706543106e-01	7.364417170182779859e-02	2.985191692729602039e-02	7.881542726792804821e-02
1.238469174695752372e+03	2.434791715357814412e-01	1.573860822671924453e-01	2.602028581776531513e-01	1.564483736898072130e-01	7.369584785203722732e-02	2.988264218806983147e-02	7.890502428924275891e-02
1.240888059802580301e+03	2.431580230431526768e-01	1.571772288657760364e-01	2.604241293827704307e-01	1.565855477029883258e-01	7.374737029064325211e-02	2.991329773663696512e-02	7.899440297781648579e-02
1.243306944909407548e+03	2.428377893224777651e-01	1.569689509180969555e-01	2.606447245280827940e-01	1.567223482325105499e-01	7.379873948201269573e-02	2.994388374081344978e-02	7.908356377578992791e-02
1.245725830016235477e+03	2.425184677938466704e-01	1.567612468037048457e-01	2.608646457222599246e-01	1.568587762979433975e-01	7.384995588913773057e-02	2.997440036800247398e-02	7.917250712488901887e-02
1.248144715123063179e+03	2.422000558845546492e-01	1.565541149068201687e-01	2.610838950670320013e-01	1.569948329161199307e-01	7.390101997363987540e-02	3.000484778519539250e-02	7.926123346642204026e-02
1.250563600229890881e+03	2.418825510290824043e-01	1.563475536163202173e-01	2.613024746572141788e-01	1.571305191011437841e-01	7.395193219577395061e-02	3.003522615897276718e-02	7.934974324127677670e-02
1.252982485336718355e+03	2.415659506690762681e-01	1.561415613257252366e-01	2.615203865807312344e-01	1.572658358643961862e-01	7.400269301443204717e-02	3.006553565550537307e-02	7.943803688991769862e-02
1.255401370443546057e+03	2.412502522533285509e-01	1.559361364331846855e-01	2.617376329186420492e-01	1.574007842145428993e-01	7.405330288714745413e-02	3.009577644055523235e-02	7.952611485238318678e-02
1.257820255550373531e+03	2.409354532377578073e-01	1.557312773414633589e-01	2.619542157451637543e-01	1.575353651575411851e-01	7.410376227009862760e-02	3.012594867947661695e-02	7.961397756828274275e-02
1.260239140657201460e+03	2.406215510853892681e-01	1.555269824579276761e-01	2.621701371276959347e-01	1.576695796966467444e-01	7.415407161811311820e-02	3.015605253721707554e-02	7.970162547679429665e-02
1.262658025764028707e+03	2.403085432663351895e-01	1.553232501945320254e-01	2.623853991268449426e-01	1.578034288324206558e-01	7.420423138467147073e-02	3.018608817831843275e-02	7.978905901666144551e-02
1.265076910870856636e+03	2.399964272577755353e-01	1.551200789678050529e-01	2.626000037964476008e-01	1.579369135627362308e-01	7.425424202191113765e-02	3.021605576691780218e-02	7.987627862619081642e-02
1.267495795977684338e+03	2.396852005439382705e-01	1.549174671988360619e-01	2.628139531835954057e-01	1.580700348827860369e-01	7.430410398063040656e-02	3.024595546674859262e-02	7.996328474324940205e-02
1.269914681084511813e+03	2.393748606160801817e-01	1.547154133132614129e-01	2.630272493286583413e-01	1.582027937850886412e-01	7.435381771029218878e-02	3.027578744114151760e-02	8.005007780526189609e-02
1.272333566191339514e+03	2.390654049724673658e-01	1.545139157412510900e-01	2.632398942653084717e-01	1.583351912594955224e-01	7.440338365902803008e-02	3.030555185302558768e-02	8.013665824920816749e-02
1.274752451298167216e+03	2.387568311183559111e-01	1.543129729174951004e-01	2.634518900205437553e-01	1.584672282931978982e-01	7.445280227364185766e-02	3.033524886492910619e-02	8.022302651162060982e-02
1.277171336404994690e+03	2.384491365659728579e-01	1.541125832811901242e-01	2.636632386147114704e-01	1.585989058707335808e-01	7.450207399961389365e-02	3.036487863898068226e-02	8.030918302858162938e-02
1.279590221511822392e+03	2.381423188344967135e-01	1.539127452760259696e-01	2.638739420615319187e-01	1.587302249739938054e-01	7.455119928110445771e-02	3.039444133691020927e-02	8.039512823572113331e-02
1.282009106618650094e+03	2.378363754500385230e-01	1.537134573501724444e-01	2.640840023681215176e-01	1.588611865822300018e-01	7.460017856095782496e-02	3.042393712004986053e-02	8.048086256821398998e-02
1.284427991725477568e+03	2.375313039456227182e-01	1.535147179562658670e-01	2.642934215350163929e-01	1.589917916720605395e-01	7.464901228070601469e-02	3.045336614933508157e-02	8.056638646077760035e-02
1.286846876832305497e+03	2.372271018611679660e-01	1.533165255513957437e-01	2.645022015561952489e-01	1.591220412174776111e-01	7.469770088057263446e-02	3.048272858530557197e-02	8.065170034766944163e-02
1.289265761939132744e+03	2.369237667434682948e-01	1.531188785970916677e-01	2.647103444191027943e-01	1.592519361898538377e-01	7.474624479947666877e-02	3.051202458810626031e-02	8.073680466268463862e-02
1.291684647045960673e+03	2.366212961461741371e-01	1.529217755593101080e-01	2.649178521046727242e-01	1.593814775579491805e-01	7.479464447503623992e-02	3.054125431748830680e-02	8.082169983915356293e-02
1.294103532152788375e+03	2.363196876297734284e-01	1.527252149084211141e-01	2.651247265873503678e-01	1.595106662879174075e-01	7.484290034357241050e-02	3.057041793281007128e-02	8.090638630993947367e-02
1.296522417259616077e+03	2.360189387615726775e-01	1.525291951191953821e-01	2.653309698351159485e-01	1.596395033433130606e-01	7.489101284011291659e-02	3.059951559303808813e-02	8.099086450743615828e-02
1.298941302366443551e+03	2.357190471156783707e-01	1.523337146707910983e-01	2.655365838095071207e-01	1.597679896850980330e-01	7.493898239839594244e-02	3.062854745674804119e-02	8.107513486356562882e-02
1.301360187473271253e+03	2.354200102729779864e-01	1.521387720467408666e-01	2.657415704656416744e-01	1.598961262716482312e-01	7.498680945087388139e-02	3.065751368212573519e-02	8.115919780977581821e-02
1.303779072580098727e+03	2.351218258211215106e-01	1.519443657349388577e-01	2.659459317522402944e-01	1.600239140587601805e-01	7.503449442871704123e-02	3.068641442696806720e-02	8.124305377703831821e-02
1.306197957686926657e+03	2.348244913545027013e-01	1.517504942276276525e-01	2.661496696116486538e-01	1.601513539996578528e-01	7.508203776181736344e-02	3.071524984868398769e-02	8.132670319584608953e-02
1.308616842793753904e+03	2.345280044742404923e-01	1.515571560213855307e-01	2.663527859798602848e-01	1.602784470449990784e-01	7.512943987879215635e-02	3.074402010429547888e-02	8.141014649621131083e-02
1.311035727900581833e+03	2.342323627881605086e-01	1.513643496171134528e-01	2.665552827865386165e-01	1.604051941428823180e-01	7.517670120698778657e-02	3.077272535043850538e-02	8.149338410766310270e-02
1.313454613007409534e+03	2.339375639107765525e-01	1.511720735200222931e-01	2.667571619550395123e-01	1.605315962388531859e-01	7.522382217248334280e-02	3.080136574336396829e-02	8.157641645924540441e-02
1.315873498114237009e+03	2.336436054632721193e-01	1.509803262396201273e-01	2.669584254024331416e-01	1.606576542759110549e-01	7.527080320009436887e-02	3.082994143893868014e-02	8.165924397951479508e-02
1.318292383221064711e+03	2.333504850734821057e-01	1.507891062896993539e-01	2.671590750395261282e-01	1.607833691945155519e-01	7.531764471337648592e-02	3.085845259264630158e-02	8.174186709653834260e-02
1.320711268327892412e+03	2.330582003758742971e-01	1.505984121883240379e-01	2.673591127708837556e-01	1.609087419325932189e-01	7.536434713462906998e-02	3.088689935958830249e-02	8.182428623789156363e-02
1.323130153434719887e+03	2.327667490115312987e-01	1.504082424578171984e-01	2.675585404948516155e-01	1.610337734255440356e-01	7.541091088489891570e-02	3.091528189448491948e-02	8.190650183065627254e-02
1.325549038541547588e+03	2.324761286281321615e-01	1.502185956247482634e-01	2.677573601035775352e-01	1.611584646062478032e-01	7.545733638398384457e-02	3.094360035167609269e-02	8.198851430141856911e-02
1.327967923648375290e+03	2.321863368799341742e-01	1.500294702199203301e-01	2.679555734830333935e-01	1.612828164050708890e-01	7.550362405043635483e-02	3.097185488512241291e-02	8.207032407626675685e-02
1.330386808755202765e+03	2.318973714277547671e-01	1.498408647783578684e-01	2.681531825130366031e-01	1.614068297498724158e-01	7.554977430156720186e-02	3.100004564840606186e-02	8.215193158078940017e-02
1.332805693862030694e+03	2.316092299389534426e-01	1.496527778392939545e-01	2.683501890672718715e-01	1.615305055660110067e-01	7.559578755344906198e-02	3.102817279473177314e-02	8.223333724007324264e-02
1.335224578968857941e+03	2.313219100874136791e-01	1.494652079461578353e-01	2.685465950133126278e-01	1.616538447763511410e-01	7.564166422092008513e-02	3.105623647692773437e-02	8.231454147870129190e-02
1.337643464075685870e+03	2.310354095535249452e-01	1.492781536465626058e-01	2.687424022126423950e-01	1.617768483012695657e-01	7.568740471758753086e-02	3.108423684744655510e-02	8.239554472075082125e-02
1.340062349182513572e+03	2.307497260241646864e-01	1.490916134922927461e-01	2.689376125206762724e-01	1.618995170586617349e-01	7.573300945583126553e-02	3.111217405836619321e-02	8.247634738979153779e-02
1.342481234289341273e+03	2.304648571926805611e-01	1.489055860392917430e-01	2.691322277867819190e-01	1.620218519639482768e-01	7.577847884680739832e-02	3.114004826139087079e-02	8.255694990888361173e-02
1.344900119396168748e+03	2.301808007588725391e-01	1.487200698476498217e-01	2.693262498543010919e-01	1.621438539300813220e-01	7.582381330045180612e-02	3.116785960785202481e-02	8.263735270057576132e-02
1.347319004502996449e+03	2.298975544289750261e-01	1.485350634815915671e-01	2.695196805605704626e-01	1.622655238675509703e-01	7.586901322548370019e-02	3.119560824870921956e-02	8.271755618690347645e-02
1.349737889609823924e+03	2.296151159156391008e-01	1.483505655094637943e-01	2.697125217369426564e-01	1.623868626843915919e-01	7.591407902940912333e-02	3.122329433455106953e-02	8.279756078938710351e-02
1.352156774716651853e+03	2.293334829379148898e-01	1.481665745037232806e-01	2.699047752088071239e-01	1.625078712861882657e-01	7.595901111852451648e-02	3.125091801559617966e-02	8.287736692903009683e-02
1.354575659823479100e+03	2.290526532212339983e-01	1.479830890409245536e-01	2.700964427956112912e-01	1.626285505760829975e-01	7.600380989792021591e-02	3.127847944169405425e-02	8.295697502631717291e-02
1.356994544930307029e+03	2.287726244973916356e-01	1.478001077017078724e-01	2.702875263108811543e-01	1.627489014547811308e-01	7.604847577148397819e-02	3.130597876232598525e-02	8.303638550121253403e-02
1.359413430037134731e+03	2.284933945045292125e-01	1.476176290707870709e-01	2.704780275622418184e-01	1.628689248205575923e-01	7.609300914190442189e-02	3.133341612660602710e-02	8.311559877315816136e-02
1.361832315143962205e+03	2.282149609871169105e-01	1.474356517369374286e-01	2.706679483514382034e-01	1.629886215692632756e-01	7.613741041067456639e-02	3.136079168328187450e-02	8.319461526107199689e-02
1.364251200250789907e+03	2.279373216959359183e-01	1.472541742929837361e-01	2.708572904743558607e-01	1.631079925943313136e-01	7.618167997809531522e-02	3.138810558073575757e-02	8.327343538334631978e-02
1.366670085357617609e+03	2.276604743880613069e-01	1.470731953357883870e-01	2.710460557210410681e-01	1.632270387867831851e-01	7.622581824327888389e-02	3.141535796698539246e-02	8.335205955784601162e-02
1.369088970464445310e+03	2.273844168268444876e-01	1.468927134662392497e-01	2.712342458757212582e-01	1.633457610352352096e-01	7.626982560415224155e-02	3.144254898968484868e-02	8.343048820190690495e-02
1.371507855571272785e+03	2.271091467818959764e-01	1.467127272892378709e-01	2.714218627168256126e-01	1.634641602259045978e-01	7.631370245746063596e-02	3.146967879612547203e-02	8.350872173233406248e-02
1.373926740678100487e+03	2.268346620290679905e-01	1.465332354136875959e-01	2.716089080170048797e-01	1.635822372426157523e-01	7.635744919877096581e-02	3.149674753323678661e-02	8.358676056540025046e-02
1.376345625784927961e+03	2.265609603504373237e-01	1.463542364524817729e-01	2.717953835431518583e-01	1.636999929668064291e-01	7.640106622247520851e-02	3.152375534758738995e-02	8.366460511684424561e-02
1.378764510891755890e+03	2.262880395342880824e-01	1.461757290224918182e-01	2.719812910564213815e-01	1.638174282775340107e-01	7.644455392179384801e-02	3.155070238538585509e-02	8.374225580186926698e-02
1.381183395998583137e+03	2.260158973750946154e-01	1.459977117445556416e-01	2.721666323122500786e-01	1.639345440514815844e-01	7.648791268877928873e-02	3.157758879248161177e-02	8.381971303514142158e-02
1.383602281105411066e+03	2.257445316735043339e-01	1.458201832434657119e-01	2.723514090603766924e-01	1.640513411629641871e-01	7.653114291431926952e-02	3.160441471436586242e-02	8.389697723078815006e-02
1.386021166212238768e+03	2.254739402363207523e-01	1.456431421479575661e-01	2.725356230448616746e-01	1.641678204839349120e-01	7.657424498814022207e-02	3.163118029617244253e-02	8.397404880239664471e-02
1.388440051319066470e+03	2.252041208764863633e-01	1.454665870906980407e-01	2.727192760041070030e-01	1.642839828839910143e-01	7.661721929881064319e-02	3.165788568267874359e-02	8.405092816301239222e-02
1.390858936425893944e+03	2.249350714130657625e-01	1.452905167082736981e-01	2.729023696708758884e-01	1.643998292303801012e-01	7.666006623374449491e-02	3.168453101830657342e-02	8.412761572513764718e-02
1.393277821532721646e+03	2.246667896712287449e-01	1.451149296411792522e-01	2.730849057723124251e-01	1.645153603880061821e-01	7.670278617920456288e-02	3.171111644712304445e-02	8.420411190072997487e-02
1.395696706639549120e+03	2.243992734822333746e-01	1.449398245338059665e-01	2.732668860299610758e-01	1.646305772194358030e-01	7.674537952030573151e-02	3.173764211284146874e-02	8.428041710120078023e-02
1.398115591746377049e+03	2.241325206834092199e-01	1.447652000344301360e-01	2.734483121597862665e-01	1.647454805849040693e-01	7.678784664101843960e-02	3.176410815882221156e-02	8.435653173741389232e-02
1.400534476853204296e+03	2.238665291181405614e-01	1.445910547952017622e-01	2.736291858721914827e-01	1.648600713423207520e-01	7.683018792417192766e-02	3.179051472807360723e-02	8.443245621968412107e-02
1.402953361960032225e+03	2.236012966358496001e-01	1.444173874721329520e-01	2.738095088720390868e-01	1.649743503472763106e-01	7.687240375145759641e-02	3.181686196325279881e-02	8.450819095777585555e-02
1.405372247066859927e+03	2.233368210919798313e-01	1.442441967250865653e-01	2.739892828586692475e-01	1.650883184530479164e-01	7.691449450343228189e-02	3.184315000666662621e-02	8.458373636090169012e-02
1.407791132173687402e+03	2.230731003479794472e-01	1.440714812177649184e-01	2.741685095259191463e-01	1.652019765106055027e-01	7.695646055952162778e-02	3.186937900027248666e-02	8.465909283772106442e-02
1.410210017280515103e+03	2.228101322712846555e-01	1.438992396176983213e-01	2.743471905621421292e-01	1.653153253686177604e-01	7.699830229802327730e-02	3.189554908567922981e-02	8.473426079633891717e-02
1.412628902387342805e+03	2.225479147353030540e-01	1.437274705962338639e-01	2.745253276502266360e-01	1.654283658734581053e-01	7.704002009611024548e-02	3.192166040414798345e-02	8.480924064430435394e-02
1.415047787494170507e+03	2.222864456193974214e-01	1.435561728285241756e-01	2.747029224676155179e-01	1.655410988692106733e-01	7.708161432983413885e-02	3.194771309659306252e-02	8.488403278860932877e-02
1.417466672600997981e+03	2.220257228088688695e-01	1.433853449935161006e-01	2.748799766863244121e-01	1.656535251976762879e-01	7.712308537412844445e-02	3.197370730358279484e-02	8.495863763568735350e-02
1.419885557707825683e+03	2.217657441949407449e-01	1.432149857739395959e-01	2.750564919729611146e-01	1.657656456983784277e-01	7.716443360281180497e-02	3.199964316534039538e-02	8.503305559141226266e-02
1.422304442814653157e+03	2.215065076747420869e-01	1.430450938562965180e-01	2.752324699887437887e-01	1.658774612085690547e-01	7.720565938859119681e-02	3.202552082174484060e-02	8.510728706109689512e-02
1.424723327921481086e+03	2.212480111512913072e-01	1.428756679308495203e-01	2.754079123895200598e-01	1.659889725632346102e-01	7.724676310306524685e-02	3.205134041233168724e-02	8.518133244949190053e-02
1.427142213028308333e+03	2.209902525334799805e-01	1.427067066916110072e-01	2.755828208257855572e-01	1.661001805951019539e-01	7.728774511672741043e-02	3.207710207629395349e-02	8.525519216078447648e-02
1.429561098135136262e+03	2.207332297360564688e-01	1.425382088363320032e-01	2.757571969427022318e-01	1.662110861346442758e-01	7.732860579896916331e-02	3.210280595248296565e-02	8.532886659859723055e-02
1.431979983241963964e+03	2.204769406796099618e-01	1.423701730664910792e-01	2.759310423801171197e-01	1.663216900100867590e-01	7.736934551808330451e-02	3.212845217940920456e-02	8.540235616598691737e-02
1.434398868348791666e+03	2.202213832905540458e-01	1.422025980872835549e-01	2.761043587725805493e-01	1.664319930474127684e-01	7.740996464126705112e-02	3.215404089524313835e-02	8.547566126544330067e-02
1.436817753455619140e+03	2.199665555011107720e-01	1.420354826076103416e-01	2.762771477493644046e-01	1.665419960703694024e-01	7.745046353462531341e-02	3.217957223781611059e-02	8.554878229888801533e-02
1.439236638562446842e+03	2.197124552492945304e-01	1.418688253400672006e-01	2.764494109344807771e-01	1.666516999004735156e-01	7.749084256317383124e-02	3.220504634462113130e-02	8.562171966767341547e-02
1.441655523669274316e+03	2.194590804788960348e-01	1.417026250009337240e-01	2.766211499466996182e-01	1.667611053570174362e-01	7.753110209084235205e-02	3.223046335281374436e-02	8.569447377258143650e-02
1.444074408776102018e+03	2.192064291394663911e-01	1.415368803101624828e-01	2.767923663995674466e-01	1.668702132570748231e-01	7.757124248047778114e-02	3.225582339921287400e-02	8.576704501382251267e-02
1.446493293882929493e+03	2.189544991863010270e-01	1.413715899913683127e-01	2.769630619014249451e-01	1.669790244155064662e-01	7.761126409384740132e-02	3.228112662030165059e-02	8.583943379103450844e-02
1.448912178989757422e+03	2.187032885804239823e-01	1.412067527718174342e-01	2.771332380554250574e-01	1.670875396449660322e-01	7.765116729164192599e-02	3.230637315222822936e-02	8.591164050328158053e-02
1.451331064096585123e+03	2.184527952885719493e-01	1.410423673824167112e-01	2.773028964595511958e-01	1.671957597559058928e-01	7.769095243347867719e-02	3.233156313080665090e-02	8.598366554905322034e-02
1.453749949203412370e+03	2.182030172831784243e-01	1.408784325577029650e-01	2.774720387066347271e-01	1.673036855565827041e-01	7.773061987790474969e-02	3.235669669151766681e-02	8.605550932626312988e-02
1.456168834310240300e+03	2.179539525423580260e-01	1.407149470358322607e-01	2.776406663843729028e-01	1.674113178530633739e-01	7.777016998240005030e-02	3.238177396950954468e-02	8.612717223224822249e-02
1.458587719417068001e+03	2.177055990498907578e-01	1.405519095585693046e-01	2.778087810753465670e-01	1.675186574492306402e-01	7.780960310338050356e-02	3.240679509959892846e-02	8.619865466376765151e-02
1.461006604523895703e+03	2.174579547952063541e-01	1.403893188712767026e-01	2.779763843570380311e-01	1.676257051467888448e-01	7.784891959620104940e-02	3.243176021627162259e-02	8.626995701700174157e-02
1.463425489630723177e+03	2.172110177733685699e-01	1.402271737229044413e-01	2.781434778018482823e-01	1.677324617452695676e-01	7.788811981515882110e-02	3.245666945368345935e-02	8.634107968755111440e-02
1.465844374737550879e+03	2.169647859850596383e-01	1.400654728659794235e-01	2.783100629771148582e-01	1.678389280420373997e-01	7.792720411349621235e-02	3.248152294566106907e-02	8.641202307043566178e-02
1.468263259844378354e+03	2.167192574365646995e-01	1.399042150565947551e-01	2.784761414451291106e-01	1.679451048322954665e-01	7.796617284340387477e-02	3.250632082570276138e-02	8.648278756009358803e-02
1.470682144951206283e+03	2.164744301397563131e-01	1.397433990543993643e-01	2.786417147631535807e-01	1.680509929090912291e-01	7.800502635602388213e-02	3.253106322697927461e-02	8.655337355038056346e-02
1.473101030058033530e+03	2.162303021120789426e-01	1.395830236225876209e-01	2.788067844834394848e-01	1.681565930633221184e-01	7.804376500145274176e-02	3.255575028233463619e-02	8.662378143456872515e-02
1.475519915164861459e+03	2.159868713765336345e-01	1.394230875278887061e-01	2.789713521532437568e-01	1.682619060837410030e-01	7.808238912874443383e-02	3.258038212428694680e-02	8.669401160534578876e-02
1.477938800271689161e+03	2.157441359616625309e-01	1.392635895405563706e-01	2.791354193148464780e-01	1.683669327569619623e-01	7.812089908591349219e-02	3.260495888502921991e-02	8.676406445481420204e-02
1.480357685378516862e+03	2.155020939015335202e-01	1.391045284343584987e-01	2.792989875055678639e-01	1.684716738674658931e-01	7.815929521993798812e-02	3.262948069643015897e-02	8.683394037449025660e-02
1.482776570485344337e+03	2.152607432357250272e-01	1.389459029865668382e-01	2.794620582577855283e-01	1.685761301976059778e-01	7.819757787676255567e-02	3.265394769003496928e-02	8.690363975530325524e-02
