1.001418434226643626e+03	2.798095382974283285e-01	1.809630284713072690e-01	2.348709532439245407e-01	1.409988821506588663e-01	6.781942564159550157e-02	2.650623372914963014e-02	6.903193846572186487e-02
1.002869765290740247e+03	2.795545328288373543e-01	1.807987675720729437e-01	2.350505827861048558e-01	1.411061642218337797e-01	6.786075128663941747e-02	2.652928742070874424e-02	6.909991388358892317e-02
1.004321096354836754e+03	2.792999624879692333e-01	1.806347797645279363e-01	2.352298812857631649e-01	1.412132692606357098e-01	6.790200214744654406e-02	2.655230995743934619e-02	6.916779509600409770e-02
1.005772427418933376e+03	2.790458265392639636e-01	1.804710645844280481e-01	2.354088493744080079e-01	1.413201975595374527e-01	6.794317836090414675e-02	2.657530138258230867e-02	6.923558219866213226e-02
1.007223758483029997e+03	2.787921242483917261e-01	1.803076215683399042e-01	2.355874876822582620e-01	1.414269494105378777e-01	6.798428006365346554e-02	2.659826173931887153e-02	6.930327528728598419e-02
1.008675089547126618e+03	2.785388548822508858e-01	1.801444502536395376e-01	2.357657968382459723e-01	1.415335251051626497e-01	6.802530739209013133e-02	2.662119107077074234e-02	6.937087445762622762e-02
1.010126420611223239e+03	2.782860177089657161e-01	1.799815501785109184e-01	2.359437774700192392e-01	1.416399249344650335e-01	6.806626048236459614e-02	2.664408942000015545e-02	6.943837980546042898e-02
1.011577751675319632e+03	2.780336119978848441e-01	1.798189208819444551e-01	2.361214302039451596e-01	1.417461491890265601e-01	6.810713947038261884e-02	2.666695683000996561e-02	6.950579142659249476e-02
1.013029082739416367e+03	2.777816370195787532e-01	1.796565619037354955e-01	2.362987556651125476e-01	1.418521981589578318e-01	6.814794449180563984e-02	2.668979334374372431e-02	6.957310941685211636e-02
1.014480413803512761e+03	2.775300920458381171e-01	1.794944727844829668e-01	2.364757544773348763e-01	1.419580721338991602e-01	6.818867568205119745e-02	2.671259900408575610e-02	6.964033387209410397e-02
1.015931744867609382e+03	2.772789763496715243e-01	1.793326530655878215e-01	2.366524272631530534e-01	1.420637714030212884e-01	6.822933317629344130e-02	2.673537385386124537e-02	6.970746488819780373e-02
1.017383075931706003e+03	2.770282892053037016e-01	1.791711022892516214e-01	2.368287746438382801e-01	1.421692962550262507e-01	6.826991710946346548e-02	2.675811793583631262e-02	6.977450256106648707e-02
1.018834406995802851e+03	2.767780298881735712e-01	1.790098199984751226e-01	2.370047972393949098e-01	1.422746469781479006e-01	6.831042761624980808e-02	2.678083129271809082e-02	6.984144698662674011e-02
1.020285738059899245e+03	2.765281976749319193e-01	1.788488057370566375e-01	2.371804956685632793e-01	1.423798238601527988e-01	6.835086483109883981e-02	2.680351396715480866e-02	6.990829826082783915e-02
1.021737069123995752e+03	2.762787918434396750e-01	1.786880590495908694e-01	2.373558705488224008e-01	1.424848271883408235e-01	6.839122888821520807e-02	2.682616600173587731e-02	6.997505647964123721e-02
1.023188400188092373e+03	2.760298116727658568e-01	1.785275794814672745e-01	2.375309224963929045e-01	1.425896572495460035e-01	6.843151992156223939e-02	2.684878743899195980e-02	7.004172173905987009e-02
1.024639731252188767e+03	2.757812564431856295e-01	1.783673665788685914e-01	2.377056521262397304e-01	1.426943143301371009e-01	6.847173806486239744e-02	2.687137832139504731e-02	7.010829413509761521e-02
1.026091062316285615e+03	2.755331254361781390e-01	1.782074198887695082e-01	2.378800600520750430e-01	1.427987987160184713e-01	6.851188345159767157e-02	2.689393869135854945e-02	7.017477376378869480e-02
1.027542393380382237e+03	2.752854179344248475e-01	1.780477389589352755e-01	2.380541468863608956e-01	1.429031106926306471e-01	6.855195621501004866e-02	2.691646859123736357e-02	7.024116072118706533e-02
1.028993724444478858e+03	2.750381332218072017e-01	1.778883233379200401e-01	2.382279132403120336e-01	1.430072505449511422e-01	6.859195648810187396e-02	2.693896806332797197e-02	7.030745510336586235e-02
1.030445055508575479e+03	2.747912705834050229e-01	1.777291725750656248e-01	2.384013597238987536e-01	1.431112185574951179e-01	6.863188440363633680e-02	2.696143714986849044e-02	7.037365700641678989e-02
1.031896386572671872e+03	2.745448293054942313e-01	1.775702862205000010e-01	2.385744869458495399e-01	1.432150150143161882e-01	6.867174009413783142e-02	2.698387589303876885e-02	7.043976652644957925e-02
1.033347717636768493e+03	2.742988086755449029e-01	1.774116638251359290e-01	2.387472955136539787e-01	1.433186401990070302e-01	6.871152369189245657e-02	2.700628433496047101e-02	7.050578375959137833e-02
1.034799048700865114e+03	2.740532079822196043e-01	1.772533049406694594e-01	2.389197860335653123e-01	1.434220943947001059e-01	6.875123532894832079e-02	2.702866251769713707e-02	7.057170880198616880e-02
1.036250379764961508e+03	2.738080265153711168e-01	1.770952091195785449e-01	2.390919591106033248e-01	1.435253778840684946e-01	6.879087513711608370e-02	2.705101048325428068e-02	7.063754174979425260e-02
1.037701710829058356e+03	2.735632635660406597e-01	1.769373759151215975e-01	2.392638153485571184e-01	1.436284909493264206e-01	6.883044324796928903e-02	2.707332827357946184e-02	7.070328269919159969e-02
1.039153041893154750e+03	2.733189184264558369e-01	1.767798048813361000e-01	2.394353553499876108e-01	1.437314338722300855e-01	6.886993979284485035e-02	2.709561593056234938e-02	7.076893174636937622e-02
1.040604372957251599e+03	2.730749903900285824e-01	1.766224955730371915e-01	2.396065797162305611e-01	1.438342069340783902e-01	6.890936490284335636e-02	2.711787349603482847e-02	7.083448898753327838e-02
1.042055704021347992e+03	2.728314787513536066e-01	1.764654475458162508e-01	2.397774890473991227e-01	1.439368104157135175e-01	6.894871870882965381e-02	2.714010101177104922e-02	7.089995451890303280e-02
1.043507035085444613e+03	2.725883828062060088e-01	1.763086603560395094e-01	2.399480839423865086e-01	1.440392445975217650e-01	6.898800134143308338e-02	2.716229851948752036e-02	7.096532843671184143e-02
1.044958366149541234e+03	2.723457018515395012e-01	1.761521335608465799e-01	2.401183649988688218e-01	1.441415097594342387e-01	6.902721293104806255e-02	2.718446606084318901e-02	7.103061083720582647e-02
1.046409697213637855e+03	2.721034351854846323e-01	1.759958667181491798e-01	2.402883328133076646e-01	1.442436061809274639e-01	6.906635360783436317e-02	2.720660367743951355e-02	7.109580181664343357e-02
1.047861028277734476e+03	2.718615821073466221e-01	1.758398593866294934e-01	2.404579879809529419e-01	1.443455341410241899e-01	6.910542350171758330e-02	2.722871141082053650e-02	7.116090147129490451e-02
1.049312359341831097e+03	2.716201419176035303e-01	1.756841111257390620e-01	2.406273310958453038e-01	1.444472939182940840e-01	6.914442274238960517e-02	2.725078930247296777e-02	7.122590989744174983e-02
1.050763690405927491e+03	2.713791139179042577e-01	1.755286214956972013e-01	2.407963627508191706e-01	1.445488857908543701e-01	6.918335145930891439e-02	2.727283739382627137e-02	7.129082719137616597e-02
1.052215021470024112e+03	2.711384974110666590e-01	1.753733900574897253e-01	2.409650835375051203e-01	1.446503100363705219e-01	6.922220978170107175e-02	2.729485572625272444e-02	7.135565344940053567e-02
1.053666352534120733e+03	2.708982917010757663e-01	1.752184163728673638e-01	2.411334940463326637e-01	1.447515669320570408e-01	6.926099783855910186e-02	2.731684434106750742e-02	7.142038876782684509e-02
1.055117683598217127e+03	2.706584960930816797e-01	1.750637000043446523e-01	2.413015948665328536e-01	1.448526567546781774e-01	6.929971575864393718e-02	2.733880327952878039e-02	7.148503324297618422e-02
1.056569014662313975e+03	2.704191098933976800e-01	1.749092405151983221e-01	2.414693865861410882e-01	1.449535797805485415e-01	6.933836367048477889e-02	2.736073258283774554e-02	7.154958697117816402e-02
1.058020345726410369e+03	2.701801324094982859e-01	1.747550374694660236e-01	2.416368697919995812e-01	1.450543362855337415e-01	6.937694170237952707e-02	2.738263229213875119e-02	7.161405004877043068e-02
1.059471676790506763e+03	2.699415629500174774e-01	1.746010904319448831e-01	2.418040450697600818e-01	1.451549265450512716e-01	6.941544998239519704e-02	2.740450244851934045e-02	7.167842257209811052e-02
1.060923007854603611e+03	2.697034008247466974e-01	1.744473989681902260e-01	2.419709130038864286e-01	1.452553508340710953e-01	6.945388863836832183e-02	2.742634309301034135e-02	7.174270463751325488e-02
1.062374338918700232e+03	2.694656453446329647e-01	1.742939626445140500e-01	2.421374741776572970e-01	1.453556094271163113e-01	6.949225779790534074e-02	2.744815426658595708e-02	7.180689634137439603e-02
1.063825669982796853e+03	2.692282958217769306e-01	1.741407810279839152e-01	2.423037291731688081e-01	1.454557025982639029e-01	6.953055758838302958e-02	2.746993601016381459e-02	7.187099778004592265e-02
1.065277001046893474e+03	2.689913515694309920e-01	1.739878536864212788e-01	2.424696785713370550e-01	1.455556306211453765e-01	6.956878813694890307e-02	2.749168836460506166e-02	7.193500904989762190e-02
1.066728332110990095e+03	2.687548119019975701e-01	1.738351801884002734e-01	2.426353229519007115e-01	1.456553937689475664e-01	6.960694957052160348e-02	2.751341137071443288e-02	7.199893024730416591e-02
1.068179663175086489e+03	2.685186761350268347e-01	1.736827601032463197e-01	2.428006628934237521e-01	1.457549923144131343e-01	6.964504201579133080e-02	2.753510506924033291e-02	7.206276146864455667e-02
1.069630994239183110e+03	2.682829435852153166e-01	1.735305930010348219e-01	2.429656989732979222e-01	1.458544265298415410e-01	6.968306559922018972e-02	2.755676950087490584e-02	7.212650281030164034e-02
1.071082325303279504e+03	2.680476135704034091e-01	1.733786784525897517e-01	2.431304317677454307e-01	1.459536966870893793e-01	6.972102044704266144e-02	2.757840470625412196e-02	7.219015436866159374e-02
1.072533656367376352e+03	2.678126854095742027e-01	1.732270160294822892e-01	2.432948618518213924e-01	1.460528030575713454e-01	6.975890668526596450e-02	2.760001072595784366e-02	7.225371624011339700e-02
1.073984987431472746e+03	2.675781584228508203e-01	1.730756053040294895e-01	2.434589897994165753e-01	1.461517459122608220e-01	6.979672443967047113e-02	2.762158760050990175e-02	7.231718852104833395e-02
1.075436318495569594e+03	2.673440319314952518e-01	1.729244458492929515e-01	2.436228161832598715e-01	1.462505255216905720e-01	6.983447383581010970e-02	2.764313537037817181e-02	7.238057130785950644e-02
1.076887649559666215e+03	2.671103052579061332e-01	1.727735372390774016e-01	2.437863415749208229e-01	1.463491421559534045e-01	6.987215499901272553e-02	2.766465407597466092e-02	7.244386469694130692e-02
1.078338980623762609e+03	2.668769777256168041e-01	1.726228790479294450e-01	2.439495665448122852e-01	1.464475960847028690e-01	6.990976805438053887e-02	2.768614375765557356e-02	7.250706878468897443e-02
1.079790311687859230e+03	2.666440486592935311e-01	1.724724708511361226e-01	2.441124916621928431e-01	1.465458875771540048e-01	6.994731312679050572e-02	2.770760445572138450e-02	7.257018366749799776e-02
1.081241642751955851e+03	2.664115173847337870e-01	1.723223122247237171e-01	2.442751174951695858e-01	1.466440169020838680e-01	6.998479034089472028e-02	2.772903621041691510e-02	7.263320944176371308e-02
1.082692973816052472e+03	2.661793832288643080e-01	1.721724027454562544e-01	2.444374446107003551e-01	1.467419843278323921e-01	7.002219982112083130e-02	2.775043906193141313e-02	7.269614620388074877e-02
1.084144304880149093e+03	2.659476455197389844e-01	1.720227419908342270e-01	2.445994735745965210e-01	1.468397901223028879e-01	7.005954169167241674e-02	2.777181305039863254e-02	7.275899405024260913e-02
1.085595635944245487e+03	2.657163035865373057e-01	1.718733295390932891e-01	2.447612049515253685e-01	1.469374345529629311e-01	7.009681607652938629e-02	2.779315821589689942e-02	7.282175307724109148e-02
1.087046967008342108e+03	2.654853567595624186e-01	1.717241649692028971e-01	2.449226393050127071e-01	1.470349178868448348e-01	7.013402309944835600e-02	2.781447459844918826e-02	7.288442338126589759e-02
1.088498298072438729e+03	2.652548043702391833e-01	1.715752478608650045e-01	2.450837771974452850e-01	1.471322403905464815e-01	7.017116288396307855e-02	2.783576223802319838e-02	7.294700505870407858e-02
1.089949629136535123e+03	2.650246457511125642e-01	1.714265777945127855e-01	2.452446191900733152e-01	1.472294023302318788e-01	7.020823555338481792e-02	2.785702117453142668e-02	7.300949820593956308e-02
1.091400960200631971e+03	2.647948802358454645e-01	1.712781543513091920e-01	2.454051658430130844e-01	1.473264039716319085e-01	7.024524123080273796e-02	2.787825144783125098e-02	7.307190291935272697e-02
1.092852291264728365e+03	2.645655071592171725e-01	1.711299771131456482e-01	2.455654177152493678e-01	1.474232455800450203e-01	7.028218003908431877e-02	2.789945309772499937e-02	7.313421929531989385e-02
1.094303622328825213e+03	2.643365258571212517e-01	1.709820456626408858e-01	2.457253753646378991e-01	1.475199274203378430e-01	7.031905210087571745e-02	2.792062616396001271e-02	7.319644743021280764e-02
1.095754953392921607e+03	2.641079356665639311e-01	1.708343595831395001e-01	2.458850393479079799e-01	1.476164497569458778e-01	7.035585753860215674e-02	2.794177068622874516e-02	7.325858742039823013e-02
1.097206284457018228e+03	2.638797359256622177e-01	1.706869184587106736e-01	2.460444102206647554e-01	1.477128128538741647e-01	7.039259647446834134e-02	2.796288670416880937e-02	7.332063936223745526e-02
1.098657615521114849e+03	2.636519259736420095e-01	1.705397218741468157e-01	2.462034885373918514e-01	1.478090169746980043e-01	7.042926903045884646e-02	2.798397425736307703e-02	7.338260335208585117e-02
1.100108946585211470e+03	2.634245051508363189e-01	1.703927694149623140e-01	2.463622748514537886e-01	1.479050623825635402e-01	7.046587532833847867e-02	2.800503338533973791e-02	7.344447948629236056e-02
1.101560277649308091e+03	2.631974727986832741e-01	1.702460606673922294e-01	2.465207697150983979e-01	1.480009493401885090e-01	7.050241548965269223e-02	2.802606412757236917e-02	7.350626786119904277e-02
1.103011608713404712e+03	2.629708282597247315e-01	1.700995952183910198e-01	2.466789736794594012e-01	1.480966781098628227e-01	7.053888963572794990e-02	2.804706652348002219e-02	7.356796857314064353e-02
1.104462939777501106e+03	2.627445708776038336e-01	1.699533726556311242e-01	2.468368872945586601e-01	1.481922489534493459e-01	7.057529788767212542e-02	2.806804061242729881e-02	7.362958171844412314e-02
1.105914270841597499e+03	2.625186999970638979e-01	1.698073925675017970e-01	2.469945111093088952e-01	1.482876621323844513e-01	7.061164036637490593e-02	2.808898643372440690e-02	7.369110739342821237e-02
1.107365601905694348e+03	2.622932149639459753e-01	1.696616545431077760e-01	2.471518456715158241e-01	1.483829179076787408e-01	7.064791719250816671e-02	2.810990402662725055e-02	7.375254569440292673e-02
1.108816932969790741e+03	2.620681151251872953e-01	1.695161581722678945e-01	2.473088915278807975e-01	1.484780165399177398e-01	7.068412848652629032e-02	2.813079343033749943e-02	7.381389671766912242e-02
1.110268264033887590e+03	2.618433998288196562e-01	1.693709030455139430e-01	2.474656492240031869e-01	1.485729582892624800e-01	7.072027436866668015e-02	2.815165468400265478e-02	7.387516055951809379e-02
1.111719595097984211e+03	2.616190684239673159e-01	1.692258887540892820e-01	2.476221193043826596e-01	1.486677434154502209e-01	7.075635495895005178e-02	2.817248782671613605e-02	7.393633731623105998e-02
1.113170926162080832e+03	2.613951202608452706e-01	1.690811148899476202e-01	2.477783023124218165e-01	1.487623721777950880e-01	7.079237037718080772e-02	2.819329289751733997e-02	7.399742708407877623e-02
1.114622257226177226e+03	2.611715546907575902e-01	1.689365810457516548e-01	2.479341987904284950e-01	1.488568448351887397e-01	7.082832074294745373e-02	2.821406993539172722e-02	7.405842995932102046e-02
1.116073588290273847e+03	2.609483710660954192e-01	1.687922868148719058e-01	2.480898092796181287e-01	1.489511616461010324e-01	7.086420617562301516e-02	2.823481897927088494e-02	7.411934603820627410e-02
1.117524919354370468e+03	2.607255687403354227e-01	1.686482317913852724e-01	2.482451343201162175e-01	1.490453228685806875e-01	7.090002679436535615e-02	2.825554006803260645e-02	7.418017541697115302e-02
1.118976250418467089e+03	2.605031470680376771e-01	1.685044155700739510e-01	2.484001744509606313e-01	1.491393287602559015e-01	7.093578271811754044e-02	2.827623324050096074e-02	7.424091819184003294e-02
1.120427581482563710e+03	2.602811054048442818e-01	1.683608377464239914e-01	2.485549302101041080e-01	1.492331795783350401e-01	7.097147406560830318e-02	2.829689853544636868e-02	7.430157445902460522e-02
1.121878912546660331e+03	2.600594431074771951e-01	1.682174979166241591e-01	2.487094021344165296e-01	1.493268755796072766e-01	7.100710095535237021e-02	2.831753599158566559e-02	7.436214431472348840e-02
1.123330243610756725e+03	2.598381595337367345e-01	1.680743956775645753e-01	2.488635907596873920e-01	1.494204170204433413e-01	7.104266350565081878e-02	2.833814564758219134e-02	7.442262785512168688e-02
1.124781574674853118e+03	2.596172540424995789e-01	1.679315306268355235e-01	2.490174966206280260e-01	1.495138041567959375e-01	7.107816183459149395e-02	2.835872754204584942e-02	7.448302517639029952e-02
1.126232905738949967e+03	2.593967259937171033e-01	1.677889023627262000e-01	2.491711202508741507e-01	1.496070372442006580e-01	7.111359606004938327e-02	2.837928171353318318e-02	7.454333637468599227e-02
1.127684236803046360e+03	2.591765747484137128e-01	1.676465104842232712e-01	2.493244621829881214e-01	1.497001165377765397e-01	7.114896629968694985e-02	2.839980820054744878e-02	7.460356154615063740e-02
1.129135567867143209e+03	2.589567996686849560e-01	1.675043545910098464e-01	2.494775229484612333e-01	1.497930422922266191e-01	7.118427267095456257e-02	2.842030704153868451e-02	7.466370078691084156e-02
1.130586898931239830e+03	2.587374001176955818e-01	1.673624342834640899e-01	2.496303030777161369e-01	1.498858147618387093e-01	7.121951529109082912e-02	2.844077827490379060e-02	7.472375419307758504e-02
1.132038229995336451e+03	2.585183754596781514e-01	1.672207491626580556e-01	2.497828031001091964e-01	1.499784342004860382e-01	7.125469427712301240e-02	2.846122193898658476e-02	7.478372186074572214e-02
1.133489561059432845e+03	2.582997250599309291e-01	1.670792988303563265e-01	2.499350235439327661e-01	1.500709008616278040e-01	7.128980974586736352e-02	2.848163807207789930e-02	7.484360388599366198e-02
1.134940892123529466e+03	2.580814482848163838e-01	1.669380828890149049e-01	2.500869649364175218e-01	1.501632149983099240e-01	7.132486181392949653e-02	2.850202671241562971e-02	7.490340036488285502e-02
1.136392223187626087e+03	2.578635445017593009e-01	1.667971009417797967e-01	2.502386278037349032e-01	1.502553768631656184e-01	7.135985059770479089e-02	2.852238789818482140e-02	7.496311139345747387e-02
1.137843554251722708e+03	2.576460130792450620e-01	1.666563525924859013e-01	2.503900126709991958e-01	1.503473867084160753e-01	7.139477621337875224e-02	2.854272166751773213e-02	7.502273706774396922e-02
1.139294885315819101e+03	2.574288533868178130e-01	1.665158374456557622e-01	2.505411200622700840e-01	1.504392447858711179e-01	7.142963877692737329e-02	2.856302805849391183e-02	7.508227748375061184e-02
1.140746216379915950e+03	2.572120647950788541e-01	1.663755551064982907e-01	2.506919505005548165e-01	1.505309513469297589e-01	7.146443840411750847e-02	2.858330710914026504e-02	7.514173273746718729e-02
1.142197547444012343e+03	2.569956466756848634e-01	1.662355051809074613e-01	2.508425045078105931e-01	1.506225066425809778e-01	7.149917521050723479e-02	2.860355885743113072e-02	7.520110292486449632e-02
1.143648878508108737e+03	2.567795984013460098e-01	1.660956872754612013e-01	2.509927826049466737e-01	1.507139109234042762e-01	7.153384931144624037e-02	2.862378334128834467e-02	7.526038814189403570e-02
1.145100209572205586e+03	2.565639193458244538e-01	1.659561009974201140e-01	2.511427853118268771e-01	1.508051644395703439e-01	7.156846082207617143e-02	2.864398059858132284e-02	7.531958848448754018e-02
1.146551540636302207e+03	2.563486088839323496e-01	1.658167459547262301e-01	2.512925131472718010e-01	1.508962674408416693e-01	7.160300985733102086e-02	2.866415066712711679e-02	7.537870404855660789e-02
1.148002871700398828e+03	2.561336663915304013e-01	1.656776217560018138e-01	2.514419666290610977e-01	1.509872201765732058e-01	7.163749653193747513e-02	2.868429358469050047e-02	7.543773492999228392e-02
1.149454202764495449e+03	2.559190912455258649e-01	1.655387280105481140e-01	2.515911462739356952e-01	1.510780228957130100e-01	7.167192096041533067e-02	2.870440938898402919e-02	7.549668122466472731e-02
1.150905533828591842e+03	2.557048828238708826e-01	1.654000643283441430e-01	2.517400525976001835e-01	1.511686758468028802e-01	7.170628325707775752e-02	2.872449811766812633e-02	7.555554302842272529e-02
1.152356864892688463e+03	2.554910405055610401e-01	1.652616303200454828e-01	2.518886861147249245e-01	1.512591792779789945e-01	7.174058353603175731e-02	2.874455980835113195e-02	7.561432043709341577e-02
1.153808195956785084e+03	2.552775636706332008e-01	1.651234255969830089e-01	2.520370473389483834e-01	1.513495334369725220e-01	7.177482191117848243e-02	2.876459449858938602e-02	7.567301354648178768e-02
1.155259527020881706e+03	2.550644517001640077e-01	1.649854497711617241e-01	2.521851367828795154e-01	1.514397385711102606e-01	7.180899849621365238e-02	2.878460222588730480e-02	7.573162245237040346e-02
1.156710858084978327e+03	2.548517039762682179e-01	1.648477024552595094e-01	2.523329549580997089e-01	1.515297949273152756e-01	7.184311340462783135e-02	2.880458302769743628e-02	7.579014725051889945e-02
1.158162189149074720e+03	2.546393198820969261e-01	1.647101832626260420e-01	2.524805023751651722e-01	1.516197027521075935e-01	7.187716674970688613e-02	2.882453694142054351e-02	7.584858803666373606e-02
1.159613520213171569e+03	2.544272988018357884e-01	1.645728918072813518e-01	2.526277795436093765e-01	1.517094622916047575e-01	7.191115864453226370e-02	2.884446400440566702e-02	7.590694490651769821e-02
1.161064851277267962e+03	2.542156401207035232e-01	1.644358277039148220e-01	2.527747869719449980e-01	1.517990737915224375e-01	7.194508920198142143e-02	2.886436425395020114e-02	7.596521795576957614e-02
1.162516182341364356e+03	2.540043432249499133e-01	1.642989905678838847e-01	2.529215251676661946e-01	1.518885374971751245e-01	7.197895853472813243e-02	2.888423772729995995e-02	7.602340728008380455e-02
1.163967513405461204e+03	2.537934075018543068e-01	1.641623800152128276e-01	2.530679946372508815e-01	1.519778536534767965e-01	7.201276675524287407e-02	2.890408446164924663e-02	7.608151297510006017e-02
1.165418844469557826e+03	2.535828323397238404e-01	1.640259956625916837e-01	2.532141958861630626e-01	1.520670225049414181e-01	7.204651397579318883e-02	2.892390449414092637e-02	7.613953513643288706e-02
1.166870175533654447e+03	2.533726171278918304e-01	1.638898371273748711e-01	2.533601294188548292e-01	1.521560442956836345e-01	7.208020030844403125e-02	2.894369786186649918e-02	7.619747385967134967e-02
1.168321506597751068e+03	2.531627612567159402e-01	1.637539040275801661e-01	2.535057957387685801e-01	1.522449192694194375e-01	7.211382586505814263e-02	2.896346460186615540e-02	7.625532924037861648e-02
1.169772837661847461e+03	2.529532641175765151e-01	1.636181959818873988e-01	2.536511953483394088e-01	1.523336476694667763e-01	7.214739075729639795e-02	2.898320475112886249e-02	7.631310137409171024e-02
1.171224168725944082e+03	2.527441251028750280e-01	1.634827126096372596e-01	2.537963287489971576e-01	1.524222297387461122e-01	7.218089509661813896e-02	2.900291834659243437e-02	7.637079035632098056e-02
1.172675499790040703e+03	2.525353436060323031e-01	1.633474535308302167e-01	2.539411964411684708e-01	1.525106657197811133e-01	7.221433899428160441e-02	2.902260542514357999e-02	7.642839628254985418e-02
1.174126830854137097e+03	2.523269190214867952e-01	1.632124183661252392e-01	2.540857989242792936e-01	1.525989558546992086e-01	7.224772256134417980e-02	2.904226602361799706e-02	7.648591924823443244e-02
1.175578161918233945e+03	2.521188507446928684e-01	1.630776067368386040e-01	2.542301366967568699e-01	1.526871003852323661e-01	7.228104590866284151e-02	2.906190017880042400e-02	7.654335934880317216e-02
1.177029492982330339e+03	2.519111381721192977e-01	1.629430182649428405e-01	2.543742102560318519e-01	1.527750995527175082e-01	7.231430914689448985e-02	2.908150792742471985e-02	7.660071667965648312e-02
1.178480824046426733e+03	2.517037807012474371e-01	1.628086525730653433e-01	2.545180200985405761e-01	1.528629535980972065e-01	7.234751238649628213e-02	2.910108930617393008e-02	7.665799133616639505e-02
1.179932155110523581e+03	2.514967777305696095e-01	1.626745092844874285e-01	2.546615667197271726e-01	1.529506627619204306e-01	7.238065573772597960e-02	2.912064435168035953e-02	7.671518341367618288e-02
1.181383486174620202e+03	2.512901286595874417e-01	1.625405880231429456e-01	2.548048506140457858e-01	1.530382272843429647e-01	7.241373931064232217e-02	2.914017310052562787e-02	7.677229300750006147e-02
1.182834817238716823e+03	2.510838328888100879e-01	1.624068884136172786e-01	2.549478722749626280e-01	1.531256474051281291e-01	7.244676321510540307e-02	2.915967558924075637e-02	7.682932021292279701e-02
1.184286148302813444e+03	2.508778898197527307e-01	1.622734100811460412e-01	2.550906321949583111e-01	1.532129233636474464e-01	7.247972756077697420e-02	2.917915185430622338e-02	7.688626512519934619e-02
1.185737479366910065e+03	2.506722988549348607e-01	1.621401526516140501e-01	2.552331308655296227e-01	1.533000553988811410e-01	7.251263245712080696e-02	2.919860193215204069e-02	7.694312783955455093e-02
1.187188810431006686e+03	2.504670593978786108e-01	1.620071157515539650e-01	2.553753687771921355e-01	1.533870437494188055e-01	7.254547801340308077e-02	2.921802585915781250e-02	7.699990845118280525e-02
1.188640141495103080e+03	2.502621708531069245e-01	1.618742990081453170e-01	2.555173464194818722e-01	1.534738886534600388e-01	7.257826433869266070e-02	2.923742367165282213e-02	7.705660705524765286e-02
1.190091472559199701e+03	2.500576326261421678e-01	1.617417020492132318e-01	2.556590642809577485e-01	1.535605903488150570e-01	7.261099154186151372e-02	2.925679540591608063e-02	7.711322374688146797e-02
1.191542803623296322e+03	2.498534441235044645e-01	1.616093245032273473e-01	2.558005228492036265e-01	1.536471490729052480e-01	7.264365973158502798e-02	2.927614109817640656e-02	7.716975862118516383e-02
1.192994134687392716e+03	2.496496047527097528e-01	1.614771659993006481e-01	2.559417226108304244e-01	1.537335650627638106e-01	7.267626901634238745e-02	2.929546078461248843e-02	7.722621177322777641e-02
1.194445465751489564e+03	2.494461139222685364e-01	1.613452261671881605e-01	2.560826640514781705e-01	1.538198385550364200e-01	7.270881950441686337e-02	2.931475450135295410e-02	7.728258329804620075e-02
1.195896796815585958e+03	2.492429710416839417e-01	1.612135046372860092e-01	2.562233476558181122e-01	1.539059697859818110e-01	7.274131130389618893e-02	2.933402228447644366e-02	7.733887329064481619e-02
1.197348127879682352e+03	2.490401755214501911e-01	1.610820010406301683e-01	2.563637739075548261e-01	1.539919589914723053e-01	7.277374452267296179e-02	2.935326417001167879e-02	7.739508184599519502e-02
1.198799458943779200e+03	2.488377267730509101e-01	1.609507150088952954e-01	2.565039432894284377e-01	1.540778064069945330e-01	7.280611926844489379e-02	2.937248019393751131e-02	7.745120905903568609e-02
1.200250790007875821e+03	2.486356242089576285e-01	1.608196461743936767e-01	2.566438562832165649e-01	1.541635122676499603e-01	7.283843564871522736e-02	2.939167039218302038e-02	7.750725502467120664e-02
1.201702121071972442e+03	2.484338672426280037e-01	1.606887941700739508e-01	2.567835133697363714e-01	1.542490768081554997e-01	7.287069377079305466e-02	2.941083480062755759e-02	7.756321983777281215e-02
1.203153452136069063e+03	2.482324552885041835e-01	1.605581586295200536e-01	2.569229150288468988e-01	1.543345002628442320e-01	7.290289374179362292e-02	2.942997345510082324e-02	7.761910359317743258e-02
1.204604783200165684e+03	2.480313877620112795e-01	1.604277391869501079e-01	2.570620617394508423e-01	1.544197828656658222e-01	7.293503566863875076e-02	2.944908639138293580e-02	7.767490638568753936e-02
1.206056114264262078e+03	2.478306640795557292e-01	1.602975354772151473e-01	2.572009539794967714e-01	1.545049248501872696e-01	7.296711965805713351e-02	2.946817364520449081e-02	7.773062831007078455e-02
1.207507445328358699e+03	2.476302836585236034e-01	1.601675471357981717e-01	2.573395922259811286e-01	1.545899264495934067e-01	7.299914581658466239e-02	2.948723525224663730e-02	7.778626946105973716e-02
1.208958776392455093e+03	2.474302459172789959e-01	1.600377737988128990e-01	2.574779769549503383e-01	1.546747878966876488e-01	7.303111425056481310e-02	2.950627124814114363e-02	7.784182993335152234e-02
1.210410107456551941e+03	2.472305502751624695e-01	1.599082151030025989e-01	2.576161086415029722e-01	1.547595094238924385e-01	7.306302506614893721e-02	2.952528166847045304e-02	7.789730982160751604e-02
1.211861438520648335e+03	2.470311961524893629e-01	1.597788706857390939e-01	2.577539877597915252e-01	1.548440912632498834e-01	7.309487836929666471e-02	2.954426654876777386e-02	7.795270922045306750e-02
1.213312769584745183e+03	2.468321829705482640e-01	1.596497401850214826e-01	2.578916147830247474e-01	1.549285336464224783e-01	7.312667426577618146e-02	2.956322592451712111e-02	7.800802822447712448e-02
1.214764100648841804e+03	2.466335101515993167e-01	1.595208232394751402e-01	2.580289901834694755e-01	1.550128368046934657e-01	7.315841286116461784e-02	2.958215983115339981e-02	7.806326692823198354e-02
1.216215431712937971e+03	2.464351771188726392e-01	1.593921194883505255e-01	2.581661144324527979e-01	1.550970009689676687e-01	7.319009426084832626e-02	2.960106830406247086e-02	7.811842542623291530e-02
1.217666762777034819e+03	2.462371832965668250e-01	1.592636285715220701e-01	2.583029880003641088e-01	1.551810263697719905e-01	7.322171857002326978e-02	2.961995137858121005e-02	7.817350381295791462e-02
1.219118093841131440e+03	2.460395281098471387e-01	1.591353501294870965e-01	2.584396113566568842e-01	1.552649132372559693e-01	7.325328589369538290e-02	2.963880908999757743e-02	7.822850218284735369e-02
1.220569424905228061e+03	2.458422109848440451e-01	1.590072838033647074e-01	2.585759849698510138e-01	1.553486618011924170e-01	7.328479633668082138e-02	2.965764147355068672e-02	7.828342063030370446e-02
1.222020755969324682e+03	2.456452313486515715e-01	1.588794292348945647e-01	2.587121093075347988e-01	1.554322722909780297e-01	7.331625000360635080e-02	2.967644856443086773e-02	7.833825924969123333e-02
1.223472087033421303e+03	2.454485886293258090e-01	1.587517860664359459e-01	2.588479848363666180e-01	1.555157449356339427e-01	7.334764699890972128e-02	2.969523039777974271e-02	7.839301813533566810e-02
1.224923418097517697e+03	2.452522822558831916e-01	1.586243539409664949e-01	2.589836120220773141e-01	1.555990799638063415e-01	7.337898742683993114e-02	2.971398700869027840e-02	7.844769738152394811e-02
1.226374749161614318e+03	2.450563116582989420e-01	1.584971325020811117e-01	2.591189913294719704e-01	1.556822776037670719e-01	7.341027139145755998e-02	2.973271843220685537e-02	7.850229708250387739e-02
1.227826080225710712e+03	2.448606762675055448e-01	1.583701213939910368e-01	2.592541232224321868e-01	1.557653380834142232e-01	7.344149899663519887e-02	2.975142470332534789e-02	7.855681733248386089e-02
1.229277411289807560e+03	2.446653755153911369e-01	1.582433202615224910e-01	2.593890081639176337e-01	1.558482616302726276e-01	7.347267034605767244e-02	2.977010585699317244e-02	7.861125822563258536e-02
1.230728742353903954e+03	2.444704088347978144e-01	1.581167287501157037e-01	2.595236466159686062e-01	1.559310484714946377e-01	7.350378554322242741e-02	2.978876192810936407e-02	7.866561985607878338e-02
1.232180073418000802e+03	2.442757756595202445e-01	1.579903465058238587e-01	2.596580390397073557e-01	1.560136988338605146e-01	7.353484469143983793e-02	2.980739295152463886e-02	7.871990231791085868e-02
1.233631404482097196e+03	2.440814754243039453e-01	1.578641731753119004e-01	2.597921858953406438e-01	1.560962129437791501e-01	7.356584789383358025e-02	2.982599896204145284e-02	7.877410570517665023e-02
1.235082735546193817e+03	2.438875075648437585e-01	1.577382084058555345e-01	2.599260876421613520e-01	1.561785910272885936e-01	7.359679525334091033e-02	2.984457999441408882e-02	7.882823011188309914e-02
1.236534066610290438e+03	2.436938715177822679e-01	1.576124518453400070e-01	2.600597447385505911e-01	1.562608333100566627e-01	7.362768687271305235e-02	2.986313608334870140e-02	7.888227563199604053e-02
1.237985397674387059e+03	2.435005667207083002e-01	1.574869031422591048e-01	2.601931576419796999e-01	1.563429400173814710e-01	7.365852285451544856e-02	2.988166726350338295e-02	7.893624235943984269e-02
1.239436728738483680e+03	2.433075926121552601e-01	1.573615619457141290e-01	2.603263268090122429e-01	1.564249113741921215e-01	7.368930330112814786e-02	2.990017356948824340e-02	7.899013038809717113e-02
1.240888059802580301e+03	2.431149486315995478e-01	1.572364279054126457e-01	2.604592526953056209e-01	1.565067476050491790e-01	7.372002831474616658e-02	2.991865503586546224e-02	7.904393981180865558e-02
1.242339390866676695e+03	2.429226342194591437e-01	1.571115006716675144e-01	2.605919357556136240e-01	1.565884489341453079e-01	7.375069799737973830e-02	2.993711169714936143e-02	7.909767072437264013e-02
1.243790721930773088e+03	2.427306488170919430e-01	1.569867798953957783e-01	2.607243764437877087e-01	1.566700155853058274e-01	7.378131245085466083e-02	2.995554358780646784e-02	7.915132321954491956e-02
1.245242052994869937e+03	2.425389918667942291e-01	1.568622652281175811e-01	2.608565752127794957e-01	1.567514477819893504e-01	7.381187177681264311e-02	2.997395074225557565e-02	7.920489739103844795e-02
1.246693384058966330e+03	2.423476628117990639e-01	1.567379563219550853e-01	2.609885325146424351e-01	1.568327457472882547e-01	7.384237607671165216e-02	2.999233319486781929e-02	7.925839333252303331e-02
1.248144715123063179e+03	2.421566610962747612e-01	1.566138528296314170e-01	2.611202488005337496e-01	1.569139097039293773e-01	7.387282545182617677e-02	3.001069097996672541e-02	7.931181113762512946e-02
1.249596046187159800e+03	2.419659861653234156e-01	1.564899544044695279e-01	2.612517245207164329e-01	1.569949398742745417e-01	7.390322000324760221e-02	3.002902413182829619e-02	7.936515089992747518e-02
1.251047377251256421e+03	2.417756374649792650e-01	1.563662607003912519e-01	2.613829601245611367e-01	1.570758364803211127e-01	7.393355983188452940e-02	3.004733268468105789e-02	7.941841271296892768e-02
1.252498708315352815e+03	2.415856144422072749e-01	1.562427713719160560e-01	2.615139560605481694e-01	1.571565997437026074e-01	7.396384503846308023e-02	3.006561667270612678e-02	7.947159667024407403e-02
1.253950039379449436e+03	2.413959165449013622e-01	1.561194860741600965e-01	2.616447127762691616e-01	1.572372298856892503e-01	7.399407572352720286e-02	3.008387613003728200e-02	7.952470286520306464e-02
1.255401370443546057e+03	2.412065432218830630e-01	1.559964044628351643e-01	2.617752307184292304e-01	1.573177271271885280e-01	7.402425198743907420e-02	3.010211109076102801e-02	7.957773139125130790e-02
1.256852701507642678e+03	2.410174939228998947e-01	1.558735261942475747e-01	2.619055103328488676e-01	1.573980916887458559e-01	7.405437393037934968e-02	3.012032158891665701e-02	7.963068234174917881e-02
1.258304032571739299e+03	2.408287680986239410e-01	1.557508509252970574e-01	2.620355520644657710e-01	1.574783237905450217e-01	7.408444165234749634e-02	3.013850765849630450e-02	7.968355581001179688e-02
1.259755363635835920e+03	2.406403652006501581e-01	1.556283783134758125e-01	2.621653563573366763e-01	1.575584236524088522e-01	7.411445525316212590e-02	3.015666933344503600e-02	7.973635188930873474e-02
1.261206694699932314e+03	2.404522846814949322e-01	1.555061080168673449e-01	2.622949236546393559e-01	1.576383914937997122e-01	7.414441483246132780e-02	3.017480664766088519e-02	7.978907067286378219e-02
1.262658025764028707e+03	2.402645259945946077e-01	1.553840396941454927e-01	2.624242543986745613e-01	1.577182275338201711e-01	7.417432048970294678e-02	3.019291963499493373e-02	7.984171225385466864e-02
1.264109356828125556e+03	2.400770885943038224e-01	1.552621730045732340e-01	2.625533490308676887e-01	1.577979319912134748e-01	7.420417232416495756e-02	3.021100832925138063e-02	7.989427672541278558e-02
1.265560687892221949e+03	2.398899719358940641e-01	1.551405076080018264e-01	2.626822079917709440e-01	1.578775050843642114e-01	7.423397043494574243e-02	3.022907276418758740e-02	7.994676418062296452e-02
1.267012018956318798e+03	2.397031754755522548e-01	1.550190431648696687e-01	2.628108317210648970e-01	1.579569470312987556e-01	7.426371492096441040e-02	3.024711297351415085e-02	7.999917471252324108e-02
1.268463350020415419e+03	2.395166986703790302e-01	1.548977793362012467e-01	2.629392206575605351e-01	1.580362580496859071e-01	7.429340588096115805e-02	3.026512899089497249e-02	8.005150841410453577e-02
1.269914681084511813e+03	2.393305409783873516e-01	1.547767157836060226e-01	2.630673752392012621e-01	1.581154383568375010e-01	7.432304341349753318e-02	3.028312084994731410e-02	8.010376537831044585e-02
1.271366012148608434e+03	2.391447018585009521e-01	1.546558521692774912e-01	2.631952959030645078e-01	1.581944881697088523e-01	7.435262761695678180e-02	3.030108858424186702e-02	8.015594569803699554e-02
1.272817343212705055e+03	2.389591807705529203e-01	1.545351881559920704e-01	2.633229830853636710e-01	1.582734077048994770e-01	7.438215858954413950e-02	3.031903222730281469e-02	8.020804946613235842e-02
1.274268674276801676e+03	2.387739771752840356e-01	1.544147234071081287e-01	2.634504372214500623e-01	1.583521971786535087e-01	7.441163642928722011e-02	3.033695181260788812e-02	8.026007677539663543e-02
1.275720005340898297e+03	2.385890905343413526e-01	1.542944575865649315e-01	2.635776587458145137e-01	1.584308568068603928e-01	7.444106123403622377e-02	3.035484737358844567e-02	8.031202771858160505e-02
1.277171336404994690e+03	2.384045203102767296e-01	1.541743903588815301e-01	2.637046480920896552e-01	1.585093868050552746e-01	7.447043310146432560e-02	3.037271894362951127e-02	8.036390238839048739e-02
1.278622667469091539e+03	2.382202659665453026e-01	1.540545213891558185e-01	2.638314056930511908e-01	1.585877873884197209e-01	7.449975212906796707e-02	3.039056655606987151e-02	8.041570087747765272e-02
1.280073998533187932e+03	2.380363269675039306e-01	1.539348503430634507e-01	2.639579319806202862e-01	1.586660587717822479e-01	7.452901841416713358e-02	3.040839024420209646e-02	8.046742327844842724e-02
1.281525329597284326e+03	2.378527027784097803e-01	1.538153768868567584e-01	2.640842273858649003e-01	1.587442011696188204e-01	7.455823205390577080e-02	3.042619004127264729e-02	8.051906968385884322e-02
1.282976660661381175e+03	2.376693928654187438e-01	1.536961006873638069e-01	2.642102923390021174e-01	1.588222147960534902e-01	7.458739314525197894e-02	3.044396598048190739e-02	8.057064018621540313e-02
1.284427991725477568e+03	2.374863966955841066e-01	1.535770214119874522e-01	2.643361272693995345e-01	1.589000998648588681e-01	7.461650178499840136e-02	3.046171809498425878e-02	8.062213487797482980e-02
1.285879322789574417e+03	2.373037137368548544e-01	1.534581387287040910e-01	2.644617326055773709e-01	1.589778565894567064e-01	7.464555806976251595e-02	3.047944641788813760e-02	8.067355385154380276e-02
1.287330653853671038e+03	2.371213434580743962e-01	1.533394523060628012e-01	2.645871087752100226e-01	1.590554851829185379e-01	7.467456209598688499e-02	3.049715098225610002e-02	8.072489719927879170e-02
1.288781984917767431e+03	2.369392853289788992e-01	1.532209618131842588e-01	2.647122562051280603e-01	1.591329858579661471e-01	7.470351395993961308e-02	3.051483182110489509e-02	8.077616501348576505e-02
1.290233315981864052e+03	2.367575388201958730e-01	1.531026669197597390e-01	2.648371753213199509e-01	1.592103588269720704e-01	7.473241375771448591e-02	3.053248896740550292e-02	8.082735738641996792e-02
