1.001418434226643626e+03	2.797805919134285224e-01	1.810022029621657647e-01	2.348873364593179192e-01	1.409843657501188563e-01	6.780215072488902928e-02	2.650540298876862336e-02	6.903794920109394828e-02
1.003837319333471214e+03	2.793555301853468675e-01	1.807290313281200433e-01	2.351869776481524399e-01	1.411624584495771162e-01	6.787055591654810038e-02	2.654399565621240811e-02	6.915145081582564635e-02
1.006256204440298802e+03	2.789316775451539665e-01	1.804566152360027875e-01	2.354857041127199901e-01	1.413400547089728176e-01	6.793875132040097520e-02	2.658250449859343376e-02	6.926469257793860246e-02
1.008675089547126618e+03	2.785090305815927092e-01	1.801849525510921535e-01	2.357835187545901379e-01	1.415171559168790782e-01	6.800673759616031322e-02	2.662092968987025965e-02	6.937767490959791117e-02
1.011093974653954206e+03	2.780875858929385824e-01	1.799140411448637289e-01	2.360804244654153838e-01	1.416937634580343053e-01	6.807451540148308500e-02	2.665927140369049597e-02	6.949039823335692589e-02
1.013512859760782021e+03	2.776673400869738018e-01	1.796438788949718812e-01	2.363764241269681876e-01	1.418698787133525208e-01	6.814208539197695591e-02	2.669752981339115414e-02	6.960286297214800244e-02
1.015931744867609382e+03	2.772482897809606106e-01	1.793744636852308838e-01	2.366715206111784930e-01	1.420455030599336033e-01	6.820944822120662832e-02	2.673570509199898679e-02	6.971506954927327027e-02
1.018350629974437197e+03	2.768304316016158007e-01	1.791057934055964029e-01	2.369657167801703934e-01	1.422206378710734465e-01	6.827660454070003104e-02	2.677379741223084864e-02	6.982701838839552866e-02
1.020769515081264785e+03	2.764137621850843440e-01	1.788378659521469016e-01	2.372590154862991851e-01	1.423952845162742287e-01	6.834355499995463379e-02	2.681180694649403645e-02	6.993870991352921229e-02
1.023188400188092373e+03	2.759982781769135252e-01	1.785706792270650156e-01	2.375514195721878663e-01	1.425694443612544882e-01	6.841030024644370600e-02	2.684973386688664296e-02	7.005014454903130128e-02
1.025607285294920075e+03	2.755839762320272945e-01	1.783042311386191237e-01	2.378429318707638296e-01	1.427431187679593649e-01	6.847684092562250635e-02	2.688757834519791071e-02	7.016132271959246713e-02
1.028026170401747549e+03	2.751708530147003451e-01	1.780385196011449456e-01	2.381335552052952498e-01	1.429163090945706482e-01	6.854317768093447227e-02	2.692534055290857556e-02	7.027224485022823264e-02
1.030445055508575479e+03	2.747589051985323549e-01	1.777735425350271958e-01	2.384232923894271938e-01	1.430890166955169074e-01	6.860931115381746492e-02	2.696302066119123098e-02	7.038291136627010391e-02
1.032863940615402726e+03	2.743481294664225634e-01	1.775092978666812649e-01	2.387121462272177030e-01	1.432612429214834837e-01	6.867524198370990318e-02	2.700061884091066108e-02	7.049332269335685519e-02
1.035282825722230655e+03	2.739385225105439581e-01	1.772457835285350114e-01	2.390001195131738754e-01	1.434329891194226492e-01	6.874097080805688376e-02	2.703813526262421538e-02	7.060347925742591069e-02
1.037701710829058356e+03	2.735300810323177956e-01	1.769829974590105270e-01	2.392872150322874480e-01	1.436042566325635150e-01	6.880649826231637067e-02	2.707557009658215219e-02	7.071338148470471263e-02
1.040120595935886058e+03	2.731228017423882326e-01	1.767209376025060674e-01	2.395734355600706578e-01	1.437750468004220517e-01	6.887182497996527375e-02	2.711292351272798218e-02	7.082302980170220030e-02
1.042539481042713533e+03	2.727166813605970686e-01	1.764596019093780388e-01	2.398587838625915736e-01	1.439453609588111083e-01	6.893695159250556870e-02	2.715019568069884995e-02	7.093242463520030294e-02
1.044958366149541234e+03	2.723117166159582103e-01	1.761989883359228737e-01	2.401432626965094019e-01	1.441152004398503217e-01	6.900187872947029233e-02	2.718738676982585326e-02	7.104156641224558533e-02
1.047377251256368709e+03	2.719079042466326368e-01	1.759390948443591562e-01	2.404268748091097918e-01	1.442845665719759141e-01	6.906660701842970429e-02	2.722449694913443505e-02	7.115045556014090722e-02
1.049796136363196410e+03	2.715052409999030858e-01	1.756799194028098032e-01	2.407096229383398067e-01	1.444534606799507681e-01	6.913113708499728227e-02	2.726152638734471653e-02	7.125909250643711057e-02
1.052215021470024112e+03	2.711037236321490740e-01	1.754214599852840784e-01	2.409915098128428967e-01	1.446218840848741694e-01	6.919546955283571721e-02	2.729847525287185800e-02	7.136747767892480387e-02
1.054633906576851814e+03	2.707033489088216949e-01	1.751637145716599120e-01	2.412725381519936763e-01	1.447898381041916871e-01	6.925960504366290849e-02	2.733534371382642311e-02	7.147561150562622978e-02
1.057052791683679516e+03	2.703041136044188608e-01	1.749066811476663041e-01	2.415527106659323686e-01	1.449573240517049999e-01	6.932354417725804241e-02	2.737213193801472239e-02	7.158349441478717434e-02
1.059471676790506763e+03	2.699060145024603785e-01	1.746503577048653943e-01	2.418320300555994451e-01	1.451243432375816655e-01	6.938728757146743475e-02	2.740884009293919482e-02	7.169112683486893178e-02
1.061890561897334692e+03	2.695090483954629135e-01	1.743947422406350589e-01	2.421104990127699030e-01	1.452908969683648910e-01	6.945083584221056761e-02	2.744546834579873751e-02	7.179850919454033864e-02
1.064309447004162394e+03	2.691132120849152876e-01	1.741398327581513972e-01	2.423881202200874885e-01	1.454569865469832468e-01	6.951418960348595966e-02	2.748201686348909073e-02	7.190564192266984955e-02
1.066728332110990095e+03	2.687185023812540541e-01	1.738856272663710512e-01	2.426648963510986412e-01	1.456226132727604372e-01	6.957734946737713366e-02	2.751848581260317450e-02	7.201252544831773794e-02
1.069147217217817570e+03	2.683249161038385733e-01	1.736321237800140249e-01	2.429408300702865509e-01	1.457877784414249867e-01	6.964031604405844511e-02	2.755487535943147021e-02	7.211916020072826894e-02
1.071566102324645271e+03	2.679324500809263654e-01	1.733793203195460320e-01	2.432159240331047689e-01	1.459524833451197878e-01	6.970308994180102191e-02	2.759118566996236754e-02	7.222554660932195558e-02
1.073984987431472746e+03	2.675411011496489078e-01	1.731272149111613978e-01	2.434901808860109318e-01	1.461167292724119271e-01	6.976567176697857919e-02	2.762741690988252882e-02	7.233168510368796766e-02
1.076403872538300675e+03	2.671508661559870990e-01	1.728758055867657684e-01	2.437636032665003449e-01	1.462805175083021769e-01	6.982806212407326185e-02	2.766356924457724978e-02	7.243757611357645732e-02
1.078822757645127922e+03	2.667617419547466118e-01	1.726250903839586792e-01	2.440361938031390676e-01	1.464438493342346270e-01	6.989026161568150097e-02	2.769964283913082387e-02	7.254322006889100949e-02
1.081241642751955851e+03	2.663737254095340234e-01	1.723750673460167637e-01	2.443079551155973861e-01	1.466067260281062601e-01	6.995227084251978700e-02	2.773563785832689962e-02	7.264861739968121734e-02
1.083660527858783553e+03	2.659868133927322242e-01	1.721257345218763501e-01	2.445788898146827317e-01	1.467691488642764996e-01	7.001409040343045675e-02	2.777155446664885188e-02	7.275376853613518824e-02
1.086079412965611255e+03	2.656010027854765476e-01	1.718770899661165863e-01	2.448490005023726823e-01	1.469311191135767025e-01	7.007572089538748050e-02	2.780739282828012873e-02	7.285867390857220238e-02
1.088498298072438729e+03	2.652162904776302343e-01	1.716291317389423421e-01	2.451182897718478249e-01	1.470926380433196790e-01	7.013716291350220733e-02	2.784315310710463315e-02	7.296333394743535761e-02
1.090917183179266431e+03	2.648326733677608402e-01	1.713818579061673619e-01	2.453867602075243404e-01	1.472537069173091850e-01	7.019841705102908280e-02	2.787883546670708382e-02	7.306774908328435292e-02
1.093336068286093905e+03	2.644501483631159222e-01	1.711352665391973338e-01	2.456544143850865614e-01	1.474143269958493319e-01	7.025948389937142213e-02	2.791444007037336208e-02	7.317191974678828592e-02
1.095754953392921607e+03	2.640687123795992797e-01	1.708893557150130971e-01	2.459212548715194457e-01	1.475744995357540224e-01	7.032036404808704455e-02	2.794996708109089359e-02	7.327584636871846413e-02
1.098173838499749309e+03	2.636883623417470290e-01	1.706441235161538506e-01	2.461872842251407179e-01	1.477342257903563327e-01	7.038105808489397708e-02	2.798541666154901603e-02	7.337952937994134117e-02
1.100592723606577010e+03	2.633090951827038451e-01	1.703995680307003879e-01	2.464525049956331204e-01	1.478935070095179494e-01	7.044156659567614442e-02	2.802078897413933303e-02	7.348296921141146687e-02
1.103011608713404712e+03	2.629309078441992020e-01	1.701556873522585556e-01	2.467169197240763889e-01	1.480523444396384947e-01	7.050189016448897561e-02	2.805608418095608542e-02	7.358616629416454835e-02
1.105430493820231959e+03	2.625537972765237815e-01	1.699124795799425158e-01	2.469805309429790874e-01	1.482107393236647974e-01	7.056202937356507998e-02	2.809130244379651198e-02	7.368912105931046952e-02
1.107849378927059888e+03	2.621777604385057692e-01	1.696699428183582048e-01	2.472433411763104161e-01	1.483686929011003020e-01	7.062198480331981221e-02	2.812644392416123115e-02	7.379183393802646318e-02
1.110268264033887590e+03	2.618027942974873179e-01	1.694280751775869565e-01	2.475053529395318253e-01	1.485262064080142552e-01	7.068175703235694829e-02	2.816150878325458795e-02	7.389430536155026930e-02
1.112687149140715292e+03	2.614288958293012333e-01	1.691868747731688494e-01	2.477665687396284622e-01	1.486832810770510604e-01	7.074134663747416729e-02	2.819649718198503560e-02	7.399653576117340426e-02
1.115106034247542766e+03	2.610560620182472702e-01	1.689463397260864141e-01	2.480269910751405349e-01	1.488399181374393809e-01	7.080075419366867184e-02	2.823140928096549984e-02	7.409852556823438852e-02
1.117524919354370468e+03	2.606842898570690958e-01	1.687064681627483409e-01	2.482866224361945373e-01	1.489961188150014937e-01	7.085998027414273925e-02	2.826624524051373627e-02	7.420027521411215465e-02
1.119943804461197942e+03	2.603135763469308639e-01	1.684672582149731035e-01	2.485454653045343354e-01	1.491518843321623933e-01	7.091902545030923100e-02	2.830100522065272239e-02	7.430178513021944153e-02
1.122362689568025871e+03	2.599439184973938444e-01	1.682287080199726392e-01	2.488035221535522812e-01	1.493072159079590067e-01	7.097789029179711606e-02	2.833568938111100458e-02	7.440305574799618848e-02
1.124781574674853118e+03	2.595753133263934975e-01	1.679908157203363617e-01	2.490607954483198550e-01	1.494621147580492693e-01	7.103657536645695270e-02	2.837029788132307273e-02	7.450408749890306825e-02
1.127200459781681047e+03	2.592077578602162702e-01	1.677535794640148403e-01	2.493172876456184739e-01	1.496165820947212566e-01	7.109508124036638399e-02	2.840483088042973850e-02	7.460488081441508934e-02
1.129619344888508749e+03	2.588412491334763921e-01	1.675169974043037857e-01	2.495730011939702175e-01	1.497706191269023712e-01	7.115340847783559186e-02	2.843928853727849260e-02	7.470543612601512895e-02
1.132038229995336451e+03	2.584757841890933938e-01	1.672810676998280344e-01	2.498279385336680258e-01	1.499242270601683080e-01	7.121155764141276490e-02	2.847367101042387952e-02	7.480575386518761860e-02
1.134457115102163925e+03	2.581113600782685147e-01	1.670457885145254506e-01	2.500821020968062580e-01	1.500774070967521301e-01	7.126952929188948294e-02	2.850797845812787570e-02	7.490583446341225748e-02
1.136876000208991627e+03	2.577479738604623316e-01	1.668111580176311615e-01	2.503354943073108907e-01	1.502301604355533171e-01	7.132732398830618492e-02	2.854221103836024342e-02	7.500567835215778134e-02
1.139294885315819101e+03	2.573856226033718886e-01	1.665771743836614860e-01	2.505881175809695494e-01	1.503824882721467582e-01	7.138494228795751184e-02	2.857636890879892283e-02	7.510528596287573133e-02
1.141713770422646803e+03	2.570243033829078816e-01	1.663438357923982813e-01	2.508399743254615677e-01	1.505343917987916891e-01	7.144238474639774683e-02	2.861045222683038583e-02	7.520465772699433393e-02
1.144132655529474505e+03	2.566640132831717880e-01	1.661111404288729831e-01	2.510910669403876860e-01	1.506858722044407961e-01	7.149965191744610260e-02	2.864446114955001080e-02	7.530379407591245022e-02
1.146551540636302207e+03	2.563047493964337731e-01	1.658790864833509793e-01	2.513413978173000274e-01	1.508369306747489036e-01	7.155674435319216153e-02	2.867839583376246421e-02	7.540269544099345578e-02
1.148970425743129908e+03	2.559465088231097085e-01	1.656476721513159556e-01	2.515909693397314628e-01	1.509875683920821055e-01	7.161366260400113537e-02	2.871225643598206145e-02	7.550136225355928710e-02
1.151389310849957155e+03	2.555892886717388013e-01	1.654168956334541307e-01	2.518397838832254210e-01	1.511377865355265637e-01	7.167040721851919427e-02	2.874604311243314503e-02	7.559979494488454355e-02
1.153808195956785084e+03	2.552330860589611672e-01	1.651867551356387964e-01	2.520878438153647538e-01	1.512875862808973626e-01	7.172697874367880977e-02	2.877975601905045921e-02	7.569799394619049215e-02
1.156227081063612786e+03	2.548778981094954599e-01	1.649572488689147187e-01	2.523351514958015462e-01	1.514369688007473902e-01	7.178337772470394507e-02	2.881339531147951438e-02	7.579595968863932220e-02
1.158645966170440488e+03	2.545237219561164999e-01	1.647283750494827059e-01	2.525817092762858707e-01	1.515859352643761093e-01	7.183960470511545349e-02	2.884696114507697556e-02	7.589369260332824718e-02
1.161064851277267962e+03	2.541705547396333476e-01	1.645001318986840932e-01	2.528275195006949860e-01	1.517344868378383838e-01	7.189566022673624102e-02	2.888045367491101287e-02	7.599119312128382875e-02
1.163483736384095664e+03	2.538183936088665438e-01	1.642725176429853939e-01	2.530725845050620926e-01	1.518826246839533045e-01	7.195154482969649823e-02	2.891387305576169700e-02	7.608846167345625910e-02
1.165902621490923138e+03	2.534672357206266269e-01	1.640455305139629782e-01	2.533169066176053641e-01	1.520303499623128496e-01	7.200725905243894609e-02	2.894721944212136008e-02	7.618549869071365721e-02
1.168321506597751068e+03	2.531170782396914842e-01	1.638191687482877246e-01	2.535604881587563697e-01	1.521776638292906825e-01	7.206280343172404013e-02	2.898049298819498423e-02	7.628230460383651768e-02
1.170740391704578315e+03	2.527679183387846473e-01	1.635934305877098927e-01	2.538033314411886621e-01	1.523245674380508397e-01	7.211817850263516072e-02	2.901369384790055198e-02	7.637887984351210413e-02
1.173159276811406244e+03	2.524197531985533094e-01	1.633683142790438303e-01	2.540454387698463101e-01	1.524710619385563348e-01	7.217338479858376177e-02	2.904682217486944176e-02	7.647522484032892587e-02
1.175578161918233945e+03	2.520725800075463430e-01	1.631438180741528465e-01	2.542868124419720433e-01	1.526171484775779852e-01	7.222842285131454709e-02	2.907987812244680961e-02	7.657134002477131163e-02
1.177997047025061647e+03	2.517263959621926506e-01	1.629199402299341126e-01	2.545274547471357840e-01	1.527628281987029046e-01	7.228329319091063299e-02	2.911286184369192911e-02	7.666722582721392787e-02
1.180415932131889122e+03	2.513811982667791822e-01	1.626966790083036185e-01	2.547673679672622371e-01	1.529081022423432468e-01	7.233799634579859972e-02	2.914577349137860429e-02	7.676288267791644970e-02
1.182834817238716823e+03	2.510369841334293972e-01	1.624740326761812681e-01	2.550065543766593112e-01	1.530529717457446703e-01	7.239253284275368183e-02	2.917861321799552349e-02	7.685831100701816243e-02
1.185253702345544298e+03	2.506937507820812816e-01	1.622519995054756969e-01	2.552450162420457636e-01	1.531974378429950268e-01	7.244690320690483354e-02	2.921138117574664447e-02	7.695351124453270186e-02
1.187672587452371999e+03	2.503514954404661985e-01	1.620305777730696450e-01	2.554827558225790107e-01	1.533415016650328533e-01	7.250110796173979411e-02	2.924407751655156915e-02	7.704848382034283627e-02
1.190091472559199701e+03	2.500102153440870723e-01	1.618097657608048301e-01	2.557197753698828291e-01	1.534851643396559495e-01	7.255514762911013937e-02	2.927670239204591476e-02	7.714322916419520670e-02
1.192510357666027403e+03	2.496699077361969055e-01	1.615895617554673203e-01	2.559560771280746660e-01	1.536284269915298151e-01	7.260902272923637490e-02	2.930925595358169558e-02	7.723774770569516446e-02
1.194929242772855105e+03	2.493305698677774629e-01	1.613699640487727127e-01	2.561916633337932292e-01	1.537712907421961428e-01	7.266273378071293199e-02	2.934173835222770102e-02	7.733203987430173343e-02
1.197348127879682352e+03	2.489921989975177885e-01	1.611509709373514510e-01	2.564265362162257977e-01	1.539137567100813953e-01	7.271628130051321914e-02	2.937414973876986343e-02	7.742610609932243371e-02
1.199767012986510281e+03	2.486547923917930003e-01	1.609325807227340033e-01	2.566606979971352565e-01	1.540558260105051314e-01	7.276966580399456264e-02	2.940649026371164668e-02	7.751994680990831332e-02
1.202185898093337983e+03	2.483183473246429185e-01	1.607147917113364577e-01	2.568941508908873517e-01	1.541974997556885274e-01	7.282288780490327185e-02	2.943876007727442082e-02	7.761356243504896613e-02
1.204604783200165684e+03	2.479828610777510267e-01	1.604976022144457282e-01	2.571268971044776697e-01	1.543387790547625926e-01	7.287594781537955202e-02	2.947095932939782295e-02	7.770695340356754965e-02
1.207023668306993159e+03	2.476483309404231559e-01	1.602810105482052605e-01	2.573589388375582265e-01	1.544796650137768013e-01	7.292884634596247251e-02	2.950308816974016660e-02	7.780012014411588628e-02
1.209442553413820860e+03	2.473147542095665563e-01	1.600650150336002664e-01	2.575902782824646131e-01	1.546201587357072249e-01	7.298158390559490727e-02	2.953514674767879211e-02	7.789306308516961985e-02
1.211861438520648335e+03	2.469821281896687482e-01	1.598496139964435125e-01	2.578209176242424183e-01	1.547602613204649702e-01	7.303416100162850311e-02	2.956713521231045180e-02	7.798578265502338625e-02
1.214280323627476264e+03	2.466504501927766491e-01	1.596348057673607490e-01	2.580508590406737079e-01	1.548999738649045610e-01	7.308657813982852303e-02	2.959905371245169503e-02	7.807827928178603938e-02
1.216699208734303511e+03	2.463197175384755355e-01	1.594205886817766094e-01	2.582801047023037255e-01	1.550392974628321263e-01	7.313883582437880060e-02	2.963090239663923944e-02	7.817055339337590503e-02
1.219118093841131440e+03	2.459899275538684205e-01	1.592069610798999557e-01	2.585086567724668161e-01	1.551782332050136715e-01	7.319093455788658331e-02	2.966268141313035608e-02	7.826260541751610400e-02
1.221536978947959142e+03	2.456610775735549312e-01	1.589939213067098900e-01	2.587365174073131824e-01	1.553167821791833492e-01	7.324287484138741755e-02	2.969439090990323368e-02	7.835443578172986145e-02
1.223955864054786844e+03	2.453331649396108816e-01	1.587814677119414875e-01	2.589636887558344203e-01	1.554549454700517308e-01	7.329465717435000582e-02	2.972603103465738111e-02	7.844604491333592722e-02
1.226374749161614318e+03	2.450061870015673438e-01	1.585695986500715304e-01	2.591901729598900528e-01	1.555927241593139665e-01	7.334628205468103623e-02	2.975760193481398128e-02	7.853743323944396837e-02
1.228793634268442020e+03	2.446801411163901374e-01	1.583583124803044362e-01	2.594159721542329544e-01	1.557301193256580008e-01	7.339774997872998419e-02	2.978910375751629008e-02	7.862860118695007283e-02
1.231212519375269494e+03	2.443550246484592625e-01	1.581476075665582126e-01	2.596410884665355523e-01	1.558671320447726494e-01	7.344906144129392800e-02	2.982053664962999034e-02	7.871954918253219746e-02
1.233631404482097196e+03	2.440308349695483048e-01	1.579374822774504139e-01	2.598655240174154168e-01	1.560037633893558984e-01	7.350021693562239222e-02	2.985190075774361157e-02	7.881027765264576879e-02
1.236050289588924898e+03	2.437075694588039798e-01	1.577279349862840963e-01	2.600892809204606304e-01	1.561400144291228975e-01	7.355121695342206611e-02	2.988319622816886650e-02	7.890078702351922824e-02
1.238469174695752372e+03	2.433852255027258160e-01	1.575189640710338845e-01	2.603123612822556554e-01	1.562758862308141206e-01	7.360206198486160534e-02	2.991442320694105358e-02	7.899107772114966064e-02
1.240888059802580301e+03	2.430638004951456987e-01	1.573105679143320945e-01	2.605347672024063699e-01	1.564113798582034420e-01	7.365275251857633654e-02	2.994558183981943858e-02	7.908115017129846436e-02
1.243306944909407548e+03	2.427432918372076365e-01	1.571027449034547996e-01	2.607565007735655471e-01	1.565464963721061586e-01	7.370328904167304518e-02	2.997667227228762235e-02	7.917100479948700753e-02
1.245725830016235477e+03	2.424236969373473882e-01	1.568954934303082027e-01	2.609775640814581132e-01	1.566812368303870662e-01	7.375367203973468011e-02	3.000769464955392943e-02	7.926064203099245087e-02
1.248144715123063179e+03	2.421050132112724795e-01	1.566888118914146200e-01	2.611979592049060162e-01	1.568156022879684808e-01	7.380390199682501651e-02	3.003864911655178271e-02	7.935006229084341778e-02
1.250563600229890881e+03	2.417872380819418299e-01	1.564826986878989079e-01	2.614176882158534276e-01	1.569495937968382326e-01	7.385397939549340207e-02	3.006953581794009206e-02	7.943926600381588654e-02
1.252982485336718355e+03	2.414703689795459352e-01	1.562771522254746692e-01	2.616367531793915013e-01	1.570832124060576318e-01	7.390390471677943385e-02	3.010035489810362203e-02	7.952825359442901310e-02
1.255401370443546057e+03	2.411544033414866617e-01	1.560721709144307356e-01	2.618551561537830752e-01	1.572164591617694063e-01	7.395367844021757953e-02	3.013110650115337699e-02	7.961702548694096770e-02
1.257820255550373531e+03	2.408393386123572066e-01	1.558677531696175123e-01	2.620728991904876515e-01	1.573493351072056678e-01	7.400330104384185426e-02	3.016179077092698627e-02	7.970558210534495203e-02
1.260239140657201460e+03	2.405251722439223638e-01	1.556638974104332940e-01	2.622899843341857107e-01	1.574818412826957947e-01	7.405277300419048359e-02	3.019240785098908572e-02	7.979392387336504966e-02
1.262658025764028707e+03	2.402119016950985675e-01	1.554606020608109984e-01	2.625064136228033029e-01	1.576139787256744251e-01	7.410209479631045537e-02	3.022295788463168556e-02	7.988205121445232648e-02
1.265076910870856636e+03	2.398995244319340747e-01	1.552578655492044546e-01	2.627221890875364174e-01	1.577457484706892010e-01	7.415126689376216884e-02	3.025344101487456583e-02	7.996996455178079222e-02
1.267495795977684338e+03	2.395880379275892036e-01	1.550556863085751358e-01	2.629373127528754073e-01	1.578771515494086786e-01	7.420028976862405590e-02	3.028385738446564765e-02	8.005766430824350077e-02
1.269914681084511813e+03	2.392774396623166822e-01	1.548540627763786426e-01	2.631517866366290259e-01	1.580081889906301551e-01	7.424916389149710527e-02	3.031420713588137486e-02	8.014515090644863671e-02
1.272333566191339514e+03	2.389677271234418587e-01	1.546529933945514912e-01	2.633656127499485189e-01	1.581388618202875240e-01	7.429788973150945608e-02	3.034449041132710259e-02	8.023242476871567108e-02
1.274752451298167216e+03	2.386588978053433840e-01	1.544524766094976798e-01	2.635787930973517712e-01	1.582691710614589908e-01	7.434646775632093585e-02	3.037470735273746850e-02	8.031948631707148956e-02
1.277171336404994690e+03	2.383509492094332827e-01	1.542525108720754490e-01	2.637913296767469551e-01	1.583991177343749279e-01	7.439489843212761244e-02	3.040485810177677786e-02	8.040633597324665927e-02
1.279590221511822392e+03	2.380438788441377740e-01	1.540530946375842092e-01	2.640032244794567884e-01	1.585287028564255352e-01	7.444318222366631821e-02	3.043494279983938525e-02	8.049297415867166794e-02
1.282009106618650094e+03	2.377376842248776212e-01	1.538542263657511344e-01	2.642144794902418492e-01	1.586579274421686392e-01	7.449131959421913252e-02	3.046496158805007612e-02	8.057940129447313526e-02
1.284427991725477568e+03	2.374323628740489245e-01	1.536559045207181173e-01	2.644250966873245012e-01	1.587867925033374095e-01	7.453931100561793366e-02	3.049491460726444850e-02	8.066561780147021854e-02
1.286846876832305497e+03	2.371279123210037476e-01	1.534581275710287795e-01	2.646350780424120419e-01	1.589152990488480466e-01	7.458715691824881200e-02	3.052480199806928765e-02	8.075162410017089343e-02
1.289265761939132744e+03	2.368243301020306057e-01	1.532608939896152600e-01	2.648444255207205722e-01	1.590434480848073318e-01	7.463485779105658025e-02	3.055462390078295815e-02	8.083742061076835961e-02
1.291684647045960673e+03	2.365216137603355084e-01	1.530642022537852254e-01	2.650531410809979782e-01	1.591712406145205094e-01	7.468241408154921435e-02	3.058438045545576467e-02	8.092300775313744643e-02
1.294103532152788375e+03	2.362197608460227527e-01	1.528680508452089915e-01	2.652612266755473569e-01	1.592986776384987535e-01	7.472982624580230826e-02	3.061407180187036836e-02	8.100838594683106020e-02
1.296522417259616077e+03	2.359187689160756607e-01	1.526724382499064780e-01	2.654686842502503308e-01	1.594257601544668002e-01	7.477709473846351484e-02	3.064369807954213376e-02	8.109355561107667310e-02
1.298941302366443551e+03	2.356186355343375671e-01	1.524773629582344137e-01	2.656755157445898075e-01	1.595524891573705806e-01	7.482422001275690349e-02	3.067325942771952432e-02	8.117851716477285373e-02
1.301360187473271253e+03	2.353193582714927790e-01	1.522828234648733459e-01	2.658817230916730723e-01	1.596788656393847428e-01	7.487120252048742874e-02	3.070275598538449099e-02	8.126327102648576994e-02
1.303779072580098727e+03	2.350209347050477016e-01	1.520888182688149848e-01	2.660873082182547700e-01	1.598048905899202843e-01	7.491804271204526022e-02	3.073218789125284345e-02	8.134781761444578874e-02
1.306197957686926657e+03	2.347233624193117707e-01	1.518953458733493245e-01	2.662922730447596087e-01	1.599305649956319908e-01	7.496474103641020958e-02	3.076155528377462825e-02	8.143215734654410398e-02
1.308616842793753904e+03	2.344266390053786620e-01	1.517024047860519032e-01	2.664966194853050085e-01	1.600558898404260688e-01	7.501129794115604654e-02	3.079085830113452785e-02	8.151629064032939187e-02
1.311035727900581833e+03	2.341307620611075002e-01	1.515099935187711466e-01	2.667003494477239722e-01	1.601808661054675009e-01	7.505771387245485649e-02	3.082009708125221445e-02	8.160021791300439697e-02
1.313454613007409534e+03	2.338357291911040692e-01	1.513181105876157673e-01	2.669034648335871784e-01	1.603054947691876231e-01	7.510398927508141198e-02	3.084927176178275943e-02	8.168393958142275424e-02
1.315873498114237009e+03	2.335415380067020208e-01	1.511267545129420242e-01	2.671059675382258525e-01	1.604297768072915353e-01	7.515012459241744713e-02	3.087838248011700107e-02	8.176745606208567219e-02
1.318292383221064711e+03	2.332481861259443345e-01	1.509359238193412611e-01	2.673078594507537487e-01	1.605537131927655681e-01	7.519612026645600134e-02	3.090742937338192622e-02	8.185076777113872715e-02
1.320711268327892412e+03	2.329556711735645824e-01	1.507456170356273328e-01	2.675091424540896878e-01	1.606773048958846650e-01	7.524197673780566586e-02	3.093641257844105541e-02	8.193387512436858811e-02
1.323130153434719887e+03	2.326639907809684160e-01	1.505558326948240322e-01	2.677098184249795954e-01	1.608005528842197385e-01	7.528769444569491376e-02	3.096533223189482445e-02	8.201677853719997746e-02
1.325549038541547588e+03	2.323731425862151090e-01	1.503665693341527665e-01	2.679098892340186500e-01	1.609234581226451910e-01	7.533327382797637417e-02	3.099418847008095571e-02	8.209947842469242363e-02
1.327967923648375290e+03	2.320831242339990441e-01	1.501778254950200675e-01	2.681093567456730997e-01	1.610460215733461597e-01	7.537871532113102346e-02	3.102298142907485706e-02	8.218197520153720792e-02
1.330386808755202765e+03	2.317939333756312281e-01	1.499895997230051292e-01	2.683082228183024665e-01	1.611682441958258716e-01	7.542401936027251508e-02	3.105171124468998969e-02	8.226426928205429756e-02
1.332805693862030694e+03	2.315055676690210285e-01	1.498018905678476509e-01	2.685064893041810286e-01	1.612901269469129706e-01	7.546918637915131511e-02	3.108037805247825316e-02	8.234636108018923706e-02
1.335224578968857941e+03	2.312180247786577991e-01	1.496146965834353748e-01	2.687041580495198589e-01	1.614116707807688456e-01	7.551421681015901832e-02	3.110898198773037054e-02	8.242825100951021999e-02
1.337643464075685870e+03	2.309313023755926730e-01	1.494280163277919016e-01	2.689012308944882523e-01	1.615328766488948742e-01	7.555911108433246981e-02	3.113752318547626310e-02	8.250993948320503590e-02
1.340062349182513572e+03	2.306453981374203543e-01	1.492418483630644221e-01	2.690977096732354856e-01	1.616537455001396673e-01	7.560386963135799776e-02	3.116600178048543890e-02	8.259142691407812820e-02
1.342481234289341273e+03	2.303603097482607998e-01	1.490561912555115887e-01	2.692935962139120232e-01	1.617742782807063684e-01	7.564849287957557677e-02	3.119441790726737440e-02	8.267271371454772144e-02
1.344900119396168748e+03	2.300760348987413162e-01	1.488710435754912742e-01	2.694888923386911661e-01	1.618944759341599260e-01	7.569298125598301896e-02	3.122277170007188574e-02	8.275380029664280990e-02
1.347319004502996449e+03	2.297925712859783531e-01	1.486864038974485547e-01	2.696835998637903686e-01	1.620143394014341709e-01	7.573733518624008176e-02	3.125106329288952073e-02	8.283468707200039582e-02
1.349737889609823924e+03	2.295099166135595448e-01	1.485022707999035241e-01	2.698777205994922213e-01	1.621338696208390606e-01	7.578155509467264517e-02	3.127929281945193707e-02	8.291537445186258903e-02
1.352156774716651853e+03	2.292280685915256411e-01	1.483186428654393596e-01	2.700712563501656560e-01	1.622530675280678403e-01	7.582564140427684729e-02	3.130746041323227702e-02	8.299586284707383133e-02
1.354575659823479100e+03	2.289470249363527721e-01	1.481355186806903035e-01	2.702642089142873183e-01	1.623719340562042590e-01	7.586959453672315057e-02	3.133556620744554905e-02	8.307615266807809318e-02
1.356994544930307029e+03	2.286667833709344344e-01	1.479528968363296171e-01	2.704565800844621615e-01	1.624904701357296199e-01	7.591341491236049122e-02	3.136361033504903723e-02	8.315624432491609819e-02
1.359413430037134731e+03	2.283873416245636723e-01	1.477707759270577015e-01	2.706483716474444856e-01	1.626086766945298856e-01	7.595710295022035929e-02	3.139159292874264123e-02	8.323613822722265854e-02
1.361832315143962205e+03	2.281086974329153416e-01	1.475891545515903014e-01	2.708395853841588652e-01	1.627265546579028388e-01	7.600065906802085103e-02	3.141951412096927188e-02	8.331583478422391331e-02
1.364251200250789907e+03	2.278308485380284021e-01	1.474080313126465425e-01	2.710302230697205772e-01	1.628441049485651604e-01	7.604408368217076275e-02	3.144737404391524660e-02	8.339533440473467785e-02
1.366670085357617609e+03	2.275537926882881812e-01	1.472274048169371352e-01	2.712202864734565844e-01	1.629613284866593959e-01	7.608737720777364322e-02	3.147517282951065032e-02	8.347463749715582082e-02
1.369088970464445310e+03	2.272775276384087495e-01	1.470472736751526344e-01	2.714097773589258522e-01	1.630782261897610608e-01	7.613054005863180429e-02	3.150291060942973093e-02	8.355374446947158584e-02
1.371507855571272785e+03	2.270020511494154625e-01	1.468676365019515873e-01	2.715986974839399437e-01	1.631947989728856629e-01	7.617357264725038712e-02	3.153058751509127400e-02	8.363265572924707958e-02
1.373926740678100487e+03	2.267273609886272523e-01	1.466884919159490708e-01	2.717870486005834474e-01	1.633110477484956413e-01	7.621647538484133122e-02	3.155820367765899137e-02	8.371137168362566272e-02
1.376345625784927961e+03	2.264534549296391974e-01	1.465098385397046732e-01	2.719748324552342944e-01	1.634269734265074714e-01	7.625924868132746837e-02	3.158575922804187502e-02	8.378989273932643811e-02
1.378764510891755890e+03	2.261803307523050921e-01	1.463316749997111976e-01	2.721620507885839091e-01	1.635425769142984931e-01	7.630189294534638067e-02	3.161325429689461342e-02	8.386821930264169722e-02
1.381183395998583137e+03	2.259079862427201546e-01	1.461539999263828660e-01	2.723487053356575260e-01	1.636578591167139607e-01	7.634440858425449450e-02	3.164068901461795924e-02	8.394635177943447768e-02
1.383602281105411066e+03	2.256364191932034580e-01	1.459768119540438003e-01	2.725347978258340076e-01	1.637728209360739262e-01	7.638679600413100790e-02	3.166806351135909026e-02	8.402429057513612076e-02
1.386021166212238768e+03	2.253656274022809158e-01	1.458001097209165597e-01	2.727203299828662164e-01	1.638874632721801228e-01	7.642905560978179025e-02	3.169537791701201174e-02	8.410203609474375952e-02
1.388440051319066470e+03	2.250956086746677409e-01	1.456238918691105111e-01	2.729053035249008330e-01	1.640017870223229313e-01	7.647118780474343458e-02	3.172263236121794505e-02	8.417958874281802895e-02
1.390858936425893944e+03	2.248263608212514586e-01	1.454481570446105321e-01	2.730897201644978955e-01	1.641157930812881527e-01	7.651319299128711560e-02	3.174982697336566767e-02	8.425694892348056797e-02
1.393277821532721646e+03	2.245578816590746429e-01	1.452729038972655762e-01	2.732735816086508951e-01	1.642294823413639471e-01	7.655507157042250321e-02	3.177696188259194338e-02	8.433411704041177126e-02
1.395696706639549120e+03	2.242901690113178192e-01	1.450981310807771540e-01	2.734568895588065929e-01	1.643428556923476891e-01	7.659682394190171772e-02	3.180403721778186227e-02	8.441109349684838836e-02
1.398115591746377049e+03	2.240232207072824777e-01	1.449238372526880925e-01	2.736396457108842273e-01	1.644559140215527404e-01	7.663845050422314620e-02	3.183105310756925016e-02	8.448787869558124775e-02
1.400534476853204296e+03	2.237570345823738649e-01	1.447500210743712379e-01	2.738218517552954423e-01	1.645686582138151666e-01	7.667995165463543927e-02	3.185800968033701552e-02	8.456447303895295309e-02
1.402953361960032225e+03	2.234916084780843026e-01	1.445766812110181043e-01	2.740035093769633834e-01	1.646810891515007313e-01	7.672132778914127205e-02	3.188490706421756582e-02	8.464087692885570446e-02
1.405372247066859927e+03	2.232269402419760351e-01	1.444038163316276602e-01	2.741846202553425149e-01	1.647932077145114471e-01	7.676257930250129924e-02	3.191174538709316832e-02	8.471709076672896688e-02
1.407791132173687402e+03	2.229630277276643535e-01	1.442314251089951704e-01	2.743651860644374940e-01	1.649050147802924582e-01	7.680370658823790220e-02	3.193852477659633177e-02	8.479311495355733308e-02
1.410210017280515103e+03	2.226998687948009148e-01	1.440595062197009835e-01	2.745452084728228770e-01	1.650165112238387299e-01	7.684471003863908856e-02	3.196524536011016715e-02	8.486894988986833088e-02
1.412628902387342805e+03	2.224374613090567832e-01	1.438880583440994287e-01	2.747246891436617156e-01	1.651276979177017656e-01	7.688559004476230863e-02	3.199190726476880409e-02	8.494459597573025822e-02
1.415047787494170507e+03	2.221758031421058599e-01	1.437170801663076036e-01	2.749036297347252078e-01	1.652385757319962956e-01	7.692634699643828566e-02	3.201851061745775856e-02	8.502005361075004597e-02
1.417466672600997981e+03	2.219148921716080358e-01	1.435465703741943821e-01	2.750820318984114610e-01	1.653491455344069661e-01	7.696698128227476288e-02	3.204505554481427987e-02	8.509532319407116241e-02
1.419885557707825683e+03	2.216547262811926489e-01	1.433765276593693683e-01	2.752598972817644762e-01	1.654594081901949454e-01	7.700749328966031981e-02	3.207154217322776696e-02	8.517040512437151767e-02
1.422304442814653157e+03	2.213953033604418030e-01	1.432069507171719880e-01	2.754372275264928005e-01	1.655693645622046961e-01	7.704788340476817488e-02	3.209797062884013619e-02	8.524529979986142370e-02
1.424723327921481086e+03	2.211366213048738816e-01	1.430378382466603593e-01	2.756140242689886222e-01	1.656790155108704421e-01	7.708815201255991845e-02	3.212434103754619602e-02	8.532000761828154034e-02
1.427142213028308333e+03	2.208786780159269769e-01	1.428691889506004953e-01	2.757902891403463674e-01	1.657883618942229409e-01	7.712829949678927377e-02	3.215065352499402868e-02	8.539452897690086308e-02
1.429561098135136262e+03	2.206214714009423761e-01	1.427010015354553130e-01	2.759660237663813520e-01	1.658974045678958675e-01	7.716832624000587171e-02	3.217690821658537176e-02	8.546886427251472462e-02
1.431979983241963964e+03	2.203649993731482681e-01	1.425332747113737808e-01	2.761412297676485439e-01	1.660061443851325869e-01	7.720823262355892835e-02	3.220310523747598602e-02	8.554301390144282424e-02
1.434398868348791666e+03	2.201092598516432297e-01	1.423660071921801218e-01	2.763159087594606045e-01	1.661145821967926206e-01	7.724801902760099204e-02	3.222924471257604395e-02	8.561697825952732654e-02
1.436817753455619140e+03	2.198542507613800712e-01	1.421991976953629888e-01	2.764900623519066514e-01	1.662227188513581699e-01	7.728768583109166257e-02	3.225532676655049752e-02	8.569075774213087693e-02
1.439236638562446842e+03	2.195999700331492943e-01	1.420328449420647232e-01	2.766636921498707991e-01	1.663305551949406380e-01	7.732723341180128274e-02	3.228135152381948064e-02	8.576435274413472809e-02
1.441655523669274316e+03	2.193464156035630497e-01	1.418669476570706134e-01	2.768367997530499780e-01	1.664380920712871526e-01	7.736666214631460203e-02	3.230731910855864919e-02	8.583776365993686652e-02
1.444074408776102018e+03	2.190935854150388440e-01	1.417015045687981811e-01	2.770093867559724754e-01	1.665453303217871717e-01	7.740597241003450979e-02	3.233322964469959038e-02	8.591099088345015289e-02
1.446493293882929493e+03	2.188414774157834419e-01	1.415365144092865235e-01	2.771814547480160318e-01	1.666522707854786456e-01	7.744516457718560176e-02	3.235908325593018359e-02	8.598403480810050403e-02
1.448912178989757422e+03	2.185900895597766291e-01	1.413719759141856824e-01	2.773530053134258822e-01	1.667589142990548168e-01	7.748423902081791326e-02	3.238488006569498895e-02	8.605689582682503336e-02
1.451331064096585123e+03	2.183394198067553083e-01	1.412078878227460421e-01	2.775240400313326861e-01	1.668652616968704094e-01	7.752319611281056899e-02	3.241062019719561510e-02	8.612957433207028834e-02
1.453749949203412370e+03	2.180894661221973452e-01	1.410442488778076986e-01	2.776945604757707353e-01	1.669713138109481798e-01	7.756203622387533581e-02	3.243630377339110082e-02	8.620207071579051583e-02
1.456168834310240300e+03	2.178402264773056374e-01	1.408810578257901069e-01	2.778645682156954400e-01	1.670770714709852445e-01	7.760075972356032803e-02	3.246193091699828975e-02	8.627438536944583014e-02
1.458587719417068001e+03	2.175916988489921822e-01	1.407183134166813676e-01	2.780340648150014249e-01	1.671825355043594918e-01	7.763936698025353245e-02	3.248750175049219813e-02	8.634651868400057551e-02
1.461006604523895703e+03	2.173438812198621450e-01	1.405560144040279014e-01	2.782030518325401824e-01	1.672877067361359937e-01	7.767785836118648590e-02	3.251301639610641725e-02	8.641847104992159134e-02
1.463425489630723177e+03	2.170967715781981222e-01	1.403941595449239021e-01	2.783715308221377249e-01	1.673925859890732504e-01	7.771623423243778639e-02	3.253847497583347431e-02	8.649024285717647753e-02
1.465844374737550879e+03	2.168503679179441535e-01	1.402327476000010120e-01	2.785395033326119596e-01	1.674971740836296574e-01	7.775449495893672902e-02	3.256387761142519321e-02	8.656183449523201234e-02
1.468263259844378354e+03	2.166046682386900957e-01	1.400717773334178573e-01	2.787069709077906188e-01	1.676014718379697233e-01	7.779264090446684488e-02	3.258922442439309702e-02	8.663324635305243160e-02
1.470682144951206283e+03	2.163596705456558300e-01	1.399112475128498900e-01	2.788739350865284683e-01	1.677054800679703694e-01	7.783067243166942595e-02	3.261451553600878267e-02	8.670447881909790211e-02
1.473101030058033530e+03	2.161153728496755799e-01	1.397511569094788408e-01	2.790403974027247935e-01	1.678091995872272590e-01	7.786858990204714726e-02	3.263975106730426790e-02	8.677553228132277308e-02
1.475519915164861459e+03	2.158717731671823403e-01	1.395915042979826437e-01	2.792063593853405523e-01	1.679126312070610971e-01	7.790639367596750853e-02	3.266493113907237983e-02	8.684640712717414668e-02
1.477938800271689161e+03	2.156288695201921679e-01	1.394322884565249998e-01	2.793718225584158610e-01	1.680157757365237647e-01	7.794408411266638692e-02	3.269005587186716438e-02	8.691710374359025437e-02
1.480357685378516862e+03	2.153866599362888046e-01	1.392735081667453301e-01	2.795367884410870363e-01	1.681186339824047304e-01	7.798166157025160361e-02	3.271512538600422626e-02	8.698762251699888870e-02
1.482776570485344337e+03	2.151451424486080510e-01	1.391151622137485333e-01	2.797012585476037483e-01	1.682212067492370178e-01	7.801912640570632385e-02	3.274013980156108977e-02	8.705796383331589061e-02
