1.001418434226643626e+03	2.797192812461494760e-01	1.810795390704774133e-01	2.349027664314813357e-01	1.409669884977559906e-01	6.777923616260513040e-02	2.649694273650837414e-02	6.905524585480611599e-02
1.003837319333471214e+03	2.792936695938830760e-01	1.808071565260989666e-01	2.352030134512244630e-01	1.411441823527287420e-01	6.784701951711492873e-02	2.653572047382402738e-02	6.916923808490964276e-02
1.006256204440298802e+03	2.788692703756737168e-01	1.805355254928694697e-01	2.355023525964819175e-01	1.413208702868427591e-01	6.791459014804085426e-02	2.657441801519517741e-02	6.928297308467991356e-02
1.008675089547126618e+03	2.784460801586960410e-01	1.802646438558680453e-01	2.358007867530503843e-01	1.414970537420129626e-01	6.798194875743118759e-02	2.661303549392449175e-02	6.939645123880076871e-02
1.011093974653954206e+03	2.780240955197678665e-01	1.799945095062981393e-01	2.360983187966955721e-01	1.416727341560659881e-01	6.804909604498565745e-02	2.665157304327179372e-02	6.950967293269895431e-02
1.013512859760782021e+03	2.776033130453236519e-01	1.797251203414691190e-01	2.363949515931911272e-01	1.418479129627516488e-01	6.811603270806339261e-02	2.669003079645297996e-02	6.962263855253204847e-02
1.015931744867609382e+03	2.771837293313881845e-01	1.794564742647775935e-01	2.366906879983577128e-01	1.420225915917543991e-01	6.818275944169076286e-02	2.672840888663894493e-02	6.973534848517642937e-02
1.018350629974437197e+03	2.767653409835495459e-01	1.791885691856889007e-01	2.369855308581016728e-01	1.421967714687048245e-01	6.824927693856924771e-02	2.676670744695449841e-02	6.984780311821529863e-02
1.020769515081264785e+03	2.763481446169330780e-01	1.789214030197188166e-01	2.372794830084536122e-01	1.423704540151910225e-01	6.831558588908330509e-02	2.680492661047731776e-02	6.996000283992681590e-02
1.023188400188092373e+03	2.759321368561746812e-01	1.786549736884150696e-01	2.375725472756068379e-01	1.425436406487699537e-01	6.838168698130811518e-02	2.684306651023686541e-02	7.007194803927241367e-02
1.025607285294920075e+03	2.755173143353946696e-01	1.783892791193390781e-01	2.378647264759555235e-01	1.427163327829788497e-01	6.844758090101742132e-02	2.688112727921336542e-02	7.018363910588498733e-02
1.028026170401747549e+03	2.751036736981714581e-01	1.781243172460477697e-01	2.381560234161328726e-01	1.428885318273464822e-01	6.851326833169124608e-02	2.691910905033673487e-02	7.029507643005737660e-02
1.030445055508575479e+03	2.746912115975151947e-01	1.778600860080752355e-01	2.384464408930489776e-01	1.430602391874044865e-01	6.857874995452362121e-02	2.695701195648556731e-02	7.040626040273086084e-02
1.032863940615402726e+03	2.742799246958420034e-01	1.775965833509147440e-01	2.387359816939285118e-01	1.432314562646986311e-01	6.864402644843027590e-02	2.699483613048610231e-02	7.051719141548366820e-02
1.035282825722230655e+03	2.738698096649476721e-01	1.773338072260006171e-01	2.390246485963484213e-01	1.434021844567999471e-01	6.870909849005636671e-02	2.703258170511118816e-02	7.062786986051974858e-02
1.037701710829058356e+03	2.734608631859817840e-01	1.770717555906902441e-01	2.393124443682752567e-01	1.435724251573159693e-01	6.877396675378404101e-02	2.707024881307928607e-02	7.073829613065740762e-02
1.040120595935886058e+03	2.730530819494216277e-01	1.768104264082460964e-01	2.395993717681024204e-01	1.437421797559020054e-01	6.883863191174012519e-02	2.710783758705345020e-02	7.084847061931821843e-02
1.042539481042713533e+03	2.726464626550467174e-01	1.765498176478178805e-01	2.398854335446873043e-01	1.439114496382720709e-01	6.890309463380372978e-02	2.714534815964033884e-02	7.095839372051589156e-02
1.044958366149541234e+03	2.722410020119127583e-01	1.762899272844246912e-01	2.401706324373881207e-01	1.440802361862101866e-01	6.896735558761375728e-02	2.718278066338920829e-02	7.106806582884528378e-02
1.047377251256368709e+03	2.718366967383258337e-01	1.760307532989371926e-01	2.404549711761007902e-01	1.442485407775812301e-01	6.903141543857646556e-02	2.722013523079093791e-02	7.117748733947149020e-02
1.049796136363196410e+03	2.714335435618172587e-01	1.757722936780599932e-01	2.407384524812953841e-01	1.444163647863421773e-01	6.909527484987305901e-02	2.725741199427704139e-02	7.128665864811900565e-02
1.052215021470024112e+03	2.710315392191174899e-01	1.755145464143139378e-01	2.410210790640527900e-01	1.445837095825530105e-01	6.915893448246708541e-02	2.729461108621870219e-02	7.139558015106096944e-02
1.054633906576851814e+03	2.706306804561308677e-01	1.752575095060184829e-01	2.413028536261007106e-01	1.447505765323876536e-01	6.922239499511198546e-02	2.733173263892580210e-02	7.150425224510849331e-02
1.057052791683679516e+03	2.702309640279102476e-01	1.750011809572741550e-01	2.415837788598501346e-01	1.449169669981450193e-01	6.928565704435846184e-02	2.736877678464596717e-02	7.161267532760003107e-02
1.059471676790506763e+03	2.698323866986315211e-01	1.747455587779451480e-01	2.418638574484309467e-01	1.450828823382598887e-01	6.934872128456195939e-02	2.740574365556361358e-02	7.172084979639092861e-02
1.061890561897334692e+03	2.694349452415684132e-01	1.744906409836417538e-01	2.421430920657280661e-01	1.452483239073137367e-01	6.941158836789002029e-02	2.744263338379900052e-02	7.182877604984297393e-02
1.064309447004162394e+03	2.690386364390672802e-01	1.742364255957031260e-01	2.424214853764169175e-01	1.454132930560456671e-01	6.947425894432966709e-02	2.747944610140730035e-02	7.193645448681403043e-02
1.066728332110990095e+03	2.686434570825217416e-01	1.739829106411799053e-01	2.426990400359989308e-01	1.455777911313631823e-01	6.953673366169477177e-02	2.751618194037765142e-02	7.204388550664773960e-02
1.069147217217817570e+03	2.682494039723480883e-01	1.737300941528169274e-01	2.429757586908370126e-01	1.457418194763530350e-01	6.959901316563334162e-02	2.755284103263224912e-02	7.215106950916336248e-02
1.071566102324645271e+03	2.678564739179595811e-01	1.734779741690360422e-01	2.432516439781906015e-01	1.459053794302918872e-01	6.966109809963480504e-02	2.758942351002541954e-02	7.225800689464566273e-02
1.073984987431472746e+03	2.674646637377421365e-01	1.732265487339190169e-01	2.435266985262508621e-01	1.460684723286571340e-01	6.972298910503732516e-02	2.762592950434271041e-02	7.236469806383483139e-02
1.076403872538300675e+03	2.670739702590290143e-01	1.729758158971904103e-01	2.438009249541754075e-01	1.462310995031375904e-01	6.978468682103498855e-02	2.766235914729998219e-02	7.247114341791655034e-02
1.078822757645127922e+03	2.666843903180762809e-01	1.727257737142005312e-01	2.440743258721232156e-01	1.463932622816442319e-01	6.984619188468507711e-02	2.769871257054250940e-02	7.257734335851209750e-02
1.081241642751955851e+03	2.662959207600378853e-01	1.724764202459084239e-01	2.443469038812891292e-01	1.465549619883206867e-01	6.990750493091522910e-02	2.773498990564409600e-02	7.268329828766854905e-02
1.083660527858783553e+03	2.659085584389410117e-01	1.722277535588649933e-01	2.446186615739383008e-01	1.467161999435539210e-01	6.996862659253064165e-02	2.777119128410617671e-02	7.278900860784898175e-02
1.086079412965611255e+03	2.655223002176615443e-01	1.719797717251961011e-01	2.448896015334404708e-01	1.468769774639848702e-01	7.002955750022117620e-02	2.780731683735695667e-02	7.289447472192288335e-02
1.088498298072438729e+03	2.651371429678995306e-01	1.717324728225857744e-01	2.451597263343041899e-01	1.470372958625189297e-01	7.009029828256853334e-02	2.784336669675051626e-02	7.299969703315654923e-02
1.090917183179266431e+03	2.647530835701545349e-01	1.714858549342594407e-01	2.454290385422106813e-01	1.471971564483365857e-01	7.015084956605328881e-02	2.787934099356595766e-02	7.310467594520352053e-02
1.093336068286093905e+03	2.643701189137013241e-01	1.712399161489672195e-01	2.456975407140478684e-01	1.473565605269037682e-01	7.021121197506205447e-02	2.791523985900655133e-02	7.320941186209518892e-02
1.095754953392921607e+03	2.639882458965655543e-01	1.709946545609672686e-01	2.459652353979439321e-01	1.475155093999824252e-01	7.027138613189444494e-02	2.795106342419886869e-02	7.331390518823142910e-02
1.098173838499749309e+03	2.636074614254995119e-01	1.707500682700091588e-01	2.462321251333009497e-01	1.476740043656409040e-01	7.033137265677015526e-02	2.798681182019193553e-02	7.341815632837125905e-02
1.100592723606577010e+03	2.632277624159578000e-01	1.705061553813173592e-01	2.464982124508283134e-01	1.478320467182644149e-01	7.039117216783592756e-02	2.802248517795639937e-02	7.352216568762368065e-02
1.103011608713404712e+03	2.628491457920731356e-01	1.702629140055747503e-01	2.467634998725758699e-01	1.479896377485653836e-01	7.045078528117260097e-02	2.805808362838368986e-02	7.362593367143849266e-02
1.105430493820231959e+03	2.624716084866324239e-01	1.700203422589061930e-01	2.470279899119672273e-01	1.481467787435937489e-01	7.051021261080196723e-02	2.809360730228518607e-02	7.372946068559717292e-02
1.107849378927059888e+03	2.620951474410526671e-01	1.697784382628620414e-01	2.472916850738326733e-01	1.483034709867473711e-01	7.056945476869379286e-02	2.812905633039140471e-02	7.383274713620394114e-02
1.110268264033887590e+03	2.617197596053569830e-01	1.695372001444019616e-01	2.475545878544420375e-01	1.484597157577823012e-01	7.062851236477268868e-02	2.816443084335117433e-02	7.393579342967677992e-02
1.112687149140715292e+03	2.613454419381507354e-01	1.692966260358785557e-01	2.478167007415372769e-01	1.486155143328230510e-01	7.068738600692496543e-02	2.819973097173082005e-02	7.403859997273858073e-02
1.115106034247542766e+03	2.609721914065976089e-01	1.690567140750211805e-01	2.480780262143651715e-01	1.487708679843727788e-01	7.074607630100558653e-02	2.823495684601336903e-02	7.414116717240828991e-02
1.117524919354370468e+03	2.606000049863960166e-01	1.688174624049197381e-01	2.483385667437097433e-01	1.489257779813235594e-01	7.080458385084492656e-02	2.827010859659775249e-02	7.424349543599224888e-02
1.119943804461197942e+03	2.602288796617552857e-01	1.685788691740085776e-01	2.485983247919244243e-01	1.490802455889665423e-01	7.086290925825562692e-02	2.830518635379800779e-02	7.434558517107549280e-02
1.122362689568025871e+03	2.598588124253720655e-01	1.683409325360504527e-01	2.488573028129643372e-01	1.492342720690021385e-01	7.092105312303934039e-02	2.834019024784249427e-02	7.444743678551316024e-02
1.124781574674853118e+03	2.594898002784067903e-01	1.681036506501203676e-01	2.491155032524181856e-01	1.493878586795500674e-01	7.097901604299357292e-02	2.837512040887310918e-02	7.454905068742195828e-02
1.127200459781681047e+03	2.591218402304599766e-01	1.678670216805898119e-01	2.493729285475401736e-01	1.495410066751595157e-01	7.103679861391838657e-02	2.840997696694452443e-02	7.465042728517169712e-02
1.129619344888508749e+03	2.587549292995490191e-01	1.676310437971106904e-01	2.496295811272818133e-01	1.496937173068191296e-01	7.109440142962313025e-02	2.844476005202339897e-02	7.475156698737693561e-02
1.132038229995336451e+03	2.583890645120846541e-01	1.673957151745995575e-01	2.498854634123233442e-01	1.498459918219671727e-01	7.115182508193315658e-02	2.847946979398763637e-02	7.485247020288859909e-02
1.134457115102163925e+03	2.580242429028477003e-01	1.671610339932217415e-01	2.501405778151053472e-01	1.499978314645014632e-01	7.120907016069648321e-02	2.851410632262561112e-02	7.495313734078574985e-02
1.136876000208991627e+03	2.576604615149657995e-01	1.669269984383755789e-01	2.503949267398599687e-01	1.501492374747893654e-01	7.126613725379048192e-02	2.854866976763542966e-02	7.505356881036739924e-02
1.139294885315819101e+03	2.572977173998903244e-01	1.666936067006767330e-01	2.506485125826423133e-01	1.503002110896777543e-01	7.132302694712844282e-02	2.858316025862417051e-02	7.515376502114433366e-02
1.141713770422646803e+03	2.569360076173730079e-01	1.664608569759425394e-01	2.509013377313610849e-01	1.504507535425029241e-01	7.137973982466624956e-02	2.861757792510715923e-02	7.525372638283106541e-02
1.144132655529474505e+03	2.565753292354430726e-01	1.662287474651763797e-01	2.511534045658100345e-01	1.506008660631004692e-01	7.143627646840895740e-02	2.865192289650722937e-02	7.535345330533785302e-02
1.146551540636302207e+03	2.562156793303841384e-01	1.659972763745521940e-01	2.514047154576983800e-01	1.507505498778151931e-01	7.149263745841737128e-02	2.868619530215399047e-02	7.545294619876274922e-02
1.148970425743129908e+03	2.558570549867112964e-01	1.657664419153987712e-01	2.516552727706815595e-01	1.508998062095110448e-01	7.154882337281455451e-02	2.872039527128310982e-02	7.555220547338370451e-02
1.151389310849957155e+03	2.554994532971482935e-01	1.655362423041845110e-01	2.519050788603918178e-01	1.510486362775807223e-01	7.160483478779236521e-02	2.875452293303559087e-02	7.565123153965074010e-02
1.153808195956785084e+03	2.551428713626045508e-01	1.653066757625018812e-01	2.521541360744686266e-01	1.511970412979556366e-01	7.166067227761796499e-02	2.878857841645706545e-02	7.575002480817828732e-02
1.156227081063612786e+03	2.547873062921526266e-01	1.650777405170521794e-01	2.524024467525887716e-01	1.513450224831155988e-01	7.171633641464031372e-02	2.882256185049708597e-02	7.584858568973740223e-02
1.158645966170440488e+03	2.544327552030054007e-01	1.648494347996300458e-01	2.526500132264967724e-01	1.514925810420986174e-01	7.177182776929659502e-02	2.885647336400842464e-02	7.594691459524816057e-02
1.161064851277267962e+03	2.540792152204933707e-01	1.646217568471083359e-01	2.528968378200346923e-01	1.516397181805105299e-01	7.182714691011868324e-02	2.889031308574637955e-02	7.604501193577212215e-02
1.163483736384095664e+03	2.537266834780421698e-01	1.643947049014228834e-01	2.531429228491720584e-01	1.517864351005346613e-01	7.188229440373952728e-02	2.892408114436808078e-02	7.614287812250480902e-02
1.165902621490923138e+03	2.533751571171499739e-01	1.641682772095572895e-01	2.533882706220356718e-01	1.519327330009416777e-01	7.193727081489954822e-02	2.895777766843181736e-02	7.624051356676825320e-02
1.168321506597751068e+03	2.530246332873653525e-01	1.639424720235278798e-01	2.536328834389391385e-01	1.520786130770989397e-01	7.199207670645300927e-02	2.899140278639634333e-02	7.633791868000361358e-02
1.170740391704578315e+03	2.526751091462643983e-01	1.637172876003685773e-01	2.538767635924126242e-01	1.522240765209803004e-01	7.204671263937439951e-02	2.902495662662021858e-02	7.643509387376386244e-02
1.173159276811406244e+03	2.523265818594286891e-01	1.634927222021158866e-01	2.541199133672317756e-01	1.523691245211755974e-01	7.210117917276472055e-02	2.905843931736113231e-02	7.653203955970652728e-02
1.175578161918233945e+03	2.519790486004230834e-01	1.632687740957939615e-01	2.543623350404476402e-01	1.525137582629002286e-01	7.215547686385778703e-02	2.909185098677524034e-02	7.662875614958646053e-02
1.177997047025061647e+03	2.516325065507732939e-01	1.630454415533996448e-01	2.546040308814150332e-01	1.526579789280046451e-01	7.220960626802655491e-02	2.912519176291650941e-02	7.672524405524870639e-02
1.180415932131889122e+03	2.512869528999439050e-01	1.628227228518876191e-01	2.548450031518221248e-01	1.528017876949838705e-01	7.226356793878933871e-02	2.915846177373607531e-02	7.682150368862140921e-02
1.182834817238716823e+03	2.509423848453161687e-01	1.626006162731555849e-01	2.550852541057191392e-01	1.529451857389869385e-01	7.231736242781608426e-02	2.919166114708158025e-02	7.691753546170879141e-02
1.185253702345544298e+03	2.505987995921661327e-01	1.623791201040294396e-01	2.553247859895470540e-01	1.530881742318264127e-01	7.237099028493457209e-02	2.922479001069652749e-02	7.701333978658415902e-02
1.187672587452371999e+03	2.502561943536424360e-01	1.621582326362486226e-01	2.555636010421662441e-01	1.532307543419876850e-01	7.242445205813662079e-02	2.925784849221967424e-02	7.710891707538299056e-02
1.190091472559199701e+03	2.499145663507446324e-01	1.619379521664512933e-01	2.558017014948851808e-01	1.533729272346384120e-01	7.247774829358429038e-02	2.929083671918436896e-02	7.720426774029609529e-02
1.192510357666027403e+03	2.495739128123012074e-01	1.617182769961598154e-01	2.560390895714884651e-01	1.535146940716379527e-01	7.253087953561600243e-02	2.932375481901793729e-02	7.729939219356282698e-02
1.194929242772855105e+03	2.492342309749478735e-01	1.614992054317661019e-01	2.562757674882656378e-01	1.536560560115465823e-01	7.258384632675270176e-02	2.935660291904106795e-02	7.739429084746425602e-02
1.197348127879682352e+03	2.488955180831057268e-01	1.612807357845171818e-01	2.565117374540388240e-01	1.537970142096348747e-01	7.263664920770394884e-02	2.938938114646718128e-02	7.748896411431653586e-02
1.199767012986510281e+03	2.485577713889596807e-01	1.610628663705005459e-01	2.567470016701909330e-01	1.539375698178929719e-01	7.268928871737402597e-02	2.942208962840183253e-02	7.758341240646428327e-02
1.202185898093337983e+03	2.482209881524368444e-01	1.608455955106297131e-01	2.569815623306937469e-01	1.540777239850398550e-01	7.274176539286805743e-02	2.945472849184210123e-02	7.767763613627397257e-02
1.204604783200165684e+03	2.478851656411848181e-01	1.606289215306299922e-01	2.572154216221355649e-01	1.542174778565325310e-01	7.279407976949801851e-02	2.948729786367599096e-02	7.777163571612737136e-02
1.207023668306993159e+03	2.475503011305504042e-01	1.604128427610239382e-01	2.574485817237489593e-01	1.543568325745753311e-01	7.284623238078874463e-02	2.951979787068182912e-02	7.786541155841514295e-02
1.209442553413820860e+03	2.472163919035581248e-01	1.601973575371170577e-01	2.576810448074381976e-01	1.544957892781289310e-01	7.289822375848398206e-02	2.955222863952768064e-02	7.795896407553035146e-02
1.211861438520648335e+03	2.468834352508886831e-01	1.599824641989836260e-01	2.579128130378069428e-01	1.546343491029196771e-01	7.295005443255241084e-02	2.958459029677076510e-02	7.805229367986216138e-02
1.214280323627476264e+03	2.465514284708578419e-01	1.597681610914524764e-01	2.581438885721853982e-01	1.547725131814486343e-01	7.300172493119355677e-02	2.961688296885686342e-02	7.814540078378949539e-02
1.216699208734303511e+03	2.462203688693950510e-01	1.595544465640927057e-01	2.583742735606575081e-01	1.549102826430006907e-01	7.305323578084378655e-02	2.964910678211975931e-02	7.823828579967477548e-02
1.219118093841131440e+03	2.458902537600222982e-01	1.593413189711996303e-01	2.586039701460882134e-01	1.550476586136536328e-01	7.310458750618220591e-02	2.968126186278064946e-02	7.833094913985769181e-02
1.221536978947959142e+03	2.455610804638327926e-01	1.591287766717806029e-01	2.588329804641502641e-01	1.551846422162872496e-01	7.315578063013658539e-02	2.971334833694758842e-02	7.842339121664909651e-02
1.223955864054786844e+03	2.452328463094702315e-01	1.589168180295411625e-01	2.590613066433513634e-01	1.553212345705923259e-01	7.320681567388931388e-02	2.974536633061492658e-02	7.851561244232485581e-02
1.226374749161614318e+03	2.449055486331074005e-01	1.587054414128707958e-01	2.592889508050606473e-01	1.554574367930795786e-01	7.325769315688314409e-02	2.977731596966275499e-02	7.860761322911982707e-02
1.228793634268442020e+03	2.445791847784253570e-01	1.584946451948291701e-01	2.595159150635354961e-01	1.555932499970887617e-01	7.330841359682717384e-02	2.980919737985634685e-02	7.869939398922187745e-02
1.231212519375269494e+03	2.442537520965925024e-01	1.582844277531321453e-01	2.597422015259479022e-01	1.557286752927974915e-01	7.335897750970260534e-02	2.984101068684560237e-02	7.879095513476583323e-02
1.233631404482097196e+03	2.439292479462437935e-01	1.580747874701378952e-01	2.599678122924112822e-01	1.558637137872302958e-01	7.340938540976858773e-02	2.987275601616453530e-02	7.888229707782772049e-02
1.236050289588924898e+03	2.436056696934597587e-01	1.578657227328330859e-01	2.601927494560063447e-01	1.559983665842674394e-01	7.345963780956796252e-02	2.990443349323070391e-02	7.897342023041882542e-02
1.238469174695752372e+03	2.432830147117459318e-01	1.576572319328191363e-01	2.604170151028074587e-01	1.561326347846538065e-01	7.350973521993314774e-02	2.993604324334469061e-02	7.906432500447989342e-02
1.240888059802580301e+03	2.429612803820120626e-01	1.574493134662985072e-01	2.606406113119089651e-01	1.562665194860077822e-01	7.355967814999175847e-02	2.996758539168957458e-02	7.915501181187543922e-02
1.243306944909407548e+03	2.426404640925514389e-01	1.572419657340609345e-01	2.608635401554507682e-01	1.564000217828300510e-01	7.360946710717243546e-02	2.999906006333040789e-02	7.924548106438797368e-02
1.245725830016235477e+03	2.423205632390204312e-01	1.570351871414698008e-01	2.610858036986447028e-01	1.565331427665124508e-01	7.365910259721053510e-02	3.003046738321368814e-02	7.933573317371241107e-02
1.248144715123063179e+03	2.420015752244178975e-01	1.568289760984486469e-01	2.613074039997996811e-01	1.566658835253466331e-01	7.370858512415379149e-02	3.006180747616685189e-02	7.942576855145043468e-02
1.250563600229890881e+03	2.416834974590646723e-01	1.566233310194674322e-01	2.615283431103480605e-01	1.567982451445329994e-01	7.375791519036806188e-02	3.009308046689776125e-02	7.951558760910493184e-02
1.252982485336718355e+03	2.413663273605833048e-01	1.564182503235291011e-01	2.617486230748705678e-01	1.569302287061892787e-01	7.380709329654293327e-02	3.012428647999419382e-02	7.960519075807452605e-02
1.255401370443546057e+03	2.410500623538775478e-01	1.562137324341561218e-01	2.619682459311222233e-01	1.570618352893592695e-01	7.385611994169735683e-02	3.015542563992335001e-02	7.969457840964808137e-02
1.257820255550373531e+03	2.407346998711120678e-01	1.560097757793770523e-01	2.621872137100572653e-01	1.571930659700215838e-01	7.390499562318532389e-02	3.018649807103135352e-02	7.978375097499927626e-02
1.260239140657201460e+03	2.404202373516922953e-01	1.558063787917131626e-01	2.624055284358547957e-01	1.573239218210982227e-01	7.395372083670140317e-02	3.021750389754274818e-02	7.987270886518130220e-02
1.262658025764028707e+03	2.401066722422442179e-01	1.556035399081650561e-01	2.626231921259435387e-01	1.574544039124632644e-01	7.400229607628636130e-02	3.024844324356002617e-02	7.996145249112146525e-02
1.265076910870856636e+03	2.397940019965941194e-01	1.554012575701993470e-01	2.628402067910272089e-01	1.575845133109514129e-01	7.405072183433270006e-02	3.027931623306312839e-02	8.004998226361599578e-02
1.267495795977684338e+03	2.394822240757486509e-01	1.551995302237354490e-01	2.630565744351092139e-01	1.577142510803666575e-01	7.409899860159023521e-02	3.031012298990897955e-02	8.013829859332473327e-02
1.269914681084511813e+03	2.391713359478747636e-01	1.549983563191323355e-01	2.632722970555174125e-01	1.578436182814908217e-01	7.414712686717159218e-02	3.034086363783099899e-02	8.022640189076600536e-02
1.272333566191339514e+03	2.388613350882796971e-01	1.547977343111754112e-01	2.634873766429289832e-01	1.579726159720920287e-01	7.419510711855771545e-02	3.037153830043864966e-02	8.031429256631149316e-02
1.274752451298167216e+03	2.385522189793910508e-01	1.545976626590631897e-01	2.637018151813950162e-01	1.581012452069332219e-01	7.424293984160337811e-02	3.040214710121694544e-02	8.040197103018108249e-02
1.277171336404994690e+03	2.382439851107369666e-01	1.543981398263944982e-01	2.639156146483650489e-01	1.582295070377807977e-01	7.429062552054263580e-02	3.043269016352600706e-02	8.048943769243790958e-02
1.279590221511822392e+03	2.379366309789263945e-01	1.541991642811551821e-01	2.641287770147113245e-01	1.583574025134129037e-01	7.433816463799428065e-02	3.046316761060060760e-02	8.057669296298324013e-02
1.282009106618650094e+03	2.376301540876291363e-01	1.540007344957050883e-01	2.643413042447531613e-01	1.584849326796279045e-01	7.438555767496725368e-02	3.049357956554969717e-02	8.066373725155163987e-02
1.284427991725477568e+03	2.373245519475563614e-01	1.538028489467652971e-01	2.645531982962812667e-01	1.586120985792529026e-01	7.443280511086611262e-02	3.052392615135597967e-02	8.075057096770597853e-02
1.286846876832305497e+03	2.370198220764407615e-01	1.536055061154050494e-01	2.647644611205816623e-01	1.587389012521520371e-01	7.447990742349637483e-02	3.055420749087544782e-02	8.083719452083258650e-02
1.289265761939132744e+03	2.367159619990171215e-01	1.534087044870288408e-01	2.649750946624598313e-01	1.588653417352348385e-01	7.452686508906992968e-02	3.058442370683694955e-02	8.092360832013642535e-02
1.291684647045960673e+03	2.364129692470027244e-01	1.532124425513636534e-01	2.651851008602644222e-01	1.589914210624647217e-01	7.457367858221033985e-02	3.061457492184175427e-02	8.100981277463628616e-02
1.294103532152788375e+03	2.361108413590778665e-01	1.530167188024459946e-01	2.653944816459113953e-01	1.591171402648671462e-01	7.462034837595830916e-02	3.064466125836311575e-02	8.109580829316005712e-02
1.296522417259616077e+03	2.358095758808663456e-01	1.528215317386093786e-01	2.656032389449074493e-01	1.592425003705379982e-01	7.466687494177684514e-02	3.067468283874584534e-02	8.118159528434006067e-02
1.298941302366443551e+03	2.355091703649161983e-01	1.526268798624713929e-01	2.658113746763736129e-01	1.593675024046518063e-01	7.471325874955669910e-02	3.070463978520588180e-02	8.126717415660836275e-02
1.301360187473271253e+03	2.352096223706803546e-01	1.524327616809210417e-01	2.660188907530688374e-01	1.594921473894700403e-01	7.475950026762155642e-02	3.073453221982987149e-02	8.135254531819217927e-02
1.303779072580098727e+03	2.349109294644972923e-01	1.522391757051061723e-01	2.662257890814135886e-01	1.596164363443494105e-01	7.480559996273337953e-02	3.076436026457476589e-02	8.143770917710926871e-02
1.306197957686926657e+03	2.346130892195718576e-01	1.520461204504208463e-01	2.664320715615127178e-01	1.597403702857499441e-01	7.485155830009759814e-02	3.079412404126739139e-02	8.152266614116342180e-02
1.308616842793753904e+03	2.343160992159561140e-01	1.518535944364927393e-01	2.666377400871791647e-01	1.598639502272432844e-01	7.489737574336843839e-02	3.082382367160404688e-02	8.160741661793999291e-02
1.311035727900581833e+03	2.340199570405302187e-01	1.516615961871705942e-01	2.668427965459567175e-01	1.599871771795207398e-01	7.494305275465400207e-02	3.085345927715009776e-02	8.169196101480141747e-02
1.313454613007409534e+03	2.337246602869832712e-01	1.514701242305117324e-01	2.670472428191432157e-01	1.601100521504014995e-01	7.498858979452158180e-02	3.088303097933958394e-02	8.177629973888282666e-02
1.315873498114237009e+03	2.334302065557945227e-01	1.512791770987697570e-01	2.672510807818134770e-01	1.602325761448407659e-01	7.503398732200275423e-02	3.091253889947481043e-02	8.186043319708764809e-02
1.318292383221064711e+03	2.331365934542141416e-01	1.510887533283818973e-01	2.674543123028419456e-01	1.603547501649377760e-01	7.507924579459866743e-02	3.094198315872595875e-02	8.194436179608334536e-02
1.320711268327892412e+03	2.328438185962444784e-01	1.508988514599567954e-01	2.676569392449256735e-01	1.604765752099439613e-01	7.512436566828503692e-02	3.097136387813070185e-02	8.202808594229701877e-02
1.323130153434719887e+03	2.325518796026211921e-01	1.507094700382621832e-01	2.678589634646069695e-01	1.605980522762708862e-01	7.516934739751737760e-02	3.100068117859381897e-02	8.211160604191126977e-02
1.325549038541547588e+03	2.322607741007943760e-01	1.505206076122125036e-01	2.680603868122957145e-01	1.607191823574983802e-01	7.521419143523608297e-02	3.102993518088680708e-02	8.219492250085991270e-02
1.327967923648375290e+03	2.319704997249098510e-01	1.503322627348566976e-01	2.682612111322918436e-01	1.608399664443825039e-01	7.525889823287151836e-02	3.105912600564750964e-02	8.227803572482385308e-02
1.330386808755202765e+03	2.316810541157904579e-01	1.501444339633659641e-01	2.684614382628081053e-01	1.609604055248634868e-01	7.530346824034912789e-02	3.108825377337973497e-02	8.236094611922693820e-02
1.332805693862030694e+03	2.313924349209174891e-01	1.499571198590215759e-01	2.686610700359918780e-01	1.610805005840737492e-01	7.534790190609440275e-02	3.111731860445290238e-02	8.244365408923182148e-02
1.335224578968857941e+03	2.311046397944118702e-01	1.497703189872028606e-01	2.688601082779475959e-01	1.612002526043457840e-01	7.539219967703805758e-02	3.114632061910166047e-02	8.252616003973599346e-02
1.337643464075685870e+03	2.308176663970157583e-01	1.495840299173749055e-01	2.690585548087588430e-01	1.613196625652201510e-01	7.543636199862094327e-02	3.117525993742552987e-02	8.260846437536767395e-02
1.340062349182513572e+03	2.305315123960741952e-01	1.493982512230766224e-01	2.692564114425101685e-01	1.614387314434532761e-01	7.548038931479911229e-02	3.120413667938854579e-02	8.269056750048191240e-02
1.342481234289341273e+03	2.302461754655162895e-01	1.492129814819087297e-01	2.694536799873091248e-01	1.615574602130253612e-01	7.552428206804881472e-02	3.123295096481890423e-02	8.277246981915659108e-02
1.344900119396168748e+03	2.299616532858371198e-01	1.490282192755216784e-01	2.696503622453081950e-01	1.616758498451482673e-01	7.556804069937143875e-02	3.126170291340860108e-02	8.285417173518852541e-02
1.347319004502996449e+03	2.296779435440792771e-01	1.488439631896037452e-01	2.698464600127262747e-01	1.617939013082732858e-01	7.561166564829850667e-02	3.129039264471310255e-02	8.293567365208960596e-02
1.349737889609823924e+03	2.293950439338146297e-01	1.486602118138690976e-01	2.700419750798705443e-01	1.619116155680989377e-01	7.565515735289655985e-02	3.131902027815097744e-02	8.301697597308296817e-02
1.352156774716651853e+03	2.291129521551259485e-01	1.484769637420459698e-01	2.702369092311580068e-01	1.620289935875788845e-01	7.569851624977215476e-02	3.134758593300357443e-02	8.309807910109921758e-02
1.354575659823479100e+03	2.288316659145888665e-01	1.482942175718647837e-01	2.704312642451366933e-01	1.621460363269294214e-01	7.574174277407673406e-02	3.137608972841469251e-02	8.317898343877259959e-02
1.356994544930307029e+03	2.285511829252535876e-01	1.481119719050463523e-01	2.706250418945072012e-01	1.622627447436375270e-01	7.578483735951151157e-02	3.140453178339020629e-02	8.325968938843739120e-02
1.359413430037134731e+03	2.282715009066268730e-01	1.479302253472900563e-01	2.708182439461442326e-01	1.623791197924683571e-01	7.582780043833235728e-02	3.143291221679780229e-02	8.334019735212407076e-02
1.361832315143962205e+03	2.279926175846540282e-01	1.477489765082622697e-01	2.710108721611173554e-01	1.624951624254730165e-01	7.587063244135466844e-02	3.146123114736658344e-02	8.342050773155580690e-02
1.364251200250789907e+03	2.277145306917007506e-01	1.475682240015845359e-01	2.712029282947124864e-01	1.626108735919963300e-01	7.591333379795818515e-02	3.148948869368679154e-02	8.350062092814472536e-02
1.366670085357617609e+03	2.274372379665353938e-01	1.473879664448219662e-01	2.713944140964525409e-01	1.627262542386842537e-01	7.595590493609184757e-02	3.151768497420948806e-02	8.358053734298838411e-02
1.369088970464445310e+03	2.271607371543108711e-01	1.472082024594714988e-01	2.715853313101188049e-01	1.628413053094917018e-01	7.599834628227855604e-02	3.154582010724620023e-02	8.366025737686624830e-02
1.371507855571272785e+03	2.268850260065469471e-01	1.470289306709505472e-01	2.717756816737714187e-01	1.629560277456901518e-01	7.604065826162002828e-02	3.157389421096864351e-02	8.373978143023612375e-02
1.373926740678100487e+03	2.266101022811123356e-01	1.468501497085853147e-01	2.719654669197704155e-01	1.630704224858751383e-01	7.608284129780151783e-02	3.160190740340841631e-02	8.381910990323070132e-02
1.376345625784927961e+03	2.263359637422070192e-01	1.466718582055992204e-01	2.721546887747962606e-01	1.631844904659738860e-01	7.612489581309662967e-02	3.162985980245665990e-02	8.389824319565411526e-02
1.378764510891755890e+03	2.260626081603445137e-01	1.464940547991015751e-01	2.723433489598705015e-01	1.632982326192528311e-01	7.616682222837201088e-02	3.165775152586380176e-02	8.397718170697852924e-02
1.381183395998583137e+03	2.257900333123342151e-01	1.463167381300759795e-01	2.725314491903762515e-01	1.634116498763251712e-01	7.620862096309212463e-02	3.168558269123920856e-02	8.405592583634076409e-02
1.383602281105411066e+03	2.255182369812637755e-01	1.461399068433691106e-01	2.727189911760786734e-01	1.635247431651583316e-01	7.625029243532392698e-02	3.171335341605092950e-02	8.413447598253895321e-02
1.386021166212238768e+03	2.252472169564815330e-01	1.459635595876792313e-01	2.729059766211453519e-01	1.636375134110814034e-01	7.629183706174158530e-02	3.174106381762539786e-02	8.421283254402921192e-02
1.388440051319066470e+03	2.249769710335791095e-01	1.457876950155447826e-01	2.730924072241663336e-01	1.637499615367927763e-01	7.633325525763116903e-02	3.176871401314711185e-02	8.429099591892237620e-02
1.390858936425893944e+03	2.247074970143737860e-01	1.456123117833333369e-01	2.732782846781746655e-01	1.638620884623674112e-01	7.637454743689527092e-02	3.179630411965839176e-02	8.436896650498076911e-02
1.393277821532721646e+03	2.244387927068911825e-01	1.454374085512300518e-01	2.734636106706663239e-01	1.639738951052642779e-01	7.641571401205771163e-02	3.182383425405908156e-02	8.444674469961498120e-02
1.395696706639549120e+03	2.241708559253479116e-01	1.452629839832266789e-01	2.736483868836201427e-01	1.640853823803338774e-01	7.645675539426813327e-02	3.185130453310625054e-02	8.452433089988065085e-02
1.398115591746377049e+03	2.239036844901342027e-01	1.450890367471101838e-01	2.738326149935179088e-01	1.641965511998254856e-01	7.649767199330663459e-02	3.187871507341393656e-02	8.460172550247536949e-02
1.400534476853204296e+03	2.236372762277965831e-01	1.449155655144517274e-01	2.740162966713640125e-01	1.643074024733945648e-01	7.653846421758836449e-02	3.190606599145288935e-02	8.467892890373557302e-02
1.402953361960032225e+03	2.233716289710207803e-01	1.447425689605955079e-01	2.741994335827055984e-01	1.644179371081100904e-01	7.657913247416814340e-02	3.193335740355027208e-02	8.475594149963334989e-02
1.405372247066859927e+03	2.231067405586144858e-01	1.445700457646476034e-01	2.743820273876518834e-01	1.645281560084618788e-01	7.661967716874495959e-02	3.196058942588940466e-02	8.483276368577355453e-02
1.407791132173687402e+03	2.228426088354902301e-01	1.443979946094650080e-01	2.745640797408939182e-01	1.646380600763678870e-01	7.666009870566659057e-02	3.198776217450950005e-02	8.490939585739061546e-02
1.410210017280515103e+03	2.225792316526482573e-01	1.442264141816445577e-01	2.747455922917241833e-01	1.647476502111814844e-01	7.670039748793412715e-02	3.201487576530543527e-02	8.498583840934569034e-02
1.412628902387342805e+03	2.223166068671595108e-01	1.440553031715120225e-01	2.749265666840560729e-01	1.648569273096986698e-01	7.674057391720651156e-02	3.204193031402743919e-02	8.506209173612357122e-02
1.415047787494170507e+03	2.220547323421486752e-01	1.438846602731110036e-01	2.751070045564429911e-01	1.649658922661653704e-01	7.678062839380499216e-02	3.206892593628087734e-02	8.513815623182985348e-02
1.417466672600997981e+03	2.217936059467772447e-01	1.437144841841922205e-01	2.752869075420980582e-01	1.650745459722846031e-01	7.682056131671768928e-02	3.209586274752600221e-02	8.521403229018802150e-02
1.419885557707825683e+03	2.215332255562265373e-01	1.435447736062024360e-01	2.754662772689129846e-01	1.651828893172236912e-01	7.686037308360403608e-02	3.212274086307768256e-02	8.528972030453653430e-02
1.422304442814653157e+03	2.212735890516809023e-01	1.433755272442737427e-01	2.756451153594774439e-01	1.652909231876214524e-01	7.690006409079923333e-02	3.214956039810518140e-02	8.536522066782598062e-02
1.424723327921481086e+03	2.210146943203109837e-01	1.432067438072126830e-01	2.758234234310979471e-01	1.653986484675952773e-01	7.693963473331873193e-02	3.217632146763191314e-02	8.544053377261633109e-02
1.427142213028308333e+03	2.207565392552568173e-01	1.430384220074894797e-01	2.760012030958171048e-01	1.655060660387484006e-01	7.697908540486267381e-02	3.220302418653519377e-02	8.551566001107413495e-02
1.429561098135136262e+03	2.204991217556112326e-01	1.428705605612273499e-01	2.761784559604323896e-01	1.656131767801768961e-01	7.701841649782020793e-02	3.222966866954601189e-02	8.559059977496971672e-02
1.431979983241963964e+03	2.202424397264031442e-01	1.427031581881916811e-01	2.763551836265148443e-01	1.657199815684768096e-01	7.705762840327404217e-02	3.225625503124880666e-02	8.566535345567451165e-02
1.434398868348791666e+03	2.199864910785809813e-01	1.425362136117793999e-01	2.765313876904278989e-01	1.658264812777512087e-01	7.709672151100474546e-02	3.228278338608122494e-02	8.573992144415834571e-02
1.436817753455619140e+03	2.197312737289959794e-01	1.423697255590083699e-01	2.767070697433463011e-01	1.659326767796173163e-01	7.713569620949514705e-02	3.230925384833389230e-02	8.581430413098677101e-02
1.439236638562446842e+03	2.194767856003858320e-01	1.422036927605067336e-01	2.768822313712744898e-01	1.660385689432134215e-01	7.717455288593466634e-02	3.233566653215021180e-02	8.588850190631847070e-02
1.441655523669274316e+03	2.192230246213580369e-01	1.420381139505022816e-01	2.770568741550650249e-01	1.661441586352060129e-01	7.721329192622371218e-02	3.236202155152612808e-02	8.596251515990255276e-02
1.444074408776102018e+03	2.189699887263736044e-01	1.418729878668119893e-01	2.772309996704374613e-01	1.662494467197967174e-01	7.725191371497795723e-02	3.238831902030990528e-02	8.603634428107606591e-02
1.446493293882929493e+03	2.187176758557305700e-01	1.417083132508314691e-01	2.774046094879963897e-01	1.663544340587292114e-01	7.729041863553269553e-02	3.241455905220192585e-02	8.610998965876139055e-02
1.448912178989757422e+03	2.184660839555477019e-01	1.415440888475244796e-01	2.775777051732498113e-01	1.664591215112963263e-01	7.732880706994713083e-02	3.244074176075448235e-02	8.618345168146376856e-02
1.451331064096585123e+03	2.182152109777481253e-01	1.413803134054124888e-01	2.777502882866273448e-01	1.665635099343468484e-01	7.736707939900863695e-02	3.246686725937154849e-02	8.625673073726872198e-02
1.453749949203412370e+03	2.179650548800431686e-01	1.412169856765642106e-01	2.779223603834985457e-01	1.666676001822925135e-01	7.740523600223708778e-02	3.249293566130859873e-02	8.632982721383965219e-02
1.456168834310240300e+03	2.177156136259160712e-01	1.410541044165852520e-01	2.780939230141908358e-01	1.667713931071148903e-01	7.744327725788902050e-02	3.251894707967238618e-02	8.640274149841539741e-02
1.458587719417068001e+03	2.174668851846058293e-01	1.408916683846077877e-01	2.782649777240075450e-01	1.668748895583721803e-01	7.748120354296199330e-02	3.254490162742074838e-02	8.647547397780774858e-02
1.461006604523895703e+03	2.172188675310910977e-01	1.407296763432801801e-01	2.784355260532460630e-01	1.669780903832062124e-01	7.751901523319876253e-02	3.257079941736241990e-02	8.654802503839914563e-02
1.463425489630723177e+03	2.169715586460740364e-01	1.405681270587567366e-01	2.786055695372153806e-01	1.670809964263492153e-01	7.755671270309143217e-02	3.259664056215681727e-02	8.662039506614024886e-02
1.465844374737550879e+03	2.167249565159644342e-01	1.404070193006874412e-01	2.787751097062541872e-01	1.671836085301305341e-01	7.759429632588578374e-02	3.262242517431387934e-02	8.669258444654764917e-02
1.468263259844378354e+03	2.164790591328635272e-01	1.402463518422076283e-01	2.789441480857483557e-01	1.672859275344836527e-01	7.763176647358534244e-02	3.264815336619384528e-02	8.676459356470149487e-02
1.470682144951206283e+03	2.162338644945482058e-01	1.400861234599279914e-01	2.791126861961488737e-01	1.673879542769527995e-01	7.766912351695565153e-02	3.267382525000708110e-02	8.683642280524331292e-02
1.473101030058033530e+03	2.159893706044549722e-01	1.399263329339242301e-01	2.792807255529891064e-01	1.674896895926997198e-01	7.770636782552833854e-02	3.269944093781389921e-02	8.690807255237360807e-02
1.475519915164861459e+03	2.157455754716642027e-01	1.397669790477269747e-01	2.794482676669026167e-01	1.675911343145105870e-01	7.774349976760532022e-02	3.272500054152439192e-02	8.697954318984978117e-02
1.477938800271689161e+03	2.155024771108842718e-01	1.396080605883117387e-01	2.796153140436404283e-01	1.676922892728024694e-01	7.778051971026291034e-02	3.275050417289822324e-02	8.705083510098379773e-02
1.480357685378516862e+03	2.152600735424358147e-01	1.394495763460888160e-01	2.797818661840885124e-01	1.677931552956302141e-01	7.781742801935592757e-02	3.277595194354448321e-02	8.712194866864005072e-02
1.482776570485344337e+03	2.150183627922359897e-01	1.392915251148931499e-01	2.799479255842849401e-01	1.678937332086930800e-01	7.785422505952185879e-02	3.280134396492149357e-02	8.719288427523325113e-02
