1.001418434226643626e+03	2.797008675330395766e-01	1.811010925589457421e-01	2.348932998983591092e-01	1.409745661249159343e-01	6.777849484787323853e-02	2.649229503934076926e-02	6.905938399730929267e-02
1.002869765290740247e+03	2.794452805261700701e-01	1.809376745620838722e-01	2.350734911409675387e-01	1.410810013274629293e-01	6.781914043601831865e-02	2.651556822217585388e-02	6.912784378490501036e-02
1.004321096354836754e+03	2.791901308191641617e-01	1.807745270398743997e-01	2.352533552379283688e-01	1.411872540055394698e-01	6.785970917083859744e-02	2.653881273732359297e-02	6.919621098911495072e-02
1.005772427418933376e+03	2.789354176683021547e-01	1.806116495355949148e-01	2.354328928147032540e-01	1.412933244715909309e-01	6.790020120573997398e-02	2.656202861220184966e-02	6.926448569165050140e-02
1.007223758483029997e+03	2.786811403311192925e-01	1.804490415933170389e-01	2.356121044954418431e-01	1.413992130375305856e-01	6.794061669381684654e-02	2.658521587422876808e-02	6.933266797432915962e-02
1.008675089547126618e+03	2.784272980664039276e-01	1.802867027579051484e-01	2.357909909029849982e-01	1.415049200147404929e-01	6.798095578785279258e-02	2.660837455082266240e-02	6.940075791907349134e-02
1.010126420611223239e+03	2.781738901341953563e-01	1.801246325750146815e-01	2.359695526588679315e-01	1.416104457140723305e-01	6.802121864032116549e-02	2.663150466940191266e-02	6.946875560791014592e-02
1.011577751675319632e+03	2.779209157957816534e-01	1.799628305910909720e-01	2.361477903833230918e-01	1.417157904458484219e-01	6.806140540338570522e-02	2.665460625738487813e-02	6.953666112296887081e-02
1.013029082739416367e+03	2.776683743136976190e-01	1.798012963533675013e-01	2.363257046952833562e-01	1.418209545198625410e-01	6.810151622890121825e-02	2.667767934218976539e-02	6.960447454648151233e-02
1.014480413803512761e+03	2.774162649517228907e-01	1.796400294098647876e-01	2.365032962123851668e-01	1.419259382453808283e-01	6.814155126841420218e-02	2.670072395123454512e-02	6.967219596078107202e-02
1.015931744867609382e+03	2.771645869748796676e-01	1.794790293093886657e-01	2.366805655509713890e-01	1.420307419311426789e-01	6.818151067316345626e-02	2.672374011193684104e-02	6.973982544830073516e-02
1.017383075931706003e+03	2.769133396494306565e-01	1.793182956015290652e-01	2.368575133260945320e-01	1.421353658853616864e-01	6.822139459408076145e-02	2.674672785171383974e-02	6.980736309157287156e-02
1.018834406995802851e+03	2.766625222428771291e-01	1.791578278366584287e-01	2.370341401515197177e-01	1.422398104157264476e-01	6.826120318179146329e-02	2.676968719798216920e-02	6.987480897322807805e-02
1.020285738059899245e+03	2.764121340239567015e-01	1.789976255659303239e-01	2.372104466397277622e-01	1.423440758294014508e-01	6.830093658661511025e-02	2.679261817815781557e-02	6.994216317599424859e-02
1.021737069123995752e+03	2.761621742626414466e-01	1.788376883412780560e-01	2.373864334019180622e-01	1.424481624330280471e-01	6.834059495856610600e-02	2.681552081965601214e-02	7.000942578269560290e-02
1.023188400188092373e+03	2.759126422301358406e-01	1.786780157154132520e-01	2.375621010480118422e-01	1.425520705327252835e-01	6.838017844735427841e-02	2.683839514989113523e-02	7.007659687625170108e-02
1.024639731252188767e+03	2.756635371988744310e-01	1.785186072418243619e-01	2.377374501866549306e-01	1.426558004340907904e-01	6.841968720238557344e-02	2.686124119627661400e-02	7.014367653967656935e-02
1.026091062316285615e+03	2.754148584425201718e-01	1.783594624747753821e-01	2.379124814252208953e-01	1.427593524422016702e-01	6.845912137276265186e-02	2.688405898622482290e-02	7.021066485607770080e-02
1.027542393380382237e+03	2.751666052359620362e-01	1.782005809693042175e-01	2.380871953698140420e-01	1.428627268616153301e-01	6.849848110728548600e-02	2.690684854714699495e-02	7.027756190865512564e-02
1.028993724444478858e+03	2.749187768553133515e-01	1.780419622812215164e-01	2.382615926252723004e-01	1.429659239963704254e-01	6.853776655445202592e-02	2.692960990645310027e-02	7.034436778070048135e-02
1.030445055508575479e+03	2.746713725779094117e-01	1.778836059671091152e-01	2.384356737951702498e-01	1.430689441499877201e-01	6.857697786245879612e-02	2.695234309155176283e-02	7.041108255559611062e-02
1.031896386572671872e+03	2.744243916823056462e-01	1.777255115843186239e-01	2.386094394818221720e-01	1.431717876254709754e-01	6.861611517920146452e-02	2.697504812985016334e-02	7.047770631681410380e-02
1.033347717636768493e+03	2.741778334482753987e-01	1.775676786909701488e-01	2.387828902862848546e-01	1.432744547253077538e-01	6.865517865227556416e-02	2.699772504875393858e-02	7.054423914791538297e-02
1.034799048700865114e+03	2.739316971568083181e-01	1.774101068459507380e-01	2.389560268083606720e-01	1.433769457514703638e-01	6.869416842897703435e-02	2.702037387566707041e-02	7.061068113254879985e-02
1.036250379764961508e+03	2.736859820901078044e-01	1.772527956089131052e-01	2.391288496466004998e-01	1.434792610054167195e-01	6.873308465630283137e-02	2.704299463799181291e-02	7.067703235445020604e-02
1.037701710829058356e+03	2.734406875315892882e-01	1.770957445402741859e-01	2.393013593983065734e-01	1.435814007880912291e-01	6.877192748095159458e-02	2.706558736312858135e-02	7.074329289744153704e-02
1.039153041893154750e+03	2.731958127658782320e-01	1.769389532012136668e-01	2.394735566595355414e-01	1.436833653999255722e-01	6.881069704932420150e-02	2.708815207847585158e-02	7.080946284542992408e-02
1.040604372957251599e+03	2.729513570788078547e-01	1.767824211536727641e-01	2.396454420251012685e-01	1.437851551408396711e-01	6.884939350752443399e-02	2.711068881143008022e-02	7.087554228240680598e-02
1.042055704021347992e+03	2.727073197574176322e-01	1.766261479603527251e-01	2.398170160885778612e-01	1.438867703102425510e-01	6.888801700135954720e-02	2.713319758938558673e-02	7.094153129244699929e-02
1.043507035085444613e+03	2.724637000899507444e-01	1.764701331847134125e-01	2.399882794423024435e-01	1.439882112070331177e-01	6.892656767634088022e-02	2.715567843973447706e-02	7.100742995970785176e-02
1.044958366149541234e+03	2.722204973658522431e-01	1.763143763909721107e-01	2.401592326773782093e-01	1.440894781296010452e-01	6.896504567768448057e-02	2.717813138986653956e-02	7.107323836842828479e-02
1.046409697213637855e+03	2.719777108757672202e-01	1.761588771441018886e-01	2.403298763836771712e-01	1.441905713758277197e-01	6.900345115031168708e-02	2.720055646716915826e-02	7.113895660292800238e-02
1.047861028277734476e+03	2.717353399115387536e-01	1.760036350098303781e-01	2.405002111498431849e-01	1.442914912430870999e-01	6.904178423884975435e-02	2.722295369902720530e-02	7.120458474760650580e-02
1.049312359341831097e+03	2.714933837662056870e-01	1.758486495546383865e-01	2.406702375632946977e-01	1.443922380282464113e-01	6.908004508763244955e-02	2.724532311282296462e-02	7.127012288694228870e-02
1.050763690405927491e+03	2.712518417340009647e-01	1.756939203457585086e-01	2.408399562102276625e-01	1.444928120276671168e-01	6.911823384070067688e-02	2.726766473593602094e-02	7.133557110549196278e-02
1.052215021470024112e+03	2.710107131103492994e-01	1.755394469511737943e-01	2.410093676756183412e-01	1.445932135372058891e-01	6.915635064180303271e-02	2.728997859574318341e-02	7.140092948788934191e-02
1.053666352534120733e+03	2.707699971918655635e-01	1.753852289396163056e-01	2.411784725432263576e-01	1.446934428522152205e-01	6.919439563439640228e-02	2.731226471961837460e-02	7.146619811884463713e-02
1.055117683598217127e+03	2.705296932763525675e-01	1.752312658805658119e-01	2.413472713955972793e-01	1.447935002675444505e-01	6.923236896164665366e-02	2.733452313493256111e-02	7.153137708314354082e-02
1.056569014662313975e+03	2.702898006627990068e-01	1.750775573442484301e-01	2.415157648140656976e-01	1.448933860775405424e-01	6.927027076642910952e-02	2.735675386905363909e-02	7.159646646564643557e-02
1.058020345726410369e+03	2.700503186513777409e-01	1.749241029016352644e-01	2.416839533787577821e-01	1.449931005760489722e-01	6.930810119132921332e-02	2.737895694934635443e-02	7.166146635128745057e-02
1.059471676790506763e+03	2.698112465434436835e-01	1.747709021244410188e-01	2.418518376685943883e-01	1.450926440564146158e-01	6.934586037864311214e-02	2.740113240317221602e-02	7.172637682507369827e-02
1.060923007854603611e+03	2.695725836415317489e-01	1.746179545851227199e-01	2.420194182612936951e-01	1.451920168114824439e-01	6.938354847037825346e-02	2.742328025788939166e-02	7.179119797208440013e-02
1.062374338918700232e+03	2.693343292493551311e-01	1.744652598568783020e-01	2.421866957333740633e-01	1.452912191335985481e-01	6.942116560825395410e-02	2.744540054085262831e-02	7.185592987747001226e-02
1.063825669982796853e+03	2.690964826718030833e-01	1.743128175136452185e-01	2.423536706601568391e-01	1.453902513146108910e-01	6.945871193370202479e-02	2.746749327941315835e-02	7.192057262645143445e-02
1.065277001046893474e+03	2.688590432149390308e-01	1.741606271300992770e-01	2.425203436157691017e-01	1.454891136458701106e-01	6.949618758786731132e-02	2.748955850091861636e-02	7.198512630431916359e-02
1.066728332110990095e+03	2.686220101859987386e-01	1.740086882816530567e-01	2.426867151731465500e-01	1.455878064182304643e-01	6.953359271160836075e-02	2.751159623271293153e-02	7.204959099643246101e-02
1.068179663175086489e+03	2.683853828933882579e-01	1.738570005444547983e-01	2.428527859040362225e-01	1.456863299220505781e-01	6.957092744549790708e-02	2.753360650213625832e-02	7.211396678821850592e-02
1.069630994239183110e+03	2.681491606466819277e-01	1.737055634953868499e-01	2.430185563789992176e-01	1.457846844471943626e-01	6.960819192982356518e-02	2.755558933652488621e-02	7.217825376517163216e-02
1.071082325303279504e+03	2.679133427566205428e-01	1.735543767120645842e-01	2.431840271674135523e-01	1.458828702830318458e-01	6.964538630458833035e-02	2.757754476321113563e-02	7.224245201285241225e-02
1.072533656367376352e+03	2.676779285351093551e-01	1.734034397728348165e-01	2.433491988374768544e-01	1.459808877184398945e-01	6.968251070951118897e-02	2.759947280952328857e-02	7.230656161688696348e-02
1.073984987431472746e+03	2.674429172952160760e-01	1.732527522567746670e-01	2.435140719562091383e-01	1.460787370418031861e-01	6.971956528402774300e-02	2.762137350278548106e-02	7.237058266296601816e-02
1.075436318495569594e+03	2.672083083511691548e-01	1.731023137436901171e-01	2.436786470894554968e-01	1.461764185410149575e-01	6.975655016729072344e-02	2.764324687031764413e-02	7.243451523684421578e-02
1.076887649559666215e+03	2.669741010183555030e-01	1.729521238141147332e-01	2.438429248018889606e-01	1.462739325034778937e-01	6.979346549817060097e-02	2.766509293943539283e-02	7.249835942433924263e-02
1.078338980623762609e+03	2.667402946133187736e-01	1.728021820493083616e-01	2.440069056570130512e-01	1.463712792161048770e-01	6.983031141525616881e-02	2.768691173744994988e-02	7.256211531133104076e-02
1.079790311687859230e+03	2.665068884537575289e-01	1.726524880312557964e-01	2.441705902171647236e-01	1.464684589653199587e-01	6.986708805685515333e-02	2.770870329166805202e-02	7.262578298376104469e-02
1.081241642751955851e+03	2.662738818585231870e-01	1.725030413426653919e-01	2.443339790435167802e-01	1.465654720370590525e-01	6.990379556099467206e-02	2.773046762939187712e-02	7.268936252763132100e-02
1.082692973816052472e+03	2.660412741476179121e-01	1.723538415669679247e-01	2.444970726960808971e-01	1.466623187167707676e-01	6.994043406542196917e-02	2.775220477791895055e-02	7.275285402900384668e-02
1.084144304880149093e+03	2.658090646421931158e-01	1.722048882883151499e-01	2.446598717337100937e-01	1.467589992894172968e-01	6.997700370760485955e-02	2.777391476454206184e-02	7.281625757399970422e-02
1.085595635944245487e+03	2.655772526645472364e-01	1.720561810915784973e-01	2.448223767141015084e-01	1.468555140394752490e-01	7.001350462473236724e-02	2.779559761654917804e-02	7.287957324879827670e-02
1.087046967008342108e+03	2.653458375381238521e-01	1.719077195623478216e-01	2.449845881937990910e-01	1.469518632509363987e-01	7.004993695371529439e-02	2.781725336122335343e-02	7.294280113963652612e-02
1.088498298072438729e+03	2.651148185875099039e-01	1.717595032869299876e-01	2.451465067281962951e-01	1.470480472073085465e-01	7.008630083118676246e-02	2.783888202584267058e-02	7.300594133280813303e-02
1.089949629136535123e+03	2.648841951384336424e-01	1.716115318523477873e-01	2.453081328715386866e-01	1.471440661916163795e-01	7.012259639350279516e-02	2.786048363768012584e-02	7.306899391466280258e-02
1.091400960200631971e+03	2.646539665177630729e-01	1.714638048463383857e-01	2.454694671769266368e-01	1.472399204864022482e-01	7.015882377674291515e-02	2.788205822400356346e-02	7.313195897160547354e-02
1.092852291264728365e+03	2.644241320535033468e-01	1.713163218573522106e-01	2.456305101963180415e-01	1.473356103737268885e-01	7.019498311671068524e-02	2.790360581207558879e-02	7.319483659009554111e-02
1.094303622328825213e+03	2.641946910747954846e-01	1.711690824745516204e-01	2.457912624805308754e-01	1.474311361351704208e-01	7.023107454893423585e-02	2.792512642915348856e-02	7.325762685664609364e-02
1.095754953392921607e+03	2.639656429119144332e-01	1.710220862878095438e-01	2.459517245792458839e-01	1.475264980518330438e-01	7.026709820866688938e-02	2.794662010248914405e-02	7.332032985782321877e-02
1.097206284457018228e+03	2.637369868962670116e-01	1.708753328877082589e-01	2.461118970410092477e-01	1.476216964043359225e-01	7.030305423088770156e-02	2.796808685932894792e-02	7.338294568024514297e-02
1.098657615521114849e+03	2.635087223603898576e-01	1.707288218655381162e-01	2.462717804132351085e-01	1.477167314728218273e-01	7.033894275030204424e-02	2.798952672691373128e-02	7.344547441058160708e-02
1.100108946585211470e+03	2.632808486379478174e-01	1.705825528132961788e-01	2.464313752422082615e-01	1.478116035369562153e-01	7.037476390134211890e-02	2.801093973247867699e-02	7.350791613555297810e-02
1.101560277649308091e+03	2.630533650637321141e-01	1.704365253236850564e-01	2.465906820730867921e-01	1.479063128759277868e-01	7.041051781816755339e-02	2.803232590325322945e-02	7.357027094192963856e-02
1.103011608713404712e+03	2.628262709736581826e-01	1.702907389901116009e-01	2.467497014499047125e-01	1.480008597684494831e-01	7.044620463466597093e-02	2.805368526646104255e-02	7.363253891653118166e-02
1.104462939777501106e+03	2.625995657047640597e-01	1.701451934066854632e-01	2.469084339155744601e-01	1.480952444927591261e-01	7.048182448445350357e-02	2.807501784931986169e-02	7.369472014622567568e-02
1.105914270841597499e+03	2.623732485952082749e-01	1.699998881682181218e-01	2.470668800118895336e-01	1.481894673266203888e-01	7.051737750087537504e-02	2.809632367904147526e-02	7.375681471792895627e-02
1.107365601905694348e+03	2.621473189842682960e-01	1.698548228702213558e-01	2.472250402795270752e-01	1.482835285473234344e-01	7.055286381700646980e-02	2.811760278283161746e-02	7.381882271860389089e-02
1.108816932969790741e+03	2.619217762123382531e-01	1.697099971089060799e-01	2.473829152580505619e-01	1.483774284316858594e-01	7.058828356565186035e-02	2.813885518788989543e-02	7.388074423525962942e-02
1.110268264033887590e+03	2.616966196209273843e-01	1.695654104811810947e-01	2.475405054859121379e-01	1.484711672560534157e-01	7.062363687934737622e-02	2.816008092140970601e-02	7.394257935495091028e-02
1.111719595097984211e+03	2.614718485526582592e-01	1.694210625846517826e-01	2.476978115004555003e-01	1.485647452963008153e-01	7.065892389036015908e-02	2.818128001057816981e-02	7.400432816477733877e-02
1.113170926162080832e+03	2.612474623512645588e-01	1.692769530176188864e-01	2.478548338379181482e-01	1.486581628278325073e-01	7.069414473068917626e-02	2.820245248257603060e-02	7.406599075188266545e-02
1.114622257226177226e+03	2.610234603615894655e-01	1.691330813790772047e-01	2.480115730334341573e-01	1.487514201255835944e-01	7.072929953206583131e-02	2.822359836457760326e-02	7.412756720345407835e-02
1.116073588290273847e+03	2.607998419295837755e-01	1.689894472687144267e-01	2.481680296210366510e-01	1.488445174640204427e-01	7.076438842595447754e-02	2.824471768375068706e-02	7.418905760672148131e-02
1.117524919354370468e+03	2.605766064023040673e-01	1.688460502869097435e-01	2.483242041336602979e-01	1.489374551171416539e-01	7.079941154355294530e-02	2.826581046725646848e-02	7.425046204895680013e-02
1.118976250418467089e+03	2.603537531279107031e-01	1.687028900347327387e-01	2.484800971031439765e-01	1.490302333584787031e-01	7.083436901579315270e-02	2.828687674224947615e-02	7.431178061747327479e-02
1.120427581482563710e+03	2.601312814556662190e-01	1.685599661139420002e-01	2.486357090602330788e-01	1.491228524610968276e-01	7.086926097334156349e-02	2.830791653587747675e-02	7.437301339962482105e-02
1.121878912546660331e+03	2.599091907359332709e-01	1.684172781269840935e-01	2.487910405345823139e-01	1.492153126975958310e-01	7.090408754659981161e-02	2.832892987528142642e-02	7.443416048280521169e-02
1.123330243610756725e+03	2.596874803201730808e-01	1.682748256769920070e-01	2.489460920547579559e-01	1.493076143401108336e-01	7.093884886570521464e-02	2.834991678759536671e-02	7.449522195444750750e-02
1.124781574674853118e+03	2.594661495609433266e-01	1.681326083677842087e-01	2.491008641482405639e-01	1.493997576603129651e-01	7.097354506053127343e-02	2.837087729994637250e-02	7.455619790202328012e-02
1.126232905738949967e+03	2.592451978118963662e-01	1.679906258038631750e-01	2.492553573414273693e-01	1.494917429294103095e-01	7.100817626068826882e-02	2.839181143945445837e-02	7.461708841304198758e-02
1.127684236803046360e+03	2.590246244277775167e-01	1.678488775904143637e-01	2.494095721596347737e-01	1.495835704181486536e-01	7.104274259552378901e-02	2.841271923323251958e-02	7.467789357505026648e-02
1.129135567867143209e+03	2.588044287644231667e-01	1.677073633333048264e-01	2.495635091271009021e-01	1.496752403968121814e-01	7.107724419412327077e-02	2.843360070838624187e-02	7.473861347563122426e-02
1.130586898931239830e+03	2.585846101787590556e-01	1.675660826390820424e-01	2.497171687669880458e-01	1.497667531352243342e-01	7.111168118531049909e-02	2.845445589201404252e-02	7.479924820240382854e-02
1.132038229995336451e+03	2.583651680287981089e-01	1.674250351149726979e-01	2.498705516013850769e-01	1.498581089027485880e-01	7.114605369764818998e-02	2.847528481120698354e-02	7.485979784302221329e-02
1.133489561059432845e+03	2.581461016736390501e-01	1.672842203688813811e-01	2.500236581513100576e-01	1.499493079682892027e-01	7.118036185943849015e-02	2.849608749304870584e-02	7.492026248517495712e-02
1.134940892123529466e+03	2.579274104734644024e-01	1.671436380093895280e-01	2.501764889367125155e-01	1.500403506002920273e-01	7.121460579872355978e-02	2.851686396461535281e-02	7.498064221658448658e-02
1.136392223187626087e+03	2.577090937895386014e-01	1.670032876457539506e-01	2.503290444764760259e-01	1.501312370667452212e-01	7.124878564328604447e-02	2.853761425297550100e-02	7.504093712500636837e-02
1.137843554251722708e+03	2.574911509842064961e-01	1.668631688879058661e-01	2.504813252884208752e-01	1.502219676351800870e-01	7.128290152064964413e-02	2.855833838519008031e-02	7.510114729822869872e-02
1.139294885315819101e+03	2.572735814208910177e-01	1.667232813464495644e-01	2.506333318893059214e-01	1.503125425726718756e-01	7.131695355807962655e-02	2.857903638831231150e-02	7.516127282407136789e-02
1.140746216379915950e+03	2.570563844640919027e-01	1.665836246326611869e-01	2.507850647948317024e-01	1.504029621458404520e-01	7.135094188258339631e-02	2.859970828938762991e-02	7.522131379038547727e-02
1.142197547444012343e+03	2.568395594793835279e-01	1.664441983584875329e-01	2.509365245196422678e-01	1.504932266208511560e-01	7.138486662091095281e-02	2.862035411545359870e-02	7.528127028505268714e-02
1.143648878508108737e+03	2.566231058334133563e-01	1.663050021365448106e-01	2.510877115773281210e-01	1.505833362634154959e-01	7.141872789955548695e-02	2.864097389353986722e-02	7.534114239598452278e-02
1.145100209572205586e+03	2.564070228939000495e-01	1.661660355801175271e-01	2.512386264804282732e-01	1.506732913387920925e-01	7.145252584475383917e-02	2.866156765066807735e-02	7.540093021112174998e-02
1.146551540636302207e+03	2.561913100296318024e-01	1.660272983031572391e-01	2.513892697404327414e-01	1.507630921117871226e-01	7.148626058248712389e-02	2.868213541385179755e-02	7.546063381843377826e-02
1.148002871700398828e+03	2.559759666104641229e-01	1.658887899202813043e-01	2.515396418677852131e-01	1.508527388467554575e-01	7.151993223848115977e-02	2.870267721009645348e-02	7.552025330591795316e-02
1.149454202764495449e+03	2.557609920073186660e-01	1.657505100467716874e-01	2.516897433718849331e-01	1.509422318076011349e-01	7.155354093820699701e-02	2.872319306639926212e-02	7.557978876159895942e-02
1.150905533828591842e+03	2.555463855921810135e-01	1.656124582985738503e-01	2.518395747610895907e-01	1.510315712577783021e-01	7.158708680688151416e-02	2.874368300974915538e-02	7.563924027352818269e-02
1.152356864892688463e+03	2.553321467380990639e-01	1.654746342922954749e-01	2.519891365427174845e-01	1.511207574602919101e-01	7.162056996946787601e-02	2.876414706712671771e-02	7.569860792978309882e-02
1.153808195956785084e+03	2.551182748191812566e-01	1.653370376452052704e-01	2.521384292230498536e-01	1.512097906776984357e-01	7.165399055067607492e-02	2.878458526550410970e-02	7.575789181846662168e-02
1.155259527020881706e+03	2.549047692105946838e-01	1.651996679752318342e-01	2.522874533073335424e-01	1.512986711721067135e-01	7.168734867496341645e-02	2.880499763184499531e-02	7.581709202770647860e-02
1.156710858084978327e+03	2.546916292885635369e-01	1.650625249009624040e-01	2.524362092997828877e-01	1.513873992051786854e-01	7.172064446653510228e-02	2.882538419310448977e-02	7.587620864565462753e-02
1.158162189149074720e+03	2.544788544303671074e-01	1.649256080416417747e-01	2.525846977035824392e-01	1.514759750381300951e-01	7.175387804934470204e-02	2.884574497622907630e-02	7.593524176048660479e-02
1.159613520213171569e+03	2.542664440143381777e-01	1.647889170171709106e-01	2.527329190208892351e-01	1.515643989317313201e-01	7.178704954709465291e-02	2.886608000815654718e-02	7.599419146040092832e-02
1.161064851277267962e+03	2.540543974198611332e-01	1.646524514481060020e-01	2.528808737528352446e-01	1.516526711463080934e-01	7.182015908323682862e-02	2.888638931581592392e-02	7.605305783361847316e-02
1.162516182341364356e+03	2.538427140273704086e-01	1.645162109556572161e-01	2.530285623995294775e-01	1.517407919417422257e-01	7.185320678097301128e-02	2.890667292612739830e-02	7.611184096838186086e-02
1.163967513405461204e+03	2.536313932183485997e-01	1.643801951616873369e-01	2.531759854600605930e-01	1.518287615774724653e-01	7.188619276325541874e-02	2.892693086600227337e-02	7.617054095295489047e-02
1.165418844469557826e+03	2.534204343753246880e-01	1.642444036887108771e-01	2.533231434324990095e-01	1.519165803124950809e-01	7.191911715278717643e-02	2.894716316234288364e-02	7.622915787562191403e-02
1.166870175533654447e+03	2.532098368818723189e-01	1.641088361598926904e-01	2.534700368138992355e-01	1.520042484053647502e-01	7.195198007202291413e-02	2.896736984204252574e-02	7.628769182468721211e-02
1.168321506597751068e+03	2.529996001226080260e-01	1.639734921990468608e-01	2.536166661003023681e-01	1.520917661141952260e-01	7.198478164316919614e-02	2.898755093198540633e-02	7.634614288847446639e-02
1.169772837661847461e+03	2.527897234831896767e-01	1.638383714306356209e-01	2.537630317867383689e-01	1.521791336966601960e-01	7.201752198818506256e-02	2.900770645904656928e-02	7.640451115532607973e-02
1.171224168725944082e+03	2.525802063503144179e-01	1.637034734797680746e-01	2.539091343672281731e-01	1.522663514099938664e-01	7.205020122878251498e-02	2.902783645009182623e-02	7.646279671360264873e-02
1.172675499790040703e+03	2.523710481117171778e-01	1.635687979721991148e-01	2.540549743347862433e-01	1.523534195109918499e-01	7.208281948642707160e-02	2.904794093197769073e-02	7.652099965168233930e-02
1.174126830854137097e+03	2.521622481561687779e-01	1.634343445343281465e-01	2.542005521814227897e-01	1.524403382560118314e-01	7.211537688233821131e-02	2.906801993155132616e-02	7.657912005796033150e-02
1.175578161918233945e+03	2.519538058734744901e-01	1.633001127931980601e-01	2.543458683981458801e-01	1.525271079009743458e-01	7.214787353748991494e-02	2.908807347565046247e-02	7.663715802084825057e-02
1.177029492982330339e+03	2.517457206544717607e-01	1.631661023764940099e-01	2.544909234749641036e-01	1.526137287013634158e-01	7.218030957261116487e-02	2.910810159110334763e-02	7.669511362877352856e-02
1.178480824046426733e+03	2.515379918910291002e-01	1.630323129125422765e-01	2.546357179008883476e-01	1.527002009122275239e-01	7.221268510818643072e-02	2.912810430472867126e-02	7.675298697017886307e-02
1.179932155110523581e+03	2.513306189760440845e-01	1.628987440303091283e-01	2.547802521639345730e-01	1.527865247881800836e-01	7.224500026445618284e-02	2.914808164333550916e-02	7.681077813352167605e-02
1.181383486174620202e+03	2.511236013034415238e-01	1.627653953593996006e-01	2.549245267511256463e-01	1.528727005834003838e-01	7.227725516141736417e-02	2.916803363372325736e-02	7.686848720727350315e-02
1.182834817238716823e+03	2.509169382681717964e-01	1.626322665300563852e-01	2.550685421484939486e-01	1.529587285516341988e-01	7.230944991882395922e-02	2.918796030268156275e-02	7.692611427991941087e-02
1.184286148302813444e+03	2.507106292662092950e-01	1.624993571731587760e-01	2.552122988410834847e-01	1.530446089461945658e-01	7.234158465618741041e-02	2.920786167699027103e-02	7.698365943995749694e-02
1.185737479366910065e+03	2.505046736945506503e-01	1.623666669202213919e-01	2.553557973129519931e-01	1.531303420199624787e-01	7.237365949277718702e-02	2.922773778341935386e-02	7.704112277589825197e-02
1.187188810431006686e+03	2.502990709512128431e-01	1.622341954033930944e-01	2.554990380471734435e-01	1.532159280253877487e-01	7.240567454762120159e-02	2.924758864872884986e-02	7.709850437626405983e-02
1.188640141495103080e+03	2.500938204352317618e-01	1.621019422554558498e-01	2.556420215258402573e-01	1.533013672144895589e-01	7.243762993950637885e-02	2.926741429966880220e-02	7.715580432958861479e-02
1.190091472559199701e+03	2.498889215466602587e-01	1.619699071098236187e-01	2.557847482300653064e-01	1.533866598388573255e-01	7.246952578697909986e-02	2.928721476297920651e-02	7.721302272441635250e-02
1.191542803623296322e+03	2.496843736865666796e-01	1.618380896005411629e-01	2.559272186399842997e-01	1.534718061496514185e-01	7.250136220834570155e-02	2.930699006538993109e-02	7.727015964930195047e-02
1.192994134687392716e+03	2.494801762570330317e-01	1.617064893622829347e-01	2.560694332347580038e-01	1.535568063976037456e-01	7.253313932167303191e-02	2.932674023362066493e-02	7.732721519280973121e-02
1.194445465751489564e+03	2.492763286611532347e-01	1.615751060303519393e-01	2.562113924925744080e-01	1.536416608330186950e-01	7.256485724478882460e-02	2.934646529438085863e-02	7.738418944351312112e-02
1.195896796815585958e+03	2.490728303030315394e-01	1.614439392406787077e-01	2.563530968906511109e-01	1.537263697057736356e-01	7.259651609528230964e-02	2.936616527436965510e-02	7.744108248999415078e-02
1.197348127879682352e+03	2.488696805877807783e-01	1.613129886298199922e-01	2.564945469052370974e-01	1.538109332653198880e-01	7.262811599050457423e-02	2.938584020027584787e-02	7.749789442084287217e-02
1.198799458943779200e+03	2.486668789215207287e-01	1.611822538349577949e-01	2.566357430116154581e-01	1.538953517606832244e-01	7.265965704756920107e-02	2.940549009877779438e-02	7.755462532465683123e-02
1.200250790007875821e+03	2.484644247113764748e-01	1.610517344938980910e-01	2.567766856841052214e-01	1.539796254404647013e-01	7.269113938335260150e-02	2.942511499654337781e-02	7.761127529004051284e-02
1.201702121071972442e+03	2.482623173654764925e-01	1.609214302450699408e-01	2.569173753960637407e-01	1.540637545528413532e-01	7.272256311449462607e-02	2.944471492022993422e-02	7.766784440560486891e-02
1.203153452136069063e+03	2.480605562929512065e-01	1.607913407275241291e-01	2.570578126198887481e-01	1.541477393455669143e-01	7.275392835739895314e-02	2.946428989648419705e-02	7.772433275996674940e-02
1.204604783200165684e+03	2.478591409039312687e-01	1.606614655809322501e-01	2.571979978270205192e-01	1.542315800659725955e-01	7.278523522823367176e-02	2.948383995194224158e-02	7.778074044174834722e-02
1.206056114264262078e+03	2.476580706095457829e-01	1.605318044455853743e-01	2.573379314879442048e-01	1.543152769609676123e-01	7.281648384293165632e-02	2.950336511322942598e-02	7.783706753957671254e-02
1.207507445328358699e+03	2.474573448219207772e-01	1.604023569623931889e-01	2.574776140721918849e-01	1.543988302770401833e-01	7.284767431719112174e-02	2.952286540696032885e-02	7.789331414208325310e-02
1.208958776392455093e+03	2.472569629541774283e-01	1.602731227728826924e-01	2.576170460483446223e-01	1.544822402602579747e-01	7.287880676647608136e-02	2.954234085973868329e-02	7.794948033790316533e-02
1.210410107456551941e+03	2.470569244204304238e-01	1.601441015191972239e-01	2.577562278840349053e-01	1.545655071562690164e-01	7.290988130601681882e-02	2.956179149815733875e-02	7.800556621567492077e-02
1.211861438520648335e+03	2.468572286357862966e-01	1.600152928440952138e-01	2.578951600459484239e-01	1.546486312103022842e-01	7.294089805081038769e-02	2.958121734879818124e-02	7.806157186403980819e-02
1.213312769584745183e+03	2.466578750163418432e-01	1.598866963909492400e-01	2.580338429998265126e-01	1.547316126671684500e-01	7.297185711562106936e-02	2.960061843823209859e-02	7.811749737164136453e-02
1.214764100648841804e+03	2.464588629791822916e-01	1.597583118037448346e-01	2.581722772104682040e-01	1.548144517712606028e-01	7.300275861498084495e-02	2.961999479301889726e-02	7.817334282712488924e-02
1.216215431712937971e+03	2.462601919423798857e-01	1.596301387270793459e-01	2.583104631417322272e-01	1.548971487665549707e-01	7.303360266318992267e-02	2.963934643970727104e-02	7.822910831913694463e-02
1.217666762777034819e+03	2.460618613249919706e-01	1.595021768061609668e-01	2.584484012565393951e-01	1.549797038966115870e-01	7.306438937431711245e-02	2.965867340483472475e-02	7.828479393632481464e-02
1.219118093841131440e+03	2.458638705470595764e-01	1.593744256868075693e-01	2.585860920168743804e-01	1.550621174045750117e-01	7.309511886220040888e-02	2.967797571492752570e-02	7.834039976733606081e-02
1.220569424905228061e+03	2.456662190296056147e-01	1.592468850154455939e-01	2.587235358837882138e-01	1.551443895331750533e-01	7.312579124044739365e-02	2.969725339650064813e-02	7.839592590081802259e-02
1.222020755969324682e+03	2.454689061946332962e-01	1.591195544391089955e-01	2.588607333174001157e-01	1.552265205247274349e-01	7.315640662243573511e-02	2.971650647605771772e-02	7.845137242541722067e-02
1.223472087033421303e+03	2.452719314651245208e-01	1.589924336054381604e-01	2.589976847768997170e-01	1.553085106211345434e-01	7.318696512131366017e-02	2.973573498009094915e-02	7.850673942977900999e-02
1.224923418097517697e+03	2.450752942650381572e-01	1.588655221626787684e-01	2.591343907205491126e-01	1.553903600638860960e-01	7.321746685000038446e-02	2.975493893508110096e-02	7.856202700254695526e-02
1.226374749161614318e+03	2.448789940193085157e-01	1.587388197596807382e-01	2.592708516056849155e-01	1.554720690940598615e-01	7.324791192118663974e-02	2.977411836749741664e-02	7.861723523236245625e-02
1.227826080225710712e+03	2.446830301538436558e-01	1.586123260458972284e-01	2.594070678887204773e-01	1.555536379523223267e-01	7.327830044733511794e-02	2.979327330379756208e-02	7.867236420786417883e-02
1.229277411289807560e+03	2.444874020955237204e-01	1.584860406713833880e-01	2.595430400251478864e-01	1.556350668789294733e-01	7.330863254068091528e-02	2.981240377042757711e-02	7.872741401768763858e-02
1.230728742353903954e+03	2.442921092721992427e-01	1.583599632867954687e-01	2.596787684695400777e-01	1.557163561137273333e-01	7.333890831323201798e-02	2.983150979382182336e-02	7.878238475046461797e-02
1.232180073418000802e+03	2.440971511126898419e-01	1.582340935433895479e-01	2.598142536755528309e-01	1.557975058961528214e-01	7.336912787676976022e-02	2.985059140040293227e-02	7.883727649482283328e-02
1.233631404482097196e+03	2.439025270467822248e-01	1.581084310930206405e-01	2.599494960959268797e-01	1.558785164652343735e-01	7.339929134284933765e-02	2.986964861658173570e-02	7.889208933938532398e-02
1.235082735546193817e+03	2.437082365052287425e-01	1.579829755881415887e-01	2.600844961824901325e-01	1.559593880595926407e-01	7.342939882280016817e-02	2.988868146875723469e-02	7.894682337277006412e-02
1.236534066610290438e+03	2.435142789197457525e-01	1.578577266818018410e-01	2.602192543861593377e-01	1.560401209174411552e-01	7.345945042772647482e-02	2.990768998331652315e-02	7.900147868358943504e-02
1.237985397674387059e+03	2.433206537230120925e-01	1.577326840276466191e-01	2.603537711569425817e-01	1.561207152765870798e-01	7.348944626850763273e-02	2.992667418663475312e-02	7.905605536044979509e-02
1.239436728738483680e+03	2.431273603486673041e-01	1.576078472799156416e-01	2.604880469439409540e-01	1.562011713744318464e-01	7.351938645579869647e-02	2.994563410507507933e-02	7.911055349195102171e-02
1.240888059802580301e+03	2.429343982313100780e-01	1.574832160934421799e-01	2.606220821953508793e-01	1.562814894479718497e-01	7.354927110003087187e-02	2.996456976498858976e-02	7.916497316668601181e-02
1.242339390866676695e+03	2.427417668064967282e-01	1.573587901236520037e-01	2.607558773584660594e-01	1.563616697337991968e-01	7.357910031141189078e-02	2.998348119271427442e-02	7.921931447324022380e-02
1.243790721930773088e+03	2.425494655107394981e-01	1.572345690265622431e-01	2.608894328796794726e-01	1.564417124681022897e-01	7.360887419992657998e-02	3.000236841457896292e-02	7.927357750019123350e-02
1.245242052994869937e+03	2.423574937815050068e-01	1.571105524587804447e-01	2.610227492044854269e-01	1.565216178866665753e-01	7.363859287533723597e-02	3.002123145689727240e-02	7.932776233610829009e-02
1.246693384058966330e+03	2.421658510572126943e-01	1.569867400775033783e-01	2.611558267774813924e-01	1.566013862248752109e-01	7.366825644718411059e-02	3.004007034597155554e-02	7.938186906955183031e-02
1.248144715123063179e+03	2.419745367772330735e-01	1.568631315405160931e-01	2.612886660423703877e-01	1.566810177177098418e-01	7.369786502478585521e-02	3.005888510809185538e-02	7.943589778907306220e-02
1.249596046187159800e+03	2.417835503818862863e-01	1.567397265061908351e-01	2.614212674419627014e-01	1.567605125997510451e-01	7.372741871723997864e-02	3.007767576953584987e-02	7.948984858321346547e-02
1.251047377251256421e+03	2.415928913124404109e-01	1.566165246334859373e-01	2.615536314181780564e-01	1.568398711051792738e-01	7.375691763342330509e-02	3.009644235656880329e-02	7.954372154050437516e-02
1.252498708315352815e+03	2.414025590111099906e-01	1.564935255819449311e-01	2.616857584120474423e-01	1.569190934677753280e-01	7.378636188199241830e-02	3.011518489544350377e-02	7.959751674946655142e-02
1.253950039379449436e+03	2.412125529210543406e-01	1.563707290116953252e-01	2.618176488637152244e-01	1.569981799209212159e-01	7.381575157138413334e-02	3.013390341240023557e-02	7.965123429860972160e-02
1.255401370443546057e+03	2.410228724863759664e-01	1.562481345834476343e-01	2.619493032124410314e-01	1.570771306976007087e-01	7.384508680981589912e-02	3.015259793366670618e-02	7.970487427643213607e-02
1.256852701507642678e+03	2.408335171521191198e-01	1.561257419584943795e-01	2.620807218966020868e-01	1.571559460304000622e-01	7.387436770528628405e-02	3.017126848545801168e-02	7.975843677142011034e-02
1.258304032571739299e+03	2.406444863642680509e-01	1.560035507987090342e-01	2.622119053536947075e-01	1.572346261515085997e-01	7.390359436557546180e-02	3.018991509397657771e-02	7.981192187204762256e-02
1.259755363635835920e+03	2.404557795697455091e-01	1.558815607665448577e-01	2.623428540203365245e-01	1.573131712927195447e-01	7.393276689824555825e-02	3.020853778541211440e-02	7.986532966677586942e-02
1.261206694699932314e+03	2.402673962164112165e-01	1.557597715250341186e-01	2.624735683322685365e-01	1.573915816854305760e-01	7.396188541064116495e-02	3.022713658594156777e-02	7.991866024405283597e-02
1.262658025764028707e+03	2.400793357530601468e-01	1.556381827377867622e-01	2.626040487243568311e-01	1.574698575606445217e-01	7.399095000988978321e-02	3.024571152172907465e-02	7.997191369231287927e-02
1.264109356828125556e+03	2.398915976294211660e-01	1.555167940689896333e-01	2.627342956305946942e-01	1.575479991489700804e-01	7.401996080290225433e-02	3.026426261892590022e-02	8.002509009997624267e-02
1.265560687892221949e+03	2.397041812961553109e-01	1.553956051834053387e-01	2.628643094841045524e-01	1.576260066806224047e-01	7.404891789637320365e-02	3.028278990367040333e-02	8.007818955544869499e-02
1.267012018956318798e+03	2.395170862048543459e-01	1.552746157463711363e-01	2.629940907171399722e-01	1.577038803854238780e-01	7.407782139678148470e-02	3.030129340208798094e-02	8.013121214712108642e-02
1.268463350020415419e+03	2.393303118080390146e-01	1.551538254237981029e-01	2.631236397610874911e-01	1.577816204928046140e-01	7.410667141039062322e-02	3.031977314029102658e-02	8.018415796336894608e-02
1.269914681084511813e+03	2.391438575591577076e-01	1.550332338821699685e-01	2.632529570464687274e-01	1.578592272318033451e-01	7.413546804324924744e-02	3.033822914437888166e-02	8.023702709255199628e-02
1.271366012148608434e+03	2.389577229125847135e-01	1.549128407885420611e-01	2.633820430029419901e-01	1.579367008310678944e-01	7.416421140119155986e-02	3.035666144043777312e-02	8.028981962301386111e-02
1.272817343212705055e+03	2.387719073236188316e-01	1.547926458105404468e-01	2.635108980593045547e-01	1.580140415188559244e-01	7.419290158983772587e-02	3.037507005454078562e-02	8.034253564308151130e-02
1.274268674276801676e+03	2.385864102484817617e-01	1.546726486163608749e-01	2.636395226434944949e-01	1.580912495230355763e-01	7.422153871459434560e-02	3.039345501274780606e-02	8.039517524106494506e-02
1.275720005340898297e+03	2.384012311443164389e-01	1.545528488747675844e-01	2.637679171825924596e-01	1.581683250710861355e-01	7.425012288065487021e-02	3.041181634110548190e-02	8.044773850525675785e-02
1.277171336404994690e+03	2.382163694691857014e-01	1.544332462550924989e-01	2.638960821028238368e-01	1.582452683900987256e-01	7.427865419300007377e-02	3.043015406564716224e-02	8.050022552393172603e-02
1.278622667469091539e+03	2.380318246820706252e-01	1.543138404272341446e-01	2.640240178295603646e-01	1.583220797067769192e-01	7.430713275639845572e-02	3.044846821239286308e-02	8.055263638534640447e-02
1.280073998533187932e+03	2.378475962428689139e-01	1.541946310616565397e-01	2.641517247873222951e-01	1.583987592474374595e-01	7.433555867540669881e-02	3.046675880734921529e-02	8.060497117773872400e-02
1.281525329597284326e+03	2.376636836123935392e-01	1.540756178293883616e-01	2.642792033997800050e-01	1.584753072380107874e-01	7.436393205437007159e-02	3.048502587650942994e-02	8.065722998932760290e-02
1.282976660661381175e+03	2.374800862523711309e-01	1.539568004020218650e-01	2.644064540897563265e-01	1.585517239040418747e-01	7.439225299742287245e-02	3.050326944585322886e-02	8.070941290831251669e-02
1.284427991725477568e+03	2.372968036254402835e-01	1.538381784517118822e-01	2.645334772792281020e-01	1.586280094706906674e-01	7.442052160848888764e-02	3.052148954134683081e-02	8.076152002287315113e-02
1.285879322789574417e+03	2.371138351951503909e-01	1.537197516511747408e-01	2.646602733893280712e-01	1.587041641627330024e-01	7.444873799128179370e-02	3.053968618894288209e-02	8.081355142116895818e-02
1.287330653853671038e+03	2.369311804259597865e-01	1.536015196736873756e-01	2.647868428403469809e-01	1.587801882045609680e-01	7.447690224930557379e-02	3.055785941458041485e-02	8.086550719133878129e-02
1.288781984917767431e+03	2.367488387832342722e-01	1.534834821930863014e-01	2.649131860517351389e-01	1.588560818201837921e-01	7.450501448585500341e-02	3.057600924418481594e-02	8.091738742150048069e-02
1.290233315981864052e+03	2.365668097332457587e-01	1.533656388837666140e-01	2.650393034421046901e-01	1.589318452332283971e-01	7.453307480401602514e-02	3.059413570366776441e-02	8.096919219975054482e-02
