1.001418434226643626e+03	2.796622659624483642e-01	1.811477588253749271e-01	2.348921257949366237e-01	1.409902470250505302e-01	6.776379429794933407e-02	2.648642459503717031e-02	6.905738349898496442e-02
1.002869765290740247e+03	2.794064673433900303e-01	1.809846275476404975e-01	2.350723628522992936e-01	1.410967335630393393e-01	6.780421975992227679e-02	2.650974573716095850e-02	6.912584319632951446e-02
1.004321096354836754e+03	2.791511068178040289e-01	1.808217658082491297e-01	2.352522731984842408e-01	1.412030373616745826e-01	6.784456789018664113e-02	2.653303887729565810e-02	6.919421004608759806e-02
1.005772427418933376e+03	2.788961836393735183e-01	1.806591731528101596e-01	2.354318574560154975e-01	1.413091587403493832e-01	6.788483884753222786e-02	2.655630403765772002e-02	6.926248412604328608e-02
1.007223758483029997e+03	2.786416970630459233e-01	1.804968491277213483e-01	2.356111162461053676e-01	1.414150980178880967e-01	6.792503279041160746e-02	2.657954124048763841e-02	6.933066551412170320e-02
1.008675089547126618e+03	2.783876463450308258e-01	1.803347932801675213e-01	2.357900501886575351e-01	1.415208555125474221e-01	6.796514987694071697e-02	2.660275050804977379e-02	6.939875428838786220e-02
1.010126420611223239e+03	2.781340307427979108e-01	1.801730051581189873e-01	2.359686599022701725e-01	1.416264315420173725e-01	6.800519026489972030e-02	2.662593186263215866e-02	6.946675052704538722e-02
1.011577751675319632e+03	2.778808495150745239e-01	1.800114843103302331e-01	2.361469460042391333e-01	1.417318264234223302e-01	6.804515411173368833e-02	2.664908532654629639e-02	6.953465430843544515e-02
1.013029082739416367e+03	2.776281019218442281e-01	1.798502302863383973e-01	2.363249091105611710e-01	1.418370404733221291e-01	6.808504157455333439e-02	2.667221092212699110e-02	6.960246571103542723e-02
1.014480413803512761e+03	2.773757872243441391e-01	1.796892426364619377e-01	2.365025498359368539e-01	1.419420740077130261e-01	6.812485281013572203e-02	2.669530867173213265e-02	6.967018481345790826e-02
1.015931744867609382e+03	2.771239046850629273e-01	1.795285209117990777e-01	2.366798687937738122e-01	1.420469273420288669e-01	6.816458797492504218e-02	2.671837859774252658e-02	6.973781169444941141e-02
1.017383075931706003e+03	2.768724535677389298e-01	1.793680646642265564e-01	2.368568665961899022e-01	1.421516007911419743e-01	6.820424722503329318e-02	2.674142072256169636e-02	6.980534643288929808e-02
1.018834406995802851e+03	2.766214331373579305e-01	1.792078734463980194e-01	2.370335438540161765e-01	1.422560946693642026e-01	6.824383071624103014e-02	2.676443506861570301e-02	6.987278910778853269e-02
1.020285738059899245e+03	2.763708426601510504e-01	1.790479468117427420e-01	2.372099011768000476e-01	1.423604092904481311e-01	6.828333860399808664e-02	2.678742165835295078e-02	6.994013979828861416e-02
1.021737069123995752e+03	2.761206814035925272e-01	1.788882843144641299e-01	2.373859391728083690e-01	1.424645449675878695e-01	6.832277104342431018e-02	2.681038051424400326e-02	7.000739858366038237e-02
1.023188400188092373e+03	2.758709486363979391e-01	1.787288855095383600e-01	2.375616584490304883e-01	1.425685020134201675e-01	6.836212818931022839e-02	2.683331165878139954e-02	7.007456554330289411e-02
1.024639731252188767e+03	2.756216436285219840e-01	1.785697499527129917e-01	2.377370596111812728e-01	1.426722807400255533e-01	6.840141019611784001e-02	2.685621511447945989e-02	7.014164075674228505e-02
1.026091062316285615e+03	2.753727656511563704e-01	1.784108772005054688e-01	2.379121432637043010e-01	1.427758814589291936e-01	6.844061721798126718e-02	2.687909090387412270e-02	7.020862430363064566e-02
1.027542393380382237e+03	2.751243139767276524e-01	1.782522668102017593e-01	2.380869100097747215e-01	1.428793044811020041e-01	6.847974940870750482e-02	2.690193904952274326e-02	7.027551626374488325e-02
1.028993724444478858e+03	2.748762878788953978e-01	1.780939183398550230e-01	2.382613604513024730e-01	1.429825501169615931e-01	6.851880692177714227e-02	2.692475957400390640e-02	7.034231671698563948e-02
1.030445055508575479e+03	2.746286866325499121e-01	1.779358313482840848e-01	2.384354951889352536e-01	1.430856186763734550e-01	6.855778991034501557e-02	2.694755249991725998e-02	7.040902574337611075e-02
1.031896386572671872e+03	2.743815095138103510e-01	1.777780053950721584e-01	2.386093148220614357e-01	1.431885104686517474e-01	6.859669852724099848e-02	2.697031784988332750e-02	7.047564342306100738e-02
1.033347717636768493e+03	2.741347558000225559e-01	1.776204400405653749e-01	2.387828199488132297e-01	1.432912258025604568e-01	6.863553292497066860e-02	2.699305564654332079e-02	7.054216983630540172e-02
1.034799048700865114e+03	2.738884247697568886e-01	1.774631348458713953e-01	2.389560111660696262e-01	1.433937649863143982e-01	6.867429325571602905e-02	2.701576591255896997e-02	7.060860506349367349e-02
1.036250379764961508e+03	2.736425157028063992e-01	1.773060893728581056e-01	2.391288890694593661e-01	1.434961283275801580e-01	6.871297967133620233e-02	2.703844867061232574e-02	7.067494918512835789e-02
1.037701710829058356e+03	2.733970278801847176e-01	1.771493031841521182e-01	2.393014542533640210e-01	1.435983161334771496e-01	6.875159232336811033e-02	2.706110394340560665e-02	7.074120228182909087e-02
1.039153041893154750e+03	2.731519605841239984e-01	1.769927758431375509e-01	2.394737073109208525e-01	1.437003287105786120e-01	6.879013136302723763e-02	2.708373175366100491e-02	7.080736443433155447e-02
1.040604372957251599e+03	2.729073130980725903e-01	1.768365069139544721e-01	2.396456488340259205e-01	1.438021663649126092e-01	6.882859694120828375e-02	2.710633212412050588e-02	7.087343572348635268e-02
1.042055704021347992e+03	2.726630847066935925e-01	1.766804959614975412e-01	2.398172794133369978e-01	1.439038294019630571e-01	6.886698920848585703e-02	2.712890507754571814e-02	7.093941623025794285e-02
1.043507035085444613e+03	2.724192746958622457e-01	1.765247425514148427e-01	2.399885996382764008e-01	1.440053181266706395e-01	6.890530831511523790e-02	2.715145063671769651e-02	7.100530603572358102e-02
1.044958366149541234e+03	2.721758823526643223e-01	1.763692462501062486e-01	2.401596100970341541e-01	1.441066328434339461e-01	6.894355441103300342e-02	2.717396882443675471e-02	7.107110522107223938e-02
1.046409697213637855e+03	2.719329069653937392e-01	1.762140066247221970e-01	2.403303113765707377e-01	1.442077738561103328e-01	6.898172764585773498e-02	2.719645966352231617e-02	7.113681386760356551e-02
1.047861028277734476e+03	2.716903478235508373e-01	1.760590232431622770e-01	2.405007040626201964e-01	1.443087414680170044e-01	6.901982816889074002e-02	2.721892317681271628e-02	7.120243205672682762e-02
1.049312359341831097e+03	2.714482042178401611e-01	1.759042956740739239e-01	2.406707887396929146e-01	1.444095359819319302e-01	6.905785612911674587e-02	2.724135938716503932e-02	7.126795986995985988e-02
1.050763690405927491e+03	2.712064754401685152e-01	1.757498234868510034e-01	2.408405659910786145e-01	1.445101577000948989e-01	6.909581167520452427e-02	2.726376831745493459e-02	7.133339738892800763e-02
1.052215021470024112e+03	2.709651607836430776e-01	1.755956062516325078e-01	2.410100363988492145e-01	1.446106069242084624e-01	6.913369495550765464e-02	2.728614999057645679e-02	7.139874469536312829e-02
1.053666352534120733e+03	2.707242595425690124e-01	1.754416435393011120e-01	2.411792005438618824e-01	1.447108839554389625e-01	6.917150611806519023e-02	2.730850442944188564e-02	7.146400187110248103e-02
1.055117683598217127e+03	2.704837710124478045e-01	1.752879349214819249e-01	2.413480590057616726e-01	1.448109890944174749e-01	6.920924531060232421e-02	2.733083165698156278e-02	7.152916899808774154e-02
1.056569014662313975e+03	2.702436944899751503e-01	1.751344799705410460e-01	2.415166123629845785e-01	1.449109226412408358e-01	6.924691268053109749e-02	2.735313169614372181e-02	7.159424615836398886e-02
1.058020345726410369e+03	2.700040292730390146e-01	1.749812782595842886e-01	2.416848611927604473e-01	1.450106848954725580e-01	6.928450837495106485e-02	2.737540456989429744e-02	7.165923343407869239e-02
1.059471676790506763e+03	2.697647746607175212e-01	1.748283293624558754e-01	2.418528060711157279e-01	1.451102761561438581e-01	6.932203254064996101e-02	2.739765030121677630e-02	7.172413090748065712e-02
1.060923007854603611e+03	2.695259299532770103e-01	1.746756328537368841e-01	2.420204475728763849e-01	1.452096967217546830e-01	6.935948532410442235e-02	2.741986891311202351e-02	7.178893866091899667e-02
1.062374338918700232e+03	2.692874944521698732e-01	1.745231883087441926e-01	2.421877862716707575e-01	1.453089468902745429e-01	6.939686687148061139e-02	2.744206042859812303e-02	7.185365677684220354e-02
1.063825669982796853e+03	2.690494674600330538e-01	1.743709953035289251e-01	2.423548227399324462e-01	1.454080269591435937e-01	6.943417732863498004e-02	2.746422487071019380e-02	7.191828533779708044e-02
1.065277001046893474e+03	2.688118482806854947e-01	1.742190534148752856e-01	2.425215575489030329e-01	1.455069372252735804e-01	6.947141684111483861e-02	2.748636226250023018e-02	7.198282442642776890e-02
1.066728332110990095e+03	2.685746362191264724e-01	1.740673622202991155e-01	2.426879912686350782e-01	1.456056779850487815e-01	6.950858555415907747e-02	2.750847262703694229e-02	7.204727412547473619e-02
1.068179663175086489e+03	2.683378305815334874e-01	1.739159212980465608e-01	2.428541244679947309e-01	1.457042495343270350e-01	6.954568361269887478e-02	2.753055598740557566e-02	7.211163451777383160e-02
1.069630994239183110e+03	2.681014306752605991e-01	1.737647302270928229e-01	2.430199577146648082e-01	1.458026521684406274e-01	6.958271116135829326e-02	2.755261236670776895e-02	7.217590568625523173e-02
1.071082325303279504e+03	2.678654358088357612e-01	1.736137885871407716e-01	2.431854915751473500e-01	1.459008861821972924e-01	6.961966834445500185e-02	2.757464178806136312e-02	7.224008771394256623e-02
1.072533656367376352e+03	2.676298452919596560e-01	1.734630959586196675e-01	2.433507266147665604e-01	1.459989518698812105e-01	6.965655530600091405e-02	2.759664427460025576e-02	7.230418068395180753e-02
1.073984987431472746e+03	2.673946584355031408e-01	1.733126519226838302e-01	2.435156633976715557e-01	1.460968495252539245e-01	6.969337218970289571e-02	2.761861984947422757e-02	7.236818467949042433e-02
1.075436318495569594e+03	2.671598745515056383e-01	1.731624560612112784e-01	2.436803024868392231e-01	1.461945794415553113e-01	6.973011913896337566e-02	2.764056853584878626e-02	7.243209978385634074e-02
1.076887649559666215e+03	2.669254929531729714e-01	1.730125079568024804e-01	2.438446444440769134e-01	1.462921419115044697e-01	6.976679629688106732e-02	2.766249035690501387e-02	7.249592608043699260e-02
1.078338980623762609e+03	2.666915129548754759e-01	1.728628071927790499e-01	2.440086898300251883e-01	1.463895372273008311e-01	6.980340380625155161e-02	2.768438533583938294e-02	7.255966365270841156e-02
1.079790311687859230e+03	2.664579338721460022e-01	1.727133533531823306e-01	2.441724392041606795e-01	1.464867656806249641e-01	6.983994180956799858e-02	2.770625349586361419e-02	7.262331258423421199e-02
1.081241642751955851e+03	2.662247550216781944e-01	1.725641460227723134e-01	2.443358931247987809e-01	1.465838275626395459e-01	6.987641044902180576e-02	2.772809486020450659e-02	7.268687295866467502e-02
1.082692973816052472e+03	2.659919757213241032e-01	1.724151847870260545e-01	2.444990521490963964e-01	1.466807231639904174e-01	6.991280986650326434e-02	2.774990945210378118e-02	7.275034485973580489e-02
1.084144304880149093e+03	2.657595952900926872e-01	1.722664692321365654e-01	2.446619168330546323e-01	1.467774527748073599e-01	6.994914020360221141e-02	2.777169729481792498e-02	7.281372837126837139e-02
1.085595635944245487e+03	2.655276130481475927e-01	1.721179989450115078e-01	2.448244877315217394e-01	1.468740166847052331e-01	6.998540160160869605e-02	2.779345841161802444e-02	7.287702357716700774e-02
1.087046967008342108e+03	2.652960283168052658e-01	1.719697735132717509e-01	2.449867653981955273e-01	1.469704151827847527e-01	7.002159420151357616e-02	2.781519282578961971e-02	7.294023056141925310e-02
1.088498298072438729e+03	2.650648404185331208e-01	1.718217925252502887e-01	2.451487503856264183e-01	1.470666485576335170e-01	7.005771814400924002e-02	2.783690056063253815e-02	7.300334940809463657e-02
1.089949629136535123e+03	2.648340486769474866e-01	1.716740555699908244e-01	2.453104432452198336e-01	1.471627170973269227e-01	7.009377356949018922e-02	2.785858163946074509e-02	7.306638020134374745e-02
1.091400960200631971e+03	2.646036524168117743e-01	1.715265622372464660e-01	2.454718445272390248e-01	1.472586210894291092e-01	7.012976061805377415e-02	2.788023608560217734e-02	7.312932302539734697e-02
1.092852291264728365e+03	2.643736509640345345e-01	1.713793121174785328e-01	2.456329547808079050e-01	1.473543608209938460e-01	7.016567942950077685e-02	2.790186392239859051e-02	7.319217796456542469e-02
1.094303622328825213e+03	2.641440436456674590e-01	1.712323048018551674e-01	2.457937745539135743e-01	1.474499365785655880e-01	7.020153014333603558e-02	2.792346517320542024e-02	7.325494510323629638e-02
1.095754953392921607e+03	2.639148297899036044e-01	1.710855398822501705e-01	2.459543043934090123e-01	1.475453486481803078e-01	7.023731289876916639e-02	2.794503986139160873e-02	7.331762452587570200e-02
1.097206284457018228e+03	2.636860087260752272e-01	1.709390169512416680e-01	2.461145448450157702e-01	1.476405973153664120e-01	7.027302783471513214e-02	2.796658801033946248e-02	7.338021631702591752e-02
1.098657615521114849e+03	2.634575797846520073e-01	1.707927356021107512e-01	2.462744964533267744e-01	1.477356828651457399e-01	7.030867508979492253e-02	2.798810964344448926e-02	7.344272056130482507e-02
1.100108946585211470e+03	2.632295422972393828e-01	1.706466954288403670e-01	2.464341597618087409e-01	1.478306055820344245e-01	7.034425480233617856e-02	2.800960478411525234e-02	7.350513734340508032e-02
1.101560277649308091e+03	2.630018955965763294e-01	1.705008960261139572e-01	2.465935353128049790e-01	1.479253657500438635e-01	7.037976711037384481e-02	2.803107345577322135e-02	7.356746674809315489e-02
1.103011608713404712e+03	2.627746390165334733e-01	1.703553369893142100e-01	2.467526236475380275e-01	1.480199636526816631e-01	7.041521215165079395e-02	2.805251568185260919e-02	7.362970886020848982e-02
1.104462939777501106e+03	2.625477718921113701e-01	1.702100179145217829e-01	2.469114253061122644e-01	1.481143995729524709e-01	7.045059006361846510e-02	2.807393148580024020e-02	7.369186376466266286e-02
1.105914270841597499e+03	2.623212935594383954e-01	1.700649383985140539e-01	2.470699408275165709e-01	1.482086737933589748e-01	7.048590098343750221e-02	2.809532089107538710e-02	7.375393154643840321e-02
1.107365601905694348e+03	2.620952033557690242e-01	1.699200980387638449e-01	2.472281707496268854e-01	1.483027865959027358e-01	7.052114504797839245e-02	2.811668392114961834e-02	7.381591229058881432e-02
1.108816932969790741e+03	2.618695006194817765e-01	1.697754964334381445e-01	2.473861156092088676e-01	1.483967382620852427e-01	7.055632239382204907e-02	2.813802059950665929e-02	7.387780608223649959e-02
1.110268264033887590e+03	2.616441846900776080e-01	1.696311331813969980e-01	2.475437759419205075e-01	1.484905290729087446e-01	7.059143315726053303e-02	2.815933094964223615e-02	7.393961300657261870e-02
1.111719595097984211e+03	2.614192549081777450e-01	1.694870078821920367e-01	2.477011522823147627e-01	1.485841593088770562e-01	7.062647747429759426e-02	2.818061499506393716e-02	7.400133314885613822e-02
1.113170926162080832e+03	2.611947106155218523e-01	1.693431201360653671e-01	2.478582451638420558e-01	1.486776292499967234e-01	7.066145548064931003e-02	2.820187275929104953e-02	7.406296659441290176e-02
1.114622257226177226e+03	2.609705511549662571e-01	1.691994695439483498e-01	2.480150551188529673e-01	1.487709391757776611e-01	7.069636731174479272e-02	2.822310426585442761e-02	7.412451342863481119e-02
1.116073588290273847e+03	2.607467758704820060e-01	1.690560557074601844e-01	2.481715826786007328e-01	1.488640893652342367e-01	7.073121310272671713e-02	2.824430953829634716e-02	7.418597373697895236e-02
1.117524919354370468e+03	2.605233841071530332e-01	1.689128782289069097e-01	2.483278283732439085e-01	1.489570800968861297e-01	7.076599298845197283e-02	2.826548860017034231e-02	7.424734760496681796e-02
1.118976250418467089e+03	2.603003752111742730e-01	1.687699367112799609e-01	2.484837927318487572e-01	1.490499116487592479e-01	7.080070710349231633e-02	2.828664147504107718e-02	7.430863511818339151e-02
1.120427581482563710e+03	2.600777485298497171e-01	1.686272307582550312e-01	2.486394762823921356e-01	1.491425842983865047e-01	7.083535558213494010e-02	2.830776818648420012e-02	7.436983636227637029e-02
1.121878912546660331e+03	2.598555034115908047e-01	1.684847599741907953e-01	2.487948795517637146e-01	1.492350983228089567e-01	7.086993855838315259e-02	2.832886875808619809e-02	7.443095142295529099e-02
1.123330243610756725e+03	2.596336392059141462e-01	1.683425239641276883e-01	2.489500030657686436e-01	1.493274539985764704e-01	7.090445616595693334e-02	2.834994321344424389e-02	7.449198038599072480e-02
1.124781574674853118e+03	2.594121552634400252e-01	1.682005223337867394e-01	2.491048473491302151e-01	1.494196516017487486e-01	7.093890853829357135e-02	2.837099157616606443e-02	7.455292333721348641e-02
1.126232905738949967e+03	2.591910509358902881e-01	1.680587546895682127e-01	2.492594129254922242e-01	1.495116914078962467e-01	7.097329580854831732e-02	2.839201386986979839e-02	7.461378036251373191e-02
1.127684236803046360e+03	2.589703255760868461e-01	1.679172206385504684e-01	2.494137003174215772e-01	1.496035736921008941e-01	7.100761810959491105e-02	2.841301011818384015e-02	7.467455154784023719e-02
1.129135567867143209e+03	2.587499785379493988e-01	1.677759197884888254e-01	2.495677100464107345e-01	1.496952987289572323e-01	7.104187557402630304e-02	2.843398034474672528e-02	7.473523697919953745e-02
1.130586898931239830e+03	2.585300091764939356e-01	1.676348517478141453e-01	2.497214426328803472e-01	1.497868667925730812e-01	7.107606833415516800e-02	2.845492457320695709e-02	7.479583674265512239e-02
1.132038229995336451e+03	2.583104168478306262e-01	1.674940161256317228e-01	2.498748985961816438e-01	1.498782781565705657e-01	7.111019652201458485e-02	2.847584282722289903e-02	7.485635092432664506e-02
1.133489561059432845e+03	2.580912009091622661e-01	1.673534125317200638e-01	2.500280784545990675e-01	1.499695330940869487e-01	7.114426026935859182e-02	2.849673513046260820e-02	7.491677961038911704e-02
1.134940892123529466e+03	2.578723607187821676e-01	1.672130405765296923e-01	2.501809827253526075e-01	1.500606318777754911e-01	7.117825970766282484e-02	2.851760150660371043e-02	7.497712288707213124e-02
1.136392223187626087e+03	2.576538956360723831e-01	1.670728998711819013e-01	2.503336119246004077e-01	1.501515747798064515e-01	7.121219496812510041e-02	2.853844197933326152e-02	7.503738084065904312e-02
1.137843554251722708e+03	2.574358050215020954e-01	1.669329900274675593e-01	2.504859665674412095e-01	1.502423620718678632e-01	7.124606618166602623e-02	2.855925657234761189e-02	7.509755355748617967e-02
1.139294885315819101e+03	2.572180882366255084e-01	1.667933106578459168e-01	2.506380471679167110e-01	1.503329940251663388e-01	7.127987347892963954e-02	2.858004530935225052e-02	7.515764112394207608e-02
1.140746216379915950e+03	2.570007446440802368e-01	1.666538613754433573e-01	2.507898542390142871e-01	1.504234709104281809e-01	7.131361699028393453e-02	2.860080821406169385e-02	7.521764362646669866e-02
1.142197547444012343e+03	2.567837736075853639e-01	1.665146417940522594e-01	2.509413882926692652e-01	1.505137929978999922e-01	7.134729684582154230e-02	2.862154531019932974e-02	7.527756115155065375e-02
1.143648878508108737e+03	2.565671744919395536e-01	1.663756515281297754e-01	2.510926498397673123e-01	1.506039605573497864e-01	7.138091317536025826e-02	2.864225662149729942e-02	7.533739378573443835e-02
1.145100209572205586e+03	2.563509466630194411e-01	1.662368901927965548e-01	2.512436393901469889e-01	1.506939738580677091e-01	7.141446610844366660e-02	2.866294217169633798e-02	7.539714161560762129e-02
1.146551540636302207e+03	2.561350894877776896e-01	1.660983574038357169e-01	2.513943574526023017e-01	1.507838331688669820e-01	7.144795577434179257e-02	2.868360198454566329e-02	7.545680472780814940e-02
1.148002871700398828e+03	2.559196023342412696e-01	1.659600527776914636e-01	2.515448045348848694e-01	1.508735387580846798e-01	7.148138230205158816e-02	2.870423608380282682e-02	7.551638320902152868e-02
1.149454202764495449e+03	2.557044845715094605e-01	1.658219759314680519e-01	2.516949811437066975e-01	1.509630908935827021e-01	7.151474582029759830e-02	2.872484449323358877e-02	7.557587714598008877e-02
1.150905533828591842e+03	2.554897355697522965e-01	1.656841264829285454e-01	2.518448877847420664e-01	1.510524898427486329e-01	7.154804645753255754e-02	2.874542723661177926e-02	7.563528662546223358e-02
1.152356864892688463e+03	2.552753547002085677e-01	1.655465040504935925e-01	2.519945249626306949e-01	1.511417358724965188e-01	7.158128434193793133e-02	2.876598433771916652e-02	7.569461173429166412e-02
1.153808195956785084e+03	2.550613413351840997e-01	1.654091082532402612e-01	2.521438931809793504e-01	1.512308292492678119e-01	7.161445960142454048e-02	2.878651582034532849e-02	7.575385255933665685e-02
1.155259527020881706e+03	2.548476948480500326e-01	1.652719387109009563e-01	2.522929929423647910e-01	1.513197702390321753e-01	7.164757236363314408e-02	2.880702170828751407e-02	7.581300918750932816e-02
1.156710858084978327e+03	2.546344146132409891e-01	1.651349950438620595e-01	2.524418247483360411e-01	1.514085591072884263e-01	7.168062275593502231e-02	2.882750202535052514e-02	7.587208170576488497e-02
1.158162189149074720e+03	2.544215000062531318e-01	1.649982768731629301e-01	2.525903890994166123e-01	1.514971961190652583e-01	7.171361090543257322e-02	2.884795679534657084e-02	7.593107020110087535e-02
1.159613520213171569e+03	2.542089504036425529e-01	1.648617838204945729e-01	2.527386864951071122e-01	1.515856815389222678e-01	7.174653693895985396e-02	2.886838604209514270e-02	7.598997476055646683e-02
1.161064851277267962e+03	2.539967651830234985e-01	1.647255155081986111e-01	2.528867174338872981e-01	1.516740156309506482e-01	7.177940098308320527e-02	2.888878978942288275e-02	7.604879547121173866e-02
1.162516182341364356e+03	2.537849437230664806e-01	1.645894715592660651e-01	2.530344824132189085e-01	1.517621986587741334e-01	7.181220316410183435e-02	2.890916806116347257e-02	7.610753242018690468e-02
1.163967513405461204e+03	2.535734854034966124e-01	1.644536515973361313e-01	2.531819819295477725e-01	1.518502308855498861e-01	7.184494360804836999e-02	2.892952088115746667e-02	7.616618569464163324e-02
1.165418844469557826e+03	2.533623896050916646e-01	1.643180552466950439e-01	2.533292164783059741e-01	1.519381125739691640e-01	7.187762244068947315e-02	2.894984827325221277e-02	7.622475538177432564e-02
1.166870175533654447e+03	2.531516557096805120e-01	1.641826821322749375e-01	2.534761865539144066e-01	1.520258439862584021e-01	7.191023978752635049e-02	2.897015026130168522e-02	7.628324156882140827e-02
1.168321506597751068e+03	2.529412831001411899e-01	1.640475318796527637e-01	2.536228926497853808e-01	1.521134253841799622e-01	7.194279577379543433e-02	2.899042686916636705e-02	7.634164434305658331e-02
1.169772837661847461e+03	2.527312711603993400e-01	1.639126041150489321e-01	2.537693352583244022e-01	1.522008570290328544e-01	7.197529052446884068e-02	2.901067812071313895e-02	7.639996379179013475e-02
1.171224168725944082e+03	2.525216192754261013e-01	1.637778984653263381e-01	2.539155148709329457e-01	1.522881391816537644e-01	7.200772416425502143e-02	2.903090403981514050e-02	7.645820000236830394e-02
1.172675499790040703e+03	2.523123268312366663e-01	1.636434145579890864e-01	2.540614319780105101e-01	1.523752721024178303e-01	7.204009681759934725e-02	2.905110465035164180e-02	7.651635306217242916e-02
1.174126830854137097e+03	2.521033932148885048e-01	1.635091520211814642e-01	2.542070870689571160e-01	1.524622560512394753e-01	7.207240860868457943e-02	2.907127997620792201e-02	7.657442305861841825e-02
1.175578161918233945e+03	2.518948178144793659e-01	1.633751104836866641e-01	2.543524806321755816e-01	1.525490912875732130e-01	7.210465966143156380e-02	2.909143004127515142e-02	7.663241007915592984e-02
1.177029492982330339e+03	2.516866000191457786e-01	1.632412895749257298e-01	2.544976131550736875e-01	1.526357780704145073e-01	7.213685009949970250e-02	2.911155486945025961e-02	7.669031421126774883e-02
1.178480824046426733e+03	2.514787392190611093e-01	1.631076889249563067e-01	2.546424851240667309e-01	1.527223166583006608e-01	7.216898004628757857e-02	2.913165448463580706e-02	7.674813554246907865e-02
1.179932155110523581e+03	2.512712348054341738e-01	1.629743081644717262e-01	2.547870970245795785e-01	1.528087073093115922e-01	7.220104962493349710e-02	2.915172891073988110e-02	7.680587416030684733e-02
1.181383486174620202e+03	2.510640861705069615e-01	1.628411469247995624e-01	2.549314493410489990e-01	1.528949502810706684e-01	7.223305895831606815e-02	2.917177817167595014e-02	7.686353015235905528e-02
1.182834817238716823e+03	2.508572927075533032e-01	1.627082048379006607e-01	2.550755425569261603e-01	1.529810458307455656e-01	7.226500816905474800e-02	2.919180229136276311e-02	7.692110360623406751e-02
1.184286148302813444e+03	2.506508538108769835e-01	1.625754815363680272e-01	2.552193771546786838e-01	1.530669942150490459e-01	7.229689737951039419e-02	2.921180129372420373e-02	7.697859460956996136e-02
1.185737479366910065e+03	2.504447688758100199e-01	1.624429766534256359e-01	2.553629536157929203e-01	1.531527956902398180e-01	7.232872671178586232e-02	2.923177520268919333e-02	7.703600325003387428e-02
1.187188810431006686e+03	2.502390372987109979e-01	1.623106898229272899e-01	2.555062724207761704e-01	1.532384505121233975e-01	7.236049628772654729e-02	2.925172404219155559e-02	7.709332961532125439e-02
1.188640141495103080e+03	2.500336584769631831e-01	1.621786206793555396e-01	2.556493340491593491e-01	1.533239589360528843e-01	7.239220622892093837e-02	2.927164783616989507e-02	7.715057379315533315e-02
1.190091472559199701e+03	2.498286318089730784e-01	1.620467688578205723e-01	2.557921389794987066e-01	1.534093212169297671e-01	7.242385665670118822e-02	2.929154660856749318e-02	7.720773587128632043e-02
1.191542803623296322e+03	2.496239566941684251e-01	1.619151339940589351e-01	2.559346876893782707e-01	1.534945376092047842e-01	7.245544769214364023e-02	2.931142038333217278e-02	7.726481593749086330e-02
1.192994134687392716e+03	2.494196325329965380e-01	1.617837157244326196e-01	2.560769806554121786e-01	1.535796083668787559e-01	7.248697945606939752e-02	2.933126918441618380e-02	7.732181407957129660e-02
1.194445465751489564e+03	2.492156587269227785e-01	1.616525136859278122e-01	2.562190183532468968e-01	1.536645337435033620e-01	7.251845206904490582e-02	2.935109303577608519e-02	7.737873038535508785e-02
1.195896796815585958e+03	2.490120346784285843e-01	1.615215275161537567e-01	2.563608012575633865e-01	1.537493139921819740e-01	7.254986565138248078e-02	2.937089196137263047e-02	7.743556494269411561e-02
1.197348127879682352e+03	2.488087597910099147e-01	1.613907568533417825e-01	2.565023298420793241e-01	1.538339493655704604e-01	7.258122032314082150e-02	2.939066598517064630e-02	7.749231783946404495e-02
1.198799458943779200e+03	2.486058334691755300e-01	1.612602013363440556e-01	2.566436045795510990e-01	1.539184401158779913e-01	7.261251620412563501e-02	2.941041513113892142e-02	7.754898916356370298e-02
1.200250790007875821e+03	2.484032551184452708e-01	1.611298606046324411e-01	2.567846259417765897e-01	1.540027864948678993e-01	7.264375341389013585e-02	2.943013942325007834e-02	7.760557900291445432e-02
1.201702121071972442e+03	2.482010241453482535e-01	1.609997342982975865e-01	2.569253943995969403e-01	1.540869887538585115e-01	7.267493207173560121e-02	2.944983888548046921e-02	7.766208744545949338e-02
1.203153452136069063e+03	2.479991399574213995e-01	1.608698220580476179e-01	2.570659104228987246e-01	1.541710471437237884e-01	7.270605229671192604e-02	2.946951354181005442e-02	7.771851457916330308e-02
1.204604783200165684e+03	2.477976019632075200e-01	1.607401235252070848e-01	2.572061744806163341e-01	1.542549619148942952e-01	7.273711420761817814e-02	2.948916341622228807e-02	7.777486049201100260e-02
1.206056114264262078e+03	2.475964095722537894e-01	1.606106383417159333e-01	2.573461870407341978e-01	1.543387333173579790e-01	7.276811792300309778e-02	2.950878853270401045e-02	7.783112527200763964e-02
1.207507445328358699e+03	2.473955621951098860e-01	1.604813661501283406e-01	2.574859485702887807e-01	1.544223616006609456e-01	7.279906356116569444e-02	2.952838891524531967e-02	7.788730900717771855e-02
1.208958776392455093e+03	2.471950592433264093e-01	1.603523065936116043e-01	2.576254595353707488e-01	1.545058470139082096e-01	7.282995124015576027e-02	2.954796458783947102e-02	7.794341178556443706e-02
1.210410107456551941e+03	2.469949001294532154e-01	1.602234593159450604e-01	2.577647204011273563e-01	1.545891898057646097e-01	7.286078107777438362e-02	2.956751557448275905e-02	7.799943369522917280e-02
1.211861438520648335e+03	2.467950842670376954e-01	1.600948239615190005e-01	2.579037316317645545e-01	1.546723902244555582e-01	7.289155319157453183e-02	2.958704189917440303e-02	7.805537482425080331e-02
1.213312769584745183e+03	2.465956110706230275e-01	1.599664001753335896e-01	2.580424936905489353e-01	1.547554485177678185e-01	7.292226769886159254e-02	2.960654358591643942e-02	7.811123526072513701e-02
1.214764100648841804e+03	2.463964799557467056e-01	1.598381876029977278e-01	2.581810070398100065e-01	1.548383649330502543e-01	7.295292471669388712e-02	2.962602065871360393e-02	7.816701509276430260e-02
1.216215431712937971e+03	2.461976903389386240e-01	1.597101858907279959e-01	2.583192721409425796e-01	1.549211397172147731e-01	7.298352436188319803e-02	2.964547314157322394e-02	7.822271440849613844e-02
1.217666762777034819e+03	2.459992416377195235e-01	1.595823946853476005e-01	2.584572894544084343e-01	1.550037731167369648e-01	7.301406675099531007e-02	2.966490105850510747e-02	7.827833329606358193e-02
1.219118093841131440e+03	2.458011332705993535e-01	1.594548136342852362e-01	2.585950594397388724e-01	1.550862653776570177e-01	7.304455200035056550e-02	2.968430443352142872e-02	7.833387184362408662e-02
1.220569424905228061e+03	2.456033646570755236e-01	1.593274423855740030e-01	2.587325825555366055e-01	1.551686167455803567e-01	7.307498022602434973e-02	2.970368329063662396e-02	7.838933013934901162e-02
1.222020755969324682e+03	2.454059352176313213e-01	1.592002805878503791e-01	2.588698592594780856e-01	1.552508274656786702e-01	7.310535154384770196e-02	2.972303765386728400e-02	7.844470827142305258e-02
1.223472087033421303e+03	2.452088443737342194e-01	1.590733278903530556e-01	2.590068900083153380e-01	1.553328977826904100e-01	7.313566606940775927e-02	2.974236754723203618e-02	7.850000632804365885e-02
1.224923418097517697e+03	2.450120915478341543e-01	1.589465839429219651e-01	2.591436752578783476e-01	1.554148279409217903e-01	7.316592391804832562e-02	2.976167299475143344e-02	7.855522439742043672e-02
1.226374749161614318e+03	2.448156761633619727e-01	1.588200483959971432e-01	2.592802154630771683e-01	1.554966181842474815e-01	7.319612520487037144e-02	2.978095402044786399e-02	7.861036256777452491e-02
1.227826080225710712e+03	2.446195976447277098e-01	1.586937209006176464e-01	2.594165110779035888e-01	1.555782687561113597e-01	7.322627004473261647e-02	2.980021064834542655e-02	7.866542092733806724e-02
1.229277411289807560e+03	2.444238554173190359e-01	1.585676011084205528e-01	2.595525625554339078e-01	1.556597798995274506e-01	7.325635855225200166e-02	2.981944290246982612e-02	7.872039956435365748e-02
1.230728742353903954e+03	2.442284489074994513e-01	1.584416886716397965e-01	2.596883703478304328e-01	1.557411518570805398e-01	7.328639084180421648e-02	2.983865080684827698e-02	7.877529856707371492e-02
1.232180073418000802e+03	2.440333775426067608e-01	1.583159832431051406e-01	2.598239349063439785e-01	1.558223848709269777e-01	7.331636702752428181e-02	2.985783438550937766e-02	7.883011802375991528e-02
1.233631404482097196e+03	2.438386407509514353e-01	1.581904844762411777e-01	2.599592566813156425e-01	1.559034791827954847e-01	7.334628722330696626e-02	2.987699366248302776e-02	7.888485802268263569e-02
1.235082735546193817e+03	2.436442379618149190e-01	1.580651920250662201e-01	2.600943361221789707e-01	1.559844350339880115e-01	7.337615154280741070e-02	2.989612866180029957e-02	7.893951865212044117e-02
1.236534066610290438e+03	2.434501686054480474e-01	1.579401055441912172e-01	2.602291736774622333e-01	1.560652526653803218e-01	7.340596009944157230e-02	2.991523940749335128e-02	7.899410000035941848e-02
1.237985397674387059e+03	2.432564321130693541e-01	1.578152246888187282e-01	2.603637697947903118e-01	1.561459323174229641e-01	7.343571300638675192e-02	2.993432592359531255e-02	7.904860215569270432e-02
1.239436728738483680e+03	2.430630279168634611e-01	1.576905491147417571e-01	2.604981249208866423e-01	1.562264742301419096e-01	7.346541037658217699e-02	2.995338823414018734e-02	7.910302520641991630e-02
1.240888059802580301e+03	2.428699554499794966e-01	1.575660784783429469e-01	2.606322395015754356e-01	1.563068786431393575e-01	7.349505232272943167e-02	2.997242636316272899e-02	7.915736924084655624e-02
1.242339390866676695e+03	2.426772141465293742e-01	1.574418124365932758e-01	2.607661139817838425e-01	1.563871457955945399e-01	7.352463895729303978e-02	2.999144033469837434e-02	7.921163434728348274e-02
1.243790721930773088e+03	2.424848034415862941e-01	1.573177506470511688e-01	2.608997488055435632e-01	1.564672759262643875e-01	7.355417039250092270e-02	3.001043017278310146e-02	7.926582061404638391e-02
1.245242052994869937e+03	2.422927227711830223e-01	1.571938927678613318e-01	2.610331444159934566e-01	1.565472692734844185e-01	7.358364674034492681e-02	3.002939590145335333e-02	7.931992812945522220e-02
1.246693384058966330e+03	2.421009715723103639e-01	1.570702384577538357e-01	2.611663012553810392e-01	1.566271260751694594e-01	7.361306811258137850e-02	3.004833754474592333e-02	7.937395698183367931e-02
1.248144715123063179e+03	2.419095492829154426e-01	1.569467873760429788e-01	2.612992197650648718e-01	1.567068465688143120e-01	7.364243462073154223e-02	3.006725512669786160e-02	7.942790725950861497e-02
1.249596046187159800e+03	2.417184553419001458e-01	1.568235391826261760e-01	2.614319003855164469e-01	1.567864309914946963e-01	7.367174637608213394e-02	3.008614867134636744e-02	7.948177905080956729e-02
1.251047377251256421e+03	2.415276891891195710e-01	1.567004935379831820e-01	2.615643435563221875e-01	1.568658795798678618e-01	7.370100348968583459e-02	3.010501820272868528e-02	7.953557244406816995e-02
1.252498708315352815e+03	2.413372502653802765e-01	1.565776501031747592e-01	2.616965497161855003e-01	1.569451925701733641e-01	7.373020607236184520e-02	3.012386374488201443e-02	7.958928752761765257e-02
1.253950039379449436e+03	2.411471380124388386e-01	1.564550085398418444e-01	2.618285193029287750e-01	1.570243701982339257e-01	7.375935423469628938e-02	3.014268532184340502e-02	7.964292438979232724e-02
1.255401370443546057e+03	2.409573518730001584e-01	1.563325685102043561e-01	2.619602527534953818e-01	1.571034126994560187e-01	7.378844808704282388e-02	3.016148295764965043e-02	7.969648311892700565e-02
1.256852701507642678e+03	2.407678912907158519e-01	1.562103296770603611e-01	2.620917505039516149e-01	1.571823203088308085e-01	7.381748773952306886e-02	3.018025667633720058e-02	7.974996380335654111e-02
1.258304032571739299e+03	2.405787557101826957e-01	1.560882917037847983e-01	2.622230129894886907e-01	1.572610932609347367e-01	7.384647330202714910e-02	3.019900650194205088e-02	7.980336653141525960e-02
1.259755363635835920e+03	2.403899445769410448e-01	1.559664542543286458e-01	2.623540406444249684e-01	1.573397317899303816e-01	7.387540488421416585e-02	3.021773245849965900e-02	7.985669139143648787e-02
1.261206694699932314e+03	2.402014573374732231e-01	1.558448169932178662e-01	2.624848339022075594e-01	1.574182361295671795e-01	7.390428259551275192e-02	3.023643457004483032e-02	7.990993847175199838e-02
1.262658025764028707e+03	2.400132934392018857e-01	1.557233795855522684e-01	2.626153931954144372e-01	1.574966065131821191e-01	7.393310654512148805e-02	3.025511286061162430e-02	7.996310786069150967e-02
1.264109356828125556e+03	2.398254523304885200e-01	1.556021416970046201e-01	2.627457189557566020e-01	1.575748431737006017e-01	7.396187684200945800e-02	3.027376735423327470e-02	8.001619964658221451e-02
1.265560687892221949e+03	2.396379334606318079e-01	1.554811029938195643e-01	2.628758116140798018e-01	1.576529463436370515e-01	7.399059359491673427e-02	3.029239807494206113e-02	8.006921391774821095e-02
1.267012018956318798e+03	2.394507362798660999e-01	1.553602631428126490e-01	2.630056716003665862e-01	1.577309162550957489e-01	7.401925691235484994e-02	3.031100504676924670e-02	8.012215076251004431e-02
1.268463350020415419e+03	2.392638602393597491e-01	1.552396218113692161e-01	2.631352993437382493e-01	1.578087531397715793e-01	7.404786690260733995e-02	3.032958829374495305e-02	8.017501026918416596e-02
1.269914681084511813e+03	2.390773047912136129e-01	1.551191786674434303e-01	2.632646952724567169e-01	1.578864572289506996e-01	7.407642367373018510e-02	3.034814783989808404e-02	8.022779252608248923e-02
1.271366012148608434e+03	2.388910693884594427e-01	1.549989333795573632e-01	2.633938598139266007e-01	1.579640287535113430e-01	7.410492733355233952e-02	3.036668370925622515e-02	8.028049762151187596e-02
1.272817343212705055e+03	2.387051534850583578e-01	1.548788856167997718e-01	2.635227933946970857e-01	1.580414679439245129e-01	7.413337798967618852e-02	3.038519592584554285e-02	8.033312564377360909e-02
1.274268674276801676e+03	2.385195565358992631e-01	1.547590350488254052e-01	2.636514964404639283e-01	1.581187750302547879e-01	7.416177574947807605e-02	3.040368451369069441e-02	8.038567668116292086e-02
1.275720005340898297e+03	2.383342779967971836e-01	1.546393813458536437e-01	2.637799693760711772e-01	1.581959502421609598e-01	7.419012072010876258e-02	3.042214949681473768e-02	8.043815082196852095e-02
1.277171336404994690e+03	2.381493173244919048e-01	1.545199241786677502e-01	2.639082126255133942e-01	1.582729938088968391e-01	7.421841300849393863e-02	3.044059089923903047e-02	8.049054815447209688e-02
1.278622667469091539e+03	2.379646739766462238e-01	1.544006632186137040e-01	2.640362266119374302e-01	1.583499059593119485e-01	7.424665272133468275e-02	3.045900874498315078e-02	8.054286876694785602e-02
1.280073998533187932e+03	2.377803474118444782e-01	1.542815981375993961e-01	2.641640117576440905e-01	1.584266869218522999e-01	7.427483996510796105e-02	3.047740305806477881e-02	8.059511274766199829e-02
1.281525329597284326e+03	2.375963370895909921e-01	1.541627286080934078e-01	2.642915684840904111e-01	1.585033369245610890e-01	7.430297484606712688e-02	3.049577386249962760e-02	8.064728018487225814e-02
1.282976660661381175e+03	2.374126424703085769e-01	1.540440543031242338e-01	2.644188972118916015e-01	1.585798561950793883e-01	7.433105747024236487e-02	3.051412118230133891e-02	8.069937116682747436e-02
1.284427991725477568e+03	2.372292630153368109e-01	1.539255748962790327e-01	2.645459983608224874e-01	1.586562449606469527e-01	7.435908794344121830e-02	3.053244504148140692e-02	8.075138578176703497e-02
1.285879322789574417e+03	2.370461981869306234e-01	1.538072900617028504e-01	2.646728723498198987e-01	1.587325034481028851e-01	7.438706637124906096e-02	3.055074546404907068e-02	8.080332411792048863e-02
1.287330653853671038e+03	2.368634474482587959e-01	1.536891994740975653e-01	2.647995195969843341e-01	1.588086318838864142e-01	7.441499285902952732e-02	3.056902247401122388e-02	8.085518626350700344e-02
1.288781984917767431e+03	2.366810102634023527e-01	1.535713028087208054e-01	2.649259405195817374e-01	1.588846304940375320e-01	7.444286751192506768e-02	3.058727609537233508e-02	8.090697230673497831e-02
1.290233315981864052e+03	2.364988860973530060e-01	1.534535997413851438e-01	2.650521355340456076e-01	1.589604995041977997e-01	7.447069043485737838e-02	3.060550635213434359e-02	8.095868233580150175e-02
