1.001418434226643626e+03	2.796548929789360316e-01	1.811573694475238638e-01	2.349011060980326082e-01	1.409925870988751606e-01	6.775440288557062207e-02	2.648741640954668797e-02	6.905222508129806036e-02
1.003837319333471214e+03	2.792286945185345481e-01	1.808857819018138136e-01	2.352014874221868002e-01	1.411699137242504731e-01	6.782157020090356925e-02	2.652633205517971812e-02	6.916622017691408109e-02
1.006256204440298802e+03	2.788037121513515237e-01	1.806149415453712215e-01	2.355009629015461237e-01	1.413467334577291901e-01	6.788852261727536253e-02	2.656517054964499525e-02	6.927995677686456244e-02
1.008675089547126618e+03	2.783799424245950171e-01	1.803448462812235198e-01	2.357995353990116338e-01	1.415230477943866805e-01	6.795526087837656937e-02	2.660393198601050321e-02	6.939343523617903797e-02
1.011093974653954206e+03	2.779573818952349451e-01	1.800754940184499109e-01	2.360972077674607927e-01	1.416988582247258877e-01	6.802178572521347388e-02	2.664261645761092576e-02	6.950665591108697028e-02
1.013512859760782021e+03	2.775360271299758264e-01	1.798068826721629376e-01	2.363939828497878259e-01	1.418741662346923171e-01	6.808809789611811047e-02	2.668122405804465233e-02	6.961961915900122255e-02
1.015931744867609382e+03	2.771158747052293592e-01	1.795390101634901925e-01	2.366898634789438849e-01	1.420489733056887194e-01	6.815419812675824196e-02	2.671975488117078398e-02	6.973232533850162729e-02
1.018350629974437197e+03	2.766969212070874429e-01	1.792718744195560820e-01	2.369848524779771259e-01	1.422232809145899390e-01	6.822008715014736546e-02	2.675820902110614269e-02	6.984477480931870763e-02
1.020769515081264785e+03	2.762791632312946999e-01	1.790054733734635639e-01	2.372789526600725396e-01	1.423970905337575144e-01	6.828576569665453788e-02	2.679658657222232579e-02	6.995696793231752364e-02
1.023188400188092373e+03	2.758625973832218303e-01	1.787398049642761055e-01	2.375721668285916133e-01	1.425704036310544431e-01	6.835123449401438178e-02	2.683488762914276737e-02	7.006890506948162956e-02
1.025607285294920075e+03	2.754472202778383561e-01	1.784748671369994766e-01	2.378644977771116331e-01	1.427432216698595879e-01	6.841649426733681372e-02	2.687311228673979965e-02	7.018058658389714211e-02
1.028026170401747549e+03	2.750330285396856977e-01	1.782106578425638188e-01	2.381559482894652080e-01	1.429155461090823864e-01	6.848154573911691134e-02	2.691126064013176986e-02	7.029201283973698922e-02
1.030445055508575479e+03	2.746200188028506406e-01	1.779471750378057160e-01	2.384465211397792106e-01	1.430873784031772011e-01	6.854638962924469725e-02	2.694933278468013976e-02	7.040318420224517260e-02
1.032863940615402726e+03	2.742081877109382448e-01	1.776844166854502916e-01	2.387362190925136907e-01	1.432587200021578355e-01	6.861102665501479791e-02	2.698732881598661648e-02	7.051410103772129401e-02
1.035282825722230655e+03	2.737975319170452559e-01	1.774223807540932230e-01	2.390250449025007051e-01	1.434295723516119669e-01	6.867545753113624141e-02	2.702524882989030749e-02	7.062476371350505377e-02
1.037701710829058356e+03	2.733880480837336813e-01	1.771610652181831447e-01	2.393130013149827595e-01	1.435999368927153297e-01	6.873968296974199144e-02	2.706309292246488266e-02	7.073517259796097134e-02
1.040120595935886058e+03	2.729797328830039227e-01	1.769004680580038569e-01	2.396000910656512772e-01	1.437698150622460647e-01	6.880370368039866180e-02	2.710086119001574659e-02	7.084532806046316133e-02
1.042539481042713533e+03	2.725725829962686309e-01	1.766405872596565896e-01	2.398863168806847912e-01	1.439392082925990135e-01	6.886752037011607819e-02	2.713855372907725966e-02	7.095523047138030392e-02
1.044958366149541234e+03	2.721665951143262263e-01	1.763814208150425444e-01	2.401716814767868580e-01	1.441081180117997629e-01	6.893113374335677057e-02	2.717617063640993466e-02	7.106488020206060130e-02
1.047377251256368709e+03	2.717617659373342542e-01	1.761229667218451866e-01	2.404561875612239719e-01	1.442765456435189664e-01	6.899454450204553502e-02	2.721371200899768208e-02	7.117427762481702558e-02
1.049796136363196410e+03	2.713580921747836827e-01	1.758652229835129255e-01	2.407398378318633125e-01	1.444444926070861668e-01	6.905775334557891221e-02	2.725117794404505189e-02	7.128342311291252509e-02
1.052215021470024112e+03	2.709555705454723684e-01	1.756081876092415450e-01	2.410226349772101040e-01	1.446119603175040902e-01	6.912076097083456883e-02	2.728856853897450307e-02	7.139231704054539718e-02
1.054633906576851814e+03	2.705541977774789664e-01	1.753518586139568847e-01	2.413045816764450846e-01	1.447789501854623573e-01	6.918356807218076221e-02	2.732588389142369054e-02	7.150095978283479980e-02
1.057052791683679516e+03	2.701539706081370618e-01	1.750962340182975197e-01	2.415856805994615053e-01	1.449454636173516664e-01	6.924617534148563847e-02	2.736312409924277281e-02	7.160935171580637415e-02
1.059471676790506763e+03	2.697548857840090797e-01	1.748413118485974971e-01	2.418659344069021555e-01	1.451115020152775048e-01	6.930858346812659998e-02	2.740028926049170935e-02	7.171749321637790886e-02
1.061890561897334692e+03	2.693569400608604725e-01	1.745870901368691275e-01	2.421453457501963058e-01	1.452770667770740542e-01	6.937079313899958966e-02	2.743737947343761335e-02	7.182538466234526797e-02
1.064309447004162394e+03	2.689601302036337960e-01	1.743335669207858596e-01	2.424239172715961788e-01	1.454421592963179299e-01	6.943280503852836127e-02	2.747439483655209069e-02	7.193302643236819394e-02
1.066728332110990095e+03	2.685644529864230079e-01	1.740807402436652107e-01	2.427016516042134753e-01	1.456067809623419196e-01	6.949461984867366660e-02	2.751133544850861007e-02	7.204041890595647146e-02
1.069147217217817570e+03	2.681699051924479882e-01	1.738286081544515860e-01	2.429785513720557344e-01	1.457709331602486946e-01	6.955623824894244245e-02	2.754820140817988358e-02	7.214756246345602198e-02
1.071566102324645271e+03	2.677764836140285598e-01	1.735771687076995418e-01	2.432546191900623600e-01	1.459346172709244382e-01	6.961766091639698395e-02	2.758499281463526118e-02	7.225445748603519236e-02
1.073984987431472746e+03	2.673841850525592867e-01	1.733264199635566605e-01	2.435298576641406754e-01	1.460978346710523901e-01	6.967888852566404834e-02	2.762170976713815979e-02	7.236110435567109922e-02
1.076403872538300675e+03	2.669930063184837721e-01	1.730763599877467862e-01	2.438042693912017278e-01	1.462605867331264464e-01	6.973992174894391716e-02	2.765835236514347512e-02	7.246750345513613967e-02
1.078822757645127922e+03	2.666029442312694564e-01	1.728269868515531771e-01	2.440778569591959268e-01	1.464228748254646217e-01	6.980076125601947235e-02	2.769492070829503855e-02	7.257365516798458538e-02
1.081241642751955851e+03	2.662139956193821932e-01	1.725782986318017687e-01	2.443506229471484048e-01	1.465847003122224546e-01	6.986140771426520291e-02	2.773141489642308097e-02	7.267955987853920441e-02
1.083660527858783553e+03	2.658261573202609362e-01	1.723302934108444373e-01	2.446225699251944885e-01	1.467460645534064967e-01	6.992186178865611446e-02	2.776783502954170355e-02	7.278521797187813280e-02
1.086079412965611255e+03	2.654394261802925925e-01	1.720829692765423746e-01	2.448937004546148100e-01	1.469069689048876082e-01	6.998212414177677754e-02	2.780418120784637279e-02	7.289062983382171845e-02
1.088498298072438729e+03	2.650537990547870426e-01	1.718363243222495451e-01	2.451640170878703062e-01	1.470674147184141967e-01	7.004219543383015389e-02	2.784045353171143988e-02	7.299579585091955924e-02
1.090917183179266431e+03	2.646692728079519941e-01	1.715903566467960328e-01	2.454335223686368861e-01	1.472274033416256234e-01	7.010207632264646438e-02	2.787665210168764271e-02	7.310071641043754120e-02
1.093336068286093905e+03	2.642858443128679458e-01	1.713450643544716656e-01	2.457022188318404299e-01	1.473869361180652482e-01	7.016176746369209849e-02	2.791277701849967027e-02	7.320539190034514032e-02
1.095754953392921607e+03	2.639035104514633190e-01	1.711004455550095282e-01	2.459701090036909288e-01	1.475460143871937246e-01	7.022126951007834350e-02	2.794882838304370287e-02	7.330982270930264111e-02
1.098173838499749309e+03	2.635222681144896439e-01	1.708564983635696699e-01	2.462371954017171516e-01	1.477046394844019894e-01	7.028058311257019686e-02	2.798480629638498696e-02	7.341400922664861883e-02
1.100592723606577010e+03	2.631421142014966352e-01	1.706132209007226175e-01	2.465034805348006730e-01	1.478628127410244464e-01	7.033970891959506755e-02	2.802071085975541692e-02	7.351795184238733849e-02
1.103011608713404712e+03	2.627630456208078225e-01	1.703706112924332217e-01	2.467689669032100130e-01	1.480205354843519838e-01	7.039864757725153299e-02	2.805654217455114119e-02	7.362165094717645908e-02
1.105430493820231959e+03	2.623850592894956812e-01	1.701286676700445033e-01	2.470336569986343600e-01	1.481778090376448254e-01	7.045739972931795714e-02	2.809230034233017870e-02	7.372510693231469625e-02
1.107849378927059888e+03	2.620081521333569308e-01	1.698873881702613053e-01	2.472975533042175156e-01	1.483346347201456583e-01	7.051596601726113633e-02	2.812798546481003886e-02	7.382832018972960986e-02
1.110268264033887590e+03	2.616323210868883309e-01	1.696467709351343334e-01	2.475606582945913958e-01	1.484910138470922902e-01	7.057434708024491743e-02	2.816359764386537970e-02	7.393129111196554415e-02
1.112687149140715292e+03	2.612575630932620352e-01	1.694068141120440851e-01	2.478229744359093101e-01	1.486469477297306940e-01	7.063254355513880201e-02	2.819913698152565901e-02	7.403402009217155411e-02
1.115106034247542766e+03	2.608838751043014437e-01	1.691675158536847245e-01	2.480845041858794897e-01	1.488024376753276645e-01	7.069055607652639794e-02	2.823460357997281331e-02	7.413650752408952604e-02
1.117524919354370468e+03	2.605112540804566668e-01	1.689288743180482333e-01	2.483452499937980340e-01	1.489574849871837248e-01	7.074838527671396815e-02	2.826999754153894373e-02	7.423875380204240926e-02
1.119943804461197942e+03	2.601396969907803225e-01	1.686908876684085901e-01	2.486052143005819393e-01	1.491120909646456438e-01	7.080603178573892376e-02	2.830531896870402617e-02	7.434075932092241989e-02
1.122362689568025871e+03	2.597692008129036667e-01	1.684535540733057002e-01	2.488643995388019337e-01	1.492662569031192321e-01	7.086349623137823406e-02	2.834056796409362144e-02	7.444252447617946689e-02
1.124781574674853118e+03	2.593997625330120571e-01	1.682168717065297414e-01	2.491228081327151178e-01	1.494199840940819146e-01	7.092077923915685034e-02	2.837574463047661671e-02	7.454404966380955011e-02
1.127200459781681047e+03	2.590313791458211390e-01	1.679808387471053988e-01	2.493804424982974943e-01	1.495732738250953320e-01	7.097788143235607417e-02	2.841084907076296337e-02	7.464533528034339449e-02
1.129619344888508749e+03	2.586640476545529754e-01	1.677454533792761826e-01	2.496373050432763863e-01	1.497261273798178027e-01	7.103480343202188407e-02	2.844588138800144272e-02	7.474638172283507020e-02
1.132038229995336451e+03	2.582977650709120110e-01	1.675107137924887468e-01	2.498933981671626059e-01	1.498785460380169243e-01	7.109154585697328999e-02	2.848084168537744557e-02	7.484718938885071005e-02
1.134457115102163925e+03	2.579325284150613129e-01	1.672766181813772624e-01	2.501487242612825956e-01	1.500305310755818966e-01	7.114810932381056274e-02	2.851573006621075518e-02	7.494775867645736556e-02
1.136876000208991627e+03	2.575683347155985903e-01	1.670431647457480129e-01	2.504032857088103747e-01	1.501820837645359563e-01	7.120449444692351915e-02	2.855054663395335812e-02	7.504808998421193256e-02
1.139294885315819101e+03	2.572051810095328794e-01	1.668103516905637407e-01	2.506570848847992639e-01	1.503332053730487838e-01	7.126070183849968209e-02	2.858529149218724807e-02	7.514818371115010442e-02
1.141713770422646803e+03	2.568430643422605630e-01	1.665781772259283255e-01	2.509101241562135542e-01	1.504838971654487989e-01	7.131673210853255174e-02	2.861996474462226783e-02	7.524804025677560293e-02
1.144132655529474505e+03	2.564819817675420555e-01	1.663466395670712417e-01	2.511624058819601490e-01	1.506341604022354286e-01	7.137258586482968237e-02	2.865456649509395826e-02	7.534766002104918703e-02
1.146551540636302207e+03	2.561219303474780440e-01	1.661157369343324308e-01	2.514139324129197606e-01	1.507839963400912364e-01	7.142826371302081478e-02	2.868909684756141415e-02	7.544704340437806411e-02
1.148970425743129908e+03	2.557629071524861186e-01	1.658854675531467593e-01	2.516647060919781631e-01	1.509334062318942737e-01	7.148376625656603645e-02	2.872355590610514361e-02	7.554619080760521799e-02
1.151389310849957155e+03	2.554049092612776239e-01	1.656558296540290853e-01	2.519147292540573901e-01	1.510823913267301255e-01	7.153909409676373343e-02	2.875794377492497250e-02	7.564510263199882012e-02
1.153808195956785084e+03	2.550479337608341224e-01	1.654268214725586605e-01	2.521640042261464876e-01	1.512309528699039840e-01	7.159424783275869508e-02	2.879226055833793152e-02	7.574377927924180742e-02
1.156227081063612786e+03	2.546919777463841350e-01	1.651984412493643639e-01	2.524125333273326555e-01	1.513790921029527781e-01	7.164922806155009372e-02	2.882650636077617456e-02	7.584222115142148779e-02
1.158645966170440488e+03	2.543370383213800490e-01	1.649706872301094085e-01	2.526603188688314461e-01	1.515268102636571357e-01	7.170403537799945048e-02	2.886068128678490746e-02	7.594042865101927053e-02
1.161064851277267962e+03	2.539831125974750248e-01	1.647435576654763534e-01	2.529073631540176836e-01	1.516741085860534577e-01	7.175867037483857347e-02	2.889478544102032018e-02	7.603840218090035519e-02
1.163483736384095664e+03	2.536301976944997927e-01	1.645170508111520324e-01	2.531536684784555513e-01	1.518209883004456862e-01	7.181313364267742638e-02	2.892881892824755372e-02	7.613614214430373950e-02
1.165902621490923138e+03	2.532782907404397266e-01	1.642911649278126773e-01	2.533992371299292334e-01	1.519674506334172948e-01	7.186742577001205279e-02	2.896278185333864622e-02	7.623364894483208865e-02
1.168321506597751068e+03	2.529273888714120844e-01	1.640658982811090405e-01	2.536440713884726139e-01	1.521134968078431682e-01	7.192154734323245868e-02	2.899667432127052760e-02	7.633092298644177098e-02
1.170740391704578315e+03	2.525774892316429154e-01	1.638412491416514627e-01	2.538881735263995854e-01	1.522591280429013427e-01	7.197549894663030079e-02	2.903049643712301078e-02	7.642796467343304645e-02
1.173159276811406244e+03	2.522285889734443565e-01	1.636172157849951070e-01	2.541315458083336365e-01	1.524043455540848024e-01	7.202928116240676915e-02	2.906424830607678284e-02	7.652477441044015782e-02
1.175578161918233945e+03	2.518806852571918720e-01	1.633937964916251651e-01	2.543741904912378282e-01	1.525491505532131919e-01	7.208289457068034478e-02	2.909793003341144477e-02	7.662135260242172730e-02
1.177997047025061647e+03	2.515337752513016611e-01	1.631709895469421745e-01	2.546161098244441590e-01	1.526935442484445848e-01	7.213633974949450189e-02	2.913154172450353047e-02	7.671769965465105590e-02
1.180415932131889122e+03	2.511878561322077874e-01	1.629487932412473916e-01	2.548573060496829856e-01	1.528375278442869745e-01	7.218961727482539614e-02	2.916508348482454299e-02	7.681381597270656170e-02
1.182834817238716823e+03	2.508429250843400293e-01	1.627272058697281087e-01	2.550977814011126110e-01	1.529811025416100423e-01	7.224272772058953906e-02	2.919855541993902209e-02	7.690970196246231516e-02
1.185253702345544298e+03	2.504989793001009546e-01	1.625062257324431658e-01	2.553375381053482607e-01	1.531242695376565655e-01	7.229567165865144474e-02	2.923195763550261866e-02	7.700535803007863001e-02
1.187672587452371999e+03	2.501560159798438820e-01	1.622858511343082955e-01	2.555765783814912262e-01	1.532670300260540741e-01	7.234844965883123480e-02	2.926529023726015533e-02	7.710078458199275120e-02
1.190091472559199701e+03	2.498140323318502887e-01	1.620660803850818010e-01	2.558149044411577311e-01	1.534093851968262867e-01	7.240106228891221574e-02	2.929855333104373905e-02	7.719598202490958461e-02
1.192510357666027403e+03	2.494730255723075774e-01	1.618469117993500128e-01	2.560525184885076300e-01	1.535513362364045453e-01	7.245351011464844226e-02	2.933174702277086682e-02	7.729095076579257928e-02
1.194929242772855105e+03	2.491329929252868169e-01	1.616283436965129106e-01	2.562894227202733299e-01	1.536928843276392509e-01	7.250579369977221134e-02	2.936487141844253135e-02	7.738569121185455424e-02
1.197348127879682352e+03	2.487939316227205933e-01	1.614103744007699126e-01	2.565256193257881567e-01	1.538340306498111876e-01	7.255791360600157003e-02	2.939792662414136143e-02	7.748020377054877506e-02
1.199767012986510281e+03	2.484558389043807769e-01	1.611930022411054708e-01	2.567611104870148875e-01	1.539747763786429025e-01	7.260987039304780954e-02	2.943091274602977273e-02	7.757448884955994717e-02
1.202185898093337983e+03	2.481187120178566519e-01	1.609762255512747486e-01	2.569958983785738393e-01	1.541151226863099466e-01	7.266166461862283432e-02	2.946382989034810815e-02	7.766854685679536185e-02
1.204604783200165684e+03	2.477825482185328776e-01	1.607600426697897156e-01	2.572299851677712357e-01	1.542550707414521438e-01	7.271329683844665603e-02	2.949667816341280946e-02	7.776237820037612547e-02
1.207023668306993159e+03	2.474473447695673956e-01	1.605444519399046588e-01	2.574633730146270172e-01	1.543946217091848316e-01	7.276476760625467943e-02	2.952945767161460622e-02	7.785598328862841644e-02
1.209442553413820860e+03	2.471130989418697244e-01	1.603294517096022220e-01	2.576960640719029860e-01	1.545337767511099636e-01	7.281607747380515472e-02	2.956216852141669432e-02	7.794936253007486715e-02
1.211861438520648335e+03	2.467798080140790606e-01	1.601150403315793891e-01	2.579280604851305059e-01	1.546725370253272946e-01	7.286722699088639399e-02	2.959481081935295271e-02	7.804251633342595973e-02
1.214280323627476264e+03	2.464474692725425742e-01	1.599012161632334117e-01	2.581593643926382020e-01	1.548109036864455390e-01	7.291821670532412647e-02	2.962738467202615661e-02	7.813544510757154671e-02
1.216699208734303511e+03	2.461160800112937030e-01	1.596879775666478207e-01	2.583899779255793838e-01	1.549488778855932780e-01	7.296904716298875659e-02	2.965989018610618727e-02	7.822814926157244109e-02
1.219118093841131440e+03	2.457856375320305042e-01	1.594753229085785484e-01	2.586199032079595228e-01	1.550864607704300346e-01	7.301971890780264984e-02	2.969232746832829381e-02	7.832062920465200639e-02
1.221536978947959142e+03	2.454561391440940599e-01	1.592632505604399396e-01	2.588491423566636196e-01	1.552236534851573757e-01	7.307023248174723817e-02	2.972469662549133765e-02	7.841288534618795492e-02
1.223955864054786844e+03	2.451275821644470776e-01	1.590517588982910957e-01	2.590776974814833489e-01	1.553604571705296811e-01	7.312058842487030585e-02	2.975699776445603698e-02	7.850491809570403490e-02
1.226374749161614318e+03	2.447999639176522690e-01	1.588408463028219142e-01	2.593055706851439823e-01	1.554968729638651070e-01	7.317078727529309490e-02	2.978923099214327366e-02	7.859672786286193980e-02
1.228793634268442020e+03	2.444732817358510890e-01	1.586305111593393768e-01	2.595327640633315336e-01	1.556329019990565499e-01	7.322082956921743824e-02	2.982139641553234813e-02	7.868831505745325916e-02
1.231212519375269494e+03	2.441475329587423360e-01	1.584207518577538942e-01	2.597592797047194590e-01	1.557685454065823594e-01	7.327071584093287904e-02	2.985349414165929319e-02	7.877968008939141564e-02
1.233631404482097196e+03	2.438227149335609190e-01	1.582115667925655944e-01	2.599851196909953033e-01	1.559038043135171914e-01	7.332044662282372061e-02	2.988552427761517402e-02	7.887082336870376853e-02
1.236050289588924898e+03	2.434988250150565692e-01	1.580029543628506949e-01	2.602102860968873999e-01	1.560386798435427214e-01	7.337002244537609019e-02	2.991748693054441591e-02	7.896174530552371729e-02
1.238469174695752372e+03	2.431758605654728012e-01	1.577949129722480137e-01	2.604347809901913502e-01	1.561731731169584414e-01	7.341944383718496114e-02	2.994938220764312847e-02	7.905244631008291611e-02
1.240888059802580301e+03	2.428538189545257353e-01	1.575874410289453131e-01	2.606586064317962248e-01	1.563072852506922350e-01	7.346871132496116119e-02	2.998121021615744036e-02	7.914292679270350239e-02
1.243306944909407548e+03	2.425326975593830314e-01	1.573805369456658942e-01	2.608817644757108201e-01	1.564410173583111463e-01	7.351782543353831134e-02	3.001297106338186860e-02	7.923318716379049165e-02
1.245725830016235477e+03	2.422124937646429610e-01	1.571741991396551352e-01	2.611042571690900260e-01	1.565743705500318994e-01	7.356678668587979253e-02	3.004466485665767406e-02	7.932322783382413089e-02
1.248144715123063179e+03	2.418932049623134795e-01	1.569684260326670022e-01	2.613260865522604171e-01	1.567073459327314733e-01	7.361559560308562900e-02	3.007629170337123431e-02	7.941304921335237688e-02
1.250563600229890881e+03	2.415748285517913263e-01	1.567632160509508932e-01	2.615472546587463976e-01	1.568399446099577044e-01	7.366425270439939943e-02	3.010785171095243379e-02	7.950265171298341593e-02
1.252982485336718355e+03	2.412573619398412361e-01	1.565585676252380931e-01	2.617677635152960147e-01	1.569721676819397504e-01	7.371275850721509260e-02	3.013934498687305744e-02	7.959203574337825327e-02
1.255401370443546057e+03	2.409408025405752329e-01	1.563544791907286180e-01	2.619876151419064381e-01	1.571040162455985545e-01	7.376111352708396296e-02	3.017077163864521211e-02	7.968120171524339934e-02
1.257820255550373531e+03	2.406251477754318691e-01	1.561509491870779476e-01	2.622068115518497167e-01	1.572354913945572807e-01	7.380931827772130305e-02	3.020213177381971675e-02	7.977015003932355630e-02
1.260239140657201460e+03	2.403103950731556304e-01	1.559479760583838415e-01	2.624253547516979812e-01	1.573665942191517231e-01	7.385737327101324357e-02	3.023342549998455156e-02	7.985888112639441538e-02
1.262658025764028707e+03	2.399965418697763142e-01	1.557455582531732385e-01	2.626432467413489236e-01	1.574973258064406301e-01	7.390527901702352576e-02	3.026465292476330018e-02	7.994739538725549599e-02
1.265076910870856636e+03	2.396835856085885730e-01	1.555436942243890175e-01	2.628604895140508324e-01	1.576276872402160301e-01	7.395303602400023213e-02	3.029581415581358850e-02	8.003569323272310965e-02
1.267495795977684338e+03	2.393715237401314311e-01	1.553423824293771183e-01	2.630770850564280172e-01	1.577576796010136118e-01	7.400064479838246168e-02	3.032690930082555802e-02	8.012377507362326845e-02
1.269914681084511813e+03	2.390603537221678010e-01	1.551416213298733304e-01	2.632930353485053998e-01	1.578873039661228272e-01	7.404810584480706059e-02	3.035793846752032552e-02	8.021164132078470455e-02
1.272333566191339514e+03	2.387500730196642773e-01	1.549414093919903312e-01	2.635083423637337718e-01	1.580165614095972448e-01	7.409541966611521424e-02	3.038890176364847373e-02	8.029929238503208389e-02
1.274752451298167216e+03	2.384406791047707086e-01	1.547417450862049459e-01	2.637230080690143308e-01	1.581454530022646243e-01	7.414258676335913623e-02	3.041979929698853877e-02	8.038672867717902570e-02
1.277171336404994690e+03	2.381321694568000746e-01	1.545426268873449915e-01	2.639370344247234934e-01	1.582739798117371588e-01	7.418960763580861872e-02	3.045063117534551125e-02	8.047395060802139954e-02
1.279590221511822392e+03	2.378245415622082248e-01	1.543440532745766480e-01	2.641504233847372651e-01	1.584021429024215499e-01	7.423648278095767994e-02	3.048139750654936184e-02	8.056095858833055290e-02
1.282009106618650094e+03	2.375177929145736722e-01	1.541460227313913578e-01	2.643631768964557760e-01	1.585299433355291110e-01	7.428321269453105891e-02	3.051209839845354238e-02	8.064775302884673314e-02
1.284427991725477568e+03	2.372119210145777757e-01	1.539485337455933356e-01	2.645752969008277056e-01	1.586573821690856756e-01	7.432979787049076581e-02	3.054273395893353921e-02	8.073433434027237066e-02
1.286846876832305497e+03	2.369069233699845622e-01	1.537515848092865789e-01	2.647867853323744858e-01	1.587844604579418673e-01	7.437623880104260454e-02	3.057330429588541246e-02	8.082070293326561183e-02
1.289265761939132744e+03	2.366027974956206870e-01	1.535551744188624612e-01	2.649976441192143373e-01	1.589111792537828971e-01	7.442253597664262588e-02	3.060380951722433893e-02	8.090685921843382422e-02
1.291684647045960673e+03	2.362995409133556990e-01	1.533593010749866870e-01	2.652078751830863057e-01	1.590375396051385282e-01	7.446868988600359451e-02	3.063424973088318612e-02	8.099280360632714337e-02
1.294103532152788375e+03	2.359971511520821408e-01	1.531639632825870789e-01	2.654174804393743536e-01	1.591635425573929286e-01	7.451470101610140062e-02	3.066462504481108631e-02	8.107853650743210294e-02
1.296522417259616077e+03	2.356956257476957028e-01	1.529691595508407276e-01	2.656264617971310082e-01	1.592891891527947745e-01	7.456056985218152688e-02	3.069493556697200712e-02	8.116405833216534804e-02
1.298941302366443551e+03	2.353949622430755451e-01	1.527748883931615009e-01	2.658348211591012311e-01	1.594144804304667984e-01	7.460629687776532126e-02	3.072518140534336029e-02	8.124936949086737636e-02
1.301360187473271253e+03	2.350951581880645902e-01	1.525811483271876101e-01	2.660425604217457329e-01	1.595394174264158638e-01	7.465188257465649180e-02	3.075536266791459999e-02	8.133447039379629318e-02
1.303779072580098727e+03	2.347962111394498730e-01	1.523879378747691471e-01	2.662496814752647323e-01	1.596640011735425413e-01	7.469732742294730998e-02	3.078547946268582469e-02	8.141936145112171896e-02
1.306197957686926657e+03	2.344981186609430834e-01	1.521952555619555947e-01	2.664561862036214923e-01	1.597882327016509618e-01	7.474263190102499455e-02	3.081553189766642054e-02	8.150404307291865547e-02
1.308616842793753904e+03	2.342008783231608604e-01	1.520030999189834753e-01	2.666620764845651914e-01	1.599121130374585031e-01	7.478779648557799808e-02	3.084552008087367014e-02	8.158851566916150433e-02
1.311035727900581833e+03	2.339044877036055015e-01	1.518114694802641107e-01	2.668673541896545709e-01	1.600356432046054211e-01	7.483282165160222432e-02	3.087544412033141339e-02	8.167277964971803028e-02
1.313454613007409534e+03	2.336089443866454507e-01	1.516203627843710766e-01	2.670720211842806391e-01	1.601588242236645365e-01	7.487770787240732862e-02	3.090530412406868391e-02	8.175683542434350470e-02
1.315873498114237009e+03	2.333142459634959809e-01	1.514297783740282122e-01	2.672760793276900415e-01	1.602816571121508937e-01	7.492245561962283806e-02	3.093510020011838030e-02	8.184068340267475206e-02
1.318292383221064711e+03	2.330203900321998756e-01	1.512397147960972688e-01	2.674795304730078205e-01	1.604041428845313089e-01	7.496706536320443814e-02	3.096483245651593386e-02	8.192432399422441835e-02
1.320711268327892412e+03	2.327273741976081944e-01	1.510501706015656698e-01	2.676823764672601746e-01	1.605262825522338344e-01	7.501153757144009282e-02	3.099450100129797978e-02	8.200775760837514250e-02
1.323130153434719887e+03	2.324351960713610943e-01	1.508611443455344370e-01	2.678846191513971076e-01	1.606480771236573624e-01	7.505587271095619240e-02	3.102410594250105957e-02	8.209098465437388026e-02
1.325549038541547588e+03	2.321438532718686221e-01	1.506726345872060335e-01	2.680862603603151317e-01	1.607695276041811172e-01	7.510007124672365975e-02	3.105364738816030964e-02	8.217400554132624213e-02
1.327967923648375290e+03	2.318533434242917302e-01	1.504846398898723459e-01	2.682873019228799172e-01	1.608906349961740090e-01	7.514413364206407042e-02	3.108312544630816715e-02	8.225682067819087284e-02
1.330386808755202765e+03	2.315636641605231250e-01	1.502971588209026377e-01	2.684877456619484404e-01	1.610114002990042092e-01	7.518806035865571724e-02	3.111254022497309674e-02	8.233943047377391411e-02
1.332805693862030694e+03	2.312748131191684209e-01	1.501101899517315319e-01	2.686875933943914108e-01	1.611318245090483381e-01	7.523185185653964713e-02	3.114189183217830684e-02	8.242183533672349516e-02
1.335224578968857941e+03	2.309867879455270445e-01	1.499237318578470202e-01	2.688868469311155862e-01	1.612519086197010398e-01	7.527550859412572570e-02	3.117118037594048680e-02	8.250403567552426487e-02
1.337643464075685870e+03	2.306995862915735274e-01	1.497377831187785835e-01	2.690855080770857000e-01	1.613716536213841424e-01	7.531903102819857698e-02	3.120040596426854745e-02	8.258603189849207660e-02
1.340062349182513572e+03	2.304132058159385765e-01	1.495523423180853406e-01	2.692835786313467761e-01	1.614910605015559830e-01	7.536241961392366184e-02	3.122956870516237909e-02	8.266782441376849255e-02
1.342481234289341273e+03	2.301276441838903120e-01	1.493674080433441131e-01	2.694810603870457233e-01	1.616101302447207066e-01	7.540567480485310670e-02	3.125866870661161978e-02	8.274941362931557964e-02
1.344900119396168748e+03	2.298428990673155869e-01	1.491829788861377404e-01	2.696779551314534285e-01	1.617288638324375083e-01	7.544879705293176808e-02	3.128770607659439595e-02	8.283079995291069142e-02
1.347319004502996449e+03	2.295589681447012809e-01	1.489990534420432000e-01	2.698742646459865169e-01	1.618472622433297647e-01	7.549178680850306133e-02	3.131668092307614976e-02	8.291198379214116676e-02
1.349737889609823924e+03	2.292758491011156752e-01	1.488156303106198952e-01	2.700699907062287797e-01	1.619653264530943049e-01	7.553464452031488641e-02	3.134559335400838309e-02	8.299296555439925061e-02
1.352156774716651853e+03	2.289935396281900237e-01	1.486327080953979418e-01	2.702651350819528231e-01	1.620830574345104025e-01	7.557737063552549817e-02	3.137444347732747801e-02	8.307374564687697305e-02
1.354575659823479100e+03	2.287120374240998177e-01	1.484502854038665665e-01	2.704596995371418289e-01	1.622004561574490189e-01	7.561996559970930731e-02	3.140323140095348242e-02	8.315432447656109782e-02
1.356994544930307029e+03	2.284313401935465226e-01	1.482683608474624493e-01	2.706536858300104265e-01	1.623175235888818235e-01	7.566242985686277844e-02	3.143195723278895126e-02	8.323470245022808467e-02
1.359413430037134731e+03	2.281514456477390651e-01	1.480869330415581220e-01	2.708470957130264534e-01	1.624342606928902422e-01	7.570476384941018932e-02	3.146062108071775998e-02	8.331487997443917659e-02
1.361832315143962205e+03	2.278723515043755421e-01	1.479060006054503940e-01	2.710399309329318829e-01	1.625506684306744498e-01	7.574696801820939018e-02	3.148922305260391796e-02	8.339485745553545937e-02
1.364251200250789907e+03	2.275940554876247635e-01	1.477255621623488890e-01	2.712321932307639738e-01	1.626667477605623913e-01	7.578904280255761849e-02	3.151776325629043751e-02	8.347463529963299045e-02
1.366670085357617609e+03	2.273165553281082107e-01	1.475456163393645825e-01	2.714238843418761427e-01	1.627824996380187461e-01	7.583098864019720275e-02	3.154624179959814728e-02	8.355421391261802500e-02
1.369088970464445310e+03	2.270398487628817186e-01	1.473661617674982549e-01	2.716150059959592800e-01	1.628979250156537828e-01	7.587280596732123850e-02	3.157465879032458206e-02	8.363359370014218641e-02
1.371507855571272785e+03	2.267639335354172947e-01	1.471871970816291952e-01	2.718055599170622338e-01	1.630130248432323514e-01	7.591449521857933369e-02	3.160301433624283785e-02	8.371277506761777565e-02
1.373926740678100487e+03	2.264888073955850512e-01	1.470087209205037382e-01	2.719955478236126822e-01	1.631278000676826545e-01	7.595605682708331252e-02	3.163130854510042694e-02	8.379175842021308052e-02
1.376345625784927961e+03	2.262144680996352186e-01	1.468307319267239675e-01	2.721849714284378940e-01	1.632422516331051565e-01	7.599749122441273874e-02	3.165954152461818161e-02	8.387054416284775438e-02
1.378764510891755890e+03	2.259409134101800498e-01	1.466532287467364193e-01	2.723738324387849907e-01	1.633563804807813546e-01	7.603879884062071659e-02	3.168771338248913688e-02	8.394913270018819484e-02
1.381183395998583137e+03	2.256681410961759171e-01	1.464762100308208415e-01	2.725621325563418185e-01	1.634701875491825496e-01	7.607998010423930313e-02	3.171582422637743426e-02	8.402752443664303350e-02
1.383602281105411066e+03	2.253961489329053269e-01	1.462996744330788690e-01	2.727498734772569322e-01	1.635836737739786162e-01	7.612103544228525365e-02	3.174387416391719757e-02	8.410571977635861174e-02
1.386021166212238768e+03	2.251249347019592673e-01	1.461236206114228942e-01	2.729370568921603568e-01	1.636968400880466912e-01	7.616196528026553114e-02	3.177186330271149911e-02	8.418371912321451211e-02
1.388440051319066470e+03	2.248544961912191109e-01	1.459480472275649643e-01	2.731236844861834601e-01	1.638096874214799437e-01	7.620277004218282968e-02	3.179979175033126326e-02	8.426152288081918684e-02
1.390858936425893944e+03	2.245848311948391574e-01	1.457729529470054852e-01	2.733097579389792142e-01	1.639222167015960685e-01	7.624345015054109775e-02	3.182765961431414936e-02	8.433913145250557242e-02
1.393277821532721646e+03	2.243159375132287303e-01	1.455983364390223134e-01	2.734952789247422356e-01	1.640344288529461125e-01	7.628400602635107552e-02	3.185546700216355248e-02	8.441654524132673199e-02
1.395696706639549120e+03	2.240478129530346363e-01	1.454241963766595702e-01	2.736802491122287684e-01	1.641463247973228845e-01	7.632443808913572103e-02	3.188321402134753485e-02	8.449376465005160874e-02
1.398115591746377049e+03	2.237804553271234287e-01	1.452505314367166789e-01	2.738646701647766135e-01	1.642579054537697536e-01	7.636474675693573355e-02	3.191090077929775032e-02	8.457079008116077934e-02
1.400534476853204296e+03	2.235138624545640884e-01	1.450773402997373174e-01	2.740485437403247237e-01	1.643691717385889761e-01	7.640493244631495207e-02	3.193852738340844516e-02	8.464762193684220726e-02
1.402953361960032225e+03	2.232480321606102880e-01	1.449046216499985940e-01	2.742318714914331879e-01	1.644801245653502997e-01	7.644499557236576759e-02	3.196609394103539642e-02	8.472426061898717664e-02
1.405372247066859927e+03	2.229829622766829611e-01	1.447323741754999449e-01	2.744146550653027705e-01	1.645907648448995120e-01	7.648493654871453551e-02	3.199360055949491966e-02	8.480070652918610119e-02
1.407791132173687402e+03	2.227186506403530386e-01	1.445605965679523930e-01	2.745968961037941747e-01	1.647010934853668229e-01	7.652475578752696017e-02	3.202104734606281422e-02	8.487696006872447185e-02
1.410210017280515103e+03	2.224550950953239903e-01	1.443892875227676675e-01	2.747785962434480256e-01	1.648111113921753024e-01	7.656445369951343782e-02	3.204843440797339876e-02	8.495302163857880451e-02
1.412628902387342805e+03	2.221922934914144776e-01	1.442184457390472963e-01	2.749597571155039666e-01	1.649208194680492900e-01	7.660403069393441344e-02	3.207576185241849120e-02	8.502889163941271256e-02
1.415047787494170507e+03	2.219302436845411453e-01	1.440480699195718917e-01	2.751403803459198660e-01	1.650302186130228055e-01	7.664348717860565430e-02	3.210302978654642342e-02	8.510457047157286847e-02
1.417466672600997981e+03	2.216689435367014127e-01	1.438781587707904375e-01	2.753204675553911351e-01	1.651393097244478747e-01	7.668282355990357901e-02	3.213023831746102815e-02	8.518005853508515968e-02
1.419885557707825683e+03	2.214083909159562935e-01	1.437087110028094916e-01	2.755000203593699903e-01	1.652480936970028014e-01	7.672204024277053114e-02	3.215738755222070921e-02	8.525535622965077498e-02
1.422304442814653157e+03	2.211485836964132701e-01	1.435397253293825559e-01	2.756790403680843826e-01	1.653565714227005212e-01	7.676113763072003882e-02	3.218447759783744228e-02	8.533046395464236045e-02
1.424723327921481086e+03	2.208895197582092240e-01	1.433712004678994179e-01	2.758575291865568713e-01	1.654647437908968732e-01	7.680011612584204672e-02	3.221150856127581036e-02	8.540538210910031403e-02
1.427142213028308333e+03	2.206311969874934220e-01	1.432031351393754093e-01	2.760354884146238308e-01	1.655726116882987597e-01	7.683897612880810635e-02	3.223848054945207403e-02	8.548011109172891364e-02
1.429561098135136262e+03	2.203736132764105016e-01	1.430355280684410535e-01	2.762129196469540471e-01	1.656801759989724454e-01	7.687771803887660793e-02	3.226539366923319996e-02	8.555465130089270898e-02
1.431979983241963964e+03	2.201167665230836512e-01	1.428683779833312684e-01	2.763898244730673692e-01	1.657874376043516895e-01	7.691634225389794299e-02	3.229224802743593109e-02	8.562900313461274671e-02
1.434398868348791666e+03	2.198606546315975685e-01	1.427016836158750412e-01	2.765662044773536943e-01	1.658943973832458507e-01	7.695484917031966687e-02	3.231904373082585685e-02	8.570316699056297616e-02
1.436817753455619140e+03	2.196052755119816957e-01	1.425354437014848263e-01	2.767420612390911749e-01	1.660010562118482136e-01	7.699323918319161963e-02	3.234578088611647639e-02	8.577714326606665496e-02
1.439236638562446842e+03	2.193506270801935387e-01	1.423696569791461641e-01	2.769173963324649268e-01	1.661074149637438435e-01	7.703151268617107472e-02	3.237245959996828959e-02	8.585093235809282408e-02
1.441655523669274316e+03	2.190967072581017361e-01	1.422043221914071343e-01	2.770922113265856801e-01	1.662134745099177746e-01	7.706967007152780436e-02	3.239907997898788111e-02	8.592453466325265798e-02
1.444074408776102018e+03	2.188435139734695445e-01	1.420394380843681414e-01	2.772665077855074878e-01	1.663192357187631143e-01	7.710771173014920044e-02	3.242564212972703225e-02	8.599795057779610619e-02
1.446493293882929493e+03	2.185910451599381021e-01	1.418750034076713407e-01	2.774402872682468213e-01	1.664246994560889259e-01	7.714563805154527054e-02	3.245214615868178415e-02	8.607118049760836831e-02
1.448912178989757422e+03	2.183392987570097754e-01	1.417110169144905896e-01	2.776135513288000567e-01	1.665298665851283333e-01	7.718344942385373109e-02	3.247859217229160517e-02	8.614422481820650790e-02
1.451331064096585123e+03	2.180882727100316998e-01	1.415474773615209014e-01	2.777863015161619042e-01	1.666347379665465145e-01	7.722114623384504495e-02	3.250498027693846104e-02	8.621708393473606624e-02
1.453749949203412370e+03	2.178379649701792653e-01	1.413843835089682865e-01	2.779585393743435051e-01	1.667393144584485010e-01	7.725872886692734809e-02	3.253131057894594752e-02	8.628975824196767619e-02
1.456168834310240300e+03	2.175883734944396020e-01	1.412217341205395105e-01	2.781302664423904170e-01	1.668435969163871990e-01	7.729619770715151494e-02	3.255758318457844386e-02	8.636224813429384251e-02
1.458587719417068001e+03	2.173394962455951485e-01	1.410595279634319077e-01	2.783014842544003220e-01	1.669475861933712724e-01	7.733355313721609892e-02	3.258379820004022459e-02	8.643455400572559733e-02
1.461006604523895703e+03	2.170913311922074151e-01	1.408977638083231398e-01	2.784721943395409016e-01	1.670512831398729969e-01	7.737079553847221736e-02	3.260995573147461996e-02	8.650667624988926663e-02
1.463425489630723177e+03	2.168438763086004972e-01	1.407364404293612314e-01	2.786423982220676554e-01	1.671546886038360324e-01	7.740792529092858920e-02	3.263605588496316934e-02	8.657861526002330610e-02
1.465844374737550879e+03	2.165971295748449210e-01	1.405755566041542726e-01	2.788120974213417202e-01	1.672578034306833605e-01	7.744494277325636444e-02	3.266209876652474697e-02	8.665037142897513700e-02
1.468263259844378354e+03	2.163510889767412959e-01	1.404151111137604269e-01	2.789812934518471343e-01	1.673606284633249452e-01	7.748184836279403687e-02	3.268808448211477091e-02	8.672194514919795427e-02
1.470682144951206283e+03	2.161057525058042439e-01	1.402551027426778840e-01	2.791499878232084897e-01	1.674631645421655879e-01	7.751864243555230127e-02	3.271401313762434954e-02	8.679333681274765955e-02
1.473101030058033530e+03	2.158611181592462180e-01	1.400955302788348955e-01	2.793181820402084736e-01	1.675654125051126153e-01	7.755532536621895234e-02	3.273988483887946971e-02	8.686454681127982191e-02
1.475519915164861459e+03	2.156171839399613210e-01	1.399363925135796993e-01	2.794858776028054104e-01	1.676673731875835682e-01	7.759189752816367247e-02	3.276569969164016410e-02	8.693557553604661092e-02
1.477938800271689161e+03	2.153739478565094290e-01	1.397776882416706112e-01	2.796530760061500254e-01	1.677690474225139172e-01	7.762835929344286123e-02	3.279145780159974100e-02	8.700642337789381286e-02
1.480357685378516862e+03	2.151314079230999265e-01	1.396194162612661438e-01	2.798197787406032644e-01	1.678704360403647511e-01	7.766471103280446486e-02	3.281715927438392383e-02	8.707709072725786092e-02
1.482776570485344337e+03	2.148895621595760808e-01	1.394615753739150976e-01	2.799859872917531134e-01	1.679715398691303263e-01	7.770095311569270857e-02	3.284280421555011570e-02	8.714757797416293472e-02
