1.001418434226643626e+03	2.796235007986233589e-01	1.811937090194640221e-01	2.349000651827210517e-01	1.409802290356683974e-01	6.775555646082169481e-02	2.648784391918550252e-02	6.905909558329936804e-02
1.002869765290740247e+03	2.793674830899752215e-01	1.810308661343073555e-01	2.350804554178919648e-01	1.410864744029863560e-01	6.779585527993377270e-02	2.651130069389546345e-02	6.912756498079326850e-02
1.004321096354836754e+03	2.791119042296708042e-01	1.808682918880395452e-01	2.352605195091594104e-01	1.411925366624801614e-01	6.783607663055626902e-02	2.653473032957165759e-02	6.919594075030560676e-02
1.005772427418933376e+03	2.788567634687099672e-01	1.807059858285822718e-01	2.354402580733648831e-01	1.412984161468344435e-01	6.787622067552910587e-02	2.655813284209646713e-02	6.926422296466629158e-02
1.007223758483029997e+03	2.786020600593683838e-01	1.805439475046392295e-01	2.356196717260457818e-01	1.414041131880859892e-01	6.791628757733177146e-02	2.658150824740531867e-02	6.933241169690697314e-02
1.008675089547126618e+03	2.783477932551953193e-01	1.803821764656946269e-01	2.357987610814385737e-01	1.415096281176249360e-01	6.795627749808415274e-02	2.660485656148638828e-02	6.940050702025946094e-02
1.010126420611223239e+03	2.780939623110114112e-01	1.802206722620117996e-01	2.359775267524820419e-01	1.416149612661964097e-01	6.799619059954736811e-02	2.662817780038028576e-02	6.946850900815416952e-02
1.011577751675319632e+03	2.778405664829066146e-01	1.800594344446318218e-01	2.361559693508205604e-01	1.417201129639016066e-01	6.803602704312462779e-02	2.665147198017976324e-02	6.953641773421850858e-02
1.013029082739416367e+03	2.775876050282378715e-01	1.798984625653720637e-01	2.363340894868072584e-01	1.418250835401994869e-01	6.807578698986202492e-02	2.667473911702941680e-02	6.960423327227532875e-02
1.014480413803512761e+03	2.773350772056272784e-01	1.797377561768247756e-01	2.365118877695072119e-01	1.419298733239080512e-01	6.811547060044934043e-02	2.669797922712537769e-02	6.967195569634139496e-02
1.015931744867609382e+03	2.770829822749597549e-01	1.795773148323556168e-01	2.366893648067007194e-01	1.420344826432056451e-01	6.815507803522094510e-02	2.672119232671502087e-02	6.973958508062580441e-02
1.017383075931706003e+03	2.768313194973806568e-01	1.794171380861022957e-01	2.368665212048864099e-01	1.421389118256324580e-01	6.819460945415654896e-02	2.674437843209666668e-02	6.980712149952843226e-02
1.018834406995802851e+03	2.765800881352942220e-01	1.792572254929732378e-01	2.370433575692844352e-01	1.422431611980918553e-01	6.823406501688207559e-02	2.676753755961927550e-02	6.987456502763843280e-02
1.020285738059899245e+03	2.763292874523607390e-01	1.790975766086461141e-01	2.372198745038395784e-01	1.423472310868518220e-01	6.827344488267042544e-02	2.679066972568217020e-02	6.994191573973267129e-02
1.021737069123995752e+03	2.760789167134951039e-01	1.789381909895663425e-01	2.373960726112246400e-01	1.424511218175461558e-01	6.831274921044232229e-02	2.681377494673472736e-02	7.000917371077422513e-02
1.023188400188092373e+03	2.758289751848642113e-01	1.787790681929459224e-01	2.375719524928432136e-01	1.425548337151761047e-01	6.835197815876713212e-02	2.683685323927609279e-02	7.007633901591085734e-02
1.024639731252188767e+03	2.755794621338850114e-01	1.786202077767617413e-01	2.377475147488332108e-01	1.426583671041114776e-01	6.839113188586365411e-02	2.685990461985487965e-02	7.014341173047355937e-02
1.026091062316285615e+03	2.753303768292224007e-01	1.784616092997544368e-01	2.379227599780697200e-01	1.427617223080921982e-01	6.843021054960095328e-02	2.688292910506888747e-02	7.021039192997495515e-02
1.027542393380382237e+03	2.750817185407868903e-01	1.783032723214269533e-01	2.380976887781682261e-01	1.428648996502295543e-01	6.846921430749916548e-02	2.690592671156480722e-02	7.027727969010787168e-02
1.028993724444478858e+03	2.748334865397329962e-01	1.781451964020430434e-01	2.382723017454877190e-01	1.429678994530076130e-01	6.850814331673030222e-02	2.692889745603793683e-02	7.034407508674388187e-02
1.030445055508575479e+03	2.745856800984565749e-01	1.779873811026259633e-01	2.384465994751338302e-01	1.430707220382844980e-01	6.854699773411900010e-02	2.695184135523188279e-02	7.041077819593173637e-02
1.031896386572671872e+03	2.743382984905931021e-01	1.778298259849570573e-01	2.386205825609618025e-01	1.431733677272938321e-01	6.858577771614342289e-02	2.697475842593828957e-02	7.047738909389596185e-02
1.033347717636768493e+03	2.740913409910153420e-01	1.776725306115745084e-01	2.387942515955797373e-01	1.432758368406460425e-01	6.862448341893602477e-02	2.699764868499653428e-02	7.054390785703537614e-02
1.034799048700865114e+03	2.738448068758312925e-01	1.775154945457717293e-01	2.389676071703515647e-01	1.433781296983296927e-01	6.866311499828427201e-02	2.702051214929346301e-02	7.061033456192163105e-02
1.036250379764961508e+03	2.735986954223820766e-01	1.773587173515962234e-01	2.391406498754000964e-01	1.434802466197128423e-01	6.870167260963157274e-02	2.704334883576308898e-02	7.067666928529775516e-02
1.037701710829058356e+03	2.733530059092401099e-01	1.772021985938480315e-01	2.393133802996101900e-01	1.435821879235443244e-01	6.874015640807794314e-02	2.706615876138632540e-02	7.074291210407671060e-02
1.039153041893154750e+03	2.731077376162067138e-01	1.770459378380785098e-01	2.394857990306316631e-01	1.436839539279552158e-01	6.877856654838090944e-02	2.708894194319068707e-02	7.080906309533997744e-02
1.040604372957251599e+03	2.728628898243100620e-01	1.768899346505888315e-01	2.396579066548824577e-01	1.437855449504600591e-01	6.881690318495621572e-02	2.711169839825003022e-02	7.087512233633611047e-02
1.042055704021347992e+03	2.726184618158031259e-01	1.767341885984287653e-01	2.398297037575515545e-01	1.438869613079581389e-01	6.885516647187865658e-02	2.713442814368425063e-02	7.094108990447928198e-02
1.043507035085444613e+03	2.723744528741617321e-01	1.765786992493951768e-01	2.400011909226020812e-01	1.439882033167349529e-01	6.889335656288286813e-02	2.715713119665901995e-02	7.100696587734792176e-02
1.044958366149541234e+03	2.721308622840824532e-01	1.764234661720307518e-01	2.401723687327743384e-01	1.440892712924634333e-01	6.893147361136407747e-02	2.717980757438550471e-02	7.107275033268325992e-02
1.046409697213637855e+03	2.718876893314802201e-01	1.762684889356226636e-01	2.403432377695886857e-01	1.441901655502052793e-01	6.896951777037893527e-02	2.720245729412008179e-02	7.113844334838798078e-02
1.047861028277734476e+03	2.716449333034867686e-01	1.761137671102011304e-01	2.405137986133486228e-01	1.442908864044122608e-01	6.900748919264623749e-02	2.722508037316408169e-02	7.120404500252473790e-02
1.049312359341831097e+03	2.714025934884481961e-01	1.759593002665381101e-01	2.406840518431437592e-01	1.443914341689276348e-01	6.904538803054773022e-02	2.724767682886349365e-02	7.126955537331486346e-02
1.050763690405927491e+03	2.711606691759230192e-01	1.758050879761460517e-01	2.408539980368528954e-01	1.444918091569872554e-01	6.908321443612894242e-02	2.727024667860870541e-02	7.133497453913691111e-02
1.052215021470024112e+03	2.709191596566801752e-01	1.756511298112764241e-01	2.410236377711467426e-01	1.445920116812210166e-01	6.912096856109990750e-02	2.729278993983422219e-02	7.140030257852532369e-02
1.053666352534120733e+03	2.706780642226968570e-01	1.754974253449184118e-01	2.411929716214911423e-01	1.446920420536541296e-01	6.915865055683588503e-02	2.731530663001840303e-02	7.146553957016903158e-02
1.055117683598217127e+03	2.704373821671565148e-01	1.753439741507975547e-01	2.413620001621498978e-01	1.447919005857084274e-01	6.919626057437823496e-02	2.733779676668317976e-02	7.153068559291010653e-02
1.056569014662313975e+03	2.701971127844468024e-01	1.751907758033744433e-01	2.415307239661876326e-01	1.448915875882036408e-01	6.923379876443515324e-02	2.736026036739379677e-02	7.159574072574240167e-02
1.058020345726410369e+03	2.699572553701576338e-01	1.750378298778434427e-01	2.416991436054729270e-01	1.449911033713586483e-01	6.927126527738240724e-02	2.738269744975854042e-02	7.166070504781024697e-02
1.059471676790506763e+03	2.697178092210789080e-01	1.748851359501312486e-01	2.418672596506811767e-01	1.450904482447928634e-01	6.930866026326415463e-02	2.740510803142847188e-02	7.172557863840699210e-02
1.060923007854603611e+03	2.694787736351987317e-01	1.747326935968956108e-01	2.420350726712973688e-01	1.451896225175274557e-01	6.934598387179365109e-02	2.742749213009714956e-02	7.179036157697378517e-02
1.062374338918700232e+03	2.692401479117013108e-01	1.745805023955240842e-01	2.422025832356191344e-01	1.452886264979866004e-01	6.938323625235404135e-02	2.744984976350038283e-02	7.185505394309818494e-02
1.063825669982796853e+03	2.690019313509648402e-01	1.744285619241325302e-01	2.423697919107596077e-01	1.453874604939988380e-01	6.942041755399915026e-02	2.747218094941594746e-02	7.191965581651284245e-02
1.065277001046893474e+03	2.687641232545593950e-01	1.742768717615640062e-01	2.425366992626503126e-01	1.454861248127982676e-01	6.945752792545419052e-02	2.749448570566333933e-02	7.198416727709421037e-02
1.066728332110990095e+03	2.685267229252452093e-01	1.741254314873872111e-01	2.427033058560441325e-01	1.455846197610259074e-01	6.949456751511655372e-02	2.751676405010349685e-02	7.204858840486116911e-02
1.068179663175086489e+03	2.682897296669704557e-01	1.739742406818954312e-01	2.428696122545180025e-01	1.456829456447308879e-01	6.953153647105654589e-02	2.753901600063855121e-02	7.211291927997379170e-02
1.069630994239183110e+03	2.680531427848691917e-01	1.738232989261050965e-01	2.430356190204759348e-01	1.457811027693717287e-01	6.956843494101816461e-02	2.756124157521155221e-02	7.217715998273201150e-02
1.071082325303279504e+03	2.678169615852594720e-01	1.736726058017543928e-01	2.432013267151518221e-01	1.458790914398176708e-01	6.960526307241982069e-02	2.758344079180622549e-02	7.224131059357434548e-02
1.072533656367376352e+03	2.675811853756411840e-01	1.735221608913020963e-01	2.433667358986122686e-01	1.459769119603497867e-01	6.964202101235511533e-02	2.760561366844669837e-02	7.230537119307657579e-02
1.073984987431472746e+03	2.673458134646942708e-01	1.733719637779261857e-01	2.435318471297595322e-01	1.460745646346624516e-01	6.967870890759357561e-02	2.762776022319725008e-02	7.236934186195048690e-02
1.075436318495569594e+03	2.671108451622764557e-01	1.732220140455226209e-01	2.436966609663342165e-01	1.461720497658643703e-01	6.971532690458141779e-02	2.764988047416204811e-02	7.243322268104261663e-02
1.076887649559666215e+03	2.668762797794215214e-01	1.730723112787039275e-01	2.438611779649181577e-01	1.462693676564799927e-01	6.975187514944225509e-02	2.767197443948489835e-02	7.249701373133295157e-02
1.078338980623762609e+03	2.666421166283372002e-01	1.729228550627979755e-01	2.440253986809372833e-01	1.463665186084506797e-01	6.978835378797787481e-02	2.769404213734898493e-02	7.256071509393367813e-02
1.079790311687859230e+03	2.664083550224030650e-01	1.727736449838467303e-01	2.441893236686643598e-01	1.464635029231359797e-01	6.982476296566897389e-02	2.771608358597662386e-02	7.262432685008794742e-02
1.081241642751955851e+03	2.661749942761685306e-01	1.726246806286048652e-01	2.443529534812218795e-01	1.465603209013148778e-01	6.986110282767588053e-02	2.773809880362899938e-02	7.268784908116859844e-02
1.082692973816052472e+03	2.659420337053512440e-01	1.724759615845385119e-01	2.445162886705847527e-01	1.466569728431869890e-01	6.989737351883930361e-02	2.776008780860592107e-02	7.275128186867690916e-02
1.084144304880149093e+03	2.657094726268345863e-01	1.723274874398240120e-01	2.446793297875831386e-01	1.467534590483738355e-01	6.993357518368106818e-02	2.778205061924556019e-02	7.281462529424140295e-02
1.085595635944245487e+03	2.654773103586661742e-01	1.721792577833465843e-01	2.448420773819052210e-01	1.468497798159200118e-01	6.996970796640489265e-02	2.780398725392421028e-02	7.287787943961657189e-02
1.087046967008342108e+03	2.652455462200553615e-01	1.720312722046990206e-01	2.450045320021000117e-01	1.469459354442945176e-01	7.000577201089702717e-02	2.782589773105603737e-02	7.294104438668166934e-02
1.088498298072438729e+03	2.650141795313718518e-01	1.718835302941804644e-01	2.451666941955800427e-01	1.470419262313919229e-01	7.004176746072705850e-02	2.784778206909282322e-02	7.300412021743951652e-02
1.089949629136535123e+03	2.647832096141432001e-01	1.717360316427951616e-01	2.453285645086241695e-01	1.471377524745335896e-01	7.007769445914863171e-02	2.786964028652372249e-02	7.306710701401522567e-02
1.091400960200631971e+03	2.645526357910531479e-01	1.715887758422511011e-01	2.454901434863802911e-01	1.472334144704688930e-01	7.011355314910014402e-02	2.789147240187501639e-02	7.313000485865504829e-02
1.092852291264728365e+03	2.643224573859396798e-01	1.714417624849587929e-01	2.456514316728681258e-01	1.473289125153764700e-01	7.014934367320550812e-02	2.791327843370985939e-02	7.319281383372518157e-02
1.094303622328825213e+03	2.640926737237929700e-01	1.712949911640300471e-01	2.458124296109819029e-01	1.474242469048653859e-01	7.018506617377480439e-02	2.793505840062805029e-02	7.325553402171049167e-02
1.095754953392921607e+03	2.638632841307532173e-01	1.711484614732765586e-01	2.459731378424931114e-01	1.475194179339764100e-01	7.022072079280514134e-02	2.795681232126577195e-02	7.331816550521341735e-02
1.097206284457018228e+03	2.636342879341092016e-01	1.710021730072087964e-01	2.461335569080532470e-01	1.476144258971830714e-01	7.025630767198122462e-02	2.797854021429535543e-02	7.338070836695273491e-02
1.098657615521114849e+03	2.634056844622958415e-01	1.708561253610347275e-01	2.462936873471963661e-01	1.477092710883931015e-01	7.029182695267617575e-02	2.800024209842503012e-02	7.344316268976242013e-02
1.100108946585211470e+03	2.631774730448925848e-01	1.707103181306584005e-01	2.464535296983419166e-01	1.478039538009494336e-01	7.032727877595219834e-02	2.802191799239870176e-02	7.350552855659041318e-02
1.101560277649308091e+03	2.629496530126212428e-01	1.705647509126789196e-01	2.466130844987974857e-01	1.478984743276315073e-01	7.036266328256132740e-02	2.804356791499568874e-02	7.356780605049752231e-02
1.103011608713404712e+03	2.627222236973441594e-01	1.704194233043890283e-01	2.467723522847613538e-01	1.479928329606563786e-01	7.039798061294609555e-02	2.806519188503049309e-02	7.362999525465623030e-02
1.104462939777501106e+03	2.624951844320622674e-01	1.702743349037738885e-01	2.469313335913251861e-01	1.480870299916800525e-01	7.043323090724029623e-02	2.808678992135255417e-02	7.369209625234947325e-02
1.105914270841597499e+03	2.622685345509130905e-01	1.701294853095099424e-01	2.470900289524767812e-01	1.481810657117985375e-01	7.046841430526969152e-02	2.810836204284603360e-02	7.375410912696964139e-02
1.107365601905694348e+03	2.620422733891689671e-01	1.699848741209635250e-01	2.472484389011026518e-01	1.482749404115490666e-01	7.050353094655266439e-02	2.812990826842954109e-02	7.381603396201731615e-02
1.108816932969790741e+03	2.618164002832349402e-01	1.698405009381895869e-01	2.474065639689907448e-01	1.483686543809113745e-01	7.053858097030096808e-02	2.815142861705594024e-02	7.387787084110013225e-02
1.110268264033887590e+03	2.615909145706469263e-01	1.696963653619307233e-01	2.475644046868330506e-01	1.484622079093087521e-01	7.057356451542044773e-02	2.817292310771207786e-02	7.393961984793173681e-02
1.111719595097984211e+03	2.613658155900698277e-01	1.695524669936156470e-01	2.477219615842281841e-01	1.485556012856092400e-01	7.060848172051170657e-02	2.819439175941856543e-02	7.400128106633058200e-02
1.113170926162080832e+03	2.611411026812955893e-01	1.694088054353580231e-01	2.478792351896841328e-01	1.486488347981269331e-01	7.064333272387082752e-02	2.821583459122954315e-02	7.406285458021882873e-02
1.114622257226177226e+03	2.609167751852411454e-01	1.692653802899553028e-01	2.480362260306207267e-01	1.487419087346229518e-01	7.067811766349003932e-02	2.823725162223244753e-02	7.412434047362119471e-02
1.116073588290273847e+03	2.606928324439467537e-01	1.691221911608875306e-01	2.481929346333724418e-01	1.488348233823068578e-01	7.071283667705850762e-02	2.825864287154778234e-02	7.418573883066394148e-02
1.117524919354370468e+03	2.604692738005739971e-01	1.689792376523159279e-01	2.483493615231909535e-01	1.489275790278375422e-01	7.074748990196290388e-02	2.828000835832888277e-02	7.424704973557366694e-02
1.118976250418467089e+03	2.602460985994037301e-01	1.688365193690818944e-01	2.485055072242475516e-01	1.490201759573246409e-01	7.078207747528819649e-02	2.830134810176168983e-02	7.430827327267623683e-02
1.120427581482563710e+03	2.600233061858342465e-01	1.686940359167056203e-01	2.486613722596359433e-01	1.491126144563295619e-01	7.081659953381831685e-02	2.832266212106452491e-02	7.436940952639571611e-02
1.121878912546660331e+03	2.598008959063796697e-01	1.685517869013848646e-01	2.488169571513747791e-01	1.492048948098666505e-01	7.085105621403681164e-02	2.834395043548783993e-02	7.443045858125328651e-02
1.123330243610756725e+03	2.595788671086677324e-01	1.684097719299939011e-01	2.489722624204102341e-01	1.492970173024043556e-01	7.088544765212760612e-02	2.836521306431401615e-02	7.449142052186609464e-02
1.124781574674853118e+03	2.593572191414377781e-01	1.682679906100821576e-01	2.491272885866185616e-01	1.493889822178664506e-01	7.091977398397561472e-02	2.838645002685711780e-02	7.455229543294625283e-02
1.126232905738949967e+03	2.591359513545394289e-01	1.681264425498729398e-01	2.492820361688086184e-01	1.494807898396330603e-01	7.095403534516749045e-02	2.840766134246268740e-02	7.461308339929971500e-02
1.127684236803046360e+03	2.589150630989299762e-01	1.679851273582624593e-01	2.494365056847244744e-01	1.495724404505419380e-01	7.098823187099229104e-02	2.842884703050749598e-02	7.467378450582524974e-02
1.129135567867143209e+03	2.586945537266731043e-01	1.678440446448184187e-01	2.495906976510479935e-01	1.496639343328894922e-01	7.102236369644213121e-02	2.845000711039933836e-02	7.473439883751333002e-02
1.130586898931239830e+03	2.584744225909367255e-01	1.677031940197787896e-01	2.497446125834013320e-01	1.497552717684320078e-01	7.105643095621293204e-02	2.847114160157680415e-02	7.479492647944512018e-02
1.132038229995336451e+03	2.582546690459912031e-01	1.675625750940507863e-01	2.498982509963494636e-01	1.498464530383868121e-01	7.109043378470501773e-02	2.849225052350904189e-02	7.485536751679142120e-02
1.133489561059432845e+03	2.580352924472072429e-01	1.674221874792095610e-01	2.500516134034026505e-01	1.499374784234332458e-01	7.112437231602385113e-02	2.851333389569556120e-02	7.491572203481160208e-02
1.134940892123529466e+03	2.578162921510543382e-01	1.672820307874969270e-01	2.502047003170191353e-01	1.500283482037139959e-01	7.115824668398069985e-02	2.853439173766600043e-02	7.497599011885255904e-02
1.136392223187626087e+03	2.575976675150988271e-01	1.671421046318203318e-01	2.503575122486074722e-01	1.501190626588361221e-01	7.119205702209328857e-02	2.855542406897989757e-02	7.503617185434768855e-02
1.137843554251722708e+03	2.573794178980018388e-01	1.670024086257514417e-01	2.505100497085291922e-01	1.502096220678722227e-01	7.122580346358653447e-02	2.857643090922648565e-02	7.509626732681590200e-02
1.139294885315819101e+03	2.571615426595177389e-01	1.668629423835251702e-01	2.506623132061011061e-01	1.503000267093614895e-01	7.125948614139313020e-02	2.859741227802446717e-02	7.515627662186048774e-02
1.140746216379915950e+03	2.569440411604920205e-01	1.667237055200384288e-01	2.508143032495980251e-01	1.503902768613109286e-01	7.129310518815426545e-02	2.861836819502179552e-02	7.521619982516822289e-02
1.142197547444012343e+03	2.567269127628595271e-01	1.665846976508487676e-01	2.509660203462550365e-01	1.504803728011964437e-01	7.132666073622032088e-02	2.863929867989546338e-02	7.527603702250824924e-02
1.143648878508108737e+03	2.565101568296426215e-01	1.664459183921734309e-01	2.511174650022700572e-01	1.505703148059638896e-01	7.136015291765147872e-02	2.866020375235127718e-02	7.533578829973112956e-02
1.145100209572205586e+03	2.562937727249492981e-01	1.663073673608879699e-01	2.512686377228062762e-01	1.506601031520302947e-01	7.139358186421841668e-02	2.868108343212365935e-02	7.539545374276784839e-02
1.146551540636302207e+03	2.560777598139714062e-01	1.661690441745253266e-01	2.514195390119949858e-01	1.507497381152849147e-01	7.142694770740298793e-02	2.870193773897541933e-02	7.545503343762875736e-02
1.148002871700398828e+03	2.558621174629828188e-01	1.660309484512743072e-01	2.515701693729373023e-01	1.508392199710903991e-01	7.146025057839883177e-02	2.872276669269754543e-02	7.551452747040260371e-02
1.149454202764495449e+03	2.556468450393374892e-01	1.658930798099786386e-01	2.517205293077072747e-01	1.509285489942837066e-01	7.149349060811210910e-02	2.874357031310898619e-02	7.557393592725557274e-02
1.150905533828591842e+03	2.554319419114676748e-01	1.657554378701358300e-01	2.518706193173540497e-01	1.510177254591774931e-01	7.152666792716209920e-02	2.876434862005644577e-02	7.563325889443027472e-02
1.152356864892688463e+03	2.552174074488822164e-01	1.656180222518957579e-01	2.520204399019042030e-01	1.511067496395609444e-01	7.155978266588189363e-02	2.878510163341416531e-02	7.569249645824474571e-02
1.153808195956785084e+03	2.550032410221644286e-01	1.654808325760598053e-01	2.521699915603644038e-01	1.511956218087011361e-01	7.159283495431900679e-02	2.880582937308372865e-02	7.575164870509150383e-02
1.155259527020881706e+03	2.547894420029705453e-01	1.653438684640793910e-01	2.523192747907236910e-01	1.512843422393438664e-01	7.162582492223609765e-02	2.882653185899383685e-02	7.581071572143657789e-02
1.156710858084978327e+03	2.545760097640277220e-01	1.652071295380550253e-01	2.524682900899560822e-01	1.513729112037149604e-01	7.165875269911158030e-02	2.884720911110010000e-02	7.586969759381853584e-02
1.158162189149074720e+03	2.543629436791324250e-01	1.650706154207350895e-01	2.526170379540226274e-01	1.514613289735212420e-01	7.169161841414026237e-02	2.886786114938483944e-02	7.592859440884751343e-02
1.159613520213171569e+03	2.541502431231484338e-01	1.649343257355146142e-01	2.527655188778741291e-01	1.515495958199516713e-01	7.172442219623403892e-02	2.888848799385687616e-02	7.598740625320425657e-02
1.161064851277267962e+03	2.539379074720050644e-01	1.647982601064341690e-01	2.529137333554533629e-01	1.516377120136784551e-01	7.175716417402248914e-02	2.890908966455131915e-02	7.604613321363921929e-02
1.162516182341364356e+03	2.537259361026952265e-01	1.646624181581787527e-01	2.530616818796976308e-01	1.517256778248579907e-01	7.178984447585359807e-02	2.892966618152936070e-02	7.610477537697155070e-02
1.163967513405461204e+03	2.535143283932740910e-01	1.645267995160764607e-01	2.532093649425408710e-01	1.518134935231321148e-01	7.182246322979431163e-02	2.895021756487808559e-02	7.616333283008820676e-02
1.165418844469557826e+03	2.533030837228566479e-01	1.643914038060976246e-01	2.533567830349163219e-01	1.519011593776291025e-01	7.185502056363123058e-02	2.897074383471024903e-02	7.622180565994297885e-02
1.166870175533654447e+03	2.530922014716163182e-01	1.642562306548533968e-01	2.535039366467587985e-01	1.519886756569647779e-01	7.188751660487127659e-02	2.899124501116408237e-02	7.628019395355556398e-02
1.168321506597751068e+03	2.528816810207831223e-01	1.641212796895947235e-01	2.536508262670068570e-01	1.520760426292434853e-01	7.191995148074226130e-02	2.901172111440309190e-02	7.633849779801069046e-02
1.169772837661847461e+03	2.526715217526416812e-01	1.639865505382112065e-01	2.537974523836054042e-01	1.521632605620593381e-01	7.195232531819360788e-02	2.903217216461585065e-02	7.639671728045710486e-02
1.171224168725944082e+03	2.524617230505296628e-01	1.638520428292298825e-01	2.539438154835080286e-01	1.522503297224971075e-01	7.198463824389692012e-02	2.905259818201580066e-02	7.645485248810673928e-02
1.172675499790040703e+03	2.522522842988358938e-01	1.637177561918142232e-01	2.540899160526792211e-01	1.523372503771333875e-01	7.201689038424664846e-02	2.907299918684105866e-02	7.651290350823375386e-02
1.174126830854137097e+03	2.520432048829984728e-01	1.635836902557627759e-01	2.542357545760966508e-01	1.524240227920376500e-01	7.204908186536071457e-02	2.909337519935420793e-02	7.657087042817364853e-02
1.175578161918233945e+03	2.518344841895031605e-01	1.634498446515082748e-01	2.543813315377538298e-01	1.525106472327732443e-01	7.208121281308119133e-02	2.911372623984210053e-02	7.662875333532233324e-02
1.177029492982330339e+03	2.516261216058814920e-01	1.633162190101163647e-01	2.545266474206619445e-01	1.525971239643985899e-01	7.211328335297485792e-02	2.913405232861566996e-02	7.668655231713523979e-02
1.178480824046426733e+03	2.514181165207089452e-01	1.631828129632844626e-01	2.546717027068525763e-01	1.526834532514680098e-01	7.214529361033390764e-02	2.915435348600971949e-02	7.674426746112647524e-02
1.179932155110523581e+03	2.512104683236034974e-01	1.630496261433407312e-01	2.548164978773798106e-01	1.527696353580330069e-01	7.217724371017648910e-02	2.917462973238273138e-02	7.680189885486786439e-02
1.181383486174620202e+03	2.510031764052232939e-01	1.629166581832427740e-01	2.549610334123225686e-01	1.528556705476432354e-01	7.220913377724740012e-02	2.919488108811668300e-02	7.685944658598807544e-02
1.182834817238716823e+03	2.507962401572654820e-01	1.627839087165767473e-01	2.551053097907871048e-01	1.529415590833474170e-01	7.224096393601869837e-02	2.921510757361683169e-02	7.691691074217178736e-02
1.184286148302813444e+03	2.505896589724639356e-01	1.626513773775559724e-01	2.552493274909088949e-01	1.530273012276946176e-01	7.227273431069032583e-02	2.923530920931153090e-02	7.697429141115878781e-02
1.185737479366910065e+03	2.503834322445877558e-01	1.625190638010200472e-01	2.553930869898553002e-01	1.531128972427351354e-01	7.230444502519070560e-02	2.925548601565203938e-02	7.703158868074305721e-02
1.187188810431006686e+03	2.501775593684396060e-01	1.623869676224335978e-01	2.555365887638276212e-01	1.531983473900215553e-01	7.233609620317740796e-02	2.927563801311232339e-02	7.708880263877196382e-02
1.188640141495103080e+03	2.499720397398536020e-01	1.622550884778852509e-01	2.556798332880633740e-01	1.532836519306098322e-01	7.236768796803773329e-02	2.929576522218887286e-02	7.714593337314537558e-02
1.190091472559199701e+03	2.497668727556939527e-01	1.621234260040864128e-01	2.558228210368387878e-01	1.533688111250603170e-01	7.239922044288935044e-02	2.931586766340049666e-02	7.720298097181479968e-02
1.191542803623296322e+03	2.495620578138529611e-01	1.619919798383701870e-01	2.559655524834706930e-01	1.534538252334387287e-01	7.243069375058092119e-02	2.933594535728814220e-02	7.725994552278257765e-02
1.192994134687392716e+03	2.493575943132493866e-01	1.618607496186903194e-01	2.561080281003190739e-01	1.535386945153172367e-01	7.246210801369265542e-02	2.935599832441470117e-02	7.731682711410091391e-02
1.194445465751489564e+03	2.491534816538266139e-01	1.617297349836200326e-01	2.562502483587891233e-01	1.536234192297755152e-01	7.249346335453703272e-02	2.937602658536482211e-02	7.737362583387116799e-02
1.195896796815585958e+03	2.489497192365509870e-01	1.615989355723509713e-01	2.563922137293336290e-01	1.537079996354017153e-01	7.252475989515930199e-02	2.939603016074473357e-02	7.743034177024292475e-02
1.197348127879682352e+03	2.487463064634100607e-01	1.614683510246920639e-01	2.565339246814551943e-01	1.537924359902934912e-01	7.255599775733817536e-02	2.941600907118203240e-02	7.748697501141321720e-02
1.198799458943779200e+03	2.485432427374107967e-01	1.613379809810684684e-01	2.566753816837083479e-01	1.538767285520590555e-01	7.258717706258638325e-02	2.943596333732551723e-02	7.754352564562565220e-02
1.200250790007875821e+03	2.483405274625779535e-01	1.612078250825203507e-01	2.568165852037018193e-01	1.539608775778182059e-01	7.261829793215131279e-02	2.945589297984499075e-02	7.759999376116957781e-02
1.201702121071972442e+03	2.481381600439522273e-01	1.610778829707019411e-01	2.569575357081008149e-01	1.540448833242032134e-01	7.264936048701561844e-02	2.947579801943108965e-02	7.765637944637930612e-02
1.203153452136069063e+03	2.479361398875886136e-01	1.609481542878803129e-01	2.570982336626291276e-01	1.541287460473600435e-01	7.268036484789780483e-02	2.949567847679507651e-02	7.771268278963325282e-02
1.204604783200165684e+03	2.477344664005546038e-01	1.608186386769344112e-01	2.572386795320713571e-01	1.542124660029492444e-01	7.271131113525283740e-02	2.951553437266868016e-02	7.776890387935314619e-02
1.206056114264262078e+03	2.475331389909285751e-01	1.606893357813538592e-01	2.573788737802751858e-01	1.542960434461468633e-01	7.274219946927275304e-02	2.953536572780388406e-02	7.782504280400316665e-02
1.207507445328358699e+03	2.473321570677979864e-01	1.605602452452378759e-01	2.575188168701535441e-01	1.543794786316456391e-01	7.277302996988722905e-02	2.955517256297278059e-02	7.788109965208925289e-02
1.208958776392455093e+03	2.471315200412577129e-01	1.604313667132942767e-01	2.576585092636865526e-01	1.544627718136559191e-01	7.280380275676426316e-02	2.957495489896735941e-02	7.793707451215818593e-02
1.210410107456551941e+03	2.469312273224082699e-01	1.603026998308383078e-01	2.577979514219242430e-01	1.545459232459066579e-01	7.283451794931068701e-02	2.959471275659933745e-02	7.799296747279679809e-02
1.211861438520648335e+03	2.467312783233541196e-01	1.601742442437915914e-01	2.579371438049881671e-01	1.546289331816464163e-01	7.286517566667277679e-02	2.961444615669997851e-02	7.804877862263126520e-02
1.213312769584745183e+03	2.465316724572020612e-01	1.600459995986810158e-01	2.580760868720738399e-01	1.547118018736443334e-01	7.289577602773689158e-02	2.963415512011990938e-02	7.810450805032626009e-02
1.214764100648841804e+03	2.463324091380593994e-01	1.599179655426377078e-01	2.582147810814528488e-01	1.547945295741911809e-01	7.292631915113004237e-02	2.965383966772895327e-02	7.816015584458416154e-02
1.216215431712937971e+03	2.461334877810323063e-01	1.597901417233959509e-01	2.583532268904750739e-01	1.548771165351003343e-01	7.295680515522047493e-02	2.967349982041592518e-02	7.821572209414427712e-02
1.217666762777034819e+03	2.459349078022240731e-01	1.596625277892921024e-01	2.584914247555706868e-01	1.549595630077087449e-01	7.298723415811825266e-02	2.969313559908848613e-02	7.827120688778206603e-02
1.219118093841131440e+03	2.457366686187335558e-01	1.595351233892634280e-01	2.586293751322523704e-01	1.550418692428778833e-01	7.301760627767588108e-02	2.971274702467294540e-02	7.832661031430837584e-02
1.220569424905228061e+03	2.455387696486532878e-01	1.594079281728472131e-01	2.587670784751174291e-01	1.551240354909948493e-01	7.304792163148886297e-02	2.973233411811409058e-02	7.838193246256869307e-02
1.222020755969324682e+03	2.453412103110679254e-01	1.592809417901795421e-01	2.589045352378501197e-01	1.552060620019732051e-01	7.307818033689630899e-02	2.975189690037501750e-02	7.843717342144232441e-02
1.223472087033421303e+03	2.451439900260524996e-01	1.591541638919942991e-01	2.590417458732234279e-01	1.552879490252540851e-01	7.310838251098152052e-02	2.977143539243693945e-02	7.849233327984168895e-02
1.224923418097517697e+03	2.449471082146707501e-01	1.590275941296221129e-01	2.591787108331013445e-01	1.553696968098070563e-01	7.313852827057254480e-02	2.979094961529902760e-02	7.854741212671152717e-02
1.226374749161614318e+03	2.447505642989735164e-01	1.589012321549892470e-01	2.593154305684412519e-01	1.554513056041312291e-01	7.316861773224279941e-02	2.981043958997823748e-02	7.860241005102813761e-02
1.227826080225710712e+03	2.445543577019968495e-01	1.587750776206165726e-01	2.594519055292954790e-01	1.555327756562560615e-01	7.319865101231162741e-02	2.982990533750912859e-02	7.865732714179865526e-02
1.229277411289807560e+03	2.443584878477606248e-01	1.586491301796185416e-01	2.595881361648137986e-01	1.556141072137424697e-01	7.322862822684486628e-02	2.984934687894369096e-02	7.871216348806032992e-02
1.230728742353903954e+03	2.441629541612666821e-01	1.585233894857020487e-01	2.597241229232454263e-01	1.556953005236837717e-01	7.325854949165545860e-02	2.986876423535118202e-02	7.876691917887970740e-02
1.232180073418000802e+03	2.439677560684971325e-01	1.583978551931654322e-01	2.598598662519411295e-01	1.557763558327066311e-01	7.328841492230399324e-02	2.988815742781794627e-02	7.882159430335199113e-02
1.233631404482097196e+03	2.437728929964128322e-01	1.582725269568974469e-01	2.599953665973552264e-01	1.558572733869719451e-01	7.331822463409934376e-02	2.990752647744726253e-02	7.887618895060019564e-02
1.235082735546193817e+03	2.435783643729515779e-01	1.581474044323761818e-01	2.601306244050477501e-01	1.559380534321759271e-01	7.334797874209915414e-02	2.992687140535915669e-02	7.893070320977452203e-02
1.236534066610290438e+03	2.433841696270265531e-01	1.580224872756679499e-01	2.602656401196863367e-01	1.560186962135510502e-01	7.337767736111047712e-02	2.994619223269022815e-02	7.898513717005156698e-02
1.237985397674387059e+03	2.431903081885246065e-01	1.578977751434263999e-01	2.604004141850487786e-01	1.560992019758669636e-01	7.340732060569032935e-02	2.996548898059351110e-02	7.903949092063361492e-02
1.239436728738483680e+03	2.429967794883046150e-01	1.577732676928913225e-01	2.605349470440244120e-01	1.561795709634313800e-01	7.343690859014623262e-02	2.998476167023827674e-02	7.909376455074794421e-02
1.240888059802580301e+03	2.428035829581958183e-01	1.576489645818876795e-01	2.606692391386166707e-01	1.562598034200912145e-01	7.346644142853685222e-02	3.000401032280987715e-02	7.914795814964607767e-02
1.242339390866676695e+03	2.426107180309962641e-01	1.575248654688245209e-01	2.608032909099449181e-01	1.563398995892333609e-01	7.349591923467248267e-02	3.002323495950958224e-02	7.920207180660308877e-02
1.243790721930773088e+03	2.424181841404709770e-01	1.574009700126940414e-01	2.609371027982465563e-01	1.564198597137856916e-01	7.352534212211565834e-02	3.004243560155440973e-02	7.925610561091690764e-02
1.245242052994869937e+03	2.422259807213504312e-01	1.572772778730703869e-01	2.610706752428790800e-01	1.564996840362180286e-01	7.355471020418172245e-02	3.006161227017697252e-02	7.931005965190759954e-02
1.246693384058966330e+03	2.420341072093289136e-01	1.571537887101088493e-01	2.612040086823220197e-01	1.565793727985431150e-01	7.358402359393938219e-02	3.008076498662528783e-02	7.936393401891665700e-02
1.248144715123063179e+03	2.418425630410628580e-01	1.570305021845445625e-01	2.613371035541791065e-01	1.566589262423174755e-01	7.361328240421126379e-02	3.009989377216264542e-02	7.941772880130633372e-02
1.249596046187159800e+03	2.416513476541692906e-01	1.569074179576916972e-01	2.614699602951800483e-01	1.567383446086423882e-01	7.364248674757445379e-02	3.011899864806741670e-02	7.947144408845892294e-02
1.251047377251256421e+03	2.414604604872239990e-01	1.567845356914422950e-01	2.616025793411829170e-01	1.568176281381648829e-01	7.367163673636110965e-02	3.013807963563291253e-02	7.952507996977610516e-02
1.252498708315352815e+03	2.412699009797600602e-01	1.566618550482653527e-01	2.617349611271758136e-01	1.568967770710785192e-01	7.370073248265900101e-02	3.015713675616721323e-02	7.957863653467821263e-02
1.253950039379449436e+03	2.410796685722662314e-01	1.565393756912056844e-01	2.618671060872790335e-01	1.569757916471245518e-01	7.372977409831203699e-02	3.017617003099300893e-02	7.963211387260360485e-02
1.255401370443546057e+03	2.408897627061852287e-01	1.564170972838830054e-01	2.619990146547471199e-01	1.570546721055926243e-01	7.375876169492082135e-02	3.019517948144743308e-02	7.968551207300794692e-02
1.256852701507642678e+03	2.407001828239121177e-01	1.562950194904907941e-01	2.621306872619706962e-01	1.571334186853218517e-01	7.378769538384327697e-02	3.021416512888191672e-02	7.973883122536355728e-02
1.258304032571739299e+03	2.405109283687927590e-01	1.561731419757954320e-01	2.622621243404785196e-01	1.572120316247016814e-01	7.381657527619510384e-02	3.023312699466201153e-02	7.979207141915875545e-02
1.259755363635835920e+03	2.403219987851221984e-01	1.560514644051349820e-01	2.623933263209394240e-01	1.572905111616728635e-01	7.384540148285038963e-02	3.025206510016724762e-02	7.984523274389712655e-02
1.261206694699932314e+03	2.401333935181428625e-01	1.559299864444184391e-01	2.625242936331645960e-01	1.573688575337282847e-01	7.387417411444216486e-02	3.027097946679096693e-02	7.989831528909693836e-02
1.262658025764028707e+03	2.399451120140432547e-01	1.558087077601244264e-01	2.626550267061090738e-01	1.574470709779139665e-01	7.390289328136291636e-02	3.028987011594017065e-02	7.995131914429046138e-02
1.264109356828125556e+03	2.397571537199560676e-01	1.556876280193004169e-01	2.627855259678739674e-01	1.575251517308299820e-01	7.393155909376511459e-02	3.030873706903535261e-02	8.000424439902327489e-02
1.265560687892221949e+03	2.395695180839568228e-01	1.555667468895616523e-01	2.629157918457084575e-01	1.576031000286313710e-01	7.396017166156185207e-02	3.032758034751035711e-02	8.005709114285365635e-02
1.267012018956318798e+03	2.393822045550619837e-01	1.554460640390900594e-01	2.630458247660116822e-01	1.576809161070289456e-01	7.398873109442731522e-02	3.034639997281221580e-02	8.010985946535191526e-02
1.268463350020415419e+03	2.391952125832276232e-01	1.553255791366333627e-01	2.631756251543346248e-01	1.577586002012904276e-01	7.401723750179733941e-02	3.036519596640098809e-02	8.016254945609976867e-02
1.269914681084511813e+03	2.390085416193476475e-01	1.552052918515039459e-01	2.633051934353821677e-01	1.578361525462410875e-01	7.404569099286996414e-02	3.038396834974962241e-02	8.021516120468966116e-02
1.271366012148608434e+03	2.388221911152522692e-01	1.550852018535780474e-01	2.634345300330149797e-01	1.579135733762648264e-01	7.407409167660596039e-02	3.040271714434378617e-02	8.026769480072415419e-02
1.272817343212705055e+03	2.386361605237064532e-01	1.549653088132945944e-01	2.635636353702515700e-01	1.579908629253050645e-01	7.410243966172938568e-02	3.042144237168172005e-02	8.032015033381527391e-02
1.274268674276801676e+03	2.384504492984082513e-01	1.548456124016542590e-01	2.636925098692698977e-01	1.580680214268655737e-01	7.413073505672808372e-02	3.044014405327409231e-02	8.037252789358391436e-02
1.275720005340898297e+03	2.382650568939872482e-01	1.547261122902184038e-01	2.638211539514096482e-01	1.581450491140114212e-01	7.415897796985430890e-02	3.045882221064383916e-02	8.042482756965917134e-02
1.277171336404994690e+03	2.380799827660030066e-01	1.546068081511082493e-01	2.639495680371740649e-01	1.582219462193698856e-01	7.418716850912517036e-02	3.047747686532600864e-02	8.047704945167773183e-02
1.278622667469091539e+03	2.378952263709434300e-01	1.544876996570037353e-01	2.640777525462315589e-01	1.582987129751313171e-01	7.421530678232321487e-02	3.049610803886762186e-02	8.052919362928327718e-02
1.280073998533187932e+03	2.377107871662232086e-01	1.543687864811425781e-01	2.642057078974179851e-01	1.583753496130500815e-01	7.424339289699692646e-02	3.051471575282750995e-02	8.058126019212583091e-02
1.281525329597284326e+03	2.375266646101822365e-01	1.542500682973193260e-01	2.643334345087385850e-01	1.584518563644453648e-01	7.427142696046128145e-02	3.053330002877618216e-02	8.063324922986116194e-02
1.282976660661381175e+03	2.373428581620840583e-01	1.541315447798842497e-01	2.644609327973694857e-01	1.585282334602021448e-01	7.429940907979833142e-02	3.055186088829566979e-02	8.068516083215016010e-02
1.284427991725477568e+03	2.371593672821142584e-01	1.540132156037425648e-01	2.645882031796599754e-01	1.586044811307720792e-01	7.432733936185761947e-02	3.057039835297936312e-02	8.073699508865823937e-02
1.285879322789574417e+03	2.369761914313789908e-01	1.538950804443532105e-01	2.647152460711342248e-01	1.586805996061743107e-01	7.435521791325680474e-02	3.058891244443188648e-02	8.078875208905474115e-02
1.287330653853671038e+03	2.367933300719032574e-01	1.537771389777280451e-01	2.648420618864930631e-01	1.587565891159963827e-01	7.438304484038214814e-02	3.060740318426893869e-02	8.084043192301232361e-02
1.288781984917767431e+03	2.366107826666294101e-01	1.536593908804308184e-01	2.649686510396161432e-01	1.588324498893952663e-01	7.441082024938902584e-02	3.062587059411715079e-02	8.089203468020636500e-02
1.290233315981864052e+03	2.364285486794157343e-01	1.535418358295761454e-01	2.650950139435634956e-01	1.589081821550979434e-01	7.443854424620247046e-02	3.064431469561393687e-02	8.094356045031436686e-02
