1.001418434226643626e+03	2.795898763004385223e-01	1.812333943618878729e-01	2.349104004118914846e-01	1.409685338814735955e-01	6.774680779163223809e-02	2.649633827101210981e-02	6.905464898144403341e-02
1.003837319333471214e+03	2.791630652906416099e-01	1.809626022656935507e-01	2.352111229144317195e-01	1.411450167631648211e-01	6.781377681817185588e-02	2.653575635215606188e-02	6.916865959552023768e-02
1.006256204440298802e+03	2.787374739348967845e-01	1.806925531838262655e-01	2.355109419212799426e-01	1.413209898033895573e-01	6.788053123267456801e-02	2.657510158143168086e-02	6.928240834228106826e-02
1.008675089547126618e+03	2.783130987595915373e-01	1.804232450369509244e-01	2.358098602574948688e-01	1.414964545996092449e-01	6.794707180268172442e-02	2.661437399869526904e-02	6.939589554475629474e-02
1.011093974653954206e+03	2.778899363010222667e-01	1.801546757517050457e-01	2.361078807381948308e-01	1.416714127436608239e-01	6.801339929278520102e-02	2.665357364448754651e-02	6.950912152792411425e-02
1.013512859760782021e+03	2.774679831053660783e-01	1.798868432606806900e-01	2.364050061685999404e-01	1.418458658217799928e-01	6.807951446463947343e-02	2.669270056002783983e-02	6.962208661868581061e-02
1.015931744867609382e+03	2.770472357286524745e-01	1.796197455024063083e-01	2.367012393440740825e-01	1.420198154146244118e-01	6.814541807697363507e-02	2.673175478720831583e-02	6.973479114584064942e-02
1.018350629974437197e+03	2.766276907367350990e-01	1.793533804213288119e-01	2.369965830501665760e-01	1.421932630972968237e-01	6.821111088560340152e-02	2.677073636858823963e-02	6.984723544006099516e-02
1.020769515081264785e+03	2.762093447052636486e-01	1.790877459677957251e-01	2.372910400626536409e-01	1.423662104393680350e-01	6.827659364344300374e-02	2.680964534738828134e-02	6.995941983386765040e-02
1.023188400188092373e+03	2.757921942196558951e-01	1.788228400980371724e-01	2.375846131475799206e-01	1.425386590048998148e-01	6.834186710051706748e-02	2.684848176748482959e-02	7.007134466160530595e-02
1.025607285294920075e+03	2.753762358750695971e-01	1.785586607741482257e-01	2.378773050612992823e-01	1.427106103524676817e-01	6.840693200397247875e-02	2.688724567340438146e-02	7.018301025941828253e-02
1.028026170401747549e+03	2.749614662763748552e-01	1.782952059640711406e-01	2.381691185505160069e-01	1.428820660351834693e-01	6.847178909809005509e-02	2.692593711031792889e-02	7.029441696522648053e-02
1.030445055508575479e+03	2.745478820381260232e-01	1.780324736415776765e-01	2.384600563523250893e-01	1.430530276007179191e-01	6.853643912429636942e-02	2.696455612403539717e-02	7.040556511870146861e-02
1.032863940615402726e+03	2.741354797845340641e-01	1.777704617862513881e-01	2.387501211942530954e-01	1.432234965913231350e-01	6.860088282117536573e-02	2.700310276100011814e-02	7.051645506124279428e-02
1.035282825722230655e+03	2.737242561494391269e-01	1.775091683834701672e-01	2.390393157942979907e-01	1.433934745438548430e-01	6.866512092447996096e-02	2.704157706828333799e-02	7.062708713595453047e-02
1.037701710829058356e+03	2.733142077762826250e-01	1.772485914243887017e-01	2.393276428609695528e-01	1.435629629897946236e-01	6.872915416714367454e-02	2.707997909357874600e-02	7.073746168762193309e-02
1.040120595935886058e+03	2.729053313180802576e-01	1.769887289059210722e-01	2.396151050933289783e-01	1.437319634552719494e-01	6.879298327929209145e-02	2.711830888519704830e-02	7.084757906268841776e-02
1.042539481042713533e+03	2.724976234373940875e-01	1.767295788307233217e-01	2.399017051810285739e-01	1.439004774610863346e-01	6.885660898825432530e-02	2.715656649206057288e-02	7.095743960923257820e-02
1.044958366149541234e+03	2.720910808063054520e-01	1.764711392071761642e-01	2.401874458043512239e-01	1.440685065227290396e-01	6.892003201857448136e-02	2.719475196369791278e-02	7.106704367694553770e-02
1.047377251256368709e+03	2.716857001063877619e-01	1.762134080493676924e-01	2.404723296342495265e-01	1.442360521504048587e-01	6.898325309202300859e-02	2.723286535023858659e-02	7.117639161710838380e-02
1.049796136363196410e+03	2.712814780286793015e-01	1.759563833770761698e-01	2.407563593323849283e-01	1.444031158490538813e-01	6.904627292760802393e-02	2.727090670240773368e-02	7.128548378256983897e-02
1.052215021470024112e+03	2.708784112736560279e-01	1.757000632157528497e-01	2.410395375511664162e-01	1.445696991183729740e-01	6.910909224158653941e-02	2.730887607152088919e-02	7.139432052772416715e-02
1.054633906576851814e+03	2.704764965512047037e-01	1.754444455965050165e-01	2.413218669337892364e-01	1.447358034528373194e-01	6.917171174747574480e-02	2.734677350947870011e-02	7.150290220848912193e-02
1.057052791683679516e+03	2.700757305805959185e-01	1.751895285560787496e-01	2.416033501142733353e-01	1.449014303417216210e-01	6.923413215606416538e-02	2.738459906876175576e-02	7.161122918228425560e-02
1.059471676790506763e+03	2.696761100904572217e-01	1.749353101368421315e-01	2.418839897175015241e-01	1.450665812691214751e-01	6.929635417542277798e-02	2.742235280242542178e-02	7.171930180800926979e-02
1.061890561897334692e+03	2.692776318187463103e-01	1.746817883867682053e-01	2.421637883592574758e-01	1.452312577139744099e-01	6.935837851091611328e-02	2.746003476409469152e-02	7.182712044602262980e-02
1.064309447004162394e+03	2.688802925127243837e-01	1.744289613594180721e-01	2.424427486462636949e-01	1.453954611500810068e-01	6.942020586521323311e-02	2.749764500795908589e-02	7.193468545812031767e-02
1.066728332110990095e+03	2.684840889289295540e-01	1.741768271139242652e-01	2.427208731762190708e-01	1.455591930461257733e-01	6.948183693829877716e-02	2.753518358876758110e-02	7.204199720751479352e-02
1.069147217217817570e+03	2.680890178331500895e-01	1.739253837149737636e-01	2.429981645378364030e-01	1.457224548656979868e-01	6.954327242748387095e-02	2.757265056182357441e-02	7.214905605881409556e-02
1.071566102324645271e+03	2.676950760003982133e-01	1.736746292327914776e-01	2.432746253108796219e-01	1.458852480673124008e-01	6.960451302741700597e-02	2.761004598297986737e-02	7.225586237800117606e-02
1.073984987431472746e+03	2.673022602148835691e-01	1.734245617431235398e-01	2.435502580662008143e-01	1.460475741044299225e-01	6.966555943009490603e-02	2.764736990863367674e-02	7.236241653241336225e-02
1.076403872538300675e+03	2.669105672699868537e-01	1.731751793272206241e-01	2.438250653657771938e-01	1.462094344254780964e-01	6.972641232487329643e-02	2.768462239572170788e-02	7.246871889072196982e-02
1.078822757645127922e+03	2.665199939682337815e-01	1.729264800718215978e-01	2.440990497627477940e-01	1.463708304738715604e-01	6.978707239847767307e-02	2.772180350171522117e-02	7.257476982291216627e-02
1.081241642751955851e+03	2.661305371212684956e-01	1.726784620691368399e-01	2.443722138014499390e-01	1.465317636880323071e-01	6.984754033501401616e-02	2.775891328461514707e-02	7.268056970026297303e-02
1.083660527858783553e+03	2.657421935498280319e-01	1.724311234168320328e-01	2.446445600174556312e-01	1.466922355014100288e-01	6.990781681597940667e-02	2.779595180294723578e-02	7.278611889532739243e-02
1.086079412965611255e+03	2.653549600837157851e-01	1.721844622180115636e-01	2.449160909376076611e-01	1.468522473425020736e-01	6.996790252027268453e-02	2.783291911575722435e-02	7.289141778191272902e-02
1.088498298072438729e+03	2.649688335617759183e-01	1.719384765812023985e-01	2.451868090800555511e-01	1.470118006348736794e-01	7.002779812420498184e-02	2.786981528260604191e-02	7.299646673506114680e-02
1.090917183179266431e+03	2.645838108318673831e-01	1.716931646203377348e-01	2.454567169542913874e-01	1.471708967971777637e-01	7.008750430151025612e-02	2.790664036356504257e-02	7.310126613103025417e-02
1.093336068286093905e+03	2.641998887508378857e-01	1.714485244547407639e-01	2.457258170611853754e-01	1.473295372431747685e-01	7.014702172335576802e-02	2.794339441921126974e-02	7.320581634727400810e-02
1.095754953392921607e+03	2.638170641844985731e-01	1.712045542091085726e-01	2.459941118930212556e-01	1.474877233817524502e-01	7.020635105835248968e-02	2.798007751062274104e-02	7.331011776242365996e-02
1.098173838499749309e+03	2.634353340075981653e-01	1.709612520134960456e-01	2.462616039335316642e-01	1.476454566169455584e-01	7.026549297256554083e-02	2.801668969937378198e-02	7.341417075626890942e-02
1.100592723606577010e+03	2.630546951037974202e-01	1.707186160032997946e-01	2.465282956579330498e-01	1.478027383479552925e-01	7.032444812952448610e-02	2.805323104753036645e-02	7.351797570973923890e-02
1.103011608713404712e+03	2.626751443656435980e-01	1.704766443192421710e-01	2.467941895329606172e-01	1.479595699691688138e-01	7.038321719023360457e-02	2.808970161764550583e-02	7.362153300488535890e-02
1.105430493820231959e+03	2.622966786945449269e-01	1.702353351073553067e-01	2.470592880169030503e-01	1.481159528701785910e-01	7.044180081318224262e-02	2.812610147275464850e-02	7.372484302486090324e-02
1.107849378927059888e+03	2.619192950007454557e-01	1.699946865189652656e-01	2.473235935596370394e-01	1.482718884358016909e-01	7.050019965435490310e-02	2.816243067637111408e-02	7.382790615390416589e-02
1.110268264033887590e+03	2.615429902032997411e-01	1.697546967106761118e-01	2.475871086026616985e-01	1.484273780460989289e-01	7.055841436724150095e-02	2.819868929248157616e-02	7.393072277732004594e-02
1.112687149140715292e+03	2.611677612300474793e-01	1.695153638443542832e-01	2.478498355791326491e-01	1.485824230763939935e-01	7.061644560284745242e-02	2.823487738554154164e-02	7.403329328146217303e-02
1.115106034247542766e+03	2.607936050175885812e-01	1.692766860871126877e-01	2.481117769138961870e-01	1.487370248972923470e-01	7.067429400970375031e-02	2.827099502047087168e-02	7.413561805371515767e-02
1.117524919354370468e+03	2.604205185112577481e-01	1.690386616112951879e-01	2.483729350235230615e-01	1.488911848747002387e-01	7.073196023387696985e-02	2.830704226264934772e-02	7.423769748247699418e-02
1.119943804461197942e+03	2.600484986651001029e-01	1.688012885944608077e-01	2.486333123163420589e-01	1.490449043698434395e-01	7.078944491897931623e-02	2.834301917791223410e-02	7.433953195714163020e-02
1.122362689568025871e+03	2.596775424418455436e-01	1.685645652193682453e-01	2.488929111924736981e-01	1.491981847392859772e-01	7.084674870617851949e-02	2.837892583254588916e-02	7.444112186808166109e-02
1.124781574674853118e+03	2.593076468128844292e-01	1.683284896739603576e-01	2.491517340438635097e-01	1.493510273349487882e-01	7.090387223420781260e-02	2.841476229328340763e-02	7.454246760663121862e-02
1.127200459781681047e+03	2.589388087582426001e-01	1.680930601513485889e-01	2.494097832543151205e-01	1.495034335041282303e-01	7.096081613937568755e-02	2.845052862730026305e-02	7.464356956506897067e-02
1.129619344888508749e+03	2.585710252665565645e-01	1.678582748497977339e-01	2.496670611995234490e-01	1.496554045895145679e-01	7.101758105557583189e-02	2.848622490221001252e-02	7.474442813660127360e-02
1.132038229995336451e+03	2.582042933350490732e-01	1.676241319727103940e-01	2.499235702471074017e-01	1.498069419292102633e-01	7.107416761429684315e-02	2.852185118606000852e-02	7.484504371534540790e-02
1.134457115102163925e+03	2.578386099695044176e-01	1.673906297286116840e-01	2.501793127566426800e-01	1.499580468567483504e-01	7.113057644463195717e-02	2.855740754732713493e-02	7.494541669631318848e-02
1.136876000208991627e+03	2.574739721842439488e-01	1.671577663311339390e-01	2.504342910796941712e-01	1.501087207011106150e-01	7.118680817328877641e-02	2.859289405491357780e-02	7.504554747539439463e-02
1.139294885315819101e+03	2.571103770021016532e-01	1.669255399990016153e-01	2.506885075598485058e-01	1.502589647867455247e-01	7.124286342459890120e-02	2.862831077814263075e-02	7.514543644934057465e-02
1.141713770422646803e+03	2.567478214543998938e-01	1.666939489560159693e-01	2.509419645327460313e-01	1.504087804335864920e-01	7.129874282052757473e-02	2.866365778675451087e-02	7.524508401574890593e-02
1.144132655529474505e+03	2.563863025809250407e-01	1.664629914310399583e-01	2.511946643261130374e-01	1.505581689570696657e-01	7.135444698068320324e-02	2.869893515090220573e-02	7.534449057304622166e-02
1.146551540636302207e+03	2.560258174299031575e-01	1.662326656579833084e-01	2.514466092597936742e-01	1.507071316681517781e-01	7.140997652232694559e-02	2.873414294114734827e-02	7.544365652047316240e-02
1.148970425743129908e+03	2.556663630579760205e-01	1.660029698757872763e-01	2.516978016457813161e-01	1.508556698733279078e-01	7.146533206038217789e-02	2.876928122845612626e-02	7.554258225806848026e-02
1.151389310849957155e+03	2.553079365301770265e-01	1.657739023284098001e-01	2.519482437882507031e-01	1.510037848746491884e-01	7.152051420744388877e-02	2.880435008419519535e-02	7.564126818665345420e-02
1.153808195956785084e+03	2.549505349199070459e-01	1.655454612648105672e-01	2.521979379835890267e-01	1.511514779697403776e-01	7.157552357378819952e-02	2.883934958012764754e-02	7.573971470781645787e-02
1.156227081063612786e+03	2.545941553089106635e-01	1.653176449389360814e-01	2.524468865204269608e-01	1.512987504518173154e-01	7.163036076738162061e-02	2.887427978840898316e-02	7.583792222389766635e-02
1.158645966170440488e+03	2.542387947872521425e-01	1.650904516097048413e-01	2.526950916796703583e-01	1.514456036097044933e-01	7.168502639389048858e-02	2.890914078158310710e-02	7.593589113797390155e-02
1.161064851277267962e+03	2.538844504532917212e-01	1.648638795409926583e-01	2.529425557345305609e-01	1.515920387278522630e-01	7.173952105669015311e-02	2.894393263257838064e-02	7.603362185384358873e-02
1.163483736384095664e+03	2.535311194136619095e-01	1.646379270016176954e-01	2.531892809505557618e-01	1.517380570863540723e-01	7.179384535687427515e-02	2.897865541470364542e-02	7.613111477601187949e-02
1.165902621490923138e+03	2.531787987832437303e-01	1.644125922653260907e-01	2.534352695856614268e-01	1.518836599609638127e-01	7.184799989326406955e-02	2.901330920164433072e-02	7.622837030967587191e-02
1.168321506597751068e+03	2.528274856851430719e-01	1.641878736107769965e-01	2.536805238901606030e-01	1.520288486231126945e-01	7.190198526241739496e-02	2.904789406745854341e-02	7.632538886070996953e-02
1.170740391704578315e+03	2.524771772506674283e-01	1.639637693215282299e-01	2.539250461067946163e-01	1.521736243399264832e-01	7.195580205863796874e-02	2.908241008657320298e-02	7.642217083565140678e-02
1.173159276811406244e+03	2.521278706193020858e-01	1.637402776860216458e-01	2.541688384707629367e-01	1.523179883742422636e-01	7.200945087398437361e-02	2.911685733378019392e-02	7.651871664168584386e-02
1.175578161918233945e+03	2.517795629386869738e-01	1.635173969975685648e-01	2.544119032097534872e-01	1.524619419846253432e-01	7.206293229827921698e-02	2.915123588423254586e-02	7.661502668663311422e-02
1.177997047025061647e+03	2.514322513645933510e-01	1.632951255543354241e-01	2.546542425439725088e-01	1.526054864253861276e-01	7.211624691911802665e-02	2.918554581344063453e-02	7.671110137893313863e-02
1.180415932131889122e+03	2.510859330609003792e-01	1.630734616593293718e-01	2.548958586861742037e-01	1.527486229465966627e-01	7.216939532187832684e-02	2.921978719726841395e-02	7.680694112763186698e-02
1.182834817238716823e+03	2.507406051995718643e-01	1.628524036203838066e-01	2.551367538416904890e-01	1.528913527941073436e-01	7.222237808972852002e-02	2.925396011192966939e-02	7.690254634236748377e-02
1.185253702345544298e+03	2.503962649606334967e-01	1.626319497501442224e-01	2.553769302084603066e-01	1.530336772095634845e-01	7.227519580363681029e-02	2.928806463398428081e-02	7.699791743335658578e-02
1.187672587452371999e+03	2.500529095321494810e-01	1.624120983660537476e-01	2.556163899770590442e-01	1.531755974304216672e-01	7.232784904238007129e-02	2.932210084033454178e-02	7.709305481138059579e-02
1.190091472559199701e+03	2.497105361101996102e-01	1.621928477903391563e-01	2.558551353307277898e-01	1.533171146899662551e-01	7.238033838255263086e-02	2.935606880822146103e-02	7.718795888777223169e-02
1.192510357666027403e+03	2.493691418988563668e-01	1.619741963499964910e-01	2.560931684454023083e-01	1.534582302173255752e-01	7.243266439857509731e-02	2.938996861522113341e-02	7.728263007440215604e-02
1.194929242772855105e+03	2.490287241101620253e-01	1.617561423767771012e-01	2.563304914897417963e-01	1.535989452374882935e-01	7.248482766270308852e-02	2.942380033924108657e-02	7.737706878366569507e-02
1.197348127879682352e+03	2.486892799641058638e-01	1.615386842071733775e-01	2.565671066251579702e-01	1.537392609713194858e-01	7.253682874503597500e-02	2.945756405851669008e-02	7.747127542846969639e-02
1.199767012986510281e+03	2.483508066886015164e-01	1.613218201824049014e-01	2.568030160058433209e-01	1.538791786355766800e-01	7.258866821352551180e-02	2.949125985160756802e-02	7.756525042221946997e-02
1.202185898093337983e+03	2.480133015194641299e-01	1.611055486484044008e-01	2.570382217787999246e-01	1.540186994429259826e-01	7.264034663398448444e-02	2.952488779739404282e-02	7.765899417880595124e-02
1.204604783200165684e+03	2.476767617003879374e-01	1.608898679558037059e-01	2.572727260838675867e-01	1.541578246019578713e-01	7.269186457009536861e-02	2.955844797507359289e-02	7.775250711259282244e-02
1.207023668306993159e+03	2.473411844829236650e-01	1.606747764599199824e-01	2.575065310537519858e-01	1.542965553172031823e-01	7.274322258341878178e-02	2.959194046415733817e-02	7.784578963840391164e-02
1.209442553413820860e+03	2.470065671264559670e-01	1.604602725207417702e-01	2.577396388140529848e-01	1.544348927891488477e-01	7.279442123340214288e-02	2.962536534446655670e-02	7.793884217151056393e-02
1.211861438520648335e+03	2.466729068981811379e-01	1.602463545029152170e-01	2.579720514832923861e-01	1.545728382142534940e-01	7.284546107738804066e-02	2.965872269612920484e-02	7.803166512761924856e-02
1.214280323627476264e+03	2.463402010730847691e-01	1.600330207757303946e-01	2.582037711729417984e-01	1.547103927849633187e-01	7.289634267062279627e-02	2.969201259957647554e-02	7.812425892285917994e-02
1.216699208734303511e+03	2.460084469339193780e-01	1.598202697131074490e-01	2.584347999874502255e-01	1.548475576897273831e-01	7.294706656626480379e-02	2.972523513553938790e-02	7.821662397377010523e-02
1.219118093841131440e+03	2.456776417711822313e-01	1.596080996935829444e-01	2.586651400242716559e-01	1.549843341130132945e-01	7.299763331539296796e-02	2.975839038504535239e-02	7.830876069729021671e-02
1.221536978947959142e+03	2.453477828830932239e-01	1.593965091002962908e-01	2.588947933738925955e-01	1.551207232353225829e-01	7.304804346701498918e-02	2.979147842941482632e-02	7.840066951074411983e-02
1.223955864054786844e+03	2.450188675755728129e-01	1.591854963209760887e-01	2.591237621198591023e-01	1.552567262332059661e-01	7.309829756807574574e-02	2.982449935025793461e-02	7.849235083183092598e-02
1.226374749161614318e+03	2.446908931622198968e-01	1.589750597479266392e-01	2.593520483388040976e-01	1.553923442792787823e-01	7.314839616346555107e-02	2.985745322947114255e-02	7.858380507861251196e-02
1.228793634268442020e+03	2.443638569642899161e-01	1.587651977780143719e-01	2.595796541004742886e-01	1.555275785422360058e-01	7.319833979602836938e-02	2.989034014923393559e-02	7.867503266950177931e-02
1.231212519375269494e+03	2.440377563106729819e-01	1.585559088126544391e-01	2.598065814677568697e-01	1.556624301868676230e-01	7.324812900657004522e-02	2.992316019200553373e-02	7.876603402325119130e-02
1.233631404482097196e+03	2.437125885378719770e-01	1.583471912577973095e-01	2.600328324967066673e-01	1.557969003740734271e-01	7.329776433386646362e-02	2.995591344052161292e-02	7.885680955894114330e-02
1.236050289588924898e+03	2.433883509899808784e-01	1.581390435239154180e-01	2.602584092365726187e-01	1.559309902608782272e-01	7.334724631467171019e-02	2.998859997779105765e-02	7.894735969596879122e-02
1.238469174695752372e+03	2.430650410186629418e-01	1.579314640259896485e-01	2.604833137298239176e-01	1.560647010004466984e-01	7.339657548372613416e-02	3.002121988709273437e-02	7.903768485403664390e-02
1.240888059802580301e+03	2.427426559831290520e-01	1.577244511834962892e-01	2.607075480121769373e-01	1.561980337420981746e-01	7.344575237376448074e-02	3.005377325197228569e-02	7.912778545314151646e-02
1.243306944909407548e+03	2.424211932501162681e-01	1.575180034203936263e-01	2.609311141126210432e-01	1.563309896313215819e-01	7.349477751552385696e-02	3.008626015623893854e-02	7.921766191356340026e-02
1.245725830016235477e+03	2.421006501938661737e-01	1.573121191651088713e-01	2.611540140534449606e-01	1.564635698097900651e-01	7.354365143775176694e-02	3.011868068396233653e-02	7.930731465585456885e-02
1.248144715123063179e+03	2.417810241961034501e-01	1.571067968505248380e-01	2.613762498502625875e-01	1.565957754153756432e-01	7.359237466721407772e-02	3.015103491946940009e-02	7.939674410082872558e-02
1.250563600229890881e+03	2.414623126460145319e-01	1.569020349139668979e-01	2.615978235120390294e-01	1.567276075821638359e-01	7.364094772870295735e-02	3.018332294734120402e-02	7.948595066955026212e-02
1.252982485336718355e+03	2.411445129402261245e-01	1.566978317971899903e-01	2.618187370411161896e-01	1.568590674404681529e-01	7.368937114504472974e-02	3.021554485240986881e-02	7.957493478332358650e-02
1.255401370443546057e+03	2.408276224827841372e-01	1.564941859463654383e-01	2.620389924332385267e-01	1.569901561168446091e-01	7.373764543710782660e-02	3.024770071975547286e-02	7.966369686368260372e-02
1.257820255550373531e+03	2.405116386851322841e-01	1.562910958120680704e-01	2.622585916775784232e-01	1.571208747341059919e-01	7.378577112381053127e-02	3.027979063470300630e-02	7.975223733238029356e-02
1.260239140657201460e+03	2.401965589660910172e-01	1.560885598492631754e-01	2.624775367567616646e-01	1.572512244113362934e-01	7.383374872212883355e-02	3.031181468281930053e-02	7.984055661137828830e-02
1.262658025764028707e+03	2.398823807518364049e-01	1.558865765172936513e-01	2.626958296468926979e-01	1.573812062639048936e-01	7.388157874710415962e-02	3.034377294991003754e-02	7.992865512283667262e-02
1.265076910870856636e+03	2.395691014758791204e-01	1.556851442798671548e-01	2.629134723175797217e-01	1.575108214034808274e-01	7.392926171185115747e-02	3.037566552201671766e-02	8.001653328910382501e-02
1.267495795977684338e+03	2.392567185790434037e-01	1.554842616050431947e-01	2.631304667319596668e-01	1.576400709380468557e-01	7.397679812756531581e-02	3.040749248541369312e-02	8.010419153270637027e-02
1.269914681084511813e+03	2.389452295094462442e-01	1.552839269652203369e-01	2.633468148467232872e-01	1.577689559719135659e-01	7.402418850353070789e-02	3.043925392660520521e-02	8.019163027633915974e-02
1.272333566191339514e+03	2.386346317224764813e-01	1.550841388371236029e-01	2.635625186121396402e-01	1.578974776057332774e-01	7.407143334712758265e-02	3.047094993232242130e-02	8.027884994285543196e-02
1.274752451298167216e+03	2.383249226807740428e-01	1.548848957017915917e-01	2.637775799720811776e-01	1.580256369365141134e-01	7.411853316383999746e-02	3.050258058952054138e-02	8.036585095525704270e-02
1.277171336404994690e+03	2.380160998542090456e-01	1.546861960445639061e-01	2.639920008640477267e-01	1.581534350576337677e-01	7.416548845726336769e-02	3.053414598537586983e-02	8.045263373668476437e-02
1.279590221511822392e+03	2.377081607198614221e-01	1.544880383550684966e-01	2.642057832191915812e-01	1.582808730588533275e-01	7.421229972911198847e-02	3.056564620728292880e-02	8.053919871040869649e-02
1.282009106618650094e+03	2.374011027619999936e-01	1.542904211272090320e-01	2.644189289623412598e-01	1.584079520263311225e-01	7.425896747922661190e-02	3.059708134285160641e-02	8.062554629981875942e-02
1.284427991725477568e+03	2.370949234720621801e-01	1.540933428591524379e-01	2.646314400120260979e-01	1.585346730426362150e-01	7.430549220558183010e-02	3.062845147990429784e-02	8.071167692841527130e-02
1.286846876832305497e+03	2.367896203486332951e-01	1.538968020533163228e-01	2.648433182805001174e-01	1.586610371867622216e-01	7.435187440429359695e-02	3.065975670647308818e-02	8.079759101979962221e-02
1.289265761939132744e+03	2.364851908974262562e-01	1.537007972163565994e-01	2.650545656737661737e-01	1.587870455341407194e-01	7.439811456962656944e-02	3.069099711079692136e-02	8.088328899766505931e-02
1.291684647045960673e+03	2.361816326312611014e-01	1.535053268591549114e-01	2.652651840915995485e-01	1.589126991566548464e-01	7.444421319400156001e-02	3.072217278131882806e-02	8.096877128578752747e-02
1.294103532152788375e+03	2.358789430700447554e-01	1.533103894968063374e-01	2.654751754275720410e-01	1.590379991226526235e-01	7.449017076800285020e-02	3.075328380668315015e-02	8.105403830801657938e-02
1.296522417259616077e+03	2.355771197407506845e-01	1.531159836486070402e-01	2.656845415690753942e-01	1.591629464969604169e-01	7.453598778038547645e-02	3.078433027573278594e-02	8.113909048826647985e-02
1.298941302366443551e+03	2.352761601773987188e-01	1.529221078380419152e-01	2.658932843973449978e-01	1.592875423408963154e-01	7.458166471808258535e-02	3.081531227750644933e-02	8.122392825050722687e-02
1.301360187473271253e+03	2.349760619210349566e-01	1.527287605927724334e-01	2.661014057874831473e-01	1.594117877122832594e-01	7.462720206621265007e-02	3.084622990123596017e-02	8.130855201875580862e-02
1.303779072580098727e+03	2.346768225197116697e-01	1.525359404446242073e-01	2.663089076084823037e-01	1.595356836654622801e-01	7.467260030808670068e-02	3.087708323634353116e-02	8.139296221706748824e-02
1.306197957686926657e+03	2.343784395284671807e-01	1.523436459295749446e-01	2.665157917232486851e-01	1.596592312513056278e-01	7.471785992521551290e-02	3.090787237243911023e-02	8.147715926952713017e-02
1.308616842793753904e+03	2.340809105093059617e-01	1.521518755877422635e-01	2.667220599886249710e-01	1.597824315172298448e-01	7.476298139731678283e-02	3.093859739931770214e-02	8.156114360024067922e-02
1.311035727900581833e+03	2.337842330311787065e-01	1.519606279633715085e-01	2.669277142554133953e-01	1.599052855072088941e-01	7.480796520232227409e-02	3.096925840695671783e-02	8.164491563332670898e-02
1.313454613007409534e+03	2.334884046699625404e-01	1.517699016048238425e-01	2.671327563683987272e-01	1.600277942617868987e-01	7.485281181638489545e-02	3.099985548551337233e-02	8.172847579290798414e-02
1.315873498114237009e+03	2.331934230084410642e-01	1.515796950645639796e-01	2.673371881663709204e-01	1.601499588180912703e-01	7.489752171388583402e-02	3.103038872532204451e-02	8.181182450310323095e-02
1.318292383221064711e+03	2.328992856362847308e-01	1.513900068991483050e-01	2.675410114821478169e-01	1.602717802098453659e-01	7.494209536744150801e-02	3.106085821689169926e-02	8.189496218801886607e-02
1.320711268327892412e+03	2.326059901500311111e-01	1.512008356692129685e-01	2.677442281425980175e-01	1.603932594673813938e-01	7.498653324791063057e-02	3.109126405090332362e-02	8.197788927174086415e-02
1.323130153434719887e+03	2.323135341530653264e-01	1.510121799394617825e-01	2.679468399686627533e-01	1.605143976176531262e-01	7.503083582440123189e-02	3.112160631820735587e-02	8.206060617832669490e-02
1.325549038541547588e+03	2.320219152556003972e-01	1.508240382786544820e-01	2.681488487753788674e-01	1.606351956842484996e-01	7.507500356427752874e-02	3.115188510982114939e-02	8.214311333179734331e-02
1.327967923648375290e+03	2.317311310746577036e-01	1.506364092595948168e-01	2.683502563719005196e-01	1.607556546874023551e-01	7.511903693316696051e-02	3.118210051692644688e-02	8.222541115612944096e-02
1.330386808755202765e+03	2.314411792340476115e-01	1.504492914591187003e-01	2.685510645615217795e-01	1.608757756440088726e-01	7.516293639496700318e-02	3.121225263086688587e-02	8.230750007524738343e-02
1.332805693862030694e+03	2.311520573643500442e-01	1.502626834580824966e-01	2.687512751416984425e-01	1.609955595676341167e-01	7.520670241185203886e-02	3.124234154314550413e-02	8.238938051301561427e-02
1.335224578968857941e+03	2.308637631028950532e-01	1.500765838413512243e-01	2.689508899040699563e-01	1.611150074685284705e-01	7.525033544428028076e-02	3.127236734542225560e-02	8.247105289323096444e-02
1.337643464075685870e+03	2.305762940937436389e-01	1.498909911977869269e-01	2.691499106344815151e-01	1.612341203536391265e-01	7.529383595100046234e-02	3.130233012951158522e-02	8.255251763961500566e-02
1.340062349182513572e+03	2.302896479876683777e-01	1.497059041202368490e-01	2.693483391130054305e-01	1.613528992266222706e-01	7.533720438905870675e-02	3.133222998737995868e-02	8.263377517580658416e-02
1.342481234289341273e+03	2.300038224421343813e-01	1.495213212055220009e-01	2.695461771139632257e-01	1.614713450878554613e-01	7.538044121380527152e-02	3.136206701114346851e-02	8.271482592535436829e-02
1.344900119396168748e+03	2.297188151212800067e-01	1.493372410544253348e-01	2.697434264059468401e-01	1.615894589344498422e-01	7.542354687890123754e-02	3.139184129306542281e-02	8.279567031170943781e-02
1.347319004502996449e+03	2.294346236958979823e-01	1.491536622716804761e-01	2.699400887518401682e-01	1.617072417602622991e-01	7.546652183632522604e-02	3.142155292555392360e-02	8.287630875821802579e-02
1.349737889609823924e+03	2.291512458434162292e-01	1.489705834659599548e-01	2.701361659088404310e-01	1.618246945559075334e-01	7.550936653638010143e-02	3.145120200115954223e-02	8.295674168811427440e-02
1.352156774716651853e+03	2.288686792478788756e-01	1.487880032498638261e-01	2.703316596284795481e-01	1.619418183087702190e-01	7.555208142769952173e-02	3.148078861257295330e-02	8.303696952451312951e-02
1.354575659823479100e+03	2.285869215999274673e-01	1.486059202399081236e-01	2.705265716566450096e-01	1.620586140030169653e-01	7.559466695725465535e-02	3.151031285262256842e-02	8.311699269040317972e-02
1.356994544930307029e+03	2.283059705967820929e-01	1.484243330565136187e-01	2.707209037336013036e-01	1.621750826196083073e-01	7.563712357036070366e-02	3.153977481427223256e-02	8.319681160863970359e-02
1.359413430037134731e+03	2.280258239422225108e-01	1.482432403239942742e-01	2.709146575940105106e-01	1.622912251363105296e-01	7.567945171068346522e-02	3.156917459061893416e-02	8.327642670193771690e-02
1.361832315143962205e+03	2.277464793465693582e-01	1.480626406705460030e-01	2.711078349669535092e-01	1.624070425277076013e-01	7.572165182024589991e-02	3.159851227489046677e-02	8.335583839286513086e-02
1.364251200250789907e+03	2.274679345266656105e-01	1.478825327282352331e-01	2.713004375759504594e-01	1.625225357652129166e-01	7.576372433943456830e-02	3.162778796044320856e-02	8.343504710383593814e-02
1.366670085357617609e+03	2.271901872058578742e-01	1.477029151329878609e-01	2.714924671389816746e-01	1.626377058170811185e-01	7.580566970700619578e-02	3.165700174075981171e-02	8.351405325710344052e-02
1.369088970464445310e+03	2.269132351139777071e-01	1.475237865245776769e-01	2.716839253685081057e-01	1.627525536484197288e-01	7.584748836009402861e-02	3.168615370944698889e-02	8.359285727475367078e-02
1.371507855571272785e+03	2.266370759873232443e-01	1.473451455466155136e-01	2.718748139714919909e-01	1.628670802212007773e-01	7.588918073421430099e-02	3.171524396023327891e-02	8.367145957869873141e-02
1.373926740678100487e+03	2.263617075686406022e-01	1.471669908465378374e-01	2.720651346494170619e-01	1.629812864942725148e-01	7.593074726327264656e-02	3.174427258696682630e-02	8.374986059067032751e-02
1.376345625784927961e+03	2.260871276071053926e-01	1.469893210755957857e-01	2.722548890983088610e-01	1.630951734233708206e-01	7.597218837957044058e-02	3.177323968361319556e-02	8.382806073221327203e-02
1.378764510891755890e+03	2.258133338583045435e-01	1.468121348888438982e-01	2.724440790087551689e-01	1.632087419611307211e-01	7.601350451381112816e-02	3.180214534425317152e-02	8.390606042467908809e-02
1.381183395998583137e+03	2.255403240842178691e-01	1.466354309451291249e-01	2.726327060659259893e-01	1.633219930570979084e-01	7.605469609510653872e-02	3.183098966308060135e-02	8.398386008921975010e-02
1.383602281105411066e+03	2.252680960531997234e-01	1.464592079070798081e-01	2.728207719495933103e-01	1.634349276577400645e-01	7.609576355098322809e-02	3.185977273440024349e-02	8.406146014678135547e-02
1.386021166212238768e+03	2.249966475399609311e-01	1.462834644410946905e-01	2.730082783341516439e-01	1.635475467064581856e-01	7.613670730738868186e-02	3.188849465262562355e-02	8.413886101809797680e-02
1.388440051319066470e+03	2.247259763255505249e-01	1.461081992173319521e-01	2.731952268886373436e-01	1.636598511435979897e-01	7.617752778869754660e-02	3.191715551227691794e-02	8.421606312368550007e-02
1.390858936425893944e+03	2.244560801973376207e-01	1.459334109096982746e-01	2.733816192767485886e-01	1.637718419064609909e-01	7.621822541771790249e-02	3.194575540797884444e-02	8.429306688383557400e-02
1.393277821532721646e+03	2.241869569489934044e-01	1.457590981958379051e-01	2.735674571568651459e-01	1.638835199293157963e-01	7.625880061569735580e-02	3.197429443445855973e-02	8.436987271860960091e-02
1.395696706639549120e+03	2.239186043804732296e-01	1.455852597571218876e-01	2.737527421820677431e-01	1.639948861434092631e-01	7.629925380232928378e-02	3.200277268654360546e-02	8.444648104783283871e-02
1.398115591746377049e+03	2.236510202979983541e-01	1.454118942786371271e-01	2.739374760001577203e-01	1.641059414769775737e-01	7.633958539575888547e-02	3.203119025915980578e-02	8.452289229108844726e-02
1.400534476853204296e+03	2.233842025140383436e-01	1.452390004491757314e-01	2.741216602536762914e-01	1.642166868552571712e-01	7.637979581258935724e-02	3.205954724732926892e-02	8.459910686771177080e-02
1.402953361960032225e+03	2.231181488472930574e-01	1.450665769612241029e-01	2.743052965799241405e-01	1.643271232004959725e-01	7.641988546788794356e-02	3.208784374616829166e-02	8.467512519678449534e-02
1.405372247066859927e+03	2.228528571226748300e-01	1.448946225109523089e-01	2.744883866109803505e-01	1.644372514319641654e-01	7.645985477519195994e-02	3.211607985088538869e-02	8.475094769712901432e-02
1.407791132173687402e+03	2.225883251712909017e-01	1.447231357982033673e-01	2.746709319737217214e-01	1.645470724659651163e-01	7.649970414651487138e-02	3.214425565677926644e-02	8.482657478730279421e-02
1.410210017280515103e+03	2.223245508304254603e-01	1.445521155264826441e-01	2.748529342898418104e-01	1.646565872158463617e-01	7.653943399235224598e-02	3.217237125923682467e-02	8.490200688559276787e-02
1.412628902387342805e+03	2.220615319435221835e-01	1.443815604029470290e-01	2.750343951758698058e-01	1.647657965920102385e-01	7.657904472168781951e-02	3.220042675373119279e-02	8.497724441000986673e-02
1.415047787494170507e+03	2.217992663601665027e-01	1.442114691383945546e-01	2.752153162431896782e-01	1.648747015019247641e-01	7.661853674199933795e-02	3.222842223581975224e-02	8.505228777828352515e-02
1.417466672600997981e+03	2.215377519360682557e-01	1.440418404472537939e-01	2.753956990980586661e-01	1.649833028501342669e-01	7.665791045926458047e-02	3.225635780114220058e-02	8.512713740785633754e-02
1.419885557707825683e+03	2.212769865330438956e-01	1.438726730475732296e-01	2.755755453416263712e-01	1.650916015382701274e-01	7.669716627796718811e-02	3.228423354541859469e-02	8.520179371587868755e-02
1.422304442814653157e+03	2.210169680189993380e-01	1.437039656610108740e-01	2.757548565699529663e-01	1.651995984650614369e-01	7.673630460110258955e-02	3.231204956444744952e-02	8.527625711920347462e-02
1.424723327921481086e+03	2.207576942679123633e-01	1.435357170128237214e-01	2.759336343740280140e-01	1.653072945263454607e-01	7.677532583018387147e-02	3.233980595410380909e-02	8.535052803438089586e-02
1.427142213028308333e+03	2.204991631598152979e-01	1.433679258318573679e-01	2.761118803397890065e-01	1.654146906150782137e-01	7.681423036524752390e-02	3.236750281033737298e-02	8.542460687765329741e-02
1.429561098135136262e+03	2.202413725807778055e-01	1.432005908505356029e-01	2.762895960481396296e-01	1.655217876213450068e-01	7.685301860485936609e-02	3.239514022917060199e-02	8.549849406495003967e-02
1.431979983241963964e+03	2.199843204228895399e-01	1.430337108048500283e-01	2.764667830749680810e-01	1.656285864323708001e-01	7.689169094612023636e-02	3.242271830669683774e-02	8.557219001188245966e-02
1.434398868348791666e+03	2.197280045842430196e-01	1.428672844343497061e-01	2.766434429911654447e-01	1.657350879325306114e-01	7.693024778467179303e-02	3.245023713907846385e-02	8.564569513373888887e-02
1.436817753455619140e+03	2.194724229689164197e-01	1.427013104821309442e-01	2.768195773626436207e-01	1.658412930033599797e-01	7.696868951470219045e-02	3.247769682254506712e-02	8.571900984547971281e-02
1.439236638562446842e+03	2.192175734869564740e-01	1.425357876948269154e-01	2.769951877503535331e-01	1.659472025235650960e-01	7.700701652895186600e-02	3.250509745339159873e-02	8.579213456173241659e-02
1.441655523669274316e+03	2.189634540543614616e-01	1.423707148225974439e-01	2.771702757103030601e-01	1.660528173690332399e-01	7.704522921871920227e-02	3.253243912797656318e-02	8.586506969678688039e-02
1.444074408776102018e+03	2.187100625930642472e-01	1.422060906191189023e-01	2.773448427935750749e-01	1.661581384128428263e-01	7.708332797386613366e-02	3.255972194272020726e-02	8.593781566459049448e-02
1.446493293882929493e+03	2.184573970309151292e-01	1.420419138415738303e-01	2.775188905463450983e-01	1.662631665252737312e-01	7.712131318282387793e-02	3.258694599410274367e-02	8.601037287874345461e-02
1.448912178989757422e+03	2.182054553016651854e-01	1.418781832506409435e-01	2.776924205098992848e-01	1.663679025738173667e-01	7.715918523259847339e-02	3.261411137866257470e-02	8.608274175249409910e-02
1.451331064096585123e+03	2.179542353449492598e-01	1.417148976104850022e-01	2.778654342206517414e-01	1.664723474231866729e-01	7.719694450877641334e-02	3.264121819299450195e-02	8.615492269873432918e-02
1.453749949203412370e+03	2.177037351062692250e-01	1.415520556887467640e-01	2.780379332101624579e-01	1.665765019353263043e-01	7.723459139553018327e-02	3.266826653374801936e-02	8.622691612999497379e-02
1.456168834310240300e+03	2.174539525369770798e-01	1.413896562565327697e-01	2.782099190051547377e-01	1.666803669694226220e-01	7.727212627562383973e-02	3.269525649762552305e-02	8.629872245844129319e-02
1.458587719417068001e+03	2.172048855942584900e-01	1.412276980884055455e-01	2.783813931275326836e-01	1.667839433819135186e-01	7.730954953041847821e-02	3.272218818138063201e-02	8.637034209586856581e-02
1.461006604523895703e+03	2.169565322411159125e-01	1.410661799623733614e-01	2.785523570943984062e-01	1.668872320264984666e-01	7.734686153987779811e-02	3.274906168181646038e-02	8.644177545369759186e-02
1.463425489630723177e+03	2.167088904463519983e-01	1.409051006598804612e-01	2.787228124180692879e-01	1.669902337541483428e-01	7.738406268257355669e-02	3.277587709578390351e-02	8.651302294297039119e-02
1.465844374737550879e+03	2.164619581845531604e-01	1.407444589657970979e-01	2.788927606060956355e-01	1.670929494131152826e-01	7.742115333569099533e-02	3.280263452017994491e-02	8.658408497434583184e-02
1.468263259844378354e+03	2.162157334360728655e-01	1.405842536684096533e-01	2.790622031612772780e-01	1.671953798489423937e-01	7.745813387503429348e-02	3.282933405194601861e-02	8.665496195809542501e-02
1.470682144951206283e+03	2.159702141870153969e-01	1.404244835594106455e-01	2.792311415816808862e-01	1.672975259044736096e-01	7.749500467503193935e-02	3.285597578806631613e-02	8.672565430409910625e-02
1.473101030058033530e+03	2.157253984292191451e-01	1.402651474338889870e-01	2.793995773606570698e-01	1.673993884198633764e-01	7.753176610874221164e-02	3.288255982556611418e-02	8.679616242184098884e-02
1.475519915164861459e+03	2.154812841602404827e-01	1.401062440903202144e-01	2.795675119868570313e-01	1.675009682325862004e-01	7.756841854785842538e-02	3.290908626151019256e-02	8.686648672040532537e-02
1.477938800271689161e+03	2.152378693833371937e-01	1.399477723305566079e-01	2.797349469442496628e-01	1.676022661774464184e-01	7.760496236271433035e-02	3.293555519300114809e-02	8.693662760847244153e-02
1.480357685378516862e+03	2.149951521074524585e-01	1.397897309598175042e-01	2.799018837121381997e-01	1.677032830865877733e-01	7.764139792228944015e-02	3.296196671717781940e-02	8.700658549431465605e-02
1.482776570485344337e+03	2.147531303471983677e-01	1.396321187866796099e-01	2.800683237651767632e-01	1.678040197895028229e-01	7.767772559421431966e-02	3.298832093121366327e-02	8.707636078579229777e-02
