1.001418434226643626e+03	2.829145579589144033e-01	1.755966519398406145e-01	2.338910493480451380e-01	1.409409920185337728e-01	6.893222394609103965e-02	2.755835568929806620e-02	7.016616909925556256e-02
1.003837319333471214e+03	2.824872688667574017e-01	1.753190200005895205e-01	2.341820619464983766e-01	1.411194798334805545e-01	6.900655975536970632e-02	2.760491694536538337e-02	7.028069265191760895e-02
1.006256204440298802e+03	2.820612018162397816e-01	1.750421822865027011e-01	2.344721866697153101e-01	1.412974605260882976e-01	6.908068838382112886e-02	2.765138429320334462e-02	7.039489602440796023e-02
1.008675089547126618e+03	2.816363533023477084e-01	1.747661365162313796e-01	2.347614261934395929e-01	1.414749357420767573e-01	6.915461046403986733e-02	2.769775774949068473e-02	7.050878003235248881e-02
1.011093974653954206e+03	2.812127198301936915e-01	1.744908804150674397e-01	2.350497831851065811e-01	1.416519071198519553e-01	6.922832662620667654e-02	2.774403733270644837e-02	7.062234549084564494e-02
1.013512859760782021e+03	2.807902979149866640e-01	1.742164117149231362e-01	2.353372603038751121e-01	1.418283762905582224e-01	6.930183749810239768e-02	2.779022306311040511e-02	7.073559321442247916e-02
1.015931744867609382e+03	2.803690840820022845e-01	1.739427281543105275e-01	2.356238602006591742e-01	1.420043448781299344e-01	6.937514370512162798e-02	2.783631496272362393e-02	7.084852401703124747e-02
1.018350629974437197e+03	2.799490748665532380e-01	1.736698274783212703e-01	2.359095855181594370e-01	1.421798144993424717e-01	6.944824587028634866e-02	2.788231305530921439e-02	7.096113871200646073e-02
1.020769515081264785e+03	2.795302668139598157e-01	1.733977074386062189e-01	2.361944388908944759e-01	1.423547867638628173e-01	6.952114461425937253e-02	2.792821736635324806e-02	7.107343811204241968e-02
1.023188400188092373e+03	2.791126564795205489e-01	1.731263657933553579e-01	2.364784229452318309e-01	1.425292632742996557e-01	6.959384055535766667e-02	2.797402792304585703e-02	7.118542302916743003e-02
1.025607285294920075e+03	2.786962404284825667e-01	1.728558003072777349e-01	2.367615402994187879e-01	1.427032456262526949e-01	6.966633430956567508e-02	2.801974475426248154e-02	7.129709427471836447e-02
1.028026170401747549e+03	2.782810152360125633e-01	1.725860087515813102e-01	2.370437935636130200e-01	1.428767354083619046e-01	6.973862649054837770e-02	2.806536789054529107e-02	7.140845265931572428e-02
1.030445055508575479e+03	2.778669774871674880e-01	1.723169889039532776e-01	2.373251853399130640e-01	1.430497342023558938e-01	6.981071770966432166e-02	2.811089736408479978e-02	7.151949899283926992e-02
1.032863940615402726e+03	2.774541237768655688e-01	1.720487385485399423e-01	2.376057182223884900e-01	1.432222435830999840e-01	6.988260857597848597e-02	2.815633320870159634e-02	7.163023408440406803e-02
1.035282825722230655e+03	2.770424507098570022e-01	1.717812554759270693e-01	2.378853947971099059e-01	1.433942651186436157e-01	6.995429969627517397e-02	2.820167545982827165e-02	7.174065874233702400e-02
1.037701710829058356e+03	2.766319549006953649e-01	1.715145374831202885e-01	2.381642176421788770e-01	1.435658003702675323e-01	7.002579167507060054e-02	2.824692415449150951e-02	7.185077377415387268e-02
1.040120595935886058e+03	2.762226329737084152e-01	1.712485823735253321e-01	2.384421893277574866e-01	1.437368508925303268e-01	7.009708511462545144e-02	2.829207933129430919e-02	7.196057998653664078e-02
1.042539481042713533e+03	2.758144815629697266e-01	1.709833879569286619e-01	2.387193124160977564e-01	1.439074182333144880e-01	7.016818061495741499e-02	2.833714103039839186e-02	7.207007818531148413e-02
1.044958366149541234e+03	2.754074973122696557e-01	1.707189520494778179e-01	2.389955894615709564e-01	1.440775039338720587e-01	7.023907877385350551e-02	2.838210929350676662e-02	7.217926917542710763e-02
1.047377251256368709e+03	2.750016768750869756e-01	1.704552724736621283e-01	2.392710230106966929e-01	1.442471095288698213e-01	7.030978018688233133e-02	2.842698416384642143e-02	7.228815376093350453e-02
1.049796136363196410e+03	2.745970169145602324e-01	1.701923470582934472e-01	2.395456156021716354e-01	1.444162365464340125e-01	7.038028544740618231e-02	2.847176568615120834e-02	7.239673274496112587e-02
1.052215021470024112e+03	2.741935141034593792e-01	1.699301736384868367e-01	2.398193697668984936e-01	1.445848865081945656e-01	7.045059514659320066e-02	2.851645390664484664e-02	7.250500692970053562e-02
1.054633906576851814e+03	2.737911651241574651e-01	1.696687500556414707e-01	2.400922880280141614e-01	1.447530609293289916e-01	7.052070987342919095e-02	2.856104887302410994e-02	7.261297711638248220e-02
1.057052791683679516e+03	2.733899666686022689e-01	1.694080741574214843e-01	2.403643729009183883e-01	1.449207613186057619e-01	7.059063021472958277e-02	2.860555063444213814e-02	7.272064410525823364e-02
1.059471676790506763e+03	2.729899154382882664e-01	1.691481437977370161e-01	2.406356268933018128e-01	1.450879891784272180e-01	7.066035675515108805e-02	2.864995924149190895e-02	7.282800869558052337e-02
1.061890561897334692e+03	2.725910081442285970e-01	1.688889568367251404e-01	2.409060525051738566e-01	1.452547460048721761e-01	7.072989007720341392e-02	2.869427474618986215e-02	7.293507168558475973e-02
1.064309447004162394e+03	2.721932415069268640e-01	1.686305111407311319e-01	2.411756522288906746e-01	1.454210332877380329e-01	7.079923076126076742e-02	2.873849720195965560e-02	7.304183387247065173e-02
1.066728332110990095e+03	2.717966122563493236e-01	1.683728045822896480e-01	2.414444285491827158e-01	1.455868525105823985e-01	7.086837938557336014e-02	2.878262666361608782e-02	7.314829605238420962e-02
1.069147217217817570e+03	2.714011171318971849e-01	1.681158350401059098e-01	2.417123839431822296e-01	1.457522051507644800e-01	7.093733652627871866e-02	2.882666318734914204e-02	7.325445902040012003e-02
1.071566102324645271e+03	2.710067528823786320e-01	1.678596003990371066e-01	2.419795208804505215e-01	1.459170926794858270e-01	7.100610275741298105e-02	2.887060683070818978e-02	7.336032357050453756e-02
1.073984987431472746e+03	2.706135162659812909e-01	1.676040985500736602e-01	2.422458418230052091e-01	1.460815165618309652e-01	7.107467865092209625e-02	2.891445765258632630e-02	7.346589049557822326e-02
1.076403872538300675e+03	2.702214040502448067e-01	1.673493273903209066e-01	2.425113492253469782e-01	1.462454782568073652e-01	7.114306477667287076e-02	2.895821571320485177e-02	7.357116058737996067e-02
1.078822757645127922e+03	2.698304130120330879e-01	1.670952848229804999e-01	2.427760455344866730e-01	1.464089792173852156e-01	7.121126170246395992e-02	2.900188107409789467e-02	7.367613463653047146e-02
1.081241642751955851e+03	2.694405399375068844e-01	1.668419687573320376e-01	2.430399331899717186e-01	1.465720208905366140e-01	7.127926999403680353e-02	2.904545379809715319e-02	7.378081343249656698e-02
1.083660527858783553e+03	2.690517816220967529e-01	1.665893771087147424e-01	2.433030146239127389e-01	1.467346047172746193e-01	7.134709021508642279e-02	2.908893394931679963e-02	7.388519776357564683e-02
1.086079412965611255e+03	2.686641348704758014e-01	1.663375077985091988e-01	2.435652922610098137e-01	1.468967321326917486e-01	7.141472292727212012e-02	2.913232159313852015e-02	7.398928841688061364e-02
1.088498298072438729e+03	2.682775964965320448e-01	1.660863587541191178e-01	2.438267685185786793e-01	1.470584045659980854e-01	7.148216869022817888e-02	2.917561679619665171e-02	7.409308617832502386e-02
1.090917183179266431e+03	2.678921633233419808e-01	1.658359279089532679e-01	2.440874458065768748e-01	1.472196234405591109e-01	7.154942806157439661e-02	2.921881962636348889e-02	7.419659183260866875e-02
1.093336068286093905e+03	2.675078321831431682e-01	1.655862132024073785e-01	2.443473265276294715e-01	1.473803901739332012e-01	7.161650159692652118e-02	2.926193015273472267e-02	7.429980616320332187e-02
1.095754953392921607e+03	2.671245999173075258e-01	1.653372125798461267e-01	2.446064130770548295e-01	1.475407061779086260e-01	7.168338984990664520e-02	2.930494844561498669e-02	7.440272995233901399e-02
1.098173838499749309e+03	2.667424633763144093e-01	1.650889239925852348e-01	2.448647078428902724e-01	1.477005728585403244e-01	7.175009337215357275e-02	2.934787457650354578e-02	7.450536398099044666e-02
1.100592723606577010e+03	2.663614194197238549e-01	1.648413453978735121e-01	2.451222132059173442e-01	1.478599916161862371e-01	7.181661271333296404e-02	2.939070861808012330e-02	7.460770902886372513e-02
1.103011608713404712e+03	2.659814649161501010e-01	1.645944747588752310e-01	2.453789315396872617e-01	1.480189638455433332e-01	7.188294842114749394e-02	2.943345064419083251e-02	7.470976587438353522e-02
1.105430493820231959e+03	2.656025967432346646e-01	1.643483100446521128e-01	2.456348652105459496e-01	1.481774909356833592e-01	7.194910104134692730e-02	2.947610072983426061e-02	7.481153529468045904e-02
1.107849378927059888e+03	2.652248117876203626e-01	1.641028492301457864e-01	2.458900165776591318e-01	1.483355742700880331e-01	7.201507111773811087e-02	2.951865895114764646e-02	7.491301806557865151e-02
1.110268264033887590e+03	2.648481069449243330e-01	1.638580902961602193e-01	2.461443879930371448e-01	1.484932152266841554e-01	7.208085919219484050e-02	2.956112538539322834e-02	7.501421496158380831e-02
1.112687149140715292e+03	2.644724791197120006e-01	1.636140312293440369e-01	2.463979818015596124e-01	1.486504151778782756e-01	7.214646580466771431e-02	2.960350011094466105e-02	7.511512675587135590e-02
1.115106034247542766e+03	2.640979252254709864e-01	1.633706700221731201e-01	2.466508003410001482e-01	1.488071754905909982e-01	7.221189149319381939e-02	2.964578320727359259e-02	7.521575422027501623e-02
1.117524919354370468e+03	2.637244421845845177e-01	1.631280046729330635e-01	2.469028459420506416e-01	1.489634975262910388e-01	7.227713679390648793e-02	2.968797475493635540e-02	7.531609812527559344e-02
1.119943804461197942e+03	2.633520269283056714e-01	1.628860331857018562e-01	2.471541209283456553e-01	1.491193826410289192e-01	7.234220224104481733e-02	2.973007483556076858e-02	7.541615923999001048e-02
1.122362689568025871e+03	2.629806763967311722e-01	1.626447535703325342e-01	2.474046276164866831e-01	1.492748321854703297e-01	7.240708836696325978e-02	2.977208353183305803e-02	7.551593833216065088e-02
1.124781574674853118e+03	2.626103875387756359e-01	1.624041638424359446e-01	2.476543683160660481e-01	1.494298475049292696e-01	7.247179570214098976e-02	2.981400092748490507e-02	7.561543616814488111e-02
1.127200459781681047e+03	2.622411573121455342e-01	1.621642620233635368e-01	2.479033453296909661e-01	1.495844299394006593e-01	7.253632477519132704e-02	2.985582710728060946e-02	7.571465351290496137e-02
1.129619344888508749e+03	2.618729826833136598e-01	1.619250461401902375e-01	2.481515609530071387e-01	1.497385808235930094e-01	7.260067611287102096e-02	2.989756215700435649e-02	7.581359112999813687e-02
1.132038229995336451e+03	2.615058606274932029e-01	1.616865142256972421e-01	2.483990174747226221e-01	1.498923014869604498e-01	7.266485024008947913e-02	2.993920616344761948e-02	7.591224978156693726e-02
1.134457115102163925e+03	2.611397881286121603e-01	1.614486643183551950e-01	2.486457171766311702e-01	1.500455932537346215e-01	7.272884767991794064e-02	2.998075921439665933e-02	7.601063022832975358e-02
1.136876000208991627e+03	2.607747621792879111e-01	1.612114944623070645e-01	2.488916623336358547e-01	1.501984574429562069e-01	7.279266895359853828e-02	3.002222139862013167e-02	7.610873322957169285e-02
1.139294885315819101e+03	2.604107797808018487e-01	1.609750027073512946e-01	2.491368552137721570e-01	1.503508953685063210e-01	7.285631458055336074e-02	3.006359280585683275e-02	7.620655954313565461e-02
1.141713770422646803e+03	2.600478379430735121e-01	1.607391871089249025e-01	2.493812980782311728e-01	1.505029083391373756e-01	7.291978507839333434e-02	3.010487352680353557e-02	7.630410992541354631e-02
1.144132655529474505e+03	2.596859336846360500e-01	1.605040457280867139e-01	2.496249931813827039e-01	1.506544976585038054e-01	7.298308096292717428e-02	3.014606365310293357e-02	7.640138513133788722e-02
1.146551540636302207e+03	2.593250640326104639e-01	1.602695766315006820e-01	2.498679427707981016e-01	1.508056646251925981e-01	7.304620274817014147e-02	3.018716327733170918e-02	7.649838591437350954e-02
1.148970425743129908e+03	2.589652260226805169e-01	1.600357778914191231e-01	2.501101490872731925e-01	1.509564105327532990e-01	7.310915094635284106e-02	3.022817249298869260e-02	7.659511302650953701e-02
1.151389310849957155e+03	2.586064166990678093e-01	1.598026475856660356e-01	2.503516143648507608e-01	1.511067366697279868e-01	7.317192606792986831e-02	3.026909139448314551e-02	7.669156721825155787e-02
1.153808195956785084e+03	2.582486331145066871e-01	1.595701837976206960e-01	2.505923408308433631e-01	1.512566443196808053e-01	7.323452862158846832e-02	3.030992007712313835e-02	7.678774923861401980e-02
1.156227081063612786e+03	2.578918723302193738e-01	1.593383846162010342e-01	2.508323307058554219e-01	1.514061347612273845e-01	7.329695911425702926e-02	3.035065863710402836e-02	7.688365983511287471e-02
1.158645966170440488e+03	2.575361314158912118e-01	1.591072481358471458e-01	2.510715862038059298e-01	1.515552092680638174e-01	7.335921805111358940e-02	3.039130717149706590e-02	7.697929975375837619e-02
1.161064851277267962e+03	2.571814074496457381e-01	1.588767724565049444e-01	2.513101095319505429e-01	1.517038691089955260e-01	7.342130593559433038e-02	3.043186577823808400e-02	7.707466973904804342e-02
1.163483736384095664e+03	2.568276975180200372e-01	1.586469556836098416e-01	2.515479028909034520e-01	1.518521155479657936e-01	7.348322326940184834e-02	3.047233455611628172e-02	7.716977053395997210e-02
1.165902621490923138e+03	2.564749987159403166e-01	1.584177959280702874e-01	2.517849684746597538e-01	1.519999498440840480e-01	7.354497055251349447e-02	3.051271360476314268e-02	7.726460287994620091e-02
1.168321506597751068e+03	2.561233081466970929e-01	1.581892913062518113e-01	2.520213084706170448e-01	1.521473732516538946e-01	7.360654828318964615e-02	3.055300302464141957e-02	7.735916751692631377e-02
1.170740391704578315e+03	2.557726229219209890e-01	1.579614399399605351e-01	2.522569250595974033e-01	1.522943870202009831e-01	7.366795695798181165e-02	3.059320291703424705e-02	7.745346518328125041e-02
1.173159276811406244e+03	2.554229401615582540e-01	1.577342399564271302e-01	2.524918204158689283e-01	1.524409923945004020e-01	7.372919707174085957e-02	3.063331338403433093e-02	7.754749661584732501e-02
1.175578161918233945e+03	2.550742569938463933e-01	1.575076894882909140e-01	2.527259967071672220e-01	1.525871906146041290e-01	7.379026911762495700e-02	3.067333452853324843e-02	7.764126254991035592e-02
1.177997047025061647e+03	2.547265705552900217e-01	1.572817866735835568e-01	2.529594560947171500e-01	1.527329829158680097e-01	7.385117358710764635e-02	3.071326645421084550e-02	7.773476371920004513e-02
1.180415932131889122e+03	2.543798779906365493e-01	1.570565296557132895e-01	2.531922007332538804e-01	1.528783705289785966e-01	7.391191096998578347e-02	3.075310926552471402e-02	7.782800085588449657e-02
1.182834817238716823e+03	2.540341764528523116e-01	1.568319165834488604e-01	2.534242327710443110e-01	1.530233546799796840e-01	7.397248175438740636e-02	3.079286306769979734e-02	7.792097469056492864e-02
1.185253702345544298e+03	2.536894631030985336e-01	1.566079456109037427e-01	2.536555543499080523e-01	1.531679365902987588e-01	7.403288642677957609e-02	3.083252796671806864e-02	7.801368595227053948e-02
1.187672587452371999e+03	2.533457351107072375e-01	1.563846148975202854e-01	2.538861676052386884e-01	1.533121174767730632e-01	7.409312547197614840e-02	3.087210406930829612e-02	7.810613536845358029e-02
1.190091472559199701e+03	2.530029896531574840e-01	1.561619226080539491e-01	2.541160746660244274e-01	1.534558985516754348e-01	7.415319937314547583e-02	3.091159148293592257e-02	7.819832366498458143e-02
1.192510357666027403e+03	2.526612239160516138e-01	1.559398669125575954e-01	2.543452776548692507e-01	1.535992810227400085e-01	7.421310861181808216e-02	3.095099031579302482e-02	7.829025156614768943e-02
1.194929242772855105e+03	2.523204350930914330e-01	1.557184459863657777e-01	2.545737786880133968e-01	1.537422660931877516e-01	7.427285366789429522e-02	3.099030067678836681e-02	7.838191979463622616e-02
1.197348127879682352e+03	2.519806203860545657e-01	1.554976580100792261e-01	2.548015798753542338e-01	1.538848549617515549e-01	7.433243501965172695e-02	3.102952267553754293e-02	7.847332907154837278e-02
1.199767012986510281e+03	2.516417770047711389e-01	1.552775011695491370e-01	2.550286833204665760e-01	1.540270488227012957e-01	7.439185314375285074e-02	3.106865642235321495e-02	7.856448011638308970e-02
1.202185898093337983e+03	2.513039021670998019e-01	1.550579736558617694e-01	2.552550911206232231e-01	1.541688488658686240e-01	7.445110851525241213e-02	3.110770202823543579e-02	7.865537364703602263e-02
1.204604783200165684e+03	2.509669930989048003e-01	1.548390736653229849e-01	2.554808053668153889e-01	1.543102562766714980e-01	7.451020160760479794e-02	3.114665960486206336e-02	7.874601037979575557e-02
1.207023668306993159e+03	2.506310470340322727e-01	1.546207993994427599e-01	2.557058281437729064e-01	1.544512722361386370e-01	7.456913289267146083e-02	3.118552926457926477e-02	7.883639102934004994e-02
1.209442553413820860e+03	2.502960612142870467e-01	1.544031490649198923e-01	2.559301615299842680e-01	1.545918979209335853e-01	7.462790284072809421e-02	3.122431112039209325e-02	7.892651630873231960e-02
1.211861438520648335e+03	2.499620328894096022e-01	1.541861208736266808e-01	2.561538075977168871e-01	1.547321345033787210e-01	7.468651192047195964e-02	3.126300528595517270e-02	7.901638692941824471e-02
1.214280323627476264e+03	2.496289593170526733e-01	1.539697130425935756e-01	2.563767684130370816e-01	1.548719831514789591e-01	7.474496059902902001e-02	3.130161187556344815e-02	7.910600360122246877e-02
1.216699208734303511e+03	2.492968377627583498e-01	1.537539237939940517e-01	2.565990460358296699e-01	1.550114450289453993e-01	7.480324934196114217e-02	3.134013100414305419e-02	7.919536703234550390e-02
1.219118093841131440e+03	2.489656654999349850e-01	1.535387513551294547e-01	2.568206425198182319e-01	1.551505212952185020e-01	7.486137861327311904e-02	3.137856278724221459e-02	7.928447792936070548e-02
1.221536978947959142e+03	2.486354398098342966e-01	1.533241939584137903e-01	2.570415599125842054e-01	1.552892131054914304e-01	7.491934887541973342e-02	3.141690734102226684e-02	7.937333699721146885e-02
1.223955864054786844e+03	2.483061579815284692e-01	1.531102498413587643e-01	2.572618002555871475e-01	1.554275216107328661e-01	7.497716058931275240e-02	3.145516478224875956e-02	7.946194493920841206e-02
1.226374749161614318e+03	2.479778173118874218e-01	1.528969172465586834e-01	2.574813655841838855e-01	1.555654479577097682e-01	7.503481421432788012e-02	3.149333522828262621e-02	7.955030245702686409e-02
1.228793634268442020e+03	2.476504151055560488e-01	1.526841944216755231e-01	2.577002579276480021e-01	1.557029932890100776e-01	7.509231020831162728e-02	3.153141879707145601e-02	7.963841025070439450e-02
1.231212519375269494e+03	2.473239486749315708e-01	1.524720796194240224e-01	2.579184793091891525e-01	1.558401587430650048e-01	7.514964902758818066e-02	3.156941560714081330e-02	7.972626901863837101e-02
1.233631404482097196e+03	2.469984153401408866e-01	1.522605710975567239e-01	2.581360317459726050e-01	1.559769454541711786e-01	7.520683112696620320e-02	3.160732577758566808e-02	7.981387945758383617e-02
1.236050289588924898e+03	2.466738124290182299e-01	1.520496671188491522e-01	2.583529172491381143e-01	1.561133545525128230e-01	7.526385695974556478e-02	3.164514942806189585e-02	7.990124226265138407e-02
1.238469174695752372e+03	2.463501372770825482e-01	1.518393659510851590e-01	2.585691378238189619e-01	1.562493871641834065e-01	7.532072697772408676e-02	3.168288667877784681e-02	7.998835812730509254e-02
1.240888059802580301e+03	2.460273872275151597e-01	1.516296658670420738e-01	2.587846954691614965e-01	1.563850444112073745e-01	7.537744163120417562e-02	3.172053765048601925e-02	8.007522774336076066e-02
1.243306944909407548e+03	2.457055596311374657e-01	1.514205651444760492e-01	2.589995921783434518e-01	1.565203274115617160e-01	7.543400136899947039e-02	3.175810246447476753e-02	8.016185180098410468e-02
1.245725830016235477e+03	2.453846518463887183e-01	1.512120620661074055e-01	2.592138299385931544e-01	1.566552372791970849e-01	7.549040663844135135e-02	3.179558124256012808e-02	8.024823098868910654e-02
1.248144715123063179e+03	2.450646612393038437e-01	1.510041549196060318e-01	2.594274107312082300e-01	1.567897751240590887e-01	7.554665788538558746e-02	3.183297410707769393e-02	8.033436599333648731e-02
1.250563600229890881e+03	2.447455851834913210e-01	1.507968419975768692e-01	2.596403365315741452e-01	1.569239420521090778e-01	7.560275555421869242e-02	3.187028118087458645e-02	8.042025750013227781e-02
1.252982485336718355e+03	2.444274210601110886e-01	1.505901215975454233e-01	2.598526093091829137e-01	1.570577391653450450e-01	7.565870008786448886e-02	3.190750258730146866e-02	8.050590619262648628e-02
1.255401370443546057e+03	2.441101662578526454e-01	1.503839920219432191e-01	2.600642310276518598e-01	1.571911675618222481e-01	7.571449192779038107e-02	3.194463845020469039e-02	8.059131275271196049e-02
1.257820255550373531e+03	2.437938181729130960e-01	1.501784515780934248e-01	2.602752036447414374e-01	1.573242283356735549e-01	7.577013151401380819e-02	3.198168889391843350e-02	8.067647786062313864e-02
1.260239140657201460e+03	2.434783742089753900e-01	1.499734985781965846e-01	2.604855291123744365e-01	1.574569225771297876e-01	7.582561928510854476e-02	3.201865404325700271e-02	8.076140219493514738e-02
1.262658025764028707e+03	2.431638317771863400e-01	1.497691313393161860e-01	2.606952093766535250e-01	1.575892513725398181e-01	7.588095567821095955e-02	3.205553402350710263e-02	8.084608643256285809e-02
1.265076910870856636e+03	2.428501882961352221e-01	1.495653481833644216e-01	2.609042463778799559e-01	1.577212158043905799e-01	7.593614112902621893e-02	3.209232896042028133e-02	8.093053124876005422e-02
1.267495795977684338e+03	2.425374411918318207e-01	1.493621474370879221e-01	2.611126420505714973e-01	1.578528169513268020e-01	7.599117607183455969e-02	3.212903898020539467e-02	8.101473731711870963e-02
1.269914681084511813e+03	2.422255878976850851e-01	1.491595274320536291e-01	2.613203983234805294e-01	1.579840558881706603e-01	7.604606093949733969e-02	3.216566420952111233e-02	8.109870530956839185e-02
1.272333566191339514e+03	2.419146258544813965e-01	1.489574865046345842e-01	2.615275171196119186e-01	1.581149336859412891e-01	7.610079616346322740e-02	3.220220477546857640e-02	8.118243589637567925e-02
1.274752451298167216e+03	2.416045525103633629e-01	1.487560229959959957e-01	2.617340003562412809e-01	1.582454514118740718e-01	7.615538217377423869e-02	3.223866080558403929e-02	8.126592974614378628e-02
1.277171336404994690e+03	2.412953653208082250e-01	1.485551352520809443e-01	2.619398499449322459e-01	1.583756101294397645e-01	7.620981939907177372e-02	3.227503242783163334e-02	8.134918752581211943e-02
1.279590221511822392e+03	2.409870617486066235e-01	1.483548216235965889e-01	2.621450677915548866e-01	1.585054108983637022e-01	7.626410826660262599e-02	3.231131977059616828e-02	8.143220990065606901e-02
1.282009106618650094e+03	2.406796392638414217e-01	1.481550804660000109e-01	2.623496557963030384e-01	1.586348547746444793e-01	7.631824920222490816e-02	3.234752296267603966e-02	8.151499753428681494e-02
1.284427991725477568e+03	2.403730953438663609e-01	1.479559101394845033e-01	2.625536158537117859e-01	1.587639428105727391e-01	7.637224263041399175e-02	3.238364213327614427e-02	8.159755108865120177e-02
1.286846876832305497e+03	2.400674274732850222e-01	1.477573090089655539e-01	2.627569498526752811e-01	1.588926760547497985e-01	7.642608897426836356e-02	3.241967741200092734e-02	8.167987122403176647e-02
1.289265761939132744e+03	2.397626331439297320e-01	1.475592754440669951e-01	2.629596596764641747e-01	1.590210555521060498e-01	7.647978865551550987e-02	3.245562892884745060e-02	8.176195859904672458e-02
1.291684647045960673e+03	2.394587098548406345e-01	1.473618078191073211e-01	2.631617472027429905e-01	1.591490823439192515e-01	7.653334209451764791e-02	3.249149681419852970e-02	8.184381387065023383e-02
1.294103532152788375e+03	2.391556551122446528e-01	1.471649045130858924e-01	2.633632143035875006e-01	1.592767574678326248e-01	7.658674971027754075e-02	3.252728119881596186e-02	8.192543769413247745e-02
1.296522417259616077e+03	2.388534664295346444e-01	1.469685639096691421e-01	2.635640628455017676e-01	1.594040819578729784e-01	7.664001192044424260e-02	3.256298221383377434e-02	8.200683072312006661e-02
1.298941302366443551e+03	2.385521413272486402e-01	1.467727843971770307e-01	2.637642946894356855e-01	1.595310568444684718e-01	7.669312914131874714e-02	3.259859999075159082e-02	8.208799360957634572e-02
1.301360187473271253e+03	2.382516773330490556e-01	1.465775643685694463e-01	2.639639116908019112e-01	1.596576831544664066e-01	7.674610178785967740e-02	3.263413466142802560e-02	8.216892700380191983e-02
1.303779072580098727e+03	2.379520719817019569e-01	1.463829022214324926e-01	2.641629156994930727e-01	1.597839619111508513e-01	7.679893027368892011e-02	3.266958635807413330e-02	8.224963155443502927e-02
1.306197957686926657e+03	2.376533228150565780e-01	1.461887963579650562e-01	2.643613085598984225e-01	1.599098941342600166e-01	7.685161501109714910e-02	3.270495521324695565e-02	8.233010790845231297e-02
1.308616842793753904e+03	2.373554273820246141e-01	1.459952451849652888e-01	2.645590921109211568e-01	1.600354808400035189e-01	7.690415641104945965e-02	3.274024135984307526e-02	8.241035671116933581e-02
1.311035727900581833e+03	2.370583832385597667e-01	1.458022471138171738e-01	2.647562681859951805e-01	1.601607230410798666e-01	7.695655488319082249e-02	3.277544493109229434e-02	8.249037860624139351e-02
1.313454613007409534e+03	2.367621879476373425e-01	1.456098005604770651e-01	2.649528386131017044e-01	1.602856217466932520e-01	7.700881083585159326e-02	3.281056606055132024e-02	8.257017423566424819e-02
1.315873498114237009e+03	2.364668390792338537e-01	1.454179039454603639e-01	2.651488052147860652e-01	1.604101779625705937e-01	7.706092467605296648e-02	3.284560488209756907e-02	8.264974423977504425e-02
1.318292383221064711e+03	2.361723342103066725e-01	1.452265556938282520e-01	2.653441698081747124e-01	1.605343926909783281e-01	7.711289680951237402e-02	3.288056152992293452e-02	8.272908925725316887e-02
1.320711268327892412e+03	2.358786709247738256e-01	1.450357542351742579e-01	2.655389342049913615e-01	1.606582669307391187e-01	7.716472764064888357e-02	3.291543613852770250e-02	8.280820992512133438e-02
1.323130153434719887e+03	2.355858468134937878e-01	1.448454980036111006e-01	2.657331002115736474e-01	1.607818016772483427e-01	7.721641757258854155e-02	3.295022884271451430e-02	8.288710687874649430e-02
1.325549038541547588e+03	2.352938594742453593e-01	1.446557854377574781e-01	2.659266696288898335e-01	1.609049979224906612e-01	7.726796700716967448e-02	3.298493977758233664e-02	8.296578075184107837e-02
1.327967923648375290e+03	2.350027065117075153e-01	1.444666149807249389e-01	2.661196442525549655e-01	1.610278566550561730e-01	7.731937634494820411e-02	3.301956907852054285e-02	8.304423217646410282e-02
1.330386808755202765e+03	2.347123855374394497e-01	1.442779850801047259e-01	2.663120258728471912e-01	1.611503788601567622e-01	7.737064598520286551e-02	3.305411688120300784e-02	8.312246178302243327e-02
1.332805693862030694e+03	2.344228941698606461e-01	1.440898941879546757e-01	2.665038162747243033e-01	1.612725655196420305e-01	7.742177632594046677e-02	3.308858332158228638e-02	8.320047020027200591e-02
1.335224578968857941e+03	2.341342300342309779e-01	1.439023407607861738e-01	2.666950172378397266e-01	1.613944176120153673e-01	7.747276776390100983e-02	3.312296853588383994e-02	8.327825805531924308e-02
1.337643464075685870e+03	2.338463907626308624e-01	1.437153232595512198e-01	2.668856305365588932e-01	1.615159361124496595e-01	7.752362069456295024e-02	3.315727266060032596e-02	8.335582597362239943e-02
1.340062349182513572e+03	2.335593739939414160e-01	1.435288401496294108e-01	2.670756579399750641e-01	1.616371219928031122e-01	7.757433551214820699e-02	3.319149583248593577e-02	8.343317457899304679e-02
1.342481234289341273e+03	2.332731773738248582e-01	1.433428899008150625e-01	2.672651012119257041e-01	1.617579762216348471e-01	7.762491260962733897e-02	3.322563818855075318e-02	8.351030449359758689e-02
1.344900119396168748e+03	2.329877985547048058e-01	1.431574709873042750e-01	2.674539621110080811e-01	1.618784997642203627e-01	7.767535237872458254e-02	3.325969986605526590e-02	8.358721633795873629e-02
1.347319004502996449e+03	2.327032351957466771e-01	1.429725818876820820e-01	2.676422423905955306e-01	1.619986935825669383e-01	7.772565520992287535e-02	3.329368100250478663e-02	8.366391073095724717e-02
1.349737889609823924e+03	2.324194849628381243e-01	1.427882210849097111e-01	2.678299437988530540e-01	1.621185586354287611e-01	7.777582149246889398e-02	3.332758173564405457e-02	8.374038828983344784e-02
1.352156774716651853e+03	2.321365455285695489e-01	1.426043870663118718e-01	2.680170680787534176e-01	1.622380958783223304e-01	7.782585161437798049e-02	3.336140220345184398e-02	8.381664963018903292e-02
1.354575659823479100e+03	2.318544145722147565e-01	1.424210783235638489e-01	2.682036169680926396e-01	1.623573062635413344e-01	7.787574596243911074e-02	3.339514254413557953e-02	8.389269536598878418e-02
1.356994544930307029e+03	2.315730897797115273e-01	1.422382933526789295e-01	2.683895921995056999e-01	1.624761907401716110e-01	7.792550492221983482e-02	3.342880289612609052e-02	8.396852610956237473e-02
1.359413430037134731e+03	2.312925688436423266e-01	1.420560306539957740e-01	2.685749955004822498e-01	1.625947502541059686e-01	7.797512887807112048e-02	3.346238339807233036e-02	8.404414247160624241e-02
1.361832315143962205e+03	2.310128494632150420e-01	1.418742887321658153e-01	2.687598285933822662e-01	1.627129857480590358e-01	7.802461821313221024e-02	3.349588418883622104e-02	8.411954506118542174e-02
1.364251200250789907e+03	2.307339293442438599e-01	1.416930660961406019e-01	2.689440931954513725e-01	1.628308981615816942e-01	7.807397330933550650e-02	3.352930540748747662e-02	8.419473448573551455e-02
1.366670085357617609e+03	2.304558061991299756e-01	1.415123612591593916e-01	2.691277910188363820e-01	1.629484884310756776e-01	7.812319454741131763e-02	3.356264719329854485e-02	8.426971135106471611e-02
1.369088970464445310e+03	2.301784777468427190e-01	1.413321727387365223e-01	2.693109237706007297e-01	1.630657574898080608e-01	7.817228230689265978e-02	3.359590968573955561e-02	8.434447626135574416e-02
1.371507855571272785e+03	2.299019417129003484e-01	1.411524990566490612e-01	2.694934931527397937e-01	1.631827062679254148e-01	7.822123696611997523e-02	3.362909302447332494e-02	8.441902981916800386e-02
1.373926740678100487e+03	2.296261958293512317e-01	1.409733387389243975e-01	2.696755008621962713e-01	1.632993356924681838e-01	7.827005890224585094e-02	3.366219734935042840e-02	8.449337262543960003e-02
1.376345625784927961e+03	2.293512378347548342e-01	1.407946903158277252e-01	2.698569485908751675e-01	1.634156466873846469e-01	7.831874849123975080e-02	3.369522280040428142e-02	8.456750527948951601e-02
1.378764510891755890e+03	2.290770654741629553e-01	1.406165523218498581e-01	2.700378380256591715e-01	1.635316401735450453e-01	7.836730610789266471e-02	3.372816951784630285e-02	8.464142837901983407e-02
1.381183395998583137e+03	2.288036764991008554e-01	1.404389232956948785e-01	2.702181708484239220e-01	1.636473170687554601e-01	7.841573212582170216e-02	3.376103764206113411e-02	8.471514252011787260e-02
1.383602281105411066e+03	2.285310686675486036e-01	1.402618017802678974e-01	2.703979487360526068e-01	1.637626782877715514e-01	7.846402691747474123e-02	3.379382731360185826e-02	8.478864829725854535e-02
1.386021166212238768e+03	2.282592397439222875e-01	1.400851863226627025e-01	2.705771733604515061e-01	1.638777247423123806e-01	7.851219085413498056e-02	3.382653867318530932e-02	8.486194630330655408e-02
1.388440051319066470e+03	2.279881874990554724e-01	1.399090754741497133e-01	2.707558463885647027e-01	1.639924573410740105e-01	7.856022430592554673e-02	3.385917186168740933e-02	8.493503712951880336e-02
1.390858936425893944e+03	2.277179097101806049e-01	1.397334677901637401e-01	2.709339694823889588e-01	1.641068769897430224e-01	7.860812764181400458e-02	3.389172702013856092e-02	8.500792136554671807e-02
1.393277821532721646e+03	2.274484041609104168e-01	1.395583618302919660e-01	2.711115442989886493e-01	1.642209845910099220e-01	7.865590122961683972e-02	3.392420428971906765e-02	8.508059959943864436e-02
1.395696706639549120e+03	2.271796686412196620e-01	1.393837561582617346e-01	2.712885724905106932e-01	1.643347810445825452e-01	7.870354543600392716e-02	3.395660381175461678e-02	8.515307241764229207e-02
1.398115591746377049e+03	2.269117009474265201e-01	1.392096493419285874e-01	2.714650557041989321e-01	1.644482672471993256e-01	7.875106062650306937e-02	3.398892572771180370e-02	8.522534040500720498e-02
1.400534476853204296e+03	2.266444988821742779e-01	1.390360399532642455e-01	2.716409955824092837e-01	1.645614440926423672e-01	7.879844716550432615e-02	3.402117017919369796e-02	8.529740414478724497e-02
1.402953361960032225e+03	2.263780602544130660e-01	1.388629265683446468e-01	2.718163937626240645e-01	1.646743124717506002e-01	7.884570541626448326e-02	3.405333730793543706e-02	8.536926421864311776e-02
1.405372247066859927e+03	2.261123828793816792e-01	1.386903077673379836e-01	2.719912518774666998e-01	1.647868732724327434e-01	7.889283574091141005e-02	3.408542725579989663e-02	8.544092120664495416e-02
1.407791132173687402e+03	2.258474645785892854e-01	1.385181821344927955e-01	2.721655715547164345e-01	1.648991273796802104e-01	7.893983850044840322e-02	3.411744016477337438e-02	8.551237568727484972e-02
1.410210017280515103e+03	2.255833031797972732e-01	1.383465482581262285e-01	2.723393544173225989e-01	1.650110756755798769e-01	7.898671405475854446e-02	3.414937617696135741e-02	8.558362823742952930e-02
1.412628902387342805e+03	2.253198965170013224e-01	1.381754047306119615e-01	2.725126020834190421e-01	1.651227190393268485e-01	7.903346276260897474e-02	3.418123543458424785e-02	8.565467943242298376e-02
1.415047787494170507e+03	2.250572424304131958e-01	1.380047501483686878e-01	2.726853161663387315e-01	1.652340583472371172e-01	7.908008498165523814e-02	3.421301807997324113e-02	8.572552984598912074e-02
1.417466672600997981e+03	2.247953387664428371e-01	1.378345831118482634e-01	2.728574982746280186e-01	1.653450944727601069e-01	7.912658106844545902e-02	3.424472425556616267e-02	8.579618005028448458e-02
1.419885557707825683e+03	2.245341833776804963e-01	1.376649022255238553e-01	2.730291500120609061e-01	1.654558282864910523e-01	7.917295137842465802e-02	3.427635410390337395e-02	8.586663061589096257e-02
1.422304442814653157e+03	2.242737741228788273e-01	1.374957060978784784e-01	2.732002729776532024e-01	1.655662606561835726e-01	7.921919626593887376e-02	3.430790776762372707e-02	8.593688211181857439e-02
1.424723327921481086e+03	2.240141088669350411e-01	1.373269933413931720e-01	2.733708687656770109e-01	1.656763924467617444e-01	7.926531608423947883e-02	3.433938538946056801e-02	8.600693510550819210e-02
1.427142213028308333e+03	2.237551854808731977e-01	1.371587625725354531e-01	2.735409389656747181e-01	1.657862245203325646e-01	7.931131118548720438e-02	3.437078711223771205e-02	8.607679016283438511e-02
1.429561098135136262e+03	2.234970018418264148e-01	1.369910124117477701e-01	2.737104851624728163e-01	1.658957577361978852e-01	7.935718192075640054e-02	3.440211307886558573e-02	8.614644784810825129e-02
1.431979983241963964e+03	2.232395558330193819e-01	1.368237414834359011e-01	2.738795089361966140e-01	1.660049929508666533e-01	7.940292864003908879e-02	3.443336343233727170e-02	8.621590872408024797e-02
1.434398868348791666e+03	2.229828453437504576e-01	1.366569484159574632e-01	2.740480118622835581e-01	1.661139310180668183e-01	7.944855169224909752e-02	3.446453831572467846e-02	8.628517335194305082e-02
1.436817753455619140e+03	2.227268682693744339e-01	1.364906318416105047e-01	2.742159955114977232e-01	1.662225727887571280e-01	7.949405142522611434e-02	3.449563787217473781e-02	8.635424229133445428e-02
1.439236638562446842e+03	2.224716225112848556e-01	1.363247903966219032e-01	2.743834614499433555e-01	1.663309191111392582e-01	7.953942818573975226e-02	3.452666224490560237e-02	8.642311610034035529e-02
1.441655523669274316e+03	2.222171059768965895e-01	1.361594227211361807e-01	2.745504112390790286e-01	1.664389708306692195e-01	7.958468231949358818e-02	3.455761157720294713e-02	8.649179533549754273e-02
1.444074408776102018e+03	2.219633165796285057e-01	1.359945274592039288e-01	2.747168464357312434e-01	1.665467287900692372e-01	7.962981417112915961e-02	3.458848601241622245e-02	8.656028055179681990e-02
1.446493293882929493e+03	2.217102522388860464e-01	1.358301032587706236e-01	2.748827685921083064e-01	1.666541938293393255e-01	7.967482408422994766e-02	3.461928569395501809e-02	8.662857230268584952e-02
1.448912178989757422e+03	2.214579108800439344e-01	1.356661487716651904e-01	2.750481792558140959e-01	1.667613667857687776e-01	7.971971240132540160e-02	3.465001076528544804e-02	8.669667114007226227e-02
1.451331064096585123e+03	2.212062904344289649e-01	1.355026626535888457e-01	2.752130799698616626e-01	1.668682484939476851e-01	7.976447946389482457e-02	3.468066136992653536e-02	8.676457761432658511e-02
1.453749949203412370e+03	2.209553888393027965e-01	1.353396435641038842e-01	2.753774722726868851e-01	1.669748397857782063e-01	7.980912561237131497e-02	3.471123765144668027e-02	8.683229227428530816e-02
1.456168834310240300e+03	2.207052040378448543e-01	1.351770901666223546e-01	2.755413576981621260e-01	1.670811414904860015e-01	7.985365118614566604e-02	3.474173975346013521e-02	8.689981566725393791e-02
1.458587719417068001e+03	2.204557339791351211e-01	1.350150011283949569e-01	2.757047377756097206e-01	1.671871544346313632e-01	7.989805652357027943e-02	3.477216781962353537e-02	8.696714833901007802e-02
1.461006604523895703e+03	2.202069766181372623e-01	1.348533751204998854e-01	2.758676140298154666e-01	1.672928794421204013e-01	7.994234196196302322e-02	3.480252199363245008e-02	8.703429083380651021e-02
1.463425489630723177e+03	2.199589299156814726e-01	1.346922108178318367e-01	2.760299879810422241e-01	1.673983173342162012e-01	7.998650783761104832e-02	3.483280241921796888e-02	8.710124369437428904e-02
1.465844374737550879e+03	2.197115918384476285e-01	1.345315068990907692e-01	2.761918611450429606e-01	1.675034689295497592e-01	8.003055448577466036e-02	3.486300924014335001e-02	8.716800746192585048e-02
1.468263259844378354e+03	2.194649603589483855e-01	1.343712620467709951e-01	2.763532350330746845e-01	1.676083350441310016e-01	8.007448224069102505e-02	3.489314260020064812e-02	8.723458267615818995e-02
1.470682144951206283e+03	2.192190334555123576e-01	1.342114749471501334e-01	2.765141111519113792e-01	1.677129164913596648e-01	8.011829143557806787e-02	3.492320264320742523e-02	8.730096987525597096e-02
1.473101030058033530e+03	2.189738091122671870e-01	1.340521442902781746e-01	2.766744910038572147e-01	1.678172140820360370e-01	8.016198240263820718e-02	3.495318951300351029e-02	8.736716959589468923e-02
1.475519915164861459e+03	2.187292853191230291e-01	1.338932687699664892e-01	2.768343760867600367e-01	1.679212286243718100e-01	8.020555547306204569e-02	3.498310335344772398e-02	8.743318237324390618e-02
1.477938800271689161e+03	2.184854600717556772e-01	1.337348470837769476e-01	2.769937678940245229e-01	1.680249609240006825e-01	8.024901097703213138e-02	3.501294430841468686e-02	8.749900874097038539e-02
1.480357685378516862e+03	2.182423313715899649e-01	1.335768779330110678e-01	2.771526679146252281e-01	1.681284117839890180e-01	8.029234924372667670e-02	3.504271252179165519e-02	8.756464923124132604e-02
1.482776570485344337e+03	2.179998972257832512e-01	1.334193600226992460e-01	2.773110776331197957e-01	1.682315820048464750e-01	8.033557060132323624e-02	3.507240813747539154e-02	8.763010437472755487e-02
