1.001418434226643626e+03	2.829278023583242097e-01	1.755073587752815079e-01	2.339105572854357495e-01	1.409710472599088327e-01	6.892678596231306687e-02	2.757001939546125172e-02	7.018642896325308356e-02
1.002869765290740247e+03	2.826711396147996158e-01	1.753407507879100602e-01	2.340852888906354012e-01	1.410782064454234597e-01	6.897144184908257647e-02	2.759795666578883019e-02	7.025521574633773747e-02
1.004321096354836754e+03	2.824149177640503661e-01	1.751744290769271239e-01	2.342597003532391753e-01	1.411851826937084720e-01	6.901602302966770852e-02	2.762586007182312592e-02	7.032388701056174751e-02
1.005772427418933376e+03	2.821591360465241505e-01	1.750083931484527899e-01	2.344337922527305884e-01	1.412919763618887825e-01	6.906052964071419942e-02	2.765372961744104810e-02	7.039244293222615689e-02
1.007223758483029997e+03	2.819037937039871600e-01	1.748426425094701253e-01	2.346075651675110785e-01	1.413985878061320700e-01	6.910496181855690923e-02	2.768156530675203522e-02	7.046088368756825426e-02
1.008675089547126618e+03	2.816488899795219214e-01	1.746771766678238968e-01	2.347810196749023914e-01	1.415050173816527479e-01	6.914931969922077926e-02	2.770936714409650767e-02	7.052920945275935327e-02
1.010126420611223239e+03	2.813944241175245220e-01	1.745119951322187390e-01	2.349541563511491904e-01	1.416112654427162110e-01	6.919360341842195616e-02	2.773713513404436545e-02	7.059742040390257212e-02
1.011577751675319632e+03	2.811403953637025555e-01	1.743470974122175998e-01	2.351269757714214703e-01	1.417173323426429155e-01	6.923781311156881890e-02	2.776486928139347901e-02	7.066551671703065474e-02
1.013029082739416367e+03	2.808868029650727904e-01	1.741824830182402695e-01	2.352994785098171115e-01	1.418232184338123203e-01	6.928194891376299180e-02	2.779256959116817652e-02	7.073349856810381975e-02
1.014480413803512761e+03	2.806336461699587836e-01	1.740181514615617153e-01	2.354716651393642668e-01	1.419289240676669117e-01	6.932601095980041317e-02	2.782023606861775897e-02	7.080136613300762327e-02
1.015931744867609382e+03	2.803809242279885483e-01	1.738541022543104442e-01	2.356435362320239146e-01	1.420344495947163110e-01	6.936999938417237610e-02	2.784786871921500831e-02	7.086911958755083563e-02
1.017383075931706003e+03	2.801286363900923337e-01	1.736903349094671423e-01	2.358150923586921632e-01	1.421397953645411605e-01	6.941391432106651382e-02	2.787546754865472681e-02	7.093675910746340130e-02
1.018834406995802851e+03	2.798767819085001829e-01	1.735268489408628989e-01	2.359863340892028316e-01	1.422449617257970367e-01	6.945775590436785440e-02	2.790303256285223826e-02	7.100428486839430176e-02
1.020285738059899245e+03	2.796253600367399339e-01	1.733636438631777077e-01	2.361572619923298644e-01	1.423499490262185307e-01	6.950152426765980607e-02	2.793056376794196549e-02	7.107169704590959869e-02
1.021737069123995752e+03	2.793743700296343335e-01	1.732007191919389399e-01	2.363278766357895799e-01	1.424547576126229675e-01	6.954521954422519803e-02	2.795806117027594545e-02	7.113899581549036621e-02
1.023188400188092373e+03	2.791238111432994273e-01	1.730380744435197626e-01	2.364981785862433350e-01	1.425593878309143747e-01	6.958884186704729358e-02	2.798552477642239633e-02	7.120618135253073411e-02
1.024639731252188767e+03	2.788736826351417286e-01	1.728757091351375286e-01	2.366681684092997728e-01	1.426638400260873407e-01	6.963239136881073377e-02	2.801295459316427774e-02	7.127325383233587552e-02
1.026091062316285615e+03	2.786239837638562755e-01	1.727136227848524441e-01	2.368378466695172657e-01	1.427681145422307618e-01	6.967586818190256437e-02	2.804035062749786131e-02	7.134021343012013350e-02
1.027542393380382237e+03	2.783747137894240775e-01	1.725518149115656541e-01	2.370072139304061631e-01	1.428722117225317556e-01	6.971927243841324895e-02	2.806771288663131511e-02	7.140706032100502254e-02
1.028993724444478858e+03	2.781258719731102280e-01	1.723902850350180760e-01	2.371762707544313731e-01	1.429761319092793248e-01	6.976260427013758481e-02	2.809504137798327431e-02	7.147379468001735514e-02
1.030445055508575479e+03	2.778774575774610178e-01	1.722290326757885959e-01	2.373450177030146380e-01	1.430798754438682430e-01	6.980586380857578543e-02	2.812233610918144985e-02	7.154041668208743765e-02
1.031896386572671872e+03	2.776294698663023253e-01	1.720680573552926806e-01	2.375134553365367829e-01	1.431834426668026350e-01	6.984905118493434095e-02	2.814959708806121647e-02	7.160692650204708576e-02
1.033347717636768493e+03	2.773819081047370072e-01	1.719073585957807959e-01	2.376815842143402413e-01	1.432868339176998906e-01	6.989216653012710057e-02	2.817682432266422482e-02	7.167332431462788978e-02
1.034799048700865114e+03	2.771347715591424565e-01	1.717469359203368240e-01	2.378494048947311923e-01	1.433900495352941062e-01	6.993520997477613299e-02	2.820401782123702419e-02	7.173961029445936888e-02
1.036250379764961508e+03	2.768880594971687148e-01	1.715867888528766760e-01	2.380169179349820863e-01	1.434930898574399705e-01	6.997818164921272566e-02	2.823117759222967815e-02	7.180578461606716700e-02
1.037701710829058356e+03	2.766417711877360852e-01	1.714269169181466546e-01	2.381841238913338099e-01	1.435959552211162893e-01	7.002108168347837003e-02	2.825830364429439065e-02	7.187184745387133200e-02
1.039153041893154750e+03	2.763959059010329677e-01	1.712673196417219823e-01	2.383510233189980454e-01	1.436986459624296220e-01	7.006391020732569141e-02	2.828539598628415988e-02	7.193779898218449764e-02
1.040604372957251599e+03	2.761504629085131945e-01	1.711079965500052202e-01	2.385176167721595741e-01	1.438011624166179170e-01	7.010666735021935103e-02	2.831245462725141132e-02	7.200363937521024604e-02
1.042055704021347992e+03	2.759054414828943647e-01	1.709489471702248797e-01	2.386839048039785527e-01	1.439035049180540649e-01	7.014935324133707295e-02	2.833947957644664811e-02	7.206936880704127579e-02
1.043507035085444613e+03	2.756608408981552349e-01	1.707901710304338683e-01	2.388498879665928443e-01	1.440056738002494230e-01	7.019196800957049065e-02	2.836647084331711532e-02	7.213498745165787540e-02
1.044958366149541234e+03	2.754166604295337217e-01	1.706316676595078241e-01	2.390155668111201559e-01	1.441076693958574517e-01	7.023451178352611846e-02	2.839342843750547463e-02	7.220049548292611918e-02
1.046409697213637855e+03	2.751728993535243473e-01	1.704734365871439228e-01	2.391809418876604532e-01	1.442094920366770727e-01	7.027698469152630911e-02	2.842035236884846508e-02	7.226589307459627132e-02
1.047861028277734476e+03	2.749295569478762968e-01	1.703154773438591563e-01	2.393460137452981251e-01	1.443111420536563605e-01	7.031938686161010033e-02	2.844724264737559516e-02	7.233118040030120377e-02
1.049312359341831097e+03	2.746866324915911428e-01	1.701577894609888619e-01	2.395107829321042880e-01	1.444126197768957898e-01	7.036171842153421396e-02	2.847409928330782089e-02	7.239635763355470321e-02
1.050763690405927491e+03	2.744441252649205687e-01	1.700003724706853347e-01	2.396752499951389781e-01	1.445139255356518992e-01	7.040397949877388872e-02	2.850092228705625175e-02	7.246142494774999998e-02
1.052215021470024112e+03	2.742020345493641487e-01	1.698432259059161620e-01	2.398394154804533163e-01	1.446150596583405112e-01	7.044617022052382382e-02	2.852771166922084961e-02	7.252638251615806109e-02
1.053666352534120733e+03	2.739603596276672381e-01	1.696863493004629464e-01	2.400032799330918953e-01	1.447160224725403399e-01	7.048829071369915045e-02	2.855446744058913466e-02	7.259123051192614695e-02
1.055117683598217127e+03	2.737190997838186424e-01	1.695297421889197242e-01	2.401668438970948061e-01	1.448168143049962664e-01	7.053034110493619502e-02	2.858118961213491210e-02	7.265596910807625708e-02
1.056569014662313975e+03	2.734782543030485069e-01	1.693734041066914664e-01	2.403301079155000519e-01	1.449174354816226695e-01	7.057232152059346453e-02	2.860787819501697457e-02	7.272059847750357575e-02
1.058020345726410369e+03	2.732378224718261528e-01	1.692173345899926351e-01	2.404930725303454642e-01	1.450178863275069230e-01	7.061423208675253471e-02	2.863453320057786008e-02	7.278511879297507037e-02
1.059471676790506763e+03	2.729978035778576895e-01	1.690615331758457129e-01	2.406557382826711999e-01	1.451181671669126150e-01	7.065607292921889659e-02	2.866115464034256835e-02	7.284953022712793713e-02
1.060923007854603611e+03	2.727581969100840720e-01	1.689059994020797317e-01	2.408181057125216296e-01	1.452182783232827956e-01	7.069784417352285855e-02	2.868774252601732216e-02	7.291383295246817164e-02
1.062374338918700232e+03	2.725190017586787139e-01	1.687507328073288015e-01	2.409801753589477513e-01	1.453182201192434464e-01	7.073954594492042058e-02	2.871429686948829413e-02	7.297802714136913949e-02
1.063825669982796853e+03	2.722802174150454335e-01	1.685957329310306674e-01	2.411419477600091898e-01	1.454179928766065888e-01	7.078117836839414867e-02	2.874081768282039234e-02	7.304211296607013293e-02
1.065277001046893474e+03	2.720418431718162333e-01	1.684409993134252104e-01	2.413034234527763611e-01	1.455175969163736149e-01	7.082274156865404902e-02	2.876730497825599753e-02	7.310609059867502479e-02
1.066728332110990095e+03	2.718038783228491351e-01	1.682865314955530600e-01	2.414646029733327759e-01	1.456170325587385073e-01	7.086423567013842850e-02	2.879375876821375912e-02	7.316996021115081128e-02
1.068179663175086489e+03	2.715663221632260149e-01	1.681323290192540953e-01	2.416254868567769554e-01	1.457163001230910027e-01	7.090566079701471347e-02	2.882017906528736018e-02	7.323372197532632133e-02
1.069630994239183110e+03	2.713291739892503829e-01	1.679783914271659462e-01	2.417860756372247066e-01	1.458153999280198121e-01	7.094701707318039341e-02	2.884656588224428914e-02	7.329737606289080110e-02
1.071082325303279504e+03	2.710924330984453845e-01	1.678247182627227163e-01	2.419463698478112601e-01	1.459143322913158958e-01	7.098830462226379812e-02	2.887291923202466373e-02	7.336092264539262331e-02
1.072533656367376352e+03	2.708560987895513583e-01	1.676713090701533737e-01	2.421063700206932678e-01	1.460130975299754053e-01	7.102952356762495811e-02	2.889923912773999584e-02	7.342436189423795501e-02
1.073984987431472746e+03	2.706201703625240040e-01	1.675181633944803627e-01	2.422660766870509685e-01	1.461116959602030141e-01	7.107067403235647896e-02	2.892552558267201535e-02	7.348769398068945302e-02
1.075436318495569594e+03	2.703846471185320510e-01	1.673652807815181609e-01	2.424254903770903524e-01	1.462101278974149710e-01	7.111175613928433226e-02	2.895177861027146970e-02	7.355091907586501498e-02
1.076887649559666215e+03	2.701495283599550379e-01	1.672126607778718910e-01	2.425846116200451041e-01	1.463083936562420972e-01	7.115277001096871612e-02	2.897799822415694782e-02	7.361403735073647481e-02
1.078338980623762609e+03	2.699148133903815361e-01	1.670603029309358500e-01	2.427434409441788510e-01	1.464064935505330345e-01	7.119371576970494331e-02	2.900418443811369693e-02	7.367704897612839532e-02
1.079790311687859230e+03	2.696805015146064299e-01	1.669082067888920939e-01	2.429019788767871890e-01	1.465044278933572142e-01	7.123459353752413514e-02	2.903033726609245344e-02	7.373995412271676375e-02
1.081241642751955851e+03	2.694465920386294178e-01	1.667563719007090217e-01	2.430602259441996260e-01	1.466021969970078831e-01	7.127540343619417906e-02	2.905645672220828410e-02	7.380275296102786764e-02
1.082692973816052472e+03	2.692130842696524029e-01	1.666047978161399046e-01	2.432181826717818018e-01	1.466998011730052121e-01	7.131614558722045027e-02	2.908254282073942723e-02	7.386544566143704582e-02
1.084144304880149093e+03	2.689799775160774953e-01	1.664534840857215814e-01	2.433758495839375147e-01	1.467972407320992934e-01	7.135682011184668605e-02	2.910859557612613044e-02	7.392803239416745331e-02
1.085595635944245487e+03	2.687472710875051241e-01	1.663024302607729321e-01	2.435332272041107193e-01	1.468945159842730552e-01	7.139742713105576288e-02	2.913461500296952306e-02	7.399051332928903435e-02
1.087046967008342108e+03	2.685149642947315951e-01	1.661516358933935178e-01	2.436903160547875535e-01	1.469916272387452316e-01	7.143796676557054304e-02	2.916060111603045388e-02	7.405288863671720401e-02
1.088498298072438729e+03	2.682830564497473147e-01	1.660011005364621095e-01	2.438471166574984195e-01	1.470885748039734153e-01	7.147843913585463782e-02	2.918655393022838093e-02	7.411515848621183511e-02
1.089949629136535123e+03	2.680515468657342359e-01	1.658508237436353838e-01	2.440036295328200655e-01	1.471853589876569723e-01	7.151884436211319862e-02	2.921247346064024045e-02	7.417732304737603699e-02
1.091400960200631971e+03	2.678204348570640825e-01	1.657008050693464241e-01	2.441598552003774458e-01	1.472819800967399007e-01	7.155918256429376345e-02	2.923835972249931581e-02	7.423938248965510078e-02
1.092852291264728365e+03	2.675897197392962390e-01	1.655510440688034157e-01	2.443157941788458853e-01	1.473784384374138556e-01	7.159945386208702023e-02	2.926421273119411692e-02	7.430133698233544470e-02
1.094303622328825213e+03	2.673594008291756419e-01	1.654015402979881755e-01	2.444714469859529393e-01	1.474747343151208978e-01	7.163965837492757005e-02	2.929003250226730123e-02	7.436318669454343444e-02
1.095754953392921607e+03	2.671294774446304476e-01	1.652522933136548189e-01	2.446268141384805583e-01	1.475708680345564350e-01	7.167979622199475986e-02	2.931581905141453920e-02	7.442493179524438396e-02
1.097206284457018228e+03	2.668999489047702567e-01	1.651033026733282616e-01	2.447818961522669479e-01	1.476668398996721088e-01	7.171986752221344574e-02	2.934157239448343529e-02	7.448657245324150078e-02
1.098657615521114849e+03	2.666708145298837818e-01	1.649545679353029426e-01	2.449366935422085945e-01	1.477626502136785702e-01	7.175987239425474229e-02	2.936729254747243514e-02	7.454810883717484515e-02
1.100108946585211470e+03	2.664420736414370161e-01	1.648060886586414087e-01	2.450912068222622642e-01	1.478582992790483386e-01	7.179981095653682754e-02	2.939297952652973958e-02	7.460954111552027535e-02
1.101560277649308091e+03	2.662137255620709575e-01	1.646578644031728711e-01	2.452454365054469732e-01	1.479537873975186046e-01	7.183968332722570627e-02	2.941863334795222218e-02	7.467086945658850394e-02
1.103011608713404712e+03	2.659857696155995543e-01	1.645098947294919289e-01	2.453993831038458473e-01	1.480491148700940340e-01	7.187948962423597321e-02	2.944425402818435719e-02	7.473209402852405703e-02
1.104462939777501106e+03	2.657582051270078183e-01	1.643621791989571257e-01	2.455530471286082594e-01	1.481442819970495151e-01	7.191922996523159028e-02	2.946984158381715443e-02	7.479321499930427497e-02
1.105914270841597499e+03	2.655310314224494928e-01	1.642147173736895893e-01	2.457064290899516334e-01	1.482392890779329342e-01	7.195890446762656656e-02	2.949539603158710110e-02	7.485423253673839650e-02
1.107365601905694348e+03	2.653042478292451656e-01	1.640675088165716444e-01	2.458595294971634149e-01	1.483341364115679517e-01	7.199851324858586032e-02	2.952091738837509666e-02	7.491514680846658725e-02
1.108816932969790741e+03	2.650778536758801041e-01	1.639205530912454523e-01	2.460123488586030693e-01	1.484288242960566384e-01	7.203805642502601747e-02	2.954640567120541891e-02	7.497595798195899608e-02
1.110268264033887590e+03	2.648518482920023676e-01	1.637738497621116784e-01	2.461648876817039699e-01	1.485233530287822512e-01	7.207753411361593476e-02	2.957186089724465894e-02	7.503666622451479751e-02
1.111719595097984211e+03	2.646262310084205871e-01	1.636273983943281052e-01	2.463171464729753124e-01	1.486177229064119809e-01	7.211694643077762312e-02	2.959728308380069409e-02	7.509727170326134515e-02
1.113170926162080832e+03	2.644010011571019114e-01	1.634811985538082990e-01	2.464691257380040579e-01	1.487119342248995058e-01	7.215629349268697090e-02	2.962267224832166451e-02	7.515777458515318643e-02
1.114622257226177226e+03	2.641761580711702306e-01	1.633352498072201675e-01	2.466208259814568204e-01	1.488059872794877947e-01	7.219557541527442390e-02	2.964802840839492193e-02	7.521817503697127150e-02
1.116073588290273847e+03	2.639517010849037892e-01	1.631895517219846825e-01	2.467722477070817821e-01	1.488998823647116609e-01	7.223479231422577640e-02	2.967335158174603041e-02	7.527847322532198182e-02
1.117524919354370468e+03	2.637276295337332432e-01	1.630441038662745201e-01	2.469233914177105804e-01	1.489936197744003987e-01	7.227394430498286504e-02	2.969864178623773943e-02	7.533866931663635302e-02
1.118976250418467089e+03	2.635039427542398838e-01	1.628989058090127007e-01	2.470742576152602232e-01	1.490871998016804756e-01	7.231303150274434599e-02	2.972389903986896731e-02	7.539876347716914506e-02
1.120427581482563710e+03	2.632806400841531946e-01	1.627539571198712842e-01	2.472248468007349209e-01	1.491806227389781137e-01	7.235205402246633333e-02	2.974912336077381245e-02	7.545875587299807896e-02
1.121878912546660331e+03	2.630577208623491314e-01	1.626092573692699828e-01	2.473751594742280846e-01	1.492738888780218431e-01	7.239101197886321781e-02	2.977431476722054715e-02	7.551864667002294862e-02
1.123330243610756725e+03	2.628351844288481232e-01	1.624648061283747447e-01	2.475251961349240748e-01	1.493669985098450559e-01	7.242990548640830528e-02	2.979947327761061152e-02	7.557843603396482979e-02
1.124781574674853118e+03	2.626130301248127963e-01	1.623206029690965890e-01	2.476749572811001443e-01	1.494599519247886976e-01	7.246873465933455216e-02	2.982459891047763850e-02	7.563812413036530291e-02
1.126232905738949967e+03	2.623912572925461983e-01	1.621766474640901623e-01	2.478244434101282145e-01	1.495527494125037105e-01	7.250749961163534263e-02	2.984969168448646515e-02	7.569771112458559270e-02
1.127684236803046360e+03	2.621698652754896885e-01	1.620329391867524060e-01	2.479736550184768185e-01	1.496453912619536419e-01	7.254620045706509923e-02	2.987475161843216112e-02	7.575719718180591589e-02
1.129135567867143209e+03	2.619488534182208284e-01	1.618894777112212524e-01	2.481225926017128769e-01	1.497378777614170042e-01	7.258483730914004617e-02	2.989977873123904686e-02	7.581658246702456527e-02
1.130586898931239830e+03	2.617282210664518272e-01	1.617462626123742919e-01	2.482712566545036692e-01	1.498302091984899664e-01	7.262341028113888930e-02	2.992477304195972215e-02	7.587586714505727137e-02
1.132038229995336451e+03	2.615079675670268222e-01	1.616032934658274411e-01	2.484196476706185264e-01	1.499223858600887416e-01	7.266191948610353779e-02	2.994973456977412241e-02	7.593505138053639747e-02
1.133489561059432845e+03	2.612880922679206019e-01	1.614605698479336382e-01	2.485677661429306906e-01	1.500144080324521678e-01	7.270036503683974249e-02	2.997466333398854030e-02	7.599413533791019026e-02
1.134940892123529466e+03	2.610685945182360523e-01	1.613180913357815660e-01	2.487156125634192583e-01	1.501062760011440123e-01	7.273874704591787310e-02	2.999955935403469248e-02	7.605311918144215533e-02
1.136392223187626087e+03	2.608494736682024917e-01	1.611758575071942090e-01	2.488631874231707897e-01	1.501979900510555244e-01	7.277706562567351489e-02	3.002442264946876202e-02	7.611200307521022446e-02
1.137843554251722708e+03	2.606307290691737277e-01	1.610338679407276319e-01	2.490104912123813630e-01	1.502895504664078785e-01	7.281532088820825976e-02	3.004925323997045816e-02	7.617078718310617280e-02
1.139294885315819101e+03	2.604123600736257260e-01	1.608921222156697028e-01	2.491575244203581840e-01	1.503809575307546442e-01	7.285351294539028910e-02	3.007405114534207613e-02	7.622947166883482784e-02
1.140746216379915950e+03	2.601943660351550558e-01	1.607506199120387336e-01	2.493042875355214461e-01	1.504722115269840343e-01	7.289164190885508154e-02	3.009881638550758812e-02	7.628805669591344485e-02
1.142197547444012343e+03	2.599767463084767249e-01	1.606093606105821192e-01	2.494507810454062446e-01	1.505633127373214308e-01	7.292970789000613463e-02	3.012354898051168225e-02	7.634654242767104082e-02
1.143648878508108737e+03	2.597595002494220706e-01	1.604683438927751171e-01	2.495970054366641877e-01	1.506542614433317440e-01	7.296771100001563093e-02	3.014824895051887096e-02	7.640492902724774216e-02
1.145100209572205586e+03	2.595426272149370939e-01	1.603275693408195146e-01	2.497429611950652828e-01	1.507450579259217716e-01	7.300565134982502091e-02	3.017291631581255767e-02	7.646321665759410469e-02
1.146551540636302207e+03	2.593261265630802392e-01	1.601870365376423799e-01	2.498886488054996857e-01	1.508357024653425582e-01	7.304352905014578623e-02	3.019755109679413477e-02	7.652140548147050303e-02
1.148002871700398828e+03	2.591099976530205629e-01	1.600467450668947300e-01	2.500340687519794769e-01	1.509261953411917823e-01	7.308134421146010584e-02	3.022215331398207805e-02	7.657949566144650611e-02
1.149454202764495449e+03	2.588942398450357896e-01	1.599066945129501982e-01	2.501792215176404932e-01	1.510165368324160040e-01	7.311909694402141113e-02	3.024672298801103429e-02	7.663748735990028038e-02
1.150905533828591842e+03	2.586788525005104256e-01	1.597668844609037297e-01	2.503241075847439934e-01	1.511067272173130804e-01	7.315678735785516307e-02	3.027126013963093651e-02	7.669538073901790987e-02
1.152356864892688463e+03	2.584638349819334269e-01	1.596273144965704993e-01	2.504687274346784065e-01	1.511967667735343579e-01	7.319441556275946281e-02	3.029576478970610887e-02	7.675317596079289650e-02
1.153808195956785084e+03	2.582491866528968116e-01	1.594879842064843567e-01	2.506130815479613028e-01	1.512866557780870869e-01	7.323198166830569011e-02	3.032023695921438541e-02	7.681087318702553568e-02
1.155259527020881706e+03	2.580349068780933841e-01	1.593488931778966888e-01	2.507571704042407257e-01	1.513763945073366146e-01	7.326948578383916943e-02	3.034467666924621498e-02	7.686847257932231947e-02
1.156710858084978327e+03	2.578209950233148473e-01	1.592100409987751153e-01	2.509009944822974125e-01	1.514659832370087444e-01	7.330692801847983608e-02	3.036908394100380076e-02	7.692597429909536766e-02
1.158162189149074720e+03	2.576074504554499156e-01	1.590714272578022115e-01	2.510445542600461266e-01	1.515554222421918451e-01	7.334430848112283297e-02	3.039345879580021559e-02	7.698337850756192813e-02
1.159613520213171569e+03	2.573942725424824274e-01	1.589330515443742875e-01	2.511878502145376557e-01	1.516447117973392655e-01	7.338162728043917671e-02	3.041780125505854498e-02	7.704068536574378012e-02
1.161064851277267962e+03	2.571814606534891801e-01	1.587949134485999447e-01	2.513308828219604218e-01	1.517338521762714443e-01	7.341888452487640992e-02	3.044211134031101287e-02	7.709789503446670689e-02
1.162516182341364356e+03	2.569690141586383203e-01	1.586570125612990212e-01	2.514736525576422022e-01	1.518228436521781577e-01	7.345608032265923959e-02	3.046638907319813849e-02	7.715500767435996832e-02
1.163967513405461204e+03	2.567569324291872901e-01	1.585193484740011760e-01	2.516161598960519052e-01	1.519116864976208514e-01	7.349321478179013378e-02	3.049063447546787251e-02	7.721202344585580135e-02
1.165418844469557826e+03	2.565452148374809394e-01	1.583819207789447236e-01	2.517584053108010700e-01	1.520003809845346388e-01	7.353028801004994619e-02	3.051484756897475045e-02	7.726894250918889262e-02
1.166870175533654447e+03	2.563338607569495831e-01	1.582447290690752462e-01	2.519003892746459750e-01	1.520889273842306044e-01	7.356730011499863775e-02	3.053902837567904621e-02	7.732576502439587884e-02
1.168321506597751068e+03	2.561228695621069473e-01	1.581077729380445107e-01	2.520421122594890262e-01	1.521773259673979417e-01	7.360425120397579013e-02	3.056317691764595321e-02	7.738249115131481948e-02
1.169772837661847461e+03	2.559122406285486706e-01	1.579710519802090540e-01	2.521835747363803115e-01	1.522655770041061452e-01	7.364114138410128574e-02	3.058729321704471704e-02	7.743912104958479425e-02
1.171224168725944082e+03	2.557019733329499167e-01	1.578345657906289612e-01	2.523247771755198765e-01	1.523536807638070922e-01	7.367797076227589059e-02	3.061137729614783407e-02	7.749565487864534807e-02
1.172675499790040703e+03	2.554920670530639315e-01	1.576983139650667276e-01	2.524657200462587237e-01	1.524416375153372638e-01	7.371473944518194821e-02	3.063542917733020135e-02	7.755209279773608855e-02
1.174126830854137097e+03	2.552825211677197670e-01	1.575622960999858713e-01	2.526064038171009218e-01	1.525294475269199090e-01	7.375144753928389307e-02	3.065944888306832219e-02	7.760843496589620027e-02
1.175578161918233945e+03	2.550733350568206159e-01	1.574265117925496837e-01	2.527468289557052161e-01	1.526171110661669605e-01	7.378809515082888904e-02	3.068343643593946998e-02	7.766468154196395912e-02
1.177029492982330339e+03	2.548645081013419800e-01	1.572909606406201477e-01	2.528869959288864711e-01	1.527046284000813658e-01	7.382468238584752318e-02	3.070739185862088674e-02	7.772083268457635752e-02
1.178480824046426733e+03	2.546560396833295603e-01	1.571556422427565214e-01	2.530269052026176690e-01	1.527919997950590303e-01	7.386120935015430544e-02	3.073131517388897477e-02	7.777688855216866037e-02
1.179932155110523581e+03	2.544479291858974812e-01	1.570205561982142006e-01	2.531665572420312982e-01	1.528792255168909819e-01	7.389767614934832085e-02	3.075520640461848476e-02	7.783284930297394710e-02
1.181383486174620202e+03	2.542401759932264027e-01	1.568857021069433866e-01	2.533059525114211841e-01	1.529663058307653700e-01	7.393408288881382628e-02	3.077906557378172828e-02	7.788871509502272306e-02
1.182834817238716823e+03	2.540327794905618553e-01	1.567510795695879200e-01	2.534450914742440997e-01	1.530532410012696298e-01	7.397042967372081945e-02	3.080289270444777974e-02	7.794448608614247542e-02
1.184286148302813444e+03	2.538257390642119637e-01	1.566166881874841155e-01	2.535839745931213196e-01	1.531400312923924534e-01	7.400671660902569116e-02	3.082668781978167849e-02	7.800016243395735405e-02
1.185737479366910065e+03	2.536190541015460043e-01	1.564825275626593737e-01	2.537226023298402855e-01	1.532266769675258156e-01	7.404294379947178040e-02	3.085045094304365854e-02	7.805574429588765795e-02
1.187188810431006686e+03	2.534127239909921836e-01	1.563485972978310434e-01	2.538609751453563823e-01	1.533131782894670281e-01	7.407911134958997112e-02	3.087418209758836102e-02	7.811123182914959939e-02
1.188640141495103080e+03	2.532067481220360294e-01	1.562148969964052558e-01	2.539990934997943817e-01	1.533995355204208211e-01	7.411521936369926122e-02	3.089788130686405357e-02	7.816662519075476268e-02
1.190091472559199701e+03	2.530011258852183920e-01	1.560814262624755366e-01	2.541369578524501627e-01	1.534857489220012305e-01	7.415126794590740089e-02	3.092154859441186357e-02	7.822192453750992369e-02
1.191542803623296322e+03	2.527958566721337785e-01	1.559481847008217514e-01	2.542745686617923218e-01	1.535718187552337077e-01	7.418725720011143387e-02	3.094518398386499752e-02	7.827713002601649483e-02
1.192994134687392716e+03	2.525909398754281887e-01	1.558151719169087734e-01	2.544119263854638380e-01	1.536577452805570343e-01	7.422318722999826646e-02	3.096878749894800206e-02	7.833224181267033071e-02
1.194445465751489564e+03	2.523863748887976155e-01	1.556823875168853177e-01	2.545490314802836274e-01	1.537435287578252374e-01	7.425905813904529196e-02	3.099235916347597986e-02	7.838726005366127014e-02
1.195896796815585958e+03	2.521821611069860469e-01	1.555498311075828033e-01	2.546858844022479862e-01	1.538291694463097548e-01	7.429487003052091809e-02	3.101589900135384367e-02	7.844218490497288643e-02
1.197348127879682352e+03	2.519782979257834676e-01	1.554175022965139930e-01	2.548224856065326449e-01	1.539146676047012385e-01	7.433062300748519147e-02	3.103940703657556699e-02	7.849701652238207095e-02
1.198799458943779200e+03	2.517747847420243601e-01	1.552854006918717999e-01	2.549588355474939338e-01	1.540000234911114707e-01	7.436631717279033882e-02	3.106288329322343111e-02	7.855175506145881115e-02
1.200250790007875821e+03	2.515716209535856507e-01	1.551535259025282609e-01	2.550949346786705041e-01	1.540852373630753891e-01	7.440195262908132212e-02	3.108632779546728619e-02	7.860640067756576033e-02
1.201702121071972442e+03	2.513688059593848223e-01	1.550218775380330927e-01	2.552307834527849373e-01	1.541703094775530025e-01	7.443752947879643533e-02	3.110974056756380876e-02	7.866095352585801559e-02
1.203153452136069063e+03	2.511663391593783601e-01	1.548904552086126929e-01	2.553663823217454110e-01	1.542552400909312782e-01	7.447304782416783175e-02	3.113312163385577661e-02	7.871541376128275702e-02
1.204604783200165684e+03	2.509642199545596419e-01	1.547592585251687525e-01	2.555017317366471419e-01	1.543400294590260013e-01	7.450850776722214852e-02	3.115647101877132286e-02	7.876978153857899789e-02
1.206056114264262078e+03	2.507624477469573288e-01	1.546282870992772562e-01	2.556368321477741623e-01	1.544246778370838014e-01	7.454390940978096458e-02	3.117978874682321780e-02	7.882405701227727934e-02
1.207507445328358699e+03	2.505610219396334215e-01	1.544975405431871229e-01	2.557716840046004858e-01	1.545091854797838726e-01	7.457925285346145294e-02	3.120307484260814723e-02	7.887824033669935120e-02
1.208958776392455093e+03	2.503599419366815404e-01	1.543670184698191505e-01	2.559062877557922167e-01	1.545935526412400285e-01	7.461453819967692191e-02	3.122632933080599082e-02	7.893233166595797767e-02
1.210410107456551941e+03	2.501592071432250375e-01	1.542367204927647117e-01	2.560406438492086600e-01	1.546777795750023665e-01	7.464976554963731470e-02	3.124955223617910741e-02	7.898633115395657656e-02
1.211861438520648335e+03	2.499588169654151926e-01	1.541066462262846160e-01	2.561747527319040985e-01	1.547618665340593502e-01	7.468493500434980614e-02	3.127274358357162026e-02	7.904023895438903879e-02
1.213312769584745183e+03	2.497587708104295479e-01	1.539767952853079158e-01	2.563086148501292905e-01	1.548458137708394466e-01	7.472004666461930233e-02	3.129590339790871978e-02	7.909405522073942318e-02
1.214764100648841804e+03	2.495590680864699096e-01	1.538471672854307415e-01	2.564422306493331360e-01	1.549296215372130969e-01	7.475510063104906511e-02	3.131903170419595567e-02	7.914778010628172045e-02
1.216215431712937971e+03	2.493597082027607104e-01	1.537177618429151071e-01	2.565756005741640089e-01	1.550132900844944928e-01	7.479009700404121164e-02	3.134212852751853268e-02	7.920141376407957567e-02
1.217666762777034819e+03	2.491606905695471497e-01	1.535885785746876897e-01	2.567087250684714772e-01	1.550968196634434082e-01	7.482503588379718629e-02	3.136519389304062710e-02	7.925495634698614955e-02
1.219118093841131440e+03	2.489620145980934174e-01	1.534596170983387187e-01	2.568416045753076360e-01	1.551802105242670038e-01	7.485991737031841287e-02	3.138822782600467903e-02	7.930840800764378529e-02
1.220569424905228061e+03	2.487636797006808898e-01	1.533308770321208103e-01	2.569742395369289389e-01	1.552634629166216029e-01	7.489474156340679423e-02	3.141123035173071232e-02	7.936176889848381433e-02
1.222020755969324682e+03	2.485656852906064085e-01	1.532023579949477188e-01	2.571066303947975307e-01	1.553465770896145792e-01	7.492950856266521187e-02	3.143420149561566151e-02	7.941503917172638982e-02
1.223472087033421303e+03	2.483680307821804767e-01	1.530740596063932535e-01	2.572387775895828010e-01	1.554295532918060219e-01	7.496421846749809492e-02	3.145714128313267799e-02	7.946821897938019519e-02
1.224923418097517697e+03	2.481707155907254270e-01	1.529459814866900025e-01	2.573706815611627730e-01	1.555123917712105952e-01	7.499887137711191976e-02	3.148004973983046378e-02	7.952130847324229146e-02
1.226374749161614318e+03	2.479737391325736728e-01	1.528181232567283054e-01	2.575023427486259342e-01	1.555950927752992319e-01	7.503346739051577896e-02	3.150292689133258467e-02	7.957430780489790911e-02
1.227826080225710712e+03	2.477771008250660156e-01	1.526904845380549769e-01	2.576337615902725142e-01	1.556776565510009092e-01	7.506800660652186707e-02	3.152577276333682482e-02	7.962721712572023991e-02
1.229277411289807560e+03	2.475808000865498126e-01	1.525630649528721960e-01	2.577649385236160939e-01	1.557600833447044530e-01	7.510248912374603569e-02	3.154858738161447906e-02	7.968003658687025648e-02
1.230728742353903954e+03	2.473848363363772007e-01	1.524358641240363410e-01	2.578958739853849380e-01	1.558423734022602036e-01	7.513691504060830695e-02	3.157137077200974917e-02	7.973276633929653190e-02
1.232180073418000802e+03	2.471892089949034310e-01	1.523088816750568786e-01	2.580265684115237157e-01	1.559245269689818192e-01	7.517128445533335923e-02	3.159412296043905000e-02	7.978540653373505931e-02
1.233631404482097196e+03	2.469939174834849260e-01	1.521821172300950320e-01	2.581570222371948886e-01	1.560065442896479138e-01	7.520559746595109618e-02	3.161684397289035720e-02	7.983795732070908535e-02
1.235082735546193817e+03	2.467989612244777808e-01	1.520555704139629205e-01	2.582872358967802096e-01	1.560884256085038058e-01	7.523985417029710465e-02	3.163953383542256886e-02	7.989041885052894365e-02
1.236534066610290438e+03	2.466043396412357647e-01	1.519292408521221438e-01	2.584172098238822213e-01	1.561701711692632111e-01	7.527405466601322370e-02	3.166219257416484634e-02	7.994279127329188828e-02
1.237985397674387059e+03	2.464100521581088499e-01	1.518031281706827829e-01	2.585469444513256998e-01	1.562517812151099916e-01	7.530819905054804420e-02	3.168482021531597581e-02	7.999507473888195497e-02
1.239436728738483680e+03	2.462160982004411303e-01	1.516772319964022064e-01	2.586764402111592642e-01	1.563332559886997652e-01	7.534228742115739452e-02	3.170741678514373690e-02	8.004726939696979460e-02
1.240888059802580301e+03	2.460224771945693500e-01	1.515515519566839053e-01	2.588056975346566535e-01	1.564145957321616820e-01	7.537631987490482632e-02	3.172998230998427122e-02	8.009937539701253439e-02
1.242339390866676695e+03	2.458291885678211552e-01	1.514260876795764377e-01	2.589347168523183917e-01	1.564958006870999785e-01	7.541029650866222511e-02	3.175251681624141620e-02	8.015139288825366692e-02
1.243790721930773088e+03	2.456362317485131508e-01	1.513008387937722077e-01	2.590634985938731760e-01	1.565768710945956432e-01	7.544421741911015722e-02	3.177502033038611534e-02	8.020332201972282804e-02
1.245242052994869937e+03	2.454436061659493740e-01	1.511758049286063277e-01	2.591920431882791531e-01	1.566578071952082207e-01	7.547808270273850817e-02	3.179749287895576593e-02	8.025516294023581076e-02
1.246693384058966330e+03	2.452513112504194903e-01	1.510509857140555356e-01	2.593203510637258624e-01	1.567386092289773658e-01	7.551189245584689902e-02	3.181993448855361534e-02	8.030691579839430161e-02
1.248144715123063179e+03	2.450593464331971283e-01	1.509263807807370572e-01	2.594484226476352351e-01	1.568192774354243979e-01	7.554564677454525534e-02	3.184234518584812962e-02	8.035858074258586670e-02
1.249596046187159800e+03	2.448677111465380474e-01	1.508019897599074399e-01	2.595762583666631484e-01	1.568998120535540497e-01	7.557934575475420969e-02	3.186472499757239674e-02	8.041015792098378523e-02
1.251047377251256421e+03	2.446764048236785005e-01	1.506778122834614153e-01	2.597038586467010357e-01	1.569802133218559936e-01	7.561298949220565668e-02	3.188707395052348820e-02	8.046164748154695234e-02
1.252498708315352815e+03	2.444854268988334578e-01	1.505538479839308441e-01	2.598312239128772183e-01	1.570604814783065906e-01	7.564657808244323878e-02	3.190939207156187618e-02	8.051304957201976809e-02
1.253950039379449436e+03	2.442947768071950798e-01	1.504300964944834951e-01	2.599583545895584047e-01	1.571406167603703885e-01	7.568011162082283194e-02	3.193167938761080904e-02	8.056436433993208190e-02
1.255401370443546057e+03	2.441044539849307193e-01	1.503065574489219625e-01	2.600852511003508560e-01	1.572206194050016492e-01	7.571359020251300365e-02	3.195393592565573537e-02	8.061559193259902611e-02
1.256852701507642678e+03	2.439144578691814780e-01	1.501832304816827224e-01	2.602119138681022736e-01	1.573004896486461801e-01	7.574701392249554022e-02	3.197616171274367258e-02	8.066673249712101590e-02
1.258304032571739299e+03	2.437247878980603188e-01	1.500601152278346895e-01	2.603383433149030757e-01	1.573802277272426664e-01	7.578038287556591868e-02	3.199835677598264483e-02	8.071778618038358277e-02
1.259755363635835920e+03	2.435354435106504845e-01	1.499372113230783010e-01	2.604645398620874519e-01	1.574598338762243921e-01	7.581369715633376472e-02	3.202052114254106546e-02	8.076875312905731907e-02
1.261206694699932314e+03	2.433464241470037759e-01	1.498145184037443789e-01	2.605905039302354176e-01	1.575393083305207387e-01	7.584695685922339392e-02	3.204265483964717498e-02	8.081963348959786408e-02
1.262658025764028707e+03	2.431577292481388319e-01	1.496920361067929917e-01	2.607162359391737017e-01	1.576186513245587950e-01	7.588016207847418648e-02	3.206475789458842346e-02	8.087042740824573750e-02
1.264109356828125556e+03	2.429693582560394083e-01	1.495697640698124553e-01	2.608417363079774676e-01	1.576978630922648839e-01	7.591331290814115618e-02	3.208683033471092239e-02	8.092113503102635330e-02
1.265560687892221949e+03	2.427813106136527954e-01	1.494477019310180288e-01	2.609670054549714791e-01	1.577769438670660884e-01	7.594640944209540834e-02	3.210887218741884791e-02	8.097175650374992262e-02
1.267012018956318798e+03	2.425935857648880700e-01	1.493258493292509703e-01	2.610920437977318764e-01	1.578558938818918345e-01	7.597945177402455619e-02	3.213088348017387880e-02	8.102229197201139821e-02
1.268463350020415419e+03	2.424061831546144297e-01	1.492042059039773161e-01	2.612168517530871759e-01	1.579347133691753891e-01	7.601243999743322044e-02	3.215286424049460662e-02	8.107274158119043284e-02
1.269914681084511813e+03	2.422191022286594442e-01	1.490827712952869089e-01	2.613414297371199346e-01	1.580134025608553594e-01	7.604537420564355665e-02	3.217481449595598064e-02	8.112310547645130987e-02
1.271366012148608434e+03	2.420323424338075013e-01	1.489615451438922045e-01	2.614657781651681390e-01	1.580919616883773027e-01	7.607825449179562993e-02	3.219673427418873884e-02	8.117338380274292942e-02
1.272817343212705055e+03	2.418459032177981138e-01	1.488405270911272449e-01	2.615898974518264808e-01	1.581703909826950305e-01	7.611108094884795616e-02	3.221862360287885280e-02	8.122357670479876668e-02
1.274268674276801676e+03	2.416597840293240873e-01	1.487197167789464924e-01	2.617137880109477455e-01	1.582486906742724408e-01	7.614385366957790446e-02	3.224048250976695867e-02	8.127368432713678870e-02
1.275720005340898297e+03	2.414739843180301326e-01	1.485991138499237196e-01	2.618374502556443661e-01	1.583268609930846837e-01	7.617657274658221067e-02	3.226231102264781603e-02	8.132370681405949597e-02
1.277171336404994690e+03	2.412885035345109785e-01	1.484787179472510377e-01	2.619608845982895895e-01	1.584049021686197989e-01	7.620923827227739367e-02	3.228410916936973185e-02	8.137364430965385309e-02
1.278622667469091539e+03	2.411033411303098173e-01	1.483585287147377307e-01	2.620840914505190855e-01	1.584828144298802144e-01	7.624185033890022722e-02	3.230587697783402629e-02	8.142349695779126095e-02
1.280073998533187932e+03	2.409184965579166393e-01	1.482385457968091180e-01	2.622070712232321688e-01	1.585605980053841624e-01	7.627440903850822573e-02	3.232761447599449833e-02	8.147326490212754291e-02
1.281525329597284326e+03	2.407339692707665402e-01	1.481187688385056656e-01	2.623298243265930751e-01	1.586382531231671777e-01	7.630691446298004665e-02	3.234932169185685685e-02	8.152294828610295863e-02
1.282976660661381175e+03	2.405497587232380552e-01	1.479991974854815984e-01	2.624523511700327383e-01	1.587157800107835415e-01	7.633936670401599012e-02	3.237099865347820016e-02	8.157254725294214859e-02
1.284427991725477568e+03	2.403658643706516329e-01	1.478798313840040957e-01	2.625746521622497331e-01	1.587931788953077239e-01	7.637176585313841526e-02	3.239264538896647477e-02	8.162206194565417572e-02
1.285879322789574417e+03	2.401822856692678587e-01	1.477606701809520973e-01	2.626967277112117749e-01	1.588704500033358558e-01	7.640411200169221206e-02	3.241426192647993421e-02	8.167149250703249763e-02
1.287330653853671038e+03	2.399990220762858728e-01	1.476417135238152212e-01	2.628185782241571622e-01	1.589475935609871438e-01	7.643640524084525933e-02	3.243584829422661159e-02	8.172083907965492500e-02
1.288781984917767431e+03	2.398160730498417603e-01	1.475229610606927089e-01	2.629402041075961094e-01	1.590246097939053416e-01	7.646864566158879939e-02	3.245740452046379232e-02	8.177010180588370480e-02
1.290233315981864052e+03	2.396334380490068583e-01	1.474044124402923150e-01	2.630616057673120234e-01	1.591014989272600544e-01	7.650083335473797930e-02	3.247893063349749365e-02	8.181928082786547873e-02
