1.001418434226643626e+03	2.795448954867056357e-01	1.812837506714137514e-01	2.349084375975450389e-01	1.409469408161256598e-01	6.775112064712561499e-02	2.650314836715463376e-02	6.906170641370931729e-02
1.002869765290740247e+03	2.792884286501445268e-01	1.811214778422503280e-01	2.350890335401363551e-01	1.410525275099929199e-01	6.779135117073571692e-02	2.652700772859143893e-02	6.913017355792834551e-02
1.004321096354836754e+03	2.790324022316867936e-01	1.809594718470103336e-01	2.352693042459264861e-01	1.411579297191562776e-01	6.783150459470202454e-02	2.655084177538118845e-02	6.919854558591655158e-02
1.005772427418933376e+03	2.787768154769090234e-01	1.807977322381396912e-01	2.354492503227571254e-01	1.412631478031062815e-01	6.787158108628933706e-02	2.657465050901548775e-02	6.926682256356270218e-02
1.007223758483029997e+03	2.785216676326868201e-01	1.806362585688543743e-01	2.356288723771780280e-01	1.413681821205079459e-01	6.791158081236671473e-02	2.659843393111016932e-02	6.933500455707555798e-02
1.008675089547126618e+03	2.782669579471925836e-01	1.804750503931389638e-01	2.358081710144504795e-01	1.414730330292029992e-01	6.795150393940849187e-02	2.662219204340467507e-02	6.940309163298144512e-02
1.010126420611223239e+03	2.780126856698931781e-01	1.803141072657452049e-01	2.359871468385505711e-01	1.415777008862122155e-01	6.799135063349528996e-02	2.664592484776145270e-02	6.947108385812172937e-02
1.011577751675319632e+03	2.777588500515477121e-01	1.801534287421907576e-01	2.361658004521727527e-01	1.416821860477377459e-01	6.803112106031504458e-02	2.666963234616535200e-02	6.953898129965029040e-02
1.013029082739416367e+03	2.775054503442053178e-01	1.799930143787576431e-01	2.363441324567330803e-01	1.417864888691654501e-01	6.807081538516401853e-02	2.669331454072302809e-02	6.960678402503116258e-02
1.014480413803512761e+03	2.772524858012027638e-01	1.798328637324909940e-01	2.365221434523727129e-01	1.418906097050671999e-01	6.811043377294771772e-02	2.671697143366234470e-02	6.967449210203593979e-02
1.015931744867609382e+03	2.769999556771624571e-01	1.796729763611975283e-01	2.366998340379611876e-01	1.419945489092032942e-01	6.814997638818198755e-02	2.674060302733177741e-02	6.974210559874145787e-02
1.017383075931706003e+03	2.767478592279898342e-01	1.795133518234443004e-01	2.368772048110997785e-01	1.420983068345245404e-01	6.818944339499399820e-02	2.676420932419982385e-02	6.980962458352731048e-02
1.018834406995802851e+03	2.764961957108716395e-01	1.793539896785572296e-01	2.370542563681249382e-01	1.422018838331747803e-01	6.822883495712317448e-02	2.678779032685440348e-02	6.987704912507340660e-02
1.020285738059899245e+03	2.762449643842732616e-01	1.791948894866197128e-01	2.372309893041114615e-01	1.423052802564929997e-01	6.826815123792226436e-02	2.681134603800228861e-02	6.994437929235758356e-02
1.021737069123995752e+03	2.759941645079366790e-01	1.790360508084713476e-01	2.374074042128759277e-01	1.424084964550156873e-01	6.830739240035826887e-02	2.683487646046849723e-02	7.001161515465326168e-02
1.023188400188092373e+03	2.757437953428780175e-01	1.788774732057064054e-01	2.375835016869799754e-01	1.425115327784790276e-01	6.834655860701348284e-02	2.685838159719571711e-02	7.007875678152701571e-02
1.024639731252188767e+03	2.754938561513857187e-01	1.787191562406726941e-01	2.377592823177335779e-01	1.426143895758212599e-01	6.838565002008641092e-02	2.688186145124372636e-02	7.014580424283624327e-02
1.026091062316285615e+03	2.752443461970181526e-01	1.785610994764699200e-01	2.379347466951983459e-01	1.427170671951848435e-01	6.842466680139279445e-02	2.690531602578881062e-02	7.021275760872676408e-02
1.027542393380382237e+03	2.749952647446011755e-01	1.784033024769484943e-01	2.381098954081908026e-01	1.428195659839187615e-01	6.846360911236659685e-02	2.692874532412318708e-02	7.027961694963054395e-02
1.028993724444478858e+03	2.747466110602263534e-01	1.782457648067081457e-01	2.382847290442856591e-01	1.429218862885807406e-01	6.850247711406094731e-02	2.695214934965443204e-02	7.034638233626328008e-02
1.030445055508575479e+03	2.744983844112484084e-01	1.780884860310965045e-01	2.384592481898190064e-01	1.430240284549394170e-01	6.854127096714913991e-02	2.697552810590490499e-02	7.041305383962215281e-02
1.031896386572671872e+03	2.742505840662829431e-01	1.779314657162078817e-01	2.386334534298916732e-01	1.431259928279767224e-01	6.857999083192557743e-02	2.699888159651117267e-02	7.047963153098354971e-02
1.033347717636768493e+03	2.740032092952047749e-01	1.777747034288817141e-01	2.388073453483723352e-01	1.432277797518897999e-01	6.861863686830674269e-02	2.702220982522344703e-02	7.054611548190066472e-02
1.034799048700865114e+03	2.737562593691451607e-01	1.776181987367013992e-01	2.389809245279007899e-01	1.433293895700935294e-01	6.865720923583219781e-02	2.704551279590502316e-02	7.061250576420130542e-02
1.036250379764961508e+03	2.735097335604899649e-01	1.774619512079927686e-01	2.391541915498911763e-01	1.434308226252225815e-01	6.869570809366550013e-02	2.706879051253170340e-02	7.067880244998561712e-02
1.037701710829058356e+03	2.732636311428773279e-01	1.773059604118229493e-01	2.393271469945351393e-01	1.435320792591335826e-01	6.873413360059522914e-02	2.709204297919124219e-02	7.074500561162380685e-02
1.039153041893154750e+03	2.730179513911955014e-01	1.771502259179988936e-01	2.394997914408050765e-01	1.436331598129072795e-01	6.877248591503583308e-02	2.711527020008277708e-02	7.081111532175389522e-02
1.040604372957251599e+03	2.727726935815806275e-01	1.769947472970660463e-01	2.396721254664572198e-01	1.437340646268508437e-01	6.881076519502868361e-02	2.713847217951628754e-02	7.087713165327949594e-02
1.042055704021347992e+03	2.725278569914147964e-01	1.768395241203070400e-01	2.398441496480349100e-01	1.438347940404999248e-01	6.884897159824297785e-02	2.716164892191203287e-02	7.094305467936759535e-02
1.043507035085444613e+03	2.722834408993234367e-01	1.766845559597403359e-01	2.400158645608716501e-01	1.439353483926208432e-01	6.888710528197670990e-02	2.718480043179998321e-02	7.100888447344634591e-02
1.044958366149541234e+03	2.720394445851736509e-01	1.765298423881188628e-01	2.401872707790943806e-01	1.440357280212127000e-01	6.892516640315758669e-02	2.720792671381928873e-02	7.107462110920288734e-02
1.046409697213637855e+03	2.717958673300716610e-01	1.763753829789287686e-01	2.403583688756264491e-01	1.441359332635096246e-01	6.896315511834402723e-02	2.723102777271771413e-02	7.114026466058111231e-02
1.047861028277734476e+03	2.715527084163609217e-01	1.762211773063880327e-01	2.405291594221908857e-01	1.442359644559827736e-01	6.900107158372602301e-02	2.725410361335110082e-02	7.120581520177957091e-02
1.049312359341831097e+03	2.713099671276197888e-01	1.760672249454452165e-01	2.406996429893134282e-01	1.443358219343426063e-01	6.903891595512616497e-02	2.727715424068282574e-02	7.127127280724920855e-02
1.050763690405927491e+03	2.710676427486594653e-01	1.759135254717780483e-01	2.408698201463256028e-01	1.444355060335409946e-01	6.907668838800054556e-02	2.730017965978323927e-02	7.133663755169132592e-02
1.052215021470024112e+03	2.708257345655217807e-01	1.757600784617921463e-01	2.410396914613680552e-01	1.445350170877731377e-01	6.911438903743963302e-02	2.732317987582914831e-02	7.140190951005534470e-02
1.053666352534120733e+03	2.705842418654770820e-01	1.756068834926197142e-01	2.412092575013932427e-01	1.446343554304798940e-01	6.915201805816927061e-02	2.734615489410325423e-02	7.146708875753678136e-02
1.055117683598217127e+03	2.703431639370221240e-01	1.754539401421182088e-01	2.413785188321688202e-01	1.447335213943498344e-01	6.918957560455160638e-02	2.736910471999362895e-02	7.153217536957502676e-02
1.056569014662313975e+03	2.701025000698779599e-01	1.753012479888690356e-01	2.415474760182805547e-01	1.448325153113212138e-01	6.922706183058598139e-02	2.739202935899318070e-02	7.159716942185130606e-02
1.058020345726410369e+03	2.698622495549876099e-01	1.751488066121762444e-01	2.417161296231354894e-01	1.449313375125842740e-01	6.926447688990990115e-02	2.741492881669911272e-02	7.166207099028654159e-02
1.059471676790506763e+03	2.696224116845142849e-01	1.749966155920652799e-01	2.418844802089648582e-01	1.450299883285831037e-01	6.930182093579988212e-02	2.743780309881240290e-02	7.172688015103936832e-02
1.060923007854603611e+03	2.693829857518389437e-01	1.748446745092815391e-01	2.420525283368271940e-01	1.451284680890178591e-01	6.933909412117243709e-02	2.746065221113725904e-02	7.179159698050394112e-02
1.062374338918700232e+03	2.691439710515582395e-01	1.746929829452892602e-01	2.422202745666113821e-01	1.452267771228467619e-01	6.937629659858497722e-02	2.748347615958060888e-02	7.185622155530793642e-02
1.063825669982796853e+03	2.689053668794825769e-01	1.745415404822699967e-01	2.423877194570395466e-01	1.453249157582881812e-01	6.941342852023671406e-02	2.750627495015156576e-02	7.192075395231052604e-02
1.065277001046893474e+03	2.686671725326338356e-01	1.743903467031215904e-01	2.425548635656702423e-01	1.454228843228226875e-01	6.945049003796956166e-02	2.752904858896091170e-02	7.198519424860028160e-02
1.066728332110990095e+03	2.684293873092433169e-01	1.742394011914566443e-01	2.427217074489012583e-01	1.455206831431950787e-01	6.948748130326905248e-02	2.755179708222056656e-02	7.204954252149320393e-02
1.068179663175086489e+03	2.681920105087496342e-01	1.740887035316013576e-01	2.428882516619728094e-01	1.456183125454163785e-01	6.952440246726526718e-02	2.757452043624307458e-02	7.211379884853066913e-02
1.069630994239183110e+03	2.679550414317964924e-01	1.739382533085942484e-01	2.430544967589702288e-01	1.457157728547660569e-01	6.956125368073370896e-02	2.759721865744108743e-02	7.217796330747745792e-02
1.071082325303279504e+03	2.677184793802307450e-01	1.737880501081847662e-01	2.432204432928272708e-01	1.458130643957937511e-01	6.959803509409620559e-02	2.761989175232685764e-02	7.224203597631971563e-02
1.072533656367376352e+03	2.674823236571003959e-01	1.736380935168320983e-01	2.433860918153287201e-01	1.459101874923215414e-01	6.963474685742181147e-02	2.764253972751170782e-02	7.230601693326300927e-02
1.073984987431472746e+03	2.672465735666522124e-01	1.734883831217039207e-01	2.435514428771136664e-01	1.460071424674458662e-01	6.967138912042773746e-02	2.766516258970553102e-02	7.236990625673034305e-02
1.075436318495569594e+03	2.670112284143299486e-01	1.733389185106750385e-01	2.437164970276781972e-01	1.461039296435394652e-01	6.970796203248016965e-02	2.768776034571628422e-02	7.243370402536018771e-02
1.076887649559666215e+03	2.667762875067719031e-01	1.731896992723261364e-01	2.438812548153783955e-01	1.462005493422535163e-01	6.974446574259525466e-02	2.771033300244947137e-02	7.249741031800456537e-02
1.078338980623762609e+03	2.665417501518091981e-01	1.730407249959425298e-01	2.440457167874333089e-01	1.462970018845195230e-01	6.978090039943990464e-02	2.773288056690764378e-02	7.256102521372706504e-02
1.079790311687859230e+03	2.663076156584636145e-01	1.728919952715128883e-01	2.442098834899278093e-01	1.463932875905512854e-01	6.981726615133272695e-02	2.775540304618989706e-02	7.262454879180091361e-02
1.081241642751955851e+03	2.660738833369452605e-01	1.727435096897279865e-01	2.443737554678155066e-01	1.464894067798469535e-01	6.985356314624491247e-02	2.777790044749137155e-02	7.268798113170708841e-02
1.082692973816052472e+03	2.658405524986509061e-01	1.725952678419793718e-01	2.445373332649216358e-01	1.465853597711909151e-01	6.988979153180108206e-02	2.780037277810274571e-02	7.275132231313241604e-02
1.084144304880149093e+03	2.656076224561615406e-01	1.724472693203582263e-01	2.447006174239458876e-01	1.466811468826558218e-01	6.992595145528020251e-02	2.782282004540974699e-02	7.281457241596761554e-02
1.085595635944245487e+03	2.653750925232406521e-01	1.722995137176539515e-01	2.448636084864653506e-01	1.467767684316045318e-01	6.996204306361644698e-02	2.784524225689265220e-02	7.287773152030545265e-02
1.087046967008342108e+03	2.651429620148318955e-01	1.721520006273530579e-01	2.450263069929373427e-01	1.468722247346920251e-01	6.999806650340006930e-02	2.786763942012578446e-02	7.294079970643885247e-02
1.088498298072438729e+03	2.649112302470571501e-01	1.720047296436378326e-01	2.451887134827022419e-01	1.469675161078674297e-01	7.003402192087827827e-02	2.789001154277703787e-02	7.300377705485903979e-02
1.089949629136535123e+03	2.646798965372145207e-01	1.718577003613851184e-01	2.453508284939864004e-01	1.470626428663758256e-01	7.006990946195609804e-02	2.791235863260738137e-02	7.306666364625367949e-02
1.091400960200631971e+03	2.644489602037762288e-01	1.717109123761650091e-01	2.455126525639048096e-01	1.471576053247602989e-01	7.010572927219724249e-02	2.793468069747037652e-02	7.312945956150500304e-02
1.092852291264728365e+03	2.642184205663865582e-01	1.715643652842397393e-01	2.456741862284641531e-01	1.472524037968638011e-01	7.014148149682498945e-02	2.795697774531166399e-02	7.319216488168800439e-02
1.094303622328825213e+03	2.639882769458598566e-01	1.714180586825622410e-01	2.458354300225654709e-01	1.473470385958310924e-01	7.017716628072304119e-02	2.797924978416851949e-02	7.325477968806858031e-02
1.095754953392921607e+03	2.637585286641785931e-01	1.712719921687751168e-01	2.459963844800069632e-01	1.474415100341106566e-01	7.021278376843637092e-02	2.800149682216933680e-02	7.331730406210176798e-02
1.097206284457018228e+03	2.635291750444910819e-01	1.711261653412092798e-01	2.461570501334868211e-01	1.475358184234565606e-01	7.024833410417208324e-02	2.802371886753316985e-02	7.337973808542987142e-02
1.098657615521114849e+03	2.633002154111094839e-01	1.709805777988826769e-01	2.463174275146060854e-01	1.476299640749303421e-01	7.028381743180027452e-02	2.804591592856924345e-02	7.344208183988067129e-02
1.100108946585211470e+03	2.630716490895081416e-01	1.708352291414991786e-01	2.464775171538712562e-01	1.477239472989030911e-01	7.031923389485489340e-02	2.806808801367647807e-02	7.350433540746571792e-02
1.101560277649308091e+03	2.628434754063212475e-01	1.706901189694472465e-01	2.466373195806972063e-01	1.478177684050570317e-01	7.035458363653457337e-02	2.809023513134301792e-02	7.356649887037843005e-02
1.103011608713404712e+03	2.626156936893408456e-01	1.705452468837987678e-01	2.467968353234099022e-01	1.479114277023876600e-01	7.038986679970350713e-02	2.811235729014574525e-02	7.362857231099241562e-02
1.104462939777501106e+03	2.623883032675147775e-01	1.704006124863078064e-01	2.469560649092491234e-01	1.480049254992054364e-01	7.042508352689225148e-02	2.813445449874982934e-02	7.369055581185968151e-02
1.105914270841597499e+03	2.621613034709448509e-01	1.702562153794093536e-01	2.471150088643711551e-01	1.480982621031377566e-01	7.046023396029862940e-02	2.815652676590824424e-02	7.375244945570888500e-02
1.107365601905694348e+03	2.619346936308846741e-01	1.701120551662181624e-01	2.472736677138517580e-01	1.481914378211308114e-01	7.049531824178853490e-02	2.817857410046129343e-02	7.381425332544358509e-02
1.108816932969790741e+03	2.617084730797377690e-01	1.699681314505275542e-01	2.474320419816886107e-01	1.482844529594514182e-01	7.053033651289675188e-02	2.820059651133616577e-02	7.387596750414056335e-02
1.110268264033887590e+03	2.614826411510555171e-01	1.698244438368080034e-01	2.475901321908041686e-01	1.483773078236887977e-01	7.056528891482782839e-02	2.822259400754644973e-02	7.393759207504797815e-02
1.111719595097984211e+03	2.612571971795352166e-01	1.696809919302061931e-01	2.477479388630483559e-01	1.484700027187565441e-01	7.060017558845690933e-02	2.824456659819167895e-02	7.399912712158382422e-02
1.113170926162080832e+03	2.610321405010179729e-01	1.695377753365436557e-01	2.479054625192012029e-01	1.485625379488943743e-01	7.063499667433055518e-02	2.826651429245688116e-02	7.406057272733408692e-02
1.114622257226177226e+03	2.608074704524867560e-01	1.693947936623155515e-01	2.480627036789756767e-01	1.486549138176699592e-01	7.066975231266756086e-02	2.828843709961209943e-02	7.412192897605113240e-02
1.116073588290273847e+03	2.605831863720644015e-01	1.692520465146895303e-01	2.482196628610201516e-01	1.487471306279808392e-01	7.070444264335984386e-02	2.831033502901195847e-02	7.418319595165198677e-02
1.117524919354370468e+03	2.603592875990117794e-01	1.691095335015045387e-01	2.483763405829213233e-01	1.488391886820560617e-01	7.073906780597317978e-02	2.833220809009517893e-02	7.424437373821664299e-02
1.118976250418467089e+03	2.601357734737256289e-01	1.689672542312694870e-01	2.485327373612066515e-01	1.489310882814582071e-01	7.077362793974806277e-02	2.835405629238416103e-02	7.430546241998647883e-02
1.120427581482563710e+03	2.599126433377367262e-01	1.688252083131621395e-01	2.486888537113471909e-01	1.490228297270850266e-01	7.080812318360057978e-02	2.837587964548449540e-02	7.436646208136250824e-02
1.121878912546660331e+03	2.596898965337077758e-01	1.686833953570280598e-01	2.488446901477600892e-01	1.491144133191712740e-01	7.084255367612317389e-02	2.839767815908454326e-02	7.442737280690377155e-02
1.123330243610756725e+03	2.594675324054315224e-01	1.685418149733791116e-01	2.490002471838113351e-01	1.492058393572905650e-01	7.087691955558544921e-02	2.841945184295497501e-02	7.448819468132569788e-02
1.124781574674853118e+03	2.592455502978287529e-01	1.684004667733925431e-01	2.491555253318183394e-01	1.492971081403571820e-01	7.091122095993500352e-02	2.844120070694831220e-02	7.454892778949849530e-02
1.126232905738949967e+03	2.590239495569464645e-01	1.682593503689095715e-01	2.493105251030525715e-01	1.493882199666277111e-01	7.094545802679830260e-02	2.846292476099851129e-02	7.460957221644548554e-02
1.127684236803046360e+03	2.588027295299555330e-01	1.681184653724344391e-01	2.494652470077421968e-01	1.494791751337029295e-01	7.097963089348137411e-02	2.848462401512049172e-02	7.467012804734154963e-02
1.129135567867143209e+03	2.585818895651494920e-01	1.679778113971329978e-01	2.496196915550746021e-01	1.495699739385295823e-01	7.101373969697070965e-02	2.850629847940970921e-02	7.473059536751144871e-02
1.130586898931239830e+03	2.583614290119416457e-01	1.678373880568317100e-01	2.497738592531990598e-01	1.496606166774020752e-01	7.104778457393402802e-02	2.852794816404171513e-02	7.479097426242832525e-02
1.132038229995336451e+03	2.581413472208638482e-01	1.676971949660163164e-01	2.499277506092293377e-01	1.497511036459642508e-01	7.108176566072106628e-02	2.854957307927171589e-02	7.485126481771205154e-02
1.133489561059432845e+03	2.579216435435641719e-01	1.675572317398307254e-01	2.500813661292461965e-01	1.498414351392111932e-01	7.111568309336444016e-02	2.857117323543413925e-02	7.491146711912764766e-02
1.134940892123529466e+03	2.577023173328052974e-01	1.674174979940759034e-01	2.502347063182999709e-01	1.499316114514909759e-01	7.114953700758040733e-02	2.859274864294219370e-02	7.497158125258376882e-02
1.136392223187626087e+03	2.574833679424622379e-01	1.672779933452085421e-01	2.503877716804132625e-01	1.500216328765062723e-01	7.118332753876961683e-02	2.861429931228743825e-02	7.503160730413112323e-02
1.137843554251722708e+03	2.572647947275205627e-01	1.671387174103400874e-01	2.505405627185833262e-01	1.501114997073162705e-01	7.121705482201798332e-02	2.863582525403935916e-02	7.509154535996089008e-02
1.139294885315819101e+03	2.570465970440744541e-01	1.669996698072353791e-01	2.506930799347847905e-01	1.502012122363382274e-01	7.125071899209745041e-02	2.865732647884492584e-02	7.515139550640322075e-02
1.140746216379915950e+03	2.568287742493248205e-01	1.668608501543116795e-01	2.508453238299718779e-01	1.502907707553493566e-01	7.128432018346676780e-02	2.867880299742817107e-02	7.521115782992567056e-02
1.142197547444012343e+03	2.566113257015773530e-01	1.667222580706372859e-01	2.509972949040814583e-01	1.503801755554884378e-01	7.131785853027229616e-02	2.870025482058977465e-02	7.527083241713172779e-02
1.143648878508108737e+03	2.563942507602405274e-01	1.665838931759305308e-01	2.511489936560351022e-01	1.504694269272575657e-01	7.135133416634877046e-02	2.872168195920661582e-02	7.533041935475924544e-02
1.145100209572205586e+03	2.561775487858237721e-01	1.664457550905585892e-01	2.513004205837416905e-01	1.505585251605238151e-01	7.138474722522013260e-02	2.874308442423136392e-02	7.538991872967894248e-02
1.146551540636302207e+03	2.559612191399355807e-01	1.663078434355362845e-01	2.514515761841001340e-01	1.506474705445210449e-01	7.141809784010026696e-02	2.876446222669205854e-02	7.544933062889296049e-02
1.148002871700398828e+03	2.557452611852814028e-01	1.661701578325249784e-01	2.516024609530017053e-01	1.507362633678514252e-01	7.145138614389377751e-02	2.878581537769169668e-02	7.550865513953326780e-02
1.149454202764495449e+03	2.555296742856621450e-01	1.660326979038313777e-01	2.517530753853325365e-01	1.508249039184872964e-01	7.148461226919682054e-02	2.880714388840779211e-02	7.556789234886025775e-02
1.150905533828591842e+03	2.553144578059718395e-01	1.658954632724064238e-01	2.519034199749761171e-01	1.509133924837727792e-01	7.151777634829781238e-02	2.882844777009196946e-02	7.562704234426129157e-02
1.152356864892688463e+03	2.550996111121959231e-01	1.657584535618440991e-01	2.520534952148158481e-01	1.510017293504253844e-01	7.155087851317826209e-02	2.884972703406956177e-02	7.568610521324914409e-02
1.153808195956785084e+03	2.548851335714095168e-01	1.656216683963803726e-01	2.522033015967373171e-01	1.510899148045377893e-01	7.158391889551349307e-02	2.887098169173918372e-02	7.574508104346064363e-02
1.155259527020881706e+03	2.546710245517750382e-01	1.654851074008918954e-01	2.523528396116309080e-01	1.511779491315795032e-01	7.161689762667344805e-02	2.889221175457232227e-02	7.580396992265514555e-02
1.156710858084978327e+03	2.544572834225408697e-01	1.653487702008950289e-01	2.525021097493943545e-01	1.512658326163984490e-01	7.164981483772343840e-02	2.891341723411292725e-02	7.586277193871314439e-02
1.158162189149074720e+03	2.542439095540391936e-01	1.652126564225446237e-01	2.526511124989349599e-01	1.513535655432226568e-01	7.168267065942492133e-02	2.893459814197700541e-02	7.592148717963480287e-02
1.159613520213171569e+03	2.540309023176841596e-01	1.650767656926328264e-01	2.527998483481721514e-01	1.514411481956619843e-01	7.171546522223627707e-02	2.895575448985221456e-02	7.598011573353855019e-02
1.161064851277267962e+03	2.538182610859699428e-01	1.649410976385880800e-01	2.529483177840397556e-01	1.515285808567096160e-01	7.174819865631353044e-02	2.897688628949745063e-02	7.603865768865963881e-02
1.162516182341364356e+03	2.536059852324690223e-01	1.648056518884739030e-01	2.530965212924888297e-01	1.516158638087438393e-01	7.178087109151111422e-02	2.899799355274245219e-02	7.609711313334879823e-02
1.163967513405461204e+03	2.533940741318301271e-01	1.646704280709877788e-01	2.532444593584895487e-01	1.517029973335295712e-01	7.181348265738267400e-02	2.901907629148739454e-02	7.615548215607076399e-02
1.165418844469557826e+03	2.531825271597765159e-01	1.645354258154600180e-01	2.533921324660340368e-01	1.517899817122201067e-01	7.184603348318178984e-02	2.904013451770249069e-02	7.621376484540290375e-02
1.166870175533654447e+03	2.529713436931039228e-01	1.644006447518526481e-01	2.535395410981384767e-01	1.518768172253586179e-01	7.187852369786269791e-02	2.906116824342758545e-02	7.627196129003384339e-02
1.168321506597751068e+03	2.527605231096789473e-01	1.642660845107582201e-01	2.536866857368457184e-01	1.519635041528799024e-01	7.191095343008112317e-02	2.908217748077177381e-02	7.633007157876207927e-02
1.169772837661847461e+03	2.525500647884370009e-01	1.641317447233989202e-01	2.538335668632274444e-01	1.520500427741118266e-01	7.194332280819495939e-02	2.910316224191299150e-02	7.638809580049461812e-02
1.171224168725944082e+03	2.523399681093805302e-01	1.639976250216250986e-01	2.539801849573868342e-01	1.521364333677770742e-01	7.197563196026503241e-02	2.912412253909762300e-02	7.644603404424561710e-02
1.172675499790040703e+03	2.521302324535771300e-01	1.638637250379144372e-01	2.541265404984604515e-01	1.522226762119947563e-01	7.200788101405584951e-02	2.914505838464011289e-02	7.650388639913500988e-02
1.174126830854137097e+03	2.519208572031577664e-01	1.637300444053706727e-01	2.542726339646212974e-01	1.523087715842818823e-01	7.204007009703637665e-02	2.916596979092257388e-02	7.656165295438717433e-02
1.175578161918233945e+03	2.517118417413148901e-01	1.635965827577225973e-01	2.544184658330806426e-01	1.523947197615550531e-01	7.207219933638069065e-02	2.918685677039439472e-02	7.661933379932958643e-02
1.177029492982330339e+03	2.515031854523004928e-01	1.634633397293228652e-01	2.545640365800903027e-01	1.524805210201320149e-01	7.210426885896881188e-02	2.920771933557185160e-02	7.667692902339148797e-02
1.178480824046426733e+03	2.512948877214243870e-01	1.633303149551469102e-01	2.547093466809454143e-01	1.525661756357332699e-01	7.213627879138741206e-02	2.922855749903772310e-02	7.673443871610259592e-02
1.179932155110523581e+03	2.510869479350524847e-01	1.631975080707918913e-01	2.548543966099865443e-01	1.526516838834836021e-01	7.216822925993052196e-02	2.924937127344090851e-02	7.679186296709171466e-02
1.181383486174620202e+03	2.508793654806045770e-01	1.630649187124754984e-01	2.549991868406020212e-01	1.527370460379136874e-01	7.220012039060028086e-02	2.927016067149603579e-02	7.684920186608548698e-02
1.182834817238716823e+03	2.506721397465530576e-01	1.629325465170348708e-01	2.551437178452301557e-01	1.528222623729616203e-01	7.223195230910771369e-02	2.929092570598309034e-02	7.690645550290707566e-02
1.184286148302813444e+03	2.504652701224205358e-01	1.628003911219255972e-01	2.552879900953617387e-01	1.529073331619745790e-01	7.226372514087334165e-02	2.931166638974702296e-02	7.696362396747484513e-02
1.185737479366910065e+03	2.502587559987783372e-01	1.626684521652204951e-01	2.554320040615420395e-01	1.529922586777101856e-01	7.229543901102805648e-02	2.933238273569737861e-02	7.702070734980112632e-02
1.187188810431006686e+03	2.500525967672445615e-01	1.625367292856085277e-01	2.555757602133736373e-01	1.530770391923383100e-01	7.232709404441373113e-02	2.935307475680791825e-02	7.707770573999088437e-02
1.188640141495103080e+03	2.498467918204824723e-01	1.624052221223937775e-01	2.557192590195181414e-01	1.531616749774423747e-01	7.235869036558402467e-02	2.937374246611624412e-02	7.713461922824046968e-02
1.190091472559199701e+03	2.496413405521984152e-01	1.622739303154943635e-01	2.558625009476988565e-01	1.532461663040210476e-01	7.239022809880502063e-02	2.939438587672341813e-02	7.719144790483635499e-02
1.191542803623296322e+03	2.494362423571401532e-01	1.621428535054413034e-01	2.560054864647028361e-01	1.533305134424897409e-01	7.242170736805603193e-02	2.941500500179359059e-02	7.724819186015385863e-02
1.192994134687392716e+03	2.492314966310950064e-01	1.620119913333773753e-01	2.561482160363832139e-01	1.534147166626821379e-01	7.245312829703023927e-02	2.943559985455363945e-02	7.730485118465595107e-02
1.194445465751489564e+03	2.490271027708881035e-01	1.618813434410561192e-01	2.562906901276615357e-01	1.534987762338516915e-01	7.248449100913548215e-02	2.945617044829277817e-02	7.736142596889190870e-02
1.195896796815585958e+03	2.488230601743804948e-01	1.617509094708407535e-01	2.564329092025299239e-01	1.535826924246731506e-01	7.251579562749491115e-02	2.947671679636221231e-02	7.741791630349616204e-02
1.197348127879682352e+03	2.486193682404674588e-01	1.616206890657030104e-01	2.565748737240534649e-01	1.536664655032441151e-01	7.254704227494772339e-02	2.949723891217475094e-02	7.747432227918703285e-02
1.198799458943779200e+03	2.484160263690766146e-01	1.614906818692222190e-01	2.567165841543722626e-01	1.537500957370865617e-01	7.257823107404989815e-02	2.951773680920446660e-02	7.753064398676552671e-02
1.200250790007875821e+03	2.482130339611662850e-01	1.613608875255840569e-01	2.568580409547037147e-01	1.538335833931482599e-01	7.260936214707486291e-02	2.953821050098629289e-02	7.758688151711411185e-02
1.201702121071972442e+03	2.480103904187234420e-01	1.612313056795795507e-01	2.569992445853447882e-01	1.539169287378043538e-01	7.264043561601421506e-02	2.955866000111569483e-02	7.764303496119549786e-02
1.203153452136069063e+03	2.478080951447621805e-01	1.611019359766040215e-01	2.571401955056743516e-01	1.540001320368588611e-01	7.267145160257842962e-02	2.957908532324829767e-02	7.769910441005144219e-02
1.204604783200165684e+03	2.476061475433217474e-01	1.609727780626559746e-01	2.572808941741552280e-01	1.540831935555460885e-01	7.270241022819756704e-02	2.959948648109952257e-02	7.775508995480155672e-02
1.206056114264262078e+03	2.474045470194649599e-01	1.608438315843360444e-01	2.574213410483362496e-01	1.541661135585321862e-01	7.273331161402196710e-02	2.961986348844422232e-02	7.781099168664211418e-02
1.207507445328358699e+03	2.472032929792762068e-01	1.607150961888459684e-01	2.575615365848548666e-01	1.542488923099165632e-01	7.276415588092292885e-02	2.964021635911634131e-02	7.786680969684488252e-02
1.208958776392455093e+03	2.470023848298598945e-01	1.605865715239874203e-01	2.577014812394390342e-01	1.543315300732334971e-01	7.279494314949344624e-02	2.966054510700854782e-02	7.792254407675591743e-02
1.210410107456551941e+03	2.468018219793385315e-01	1.604582572381610950e-01	2.578411754669094891e-01	1.544140271114534391e-01	7.282567354004884641e-02	2.968084974607188009e-02	7.797819491779447998e-02
1.211861438520648335e+03	2.466016038368509244e-01	1.603301529803655701e-01	2.579806197211819141e-01	1.544963836869846230e-01	7.285634717262756688e-02	2.970113029031539245e-02	7.803376231145173203e-02
1.213312769584745183e+03	2.464017298125506517e-01	1.602022584001961680e-01	2.581198144552691587e-01	1.545786000616744538e-01	7.288696416699176617e-02	2.972138675380581185e-02	7.808924634928970931e-02
1.214764100648841804e+03	2.462021993176039814e-01	1.600745731478440681e-01	2.582587601212833484e-01	1.546606764968109227e-01	7.291752464262804545e-02	2.974161915066718051e-02	7.814464712294011406e-02
1.216215431712937971e+03	2.460030117641884007e-01	1.599470968740951682e-01	2.583974571704380496e-01	1.547426132531242171e-01	7.294802871874812855e-02	2.976182749508051242e-02	7.819996472410319088e-02
1.217666762777034819e+03	2.458041665654906727e-01	1.598198292303289469e-01	2.585359060530503794e-01	1.548244105907879975e-01	7.297847651428958360e-02	2.978201180128343603e-02	7.825519924454657494e-02
1.219118093841131440e+03	2.456056631357052267e-01	1.596927698685175478e-01	2.586741072185433366e-01	1.549060687694209792e-01	7.300886814791643364e-02	2.980217208356986114e-02	7.831035077610420947e-02
1.220569424905228061e+03	2.454075008900322707e-01	1.595659184412247522e-01	2.588120611154476336e-01	1.549875880480881818e-01	7.303920373801991994e-02	2.982230835628961810e-02	7.836541941067516615e-02
1.222020755969324682e+03	2.452096792446761542e-01	1.594392746016047302e-01	2.589497681914040839e-01	1.550689686853026772e-01	7.306948340271912645e-02	2.984242063384812821e-02	7.842040524022254877e-02
1.223472087033421303e+03	2.450121976168435356e-01	1.593128380034012914e-01	2.590872288931657663e-01	1.551502109390266726e-01	7.309970725986168760e-02	2.986250893070606025e-02	7.847530835677243854e-02
1.224923418097517697e+03	2.448150554247418009e-01	1.591866083009465527e-01	2.592244436665998575e-01	1.552313150666731756e-01	7.312987542702441279e-02	2.988257326137898698e-02	7.853012885241270058e-02
1.226374749161614318e+03	2.446182520875771205e-01	1.590605851491600498e-01	2.593614129566900184e-01	1.553122813251072987e-01	7.315998802151403579e-02	2.990261364043703823e-02	7.858486681929195694e-02
1.227826080225710712e+03	2.444217870255528668e-01	1.589347682035477383e-01	2.594981372075383375e-01	1.553931099706477026e-01	7.319004516036785313e-02	2.992263008250457823e-02	7.863952234961844867e-02
1.229277411289807560e+03	2.442256596598678109e-01	1.588091571202008834e-01	2.596346168623674400e-01	1.554738012590680951e-01	7.322004696035439020e-02	2.994262260225985864e-02	7.869409553565903659e-02
1.230728742353903954e+03	2.440298694127145118e-01	1.586837515557950051e-01	2.597708523635227085e-01	1.555543554455985078e-01	7.324999353797403967e-02	2.996259121443468204e-02	7.874858646973800780e-02
1.232180073418000802e+03	2.438344157072774299e-01	1.585585511675889625e-01	2.599068441524743367e-01	1.556347727849267948e-01	7.327988500945979700e-02	2.998253593381408275e-02	7.880299524423610424e-02
1.233631404482097196e+03	2.436392979677313164e-01	1.584335556134237877e-01	2.600425926698192169e-01	1.557150535311999096e-01	7.330972149077791267e-02	3.000245677523597637e-02	7.885732195158939861e-02
1.235082735546193817e+03	2.434445156192394377e-01	1.583087645517217146e-01	2.601780983552833271e-01	1.557951979380254592e-01	7.333950309762847508e-02	3.002235375359083025e-02	7.891156668428825349e-02
1.236534066610290438e+03	2.432500680879519372e-01	1.581841776414851519e-01	2.603133616477235623e-01	1.558752062584729814e-01	7.336922994544618770e-02	3.004222688382135464e-02	7.896572953487630830e-02
1.237985397674387059e+03	2.430559548010040316e-01	1.580597945422957673e-01	2.604483829851298449e-01	1.559550787450753595e-01	7.339890214940093804e-02	3.006207618092214540e-02	7.901981059594935519e-02
1.239436728738483680e+03	2.428621751865143730e-01	1.579356149143132659e-01	2.605831628046272885e-01	1.560348156498302663e-01	7.342851982439851932e-02	3.008190165993937515e-02	7.907380996015439534e-02
1.240888059802580301e+03	2.426687286735833282e-01	1.578116384182744469e-01	2.607177015424779754e-01	1.561144172242013850e-01	7.345808308508124107e-02	3.010170333597045680e-02	7.912772772018850098e-02
1.242339390866676695e+03	2.424756146922912858e-01	1.576878647154923707e-01	2.608519996340835090e-01	1.561938837191199914e-01	7.348759204582860916e-02	3.012148122416373128e-02	7.918156396879788561e-02
1.243790721930773088e+03	2.422828326736969073e-01	1.575642934678549711e-01	2.609860575139865135e-01	1.562732153849861194e-01	7.351704682075797803e-02	3.014123533971813443e-02	7.923531879877682149e-02
1.245242052994869937e+03	2.420903820498354342e-01	1.574409243378243339e-01	2.611198756158729095e-01	1.563524124716700048e-01	7.354644752372518912e-02	3.016096569788287440e-02	7.928899230296664047e-02
1.246693384058966330e+03	2.418982622537171057e-01	1.573177569884357252e-01	2.612534543725738567e-01	1.564314752285135834e-01	7.357579426832523695e-02	3.018067231395711245e-02	7.934258457425474864e-02
1.248144715123063179e+03	2.417064727193253271e-01	1.571947910832963147e-01	2.613867942160680302e-01	1.565104039043315465e-01	7.360508716789290751e-02	3.020035520328965065e-02	7.939609570557357165e-02
1.249596046187159800e+03	2.415150128816151154e-01	1.570720262865843153e-01	2.615198955774832856e-01	1.565891987474129776e-01	7.363432633550341666e-02	3.022001438127860928e-02	7.944952578989958325e-02
1.251047377251256421e+03	2.413238821765113229e-01	1.569494622630480951e-01	2.616527588870988241e-01	1.566678600055225468e-01	7.366351188397306238e-02	3.023964986337110417e-02	7.950287492025236158e-02
1.252498708315352815e+03	2.411330800409069164e-01	1.568270986780048726e-01	2.617853845743472463e-01	1.567463879259018977e-01	7.369264392585989087e-02	3.025926166506293438e-02	7.955614318969354837e-02
1.253950039379449436e+03	2.409426059126614228e-01	1.567049351973400506e-01	2.619177730678163840e-01	1.568247827552709805e-01	7.372172257346429336e-02	3.027884980189826658e-02	7.960933069132584972e-02
1.255401370443546057e+03	2.407524592305992084e-01	1.565829714875060508e-01	2.620499247952514654e-01	1.569030447398293282e-01	7.375074793882968605e-02	3.029841428946932966e-02	7.966243751829212016e-02
1.256852701507642678e+03	2.405626394345078134e-01	1.564612072155212308e-01	2.621818401835570578e-01	1.569811741252574999e-01	7.377972013374310689e-02	3.031795514341609904e-02	7.971546376377436349e-02
1.258304032571739299e+03	2.403731459651362035e-01	1.563396420489690519e-01	2.623135196587988993e-01	1.570591711567183302e-01	7.380863926973590949e-02	3.033747237942597749e-02	7.976840952099277515e-02
1.259755363635835920e+03	2.401839782641931875e-01	1.562182756559970243e-01	2.624449636462060087e-01	1.571370360788582610e-01	7.383750545808434596e-02	3.035696601323349328e-02	7.982127488320478470e-02
1.261206694699932314e+03	2.399951357743457248e-01	1.560971077053157074e-01	2.625761725701727389e-01	1.572147691358086186e-01	7.386631880981020526e-02	3.037643606061999832e-02	7.987405994370412599e-02
1.262658025764028707e+03	2.398066179392173147e-01	1.559761378661976838e-01	2.627071468542605537e-01	1.572923705711870290e-01	7.389507943568143777e-02	3.039588253741334553e-02	7.992676479581982407e-02
1.264109356828125556e+03	2.396184242033861933e-01	1.558553658084766147e-01	2.628378869211999147e-01	1.573698406280986672e-01	7.392378744621283526e-02	3.041530545948759393e-02	7.997938953291533482e-02
1.265560687892221949e+03	2.394305540123839171e-01	1.557347912025462411e-01	2.629683931928925578e-01	1.574471795491375337e-01	7.395244295166661375e-02	3.043470484276269983e-02	8.003193424838758729e-02
1.267012018956318798e+03	2.392430068126935039e-01	1.556144137193594401e-01	2.630986660904131025e-01	1.575243875763877588e-01	7.398104606205306577e-02	3.045408070320422544e-02	8.008439903566605400e-02
1.268463350020415419e+03	2.390557820517478782e-01	1.554942330304271703e-01	2.632287060340112173e-01	1.576014649514249910e-01	7.400959688713115714e-02	3.047343305682301967e-02	8.013678398821177939e-02
1.269914681084511813e+03	2.388688791779282061e-01	1.553742488078175554e-01	2.633585134431133956e-01	1.576784119153175623e-01	7.403809553640912366e-02	3.049276191967491972e-02	8.018908919951654724e-02
1.271366012148608434e+03	2.386822976405622021e-01	1.552544607241548025e-01	2.634880887363248991e-01	1.577552287086278204e-01	7.406654211914519281e-02	3.051206730786046664e-02	8.024131476310190914e-02
1.272817343212705055e+03	2.384960368899226302e-01	1.551348684526183686e-01	2.636174323314318113e-01	1.578319155714134614e-01	7.409493674434809718e-02	3.053134923752459651e-02	8.029346077251829639e-02
1.274268674276801676e+03	2.383100963772255276e-01	1.550154716669419064e-01	2.637465446454028695e-01	1.579084727432288060e-01	7.412327952077775450e-02	3.055060772485633513e-02	8.034552732134410402e-02
1.275720005340898297e+03	2.381244755546286229e-01	1.548962700414122928e-01	2.638754260943911856e-01	1.579849004631259102e-01	7.415157055694586441e-02	3.056984278608851704e-02	8.039751450318484427e-02
1.277171336404994690e+03	2.379391738752297258e-01	1.547772632508686574e-01	2.640040770937365222e-01	1.580611989696561748e-01	7.417980996111651903e-02	3.058905443749748362e-02	8.044942241167218899e-02
1.278622667469091539e+03	2.377541907930650344e-01	1.546584509707013833e-01	2.641324980579669579e-01	1.581373685008712060e-01	7.420799784130681365e-02	3.060824269540278822e-02	8.050125114046312313e-02
1.280073998533187932e+03	2.375695257631076085e-01	1.545398328768512186e-01	2.642606894008006635e-01	1.582134092943244252e-01	7.423613430528742951e-02	3.062740757616690818e-02	8.055300078323907043e-02
1.281525329597284326e+03	2.373851782412656208e-01	1.544214086458082780e-01	2.643886515351480671e-01	1.582893215870721237e-01	7.426421946058335555e-02	3.064654909619494993e-02	8.060467143370499132e-02
1.282976660661381175e+03	2.372011476843808586e-01	1.543031779546109594e-01	2.645163848731134637e-01	1.583651056156747672e-01	7.429225341447437403e-02	3.066566727193435760e-02	8.065626318558855035e-02
1.284427991725477568e+03	2.370174335502270302e-01	1.541851404808452231e-01	2.646438898259972361e-01	1.584407616161983001e-01	7.432023627399568511e-02	3.068476211987463537e-02	8.070777613263922790e-02
1.285879322789574417e+03	2.368340352975082108e-01	1.540672959026434252e-01	2.647711668042972422e-01	1.585162898242153118e-01	7.434816814593857293e-02	3.070383365654704225e-02	8.075921036862744595e-02
1.287330653853671038e+03	2.366509523858572051e-01	1.539496438986834581e-01	2.648982162177112021e-01	1.585916904748063683e-01	7.437604913685096075e-02	3.072288189852431795e-02	8.081056598734377705e-02
1.288781984917767431e+03	2.364681842758338814e-01	1.538321841481876950e-01	2.650250384751381416e-01	1.586669638025611784e-01	7.440387935303802158e-02	3.074190686242039491e-02	8.086184308259800058e-02
1.290233315981864052e+03	2.362857304289236182e-01	1.537149163309221855e-01	2.651516339846803905e-01	1.587421100415798425e-01	7.443165890056277489e-02	3.076090856489011385e-02	8.091304174821833950e-02
