1.001418434226643626e+03	2.795234564812726363e-01	1.813076012828037098e-01	2.349176042674134546e-01	1.409402289044821011e-01	6.774382350333844893e-02	2.650945843225720883e-02	6.905782712821277591e-02
1.003837319333471214e+03	2.790960076090918673e-01	1.810375961896710517e-01	2.352186104312547488e-01	1.411158096891029778e-01	6.781073251270820779e-02	2.654941455135196443e-02	6.917182901659947591e-02
1.006256204440298802e+03	2.786697820625019251e-01	1.807683299691775491e-01	2.355187151005703750e-01	1.412908779897435740e-01	6.787742803482307852e-02	2.658930155300676806e-02	6.928556528995699626e-02
1.008675089547126618e+03	2.782447763471673219e-01	1.804998005592074184e-01	2.358179210660875380e-01	1.414654355046802425e-01	6.794391084970208272e-02	2.662911942365471171e-02	6.939903624928092651e-02
1.011093974653954206e+03	2.778209869788125230e-01	1.802320059035416866e-01	2.361162311086847099e-01	1.416394839253390103e-01	6.801018173421487234e-02	2.666886815088411952e-02	6.951224219830327844e-02
1.013512859760782021e+03	2.773984104831925812e-01	1.799649439518404836e-01	2.364136479994355666e-01	1.418130249363306894e-01	6.807624146209569072e-02	2.670854772342915254e-02	6.962518344345605681e-02
1.015931744867609382e+03	2.769770433960634937e-01	1.796986126596250566e-01	2.367101744996528701e-01	1.419860602154859597e-01	6.814209080395726426e-02	2.674815813116049670e-02	6.973786029383502449e-02
1.018350629974437197e+03	2.765568822631531698e-01	1.794330099882602836e-01	2.370058133609320716e-01	1.421585914338900358e-01	6.820773052730455532e-02	2.678769936507608557e-02	6.985027306116391166e-02
1.020769515081264785e+03	2.761379236401318438e-01	1.791681339049368826e-01	2.373005673251946668e-01	1.423306202559173617e-01	6.827316139654857063e-02	2.682717141729188196e-02	6.996242205975891637e-02
1.023188400188092373e+03	2.757201640925829311e-01	1.789039823826539255e-01	2.375944391247310772e-01	1.425021483392658606e-01	6.833838417302005863e-02	2.686657428103275333e-02	7.007430760649353829e-02
1.025607285294920075e+03	2.753036001959739965e-01	1.786405534002012685e-01	2.378874314822436720e-01	1.426731773349910748e-01	6.840339961498304033e-02	2.690590795062336449e-02	7.018593002076367604e-02
1.028026170401747549e+03	2.748882285356279431e-01	1.783778449421420664e-01	2.381795471108892059e-01	1.428437088875401106e-01	6.846820847764845119e-02	2.694517242147916047e-02	7.029728962445316864e-02
1.030445055508575479e+03	2.744740457066937034e-01	1.781158549987954254e-01	2.384707887143211746e-01	1.430137446347853059e-01	6.853281151318756093e-02	2.698436769009738417e-02	7.040838674189950352e-02
1.032863940615402726e+03	2.740610483141177611e-01	1.778545815662190277e-01	2.387611589867319473e-01	1.431832862080577029e-01	6.859720947074542108e-02	2.702349375404818413e-02	7.051922169985999633e-02
1.035282825722230655e+03	2.736492329726151751e-01	1.775940226461918958e-01	2.390506606128945111e-01	1.433523352321803557e-01	6.866140309645427098e-02	2.706255061196572928e-02	7.062979482747809568e-02
1.037701710829058356e+03	2.732385963066410461e-01	1.773341762461970728e-01	2.393392962682041603e-01	1.435208933255013863e-01	6.872539313344670775e-02	2.710153826353943821e-02	7.074010645625021521e-02
1.040120595935886058e+03	2.728291349503618735e-01	1.770750403794045247e-01	2.396270686187197407e-01	1.436889620999268480e-01	6.878918032186905063e-02	2.714045670950523612e-02	7.085015691999270449e-02
1.042539481042713533e+03	2.724208455476271884e-01	1.768166130646540712e-01	2.399139803212048949e-01	1.438565431609533374e-01	6.885276539889441383e-02	2.717930595163685695e-02	7.095994655480913904e-02
1.044958366149541234e+03	2.720137247519412438e-01	1.765588923264382049e-01	2.402000340231687792e-01	1.440236381077005523e-01	6.891614909873586270e-02	2.721808599273723914e-02	7.106947569905806839e-02
1.047377251256368709e+03	2.716077692264342036e-01	1.763018761948852153e-01	2.404852323629068367e-01	1.441902485329434325e-01	6.897933215265943108e-02	2.725679683662994221e-02	7.117874469332083343e-02
1.049796136363196410e+03	2.712029756438346095e-01	1.760455627057422867e-01	2.407695779695412375e-01	1.443563760231442450e-01	6.904231528899711090e-02	2.729543848815063276e-02	7.128775388036982796e-02
1.052215021470024112e+03	2.707993406864407371e-01	1.757899499003584276e-01	2.410530734630608740e-01	1.445220221584844478e-01	6.910509923315973080e-02	2.733401095313863285e-02	7.139650360513706551e-02
1.054633906576851814e+03	2.703968610460928401e-01	1.755350358256678733e-01	2.413357214543614404e-01	1.446871885128963586e-01	6.916768470764989019e-02	2.737251423842851708e-02	7.150499421468294037e-02
1.057052791683679516e+03	2.699955334241451177e-01	1.752808185341731828e-01	2.416175245452852338e-01	1.448518766540945191e-01	6.923007243207468520e-02	2.741094835184176154e-02	7.161322605816537734e-02
1.059471676790506763e+03	2.695953545314377919e-01	1.750272960839286407e-01	2.418984853286604286e-01	1.450160881436069749e-01	6.929226312315847625e-02	2.744931330217844842e-02	7.172119948680914792e-02
1.061890561897334692e+03	2.691963210882691859e-01	1.747744665385234653e-01	2.421786063883406004e-01	1.451798245368065010e-01	6.935425749475553070e-02	2.748760909920902953e-02	7.182891485387560282e-02
1.064309447004162394e+03	2.687984298243683567e-01	1.745223279670653216e-01	2.424578902992435281e-01	1.453430873829412440e-01	6.941605625786265166e-02	2.752583575366614188e-02	7.193637251463265436e-02
1.066728332110990095e+03	2.684016774788671733e-01	1.742708784441638070e-01	2.427363396273901630e-01	1.455058782251655303e-01	6.947766012063175123e-02	2.756399327723647527e-02	7.204357282632492532e-02
1.069147217217817570e+03	2.680060608002730049e-01	1.740201160499139088e-01	2.430139569299432367e-01	1.456681986005703422e-01	6.953906978838229891e-02	2.760208168255269892e-02	7.215051614814432801e-02
1.071566102324645271e+03	2.676115765464410212e-01	1.737700388698795451e-01	2.432907447552455915e-01	1.458300500402135436e-01	6.960028596361381159e-02	2.764010098318542968e-02	7.225720284120083770e-02
1.073984987431472746e+03	2.672182214845471027e-01	1.735206449950773000e-01	2.435667056428583166e-01	1.459914340691501056e-01	6.966130934601817704e-02	2.767805119363525232e-02	7.236363326849352962e-02
1.076403872538300675e+03	2.668259923910602516e-01	1.732719325219599649e-01	2.438418421235988287e-01	1.461523522064619995e-01	6.972214063249196347e-02	2.771593232932481610e-02	7.246980779488196300e-02
1.078822757645127922e+03	2.664348860517155582e-01	1.730238995524004675e-01	2.441161567195784809e-01	1.463128059652878399e-01	6.978278051714871533e-02	2.775374440659095221e-02	7.257572678705773161e-02
1.081241642751955851e+03	2.660448992614872221e-01	1.727765441936754687e-01	2.443896519442401438e-01	1.464727968528525548e-01	6.984322969133113790e-02	2.779148744267686752e-02	7.268139061351631958e-02
1.083660527858783553e+03	2.656560288245611856e-01	1.725298645584494028e-01	2.446623303023954810e-01	1.466323263704967239e-01	6.990348884362322657e-02	2.782916145572436606e-02	7.278679964452927642e-02
1.086079412965611255e+03	2.652682715543084324e-01	1.722838587647582409e-01	2.449341942902621139e-01	1.467913960137058049e-01	6.996355865986235434e-02	2.786676646476614339e-02	7.289195425211657253e-02
1.088498298072438729e+03	2.648816242732579540e-01	1.720385249359934754e-01	2.452052463955003980e-01	1.469500072721391382e-01	7.002343982315129001e-02	2.790430248971812605e-02	7.299685481001927378e-02
1.090917183179266431e+03	2.644960838130701042e-01	1.717938612008861887e-01	2.454754890972502546e-01	1.471081616296586736e-01	7.008313301387018857e-02	2.794176955137184573e-02	7.310150169367239659e-02
1.093336068286093905e+03	2.641116470145097317e-01	1.715498656934909549e-01	2.457449248661675856e-01	1.472658605643578367e-01	7.014263890968848447e-02	2.797916767138688629e-02	7.320589528017813763e-02
1.095754953392921607e+03	2.637283107274197569e-01	1.713065365531702133e-01	2.460135561644604951e-01	1.474231055485898390e-01	7.020195818557672940e-02	2.801649687228336544e-02	7.331003594827922853e-02
1.098173838499749309e+03	2.633460718106943044e-01	1.710638719245782258e-01	2.462813854459254270e-01	1.475798980489960721e-01	7.026109151381842999e-02	2.805375717743446504e-02	7.341392407833262357e-02
1.100592723606577010e+03	2.629649271322526127e-01	1.708218699576454225e-01	2.465484151559830528e-01	1.477362395265342521e-01	7.032003956402177458e-02	2.809094861105903423e-02	7.351756005228340940e-02
1.103011608713404712e+03	2.625848735690123337e-01	1.705805288075625537e-01	2.468146477317138543e-01	1.478921314365063133e-01	7.037880300313130444e-02	2.812807119821420301e-02	7.362094425363899242e-02
1.105430493820231959e+03	2.622059080068633863e-01	1.703398466347651741e-01	2.470800856018937064e-01	1.480475752285862756e-01	7.043738249543955721e-02	2.816512496478807553e-02	7.372407706744343869e-02
1.107849378927059888e+03	2.618280273406415892e-01	1.700998216049179057e-01	2.473447311870290433e-01	1.482025723468478329e-01	7.049577870259864099e-02	2.820210993749245471e-02	7.382695888025216091e-02
1.110268264033887590e+03	2.614512284741026815e-01	1.698604518888989223e-01	2.476085868993919969e-01	1.483571242297918036e-01	7.055399228363173902e-02	2.823902614385562920e-02	7.392959008010678568e-02
1.112687149140715292e+03	2.610755083198962878e-01	1.696217356627843786e-01	2.478716551430553139e-01	1.485112323103734422e-01	7.061202389494465603e-02	2.827587361221519519e-02	7.403197105651031229e-02
1.115106034247542766e+03	2.607008637995396061e-01	1.693836711078330060e-01	2.481339383139269106e-01	1.486648980160295841e-01	7.066987419033708695e-02	2.831265237171091964e-02	7.413410220040242415e-02
1.117524919354370468e+03	2.603272918433918726e-01	1.691462564104707078e-01	2.483954387997844848e-01	1.488181227687055408e-01	7.072754382101410775e-02	2.834936245227768006e-02	7.423598390413507775e-02
1.119943804461197942e+03	2.599547893906282714e-01	1.689094897622751279e-01	2.486561589803098771e-01	1.489709079848818840e-01	7.078503343559744421e-02	2.838600388463841800e-02	7.433761656144839691e-02
1.122362689568025871e+03	2.595833533892142886e-01	1.686733693599604123e-01	2.489161012271230156e-01	1.491232550756012021e-01	7.084234368013665739e-02	2.842257670029716202e-02	7.443900056744666427e-02
1.124781574674853118e+03	2.592129807958800658e-01	1.684378934053618604e-01	2.491752679038158891e-01	1.492751654464943845e-01	7.089947519812044019e-02	2.845908093153208182e-02	7.454013631857460409e-02
1.127200459781681047e+03	2.588436685760945877e-01	1.682030601054208541e-01	2.494336613659864921e-01	1.494266404978071006e-01	7.095642863048769178e-02	2.849551661138859798e-02	7.464102421259395659e-02
1.129619344888508749e+03	2.584754137040404798e-01	1.679688676721695362e-01	2.496912839612721036e-01	1.495776816244258622e-01	7.101320461563866149e-02	2.853188377367252976e-02	7.474166464856010772e-02
1.132038229995336451e+03	2.581082131625883624e-01	1.677353143227157950e-01	2.499481380293827604e-01	1.497282902159039752e-01	7.106980378944594001e-02	2.856818245294329844e-02	7.484205802679916308e-02
1.134457115102163925e+03	2.577420639432713712e-01	1.675023982792281929e-01	2.502042259021345361e-01	1.498784676564874352e-01	7.112622678526546449e-02	2.860441268450716890e-02	7.494220474888502181e-02
1.136876000208991627e+03	2.573769630462602875e-01	1.672701177689209506e-01	2.504595499034823480e-01	1.500282153251407125e-01	7.118247423394748197e-02	2.864057450441053268e-02	7.504210521761683905e-02
1.139294885315819101e+03	2.570129074803377822e-01	1.670384710240390147e-01	2.507141123495530421e-01	1.501775345955719820e-01	7.123854676384740181e-02	2.867666794943324327e-02	7.514175983699658556e-02
1.141713770422646803e+03	2.566498942628736568e-01	1.668074562818430695e-01	2.509679155486778113e-01	1.503264268362588252e-01	7.129444500083664815e-02	2.871269305708199632e-02	7.524116901220695430e-02
1.144132655529474505e+03	2.562879204197997529e-01	1.665770717845947435e-01	2.512209618014247803e-01	1.504748934104732094e-01	7.135016956831342905e-02	2.874864986558373428e-02	7.534033314958932248e-02
1.146551540636302207e+03	2.559269829855847500e-01	1.663473157795417878e-01	2.514732534006312026e-01	1.506229356763066074e-01	7.140572108721347788e-02	2.878453841387913423e-02	7.543925265662204671e-02
1.148970425743129908e+03	2.555670790032093520e-01	1.661181865189032547e-01	2.517247926314356565e-01	1.507705549866950323e-01	7.146110017602071152e-02	2.882035874161609224e-02	7.553792794189889692e-02
1.151389310849957155e+03	2.552082055241415293e-01	1.658896822598548981e-01	2.519755817713100199e-01	1.509177526894436017e-01	7.151630745077793005e-02	2.885611088914329450e-02	7.563635941510774008e-02
1.153808195956785084e+03	2.548503596083117606e-01	1.656618012645143245e-01	2.522256230900911111e-01	1.510645301272513230e-01	7.157134352509729458e-02	2.889179489750379540e-02	7.573454748700944594e-02
1.156227081063612786e+03	2.544935383240882754e-01	1.654345417999265877e-01	2.524749188500122754e-01	1.512108886377354078e-01	7.162620901017095754e-02	2.892741080842865797e-02	7.583249256941690386e-02
1.158645966170440488e+03	2.541377387482524064e-01	1.652079021380494783e-01	2.527234713057349147e-01	1.513568295534558350e-01	7.168090451478145719e-02	2.896295866433064650e-02	7.593019507517437261e-02
1.161064851277267962e+03	2.537829579659741097e-01	1.649818805557389523e-01	2.529712827043797407e-01	1.515023542019392211e-01	7.173543064531220925e-02	2.899843850829791903e-02	7.602765541813691352e-02
1.163483736384095664e+03	2.534291930707874840e-01	1.647564753347348643e-01	2.532183552855578612e-01	1.516474639057031060e-01	7.178978800575785968e-02	2.903385038408782745e-02	7.612487401315010116e-02
1.165902621490923138e+03	2.530764411645664569e-01	1.645316847616462852e-01	2.534646912814015329e-01	1.517921599822796563e-01	7.184397719773465141e-02	2.906919433612068643e-02	7.622185127602987276e-02
1.168321506597751068e+03	2.527246993575003042e-01	1.643075071279372634e-01	2.537102929165949705e-01	1.519364437442395632e-01	7.189799882049068003e-02	2.910447040947364283e-02	7.631858762354264136e-02
1.170740391704578315e+03	2.523739647680695586e-01	1.640839407299125308e-01	2.539551624084051551e-01	1.520803164992155510e-01	7.195185347091614947e-02	2.913967864987455220e-02	7.641508347338554774e-02
1.173159276811406244e+03	2.520242345230218062e-01	1.638609838687031250e-01	2.541993019667119214e-01	1.522237795499258584e-01	7.200554174355353054e-02	2.917481910369591758e-02	7.651133924416693433e-02
1.175578161918233945e+03	2.516755057573474841e-01	1.636386348502521237e-01	2.544427137940383776e-01	1.523668341941975535e-01	7.205906423060774724e-02	2.920989181794884232e-02	7.660735535538697183e-02
1.177997047025061647e+03	2.513277756142559549e-01	1.634168919853005442e-01	2.546854000855809930e-01	1.525094817249897650e-01	7.211242152195621036e-02	2.924489684027705913e-02	7.670313222741852177e-02
1.180415932131889122e+03	2.509810412451516926e-01	1.631957535893731326e-01	2.549273630292395176e-01	1.526517234304166637e-01	7.216561420515894831e-02	2.927983421895095223e-02	7.679867028148817942e-02
1.182834817238716823e+03	2.506352998096100237e-01	1.629752179827642644e-01	2.551686048056466816e-01	1.527935605937704722e-01	7.221864286546854361e-02	2.931470400286168357e-02	7.689396993965744165e-02
1.185253702345544298e+03	2.502905484753535914e-01	1.627552834905238721e-01	2.554091275881980039e-01	1.529349944935441130e-01	7.227150808584008324e-02	2.934950624151528784e-02	7.698903162480419393e-02
1.187672587452371999e+03	2.499467844182286791e-01	1.625359484424434564e-01	2.556489335430809362e-01	1.530760264034538853e-01	7.232421044694110901e-02	2.938424098502685766e-02	7.708385576060416966e-02
1.190091472559199701e+03	2.496040048221813412e-01	1.623172111730422085e-01	2.558880248293044501e-01	1.532166575924620855e-01	7.237675052716142921e-02	2.941890828411475312e-02	7.717844277151283960e-02
1.192510357666027403e+03	2.492622068792338941e-01	1.620990700215529101e-01	2.561264035987279586e-01	1.533568893247992670e-01	7.242912890262297176e-02	2.945350819009484242e-02	7.727279308274727365e-02
1.194929242772855105e+03	2.489213877894614624e-01	1.618815233319081393e-01	2.563640719960905145e-01	1.534967228599864453e-01	7.248134614718952651e-02	2.948804075487477735e-02	7.736690712026828010e-02
1.197348127879682352e+03	2.485815447609683870e-01	1.616645694527265031e-01	2.566010321590393994e-01	1.536361594528573571e-01	7.253340283247644571e-02	2.952250603094834502e-02	7.746078531076275309e-02
1.199767012986510281e+03	2.482426750098649659e-01	1.614482067372987606e-01	2.568372862181589333e-01	1.537752003535802769e-01	7.258529952786040018e-02	2.955690407138980222e-02	7.755442808162608948e-02
1.202185898093337983e+03	2.479047757602440838e-01	1.612324335435741107e-01	2.570728362969989522e-01	1.539138468076799715e-01	7.263703680048892719e-02	2.959123492984829309e-02	7.764783586094484158e-02
1.204604783200165684e+03	2.475678442441580085e-01	1.610172482341465094e-01	2.573076845121033962e-01	1.540521000560594322e-01	7.268861521529004777e-02	2.962549866054227377e-02	7.774100907747957812e-02
1.207023668306993159e+03	2.472318777015951319e-01	1.608026491762410415e-01	2.575418329730381206e-01	1.541899613350213305e-01	7.274003533498181462e-02	2.965969531825399935e-02	7.783394816064784227e-02
1.209442553413820860e+03	2.468968733804569882e-01	1.605886347417001814e-01	2.577752837824192622e-01	1.543274318762897224e-01	7.279129772008180455e-02	2.969382495832402491e-02	7.792665354050730409e-02
1.211861438520648335e+03	2.465628285365351335e-01	1.603752033069704153e-01	2.580080390359412168e-01	1.544645129070311151e-01	7.284240292891655533e-02	2.972788763664576880e-02	7.801912564773909320e-02
1.214280323627476264e+03	2.462297404334882478e-01	1.601623532530885574e-01	2.582401008224041727e-01	1.546012056498758946e-01	7.289335151763098875e-02	2.976188340966008997e-02	7.811136491363133982e-02
1.216699208734303511e+03	2.458976063428191527e-01	1.599500829656683720e-01	2.584714712237419221e-01	1.547375113229393639e-01	7.294414404019779197e-02	2.979581233434990678e-02	7.820337177006277118e-02
1.219118093841131440e+03	2.455664235438520804e-01	1.597383908348870840e-01	2.587021523150492830e-01	1.548734311398426433e-01	7.299478104842670179e-02	2.982967446823487495e-02	7.829514664948657165e-02
1.221536978947959142e+03	2.452361893237098578e-01	1.595272752554720563e-01	2.589321461646095224e-01	1.550089663097335702e-01	7.304526309197378886e-02	2.986346986936605843e-02	7.838668998491434003e-02
1.223955864054786844e+03	2.449069009772912309e-01	1.593167346266873285e-01	2.591614548339213897e-01	1.551441180373074880e-01	7.309559071835072808e-02	2.989719859632068363e-02	7.847800220990026887e-02
1.226374749161614318e+03	2.445785558072482990e-01	1.591067673523204606e-01	2.593900803777264841e-01	1.552788875228277021e-01	7.314576447293393013e-02	2.993086070819689359e-02	7.856908375852542092e-02
1.228793634268442020e+03	2.442511511239637834e-01	1.588973718406691271e-01	2.596180248440357330e-01	1.554132759621460746e-01	7.319578489897374252e-02	2.996445626460855771e-02	7.865993506538218605e-02
1.231212519375269494e+03	2.439246842455288500e-01	1.586885465045279886e-01	2.598452902741564818e-01	1.555472845467233411e-01	7.324565253760351169e-02	2.999798532568009879e-02	7.875055656555893235e-02
1.233631404482097196e+03	2.435991524977202949e-01	1.584802897611754247e-01	2.600718787027190837e-01	1.556809144636494557e-01	7.329536792784870081e-02	3.003144795204138948e-02	7.884094869462478228e-02
1.236050289588924898e+03	2.432745532139786171e-01	1.582726000323605164e-01	2.602977921577034337e-01	1.558141668956635473e-01	7.334493160663584088e-02	3.006484420482262790e-02	7.893111188861449967e-02
1.238469174695752372e+03	2.429508837353854256e-01	1.580654757442898350e-01	2.605230326604651703e-01	1.559470430211740977e-01	7.339434410880157911e-02	3.009817414564931390e-02	7.902104658401358506e-02
1.240888059802580301e+03	2.426281414106413459e-01	1.578589153276145074e-01	2.607476022257620984e-01	1.560795440142787316e-01	7.344360596710156064e-02	3.013143783663720446e-02	7.911075321774353741e-02
1.243306944909407548e+03	2.423063235960438155e-01	1.576529172174171711e-01	2.609715028617801136e-01	1.562116710447840340e-01	7.349271771221932426e-02	3.016463534038732811e-02	7.920023222714722699e-02
1.245725830016235477e+03	2.419854276554651296e-01	1.574474798531988740e-01	2.611947365701591806e-01	1.563434252782252287e-01	7.354167987277521190e-02	3.019776671998103748e-02	7.928948404997439303e-02
1.248144715123063179e+03	2.416654509603302081e-01	1.572426016788663061e-01	2.614173053460192020e-01	1.564748078758857186e-01	7.359049297533513945e-02	3.023083203897508273e-02	7.937850912436736350e-02
1.250563600229890881e+03	2.413463908895948362e-01	1.570382811427188940e-01	2.616392111779857199e-01	1.566058199948165142e-01	7.363915754441938133e-02	3.026383136139672997e-02	7.946730788884685814e-02
1.252982485336718355e+03	2.410282448297237090e-01	1.568345166974358385e-01	2.618604560482156174e-01	1.567364627878556349e-01	7.368767410251125805e-02	3.029676475173890410e-02	7.955588078229797189e-02
1.255401370443546057e+03	2.407110101746686159e-01	1.566313068000635134e-01	2.620810419324220431e-01	1.568667374036472051e-01	7.373604317006590692e-02	3.032963227495537317e-02	7.964422824395624156e-02
1.257820255550373531e+03	2.403946843258466526e-01	1.564286499120024765e-01	2.623009707999002238e-01	1.569966449866606606e-01	7.378426526551888631e-02	3.036243399645594324e-02	7.973235071339399016e-02
1.260239140657201460e+03	2.400792646921185991e-01	1.562265444989949237e-01	2.625202446135525003e-01	1.571261866772097060e-01	7.383234090529473825e-02	3.039516998210172946e-02	7.982024863050665719e-02
1.262658025764028707e+03	2.397647486897671876e-01	1.560249890311119492e-01	2.627388653299131405e-01	1.572553636114711884e-01	7.388027060381567590e-02	3.042784029820040995e-02	7.990792243549933727e-02
1.265076910870856636e+03	2.394511337424756747e-01	1.558239819827407779e-01	2.629568348991734306e-01	1.573841769215039155e-01	7.392805487351000737e-02	3.046044501150155931e-02	7.999537256887347125e-02
1.267495795977684338e+03	2.391384172813062758e-01	1.556235218325724423e-01	2.631741552652064331e-01	1.575126277352673354e-01	7.397569422482068446e-02	3.049298418919197187e-02	8.008259947141370405e-02
1.269914681084511813e+03	2.388265967446787374e-01	1.554236070635889311e-01	2.633908283655916893e-01	1.576407171766400217e-01	7.402318916621371259e-02	3.052545789889104730e-02	8.016960358417472843e-02
1.272333566191339514e+03	2.385156695783489100e-01	1.552242361630508660e-01	2.636068561316396441e-01	1.577684463654382419e-01	7.407054020418661622e-02	3.055786620864618663e-02	8.025638534846846195e-02
1.274752451298167216e+03	2.382056332353875983e-01	1.550254076224848732e-01	2.638222404884160710e-01	1.578958164174341927e-01	7.411774784327676557e-02	3.059020918692824387e-02	8.034294520585122390e-02
1.277171336404994690e+03	2.378964851761591892e-01	1.548271199376713703e-01	2.640369833547662193e-01	1.580228284443743469e-01	7.416481258606971716e-02	3.062248690262697748e-02	8.042928359811110650e-02
1.279590221511822392e+03	2.375882228683005304e-01	1.546293716086317993e-01	2.642510866433393502e-01	1.581494835539976329e-01	7.421173493320754044e-02	3.065469942504657486e-02	8.051540096725544327e-02
1.282009106618650094e+03	2.372808437866997522e-01	1.544321611396166916e-01	2.644645522606124399e-01	1.582757828500533370e-01	7.425851538339704738e-02	3.068684682390115590e-02	8.060129775549844389e-02
1.284427991725477568e+03	2.369743454134753957e-01	1.542354870390929555e-01	2.646773821069141053e-01	1.584017274323191171e-01	7.430515443341802195e-02	3.071892916931035639e-02	8.068697440524889852e-02
1.286846876832305497e+03	2.366687252379552076e-01	1.540393478197318311e-01	2.648895780764485286e-01	1.585273183966188215e-01	7.435165257813139417e-02	3.075094653179491141e-02	8.077243135909807636e-02
1.289265761939132744e+03	2.363639807566553230e-01	1.538437419983965937e-01	2.651011420573190502e-01	1.586525568348402804e-01	7.439801031048738633e-02	3.078289898227228039e-02	8.085766905980774910e-02
1.291684647045960673e+03	2.360601094732594218e-01	1.536486680961302864e-01	2.653120759315518162e-01	1.587774438349529305e-01	7.444422812153363156e-02	3.081478659205230328e-02	8.094268795029828378e-02
1.294103532152788375e+03	2.357571088985978558e-01	1.534541246381435908e-01	2.655223815751189820e-01	1.589019804810252734e-01	7.449030650042323676e-02	3.084660943283287424e-02	8.102748847363687446e-02
1.296522417259616077e+03	2.354549765506269987e-01	1.532601101538027810e-01	2.657320608579620824e-01	1.590261678532423339e-01	7.453624593442279012e-02	3.087836757669566723e-02	8.111207107302595420e-02
1.298941302366443551e+03	2.351537099544084852e-01	1.530666231766174279e-01	2.659411156440155688e-01	1.591500070279231460e-01	7.458204690892038247e-02	3.091006109610187902e-02	8.119643619179167660e-02
1.301360187473271253e+03	2.348533066420887272e-01	1.528736622442284920e-01	2.661495477912294572e-01	1.592734990775377668e-01	7.462770990743355926e-02	3.094169006388798604e-02	8.128058427337256364e-02
1.303779072580098727e+03	2.345537641528781525e-01	1.526812258983962778e-01	2.663573591515925876e-01	1.593966450707245408e-01	7.467323541161723088e-02	3.097325455326156718e-02	8.136451576130815377e-02
1.306197957686926657e+03	2.342550800330309435e-01	1.524893126849885538e-01	2.665645515711550506e-01	1.595194460723071972e-01	7.471862390127159692e-02	3.100475463779711616e-02	8.144823109922799675e-02
1.308616842793753904e+03	2.339572518358244424e-01	1.522979211539683964e-01	2.667711268900515575e-01	1.596419031433116975e-01	7.476387585434991767e-02	3.103619039143191982e-02	8.153173073084050981e-02
1.311035727900581833e+03	2.336602771215388619e-01	1.521070498593824205e-01	2.669770869425235338e-01	1.597640173409831110e-01	7.480899174696638287e-02	3.106756188846193298e-02	8.161501509992213910e-02
1.313454613007409534e+03	2.333641534574369680e-01	1.519166973593488734e-01	2.671824335569419340e-01	1.598857897188023791e-01	7.485397205340389715e-02	3.109886920353769832e-02	8.169808465030656275e-02
1.315873498114237009e+03	2.330688784177438189e-01	1.517268622160459213e-01	2.673871685558293909e-01	1.600072213265030796e-01	7.489881724612176828e-02	3.113011241166029411e-02	8.178093982587399113e-02
1.318292383221064711e+03	2.327744495836265581e-01	1.515375429956996589e-01	2.675912937558828086e-01	1.601283132100878581e-01	7.494352779576343715e-02	3.116129158817731656e-02	8.186358107054063360e-02
1.320711268327892412e+03	2.324808645431743759e-01	1.513487382685725635e-01	2.677948109679951227e-01	1.602490664118449426e-01	7.498810417116416605e-02	3.119240680877886571e-02	8.194600882824826238e-02
1.323130153434719887e+03	2.321881208913783023e-01	1.511604466089515320e-01	2.679977219972777269e-01	1.603694819703646579e-01	7.503254683935865754e-02	3.122345814949359019e-02	8.202822354295383200e-02
1.325549038541547588e+03	2.318962162301112795e-01	1.509726665951364732e-01	2.682000286430823444e-01	1.604895609205554963e-01	7.507685626558863179e-02	3.125444568668473561e-02	8.211022565861933464e-02
1.327967923648375290e+03	2.316051481681082880e-01	1.507853968094284292e-01	2.684017326990227326e-01	1.606093042936605764e-01	7.512103291331040378e-02	3.128536949704623787e-02	8.219201561920162769e-02
1.330386808755202765e+03	2.313149143209463354e-01	1.505986358381181389e-01	2.686028359529966103e-01	1.607287131172735195e-01	7.516507724420244674e-02	3.131622965759881666e-02	8.227359386864246948e-02
1.332805693862030694e+03	2.310255123110246944e-01	1.504123822714743264e-01	2.688033401872071404e-01	1.608477884153546589e-01	7.520898971817283063e-02	3.134702624568615204e-02	8.235496085085856899e-02
1.335224578968857941e+03	2.307369397675450851e-01	1.502266347037322924e-01	2.690032471781845236e-01	1.609665312082468325e-01	7.525277079336670227e-02	3.137775933897101605e-02	8.243611700973189904e-02
1.337643464075685870e+03	2.304491943264920240e-01	1.500413917330823410e-01	2.692025586968073703e-01	1.610849425126913981e-01	7.529642092617373772e-02	3.140842901543149102e-02	8.251706278909994030e-02
1.340062349182513572e+03	2.301622736306130901e-01	1.498566519616582882e-01	2.694012765083242944e-01	1.612030233418438596e-01	7.533994057123551136e-02	3.143903535335716704e-02	8.259779863274611944e-02
1.342481234289341273e+03	2.298761753293994681e-01	1.496724139955261379e-01	2.695994023723746191e-01	1.613207747052895491e-01	7.538333018145282338e-02	3.146957843134540883e-02	8.267832498439038613e-02
1.344900119396168748e+03	2.295908970790662418e-01	1.494886764446725635e-01	2.697969380430098041e-01	1.614381976090592807e-01	7.542659020799306890e-02	3.150005832829762958e-02	8.275864228767981778e-02
1.347319004502996449e+03	2.293064365425331042e-01	1.493054379229936390e-01	2.699938852687144286e-01	1.615552930556448108e-01	7.546972110029752379e-02	3.153047512341557168e-02	8.283875098617934918e-02
1.349737889609823924e+03	2.290227913894046785e-01	1.491226970482834868e-01	2.701902457924271195e-01	1.616720620440142420e-01	7.551272330608856109e-02	3.156082889619764992e-02	8.291865152336264089e-02
1.352156774716651853e+03	2.287399592959515338e-01	1.489404524422230369e-01	2.703860213515611455e-01	1.617885055696273722e-01	7.555559727137690917e-02	3.159111972643530164e-02	8.299834434260300320e-02
1.354575659823479100e+03	2.284579379450905057e-01	1.487587027303686749e-01	2.705812136780255117e-01	1.619046246244509324e-01	7.559834344046885424e-02	3.162134769420936464e-02	8.307782988716448658e-02
1.356994544930307029e+03	2.281767250263656288e-01	1.485774465421411394e-01	2.707758244982449991e-01	1.620204201969737412e-01	7.564096225597338741e-02	3.165151287988646894e-02	8.315710860019295825e-02
1.359413430037134731e+03	2.278963182359289852e-01	1.483966825108142262e-01	2.709698555331811476e-01	1.621358932722218038e-01	7.568345415880925464e-02	3.168161536411547713e-02	8.323618092470737306e-02
1.361832315143962205e+03	2.276167152765214696e-01	1.482164092735037686e-01	2.711633084983524622e-01	1.622510448317732723e-01	7.572581958821220094e-02	3.171165522782393165e-02	8.331504730359114153e-02
1.364251200250789907e+03	2.273379138574538050e-01	1.480366254711563967e-01	2.713561851038546746e-01	1.623658758537734059e-01	7.576805898174189535e-02	3.174163255221454372e-02	8.339370817958352555e-02
1.366670085357617609e+03	2.270599116945874185e-01	1.478573297485385740e-01	2.715484870543810603e-01	1.624803873129493370e-01	7.581017277528899478e-02	3.177154741876168920e-02	8.347216399527120079e-02
1.369088970464445310e+03	2.267827065103155681e-01	1.476785207542254397e-01	2.717402160492423668e-01	1.625945801806249202e-01	7.585216140308216615e-02	3.180139990920792525e-02	8.355041519307987441e-02
1.371507855571272785e+03	2.265062960335444409e-01	1.475001971405899559e-01	2.719313737823870758e-01	1.627084554247352211e-01	7.589402529769505301e-02	3.183119010556057643e-02	8.362846221526597235e-02
1.373926740678100487e+03	2.262306779996741957e-01	1.473223575637917226e-01	2.721219619424210534e-01	1.628220140098413371e-01	7.593576489005317287e-02	3.186091809008828601e-02	8.370630550390853464e-02
1.376345625784927961e+03	2.259558501505803119e-01	1.471450006837662361e-01	2.723119822126275347e-01	1.629352568971447202e-01	7.597738060944082827e-02	3.189058394531762985e-02	8.378394550090104143e-02
1.378764510891755890e+03	2.256818102345947707e-01	1.469681251642138975e-01	2.725014362709867743e-01	1.630481850445016923e-01	7.601887288350796246e-02	3.192018775402973713e-02	8.386138264794348873e-02
1.381183395998583137e+03	2.254085560064874039e-01	1.467917296725890774e-01	2.726903257901957534e-01	1.631607994064377676e-01	7.606024213827704272e-02	3.194972959925693190e-02	8.393861738653440874e-02
1.383602281105411066e+03	2.251360852274471858e-01	1.466158128800894300e-01	2.728786524376874412e-01	1.632731009341619466e-01	7.610148879814981893e-02	3.197920956427943023e-02	8.401565015796312597e-02
1.386021166212238768e+03	2.248643956650637765e-01	1.464403734616449015e-01	2.730664178756506133e-01	1.633850905755809546e-01	7.614261328591410971e-02	3.200862773262202338e-02	8.409248140330194410e-02
1.388440051319066470e+03	2.245934850933089810e-01	1.462654100959071279e-01	2.732536237610490581e-01	1.634967692753132307e-01	7.618361602275057487e-02	3.203798418805080955e-02	8.416911156339858258e-02
1.390858936425893944e+03	2.243233512925182360e-01	1.460909214652385824e-01	2.734402717456406173e-01	1.636081379747030551e-01	7.622449742823937668e-02	3.206727901456991880e-02	8.424554107886858545e-02
1.393277821532721646e+03	2.240539920493721804e-01	1.459169062557019170e-01	2.736263634759966701e-01	1.637191976118345382e-01	7.626525792036689677e-02	3.209651229641830028e-02	8.432177039008786901e-02
1.395696706639549120e+03	2.237854051568784475e-01	1.457433631570492771e-01	2.738119005935209516e-01	1.638299491215454706e-01	7.630589791553239742e-02	3.212568411806651647e-02	8.439779993718532491e-02
1.398115591746377049e+03	2.235175884143532077e-01	1.455702908627116710e-01	2.739968847344687042e-01	1.639403934354411174e-01	7.634641782855459968e-02	3.215479456421353743e-02	8.447363016003556213e-02
1.400534476853204296e+03	2.232505396274030163e-01	1.453976880697883667e-01	2.741813175299654404e-01	1.640505314819080129e-01	7.638681807267833079e-02	3.218384371978359748e-02	8.454926149825166271e-02
1.402953361960032225e+03	2.229842566079066057e-01	1.452255534790362346e-01	2.743652006060258164e-01	1.641603641861275886e-01	7.642709905958104677e-02	3.221283166992305186e-02	8.462469439117809022e-02
1.405372247066859927e+03	2.227187371739967059e-01	1.450538857948593663e-01	2.745485355835722840e-01	1.642698924700898011e-01	7.646726119937935495e-02	3.224175849999724730e-02	8.469992927788362602e-02
1.407791132173687402e+03	2.224539791500420860e-01	1.448826837252983890e-01	2.747313240784539090e-01	1.643791172526065936e-01	7.650730490063557820e-02	3.227062429558744810e-02	8.477496659715438865e-02
1.410210017280515103e+03	2.221899803666293749e-01	1.447119459820201959e-01	2.749135677014646340e-01	1.644880394493253850e-01	7.654723057036413869e-02	3.229942914248773445e-02	8.484980678748700600e-02
1.412628902387342805e+03	2.219267386605451309e-01	1.445416712803072323e-01	2.750952680583617638e-01	1.645966599727424484e-01	7.658703861403808044e-02	3.232817312670199783e-02	8.492445028708180133e-02
1.415047787494170507e+03	2.216642518747580226e-01	1.443718583390473098e-01	2.752764267498845618e-01	1.647049797322162057e-01	7.662672943559542538e-02	3.235685633444085330e-02	8.499889753383607638e-02
1.417466672600997981e+03	2.214025178584008435e-01	1.442025058807230864e-01	2.754570453717723466e-01	1.648129996339804115e-01	7.666630343744561260e-02	3.238547885211869731e-02	8.507314896533747783e-02
1.419885557707825683e+03	2.211415344667526928e-01	1.440336126314018528e-01	2.756371255147826993e-01	1.649207205811574206e-01	7.670576102047581279e-02	3.241404076635066855e-02	8.514720501885743309e-02
1.422304442814653157e+03	2.208812995612213226e-01	1.438651773207250961e-01	2.758166687647094495e-01	1.650281434737711495e-01	7.674510258405724261e-02	3.244254216394971274e-02	8.522106613134466935e-02
1.424723327921481086e+03	2.206218110093252915e-01	1.436971986818982305e-01	2.759956767024009383e-01	1.651352692087602603e-01	7.678432852605149295e-02	3.247098313192363361e-02	8.529473273941882983e-02
1.427142213028308333e+03	2.203630666846764508e-01	1.435296754516803275e-01	2.761741509037778375e-01	1.652420986799909286e-01	7.682343924281680170e-02	3.249936375747218553e-02	8.536820527936414549e-02
1.429561098135136262e+03	2.201050644669621803e-01	1.433626063703740683e-01	2.763520929398509129e-01	1.653486327782698051e-01	7.686243512921429877e-02	3.252768412798414527e-02	8.544148418712317616e-02
1.431979983241963964e+03	2.198478022419280420e-01	1.431959901818152525e-01	2.765295043767390104e-01	1.654548723913569219e-01	7.690131657861419556e-02	3.255594433103447399e-02	8.551456989829064881e-02
1.434398868348791666e+03	2.195912779013600713e-01	1.430298256333629170e-01	2.767063867756865414e-01	1.655608184039782660e-01	7.694008398290197448e-02	3.258414445438143070e-02	8.558746284810736515e-02
1.436817753455619140e+03	2.193354893430674302e-01	1.428641114758890385e-01	2.768827416930810803e-01	1.656664716978386021e-01	7.697873773248453677e-02	3.261228458596374113e-02	8.566016347145413712e-02
1.439236638562446842e+03	2.190804344708650042e-01	1.426988464637684861e-01	2.770585706804711279e-01	1.657718331516339627e-01	7.701727821629636428e-02	3.264036481389779448e-02	8.573267220284590262e-02
1.441655523669274316e+03	2.188261111945560000e-01	1.425340293548689463e-01	2.772338752845831533e-01	1.658769036410642772e-01	7.705570582180562567e-02	3.266838522647483312e-02	8.580498947642578589e-02
1.444074408776102018e+03	2.185725174299147366e-01	1.423696589105409027e-01	2.774086570473394686e-01	1.659816840388458337e-01	7.709402093502015774e-02	3.269634591215819092e-02	8.587711572595933818e-02
1.446493293882929493e+03	2.183196510986693539e-01	1.422057338956075889e-01	2.775829175058749931e-01	1.660861752147237136e-01	7.713222394049362718e-02	3.272424695958053853e-02	8.594905138482880624e-02
1.448912178989757422e+03	2.180675101284846318e-01	1.420422530783550519e-01	2.777566581925547395e-01	1.661903780354840598e-01	7.717031522133151189e-02	3.275208845754114251e-02	8.602079688602741470e-02
1.451331064096585123e+03	2.178160924529448372e-01	1.418792152305222432e-01	2.779298806349910222e-01	1.662942933649664279e-01	7.720829515919704067e-02	3.277987049500313138e-02	8.609235266215381488e-02
1.453749949203412370e+03	2.175653960115366270e-01	1.417166191272910269e-01	2.781025863560602218e-01	1.663979220640759427e-01	7.724616413431723005e-02	3.280759316109086582e-02	8.616371914540656152e-02
1.456168834310240300e+03	2.173154187496320611e-01	1.415544635472762991e-01	2.782747768739198824e-01	1.665012649907955389e-01	7.728392252548878238e-02	3.283525654508719083e-02	8.623489676757865874e-02
1.458587719417068001e+03	2.170661586184715053e-01	1.413927472725162171e-01	2.784464537020257535e-01	1.666043230001979791e-01	7.732157071008401161e-02	3.286286073643083366e-02	8.630588596005216162e-02
1.461006604523895703e+03	2.168176135751468392e-01	1.412314690884622359e-01	2.786176183491482217e-01	1.667070969444578443e-01	7.735910906405671361e-02	3.289040582471373236e-02	8.637668715379287487e-02
1.463425489630723177e+03	2.165697815825844141e-01	1.410706277839694489e-01	2.787882723193894074e-01	1.668095876728635796e-01	7.739653796194802260e-02	3.291789189967846141e-02	8.644730077934507928e-02
1.465844374737550879e+03	2.163226606095283167e-01	1.409102221512867903e-01	2.789584171121996525e-01	1.669117960318293736e-01	7.743385777689226757e-02	3.294531905121558107e-02	8.651772726682635528e-02
1.468263259844378354e+03	2.160762486305234653e-01	1.407502509860472095e-01	2.791280542223942285e-01	1.670137228649070105e-01	7.747106888062275931e-02	3.297268736936111860e-02	8.658796704592250371e-02
1.470682144951206283e+03	2.158305436258990961e-01	1.405907130872580402e-01	2.792971851401696015e-01	1.671153690127975544e-01	7.750817164347756361e-02	3.299999694429395919e-02	8.665802054588242487e-02
1.473101030058033530e+03	2.155855435817517485e-01	1.404316072572914242e-01	2.794658113511201414e-01	1.672167353133631185e-01	7.754516643440524659e-02	3.302724786633336185e-02	8.672788819551316419e-02
1.475519915164861459e+03	2.153412464899289724e-01	1.402729323018744034e-01	2.796339343362542751e-01	1.673178226016385495e-01	7.758205362097062019e-02	3.305444022593637815e-02	8.679757042317498561e-02
1.477938800271689161e+03	2.150976503480124535e-01	1.401146870300795932e-01	2.798015555720107517e-01	1.674186317098430021e-01	7.761883356936045975e-02	3.308157411369540973e-02	8.686706765677654207e-02
1.480357685378516862e+03	2.148547531593015536e-01	1.399568702543153575e-01	2.799686765302750735e-01	1.675191634673914853e-01	7.765550664438915229e-02	3.310864962033567560e-02	8.693638032376999059e-02
1.482776570485344337e+03	2.146125529327969073e-01	1.397994807903163716e-01	2.801352986783953170e-01	1.676194187009062142e-01	7.769207320950433093e-02	3.313566683671276270e-02	8.700550885114637090e-02
