1.301360187473271253e+03	2.356522069245061968e-01	1.514350931288914737e-01	2.603939000917921409e-01	1.616288926307496987e-01	7.644184408561395527e-02	3.209183344776792707e-02	8.235622969045883202e-02
1.306197957686926657e+03	2.350650944037545598e-01	1.510392278646473241e-01	2.607672182915821146e-01	1.618921589466849331e-01	7.655157368626716585e-02	3.216517740966753913e-02	8.251954939717652537e-02
1.311035727900581833e+03	2.344813845655412121e-01	1.506454817457369977e-01	2.611383729357585892e-01	1.621539078925752220e-01	7.666071788223177697e-02	3.223821073182164126e-02	8.268192424611464642e-02
1.315873498114237009e+03	2.339010573124614689e-01	1.502538436656729315e-01	2.615073783054747136e-01	1.624141475953419789e-01	7.676927960224996794e-02	3.231093379631864992e-02	8.284335972226034017e-02
1.320711268327892412e+03	2.333240926713244234e-01	1.498643025730892198e-01	2.618742485472352888e-01	1.626728861552796113e-01	7.687726176475154216e-02	3.238334700358017071e-02	8.300386128451982259e-02
1.325549038541547588e+03	2.327504707922784244e-01	1.494768474715221784e-01	2.622389976750157392e-01	1.629301316457497373e-01	7.698466727778068008e-02	3.245545077191146210e-02	8.316343436552181556e-02
1.330386808755202765e+03	2.321801719479455461e-01	1.490914674191908262e-01	2.626016395723341224e-01	1.631858921128847562e-01	7.709149903892632827e-02	3.252724553706109328e-02	8.332208437143738544e-02
1.335224578968857941e+03	2.316131765325640801e-01	1.487081515287769773e-01	2.629621879942765084e-01	1.634401755753012164e-01	7.719775993525583579e-02	3.259873175178947674e-02	8.347981668181597703e-02
1.340062349182513572e+03	2.310494650611392697e-01	1.483268889672052226e-01	2.633206565694780066e-01	1.636929900238227598e-01	7.730345284325208788e-02	3.266990988544622027e-02	8.363663664943647713e-02
1.344900119396168748e+03	2.304890181686023720e-01	1.479476689554228008e-01	2.636770588020600492e-01	1.639443434212120576e-01	7.740858062875369261e-02	3.274078042355607621e-02	8.379254960017300247e-02
1.349737889609823924e+03	2.299318166089774629e-01	1.475704807681792741e-01	2.640314080735247648e-01	1.641942437019123513e-01	7.751314614689845672e-02	3.281134386741323128e-02	8.394756083287445436e-02
1.354575659823479100e+03	2.293778412545561252e-01	1.471953137338060102e-01	2.643837176446086623e-01	1.644426987717979016e-01	7.761715224206976182e-02	3.288160073368383285e-02	8.410167561925760427e-02
1.359413430037134731e+03	2.288270730950800746e-01	1.468221572339957481e-01	2.647340006570953475e-01	1.646897165079334036e-01	7.772060174784599373e-02	3.295155155401661290e-02	8.425489920381271092e-02
1.364251200250789907e+03	2.282794932369311136e-01	1.464510007035819961e-01	2.650822701355889932e-01	1.649353047583422271e-01	7.782349748695278902e-02	3.302119687466133213e-02	8.440723680372133608e-02
1.369088970464445310e+03	2.277350829023289114e-01	1.460818336303184584e-01	2.654285389892499514e-01	1.651794713417834848e-01	7.792584227121815421e-02	3.309053725609497482e-02	8.455869360878581764e-02
1.373926740678100487e+03	2.271938234285357794e-01	1.457146455546583508e-01	2.657728200134926166e-01	1.654222240475375361e-01	7.802763890153022186e-02	3.315957327265545845e-02	8.470927478136978939e-02
1.378764510891755890e+03	2.266556962670691899e-01	1.453494260695337159e-01	2.661151258916470974e-01	1.656635706351998749e-01	7.812889016779767104e-02	3.322830551218281664e-02	8.485898545634930346e-02
1.383602281105411066e+03	2.261206829829212062e-01	1.449861648201350439e-01	2.664554691965856925e-01	1.659035188344834544e-01	7.822959884891272919e-02	3.329673457566755673e-02	8.500783074107394477e-02
1.388440051319066470e+03	2.255887652537848787e-01	1.446248515036905324e-01	2.667938623923144514e-01	1.661420763450290883e-01	7.832976771271669969e-02	3.336486107690612990e-02	8.515581571533778482e-02
1.393277821532721646e+03	2.250599248692879972e-01	1.442654758692457351e-01	2.671303178355314278e-01	1.663792508362239575e-01	7.842939951596777926e-02	3.343268564216336780e-02	8.530294543135923113e-02
1.398115591746377049e+03	2.245341437302333654e-01	1.439080277174432099e-01	2.674648477771518484e-01	1.666150499470278323e-01	7.852849700431147051e-02	3.350020890984172633e-02	8.544922491376996665e-02
1.402953361960032225e+03	2.240114038478460412e-01	1.435524969003021678e-01	2.677974643638017516e-01	1.668494812858073717e-01	7.862706291225300681e-02	3.356743153015714215e-02	8.559465915961197990e-02
1.407791132173687402e+03	2.234916873430270734e-01	1.431988733209984266e-01	2.681281796392800398e-01	1.670825524301776388e-01	7.872509996313217795e-02	3.363435416482148110e-02	8.573925313834265816e-02
1.412628902387342805e+03	2.229749764456141203e-01	1.428471469336444200e-01	2.684570055459903903e-01	1.673142709268513884e-01	7.882261086910030690e-02	3.370097748673135662e-02	8.588301179184744394e-02
1.417466672600997981e+03	2.224612534936483144e-01	1.424973077430695123e-01	2.687839539263436883e-01	1.675446442914956813e-01	7.891959833109919720e-02	3.376730217966320696e-02	8.602594003445972193e-02
1.422304442814653157e+03	2.219505009326476763e-01	1.421493458046002856e-01	2.691090365241313731e-01	1.677736800085955771e-01	7.901606503884231469e-02	3.383332893797447866e-02	8.616804275298751981e-02
1.427142213028308333e+03	2.214427013148867474e-01	1.418032512238412424e-01	2.694322649858705843e-01	1.680013855313251259e-01	7.911201367079778723e-02	3.389905846631089542e-02	8.630932480674684271e-02
1.431979983241963964e+03	2.209378372986824934e-01	1.414590141564555370e-01	2.697536508621221629e-01	1.682277682814249942e-01	7.920744689417336115e-02	3.396449147931954182e-02	8.644979102760108614e-02
1.436817753455619140e+03	2.204358916476863439e-01	1.411166248079461227e-01	2.700732056087817301e-01	1.684528356490873069e-01	7.930236736490334226e-02	3.402962870136774093e-02	8.658944622000649960e-02
1.441655523669274316e+03	2.199368472301824196e-01	1.407760734334371766e-01	2.703909405883446193e-01	1.686765949928469288e-01	7.939677772763716057e-02	3.409447086626759410e-02	8.672829516106317360e-02
1.446493293882929493e+03	2.194406870183914782e-01	1.404373503374556353e-01	2.707068670711453851e-01	1.688990536394792963e-01	7.949068061572983623e-02	3.415901871700605108e-02	8.686634260057136958e-02
1.451331064096585123e+03	2.189473940877811886e-01	1.401004458737131197e-01	2.710209962365724423e-01	1.691202188839048270e-01	7.958407865123413860e-02	3.422327300548038548e-02	8.700359326109290137e-02
1.456168834310240300e+03	2.184569516163816782e-01	1.397653504448882200e-01	2.713333391742587253e-01	1.693400979890996305e-01	7.967697444489432734e-02	3.428723449223900627e-02	8.714005183801738774e-02
1.461006604523895703e+03	2.179693428841073255e-01	1.394320545024090308e-01	2.716439068852483651e-01	1.695586981860121301e-01	7.976937059614164216e-02	3.435090394622748039e-02	8.727572299963294589e-02
1.465844374737550879e+03	2.174845512720839924e-01	1.391005485462359637e-01	2.719527102831406085e-01	1.697760266734861245e-01	7.986126969309120804e-02	3.441428214453966239e-02	8.741061138720128409e-02
1.470682144951206283e+03	2.170025602619818916e-01	1.387708231246451429e-01	2.722597601952110868e-01	1.699920906181895952e-01	7.995267431254056423e-02	3.447736987217376453e-02	8.754472161503681904e-02
1.475519915164861459e+03	2.165233534353539768e-01	1.384428688340118840e-01	2.725650673635110488e-01	1.702068971545491471e-01	8.004358701996962255e-02	3.454016792179343681e-02	8.767805827058973434e-02
1.480357685378516862e+03	2.160469144729798840e-01	1.381166763185947832e-01	2.728686424459454418e-01	1.704204533846905012e-01	8.013401036954211076e-02	3.460267709349354459e-02	8.781062591453259181e-02
1.485195455592172038e+03	2.155732271542152023e-01	1.377922362703199455e-01	2.731704960173299002e-01	1.706327663783842874e-01	8.022394690410833418e-02	3.466489819457072713e-02	8.794242908085043997e-02
1.490033225805827215e+03	2.151022753563459067e-01	1.374695394285660455e-01	2.734706385704274711e-01	1.708438431729973617e-01	8.031339915520928352e-02	3.472683203929850804e-02	8.807347227693425318e-02
1.494870996019482618e+03	2.146340430539484534e-01	1.371485765799493051e-01	2.737690805169651909e-01	1.710536907734493961e-01	8.040236964308214440e-02	3.478847944870701314e-02	8.820375998367729897e-02
1.499708766233137567e+03	2.141685143182546769e-01	1.368293385581092203e-01	2.740658321886315640e-01	1.712623161521748261e-01	8.049086087666698641e-02	3.484984125036699742e-02	8.833329665557454469e-02
1.504546536446793198e+03	2.137056733165219602e-01	1.365118162434946492e-01	2.743609038380547260e-01	1.714697262490897378e-01	8.057887535361470122e-02	3.491091827817834059e-02	8.846208672082465918e-02
1.509384306660448374e+03	2.132455043114085680e-01	1.361960005631503434e-01	2.746543056397623417e-01	1.716759279715638076e-01	8.066641556029620352e-02	3.497171137216270598e-02	8.859013458143469300e-02
1.514222076874103550e+03	2.127879916603538091e-01	1.358818824905040634e-01	2.749460476911234630e-01	1.718809281943970979e-01	8.075348397181263127e-02	3.503222137826044608e-02	8.871744461332714549e-02
1.519059847087758726e+03	2.123331198149633892e-01	1.355694530451538038e-01	2.752361400132723457e-01	1.720847337598016003e-01	8.084008305200687805e-02	3.509244914813154648e-02	8.884402116644918301e-02
1.523897617301414357e+03	2.118808733203992323e-01	1.352587032926559352e-01	2.755245925520154460e-01	1.722873514773874959e-01	8.092621525347599987e-02	3.515239553896057356e-02	8.896986856488409146e-02
1.528735387515069533e+03	2.114312368147746590e-01	1.349496243443137344e-01	2.758114151787213753e-01	1.724887881241538024e-01	8.101188301758484311e-02	3.521206141326561900e-02	8.909499110696469937e-02
1.533573157728724709e+03	2.109841950285538670e-01	1.346422073569662203e-01	2.760966176911947012e-01	1.726890504444836827e-01	8.109708877448063014e-02	3.527144763871101901e-02	8.921939306538863301e-02
1.538410927942380113e+03	2.105397327839564903e-01	1.343364435327776829e-01	2.763802098145330954e-01	1.728881451501439181e-01	8.118183494310853010e-02	3.533055508792391775e-02	8.934307868733516733e-02
1.543248698156035516e+03	2.100978349943665446e-01	1.340323241190277404e-01	2.766622012019693821e-01	1.730860789202885719e-01	8.126612393122814582e-02	3.538938463831448750e-02	8.946605219458392266e-02
1.548086468369690692e+03	2.096584866637461742e-01	1.337298404079018121e-01	2.769426014356980437e-01	1.732828584014670104e-01	8.134995813543106913e-02	3.544793717189981958e-02	8.958831778363489373e-02
1.552924238583346096e+03	2.092216728860538111e-01	1.334289837362822861e-01	2.772214200276867935e-01	1.734784902076356439e-01	8.143333994115913022e-02	3.550621357513132625e-02	8.970987962582983866e-02
1.557762008797001272e+03	2.087873788446669154e-01	1.331297454855401019e-01	2.774986664204733278e-01	1.736729809201738584e-01	8.151627172272378485e-02	3.556421473872568850e-02	8.983074186747505574e-02
1.562599779010656675e+03	2.083555898118091554e-01	1.328321170813270280e-01	2.777743499879484212e-01	1.738663370879036385e-01	8.159875584332605680e-02	3.562194155749920377e-02	8.995090862996521497e-02
1.567437549224311852e+03	2.079262911479819731e-01	1.325360899933683001e-01	2.780484800361240905e-01	1.740585652271129380e-01	8.168079465507750714e-02	3.567939493020546443e-02	9.007038400990834137e-02
1.572275319437967255e+03	2.074994683014004804e-01	1.322416557352561750e-01	2.783210658038892116e-01	1.742496718215826856e-01	8.176239049902189748e-02	3.573657575937638081e-02	9.018917207925179758e-02
1.577113089651622431e+03	2.070751068074336843e-01	1.319488058642435957e-01	2.785921164637507053e-01	1.744396633226174831e-01	8.184354570515764427e-02	3.579348495116638218e-02	9.030727688540911291e-02
1.581950859865277607e+03	2.066531922880490146e-01	1.316575319810389666e-01	2.788616411225626757e-01	1.746285461490793833e-01	8.192426259246105014e-02	3.585012341519980966e-02	9.042470245138760354e-02
1.586788630078933011e+03	2.062337104512609320e-01	1.313678257296011231e-01	2.791296488222424488e-01	1.748163266874255550e-01	8.200454346891014601e-02	3.590649206442141778e-02	9.054145277591685304e-02
1.591626400292587959e+03	2.058166470905838652e-01	1.310796787969350508e-01	2.793961485404738432e-01	1.750030112917487779e-01	8.208439063150931025e-02	3.596259181494988744e-02	9.065753183357772027e-02
1.596464170506243590e+03	2.054019880844890622e-01	1.307930829128882699e-01	2.796611491913986725e-01	1.751886062838214630e-01	8.216380636631458179e-02	3.601842358593436433e-02	9.077294357493199961e-02
1.601301940719898766e+03	2.049897193958656605e-01	1.305080298499478042e-01	2.799246596262965348e-01	1.753731179531423934e-01	8.224279294845952826e-02	3.607398829941389079e-02	9.088769192665260843e-02
1.606139710933553943e+03	2.045798270714857814e-01	1.302245114230376755e-01	2.801866886342523344e-01	1.755565525569869334e-01	8.232135264218178039e-02	3.612928688017973122e-02	9.100178079165413547e-02
1.610977481147209119e+03	2.041722972414735382e-01	1.299425194893170932e-01	2.804472449428132008e-01	1.757389163204598481e-01	8.239948770085019081e-02	3.618432025564050081e-02	9.111521404922397205e-02
1.615815251360864750e+03	2.037671161187780133e-01	1.296620459479794207e-01	2.807063372186336392e-01	1.759202154365511195e-01	8.247720036699256185e-02	3.623908935569006284e-02	9.122799555515345715e-02
1.620653021574519926e+03	2.033642699986501490e-01	1.293830827400514749e-01	2.809639740681103004e-01	1.761004560661945384e-01	8.255449287232391464e-02	3.629359511257811838e-02	9.134012914186964704e-02
1.625490791788175102e+03	2.029637452581235513e-01	1.291056218481937967e-01	2.812201640380059819e-01	1.762796443383289613e-01	8.263136743777529936e-02	3.634783846078349506e-02	9.145161861856704322e-02
1.630328562001830505e+03	2.025655283554989583e-01	1.288296552965012554e-01	2.814749156160629706e-01	1.764577863499621757e-01	8.270782627352317451e-02	3.640182033688996871e-02	9.156246777133957016e-02
1.635166332215485909e+03	2.021696058298325938e-01	1.285551751503046236e-01	2.817282372316068373e-01	1.766348881662374026e-01	8.278387157901924420e-02	3.645554167946472163e-02	9.167268036331266412e-02
1.640004102429141085e+03	2.017759643004283510e-01	1.282821735159725141e-01	2.819801372561395736e-01	1.768109558205021581e-01	8.285950554302079496e-02	3.650900342893923650e-02	9.178226013477545908e-02
1.644841872642796488e+03	2.013845904663334463e-01	1.280106425407142035e-01	2.822306240039236247e-01	1.769859953143796127e-01	8.293473034362150442e-02	3.656220652749272298e-02	9.189121080331294489e-02
1.649679642856451665e+03	2.009954711058379861e-01	1.277405744123830400e-01	2.824797057325560412e-01	1.771600126178422552e-01	8.300954814828266637e-02	3.661515191893787574e-02	9.199953606393809769e-02
1.654517413070107068e+03	2.006085930759779756e-01	1.274719613592805167e-01	2.827273906435335826e-01	1.773330136692878589e-01	8.308396111386497085e-02	3.666784054860905417e-02	9.210723958922399646e-02
1.659355183283762244e+03	2.002239433120419632e-01	1.272047956499609833e-01	2.829736868828084395e-01	1.775050043756175311e-01	8.315797138666047861e-02	3.672027336325278668e-02	9.221432502943578691e-02
1.664192953497417420e+03	1.998415088270813766e-01	1.269390695930370516e-01	2.832186025413354069e-01	1.776759906123159538e-01	8.323158110242523389e-02	3.677245131092050923e-02	9.232079601266249269e-02
1.669030723711072824e+03	1.994612767114241070e-01	1.266747755369858619e-01	2.834621456556097874e-01	1.778459782235337072e-01	8.330479238641211315e-02	3.682437534086354519e-02	9.242665614494877113e-02
1.673868493924728000e+03	1.990832341321919219e-01	1.264119058699557652e-01	2.837043242081978556e-01	1.780149730221716464e-01	8.337760735340409013e-02	3.687604640343034035e-02	9.253190901042630812e-02
1.678706264138383403e+03	1.987073683328209883e-01	1.261504530195737550e-01	2.839451461282574418e-01	1.781829807899669715e-01	8.345002810774790336e-02	3.692746544996577257e-02	9.263655817144507421e-02
1.683544034352038352e+03	1.983336666325860032e-01	1.258904094527538153e-01	2.841846192920517988e-01	1.783500072775815182e-01	8.352205674338793184e-02	3.697863343271257791e-02	9.274060716870423382e-02
1.688381804565693983e+03	1.979621164261277655e-01	1.256317676755056290e-01	2.844227515234545867e-01	1.785160582046915745e-01	8.359369534390054257e-02	3.702955130471492079e-02	9.284405952138284623e-02
1.693219574779349159e+03	1.975927051829838299e-01	1.253745202327442854e-01	2.846595505944473636e-01	1.786811392600795856e-01	8.366494598252867398e-02	3.708022001972387932e-02	9.294691872727020576e-02
1.698057344993004335e+03	1.972254204471229622e-01	1.251186597081004603e-01	2.848950242256093057e-01	1.788452561017275233e-01	8.373581072221675248e-02	3.713064053210503312e-02	9.304918826289577949e-02
1.702895115206659511e+03	1.968602498364820930e-01	1.248641787237314282e-01	2.851291800865997095e-01	1.790084143569118658e-01	8.380629161564587259e-02	3.718081379674791076e-02	9.315087158365885356e-02
1.707732885420315142e+03	1.964971810425075183e-01	1.246110699401327682e-01	2.853620257966328344e-01	1.791706196223002145e-01	8.387639070526926866e-02	3.723074076897743556e-02	9.325197212395769375e-02
1.712570655633970318e+03	1.961362018296984033e-01	1.243593260559507085e-01	2.855935689249456400e-01	1.793318774640493551e-01	8.394611002334803618e-02	3.728042240446718253e-02	9.335249329731840073e-02
1.717408425847625494e+03	1.957773000351541726e-01	1.241089398077952211e-01	2.858238169912585280e-01	1.794921934179049272e-01	8.401545159198713086e-02	3.732985965915452953e-02	9.345243849652326573e-02
1.722246196061280898e+03	1.954204635681246194e-01	1.238599039700538362e-01	2.860527774662292022e-01	1.796515729893023161e-01	8.408441742317156187e-02	3.737905348915761261e-02	9.355181109373858495e-02
1.727083966274936301e+03	1.950656804095634300e-01	1.236122113547062085e-01	2.862804577718999766e-01	1.798100216534690987e-01	8.415300951880279323e-02	3.742800485069402300e-02	9.365061444064216867e-02
1.731921736488591478e+03	1.947129386116845662e-01	1.233658548111392778e-01	2.865068652821380346e-01	1.799675448555287105e-01	8.422122987073552003e-02	3.747671470000130123e-02	9.374885186855021202e-02
1.736759506702246881e+03	1.943622262975219228e-01	1.231208272259633058e-01	2.867320073230696376e-01	1.801241480106054171e-01	8.428908046081447225e-02	3.752518399325908971e-02	9.384652668854379098e-02
1.741597276915902057e+03	1.940135316604919558e-01	1.228771215228284530e-01	2.869558911735076157e-01	1.802798365039305073e-01	8.435656326091144075e-02	3.757341368651300612e-02	9.394364219159466456e-02
1.746435047129557461e+03	1.936668429639593347e-01	1.226347306622421890e-01	2.871785240653731419e-01	1.804346156909495402e-01	8.442368023296260848e-02	3.762140473560013354e-02	9.404020164869071607e-02
1.751272817343212637e+03	1.933221485408055940e-01	1.223936476413874652e-01	2.873999131841109000e-01	1.805884908974309255e-01	8.449043332900590952e-02	3.766915809607614823e-02	9.413620831096070063e-02
1.756110587556867813e+03	1.929794367930007248e-01	1.221538654939414714e-01	2.876200656690987567e-01	1.807414674195754745e-01	8.455682449121865174e-02	3.771667472314400860e-02	9.423166540979853456e-02
1.760948357770523216e+03	1.926386961911777940e-01	1.219153772898951826e-01	2.878389886140511611e-01	1.808935505241270336e-01	8.462285565195525050e-02	3.776395557158423316e-02	9.432657615698693265e-02
1.765786127984178393e+03	1.922999152742103368e-01	1.216781761353736696e-01	2.880566890674172154e-01	1.810447454484839236e-01	8.468852873378514279e-02	3.781100159568669128e-02	9.442094374482053187e-02
1.770623898197833569e+03	1.919630826487927766e-01	1.214422551724571170e-01	2.882731740327728609e-01	1.811950574008116821e-01	8.475384564953081235e-02	3.785781374918387870e-02	9.451477134622834897e-02
1.775461668411488745e+03	1.916281869890234801e-01	1.212076075790024521e-01	2.884884504692077911e-01	1.813444915601564178e-01	8.481880830230593971e-02	3.790439298518565731e-02	9.460806211489571071e-02
1.780299438625144376e+03	1.912952170359910886e-01	1.209742265684658619e-01	2.887025252917067020e-01	1.814930530765590799e-01	8.488341858555369102e-02	3.795074025611551438e-02	9.470081918538546251e-02
1.785137208838799552e+03	1.909641615973630691e-01	1.207421053897259483e-01	2.889154053715256576e-01	1.816407470711707550e-01	8.494767838308511787e-02	3.799685651364811262e-02	9.479304567325867736e-02
1.789974979052454728e+03	1.906350095469776518e-01	1.205112373269076192e-01	2.891270975365628493e-01	1.817875786363685464e-01	8.501158956911769593e-02	3.804274270864833885e-02	9.488474467519467104e-02
1.794812749266109904e+03	1.903077498244379606e-01	1.202816156992066871e-01	2.893376085717245250e-01	1.819335528358723142e-01	8.507515400831387742e-02	3.808839979111165036e-02	9.497591926911037874e-02
1.799650519479765535e+03	1.899823714347093906e-01	1.200532338607152444e-01	2.895469452192859783e-01	1.820786747048620258e-01	8.513837355581978239e-02	3.813382871010579517e-02	9.506657251427912125e-02
1.804488289693420711e+03	1.896588634477193447e-01	1.198260852002477755e-01	2.897551141792477081e-01	1.822229492500959946e-01	8.520125005730401491e-02	3.817903041371385753e-02	9.515670745144870490e-02
1.809326059907075887e+03	1.893372149979598018e-01	1.196001631411678368e-01	2.899621221096863599e-01	1.823663814500295632e-01	8.526378534899646533e-02	3.822400584897853865e-02	9.524632710295882765e-02
1.814163830120731291e+03	1.890174152840925492e-01	1.193754611412157218e-01	2.901679756271016708e-01	1.825089762549344519e-01	8.532598125772725139e-02	3.826875596184772799e-02	9.533543447285794392e-02
1.819001600334386467e+03	1.886994535685571350e-01	1.191519726923366274e-01	2.903726813067583068e-01	1.826507385870188294e-01	8.538783960096571479e-02	3.831328169712135134e-02	9.542403254701935233e-02
1.823839370548041643e+03	1.883833191771811522e-01	1.189296913205096506e-01	2.905762456830234264e-01	1.827916733405476613e-01	8.544936218685941776e-02	3.835758399839937771e-02	9.551212429325667275e-02
1.828677140761696819e+03	1.880690014987935199e-01	1.187086105855774953e-01	2.907786752496995253e-01	1.829317853819638073e-01	8.551055081427326454e-02	3.840166380803108903e-02	9.559971266143868496e-02
1.833514910975352450e+03	1.877564899848400415e-01	1.184887240810769404e-01	2.909799764603533401e-01	1.830710795500095078e-01	8.557140727282860904e-02	3.844552206706543934e-02	9.568680058360340412e-02
1.838352681189008081e+03	1.874457741490017648e-01	1.182700254340699197e-01	2.911801557286405884e-01	1.832095606558484246e-01	8.563193334294240400e-02	3.848915971520267681e-02	9.577339097407155943e-02
1.843190451402663257e+03	1.871368435668155084e-01	1.180525083049754481e-01	2.913792194286256576e-01	1.833472334831878769e-01	8.569213079586641968e-02	3.853257769074694417e-02	9.585948672955940664e-02
1.848028221616318433e+03	1.868296878752973567e-01	1.178361663874022552e-01	2.915771738950985181e-01	1.834841027884017151e-01	8.575200139372646246e-02	3.857577693056016277e-02	9.594509072929081894e-02
1.852865991829973609e+03	1.865242967725683765e-01	1.176209934079820302e-01	2.917740254238863074e-01	1.836201733006534442e-01	8.581154688956159349e-02	3.861875837001686046e-02	9.603020583510869790e-02
1.857703762043628785e+03	1.862206600174827476e-01	1.174069831262034985e-01	2.919697802721620272e-01	1.837554497220196537e-01	8.587076902736340278e-02	3.866152294296017200e-02	9.611483489158571814e-02
1.862541532257283961e+03	1.859187674292586412e-01	1.171941293342472629e-01	2.921644446587488009e-01	1.838899367276139174e-01	8.592966954211528341e-02	3.870407158165879019e-02	9.619898072613447537e-02
1.867379302470939592e+03	1.856186088871112361e-01	1.169824258568212261e-01	2.923580247644204655e-01	1.840236389657108340e-01	8.598825015983166398e-02	3.874640521676504801e-02	9.628264614911674624e-02
1.872217072684594768e+03	1.853201743298882320e-01	1.167718665509967918e-01	2.925505267321983349e-01	1.841565610578703160e-01	8.604651259759725501e-02	3.878852477727394443e-02	9.636583395395233176e-02
1.877054842898249490e+03	1.850234537557078340e-01	1.165624453060458698e-01	2.927419566676446872e-01	1.842887075990621848e-01	8.610445856360639250e-02	3.883043119048316949e-02	9.644854691722698492e-02
1.881892613111905121e+03	1.847284372215991510e-01	1.163541560432784366e-01	2.929323206391522549e-01	1.844200831577911259e-01	8.616208975720220098e-02	3.887212538195411460e-02	9.653078779879979698e-02
1.886730383325560297e+03	1.844351148431447318e-01	1.161469927158809839e-01	2.931216246782303858e-01	1.845506922762213953e-01	8.621940786891589548e-02	3.891360827547384743e-02	9.661255934190987604e-02
1.891568153539215928e+03	1.841434767941256267e-01	1.159409493087555504e-01	2.933098747797874828e-01	1.846805394703022185e-01	8.627641458050591683e-02	3.895488079301800272e-02	9.669386427328233169e-02
1.896405923752871104e+03	1.838535133061686977e-01	1.157360198383595301e-01	2.934970769024105586e-01	1.848096292298929411e-01	8.633311156499720584e-02	3.899594385471460978e-02	9.677470530323355191e-02
1.901243693966526507e+03	1.835652146683962038e-01	1.155321983525462032e-01	2.936832369686411814e-01	1.849379660188884833e-01	8.638950048672029702e-02	3.903679837880879439e-02	9.685508512577591100e-02
1.906081464180181683e+03	1.832785712270778578e-01	1.153294789304059320e-01	2.938683608652478685e-01	1.850655542753448790e-01	8.644558300135050943e-02	3.907744528162840347e-02	9.693500641872163093e-02
1.910919234393836859e+03	1.829935733852847135e-01	1.151278556821081350e-01	2.940524544434957588e-01	1.851923984116048139e-01	8.650136075594698493e-02	3.911788547755048334e-02	9.701447184378614308e-02
1.915757004607492036e+03	1.827102116025458856e-01	1.149273227487439125e-01	2.942355235194127894e-01	1.853185028144233581e-01	8.655683538899179574e-02	3.915811987896861135e-02	9.709348404669064514e-02
1.920594774821147894e+03	1.824284763945069610e-01	1.147278743021694081e-01	2.944175738740529846e-01	1.854438718450935608e-01	8.661200853042891334e-02	3.919814939626104638e-02	9.717204565726407506e-02
1.925432545034802843e+03	1.821483583325910205e-01	1.145295045448498639e-01	2.945986112537565260e-01	1.855685098395722654e-01	8.666688180170320499e-02	3.923797493775975365e-02	9.725015928954437727e-02
1.930270315248458019e+03	1.818698480436614917e-01	1.143322077097043837e-01	2.947786413704068242e-01	1.856924211086057042e-01	8.672145681579930543e-02	3.927759740972017882e-02	9.732782754187907504e-02
1.935108085462113195e+03	1.815929362096875277e-01	1.141359780599514456e-01	2.949576699016850378e-01	1.858156099378553139e-01	8.677573517728054409e-02	3.931701771629183412e-02	9.740505299702527375e-02
1.939945855675768371e+03	1.813176135674113010e-01	1.139408098889550386e-01	2.951357024913210392e-01	1.859380805880234133e-01	8.682971848232770573e-02	3.935623675948968225e-02	9.748183822224887329e-02
1.944783625889424002e+03	1.810438709080175457e-01	1.137466975200715769e-01	2.953127447493420488e-01	1.860598372949786583e-01	8.688340831877774950e-02	3.939525543916623518e-02	9.755818576942322518e-02
1.949621396103079178e+03	1.807716990768052645e-01	1.135536353064974247e-01	2.954888022523184943e-01	1.861808842698817190e-01	8.693680626616254181e-02	3.943407465298448544e-02	9.763409817512708200e-02
1.954459166316734354e+03	1.805010889728614065e-01	1.133616176311172119e-01	2.956638805436067607e-01	1.863012256993107629e-01	8.698991389574745048e-02	3.947269529639146207e-02	9.770957796074189461e-02
1.959296936530389530e+03	1.802320315487367375e-01	1.131706389063528440e-01	2.958379851335895538e-01	1.864208657453867990e-01	8.704273277056989722e-02	3.951111826259259135e-02	9.778462763254848478e-02
1.964134706744044706e+03	1.799645178101238197e-01	1.129806935740130663e-01	2.960111214999134877e-01	1.865398085458988275e-01	8.709526444547782686e-02	3.954934444252673764e-02	9.785924968182306560e-02
1.968972476957700337e+03	1.796985388155368790e-01	1.127917761051439038e-01	2.961832950877243409e-01	1.866580582144291012e-01	8.714751046716810723e-02	3.958737472484193110e-02	9.793344658493255417e-02
1.973810247171355968e+03	1.794340856759940317e-01	1.126038809998797102e-01	2.963545113098990380e-01	1.867756188404780249e-01	8.719947237422481789e-02	3.962520999587178933e-02	9.800722080342934295e-02
1.978648017385010689e+03	1.791711495547012034e-01	1.124170027872948840e-01	2.965247755472761315e-01	1.868924944895890283e-01	8.725115169715753904e-02	3.966285113961258435e-02	9.808057478414533570e-02
1.983485787598666320e+03	1.789097216667382695e-01	1.122311360252562923e-01	2.966940931488829536e-01	1.870086892034731330e-01	8.730254995843950150e-02	3.970029903770102425e-02	9.815351095928545599e-02
1.988323557812321269e+03	1.786497932787471654e-01	1.120462753002764295e-01	2.968624694321608803e-01	1.871242070001335189e-01	8.735366867254568124e-02	3.973755456939258301e-02	9.822603174652037861e-02
1.993161328025976900e+03	1.783913557086219126e-01	1.118624152273671735e-01	2.970299096831877650e-01	1.872390518739897036e-01	8.740450934599072741e-02	3.977461861154057282e-02	9.829813954907877516e-02
1.997999098239632076e+03	1.781344003252006980e-01	1.116795504498942632e-01	2.971964191568985947e-01	1.873532277960016923e-01	8.745507347736689030e-02	3.981149203857573676e-02	9.836983675583881037e-02
2.002836868453287707e+03	1.778789185479598967e-01	1.114976756394324836e-01	2.973620030773029832e-01	1.874667387137937125e-01	8.750536255738189384e-02	3.984817572248653544e-02	9.844112574141918037e-02
2.007674638666942428e+03	1.776249018467099539e-01	1.113167854956215175e-01	2.975266666377014979e-01	1.875795885517779205e-01	8.755537806889655827e-02	3.988467053279994706e-02	9.851200886626929054e-02
2.012512408880597604e+03	1.773723417412932934e-01	1.111368747460224488e-01	2.976904150008988226e-01	1.876917812112776363e-01	8.760512148696246448e-02	3.992097733656292669e-02	9.858248847675905868e-02
2.017350179094252780e+03	1.771212298012841413e-01	1.109579381459749048e-01	2.978532532994151438e-01	1.878033205706505782e-01	8.765459427885947952e-02	3.995709699832439982e-02	9.865256690526799654e-02
2.022187949307908411e+03	1.768715576456900973e-01	1.107799704784550171e-01	2.980151866356952062e-01	1.879142104854116258e-01	8.770379790413318499e-02	3.999303038011783190e-02	9.872224647027361133e-02
2.027025719521564042e+03	1.766233169426559002e-01	1.106029665539338680e-01	2.981762200823154796e-01	1.880244547883554163e-01	8.775273381463216671e-02	4.002877834144435293e-02	9.879152947643937699e-02
2.031863489735218764e+03	1.763764994091686911e-01	1.104269212102367004e-01	2.983363586821889402e-01	1.881340572896785801e-01	8.780140345454527651e-02	4.006434173925641634e-02	9.886041821470197000e-02
2.036701259948874394e+03	1.761310968107653585e-01	1.102518293124028353e-01	2.984956074487679079e-01	1.882430217771017822e-01	8.784980826043874147e-02	4.009972142794201305e-02	9.892891496235792226e-02
2.041539030162529116e+03	1.758871009612417990e-01	1.100776857525461311e-01	2.986539713662451079e-01	1.883513520159912913e-01	8.789794966129313436e-02	4.013491825930937812e-02	9.899702198314973278e-02
2.046376800376184747e+03	1.756445037223637318e-01	1.099044854497162743e-01	2.988114553897522341e-01	1.884590517494804385e-01	8.794582907854033016e-02	4.016993308257221784e-02	9.906474152735135486e-02
2.051214570589840150e+03	1.754032970035795946e-01	1.097322233497605437e-01	2.989680644455569580e-01	1.885661246985906037e-01	8.799344792610026833e-02	4.020476674433548503e-02	9.913207583185311422e-02
2.056052340803495554e+03	1.751634727617351894e-01	1.095608944251863365e-01	2.991238034312577732e-01	1.886725745623519246e-01	8.804080761041767345e-02	4.023942008858156366e-02	9.919902712024604441e-02
2.060890111017150957e+03	1.749250230007899920e-01	1.093904936750243334e-01	2.992786772159772291e-01	1.887784050179237005e-01	8.808790953049859540e-02	4.027389395665702948e-02	9.926559760290561141e-02
2.065727881230805451e+03	1.746879397715353222e-01	1.092210161246923578e-01	2.994326906405528899e-01	1.888836197207143519e-01	8.813475507794682473e-02	4.030818918725981304e-02	9.933178947707491102e-02
2.070565651444461309e+03	1.744522151713143732e-01	1.090524568258598170e-01	2.995858485177266273e-01	1.889882223045011023e-01	8.818134563700036344e-02	4.034230661642688315e-02	9.939760492694725558e-02
2.075403421658116713e+03	1.742178413437438789e-01	1.088848108563127831e-01	2.997381556323323593e-01	1.890922163815493273e-01	8.822768258456753498e-02	4.037624707752233977e-02	9.946304612374823328e-02
2.080241191871772116e+03	1.739848104784374738e-01	1.087180733198198357e-01	2.998896167414814573e-01	1.891956055427313765e-01	8.827376729026314983e-02	4.041001140122601337e-02	9.952811522581714310e-02
2.085078962085427065e+03	1.737531148107309686e-01	1.085522393459983775e-01	3.000402365747468214e-01	1.892983933576452560e-01	8.831960111644449052e-02	4.044360041552245294e-02	9.959281437868798548e-02
2.089916732299082469e+03	1.735227466214092629e-01	1.083873040901817825e-01	3.001900198343454007e-01	1.894005833747326728e-01	8.836518541824719963e-02	4.047701494569033720e-02	9.965714571516975928e-02
2.094754502512737417e+03	1.732936982364347567e-01	1.082232627332870151e-01	3.003389711953181052e-01	1.895021791213969131e-01	8.841052154362101512e-02	4.051025581429242017e-02	9.972111135542625904e-02
2.099592272726392821e+03	1.730659620266777887e-01	1.080601104816829583e-01	3.004870953057089955e-01	1.896031841041201649e-01	8.845561083336542230e-02	4.054332384116571264e-02	9.978471340705540038e-02
2.104430042940048224e+03	1.728395304076486005e-01	1.078978425670594071e-01	3.006343967867424749e-01	1.897036018085806186e-01	8.850045462116513939e-02	4.057621984341225341e-02	9.984795396516794874e-02
2.109267813153704083e+03	1.726143958392309941e-01	1.077364542462966729e-01	3.007808802329986486e-01	1.898034356997688465e-01	8.854505423362551975e-02	4.060894463539014426e-02	9.991083511246558191e-02
2.114105583367359031e+03	1.723905508254174879e-01	1.075759408013357982e-01	3.009265502125874070e-01	1.899026892221041263e-01	8.858941099030785693e-02	4.064149902870505676e-02	9.997335891931864726e-02
2.118943353581013525e+03	1.721679879140464164e-01	1.074162975390493546e-01	3.010714112673205656e-01	1.900013657995501537e-01	8.863352620376446778e-02	4.067388383220209291e-02	1.000355274438432668e-01
2.123781123794669384e+03	1.719466996965403893e-01	1.072575197911130596e-01	3.012154679128828949e-01	1.900994688357303397e-01	8.867740117957371992e-02	4.070609985195803443e-02	1.000973427319778591e-01
2.128618894008324787e+03	1.717266788076466377e-01	1.070996029138776978e-01	3.013587246390011520e-01	1.901970017140427460e-01	8.872103721637494833e-02	4.073814789127393893e-02	1.001588068175592455e-01
2.133456664221980191e+03	1.715079179251785824e-01	1.069425422882420151e-01	3.015011859096117797e-01	1.902939677977744659e-01	8.876443560590319137e-02	4.077002875066815246e-02	1.002199217223981864e-01
2.138294434435635139e+03	1.712904097697595385e-01	1.067863333195259723e-01	3.016428561630272731e-01	1.903903704302157829e-01	8.880759763302382981e-02	4.080174322786959962e-02	1.002806894563543633e-01
2.143132204649290543e+03	1.710741471045675310e-01	1.066309714373447348e-01	3.017837398121007708e-01	1.904862129347737187e-01	8.885052457576711471e-02	4.083329211781151075e-02	1.003411120174109716e-01
2.147969974862945492e+03	1.708591227350819419e-01	1.064764520954832178e-01	3.019238412443895347e-01	1.905814986150850820e-01	8.889321770536248724e-02	4.086467621262541983e-02	1.004011913917486065e-01
2.152807745076601350e+03	1.706453295088316835e-01	1.063227707717713244e-01	3.020631648223167098e-01	1.906762307551293223e-01	8.893567828627289840e-02	4.089589630163553008e-02	1.004609295538188563e-01
2.157645515290255844e+03	1.704327603151449266e-01	1.061699229679596984e-01	3.022017148833315847e-01	1.907704126193406347e-01	8.897790757622885127e-02	4.092695317135343347e-02	1.005203284664172442e-01
2.162483285503912157e+03	1.702214080849001610e-01	1.060179042095961560e-01	3.023394957400689087e-01	1.908640474527198427e-01	8.901990682626247098e-02	4.095784760547308695e-02	1.005793900807557401e-01
2.167321055717567106e+03	1.700112657902792535e-01	1.058667100459027011e-01	3.024765116805065990e-01	1.909571384809456429e-01	8.906167728074126932e-02	4.098858038486618421e-02	1.006381163365347442e-01
2.172158825931222509e+03	1.698023264445216729e-01	1.057163360496530813e-01	3.026127669681217269e-01	1.910496889104855989e-01	8.910322017740195111e-02	4.101915228757776338e-02	1.006965091620146135e-01
2.176996596144877003e+03	1.695945831016802685e-01	1.055667778170510662e-01	3.027482658420457828e-01	1.911417019287064423e-01	8.914453674738394284e-02	4.104956408882217550e-02	1.007545704740866882e-01
2.181834366358532861e+03	1.693880288563786585e-01	1.054180309676092248e-01	3.028830125172183307e-01	1.912331807039840403e-01	8.918562821526289375e-02	4.107981656097934448e-02	1.008123021783437906e-01
2.186672136572187810e+03	1.691826568435701172e-01	1.052700911440283826e-01	3.030170111845392200e-01	1.913241283858128916e-01	8.922649579908396855e-02	4.110991047359126987e-02	1.008697061691503499e-01
2.191509906785843214e+03	1.689784602382978229e-01	1.051229540120774963e-01	3.031502660110199088e-01	1.914145481049150666e-01	8.926714071039509868e-02	4.113984659335887667e-02	1.009267843297119160e-01
2.196347676999498617e+03	1.687754322554566588e-01	1.049766152604744152e-01	3.032827811399329554e-01	1.915044429733487319e-01	8.930756415427992811e-02	4.116962568413914253e-02	1.009835385321443263e-01
2.201185447213154021e+03	1.685735661495564863e-01	1.048310706007668652e-01	3.034145606909608994e-01	1.915938160846162586e-01	8.934776732939084254e-02	4.119924850694243329e-02	1.010399706375422757e-01
2.206023217426809424e+03	1.683728552144869162e-01	1.046863157672143635e-01	3.035456087603434772e-01	1.916826705137717191e-01	8.938775142798174866e-02	4.122871581993019230e-02	1.010960824960475957e-01
2.210860987640464373e+03	1.681732927832834401e-01	1.045423465166705063e-01	3.036759294210236160e-01	1.917710093175279407e-01	8.942751763594067316e-02	4.125802837841286569e-02	1.011518759469168804e-01
2.215698757854119776e+03	1.679748722278949780e-01	1.043991586284659101e-01	3.038055267227927070e-01	1.918588355343631702e-01	8.946706713282234769e-02	4.128718693484807051e-02	1.012073528185887389e-01
2.220536528067775180e+03	1.677775869589529789e-01	1.042567479042916662e-01	3.039344046924338238e-01	1.919461521846271834e-01	8.950640109188054416e-02	4.131619223883901265e-02	1.012625149287506715e-01
2.225374298281430583e+03	1.675814304255417719e-01	1.041151101680834745e-01	3.040625673338648305e-01	1.920329622706468398e-01	8.954552068010038224e-02	4.134504503713318929e-02	1.013173640844053230e-01
2.230212068495085077e+03	1.673863961149705260e-01	1.039742412659063198e-01	3.041900186282794905e-01	1.921192687768312479e-01	8.958442705823040086e-02	4.137374607362132722e-02	1.013719020819364575e-01
2.235049838708740936e+03	1.671924775525464590e-01	1.038341370658396740e-01	3.043167625342877436e-01	1.922050746697764878e-01	8.962312138081457435e-02	4.140229608933651551e-02	1.014261307071743917e-01
2.239887608922396339e+03	1.669996683013493799e-01	1.036947934578632269e-01	3.044428029880548725e-01	1.922903828983696106e-01	8.966160479622412027e-02	4.143069582245365035e-02	1.014800517354609577e-01
2.244725379136052197e+03	1.668079619620078669e-01	1.035562063537433380e-01	3.045681439034397253e-01	1.923751963938924170e-01	8.969987844668922405e-02	4.145894600828903265e-02	1.015336669317141727e-01
2.249563149349706237e+03	1.666173521724765572e-01	1.034183716869199188e-01	3.046927891721314952e-01	1.924595180701246244e-01	8.973794346833065261e-02	4.148704737930024311e-02	1.015869780504922715e-01
2.254400919563362095e+03	1.664278326078149073e-01	1.032812854123939389e-01	3.048167426637855559e-01	1.925433508234464519e-01	8.977580099119114587e-02	4.151500066508622550e-02	1.016399868360574887e-01
2.259238689777017044e+03	1.662393969799672022e-01	1.031449435066154885e-01	3.049400082261583544e-01	1.926266975329409825e-01	8.981345213926673898e-02	4.154280659238756418e-02	1.016926950224393278e-01
2.264076459990672902e+03	1.660520390375442024e-01	1.030093419673722976e-01	3.050625896852412478e-01	1.927095610604955545e-01	8.985089803053791790e-02	4.157046588508701845e-02	1.017451043334973854e-01
