1.001418434226643626e+03	2.795047186391416694e-01	1.813276564103910304e-01	2.349128425892053618e-01	1.409302348337038158e-01	6.774956456033727481e-02	2.651108534529842201e-02	6.906389762170131452e-02
1.002869765290740247e+03	2.792480175673789922e-01	1.811656654822065560e-01	2.350935391641554850e-01	1.410355086061978458e-01	6.778978112580526239e-02	2.653512966322349453e-02	6.913235839081134648e-02
1.004321096354836754e+03	2.789917577167387308e-01	1.810039404991684309e-01	2.352739109140148110e-01	1.411405974433023458e-01	6.782992085788172587e-02	2.655914938986745494e-02	6.920072317880554547e-02
1.005772427418933376e+03	2.787359383301230564e-01	1.808424810159319773e-01	2.354539584421616039e-01	1.412455017174052974e-01	6.786998392496844390e-02	2.658314452003140635e-02	6.926899204915723529e-02
1.007223758483029997e+03	2.784805586517450915e-01	1.806812865879166008e-01	2.356336823506902101e-01	1.413502217999671462e-01	6.790997049505823058e-02	2.660711504867786445e-02	6.933716506572386307e-02
1.008675089547126618e+03	2.782256179271266339e-01	1.805203567713045132e-01	2.358130832404142507e-01	1.414547580615237998e-01	6.794988073573597631e-02	2.663106097092996644e-02	6.940524229274390444e-02
1.010126420611223239e+03	2.779711154030955478e-01	1.803596911230392896e-01	2.359921617108703962e-01	1.415591108716895141e-01	6.798971481417975804e-02	2.665498228207070081e-02	6.947322379483379662e-02
1.011577751675319632e+03	2.777170503277838765e-01	1.801992892008246194e-01	2.361709183603216688e-01	1.416632805991600019e-01	6.802947289716194945e-02	2.667887897754211285e-02	6.954110963698481584e-02
1.013029082739416367e+03	2.774634219506251775e-01	1.800391505631226963e-01	2.363493537857609961e-01	1.417672676117152919e-01	6.806915515105026182e-02	2.670275105294453444e-02	6.960889988456012145e-02
1.014480413803512761e+03	2.772102295223523027e-01	1.798792747691531080e-01	2.365274685829146795e-01	1.418710722762226151e-01	6.810876174180885423e-02	2.672659850403581727e-02	6.967659460329164722e-02
1.015931744867609382e+03	2.769574722949954548e-01	1.797196613788911990e-01	2.367052633462458089e-01	1.419746949586394580e-01	6.814829283499941603e-02	2.675042132673055573e-02	6.974419385927714543e-02
1.017383075931706003e+03	2.767051495218791901e-01	1.795603099530669322e-01	2.368827386689577874e-01	1.420781360240163937e-01	6.818774859578223546e-02	2.677421951709932704e-02	6.981169771897718923e-02
1.018834406995802851e+03	2.764532604576206420e-01	1.794012200531633627e-01	2.370598951429976342e-01	1.421813958365000241e-01	6.822712918891726819e-02	2.679799307136791417e-02	6.987910624921217506e-02
1.020285738059899245e+03	2.762018043581273563e-01	1.792423912414153608e-01	2.372367333590595373e-01	1.422844747593357828e-01	6.826643477876517818e-02	2.682174198591655984e-02	6.994641951715936667e-02
1.021737069123995752e+03	2.759507804805944042e-01	1.790838230808081688e-01	2.374132539065880176e-01	1.423873731548709609e-01	6.830566552928846180e-02	2.684546625727920327e-02	7.001363759034998080e-02
1.023188400188092373e+03	2.757001880835026064e-01	1.789255151350761242e-01	2.375894573737816484e-01	1.424900913845573713e-01	6.834482160405248863e-02	2.686916588214272039e-02	7.008076053666625893e-02
1.024639731252188767e+03	2.754500264266160348e-01	1.787674669687012718e-01	2.377653443475962469e-01	1.425926298089544575e-01	6.838390316622652843e-02	2.689284085734618135e-02	7.014778842433849748e-02
1.026091062316285615e+03	2.752002947709800140e-01	1.786096781469119488e-01	2.379409154137481774e-01	1.426949887877319578e-01	6.842291037858483360e-02	2.691649117988009071e-02	7.021472132194227223e-02
1.027542393380382237e+03	2.749509923789184018e-01	1.784521482356815625e-01	2.381161711567178207e-01	1.427971686796727646e-01	6.846184340350770781e-02	2.694011684688564848e-02	7.028155929839542682e-02
1.028993724444478858e+03	2.747021185140317012e-01	1.782948768017271479e-01	2.382911121597528492e-01	1.428991698426758106e-01	6.850070240298251900e-02	2.696371785565401455e-02	7.034830242295531111e-02
1.030445055508575479e+03	2.744536724411946738e-01	1.781378634125079796e-01	2.384657390048716408e-01	1.430009926337587889e-01	6.853948753860478194e-02	2.698729420362554893e-02	7.041495076521589458e-02
1.031896386572671872e+03	2.742056534265540635e-01	1.779811076362243782e-01	2.386400522728665541e-01	1.431026374090610953e-01	6.857819897157917122e-02	2.701084588838909353e-02	7.048150439510496301e-02
1.033347717636768493e+03	2.739580607375263765e-01	1.778246090418162673e-01	2.388140525433071759e-01	1.432041045238464372e-01	6.861683686272057603e-02	2.703437290768122628e-02	7.054796338288128743e-02
1.034799048700865114e+03	2.737108936427956052e-01	1.776683671989617852e-01	2.389877403945436796e-01	1.433053943325058033e-01	6.865540137245519647e-02	2.705787525938554289e-02	7.061432779913180691e-02
1.036250379764961508e+03	2.734641514123108963e-01	1.775123816780760921e-01	2.391611164037100445e-01	1.434065071885600451e-01	6.869389266082143175e-02	2.708135294153190403e-02	7.068059771476893627e-02
1.037701710829058356e+03	2.732178333172847196e-01	1.773566520503099264e-01	2.393341811467274427e-01	1.435074434446627634e-01	6.873231088747107365e-02	2.710480595229574144e-02	7.074677320102769340e-02
1.039153041893154750e+03	2.729719386301900363e-01	1.772011778875483279e-01	2.395069351983074024e-01	1.436082034526030282e-01	6.877065621167025022e-02	2.712823428999730849e-02	7.081285432946300695e-02
1.040604372957251599e+03	2.727264666247585234e-01	1.770459587624092779e-01	2.396793791319550837e-01	1.437087875633081269e-01	6.880892879230043890e-02	2.715163795310097591e-02	7.087884117194698241e-02
1.042055704021347992e+03	2.724814165759780749e-01	1.768909942482424502e-01	2.398515135199724979e-01	1.438091961268461727e-01	6.884712878785954893e-02	2.717501694021451364e-02	7.094473380066619594e-02
1.043507035085444613e+03	2.722367877600908037e-01	1.767362839191277124e-01	2.400233389334616996e-01	1.439094294924289918e-01	6.888525635646289280e-02	2.719837125008835871e-02	7.101053228811894658e-02
1.044958366149541234e+03	2.719925794545907105e-01	1.765818273498740709e-01	2.401948559423281448e-01	1.440094880084147322e-01	6.892331165584424102e-02	2.722170088161494222e-02	7.107623670711261943e-02
1.046409697213637855e+03	2.717487909382214073e-01	1.764276241160181169e-01	2.403660651152836891e-01	1.441093720223105556e-01	6.896129484335680737e-02	2.724500583382793995e-02	7.114184713076097955e-02
1.047861028277734476e+03	2.715054214909740082e-01	1.762736737938228326e-01	2.405369670198499732e-01	1.442090818807753305e-01	6.899920607597423428e-02	2.726828610590158880e-02	7.120736363248154899e-02
1.049312359341831097e+03	2.712624703940849646e-01	1.761199759602762593e-01	2.407075622223614209e-01	1.443086179296223237e-01	6.903704551029167524e-02	2.729154169714998607e-02	7.127278628599291455e-02
1.050763690405927491e+03	2.710199369300336780e-01	1.759665301930901926e-01	2.408778512879685696e-01	1.444079805138218653e-01	6.907481330252676632e-02	2.731477260702637466e-02	7.133811516531216035e-02
1.052215021470024112e+03	2.707778203825404462e-01	1.758133360706989057e-01	2.410478347806411237e-01	1.445071699775039575e-01	6.911250960852059755e-02	2.733797883512245272e-02	7.140335034475221720e-02
1.053666352534120733e+03	2.705361200365641872e-01	1.756603931722577616e-01	2.412175132631710628e-01	1.446061866639609672e-01	6.915013458373876765e-02	2.736116038116769358e-02	7.146849189891929521e-02
1.055117683598217127e+03	2.702948351783004410e-01	1.755077010776419644e-01	2.413868872971758894e-01	1.447050309156501791e-01	6.918768838327232773e-02	2.738431724502862763e-02	7.153353990271028862e-02
1.056569014662313975e+03	2.700539650951789827e-01	1.753552593674453097e-01	2.415559574431017653e-01	1.448037030741965436e-01	6.922517116183882213e-02	2.740744942670817266e-02	7.159849443131016677e-02
1.058020345726410369e+03	2.698135090758616017e-01	1.752030676229788253e-01	2.417247242602264534e-01	1.449022034803951475e-01	6.926258307378321821e-02	2.743055692634494350e-02	7.166335556018950392e-02
1.059471676790506763e+03	2.695734664102401590e-01	1.750511254262694938e-01	2.418931883066626209e-01	1.450005324742139334e-01	6.929992427307898883e-02	2.745363974421256154e-02	7.172812336510189790e-02
1.060923007854603611e+03	2.693338363894343113e-01	1.748994323600589762e-01	2.420613501393608091e-01	1.450986903947962259e-01	6.933719491332898666e-02	2.747669788071898170e-02	7.179279792208143052e-02
1.062374338918700232e+03	2.690946183057891794e-01	1.747479880078023073e-01	2.422292103141124309e-01	1.451966775804632570e-01	6.937439514776651273e-02	2.749973133640581588e-02	7.185737930744021118e-02
1.063825669982796853e+03	2.688558114528734055e-01	1.745967919536666468e-01	2.423967693855530459e-01	1.452944943687168866e-01	6.941152512925627405e-02	2.752274011194765294e-02	7.192186759776579563e-02
1.065277001046893474e+03	2.686174151254768772e-01	1.744458437825299746e-01	2.425640279071653582e-01	1.453921410962420446e-01	6.944858501029534115e-02	2.754572420815138908e-02	7.198626286991879897e-02
1.066728332110990095e+03	2.683794286196085066e-01	1.742951430799797863e-01	2.427309864312821031e-01	1.454896180989093124e-01	6.948557494301413340e-02	2.756868362595554095e-02	7.205056520103039763e-02
1.068179663175086489e+03	2.681418512324943437e-01	1.741446894323118721e-01	2.428976455090893216e-01	1.455869257117774207e-01	6.952249507917737659e-02	2.759161836642961066e-02	7.211477466849987306e-02
1.069630994239183110e+03	2.679046822625751889e-01	1.739944824265289292e-01	2.430640056906291924e-01	1.456840642690959142e-01	6.955934557018510211e-02	2.761452843077339195e-02	7.217889134999212752e-02
1.071082325303279504e+03	2.676679210095044281e-01	1.738445216503394786e-01	2.432300675248031119e-01	1.457810341043075664e-01	6.959612656707356293e-02	2.763741382031632832e-02	7.224291532343536659e-02
1.072533656367376352e+03	2.674315667741460900e-01	1.736948066921565059e-01	2.433958315593747757e-01	1.458778355500508495e-01	6.963283822051628824e-02	2.766027453651683995e-02	7.230684666701858720e-02
1.073984987431472746e+03	2.671956188585724590e-01	1.735453371410961010e-01	2.435612983409730370e-01	1.459744689381625160e-01	6.966948068082494394e-02	2.768311058096167149e-02	7.237068545918924622e-02
1.075436318495569594e+03	2.669600765660621877e-01	1.733961125869763198e-01	2.437264684150949878e-01	1.460709345996800690e-01	6.970605409795031793e-02	2.770592195536523972e-02	7.243443177865083182e-02
1.076887649559666215e+03	2.667249392010979658e-01	1.732471326203159356e-01	2.438913423261089009e-01	1.461672328648442876e-01	6.974255862148331930e-02	2.772870866156898137e-02	7.249808570436054589e-02
1.078338980623762609e+03	2.664902060693645769e-01	1.730983968323330235e-01	2.440559206172572548e-01	1.462633640631015863e-01	6.977899440065588044e-02	2.775147070154070778e-02	7.256164731552690317e-02
1.079790311687859230e+03	2.662558764777466780e-01	1.729499048149438778e-01	2.442202038306594825e-01	1.463593285231065966e-01	6.981536158434191452e-02	2.777420807737394567e-02	7.262511669160742755e-02
1.081241642751955851e+03	2.660219497343265793e-01	1.728016561607617074e-01	2.443841925073151622e-01	1.464551265727245533e-01	6.985166032105830092e-02	2.779692079128730231e-02	7.268849391230629287e-02
1.082692973816052472e+03	2.657884251483824678e-01	1.726536504630953317e-01	2.445478871871068494e-01	1.465507585390337375e-01	6.988789075896574554e-02	2.781960884562383052e-02	7.275177905757200525e-02
1.084144304880149093e+03	2.655553020303857426e-01	1.725058873159479589e-01	2.447112884088029072e-01	1.466462247483279746e-01	6.992405304586983561e-02	2.784227224285037994e-02	7.281497220759515498e-02
1.085595635944245487e+03	2.653225796919995161e-01	1.723583663140159927e-01	2.448743967100605878e-01	1.467415255261189655e-01	6.996014732922187229e-02	2.786491098555696558e-02	7.287807344280607114e-02
1.087046967008342108e+03	2.650902574460761163e-01	1.722110870526877280e-01	2.450372126274288076e-01	1.468366611971387570e-01	6.999617375611986991e-02	2.788752507645612944e-02	7.294108284387257335e-02
1.088498298072438729e+03	2.648583346066550881e-01	1.720640491280421291e-01	2.451997366963511171e-01	1.469316320853422120e-01	7.003213247330947189e-02	2.791011451838231947e-02	7.300400049169769590e-02
1.089949629136535123e+03	2.646268104889610839e-01	1.719172521368476370e-01	2.453619694511684768e-01	1.470264385139092578e-01	7.006802362718485278e-02	2.793267931429124773e-02	7.306682646741745335e-02
1.091400960200631971e+03	2.643956844094019765e-01	1.717706956765608639e-01	2.455239114251222543e-01	1.471210808052473840e-01	7.010384736378968973e-02	2.795521946725927631e-02	7.312956085239862014e-02
1.092852291264728365e+03	2.641649556855664160e-01	1.716243793453253730e-01	2.456855631503569726e-01	1.472155592809939739e-01	7.013960382881807842e-02	2.797773498048278587e-02	7.319220372823646847e-02
1.094303622328825213e+03	2.639346236362220544e-01	1.714783027419704564e-01	2.458469251579233072e-01	1.473098742620187196e-01	7.017529316761542124e-02	2.800022585727755808e-02	7.325475517675257564e-02
1.095754953392921607e+03	2.637046875813132685e-01	1.713324654660099422e-01	2.460079979777807235e-01	1.474040260684259529e-01	7.021091552517938483e-02	2.802269210107816155e-02	7.331721527999263133e-02
1.097206284457018228e+03	2.634751468419592735e-01	1.711868671176409451e-01	2.461687821388005015e-01	1.474980150195570050e-01	7.024647104616080218e-02	2.804513371543732730e-02	7.337958412022428656e-02
1.098657615521114849e+03	2.632460007404517910e-01	1.710415072977426454e-01	2.463292781687684563e-01	1.475918414339925100e-01	7.028195987486458851e-02	2.806755070402533817e-02	7.344186177993489162e-02
1.100108946585211470e+03	2.630172486002531618e-01	1.708963856078750676e-01	2.464894865943877689e-01	1.476855056295547641e-01	7.031738215525062952e-02	2.808994307062941814e-02	7.350404834182944214e-02
1.101560277649308091e+03	2.627888897459943474e-01	1.707515016502778316e-01	2.466494079412817619e-01	1.477790079233100851e-01	7.035273803093473888e-02	2.811231081915312180e-02	7.356614388882835864e-02
1.103011608713404712e+03	2.625609235034725986e-01	1.706068550278690144e-01	2.468090427339967863e-01	1.478723486315711433e-01	7.038802764518953259e-02	2.813465395361573751e-02	7.362814850406539102e-02
1.104462939777501106e+03	2.623333491996497902e-01	1.704624453442438181e-01	2.469683914960049131e-01	1.479655280698991549e-01	7.042325114094534488e-02	2.815697247815166643e-02	7.369006227088548133e-02
1.105914270841597499e+03	2.621061661626500894e-01	1.703182722036734875e-01	2.471274547497067098e-01	1.480585465531062961e-01	7.045840866079108866e-02	2.817926639700983962e-02	7.375188527284266826e-02
1.107365601905694348e+03	2.618793737217578466e-01	1.701743352111040330e-01	2.472862330164340428e-01	1.481514043952579518e-01	7.049350034697522693e-02	2.820153571455311092e-02	7.381361759369794995e-02
1.108816932969790741e+03	2.616529712074158742e-01	1.700306339721549820e-01	2.474447268164527980e-01	1.482441019096749635e-01	7.052852634140659160e-02	2.822378043525764629e-02	7.387525931741727170e-02
1.110268264033887590e+03	2.614269579512230601e-01	1.698871680931182959e-01	2.476029366689657396e-01	1.483366394089359608e-01	7.056348678565534105e-02	2.824600056371235138e-02	7.393681052816937493e-02
1.111719595097984211e+03	2.612013332859324799e-01	1.697439371809571218e-01	2.477608630921150634e-01	1.484290172048795819e-01	7.059838182095382053e-02	2.826819610461827822e-02	7.399827131032379879e-02
1.113170926162080832e+03	2.609760965454495096e-01	1.696009408433044874e-01	2.479185066029852003e-01	1.485212356086067220e-01	7.063321158819746426e-02	2.829036706278801813e-02	7.405964174844881232e-02
1.114622257226177226e+03	2.607512470648294389e-01	1.694581786884622188e-01	2.480758677176056470e-01	1.486132949304828366e-01	7.066797622794564193e-02	2.831251344314513613e-02	7.412092192730933282e-02
1.116073588290273847e+03	2.605267841802757500e-01	1.693156503253997747e-01	2.482329469509534370e-01	1.487051954801401066e-01	7.070267588042258855e-02	2.833463525072356035e-02	7.418211193186496910e-02
1.117524919354370468e+03	2.603027072291381194e-01	1.691733553637529697e-01	2.483897448169561095e-01	1.487969375664797422e-01	7.073731068551827872e-02	2.835673249066703039e-02	7.424321184726798140e-02
1.118976250418467089e+03	2.600790155499100864e-01	1.690312934138228085e-01	2.485462618284942082e-01	1.488885214976740923e-01	7.077188078278927319e-02	2.837880516822849017e-02	7.430422175886128300e-02
1.120427581482563710e+03	2.598557084822272767e-01	1.688894640865743202e-01	2.487024984974039732e-01	1.489799475811690310e-01	7.080638631145960704e-02	2.840085328876952933e-02	7.436514175217644185e-02
1.121878912546660331e+03	2.596327853668655705e-01	1.687478669936353093e-01	2.488584553344801165e-01	1.490712161236860123e-01	7.084082741042170561e-02	2.842287685775980038e-02	7.442597191293169601e-02
1.123330243610756725e+03	2.594102455457384937e-01	1.686065017472953564e-01	2.490141328494784034e-01	1.491623274312243175e-01	7.087520421823718941e-02	2.844487588077643930e-02	7.448671232703001077e-02
1.124781574674853118e+03	2.591880883618958853e-01	1.684653679605043752e-01	2.491695315511183451e-01	1.492532818090631652e-01	7.090951687313780394e-02	2.846685036350350348e-02	7.454736308055712191e-02
1.126232905738949967e+03	2.589663131595215106e-01	1.683244652468715574e-01	2.493246519470857792e-01	1.493440795617640704e-01	7.094376551302621070e-02	2.848880031173140273e-02	7.460792425977957887e-02
1.127684236803046360e+03	2.587449192839312295e-01	1.681837932206643738e-01	2.494794945440356182e-01	1.494347209931728704e-01	7.097795027547693092e-02	2.851072573135633031e-02	7.466839595114282968e-02
1.129135567867143209e+03	2.585239060815708312e-01	1.680433514968070474e-01	2.496340598475943473e-01	1.495252064064218622e-01	7.101207129773715043e-02	2.853262662837970087e-02	7.472877824126925028e-02
1.130586898931239830e+03	2.583032729000141470e-01	1.679031396908796936e-01	2.497883483623627721e-01	1.496155361039321341e-01	7.104612871672759400e-02	2.855450300890758492e-02	7.478907121695632654e-02
1.132038229995336451e+03	2.580830190879610520e-01	1.677631574191170150e-01	2.499423605919184332e-01	1.497057103874155082e-01	7.108012266904339960e-02	2.857635487915015371e-02	7.484927496517466972e-02
1.133489561059432845e+03	2.578631439952356885e-01	1.676234042984070804e-01	2.500960970388184657e-01	1.497957295578767611e-01	7.111405329095495109e-02	2.859818224542112416e-02	7.490938957306617074e-02
1.134940892123529466e+03	2.576436469727840795e-01	1.674838799462903260e-01	2.502495582046019851e-01	1.498855939156158168e-01	7.114792071840871091e-02	2.861998511413718985e-02	7.496941512794214058e-02
1.136392223187626087e+03	2.574245273726724625e-01	1.673445839809582780e-01	2.504027445897927806e-01	1.499753037602298000e-01	7.118172508702810819e-02	2.864176349181749015e-02	7.502935171728140895e-02
1.137843554251722708e+03	2.572057845480852922e-01	1.672055160212523595e-01	2.505556566939017848e-01	1.500648593906150907e-01	7.121546653211437150e-02	2.866351738508304825e-02	7.508919942872847864e-02
1.139294885315819101e+03	2.569874178533230191e-01	1.670666756866628910e-01	2.507082950154296830e-01	1.501542611049695719e-01	7.124914518864737534e-02	2.868524680065621252e-02	7.514895835009172131e-02
1.140746216379915950e+03	2.567694266438004802e-01	1.669280625973277588e-01	2.508606600518695773e-01	1.502435092007946282e-01	7.128276119128645893e-02	2.870695174536013611e-02	7.520862856934147633e-02
1.142197547444012343e+03	2.565518102760447894e-01	1.667896763740313870e-01	2.510127522997093186e-01	1.503326039748972831e-01	7.131631467437127281e-02	2.872863222611820450e-02	7.526821017460827434e-02
1.143648878508108737e+03	2.563345681076932281e-01	1.666515166382035174e-01	2.511645722544343373e-01	1.504215457233922248e-01	7.134980577192265305e-02	2.875028824995351853e-02	7.532770325418106094e-02
1.145100209572205586e+03	2.561176994974915244e-01	1.665135830119180704e-01	2.513161204105299196e-01	1.505103347417039716e-01	7.138323461764338462e-02	2.877191982398833933e-02	7.538710789650532318e-02
1.146551540636302207e+03	2.559012038052918547e-01	1.663758751178921191e-01	2.514673972614837050e-01	1.505989713245688144e-01	7.141660134491911727e-02	2.879352695544355745e-02	7.544642419018134094e-02
1.148002871700398828e+03	2.556850803920508453e-01	1.662383925794845840e-01	2.516184032997884068e-01	1.506874557660370095e-01	7.144990608681912880e-02	2.881510965163815510e-02	7.550565222396239673e-02
1.149454202764495449e+03	2.554693286198275182e-01	1.661011350206950676e-01	2.517691390169443655e-01	1.507757883594746939e-01	7.148314897609717167e-02	2.883666791998867884e-02	7.556479208675304093e-02
1.150905533828591842e+03	2.552539478517815708e-01	1.659641020661629940e-01	2.519196049034616580e-01	1.508639693975661056e-01	7.151633014519230558e-02	2.885820176800869830e-02	7.562384386760731547e-02
1.152356864892688463e+03	2.550389374521713770e-01	1.658272933411661376e-01	2.520698014488628735e-01	1.509519991723153598e-01	7.154944972622970245e-02	2.887971120330828229e-02	7.568280765572694968e-02
1.153808195956785084e+03	2.548242967863518782e-01	1.656907084716196521e-01	2.522197291416856113e-01	1.510398779750487808e-01	7.158250785102149294e-02	2.890119623359348536e-02	7.574168354045970886e-02
1.155259527020881706e+03	2.546100252207729731e-01	1.655543470840749598e-01	2.523693884694849232e-01	1.511276060964166779e-01	7.161550465106755747e-02	2.892265686666580307e-02	7.580047161129764566e-02
1.156710858084978327e+03	2.543961221229773528e-01	1.654182088057186417e-01	2.525187799188356452e-01	1.512151838263955106e-01	7.164844025755637280e-02	2.894409311042165853e-02	7.585917195787536538e-02
1.158162189149074720e+03	2.541825868615986139e-01	1.652822932643711329e-01	2.526679039753349509e-01	1.513026114542897760e-01	7.168131480136578915e-02	2.896550497285188194e-02	7.591778466996831898e-02
1.159613520213171569e+03	2.539694188063594815e-01	1.651466000884857788e-01	2.528167611236050161e-01	1.513898892687341458e-01	7.171412841306384900e-02	2.898689246204120065e-02	7.597630983749112388e-02
1.161064851277267962e+03	2.537566173280695891e-01	1.650111289071476417e-01	2.529653518472947948e-01	1.514770175576952704e-01	7.174688122290961978e-02	2.900825558616770480e-02	7.603474755049588474e-02
1.162516182341364356e+03	2.535441817986239799e-01	1.648758793500724185e-01	2.531136766290832951e-01	1.515639966084739998e-01	7.177957336085395712e-02	2.902959435350235817e-02	7.609309789917047262e-02
1.163967513405461204e+03	2.533321115910009413e-01	1.647408510476053023e-01	2.532617359506814103e-01	1.516508267077071037e-01	7.181220495654035141e-02	2.905090877240845346e-02	7.615136097383692904e-02
1.165418844469557826e+03	2.531204060792600075e-01	1.646060436307198172e-01	2.534095302928346394e-01	1.517375081413694093e-01	7.184477613930573270e-02	2.907219885134114390e-02	7.620953686494975898e-02
1.166870175533654447e+03	2.529090646385404040e-01	1.644714567310167908e-01	2.535570601353252518e-01	1.518240411947757440e-01	7.187728703818119236e-02	2.909346459884689512e-02	7.626762566309430724e-02
1.168321506597751068e+03	2.526980866450587726e-01	1.643370899807231333e-01	2.537043259569747855e-01	1.519104261525828226e-01	7.190973778189291288e-02	2.911470602356300980e-02	7.632562745898512080e-02
1.169772837661847461e+03	2.524874714761076167e-01	1.642029430126909217e-01	2.538513282356465450e-01	1.519966632987912458e-01	7.194212849886280625e-02	2.913592313421710725e-02	7.638354234346429739e-02
1.171224168725944082e+03	2.522772185100531916e-01	1.640690154603960671e-01	2.539980674482479328e-01	1.520827529167474157e-01	7.197445931720944379e-02	2.915711593962663079e-02	7.644137040749993117e-02
1.172675499790040703e+03	2.520673271263336179e-01	1.639353069579372602e-01	2.541445440707327252e-01	1.521686952891455336e-01	7.200673036474875000e-02	2.917828444869834115e-02	7.649911174218443355e-02
1.174126830854137097e+03	2.518577967054569933e-01	1.638018171400351108e-01	2.542907585781035151e-01	1.522544906980294044e-01	7.203894176899486301e-02	2.919942867042782386e-02	7.655676643873300657e-02
1.175578161918233945e+03	2.516486266289997831e-01	1.636685456420306495e-01	2.544367114444139877e-01	1.523401394247944074e-01	7.207109365716084237e-02	2.922054861389899311e-02	7.661433458848197764e-02
1.177029492982330339e+03	2.514398162796047109e-01	1.635354920998845218e-01	2.545824031427714740e-01	1.524256417501894667e-01	7.210318615615951554e-02	2.924164428828360252e-02	7.667181628288730066e-02
1.178480824046426733e+03	2.512313650409787602e-01	1.634026561501758512e-01	2.547278341453391159e-01	1.525109979543189109e-01	7.213521939260426896e-02	2.926271570284074211e-02	7.672921161352293240e-02
1.179932155110523581e+03	2.510232722978915088e-01	1.632700374301010449e-01	2.548730049233382533e-01	1.525962083166443051e-01	7.216719349280975582e-02	2.928376286691635952e-02	7.678652067207929199e-02
1.181383486174620202e+03	2.508155374361734080e-01	1.631376355774727394e-01	2.550179159470506995e-01	1.526812731159864212e-01	7.219910858279272869e-02	2.930478578994277078e-02	7.684374355036174831e-02
1.182834817238716823e+03	2.506081598427135626e-01	1.630054502307187458e-01	2.551625676858211844e-01	1.527661926305270979e-01	7.223096478827280287e-02	2.932578448143817115e-02	7.690088034028899622e-02
1.184286148302813444e+03	2.504011389054579539e-01	1.628734810288809676e-01	2.553069606080595744e-01	1.528509671378111834e-01	7.226276223467320570e-02	2.934675895100615634e-02	7.695793113389159945e-02
1.185737479366910065e+03	2.501944740134077749e-01	1.627417276116142342e-01	2.554510951812431485e-01	1.529355969147482008e-01	7.229450104712159542e-02	2.936770920833523327e-02	7.701489602331045015e-02
1.187188810431006686e+03	2.499881645566175148e-01	1.626101896191853025e-01	2.555949718719189856e-01	1.530200822376144854e-01	7.232618135045076890e-02	2.938863526319835870e-02	7.707177510079525617e-02
1.188640141495103080e+03	2.497822099261930440e-01	1.624788666924717739e-01	2.557385911457061289e-01	1.531044233820547662e-01	7.235780326919948047e-02	2.940953712545243612e-02	7.712856845870301459e-02
1.190091472559199701e+03	2.495766095142897545e-01	1.623477584729609569e-01	2.558819534672981399e-01	1.531886206230842484e-01	7.238936692761316349e-02	2.943041480503786472e-02	7.718527618949655444e-02
1.191542803623296322e+03	2.493713627141107558e-01	1.622168646027488670e-01	2.560250593004649855e-01	1.532726742350902782e-01	7.242087244964470760e-02	2.945126831197804329e-02	7.724189838574303801e-02
1.192994134687392716e+03	2.491664689199051264e-01	1.620861847245390341e-01	2.561679091080555914e-01	1.533565844918342858e-01	7.245231995895524968e-02	2.947209765637891568e-02	7.729843514011247585e-02
1.194445465751489564e+03	2.489619275269658316e-01	1.619557184816415585e-01	2.563105033520000631e-01	1.534403516664535894e-01	7.248370957891488164e-02	2.949290284842849552e-02	7.735488654537626962e-02
1.195896796815585958e+03	2.487577379316282256e-01	1.618254655179719448e-01	2.564528424933117945e-01	1.535239760314631718e-01	7.251504143260342761e-02	2.951368389839640130e-02	7.741125269440574108e-02
1.197348127879682352e+03	2.485538995312679134e-01	1.616954254780500755e-01	2.565949269920899112e-01	1.536074578587575123e-01	7.254631564281119327e-02	2.953444081663337759e-02	7.746753368017070263e-02
1.198799458943779200e+03	2.483504117242991971e-01	1.615655980069991837e-01	2.567367573075213794e-01	1.536907974196124460e-01	7.257753233203970145e-02	2.955517361357084399e-02	7.752372959573800015e-02
1.200250790007875821e+03	2.481472739101730218e-01	1.614359827505446876e-01	2.568783338978831710e-01	1.537739949846868848e-01	7.260869162250248310e-02	2.957588229972043722e-02	7.757984053427009752e-02
1.201702121071972442e+03	2.479444854893752270e-01	1.613065793550132188e-01	2.570196572205447061e-01	1.538570508240246493e-01	7.263979363612581286e-02	2.959656688567353575e-02	7.763586658902366100e-02
1.203153452136069063e+03	2.477420458634248257e-01	1.611773874673315676e-01	2.571607277319697960e-01	1.539399652070563285e-01	7.267083849454938904e-02	2.961722738210080530e-02	7.769180785334810213e-02
1.204604783200165684e+03	2.475399544348720893e-01	1.610484067350254900e-01	2.573015458877191408e-01	1.540227384026009172e-01	7.270182631912716631e-02	2.963786379975175481e-02	7.774766442068420380e-02
1.206056114264262078e+03	2.473382106072968267e-01	1.609196368062188187e-01	2.574421121424524395e-01	1.541053706788676758e-01	7.273275723092800793e-02	2.965847614945427146e-02	7.780343638456273248e-02
1.207507445328358699e+03	2.471368137853064972e-01	1.607910773296322704e-01	2.575824269499303876e-01	1.541878623034578510e-01	7.276363135073653232e-02	2.967906444211415931e-02	7.785912383860303654e-02
1.208958776392455093e+03	2.469357633745344616e-01	1.606627279545825571e-01	2.577224907630171202e-01	1.542702135433665356e-01	7.279444879905375143e-02	2.969962868871470901e-02	7.791472687651167239e-02
1.210410107456551941e+03	2.467350587816380947e-01	1.605345883309811650e-01	2.578623040336821548e-01	1.543524246649843334e-01	7.282520969609782013e-02	2.972016890031623990e-02	7.797024559208100281e-02
1.211861438520648335e+03	2.465346994142971204e-01	1.604066581093334110e-01	2.580018672130028334e-01	1.544344959340991363e-01	7.285591416180482727e-02	2.974068508805563851e-02	7.802568007918787851e-02
1.213312769584745183e+03	2.463346846812117241e-01	1.602789369407373876e-01	2.581411807511662659e-01	1.545164276158978445e-01	7.288656231582944789e-02	2.976117726314593884e-02	7.808103043179226432e-02
1.214764100648841804e+03	2.461350139921008318e-01	1.601514244768828255e-01	2.582802450974716058e-01	1.545982199749681152e-01	7.291715427754574819e-02	2.978164543687585736e-02	7.813629674393590685e-02
1.216215431712937971e+03	2.459356867577002781e-01	1.600241203700501769e-01	2.584190607003322149e-01	1.546798732753000838e-01	7.294769016604785161e-02	2.980208962060936287e-02	7.819147910974094673e-02
1.217666762777034819e+03	2.457367023897610026e-01	1.598970242731095059e-01	2.585576280072776623e-01	1.547613877802881399e-01	7.297817010015066053e-02	2.982250982578523238e-02	7.824657762340865574e-02
1.219118093841131440e+03	2.455380603010473839e-01	1.597701358395195448e-01	2.586959474649559998e-01	1.548427637527325929e-01	7.300859419839063336e-02	2.984290606391661049e-02	7.830159237921806292e-02
1.220569424905228061e+03	2.453397599053353251e-01	1.596434547233263890e-01	2.588340195191359827e-01	1.549240014548413369e-01	7.303896257902643685e-02	2.986327834659058267e-02	7.835652347152467778e-02
1.222020755969324682e+03	2.451418006174105602e-01	1.595169805791628315e-01	2.589718446147090680e-01	1.550051011482316554e-01	7.306927536003973711e-02	2.988362668546773113e-02	7.841137099475917194e-02
1.223472087033421303e+03	2.449441818530667947e-01	1.593907130622471136e-01	2.591094231956913019e-01	1.550860630939319140e-01	7.309953265913585185e-02	2.990395109228171158e-02	7.846613504342607459e-02
1.224923418097517697e+03	2.447469030291041237e-01	1.592646518283819257e-01	2.592467557052258731e-01	1.551668875523831148e-01	7.312973459374448593e-02	2.992425157883880221e-02	7.852081571210249578e-02
1.226374749161614318e+03	2.445499635633270885e-01	1.591387965339533250e-01	2.593838425855848895e-01	1.552475747834407560e-01	7.315988128102042520e-02	2.994452815701749773e-02	7.857541309543683572e-02
1.227826080225710712e+03	2.443533628745429565e-01	1.590131468359298472e-01	2.595206842781717094e-01	1.553281250463763863e-01	7.318997283784428598e-02	2.996478083876807225e-02	7.862992728814748034e-02
1.229277411289807560e+03	2.441571003825600827e-01	1.588877023918614240e-01	2.596572812235228844e-01	1.554085385998793256e-01	7.322000938082320887e-02	2.998500963611215597e-02	7.868435838502162161e-02
1.230728742353903954e+03	2.439611755081859956e-01	1.587624628598782728e-01	2.597936338613102691e-01	1.554888157020583861e-01	7.324999102629152492e-02	3.000521456114230157e-02	7.873870648091392532e-02
1.232180073418000802e+03	2.437655876732257587e-01	1.586374278986899811e-01	2.599297426303430747e-01	1.555689566104434263e-01	7.327991789031153280e-02	3.002539562602157472e-02	7.879297167074529595e-02
1.233631404482097196e+03	2.435703363004801669e-01	1.585125971675844792e-01	2.600656079685700339e-01	1.556489615819870720e-01	7.330979008867410940e-02	3.004555284298312742e-02	7.884715404950165540e-02
1.235082735546193817e+03	2.433754208137439701e-01	1.583879703264269301e-01	2.602012303130814552e-01	1.557288308730663262e-01	7.333960773689948698e-02	3.006568622432977816e-02	7.890125371223269402e-02
1.236534066610290438e+03	2.431808406378042631e-01	1.582635470356589247e-01	2.603366101001109989e-01	1.558085647394842899e-01	7.336937095023789157e-02	3.008579578243360600e-02	7.895527075405062156e-02
1.237985397674387059e+03	2.429865951984386263e-01	1.581393269562971771e-01	2.604717477650382862e-01	1.558881634364717161e-01	7.339907984367029237e-02	3.010588152973551687e-02	7.900920527012900152e-02
1.239436728738483680e+03	2.427926839224134326e-01	1.580153097499327475e-01	2.606066437423903981e-01	1.559676272186886758e-01	7.342873453190904010e-02	3.012594347874484116e-02	7.906305735570151594e-02
1.240888059802580301e+03	2.425991062374820983e-01	1.578914950787299043e-01	2.607412984658441513e-01	1.560469563402261395e-01	7.345833512939863030e-02	3.014598164203892428e-02	7.911682710606071645e-02
1.242339390866676695e+03	2.424058615723834464e-01	1.577678826054252914e-01	2.608757123682281520e-01	1.561261510546076980e-01	7.348788175031632786e-02	3.016599603226270687e-02	7.917051461655690014e-02
1.243790721930773088e+03	2.422129493568398184e-01	1.576444719933266791e-01	2.610098858815248501e-01	1.562052116147911451e-01	7.351737450857287470e-02	3.018598666212832585e-02	7.922411998259690225e-02
1.245242052994869937e+03	2.420203690215554926e-01	1.575212629063120762e-01	2.611438194368723709e-01	1.562841382731699480e-01	7.354681351781318377e-02	3.020595354441470495e-02	7.927764329964286094e-02
1.246693384058966330e+03	2.418281199982148799e-01	1.573982550088287857e-01	2.612775134645667352e-01	1.563629312815750239e-01	7.357619889141700509e-02	3.022589669196714540e-02	7.933108466321110719e-02
1.248144715123063179e+03	2.416362017194808587e-01	1.572754479658923787e-01	2.614109683940636919e-01	1.564415908912762387e-01	7.360553074249963357e-02	3.024581611769692688e-02	7.938444416887095734e-02
1.249596046187159800e+03	2.414446136189930814e-01	1.571528414430855836e-01	2.615441846539808823e-01	1.565201173529840728e-01	7.363480918391257513e-02	3.026571183458090508e-02	7.943772191224361678e-02
1.251047377251256421e+03	2.412533551313661428e-01	1.570304351065574533e-01	2.616771626720997279e-01	1.565985109168511191e-01	7.366403432824421282e-02	3.028558385566110928e-02	7.949091798900090322e-02
1.252498708315352815e+03	2.410624256921880815e-01	1.569082286230223111e-01	2.618099028753674840e-01	1.566767718324737213e-01	7.369320628782048688e-02	3.030543219404434677e-02	7.954403249486423355e-02
1.253950039379449436e+03	2.408718247380184641e-01	1.567862216597587510e-01	2.619424056898990716e-01	1.567549003488935278e-01	7.372232517470561630e-02	3.032525686290180392e-02	7.959706552560343040e-02
1.255401370443546057e+03	2.406815517063868315e-01	1.566644138846085554e-01	2.620746715409792982e-01	1.568328967145990738e-01	7.375139110070270954e-02	3.034505787546865410e-02	7.965001717703559803e-02
1.256852701507642678e+03	2.404916060357909224e-01	1.565428049659759180e-01	2.622067008530645782e-01	1.569107611775272804e-01	7.378040417735444445e-02	3.036483524504365872e-02	7.970288754502395656e-02
1.258304032571739299e+03	2.403019871656950079e-01	1.564213945728262500e-01	2.623384940497850426e-01	1.569884939850651195e-01	7.380936451594374836e-02	3.038458898498878208e-02	7.975567672547681508e-02
1.259755363635835920e+03	2.401126945365282261e-01	1.563001823746853480e-01	2.624700515539464263e-01	1.570660953840510854e-01	7.383827222749449193e-02	3.040431910872879936e-02	7.980838481434639198e-02
1.261206694699932314e+03	2.399237275896828336e-01	1.561791680416383388e-01	2.626013737875321774e-01	1.571435656207767206e-01	7.386712742277211363e-02	3.042402562975090111e-02	7.986101190762770474e-02
1.262658025764028707e+03	2.397350857675125679e-01	1.560583512443286525e-01	2.627324611717052338e-01	1.572209049409882542e-01	7.389593021228429981e-02	3.044370856160431155e-02	7.991355810135755688e-02
1.264109356828125556e+03	2.395467685133309543e-01	1.559377316539571623e-01	2.628633141268097440e-01	1.572981135898880445e-01	7.392468070628163690e-02	3.046336791789990700e-02	7.996602349161334444e-02
1.265560687892221949e+03	2.393587752714096129e-01	1.558173089422811852e-01	2.629939330723736202e-01	1.573751918121361892e-01	7.395337901475827758e-02	3.048300371230982728e-02	8.001840817451207066e-02
1.267012018956318798e+03	2.391711054869766484e-01	1.556970827816134273e-01	2.631243184271099822e-01	1.574521398518519133e-01	7.398202524745260689e-02	3.050261595856709751e-02	8.007071224620919414e-02
1.268463350020415419e+03	2.389837586062148744e-01	1.555770528448209844e-01	2.632544706089190445e-01	1.575289579526152617e-01	7.401061951384788062e-02	3.052220467046523611e-02	8.012293580289760186e-02
1.269914681084511813e+03	2.387967340762602031e-01	1.554572188053245652e-01	2.633843900348903366e-01	1.576056463574684596e-01	7.403916192317289147e-02	3.054176986185788700e-02	8.017507894080656838e-02
1.271366012148608434e+03	2.386100313451999799e-01	1.553375803370972974e-01	2.635140771213044797e-01	1.576822053089175224e-01	7.406765258440259347e-02	3.056131154665844493e-02	8.022714175620060395e-02
1.272817343212705055e+03	2.384236498620713185e-01	1.552181371146639510e-01	2.636435322836348516e-01	1.577586350489337264e-01	7.409609160625880986e-02	3.058082973883967035e-02	8.027912434537855246e-02
1.274268674276801676e+03	2.382375890768594351e-01	1.550988888130998833e-01	2.637727559365499741e-01	1.578349358189550800e-01	7.412447909721082973e-02	3.060032445243331470e-02	8.033102680467243961e-02
1.275720005340898297e+03	2.380518484404959278e-01	1.549798351080300118e-01	2.639017484939148450e-01	1.579111078598877949e-01	7.415281516547606033e-02	3.061979570152975963e-02	8.038284923044650143e-02
1.277171336404994690e+03	2.378664274048573057e-01	1.548609756756279821e-01	2.640305103687932697e-01	1.579871514121078957e-01	7.418109991902070710e-02	3.063924350027763185e-02	8.043459171909608796e-02
1.278622667469091539e+03	2.376813254227631012e-01	1.547423101926151123e-01	2.641590419734495820e-01	1.580630667154625246e-01	7.420933346556037036e-02	3.065866786288344234e-02	8.048625436704670566e-02
1.280073998533187932e+03	2.374965419479743989e-01	1.546238383362594782e-01	2.642873437193504760e-01	1.581388540092715789e-01	7.423751591256073923e-02	3.067806880361120814e-02	8.053783727075300436e-02
1.281525329597284326e+03	2.373120764351921153e-01	1.545055597843749684e-01	2.644154160171668377e-01	1.582145135323290430e-01	7.426564736723814675e-02	3.069744633678210197e-02	8.058934052669769477e-02
1.282976660661381175e+03	2.371279283400553883e-01	1.543874742153202861e-01	2.645432592767756885e-01	1.582900455229045988e-01	7.429372793656029150e-02	3.071680047677407058e-02	8.064076423139064642e-02
1.284427991725477568e+03	2.369440971191398293e-01	1.542695813079980327e-01	2.646708739072620165e-01	1.583654502187449298e-01	7.432175772724684826e-02	3.073613123802148780e-02	8.069210848136784686e-02
1.285879322789574417e+03	2.367605822299561069e-01	1.541518807418537640e-01	2.647982603169206639e-01	1.584407278570752475e-01	7.434973684577006470e-02	3.075543863501477293e-02	8.074337337319037466e-02
1.287330653853671038e+03	2.365773831309480879e-01	1.540343721968750190e-01	2.649254189132581039e-01	1.585158786746007908e-01	7.437766539835546920e-02	3.077472268230004374e-02	8.079455900344349739e-02
1.288781984917767431e+03	2.363944992814913382e-01	1.539170553535903208e-01	2.650523501029943274e-01	1.585909029075082410e-01	7.440554349098241205e-02	3.079398339447875915e-02	8.084566546873561688e-02
1.290233315981864052e+03	2.362119301418914574e-01	1.537999298930683434e-01	2.651790542920646754e-01	1.586658007914670265e-01	7.443337122938478712e-02	3.081322078620735150e-02	8.089669286569736717e-02
