1.001418434226643626e+03	2.794640347284187420e-01	1.813707225041724380e-01	2.349173927201205769e-01	1.409138603377846077e-01	6.774832316269524535e-02	2.651905850659246749e-02	6.906660803999614684e-02
1.002869765290740247e+03	2.792070933268964716e-01	1.812090107304851205e-01	2.350981885185355058e-01	1.410188378694214595e-01	6.778853675804946688e-02	2.654327361058693088e-02	6.913505918580535592e-02
1.004321096354836754e+03	2.789505939615628538e-01	1.810475640244034456e-01	2.352786598771788307e-01	1.411236301716947417e-01	6.782867382132042045e-02	2.656746472201792011e-02	6.920341342160214737e-02
1.005772427418933376e+03	2.786945358726900523e-01	1.808863819427526942e-01	2.354588073950186766e-01	1.412282376291949526e-01	6.786873452133503071e-02	2.659163182957420199e-02	6.927167080921477205e-02
1.007223758483029997e+03	2.784389183018728398e-01	1.807254640431166237e-01	2.356386316697482441e-01	1.413326606254769746e-01	6.790871902650170988e-02	2.661577492214241281e-02	6.933983141092153746e-02
1.008675089547126618e+03	2.781837404920265433e-01	1.805648098838359694e-01	2.358181332977893618e-01	1.414368995430639042e-01	6.794862750481149571e-02	2.663989398880607651e-02	6.940789528944703302e-02
1.010126420611223239e+03	2.779290016873843250e-01	1.804044190240071677e-01	2.359973128742959558e-01	1.415409547634507159e-01	6.798846012383920334e-02	2.666398901884463671e-02	6.947586250795839691e-02
1.011577751675319632e+03	2.776747011334950166e-01	1.802442910234810236e-01	2.361761709931577968e-01	1.416448266671079814e-01	6.802821705074463265e-02	2.668806000173249218e-02	6.954373313006155521e-02
1.013029082739416367e+03	2.774208380772206217e-01	1.800844254428612401e-01	2.363547082470039140e-01	1.417485156334855056e-01	6.806789845227363689e-02	2.671210692713803583e-02	6.961150721979754430e-02
1.014480413803512761e+03	2.771674117667340398e-01	1.799248218435031133e-01	2.365329252272063698e-01	1.418520220410160737e-01	6.810750449475935775e-02	2.673612978492268324e-02	6.967918484163888870e-02
1.015931744867609382e+03	2.769144214515166791e-01	1.797654797875121446e-01	2.367108225238835628e-01	1.419553462671190591e-01	6.814703534412332175e-02	2.676012856513993246e-02	6.974676606048584027e-02
1.017383075931706003e+03	2.766618663823561253e-01	1.796063988377426812e-01	2.368884007259039193e-01	1.420584886882040598e-01	6.818649116587656434e-02	2.678410325803440642e-02	6.981425094166279766e-02
1.018834406995802851e+03	2.764097458113436989e-01	1.794475785577966664e-01	2.370656604208892515e-01	1.421614496796745064e-01	6.822587212512079557e-02	2.680805385404091273e-02	6.988163955091471202e-02
1.020285738059899245e+03	2.761580589918721795e-01	1.792890185120221136e-01	2.372426021952184216e-01	1.422642296159313813e-01	6.826517838654955206e-02	2.683198034378348959e-02	6.994893195440343714e-02
1.021737069123995752e+03	2.759068051786334741e-01	1.791307182655118846e-01	2.374192266340307000e-01	1.423668288703765772e-01	6.830441011444926547e-02	2.685588271807447247e-02	7.001612821870424608e-02
1.023188400188092373e+03	2.756559836276161746e-01	1.789726773841022467e-01	2.375955343212293180e-01	1.424692478154167274e-01	6.834356747270048382e-02	2.687976096791356781e-02	7.008322841080215360e-02
1.024639731252188767e+03	2.754055935961033375e-01	1.788148954343716235e-01	2.377715258394849374e-01	1.425714868224665366e-01	6.838265062477887068e-02	2.690361508448690236e-02	7.015023259808851608e-02
1.026091062316285615e+03	2.751556343426700413e-01	1.786573719836392626e-01	2.379472017702389530e-01	1.426735462619524997e-01	6.842165973375642640e-02	2.692744505916611075e-02	7.021714084835747882e-02
1.027542393380382237e+03	2.749061051271811662e-01	1.785001065999637648e-01	2.381225626937070738e-01	1.427754265033163439e-01	6.846059496230259833e-02	2.695125088350741258e-02	7.028395322980245108e-02
1.028993724444478858e+03	2.746570052107891180e-01	1.783430988521418625e-01	2.382976091888826531e-01	1.428771279150185258e-01	6.849945647268530780e-02	2.697503254925067914e-02	7.035066981101270600e-02
1.030445055508575479e+03	2.744083338559313856e-01	1.781863483097070600e-01	2.384723418335401857e-01	1.429786508645417564e-01	6.853824442677212969e-02	2.699879004831853488e-02	7.041729066096988343e-02
1.031896386572671872e+03	2.741600903263281541e-01	1.780298545429283008e-01	2.386467612042386111e-01	1.430799957183944704e-01	6.857695898603140272e-02	2.702252337281543446e-02	7.048381584904463149e-02
1.033347717636768493e+03	2.739122738869800844e-01	1.778736171228086360e-01	2.388208678763247272e-01	1.431811628421143234e-01	6.861560031153332573e-02	2.704623251502675726e-02	7.055024544499315098e-02
1.034799048700865114e+03	2.736648838041662035e-01	1.777176356210838915e-01	2.389946624239366046e-01	1.432821526002715784e-01	6.865416856395102629e-02	2.706991746741789842e-02	7.061657951895379537e-02
1.036250379764961508e+03	2.734179193454413515e-01	1.775619096102214189e-01	2.391681454200067780e-01	1.433829653564725748e-01	6.869266390356165708e-02	2.709357822263338059e-02	7.068281814144380948e-02
1.037701710829058356e+03	2.731713797796339604e-01	1.774064386634186252e-01	2.393413174362657991e-01	1.434836014733631704e-01	6.873108649024754768e-02	2.711721477349593457e-02	7.074896138335584617e-02
1.039153041893154750e+03	2.729252643768438902e-01	1.772512223546018617e-01	2.395141790432454287e-01	1.435840613126320997e-01	6.876943648349724547e-02	2.714082711300563888e-02	7.081500931595480219e-02
1.040604372957251599e+03	2.726795724084398742e-01	1.770962602584248702e-01	2.396867308102819671e-01	1.436843452350143602e-01	6.880771404240659805e-02	2.716441523433899691e-02	7.088096201087441817e-02
1.042055704021347992e+03	2.724343031470573551e-01	1.769415519502676726e-01	2.398589733055195850e-01	1.437844536002946261e-01	6.884591932567986350e-02	2.718797913084806950e-02	7.094681954011398950e-02
1.043507035085444613e+03	2.721894558665963193e-01	1.767870970062352109e-01	2.400309070959135982e-01	1.438843867673106069e-01	6.888405249163075117e-02	2.721151879605959376e-02	7.101258197603516065e-02
1.044958366149541234e+03	2.719450298422189105e-01	1.766328950031559875e-01	2.402025327472337435e-01	1.439841450939562950e-01	6.892211369818351807e-02	2.723503422367409138e-02	7.107824939135869158e-02
1.046409697213637855e+03	2.717010243503473199e-01	1.764789455185807598e-01	2.403738508240674809e-01	1.440837289371854901e-01	6.896010310287407907e-02	2.725852540756500825e-02	7.114382185916116874e-02
1.047861028277734476e+03	2.714574386686611773e-01	1.763252481307814035e-01	2.405448618898231583e-01	1.441831386530149084e-01	6.899802086285100611e-02	2.728199234177782970e-02	7.120929945287186869e-02
1.049312359341831097e+03	2.712142720760957193e-01	1.761718024187493015e-01	2.407155665067333417e-01	1.442823745965275961e-01	6.903586713487666615e-02	2.730543502052923052e-02	7.127468224626953841e-02
1.050763690405927491e+03	2.709715238528391801e-01	1.760186079621944011e-01	2.408859652358579240e-01	1.443814371218761494e-01	6.907364207532823430e-02	2.732885343820619373e-02	7.133997031347927287e-02
1.052215021470024112e+03	2.707291932803307932e-01	1.758656643415436871e-01	2.410560586370875669e-01	1.444803265822861005e-01	6.911134584019874849e-02	2.735224758936515357e-02	7.140516372896930919e-02
1.053666352534120733e+03	2.704872796412584046e-01	1.757129711379399883e-01	2.412258472691466704e-01	1.445790433300590816e-01	6.914897858509819195e-02	2.737561746873114557e-02	7.147026256754797358e-02
1.055117683598217127e+03	2.702457822195561410e-01	1.755605279332406177e-01	2.413953316895966206e-01	1.446775877165760726e-01	6.918654046525454793e-02	2.739896307119695298e-02	7.153526690436051716e-02
1.056569014662313975e+03	2.700047003004024671e-01	1.754083343100162062e-01	2.415645124548390366e-01	1.447759600923005652e-01	6.922403163551484051e-02	2.742228439182224989e-02	7.160017681488609065e-02
1.058020345726410369e+03	2.697640331702176875e-01	1.752563898515492880e-01	2.417333901201189350e-01	1.448741608067819764e-01	6.926145225034617547e-02	2.744558142583275809e-02	7.166499237493462182e-02
1.059471676790506763e+03	2.695237801166618929e-01	1.751046941418331615e-01	2.419019652395277553e-01	1.449721902086586744e-01	6.929880246383680886e-02	2.746885416861940751e-02	7.172971366064376242e-02
1.060923007854603611e+03	2.692839404286325178e-01	1.749532467655704748e-01	2.420702383660066903e-01	1.450700486456612259e-01	6.933608242969714619e-02	2.749210261573748967e-02	7.179434074847593217e-02
1.062374338918700232e+03	2.690445133962623969e-01	1.748020473081720039e-01	2.422382100513496561e-01	1.451677364646155599e-01	6.937329230126081103e-02	2.751532676290582846e-02	7.185887371521522404e-02
1.063825669982796853e+03	2.688054983109172680e-01	1.746510953557554868e-01	2.424058808462064840e-01	1.452652540114461321e-01	6.941043223148568586e-02	2.753852660600595789e-02	7.192331263796447605e-02
1.065277001046893474e+03	2.685668944651938284e-01	1.745003904951442086e-01	2.425732513000860568e-01	1.453626016311790614e-01	6.944750237295489736e-02	2.756170214108126515e-02	7.198765759414224585e-02
1.066728332110990095e+03	2.683287011529172927e-01	1.743499323138657520e-01	2.427403219613593066e-01	1.454597796679452659e-01	6.948450287787789892e-02	2.758485336433618915e-02	7.205190866147986872e-02
1.068179663175086489e+03	2.680909176691393947e-01	1.741997204001508592e-01	2.429070933772624064e-01	1.455567884649835719e-01	6.952143389809144203e-02	2.760798027213539479e-02	7.211606591801855703e-02
1.069630994239183110e+03	2.678535433101359442e-01	1.740497543429320171e-01	2.430735660938997955e-01	1.456536283646438223e-01	6.955829558506068655e-02	2.763108286100294728e-02	7.218012944210644433e-02
1.071082325303279504e+03	2.676165773734048847e-01	1.739000337318423184e-01	2.432397406562471776e-01	1.457502997083900409e-01	6.959508808988010276e-02	2.765416112762150366e-02	7.224409931239567095e-02
1.072533656367376352e+03	2.673800191576639618e-01	1.737505581572141022e-01	2.434056176081547118e-01	1.458468028368033464e-01	6.963181156327456767e-02	2.767721506883149760e-02	7.230797560783951139e-02
1.073984987431472746e+03	2.671438679628486135e-01	1.736013272100777605e-01	2.435711974923499556e-01	1.459431380895852004e-01	6.966846615560037814e-02	2.770024468163032744e-02	7.237175840768952928e-02
1.075436318495569594e+03	2.669081230901096946e-01	1.734523404821605441e-01	2.437364808504408342e-01	1.460393058055602655e-01	6.970505201684619456e-02	2.772324996317156523e-02	7.243544779149271862e-02
1.076887649559666215e+03	2.666727838418112562e-01	1.733035975658852312e-01	2.439014682229188047e-01	1.461353063226796534e-01	6.974156929663410942e-02	2.774623091076413792e-02	7.249904383908863104e-02
1.078338980623762609e+03	2.664378495215287135e-01	1.731550980543688778e-01	2.440661601491617427e-01	1.462311399780237831e-01	6.977801814422061877e-02	2.776918752187153977e-02	7.256254663060664190e-02
1.079790311687859230e+03	2.662033194340461262e-01	1.730068415414215965e-01	2.442305571674369957e-01	1.463268071078054344e-01	6.981439870849764917e-02	2.779211979411104136e-02	7.262595624646304981e-02
1.081241642751955851e+03	2.659691928853545884e-01	1.728588276215453912e-01	2.443946598149043525e-01	1.464223080473728567e-01	6.985071113799352915e-02	2.781502772525288464e-02	7.268927276735839826e-02
1.082692973816052472e+03	2.657354691826495641e-01	1.727110558899327686e-01	2.445584686276189856e-01	1.465176431312125160e-01	6.988695558087398840e-02	2.783791131321950232e-02	7.275249627427463062e-02
1.084144304880149093e+03	2.655021476343292219e-01	1.725635259424656287e-01	2.447219841405344209e-01	1.466128126929523434e-01	6.992313218494318472e-02	2.786077055608473727e-02	7.281562684847241174e-02
1.085595635944245487e+03	2.652692275499918262e-01	1.724162373757140432e-01	2.448852068875055354e-01	1.467078170653645375e-01	6.995924109764460608e-02	2.788360545207305488e-02	7.287866457148835242e-02
1.087046967008342108e+03	2.650367082404339603e-01	1.722691897869348676e-01	2.450481374012913882e-01	1.468026565803684513e-01	6.999528246606216697e-02	2.790641599955876254e-02	7.294160952513231710e-02
1.088498298072438729e+03	2.648045890176481953e-01	1.721223827740707146e-01	2.452107762135582736e-01	1.468973315690337289e-01	7.003125643692111046e-02	2.792920219706523585e-02	7.300446179148471770e-02
1.089949629136535123e+03	2.645728691948208700e-01	1.719758159357486216e-01	2.453731238548825244e-01	1.469918423615829695e-01	7.006716315658900740e-02	2.795196404326415543e-02	7.306722145289383519e-02
1.091400960200631971e+03	2.643415480863301470e-01	1.718294888712787460e-01	2.455351808547535375e-01	1.470861892873949472e-01	7.010300277107675559e-02	2.797470153697473663e-02	7.312988859197318281e-02
1.092852291264728365e+03	2.641106250077437378e-01	1.716834011806533389e-01	2.456969477415765490e-01	1.471803726750071928e-01	7.013877542603952353e-02	2.799741467716294549e-02	7.319246329159881381e-02
1.094303622328825213e+03	2.638800992758168484e-01	1.715375524645454675e-01	2.458584250426755491e-01	1.472743928521190737e-01	7.017448126677772180e-02	2.802010346294075624e-02	7.325494563490674016e-02
1.095754953392921607e+03	2.636499702084900143e-01	1.713919423243076279e-01	2.460196132842962236e-01	1.473682501455946536e-01	7.021012043823797455e-02	2.804276789356538804e-02	7.331733570529028188e-02
1.097206284457018228e+03	2.634202371248871022e-01	1.712465703619707180e-01	2.461805129916087298e-01	1.474619448814654399e-01	7.024569308501410481e-02	2.806540796843854171e-02	7.337963358639749967e-02
1.098657615521114849e+03	2.631908993453129786e-01	1.711014361802428718e-01	2.463411246887106110e-01	1.475554773849333534e-01	7.028119935134810592e-02	2.808802368710565725e-02	7.344183936212858588e-02
1.100108946585211470e+03	2.629619561912515668e-01	1.709565393825080437e-01	2.465014488986295715e-01	1.476488479803734766e-01	7.031663938113101586e-02	2.811061504925515750e-02	7.350395311663329712e-02
1.101560277649308091e+03	2.627334069853636822e-01	1.708118795728249817e-01	2.466614861433263639e-01	1.477420569913369119e-01	7.035201331790399970e-02	2.813318205471770569e-02	7.356597493430845625e-02
1.103011608713404712e+03	2.625052510514848669e-01	1.706674563559259228e-01	2.468212369436976472e-01	1.478351047405536411e-01	7.038732130485919614e-02	2.815572470346545952e-02	7.362790489979535724e-02
1.104462939777501106e+03	2.622774877146234473e-01	1.705232693372154829e-01	2.469807018195786241e-01	1.479279915499351616e-01	7.042256348484068895e-02	2.817824299561132520e-02	7.368974309797729494e-02
1.105914270841597499e+03	2.620501163009583689e-01	1.703793181227693521e-01	2.471398812897460662e-01	1.480207177405775121e-01	7.045774000034550621e-02	2.820073693140823581e-02	7.375148961397701153e-02
1.107365601905694348e+03	2.618231361378369759e-01	1.702356023193331291e-01	2.472987758719209228e-01	1.481132836327637980e-01	7.049285099352450845e-02	2.822320651124840193e-02	7.381314453315425406e-02
1.108816932969790741e+03	2.615965465537730128e-01	1.700921215343212944e-01	2.474573860827712635e-01	1.482056895459671619e-01	7.052789660618337397e-02	2.824565173566258997e-02	7.387470794110331807e-02
1.110268264033887590e+03	2.613703468784446815e-01	1.699488753758157111e-01	2.476157124379148311e-01	1.482979357988534475e-01	7.056287697978348705e-02	2.826807260531938315e-02	7.393617992365050795e-02
1.111719595097984211e+03	2.611445364426923654e-01	1.698058634525646537e-01	2.477737554519219842e-01	1.483900227092838642e-01	7.059779225544292325e-02	2.829046912102447728e-02	7.399756056685179162e-02
1.113170926162080832e+03	2.609191145785165755e-01	1.696630853739816702e-01	2.479315156383184171e-01	1.484819505943177909e-01	7.063264257393736534e-02	2.831284128371993822e-02	7.405884995699030249e-02
1.114622257226177226e+03	2.606940806190760629e-01	1.695205407501441386e-01	2.480889935095878240e-01	1.485737197702155510e-01	7.066742807570101925e-02	2.833518909448349068e-02	7.412004818057400801e-02
1.116073588290273847e+03	2.604694338986854873e-01	1.693782291917923788e-01	2.482461895771747029e-01	1.486653305524409940e-01	7.070214890082753001e-02	2.835751255452780353e-02	7.418115532433322556e-02
1.117524919354370468e+03	2.602451737528134745e-01	1.692361503103283205e-01	2.484031043514870196e-01	1.487567832556642711e-01	7.073680518907095316e-02	2.837981166519977852e-02	7.424217147521830484e-02
1.118976250418467089e+03	2.600212995180807285e-01	1.690943037178143094e-01	2.485597383418989281e-01	1.488480781937645270e-01	7.077139707984664296e-02	2.840208642797983560e-02	7.430309672039725477e-02
1.120427581482563710e+03	2.597978105322576448e-01	1.689526890269719972e-01	2.487160920567534905e-01	1.489392156798323985e-01	7.080592471223218221e-02	2.842433684448121209e-02	7.436393114725334264e-02
1.121878912546660331e+03	2.595747061342624229e-01	1.688113058511811482e-01	2.488721660033653693e-01	1.490301960261729286e-01	7.084038822496831200e-02	2.844656291644925145e-02	7.442467484338284589e-02
1.123330243610756725e+03	2.593519856641591237e-01	1.686701538044784732e-01	2.490279606880235197e-01	1.491210195443080921e-01	7.087478775645979223e-02	2.846876464576070936e-02	7.448532789659263742e-02
1.124781574674853118e+03	2.591296484631554486e-01	1.685292325015564363e-01	2.491834766159937431e-01	1.492116865449793772e-01	7.090912344477635909e-02	2.849094203442304601e-02	7.454589039489795121e-02
1.126232905738949967e+03	2.589076938736007971e-01	1.683885415577621170e-01	2.493387142915215737e-01	1.493021973381504219e-01	7.094339542765362716e-02	2.851309508457374256e-02	7.460636242652005090e-02
1.127684236803046360e+03	2.586861212389842124e-01	1.682480805890960995e-01	2.494936742178346378e-01	1.493925522330097899e-01	7.097760384249401922e-02	2.853522379847960727e-02	7.466674407988396767e-02
1.129135567867143209e+03	2.584649299039323278e-01	1.681078492122111689e-01	2.496483568971455680e-01	1.494827515379733018e-01	7.101174882636759889e-02	2.855732817853608510e-02	7.472703544361622430e-02
1.130586898931239830e+03	2.582441192142074238e-01	1.679678470444113392e-01	2.498027628306545012e-01	1.495727955606868942e-01	7.104583051601302823e-02	2.857940822726656033e-02	7.478723660654260086e-02
1.132038229995336451e+03	2.580236885167050964e-01	1.678280737036505210e-01	2.499568925185516599e-01	1.496626846080290063e-01	7.107984904783845592e-02	2.860146394732168695e-02	7.484734765768590037e-02
1.133489561059432845e+03	2.578036371594527587e-01	1.676885288085314674e-01	2.501107464600201280e-01	1.497524189861132449e-01	7.111380455792239152e-02	2.862349534147870175e-02	7.490736868626370060e-02
1.134940892123529466e+03	2.575839644916071980e-01	1.675492119783045797e-01	2.502643251532382096e-01	1.498419990002909097e-01	7.114769718201459370e-02	2.864550241264075814e-02	7.496729978168617525e-02
1.136392223187626087e+03	2.573646698634526886e-01	1.674101228328668256e-01	2.504176290953821771e-01	1.499314249551535472e-01	7.118152705553699999e-02	2.866748516383622533e-02	7.502714103355388742e-02
1.137843554251722708e+03	2.571457526263989934e-01	1.672712609927606009e-01	2.505706587826290188e-01	1.500206971545355039e-01	7.121529431358458728e-02	2.868944359821804305e-02	7.508689253165563848e-02
1.139294885315819101e+03	2.569272121329794767e-01	1.671326260791724527e-01	2.507234147101586319e-01	1.501098159015164246e-01	7.124899909092624606e-02	2.871137771906303801e-02	7.514655436596623383e-02
1.140746216379915950e+03	2.567090477368487722e-01	1.669942177139319972e-01	2.508758973721565977e-01	1.501987814984237501e-01	7.128264152200568249e-02	2.873328752977126477e-02	7.520612662664440118e-02
1.142197547444012343e+03	2.564912587927812293e-01	1.668560355195108924e-01	2.510281072618169018e-01	1.502875942468352710e-01	7.131622174094229272e-02	2.875517303386533260e-02	7.526560940403061173e-02
1.143648878508108737e+03	2.562738446566685258e-01	1.667180791190215616e-01	2.511800448713440992e-01	1.503762544475815977e-01	7.134973988153199553e-02	2.877703423498976024e-02	7.532500278864498466e-02
1.145100209572205586e+03	2.560568046855178914e-01	1.665803481362161109e-01	2.513317106919562560e-01	1.504647624007486861e-01	7.138319607724816218e-02	2.879887113691029232e-02	7.538430687118513607e-02
1.146551540636302207e+03	2.558401382374501098e-01	1.664428421954852189e-01	2.514831052138872258e-01	1.505531184056801974e-01	7.141659046124249066e-02	2.882068374351327844e-02	7.544352174252413890e-02
1.148002871700398828e+03	2.556238446716974089e-01	1.663055609218569986e-01	2.516342289263889809e-01	1.506413227609801064e-01	7.144992316634581064e-02	2.884247205880499654e-02	7.550264749370837192e-02
1.149454202764495449e+03	2.554079233486016842e-01	1.661685039409957487e-01	2.517850823177348318e-01	1.507293757645149779e-01	7.148319432506902715e-02	2.886423608691100068e-02	7.556168421595547968e-02
1.150905533828591842e+03	2.551923736296122236e-01	1.660316708792010654e-01	2.519356658752211486e-01	1.508172777134166032e-01	7.151640406960392549e-02	2.888597583207548961e-02	7.562063200065231861e-02
1.152356864892688463e+03	2.549771948772840968e-01	1.658950613634065374e-01	2.520859800851702470e-01	1.509050289040843040e-01	7.154955253182404551e-02	2.890769129866066142e-02	7.567949093935291693e-02
1.153808195956785084e+03	2.547623864552758799e-01	1.657586750211786641e-01	2.522360254329327756e-01	1.509926296321874306e-01	7.158263984328555596e-02	2.892938249114605093e-02	7.573826112377642084e-02
1.155259527020881706e+03	2.545479477283479897e-01	1.656225114807157450e-01	2.523858024028903801e-01	1.510800801926676096e-01	7.161566613522810099e-02	2.895104941412791205e-02	7.579694264580509599e-02
1.156710858084978327e+03	2.543338780623603523e-01	1.654865703708467972e-01	2.525353114784578135e-01	1.511673808797413809e-01	7.164863153857561895e-02	2.897269207231858296e-02	7.585553559748225982e-02
1.158162189149074720e+03	2.541201768242708492e-01	1.653508513210303621e-01	2.526845531420857105e-01	1.512545319869024463e-01	7.168153618393727222e-02	2.899431047054584071e-02	7.591404007101040796e-02
1.159613520213171569e+03	2.539068433821329851e-01	1.652153539613534783e-01	2.528335278752628645e-01	1.513415338069240557e-01	7.171438020160819660e-02	2.901590461375226637e-02	7.597245615874910485e-02
1.161064851277267962e+03	2.536938771050942787e-01	1.650800779225304882e-01	2.529822361585186696e-01	1.514283866318613669e-01	7.174716372157043109e-02	2.903747450699463439e-02	7.603078395321309635e-02
1.162516182341364356e+03	2.534812773633939309e-01	1.649450228359019832e-01	2.531306784714257851e-01	1.515150907530539159e-01	7.177988687349370900e-02	2.905902015544327768e-02	7.608902354707031135e-02
1.163967513405461204e+03	2.532690435283614372e-01	1.648101883334337492e-01	2.532788552926021897e-01	1.516016464611278092e-01	7.181254978673631828e-02	2.908054156438146312e-02	7.614717503313998825e-02
1.165418844469557826e+03	2.530571749724140340e-01	1.646755740477155727e-01	2.534267670997139010e-01	1.516880540459981941e-01	7.184515259034592038e-02	2.910203873920476705e-02	7.620523850439060720e-02
1.166870175533654447e+03	2.528456710690552556e-01	1.645411796119601033e-01	2.535744143694771968e-01	1.517743137968715350e-01	7.187769541306041066e-02	2.912351168542047855e-02	7.626321405393809982e-02
1.168321506597751068e+03	2.526345311928726578e-01	1.644070046600019097e-01	2.537217975776610013e-01	1.518604260022478891e-01	7.191017838330876488e-02	2.914496040864695756e-02	7.632110177504390636e-02
1.169772837661847461e+03	2.524237547195360976e-01	1.642730488262962030e-01	2.538689171990896609e-01	1.519463909499233767e-01	7.194260162921178869e-02	2.916638491461303814e-02	7.637890176111301888e-02
1.171224168725944082e+03	2.522133410257956787e-01	1.641393117459179762e-01	2.540157737076447764e-01	1.520322089269922072e-01	7.197496527858303350e-02	2.918778520915741095e-02	7.643661410569220493e-02
1.172675499790040703e+03	2.520032894894799758e-01	1.640057930545605613e-01	2.541623675762677559e-01	1.521178802198492885e-01	7.200726945892955977e-02	2.920916129822802992e-02	7.649423890246806468e-02
1.174126830854137097e+03	2.517935994894940355e-01	1.638724923885349349e-01	2.543086992769624799e-01	1.522034051141923083e-01	7.203951429745282520e-02	2.923051318788148778e-02	7.655177624526518509e-02
1.175578161918233945e+03	2.515842704058174339e-01	1.637394093847683307e-01	2.544547692807972439e-01	1.522887838950240658e-01	7.207169992104946188e-02	2.925184088428243318e-02	7.660922622804429427e-02
1.177029492982330339e+03	2.513753016195024448e-01	1.636065436808032958e-01	2.546005780579074229e-01	1.523740168466547196e-01	7.210382645631208121e-02	2.927314439370295659e-02	7.666658894490044340e-02
1.178480824046426733e+03	2.511666925126719296e-01	1.634738949147965803e-01	2.547461260774974701e-01	1.524591042527040363e-01	7.213589402953010654e-02	2.929442372252200055e-02	7.672386449006116105e-02
1.179932155110523581e+03	2.509584424685178949e-01	1.633414627255179996e-01	2.548914138078436920e-01	1.525440463961036663e-01	7.216790276669059201e-02	2.931567887722475937e-02	7.678105295788466289e-02
1.181383486174620202e+03	2.507505508712991049e-01	1.632092467523494628e-01	2.550364417162961916e-01	1.526288435590993642e-01	7.219985279347904128e-02	2.933690986440210327e-02	7.683815444285800600e-02
1.182834817238716823e+03	2.505430171063393607e-01	1.630772466352838068e-01	2.551812102692813666e-01	1.527134960232532368e-01	7.223174423528017085e-02	2.935811669074996078e-02	7.689516903959538185e-02
1.184286148302813444e+03	2.503358405600256686e-01	1.629454620149237420e-01	2.553257199323041848e-01	1.527980040694459085e-01	7.226357721717875660e-02	2.937929936306875323e-02	7.695209684283628448e-02
1.185737479366910065e+03	2.501290206198064081e-01	1.628138925324807418e-01	2.554699711699504050e-01	1.528823679778787969e-01	7.229535186396043867e-02	2.940045788826280843e-02	7.700893794744372023e-02
1.187188810431006686e+03	2.499225566741892501e-01	1.626825378297740987e-01	2.556139644458890747e-01	1.529665880280761947e-01	7.232706830011248478e-02	2.942159227333977084e-02	7.706569244840254240e-02
1.188640141495103080e+03	2.497164481127393532e-01	1.625513975492297036e-01	2.557577002228744734e-01	1.530506644988875731e-01	7.235872664982466451e-02	2.944270252541003260e-02	7.712236044081757780e-02
1.190091472559199701e+03	2.495106943260776144e-01	1.624204713338791017e-01	2.559011789627488320e-01	1.531345976684898025e-01	7.239032703698995708e-02	2.946378865168614025e-02	7.717894201991205849e-02
1.191542803623296322e+03	2.493052947058786162e-01	1.622897588273582437e-01	2.560444011264441655e-01	1.532183878143891786e-01	7.242186958520537010e-02	2.948485065948223960e-02	7.723543728102576222e-02
1.192994134687392716e+03	2.491002486448688213e-01	1.621592596739066805e-01	2.561873671739847702e-01	1.533020352134236430e-01	7.245335441777274454e-02	2.950588855621348594e-02	7.729184631961338869e-02
1.194445465751489564e+03	2.488955555368247974e-01	1.620289735183663427e-01	2.563300775644895002e-01	1.533855401417649755e-01	7.248478165769960124e-02	2.952690234939548894e-02	7.734816923124278321e-02
1.195896796815585958e+03	2.486912147765712733e-01	1.618989000061804850e-01	2.564725327561739876e-01	1.534689028749209039e-01	7.251615142769977929e-02	2.954789204664372629e-02	7.740440611159335460e-02
1.197348127879682352e+03	2.484872257599791967e-01	1.617690387833926602e-01	2.566147332063526965e-01	1.535521236877372964e-01	7.254746385019437971e-02	2.956885765567300595e-02	7.746055705645431277e-02
1.198799458943779200e+03	2.482835878839640131e-01	1.616393894966456357e-01	2.567566793714413653e-01	1.536352028544001602e-01	7.257871904731245938e-02	2.958979918429687980e-02	7.751662216172304498e-02
1.200250790007875821e+03	2.480803005464837785e-01	1.615099517931803952e-01	2.568983717069591166e-01	1.537181406484378898e-01	7.260991714089180815e-02	2.961071664042709203e-02	7.757260152340342274e-02
1.201702121071972442e+03	2.478773631465373273e-01	1.613807253208350001e-01	2.570398106675307881e-01	1.538009373427233206e-01	7.264105825247976767e-02	2.963161003207302399e-02	7.762849523760424753e-02
1.203153452136069063e+03	2.476747750841623574e-01	1.612517097280436462e-01	2.571809967068890423e-01	1.538835932094758108e-01	7.267214250333398073e-02	2.965247936734113562e-02	7.768430340053748828e-02
1.204604783200165684e+03	2.474725357604336540e-01	1.611229046638355256e-01	2.573219302778765316e-01	1.539661085202634061e-01	7.270317001442316851e-02	2.967332465443441383e-02	7.774002610851675488e-02
1.206056114264262078e+03	2.472706445774611739e-01	1.609943097778338827e-01	2.574626118324481738e-01	1.540484835460048385e-01	7.273414090642787988e-02	2.969414590165182083e-02	7.779566345795566051e-02
1.207507445328358699e+03	2.470691009383883252e-01	1.608659247202548492e-01	2.576030418216732620e-01	1.541307185569716631e-01	7.276505529974132414e-02	2.971494311738774249e-02	7.785121554536623967e-02
1.208958776392455093e+03	2.468679042473901075e-01	1.607377491419064719e-01	2.577432206957377403e-01	1.542128138227902845e-01	7.279591331447006486e-02	2.973571631013144714e-02	7.790668246735731051e-02
1.210410107456551941e+03	2.466670539096711412e-01	1.606097826941876860e-01	2.578831489039462577e-01	1.542947696124440382e-01	7.282671507043479708e-02	2.975646548846654083e-02	7.796206432063293446e-02
1.211861438520648335e+03	2.464665493314640576e-01	1.604820250290872330e-01	2.580228268947244996e-01	1.543765861942752171e-01	7.285746068717116608e-02	2.977719066107042956e-02	7.801736120199084801e-02
1.213312769584745183e+03	2.462663899200274731e-01	1.603544757991826886e-01	2.581622551156210754e-01	1.544582638359871807e-01	7.288815028393044737e-02	2.979789183671376421e-02	7.807257320832086678e-02
1.214764100648841804e+03	2.460665750836443788e-01	1.602271346576393529e-01	2.583014340133098496e-01	1.545398028046462424e-01	7.291878397968035164e-02	2.981856902425993050e-02	7.812770043660338670e-02
1.216215431712937971e+03	2.458671042316201427e-01	1.601000012582092513e-01	2.584403640335921626e-01	1.546212033666838626e-01	7.294936189310578800e-02	2.983922223266449389e-02	7.818274298390777421e-02
1.217666762777034819e+03	2.456679767742808440e-01	1.599730752552301627e-01	2.585790456213987731e-01	1.547024657878985909e-01	7.297988414260957180e-02	2.985985147097466874e-02	7.823770094739095071e-02
1.219118093841131440e+03	2.454691921229713025e-01	1.598463563036245094e-01	2.587174792207919682e-01	1.547835903334580376e-01	7.301035084631321559e-02	2.988045674832879792e-02	7.829257442429572722e-02
1.220569424905228061e+03	2.452707496900534967e-01	1.597198440588983859e-01	2.588556652749678944e-01	1.548645772679008992e-01	7.304076212205763696e-02	2.990103807395580807e-02	7.834736351194943049e-02
1.222020755969324682e+03	2.450726488889044818e-01	1.595935381771405315e-01	2.589936042262585558e-01	1.549454268551389846e-01	7.307111808740396341e-02	2.992159545717471697e-02	7.840206830776233482e-02
1.223472087033421303e+03	2.448748891339149469e-01	1.594674383150211927e-01	2.591312965161337578e-01	1.550261393584591862e-01	7.310141885963421238e-02	2.994212890739407149e-02	7.845668890922616323e-02
1.224923418097517697e+03	2.446774698404870496e-01	1.593415441297913460e-01	2.592687425852035488e-01	1.551067150405254502e-01	7.313166455575206837e-02	2.996263843411145489e-02	7.851122541391264420e-02
1.226374749161614318e+03	2.444803904250328896e-01	1.592158552792814485e-01	2.594059428732199968e-01	1.551871541633806639e-01	7.316185529248363240e-02	2.998312404691294564e-02	7.856567791947202672e-02
1.227826080225710712e+03	2.442836503049725660e-01	1.590903714219005782e-01	2.595428978190793545e-01	1.552674569884487377e-01	7.319199118627811584e-02	3.000358575547262818e-02	7.862004652363163704e-02
1.229277411289807560e+03	2.440872488987324840e-01	1.589650922166352953e-01	2.596796078608242242e-01	1.553476237765365198e-01	7.322207235330863151e-02	3.002402356955204826e-02	7.867433132419440756e-02
1.230728742353903954e+03	2.438911856257436062e-01	1.588400173230487544e-01	2.598160734356455004e-01	1.554276547878357118e-01	7.325209890947285973e-02	3.004443749899972371e-02	7.872853241903743360e-02
1.232180073418000802e+03	2.436954599064395932e-01	1.587151464012795943e-01	2.599522949798846461e-01	1.555075502819247557e-01	7.328207097039383944e-02	3.006482755375062751e-02	7.878264990611054397e-02
1.233631404482097196e+03	2.435000711622550273e-01	1.585904791120409663e-01	2.600882729290354689e-01	1.555873105177709437e-01	7.331198865142064813e-02	3.008519374382567779e-02	7.883668388343489930e-02
1.235082735546193817e+03	2.433050188156236360e-01	1.584660151166195630e-01	2.602240077177462863e-01	1.556669357537321663e-01	7.334185206762919296e-02	3.010553607933122780e-02	7.889063444910157652e-02
1.236534066610290438e+03	2.431103022899765986e-01	1.583417540768746190e-01	2.603594997798220345e-01	1.557464262475588002e-01	7.337166133382284905e-02	3.012585457045857326e-02	7.894450170127015332e-02
1.237985397674387059e+03	2.429159210097407706e-01	1.582176956552368285e-01	2.604947495482262676e-01	1.558257822563957895e-01	7.340141656453326446e-02	3.014614922748344583e-02	7.899828573816729260e-02
1.239436728738483680e+03	2.427218744003368511e-01	1.580938395147073738e-01	2.606297574550830998e-01	1.559050040367843670e-01	7.343111787402101243e-02	3.016642006076551349e-02	7.905198665808542413e-02
1.240888059802580301e+03	2.425281618881776902e-01	1.579701853188569816e-01	2.607645239316793706e-01	1.559840918446640801e-01	7.346076537627634073e-02	3.018666708074787750e-02	7.910560455938131508e-02
1.242339390866676695e+03	2.423347829006665122e-01	1.578467327318249513e-01	2.608990494084663658e-01	1.560630459353745669e-01	7.349035918501990727e-02	3.020689029795659356e-02	7.915913954047472390e-02
1.243790721930773088e+03	2.421417368661951397e-01	1.577234814183179623e-01	2.610333343150623153e-01	1.561418665636574721e-01	7.351989941370346004e-02	3.022708972300016533e-02	7.921259169984701254e-02
1.245242052994869937e+03	2.419490232141423280e-01	1.576004310436094069e-01	2.611673790802539474e-01	1.562205539836583335e-01	7.354938617551055879e-02	3.024726536656905870e-02	7.926596113603986971e-02
1.246693384058966330e+03	2.417566413748719611e-01	1.574775812735380864e-01	2.613011841319987094e-01	1.562991084489283589e-01	7.357881958335728279e-02	3.026741723943520909e-02	7.931924794765390918e-02
1.248144715123063179e+03	2.415645907797312197e-01	1.573549317745073783e-01	2.614347498974265993e-01	1.563775302124264799e-01	7.360819974989292469e-02	3.028754535245154617e-02	7.937245223334736532e-02
1.249596046187159800e+03	2.413728708610490825e-01	1.572324822134842370e-01	2.615680768028423309e-01	1.564558195265208784e-01	7.363752678750075387e-02	3.030764971655149076e-02	7.942557409183476080e-02
1.251047377251256421e+03	2.411814810521343555e-01	1.571102322579982502e-01	2.617011652737271099e-01	1.565339766429910962e-01	7.366680080829865473e-02	3.032773034274849344e-02	7.947861362188561596e-02
1.252498708315352815e+03	2.409904207872740900e-01	1.569881815761405286e-01	2.618340157347407993e-01	1.566120018130297553e-01	7.369602192413983455e-02	3.034778724213553491e-02	7.953157092232311653e-02
1.253950039379449436e+03	2.407996895017317229e-01	1.568663298365628733e-01	2.619666286097236951e-01	1.566898952872443351e-01	7.372519024661355891e-02	3.036782042588466110e-02	7.958444609202283693e-02
1.255401370443546057e+03	2.406092866317454948e-01	1.567446767084766379e-01	2.620990043216986920e-01	1.567676573156590869e-01	7.375430588704581791e-02	3.038782990524650784e-02	7.963723922991147730e-02
1.256852701507642678e+03	2.404192116145266456e-01	1.566232218616519789e-01	2.622311432928729480e-01	1.568452881477168104e-01	7.378336895650003391e-02	3.040781569154982211e-02	7.968995043496553132e-02
1.258304032571739299e+03	2.402294638882577216e-01	1.565019649664165791e-01	2.623630459446400498e-01	1.569227880322805468e-01	7.381237956577774151e-02	3.042777779620097975e-02	7.974257980621006492e-02
1.259755363635835920e+03	2.400400428920908269e-01	1.563809056936549813e-01	2.624947126975820111e-01	1.570001572176355775e-01	7.384133782541930924e-02	3.044771623068353444e-02	7.979512744271745339e-02
1.261206694699932314e+03	2.398509480661459858e-01	1.562600437148073673e-01	2.626261439714709378e-01	1.570773959514910334e-01	7.387024384570459179e-02	3.046763100655773548e-02	7.984759344360609079e-02
1.262658025764028707e+03	2.396621788515093388e-01	1.561393787018687807e-01	2.627573401852710822e-01	1.571545044809816716e-01	7.389909773665362391e-02	3.048752213546007672e-02	7.989997790803921029e-02
1.264109356828125556e+03	2.394737346902314767e-01	1.560189103273880162e-01	2.628883017571407299e-01	1.572314830526698459e-01	7.392789960802734206e-02	3.050738962910281432e-02	7.995228093522357971e-02
1.265560687892221949e+03	2.392856150253258041e-01	1.558986382644667601e-01	2.630190291044341988e-01	1.573083319125469781e-01	7.395664956932820888e-02	3.052723349927351920e-02	8.000450262440833571e-02
1.267012018956318798e+03	2.390978193007667341e-01	1.557785621867585346e-01	2.631495226437036705e-01	1.573850513060355283e-01	7.398534772980094876e-02	3.054705375783460519e-02	8.005664307488374876e-02
1.268463350020415419e+03	2.389103469614880515e-01	1.556586817684678381e-01	2.632797827907011889e-01	1.574616414779906881e-01	7.401399419843318617e-02	3.056685041672287800e-02	8.010870238597997406e-02
1.269914681084511813e+03	2.387231974533812473e-01	1.555389966843490623e-01	2.634098099603802146e-01	1.575381026727021294e-01	7.404258908395615346e-02	3.058662348794908073e-02	8.016068065706589973e-02
1.271366012148608434e+03	2.385363702232937144e-01	1.554195066097056599e-01	2.635396045668980669e-01	1.576144351338957250e-01	7.407113249484531536e-02	3.060637298359744629e-02	8.021257798754795332e-02
1.272817343212705055e+03	2.383498647190271658e-01	1.553002112203890894e-01	2.636691670236172569e-01	1.576906391047352141e-01	7.409962453932110449e-02	3.062609891582522212e-02	8.026439447686886663e-02
1.274268674276801676e+03	2.381636803893359966e-01	1.551811101927979275e-01	2.637984977431075961e-01	1.577667148278240894e-01	7.412806532534954584e-02	3.064580129686223994e-02	8.031613022450656558e-02
1.275720005340898297e+03	2.379778166839254527e-01	1.550622032038768416e-01	2.639275971371481955e-01	1.578426625452070964e-01	7.415645496064297848e-02	3.066548013901046477e-02	8.036778532997297664e-02
1.277171336404994690e+03	2.377922730534499929e-01	1.549434899311157299e-01	2.640564656167291302e-01	1.579184824983721480e-01	7.418479355266063835e-02	3.068513545464354036e-02	8.041935989281283337e-02
1.278622667469091539e+03	2.376070489495117621e-01	1.548249700525487216e-01	2.641851035920532720e-01	1.579941749282519070e-01	7.421308120860942159e-02	3.070476725620635561e-02	8.047085401260256621e-02
1.280073998533187932e+03	2.374221438246587601e-01	1.547066432467532060e-01	2.643135114725383428e-01	1.580697400752255066e-01	7.424131803544448127e-02	3.072437555621460037e-02	8.052226778894913672e-02
1.281525329597284326e+03	2.372375571323832033e-01	1.545885091928489996e-01	2.644416896668185246e-01	1.581451781791202715e-01	7.426950413986987964e-02	3.074396036725431103e-02	8.057360132148889964e-02
1.282976660661381175e+03	2.370532883271198876e-01	1.544705675704972081e-01	2.645696385827464581e-01	1.582204894792132721e-01	7.429763962833930979e-02	3.076352170198144373e-02	8.062485470988650649e-02
1.284427991725477568e+03	2.368693368642445507e-01	1.543528180598994215e-01	2.646973586273950740e-01	1.582956742142332118e-01	7.432572460705669237e-02	3.078305957312144417e-02	8.067602805383372599e-02
1.285879322789574417e+03	2.366857022000721789e-01	1.542352603417968260e-01	2.648248502070592592e-01	1.583707326223618983e-01	7.435375918197686951e-02	3.080257399346880351e-02	8.072712145304838938e-02
1.287330653853671038e+03	2.365023837918553695e-01	1.541178940974691214e-01	2.649521137272577431e-01	1.584456649412359641e-01	7.438174345880624316e-02	3.082206497588662122e-02	8.077813500727322460e-02
1.288781984917767431e+03	2.363193810977825826e-01	1.540007190087336331e-01	2.650791495927350416e-01	1.585204714079486155e-01	7.440967754300339965e-02	3.084153253330617836e-02	8.082906881627484330e-02
1.290233315981864052e+03	2.361366935769766973e-01	1.538837347579445070e-01	2.652059582074631217e-01	1.585951522590511309e-01	7.443756153977984513e-02	3.086097667872651773e-02	8.087992297984254730e-02
