1.001418434226643626e+03	2.794555391449404236e-01	1.813794799513407385e-01	2.349252664945067626e-01	1.409126376643029810e-01	6.774164932638954140e-02	2.652291264480354654e-02	6.906251477349387158e-02
1.003837319333471214e+03	2.790274234632576511e-01	1.811102493287933823e-01	2.352265507993801241e-01	1.410873892370994309e-01	6.780854881886555496e-02	2.656334631593104678e-02	6.917649203645065414e-02
1.006256204440298802e+03	2.786005348730615783e-01	1.808417535236489515e-01	2.355269354064380427e-01	1.412616269321366469e-01	6.787523623877433909e-02	2.660371363177451570e-02	6.929019939394383265e-02
1.008675089547126618e+03	2.781748698597828473e-01	1.805739904905063475e-01	2.358264230725695687e-01	1.414353525407954781e-01	6.794171236962746885e-02	2.664401453188434271e-02	6.940363713461185358e-02
1.011093974653954206e+03	2.777504249190633767e-01	1.803069581897877582e-01	2.361250165449326754e-01	1.416085678462354613e-01	6.800797799166138913e-02	2.668424895743199549e-02	6.951680555066529210e-02
1.013512859760782021e+03	2.773271965567254416e-01	1.800406545877210052e-01	2.364227185610001669e-01	1.417812746234458909e-01	6.807403388185290227e-02	2.672441685119659668e-02	6.962970493783597614e-02
1.015931744867609382e+03	2.769051812887407538e-01	1.797750776563220021e-01	2.367195318486055300e-01	1.419534746392966951e-01	6.813988081393453078e-02	2.676451815755158739e-02	6.974233559532685978e-02
1.018350629974437197e+03	2.764843756411999864e-01	1.795102253733775743e-01	2.370154591259882870e-01	1.421251696525887009e-01	6.820551955840965797e-02	2.680455282245149812e-02	6.985469782576225750e-02
1.020769515081264785e+03	2.760647761502819653e-01	1.792460957224279172e-01	2.373105031018391542e-01	1.422963614141035116e-01	6.827095088256787681e-02	2.684452079341878919e-02	6.996679193513874462e-02
1.023188400188092373e+03	2.756463793622233038e-01	1.789826866927492766e-01	2.376046664753448945e-01	1.424670516666532716e-01	6.833617555050001957e-02	2.688442201953080909e-02	7.007861823277634905e-02
1.025607285294920075e+03	2.752291818332881501e-01	1.787199962793367958e-01	2.378979519362327544e-01	1.426372421451296835e-01	6.840119432311320136e-02	2.692425645140684304e-02	7.019017703127045094e-02
1.028026170401747549e+03	2.748131801297377108e-01	1.784580224828873352e-01	2.381903621648148450e-01	1.428069345765529963e-01	6.846600795814573870e-02	2.696402404119521701e-02	7.030146864644401528e-02
1.030445055508575479e+03	2.743983708278001643e-01	1.781967633097822357e-01	2.384818998320319960e-01	1.429761306801203835e-01	6.853061721018208208e-02	2.700372474256053715e-02	7.041249339730043522e-02
1.032863940615402726e+03	2.739847505136406292e-01	1.779362167720703880e-01	2.387725675994974983e-01	1.431448321672539881e-01	6.859502283066755413e-02	2.704335851067099505e-02	7.052325160597677778e-02
1.035282825722230655e+03	2.735723157833310770e-01	1.776763808874511352e-01	2.390623681195404304e-01	1.433130407416487728e-01	6.865922556792312947e-02	2.708292530218576674e-02	7.063374359769754307e-02
1.037701710829058356e+03	2.731610632428205232e-01	1.774172536792574528e-01	2.393513040352487353e-01	1.434807580993197051e-01	6.872322616716003418e-02	2.712242507524250529e-02	7.074396970072890922e-02
1.040120595935886058e+03	2.727509895079053281e-01	1.771588331764389346e-01	2.396393779805121027e-01	1.436479859286489136e-01	6.878702537049433130e-02	2.716185778944491327e-02	7.085393024633337977e-02
1.042539481042713533e+03	2.723420912041993325e-01	1.769011174135450559e-01	2.399265925800645183e-01	1.438147259104322062e-01	6.885062391696135375e-02	2.720122340585040543e-02	7.096362556872504168e-02
1.044958366149541234e+03	2.719343649671043806e-01	1.766441044307082986e-01	2.402129504495265078e-01	1.439809797179255058e-01	6.891402254253023441e-02	2.724052188695786150e-02	7.107305600502510090e-02
1.047377251256368709e+03	2.715278074417808996e-01	1.763877922736275528e-01	2.404984541954471033e-01	1.441467490168906740e-01	6.897722198011814465e-02	2.727975319669546581e-02	7.118222189521807020e-02
1.049796136363196410e+03	2.711224152831184231e-01	1.761321789935514359e-01	2.407831064153455880e-01	1.443120354656410587e-01	6.904022295960458855e-02	2.731891730040862318e-02	7.129112358210817901e-02
1.052215021470024112e+03	2.707181851557062813e-01	1.758772626472616674e-01	2.410669096977529069e-01	1.444768407150869294e-01	6.910302620784559979e-02	2.735801416484797896e-02	7.139976141127650500e-02
1.054633906576851814e+03	2.703151137338045129e-01	1.756230412970565535e-01	2.413498666222529954e-01	1.446411664087801918e-01	6.916563244868785543e-02	2.739704375815749798e-02	7.150813573103827203e-02
1.057052791683679516e+03	2.699131977013146666e-01	1.753695130107344458e-01	2.416319797595235241e-01	1.448050141829590187e-01	6.922804240298274792e-02	2.743600604986264069e-02	7.161624689240086994e-02
1.059471676790506763e+03	2.695124337517508240e-01	1.751166758615774477e-01	2.419132516713766168e-01	1.449683856665920922e-01	6.929025678860029069e-02	2.747490101085863293e-02	7.172409524902201294e-02
1.061890561897334692e+03	2.691128185882106227e-01	1.748645279283349285e-01	2.421936849107993173e-01	1.451312824814225411e-01	6.935227632044305146e-02	2.751372861339880516e-02	7.183168115716857816e-02
1.064309447004162394e+03	2.687143489233467242e-01	1.746130672952072305e-01	2.424732820219936413e-01	1.452937062420114056e-01	6.941410171046001609e-02	2.755248883108300795e-02	7.193900497567576324e-02
1.066728332110990095e+03	2.683170214793378361e-01	1.743622920518294594e-01	2.427520455404164890e-01	1.454556585557809367e-01	6.947573366766025826e-02	2.759118163884612465e-02	7.204606706590668819e-02
1.069147217217817570e+03	2.679208329878600137e-01	1.741122002932552759e-01	2.430299779928192794e-01	1.456171410230575336e-01	6.953717289812670621e-02	2.762980701294667080e-02	7.215286779171235787e-02
1.071566102324645271e+03	2.675257801900583488e-01	1.738627901199406578e-01	2.433070818972873361e-01	1.457781552371142375e-01	6.959842010502972909e-02	2.766836493095543165e-02	7.225940751939213813e-02
1.073984987431472746e+03	2.671318598365183816e-01	1.736140596377279410e-01	2.435833597632789671e-01	1.459387027842131146e-01	6.965947598864062618e-02	2.770685537174424548e-02	7.236568661765460653e-02
1.076403872538300675e+03	2.667390686872379568e-01	1.733660069578296659e-01	2.438588140916643499e-01	1.460987852436471113e-01	6.972034124634519936e-02	2.774527831547480075e-02	7.247170545757879168e-02
1.078822757645127922e+03	2.663474035115988015e-01	1.731186301968127006e-01	2.441334473747642231e-01	1.462584041877817986e-01	6.978101657265702029e-02	2.778363374358755813e-02	7.257746441257580117e-02
1.081241642751955851e+03	2.659568610883383255e-01	1.728719274765822267e-01	2.444072620963882447e-01	1.464175611820965894e-01	6.984150265923090573e-02	2.782192163879073504e-02	7.268296385835090745e-02
1.083660527858783553e+03	2.655674382055216998e-01	1.726258969243659180e-01	2.446802607318730727e-01	1.465762577852258719e-01	6.990180019487607366e-02	2.786014198504935951e-02	7.278820417286598066e-02
1.086079412965611255e+03	2.651791316605138227e-01	1.723805366726980648e-01	2.449524457481203066e-01	1.467344955489995884e-01	6.996190986556942437e-02	2.789829476757442125e-02	7.289318573630236553e-02
1.088498298072438729e+03	2.647919382599513427e-01	1.721358448594039192e-01	2.452238196036342077e-01	1.468922760184837861e-01	7.002183235446857168e-02	2.793637997281207819e-02	7.299790893102407752e-02
1.090917183179266431e+03	2.644058548197150693e-01	1.718918196275838750e-01	2.454943847485591135e-01	1.470496007320206133e-01	7.008156834192497131e-02	2.797439758843295321e-02	7.310237414154144298e-02
1.093336068286093905e+03	2.640208781649020509e-01	1.716484591255978409e-01	2.457641436247165190e-01	1.472064712212682036e-01	7.014111850549692440e-02	2.801234760332149340e-02	7.320658175447510019e-02
1.095754953392921607e+03	2.636370051297980965e-01	1.714057615070496421e-01	2.460330986656421304e-01	1.473628890112401169e-01	7.020048351996242830e-02	2.805023000756543330e-02	7.331053215852034732e-02
1.098173838499749309e+03	2.632542325578502429e-01	1.711637249307713937e-01	2.463012522966225859e-01	1.475188556203446688e-01	7.025966405733211073e-02	2.808804479244530333e-02	7.341422574441196225e-02
1.100592723606577010e+03	2.628725573016392758e-01	1.709223475608081244e-01	2.465686069347319542e-01	1.476743725604236779e-01	7.031866078686198340e-02	2.812579195042401448e-02	7.351766290488927214e-02
1.103011608713404712e+03	2.624919762228523634e-01	1.706816275664022886e-01	2.468351649888680110e-01	1.478294413367912952e-01	7.037747437506616799e-02	2.816347147513652630e-02	7.362084403466162552e-02
1.105430493820231959e+03	2.621124861922560223e-01	1.704415631219783345e-01	2.471009288597882381e-01	1.479840634482722794e-01	7.043610548572955266e-02	2.820108336137960164e-02	7.372376953037432235e-02
1.107849378927059888e+03	2.617340840896685839e-01	1.702021524071272718e-01	2.473659009401456832e-01	1.481382403872400499e-01	7.049455477992043473e-02	2.823862760510160649e-02	7.382643979057475214e-02
1.110268264033887590e+03	2.613567668039332714e-01	1.699633936065916284e-01	2.476300836145246265e-01	1.482919736396544341e-01	7.055282291600296907e-02	2.827610420339239303e-02	7.392885521567904572e-02
1.112687149140715292e+03	2.609805312328914439e-01	1.697252849102499350e-01	2.478934792594757464e-01	1.484452646850992763e-01	7.061091054964975522e-02	2.831351315447325906e-02	7.403101620793889337e-02
1.115106034247542766e+03	2.606053742833555065e-01	1.694878245131017092e-01	2.481560902435515359e-01	1.485981149968196302e-01	7.066881833385409151e-02	2.835085445768697684e-02	7.413292317140895982e-02
1.117524919354370468e+03	2.602312928710817652e-01	1.692510106152522176e-01	2.484179189273411081e-01	1.487505260417586461e-01	7.072654691894242340e-02	2.838812811348788434e-02	7.423457651191435469e-02
1.119943804461197942e+03	2.598582839207442818e-01	1.690148414218974604e-01	2.486789676635048907e-01	1.489024992805943470e-01	7.078409695258659762e-02	2.842533412343206667e-02	7.433597663701872749e-02
1.122362689568025871e+03	2.594863443659080060e-01	1.687793151433090721e-01	2.489392387968092923e-01	1.490540361677759884e-01	7.084146907981603292e-02	2.846247249016757574e-02	7.443712395599247356e-02
1.124781574674853118e+03	2.591154711490019635e-01	1.685444299948193059e-01	2.491987346641608148e-01	1.492051381515602237e-01	7.089866394302991870e-02	2.849954321742475399e-02	7.453801887978148133e-02
1.127200459781681047e+03	2.587456612212931661e-01	1.683101841968061840e-01	2.494574575946403583e-01	1.493558066740469370e-01	7.095568218200927479e-02	2.853654631000660316e-02	7.463866182097600444e-02
1.129619344888508749e+03	2.583769115428599106e-01	1.680765759746785659e-01	2.497154099095368618e-01	1.495060431712149640e-01	7.101252443392899738e-02	2.857348177377922599e-02	7.473905319378000567e-02
1.132038229995336451e+03	2.580092190825657994e-01	1.678436035588612429e-01	2.499725939223812199e-01	1.496558490729573421e-01	7.106919133336978001e-02	2.861034961566235116e-02	7.483919341398086178e-02
1.134457115102163925e+03	2.576425808180330956e-01	1.676112651847802837e-01	2.502290119389795620e-01	1.498052258031164485e-01	7.112568351233007624e-02	2.864714984361989292e-02	7.493908289891919317e-02
1.136876000208991627e+03	2.572769937356170766e-01	1.673795590928481569e-01	2.504846662574466420e-01	1.499541747795188340e-01	7.118200160023793743e-02	2.868388246665061828e-02	7.503872206745926254e-02
1.139294885315819101e+03	2.569124548303797217e-01	1.671484835284491322e-01	2.507395591682387570e-01	1.501026974140097781e-01	7.123814622396273943e-02	2.872054749477884888e-02	7.513811133995947078e-02
1.141713770422646803e+03	2.565489611060637332e-01	1.669180367419245137e-01	2.509936929541868866e-01	1.502507951124876784e-01	7.129411800782693709e-02	2.875714493904523925e-02	7.523725113824336619e-02
1.144132655529474505e+03	2.561865095750666677e-01	1.666882169885581799e-01	2.512470698905291955e-01	1.503984692749381347e-01	7.134991757361773546e-02	2.879367481149763125e-02	7.533614188557079261e-02
1.146551540636302207e+03	2.558250972584152350e-01	1.664590225285619562e-01	2.514996922449432848e-01	1.505457212954676438e-01	7.140554554059867776e-02	2.883013712518195729e-02	7.543478400660946770e-02
1.148970425743129908e+03	2.554647211857395406e-01	1.662304516270611543e-01	2.517515622775789441e-01	1.506925525623373507e-01	7.146100252552117782e-02	2.886653189413321968e-02	7.553317792740678327e-02
1.151389310849957155e+03	2.551053783952473841e-01	1.660025025540800836e-01	2.520026822410897926e-01	1.508389644579963274e-01	7.151628914263605252e-02	2.890285913336651524e-02	7.563132407536199420e-02
1.153808195956785084e+03	2.547470659336988907e-01	1.657751735845276464e-01	2.522530543806653647e-01	1.509849583591146016e-01	7.157140600370491546e-02	2.893911885886816387e-02	7.572922287919862938e-02
1.156227081063612786e+03	2.543897808563807539e-01	1.655484629981829880e-01	2.525026809340627509e-01	1.511305356366161590e-01	7.162635371801150119e-02	2.897531108758685456e-02	7.582687476893723577e-02
1.158645966170440488e+03	2.540335202270810888e-01	1.653223690796812029e-01	2.527515641316382955e-01	1.512756976557114164e-01	7.168113289237303121e-02	2.901143583742488499e-02	7.592428017586839994e-02
1.161064851277267962e+03	2.536782811180641195e-01	1.650968901184990678e-01	2.529997061963784599e-01	1.514204457759296685e-01	7.173574413115148263e-02	2.904749312722944635e-02	7.602143953252608888e-02
1.163483736384095664e+03	2.533240606100447545e-01	1.648720244089407483e-01	2.532471093439314647e-01	1.515647813511512842e-01	7.179018803626471823e-02	2.908348297678398781e-02	7.611835327266132378e-02
1.165902621490923138e+03	2.529708557921637735e-01	1.646477702501238372e-01	2.534937757826379867e-01	1.517087057296395147e-01	7.184446520719768581e-02	2.911940540679962275e-02	7.621502183121592333e-02
1.168321506597751068e+03	2.526186637619624586e-01	1.644241259459649218e-01	2.537397077135618018e-01	1.518522202540722732e-01	7.189857624101345102e-02	2.915526043890660779e-02	7.631144564429685750e-02
1.170740391704578315e+03	2.522674816253577257e-01	1.642010898051657897e-01	2.539849073305205929e-01	1.519953262615735268e-01	7.195252173236425797e-02	2.919104809564589120e-02	7.640762514915058756e-02
1.173159276811406244e+03	2.519173064966171993e-01	1.639786601411992173e-01	2.542293768201163151e-01	1.521380250837446046e-01	7.200630227350247881e-02	2.922676840046069258e-02	7.650356078413789174e-02
1.175578161918233945e+03	2.515681354983345663e-01	1.637568352722950926e-01	2.544731183617651715e-01	1.522803180466950346e-01	7.205991845429152165e-02	2.926242137768818308e-02	7.659925298870884358e-02
1.177997047025061647e+03	2.512199657614045956e-01	1.635356135214263151e-01	2.547161341277280333e-01	1.524222064710735181e-01	7.211337086221671078e-02	2.929800705255118654e-02	7.669470220337806787e-02
1.180415932131889122e+03	2.508727944249986019e-01	1.633149932162951401e-01	2.549584262831399162e-01	1.525636916720984060e-01	7.216666008239609742e-02	2.933352545114996726e-02	7.678990886970037122e-02
1.182834817238716823e+03	2.505266186365396330e-01	1.630949726893191620e-01	2.551999969860399009e-01	1.527047749595880077e-01	7.221978669759115954e-02	2.936897660045406297e-02	7.688487343024652532e-02
1.185253702345544298e+03	2.501814355516785437e-01	1.628755502776175201e-01	2.554408483874005542e-01	1.528454576379907615e-01	7.227275128821754324e-02	2.940436052829417321e-02	7.697959632857934165e-02
1.187672587452371999e+03	2.498372423342688220e-01	1.626567243229971871e-01	2.556809826311574607e-01	1.529857410064150713e-01	7.232555443235566539e-02	2.943967726335413107e-02	7.707407800923007923e-02
1.190091472559199701e+03	2.494940361563427467e-01	1.624384931719392577e-01	2.559204018542380332e-01	1.531256263586591448e-01	7.237819670576133013e-02	2.947492683516289569e-02	7.716831891767501894e-02
1.192510357666027403e+03	2.491518141980869905e-01	1.622208551755851824e-01	2.561591081865907671e-01	1.532651149832403026e-01	7.243067868187627600e-02	2.951010927408662110e-02	7.726231950031230145e-02
1.194929242772855105e+03	2.488105736478183339e-01	1.620038086897232776e-01	2.563971037512139950e-01	1.534042081634242882e-01	7.248300093183859816e-02	2.954522461132079447e-02	7.735608020443912602e-02
1.197348127879682352e+03	2.484703117019596841e-01	1.617873520747750982e-01	2.566343906641844197e-01	1.535429071772544674e-01	7.253516402449322609e-02	2.958027287888240903e-02	7.744960147822907426e-02
1.199767012986510281e+03	2.481310255650159002e-01	1.615714836957818090e-01	2.568709710346860353e-01	1.536812132975804990e-01	7.258716852640224870e-02	2.961525410960219595e-02	7.754288377070976679e-02
1.202185898093337983e+03	2.477927124495498956e-01	1.613562019223907795e-01	2.571068469650378274e-01	1.538191277920870625e-01	7.263901500185529492e-02	2.965016833711692570e-02	7.763592753174070049e-02
1.204604783200165684e+03	2.474553695761587679e-01	1.611415051288421219e-01	2.573420205507224168e-01	1.539566519233222797e-01	7.269070401287978933e-02	2.968501559586176133e-02	7.772873321199139096e-02
1.207023668306993159e+03	2.471189941734499018e-01	1.609273916939553406e-01	2.575764938804138149e-01	1.540937869487260248e-01	7.274223611925109689e-02	2.971979592106264306e-02	7.782130126291972316e-02
1.209442553413820860e+03	2.467835834780173487e-01	1.607138600011158158e-01	2.578102690360055127e-01	1.542305341206578195e-01	7.279361187850277859e-02	2.975450934872876652e-02	7.791363213675056576e-02
1.211861438520648335e+03	2.464491347344180683e-01	1.605009084382616191e-01	2.580433480926377365e-01	1.543668946864248659e-01	7.284483184593668059e-02	2.978915591564508178e-02	7.800572628645456585e-02
1.214280323627476264e+03	2.461156451951483914e-01	1.602885353978701910e-01	2.582757331187254812e-01	1.545028698883094687e-01	7.289589657463298178e-02	2.982373565936486878e-02	7.809758416572730455e-02
1.216699208734303511e+03	2.457831121206204283e-01	1.600767392769450737e-01	2.585074261759853775e-01	1.546384609635966800e-01	7.294680661546019962e-02	2.985824861820235085e-02	7.818920622896852191e-02
1.219118093841131440e+03	2.454515327791388091e-01	1.598655184770027549e-01	2.587384293194632812e-01	1.547736691446015278e-01	7.299756251708520993e-02	2.989269483122536722e-02	7.828059293126171658e-02
1.221536978947959142e+03	2.451209044468770637e-01	1.596548714040595396e-01	2.589687445975611402e-01	1.549084956586958828e-01	7.304816482598308625e-02	2.992707433824810803e-02	7.837174472835385652e-02
1.223955864054786844e+03	2.447912244078545851e-01	1.594447964686184216e-01	2.591983740520638069e-01	1.550429417283355760e-01	7.309861408644699465e-02	2.996138717982388400e-02	7.846266207663543657e-02
1.226374749161614318e+03	2.444624899539132312e-01	1.592352920856559551e-01	2.594273197181660717e-01	1.551770085710869607e-01	7.314891084059803317e-02	2.999563339723794811e-02	7.855334543312060547e-02
1.228793634268442020e+03	2.441346983846942320e-01	1.590263566746092649e-01	2.596555836244988646e-01	1.553106973996533913e-01	7.319905562839494617e-02	3.002981303250039716e-02	7.864379525542769533e-02
1.231212519375269494e+03	2.438078470076151527e-01	1.588179886593632240e-01	2.598831677931560669e-01	1.554440094219015356e-01	7.324904898764388050e-02	3.006392612833909406e-02	7.873401200175984826e-02
1.233631404482097196e+03	2.434819331378468843e-01	1.586101864682372131e-01	2.601100742397205456e-01	1.555769458408876038e-01	7.329889145400801664e-02	3.009797272819264916e-02	7.882399613088587886e-02
1.236050289588924898e+03	2.431569540982907174e-01	1.584029485339724652e-01	2.603363049732904111e-01	1.557095078548831613e-01	7.334858356101722765e-02	3.013195287620346746e-02	7.891374810212140045e-02
1.238469174695752372e+03	2.428329072195554716e-01	1.581962732937191585e-01	2.605618619965047733e-01	1.558416966574008855e-01	7.339812584007762708e-02	3.016586661721081669e-02	7.900326837531007618e-02
1.240888059802580301e+03	2.425097898399347085e-01	1.579901591890234269e-01	2.607867473055700547e-01	1.559735134372202958e-01	7.344751882048107527e-02	3.019971399674397511e-02	7.909255741080520319e-02
1.243306944909407548e+03	2.421875993053840270e-01	1.577846046658148427e-01	2.610109628902854140e-01	1.561049593784129275e-01	7.349676302941468564e-02	3.023349506101541753e-02	7.918161566945140784e-02
1.245725830016235477e+03	2.418663329694984709e-01	1.575796081743935650e-01	2.612345107340681150e-01	1.562360356603677558e-01	7.354585899197024768e-02	3.026720985691403257e-02	7.927044361256657679e-02
1.248144715123063179e+03	2.415459881934898800e-01	1.573751681694175453e-01	2.614573928139792280e-01	1.563667434578160931e-01	7.359480723115355283e-02	3.030085843199843004e-02	7.935904170192399631e-02
1.250563600229890881e+03	2.412265623461645470e-01	1.571712831098900365e-01	2.616796111007488324e-01	1.564970839408565961e-01	7.364360826789378978e-02	3.033444083449026232e-02	7.944741039973472752e-02
1.252982485336718355e+03	2.409080528039005409e-01	1.569679514591468816e-01	2.619011675588010513e-01	1.566270582749798301e-01	7.369226262105282865e-02	3.036795711326759073e-02	7.953555016863012028e-02
1.255401370443546057e+03	2.405904569506255863e-01	1.567651716848439680e-01	2.621220641462791434e-01	1.567566676210928323e-01	7.374077080743444979e-02	3.040140731785833522e-02	7.962346147164454935e-02
1.257820255550373531e+03	2.402737721777946922e-01	1.565629422589447373e-01	2.623423028150703162e-01	1.568859131355435366e-01	7.378913334179348915e-02	3.043479149843373796e-02	7.971114477219838623e-02
1.260239140657201460e+03	2.399579958843679195e-01	1.563612616577076120e-01	2.625618855108304284e-01	1.570147959701448659e-01	7.383735073684503936e-02	3.046810970580189279e-02	7.979860053408115161e-02
1.262658025764028707e+03	2.396431254767882602e-01	1.561601283616735059e-01	2.627808141730085811e-01	1.571433172721988514e-01	7.388542350327356734e-02	3.050136199140130941e-02	7.988582922143482035e-02
1.265076910870856636e+03	2.393291583689595714e-01	1.559595408556535556e-01	2.629990907348715989e-01	1.572714781845204191e-01	7.393335214974192104e-02	3.053454840729453654e-02	7.997283129873730689e-02
1.267495795977684338e+03	2.390160919822246210e-01	1.557594976287166866e-01	2.632167171235281766e-01	1.573992798454610098e-01	7.398113718290037777e-02	3.056766900616181282e-02	8.005960723078626995e-02
1.269914681084511813e+03	2.387039237453429386e-01	1.555599971741772336e-01	2.634336952599532489e-01	1.575267233889322827e-01	7.402877910739558143e-02	3.060072384129479753e-02	8.014615748268293094e-02
1.272333566191339514e+03	2.383926510944691657e-01	1.553610379895826177e-01	2.636500270590119155e-01	1.576538099444292906e-01	7.407627842587950762e-02	3.063371296659030130e-02	8.023248251981621171e-02
1.274752451298167216e+03	2.380822714731312129e-01	1.551626185767011334e-01	2.638657144294834778e-01	1.577805406370537677e-01	7.412363563901828989e-02	3.066663643654411048e-02	8.031858280784696935e-02
1.277171336404994690e+03	2.377727823322085543e-01	1.549647374415097922e-01	2.640807592740849197e-01	1.579069165875372771e-01	7.417085124550108766e-02	3.069949430624481848e-02	8.040445881269252248e-02
1.279590221511822392e+03	2.374641811299104122e-01	1.547673930941820819e-01	2.642951634894948887e-01	1.580329389122638872e-01	7.421792574204888471e-02	3.073228663136771607e-02	8.049011100051119139e-02
1.282009106618650094e+03	2.371564653317542459e-01	1.545705840490757266e-01	2.645089289663770105e-01	1.581586087232930149e-01	7.426485962342317670e-02	3.076501346816871985e-02	8.057553983768718509e-02
1.284427991725477568e+03	2.368496324105443807e-01	1.543743088247207518e-01	2.647220575894033145e-01	1.582839271283819627e-01	7.431165338243476970e-02	3.079767487347837701e-02	8.066074579081555784e-02
1.286846876832305497e+03	2.365436798463503298e-01	1.541785659438072720e-01	2.649345512372774936e-01	1.584088952310083731e-01	7.435830750995232885e-02	3.083027090469587367e-02	8.074572932668740155e-02
1.289265761939132744e+03	2.362386051264854514e-01	1.539833539331736112e-01	2.651464117827581624e-01	1.585335141303924611e-01	7.440482249491112143e-02	3.086280161978308470e-02	8.083049091227516303e-02
1.291684647045960673e+03	2.359344057454856591e-01	1.537886713237941738e-01	2.653576410926817841e-01	1.586577849215191627e-01	7.445119882432146841e-02	3.089526707725871735e-02	8.091503101471815562e-02
1.294103532152788375e+03	2.356310792050882452e-01	1.535945166507675375e-01	2.655682410279852634e-01	1.587817086951599510e-01	7.449743698327733477e-02	3.092766733619243744e-02	8.099935010130830670e-02
1.296522417259616077e+03	2.353286230142105084e-01	1.534008884533045458e-01	2.657782134437293720e-01	1.589052865378948742e-01	7.454353745496483663e-02	3.096000245619907887e-02	8.108344863947589132e-02
1.298941302366443551e+03	2.350270346889287432e-01	1.532077852747164848e-01	2.659875601891206753e-01	1.590285195321340106e-01	7.458950072067063730e-02	3.099227249743288087e-02	8.116732709677568214e-02
1.301360187473271253e+03	2.347263117524571452e-01	1.530152056624030921e-01	2.661962831075344593e-01	1.591514087561391178e-01	7.463532725979039884e-02	3.102447752058176342e-02	8.125098594087307169e-02
1.303779072580098727e+03	2.344264517351268284e-01	1.528231481678409831e-01	2.664043840365371563e-01	1.592739552840449491e-01	7.468101754983715035e-02	3.105661758686165119e-02	8.133442563953038884e-02
1.306197957686926657e+03	2.341274521743648418e-01	1.526316113465715774e-01	2.666118648079084386e-01	1.593961601858804589e-01	7.472657206644953143e-02	3.108869275801084617e-02	8.141764666059345124e-02
1.308616842793753904e+03	2.338293106146734357e-01	1.524405937581896076e-01	2.668187272476633121e-01	1.595180245275899245e-01	7.477199128340018819e-02	3.112070309628442097e-02	8.150064947197827037e-02
1.311035727900581833e+03	2.335320246076091066e-01	1.522500939663314068e-01	2.670249731760744316e-01	1.596395493710538460e-01	7.481727567260393341e-02	3.115264866444868164e-02	8.158343454165782604e-02
1.313454613007409534e+03	2.332355917117619748e-01	1.520601105386631124e-01	2.672306044076938059e-01	1.597607357741097078e-01	7.486242570412596220e-02	3.118452952577563386e-02	8.166600233764907679e-02
1.315873498114237009e+03	2.329400094927349674e-01	1.518706420468691476e-01	2.674356227513748352e-01	1.598815847905727672e-01	7.490744184619001211e-02	3.121634574403752901e-02	8.174835332800009513e-02
1.318292383221064711e+03	2.326452755231234182e-01	1.516816870666406747e-01	2.676400300102935170e-01	1.600020974702564547e-01	7.495232456518652331e-02	3.124809738350141711e-02	8.183048798077739716e-02
1.320711268327892412e+03	2.323513873824944176e-01	1.514932441776639105e-01	2.678438279819705947e-01	1.601222748589927192e-01	7.499707432568065990e-02	3.127978450892377610e-02	8.191240676405334153e-02
1.323130153434719887e+03	2.320583426573662733e-01	1.513053119636087462e-01	2.680470184582927073e-01	1.602421179986523447e-01	7.504169159042035908e-02	3.131140718554513425e-02	8.199411014589379210e-02
1.325549038541547588e+03	2.317661389411882211e-01	1.511178890121172014e-01	2.682496032255337615e-01	1.603616279271651013e-01	7.508617682034438023e-02	3.134296547908476532e-02	8.207559859434584992e-02
1.327967923648375290e+03	2.314747738343199412e-01	1.509309739147919605e-01	2.684515840643763585e-01	1.604808056785396453e-01	7.513053047459020140e-02	3.137445945573544281e-02	8.215687257742571026e-02
1.330386808755202765e+03	2.311842449440114078e-01	1.507445652671850767e-01	2.686529627499325557e-01	1.605996522828832818e-01	7.517475301050198511e-02	3.140588918215816289e-02	8.223793256310678312e-02
1.332805693862030694e+03	2.308945498843825161e-01	1.505586616687864532e-01	2.688537410517652382e-01	1.607181687664218095e-01	7.521884488363843324e-02	3.143725472547696798e-02	8.231877901930784169e-02
1.335224578968857941e+03	2.306056862764030158e-01	1.503732617230126301e-01	2.690539207339087135e-01	1.608363561515190054e-01	7.526280654778066959e-02	3.146855615327379119e-02	8.239941241388136495e-02
1.337643464075685870e+03	2.303176517478724150e-01	1.501883640371954043e-01	2.692535035548898614e-01	1.609542154566961092e-01	7.530663845493998365e-02	3.149979353358334233e-02	8.247983321460203299e-02
1.340062349182513572e+03	2.300304439333999140e-01	1.500039672225706444e-01	2.694524912677485062e-01	1.610717476966510575e-01	7.535034105536562998e-02	3.153096693488800090e-02	8.256004188915534725e-02
1.342481234289341273e+03	2.297440604743844206e-01	1.498200698942669662e-01	2.696508856200581228e-01	1.611889538822778023e-01	7.539391479755259973e-02	3.156207642611279923e-02	8.264003890512640338e-02
1.344900119396168748e+03	2.294584990189946494e-01	1.496366706712946026e-01	2.698486883539462644e-01	1.613058350206852121e-01	7.543736012824925341e-02	3.159312207662040572e-02	8.271982472998873348e-02
1.347319004502996449e+03	2.291737572221492214e-01	1.494537681765341630e-01	2.700459012061151021e-01	1.614223921152161401e-01	7.548067749246496760e-02	3.162410395620614267e-02	8.279939983109338431e-02
1.349737889609823924e+03	2.288898327454969850e-01	1.492713610367256971e-01	2.702425259078614084e-01	1.615386261654660482e-01	7.552386733347780934e-02	3.165502213509307355e-02	8.287876467565813421e-02
1.352156774716651853e+03	2.286067232573971153e-01	1.490894478824573433e-01	2.704385641850968747e-01	1.616545381673019366e-01	7.556693009284204399e-02	3.168587668392709722e-02	8.295791973075672399e-02
1.354575659823479100e+03	2.283244264328996853e-01	1.489080273481545036e-01	2.706340177583680950e-01	1.617701291128806618e-01	7.560986621039574029e-02	3.171666767377208374e-02	8.303686546330832363e-02
1.356994544930307029e+03	2.280429399537257651e-01	1.487270980720686586e-01	2.708288883428767169e-01	1.618853999906675334e-01	7.565267612426823662e-02	3.174739517610505185e-02	8.311560234006711012e-02
1.359413430037134731e+03	2.277622615082481594e-01	1.485466586962664592e-01	2.710231776484989807e-01	1.620003517854544661e-01	7.569536027088760721e-02	3.177805926281140197e-02	8.319413082761199785e-02
1.361832315143962205e+03	2.274823887914716458e-01	1.483667078666187633e-01	2.712168873798055935e-01	1.621149854783783539e-01	7.573791908498812842e-02	3.180866000618012140e-02	8.327245139233636906e-02
1.364251200250789907e+03	2.272033195050138510e-01	1.481872442327896722e-01	2.714100192360816011e-01	1.622293020469389724e-01	7.578035299961762006e-02	3.183919747889910057e-02	8.335056450043819287e-02
1.366670085357617609e+03	2.269250513570855721e-01	1.480082664482256227e-01	2.716025749113454846e-01	1.623433024650170753e-01	7.582266244614488393e-02	3.186967175405044927e-02	8.342847061790993612e-02
1.369088970464445310e+03	2.266475820624717086e-01	1.478297731701447015e-01	2.717945560943688665e-01	1.624569877028921305e-01	7.586484785426690636e-02	3.190008290510582684e-02	8.350617021052891831e-02
1.371507855571272785e+03	2.263709093425118613e-01	1.476517630595256259e-01	2.719859644686959399e-01	1.625703587272600281e-01	7.590690965201625506e-02	3.193043100592184852e-02	8.358366374384755548e-02
1.373926740678100487e+03	2.260950309250812362e-01	1.474742347810970022e-01	2.721768017126624528e-01	1.626834165012506772e-01	7.594884826576830950e-02	3.196071613073550588e-02	8.366095168318385400e-02
1.376345625784927961e+03	2.258199445445714382e-01	1.472971870033266684e-01	2.723670694994152486e-01	1.627961619844456587e-01	7.599066412024843564e-02	3.199093835415962178e-02	8.373803449361195972e-02
1.378764510891755890e+03	2.255456479418714855e-01	1.471206183984108962e-01	2.725567694969308619e-01	1.629085961328953780e-01	7.603235763853916085e-02	3.202109775117834012e-02	8.381491263995288765e-02
1.381183395998583137e+03	2.252721388643487421e-01	1.469445276422636504e-01	2.727459033680347811e-01	1.630207198991364403e-01	7.607392924208741802e-02	3.205119439714262941e-02	8.389158658676534874e-02
1.383602281105411066e+03	2.249994150658299608e-01	1.467689134145060414e-01	2.729344727704201556e-01	1.631325342322087479e-01	7.611537935071152616e-02	3.208122836776588355e-02	8.396805679833667380e-02
1.386021166212238768e+03	2.247274743065824087e-01	1.465937743984556674e-01	2.731224793566667253e-01	1.632440400776725697e-01	7.615670838260836517e-02	3.211119973911946701e-02	8.404432373867383455e-02
1.388440051319066470e+03	2.244563143532949945e-01	1.464191092811159556e-01	2.733099247742593052e-01	1.633552383776254446e-01	7.619791675436035638e-02	3.214110858762836420e-02	8.412038787149461738e-02
1.390858936425893944e+03	2.241859329790595323e-01	1.462449167531656713e-01	2.734968106656064935e-01	1.634661300707190013e-01	7.623900488094252637e-02	3.217095499006683568e-02	8.419624966021896362e-02
1.393277821532721646e+03	2.239163279633520631e-01	1.460711955089483982e-01	2.736831386680590450e-01	1.635767160921756391e-01	7.627997317572943192e-02	3.220073902355409523e-02	8.427190956796032362e-02
1.395696706639549120e+03	2.236474970920140637e-01	1.458979442464620191e-01	2.738689104139284680e-01	1.636869973738052098e-01	7.632082205050209900e-02	3.223046076555004941e-02	8.434736805751714972e-02
1.398115591746377049e+03	2.233794381572338783e-01	1.457251616673481687e-01	2.740541275305050650e-01	1.637969748440213646e-01	7.636155191545500320e-02	3.226012029385101620e-02	8.442262559136451405e-02
1.400534476853204296e+03	2.231121489575282890e-01	1.455528464768820751e-01	2.742387916400763626e-01	1.639066494278580421e-01	7.640216317920285605e-02	3.228971768658553398e-02	8.449768263164589288e-02
1.402953361960032225e+03	2.228456272977238084e-01	1.453809973839617908e-01	2.744229043599450968e-01	1.640160220469857877e-01	7.644265624878747445e-02	3.231925302221019813e-02	8.457253964016495096e-02
1.405372247066859927e+03	2.225798709889384719e-01	1.452096131010981450e-01	2.746064673024472547e-01	1.641250936197277410e-01	7.648303152968459473e-02	3.234872637950546997e-02	8.464719707837749241e-02
1.407791132173687402e+03	2.223148778485632970e-01	1.450386923444041964e-01	2.747894820749700595e-01	1.642338650610759010e-01	7.652328942581067273e-02	3.237813783757157587e-02	8.472165540738350875e-02
1.410210017280515103e+03	2.220506457002439926e-01	1.448682338335849917e-01	2.749719502799699566e-01	1.643423372827069739e-01	7.656343033952954513e-02	3.240748747582442718e-02	8.479591508791936572e-02
1.412628902387342805e+03	2.217871723738627232e-01	1.446982362919274068e-01	2.751538735149899884e-01	1.644505111929983332e-01	7.660345467165921574e-02	3.243677537399154015e-02	8.486997658035005943e-02
1.415047787494170507e+03	2.215244557055199293e-01	1.445286984462897384e-01	2.753352533726779461e-01	1.645583876970436177e-01	7.664336282147850288e-02	3.246600161210802526e-02	8.494384034466151423e-02
1.417466672600997981e+03	2.212624935375160640e-01	1.443596190270915736e-01	2.755160914408036343e-01	1.646659676966686081e-01	7.668315518673368691e-02	3.249516627051259737e-02	8.501750684045317197e-02
1.419885557707825683e+03	2.210012837183336076e-01	1.441909967683035476e-01	2.756963893022765233e-01	1.647732520904466036e-01	7.672283216364508829e-02	3.252426942984357194e-02	8.509097652693044245e-02
1.422304442814653157e+03	2.207408241026188878e-01	1.440228304074373800e-01	2.758761485351630127e-01	1.648802417737139925e-01	7.676239414691371499e-02	3.255331117103496541e-02	8.516424986289741761e-02
1.424723327921481086e+03	2.204811125511642877e-01	1.438551186855355490e-01	2.760553707127040290e-01	1.649869376385855457e-01	7.680184152972774347e-02	3.258229157531257469e-02	8.523732730674966895e-02
1.427142213028308333e+03	2.202221469308900947e-01	1.436878603471612725e-01	2.762340574033320673e-01	1.650933405739697935e-01	7.684117470376906900e-02	3.261121072419009143e-02	8.531020931646705885e-02
1.429561098135136262e+03	2.199639251148267916e-01	1.435210541403884876e-01	2.764122101706883439e-01	1.651994514655839852e-01	7.688039405921980041e-02	3.264006869946528555e-02	8.538289634960676000e-02
1.431979983241963964e+03	2.197064449820970711e-01	1.433546988167918035e-01	2.765898305736400054e-01	1.653052711959694387e-01	7.691949998476868555e-02	3.266886558321614037e-02	8.545538886329626105e-02
1.434398868348791666e+03	2.194497044178982392e-01	1.431887931314365092e-01	2.767669201662971701e-01	1.654108006445062784e-01	7.695849286761753671e-02	3.269760145779708471e-02	8.552768731422653870e-02
1.436817753455619140e+03	2.191937013134844237e-01	1.430233358428685542e-01	2.769434804980296927e-01	1.655160406874284784e-01	7.699737309348766989e-02	3.272627640583525288e-02	8.559979215864535473e-02
1.439236638562446842e+03	2.189384335661488101e-01	1.428583257131046946e-01	2.771195131134840950e-01	1.656209921978384902e-01	7.703614104662616369e-02	3.275489051022671683e-02	8.567170385235051144e-02
1.441655523669274316e+03	2.186838990792061288e-01	1.426937615076225851e-01	2.772950195526001638e-01	1.657256560457221195e-01	7.707479710981229859e-02	3.278344385413280160e-02	8.574342285068337066e-02
1.444074408776102018e+03	2.184300957619752237e-01	1.425296419953508698e-01	2.774700013506278817e-01	1.658300330979629866e-01	7.711334166436378812e-02	3.281193652097641467e-02	8.581494960852230347e-02
1.446493293882929493e+03	2.181770215297612614e-01	1.423659659486592732e-01	2.776444600381438588e-01	1.659341242183571541e-01	7.715177509014310708e-02	3.284036859443837525e-02	8.588628458027637580e-02
1.448912178989757422e+03	2.179246743038385781e-01	1.422027321433489699e-01	2.778183971410680408e-01	1.660379302676274482e-01	7.719009776556365332e-02	3.286874015845382691e-02	8.595742821987900628e-02
1.451331064096585123e+03	2.176730520114330270e-01	1.420399393586425918e-01	2.779918141806797527e-01	1.661414521034378089e-01	7.722831006759603434e-02	3.289705129720861543e-02	8.602838098078177675e-02
1.453749949203412370e+03	2.174221525857048254e-01	1.418775863771746248e-01	2.781647126736344067e-01	1.662446905804075281e-01	7.726641237177417354e-02	3.292530209513572920e-02	8.609914331594832604e-02
1.456168834310240300e+03	2.171719739657312076e-01	1.417156719849815838e-01	2.783370941319797676e-01	1.663476465501254609e-01	7.730440505220152747e-02	3.295349263691180197e-02	8.616971567784829922e-02
1.458587719417068001e+03	2.169225140964891885e-01	1.415541949714923808e-01	2.785089600631719398e-01	1.664503208611640694e-01	7.734228848155717817e-02	3.298162300745353936e-02	8.624009851845144958e-02
1.461006604523895703e+03	2.166737709288382718e-01	1.413931541295185834e-01	2.786803119700916875e-01	1.665527143590933290e-01	7.738006303110189776e-02	3.300969329191427021e-02	8.631029228922168506e-02
1.463425489630723177e+03	2.164257424195035751e-01	1.412325482552448941e-01	2.788511513510605333e-01	1.666548278864946608e-01	7.741772907068425469e-02	3.303770357568051180e-02	8.638029744111139219e-02
1.465844374737550879e+03	2.161784265310584263e-01	1.410723761482194638e-01	2.790214796998564672e-01	1.667566622829746992e-01	7.745528696874662278e-02	3.306565394436849353e-02	8.645011442455571848e-02
1.468263259844378354e+03	2.159318212319076002e-01	1.409126366113442330e-01	2.791912985057300456e-01	1.668582183851791134e-01	7.749273709233117646e-02	3.309354448382077069e-02	8.651974368946691030e-02
1.470682144951206283e+03	2.156859244962702482e-01	1.407533284508655780e-01	2.793606092534202667e-01	1.669594970268061529e-01	7.753007980708589986e-02	3.312137528010285908e-02	8.658918568522884496e-02
1.473101030058033530e+03	2.154407343041629397e-01	1.405944504763646241e-01	2.795294134231702810e-01	1.670604990386201361e-01	7.756731547727049869e-02	3.314914641949989055e-02	8.665844086069156293e-02
1.475519915164861459e+03	2.151962486413828146e-01	1.404360015007477536e-01	2.796977124907428780e-01	1.671612252484650507e-01	7.760444446576236777e-02	3.317685798851326140e-02	8.672750966416591101e-02
1.477938800271689161e+03	2.149524654994907635e-01	1.402779803402372516e-01	2.798655079274361968e-01	1.672616764812778212e-01	7.764146713406239186e-02	3.320451007385733649e-02	8.679639254341822707e-02
1.480357685378516862e+03	2.147093828757946632e-01	1.401203858143617864e-01	2.800328012000996014e-01	1.673618535591016865e-01	7.767838384230092708e-02	3.323210276245619488e-02	8.686508994566516373e-02
1.482776570485344337e+03	2.144669987733326677e-01	1.399632167459470278e-01	2.801995937711486140e-01	1.674617573010993288e-01	7.771519494924350457e-02	3.325963614144037545e-02	8.693360231756853962e-02
