1.001418434226643626e+03	2.794229246934467059e-01	1.814127097343783968e-01	2.349222129189152963e-01	1.408982310227826218e-01	6.774715107384900181e-02	2.652697077897943345e-02	6.906979977742574994e-02
1.002869765290740247e+03	2.791657373262987907e-01	1.812512727944829705e-01	2.351031085197931580e-01	1.410029355551971619e-01	6.778736733565209061e-02	2.655134061890138120e-02	6.913823784945169471e-02
1.004321096354836754e+03	2.789089928214253389e-01	1.810901000616184087e-01	2.352836800459447986e-01	1.411074547297501147e-01	6.782750737697863797e-02	2.657568694136082377e-02	6.920657802269909731e-02
1.005772427418933376e+03	2.786526904165218532e-01	1.809291910947302406e-01	2.354639280919418598e-01	1.412117889422301042e-01	6.786757136653683020e-02	2.660000972964206289e-02	6.927482035817432438e-02
1.007223758483029997e+03	2.783968293506180469e-01	1.807685454535168379e-01	2.356438532510915784e-01	1.413159385872781171e-01	6.790755947261012393e-02	2.662430896726181509e-02	6.934296491740075952e-02
1.008675089547126618e+03	2.781414088640757343e-01	1.806081626984279986e-01	2.358234561154404219e-01	1.414199040583923317e-01	6.794747186305846731e-02	2.664858463796805632e-02	6.941101176241425141e-02
1.010126420611223239e+03	2.778864281985861662e-01	1.804480423906635600e-01	2.360027372757778907e-01	1.415236857479325039e-01	6.798730870531956294e-02	2.667283672573885281e-02	6.947896095575865905e-02
1.011577751675319632e+03	2.776318865971677541e-01	1.802881840921720935e-01	2.361816973216401272e-01	1.416272840471246852e-01	6.802707016641000581e-02	2.669706521478120570e-02	6.954681256048132754e-02
1.013029082739416367e+03	2.773777833041634056e-01	1.801285873656495728e-01	2.363603368413134953e-01	1.417306993460656361e-01	6.806675641292650458e-02	2.672127008952988533e-02	6.961456664012867501e-02
1.014480413803512761e+03	2.771241175652383038e-01	1.799692517745379861e-01	2.365386564218383558e-01	1.418339320337273779e-01	6.810636761104711667e-02	2.674545133464630367e-02	6.968222325874175171e-02
1.015931744867609382e+03	2.768708886273772984e-01	1.798101768830239755e-01	2.367166566490127022e-01	1.419369824979617167e-01	6.814590392653240014e-02	2.676960893501734856e-02	6.974978248085184074e-02
1.017383075931706003e+03	2.766180957388825190e-01	1.796513622560374779e-01	2.368943381073955468e-01	1.420398511255046015e-01	6.818536552472664880e-02	2.679374287575425964e-02	6.981724437147612816e-02
1.018834406995802851e+03	2.763657381493712650e-01	1.794928074592504752e-01	2.370717013803108342e-01	1.421425383019807309e-01	6.822475257055905795e-02	2.681785314219149036e-02	6.988460899611338706e-02
1.020285738059899245e+03	2.761138151097731197e-01	1.793345120590755792e-01	2.372487470498506612e-01	1.422450444119078561e-01	6.826406522854489012e-02	2.684193971988556998e-02	6.995187642073957823e-02
1.021737069123995752e+03	2.758623258723277849e-01	1.791764756226646715e-01	2.374254756968792179e-01	1.423473698387012210e-01	6.830330366278671017e-02	2.686600259461400034e-02	7.001904671180367301e-02
1.023188400188092373e+03	2.756112696905827497e-01	1.790186977179076544e-01	2.376018879010360629e-01	1.424495149646778924e-01	6.834246803697549555e-02	2.689004175237411781e-02	7.008611993622335112e-02
1.024639731252188767e+03	2.753606458193906814e-01	1.788611779134310631e-01	2.377779842407397037e-01	1.425514801710612289e-01	6.838155851439187138e-02	2.691405717938198661e-02	7.015309616138079574e-02
1.026091062316285615e+03	2.751104535149071495e-01	1.787039157785967614e-01	2.379537652931912606e-01	1.426532658379851271e-01	6.842057525790724848e-02	2.693804886207128851e-02	7.021997545511848848e-02
1.027542393380382237e+03	2.748606920345883498e-01	1.785469108835005536e-01	2.381292316343778248e-01	1.427548723444983514e-01	6.845951842998500292e-02	2.696201678709221963e-02	7.028675788573501837e-02
1.028993724444478858e+03	2.746113606371884952e-01	1.783901627989709915e-01	2.383043838390759006e-01	1.428563000685688922e-01	6.849838819268161405e-02	2.698596094131039055e-02	7.035344352198098783e-02
1.030445055508575479e+03	2.743624585827576512e-01	1.782336710965679860e-01	2.384792224808551242e-01	1.429575493870881564e-01	6.853718470764785797e-02	2.700988131180572654e-02	7.042003243305486326e-02
1.031896386572671872e+03	2.741139851326390708e-01	1.780774353485813921e-01	2.386537481320814280e-01	1.430586206758752421e-01	6.857590813612991776e-02	2.703377788587139202e-02	7.048652468859889497e-02
1.033347717636768493e+03	2.738659395494671411e-01	1.779214551280298151e-01	2.388279613639207599e-01	1.431595143096811573e-01	6.861455863897059082e-02	2.705765065101268033e-02	7.055292035869507872e-02
1.034799048700865114e+03	2.736183210971649404e-01	1.777657300086593894e-01	2.390018627463423584e-01	1.432602306621931221e-01	6.865313637661041302e-02	2.708149959494595901e-02	7.061921951386106178e-02
1.036250379764961508e+03	2.733711290409416850e-01	1.776102595649421967e-01	2.391754528481221387e-01	1.433607701060386763e-01	6.869164150908876887e-02	2.710532470559758045e-02	7.068542222504621553e-02
1.037701710829058356e+03	2.731243626472905639e-01	1.774550433720751830e-01	2.393487322368461900e-01	1.434611330127898154e-01	6.873007419604509893e-02	2.712912597110281668e-02	7.075152856362754150e-02
1.039153041893154750e+03	2.728780211839864633e-01	1.773000810059788268e-01	2.395217014789141619e-01	1.435613197529672369e-01	6.876843459671994063e-02	2.715290337980477697e-02	7.081753860140584111e-02
1.040604372957251599e+03	2.726321039200832463e-01	1.771453720432957235e-01	2.396943611395426221e-01	1.436613306960444481e-01	6.880672286995616338e-02	2.717665692025336699e-02	7.088345241060166335e-02
1.042055704021347992e+03	2.723866101259120320e-01	1.769909160613894195e-01	2.398667117827683049e-01	1.437611662104517907e-01	6.884493917420005105e-02	2.720038658120422018e-02	7.094927006385147450e-02
1.043507035085444613e+03	2.721415390730781425e-01	1.768367126383430799e-01	2.400387539714517182e-01	1.438608266635805766e-01	6.888308366750242606e-02	2.722409235161765348e-02	7.101499163420377236e-02
1.044958366149541234e+03	2.718968900344592154e-01	1.766827613529581287e-01	2.402104882672801978e-01	1.439603124217872510e-01	6.892115650751975964e-02	2.724777422065760221e-02	7.108061719511517274e-02
1.046409697213637855e+03	2.716526622842029282e-01	1.765290617847529997e-01	2.403819152307714868e-01	1.440596238503973059e-01	6.895915785151532362e-02	2.727143217769059658e-02	7.114614682044664851e-02
1.047861028277734476e+03	2.714088550977243885e-01	1.763756135139619707e-01	2.405530354212768174e-01	1.441587613137094437e-01	6.899708785636028685e-02	2.729506621228471736e-02	7.121158058445968553e-02
1.049312359341831097e+03	2.711654677517040257e-01	1.762224161215336649e-01	2.407238493969843240e-01	1.442577251749994072e-01	6.903494667853482536e-02	2.731867631420854467e-02	7.127691856181249397e-02
1.050763690405927491e+03	2.709224995240852030e-01	1.760694691891299402e-01	2.408943577149223192e-01	1.443565157965241152e-01	6.907273447412923262e-02	2.734226247343015531e-02	7.134216082755628907e-02
1.052215021470024112e+03	2.706799496940719418e-01	1.759167722991245297e-01	2.410645609309625126e-01	1.444551335395256042e-01	6.911045139884502975e-02	2.736582468011607844e-02	7.140730745713151639e-02
1.053666352534120733e+03	2.704378175421266461e-01	1.757643250346017372e-01	2.412344595998233421e-01	1.445535787642349967e-01	6.914809760799606186e-02	2.738936292463027902e-02	7.147235852636416031e-02
1.055117683598217127e+03	2.701961023499677150e-01	1.756121269793552708e-01	2.414040542750731377e-01	1.446518518298763600e-01	6.918567325650959443e-02	2.741287719753314478e-02	7.153731411146203867e-02
1.056569014662313975e+03	2.699548034005672115e-01	1.754601777178868838e-01	2.415733455091333970e-01	1.447499530946707025e-01	6.922317849892738184e-02	2.743636748958046961e-02	7.160217428901119452e-02
1.058020345726410369e+03	2.697139199781488639e-01	1.753084768354052081e-01	2.417423338532819488e-01	1.448478829158398040e-01	6.926061348940681928e-02	2.745983379172244748e-02	7.166693913597223242e-02
1.059471676790506763e+03	2.694734513681853461e-01	1.751570239178242561e-01	2.419110198576562565e-01	1.449456416496101296e-01	6.929797838172198354e-02	2.748327609510267666e-02	7.173160872967665469e-02
1.060923007854603611e+03	2.692333968573963898e-01	1.750058185517624487e-01	2.420794040712564432e-01	1.450432296512167152e-01	6.933527332926471554e-02	2.750669439105714667e-02	7.179618314782337807e-02
1.062374338918700232e+03	2.689937557337463980e-01	1.748548603245412003e-01	2.422474870419486781e-01	1.451406472749069143e-01	6.937249848504574434e-02	2.753008867111325642e-02	7.186066246847505612e-02
1.063825669982796853e+03	2.687545272864420021e-01	1.747041488241836971e-01	2.424152693164681460e-01	1.452378948739443398e-01	6.940965400169568644e-02	2.755345892698881499e-02	7.192504677005462366e-02
1.065277001046893474e+03	2.685157108059299524e-01	1.745536836394135927e-01	2.425827514404222396e-01	1.453349728006125274e-01	6.944674003146619756e-02	2.757680515059105983e-02	7.198933613134174403e-02
1.066728332110990095e+03	2.682773055838948428e-01	1.744034643596537870e-01	2.427499339582938898e-01	1.454318814062188492e-01	6.948375672623101351e-02	2.760012733401568524e-02	7.205353063146928416e-02
1.068179663175086489e+03	2.680393109132568896e-01	1.742534905750252605e-01	2.429168174134443414e-01	1.455286210410982051e-01	6.952070423748696326e-02	2.762342546954584324e-02	7.211763034991988675e-02
1.069630994239183110e+03	2.678017260881695449e-01	1.741037618763456585e-01	2.430834023481166228e-01	1.456251920546167700e-01	6.955758271635512080e-02	2.764669954965118942e-02	7.218163536652251466e-02
1.071082325303279504e+03	2.675645504040174427e-01	1.739542778551281810e-01	2.432496893034383489e-01	1.457215947951757129e-01	6.959439231358183209e-02	2.766994956698690458e-02	7.224554576144896767e-02
1.072533656367376352e+03	2.673277831574140118e-01	1.738050381035803060e-01	2.434156788194249965e-01	1.458178296102150551e-01	6.963113317953972814e-02	2.769317551439273370e-02	7.230936161521055172e-02
1.073984987431472746e+03	2.670914236461993108e-01	1.736560422146025684e-01	2.435813714349829295e-01	1.459138968462171115e-01	6.966780546422886300e-02	2.771637738489203182e-02	7.237308300865465116e-02
1.075436318495569594e+03	2.668554711694375858e-01	1.735072897817872550e-01	2.437467676879124523e-01	1.460097968487103215e-01	6.970440931727765743e-02	2.773955517169079260e-02	7.243671002296139805e-02
1.076887649559666215e+03	2.666199250274154942e-01	1.733587803994171839e-01	2.439118681149108347e-01	1.461055299622729120e-01	6.974094488794403690e-02	2.776270886817671507e-02	7.250024273964028598e-02
1.078338980623762609e+03	2.663847845216394949e-01	1.732105136624645936e-01	2.440766732515754212e-01	1.462010965305364785e-01	6.977741232511643077e-02	2.778583846791823561e-02	7.256368124052689494e-02
1.079790311687859230e+03	2.661500489548336290e-01	1.730624891665897558e-01	2.442411836324065721e-01	1.462964968961896484e-01	6.981381177731479926e-02	2.780894396466360510e-02	7.262702560777957450e-02
1.081241642751955851e+03	2.659157176309375759e-01	1.729147065081398094e-01	2.444053997908106901e-01	1.463917314009816895e-01	6.985014339269172978e-02	2.783202535233993136e-02	7.269027592387616865e-02
1.082692973816052472e+03	2.656817898551042112e-01	1.727671652841475669e-01	2.445693222591033278e-01	1.464868003857260625e-01	6.988640731903340841e-02	2.785508262505225971e-02	7.275343227161079618e-02
1.084144304880149093e+03	2.654482649336974420e-01	1.726198650923302935e-01	2.447329515685120194e-01	1.465817041903039741e-01	6.992260370376067458e-02	2.787811577708262586e-02	7.281649473409057549e-02
1.085595635944245487e+03	2.652151421742902082e-01	1.724728055310884300e-01	2.448962882491793613e-01	1.466764431536680402e-01	6.995873269393003413e-02	2.790112480288914690e-02	7.287946339473243273e-02
1.087046967008342108e+03	2.649824208856618735e-01	1.723259861995043718e-01	2.450593328301659546e-01	1.467710176138457001e-01	6.999479443623470021e-02	2.792410969710508103e-02	7.294233833725995153e-02
1.088498298072438729e+03	2.647501003777963935e-01	1.721794066973413584e-01	2.452220858394534020e-01	1.468654279079427416e-01	7.003078907700563405e-02	2.794707045453791866e-02	7.300511964570012557e-02
1.089949629136535123e+03	2.645181799618800400e-01	1.720330666250421692e-01	2.453845478039471673e-01	1.469596743721468812e-01	7.006671676221250256e-02	2.797000707016846291e-02	7.306780740438027777e-02
1.091400960200631971e+03	2.642866589502992358e-01	1.718869655837279575e-01	2.455467192494794892e-01	1.470537573417312616e-01	7.010257763746471915e-02	2.799291953914992415e-02	7.313040169792490997e-02
1.092852291264728365e+03	2.640555366566381679e-01	1.717411031751970019e-01	2.457086007008124628e-01	1.471476771510578097e-01	7.013837184801247071e-02	2.801580785680700403e-02	7.319290261125259434e-02
1.094303622328825213e+03	2.638248123956767888e-01	1.715954790019235399e-01	2.458701926816407590e-01	1.472414341335807342e-01	7.017409953874773065e-02	2.803867201863500039e-02	7.325531022957292027e-02
1.095754953392921607e+03	2.635944854833888185e-01	1.714500926670565195e-01	2.460314957145946224e-01	1.473350286218500504e-01	7.020976085420520263e-02	2.806151202029890518e-02	7.331762463838338573e-02
1.097206284457018228e+03	2.633645552369391907e-01	1.713049437744184611e-01	2.461925103212427579e-01	1.474284609475148555e-01	7.024535593856340299e-02	2.808432785763250589e-02	7.337984592346635804e-02
1.098657615521114849e+03	2.631350209746821101e-01	1.711600319285042360e-01	2.463532370220951895e-01	1.475217314413268532e-01	7.028088493564559058e-02	2.810711952663749735e-02	7.344197417088609015e-02
1.100108946585211470e+03	2.629058820161589427e-01	1.710153567344799008e-01	2.465136763366060080e-01	1.476148404331436570e-01	7.031634798892079374e-02	2.812988702348260053e-02	7.350400946698569526e-02
1.101560277649308091e+03	2.626771376820959958e-01	1.708709177981813654e-01	2.466738287831764520e-01	1.477077882519321761e-01	7.035174524150482334e-02	2.815263034450267432e-02	7.356595189838414928e-02
1.103011608713404712e+03	2.624487872944022415e-01	1.707267147261134210e-01	2.468336948791576002e-01	1.478005752257720573e-01	7.038707683616118871e-02	2.817534948619782390e-02	7.362780155197332088e-02
1.104462939777501106e+03	2.622208301761674853e-01	1.705827471254484085e-01	2.469932751408531468e-01	1.478932016818588768e-01	7.042234291530218016e-02	2.819804444523254378e-02	7.368955851491507114e-02
1.105914270841597499e+03	2.619932656516598124e-01	1.704390146040250520e-01	2.471525700835223993e-01	1.479856679465075542e-01	7.045754362098977097e-02	2.822071521843483310e-02	7.375122287463829751e-02
1.107365601905694348e+03	2.617660930463238667e-01	1.702955167703472938e-01	2.473115802213828596e-01	1.480779743451557107e-01	7.049267909493663053e-02	2.824336180279534217e-02	7.381279471883600563e-02
1.108816932969790741e+03	2.615393116867785195e-01	1.701522532335831006e-01	2.474703060676132493e-01	1.481701212023668057e-01	7.052774947850708187e-02	2.826598419546648422e-02	7.387427413546246435e-02
1.110268264033887590e+03	2.613129209008145937e-01	1.700092236035633531e-01	2.476287481343561192e-01	1.482621088418335509e-01	7.056275491271812861e-02	2.828858239376159586e-02	7.393566121273036085e-02
1.111719595097984211e+03	2.610869200173930316e-01	1.698664274907805694e-01	2.477869069327207074e-01	1.483539375863811294e-01	7.059769553824034316e-02	2.831115639515407317e-02	7.399695603910785846e-02
1.113170926162080832e+03	2.608613083666426191e-01	1.697238645063877671e-01	2.479447829727857155e-01	1.484456077579703881e-01	7.063257149539887980e-02	2.833370619727651821e-02	7.405815870331584894e-02
1.114622257226177226e+03	2.606360852798578764e-01	1.695815342621973254e-01	2.481023767636019450e-01	1.485371196777011127e-01	7.066738292417443223e-02	2.835623179791989246e-02	7.411926929432514910e-02
1.116073588290273847e+03	2.604112500894968929e-01	1.694394363706798190e-01	2.482596888131951840e-01	1.486284736658152750e-01	7.070212996420421891e-02	2.837873319503266337e-02	7.418028790135364203e-02
1.117524919354370468e+03	2.601868021291794397e-01	1.692975704449627694e-01	2.484167196285688717e-01	1.487196700417001416e-01	7.073681275478289898e-02	2.840121038671997167e-02	7.424121461386354315e-02
1.118976250418467089e+03	2.599627407336846940e-01	1.691559360988295901e-01	2.485734697157068185e-01	1.488107091238916047e-01	7.077143143486352983e-02	2.842366337124279177e-02	7.430204952155865239e-02
1.120427581482563710e+03	2.597390652389489629e-01	1.690145329467183655e-01	2.487299395795758705e-01	1.489015912300771516e-01	7.080598614305855243e-02	2.844609214701709562e-02	7.436279271438163418e-02
1.121878912546660331e+03	2.595157749820641291e-01	1.688733606037206569e-01	2.488861297241286852e-01	1.489923166770991403e-01	7.084047701764072114e-02	2.846849671261301659e-02	7.442344428251124189e-02
1.123330243610756725e+03	2.592928693012749863e-01	1.687324186855805042e-01	2.490420406523064512e-01	1.490828857809579633e-01	7.087490419654404739e-02	2.849087706675402717e-02	7.448400431635966712e-02
1.124781574674853118e+03	2.590703475359774632e-01	1.685917068086930093e-01	2.491976728660414142e-01	1.491732988568150731e-01	7.090926781736472950e-02	2.851323320831612024e-02	7.454447290656986136e-02
1.126232905738949967e+03	2.588482090267164581e-01	1.684512245901034211e-01	2.493530268662596805e-01	1.492635562189961740e-01	7.094356801736211027e-02	2.853556513632697980e-02	7.460485014401282977e-02
1.127684236803046360e+03	2.586264531151837853e-01	1.683109716475059414e-01	2.495081031528838256e-01	1.493536581809943031e-01	7.097780493345962061e-02	2.855787284996517267e-02	7.466513611978503606e-02
1.129135567867143209e+03	2.584050791442161210e-01	1.681709475992424208e-01	2.496629022248355312e-01	1.494436050554728557e-01	7.101197870224570941e-02	2.858015634855933310e-02	7.472533092520572406e-02
1.130586898931239830e+03	2.581840864577928385e-01	1.680311520643014422e-01	2.498174245800382498e-01	1.495333971542687490e-01	7.104608945997474556e-02	2.860241563158734401e-02	7.478543465181436423e-02
1.132038229995336451e+03	2.579634744010341207e-01	1.678915846623169061e-01	2.499716707154198414e-01	1.496230347883953093e-01	7.108013734256796168e-02	2.862465069867554945e-02	7.484544739136801683e-02
1.133489561059432845e+03	2.577432423201986844e-01	1.677522450135672527e-01	2.501256411269150992e-01	1.497125182680455191e-01	7.111412248561443938e-02	2.864686154959793923e-02	7.490536923583877849e-02
1.134940892123529466e+03	2.575233895626818370e-01	1.676131327389739356e-01	2.502793363094685808e-01	1.498018479025948479e-01	7.114804502437190037e-02	2.866904818427535445e-02	7.496520027741121472e-02
1.136392223187626087e+03	2.573039154770135895e-01	1.674742474601006170e-01	2.504327567570368007e-01	1.498910240006044170e-01	7.118190509376777497e-02	2.869121060277468604e-02	7.502494060847980650e-02
1.137843554251722708e+03	2.570848194128562136e-01	1.673355887991517799e-01	2.505859029625913670e-01	1.499800468698238298e-01	7.121570282839999322e-02	2.871334880530810110e-02	7.508459032164647995e-02
1.139294885315819101e+03	2.568661007210025771e-01	1.671971563789717286e-01	2.507387754181209516e-01	1.500689168171943089e-01	7.124943836253797014e-02	2.873546279223223449e-02	7.514414950971803897e-02
1.140746216379915950e+03	2.566477587533738114e-01	1.670589498230434788e-01	2.508913746146343438e-01	1.501576341488515265e-01	7.128311183012353558e-02	2.875755256404741167e-02	7.520361826570369501e-02
1.142197547444012343e+03	2.564297928630175361e-01	1.669209687554875365e-01	2.510437010421627813e-01	1.502461991701286859e-01	7.131672336477173912e-02	2.877961812139687159e-02	7.526299668281261068e-02
1.143648878508108737e+03	2.562122024041056934e-01	1.667832128010608705e-01	2.511957551897626706e-01	1.503346121855593243e-01	7.135027309977186316e-02	2.880165946506598254e-02	7.532228485445144339e-02
1.145100209572205586e+03	2.559949867319323835e-01	1.666456815851556916e-01	2.513475375455177518e-01	1.504228734988804217e-01	7.138376116808826943e-02	2.882367659598147544e-02	7.538148287422184735e-02
1.146551540636302207e+03	2.557781452029121438e-01	1.665083747337983977e-01	2.514990485965420963e-01	1.505109834130350932e-01	7.141718770236132885e-02	2.884566951521065972e-02	7.544059083591816983e-02
1.148002871700398828e+03	2.555616771745777283e-01	1.663712918736484081e-01	2.516502888289822160e-01	1.505989422301756142e-01	7.145055283490826803e-02	2.886763822396067047e-02	7.549960883352492547e-02
1.149454202764495449e+03	2.553455820055781089e-01	1.662344326319971921e-01	2.518012587280199499e-01	1.506867502516662793e-01	7.148385669772412687e-02	2.888958272357769821e-02	7.555853696121445084e-02
1.150905533828591842e+03	2.551298590556765333e-01	1.660977966367669645e-01	2.519519587778746295e-01	1.507744077780862613e-01	7.151709942248259122e-02	2.891150301554622909e-02	7.561737531334455920e-02
1.152356864892688463e+03	2.549145076857484704e-01	1.659613835165096585e-01	2.521023894618057981e-01	1.508619151092325250e-01	7.155028114053693655e-02	2.893339910148828159e-02	7.567612398445613953e-02
1.153808195956785084e+03	2.546995272577795011e-01	1.658251929004058156e-01	2.522525512621155985e-01	1.509492725441225480e-01	7.158340198292086065e-02	2.895527098316265369e-02	7.573478306927082515e-02
1.155259527020881706e+03	2.544849171348635419e-01	1.656892244182634755e-01	2.524024446601512151e-01	1.510364803809972623e-01	7.161646208034942729e-02	2.897711866246418036e-02	7.579335266268870386e-02
1.156710858084978327e+03	2.542706766812006247e-01	1.655534777005171210e-01	2.525520701363074272e-01	1.511235389173238575e-01	7.164946156321984339e-02	2.899894214142298074e-02	7.585183285978595868e-02
1.158162189149074720e+03	2.540568052620951756e-01	1.654179523782264571e-01	2.527014281700289411e-01	1.512104484497985013e-01	7.168240056161248597e-02	2.902074142220371564e-02	7.591022375581257808e-02
1.159613520213171569e+03	2.538433022439537945e-01	1.652826480830754119e-01	2.528505192398129431e-01	1.512972092743491981e-01	7.171527920529162381e-02	2.904251650710483121e-02	7.596852544619010772e-02
1.161064851277267962e+03	2.536301669942832571e-01	1.651475644473709703e-01	2.529993438232114866e-01	1.513838216861385921e-01	7.174809762370640276e-02	2.906426739855785812e-02	7.602673802650936064e-02
1.162516182341364356e+03	2.534173988816886269e-01	1.650127011040421754e-01	2.531479023968339348e-01	1.514702859795666323e-01	7.178085594599166452e-02	2.908599409912663095e-02	7.608486159252819681e-02
1.163967513405461204e+03	2.532049972758714240e-01	1.648780576866389624e-01	2.532961954363494028e-01	1.515566024482734586e-01	7.181355430096879322e-02	2.910769661150659077e-02	7.614289624016927494e-02
1.165418844469557826e+03	2.529929615476272931e-01	1.647436338293310487e-01	2.534442234164890340e-01	1.516427713851420389e-01	7.184619281714663130e-02	2.912937493852404275e-02	7.620084206551781814e-02
1.166870175533654447e+03	2.527812910688443937e-01	1.646094291669069065e-01	2.535919868110484976e-01	1.517287930823008613e-01	7.187877162272229836e-02	2.915102908313543795e-02	7.625869916481942123e-02
1.168321506597751068e+03	2.525699852125011802e-01	1.644754433347725975e-01	2.537394860928905427e-01	1.518146678311267928e-01	7.191129084558209317e-02	2.917265904842664473e-02	7.631646763447788584e-02
1.169772837661847461e+03	2.523590433526646248e-01	1.643416759689508011e-01	2.538867217339471627e-01	1.519003959222476607e-01	7.194375061330229859e-02	2.919426483761223060e-02	7.637414757105301377e-02
1.171224168725944082e+03	2.521484648644881088e-01	1.642081267060795935e-01	2.540336942052217606e-01	1.519859776455449452e-01	7.197615105315004203e-02	2.921584645403476135e-02	7.643173907125849764e-02
1.172675499790040703e+03	2.519382491242095901e-01	1.640747951834115315e-01	2.541804039767920909e-01	1.520714132901566096e-01	7.200849229208419744e-02	2.923740390116406213e-02	7.648924223195971428e-02
1.174126830854137097e+03	2.517283955091494940e-01	1.639416810388124035e-01	2.543268515178120914e-01	1.521567031444794604e-01	7.204077445675617641e-02	2.925893718259653734e-02	7.654665715017164307e-02
1.175578161918233945e+03	2.515189033977090483e-01	1.638087839107601751e-01	2.544730372965145482e-01	1.522418474961720891e-01	7.207299767351080244e-02	2.928044630205444213e-02	7.660398392305675652e-02
1.177029492982330339e+03	2.513097721693679509e-01	1.636761034383440727e-01	2.546189617802132044e-01	1.523268466321573977e-01	7.210516206838714359e-02	2.930193126338518847e-02	7.666122264792288310e-02
1.178480824046426733e+03	2.511010012046828166e-01	1.635436392612633627e-01	2.547646254353053696e-01	1.524117008386251804e-01	7.213726776711934519e-02	2.932339207056065475e-02	7.671837342222115330e-02
1.179932155110523581e+03	2.508925898852849556e-01	1.634113910198263797e-01	2.549100287272738630e-01	1.524964104010348431e-01	7.216931489513749021e-02	2.934482872767647452e-02	7.677543634354391799e-02
1.181383486174620202e+03	2.506845375938785980e-01	1.632793583549493333e-01	2.550551721206896216e-01	1.525809756041178744e-01	7.220130357756840422e-02	2.936624123895134261e-02	7.683241150962269450e-02
1.182834817238716823e+03	2.504768437142391169e-01	1.631475409081553363e-01	2.552000560792138661e-01	1.526653967318805372e-01	7.223323393923651581e-02	2.938762960872633861e-02	7.688929901832614044e-02
1.184286148302813444e+03	2.502695076312106415e-01	1.630159383215733504e-01	2.553446810656005428e-01	1.527496740676064502e-01	7.226510610466467532e-02	2.940899384146423295e-02	7.694609896765799983e-02
1.185737479366910065e+03	2.500625287307045586e-01	1.628845502379369925e-01	2.554890475416983775e-01	1.528338078938590860e-01	7.229692019807494596e-02	2.943033394174878956e-02	7.700281145575511854e-02
1.187188810431006686e+03	2.498559063996974028e-01	1.627533763005837020e-01	2.556331559684533739e-01	1.529177984924843803e-01	7.232867634338950580e-02	2.945164991428411011e-02	7.705943658088537651e-02
1.188640141495103080e+03	2.496496400262290249e-01	1.626224161534534918e-01	2.557770068059109225e-01	1.530016461446132292e-01	7.236037466423141107e-02	2.947294176389392631e-02	7.711597444144581426e-02
1.190091472559199701e+03	2.494437289994006490e-01	1.624916694410879214e-01	2.559206005132181883e-01	1.530853511306641268e-01	7.239201528392542884e-02	2.949420949552095800e-02	7.717242513596057896e-02
1.191542803623296322e+03	2.492381727093729571e-01	1.623611358086291256e-01	2.560639375486262748e-01	1.531689137303454962e-01	7.242359832549884191e-02	2.951545311422619847e-02	7.722878876307898155e-02
1.192994134687392716e+03	2.490329705473642019e-01	1.622308149018187040e-01	2.562070183694924452e-01	1.532523342226583818e-01	7.245512391168229538e-02	2.953667262518829342e-02	7.728506542157355386e-02
1.194445465751489564e+03	2.488281219056483751e-01	1.621007063669966664e-01	2.563498434322825092e-01	1.533356128858988365e-01	7.248659216491058765e-02	2.955786803370283322e-02	7.734125521033810569e-02
1.195896796815585958e+03	2.486236261775531253e-01	1.619708098511004613e-01	2.564924131925728767e-01	1.534187499976604474e-01	7.251800320732344762e-02	2.957903934518171102e-02	7.739735822838586521e-02
1.197348127879682352e+03	2.484194827574581765e-01	1.618411250016637271e-01	2.566347281050528339e-01	1.535017458348368058e-01	7.254935716076642283e-02	2.960018656515246357e-02	7.745337457484750832e-02
1.198799458943779200e+03	2.482156910407931072e-01	1.617116514668155425e-01	2.567767886235268193e-01	1.535846006736239777e-01	7.258065414679161498e-02	2.962130969925759819e-02	7.750930434896928511e-02
1.200250790007875821e+03	2.480122504240356851e-01	1.615823888952791498e-01	2.569185952009165885e-01	1.536673147895229463e-01	7.261189428665849876e-02	2.964240875325395083e-02	7.756514765011114643e-02
1.201702121071972442e+03	2.478091603047099245e-01	1.614533369363710114e-01	2.570601482892633793e-01	1.537498884573420266e-01	7.264307770133472675e-02	2.966348373301202698e-02	7.762090457774487029e-02
1.203153452136069063e+03	2.476064200813841987e-01	1.613244952399997822e-01	2.572014483397300766e-01	1.538323219511993356e-01	7.267420451149693428e-02	2.968453464451536322e-02	7.767657523145224396e-02
1.204604783200165684e+03	2.474040291536694358e-01	1.611958634566652560e-01	2.573424958026035436e-01	1.539146155445251518e-01	7.270527483753150277e-02	2.970556149385986805e-02	7.773215971092319043e-02
1.206056114264262078e+03	2.472019869222170929e-01	1.610674412374573095e-01	2.574832911272966207e-01	1.539967695100644407e-01	7.273628879953537851e-02	2.972656428725318351e-02	7.778765811595392266e-02
1.207507445328358699e+03	2.470002927887175181e-01	1.609392282340548763e-01	2.576238347623503455e-01	1.540787841198791031e-01	7.276724651731689142e-02	2.974754303101405026e-02	7.784307054644518109e-02
1.208958776392455093e+03	2.467989461558978692e-01	1.608112240987249475e-01	2.577641271554361180e-01	1.541606596453504452e-01	7.279814811039647671e-02	2.976849773157166229e-02	7.789839710240042958e-02
1.210410107456551941e+03	2.465979464275204480e-01	1.606834284843215166e-01	2.579041687533579208e-01	1.542423963571815659e-01	7.282899369800749367e-02	2.978942839546503893e-02	7.795363788392399573e-02
1.211861438520648335e+03	2.463972930083807023e-01	1.605558410442846085e-01	2.580439600020543178e-01	1.543239945253996326e-01	7.285978339909698898e-02	2.981033502934238993e-02	7.800879299121937782e-02
1.213312769584745183e+03	2.461969853043054490e-01	1.604284614326391412e-01	2.581835013466006190e-01	1.544054544193583234e-01	7.289051733232652930e-02	2.983121763996047712e-02	7.806386252458744068e-02
1.214764100648841804e+03	2.459970227221510430e-01	1.603012893039940379e-01	2.583227932312111008e-01	1.544867763077401590e-01	7.292119561607290912e-02	2.985207623418400374e-02	7.811884658442469487e-02
1.216215431712937971e+03	2.457974046698014337e-01	1.601743243135411165e-01	2.584618360992411157e-01	1.545679604585587785e-01	7.295181836842898337e-02	2.987291081898498304e-02	7.817374527122149253e-02
1.217666762777034819e+03	2.455981305561664718e-01	1.600475661170540909e-01	2.586006303931891459e-01	1.546490071391612986e-01	7.298238570720437524e-02	2.989372140144211723e-02	7.822855868556038983e-02
1.219118093841131440e+03	2.453991997911799672e-01	1.599210143708875986e-01	2.587391765546988576e-01	1.547299166162305895e-01	7.301289774992636428e-02	2.991450798874017991e-02	7.828328692811434286e-02
1.220569424905228061e+03	2.452006117857978840e-01	1.597946687319761194e-01	2.588774750245612655e-01	1.548106891557876619e-01	7.304335461384048322e-02	2.993527058816940201e-02	7.833793009964509779e-02
1.222020755969324682e+03	2.450023659519965091e-01	1.596685288578330031e-01	2.590155262427168426e-01	1.548913250231938321e-01	7.307375641591142001e-02	2.995600920712485765e-02	7.839248830100140064e-02
1.223472087033421303e+03	2.448044617027706760e-01	1.595425944065494706e-01	2.591533306482575738e-01	1.549718244831530811e-01	7.310410327282376719e-02	2.997672385310585705e-02	7.844696163311742909e-02
1.224923418097517697e+03	2.446068984521318768e-01	1.594168650367936424e-01	2.592908886794289547e-01	1.550521877997143028e-01	7.313439530098270192e-02	2.999741453371533237e-02	7.850135019701103001e-02
1.226374749161614318e+03	2.444096756151065142e-01	1.592913404078093731e-01	2.594282007736321560e-01	1.551324152362736353e-01	7.316463261651483252e-02	3.001808125665924101e-02	7.855565409378209574e-02
1.227826080225710712e+03	2.442127926077339861e-01	1.591660201794154184e-01	2.595652673674261335e-01	1.552125070555765707e-01	7.319481533526890626e-02	3.003872402974595845e-02	7.860987342461096816e-02
1.229277411289807560e+03	2.440162488470649649e-01	1.590409040120043249e-01	2.597020888965294594e-01	1.552924635197202308e-01	7.322494357281655875e-02	3.005934286088568497e-02	7.866400829075671786e-02
1.230728742353903954e+03	2.438200437511595653e-01	1.589159915665415423e-01	2.598386657958225987e-01	1.553722848901556985e-01	7.325501744445309105e-02	3.007993775808984194e-02	7.871805879355560365e-02
1.232180073418000802e+03	2.436241767390855406e-01	1.587912825045643406e-01	2.599749984993497964e-01	1.554519714276900999e-01	7.328503706519821914e-02	3.010050872947048553e-02	7.877202503441942116e-02
1.233631404482097196e+03	2.434286472309164784e-01	1.586667764881808107e-01	2.601110874403211870e-01	1.555315233924889073e-01	7.331500254979682329e-02	3.012105578323970648e-02	7.882590711483393464e-02
1.235082735546193817e+03	2.432334546477299964e-01	1.585424731800688936e-01	2.602469330511147927e-01	1.556109410440780771e-01	7.334491401271968358e-02	3.014157892770904720e-02	7.887970513635726710e-02
1.236534066610290438e+03	2.430385984116060216e-01	1.584183722434753805e-01	2.603825357632786885e-01	1.556902246413462976e-01	7.337477156816418766e-02	3.016207817128892243e-02	7.893341920061833217e-02
1.237985397674387059e+03	2.428440779456248477e-01	1.582944733422149697e-01	2.605178960075325012e-01	1.557693744425471538e-01	7.340457533005510793e-02	3.018255352248801551e-02	7.898704940931527974e-02
1.239436728738483680e+03	2.426498926738654971e-01	1.581707761406691559e-01	2.606530142137700179e-01	1.558483907053011541e-01	7.343432541204536479e-02	3.020300498991272675e-02	7.904059586421392780e-02
1.240888059802580301e+03	2.424560420214038614e-01	1.580472803037853979e-01	2.607878908110609073e-01	1.559272736865981446e-01	7.346402192751670668e-02	3.022343258226656282e-02	7.909405866714624977e-02
1.242339390866676695e+03	2.422625254143109808e-01	1.579239854970760359e-01	2.609225262276526625e-01	1.560060236427992242e-01	7.349366498958051497e-02	3.024383630834958855e-02	7.914743792000879241e-02
1.243790721930773088e+03	2.420693422796511840e-01	1.578008913866173202e-01	2.610569208909727101e-01	1.560846408296390486e-01	7.352325471107842847e-02	3.026421617705784065e-02	7.920073372476123252e-02
1.245242052994869937e+03	2.418764920454803957e-01	1.576779976390484950e-01	2.611910752276303538e-01	1.561631255022278841e-01	7.355279120458316222e-02	3.028457219738275516e-02	7.925394618342480879e-02
1.246693384058966330e+03	2.416839741408443043e-01	1.575553039215707163e-01	2.613249896634184943e-01	1.562414779150536892e-01	7.358227458239920138e-02	3.030490437841060897e-02	7.930707539808082296e-02
1.248144715123063179e+03	2.414917879957766411e-01	1.574328099019461080e-01	2.614586646233160727e-01	1.563196983219843073e-01	7.361170495656353674e-02	3.032521272932194381e-02	7.936012147086921042e-02
1.249596046187159800e+03	2.412999330412974042e-01	1.573105152484968461e-01	2.615921005314896242e-01	1.563977869762695483e-01	7.364108243884638638e-02	3.034549725939101120e-02	7.941308450398702756e-02
1.251047377251256421e+03	2.411084087094111372e-01	1.571884196301041037e-01	2.617252978112952766e-01	1.564757441305432151e-01	7.367040714075191732e-02	3.036575797798520687e-02	7.946596459968695292e-02
1.252498708315352815e+03	2.409172144331050702e-01	1.570665227162071631e-01	2.618582568852810266e-01	1.565535700368252681e-01	7.369967917351892550e-02	3.038599489456452266e-02	7.951876186027589943e-02
1.253950039379449436e+03	2.407263496463474817e-01	1.569448241768023611e-01	2.619909781751880717e-01	1.566312649465238793e-01	7.372889864812159910e-02	3.040620801868097398e-02	7.957147638811351564e-02
1.255401370443546057e+03	2.405358137840859500e-01	1.568233236824422006e-01	2.621234621019531974e-01	1.567088291104374309e-01	7.375806567527022628e-02	3.042639735997806211e-02	7.962410828561077014e-02
1.256852701507642678e+03	2.403456062822454664e-01	1.567020209042343237e-01	2.622557090857106643e-01	1.567862627787566798e-01	7.378718036541188907e-02	3.044656292819021906e-02	7.967665765522856380e-02
1.258304032571739299e+03	2.401557265777268524e-01	1.565809155138405406e-01	2.623877195457939293e-01	1.568635662010667287e-01	7.381624282873118503e-02	3.046670473314225247e-02	7.972912459947627262e-02
1.259755363635835920e+03	2.399661741084049282e-01	1.564600071834760242e-01	2.625194939007378103e-01	1.569407396263490517e-01	7.384525317515089338e-02	3.048682278474880783e-02	7.978150922091031827e-02
1.261206694699932314e+03	2.397769483131267920e-01	1.563392955859080335e-01	2.626510325682799851e-01	1.570177833029835490e-01	7.387421151433277988e-02	3.050691709301383073e-02	7.983381162213286364e-02
1.262658025764028707e+03	2.395880486317101821e-01	1.562187803944552478e-01	2.627823359653632673e-01	1.570946974787506001e-01	7.390311795567817976e-02	3.052698766803000827e-02	7.988603190579035562e-02
1.264109356828125556e+03	2.393994745049415895e-01	1.560984612829866836e-01	2.629134045081373827e-01	1.571714824008330069e-01	7.393197260832878870e-02	3.054703451997824865e-02	7.993817017457220675e-02
1.265560687892221949e+03	2.392112253745746764e-01	1.559783379259207514e-01	2.630442386119606346e-01	1.572481383158180479e-01	7.396077558116730122e-02	3.056705765912713646e-02	7.999022653120937965e-02
1.267012018956318798e+03	2.390233006833284157e-01	1.558584099982243398e-01	2.631748386914022353e-01	1.573246654696994207e-01	7.398952698281816009e-02	3.058705709583239493e-02	8.004220107847304089e-02
1.268463350020415419e+03	2.388356998748855098e-01	1.557386771754118160e-01	2.633052051602435828e-01	1.574010641078792960e-01	7.401822692164819473e-02	3.060703284053637244e-02	8.009409391917327037e-02
1.269914681084511813e+03	2.386484223938906135e-01	1.556191391335441099e-01	2.634353384314806479e-01	1.574773344751701776e-01	7.404687550576734278e-02	3.062698490376749086e-02	8.014590515615767352e-02
1.271366012148608434e+03	2.384614676859486415e-01	1.554997955492277428e-01	2.635652389173255838e-01	1.575534768157969556e-01	7.407547284302937185e-02	3.064691329613973211e-02	8.019763489231010456e-02
1.272817343212705055e+03	2.382748351976229639e-01	1.553806460996138561e-01	2.636949070292085029e-01	1.576294913733989056e-01	7.410401904103250392e-02	3.066681802835211079e-02	8.024928323054929258e-02
1.274268674276801676e+03	2.380885243764338521e-01	1.552616904623973504e-01	2.638243431777795855e-01	1.577053783910315199e-01	7.413251420712015094e-02	3.068669911118815721e-02	8.030085027382757867e-02
1.275720005340898297e+03	2.379025346708566746e-01	1.551429283158158590e-01	2.639535477729105795e-01	1.577811381111684785e-01	7.416095844838158091e-02	3.070655655551539354e-02	8.035233612512962531e-02
1.277171336404994690e+03	2.377168655303202593e-01	1.550243593386488594e-01	2.640825212236969088e-01	1.578567707757036476e-01	7.418935187165259793e-02	3.072639037228481335e-02	8.040374088747111181e-02
1.278622667469091539e+03	2.375315164052050898e-01	1.549059832102167300e-01	2.642112639384593398e-01	1.579322766259529665e-01	7.421769458351620830e-02	3.074620057253037858e-02	8.045506466389747147e-02
1.280073998533187932e+03	2.373464867468418060e-01	1.547877996103797504e-01	2.643397763247458676e-01	1.580076559026563354e-01	7.424598669030331444e-02	3.076598716736848871e-02	8.050630755748262868e-02
1.281525329597284326e+03	2.371617760075093173e-01	1.546698082195372692e-01	2.644680587893334933e-01	1.580829088459795029e-01	7.427422829809340876e-02	3.078575016799749153e-02	8.055746967132770830e-02
1.282976660661381175e+03	2.369773836404331646e-01	1.545520087186267044e-01	2.645961117382300554e-01	1.581580356955160638e-01	7.430241951271522594e-02	3.080548958569715931e-02	8.060855110855985606e-02
1.284427991725477568e+03	2.367933090997839662e-01	1.544344007891225445e-01	2.647239355766759505e-01	1.582330366902892360e-01	7.433056043974739513e-02	3.082520543182818915e-02	8.065955197233090623e-02
1.285879322789574417e+03	2.366095518406756415e-01	1.543169841130356268e-01	2.648515307091460214e-01	1.583079120687538033e-01	7.435865118451913391e-02	3.084489771783169992e-02	8.071047236581624373e-02
1.287330653853671038e+03	2.364261113191636621e-01	1.541997583729120269e-01	2.649788975393513324e-01	1.583826620687979470e-01	7.438669185211092827e-02	3.086456645522872577e-02	8.076131239221354119e-02
1.288781984917767431e+03	2.362429869922434422e-01	1.540827232518321710e-01	2.651060364702408911e-01	1.584572869277451612e-01	7.441468254735519872e-02	3.088421165561973381e-02	8.081207215474155159e-02
1.290233315981864052e+03	2.360601783178487845e-01	1.539658784334099195e-01	2.652329479040034799e-01	1.585317868823560850e-01	7.444262337483689707e-02	3.090383333068410371e-02	8.086275175663887316e-02
