1.301360187473271253e+03	2.357133180828832331e-01	1.513963014236182902e-01	2.603465479406734673e-01	1.616566957163106666e-01	7.643526323593510807e-02	3.210596718434324814e-02	8.234590641601341465e-02
1.306197957686926657e+03	2.351282538001269184e-01	1.509988141609075463e-01	2.607191026621784591e-01	1.619201023881633450e-01	7.654483857546048875e-02	3.217972684739969780e-02	8.250916156554098657e-02
1.311035727900581833e+03	2.345465891932090874e-01	1.506034457935435111e-01	2.610894999796649074e-01	1.621819940496543044e-01	7.665382625501901415e-02	3.225317194634387541e-02	8.267147278234275587e-02
1.315873498114237009e+03	2.339683038126720294e-01	1.502101855415867993e-01	2.614577542679474287e-01	1.624423787523096574e-01	7.676222924215166110e-02	3.232630282070409616e-02	8.283284556240580465e-02
1.320711268327892412e+03	2.333933773416975443e-01	1.498190226729938235e-01	2.618238797637640891e-01	1.627012645206356856e-01	7.687005049447701022e-02	3.239911983099067611e-02	8.299328537521867555e-02
1.325549038541547588e+03	2.328217895950905614e-01	1.494299465035140717e-01	2.621878905679450034e-01	1.629586593518970450e-01	7.697729295958775919e-02	3.247162335817196932e-02	8.315279766357111524e-02
1.330386808755202765e+03	2.322535205182733042e-01	1.490429463965853851e-01	2.625498006475338042e-01	1.632145712159009665e-01	7.708395957495157991e-02	3.254381380316123673e-02	8.331138784337126235e-02
1.335224578968857941e+03	2.316885501862900876e-01	1.486580117632272935e-01	2.629096238378627048e-01	1.634690080547873403e-01	7.719005326781645804e-02	3.261569158631412446e-02	8.346906130347953034e-02
1.340062349182513572e+03	2.311268588028222437e-01	1.482751320619327684e-01	2.632673738445828193e-01	1.637219777828247402e-01	7.729557695512001558e-02	3.268725714693653667e-02	8.362582340555842209e-02
1.344900119396168748e+03	2.305684266992132359e-01	1.478942967985580337e-01	2.636230642456506845e-01	1.639734882862122489e-01	7.740053354340303837e-02	3.275851094280266690e-02	8.378167948393758224e-02
1.349737889609823924e+03	2.300132343335036245e-01	1.475154955262109047e-01	2.639767084932722607e-01	1.642235474228873615e-01	7.750492592872697262e-02	3.282945344968297985e-02	8.393663484549340748e-02
1.354575659823479100e+03	2.294612622894759979e-01	1.471387178451371847e-01	2.643283199158049657e-01	1.644721630223396069e-01	7.760875699659519622e-02	3.290008516088195611e-02	8.409069476954254829e-02
1.359413430037134731e+03	2.289124912757096175e-01	1.467639534026057291e-01	2.646779117196198516e-01	1.647193428854301922e-01	7.771202962187809260e-02	3.297040658678535019e-02	8.424386450774859481e-02
1.364251200250789907e+03	2.283669021246443054e-01	1.463911918927917333e-01	2.650254969909237590e-01	1.649650947842174198e-01	7.781474666874178825e-02	3.304041825441682984e-02	8.439614928404162719e-02
1.369088970464445310e+03	2.278244757916541297e-01	1.460204230566585770e-01	2.653710886975431116e-01	1.652094264617879060e-01	7.791691099058040137e-02	3.311012070700372623e-02	8.454755429454961779e-02
1.373926740678100487e+03	2.272851933541299163e-01	1.456516366818382813e-01	2.657146996906706304e-01	1.654523456320936281e-01	7.801852542995173223e-02	3.317951450355174220e-02	8.469808470754150442e-02
1.378764510891755890e+03	2.267490360105713643e-01	1.452848226025103828e-01	2.660563427065749109e-01	1.656938599797947720e-01	7.811959281851636738e-02	3.324860021842845209e-02	8.484774566338125490e-02
1.383602281105411066e+03	2.262159850796875982e-01	1.449199706992793935e-01	2.663960303682746389e-01	1.659339771601081870e-01	7.822011597698000362e-02	3.331737844095537110e-02	8.499654227449229826e-02
1.388440051319066470e+03	2.256860219995070749e-01	1.445570708990511766e-01	2.667337751871781126e-01	1.661727047986616967e-01	7.832009771503894990e-02	3.338584977500844153e-02	8.514447962533212844e-02
1.393277821532721646e+03	2.251591283264958998e-01	1.441961131749075753e-01	2.670695895646886253e-01	1.664100504913537670e-01	7.841954083132868236e-02	3.345401483862673470e-02	8.529156277237624761e-02
1.398115591746377049e+03	2.246352857346848586e-01	1.438370875459801801e-01	2.674034857937772625e-01	1.666460218042191410e-01	7.851844811337552188e-02	3.352187426362926437e-02	8.543779674411129677e-02
1.402953361960032225e+03	2.241144760148050807e-01	1.434799840773225699e-01	2.677354760605228368e-01	1.668806262732996371e-01	7.861682233755105942e-02	3.358942869523962732e-02	8.558318654103679035e-02
1.407791132173687402e+03	2.235966810734316412e-01	1.431247928797814706e-01	2.680655724456209033e-01	1.671138714045205254e-01	7.871466626902952346e-02	3.365667879171844318e-02	8.572773713567506670e-02
1.412628902387342805e+03	2.230818829321359886e-01	1.427715041098666926e-01	2.683937869258619657e-01	1.673457646735726501e-01	7.881198266174790912e-02	3.372362522400333684e-02	8.587145347258899608e-02
1.417466672600997981e+03	2.225700637266459503e-01	1.424201079696201799e-01	2.687201313755795407e-01	1.675763135257994363e-01	7.890877425836874404e-02	3.379026867535634554e-02	8.601434046840732150e-02
1.422304442814653157e+03	2.220612057060142031e-01	1.420705947064834496e-01	2.690446175680694663e-01	1.678055253760895038e-01	7.900504379024547719e-02	3.385660984101860477e-02	8.615640301185679972e-02
1.427142213028308333e+03	2.215552912317943768e-01	1.417229546131645868e-01	2.693672571769802904e-01	1.680334076087744433e-01	7.910079397739043505e-02	3.392264942787213272e-02	8.629764596380125330e-02
1.431979983241963964e+03	2.210523027772250404e-01	1.413771780275036860e-01	2.696880617776762357e-01	1.682599675775318382e-01	7.919602752844516480e-02	3.398838815410860914e-02	8.643807415728699262e-02
1.436817753455619140e+03	2.205522229264213763e-01	1.410332553323377369e-01	2.700070428485727980e-01	1.684852126052933108e-01	7.929074714065321994e-02	3.405382674890498201e-02	8.657769239759416369e-02
1.441655523669274316e+03	2.200550343735745429e-01	1.406911769553640945e-01	2.703242117724461990e-01	1.687091499841577857e-01	7.938495549983530519e-02	3.411896595210572175e-02	8.671650546229402179e-02
1.446493293882929493e+03	2.195607199221583372e-01	1.403509333690036165e-01	2.706395798377165263e-01	1.689317869753094170e-01	7.947865528036662797e-02	3.418380651391171587e-02	8.685451810131147865e-02
1.451331064096585123e+03	2.190692624841433789e-01	1.400125150902622462e-01	2.709531582397062266e-01	1.691531308089409269e-01	7.957184914515645635e-02	3.424834919457550586e-02	8.699173503699296484e-02
1.456168834310240300e+03	2.185806450792185662e-01	1.396759126805922624e-01	2.712649580818736195e-01	1.693731886841813306e-01	7.966453974562982820e-02	3.431259476410284531e-02	8.712816096417913547e-02
1.461006604523895703e+03	2.180948508340197489e-01	1.393411167457525024e-01	2.715749903770227069e-01	1.695919677690286842e-01	7.975672972171134190e-02	3.437654400196042681e-02	8.726380055028215565e-02
1.465844374737550879e+03	2.176118629813653393e-01	1.390081179356676966e-01	2.718832660484890029e-01	1.698094752002876073e-01	7.984842170181090382e-02	3.444019769678963866e-02	8.739865843536739898e-02
1.470682144951206283e+03	2.171316648594991128e-01	1.386769069442870816e-01	2.721897959313029913e-01	1.700257180835111626e-01	7.993961830281154368e-02	3.450355664612624745e-02	8.753273923223935105e-02
1.475519915164861459e+03	2.166542399113398631e-01	1.383474745094425140e-01	2.724945907733313799e-01	1.702407034929476481e-01	8.003032213005897844e-02	3.456662165612584686e-02	8.766604752653132937e-02
1.480357685378516862e+03	2.161795716837378312e-01	1.380198114127053899e-01	2.727976612363956499e-01	1.704544384714915817e-01	8.012053577735320231e-02	3.462939354129502406e-02	8.779858787679890864e-02
1.485195455592172038e+03	2.157076438267379048e-01	1.376939084792433710e-01	2.730990178973701776e-01	1.706669300306394021e-01	8.021026182694174222e-02	3.469187312422807035e-02	8.793036481461687093e-02
1.490033225805827215e+03	2.152384400928495090e-01	1.373697565776761109e-01	2.733986712492593729e-01	1.708781851504492522e-01	8.029950284951467565e-02	3.475406123534913183e-02	8.806138284467945887e-02
1.494870996019482618e+03	2.147719443363229896e-01	1.370473466199305657e-01	2.736966317022539452e-01	1.710882107795052842e-01	8.038826140420138322e-02	3.481595871265975861e-02	8.819164644490357086e-02
1.499708766233137567e+03	2.143081405124324101e-01	1.367266695610955818e-01	2.739929095847681295e-01	1.712970138348859361e-01	8.047654003856888338e-02	3.487756640149158177e-02	8.832116006653499551e-02
1.504546536446793198e+03	2.138470126767649804e-01	1.364077163992758746e-01	2.742875151444566506e-01	1.715046012021365918e-01	8.056434128862186017e-02	3.493888515426422925e-02	8.844992813425735234e-02
1.509384306660448374e+03	2.133885449845165649e-01	1.360904781754455617e-01	2.745804585492135907e-01	1.717109797352460165e-01	8.065166767880409260e-02	3.499991583024823771e-02	8.857795504630343320e-02
1.514222076874103550e+03	2.129327216897935193e-01	1.357749459733011699e-01	2.748717498881521615e-01	1.719161562566270951e-01	8.073852172200152166e-02	3.506065929533284248e-02	8.870524517456920832e-02
1.519059847087758726e+03	2.124795271449206324e-01	1.354611109191140028e-01	2.751613991725664343e-01	1.721201375571012326e-01	8.082490591954674675e-02	3.512111642179866627e-02	8.883180286472978915e-02
1.523897617301414357e+03	2.120289457997553417e-01	1.351489641815821208e-01	2.754494163368757520e-01	1.723229303958868086e-01	8.091082276122482653e-02	3.518128808809505015e-02	8.895763243635761153e-02
1.528735387515069533e+03	2.115809622010076108e-01	1.348384969716819592e-01	2.757358112395514316e-01	1.725245415005911831e-01	8.099627472528059258e-02	3.524117517862215138e-02	8.908273818304260350e-02
1.533573157728724709e+03	2.111355609915661624e-01	1.345297005425192816e-01	2.760205936640268143e-01	1.727249775672066168e-01	8.108126427842726747e-02	3.530077858351743370e-02	8.920712437251401838e-02
1.538410927942380113e+03	2.106927269098300970e-01	1.342225661891798538e-01	2.763037733195909951e-01	1.729242452601095492e-01	8.116579387585629024e-02	3.536009919844673721e-02	8.933079524676409977e-02
1.543248698156035516e+03	2.102524447890468384e-01	1.339170852485798424e-01	2.765853598422658988e-01	1.731223512120638186e-01	8.124986596124847416e-02	3.541913792439962266e-02	8.945375502217316199e-02
1.548086468369690692e+03	2.098146995566551876e-01	1.336132490993156008e-01	2.768653627956681462e-01	1.733193020242270177e-01	8.133348296678637179e-02	3.547789566748905943e-02	8.957600788963622496e-02
1.552924238583346096e+03	2.093794762336345650e-01	1.333110491615133175e-01	2.771437916718552663e-01	1.735151042661604581e-01	8.141664731316776427e-02	3.553637333875527687e-02	8.969755801469091183e-02
1.557762008797001272e+03	2.089467599338595549e-01	1.330104768966782203e-01	2.774206558921568089e-01	1.737097644758423820e-01	8.149936140962035780e-02	3.559457185397370965e-02	8.981840953764649860e-02
1.562599779010656675e+03	2.085165358634600286e-01	1.327115238075435022e-01	2.776959648079907472e-01	1.739032891596845876e-01	8.158162765391753501e-02	3.565249213346699531e-02	8.993856657371419872e-02
1.567437549224311852e+03	2.080887893201867345e-01	1.324141814379189708e-01	2.779697277016653922e-01	1.740956847925519968e-01	8.166344843239521645e-02	3.571013510192092011e-02	9.005803321313840537e-02
1.572275319437967255e+03	2.076635056927821632e-01	1.321184413725394191e-01	2.782419537871676507e-01	1.742869578177857204e-01	8.174482611996970738e-02	3.576750168820422293e-02	9.017681352132875250e-02
1.577113089651622431e+03	2.072406704603569350e-01	1.318242952369127752e-01	2.785126522109369618e-01	1.744771146472289258e-01	8.182576308015668265e-02	3.582459282519218080e-02	9.029491153899318889e-02
1.581950859865277607e+03	2.068202691917712388e-01	1.315317346971680013e-01	2.787818320526261329e-01	1.746661616612557866e-01	8.190626166509090700e-02	3.588140944959396228e-02	9.041233128227163518e-02
1.586788630078933011e+03	2.064022875450216565e-01	1.312407514599028269e-01	2.790495023258487417e-01	1.748541052088034287e-01	8.198632421554714889e-02	3.593795250178355438e-02	9.052907674287037632e-02
1.591626400292587959e+03	2.059867112666328992e-01	1.309513372720310931e-01	2.793156719789140485e-01	1.750409516074066252e-01	8.206595306096182985e-02	3.599422292563432546e-02	9.064515188819696756e-02
1.596464170506243590e+03	2.055735261910547895e-01	1.306634839206302912e-01	2.795803498955486410e-01	1.752267071432354606e-01	8.214515051945570079e-02	3.605022166835703673e-02	9.076056066149576496e-02
1.601301940719898766e+03	2.051627182400644345e-01	1.303771832327886016e-01	2.798435448956066995e-01	1.754113780711356041e-01	8.222391889785722607e-02	3.610594968034134405e-02	9.087530698198376111e-02
1.606139710933553943e+03	2.047542734221728111e-01	1.300924270754519330e-01	2.801052657357672171e-01	1.755949706146713585e-01	8.230226049172688352e-02	3.616140791500060958e-02	9.098939474498683733e-02
1.610977481147209119e+03	2.043481778320368480e-01	1.298092073552707948e-01	2.803655211102200617e-01	1.757774909661712626e-01	8.238017758538228319e-02	3.621659732862005099e-02	9.110282782207634877e-02
1.615815251360864750e+03	2.039444176498759476e-01	1.295275160184471142e-01	2.806243196513403260e-01	1.759589452867762471e-01	8.245767245192395234e-02	3.627151888020810344e-02	9.121561006120593174e-02
1.620653021574519926e+03	2.035429791408935873e-01	1.292473450505809973e-01	2.808816699303512410e-01	1.761393397064903721e-01	8.253474735326200851e-02	3.632617353135097343e-02	9.132774528684844961e-02
1.625490791788175102e+03	2.031438486547034461e-01	1.289686864765172136e-01	2.811375804579763216e-01	1.763186803242338674e-01	8.261140454014342938e-02	3.638056224607026656e-02	9.143923730013309159e-02
1.630328562001830505e+03	2.027470126247603310e-01	1.286915323601918737e-01	2.813920596850802980e-01	1.764969732078986719e-01	8.268764625218012754e-02	3.643468599068370312e-02	9.155008987898258233e-02
1.635166332215485909e+03	2.023524575677957960e-01	1.284158748044788301e-01	2.816451160033000001e-01	1.766742243944061930e-01	8.276347471787758037e-02	3.648854573366878962e-02	9.166030677825040551e-02
1.640004102429141085e+03	2.019601700832581170e-01	1.281417059510362444e-01	2.818967577456643614e-01	1.768504398897673691e-01	8.283889215466420930e-02	3.654214244552943247e-02	9.176989172985790255e-02
1.644841872642796488e+03	2.015701368527570148e-01	1.278690179801530158e-01	2.821469931872044312e-01	1.770256256691449537e-01	8.291390076892135585e-02	3.659547709866541737e-02	9.187884844293146835e-02
1.649679642856451665e+03	2.011823446395128723e-01	1.275978031105951538e-01	2.823958305455536166e-01	1.771997876769179359e-01	8.298850275601384052e-02	3.664855066724471977e-02	9.198718060393948348e-02
1.654517413070107068e+03	2.007967802878101726e-01	1.273280535994523455e-01	2.826432779815383212e-01	1.773729318267479316e-01	8.306270030032113227e-02	3.670136412707854928e-02	9.209489187682917688e-02
1.659355183283762244e+03	2.004134307224555711e-01	1.270597617419843284e-01	2.828893435997584249e-01	1.775450640016478510e-01	8.313649557526908707e-02	3.675391845549912800e-02	9.220198590316325271e-02
1.664192953497417420e+03	2.000322829482401588e-01	1.267929198714674577e-01	2.831340354491592159e-01	1.777161900540522310e-01	8.320989074336218594e-02	3.680621463124008480e-02	9.230846630225635063e-02
1.669030723711072824e+03	1.996533240494060002e-01	1.265275203590413011e-01	2.833773615235936627e-01	1.778863158058897331e-01	8.328288795621632823e-02	3.685825363431950025e-02	9.241433667131118690e-02
1.673868493924728000e+03	1.992765411891170846e-01	1.262635556135551229e-01	2.836193297623760823e-01	1.780554470486575003e-01	8.335548935459212438e-02	3.691003644592547039e-02	9.251960058555437627e-02
1.678706264138383403e+03	1.989019216089342457e-01	1.260010180814147007e-01	2.838599480508269268e-01	1.782235895434971518e-01	8.342769706842867450e-02	3.696156404830416159e-02	9.262426159837196249e-02
1.683544034352038352e+03	1.985294526282944394e-01	1.257399002464289484e-01	2.840992242208089102e-01	1.783907490212728042e-01	8.349951321687780481e-02	3.701283742465033555e-02	9.272832324144458793e-02
1.688381804565693983e+03	1.981591216439941017e-01	1.254801946296569548e-01	2.843371660512548638e-01	1.785569311826505634e-01	8.357093990833874830e-02	3.706385755900027529e-02	9.283178902488233020e-02
1.693219574779349159e+03	1.977909161296763085e-01	1.252218937892548567e-01	2.845737812686875423e-01	1.787221416981798205e-01	8.364197924049325550e-02	3.711462543612707027e-02	9.293466243735899746e-02
1.698057344993004335e+03	1.974248236353224051e-01	1.249649903203228912e-01	2.848090775477309933e-01	1.788863862083761858e-01	8.371263330034112160e-02	3.716514204143821221e-02	9.303694694624606298e-02
1.702895115206659511e+03	1.970608317867472425e-01	1.247094768547525739e-01	2.850430625116143202e-01	1.790496703238059206e-01	8.378290416423612996e-02	3.721540836087542520e-02	9.313864599774619724e-02
1.707732885420315142e+03	1.966989282850986065e-01	1.244553460610741680e-01	2.852757437326677303e-01	1.792119996251719805e-01	8.385279389792235638e-02	3.726542538081679262e-02	9.323976301702616154e-02
1.712570655633970318e+03	1.963391009063603643e-01	1.242025906443040839e-01	2.855071287328108665e-01	1.793733796634014166e-01	8.392230455657077870e-02	3.731519408798097959e-02	9.334030140834935485e-02
1.717408425847625494e+03	1.959813375008595815e-01	1.239512033457925155e-01	2.857372249840336442e-01	1.795338159597343608e-01	8.399143818481634438e-02	3.736471546933364113e-02	9.344026455520776375e-02
1.722246196061280898e+03	1.956256259927774410e-01	1.237011769430713115e-01	2.859660399088702620e-01	1.796933140058142864e-01	8.406019681679531563e-02	3.741399051199589820e-02	9.353965582045334348e-02
1.727083966274936301e+03	1.952719543796639645e-01	1.234525042497019443e-01	2.861935808808656057e-01	1.798518792637796293e-01	8.412858247618291985e-02	3.746302020315489534e-02	9.363847854642889934e-02
1.731921736488591478e+03	1.949203107319562867e-01	1.232051781151236591e-01	2.864198552250351026e-01	1.800095171663567972e-01	8.419659717623133310e-02	3.751180552997633588e-02	9.373673605509838525e-02
1.736759506702246881e+03	1.945706831925010094e-01	1.229591914245019013e-01	2.866448702183171382e-01	1.801662331169543441e-01	8.426424291980794123e-02	3.756034747951904340e-02	9.383443164817652227e-02
1.741597276915902057e+03	1.942230599760798315e-01	1.227145370985768674e-01	2.868686330900195314e-01	1.803220324897584215e-01	8.433152169943387844e-02	3.760864703865138964e-02	9.393156860725794532e-02
1.746435047129557461e+03	1.938774293689390638e-01	1.224712080935122099e-01	2.870911510222589613e-01	1.804769206298293682e-01	8.439843549732282957e-02	3.765670519396969312e-02	9.402815019394566987e-02
1.751272817343212637e+03	1.935337797283226413e-01	1.222291974007441856e-01	2.873124311503941208e-01	1.806309028531994376e-01	8.446498628542008225e-02	3.770452293171843577e-02	9.412417964997889241e-02
1.756110587556867813e+03	1.931920994820087722e-01	1.219884980468308455e-01	2.875324805634522085e-01	1.807839844469716906e-01	8.453117602544180098e-02	3.775210123771229054e-02	9.421966019736020825e-02
1.760948357770523216e+03	1.928523771278498333e-01	1.217491030933014334e-01	2.877513063045499253e-01	1.809361706694198879e-01	8.459700666891460663e-02	3.779944109725998785e-02	9.431459503848216297e-02
1.765786127984178393e+03	1.925146012333163181e-01	1.215110056365062002e-01	2.879689153713078098e-01	1.810874667500893542e-01	8.466248015721525300e-02	3.784654349508991683e-02	9.440898735625309623e-02
1.770623898197833569e+03	1.921787604350434775e-01	1.212741988074663019e-01	2.881853147162588002e-01	1.812378778898990073e-01	8.472759842161056709e-02	3.789340941527741258e-02	9.450284031422243047e-02
1.775461668411488745e+03	1.918448434383820678e-01	1.210386757717240996e-01	2.884005112472511345e-01	1.813874092612441369e-01	8.479236338329761147e-02	3.794003984117378520e-02	9.459615705670507135e-02
1.780299438625144376e+03	1.915128390169521244e-01	1.208044297291936131e-01	2.886145118278456434e-01	1.815360660081002109e-01	8.485677695344399918e-02	3.798643575533697941e-02	9.468894070890540582e-02
1.785137208838799552e+03	1.911827360122001773e-01	1.205714539140112784e-01	2.888273232777065491e-01	1.816838532461275135e-01	8.492084103322831978e-02	3.803259813946384404e-02	9.478119437704037031e-02
1.789974979052454728e+03	1.908545233329596857e-01	1.203397415943870397e-01	2.890389523729879340e-01	1.818307760627766723e-01	8.498455751388082902e-02	3.807852797432401126e-02	9.487292114846189450e-02
1.794812749266109904e+03	1.905281899550149705e-01	1.201092860724556760e-01	2.892494058467143248e-01	1.819768395173948783e-01	8.504792827672423561e-02	3.812422623969532326e-02	9.496412409177870662e-02
1.799650519479765535e+03	1.902037249206682268e-01	1.198800806841284067e-01	2.894586903891557261e-01	1.821220486413331063e-01	8.511095519321462688e-02	3.816969391430079239e-02	9.505480625697730612e-02
1.804488289693420711e+03	1.898811173383097295e-01	1.196521187989448565e-01	2.896668126481978245e-01	1.822664084380537786e-01	8.517364012498250536e-02	3.821493197574708789e-02	9.514497067554233967e-02
1.809326059907075887e+03	1.895603563819915349e-01	1.194253938199252851e-01	2.898737792297071958e-01	1.824099238832394554e-01	8.523598492387400583e-02	3.825994140046444503e-02	9.523462036057618596e-02
1.814163830120731291e+03	1.892414312910039309e-01	1.191998991834231636e-01	2.900795966978909624e-01	1.825525999249019982e-01	8.529799143199220945e-02	3.830472316364805230e-02	9.532375830691783292e-02
1.819001600334386467e+03	1.889243313694552173e-01	1.189756283589780139e-01	2.902842715756522307e-01	1.826944414834923425e-01	8.535966148173848578e-02	3.834927823920081941e-02	9.541238749126103313e-02
1.823839370548041643e+03	1.886090459858546786e-01	1.187525748491686101e-01	2.904878103449403115e-01	1.828354534520111874e-01	8.542099689585401501e-02	3.839360759967759551e-02	9.550051087227177937e-02
1.828677140761696819e+03	1.882955645726985261e-01	1.185307321894664839e-01	2.906902194470963319e-01	1.829756406961198789e-01	8.548199948746137977e-02	3.843771221623067114e-02	9.558813139070491960e-02
1.833514910975352450e+03	1.879838766260588101e-01	1.183100939480898478e-01	2.908915052831942405e-01	1.831150080542522374e-01	8.554267106010621236e-02	3.848159305855666096e-02	9.567525196952017530e-02
1.838352681189008081e+03	1.876739717051755518e-01	1.180906537258577388e-01	2.910916742143773162e-01	1.832535603377265510e-01	8.560301340779893908e-02	3.852525109484468413e-02	9.576187551399738263e-02
1.843190451402663257e+03	1.873658394320516229e-01	1.178724051560445796e-01	2.912907325621901800e-01	1.833913023308584855e-01	8.566302831505653859e-02	3.856868729172580751e-02	9.584800491185098414e-02
1.848028221616318433e+03	1.870594694910508449e-01	1.176553419042350862e-01	2.914886866089063111e-01	1.835282387910739943e-01	8.572271755694446660e-02	3.861190261422380032e-02	9.593364303334377119e-02
1.852865991829973609e+03	1.867548516284987248e-01	1.174394576681795088e-01	2.916855425978514549e-01	1.836643744490231434e-01	8.578208289911845585e-02	3.865489802570704070e-02	9.601879273139993232e-02
1.857703762043628785e+03	1.864519756522863836e-01	1.172247461776492194e-01	2.918813067337230893e-01	1.837997140086940484e-01	8.584112609786651027e-02	3.869767448784169200e-02	9.610345684171731073e-02
1.862541532257283961e+03	1.861508314314772039e-01	1.170112011942927438e-01	2.920759851829048959e-01	1.839342621475274497e-01	8.589984890015087138e-02	3.874023296054605880e-02	9.618763818287903722e-02
1.867379302470939592e+03	1.858514088959163091e-01	1.167988165114920290e-01	2.922695840737781214e-01	1.840680235165314260e-01	8.595825304365005415e-02	3.878257440194605304e-02	9.627133955646428876e-02
1.872217072684594768e+03	1.855536980358429566e-01	1.165875859542192666e-01	2.924621094970283885e-01	1.842010027403966077e-01	8.601634025680077178e-02	3.882469976833190228e-02	9.635456374715838102e-02
1.877054842898249490e+03	1.852576889015057349e-01	1.163775033788938401e-01	2.926535675059487862e-01	1.843332044176117790e-01	8.607411225884011030e-02	3.886661001411585714e-02	9.643731352286216696e-02
1.881892613111905121e+03	1.849633716027803687e-01	1.161685626732399390e-01	2.928439641167392971e-01	1.844646331205795908e-01	8.613157075984741173e-02	3.890830609179107835e-02	9.651959163480061665e-02
1.886730383325560297e+03	1.846707363087905229e-01	1.159607577561443531e-01	2.930333053088019502e-01	1.845952933957327735e-01	8.618871746078649032e-02	3.894978895189154383e-02	9.660140081763075870e-02
1.891568153539215928e+03	1.843797732475311590e-01	1.157540825775147247e-01	2.932215970250327541e-01	1.847251897636504048e-01	8.624555405354755733e-02	3.899105954295305210e-02	9.668274378954876125e-02
1.896405923752871104e+03	1.840904727054946954e-01	1.155485311181381480e-01	2.934088451721099111e-01	1.848543267191745665e-01	8.630208222098932624e-02	3.903211881147524570e-02	9.676362325239649953e-02
1.901243693966526507e+03	1.838028250272996655e-01	1.153440973895403371e-01	2.935950556207783668e-01	1.849827087315272789e-01	8.635830363698099310e-02	3.907296770188461305e-02	9.684404189176712419e-02
1.906081464180181683e+03	1.835168206153222348e-01	1.151407754338448913e-01	2.937802342061308081e-01	1.851103402444274904e-01	8.641421996644427228e-02	3.911360715649854491e-02	9.692400237711018551e-02
1.910919234393836859e+03	1.832324499293302988e-01	1.149385593236332825e-01	2.939643867278851630e-01	1.852372256762081504e-01	8.646983286539536295e-02	3.915403811549032081e-02	9.700350736183582789e-02
1.915757004607492036e+03	1.829497034861200522e-01	1.147374431618049945e-01	2.941475189506592702e-01	1.853633694199337545e-01	8.652514398098694326e-02	3.919426151685502513e-02	9.708255948341838748e-02
1.920594774821147894e+03	1.826685718591553320e-01	1.145374210814382593e-01	2.943296366042412737e-01	1.854887758435178613e-01	8.658015495154999797e-02	3.923427829637648329e-02	9.716116136349921273e-02
1.925432545034802843e+03	1.823890456782093772e-01	1.143384872456510160e-01	2.945107453838577416e-01	1.856134492898406929e-01	8.663486740663579877e-02	3.927408938759504448e-02	9.723931560798879103e-02
1.930270315248458019e+03	1.821111156290091404e-01	1.141406358474625349e-01	2.946908509504378437e-01	1.857373940768668186e-01	8.668928296705764869e-02	3.931369572177627336e-02	9.731702480716819537e-02
1.935108085462113195e+03	1.818347724528821818e-01	1.139438611096551812e-01	2.948699589308748648e-01	1.858606144977630881e-01	8.674340324493276522e-02	3.935309822788053691e-02	9.739429153578980924e-02
1.939945855675768371e+03	1.815600069464060606e-01	1.137481572846368305e-01	2.950480749182842755e-01	1.859831148210165375e-01	8.679722984372392758e-02	3.939229783253347938e-02	9.747111835317728845e-02
1.944783625889424002e+03	1.812868099610601136e-01	1.135535186543035480e-01	2.952252044722589730e-01	1.861048992905523225e-01	8.685076435828119334e-02	3.943129545999728841e-02	9.754750780332495375e-02
1.949621396103079178e+03	1.810151724028797038e-01	1.133599395299027812e-01	2.954013531191214126e-01	1.862259721258516521e-01	8.690400837488354568e-02	3.947009203214282835e-02	9.762346241499636479e-02
1.954459166316734354e+03	1.807450852321130230e-01	1.131674142518969972e-01	2.955765263521731301e-01	1.863463375220698881e-01	8.695696347128042958e-02	3.950868846842257864e-02	9.769898470182226957e-02
1.959296936530389530e+03	1.804765394628800590e-01	1.129759371898275966e-01	2.957507296319407120e-01	1.864659996501545347e-01	8.700963121673320477e-02	3.954708568584439782e-02	9.777407716239784607e-02
1.964134706744044706e+03	1.802095261628341438e-01	1.127855027421794804e-01	2.959239683864196557e-01	1.865849626569631992e-01	8.706201317205664036e-02	3.958528459894601614e-02	9.784874228037926391e-02
1.968972476957700337e+03	1.799440364528258895e-01	1.125961053362458664e-01	2.960962480113148998e-01	1.867032306653816365e-01	8.711411088966017346e-02	3.962328611977034704e-02	9.792298252457957985e-02
1.973810247171355968e+03	1.796800615065692885e-01	1.124077394279937164e-01	2.962675738702791328e-01	1.868208077744416551e-01	8.716592591358918174e-02	3.966109115784151318e-02	9.799680034906393944e-02
1.978648017385010689e+03	1.794175925503103119e-01	1.122203995019293993e-01	2.964379512951477724e-01	1.869376980594389948e-01	8.721745977956624207e-02	3.969870062014162204e-02	9.807019819324411247e-02
1.983485787598666320e+03	1.791566208624976730e-01	1.120340800709649504e-01	2.966073855861719455e-01	1.870539055720512045e-01	8.726871401503215331e-02	3.973611541108829776e-02	9.814317848197230687e-02
1.988323557812321269e+03	1.788971377734560331e-01	1.118487756762847202e-01	2.967758820122482488e-01	1.871694343404552152e-01	8.731969013918698674e-02	3.977333643251287215e-02	9.821574362563445515e-02
1.993161328025976900e+03	1.786391346650613998e-01	1.116644808872124944e-01	2.969434458111465669e-01	1.872842883694451899e-01	8.737038966303095622e-02	3.981036458363927666e-02	9.828789602024272376e-02
1.997999098239632076e+03	1.783826029704186356e-01	1.114811903010789335e-01	2.971100821897348920e-01	1.873984716405499018e-01	8.742081408940527432e-02	3.984720076106364889e-02	9.835963804752734241e-02
2.002836868453287707e+03	1.781275341735414908e-01	1.112988985430896915e-01	2.972757963242018686e-01	1.875119881121501408e-01	8.747096491303284205e-02	3.988384585873458454e-02	9.843097207502797541e-02
2.007674638666942428e+03	1.778739198090345530e-01	1.111176002661938139e-01	2.974405933602769503e-01	1.876248417195960638e-01	8.752084362055895239e-02	3.992030076793403465e-02	9.850190045618414936e-02
2.012512408880597604e+03	1.776217514617776383e-01	1.109372901509525500e-01	2.976044784134481702e-01	1.877370363753243510e-01	8.757045169059175793e-02	3.995656637725886196e-02	9.857242553042530608e-02
2.017350179094252780e+03	1.773710207666120697e-01	1.107579629054087772e-01	2.977674565691770803e-01	1.878485759689750012e-01	8.761979059374266909e-02	3.999264357260300801e-02	9.864254962326009235e-02
2.022187949307908411e+03	1.771217194080294266e-01	1.105796132649567859e-01	2.979295328831121914e-01	1.879594643675083221e-01	8.766886179266668300e-02	4.002853323714031936e-02	9.871227504636499728e-02
2.027025719521564042e+03	1.768738391198622362e-01	1.104022359922124802e-01	2.980907123812996939e-01	1.880697054153214476e-01	8.771766674210261516e-02	4.006423625130788035e-02	9.878160409767243466e-02
2.031863489735218764e+03	1.766273716849768027e-01	1.102258258768841342e-01	2.982510000603916245e-01	1.881793029343648282e-01	8.776620688891316469e-02	4.009975349279006063e-02	9.885053906145813141e-02
2.036701259948874394e+03	1.763823089349682016e-01	1.100503777356435092e-01	2.984104008878527559e-01	1.882882607242584716e-01	8.781448367212489614e-02	4.013508583650306216e-02	9.891908220842793309e-02
2.041539030162529116e+03	1.761386427498573271e-01	1.098758864119975115e-01	2.985689198021639901e-01	1.883965825624079049e-01	8.786249852296805496e-02	4.017023415458004232e-02	9.898723579580401277e-02
2.046376800376184747e+03	1.758963650577899107e-01	1.097023467761602117e-01	2.987265617130250850e-01	1.885042722041200547e-01	8.791025286491641055e-02	4.020519931635682664e-02	9.905500206741039981e-02
2.051214570589840150e+03	1.756554678347378995e-01	1.095297537249254327e-01	2.988833315015539394e-01	1.886113333827188765e-01	8.795774811372675250e-02	4.023998218835812823e-02	9.912238325375793968e-02
2.056052340803495554e+03	1.754159431042023876e-01	1.093581021815397403e-01	2.990392340204848787e-01	1.887177698096605127e-01	8.800498567747847001e-02	4.027458363428432914e-02	9.918938157212868478e-02
2.060890111017150957e+03	1.751777829369190742e-01	1.091873870955758635e-01	2.991942740943641654e-01	1.888235851746485616e-01	8.805196695661289541e-02	4.030900451499878218e-02	9.925599922665960528e-02
2.065727881230805451e+03	1.749409794505653037e-01	1.090176034428066154e-01	2.993484565197441771e-01	1.889287831457488465e-01	8.809869334397255058e-02	4.034324568851560544e-02	9.932223840842581419e-02
2.070565651444461309e+03	1.747055248094693813e-01	1.088487462250793403e-01	2.995017860653747532e-01	1.890333673695040739e-01	8.814516622484029618e-02	4.037730800998801106e-02	9.938810129552308470e-02
2.075403421658116713e+03	1.744714112243217485e-01	1.086808104701906807e-01	2.996542674723933208e-01	1.891373414710479650e-01	8.819138697697827267e-02	4.041119233169709890e-02	9.945359005314986789e-02
2.080241191871772116e+03	1.742386309518879906e-01	1.085137912317619274e-01	2.998059054545129110e-01	1.892407090542194970e-01	8.823735697066678596e-02	4.044489950304114984e-02	9.951870683368867210e-02
2.085078962085427065e+03	1.740071762947240641e-01	1.083476835891147988e-01	2.999567046982082319e-01	1.893434737016764791e-01	8.828307756874305412e-02	4.047843037052539089e-02	9.958345377678691490e-02
2.089916732299082469e+03	1.737770396008931628e-01	1.081824826471476375e-01	3.001066698628999663e-01	1.894456389750091285e-01	8.832855012663974603e-02	4.051178577775221140e-02	9.964783300943716449e-02
2.094754502512737417e+03	1.735482132636846642e-01	1.080181835362121340e-01	3.002558055811370141e-01	1.895472084148530634e-01	8.837377599242347836e-02	4.054496656541183019e-02	9.971184664605682590e-02
2.099592272726392821e+03	1.733206897213349362e-01	1.078547814119905357e-01	3.004041164587773483e-01	1.896481855410022954e-01	8.841875650683314602e-02	4.057797357127345544e-02	9.977549678856731386e-02
2.104430042940048224e+03	1.730944614567499762e-01	1.076922714553732174e-01	3.005516070751667046e-01	1.897485738525216681e-01	8.846349300331805832e-02	4.061080763017681922e-02	9.983878552647253157e-02
2.109267813153704083e+03	1.728695209972299363e-01	1.075306488723368342e-01	3.006982819833159959e-01	1.898483768278590167e-01	8.850798680807606122e-02	4.064346957402415611e-02	9.990171493693697502e-02
2.114105583367359031e+03	1.726458609141955647e-01	1.073699088938228352e-01	3.008441457100763383e-01	1.899475979249571622e-01	8.855223924009134051e-02	4.067596023177262599e-02	9.996428708486311543e-02
2.118943353581013525e+03	1.724234738229162012e-01	1.072100467756165465e-01	3.009892027563131900e-01	1.900462405813653222e-01	8.859625161117226644e-02	4.070828042942712527e-02	1.000265040229683378e-01
2.123781123794669384e+03	1.722023523822401314e-01	1.070510577982266703e-01	3.011334575970780469e-01	1.901443082143503549e-01	8.864002522598896094e-02	4.074043099003348684e-02	1.000883677918613518e-01
2.128618894008324787e+03	1.719824892943261352e-01	1.068929372667652283e-01	3.012769146817790844e-01	1.902418042210076432e-01	8.868356138211080930e-02	4.077241273367210317e-02	1.001498804201179510e-01
2.133456664221980191e+03	1.717638773043772549e-01	1.067356805108280182e-01	3.014195784343500217e-01	1.903387319783715337e-01	8.872686137004377749e-02	4.080422647745191728e-02	1.002110439243563689e-01
2.138294434435635139e+03	1.715465092003761460e-01	1.065792828843754869e-01	3.015614532534173220e-01	1.904350948435255542e-01	8.876992647326760466e-02	4.083587303550477443e-02	1.002718603093120248e-01
2.143132204649290543e+03	1.713303778128222321e-01	1.064237397656141448e-01	3.017025435124656707e-01	1.905308961537121315e-01	8.881275796827281521e-02	4.086735321898019024e-02	1.003323315679117839e-01
2.147969974862945492e+03	1.711154760144706077e-01	1.062690465568783826e-01	3.018428535600023443e-01	1.906261392264419763e-01	8.885535712459764757e-02	4.089866783604042405e-02	1.003924596813476483e-01
2.152807745076601350e+03	1.709017967200726906e-01	1.061151986845127321e-01	3.019823877197195805e-01	1.907208273596032733e-01	8.889772520486483032e-02	4.092981769185594781e-02	1.004522466191500041e-01
2.157645515290255844e+03	1.706893328861186221e-01	1.059621915987547097e-01	3.021211502906560042e-01	1.908149638315700947e-01	8.893986346481806693e-02	4.096080358860123422e-02	1.005116943392603129e-01
2.162483285503912157e+03	1.704780775105812773e-01	1.058100207736180354e-01	3.022591455473560007e-01	1.909085519013110355e-01	8.898177315335860371e-02	4.099162632545090557e-02	1.005708047881032352e-01
2.167321055717567106e+03	1.702680236326620522e-01	1.056586817067762807e-01	3.023963777400279773e-01	1.910015948084967108e-01	8.902345551258145084e-02	4.102228669857620191e-02	1.006295799006584196e-01
2.172158825931222509e+03	1.700591643325383151e-01	1.055081699194471423e-01	3.025328510947010718e-01	1.910940957736076418e-01	8.906491177781157564e-02	4.105278550114178915e-02	1.006880216005315992e-01
2.176996596144877003e+03	1.698514927311125522e-01	1.053584809562769509e-01	3.026685698133805280e-01	1.911860579980411423e-01	8.910614317763990155e-02	4.108312352330284467e-02	1.007461318000252709e-01
2.181834366358532861e+03	1.696450019897630668e-01	1.052096103852258741e-01	3.028035380742015725e-01	1.912774846642181226e-01	8.914715093395908507e-02	4.111330155220251775e-02	1.008039124002089448e-01
2.186672136572187810e+03	1.694396853100965106e-01	1.050615537974534802e-01	3.029377600315821262e-01	1.913683789356893650e-01	8.918793626199926494e-02	4.114332037196963276e-02	1.008613652909888247e-01
2.191509906785843214e+03	1.692355359337017751e-01	1.049143068072046908e-01	3.030712398163737942e-01	1.914587439572415506e-01	8.922850037036363091e-02	4.117318076371673241e-02	1.009184923511769888e-01
2.196347676999498617e+03	1.690325471419058256e-01	1.047678650516963572e-01	3.032039815360120238e-01	1.915485828550026748e-01	8.926884446106374271e-02	4.120288350553840545e-02	1.009752954485601956e-01
2.201185447213154021e+03	1.688307122555308681e-01	1.046222241910041845e-01	3.033359892746642639e-01	1.916378987365471576e-01	8.930896972955480739e-02	4.123242937250987811e-02	1.010317764399680934e-01
2.206023217426809424e+03	1.686300246346532916e-01	1.044773799079501547e-01	3.034672670933775684e-01	1.917266946910005376e-01	8.934887736477074849e-02	4.126181913668593160e-02	1.010879371713409997e-01
2.210860987640464373e+03	1.684304776783639990e-01	1.043333279079904502e-01	3.035978190302244806e-01	1.918149737891438611e-01	8.938856854915913641e-02	4.129105356710002783e-02	1.011437794777973048e-01
2.215698757854119776e+03	1.682320648245305417e-01	1.041900639191037786e-01	3.037276491004476386e-01	1.919027390835173763e-01	8.942804445871593844e-02	4.132013342976375431e-02	1.011993051837002111e-01
2.220536528067775180e+03	1.680347795495606700e-01	1.040475836916801705e-01	3.038567612966034948e-01	1.919899936085240344e-01	8.946730626302017153e-02	4.134905948766653266e-02	1.012545161027242069e-01
2.225374298281430583e+03	1.678386153681674375e-01	1.039058829984102622e-01	3.039851595887042013e-01	1.920767403805325180e-01	8.950635512526831927e-02	4.137783250077554931e-02	1.013094140379209585e-01
2.230212068495085077e+03	1.676435658331358880e-01	1.037649576341750784e-01	3.041128479243589977e-01	1.921629823979798535e-01	8.954519220230870713e-02	4.140645322603594275e-02	1.013640007817848410e-01
2.235049838708740936e+03	1.674496245350911849e-01	1.036248034159361758e-01	3.042398302289137657e-01	1.922487226414734407e-01	8.958381864467558631e-02	4.143492241737127546e-02	1.014182781163178865e-01
2.239887608922396339e+03	1.672567851022683794e-01	1.034854161826262997e-01	3.043661104055899180e-01	1.923339640738929157e-01	8.962223559662313432e-02	4.146324082568420694e-02	1.014722478130944683e-01
2.244725379136052197e+03	1.670650412002835927e-01	1.033467917950405407e-01	3.044916923356216776e-01	1.924187096404913755e-01	8.966044419615937233e-02	4.149140919885741657e-02	1.015259116333253608e-01
2.249563149349706237e+03	1.668743865319066433e-01	1.032089261357278659e-01	3.046165798783925793e-01	1.925029622689962694e-01	8.969844557507977711e-02	4.151942828175474859e-02	1.015792713279214943e-01
2.254400919563362095e+03	1.666848148368352545e-01	1.030718151088831774e-01	3.047407768715705290e-01	1.925867248697098189e-01	8.973624085900078207e-02	4.154729881622259979e-02	1.016323286375571816e-01
2.259238689777017044e+03	1.664963198914707898e-01	1.029354546402397735e-01	3.048642871312421398e-01	1.926700003356089652e-01	8.977383116739326430e-02	4.157502154109148779e-02	1.016850852927329851e-01
2.264076459990672902e+03	1.663088955086951259e-01	1.027998406769623368e-01	3.049871144520454047e-01	1.927527915424449012e-01	8.981121761361565703e-02	4.160259719217788282e-02	1.017375430138380416e-01
