1.001418434226643626e+03	2.793816053527840015e-01	1.814532766916760465e-01	2.349273759566194719e-01	1.408835971511457896e-01	6.774601973588981196e-02	2.653466022891954115e-02	6.907346488274254681e-02
1.002869765290740247e+03	2.791241677494796236e-01	1.812921079573466543e-01	2.351083728682528129e-01	1.409880549660828541e-01	6.778624265766217127e-02	2.655916716968708888e-02	6.914188663126599743e-02
1.004321096354836754e+03	2.788671738418233570e-01	1.811312025941288761e-01	2.352890460523084093e-01	1.410923274486254320e-01	6.782638967002661834e-02	2.658365095462609726e-02	6.921020943823846805e-02
1.005772427418933376e+03	2.786106228650029881e-01	1.809705601630224314e-01	2.354693960989727164e-01	1.411964150045293409e-01	6.786646094110614091e-02	2.660811156243410303e-02	6.927843336470956848e-02
1.007223758483029997e+03	2.783545140555520603e-01	1.808101802257742474e-01	2.356494235971800244e-01	1.413003180382893242e-01	6.790645663859616599e-02	2.663254897207239721e-02	6.934655847231294135e-02
1.008675089547126618e+03	2.780988466513475421e-01	1.806500623448773213e-01	2.358291291346162610e-01	1.414040369531446850e-01	6.794637692976576715e-02	2.665696316276468594e-02	6.941458482326089141e-02
1.010126420611223239e+03	2.778436198916067745e-01	1.804902060835691935e-01	2.360085132977227662e-01	1.415075721510848372e-01	6.798622198145889972e-02	2.668135411399571305e-02	6.948251248033900096e-02
1.011577751675319632e+03	2.775888330168853613e-01	1.803306110058307266e-01	2.361875766716999003e-01	1.416109240328547181e-01	6.802599196009566362e-02	2.670572180550992436e-02	6.955034150690087014e-02
1.013029082739416367e+03	2.773344852690746709e-01	1.801712766763847451e-01	2.363663198405109855e-01	1.417140929979603670e-01	6.806568703167356627e-02	2.673006621731012847e-02	6.961807196686274624e-02
1.014480413803512761e+03	2.770805758913990058e-01	1.800122026606945647e-01	2.365447433868859417e-01	1.418170794446744487e-01	6.810530736176874378e-02	2.675438732965615754e-02	6.968570392469837504e-02
1.015931744867609382e+03	2.768271041284135481e-01	1.798533885249628539e-01	2.367228478923248669e-01	1.419198837700415272e-01	6.814485311553718228e-02	2.677868512306353158e-02	6.975323744543371340e-02
1.017383075931706003e+03	2.765740692260014733e-01	1.796948338361302744e-01	2.369006339371018954e-01	1.420225063698836165e-01	6.818432445771596684e-02	2.680295957830215389e-02	6.982067259464183606e-02
1.018834406995802851e+03	2.763214704313717851e-01	1.795365381618740097e-01	2.370781021002688060e-01	1.421249476388053989e-01	6.822372155262450277e-02	2.682721067639498233e-02	6.988800943843771762e-02
1.020285738059899245e+03	2.760693069930565402e-01	1.793785010706065164e-01	2.372552529596587412e-01	1.422272079701997760e-01	6.826304456416572297e-02	2.685143839861672474e-02	6.995524804347319492e-02
1.021737069123995752e+03	2.758175781609085719e-01	1.792207221314742749e-01	2.374320870918896487e-01	1.423292877562529757e-01	6.830229365582733692e-02	2.687564272649252059e-02	7.002238847693185997e-02
1.023188400188092373e+03	2.755662831860990480e-01	1.790632009143563463e-01	2.376086050723680843e-01	1.424311873879499646e-01	6.834146899068302417e-02	2.689982364179666421e-02	7.008943080652405011e-02
1.024639731252188767e+03	2.753154213211148615e-01	1.789059369898632346e-01	2.377848074752927088e-01	1.425329072550796106e-01	6.838057073139362785e-02	2.692398112655129683e-02	7.015637510048183811e-02
1.026091062316285615e+03	2.750649918197561883e-01	1.787489299293353040e-01	2.379606948736580352e-01	1.426344477462400395e-01	6.841959904020838978e-02	2.694811516302512283e-02	7.022322142755410557e-02
1.027542393380382237e+03	2.748149939371342110e-01	1.785921793048416972e-01	2.381362678392578147e-01	1.427358092488436869e-01	6.845855407896611622e-02	2.697222573373213306e-02	7.028996985700154687e-02
1.028993724444478858e+03	2.745654269296684546e-01	1.784356846891789472e-01	2.383115269426886451e-01	1.428369921491225714e-01	6.849743600909644070e-02	2.699631282143032454e-02	7.035662045859183977e-02
1.030445055508575479e+03	2.743162900550843997e-01	1.782794456558696727e-01	2.384864727533535511e-01	1.429379968321334293e-01	6.853624499162093431e-02	2.702037640912043764e-02	7.042317330259477426e-02
1.031896386572671872e+03	2.740675825724111503e-01	1.781234617791612462e-01	2.386611058394654816e-01	1.430388236817628222e-01	6.857498118715436852e-02	2.704441648004468970e-02	7.048962845977739533e-02
1.033347717636768493e+03	2.738193037419789366e-01	1.779677326340245169e-01	2.388354267680508902e-01	1.431394730807321602e-01	6.861364475590585321e-02	2.706843301768550869e-02	7.055598600139924292e-02
1.034799048700865114e+03	2.735714528254166722e-01	1.778122577961526174e-01	2.390094361049530935e-01	1.432399454106028647e-01	6.865223585768000236e-02	2.709242600576429807e-02	7.062224599920757795e-02
1.036250379764961508e+03	2.733240290856495114e-01	1.776570368419594648e-01	2.391831344148357963e-01	1.433402410517813363e-01	6.869075465187819696e-02	2.711639542824018437e-02	7.068840852543263609e-02
1.037701710829058356e+03	2.730770317868964625e-01	1.775020693485786227e-01	2.393565222611865884e-01	1.434403603835240071e-01	6.872920129749965357e-02	2.714034126930877505e-02	7.075447365278296485e-02
1.039153041893154750e+03	2.728304601946680563e-01	1.773473548938619415e-01	2.395296002063203866e-01	1.435403037839422802e-01	6.876757595314268723e-02	2.716426351340091999e-02	7.082044145444076066e-02
1.040604372957251599e+03	2.725843135757639035e-01	1.771928930563783089e-01	2.397023688113828488e-01	1.436400716300074709e-01	6.880587877700578003e-02	2.718816214518149019e-02	7.088631200405723365e-02
1.042055704021347992e+03	2.723385911982700858e-01	1.770386834154123457e-01	2.398748286363538151e-01	1.437396642975558025e-01	6.884410992688884401e-02	2.721203714954815306e-02	7.095208537574798635e-02
1.043507035085444613e+03	2.720932923315570462e-01	1.768847255509631289e-01	2.400469802400506114e-01	1.438390821612932635e-01	6.888226956019433134e-02	2.723588851163015120e-02	7.101776164408848957e-02
1.044958366149541234e+03	2.718484162462770914e-01	1.767310190437429429e-01	2.402188241801315460e-01	1.439383255948004647e-01	6.892035783392835846e-02	2.725971621678709503e-02	7.108334088410951657e-02
1.046409697213637855e+03	2.716039622143619492e-01	1.765775634751759471e-01	2.403903610130993518e-01	1.440373949705374967e-01	6.895837490470188569e-02	2.728352025060775191e-02	7.114882317129264666e-02
1.047861028277734476e+03	2.713599295090204366e-01	1.764243584273969268e-01	2.405615912943042389e-01	1.441362906598487870e-01	6.899632092873191069e-02	2.730730059890884229e-02	7.121420858156583822e-02
1.049312359341831097e+03	2.711163174047362401e-01	1.762714034832500720e-01	2.407325155779475312e-01	1.442350130329679014e-01	6.903419606184249546e-02	2.733105724773385314e-02	7.127949719129890449e-02
1.050763690405927491e+03	2.708731251772651949e-01	1.761186982262876177e-01	2.409031344170848854e-01	1.443335624590222077e-01	6.907200045946605693e-02	2.735479018335184795e-02	7.134468907729919762e-02
1.052215021470024112e+03	2.706303521036332316e-01	1.759662422407686777e-01	2.410734483636296499e-01	1.444319393060377044e-01	6.910973427664435231e-02	2.737849939225627319e-02	7.140978431680715388e-02
1.053666352534120733e+03	2.703879974621339333e-01	1.758140351116578570e-01	2.412434579683560287e-01	1.445301439409437949e-01	6.914739766802970033e-02	2.740218486116378568e-02	7.147478298749197767e-02
1.055117683598217127e+03	2.701460605323260933e-01	1.756620764246241140e-01	2.414131637809024955e-01	1.446281767295778675e-01	6.918499078788611922e-02	2.742584657701307993e-02	7.153968516744735329e-02
1.056569014662313975e+03	2.699045405950314391e-01	1.755103657660394556e-01	2.415825663497750131e-01	1.447260380366900134e-01	6.922251379009035366e-02	2.744948452696370500e-02	7.160449093518708730e-02
1.058020345726410369e+03	2.696634369323322455e-01	1.753589027229777442e-01	2.417516662223503365e-01	1.448237282259477454e-01	6.925996682813310990e-02	2.747309869839492658e-02	7.166920036964095908e-02
1.059471676790506763e+03	2.694227488275691140e-01	1.752076868832132539e-01	2.419204639448791494e-01	1.449212476599404664e-01	6.929735005512009660e-02	2.749668907890455080e-02	7.173381355015036320e-02
1.060923007854603611e+03	2.691824755653385859e-01	1.750567178352196440e-01	2.420889600624894222e-01	1.450185967001841603e-01	6.933466362377319059e-02	2.752025565630777937e-02	7.179833055646421547e-02
1.062374338918700232e+03	2.689426164314906442e-01	1.749059951681686265e-01	2.422571551191894934e-01	1.451157757071259158e-01	6.937190768643149152e-02	2.754379841863605419e-02	7.186275146873472019e-02
1.063825669982796853e+03	2.687031707131266600e-01	1.747555184719286892e-01	2.424250496578713721e-01	1.452127850401485898e-01	6.940908239505245991e-02	2.756731735413592982e-02	7.192707636751327627e-02
1.065277001046893474e+03	2.684641376985968386e-01	1.746052873370638747e-01	2.425926442203138189e-01	1.453096250575751647e-01	6.944618790121301344e-02	2.759081245126792162e-02	7.199130533374634155e-02
1.066728332110990095e+03	2.682255166774981103e-01	1.744553013548325315e-01	2.427599393471856215e-01	1.454062961166733559e-01	6.948322435611063719e-02	2.761428369870538857e-02	7.205543844877135284e-02
1.068179663175086489e+03	2.679873069406716324e-01	1.743055601171861480e-01	2.429269355780486750e-01	1.455027985736599971e-01	6.952019191056443836e-02	2.763773108533339531e-02	7.211947579431267352e-02
1.069630994239183110e+03	2.677495077802006240e-01	1.741560632167680756e-01	2.430936334513611741e-01	1.455991327837056204e-01	6.955709071501631202e-02	2.766115460024759151e-02	7.218341745247756902e-02
1.071082325303279504e+03	2.675121184894080906e-01	1.740068102469121969e-01	2.432600335044807494e-01	1.456952991009387299e-01	6.959392091953192638e-02	2.768455423275310509e-02	7.224726350575222389e-02
1.072533656367376352e+03	2.672751383628542143e-01	1.738578008016418430e-01	2.434261362736675205e-01	1.457912978784503544e-01	6.963068267380186083e-02	2.770792997236342856e-02	7.231101403699774499e-02
1.073984987431472746e+03	2.670385666963346338e-01	1.737090344756685723e-01	2.435919422940872048e-01	1.458871294682982933e-01	6.966737612714275774e-02	2.773128180879930529e-02	7.237466912944624797e-02
1.075436318495569594e+03	2.668024027868775572e-01	1.735605108643907823e-01	2.437574520998142813e-01	1.459827942215115582e-01	6.970400142849822456e-02	2.775460973198764017e-02	7.243822886669694372e-02
1.076887649559666215e+03	2.665666459327419302e-01	1.734122295638926559e-01	2.439226662238349885e-01	1.460782924880947020e-01	6.974055872644009668e-02	2.777791373206039277e-02	7.250169333271222483e-02
1.078338980623762609e+03	2.663312954334149385e-01	1.732641901709428833e-01	2.440875851980504330e-01	1.461736246170320663e-01	6.977704816916938113e-02	2.780119379935349147e-02	7.256506261181382145e-02
1.079790311687859230e+03	2.660963505896097314e-01	1.731163922829933866e-01	2.442522095532796145e-01	1.462687909562921107e-01	6.981346990451736678e-02	2.782444992440575443e-02	7.262833678867901266e-02
1.081241642751955851e+03	2.658618107032633682e-01	1.729688354981782084e-01	2.444165398192625072e-01	1.463637918528316872e-01	6.984982407994666520e-02	2.784768209795779673e-02	7.269151594833674068e-02
1.082692973816052472e+03	2.656276750775342088e-01	1.728215194153123191e-01	2.445805765246630015e-01	1.464586276526002595e-01	6.988611084255230699e-02	2.787089031095096522e-02	7.275460017616387776e-02
1.084144304880149093e+03	2.653939430168000824e-01	1.726744436338902011e-01	2.447443201970719850e-01	1.465532987005442045e-01	6.992233033906276873e-02	2.789407455452625959e-02	7.281758955788152077e-02
1.085595635944245487e+03	2.651606138266555668e-01	1.725276077540849051e-01	2.449077713630102848e-01	1.466478053406108373e-01	6.995848271584101385e-02	2.791723482002327408e-02	7.288048417955117486e-02
1.087046967008342108e+03	2.649276868139101571e-01	1.723810113767466345e-01	2.450709305479317202e-01	1.467421479157526853e-01	6.999456811888560281e-02	2.794037109897913249e-02	7.294328412757113134e-02
1.088498298072438729e+03	2.646951612865858228e-01	1.722346541034017464e-01	2.452337982762259894e-01	1.468363267679317352e-01	7.003058669383163681e-02	2.796348338312742640e-02	7.300598948867273452e-02
1.089949629136535123e+03	2.644630365539147321e-01	1.720885355362513358e-01	2.453963750712217506e-01	1.469303422381234014e-01	7.006653858595192352e-02	2.798657166439717792e-02	7.306860034991677355e-02
1.091400960200631971e+03	2.642313119263371979e-01	1.719426552781702366e-01	2.455586614551894253e-01	1.470241946663206900e-01	7.010242394015787915e-02	2.800963593491177794e-02	7.313111679868988801e-02
1.092852291264728365e+03	2.639999867154992907e-01	1.717970129327056894e-01	2.457206579493442511e-01	1.471178843915383894e-01	7.013824290100066638e-02	2.803267618698795233e-02	7.319353892270089035e-02
1.094303622328825213e+03	2.637690602342506185e-01	1.716516081040762032e-01	2.458823650738491129e-01	1.472114117518169285e-01	7.017399561267222141e-02	2.805569241313472101e-02	7.325586680997729638e-02
1.095754953392921607e+03	2.635385317966423280e-01	1.715064403971703899e-01	2.460437833478175129e-01	1.473047770842265958e-01	7.020968221900621142e-02	2.807868460605237801e-02	7.331810054886168937e-02
1.097206284457018228e+03	2.633084007179244956e-01	1.713615094175457154e-01	2.462049132893164571e-01	1.473979807248715634e-01	7.024530286347910324e-02	2.810165275863144713e-02	7.338024022800826440e-02
1.098657615521114849e+03	2.630786663145443516e-01	1.712168147714274169e-01	2.463657554153693419e-01	1.474910230088937457e-01	7.028085768921119025e-02	2.812459686395166886e-02	7.344228593637933122e-02
1.100108946585211470e+03	2.628493279041437813e-01	1.710723560657071429e-01	2.465263102419587848e-01	1.475839042704769344e-01	7.031634683896761939e-02	2.814751691528096997e-02	7.350423776324177538e-02
1.101560277649308091e+03	2.626203848055572720e-01	1.709281329079419820e-01	2.466865782840295673e-01	1.476766248428506290e-01	7.035177045515936256e-02	2.817041290607448165e-02	7.356609579816371369e-02
1.103011608713404712e+03	2.623918363388095809e-01	1.707841449063532135e-01	2.468465600554913819e-01	1.477691850582940891e-01	7.038712867984425747e-02	2.819328482997349172e-02	7.362786013101099702e-02
1.104462939777501106e+03	2.621636818251136813e-01	1.706403916698250312e-01	2.470062560692217746e-01	1.478615852481401649e-01	7.042242165472803461e-02	2.821613268080445935e-02	7.368953085194387964e-02
1.105914270841597499e+03	2.619359205868685425e-01	1.704968728079034879e-01	2.471656668370688925e-01	1.479538257427792380e-01	7.045764952116528868e-02	2.823895645257801928e-02	7.375110805141356363e-02
1.107365601905694348e+03	2.617085519476569644e-01	1.703535879307953027e-01	2.473247928698543152e-01	1.480459068716631077e-01	7.049281242016047777e-02	2.826175613948797918e-02	7.381259182015893761e-02
1.108816932969790741e+03	2.614815752322433018e-01	1.702105366493666117e-01	2.474836346773758577e-01	1.481378289633088763e-01	7.052791049236895038e-02	2.828453173591033085e-02	7.387398224920319056e-02
1.110268264033887590e+03	2.612549897665713550e-01	1.700677185751419962e-01	2.476421927684103741e-01	1.482295923453026687e-01	7.056294387809791679e-02	2.830728323640226488e-02	7.393527942985053669e-02
1.111719595097984211e+03	2.610287948777622602e-01	1.699251333203030956e-01	2.478004676507165882e-01	1.483211973443035181e-01	7.059791271730744833e-02	2.833001063570119230e-02	7.399648345368295410e-02
1.113170926162080832e+03	2.608029898941123803e-01	1.697827804976875521e-01	2.479584598310377030e-01	1.484126442860472517e-01	7.063281714961147650e-02	2.835271392872375576e-02	7.405759441255689579e-02
1.114622257226177226e+03	2.605775741450908622e-01	1.696406597207879285e-01	2.481161698151043149e-01	1.485039334953501544e-01	7.066765731427876451e-02	2.837539311056487892e-02	7.411861239860007000e-02
1.116073588290273847e+03	2.603525469613378052e-01	1.694987706037504038e-01	2.482735981076371057e-01	1.485950652961127438e-01	7.070243335023389253e-02	2.839804817649677071e-02	7.417953750420827608e-02
1.117524919354370468e+03	2.601279076746618735e-01	1.693571127613736904e-01	2.484307452123495630e-01	1.486860400113235170e-01	7.073714539605822915e-02	2.842067912196798857e-02	7.424036982204215707e-02
1.118976250418467089e+03	2.599036556180382984e-01	1.692156858091079241e-01	2.485876116319506723e-01	1.487768579630626975e-01	7.077179358999091674e-02	2.844328594260246354e-02	7.430110944502406334e-02
1.120427581482563710e+03	2.596797901256067131e-01	1.690744893630534151e-01	2.487441978681476373e-01	1.488675194725058715e-01	7.080637806992984284e-02	2.846586863419854965e-02	7.436175646633494396e-02
1.121878912546660331e+03	2.594563105326689878e-01	1.689335230399596210e-01	2.489005044216486828e-01	1.489580248599277901e-01	7.084089897343261166e-02	2.848842719272806634e-02	7.442231097941116869e-02
1.123330243610756725e+03	2.592332161756871756e-01	1.687927864572239256e-01	2.490565317921656363e-01	1.490483744447058667e-01	7.087535643771750160e-02	2.851096161433536863e-02	7.448277307794147484e-02
1.124781574674853118e+03	2.590105063922811812e-01	1.686522792328904452e-01	2.492122804784165924e-01	1.491385685453239240e-01	7.090975059966446448e-02	2.853347189533638611e-02	7.454314285586391420e-02
1.126232905738949967e+03	2.587881805212269848e-01	1.685120009856491130e-01	2.493677509781286328e-01	1.492286074793757744e-01	7.094408159581599982e-02	2.855595803221770701e-02	7.460342040736277214e-02
1.127684236803046360e+03	2.585662379024540325e-01	1.683719513348342078e-01	2.495229437880404355e-01	1.493184915635688836e-01	7.097834956237822346e-02	2.857842002163562406e-02	7.466360582686551450e-02
1.129135567867143209e+03	2.583446778770437380e-01	1.682321299004235216e-01	2.496778594039050225e-01	1.494082211137278959e-01	7.101255463522172795e-02	2.860085786041521860e-02	7.472369920903981777e-02
1.130586898931239830e+03	2.581234997872268178e-01	1.680925363030370268e-01	2.498324983204922578e-01	1.494977964447982144e-01	7.104669694988256790e-02	2.862327154554943770e-02	7.478370064879061307e-02
1.132038229995336451e+03	2.579027029763815149e-01	1.679531701639359054e-01	2.499868610315915396e-01	1.495872178708495259e-01	7.108077664156321751e-02	2.864566107419815738e-02	7.484361024125706086e-02
1.133489561059432845e+03	2.576822867890313229e-01	1.678140311050212996e-01	2.501409480300144095e-01	1.496764857050794095e-01	7.111479384513352819e-02	2.866802644368728406e-02	7.490342808180963652e-02
1.134940892123529466e+03	2.574622505708430431e-01	1.676751187488332295e-01	2.502947598075971336e-01	1.497656002598167224e-01	7.114874869513163058e-02	2.869036765150783860e-02	7.496315426604722998e-02
1.136392223187626087e+03	2.572425936686246750e-01	1.675364327185494273e-01	2.504482968552033118e-01	1.498545618465252360e-01	7.118264132576487824e-02	2.871268469531504039e-02	7.502278888979418969e-02
1.137843554251722708e+03	2.570233154303231404e-01	1.673979726379843380e-01	2.506015596627265141e-01	1.499433707758070500e-01	7.121647187091081910e-02	2.873497757292741220e-02	7.508233204909751934e-02
1.139294885315819101e+03	2.568044152050225071e-01	1.672597381315878429e-01	2.507545487190925848e-01	1.500320273574059504e-01	7.125024046411806977e-02	2.875724628232588162e-02	7.514178384022394963e-02
1.140746216379915950e+03	2.565858923429415461e-01	1.671217288244442045e-01	2.509072645122626954e-01	1.501205319002110183e-01	7.128394723860731474e-02	2.877949082165287553e-02	7.520114435965713495e-02
1.142197547444012343e+03	2.563677461954319559e-01	1.669839443422710956e-01	2.510597075292353431e-01	1.502088847122599324e-01	7.131759232727218067e-02	2.880171118921143886e-02	7.526041370409485010e-02
1.143648878508108737e+03	2.561499761149761967e-01	1.668463843114182110e-01	2.512118782560492924e-01	1.502970861007424108e-01	7.135117586268016621e-02	2.882390738346434639e-02	7.531959197044617305e-02
1.145100209572205586e+03	2.559325814551853262e-01	1.667090483588663796e-01	2.513637771777859076e-01	1.503851363720036527e-01	7.138469797707359954e-02	2.884607940303321807e-02	7.537867925582872330e-02
1.146551540636302207e+03	2.557155615707971119e-01	1.665719361122263431e-01	2.515154047785717051e-01	1.504730358315476135e-01	7.141815880237051273e-02	2.886822724669763085e-02	7.543767565756584470e-02
1.148002871700398828e+03	2.554989158176739217e-01	1.664350471997377290e-01	2.516667615415809633e-01	1.505607847840403080e-01	7.145155847016555761e-02	2.889035091339426514e-02	7.549658127318396861e-02
1.149454202764495449e+03	2.552826435528005589e-01	1.662983812502678571e-01	2.518178479490380539e-01	1.506483835333134180e-01	7.148489711173094951e-02	2.891245040221600976e-02	7.555539620040985227e-02
1.150905533828591842e+03	2.550667441342823194e-01	1.661619378933107960e-01	2.519686644822199950e-01	1.507358323823672630e-01	7.151817485801735541e-02	2.893452571241111188e-02	7.561412053716783099e-02
1.152356864892688463e+03	2.548512169213430489e-01	1.660257167589859750e-01	2.521192116214590051e-01	1.508231316333742966e-01	7.155139183965476823e-02	2.895657684338230273e-02	7.567275438157725076e-02
1.153808195956785084e+03	2.546360612743228113e-01	1.658897174780374351e-01	2.522694898461449453e-01	1.509102815876824377e-01	7.158454818695349220e-02	2.897860379468595454e-02	7.573129783194967879e-02
1.155259527020881706e+03	2.544212765546760013e-01	1.657539396818324684e-01	2.524194996347274844e-01	1.509972825458181511e-01	7.161764402990497547e-02	2.900060656603120277e-02	7.578975098678637778e-02
1.156710858084978327e+03	2.542068621249695126e-01	1.656183830023606474e-01	2.525692414647190964e-01	1.510841348074898338e-01	7.165067949818271220e-02	2.902258515727910992e-02	7.584811394477564139e-02
1.158162189149074720e+03	2.539928173488804619e-01	1.654830470722327695e-01	2.527187158126972255e-01	1.511708386715909513e-01	7.168365472114318626e-02	2.904453956844182949e-02	7.590638680479019906e-02
1.159613520213171569e+03	2.537791415911940796e-01	1.653479315246796089e-01	2.528679231543064510e-01	1.512573944362034239e-01	7.171656982782663448e-02	2.906646979968172811e-02	7.596456966588460702e-02
1.161064851277267962e+03	2.535658342178021551e-01	1.652130359935510273e-01	2.530168639642613182e-01	1.513438023986006520e-01	7.174942494695812911e-02	2.908837585131057724e-02	7.602266262729273638e-02
1.162516182341364356e+03	2.533528945957004286e-01	1.650783601133147260e-01	2.531655387163484483e-01	1.514300628552507078e-01	7.178222020694829952e-02	2.911025772378869961e-02	7.608066578842517802e-02
1.163967513405461204e+03	2.531403220929870357e-01	1.649439035190552738e-01	2.533139478834292579e-01	1.515161761018196662e-01	7.181495573589426196e-02	2.913211541772415397e-02	7.613857924886680006e-02
1.165418844469557826e+03	2.529281160788602323e-01	1.648096658464729691e-01	2.534620919374420689e-01	1.516021424331746026e-01	7.184763166158057712e-02	2.915394893387188852e-02	7.619640310837411112e-02
1.166870175533654447e+03	2.527162759236165068e-01	1.646756467318828132e-01	2.536099713494045504e-01	1.516879621433867564e-01	7.188024811147999960e-02	2.917575827313292902e-02	7.625413746687290106e-02
1.168321506597751068e+03	2.525048009986486930e-01	1.645418458122133443e-01	2.537575865894161620e-01	1.517736355257346126e-01	7.191280521275442150e-02	2.919754343655355661e-02	7.631178242445567361e-02
1.169772837661847461e+03	2.522936906764436382e-01	1.644082627250056938e-01	2.539049381266604288e-01	1.518591628727071485e-01	7.194530309225577458e-02	2.921930442532448893e-02	7.636933808137927326e-02
1.171224168725944082e+03	2.520829443305806494e-01	1.642748971084123377e-01	2.540520264294073294e-01	1.519445444760068042e-01	7.197774187652680733e-02	2.924104124078006142e-02	7.642680453806241503e-02
1.172675499790040703e+03	2.518725613357289950e-01	1.641417486011962357e-01	2.541988519650158485e-01	1.520297806265525353e-01	7.201012169180202871e-02	2.926275388439743275e-02	7.648418189508325582e-02
1.174126830854137097e+03	2.516625410676466279e-01	1.640088168427296378e-01	2.543454151999359203e-01	1.521148716144829216e-01	7.204244266400854080e-02	2.928444235779575910e-02	7.654147025317699360e-02
1.175578161918233945e+03	2.514528829031773549e-01	1.638761014729930299e-01	2.544917165997109265e-01	1.521998177291592202e-01	7.207470491876689922e-02	2.930610666273541359e-02	7.659866971323352203e-02
1.177029492982330339e+03	2.512435862202495040e-01	1.637436021325740509e-01	2.546377566289801941e-01	1.522846192591683634e-01	7.210690858139198745e-02	2.932774680111717436e-02	7.665578037629504349e-02
1.178480824046426733e+03	2.510346503978738708e-01	1.636113184626665218e-01	2.547835357514809940e-01	1.523692764923259557e-01	7.213905377689384946e-02	2.934936277498143703e-02	7.671280234355372374e-02
1.179932155110523581e+03	2.508260748161413867e-01	1.634792501050693347e-01	2.549290544300510386e-01	1.524537897156792166e-01	7.217114062997853630e-02	2.937095458650741675e-02	7.676973571634936044e-02
1.181383486174620202e+03	2.506178588562215648e-01	1.633473967021853712e-01	2.550743131266307029e-01	1.525381592155101718e-01	7.220316926504900812e-02	2.939252223801236755e-02	7.682658059616710722e-02
1.182834817238716823e+03	2.504100019003603350e-01	1.632157578970204470e-01	2.552193123022654109e-01	1.526223852773383460e-01	7.223513980620588359e-02	2.941406573195079130e-02	7.688333708463510052e-02
1.184286148302813444e+03	2.502025033318781566e-01	1.630843333331822853e-01	2.553640524171076898e-01	1.527064681859238715e-01	7.226705237724838360e-02	2.943558507091367793e-02	7.694000528352226698e-02
1.185737479366910065e+03	2.499953625351679087e-01	1.629531226548795175e-01	2.555085339304196124e-01	1.527904082252703744e-01	7.229890710167510837e-02	2.945708025762769008e-02	7.699658529473604740e-02
1.187188810431006686e+03	2.497885788956932529e-01	1.628221255069205176e-01	2.556527573005750731e-01	1.528742056786279169e-01	7.233070410268492567e-02	2.947855129495443455e-02	7.705307722032009310e-02
1.188640141495103080e+03	2.495821517999864680e-01	1.626913415347124581e-01	2.557967229850618973e-01	1.529578608284959118e-01	7.236244350317774798e-02	2.949999818588965733e-02	7.710948116245207318e-02
1.190091472559199701e+03	2.493760806356465076e-01	1.625607703842601726e-01	2.559404314404841174e-01	1.530413739566258979e-01	7.239412542575542064e-02	2.952142093356250815e-02	7.716579722344153736e-02
1.191542803623296322e+03	2.491703647913372233e-01	1.624304117021652949e-01	2.560838831225643597e-01	1.531247453440245654e-01	7.242574999272248515e-02	2.954281954123475287e-02	7.722202550572757063e-02
1.192994134687392716e+03	2.489650036567852276e-01	1.623002651356249826e-01	2.562270784861456208e-01	1.532079752709565867e-01	7.245731732608709508e-02	2.956419401230002061e-02	7.727816611187673934e-02
1.194445465751489564e+03	2.487599966227780901e-01	1.621703303324309731e-01	2.563700179851940986e-01	1.532910640169473371e-01	7.248882754756179325e-02	2.958554435028306479e-02	7.733421914458091240e-02
1.195896796815585958e+03	2.485553430811624775e-01	1.620406069409686123e-01	2.565127020728009688e-01	1.533740118607858915e-01	7.252028077856430277e-02	2.960687055883898938e-02	7.739018470665504079e-02
1.197348127879682352e+03	2.483510424248421555e-01	1.619110946102157722e-01	2.566551312011846053e-01	1.534568190805277177e-01	7.255167714021838743e-02	2.962817264175251347e-02	7.744606290103511759e-02
1.198799458943779200e+03	2.481470940477759068e-01	1.617817929897417961e-01	2.567973058216930227e-01	1.535394859534975898e-01	7.258301675335468439e-02	2.964945060293722526e-02	7.750185383077599910e-02
1.200250790007875821e+03	2.479434973449760049e-01	1.616527017297065272e-01	2.569392263848057079e-01	1.536220127562922533e-01	7.261429973851146746e-02	2.967070444643483268e-02	7.755755759904936486e-02
1.201702121071972442e+03	2.477402517125059656e-01	1.615238204808591982e-01	2.570808933401361740e-01	1.537043997647832838e-01	7.264552621593550752e-02	2.969193417641443830e-02	7.761317430914159432e-02
1.203153452136069063e+03	2.475373565474788262e-01	1.613951488945375157e-01	2.572223071364336255e-01	1.537866472541198348e-01	7.267669630558286353e-02	2.971313979717179338e-02	7.766870406445168518e-02
1.204604783200165684e+03	2.473348112480551753e-01	1.612666866226664386e-01	2.573634682215856229e-01	1.538687554987313855e-01	7.270781012711967362e-02	2.973432131312856927e-02	7.772414696848924109e-02
1.206056114264262078e+03	2.471326152134412368e-01	1.611384333177574291e-01	2.575043770426200251e-01	1.539507247723304051e-01	7.273886779992297380e-02	2.975547872883163580e-02	7.777950312487245943e-02
1.207507445328358699e+03	2.469307678438870113e-01	1.610103886329072032e-01	2.576450340457068777e-01	1.540325553479152121e-01	7.276986944308150296e-02	2.977661204895232575e-02	7.783477263732599405e-02
1.208958776392455093e+03	2.467292685406844710e-01	1.608825522217968429e-01	2.577854396761609101e-01	1.541142474977725829e-01	7.280081517539652158e-02	2.979772127828572009e-02	7.788995560967908183e-02
1.210410107456551941e+03	2.465281167061655343e-01	1.607549237386907415e-01	2.579255943784434790e-01	1.541958014934804166e-01	7.283170511538254732e-02	2.981880642174993684e-02	7.794505214586350261e-02
1.211861438520648335e+03	2.463273117437002613e-01	1.606275028384355208e-01	2.580654985961647330e-01	1.542772176059104827e-01	7.286253938126820151e-02	2.983986748438539893e-02	7.800006234991158083e-02
1.213312769584745183e+03	2.461268530576949387e-01	1.605002891764591710e-01	2.582051527720856665e-01	1.543584961052310300e-01	7.289331809099697246e-02	2.986090447135413689e-02	7.805498632595421482e-02
1.214764100648841804e+03	2.459267400535902481e-01	1.603732824087699127e-01	2.583445573481202850e-01	1.544396372609095347e-01	7.292404136222804811e-02	2.988191738793907759e-02	7.810982417821901724e-02
1.216215431712937971e+03	2.457269721378594063e-01	1.602464821919552251e-01	2.584837127653376032e-01	1.545206413417152258e-01	7.295470931233705159e-02	2.990290623954333996e-02	7.816457601102827502e-02
1.217666762777034819e+03	2.455275487180062777e-01	1.601198881831808751e-01	2.586226194639636988e-01	1.546015086157218332e-01	7.298532205841684606e-02	2.992387103168953066e-02	7.821924192879710358e-02
1.219118093841131440e+03	2.453284692025634040e-01	1.599935000401898622e-01	2.587612778833839888e-01	1.546822393503099746e-01	7.301587971727832582e-02	2.994481177001904679e-02	7.827382203603154565e-02
1.220569424905228061e+03	2.451297330010903941e-01	1.598673174213013914e-01	2.588996884621451722e-01	1.547628338121700697e-01	7.304638240545116568e-02	2.996572846029137496e-02	7.832831643732660054e-02
1.222020755969324682e+03	2.449313395241718427e-01	1.597413399854099580e-01	2.590378516379571172e-01	1.548432922673046441e-01	7.307683023918466747e-02	2.998662110838341485e-02	7.838272523736447561e-02
1.223472087033421303e+03	2.447332881834156371e-01	1.596155673919843199e-01	2.591757678476951932e-01	1.549236149810311047e-01	7.310722333444844012e-02	3.000748972028877484e-02	7.843704854091261558e-02
1.224923418097517697e+03	2.445355783914509862e-01	1.594899993010664430e-01	2.593134375274022130e-01	1.550038022179841823e-01	7.313756180693321840e-02	3.002833430211709898e-02	7.849128645282192618e-02
1.226374749161614318e+03	2.443382095619266725e-01	1.593646353732706411e-01	2.594508611122903763e-01	1.550838542421184851e-01	7.316784577205164009e-02	3.004915486009336958e-02	7.854543907802491454e-02
1.227826080225710712e+03	2.441411811095091089e-01	1.592394752697823546e-01	2.595880390367433233e-01	1.551637713167111354e-01	7.319807534493900925e-02	3.006995140055724117e-02	7.859950652153385731e-02
1.229277411289807560e+03	2.439444924498806455e-01	1.591145186523574284e-01	2.597249717343183550e-01	1.552435537043641567e-01	7.322825064045404564e-02	3.009072392996235343e-02	7.865348888843906594e-02
1.230728742353903954e+03	2.437481429997375437e-01	1.589897651833209191e-01	2.598616596377481547e-01	1.553232016670070825e-01	7.325837177317964799e-02	3.011147245487567209e-02	7.870738628390698544e-02
1.232180073418000802e+03	2.435521321767883940e-01	1.588652145255662063e-01	2.599981031789429520e-01	1.554027154658994547e-01	7.328843885742369890e-02	3.013219698197680887e-02	7.876119881317851512e-02
1.233631404482097196e+03	2.433564593997521175e-01	1.587408663425539379e-01	2.601343027889924109e-01	1.554820953616332102e-01	7.331845200721974487e-02	3.015289751805735885e-02	7.881492658156721842e-02
1.235082735546193817e+03	2.431611240883561620e-01	1.586167202983111979e-01	2.602702588981677945e-01	1.555613416141352623e-01	7.334841133632778731e-02	3.017357407002022734e-02	7.886856969445754650e-02
1.236534066610290438e+03	2.429661256633347532e-01	1.584927760574302569e-01	2.604059719359238523e-01	1.556404544826698877e-01	7.337831695823508749e-02	3.019422664487898117e-02	7.892212825730311743e-02
1.237985397674387059e+03	2.427714635464270077e-01	1.583690332850678784e-01	2.605414423309007632e-01	1.557194342258412523e-01	7.340816898615680486e-02	3.021485524975718595e-02	7.897560237562499530e-02
1.239436728738483680e+03	2.425771371603751558e-01	1.582454916469441808e-01	2.606766705109261340e-01	1.557982811015957703e-01	7.343796753303684366e-02	3.023545989188775387e-02	7.902899215500999719e-02
1.240888059802580301e+03	2.423831459289228218e-01	1.581221508093416939e-01	2.608116569030169418e-01	1.558769953672245745e-01	7.346771271154857452e-02	3.025604057861228102e-02	7.908229770110897228e-02
1.242339390866676695e+03	2.421894892768130247e-01	1.579990104391043315e-01	2.609464019333815887e-01	1.559555772793659034e-01	7.349740463409554225e-02	3.027659731738041940e-02	7.913551911963512264e-02
1.243790721930773088e+03	2.419961666297864855e-01	1.578760702036365871e-01	2.610809060274215110e-01	1.560340270940075436e-01	7.352704341281221523e-02	3.029713011574921080e-02	7.918865651636233793e-02
1.245242052994869937e+03	2.418031774145799062e-01	1.577533297709023952e-01	2.612151696097336218e-01	1.561123450664891610e-01	7.355662915956477643e-02	3.031763898138245886e-02	7.924170999712355778e-02
1.246693384058966330e+03	2.416105210589241381e-01	1.576307888094241605e-01	2.613491931041118654e-01	1.561905314515046883e-01	7.358616198595180347e-02	3.033812392205007327e-02	7.929467966780907873e-02
1.248144715123063179e+03	2.414181969915422665e-01	1.575084469882819527e-01	2.614829769335493270e-01	1.562685865031047949e-01	7.361564200330503183e-02	3.035858494562745577e-02	7.934756563436494436e-02
1.249596046187159800e+03	2.412262046421479733e-01	1.573863039771123684e-01	2.616165215202401195e-01	1.563465104746990519e-01	7.364506932269004880e-02	3.037902206009484782e-02	7.940036800279136331e-02
1.251047377251256421e+03	2.410345434414437049e-01	1.572643594461076433e-01	2.617498272855811048e-01	1.564243036190585134e-01	7.367444405490707060e-02	3.039943527353669919e-02	7.945308687914104384e-02
1.252498708315352815e+03	2.408432128211188961e-01	1.571426130660147080e-01	2.618828946501740584e-01	1.565019661883177426e-01	7.370376631049165017e-02	3.041982459414105736e-02	7.950572236951762572e-02
1.253950039379449436e+03	2.406522122138481934e-01	1.570210645081341894e-01	2.620157240338275018e-01	1.565794984339774765e-01	7.373303619971539880e-02	3.044019003019892214e-02	7.955827458007411201e-02
1.255401370443546057e+03	2.404615410532896791e-01	1.568997134443194386e-01	2.621483158555584780e-01	1.566569006069066239e-01	7.376225383258669388e-02	3.046053159010363859e-02	7.961074361701125923e-02
1.256852701507642678e+03	2.402711987740830946e-01	1.567785595469756432e-01	2.622806705335945510e-01	1.567341729573447640e-01	7.379141931885141448e-02	3.048084928235026900e-02	7.966312958657605081e-02
1.258304032571739299e+03	2.400811848118481751e-01	1.566576024890588281e-01	2.624127884853755810e-01	1.568113157349043940e-01	7.382053276799367680e-02	3.050114311553497881e-02	7.971543259506012891e-02
1.259755363635835920e+03	2.398914986031826790e-01	1.565368419440749392e-01	2.625446701275557793e-01	1.568883291885730946e-01	7.384959428923652813e-02	3.052141309835442601e-02	7.976765274879832335e-02
1.261206694699932314e+03	2.397021395856608339e-01	1.564162775860788168e-01	2.626763158760052619e-01	1.569652135667159998e-01	7.387860399154266844e-02	3.054165923960514006e-02	7.981979015416701406e-02
1.262658025764028707e+03	2.395131071978315596e-01	1.562959090896733072e-01	2.628077261458122704e-01	1.570419691170777954e-01	7.390756198361513041e-02	3.056188154818293215e-02	7.987184491758272942e-02
1.264109356828125556e+03	2.393244008792165256e-01	1.561757361300083469e-01	2.629389013512847262e-01	1.571185960867851894e-01	7.393646837389802884e-02	3.058208003308227410e-02	7.992381714550060579e-02
1.265560687892221949e+03	2.391360200703087358e-01	1.560557583827799077e-01	2.630698419059522841e-01	1.571950947223489659e-01	7.396532327057729617e-02	3.060225470339569820e-02	7.997570694441288874e-02
1.267012018956318798e+03	2.389479642125704462e-01	1.559359755242291090e-01	2.632005482225678872e-01	1.572714652696663162e-01	7.399412678158126533e-02	3.062240556831320737e-02	8.002751442084744815e-02
1.268463350020415419e+03	2.387602327484316389e-01	1.558163872311413845e-01	2.633310207131100422e-01	1.573477079740230600e-01	7.402287901458153019e-02	3.064253263712166456e-02	8.007923968136636261e-02
1.269914681084511813e+03	2.385728251212882178e-01	1.556969931808453722e-01	2.634612597887840968e-01	1.574238230800957261e-01	7.405158007699351452e-02	3.066263591920421680e-02	8.013088283256444844e-02
1.271366012148608434e+03	2.383857407755002877e-01	1.555777930512120821e-01	2.635912658600246261e-01	1.574998108319538570e-01	7.408023007597724918e-02	3.068271542403967420e-02	8.018244398106780246e-02
1.272817343212705055e+03	2.381989791563904058e-01	1.554587865206538966e-01	2.637210393364968208e-01	1.575756714730621455e-01	7.410882911843799659e-02	3.070277116120195826e-02	8.023392323353235878e-02
1.274268674276801676e+03	2.380125397102418883e-01	1.553399732681236545e-01	2.638505806270983745e-01	1.576514052462825999e-01	7.413737731102705564e-02	3.072280314035948784e-02	8.028532069664251480e-02
1.275720005340898297e+03	2.378264218842970346e-01	1.552213529731137909e-01	2.639798901399614262e-01	1.577270123938767088e-01	7.416587476014233071e-02	3.074281137127461705e-02	8.033663647710970190e-02
1.277171336404994690e+03	2.376406251267555170e-01	1.551029253156552823e-01	2.641089682824541707e-01	1.578024931575075229e-01	7.419432157192912269e-02	3.076279586380303160e-02	8.038787068167101146e-02
1.278622667469091539e+03	2.374551488867725213e-01	1.549846899763168140e-01	2.642378154611828012e-01	1.578778477782418754e-01	7.422271785228071184e-02	3.078275662789318676e-02	8.043902341708770998e-02
1.280073998533187932e+03	2.372699926144571370e-01	1.548666466362038363e-01	2.643664320819932301e-01	1.579530764965524914e-01	7.425106370683917656e-02	3.080269367358573138e-02	8.049009479014403168e-02
1.281525329597284326e+03	2.370851557608706361e-01	1.547487949769575655e-01	2.644948185499728099e-01	1.580281795523200694e-01	7.427935924099593468e-02	3.082260701101293202e-02	8.054108490764569361e-02
1.282976660661381175e+03	2.369006377780246975e-01	1.546311346807541787e-01	2.646229752694522208e-01	1.581031571848353634e-01	7.430760455989252056e-02	3.084249665039810392e-02	8.059199387641854950e-02
1.284427991725477568e+03	2.367164381188797684e-01	1.545136654303038148e-01	2.647509026440070246e-01	1.581780096328014029e-01	7.433579976842123738e-02	3.086236260205504206e-02	8.064282180330729910e-02
1.285879322789574417e+03	2.365325562373433999e-01	1.543963869088496033e-01	2.648786010764597187e-01	1.582527371343354361e-01	7.436394497122579550e-02	3.088220487638746597e-02	8.069356879517414205e-02
1.287330653853671038e+03	2.363489915882684700e-01	1.542792988001669696e-01	2.650060709688811245e-01	1.583273399269710946e-01	7.439204027270207575e-02	3.090202348388844389e-02	8.074423495889744562e-02
1.288781984917767431e+03	2.361657436274514910e-01	1.541624007885623870e-01	2.651333127225923847e-01	1.584018182476603920e-01	7.442008577699869842e-02	3.092181843513984105e-02	8.079482040137041243e-02
1.290233315981864052e+03	2.359828118116310547e-01	1.540456925588727100e-01	2.652603267381666852e-01	1.584761723327757776e-01	7.444808158801777265e-02	3.094158974081175767e-02	8.084532522949983147e-02
