1.001418434226643626e+03	2.793177854628058343e-01	1.815122274626763677e-01	2.349430772967753822e-01	1.408654652188581213e-01	6.773821127028149813e-02	2.654764630868616110e-02	6.907558697969290451e-02
1.003837319333471214e+03	2.788882754322225543e-01	1.812444627569402833e-01	2.352449305850613792e-01	1.410389146826806495e-01	6.780515860519180371e-02	2.658878960492781426e-02	6.918946833275180230e-02
1.006256204440298802e+03	2.784600002069301250e-01	1.809774252748067858e-01	2.355458873334176639e-01	1.412118509600956140e-01	6.787189670713117406e-02	2.662986947636428528e-02	6.930307004103067325e-02
1.008675089547126618e+03	2.780329562344404093e-01	1.807111130019429801e-01	2.358459502321937629e-01	1.413842759828679296e-01	6.793842634801298963e-02	2.667088579904861728e-02	6.941639240126970534e-02
1.011093974653954206e+03	2.776071399727570999e-01	1.804455239297010072e-01	2.361451219623411923e-01	1.415561916717117119e-01	6.800474829643791963e-02	2.671183845139127322e-02	6.952943571543615531e-02
1.013512859760782021e+03	2.771825478903418016e-01	1.801806560551012237e-01	2.364434051954629745e-01	1.417275999363845074e-01	6.807086331771065868e-02	2.675272731413901386e-02	6.964220029063619699e-02
1.015931744867609382e+03	2.767591764660803921e-01	1.799165073808151327e-01	2.367408025938623484e-01	1.418985026757803580e-01	6.813677217385656626e-02	2.679355227035394582e-02	6.975468643902763000e-02
1.018350629974437197e+03	2.763370221892492706e-01	1.796530759151487022e-01	2.370373168105913420e-01	1.420689017780221719e-01	6.820247562363823679e-02	2.683431320539273954e-02	6.986689447773392070e-02
1.020769515081264785e+03	2.759160815594819405e-01	1.793903596720254345e-01	2.373329504894989839e-01	1.422387991205528168e-01	6.826797442257195869e-02	2.687501000688601732e-02	6.997882472875924242e-02
1.023188400188092373e+03	2.754963510867357579e-01	1.791283566709697406e-01	2.376277062652788208e-01	1.424081965702255204e-01	6.833326932294402078e-02	2.691564256471792524e-02	7.009047751890463973e-02
1.025607285294920075e+03	2.750778272912587363e-01	1.788670649370902865e-01	2.379215867635162129e-01	1.425770959833931872e-01	6.839836107382700481e-02	2.695621077100585072e-02	7.020185317968520577e-02
1.028026170401747549e+03	2.746605067035563508e-01	1.786064825010633406e-01	2.382145946007353243e-01	1.427454992059968564e-01	6.846325042109593917e-02	2.699671452008033448e-02	7.031295204724843928e-02
1.030445055508575479e+03	2.742443858643587862e-01	1.783466073991162304e-01	2.385067323844453913e-01	1.429134080736532142e-01	6.852793810744434166e-02	2.703715370846512117e-02	7.042377446229348970e-02
1.032863940615402726e+03	2.738294613245881304e-01	1.780874376730109121e-01	2.387980027131871574e-01	1.430808244117411920e-01	6.859242487240022057e-02	2.707752823485740090e-02	7.053432076999159583e-02
1.035282825722230655e+03	2.734157296453256225e-01	1.778289713700275110e-01	2.390884081765782543e-01	1.432477500354875921e-01	6.865671145234193695e-02	2.711783800010819645e-02	7.064459131990744045e-02
1.037701710829058356e+03	2.730031873977792345e-01	1.775712065429480013e-01	2.393779513553588312e-01	1.434141867500521028e-01	6.872079858051399759e-02	2.715808290720290313e-02	7.075458646592155953e-02
1.040120595935886058e+03	2.725918311632511970e-01	1.773141412500398029e-01	2.396666348214361864e-01	1.435801363506109818e-01	6.878468698704269524e-02	2.719826286124202644e-02	7.086430656615373691e-02
1.042539481042713533e+03	2.721816575331058585e-01	1.770577735550396548e-01	2.399544611379297032e-01	1.437456006224403227e-01	6.884837739895174891e-02	2.723837776942204109e-02	7.097375198288741194e-02
1.044958366149541234e+03	2.717726631087372668e-01	1.768021015271372676e-01	2.402414328592147597e-01	1.439105813409981560e-01	6.891187054017781921e-02	2.727842754101642009e-02	7.108292308249500313e-02
1.047377251256368709e+03	2.713648445015376387e-01	1.765471232409593916e-01	2.405275525309668316e-01	1.440750802720058843e-01	6.897516713158588497e-02	2.731841208735683035e-02	7.119182023536425874e-02
1.049796136363196410e+03	2.709581983328649413e-01	1.762928367765535798e-01	2.408128226902049307e-01	1.442390991715286896e-01	6.903826789098457817e-02	2.735833132181446359e-02	7.130044381582552326e-02
1.052215021470024112e+03	2.705527212340115839e-01	1.760392402193722006e-01	2.410972458653346528e-01	1.444026397860553312e-01	6.910117353314143562e-02	2.739818515978153721e-02	7.140879420207996153e-02
1.054633906576851814e+03	2.701484098461726102e-01	1.757863316602565618e-01	2.413808245761909776e-01	1.445657038525769711e-01	6.916388476979801192e-02	2.743797351865293749e-02	7.151687177612869872e-02
1.057052791683679516e+03	2.697452608204140567e-01	1.755341091954208121e-01	2.416635613340808453e-01	1.447282930986652227e-01	6.922640230968499231e-02	2.747769631780802579e-02	7.162467692370282080e-02
1.059471676790506763e+03	2.693432708176418666e-01	1.752825709264363152e-01	2.419454586418251230e-01	1.448904092425494228e-01	6.928872685853706970e-02	2.751735347859257663e-02	7.173221003419447128e-02
1.061890561897334692e+03	2.689424365085703594e-01	1.750317149602156896e-01	2.422265189938004049e-01	1.450520539931930974e-01	6.935085911910791878e-02	2.755694492430087530e-02	7.183947150058858644e-02
1.064309447004162394e+03	2.685427545736912003e-01	1.747815394089971552e-01	2.425067448759804511e-01	1.452132290503695411e-01	6.941279979118489263e-02	2.759647058015796822e-02	7.194646171939569901e-02
1.066728332110990095e+03	2.681442217032426467e-01	1.745320423903287677e-01	2.427861387659772385e-01	1.453739361047368395e-01	6.947454957160385802e-02	2.763593037330204505e-02	7.205318109058553300e-02
1.069147217217817570e+03	2.677468345971781294e-01	1.742832220270528754e-01	2.430647031330817331e-01	1.455341768379120049e-01	6.953610915426369776e-02	2.767532423276697351e-02	7.215963001752152828e-02
1.071566102324645271e+03	2.673505899651360540e-01	1.740350764472904932e-01	2.433424404383043305e-01	1.456939529225441399e-01	6.959747923014088233e-02	2.771465208946497297e-02	7.226580890689612846e-02
1.073984987431472746e+03	2.669554845264086596e-01	1.737876037844257593e-01	2.436193531344148788e-01	1.458532660223872957e-01	6.965866048730398608e-02	2.775391387616944414e-02	7.237171816866697083e-02
1.076403872538300675e+03	2.665615150099118758e-01	1.735408021770904474e-01	2.438954436659825920e-01	1.460121177923722480e-01	6.971965361092795355e-02	2.779310952749791327e-02	7.247735821599390893e-02
1.078822757645127922e+03	2.661686781541546809e-01	1.732946697691486737e-01	2.441707144694154619e-01	1.461705098786776624e-01	6.978045928330846304e-02	2.783223897989514292e-02	7.258272946517681234e-02
1.081241642751955851e+03	2.657769707072090148e-01	1.730492047096813812e-01	2.444451679729993110e-01	1.463284439188004826e-01	6.984107818387609579e-02	2.787130217161637447e-02	7.268783233559426848e-02
1.083660527858783553e+03	2.653863894266793033e-01	1.728044051529711023e-01	2.447188065969368442e-01	1.464859215416255966e-01	6.990151098921043582e-02	2.791029904271068521e-02	7.279266724964293667e-02
1.086079412965611255e+03	2.649969310796727040e-01	1.725602692584867481e-01	2.449916327533860627e-01	1.466429443674949207e-01	6.996175837305418366e-02	2.794922953500451890e-02	7.289723463267788750e-02
1.088498298072438729e+03	2.646085924427687974e-01	1.723167951908682605e-01	2.452636488464984554e-01	1.467995140082756500e-01	7.002182100632703410e-02	2.798809359208531689e-02	7.300153491295352515e-02
1.090917183179266431e+03	2.642213703019903326e-01	1.720739811199115676e-01	2.455348572724570244e-01	1.469556320674277883e-01	7.008169955713958177e-02	2.802689115928531233e-02	7.310556852156548102e-02
1.093336068286093905e+03	2.638352614527729179e-01	1.718318252205534857e-01	2.458052604195139490e-01	1.471113001400711218e-01	7.014139469080714340e-02	2.806562218366543196e-02	7.320933589239306261e-02
1.095754953392921607e+03	2.634502626999359332e-01	1.715903256728565918e-01	2.460748606680277228e-01	1.472665198130514719e-01	7.020090706986342743e-02	2.810428661399935399e-02	7.331283746204265983e-02
1.098173838499749309e+03	2.630663708576526094e-01	1.713494806619942912e-01	2.463436603905005406e-01	1.474212926650061706e-01	7.026023735407421755e-02	2.814288440075766659e-02	7.341607366979173432e-02
1.100592723606577010e+03	2.626835827494208853e-01	1.711092883782358298e-01	2.466116619516147412e-01	1.475756202664290362e-01	7.031938620045088961e-02	2.818141549609218949e-02	7.351904495753365520e-02
1.103011608713404712e+03	2.623018952080341526e-01	1.708697470169314170e-01	2.468788677082695560e-01	1.477295041797345165e-01	7.037835426326394250e-02	2.821987985382039613e-02	7.362175176972322876e-02
1.105430493820231959e+03	2.619213050755521133e-01	1.706308547784973761e-01	2.471452800096171354e-01	1.478829459593213880e-01	7.043714219405637633e-02	2.825827742940997464e-02	7.372419455332290816e-02
1.107849378927059888e+03	2.615418092032715802e-01	1.703926098684013513e-01	2.474109011970984651e-01	1.480359471516355940e-01	7.049575064165701510e-02	2.829660817996352412e-02	7.382637375774972477e-02
1.110268264033887590e+03	2.611634044516977782e-01	1.701550104971474853e-01	2.476757336044791979e-01	1.481885092952326677e-01	7.055418025219375999e-02	2.833487206420335150e-02	7.392828983482296890e-02
1.112687149140715292e+03	2.607860876905154779e-01	1.699180548802619040e-01	2.479397795578847652e-01	1.483406339208393210e-01	7.061243166910678715e-02	2.837306904245642108e-02	7.402994323871256444e-02
1.115106034247542766e+03	2.604098557985601303e-01	1.696817412382778112e-01	2.482030413758356813e-01	1.484923225514145628e-01	7.067050553316162054e-02	2.841119907663940125e-02	7.413133442588804023e-02
1.117524919354370468e+03	2.600347056637893339e-01	1.694460677967211670e-01	2.484655213692823217e-01	1.486435767022101229e-01	7.072840248246219097e-02	2.844926213024386030e-02	7.423246385506827860e-02
1.119943804461197942e+03	2.596606341832544129e-01	1.692110327860959218e-01	2.487272218416394787e-01	1.487943978808302925e-01	7.078612315246377018e-02	2.848725816832154561e-02	7.433333198717184676e-02
1.122362689568025871e+03	2.592876382630721066e-01	1.689766344418695276e-01	2.489881450888207226e-01	1.489447875872912386e-01	7.084366817598580779e-02	2.852518715746983277e-02	7.443393928526807757e-02
1.124781574674853118e+03	2.589157148183960366e-01	1.687428710044587554e-01	2.492482933992723193e-01	1.490947473140795121e-01	7.090103818322479601e-02	2.856304906581723715e-02	7.453428621452869163e-02
1.127200459781681047e+03	2.585448607733887294e-01	1.685097407192148733e-01	2.495076690540072306e-01	1.492442785462102239e-01	7.095823380176698170e-02	2.860084386300909554e-02	7.463437324218022417e-02
1.129619344888508749e+03	2.581750730611936384e-01	1.682772418364096023e-01	2.497662743266384211e-01	1.493933827612845266e-01	7.101525565660103678e-02	2.863857152019333788e-02	7.473420083745685449e-02
1.132038229995336451e+03	2.578063486239068891e-01	1.680453726112206558e-01	2.500241114834123590e-01	1.495420614295464579e-01	7.107210437013060378e-02	2.867623201000635974e-02	7.483376947155409575e-02
1.134457115102163925e+03	2.574386844125497453e-01	1.678141313037176119e-01	2.502811827832419067e-01	1.496903160139393396e-01	7.112878056218685519e-02	2.871382530655905083e-02	7.493307961758301217e-02
1.136876000208991627e+03	2.570720773870404652e-01	1.675835161788475636e-01	2.505374904777392664e-01	1.498381479701615115e-01	7.118528485004091411e-02	2.875135138542290331e-02	7.503213175052494965e-02
1.139294885315819101e+03	2.567065245161671005e-01	1.673535255064209359e-01	2.507930368112483155e-01	1.499855587467216200e-01	7.124161784841624712e-02	2.878881022361625200e-02	7.513092634718707141e-02
1.141713770422646803e+03	2.563420227775596860e-01	1.671241575610976082e-01	2.510478240208771639e-01	1.501325497849931856e-01	7.129778016950095998e-02	2.882620179959061169e-02	7.522946388615832369e-02
1.144132655529474505e+03	2.559785691576627609e-01	1.668954106223725642e-01	2.513018543365301283e-01	1.502791225192687818e-01	7.135377242296002398e-02	2.886352609321713933e-02	7.532774484776610935e-02
1.146551540636302207e+03	2.556161606517082796e-01	1.666672829745619588e-01	2.515551299809395402e-01	1.504252783768137702e-01	7.140959521594744674e-02	2.890078308577320385e-02	7.542576971403340547e-02
1.148970425743129908e+03	2.552547942636880229e-01	1.664397729067891296e-01	2.518076531696972209e-01	1.505710187779190912e-01	7.146524915311837367e-02	2.893797275992905649e-02	7.552353896863663041e-02
1.151389310849957155e+03	2.548944670063267304e-01	1.662128787129707741e-01	2.520594261112862333e-01	1.507163451359540551e-01	7.152073483664110609e-02	2.897509509973461572e-02	7.562105309686395493e-02
1.153808195956785084e+03	2.545351759010550663e-01	1.659865986918029335e-01	2.523104510071116358e-01	1.508612588574182178e-01	7.157605286620910556e-02	2.901215009060637007e-02	7.571831258557419619e-02
1.156227081063612786e+03	2.541769179779823085e-01	1.657609311467471425e-01	2.525607300515316789e-01	1.510057613419928946e-01	7.163120383905281774e-02	2.904913771931435379e-02	7.581531792315630847e-02
1.158645966170440488e+03	2.538196902758700357e-01	1.655358743860167459e-01	2.528102654318882814e-01	1.511498539825922027e-01	7.168618834995153788e-02	2.908605797396927872e-02	7.591206959948940125e-02
1.161064851277267962e+03	2.534634898421050941e-01	1.653114267225630207e-01	2.530590593285375611e-01	1.512935381654135769e-01	7.174100699124519309e-02	2.912291084400972854e-02	7.600856810590331247e-02
1.163483736384095664e+03	2.531083137326728960e-01	1.650875864740615484e-01	2.533071139148804218e-01	1.514368152699876735e-01	7.179566035284597192e-02	2.915969632018947100e-02	7.610481393513962578e-02
1.165902621490923138e+03	2.527541590121309412e-01	1.648643519628985310e-01	2.535544313573919739e-01	1.515796866692279699e-01	7.185014902224998168e-02	2.919641439456488463e-02	7.620080758131338172e-02
1.168321506597751068e+03	2.524010227535824491e-01	1.646417215161571634e-01	2.538010138156517326e-01	1.517221537294797529e-01	7.190447358454889193e-02	2.923306506048246878e-02	7.629654953987517751e-02
1.170740391704578315e+03	2.520489020386499912e-01	1.644196934656041165e-01	2.540468634423733718e-01	1.518642178105686080e-01	7.195863462244130038e-02	2.926964831256646804e-02	7.639204030757382191e-02
1.173159276811406244e+03	2.516977939574490675e-01	1.641982661476758809e-01	2.542919823834338677e-01	1.520058802658485753e-01	7.201263271624423756e-02	2.930616414670659739e-02	7.648728038241954519e-02
1.175578161918233945e+03	2.513476956085620717e-01	1.639774379034654173e-01	2.545363727779026419e-01	1.521471424422496388e-01	7.206646844390454665e-02	2.934261256004584706e-02	7.658227026364762546e-02
1.177997047025061647e+03	2.509986040990123679e-01	1.637572070787086387e-01	2.547800367580706493e-01	1.522880056803249671e-01	7.212014238101017993e-02	2.937899355096842621e-02	7.667701045168259788e-02
1.180415932131889122e+03	2.506505165442379779e-01	1.635375720237710051e-01	2.550229764494792994e-01	1.524284713142975145e-01	7.217365510080142599e-02	2.941530711908775866e-02	7.677150144810286625e-02
1.182834817238716823e+03	2.503034300680658242e-01	1.633185310936342838e-01	2.552651939709488227e-01	1.525685406721061788e-01	7.222700717418210903e-02	2.945155326523461389e-02	7.686574375560591144e-02
1.185253702345544298e+03	2.499573418026863059e-01	1.631000826478830323e-01	2.555066914346068585e-01	1.527082150754517087e-01	7.228019916973067727e-02	2.948773199144530399e-02	7.695973787797390220e-02
1.187672587452371999e+03	2.496122488886270141e-01	1.628822250506915537e-01	2.557474709459162110e-01	1.528474958398419181e-01	7.233323165371130514e-02	2.952384330095000897e-02	7.705348432003975012e-02
1.190091472559199701e+03	2.492681484747275578e-01	1.626649566708105177e-01	2.559875346037033816e-01	1.529863842746365943e-01	7.238610519008485678e-02	2.955988719816116800e-02	7.714698358765371966e-02
1.192510357666027403e+03	2.489250377181138341e-01	1.624482758815537775e-01	2.562268845001859363e-01	1.531248816830919623e-01	7.243882034051984942e-02	2.959586368866197123e-02	7.724023618765045451e-02
1.194929242772855105e+03	2.485829137841727432e-01	1.622321810607853798e-01	2.564655227210004274e-01	1.532629893624046502e-01	7.249137766440327812e-02	2.963177277919496269e-02	7.733324262781644809e-02
1.197348127879682352e+03	2.482417738465267920e-01	1.620166705909062699e-01	2.567034513452294275e-01	1.534007086037552092e-01	7.254377771885148207e-02	2.966761447765071252e-02	7.742600341685797194e-02
1.199767012986510281e+03	2.479016150870089197e-01	1.618017428588414131e-01	2.569406724454291191e-01	1.535380406923515517e-01	7.259602105872085820e-02	2.970338879305660373e-02	7.751851906436950379e-02
1.202185898093337983e+03	2.475624346956372679e-01	1.615873962560266108e-01	2.571771880876559946e-01	1.536749869074713615e-01	7.264810823661858874e-02	2.973909573556567792e-02	7.761079008080246089e-02
1.204604783200165684e+03	2.472242298705901731e-01	1.613736291783956500e-01	2.574130003314940573e-01	1.538115485225046708e-01	7.270003980291327161e-02	2.977473531644561286e-02	7.770281697743455784e-02
1.207023668306993159e+03	2.468869978181811864e-01	1.611604400263673409e-01	2.576481112300811338e-01	1.539477268049957159e-01	7.275181630574543978e-02	2.981030754806775207e-02	7.779460026633941427e-02
1.209442553413820860e+03	2.465507357528342325e-01	1.609478272048326108e-01	2.578825228301356853e-01	1.540835230166843761e-01	7.280343829103817777e-02	2.984581244389624202e-02	7.788614046035666205e-02
1.211861438520648335e+03	2.462154408970588515e-01	1.607357891231416536e-01	2.581162371719827875e-01	1.542189384135474739e-01	7.285490630250750221e-02	2.988125001847725948e-02	7.797743807306252439e-02
1.214280323627476264e+03	2.458811104814253023e-01	1.605243241950911615e-01	2.583492562895804978e-01	1.543539742458392983e-01	7.290622088167279802e-02	2.991662028742832560e-02	7.806849361874070026e-02
1.216699208734303511e+03	2.455477417445402211e-01	1.603134308389114471e-01	2.585815822105456130e-01	1.544886317581321833e-01	7.295738256786714337e-02	2.995192326742768599e-02	7.815930761235374835e-02
1.219118093841131440e+03	2.452153319330219738e-01	1.601031074772538976e-01	2.588132169561797591e-01	1.546229121893562819e-01	7.300839189824763487e-02	2.998715897620381210e-02	7.824988056951479032e-02
1.221536978947959142e+03	2.448838783014760934e-01	1.598933525371781517e-01	2.590441625414945381e-01	1.547568167728392008e-01	7.305924940780557375e-02	3.002232743252495825e-02	7.834021300645969965e-02
1.223955864054786844e+03	2.445533781124711314e-01	1.596841644501394430e-01	2.592744209752373963e-01	1.548903467363452469e-01	7.310995562937668002e-02	3.005742865618881571e-02	7.843030544001960980e-02
1.226374749161614318e+03	2.442238286365142619e-01	1.594755416519760827e-01	2.595039942599166038e-01	1.550235033021141740e-01	7.316051109365115379e-02	3.009246266801224659e-02	7.852015838759386634e-02
1.228793634268442020e+03	2.438952271520272164e-01	1.592674825828968022e-01	2.597328843918265129e-01	1.551562876868996521e-01	7.321091632918381997e-02	3.012742948982111146e-02	7.860977236712331229e-02
1.231212519375269494e+03	2.435675709453220261e-01	1.590599856874683748e-01	2.599610933610723706e-01	1.552887011020074315e-01	7.326117186240407864e-02	3.016232914444016283e-02	7.869914789706401737e-02
1.233631404482097196e+03	2.432408573105771521e-01	1.588530494146029315e-01	2.601886231515951886e-01	1.554207447533330066e-01	7.331127821762588315e-02	3.019716165568304272e-02	7.878828549636129885e-02
1.236050289588924898e+03	2.429150835498135041e-01	1.586466722175456368e-01	2.604154757411962784e-01	1.555524198413989756e-01	7.336123591705762115e-02	3.023192704834232539e-02	7.887718568442417255e-02
1.238469174695752372e+03	2.425902469728705713e-01	1.584408525538622270e-01	2.606416531015617877e-01	1.556837275613921212e-01	7.341104548081200942e-02	3.026662534817968139e-02	7.896584898110015072e-02
1.240888059802580301e+03	2.422663448973827460e-01	1.582355888854267145e-01	2.608671571982868476e-01	1.558146691031999931e-01	7.346070742691579447e-02	3.030125658191610422e-02	7.905427590665038695e-02
1.243306944909407548e+03	2.419433746487555659e-01	1.580308796784089809e-01	2.610919899908997199e-01	1.559452456514473506e-01	7.351022227131956410e-02	3.033582077722220272e-02	7.914246698172519578e-02
1.245725830016235477e+03	2.416213335601420931e-01	1.578267234032625088e-01	2.613161534328860558e-01	1.560754583855320232e-01	7.355959052790743413e-02	3.037031796270859424e-02	7.923042272733994695e-02
1.248144715123063179e+03	2.413002189724195445e-01	1.576231185347121422e-01	2.615396494717121545e-01	1.562053084796606039e-01	7.360881270850662406e-02	3.040474816791636017e-02	7.931814366485123724e-02
1.250563600229890881e+03	2.409800282341657274e-01	1.574200635517418456e-01	2.617624800488492776e-01	1.563347971028837824e-01	7.365788932289711599e-02	3.043911142330759517e-02	7.940563031593343701e-02
1.252982485336718355e+03	2.406607587016357241e-01	1.572175569375825477e-01	2.619846470997965193e-01	1.564639254191312612e-01	7.370682087882110545e-02	3.047340776025600842e-02	7.949288320255565310e-02
1.255401370443546057e+03	2.403424077387386892e-01	1.570155971796999839e-01	2.622061525541046767e-01	1.565926945872464504e-01	7.375560788199252149e-02	3.050763721103762899e-02	7.957990284695887206e-02
1.257820255550373531e+03	2.400249727170145619e-01	1.568141827697826229e-01	2.624269983353992863e-01	1.567211057610207459e-01	7.380425083610644976e-02	3.054179980882155976e-02	7.966668977163358922e-02
1.260239140657201460e+03	2.397084510156110015e-01	1.566133122037296488e-01	2.626471863614036062e-01	1.568491600892276683e-01	7.385275024284848611e-02	3.057589558766083196e-02	7.975324449929760418e-02
1.262658025764028707e+03	2.393928400212604612e-01	1.564129839816387479e-01	2.628667185439616527e-01	1.569768587156563366e-01	7.390110660190407632e-02	3.060992458248331174e-02	7.983956755287432983e-02
1.265076910870856636e+03	2.390781371282570678e-01	1.562131966077943135e-01	2.630855967890607938e-01	1.571042027791449969e-01	7.394932041096777264e-02	3.064388682908270045e-02	7.992565945547122630e-02
1.267495795977684338e+03	2.387643397384338617e-01	1.560139485906554824e-01	2.633038229968547306e-01	1.572311934136140232e-01	7.399739216575249023e-02	3.067778236410958689e-02	8.001152073035870671e-02
1.269914681084511813e+03	2.384514452611399549e-01	1.558152384428440340e-01	2.635213990616857016e-01	1.573578317480987809e-01	7.404532235999865264e-02	3.071161122506258639e-02	8.009715190094923720e-02
1.272333566191339514e+03	2.381394511132179093e-01	1.556170646811327607e-01	2.637383268721068541e-01	1.574841189067818226e-01	7.409311148548329562e-02	3.074537345027954921e-02	8.018255349077679783e-02
1.274752451298167216e+03	2.378283547189809499e-01	1.554194258264335049e-01	2.639546083109045038e-01	1.576100560090253344e-01	7.414076003202918486e-02	3.077906907892884181e-02	8.026772602347666263e-02
1.277171336404994690e+03	2.375181535101906216e-01	1.552223204037852800e-01	2.641702452551202840e-01	1.577356441694028333e-01	7.418826848751380876e-02	3.081269815100069406e-02	8.035267002276544335e-02
1.279590221511822392e+03	2.372088449260340848e-01	1.550257469423426959e-01	2.643852395760730167e-01	1.578608844977307801e-01	7.423563733787838514e-02	3.084626070729861586e-02	8.043738601242143849e-02
1.282009106618650094e+03	2.369004264131018833e-01	1.548297039753640247e-01	2.645995931393804734e-01	1.579857780990997218e-01	7.428286706713672916e-02	3.087975678943089691e-02	8.052187451626523218e-02
1.284427991725477568e+03	2.365928954253655736e-01	1.546341900401996539e-01	2.648133078049811351e-01	1.581103260739055161e-01	7.432995815738423218e-02	3.091318643980214484e-02	8.060613605814072324e-02
1.286846876832305497e+03	2.362862494241554645e-01	1.544392036782803734e-01	2.650263854271556752e-01	1.582345295178797517e-01	7.437691108880657709e-02	3.094654970160493415e-02	8.069017116189622363e-02
1.289265761939132744e+03	2.359804858781384129e-01	1.542447434351057745e-01	2.652388278545482758e-01	1.583583895221204463e-01	7.442372633968862006e-02	3.097984661881148308e-02	8.077398035136601484e-02
1.291684647045960673e+03	2.356756022632957859e-01	1.540508078602326192e-01	2.654506369301881108e-01	1.584819071731219386e-01	7.447040438642309190e-02	3.101307723616543444e-02	8.085756415035211253e-02
1.294103532152788375e+03	2.353715960629014226e-01	1.538573955072632948e-01	2.656618144915102731e-01	1.586050835528048653e-01	7.451694570351923008e-02	3.104624159917365733e-02	8.094092308260629476e-02
1.296522417259616077e+03	2.350684647674997074e-01	1.536645049338343505e-01	2.658723623703770911e-01	1.587279197385458029e-01	7.456335076361154945e-02	3.107933975409817723e-02	8.102405767181242169e-02
1.298941302366443551e+03	2.347662058748836711e-01	1.534721347016050341e-01	2.660822823930985570e-01	1.588504168032064123e-01	7.460962003746833549e-02	3.111237174794810253e-02	8.110696844156903285e-02
1.301360187473271253e+03	2.344648168900731466e-01	1.532802833762456907e-01	2.662915763804535874e-01	1.589725758151626644e-01	7.465575399400023460e-02	3.114533762847167611e-02	8.118965591537216642e-02
1.303779072580098727e+03	2.341642953252931481e-01	1.530889495274265766e-01	2.665002461477102846e-01	1.590943978383335955e-01	7.470175310026876125e-02	3.117823744414835452e-02	8.127212061659842834e-02
1.306197957686926657e+03	2.338646386999521654e-01	1.528981317288062303e-01	2.667082935046468095e-01	1.592158839322097841e-01	7.474761782149474953e-02	3.121107124418096707e-02	8.135436306848845001e-02
1.308616842793753904e+03	2.335658445406206263e-01	1.527078285580204253e-01	2.669157202555714203e-01	1.593370351518815786e-01	7.479334862106676307e-02	3.124383907848792691e-02	8.143638379413041528e-02
1.311035727900581833e+03	2.332679103810093579e-01	1.525180385966706242e-01	2.671225281993429568e-01	1.594578525480672138e-01	7.483894596054950499e-02	3.127654099769552887e-02	8.151818331644394844e-02
1.313454613007409534e+03	2.329708337619481040e-01	1.523287604303127929e-01	2.673287191293909904e-01	1.595783371671405659e-01	7.488441029969208906e-02	3.130917705313027849e-02	8.159976215816425182e-02
1.315873498114237009e+03	2.326746122313643195e-01	1.521399926484462151e-01	2.675342948337358639e-01	1.596984900511585759e-01	7.492974209643636641e-02	3.134174729681130783e-02	8.168112084182641008e-02
1.318292383221064711e+03	2.323792433442617156e-01	1.519517338445022514e-01	2.677392570950085093e-01	1.598183122378885601e-01	7.497494180692514110e-02	3.137425178144283983e-02	8.176225988975002745e-02
1.320711268327892412e+03	2.320847246626991656e-01	1.517639826158330985e-01	2.679436076904703201e-01	1.599378047608352726e-01	7.502000988551037197e-02	3.140669056040672202e-02	8.184317982402407321e-02
1.323130153434719887e+03	2.317910537557694994e-01	1.515767375637007697e-01	2.681473483920329137e-01	1.600569686492676058e-01	7.506494678476129112e-02	3.143906368775501586e-02	8.192388116649187979e-02
1.325549038541547588e+03	2.314982281995784652e-01	1.513899972932658544e-01	2.683504809662776713e-01	1.601758049282451801e-01	7.510975295547259178e-02	3.147137121820264838e-02	8.200436443873651560e-02
1.327967923648375290e+03	2.312062455772237457e-01	1.512037604135767488e-01	2.685530071744751113e-01	1.602943146186445733e-01	7.515442884667240808e-02	3.150361320712011942e-02	8.208463016206629659e-02
1.330386808755202765e+03	2.309151034787739198e-01	1.510180255375582203e-01	2.687549287726042624e-01	1.604124987371854938e-01	7.519897490563036413e-02	3.153578971052626440e-02	8.216467885750050604e-02
1.332805693862030694e+03	2.306247995012477570e-01	1.508327912820006389e-01	2.689562475113719264e-01	1.605303582964565101e-01	7.524339157786560928e-02	3.156790078508111413e-02	8.224451104575543348e-02
1.335224578968857941e+03	2.303353312485932891e-01	1.506480562675490964e-01	2.691569651362319959e-01	1.606478943049406971e-01	7.528767930715464518e-02	3.159994648807874090e-02	8.232412724723053854e-02
1.337643464075685870e+03	2.300466963316671332e-01	1.504638191186922491e-01	2.693570833874041615e-01	1.607651077670410045e-01	7.533183853553931941e-02	3.163192687744022930e-02	8.240352798199486462e-02
1.340062349182513572e+03	2.297588923682139794e-01	1.502800784637515208e-01	2.695566039998931185e-01	1.608819996831054588e-01	7.537586970333462477e-02	3.166384201170666796e-02	8.248271376977368841e-02
1.342481234289341273e+03	2.294719169828457195e-01	1.500968329348703056e-01	2.697555287035070526e-01	1.609985710494519218e-01	7.541977324913656799e-02	3.169569195003222456e-02	8.256168512993533604e-02
1.344900119396168748e+03	2.291857678070211846e-01	1.499140811680030605e-01	2.699538592228765133e-01	1.611148228583930142e-01	7.546354960982984417e-02	3.172747675217722774e-02	8.264044258147827671e-02
1.347319004502996449e+03	2.289004424790256065e-01	1.497318218029044246e-01	2.701515972774731766e-01	1.612307560982604859e-01	7.550719922059566380e-02	3.175919647850137389e-02	8.271898664301838289e-02
1.349737889609823924e+03	2.286159386439502172e-01	1.495500534831186168e-01	2.703487445816279977e-01	1.613463717534295017e-01	7.555072251491939950e-02	3.179085118995694792e-02	8.279731783277635704e-02
1.352156774716651853e+03	2.283322539536719598e-01	1.493687748559686668e-01	2.705453028445499730e-01	1.614616708043427329e-01	7.559411992459821872e-02	3.182244094808208551e-02	8.287543666856543589e-02
1.354575659823479100e+03	2.280493860668332540e-01	1.491879845725456177e-01	2.707412737703440153e-01	1.615766542275341444e-01	7.563739187974873046e-02	3.185396581499413265e-02	8.295334366777921964e-02
1.356994544930307029e+03	2.277673326488217909e-01	1.490076812876978962e-01	2.709366590580294387e-01	1.616913229956526421e-01	7.568053880881456252e-02	3.188542585338301899e-02	8.303103934737979253e-02
1.359413430037134731e+03	2.274860913717504929e-01	1.488278636600206817e-01	2.711314604015578889e-01	1.618056780774856374e-01	7.572356113857382776e-02	3.191682112650473524e-02	8.310852422388592675e-02
1.361832315143962205e+03	2.272056599144373634e-01	1.486485303518453316e-01	2.713256794898314950e-01	1.619197204379820565e-01	7.576645929414663194e-02	3.194815169817478984e-02	8.318579881336156390e-02
1.364251200250789907e+03	2.269260359623855861e-01	1.484696800292287788e-01	2.715193180067205225e-01	1.620334510382755722e-01	7.580923369900262332e-02	3.197941763276178351e-02	8.326286363140440738e-02
1.366670085357617609e+03	2.266472172077635960e-01	1.482913113619429291e-01	2.717123776310814143e-01	1.621468708357072797e-01	7.585188477496825066e-02	3.201061899518101161e-02	8.333971919313480636e-02
1.369088970464445310e+03	2.263692013493852628e-01	1.481134230234642524e-01	2.719048600367742763e-01	1.622599807838484287e-01	7.589441294223424339e-02	3.204175585088812200e-02	8.341636601318473676e-02
1.371507855571272785e+03	2.260919860926900726e-01	1.479360136909632917e-01	2.720967668926804750e-01	1.623727818325228223e-01	7.593681861936292521e-02	3.207282826587283531e-02	8.349280460568697659e-02
1.373926740678100487e+03	2.258155691497233386e-01	1.477590820452940878e-01	2.722880998627202898e-01	1.624852749278290209e-01	7.597910222329545826e-02	3.210383630665267912e-02	8.356903548426453110e-02
1.376345625784927961e+03	2.255399482391167443e-01	1.475826267709839101e-01	2.724788606058702323e-01	1.625974610121624087e-01	7.602126416935919839e-02	3.213478004026681240e-02	8.364505916202009950e-02
1.378764510891755890e+03	2.252651210860685815e-01	1.474066465562228201e-01	2.726690507761803661e-01	1.627093410242370641e-01	7.606330487127481443e-02	3.216565953426987756e-02	8.372087615152587481e-02
1.381183395998583137e+03	2.249910854223242940e-01	1.472311400928533465e-01	2.728586720227915152e-01	1.628209158991074379e-01	7.610522474116351854e-02	3.219647485672594983e-02	8.379648696481338532e-02
1.383602281105411066e+03	2.247178389861570202e-01	1.470561060763600214e-01	2.730477259899523612e-01	1.629321865681898074e-01	7.614702418955422714e-02	3.222722607620244484e-02	8.387189211336359973e-02
1.386021166212238768e+03	2.244453795223482484e-01	1.468815432058592219e-01	2.732362143170364299e-01	1.630431539592835932e-01	7.618870362539066632e-02	3.225791326176415119e-02	8.394709210809717104e-02
1.388440051319066470e+03	2.241737047821684148e-01	1.467074501840889555e-01	2.734241386385592998e-01	1.631538189965924257e-01	7.623026345603838017e-02	3.228853648296731854e-02	8.402208745936476375e-02
1.390858936425893944e+03	2.239028125233576139e-01	1.465338257173984526e-01	2.736115005841950332e-01	1.632641826007451558e-01	7.627170408729186390e-02	3.231909580985371788e-02	8.409687867693770025e-02
1.393277821532721646e+03	2.236327005101065302e-01	1.463606685157380904e-01	2.737983017787933293e-01	1.633742456888165606e-01	7.631302592338147506e-02	3.234959131294483370e-02	8.417146626999866266e-02
1.395696706639549120e+03	2.233633665130370927e-01	1.461879772926492627e-01	2.739845438423960666e-01	1.634840091743479662e-01	7.635422936698044172e-02	3.238002306323605611e-02	8.424585074713258903e-02
1.398115591746377049e+03	2.230948083091835732e-01	1.460157507652540820e-01	2.741702283902539006e-01	1.635934739673676197e-01	7.639531481921177369e-02	3.241039113219092160e-02	8.432003261631768054e-02
1.400534476853204296e+03	2.228270236819734906e-01	1.458439876542453051e-01	2.743553570328425284e-01	1.637026409744108957e-01	7.643628267965520140e-02	3.244069559173543005e-02	8.439401238491664459e-02
1.402953361960032225e+03	2.225600104212087371e-01	1.456726866838764511e-01	2.745399313758795645e-01	1.638115110985404466e-01	7.647713334635392046e-02	3.247093651425239647e-02	8.446779055966804894e-02
1.405372247066859927e+03	2.222937663230465377e-01	1.455018465819514772e-01	2.747239530203404168e-01	1.639200852393660202e-01	7.651786721582151674e-02	3.250111397257580970e-02	8.454136764667781467e-02
1.407791132173687402e+03	2.220282891899807154e-01	1.453314660798149804e-01	2.749074235624748841e-01	1.640283642930641661e-01	7.655848468304871091e-02	3.253122803998530210e-02	8.461474415141087557e-02
1.410210017280515103e+03	2.217635768308229283e-01	1.451615439123419837e-01	2.750903445938230885e-01	1.641363491523978868e-01	7.659898614151007534e-02	3.256127879020062621e-02	8.468792057868297640e-02
1.412628902387342805e+03	2.214996270606839346e-01	1.449920788179282494e-01	2.752727177012317394e-01	1.642440407067360109e-01	7.663937198317082033e-02	3.259126629737616604e-02	8.476089743265265153e-02
1.415047787494170507e+03	2.212364377009549132e-01	1.448230695384800648e-01	2.754545444668700105e-01	1.643514398420722888e-01	7.667964259849341380e-02	3.262119063609554559e-02	8.483367521681331458e-02
1.417466672600997981e+03	2.209740065792889785e-01	1.446545148194045838e-01	2.756358264682454706e-01	1.644585474410446557e-01	7.671979837644422873e-02	3.265105188136620956e-02	8.490625443398547301e-02
1.419885557707825683e+03	2.207123315295825561e-01	1.444864134095997510e-01	2.758165652782199051e-01	1.645653643829540491e-01	7.675983970450019067e-02	3.268085010861410122e-02	8.497863558630910918e-02
1.422304442814653157e+03	2.204514103919568979e-01	1.443187640614446154e-01	2.759967624650250806e-01	1.646718915437831166e-01	7.679976696865534191e-02	3.271058539367838885e-02	8.505081917523622803e-02
1.424723327921481086e+03	2.201912410127397635e-01	1.441515655307893662e-01	2.761764195922785659e-01	1.647781297962149782e-01	7.683958055342736404e-02	3.274025781280619218e-02	8.512280570152351566e-02
1.427142213028308333e+03	2.199318212444469900e-01	1.439848165769457289e-01	2.763555382189990528e-01	1.648840800096514625e-01	7.687928084186411437e-02	3.276986744264738516e-02	8.519459566522505356e-02
1.429561098135136262e+03	2.196731489457642295e-01	1.438185159626770571e-01	2.765341198996221217e-01	1.649897430502315354e-01	7.691886821555006526e-02	3.279941436024941953e-02	8.526618956568535190e-02
1.431979983241963964e+03	2.194152219815287963e-01	1.436526624541886177e-01	2.767121661840156732e-01	1.650951197808494531e-01	7.695834305461278502e-02	3.282889864305222477e-02	8.533758790153232743e-02
1.434398868348791666e+03	2.191580382227113211e-01	1.434872548211180154e-01	2.768896786174949720e-01	1.652002110611726637e-01	7.699770573772934945e-02	3.285832036888311491e-02	8.540879117067048942e-02
1.436817753455619140e+03	2.189015955463978202e-01	1.433222918365253951e-01	2.770666587408383563e-01	1.653050177476597105e-01	7.703695664213267014e-02	3.288767961595174399e-02	8.547979987027429227e-02
1.439236638562446842e+03	2.186458918357714887e-01	1.431577722768838379e-01	2.772431080903021705e-01	1.654095406935779111e-01	7.707609614361793371e-02	3.291697646284513779e-02	8.555061449678155738e-02
1.441655523669274316e+03	2.183909249800947971e-01	1.429936949220697029e-01	2.774190281976360861e-01	1.655137807490209279e-01	7.711512461654877748e-02	3.294621098852271168e-02	8.562123554588704777e-02
1.444074408776102018e+03	2.181366928746915901e-01	1.428300585553531898e-01	2.775944205900980899e-01	1.656177387609261142e-01	7.715404243386370098e-02	3.297538327231137184e-02	8.569166351253611202e-02
1.446493293882929493e+03	2.178831934209290444e-01	1.426668619633885970e-01	2.777692867904693053e-01	1.657214155730918625e-01	7.719284996708222768e-02	3.300449339390063713e-02	8.576189889091852259e-02
1.448912178989757422e+03	2.176304245262000170e-01	1.425041039362049122e-01	2.779436283170691468e-01	1.658248120261947012e-01	7.723154758631117778e-02	3.303354143333780968e-02	8.583194217446243890e-02
1.451331064096585123e+03	2.173783841039051423e-01	1.423417832671963201e-01	2.781174466837701420e-01	1.659279289578062533e-01	7.727013566025081603e-02	3.306252747102318007e-02	8.590179385582841221e-02
1.453749949203412370e+03	2.171270700734351800e-01	1.421798987531125158e-01	2.782907434000125857e-01	1.660307672024101400e-01	7.730861455620102740e-02	3.309145158770528117e-02	8.597145442690354300e-02
1.456168834310240300e+03	2.168764803601533897e-01	1.420184491940496840e-01	2.784635199708191955e-01	1.661333275914186614e-01	7.734698464006742324e-02	3.312031386447616965e-02	8.604092437879577726e-02
1.458587719417068001e+03	2.166266128953778791e-01	1.418574333934406184e-01	2.786357778968099885e-01	1.662356109531893389e-01	7.738524627636743369e-02	3.314911438276673533e-02	8.611020420182832757e-02
1.461006604523895703e+03	2.163774656163640897e-01	1.416968501580455897e-01	2.788075186742166589e-01	1.663376181130414022e-01	7.742339982823635836e-02	3.317785322434207984e-02	8.617929438553413590e-02
1.463425489630723177e+03	2.161290364662873387e-01	1.415366982979429644e-01	2.789787437948970661e-01	1.664393498932721094e-01	7.746144565743344479e-02	3.320653047129694391e-02	8.624819541865050287e-02
1.465844374737550879e+03	2.158813233942253051e-01	1.413769766265197958e-01	2.791494547463496678e-01	1.665408071131728451e-01	7.749938412434784207e-02	3.323514620605109993e-02	8.631690778911381423e-02
1.468263259844378354e+03	2.156343243551407385e-01	1.412176839604625811e-01	2.793196530117278975e-01	1.666419905890453301e-01	7.753721558800455438e-02	3.326370051134486944e-02	8.638543198405440604e-02
1.470682144951206283e+03	2.153880373098641110e-01	1.410588191197479635e-01	2.794893400698544861e-01	1.667429011342174139e-01	7.757494040607043617e-02	3.329219347023461284e-02	8.645376848979144380e-02
1.473101030058033530e+03	2.151424602250762708e-01	1.409003809276334340e-01	2.796585173952355063e-01	1.668435395590588954e-01	7.761255893486004864e-02	3.332062516608828850e-02	8.652191779182802356e-02
1.475519915164861459e+03	2.148975910732914274e-01	1.407423682106481722e-01	2.798271864580748614e-01	1.669439066709971775e-01	7.765007152934155776e-02	3.334899568258105351e-02	8.658988037484628697e-02
1.477938800271689161e+03	2.146534278328398049e-01	1.405847797985838032e-01	2.799953487242879402e-01	1.670440032745328651e-01	7.768747854314257684e-02	3.337730510369089909e-02	8.665765672270270281e-02
1.480357685378516862e+03	2.144099684878506551e-01	1.404276145244852392e-01	2.801630056555158288e-01	1.671438301712551699e-01	7.772478032855602292e-02	3.340555351369428605e-02	8.672524731842339019e-02
1.482776570485344337e+03	2.141672110282351327e-01	1.402708712246415468e-01	2.803301587091394653e-01	1.672433881598572036e-01	7.776197723654583449e-02	3.343374099716184961e-02	8.679265264419960824e-02
