1.001418434226643626e+03	2.792585624517016640e-01	1.815651250358656932e-01	2.349447503794731551e-01	1.408475221018203882e-01	6.774259454539567626e-02	2.655488636418942144e-02	6.908655912133079835e-02
1.002869765290740247e+03	2.790003630842513571e-01	1.814047110163358179e-01	2.351260595043689616e-01	1.409514135474652929e-01	6.778284482184543380e-02	2.657969432703639542e-02	6.915491369847349967e-02
1.004321096354836754e+03	2.787426099219455500e-01	1.812445580386640442e-01	2.353070458552695143e-01	1.410551204166433648e-01	6.782302003997583983e-02	2.660447968012956757e-02	6.922316604714889854e-02
1.005772427418933376e+03	2.784853021929599159e-01	1.810846656695551948e-01	2.354877100095773557e-01	1.411586431358953786e-01	6.786312036435832029e-02	2.662924239354384423e-02	6.929131623388677663e-02
1.007223758483029997e+03	2.782284391268461943e-01	1.809250334764460344e-01	2.356680525434889373e-01	1.412619821301829282e-01	6.790314595914399842e-02	2.665398243768416636e-02	6.935936432598455159e-02
1.008675089547126618e+03	2.779720199545295256e-01	1.807656610275039932e-01	2.358480740319983671e-01	1.413651378228973909e-01	6.794309698806492992e-02	2.667869978328364644e-02	6.942731039149890870e-02
1.010126420611223239e+03	2.777160439083057319e-01	1.806065478916258349e-01	2.360277750489015725e-01	1.414681106358689766e-01	6.798297361443546294e-02	2.670339440140176782e-02	6.949515449923740484e-02
1.011577751675319632e+03	2.774605102218385411e-01	1.804476936384364072e-01	2.362071561668001307e-01	1.415709009893754700e-01	6.802277600115340384e-02	2.672806626342256325e-02	6.956289671875030833e-02
1.013029082739416367e+03	2.772054181301567555e-01	1.802890978382871989e-01	2.363862179571051547e-01	1.416735093021512515e-01	6.806250431070134943e-02	2.675271534105281082e-02	6.963053712032235554e-02
1.014480413803512761e+03	2.769507668696516989e-01	1.801307600622552019e-01	2.365649609900412620e-01	1.417759359913958461e-01	6.810215870514794989e-02	2.677734160632024712e-02	6.969807577496468787e-02
1.015931744867609382e+03	2.766965556780745517e-01	1.799726798821416063e-01	2.367433858346503217e-01	1.418781814727827773e-01	6.814173934614914385e-02	2.680194503157176666e-02	6.976551275440674715e-02
1.017383075931706003e+03	2.764427837945334088e-01	1.798148568704703854e-01	2.369214930587954793e-01	1.419802461604680877e-01	6.818124639494942130e-02	2.682652558947164895e-02	6.983284813108837918e-02
1.018834406995802851e+03	2.761894504594910593e-01	1.796572906004872128e-01	2.370992832291647923e-01	1.420821304670990548e-01	6.822068001238304480e-02	2.685108325299980642e-02	6.990008197815188173e-02
1.020285738059899245e+03	2.759365549147616559e-01	1.794999806461579361e-01	2.372767569112751995e-01	1.421838348038226008e-01	6.826004035887532628e-02	2.687561799545001157e-02	6.996721436943416361e-02
1.021737069123995752e+03	2.756840964035085495e-01	1.793429265821674390e-01	2.374539146694761571e-01	1.422853595802937854e-01	6.829932759444384827e-02	2.690012979042815527e-02	7.003424537945897310e-02
1.023188400188092373e+03	2.754320741702414588e-01	1.791861279839183363e-01	2.376307570669534408e-01	1.423867052046842441e-01	6.833854187869969898e-02	2.692461861185051208e-02	7.010117508342918191e-02
1.024639731252188767e+03	2.751804874608137497e-01	1.790295844275297532e-01	2.378072846657330042e-01	1.424878720836904589e-01	6.837768337084872139e-02	2.694908443394199854e-02	7.016800355721915239e-02
1.026091062316285615e+03	2.749293355224198820e-01	1.788732954898359928e-01	2.379834980266844757e-01	1.425888606225421407e-01	6.841675222969270664e-02	2.697352723123446622e-02	7.023473087736716025e-02
1.027542393380382237e+03	2.746786176035926896e-01	1.787172607483852038e-01	2.381593977095251002e-01	1.426896712250103338e-01	6.845574861363062924e-02	2.699794697856498435e-02	7.030135712106784507e-02
1.028993724444478858e+03	2.744283329542008820e-01	1.785614797814382426e-01	2.383349842728232082e-01	1.427903042934157429e-01	6.849467268065986825e-02	2.702234365107413633e-02	7.036788236616481340e-02
1.030445055508575479e+03	2.741784808254459915e-01	1.784059521679673133e-01	2.385102582740019628e-01	1.428907602286366707e-01	6.853352458837741468e-02	2.704671722420433355e-02	7.043430669114315867e-02
1.031896386572671872e+03	2.739290604698603748e-01	1.782506774876547184e-01	2.386852202693430514e-01	1.429910394301172616e-01	6.857230449398103722e-02	2.707106767369811887e-02	7.050063017512223085e-02
1.033347717636768493e+03	2.736800711413041598e-01	1.780956553208917215e-01	2.388598708139901827e-01	1.430911422958752732e-01	6.861101255427058676e-02	2.709539497559650123e-02	7.056685289784832282e-02
1.034799048700865114e+03	2.734315120949626920e-01	1.779408852487771309e-01	2.390342104619527785e-01	1.431910692225102921e-01	6.864964892564910659e-02	2.711969910623728691e-02	7.063297493968744012e-02
1.036250379764961508e+03	2.731833825873440924e-01	1.777863668531160790e-01	2.392082397661094983e-01	1.432908206052114219e-01	6.868821376412403978e-02	2.714398004225342109e-02	7.069899638161816768e-02
1.037701710829058356e+03	2.729356818762764814e-01	1.776320997164188564e-01	2.393819592782118477e-01	1.433903968377651661e-01	6.872670722530846432e-02	2.716823776057133641e-02	7.076491730522466161e-02
1.039153041893154750e+03	2.726884092209053145e-01	1.774780834218994963e-01	2.395553695488876478e-01	1.434897983125632548e-01	6.876512946442220331e-02	2.719247223840931191e-02	7.083073779268950210e-02
1.040604372957251599e+03	2.724415638816912177e-01	1.773243175534748028e-01	2.397284711276445879e-01	1.435890254206103334e-01	6.880348063629307398e-02	2.721668345327585281e-02	7.089645792678682390e-02
1.042055704021347992e+03	2.721951451204069894e-01	1.771708016957628251e-01	2.399012645628737506e-01	1.436880785515317338e-01	6.884176089535802567e-02	2.724087138296804947e-02	7.096207779087533585e-02
1.043507035085444613e+03	2.719491522001352135e-01	1.770175354340817464e-01	2.400737504018530810e-01	1.437869580935808855e-01	6.887997039566433333e-02	2.726503600556997448e-02	7.102759746889152070e-02
1.044958366149541234e+03	2.717035843852655397e-01	1.768645183544486632e-01	2.402459291907508288e-01	1.438856644336470869e-01	6.891810929087077708e-02	2.728917729945107284e-02	7.109301704534284894e-02
1.046409697213637855e+03	2.714584409414922406e-01	1.767117500435782806e-01	2.404178014746289616e-01	1.439841979572629438e-01	6.895617773424876640e-02	2.731329524326456606e-02	7.115833660530103411e-02
1.047861028277734476e+03	2.712137211358118805e-01	1.765592300888817467e-01	2.405893677974466072e-01	1.440825590486118635e-01	6.899417587868351964e-02	2.733738981594586309e-02	7.122355623439534378e-02
1.049312359341831097e+03	2.709694242365202066e-01	1.764069580784654312e-01	2.407606287020636060e-01	1.441807480905354100e-01	6.903210387667521597e-02	2.736146099671097481e-02	7.128867601880597982e-02
1.050763690405927491e+03	2.707255495132102618e-01	1.762549336011296486e-01	2.409315847302436198e-01	1.442787654645407147e-01	6.906996188034016104e-02	2.738550876505493892e-02	7.135369604525751419e-02
1.052215021470024112e+03	2.704820962367692760e-01	1.761031562463674094e-01	2.411022364226577674e-01	1.443766115508077486e-01	6.910775004141193889e-02	2.740953310075027252e-02	7.141861640101243580e-02
1.053666352534120733e+03	2.702390636793766676e-01	1.759516256043631988e-01	2.412725843188877894e-01	1.444742867281966492e-01	6.914546851124253601e-02	2.743353398384539704e-02	7.148343717386462792e-02
1.055117683598217127e+03	2.699964511145009904e-01	1.758003412659919495e-01	2.414426289574294615e-01	1.445717913742549099e-01	6.918311744080346548e-02	2.745751139466309429e-02	7.154815845213299830e-02
1.056569014662313975e+03	2.697542578168978800e-01	1.756493028228175157e-01	2.416123708756958977e-01	1.446691258652245127e-01	6.922069698068693266e-02	2.748146531379896604e-02	7.161278032465513699e-02
1.058020345726410369e+03	2.695124830626072776e-01	1.754985098670916732e-01	2.417818106100208808e-01	1.447662905760490060e-01	6.925820728110700097e-02	2.750539572211991440e-02	7.167730288078102974e-02
1.059471676790506763e+03	2.692711261289510993e-01	1.753479619917529264e-01	2.419509486956620825e-01	1.448632858803806656e-01	6.929564849190060494e-02	2.752930260076260141e-02	7.174172621036682684e-02
1.060923007854603611e+03	2.690301862945305711e-01	1.751976587904250648e-01	2.421197856668043935e-01	1.449601121505874612e-01	6.933302076252879920e-02	2.755318593113194672e-02	7.180605040376863979e-02
1.062374338918700232e+03	2.687896628392237308e-01	1.750475998574162473e-01	2.422883220565630602e-01	1.450567697577600235e-01	6.937032424207778547e-02	2.757704569489960109e-02	7.187027555183644889e-02
1.063825669982796853e+03	2.685495550441832635e-01	1.748977847877175862e-01	2.424565583969870153e-01	1.451532590717185545e-01	6.940755907926007828e-02	2.760088187400246834e-02	7.193440174590796932e-02
1.065277001046893474e+03	2.683098621918336701e-01	1.747482131770020097e-01	2.426244952190620419e-01	1.452495804610197117e-01	6.944472542241560131e-02	2.762469445064118928e-02	7.199842907780269752e-02
1.066728332110990095e+03	2.680705835658689362e-01	1.745988846216231238e-01	2.427921330527140209e-01	1.453457342929634355e-01	6.948182341951279761e-02	2.764848340727868101e-02	7.206235763981586051e-02
1.068179663175086489e+03	2.678317184512500893e-01	1.744497987186140187e-01	2.429594724268120676e-01	1.454417209335997219e-01	6.951885321814972596e-02	2.767224872663864854e-02	7.212618752471255945e-02
1.069630994239183110e+03	2.675932661342027563e-01	1.743009550656859641e-01	2.431265138691716399e-01	1.455375407477353666e-01	6.955581496555515719e-02	2.769599039170410684e-02	7.218991882572184382e-02
1.071082325303279504e+03	2.673552259022146660e-01	1.741523532612272163e-01	2.432932579065577583e-01	1.456331940989406271e-01	6.959270880858968444e-02	2.771970838571593751e-02	7.225355163653093826e-02
1.072533656367376352e+03	2.671175970440332059e-01	1.740039929043019629e-01	2.434597050646880867e-01	1.457286813495559108e-01	6.962953489374680560e-02	2.774340269217142121e-02	7.231708605127944167e-02
1.073984987431472746e+03	2.668803788496629803e-01	1.738558735946490741e-01	2.436258558682361242e-01	1.458240028606982985e-01	6.966629336715401966e-02	2.776707329482279787e-02	7.238052216455358179e-02
1.075436318495569594e+03	2.666435706103634229e-01	1.737079949326809092e-01	2.437917108408341471e-01	1.459191589922681775e-01	6.970298437457389529e-02	2.779072017767581990e-02	7.244386007138060857e-02
1.076887649559666215e+03	2.664071716186462990e-01	1.735603565194820674e-01	2.439572705050764290e-01	1.460141501029556532e-01	6.973960806140512558e-02	2.781434332498833664e-02	7.250709986722310429e-02
1.078338980623762609e+03	2.661711811682733186e-01	1.734129579568083612e-01	2.441225353825223210e-01	1.461089765502470439e-01	6.977616457268369377e-02	2.783794272126885461e-02	7.257024164797341859e-02
1.079790311687859230e+03	2.659355985542538603e-01	1.732657988470855115e-01	2.442875059936991389e-01	1.462036386904313756e-01	6.981265405308385852e-02	2.786151835127512189e-02	7.263328550994815891e-02
1.081241642751955851e+03	2.657004230728423622e-01	1.731188787934080098e-01	2.444521828581052714e-01	1.462981368786066549e-01	6.984907664691922258e-02	2.788507020001273692e-02	7.269623154988270886e-02
1.082692973816052472e+03	2.654656540215360461e-01	1.729721973995379525e-01	2.446165664942132889e-01	1.463924714686863082e-01	6.988543249814387071e-02	2.790859825273372952e-02	7.275907986492578805e-02
1.084144304880149093e+03	2.652312906990724750e-01	1.728257542699039029e-01	2.447806574194727747e-01	1.464866428134052601e-01	6.992172175035338277e-02	2.793210249493516262e-02	7.282183055263403981e-02
1.085595635944245487e+03	2.649973324054269996e-01	1.726795490095996699e-01	2.449444561503134610e-01	1.465806512643264281e-01	6.995794454678587460e-02	2.795558291235776191e-02	7.288448371096671596e-02
1.087046967008342108e+03	2.647637784418108708e-01	1.725335812243831701e-01	2.451079632021481158e-01	1.466744971718467738e-01	6.999410103032306651e-02	2.797903949098452803e-02	7.294703943828037551e-02
1.088498298072438729e+03	2.645306281106682977e-01	1.723878505206752898e-01	2.452711790893755128e-01	1.467681808852035197e-01	7.003019134349135200e-02	2.800247221703936265e-02	7.300949783332363885e-02
1.089949629136535123e+03	2.642978807156742826e-01	1.722423565055586081e-01	2.454341043253833454e-01	1.468617027524802277e-01	7.006621562846281071e-02	2.802588107698569461e-02	7.307185899523196970e-02
1.091400960200631971e+03	2.640655355617324562e-01	1.720970987867764534e-01	2.455967394225511691e-01	1.469550631206128777e-01	7.010217402705630485e-02	2.804926605752514068e-02	7.313412302352252647e-02
1.092852291264728365e+03	2.638335919549724129e-01	1.719520769727315157e-01	2.457590848922533711e-01	1.470482623353959739e-01	7.013806668073845063e-02	2.807262714559613861e-02	7.319629001808904134e-02
1.094303622328825213e+03	2.636020492027476014e-01	1.718072906724848470e-01	2.459211412448619738e-01	1.471413007414884566e-01	7.017389373062465907e-02	2.809596432837260793e-02	7.325836007919675485e-02
1.095754953392921607e+03	2.633709066136328270e-01	1.716627394957546682e-01	2.460829089897495214e-01	1.472341786824196697e-01	7.020965531748024624e-02	2.811927759326261073e-02	7.332033330747737832e-02
1.097206284457018228e+03	2.631401634974219195e-01	1.715184230529152587e-01	2.462443886352919942e-01	1.473268965005953279e-01	7.024535158172137694e-02	2.814256692790701939e-02	7.338220980392409776e-02
1.098657615521114849e+03	2.629098191651254024e-01	1.713743409549957075e-01	2.464055806888715838e-01	1.474194545373033183e-01	7.028098266341613332e-02	2.816583232017819821e-02	7.344398966988666122e-02
1.100108946585211470e+03	2.626798729289682721e-01	1.712304928136788584e-01	2.465664856568796914e-01	1.475118531327196114e-01	7.031654870228548626e-02	2.818907375817867808e-02	7.350567300706650764e-02
1.101560277649308091e+03	2.624503241023875000e-01	1.710868782413001443e-01	2.467271040447194808e-01	1.476040926259139519e-01	7.035204983770437792e-02	2.821229123023986582e-02	7.356725991751179861e-02
1.103011608713404712e+03	2.622211720000298674e-01	1.709434968508463937e-01	2.468874363568089314e-01	1.476961733548557698e-01	7.038748620870269312e-02	2.823548472492070846e-02	7.362875050361271378e-02
1.104462939777501106e+03	2.619924159377495787e-01	1.708003482559548869e-01	2.470474830965835034e-01	1.477880956564197046e-01	7.042285795396628634e-02	2.825865423100642343e-02	7.369014486809664921e-02
1.105914270841597499e+03	2.617640552326060410e-01	1.706574320709119408e-01	2.472072447664989681e-01	1.478798598663914610e-01	7.045816521183796699e-02	2.828179973750720444e-02	7.375144311402349884e-02
1.107365601905694348e+03	2.615360892028613105e-01	1.705147479106520203e-01	2.473667218680341007e-01	1.479714663194733049e-01	7.049340812031851256e-02	2.830492123365692392e-02	7.381264534478088057e-02
1.108816932969790741e+03	2.613085171679780938e-01	1.703722953907564064e-01	2.475259149016935389e-01	1.480629153492898087e-01	7.052858681706770938e-02	2.832801870891187360e-02	7.387375166407961213e-02
1.110268264033887590e+03	2.610813384486172506e-01	1.702300741274523077e-01	2.476848243670104199e-01	1.481542072883932637e-01	7.056370143940525475e-02	2.835109215294948429e-02	7.393476217594900646e-02
1.111719595097984211e+03	2.608545523666356836e-01	1.700880837376115284e-01	2.478434507625491834e-01	1.482453424682693144e-01	7.059875212431185321e-02	2.837414155566706300e-02	7.399567698473236144e-02
1.113170926162080832e+03	2.606281582450838408e-01	1.699463238387493857e-01	2.480017945859082085e-01	1.483363212193424818e-01	7.063373900843011866e-02	2.839716690718054395e-02	7.405649619508240800e-02
1.114622257226177226e+03	2.604021554082037171e-01	1.698047940490235996e-01	2.481598563337225338e-01	1.484271438709814095e-01	7.066866222806560127e-02	2.842016819782323261e-02	7.411721991195679982e-02
1.116073588290273847e+03	2.601765431814262453e-01	1.696634939872333492e-01	2.483176365016666332e-01	1.485178107515045809e-01	7.070352191918778673e-02	2.844314541814455324e-02	7.417784824061371407e-02
1.117524919354370468e+03	2.599513208913694640e-01	1.695224232728178293e-01	2.484751355844569409e-01	1.486083221881853988e-01	7.073831821743103987e-02	2.846609855890883112e-02	7.423838128660738278e-02
1.118976250418467089e+03	2.597264878658357423e-01	1.693815815258554180e-01	2.486323540758544892e-01	1.486986785072577921e-01	7.077305125809560393e-02	2.848902761109403659e-02	7.429881915578377682e-02
1.120427581482563710e+03	2.595020434338100035e-01	1.692409683670624276e-01	2.487892924686677387e-01	1.487888800339213224e-01	7.080772117614853034e-02	2.851193256589058464e-02	7.435916195427622055e-02
1.121878912546660331e+03	2.592779869254571157e-01	1.691005834177920497e-01	2.489459512547551046e-01	1.488789270923465691e-01	7.084232810622471954e-02	2.853481341470009980e-02	7.441940978850114519e-02
1.123330243610756725e+03	2.590543176721199492e-01	1.689604263000331619e-01	2.491023309250275097e-01	1.489688200056803746e-01	7.087687218262779532e-02	2.855767014913420526e-02	7.447956276515375895e-02
1.124781574674853118e+03	2.588310350063168230e-01	1.688204966364093840e-01	2.492584319694511052e-01	1.490585590960509521e-01	7.091135353933117336e-02	2.858050276101333290e-02	7.453962099120391149e-02
1.126232905738949967e+03	2.586081382617396729e-01	1.686807940501778014e-01	2.494142548770497403e-01	1.491481446845731584e-01	7.094577230997893558e-02	2.860331124236549852e-02	7.459958457389184727e-02
1.127684236803046360e+03	2.583856267732514977e-01	1.685413181652279380e-01	2.495698001359076545e-01	1.492375770913535460e-01	7.098012862788677380e-02	2.862609558542512575e-02	7.465945362072409774e-02
1.129135567867143209e+03	2.581634998768841949e-01	1.684020686060807293e-01	2.497250682331719762e-01	1.493268566354955251e-01	7.101442262604301670e-02	2.864885578263185600e-02	7.471922823946931802e-02
1.130586898931239830e+03	2.579417569098364504e-01	1.682630449978873011e-01	2.498800596550553310e-01	1.494159836351043880e-01	7.104865443710954576e-02	2.867159182662936540e-02	7.477890853815424843e-02
1.132038229995336451e+03	2.577203972104714080e-01	1.681242469664279704e-01	2.500347748868383402e-01	1.495049584072923599e-01	7.108282419342271119e-02	2.869430371026418514e-02	7.483849462505966221e-02
1.133489561059432845e+03	2.574994201183146147e-01	1.679856741381111074e-01	2.501892144128721185e-01	1.495937812681835954e-01	7.111693202699430338e-02	2.871699142658453233e-02	7.489798660871641034e-02
1.134940892123529466e+03	2.572788249740515787e-01	1.678473261399719973e-01	2.503433787165808555e-01	1.496824525329192024e-01	7.115097806951251047e-02	2.873965496883916157e-02	7.495738459790135533e-02
1.136392223187626087e+03	2.570586111195258816e-01	1.677092025996719249e-01	2.504972682804643136e-01	1.497709725156620153e-01	7.118496245234277875e-02	2.876229433047618189e-02	7.501668870163354097e-02
1.137843554251722708e+03	2.568387778977368474e-01	1.675713031454969526e-01	2.506508835861003259e-01	1.498593415296016196e-01	7.121888530652882576e-02	2.878490950514192917e-02	7.507589902917019553e-02
1.139294885315819101e+03	2.566193246528372107e-01	1.674336274063567831e-01	2.508042251141471835e-01	1.499475598869592363e-01	7.125274676279352848e-02	2.880750048667980734e-02	7.513501569000292923e-02
1.140746216379915950e+03	2.564002507301311184e-01	1.672961750117838431e-01	2.509572933443462439e-01	1.500356278989924963e-01	7.128654695153985310e-02	2.883006726912915735e-02	7.519403879385391787e-02
1.142197547444012343e+03	2.561815554760720759e-01	1.671589455919320344e-01	2.511100887555243188e-01	1.501235458760002417e-01	7.132028600285179876e-02	2.885260984672411572e-02	7.525296845067204476e-02
1.143648878508108737e+03	2.559632382382603932e-01	1.670219387775758457e-01	2.512626118255961161e-01	1.502113141273273000e-01	7.135396404649528568e-02	2.887512821389249043e-02	7.531180477062919543e-02
1.145100209572205586e+03	2.557452983654414091e-01	1.668851542001091037e-01	2.514148630315666266e-01	1.502989329613693137e-01	7.138758121191908501e-02	2.889762236525463684e-02	7.537054786411648277e-02
1.146551540636302207e+03	2.555277352075029929e-01	1.667485914915440015e-01	2.515668428495336784e-01	1.503864026855773195e-01	7.142113762825574863e-02	2.892009229562234052e-02	7.542919784174055564e-02
1.148002871700398828e+03	2.553105481154737122e-01	1.666122502845099607e-01	2.517185517546902673e-01	1.504737236064625228e-01	7.145463342432248344e-02	2.894253799999771046e-02	7.548775481432000445e-02
1.149454202764495449e+03	2.550937364415204467e-01	1.664761302122526876e-01	2.518699902213269448e-01	1.505608960296008214e-01	7.148806872862206729e-02	2.896495947357207237e-02	7.554621889288160030e-02
1.150905533828591842e+03	2.548772995389463891e-01	1.663402309086329522e-01	2.520211587228341488e-01	1.506479202596376077e-01	7.152144366934377884e-02	2.898735671172486886e-02	7.560459018865682557e-02
1.152356864892688463e+03	2.546612367621889361e-01	1.662045520081256167e-01	2.521720577317047574e-01	1.507347966002921535e-01	7.155475837436428566e-02	2.900972971002256304e-02	7.566286881307821011e-02
1.153808195956785084e+03	2.544455474668172457e-01	1.660690931458186081e-01	2.523226877195363649e-01	1.508215253543623291e-01	7.158801297124856022e-02	2.903207846421755264e-02	7.572105487777584798e-02
1.155259527020881706e+03	2.542302310095305717e-01	1.659338539574116977e-01	2.524730491570335578e-01	1.509081068237290713e-01	7.162120758725068481e-02	2.905440297024709795e-02	7.577914849457391411e-02
1.156710858084978327e+03	2.540152867481557108e-01	1.657988340792156123e-01	2.526231425140103015e-01	1.509945413093607691e-01	7.165434234931486457e-02	2.907670322423222195e-02	7.583714977548709768e-02
1.158162189149074720e+03	2.538007140416451701e-01	1.656640331481508965e-01	2.527729682593924387e-01	1.510808291113179269e-01	7.168741738407623243e-02	2.909897922247665566e-02	7.589505883271727149e-02
1.159613520213171569e+03	2.535865122500750024e-01	1.655294508017469135e-01	2.529225268612197430e-01	1.511669705287574661e-01	7.172043281786177893e-02	2.912123096146577647e-02	7.595287577864998085e-02
1.161064851277267962e+03	2.533726807346425303e-01	1.653950866781407070e-01	2.530718187866484170e-01	1.512529658599371940e-01	7.175338877669122650e-02	2.914345843786551871e-02	7.601060072585116845e-02
1.162516182341364356e+03	2.531592188576644586e-01	1.652609404160760298e-01	2.532208445019532017e-01	1.513388154022200782e-01	7.178628538627788991e-02	2.916566164852136753e-02	7.606823378706370486e-02
1.163967513405461204e+03	2.529461259825747099e-01	1.651270116549022615e-01	2.533696044725299856e-01	1.514245194520787985e-01	7.181912277202955053e-02	2.918784059045725562e-02	7.612577507520416897e-02
1.165418844469557826e+03	2.527334014739221479e-01	1.649933000345734091e-01	2.535180991628978586e-01	1.515100783050999100e-01	7.185190105904935842e-02	2.920999526087455361e-02	7.618322470335950336e-02
1.166870175533654447e+03	2.525210446973688572e-01	1.648598051956469968e-01	2.536663290367012769e-01	1.515954922559881179e-01	7.188462037213667888e-02	2.923212565715102226e-02	7.624058278478378081e-02
1.168321506597751068e+03	2.523090550196876447e-01	1.647265267792830390e-01	2.538142945567127273e-01	1.516807615985706070e-01	7.191728083578795283e-02	2.925423177683977513e-02	7.629784943289492916e-02
1.169772837661847461e+03	2.520974318087603749e-01	1.645934644272430691e-01	2.539619961848343932e-01	1.517658866258013439e-01	7.194988257419761279e-02	2.927631361766825507e-02	7.635502476127156712e-02
1.171224168725944082e+03	2.518861744335754715e-01	1.644606177818890291e-01	2.541094343821009849e-01	1.518508676297651572e-01	7.198242571125886002e-02	2.929837117753720729e-02	7.641210888364984022e-02
1.172675499790040703e+03	2.516752822642262521e-01	1.643279864861822426e-01	2.542566096086815719e-01	1.519357049016819838e-01	7.201491037056460820e-02	2.932040445451965585e-02	7.646910191392022882e-02
1.174126830854137097e+03	2.514647546719084303e-01	1.641955701836824433e-01	2.544035223238819143e-01	1.520203987319110606e-01	7.204733667540827446e-02	2.934241344685991140e-02	7.652600396612448119e-02
1.175578161918233945e+03	2.512545910289186168e-01	1.640633685185466095e-01	2.545501729861467388e-01	1.521049494099549482e-01	7.207970474878466760e-02	2.936439815297253383e-02	7.658281515445246324e-02
1.177029492982330339e+03	2.510447907086515995e-01	1.639313811355281036e-01	2.546965620530618479e-01	1.521893572244636950e-01	7.211201471339083457e-02	2.938635857144135388e-02	7.663953559323917475e-02
1.178480824046426733e+03	2.508353530855987890e-01	1.637996076799755063e-01	2.548426899813563407e-01	1.522736224632389723e-01	7.214426669162690708e-02	2.940829470101846699e-02	7.669616539696164081e-02
1.179932155110523581e+03	2.506262775353459982e-01	1.636680477978317005e-01	2.549885572269048328e-01	1.523577454132380160e-01	7.217646080559690647e-02	2.943020654062323063e-02	7.675270468023594195e-02
1.181383486174620202e+03	2.504175634345714996e-01	1.635367011356327338e-01	2.551341642447294000e-01	1.524417263605777340e-01	7.220859717710965964e-02	2.945209408934130677e-02	7.680915355781425813e-02
1.182834817238716823e+03	2.502092101610437491e-01	1.634055673405069575e-01	2.552795114890021866e-01	1.525255655905386198e-01	7.224067592767956236e-02	2.947395734642364179e-02	7.686551214458188508e-02
1.184286148302813444e+03	2.500012170936196654e-01	1.632746460601738892e-01	2.554245994130470709e-01	1.526092633875687221e-01	7.227269717852746744e-02	2.949579631128551940e-02	7.692178055555429217e-02
1.185737479366910065e+03	2.497935836122423259e-01	1.631439369429431019e-01	2.555694284693421081e-01	1.526928200352877796e-01	7.230466105058148962e-02	2.951761098350557180e-02	7.697795890587424972e-02
1.187188810431006686e+03	2.495863090979390797e-01	1.630134396377134753e-01	2.557139991095215836e-01	1.527762358164908851e-01	7.233656766447783826e-02	2.953940136282481171e-02	7.703404731080897017e-02
1.188640141495103080e+03	2.493793929328195769e-01	1.628831537939718910e-01	2.558583117843780674e-01	1.528595110131525103e-01	7.236841714056166386e-02	2.956116744914568176e-02	7.709004588574720762e-02
1.190091472559199701e+03	2.491728345000736311e-01	1.627530790617925105e-01	2.560023669438646898e-01	1.529426459064303634e-01	7.240020959888784913e-02	2.958290924253109341e-02	7.714595474619652393e-02
1.191542803623296322e+03	2.489666331839692770e-01	1.626232150918355268e-01	2.561461650370968623e-01	1.530256407766691640e-01	7.243194515922189713e-02	2.960462674320346252e-02	7.720177400778040211e-02
1.192994134687392716e+03	2.487607883698507993e-01	1.624935615353462759e-01	2.562897065123549423e-01	1.531084959034046400e-01	7.246362394104063909e-02	2.962631995154377251e-02	7.725750378623552628e-02
1.194445465751489564e+03	2.485552994441366237e-01	1.623641180441542098e-01	2.564329918170857869e-01	1.531912115653671080e-01	7.249524606353315026e-02	2.964798886809063769e-02	7.731314419740906163e-02
1.195896796815585958e+03	2.483501657943174290e-01	1.622348842706718419e-01	2.565760213979052518e-01	1.532737880404853315e-01	7.252681164560152716e-02	2.966963349353934562e-02	7.736869535725586500e-02
1.197348127879682352e+03	2.481453868089540937e-01	1.621058598678938312e-01	2.567187957005998555e-01	1.533562256058903228e-01	7.255832080586169242e-02	2.969125382874093430e-02	7.742415738183584806e-02
1.198799458943779200e+03	2.479409618776757529e-01	1.619770444893959549e-01	2.568613151701291675e-01	1.534385245379189799e-01	7.258977366264418585e-02	2.971284987470126926e-02	7.747953038731127118e-02
1.200250790007875821e+03	2.477368903911777720e-01	1.618484377893340542e-01	2.570035802506276945e-01	1.535206851121178329e-01	7.262117033399502486e-02	2.973442163258011028e-02	7.753481448994413439e-02
1.201702121071972442e+03	2.475331717412197763e-01	1.617200394224430904e-01	2.571455913854068243e-01	1.536027076032467353e-01	7.265251093767646773e-02	2.975596910369019549e-02	7.759000980609352671e-02
1.203153452136069063e+03	2.473298053206237079e-01	1.615918490440361732e-01	2.572873490169571009e-01	1.536845922852824453e-01	7.268379559116780464e-02	2.977749228949632884e-02	7.764511645221304492e-02
1.204604783200165684e+03	2.471267905232717998e-01	1.614638663100035065e-01	2.574288535869501127e-01	1.537663394314222887e-01	7.271502441166617647e-02	2.979899119161446772e-02	7.770013454484825388e-02
1.206056114264262078e+03	2.469241267441046883e-01	1.613360908768114443e-01	2.575701055362404346e-01	1.538479493140877952e-01	7.274619751608737972e-02	2.982046581181081388e-02	7.775506420063403590e-02
1.207507445328358699e+03	2.467218133791193313e-01	1.612085224015014917e-01	2.577111053048678491e-01	1.539294222049281957e-01	7.277731502106662975e-02	2.984191615200092185e-02	7.780990553629217599e-02
1.208958776392455093e+03	2.465198498253672599e-01	1.610811605416893333e-01	2.578518533320590111e-01	1.540107583748241138e-01	7.280837704295933799e-02	2.986334221424878990e-02	7.786465866862879448e-02
1.210410107456551941e+03	2.463182354809523855e-01	1.609540049555637509e-01	2.579923500562297245e-01	1.540919580938909517e-01	7.283938369784194455e-02	2.988474400076598231e-02	7.791932371453189066e-02
1.211861438520648335e+03	2.461169697450292237e-01	1.608270553018858184e-01	2.581325959149868288e-01	1.541730216314825264e-01	7.287033510151266769e-02	2.990612151391073073e-02	7.797390079096890025e-02
1.213312769584745183e+03	2.459160520178008402e-01	1.607003112399877365e-01	2.582725913451300870e-01	1.542539492561944836e-01	7.290123136949230864e-02	2.992747475618706340e-02	7.802839001498423910e-02
1.214764100648841804e+03	2.457154817005170189e-01	1.605737724297720270e-01	2.584123367826541839e-01	1.543347412358677673e-01	7.293207261702500110e-02	2.994880373024391002e-02	7.808279150369688837e-02
1.216215431712937971e+03	2.455152581954722080e-01	1.604474385317103957e-01	2.585518326627507801e-01	1.544153978375921721e-01	7.296285895907902996e-02	2.997010843887424475e-02	7.813710537429800762e-02
1.217666762777034819e+03	2.453153809060037438e-01	1.603213092068428436e-01	2.586910794198102881e-01	1.544959193277096188e-01	7.299359051034753909e-02	2.999138888501420505e-02	7.819133174404860331e-02
1.219118093841131440e+03	2.451158492364897412e-01	1.601953841167767512e-01	2.588300774874239263e-01	1.545763059718176236e-01	7.302426738524939176e-02	3.001264507174223467e-02	7.824547073027715571e-02
1.220569424905228061e+03	2.449166625923473450e-01	1.600696629236857127e-01	2.589688272983857731e-01	1.546565580347726843e-01	7.305488969792985066e-02	3.003387700227822324e-02	7.829952245037728742e-02
1.222020755969324682e+03	2.447178203800306207e-01	1.599441452903087868e-01	2.591073292846942655e-01	1.547366757806936388e-01	7.308545756226139667e-02	3.005508467998263544e-02	7.835348702180547353e-02
1.223472087033421303e+03	2.445193220070288886e-01	1.598188308799493584e-01	2.592455838775545862e-01	1.548166594729650514e-01	7.311597109184446441e-02	3.007626810835568182e-02	7.840736456207875182e-02
1.224923418097517697e+03	2.443211668818645599e-01	1.596937193564743340e-01	2.593835915073802734e-01	1.548965093742404320e-01	7.314643040000821939e-02	3.009742729103645834e-02	7.846115518877253003e-02
1.226374749161614318e+03	2.441233544140913869e-01	1.595688103843130312e-01	2.595213526037951635e-01	1.549762257464455673e-01	7.317683559981133512e-02	3.011856223180209638e-02	7.851485901951825441e-02
1.227826080225710712e+03	2.439258840142925489e-01	1.594441036284562629e-01	2.596588675956353343e-01	1.550558088507818788e-01	7.320718680404270096e-02	3.013967293456693702e-02	7.856847617200123091e-02
1.229277411289807560e+03	2.437287550940787084e-01	1.593195987544554215e-01	2.597961369109509366e-01	1.551352589477295041e-01	7.323748412522219919e-02	3.016075940338169142e-02	7.862200676395844634e-02
1.230728742353903954e+03	2.435319670660861247e-01	1.591952954284214516e-01	2.599331609770081930e-01	1.552145762970507104e-01	7.326772767560148225e-02	3.018182164243261162e-02	7.867545091317637573e-02
1.232180073418000802e+03	2.433355193439748210e-01	1.590711933170239623e-01	2.600699402202908961e-01	1.552937611577930310e-01	7.329791756716466655e-02	3.020285965604065787e-02	7.872880873748884512e-02
1.233631404482097196e+03	2.431394113424266423e-01	1.589472920874902273e-01	2.602064750665027959e-01	1.553728137882925131e-01	7.332805391162912356e-02	3.022387344866068332e-02	7.878208035477488047e-02
1.235082735546193817e+03	2.429436424771433956e-01	1.588235914076042143e-01	2.603427659405691541e-01	1.554517344461767148e-01	7.335813682044621531e-02	3.024486302488061523e-02	7.883526588295659832e-02
1.236534066610290438e+03	2.427482121648449342e-01	1.587000909457057241e-01	2.604788132666383538e-01	1.555305233883680915e-01	7.338816640480200215e-02	3.026582838942063619e-02	7.888836543999711015e-02
1.237985397674387059e+03	2.425531198232674102e-01	1.585767903706893078e-01	2.606146174680842864e-01	1.556091808710869939e-01	7.341814277561801994e-02	3.028676954713237918e-02	7.894137914389846855e-02
1.239436728738483680e+03	2.423583648711612470e-01	1.584536893520034073e-01	2.607501789675076842e-01	1.556877071498548037e-01	7.344806604355200164e-02	3.030768650299811920e-02	7.899430711269959937e-02
1.240888059802580301e+03	2.421639467282893365e-01	1.583307875596494385e-01	2.608854981867381184e-01	1.557661024794970983e-01	7.347793631899861289e-02	3.032857926212997185e-02	7.904714946447422008e-02
1.242339390866676695e+03	2.419698648154252896e-01	1.582080846641807093e-01	2.610205755468359978e-01	1.558443671141466202e-01	7.350775371209015974e-02	3.034944782976910574e-02	7.909990631732892463e-02
1.243790721930773088e+03	2.417761185543513824e-01	1.580855803367016699e-01	2.611554114680940675e-01	1.559225013072463861e-01	7.353751833269736582e-02	3.037029221128493064e-02	7.915257778940111566e-02
1.245242052994869937e+03	2.415827073678568082e-01	1.579632742488667474e-01	2.612900063700392406e-01	1.560005053115527118e-01	7.356723029043005235e-02	3.039111241217431689e-02	7.920516399885701997e-02
1.246693384058966330e+03	2.413896306797359004e-01	1.578411660728796517e-01	2.614243606714345969e-01	1.560783793791382934e-01	7.359688969463788755e-02	3.041190843806081470e-02	7.925766506388978727e-02
1.248144715123063179e+03	2.411968879147861344e-01	1.577192554814921821e-01	2.615584747902810481e-01	1.561561237613951214e-01	7.362649665441110824e-02	3.043268029469385974e-02	7.931008110271750566e-02
1.249596046187159800e+03	2.410044784988064348e-01	1.575975421480035332e-01	2.616923491438190585e-01	1.562337387090374785e-01	7.365605127858122769e-02	3.045342798794801326e-02	7.936241223358127261e-02
1.251047377251256421e+03	2.408124018585952597e-01	1.574760257462591850e-01	2.618259841485304773e-01	1.563112244721049371e-01	7.368555367572174331e-02	3.047415152382217454e-02	7.941465857474330758e-02
1.252498708315352815e+03	2.406206574219486860e-01	1.573547059506500978e-01	2.619593802201402033e-01	1.563885812999653013e-01	7.371500395414888607e-02	3.049485090843881765e-02	7.946682024448509241e-02
1.253950039379449436e+03	2.404292446176587994e-01	1.572335824361116574e-01	2.620925377736181283e-01	1.564658094413175216e-01	7.374440222192228667e-02	3.051552614804321772e-02	7.951889736110547002e-02
1.255401370443546057e+03	2.402381628755117515e-01	1.571126548781227872e-01	2.622254572231806913e-01	1.565429091441945808e-01	7.377374858684573877e-02	3.053617724900269809e-02	7.957089004291882650e-02
1.256852701507642678e+03	2.400474116262858448e-01	1.569919229527051430e-01	2.623581389822927101e-01	1.566198806559664369e-01	7.380304315646785129e-02	3.055680421780586700e-02	7.962279840825323141e-02
1.258304032571739299e+03	2.398569903017498672e-01	1.568713863364220029e-01	2.624905834636691582e-01	1.566967242233427982e-01	7.383228603808278390e-02	3.057740706106186479e-02	7.967462257544863369e-02
1.259755363635835920e+03	2.396668983346612047e-01	1.567510447063774626e-01	2.626227910792766629e-01	1.567734400923760929e-01	7.386147733873096866e-02	3.059798578549961096e-02	7.972636266285505757e-02
1.261206694699932314e+03	2.394771351587640651e-01	1.566308977402154912e-01	2.627547622403355598e-01	1.568500285084642454e-01	7.389061716519976231e-02	3.061854039796706173e-02	7.977801878883084008e-02
1.262658025764028707e+03	2.392877002087876459e-01	1.565109451161189325e-01	2.628864973573213915e-01	1.569264897163535066e-01	7.391970562402416789e-02	3.063907090543046413e-02	7.982959107174086855e-02
1.264109356828125556e+03	2.390985929204443583e-01	1.563911865128087275e-01	2.630179968399665724e-01	1.570028239601412579e-01	7.394874282148755640e-02	3.065957731497361352e-02	7.988107962995484590e-02
1.265560687892221949e+03	2.389098127304279950e-01	1.562716216095429156e-01	2.631492610972622770e-01	1.570790314832788137e-01	7.397772886362230516e-02	3.068005963379712500e-02	7.993248458184552818e-02
1.267012018956318798e+03	2.387213590764120097e-01	1.561522500861156626e-01	2.632802905374598823e-01	1.571551125285741424e-01	7.400666385621056109e-02	3.070051786921769443e-02	7.998380604578703146e-02
1.268463350020415419e+03	2.385332313970476015e-01	1.560330716228564563e-01	2.634110855680729668e-01	1.572310673381946133e-01	7.403554790478483749e-02	3.072095202866737332e-02	8.003504414015315260e-02
1.269914681084511813e+03	2.383454291319621055e-01	1.559140859006291624e-01	2.635416465958785870e-01	1.573068961536698285e-01	7.406438111462877727e-02	3.074136211969285756e-02	8.008619898331567621e-02
1.271366012148608434e+03	2.381579517217570219e-01	1.557952926008310812e-01	2.636719740269193868e-01	1.573825992158942311e-01	7.409316359077783298e-02	3.076174814995473114e-02	8.013727069364272315e-02
1.272817343212705055e+03	2.379707986080063786e-01	1.556766914053920037e-01	2.638020682665049299e-01	1.574581767651298536e-01	7.412189543801990521e-02	3.078211012722678608e-02	8.018825938949711296e-02
1.274268674276801676e+03	2.377839692332549271e-01	1.555582819967734898e-01	2.639319297192135316e-01	1.575336290410089823e-01	7.415057676089605032e-02	3.080244805939529734e-02	8.023916518923469854e-02
1.275720005340898297e+03	2.375974630410163380e-01	1.554400640579677306e-01	2.640615587888938132e-01	1.576089562825368773e-01	7.417920766370116048e-02	3.082276195445829772e-02	8.028998821120281182e-02
1.277171336404994690e+03	2.374112794757713973e-01	1.553220372724967713e-01	2.641909558786663670e-01	1.576841587280943813e-01	7.420778825048462979e-02	3.084305182052488395e-02	8.034072857373859844e-02
1.278622667469091539e+03	2.372254179829663967e-01	1.552042013244115948e-01	2.643201213909254776e-01	1.577592366154404735e-01	7.423631862505103429e-02	3.086331766581452279e-02	8.039138639516749119e-02
1.280073998533187932e+03	2.370398780090112179e-01	1.550865558982911785e-01	2.644490557273407316e-01	1.578341901817151005e-01	7.426479889096079812e-02	3.088355949865632943e-02	8.044196179380164180e-02
1.281525329597284326e+03	2.368546590012776398e-01	1.549691006792417169e-01	2.645777592888584051e-01	1.579090196634415633e-01	7.429322915153085960e-02	3.090377732748839090e-02	8.049245488793833891e-02
1.282976660661381175e+03	2.366697604080976181e-01	1.548518353528955671e-01	2.647062324757035734e-01	1.579837252965292371e-01	7.432160950983536518e-02	3.092397116085706874e-02	8.054286579585848149e-02
1.284427991725477568e+03	2.364851816787614525e-01	1.547347596054104435e-01	2.648344756873812211e-01	1.580583073162760976e-01	7.434994006870628003e-02	3.094414100741630161e-02	8.059319463582508003e-02
1.285879322789574417e+03	2.363009222635161499e-01	1.546178731234685300e-01	2.649624893226781852e-01	1.581327659573712741e-01	7.437822093073412355e-02	3.096428687592692880e-02	8.064344152608174388e-02
1.287330653853671038e+03	2.361169816135635091e-01	1.545011755942754805e-01	2.650902737796645425e-01	1.582071014538975473e-01	7.440645219826856616e-02	3.098440877525600670e-02	8.069360658485118243e-02
1.288781984917767431e+03	2.359333591810587050e-01	1.543846667055597255e-01	2.652178294556953864e-01	1.582813140393340146e-01	7.443463397341912313e-02	3.100450671437612535e-02	8.074368993033373409e-02
1.290233315981864052e+03	2.357500544191082070e-01	1.542683461455713612e-01	2.653451567474123807e-01	1.583554039465584484e-01	7.446276635805579303e-02	3.102458070236473880e-02	8.079369168070592300e-02
