1.001418434226643626e+03	2.792185727333830192e-01	1.815987974586623366e-01	2.349510821112745229e-01	1.408384954632268538e-01	6.774118119755913325e-02	2.656041037471760374e-02	6.909146066095248062e-02
1.002869765290740247e+03	2.789601207212351608e-01	1.814386156925773541e-01	2.351324975631875758e-01	1.409422582947253422e-01	6.778143664091830500e-02	2.658528280446562780e-02	6.915978828266652889e-02
1.004321096354836754e+03	2.787021157410582428e-01	1.812786942591929906e-01	2.353135905371435688e-01	1.410458369556678304e-01	6.782161726562381532e-02	2.661013266541653252e-02	6.922801257567291755e-02
1.005772427418933376e+03	2.784445570188813224e-01	1.811190327269492084e-01	2.354943616064950895e-01	1.411492318762015696e-01	6.786172323480468838e-02	2.663495992643077903e-02	6.929613361001332739e-02
1.007223758483029997e+03	2.781874437821180712e-01	1.809596306650131659e-01	2.356748113434063985e-01	1.412524434848052846e-01	6.790175471117544659e-02	2.665976455671012491e-02	6.936415145654740988e-02
1.008675089547126618e+03	2.779307752595642778e-01	1.808004876432780517e-01	2.358549403188575644e-01	1.413554722082994985e-01	6.794171185703749838e-02	2.668454652579569514e-02	6.943206618694330867e-02
1.010126420611223239e+03	2.776745506813946829e-01	1.806416032323616694e-01	2.360347491026483224e-01	1.414583184718565811e-01	6.798159483428027616e-02	2.670930580356606701e-02	6.949987787366831982e-02
1.011577751675319632e+03	2.774187692791602600e-01	1.804829770036052994e-01	2.362142382634020155e-01	1.415609826990109621e-01	6.802140380438259637e-02	2.673404236023533068e-02	6.956758658997948264e-02
1.013029082739416367e+03	2.771634302857856058e-01	1.803246085290721723e-01	2.363934083685695908e-01	1.416634653116690401e-01	6.806113892841386681e-02	2.675875616635119830e-02	6.963519240991444814e-02
1.014480413803512761e+03	2.769085329355659986e-01	1.801664973815464421e-01	2.365722599844336249e-01	1.417657667301192304e-01	6.810080036703529405e-02	2.678344719279309935e-02	6.970269540828229193e-02
1.015931744867609382e+03	2.766540764641646777e-01	1.800086431345317151e-01	2.367507936761119591e-01	1.418678873730417345e-01	6.814038828050120178e-02	2.680811541077030014e-02	6.977009566065447976e-02
1.017383075931706003e+03	2.764000601086100128e-01	1.798510453622498562e-01	2.369290100075617522e-01	1.419698276575183660e-01	6.817990282866018270e-02	2.683276079182002338e-02	6.983739324335584697e-02
1.018834406995802851e+03	2.761464831072928949e-01	1.796937036396398790e-01	2.371069095415833106e-01	1.420715879990423203e-01	6.821934417095638914e-02	2.685738330780559902e-02	6.990458823345574446e-02
1.020285738059899245e+03	2.758933446999638495e-01	1.795366175423562805e-01	2.372844928398238074e-01	1.421731688115276948e-01	6.825871246643074042e-02	2.688198293091458371e-02	6.997168070875921242e-02
1.021737069123995752e+03	2.756406441277304831e-01	1.793797866467680968e-01	2.374617604627811962e-01	1.422745705073191758e-01	6.829800787372215798e-02	2.690655963365694639e-02	7.003867074779819568e-02
1.023188400188092373e+03	2.753883806330543749e-01	1.792232105299575717e-01	2.376387129698079304e-01	1.423757934972014472e-01	6.833723055106873112e-02	2.693111338886321204e-02	7.010555842982292563e-02
1.024639731252188767e+03	2.751365534597488560e-01	1.790668887697188516e-01	2.378153509191147374e-01	1.424768381904087389e-01	6.837638065630900763e-02	2.695564416968264723e-02	7.017234383479331594e-02
1.026091062316285615e+03	2.748851618529760121e-01	1.789108209445567921e-01	2.379916748677743388e-01	1.425777049946340413e-01	6.841545834688315952e-02	2.698015194958144902e-02	7.023902704337046943e-02
1.027542393380382237e+03	2.746342050592437967e-01	1.787550066336854870e-01	2.381676853717251130e-01	1.426783943160385426e-01	6.845446377983417652e-02	2.700463670234093394e-02	7.030560813690822641e-02
1.028993724444478858e+03	2.743836823264038105e-01	1.785994454170273527e-01	2.383433829857748432e-01	1.427789065592606488e-01	6.849339711180910117e-02	2.702909840205574427e-02	7.037208719744481034e-02
1.030445055508575479e+03	2.741335929036481378e-01	1.784441368752116008e-01	2.385187682636043527e-01	1.428792421274253932e-01	6.853225849906016687e-02	2.705353702313207515e-02	7.043846430769457045e-02
1.031896386572671872e+03	2.738839360415069035e-01	1.782890805895731567e-01	2.386938417577712246e-01	1.429794014221532905e-01	6.857104809744604679e-02	2.707795254028589477e-02	7.050473955103975232e-02
1.033347717636768493e+03	2.736347109918456644e-01	1.781342761421512988e-01	2.388686040197132709e-01	1.430793848435694404e-01	6.860976606243301967e-02	2.710234492854117147e-02	7.057091301152237928e-02
1.034799048700865114e+03	2.733859170078625223e-01	1.779797231156884929e-01	2.390430555997523354e-01	1.431791927903124650e-01	6.864841254909614943e-02	2.712671416322813209e-02	7.063698477383617558e-02
1.036250379764961508e+03	2.731375533440855707e-01	1.778254210936291158e-01	2.392171970470976516e-01	1.432788256595433907e-01	6.868698771212046472e-02	2.715106021998150987e-02	7.070295492331857279e-02
1.037701710829058356e+03	2.728896192563702860e-01	1.776713696601182058e-01	2.393910289098495903e-01	1.433782838469544740e-01	6.872549170580212474e-02	2.717538307473880629e-02	7.076882354594281332e-02
1.039153041893154750e+03	2.726421140018967515e-01	1.775175684000002696e-01	2.395645517350030174e-01	1.434775677467779453e-01	6.876392468404959879e-02	2.719968270373858063e-02	7.083459072831009562e-02
1.040604372957251599e+03	2.723950368391671040e-01	1.773640168988180332e-01	2.397377660684510692e-01	1.435766777517946680e-01	6.880228680038483202e-02	2.722395908351871174e-02	7.090025655764181645e-02
1.042055704021347992e+03	2.721483870280029804e-01	1.772107147428111651e-01	2.399106724549883163e-01	1.436756142533427150e-01	6.884057820794436955e-02	2.724821219091470847e-02	7.096582112177185486e-02
1.043507035085444613e+03	2.719021638295427978e-01	1.770576615189151659e-01	2.400832714383145661e-01	1.437743776413260566e-01	6.887879905948057768e-02	2.727244200305799920e-02	7.103128450913891168e-02
1.044958366149541234e+03	2.716563665062390887e-01	1.769048568147600087e-01	2.402555635610381102e-01	1.438729683042228868e-01	6.891694950736275416e-02	2.729664849737425958e-02	7.109664680877898768e-02
1.046409697213637855e+03	2.714109943218558363e-01	1.767523002186689729e-01	2.404275493646791662e-01	1.439713866290942279e-01	6.895502970357827999e-02	2.732083165158171248e-02	7.116190811031787578e-02
1.047861028277734476e+03	2.711660465414661991e-01	1.765999913196574511e-01	2.405992293896734302e-01	1.440696330015920623e-01	6.899303979973377132e-02	2.734499144368948004e-02	7.122706850396368083e-02
1.049312359341831097e+03	2.709215224314495130e-01	1.764479297074316999e-01	2.407706041753754078e-01	1.441677078059678541e-01	6.903097994705620355e-02	2.736912785199590442e-02	7.129212808049951999e-02
1.050763690405927491e+03	2.706774212594888485e-01	1.762961149723876464e-01	2.409416742600617167e-01	1.442656114250806809e-01	6.906885029639406315e-02	2.739324085508690679e-02	7.135708693127622293e-02
1.052215021470024112e+03	2.704337422945686242e-01	1.761445467056097225e-01	2.411124401809345008e-01	1.443633442404054223e-01	6.910665099821844404e-02	2.741733043183433235e-02	7.142194514820504603e-02
1.053666352534120733e+03	2.701904848069717202e-01	1.759932244988695049e-01	2.412829024741248440e-01	1.444609066320408641e-01	6.914438220262425494e-02	2.744139656139435099e-02	7.148670282375056695e-02
1.055117683598217127e+03	2.699476480682771462e-01	1.758421479446246050e-01	2.414530616746959624e-01	1.445582989787177752e-01	6.918204405933126022e-02	2.746543922320577799e-02	7.155136005092355145e-02
1.056569014662313975e+03	2.697052313513573218e-01	1.756913166360175305e-01	2.416229183166465899e-01	1.446555216578069847e-01	6.921963671768521786e-02	2.748945839698850938e-02	7.161591692327391734e-02
1.058020345726410369e+03	2.694632339303755786e-01	1.755407301668743814e-01	2.417924729329142819e-01	1.447525750453271531e-01	6.925716032665903132e-02	2.751345406274188082e-02	7.168037353488379559e-02
1.059471676790506763e+03	2.692216550807836062e-01	1.753903881317037117e-01	2.419617260553785232e-01	1.448494595159528220e-01	6.929461503485380425e-02	2.753742620074308214e-02	7.174472998036057758e-02
1.060923007854603611e+03	2.689804940793190102e-01	1.752402901256953083e-01	2.421306782148641701e-01	1.449461754430220461e-01	6.933200099049999232e-02	2.756137479154557174e-02	7.180898635483007331e-02
1.062374338918700232e+03	2.687397502040025921e-01	1.750904357447189419e-01	2.422993299411446144e-01	1.450427231985443877e-01	6.936931834145848574e-02	2.758529981597748759e-02	7.187314275392975293e-02
1.063825669982796853e+03	2.684994227341359063e-01	1.749408245853232846e-01	2.424676817629448644e-01	1.451391031532084375e-01	6.940656723522171945e-02	2.760920125514007561e-02	7.193719927380202994e-02
1.065277001046893474e+03	2.682595109502988184e-01	1.747914562447346332e-01	2.426357342079449031e-01	1.452353156763895037e-01	6.944374781891474169e-02	2.763307909040613186e-02	7.200115601108757202e-02
1.066728332110990095e+03	2.680200141343468956e-01	1.746423303208557987e-01	2.428034878027829080e-01	1.453313611361572721e-01	6.948086023929633814e-02	2.765693330341843434e-02	7.206501306291870912e-02
1.068179663175086489e+03	2.677809315694089087e-01	1.744934464122648576e-01	2.429709430730580544e-01	1.454272398992833004e-01	6.951790464276008663e-02	2.768076387608821645e-02	7.212877052691288315e-02
1.069630994239183110e+03	2.675422625398843346e-01	1.743448041182140140e-01	2.431381005433341236e-01	1.455229523312484841e-01	6.955488117533548120e-02	2.770457079059360575e-02	7.219242850116618093e-02
1.071082325303279504e+03	2.673040063314410242e-01	1.741964030386284612e-01	2.433049607371422784e-01	1.456184987962505228e-01	6.959178998268895910e-02	2.772835402937810778e-02	7.225598708424692262e-02
1.072533656367376352e+03	2.670661622310123717e-01	1.740482427741050220e-01	2.434715241769843108e-01	1.457138796572112482e-01	6.962863121012502488e-02	2.775211357514908300e-02	7.231944637518927799e-02
1.073984987431472746e+03	2.668287295267950388e-01	1.739003229259111494e-01	2.436377913843357224e-01	1.458090952757839787e-01	6.966540500258729118e-02	2.777584941087622716e-02	7.238280647348693808e-02
1.075436318495569594e+03	2.665917075082466225e-01	1.737526430959837331e-01	2.438037628796487499e-01	1.459041460123607636e-01	6.970211150465953354e-02	2.779956151979006904e-02	7.244606747908692579e-02
1.076887649559666215e+03	2.663550954660828807e-01	1.736052028869278785e-01	2.439694391823554187e-01	1.459990322260795725e-01	6.973875086056678663e-02	2.782324988538047508e-02	7.250922949238336468e-02
1.078338980623762609e+03	2.661188926922754550e-01	1.734580019020157404e-01	2.441348208108706508e-01	1.460937542748315110e-01	6.977532321417642680e-02	2.784691449139515412e-02	7.257229261421137279e-02
1.079790311687859230e+03	2.658830984800495956e-01	1.733110397451854690e-01	2.442999082825951518e-01	1.461883125152678709e-01	6.981182870899914350e-02	2.787055532183818282e-02	7.263525694584091474e-02
1.081241642751955851e+03	2.656477121238811634e-01	1.731643160210399324e-01	2.444647021139186027e-01	1.462827073028072355e-01	6.984826748819006337e-02	2.789417236096852423e-02	7.269812258897086210e-02
1.082692973816052472e+03	2.654127329194946872e-01	1.730178303348454960e-01	2.446292028202223801e-01	1.463769389916424191e-01	6.988463969454977720e-02	2.791776559329857757e-02	7.276088964572298423e-02
1.084144304880149093e+03	2.651781601638608099e-01	1.728715822925310508e-01	2.447934109158828031e-01	1.464710079347474880e-01	6.992094547052538078e-02	2.794133500359269676e-02	7.282355821863603640e-02
1.085595635944245487e+03	2.649439931551937910e-01	1.727255715006867920e-01	2.449573269142738818e-01	1.465649144838845619e-01	6.995718495821150185e-02	2.796488057686577142e-02	7.288612841065991721e-02
1.087046967008342108e+03	2.647102311929490637e-01	1.725797975665629425e-01	2.451209513277704533e-01	1.466586589896108073e-01	6.999335829935135478e-02	2.798840229838174889e-02	7.294860032514982606e-02
1.088498298072438729e+03	2.644768735778209590e-01	1.724342600980687534e-01	2.452842846677507904e-01	1.467522418012850993e-01	7.002946563533780922e-02	2.801190015365223260e-02	7.301097406586058713e-02
1.089949629136535123e+03	2.642439196117400968e-01	1.722889587037712833e-01	2.454473274445998221e-01	1.468456632670747664e-01	7.006550710721433373e-02	2.803537412843503870e-02	7.307324973694084846e-02
1.091400960200631971e+03	2.640113685978711100e-01	1.721438929928943706e-01	2.456100801677118806e-01	1.469389237339624454e-01	7.010148285567609217e-02	2.805882420873278410e-02	7.313542744292751696e-02
1.092852291264728365e+03	2.637792198406103128e-01	1.719990625753172186e-01	2.457725433454935049e-01	1.470320235477526050e-01	7.013739302107095674e-02	2.808225038079147085e-02	7.319750728874009627e-02
1.094303622328825213e+03	2.635474726455830918e-01	1.718544670615735903e-01	2.459347174853665496e-01	1.471249630530781505e-01	7.017323774340047948e-02	2.810565263109908105e-02	7.325948937967523278e-02
1.095754953392921607e+03	2.633161263196417412e-01	1.717101060628504483e-01	2.460966030937706828e-01	1.472177425934070583e-01	7.020901716232097467e-02	2.812903094638418908e-02	7.332137382140112292e-02
1.097206284457018228e+03	2.630851801708629090e-01	1.715659791909868725e-01	2.462582006761664666e-01	1.473103625110487869e-01	7.024473141714450419e-02	2.815238531361456686e-02	7.338316071995214240e-02
1.098657615521114849e+03	2.628546335085453767e-01	1.714220860584729500e-01	2.464195107370381055e-01	1.474028231471607442e-01	7.028038064683984898e-02	2.817571571999580651e-02	7.344485018172340618e-02
1.100108946585211470e+03	2.626244856432076169e-01	1.712784262784486367e-01	2.465805337798961938e-01	1.474951248417548100e-01	7.031596499003354983e-02	2.819902215296993947e-02	7.350644231346549484e-02
1.101560277649308091e+03	2.623947358865853507e-01	1.711349994647026196e-01	2.467412703072805469e-01	1.475872679337036086e-01	7.035148458501089275e-02	2.822230460021408344e-02	7.356793722227905619e-02
1.103011608713404712e+03	2.621653835516294384e-01	1.709918052316712067e-01	2.469017208207629765e-01	1.476792527607468652e-01	7.038693956971694976e-02	2.824556304963907194e-02	7.362933501560968430e-02
1.104462939777501106e+03	2.619364279525032702e-01	1.708488431944371888e-01	2.470618858209500113e-01	1.477710796594975950e-01	7.042233008175750875e-02	2.826879748938810125e-02	7.369063580124261825e-02
1.105914270841597499e+03	2.617078684045804349e-01	1.707061129687286460e-01	2.472217658074855884e-01	1.478627489654484595e-01	7.045765625840008650e-02	2.829200790783540156e-02	7.375183968729764894e-02
1.107365601905694348e+03	2.614797042244426661e-01	1.705636141709180043e-01	2.473813612790539129e-01	1.479542610129779001e-01	7.049291823657495570e-02	2.831519429358488049e-02	7.381294678222399819e-02
1.108816932969790741e+03	2.612519347298771777e-01	1.704213464180207582e-01	2.475406727333820389e-01	1.480456161353562172e-01	7.052811615287606084e-02	2.833835663546880462e-02	7.387395719479530887e-02
1.110268264033887590e+03	2.610245592398745540e-01	1.702793093276944170e-01	2.476997006672425894e-01	1.481368146647517314e-01	7.056325014356204517e-02	2.836149492254647769e-02	7.393487103410457950e-02
1.111719595097984211e+03	2.607975770746263078e-01	1.701375025182373657e-01	2.478584455764565597e-01	1.482278569322368622e-01	7.059832034455718053e-02	2.838460914410291525e-02	7.399568840955922377e-02
1.113170926162080832e+03	2.605709875555225485e-01	1.699959256085878390e-01	2.480169079558957879e-01	1.483187432677940121e-01	7.063332689145243592e-02	2.840769928964754706e-02	7.405640943087618555e-02
1.114622257226177226e+03	2.603447900051499841e-01	1.698545782183227548e-01	2.481750882994857021e-01	1.484094740003216450e-01	7.066826991950633796e-02	2.843076534891291265e-02	7.411703420807704001e-02
1.116073588290273847e+03	2.601189837472892008e-01	1.697134599676564937e-01	2.483329871002079581e-01	1.485000494576402263e-01	7.070314956364598391e-02	2.845380731185335327e-02	7.417756285148320583e-02
1.117524919354370468e+03	2.598935681069124426e-01	1.695725704774399822e-01	2.484906048501031584e-01	1.485904699664979400e-01	7.073796595846801316e-02	2.847682516864373514e-02	7.423799547171112956e-02
1.118976250418467089e+03	2.596685424101816131e-01	1.694319093691595002e-01	2.486479420402732954e-01	1.486807358525767120e-01	7.077271923823955091e-02	2.849981890967818315e-02	7.429833217966755332e-02
1.120427581482563710e+03	2.594439059844456663e-01	1.692914762649355975e-01	2.488049991608844158e-01	1.487708474404978443e-01	7.080740953689915185e-02	2.852278852556877284e-02	7.435857308654485187e-02
1.121878912546660331e+03	2.592196581582386083e-01	1.691512707875220123e-01	2.489617767011692573e-01	1.488608050538279270e-01	7.084203698805781324e-02	2.854573400714428832e-02	7.441871830381636965e-02
1.123330243610756725e+03	2.589957982612770548e-01	1.690112925603045324e-01	2.491182751494297187e-01	1.489506090150843620e-01	7.087660172499982147e-02	2.856865534544895599e-02	7.447876794323184113e-02
1.124781574674853118e+03	2.587723256244577885e-01	1.688715412072999134e-01	2.492744949930395526e-01	1.490402596457412465e-01	7.091110388068382064e-02	2.859155253174118852e-02	7.453872211681281112e-02
1.126232905738949967e+03	2.585492395798558718e-01	1.687320163531548234e-01	2.494304367184467797e-01	1.491297572662347581e-01	7.094554358774363134e-02	2.861442555749233244e-02	7.459858093684809677e-02
1.127684236803046360e+03	2.583265394607222043e-01	1.685927176231447056e-01	2.495861008111762702e-01	1.492191021959690111e-01	7.097992097848929149e-02	2.863727441438543644e-02	7.465834451588937437e-02
1.129135567867143209e+03	2.581042246014812469e-01	1.684536446431728063e-01	2.497414877558322421e-01	1.493082947533213301e-01	7.101423618490791678e-02	2.866009909431400937e-02	7.471801296674669690e-02
1.130586898931239830e+03	2.578822943377288013e-01	1.683147970397688986e-01	2.498965980361008699e-01	1.493973352556480227e-01	7.104848933866468597e-02	2.868289958938080586e-02	7.477758640248410860e-02
1.132038229995336451e+03	2.576607480062297895e-01	1.681761744400883662e-01	2.500514321347526714e-01	1.494862240192896263e-01	7.108268057110375682e-02	2.870567589189658431e-02	7.483706493641531510e-02
1.133489561059432845e+03	2.574395849449161444e-01	1.680377764719110656e-01	2.502059905336449508e-01	1.495749613595764582e-01	7.111681001324916818e-02	2.872842799437890990e-02	7.489644868209936746e-02
1.134940892123529466e+03	2.572188044928843675e-01	1.678996027636401600e-01	2.503602737137244905e-01	1.496635475908340285e-01	7.115087779580576977e-02	2.875115588955094031e-02	7.495573775333640165e-02
1.136392223187626087e+03	2.569984059903932527e-01	1.677616529443012039e-01	2.505142821550296328e-01	1.497519830263882579e-01	7.118488404916020751e-02	2.877385957034022182e-02	7.501493226416337812e-02
1.137843554251722708e+03	2.567783887788619435e-01	1.676239266435409769e-01	2.506680163366931113e-01	1.498402679785709735e-01	7.121882890338174232e-02	2.879653902987749925e-02	7.507403232884994615e-02
1.139294885315819101e+03	2.565587522008674903e-01	1.674864234916264294e-01	2.508214767369441600e-01	1.499284027587250434e-01	7.125271248822319381e-02	2.881919426149551905e-02	7.513303806189423895e-02
1.140746216379915950e+03	2.563394956001429636e-01	1.673491431194436552e-01	2.509746638331111779e-01	1.500163876772096783e-01	7.128653493312189782e-02	2.884182525872785660e-02	7.519194957801877965e-02
1.142197547444012343e+03	2.561206183215747889e-01	1.672120851584967260e-01	2.511275781016241715e-01	1.501042230434055935e-01	7.132029636720056687e-02	2.886443201530772967e-02	7.525076699216645681e-02
1.143648878508108737e+03	2.559021197112009149e-01	1.670752492409066925e-01	2.512802200180166423e-01	1.501919091657202276e-01	7.135399691926821997e-02	2.888701452516683268e-02	7.530949041949644429e-02
1.145100209572205586e+03	2.556839991162084269e-01	1.669386349994105290e-01	2.514325900569286953e-01	1.502794463515928491e-01	7.138763671782102915e-02	2.890957278243417444e-02	7.536811997538017671e-02
1.146551540636302207e+03	2.554662558849316034e-01	1.668022420673600514e-01	2.515846886921089265e-01	1.503668349074996358e-01	7.142121589104329094e-02	2.893210678143491935e-02	7.542665577539749144e-02
1.148002871700398828e+03	2.552488893668493630e-01	1.666660700787208627e-01	2.517365163964169761e-01	1.504540751389587261e-01	7.145473456680827284e-02	2.895461651668922859e-02	7.548509793533261791e-02
1.149454202764495449e+03	2.550318989125833768e-01	1.665301186680712420e-01	2.518880736418256383e-01	1.505411673505352432e-01	7.148819287267914324e-02	2.897710198291112565e-02	7.554344657117033346e-02
1.150905533828591842e+03	2.548152838738957926e-01	1.663943874706012571e-01	2.520393608994234702e-01	1.506281118458463186e-01	7.152159093590981787e-02	2.899956317500734793e-02	7.560170179909211918e-02
1.152356864892688463e+03	2.545990436036871252e-01	1.662588761221114875e-01	2.521903786394171232e-01	1.507149089275660048e-01	7.155492888344586189e-02	2.902200008807622258e-02	7.565986373547232968e-02
1.153808195956785084e+03	2.543831774559940917e-01	1.661235842590121359e-01	2.523411273311335079e-01	1.508015588974301324e-01	7.158820684192535033e-02	2.904441271740652517e-02	7.571793249687444605e-02
1.155259527020881706e+03	2.541676847859873911e-01	1.659885115183219184e-01	2.524916074430220148e-01	1.508880620562413344e-01	7.162142493767981177e-02	2.906680105847636933e-02	7.577590820004734273e-02
1.156710858084978327e+03	2.539525649499696502e-01	1.658536575376670652e-01	2.526418194426569563e-01	1.509744187038737639e-01	7.165458329673506099e-02	2.908916510695207930e-02	7.583379096192154056e-02
1.158162189149074720e+03	2.537378173053732588e-01	1.657190219552801547e-01	2.527917637967400100e-01	1.510606291392779521e-01	7.168768204481204553e-02	2.911150485868709351e-02	7.589158089960559850e-02
1.159613520213171569e+03	2.535234412107580937e-01	1.655846044099992531e-01	2.529414409711021050e-01	1.511466936604856093e-01	7.172072130732774775e-02	2.913382030972085784e-02	7.594927813038244990e-02
1.161064851277267962e+03	2.533094360258095756e-01	1.654504045412667490e-01	2.530908514307059209e-01	1.512326125646142883e-01	7.175370120939607299e-02	2.915611145627771544e-02	7.600688277170580820e-02
1.162516182341364356e+03	2.530958011113365047e-01	1.653164219891282705e-01	2.532399956396481078e-01	1.513183861478721859e-01	7.178662187582869614e-02	2.917837829476582420e-02	7.606439494119658640e-02
1.163967513405461204e+03	2.528825358292688397e-01	1.651826563942317971e-01	2.533888740611614510e-01	1.514040147055627783e-01	7.181948343113583877e-02	2.920062082177607085e-02	7.612181475663941377e-02
1.165418844469557826e+03	2.526696395426556441e-01	1.650491073978265499e-01	2.535374871576171474e-01	1.514894985320894283e-01	7.185228599952730999e-02	2.922283903408098502e-02	7.617914233597912477e-02
1.166870175533654447e+03	2.524571116156630324e-01	1.649157746417618531e-01	2.536858353905270258e-01	1.515748379209601038e-01	7.188502970491320032e-02	2.924503292863366716e-02	7.623637779731726183e-02
1.168321506597751068e+03	2.522449514135719495e-01	1.647826577684863569e-01	2.538339192205458228e-01	1.516600331647918742e-01	7.191771467090478376e-02	2.926720250256671652e-02	7.629352125890870306e-02
1.169772837661847461e+03	2.520331583027761169e-01	1.646497564210467890e-01	2.539817391074731256e-01	1.517450845553154071e-01	7.195034102081540595e-02	2.928934775319116599e-02	7.635057283915823445e-02
1.171224168725944082e+03	2.518217316507799231e-01	1.645170702430869825e-01	2.541292955102559259e-01	1.518299923833796028e-01	7.198290887766127522e-02	2.931146867799542394e-02	7.640753265661717752e-02
1.172675499790040703e+03	2.516106708261963698e-01	1.643845988788469048e-01	2.542765888869903401e-01	1.519147569389560082e-01	7.201541836416232301e-02	2.933356527464422644e-02	7.646440082998010035e-02
1.174126830854137097e+03	2.513999751987450182e-01	1.642523419731615753e-01	2.544236196949242190e-01	1.519993785111432849e-01	7.204786960274309204e-02	2.935563754097758257e-02	7.652117747808147297e-02
1.175578161918233945e+03	2.511896441392497681e-01	1.641202991714600656e-01	2.545703883904590903e-01	1.520838573881715949e-01	7.208026271553348574e-02	2.937768547500974048e-02	7.657786271989244775e-02
1.177029492982330339e+03	2.509796770196369708e-01	1.639884701197645567e-01	2.547168954291521015e-01	1.521681938574071247e-01	7.211259782436967025e-02	2.939970907492813965e-02	7.663445667451757037e-02
1.178480824046426733e+03	2.507700732129331533e-01	1.638568544646891445e-01	2.548631412657186290e-01	1.522523882053562483e-01	7.214487505079490715e-02	2.942170833909238739e-02	7.669095946119162954e-02
1.179932155110523581e+03	2.505608320932630750e-01	1.637254518534390080e-01	2.550091263540339437e-01	1.523364407176699964e-01	7.217709451606031668e-02	2.944368326603323538e-02	7.674737119927646511e-02
1.181383486174620202e+03	2.503519530358476741e-01	1.635942619338092707e-01	2.551548511471355973e-01	1.524203516791483026e-01	7.220925634112582148e-02	2.946563385445155267e-02	7.680369200825780396e-02
1.182834817238716823e+03	2.501434354170019581e-01	1.634632843541840852e-01	2.553003160972254770e-01	1.525041213737442780e-01	7.224136064666082657e-02	2.948756010321731263e-02	7.685992200774216521e-02
1.184286148302813444e+03	2.499352786141329497e-01	1.633325187635355225e-01	2.554455216556716923e-01	1.525877500845684576e-01	7.227340755304514919e-02	2.950946201136858335e-02	7.691606131745376551e-02
1.185737479366910065e+03	2.497274820057376610e-01	1.632019648114226840e-01	2.555904682730109068e-01	1.526712380938930469e-01	7.230539718036980978e-02	2.953133957811052840e-02	7.697211005723152144e-02
1.187188810431006686e+03	2.495200449714010671e-01	1.630716221479905637e-01	2.557351563989503918e-01	1.527545856831559745e-01	7.233732964843782309e-02	2.955319280281439726e-02	7.702806834702596861e-02
1.188640141495103080e+03	2.493129668917940245e-01	1.629414904239691597e-01	2.558795864823698585e-01	1.528377931329652495e-01	7.236920507676503078e-02	2.957502168501653997e-02	7.708393630689630571e-02
1.190091472559199701e+03	2.491062471486713004e-01	1.628115692906724199e-01	2.560237589713238449e-01	1.529208607231028749e-01	7.240102358458092024e-02	2.959682622441741837e-02	7.713971405700735529e-02
1.191542803623296322e+03	2.488998851248694633e-01	1.626818583999972700e-01	2.561676743130435474e-01	1.530037887325290669e-01	7.243278529082938788e-02	2.961860642088061379e-02	7.719540171762677427e-02
1.192994134687392716e+03	2.486938802043048846e-01	1.625523574044225594e-01	2.563113329539388752e-01	1.530865774393863621e-01	7.246449031416959952e-02	2.964036227443185567e-02	7.725099940912200092e-02
1.194445465751489564e+03	2.484882317719718237e-01	1.624230659570081448e-01	2.564547353396004481e-01	1.531692271210034484e-01	7.249613877297676756e-02	2.966209378525805351e-02	7.730650725195743755e-02
1.195896796815585958e+03	2.482829392139401792e-01	1.622939837113938077e-01	2.565978819148017065e-01	1.532517380538994112e-01	7.252773078534294204e-02	2.968380095370630814e-02	7.736192536669166120e-02
1.197348127879682352e+03	2.480780019173538242e-01	1.621651103217983947e-01	2.567407731235009649e-01	1.533341105137875915e-01	7.255926646907782940e-02	2.970548378028297146e-02	7.741725387397448144e-02
1.198799458943779200e+03	2.478734192704282191e-01	1.620364454430186507e-01	2.568834094088431885e-01	1.534163447755796106e-01	7.259074594170955574e-02	2.972714226565268195e-02	7.747249289454422039e-02
1.200250790007875821e+03	2.476691906624486350e-01	1.619079887304283594e-01	2.570257912131621025e-01	1.534984411133891724e-01	7.262216932048547180e-02	2.974877641063740363e-02	7.752764254922495102e-02
1.201702121071972442e+03	2.474653154837681834e-01	1.617797398399773157e-01	2.571679189779823016e-01	1.535803998005361160e-01	7.265353672237295779e-02	2.977038621621547546e-02	7.758270295892373547e-02
1.203153452136069063e+03	2.472617931258057067e-01	1.616516984281903824e-01	2.573097931440209707e-01	1.536622211095502177e-01	7.268484826406017285e-02	2.979197168352068492e-02	7.763767424462794664e-02
1.204604783200165684e+03	2.470586229810438350e-01	1.615238641521664631e-01	2.574514141511901055e-01	1.537439053121750221e-01	7.271610406195690157e-02	2.981353281384131401e-02	7.769255652740249263e-02
1.206056114264262078e+03	2.468558044430269882e-01	1.613962366695775030e-01	2.575927824385982889e-01	1.538254526793716992e-01	7.274730423219524789e-02	2.983506960861921284e-02	7.774734992838724934e-02
1.207507445328358699e+03	2.466533369063595160e-01	1.612688156386675453e-01	2.577338984445525782e-01	1.539068634813227920e-01	7.277844889063046774e-02	2.985658206944886636e-02	7.780205456879442372e-02
1.208958776392455093e+03	2.464512197667035054e-01	1.611416007182517596e-01	2.578747626065607257e-01	1.539881379874360467e-01	7.280953815284176012e-02	2.987807019807648193e-02	7.785667056990586143e-02
1.210410107456551941e+03	2.462494524207770041e-01	1.610145915677154704e-01	2.580153753613327883e-01	1.540692764663481873e-01	7.284057213413298870e-02	2.989953399639904905e-02	7.791119805307060442e-02
1.211861438520648335e+03	2.460480342663519393e-01	1.608877878470131584e-01	2.581557371447834037e-01	1.541502791859284682e-01	7.287155094953347290e-02	2.992097346646344427e-02	7.796563713970218468e-02
1.213312769584745183e+03	2.458469647022522853e-01	1.607611892166675160e-01	2.582958483920331783e-01	1.542311464132825605e-01	7.290247471379876498e-02	2.994238861046551875e-02	7.801998795127622344e-02
1.214764100648841804e+03	2.456462431283519543e-01	1.606347953377683935e-01	2.584357095374111291e-01	1.543118784147561040e-01	7.293334354141144116e-02	2.996377943074917533e-02	7.807425060932780825e-02
1.216215431712937971e+03	2.454458689455729370e-01	1.605086058719720488e-01	2.585753210144561831e-01	1.543924754559383994e-01	7.296415754658178154e-02	2.998514592980549426e-02	7.812842523544913376e-02
1.217666762777034819e+03	2.452458415558833593e-01	1.603826204814998713e-01	2.587146832559193976e-01	1.544729378016659882e-01	7.299491684324860286e-02	3.000648811027182769e-02	7.818251195128693432e-02
1.219118093841131440e+03	2.450461603622955120e-01	1.602568388291376600e-01	2.588537966937654589e-01	1.545532657160262890e-01	7.302562154508000780e-02	3.002780597493089065e-02	7.823651087854012476e-02
1.220569424905228061e+03	2.448468247688638799e-01	1.601312605782345688e-01	2.589926617591749580e-01	1.546334594623611225e-01	7.305627176547409285e-02	3.004909952670991105e-02	7.829042213895737179e-02
1.222020755969324682e+03	2.446478341806833101e-01	1.600058853927021907e-01	2.591312788825459457e-01	1.547135193032703193e-01	7.308686761755975314e-02	3.007036876867971026e-02	7.834424585433472088e-02
1.223472087033421303e+03	2.444491880038869858e-01	1.598807129370135027e-01	2.592696484934958745e-01	1.547934455006151067e-01	7.311740921419741801e-02	3.009161370405385658e-02	7.839798214651322317e-02
1.224923418097517697e+03	2.442508856456445110e-01	1.597557428762020337e-01	2.594077710208634313e-01	1.548732383155218273e-01	7.314789666797978651e-02	3.011283433618777358e-02	7.845163113737660399e-02
1.226374749161614318e+03	2.440529265141600790e-01	1.596309748758608371e-01	2.595456468927104798e-01	1.549528980083851870e-01	7.317833009123254906e-02	3.013403066857787971e-02	7.850519294884894528e-02
1.227826080225710712e+03	2.438553100186704736e-01	1.595064086021415195e-01	2.596832765363237816e-01	1.550324248388718629e-01	7.320870959601517847e-02	3.015520270486072435e-02	7.855866770289240963e-02
1.229277411289807560e+03	2.436580355694431821e-01	1.593820437217533803e-01	2.598206603782167723e-01	1.551118190659238061e-01	7.323903529412167934e-02	3.017635044881212744e-02	7.861205552150499209e-02
1.230728742353903954e+03	2.434611025777744242e-01	1.592578799019623570e-01	2.599577988441316156e-01	1.551910809477617670e-01	7.326930729708124035e-02	3.019747390434631903e-02	7.866535652671821643e-02
1.232180073418000802e+03	2.432645104559874316e-01	1.591339168105901369e-01	2.600946923590405913e-01	1.552702107418885702e-01	7.329952571615906687e-02	3.021857307551509969e-02	7.871857084059498411e-02
1.233631404482097196e+03	2.430682586174303106e-01	1.590101541160132137e-01	2.602313413471484260e-01	1.553492087050925841e-01	7.332969066235706102e-02	3.023964796650699741e-02	7.877169858522731216e-02
1.235082735546193817e+03	2.428723464764743212e-01	1.588865914871618601e-01	2.603677462318936264e-01	1.554280750934509403e-01	7.335980224641455716e-02	3.026069858164640719e-02	7.882473988273423771e-02
1.236534066610290438e+03	2.426767734485119066e-01	1.587632285935193233e-01	2.605039074359504214e-01	1.555068101623329480e-01	7.338986057880902969e-02	3.028172492539277227e-02	7.887769485525958357e-02
1.237985397674387059e+03	2.424815389499548890e-01	1.586400651051207700e-01	2.606398253812305943e-01	1.555854141664032297e-01	7.341986576975685630e-02	3.030272700233974104e-02	7.893056362496984890e-02
1.239436728738483680e+03	2.422866423982324435e-01	1.585171006925524539e-01	2.607755004888852035e-01	1.556638873596252470e-01	7.344981792921405350e-02	3.032370481721434474e-02	7.898334631405214135e-02
1.240888059802580301e+03	2.420920832117893773e-01	1.583943350269506334e-01	2.609109331793064146e-01	1.557422299952642697e-01	7.347971716687694277e-02	3.034465837487617182e-02	7.903604304471206765e-02
1.242339390866676695e+03	2.418978608100841310e-01	1.582717677800007938e-01	2.610461238721290544e-01	1.558204423258908178e-01	7.350956359218291380e-02	3.036558768031654212e-02	7.908865393917163811e-02
1.243790721930773088e+03	2.417039746135870304e-01	1.581493986239365379e-01	2.611810729862326097e-01	1.558985246033837146e-01	7.353935731431109069e-02	3.038649273865769856e-02	7.914117911966721264e-02
1.245242052994869937e+03	2.415104240437783156e-01	1.580272272315388637e-01	2.613157809397427256e-01	1.559764770789333621e-01	7.356909844218310901e-02	3.040737355515199178e-02	7.919361870844754403e-02
1.246693384058966330e+03	2.413172085231462816e-01	1.579052532761350824e-01	2.614502481500331488e-01	1.560543000030448491e-01	7.359878708446376816e-02	3.042823013518108216e-02	7.924597282777172402e-02
1.248144715123063179e+03	2.411243274751855570e-01	1.577834764315978744e-01	2.615844750337272817e-01	1.561319936255411434e-01	7.362842334956179458e-02	3.044906248425511761e-02	7.929824159990718491e-02
1.249596046187159800e+03	2.409317803243950507e-01	1.576618963723445122e-01	2.617184620067000700e-01	1.562095581955661727e-01	7.365800734563049401e-02	3.046987060801194594e-02	7.935042514712777051e-02
1.251047377251256421e+03	2.407395664962763138e-01	1.575405127733357502e-01	2.618522094840794456e-01	1.562869939615879056e-01	7.368753918056848706e-02	3.049065451221632736e-02	7.940252359171179330e-02
1.252498708315352815e+03	2.405476854173314860e-01	1.574193253100750756e-01	2.619857178802483810e-01	1.563643011714014597e-01	7.371701896202041693e-02	3.051141420275913299e-02	7.945453705594007765e-02
1.253950039379449436e+03	2.403561365150616580e-01	1.572983336586075975e-01	2.621189876088462767e-01	1.564414800721322107e-01	7.374644679737761555e-02	3.053214968565655732e-02	7.950646566209410016e-02
1.255401370443546057e+03	2.401649192179648729e-01	1.571775374955193816e-01	2.622520190827709041e-01	1.565185309102387068e-01	7.377582279377883911e-02	3.055286096704933757e-02	7.955830953245404680e-02
1.256852701507642678e+03	2.399740329555343221e-01	1.570569364979362281e-01	2.623848127141798492e-01	1.565954539315158045e-01	7.380514705811092036e-02	3.057354805320198696e-02	7.961006878929699493e-02
1.258304032571739299e+03	2.397834771582566527e-01	1.569365303435230341e-01	2.625173689144922884e-01	1.566722493810975281e-01	7.383441969700953178e-02	3.059421095050200018e-02	7.966174355489508141e-02
1.259755363635835920e+03	2.395932512576099405e-01	1.568163187104827105e-01	2.626496880943907652e-01	1.567489175034602333e-01	7.386364081685979632e-02	3.061484966545909014e-02	7.971333395151360135e-02
1.261206694699932314e+03	2.394033546860620532e-01	1.566963012775552666e-01	2.627817706638226336e-01	1.568254585424254388e-01	7.389281052379699510e-02	3.063546420470443510e-02	7.976484010140931502e-02
1.262658025764028707e+03	2.392137868770687348e-01	1.565764777240170047e-01	2.629136170320018895e-01	1.569018727411627678e-01	7.392192892370730295e-02	3.065605457498989800e-02	7.981626212682854660e-02
1.264109356828125556e+03	2.390245472650717462e-01	1.564568477296795213e-01	2.630452276074107809e-01	1.569781603421928906e-01	7.395099612222841290e-02	3.067662078318726671e-02	7.986760015000547719e-02
1.265560687892221949e+03	2.388356352854971998e-01	1.563374109748888185e-01	2.631766027978014177e-01	1.570543215873904941e-01	7.398001222475027172e-02	3.069716283628751846e-02	7.991885429316036848e-02
1.267012018956318798e+03	2.386470503747536442e-01	1.562181671405244721e-01	2.633077430101973815e-01	1.571303567179869742e-01	7.400897733641567666e-02	3.071768074140004967e-02	7.997002467849786966e-02
1.268463350020415419e+03	2.384587919702302883e-01	1.560991159079985480e-01	2.634386486508955016e-01	1.572062659745734892e-01	7.403789156212102485e-02	3.073817450575192997e-02	8.002111142820525491e-02
1.269914681084511813e+03	2.382708595102952520e-01	1.559802569592548815e-01	2.635693201254672435e-01	1.572820495971037347e-01	7.406675500651697941e-02	3.075864413668717365e-02	8.007211466445074421e-02
1.271366012148608434e+03	2.380832524342937073e-01	1.558615899767681334e-01	2.636997578387605401e-01	1.573577078248967753e-01	7.409556777400910788e-02	3.077908964166598677e-02	8.012303450938182414e-02
1.272817343212705055e+03	2.378959701825461015e-01	1.557431146435427627e-01	2.638299621949010687e-01	1.574332408966397923e-01	7.412432996875860380e-02	3.079951102826403858e-02	8.017387108512361027e-02
1.274268674276801676e+03	2.377090121963464364e-01	1.556248306431123052e-01	2.639599335972944161e-01	1.575086490503909975e-01	7.415304169468288353e-02	3.081990830417172603e-02	8.022462451377715409e-02
1.275720005340898297e+03	2.375223779179603811e-01	1.555067376595384021e-01	2.640896724486272995e-01	1.575839325235822430e-01	7.418170305545632170e-02	3.084028147719344512e-02	8.027529491741786094e-02
1.277171336404994690e+03	2.373360667906236066e-01	1.553888353774098841e-01	2.642191791508689547e-01	1.576590915530219073e-01	7.421031415451086188e-02	3.086063055524685891e-02	8.032588241809385243e-02
1.278622667469091539e+03	2.371500782585399258e-01	1.552711234818418273e-01	2.643484541052733006e-01	1.577341263748975597e-01	7.423887509503672433e-02	3.088095554636220014e-02	8.037638713782441213e-02
1.280073998533187932e+03	2.369644117668795458e-01	1.551536016584748323e-01	2.644774977123799387e-01	1.578090372247787088e-01	7.426738597998304436e-02	3.090125645868152873e-02	8.042680919859836186e-02
1.281525329597284326e+03	2.367790667617773459e-01	1.550362695934739965e-01	2.646063103720160958e-01	1.578838243376194661e-01	7.429584691205849689e-02	3.092153330045802756e-02	8.047714872237250738e-02
1.282976660661381175e+03	2.365940426903310745e-01	1.549191269735280541e-01	2.647348924832981232e-01	1.579584879477612669e-01	7.432425799373203190e-02	3.094178608005529810e-02	8.052740583107015349e-02
1.284427991725477568e+03	2.364093390005995998e-01	1.548021734858484599e-01	2.648632444446327727e-01	1.580330282889355065e-01	7.435261932723342959e-02	3.096201480594665614e-02	8.057758064657952191e-02
1.285879322789574417e+03	2.362249551416011617e-01	1.546854088181685849e-01	2.649913666537193069e-01	1.581074455942662604e-01	7.438093101455402201e-02	3.098221948671441364e-02	8.062767329075228029e-02
1.287330653853671038e+03	2.360408905633116228e-01	1.545688326587427719e-01	2.651192595075504421e-01	1.581817400962726994e-01	7.440919315744730367e-02	3.100240013104918826e-02	8.067768388540200175e-02
1.288781984917767431e+03	2.358571447166626645e-01	1.544524446963454478e-01	2.652469234024143474e-01	1.582559120268719755e-01	7.443740585742963933e-02	3.102255674774921992e-02	8.072761255230273547e-02
1.290233315981864052e+03	2.356737170535401771e-01	1.543362446202702909e-01	2.653743587338958654e-01	1.583299616173816926e-01	7.446556921578080523e-02	3.104268934571965954e-02	8.077745941318752176e-02
