1.001418434226643626e+03	2.791793792985597933e-01	1.816305636931576928e-01	2.349576168743085225e-01	1.408312331013215901e-01	6.773933690392054674e-02	2.656532073765536378e-02	6.909654939085055347e-02
1.002869765290740247e+03	2.789206774181939297e-01	1.814706035518618421e-01	2.351391392200632979e-01	1.409348998855961266e-01	6.777958914821975711e-02	2.659024164169191198e-02	6.916484913414719382e-02
1.004321096354836754e+03	2.786624233870667044e-01	1.813109030702815816e-01	2.353203393768045215e-01	1.410383829571431880e-01	6.781976677461894198e-02	2.661513996007264585e-02	6.923304447378655913e-02
1.005772427418933376e+03	2.784046164291520409e-01	1.811514618185046388e-01	2.355012179139920336e-01	1.411416827479561320e-01	6.785986994497167357e-02	2.664001566115321851e-02	6.930113548404449875e-02
1.007223758483029997e+03	2.781472557698163595e-01	1.809922793673414965e-01	2.356817753999161935e-01	1.412447996882831847e-01	6.789989882072282323e-02	2.666486871363673086e-02	6.936912224005753469e-02
1.008675089547126618e+03	2.778903406358155803e-01	1.808333552883241435e-01	2.358620124017018482e-01	1.413477342066389586e-01	6.793985356290983824e-02	2.668969908657173665e-02	6.943700481781224509e-02
1.010126420611223239e+03	2.776338702552924032e-01	1.806746891537047983e-01	2.360419294853123295e-01	1.414504867298157775e-01	6.797973433216400463e-02	2.671450674935023362e-02	6.950478329413481426e-02
1.011577751675319632e+03	2.773778438577733652e-01	1.805162805364546597e-01	2.362215272155534229e-01	1.415530576828949727e-01	6.801954128871159910e-02	2.673929167170567556e-02	6.957245774668066596e-02
1.013029082739416367e+03	2.771222606741660655e-01	1.803581290102625190e-01	2.364008061560774199e-01	1.416554474892580684e-01	6.805927459237517962e-02	2.676405382371099817e-02	6.964002825392415219e-02
1.014480413803512761e+03	2.768671199367561120e-01	1.802002341495336224e-01	2.365797668693868649e-01	1.417576565705979674e-01	6.809893440257479280e-02	2.678879317577664149e-02	6.970749489514842245e-02
1.015931744867609382e+03	2.766124208792044570e-01	1.800425955293883662e-01	2.367584099168385248e-01	1.418596853469298869e-01	6.813852087832920901e-02	2.681350969864860698e-02	6.977485775043533456e-02
1.017383075931706003e+03	2.763581627365446769e-01	1.798852127256610201e-01	2.369367358586473293e-01	1.419615342366023492e-01	6.817803417825711587e-02	2.683820336340650772e-02	6.984211690065540712e-02
1.018834406995802851e+03	2.761043447451799748e-01	1.797280853148984781e-01	2.371147452538901468e-01	1.420632036563079237e-01	6.821747446057832565e-02	2.686287414146163247e-02	6.990927242745800796e-02
1.020285738059899245e+03	2.758509661428802939e-01	1.795712128743589542e-01	2.372924386605095581e-01	1.421646940210940790e-01	6.825684188311505196e-02	2.688752200455503394e-02	6.997632441326151476e-02
1.021737069123995752e+03	2.755980261687798194e-01	1.794145949820108166e-01	2.374698166353177708e-01	1.422660057443738690e-01	6.829613660329302005e-02	2.691214692475561027e-02	7.004327294124362835e-02
1.023188400188092373e+03	2.753455240633739254e-01	1.792582312165312552e-01	2.376468797340003103e-01	1.423671392379364242e-01	6.833535877814270187e-02	2.693674887445820371e-02	7.011011809533175543e-02
1.024639731252188767e+03	2.750934590685164549e-01	1.791021211573051164e-01	2.378236285111197945e-01	1.424680949119575268e-01	6.837450856430052348e-02	2.696132782638172021e-02	7.017685996019348837e-02
1.026091062316285615e+03	2.748418304274170554e-01	1.789462643844235978e-01	2.380000635201196257e-01	1.425688731750099081e-01	6.841358611801001688e-02	2.698588375356725244e-02	7.024349862122716837e-02
1.027542393380382237e+03	2.745906373846383475e-01	1.787906604786829168e-01	2.381761853133277929e-01	1.426694744340737397e-01	6.845259159512305513e-02	2.701041662937619589e-02	7.031003416455258725e-02
1.028993724444478858e+03	2.743398791860930941e-01	1.786353090215832828e-01	2.383519944419604242e-01	1.427698990945467650e-01	6.849152515110100425e-02	2.703492642748841004e-02	7.037646667700166170e-02
1.030445055508575479e+03	2.740895550790415358e-01	1.784802095953275103e-01	2.385274914561255344e-01	1.428701475602544568e-01	6.853038694101588890e-02	2.705941312190036918e-02	7.044279624610935708e-02
1.031896386572671872e+03	2.738396643120886154e-01	1.783253617828198523e-01	2.387026769048265773e-01	1.429702202334602046e-01	6.856917711955158590e-02	2.708387668692332356e-02	7.050902296010454207e-02
1.033347717636768493e+03	2.735902061351812020e-01	1.781707651676646409e-01	2.388775513359661928e-01	1.430701175148752224e-01	6.860789584100497607e-02	2.710831709718147450e-02	7.057514690790103740e-02
1.034799048700865114e+03	2.733411797996055381e-01	1.780164193341652323e-01	2.390521152963496487e-01	1.431698398036684583e-01	6.864654325928712386e-02	2.713273432761017026e-02	7.064116817908867862e-02
1.036250379764961508e+03	2.730925845579842970e-01	1.778623238673226470e-01	2.392263693316884487e-01	1.432693874974764747e-01	6.868511952792441533e-02	2.715712835345408110e-02	7.070708686392457309e-02
1.037701710829058356e+03	2.728444196642740294e-01	1.777084783528344036e-01	2.394003139866039409e-01	1.433687609924131912e-01	6.872362480005969609e-02	2.718149915026543337e-02	7.077290305332432918e-02
1.039153041893154750e+03	2.725966843737623879e-01	1.775548823770932982e-01	2.395739498046307314e-01	1.434679606830795984e-01	6.876205922845349261e-02	2.720584669390219840e-02	7.083861683885332716e-02
1.040604372957251599e+03	2.723493779430654071e-01	1.774015355271862104e-01	2.397472773282203207e-01	1.435669869625733619e-01	6.880042296548508074e-02	2.723017096052633701e-02	7.090422831271830928e-02
1.042055704021347992e+03	2.721024996301250609e-01	1.772484373908927990e-01	2.399202970987444616e-01	1.436658402224983422e-01	6.883871616315365149e-02	2.725447192660204049e-02	7.096973756775873388e-02
1.043507035085444613e+03	2.718560486942062093e-01	1.770955875566843363e-01	2.400930096564986016e-01	1.437645208529740037e-01	6.887693897307947677e-02	2.727874956889396116e-02	7.103514469743850424e-02
1.044958366149541234e+03	2.716100243958943228e-01	1.769429856137225143e-01	2.402654155407054348e-01	1.438630292426447965e-01	6.891509154650500568e-02	2.730300386446548114e-02	7.110044979583757252e-02
1.046409697213637855e+03	2.713644259970923733e-01	1.767906311518582518e-01	2.404375152895183443e-01	1.439613657786895096e-01	6.895317403429597480e-02	2.732723479067697414e-02	7.116565295764372412e-02
1.047861028277734476e+03	2.711192527610185032e-01	1.766385237616304171e-01	2.406093094400245658e-01	1.440595308468305691e-01	6.899118658694262940e-02	2.735144232518408117e-02	7.123075427814438976e-02
1.049312359341831097e+03	2.708745039522034159e-01	1.764866630342646903e-01	2.407807985282487684e-01	1.441575248313430035e-01	6.902912935456073651e-02	2.737562644593600006e-02	7.129575385321858250e-02
1.050763690405927491e+03	2.706301788364874894e-01	1.763350485616723140e-01	2.409519830891563852e-01	1.442553481150636585e-01	6.906700248689275068e-02	2.739978713117378895e-02	7.136065177932890413e-02
1.052215021470024112e+03	2.703862766810182783e-01	1.761836799364489281e-01	2.411228636566567773e-01	1.443530010794001894e-01	6.910480613330891031e-02	2.742392435942866621e-02	7.142544815351356546e-02
1.053666352534120733e+03	2.701427967542480157e-01	1.760325567518734036e-01	2.412934407636068146e-01	1.444504841043399157e-01	6.914254044280836176e-02	2.744803810952030701e-02	7.149014307337855922e-02
1.055117683598217127e+03	2.698997383259307270e-01	1.758816786019064826e-01	2.414637149418139839e-01	1.445477975684588412e-01	6.918020556402025567e-02	2.747212836055520219e-02	7.155473663708991627e-02
1.056569014662313975e+03	2.696571006671198423e-01	1.757310450811898628e-01	2.416336867220396367e-01	1.446449418489303140e-01	6.921780164520482947e-02	2.749619509192497216e-02	7.161922894336593404e-02
1.058020345726410369e+03	2.694148830501655323e-01	1.755806557850448091e-01	2.418033566340024310e-01	1.447419173215337973e-01	6.925532883425454533e-02	2.752023828330470850e-02	7.168362009146959923e-02
1.059471676790506763e+03	2.691730847487120437e-01	1.754305103094709883e-01	2.419727252063813561e-01	1.448387243606635844e-01	6.929278727869514487e-02	2.754425791465134332e-02	7.174791018120102448e-02
1.060923007854603611e+03	2.689317050376952567e-01	1.752806082511453312e-01	2.421417929668190361e-01	1.449353633393372365e-01	6.933017712568673163e-02	2.756825396620199431e-02	7.181209931288995429e-02
1.062374338918700232e+03	2.686907431933399648e-01	1.751309492074208385e-01	2.423105604419249215e-01	1.450318346292042981e-01	6.936749852202488131e-02	2.759222641847234800e-02	7.187618758738832658e-02
1.063825669982796853e+03	2.684501984931573215e-01	1.749815327763254158e-01	2.424790281572785366e-01	1.451281386005545959e-01	6.940475161414172423e-02	2.761617525225503605e-02	7.194017510606298682e-02
1.065277001046893474e+03	2.682100702159423977e-01	1.748323585565605964e-01	2.426471966374325051e-01	1.452242756223267039e-01	6.944193654810700000e-02	2.764010044861802198e-02	7.200406197078838832e-02
1.066728332110990095e+03	2.679703576417715727e-01	1.746834261475005978e-01	2.428150664059157415e-01	1.453202460621162428e-01	6.947905346962912621e-02	2.766400198890301559e-02	7.206784828393940356e-02
1.068179663175086489e+03	2.677310600519998141e-01	1.745347351491909060e-01	2.429826379852365603e-01	1.454160502861840676e-01	6.951610252405629464e-02	2.768787985472386318e-02	7.213153414838420485e-02
1.069630994239183110e+03	2.674921767292584573e-01	1.743862851623471655e-01	2.431499118968858952e-01	1.455116886594645942e-01	6.955308385637752611e-02	2.771173402796496890e-02	7.219511966747717280e-02
1.071082325303279504e+03	2.672537069574523749e-01	1.742380757883541798e-01	2.433168886613401583e-01	1.456071615455738211e-01	6.958999761122368344e-02	2.773556449077971969e-02	7.225860494505191578e-02
1.072533656367376352e+03	2.670156500217575890e-01	1.740901066292645238e-01	2.434835687980644869e-01	1.457024693068173782e-01	6.962684393286860951e-02	2.775937122558893438e-02	7.232199008541440044e-02
1.073984987431472746e+03	2.667780052086186626e-01	1.739423772877975172e-01	2.436499528255156866e-01	1.457976123041986038e-01	6.966362296523009867e-02	2.778315421507929553e-02	7.238527519333599891e-02
1.075436318495569594e+03	2.665407718057464237e-01	1.737948873673380579e-01	2.438160412611453665e-01	1.458925908974263996e-01	6.970033485187104860e-02	2.780691344220179509e-02	7.244846037404678585e-02
1.076887649559666215e+03	2.663039491021151339e-01	1.736476364719354015e-01	2.439818346214028821e-01	1.459874054449231129e-01	6.973697973600037625e-02	2.783064889017020094e-02	7.251154573322877994e-02
1.078338980623762609e+03	2.660675363879602129e-01	1.735006242063020232e-01	2.441473334217382218e-01	1.460820563038324471e-01	6.977355776047415581e-02	2.785436054245954071e-02	7.257453137700928258e-02
1.079790311687859230e+03	2.658315329547757400e-01	1.733538501758124795e-01	2.443125381766052262e-01	1.461765438300270392e-01	6.981006906779661791e-02	2.787804838280455791e-02	7.263741741195425816e-02
1.081241642751955851e+03	2.655959380953117899e-01	1.732073139865022982e-01	2.444774493994643916e-01	1.462708683781162589e-01	6.984651380012117661e-02	2.790171239519820615e-02	7.270020394506185313e-02
1.082692973816052472e+03	2.653607511035719901e-01	1.730610152450668127e-01	2.446420676027857843e-01	1.463650303014538134e-01	6.988289209925149792e-02	2.792535256389015383e-02	7.276289108375594283e-02
1.084144304880149093e+03	2.651259712748113007e-01	1.729149535588599129e-01	2.448063932980520108e-01	1.464590299521453254e-01	6.991920410664251295e-02	2.794896887338527494e-02	7.282547893587965060e-02
1.085595635944245487e+03	2.648915979055332381e-01	1.727691285358931295e-01	2.449704269957612146e-01	1.465528676810557707e-01	6.995544996340138932e-02	2.797256130844216065e-02	7.288796760968908883e-02
1.087046967008342108e+03	2.646576302934877667e-01	1.726235397848342457e-01	2.451341692054297972e-01	1.466465438378170283e-01	6.999162981028859976e-02	2.799612985407165175e-02	7.295035721384700300e-02
1.088498298072438729e+03	2.644240677376683002e-01	1.724781869150062985e-01	2.452976204355954148e-01	1.467400587708351523e-01	7.002774378771893515e-02	2.801967449553535716e-02	7.301264785741665153e-02
1.089949629136535123e+03	2.641909095383098149e-01	1.723330695363864129e-01	2.454607811938198103e-01	1.468334128272978101e-01	7.006379203576251768e-02	2.804319521834419682e-02	7.307483964985554692e-02
1.091400960200631971e+03	2.639581549968862406e-01	1.721881872596046636e-01	2.456236519866916435e-01	1.469266063531814992e-01	7.009977469414577222e-02	2.806669200825693405e-02	7.313693270100941890e-02
1.092852291264728365e+03	2.637258034161077402e-01	1.720435396959430208e-01	2.457862333198292670e-01	1.470196396932588190e-01	7.013569190225249494e-02	2.809016485127874274e-02	7.319892712110617761e-02
1.094303622328825213e+03	2.634938540999186563e-01	1.718991264573340727e-01	2.459485256978836409e-01	1.471125131911054928e-01	7.017154379912478313e-02	2.811361373365975358e-02	7.326082302074989061e-02
1.095754953392921607e+03	2.632623063534949570e-01	1.717549471563599717e-01	2.461105296245410801e-01	1.472052271891076680e-01	7.020733052346406211e-02	2.813703864189363857e-02	7.332262051091494037e-02
1.097206284457018228e+03	2.630311594832417943e-01	1.716110014062513234e-01	2.462722456025260021e-01	1.472977820284687989e-01	7.024305221363211227e-02	2.816043956271618506e-02	7.338431970294008455e-02
1.098657615521114849e+03	2.628004127967912273e-01	1.714672888208861878e-01	2.464336741336037029e-01	1.473901780492166969e-01	7.027870900765201267e-02	2.818381648310386289e-02	7.344592070852269672e-02
1.100108946585211470e+03	2.625700656029994473e-01	1.713238090147886361e-01	2.465948157185831324e-01	1.474824155902106082e-01	7.031430104320912644e-02	2.820716939027242964e-02	7.350742363971299320e-02
1.101560277649308091e+03	2.623401172119449454e-01	1.711805616031279453e-01	2.467556708573196422e-01	1.475744949891477920e-01	7.034982845765215542e-02	2.823049827167553941e-02	7.356882860890839870e-02
1.103011608713404712e+03	2.621105669349256817e-01	1.710375462017173775e-01	2.469162400487175668e-01	1.476664165825706532e-01	7.038529138799400064e-02	2.825380311500333766e-02	7.363013572884784252e-02
1.104462939777501106e+03	2.618814140844569205e-01	1.708947624270129861e-01	2.470765237907331380e-01	1.477581807058733487e-01	7.042068997091285865e-02	2.827708390818107348e-02	7.369134511260620746e-02
1.105914270841597499e+03	2.616526579742686764e-01	1.707522098961126444e-01	2.472365225803769828e-01	1.478497876933085875e-01	7.045602434275309578e-02	2.830034063936774300e-02	7.375245687358880642e-02
1.107365601905694348e+03	2.614242979193037164e-01	1.706098882267547967e-01	2.473962369137168993e-01	1.479412378779942638e-01	7.049129463952627517e-02	2.832357329695469467e-02	7.381347112552592848e-02
1.108816932969790741e+03	2.611963332357147283e-01	1.704677970373174867e-01	2.475556672858804930e-01	1.480325315919200913e-01	7.052650099691211427e-02	2.834678186956429008e-02	7.387438798246738492e-02
1.110268264033887590e+03	2.609687632408622115e-01	1.703259359468171918e-01	2.477148141910577583e-01	1.481236691659542082e-01	7.056164355025944246e-02	2.836996634604853351e-02	7.393520755877720785e-02
1.111719595097984211e+03	2.607415872533122569e-01	1.701843045749077132e-01	2.478736781225038266e-01	1.482146509298496728e-01	7.059672243458714469e-02	2.839312671548773273e-02	7.399592996912826570e-02
1.113170926162080832e+03	2.605148045928339373e-01	1.700429025418790652e-01	2.480322595725414914e-01	1.483054772122508747e-01	7.063173778458511909e-02	2.841626296718916325e-02	7.405655532849707290e-02
1.114622257226177226e+03	2.602884145803969762e-01	1.699017294686564206e-01	2.481905590325637068e-01	1.483961483407001125e-01	7.066668973461526226e-02	2.843937509068572567e-02	7.411708375215853017e-02
1.116073588290273847e+03	2.600624165381697495e-01	1.697607849767989729e-01	2.483485769930365017e-01	1.484866646416437286e-01	7.070157841871238524e-02	2.846246307573463072e-02	7.417751535568080368e-02
1.117524919354370468e+03	2.598368097895166207e-01	1.696200686884989095e-01	2.485063139435011448e-01	1.485770264404386587e-01	7.073640397058518492e-02	2.848552691231607745e-02	7.423785025492023182e-02
1.118976250418467089e+03	2.596115936589957762e-01	1.694795802265802454e-01	2.486637703725770032e-01	1.486672340613585108e-01	7.077116652361715998e-02	2.850856659063194173e-02	7.429808856601624600e-02
1.120427581482563710e+03	2.593867674723567829e-01	1.693393192144977688e-01	2.488209467679639575e-01	1.487572878275999766e-01	7.080586621086754073e-02	2.853158210110448220e-02	7.435823040538637463e-02
1.121878912546660331e+03	2.591623305565385338e-01	1.691992852763359867e-01	2.489778436164448994e-01	1.488471880612888820e-01	7.084050316507224665e-02	2.855457343437503223e-02	7.441827588972133034e-02
1.123330243610756725e+03	2.589382822396666395e-01	1.690594780368079864e-01	2.491344614038883409e-01	1.489369350834863492e-01	7.087507751864485783e-02	2.857754058130272320e-02	7.447822513598002792e-02
1.124781574674853118e+03	2.587146218510515405e-01	1.689198971212543254e-01	2.492908006152508293e-01	1.490265292141948750e-01	7.090958940367743379e-02	2.860048353296319387e-02	7.453807826138476866e-02
1.126232905738949967e+03	2.584913487211856764e-01	1.687805421556420882e-01	2.494468617345795280e-01	1.491159707723643257e-01	7.094403895194155429e-02	2.862340228064731706e-02	7.459783538341650810e-02
1.127684236803046360e+03	2.582684621817416537e-01	1.686414127665636642e-01	2.496026452450145761e-01	1.492052600758980441e-01	7.097842629488919364e-02	2.864629681585992987e-02	7.465749661980998486e-02
1.129135567867143209e+03	2.580459615655698036e-01	1.685025085812357493e-01	2.497581516287916692e-01	1.492943974416586495e-01	7.101275156365360886e-02	2.866916713031859160e-02	7.471706208854907161e-02
1.130586898931239830e+03	2.578238462066958503e-01	1.683638292274982351e-01	2.499133813672444193e-01	1.493833831854739780e-01	7.104701488905029727e-02	2.869201321595230350e-02	7.477653190786208437e-02
1.132038229995336451e+03	2.576021154403188018e-01	1.682253743338132379e-01	2.500683349408068246e-01	1.494722176221430221e-01	7.108121640157789856e-02	2.871483506490027718e-02	7.483590619621717510e-02
1.133489561059432845e+03	2.573807686028085628e-01	1.680871435292637939e-01	2.502230128290157118e-01	1.495609010654415649e-01	7.111535623141913842e-02	2.873763266951069248e-02	7.489518507231780753e-02
1.134940892123529466e+03	2.571598050317036588e-01	1.679491364435531098e-01	2.503774155105130683e-01	1.496494338281281755e-01	7.114943450844163353e-02	2.876040602233945892e-02	7.495436865509814972e-02
1.136392223187626087e+03	2.569392240657091819e-01	1.678113527070033140e-01	2.505315434630485116e-01	1.497378162219496767e-01	7.118345136219890457e-02	2.878315511614900485e-02	7.501345706371864708e-02
1.137843554251722708e+03	2.567190250446945154e-01	1.676737919505542906e-01	2.506853971634817047e-01	1.498260485576470014e-01	7.121740692193123667e-02	2.880587994390702844e-02	7.507245041756158144e-02
1.139294885315819101e+03	2.564992073096907244e-01	1.675364538057628194e-01	2.508389770877845204e-01	1.499141311449607161e-01	7.125130131656653987e-02	2.882858049878530768e-02	7.513134883622665794e-02
1.140746216379915950e+03	2.562797702028888347e-01	1.673993379048015206e-01	2.509922837110437621e-01	1.500020642926366832e-01	7.128513467472130660e-02	2.885125677415848952e-02	7.519015243952667515e-02
1.142197547444012343e+03	2.560607130676372800e-01	1.672624438804575508e-01	2.511453175074633282e-01	1.500898483084315838e-01	7.131890712470144444e-02	2.887390876360289294e-02	7.524886134748323685e-02
1.143648878508108737e+03	2.558420352484398475e-01	1.671257713661318811e-01	2.512980789503662660e-01	1.501774834991184138e-01	7.135261879450320588e-02	2.889653646089530153e-02	7.530747568032246375e-02
1.145100209572205586e+03	2.556237360909532907e-01	1.669893199958379926e-01	2.514505685121976586e-01	1.502649701704918406e-01	7.138626981181409037e-02	2.891913986001179090e-02	7.536599555847080245e-02
1.146551540636302207e+03	2.554058149419853874e-01	1.668530894042009050e-01	2.516027866645262900e-01	1.503523086273738651e-01	7.141986030401359375e-02	2.894171895512653511e-02	7.542442110255086207e-02
1.148002871700398828e+03	2.551882711494926070e-01	1.667170792264562051e-01	2.517547338780475874e-01	1.504394991736189846e-01	7.145339039817429072e-02	2.896427374061064097e-02	7.548275243337719542e-02
1.149454202764495449e+03	2.549711040625777247e-01	1.665812890984488814e-01	2.519064106225854527e-01	1.505265421121196046e-01	7.148686022106252869e-02	2.898680421103098231e-02	7.554098967195234382e-02
1.150905533828591842e+03	2.547543130314878779e-01	1.664457186566323244e-01	2.520578173670947053e-01	1.506134377448113959e-01	7.152026989913941313e-02	2.900931036114903078e-02	7.559913293946267376e-02
1.152356864892688463e+03	2.545378974076124012e-01	1.663103675380673552e-01	2.522089545796634691e-01	1.507001863726784296e-01	7.155361955856162637e-02	2.903179218591971089e-02	7.565718235727442176e-02
1.153808195956785084e+03	2.543218565434805511e-01	1.661752353804210602e-01	2.523598227275151151e-01	1.507867882957585060e-01	7.158690932518232963e-02	2.905424968049023088e-02	7.571513804692973915e-02
1.155259527020881706e+03	2.541061897927591740e-01	1.660403218219658472e-01	2.525104222770107043e-01	1.508732438131482334e-01	7.162013932455195409e-02	2.907668284019896202e-02	7.577300013014273694e-02
1.156710858084978327e+03	2.538908965102507631e-01	1.659056265015783349e-01	2.526607536936512632e-01	1.509595532230082471e-01	7.165330968191914451e-02	2.909909166057429025e-02	7.583076872879560004e-02
1.158162189149074720e+03	2.536759760518912943e-01	1.657711490587384096e-01	2.528108174420798937e-01	1.510457168225682600e-01	7.168642052223157812e-02	2.912147613733348864e-02	7.588844396493474309e-02
1.159613520213171569e+03	2.534614277747480049e-01	1.656368891335281424e-01	2.529606139860839376e-01	1.511317349081321981e-01	7.171947197013681108e-02	2.914383626638159322e-02	7.594602596076699408e-02
1.161064851277267962e+03	2.532472510370172292e-01	1.655028463666307348e-01	2.531101437885973637e-01	1.512176077750831404e-01	7.175246414998315281e-02	2.916617204381028242e-02	7.600351483865584734e-02
1.162516182341364356e+03	2.530334451980220667e-01	1.653690203993295194e-01	2.532594073117027667e-01	1.513033357178883154e-01	7.178539718582048479e-02	2.918848346589677026e-02	7.606091072111774432e-02
1.163967513405461204e+03	2.528200096182108281e-01	1.652354108735069604e-01	2.534084050166336977e-01	1.513889190301040966e-01	7.181827120140114873e-02	2.921077052910268923e-02	7.611821373081829878e-02
1.165418844469557826e+03	2.526069436591542039e-01	1.651020174316435718e-01	2.535571373637764969e-01	1.514743580043808879e-01	7.185108632018073760e-02	2.923303323007300086e-02	7.617542399056877189e-02
1.166870175533654447e+03	2.523942466835435994e-01	1.649688397168169451e-01	2.537056048126730134e-01	1.515596529324679531e-01	7.188384266531899769e-02	2.925527156563489245e-02	7.623254162332229744e-02
1.168321506597751068e+03	2.521819180551886919e-01	1.648358773727006954e-01	2.538538078220222149e-01	1.516448041052183837e-01	7.191654035968060577e-02	2.927748553279670152e-02	7.628956675217044014e-02
1.169772837661847461e+03	2.519699571390155990e-01	1.647031300435634893e-01	2.540017468496826303e-01	1.517298118125937068e-01	7.194917952583601561e-02	2.929967512874681601e-02	7.634649950033954580e-02
1.171224168725944082e+03	2.517583633010645472e-01	1.645705973742679351e-01	2.541494223526743479e-01	1.518146763436688529e-01	7.198176028606231847e-02	2.932184035085261264e-02	7.640333999118732733e-02
1.172675499790040703e+03	2.515471359084878733e-01	1.644382790102696668e-01	2.542968347871809587e-01	1.518993979866366806e-01	7.201428276234404791e-02	2.934398119665936749e-02	7.646008834819929822e-02
1.174126830854137097e+03	2.513362743295479707e-01	1.643061745976162891e-01	2.544439846085521095e-01	1.519839770288129166e-01	7.204674707637401254e-02	2.936609766388921169e-02	7.651674469498541409e-02
1.175578161918233945e+03	2.511257779336150131e-01	1.641742837829463508e-01	2.545908722713051686e-01	1.520684137566405969e-01	7.207915334955411479e-02	2.938818975044006285e-02	7.657330915527663096e-02
1.177029492982330339e+03	2.509156460911649567e-01	1.640426062134884289e-01	2.547374982291275014e-01	1.521527084556947851e-01	7.211150170299615580e-02	2.941025745438457031e-02	7.662978185292153299e-02
1.178480824046426733e+03	2.507058781737774855e-01	1.639111415370599067e-01	2.548838629348785800e-01	1.522368614106871798e-01	7.214379225752269587e-02	2.943230077396905356e-02	7.668616291188302958e-02
1.179932155110523581e+03	2.504964735541339582e-01	1.637798894020662810e-01	2.550299668405918707e-01	1.523208729054705557e-01	7.217602513366784545e-02	2.945431970761248908e-02	7.674245245623502465e-02
1.181383486174620202e+03	2.502874316060150206e-01	1.636488494574998565e-01	2.551758103974769432e-01	1.524047432230435095e-01	7.220820045167804235e-02	2.947631425390545221e-02	7.679865061015916927e-02
1.182834817238716823e+03	2.500787517042991071e-01	1.635180213529389692e-01	2.553213940559215800e-01	1.524884726455547068e-01	7.224031833151292603e-02	2.949828441160907977e-02	7.685475749794165590e-02
1.184286148302813444e+03	2.498704332249598314e-01	1.633874047385468486e-01	2.554667182654937752e-01	1.525720614543074893e-01	7.227237889284607308e-02	2.952023017965406740e-02	7.691077324396997095e-02
1.185737479366910065e+03	2.496624755450641830e-01	1.632569992650707014e-01	2.556117834749437878e-01	1.526555099297642049e-01	7.230438225506585770e-02	2.954215155713963217e-02	7.696669797272977231e-02
1.187188810431006686e+03	2.494548780427703616e-01	1.631268045838406566e-01	2.557565901322059188e-01	1.527388183515507314e-01	7.233632853727624268e-02	2.956404854333250301e-02	7.702253180880175298e-02
1.188640141495103080e+03	2.492476400973258344e-01	1.629968203467687948e-01	2.559011386844009528e-01	1.528219869984606405e-01	7.236821785829752884e-02	2.958592113766590065e-02	7.707827487685853241e-02
1.190091472559199701e+03	2.490407610890651990e-01	1.628670462063482038e-01	2.560454295778378242e-01	1.529050161484596937e-01	7.240005033666721546e-02	2.960776933973854885e-02	7.713392730166156175e-02
1.191542803623296322e+03	2.488342403994081853e-01	1.627374818156518965e-01	2.561894632580155595e-01	1.529879060786900613e-01	7.243182609064073574e-02	2.962959314931366481e-02	7.718948920805815406e-02
1.192994134687392716e+03	2.486280774108575731e-01	1.626081268283319226e-01	2.563332401696254981e-01	1.530706570654745413e-01	7.246354523819231730e-02	2.965139256631797379e-02	7.724496072097844501e-02
1.194445465751489564e+03	2.484222715069972220e-01	1.624789808986183137e-01	2.564767607565530128e-01	1.531532693843208892e-01	7.249520789701568990e-02	2.967316759084071345e-02	7.730034196543242309e-02
1.195896796815585958e+03	2.482168220724899343e-01	1.623500436813180847e-01	2.566200254618797305e-01	1.532357433099259814e-01	7.252681418452491813e-02	2.969491822313265542e-02	7.735563306650700133e-02
1.197348127879682352e+03	2.480117284930755672e-01	1.622213148318142895e-01	2.567630347278851421e-01	1.533180791161799228e-01	7.255836421785519241e-02	2.971664446360511649e-02	7.741083414936308915e-02
1.198799458943779200e+03	2.478069901555688959e-01	1.620927940060650774e-01	2.569057889960488228e-01	1.534002770761702938e-01	7.258985811386353681e-02	2.973834631282900806e-02	7.746594533923273351e-02
1.200250790007875821e+03	2.476026064478576705e-01	1.619644808606026942e-01	2.570482887070522082e-01	1.534823374621860914e-01	7.262129598912966943e-02	2.976002377153384032e-02	7.752096676141624620e-02
1.201702121071972442e+03	2.473985767589005347e-01	1.618363750525324274e-01	2.571905343007805933e-01	1.535642605457219756e-01	7.265267795995673794e-02	2.978167684060678555e-02	7.757589854127941442e-02
1.203153452136069063e+03	2.471949004787251103e-01	1.617084762395316622e-01	2.573325262163249083e-01	1.536460465974822664e-01	7.268400414237211060e-02	2.980330552109171013e-02	7.763074080425069745e-02
1.204604783200165684e+03	2.469915769984259435e-01	1.615807840798490769e-01	2.574742648919837729e-01	1.537276958873849131e-01	7.271527465212808405e-02	2.982490981418821352e-02	7.768549367581846499e-02
1.206056114264262078e+03	2.467886057101625064e-01	1.614532982323034216e-01	2.576157507652653833e-01	1.538092086845655182e-01	7.274648960470275760e-02	2.984648972125070535e-02	7.774015728152827709e-02
1.207507445328358699e+03	2.465859860071572263e-01	1.613260183562826300e-01	2.577569842728892890e-01	1.538905852573812238e-01	7.277764911530065772e-02	2.986804524378743747e-02	7.779473174698015026e-02
1.208958776392455093e+03	2.463837172836934319e-01	1.611989441117429589e-01	2.578979658507881689e-01	1.539718258734148193e-01	7.280875329885365399e-02	2.988957638345957415e-02	7.784921719782593452e-02
1.210410107456551941e+03	2.461817989351134939e-01	1.610720751592079059e-01	2.580386959341101627e-01	1.540529307994784880e-01	7.283980227002158359e-02	2.991108314208027266e-02	7.790361375976662117e-02
1.211861438520648335e+03	2.459802303578167149e-01	1.609454111597673209e-01	2.581791749572201478e-01	1.541339003016177489e-01	7.287079614319309784e-02	2.993256552161374304e-02	7.795792155854976146e-02
1.213312769584745183e+03	2.457790109492574704e-01	1.608189517750763520e-01	2.583194033537019596e-01	1.542147346451151757e-01	7.290173503248635611e-02	2.995402352417433217e-02	7.801214071996687149e-02
1.214764100648841804e+03	2.455781401079431825e-01	1.606926966673545565e-01	2.584593815563601682e-01	1.542954340944944214e-01	7.293261905174978910e-02	2.997545715202559746e-02	7.806627136985083704e-02
1.216215431712937971e+03	2.453776172334323491e-01	1.605666454993849579e-01	2.585991099972216878e-01	1.543759989135238264e-01	7.296344831456290370e-02	2.999686640757940476e-02	7.812031363407342943e-02
1.217666762777034819e+03	2.451774417263326011e-01	1.604407979345130186e-01	2.587385891075379418e-01	1.544564293652203324e-01	7.299422293423694919e-02	3.001825129339501588e-02	7.817426763854273819e-02
1.219118093841131440e+03	2.449776129882987041e-01	1.603151536366457519e-01	2.588778193177864173e-01	1.545367257118530624e-01	7.302494302381570823e-02	3.003961181217819007e-02	7.822813350920075626e-02
1.220569424905228061e+03	2.447781304220307264e-01	1.601897122702507503e-01	2.590168010576726632e-01	1.546168882149471513e-01	7.305560869607621854e-02	3.006094796678027842e-02	7.828191137202088201e-02
1.222020755969324682e+03	2.445789934312719571e-01	1.600644735003551589e-01	2.591555347561317890e-01	1.546969171352873262e-01	7.308622006352950840e-02	3.008225976019733919e-02	7.833560135300550453e-02
1.223472087033421303e+03	2.443802014208070750e-01	1.599394369925448700e-01	2.592940208413308523e-01	1.547768127329217092e-01	7.311677723842135990e-02	3.010354719556923575e-02	7.838920357818361662e-02
1.224923418097517697e+03	2.441817537964600937e-01	1.598146024129633858e-01	2.594322597406697462e-01	1.548565752671652307e-01	7.314728033273301677e-02	3.012481027617876575e-02	7.844271817360841392e-02
1.226374749161614318e+03	2.439836499650925861e-01	1.596899694283111237e-01	2.595702518807839199e-01	1.549362049966034327e-01	7.317772945818191987e-02	3.014604900545077987e-02	7.849614526535493575e-02
1.227826080225710712e+03	2.437858893346015743e-01	1.595655377058442514e-01	2.597079976875455443e-01	1.550157021790958822e-01	7.320812472622244271e-02	3.016726338695129711e-02	7.854948497951778907e-02
1.229277411289807560e+03	2.435884713139176982e-01	1.594413069133738536e-01	2.598454975860652882e-01	1.550950670717799185e-01	7.323846624804661309e-02	3.018845342438665133e-02	7.860273744220876158e-02
1.230728742353903954e+03	2.433913953130034391e-01	1.593172767192649053e-01	2.599827520006944281e-01	1.551742999310739002e-01	7.326875413458483477e-02	3.020961912160260998e-02	7.865590277955465670e-02
1.232180073418000802e+03	2.431946607428508711e-01	1.591934467924354668e-01	2.601197613550262910e-01	1.552534010126810360e-01	7.329898849650660908e-02	3.023076048258352411e-02	7.870898111769498995e-02
1.233631404482097196e+03	2.429982670154800795e-01	1.590698168023555736e-01	2.602565260718980866e-01	1.553323705715925485e-01	7.332916944422125660e-02	3.025187751145146445e-02	7.876197258277972679e-02
1.235082735546193817e+03	2.428022135439370788e-01	1.589463864190465148e-01	2.603930465733926836e-01	1.554112088620913656e-01	7.335929708787865267e-02	3.027297021246537143e-02	7.881487730096710387e-02
1.236534066610290438e+03	2.426064997422919256e-01	1.588231553130796669e-01	2.605293232808402748e-01	1.554899161377553407e-01	7.338937153736990737e-02	3.029403859002021554e-02	7.886769539842150567e-02
1.237985397674387059e+03	2.424111250256368588e-01	1.587001231555757452e-01	2.606653566148200429e-01	1.555684926514608046e-01	7.341939290232807336e-02	3.031508264864614388e-02	7.892042700131123023e-02
1.239436728738483680e+03	2.422160888100844123e-01	1.585772896182037484e-01	2.608011469951619921e-01	1.556469386553859247e-01	7.344936129212892295e-02	3.033610239300764053e-02	7.897307223580640745e-02
1.240888059802580301e+03	2.420213905127655274e-01	1.584546543731801260e-01	2.609366948409483911e-01	1.557252544010139239e-01	7.347927681589154492e-02	3.035709782790270081e-02	7.902563122807687579e-02
1.242339390866676695e+03	2.418270295518275825e-01	1.583322170932677797e-01	2.610720005705159386e-01	1.558034401391365786e-01	7.350913958247916324e-02	3.037806895826200559e-02	7.907810410429008674e-02
1.243790721930773088e+03	2.416330053464326999e-01	1.582099774517752022e-01	2.612070646014569841e-01	1.558814961198574378e-01	7.353894970049976165e-02	3.039901578914807473e-02	7.913049099060906477e-02
1.245242052994869937e+03	2.414393173167555806e-01	1.580879351225555063e-01	2.613418873506214157e-01	1.559594225925951261e-01	7.356870727830681911e-02	3.041993832575447254e-02	7.918279201319032568e-02
1.246693384058966330e+03	2.412459648839819504e-01	1.579660897800054531e-01	2.614764692341184360e-01	1.560372198060865356e-01	7.359841242400000372e-02	3.044083657340497517e-02	7.923500729818190591e-02
1.248144715123063179e+03	2.410529474703065334e-01	1.578444410990646751e-01	2.616108106673178946e-01	1.561148880083902124e-01	7.362806524542586661e-02	3.046171053755275526e-02	7.928713697172139196e-02
1.249596046187159800e+03	2.408602644989311647e-01	1.577229887552146770e-01	2.617449120648522309e-01	1.561924274468893814e-01	7.365766585017849422e-02	3.048256022377958396e-02	7.933918115993385256e-02
1.251047377251256421e+03	2.406679153940629312e-01	1.576017324244778361e-01	2.618787738406180288e-01	1.562698383682953052e-01	7.368721434560028538e-02	3.050338563779501910e-02	7.939113998892997903e-02
1.252498708315352815e+03	2.404758995809124500e-01	1.574806717834166536e-01	2.620123964077777923e-01	1.563471210186503368e-01	7.371671083878256203e-02	3.052418678543562108e-02	7.944301358480407305e-02
1.253950039379449436e+03	2.402842164856918428e-01	1.573598065091326992e-01	2.621457801787611674e-01	1.564242756433310844e-01	7.374615543656631855e-02	3.054496367266412368e-02	7.949480207363222861e-02
1.255401370443546057e+03	2.400928655356130148e-01	1.572391362792657787e-01	2.622789255652672735e-01	1.565013024870515468e-01	7.377554824554284629e-02	3.056571630556868466e-02	7.954650558147038919e-02
1.256852701507642678e+03	2.399018461588857676e-01	1.571186607719929629e-01	2.624118329782655912e-01	1.565782017938662507e-01	7.380488937205442745e-02	3.058644469036206695e-02	7.959812423435244644e-02
1.258304032571739299e+03	2.397111577847159669e-01	1.569983796660277819e-01	2.625445028279980719e-01	1.566549738071732756e-01	7.383417892219507062e-02	3.060714883338086847e-02	7.964965815828851936e-02
1.259755363635835920e+03	2.395207998433037111e-01	1.568782926406192546e-01	2.626769355239804704e-01	1.567316187697173346e-01	7.386341700181112135e-02	3.062782874108474149e-02	7.970110747926299755e-02
1.261206694699932314e+03	2.393307717658414435e-01	1.567583993755508609e-01	2.628091314750042318e-01	1.568081369235927724e-01	7.389260371650198389e-02	3.064848442005561890e-02	7.975247232323280644e-02
1.262658025764028707e+03	2.391410729845122318e-01	1.566386995511399038e-01	2.629410910891376574e-01	1.568845285102466458e-01	7.392173917162074559e-02	3.066911587699693714e-02	7.980375281612560323e-02
1.264109356828125556e+03	2.389517029324878805e-01	1.565191928482363992e-01	2.630728147737279587e-01	1.569607937704817213e-01	7.395082347227489861e-02	3.068972311873287978e-02	7.985494908383801438e-02
1.265560687892221949e+03	2.387626610439271269e-01	1.563998789482222151e-01	2.632043029354026453e-01	1.570369329444593343e-01	7.397985672332697826e-02	3.071030615220760387e-02	7.990606125223387313e-02
1.267012018956318798e+03	2.385739467539738090e-01	1.562807575330102117e-01	2.633355559800710233e-01	1.571129462717024694e-01	7.400883902939527081e-02	3.073086498448448362e-02	7.995708944714256805e-02
1.268463350020415419e+03	2.383855594987551174e-01	1.561618282850433803e-01	2.634665743129257498e-01	1.571888339910985644e-01	7.403777049485438244e-02	3.075139962274536093e-02	8.000803379435725282e-02
1.269914681084511813e+03	2.381974987153797352e-01	1.560430908872938172e-01	2.635973583384447205e-01	1.572645963409025904e-01	7.406665122383601640e-02	3.077191007428978914e-02	8.005889441963316699e-02
1.271366012148608434e+03	2.380097638419360062e-01	1.559245450232619734e-01	2.637279084603922352e-01	1.573402335587397727e-01	7.409548132022958367e-02	3.079239634653428703e-02	8.010967144868605394e-02
1.272817343212705055e+03	2.378223543174902421e-01	1.558061903769756285e-01	2.638582250818207187e-01	1.574157458816086153e-01	7.412426088768281351e-02	3.081285844701160334e-02	8.016036500719038449e-02
1.274268674276801676e+03	2.376352695820848349e-01	1.556880266329891127e-01	2.639883086050722194e-01	1.574911335458835382e-01	7.415299002960250296e-02	3.083329638336995693e-02	8.021097522077785813e-02
1.275720005340898297e+03	2.374485090767364803e-01	1.555700534763823639e-01	2.641181594317801862e-01	1.575663967873179860e-01	7.418166884915508574e-02	3.085371016337231515e-02	8.026150221503568216e-02
1.277171336404994690e+03	2.372620722434344576e-01	1.554522705927600668e-01	2.642477779628704115e-01	1.576415358410470369e-01	7.421029744926735394e-02	3.087409979489567913e-02	8.031194611550505902e-02
1.278622667469091539e+03	2.370759585251387691e-01	1.553346776682507646e-01	2.643771645985634744e-01	1.577165509415901778e-01	7.423887593262705475e-02	3.089446528593031704e-02	8.036230704767954869e-02
1.280073998533187932e+03	2.368901673657783924e-01	1.552172743895058604e-01	2.645063197383754061e-01	1.577914423228542751e-01	7.426740440168357049e-02	3.091480664457907021e-02	8.041258513700359767e-02
1.281525329597284326e+03	2.367046982102495589e-01	1.551000604436989228e-01	2.646352437811195224e-01	1.578662102181361271e-01	7.429588295864852920e-02	3.093512387905662450e-02	8.046278050887088751e-02
1.282976660661381175e+03	2.365195505044139224e-01	1.549830355185247144e-01	2.647639371249080886e-01	1.579408548601252960e-01	7.432431170549648469e-02	3.095541699768878871e-02	8.051289328862293315e-02
1.284427991725477568e+03	2.363347236950967267e-01	1.548661993021983319e-01	2.648924001671536521e-01	1.580153764809067996e-01	7.435269074396555489e-02	3.097568600891178678e-02	8.056292360154745924e-02
1.285879322789574417e+03	2.361502172300852243e-01	1.547495514834541785e-01	2.650206333045704854e-01	1.580897753119638316e-01	7.438102017555801859e-02	3.099593092127154656e-02	8.061287157287704008e-02
1.287330653853671038e+03	2.359660305581267326e-01	1.546330917515454095e-01	2.651486369331762516e-01	1.581640515841803707e-01	7.440930010154102325e-02	3.101615174342299552e-02	8.066273732778750372e-02
1.288781984917767431e+03	2.357821631289270803e-01	1.545168197962427381e-01	2.652764114482934477e-01	1.582382055278439559e-01	7.443753062294714007e-02	3.103634848412935993e-02	8.071252099139661351e-02
1.290233315981864052e+03	2.355986143931486365e-01	1.544007353078337141e-01	2.654039572445507367e-01	1.583122373726482401e-01	7.446571184057503012e-02	3.105652115226146745e-02	8.076222268876249999e-02
