1.001418434226643626e+03	2.791413823384457649e-01	1.816601043261626136e-01	2.349642828429276686e-01	1.408258308141497606e-01	6.773707910291772161e-02	2.656953514661737972e-02	6.910178542855294204e-02
1.002869765290740247e+03	2.788824361732869517e-01	1.815003527979753006e-01	2.351459115182799320e-01	1.409294344619932693e-01	6.777731862367378235e-02	2.659448879268277652e-02	6.917005763188181777e-02
1.004321096354836754e+03	2.786239386568849508e-01	1.813408602997062802e-01	2.353272182850558447e-01	1.410328548907391899e-01	6.781748368187975884e-02	2.661941978504391709e-02	6.923822440046389914e-02
1.005772427418933376e+03	2.783658890112623574e-01	1.811816264029874612e-01	2.355082037090315272e-01	1.411360925325001459e-01	6.785757443837843461e-02	2.664432809220996373e-02	6.930628581340400607e-02
1.007223758483029997e+03	2.781082864598411475e-01	1.810226506801691782e-01	2.356888683548327423e-01	1.412391478175817339e-01	6.789759105360891611e-02	2.666921368303866099e-02	6.937424195070153454e-02
1.008675089547126618e+03	2.778511302274395134e-01	1.808639327043192468e-01	2.358692127859390031e-01	1.413420211744951804e-01	6.793753368760789557e-02	2.669407652673430609e-02	6.944209289323879930e-02
1.010126420611223239e+03	2.775944195402690884e-01	1.807054720492214661e-01	2.360492375646874308e-01	1.414447130299699151e-01	6.797740250001084450e-02	2.671891659284567760e-02	6.950983872276948750e-02
1.011577751675319632e+03	2.773381536259321156e-01	1.805472682893744241e-01	2.362289432522768906e-01	1.415472238089659773e-01	6.801719765005323493e-02	2.674373385126403019e-02	6.957747952190725116e-02
1.013029082739416367e+03	2.770823317134183950e-01	1.803893209999903324e-01	2.364083304087717663e-01	1.416495539346863397e-01	6.805691929657171901e-02	2.676852827222106837e-02	6.964501537411434129e-02
1.014480413803512761e+03	2.768269530331023409e-01	1.802316297569935277e-01	2.365873995931059848e-01	1.417517038285892872e-01	6.809656759800540582e-02	2.679329982628694470e-02	6.971244636369051950e-02
1.015931744867609382e+03	2.765720168167402071e-01	1.800741941370194721e-01	2.367661513630868186e-01	1.418536739104004074e-01	6.813614271239697151e-02	2.681804848436826483e-02	6.977977257576188641e-02
1.017383075931706003e+03	2.763175222974671441e-01	1.799170137174133932e-01	2.369445862753987997e-01	1.419554645981246921e-01	6.817564479739392225e-02	2.684277421770610295e-02	6.984699409626998756e-02
1.018834406995802851e+03	2.760634687097943685e-01	1.797600880762290632e-01	2.371227048856074937e-01	1.420570763080583887e-01	6.821507401024977379e-02	2.686747699787404853e-02	6.991411101196090550e-02
1.020285738059899245e+03	2.758098552896062761e-01	1.796034167922275215e-01	2.373005077481633585e-01	1.421585094548009076e-01	6.825443050782521726e-02	2.689215679677622525e-02	6.998112341037454609e-02
1.021737069123995752e+03	2.755566812741576110e-01	1.794469994448758265e-01	2.374779954164055462e-01	1.422597644512664794e-01	6.829371444658932644e-02	2.691681358664536894e-02	7.004803137983398043e-02
1.023188400188092373e+03	2.753039459020704682e-01	1.792908356143458615e-01	2.376551684425655120e-01	1.423608417086957845e-01	6.833292598262070972e-02	2.694144734004087424e-02	7.011483500943492542e-02
1.024639731252188767e+03	2.750516484133317396e-01	1.791349248815130857e-01	2.378320273777708993e-01	1.424617416366674716e-01	6.837206527160870351e-02	2.696605802984689340e-02	7.018153438903529384e-02
1.026091062316285615e+03	2.747997880492901168e-01	1.789792668279552856e-01	2.380085727720491762e-01	1.425624646431095932e-01	6.841113246885453802e-02	2.699064562927040029e-02	7.024812960924493865e-02
1.027542393380382237e+03	2.745483640526531488e-01	1.788238610359514091e-01	2.381848051743314099e-01	1.426630111343109297e-01	6.845012772927250300e-02	2.701521011183932036e-02	7.031462076141536954e-02
1.028993724444478858e+03	2.742973756674846886e-01	1.786687070884802053e-01	2.383607251324556808e-01	1.427633815149321472e-01	6.848905120739109953e-02	2.703975145140061209e-02	7.038100793762966378e-02
1.030445055508575479e+03	2.740468221392019510e-01	1.785138045692190867e-01	2.385363331931709407e-01	1.428635761880170107e-01	6.852790305735423360e-02	2.706426962211842119e-02	7.044729123069248811e-02
1.031896386572671872e+03	2.737967027145726262e-01	1.783591530625429078e-01	2.387116299021405930e-01	1.429635955550033199e-01	6.856668343292228462e-02	2.708876459847217935e-02	7.051347073412014832e-02
1.033347717636768493e+03	2.735470166417124371e-01	1.782047521535227719e-01	2.388866158039459620e-01	1.430634400157339836e-01	6.860539248747334062e-02	2.711323635525478629e-02	7.057954654213080548e-02
1.034799048700865114e+03	2.732977631700819754e-01	1.780506014279247540e-01	2.390612914420899571e-01	1.431631099684677055e-01	6.864403037400429453e-02	2.713768486757074661e-02	7.064551874963476141e-02
1.036250379764961508e+03	2.730489415504840922e-01	1.778967004722086520e-01	2.392356573590005142e-01	1.432626058098897814e-01	6.868259724513202380e-02	2.716211011083432408e-02	7.071138745222485533e-02
1.037701710829058356e+03	2.728005510350611784e-01	1.777430488735269321e-01	2.394097140960342318e-01	1.433619279351227571e-01	6.872109325309445904e-02	2.718651206076775489e-02	7.077715274616692975e-02
1.039153041893154750e+03	2.725525908772924444e-01	1.775896462197232850e-01	2.395834621934798125e-01	1.434610767377370866e-01	6.875951854975176358e-02	2.721089069339940880e-02	7.084281472839044913e-02
1.040604372957251599e+03	2.723050603319910890e-01	1.774364920993316830e-01	2.397569021905613940e-01	1.435600526097615126e-01	6.879787328658745760e-02	2.723524598506199546e-02	7.090837349647914623e-02
1.042055704021347992e+03	2.720579586553015794e-01	1.772835861015749914e-01	2.399300346254422123e-01	1.436588559416933919e-01	6.883615761470952832e-02	2.725957791239077763e-02	7.097382914866184889e-02
1.043507035085444613e+03	2.718112851046969314e-01	1.771309278163638035e-01	2.401028600352278497e-01	1.437574871225091311e-01	6.887437168485154027e-02	2.728388645232179138e-02	7.103918178380329296e-02
1.044958366149541234e+03	2.715650389389760999e-01	1.769785168342952464e-01	2.402753789559697317e-01	1.438559465396743176e-01	6.891251564737377322e-02	2.730817158209007667e-02	7.110443150139510171e-02
1.046409697213637855e+03	2.713192194182610928e-01	1.768263527466518437e-01	2.404475919226685132e-01	1.439542345791537947e-01	6.895058965226429082e-02	2.733243327922791829e-02	7.116957840154684856e-02
1.047861028277734476e+03	2.710738258039944171e-01	1.766744351454002659e-01	2.406194994692773259e-01	1.440523516254218483e-01	6.898859384914010628e-02	2.735667152156310081e-02	7.123462258497717525e-02
1.049312359341831097e+03	2.708288573589364145e-01	1.765227636231901376e-01	2.407911021287053033e-01	1.441502980614719209e-01	6.902652838724822326e-02	2.738088628721716336e-02	7.129956415300511829e-02
1.050763690405927491e+03	2.705843133471623752e-01	1.763713377733528709e-01	2.409624004328205782e-01	1.442480742688267425e-01	6.906439341546675992e-02	2.740507755460368580e-02	7.136440320754128264e-02
1.052215021470024112e+03	2.703401930340599835e-01	1.762201571899004171e-01	2.411333949124539744e-01	1.443456806275479065e-01	6.910218908230607304e-02	2.742924530242655742e-02	7.142913985107939012e-02
1.053666352534120733e+03	2.700964956863268207e-01	1.760692214675241563e-01	2.413040860974019208e-01	1.444431175162456393e-01	6.913991553590979888e-02	2.745338950967827346e-02	7.149377418668768913e-02
1.055117683598217127e+03	2.698532205719674226e-01	1.759185302015937036e-01	2.414744745164299766e-01	1.445403853120883764e-01	6.917757292405596337e-02	2.747751015563824201e-02	7.155830631800061403e-02
1.056569014662313975e+03	2.696103669602908370e-01	1.757680829881557438e-01	2.416445606972758287e-01	1.446374843908123931e-01	6.921516139415800906e-02	2.750160721987109091e-02	7.162273634921040300e-02
1.058020345726410369e+03	2.693679341219078482e-01	1.756178794239327823e-01	2.418143451666526778e-01	1.447344151267311307e-01	6.925268109326598864e-02	2.752568068222499900e-02	7.168706438505889622e-02
1.059471676790506763e+03	2.691259213287285346e-01	1.754679191063220900e-01	2.419838284502522918e-01	1.448311778927446614e-01	6.929013216806752251e-02	2.754973052283001336e-02	7.175129053082932029e-02
1.060923007854603611e+03	2.688843278539592707e-01	1.753182016333943438e-01	2.421530110727483365e-01	1.449277730603489023e-01	6.932751476488892284e-02	2.757375672209641526e-02	7.181541489233829456e-02
1.062374338918700232e+03	2.686431529721005074e-01	1.751687266038926549e-01	2.423218935577992894e-01	1.450242009996449144e-01	6.936482902969626219e-02	2.759775926071304092e-02	7.187943757592780980e-02
1.063825669982796853e+03	2.684023959589439956e-01	1.750194936172313476e-01	2.424904764280518821e-01	1.451204620793479783e-01	6.940207510809638658e-02	2.762173811964567169e-02	7.194335868845726234e-02
1.065277001046893474e+03	2.681620560915701224e-01	1.748705022734947379e-01	2.426587602051438752e-01	1.452165566667966146e-01	6.943925314533806736e-02	2.764569328013537913e-02	7.200717833729572415e-02
1.066728332110990095e+03	2.679221326483455790e-01	1.747217521734359402e-01	2.428267454097074174e-01	1.453124851279616325e-01	6.947636328631294489e-02	2.766962472369692908e-02	7.207089663031408799e-02
1.068179663175086489e+03	2.676826249089203635e-01	1.745732429184758960e-01	2.429944325613718759e-01	1.454082478274550394e-01	6.951340567555665262e-02	2.769353243211715790e-02	7.213451367587753182e-02
1.069630994239183110e+03	2.674435321542256716e-01	1.744249741107019858e-01	2.431618221787671397e-01	1.455038451285387835e-01	6.955038045724984408e-02	2.771741638745336966e-02	7.219802958283778882e-02
1.071082325303279504e+03	2.672048536664707874e-01	1.742769453528670298e-01	2.433289147795264507e-01	1.455992773931336359e-01	6.958728777521920594e-02	2.774127657203175404e-02	7.226144446052573667e-02
1.072533656367376352e+03	2.669665887291409745e-01	1.741291562483880950e-01	2.434957108802895676e-01	1.456945449818276839e-01	6.962412777293855437e-02	2.776511296844578341e-02	7.232475841874393130e-02
1.073984987431472746e+03	2.667287366269948112e-01	1.739816064013453289e-01	2.436622109967055971e-01	1.457896482538851568e-01	6.966090059352980646e-02	2.778892555955467247e-02	7.238797156775923780e-02
1.075436318495569594e+03	2.664912966460615262e-01	1.738342954164807941e-01	2.438284156434361027e-01	1.458845875672547809e-01	6.969760637976407658e-02	2.781271432848178224e-02	7.245108401829557232e-02
1.076887649559666215e+03	2.662542680736384448e-01	1.736872228991974410e-01	2.439943253341580187e-01	1.459793632785783279e-01	6.973424527406263396e-02	2.783647925861308658e-02	7.251409588152665786e-02
1.078338980623762609e+03	2.660176501982886577e-01	1.735403884555578036e-01	2.441599405815665924e-01	1.460739757431990249e-01	6.977081741849797125e-02	2.786022033359561445e-02	7.257700726906894662e-02
1.079790311687859230e+03	2.657814423098383561e-01	1.733937916922828892e-01	2.443252618973782986e-01	1.461684253151698254e-01	6.980732295479483152e-02	2.788393753733590941e-02	7.263981829297452841e-02
1.081241642751955851e+03	2.655456436993742786e-01	1.732474322167511516e-01	2.444902897923337537e-01	1.462627123472616530e-01	6.984376202433116576e-02	2.790763085399851004e-02	7.270252906572413631e-02
1.082692973816052472e+03	2.653102536592412686e-01	1.731013096369972692e-01	2.446550247762006025e-01	1.463568371909716448e-01	6.988013476813921543e-02	2.793130026800443033e-02	7.276513970022024935e-02
1.084144304880149093e+03	2.650752714830397205e-01	1.729554235617110636e-01	2.448194673577763214e-01	1.464508001965312001e-01	6.991644132690648383e-02	2.795494576402964351e-02	7.282765030978026466e-02
1.085595635944245487e+03	2.648406964656231377e-01	1.728097736002362772e-01	2.449836180448912715e-01	1.465446017129140022e-01	6.995268184097673536e-02	2.797856732700357632e-02	7.289006100812968347e-02
1.087046967008342108e+03	2.646065279030956341e-01	1.726643593625696027e-01	2.451474773444113076e-01	1.466382420878440951e-01	6.998885645035103631e-02	2.800216494210762061e-02	7.295237190939546368e-02
1.088498298072438729e+03	2.643727650928094919e-01	1.725191804593592670e-01	2.453110457622406648e-01	1.467317216678037106e-01	7.002496529468871245e-02	2.802573859477365190e-02	7.301458312809937234e-02
1.089949629136535123e+03	2.641394073333623860e-01	1.723742365019042544e-01	2.454743238033247898e-01	1.468250407980411509e-01	7.006100851330833434e-02	2.804928827068254443e-02	7.307669477915137990e-02
1.091400960200631971e+03	2.639064539245954966e-01	1.722295271021530294e-01	2.456373119716531717e-01	1.469181998225785324e-01	7.009698624518874432e-02	2.807281395576271404e-02	7.313870697784320696e-02
1.092852291264728365e+03	2.636739041675904560e-01	1.720850518727023437e-01	2.458000107702619785e-01	1.470111990842195571e-01	7.013289862897004179e-02	2.809631563618864014e-02	7.320061983984191278e-02
1.094303622328825213e+03	2.634417573646672395e-01	1.719408104267962090e-01	2.459624207012369168e-01	1.471040389245570623e-01	7.016874580295454078e-02	2.811979329837943284e-02	7.326243348118351151e-02
1.095754953392921607e+03	2.632100128193817223e-01	1.717968023783247866e-01	2.461245422657159232e-01	1.471967196839807646e-01	7.020452790510776919e-02	2.814324692899737232e-02	7.332414801826662998e-02
1.097206284457018228e+03	2.629786698365229047e-01	1.716530273418232500e-01	2.462863759638918570e-01	1.472892417016846145e-01	7.024024507305942633e-02	2.816667651494649677e-02	7.338576356784640153e-02
1.098657615521114849e+03	2.627477277221109686e-01	1.715094849324707016e-01	2.464479222950153314e-01	1.473816053156742911e-01	7.027589744410438211e-02	2.819008204337115214e-02	7.344728024702817937e-02
1.100108946585211470e+03	2.625171857833944467e-01	1.713661747660889523e-01	2.466091817573972111e-01	1.474738108627746680e-01	7.031148515520362074e-02	2.821346350165458705e-02	7.350869817326151356e-02
1.101560277649308091e+03	2.622870433288480019e-01	1.712230964591416049e-01	2.467701548484114160e-01	1.475658586786371407e-01	7.034700834298521221e-02	2.823682087741753374e-02	7.357001746433408651e-02
1.103011608713404712e+03	2.620572996681700406e-01	1.710802496287328056e-01	2.469308420644975022e-01	1.476577490977468432e-01	7.038246714374531143e-02	2.826015415851681686e-02	7.363123823836573156e-02
1.104462939777501106e+03	2.618279541122799925e-01	1.709376338926061334e-01	2.470912439011634099e-01	1.477494824534298923e-01	7.041786169344906032e-02	2.828346333304394833e-02	7.369236061380254887e-02
1.105914270841597499e+03	2.615990059733165340e-01	1.707952488691436566e-01	2.472513608529879614e-01	1.478410590778605205e-01	7.045319212773157314e-02	2.830674838932374648e-02	7.375338470941103508e-02
1.107365601905694348e+03	2.613704545646344246e-01	1.706530941773647114e-01	2.474111934136235258e-01	1.479324793020682094e-01	7.048845858189888014e-02	2.833000931591294833e-02	7.381431064427233790e-02
1.108816932969790741e+03	2.611422992008027855e-01	1.705111694369247366e-01	2.475707420757986832e-01	1.480237434559446841e-01	7.052366119092888519e-02	2.835324610159884948e-02	7.387513853777644135e-02
1.110268264033887590e+03	2.609145391976022688e-01	1.703694742681143293e-01	2.477300073313205842e-01	1.481148518682509352e-01	7.055880008947233717e-02	2.837645873539794070e-02	7.393586850961660073e-02
1.111719595097984211e+03	2.606871738720230036e-01	1.702280082918581350e-01	2.478889896710778362e-01	1.482058048666241024e-01	7.059387541185370429e-02	2.839964720655454092e-02	7.399650067978366663e-02
1.113170926162080832e+03	2.604602025422620426e-01	1.700867711297137097e-01	2.480476895850427521e-01	1.482966027775843298e-01	7.062888729207215943e-02	2.842281150453945804e-02	7.405703516856056157e-02
1.114622257226177226e+03	2.602336245277209748e-01	1.699457624038703818e-01	2.482061075622740698e-01	1.483872459265416222e-01	7.066383586380252380e-02	2.844595161904864278e-02	7.411747209651681212e-02
1.116073588290273847e+03	2.600074391490036496e-01	1.698049817371483361e-01	2.483642440909194504e-01	1.484777346378025331e-01	7.069872126039615512e-02	2.846906754000186682e-02	7.417781158450308110e-02
1.117524919354370468e+03	2.597816457279138458e-01	1.696644287529973372e-01	2.485220996582178377e-01	1.485680692345769105e-01	7.073354361488193298e-02	2.849215925754138706e-02	7.423805375364579684e-02
1.118976250418467089e+03	2.595562435874529394e-01	1.695241030754958411e-01	2.486796747505021776e-01	1.486582500389845019e-01	7.076830305996713311e-02	2.851522676203062726e-02	7.429819872534183800e-02
1.120427581482563710e+03	2.593312320518175174e-01	1.693840043293496911e-01	2.488369698532017227e-01	1.487482773720615326e-01	7.080299972803838493e-02	2.853827004405288040e-02	7.435824662125334328e-02
1.121878912546660331e+03	2.591066104463971564e-01	1.692441321398912846e-01	2.489939854508446682e-01	1.488381515537672561e-01	7.083763375116257366e-02	2.856128909440998689e-02	7.441819756330232682e-02
1.123330243610756725e+03	2.588823780977717037e-01	1.691044861330782967e-01	2.491507220270603173e-01	1.489278729029904214e-01	7.087220526108775620e-02	2.858428390412105780e-02	7.447805167366573775e-02
1.124781574674853118e+03	2.586585343337095555e-01	1.689650659354927364e-01	2.493071800645818015e-01	1.490174417375556837e-01	7.090671438924409098e-02	2.860725446442116682e-02	7.453780907477021433e-02
1.126232905738949967e+03	2.584350784831650483e-01	1.688258711743398366e-01	2.494633600452483557e-01	1.491068583742300724e-01	7.094116126674473999e-02	2.863020076676008399e-02	7.459746988928711575e-02
1.127684236803046360e+03	2.582120098762760718e-01	1.686869014774469988e-01	2.496192624500078450e-01	1.491961231287291523e-01	7.097554602438672922e-02	2.865312280280099891e-02	7.465703424012749834e-02
1.129135567867143209e+03	2.579893278443618487e-01	1.685481564732627113e-01	2.497748877589189564e-01	1.492852363157233520e-01	7.100986879265192009e-02	2.867602056441925090e-02	7.471650225043718896e-02
1.130586898931239830e+03	2.577670317199207695e-01	1.684096357908555219e-01	2.499302364511538088e-01	1.493741982488442643e-01	7.104412970170789765e-02	2.869889404370106964e-02	7.477587404359188616e-02
1.132038229995336451e+03	2.575451208366279499e-01	1.682713390599129000e-01	2.500853090050002003e-01	1.494630092406906419e-01	7.107832888140883099e-02	2.872174323294231918e-02	7.483514974319235846e-02
1.133489561059432845e+03	2.573235945293330107e-01	1.681332659107402372e-01	2.502401058978639958e-01	1.495516696028346970e-01	7.111246646129638915e-02	2.874456812464725591e-02	7.489432947305964261e-02
1.134940892123529466e+03	2.571024521340578017e-01	1.679954159742598208e-01	2.503946276062714027e-01	1.496401796458279865e-01	7.114654257060061548e-02	2.876736871152730038e-02	7.495341335723029741e-02
1.136392223187626087e+03	2.568816929879941258e-01	1.678577888820096398e-01	2.505488746058714966e-01	1.497285396792076007e-01	7.118055733824085740e-02	2.879014498649978132e-02	7.501240151995178240e-02
1.137843554251722708e+03	2.566613164295015181e-01	1.677203842661425803e-01	2.507028473714382200e-01	1.498167500115019923e-01	7.121451089282658520e-02	2.881289694268672485e-02	7.507129408567775330e-02
1.139294885315819101e+03	2.564413217981049153e-01	1.675832017594250656e-01	2.508565463768729908e-01	1.499048109502369441e-01	7.124840336265834961e-02	2.883562457341364016e-02	7.513009117906352397e-02
1.140746216379915950e+03	2.562217084344923790e-01	1.674462409952363062e-01	2.510099720952069235e-01	1.499927228019414249e-01	7.128223487572860062e-02	2.885832787220830517e-02	7.518879292496155609e-02
1.142197547444012343e+03	2.560024756805130974e-01	1.673095016075670238e-01	2.511631249986029379e-01	1.500804858721534740e-01	7.131600555972258948e-02	2.888100683279955228e-02	7.524739944841689343e-02
1.143648878508108737e+03	2.557836228791747768e-01	1.671729832310185626e-01	2.513160055583582020e-01	1.501681004654258633e-01	7.134971554201921529e-02	2.890366144911607829e-02	7.530591087466281808e-02
1.145100209572205586e+03	2.555651493746418645e-01	1.670366855008017515e-01	2.514686142449064632e-01	1.502555668853319260e-01	7.138336494969192703e-02	2.892629171528525445e-02	7.536432732911642340e-02
1.146551540636302207e+03	2.553470545122328295e-01	1.669006080527359048e-01	2.516209515278199360e-01	1.503428854344711629e-01	7.141695390950957012e-02	2.894889762563193983e-02	7.542264893737425646e-02
1.148002871700398828e+03	2.551293376384182743e-01	1.667647505232477401e-01	2.517730178758119663e-01	1.504300564144749330e-01	7.145048254793727460e-02	2.897147917467730177e-02	7.548087582520804362e-02
1.149454202764495449e+03	2.549119981008187152e-01	1.666291125493704339e-01	2.519248137567390300e-01	1.505170801260120039e-01	7.148395099113726003e-02	2.899403635713764318e-02	7.553900811856045783e-02
1.150905533828591842e+03	2.546950352482021396e-01	1.664936937687424845e-01	2.520763396376028975e-01	1.506039568687941310e-01	7.151735936496975143e-02	2.901656916792324029e-02	7.559704594354085816e-02
1.152356864892688463e+03	2.544784484304821182e-01	1.663584938196067398e-01	2.522275959845528548e-01	1.506906869415814976e-01	7.155070779499381195e-02	2.903907760213718381e-02	7.565498942642122360e-02
1.153808195956785084e+03	2.542622369987153630e-01	1.662235123408093984e-01	2.523785832628881454e-01	1.507772706421881825e-01	7.158399640646816164e-02	2.906156165507422715e-02	7.571283869363196195e-02
1.155259527020881706e+03	2.540464003050995068e-01	1.660887489717988441e-01	2.525293019370598580e-01	1.508637082674876839e-01	7.161722532435207955e-02	2.908402132221963796e-02	7.577059387175785754e-02
1.156710858084978327e+03	2.538309377029712155e-01	1.659542033526248128e-01	2.526797524706729803e-01	1.509500001134181646e-01	7.165039467330623635e-02	2.910645659924804632e-02	7.582825508753408827e-02
1.158162189149074720e+03	2.536158485468036350e-01	1.658198751239371715e-01	2.528299353264889526e-01	1.510361464749877536e-01	7.168350457769349926e-02	2.912886748202234491e-02	7.588582246784217333e-02
1.159613520213171569e+03	2.534011321922046145e-01	1.656857639269850857e-01	2.529798509664274997e-01	1.511221476462799307e-01	7.171655516157982024e-02	2.915125396659252674e-02	7.594329613970612902e-02
1.161064851277267962e+03	2.531867879959142087e-01	1.655518694036158256e-01	2.531294998515687955e-01	1.512080039204586890e-01	7.174954654873502702e-02	2.917361604919457840e-02	7.600067623028848585e-02
1.162516182341364356e+03	2.529728153158026238e-01	1.654181911962738782e-01	2.532788824421557949e-01	1.512937155897738362e-01	7.178247886263369737e-02	2.919595372624937332e-02	7.605796286688648600e-02
1.163967513405461204e+03	2.527592135108681082e-01	1.652847289479998649e-01	2.534279991975960655e-01	1.513792829455659350e-01	7.181535222645596406e-02	2.921826699436155111e-02	7.611515617692823921e-02
1.165418844469557826e+03	2.525459819412347873e-01	1.651514823024294865e-01	2.535768505764640079e-01	1.514647062782716880e-01	7.184816676308834749e-02	2.924055585031841778e-02	7.617225628796900350e-02
1.166870175533654447e+03	2.523331199681504433e-01	1.650184509037926628e-01	2.537254370365030209e-01	1.515499858774288222e-01	7.188092259512460225e-02	2.926282029108885283e-02	7.622926332768742430e-02
1.168321506597751068e+03	2.521206269539844613e-01	1.648856343969123395e-01	2.538737590346273332e-01	1.516351220316811410e-01	7.191361984486650816e-02	2.928506031382221292e-02	7.628617742388181522e-02
1.169772837661847461e+03	2.519085022622256087e-01	1.647530324272036273e-01	2.540218170269244458e-01	1.517201150287835754e-01	7.194625863432468904e-02	2.930727591584725289e-02	7.634299870446653591e-02
1.171224168725944082e+03	2.516967452574800923e-01	1.646206446406726920e-01	2.541696114686567975e-01	1.518049651556071522e-01	7.197883908521948704e-02	2.932946709467104326e-02	7.639972729746846714e-02
1.172675499790040703e+03	2.514853553054691715e-01	1.644884706839158384e-01	2.543171428142640411e-01	1.518896726981438239e-01	7.201136131898169812e-02	2.935163384797790515e-02	7.645636333102327764e-02
1.174126830854137097e+03	2.512743317730272152e-01	1.643565102041183446e-01	2.544644115173649856e-01	1.519742379415113809e-01	7.204382545675343252e-02	2.937377617362833121e-02	7.651290693337203797e-02
1.175578161918233945e+03	2.510636740280994816e-01	1.642247628490537126e-01	2.546114180307597619e-01	1.520586611699583368e-01	7.207623161938887801e-02	2.939589406965792753e-02	7.656935823285765386e-02
1.177029492982330339e+03	2.508533814397401751e-01	1.640932282670825026e-01	2.547581628064315429e-01	1.521429426668686469e-01	7.210857992745518807e-02	2.941798753427636928e-02	7.662571735792143846e-02
1.178480824046426733e+03	2.506434533781100593e-01	1.639619061071512784e-01	2.549046462955487646e-01	1.522270827147664818e-01	7.214087050123320355e-02	2.944005656586634254e-02	7.668198443709969836e-02
1.179932155110523581e+03	2.504338892144747919e-01	1.638307960187918022e-01	2.550508689484671798e-01	1.523110815953209740e-01	7.217310346071828531e-02	2.946210116298249998e-02	7.673815959902031969e-02
1.181383486174620202e+03	2.502246883212023154e-01	1.636998976521198412e-01	2.551968312147317453e-01	1.523949395893509084e-01	7.220527892562110528e-02	2.948412132435042701e-02	7.679424297239954844e-02
1.182834817238716823e+03	2.500158500717611920e-01	1.635692106578343075e-01	2.553425335430785093e-01	1.524786569768293853e-01	7.223739701536847913e-02	2.950611704886560091e-02	7.685023468603849328e-02
1.184286148302813444e+03	2.498073738407182998e-01	1.634387346872162861e-01	2.554879763814366100e-01	1.525622340368883445e-01	7.226945784910407400e-02	2.952808833559238122e-02	7.690613486882003080e-02
1.185737479366910065e+03	2.495992590037368064e-01	1.633084693921278974e-01	2.556331601769303852e-01	1.526456710478232282e-01	7.230146154568928285e-02	2.955003518376296545e-02	7.696194364970548873e-02
1.187188810431006686e+03	2.493915049375741433e-01	1.631784144250114921e-01	2.557780853758811479e-01	1.527289682870974774e-01	7.233340822370395995e-02	2.957195759277639682e-02	7.701766115773148180e-02
1.188640141495103080e+03	2.491841110200798404e-01	1.630485694388885409e-01	2.559227524238092411e-01	1.528121260313470009e-01	7.236529800144725355e-02	2.959385556219753383e-02	7.707328752200673372e-02
1.190091472559199701e+03	2.489770766301936111e-01	1.629189340873586911e-01	2.560671617654358689e-01	1.528951445563847267e-01	7.239713099693831366e-02	2.961572909175605797e-02	7.712882287170894080e-02
1.191542803623296322e+03	2.487704011479431321e-01	1.627895080245987669e-01	2.562113138446849292e-01	1.529780241372049876e-01	7.242890732791712471e-02	2.963757818134547459e-02	7.718426733608174661e-02
1.192994134687392716e+03	2.485640839544420999e-01	1.626602909053618262e-01	2.563552091046852888e-01	1.530607650479879067e-01	7.246062711184529659e-02	2.965940283102211361e-02	7.723962104443163335e-02
1.194445465751489564e+03	2.483581244318881776e-01	1.625312823849761890e-01	2.564988479877722272e-01	1.531433675621037827e-01	7.249229046590677239e-02	2.968120304100414081e-02	7.729488412612489645e-02
1.195896796815585958e+03	2.481525219635608293e-01	1.624024821193444656e-01	2.566422309354896014e-01	1.532258319521173640e-01	7.252389750700868887e-02	2.970297881167058632e-02	7.735005671058467480e-02
1.197348127879682352e+03	2.479472759338195165e-01	1.622738897649424750e-01	2.567853583885915669e-01	1.533081584897921790e-01	7.255544835178204255e-02	2.972473014356034893e-02	7.740513892728796697e-02
1.198799458943779200e+03	2.477423857281014219e-01	1.621455049788184388e-01	2.569282307870447979e-01	1.533903474460948935e-01	7.258694311658253628e-02	2.974645703737123503e-02	7.746013090576280014e-02
1.200250790007875821e+03	2.475378507329195898e-01	1.620173274185918999e-01	2.570708485700297641e-01	1.534723990911993907e-01	7.261838191749132865e-02	2.976815949395898372e-02	7.751503277558520477e-02
1.201702121071972442e+03	2.473336703358608724e-01	1.618893567424527502e-01	2.572132121759430623e-01	1.535543136944909626e-01	7.264976487031572783e-02	2.978983751433632310e-02	7.756984466637648068e-02
1.203153452136069063e+03	2.471298439255837920e-01	1.617615926091603151e-01	2.573553220423991372e-01	1.536360915245706116e-01	7.268109209059005205e-02	2.981149109967199534e-02	7.762456670780029655e-02
1.204604783200165684e+03	2.469263708918167377e-01	1.616340346780423820e-01	2.574971786062319468e-01	1.537177328492590755e-01	7.271236369357632345e-02	2.983312025128980610e-02	7.767919902955994216e-02
1.206056114264262078e+03	2.467232506253557445e-01	1.615066826089942564e-01	2.576387823034971269e-01	1.537992379356009354e-01	7.274357979426500365e-02	2.985472497066769121e-02	7.773374176139551117e-02
1.207507445328358699e+03	2.465204825180626336e-01	1.613795360624777075e-01	2.577801335694733798e-01	1.538806070498686673e-01	7.277474050737584021e-02	2.987630525943675910e-02	7.778819503308126437e-02
1.208958776392455093e+03	2.463180659628630143e-01	1.612525946995201354e-01	2.579212328386646935e-01	1.539618404575667787e-01	7.280584594735847737e-02	2.989786111938036797e-02	7.784255897442282635e-02
1.210410107456551941e+03	2.461160003537442298e-01	1.611258581817135438e-01	2.580620805448018418e-01	1.540429384234356935e-01	7.283689622839330247e-02	2.991939255243318552e-02	7.789683371525459032e-02
1.211861438520648335e+03	2.459142850857532758e-01	1.609993261712135693e-01	2.582026771208443261e-01	1.541239012114557494e-01	7.286789146439215381e-02	2.994089956068026609e-02	7.795101938543703979e-02
1.213312769584745183e+03	2.457129195549951073e-01	1.608729983307385647e-01	2.583430229989822635e-01	1.542047290848511387e-01	7.289883176899908390e-02	2.996238214635613129e-02	7.800511611485418106e-02
1.214764100648841804e+03	2.455119031586303902e-01	1.607468743235686282e-01	2.584831186106378298e-01	1.542854223060938779e-01	7.292971725559105334e-02	2.998384031184384707e-02	7.805912403341093431e-02
1.216215431712937971e+03	2.453112352948736419e-01	1.606209538135446591e-01	2.586229643864673133e-01	1.543659811369076096e-01	7.296054803727869409e-02	3.000527405967412520e-02	7.811304327103055223e-02
1.217666762777034819e+03	2.451109153629912052e-01	1.604952364650674146e-01	2.587625607563627805e-01	1.544464058382715166e-01	7.299132422690707278e-02	3.002668339252440033e-02	7.816687395765216373e-02
1.219118093841131440e+03	2.449109427632993607e-01	1.603697219430965937e-01	2.589019081494539631e-01	1.545266966704240963e-01	7.302204593705635682e-02	3.004806831321794186e-02	7.822061622322827590e-02
1.220569424905228061e+03	2.447113168971623010e-01	1.602444099131497823e-01	2.590410069941096460e-01	1.546068538928670189e-01	7.305271328004260545e-02	3.006942882472294840e-02	7.827427019772226213e-02
1.222020755969324682e+03	2.445120371669902148e-01	1.601193000413016765e-01	2.591798577179398877e-01	1.546868777643687354e-01	7.308332636791843584e-02	3.009076493015166304e-02	7.832783601110594740e-02
1.223472087033421303e+03	2.443131029762373729e-01	1.599943919941829440e-01	2.593184607477973525e-01	1.547667685429684470e-01	7.311388531247381417e-02	3.011207663275947827e-02	7.838131379335722126e-02
1.224923418097517697e+03	2.441145137294000178e-01	1.598696854389794753e-01	2.594568165097791979e-01	1.548465264859795743e-01	7.314439022523669398e-02	3.013336393594406165e-02	7.843470367445765090e-02
1.226374749161614318e+03	2.439162688320146155e-01	1.597451800434313285e-01	2.595949254292287400e-01	1.549261518499935875e-01	7.317484121747382109e-02	3.015462684324446765e-02	7.848800578439010800e-02
1.227826080225710712e+03	2.437183676906558294e-01	1.596208754758318416e-01	2.597327879307372300e-01	1.550056448908836149e-01	7.320523840019137196e-02	3.017586535834028069e-02	7.854122025313647892e-02
1.229277411289807560e+03	2.435208097129346050e-01	1.594967714050266328e-01	2.598704044381455192e-01	1.550850058638080231e-01	7.323558188413577252e-02	3.019707948505072695e-02	7.859434721067533325e-02
1.230728742353903954e+03	2.433235943074962271e-01	1.593728675004127682e-01	2.600077753745457798e-01	1.551642350232140810e-01	7.326587177979426713e-02	3.021826922733382437e-02	7.864738678697966168e-02
1.232180073418000802e+03	2.431267208840183769e-01	1.592491634319377625e-01	2.601449011622830043e-01	1.552433326228414845e-01	7.329610819739575123e-02	3.023943458928552222e-02	7.870033911201466947e-02
1.233631404482097196e+03	2.429301888532093001e-01	1.591256588700986907e-01	2.602817822229570033e-01	1.553222989157258815e-01	7.332629124691140976e-02	3.026057557513884069e-02	7.875320431573545887e-02
1.235082735546193817e+03	2.427339976268057808e-01	1.590023534859411614e-01	2.604184189774237934e-01	1.554011341542024249e-01	7.335642103805546654e-02	3.028169218926302433e-02	7.880598252808497517e-02
1.236534066610290438e+03	2.425381466175713374e-01	1.588792469510585392e-01	2.605548118457973739e-01	1.554798385899092417e-01	7.338649768028582265e-02	3.030278443616269898e-02	7.885867387899168912e-02
1.237985397674387059e+03	2.423426352392941963e-01	1.587563389375908629e-01	2.606909612474513360e-01	1.555584124737908469e-01	7.341652128280483358e-02	3.032385232047702175e-02	7.891127849836757080e-02
1.239436728738483680e+03	2.421474629067855711e-01	1.586336291182240954e-01	2.608268676010205844e-01	1.556368560561016412e-01	7.344649195455997537e-02	3.034489584697886225e-02	7.896379651610595241e-02
1.240888059802580301e+03	2.419526290358775533e-01	1.585111171661890694e-01	2.609625313244030020e-01	1.557151695864093244e-01	7.347640980424448298e-02	3.036591502057394559e-02	7.901622806207934946e-02
1.242339390866676695e+03	2.417581330434213360e-01	1.583888027552606548e-01	2.610979528347608936e-01	1.557933533135981985e-01	7.350627494029815523e-02	3.038690984630005101e-02	7.906857326613749015e-02
1.243790721930773088e+03	2.415639743472853262e-01	1.582666855597567035e-01	2.612331325485228173e-01	1.558714074858725818e-01	7.353608747090795150e-02	3.040788032932615834e-02	7.912083225810523368e-02
1.245242052994869937e+03	2.413701523663533133e-01	1.581447652545373006e-01	2.613680708813850839e-01	1.559493323507601947e-01	7.356584750400872730e-02	3.042882647495167084e-02	7.917300516778057184e-02
1.246693384058966330e+03	2.411766665205224702e-01	1.580230415150037371e-01	2.615027682483133109e-01	1.560271281551152966e-01	7.359555514728391423e-02	3.044974828860555482e-02	7.922509212493257513e-02
1.248144715123063179e+03	2.409835162307014667e-01	1.579015140170977050e-01	2.616372250635443097e-01	1.561047951451221827e-01	7.362521050816618617e-02	3.047064577584556247e-02	7.927709325929946371e-02
1.249596046187159800e+03	2.407907009188087755e-01	1.577801824373002704e-01	2.617714417405874183e-01	1.561823335662982370e-01	7.365481369383816701e-02	3.049151894235740609e-02	7.932900870058669229e-02
1.251047377251256421e+03	2.405982200077706468e-01	1.576590464526309854e-01	2.619054186922261107e-01	1.562597436634973191e-01	7.368436481123308290e-02	3.051236779395397059e-02	7.938083857846495173e-02
1.252498708315352815e+03	2.404060729215193315e-01	1.575381057406470275e-01	2.620391563305196625e-01	1.563370256809128167e-01	7.371386396703544230e-02	3.053319233657450851e-02	7.943258302256828163e-02
1.253950039379449436e+03	2.402142590849911108e-01	1.574173599794423117e-01	2.621726550668047606e-01	1.564141798620810597e-01	7.374331126768172984e-02	3.055399257628385254e-02	7.948424216249225238e-02
1.255401370443546057e+03	2.400227779241246306e-01	1.572968088476464632e-01	2.623059153116970021e-01	1.564912064498842348e-01	7.377270681936111407e-02	3.057476851927161399e-02	7.953581612779202226e-02
1.256852701507642678e+03	2.398316288658588202e-01	1.571764520244240959e-01	2.624389374750923931e-01	1.565681056865537157e-01	7.380205072801603039e-02	3.059552017185140915e-02	7.958730504798057492e-02
1.258304032571739299e+03	2.396408113381312821e-01	1.570562891894737578e-01	2.625717219661691249e-01	1.566448778136729780e-01	7.383134309934288875e-02	3.061624754046007868e-02	7.963870905252681820e-02
1.259755363635835920e+03	2.394503247698763215e-01	1.569363200230270705e-01	2.627042691933889618e-01	1.567215230721809294e-01	7.386058403879279533e-02	3.063695063165690693e-02	7.969002827085390483e-02
1.261206694699932314e+03	2.392601685910230314e-01	1.568165442058478964e-01	2.628365795644987957e-01	1.567980417023748241e-01	7.388977365157212152e-02	3.065762945212284832e-02	7.974126283233737289e-02
1.262658025764028707e+03	2.390703422324936822e-01	1.566969614192313398e-01	2.629686534865322001e-01	1.568744339439132884e-01	7.391891204264323945e-02	3.067828400865976399e-02	7.979241286630339713e-02
1.264109356828125556e+03	2.388808451262016963e-01	1.565775713450029694e-01	2.631004913658109290e-01	1.569507000358194015e-01	7.394799931672514648e-02	3.069891430818965511e-02	7.984347850202712371e-02
1.265560687892221949e+03	2.386916767050498989e-01	1.564583736655178192e-01	2.632320936079464713e-01	1.570268402164837207e-01	7.397703557829413135e-02	3.071952035775389264e-02	7.989445986873090766e-02
1.267012018956318798e+03	2.385028364029287418e-01	1.563393680636595562e-01	2.633634606178418269e-01	1.571028547236671957e-01	7.400602093158442640e-02	3.074010216451247834e-02	7.994535709558266146e-02
1.268463350020415419e+03	2.383143236547143606e-01	1.562205542228395638e-01	2.634945927996925064e-01	1.571787437945041666e-01	7.403495548058887377e-02	3.076065973574329190e-02	7.999617031169413417e-02
1.269914681084511813e+03	2.381261378962669373e-01	1.561019318269960543e-01	2.636254905569883622e-01	1.572545076655053053e-01	7.406383932905959144e-02	3.078119307884132072e-02	8.004689964611937103e-02
1.271366012148608434e+03	2.379382785644287290e-01	1.559835005605932079e-01	2.637561542925151992e-01	1.573301465725604475e-01	7.409267258050855620e-02	3.080170220131793479e-02	8.009754522785295094e-02
1.272817343212705055e+03	2.377507450970223479e-01	1.558652601086202294e-01	2.638865844083559398e-01	1.574056607509416172e-01	7.412145533820832521e-02	3.082218711080014079e-02	8.014810718582848770e-02
1.274268674276801676e+03	2.375635369328489566e-01	1.557472101565905986e-01	2.640167813058923452e-01	1.574810504353057472e-01	7.415018770519263280e-02	3.084264781502984998e-02	8.019858564891699237e-02
1.275720005340898297e+03	2.373766535116864917e-01	1.556293503905410436e-01	2.641467453858064030e-01	1.575563158596977043e-01	7.417886978425707045e-02	3.086308432186313580e-02	8.024898074592531905e-02
1.277171336404994690e+03	2.371900942742878049e-01	1.555116804970306521e-01	2.642764770480819925e-01	1.576314572575529538e-01	7.420750167795969743e-02	3.088349663926951566e-02	8.029929260559462434e-02
1.278622667469091539e+03	2.370038586623788857e-01	1.553942001631401504e-01	2.644059766920061061e-01	1.577064748617003909e-01	7.423608348862167916e-02	3.090388477533121195e-02	8.034952135659881312e-02
1.280073998533187932e+03	2.368179461186571688e-01	1.552769090764708759e-01	2.645352447161704590e-01	1.577813689043653100e-01	7.426461531832798113e-02	3.092424873824245468e-02	8.039966712754306744e-02
1.281525329597284326e+03	2.366323560867897025e-01	1.551598069251439449e-01	2.646642815184728770e-01	1.578561396171719033e-01	7.429309726892792398e-02	3.094458853630872863e-02	8.044973004696232000e-02
1.282976660661381175e+03	2.364470880114113160e-01	1.550428933977994472e-01	2.647930874961186842e-01	1.579307872311462024e-01	7.432152944203586353e-02	3.096490417794609332e-02	8.049971024331981084e-02
1.284427991725477568e+03	2.362621413381228719e-01	1.549261681835954474e-01	2.649216630456224797e-01	1.580053119767187431e-01	7.434991193903180140e-02	3.098519567168045788e-02	8.054960784500561632e-02
1.285879322789574417e+03	2.360775155134896275e-01	1.548096309722072073e-01	2.650500085628091917e-01	1.580797140837272574e-01	7.437824486106203725e-02	3.100546302614686986e-02	8.059942298033523356e-02
1.287330653853671038e+03	2.358932099850392372e-01	1.546932814538262702e-01	2.651781244428157991e-01	1.581539937814193941e-01	7.440652830903976556e-02	3.102570625008882130e-02	8.064915577754809550e-02
1.288781984917767431e+03	2.357092242012602534e-01	1.545771193191596560e-01	2.653060110800926630e-01	1.582281512984553273e-01	7.443476238364572783e-02	3.104592535235755138e-02	8.069880636480626646e-02
1.290233315981864052e+03	2.355255576116000726e-01	1.544611442594289175e-01	2.654336688684048040e-01	1.583021868629105045e-01	7.446294718532880941e-02	3.106612034191134214e-02	8.074837487019301263e-02
