1.001418434226643626e+03	2.791210891278830264e-01	1.816735439486758530e-01	2.349735006309121021e-01	1.408258027548203173e-01	6.773176318211360236e-02	2.657465531030468731e-02	6.909964504506388439e-02
1.003837319333471214e+03	2.786895070033101329e-01	1.814076406460793933e-01	2.352761970824640003e-01	1.409983296409847153e-01	6.779873724232120258e-02	2.661628605838480682e-02	6.921330232622920076e-02
1.006256204440298802e+03	2.782591710312273814e-01	1.811424551049302667e-01	2.355780008925079938e-01	1.411703488224700098e-01	6.786550502988870914e-02	2.665785356120056390e-02	6.932666555754850302e-02
1.008675089547126618e+03	2.778300776107939241e-01	1.808779853493899803e-01	2.358789146643471279e-01	1.413418622918556911e-01	6.793206728669912153e-02	2.669935767456898743e-02	6.943973512211862320e-02
1.011093974653954206e+03	2.774022231519661652e-01	1.806142294091329648e-01	2.361789409925578176e-01	1.415128720276770113e-01	6.799842475153350385e-02	2.674079825699274965e-02	6.955251140991325354e-02
1.013512859760782021e+03	2.769756040754601245e-01	1.803511853193303649e-01	2.364780824630403067e-01	1.416833799945934336e-01	6.806457816008668060e-02	2.678217516963362493e-02	6.966499481762894463e-02
1.015931744867609382e+03	2.765502168127134119e-01	1.800888511206340525e-01	2.367763416530685450e-01	1.418533881435546928e-01	6.813052824498279370e-02	2.682348827628621563e-02	6.977718574853383759e-02
1.018350629974437197e+03	2.761260578058475357e-01	1.798272248591606948e-01	2.370737211313393988e-01	1.420228984119643045e-01	6.819627573579081781e-02	2.686473744335192773e-02	6.988908461231890801e-02
1.020769515081264785e+03	2.757031235076307096e-01	1.795663045864756557e-01	2.373702234580214177e-01	1.421919127238407687e-01	6.826182135903992310e-02	2.690592253981324844e-02	7.000069182495184672e-02
1.023188400188092373e+03	2.752814103814404945e-01	1.793060883595772315e-01	2.376658511848029343e-01	1.423604329899763321e-01	6.832716583823478240e-02	2.694704343720825263e-02	7.011200780853345249e-02
1.025607285294920075e+03	2.748609149012270492e-01	1.790465742408808292e-01	2.379606068549397213e-01	1.425284611080932795e-01	6.839230989387076742e-02	2.698810000960536956e-02	7.022303299115646713e-02
1.028026170401747549e+03	2.744416335514761052e-01	1.787877602982030356e-01	2.382544930033019537e-01	1.426959989629980330e-01	6.845725424344906163e-02	2.702909213357842719e-02	7.033376780676688089e-02
1.030445055508575479e+03	2.740235628271724955e-01	1.785296446047461294e-01	2.385475121564207546e-01	1.428630484267329748e-01	6.852199960149162050e-02	2.707001968818192189e-02	7.044421269502762484e-02
1.032863940615402726e+03	2.736066992337637394e-01	1.782722252390822881e-01	2.388396668325342420e-01	1.430296113587259388e-01	6.858654667955610407e-02	2.711088255492656585e-02	7.055436810118463631e-02
1.035282825722230655e+03	2.731910392871239046e-01	1.780155002851380730e-01	2.391309595416329925e-01	1.431956896059375650e-01	6.865089618625069834e-02	2.715168061775503558e-02	7.066423447593522811e-02
1.037701710829058356e+03	2.727765795135176363e-01	1.777594678321788302e-01	2.394213927855050050e-01	1.433612850030064612e-01	6.871504882724883967e-02	2.719241376301800850e-02	7.077381227529876140e-02
1.040120595935886058e+03	2.723633164495642967e-01	1.775041259747932310e-01	2.397109690577800822e-01	1.435263993723921994e-01	6.877900530530380030e-02	2.723308187945043188e-02	7.088310196048951128e-02
1.042539481042713533e+03	2.719512466422024377e-01	1.772494728128778396e-01	2.399996908439739618e-01	1.436910345245162590e-01	6.884276632026327392e-02	2.727368485814800347e-02	7.099210399779180836e-02
1.044958366149541234e+03	2.715403666486543299e-01	1.769955064516216814e-01	2.402875606215317261e-01	1.438551922579008602e-01	6.890633256908379467e-02	2.731422259254390542e-02	7.110081885843733129e-02
1.047377251256368709e+03	2.711306730363907680e-01	1.767422250014910323e-01	2.405745808598706847e-01	1.440188743593056875e-01	6.896970474584512845e-02	2.735469497838577055e-02	7.120924701848449501e-02
1.049796136363196410e+03	2.707221623830960988e-01	1.764896265782141260e-01	2.408607540204232289e-01	1.441820826038628378e-01	6.903288354176448371e-02	2.739510191371287429e-02	7.131738895869996209e-02
1.052215021470024112e+03	2.703148312766331940e-01	1.762377093027658326e-01	2.411460825566785204e-01	1.443448187552094364e-01	6.909586964521072239e-02	2.743544329883355892e-02	7.142524516444229143e-02
1.054633906576851814e+03	2.699086763150090884e-01	1.759864713013526427e-01	2.414305689142244027e-01	1.445070845656186986e-01	6.915866374171843189e-02	2.747571903630286957e-02	7.153281612554748814e-02
1.057052791683679516e+03	2.695036941063400637e-01	1.757359107053974856e-01	2.417142155307883955e-01	1.446688817761287160e-01	6.922126651400196951e-02	2.751592903090041911e-02	7.164010233621663504e-02
1.059471676790506763e+03	2.690998812688176756e-01	1.754860256515246852e-01	2.419970248362784959e-01	1.448302121166695766e-01	6.928367864196932624e-02	2.755607318960847166e-02	7.174710429490548103e-02
1.061890561897334692e+03	2.686972344306745031e-01	1.752368142815450003e-01	2.422789992528234515e-01	1.449910773061885982e-01	6.934590080273599078e-02	2.759615142159024120e-02	7.185382250421594452e-02
1.064309447004162394e+03	2.682957502301501762e-01	1.749882747424406082e-01	2.425601411948125619e-01	1.451514790527737575e-01	6.940793367063866071e-02	2.763616363816840879e-02	7.196025747078953205e-02
1.066728332110990095e+03	2.678954253154576803e-01	1.747404051863502561e-01	2.428404530689351470e-01	1.453114190537751760e-01	6.946977791724896767e-02	2.767610975280383398e-02	7.206640970520261646e-02
1.069147217217817570e+03	2.674962563447496611e-01	1.744932037705544392e-01	2.431199372742195441e-01	1.454708989959249965e-01	6.953143421138695268e-02	2.771598968107450572e-02	7.217227972186356089e-02
1.071566102324645271e+03	2.670982399860848955e-01	1.742466686574605239e-01	2.433985962020717431e-01	1.456299205554554554e-01	6.959290321913465249e-02	2.775580334065467017e-02	7.227786803891167455e-02
1.073984987431472746e+03	2.667013729173953185e-01	1.740007980145880928e-01	2.436764322363134949e-01	1.457884853982152062e-01	6.965418560384949165e-02	2.779555065129417357e-02	7.238317517811787560e-02
1.076403872538300675e+03	2.663056518264524386e-01	1.737555900145542065e-01	2.439534477532201984e-01	1.459465951797840888e-01	6.971528202617754966e-02	2.783523153479800991e-02	7.248820166478718574e-02
1.078822757645127922e+03	2.659110734108348639e-01	1.735110428350587763e-01	2.442296451215582309e-01	1.461042515455859558e-01	6.977619314406689754e-02	2.787484591500605582e-02	7.259294802766286248e-02
1.081241642751955851e+03	2.655176343778953285e-01	1.732671546588700762e-01	2.445050267026219748e-01	1.462614561310002781e-01	6.983691961278069849e-02	2.791439371777303460e-02	7.269741479883233548e-02
1.083660527858783553e+03	2.651253314447279408e-01	1.730239236738098652e-01	2.447795948502704821e-01	1.464182105614718343e-01	6.989746208491032231e-02	2.795387487094862580e-02	7.280160251363466950e-02
1.086079412965611255e+03	2.647341613381359871e-01	1.727813480727393436e-01	2.450533519109637515e-01	1.465745164526187361e-01	6.995782121038834900e-02	2.799328930435781085e-02	7.290551171056977586e-02
1.088498298072438729e+03	2.643441207945994575e-01	1.725394260535444424e-01	2.453263002237985047e-01	1.467303754103392865e-01	7.001799763650153052e-02	2.803263694978138862e-02	7.300914293120921994e-02
1.090917183179266431e+03	2.639552065602429609e-01	1.722981558191213902e-01	2.455984421205438251e-01	1.468857890309169523e-01	7.007799200790355842e-02	2.807191774093668185e-02	7.311249672010848577e-02
1.093336068286093905e+03	2.635674153908037498e-01	1.720575355773625303e-01	2.458697799256762129e-01	1.470407589011239746e-01	7.013780496662795627e-02	2.811113161345843783e-02	7.321557362472098929e-02
1.095754953392921607e+03	2.631807440515999130e-01	1.718175635411419711e-01	2.461403159564145016e-01	1.471952865983234271e-01	7.019743715210065294e-02	2.815027850487989564e-02	7.331837419531350708e-02
1.098173838499749309e+03	2.627951893174986231e-01	1.715782379283012637e-01	2.464100525227541916e-01	1.473493736905698848e-01	7.025688920115270852e-02	2.818935835461404762e-02	7.342089898488306232e-02
1.100592723606577010e+03	2.624107479728847725e-01	1.713395569616353309e-01	2.466789919275017284e-01	1.475030217367086505e-01	7.031616174803279051e-02	2.822837110393508833e-02	7.352314854907543440e-02
1.103011608713404712e+03	2.620274168116294433e-01	1.711015188688781441e-01	2.469471364663081148e-01	1.476562322864733434e-01	7.037525542441970539e-02	2.826731669596003332e-02	7.362512344610502857e-02
1.105430493820231959e+03	2.616451926370586545e-01	1.708641218826887909e-01	2.472144884277024390e-01	1.478090068805825164e-01	7.043417085943470823e-02	2.830619507563050460e-02	7.372682423667618890e-02
1.107849378927059888e+03	2.612640722619225531e-01	1.706273642406372359e-01	2.474810500931249879e-01	1.479613470508344963e-01	7.049290867965392338e-02	2.834500618969470684e-02	7.382825148390594061e-02
1.110268264033887590e+03	2.608840525083641060e-01	1.703912441851904991e-01	2.477468237369599979e-01	1.481132543202010599e-01	7.055146950912051518e-02	2.838374998668956317e-02	7.392940575324806474e-02
1.112687149140715292e+03	2.605051302078886799e-01	1.701557599636985552e-01	2.480118116265682127e-01	1.482647302029197756e-01	7.060985396935690050e-02	2.842242641692302452e-02	7.403028761241862987e-02
1.115106034247542766e+03	2.601273022013332326e-01	1.699209098283804009e-01	2.482760160223188850e-01	1.484157762045850149e-01	7.066806267937687791e-02	2.846103543245656620e-02	7.413089763132278687e-02
1.117524919354370468e+03	2.597505653388357816e-01	1.696866920363103159e-01	2.485394391776218070e-01	1.485663938222376024e-01	7.072609625569759029e-02	2.849957698708780601e-02	7.423123638198286800e-02
1.119943804461197942e+03	2.593749164798051510e-01	1.694531048494038739e-01	2.488020833389587294e-01	1.487165845444532730e-01	7.078395531235157079e-02	2.853805103633334089e-02	7.433130443846783231e-02
1.122362689568025871e+03	2.590003524928907175e-01	1.692201465344042866e-01	2.490639507459146418e-01	1.488663498514299077e-01	7.084164046089853894e-02	2.857645753741170844e-02	7.443110237682400154e-02
1.124781574674853118e+03	2.586268702559522681e-01	1.689878153628685264e-01	2.493250436312086926e-01	1.490156912150734925e-01	7.089915231043730781e-02	2.861479644922651847e-02	7.453063077500696187e-02
1.127200459781681047e+03	2.582544666560303015e-01	1.687561096111537817e-01	2.495853642207248591e-01	1.491646100990828006e-01	7.095649146761749682e-02	2.865306773234975804e-02	7.462989021281475621e-02
1.129619344888508749e+03	2.578831385893159411e-01	1.685250275604036896e-01	2.498449147335423670e-01	1.493131079590329924e-01	7.101365853665118910e-02	2.869127134900523873e-02	7.472888127182232554e-02
1.132038229995336451e+03	2.575128829611214032e-01	1.682945674965348193e-01	2.501036973819657505e-01	1.494611862424579662e-01	7.107065411932461663e-02	2.872940726305219308e-02	7.482760453531700495e-02
1.134457115102163925e+03	2.571436966858504647e-01	1.680647277102230441e-01	2.503617143715545224e-01	1.496088463889316544e-01	7.112747881500963709e-02	2.876747543996905840e-02	7.492606058823539361e-02
1.136876000208991627e+03	2.567755766869691536e-01	1.678355064968900245e-01	2.506189679011529003e-01	1.497560898301479870e-01	7.118413322067523863e-02	2.880547584683737158e-02	7.502425001710112673e-02
1.139294885315819101e+03	2.564085198969763280e-01	1.676069021566897743e-01	2.508754601629188952e-01	1.499029179899999120e-01	7.124061793089896122e-02	2.884340845232584091e-02	7.512217340996404924e-02
1.141713770422646803e+03	2.560425232573746990e-01	1.673789129944951992e-01	2.511311933423535092e-01	1.500493322846573330e-01	7.129693353787820709e-02	2.888127322667457045e-02	7.521983135634026374e-02
1.144132655529474505e+03	2.556775837186417433e-01	1.671515373198847465e-01	2.513861696183292138e-01	1.501953341226436867e-01	7.135308063144159274e-02	2.891907014167940937e-02	7.531722444715344134e-02
1.146551540636302207e+03	2.553136982402007815e-01	1.669247734471290268e-01	2.516403911631184265e-01	1.503409249049118546e-01	7.140905979906007894e-02	2.895679917067646436e-02	7.541435327467714556e-02
1.148970425743129908e+03	2.549508637903924457e-01	1.666986196951774912e-01	2.518938601424220991e-01	1.504861060249187144e-01	7.146487162585812847e-02	2.899446028852674731e-02	7.551121843247821097e-02
1.151389310849957155e+03	2.545890773464457579e-01	1.664730743876452201e-01	2.521465787153973070e-01	1.506308788686986921e-01	7.152051669462489158e-02	2.903205347160098954e-02	7.560782051536110715e-02
1.153808195956785084e+03	2.542283358944498750e-01	1.662481358527996278e-01	2.523985490346848382e-01	1.507752448149364544e-01	7.157599558582508625e-02	2.906957869776456010e-02	7.570416011931344058e-02
1.156227081063612786e+03	2.538686364293256670e-01	1.660238024235474175e-01	2.526497732464371704e-01	1.509192052350385171e-01	7.163130887761005872e-02	2.910703594636254027e-02	7.580023784145245580e-02
1.158645966170440488e+03	2.535099759547975729e-01	1.658000724374213419e-01	2.529002534903452282e-01	1.510627614932036900e-01	7.168645714582862205e-02	2.914442519820496444e-02	7.589605427997239695e-02
1.161064851277267962e+03	2.531523514833651789e-01	1.655769442365671584e-01	2.531499918996655829e-01	1.512059149464928531e-01	7.174144096403790860e-02	2.918174643555213749e-02	7.599161003409296566e-02
1.163483736384095664e+03	2.527957600362755741e-01	1.653544161677305557e-01	2.533989906012471538e-01	1.513486669448975419e-01	7.179626090351413914e-02	2.921899964210015674e-02	7.608690570400866715e-02
1.165902621490923138e+03	2.524401986434952616e-01	1.651324865822441368e-01	2.536472517155577422e-01	1.514910188314077255e-01	7.185091753326330877e-02	2.925618480296651031e-02	7.618194189083919710e-02
1.168321506597751068e+03	2.520856643436823474e-01	1.649111538360144569e-01	2.538947773567101773e-01	1.516329719420785038e-01	7.190541142003187280e-02	2.929330190467584194e-02	7.627671919658060573e-02
1.170740391704578315e+03	2.517321541841592847e-01	1.646904162895091728e-01	2.541415696324886286e-01	1.517745276060961102e-01	7.195974312831729391e-02	2.933035093514583386e-02	7.637123822405748885e-02
1.173159276811406244e+03	2.513796652208848403e-01	1.644702723077439976e-01	2.543876306443743629e-01	1.519156871458427482e-01	7.201391322037858922e-02	2.936733188367322486e-02	7.646549957687603927e-02
1.175578161918233945e+03	2.510281945184271724e-01	1.642507202602699612e-01	2.546329624875712239e-01	1.520564518769607909e-01	7.206792225624678028e-02	2.940424474091994991e-02	7.655950385937794478e-02
1.177997047025061647e+03	2.506777391499361296e-01	1.640317585211606144e-01	2.548775672510311674e-01	1.521968231084159795e-01	7.212177079373530142e-02	2.944108949889941845e-02	7.665325167659520211e-02
1.180415932131889122e+03	2.503282961971164400e-01	1.638133854689992341e-01	2.551214470174794635e-01	1.523368021425596797e-01	7.217545938845036646e-02	2.947786615096290724e-02	7.674674363420572187e-02
1.182834817238716823e+03	2.499798627502003434e-01	1.635955994868661389e-01	2.553646038634396209e-01	1.524763902751904987e-01	7.222898859380122438e-02	2.951457469178608503e-02	7.683998033848987719e-02
1.185253702345544298e+03	2.496324359079209187e-01	1.633783989623258659e-01	2.556070398592582560e-01	1.526155887956149038e-01	7.228235896101041502e-02	2.955121511735565518e-02	7.693296239628774624e-02
1.187672587452371999e+03	2.492860127774850776e-01	1.631617822874146528e-01	2.558487570691296842e-01	1.527543989867070906e-01	7.233557103912392761e-02	2.958778742495612318e-02	7.702569041495722912e-02
1.190091472559199701e+03	2.489405904745469189e-01	1.629457478586278374e-01	2.560897575511199564e-01	1.528928221249680752e-01	7.238862537502128991e-02	2.962429161315668219e-02	7.711816500233295568e-02
1.192510357666027403e+03	2.485961661231811115e-01	1.627302940769072281e-01	2.563300433571916725e-01	1.530308594805838140e-01	7.244152251342568516e-02	2.966072768179822336e-02	7.721038676668598444e-02
1.194929242772855105e+03	2.482527368558564429e-01	1.625154193476285591e-01	2.565696165332273515e-01	1.531685123174827967e-01	7.249426299691391629e-02	2.969709563198046076e-02	7.730235631668420926e-02
1.197348127879682352e+03	2.479102998134093960e-01	1.623011220805890831e-01	2.568084791190534122e-01	1.533057818933926397e-01	7.254684736592634242e-02	2.973339546604917769e-02	7.739407426135365420e-02
1.199767012986510281e+03	2.475688521450177815e-01	1.620874006899950814e-01	2.570466331484640987e-01	1.534426694598961249e-01	7.259927615877677376e-02	2.976962718758357357e-02	7.748554121004033735e-02
1.202185898093337983e+03	2.472283910081747305e-01	1.618742535944493466e-01	2.572840806492444066e-01	1.535791762624862944e-01	7.265154991166231091e-02	2.980579080138374623e-02	7.757675777237295345e-02
1.204604783200165684e+03	2.468889135686626046e-01	1.616616792169389694e-01	2.575208236431935638e-01	1.537153035406209067e-01	7.270366915867311486e-02	2.984188631345828166e-02	7.766772455822637533e-02
1.207023668306993159e+03	2.465504170005269058e-01	1.614496759848229046e-01	2.577568641461480681e-01	1.538510525277762275e-01	7.275563443180216305e-02	2.987791373101194095e-02	7.775844217768564104e-02
1.209442553413820860e+03	2.462128984860505188e-01	1.612382423298197032e-01	2.579922041680045575e-01	1.539864244514999314e-01	7.280744626095486671e-02	2.991387306243347560e-02	7.784891124101077364e-02
1.211861438520648335e+03	2.458763552157280652e-01	1.610273766879952162e-01	2.582268457127424588e-01	1.541214205334635046e-01	7.285910517395871588e-02	2.994976431728354690e-02	7.793913235860235045e-02
1.214280323627476264e+03	2.455407843882401464e-01	1.608170774997504937e-01	2.584607907784463587e-01	1.542560419895137591e-01	7.291061169657281349e-02	2.998558750628274941e-02	7.802910614096755793e-02
1.216699208734303511e+03	2.452061832104277250e-01	1.606073432098093501e-01	2.586940413573285968e-01	1.543902900297239034e-01	7.296196635249745099e-02	3.002134264129976277e-02	7.811883319868705156e-02
1.219118093841131440e+03	2.448725488972668674e-01	1.603981722672064569e-01	2.589265994357514145e-01	1.545241658584436406e-01	7.301316966338348979e-02	3.005702973533957642e-02	7.820831414238237078e-02
1.221536978947959142e+03	2.445398786718433470e-01	1.601895631252751584e-01	2.591584669942487706e-01	1.546576706743488794e-01	7.306422214884175648e-02	3.009264880253184962e-02	7.829754958268410336e-02
1.223955864054786844e+03	2.442081697653273042e-01	1.599815142416352309e-01	2.593896460075482691e-01	1.547908056704905833e-01	7.311512432645250747e-02	3.012819985811936163e-02	7.838654013020056321e-02
1.226374749161614318e+03	2.438774194169482934e-01	1.597740240781811150e-01	2.596201384445929183e-01	1.549235720343432043e-01	7.316587671177460228e-02	3.016368291844655908e-02	7.847528639548713436e-02
1.228793634268442020e+03	2.435476248739701921e-01	1.595670911010697024e-01	2.598499462685625594e-01	1.550559709478521730e-01	7.321647981835478769e-02	3.019909800094823168e-02	7.856378898901618391e-02
1.231212519375269494e+03	2.432187833916661102e-01	1.593607137807085128e-01	2.600790714368952372e-01	1.551880035874810548e-01	7.326693415773696816e-02	3.023444512413826432e-02	7.865204852114768275e-02
1.233631404482097196e+03	2.428908922332937703e-01	1.591548905917436474e-01	2.603075159013083506e-01	1.553196711242580963e-01	7.331724023947122637e-02	3.026972430759848967e-02	7.874006560210029815e-02
1.236050289588924898e+03	2.425639486700706671e-01	1.589496200130479653e-01	2.605352816078197464e-01	1.554509747238217998e-01	7.336739857112302421e-02	3.030493557196766580e-02	7.882784084192305529e-02
1.238469174695752372e+03	2.422379499811494474e-01	1.587449005277091485e-01	2.607623704967685918e-01	1.555819155464663317e-01	7.341740965828220944e-02	3.034007893893052310e-02	7.891537485046765110e-02
1.240888059802580301e+03	2.419128934535933195e-01	1.585407306230179891e-01	2.609887845028361908e-01	1.557124947471862086e-01	7.346727400457199464e-02	3.037515443120692576e-02	7.900266823736125377e-02
1.243306944909407548e+03	2.415887763823516832e-01	1.583371087904565377e-01	2.612145255550664680e-01	1.558427134757202348e-01	7.351699211165792225e-02	3.041016207254111994e-02	7.908972161197985740e-02
1.245725830016235477e+03	2.412655960702357327e-01	1.581340335256863072e-01	2.614395955768865076e-01	1.559725728765951058e-01	7.356656447925677411e-02	3.044510188769108255e-02	7.917653558342223341e-02
1.248144715123063179e+03	2.409433498278941987e-01	1.579315033285366709e-01	2.616639964861268153e-01	1.561020740891683745e-01	7.361599160514542550e-02	3.047997390241797069e-02	7.926311076048433990e-02
1.250563600229890881e+03	2.406220349737892006e-01	1.577295167029930945e-01	2.618877301950412462e-01	1.562312182476707223e-01	7.366527398516960201e-02	3.051477814347564391e-02	7.934944775163427222e-02
1.252982485336718355e+03	2.403016488341720991e-01	1.575280721571854503e-01	2.621107986103274889e-01	1.563600064812479540e-01	7.371441211325269194e-02	3.054951463860031483e-02	7.943554716498771318e-02
1.255401370443546057e+03	2.399821887430595990e-01	1.573271682033765551e-01	2.623332036331466610e-01	1.564884399140022975e-01	7.376340648140441991e-02	3.058418341650025532e-02	7.952140960828396610e-02
1.257820255550373531e+03	2.396636520422098515e-01	1.571268033579504564e-01	2.625549471591429596e-01	1.566165196650331215e-01	7.381225757972946500e-02	3.061878450684560327e-02	7.960703568886233483e-02
1.260239140657201460e+03	2.393460360810986121e-01	1.569269761414009423e-01	2.627760310784633679e-01	1.567442468484773199e-01	7.386096589643618981e-02	3.065331794025828380e-02	7.969242601363907275e-02
1.262658025764028707e+03	2.390293382168956204e-01	1.567276850783199948e-01	2.629964572757773067e-01	1.568716225735489467e-01	7.390953191784509213e-02	3.068778374830198608e-02	7.977758118908487295e-02
1.265076910870856636e+03	2.387135558144408420e-01	1.565289286973864102e-01	2.632162276302956183e-01	1.569986479445786010e-01	7.395795612839735356e-02	3.072218196347224761e-02	7.986250182120269159e-02
1.267495795977684338e+03	2.383986862462210976e-01	1.563307055313542526e-01	2.634353440157901627e-01	1.571253240610521462e-01	7.400623901066334664e-02	3.075651261918662185e-02	7.994718851550615402e-02
1.269914681084511813e+03	2.380847268923464988e-01	1.561330141170415020e-01	2.636538083006125244e-01	1.572516520176490407e-01	7.405438104535101707e-02	3.079077574977492210e-02	8.003164187699828014e-02
1.272333566191339514e+03	2.377716751405271334e-01	1.559358529953187023e-01	2.638716223477132750e-01	1.573776329042800293e-01	7.410238271131432131e-02	3.082497139046957990e-02	8.011586251015076487e-02
1.274752451298167216e+03	2.374595283860498895e-01	1.557392207110975257e-01	2.640887880146605693e-01	1.575032678061245861e-01	7.415024448556149783e-02	3.085909957739605206e-02	8.019985101888368884e-02
1.277171336404994690e+03	2.371482840317551410e-01	1.555431158133196157e-01	2.643053071536589638e-01	1.576285578036677459e-01	7.419796684326339375e-02	3.089316034756333859e-02	8.028360800654563145e-02
1.279590221511822392e+03	2.368379394880137656e-01	1.553475368549451507e-01	2.645211816115680126e-01	1.577535039727364363e-01	7.424555025776172212e-02	3.092715373885457017e-02	8.036713407589414493e-02
1.282009106618650094e+03	2.365284921727040801e-01	1.551524823929417152e-01	2.647364132299207529e-01	1.578781073845355598e-01	7.429299520057722206e-02	3.096107979001768221e-02	8.045042982907678331e-02
1.284427991725477568e+03	2.362199395111889977e-01	1.549579509882731410e-01	2.649510038449418015e-01	1.580023691056833823e-01	7.434030214141787440e-02	3.099493854065617920e-02	8.053349586761242296e-02
1.286846876832305497e+03	2.359122789362930739e-01	1.547639412058882113e-01	2.651649552875659510e-01	1.581262901982466995e-01	7.438747154818696472e-02	3.102873003121995460e-02	8.061633279237298555e-02
1.289265761939132744e+03	2.356055078882798859e-01	1.545704516147095309e-01	2.653782693834559336e-01	1.582498717197753646e-01	7.443450388699120179e-02	3.106245430299622856e-02	8.069894120356564671e-02
1.291684647045960673e+03	2.352996238148293007e-01	1.543774807876225341e-01	2.655909479530207951e-01	1.583731147233365943e-01	7.448139962214868348e-02	3.109611139810052743e-02	8.078132170071537776e-02
1.294103532152788375e+03	2.349946241710149097e-01	1.541850273014643280e-01	2.658029928114334361e-01	1.584960202575486643e-01	7.452815921619695971e-02	3.112970135946777073e-02	8.086347488264782057e-02
1.296522417259616077e+03	2.346905064192815193e-01	1.539930897370126450e-01	2.660144057686483765e-01	1.586185893666144098e-01	7.457478312990091507e-02	3.116322423084341361e-02	8.094540134747264803e-02
1.298941302366443551e+03	2.343872680294227517e-01	1.538016666789748799e-01	2.662251886294196290e-01	1.587408230903540607e-01	7.462127182226070687e-02	3.119668005677468658e-02	8.102710169256714667e-02
1.301360187473271253e+03	2.340849064785587019e-01	1.536107567159770704e-01	2.664353431933183525e-01	1.588627224642379931e-01	7.466762575051960615e-02	3.123006888260188713e-02	8.110857651456028494e-02
1.303779072580098727e+03	2.337834192511137332e-01	1.534203584405530174e-01	2.666448712547497824e-01	1.589842885194186484e-01	7.471384537017179694e-02	3.126339075444978938e-02	8.118982640931712846e-02
1.306197957686926657e+03	2.334828038387943283e-01	1.532304704491332381e-01	2.668537746029710500e-01	1.591055222827625071e-01	7.475993113497018949e-02	3.129664571921907806e-02	8.127085197192350507e-02
1.308616842793753904e+03	2.331830577405667737e-01	1.530410913420342800e-01	2.670620550221083356e-01	1.592264247768814533e-01	7.480588349693412242e-02	3.132983382457788651e-02	8.135165379667108621e-02
1.311035727900581833e+03	2.328841784626354272e-01	1.528522197234476465e-01	2.672697142911736878e-01	1.593469970201638330e-01	7.485170290635712043e-02	3.136295511895340754e-02	8.143223247704285683e-02
1.313454613007409534e+03	2.325861635184207077e-01	1.526638542014292776e-01	2.674767541840822882e-01	1.594672400268049572e-01	7.489738981181442989e-02	3.139600965152355289e-02	8.151258860569877973e-02
1.315873498114237009e+03	2.322890104285371404e-01	1.524759933878884199e-01	2.676831764696695481e-01	1.595871548068375501e-01	7.494294466017074885e-02	3.142899747220873757e-02	8.159272277446187605e-02
1.318292383221064711e+03	2.319927167207717633e-01	1.522886358985771349e-01	2.678889829117075405e-01	1.597067423661616137e-01	7.498836789658773483e-02	3.146191863166366426e-02	8.167263557430462506e-02
1.320711268327892412e+03	2.316972799300622554e-01	1.521017803530794743e-01	2.680941752689218749e-01	1.598260037065739603e-01	7.503365996453155440e-02	3.149477318126923941e-02	8.175232759533568316e-02
1.323130153434719887e+03	2.314026975984754542e-01	1.519154253748007943e-01	2.682987552950085730e-01	1.599449398257975219e-01	7.507882130578037716e-02	3.152756117312452422e-02	8.183179942678686647e-02
1.325549038541547588e+03	2.311089672751856783e-01	1.517295695909570419e-01	2.685027247386502780e-01	1.600635517175100775e-01	7.512385236043182812e-02	3.156028266003879645e-02	8.191105165700042490e-02
1.327967923648375290e+03	2.308160865164534392e-01	1.515442116325643462e-01	2.687060853435327412e-01	1.601818403713729244e-01	7.516875356691039844e-02	3.159293769552359854e-02	8.199008487341670481e-02
1.330386808755202765e+03	2.305240528856039584e-01	1.513593501344281111e-01	2.689088388483611980e-01	1.602998067730590503e-01	7.521352536197481453e-02	3.162552633378495903e-02	8.206889966256203373e-02
1.332805693862030694e+03	2.302328639530058230e-01	1.511749837351326897e-01	2.691109869868767990e-01	1.604174519042809444e-01	7.525816818072540715e-02	3.165804862971560024e-02	8.214749661003693804e-02
1.335224578968857941e+03	2.299425172960498365e-01	1.509911110770306708e-01	2.693125314878724308e-01	1.605347767428181027e-01	7.530268245661138338e-02	3.169050463888724301e-02	8.222587630050454122e-02
1.337643464075685870e+03	2.296530104991278687e-01	1.508077308062325539e-01	2.695134740752090363e-01	1.606517822625443681e-01	7.534706862143807082e-02	3.172289441754300859e-02	8.230403931767935055e-02
1.340062349182513572e+03	2.293643411536116228e-01	1.506248415725961465e-01	2.697138164678314354e-01	1.607684694334547693e-01	7.539132710537418958e-02	3.175521802258981369e-02	8.238198624431633532e-02
1.342481234289341273e+03	2.290765068578317909e-01	1.504424420297161558e-01	2.699135603797842009e-01	1.608848392216921108e-01	7.543545833695898539e-02	3.178747551159091106e-02	8.245971766220012988e-02
1.344900119396168748e+03	2.287895052170570986e-01	1.502605308349137248e-01	2.701127075202277017e-01	1.610008925895732579e-01	7.547946274310944614e-02	3.181966694275840946e-02	8.253723415213463921e-02
1.347319004502996449e+03	2.285033338434733496e-01	1.500791066492261627e-01	2.703112595934534790e-01	1.611166304956151429e-01	7.552334074912728235e-02	3.185179237494595306e-02	8.261453629393285258e-02
1.349737889609823924e+03	2.282179903561626921e-01	1.498981681373964536e-01	2.705092182989002336e-01	1.612320538945603843e-01	7.556709277870615749e-02	3.188385186764139401e-02	8.269162466640687936e-02
1.352156774716651853e+03	2.279334723810829966e-01	1.497177139678630975e-01	2.707065853311689252e-01	1.613471637374027656e-01	7.561071925393861304e-02	3.191584548095954821e-02	8.276849984735829002e-02
1.354575659823479100e+03	2.276497775510469834e-01	1.495377428127496189e-01	2.709033623800385371e-01	1.614619609714122717e-01	7.565422059532313226e-02	3.194777327563500663e-02	8.284516241356866539e-02
1.356994544930307029e+03	2.273669035057019061e-01	1.493582533478544638e-01	2.710995511304814531e-01	1.615764465401599292e-01	7.569759722177106520e-02	3.197963531301504375e-02	8.292161294079040956e-02
1.359413430037134731e+03	2.270848478915088176e-01	1.491792442526406470e-01	2.712951532626785567e-01	1.616906213835423434e-01	7.574084955061359536e-02	3.201143165505252602e-02	8.299785200373779870e-02
1.361832315143962205e+03	2.268036083617223642e-01	1.490007142102256210e-01	2.714901704520346071e-01	1.618044864378059278e-01	7.578397799760856757e-02	3.204316236429893827e-02	8.307388017607825192e-02
1.364251200250789907e+03	2.265231825763703299e-01	1.488226619073710622e-01	2.716846043691932833e-01	1.619180426355709412e-01	7.582698297694741296e-02	3.207482750389743786e-02	8.314969803042382424e-02
1.366670085357617609e+03	2.262435682022332362e-01	1.486450860344728231e-01	2.718784566800522273e-01	1.620312909058551354e-01	7.586986490126192140e-02	3.210642713757597827e-02	8.322530613832292146e-02
1.369088970464445310e+03	2.259647629128243296e-01	1.484679852855506077e-01	2.720717290457781434e-01	1.621442321740973191e-01	7.591262418163106929e-02	3.213796132964050201e-02	8.330070507025225113e-02
1.371507855571272785e+03	2.256867643883692931e-01	1.482913583582380346e-01	2.722644231228216194e-01	1.622568673621803681e-01	7.595526122758775034e-02	3.216943014496814746e-02	8.337589539560900931e-02
1.373926740678100487e+03	2.254095703157862340e-01	1.481152039537726173e-01	2.724565405629317261e-01	1.623691973884542894e-01	7.599777644712545077e-02	3.220083364900059447e-02	8.345087768270324780e-02
1.376345625784927961e+03	2.251331783886656168e-01	1.479395207769856335e-01	2.726480830131711719e-01	1.624812231677588703e-01	7.604017024670502167e-02	3.223217190773736834e-02	8.352565249875046338e-02
1.378764510891755890e+03	2.248575863072504177e-01	1.477643075362920777e-01	2.728390521159306248e-01	1.625929456114461324e-01	7.608244303126125707e-02	3.226344498772930336e-02	8.360022040986433978e-02
1.381183395998583137e+03	2.245827917784161132e-01	1.475895629436808354e-01	2.730294495089434781e-01	1.627043656274024253e-01	7.612459520420952752e-02	3.229465295607196473e-02	8.367458198104983647e-02
1.383602281105411066e+03	2.243087925156510287e-01	1.474152857147046081e-01	2.732192768253002835e-01	1.628154841200704361e-01	7.616662716745235817e-02	3.232579588039920931e-02	8.374873777619626369e-02
1.386021166212238768e+03	2.240355862390364938e-01	1.472414745684700876e-01	2.734085356934632949e-01	1.629263019904708953e-01	7.620853932138596520e-02	3.235687382887673935e-02	8.382268835807077378e-02
1.388440051319066470e+03	2.237631706752271910e-01	1.470681282276279922e-01	2.735972277372806793e-01	1.630368201362239478e-01	7.625033206490679227e-02	3.238788687019576035e-02	8.389643428831186633e-02
1.390858936425893944e+03	2.234915435574315878e-01	1.468952454183632406e-01	2.737853545760010610e-01	1.631470394515704969e-01	7.629200579541796368e-02	3.241883507356663890e-02	8.396997612742317096e-02
1.393277821532721646e+03	2.232207026253923976e-01	1.467228248703852100e-01	2.739729178242875651e-01	1.632569608273931328e-01	7.633356090883576528e-02	3.244971850871269936e-02	8.404331443476742436e-02
1.395696706639549120e+03	2.229506456253670943e-01	1.465508653169177167e-01	2.741599190922319740e-01	1.633665851512368927e-01	7.637499779959600055e-02	3.248053724586395796e-02	8.411644976856055833e-02
1.398115591746377049e+03	2.226813703101084285e-01	1.463793654946894118e-01	2.743463599853689927e-01	1.634759133073298842e-01	7.641631686066044371e-02	3.251129135575101664e-02	8.418938268586599605e-02
1.400534476853204296e+03	2.224128744388452761e-01	1.462083241439240400e-01	2.745322421046900163e-01	1.635849461766035462e-01	7.645751848352314028e-02	3.254198090959893597e-02	8.426211374258921194e-02
1.402953361960032225e+03	2.221451557772632091e-01	1.460377400083305577e-01	2.747175670466573960e-01	1.636936846367127163e-01	7.649860305821672146e-02	3.257260597912123301e-02	8.433464349347227773e-02
1.405372247066859927e+03	2.218782120974853445e-01	1.458676118350936690e-01	2.749023364032181505e-01	1.638021295620557261e-01	7.653957097331871851e-02	3.260316663651383062e-02	8.440697249208875541e-02
1.407791132173687402e+03	2.216120411780531652e-01	1.456979383748639445e-01	2.750865517618176215e-01	1.639102818237938297e-01	7.658042261595779387e-02	3.263366295444915244e-02	8.447910129083864572e-02
1.410210017280515103e+03	2.213466408039074795e-01	1.455287183817483287e-01	2.752702147054136850e-01	1.640181422898709107e-01	7.662115837181995848e-02	3.266409500607021787e-02	8.455103044094360032e-02
1.412628902387342805e+03	2.210820087663694089e-01	1.453599506133004537e-01	2.754533268124899625e-01	1.641257118250325775e-01	7.666177862515477504e-02	3.269446286498481347e-02	8.462276049244214782e-02
1.415047787494170507e+03	2.208181428631214305e-01	1.451916338305111187e-01	2.756358896570699213e-01	1.642329912908453704e-01	7.670228375878149207e-02	3.272476660525967807e-02	8.469429199418518350e-02
1.417466672600997981e+03	2.205550408981884203e-01	1.450237667977986034e-01	2.758179048087300300e-01	1.643399815457155799e-01	7.674267415409520565e-02	3.275500630141478520e-02	8.476562549383159784e-02
1.419885557707825683e+03	2.202927006819189459e-01	1.448563482829993421e-01	2.759993738326135260e-01	1.644466834449078707e-01	7.678295019107293784e-02	3.278518202841763929e-02	8.483676153784405760e-02
1.422304442814653157e+03	2.200311200309663928e-01	1.446893770573582372e-01	2.761802982894436265e-01	1.645530978405639055e-01	7.682311224827968743e-02	3.281529386167760659e-02	8.490770067148485645e-02
1.424723327921481086e+03	2.197702967682703123e-01	1.445228518955193053e-01	2.763606797355372957e-01	1.646592255817204975e-01	7.686316070287449453e-02	3.284534187704036406e-02	8.497844343881208462e-02
1.427142213028308333e+03	2.195102287230378257e-01	1.443567715755161573e-01	2.765405197228181233e-01	1.647650675143277899e-01	7.690309593061639415e-02	3.287532615078232051e-02	8.504899038267572930e-02
1.429561098135136262e+03	2.192509137307250000e-01	1.441911348787626168e-01	2.767198197988298691e-01	1.648706244812671584e-01	7.694291830587046688e-02	3.290524675960512097e-02	8.511934204471406640e-02
1.431979983241963964e+03	2.189923496330182795e-01	1.440259405900433110e-01	2.768985815067496747e-01	1.649758973223689751e-01	7.698262820161373698e-02	3.293510378063018579e-02	8.518949896535016331e-02
1.434398868348791666e+03	2.187345342778161394e-01	1.438611874975042892e-01	2.770768063854009977e-01	1.650808868744300939e-01	7.702222598944104270e-02	3.296489729139332608e-02	8.525946168378840950e-02
1.436817753455619140e+03	2.184774655192106285e-01	1.436968743926436975e-01	2.772544959692668787e-01	1.651855939712313370e-01	7.706171203957103144e-02	3.299462736983934524e-02	8.532923073801138014e-02
1.439236638562446842e+03	2.182211412174691056e-01	1.435330000703025077e-01	2.774316517885028199e-01	1.652900194435545367e-01	7.710108672085191905e-02	3.302429409431675844e-02	8.539880666477660254e-02
1.441655523669274316e+03	2.179655592390158381e-01	1.433695633286551641e-01	2.776082753689499416e-01	1.653941641191998269e-01	7.714035040076736016e-02	3.305389754357248439e-02	8.546818999961366958e-02
1.444074408776102018e+03	2.177107174564138770e-01	1.432065629692003406e-01	2.777843682321478047e-01	1.654980288230021856e-01	7.717950344544220742e-02	3.308343779674664809e-02	8.553738127682126990e-02
1.446493293882929493e+03	2.174566137483469330e-01	1.430439977967516429e-01	2.779599318953471787e-01	1.656016143768483107e-01	7.721854621964832632e-02	3.311291493336739750e-02	8.560638102946450945e-02
1.448912178989757422e+03	2.172032459996012244e-01	1.428818666194285880e-01	2.781349678715229756e-01	1.657049215996931890e-01	7.725747908681032672e-02	3.314232903334574099e-02	8.567518978937227470e-02
1.451331064096585123e+03	2.169506121010474631e-01	1.427201682486471945e-01	2.783094776693869066e-01	1.658079513075763345e-01	7.729630240901123883e-02	3.317168017697048887e-02	8.574380808713469304e-02
1.453749949203412370e+03	2.166987099496229252e-01	1.425589014991109627e-01	2.784834627934002493e-01	1.659107043136380799e-01	7.733501654699821704e-02	3.320096844490316723e-02	8.581223645210078743e-02
1.456168834310240300e+03	2.164475374483134096e-01	1.423980651888017146e-01	2.786569247437863384e-01	1.660131814281355367e-01	7.737362186018821586e-02	3.323019391817304269e-02	8.588047541237614491e-02
1.458587719417068001e+03	2.161970925061355020e-01	1.422376581389704908e-01	2.788298650165434434e-01	1.661153834584585265e-01	7.741211870667356887e-02	3.325935667817213337e-02	8.594852549482082105e-02
1.461006604523895703e+03	2.159473730381187839e-01	1.420776791741284184e-01	2.790022851034568707e-01	1.662173112091452909e-01	7.745050744322762304e-02	3.328845680665028922e-02	8.601638722504721668e-02
1.463425489630723177e+03	2.156983769652879857e-01	1.419181271220377183e-01	2.791741864921118421e-01	1.663189654818981456e-01	7.748878842531028988e-02	3.331749438571032090e-02	8.608406112741819050e-02
1.465844374737550879e+03	2.154501022146454170e-01	1.417590008137026292e-01	2.793455706659057625e-01	1.664203470755988012e-01	7.752696200707361041e-02	3.334646949780317726e-02	8.615154772504515779e-02
1.468263259844378354e+03	2.152025467191532315e-01	1.416002990833604702e-01	2.795164391040603769e-01	1.665214567863236850e-01	7.756502854136722303e-02	3.337538222572310892e-02	8.621884753978639737e-02
1.470682144951206283e+03	2.149557084177159960e-01	1.414420207684725928e-01	2.796867932816345936e-01	1.666222954073590945e-01	7.760298837974391462e-02	3.340423265260294289e-02	8.628596109224538624e-02
1.473101030058033530e+03	2.147095852551630102e-01	1.412841647097154985e-01	2.798566346695361973e-01	1.667228637292161308e-01	7.764084187246503288e-02	3.343302086190933636e-02	8.635288890176930077e-02
1.475519915164861459e+03	2.144641751822309594e-01	1.411267297509718188e-01	2.800259647345345049e-01	1.668231625396455475e-01	7.767858936850594032e-02	3.346174693743814155e-02	8.641963148644753179e-02
1.477938800271689161e+03	2.142194761555465954e-01	1.409697147393214889e-01	2.801947849392722456e-01	1.669231926236525443e-01	7.771623121556142655e-02	3.349041096330972189e-02	8.648618936311038008e-02
1.480357685378516862e+03	2.139754861376092221e-01	1.408131185250328654e-01	2.803630967422778286e-01	1.670229547635112555e-01	7.775376776005106516e-02	3.351901302396440713e-02	8.655256304732776573e-02
1.482776570485344337e+03	2.137322030967734598e-01	1.406569399615538174e-01	2.805309015979774445e-01	1.671224497387791275e-01	7.779119934712459827e-02	3.354755320415788583e-02	8.661875305340811793e-02
