1.301360187473271253e+03	2.357982917489995500e-01	1.513102348729013225e-01	2.602712787643707837e-01	1.617304360843204725e-01	7.642757088138339705e-02	3.212953291010993417e-02	8.233265473768797138e-02
1.306197957686926657e+03	2.352159591603205924e-01	1.509103224818335309e-01	2.606424538238482080e-01	1.619946986261329436e-01	7.653714692274682374e-02	3.220364266737308495e-02	8.249577631751829621e-02
1.311035727900581833e+03	2.346370106739487649e-01	1.505125424733067263e-01	2.610114742450899139e-01	1.622574540111113850e-01	7.664613291002018991e-02	3.227743148608478579e-02	8.265795420021170015e-02
1.315873498114237009e+03	2.340614254029464159e-01	1.501168844509010170e-01	2.613783545382317164e-01	1.625187101446833871e-01	7.675453181120481250e-02	3.235089971046697932e-02	8.281919394133920032e-02
1.320711268327892412e+03	2.334891826090628175e-01	1.497233380522857149e-01	2.617431090736475063e-01	1.627784749023266642e-01	7.686234658589420621e-02	3.242404770773790051e-02	8.297950106881871180e-02
1.325549038541547588e+03	2.329202617013610699e-01	1.493318929494190095e-01	2.621057520841179600e-01	1.630367561295427981e-01	7.696958018511117217e-02	3.249687586752340179e-02	8.313888108269815169e-02
1.330386808755202765e+03	2.323546422348620744e-01	1.489425388487402580e-01	2.624662976669508985e-01	1.632935616418303149e-01	7.707623555115125646e-02	3.256938460128067786e-02	8.329733945495808312e-02
1.335224578968857941e+03	2.317923039092056603e-01	1.485552654913546988e-01	2.628247597860564055e-01	1.635488992246575124e-01	7.718231561743210678e-02	3.264157434173410588e-02	8.345488162933312193e-02
1.340062349182513572e+03	2.312332265673286147e-01	1.481700626532110321e-01	2.631811522739759823e-01	1.638027766334349822e-01	7.728782330834879644e-02	3.271344554232290258e-02	8.361151302115131523e-02
1.344900119396168748e+03	2.306773901941590321e-01	1.477869201452720049e-01	2.635354888338685697e-01	1.640552015934883257e-01	7.739276153913468570e-02	3.278499867666045259e-02	8.376723901719053400e-02
1.349737889609823924e+03	2.301247749153272348e-01	1.474058278136780864e-01	2.638877830414532721e-01	1.643061818000308150e-01	7.749713321572802849e-02	3.285623423800489162e-02	8.392206497555125544e-02
1.354575659823479100e+03	2.295753609958923469e-01	1.470267755399042031e-01	2.642380483469110031e-01	1.645557249181364978e-01	7.760094123464379712e-02	3.292715273874091686e-02	8.407599622554484675e-02
1.359413430037134731e+03	2.290291288390847724e-01	1.466497532409097304e-01	2.645862980767455519e-01	1.648038385827136076e-01	7.770418848285087776e-02	3.299775470987240805e-02	8.422903806759671208e-02
1.364251200250789907e+03	2.284860589850642443e-01	1.462747508692824050e-01	2.649325454356048493e-01	1.650505303984787231e-01	7.780687783765426191e-02	3.306804070052571376e-02	8.438119577316358089e-02
1.369088970464445310e+03	2.279461321096929449e-01	1.459017584133752432e-01	2.652768035080643738e-01	1.652958079399313718e-01	7.790901216658220607e-02	3.313801127746338754e-02	8.453247458466431330e-02
1.373926740678100487e+03	2.274093290233236975e-01	1.455307658974375196e-01	2.656190852603730890e-01	1.655396787513296886e-01	7.801059432727826259e-02	3.320766702460809655e-02	8.468287971542354242e-02
1.378764510891755890e+03	2.268756306696030622e-01	1.451617633817396669e-01	2.659594035421625202e-01	1.657821503466666846e-01	7.811162716739793177e-02	3.327700854257657076e-02	8.483241634962751521e-02
1.383602281105411066e+03	2.263450181242886716e-01	1.447947409626918480e-01	2.662977710881209159e-01	1.660232302096476542e-01	7.821211352450987975e-02	3.334603644822324575e-02	8.498108964229172946e-02
1.388440051319066470e+03	2.258174725940811645e-01	1.444296887729567824e-01	2.666342005196324916e-01	1.662629257936688587e-01	7.831205622600159733e-02	3.341475137419363389e-02	8.512890471923945102e-02
1.393277821532721646e+03	2.252929754154700259e-01	1.440665969815567993e-01	2.669687043463830345e-01	1.665012445217968762e-01	7.841145808898931924e-02	3.348315396848691727e-02	8.527586667709100010e-02
1.398115591746377049e+03	2.247715080535933052e-01	1.437054557939751454e-01	2.673012949679329231e-01	1.667381937867496999e-01	7.851032192023219003e-02	3.355124489402781102e-02	8.542198058326294641e-02
1.402953361960032225e+03	2.242530521011110722e-01	1.433462554522517973e-01	2.676319846752576725e-01	1.669737809508788084e-01	7.860865051605037124e-02	3.361902482824742633e-02	8.556725147597687986e-02
1.407791132173687402e+03	2.237375892770921970e-01	1.429889862350738061e-01	2.679607856522576714e-01	1.672080133461528728e-01	7.870644666224728414e-02	3.368649446267289044e-02	8.571168436427731296e-02
1.412628902387342805e+03	2.232251014259144239e-01	1.426336384578602012e-01	2.682877099772375540e-01	1.674408982741426299e-01	7.880371313403548850e-02	3.375365450252560545e-02	8.585528422805814575e-02
1.417466672600997981e+03	2.227155705161774357e-01	1.422802024728417325e-01	2.686127696243556517e-01	1.676724430060075044e-01	7.890045269596643318e-02	3.382050566632797961e-02	8.599805601809729083e-02
1.422304442814653157e+03	2.222089786396287403e-01	1.419286686691356436e-01	2.689359764650447460e-01	1.679026547824836457e-01	7.899666810186382893e-02	3.388704868551838806e-02	8.614000465609913948e-02
1.427142213028308333e+03	2.217053080101022422e-01	1.415790274728150611e-01	2.692573422694043983e-01	1.681315408138734924e-01	7.909236209476042112e-02	3.395328430407424519e-02	8.628113503474434121e-02
1.431979983241963964e+03	2.212045409624691095e-01	1.412312693469738312e-01	2.695768787075661921e-01	1.683591082800371397e-01	7.918753740683837083e-02	3.401921327814302204e-02	8.642145201774653618e-02
1.436817753455619140e+03	2.207066599516010752e-01	1.408853847917864166e-01	2.698945973510318841e-01	1.685853643303852623e-01	7.928219675937282773e-02	3.408483637568101438e-02	8.656096043991577671e-02
1.441655523669274316e+03	2.202116475513455907e-01	1.405413643445629357e-01	2.702105096739853551e-01	1.688103160838737571e-01	7.937634286267880590e-02	3.415015437609971588e-02	8.669966510722815212e-02
1.446493293882929493e+03	2.197194864535130521e-01	1.401991985797997331e-01	2.705246270545792475e-01	1.690339706290001354e-01	7.946997841606116830e-02	3.421516806991965753e-02	8.683757079690136715e-02
1.451331064096585123e+03	2.192301594668755738e-01	1.398588781092254540e-01	2.708369607761965669e-01	1.692563350238016073e-01	7.956310610776771985e-02	3.427987825843152592e-02	8.697468225747587156e-02
1.456168834310240300e+03	2.187436495161774186e-01	1.395203935818426499e-01	2.711475220286880816e-01	1.694774162958551655e-01	7.965572861494522872e-02	3.434428575336443551e-02	8.711100420890137419e-02
1.461006604523895703e+03	2.182599396411565862e-01	1.391837356839648876e-01	2.714563219095860735e-01	1.696972214422790282e-01	7.974784860359834804e-02	3.440839137656122315e-02	8.724654134262822824e-02
1.465844374737550879e+03	2.177790129955777254e-01	1.388488951392499726e-01	2.717633714252946642e-01	1.699157574297364692e-01	7.983946872855134103e-02	3.447219595966055650e-02	8.738129832170361821e-02
1.470682144951206283e+03	2.173008528462760935e-01	1.385158627087286765e-01	2.720686814922580465e-01	1.701330311944410090e-01	7.993059163341252604e-02	3.453570034378581483e-02	8.751527978087217385e-02
1.475519915164861459e+03	2.168254425722121737e-01	1.381846291908295776e-01	2.723722629381062910e-01	1.703490496421636857e-01	8.002121995054142789e-02	3.459890537924049936e-02	8.764849032668070583e-02
1.480357685378516862e+03	2.163527656635372831e-01	1.378551854213998784e-01	2.726741265027796679e-01	1.705638196482420765e-01	8.011135630101839933e-02	3.466181192521013837e-02	8.778093453758695208e-02
1.485195455592172038e+03	2.158828057206693130e-01	1.375275222737223080e-01	2.729742828396322651e-01	1.707773480575912883e-01	8.020100329461680999e-02	3.472442084947045121e-02	8.791261696407194626e-02
1.490033225805827215e+03	2.154155464533792363e-01	1.372016306585283341e-01	2.732727425165148993e-01	1.709896416847166978e-01	8.029016352977765003e-02	3.478673302810176421e-02	8.804354212875586949e-02
1.494870996019482618e+03	2.149509716798876091e-01	1.368775015240074888e-01	2.735695160168377660e-01	1.712007073137284674e-01	8.037883959358652075e-02	3.484874934520942186e-02	8.817371452651720509e-02
1.499708766233137567e+03	2.144890653259711732e-01	1.365551258558131420e-01	2.738646137406140491e-01	1.714105516983582267e-01	8.046703406175284568e-02	3.491047069265021396e-02	8.830313862461479368e-02
1.504546536446793198e+03	2.140298114240794247e-01	1.362344946770647214e-01	2.741580460054841017e-01	1.716191815619773631e-01	8.055474949859139921e-02	3.497189796976451354e-02	8.843181886281291371e-02
1.509384306660448374e+03	2.135731941124610345e-01	1.359155990483463528e-01	2.744498230477209200e-01	1.718266035976171446e-01	8.064198845700587537e-02	3.503303208311423639e-02	8.855975965350884604e-02
1.514222076874103550e+03	2.131191976342996230e-01	1.355984300677021970e-01	2.747399550232177967e-01	1.720328244679908136e-01	8.072875347847467686e-02	3.509387394622629636e-02	8.868696538186299216e-02
1.519059847087758726e+03	2.126678063368595273e-01	1.352829788706284009e-01	2.750284520084574358e-01	1.722378508055175672e-01	8.081504709303866107e-02	3.515442447934157694e-02	8.881344040593122657e-02
1.523897617301414357e+03	2.122190046706404487e-01	1.349692366300617730e-01	2.753153240014644676e-01	1.724416892123481482e-01	8.090087181929092597e-02	3.521468460916921811e-02	8.893918905679945586e-02
1.528735387515069533e+03	2.117727771885415666e-01	1.346571945563653228e-01	2.756005809227404790e-01	1.726443462603924062e-01	8.098623016436844180e-02	3.527465526864621143e-02	8.906421563872006508e-02
1.533573157728724709e+03	2.113291085450347551e-01	1.343468438973106360e-01	2.758842326161825009e-01	1.728458284913486909e-01	8.107112462394559793e-02	3.533433739670212986e-02	8.918852442925019608e-02
1.538410927942380113e+03	2.108879834953466814e-01	1.340381759380572246e-01	2.761662888499855639e-01	1.730461424167349938e-01	8.115555768222953992e-02	3.539373193802884676e-02	8.931211967939173269e-02
1.543248698156035516e+03	2.104493868946497592e-01	1.337311820011288788e-01	2.764467593175288784e-01	1.732452945179217274e-01	8.123953181195726903e-02	3.545283984285527851e-02	8.943500561373277091e-02
1.548086468369690692e+03	2.100133036972620382e-01	1.334258534463871326e-01	2.767256536382469156e-01	1.734432912461666421e-01	8.132304947439444875e-02	3.551166206672690118e-02	8.955718643059050466e-02
1.552924238583346096e+03	2.095797189558551987e-01	1.331221816710019268e-01	2.770029813584851119e-01	1.736401390226510189e-01	8.140611311933586280e-02	3.557019957029002727e-02	8.967866630215545753e-02
1.557762008797001272e+03	2.091486178206715396e-01	1.328201581094193562e-01	2.772787519523408073e-01	1.738358442385180003e-01	8.148872518510741347e-02	3.562845331908081475e-02	8.979944937463668619e-02
1.562599779010656675e+03	2.087199855387489866e-01	1.325197742333267814e-01	2.775529748224898619e-01	1.740304132549123084e-01	8.157088809856984091e-02	3.568642428331866845e-02	8.991953976840823259e-02
1.567437549224311852e+03	2.082938074531544559e-01	1.322210215516154141e-01	2.778256593009986175e-01	1.742238524030218783e-01	8.165260427512371910e-02	3.574411343770424881e-02	9.003894157815631183e-02
1.572275319437967255e+03	2.078700690022252939e-01	1.319238916103400716e-01	2.780968146501225924e-01	1.744161679841211843e-01	8.173387611871613112e-02	3.580152176122179675e-02	9.015765887302751302e-02
1.577113089651622431e+03	2.074487557188188225e-01	1.316283759926766828e-01	2.783664500630911309e-01	1.746073662696159545e-01	8.181470602184863494e-02	3.585865023694577436e-02	9.027569569677759698e-02
1.581950859865277607e+03	2.070298532295695992e-01	1.313344663188769079e-01	2.786345746648791200e-01	1.747974535010897446e-01	8.189509636558661709e-02	3.591549985185164134e-02	9.039305606792095993e-02
1.586788630078933011e+03	2.066133472541546168e-01	1.310421542462208710e-01	2.789011975129654930e-01	1.749864358903520933e-01	8.197504951957002017e-02	3.597207159663083631e-02	9.050974397988061082e-02
1.591626400292587959e+03	2.061992236045661064e-01	1.307514314689671719e-01	2.791663275980793002e-01	1.751743196194882057e-01	8.205456784202534715e-02	3.602836646550973410e-02	9.062576340113870366e-02
1.596464170506243590e+03	2.057874681843918641e-01	1.304622897183006780e-01	2.794299738449330106e-01	1.753611108409102726e-01	8.213365367977890075e-02	3.608438545607258602e-02	9.074111827538731967e-02
1.601301940719898766e+03	2.053780669881033194e-01	1.301747207622780955e-01	2.796921451129438796e-01	1.755468156774102062e-01	8.221230936827123026e-02	3.614012956908831120e-02	9.085581252167962418e-02
1.606139710933553943e+03	2.049710061003504613e-01	1.298887164057715149e-01	2.799528501969436034e-01	1.757314402222140137e-01	8.229053723157279954e-02	3.619559980834111124e-02	9.096985003458121777e-02
1.610977481147209119e+03	2.045662716952646176e-01	1.296042684904094577e-01	2.802120978278758723e-01	1.759149905390376689e-01	8.236833958240076525e-02	3.625079718046479715e-02	9.108323468432162617e-02
1.615815251360864750e+03	2.041638500357678410e-01	1.293213688945161755e-01	2.804698966734829879e-01	1.760974726621442887e-01	8.244571872213682373e-02	3.630572269478075237e-02	9.119597031694595679e-02
1.620653021574519926e+03	2.037637274728898440e-01	1.290400095330487273e-01	2.807262553389811566e-01	1.762788925964029751e-01	8.252267694084616800e-02	3.636037736313948998e-02	9.130806075446645798e-02
1.625490791788175102e+03	2.033658904450915961e-01	1.287601823575323101e-01	2.809811823677247355e-01	1.764592563173489614e-01	8.259921651729745795e-02	3.641476219976570033e-02	9.141950979501412000e-02
1.630328562001830505e+03	2.029703254775958032e-01	1.284818793559932282e-01	2.812346862418600435e-01	1.766385697712451186e-01	8.267533971898380352e-02	3.646887822110674721e-02	9.153032121299020663e-02
1.635166332215485909e+03	2.025770191817244936e-01	1.282050925528905039e-01	2.814867753829682906e-01	1.768168388751449049e-01	8.275104880214470549e-02	3.652272644568450854e-02	9.164049875921752297e-02
1.640004102429141085e+03	2.021859582542427647e-01	1.279298140090452951e-01	2.817374581526991273e-01	1.769940695169566758e-01	8.282634601178892608e-02	3.657630789395054094e-02	9.175004616109164179e-02
1.644841872642796488e+03	2.017971294767097468e-01	1.276560358215685642e-01	2.819867428533929798e-01	1.771702675555091866e-01	8.290123358171827550e-02	3.662962358814444985e-02	9.185896712273175502e-02
1.649679642856451665e+03	2.014105197148354787e-01	1.273837501237872483e-01	2.822346377286947261e-01	1.773454388206185117e-01	8.297571373455225885e-02	3.668267455215544481e-02	9.196726532513127550e-02
1.654517413070107068e+03	2.010261159178447499e-01	1.271129490851684030e-01	2.824811509641567686e-01	1.775195891131562398e-01	8.304978868175356965e-02	3.673546181138700323e-02	9.207494442630813347e-02
1.659355183283762244e+03	2.006439051178468824e-01	1.268436249112419589e-01	2.827262906878335591e-01	1.776927242051188072e-01	8.312346062365441601e-02	3.678798639262458037e-02	9.218200806145467052e-02
1.664192953497417420e+03	2.002638744292119799e-01	1.265757698435217293e-01	2.829700649708660198e-01	1.778648498396981636e-01	8.319673174948366556e-02	3.684024932390628226e-02	9.228845984308710337e-02
1.669030723711072824e+03	1.998860110479532826e-01	1.263093761594248632e-01	2.832124818280576384e-01	1.780359717313535206e-01	8.326960423739462880e-02	3.689225163439647376e-02	9.239430336119455744e-02
1.673868493924728000e+03	1.995103022511157120e-01	1.260444361721898832e-01	2.834535492184415695e-01	1.782060955658843204e-01	8.334208025449370283e-02	3.694399435426224537e-02	9.249954218338760081e-02
1.678706264138383403e+03	1.991367353961701891e-01	1.257809422307931135e-01	2.836932750458386332e-01	1.783752270005043716e-01	8.341416195686966739e-02	3.699547851455273206e-02	9.260417985504629246e-02
1.683544034352038352e+03	1.987652979204143910e-01	1.255188867198636649e-01	2.839316671594073749e-01	1.785433716639171220e-01	8.348585148962373026e-02	3.704670514708110346e-02	9.270821989946764763e-02
1.688381804565693983e+03	1.983959773403786986e-01	1.252582620595972251e-01	2.841687333541853544e-01	1.787105351563918754e-01	8.355715098690008613e-02	3.709767528430933659e-02	9.281166581801250648e-02
1.693219574779349159e+03	1.980287612512383888e-01	1.249990607056681580e-01	2.844044813716225528e-01	1.788767230498412575e-01	8.362806257191732207e-02	3.714838995923557680e-02	9.291452109025190309e-02
1.698057344993004335e+03	1.976636373262314894e-01	1.247412751491406152e-01	2.846389189001065079e-01	1.790419408878995700e-01	8.369858835700025312e-02	3.719885020528411468e-02	9.301678917411262959e-02
1.702895115206659511e+03	1.973005933160821013e-01	1.244848979163780678e-01	2.848720535754801775e-01	1.792061941860022267e-01	8.376873044361242415e-02	3.724905705619790258e-02	9.311847350602231455e-02
1.707732885420315142e+03	1.969396170484293829e-01	1.242299215689517955e-01	2.851038929815512546e-01	1.793694884314663285e-01	8.383849092238916667e-02	3.729901154593354140e-02	9.321957750105376583e-02
1.712570655633970318e+03	1.965806964272621138e-01	1.239763387035481140e-01	2.853344446505946541e-01	1.795318290835718200e-01	8.390787187317123863e-02	3.734871470855872372e-02	9.332010455306856411e-02
1.717408425847625494e+03	1.962238194323584484e-01	1.237241419518743252e-01	2.855637160638473948e-01	1.796932215736439797e-01	8.397687536503894989e-02	3.739816757815209169e-02	9.342005803486003179e-02
1.722246196061280898e+03	1.958689741187312761e-01	1.234733239805635846e-01	2.857917146519960427e-01	1.798536713051366864e-01	8.404550345634681507e-02	3.744737118870539866e-02	9.351944129829541097e-02
1.727083966274936301e+03	1.955161486160786610e-01	1.232238774910787982e-01	2.860184477956574378e-01	1.800131836537164631e-01	8.411375819475865045e-02	3.749632657402798830e-02	9.361825767445727808e-02
1.731921736488591478e+03	1.951653311282396108e-01	1.229757952196151721e-01	2.862439228258518709e-01	1.801717639673475757e-01	8.418164161728319828e-02	3.754503476765351511e-02	9.371651047378429245e-02
1.736759506702246881e+03	1.948165099326550354e-01	1.227290699370019306e-01	2.864681470244702655e-01	1.803294175663777976e-01	8.424915575031022286e-02	3.759349680274889915e-02	9.381420298621104270e-02
1.741597276915902057e+03	1.944696733798335908e-01	1.224836944486029505e-01	2.866911276247339213e-01	1.804861497436252571e-01	8.431630260964689816e-02	3.764171371202541111e-02	9.391133848130717166e-02
1.746435047129557461e+03	1.941248098928227694e-01	1.222396615942164533e-01	2.869128718116478738e-01	1.806419657644657284e-01	8.438308420055472270e-02	3.768968652765190830e-02	9.400792020841566843e-02
1.751272817343212637e+03	1.937819079666849020e-01	1.219969642479735994e-01	2.871333867224482583e-01	1.807968708669209779e-01	8.444950251778687855e-02	3.773741628117012470e-02	9.410395139679036958e-02
1.756110587556867813e+03	1.934409561679778511e-01	1.217555953182364037e-01	2.873526794470426804e-01	1.809508702617477760e-01	8.451555954562582629e-02	3.778490400341198707e-02	9.419943525573261367e-02
1.760948357770523216e+03	1.931019431342408665e-01	1.215155477474945539e-01	2.875707570284447012e-01	1.811039691325276313e-01	8.458125725792130234e-02	3.783215072441899196e-02	9.429437497472709095e-02
1.765786127984178393e+03	1.927648575734849101e-01	1.212768145122614938e-01	2.877876264632024950e-01	1.812561726357572456e-01	8.464659761812877437e-02	3.787915747336344924e-02	9.438877372357680484e-02
1.770623898197833569e+03	1.924296882636879202e-01	1.210393886229696042e-01	2.880032947018209555e-01	1.814074859009396357e-01	8.471158257934809088e-02	3.792592527847173794e-02	9.448263465253721460e-02
1.775461668411488745e+03	1.920964240522946564e-01	1.208032631238646626e-01	2.882177686491786961e-01	1.815579140306758654e-01	8.477621408436249173e-02	3.797245516694933154e-02	9.457596089244948989e-02
1.780299438625144376e+03	1.917650538557210405e-01	1.205684310928993863e-01	2.884310551649383880e-01	1.817074621007576107e-01	8.484049406567797935e-02	3.801874816490777992e-02	9.466875555487296034e-02
1.785137208838799552e+03	1.914355666588632987e-01	1.203348856416263657e-01	2.886431610639523249e-01	1.818561351602601683e-01	8.490442444556289825e-02	3.806480529729342616e-02	9.476102173221667702e-02
1.789974979052454728e+03	1.911079515146112406e-01	1.201026199150902474e-01	2.888540931166621029e-01	1.820039382316360477e-01	8.496800713608775035e-02	3.811062758781788573e-02	9.485276249787000236e-02
1.794812749266109904e+03	1.907821975433662554e-01	1.198716270917191268e-01	2.890638580494923615e-01	1.821508763108093121e-01	8.503124403916542673e-02	3.815621605889032986e-02	9.494398090633249243e-02
1.799650519479765535e+03	1.904582939325636382e-01	1.196419003832153716e-01	2.892724625452403053e-01	1.822969543672703641e-01	8.509413704659150868e-02	3.820157173155138558e-02	9.503467999334273830e-02
1.804488289693420711e+03	1.901362299361991082e-01	1.194134330344457928e-01	2.894799132434589528e-01	1.824421773441712025e-01	8.515668804008494353e-02	3.824669562540874979e-02	9.512486277600648577e-02
1.809326059907075887e+03	1.898159948743597669e-01	1.191862183233311362e-01	2.896862167408359445e-01	1.825865501584214012e-01	8.521889889132884532e-02	3.829158875857443384e-02	9.521453225292368650e-02
1.814163830120731291e+03	1.894975781327591091e-01	1.189602495607349625e-01	2.898913795915668556e-01	1.827300777007844212e-01	8.528077146201153147e-02	3.833625214760358335e-02	9.530369140431481367e-02
1.819001600334386467e+03	1.891809691622763634e-01	1.187355200903521119e-01	2.900954083077236234e-01	1.828727648359743663e-01	8.534230760386773973e-02	3.838068680743488004e-02	9.539234319214620617e-02
1.823839370548041643e+03	1.888661574784998298e-01	1.185120232885963770e-01	2.902983093596184783e-01	1.830146164027534050e-01	8.540350915872010895e-02	3.842489375133249785e-02	9.548049056025458003e-02
1.828677140761696819e+03	1.885531326612744640e-01	1.182897525644878295e-01	2.905000891761627124e-01	1.831556372140294708e-01	8.546437795852072916e-02	3.846887399082952325e-02	9.556813643447058249e-02
1.833514910975352450e+03	1.882418843542531806e-01	1.180687013595395768e-01	2.907007541452208410e-01	1.832958320569544330e-01	8.552491582539287207e-02	3.851262853567290201e-02	9.565528372274154090e-02
1.838352681189008081e+03	1.879324022644525138e-01	1.178488631476440202e-01	2.909003106139603223e-01	1.834352056930225738e-01	8.558512457167294363e-02	3.855615839376977383e-02	9.574193531525322653e-02
1.843190451402663257e+03	1.876246761618118875e-01	1.176302314349586819e-01	2.910987648891964485e-01	1.835737628581697312e-01	8.564500599995250596e-02	3.859946457113529877e-02	9.582809408455081335e-02
1.848028221616318433e+03	1.873186958787568801e-01	1.174127997597915612e-01	2.912961232377332954e-01	1.837115082628724971e-01	8.570456190312043809e-02	3.864254807184177437e-02	9.591376288565892083e-02
1.852865991829973609e+03	1.870144513097664329e-01	1.171965616924860593e-01	2.914923918866996755e-01	1.838484465922479438e-01	8.576379406440530484e-02	3.868540989796918905e-02	9.599894455620078260e-02
1.857703762043628785e+03	1.867119324109436651e-01	1.169815108353055577e-01	2.916875770238813170e-01	1.839845825061536266e-01	8.582270425741762854e-02	3.872805104955712174e-02	9.608364191651648512e-02
1.862541532257283961e+03	1.864111291995905473e-01	1.167676408223175671e-01	2.918816847980486018e-01	1.841199206392879206e-01	8.588129424619254937e-02	3.877047252455785575e-02	9.616785776978038769e-02
1.867379302470939592e+03	1.861120317537863222e-01	1.165549453192774726e-01	2.920747213192801950e-01	1.842544656012906901e-01	8.593956578523231915e-02	3.881267531879085964e-02	9.625159490211762647e-02
1.872217072684594768e+03	1.858146302119693671e-01	1.163434180235120297e-01	2.922666926592826786e-01	1.843882219768441522e-01	8.599752061954903104e-02	3.885466042589849622e-02	9.633485608271977196e-02
1.877054842898249490e+03	1.855189147725229692e-01	1.161330526638024441e-01	2.924576048517060212e-01	1.845211943257741294e-01	8.605516048470737700e-02	3.889642883730295292e-02	9.641764406395963993e-02
1.881892613111905121e+03	1.852248756933644880e-01	1.159238430002672016e-01	2.926474638924554394e-01	1.846533871831514961e-01	8.611248710686747465e-02	3.893798154216437241e-02	9.649996158150506154e-02
1.886730383325560297e+03	1.849325032915380418e-01	1.157157828242445785e-01	2.928362757399990413e-01	1.847848050593938751e-01	8.616950220282776352e-02	3.897931952734016298e-02	9.658181135443212606e-02
1.891568153539215928e+03	1.846417879428107756e-01	1.155088659581749028e-01	2.930240463156718045e-01	1.849154524403674171e-01	8.622620748006795677e-02	3.902044377734550928e-02	9.666319608533716079e-02
1.896405923752871104e+03	1.843527200812726252e-01	1.153030862554824815e-01	2.932107815039762255e-01	1.850453337874891357e-01	8.628260463679196524e-02	3.906135527431494475e-02	9.674411846044819741e-02
1.901243693966526507e+03	1.840652901989392742e-01	1.150984376004573900e-01	2.933964871528784157e-01	1.851744535378290479e-01	8.633869536197097405e-02	3.910205499796509665e-02	9.682458114973535590e-02
1.906081464180181683e+03	1.837794888453587738e-01	1.148949139081369974e-01	2.935811690741015889e-01	1.853028161042127586e-01	8.639448133538646379e-02	3.914254392555847201e-02	9.690458680702050687e-02
1.910919234393836859e+03	1.834953066272212163e-01	1.146925091241872002e-01	2.937648330434154409e-01	1.854304258753240453e-01	8.644996422767328714e-02	3.918282303186830517e-02	9.698413807008608722e-02
1.915757004607492036e+03	1.832127342079720167e-01	1.144912172247836285e-01	2.939474848009220320e-01	1.855572872158076925e-01	8.650514570036277329e-02	3.922289328914453643e-02	9.706323756078290288e-02
1.920594774821147894e+03	1.829317623074281363e-01	1.142910322164925191e-01	2.941291300513385609e-01	1.856834044663725480e-01	8.656002740592574907e-02	3.926275566708069265e-02	9.714188788513739015e-02
1.925432545034802843e+03	1.826523817013977202e-01	1.140919481361515331e-01	2.943097744642765856e-01	1.858087819438944133e-01	8.661461098781572665e-02	3.930241113278184345e-02	9.722009163345782246e-02
1.930270315248458019e+03	1.823745832213029550e-01	1.138939590507503097e-01	2.944894236745178029e-01	1.859334239415193768e-01	8.666889808051193855e-02	3.934186065073351501e-02	9.729785138043976767e-02
1.935108085462113195e+03	1.820983577538059783e-01	1.136970590573110479e-01	2.946680832822869966e-01	1.860573347287669543e-01	8.672289030956242817e-02	3.938110518277157523e-02	9.737516968527071271e-02
1.939945855675768371e+03	1.818236962404378987e-01	1.135012422827687550e-01	2.948457588535213780e-01	1.861805185516335615e-01	8.677658929162711254e-02	3.942014568805306263e-02	9.745204909173392493e-02
1.944783625889424002e+03	1.815505896772310335e-01	1.133065028838516342e-01	2.950224559201369834e-01	1.863029796326959309e-01	8.682999663452083128e-02	3.945898312302791727e-02	9.752849212831138370e-02
1.949621396103079178e+03	1.812790291143539789e-01	1.131128350469611382e-01	2.951981799802918527e-01	1.864247221712145852e-01	8.688311393725636766e-02	3.949761844141161382e-02	9.760450130828610127e-02
1.954459166316734354e+03	1.810090056557499549e-01	1.129202329880521216e-01	2.953729364986465988e-01	1.865457503432374209e-01	8.693594279008738657e-02	3.953605259415873818e-02	9.768007912984343066e-02
1.959296936530389530e+03	1.807405104587778977e-01	1.127286909525128666e-01	2.955467309066210913e-01	1.866660683017032918e-01	8.698848477455145556e-02	3.957428652943733444e-02	9.775522807617174903e-02
1.964134706744044706e+03	1.804735347338566609e-01	1.125382032150449851e-01	2.957195686026492520e-01	1.867856801765455099e-01	8.704074146351285790e-02	3.961232119260419543e-02	9.782995061556223892e-02
1.968972476957700337e+03	1.802080697441120205e-01	1.123487640795433756e-01	2.958914549524301330e-01	1.869045900747957067e-01	8.709271442120551654e-02	3.965015752618091666e-02	9.790424920150803123e-02
1.973810247171355968e+03	1.799441068050267600e-01	1.121603678789761110e-01	2.960623952891766608e-01	1.870228020806872504e-01	8.714440520327575157e-02	3.968779646983079668e-02	9.797812627280237663e-02
1.978648017385010689e+03	1.796816372840932818e-01	1.119730089752642987e-01	2.962323949138613299e-01	1.871403202557589684e-01	8.719581535682502382e-02	3.972523896033653551e-02	9.805158425363624808e-02
1.983485787598666320e+03	1.794206526004693270e-01	1.117866817591619266e-01	2.964014590954593409e-01	1.872571486389587592e-01	8.724694642045265069e-02	3.976248593157869632e-02	9.812462555369501349e-02
1.988323557812321269e+03	1.791611442246365260e-01	1.116013806501357647e-01	2.965695930711885753e-01	1.873732912467470924e-01	8.729779992429839708e-02	3.979953831451493729e-02	9.819725256825447002e-02
1.993161328025976900e+03	1.789031036780612538e-01	1.114171000962452113e-01	2.967368020467474610e-01	1.874887520732006763e-01	8.734837739008498303e-02	3.983639703716000680e-02	9.826946767827610119e-02
1.997999098239632076e+03	1.786465225328588979e-01	1.112338345740222084e-01	2.969030911965501174e-01	1.876035350901158749e-01	8.739868033116061918e-02	3.987306302456647411e-02	9.834127325050152912e-02
2.002836868453287707e+03	1.783913924114602645e-01	1.110515785883511297e-01	2.970684656639583920e-01	1.877176442471121809e-01	8.744871025254134789e-02	3.990953719880612621e-02	9.841267163754625902e-02
2.007674638666942428e+03	1.781377049862809259e-01	1.108703266723488623e-01	2.972329305615120654e-01	1.878310834717355493e-01	8.749846865095341208e-02	3.994582047895217647e-02	9.848366517799277131e-02
2.012512408880597604e+03	1.778854519793930944e-01	1.106900733872447640e-01	2.973964909711560023e-01	1.879438566695617319e-01	8.754795701487537440e-02	3.998191378106202148e-02	9.855425619648275348e-02
2.017350179094252780e+03	1.776346251622004102e-01	1.105108133222607869e-01	2.975591519444653055e-01	1.880559677242994165e-01	8.759717682458033339e-02	4.001781801816078898e-02	9.862444700380867957e-02
2.022187949307908411e+03	1.773852163551148386e-01	1.103325410944916846e-01	2.977209185028675820e-01	1.881674204978934783e-01	8.764612955217795931e-02	4.005353410022548244e-02	9.869423989700470967e-02
2.027025719521564042e+03	1.771372174272364541e-01	1.101552513487852186e-01	2.978817956378632115e-01	1.882782188306278692e-01	8.769481666165640510e-02	4.008906293416979877e-02	9.876363715943679844e-02
2.031863489735218764e+03	1.768906202960358054e-01	1.099789387576225741e-01	2.980417883112428945e-01	1.883883665412285913e-01	8.774323960892413399e-02	4.012440542382957054e-02	9.883264106089215129e-02
2.036701259948874394e+03	1.766454169270385011e-01	1.098035980209988022e-01	2.982009014553033133e-01	1.884978674269665033e-01	8.779139984185174717e-02	4.015956246994882572e-02	9.890125385766800059e-02
2.041539030162529116e+03	1.764015993335125987e-01	1.096292238663033602e-01	2.983591399730602944e-01	1.886067252637598779e-01	8.783929880031353388e-02	4.019453497016646504e-02	9.896947779265961864e-02
2.046376800376184747e+03	1.761591595761582418e-01	1.094558110482008462e-01	2.985165087384594740e-01	1.887149438062770412e-01	8.788693791622902152e-02	4.022932381900348742e-02	9.903731509544769218e-02
2.051214570589840150e+03	1.759180897627997120e-01	1.092833543485117603e-01	2.986730125965852412e-01	1.888225267880386804e-01	8.793431861360441470e-02	4.026392990785087472e-02	9.910476798238508633e-02
2.056052340803495554e+03	1.756783820480801728e-01	1.091118485760935175e-01	2.988286563638674065e-01	1.889294779215200948e-01	8.798144230857384007e-02	4.029835412495798991e-02	9.917183865668278975e-02
2.060890111017150957e+03	1.754400286331584680e-01	1.089412885667215281e-01	2.989834448282850943e-01	1.890358008982533367e-01	8.802831040944059104e-02	4.033259735542151642e-02	9.923852930849529075e-02
2.065727881230805451e+03	1.752030217654083621e-01	1.087716691829704041e-01	2.991373827495695803e-01	1.891414993889289908e-01	8.807492431671819222e-02	4.036666048117502209e-02	9.930484211500527347e-02
2.070565651444461309e+03	1.749673537381201960e-01	1.086029853140954016e-01	2.992904748594042430e-01	1.892465770434980654e-01	8.812128542317131108e-02	4.040054438097896022e-02	9.937077924050764788e-02
2.075403421658116713e+03	1.747330168902049286e-01	1.084352318759140427e-01	2.994427258616227383e-01	1.893510374912733829e-01	8.816739511385655870e-02	4.043424993041125348e-02	9.943634283649294137e-02
2.080241191871772116e+03	1.745000036059001225e-01	1.082684038106877522e-01	2.995941404324052870e-01	1.894548843410311101e-01	8.821325476616323491e-02	4.046777800185836355e-02	9.950153504173001040e-02
2.085078962085427065e+03	1.742683063144786215e-01	1.081024960870038965e-01	2.997447232204724643e-01	1.895581211811118993e-01	8.825886574985386535e-02	4.050112946450688117e-02	9.956635798234819701e-02
2.089916732299082469e+03	1.740379174899591985e-01	1.079375036996578496e-01	2.998944788472780454e-01	1.896607515795218357e-01	8.830422942710462741e-02	4.053430518433555341e-02	9.963081377191877752e-02
2.094754502512737417e+03	1.738088296508195074e-01	1.077734216695352687e-01	3.000434119071986316e-01	1.897627790840331896e-01	8.834934715254565141e-02	4.056730602410787284e-02	9.969490451153577293e-02
2.099592272726392821e+03	1.735810353597110611e-01	1.076102450434946872e-01	3.001915269677224440e-01	1.898642072222851418e-01	8.839422027330122444e-02	4.060013284336507627e-02	9.975863228989623188e-02
2.104430042940048224e+03	1.733545272231767631e-01	1.074479688942501926e-01	3.003388285696357851e-01	1.899650395018840088e-01	8.843885012902977238e-02	4.063278649841958051e-02	9.982199918337977818e-02
2.109267813153704083e+03	1.731292978913702429e-01	1.072865883202543391e-01	3.004853212272075580e-01	1.900652794105034127e-01	8.848323805196378622e-02	4.066526784234892472e-02	9.988500725612764475e-02
2.114105583367359031e+03	1.729053400577774402e-01	1.071260984455812831e-01	3.006310094283722312e-01	1.901649304159841736e-01	8.852738536694951255e-02	4.069757772499014298e-02	9.994765856012106930e-02
2.118943353581013525e+03	1.726826464589402421e-01	1.069664944198102791e-01	3.007758976349109714e-01	1.902639959664340907e-01	8.857129339148664404e-02	4.072971699293450459e-02	1.000099551352591071e-01
2.123781123794669384e+03	1.724612098741824251e-01	1.068077714179091614e-01	3.009199902826307782e-01	1.903624794903271966e-01	8.861496343576774626e-02	4.076168648952274015e-02	1.000718990094357636e-01
2.128618894008324787e+03	1.722410231253374280e-01	1.066499246401181877e-01	3.010632917815421750e-01	1.904603843966031773e-01	8.865839680271758727e-02	4.079348705484062837e-02	1.001334921986166970e-01
2.133456664221980191e+03	1.720220790764780683e-01	1.064929493118342285e-01	3.012058065160349574e-01	1.905577140747661546e-01	8.870159478803225916e-02	4.082511952571503400e-02	1.001947367069151856e-01
2.138294434435635139e+03	1.718043706336487841e-01	1.063368406834950125e-01	3.013475388450524428e-01	1.906544718949834405e-01	8.874455868021827176e-02	4.085658473571030652e-02	1.002556345266676086e-01
2.143132204649290543e+03	1.715878907445992918e-01	1.061815940304637329e-01	3.014884931022639991e-01	1.907506612081840136e-01	8.878728976063145206e-02	4.088788351512503971e-02	1.003161876385083445e-01
2.147969974862945492e+03	1.713726323985206856e-01	1.060272046529139173e-01	3.016286735962357413e-01	1.908462853461566355e-01	8.882978930351559388e-02	4.091901669098926136e-02	1.003763980114440596e-01
2.152807745076601350e+03	1.711585886257832312e-01	1.058736678757144639e-01	3.017680846105998405e-01	1.909413476216478556e-01	8.887205857604105197e-02	4.094998508706195611e-02	1.004362676029274953e-01
2.157645515290255844e+03	1.709457524976761567e-01	1.057209790483151085e-01	3.019067304042222788e-01	1.910358513284595439e-01	8.891409883834322514e-02	4.098078952382891438e-02	1.004957983589306741e-01
2.162483285503912157e+03	1.707341171261495261e-01	1.055691335446320017e-01	3.020446152113687721e-01	1.911297997415463412e-01	8.895591134356074792e-02	4.101143081850101846e-02	1.005549922140175079e-01
2.167321055717567106e+03	1.705236756635578610e-01	1.054181267629336338e-01	3.021817432418692495e-01	1.912231961171127759e-01	8.899749733787368222e-02	4.104190978501277842e-02	1.006138510914159345e-01
2.172158825931222509e+03	1.703144213024057052e-01	1.052679541257270646e-01	3.023181186812810006e-01	1.913160436927099639e-01	8.903885806054141761e-02	4.107222723402125658e-02	1.006723769030894999e-01
2.176996596144877003e+03	1.701063472750951044e-01	1.051186110796443890e-01	3.024537456910499911e-01	1.914083456873322264e-01	8.907999474394048822e-02	4.110238397290531115e-02	1.007305715498083704e-01
2.181834366358532861e+03	1.698994468536747793e-01	1.049700930953295086e-01	3.025886284086710676e-01	1.915001053015133181e-01	8.912090861360225102e-02	4.113238080576514522e-02	1.007884369212198178e-01
2.186672136572187810e+03	1.696937133495915184e-01	1.048223956673252077e-01	3.027227709478460538e-01	1.915913257174223228e-01	8.916160088825032803e-02	4.116221853342218184e-02	1.008459748959182473e-01
2.191509906785843214e+03	1.694891401134428488e-01	1.046755143139604938e-01	3.028561773986414019e-01	1.916820100989594100e-01	8.920207277983795147e-02	4.119189795341920979e-02	1.009031873415145997e-01
2.196347676999498617e+03	1.692857205347319538e-01	1.045294445772383118e-01	3.029888518276433462e-01	1.917721615918509814e-01	8.924232549358515620e-02	4.122141986002090391e-02	1.009600761147052966e-01
2.201185447213154021e+03	1.690834480416242847e-01	1.043841820227234402e-01	3.031207982781123356e-01	1.918617833237449000e-01	8.928236022801575023e-02	4.125078504421453990e-02	1.010166430613407135e-01
2.206023217426809424e+03	1.688823161007057816e-01	1.042397222394308154e-01	3.032520207701359105e-01	1.919508784043051086e-01	8.932217817499420176e-02	4.127999429371106282e-02	1.010728900164930694e-01
2.210860987640464373e+03	1.686823182167430102e-01	1.040960608397141218e-01	3.033825233007801381e-01	1.920394499253061382e-01	8.936178051976224890e-02	4.130904839294639863e-02	1.011288188045238456e-01
2.215698757854119776e+03	1.684834479324449352e-01	1.039531934591546719e-01	3.035123098442397138e-01	1.921275009607271433e-01	8.940116844097552307e-02	4.133794812308307087e-02	1.011844312391507461e-01
2.220536528067775180e+03	1.682856988282264987e-01	1.038111157564506198e-01	3.036413843519869538e-01	1.922150345668458271e-01	8.944034311073982557e-02	4.136669426201204647e-02	1.012397291235141022e-01
2.225374298281430583e+03	1.680890645219738355e-01	1.036698234133065361e-01	3.037697507529187324e-01	1.923020537823317555e-01	8.947930569464737638e-02	4.139528758435483125e-02	1.012947142502428066e-01
2.230212068495085077e+03	1.678935386688112374e-01	1.035293121343232314e-01	3.038974129535033097e-01	1.923885616283396438e-01	8.951805735181281309e-02	4.142372886146587774e-02	1.013493884015198160e-01
2.235049838708740936e+03	1.676991149608697551e-01	1.033895776468879563e-01	3.040243748379246602e-01	1.924745611086021435e-01	8.955659923490907892e-02	4.145201886143519421e-02	1.014037533491470994e-01
2.239887608922396339e+03	1.675057871270574650e-01	1.032506157010649461e-01	3.041506402682266907e-01	1.925600552095223794e-01	8.959493249020308858e-02	4.148015834909116878e-02	1.014578108546102253e-01
2.244725379136052197e+03	1.673135489328313741e-01	1.031124220694862176e-01	3.042762130844549606e-01	1.926450469002660426e-01	8.963305825759133871e-02	4.150814808600369193e-02	1.015115626691422690e-01
2.249563149349706237e+03	1.671223941799709900e-01	1.029749925472428634e-01	3.044010971047984015e-01	1.927295391328534280e-01	8.967097767063521296e-02	4.153598883048747331e-02	1.015650105337875392e-01
2.254400919563362095e+03	1.669323167063534175e-01	1.028383229517764175e-01	3.045252961257288171e-01	1.928135348422507778e-01	8.970869185659621770e-02	4.156368133760557360e-02	1.016181561794645832e-01
2.259238689777017044e+03	1.667433103857302035e-01	1.027024091227709129e-01	3.046488139221399938e-01	1.928970369464615420e-01	8.974620193647100952e-02	4.159122635917319316e-02	1.016710013270289287e-01
2.264076459990672902e+03	1.665553691275055981e-01	1.025672469220449412e-01	3.047716542474849244e-01	1.929800483466172500e-01	8.978350902502629793e-02	4.161862464376159948e-02	1.017235476873352418e-01
