1.001418434226643626e+03	2.829556488315358442e-01	1.752670109782854535e-01	2.339484460733110283e-01	1.410413350071488547e-01	6.895131190375233809e-02	2.760211831048934791e-02	7.023412889545528615e-02
1.002869765290740247e+03	2.826986083146880713e-01	1.751005796630106803e-01	2.341231708642839970e-01	1.411485783430402596e-01	6.899601461561054305e-02	2.763006134861387825e-02	7.030298685073066434e-02
1.004321096354836754e+03	2.824420099103508996e-01	1.749344347067954553e-01	2.342975752021454472e-01	1.412556383849109809e-01	6.904064245985308546e-02	2.765797037554841575e-02	7.037172896037383052e-02
1.005772427418933376e+03	2.821858528558461865e-01	1.747685756150298420e-01	2.344716596677943743e-01	1.413625154906480164e-01	6.908519557336392780e-02	2.768584539593956298e-02	7.044035540135612505e-02
1.007223758483029997e+03	2.819301363898222834e-01	1.746030018939686013e-01	2.346454248410422827e-01	1.414692100171798528e-01	6.912967409271661423e-02	2.771368641466282270e-02	7.050886635058563334e-02
1.008675089547126618e+03	2.816748597522511499e-01	1.744377130507295814e-01	2.348188713006156558e-01	1.415757223204804349e-01	6.917407815417528361e-02	2.774149343682109914e-02	7.057726198490489600e-02
1.010126420611223239e+03	2.814200221844265215e-01	1.742727085932921638e-01	2.349919996241584819e-01	1.416820527555733289e-01	6.921840789369572422e-02	2.776926646774318178e-02	7.064554248108870227e-02
1.011577751675319632e+03	2.811656229289611897e-01	1.741079880304956529e-01	2.351648103882347796e-01	1.417882016765358577e-01	6.926266344692641463e-02	2.779700551298225353e-02	7.071370801584188348e-02
1.013029082739416367e+03	2.809116612297850035e-01	1.739435508720378054e-01	2.353373041683311240e-01	1.418941694365030426e-01	6.930684494920953675e-02	2.782471057831440581e-02	7.078175876579716197e-02
1.014480413803512761e+03	2.806581363321420386e-01	1.737793966284730540e-01	2.355094815388591167e-01	1.419999563876717386e-01	6.935095253558205830e-02	2.785238166973716747e-02	7.084969490751294452e-02
1.015931744867609382e+03	2.804050474825885431e-01	1.736155248112111471e-01	2.356813430731578562e-01	1.421055628813045479e-01	6.939498634077669037e-02	2.788001879346802339e-02	7.091751661747128233e-02
1.017383075931706003e+03	2.801523939289906617e-01	1.734519349325154836e-01	2.358528893434964913e-01	1.422109892677338727e-01	6.943894649922295603e-02	2.790762195594296766e-02	7.098522407207566443e-02
1.018834406995802851e+03	2.799001749205219380e-01	1.732886265055015307e-01	2.360241209210765800e-01	1.423162358963657725e-01	6.948283314504817565e-02	2.793519116381503256e-02	7.105281744764900542e-02
1.020285738059899245e+03	2.796483897076612046e-01	1.731255990441353254e-01	2.361950383760346439e-01	1.424213031156839615e-01	6.952664641207850771e-02	2.796272642395285918e-02	7.112029692043157769e-02
1.021737069123995752e+03	2.793970375421899188e-01	1.729628520632318367e-01	2.363656422774445265e-01	1.425261912732537495e-01	6.957038643383989251e-02	2.799022774343924366e-02	7.118766266657899910e-02
1.023188400188092373e+03	2.791461176771899422e-01	1.728003850784535778e-01	2.365359331933198916e-01	1.426309007157258446e-01	6.961405334355910690e-02	2.801769512956971825e-02	7.125491486216016523e-02
1.024639731252188767e+03	2.788956293670413755e-01	1.726381976063088852e-01	2.367059116906166105e-01	1.427354317888401836e-01	6.965764727416472180e-02	2.804512858985112184e-02	7.132205368315533422e-02
1.026091062316285615e+03	2.786455718674202831e-01	1.724762891641504481e-01	2.368755783352352318e-01	1.428397848374298729e-01	6.970116835828811530e-02	2.807252813200018793e-02	7.138907930545412839e-02
1.027542393380382237e+03	2.783959444352960277e-01	1.723146592701738089e-01	2.370449336920233130e-01	1.429439602054248803e-01	6.974461672826441638e-02	2.809989376394214644e-02	7.145599190485360519e-02
1.028993724444478858e+03	2.781467463289294950e-01	1.721533074434157262e-01	2.372139783247778910e-01	1.430479582358559210e-01	6.978799251613354571e-02	2.812722549380930123e-02	7.152279165705632824e-02
1.030445055508575479e+03	2.778979768078702062e-01	1.719922332037527035e-01	2.373827127962477579e-01	1.431517792708581760e-01	6.983129585364114544e-02	2.815452332993965967e-02	7.158947873766850767e-02
1.031896386572671872e+03	2.776496351329545420e-01	1.718314360718994904e-01	2.375511376681360143e-01	1.432554236516749846e-01	6.987452687223950909e-02	2.818178728087554138e-02	7.165605332219808499e-02
1.033347717636768493e+03	2.774017205663031338e-01	1.716709155694075006e-01	2.377192535011022345e-01	1.433588917186615908e-01	6.991768570308860842e-02	2.820901735536219049e-02	7.172251558605291510e-02
1.034799048700865114e+03	2.771542323713185874e-01	1.715106712186633131e-01	2.378870608547649645e-01	1.434621838112889181e-01	6.996077247705703717e-02	2.823621356234642249e-02	7.178886570453894833e-02
1.036250379764961508e+03	2.769071698126834291e-01	1.713507025428871178e-01	2.380545602877040812e-01	1.435653002681470947e-01	7.000378732472295473e-02	2.826337591097525040e-02	7.185510385285837076e-02
1.037701710829058356e+03	2.766605321563574416e-01	1.711910090661312167e-01	2.382217523574629847e-01	1.436682414269492558e-01	7.004673037637505761e-02	2.829050441059453858e-02	7.192123020610786954e-02
1.039153041893154750e+03	2.764143186695758314e-01	1.710315903132785254e-01	2.383886376205510693e-01	1.437710076245350133e-01	7.008960176201343983e-02	2.831759907074764271e-02	7.198724493927688428e-02
1.040604372957251599e+03	2.761685286208466206e-01	1.708724458100410459e-01	2.385552166324460266e-01	1.438735991968741745e-01	7.013240161135066153e-02	2.834465990117408449e-02	7.205314822724580293e-02
1.042055704021347992e+03	2.759231612799486477e-01	1.707135750829584242e-01	2.387214899475960661e-01	1.439760164790702124e-01	7.017513005381255387e-02	2.837168691180820546e-02	7.211894024478428256e-02
1.043507035085444613e+03	2.756782159179290703e-01	1.705549776593963396e-01	2.388874581194223579e-01	1.440782598053640118e-01	7.021778721853923211e-02	2.839868011277785209e-02	7.218462116654955629e-02
1.044958366149541234e+03	2.754336918071011997e-01	1.703966530675451174e-01	2.390531217003211972e-01	1.441803295091372006e-01	7.026037323438598381e-02	2.842563951440304701e-02	7.225019116708472633e-02
1.046409697213637855e+03	2.751895882210422251e-01	1.702386008364180081e-01	2.392184812416663642e-01	1.442822259229158133e-01	7.030288822992422637e-02	2.845256512719468445e-02	7.231565042081709860e-02
1.047861028277734476e+03	2.749459044345911041e-01	1.700808204958500214e-01	2.393835372938113992e-01	1.443839493783737049e-01	7.034533233344238135e-02	2.847945696185322575e-02	7.238099910205657295e-02
1.049312359341831097e+03	2.747026397238460649e-01	1.699233115764962054e-01	2.395482904060918239e-01	1.444855002063360483e-01	7.038770567294681813e-02	2.850631502926739488e-02	7.244623738499404719e-02
1.050763690405927491e+03	2.744597933661627187e-01	1.697660736098302314e-01	2.397127411268274166e-01	1.445868787367827757e-01	7.043000837616267273e-02	2.853313934051289816e-02	7.251136544369972403e-02
1.052215021470024112e+03	2.742173646401513398e-01	1.696091061281428669e-01	2.398768900033245166e-01	1.446880852988520483e-01	7.047224057053491642e-02	2.855992990685113017e-02	7.257638345212161224e-02
1.053666352534120733e+03	2.739753528256750892e-01	1.694524086645405325e-01	2.400407375818781885e-01	1.447891202208436978e-01	7.051440238322909115e-02	2.858668673972791438e-02	7.264129158408390297e-02
1.055117683598217127e+03	2.737337572038475719e-01	1.692959807529438310e-01	2.402042844077744987e-01	1.448899838302225018e-01	7.055649394113228112e-02	2.861340985077220900e-02	7.270609001328552645e-02
1.056569014662313975e+03	2.734925770570306169e-01	1.691398219280860760e-01	2.403675310252927633e-01	1.449906764536216253e-01	7.059851537085400086e-02	2.864009925179486493e-02	7.277077891329851445e-02
1.058020345726410369e+03	2.732518116688321674e-01	1.689839317255116824e-01	2.405304779777076574e-01	1.450911984168459790e-01	7.064046679872705570e-02	2.866675495478735597e-02	7.283535845756655691e-02
1.059471676790506763e+03	2.730114603241038385e-01	1.688283096815750006e-01	2.406931258072915469e-01	1.451915500448755503e-01	7.068234835080842993e-02	2.869337697192054712e-02	7.289982881940348936e-02
1.060923007854603611e+03	2.727715223089390850e-01	1.686729553334384846e-01	2.408554750553166812e-01	1.452917316618686783e-01	7.072416015288014723e-02	2.871996531554343521e-02	7.296419017199187729e-02
1.062374338918700232e+03	2.725319969106705931e-01	1.685178682190715538e-01	2.410175262620572467e-01	1.453917435911654399e-01	7.076590233045018663e-02	2.874651999818192416e-02	7.302844268838148967e-02
1.063825669982796853e+03	2.722928834178682256e-01	1.683630478772489558e-01	2.411792799667916709e-01	1.454915861552907586e-01	7.080757500875330124e-02	2.877304103253758988e-02	7.309258654148792500e-02
1.065277001046893474e+03	2.720541811203370242e-01	1.682084938475492397e-01	2.413407367078047872e-01	1.455912596759578181e-01	7.084917831275192035e-02	2.879952843148645553e-02	7.315662190409116805e-02
1.066728332110990095e+03	2.718158893091147110e-01	1.680542056703535347e-01	2.415018970223900552e-01	1.456907644740711993e-01	7.089071236713696822e-02	2.882598220807778416e-02	7.322054894883421594e-02
1.068179663175086489e+03	2.715780072764696351e-01	1.679001828868438573e-01	2.416627614468515040e-01	1.457901008697301271e-01	7.093217729632875224e-02	2.885240237553287138e-02	7.328436784822167649e-02
1.069630994239183110e+03	2.713405343158986627e-01	1.677464250390018619e-01	2.418233305165061464e-01	1.458892691822316900e-01	7.097357322447779560e-02	2.887878894724383444e-02	7.334807877461843595e-02
1.071082325303279504e+03	2.711034697221249012e-01	1.675929316696073423e-01	2.419836047656859224e-01	1.459882697300739496e-01	7.101490027546566997e-02	2.890514193677241536e-02	7.341168190024828510e-02
1.072533656367376352e+03	2.708668127910955348e-01	1.674397023222366221e-01	2.421435847277399744e-01	1.460871028309591313e-01	7.105615857290586979e-02	2.893146135784880474e-02	7.347517739719258700e-02
1.073984987431472746e+03	2.706305628199796032e-01	1.672867365412613327e-01	2.423032709350366465e-01	1.461857688017968171e-01	7.109734824014463106e-02	2.895774722437044479e-02	7.353856543738901408e-02
1.075436318495569594e+03	2.703947191071660039e-01	1.671340338718468876e-01	2.424626639189658150e-01	1.462842679587069705e-01	7.113846940026177790e-02	2.898399955040086018e-02	7.360184619263021588e-02
1.076887649559666215e+03	2.701592809522610494e-01	1.669815938599510940e-01	2.426217642099406935e-01	1.463826006170231286e-01	7.117952217607154131e-02	2.901021835016848877e-02	7.366501983456255620e-02
1.078338980623762609e+03	2.699242476560866355e-01	1.668294160523226266e-01	2.427805723374001357e-01	1.464807670912953996e-01	7.122050669012336410e-02	2.903640363806551244e-02	7.372808653468485018e-02
1.079790311687859230e+03	2.696896185206779095e-01	1.666774999964996951e-01	2.429390888298107731e-01	1.465787676952936269e-01	7.126142306470274745e-02	2.906255542864670180e-02	7.379104646434708759e-02
1.081241642751955851e+03	2.694553928492810502e-01	1.665258452408085732e-01	2.430973142146689858e-01	1.466766027420103313e-01	7.130227142183211131e-02	2.908867373662826425e-02	7.385389979474929478e-02
1.082692973816052472e+03	2.692215699463512135e-01	1.663744513343622389e-01	2.432552490185029559e-01	1.467742725436637641e-01	7.134305188327151603e-02	2.911475857688670607e-02	7.391664669694021639e-02
1.084144304880149093e+03	2.689881491175503681e-01	1.662233178270588474e-01	2.434128937668749160e-01	1.468717774117010433e-01	7.138376457051952284e-02	2.914080996445768401e-02	7.397928734181619115e-02
1.085595635944245487e+03	2.687551296697452408e-01	1.660724442695804270e-01	2.435702489843830643e-01	1.469691176568009849e-01	7.142440960481402645e-02	2.916682791453488119e-02	7.404182190011995846e-02
1.087046967008342108e+03	2.685225109110050412e-01	1.659218302133913803e-01	2.437273151946636740e-01	1.470662935888771561e-01	7.146498710713300451e-02	2.919281244246887258e-02	7.410425054243943710e-02
1.088498298072438729e+03	2.682902921505994631e-01	1.657714752107371514e-01	2.438840929203930641e-01	1.471633055170808169e-01	7.150549719819535022e-02	2.921876356376601480e-02	7.416657343920667056e-02
1.089949629136535123e+03	2.680584726989964639e-01	1.656213788146427279e-01	2.440405826832898473e-01	1.472601537498038904e-01	7.154593999846166341e-02	2.924468129408731507e-02	7.422879076069661963e-02
1.091400960200631971e+03	2.678270518678601553e-01	1.654715405789113913e-01	2.441967850041167620e-01	1.473568385946818771e-01	7.158631562813498606e-02	2.927056564924734525e-02	7.429090267702607997e-02
1.092852291264728365e+03	2.675960289700485828e-01	1.653219600581231630e-01	2.443527004026828098e-01	1.474533603585967134e-01	7.162662420716170431e-02	2.929641664521312125e-02	7.435290935815254409e-02
1.094303622328825213e+03	2.673654033196118940e-01	1.651726368076333884e-01	2.445083293978451977e-01	1.475497193476797420e-01	7.166686585523222852e-02	2.932223429810302054e-02	7.441481097387316057e-02
1.095754953392921607e+03	2.671351742317900069e-01	1.650235703835715162e-01	2.446636725075114760e-01	1.476459158673145422e-01	7.170704069178181206e-02	2.934801862418567539e-02	7.447660769382363766e-02
1.097206284457018228e+03	2.669053410230106116e-01	1.648747603428395714e-01	2.448187302486413974e-01	1.477419502221397618e-01	7.174714883599132842e-02	2.937376963987891471e-02	7.453829968747714696e-02
1.098657615521114849e+03	2.666759030108868389e-01	1.647262062431107954e-01	2.449735031372490268e-01	1.478378227160520308e-01	7.178719040678804841e-02	2.939948736174865726e-02	7.459988712414331036e-02
1.100108946585211470e+03	2.664468595142155394e-01	1.645779076428282583e-01	2.451279916884047116e-01	1.479335336522087652e-01	7.182716552284640343e-02	2.942517180650785699e-02	7.466137017296718692e-02
1.101560277649308091e+03	2.662182098529748409e-01	1.644298641012035267e-01	2.452821964162370527e-01	1.480290833330309419e-01	7.186707430258873486e-02	2.945082299101543441e-02	7.472274900292823208e-02
1.103011608713404712e+03	2.659899533483222056e-01	1.642820751782151922e-01	2.454361178339349303e-01	1.481244720602059028e-01	7.190691686418607120e-02	2.947644093227520454e-02	7.478402378283929841e-02
1.104462939777501106e+03	2.657620893225924319e-01	1.641345404346075676e-01	2.455897564537493638e-01	1.482197001346901299e-01	7.194669332555889141e-02	2.950202564743483608e-02	7.484519468134560871e-02
1.105914270841597499e+03	2.655346170992954336e-01	1.639872594318892429e-01	2.457431127869955934e-01	1.483147678567120764e-01	7.198640380437790198e-02	2.952757715378479669e-02	7.490626186692385391e-02
1.107365601905694348e+03	2.653075360031141305e-01	1.638402317323318091e-01	2.458961873440550783e-01	1.484096755257747757e-01	7.202604841806467539e-02	2.955309546875731219e-02	7.496722550788115225e-02
1.108816932969790741e+03	2.650808453599025061e-01	1.636934568989684147e-01	2.460489806343772456e-01	1.485044234406586727e-01	7.206562728379256599e-02	2.957858060992531526e-02	7.502808577235420273e-02
1.110268264033887590e+03	2.648545444966834417e-01	1.635469344955924054e-01	2.462014931664816830e-01	1.485990118994243436e-01	7.210514051848734840e-02	2.960403259500143242e-02	7.508884282830821655e-02
1.111719595097984211e+03	2.646286327416468298e-01	1.634006640867559923e-01	2.463537254479598870e-01	1.486934411994151606e-01	7.214458823882793914e-02	2.962945144183694660e-02	7.514949684353611215e-02
1.113170926162080832e+03	2.644031094241471869e-01	1.632546452377688362e-01	2.465056779854773172e-01	1.487877116372599562e-01	7.218397056124721545e-02	2.965483716842077719e-02	7.521004798565752991e-02
1.114622257226177226e+03	2.641779738747018769e-01	1.631088775146967984e-01	2.466573512847752558e-01	1.488818235088757436e-01	7.222328760193269526e-02	2.968018979287846693e-02	7.527049642211797176e-02
1.116073588290273847e+03	2.639532254249888910e-01	1.629633604843604699e-01	2.468087458506727783e-01	1.489757771094703254e-01	7.226253947682728662e-02	2.970550933347117228e-02	7.533084232018791293e-02
1.117524919354370468e+03	2.637288634078448490e-01	1.628180937143338669e-01	2.469598621870686128e-01	1.490695727335449305e-01	7.230172630162999547e-02	2.973079580859465387e-02	7.539108584696192772e-02
1.118976250418467089e+03	2.635048871572630014e-01	1.626730767729430427e-01	2.471107007969431391e-01	1.491632106748969344e-01	7.234084819179666115e-02	2.975604923677828070e-02	7.545122716935778739e-02
1.120427581482563710e+03	2.632812960083911746e-01	1.625283092292648390e-01	2.472612621823601364e-01	1.492566912266222734e-01	7.237990526254069190e-02	2.978126963668404140e-02	7.551126645411571081e-02
1.121878912546660331e+03	2.630580892975296070e-01	1.623837906531254427e-01	2.474115468444688382e-01	1.493500146811182205e-01	7.241889762883377268e-02	2.980645702710554498e-02	7.557120386779746235e-02
1.123330243610756725e+03	2.628352663621290608e-01	1.622395206150990254e-01	2.475615552835057631e-01	1.494431813300859113e-01	7.245782540540654515e-02	2.983161142696705292e-02	7.563103957678551925e-02
1.124781574674853118e+03	2.626128265407887685e-01	1.620954986865065506e-01	2.477112879987965477e-01	1.495361914645328971e-01	7.249668870674937093e-02	2.985673285532248686e-02	7.569077374728230834e-02
1.126232905738949967e+03	2.623907691732542125e-01	1.619517244394142741e-01	2.478607454887578887e-01	1.496290453747756433e-01	7.253548764711302554e-02	2.988182133135447102e-02	7.575040654530937334e-02
1.127684236803046360e+03	2.621690936004155148e-01	1.618081974466324957e-01	2.480099282508994030e-01	1.497217433504421935e-01	7.257422234050935062e-02	2.990687687437335388e-02	7.580993813670661163e-02
1.129135567867143209e+03	2.619477991643049397e-01	1.616649172817142821e-01	2.481588367818254315e-01	1.498142856804745571e-01	7.261289290071205882e-02	2.993189950381624706e-02	7.586936868713149706e-02
1.130586898931239830e+03	2.617268852080951169e-01	1.615218835189539126e-01	2.483074715772370100e-01	1.499066726531312621e-01	7.265149944125731674e-02	2.995688923924608171e-02	7.592869836205827505e-02
1.132038229995336451e+03	2.615063510760971544e-01	1.613790957333858522e-01	2.484558331319336177e-01	1.499989045559899092e-01	7.269004207544449425e-02	2.998184610035064396e-02	7.598792732677726869e-02
1.133489561059432845e+03	2.612861961137584732e-01	1.612365535007832251e-01	2.486039219398150923e-01	1.500909816759496140e-01	7.272852091633690008e-02	3.000677010694163815e-02	7.604705574639411547e-02
1.134940892123529466e+03	2.610664196676605875e-01	1.610942563976565378e-01	2.487517384938834064e-01	1.501829042992333940e-01	7.276693607676239239e-02	3.003166127895374321e-02	7.610608378582905953e-02
1.136392223187626087e+03	2.608470210855174387e-01	1.609522040012524025e-01	2.488992832862444993e-01	1.502746727113907776e-01	7.280528766931410045e-02	3.005651963644366889e-02	7.616501160981618834e-02
1.137843554251722708e+03	2.606279997161733974e-01	1.608103958895522045e-01	2.490465568081103032e-01	1.503662871973000803e-01	7.284357580635107687e-02	3.008134519958924682e-02	7.622383938290276661e-02
1.139294885315819101e+03	2.604093549096010429e-01	1.606688316412707429e-01	2.491935595498002420e-01	1.504577480411709856e-01	7.288180059999904703e-02	3.010613798868847640e-02	7.628256726944852850e-02
1.140746216379915950e+03	2.601910860168993866e-01	1.605275108358549530e-01	2.493402920007432855e-01	1.505490555265468211e-01	7.291996216215103355e-02	3.013089802415863314e-02	7.634119543362498372e-02
1.142197547444012343e+03	2.599731923902916519e-01	1.603864330534826577e-01	2.494867546494796418e-01	1.506402099363070290e-01	7.295806060446800856e-02	3.015562532653533190e-02	7.639972403941476531e-02
1.143648878508108737e+03	2.597556733831234976e-01	1.602455978750612353e-01	2.496329479836626175e-01	1.507312115526695251e-01	7.299609603837962923e-02	3.018031991647162487e-02	7.645815325061093570e-02
1.145100209572205586e+03	2.595385283498610196e-01	1.601050048822261485e-01	2.497788724900605051e-01	1.508220606571931133e-01	7.303406857508482064e-02	3.020498181473710297e-02	7.651648323081639003e-02
1.146551540636302207e+03	2.593217566460886414e-01	1.599646536573398892e-01	2.499245286545581368e-01	1.509127575307798175e-01	7.307197832555252515e-02	3.022961104221698683e-02	7.657471414344313443e-02
1.148002871700398828e+03	2.591053576285071158e-01	1.598245437834906468e-01	2.500699169621588558e-01	1.510033024536771851e-01	7.310982540052234080e-02	3.025420761991124211e-02	7.663284615171173098e-02
1.149454202764495449e+03	2.588893306549319151e-01	1.596846748444907815e-01	2.502150378969862921e-01	1.510936957054807572e-01	7.314760991050510419e-02	3.027877156893366700e-02	7.669087941865063152e-02
1.150905533828591842e+03	2.586736750842907884e-01	1.595450464248757971e-01	2.503598919422860836e-01	1.511839375651361506e-01	7.318533196578365374e-02	3.030330291051102840e-02	7.674881410709556706e-02
1.152356864892688463e+03	2.584583902766221519e-01	1.594056581099029535e-01	2.505044795804277080e-01	1.512740283109416661e-01	7.322299167641344031e-02	3.032780166598217364e-02	7.680665037968897879e-02
1.153808195956785084e+03	2.582434755930730352e-01	1.592665094855499341e-01	2.506488012929061759e-01	1.513639682205503156e-01	7.326058915222312395e-02	3.035226785679716321e-02	7.686438839887939356e-02
1.155259527020881706e+03	2.580289303958969716e-01	1.591276001385136252e-01	2.507928575603437515e-01	1.514537575709722361e-01	7.329812450281530944e-02	3.037670150451638601e-02	7.692202832692084102e-02
1.156710858084978327e+03	2.578147540484522771e-01	1.589889296562088106e-01	2.509366488624918956e-01	1.515433966385769660e-01	7.333559783756714301e-02	3.040110263080969891e-02	7.697957032587231241e-02
1.158162189149074720e+03	2.576009459151999970e-01	1.588504976267669233e-01	2.510801756782328753e-01	1.516328856990956930e-01	7.337300926563095071e-02	3.042547125745555942e-02	7.703701455759719152e-02
1.159613520213171569e+03	2.573875053617018516e-01	1.587123036390346853e-01	2.512234384855814295e-01	1.517222250276234752e-01	7.341035889593487684e-02	3.044980740634018260e-02	7.709436118376267189e-02
1.161064851277267962e+03	2.571744317546185710e-01	1.585743472825729417e-01	2.513664377616867673e-01	1.518114148986214329e-01	7.344764683718353615e-02	3.047411109945668758e-02	7.715161036583921550e-02
1.162516182341364356e+03	2.569617244617076746e-01	1.584366281476553284e-01	2.515091739828340667e-01	1.519004555859191363e-01	7.348487319785863836e-02	3.049838235890423369e-02	7.720876226510008100e-02
1.163967513405461204e+03	2.567493828518218058e-01	1.582991458252669403e-01	2.516516476244461953e-01	1.519893473627166314e-01	7.352203808621962655e-02	3.052262120688719119e-02	7.726581704262072692e-02
1.165418844469557826e+03	2.565374062949065115e-01	1.581618999071032206e-01	2.517938591610856536e-01	1.520780905015867435e-01	7.355914161030428777e-02	3.054682766571430869e-02	7.732277485927832594e-02
1.166870175533654447e+03	2.563257941619986324e-01	1.580248899855685729e-01	2.519358090664561289e-01	1.521666852744771592e-01	7.359618387792937755e-02	3.057100175779785961e-02	7.737963587575126534e-02
1.168321506597751068e+03	2.561145458252240825e-01	1.578881156537751407e-01	2.520774978134042166e-01	1.522551319527127855e-01	7.363316499669127213e-02	3.059514350565283730e-02	7.743640025251864734e-02
1.169772837661847461e+03	2.559036606577961837e-01	1.577515765055415298e-01	2.522189258739211404e-01	1.523434308069976928e-01	7.367008507396653749e-02	3.061925293189610500e-02	7.749306814985978953e-02
1.171224168725944082e+03	2.556931380340135562e-01	1.576152721353916153e-01	2.523600937191444182e-01	1.524315821074174737e-01	7.370694421691258158e-02	3.064333005924560135e-02	7.754963972785373916e-02
1.172675499790040703e+03	2.554829773292583428e-01	1.574792021385531537e-01	2.525010018193597494e-01	1.525195861234412420e-01	7.374374253246829269e-02	3.066737491051951120e-02	7.760611514637882902e-02
1.174126830854137097e+03	2.552731779199940987e-01	1.573433661109566728e-01	2.526416506440023468e-01	1.526074431239237694e-01	7.378048012735456684e-02	3.069138750863545720e-02	7.766249456511220561e-02
1.175578161918233945e+03	2.550637391837642931e-01	1.572077636492341390e-01	2.527820406616589910e-01	1.526951533771077063e-01	7.381715710807498776e-02	3.071536787660969145e-02	7.771877814352934344e-02
1.177029492982330339e+03	2.548546604991900333e-01	1.570723943507177089e-01	2.529221723400694732e-01	1.527827171506255244e-01	7.385377358091643751e-02	3.073931603755630099e-02	7.777496604090362864e-02
1.178480824046426733e+03	2.546459412459682881e-01	1.569372578134386187e-01	2.530620461461284276e-01	1.528701347115017928e-01	7.389032965194963776e-02	3.076323201468640287e-02	7.783105841630597044e-02
1.179932155110523581e+03	2.544375808048699450e-01	1.568023536361257131e-01	2.532016625458869408e-01	1.529574063261551209e-01	7.392682542702980197e-02	3.078711583130735660e-02	7.788705542860425990e-02
1.181383486174620202e+03	2.542295785577381451e-01	1.566676814182043909e-01	2.533410220045541061e-01	1.530445322604003233e-01	7.396326101179721835e-02	3.081096751082196619e-02	7.794295723646305074e-02
1.182834817238716823e+03	2.540219338874861177e-01	1.565332407597952724e-01	2.534801249864988004e-01	1.531315127794504183e-01	7.399963651167783263e-02	3.083478707672770644e-02	7.799876399834311524e-02
1.184286148302813444e+03	2.538146461780952934e-01	1.563990312617129785e-01	2.536189719552514044e-01	1.532183481479187093e-01	7.403595203188391427e-02	3.085857455261593885e-02	7.805447587250097241e-02
1.185737479366910065e+03	2.536077148146137494e-01	1.562650525254649370e-01	2.537575633735054126e-01	1.533050386298208112e-01	7.407220767741451439e-02	3.088232996217114140e-02	7.811009301698863816e-02
1.187188810431006686e+03	2.534011391831540450e-01	1.561313041532501888e-01	2.538958997031189324e-01	1.533915844885766766e-01	7.410840355305614580e-02	3.090605332917012102e-02	7.816561558965309797e-02
1.188640141495103080e+03	2.531949186708914445e-01	1.559977857479579733e-01	2.540339814051165157e-01	1.534779859870126495e-01	7.414453976338336583e-02	3.092974467748127107e-02	7.822104374813598771e-02
1.190091472559199701e+03	2.529890526660619754e-01	1.558644969131667279e-01	2.541718089396906577e-01	1.535642433873634360e-01	7.418061641275935925e-02	3.095340403106378382e-02	7.827637764987323277e-02
1.191542803623296322e+03	2.527835405579607064e-01	1.557314372531427016e-01	2.543093827662035178e-01	1.536503569512741307e-01	7.421663360533646558e-02	3.097703141396690105e-02	7.833161745209464566e-02
1.192994134687392716e+03	2.525783817369397499e-01	1.555986063728388713e-01	2.544467033431886405e-01	1.537363269398022148e-01	7.425259144505681752e-02	3.100062685032917500e-02	7.838676331182359291e-02
1.194445465751489564e+03	2.523735755944065406e-01	1.554660038778935549e-01	2.545837711283523430e-01	1.538221536134193879e-01	7.428849003565288212e-02	3.102419036437769478e-02	7.844181538587664815e-02
1.195896796815585958e+03	2.521691215228217819e-01	1.553336293746293839e-01	2.547205865785754919e-01	1.539078372320137889e-01	7.432432948064804368e-02	3.104772198042734382e-02	7.849677383086324511e-02
1.197348127879682352e+03	2.519650189156978914e-01	1.552014824700519435e-01	2.548571501499149461e-01	1.539933780548917164e-01	7.436010988335718663e-02	3.107122172288007481e-02	7.855163880318531688e-02
1.198799458943779200e+03	2.517612671675967806e-01	1.550695627718486347e-01	2.549934622976055554e-01	1.540787763407797384e-01	7.439583134688725063e-02	3.109468961622416025e-02	7.860641045903701829e-02
1.200250790007875821e+03	2.515578656741282448e-01	1.549378698883874528e-01	2.551295234760612707e-01	1.541640323478265517e-01	7.443149397413782731e-02	3.111812568503345353e-02	7.866108895440435123e-02
1.201702121071972442e+03	2.513548138319482428e-01	1.548064034287157109e-01	2.552653341388770869e-01	1.542491463336048974e-01	7.446709786780165985e-02	3.114152995396666374e-02	7.871567444506488709e-02
1.203153452136069063e+03	2.511521110387567868e-01	1.546751630025589852e-01	2.554008947388305972e-01	1.543341185551134753e-01	7.450264313036523978e-02	3.116490244776664101e-02	7.877016708658747535e-02
1.204604783200165684e+03	2.509497566932961110e-01	1.545441482203197547e-01	2.555362057278834920e-01	1.544189492687789433e-01	7.453812986410940367e-02	3.118824319125963751e-02	7.882456703433188272e-02
1.206056114264262078e+03	2.507477501953491728e-01	1.544133586930762914e-01	2.556712675571830018e-01	1.545036387304576930e-01	7.457355817110983276e-02	3.121155220935459620e-02	7.887887444344852950e-02
1.207507445328358699e+03	2.505460909457375429e-01	1.542827940325814662e-01	2.558060806770639517e-01	1.545881871954378206e-01	7.460892815323763583e-02	3.123482952704244309e-02	7.893308946887825361e-02
1.208958776392455093e+03	2.503447783463196297e-01	1.541524538512615283e-01	2.559406455370497602e-01	1.546725949184409588e-01	7.464423991215990428e-02	3.125807516939536207e-02	7.898721226535196371e-02
1.210410107456551941e+03	2.501438117999887356e-01	1.540223377622148837e-01	2.560749625858545486e-01	1.547568621536241362e-01	7.467949354934022566e-02	3.128128916156611150e-02	7.904124298739040322e-02
1.211861438520648335e+03	2.499431907106716422e-01	1.538924453792109293e-01	2.562090322713843626e-01	1.548409891545816930e-01	7.471468916603926647e-02	3.130447152878731293e-02	7.909518178930385890e-02
1.213312769584745183e+03	2.497429144833263615e-01	1.537627763166889150e-01	2.563428550407386708e-01	1.549249761743470843e-01	7.474982686331535509e-02	3.132762229637073986e-02	7.914902882519193883e-02
1.214764100648841804e+03	2.495429825239405264e-01	1.536333301897566950e-01	2.564764313402122520e-01	1.550088234653946850e-01	7.478490674202492583e-02	3.135074148970663777e-02	7.920278424894329483e-02
1.216215431712937971e+03	2.493433942395295588e-01	1.535041066141895616e-01	2.566097616152966387e-01	1.550925312796417044e-01	7.481992890282312958e-02	3.137382913426303016e-02	7.925644821423537267e-02
1.217666762777034819e+03	2.491441490381349488e-01	1.533751052064290521e-01	2.567428463106815606e-01	1.551760998684499349e-01	7.485489344616436114e-02	3.139688525558503168e-02	7.931002087453417615e-02
1.219118093841131440e+03	2.489452463288222284e-01	1.532463255835817828e-01	2.568756858702564427e-01	1.552595294826275840e-01	7.488980047230280046e-02	3.141990987929416806e-02	7.936350238309403116e-02
1.220569424905228061e+03	2.487466855216794170e-01	1.531177673634183112e-01	2.570082807371121825e-01	1.553428203724311063e-01	7.492465008129291226e-02	3.144290303108769613e-02	7.941689289295741916e-02
1.222020755969324682e+03	2.485484660278151348e-01	1.529894301643718313e-01	2.571406313535425370e-01	1.554259727875669794e-01	7.495944237299005664e-02	3.146586473673792378e-02	7.947019255695464413e-02
1.223472087033421303e+03	2.483505872593567421e-01	1.528613136055371746e-01	2.572727381610455111e-01	1.555089869771934807e-01	7.499417744705090538e-02	3.148879502209155773e-02	7.952340152770367987e-02
1.224923418097517697e+03	2.481530486294487026e-01	1.527334173066695611e-01	2.574046016003253556e-01	1.555918631899224358e-01	7.502885540293408040e-02	3.151169391306899575e-02	7.957651995760998964e-02
1.226374749161614318e+03	2.479558495522506123e-01	1.526057408881833499e-01	2.575362221112935668e-01	1.556746016738209948e-01	7.506347633990061163e-02	3.153456143566370912e-02	7.962954799886629020e-02
1.227826080225710712e+03	2.477589894429356177e-01	1.524782839711509852e-01	2.576676001330707177e-01	1.557572026764134365e-01	7.509804035701447833e-02	3.155739761594155562e-02	7.968248580345231591e-02
1.229277411289807560e+03	2.475624677176884725e-01	1.523510461773018299e-01	2.577987361039879577e-01	1.558396664446829172e-01	7.513254755314312250e-02	3.158020248004013431e-02	7.973533352313472156e-02
1.230728742353903954e+03	2.473662837937038728e-01	1.522240271290209446e-01	2.579296304615883439e-01	1.559219932250730523e-01	7.516699802695799015e-02	3.160297605416811928e-02	7.978809130946680483e-02
1.232180073418000802e+03	2.471704370891846803e-01	1.520972264493479220e-01	2.580602836426285629e-01	1.560041832634899428e-01	7.520139187693503091e-02	3.162571836460461444e-02	7.984075931378838142e-02
1.233631404482097196e+03	2.469749270233400351e-01	1.519706437619758321e-01	2.581906960830803177e-01	1.560862368053035909e-01	7.523572920135526698e-02	3.164842943769853589e-02	7.989333768722559070e-02
1.235082735546193817e+03	2.467797530163837183e-01	1.518442786912499454e-01	2.583208682181318827e-01	1.561681540953498148e-01	7.527001009830516787e-02	3.167110929986791806e-02	7.994582658069074310e-02
1.236534066610290438e+03	2.465849144895323475e-01	1.517181308621666502e-01	2.584508004821895466e-01	1.562499353779318589e-01	7.530423466567733037e-02	3.169375797759933083e-02	7.999822614488215355e-02
1.237985397674387059e+03	2.463904108650036562e-01	1.515921999003722875e-01	2.585804933088791113e-01	1.563315808968221143e-01	7.533840300117088107e-02	3.171637549744719259e-02	8.005053653028394722e-02
1.239436728738483680e+03	2.461962415660147174e-01	1.514664854321620124e-01	2.587099471310475574e-01	1.564130908952638122e-01	7.537251520229198976e-02	3.173896188603320123e-02	8.010275788716596235e-02
1.240888059802580301e+03	2.460024060167801396e-01	1.513409870844786009e-01	2.588391623807641539e-01	1.564944656159727165e-01	7.540657136635443847e-02	3.176151717004561947e-02	8.015489036558359759e-02
1.242339390866676695e+03	2.458089036425103735e-01	1.512157044849113952e-01	2.589681394893223465e-01	1.565757053011387623e-01	7.544057159048006556e-02	3.178404137623874748e-02	8.020693411537760387e-02
1.243790721930773088e+03	2.456157338694099357e-01	1.510906372616950266e-01	2.590968788872409778e-01	1.566568101924277479e-01	7.547451597159927916e-02	3.180653453143222897e-02	8.025888928617407048e-02
1.245242052994869937e+03	2.454228961246757434e-01	1.509657850437084448e-01	2.592253810042658979e-01	1.567377805309829730e-01	7.550840460645157071e-02	3.182899666251047532e-02	8.031075602738417529e-02
1.246693384058966330e+03	2.452303898364953105e-01	1.508411474604736402e-01	2.593536462693712963e-01	1.568186165574268487e-01	7.554223759158598672e-02	3.185142779642202021e-02	8.036253448820410150e-02
1.248144715123063179e+03	2.450382144340449431e-01	1.507167241421545623e-01	2.594816751107614228e-01	1.568993185118626732e-01	7.557601502336165622e-02	3.187382796017895065e-02	8.041422481761496821e-02
1.249596046187159800e+03	2.448463693474881853e-01	1.505925147195560365e-01	2.596094679558716423e-01	1.569798866338760757e-01	7.560973699794826253e-02	3.189619718085625472e-02	8.046582716438262228e-02
1.251047377251256421e+03	2.446548540079739598e-01	1.504685188241225158e-01	2.597370252313703221e-01	1.570603211625367923e-01	7.564340361132655677e-02	3.191853548559125259e-02	8.051734167705762446e-02
1.252498708315352815e+03	2.444636678476349023e-01	1.503447360879370254e-01	2.598643473631599976e-01	1.571406223364001931e-01	7.567701495928881583e-02	3.194084290158298589e-02	8.056876850397509671e-02
1.253950039379449436e+03	2.442728102995855299e-01	1.502211661437201085e-01	2.599914347763789269e-01	1.572207903935089190e-01	7.571057113743931422e-02	3.196311945609161403e-02	8.062010779325455567e-02
1.255401370443546057e+03	2.440822807979206865e-01	1.500978086248285492e-01	2.601182878954025890e-01	1.573008255713944092e-01	7.574407224119489301e-02	3.198536517643781746e-02	8.067135969279998209e-02
1.256852701507642678e+03	2.438920787777137111e-01	1.499746631652543738e-01	2.602449071438450723e-01	1.573807281070786768e-01	7.577751836578536238e-02	3.200758009000222171e-02	8.072252435029955708e-02
1.258304032571739299e+03	2.437022036750147447e-01	1.498517293996235733e-01	2.603712929445604618e-01	1.574604982370756689e-01	7.581090960625404274e-02	3.202976422422481456e-02	8.077360191322571770e-02
1.259755363635835920e+03	2.435126549268490925e-01	1.497290069631952436e-01	2.604974457196441717e-01	1.575401361973930159e-01	7.584424605745815340e-02	3.205191760660433542e-02	8.082459252883493483e-02
1.261206694699932314e+03	2.433234319712153926e-01	1.496064954918601975e-01	2.606233658904348882e-01	1.576196422235334738e-01	7.587752781406939540e-02	3.207404026469772712e-02	8.087549634416778266e-02
1.262658025764028707e+03	2.431345342470840332e-01	1.494841946221400486e-01	2.607490538775155131e-01	1.576990165504966179e-01	7.591075497057436783e-02	3.209613222611955308e-02	8.092631350604878593e-02
1.264109356828125556e+03	2.429459611943953490e-01	1.493621039911859627e-01	2.608745101007146072e-01	1.577782594127802307e-01	7.594392762127508134e-02	3.211819351854138666e-02	8.097704416108633674e-02
1.265560687892221949e+03	2.427577122540579835e-01	1.492402232367776027e-01	2.609997349791080001e-01	1.578573710443819944e-01	7.597704586028937446e-02	3.214022416969129076e-02	8.102768845567268063e-02
1.267012018956318798e+03	2.425697868679472791e-01	1.491185519973221296e-01	2.611247289310200670e-01	1.579363516788009625e-01	7.601010978155144093e-02	3.216222420735323495e-02	8.107824653598383335e-02
1.268463350020415419e+03	2.423821844789033342e-01	1.489970899118528980e-01	2.612494923740253383e-01	1.580152015490390860e-01	7.604311947881225997e-02	3.218419365936650567e-02	8.112871854797952531e-02
1.269914681084511813e+03	2.421949045307295600e-01	1.488758366200284844e-01	2.613740257249496657e-01	1.580939208876027680e-01	7.607607504564009582e-02	3.220613255362517885e-02	8.117910463740318772e-02
1.271366012148608434e+03	2.420079464681909320e-01	1.487547917621314941e-01	2.614983293998718872e-01	1.581725099265043344e-01	7.610897657542092798e-02	3.222804091807755095e-02	8.122940494978184156e-02
1.272817343212705055e+03	2.418213097370122133e-01	1.486339549790675896e-01	2.616224038141249930e-01	1.582509688972635609e-01	7.614182416135890918e-02	3.224991878072557688e-02	8.127961963042612537e-02
1.274268674276801676e+03	2.416349937838763728e-01	1.485133259123642968e-01	2.617462493822976244e-01	1.583292980309092268e-01	7.617461789647690662e-02	3.227176616962433575e-02	8.132974882443018416e-02
1.275720005340898297e+03	2.414489980564229199e-01	1.483929042041698954e-01	2.618698665182354057e-01	1.584074975579805589e-01	7.620735787361687663e-02	3.229358311288146183e-02	8.137979267667173888e-02
1.277171336404994690e+03	2.412633220032461556e-01	1.482726894972524467e-01	2.619932556350426656e-01	1.584855677085286740e-01	7.624004418544032269e-02	3.231536963865662415e-02	8.142975133181194758e-02
1.278622667469091539e+03	2.410779650738935354e-01	1.481526814349985177e-01	2.621164171450833247e-01	1.585635087121181896e-01	7.627267692442882274e-02	3.233712577516095754e-02	8.147962493429546094e-02
1.280073998533187932e+03	2.408929267188640866e-01	1.480328796614122366e-01	2.622393514599825615e-01	1.586413207978285833e-01	7.630525618288444556e-02	3.235885155065653523e-02	8.152941362835038064e-02
1.281525329597284326e+03	2.407082063896065771e-01	1.479132838211141832e-01	2.623620589906281442e-01	1.587190041942556362e-01	7.633778205293016705e-02	3.238054699345584153e-02	8.157911755798821773e-02
1.282976660661381175e+03	2.405238035385179884e-01	1.477938935593403058e-01	2.624845401471719297e-01	1.587965591295130707e-01	7.637025462651034213e-02	3.240221213192123056e-02	8.162873686700390652e-02
1.284427991725477568e+03	2.403397176189417950e-01	1.476747085219407285e-01	2.626067953390311405e-01	1.588739858312337994e-01	7.640267399539124593e-02	3.242384699446439200e-02	8.167827169897577677e-02
1.285879322789574417e+03	2.401559480851662987e-01	1.475557283553788623e-01	2.627288249748895299e-01	1.589512845265714513e-01	7.643504025116133749e-02	3.244545160954583757e-02	8.172772219726558152e-02
1.287330653853671038e+03	2.399724943924231302e-01	1.474369527067301011e-01	2.628506294626991036e-01	1.590284554422018715e-01	7.646735348523189812e-02	3.246702600567436675e-02	8.177708850501846927e-02
1.288781984917767431e+03	2.397893559968853616e-01	1.473183812236809331e-01	2.629722092096812291e-01	1.591054988043244522e-01	7.649961378883735064e-02	3.248857021140654638e-02	8.182637076516299790e-02
1.290233315981864052e+03	2.396065323556660354e-01	1.472000135545278587e-01	2.630935646223283575e-01	1.591824148386636051e-01	7.653182125303573113e-02	3.251008425534621105e-02	8.187556912041113466e-02
