1.001418434226643626e+03	2.829618604571257912e-01	1.751943518665424748e-01	2.339526653030391812e-01	1.410628138956303568e-01	6.897631321063858734e-02	2.761524167200213667e-02	7.023675359500054782e-02
1.003837319333471214e+03	2.825335189158770244e-01	1.749172140779081397e-01	2.342436351066447542e-01	1.412415496924752656e-01	6.905078134840574033e-02	2.766185156107353951e-02	7.035144929759465371e-02
1.006256204440298802e+03	2.821064050702283832e-01	1.746408708893996409e-01	2.345337155687874653e-01	1.414197766066387363e-01	6.912504151326225033e-02	2.770836678093549499e-02	7.046582357072712910e-02
1.008675089547126618e+03	2.816805153909932580e-01	1.743653200140456438e-01	2.348229093770204112e-01	1.415974962903914225e-01	6.919909434012908034e-02	2.775478735325433502e-02	7.057987723414495262e-02
1.011093974653954206e+03	2.812558463592126357e-01	1.740905591715355138e-01	2.351112192105141441e-01	1.417747103886711491e-01	6.927294046151452611e-02	2.780111330146504967e-02	7.069361110706605389e-02
1.013512859760782021e+03	2.808323944661245131e-01	1.738165860881991931e-01	2.353986477400892841e-01	1.419514205391351480e-01	6.934658050752802450e-02	2.784734465075189291e-02	7.080702600815105829e-02
1.015931744867609382e+03	2.804101562131339209e-01	1.735433984969866616e-01	2.356851976282486050e-01	1.421276283722115730e-01	6.942001510589364266e-02	2.789348142802916888e-02	7.092012275547561473e-02
1.018350629974437197e+03	2.799891281117821151e-01	1.732709941374480644e-01	2.359708715292091752e-01	1.423033355111508746e-01	6.949324488196363669e-02	2.793952366192220538e-02	7.103290216650315347e-02
1.020769515081264785e+03	2.795693066837169338e-01	1.729993707557134497e-01	2.362556720889341932e-01	1.424785435720761773e-01	6.956627045873176041e-02	2.798547138274847315e-02	7.114536505805831024e-02
1.023188400188092373e+03	2.791506884606623773e-01	1.727285261044727849e-01	2.365396019451644627e-01	1.426532541640335161e-01	6.963909245684657412e-02	2.803132462249888907e-02	7.125751224630071101e-02
1.025607285294920075e+03	2.787332699843890205e-01	1.724584579429561115e-01	2.368226637274498114e-01	1.428274688890413258e-01	6.971171149462451755e-02	2.807708341481928924e-02	7.136934454669938144e-02
1.028026170401747549e+03	2.783170478066835374e-01	1.721891640369134224e-01	2.371048600571802334e-01	1.430011893421395952e-01	6.978412818806294105e-02	2.812274779499205485e-02	7.148086277400760025e-02
1.030445055508575479e+03	2.779020184893196688e-01	1.719206421585952049e-01	2.373861935476170026e-01	1.431744171114384123e-01	6.985634315085303969e-02	2.816831779991790102e-02	7.159206774223823844e-02
1.032863940615402726e+03	2.774881786040278020e-01	1.716528900867324847e-01	2.376666668039231767e-01	1.433471537781659255e-01	6.992835699439264863e-02	2.821379346809784611e-02	7.170296026463961192e-02
1.035282825722230655e+03	2.770755247324659387e-01	1.713859056065171749e-01	2.379462824231942664e-01	1.435194009167160833e-01	7.000017032779894122e-02	2.825917483961533014e-02	7.181354115367177826e-02
1.037701710829058356e+03	2.766640534661899409e-01	1.711196865095826469e-01	2.382250429944885728e-01	1.436911600946956247e-01	7.007178375792093294e-02	2.830446195611849985e-02	7.192381122098327750e-02
1.040120595935886058e+03	2.762537614066242209e-01	1.708542305939840245e-01	2.385029510988573853e-01	1.438624328729707913e-01	7.014319788935205469e-02	2.834965486080263247e-02	7.203377127738840036e-02
1.042539481042713533e+03	2.758446451650323761e-01	1.705895356641788374e-01	2.387800093093747633e-01	1.440332208057133190e-01	7.021441332444249006e-02	2.839475359839275029e-02	7.214342213284488659e-02
1.044958366149541234e+03	2.754367013624882121e-01	1.703255995310076210e-01	2.390562201911674844e-01	1.442035254404463174e-01	7.028543066331141564e-02	2.843975821512635671e-02	7.225276459643201199e-02
1.047377251256368709e+03	2.750299266298461554e-01	1.700624200116747087e-01	2.393315863014444655e-01	1.443733483180893729e-01	7.035625050385918566e-02	2.848466875873635965e-02	7.236179947632917497e-02
1.049796136363196410e+03	2.746243176077127757e-01	1.697999949297288313e-01	2.396061101895261003e-01	1.445426909730033738e-01	7.042687344177937792e-02	2.852948527843410589e-02	7.247052757979491333e-02
1.052215021470024112e+03	2.742198709464173656e-01	1.695383221150439657e-01	2.398797943968735413e-01	1.447115549330348083e-01	7.049730007057078418e-02	2.857420782489262026e-02	7.257894971314630961e-02
1.054633906576851814e+03	2.738165833059836296e-01	1.692773994038004048e-01	2.401526414571176493e-01	1.448799417195596462e-01	7.056753098154924797e-02	2.861883645022994527e-02	7.268706668173884056e-02
1.057052791683679516e+03	2.734144513561005407e-01	1.690172246384654964e-01	2.404246538960878032e-01	1.450478528475268036e-01	7.063756676385939126e-02	2.866337120799266822e-02	7.279487928994662904e-02
1.059471676790506763e+03	2.730134717760938634e-01	1.687577956677748514e-01	2.406958342318405164e-01	1.452152898255011093e-01	7.070740800448632735e-02	2.870781215313956275e-02	7.290238834114312616e-02
1.061890561897334692e+03	2.726136412548974541e-01	1.684991103467133322e-01	2.409661849746878859e-01	1.453822541557059367e-01	7.077705528826722103e-02	2.875215934202540388e-02	7.300959463768211255e-02
1.064309447004162394e+03	2.722149564910252284e-01	1.682411665364962616e-01	2.412357086272257645e-01	1.455487473340652815e-01	7.084650919790273782e-02	2.879641283238491833e-02	7.311649898087922705e-02
1.066728332110990095e+03	2.718174141925420173e-01	1.679839621045506326e-01	2.415044076843620435e-01	1.457147708502456729e-01	7.091577031396843755e-02	2.884057268331688059e-02	7.322310217099373131e-02
1.069147217217817570e+03	2.714210110770360895e-01	1.677274949244964286e-01	2.417722846333444364e-01	1.458803261876973068e-01	7.098483921492601545e-02	2.888463895526833386e-02	7.332940500721074617e-02
1.071566102324645271e+03	2.710257438715906186e-01	1.674717628761278887e-01	2.420393419537882895e-01	1.460454148236950689e-01	7.105371647713459859e-02	2.892861171001898796e-02	7.343540828762393224e-02
1.073984987431472746e+03	2.706316093127553724e-01	1.672167638453951610e-01	2.423055821177040048e-01	1.462100382293791134e-01	7.112240267486170942e-02	2.897249101066573171e-02	7.354111280921830918e-02
1.076403872538300675e+03	2.702386041465191235e-01	1.669624957243854846e-01	2.425710075895246287e-01	1.463741978697948865e-01	7.119089838029436790e-02	2.901627692160728411e-02	7.364651936785365782e-02
1.078822757645127922e+03	2.698467251282813950e-01	1.667089564113050093e-01	2.428356208261329419e-01	1.465378952039328719e-01	7.125920416354998566e-02	2.905996950852898428e-02	7.375162875824819997e-02
1.081241642751955851e+03	2.694559690228248705e-01	1.664561438104602553e-01	2.430994242768887426e-01	1.467011316847679769e-01	7.132732059268720448e-02	2.910356883838774444e-02	7.385644177396261112e-02
1.083660527858783553e+03	2.690663326042874726e-01	1.662040558322397665e-01	2.433624203836555477e-01	1.468639087592985559e-01	7.139524823371659612e-02	2.914707497939709666e-02	7.396095920738440799e-02
1.086079412965611255e+03	2.686778126561347180e-01	1.659526903930960418e-01	2.436246115808273771e-01	1.470262278685848800e-01	7.146298765061140368e-02	2.919048800101240598e-02	7.406518184971265517e-02
1.088498298072438729e+03	2.682904059711324063e-01	1.657020454155271327e-01	2.438860002953553985e-01	1.471880904477873564e-01	7.153053940531803323e-02	2.923380797391619823e-02	7.416911049094299102e-02
1.090917183179266431e+03	2.679041093513188643e-01	1.654521188280586030e-01	2.441465889467743788e-01	1.473494979262044147e-01	7.159790405776655930e-02	2.927703497000362989e-02	7.427274591985309760e-02
1.093336068286093905e+03	2.675189196079775789e-01	1.652029085652254592e-01	2.444063799472288856e-01	1.475104517273100602e-01	7.166508216588116098e-02	2.932016906236807954e-02	7.437608892398829552e-02
1.095754953392921607e+03	2.671348335616100522e-01	1.649544125675541373e-01	2.446653757014994879e-01	1.476709532687908166e-01	7.173207428559044696e-02	2.936321032528688493e-02	7.447914028964763844e-02
1.098173838499749309e+03	2.667518480419086013e-01	1.647066287815445174e-01	2.449235786070286802e-01	1.478310039625826688e-01	7.179888097083761411e-02	2.940615883420718765e-02	7.458190080187024340e-02
1.100592723606577010e+03	2.663699598877289354e-01	1.644595551596521044e-01	2.451809910539466952e-01	1.479906052149072837e-01	7.186550277359071703e-02	2.944901466573192350e-02	7.468437124442189878e-02
1.103011608713404712e+03	2.659891659470633440e-01	1.642131896602701535e-01	2.454376154250972331e-01	1.481497584263082312e-01	7.193194024385264618e-02	2.949177789760591695e-02	7.478655239978207470e-02
1.105430493820231959e+03	2.656094630770138298e-01	1.639675302477118790e-01	2.456934540960628577e-01	1.483084649916866504e-01	7.199819392967118925e-02	2.953444860870214558e-02	7.488844504913108602e-02
1.107849378927059888e+03	2.652308481437650189e-01	1.637225748921927737e-01	2.459485094351905321e-01	1.484667263003365545e-01	7.206426437714893996e-02	2.957702687900805663e-02	7.499004997233775505e-02
1.110268264033887590e+03	2.648533180225576267e-01	1.634783215698130121e-01	2.462027838036167648e-01	1.486245437359799970e-01	7.213015213045309570e-02	2.961951278961208120e-02	7.509136794794715741e-02
1.112687149140715292e+03	2.644768695976613126e-01	1.632347682625397423e-01	2.464562795552926455e-01	1.487819186768017388e-01	7.219585773182528310e-02	2.966190642269022834e-02	7.519239975316875657e-02
1.115106034247542766e+03	2.641014997623486460e-01	1.629919129581897108e-01	2.467089990370089636e-01	1.489388524954835813e-01	7.226138172159120299e-02	2.970420786149280054e-02	7.529314616386482972e-02
1.117524919354370468e+03	2.637272054188681825e-01	1.627497536504116660e-01	2.469609445884208554e-01	1.490953465592384231e-01	7.232672463817028941e-02	2.974641719033124104e-02	7.539360795453910191e-02
1.119943804461197942e+03	2.633539834784180411e-01	1.625082883386689825e-01	2.472121185420724787e-01	1.492514022298441490e-01	7.239188701808518811e-02	2.978853449456510954e-02	7.549378589832574094e-02
1.122362689568025871e+03	2.629818308611197586e-01	1.622675150282223699e-01	2.474625232234216876e-01	1.494070208636769093e-01	7.245686939597126286e-02	2.983055986058913769e-02	7.559368076697853267e-02
1.124781574674853118e+03	2.626107444959918102e-01	1.620274317301124978e-01	2.477121609508642908e-01	1.495622038117442043e-01	7.252167230458601843e-02	2.987249337582045111e-02	7.569329333086037559e-02
1.127200459781681047e+03	2.622407213209235199e-01	1.617880364611427590e-01	2.479610340357583931e-01	1.497169524197177748e-01	7.258629627481831548e-02	2.991433512868587122e-02	7.579262435893301120e-02
1.129619344888508749e+03	2.618717582826488033e-01	1.615493272438621175e-01	2.482091447824484598e-01	1.498712680279661313e-01	7.265074183569773802e-02	2.995608520860933849e-02	7.589167461874704590e-02
1.132038229995336451e+03	2.615038523367202994e-01	1.613113021065480657e-01	2.484564954882893806e-01	1.500251519715866955e-01	7.271500951440368343e-02	2.999774370599946061e-02	7.599044487643212553e-02
1.134457115102163925e+03	2.611370004474832807e-01	1.610739590831893608e-01	2.487030884436702560e-01	1.501786055804376352e-01	7.277909983627453561e-02	3.003931071223716817e-02	7.608893589668748458e-02
1.136876000208991627e+03	2.607711995880499511e-01	1.608372962134692052e-01	2.489489259320382397e-01	1.503316301791695897e-01	7.284301332481665781e-02	3.008078631966346755e-02	7.618714844277262033e-02
1.139294885315819101e+03	2.604064467402735228e-01	1.606013115427482041e-01	2.491940102299220472e-01	1.504842270872569221e-01	7.290675050171341320e-02	3.012217062156733946e-02	7.628508327649830001e-02
1.141713770422646803e+03	2.600427388947225693e-01	1.603660031220474347e-01	2.494383436069555482e-01	1.506363976190287501e-01	7.297031188683399117e-02	3.016346371217371036e-02	7.638274115821776233e-02
1.144132655529474505e+03	2.596800730506553245e-01	1.601313690080317376e-01	2.496819283259010813e-01	1.507881430836996439e-01	7.303369799824230291e-02	3.020466568663154883e-02	7.648012284681812711e-02
1.146551540636302207e+03	2.593184462159942028e-01	1.598974072629927856e-01	2.499247666426726577e-01	1.509394647854002125e-01	7.309690935220578001e-02	3.024577664100207633e-02	7.657722909971209635e-02
1.148970425743129908e+03	2.589578554073003192e-01	1.596641159548324584e-01	2.501668608063591370e-01	1.510903640232071354e-01	7.315994646320397865e-02	3.028679667224707522e-02	7.667406067282973858e-02
1.151389310849957155e+03	2.585982976497481767e-01	1.594314931570460503e-01	2.504082130592470978e-01	1.512408420911731666e-01	7.322280984393730874e-02	3.032772587821730079e-02	7.677061832061070346e-02
1.153808195956785084e+03	2.582397699771001864e-01	1.591995369487057832e-01	2.506488256368439305e-01	1.513909002783568047e-01	7.328550000533556874e-02	3.036856435764100429e-02	7.686690279599650566e-02
1.156227081063612786e+03	2.578822694316816322e-01	1.589682454144441814e-01	2.508887007679004300e-01	1.515405398688515481e-01	7.334801745656648053e-02	3.040931221011257402e-02	7.696291485042298930e-02
1.158645966170440488e+03	2.575257930643553572e-01	1.587376166444375292e-01	2.511278406744333891e-01	1.516897621418150932e-01	7.341036270504407157e-02	3.044996953608124224e-02	7.705865523381316695e-02
1.161064851277267962e+03	2.571703379344967844e-01	1.585076487343894114e-01	2.513662475717483580e-01	1.518385683714981171e-01	7.347253625643715425e-02	3.049053643683993786e-02	7.715412469457007261e-02
1.163483736384095664e+03	2.568159011099689915e-01	1.582783397855144492e-01	2.516039236684617375e-01	1.519869598272728939e-01	7.353453861467762476e-02	3.053101301451420849e-02	7.724932397957000318e-02
1.165902621490923138e+03	2.564624796670976203e-01	1.580496879045217018e-01	2.518408711665233723e-01	1.521349377736616049e-01	7.359637028196866493e-02	3.057139937205125696e-02	7.734425383415577393e-02
1.168321506597751068e+03	2.561100706906461189e-01	1.578216912035985686e-01	2.520770922612384779e-01	1.522825034703644831e-01	7.365803175879298559e-02	3.061169561320908547e-02	7.743891500213030687e-02
1.170740391704578315e+03	2.557586712737910939e-01	1.575943478003944687e-01	2.523125891412899002e-01	1.524296581722874577e-01	7.371952354392102835e-02	3.065190184254571251e-02	7.753330822575033032e-02
1.173159276811406244e+03	2.554082785180974979e-01	1.573676558180047425e-01	2.525473639887599320e-01	1.525764031295700207e-01	7.378084613441894535e-02	3.069201816540852168e-02	7.762743424572035589e-02
1.175578161918233945e+03	2.550588895334939821e-01	1.571416133849543040e-01	2.527814189791524613e-01	1.527227395876122606e-01	7.384200002565666221e-02	3.073204468792367985e-02	7.772129380118675268e-02
1.177997047025061647e+03	2.547105014382485266e-01	1.569162186351817367e-01	2.530147562814141216e-01	1.528686687871021466e-01	7.390298571131589944e-02	3.077198151698567335e-02	7.781488762973198803e-02
1.180415932131889122e+03	2.543631113589439052e-01	1.566914697080232788e-01	2.532473780579564959e-01	1.530141919640423120e-01	7.396380368339798561e-02	3.081182876024692041e-02	7.790821646736918737e-02
1.182834817238716823e+03	2.540167164304534264e-01	1.564673647481966412e-01	2.534792864646772670e-01	1.531593103497766450e-01	7.402445443223180932e-02	3.085158652610749466e-02	7.800128104853674971e-02
1.185253702345544298e+03	2.536713137959162867e-01	1.562439019057852707e-01	2.537104836509820327e-01	1.533040251710167945e-01	7.408493844648154913e-02	3.089125492370492498e-02	7.809408210609312950e-02
1.187672587452371999e+03	2.533269006067137563e-01	1.560210793362224457e-01	2.539409717598052341e-01	1.534483376498681773e-01	7.414525621315440351e-02	3.093083406290410634e-02	7.818662037131188236e-02
1.190091472559199701e+03	2.529834740224448653e-01	1.557988952002753169e-01	2.541707529276314714e-01	1.535922490038559851e-01	7.420540821760836236e-02	3.097032405428731122e-02	7.827889657387676614e-02
1.192510357666027403e+03	2.526410312109021450e-01	1.555773476640292530e-01	2.543998292845168208e-01	1.537357604459508309e-01	7.426539494355971494e-02	3.100972500914425320e-02	7.837091144187714742e-02
1.194929242772855105e+03	2.522995693480479806e-01	1.553564348988721033e-01	2.546282029541094283e-01	1.538788731845942837e-01	7.432521687309072422e-02	3.104903703946227528e-02	7.846266570180340794e-02
1.197348127879682352e+03	2.519590856179904081e-01	1.551361550814785162e-01	2.548558760536708823e-01	1.540215884237240707e-01	7.438487448665709323e-02	3.108826025791661465e-02	7.855416007854262861e-02
1.199767012986510281e+03	2.516195772129593555e-01	1.549165063937942288e-01	2.550828506940967522e-01	1.541639073627991685e-01	7.444436826309550059e-02	3.112739477786077152e-02	7.864539529537439844e-02
1.202185898093337983e+03	2.512810413332828841e-01	1.546974870230206078e-01	2.553091289799373498e-01	1.543058311968246443e-01	7.450369867963095583e-02	3.116644071331694729e-02	7.873637207396676219e-02
1.204604783200165684e+03	2.509434751873634850e-01	1.544790951615990504e-01	2.555347130094183794e-01	1.544473611163761362e-01	7.456286621188415453e-02	3.120539817896658338e-02	7.882709113437233461e-02
1.207023668306993159e+03	2.506068759916544875e-01	1.542613290071956078e-01	2.557596048744611994e-01	1.545884983076243613e-01	7.462187133387884752e-02	3.124426729014098333e-02	7.891755319502455346e-02
1.209442553413820860e+03	2.502712409706363550e-01	1.540441867626853867e-01	2.559838066607038054e-01	1.547292439523593188e-01	7.468071451804909888e-02	3.128304816281200773e-02	7.900775897273408510e-02
1.211861438520648335e+03	2.499365673567932322e-01	1.538276666361373668e-01	2.562073204475205368e-01	1.548695992280142431e-01	7.473939623524641918e-02	3.132174091358288365e-02	7.909770918268539674e-02
1.214280323627476264e+03	2.496028523905897134e-01	1.536117668407988857e-01	2.564301483080426158e-01	1.550095653076892788e-01	7.479791695474703739e-02	3.136034565967908694e-02	7.918740453843342575e-02
1.216699208734303511e+03	2.492700933204473057e-01	1.533964855950805395e-01	2.566522923091782982e-01	1.551491433601752679e-01	7.485627714425892310e-02	3.139886251893928698e-02	7.927684575190041549e-02
1.219118093841131440e+03	2.489382874027212256e-01	1.531818211225408066e-01	2.568737545116328569e-01	1.552883345499769807e-01	7.491447726992890577e-02	3.143729160980639897e-02	7.936603353337287614e-02
1.221536978947959142e+03	2.486074319016772227e-01	1.529677716518710040e-01	2.570945369699284555e-01	1.554271400373363199e-01	7.497251779634969693e-02	3.147563305131871603e-02	7.945496859149869806e-02
1.223955864054786844e+03	2.482775240894684321e-01	1.527543354168799661e-01	2.573146417324240209e-01	1.555655609782554127e-01	7.503039918656678742e-02	3.151388696310111065e-02	7.954365163328440402e-02
1.226374749161614318e+03	2.479485612461122812e-01	1.525415106564791956e-01	2.575340708413352830e-01	1.557035985245192322e-01	7.508812190208542792e-02	3.155205346535634031e-02	7.963208336409248467e-02
1.228793634268442020e+03	2.476205406594675085e-01	1.523292956146675703e-01	2.577528263327539815e-01	1.558412538237183287e-01	7.514568640287751233e-02	3.159013267885640158e-02	7.972026448763890050e-02
1.231212519375269494e+03	2.472934596252113759e-01	1.521176885405166046e-01	2.579709102366679607e-01	1.559785280192712287e-01	7.520309314738833628e-02	3.162812472493400223e-02	7.980819570599070878e-02
1.233631404482097196e+03	2.469673154468166598e-01	1.519066876881553507e-01	2.581883245769802104e-01	1.561154222504466949e-01	7.526034259254345271e-02	3.166602972547408190e-02	7.989587771956378759e-02
1.236050289588924898e+03	2.466421054355290021e-01	1.516962913167555216e-01	2.584050713715285719e-01	1.562519376523855974e-01	7.531743519375536100e-02	3.170384780290541604e-02	7.998331122712071251e-02
1.238469174695752372e+03	2.463178269103440676e-01	1.514864976905167249e-01	2.586211526321050558e-01	1.563880753561230907e-01	7.537437140493016829e-02	3.174157908019231700e-02	8.007049692576874433e-02
1.240888059802580301e+03	2.459944771979850064e-01	1.512773050786514750e-01	2.588365703644750493e-01	1.565238364886099853e-01	7.543115167847433411e-02	3.177922368082637672e-02	8.015743551095791397e-02
1.243306944909407548e+03	2.456720536328799720e-01	1.510687117553707048e-01	2.590513265683962452e-01	1.566592221727344525e-01	7.548777646530115126e-02	3.181678172881834132e-02	8.024412767647924605e-02
1.245725830016235477e+03	2.453505535571394169e-01	1.508607159998688885e-01	2.592654232376381263e-01	1.567942335273433130e-01	7.554424621483737945e-02	3.185425334868999953e-02	8.033057411446306584e-02
1.248144715123063179e+03	2.450299743205337777e-01	1.506533160963093865e-01	2.594788623600005062e-01	1.569288716672631034e-01	7.560056137502972617e-02	3.189163866546617515e-02	8.041677551537745883e-02
1.250563600229890881e+03	2.447103132804711312e-01	1.504465103338098741e-01	2.596916459173330138e-01	1.570631377033211984e-01	7.565672239235129992e-02	3.192893780466681680e-02	8.050273256802684130e-02
1.252982485336718355e+03	2.443915678019748794e-01	1.502402970064277143e-01	2.599037758855532454e-01	1.571970327423665159e-01	7.571272971180809108e-02	3.196615089229910833e-02	8.058844595955054479e-02
1.255401370443546057e+03	2.440737352576615449e-01	1.500346744131455523e-01	2.601152542346661378e-01	1.573305578872902510e-01	7.576858377694530022e-02	3.200327805484971117e-02	8.067391637542163652e-02
1.257820255550373531e+03	2.437568130277185385e-01	1.498296408578567163e-01	2.603260829287821765e-01	1.574637142370462206e-01	7.582428502985369412e-02	3.204031941927702049e-02	8.075914449944576745e-02
1.260239140657201460e+03	2.434407984998822327e-01	1.496251946493508400e-01	2.605362639261361579e-01	1.575965028866713469e-01	7.587983391117592014e-02	3.207727511300356715e-02	8.084413101376010380e-02
1.262658025764028707e+03	2.431256890694157569e-01	1.494213341012995411e-01	2.607457991791056751e-01	1.577289249273056693e-01	7.593523086011270962e-02	3.211414526390839880e-02	8.092887659883246654e-02
1.265076910870856636e+03	2.428114821390871259e-01	1.492180575322418767e-01	2.609546906342296024e-01	1.578609814462124394e-01	7.599047631442920614e-02	3.215093000031960663e-02	8.101338193346037386e-02
1.267495795977684338e+03	2.424981751191473689e-01	1.490153632655702443e-01	2.611629402322264148e-01	1.579926735267978832e-01	7.604557071046100236e-02	3.218762945100690082e-02	8.109764769477043056e-02
1.269914681084511813e+03	2.421857654273087412e-01	1.488132496295161145e-01	2.613705499080122840e-01	1.581240022486308239e-01	7.610051448312039890e-02	3.222424374517424139e-02	8.118167455821762024e-02
1.272333566191339514e+03	2.418742504887228528e-01	1.486117149571357376e-01	2.615775215907196749e-01	1.582549686874623607e-01	7.615530806590239954e-02	3.226077301245252466e-02	8.126546319758472248e-02
1.274752451298167216e+03	2.415636277359591022e-01	1.484107575862959882e-01	2.617838572037149425e-01	1.583855739152450481e-01	7.620995189089087296e-02	3.229721738289242916e-02	8.134901428498188258e-02
1.277171336404994690e+03	2.412538946089829717e-01	1.482103758596603482e-01	2.619895586646169283e-01	1.585158190001522416e-01	7.626444638876449245e-02	3.233357698695717847e-02	8.143232849084623692e-02
1.279590221511822392e+03	2.409450485551345167e-01	1.480105681246746963e-01	2.621946278853142798e-01	1.586457050065969987e-01	7.631879198880271720e-02	3.236985195551550509e-02	8.151540648394163535e-02
1.282009106618650094e+03	2.406370870291068553e-01	1.478113327335533744e-01	2.623990667719840464e-01	1.587752329952512031e-01	7.637298911889178754e-02	3.240604241983462835e-02	8.159824893135841917e-02
1.284427991725477568e+03	2.403300074929247410e-01	1.476126680432651994e-01	2.626028772251090548e-01	1.589044040230641330e-01	7.642703820553058136e-02	3.244214851157327384e-02	8.168085649851331009e-02
1.286846876832305497e+03	2.400238074159232737e-01	1.474145724155194181e-01	2.628060611394957280e-01	1.590332191432812237e-01	7.648093967383649827e-02	3.247817036277481778e-02	8.176322984914938252e-02
1.289265761939132744e+03	2.397184842747264732e-01	1.472170442167519688e-01	2.630086204042917375e-01	1.591616794054623307e-01	7.653469394755128830e-02	3.251410810586043143e-02	8.184536964533613290e-02
1.291684647045960673e+03	2.394140355532261288e-01	1.470200818181115199e-01	2.632105569030037118e-01	1.592897858555002155e-01	7.658830144904683890e-02	3.254996187362233645e-02	8.192727654746957688e-02
1.294103532152788375e+03	2.391104587425606498e-01	1.468236835954456199e-01	2.634118725135147776e-01	1.594175395356387526e-01	7.664176259933093427e-02	3.258573179921712276e-02	8.200895121427247136e-02
1.296522417259616077e+03	2.388077513410938602e-01	1.466278479292870418e-01	2.636125691081019351e-01	1.595449414844908320e-01	7.669507781805295910e-02	3.262141801615908721e-02	8.209039430279461980e-02
1.298941302366443551e+03	2.385059108543941542e-01	1.464325732048399609e-01	2.638126485534534327e-01	1.596719927370563730e-01	7.674824752350961621e-02	3.265702065831368323e-02	8.217160646841317750e-02
1.301360187473271253e+03	2.382049347952133189e-01	1.462378578119662986e-01	2.640121127106860865e-01	1.597986943247400593e-01	7.680127213265053321e-02	3.269253985989102607e-02	8.225258836483313740e-02
1.303779072580098727e+03	2.379048206834656898e-01	1.460437001451721228e-01	2.642109634353625447e-01	1.599250472753689367e-01	7.685415206108391073e-02	3.272797575543939796e-02	8.233334064408784347e-02
1.306197957686926657e+03	2.376055660462073615e-01	1.458500986035939639e-01	2.644092025775086618e-01	1.600510526132098987e-01	7.690688772308208743e-02	3.276332847983894070e-02	8.241386395653951813e-02
1.308616842793753904e+03	2.373071684176153440e-01	1.456570515909853814e-01	2.646068319816302084e-01	1.601767113589871727e-01	7.695947953158706334e-02	3.279859816829524405e-02	8.249415895087999773e-02
1.311035727900581833e+03	2.370096253389668561e-01	1.454645575157033077e-01	2.648038534867303007e-01	1.603020245298994173e-01	7.701192789821602325e-02	3.283378495633315630e-02	8.257422627413132932e-02
1.313454613007409534e+03	2.367129343586186763e-01	1.452726147906946430e-01	2.650002689263261657e-01	1.604269931396368198e-01	7.706423323326684616e-02	3.286888897979054619e-02	8.265406657164667270e-02
1.315873498114237009e+03	2.364170930319864916e-01	1.450812218334828485e-01	2.651960801284661273e-01	1.605516181983981938e-01	7.711639594572347600e-02	3.290391037481215503e-02	8.273368048711110534e-02
1.318292383221064711e+03	2.361220989215244148e-01	1.448903770661545132e-01	2.653912889157464261e-01	1.606759007129076600e-01	7.716841644326138949e-02	3.293884927784351824e-02	8.281306866254253829e-02
1.320711268327892412e+03	2.358279495967045281e-01	1.447000789153459199e-01	2.655858971053279283e-01	1.607998416864315216e-01	7.722029513225292519e-02	3.297370582562494934e-02	8.289223173829270153e-02
1.323130153434719887e+03	2.355346426339963717e-01	1.445103258122299450e-01	2.657799065089531121e-01	1.609234421187947239e-01	7.727203241777266807e-02	3.300848015518553780e-02	8.297117035304818478e-02
1.325549038541547588e+03	2.352421756168467659e-01	1.443211161925026798e-01	2.659733189329622771e-01	1.610467030063973404e-01	7.732362870360273699e-02	3.304317240383728566e-02	8.304988514383156162e-02
1.327967923648375290e+03	2.349505461356592717e-01	1.441324484963700803e-01	2.661661361783104196e-01	1.611696253422310599e-01	7.737508439223804435e-02	3.307778270916919561e-02	8.312837674600254134e-02
1.330386808755202765e+03	2.346597517877742900e-01	1.439443211685350610e-01	2.663583600405838858e-01	1.612922101158951738e-01	7.742639988489158354e-02	3.311231120904150477e-02	8.320664579325919019e-02
1.332805693862030694e+03	2.343697901774485781e-01	1.437567326581840332e-01	2.665499923100164703e-01	1.614144583136128963e-01	7.747757558149961921e-02	3.314675804157993233e-02	8.328469291763920812e-02
1.335224578968857941e+03	2.340806589158352935e-01	1.435696814189740544e-01	2.667410347715060692e-01	1.615363709182472407e-01	7.752861188072684984e-02	3.318112334516998968e-02	8.336251874952131657e-02
1.337643464075685870e+03	2.337923556209639542e-01	1.433831659090196164e-01	2.669314892046308341e-01	1.616579489093168953e-01	7.757950917997157025e-02	3.321540725845133213e-02	8.344012391762659075e-02
1.340062349182513572e+03	2.335048779177204548e-01	1.431971845908796837e-01	2.671213573836656585e-01	1.617791932630120444e-01	7.763026787537082030e-02	3.324960992031221474e-02	8.351750904901993067e-02
1.342481234289341273e+03	2.332182234378270824e-01	1.430117359315447034e-01	2.673106410775982211e-01	1.619001049522098834e-01	7.768088836180545020e-02	3.328373146988393427e-02	8.359467476911160155e-02
1.344900119396168748e+03	2.329323898198226994e-01	1.428268184024235887e-01	2.674993420501450836e-01	1.620206849464902177e-01	7.773137103290518601e-02	3.331777204653534746e-02	8.367162170165873269e-02
1.347319004502996449e+03	2.326473747090428701e-01	1.426424304793309505e-01	2.676874620597680110e-01	1.621409342121509223e-01	7.778171628105365332e-02	3.335173178986747949e-02	8.374835046876696887e-02
1.349737889609823924e+03	2.323631757576002932e-01	1.424585706424740805e-01	2.678750028596897925e-01	1.622608537122231243e-01	7.783192449739335939e-02	3.338561083970813942e-02	8.382486169089209405e-02
1.352156774716651853e+03	2.320797906243648179e-01	1.422752373764402667e-01	2.680619661979102286e-01	1.623804444064864683e-01	7.788199607183071693e-02	3.341940933610661191e-02	8.390115598684178000e-02
1.354575659823479100e+03	2.317972169749441258e-01	1.420924291701839148e-01	2.682483538172221182e-01	1.624997072514841878e-01	7.793193139304092909e-02	3.345312741932839062e-02	8.397723397377726551e-02
1.356994544930307029e+03	2.315154524816638859e-01	1.419101445170137810e-01	2.684341674552270796e-01	1.626186432005380655e-01	7.798173084847291603e-02	3.348676522984994630e-02	8.405309626721525762e-02
1.359413430037134731e+03	2.312344948235484920e-01	1.417283819145803703e-01	2.686194088443512595e-01	1.627372532037632546e-01	7.803139482435422769e-02	3.352032290835359196e-02	8.412874348102973576e-02
1.361832315143962205e+03	2.309543416863014398e-01	1.415471398648631141e-01	2.688040797118612102e-01	1.628555382080831282e-01	7.808092370569585938e-02	3.355380059572235507e-02	8.420417622745382524e-02
1.364251200250789907e+03	2.306749907622860085e-01	1.413664168741579075e-01	2.689881817798794317e-01	1.629734991572438785e-01	7.813031787629709513e-02	3.358719843303491909e-02	8.427939511708175402e-02
1.366670085357617609e+03	2.303964397505058603e-01	1.411862114530643697e-01	2.691717167653999154e-01	1.630911369918290055e-01	7.817957771875030937e-02	3.362051656156060664e-02	8.435440075887083722e-02
1.369088970464445310e+03	2.301186863565858609e-01	1.410065221164733817e-01	2.693546863803041314e-01	1.632084526492738885e-01	7.822870361444574094e-02	3.365375512275442516e-02	8.442919376014350330e-02
1.371507855571272785e+03	2.298417282927527339e-01	1.408273473835545408e-01	2.695370923313759048e-01	1.633254470638800804e-01	7.827769594357621152e-02	3.368691425825213331e-02	8.450377472658936184e-02
1.373926740678100487e+03	2.295655632778159927e-01	1.406486857777436705e-01	2.697189363203172929e-01	1.634421211668294627e-01	7.832655508514187181e-02	3.371999410986539075e-02	8.457814426226729909e-02
1.376345625784927961e+03	2.292901890371488449e-01	1.404705358267304138e-01	2.699002200437639054e-01	1.635584758861984844e-01	7.837528141695483674e-02	3.375299481957692166e-02	8.465230296960765677e-02
1.378764510891755890e+03	2.290156033026690408e-01	1.402928960624457710e-01	2.700809451933000038e-01	1.636745121469722064e-01	7.842387531564395942e-02	3.378591652953574775e-02	8.472625144941438313e-02
1.381183395998583137e+03	2.287418038128199438e-01	1.401157650210497763e-01	2.702611134554740446e-01	1.637902308710582067e-01	7.847233715665932752e-02	3.381875938205247678e-02	8.479999030086726730e-02
1.383602281105411066e+03	2.284687883125516850e-01	1.399391412429191739e-01	2.704407265118139447e-01	1.639056329773004306e-01	7.852066731427698176e-02	3.385152351959460487e-02	8.487352012152420133e-02
1.386021166212238768e+03	2.281965545533020667e-01	1.397630232726351784e-01	2.706197860388420140e-01	1.640207193814929854e-01	7.856886616160341230e-02	3.388420908478189525e-02	8.494684150732352557e-02
1.388440051319066470e+03	2.279251002929779668e-01	1.395874096589710678e-01	2.707982937080900543e-01	1.641354909963937680e-01	7.861693407058018002e-02	3.391681622038176386e-02	8.501995505258630459e-02
1.390858936425893944e+03	2.276544232959364089e-01	1.394122989548801372e-01	2.709762511861146250e-01	1.642499487317380380e-01	7.866487141198844069e-02	3.394934506930477602e-02	8.509286135001871421e-02
1.393277821532721646e+03	2.273845213329659665e-01	1.392376897174834038e-01	2.711536601345119757e-01	1.643640934942518228e-01	7.871267855545338588e-02	3.398179577460013617e-02	8.516556099071444230e-02
1.395696706639549120e+03	2.271153921812680276e-01	1.390635805080574772e-01	2.713305222099329783e-01	1.644779261876654908e-01	7.876035586944879485e-02	3.401416847945121225e-02	8.523805456415717297e-02
1.398115591746377049e+03	2.268470336244381991e-01	1.388899698920225689e-01	2.715068390640980045e-01	1.645914477127267406e-01	7.880790372130148935e-02	3.404646332717115031e-02	8.531034265822300122e-02
1.400534476853204296e+03	2.265794434524478762e-01	1.387168564389303083e-01	2.716826123438118024e-01	1.647046589672140904e-01	7.885532247719567733e-02	3.407868046119851002e-02	8.538242585918294492e-02
1.402953361960032225e+03	2.263126194616255915e-01	1.385442387224517791e-01	2.718578436909781515e-01	1.648175608459497843e-01	7.890261250217749101e-02	3.411082002509292777e-02	8.545430475170552598e-02
1.405372247066859927e+03	2.260465594546386403e-01	1.383721153203653909e-01	2.720325347426149065e-01	1.649301542408129206e-01	7.894977416015923344e-02	3.414288216253084929e-02	8.552597991885929618e-02
1.407791132173687402e+03	2.257812612404747898e-01	1.382004848145451659e-01	2.722066871308684854e-01	1.650424400407523029e-01	7.899680781392383333e-02	3.417486701730129001e-02	8.559745194211543229e-02
1.410210017280515103e+03	2.255167226344238218e-01	1.380293457909485266e-01	2.723803024830284691e-01	1.651544191317993460e-01	7.904371382512911937e-02	3.420677473330164392e-02	8.566872140135037283e-02
1.412628902387342805e+03	2.252529414580593525e-01	1.378586968396046664e-01	2.725533824215422563e-01	1.652660923970808160e-01	7.909049255431216396e-02	3.423860545453353416e-02	8.573978887484846878e-02
1.415047787494170507e+03	2.249899155392206251e-01	1.376885365546025031e-01	2.727259285640297182e-01	1.653774607168314870e-01	7.913714436089357152e-02	3.427035932509869126e-02	8.581065493930466193e-02
1.417466672600997981e+03	2.247276427119942743e-01	1.375188635340790499e-01	2.728979425232974654e-01	1.654885249684067139e-01	7.918366960318166947e-02	3.430203648919490089e-02	8.588132016982723271e-02
1.419885557707825683e+03	2.244661208166962574e-01	1.373496763802074527e-01	2.730694259073532804e-01	1.655992860262950339e-01	7.923006863837683822e-02	3.433363709111196538e-02	8.595178513994047864e-02
1.422304442814653157e+03	2.242053476998538131e-01	1.371809736991853323e-01	2.732403803194208280e-01	1.657097447621304620e-01	7.927634182257564666e-02	3.436516127522770692e-02	8.602205042158748982e-02
1.424723327921481086e+03	2.239453212141874483e-01	1.370127541012231276e-01	2.734108073579536446e-01	1.658199020447048977e-01	7.932248951077511268e-02	3.439660918600404710e-02	8.609211658513299392e-02
1.427142213028308333e+03	2.236860392185930080e-01	1.368450162005323267e-01	2.735807086166496260e-01	1.659297587399803375e-01	7.936851205687686650e-02	3.442798096798307950e-02	8.616198419936604846e-02
1.429561098135136262e+03	2.234274995781238005e-01	1.366777586153139212e-01	2.737500856844650721e-01	1.660393157111011153e-01	7.941440981369121688e-02	3.445927676578319082e-02	8.623165383150303842e-02
1.431979983241963964e+03	2.231697001639726674e-01	1.365109799677467206e-01	2.739189401456291195e-01	1.661485738184059202e-01	7.946018313294135604e-02	3.449049672409527229e-02	8.630112604719038238e-02
1.434398868348791666e+03	2.229126388534543035e-01	1.363446788839758061e-01	2.740872735796576753e-01	1.662575339194398982e-01	7.950583236526742592e-02	3.452164098767887546e-02	8.637040141050750242e-02
1.436817753455619140e+03	2.226563135299874374e-01	1.361788539941009846e-01	2.742550875613676831e-01	1.663661968689665316e-01	7.955135786023059818e-02	3.455270970135852077e-02	8.643948048396972450e-02
1.439236638562446842e+03	2.224007220830772069e-01	1.360135039321654360e-01	2.744223836608910005e-01	1.664745635189795181e-01	7.959675996631716821e-02	3.458370301001992969e-02	8.650836382853117901e-02
1.441655523669274316e+03	2.221458624082975897e-01	1.358486273361440566e-01	2.745891634436885553e-01	1.665826347187145950e-01	7.964203903094253800e-02	3.461462105860638183e-02	8.657705200358777053e-02
1.444074408776102018e+03	2.218917324072736397e-01	1.356842228479321066e-01	2.747554284705641670e-01	1.666904113146611688e-01	7.968719540045526850e-02	3.464546399211505812e-02	8.664554556698016163e-02
1.446493293882929493e+03	2.216383299876641400e-01	1.355202891133337750e-01	2.749211802976785357e-01	1.667978941505739721e-01	7.973222942014104864e-02	3.467623195559346033e-02	8.671384507499668715e-02
1.448912178989757422e+03	2.213856530631440611e-01	1.353568247820509385e-01	2.750864204765629539e-01	1.669050840674847214e-01	7.977714143422667825e-02	3.470692509413582372e-02	8.678195108237643507e-02
1.451331064096585123e+03	2.211336995533871308e-01	1.351938285076717261e-01	2.752511505541334058e-01	1.670119819037134135e-01	7.982193178588402327e-02	3.473754355287961976e-02	8.684986414231229968e-02
1.453749949203412370e+03	2.208824673840484865e-01	1.350312989476592784e-01	2.754153720727040566e-01	1.671185884948799272e-01	7.986660081723395699e-02	3.476808747700202429e-02	8.691758480645393747e-02
1.456168834310240300e+03	2.206319544867473559e-01	1.348692347633403954e-01	2.755790865700010750e-01	1.672249046739152367e-01	7.991114886935020423e-02	3.479855701171648275e-02	8.698511362491090360e-02
1.458587719417068001e+03	2.203821587990497932e-01	1.347076346198945174e-01	2.757422955791762886e-01	1.673309312710727081e-01	7.995557628226333813e-02	3.482895230226931704e-02	8.705245114625573266e-02
1.461006604523895703e+03	2.201330782644514428e-01	1.345464971863422898e-01	2.759050006288208401e-01	1.674366691139393959e-01	7.999988339496454104e-02	3.485927349393629082e-02	8.711959791752699189e-02
1.463425489630723177e+03	2.198847108323603305e-01	1.343858211355345444e-01	2.760672032429786760e-01	1.675421190274469507e-01	8.004407054540951805e-02	3.488952073201929960e-02	8.718655448423241749e-02
1.465844374737550879e+03	2.196370544580799056e-01	1.342256051441411968e-01	2.762289049411603137e-01	1.676472818338829163e-01	8.008813807052229949e-02	3.491969416184302621e-02	8.725332139035209267e-02
1.468263259844378354e+03	2.193901071027919147e-01	1.340658478926400610e-01	2.763901072383559976e-01	1.677521583529014981e-01	8.013208630619905737e-02	3.494979392875168650e-02	8.731989917834155623e-02
1.470682144951206283e+03	2.191438667335391943e-01	1.339065480653058859e-01	2.765508116450494103e-01	1.678567494015346384e-01	8.017591558731190782e-02	3.497982017810576105e-02	8.738628838913495289e-02
1.473101030058033530e+03	2.188983313232090167e-01	1.337477043501991980e-01	2.767110196672309397e-01	1.679610557942028404e-01	8.021962624771264427e-02	3.500977305527879641e-02	8.745248956214825287e-02
1.475519915164861459e+03	2.186534988505159649e-01	1.335893154391555315e-01	2.768707328064111683e-01	1.680650783427258543e-01	8.026321862023652609e-02	3.503965270565422008e-02	8.751850323528242992e-02
1.477938800271689161e+03	2.184093672999851687e-01	1.334313800277742434e-01	2.770299525596340295e-01	1.681688178563334468e-01	8.030669303670597003e-02	3.506945927462220419e-02	8.758432994492665324e-02
1.480357685378516862e+03	2.181659346619354567e-01	1.332738968154076886e-01	2.771886804194901854e-01	1.682722751416761142e-01	8.035004982793428341e-02	3.509919290757653604e-02	8.764997022596152099e-02
1.482776570485344337e+03	2.179231989324625085e-01	1.331168645051503674e-01	2.773469178741300722e-01	1.683754510028356022e-01	8.039328932372935554e-02	3.512885374991155107e-02	8.771542461176232153e-02
