1.301360187473271253e+03	2.358205266240470388e-01	1.512666593976804141e-01	2.602638659390035247e-01	1.617523858040385565e-01	7.643071860489669689e-02	3.213945187663850428e-02	8.232639175346528893e-02
1.306197957686926657e+03	2.352389664189901142e-01	1.508658824256434161e-01	2.606348718897634198e-01	1.620168976049618237e-01	7.654037327392240742e-02	3.221361212388059586e-02	8.248939626260823332e-02
1.311035727900581833e+03	2.346607832893125301e-01	1.504672464126180498e-01	2.610037226502724406e-01	1.622799043928057350e-01	7.664943754755143557e-02	3.228744968440694363e-02	8.265145602280281334e-02
1.315873498114237009e+03	2.340859562437285490e-01	1.500707410360168637e-01	2.613704326949418122e-01	1.625414140883342795e-01	7.675791437323468969e-02	3.236096492329833957e-02	8.281257664021542120e-02
1.320711268327892412e+03	2.335144644454026086e-01	1.496763560024326201e-01	2.617350163598858304e-01	1.628014345802912821e-01	7.686580669049089543e-02	3.243415822838879164e-02	8.297276369287798214e-02
1.325549038541547588e+03	2.329462872104142990e-01	1.492840810479764413e-01	2.620974878450785805e-01	1.630599737254331549e-01	7.697311743073659285e-02	3.250703000968063749e-02	8.313202273045035284e-02
1.330386808755202765e+03	2.323814040062443242e-01	1.488939059386054087e-01	2.624578612164619740e-01	1.633170393485598726e-01	7.707984951712260058e-02	3.257958069877204405e-02	8.329035927400384176e-02
1.335224578968857941e+03	2.318197944502815577e-01	1.485058204704394202e-01	2.628161504080066546e-01	1.635726392425445042e-01	7.718600586437648903e-02	3.265181074829653224e-02	8.344777881582489398e-02
1.340062349182513572e+03	2.312614383083501923e-01	1.481198144700680841e-01	2.631723692237264434e-01	1.638267811683616348e-01	7.729158937865132639e-02	3.272372063137438808e-02	8.360428681923796901e-02
1.344900119396168748e+03	2.307063154932571802e-01	1.477358777948471202e-01	2.635265313396486508e-01	1.640794728551146220e-01	7.739660295738003126e-02	3.279531084107559225e-02	8.375988871844677885e-02
1.349737889609823924e+03	2.301544060633593791e-01	1.473540003331853532e-01	2.638786503057405364e-01	1.643307220000619351e-01	7.750104948913558167e-02	3.286658188989406704e-02	8.391458991839310932e-02
1.354575659823479100e+03	2.296056902211499606e-01	1.469741720048216294e-01	2.642287395477935785e-01	1.645805362686428575e-01	7.760493185349665035e-02	3.293753430923306025e-02	8.406839579463222523e-02
1.359413430037134731e+03	2.290601483118641923e-01	1.465963827610925196e-01	2.645768123692665008e-01	1.648289232945023552e-01	7.770825292091869396e-02	3.300816864890131208e-02	8.422131169322442934e-02
1.364251200250789907e+03	2.285177608221034551e-01	1.462206225851907238e-01	2.649228819530884960e-01	1.650758906795157521e-01	7.781101555261016323e-02	3.307848547661982469e-02	8.437334293064162327e-02
1.369088970464445310e+03	2.279785083784782729e-01	1.458468814924140100e-01	2.652669613634233148e-01	1.653214459938130154e-01	7.791322260041386172e-02	3.314848537753905394e-02	8.452449479368849550e-02
1.373926740678100487e+03	2.274423717462690786e-01	1.454751495304058562e-01	2.656090635473954964e-01	1.655655967758025982e-01	7.801487690669317576e-02	3.321816895376628054e-02	8.467477253943750393e-02
1.378764510891755890e+03	2.269093318281047988e-01	1.451054167793868199e-01	2.659492013367797947e-01	1.658083505321955864e-01	7.811598130422311992e-02	3.328753682390282048e-02	8.482418139517698685e-02
1.383602281105411066e+03	2.263793696626591745e-01	1.447376733523775827e-01	2.662873874496546334e-01	1.660497147380295413e-01	7.821653861608608704e-02	3.335658962259110266e-02	8.497272655837183331e-02
1.388440051319066470e+03	2.258524664233639567e-01	1.443719093954135557e-01	2.666236344920204782e-01	1.662896968366926187e-01	7.831655165557199760e-02	3.342532800007119720e-02	8.512041319663611605e-02
1.393277821532721646e+03	2.253286034171393948e-01	1.440081150877514649e-01	2.669579549593845136e-01	1.665283042399478830e-01	7.841602322608288989e-02	3.349375262174670437e-02	8.526724644771703499e-02
1.398115591746377049e+03	2.248077620831411272e-01	1.436462806420674976e-01	2.672903612383119576e-01	1.667655443279579264e-01	7.851495612104189559e-02	3.356186416775976122e-02	8.541323141948965747e-02
1.402953361960032225e+03	2.242899239915233933e-01	1.432863963046480393e-01	2.676208656079452908e-01	1.670014244493099043e-01	7.861335312380618445e-02	3.362966333257499246e-02	8.555837318996202534e-02
1.407791132173687402e+03	2.237750708422185930e-01	1.429284523555722497e-01	2.679494802414917887e-01	1.672359519210409873e-01	7.871121700758405837e-02	3.369715082457222510e-02	8.570267680728990700e-02
1.412628902387342805e+03	2.232631844637324170e-01	1.425724391088874221e-01	2.682762172076810225e-01	1.674691340286644237e-01	7.880855053535590349e-02	3.376432736564775883e-02	8.584614728980090315e-02
1.417466672600997981e+03	2.227542468119547425e-01	1.422183469127767663e-01	2.686010884721917735e-01	1.677009780261961847e-01	7.890535645979902812e-02	3.383119369082405320e-02	8.598878962602728160e-02
1.422304442814653157e+03	2.222482399689855448e-01	1.418661661497201409e-01	2.689241058990507471e-01	1.679314911361823592e-01	7.900163752321609500e-02	3.389775054786758890e-02	8.613060877474734700e-02
1.427142213028308333e+03	2.217451461419762682e-01	1.415158872366473197e-01	2.692452812520026439e-01	1.681606805497271317e-01	7.909739645746718950e-02	3.396399869691481971e-02	8.627160966503445716e-02
1.431979983241963964e+03	2.212449476619857136e-01	1.411675006250847908e-01	2.695646261958523637e-01	1.683885534265217587e-01	7.919263598390544057e-02	3.402993891010596544e-02	8.641179719631385259e-02
1.436817753455619140e+03	2.207476269828505533e-01	1.408209968012953672e-01	2.698821522977808973e-01	1.686151168948741286e-01	7.928735881331598623e-02	3.409557197122656258e-02	8.655117623842641106e-02
1.441655523669274316e+03	2.202531666800702226e-01	1.404763662864113583e-01	2.701978710286349616e-01	1.688403780517394870e-01	7.938156764585820035e-02	3.416089867535651581e-02	8.668975163169921616e-02
1.446493293882929493e+03	2.197615494497059119e-01	1.401335996365610792e-01	2.705117937641908221e-01	1.690643439627519118e-01	7.947526517101119459e-02	3.422591982852658810e-02	8.682752818702245412e-02
1.451331064096585123e+03	2.192727581072933529e-01	1.397926874429892274e-01	2.708239317863936346e-01	1.692870216622568424e-01	7.956845406752237337e-02	3.429063624738213495e-02	8.696451068593248623e-02
1.456168834310240300e+03	2.187867755867692610e-01	1.394536203321706247e-01	2.711342962845721960e-01	1.695084181533445533e-01	7.966113700335909764e-02	3.435504875885388165e-02	8.710070388070038916e-02
1.461006604523895703e+03	2.183035849394114325e-01	1.391163889659183250e-01	2.714428983566304909e-01	1.697285404078847648e-01	7.975331663566316565e-02	3.441915819983574348e-02	8.723611249442610183e-02
1.465844374737550879e+03	2.178231693327916108e-01	1.387809840414853113e-01	2.717497490102158131e-01	1.699473953665621428e-01	7.984499561070824980e-02	3.448296541686937666e-02	8.737074122113749897e-02
1.470682144951206283e+03	2.173455120497417847e-01	1.384473962916605849e-01	2.720548591638645708e-01	1.701649899389131304e-01	7.993617656386010906e-02	3.454647126583541838e-02	8.750459472589434962e-02
1.475519915164861459e+03	2.168705964873330061e-01	1.381156164848594825e-01	2.723582396481264434e-01	1.703813310033636674e-01	8.002686211953938256e-02	3.460967661165127718e-02	8.763767764489667489e-02
1.480357685378516862e+03	2.163984061558668626e-01	1.377856354252083582e-01	2.726599012066666661e-01	1.705964254072681874e-01	8.011705489118715884e-02	3.467258232797528622e-02	8.776999458559742173e-02
1.485195455592172038e+03	2.159289246778793858e-01	1.374574439526238812e-01	2.729598544973476648e-01	1.708102799669496963e-01	8.020675748123298754e-02	3.473518929691716411e-02	8.790155012681911961e-02
1.490033225805827215e+03	2.154621357871571441e-01	1.371310329428867547e-01	2.732581100932908180e-01	1.710229014677411286e-01	8.029597248106533358e-02	3.479749840875455413e-02	8.803234881887414542e-02
1.494870996019482618e+03	2.149980233277651309e-01	1.368063933077104666e-01	2.735546784839175682e-01	1.712342966640277298e-01	8.038470247100458488e-02	3.485951056165564194e-02	8.816239518368872152e-02
1.499708766233137567e+03	2.145365712530868663e-01	1.364835159948046273e-01	2.738495700759718821e-01	1.714444722792908271e-01	8.047295002027816946e-02	3.492122666140761583e-02	8.829169371492992524e-02
1.504546536446793198e+03	2.140777636248756832e-01	1.361623919879335343e-01	2.741427951945230590e-01	1.716534350061525160e-01	8.056071768699818447e-02	3.498264762115092796e-02	8.842024887813594580e-02
1.509384306660448374e+03	2.136215846123177831e-01	1.358430123069697404e-01	2.744343640839512211e-01	1.718611915064218731e-01	8.064800801814095421e-02	3.504377436111918986e-02	8.854806511084911680e-02
1.514222076874103550e+03	2.131680184911063092e-01	1.355253680079427092e-01	2.747242869089134287e-01	1.720677484111421962e-01	8.073482354952896123e-02	3.510460780838462608e-02	8.867514682275165483e-02
1.519059847087758726e+03	2.127170496425266066e-01	1.352094501830829465e-01	2.750125737552933658e-01	1.722731123206395487e-01	8.082116680581472035e-02	3.516514889660891235e-02	8.880149839580372961e-02
1.523897617301414357e+03	2.122686625525525839e-01	1.348952499608614408e-01	2.752992346311332050e-01	1.724772898045724701e-01	8.090704030046667883e-02	3.522539856579937761e-02	8.892712418438408761e-02
1.528735387515069533e+03	2.118228418109533440e-01	1.345827585060246079e-01	2.755842794675490426e-01	1.726802874019828793e-01	8.099244653575710107e-02	3.528535776207039620e-02	8.905202851543250753e-02
1.533573157728724709e+03	2.113795721104108905e-01	1.342719670196249326e-01	2.758677181196296790e-01	1.728821116213482834e-01	8.107738800275181290e-02	3.534502743740988023e-02	8.917621568859442072e-02
1.538410927942380113e+03	2.109388382456478805e-01	1.339628667390471706e-01	2.761495603673197463e-01	1.730827689406352066e-01	8.116186718130183331e-02	3.540440854945076793e-02	8.929968997636722472e-02
1.543248698156035516e+03	2.105006251125659811e-01	1.336554489380306077e-01	2.764298159162870139e-01	1.732822658073537858e-01	8.124588654003678245e-02	3.546350206124742471e-02	8.942245562424827598e-02
1.548086468369690692e+03	2.100649177073938279e-01	1.333497049266869350e-01	2.767084943987744294e-01	1.734806086386134760e-01	8.132944853635994120e-02	3.552230894105684600e-02	8.954451685088439528e-02
1.552924238583346096e+03	2.096317011258454210e-01	1.330456260515143208e-01	2.769856053744374491e-01	1.736778038211802544e-01	8.141255561644511474e-02	3.558083016212452987e-02	8.966587784822277474e-02
1.557762008797001272e+03	2.092009605622881241e-01	1.327432036954074024e-01	2.772611583311665462e-01	1.738738577115346573e-01	8.149521021523507824e-02	3.563906670247502656e-02	8.978654278166302294e-02
1.562599779010656675e+03	2.087726813089200717e-01	1.324424292776636147e-01	2.775351626858958975e-01	1.740687766359313160e-01	8.157741475644160467e-02	3.569701954470692884e-02	8.990651579021050055e-02
1.567437549224311852e+03	2.083468487549573478e-01	1.321432942539857158e-01	2.778076277853975817e-01	1.742625668904594638e-01	8.165917165254700516e-02	3.575468967579234492e-02	9.002580098663047481e-02
1.572275319437967255e+03	2.079234483858306282e-01	1.318457901164806767e-01	2.780785629070627318e-01	1.744552347411046644e-01	8.174048330480718216e-02	3.581207808688068039e-02	9.014440245760327319e-02
1.577113089651622431e+03	2.075024657823905938e-01	1.315499083936548796e-01	2.783479772596693658e-01	1.746467864238118728e-01	8.182135210325619523e-02	3.586918577310669459e-02	9.026232426388022811e-02
1.581950859865277607e+03	2.070838866201226980e-01	1.312556406504061246e-01	2.786158799841367273e-01	1.748372281445493004e-01	8.190178042671207581e-02	3.592601373340267856e-02	9.037957044044020449e-02
1.586788630078933011e+03	2.066676966683709260e-01	1.309629784880118886e-01	2.788822801542675811e-01	1.750265660793736966e-01	8.198177064278418247e-02	3.598256297031476175e-02	9.049614499664682121e-02
1.591626400292587959e+03	2.062538817895700760e-01	1.306719135441144486e-01	2.791471867774775739e-01	1.752148063744967121e-01	8.206132510788173573e-02	3.603883448982321547e-02	9.061205191640608891e-02
1.596464170506243590e+03	2.058424279384871436e-01	1.303824374927028129e-01	2.794106087955129381e-01	1.754019551463522342e-01	8.214044616722368519e-02	3.609482930116661437e-02	9.072729515832449187e-02
1.601301940719898766e+03	2.054333211614706445e-01	1.300945420440913491e-01	2.796725550851558717e-01	1.755880184816648870e-01	8.221913615484985338e-02	3.615054841666995311e-02	9.084187865586731969e-02
1.606139710933553943e+03	2.050265475957089301e-01	1.298082189448954704e-01	2.799330344589187614e-01	1.757730024375197542e-01	8.229739739363318984e-02	3.620599285157641289e-02	9.095580631751735978e-02
1.610977481147209119e+03	2.046220934684964132e-01	1.295234599780040186e-01	2.801920556657266914e-01	1.759569130414328497e-01	8.237523219529330198e-02	3.626116362388287495e-02	9.106908202693364540e-02
1.615815251360864750e+03	2.042199450965081486e-01	1.292402569625491493e-01	2.804496273915890736e-01	1.761397562914230885e-01	8.245264286041099899e-02	3.631606175417908394e-02	9.118170964311030080e-02
1.620653021574519926e+03	2.038200888850822678e-01	1.289586017538728868e-01	2.807057582602601742e-01	1.763215381560847561e-01	8.252963167844401537e-02	3.637068826549025302e-02	9.129369300053549741e-02
1.625490791788175102e+03	2.034225113275105745e-01	1.286784862434912080e-01	2.809604568338893715e-01	1.765022645746613938e-01	8.260620092774374756e-02	3.642504418312328407e-02	9.140503590935028511e-02
1.630328562001830505e+03	2.030271990043367725e-01	1.283999023590552402e-01	2.812137316136607001e-01	1.766819414571204894e-01	8.268235287557303137e-02	3.647913053451624921e-02	9.151574215550734026e-02
1.635166332215485909e+03	2.026341385826623820e-01	1.281228420643098220e-01	2.814655910404224026e-01	1.768605746842294157e-01	8.275808977812496026e-02	3.653294834909131400e-02	9.162581550092954719e-02
1.640004102429141085e+03	2.022433168154604832e-01	1.278472973590494000e-01	2.817160434953063231e-01	1.770381701076318426e-01	8.283341388054252241e-02	3.658649865811087337e-02	9.173525968366842698e-02
1.644841872642796488e+03	2.018547205408964818e-01	1.275732602790715098e-01	2.819650973003378081e-01	1.772147335499255627e-01	8.290832741693933416e-02	3.663978249453695574e-02	9.184407841806217776e-02
1.649679642856451665e+03	2.014683366816567289e-01	1.273007228961277049e-01	2.822127607190360044e-01	1.773902708047410404e-01	8.298283261042117831e-02	3.669280089289367330e-02	9.195227539489347901e-02
1.654517413070107068e+03	2.010841522442840257e-01	1.270296773178720695e-01	2.824590419570044975e-01	1.775647876368209865e-01	8.305693167310843061e-02	3.674555488913284346e-02	9.205985428154697670e-02
1.659355183283762244e+03	2.007021543185204537e-01	1.267601156878074287e-01	2.827039491625132350e-01	1.777382897821005447e-01	8.313062680615931899e-02	3.679804552050259386e-02	9.216681872216621330e-02
1.664192953497417420e+03	2.003223300766572013e-01	1.264920301852291984e-01	2.829474904270714575e-01	1.779107829477887537e-01	8.320392019979404308e-02	3.685027382541891661e-02	9.227317233781023864e-02
1.669030723711072824e+03	1.999446667728914107e-01	1.262254130251670436e-01	2.831896737859913582e-01	1.780822728124505927e-01	8.327681403331958776e-02	3.690224084334010890e-02	9.237891872660969339e-02
1.673868493924728000e+03	1.995691517426897432e-01	1.259602564583244544e-01	2.834305072189436947e-01	1.782527650260899432e-01	8.334931047515545255e-02	3.695394761464414896e-02	9.248406146392236515e-02
1.678706264138383403e+03	1.991957724021587994e-01	1.256965527710159625e-01	2.836699986505049620e-01	1.784222652102333828e-01	8.342141168285990838e-02	3.700539518050870169e-02	9.258860410248807848e-02
1.683544034352038352e+03	1.988245162474222005e-01	1.254342942851025544e-01	2.839081559506959063e-01	1.785907789580147564e-01	8.349311980315718418e-02	3.705658458279402490e-02	9.269255017258321017e-02
1.688381804565693983e+03	1.984553708540040540e-01	1.251734733579248915e-01	2.841449869355123781e-01	1.787583118342605526e-01	8.356443697196511144e-02	3.710751686392838727e-02	9.279590318217441347e-02
1.693219574779349159e+03	1.980883238762191911e-01	1.249140823822346980e-01	2.843804993674480808e-01	1.789248693755761399e-01	8.363536531442368471e-02	3.715819306679628981e-02	9.289866661707167628e-02
1.698057344993004335e+03	1.977233630465694836e-01	1.246561137861241786e-01	2.846147009560097696e-01	1.790904570904324478e-01	8.370590694492401063e-02	3.720861423462908102e-02	9.300084394108079633e-02
1.702895115206659511e+03	1.973604761751465986e-01	1.243995600329535489e-01	2.848475993582244570e-01	1.792550804592537572e-01	8.377606396713806192e-02	3.725878141089820905e-02	9.310243859615509321e-02
1.707732885420315142e+03	1.969996511490409441e-01	1.241444136212768862e-01	2.850792021791396791e-01	1.794187449345059637e-01	8.384583847404888934e-02	3.730869563921093007e-02	9.320345400254644030e-02
1.712570655633970318e+03	1.966408759317567756e-01	1.238906670847661068e-01	2.853095169723159352e-01	1.795814559407855338e-01	8.391523254798156917e-02	3.735835796320838287e-02	9.330389355895540859e-02
1.717408425847625494e+03	1.962841385626331037e-01	1.236383129921333063e-01	2.855385512403126325e-01	1.797432188749092941e-01	8.398424826063445592e-02	3.740776942646610592e-02	9.340376064268079981e-02
1.722246196061280898e+03	1.959294271562707912e-01	1.233873439470513783e-01	2.857663124351664252e-01	1.799040391060047761e-01	8.405288767311125397e-02	3.745693107239683045e-02	9.350305860976829142e-02
1.727083966274936301e+03	1.955767299019653405e-01	1.231377525880731211e-01	2.859928079588628935e-01	1.800639219756010878e-01	8.412115283595339443e-02	3.750584394415559103e-02	9.360179079515829059e-02
1.731921736488591478e+03	1.952260350631457031e-01	1.228895315885486644e-01	2.862180451638017820e-01	1.802228727977205902e-01	8.418904578917295323e-02	3.755450908454704972e-02	9.369996051283299709e-02
1.736759506702246881e+03	1.948773309768184192e-01	1.226426736565414816e-01	2.864420313532551332e-01	1.803808968589711015e-01	8.425656856228608271e-02	3.760292753593501291e-02	9.379757105596253641e-02
1.741597276915902057e+03	1.945306060530176961e-01	1.223971715347428324e-01	2.866647737818193153e-01	1.805379994186386283e-01	8.432372317434691511e-02	3.765110034015412693e-02	9.389462569705030182e-02
1.746435047129557461e+03	1.941858487742608719e-01	1.221530180003848054e-01	2.868862796558604433e-01	1.806941857087807635e-01	8.439051163398177124e-02	3.769902853842361373e-02	9.399112768807746376e-02
1.751272817343212637e+03	1.938430476950094017e-01	1.219102058651519993e-01	2.871065561339539718e-01	1.808494609343206105e-01	8.445693593942399380e-02	3.774671317126315762e-02	9.408708026064649399e-02
1.756110587556867813e+03	1.935021914411352850e-01	1.216687279750918171e-01	2.873256103273177930e-01	1.810038302731411530e-01	8.452299807854898872e-02	3.779415527841074179e-02	9.418248662612384303e-02
1.760948357770523216e+03	1.931632687093925993e-01	1.214285772105234418e-01	2.875434493002393954e-01	1.811572988761801506e-01	8.458870002890978013e-02	3.784135589874251110e-02	9.427734997578172960e-02
1.765786127984178393e+03	1.928262682668946126e-01	1.211897464859455487e-01	2.877600800704973039e-01	1.813098718675256460e-01	8.465404375777288437e-02	3.788831607019454289e-02	9.437167348093906949e-02
1.770623898197833569e+03	1.924911789505956983e-01	1.209522287499427834e-01	2.879755096097767475e-01	1.814615543445119161e-01	8.471903122215454496e-02	3.793503682968656088e-02	9.446546029310130821e-02
1.775461668411488745e+03	1.921579896667787446e-01	1.207160169850910736e-01	2.881897448440796650e-01	1.816123513778157006e-01	8.478366436885730051e-02	3.798151921304750850e-02	9.455871354409955964e-02
1.780299438625144376e+03	1.918266893905472559e-01	1.204811042078617195e-01	2.884027926541289366e-01	1.817622680115531519e-01	8.484794513450692743e-02	3.802776425494291263e-02	9.465143634622859292e-02
1.785137208838799552e+03	1.914972671653227265e-01	1.202474834685244298e-01	2.886146598757674542e-01	1.819113092633770634e-01	8.491187544558966016e-02	3.807377298880411376e-02	9.474363179238406985e-02
1.789974979052454728e+03	1.911697121023466783e-01	1.200151478510491643e-01	2.888253533003518059e-01	1.820594801245744576e-01	8.497545721848964728e-02	3.811954644675917547e-02	9.483530295619868600e-02
1.794812749266109904e+03	1.908440133801876382e-01	1.197840904730071154e-01	2.890348796751404103e-01	1.822067855601646469e-01	8.503869235952678240e-02	3.816508565956557714e-02	9.492645289217746529e-02
1.799650519479765535e+03	1.905201602442529174e-01	1.195543044854704418e-01	2.892432457036772098e-01	1.823532305089977101e-01	8.510158276499481256e-02	3.821039165654457198e-02	9.501708463583201369e-02
1.804488289693420711e+03	1.901981420063050543e-01	1.193257830729111818e-01	2.894504580461693677e-01	1.824988198838533027e-01	8.516413032119958537e-02	3.825546546551721050e-02	9.510720120381394027e-02
1.809326059907075887e+03	1.898779480439829748e-01	1.190985194530991692e-01	2.896565233198608591e-01	1.826435585715397436e-01	8.522633690449769872e-02	3.830030811274196673e-02	9.519680559404719578e-02
1.814163830120731291e+03	1.895595678003276496e-01	1.188725068769989901e-01	2.898614480994007314e-01	1.827874514329934919e-01	8.528820438133524751e-02	3.834492062285396047e-02	9.528590078585957857e-02
1.819001600334386467e+03	1.892429907833123315e-01	1.186477386286660801e-01	2.900652389172065360e-01	1.829305033033790107e-01	8.534973460828686187e-02	3.838930401880579629e-02	9.537448974011311642e-02
1.823839370548041643e+03	1.889282065653772602e-01	1.184242080251420304e-01	2.902679022638233186e-01	1.830727189921887710e-01	8.541092943209492583e-02	3.843345932180982499e-02	9.546257539933367120e-02
1.828677140761696819e+03	1.886152047829687817e-01	1.182019084163488803e-01	2.904694445882780029e-01	1.832141032833436711e-01	8.547179068970904570e-02	3.847738755128197324e-02	9.555016068783943328e-02
1.833514910975352450e+03	1.883039751360828240e-01	1.179808331849828973e-01	2.906698722984290550e-01	1.833546609352936785e-01	8.553232020832564342e-02	3.852108972478705817e-02	9.563724851186856946e-02
1.838352681189008081e+03	1.879945073878126482e-01	1.177609757464073009e-01	2.908691917613119293e-01	1.834943966811188043e-01	8.559251980542768867e-02	3.856456685798546891e-02	9.572384175970584386e-02
1.843190451402663257e+03	1.876867913639008734e-01	1.175423295485444192e-01	2.910674093034797405e-01	1.836333152286301895e-01	8.565239128882477793e-02	3.860781996458132609e-02	9.580994330180829521e-02
1.848028221616318433e+03	1.873808169522957201e-01	1.173248880717670528e-01	2.912645312113402163e-01	1.837714212604714958e-01	8.571193645669315797e-02	3.865085005627199449e-02	9.589555599092997040e-02
1.852865991829973609e+03	1.870765741027111961e-01	1.171086448287892989e-01	2.914605637314878761e-01	1.839087194342205744e-01	8.577115709761599927e-02	3.869365814269892095e-02	9.598068266224571432e-02
1.857703762043628785e+03	1.867740528261917221e-01	1.168935933645564723e-01	2.916555130710326571e-01	1.840452143824911069e-01	8.583005499062376642e-02	3.873624523139986009e-02	9.606532613347391891e-02
1.862541532257283961e+03	1.864732431946804492e-01	1.166797272561346105e-01	2.918493853979238772e-01	1.841809107130348289e-01	8.588863190523478297e-02	3.877861232776235595e-02	9.614948920499853668e-02
1.867379302470939592e+03	1.861741353405916566e-01	1.164670401125992155e-01	2.920421868412708122e-01	1.843158130088435043e-01	8.594688960149582391e-02	3.882076043497852819e-02	9.623317465998987297e-02
1.872217072684594768e+03	1.858767194563871739e-01	1.162555255749236488e-01	2.922339234916586093e-01	1.844499258282513710e-01	8.600482983002293025e-02	3.886269055400107253e-02	9.631638526452464266e-02
1.877054842898249490e+03	1.855809857941566332e-01	1.160451773158665961e-01	2.924246014014610928e-01	1.845832537050375033e-01	8.606245433204214035e-02	3.890440368350048944e-02	9.639912376770497227e-02
1.881892613111905121e+03	1.852869246652014690e-01	1.158359890398593661e-01	2.926142265851492952e-01	1.847158011485286466e-01	8.611976483943049876e-02	3.894590081982358259e-02	9.648139290177655536e-02
1.886730383325560297e+03	1.849945264396227751e-01	1.156279544828925088e-01	2.928028050195965459e-01	1.848475726437016908e-01	8.617676307475706510e-02	3.898718295695299818e-02	9.656319538224582277e-02
1.891568153539215928e+03	1.847037815459129373e-01	1.154210674124018926e-01	2.929903426443796199e-01	1.849785726512867545e-01	8.623345075132397841e-02	3.902825108646806179e-02	9.664453390799618293e-02
1.896405923752871104e+03	1.844146804705508458e-01	1.152153216271545044e-01	2.931768453620764436e-01	1.851088056078699640e-01	8.628982957320767422e-02	3.906910619750664920e-02	9.672541116140333239e-02
1.901243693966526507e+03	1.841272137576008272e-01	1.150107109571335967e-01	2.933623190385604151e-01	1.852382759259966760e-01	8.634590123530001826e-02	3.910974927672816737e-02	9.680582980844973373e-02
1.906081464180181683e+03	1.838413720083151015e-01	1.148072292634235575e-01	2.935467695032910052e-01	1.853669879942744236e-01	8.640166742334962069e-02	3.915018130827768728e-02	9.688579249883803868e-02
1.910919234393836859e+03	1.835571458807399581e-01	1.146048704380943362e-01	2.937302025496009161e-01	1.854949461774762220e-01	8.645712981400319186e-02	3.919040327375105520e-02	9.696530186610374802e-02
1.915757004607492036e+03	1.832745260893252348e-01	1.144036284040855084e-01	2.939126239349801328e-01	1.856221548166438196e-01	8.651229007484680100e-02	3.923041615216108641e-02	9.704436052772687227e-02
1.920594774821147894e+03	1.829935034045374054e-01	1.142034971150899109e-01	2.940940393813563647e-01	1.857486182291908927e-01	8.656714986444737081e-02	3.927022091990479968e-02	9.712297108524270417e-02
1.925432545034802843e+03	1.827140686524759972e-01	1.140044705554370819e-01	2.942744545753725460e-01	1.858743407090064359e-01	8.662171083239399161e-02	3.930981855073158171e-02	9.720113612435175854e-02
1.930270315248458019e+03	1.824362127144934509e-01	1.138065427399762575e-01	2.944538751686608391e-01	1.859993265265581508e-01	8.667597461933941594e-02	3.934921001571240612e-02	9.727885821502881003e-02
1.935108085462113195e+03	1.821599265268183665e-01	1.136097077139590211e-01	2.946323067781139171e-01	1.861235799289956971e-01	8.672994285704145601e-02	3.938839628320996156e-02	9.735613991163094560e-02
1.939945855675768371e+03	1.818852010801818575e-01	1.134139595529219113e-01	2.948097549861524169e-01	1.862471051402540545e-01	8.678361716840449214e-02	3.942737831884973038e-02	9.743298375300488146e-02
1.944783625889424002e+03	1.816120274194474304e-01	1.132192923625685299e-01	2.949862253409901158e-01	1.863699063611570228e-01	8.683699916752085635e-02	3.946615708549199020e-02	9.750939226259339176e-02
1.949621396103079178e+03	1.813403966432438619e-01	1.130257002786514975e-01	2.951617233568957221e-01	1.864919877695204176e-01	8.689009045971231304e-02	3.950473354320473834e-02	9.758536794854075214e-02
1.954459166316734354e+03	1.810702999036014893e-01	1.128331774668541315e-01	2.953362545144518903e-01	1.866133535202553762e-01	8.694289264157149810e-02	3.954310864923743507e-02	9.766091330379750302e-02
1.959296936530389530e+03	1.808017284055913332e-01	1.126417181226720410e-01	2.955098242608110715e-01	1.867340077454716918e-01	8.699540730100327468e-02	3.958128335799569741e-02	9.773603080622422778e-02
1.964134706744044706e+03	1.805346734069675774e-01	1.124513164712943603e-01	2.956824380099488669e-01	1.868539545545810088e-01	8.704763601726622779e-02	3.961925862101676327e-02	9.781072291869452595e-02
1.968972476957700337e+03	1.802691262178130471e-01	1.122619667674849275e-01	2.958541011429142720e-01	1.869731980343999900e-01	8.709958036101397849e-02	3.965703538694584362e-02	9.788499208919719530e-02
1.973810247171355968e+03	1.800050782001878236e-01	1.120736632954632273e-01	2.960248190080774777e-01	1.870917422492534843e-01	8.715124189433649804e-02	3.969461460151324506e-02	9.795884075093753973e-02
1.978648017385010689e+03	1.797425207677805503e-01	1.118864003687852632e-01	2.961945969213744534e-01	1.872095912410774166e-01	8.720262217080149147e-02	3.973199720751231095e-02	9.803227132243784447e-02
1.983485787598666320e+03	1.794814453855631542e-01	1.117001723302242094e-01	2.963634401665493634e-01	1.873267490295218718e-01	8.725372273549558688e-02	3.976918414477813302e-02	9.810528620763704633e-02
1.988323557812321269e+03	1.792218435694479806e-01	1.115149735516509921e-01	2.965313539953942645e-01	1.874432196120538741e-01	8.730454512506556630e-02	3.980617635016703293e-02	9.817788779598961291e-02
1.993161328025976900e+03	1.789637068859483149e-01	1.113307984339147738e-01	2.966983436279860276e-01	1.875590069640602209e-01	8.735509086775961052e-02	3.984297475753679346e-02	9.825007846256358923e-02
1.997999098239632076e+03	1.787070269518414578e-01	1.111476414067233548e-01	2.968644142529206498e-01	1.876741150389500956e-01	8.740536148346829404e-02	3.987958029772761814e-02	9.832186056813786712e-02
2.002836868453287707e+03	1.784517954338346868e-01	1.109654969285234771e-01	2.970295710275453471e-01	1.877885477682576798e-01	8.745535848376574661e-02	3.991599389854379870e-02	9.839323645929863582e-02
2.007674638666942428e+03	1.781980040482341043e-01	1.107843594863810455e-01	2.971938190781880373e-01	1.879023090617444325e-01	8.750508337195059272e-02	3.995221648473609027e-02	9.846420846853508324e-02
2.012512408880597604e+03	1.779456445606161785e-01	1.106042235958613895e-01	2.973571635003842140e-01	1.880154028075016193e-01	8.755453764308691877e-02	3.998824897798480132e-02	9.853477891433429225e-02
2.017350179094252780e+03	1.776947087855019480e-01	1.104250838009094016e-01	2.975196093591018220e-01	1.881278328720522308e-01	8.760372278404511548e-02	4.002409229688350112e-02	9.860495010127538762e-02
2.022187949307908411e+03	1.774451885860341693e-01	1.102469346737296879e-01	2.976811616889634138e-01	1.882396031004531511e-01	8.765264027354266463e-02	4.005974735692342803e-02	9.867472432012289185e-02
2.027025719521564042e+03	1.771970758736567675e-01	1.100697708146667064e-01	2.978418254944661392e-01	1.883507173163970483e-01	8.770129158218487042e-02	4.009521507047856398e-02	9.874410384791931783e-02
2.031863489735218764e+03	1.769503626077972569e-01	1.098935868520849457e-01	2.980016057501994053e-01	1.884611793223139320e-01	8.774967817250550750e-02	4.013049634679128480e-02	9.881309094807705362e-02
2.036701259948874394e+03	1.767050407955516045e-01	1.097183774422490210e-01	2.981605074010603706e-01	1.885709928994728779e-01	8.779780149900731634e-02	4.016559209195864205e-02	9.888168787046948405e-02
2.041539030162529116e+03	1.764611024913717852e-01	1.095441372692039089e-01	2.983185353624671077e-01	1.886801618080833076e-01	8.784566300820255413e-02	4.020050320891930401e-02	9.894989685152134895e-02
2.046376800376184747e+03	1.762185397967556688e-01	1.093708610446551405e-01	2.984756945205694900e-01	1.887886897873962411e-01	8.789326413865328202e-02	4.023523059744103098e-02	9.901772011429842146e-02
2.051214570589840150e+03	1.759773448599397105e-01	1.091985435078490912e-01	2.986319897324584138e-01	1.888965805558052991e-01	8.794060632101172170e-02	4.026977515410873343e-02	9.908515986859635361e-02
2.056052340803495554e+03	1.757375098755939724e-01	1.090271794254532856e-01	2.987874258263720773e-01	1.890038378109474837e-01	8.798769097806043160e-02	4.030413777231314082e-02	9.915221831102893901e-02
2.060890111017150957e+03	1.754990270845195599e-01	1.088567635914368115e-01	2.989420076019010386e-01	1.891104652298039868e-01	8.803451952475235820e-02	4.033831934223999771e-02	9.921889762511559852e-02
2.065727881230805451e+03	1.752618887733486397e-01	1.086872908269507776e-01	2.990957398301906656e-01	1.892164664688004427e-01	8.808109336825088731e-02	4.037232075085980115e-02	9.928519998136815794e-02
2.070565651444461309e+03	1.750260872742468998e-01	1.085187559802089502e-01	2.992486272541416414e-01	1.893218451639072375e-01	8.812741390796968721e-02	4.040614288191808623e-02	9.935112753737691815e-02
2.075403421658116713e+03	1.747916149646181472e-01	1.083511539263682932e-01	2.994006745886085841e-01	1.894266049307395949e-01	8.817348253561249627e-02	4.043978661592622509e-02	9.941668243789604509e-02
2.080241191871772116e+03	1.745584642668115971e-01	1.081844795674098553e-01	2.995518865205967218e-01	1.895307493646573027e-01	8.821930063521286891e-02	4.047325283015273251e-02	9.948186681492830752e-02
2.085078962085427065e+03	1.743266276478311061e-01	1.080187278320196148e-01	2.997022677094564602e-01	1.896342820408643270e-01	8.826486958317361631e-02	4.050654239861507799e-02	9.954668278780907931e-02
2.089916732299082469e+03	1.740960976190471243e-01	1.078538936754694921e-01	2.998518227870763941e-01	1.897372065145081499e-01	8.831019074830639970e-02	4.053965619207197668e-02	9.961113246328974491e-02
2.094754502512737417e+03	1.738668667359106468e-01	1.076899720794985277e-01	3.000005563580736556e-01	1.898395263207789674e-01	8.835526549187097678e-02	4.057259507801618675e-02	9.967521793562027221e-02
2.099592272726392821e+03	1.736389275976696067e-01	1.075269580521941853e-01	3.001484729999833734e-01	1.899412449750084997e-01	8.840009516761443420e-02	4.060535992066773708e-02	9.973894128663134129e-02
2.104430042940048224e+03	1.734122728470872676e-01	1.073648466278737529e-01	3.002955772634458009e-01	1.900423659727686898e-01	8.844468112181032293e-02	4.063795158096763366e-02	9.980230458581570985e-02
2.109267813153704083e+03	1.731868951701631409e-01	1.072036328669660199e-01	3.004418736723913907e-01	1.901428927899700694e-01	8.848902469329764098e-02	4.067037091657200315e-02	9.986530989040888484e-02
2.114105583367359031e+03	1.729627872958557633e-01	1.070433118558930669e-01	3.005873667242247582e-01	1.902428288829600134e-01	8.853312721351963566e-02	4.070261878184670834e-02	9.992795924546925279e-02
2.118943353581013525e+03	1.727399419958078886e-01	1.068838787069521512e-01	3.007320608900062586e-01	1.903421776886204675e-01	8.857699000656259203e-02	4.073469602786231741e-02	9.999025468395748850e-02
2.123781123794669384e+03	1.725183520840737894e-01	1.067253285581978989e-01	3.008759606146321763e-01	1.904409426244657866e-01	8.862061438919446865e-02	4.076660350238959368e-02	1.000521982268154225e-01
2.128618894008324787e+03	1.722980104168484461e-01	1.065676565733246761e-01	3.010190703170132487e-01	1.905391270887399902e-01	8.866400167090326967e-02	4.079834204989531143e-02	1.001137918830442147e-01
2.133456664221980191e+03	1.720789098921991778e-01	1.064108579415490308e-01	3.011613943902510804e-01	1.906367344605139069e-01	8.870715315393552791e-02	4.082991251153849505e-02	1.001750376497818756e-01
2.138294434435635139e+03	1.718610434497990502e-01	1.062549278774925221e-01	3.013029372018136698e-01	1.907337680997820140e-01	8.875007013333445494e-02	4.086131572516710220e-02	1.002359375123803020e-01
2.143132204649290543e+03	1.716444040706625318e-01	1.060998616210646062e-01	3.014437030937082707e-01	1.908302313475590262e-01	8.879275389697802168e-02	4.089255252531500545e-02	1.002964934444816325e-01
2.147969974862945492e+03	1.714289847768830644e-01	1.059456544373458819e-01	3.015836963826536987e-01	1.909261275259761526e-01	8.883520572561692807e-02	4.092362374319940405e-02	1.003567074080939786e-01
2.152807745076601350e+03	1.712147786313726883e-01	1.057923016164714208e-01	3.017229213602501958e-01	1.910214599383771583e-01	8.887742689291243392e-02	4.095453020671858957e-02	1.004165813536665730e-01
2.157645515290255844e+03	1.710017787376037213e-01	1.056397984735143875e-01	3.018613822931484059e-01	1.911162318694140383e-01	8.891941866547402318e-02	4.098527274045006552e-02	1.004761172201643904e-01
2.162483285503912157e+03	1.707899782393522137e-01	1.054881403483700075e-01	3.019990834232161858e-01	1.912104465851424961e-01	8.896118230289695727e-02	4.101585216564904157e-02	1.005353169351421300e-01
2.167321055717567106e+03	1.705793703204436240e-01	1.053373226056395912e-01	3.021360289677043620e-01	1.913041073331170072e-01	8.900271905779967574e-02	4.104626930024722620e-02	1.005941824148176289e-01
2.172158825931222509e+03	1.703699482045001046e-01	1.051873406345148892e-01	3.022722231194106546e-01	1.913972173424857703e-01	8.904403017586105806e-02	4.107652495885196625e-02	1.006527155641446653e-01
2.176996596144877003e+03	1.701617051546900350e-01	1.050381898486627691e-01	3.024076700468424361e-01	1.914897798240852433e-01	8.908511689585753290e-02	4.110661995274577513e-02	1.007109182768853445e-01
2.181834366358532861e+03	1.699546344734791659e-01	1.048898656861100426e-01	3.025423738943776586e-01	1.915817979705343455e-01	8.912598044970011790e-02	4.113655508988608989e-02	1.007687924356816811e-01
2.186672136572187810e+03	1.697487295023837883e-01	1.047423636091286830e-01	3.026763387824246143e-01	1.916732749563284655e-01	8.916662206247118194e-02	4.116633117490538923e-02	1.008263399121268888e-01
2.191509906785843214e+03	1.695439836217256802e-01	1.045956791041211392e-01	3.028095688075804204e-01	1.917642139379330535e-01	8.920704295246115190e-02	4.119594900911162372e-02	1.008835625668359215e-01
2.196347676999498617e+03	1.693403902503889669e-01	1.044498076815060517e-01	3.029420680427873935e-01	1.918546180538769907e-01	8.924724433120512224e-02	4.122540939048890962e-02	1.009404622495155696e-01
2.201185447213154021e+03	1.691379428455786760e-01	1.043047448756043022e-01	3.030738405374887035e-01	1.919444904248456263e-01	8.928722740351918707e-02	4.125471311369855593e-02	1.009970407990340019e-01
2.206023217426809424e+03	1.689366349025811787e-01	1.041604862445252300e-01	3.032048903177824717e-01	1.920338341537734250e-01	8.932699336753670283e-02	4.128386097008033412e-02	1.010533000434897383e-01
2.210860987640464373e+03	1.687364599545263522e-01	1.040170273700531528e-01	3.033352213865744829e-01	1.921226523259364494e-01	8.936654341474442598e-02	4.131285374765407414e-02	1.011092418002801363e-01
2.215698757854119776e+03	1.685374115721515742e-01	1.038743638575342493e-01	3.034648377237295636e-01	1.922109480090443412e-01	8.940587873001842878e-02	4.134169223112147545e-02	1.011648678761693509e-01
2.220536528067775180e+03	1.683394833635675214e-01	1.037324913357636769e-01	3.035937432862215735e-01	1.922987242533322483e-01	8.944500049165995947e-02	4.137037720186823725e-02	1.012201800673557389e-01
2.225374298281430583e+03	1.681426689740253000e-01	1.035914054568730369e-01	3.037219420082822863e-01	1.923859840916520014e-01	8.948390987143106656e-02	4.139890943796640382e-02	1.012751801595387913e-01
2.230212068495085077e+03	1.679469620856858525e-01	1.034511018962181450e-01	3.038494378015487718e-01	1.924727305395634858e-01	8.952260803459009819e-02	4.142728971417698747e-02	1.013298699279855525e-01
2.235049838708740936e+03	1.677523564173906412e-01	1.033115763522670788e-01	3.039762345552095013e-01	1.925589665954252072e-01	8.956109613992707663e-02	4.145551880195284117e-02	1.013842511375965122e-01
2.239887608922396339e+03	1.675588457244342466e-01	1.031728245464885452e-01	3.041023361361495092e-01	1.926446952404849700e-01	8.959937533979889235e-02	4.148359746944175336e-02	1.014383255429709835e-01
2.244725379136052197e+03	1.673664237983383818e-01	1.030348422232406358e-01	3.042277463890938338e-01	1.927299194389697490e-01	8.963744678016437317e-02	4.151152648148980634e-02	1.014920948884720786e-01
2.249563149349706237e+03	1.671750844666278213e-01	1.028976251496597633e-01	3.043524691367503476e-01	1.928146421381757292e-01	8.967531160061918694e-02	4.153930659964491512e-02	1.015455609082910743e-01
2.254400919563362095e+03	1.669848215926077462e-01	1.027611691155501661e-01	3.044765081799507556e-01	1.928988662685575950e-01	8.971297093443053594e-02	4.156693858216063686e-02	1.015987253265113882e-01
2.259238689777017044e+03	1.667956290751428372e-01	1.026254699332733861e-01	3.045998672977908162e-01	1.929825947438177369e-01	8.975042590857182367e-02	4.159442318400020239e-02	1.016515898571720561e-01
2.264076459990672902e+03	1.666075008484378395e-01	1.024905234376384533e-01	3.047225502477691195e-01	1.930658304609949860e-01	8.978767764375705784e-02	4.162176115684071420e-02	1.017041562043306674e-01
