1.001418434226643626e+03	2.790794376260846699e-01	1.816752573179442887e-01	2.349492428499737606e-01	1.408711381259119544e-01	6.774336784240629628e-02	2.658986442304920456e-02	6.909169181439996088e-02
1.002869765290740247e+03	2.788205981117297116e-01	1.815152560822155814e-01	2.351304572096385714e-01	1.409755800626262268e-01	6.778361624414398767e-02	2.661499485825278080e-02	6.915949743116332760e-02
1.004321096354836754e+03	2.785622127377245794e-01	1.813555096376033571e-01	2.353113451844142390e-01	1.410798441640129519e-01	6.782379057717329018e-02	2.664010269796610736e-02	6.922719500087570754e-02
1.005772427418933376e+03	2.783042807041107292e-01	1.811960175736662959e-01	2.354919073408578145e-01	1.411839308282243077e-01	6.786389100245378281e-02	2.666518791343969880e-02	6.929478463701767288e-02
1.007223758483029997e+03	2.780468012123993304e-01	1.810367794806196917e-01	2.356721442445306736e-01	1.412878404515809094e-01	6.790391768054368504e-02	2.669025047624140265e-02	6.936226645385458467e-02
1.008675089547126618e+03	2.777897734655682127e-01	1.808777949493345638e-01	2.358520564600009028e-01	1.413915734285886572e-01	6.794387077160092547e-02	2.671529035825450163e-02	6.942964056642245141e-02
1.010126420611223239e+03	2.775331966680584239e-01	1.807190635713365745e-01	2.360316445508454930e-01	1.414951301519555282e-01	6.798375043538439078e-02	2.674030753167584012e-02	6.949690709051396798e-02
1.011577751675319632e+03	2.772770700257708443e-01	1.805605849388051132e-01	2.362109090796526700e-01	1.415985110126079249e-01	6.802355683125506369e-02	2.676530196901392988e-02	6.956406614266462396e-02
1.013029082739416367e+03	2.770213927460630221e-01	1.804023586445722693e-01	2.363898506080240880e-01	1.417017163997072171e-01	6.806329011817721653e-02	2.679027364308711467e-02	6.963111784013917283e-02
1.014480413803512761e+03	2.767661640377458987e-01	1.802443842821219444e-01	2.365684696965772160e-01	1.418047467006657014e-01	6.810295045471954911e-02	2.681522252702171066e-02	6.969806230091812882e-02
1.015931744867609382e+03	2.765113831110803666e-01	1.800866614455886860e-01	2.367467669049474754e-01	1.419076023011625887e-01	6.814253799905635456e-02	2.684014859425017455e-02	6.976489964368452756e-02
1.017383075931706003e+03	2.762570491777742721e-01	1.799291897297568554e-01	2.369247427917905158e-01	1.420102835851597967e-01	6.818205290896867110e-02	2.686505181850927515e-02	6.983162998781081154e-02
1.018834406995802851e+03	2.760031614509789732e-01	1.797719687300596558e-01	2.371023979147843241e-01	1.421127909349175489e-01	6.822149534184544784e-02	2.688993217383830667e-02	6.989825345334593765e-02
1.020285738059899245e+03	2.757497191452861762e-01	1.796149980425781056e-01	2.372797328306316123e-01	1.422151247310096678e-01	6.826086545468466882e-02	2.691478963457726720e-02	6.996477016100259572e-02
1.021737069123995752e+03	2.754967214767249373e-01	1.794582772640400115e-01	2.374567480950619536e-01	1.423172853523388126e-01	6.830016340409450493e-02	2.693962417536508933e-02	7.003118023214467691e-02
1.023188400188092373e+03	2.752441676627582212e-01	1.793018059918191076e-01	2.376334442628338928e-01	1.424192731761516617e-01	6.833938934629446571e-02	2.696443577113786377e-02	7.009748378877485309e-02
1.024639731252188767e+03	2.749920569222796263e-01	1.791455838239339737e-01	2.378098218877370829e-01	1.425210885780535119e-01	6.837854343711650962e-02	2.698922439712707344e-02	7.016368095352230883e-02
1.026091062316285615e+03	2.747403884756104420e-01	1.789896103590471743e-01	2.379858815225945612e-01	1.426227319320231279e-01	6.841762583200616810e-02	2.701399002885785522e-02	7.022977184963070940e-02
1.027542393380382237e+03	2.744891615444965960e-01	1.788338851964641485e-01	2.381616237192649144e-01	1.427242036104272860e-01	6.845663668602369745e-02	2.703873264214724792e-02	7.029575660094621037e-02
1.028993724444478858e+03	2.742383753521051015e-01	1.786784079361323219e-01	2.383370490286443044e-01	1.428255039840349849e-01	6.849557615384516129e-02	2.706345221310248184e-02	7.036163533190575858e-02
1.030445055508575479e+03	2.739880291230212817e-01	1.785231781786401073e-01	2.385121580006686337e-01	1.429266334220317680e-01	6.853444438976361019e-02	2.708814871811926484e-02	7.042740816752544875e-02
1.031896386572671872e+03	2.737381220832455497e-01	1.783681955252159890e-01	2.386869511843156544e-01	1.430275922920336007e-01	6.857324154769010860e-02	2.711282213388005805e-02	7.049307523338911585e-02
1.033347717636768493e+03	2.734886534601903008e-01	1.782134595777274955e-01	2.388614291276071333e-01	1.431283809601008317e-01	6.861196778115491446e-02	2.713747243735241399e-02	7.055863665563696929e-02
1.034799048700865114e+03	2.732396224826768028e-01	1.780589699386802560e-01	2.390355923776108504e-01	1.432289997907517931e-01	6.865062324330856169e-02	2.716209960578727309e-02	7.062409256095457388e-02
1.036250379764961508e+03	2.729910283809321436e-01	1.779047262112169459e-01	2.392094414804427083e-01	1.433294491469763732e-01	6.868920808692291491e-02	2.718670361671730873e-02	7.068944307656169213e-02
1.037701710829058356e+03	2.727428703865860671e-01	1.777507279991164812e-01	2.393829769812688968e-01	1.434297293902494497e-01	6.872772246439236288e-02	2.721128444795526541e-02	7.075468833020154280e-02
1.039153041893154750e+03	2.724951477326681415e-01	1.775969749067929371e-01	2.395561994243077530e-01	1.435298408805439907e-01	6.876616652773480387e-02	2.723584207759230380e-02	7.081982845013008732e-02
1.040604372957251599e+03	2.722478596536044293e-01	1.774434665392946031e-01	2.397291093528321204e-01	1.436297839763442385e-01	6.880454042859279751e-02	2.726037648399638053e-02	7.088486356510544095e-02
1.042055704021347992e+03	2.720010053852147669e-01	1.772902025023030403e-01	2.399017073091709862e-01	1.437295590346585050e-01	6.884284431823466111e-02	2.728488764581060363e-02	7.094979380437747840e-02
1.043507035085444613e+03	2.717545841647094895e-01	1.771371824021321095e-01	2.400739938347118685e-01	1.438291664110320223e-01	6.888107834755548275e-02	2.730937554195163319e-02	7.101461929767752257e-02
1.044958366149541234e+03	2.715085952306864336e-01	1.769844058457269442e-01	2.402459694699026482e-01	1.439286064595595160e-01	6.891924266707825930e-02	2.733384015160807493e-02	7.107934017520824155e-02
1.046409697213637855e+03	2.712630378231282724e-01	1.768318724406631459e-01	2.404176347542535952e-01	1.440278795328976957e-01	6.895733742695493718e-02	2.735828145423887733e-02	7.114395656763358722e-02
1.047861028277734476e+03	2.710179111833990184e-01	1.766795817951457015e-01	2.405889902263394775e-01	1.441269859822776611e-01	6.899536277696750874e-02	2.738269942957174963e-02	7.120846860606902529e-02
1.049312359341831097e+03	2.707732145542415814e-01	1.765275335180079563e-01	2.407600364238013935e-01	1.442259261575169205e-01	6.903331886652902538e-02	2.740709405760160047e-02	7.127287642207169593e-02
1.050763690405927491e+03	2.705289471797743261e-01	1.763757272187108927e-01	2.409307738833488532e-01	1.443247004070315753e-01	6.907120584468474933e-02	2.743146531858895246e-02	7.133718014763083815e-02
1.052215021470024112e+03	2.702851083054884640e-01	1.762241625073419915e-01	2.411012031407617495e-01	1.444233090778481721e-01	6.910902386011308351e-02	2.745581319305841553e-02	7.140137991515838056e-02
1.053666352534120733e+03	2.700416971782449438e-01	1.760728389946141781e-01	2.412713247308922448e-01	1.445217525156154703e-01	6.914677306112675115e-02	2.748013766179712228e-02	7.146547585747949072e-02
1.055117683598217127e+03	2.697987130462716765e-01	1.759217562918651834e-01	2.414411391876668256e-01	1.446200310646161280e-01	6.918445359567375330e-02	2.750443870585320486e-02	7.152946810782342957e-02
1.056569014662313975e+03	2.695561551591604266e-01	1.757709140110563506e-01	2.416106470440881615e-01	1.447181450677781367e-01	6.922206561133845137e-02	2.752871630653427187e-02	7.159335679981439216e-02
1.058020345726410369e+03	2.693140227678640919e-01	1.756203117647717193e-01	2.417798488322371042e-01	1.448160948666862569e-01	6.925960925534262180e-02	2.755297044540588533e-02	7.165714206746258419e-02
1.059471676790506763e+03	2.690723151246935396e-01	1.754699491662170818e-01	2.419487450832745468e-01	1.449138808015931756e-01	6.929708467454648302e-02	2.757720110429007221e-02	7.172082404515532639e-02
1.060923007854603611e+03	2.688310314833151082e-01	1.753198258292190947e-01	2.421173363274433388e-01	1.450115032114307478e-01	6.933449201544972240e-02	2.760140826526381180e-02	7.178440286764838085e-02
1.062374338918700232e+03	2.685901710987474433e-01	1.751699413682242523e-01	2.422856230940703404e-01	1.451089624338208206e-01	6.937183142419252324e-02	2.762559191065756814e-02	7.184787867005729134e-02
1.063825669982796853e+03	2.683497332273587777e-01	1.750202953982979426e-01	2.424536059115681152e-01	1.452062588050862246e-01	6.940910304655659169e-02	2.764975202305379812e-02	7.191125158784884841e-02
1.065277001046893474e+03	2.681097171268638779e-01	1.748708875351235592e-01	2.426212853074369014e-01	1.453033926602614045e-01	6.944630702796621147e-02	2.767388858528550127e-02	7.197452175683280440e-02
1.066728332110990095e+03	2.678701220563215468e-01	1.747217173950015023e-01	2.427886618082665537e-01	1.454003643331031326e-01	6.948344351348922920e-02	2.769800158043474875e-02	7.203768931315354673e-02
1.068179663175086489e+03	2.676309472761315145e-01	1.745727845948482626e-01	2.429557359397383209e-01	1.454971741561009724e-01	6.952051264783806750e-02	2.772209099183124345e-02	7.210075439328191005e-02
1.069630994239183110e+03	2.673921920480316627e-01	1.744240887521954220e-01	2.431225082266267601e-01	1.455938224604875764e-01	6.955751457537079352e-02	2.774615680305087678e-02	7.216371713400719645e-02
1.071082325303279504e+03	2.671538556350953053e-01	1.742756294851887655e-01	2.432889791928016243e-01	1.456903095762490108e-01	6.959444944009206269e-02	2.777019899791430615e-02	7.222657767242920968e-02
1.072533656367376352e+03	2.669159373017282455e-01	1.741274064125873933e-01	2.434551493612296946e-01	1.457866358321348865e-01	6.963131738565414564e-02	2.779421756048552211e-02	7.228933614595042800e-02
1.073984987431472746e+03	2.666784363136662228e-01	1.739794191537625545e-01	2.436210192539764730e-01	1.458828015556683788e-01	6.966811855535792741e-02	2.781821247507044667e-02	7.235199269226827434e-02
1.075436318495569594e+03	2.664413519379719153e-01	1.738316673286969816e-01	2.437865893922082083e-01	1.459788070731561083e-01	6.970485309215393444e-02	2.784218372621552820e-02	7.241454744936753896e-02
1.076887649559666215e+03	2.662046834430322750e-01	1.736841505579838074e-01	2.439518602961936733e-01	1.460746527096979941e-01	6.974152113864329205e-02	2.786613129870634323e-02	7.247700055551281606e-02
1.078338980623762609e+03	2.659684300985556971e-01	1.735368684628256220e-01	2.441168324853059124e-01	1.461703387891968853e-01	6.977812283707873764e-02	2.789005517756621561e-02	7.253935214924113473e-02
1.079790311687859230e+03	2.657325911755692993e-01	1.733898206650335561e-01	2.442815064780241019e-01	1.462658656343681640e-01	6.981465832936561977e-02	2.791395534805482873e-02	7.260160236935464528e-02
1.081241642751955851e+03	2.654971659464162026e-01	1.732430067870263934e-01	2.444458827919353539e-01	1.463612335667492104e-01	6.985112775706282806e-02	2.793783179566687591e-02	7.266375135491341675e-02
1.082692973816052472e+03	2.652621536847528105e-01	1.730964264518295437e-01	2.446099619437364370e-01	1.464564429067087281e-01	6.988753126138383398e-02	2.796168450613067957e-02	7.272579924522827588e-02
1.084144304880149093e+03	2.650275536655459785e-01	1.729500792830741540e-01	2.447737444492356917e-01	1.465514939734560984e-01	6.992386898319764843e-02	2.798551346540685200e-02	7.278774617985388218e-02
1.085595635944245487e+03	2.647933651650705156e-01	1.728039649049961934e-01	2.449372308233546125e-01	1.466463870850504003e-01	6.996014106302979318e-02	2.800931865968694229e-02	7.284959229858176122e-02
1.087046967008342108e+03	2.645595874609062981e-01	1.726580829424355368e-01	2.451004215801298736e-01	1.467411225584095702e-01	6.999634764106327234e-02	2.803310007539211793e-02	7.291133774143350454e-02
1.088498298072438729e+03	2.643262198319356049e-01	1.725124330208349932e-01	2.452633172327148836e-01	1.468357007093192834e-01	7.003248885713954375e-02	2.805685769917182215e-02	7.297298264865406670e-02
1.089949629136535123e+03	2.640932615583405085e-01	1.723670147662393071e-01	2.454259182933816175e-01	1.469301218524418084e-01	7.006856485075946273e-02	2.808059151790245900e-02	7.303452716070504835e-02
1.091400960200631971e+03	2.638607119216000441e-01	1.722218278052943807e-01	2.455882252735222815e-01	1.470243863013247498e-01	7.010457576108429512e-02	2.810430151868608187e-02	7.309597141825827094e-02
1.092852291264728365e+03	2.636285702044877666e-01	1.720768717652462754e-01	2.457502386836512565e-01	1.471184943684097635e-01	7.014052172693661935e-02	2.812798768884908554e-02	7.315731556218926790e-02
1.094303622328825213e+03	2.633968356910689201e-01	1.719321462739402395e-01	2.459119590334066241e-01	1.472124463650410497e-01	7.017640288680131178e-02	2.815165001594092595e-02	7.321855973357090097e-02
1.095754953392921607e+03	2.631655076666979398e-01	1.717876509598198764e-01	2.460733868315519990e-01	1.473062426014737913e-01	7.021221937882647646e-02	2.817528848773281566e-02	7.327970407366715677e-02
1.097206284457018228e+03	2.629345854180154540e-01	1.716433854519260893e-01	2.462345225859781939e-01	1.473998833868825631e-01	7.024797134082440275e-02	2.819890309221645408e-02	7.334074872392690181e-02
1.098657615521114849e+03	2.627040682329462307e-01	1.714993493798963042e-01	2.463953668037049405e-01	1.474933690293694921e-01	7.028365891027253676e-02	2.822249381760275413e-02	7.340169382597780401e-02
1.100108946585211470e+03	2.624739554006960129e-01	1.713555423739634431e-01	2.465559199908826382e-01	1.475866998359726401e-01	7.031928222431439723e-02	2.824606065232057941e-02	7.346253952162032363e-02
1.101560277649308091e+03	2.622442462117492434e-01	1.712119640649551189e-01	2.467161826527940194e-01	1.476798761126738857e-01	7.035484141976047767e-02	2.826960358501547435e-02	7.352328595282178747e-02
1.103011608713404712e+03	2.620149399578663441e-01	1.710686140842925251e-01	2.468761552938558423e-01	1.477728981644070572e-01	7.039033663308927324e-02	2.829312260454844297e-02	7.358393326171053239e-02
1.104462939777501106e+03	2.617860359320811070e-01	1.709254920639896869e-01	2.470358384176205568e-01	1.478657662950657314e-01	7.042576800044809959e-02	2.831661769999467212e-02	7.364448159057014609e-02
1.105914270841597499e+03	2.615575334286981413e-01	1.707825976366524612e-01	2.471952325267780248e-01	1.479584808075111169e-01	7.046113565765413367e-02	2.834008886064233110e-02	7.370493108183374942e-02
1.107365601905694348e+03	2.613294317432902636e-01	1.706399304354777047e-01	2.473543381231571858e-01	1.480510420035797969e-01	7.049643974019524639e-02	2.836353607599131910e-02	7.376528187807845915e-02
1.108816932969790741e+03	2.611017301726959450e-01	1.704974900942522187e-01	2.475131557077276945e-01	1.481434501840913076e-01	7.053168038323098799e-02	2.838695933575205443e-02	7.382553412201978138e-02
1.110268264033887590e+03	2.608744280150167016e-01	1.703552762473519722e-01	2.476716857806016137e-01	1.482357056488557701e-01	7.056685772159347614e-02	2.841035862984426716e-02	7.388568795650621301e-02
1.111719595097984211e+03	2.606475245696146525e-01	1.702132885297411025e-01	2.478299288410349965e-01	1.483278086966813569e-01	7.060197188978831195e-02	2.843373394839579169e-02	7.394574352451385724e-02
1.113170926162080832e+03	2.604210191371098548e-01	1.700715265769709716e-01	2.479878853874296074e-01	1.484197596253816198e-01	7.063702302199550975e-02	2.845708528174136290e-02	7.400570096914109441e-02
1.114622257226177226e+03	2.601949110193779169e-01	1.699299900251794171e-01	2.481455559173345593e-01	1.485115587317829000e-01	7.067201125207038526e-02	2.848041262042142960e-02	7.406556043360344732e-02
1.116073588290273847e+03	2.599691995195472227e-01	1.697886785110896968e-01	2.483029409274478960e-01	1.486032063117314894e-01	7.070693671354448540e-02	2.850371595518097143e-02	7.412532206122830758e-02
1.117524919354370468e+03	2.597438839419966561e-01	1.696475916720096011e-01	2.484600409136182853e-01	1.486947026601007915e-01	7.074179953962646261e-02	2.852699527696831924e-02	7.418498599544996741e-02
1.118976250418467089e+03	2.595189635923529914e-01	1.695067291458305925e-01	2.486168563708465729e-01	1.487860480707984545e-01	7.077659986320303243e-02	2.855025057693398940e-02	7.424455237980454037e-02
1.120427581482563710e+03	2.592944377774882292e-01	1.693660905710268338e-01	2.487733877932874205e-01	1.488772428367733103e-01	7.081133781683979223e-02	2.857348184642951455e-02	7.430402135792504859e-02
1.121878912546660331e+03	2.590703058055174313e-01	1.692256755866543561e-01	2.489296356742509986e-01	1.489682872500223132e-01	7.084601353278216496e-02	2.859668907700628829e-02	7.436339307353660721e-02
1.123330243610756725e+03	2.588465669857959450e-01	1.690854838323501141e-01	2.490856005062044853e-01	1.490591816015973681e-01	7.088062714295630118e-02	2.861987226041442026e-02	7.442266767045152553e-02
1.124781574674853118e+03	2.586232206289170721e-01	1.689455149483311269e-01	2.492412827807736209e-01	1.491499261816121302e-01	7.091517877896993949e-02	2.864303138860159123e-02	7.448184529256468567e-02
1.126232905738949967e+03	2.584002660467095702e-01	1.688057685753933945e-01	2.493966829887445114e-01	1.492405212792486946e-01	7.094966857211330857e-02	2.866616645371190472e-02	7.454092608384881025e-02
1.127684236803046360e+03	2.581777025522350444e-01	1.686662443549113155e-01	2.495518016200649336e-01	1.493309671827642016e-01	7.098409665335997376e-02	2.868927744808478369e-02	7.459991018834991050e-02
1.129135567867143209e+03	2.579555294597857262e-01	1.685269419288364934e-01	2.497066391638462224e-01	1.494212641794973873e-01	7.101846315336775295e-02	2.871236436425382565e-02	7.465879775018273434e-02
1.130586898931239830e+03	2.577337460848818651e-01	1.683878609396970150e-01	2.498611961083645472e-01	1.495114125558750784e-01	7.105276820247960479e-02	2.873542719494568201e-02	7.471758891352629772e-02
1.132038229995336451e+03	2.575123517442692855e-01	1.682490010305965344e-01	2.500154729410626886e-01	1.496014125974186038e-01	7.108701193072447522e-02	2.875846593307897214e-02	7.477628382261952700e-02
1.133489561059432845e+03	2.572913457559171113e-01	1.681103618452131632e-01	2.501694701485515093e-01	1.496912645887501225e-01	7.112119446781818566e-02	2.878148057176315583e-02	7.483488262175685968e-02
1.134940892123529466e+03	2.570707274390150454e-01	1.679719430277989145e-01	2.503231882166115918e-01	1.497809688135988693e-01	7.115531594316426567e-02	2.880447110429744731e-02	7.489338545528399782e-02
1.136392223187626087e+03	2.568504961139711495e-01	1.678337442231785104e-01	2.504766276301946815e-01	1.498705255548074544e-01	7.118937648585485500e-02	2.882743752416972588e-02	7.495179246759374470e-02
1.137843554251722708e+03	2.566306511024094572e-01	1.676957650767487429e-01	2.506297888734252965e-01	1.499599350943378318e-01	7.122337622467156404e-02	2.885037982505543608e-02	7.501010380312174430e-02
1.139294885315819101e+03	2.564111917271674201e-01	1.675580052344774473e-01	2.507826724296022824e-01	1.500491977132775989e-01	7.125731528808633419e-02	2.887329800081652603e-02	7.506831960634248457e-02
1.140746216379915950e+03	2.561921173122935214e-01	1.674204643429025308e-01	2.509352787812004215e-01	1.501383136918457151e-01	7.129119380426225672e-02	2.889619204550036846e-02	7.512644002176523117e-02
1.142197547444012343e+03	2.559734271830451657e-01	1.672831420491312227e-01	2.510876084098717653e-01	1.502272833093986903e-01	7.132501190105448863e-02	2.891906195333869556e-02	7.518446519393004457e-02
1.143648878508108737e+03	2.557551206658858489e-01	1.671460380008391589e-01	2.512396617964472445e-01	1.503161068444363313e-01	7.135876970601102987e-02	2.894190771874653040e-02	7.524239526740385264e-02
1.145100209572205586e+03	2.555371970884831589e-01	1.670091518462694657e-01	2.513914394209383341e-01	1.504047845746076251e-01	7.139246734637363923e-02	2.896472933632113916e-02	7.530023038677663427e-02
1.146551540636302207e+03	2.553196557797061672e-01	1.668724832342318998e-01	2.515429417625383857e-01	1.504933167767164015e-01	7.142610494907863927e-02	2.898752680084099032e-02	7.535797069665756132e-02
1.148002871700398828e+03	2.551024960696230970e-01	1.667360318141018483e-01	2.516941692996241819e-01	1.505817037267271064e-01	7.145968264075777676e-02	2.901030010726469641e-02	7.541561634167126549e-02
1.149454202764495449e+03	2.548857172894991585e-01	1.665997972358196633e-01	2.518451225097574908e-01	1.506699456997704356e-01	7.149320054773904143e-02	2.903304925072998366e-02	7.547316746645418850e-02
1.150905533828591842e+03	2.546693187717938844e-01	1.664637791498896346e-01	2.519958018696866198e-01	1.507580429701487201e-01	7.152665879604754029e-02	2.905577422655266848e-02	7.553062421565084894e-02
1.152356864892688463e+03	2.544532998501589649e-01	1.663279772073790741e-01	2.521462078553478037e-01	1.508459958113416988e-01	7.156005751140630256e-02	2.907847503022562355e-02	7.558798673391037282e-02
1.153808195956785084e+03	2.542376598594360826e-01	1.661923910599175103e-01	2.522963409418667036e-01	1.509338044960118197e-01	7.159339681923711229e-02	2.910115165741776130e-02	7.564525516588281595e-02
1.155259527020881706e+03	2.540223981356541372e-01	1.660570203596958561e-01	2.524462016035599055e-01	1.510214692960096805e-01	7.162667684466134110e-02	2.912380410397301736e-02	7.570242965621583331e-02
1.156710858084978327e+03	2.538075140160273024e-01	1.659218647594654095e-01	2.525957903139364746e-01	1.511089904823793018e-01	7.165989771250079465e-02	2.914643236590935133e-02	7.575951034955112628e-02
1.158162189149074720e+03	2.535930068389526393e-01	1.657869239125369931e-01	2.527451075456993435e-01	1.511963683253634283e-01	7.169305954727850372e-02	2.916903643941774066e-02	7.581649739052113979e-02
1.159613520213171569e+03	2.533788759440075422e-01	1.656521974727802327e-01	2.528941537707468101e-01	1.512836030944087473e-01	7.172616247321954297e-02	2.919161632086117106e-02	7.587339092374566218e-02
1.161064851277267962e+03	2.531651206719477964e-01	1.655176850946224743e-01	2.530429294601740930e-01	1.513706950581711619e-01	7.175920661425187752e-02	2.921417200677367196e-02	7.593019109382863341e-02
1.162516182341364356e+03	2.529517403647050799e-01	1.653833864330480352e-01	2.531914350842745520e-01	1.514576444845207315e-01	7.179219209400718171e-02	2.923670349385931039e-02	7.598689804535480041e-02
1.163967513405461204e+03	2.527387343653845209e-01	1.652493011435973436e-01	2.533396711125415202e-01	1.515444516405468900e-01	7.182511903582161628e-02	2.925921077899120912e-02	7.604351192288660855e-02
1.165418844469557826e+03	2.525261020182628102e-01	1.651154288823659666e-01	2.534876380136694141e-01	1.516311167925633030e-01	7.185798756273664711e-02	2.928169385921058562e-02	7.610003287096106517e-02
1.166870175533654447e+03	2.523138426687854818e-01	1.649817693060037782e-01	2.536353362555553437e-01	1.517176402061128637e-01	7.189079779749991961e-02	2.930415273172577717e-02	7.615646103408660328e-02
1.168321506597751068e+03	2.521019556635649694e-01	1.648483220717142372e-01	2.537827663053005556e-01	1.518040221459727168e-01	7.192354986256592475e-02	2.932658739391127631e-02	7.621279655674007003e-02
1.169772837661847461e+03	2.518904403503782752e-01	1.647150868372532218e-01	2.539299286292118762e-01	1.518902628761589491e-01	7.195624388009692896e-02	2.934899784330676983e-02	7.626903958336371525e-02
1.171224168725944082e+03	2.516792960781645827e-01	1.645820632609284462e-01	2.540768236928029888e-01	1.519763626599315021e-01	7.198887997196373734e-02	2.937138407761618816e-02	7.632519025836223547e-02
1.172675499790040703e+03	2.514685221970230922e-01	1.644492510015984899e-01	2.542234519607961540e-01	1.520623217597988353e-01	7.202145825974644311e-02	2.939374609470675470e-02	7.638124872609988736e-02
1.174126830854137097e+03	2.512581180582107443e-01	1.643166497186719088e-01	2.543698138971234868e-01	1.521481404375226720e-01	7.205397886473530189e-02	2.941608389260805256e-02	7.643721513089757336e-02
1.175578161918233945e+03	2.510480830141399999e-01	1.641842590721063755e-01	2.545159099649282886e-01	1.522338189541225795e-01	7.208644190793145334e-02	2.943839746951107395e-02	7.649308961703003840e-02
1.177029492982330339e+03	2.508384164183765641e-01	1.640520787224078181e-01	2.546617406265665462e-01	1.523193575698807423e-01	7.211884751004773997e-02	2.946068682376730072e-02	7.654887232872310820e-02
1.178480824046426733e+03	2.506291176256372211e-01	1.639201083306296158e-01	2.548073063436084307e-01	1.524047565443462648e-01	7.215119579150951201e-02	2.948295195388775380e-02	7.660456341015096926e-02
1.179932155110523581e+03	2.504201859917876694e-01	1.637883475583717108e-01	2.549526075768395739e-01	1.524900161363399453e-01	7.218348687245536299e-02	2.950519285854210499e-02	7.666016300543340711e-02
1.181383486174620202e+03	2.502116208738401348e-01	1.636567960677796918e-01	2.550976447862626229e-01	1.525751366039585222e-01	7.221572087273796237e-02	2.952740953655772979e-02	7.671567125863319736e-02
1.182834817238716823e+03	2.500034216299512058e-01	1.635254535215439897e-01	2.552424184310983502e-01	1.526601182045792260e-01	7.224789791192480493e-02	2.954960198691880882e-02	7.677108831375346887e-02
1.184286148302813444e+03	2.497955876194197511e-01	1.633943195828990169e-01	2.553869289697874856e-01	1.527449611948640262e-01	7.228001810929900184e-02	2.957177020876542578e-02	7.682641431473515026e-02
1.185737479366910065e+03	2.495881182026845613e-01	1.632633939156223346e-01	2.555311768599917710e-01	1.528296658307640998e-01	7.231208158386004392e-02	2.959391420139264109e-02	7.688164940545440251e-02
1.187188810431006686e+03	2.493810127413222666e-01	1.631326761840337092e-01	2.556751625585954590e-01	1.529142323675239945e-01	7.234408845432456492e-02	2.961603396424963147e-02	7.693679372972017649e-02
1.188640141495103080e+03	2.491742705980450889e-01	1.630021660529944738e-01	2.558188865217067565e-01	1.529986610596859031e-01	7.237603883912714642e-02	2.963812949693876014e-02	7.699184743127168717e-02
1.190091472559199701e+03	2.489678911366987324e-01	1.628718631879063627e-01	2.559623492046591009e-01	1.530829521610938826e-01	7.240793285642102561e-02	2.966020079921470945e-02	7.704681065377605442e-02
1.191542803623296322e+03	2.487618737222601073e-01	1.627417672547109284e-01	2.561055510620125486e-01	1.531671059248979616e-01	7.243977062407891410e-02	2.968224787098360309e-02	7.710168354082586051e-02
1.192994134687392716e+03	2.485562177208351931e-01	1.626118779198885422e-01	2.562484925475552178e-01	1.532511226035582763e-01	7.247155225969376113e-02	2.970427071230210062e-02	7.715646623593686027e-02
1.194445465751489564e+03	2.483509224996569564e-01	1.624821948504576452e-01	2.563911741143046208e-01	1.533350024488490948e-01	7.250327788057946143e-02	2.972626932337655431e-02	7.721115888254562187e-02
1.195896796815585958e+03	2.481459874270830757e-01	1.623527177139738042e-01	2.565335962145090520e-01	1.534187457118629250e-01	7.253494760377164619e-02	2.974824370456212452e-02	7.726576162400732029e-02
1.197348127879682352e+03	2.479414118725938865e-01	1.622234461785288795e-01	2.566757592996490311e-01	1.535023526430144003e-01	7.256656154602843245e-02	2.977019385636191923e-02	7.732027460359339188e-02
1.198799458943779200e+03	2.477371952067901340e-01	1.620943799127502749e-01	2.568176638204384132e-01	1.535858234920442766e-01	7.259811982383121420e-02	2.979211977942613707e-02	7.737469796448946668e-02
1.200250790007875821e+03	2.475333368013908908e-01	1.619655185858000779e-01	2.569593102268259432e-01	1.536691585080233458e-01	7.262962255338534234e-02	2.981402147455119653e-02	7.742903184979307851e-02
1.201702121071972442e+03	2.473298360292315035e-01	1.618368618673740877e-01	2.571006989679966437e-01	1.537523579393562378e-01	7.266106985062090184e-02	2.983589894267890674e-02	7.748327640251162496e-02
1.203153452136069063e+03	2.471266922642612884e-01	1.617084094277010664e-01	2.572418304923729804e-01	1.538354220337853351e-01	7.269246183119344729e-02	2.985775218489561053e-02	7.753743176556018857e-02
1.204604783200165684e+03	2.469239048815414783e-01	1.615801609375419612e-01	2.573827052476163613e-01	1.539183510383944908e-01	7.272379861048479388e-02	2.987958120243134827e-02	7.759149808175951069e-02
1.206056114264262078e+03	2.467214732572431679e-01	1.614521160681889056e-01	2.575233236806283021e-01	1.540011451996127767e-01	7.275508030360369749e-02	2.990138599665901134e-02	7.764547549383397917e-02
1.207507445328358699e+03	2.465193967686451770e-01	1.613242744914645810e-01	2.576636862375520920e-01	1.540838047632182295e-01	7.278630702538663177e-02	2.992316656909352335e-02	7.769936414440958838e-02
1.208958776392455093e+03	2.463176747941318578e-01	1.611966358797212173e-01	2.578037933637737367e-01	1.541663299743415427e-01	7.281747889039849597e-02	2.994492292139099704e-02	7.775316417601196850e-02
1.210410107456551941e+03	2.461163067131910132e-01	1.610691999058397883e-01	2.579436455039236242e-01	1.542487210774696749e-01	7.284859601293333653e-02	2.996665505534792245e-02	7.780687573106447041e-02
1.211861438520648335e+03	2.459152919064119258e-01	1.609419662432292342e-01	2.580832431018775797e-01	1.543309783164493743e-01	7.287965850701515202e-02	2.998836297290034467e-02	7.786049895188625058e-02
1.213312769584745183e+03	2.457146297554831382e-01	1.608149345658256291e-01	2.582225866007583082e-01	1.544131019344908706e-01	7.291066648639853154e-02	3.001004667612304153e-02	7.791403398069038366e-02
1.214764100648841804e+03	2.455143196431903985e-01	1.606881045480912096e-01	2.583616764429366719e-01	1.544950921741713723e-01	7.294162006456943181e-02	3.003170616722872915e-02	7.796748095958204450e-02
1.216215431712937971e+03	2.453143609534146063e-01	1.605614758650137641e-01	2.585005130700331888e-01	1.545769492774384524e-01	7.297251935474591278e-02	3.005334144856723622e-02	7.802084003055664851e-02
1.217666762777034819e+03	2.451147530711296485e-01	1.604350481921056892e-01	2.586390969229191428e-01	1.546586734856137124e-01	7.300336446987880368e-02	3.007495252262471636e-02	7.807411133549813087e-02
1.219118093841131440e+03	2.449154953824004277e-01	1.603088212054031014e-01	2.587774284417178605e-01	1.547402650393960577e-01	7.303415552265246635e-02	3.009653939202283635e-02	7.812729501617710071e-02
1.220569424905228061e+03	2.447165872743808090e-01	1.601827945814651155e-01	2.589155080658060992e-01	1.548217241788651111e-01	7.306489262548551689e-02	3.011810205951799893e-02	7.818039121424918969e-02
1.222020755969324682e+03	2.445180281353113994e-01	1.600569679973729842e-01	2.590533362338155454e-01	1.549030511434845714e-01	7.309557589053149174e-02	3.013964052800054486e-02	7.823340007125331730e-02
1.223472087033421303e+03	2.443198173545177154e-01	1.599313411307292654e-01	2.591909133836336476e-01	1.549842461721055997e-01	7.312620542967962489e-02	3.016115480049396183e-02	7.828632172861003935e-02
1.224923418097517697e+03	2.441219543224079636e-01	1.598059136596569341e-01	2.593282399524054482e-01	1.550653095029700113e-01	7.315678135455551401e-02	3.018264488015411084e-02	7.833915632761985492e-02
1.226374749161614318e+03	2.439244384304710689e-01	1.596806852627987161e-01	2.594653163765344162e-01	1.551462413737136892e-01	7.318730377652182817e-02	3.020411077026844901e-02	7.839190400946166593e-02
1.227826080225710712e+03	2.437272690712745937e-01	1.595556556193161446e-01	2.596021430916839456e-01	1.552270420213696656e-01	7.321777280667905730e-02	3.022555247425525587e-02	7.844456491519113950e-02
1.229277411289807560e+03	2.435304456384627392e-01	1.594308244088887550e-01	2.597387205327787996e-01	1.553077116823714243e-01	7.324818855586615052e-02	3.024696999566285627e-02	7.849713918573912597e-02
1.230728742353903954e+03	2.433339675267542912e-01	1.593061913117133355e-01	2.598750491340059421e-01	1.553882505925559543e-01	7.327855113466129333e-02	3.026836333816886049e-02	7.854962696191013227e-02
1.232180073418000802e+03	2.431378341319406222e-01	1.591817560085029837e-01	2.600111293288163705e-01	1.554686589871669689e-01	7.330886065338254598e-02	3.028973250557941491e-02	7.860202838438090645e-02
1.233631404482097196e+03	2.429420448508836372e-01	1.590575181804864124e-01	2.601469615499259480e-01	1.555489371008580424e-01	7.333911722208856510e-02	3.031107750182842134e-02	7.865434359369878614e-02
1.235082735546193817e+03	2.427465990815137753e-01	1.589334775094070895e-01	2.602825462293168468e-01	1.556290851676956355e-01	7.336932095057926984e-02	3.033239833097680152e-02	7.870657273028036638e-02
1.236534066610290438e+03	2.425514962228280391e-01	1.588096336775223771e-01	2.604178837982388806e-01	1.557091034211621483e-01	7.339947194839659128e-02	3.035369499721174424e-02	7.875871593441000074e-02
1.237985397674387059e+03	2.423567356748878854e-01	1.586859863676027826e-01	2.605529746872106145e-01	1.557889920941589457e-01	7.342957032482512469e-02	3.037496750484595248e-02	7.881077334623842745e-02
1.239436728738483680e+03	2.421623168388173097e-01	1.585625352629311813e-01	2.606878193260208088e-01	1.558687514190093271e-01	7.345961618889279565e-02	3.039621585831691133e-02	7.886274510578136776e-02
1.240888059802580301e+03	2.419682391168008206e-01	1.584392800473019003e-01	2.608224181437294731e-01	1.559483816274615242e-01	7.348960964937163720e-02	3.041744006218614557e-02	7.891463135291815201e-02
1.242339390866676695e+03	2.417745019120814964e-01	1.583162204050199418e-01	2.609567715686694211e-01	1.560278829506915876e-01	7.351955081477835885e-02	3.043864012113847370e-02	7.896643222739038737e-02
1.243790721930773088e+03	2.415811046289589037e-01	1.581933560209001777e-01	2.610908800284471032e-01	1.561072556193063565e-01	7.354943979337509596e-02	3.045981603998131060e-02	7.901814786880065333e-02
1.245242052994869937e+03	2.413880466727872376e-01	1.580706865802666283e-01	2.612247439499442714e-01	1.561864998633462898e-01	7.357927669317007591e-02	3.048096782364390772e-02	7.906977841661121109e-02
1.246693384058966330e+03	2.411953274499732125e-01	1.579482117689515464e-01	2.613583637593188680e-01	1.562656159122882971e-01	7.360906162191831192e-02	3.050209547717663838e-02	7.912132401014269900e-02
1.248144715123063179e+03	2.410029463679741746e-01	1.578259312732946396e-01	2.614917398820066352e-01	1.563446039950485977e-01	7.363879468712225540e-02	3.052319900575029693e-02	7.917278478857292523e-02
1.249596046187159800e+03	2.408109028352961312e-01	1.577038447801422938e-01	2.616248727427221699e-01	1.564234643399855518e-01	7.366847599603246199e-02	3.054427841465535975e-02	7.922416089093561875e-02
1.251047377251256421e+03	2.406191962614917523e-01	1.575819519768467680e-01	2.617577627654599226e-01	1.565021971749023522e-01	7.369810565564827165e-02	3.056533370930127752e-02	7.927545245611923586e-02
1.252498708315352815e+03	2.404278260571584558e-01	1.574602525512653339e-01	2.618904103734959188e-01	1.565808027270498282e-01	7.372768377271854412e-02	3.058636489521578475e-02	7.932665962286576666e-02
1.253950039379449436e+03	2.402367916339364085e-01	1.573387461917594987e-01	2.620228159893886466e-01	1.566592812231290821e-01	7.375721045374218632e-02	3.060737197804417123e-02	7.937778252976961102e-02
1.255401370443546057e+03	2.400460924045066113e-01	1.572174325871943390e-01	2.621549800349803894e-01	1.567376328892943482e-01	7.378668580496895724e-02	3.062835496354860895e-02	7.942882131527635725e-02
1.256852701507642678e+03	2.398557277825889289e-01	1.570963114269375571e-01	2.622869029313983913e-01	1.568158579511554351e-01	7.381610993240005081e-02	3.064931385760742352e-02	7.947977611768176909e-02
1.258304032571739299e+03	2.396656971829402294e-01	1.569753824008585930e-01	2.624185850990563007e-01	1.568939566337805847e-01	7.384548294178877592e-02	3.067024866621442802e-02	7.953064707513059217e-02
1.259755363635835920e+03	2.394760000213523032e-01	1.568546451993280966e-01	2.625500269576551693e-01	1.569719291616989976e-01	7.387480493864120867e-02	3.069115939547820485e-02	7.958143432561552710e-02
1.261206694699932314e+03	2.392866357146500589e-01	1.567340995132169845e-01	2.626812289261845623e-01	1.570497757589033316e-01	7.390407602821690014e-02	3.071204605162145343e-02	7.963213800697617473e-02
1.262658025764028707e+03	2.390976036806895799e-01	1.566137450338955517e-01	2.628121914229241685e-01	1.571274966488524494e-01	7.393329631552944536e-02	3.073290864098027209e-02	7.968275825689796754e-02
1.264109356828125556e+03	2.389089033383561267e-01	1.564935814532328606e-01	2.629429148654447435e-01	1.572050920544738883e-01	7.396246590534720500e-02	3.075374717000350921e-02	7.973329521291114275e-02
1.265560687892221949e+03	2.387205341075622766e-01	1.563736084635958257e-01	2.630733996706092204e-01	1.572825621981663313e-01	7.399158490219394368e-02	3.077456164525205901e-02	7.978374901238979855e-02
1.267012018956318798e+03	2.385324954092460092e-01	1.562538257578485468e-01	2.632036462545742084e-01	1.573599073018022154e-01	7.402065341034944068e-02	3.079535207339820918e-02	7.983411979255085333e-02
1.268463350020415419e+03	2.383447866653688463e-01	1.561342330293513103e-01	2.633336550327908809e-01	1.574371275867301745e-01	7.404967153385019762e-02	3.081611846122496098e-02	7.988440769045307421e-02
1.269914681084511813e+03	2.381574072989138258e-01	1.560148299719600617e-01	2.634634264200066411e-01	1.575142232737773429e-01	7.407863937649000752e-02	3.083686081562536999e-02	7.993461284299623049e-02
1.271366012148608434e+03	2.379703567338836701e-01	1.558956162800253786e-01	2.635929608302657878e-01	1.575911945832520755e-01	7.410755704182069026e-02	3.085757914360187648e-02	7.998473538692001117e-02
1.272817343212705055e+03	2.377836343952990095e-01	1.557765916483918878e-01	2.637222586769109589e-01	1.576680417349461405e-01	7.413642463315264775e-02	3.087827345226565323e-02	8.003477545880324784e-02
1.274268674276801676e+03	2.375972397091962174e-01	1.556577557723973215e-01	2.638513203725843526e-01	1.577447649481371339e-01	7.416524225355555777e-02	3.089894374883593586e-02	8.008473319506297095e-02
1.275720005340898297e+03	2.374111721026258004e-01	1.555391083478718794e-01	2.639801463292290040e-01	1.578213644415909223e-01	7.419401000585899852e-02	3.091959004063939143e-02	8.013460873195352163e-02
1.277171336404994690e+03	2.372254310036503444e-01	1.554206490711372290e-01	2.641087369580897293e-01	1.578978404335639740e-01	7.422272799265305920e-02	3.094021233510944879e-02	8.018440220556571907e-02
1.278622667469091539e+03	2.370400158413427383e-01	1.553023776390060340e-01	2.642370926697143463e-01	1.579741931418056355e-01	7.425139631628902004e-02	3.096081063978566375e-02	8.023411375182604166e-02
1.280073998533187932e+03	2.368549260457842309e-01	1.551842937487808993e-01	2.643652138739551183e-01	1.580504227835605180e-01	7.428001507887993515e-02	3.098138496231307021e-02	8.028374350649571112e-02
1.281525329597284326e+03	2.366701610480626272e-01	1.550663970982537054e-01	2.644931009799696975e-01	1.581265295755706624e-01	7.430858438230132645e-02	3.100193531044154877e-02	8.033329160516997081e-02
1.282976660661381175e+03	2.364857202802702896e-01	1.549486873857048863e-01	2.646207543962222908e-01	1.582025137340778986e-01	7.433710432819171099e-02	3.102246169202517792e-02	8.038275818327728084e-02
1.284427991725477568e+03	2.363016031755024726e-01	1.548311643099025414e-01	2.647481745304849365e-01	1.582783754748260940e-01	7.436557501795330871e-02	3.104296411502161998e-02	8.043214337607854092e-02
1.285879322789574417e+03	2.361178091678553248e-01	1.547138275701016585e-01	2.648753617898388368e-01	1.583541150130633179e-01	7.439399655275265311e-02	3.106344258749146187e-02	8.048144731866629931e-02
1.287330653853671038e+03	2.359343376924240288e-01	1.545966768660435031e-01	2.650023165806750791e-01	1.584297325635440346e-01	7.442236903352118793e-02	3.108389711759761143e-02	8.053067014596404505e-02
1.288781984917767431e+03	2.357511881853011082e-01	1.544797118979546191e-01	2.651290393086963015e-01	1.585052283405314066e-01	7.445069256095591947e-02	3.110432771360467294e-02	8.057981199272543082e-02
1.290233315981864052e+03	2.355683600835744296e-01	1.543629323665462738e-01	2.652555303789173591e-01	1.585806025577993217e-01	7.447896723551999942e-02	3.112473438387831567e-02	8.062887299353364845e-02
