1.001418434226643626e+03	2.791541185803539382e-01	1.816081295379581573e-01	2.349620648846931781e-01	1.408703371261567083e-01	6.773411124444160547e-02	2.659088338195224333e-02	6.908035524421572704e-02
1.002869765290740247e+03	2.788963537862107489e-01	1.814471135435852811e-01	2.351433726573942118e-01	1.409748206065873366e-01	6.777427450925795072e-02	2.661597205921107170e-02	6.914809283752497426e-02
1.004321096354836754e+03	2.786390463432851239e-01	1.812863494714125334e-01	2.353243537442552824e-01	1.410791269496512457e-01	6.781436374225516261e-02	2.664103778809682327e-02	6.921572196081533790e-02
1.005772427418933376e+03	2.783821954267533538e-01	1.811258369328390405e-01	2.355050087080894916e-01	1.411832565487488311e-01	6.785437910756676738e-02	2.666608054189254992e-02	6.928324273388147825e-02
1.007223758483029997e+03	2.781258002133584206e-01	1.809655755398370258e-01	2.356853381107436862e-01	1.412872097954616102e-01	6.789432076890426770e-02	2.669110029419017802e-02	6.935065527727631018e-02
1.008675089547126618e+03	2.778698598814066112e-01	1.808055649049512548e-01	2.358653425131005676e-01	1.413909870795695689e-01	6.793418888955837787e-02	2.671609701888864180e-02	6.941795971229644535e-02
1.010126420611223239e+03	2.776143736107638538e-01	1.806458046412982854e-01	2.360450224750808845e-01	1.414945887890684539e-01	6.797398363240031438e-02	2.674107069019204808e-02	6.948515616096767600e-02
1.011577751675319632e+03	2.773593405828518876e-01	1.804862943625656357e-01	2.362243785556455700e-01	1.415980153101867034e-01	6.801370515988304499e-02	2.676602128260787208e-02	6.955224474603083351e-02
1.013029082739416367e+03	2.771047599806448214e-01	1.803270336830112286e-01	2.364034113127976844e-01	1.417012670274024055e-01	6.805335363404257931e-02	2.679094877094512911e-02	6.961922559092774410e-02
1.014480413803512761e+03	2.768506309886654138e-01	1.801680222174625035e-01	2.365821213035848303e-01	1.418043443234596468e-01	6.809292921649917618e-02	2.681585313031258772e-02	6.968609881978740650e-02
1.015931744867609382e+03	2.765969527929816318e-01	1.800092595813158058e-01	2.367605090841009841e-01	1.419072475793850818e-01	6.813243206845864819e-02	2.684073433611698298e-02	6.975286455741236402e-02
1.017383075931706003e+03	2.763437245812030429e-01	1.798507453905356657e-01	2.369385752094886888e-01	1.420099771745040595e-01	6.817186235071356903e-02	2.686559236406124013e-02	6.981952292926524306e-02
1.018834406995802851e+03	2.760909455424771508e-01	1.796924792616539923e-01	2.371163202339410248e-01	1.421125334864565548e-01	6.821122022364449478e-02	2.689042719014272595e-02	6.988607406145552758e-02
1.020285738059899245e+03	2.758386148674860094e-01	1.795344608117694085e-01	2.372937447107038855e-01	1.422149168912130446e-01	6.825050584722122671e-02	2.691523879065148631e-02	6.995251808072641686e-02
1.021737069123995752e+03	2.755867317484424484e-01	1.793766896585465842e-01	2.374708491920777542e-01	1.423171277630900788e-01	6.828971938100408812e-02	2.694002714216850794e-02	7.001885511444204402e-02
1.023188400188092373e+03	2.753352953790868529e-01	1.792191654202153483e-01	2.376476342294198962e-01	1.424191664747655739e-01	6.832886098414504839e-02	2.696479222156401498e-02	7.008508529057470848e-02
1.024639731252188767e+03	2.750843049546835561e-01	1.790618877155701338e-01	2.378241003731463854e-01	1.425210333972942445e-01	6.836793081538902750e-02	2.698953400599573074e-02	7.015120873769234433e-02
1.026091062316285615e+03	2.748337596720173970e-01	1.789048561639691448e-01	2.380002481727340469e-01	1.426227289001223697e-01	6.840692903307507566e-02	2.701425247290718465e-02	7.021722558494618294e-02
1.027542393380382237e+03	2.745836587293901121e-01	1.787480703853337183e-01	2.381760781767225388e-01	1.427242533511028921e-01	6.844585579513760842e-02	2.703894760002602260e-02	7.028313596205852665e-02
1.028993724444478858e+03	2.743340013266170607e-01	1.785915300001475747e-01	2.383515909327161841e-01	1.428256071165099061e-01	6.848471125910755852e-02	2.706361936536233470e-02	7.034893999931080000e-02
1.030445055508575479e+03	2.740847866650236164e-01	1.784352346294560687e-01	2.385267869873861912e-01	1.429267905610532574e-01	6.852349558211365266e-02	2.708826774720697259e-02	7.041463782753165646e-02
1.031896386572671872e+03	2.738360139474420030e-01	1.782791838948654950e-01	2.387016668864724300e-01	1.430278040478926982e-01	6.856220892088357721e-02	2.711289272412989795e-02	7.048022957808533495e-02
1.033347717636768493e+03	2.735876823782075751e-01	1.781233774185422836e-01	2.388762311747855138e-01	1.431286479386522370e-01	6.860085143174515787e-02	2.713749427497853806e-02	7.054571538286011356e-02
1.034799048700865114e+03	2.733397911631556543e-01	1.779678148232124724e-01	2.390504803962086866e-01	1.432293225934339054e-01	6.863942327062758086e-02	2.716207237887615158e-02	7.061109537425701299e-02
1.036250379764961508e+03	2.730923395096179207e-01	1.778124957321608191e-01	2.392244150936997105e-01	1.433298283708316911e-01	6.867792459306257258e-02	2.718662701522019803e-02	7.067636968517850005e-02
1.037701710829058356e+03	2.728453266264194710e-01	1.776574197692301349e-01	2.393980358092929472e-01	1.434301656279450277e-01	6.871635555418553754e-02	2.721115816368072440e-02	7.074153844901759358e-02
1.039153041893154750e+03	2.725987517238748770e-01	1.775025865588205076e-01	2.395713430841011626e-01	1.435303347203924218e-01	6.875471630873679352e-02	2.723566580419877273e-02	7.080660179964685941e-02
1.040604372957251599e+03	2.723526140137854656e-01	1.773479957258887463e-01	2.397443374583174136e-01	1.436303360023246101e-01	6.879300701106270954e-02	2.726014991698477372e-02	7.087155987140775215e-02
1.042055704021347992e+03	2.721069127094353224e-01	1.771936468959474653e-01	2.399170194712170467e-01	1.437301698264377425e-01	6.883122781511691324e-02	2.728461048251696816e-02	7.093641279909999875e-02
1.043507035085444613e+03	2.718616470255885709e-01	1.770395396950644740e-01	2.400893896611595579e-01	1.438298365439863724e-01	6.886937887446137330e-02	2.730904748153983527e-02	7.100116071797125950e-02
1.044958366149541234e+03	2.716168161784858204e-01	1.768856737498620268e-01	2.402614485655904519e-01	1.439293365047962514e-01	6.890746034226767625e-02	2.733346089506252796e-02	7.106580376370670582e-02
1.046409697213637855e+03	2.713724193858408906e-01	1.767320486875161023e-01	2.404331967210430743e-01	1.440286700572770417e-01	6.894547237131806727e-02	2.735785070435732894e-02	7.113034207241901441e-02
1.047861028277734476e+03	2.711284558668373146e-01	1.765786641357557363e-01	2.406046346631405819e-01	1.441278375484347507e-01	6.898341511400668535e-02	2.738221689095809985e-02	7.119477578063833356e-02
1.049312359341831097e+03	2.708849248421255629e-01	1.764255197228622174e-01	2.407757629265977195e-01	1.442268393238841651e-01	6.902128872234065959e-02	2.740655943665875477e-02	7.125910502530238833e-02
1.050763690405927491e+03	2.706418255338194356e-01	1.762726150776684209e-01	2.409465820452227069e-01	1.443256757278610358e-01	6.905909334794128884e-02	2.743087832351173358e-02	7.132332994374684931e-02
1.052215021470024112e+03	2.703991571654928983e-01	1.761199498295581145e-01	2.411170925519190156e-01	1.444243471032340687e-01	6.909682914204513804e-02	2.745517353382648587e-02	7.138745067369570152e-02
1.053666352534120733e+03	2.701569189621768619e-01	1.759675236084652372e-01	2.412872949786872556e-01	1.445228537915170253e-01	6.913449625550521782e-02	2.747944505016798600e-02	7.145146735325183518e-02
1.055117683598217127e+03	2.699151101503561301e-01	1.758153360448730385e-01	2.414571898566269803e-01	1.446211961328802698e-01	6.917209483879209475e-02	2.750369285535521693e-02	7.151538012088776153e-02
1.056569014662313975e+03	2.696737299579657354e-01	1.756633867698136064e-01	2.416267777159384622e-01	1.447193744661625925e-01	6.920962504199500154e-02	2.752791693245969923e-02	7.157918911543637019e-02
1.058020345726410369e+03	2.694327776143883302e-01	1.755116754148669522e-01	2.417960590859245529e-01	1.448173891288826176e-01	6.924708701482303053e-02	2.755211726480401649e-02	7.164289447608197803e-02
1.059471676790506763e+03	2.691922523504506337e-01	1.753602016121603713e-01	2.419650344949924314e-01	1.449152404572501551e-01	6.928448090660611902e-02	2.757629383596034781e-02	7.170649634235135017e-02
1.060923007854603611e+03	2.689521533984204904e-01	1.752089649943677774e-01	2.421337044706554642e-01	1.450129287861774696e-01	6.932180686629631217e-02	2.760044662974900712e-02	7.176999485410497093e-02
1.062374338918700232e+03	2.687124799920034834e-01	1.750579651947088144e-01	2.423020695395347868e-01	1.451104544492902715e-01	6.935906504246876214e-02	2.762457563023700685e-02	7.183339015152835627e-02
1.063825669982796853e+03	2.684732313663398817e-01	1.749072018469484124e-01	2.424701302273613301e-01	1.452078177789388191e-01	6.939625558332289390e-02	2.764868082173661465e-02	7.189668237512350513e-02
1.065277001046893474e+03	2.682344067580016422e-01	1.747566745853958159e-01	2.426378870589774306e-01	1.453050191062086327e-01	6.943337863668350152e-02	2.767276218880392394e-02	7.195987166570051718e-02
1.066728332110990095e+03	2.679960054049890794e-01	1.746063830449040288e-01	2.428053405583385782e-01	1.454020587609311799e-01	6.947043435000181677e-02	2.769681971623744188e-02	7.202295816436928011e-02
1.068179663175086489e+03	2.677580265467279785e-01	1.744563268608690099e-01	2.429724912485152488e-01	1.454989370716944785e-01	6.950742287035666100e-02	2.772085338907666688e-02	7.208594201253129552e-02
1.069630994239183110e+03	2.675204694240663761e-01	1.743065056692290060e-01	2.431393396516945415e-01	1.455956543658536162e-01	6.954434434445547208e-02	2.774486319260069389e-02	7.214882335187162987e-02
1.071082325303279504e+03	2.672833332792714511e-01	1.741569191064638311e-01	2.433058862891819552e-01	1.456922109695408807e-01	6.958119891863541462e-02	2.776884911232681621e-02	7.221160232435096249e-02
1.072533656367376352e+03	2.670466173560264722e-01	1.740075668095941996e-01	2.434721316814031367e-01	1.457886072076760853e-01	6.961798673886447630e-02	2.779281113400915854e-02	7.227427907219778624e-02
1.073984987431472746e+03	2.668103208994277442e-01	1.738584484161809496e-01	2.436380763479055467e-01	1.458848434039766440e-01	6.965470795074252264e-02	2.781674924363726834e-02	7.233685373790066375e-02
1.075436318495569594e+03	2.665744431559816108e-01	1.737095635643241820e-01	2.438037208073601803e-01	1.459809198809674802e-01	6.969136269950244877e-02	2.784066342743478709e-02	7.239932646420062234e-02
1.076887649559666215e+03	2.663389833736012902e-01	1.735609118926629280e-01	2.439690655775632877e-01	1.460768369599908523e-01	6.972795113001112322e-02	2.786455367185805901e-02	7.246169739408366006e-02
1.078338980623762609e+03	2.661039408016040442e-01	1.734124930403742049e-01	2.441341111754381232e-01	1.461725949612160957e-01	6.976447338677053966e-02	2.788841996359479533e-02	7.252396667077340431e-02
1.079790311687859230e+03	2.658693146907079030e-01	1.732643066471722115e-01	2.442988581170364437e-01	1.462681942036492266e-01	6.980092961391889950e-02	2.791226228956273508e-02	7.258613443772378437e-02
1.081241642751955851e+03	2.656351042930289452e-01	1.731163523533078008e-01	2.444633069175403406e-01	1.463636350051424617e-01	6.983731995523161096e-02	2.793608063690830243e-02	7.264820083861182887e-02
1.082692973816052472e+03	2.654013088620779115e-01	1.729686297995676747e-01	2.446274580912638774e-01	1.464589176824035166e-01	6.987364455412237163e-02	2.795987499300528131e-02	7.271016601733068518e-02
1.084144304880149093e+03	2.651679276527575957e-01	1.728211386272737182e-01	2.447913121516546997e-01	1.465540425510049316e-01	6.990990355364422315e-02	2.798364534545350404e-02	7.277203011798255572e-02
1.085595635944245487e+03	2.649349599213598472e-01	1.726738784782822500e-01	2.449548696112958390e-01	1.466490099253932311e-01	6.994609709649060592e-02	2.800739168207753635e-02	7.283379328487192550e-02
1.087046967008342108e+03	2.647024049255622402e-01	1.725268489949833561e-01	2.451181309819071841e-01	1.467438201188979718e-01	6.998222532499641380e-02	2.803111399092537981e-02	7.289545566249869268e-02
1.088498298072438729e+03	2.644702619244254649e-01	1.723800498203001963e-01	2.452810967743472292e-01	1.468384734437405970e-01	7.001828838113899334e-02	2.805481226026717081e-02	7.295701739555157661e-02
1.089949629136535123e+03	2.642385301783902185e-01	1.722334805976882266e-01	2.454437674986146845e-01	1.469329702110434288e-01	7.005428640653922623e-02	2.807848647859389687e-02	7.301847862890152585e-02
1.091400960200631971e+03	2.640072089492744856e-01	1.720871409711345057e-01	2.456061436638500850e-01	1.470273107308382732e-01	7.009021954246255626e-02	2.810213663461612679e-02	7.307983950759519565e-02
1.092852291264728365e+03	2.637762975002702071e-01	1.719410305851570564e-01	2.457682257783374291e-01	1.471214953120752178e-01	7.012608792982001626e-02	2.812576271726273391e-02	7.314110017684861964e-02
1.094303622328825213e+03	2.635457950959407825e-01	1.717951490848040330e-01	2.459300143495058433e-01	1.472155242626309035e-01	7.016189170916922735e-02	2.814936471567962284e-02	7.320226078204090936e-02
1.095754953392921607e+03	2.633157010022179056e-01	1.716494961156531662e-01	2.460915098839310533e-01	1.473093978893172118e-01	7.019763102071546745e-02	2.817294261922849083e-02	7.326332146870806472e-02
1.097206284457018228e+03	2.630860144863986783e-01	1.715040713238110137e-01	2.462527128873371884e-01	1.474031164978894248e-01	7.023330600431265669e-02	2.819649641748556493e-02	7.332428238253681230e-02
1.098657615521114849e+03	2.628567348171430007e-01	1.713588743559121830e-01	2.464136238645982246e-01	1.474966803930545245e-01	7.026891679946439817e-02	2.822002610024037725e-02	7.338514366935866562e-02
1.100108946585211470e+03	2.626278612644703525e-01	1.712139048591186652e-01	2.465742433197395667e-01	1.475900898784794080e-01	7.030446354532499109e-02	2.824353165749451597e-02	7.344590547514392997e-02
1.101560277649308091e+03	2.623993930997570168e-01	1.710691624811190859e-01	2.467345717559397966e-01	1.476833452567988259e-01	7.033994638070042993e-02	2.826701307946041103e-02	7.350656794599588761e-02
1.103011608713404712e+03	2.621713295957333600e-01	1.709246468701281774e-01	2.468946096755320896e-01	1.477764468296233202e-01	7.037536544404940364e-02	2.829047035656010942e-02	7.356713122814508010e-02
1.104462939777501106e+03	2.619436700264806683e-01	1.707803576748858632e-01	2.470543575800058234e-01	1.478693948975472183e-01	7.041072087348430875e-02	2.831390347942407126e-02	7.362759546794353516e-02
1.105914270841597499e+03	2.617164136674288710e-01	1.706362945446566748e-01	2.472138159700081605e-01	1.479621897601562375e-01	7.044601280677226240e-02	2.833731243888994514e-02	7.368796081185929880e-02
1.107365601905694348e+03	2.614895597953530992e-01	1.704924571292290580e-01	2.473729853453456307e-01	1.480548317160353122e-01	7.048124138133607386e-02	2.836069722600140230e-02	7.374822740647085650e-02
1.108816932969790741e+03	2.612631076883712433e-01	1.703488450789145126e-01	2.475318662049856844e-01	1.481473210627761439e-01	7.051640673425524364e-02	2.838405783200691895e-02	7.380839539846170694e-02
1.110268264033887590e+03	2.610370566259410108e-01	1.702054580445470922e-01	2.476904590470581924e-01	1.482396580969845279e-01	7.055150900226697663e-02	2.840739424835861393e-02	7.386846493461506069e-02
1.111719595097984211e+03	2.608114058888570397e-01	1.700622956774826000e-01	2.478487643688569997e-01	1.483318431142880700e-01	7.058654832176711191e-02	2.843070646671105872e-02	7.392843616180851118e-02
1.113170926162080832e+03	2.605861547592484007e-01	1.699193576295979780e-01	2.480067826668415631e-01	1.484238764093432639e-01	7.062152482881117743e-02	2.845399447892010825e-02	7.398830922700894153e-02
1.114622257226177226e+03	2.603613025205753773e-01	1.697766435532904183e-01	2.481645144366382838e-01	1.485157582758429295e-01	7.065643865911531984e-02	2.847725827704174553e-02	7.404808427726730646e-02
1.116073588290273847e+03	2.601368484576271345e-01	1.696341531014769199e-01	2.483219601730422554e-01	1.486074890065232079e-01	7.069128994805727595e-02	2.850049785333092986e-02	7.410776145971367801e-02
1.117524919354370468e+03	2.599127918565186102e-01	1.694918859275933443e-01	2.484791203700185969e-01	1.486990688931707494e-01	7.072607883067739964e-02	2.852371320024042756e-02	7.416734092155226332e-02
1.118976250418467089e+03	2.596891320046879614e-01	1.693498416855938604e-01	2.486359955207041450e-01	1.487904982266296805e-01	7.076080544167955011e-02	2.854690431041969484e-02	7.422682281005650584e-02
1.120427581482563710e+03	2.594658681908936226e-01	1.692080200299502790e-01	2.487925861174087871e-01	1.488817772968085151e-01	7.079546991543214651e-02	2.857007117671372942e-02	7.428620727256431133e-02
1.121878912546660331e+03	2.592429997052119184e-01	1.690664206156511917e-01	2.489488926516170986e-01	1.489729063926870101e-01	7.083007238596904231e-02	2.859321379216193948e-02	7.434549445647324617e-02
1.123330243610756725e+03	2.590205258390338439e-01	1.689250430982014162e-01	2.491049156139897303e-01	1.490638858023229374e-01	7.086461298699056610e-02	2.861633214999702302e-02	7.440468450923591603e-02
1.124781574674853118e+03	2.587984458850627889e-01	1.687838871336212743e-01	2.492606554943649910e-01	1.491547158128587458e-01	7.089909185186438201e-02	2.863942624364385764e-02	7.446377757835538624e-02
1.126232905738949967e+03	2.585767591373114849e-01	1.686429523784458429e-01	2.494161127817603740e-01	1.492453967105281387e-01	7.093350911362657218e-02	2.866249606671839034e-02	7.452277381138058820e-02
1.127684236803046360e+03	2.583554648910996177e-01	1.685022384897243430e-01	2.495712879643739168e-01	1.493359287806627078e-01	7.096786490498246947e-02	2.868554161302651687e-02	7.458167335590189240e-02
1.129135567867143209e+03	2.581345624430507191e-01	1.683617451250193353e-01	2.497261815295857001e-01	1.494263123076983446e-01	7.100215935830765657e-02	2.870856287656300618e-02	7.464047635954672300e-02
1.130586898931239830e+03	2.579140510910899464e-01	1.682214719424061367e-01	2.498807939639593745e-01	1.495165475751815132e-01	7.103639260564886815e-02	2.873155985151040412e-02	7.469918296997525575e-02
1.132038229995336451e+03	2.576939301344409738e-01	1.680814186004721544e-01	2.500351257532436589e-01	1.496066348657757727e-01	7.107056477872501776e-02	2.875453253223793706e-02	7.475779333487606038e-02
1.133489561059432845e+03	2.574741988736235498e-01	1.679415847583159427e-01	2.501891773823736731e-01	1.496965744612678562e-01	7.110467600892807216e-02	2.877748091330045721e-02	7.481630760196200658e-02
1.134940892123529466e+03	2.572548566104508883e-01	1.678019700755468413e-01	2.503429493354726310e-01	1.497863666425739426e-01	7.113872642732395335e-02	2.880040498943734276e-02	7.487472591896607299e-02
1.136392223187626087e+03	2.570359026480267817e-01	1.676625742122840046e-01	2.504964420958529225e-01	1.498760116897457084e-01	7.117271616465351003e-02	2.882330475557145014e-02	7.493304843363728096e-02
1.137843554251722708e+03	2.568173362907432145e-01	1.675233968291559017e-01	2.506496561460179739e-01	1.499655098819763221e-01	7.120664535133348905e-02	2.884618020680805237e-02	7.499127529373672552e-02
1.139294885315819101e+03	2.565991568442774762e-01	1.673844375872995949e-01	2.508025919676634130e-01	1.500548614976065509e-01	7.124051411745735418e-02	2.886903133843377392e-02	7.504940664703357855e-02
1.140746216379915950e+03	2.563813636155896636e-01	1.672456961483599625e-01	2.509552500416785126e-01	1.501440668141305057e-01	7.127432259279631310e-02	2.889185814591555684e-02	7.510744264130123082e-02
1.142197547444012343e+03	2.561639559129201271e-01	1.671071721744890326e-01	2.511076308481478003e-01	1.502331261082015534e-01	7.130807090680015004e-02	2.891466062489961297e-02	7.516538342431346165e-02
1.143648878508108737e+03	2.559469330457866398e-01	1.669688653283454005e-01	2.512597348663523911e-01	1.503220396556380900e-01	7.134175918859821108e-02	2.893743877121037616e-02	7.522322914384063641e-02
1.145100209572205586e+03	2.557302943249819549e-01	1.668307752730934235e-01	2.514115625747713190e-01	1.504108077314291747e-01	7.137538756700026465e-02	2.896019258084949269e-02	7.528097994764604284e-02
1.146551540636302207e+03	2.555140390625711966e-01	1.666929016724025547e-01	2.515631144510832029e-01	1.504994306097403034e-01	7.140895617049744515e-02	2.898292204999478386e-02	7.533863598348219948e-02
1.148002871700398828e+03	2.552981665718890847e-01	1.665552441904466774e-01	2.517143909721674122e-01	1.505879085639188764e-01	7.144246512726311338e-02	2.900562717499922602e-02	7.539619739908731688e-02
1.149454202764495449e+03	2.550826761675375476e-01	1.664178024919034105e-01	2.518653926141055099e-01	1.506762418664996939e-01	7.147591456515380026e-02	2.902830795238993400e-02	7.545366434218167551e-02
1.150905533828591842e+03	2.548675671653832242e-01	1.662805762419534705e-01	2.520161198521829182e-01	1.507644307892105073e-01	7.150930461171012276e-02	2.905096437886716884e-02	7.551103696046421176e-02
1.152356864892688463e+03	2.546528388825545774e-01	1.661435651062798946e-01	2.521665731608898620e-01	1.508524756029773484e-01	7.154263539415761652e-02	2.907359645130332820e-02	7.556831540160900695e-02
1.153808195956785084e+03	2.544384906374395627e-01	1.660067687510674017e-01	2.523167530139232562e-01	1.509403765779298856e-01	7.157590703940769350e-02	2.909620416674194021e-02	7.562549981326197046e-02
1.155259527020881706e+03	2.542245217496829079e-01	1.658701868430017268e-01	2.524666598841877607e-01	1.510281339834066705e-01	7.160911967405846068e-02	2.911878752239668161e-02	7.568259034303752297e-02
1.156710858084978327e+03	2.540109315401838375e-01	1.657338190492688990e-01	2.526162942437972792e-01	1.511157480879604109e-01	7.164227342439567769e-02	2.914134651565039591e-02	7.573958713851525193e-02
1.158162189149074720e+03	2.537977193310932411e-01	1.655976650375546311e-01	2.527656565640763464e-01	1.512032191593631059e-01	7.167536841639363110e-02	2.916388114405409765e-02	7.579649034723673351e-02
1.159613520213171569e+03	2.535848844458112317e-01	1.654617244760434869e-01	2.529147473155615167e-01	1.512905474646110970e-01	7.170840477571598093e-02	2.918639140532602178e-02	7.585330011670241013e-02
1.161064851277267962e+03	2.533724262089847024e-01	1.653259970334184370e-01	2.530635669680028066e-01	1.513777332699302036e-01	7.174138262771667662e-02	2.920887729735062791e-02	7.591001659436832916e-02
1.162516182341364356e+03	2.531603439465047178e-01	1.651904823788598875e-01	2.532121159903648611e-01	1.514647768407806350e-01	7.177430209744080358e-02	2.923133881817765664e-02	7.596663992764321471e-02
1.163967513405461204e+03	2.529486369855040717e-01	1.650551801820452358e-01	2.533603948508285630e-01	1.515516784418620144e-01	7.180716330962545746e-02	2.925377596602116159e-02	7.602317026388535903e-02
1.165418844469557826e+03	2.527373046543546220e-01	1.649200901131480934e-01	2.535084040167921438e-01	1.516384383371181532e-01	7.183996638870063234e-02	2.927618873925856222e-02	7.607960775039965262e-02
1.166870175533654447e+03	2.525263462826650152e-01	1.647852118428375645e-01	2.536561439548727925e-01	1.517250567897419633e-01	7.187271145879008116e-02	2.929857713642968278e-02	7.613595253443468380e-02
1.168321506597751068e+03	2.523157612012780771e-01	1.646505450422776906e-01	2.538036151309079336e-01	1.518115340621802589e-01	7.190539864371221779e-02	2.932094115623582256e-02	7.619220476317983826e-02
1.169772837661847461e+03	2.521055487422682595e-01	1.645160893831266735e-01	2.539508180099564472e-01	1.518978704161383364e-01	7.193802806698086638e-02	2.934328079753880866e-02	7.624836458376245407e-02
1.171224168725944082e+03	2.518957082389392532e-01	1.643818445375362092e-01	2.540977530563001685e-01	1.519840661125848313e-01	7.197059985180624675e-02	2.936559605936006970e-02	7.630443214324504619e-02
1.172675499790040703e+03	2.516862390258215454e-01	1.642478101781508770e-01	2.542444207334452200e-01	1.520701214117562150e-01	7.200311412109576537e-02	2.938788694087971290e-02	7.636040758862250311e-02
1.174126830854137097e+03	2.514771404386698661e-01	1.641139859781073351e-01	2.543908215041231768e-01	1.521560365731614295e-01	7.203557099745490355e-02	2.941015344143558738e-02	7.641629106681950556e-02
1.175578161918233945e+03	2.512684118144608014e-01	1.639803716110337928e-01	2.545369558302927326e-01	1.522418118555863842e-01	7.206797060318800852e-02	2.943239556052237513e-02	7.647208272468772328e-02
1.177029492982330339e+03	2.510600524913903508e-01	1.638469667510492056e-01	2.546828241731406428e-01	1.523274475170984799e-01	7.210031306029920928e-02	2.945461329779066814e-02	7.652778270900328916e-02
1.178480824046426733e+03	2.508520618088713738e-01	1.637137710727626649e-01	2.548284269930833346e-01	1.524129438150509386e-01	7.213259849049320771e-02	2.947680665304608719e-02	7.658339116646420419e-02
1.179932155110523581e+03	2.506444391075313138e-01	1.635807842512727595e-01	2.549737647497681281e-01	1.524983010060873001e-01	7.216482701517615284e-02	2.949897562624834851e-02	7.663890824368778387e-02
1.181383486174620202e+03	2.504371837292095337e-01	1.634480059621668813e-01	2.551188379020746799e-01	1.525835193461456962e-01	7.219699875545647350e-02	2.952112021751037915e-02	7.669433408720820189e-02
1.182834817238716823e+03	2.502302950169550955e-01	1.633154358815204210e-01	2.552636469081161485e-01	1.526685990904631252e-01	7.222911383214569714e-02	2.954324042709742526e-02	7.674966884347397822e-02
1.184286148302813444e+03	2.500237723150243729e-01	1.631830736858963238e-01	2.554081922252404713e-01	1.527535404935796981e-01	7.226117236575932412e-02	2.956533625542616048e-02	7.680491265884564767e-02
1.185737479366910065e+03	2.498176149688784708e-01	1.630509190523442564e-01	2.555524743100316409e-01	1.528383438093428581e-01	7.229317447651760487e-02	2.958740770306380469e-02	7.686006567959330349e-02
1.187188810431006686e+03	2.496118223251809765e-01	1.629189716583999137e-01	2.556964936183114823e-01	1.529230092909115712e-01	7.232512028434642803e-02	2.960945477072723930e-02	7.691512805189434920e-02
1.188640141495103080e+03	2.494063937317954061e-01	1.627872311820845186e-01	2.558402506051403735e-01	1.530075371907603232e-01	7.235700990887808381e-02	2.963147745928214338e-02	7.697009992183112548e-02
1.190091472559199701e+03	2.492013285377829568e-01	1.626556973019040453e-01	2.559837457248187453e-01	1.530919277606832829e-01	7.238884346945213821e-02	2.965347576974211238e-02	7.702498143538873132e-02
1.191542803623296322e+03	2.489966260934000364e-01	1.625243696968484697e-01	2.561269794308884684e-01	1.531761812517982990e-01	7.242062108511622409e-02	2.967544970326780468e-02	7.707977273845272037e-02
1.192994134687392716e+03	2.487922857500959040e-01	1.623932480463912142e-01	2.562699521761340749e-01	1.532602979145508415e-01	7.245234287462687384e-02	2.969739926116606726e-02	7.713447397680697759e-02
1.194445465751489564e+03	2.485883068605103108e-01	1.622623320304885375e-01	2.564126644125840904e-01	1.533442779987180260e-01	7.248400895645031039e-02	2.971932444488909961e-02	7.718908529613158209e-02
1.195896796815585958e+03	2.483846887784711965e-01	1.621316213295786735e-01	2.565551165915122001e-01	1.534281217534123609e-01	7.251561944876330768e-02	2.974122525603357936e-02	7.724360684200062832e-02
1.197348127879682352e+03	2.481814308589921081e-01	1.620011156245813322e-01	2.566973091634387472e-01	1.535118294270857719e-01	7.254717446945393999e-02	2.976310169633983316e-02	7.729803875988021378e-02
1.198799458943779200e+03	2.479785324582701178e-01	1.618708145968969225e-01	2.568392425781316768e-01	1.535954012675333491e-01	7.257867413612244245e-02	2.978495376769098313e-02	7.735238119512638510e-02
1.200250790007875821e+03	2.477759929336833533e-01	1.617407179284060248e-01	2.569809172846082013e-01	1.536788375218970659e-01	7.261011856608198811e-02	2.980678147211213158e-02	7.740663429298312581e-02
1.201702121071972442e+03	2.475738116437886105e-01	1.616108253014685303e-01	2.571223337311357438e-01	1.537621384366695543e-01	7.264150787635946516e-02	2.982858481176949017e-02	7.746079819858039950e-02
1.203153452136069063e+03	2.473719879483191608e-01	1.614811363989231419e-01	2.572634923652335481e-01	1.538453042576978513e-01	7.267284218369633730e-02	2.985036378896958539e-02	7.751487305693216534e-02
1.204604783200165684e+03	2.471705212081822811e-01	1.613516509040866798e-01	2.574043936336735117e-01	1.539283352301870078e-01	7.270412160454937933e-02	2.987211840615841552e-02	7.756885901293451846e-02
1.206056114264262078e+03	2.469694107854569221e-01	1.612223685007533602e-01	2.575450379824817948e-01	1.540112315987037517e-01	7.273534625509153750e-02	2.989384866592063525e-02	7.762275621136380255e-02
1.207507445328358699e+03	2.467686560433915155e-01	1.610932888731942403e-01	2.576854258569399314e-01	1.540939936071799576e-01	7.276651625121266509e-02	2.991555457097874043e-02	7.767656479687477800e-02
1.208958776392455093e+03	2.465682563464016153e-01	1.609644117061563295e-01	2.578255577015861055e-01	1.541766214989163664e-01	7.279763170852031340e-02	2.993723612419225619e-02	7.773028491399881779e-02
1.210410107456551941e+03	2.463682110600675101e-01	1.608357366848622572e-01	2.579654339602164281e-01	1.542591155165859707e-01	7.282869274234055057e-02	2.995889332855692852e-02	7.778391670714208950e-02
1.211861438520648335e+03	2.461685195511320590e-01	1.607072634950093282e-01	2.581050550758862694e-01	1.543414759022375127e-01	7.285969946771872485e-02	2.998052618720392290e-02	7.783746032058387609e-02
1.213312769584745183e+03	2.459691811874983591e-01	1.605789918227689961e-01	2.582444214909112024e-01	1.544237028972990089e-01	7.289065199942024176e-02	3.000213470339902280e-02	7.789091589847481345e-02
1.214764100648841804e+03	2.457701953382273596e-01	1.604509213547862523e-01	2.583835336468686683e-01	1.545057967425809975e-01	7.292155045193136897e-02	3.002371888054183521e-02	7.794428358483516950e-02
1.216215431712937971e+03	2.455715613735356961e-01	1.603230517781787934e-01	2.585223919845988649e-01	1.545877576782800078e-01	7.295239493945999965e-02	3.004527872216500653e-02	7.799756352355327604e-02
1.217666762777034819e+03	2.453732786647933595e-01	1.601953827805365493e-01	2.586609969442061341e-01	1.546695859439819465e-01	7.298318557593638789e-02	3.006681423193343153e-02	7.805075585838384955e-02
1.219118093841131440e+03	2.451753465845214752e-01	1.600679140499209063e-01	2.587993489650602386e-01	1.547512817786652617e-01	7.301392247501398147e-02	3.008832541364345886e-02	7.810386073294636744e-02
1.220569424905228061e+03	2.449777645063900000e-01	1.599406452748640406e-01	2.589374484857974723e-01	1.548328454207043570e-01	7.304460575007017120e-02	3.010981227122213472e-02	7.815687829072356929e-02
1.222020755969324682e+03	2.447805318052154178e-01	1.598135761443684744e-01	2.590752959443219927e-01	1.549142771078726721e-01	7.307523551420701258e-02	3.013127480872641178e-02	7.820980867505983314e-02
1.223472087033421303e+03	2.445836478569585748e-01	1.596867063479060767e-01	2.592128917778069308e-01	1.549955770773459862e-01	7.310581188025204458e-02	3.015271303034239292e-02	7.826265202915971830e-02
1.224923418097517697e+03	2.443871120387224594e-01	1.595600355754177302e-01	2.593502364226958345e-01	1.550767455657056371e-01	7.313633496075905294e-02	3.017412694038454704e-02	7.831540849608648047e-02
1.226374749161614318e+03	2.441909237287498702e-01	1.594335635173124432e-01	2.594873303147035570e-01	1.551577828089415745e-01	7.316680486800877792e-02	3.019551654329495627e-02	7.836807821876055902e-02
1.227826080225710712e+03	2.439950823064211682e-01	1.593072898644668778e-01	2.596241738888178108e-01	1.552386890424553856e-01	7.319722171400973310e-02	3.021688184364256999e-02	7.842066133995818922e-02
1.229277411289807560e+03	2.437995871522521396e-01	1.591812143082245723e-01	2.597607675793001114e-01	1.553194645010636255e-01	7.322758561049889925e-02	3.023822284612242769e-02	7.847315800230997285e-02
1.230728742353903954e+03	2.436044376478917195e-01	1.590553365403952757e-01	2.598971118196871655e-01	1.554001094190005927e-01	7.325789666894252927e-02	3.025953955555492000e-02	7.852556834829950427e-02
1.232180073418000802e+03	2.434096331761197718e-01	1.589296562532544477e-01	2.600332070427919806e-01	1.554806240299214937e-01	7.328815500053685594e-02	3.028083197688504272e-02	7.857789252026199656e-02
1.233631404482097196e+03	2.432151731208448964e-01	1.588041731395425371e-01	2.601690536807051979e-01	1.555610085669054676e-01	7.331836071620888295e-02	3.030210011518165089e-02	7.863013066038297694e-02
1.235082735546193817e+03	2.430210568671022642e-01	1.586788868924641771e-01	2.603046521647960354e-01	1.556412632624583903e-01	7.334851392661707881e-02	3.032334397563671985e-02	7.868228291069696845e-02
1.236534066610290438e+03	2.428272838010512857e-01	1.585537972056877409e-01	2.604400029257137872e-01	1.557213883485158712e-01	7.337861474215215396e-02	3.034456356356461659e-02	7.873434941308617152e-02
1.237985397674387059e+03	2.426338533099734740e-01	1.584289037733446204e-01	2.605751063933888223e-01	1.558013840564462515e-01	7.340866327293779636e-02	3.036575888440135040e-02	7.878633030927927050e-02
1.239436728738483680e+03	2.424407647822703904e-01	1.583042062900286151e-01	2.607099629970338617e-01	1.558812506170533241e-01	7.343865962883139309e-02	3.038692994370386508e-02	7.883822574085012913e-02
1.240888059802580301e+03	2.422480176074612856e-01	1.581797044507952110e-01	2.608445731651450883e-01	1.559609882605792752e-01	7.346860391942479362e-02	3.040807674714931033e-02	7.889003584921665257e-02
1.242339390866676695e+03	2.420556111761809903e-01	1.580553979511609419e-01	2.609789373255034794e-01	1.560405972167074329e-01	7.349849625404500375e-02	3.042919930053430630e-02	7.894176077563949678e-02
1.243790721930773088e+03	2.418635448801776944e-01	1.579312864871028343e-01	2.611130559051758615e-01	1.561200777145651253e-01	7.352833674175493495e-02	3.045029760977424269e-02	7.899340066122101378e-02
1.245242052994869937e+03	2.416718181123108100e-01	1.578073697550576859e-01	2.612469293305160756e-01	1.561994299827263455e-01	7.355812549135416767e-02	3.047137168090256407e-02	7.904495564690404430e-02
1.246693384058966330e+03	2.414804302665488622e-01	1.576836474519213993e-01	2.613805580271664208e-01	1.562786542492145825e-01	7.358786261137961748e-02	3.049242152007005519e-02	7.909642587347079368e-02
1.248144715123063179e+03	2.412893807379672129e-01	1.575601192750484547e-01	2.615139424200584317e-01	1.563577507415054857e-01	7.361754821010628447e-02	3.051344713354414012e-02	7.914781148154173551e-02
1.249596046187159800e+03	2.410986689227460344e-01	1.574367849222511051e-01	2.616470829334143211e-01	1.564367196865295295e-01	7.364718239554801649e-02	3.053444852770817453e-02	7.919911261157455695e-02
1.251047377251256421e+03	2.409082942181681175e-01	1.573136440917989043e-01	2.617799799907480351e-01	1.565155613106747057e-01	7.367676527545814757e-02	3.055542570906075173e-02	7.925032940386307623e-02
1.252498708315352815e+03	2.407182560226165946e-01	1.571906964824179298e-01	2.619126340148665855e-01	1.565942758397891321e-01	7.370629695733026121e-02	3.057637868421500191e-02	7.930146199853622957e-02
1.253950039379449436e+03	2.405285537355730807e-01	1.570679417932901722e-01	2.620450454278709373e-01	1.566728634991836622e-01	7.373577754839891196e-02	3.059730745989790168e-02	7.935251053555700262e-02
1.255401370443546057e+03	2.403391867576152585e-01	1.569453797240530080e-01	2.621772146511575086e-01	1.567513245136344657e-01	7.376520715564033326e-02	3.061821204294959756e-02	7.940347515472150064e-02
1.256852701507642678e+03	2.401501544904149354e-01	1.568230099747983941e-01	2.623091421054190575e-01	1.568296591073855273e-01	7.379458588577310352e-02	3.063909244032270510e-02	7.945435599565793539e-02
1.258304032571739299e+03	2.399614563367358233e-01	1.567008322460723413e-01	2.624408282106459600e-01	1.569078675041513105e-01	7.382391384525892331e-02	3.065994865908163933e-02	7.950515319782566759e-02
1.259755363635835920e+03	2.397730917004314843e-01	1.565788462388741642e-01	2.625722733861274305e-01	1.569859499271191727e-01	7.385319114030328147e-02	3.068078070640192431e-02	7.955586690051426324e-02
1.261206694699932314e+03	2.395850599864431663e-01	1.564570516546560375e-01	2.627034780504524103e-01	1.570639065989518357e-01	7.388241787685616291e-02	3.070158858956953396e-02	7.960649724284260542e-02
1.262658025764028707e+03	2.393973606007977761e-01	1.563354481953221908e-01	2.628344426215111218e-01	1.571417377417898553e-01	7.391159416061274245e-02	3.072237231598021548e-02	7.965704436375796449e-02
1.264109356828125556e+03	2.392099929506056599e-01	1.562140355632282707e-01	2.629651675164957902e-01	1.572194435772541199e-01	7.394072009701409265e-02	3.074313189313881284e-02	7.970750840203515153e-02
1.265560687892221949e+03	2.390229564440586041e-01	1.560928134611808127e-01	2.630956531519021424e-01	1.572970243264482371e-01	7.396979579124790538e-02	3.076386732865861104e-02	7.975788949627560243e-02
1.267012018956318798e+03	2.388362504904276706e-01	1.559717815924365203e-01	2.632258999435304614e-01	1.573744802099608930e-01	7.399882134824913027e-02	3.078457863026068039e-02	7.980818778490658683e-02
1.268463350020415419e+03	2.386498745000611987e-01	1.558509396607017095e-01	2.633559083064865303e-01	1.574518114478682118e-01	7.402779687270071018e-02	3.080526580577321039e-02	7.985840340618034772e-02
1.269914681084511813e+03	2.384638278843826953e-01	1.557302873701316148e-01	2.634856786551830199e-01	1.575290182597361976e-01	7.405672246903428901e-02	3.082592886313084701e-02	7.990853649817331039e-02
1.271366012148608434e+03	2.382781100558886145e-01	1.556098244253297513e-01	2.636152114033404326e-01	1.576061008646229555e-01	7.408559824143082229e-02	3.084656781037406481e-02	7.995858719878529142e-02
1.272817343212705055e+03	2.380927204281465537e-01	1.554895505313473036e-01	2.637445069639884343e-01	1.576830594810810504e-01	7.411442429382135433e-02	3.086718265564850419e-02	8.000855564573872147e-02
1.274268674276801676e+03	2.379076584157929775e-01	1.553694653936825432e-01	2.638735657494668541e-01	1.577598943271597831e-01	7.414320072988762889e-02	3.088777340720432266e-02	8.005844197657786820e-02
1.275720005340898297e+03	2.377229234345312192e-01	1.552495687182800510e-01	2.640023881714267939e-01	1.578366056204074663e-01	7.417192765306281077e-02	3.090834007339557030e-02	8.010824632866811457e-02
1.277171336404994690e+03	2.375385149011293717e-01	1.551298602115303016e-01	2.641309746408317949e-01	1.579131935778736173e-01	7.420060516653216587e-02	3.092888266267953407e-02	8.015796883919523719e-02
1.278622667469091539e+03	2.373544322334183720e-01	1.550103395802688300e-01	2.642593255679590580e-01	1.579896584161112616e-01	7.422923337323371340e-02	3.094940118361610981e-02	8.020760964516469860e-02
1.280073998533187932e+03	2.371706748502898088e-01	1.548910065317757323e-01	2.643874413624003883e-01	1.580660003511790701e-01	7.425781237585890593e-02	3.096989564486717431e-02	8.025716888340093946e-02
1.281525329597284326e+03	2.369872421716939515e-01	1.547718607737749441e-01	2.645153224330635822e-01	1.581422195986435519e-01	7.428634227685335101e-02	3.099036605519595380e-02	8.030664669054669857e-02
1.282976660661381175e+03	2.368041336186377244e-01	1.546529020144337407e-01	2.646429691881732049e-01	1.582183163735811915e-01	7.431482317841740792e-02	3.101081242346639608e-02	8.035604320306237447e-02
1.284427991725477568e+03	2.366213486131825972e-01	1.545341299623620435e-01	2.647703820352719228e-01	1.582942908905806967e-01	7.434325518250692322e-02	3.103123475864254938e-02	8.040535855722537317e-02
1.285879322789574417e+03	2.364388865784426141e-01	1.544155443266117256e-01	2.648975613812214469e-01	1.583701433637450251e-01	7.437163839083382744e-02	3.105163306978794488e-02	8.045459288912945595e-02
1.287330653853671038e+03	2.362567469385824237e-01	1.542971448166760573e-01	2.650245076322040316e-01	1.584458740066934934e-01	7.439997290486689840e-02	3.107200736606497912e-02	8.050374633468418417e-02
1.288781984917767431e+03	2.360749291188151411e-01	1.541789311424891229e-01	2.651512211937230856e-01	1.585214830325639424e-01	7.442825882583228858e-02	3.109235765673429991e-02	8.055281902961421159e-02
1.290233315981864052e+03	2.358934325454003778e-01	1.540609030144251268e-01	2.652777024706046705e-01	1.585969706540147073e-01	7.445649625471432997e-02	3.111268395115419916e-02	8.060181110945875693e-02
