1.001418434226643626e+03	2.791879660936866792e-01	1.815686394747675347e-01	2.349577772639676598e-01	1.409106529460882329e-01	6.772405429683507616e-02	2.658830385935618754e-02	6.906260606506955946e-02
1.003837319333471214e+03	2.787594004676790527e-01	1.812996220796470881e-01	2.352592848089626876e-01	1.410859637481231277e-01	6.779074764373321793e-02	2.662998695051042863e-02	6.917499430111528902e-02
1.006256204440298802e+03	2.783321077727108350e-01	1.810313005886692861e-01	2.355598775559180624e-01	1.412607915249943225e-01	6.785723517979636021e-02	2.667160550725034690e-02	6.928708187043162992e-02
1.008675089547126618e+03	2.779060841416493011e-01	1.807636732549749992e-01	2.358595581413393538e-01	1.414351379369011563e-01	6.792351767929087625e-02	2.671315941991659129e-02	6.939886942569850614e-02
1.011093974653954206e+03	2.774813257197470961e-01	1.804967383357721500e-01	2.361583291947373930e-01	1.416090046318416729e-01	6.798959591309171324e-02	2.675464858109508418e-02	6.951035762348570235e-02
1.013512859760782021e+03	2.770578286645938859e-01	1.802304940923282750e-01	2.364561933386408188e-01	1.417823932458288083e-01	6.805547064869958696e-02	2.679607288559469891e-02	6.962154712408460955e-02
1.015931744867609382e+03	2.766355891460692273e-01	1.799649387899630304e-01	2.367531531886091223e-01	1.419553054031014727e-01	6.812114265025816240e-02	2.683743223042519069e-02	6.973243859134439782e-02
1.018350629974437197e+03	2.762146033462949957e-01	1.797000706980406426e-01	2.370492113532451650e-01	1.421277427163304130e-01	6.818661267857112351e-02	2.687872651477540148e-02	6.984303269251282420e-02
1.020769515081264785e+03	2.757948674595884775e-01	1.794358880899625808e-01	2.373443704342081129e-01	1.422997067868192744e-01	6.825188149111913183e-02	2.691995563999169047e-02	6.995333009808121782e-02
1.023188400188092373e+03	2.753763776924159634e-01	1.791723892431599241e-01	2.376386330262265090e-01	1.424711992047008047e-01	6.831694984207663246e-02	2.696111950955664208e-02	7.006333148163389202e-02
1.025607285294920075e+03	2.749591302633464518e-01	1.789095724390860342e-01	2.379320017171112356e-01	1.426422215491284506e-01	6.838181848232870175e-02	2.700221802906798904e-02	7.017303751970153936e-02
1.028026170401747549e+03	2.745431214030052969e-01	1.786474359632089781e-01	2.382244790877685869e-01	1.428127753884633755e-01	6.844648815948754794e-02	2.704325110621782005e-02	7.028244889161879005e-02
1.030445055508575479e+03	2.741283473540292448e-01	1.783859781050040338e-01	2.385160677122134254e-01	1.429828622804569793e-01	6.851095961790913680e-02	2.708421865077196775e-02	7.039156627938554511e-02
1.032863940615402726e+03	2.737148043710206369e-01	1.781251971579462245e-01	2.388067701575825874e-01	1.431524837724292010e-01	6.857523359870959512e-02	2.712512057454966041e-02	7.050039036753226462e-02
1.035282825722230655e+03	2.733024887205028342e-01	1.778650914195028798e-01	2.390965889841480951e-01	1.433216414014424345e-01	6.863931083978154490e-02	2.716595679140341307e-02	7.060892184298890595e-02
1.037701710829058356e+03	2.728913966808750868e-01	1.776056591911260030e-01	2.393855267453305069e-01	1.434903366944715319e-01	6.870319207581036813e-02	2.720672721719911286e-02	7.071716139495749787e-02
1.040120595935886058e+03	2.724815245423683474e-01	1.773468987782448880e-01	2.396735859877124342e-01	1.436585711685696154e-01	6.876687803829024948e-02	2.724743176979634723e-02	7.082510971478819806e-02
1.042539481042713533e+03	2.720728686070012503e-01	1.770888084902586257e-01	2.399607692510518919e-01	1.438263463310300860e-01	6.883036945554034391e-02	2.728807036902894043e-02	7.093276749585891716e-02
1.044958366149541234e+03	2.716654251885361471e-01	1.768313866405285817e-01	2.402470790682960378e-01	1.439936636795448588e-01	6.889366705272061131e-02	2.732864293668570144e-02	7.104013543345810699e-02
1.047377251256368709e+03	2.712591906124357521e-01	1.765746315463708471e-01	2.405325179655946055e-01	1.441605247023587111e-01	6.895677155184767870e-02	2.736914939649139067e-02	7.114721422467105982e-02
1.049796136363196410e+03	2.708541612158196221e-01	1.763185415290488001e-01	2.408170884623136998e-01	1.443269308784202176e-01	6.901968367181063324e-02	2.740958967408789818e-02	7.125400456826908036e-02
1.052215021470024112e+03	2.704503333474215232e-01	1.760631149137656393e-01	2.411007930710494795e-01	1.444928836775290770e-01	6.908240412838660693e-02	2.744996369701559538e-02	7.136050716460198839e-02
1.054633906576851814e+03	2.700477033675465766e-01	1.758083500296567514e-01	2.413836342976418137e-01	1.446583845604799134e-01	6.914493363425638917e-02	2.749027139469493314e-02	7.146672271549354971e-02
1.057052791683679516e+03	2.696462676480286813e-01	1.755542452097823281e-01	2.416656146411881867e-01	1.448234349792028308e-01	6.920727289901984491e-02	2.753051269840819243e-02	7.157265192413982124e-02
1.059471676790506763e+03	2.692460225721886036e-01	1.753007987911198440e-01	2.419467365940574932e-01	1.449880363769006919e-01	6.926942262921134685e-02	2.757068754128146060e-02	7.167829549501039677e-02
1.061890561897334692e+03	2.688469645347918990e-01	1.750480091145565353e-01	2.422270026419039157e-01	1.451521901881832333e-01	6.933138352831497153e-02	2.761079585826678451e-02	7.178365413375242809e-02
1.064309447004162394e+03	2.684490899420073906e-01	1.747958745248819334e-01	2.425064152636808579e-01	1.453158978391979883e-01	6.939315629677976494e-02	2.765083758612451800e-02	7.188872854709729698e-02
1.066728332110990095e+03	2.680523952113656461e-01	1.745443933707803152e-01	2.427849769316549888e-01	1.454791607477581572e-01	6.945474163203474438e-02	2.769081266340584976e-02	7.199351944277002091e-02
1.069147217217817570e+03	2.676568767717178998e-01	1.742935640048232093e-01	2.430626901114201210e-01	1.456419803234677290e-01	6.951614022850405306e-02	2.773072103043551159e-02	7.209802752940119852e-02
1.071566102324645271e+03	2.672625310631950857e-01	1.740433847834619574e-01	2.433395572619113101e-01	1.458043579678435231e-01	6.957735277762172599e-02	2.777056262929468097e-02	7.220225351644139755e-02
1.073984987431472746e+03	2.668693545371673692e-01	1.737938540670202203e-01	2.436155808354189267e-01	1.459662950744345100e-01	6.963837996784663642e-02	2.781033740380403282e-02	7.230619811407805464e-02
1.076403872538300675e+03	2.664773436562033471e-01	1.735449702196863453e-01	2.438907632776027290e-01	1.461277930289384130e-01	6.969922248467716464e-02	2.785004529950700636e-02	7.240986203315473435e-02
1.078822757645127922e+03	2.660864948940301900e-01	1.732967316095060661e-01	2.441651070275060176e-01	1.462888532093156169e-01	6.975988101066588065e-02	2.788968626365320030e-02	7.251324598509267805e-02
1.081241642751955851e+03	2.656968047354937301e-01	1.730491366083749538e-01	2.444386145175698188e-01	1.464494769859004952e-01	6.982035622543414366e-02	2.792926024518196937e-02	7.261635068181458708e-02
1.083660527858783553e+03	2.653082696765183823e-01	1.728021835920307836e-01	2.447112881736469847e-01	1.466096657215101018e-01	6.988064880568653492e-02	2.796876719470616987e-02	7.271917683567073742e-02
1.086079412965611255e+03	2.649208862240678419e-01	1.725558709400462909e-01	2.449831304150165423e-01	1.467694207715506405e-01	6.994075942522529066e-02	2.800820706449607886e-02	7.282172515936700952e-02
1.088498298072438729e+03	2.645346508961058385e-01	1.723101970358215107e-01	2.452541436543977660e-01	1.469287434841212436e-01	7.000068875496462395e-02	2.804757980846347282e-02	7.292399636589516621e-02
1.090917183179266431e+03	2.641495602215570560e-01	1.720651602665763114e-01	2.455243302979646103e-01	1.470876352001156129e-01	7.006043746294496333e-02	2.808688538214584862e-02	7.302599116846510141e-02
1.093336068286093905e+03	2.637656107402683303e-01	1.718207590233430948e-01	2.457936927453598375e-01	1.472460972533212453e-01	7.012000621434706649e-02	2.812612374269084919e-02	7.312771028043903165e-02
1.095754953392921607e+03	2.633827990029698474e-01	1.715769917009590528e-01	2.460622333897094505e-01	1.474041309705165226e-01	7.017939567150610625e-02	2.816529484884078283e-02	7.322915441526768598e-02
1.098173838499749309e+03	2.630011215712367845e-01	1.713338566980588951e-01	2.463299546176368759e-01	1.475617376715654960e-01	7.023860649392567324e-02	2.820439866091734721e-02	7.333032428642830003e-02
1.100592723606577010e+03	2.626205750174512299e-01	1.710913524170673272e-01	2.465968588092774527e-01	1.477189186695107570e-01	7.029763933829168143e-02	2.824343514080646100e-02	7.343122060736445578e-02
1.103011608713404712e+03	2.622411559247640467e-01	1.708494772641915571e-01	2.468629483382926426e-01	1.478756752706640032e-01	7.035649485848620432e-02	2.828240425194328972e-02	7.353184409142764222e-02
1.105430493820231959e+03	2.618628608870570140e-01	1.706082296494138006e-01	2.471282255718845466e-01	1.480320087746947733e-01	7.041517370560117228e-02	2.832130595929737565e-02	7.363219545182068948e-02
1.107849378927059888e+03	2.614856865089054128e-01	1.703676079864839543e-01	2.473926928708101436e-01	1.481879204747171552e-01	7.047367652795208381e-02	2.836014022935793438e-02	7.373227540154267401e-02
1.110268264033887590e+03	2.611096294055403888e-01	1.701276106929120457e-01	2.476563525893958617e-01	1.483434116573744688e-01	7.053200397109160580e-02	2.839890703011929349e-02	7.383208465333566950e-02
1.112687149140715292e+03	2.607346862028120382e-01	1.698882361899607951e-01	2.479192070755517896e-01	1.484984836029222544e-01	7.059015667782303494e-02	2.843760633106646660e-02	7.393162391963294111e-02
1.115106034247542766e+03	2.603608535371519928e-01	1.696494829026381490e-01	2.481812586707862756e-01	1.486531375853094583e-01	7.064813528821377309e-02	2.847623810316086967e-02	7.403089391250874951e-02
1.117524919354370468e+03	2.599881280555369489e-01	1.694113492596898973e-01	2.484425097102202218e-01	1.488073748722575917e-01	7.070594043960869157e-02	2.851480231882616220e-02	7.412989534362968147e-02
1.119943804461197942e+03	2.596165064154518087e-01	1.691738336935921794e-01	2.487029625226016283e-01	1.489611967253384184e-01	7.076357276664339835e-02	2.855329895193424450e-02	7.422862892420743763e-02
1.122362689568025871e+03	2.592459852848533752e-01	1.689369346405441286e-01	2.489626194303199980e-01	1.491146044000496995e-01	7.082103290125742190e-02	2.859172797779136951e-02	7.432709536495302194e-02
1.124781574674853118e+03	2.588765613421339928e-01	1.687006505404603229e-01	2.492214827494207696e-01	1.492675991458897178e-01	7.087832147270736738e-02	2.863008937312440036e-02	7.442529537603240208e-02
1.127200459781681047e+03	2.585082312760853540e-01	1.684649798369635409e-01	2.494795547896198340e-01	1.494201822064296359e-01	7.093543910757998949e-02	2.866838311606717885e-02	7.452322966702339124e-02
1.129619344888508749e+03	2.581409917858628611e-01	1.682299209773771009e-01	2.497368378543179390e-01	1.495723548193847730e-01	7.099238642980515435e-02	2.870660918614704321e-02	7.462089894687404246e-02
1.132038229995336451e+03	2.577748395809496551e-01	1.679954724127176446e-01	2.499933342406151782e-01	1.497241182166840212e-01	7.104916406066875967e-02	2.874476756427145341e-02	7.471830392386218100e-02
1.134457115102163925e+03	2.574097713811210886e-01	1.677616325976876155e-01	2.502490462393255899e-01	1.498754736245380415e-01	7.110577261882553013e-02	2.878285823271475863e-02	7.481544530555621353e-02
1.136876000208991627e+03	2.570457839164094760e-01	1.675283999906680144e-01	2.505039761349914240e-01	1.500264222635056544e-01	7.116221272031185430e-02	2.882088117510507586e-02	7.491232379877724168e-02
1.139294885315819101e+03	2.566828739270688442e-01	1.672957730537107945e-01	2.507581262058977689e-01	1.501769653485593159e-01	7.121848497855842730e-02	2.885883637641128985e-02	7.500894010956224434e-02
1.141713770422646803e+03	2.563210381635397384e-01	1.670637502525315898e-01	2.510114987240870676e-01	1.503271040891487054e-01	7.127459000440292125e-02	2.889672382293018149e-02	7.510529494312850884e-02
1.144132655529474505e+03	2.559602733864144719e-01	1.668323300565022760e-01	2.512640959553734121e-01	1.504768396892632587e-01	7.133052840610244749e-02	2.893454350227366023e-02	7.520138900383915859e-02
1.146551540636302207e+03	2.556005763664024322e-01	1.666015109386436710e-01	2.515159201593571425e-01	1.506261733474933695e-01	7.138630078934610212e-02	2.897229540335613182e-02	7.529722299516974915e-02
1.148970425743129908e+03	2.552419438842956634e-01	1.663712913756180412e-01	2.517669735894393912e-01	1.507751062570901468e-01	7.144190775726741438e-02	2.900997951638196667e-02	7.539279761967597471e-02
1.151389310849957155e+03	2.548843727309341167e-01	1.661416698477218568e-01	2.520172584928364601e-01	1.509236396060241181e-01	7.149734991045660071e-02	2.904759583283308966e-02	7.548811357896235974e-02
1.153808195956785084e+03	2.545278597071716220e-01	1.659126448388783537e-01	2.522667771105943091e-01	1.510717745770426557e-01	7.155262784697290213e-02	2.908514434545668090e-02	7.558317157365204708e-02
1.156227081063612786e+03	2.541724016238420814e-01	1.656842148366300949e-01	2.525155316776030445e-01	1.512195123477260705e-01	7.160774216235672729e-02	2.912262504825298415e-02	7.567797230335748804e-02
1.158645966170440488e+03	2.538179953017252188e-01	1.654563783321317816e-01	2.527635244226114630e-01	1.513668540905427073e-01	7.166269344964187882e-02	2.916003793646323311e-02	7.577251646665210394e-02
1.161064851277267962e+03	2.534646375715129962e-01	1.652291338201428150e-01	2.530107575682414289e-01	1.515138009729029567e-01	7.171748229936757146e-02	2.919738300655768184e-02	7.586680476104294690e-02
1.163483736384095664e+03	2.531123252737759732e-01	1.650024797990199688e-01	2.532572333310021406e-01	1.516603541572119629e-01	7.177210929959038088e-02	2.923466025622373232e-02	7.596083788294416550e-02
1.165902621490923138e+03	2.527610552589297788e-01	1.647764147707100890e-01	2.535029539213051186e-01	1.518065148009213883e-01	7.182657503589630343e-02	2.927186968435418687e-02	7.605461652765138636e-02
1.168321506597751068e+03	2.524108243872021373e-01	1.645509372407426840e-01	2.537479215434781388e-01	1.519522840565801225e-01	7.188088009141249679e-02	2.930901129103560127e-02	7.614814138931708110e-02
1.170740391704578315e+03	2.520616295285992847e-01	1.643260457182227074e-01	2.539921383957798873e-01	1.520976630718838818e-01	7.193502504681920096e-02	2.934608507753672102e-02	7.624141316092652998e-02
1.173159276811406244e+03	2.517134675628734386e-01	1.641017387158231755e-01	2.542356066704143380e-01	1.522426529897239755e-01	7.198901048036138173e-02	2.938309104629704266e-02	7.633443253427482644e-02
1.175578161918233945e+03	2.513663353794895472e-01	1.638780147497778394e-01	2.544783285535452966e-01	1.523872549482349348e-01	7.204283696786048519e-02	2.942002920091547555e-02	7.642720019994456160e-02
1.177997047025061647e+03	2.510202298775928709e-01	1.636548723398739691e-01	2.547203062253106109e-01	1.525314700808412804e-01	7.209650508272597014e-02	2.945689954613908354e-02	7.651971684728425815e-02
1.180415932131889122e+03	2.506751479659763970e-01	1.634323100094449699e-01	2.549615418598367711e-01	1.526752995163033200e-01	7.215001539596693769e-02	2.949370208785195152e-02	7.661198316438763700e-02
1.182834817238716823e+03	2.503310865630482551e-01	1.632103262853631942e-01	2.552020376252531753e-01	1.528187443787620003e-01	7.220336847620356657e-02	2.953043683306413175e-02	7.670399983807354993e-02
1.185253702345544298e+03	2.499880425967997144e-01	1.629889196980325861e-01	2.554417956837066739e-01	1.529618057877830950e-01	7.225656488967850677e-02	2.956710378990068042e-02	7.679576755386664788e-02
1.187672587452371999e+03	2.496460130047727655e-01	1.627680887813813815e-01	2.556808181913757250e-01	1.531044848584001417e-01	7.230960520026828708e-02	2.960370296759082254e-02	7.688728699597875693e-02
1.190091472559199701e+03	2.493049947340284234e-01	1.625478320728548920e-01	2.559191072984848825e-01	1.532467827011569916e-01	7.236248996949461165e-02	2.964023437645717240e-02	7.697855884729089271e-02
1.192510357666027403e+03	2.489649847411146699e-01	1.623281481134082882e-01	2.561566651493191182e-01	1.533887004221491379e-01	7.241521975653555931e-02	2.967669802790506850e-02	7.706958378933594089e-02
1.194929242772855105e+03	2.486259799920348679e-01	1.621090354474992445e-01	2.563934938822383103e-01	1.535302391230644881e-01	7.246779511823679687e-02	2.971309393441200555e-02	7.716036250228199000e-02
1.197348127879682352e+03	2.482879774622160918e-01	1.618904926230808339e-01	2.566295956296913428e-01	1.536713999012233045e-01	7.252021660912266743e-02	2.974942210951713600e-02	7.725089566491627480e-02
1.199767012986510281e+03	2.479509741364777364e-01	1.616725181915940890e-01	2.568649725182305943e-01	1.538121838496173399e-01	7.257248478140723713e-02	2.978568256781087900e-02	7.734118395462970252e-02
1.202185898093337983e+03	2.476149670090002086e-01	1.614551107079610082e-01	2.570996266685260934e-01	1.539525920569482786e-01	7.262460018500528636e-02	2.982187532492462309e-02	7.743122804740200371e-02
1.204604783200165684e+03	2.472799530832938131e-01	1.612382687305771167e-01	2.573335601953801177e-01	1.540926256076653456e-01	7.267656336754324542e-02	2.985800039752049134e-02	7.752102861778743803e-02
1.207023668306993159e+03	2.469459293721674720e-01	1.610219908213043893e-01	2.575667752077409056e-01	1.542322855820024152e-01	7.272837487437010251e-02	2.989405780328122791e-02	7.761058633890101366e-02
1.209442553413820860e+03	2.466128928976981383e-01	1.608062755454640336e-01	2.577992738087174773e-01	1.543715730560142052e-01	7.278003524856817286e-02	2.993004756090014706e-02	7.769990188240533113e-02
1.211861438520648335e+03	2.462808406911997927e-01	1.605911214718292179e-01	2.580310580955936239e-01	1.545104891016119142e-01	7.283154503096386789e-02	2.996596969007116890e-02	7.778897591849791293e-02
1.214280323627476264e+03	2.459497697931928017e-01	1.603765271726179387e-01	2.582621301598421182e-01	1.546490347865982218e-01	7.288290476013838115e-02	3.000182421147895920e-02	7.787780911589899102e-02
1.216699208734303511e+03	2.456196772533734696e-01	1.601624912234858589e-01	2.584924920871391474e-01	1.547872111747015944e-01	7.293411497243833252e-02	3.003761114678912478e-02	7.796640214183986339e-02
1.219118093841131440e+03	2.452905601305836181e-01	1.599490122035190642e-01	2.587221459573781357e-01	1.549250193256098973e-01	7.298517620198639866e-02	3.007333051863851983e-02	7.805475566205170856e-02
1.221536978947959142e+03	2.449624154927801944e-01	1.597360886952269021e-01	2.589510938446842880e-01	1.550624602950035624e-01	7.303608898069176292e-02	3.010898235062560088e-02	7.814287034075489968e-02
1.223955864054786844e+03	2.446352404170052952e-01	1.595237192845349039e-01	2.591793378174286344e-01	1.551995351345880902e-01	7.308685383826060700e-02	3.014456666730090661e-02	7.823074684064869333e-02
1.226374749161614318e+03	2.443090319893559959e-01	1.593119025607775685e-01	2.594068799382421298e-01	1.553362448921258021e-01	7.313747130220656090e-02	3.018008349415757241e-02	7.831838582290147344e-02
1.228793634268442020e+03	2.439837873049544303e-01	1.591006371166911737e-01	2.596337222640298092e-01	1.554725906114673706e-01	7.318794189786100024e-02	3.021553285762196284e-02	7.840578794714130051e-02
1.231212519375269494e+03	2.436595034679180927e-01	1.588899215484067817e-01	2.598598668459849437e-01	1.556085733325823783e-01	7.323826614838338522e-02	3.025091478504435619e-02	7.849295387144705760e-02
1.233631404482097196e+03	2.433361775913300828e-01	1.586797544554429396e-01	2.600853157296030838e-01	1.557441940915897105e-01	7.328844457477151630e-02	3.028622930468971575e-02	7.857988425233981833e-02
1.236050289588924898e+03	2.430138067972096583e-01	1.584701344406986845e-01	2.603100709546962710e-01	1.558794539207872809e-01	7.333847769587169274e-02	3.032147644572854434e-02	7.866657974477474224e-02
1.238469174695752372e+03	2.426923882164826740e-01	1.582610601104464110e-01	2.605341345554068599e-01	1.560143538486809811e-01	7.338836602838884338e-02	3.035665623822780476e-02	7.875304100213326164e-02
1.240888059802580301e+03	2.423719189889523562e-01	1.580525300743247097e-01	2.607575085602218401e-01	1.561488949000136295e-01	7.343811008689661579e-02	3.039176871314192008e-02	7.883926867621575407e-02
1.243306944909407548e+03	2.420523962632700199e-01	1.578445429453313731e-01	2.609801949919866582e-01	1.562830780957929766e-01	7.348771038384743770e-02	3.042681390230385363e-02	7.892526341723446470e-02
1.245725830016235477e+03	2.417338171969061478e-01	1.576370973398162068e-01	2.612021958679192624e-01	1.564169044533195163e-01	7.353716742958248120e-02	3.046179183841624810e-02	7.901102587380690045e-02
1.248144715123063179e+03	2.414161789561211913e-01	1.574301918774740350e-01	2.614235131996242023e-01	1.565503749862136862e-01	7.358648173234151602e-02	3.049670255504266514e-02	7.909655669294946012e-02
1.250563600229890881e+03	2.410994787159368991e-01	1.572238251813375953e-01	2.616441489931064512e-01	1.566834907044425962e-01	7.363565379827285984e-02	3.053154608659886665e-02	7.918185652007146691e-02
1.252982485336718355e+03	2.407837136601074790e-01	1.570179958777704610e-01	2.618641052487855059e-01	1.568162526143463964e-01	7.368468413144313445e-02	3.056632246834418976e-02	7.926692599896952018e-02
1.255401370443546057e+03	2.404688809810910655e-01	1.568127025964600185e-01	2.620833839615092642e-01	1.569486617186641730e-01	7.373357323384709117e-02	3.060103173637297377e-02	7.935176577182213864e-02
1.257820255550373531e+03	2.401549778800210200e-01	1.566079439704103904e-01	2.623019871205677367e-01	1.570807190165594558e-01	7.378232160541724205e-02	3.063567392760608091e-02	7.943637647918475042e-02
1.260239140657201460e+03	2.398420015666777316e-01	1.564037186359354958e-01	2.625199167097072572e-01	1.572124255036451423e-01	7.383092974403361597e-02	3.067024907978247242e-02	7.952075875998494692e-02
1.262658025764028707e+03	2.395299492594602231e-01	1.562000252326518901e-01	2.627371747071440833e-01	1.573437821720082563e-01	7.387939814553326490e-02	3.070475723145084726e-02	7.960491325151805575e-02
1.265076910870856636e+03	2.392188181853579509e-01	1.559968624034718532e-01	2.629537630855784958e-01	1.574747900102340947e-01	7.392772730371990897e-02	3.073919842196137439e-02	7.968884058944293580e-02
1.267495795977684338e+03	2.389086055799227171e-01	1.557942287945963677e-01	2.631696838122084547e-01	1.576054500034300976e-01	7.397591771037335950e-02	3.077357269145745977e-02	7.977254140777818858e-02
1.269914681084511813e+03	2.385993086872408020e-01	1.555921230555080692e-01	2.633849388487432552e-01	1.577357631332493848e-01	7.402396985525905304e-02	3.080788008086761398e-02	7.985601633889843898e-02
1.272333566191339514e+03	2.382909247599050151e-01	1.553905438389642790e-01	2.635995301514176825e-01	1.578657303779137655e-01	7.407188422613740497e-02	3.084212063189735106e-02	7.993926601353107397e-02
1.274752451298167216e+03	2.379834510589868835e-01	1.551894898009900936e-01	2.638134596710055568e-01	1.579953527122365531e-01	7.411966130877321868e-02	3.087629438702119145e-02	8.002229106075307852e-02
1.277171336404994690e+03	2.376768848540091184e-01	1.549889596008712789e-01	2.640267293528334447e-01	1.581246311076448530e-01	7.416730158694490038e-02	3.091040138947469262e-02	8.010509210798821833e-02
1.279590221511822392e+03	2.373712234229180540e-01	1.547889519011474146e-01	2.642393411367945366e-01	1.582535665322017115e-01	7.421480554245382666e-02	3.094444168324657352e-02	8.018766978100440312e-02
1.282009106618650094e+03	2.370664640520561417e-01	1.545894653676049280e-01	2.644512969573620809e-01	1.583821599506276823e-01	7.426217365513347601e-02	3.097841531307090127e-02	8.027002470391125799e-02
1.284427991725477568e+03	2.367626040361346385e-01	1.543904986692701264e-01	2.646625987436034833e-01	1.585104123243222252e-01	7.430940640285864374e-02	3.101232232441930581e-02	8.035215749915805561e-02
1.286846876832305497e+03	2.364596406782063787e-01	1.541920504784022039e-01	2.648732484191934633e-01	1.586383246113849121e-01	7.435650426155446246e-02	3.104616276349330545e-02	8.043406878753169009e-02
1.289265761939132744e+03	2.361575712896387680e-01	1.539941194704864957e-01	2.650832479024279875e-01	1.587658977666359106e-01	7.440346770520560316e-02	3.107993667721667061e-02	8.051575918815498389e-02
1.291684647045960673e+03	2.358563931900864163e-01	1.537967043242273180e-01	2.652925991062378697e-01	1.588931327416365502e-01	7.445029720586515687e-02	3.111364411322784657e-02	8.059722931848516125e-02
1.294103532152788375e+03	2.355561037074646313e-01	1.535998037215412504e-01	2.655013039382023154e-01	1.590200304847094182e-01	7.449699323366371084e-02	3.114728511987244555e-02	8.067847979431251593e-02
1.296522417259616077e+03	2.352567001779222455e-01	1.534034163475502255e-01	2.657093643005623007e-01	1.591465919409581209e-01	7.454355625681820252e-02	3.118085974619579787e-02	8.075951122975924545e-02
1.298941302366443551e+03	2.349581799458151654e-01	1.532075408905745340e-01	2.659167820902346158e-01	1.592728180522868520e-01	7.458998674164084297e-02	3.121436804193556194e-02	8.084032423727854910e-02
1.301360187473271253e+03	2.346605403636795317e-01	1.530121760421259969e-01	2.661235591988246885e-01	1.593987097574197098e-01	7.463628515254787377e-02	3.124781005751439342e-02	8.092091942765389234e-02
1.303779072580098727e+03	2.343637787922053239e-01	1.528173204969011101e-01	2.663296975126406285e-01	1.595242679919195439e-01	7.468245195206844878e-02	3.128118584403267316e-02	8.100129740999834072e-02
1.306197957686926657e+03	2.340678926002098537e-01	1.526229729527741608e-01	2.665351989127064392e-01	1.596494936882068005e-01	7.472848760085329389e-02	3.131449545326129430e-02	8.108145879175421289e-02
1.308616842793753904e+03	2.337728791646114246e-01	1.524291321107903996e-01	2.667400652747755618e-01	1.597743877755778141e-01	7.477439255768340842e-02	3.134773893763451863e-02	8.116140417869280310e-02
1.311035727900581833e+03	2.334787358704032423e-01	1.522357966751592406e-01	2.669442984693443099e-01	1.598989511802231256e-01	7.482016727947876644e-02	3.138091635024285730e-02	8.124113417491433953e-02
1.313454613007409534e+03	2.331854601106270741e-01	1.520429653532473502e-01	2.671479003616651915e-01	1.600231848252453570e-01	7.486581222130683777e-02	3.141402774482607296e-02	8.132064938284798428e-02
1.315873498114237009e+03	2.328930492863474366e-01	1.518506368555717911e-01	2.673508728117602318e-01	1.601470896306769198e-01	7.491132783639119219e-02	3.144707317576612982e-02	8.139995040325212483e-02
1.318292383221064711e+03	2.326015008066253664e-01	1.516588098957933339e-01	2.675532176744345736e-01	1.602706665134973618e-01	7.495671457612000654e-02	3.148005269808033801e-02	8.147903783521473486e-02
1.320711268327892412e+03	2.323108120884928018e-01	1.514674831907096009e-01	2.677549367992896334e-01	1.603939163876507978e-01	7.500197289005453016e-02	3.151296636741442864e-02	8.155791227615388772e-02
1.323130153434719887e+03	2.320209805569267703e-01	1.512766554602482105e-01	2.679560320307362575e-01	1.605168401640626463e-01	7.504710322593749483e-02	3.154581424003577439e-02	8.163657432181840867e-02
1.325549038541547588e+03	2.317320036448237419e-01	1.510863254274600609e-01	2.681565052080083777e-01	1.606394387506565324e-01	7.509210602970152471e-02	3.157859637282660337e-02	8.171502456628865207e-02
1.327967923648375290e+03	2.314438787929739005e-01	1.508964918185126125e-01	2.683563581651759455e-01	1.607617130523708027e-01	7.513698174547740749e-02	3.161131282327730302e-02	8.179326360197747281e-02
1.330386808755202765e+03	2.311566034500359135e-01	1.507071533626829773e-01	2.685555927311582547e-01	1.608836639711748451e-01	7.518173081560244886e-02	3.164396364947975188e-02	8.187129201963123937e-02
1.332805693862030694e+03	2.308701750725114521e-01	1.505183087923512297e-01	2.687542107297371530e-01	1.610052924060851320e-01	7.522635368062871586e-02	3.167654891012074841e-02	8.194911040833099958e-02
1.335224578968857941e+03	2.305845911247197955e-01	1.503299568429936894e-01	2.689522139795703093e-01	1.611265992531812075e-01	7.527085077933119706e-02	3.170906866447542605e-02	8.202671935549379900e-02
1.337643464075685870e+03	2.302998490787727670e-01	1.501420962531761771e-01	2.691496042942043143e-01	1.612475854056213131e-01	7.531522254871599042e-02	3.174152297240077913e-02	8.210411944687406871e-02
1.340062349182513572e+03	2.300159464145495880e-01	1.499547257645472420e-01	2.693463834820876701e-01	1.613682517536579319e-01	7.535946942402849125e-02	3.177391189432922369e-02	8.218131126656513796e-02
1.342481234289341273e+03	2.297328806196718420e-01	1.497678441218315559e-01	2.695425533465842238e-01	1.614885991846531921e-01	7.540359183876134408e-02	3.180623549126219279e-02	8.225829539700089954e-02
1.344900119396168748e+03	2.294506491894786060e-01	1.495814500728230301e-01	2.697381156859859352e-01	1.616086285830937996e-01	7.544759022466258902e-02	3.183849382476379442e-02	8.233507241895750284e-02
1.347319004502996449e+03	2.291692496270015533e-01	1.493955423683782924e-01	2.699330722935260329e-01	1.617283408306060821e-01	7.549146501174358592e-02	3.187068695695452480e-02	8.241164291155519961e-02
1.349737889609823924e+03	2.288886794429401128e-01	1.492101197624099151e-01	2.701274249573921149e-01	1.618477368059707266e-01	7.553521662828700800e-02	3.190281495050503041e-02	8.248800745226027298e-02
1.352156774716651853e+03	2.286089361556370991e-01	1.490251810118797537e-01	2.703211754607391382e-01	1.619668173851373516e-01	7.557884550085475217e-02	3.193487786862991840e-02	8.256416661688707748e-02
1.354575659823479100e+03	2.283300172910538717e-01	1.488407248767922575e-01	2.705143255817024639e-01	1.620855834412389673e-01	7.562235205429580776e-02	3.196687577508160877e-02	8.264012097960014847e-02
1.356994544930307029e+03	2.280519203827459651e-01	1.486567501201878361e-01	2.707068770934105140e-01	1.622040358446060482e-01	7.566573671175406968e-02	3.199880873414424898e-02	8.271587111291639483e-02
1.359413430037134731e+03	2.277746429718386645e-01	1.484732555081361982e-01	2.708988317639981491e-01	1.623221754627807989e-01	7.570899989467613778e-02	3.203067681062766320e-02	8.279141758770743043e-02
1.361832315143962205e+03	2.274981826070027191e-01	1.482902398097298013e-01	2.710901913566192700e-01	1.624400031605308936e-01	7.575214202281913001e-02	3.206248006986135018e-02	8.286676097320190559e-02
1.364251200250789907e+03	2.272225368444300841e-01	1.481077017970770238e-01	2.712809576294597513e-01	1.625575197998633536e-01	7.579516351425827358e-02	3.209421857768854358e-02	8.294190183698801899e-02
1.366670085357617609e+03	2.269477032478098288e-01	1.479256402452957531e-01	2.714711323357504869e-01	1.626747262400379812e-01	7.583806478539467655e-02	3.212589240046032774e-02	8.301684074501597399e-02
1.369088970464445310e+03	2.266736793883041556e-01	1.477440539325067526e-01	2.716607172237797685e-01	1.627916233375809318e-01	7.588084625096291891e-02	3.215750160502976740e-02	8.309157826160069871e-02
1.371507855571272785e+03	2.264004628445241696e-01	1.475629416398268889e-01	2.718497140369068310e-01	1.629082119462979261e-01	7.592350832403867156e-02	3.218904625874607212e-02	8.316611494942444116e-02
1.373926740678100487e+03	2.261280512025063416e-01	1.473823021513627207e-01	2.720381245135738424e-01	1.630244929172874058e-01	7.596605141604621803e-02	3.222052642944889245e-02	8.324045136953957258e-02
1.376345625784927961e+03	2.258564420556884722e-01	1.472021342542038647e-01	2.722259503873191711e-01	1.631404670989535233e-01	7.600847593676599012e-02	3.225194218546256764e-02	8.331458808137137684e-02
1.378764510891755890e+03	2.255856330048860436e-01	1.470224367384164454e-01	2.724131933867899868e-01	1.632561353370189927e-01	7.605078229434203418e-02	3.228329359559045653e-02	8.338852564272095091e-02
1.381183395998583137e+03	2.253156216582687110e-01	1.468432083970365176e-01	2.725998552357548621e-01	1.633714984745377741e-01	7.609297089528946345e-02	3.231458072910933094e-02	8.346226460976818862e-02
1.383602281105411066e+03	2.250464056313365435e-01	1.466644480260635430e-01	2.727859376531166502e-01	1.634865573519076742e-01	7.613504214450184104e-02	3.234580365576378291e-02	8.353580553707475043e-02
1.386021166212238768e+03	2.247779825468967652e-01	1.464861544244537850e-01	2.729714423529250311e-01	1.636013128068828093e-01	7.617699644525856295e-02	3.237696244576068055e-02	8.360914897758715825e-02
1.388440051319066470e+03	2.245103500350401904e-01	1.463083263941138967e-01	2.731563710443890014e-01	1.637157656745858447e-01	7.621883419923215774e-02	3.240805716976371403e-02	8.368229548263989015e-02
1.390858936425893944e+03	2.242435057331181036e-01	1.461309627398943156e-01	2.733407254318898083e-01	1.638299167875203188e-01	7.626055580649561405e-02	3.243908789888789307e-02	8.375524560195860002e-02
1.393277821532721646e+03	2.239774472857189724e-01	1.459540622695827683e-01	2.735245072149931622e-01	1.639437669755825222e-01	7.630216166552956925e-02	3.247005470469419008e-02	8.382799988366336497e-02
1.395696706639549120e+03	2.237121723446452715e-01	1.457776237938978314e-01	2.737077180884621708e-01	1.640573170660735713e-01	7.634365217322959529e-02	3.250095765918415563e-02	8.390055887427193271e-02
1.398115591746377049e+03	2.234476785688904732e-01	1.456016461264823536e-01	2.738903597422694403e-01	1.641705678837111770e-01	7.638502772491333193e-02	3.253179683479460321e-02	8.397292311870310777e-02
1.400534476853204296e+03	2.231839636246161218e-01	1.454261280838970716e-01	2.740724338616099542e-01	1.642835202506413572e-01	7.642628871432760596e-02	3.256257230439233569e-02	8.404509316028006827e-02
1.402953361960032225e+03	2.229210251851287683e-01	1.452510684856140599e-01	2.742539421269133415e-01	1.643961749864499555e-01	7.646743553365560608e-02	3.259328414126889950e-02	8.411706954073384923e-02
1.405372247066859927e+03	2.226588609308573774e-01	1.450764661540104306e-01	2.744348862138563661e-01	1.645085329081742431e-01	7.650846857352386343e-02	3.262393241913542213e-02	8.418885280020679818e-02
1.407791132173687402e+03	2.223974685493304571e-01	1.449023199143615881e-01	2.746152677933753616e-01	1.646205948303141597e-01	7.654938822300932921e-02	3.265451721211742181e-02	8.426044347725610006e-02
1.410210017280515103e+03	2.221368457351534931e-01	1.447286285948351792e-01	2.747950885316786662e-01	1.647323615648435824e-01	7.659019486964639689e-02	3.268503859474972822e-02	8.433184210885731613e-02
1.412628902387342805e+03	2.218769901899862451e-01	1.445553910264843478e-01	2.749743500902589455e-01	1.648438339212215109e-01	7.663088889943384108e-02	3.271549664197138940e-02	8.440304923040799212e-02
1.415047787494170507e+03	2.216178996225204312e-01	1.443826060432415181e-01	2.751530541259056273e-01	1.649550127064031146e-01	7.667147069684168703e-02	3.274589142912066181e-02	8.447406537573125263e-02
1.417466672600997981e+03	2.213595717484571346e-01	1.442102724819118720e-01	2.753312022907170031e-01	1.650658987248505294e-01	7.671194064481817732e-02	3.277622303193002129e-02	8.454489107707954809e-02
1.419885557707825683e+03	2.211020042904845717e-01	1.440383891821670481e-01	2.755087962321127737e-01	1.651764927785438486e-01	7.675229912479658578e-02	3.280649152652118095e-02	8.461552686513829080e-02
1.422304442814653157e+03	2.208451949782557766e-01	1.438669549865386477e-01	2.756858375928462057e-01	1.652867956669918093e-01	7.679254651670205933e-02	3.283669698940022003e-02	8.468597326902958800e-02
1.424723327921481086e+03	2.205891415483664519e-01	1.436959687404120167e-01	2.758623280110162890e-01	1.653968081872423945e-01	7.683268319895836251e-02	3.286683949745271283e-02	8.475623081631607214e-02
1.427142213028308333e+03	2.203338417443328479e-01	1.435254292920197516e-01	2.760382691200801153e-01	1.655065311338933809e-01	7.687270954849467763e-02	3.289691912793885065e-02	8.482630003300462018e-02
1.429561098135136262e+03	2.200792933165697240e-01	1.433553354924353707e-01	2.762136625488650910e-01	1.656159652991028297e-01	7.691262594075232162e-02	3.292693595848870947e-02	8.489618144355019769e-02
1.431979983241963964e+03	2.198254940223683951e-01	1.431856861955670135e-01	2.763885099215809826e-01	1.657251114725993568e-01	7.695243274969136571e-02	3.295689006709745517e-02	8.496587557085978626e-02
1.434398868348791666e+03	2.195724416258748590e-01	1.430164802581510297e-01	2.765628128578319078e-01	1.658339704416924298e-01	7.699213034779732456e-02	3.298678153212062508e-02	8.503538293629615830e-02
1.436817753455619140e+03	2.193201338980679538e-01	1.428477165397457893e-01	2.767365729726288248e-01	1.659425429912826100e-01	7.703171910608781758e-02	3.301661043226947895e-02	8.510470405968183216e-02
1.439236638562446842e+03	2.190685686167375967e-01	1.426793939027252989e-01	2.769097918764013566e-01	1.660508299038715441e-01	7.707119939411907761e-02	3.304637684660633595e-02	8.517383945930299960e-02
1.441655523669274316e+03	2.188177435664633019e-01	1.425115112122728733e-01	2.770824711750100589e-01	1.661588319595720120e-01	7.711057157999250122e-02	3.307608085453995345e-02	8.524278965191349478e-02
1.444074408776102018e+03	2.185676565385925030e-01	1.423440673363748632e-01	2.772546124697580772e-01	1.662665499361178356e-01	7.714983603036124071e-02	3.310572253582100971e-02	8.531155515273872170e-02
1.446493293882929493e+03	2.183183053312189037e-01	1.421770611458143818e-01	2.774262173574034707e-01	1.663739846088736485e-01	7.718899311043660172e-02	3.313530197053751042e-02	8.538013647547969265e-02
1.448912178989757422e+03	2.180696877491611896e-01	1.420104915141650881e-01	2.775972874301712578e-01	1.664811367508447493e-01	7.722804318399453805e-02	3.316481923911033386e-02	8.544853413231701111e-02
1.451331064096585123e+03	2.178218016039417115e-01	1.418443573177848305e-01	2.777678242757650739e-01	1.665880071326867051e-01	7.726698661338206320e-02	3.319427442228875536e-02	8.551674863391492409e-02
1.453749949203412370e+03	2.175746447137651141e-01	1.416786574358094297e-01	2.779378294773794389e-01	1.666945965227149828e-01	7.730582375952363416e-02	3.322366760114603412e-02	8.558478048942537442e-02
1.456168834310240300e+03	2.173282149034970745e-01	1.415133907501465171e-01	2.781073046137114702e-01	1.668009056869144413e-01	7.734455498192749356e-02	3.325299885707502789e-02	8.565263020649203918e-02
1.458587719417068001e+03	2.170825100046432921e-01	1.413485561454692063e-01	2.782762512589725956e-01	1.669069353889487128e-01	7.738318063869197017e-02	3.328226827178380753e-02	8.572029829125445144e-02
1.461006604523895703e+03	2.168375278553283381e-01	1.411841525092099314e-01	2.784446709829008215e-01	1.670126863901696679e-01	7.742170108651184879e-02	3.331147592729137574e-02	8.578778524835203867e-02
1.463425489630723177e+03	2.165932663002746172e-01	1.410201787315542299e-01	2.786125653507721678e-01	1.671181594496266576e-01	7.746011668068453204e-02	3.334062190592338576e-02	8.585509158092834159e-02
1.465844374737550879e+03	2.163497231907816065e-01	1.408566337054344697e-01	2.787799359234128804e-01	1.672233553240757287e-01	7.749842777511635472e-02	3.336970629030785312e-02	8.592221779063499709e-02
1.468263259844378354e+03	2.161068963847048163e-01	1.406935163265238820e-01	2.789467842572107559e-01	1.673282747679887272e-01	7.753663472232867615e-02	3.339872916337097153e-02	8.598916437763601262e-02
1.470682144951206283e+03	2.158647837464350572e-01	1.405308254932301215e-01	2.791131119041272424e-01	1.674329185335625136e-01	7.757473787346413907e-02	3.342769060833292866e-02	8.605593184061181844e-02
1.473101030058033530e+03	2.156233831468778173e-01	1.403685601066892441e-01	2.792789204117089308e-01	1.675372873707277888e-01	7.761273757829277586e-02	3.345659070870374979e-02	8.612252067676345879e-02
1.475519915164861459e+03	2.153826924634325013e-01	1.402067190707595723e-01	2.794442113230993785e-01	1.676413820271581701e-01	7.765063418521807315e-02	3.348542954827919693e-02	8.618893138181678293e-02
1.477938800271689161e+03	2.151427095799720024e-01	1.400453012920154505e-01	2.796089861770508778e-01	1.677452032482789901e-01	7.768842804128307800e-02	3.351420721113666096e-02	8.625516445002658072e-02
1.480357685378516862e+03	2.149034323868219132e-01	1.398843056797411666e-01	2.797732465079358910e-01	1.678487517772761783e-01	7.772611949217643479e-02	3.354292378163115096e-02	8.632122037418082927e-02
1.482776570485344337e+03	2.146648587807405140e-01	1.397237311459248732e-01	2.799369938457587637e-01	1.679520283551048931e-01	7.776370888223839428e-02	3.357157934439126273e-02	8.638709964560481458e-02
