1.001418434226643626e+03	2.791719862659630680e-01	1.815798055494340646e-01	2.349606245697923868e-01	1.408905768726491092e-01	6.773071982008931069e-02	2.659102938590360288e-02	6.907525753593704576e-02
1.002869765290740247e+03	2.789145937733338854e-01	1.814183833445640603e-01	2.351418167397657799e-01	1.409954480200939220e-01	6.777079978900305002e-02	2.661608679489985835e-02	6.914287153810802500e-02
1.004321096354836754e+03	2.786576601665610164e-01	1.812572119169809648e-01	2.353226808831370143e-01	1.411001436223559280e-01	6.781080553102343533e-02	2.664112099307071671e-02	6.921037688663950194e-02
1.005772427418933376e+03	2.784011846087319220e-01	1.810962908883821110e-01	2.355032175649981740e-01	1.412046640554398547e-01	6.785073721358507448e-02	2.666613195561022207e-02	6.927777371302119847e-02
1.007223758483029997e+03	2.781451662645492706e-01	1.809356198809936589e-01	2.356834273495090892e-01	1.413090096936347739e-01	6.789059500368196942e-02	2.669111965800960440e-02	6.934506214939019364e-02
1.008675089547126618e+03	2.778896043003271643e-01	1.807751985175698184e-01	2.358633107998990008e-01	1.414131809095316439e-01	6.793037906786893176e-02	2.671608407605552057e-02	6.941224232851644915e-02
1.010126420611223239e+03	2.776344978839876410e-01	1.806150264213924328e-01	2.360428684784680042e-01	1.415171780740406560e-01	6.797008957226285952e-02	2.674102518582830920e-02	6.947931438378864011e-02
1.011577751675319632e+03	2.773798461850564001e-01	1.804551032162702295e-01	2.362221009465888810e-01	1.416210015564083602e-01	6.800972668254413878e-02	2.676594296370025591e-02	6.954627844920024948e-02
1.013029082739416367e+03	2.771256483746593058e-01	1.802954285265384315e-01	2.364010087647085701e-01	1.417246517242346515e-01	6.804929056395793430e-02	2.679083738633386211e-02	6.961313465933570421e-02
1.014480413803512761e+03	2.768719036255187782e-01	1.801360019770580634e-01	2.365795924923496940e-01	1.418281289434893400e-01	6.808878138131552182e-02	2.681570843068014492e-02	6.967988314935695537e-02
1.015931744867609382e+03	2.766186111119496860e-01	1.799768231932153684e-01	2.367578526881122247e-01	1.419314335785286374e-01	6.812819929899564808e-02	2.684055607397692680e-02	6.974652405499003061e-02
1.017383075931706003e+03	2.763657700098558490e-01	1.798178918009213367e-01	2.369357899096749265e-01	1.420345659921113946e-01	6.816754448094583529e-02	2.686538029374714934e-02	6.981305751251201674e-02
1.018834406995802851e+03	2.761133794967264299e-01	1.796592074266110117e-01	2.371134047137971601e-01	1.421375265454150882e-01	6.820681709068365794e-02	2.689018106779720446e-02	6.987948365873798695e-02
1.020285738059899245e+03	2.758614387516319932e-01	1.795007696972429900e-01	2.372906976563201320e-01	1.422403155980516420e-01	6.824601729129811667e-02	2.691495837421525178e-02	6.994580263100844131e-02
1.021737069123995752e+03	2.756099469552210079e-01	1.793425782402988111e-01	2.374676692921686982e-01	1.423429335080828861e-01	6.828514524545090114e-02	2.693971219136957751e-02	7.001201456717660865e-02
1.023188400188092373e+03	2.753589032897161837e-01	1.791846326837824299e-01	2.376443201753528356e-01	1.424453806320361837e-01	6.832420111537766683e-02	2.696444249790694650e-02	7.007811960559619247e-02
1.024639731252188767e+03	2.751083069389107516e-01	1.790269326562196062e-01	2.378206508589691959e-01	1.425476573249193080e-01	6.836318506288943664e-02	2.698914927275097159e-02	7.014411788510921397e-02
1.026091062316285615e+03	2.748581570881649117e-01	1.788694777866572383e-01	2.379966618952024937e-01	1.426497639402355133e-01	6.840209724937376667e-02	2.701383249510047602e-02	7.021000954503400782e-02
1.027542393380382237e+03	2.746084529244022243e-01	1.787122677046630026e-01	2.381723538353273384e-01	1.427517008299984125e-01	6.844093783579610624e-02	2.703849214442790791e-02	7.027579472515345371e-02
1.028993724444478858e+03	2.743591936361058359e-01	1.785553020403246316e-01	2.383477272297095106e-01	1.428534683447463816e-01	6.847970698270106071e-02	2.706312820047772003e-02	7.034147356570337462e-02
1.030445055508575479e+03	2.741103784133151477e-01	1.783985804242492479e-01	2.385227826278075725e-01	1.429550668335569930e-01	6.851840485021366833e-02	2.708774064326479464e-02	7.040704620736111530e-02
1.031896386572671872e+03	2.738620064476220972e-01	1.782421024875630033e-01	2.386975205781744214e-01	1.430564966440611430e-01	6.855703159804064917e-02	2.711232945307285105e-02	7.047251279123428747e-02
1.033347717636768493e+03	2.736140769321678268e-01	1.780858678619104130e-01	2.388719416284587893e-01	1.431577581224571516e-01	6.859558738547173740e-02	2.713689461045288090e-02	7.053787345884972304e-02
1.034799048700865114e+03	2.733665890616386318e-01	1.779298761794536610e-01	2.390460463254067969e-01	1.432588516135244461e-01	6.863407237138087480e-02	2.716143609622159380e-02	7.060312835214252458e-02
1.036250379764961508e+03	2.731195420322630740e-01	1.777741270728722123e-01	2.392198352148633134e-01	1.433597774606371889e-01	6.867248671422748751e-02	2.718595389145985960e-02	7.066827761344535164e-02
1.037701710829058356e+03	2.728729350418080957e-01	1.776186201753620630e-01	2.393933088417735666e-01	1.434605360057778778e-01	6.871083057205774891e-02	2.721044797751117836e-02	7.073332138547790138e-02
1.039153041893154750e+03	2.726267672895756888e-01	1.774633551206352966e-01	2.395664677501846973e-01	1.435611275895503636e-01	6.874910410250584247e-02	2.723491833598015721e-02	7.079825981133637536e-02
1.040604372957251599e+03	2.723810379763992318e-01	1.773083315429194728e-01	2.397393124832471190e-01	1.436615525511930891e-01	6.878730746279519692e-02	2.725936494873096999e-02	7.086309303448339036e-02
1.042055704021347992e+03	2.721357463046401026e-01	1.771535490769570176e-01	2.399118435832161000e-01	1.437618112285919403e-01	6.882544080973967970e-02	2.728378779788587227e-02	7.092782119873779212e-02
1.043507035085444613e+03	2.718908914781842934e-01	1.769990073580045564e-01	2.400840615914532628e-01	1.438619039582929859e-01	6.886350429974491538e-02	2.730818686582368870e-02	7.099244444826477429e-02
1.044958366149541234e+03	2.716464727024389680e-01	1.768447060218326372e-01	2.402559670484279708e-01	1.439618310755150787e-01	6.890149808880945137e-02	2.733256213517832461e-02	7.105696292756605303e-02
1.046409697213637855e+03	2.714024891843289655e-01	1.766906447047248141e-01	2.404275604937188837e-01	1.440615929141622620e-01	6.893942233252599305e-02	2.735691358883728802e-02	7.112137678147030517e-02
1.047861028277734476e+03	2.711589401322933579e-01	1.765368230434772312e-01	2.405988424660154557e-01	1.441611898068359543e-01	6.897727718608266667e-02	2.738124120994022900e-02	7.118568615512363418e-02
1.049312359341831097e+03	2.709158247562822863e-01	1.763832406753979565e-01	2.407698135031192399e-01	1.442606220848469956e-01	6.901506280426418505e-02	2.740554498187745824e-02	7.124989119398034143e-02
1.050763690405927491e+03	2.706731422677531862e-01	1.762298972383066487e-01	2.409404741419456097e-01	1.443598900782277483e-01	6.905277934145309660e-02	2.742982488828851068e-02	7.131399204379364198e-02
1.052215021470024112e+03	2.704308918796677896e-01	1.760767923705336135e-01	2.411108249185249519e-01	1.444589941157436164e-01	6.909042695163097880e-02	2.745408091306069873e-02	7.137798885060667176e-02
1.053666352534120733e+03	2.701890728064886282e-01	1.759239257109195265e-01	2.412808663680043597e-01	1.445579345249048409e-01	6.912800578837964560e-02	2.747831304032767943e-02	7.144188176074361962e-02
1.055117683598217127e+03	2.699476842641755914e-01	1.757712968988147106e-01	2.414505990246488543e-01	1.446567116319778801e-01	6.916551600488232698e-02	2.750252125446803197e-02	7.150567092080092890e-02
1.056569014662313975e+03	2.697067254701826511e-01	1.756189055740784988e-01	2.416200234218431053e-01	1.447553257619966505e-01	6.920295775392490412e-02	2.752670554010382825e-02	7.156935647763869313e-02
1.058020345726410369e+03	2.694661956434545313e-01	1.754667513770788723e-01	2.417891400920925971e-01	1.448537772387737677e-01	6.924033118789707508e-02	2.755086588209925552e-02	7.163293857837220446e-02
1.059471676790506763e+03	2.692260940044234885e-01	1.753148339486916008e-01	2.419579495670252378e-01	1.449520663849115931e-01	6.927763645879356225e-02	2.757500226555918352e-02	7.169641737036355766e-02
1.060923007854603611e+03	2.689864197750060359e-01	1.751631529302999646e-01	2.421264523773927479e-01	1.450501935218129756e-01	6.931487371821525023e-02	2.759911467582780442e-02	7.175979300121344828e-02
1.062374338918700232e+03	2.687471721785993362e-01	1.750117079637939499e-01	2.422946490530721031e-01	1.451481589696920760e-01	6.935204311737039329e-02	2.762320309848723121e-02	7.182306561875308193e-02
1.063825669982796853e+03	2.685083504400784804e-01	1.748604986915697213e-01	2.424625401230669774e-01	1.452459630475848584e-01	6.938914480707582266e-02	2.764726751935614457e-02	7.188623537103625005e-02
1.065277001046893474e+03	2.682699537857925476e-01	1.747095247565290665e-01	2.426301261155091316e-01	1.453436060733595825e-01	6.942617893775805682e-02	2.767130792448841553e-02	7.194930240633141960e-02
1.066728332110990095e+03	2.680319814435619397e-01	1.745587858020788696e-01	2.427974075576598556e-01	1.454410883637271557e-01	6.946314565945448105e-02	2.769532430017175931e-02	7.201226687311408636e-02
1.068179663175086489e+03	2.677944326426750510e-01	1.744082814721304164e-01	2.429643849759114127e-01	1.455384102342512365e-01	6.950004512181458260e-02	2.771931663292637529e-02	7.207512892005912830e-02
1.069630994239183110e+03	2.675573066138846046e-01	1.742580114110988676e-01	2.431310588957883989e-01	1.456355719993583098e-01	6.953687747410099151e-02	2.774328490950362866e-02	7.213788869603336706e-02
1.071082325303279504e+03	2.673206025894049320e-01	1.741079752639027589e-01	2.432974298419491588e-01	1.457325739723475955e-01	6.957364286519071572e-02	2.776722911688470075e-02	7.220054635008825439e-02
1.072533656367376352e+03	2.670843198029086429e-01	1.739581726759633629e-01	2.434634983381872564e-01	1.458294164654008185e-01	6.961034144357625131e-02	2.779114924227928454e-02	7.226310203145253075e-02
1.073984987431472746e+03	2.668484574895233497e-01	1.738086032932039393e-01	2.436292649074327799e-01	1.459260997895918954e-01	6.964697335736673434e-02	2.781504527312425590e-02	7.232555588952521708e-02
1.075436318495569594e+03	2.666130148858283366e-01	1.736592667620494579e-01	2.437947300717538957e-01	1.460226242548963993e-01	6.968353875428912048e-02	2.783891719708237247e-02	7.238790807386855097e-02
1.076887649559666215e+03	2.663779912298517849e-01	1.735101627294259041e-01	2.439598943523580421e-01	1.461189901702010518e-01	6.972003778168929522e-02	2.786276500204098311e-02	7.245015873420106167e-02
1.078338980623762609e+03	2.661433857610674414e-01	1.733612908427595023e-01	2.441247582695935114e-01	1.462151978433129385e-01	6.975647058653318411e-02	2.788658867611072678e-02	7.251230802039083934e-02
1.079790311687859230e+03	2.659091977203912882e-01	1.732126507499764656e-01	2.442893223429507543e-01	1.463112475809686952e-01	6.979283731540787683e-02	2.791038820762425932e-02	7.257435608244883207e-02
1.081241642751955851e+03	2.656754263501786562e-01	1.730642420995021358e-01	2.444535870910636288e-01	1.464071396888436127e-01	6.982913811452282071e-02	2.793416358513496969e-02	7.263630307052226787e-02
1.082692973816052472e+03	2.654420708942209495e-01	1.729160645402606500e-01	2.446175530317110935e-01	1.465028744715604625e-01	6.986537312971090319e-02	2.795791479741572411e-02	7.269814913488822916e-02
1.084144304880149093e+03	2.652091305977427038e-01	1.727681177216741637e-01	2.447812206818183733e-01	1.465984522326983786e-01	6.990154250642952038e-02	2.798164183345759268e-02	7.275989442594722745e-02
1.085595635944245487e+03	2.649766047073983666e-01	1.726204012936623233e-01	2.449445905574583193e-01	1.466938732748016283e-01	6.993764638976175674e-02	2.800534468246861433e-02	7.282153909421697213e-02
1.087046967008342108e+03	2.647444924712690217e-01	1.724729149066417666e-01	2.451076631738528522e-01	1.467891378993880780e-01	6.997368492441749521e-02	2.802902333387252698e-02	7.288308329032622268e-02
1.088498298072438729e+03	2.645127931388597253e-01	1.723256582115254565e-01	2.452704390453743777e-01	1.468842464069576859e-01	7.000965825473448589e-02	2.805267777730756709e-02	7.294452716500869627e-02
1.089949629136535123e+03	2.642815059610960082e-01	1.721786308597221815e-01	2.454329186855470635e-01	1.469791990970009676e-01	7.004556652467942846e-02	2.807630800262520335e-02	7.300587086909714196e-02
1.091400960200631971e+03	2.640506301903211561e-01	1.720318325031358064e-01	2.455951026070482546e-01	1.470739962680072399e-01	7.008140987784915177e-02	2.809991399988893968e-02	7.306711455351744267e-02
1.092852291264728365e+03	2.638201650802929898e-01	1.718852627941649391e-01	2.457569913217097224e-01	1.471686382174727248e-01	7.011718845747164086e-02	2.812349575937308360e-02	7.312825836928285583e-02
1.094303622328825213e+03	2.635901098861809233e-01	1.717389213857021812e-01	2.459185853405192468e-01	1.472631252419085990e-01	7.015290240640716102e-02	2.814705327156155623e-02	7.318930246748832358e-02
1.095754953392921607e+03	2.633604638645627438e-01	1.715928079311336008e-01	2.460798851736217263e-01	1.473574576368490430e-01	7.018855186714932637e-02	2.817058652714667100e-02	7.325024699930490768e-02
1.097206284457018228e+03	2.631312262734217811e-01	1.714469220843381492e-01	2.462408913303207048e-01	1.474516356968590403e-01	7.022413698182616848e-02	2.819409551702794364e-02	7.331109211597423847e-02
1.098657615521114849e+03	2.629023963721438539e-01	1.713012634996870787e-01	2.464016043190796201e-01	1.475456597155420935e-01	7.025965789220126045e-02	2.821758023231093343e-02	7.337183796880319964e-02
1.100108946585211470e+03	2.626739734215142730e-01	1.711558318320433869e-01	2.465620246475231925e-01	1.476395299855479404e-01	7.029511473967473001e-02	2.824104066430601495e-02	7.343248470915852977e-02
1.101560277649308091e+03	2.624459566837147317e-01	1.710106267367611510e-01	2.467221528224387839e-01	1.477332467985801312e-01	7.033050766528438358e-02	2.826447680452724015e-02	7.349303248846157655e-02
1.103011608713404712e+03	2.622183454223206422e-01	1.708656478696851944e-01	2.468819893497776197e-01	1.478268104454033560e-01	7.036583680970677490e-02	2.828788864469116912e-02	7.355348145818327299e-02
1.104462939777501106e+03	2.619911389022976933e-01	1.707208948871501708e-01	2.470415347346562596e-01	1.479202212158510499e-01	7.040110231325824586e-02	2.831127617671569743e-02	7.361383176983890553e-02
1.105914270841597499e+03	2.617643363899992415e-01	1.705763674459802037e-01	2.472007894813579576e-01	1.480134793988324149e-01	7.043630431589596730e-02	2.833463939271891469e-02	7.367408357498325677e-02
1.107365601905694348e+03	2.615379371531634245e-01	1.704320652034882200e-01	2.473597540933337724e-01	1.481065852823398032e-01	7.047144295721904927e-02	2.835797828501794224e-02	7.373423702520566503e-02
1.108816932969790741e+03	2.613119404609099417e-01	1.702879878174754502e-01	2.475184290732042047e-01	1.481995391534557394e-01	7.050651837646954023e-02	2.838129284612781952e-02	7.379429227212519482e-02
1.110268264033887590e+03	2.610863455837372227e-01	1.701441349462308739e-01	2.476768149227601690e-01	1.482923412983598588e-01	7.054153071253353724e-02	2.840458306876034178e-02	7.385424946738591845e-02
1.111719595097984211e+03	2.608611517935195412e-01	1.700005062485304697e-01	2.478349121429646307e-01	1.483849920023359026e-01	7.057648010394217131e-02	2.842784894582296024e-02	7.391410876265223917e-02
1.113170926162080832e+03	2.606363583635041281e-01	1.698571013836367438e-01	2.479927212339537446e-01	1.484774915497786285e-01	7.061136668887266210e-02	2.845109047041764413e-02	7.397387030960431153e-02
1.114622257226177226e+03	2.604119645683082851e-01	1.697139200112982582e-01	2.481502426950382423e-01	1.485698402242003613e-01	7.064619060514941429e-02	2.847430763583977051e-02	7.403353425993354497e-02
1.116073588290273847e+03	2.601879696839162759e-01	1.695709617917488810e-01	2.483074770247047092e-01	1.486620383082377927e-01	7.068095199024497510e-02	2.849750043557702436e-02	7.409310076533816292e-02
1.117524919354370468e+03	2.599643729876768283e-01	1.694282263857073145e-01	2.484644247206168888e-01	1.487540860836585876e-01	7.071565098128110294e-02	2.852066886330829193e-02	7.415256997751883128e-02
1.118976250418467089e+03	2.597411737582998037e-01	1.692857134543764575e-01	2.486210862796169874e-01	1.488459838313677397e-01	7.075028771502980818e-02	2.854381291290255737e-02	7.421194204817439799e-02
1.120427581482563710e+03	2.595183712758536987e-01	1.691434226594429047e-01	2.487774621977270895e-01	1.489377318314142051e-01	7.078486232791435240e-02	2.856693257841783420e-02	7.427121712899764638e-02
1.121878912546660331e+03	2.592959648217627033e-01	1.690013536630762259e-01	2.489335529701502681e-01	1.490293303629970090e-01	7.081937495601026145e-02	2.859002785410006547e-02	7.433039537167114574e-02
1.123330243610756725e+03	2.590739536788036479e-01	1.688595061279285769e-01	2.490893590912720557e-01	1.491207797044716565e-01	7.085382573504639403e-02	2.861309873438205170e-02	7.438947692786324062e-02
1.124781574674853118e+03	2.588523371311033938e-01	1.687178797171340339e-01	2.492448810546616378e-01	1.492120801333562397e-01	7.088821480040589929e-02	2.863614521388239270e-02	7.444846194922395688e-02
1.126232905738949967e+03	2.586311144641360582e-01	1.685764740943079820e-01	2.494001193530731020e-01	1.493032319263376539e-01	7.092254228712725761e-02	2.865916728740439817e-02	7.450735058738112981e-02
1.127684236803046360e+03	2.584102849647197386e-01	1.684352889235466166e-01	2.495550744784469088e-01	1.493942353592775107e-01	7.095680832990527986e-02	2.868216494993505727e-02	7.456614299393647671e-02
1.129135567867143209e+03	2.581898479210142927e-01	1.682943238694262211e-01	2.497097469219110299e-01	1.494850907072181045e-01	7.099101306309212045e-02	2.870513819664395963e-02	7.462483932046180823e-02
1.130586898931239830e+03	2.579698026225181184e-01	1.681535785970028618e-01	2.498641371737823358e-01	1.495757982443883805e-01	7.102515662069826263e-02	2.872808702288227184e-02	7.468343971849532303e-02
1.132038229995336451e+03	2.577501483600654897e-01	1.680130527718115274e-01	2.500182457235677336e-01	1.496663582442097074e-01	7.105923913639351774e-02	2.875101142418168970e-02	7.474194433953783301e-02
1.133489561059432845e+03	2.575308844258238916e-01	1.678727460598657684e-01	2.501720730599655274e-01	1.497567709793015678e-01	7.109326074350802438e-02	2.877391139625339045e-02	7.480035333504927997e-02
1.134940892123529466e+03	2.573120101132910786e-01	1.677326581276569473e-01	2.503256196708668058e-01	1.498470367214873034e-01	7.112722157503326148e-02	2.879678693498701966e-02	7.485866685644503027e-02
1.136392223187626087e+03	2.570935247172922988e-01	1.675927886421538227e-01	2.504788860433564412e-01	1.499371557417997214e-01	7.116112176362296426e-02	2.881963803644966085e-02	7.491688505509248863e-02
1.137843554251722708e+03	2.568754275339776294e-01	1.674531372708018273e-01	2.506318726637147831e-01	1.500271283104865905e-01	7.119496144159420670e-02	2.884246469688481890e-02	7.497500808230761482e-02
1.139294885315819101e+03	2.566577178608189791e-01	1.673137036815226519e-01	2.507845800174183792e-01	1.501169546970161084e-01	7.122874074092828967e-02	2.886526691271140352e-02	7.503303608935155133e-02
1.140746216379915950e+03	2.564403949966078677e-01	1.671744875427135513e-01	2.509370085891417523e-01	1.502066351700822588e-01	7.126245979327179569e-02	2.888804468052273353e-02	7.509096922742730662e-02
1.142197547444012343e+03	2.562234582414521511e-01	1.670354885232467612e-01	2.510891588627585103e-01	1.502961699976103072e-01	7.129611872993750488e-02	2.891079799708552028e-02	7.514880764767647991e-02
1.143648878508108737e+03	2.560069068967734673e-01	1.668967062924690270e-01	2.512410313213424007e-01	1.503855594467619627e-01	7.132971768190539408e-02	2.893352685933888932e-02	7.520655150117611099e-02
1.145100209572205586e+03	2.557907402653046280e-01	1.667581405202010203e-01	2.513926264471686434e-01	1.504748037839405139e-01	7.136325677982358062e-02	2.895623126439337072e-02	7.526420093893543273e-02
1.146551540636302207e+03	2.555749576510866761e-01	1.666197908767366453e-01	2.515439447217155955e-01	1.505639032747961015e-01	7.139673615400932150e-02	2.897891120952993463e-02	7.532175611189283193e-02
1.148002871700398828e+03	2.553595583594665541e-01	1.664816570328425671e-01	2.516949866256653623e-01	1.506528581842307701e-01	7.143015593444995703e-02	2.900156669219899550e-02	7.537921717091285168e-02
1.149454202764495449e+03	2.551445416970939961e-01	1.663437386597576284e-01	2.518457526389055734e-01	1.507416687764034924e-01	7.146351625080385461e-02	2.902419771001944759e-02	7.543658426678311046e-02
1.150905533828591842e+03	2.549299069719189736e-01	1.662060354291922393e-01	2.519962432405302710e-01	1.508303353147351367e-01	7.149681723240136622e-02	2.904680426077769356e-02	7.549385755021140176e-02
1.152356864892688463e+03	2.547156534931891425e-01	1.660685470133278774e-01	2.521464589088414643e-01	1.509188580619132969e-01	7.153005900824579988e-02	2.906938634242667643e-02	7.555103717182283518e-02
1.153808195956785084e+03	2.545017805714470671e-01	1.659312730848164497e-01	2.522964001213500729e-01	1.510072372798972606e-01	7.156324170701436338e-02	2.909194395308492553e-02	7.560812328215697764e-02
1.155259527020881706e+03	2.542882875185275005e-01	1.657942133167796817e-01	2.524460673547775369e-01	1.510954732299227277e-01	7.159636545705908017e-02	2.911447709103560585e-02	7.566511603166505007e-02
1.156710858084978327e+03	2.540751736475548306e-01	1.656573673828087012e-01	2.525954610850565385e-01	1.511835661725065005e-01	7.162943038640777471e-02	2.913698575472556743e-02	7.572201557070723510e-02
1.158162189149074720e+03	2.538624382729402496e-01	1.655207349569633446e-01	2.527445817873328893e-01	1.512715163674513141e-01	7.166243662276496063e-02	2.915946994276439816e-02	7.577882204954992929e-02
1.159613520213171569e+03	2.536500807103794775e-01	1.653843157137716291e-01	2.528934299359661964e-01	1.513593240738503043e-01	7.169538429351283992e-02	2.918192965392349403e-02	7.583553561836316181e-02
1.161064851277267962e+03	2.534381002768495983e-01	1.652481093282291147e-01	2.530420060045313613e-01	1.514469895500916430e-01	7.172827352571216342e-02	2.920436488713511539e-02	7.589215642721798549e-02
1.162516182341364356e+03	2.532264962906069505e-01	1.651121154757984322e-01	2.531903104658199122e-01	1.515345130538630347e-01	7.176110444610320216e-02	2.922677564149147450e-02	7.594868462608390935e-02
1.163967513405461204e+03	2.530152680711841295e-01	1.649763338324086726e-01	2.533383437918409475e-01	1.516218948421561852e-01	7.179387718110670502e-02	2.924916191624380227e-02	7.600512036482640066e-02
1.165418844469557826e+03	2.528044149393877116e-01	1.648407640744547487e-01	2.534861064538225794e-01	1.517091351712711866e-01	7.182659185682471747e-02	2.927152371080142881e-02	7.606146379320448403e-02
1.166870175533654447e+03	2.525939362172951452e-01	1.647054058787969788e-01	2.536335989222130993e-01	1.517962342968209311e-01	7.185924859904160855e-02	2.929386102473086756e-02	7.611771506086821570e-02
1.168321506597751068e+03	2.523838312282525864e-01	1.645702589227604484e-01	2.537808216666821437e-01	1.518831924737353845e-01	7.189184753322493127e-02	2.931617385775492357e-02	7.617387431735643533e-02
1.169772837661847461e+03	2.521740992968721229e-01	1.644353228841343162e-01	2.539277751561220264e-01	1.519700099562658335e-01	7.192438878452638018e-02	2.933846220975177763e-02	7.622994171209436509e-02
1.171224168725944082e+03	2.519647397490293317e-01	1.643005974411714532e-01	2.540744598586488490e-01	1.520566869979890767e-01	7.195687247778262408e-02	2.936072608075408763e-02	7.628591739439136155e-02
1.172675499790040703e+03	2.517557519118605591e-01	1.641660822725876656e-01	2.542208762416038326e-01	1.521432238518116153e-01	7.198929873751629127e-02	2.938296547094809696e-02	7.634180151343865350e-02
1.174126830854137097e+03	2.515471351137604228e-01	1.640317770575613898e-01	2.543670247715543731e-01	1.522296207699737614e-01	7.202166768793684393e-02	2.940518038067274284e-02	7.639759421830716324e-02
1.175578161918233945e+03	2.513388886843790915e-01	1.638976814757328870e-01	2.545129059142954842e-01	1.523158780040537175e-01	7.205397945294149398e-02	2.942737081041877853e-02	7.645329565794531379e-02
1.177029492982330339e+03	2.511310119546199537e-01	1.637637952072037162e-01	2.546585201348506855e-01	1.524019958049715184e-01	7.208623415611603580e-02	2.944953676082789212e-02	7.650890598117693342e-02
1.178480824046426733e+03	2.509235042566369533e-01	1.636301179325362898e-01	2.548038678974735016e-01	1.524879744229931111e-01	7.211843192073585929e-02	2.947167823269182182e-02	7.656442533669918782e-02
1.179932155110523581e+03	2.507163649238319802e-01	1.634966493327531800e-01	2.549489496656485721e-01	1.525738141077342402e-01	7.215057286976674089e-02	2.949379522695149206e-02	7.661985387308051232e-02
1.181383486174620202e+03	2.505095932908524836e-01	1.633633890893366469e-01	2.550937659020928172e-01	1.526595151081641677e-01	7.218265712586580118e-02	2.951588774469615303e-02	7.667519173875859961e-02
1.182834817238716823e+03	2.503031886935888628e-01	1.632303368842279723e-01	2.552383170687567149e-01	1.527450776726098081e-01	7.221468481138230977e-02	2.953795578716251688e-02	7.673043908203847074e-02
1.184286148302813444e+03	2.500971504691718583e-01	1.630974923998269877e-01	2.553826036268254107e-01	1.528305020487593646e-01	7.224665604835867061e-02	2.955999935573389026e-02	7.678559605109050445e-02
1.185737479366910065e+03	2.498914779559702204e-01	1.629648553189914917e-01	2.555266260367198283e-01	1.529157884836659653e-01	7.227857095853122693e-02	2.958201845193933130e-02	7.684066279394856369e-02
1.187188810431006686e+03	2.496861704935880444e-01	1.628324253250366394e-01	2.556703847580982236e-01	1.530009372237516041e-01	7.231042966333117716e-02	2.960401307745280305e-02	7.689563945850814985e-02
1.188640141495103080e+03	2.494812274228623561e-01	1.627002021017343592e-01	2.558138802498570175e-01	1.530859485148106103e-01	7.234223228388542148e-02	2.962598323409232695e-02	7.695052619252455706e-02
1.190091472559199701e+03	2.492766480858605027e-01	1.625681853333129090e-01	2.559571129701321834e-01	1.531708226020133679e-01	7.237397894101749163e-02	2.964792892381913972e-02	7.700532314361109576e-02
1.191542803623296322e+03	2.490724318258778769e-01	1.624363747044561546e-01	2.561000833763002471e-01	1.532555597299099237e-01	7.240566975524835580e-02	2.966985014873686419e-02	7.706003045923730255e-02
1.192994134687392716e+03	2.488685779874351689e-01	1.623047699003030975e-01	2.562427919249796737e-01	1.533401601424334293e-01	7.243730484679727910e-02	2.969174691109068009e-02	7.711464828672733030e-02
1.194445465751489564e+03	2.486650859162760907e-01	1.621733706064474034e-01	2.563852390720319785e-01	1.534246240829037766e-01	7.246888433558276721e-02	2.971361921326649141e-02	7.716917677325813019e-02
1.195896796815585958e+03	2.484619549593647947e-01	1.620421765089366251e-01	2.565274252725629478e-01	1.535089517940309567e-01	7.250040834122335742e-02	2.973546705779010757e-02	7.722361606585785576e-02
1.197348127879682352e+03	2.482591844648834867e-01	1.619111872942717578e-01	2.566693509809236384e-01	1.535931435179185289e-01	7.253187698303849296e-02	2.975729044732642811e-02	7.727796631140426697e-02
1.198799458943779200e+03	2.480567737822299279e-01	1.617804026494067127e-01	2.568110166507117653e-01	1.536771994960670074e-01	7.256329038004939724e-02	2.977908938467862393e-02	7.733222765662309262e-02
1.200250790007875821e+03	2.478547222620149371e-01	1.616498222617476777e-01	2.569524227347730339e-01	1.537611199693771913e-01	7.259464865097992048e-02	2.980086387278733581e-02	7.738640024808650375e-02
1.201702121071972442e+03	2.476530292560600588e-01	1.615194458191526183e-01	2.570935696852016394e-01	1.538449051781535237e-01	7.262595191425733065e-02	2.982261391472986259e-02	7.744048423221157329e-02
1.203153452136069063e+03	2.474516941173949824e-01	1.613892730099306116e-01	2.572344579533422659e-01	1.539285553621073388e-01	7.265720028801327113e-02	2.984433951371935970e-02	7.749447975525876331e-02
1.204604783200165684e+03	2.472507162002552661e-01	1.612593035228414295e-01	2.573750879897906962e-01	1.540120707603601646e-01	7.268839389008452390e-02	2.986604067310404814e-02	7.754838696333046788e-02
1.206056114264262078e+03	2.470500948600798108e-01	1.611295370470949007e-01	2.575154602443952556e-01	1.540954516114467487e-01	7.271953283801385615e-02	2.988771739636641653e-02	7.760220600236959754e-02
1.207507445328358699e+03	2.468498294535084181e-01	1.609999732723502996e-01	2.576555751662578664e-01	1.541786981533184719e-01	7.275061724905089455e-02	2.990936968712243349e-02	7.765593701815814986e-02
1.208958776392455093e+03	2.466499193383794863e-01	1.608706118887159586e-01	2.577954332037351581e-01	1.542618106233463182e-01	7.278164724015294407e-02	2.993099754912076707e-02	7.770958015631583560e-02
1.210410107456551941e+03	2.464503638737275126e-01	1.607414525867484623e-01	2.579350348044399110e-01	1.543447892583240666e-01	7.281262292798582059e-02	2.995260098624200409e-02	7.776313556229869084e-02
1.211861438520648335e+03	2.462511624197807614e-01	1.606124950574522314e-01	2.580743804152418330e-01	1.544276342944712888e-01	7.284354442892465586e-02	2.997418000249785913e-02	7.781660338139781419e-02
1.213312769584745183e+03	2.460523143379587663e-01	1.604837389922790514e-01	2.582134704822690030e-01	1.545103459674364577e-01	7.287441185905477181e-02	2.999573460203042163e-02	7.786998375873802058e-02
1.214764100648841804e+03	2.458538189908700267e-01	1.603551840831273223e-01	2.583523054509087591e-01	1.545929245122999174e-01	7.290522533417248541e-02	3.001726478911137183e-02	7.792327683927659232e-02
1.216215431712937971e+03	2.456556757423095927e-01	1.602268300223415876e-01	2.584908857658092529e-01	1.546753701635768530e-01	7.293598496978591361e-02	3.003877056814122787e-02	7.797648276780203003e-02
1.217666762777034819e+03	2.454578839572567894e-01	1.600986765027120062e-01	2.586292118708802823e-01	1.547576831552202048e-01	7.296669088111580603e-02	3.006025194364857558e-02	7.802960168893280368e-02
1.219118093841131440e+03	2.452604430018726078e-01	1.599707232174737981e-01	2.587672842092944570e-01	1.548398637206236383e-01	7.299734318309639147e-02	3.008170892028931911e-02	7.808263374711621463e-02
1.220569424905228061e+03	2.450633522434975953e-01	1.598429698603066051e-01	2.589051032234885308e-01	1.549219120926244031e-01	7.302794199037616896e-02	3.010314150284591761e-02	7.813557908662718821e-02
1.222020755969324682e+03	2.448666110506493576e-01	1.597154161253339921e-01	2.590426693551644011e-01	1.550038285035061358e-01	7.305848741731868490e-02	3.012454969622664278e-02	7.818843785156714965e-02
1.223472087033421303e+03	2.446702187930202554e-01	1.595880617071228635e-01	2.591799830452903852e-01	1.550856131850017472e-01	7.308897957800339351e-02	3.014593350546483294e-02	7.824121018586287224e-02
1.224923418097517697e+03	2.444741748414750171e-01	1.594609063006829641e-01	2.593170447341022200e-01	1.551672663682961695e-01	7.311941858622643398e-02	3.016729293571814366e-02	7.829389623326546421e-02
1.226374749161614318e+03	2.442784785680484350e-01	1.593339496014662404e-01	2.594538548611041717e-01	1.552487882840291600e-01	7.314980455550147698e-02	3.018862799226782953e-02	7.834649613734916140e-02
1.227826080225710712e+03	2.440831293459430340e-01	1.592071913053663690e-01	2.595904138650703685e-01	1.553301791622978822e-01	7.318013759906044635e-02	3.020993868051798092e-02	7.839901004151042518e-02
1.229277411289807560e+03	2.438881265495266848e-01	1.590806311087181180e-01	2.597267221840457996e-01	1.554114392326598204e-01	7.321041782985442115e-02	3.023122500599481274e-02	7.845143808896684612e-02
1.230728742353903954e+03	2.436934695543304386e-01	1.589542687082968475e-01	2.598627802553475363e-01	1.554925687241353327e-01	7.324064536055431562e-02	3.025248697434593931e-02	7.850378042275610313e-02
1.232180073418000802e+03	2.434991577370459737e-01	1.588281038013179547e-01	2.599985885155658427e-01	1.555735678652102605e-01	7.327082030355178133e-02	3.027372459133963536e-02	7.855603718573506145e-02
1.233631404482097196e+03	2.433051904755234029e-01	1.587021360854362906e-01	2.601341474005652299e-01	1.556544368838387038e-01	7.330094277095994260e-02	3.029493786286412138e-02	7.860820852057880115e-02
1.235082735546193817e+03	2.431115671487690810e-01	1.585763652587456329e-01	2.602694573454857330e-01	1.557351760074454083e-01	7.333101287461418760e-02	3.031612679492685924e-02	7.866029456977963186e-02
1.236534066610290438e+03	2.429182871369431063e-01	1.584507910197781311e-01	2.604045187847438547e-01	1.558157854629284855e-01	7.336103072607297326e-02	3.033729139365382715e-02	7.871229547564621842e-02
1.237985397674387059e+03	2.427253498213571004e-01	1.583254130675036675e-01	2.605393321520337868e-01	1.558962654766618827e-01	7.339099643661854688e-02	3.035843166528881532e-02	7.876421138030266500e-02
1.239436728738483680e+03	2.425327545844720156e-01	1.582002311013295248e-01	2.606738978803286866e-01	1.559766162744979923e-01	7.342091011725784822e-02	3.037954761619271818e-02	7.881604242568768237e-02
1.240888059802580301e+03	2.423405008098957203e-01	1.580752448210994976e-01	2.608082164018816207e-01	1.560568380817699274e-01	7.345077187872317559e-02	3.040063925284282667e-02	7.886778875355368590e-02
1.242339390866676695e+03	2.421485878823807503e-01	1.579504539270936980e-01	2.609422881482266754e-01	1.561369311232941870e-01	7.348058183147300471e-02	3.042170658183214471e-02	7.891945050546597673e-02
1.243790721930773088e+03	2.419570151878221165e-01	1.578258581200277511e-01	2.610761135501800667e-01	1.562168956233730421e-01	7.351034008569276579e-02	3.044274960986868492e-02	7.897102782280196465e-02
1.245242052994869937e+03	2.417657821132548901e-01	1.577014571010523503e-01	2.612096930378415283e-01	1.562967318057969235e-01	7.354004675129562074e-02	3.046376834377477125e-02	7.902252084675029375e-02
1.246693384058966330e+03	2.415748880468521487e-01	1.575772505717526473e-01	2.613430270405950329e-01	1.563764398938467803e-01	7.356970193792321255e-02	3.048476279048636592e-02	7.907392971831017636e-02
1.248144715123063179e+03	2.413843323779224503e-01	1.574532382341477799e-01	2.614761159871102913e-01	1.564560201102964954e-01	7.359930575494642857e-02	3.050573295705236512e-02	7.912525457829056030e-02
1.249596046187159800e+03	2.411941144969079465e-01	1.573294197906902891e-01	2.616089603053434187e-01	1.565354726774152438e-01	7.362885831146619153e-02	3.052667885063393635e-02	7.917649556730939342e-02
1.251047377251256421e+03	2.410042337953816893e-01	1.572057949442655089e-01	2.617415604225385439e-01	1.566147978169697141e-01	7.365835971631418122e-02	3.054760047850382798e-02	7.922765282579292967e-02
1.252498708315352815e+03	2.408146896660458003e-01	1.570823633981911494e-01	2.618739167652285316e-01	1.566939957502265501e-01	7.368781007805363936e-02	3.056849784804569620e-02	7.927872649397503524e-02
1.253950039379449436e+03	2.406254815027289717e-01	1.569591248562166030e-01	2.620060297592363141e-01	1.567730666979544607e-01	7.371720950498009128e-02	3.058937096675343886e-02	7.932971671189646690e-02
1.255401370443546057e+03	2.404366087003843855e-01	1.568360790225224732e-01	2.621378998296758911e-01	1.568520108804266067e-01	7.374655810512213694e-02	3.061021984223052592e-02	7.938062361940423362e-02
1.256852701507642678e+03	2.402480706550874368e-01	1.567132256017200187e-01	2.622695274009535504e-01	1.569308285174227935e-01	7.377585598624215868e-02	3.063104448218933670e-02	7.943144735615095819e-02
1.258304032571739299e+03	2.400598667640334860e-01	1.565905642988505986e-01	2.624009128967688120e-01	1.570095198282315807e-01	7.380510325583707065e-02	3.065184489445048344e-02	7.948218806159421113e-02
1.259755363635835920e+03	2.398719964255356940e-01	1.564680948193850896e-01	2.625320567401156491e-01	1.570880850316525856e-01	7.383430002113909596e-02	3.067262108694217282e-02	7.953284587499592773e-02
1.261206694699932314e+03	2.396844590390228014e-01	1.563458168692234418e-01	2.626629593532835427e-01	1.571665243459985928e-01	7.386344638911651606e-02	3.069337306769953991e-02	7.958342093542179752e-02
1.262658025764028707e+03	2.394972540050368803e-01	1.562237301546939572e-01	2.627936211578585923e-01	1.572448379890976911e-01	7.389254246647439239e-02	3.071410084486400280e-02	7.963391338174063971e-02
1.264109356828125556e+03	2.393103807252312809e-01	1.561018343825530397e-01	2.629240425747245702e-01	1.573230261782954664e-01	7.392158835965528807e-02	3.073480442668260690e-02	7.968432335262391752e-02
1.265560687892221949e+03	2.391238386023682161e-01	1.559801292599842792e-01	2.630542240240640872e-01	1.574010891304570003e-01	7.395058417484004498e-02	3.075548382150738655e-02	7.973465098654512750e-02
1.267012018956318798e+03	2.389376270403167912e-01	1.558586144945982022e-01	2.631841659253596477e-01	1.574790270619690347e-01	7.397953001794849159e-02	3.077613903779471277e-02	7.978489642177927221e-02
1.268463350020415419e+03	2.387517454440507281e-01	1.557372897944314938e-01	2.633138686973947595e-01	1.575568401887419701e-01	7.400842599464019234e-02	3.079677008410466529e-02	7.983505979640233285e-02
1.269914681084511813e+03	2.385661932196460888e-01	1.556161548679466655e-01	2.634433327582550444e-01	1.576345287262119199e-01	7.403727221031516925e-02	3.081737696910039070e-02	7.988514124829081131e-02
1.271366012148608434e+03	2.383809697742793055e-01	1.554952094240314164e-01	2.635725585253292369e-01	1.577120928893428198e-01	7.406606877011462364e-02	3.083795970154747448e-02	7.993514091512116115e-02
1.272817343212705055e+03	2.381960745162249315e-01	1.553744531719980226e-01	2.637015464153104061e-01	1.577895328926282870e-01	7.409481577892167159e-02	3.085851829031330956e-02	7.998505893436937131e-02
1.274268674276801676e+03	2.380115068548533941e-01	1.552538858215829765e-01	2.638302968441968988e-01	1.578668489500937577e-01	7.412351334136206560e-02	3.087905274436645794e-02	8.003489544331048033e-02
1.275720005340898297e+03	2.378272662006289395e-01	1.551335070829461538e-01	2.639588102272935055e-01	1.579440412752982914e-01	7.415216156180493012e-02	3.089956307277604702e-02	8.008465057901813233e-02
1.277171336404994690e+03	2.376433519651074966e-01	1.550133166666705919e-01	2.640870869792126263e-01	1.580211100813366798e-01	7.418076054436344158e-02	3.092004928471113467e-02	8.013432447836411898e-02
1.278622667469091539e+03	2.374597635609344282e-01	1.548933142837617127e-01	2.642151275138750477e-01	1.580980555808412236e-01	7.420931039289557773e-02	3.094051138944009516e-02	8.018391727801797708e-02
1.280073998533187932e+03	2.372765004018424495e-01	1.547734996456469614e-01	2.643429322445113860e-01	1.581748779859838139e-01	7.423781121100481162e-02	3.096094939633000850e-02	8.023342911444658609e-02
1.281525329597284326e+03	2.370935619026495467e-01	1.546538724641750850e-01	2.644705015836630313e-01	1.582515775084776255e-01	7.426626310204086090e-02	3.098136331484604641e-02	8.028286012391377957e-02
1.282976660661381175e+03	2.369109474792567560e-01	1.545344324516156886e-01	2.645978359431831461e-01	1.583281543595792262e-01	7.429466616910035404e-02	3.100175315455086164e-02	8.033221044247991494e-02
1.284427991725477568e+03	2.367286565486461103e-01	1.544151793206587631e-01	2.647249357342377762e-01	1.584046087500902145e-01	7.432302051502756579e-02	3.102211892510398430e-02	8.038148020600155430e-02
1.285879322789574417e+03	2.365466885288784460e-01	1.542961127844139357e-01	2.648518013673069049e-01	1.584809408903592454e-01	7.435132624241506949e-02	3.104246063626121821e-02	8.043066955013106201e-02
1.287330653853671038e+03	2.363650428390913494e-01	1.541772325564101653e-01	2.649784332521857300e-01	1.585571509902837239e-01	7.437958345360452805e-02	3.106277829787404757e-02	8.047977861031632707e-02
1.288781984917767431e+03	2.361837188994970194e-01	1.540585383505950756e-01	2.651048317979853852e-01	1.586332392593116647e-01	7.440779225068734626e-02	3.108307191988902984e-02	8.052880752180036072e-02
1.290233315981864052e+03	2.360027161313801303e-01	1.539400298813343726e-01	2.652309974131343839e-01	1.587092059064434957e-01	7.443595273550535074e-02	3.110334151234720595e-02	8.057775641962100499e-02
