1.001418434226643626e+03	2.791894836361909493e-01	1.815507365843669063e-01	2.349635703724971825e-01	1.409076754235124573e-01	6.772842141548812700e-02	2.658825476873179910e-02	6.907185779898310229e-02
1.002869765290740247e+03	2.789324289740804930e-01	1.813889296416714425e-01	2.351447320771349048e-01	1.410128267948141667e-01	6.776841689099613597e-02	2.661323676444483227e-02	6.913942885662861804e-02
1.004321096354836754e+03	2.786758344053391623e-01	1.812273726609471836e-01	2.353255649128135063e-01	1.411178036693064575e-01	6.780833781850661990e-02	2.663819511281536809e-02	6.920689142004228522e-02
1.005772427418933376e+03	2.784196990813664341e-01	1.810660652736944265e-01	2.355060694453473824e-01	1.412226064122644176e-01	6.784818436883026382e-02	2.666312979194421923e-02	6.927424562632349125e-02
1.007223758483029997e+03	2.781640221552305614e-01	1.809050071118944447e-01	2.356862462396450142e-01	1.413272353873138154e-01	6.788795671231884210e-02	2.668804078021859774e-02	6.934149161314927257e-02
1.008675089547126618e+03	2.779088027816649653e-01	1.807441978080092382e-01	2.358660958597105783e-01	1.414316909564486413e-01	6.792765501886659230e-02	2.671292805631038034e-02	6.940862951876017317e-02
1.010126420611223239e+03	2.776540401170639050e-01	1.805836369949810893e-01	2.360456188686448353e-01	1.415359734800483715e-01	6.796727945791167236e-02	2.673779159917439793e-02	6.947565948194635299e-02
1.011577751675319632e+03	2.773997333194785364e-01	1.804233243062322023e-01	2.362248158286464894e-01	1.416400833168951767e-01	6.800683019843754840e-02	2.676263138804673911e-02	6.954258164203397374e-02
1.013029082739416367e+03	2.771458815486131377e-01	1.802632593756641477e-01	2.364036873010134376e-01	1.417440208241906308e-01	6.804630740897447960e-02	2.678744740244307088e-02	6.960939613887176525e-02
1.014480413803512761e+03	2.768924839658210568e-01	1.801034418376576962e-01	2.365822338461439633e-01	1.418477863575723918e-01	6.808571125760086440e-02	2.681223962215695603e-02	6.967610311281779989e-02
1.015931744867609382e+03	2.766395397341006590e-01	1.799438713270723189e-01	2.367604560235379019e-01	1.419513802711304673e-01	6.812504191194471148e-02	2.683700802725819817e-02	6.974270270472646138e-02
1.017383075931706003e+03	2.763870480180917744e-01	1.797845474792457432e-01	2.369383543917979451e-01	1.420548029174234506e-01	6.816429953918495821e-02	2.686175259809117991e-02	6.980919505593573271e-02
1.018834406995802851e+03	2.761350079840714233e-01	1.796254699299935642e-01	2.371159295086307517e-01	1.421580546474943141e-01	6.820348430605299717e-02	2.688647331527322520e-02	6.987558030825451183e-02
1.020285738059899245e+03	2.758834187999500975e-01	1.794666383156088563e-01	2.372931819308483070e-01	1.422611358108862023e-01	6.824259637883395291e-02	2.691117015969297921e-02	6.994185860395034371e-02
1.021737069123995752e+03	2.756322796352680959e-01	1.793080522728618398e-01	2.374701122143690613e-01	1.423640467556577249e-01	6.828163592336811138e-02	2.693584311250878105e-02	7.000803008573715236e-02
1.023188400188092373e+03	2.753815896611912506e-01	1.791497114389993539e-01	2.376467209142191506e-01	1.424667878283983335e-01	6.832060310505232159e-02	2.696049215514705402e-02	7.007409489676330594e-02
1.024639731252188767e+03	2.751313480505075404e-01	1.789916154517445790e-01	2.378230085845335351e-01	1.425693593742432541e-01	6.835949808884134171e-02	2.698511726930072699e-02	7.014005318059979288e-02
1.026091062316285615e+03	2.748815539776229278e-01	1.788337639492964815e-01	2.379989757785574700e-01	1.426717617368883084e-01	6.839832103924922690e-02	2.700971843692761762e-02	7.020590508122868945e-02
1.027542393380382237e+03	2.746322066185579724e-01	1.786761565703296195e-01	2.381746230486474214e-01	1.427739952586045413e-01	6.843707212035067544e-02	2.703429564024889889e-02	7.027165074303168280e-02
1.028993724444478858e+03	2.743833051509435017e-01	1.785187929539935325e-01	2.383499509462724264e-01	1.428760602802525703e-01	6.847575149578244424e-02	2.705884886174748927e-02	7.033729031077889937e-02
1.030445055508575479e+03	2.741348487540173906e-01	1.783616727399123525e-01	2.385249600220152866e-01	1.429779571412967965e-01	6.851435932874462564e-02	2.708337808416653655e-02	7.040282392961784430e-02
1.031896386572671872e+03	2.738868366086204542e-01	1.782047955681845541e-01	2.386996508255738725e-01	1.430796861798193931e-01	6.855289578200209066e-02	2.710788329050785317e-02	7.046825174506254896e-02
1.033347717636768493e+03	2.736392678971930059e-01	1.780481610793824554e-01	2.388740239057621229e-01	1.431812477325341282e-01	6.859136101788573803e-02	2.713236446403038613e-02	7.053357390298291285e-02
1.034799048700865114e+03	2.733921418037708051e-01	1.778917689145517733e-01	2.390480798105114602e-01	1.432826421347998813e-01	6.862975519829393745e-02	2.715682158824870088e-02	7.059879054959415645e-02
1.036250379764961508e+03	2.731454575139817265e-01	1.777356187152111799e-01	2.392218190868719840e-01	1.433838697206341328e-01	6.866807848469376474e-02	2.718125464693145824e-02	7.066390183144653780e-02
1.037701710829058356e+03	2.728992142150417077e-01	1.775797101233520525e-01	2.393952422810134706e-01	1.434849308227261200e-01	6.870633103812241738e-02	2.720566362409991903e-02	7.072890789541511070e-02
1.039153041893154750e+03	2.726534110957513080e-01	1.774240427814379184e-01	2.395683499382269266e-01	1.435858257724499654e-01	6.874451301918849122e-02	2.723004850402644880e-02	7.079380888868980204e-02
1.040604372957251599e+03	2.724080473464920993e-01	1.772686163324041220e-01	2.397411426029253945e-01	1.436865548998774444e-01	6.878262458807331281e-02	2.725440927123303284e-02	7.085860495876554477e-02
1.042055704021347992e+03	2.721631221592227812e-01	1.771134304196572973e-01	2.399136208186455343e-01	1.437871185337906699e-01	6.882066590453227162e-02	2.727874591048979475e-02	7.092329625343263277e-02
1.043507035085444613e+03	2.719186347274756832e-01	1.769584846870751460e-01	2.400857851280486510e-01	1.438875170016946647e-01	6.885863712789612456e-02	2.730305840681355317e-02	7.098788292076714523e-02
1.044958366149541234e+03	2.716745842463533789e-01	1.768037787790058546e-01	2.402576360729218596e-01	1.439877506298296028e-01	6.889653841707228665e-02	2.732734674546634032e-02	7.105236510912169012e-02
1.046409697213637855e+03	2.714309699125247444e-01	1.766493123402677057e-01	2.404291741941794180e-01	1.440878197431829655e-01	6.893436993054614936e-02	2.735161091195397257e-02	7.111674296711607834e-02
1.047861028277734476e+03	2.711877909242214613e-01	1.764950850161487728e-01	2.406004000318638925e-01	1.441877246655016154e-01	6.897213182638238516e-02	2.737585089202461408e-02	7.118101664362835868e-02
1.049312359341831097e+03	2.709450464812344639e-01	1.763410964524064206e-01	2.407713141251472677e-01	1.442874657193034815e-01	6.900982426222622423e-02	2.740006667166734397e-02	7.124518628778590823e-02
1.050763690405927491e+03	2.707027357849106086e-01	1.761873462952668612e-01	2.409419170123322240e-01	1.443870432258893277e-01	6.904744739530473130e-02	2.742425823711074073e-02	7.130925204895664782e-02
1.052215021470024112e+03	2.704608580381486771e-01	1.760338341914247373e-01	2.411122092308534415e-01	1.444864575053541877e-01	6.908500138242815169e-02	2.744842557482147019e-02	7.137321407674043772e-02
1.053666352534120733e+03	2.702194124453963786e-01	1.758805597880428451e-01	2.412821913172786270e-01	1.445857088765986620e-01	6.912248637999109102e-02	2.747256867150289425e-02	7.143707252096063998e-02
1.055117683598217127e+03	2.699783982126462978e-01	1.757275227327515510e-01	2.414518638073097911e-01	1.446847976573402139e-01	6.915990254397387516e-02	2.749668751409366230e-02	7.150082753165576399e-02
1.056569014662313975e+03	2.697378145474327860e-01	1.755747226736484590e-01	2.416212272357844415e-01	1.447837241641240780e-01	6.919725002994379925e-02	2.752078208976635465e-02	7.156447925907129248e-02
1.058020345726410369e+03	2.694976606588281864e-01	1.754221592592979384e-01	2.417902821366768595e-01	1.448824887123342231e-01	6.923452899305633512e-02	2.754485238592609131e-02	7.162802785365160463e-02
1.059471676790506763e+03	2.692579357574397259e-01	1.752698321387307356e-01	2.419590290430991553e-01	1.449810916162039276e-01	6.927173958805647735e-02	2.756889839020916499e-02	7.169147346603209348e-02
1.060923007854603611e+03	2.690186390554055729e-01	1.751177409614435854e-01	2.421274684873025995e-01	1.450795331888265205e-01	6.930888196927995071e-02	2.759292009048169847e-02	7.175481624703135275e-02
1.062374338918700232e+03	2.687797697663918961e-01	1.749658853773987111e-01	2.422956010006787342e-01	1.451778137421657067e-01	6.934595629065447298e-02	2.761691747483828105e-02	7.181805634764348856e-02
1.063825669982796853e+03	2.685413271055890339e-01	1.748142650370234641e-01	2.424634271137606212e-01	1.452759335870658641e-01	6.938296270570094848e-02	2.764089053160063633e-02	7.188119391903070865e-02
1.065277001046893474e+03	2.683033102897081634e-01	1.746628795912098797e-01	2.426309473562240082e-01	1.453738930332622581e-01	6.941990136753482810e-02	2.766483924931630034e-02	7.194422911251580066e-02
1.066728332110990095e+03	2.680657185369780260e-01	1.745117286913143162e-01	2.427981622568885223e-01	1.454716923893909497e-01	6.945677242886724723e-02	2.768876361675728232e-02	7.200716207957488790e-02
1.068179663175086489e+03	2.678285510671414293e-01	1.743608119891569275e-01	2.429650723437188631e-01	1.455693319629987326e-01	6.949357604200627481e-02	2.771266362291876020e-02	7.206999297183029618e-02
1.069630994239183110e+03	2.675918071014516952e-01	1.742101291370212468e-01	2.431316781438261077e-01	1.456668120605527916e-01	6.953031235885817618e-02	2.773653925701777267e-02	7.213272194104350388e-02
1.071082325303279504e+03	2.673554858626696062e-01	1.740596797876539092e-01	2.432979801834686817e-01	1.457641329874504177e-01	6.956698153092860659e-02	2.776039050849191461e-02	7.219534913910817531e-02
1.072533656367376352e+03	2.671195865750598530e-01	1.739094635942640132e-01	2.434639789880537752e-01	1.458612950480283055e-01	6.960358370932383243e-02	2.778421736699805342e-02	7.225787471804344386e-02
1.073984987431472746e+03	2.668841084643877037e-01	1.737594802105228986e-01	2.436296750821383972e-01	1.459582985455721016e-01	6.964011904475198023e-02	2.780801982241105225e-02	7.232029882998716741e-02
1.075436318495569594e+03	2.666490507579156177e-01	1.736097292905635914e-01	2.437950689894305412e-01	1.460551437823254806e-01	6.967658768752421627e-02	2.783179786482247592e-02	7.238262162718937798e-02
1.076887649559666215e+03	2.664144126844000260e-01	1.734602104889803875e-01	2.439601612327905455e-01	1.461518310594993042e-01	6.971298978755592624e-02	2.785555148453934191e-02	7.244484326200580082e-02
1.078338980623762609e+03	2.661801934740878339e-01	1.733109234608284643e-01	2.441249523342321204e-01	1.462483606772805034e-01	6.974932549436799190e-02	2.787928067208284705e-02	7.250696388689149841e-02
1.079790311687859230e+03	2.659463923587134238e-01	1.731618678616235474e-01	2.442894428149235964e-01	1.463447329348409875e-01	6.978559495708794302e-02	2.790298541818713590e-02	7.256898365439466703e-02
1.081241642751955851e+03	2.657130085714951018e-01	1.730130433473412443e-01	2.444536331951890629e-01	1.464409481303463878e-01	6.982179832445115086e-02	2.792666571379803439e-02	7.263090271715046120e-02
1.082692973816052472e+03	2.654800413471317122e-01	1.728644495744167675e-01	2.446175239945096447e-01	1.465370065609645778e-01	6.985793574480197998e-02	2.795032155007181815e-02	7.269272122787492907e-02
1.084144304880149093e+03	2.652474899217997506e-01	1.727160861997445729e-01	2.447811157315246400e-01	1.466329085228742501e-01	6.989400736609509279e-02	2.797395291837400516e-02	7.275443933935912821e-02
1.085595635944245487e+03	2.650153535331499222e-01	1.725679528806778051e-01	2.449444089240326583e-01	1.467286543112732711e-01	6.993001333589649038e-02	2.799755981027809634e-02	7.281605720446328311e-02
1.087046967008342108e+03	2.647836314203035890e-01	1.724200492750278813e-01	2.451074040889929251e-01	1.468242442203869236e-01	6.996595380138478926e-02	2.802114221756439941e-02	7.287757497611103974e-02
1.088498298072438729e+03	2.645523228238501057e-01	1.722723750410641574e-01	2.452701017425263086e-01	1.469196785434760677e-01	7.000182890935234548e-02	2.804470013221879374e-02	7.293899280728383117e-02
1.089949629136535123e+03	2.643214269858431553e-01	1.721249298375133463e-01	2.454325023999166244e-01	1.470149575728452174e-01	7.003763880620642035e-02	2.806823354643153690e-02	7.300031085101535422e-02
1.091400960200631971e+03	2.640909431497975302e-01	1.719777133235592947e-01	2.455946065756117458e-01	1.471100815998504507e-01	7.007338363797040170e-02	2.809174245259608502e-02	7.306152926038612938e-02
1.092852291264728365e+03	2.638608705606863558e-01	1.718307251588423179e-01	2.457564147832248247e-01	1.472050509149072095e-01	7.010906355028488635e-02	2.811522684330788543e-02	7.312264818851811621e-02
1.094303622328825213e+03	2.636312084649374832e-01	1.716839650034590048e-01	2.459179275355354855e-01	1.472998658074980705e-01	7.014467868840887355e-02	2.813868671136322136e-02	7.318366778856950916e-02
1.095754953392921607e+03	2.634019561104303242e-01	1.715374325179615800e-01	2.460791453444908794e-01	1.473945265661803783e-01	7.018022919722094466e-02	2.816212204975801839e-02	7.324458821372953343e-02
1.097206284457018228e+03	2.631731127464929654e-01	1.713911273633575705e-01	2.462400687212070727e-01	1.474890334785937118e-01	7.021571522122034559e-02	2.818553285168669958e-02	7.330540961721336568e-02
1.098657615521114849e+03	2.629446776238986150e-01	1.712450492011093617e-01	2.464006981759700177e-01	1.475833868314674058e-01	7.025113690452818027e-02	2.820891911054100934e-02	7.336613215225717965e-02
1.100108946585211470e+03	2.627166499948627720e-01	1.710991976931337533e-01	2.465610342182368298e-01	1.476775869106277395e-01	7.028649439088854867e-02	2.823228081990886151e-02	7.342675597211320571e-02
1.101560277649308091e+03	2.624890291130400621e-01	1.709535725018015984e-01	2.467210773566370086e-01	1.477716340010052920e-01	7.032178782366965697e-02	2.825561797357322227e-02	7.348728123004491519e-02
1.103011608713404712e+03	2.622618142335209068e-01	1.708081732899372762e-01	2.468808280989734372e-01	1.478655283866419368e-01	7.035701734586496947e-02	2.827893056551093742e-02	7.354770807932232979e-02
1.104462939777501106e+03	2.620350046128284704e-01	1.706629997208183036e-01	2.470402869522237421e-01	1.479592703506980578e-01	7.039218310009434654e-02	2.830221858989162217e-02	7.360803667321731691e-02
1.105914270841597499e+03	2.618085995089156071e-01	1.705180514581748630e-01	2.471994544225414037e-01	1.480528601754593221e-01	7.042728522860512708e-02	2.832548204107653012e-02	7.366826716499906558e-02
1.107365601905694348e+03	2.615825981811618073e-01	1.703733281661894139e-01	2.473583310152568659e-01	1.481462981423436187e-01	7.046232387327328039e-02	2.834872091361742910e-02	7.372839970792954833e-02
1.108816932969790741e+03	2.613569998903699232e-01	1.702288295094962489e-01	2.475169172348787860e-01	1.482395845319078864e-01	7.049729917560453030e-02	2.837193520225550838e-02	7.378843445525916367e-02
1.110268264033887590e+03	2.611318038987632817e-01	1.700845551531809940e-01	2.476752135850950887e-01	1.483327196238546086e-01	7.053221127673542368e-02	2.839512490192025451e-02	7.384837156022235061e-02
1.111719595097984211e+03	2.609070094699825759e-01	1.699405047627803311e-01	2.478332205687743262e-01	1.484257036970385579e-01	7.056706031743452401e-02	2.841829000772835151e-02	7.390821117603338375e-02
1.113170926162080832e+03	2.606826158690826456e-01	1.697966780042813872e-01	2.479909386879666777e-01	1.485185370294732354e-01	7.060184643810339666e-02	2.844143051498260188e-02	7.396795345588212667e-02
1.114622257226177226e+03	2.604586223625295904e-01	1.696530745441214016e-01	2.481483684439051984e-01	1.486112198983373101e-01	7.063656977877780241e-02	2.846454641917083375e-02	7.402759855292997959e-02
1.116073588290273847e+03	2.602350282181976615e-01	1.695096940491872262e-01	2.483055103370068739e-01	1.487037525799809190e-01	7.067123047912877987e-02	2.848763771596481836e-02	7.408714662030582709e-02
1.117524919354370468e+03	2.600118327053663192e-01	1.693665361868149921e-01	2.484623648668739249e-01	1.487961353499319128e-01	7.070582867846368635e-02	2.851070440121919805e-02	7.414659781110209680e-02
1.118976250418467089e+03	2.597890350947170135e-01	1.692236006247895275e-01	2.486189325322948895e-01	1.488883684829021559e-01	7.074036451572736361e-02	2.853374647097041417e-02	7.420595227837077645e-02
1.120427581482563710e+03	2.595666346583303530e-01	1.690808870313440238e-01	2.487752138312458172e-01	1.489804522527934105e-01	7.077483812950316477e-02	2.855676392143565584e-02	7.426521017511969469e-02
1.121878912546660331e+03	2.593446306696831072e-01	1.689383950751595642e-01	2.489312092608914062e-01	1.490723869327034989e-01	7.080924965801403681e-02	2.857975674901179139e-02	7.432437165430873238e-02
1.123330243610756725e+03	2.591230224036449314e-01	1.687961244253647353e-01	2.490869193175861696e-01	1.491641727949321872e-01	7.084359923912365853e-02	2.860272495027432402e-02	7.438343686884610340e-02
1.124781574674853118e+03	2.589018091364757579e-01	1.686540747515351268e-01	2.492423444968756008e-01	1.492558101109870139e-01	7.087788701033742589e-02	2.862566852197635445e-02	7.444240597158478800e-02
1.126232905738949967e+03	2.586809901458226313e-01	1.685122457236928606e-01	2.493974852934973674e-01	1.493472991515891468e-01	7.091211310880360386e-02	2.864858746104752621e-02	7.450127911531892466e-02
1.127684236803046360e+03	2.584605647107166559e-01	1.683706370123062845e-01	2.495523422013823656e-01	1.494386401866790448e-01	7.094627767131435336e-02	2.867148176459300910e-02	7.456005645278032667e-02
1.129135567867143209e+03	2.582405321115703312e-01	1.682292482882894180e-01	2.497069157136559969e-01	1.495298334854220923e-01	7.098038083430678602e-02	2.869435142989246873e-02	7.461873813663505439e-02
1.130586898931239830e+03	2.580208916301741096e-01	1.680880792230015353e-01	2.498612063226391955e-01	1.496208793162141226e-01	7.101442273386404658e-02	2.871719645439903962e-02	7.467732431948011229e-02
1.132038229995336451e+03	2.578016425496940101e-01	1.679471294882467769e-01	2.500152145198496489e-01	1.497117779466870247e-01	7.104840350571633989e-02	2.874001683573831553e-02	7.473581515384004892e-02
1.133489561059432845e+03	2.575827841546683428e-01	1.678063987562736226e-01	2.501689407960031031e-01	1.498025296437140441e-01	7.108232328524204113e-02	2.876281257170733990e-02	7.479421079216373724e-02
1.134940892123529466e+03	2.573643157310048779e-01	1.676658866997745856e-01	2.503223856410141668e-01	1.498931346734151959e-01	7.111618220746866725e-02	2.878558366027360316e-02	7.485251138682121053e-02
1.136392223187626087e+03	2.571462365659778482e-01	1.675255929918856301e-01	2.504755495439976998e-01	1.499835933011625377e-01	7.114998040707397331e-02	2.880833009957403310e-02	7.491071709010053981e-02
1.137843554251722708e+03	2.569285459482252842e-01	1.673855173061857271e-01	2.506284329932700339e-01	1.500739057915854435e-01	7.118371801838699331e-02	2.883105188791401999e-02	7.496882805420473916e-02
1.139294885315819101e+03	2.567112431677459061e-01	1.672456593166966599e-01	2.507810364763498612e-01	1.501640724085756828e-01	7.121739517538903941e-02	2.885374902376641737e-02	7.502684443124875424e-02
1.140746216379915950e+03	2.564943275158960700e-01	1.671060186978821915e-01	2.509333604799595663e-01	1.502540934152925556e-01	7.125101201171478438e-02	2.887642150577056713e-02	7.508476637325652014e-02
1.142197547444012343e+03	2.562777982853873260e-01	1.669665951246479818e-01	2.510854054900265031e-01	1.503439690741678325e-01	7.128456866065324693e-02	2.889906933273131417e-02	7.514259403215804711e-02
1.143648878508108737e+03	2.560616547702832535e-01	1.668273882723409207e-01	2.512371719916837720e-01	1.504336996469108900e-01	7.131806525514886030e-02	2.892169250361804542e-02	7.520032755978656169e-02
1.145100209572205586e+03	2.558458962659966862e-01	1.666883978167488234e-01	2.513886604692715521e-01	1.505232853945133453e-01	7.135150192780247147e-02	2.894429101756371830e-02	7.525796710787573118e-02
1.146551540636302207e+03	2.556305220692867697e-01	1.665496234340998749e-01	2.515398714063384333e-01	1.506127265772541635e-01	7.138487881087235420e-02	2.896686487386390327e-02	7.531551282805687419e-02
1.148002871700398828e+03	2.554155314782562414e-01	1.664110648010622695e-01	2.516908052856421385e-01	1.507020234547042647e-01	7.141819603627523605e-02	2.898941407197582615e-02	7.537296487185633775e-02
1.149454202764495449e+03	2.552009237923485996e-01	1.662727215947437109e-01	2.518414625891511882e-01	1.507911762857313542e-01	7.145145373558733914e-02	2.901193861151741410e-02	7.543032339069281889e-02
1.150905533828591842e+03	2.549866983123448838e-01	1.661345934926910517e-01	2.519918437980454562e-01	1.508801853285045291e-01	7.148465204004533780e-02	2.903443849226636231e-02	7.548758853587474171e-02
1.152356864892688463e+03	2.547728543403615653e-01	1.659966801728897656e-01	2.521419493927178901e-01	1.509690508404987475e-01	7.151779108054741319e-02	2.905691371415918683e-02	7.554476045859777333e-02
1.153808195956785084e+03	2.545593911798471054e-01	1.658589813137635594e-01	2.522917798527752331e-01	1.510577730784996853e-01	7.155087098765422482e-02	2.907936427729029133e-02	7.560183930994228418e-02
1.155259527020881706e+03	2.543463081355794575e-01	1.657214965941739004e-01	2.524413356570392453e-01	1.511463522986079278e-01	7.158389189158988197e-02	2.910179018191104069e-02	7.565882524087094718e-02
1.156710858084978327e+03	2.541336045136631805e-01	1.655842256934195456e-01	2.525906172835479802e-01	1.512347887562435766e-01	7.161685392224302615e-02	2.912419142842882780e-02	7.571571840222626748e-02
1.158162189149074720e+03	2.539212796215266077e-01	1.654471682912362351e-01	2.527396252095568396e-01	1.513230827061505523e-01	7.164975720916774704e-02	2.914656801740616102e-02	7.577251894472826488e-02
1.159613520213171569e+03	2.537093327679192378e-01	1.653103240677959995e-01	2.528883599115396286e-01	1.514112344024009238e-01	7.168260188158462332e-02	2.916891994955975523e-02	7.582922701897218398e-02
1.161064851277267962e+03	2.534977632629087929e-01	1.651736927037070202e-01	2.530368218651898871e-01	1.514992440983992383e-01	7.171538806838163860e-02	2.919124722575961242e-02	7.588584277542619050e-02
1.162516182341364356e+03	2.532865704178784982e-01	1.650372738800129357e-01	2.531850115454217232e-01	1.515871120468866573e-01	7.174811589811525003e-02	2.921354984702811269e-02	7.594236636442920629e-02
1.163967513405461204e+03	2.530757535455243068e-01	1.649010672781925368e-01	2.533329294263712006e-01	1.516748384999452581e-01	7.178078549901130423e-02	2.923582781453913301e-02	7.599879793618864732e-02
1.165418844469557826e+03	2.528653119598520682e-01	1.647650725801592664e-01	2.534805759813973935e-01	1.517624237090020034e-01	7.181339699896606421e-02	2.925808112961713475e-02	7.605513764077838357e-02
1.166870175533654447e+03	2.526552449761750863e-01	1.646292894682607477e-01	2.536279516830835523e-01	1.518498679248329042e-01	7.184595052554711148e-02	2.928030979373628939e-02	7.611138562813656028e-02
1.168321506597751068e+03	2.524455519111111768e-01	1.644937176252784794e-01	2.537750570032379915e-01	1.519371713975669891e-01	7.187844620599435908e-02	2.930251380851957646e-02	7.616754204806361339e-02
1.169772837661847461e+03	2.522362320825798365e-01	1.643583567344271967e-01	2.539218924128955890e-01	1.520243343766903288e-01	7.191088416722106469e-02	2.932469317573790923e-02	7.622360705022020178e-02
1.171224168725944082e+03	2.520272848097996343e-01	1.642232064793545943e-01	2.540684583823186737e-01	1.521113571110499774e-01	7.194326453581467717e-02	2.934684789730926391e-02	7.627958078412529208e-02
1.172675499790040703e+03	2.518187094132854909e-01	1.640882665441407429e-01	2.542147553809981919e-01	1.521982398488577193e-01	7.197558743803791903e-02	2.936897797529780529e-02	7.633546339915416035e-02
1.174126830854137097e+03	2.516105052148461252e-01	1.639535366132977567e-01	2.543607838776549279e-01	1.522849828376940384e-01	7.200785299982966070e-02	2.939108341191301599e-02	7.639125504453656013e-02
1.175578161918233945e+03	2.514026715375810572e-01	1.638190163717692938e-01	2.545065443402403926e-01	1.523715863245118929e-01	7.204006134680590590e-02	2.941316420950883942e-02	7.644695586935482123e-02
1.177029492982330339e+03	2.511952077058781096e-01	1.636847055049301114e-01	2.546520372359381001e-01	1.524580505556403509e-01	7.207221260426069365e-02	2.943522037058282290e-02	7.650256602254204563e-02
1.178480824046426733e+03	2.509881130454106324e-01	1.635506036985856504e-01	2.547972630311647890e-01	1.525443757767883657e-01	7.210430689716715302e-02	2.945725189777525371e-02	7.655808565288034495e-02
1.179932155110523581e+03	2.507813868831350601e-01	1.634167106389715629e-01	2.549422221915714215e-01	1.526305622330484946e-01	7.213634435017833579e-02	2.947925879386832648e-02	7.661351490899906413e-02
1.181383486174620202e+03	2.505750285472878591e-01	1.632830260127532129e-01	2.550869151820442382e-01	1.527166101689003408e-01	7.216832508762820175e-02	2.950124106178528965e-02	7.666885393937310222e-02
1.182834817238716823e+03	2.503690373673831404e-01	1.631495495070254265e-01	2.552313424667059794e-01	1.528025198282142727e-01	7.220024923353259017e-02	2.952319870458960244e-02	7.672410289232121927e-02
1.184286148302813444e+03	2.501634126742100506e-01	1.630162808093117699e-01	2.553755045089168840e-01	1.528882914542548654e-01	7.223211691159008019e-02	2.954513172548411254e-02	7.677926191600438488e-02
1.185737479366910065e+03	2.499581537998299408e-01	1.628832196075643279e-01	2.555194017712761334e-01	1.529739252896844537e-01	7.226392824518297620e-02	2.956704012781021310e-02	7.683433115842418226e-02
1.187188810431006686e+03	2.497532600775737022e-01	1.627503655901631485e-01	2.556630347156224059e-01	1.530594215765664901e-01	7.229568335737819595e-02	2.958892391504702735e-02	7.688931076742126780e-02
1.188640141495103080e+03	2.495487308420393513e-01	1.626177184459158265e-01	2.558064038030355425e-01	1.531447805563689868e-01	7.232738237092824207e-02	2.961078309081056903e-02	7.694420089067377511e-02
1.190091472559199701e+03	2.493445654290892266e-01	1.624852778640570594e-01	2.559495094938372683e-01	1.532300024699679297e-01	7.235902540827210405e-02	2.963261765885294441e-02	7.699900167569584397e-02
1.191542803623296322e+03	2.491407631758473795e-01	1.623530435342481759e-01	2.560923522475925251e-01	1.533150875576505534e-01	7.239061259153613259e-02	2.965442762306152308e-02	7.705371326983610769e-02
1.192994134687392716e+03	2.489373234206971042e-01	1.622210151465766914e-01	2.562349325231104702e-01	1.534000360591186163e-01	7.242214404253505267e-02	2.967621298745814346e-02	7.710833582027631916e-02
1.194445465751489564e+03	2.487342455032781618e-01	1.620891923915559474e-01	2.563772507784456978e-01	1.534848482134917314e-01	7.245361988277276843e-02	2.969797375619829746e-02	7.716286947402985208e-02
1.195896796815585958e+03	2.485315287644843385e-01	1.619575749601245007e-01	2.565193074708990717e-01	1.535695242593104470e-01	7.248504023344336245e-02	2.971970993357032215e-02	7.721731437794039643e-02
1.197348127879682352e+03	2.483291725464607247e-01	1.618261625436458462e-01	2.566611030570192797e-01	1.536540644345395223e-01	7.251640521543194218e-02	2.974142152399461558e-02	7.727167067868054295e-02
1.198799458943779200e+03	2.481271761926011621e-01	1.616949548339079445e-01	2.568026379926034442e-01	1.537384689765710355e-01	7.254771494931554210e-02	2.976310853202284931e-02	7.732593852275049251e-02
1.200250790007875821e+03	2.479255390475457177e-01	1.615639515231225842e-01	2.569439127326986760e-01	1.538227381222275481e-01	7.257896955536405348e-02	2.978477096233716689e-02	7.738011805647673769e-02
1.201702121071972442e+03	2.477242604571780749e-01	1.614331523039252148e-01	2.570849277316028525e-01	1.539068721077650193e-01	7.261016915354115420e-02	2.980640881974939982e-02	7.743420942601082768e-02
1.203153452136069063e+03	2.475233397686229520e-01	1.613025568693742806e-01	2.572256834428658379e-01	1.539908711688760534e-01	7.264131386350509978e-02	2.982802210920029382e-02	7.748821277732810542e-02
1.204604783200165684e+03	2.473227763302435489e-01	1.611721649129508604e-01	2.573661803192905939e-01	1.540747355406927033e-01	7.267240380460972260e-02	2.984961083575872823e-02	7.754212825622651406e-02
1.206056114264262078e+03	2.471225694916390769e-01	1.610419761285582230e-01	2.575064188129341791e-01	1.541584654577895508e-01	7.270343909590523679e-02	2.987117500462094927e-02	7.759595600832538964e-02
1.207507445328358699e+03	2.469227186036421495e-01	1.609119902105214384e-01	2.576463993751090809e-01	1.542420611541866493e-01	7.273441985613918193e-02	2.989271462110979286e-02	7.764969617906435084e-02
1.208958776392455093e+03	2.467232230183162012e-01	1.607822068535867954e-01	2.577861224563839926e-01	1.543255228633523546e-01	7.276534620375728346e-02	2.991422969067392829e-02	7.770334891370206387e-02
1.210410107456551941e+03	2.465240820889530171e-01	1.606526257529214408e-01	2.579255885065853127e-01	1.544088508182062114e-01	7.279621825690434089e-02	2.993572021888708454e-02	7.775691435731527101e-02
1.211861438520648335e+03	2.463252951700702076e-01	1.605232466041129347e-01	2.580647979747978105e-01	1.544920452511217845e-01	7.282703613342506044e-02	2.995718621144731475e-02	7.781039265479763878e-02
1.213312769584745183e+03	2.461268616174087098e-01	1.603940691031687515e-01	2.582037513093657921e-01	1.545751063939295733e-01	7.285779995086499872e-02	2.997862767417622948e-02	7.786378395085867543e-02
1.214764100648841804e+03	2.459287807879302068e-01	1.602650929465158913e-01	2.583424489578945993e-01	1.546580344779196203e-01	7.288850982647140930e-02	3.000004461301824382e-02	7.791708839002278730e-02
1.216215431712937971e+03	2.457310520398146847e-01	1.601363178310004076e-01	2.584808913672512198e-01	1.547408297338443983e-01	7.291916587719404763e-02	3.002143703403984190e-02	7.797030611662815469e-02
1.217666762777034819e+03	2.455336747324578517e-01	1.600077434538869636e-01	2.586190789835656756e-01	1.548234923919213912e-01	7.294976821968614245e-02	3.004280494342883440e-02	7.802343727482589919e-02
1.219118093841131440e+03	2.453366482264688064e-01	1.598793695128583325e-01	2.587570122522319660e-01	1.549060226818358976e-01	7.298031697030515907e-02	3.006414834749361262e-02	7.807648200857900123e-02
1.220569424905228061e+03	2.451399718836674013e-01	1.597511957060150645e-01	2.588946916179091229e-01	1.549884208327436397e-01	7.301081224511374312e-02	3.008546725266242686e-02	7.812944046166139800e-02
1.222020755969324682e+03	2.449436450670817722e-01	1.596232217318749591e-01	2.590321175245224317e-01	1.550706870732734000e-01	7.304125415988052539e-02	3.010676166548264740e-02	7.818231277765710918e-02
1.223472087033421303e+03	2.447476671409459792e-01	1.594954472893725939e-01	2.591692904152644306e-01	1.551528216315295472e-01	7.307164283008099614e-02	3.012803159262003941e-02	7.823509909995929323e-02
1.224923418097517697e+03	2.445520374706974254e-01	1.593678720778589075e-01	2.593062107325960208e-01	1.552348247350947286e-01	7.310197837089831008e-02	3.014927704085804128e-02	7.828779957176941473e-02
1.226374749161614318e+03	2.443567554229744698e-01	1.592404957971008395e-01	2.594428789182476325e-01	1.553166966110323122e-01	7.313226089722421608e-02	3.017049801709704646e-02	7.834041433609637006e-02
1.227826080225710712e+03	2.441618203656139019e-01	1.591133181472807467e-01	2.595792954132200570e-01	1.553984374858889961e-01	7.316249052365983441e-02	3.019169452835369569e-02	7.839294353575569640e-02
1.229277411289807560e+03	2.439672316676485264e-01	1.589863388289959878e-01	2.597154606577857794e-01	1.554800475856971675e-01	7.319266736451654487e-02	3.021286658176014495e-02	7.844538731336872517e-02
1.230728742353903954e+03	2.437729886993048600e-01	1.588595575432585338e-01	2.598513750914899778e-01	1.555615271359775675e-01	7.322279153381677785e-02	3.023401418456337850e-02	7.849774581136183260e-02
1.232180073418000802e+03	2.435790908320004111e-01	1.587329739914945248e-01	2.599870391531514668e-01	1.556428763617415112e-01	7.325286314529488862e-02	3.025513734412449071e-02	7.855001917196566263e-02
1.233631404482097196e+03	2.433855374383414316e-01	1.586065878755436864e-01	2.601224532808640855e-01	1.557240954874934136e-01	7.328288231239797612e-02	3.027623606791798871e-02	7.860220753721436360e-02
1.235082735546193817e+03	2.431923278921205300e-01	1.584803988976590805e-01	2.602576179119974742e-01	1.558051847372331489e-01	7.331284914828674337e-02	3.029731036353110196e-02	7.865431104894490821e-02
1.236534066610290438e+03	2.429994615683141179e-01	1.583544067605064942e-01	2.603925334831982408e-01	1.558861443344584374e-01	7.334276376583627466e-02	3.031836023866307794e-02	7.870632984879633032e-02
1.237985397674387059e+03	2.428069378430801339e-01	1.582286111671640794e-01	2.605272004303911260e-01	1.559669745021671772e-01	7.337262627763689593e-02	3.033938570112449176e-02	7.875826407820910036e-02
1.239436728738483680e+03	2.426147560937555181e-01	1.581030118211218249e-01	2.606616191887799472e-01	1.560476754628596918e-01	7.340243679599502136e-02	3.036038675883657653e-02	7.881011387842441762e-02
1.240888059802580301e+03	2.424229156988538803e-01	1.579776084262812519e-01	2.607957901928487643e-01	1.561282474385411456e-01	7.343219543293390272e-02	3.038136341983051561e-02	7.886187939048354412e-02
1.242339390866676695e+03	2.422314160380631409e-01	1.578524006869548302e-01	2.609297138763628787e-01	1.562086906507236528e-01	7.346190230019450373e-02	3.040231569224677646e-02	7.891356075522723557e-02
1.243790721930773088e+03	2.420402564922430333e-01	1.577273883078655903e-01	2.610633906723699438e-01	1.562890053204286922e-01	7.349155750923630492e-02	3.042324358433443066e-02	7.896515811329503365e-02
1.245242052994869937e+03	2.418494364434228272e-01	1.576025709941466790e-01	2.611968210132010748e-01	1.563691916681891336e-01	7.352116117123810857e-02	3.044414710445048078e-02	7.901667160512479415e-02
1.246693384058966330e+03	2.416589552747988867e-01	1.574779484513408045e-01	2.613300053304717929e-01	1.564492499140516246e-01	7.355071339709884359e-02	3.046502626105919084e-02	7.906810137095199309e-02
1.248144715123063179e+03	2.414688123707323386e-01	1.573535203854000419e-01	2.614629440550831352e-01	1.565291802775786445e-01	7.358021429743839825e-02	3.048588106273142362e-02	7.911944755080921321e-02
1.249596046187159800e+03	2.412790071167466577e-01	1.572292865026850839e-01	2.615956376172228759e-01	1.566089829778506692e-01	7.360966398259838339e-02	3.050671151814396409e-02	7.917071028452560277e-02
1.251047377251256421e+03	2.410895388995253907e-01	1.571052465099649909e-01	2.617280864463663592e-01	1.566886582334683087e-01	7.363906256264299288e-02	3.052751763607887761e-02	7.922188971172633432e-02
1.252498708315352815e+03	2.409004071069097419e-01	1.569814001144166915e-01	2.618602909712777760e-01	1.567682062625544714e-01	7.366841014735972526e-02	3.054829942542284030e-02	7.927298597183211892e-02
1.253950039379449436e+03	2.407116111278962411e-01	1.568577470236245386e-01	2.619922516200108298e-01	1.568476272827563633e-01	7.369770684626024415e-02	3.056905689516649371e-02	7.932399920405865112e-02
1.255401370443546057e+03	2.405231503526344128e-01	1.567342869455798093e-01	2.621239688199104023e-01	1.569269215112476801e-01	7.372695276858116931e-02	3.058979005440378221e-02	7.937492954741615092e-02
1.256852701507642678e+03	2.403350241724243608e-01	1.566110195886803724e-01	2.622554429976131085e-01	1.570060891647304668e-01	7.375614802328482600e-02	3.061049891233131801e-02	7.942577714070896133e-02
1.258304032571739299e+03	2.401472319797145760e-01	1.564879446617301606e-01	2.623866745790485733e-01	1.570851304594373665e-01	7.378529271906006382e-02	3.063118347824773588e-02	7.947654212253496553e-02
1.259755363635835920e+03	2.399597731680994939e-01	1.563650618739386711e-01	2.625176639894404862e-01	1.571640456111333961e-01	7.381438696432306157e-02	3.065184376155305132e-02	7.952722463128529540e-02
1.261206694699932314e+03	2.397726471323173292e-01	1.562423709349206324e-01	2.626484116533075452e-01	1.572428348351181393e-01	7.384343086721804894e-02	3.067247977174801868e-02	7.957782480514377643e-02
1.262658025764028707e+03	2.395858532682474673e-01	1.561198715546954774e-01	2.627789179944647335e-01	1.573214983462276062e-01	7.387242453561813915e-02	3.069309151843350666e-02	7.962834278208660854e-02
1.264109356828125556e+03	2.393993909729085212e-01	1.559975634436869263e-01	2.629091834360239854e-01	1.574000363588361762e-01	7.390136807712611999e-02	3.071367901130985303e-02	7.967877869988193584e-02
1.265560687892221949e+03	2.392132596444558057e-01	1.558754463127225709e-01	2.630392084003956299e-01	1.574784490868585962e-01	7.393026159907517547e-02	3.073424226017625049e-02	7.972913269608948583e-02
1.267012018956318798e+03	2.390274586821790337e-01	1.557535198730333748e-01	2.631689933092892786e-01	1.575567367437518407e-01	7.395910520852971848e-02	3.075478127493011873e-02	7.977940490806016693e-02
1.268463350020415419e+03	2.388419874865001236e-01	1.556317838362532568e-01	2.632985385837148251e-01	1.576348995425169708e-01	7.398789901228608468e-02	3.077529606556647992e-02	7.982959547293576319e-02
1.269914681084511813e+03	2.386568454589709232e-01	1.555102379144186198e-01	2.634278446439836108e-01	1.577129376957010498e-01	7.401664311687340680e-02	3.079578664217734116e-02	7.987970452764854568e-02
1.271366012148608434e+03	2.384720320022707951e-01	1.553888818199679611e-01	2.635569119097093682e-01	1.577908514153990860e-01	7.404533762855428081e-02	3.081625301495106994e-02	7.992973220892098107e-02
1.272817343212705055e+03	2.382875465202044241e-01	1.552677152657412907e-01	2.636857407998092762e-01	1.578686409132557256e-01	7.407398265332559850e-02	3.083669519417180441e-02	7.997967865326539860e-02
1.274268674276801676e+03	2.381033884176995963e-01	1.551467379649798251e-01	2.638143317325051806e-01	1.579463064004671402e-01	7.410257829691928311e-02	3.085711319021882185e-02	8.002954399698368471e-02
1.275720005340898297e+03	2.379195571008048959e-01	1.550259496313255159e-01	2.639426851253243722e-01	1.580238480877828866e-01	7.413112466480301088e-02	3.087750701356593852e-02	8.007932837616699162e-02
1.277171336404994690e+03	2.377360519766873737e-01	1.549053499788205779e-01	2.640708013951006405e-01	1.581012661855075441e-01	7.415962186218104379e-02	3.089787667478091290e-02	8.012903192669548758e-02
1.278622667469091539e+03	2.375528724536304093e-01	1.547849387219069894e-01	2.641986809579757178e-01	1.581785609035026574e-01	7.418806999399493729e-02	3.091822218452483853e-02	8.017865478423802372e-02
1.280073998533187932e+03	2.373700179410314082e-01	1.546647155754261593e-01	2.643263242293998339e-01	1.582557324511884023e-01	7.421646916492427581e-02	3.093854355355155072e-02	8.022819708425199536e-02
1.281525329597284326e+03	2.371874878493994976e-01	1.545446802546183995e-01	2.644537316241329372e-01	1.583327810375453060e-01	7.424481947938747772e-02	3.095884079270702291e-02	8.027765896198296725e-02
1.282976660661381175e+03	2.370052815903534726e-01	1.544248324751224533e-01	2.645809035562458056e-01	1.584097068711160239e-01	7.427312104154248917e-02	3.097911391292878375e-02	8.032704055246450703e-02
1.284427991725477568e+03	2.368233985766193817e-01	1.543051719529751897e-01	2.647078404391211004e-01	1.584865101600070603e-01	7.430137395528754740e-02	3.099936292524533427e-02	8.037634199051799100e-02
1.285879322789574417e+03	2.366418382220283612e-01	1.541856984046109935e-01	2.648345426854540885e-01	1.585631911118903503e-01	7.432957832426191624e-02	3.101958784077554071e-02	8.042556341075235427e-02
1.287330653853671038e+03	2.364605999415143878e-01	1.540664115468614037e-01	2.649610107072541410e-01	1.586397499340050921e-01	7.435773425184664942e-02	3.103978867072807249e-02	8.047470494756385484e-02
1.288781984917767431e+03	2.362796831511121687e-01	1.539473110969546976e-01	2.650872449158454547e-01	1.587161868331592729e-01	7.438584184116529829e-02	3.105996542640081584e-02	8.052376673513597649e-02
1.290233315981864052e+03	2.360990872679547825e-01	1.538283967725153356e-01	2.652132457218681072e-01	1.587925020157313627e-01	7.441390119508466128e-02	3.108011811918028749e-02	8.057274890743917894e-02
