1.001418434226643626e+03	2.792088271718867754e-01	1.815276781381980897e-01	2.349710394547199765e-01	1.409138594227890562e-01	6.772246219582170323e-02	2.659029210107818897e-02	6.906584151527780935e-02
1.003837319333471214e+03	2.787810222513564806e-01	1.812577586822485265e-01	2.352728840640408159e-01	1.410890974884882743e-01	6.778897601435576736e-02	2.663190872261519959e-02	6.917835277666649352e-02
1.006256204440298802e+03	2.783544949060931528e-01	1.809885321307424522e-01	2.355738160867338893e-01	1.412638516604790839e-01	6.785528285969527618e-02	2.667345914188588504e-02	6.929056321414182873e-02
1.008675089547126618e+03	2.779292411874947355e-01	1.807199968031979187e-01	2.358738381347428303e-01	1.414381236178386958e-01	6.792138352941272383e-02	2.671494326038665809e-02	6.940247346669795037e-02
1.011093974653954206e+03	2.775052571600497564e-01	1.804521510226249903e-01	2.361729528130967481e-01	1.416119150271456517e-01	6.798727881745307566e-02	2.675636098181626010e-02	6.951408417758507541e-02
1.013512859760782021e+03	2.770825389012837037e-01	1.801849931155223294e-01	2.364711627199246602e-01	1.417852275427003428e-01	6.805296951415308604e-02	2.679771221205376822e-02	6.962539599413371250e-02
1.015931744867609382e+03	2.766610825017067343e-01	1.799185214118735332e-01	2.367684704464703693e-01	1.419580628067401984e-01	6.811845640626031095e-02	2.683899685913688354e-02	6.973640956758360432e-02
1.018350629974437197e+03	2.762408840647613273e-01	1.796527342451436082e-01	2.370648785771068967e-01	1.421304224496499347e-01	6.818374027695214834e-02	2.688021483324044142e-02	6.984712555291722191e-02
1.020769515081264785e+03	2.758219397067704914e-01	1.793876299522753626e-01	2.373603896893514142e-01	1.423023080901667514e-01	6.824882190585467023e-02	2.692136604665516450e-02	6.995754460869778313e-02
1.023188400188092373e+03	2.754042455568859182e-01	1.791232068736857141e-01	2.376550063538797330e-01	1.424737213355806442e-01	6.831370206906138554e-02	2.696245041376667262e-02	7.006766739691161483e-02
1.025607285294920075e+03	2.749877977570370224e-01	1.788594633532619993e-01	2.379487311345411804e-01	1.426446637819301644e-01	6.837838153915185013e-02	2.700346785103468691e-02	7.017749458281478947e-02
1.028026170401747549e+03	2.745725924618801495e-01	1.785963977383583090e-01	2.382415665883732825e-01	1.428151370141933774e-01	6.844286108521015211e-02	2.704441827697250458e-02	7.028702683478393887e-02
1.030445055508575479e+03	2.741586258387480601e-01	1.783340083797918807e-01	2.385335152656163082e-01	1.429851426064744635e-01	6.850714147284331368e-02	2.708530161212667486e-02	7.039626482417100928e-02
1.032863940615402726e+03	2.737458940675998598e-01	1.780722936318390459e-01	2.388245797097281464e-01	1.431546821221860166e-01	6.857122346419956826e-02	2.712611777905691787e-02	7.050520922516211042e-02
1.035282825722230655e+03	2.733343933409712045e-01	1.778112518522318164e-01	2.391147624573990160e-01	1.433237571142267908e-01	6.863510781798652649e-02	2.716686670231623427e-02	7.061386071464008374e-02
1.037701710829058356e+03	2.729241198639248411e-01	1.775508814021538040e-01	2.394040660385661490e-01	1.434923691251556166e-01	6.869879528948918956e-02	2.720754830843126124e-02	7.072221997205083155e-02
1.040120595935886058e+03	2.725150698540015348e-01	1.772911806462365014e-01	2.396924929764285284e-01	1.436605196873611268e-01	6.876228663058786550e-02	2.724816252588280197e-02	7.083028767927335156e-02
1.042539481042713533e+03	2.721072395411713307e-01	1.770321479525554520e-01	2.399800457874616821e-01	1.438282103232274012e-01	6.882558258977604371e-02	2.728870928508661878e-02	7.093806452049324085e-02
1.044958366149541234e+03	2.717006251677849815e-01	1.767737816926263361e-01	2.402667269814322271e-01	1.439954425452960873e-01	6.888868391217804754e-02	2.732918851837438934e-02	7.104555118207971087e-02
1.047377251256368709e+03	2.712952229885259858e-01	1.765160802414011132e-01	2.405525390614128012e-01	1.441622178564243573e-01	6.895159133956665909e-02	2.736960015997486756e-02	7.115274835246594709e-02
1.049796136363196410e+03	2.708910292703627931e-01	1.762590419772640526e-01	2.408374845237967188e-01	1.443285377499395061e-01	6.901430561038057743e-02	2.740994414599525961e-02	7.125965672203278534e-02
1.052215021470024112e+03	2.704880402925010086e-01	1.760026652820278481e-01	2.411215658583127086e-01	1.444944037097899425e-01	6.907682745974183525e-02	2.745022041440279767e-02	7.136627698299553846e-02
1.054633906576851814e+03	2.700862523463364862e-01	1.757469485409295928e-01	2.414047855480396243e-01	1.446598172106924873e-01	6.913915761947303507e-02	2.749042890500648720e-02	7.147260982929395934e-02
1.057052791683679516e+03	2.696856617354081997e-01	1.754918901426268663e-01	2.416871460694211549e-01	1.448247797182765362e-01	6.920129681811454381e-02	2.753056955943907272e-02	7.157865595648531254e-02
1.059471676790506763e+03	2.692862647753518357e-01	1.752374884791935983e-01	2.419686498922806184e-01	1.449892926892247247e-01	6.926324578094153472e-02	2.757064232113916671e-02	7.168441606164024926e-02
1.061890561897334692e+03	2.688880577938532745e-01	1.749837419461161281e-01	2.422492994798356170e-01	1.451533575714104296e-01	6.932500522998091830e-02	2.761064713533356932e-02	7.178989084324173542e-02
1.064309447004162394e+03	2.684910371306027943e-01	1.747306489422892350e-01	2.425290972887127749e-01	1.453169758040321891e-01	6.938657588402827314e-02	2.765058394901979272e-02	7.189508100108664423e-02
1.066728332110990095e+03	2.680951991372489962e-01	1.744782078700119476e-01	2.428080457689624772e-01	1.454801488177449031e-01	6.944795845866448547e-02	2.769045271094871738e-02	7.199998723619020768e-02
1.069147217217817570e+03	2.677005401773535631e-01	1.742264171349834356e-01	2.430861473640735515e-01	1.456428780347882312e-01	6.950915366627247183e-02	2.773025337160748421e-02	7.210461025069302143e-02
1.071566102324645271e+03	2.673070566263460734e-01	1.739752751462989577e-01	2.433634045109879795e-01	1.458051648691117974e-01	6.957016221605367978e-02	2.776998588320251163e-02	7.220895074777075595e-02
1.073984987431472746e+03	2.669147448714789816e-01	1.737247803164457260e-01	2.436398196401155791e-01	1.459670107264978700e-01	6.963098481404457474e-02	2.780965019964270687e-02	7.231300943154629624e-02
1.076403872538300675e+03	2.665236013117829872e-01	1.734749310612987705e-01	2.439153951753487426e-01	1.461284170046810438e-01	6.969162216313296021e-02	2.784924627652285781e-02	7.241678700700443505e-02
1.078822757645127922e+03	2.661336223580225702e-01	1.732257258001167199e-01	2.441901335340771195e-01	1.462893850934652296e-01	6.975207496307422872e-02	2.788877407110715995e-02	7.252028417990886988e-02
1.081241642751955851e+03	2.657448044326520264e-01	1.729771629555375834e-01	2.444640371272021329e-01	1.464499163748380905e-01	6.981234391050747390e-02	2.792823354231293784e-02	7.262350165672165625e-02
1.083660527858783553e+03	2.653571439697714474e-01	1.727292409535746975e-01	2.447371083591519669e-01	1.466100122230828418e-01	6.987242969897156097e-02	2.796762465069451906e-02	7.272644014452479821e-02
1.086079412965611255e+03	2.649706374150832544e-01	1.724819582236123139e-01	2.450093496278959448e-01	1.467696740048876625e-01	6.993233301892115561e-02	2.800694735842725047e-02	7.282910035094423973e-02
1.088498298072438729e+03	2.645852812258485676e-01	1.722353131984014907e-01	2.452807633249593777e-01	1.469289030794523609e-01	6.999205455774243356e-02	2.804620162929170879e-02	7.293148298407584051e-02
1.090917183179266431e+03	2.642010718708443506e-01	1.719893043140557631e-01	2.455513518354380809e-01	1.470877007985930129e-01	7.005159499976898463e-02	2.808538742865803947e-02	7.303358875241358628e-02
1.093336068286093905e+03	2.638180058303203346e-01	1.717439300100468969e-01	2.458211175380130287e-01	1.472460685068439634e-01	7.011095502629738352e-02	2.812450472347044483e-02	7.313541836477972791e-02
1.095754953392921607e+03	2.634360795959566071e-01	1.714991887292005857e-01	2.460900628049650929e-01	1.474040075415578022e-01	7.017013531560281625e-02	2.816355348223185256e-02	7.323697253025709952e-02
1.098173838499749309e+03	2.630552896708209243e-01	1.712550789176920940e-01	2.463581900021895310e-01	1.475615192330029524e-01	7.022913654295451225e-02	2.820253367498870567e-02	7.333825195812314346e-02
1.100592723606577010e+03	2.626756325693268557e-01	1.710115990250419826e-01	2.466255014892106412e-01	1.477186049044592053e-01	7.028795938063119031e-02	2.824144527331591895e-02	7.343925735778610020e-02
1.103011608713404712e+03	2.622971048171914843e-01	1.707687475041118064e-01	2.468919996191964450e-01	1.478752658723110625e-01	7.034660449793632420e-02	2.828028825030196383e-02	7.353998943872283589e-02
1.105430493820231959e+03	2.619197029513941621e-01	1.705265228110995901e-01	2.471576867389730925e-01	1.480315034461390789e-01	7.040507256121333879e-02	2.831906258053410591e-02	7.364044891041854335e-02
1.107849378927059888e+03	2.615434235201347102e-01	1.702849234055356376e-01	2.474225651890396560e-01	1.481873189288091808e-01	7.046336423386076464e-02	2.835776824008378466e-02	7.374063648230821943e-02
1.110268264033887590e+03	2.611682630827921736e-01	1.700439477502780350e-01	2.476866373035825353e-01	1.483427136165599847e-01	7.052148017634722599e-02	2.839640520649213892e-02	7.384055286371986326e-02
1.112687149140715292e+03	2.607942182098840767e-01	1.698035943115082935e-01	2.479499054104900013e-01	1.484976887990883399e-01	7.057942104622638713e-02	2.843497345875565727e-02	7.394019876381921486e-02
1.115106034247542766e+03	2.604212854830252888e-01	1.695638615587268527e-01	2.482123718313669070e-01	1.486522457596329005e-01	7.063718749815182940e-02	2.847347297731196714e-02	7.403957489155629790e-02
1.117524919354370468e+03	2.600494614948875571e-01	1.693247479647487230e-01	2.484740388815490364e-01	1.488063857750558105e-01	7.069478018389176166e-02	2.851190374402576624e-02	7.413868195561339192e-02
1.119943804461197942e+03	2.596787428491592054e-01	1.690862520056990170e-01	2.487349088701177047e-01	1.489601101159228891e-01	7.075219975234375847e-02	2.855026574217487886e-02	7.423752066435460040e-02
1.122362689568025871e+03	2.593091261605049436e-01	1.688483721610084254e-01	2.489949840999142738e-01	1.491134200465817905e-01	7.080944684954931789e-02	2.858855895643644396e-02	7.433609172577691770e-02
1.124781574674853118e+03	2.589406080545257893e-01	1.686111069134088314e-01	2.492542668675545581e-01	1.492663168252385819e-01	7.086652211870833606e-02	2.862678337287325250e-02	7.443439584746279480e-02
1.127200459781681047e+03	2.585731851677194881e-01	1.683744547489287591e-01	2.495127594634433954e-01	1.494188017040328498e-01	7.092342620019356780e-02	2.866493897892016807e-02	7.453243373653399562e-02
1.129619344888508749e+03	2.582068541474408785e-01	1.681384141568888491e-01	2.497704641717890528e-01	1.495708759291108636e-01	7.098015973156493463e-02	2.870302576337071393e-02	7.463020609960697993e-02
1.132038229995336451e+03	2.578416116518625345e-01	1.679029836298973344e-01	2.500273832706176869e-01	1.497225407406975461e-01	7.103672334758383278e-02	2.874104371636377817e-02	7.472771364274954919e-02
1.134457115102163925e+03	2.574774543499357971e-01	1.676681616638456829e-01	2.502835190317877490e-01	1.498737973731666395e-01	7.109311768022719136e-02	2.877899282937041933e-02	7.482495707143886621e-02
1.136876000208991627e+03	2.571143789213515274e-01	1.674339467579037122e-01	2.505388737210044736e-01	1.500246470551095113e-01	7.114934335870166937e-02	2.881687309518081441e-02	7.492193709052065442e-02
1.139294885315819101e+03	2.567523820565015824e-01	1.672003374145153709e-01	2.507934495978342282e-01	1.501750910094025171e-01	7.120540100945758899e-02	2.885468450789133166e-02	7.501865440416974340e-02
1.141713770422646803e+03	2.563914604564404010e-01	1.669673321393939924e-01	2.510472489157188347e-01	1.503251304532728094e-01	7.126129125620288274e-02	2.889242706289169363e-02	7.511510971585179386e-02
1.144132655529474505e+03	2.560316108328462570e-01	1.667349294415176597e-01	2.513002739219901138e-01	1.504747665983630078e-01	7.131701471991692964e-02	2.893010075685227556e-02	7.521130372828618849e-02
1.146551540636302207e+03	2.556728299079833455e-01	1.665031278331247644e-01	2.515525268578841511e-01	1.506240006507942875e-01	7.137257201886432201e-02	2.896770558771154941e-02	7.530723714341007458e-02
1.148970425743129908e+03	2.553151144146637574e-01	1.662719258297092884e-01	2.518040099585555081e-01	1.507728338112283295e-01	7.142796376860854890e-02	2.900524155466356613e-02	7.540291066234350303e-02
1.151389310849957155e+03	2.549584610962097875e-01	1.660413219500162518e-01	2.520547254530918213e-01	1.509212672749278006e-01	7.148319058202555476e-02	2.904270865814562522e-02	7.549832498535574699e-02
1.153808195956785084e+03	2.546028667064160755e-01	1.658113147160370227e-01	2.523046755645277917e-01	1.510693022318158052e-01	7.153825306931733963e-02	2.908010689982602065e-02	7.559348081183256407e-02
1.156227081063612786e+03	2.542483280095123588e-01	1.655819026530047366e-01	2.525538625098597278e-01	1.512169398665339781e-01	7.159315183802533733e-02	2.911743628259190475e-02	7.568837884024459672e-02
1.158645966170440488e+03	2.538948417801263346e-01	1.653530842893895791e-01	2.528022885000595910e-01	1.513641813584993279e-01	7.164788749304382143e-02	2.915469681053725268e-02	7.578301976811671614e-02
1.161064851277267962e+03	2.535424048032463018e-01	1.651248581568941498e-01	2.530499557400897048e-01	1.515110278819600809e-01	7.170246063663318625e-02	2.919188848895094487e-02	7.587740429199830994e-02
1.163483736384095664e+03	2.531910138741844674e-01	1.648972227904487997e-01	2.532968664289163008e-01	1.516574806060503045e-01	7.175687186843314469e-02	2.922901132430496055e-02	7.597153310743465227e-02
1.165902621490923138e+03	2.528406657985403649e-01	1.646701767282069684e-01	2.535430227595242281e-01	1.518035406948434196e-01	7.181112178547591207e-02	2.926606532424265786e-02	7.606540690893912049e-02
1.168321506597751068e+03	2.524913573921637733e-01	1.644437185115403821e-01	2.537884269189312758e-01	1.519492093074046313e-01	7.186521098219920967e-02	2.930305049756716865e-02	7.615902638996624452e-02
1.170740391704578315e+03	2.521430854811190225e-01	1.642178466850345020e-01	2.540330810882017731e-01	1.520944875978423594e-01	7.191914005045928204e-02	2.933996685422990067e-02	7.625239224288579698e-02
1.173159276811406244e+03	2.517958469016484124e-01	1.639925597964837223e-01	2.542769874424613552e-01	1.522393767153585598e-01	7.197290957954383117e-02	2.937681440531913005e-02	7.634550515895764666e-02
1.175578161918233945e+03	2.514496385001362411e-01	1.637678563968865963e-01	2.545201481509106745e-01	1.523838778042981290e-01	7.202652015618483949e-02	2.941359316304871865e-02	7.643836582830741688e-02
1.177997047025061647e+03	2.511044571330728892e-01	1.635437350404412293e-01	2.547625653768399445e-01	1.525279920041972548e-01	7.207997236457130974e-02	2.945030314074689737e-02	7.653097493990305977e-02
1.180415932131889122e+03	2.507602996670194040e-01	1.633201942845404486e-01	2.550042412776425960e-01	1.526717204498308500e-01	7.213326678636204636e-02	2.948694435284516038e-02	7.662333318153209671e-02
1.182834817238716823e+03	2.504171629785715281e-01	1.630972326897670299e-01	2.552451780048297647e-01	1.528150642712590435e-01	7.218640400069814556e-02	2.952351681486727053e-02	7.671544123977977470e-02
1.185253702345544298e+03	2.500750439543247827e-01	1.628748488198890343e-01	2.554853777040441698e-01	1.529580245938727823e-01	7.223938458421569342e-02	2.956002054341834440e-02	7.680729980000783330e-02
1.187672587452371999e+03	2.497339394908388854e-01	1.626530412418549232e-01	2.557248425150741022e-01	1.531006025384385183e-01	7.229220911105811720e-02	2.959645555617404847e-02	7.689890954633407660e-02
1.190091472559199701e+03	2.493938464946029443e-01	1.624318085257888677e-01	2.559635745718676358e-01	1.532427992211420065e-01	7.234487815288866142e-02	2.963282187186986466e-02	7.699027116161263895e-02
1.192510357666027403e+03	2.490547618820005416e-01	1.622111492449859194e-01	2.562015760025466160e-01	1.533846157536314092e-01	7.239739227890272522e-02	2.966911951029047034e-02	7.708138532741498627e-02
1.194929242772855105e+03	2.487166825792749003e-01	1.619910619759072079e-01	2.564388489294205375e-01	1.535260532430592906e-01	7.244975205584013034e-02	2.970534849225920163e-02	7.717225272401145864e-02
1.197348127879682352e+03	2.483796055224943844e-01	1.617715452981751401e-01	2.566753954690005890e-01	1.536671127921240554e-01	7.250195804799727806e-02	2.974150883962761380e-02	7.726287403035367318e-02
1.199767012986510281e+03	2.480435276575180537e-01	1.615525977945686531e-01	2.569112177320135859e-01	1.538077954991105556e-01	7.255401081723933387e-02	2.977760057526512849e-02	7.735324992405737121e-02
1.202185898093337983e+03	2.477084459399614691e-01	1.613342180510182466e-01	2.571463178234161262e-01	1.539481024579298640e-01	7.260591092301227345e-02	2.981362372304875719e-02	7.744338108138601462e-02
1.204604783200165684e+03	2.473743573351624703e-01	1.611164046566013197e-01	2.573806978424080238e-01	1.540880347581582432e-01	7.265765892235483137e-02	2.984957830785294614e-02	7.753326817723489583e-02
1.207023668306993159e+03	2.470412588181472857e-01	1.608991562035372580e-01	2.576143598824466863e-01	1.542275934850756147e-01	7.270925536991051930e-02	2.988546435553946293e-02	7.762291188511591389e-02
1.209442553413820860e+03	2.467091473735967266e-01	1.606824712871825489e-01	2.578473060312607701e-01	1.543667797197030012e-01	7.276070081793938049e-02	2.992128189294741142e-02	7.771231287714289171e-02
1.211861438520648335e+03	2.463780199958124362e-01	1.604663485060259798e-01	2.580795383708641144e-01	1.545055945388396357e-01	7.281199581632988305e-02	2.995703094788330911e-02	7.780147182401742079e-02
1.214280323627476264e+03	2.460478736886835549e-01	1.602507864616838085e-01	2.583110589775694521e-01	1.546440390150989885e-01	7.286314091261053560e-02	2.999271154911124782e-02	7.789038939501528869e-02
1.216699208734303511e+03	2.457187054656530811e-01	1.600357837588948229e-01	2.585418699220022321e-01	1.547821142169444053e-01	7.291413665196166960e-02	3.002832372634316876e-02	7.797906625797343394e-02
1.219118093841131440e+03	2.453905123496849527e-01	1.598213390055155947e-01	2.587719732691146635e-01	1.549198212087240789e-01	7.296498357722691619e-02	3.006386751022916554e-02	7.806750307927740051e-02
1.221536978947959142e+03	2.450632913732307128e-01	1.596074508125154556e-01	2.590013710781992606e-01	1.550571610507053000e-01	7.301568222892483584e-02	3.009934293234791877e-02	7.815570052384930577e-02
1.223955864054786844e+03	2.447370395781967023e-01	1.593941177939716403e-01	2.592300654029026097e-01	1.551941347991081244e-01	7.306623314526032587e-02	3.013475002519718990e-02	7.824365925513623865e-02
1.226374749161614318e+03	2.444117540159111979e-01	1.591813385670645120e-01	2.594580582912391353e-01	1.553307435061383746e-01	7.311663686213601410e-02	3.017008882218439811e-02	7.833137993509921293e-02
1.228793634268442020e+03	2.440874317470918264e-01	1.589691117520725949e-01	2.596853517856048121e-01	1.554669882200202247e-01	7.316689391316363866e-02	3.020535935761728061e-02	7.841886322420252298e-02
1.231212519375269494e+03	2.437640698418130358e-01	1.587574359723675499e-01	2.599119479227908203e-01	1.556028699850279529e-01	7.321700482967533063e-02	3.024056166669462226e-02	7.850610978140361296e-02
1.233631404482097196e+03	2.434416653794736762e-01	1.585463098544094840e-01	2.601378487339972567e-01	1.557383898415174162e-01	7.326697014073473013e-02	3.027569578549707541e-02	7.859312026414327912e-02
1.236050289588924898e+03	2.431202154487647205e-01	1.583357320277418434e-01	2.603630562448469021e-01	1.558735488259567759e-01	7.331679037314826897e-02	3.031076175097805261e-02	7.867989532833637167e-02
1.238469174695752372e+03	2.427997171476372895e-01	1.581257011249866395e-01	2.605875724753984879e-01	1.560083479709567233e-01	7.336646605147616185e-02	3.034575960095468872e-02	7.876643562836291301e-02
1.240888059802580301e+03	2.424801675832705672e-01	1.579162157818394530e-01	2.608113994401606850e-01	1.561427883053002341e-01	7.341599769804345310e-02	3.038068937409888620e-02	7.885274181705960450e-02
1.243306944909407548e+03	2.421615638720400476e-01	1.577072746370645484e-01	2.610345391481054267e-01	1.562768708539717666e-01	7.346538583295102176e-02	3.041555110992843688e-02	7.893881454571165246e-02
1.245725830016235477e+03	2.418439031394857830e-01	1.574988763324898233e-01	2.612569936026816753e-01	1.564105966381860169e-01	7.351463097408639236e-02	3.045034484879821646e-02	7.902465446404507987e-02
1.248144715123063179e+03	2.415271825202807976e-01	1.572910195130019506e-01	2.614787648018286337e-01	1.565439666754161741e-01	7.356373363713468450e-02	3.048507063189144842e-02	7.911026222021938503e-02
1.250563600229890881e+03	2.412113991581996963e-01	1.570837028265414104e-01	2.616998547379896789e-01	1.566769819794215091e-01	7.361269433558932651e-02	3.051972850121103739e-02	7.919563846082047776e-02
1.252982485336718355e+03	2.408965502060873287e-01	1.568769249240976049e-01	2.619202653981254625e-01	1.568096435602747973e-01	7.366151358076281075e-02	3.055431849957098572e-02	7.928078383085408742e-02
1.255401370443546057e+03	2.405826328258277025e-01	1.566706844597038351e-01	2.621399987637276774e-01	1.569419524243892139e-01	7.371019188179733783e-02	3.058884067058788639e-02	7.936569897373940696e-02
1.257820255550373531e+03	2.402696441883128142e-01	1.564649800904323595e-01	2.623590568108323251e-01	1.570739095745445346e-01	7.375872974567543316e-02	3.062329505867245755e-02	7.945038453130311151e-02
1.260239140657201460e+03	2.399575814734117851e-01	1.562598104763893436e-01	2.625774415100332604e-01	1.572055160099132265e-01	7.380712767723046630e-02	3.065768170902118117e-02	7.953484114377375180e-02
1.262658025764028707e+03	2.396464418699400523e-01	1.560551742807100573e-01	2.627951548264955695e-01	1.573367727260859550e-01	7.385538617915721193e-02	3.069200066760798679e-02	7.961906944977628631e-02
1.265076910870856636e+03	2.393362225756287265e-01	1.558510701695537126e-01	2.630121987199687816e-01	1.574676807150966196e-01	7.390350575202217498e-02	3.072625198117602541e-02	7.970307008632712686e-02
1.267495795977684338e+03	2.390269207970940057e-01	1.556474968120986346e-01	2.632285751448004141e-01	1.575982409654471950e-01	7.395148689427404054e-02	3.076043569722949206e-02	7.978684368882939248e-02
1.269914681084511813e+03	2.387185337498068660e-01	1.554444528805372094e-01	2.634442860499493499e-01	1.577284544621319617e-01	7.399933010225395735e-02	3.079455186402552114e-02	7.987039089106839906e-02
1.272333566191339514e+03	2.384110586580625857e-01	1.552419370500709161e-01	2.636593333789988280e-01	1.578583221866614594e-01	7.404703587020580735e-02	3.082860053056615812e-02	7.995371232520745441e-02
1.274752451298167216e+03	2.381044927549508250e-01	1.550399479989053309e-01	2.638737190701702651e-01	1.579878451170860509e-01	7.409460469028640583e-02	3.086258174659038331e-02	8.003680862178398636e-02
1.277171336404994690e+03	2.377988332823253448e-01	1.548384844082451306e-01	2.640874450563360232e-01	1.581170242280190985e-01	7.414203705257561838e-02	3.089649556256621535e-02	8.011968040970590677e-02
1.279590221511822392e+03	2.374940774907741692e-01	1.546375449622890696e-01	2.643005132650327882e-01	1.582458604906597510e-01	7.418933344508650551e-02	3.093034202968287377e-02	8.020232831624816983e-02
1.282009106618650094e+03	2.371902226395898872e-01	1.544371283482250390e-01	2.645129256184750033e-01	1.583743548728154538e-01	7.423649435377531469e-02	3.096412119984300049e-02	8.028475296704963571e-02
1.284427991725477568e+03	2.368872659967398153e-01	1.542372332562249870e-01	2.647246840335678586e-01	1.585025083389240697e-01	7.428352026255150009e-02	3.099783312565495066e-02	8.036695498611018396e-02
1.286846876832305497e+03	2.365852048388364381e-01	1.540378583794399792e-01	2.649357904219205029e-01	1.586303218500756951e-01	7.433041165328757582e-02	3.103147786042514955e-02	8.044893499578804896e-02
1.289265761939132744e+03	2.362840364511081259e-01	1.538390024139951184e-01	2.651462466898591441e-01	1.587577963640341150e-01	7.437716900582906632e-02	3.106505545815050826e-02	8.053069361679732197e-02
1.291684647045960673e+03	2.359837581273695750e-01	1.536406640589846051e-01	2.653560547384403723e-01	1.588849328352578694e-01	7.442379279800430403e-02	3.109856597351089852e-02	8.061223146820579999e-02
1.294103532152788375e+03	2.356843671699928311e-01	1.534428420164666573e-01	2.655652164634639822e-01	1.590117322149211532e-01	7.447028350563411614e-02	3.113200946186170034e-02	8.069354916743295969e-02
1.296522417259616077e+03	2.353858608898779237e-01	1.532455349914585430e-01	2.657737337554863521e-01	1.591381954509343555e-01	7.451664160254166391e-02	3.116538597922639819e-02	8.077464733024816712e-02
1.298941302366443551e+03	2.350882366064241669e-01	1.530487416919315002e-01	2.659816084998332664e-01	1.592643234879641545e-01	7.456286756056197673e-02	3.119869558228925005e-02	8.085552657076904015e-02
1.301360187473271253e+03	2.347914916475010993e-01	1.528524608288057418e-01	2.661888425766131272e-01	1.593901172674535849e-01	7.460896184955163879e-02	3.123193832838799464e-02	8.093618750146013008e-02
1.303779072580098727e+03	2.344956233494198405e-01	1.526566911159454032e-01	2.663954378607298334e-01	1.595155777276416331e-01	7.465492493739829538e-02	3.126511427550665578e-02	8.101663073313167263e-02
1.306197957686926657e+03	2.342006290569043359e-01	1.524614312701536023e-01	2.666013962218958255e-01	1.596407058035825277e-01	7.470075729003020082e-02	3.129822348226835027e-02	8.109685687493857487e-02
1.308616842793753904e+03	2.339065061230629350e-01	1.522666800111672214e-01	2.668067195246450196e-01	1.597655024271648627e-01	7.474645937142558594e-02	3.133126600792822403e-02	8.117686653437958255e-02
1.311035727900581833e+03	2.336132519093599980e-01	1.520724360616520776e-01	2.670114096283457417e-01	1.598899685271304438e-01	7.479203164362213663e-02	3.136424191236638487e-02	8.125666031729665562e-02
1.313454613007409534e+03	2.333208637855874179e-01	1.518786981471977882e-01	2.672154683872137726e-01	1.600141050290927736e-01	7.483747456672627807e-02	3.139715125608092544e-02	8.133623882787445469e-02
1.315873498114237009e+03	2.330293391298366712e-01	1.516854649963126633e-01	2.674188976503251158e-01	1.601379128555554809e-01	7.488278859892251449e-02	3.142999410018099127e-02	8.141560266864000805e-02
1.318292383221064711e+03	2.327386753284705623e-01	1.514927353404188215e-01	2.676216992616288204e-01	1.602613929259301129e-01	7.492797419648268564e-02	3.146277050637991818e-02	8.149475244046257283e-02
1.320711268327892412e+03	2.324488697760953015e-01	1.513005079138469988e-01	2.678238750599599705e-01	1.603845461565542030e-01	7.497303181377505676e-02	3.149548053698839750e-02	8.157368874255359337e-02
1.323130153434719887e+03	2.321599198755326665e-01	1.511087814538316088e-01	2.680254268790523420e-01	1.605073734607086744e-01	7.501796190327358893e-02	3.152812425490773840e-02	8.165241217246690941e-02
1.325549038541547588e+03	2.318718230377922185e-01	1.509175547005056350e-01	2.682263565475515033e-01	1.606298757486351314e-01	7.506276491556695962e-02	3.156070172362315102e-02	8.173092332609897814e-02
1.327967923648375290e+03	2.315845766820436302e-01	1.507268263968955802e-01	2.684266658890272494e-01	1.607520539275530680e-01	7.510744129936761104e-02	3.159321300719707126e-02	8.180922279768938765e-02
1.330386808755202765e+03	2.312981782355892357e-01	1.505365952889164416e-01	2.686263567219864812e-01	1.608739089016766599e-01	7.515199150152079843e-02	3.162565817026262438e-02	8.188731117982132879e-02
1.332805693862030694e+03	2.310126251338365244e-01	1.503468601253666603e-01	2.688254308598860276e-01	1.609954415722314180e-01	7.519641596701349961e-02	3.165803727801703299e-02	8.196518906342242783e-02
1.335224578968857941e+03	2.307279148202708019e-01	1.501576196579230693e-01	2.690238901111452474e-01	1.611166528374706197e-01	7.524071513898328289e-02	3.169035039621513616e-02	8.204285703776546812e-02
1.337643464075685870e+03	2.304440447464280450e-01	1.499688726411358142e-01	2.692217362791586299e-01	1.612375435926914902e-01	7.528488945872720273e-02	3.172259759116295014e-02	8.212031569046944479e-02
1.340062349182513572e+03	2.301610123718677015e-01	1.497806178324233572e-01	2.694189711623087291e-01	1.613581147302513008e-01	7.532893936571059823e-02	3.175477892971129840e-02	8.219756560750057783e-02
1.342481234289341273e+03	2.298788151641457389e-01	1.495928539920672873e-01	2.696155965539785426e-01	1.614783671395831066e-01	7.537286529757585007e-02	3.178689447924946954e-02	8.227460737317360273e-02
1.344900119396168748e+03	2.295974505987876946e-01	1.494055798832074067e-01	2.698116142425641684e-01	1.615983017072113448e-01	7.541666769015106797e-02	3.181894430769893756e-02	8.235144157015297783e-02
1.347319004502996449e+03	2.293169161592618355e-01	1.492187942718366800e-01	2.700070260114874610e-01	1.617179193167673501e-01	7.546034697745876429e-02	3.185092848350712380e-02	8.242806877945443866e-02
1.349737889609823924e+03	2.290372093369525686e-01	1.490324959267960159e-01	2.702018336392084663e-01	1.618372208490044262e-01	7.550390359172448607e-02	3.188284707564124215e-02	8.250448958044644121e-02
1.352156774716651853e+03	2.287583276311337954e-01	1.488466836197693266e-01	2.703960388992381336e-01	1.619562071818130555e-01	7.554733796338533591e-02	3.191470015358212342e-02	8.258070455085184114e-02
1.354575659823479100e+03	2.284802685489422946e-01	1.486613561252784765e-01	2.705896435601508054e-01	1.620748791902356656e-01	7.559065052109854854e-02	3.194648778731817157e-02	8.265671426674965627e-02
1.356994544930307029e+03	2.282030296053514651e-01	1.484765122206782029e-01	2.707826493855964856e-01	1.621932377464812558e-01	7.563384169174994232e-02	3.197821004733933381e-02	8.273251930257691233e-02
1.359413430037134731e+03	2.279266083231450135e-01	1.482921506861510086e-01	2.709750581343135512e-01	1.623112837199400527e-01	7.567691190046235694e-02	3.200986700463109152e-02	8.280812023113053033e-02
1.361832315143962205e+03	2.276510022328905869e-01	1.481082703047021665e-01	2.711668715601411317e-01	1.624290179771977483e-01	7.571986157060403566e-02	3.204145873066856220e-02	8.288351762356940822e-02
1.364251200250789907e+03	2.273762088729139874e-01	1.479248698621545566e-01	2.713580914120313770e-01	1.625464413820496001e-01	7.576269112379693804e-02	3.207298529741058751e-02	8.295871204941654420e-02
1.366670085357617609e+03	2.271022257892728602e-01	1.477419481471437535e-01	2.715487194340621135e-01	1.626635547955146699e-01	7.580540097992509441e-02	3.210444677729390461e-02	8.303370407656120167e-02
1.369088970464445310e+03	2.268290505357309639e-01	1.475595039511128637e-01	2.717387573654489463e-01	1.627803590758493957e-01	7.584799155714282148e-02	3.213584324322735913e-02	8.310849427126122679e-02
1.371507855571272785e+03	2.265566806737323302e-01	1.473775360683075020e-01	2.719282069405577484e-01	1.628968550785614422e-01	7.589046327188291030e-02	3.216717476858615976e-02	8.318308319814543550e-02
1.373926740678100487e+03	2.262851137723754791e-01	1.471960432957706566e-01	2.721170698889170958e-01	1.630130436564232455e-01	7.593281653886485572e-02	3.219844142720617447e-02	8.325747142021601432e-02
1.376345625784927961e+03	2.260143474083879112e-01	1.470150244333377210e-01	2.723053479352303130e-01	1.631289256594853077e-01	7.597505177110287777e-02	3.222964329337829614e-02	8.333165949885110169e-02
1.378764510891755890e+03	2.257443791661006005e-01	1.468344782836313589e-01	2.724930427993878523e-01	1.632445019350894921e-01	7.601716937991412348e-02	3.226078044184282900e-02	8.340564799380731364e-02
1.381183395998583137e+03	2.254752066374224317e-01	1.466544036520565641e-01	2.726801561964795062e-01	1.633597733278820685e-01	7.605916977492657716e-02	3.229185294778393056e-02	8.347943746322250558e-02
1.383602281105411066e+03	2.252068274218150534e-01	1.464747993467953868e-01	2.728666898368068416e-01	1.634747406798267022e-01	7.610105336408713728e-02	3.232286088682410907e-02	8.355302846361843672e-02
1.386021166212238768e+03	2.249392391262675372e-01	1.462956641788021039e-01	2.730526454258950242e-01	1.635894048302171944e-01	7.614282055366949908e-02	3.235380433501871406e-02	8.362642154990358734e-02
1.388440051319066470e+03	2.246724393652712315e-01	1.461169969617979736e-01	2.732380246645054744e-01	1.637037666156902493e-01	7.618447174828212043e-02	3.238468336885056559e-02	8.369961727537605922e-02
1.390858936425893944e+03	2.244064257607948643e-01	1.459387965122663500e-01	2.734228292486475254e-01	1.638178268702379647e-01	7.622600735087606272e-02	3.241549806522454891e-02	8.377261619172646223e-02
1.393277821532721646e+03	2.241411959422594524e-01	1.457610616494473543e-01	2.736070608695907458e-01	1.639315864252202937e-01	7.626742776275279023e-02	3.244624850146226452e-02	8.384541884904088416e-02
1.395696706639549120e+03	2.238767475465134882e-01	1.455837911953331842e-01	2.737907212138772639e-01	1.640450461093771461e-01	7.630873338357195557e-02	3.247693475529676854e-02	8.391802579580402710e-02
1.398115591746377049e+03	2.236130782178081533e-01	1.454069839746627291e-01	2.739738119633334801e-01	1.641582067488407959e-01	7.634992461135918507e-02	3.250755690486728522e-02	8.399043757890221895e-02
1.400534476853204296e+03	2.233501856077727277e-01	1.452306388149167127e-01	2.741563347950823903e-01	1.642710691671477319e-01	7.639100184251369774e-02	3.253811502871404443e-02	8.406265474362660528e-02
1.402953361960032225e+03	2.230880673753899146e-01	1.450547545463125310e-01	2.743382913815555768e-01	1.643836341852505378e-01	7.643196547181604905e-02	3.256860920577304280e-02	8.413467783367632735e-02
1.405372247066859927e+03	2.228267211869714437e-01	1.448793300017992558e-01	2.745196833905049760e-01	1.644959026215298548e-01	7.647281589243565270e-02	3.259903951537100608e-02	8.420650739116181116e-02
1.407791132173687402e+03	2.225661447161336182e-01	1.447043640170525280e-01	2.747005124850152025e-01	1.646078752918059829e-01	7.651355349593844113e-02	3.262940603722024741e-02	8.427814395660805646e-02
1.410210017280515103e+03	2.223063356437730287e-01	1.445298554304695338e-01	2.748807803235152059e-01	1.647195530093502891e-01	7.655417867229434570e-02	3.265970885141365049e-02	8.434958806895795358e-02
1.412628902387342805e+03	2.220472916580422951e-01	1.443558030831640360e-01	2.750604885597905946e-01	1.648309365848968644e-01	7.659469180988480452e-02	3.268994803841968055e-02	8.442084026557573895e-02
1.415047787494170507e+03	2.217890104543260299e-01	1.441822058189611289e-01	2.752396388429951268e-01	1.649420268266537648e-01	7.663509329551024263e-02	3.272012367907739527e-02	8.449190108225038132e-02
1.417466672600997981e+03	2.215314897352167467e-01	1.440090624843923806e-01	2.754182328176627004e-01	1.650528245403141969e-01	7.667538351439744104e-02	3.275023585459154590e-02	8.456277105319903731e-02
1.419885557707825683e+03	2.212747272104909346e-01	1.438363719286906983e-01	2.755962721237193991e-01	1.651633305290676756e-01	7.671556285020697530e-02	3.278028464652771312e-02	8.463345071107067352e-02
1.422304442814653157e+03	2.210187205970851332e-01	1.436641330037852493e-01	2.757737583964952055e-01	1.652735455936111264e-01	7.675563168504045963e-02	3.281027013680742205e-02	8.470394058694949435e-02
1.424723327921481086e+03	2.207634676190722289e-01	1.434923445642964923e-01	2.759506932667358248e-01	1.653834705321596543e-01	7.679559039944797161e-02	3.284019240770340298e-02	8.477424121035860571e-02
1.427142213028308333e+03	2.205089660076377800e-01	1.433210054675310430e-01	2.761270783606143420e-01	1.654931061404574244e-01	7.683543937243518529e-02	3.287005154183478273e-02	8.484435310926363716e-02
1.429561098135136262e+03	2.202552135010563406e-01	1.431501145734767333e-01	2.763029152997432680e-01	1.656024532117884307e-01	7.687517898147068485e-02	3.289984762216239395e-02	8.491427681007635009e-02
1.431979983241963964e+03	2.200022078446680629e-01	1.429796707447975046e-01	2.764782057011860306e-01	1.657115125369870157e-01	7.691480960249309773e-02	3.292958073198406360e-02	8.498401283765837089e-02
1.434398868348791666e+03	2.197499467908551607e-01	1.428096728468284116e-01	2.766529511774689643e-01	1.658202849044484450e-01	7.695433160991826949e-02	3.295925095493001250e-02	8.505356171532492404e-02
1.436817753455619140e+03	2.194984280990186221e-01	1.426401197475705429e-01	2.768271533365925796e-01	1.659287711001393439e-01	7.699374537664635532e-02	3.298885837495819234e-02	8.512292396484855139e-02
1.439236638562446842e+03	2.192476495355550059e-01	1.424710103176860532e-01	2.770008137820436089e-01	1.660369719076079664e-01	7.703305127406888386e-02	3.301840307634977545e-02	8.519210010646291464e-02
1.441655523669274316e+03	2.189976088738331550e-01	1.423023434304929724e-01	2.771739341128064971e-01	1.661448881079946316e-01	7.707224967207582100e-02	3.304788514370458202e-02	8.526109065886658400e-02
1.444074408776102018e+03	2.187483038941712421e-01	1.421341179619603212e-01	2.773465159233750588e-01	1.662525204800415768e-01	7.711134093906252263e-02	3.307730466193659763e-02	8.532989613922686845e-02
1.446493293882929493e+03	2.184997323838137051e-01	1.419663327907031147e-01	2.775185608037640250e-01	1.663598698001033382e-01	7.715032544193672903e-02	3.310666171626953230e-02	8.539851706318368763e-02
1.448912178989757422e+03	2.182518921369082654e-01	1.417989867979772556e-01	2.776900703395207004e-01	1.664669368421565765e-01	7.718920354612548995e-02	3.313595639223235884e-02	8.546695394485347153e-02
1.451331064096585123e+03	2.180047809544832516e-01	1.416320788676744546e-01	2.778610461117363983e-01	1.665737223778099574e-01	7.722797561558200630e-02	3.316518877565498291e-02	8.553520729683301849e-02
1.453749949203412370e+03	2.177583966444247843e-01	1.414656078863173183e-01	2.780314896970580985e-01	1.666802271763141163e-01	7.726664201279254129e-02	3.319435895266384384e-02	8.560327763020345038e-02
1.456168834310240300e+03	2.175127370214540168e-01	1.412995727430542692e-01	2.782014026676997154e-01	1.667864520045712340e-01	7.730520309878317897e-02	3.322346700967763328e-02	8.567116545453414000e-02
1.458587719417068001e+03	2.172677999071046251e-01	1.411339723296545223e-01	2.783707865914538671e-01	1.668923976271448062e-01	7.734365923312666591e-02	3.325251303340302084e-02	8.573887127788670792e-02
1.461006604523895703e+03	2.170235831297003815e-01	1.409688055405031171e-01	2.785396430317031435e-01	1.669980648062691642e-01	7.738201077394905869e-02	3.328149711083036588e-02	8.580639560681892208e-02
1.463425489630723177e+03	2.167800845243326446e-01	1.408040712725958654e-01	2.787079735474316533e-01	1.671034543018590224e-01	7.742025807793655179e-02	3.331041932922956805e-02	8.587373894638883343e-02
1.465844374737550879e+03	2.165373019328380166e-01	1.406397684255343838e-01	2.788757796932362365e-01	1.672085668715188878e-01	7.745840150034205562e-02	3.333927977614586230e-02	8.594090180015868941e-02
1.468263259844378354e+03	2.162952332037761938e-01	1.404758959015209863e-01	2.790430630193380113e-01	1.673134032705524687e-01	7.749644139499184403e-02	3.336807853939568330e-02	8.600788467019895855e-02
1.470682144951206283e+03	2.160538761924075957e-01	1.403124526053537990e-01	2.792098250715936980e-01	1.674179642519718347e-01	7.753437811429222948e-02	3.339681570706257152e-02	8.607468805709245219e-02
1.473101030058033530e+03	2.158132287606714383e-01	1.401494374444217095e-01	2.793760673915068882e-01	1.675222505665067141e-01	7.757221200923604398e-02	3.342549136749308619e-02	8.614131245993833508e-02
1.475519915164861459e+03	2.155732887771636963e-01	1.399868493286993143e-01	2.795417915162393685e-01	1.676262629626136536e-01	7.760994342940924495e-02	3.345410560929277383e-02	8.620775837635620553e-02
1.477938800271689161e+03	2.153340541171150646e-01	1.398246871707419792e-01	2.797069989786225008e-01	1.677300021864850665e-01	7.764757272299734059e-02	3.348265852132217835e-02	8.627402630249020321e-02
1.480357685378516862e+03	2.150955226623692262e-01	1.396629498856808704e-01	2.798716913071683243e-01	1.678334689820581427e-01	7.768510023679192633e-02	3.351115019269285816e-02	8.634011673301304757e-02
1.482776570485344337e+03	2.148576923013610085e-01	1.395016363912179036e-01	2.800358700260809353e-01	1.679366640910239239e-01	7.772252631619706864e-02	3.353958071276343794e-02	8.640603016113022894e-02
