1.301360187473271253e+03	2.358319382078644666e-01	1.512206125790444833e-01	2.602766618568254642e-01	1.617556785658756380e-01	7.643800063684183521e-02	3.215420686856207411e-02	8.232290128475791557e-02
1.306197957686926657e+03	2.352508210079345130e-01	1.508191416560745457e-01	2.606478680055407948e-01	1.620201204643242077e-01	7.654770880422032131e-02	3.222848770613769703e-02	8.248585235553973494e-02
1.311035727900581833e+03	2.346730756576414223e-01	1.504198203800304057e-01	2.610169197743804070e-01	1.622830561773120628e-01	7.665682638272207361e-02	3.230244359344694449e-02	8.264785803423839450e-02
1.315873498114237009e+03	2.340986811209250229e-01	1.500226384346435016e-01	2.613838315676143553e-01	1.625444936790470529e-01	7.676535632394243525e-02	3.237607492309267643e-02	8.280892395050669375e-02
1.320711268327892412e+03	2.335276165199786369e-01	1.496275855297435342e-01	2.617486176522461627e-01	1.628044409107286816e-01	7.687330157122575225e-02	3.244938211012922402e-02	8.296905570571981581e-02
1.325549038541547588e+03	2.329598611335883807e-01	1.492346514017033332e-01	2.621112921601828072e-01	1.630629057805886017e-01	7.698066505950551530e-02	3.252236559147905770e-02	8.312825887272411174e-02
1.330386808755202765e+03	2.323953943954970569e-01	1.488438258138698178e-01	2.624718690903549145e-01	1.633198961639295843e-01	7.708744971515057998e-02	3.259502582536196597e-02	8.328653899560786722e-02
1.335224578968857941e+03	2.318341958927920277e-01	1.484550985569815518e-01	2.628303623107878795e-01	1.635754199031634049e-01	7.719365845581747931e-02	3.266736329073638423e-02	8.344390158949298308e-02
1.340062349182513572e+03	2.312762453643166793e-01	1.480684594495739748e-01	2.631867855606255246e-01	1.638294848078476751e-01	7.729929419030855120e-02	3.273937848675262385e-02	8.360035214034669537e-02
1.344900119396168748e+03	2.307215226991050638e-01	1.476838983383712833e-01	2.635411524521078519e-01	1.640820986547216476e-01	7.740435981843570012e-02	3.281107193221775853e-02	8.375589610481240510e-02
1.349737889609823924e+03	2.301700079348394934e-01	1.473014050986662105e-01	2.638934764725038851e-01	1.643332691877417706e-01	7.750885823088971005e-02	3.288244416507187656e-02	8.391053891005875731e-02
1.354575659823479100e+03	2.296216812563302290e-01	1.469209696346875094e-01	2.642437709860013251e-01	1.645830041181161052e-01	7.761279230911478921e-02	3.295349574187553948e-02	8.406428595364613676e-02
1.359413430037134731e+03	2.290765229940172343e-01	1.465425818799558355e-01	2.645920492355535725e-01	1.648313111243386864e-01	7.771616492518847175e-02	3.302422723730807225e-02	8.421714260340976144e-02
1.364251200250789907e+03	2.285345136224934959e-01	1.461662317976274161e-01	2.649383243446856162e-01	1.650781978522235516e-01	7.781897894170640428e-02	3.309463924367656018e-02	8.436911419735861062e-02
1.369088970464445310e+03	2.279956337590494930e-01	1.457919093808268396e-01	2.652826093192601764e-01	1.653236719149382694e-01	7.792123721167210082e-02	3.316473237043528893e-02	8.452020604358942424e-02
1.373926740678100487e+03	2.274598641622385120e-01	1.454196046529682984e-01	2.656249170492049338e-01	1.655677408930378847e-01	7.802294257839142988e-02	3.323450724371538462e-02	8.467042342021516288e-02
1.378764510891755890e+03	2.269271857304621387e-01	1.450493076680660354e-01	2.659652603102017343e-01	1.658104123344983638e-01	7.812409787537169525e-02	3.330396450586440432e-02	8.481977157530716516e-02
1.383602281105411066e+03	2.263975795005762071e-01	1.446810085110342148e-01	2.663036517653392110e-01	1.660516937547506511e-01	7.822470592622519925e-02	3.337310481499580761e-02	8.496825572685026695e-02
1.388440051319066470e+03	2.258710266465160932e-01	1.443146972979760523e-01	2.666401039667293804e-01	1.662915926367145858e-01	7.832476954457717744e-02	3.344192884454787185e-02	8.511588106271046617e-02
1.393277821532721646e+03	2.253475084779413551e-01	1.439503641764627861e-01	2.669746293570898765e-01	1.665301164308331527e-01	7.842429153397796615e-02	3.351043728285206524e-02	8.526265274061441135e-02
1.398115591746377049e+03	2.248270064388997458e-01	1.435879993258027121e-01	2.673072402712919349e-01	1.667672725551073432e-01	7.852327468781922226e-02	3.357863083271053067e-02	8.540857588814004808e-02
1.402953361960032225e+03	2.243095021065094619e-01	1.432275929573002815e-01	2.676379489378756804e-01	1.670030683951312656e-01	7.862172178925413979e-02	3.364651021098258310e-02	8.555365560271811776e-02
1.407791132173687402e+03	2.237949771896599327e-01	1.428691353145055132e-01	2.679667674805330524e-01	1.672375113041278116e-01	7.871963561112158003e-02	3.371407614817988757e-02	8.569789695164370391e-02
1.412628902387342805e+03	2.232834135277306786e-01	1.425126166734542454e-01	2.682937079195598096e-01	1.674706086029850161e-01	7.881701891587389319e-02	3.378132938807038715e-02	8.584130497209747912e-02
1.417466672600997981e+03	2.227747930893276551e-01	1.421580273428989794e-01	2.686187821732769487e-01	1.677023675802928881e-01	7.891387445550838986e-02	3.384827068729048816e-02	8.598388467117619449e-02
1.422304442814653157e+03	2.222690979710372217e-01	1.418053576645306180e-01	2.689420020594227023e-01	1.679327954923811039e-01	7.901020497150246236e-02	3.391490081496555120e-02	8.612564102593181503e-02
1.427142213028308333e+03	2.217663103961970972e-01	1.414545980131916847e-01	2.692633792965159478e-01	1.681618995633573643e-01	7.910601319475200899e-02	3.398122055233844530e-02	8.626657898341888453e-02
1.431979983241963964e+03	2.212664127136841075e-01	1.411057387970807431e-01	2.695829255051908069e-01	1.683896869851466138e-01	7.920130184551325836e-02	3.404723069240594285e-02	8.640670346074989794e-02
1.436817753455619140e+03	2.207693873967183362e-01	1.407587704579482402e-01	2.699006522095050986e-01	1.686161649175310362e-01	7.929607363334782721e-02	3.411293203956288628e-02	8.654601934515791795e-02
1.441655523669274316e+03	2.202752170416836797e-01	1.404136834712844950e-01	2.702165708382209819e-01	1.688413404881910773e-01	7.939033125707091465e-02	3.417832540925389712e-02	8.668453149406622760e-02
1.446493293882929493e+03	2.197838843669641662e-01	1.400704683464990830e-01	2.705306927260610061e-01	1.690652207927471617e-01	7.948407740470263272e-02	3.424341162763246127e-02	8.682224473516478302e-02
1.451331064096585123e+03	2.192953722117960969e-01	1.397291156270928369e-01	2.708430291149374614e-01	1.692878128948025196e-01	7.957731475342215421e-02	3.430819153122731391e-02	8.695916386649288343e-02
1.456168834310240300e+03	2.188096635351353680e-01	1.393896158908217719e-01	2.711535911551585243e-01	1.695091238259870403e-01	7.967004596952489970e-02	3.437266596661586737e-02	8.709529365652766975e-02
1.461006604523895703e+03	2.183267414145401430e-01	1.390519597498535431e-01	2.714623899066098689e-01	1.697291605860020147e-01	7.976227370838244457e-02	3.443683579010462653e-02	8.723063884427845194e-02
1.465844374737550879e+03	2.178465890450682063e-01	1.387161378509166598e-01	2.717694363399126289e-01	1.699479301426659594e-01	7.985400061440509067e-02	3.450070186741639039e-02	8.736520413938614338e-02
1.470682144951206283e+03	2.173691897381889448e-01	1.383821408754422055e-01	2.720747413375592672e-01	1.701654394319615238e-01	7.994522932100722734e-02	3.456426507338410115e-02	8.749899422222780221e-02
1.475519915164861459e+03	2.168945269207099014e-01	1.380499595396987023e-01	2.723783156950267959e-01	1.703816953580834237e-01	8.003596245057513492e-02	3.462752629165125051e-02	8.763201374402580790e-02
1.480357685378516862e+03	2.164225841337172329e-01	1.377195845949199804e-01	2.726801701218687923e-01	1.705967047934875969e-01	8.012620261443724468e-02	3.469048641437864899e-02	8.776426732696150645e-02
1.485195455592172038e+03	2.159533450315300473e-01	1.373910068274263596e-01	2.729803152427859314e-01	1.708104745789412182e-01	8.021595241283695221e-02	3.475314634195745406e-02	8.789575956429296344e-02
1.490033225805827215e+03	2.154867933806685898e-01	1.370642170587390019e-01	2.732787615986765895e-01	1.710230115235741033e-01	8.030521443490767908e-02	3.481550698272833227e-02	8.802649502047667218e-02
1.494870996019482618e+03	2.150229130588356408e-01	1.367392061456881858e-01	2.735755196476665208e-01	1.712343224049309998e-01	8.039399125865016871e-02	3.487756925270665137e-02	8.815647823129282856e-02
1.499708766233137567e+03	2.145616880539110982e-01	1.364159649805148922e-01	2.738705997661201041e-01	1.714444139690252389e-01	8.048228545091211383e-02	3.493933407531347318e-02	8.828571370397407525e-02
1.504546536446793198e+03	2.141031024629597712e-01	1.360944844909665330e-01	2.741640122496316057e-01	1.716532929303933586e-01	8.057009956736981005e-02	3.500080238111237529e-02	8.841420591733753498e-02
1.509384306660448374e+03	2.136471404912516914e-01	1.357747556403862965e-01	2.744557673139985665e-01	1.718609659721510030e-01	8.065743615251197429e-02	3.506197510755186542e-02	8.854195932191964713e-02
1.514222076874103550e+03	2.131937864512949976e-01	1.354567694277968859e-01	2.747458750961766505e-01	1.720674397460497385e-01	8.074429773962550627e-02	3.512285319871338157e-02	8.866897834011387702e-02
1.519059847087758726e+03	2.127430247618812831e-01	1.351405168879784291e-01	2.750343456552170052e-01	1.722727208725354231e-01	8.083068685078324822e-02	3.518343760506460749e-02	8.879526736631104811e-02
1.523897617301414357e+03	2.122948399471429881e-01	1.348259890915406989e-01	2.753211889731863593e-01	1.724768159408072155e-01	8.091660599683367372e-02	3.524372928321817949e-02	8.892083076704197786e-02
1.528735387515069533e+03	2.118492166356225892e-01	1.345131771449898095e-01	2.756064149560701337e-01	1.726797315088782758e-01	8.100205767739235285e-02	3.530372919569550738e-02	8.904567288112240353e-02
1.533573157728724709e+03	2.114061395593537507e-01	1.342020721907896952e-01	2.758900334346596206e-01	1.728814741036371061e-01	8.108704438083527699e-02	3.536343831069573701e-02	8.916979801979990627e-02
1.538410927942380113e+03	2.109655935529539394e-01	1.338926654074181488e-01	2.761720541654223982e-01	1.730820502209103884e-01	8.117156858429384891e-02	3.542285760186965338e-02	8.929321046690275043e-02
1.543248698156035516e+03	2.105275635527282252e-01	1.335849480094177810e-01	2.764524868313578132e-01	1.732814663255267673e-01	8.125563275365155214e-02	3.548198804809851031e-02	8.941591447899044365e-02
1.548086468369690692e+03	2.100920345957845714e-01	1.332789112474420112e-01	2.767313410428367537e-01	1.734797288513818536e-01	8.133923934354241048e-02	3.554083063327759945e-02	8.953791428550587905e-02
1.552924238583346096e+03	2.096589918191597013e-01	1.329745464082962014e-01	2.770086263384266556e-01	1.736768442015043379e-01	8.142239079735077989e-02	3.559938634610449598e-02	8.965921408892890687e-02
1.557762008797001272e+03	2.092284204589561214e-01	1.326718448149738772e-01	2.772843521857020210e-01	1.738728187481231036e-01	8.150508954721288890e-02	3.565765617987192576e-02	8.977981806493116890e-02
1.562599779010656675e+03	2.088003058494895536e-01	1.323707978266884522e-01	2.775585279820403373e-01	1.740676588327355889e-01	8.158733801401975294e-02	3.571564113226514264e-02	8.989973036253225136e-02
1.567437549224311852e+03	2.083746334224469143e-01	1.320713968389000681e-01	2.778311630554050060e-01	1.742613707661772593e-01	8.166913860742155973e-02	3.577334220516361490e-02	9.001895510425668434e-02
1.572275319437967255e+03	2.079513887060545352e-01	1.317736332833383817e-01	2.781022666651135067e-01	1.744539608286919119e-01	8.175049372583349794e-02	3.583076040444716642e-02	9.013749638629203753e-02
1.577113089651622431e+03	2.075305573242565427e-01	1.314774986280208002e-01	2.783718480025933473e-01	1.746454352700034240e-01	8.183140575644283488e-02	3.588789673980621181e-02	9.025535827864780702e-02
1.581950859865277607e+03	2.071121249959031463e-01	1.311829843772664705e-01	2.786399161921245815e-01	1.748358003093881397e-01	8.191187707521746519e-02	3.594475222455622426e-02	9.037254482531491273e-02
1.586788630078933011e+03	2.066960775339487244e-01	1.308900820717061597e-01	2.789064802915695029e-01	1.750250621357487268e-01	8.199191004691555595e-02	3.600132787545624879e-02	9.048906004442600071e-02
1.591626400292587959e+03	2.062824008446596247e-01	1.305987832882880006e-01	2.791715492930905151e-01	1.752132269076887294e-01	8.207150702509659335e-02	3.605762471253132900e-02	9.060490792841605079e-02
1.596464170506243590e+03	2.058710809268314013e-01	1.303090796402795737e-01	2.794351321238556229e-01	1.754003007535882563e-01	8.215067035213349800e-02	3.611364375889891676e-02	9.072009244418359486e-02
1.601301940719898766e+03	2.054621038710152670e-01	1.300209627772656584e-01	2.796972376467319887e-01	1.755862897716807813e-01	8.222940235922596153e-02	3.616938604059904278e-02	9.083461753325215715e-02
1.606139710933553943e+03	2.050554558587539822e-01	1.297344243851427381e-01	2.799578746609682756e-01	1.757712000301307198e-01	8.230770536641493496e-02	3.622485258642826195e-02	9.094848711193201374e-02
1.610977481147209119e+03	2.046511231618265703e-01	1.294494561861093962e-01	2.802170519028654438e-01	1.759550375671121436e-01	8.238558168259811632e-02	3.628004442777722771e-02	9.106170507148210469e-02
1.615815251360864750e+03	2.042490921415019700e-01	1.291660499386535488e-01	2.804747780464366125e-01	1.761378083908883285e-01	8.246303360554654849e-02	3.633496259847190935e-02	9.117427527827204337e-02
1.620653021574519926e+03	2.038493492478016256e-01	1.288841974375358745e-01	2.807310617040563172e-01	1.763195184798923842e-01	8.254006342192224399e-02	3.638960813461829258e-02	9.128620157394416734e-02
1.625490791788175102e+03	2.034518810187704585e-01	1.286038905137699417e-01	2.809859114270989444e-01	1.765001737828086892e-01	8.261667340729675346e-02	3.644398207445054272e-02	9.139748777557561710e-02
1.630328562001830505e+03	2.030566740797563607e-01	1.283251210345990323e-01	2.812393357065669508e-01	1.766797802186551858e-01	8.269286582617073333e-02	3.649808545818252620e-02	9.150813767584015102e-02
1.635166332215485909e+03	2.026637151426981809e-01	1.280478809034697463e-01	2.814913429737090911e-01	1.768583436768668138e-01	8.276864293199440170e-02	3.655191932786268361e-02	9.161815504316998815e-02
1.640004102429141085e+03	2.022729910054219538e-01	1.277721620600023866e-01	2.817419416006287092e-01	1.770358700173794986e-01	8.284400696718895174e-02	3.660548472723215013e-02	9.172754362191730404e-02
1.644841872642796488e+03	2.018844885509448739e-01	1.274979564799583465e-01	2.819911399008823150e-01	1.772123650707151665e-01	8.291896016316870066e-02	3.665878270158601238e-02	9.183630713251551836e-02
1.649679642856451665e+03	2.014981947467876788e-01	1.272252561752045263e-01	2.822389461300688351e-01	1.773878346380677040e-01	8.299350474036419623e-02	3.671181429763772930e-02	9.194444927164029113e-02
1.654517413070107068e+03	2.011140966442946654e-01	1.269540531936745598e-01	2.824853684864096492e-01	1.775622844913893883e-01	8.306764290824612817e-02	3.676458056338657160e-02	9.205197371236996384e-02
1.659355183283762244e+03	2.007321813779613939e-01	1.266843396193276239e-01	2.827304151113194663e-01	1.777357203734785118e-01	8.314137686534990579e-02	3.681708254798808644e-02	9.215888410434587563e-02
1.664192953497417420e+03	2.003524361647700813e-01	1.264161075721041416e-01	2.829740940899684309e-01	1.779081479980675340e-01	8.321470879930113751e-02	3.686932130162751120e-02	9.226518407393193011e-02
1.669030723711072824e+03	1.999748483035325708e-01	1.261493492078790135e-01	2.832164134518355136e-01	1.780795730499120655e-01	8.328764088684166567e-02	3.692129787539599056e-02	9.237087722437388460e-02
1.673868493924728000e+03	1.995994051742403796e-01	1.258840567184119075e-01	2.834573811712535196e-01	1.782500011848807409e-01	8.336017529385654490e-02	3.697301332116970096e-02	9.247596713595793161e-02
1.678706264138383403e+03	1.992260942374223243e-01	1.256202223312953004e-01	2.836970051679456040e-01	1.784194380300454796e-01	8.343231417540147854e-02	3.702446869149168818e-02	9.258045736616882238e-02
1.683544034352038352e+03	1.988549030335091949e-01	1.253578383098999938e-01	2.839352933075540153e-01	1.785878891837728022e-01	8.350405967573096278e-02	3.707566503945641107e-02	9.268435144984731033e-02
1.688381804565693983e+03	1.984858191822054529e-01	1.250968969533179376e-01	2.841722534021604574e-01	1.787553602158157562e-01	8.357541392832716631e-02	3.712660341859697066e-02	9.278765289934697014e-02
1.693219574779349159e+03	1.981188303818678109e-01	1.248373905963029440e-01	2.844078932107989566e-01	1.789218566674063426e-01	8.364637905592933742e-02	3.717728488277490667e-02	9.289036520469033664e-02
1.698057344993004335e+03	1.977539244088907522e-01	1.245793116092090841e-01	2.846422204399612910e-01	1.790873840513487747e-01	8.371695717056379382e-02	3.722771048607256827e-02	9.299249183372437777e-02
1.702895115206659511e+03	1.973910891170987114e-01	1.243226523979267389e-01	2.848752427440942037e-01	1.792519478521133747e-01	8.378715037357448159e-02	3.727788128268796908e-02	9.309403623227517632e-02
1.707732885420315142e+03	1.970303124371449444e-01	1.240674054038165136e-01	2.851069677260900104e-01	1.794155535259309431e-01	8.385696075565408913e-02	3.732779832683209148e-02	9.319500182430191793e-02
1.712570655633970318e+03	1.966715823759169757e-01	1.238135631036410833e-01	2.853374029377700460e-01	1.795782065008879880e-01	8.392639039687578573e-02	3.737746267262861272e-02	9.329539201205003240e-02
1.717408425847625494e+03	1.963148870159482640e-01	1.235611180094949024e-01	2.855665558803603399e-01	1.797399121770222319e-01	8.399544136672526529e-02	3.742687537401592768e-02	9.339521017620365517e-02
1.722246196061280898e+03	1.959602145148364172e-01	1.233100626687319845e-01	2.857944340049612397e-01	1.799006759264188682e-01	8.406411572413342859e-02	3.747603748465154483e-02	9.349445967603708940e-02
1.727083966274936301e+03	1.956075531046675697e-01	1.230603896638916978e-01	2.860210447130099864e-01	1.800605030933074002e-01	8.413241551750955116e-02	3.752495005781870258e-02	9.359314384956564370e-02
1.731921736488591478e+03	1.952568910914469491e-01	1.228120916126227008e-01	2.862463953567364605e-01	1.802193989941589247e-01	8.420034278477475653e-02	3.757361414633521995e-02	9.369126601369545670e-02
1.736759506702246881e+03	1.949082168545355487e-01	1.225651611676049912e-01	2.864704932396129888e-01	1.803773689177839146e-01	8.426789955339604454e-02	3.762203080246447062e-02	9.378882946437250290e-02
1.741597276915902057e+03	1.945615188460925737e-01	1.223195910164702055e-01	2.866933456167969907e-01	1.805344181254306124e-01	8.433508784042074991e-02	3.767020107782857730e-02	9.388583747673069635e-02
1.746435047129557461e+03	1.942167855905240215e-01	1.220753738817202255e-01	2.869149596955683501e-01	1.806905518508837849e-01	8.440190965251126443e-02	3.771812602332357683e-02	9.398229330523916181e-02
1.751272817343212637e+03	1.938740056839368953e-01	1.218325025206439954e-01	2.871353426357597938e-01	1.808457753005640045e-01	8.446836698598034210e-02	3.776580668903672250e-02	9.407820018384852045e-02
1.756110587556867813e+03	1.935331677935993311e-01	1.215909697252328114e-01	2.873545015501822175e-01	1.810000936536273197e-01	8.453446182682655685e-02	3.781324412416573605e-02	9.417356132613628750e-02
1.760948357770523216e+03	1.931942606574059973e-01	1.213507683220940020e-01	2.875724435050431294e-01	1.811535120620655082e-01	8.460019615077028765e-02	3.786043937694003741e-02	9.426837992545127054e-02
1.765786127984178393e+03	1.928572730833493787e-01	1.211118911723630398e-01	2.877891755203600965e-01	1.813060356508065518e-01	8.466557192328993953e-02	3.790739349454392421e-02	9.436265915505720470e-02
1.770623898197833569e+03	1.925221939489966116e-01	1.208743311716141411e-01	2.880047045703684194e-01	1.814576695178156673e-01	8.473059109965853930e-02	3.795410752304159696e-02	9.445640216827522195e-02
1.775461668411488745e+03	1.921890122009711765e-01	1.206380812497695326e-01	2.882190375839228658e-01	1.816084187341965028e-01	8.479525562498059499e-02	3.800058250730401627e-02	9.454961209862547400e-02
1.780299438625144376e+03	1.918577168544405298e-01	1.204031343710072338e-01	2.884321814448945753e-01	1.817582883442930286e-01	8.485956743422927440e-02	3.804681949093767501e-02	9.464229205996781136e-02
1.785137208838799552e+03	1.915282969926086487e-01	1.201694835336674649e-01	2.886441429925622471e-01	1.819072833657914279e-01	8.492352845228388902e-02	3.809281951621500129e-02	9.473444514664144944e-02
1.789974979052454728e+03	1.912007417662137387e-01	1.199371217701578063e-01	2.888549290219981081e-01	1.820554087898226259e-01	8.498714059396761389e-02	3.813858362400662089e-02	9.482607443360363542e-02
1.794812749266109904e+03	1.908750403930311590e-01	1.197060421468570252e-01	2.890645462844488311e-01	1.822026695810649299e-01	8.505040576408542941e-02	3.818411285371525743e-02	9.491718297656742687e-02
1.799650519479765535e+03	1.905511821573813713e-01	1.194762377640177509e-01	2.892730014877118450e-01	1.823490706778470305e-01	8.511332585746239632e-02	3.822940824321131859e-02	9.500777381213833250e-02
1.804488289693420711e+03	1.902291564096426635e-01	1.192477017556678592e-01	2.894803012965057598e-01	1.824946169922513350e-01	8.517590275898208330e-02	3.827447082877016155e-02	9.509784995795018958e-02
1.809326059907075887e+03	1.899089525657688404e-01	1.190204272895108023e-01	2.896864523328369079e-01	1.826393134102175242e-01	8.523813834362523045e-02	3.831930164501086422e-02	9.518741441279986171e-02
1.814163830120731291e+03	1.895905601068119395e-01	1.187944075668247446e-01	2.898914611763605542e-01	1.827831647916463575e-01	8.530003447650867654e-02	3.836390172483670341e-02	9.527647015678097908e-02
1.819001600334386467e+03	1.892739685784493864e-01	1.185696358223606861e-01	2.900953343647377225e-01	1.829261759705038681e-01	8.536159301292438328e-02	3.840827209937705544e-02	9.536502015141684607e-02
1.823839370548041643e+03	1.889591675905160084e-01	1.183461053242394756e-01	2.902980783939872467e-01	1.830683517549255290e-01	8.542281579837870953e-02	3.845241379793088582e-02	9.545306733979208591e-02
1.828677140761696819e+03	1.886461468165405164e-01	1.181238093738479350e-01	2.904996997188334928e-01	1.832096969273209197e-01	8.548370466863186579e-02	3.849632784791165441e-02	9.554061464668353598e-02
1.833514910975352450e+03	1.883348959932867883e-01	1.179027413057338741e-01	2.907002047530496402e-01	1.833502162444783090e-01	8.554426144973750756e-02	3.854001527479373329e-02	9.562766497869006066e-02
1.838352681189008081e+03	1.880254049202993716e-01	1.176828944875003141e-01	2.908995998697964103e-01	1.834899144376696545e-01	8.560448795808246747e-02	3.858347710206023323e-02	9.571422122436136493e-02
1.843190451402663257e+03	1.877176634594535654e-01	1.174642623196987118e-01	2.910978914019571318e-01	1.836287962127557127e-01	8.566438600042670937e-02	3.862671435115218321e-02	9.580028625432576717e-02
1.848028221616318433e+03	1.874116615345098880e-01	1.172468382357213373e-01	2.912950856424678103e-01	1.837668662502912331e-01	8.572395737394329640e-02	3.866972804141911857e-02	9.588586292141715317e-02
1.852865991829973609e+03	1.871073891306727077e-01	1.170306157016928195e-01	2.914911888446435340e-01	1.839041292056304566e-01	8.578320386625860883e-02	3.871251919007098058e-02	9.597095406080075053e-02
1.857703762043628785e+03	1.868048362941532592e-01	1.168155882163609549e-01	2.916862072225011593e-01	1.840405897090325316e-01	8.584212725549257572e-02	3.875508881213137607e-02	9.605556249009807035e-02
1.862541532257283961e+03	1.865039931317368227e-01	1.166017493109866299e-01	2.918801469510772795e-01	1.841762523657673456e-01	8.590072931029910097e-02	3.879743792039203054e-02	9.613969100951076652e-02
1.867379302470939592e+03	1.862048498103540117e-01	1.163890925492331030e-01	2.920730141667431390e-01	1.843111217562210247e-01	8.595901178990651703e-02	3.883956752536859430e-02	9.622334240194356514e-02
1.872217072684594768e+03	1.859073965566561404e-01	1.161776115270545390e-01	2.922648149675149964e-01	1.844452024360021813e-01	8.601697644415820521e-02	3.888147863525762832e-02	9.630651943312625030e-02
1.877054842898249490e+03	1.856116236565946431e-01	1.159672998725838067e-01	2.924555554133612123e-01	1.845784989360476080e-01	8.607462501355318818e-02	3.892317225589483898e-02	9.638922485173462285e-02
1.881892613111905121e+03	1.853175214550044914e-01	1.157581512460197359e-01	2.926452415265053952e-01	1.847110157627283311e-01	8.613195922928693071e-02	3.896464939071443007e-02	9.647146138951052941e-02
1.886730383325560297e+03	1.850250803551913847e-01	1.155501593395136251e-01	2.928338792917261624e-01	1.848427573979558869e-01	8.618898081329212646e-02	3.900591104070970372e-02	9.655323176138087826e-02
1.891568153539215928e+03	1.847342908185229948e-01	1.153433178770552486e-01	2.930214746566530692e-01	1.849737282992882925e-01	8.624569147827956805e-02	3.904695820439475079e-02	9.663453866557582261e-02
1.896405923752871104e+03	1.844451433640239002e-01	1.151376206143582409e-01	2.932080335320590980e-01	1.851039329000363498e-01	8.630209292777904495e-02	3.908779187776720981e-02	9.671538478374584746e-02
1.901243693966526507e+03	1.841576285679743519e-01	1.149330613387449240e-01	2.933935617921500927e-01	1.852333756093698103e-01	8.635818685618032453e-02	3.912841305427224720e-02	9.679577278107794058e-02
1.906081464180181683e+03	1.838717370635126747e-01	1.147296338690306644e-01	2.935780652748501418e-01	1.853620608124236235e-01	8.641397494877413321e-02	3.916882272476745336e-02	9.687570530641098632e-02
1.910919234393836859e+03	1.835874595402415266e-01	1.145273320554077018e-01	2.937615497820840749e-01	1.854899928704042689e-01	8.646945888179324857e-02	3.920902187748891154e-02	9.695518499234995202e-02
1.915757004607492036e+03	1.833047867438374889e-01	1.143261497793284648e-01	2.939440210800566833e-01	1.856171761206959203e-01	8.652464032245353598e-02	3.924901149801823114e-02	9.703421445537935286e-02
1.920594774821147894e+03	1.830237094756644867e-01	1.141260809533885395e-01	2.941254848995286109e-01	1.857436148769667505e-01	8.657952092899499907e-02	3.928879256925059404e-02	9.711279629597571739e-02
1.925432545034802843e+03	1.827442185923905671e-01	1.139271195212090970e-01	2.943059469360890801e-01	1.858693134292750959e-01	8.663410235072295518e-02	3.932836607136381418e-02	9.719093309871910946e-02
1.930270315248458019e+03	1.824663050056082036e-01	1.137292594573190152e-01	2.944854128504256208e-01	1.859942760441756771e-01	8.668838622804905802e-02	3.936773298178831287e-02	9.726862743240378972e-02
1.935108085462113195e+03	1.821899596814581523e-01	1.135324947670365431e-01	2.946638882685906902e-01	1.861185069648257362e-01	8.674237419253251480e-02	3.940689427517808652e-02	9.734588185014794726e-02
1.939945855675768371e+03	1.819151736402565556e-01	1.133368194863506595e-01	2.948413787822650733e-01	1.862420104110911745e-01	8.679606786692108111e-02	3.944585092338259713e-02	9.742269888950252921e-02
1.944783625889424002e+03	1.816419379561253766e-01	1.131422276818020711e-01	2.950178899490187301e-01	1.863647905796524951e-01	8.684946886519223641e-02	3.948460389541954413e-02	9.749908107255914058e-02
1.949621396103079178e+03	1.813702437566263315e-01	1.129487134503639051e-01	2.951934272925685332e-01	1.864868516441109125e-01	8.690257879259424834e-02	3.952315415744854510e-02	9.757503090605712526e-02
1.954459166316734354e+03	1.811000822223978457e-01	1.127562709193220825e-01	2.953679963030328981e-01	1.866081977550940463e-01	8.695539924568723711e-02	3.956150267274567006e-02	9.765055088148973106e-02
1.959296936530389530e+03	1.808314445867953979e-01	1.125648942461554142e-01	2.955416024371842476e-01	1.867288330403619467e-01	8.700793181238425378e-02	3.959965040167886391e-02	9.772564347520938666e-02
1.964134706744044706e+03	1.805643221355350270e-01	1.123745776184154888e-01	2.957142511186977574e-01	1.868487616049126221e-01	8.706017807199228908e-02	3.963759830168418069e-02	9.780031114853209029e-02
1.968972476957700337e+03	1.802987062063398649e-01	1.121853152536062687e-01	2.958859477383984915e-01	1.869679875310877315e-01	8.711213959525317130e-02	3.967534732724282281e-02	9.787455634784102132e-02
1.973810247171355968e+03	1.800345881885899446e-01	1.119971013990634923e-01	2.960566976545049300e-01	1.870865148786780841e-01	8.716381794438464448e-02	3.971289842985899210e-02	9.794838150468923588e-02
1.978648017385010689e+03	1.797719595229749501e-01	1.118099303318338400e-01	2.962265061928702758e-01	1.872043476850289989e-01	8.721521467312119691e-02	3.975025255803858737e-02	9.802178903590143266e-02
1.983485787598666320e+03	1.795108117011500193e-01	1.116237963585539478e-01	2.963953786472212637e-01	1.873214899651454990e-01	8.726633132675494509e-02	3.978741065726855430e-02	9.809478134367506652e-02
1.988323557812321269e+03	1.792511362653945728e-01	1.114386938153292400e-01	2.965633202793939160e-01	1.874379457117975323e-01	8.731716944217642051e-02	3.982437366999708878e-02	9.816736081568049055e-02
1.993161328025976900e+03	1.789929248082740287e-01	1.112546170676126239e-01	2.967303363195675225e-01	1.875537188956248325e-01	8.736773054791537041e-02	3.986114253561452714e-02	9.823952982516027943e-02
1.997999098239632076e+03	1.787361689723045433e-01	1.110715605100830450e-01	2.968964319664956775e-01	1.876688134652418349e-01	8.741801616418139187e-02	3.989771819043497203e-02	9.831129073102776172e-02
2.002836868453287707e+03	1.784808604496205542e-01	1.108895185665239314e-01	2.970616123877345416e-01	1.877832333473422599e-01	8.746802780290460766e-02	3.993410156767861208e-02	9.838264587796477501e-02
2.007674638666942428e+03	1.782269909816451003e-01	1.107084856897014996e-01	2.972258827198694942e-01	1.878969824468036953e-01	8.751776696777624487e-02	3.997029359745479793e-02	9.845359759651847731e-02
2.012512408880597604e+03	1.779745523587631384e-01	1.105284563612429632e-01	2.973892480687390649e-01	1.880100646467918191e-01	8.756723515428908866e-02	4.000629520674569423e-02	9.852414820319752020e-02
2.017350179094252780e+03	1.777235364199974410e-01	1.103494250915147690e-01	2.975517135096563126e-01	1.881224838088646489e-01	8.761643384977796378e-02	4.004210731939068790e-02	9.859430000056737531e-02
2.022187949307908411e+03	1.774739350526874371e-01	1.101713864195006803e-01	2.977132840876283715e-01	1.882342437730764595e-01	8.766536453346006341e-02	4.007773085607137242e-02	9.866405527734475878e-02
2.027025719521564042e+03	1.772257401921705777e-01	1.099943349126798336e-01	2.978739648175731669e-01	1.883453483580816434e-01	8.771402867647520862e-02	4.011316673429723284e-02	9.873341630849148676e-02
2.031863489735218764e+03	1.769789438214664778e-01	1.098182651669047660e-01	2.980337606845345211e-01	1.884558013612381289e-01	8.776242774192606622e-02	4.014841586839191373e-02	9.880238535530735944e-02
2.036701259948874394e+03	1.767335379709636944e-01	1.096431718062794713e-01	2.981926766438944276e-01	1.885656065587108798e-01	8.781056318491822776e-02	4.018347916948010468e-02	9.887096466552239282e-02
2.041539030162529116e+03	1.764895147181090862e-01	1.094690494830374006e-01	2.983507176215839940e-01	1.886747677055750916e-01	8.785843645260023316e-02	4.021835754547506414e-02	9.893915647338825947e-02
2.046376800376184747e+03	1.762468661870998932e-01	1.092958928774194483e-01	2.985078885142915528e-01	1.887832885359190527e-01	8.790604898420351088e-02	4.025305190106662212e-02	9.900696299976900761e-02
2.051214570589840150e+03	1.760055845485781201e-01	1.091236966975520639e-01	2.986641941896687746e-01	1.888911727629470350e-01	8.795340221108222112e-02	4.028756313770991832e-02	9.907438645223097529e-02
2.056052340803495554e+03	1.757656620193276398e-01	1.089524556793253079e-01	2.988196394865351158e-01	1.889984240790816006e-01	8.800049755675293239e-02	4.032189215361450807e-02	9.914142902513196909e-02
2.060890111017150957e+03	1.755270908619738224e-01	1.087821645862709630e-01	2.989742292150798786e-01	1.891050461560660201e-01	8.804733643693432588e-02	4.035603984373419689e-02	9.920809289970984601e-02
2.065727881230805451e+03	1.752898633846854404e-01	1.086128182094407285e-01	2.991279681570623850e-01	1.892110426450663574e-01	8.809392025958670547e-02	4.039000709975729825e-02	9.927438024417015172e-02
2.070565651444461309e+03	1.750539719408791828e-01	1.084444113672844850e-01	2.992808610660102620e-01	1.893164171767731108e-01	8.814025042495141071e-02	4.042379481009744646e-02	9.934029321377318977e-02
2.075403421658116713e+03	1.748194089289265007e-01	1.082769389055286274e-01	2.994329126674155628e-01	1.894211733615029092e-01	8.818632832559016033e-02	4.045740385988493698e-02	9.940583395092039698e-02
2.080241191871772116e+03	1.745861667918627846e-01	1.081103956970545094e-01	2.995841276589291668e-01	1.895253147892998757e-01	8.823215534642428470e-02	4.049083513095855236e-02	9.947100458523988609e-02
2.085078962085427065e+03	1.743542380170990946e-01	1.079447766417769294e-01	2.997345107105534590e-01	1.896288450300364914e-01	8.827773286477381964e-02	4.052408950185790171e-02	9.953580723367139171e-02
2.089916732299082469e+03	1.741236151361359730e-01	1.077800766665228116e-01	2.998840664648324550e-01	1.897317676335145697e-01	8.832306225039650294e-02	4.055716784781621120e-02	9.960024400055052241e-02
2.094754502512737417e+03	1.738942907242797542e-01	1.076162907249099548e-01	3.000327995370410950e-01	1.898340861295657045e-01	8.836814486552660441e-02	4.059007104075362804e-02	9.966431697769231879e-02
2.099592272726392821e+03	1.736662574003610127e-01	1.074534137972259218e-01	3.001807145153718714e-01	1.899358040281515503e-01	8.841298206491378375e-02	4.062279994927091992e-02	9.972802824447402070e-02
2.104430042940048224e+03	1.734395078264552859e-01	1.072914408903070799e-01	3.003278159611201259e-01	1.900369248194637983e-01	8.845757519586164297e-02	4.065535543864370882e-02	9.979137986791739023e-02
2.109267813153704083e+03	1.732140347076061848e-01	1.071303670374177952e-01	3.004741084088675129e-01	1.901374519740239577e-01	8.850192559826632055e-02	4.068773837081707950e-02	9.985437390277014658e-02
2.114105583367359031e+03	1.729898307915504196e-01	1.069701872981297930e-01	3.006195963666635773e-01	1.902373889427827203e-01	8.854603460465486353e-02	4.071994960440065980e-02	9.991701239158694292e-02
2.118943353581013525e+03	1.727668888684451842e-01	1.068108967582016150e-01	3.007642843162060542e-01	1.903367391572191314e-01	8.858990354022348856e-02	4.075198999466408262e-02	9.997929736480942742e-02
2.123781123794669384e+03	1.725452017705977614e-01	1.066524905294584102e-01	3.009081767130186713e-01	1.904355060294394553e-01	8.863353372287575971e-02	4.078386039353291276e-02	1.000412308408459988e-01
2.128618894008324787e+03	1.723247623721970434e-01	1.064949637496716839e-01	3.010512779866283406e-01	1.905336929522758183e-01	8.867692646326061356e-02	4.081556164958492772e-02	1.001028148261505907e-01
2.133456664221980191e+03	1.721055635890473001e-01	1.063383115824395042e-01	3.011935925407397407e-01	1.906313032993843248e-01	8.872008306481023177e-02	4.084709460804683556e-02	1.001640513153010670e-01
2.138294434435635139e+03	1.718875983783039740e-01	1.061825292170666957e-01	3.013351247534090671e-01	1.907283404253432291e-01	8.876300482377783019e-02	4.087846011079134673e-02	1.002249422910768684e-01
2.143132204649290543e+03	1.716708597382115564e-01	1.060276118684453095e-01	3.014758789772156167e-01	1.908248076657504677e-01	8.880569302927533715e-02	4.090965899633464131e-02	1.002854897245360477e-01
2.147969974862945492e+03	1.714553407078436287e-01	1.058735547769353996e-01	3.016158595394322073e-01	1.909207083373210823e-01	8.884814896331079404e-02	4.094069209983419722e-02	1.003456955750917368e-01
2.152807745076601350e+03	1.712410343668445412e-01	1.057203532082458541e-01	3.017550707421935985e-01	1.910160457379843080e-01	8.889037390082582535e-02	4.097156025308699295e-02	1.004055617905879605e-01
2.157645515290255844e+03	1.710279338351735345e-01	1.055680024533156153e-01	3.018935168626638577e-01	1.911108231469803020e-01	8.893236910973280340e-02	4.100226428452802968e-02	1.004650903073748824e-01
2.162483285503912157e+03	1.708160322728504710e-01	1.054164978281950382e-01	3.020312021532022273e-01	1.912050438249565665e-01	8.897413585095201305e-02	4.103280501922924872e-02	1.005242830503834117e-01
2.167321055717567106e+03	1.706053228797038135e-01	1.052658346739275136e-01	3.021681308415269385e-01	1.912987110140642044e-01	8.901567537844855271e-02	4.106318327889872666e-02	1.005831419331992826e-01
2.172158825931222509e+03	1.703957988951202429e-01	1.051160083564313952e-01	3.023043071308779695e-01	1.913918279380534548e-01	8.905698893926922155e-02	4.109339988188027981e-02	1.006416688581364266e-01
2.176996596144877003e+03	1.701874535977965230e-01	1.049670142663821359e-01	3.024397352001784167e-01	1.914843978023694770e-01	8.909807777357914294e-02	4.112345564315329771e-02	1.006998657163099692e-01
2.181834366358532861e+03	1.699802803054928091e-01	1.048188478190946876e-01	3.025744192041944225e-01	1.915764237942473025e-01	8.913894311469834630e-02	4.115335137433296514e-02	1.007577343877084086e-01
2.186672136572187810e+03	1.697742723747882321e-01	1.046715044544061501e-01	3.027083632736933261e-01	1.916679090828067866e-01	8.917958618913815472e-02	4.118308788367073398e-02	1.008152767412654888e-01
2.191509906785843214e+03	1.695694232008382041e-01	1.045249796365587541e-01	3.028415715156010379e-01	1.917588568191470333e-01	8.922000821663746140e-02	4.121266597605516974e-02	1.008724946349312396e-01
2.196347676999498617e+03	1.693657262171334443e-01	1.043792688540830932e-01	3.029740480131572489e-01	1.918492701364406250e-01	8.926021041019883973e-02	4.124208645301300630e-02	1.009293899157426566e-01
2.201185447213154021e+03	1.691631748952608927e-01	1.042343676196816477e-01	3.031057968260700286e-01	1.919391521500274367e-01	8.930019397612452836e-02	4.127135011271054754e-02	1.009859644198937839e-01
2.206023217426809424e+03	1.689617627446663994e-01	1.040902714701125581e-01	3.032368219906689810e-01	1.920285059575081721e-01	8.933996011405224980e-02	4.130045774995530494e-02	1.010422199728051723e-01
2.210860987640464373e+03	1.687614833124193303e-01	1.039469759660737874e-01	3.033671275200565121e-01	1.921173346388374281e-01	8.937951001699089015e-02	4.132941015619797515e-02	1.010981583891929214e-01
2.215698757854119776e+03	1.685623301829786702e-01	1.038044766920874634e-01	3.034967174042582094e-01	1.922056412564167316e-01	8.941884487135609572e-02	4.135820811953460491e-02	1.011537814731370832e-01
2.220536528067775180e+03	1.683642969779610143e-01	1.036627692563846515e-01	3.036255956103721121e-01	1.922934288551867710e-01	8.945796585700556414e-02	4.138685242470906828e-02	1.012090910181496078e-01
2.225374298281430583e+03	1.681673773559103080e-01	1.035218492907903631e-01	3.037537660827164254e-01	1.923807004627197670e-01	8.949687414727437729e-02	4.141534385311578664e-02	1.012640888072416923e-01
2.230212068495085077e+03	1.679715650120692516e-01	1.033817124506088980e-01	3.038812327429759597e-01	1.924674590893111492e-01	8.953557090901008431e-02	4.144368318280268471e-02	1.013187766129906991e-01
2.235049838708740936e+03	1.677768536781522046e-01	1.032423544145094768e-01	3.040079994903474581e-01	1.925537077280710108e-01	8.957405730260763199e-02	4.147187118847441706e-02	1.013731561976064927e-01
2.239887608922396339e+03	1.675832371221201433e-01	1.031037708844122769e-01	3.041340702016837594e-01	1.926394493550152576e-01	8.961233448204418417e-02	4.149990864149578906e-02	1.014272293129972746e-01
2.244725379136052197e+03	1.673907091479569509e-01	1.029659575853747316e-01	3.042594487316364615e-01	1.927246869291563691e-01	8.965040359491377453e-02	4.152779630989545528e-02	1.014809977008349351e-01
2.249563149349706237e+03	1.671992635954474005e-01	1.028289102654781212e-01	3.043841389127978081e-01	1.928094233925937984e-01	8.968826578246180681e-02	4.155553495836981220e-02	1.015344630926199310e-01
2.254400919563362095e+03	1.670088943399569703e-01	1.026926246957146210e-01	3.045081445558410205e-01	1.928936616706040108e-01	8.972592217961941619e-02	4.158312534828710605e-02	1.015876272097455679e-01
2.259238689777017044e+03	1.668195952922128800e-01	1.025570966698746284e-01	3.046314694496595754e-01	1.929774046717301905e-01	8.976337391503767804e-02	4.161056823769180429e-02	1.016404917635619354e-01
2.264076459990672902e+03	1.666313603980870139e-01	1.024223220044343657e-01	3.047541173615057053e-01	1.930606552878716131e-01	8.980062211112165016e-02	4.163786438130910594e-02	1.016930584554392586e-01
