1.001418434226643626e+03	2.791959777451681335e-01	1.815302733061526785e-01	2.349714486503966526e-01	1.409094729472099849e-01	6.772725086297538832e-02	2.659045269333597597e-02	6.907512379453104034e-02
1.002869765290740247e+03	2.789391098849474115e-01	1.813682108828227613e-01	2.351527380134796619e-01	1.410145978683343682e-01	6.776716995658092768e-02	2.661542129105168644e-02	6.914275210255305115e-02
1.004321096354836754e+03	2.786827029105691245e-01	1.812063980033529476e-01	2.353336991112178755e-01	1.411195480563729177e-01	6.780701417924421548e-02	2.664036584708471059e-02	6.921027189192799356e-02
1.005772427418933376e+03	2.784267559650150936e-01	1.810448343058386478e-01	2.355143325063352444e-01	1.412243238791196787e-01	6.784678370538557712e-02	2.666528634062922606e-02	6.927768329744633802e-02
1.007223758483029997e+03	2.781712681929812692e-01	1.808835194288203330e-01	2.356946387606515259e-01	1.413289257026977552e-01	6.788647870894416736e-02	2.669018275116603542e-02	6.934498645450873355e-02
1.008675089547126618e+03	2.779162387408739554e-01	1.807224530112832850e-01	2.358746184350837827e-01	1.414333538915769628e-01	6.792609936337955234e-02	2.671505505846084524e-02	6.941218149911150548e-02
1.010126420611223239e+03	2.776616667568053698e-01	1.805616346926572635e-01	2.360542720896476598e-01	1.415376088085913420e-01	6.796564584167322232e-02	2.673990324256255227e-02	6.947926856783247229e-02
1.011577751675319632e+03	2.774075513905894796e-01	1.804010641128164505e-01	2.362336002834587723e-01	1.416416908149564780e-01	6.800511831633018756e-02	2.676472728380153640e-02	6.954624779781694299e-02
1.013029082739416367e+03	2.771538917937378388e-01	1.802407409120790338e-01	2.364126035747341481e-01	1.417456002702863205e-01	6.804451695938047717e-02	2.678952716278797802e-02	6.961311932676392256e-02
1.014480413803512761e+03	2.769006871194557018e-01	1.800806647312070685e-01	2.365912825207934778e-01	1.418493375326100869e-01	6.808384194238063791e-02	2.681430286041017533e-02	6.967988329291260885e-02
1.015931744867609382e+03	2.766479365226374165e-01	1.799208352114061438e-01	2.367696376780604739e-01	1.419529029583886104e-01	6.812309343641527459e-02	2.683905435783286858e-02	6.974653983502898669e-02
1.017383075931706003e+03	2.763956391598626494e-01	1.797612519943251885e-01	2.369476696020642037e-01	1.420562969025306876e-01	6.816227161209859053e-02	2.686378163649559211e-02	6.981308909239275495e-02
1.018834406995802851e+03	2.761437941893923331e-01	1.796019147220561940e-01	2.371253788474406432e-01	1.421595197184091774e-01	6.820137663957585861e-02	2.688848467811102982e-02	6.987953120478443414e-02
1.020285738059899245e+03	2.758924007711643367e-01	1.794428230371340194e-01	2.373027659679337042e-01	1.422625717578767934e-01	6.824040868852494779e-02	2.691316346466337064e-02	6.994586631247255715e-02
1.021737069123995752e+03	2.756414580667896908e-01	1.792839765825359755e-01	2.374798315163967055e-01	1.423654533712815917e-01	6.827936792815778033e-02	2.693781797840668485e-02	7.001209455620129030e-02
1.023188400188092373e+03	2.753909652395483687e-01	1.791253750016817414e-01	2.376565760447938713e-01	1.424681649074824863e-01	6.831825452722187220e-02	2.696244820186331770e-02	7.007821607717804047e-02
1.024639731252188767e+03	2.751409214543852899e-01	1.789670179384330873e-01	2.378330001042014141e-01	1.425707067138643758e-01	6.835706865400180410e-02	2.698705411782229349e-02	7.014423101706140917e-02
1.026091062316285615e+03	2.748913258779063784e-01	1.788089050370934852e-01	2.380091042448090055e-01	1.426730791363531037e-01	6.839581047632065092e-02	2.701163570933769534e-02	7.021013951794925767e-02
1.027542393380382237e+03	2.746421776783746771e-01	1.786510359424079708e-01	2.381848890159210808e-01	1.427752825194302244e-01	6.843448016154154989e-02	2.703619295972711431e-02	7.027594172236696635e-02
1.028993724444478858e+03	2.743934760257060179e-01	1.784934102995628380e-01	2.383603549659581433e-01	1.428773172061474361e-01	6.847307787656908840e-02	2.706072585257006391e-02	7.034163777325594391e-02
1.030445055508575479e+03	2.741452200914654691e-01	1.783360277541853889e-01	2.385355026424581526e-01	1.429791835381409859e-01	6.851160378785078886e-02	2.708523437170640841e-02	7.040722781396226149e-02
1.031896386572671872e+03	2.738974090488631163e-01	1.781788879523437119e-01	2.387103325920777452e-01	1.430808818556459083e-01	6.855005806137857982e-02	2.710971850123482935e-02	7.047271198822548099e-02
1.033347717636768493e+03	2.736500420727503990e-01	1.780219905405462932e-01	2.388848453605935951e-01	1.431824124975098200e-01	6.858844086269023921e-02	2.713417822551127817e-02	7.053809044016770557e-02
1.034799048700865114e+03	2.734031183396158915e-01	1.778653351657418780e-01	2.390590414929037733e-01	1.432837758012067142e-01	6.862675235687083763e-02	2.715861352914743926e-02	7.060336331428275491e-02
1.036250379764961508e+03	2.731566370275816946e-01	1.777089214753191371e-01	2.392329215330289693e-01	1.433849721028504776e-01	6.866499270855419557e-02	2.718302439700921724e-02	7.066853075542553486e-02
1.037701710829058356e+03	2.729105973163994947e-01	1.775527491171064176e-01	2.394064860241138792e-01	1.434860017372083796e-01	6.870316208192424334e-02	2.720741081421521393e-02	7.073359290880157357e-02
1.039153041893154750e+03	2.726649983874465666e-01	1.773968177393714374e-01	2.395797355084285096e-01	1.435868650377141176e-01	6.874126064071657549e-02	2.723177276613524336e-02	7.079854991995675195e-02
1.040604372957251599e+03	2.724198394237219989e-01	1.772411269908210907e-01	2.397526705273693992e-01	1.436875623364808896e-01	6.877928854821978299e-02	2.725611023838882610e-02	7.086340193476717286e-02
1.042055704021347992e+03	2.721751196098430858e-01	1.770856765206010874e-01	2.399252916214609788e-01	1.437880939643141898e-01	6.881724596727688270e-02	2.728042321684371121e-02	7.092814909942919688e-02
1.043507035085444613e+03	2.719308381320411083e-01	1.769304659782957867e-01	2.400975993303569589e-01	1.438884602507245203e-01	6.885513306028676062e-02	2.730471168761439485e-02	7.099279156044964456e-02
1.044958366149541234e+03	2.716869941781578923e-01	1.767754950139277248e-01	2.402695941928414403e-01	1.439886615239396872e-01	6.889294998920555968e-02	2.732897563706066651e-02	7.105732946463617916e-02
1.046409697213637855e+03	2.714435869376418120e-01	1.766207632779576431e-01	2.404412767468303014e-01	1.440886981109173182e-01	6.893069691554809530e-02	2.735321505178614845e-02	7.112176295908781420e-02
1.047861028277734476e+03	2.712006156015441816e-01	1.764662704212839051e-01	2.406126475293725031e-01	1.441885703373568250e-01	6.896837400038924315e-02	2.737742991863685582e-02	7.118609219118558762e-02
1.049312359341831097e+03	2.709580793625154804e-01	1.763120160952424409e-01	2.407837070766513654e-01	1.442882785277113944e-01	6.900598140436529915e-02	2.740162022469976380e-02	7.125031730858337464e-02
1.050763690405927491e+03	2.707159774148014120e-01	1.761579999516063033e-01	2.409544559239858441e-01	1.443878230051998668e-01	6.904351928767543667e-02	2.742578595730135738e-02	7.131443845919892277e-02
1.052215021470024112e+03	2.704743089542392953e-01	1.760042216425855288e-01	2.411248946058318077e-01	1.444872040918182554e-01	6.908098781008305267e-02	2.744992710400622968e-02	7.137845579120488670e-02
1.053666352534120733e+03	2.702330731782546236e-01	1.758506808208266936e-01	2.412950236557833972e-01	1.445864221083513201e-01	6.911838713091712771e-02	2.747404365261568379e-02	7.144236945302018249e-02
1.055117683598217127e+03	2.699922692858569562e-01	1.756973771394128858e-01	2.414648436065741088e-01	1.446854773743838363e-01	6.915571740907361376e-02	2.749813559116630682e-02	7.150617959330134166e-02
1.056569014662313975e+03	2.697518964776364214e-01	1.755443102518630949e-01	2.416343549900782650e-01	1.447843702083117523e-01	6.919297880301680803e-02	2.752220290792859250e-02	7.156988636093404577e-02
1.058020345726410369e+03	2.695119539557601640e-01	1.753914798121322116e-01	2.418035583373122077e-01	1.448831009273531811e-01	6.923017147078069922e-02	2.754624559140554999e-02	7.163348990502491076e-02
1.059471676790506763e+03	2.692724409239684591e-01	1.752388854746105840e-01	2.419724541784355754e-01	1.449816698475593357e-01	6.926729556997032744e-02	2.757026363033134031e-02	7.169699037489325744e-02
1.060923007854603611e+03	2.690333565875712152e-01	1.750865268941237674e-01	2.421410430427526350e-01	1.450800772838251318e-01	6.930435125776314431e-02	2.759425701366989905e-02	7.176038792006304845e-02
1.062374338918700232e+03	2.687947001534443658e-01	1.749344037259322471e-01	2.423093254587133649e-01	1.451783235498998459e-01	6.934133869091035907e-02	2.761822573061357977e-02	7.182368269025501961e-02
1.063825669982796853e+03	2.685564708300261505e-01	1.747825156257311330e-01	2.424773019539149810e-01	1.452764089583974960e-01	6.937825802573825695e-02	2.764216977058180785e-02	7.188687483537889444e-02
1.065277001046893474e+03	2.683186678273136727e-01	1.746308622496499374e-01	2.426449730551029638e-01	1.453743338208071112e-01	6.941510941814954538e-02	2.766608912321973784e-02	7.194996450552575140e-02
1.066728332110990095e+03	2.680812903568590699e-01	1.744794432542521589e-01	2.428123392881724185e-01	1.454720984475029455e-01	6.945189302362474171e-02	2.768998377839691424e-02	7.201295185096047435e-02
1.068179663175086489e+03	2.678443376317661273e-01	1.743282582965350880e-01	2.429794011781693797e-01	1.455697031477543868e-01	6.948860899722339446e-02	2.771385372620595311e-02	7.207583702211435572e-02
1.069630994239183110e+03	2.676078088666868915e-01	1.741773070339294738e-01	2.431461592492919488e-01	1.456671482297357822e-01	6.952525749358548501e-02	2.773769895696122367e-02	7.213862016957790779e-02
1.071082325303279504e+03	2.673717032778175628e-01	1.740265891242992469e-01	2.433126140248916824e-01	1.457644340005363748e-01	6.956183866693270434e-02	2.776151946119753341e-02	7.220130144409356299e-02
1.072533656367376352e+03	2.671360200828956644e-01	1.738761042259412415e-01	2.434787660274746746e-01	1.458615607661697122e-01	6.959835267106979917e-02	2.778531522966883049e-02	7.226388099654879049e-02
1.073984987431472746e+03	2.669007585011959338e-01	1.737258519975848070e-01	2.436446157787029720e-01	1.459585288315831675e-01	6.963479965938584870e-02	2.780908625334692005e-02	7.232635897796907409e-02
1.075436318495569594e+03	2.666659177535270486e-01	1.735758320983916414e-01	2.438101637993957405e-01	1.460553385006673199e-01	6.967117978485558305e-02	2.783283252342015623e-02	7.238873553951112594e-02
1.076887649559666215e+03	2.664314970622283507e-01	1.734260441879554304e-01	2.439754106095305131e-01	1.461519900762652258e-01	6.970749320004067384e-02	2.785655403129218971e-02	7.245101083245626683e-02
1.078338980623762609e+03	2.661974956511659052e-01	1.732764879263014868e-01	2.441403567282444398e-01	1.462484838601813553e-01	6.974374005709102486e-02	2.788025076858067011e-02	7.251318500820376489e-02
1.079790311687859230e+03	2.659639127457293917e-01	1.731271629738866114e-01	2.443050026738354807e-01	1.463448201531907245e-01	6.977992050774606270e-02	2.790392272711600050e-02	7.257525821826439627e-02
1.081241642751955851e+03	2.657307475728284962e-01	1.729780689915985936e-01	2.444693489637637107e-01	1.464409992550476103e-01	6.981603470333604122e-02	2.792756989894008487e-02	7.263723061425414462e-02
1.082692973816052472e+03	2.654979993608894695e-01	1.728292056407560728e-01	2.446333961146525404e-01	1.465370214644943769e-01	6.985208279478324900e-02	2.795119227630506881e-02	7.269910234788783121e-02
1.084144304880149093e+03	2.652656673398517961e-01	1.726805725831082050e-01	2.447971446422899378e-01	1.466328870792700800e-01	6.988806493260338315e-02	2.797478985167210774e-02	7.276087357097311970e-02
1.085595635944245487e+03	2.650337507411645310e-01	1.725321694808341910e-01	2.449605950616296213e-01	1.467285963961189876e-01	6.992398126690678450e-02	2.799836261771012844e-02	7.282254443540432665e-02
1.087046967008342108e+03	2.648022487977831907e-01	1.723839959965432767e-01	2.451237478867924202e-01	1.468241497107989069e-01	6.995983194739963107e-02	2.802191056729460422e-02	7.288411509315656511e-02
1.088498298072438729e+03	2.645711607441661450e-01	1.722360517932741697e-01	2.452866036310673015e-01	1.469195473180895106e-01	6.999561712338527031e-02	2.804543369350633378e-02	7.294558569627988820e-02
1.089949629136535123e+03	2.643404858162712867e-01	1.720883365344948734e-01	2.454491628069127018e-01	1.470147895118005255e-01	7.003133694376546814e-02	2.806893198963024069e-02	7.300695639689354366e-02
1.091400960200631971e+03	2.641102232515526449e-01	1.719408498841023536e-01	2.456114259259578603e-01	1.471098765847796697e-01	7.006699155704167181e-02	2.809240544915415222e-02	7.306822734718029788e-02
1.092852291264728365e+03	2.638803722889571102e-01	1.717935915064222052e-01	2.457733934990038172e-01	1.472048088289207579e-01	7.010258111131620340e-02	2.811585406576762314e-02	7.312939869938094029e-02
1.094303622328825213e+03	2.636509321689209373e-01	1.716465610662084307e-01	2.459350660360247742e-01	1.472995865351714728e-01	7.013810575429352268e-02	2.813927783336071450e-02	7.319047060578878772e-02
1.095754953392921607e+03	2.634219021333665256e-01	1.714997582286429678e-01	2.460964440461693437e-01	1.473942099935410810e-01	7.017356563328150387e-02	2.816267674602284873e-02	7.325144321874435538e-02
1.097206284457018228e+03	2.631932814256990327e-01	1.713531826593354956e-01	2.462575280377616027e-01	1.474886794931081768e-01	7.020896089519265693e-02	2.818605079804160571e-02	7.331231669063001388e-02
1.098657615521114849e+03	2.629650692908030440e-01	1.712068340243231845e-01	2.464183185183024538e-01	1.475829953220281487e-01	7.024429168654527933e-02	2.820939998390155357e-02	7.337309117386492385e-02
1.100108946585211470e+03	2.627372649750392974e-01	1.710607119900702244e-01	2.465788159944707347e-01	1.476771577675406177e-01	7.027955815346477453e-02	2.823272429828309685e-02	7.343376682089984564e-02
1.101560277649308091e+03	2.625098677262413527e-01	1.709148162234676027e-01	2.467390209721245509e-01	1.477711671159767370e-01	7.031476044168483153e-02	2.825602373606132811e-02	7.349434378421214331e-02
1.103011608713404712e+03	2.622828767937123162e-01	1.707691463918327712e-01	2.468989339563023577e-01	1.478650236527665751e-01	7.034989869654866002e-02	2.827929829230484832e-02	7.355482221630091355e-02
1.104462939777501106e+03	2.620562914282216216e-01	1.706237021629093686e-01	2.470585554512242932e-01	1.479587276624461656e-01	7.038497306301015610e-02	2.830254796227464620e-02	7.361520226968214231e-02
1.105914270841597499e+03	2.618301108820016987e-01	1.704784832048668319e-01	2.472178859602932322e-01	1.480522794286645849e-01	7.041998368563516519e-02	2.832577274142296375e-02	7.367548409688388922e-02
1.107365601905694348e+03	2.616043344087446432e-01	1.703334891863001466e-01	2.473769259860960912e-01	1.481456792341909467e-01	7.045493070860263385e-02	2.834897262539216173e-02	7.373566785044170790e-02
1.108816932969790741e+03	2.613789612635992188e-01	1.701887197762295134e-01	2.475356760304049941e-01	1.482389273609212021e-01	7.048981427570584490e-02	2.837214761001358859e-02	7.379575368289396919e-02
1.110268264033887590e+03	2.611539907031673047e-01	1.700441746441000157e-01	2.476941365941784656e-01	1.483320240898850506e-01	7.052463453035359708e-02	2.839529769130647377e-02	7.385574174677739245e-02
1.111719595097984211e+03	2.609294219855010089e-01	1.698998534597812859e-01	2.478523081775625969e-01	1.484249697012525460e-01	7.055939161557139849e-02	2.841842286547680702e-02	7.391563219462263246e-02
1.113170926162080832e+03	2.607052543700992819e-01	1.697557558935671729e-01	2.480101912798923502e-01	1.485177644743407022e-01	7.059408567400264622e-02	2.844152312891624901e-02	7.397542517894989400e-02
1.114622257226177226e+03	2.604814871179045310e-01	1.696118816161755749e-01	2.481677863996926692e-01	1.486104086876200436e-01	7.062871684790979210e-02	2.846459847820101419e-02	7.403512085226467143e-02
1.116073588290273847e+03	2.602581194912997886e-01	1.694682302987478573e-01	2.483250940346796443e-01	1.487029026187211000e-01	7.066328527917555002e-02	2.848764891009079522e-02	7.409471936705354367e-02
1.117524919354370468e+03	2.600351507541053264e-01	1.693248016128487965e-01	2.484821146817617621e-01	1.487952465444407069e-01	7.069779110930406174e-02	2.851067442152767015e-02	7.415422087577999699e-02
1.118976250418467089e+03	2.598125801715755467e-01	1.691815952304660253e-01	2.486388488370410710e-01	1.488874407407482503e-01	7.073223447942203479e-02	2.853367500963501988e-02	7.421362553088042824e-02
1.120427581482563710e+03	2.595904070103956518e-01	1.690386108240098662e-01	2.487952969958143190e-01	1.489794854827919401e-01	7.076661553027997764e-02	2.855665067171645963e-02	7.427293348476013413e-02
1.121878912546660331e+03	2.593686305386788127e-01	1.688958480663129980e-01	2.489514596525742585e-01	1.490713810449048882e-01	7.080093440225325441e-02	2.857960140525477727e-02	7.433214488978938383e-02
1.123330243610756725e+03	2.591472500259627831e-01	1.687533066306300122e-01	2.491073373010106451e-01	1.491631277006111311e-01	7.083519123534330608e-02	2.860252720791085779e-02	7.439125989829960262e-02
1.124781574674853118e+03	2.589262647432067910e-01	1.686109861906372465e-01	2.492629304340116259e-01	1.492547257226316537e-01	7.086938616917884404e-02	2.862542807752263552e-02	7.445027866257951377e-02
1.126232905738949967e+03	2.587056739627885404e-01	1.684688864204323400e-01	2.494182395436647381e-01	1.493461753828901895e-01	7.090351934301690473e-02	2.864830401210404984e-02	7.450920133487155816e-02
1.127684236803046360e+03	2.584854769585011036e-01	1.683270069945339009e-01	2.495732651212581588e-01	1.494374769525190494e-01	7.093759089574401544e-02	2.867115500984398005e-02	7.456802806736809175e-02
1.129135567867143209e+03	2.582656730055495342e-01	1.681853475878812842e-01	2.497280076572819807e-01	1.495286307018649785e-01	7.097160096587740163e-02	2.869398106910524271e-02	7.462675901220788832e-02
1.130586898931239830e+03	2.580462613805480365e-01	1.680439078758342308e-01	2.498824676414291845e-01	1.496196369004946236e-01	7.100554969156606944e-02	2.871678218842352651e-02	7.468539432147265622e-02
1.132038229995336451e+03	2.578272413615169678e-01	1.679026875341724234e-01	2.500366455625968598e-01	1.497104958172002787e-01	7.103943721059190197e-02	2.873955836650637918e-02	7.474393414718349948e-02
1.133489561059432845e+03	2.576086122278793966e-01	1.677616862390953201e-01	2.501905419088876203e-01	1.498012077200053249e-01	7.107326366037088061e-02	2.876230960223219446e-02	7.480237864129755943e-02
1.134940892123529466e+03	2.573903732604584382e-01	1.676209036672217101e-01	2.503441571676103816e-01	1.498917728761697266e-01	7.110702917795409805e-02	2.878503589464917814e-02	7.486072795570472560e-02
1.136392223187626087e+03	2.571725237414740350e-01	1.674803394955894364e-01	2.504974918252818594e-01	1.499821915521953875e-01	7.114073390002897956e-02	2.880773724297435584e-02	7.491898224222423575e-02
1.137843554251722708e+03	2.569550629545397924e-01	1.673399934016550072e-01	2.506505463676274581e-01	1.500724640138314525e-01	7.117437796292035157e-02	2.883041364659255645e-02	7.497714165260162267e-02
1.139294885315819101e+03	2.567379901846601475e-01	1.671998650632933459e-01	2.508033212795827138e-01	1.501625905260796090e-01	7.120796150259153801e-02	2.885306510505542682e-02	7.503520633850543908e-02
1.140746216379915950e+03	2.565213047182270945e-01	1.670599541587974579e-01	2.509558170452942938e-01	1.502525713531992768e-01	7.124148465464549829e-02	2.887569161808042559e-02	7.509317645152420451e-02
1.142197547444012343e+03	2.563050058430175193e-01	1.669202603668779594e-01	2.511080341481209954e-01	1.503424067587126045e-01	7.127494755432589590e-02	2.889829318554984830e-02	7.515105214316336601e-02
1.143648878508108737e+03	2.560890928481899254e-01	1.667807833666629103e-01	2.512599730706353562e-01	1.504320970054096318e-01	7.130835033651825028e-02	2.892086980750982819e-02	7.520883356484230065e-02
1.145100209572205586e+03	2.558735650242814907e-01	1.666415228376973978e-01	2.514116342946243754e-01	1.505216423553532856e-01	7.134169313575097759e-02	2.894342148416937516e-02	7.526652086789138718e-02
1.146551540636302207e+03	2.556584216632049600e-01	1.665024784599431762e-01	2.515630183010907350e-01	1.506110430698842650e-01	7.137497608619652878e-02	2.896594821589939736e-02	7.532411420354910569e-02
1.148002871700398828e+03	2.554436620582460904e-01	1.663636499137784441e-01	2.517141255702542990e-01	1.507002994096259263e-01	7.140819932167245809e-02	2.898845000323174020e-02	7.538161372295926199e-02
1.149454202764495449e+03	2.552292855040600439e-01	1.662250368799973455e-01	2.518649565815528346e-01	1.507894116344890845e-01	7.144136297564249172e-02	2.901092684685821488e-02	7.543901957716818429e-02
1.150905533828591842e+03	2.550152912966690000e-01	1.660866390398097470e-01	2.520155118136434558e-01	1.508783800036768152e-01	7.147446718121763798e-02	2.903337874762965815e-02	7.549633191712196156e-02
1.152356864892688463e+03	2.548016787334588251e-01	1.659484560748409054e-01	2.521657917444035113e-01	1.509672047756890623e-01	7.150751207115722818e-02	2.905580570655496089e-02	7.555355089366384835e-02
1.153808195956785084e+03	2.545884471131762417e-01	1.658104876671310790e-01	2.523157968509320281e-01	1.510558862083272724e-01	7.154049777787004072e-02	2.907820772480014179e-02	7.561067665753158640e-02
1.155259527020881706e+03	2.543755957359260522e-01	1.656727334991351386e-01	2.524655276095505441e-01	1.511444245586990309e-01	7.157342443341534188e-02	2.910058480368740361e-02	7.566770935935485110e-02
1.156710858084978327e+03	2.541631239031679201e-01	1.655351932537224013e-01	2.526149844958045509e-01	1.512328200832225855e-01	7.160629216950392673e-02	2.912293694469418950e-02	7.572464914965275351e-02
1.158162189149074720e+03	2.539510309177137048e-01	1.653978666141760756e-01	2.527641679844644385e-01	1.513210730376312874e-01	7.163910111749922927e-02	2.914526414945225324e-02	7.578149617883128686e-02
1.159613520213171569e+03	2.537393160837244088e-01	1.652607532641931498e-01	2.529130785495267708e-01	1.514091836769779487e-01	7.167185140841834945e-02	2.916756641974675365e-02	7.583825059718098116e-02
1.161064851277267962e+03	2.535279787067072355e-01	1.651238528878838097e-01	2.530617166642151750e-01	1.514971522556393113e-01	7.170454317293310786e-02	2.918984375751530400e-02	7.589491255487444687e-02
1.162516182341364356e+03	2.533170180935127580e-01	1.649871651697712716e-01	2.532100828009818394e-01	1.515849790273201825e-01	7.173717654137112820e-02	2.921209616484708033e-02	7.595148220196411282e-02
1.163967513405461204e+03	2.531064335523321995e-01	1.648506897947913663e-01	2.533581774315082913e-01	1.516726642450579587e-01	7.176975164371683646e-02	2.923432364398189515e-02	7.600795968837982530e-02
1.165418844469557826e+03	2.528962243926942133e-01	1.647144264482922338e-01	2.535060010267068953e-01	1.517602081612265119e-01	7.180226860961254343e-02	2.925652619730930923e-02	7.606434516392672485e-02
1.166870175533654447e+03	2.526863899254622181e-01	1.645783748160339621e-01	2.536535540567216307e-01	1.518476110275405744e-01	7.183472756835945772e-02	2.927870382736771568e-02	7.612063877828292857e-02
1.168321506597751068e+03	2.524769294628315119e-01	1.644425345841881436e-01	2.538008369909294237e-01	1.519348730950597637e-01	7.186712864891876829e-02	2.930085653684344829e-02	7.617684068099742078e-02
1.169772837661847461e+03	2.522678423183264962e-01	1.643069054393377915e-01	2.539478502979411467e-01	1.520219946141925516e-01	7.189947197991260197e-02	2.932298432856989684e-02	7.623295102148792968e-02
1.171224168725944082e+03	2.520591278067976782e-01	1.641714870684767569e-01	2.540945944456031724e-01	1.521089758347004273e-01	7.193175768962510597e-02	2.934508720552660849e-02	7.628896994903880402e-02
1.172675499790040703e+03	2.518507852444188955e-01	1.640362791590093683e-01	2.542410699009976516e-01	1.521958170057017279e-01	7.196398590600347478e-02	2.936716517083842390e-02	7.634489761279898701e-02
1.174126830854137097e+03	2.516428139486843740e-01	1.639012813987502648e-01	2.543872771304446223e-01	1.522825183756755796e-01	7.199615675665896330e-02	2.938921822777457865e-02	7.640073416178008725e-02
1.175578161918233945e+03	2.514352132384062855e-01	1.637664934759239521e-01	2.545332165995023432e-01	1.523690801924657834e-01	7.202827036886789991e-02	2.941124637974784975e-02	7.645647974485428322e-02
1.177029492982330339e+03	2.512279824337114720e-01	1.636319150791644694e-01	2.546788887729689033e-01	1.524555027032846732e-01	7.206032686957268563e-02	2.943324963031367786e-02	7.651213451075250527e-02
1.178480824046426733e+03	2.510211208560390039e-01	1.634975458975150286e-01	2.548242941148829988e-01	1.525417861547167242e-01	7.209232638538283500e-02	2.945522798316930688e-02	7.656769860806249273e-02
1.179932155110523581e+03	2.508146278281369601e-01	1.633633856204275980e-01	2.549694330885254878e-01	1.526279307927224660e-01	7.212426904257597526e-02	2.947718144215291658e-02	7.662317218522698981e-02
1.181383486174620202e+03	2.506085026740600963e-01	1.632294339377626802e-01	2.551143061564200010e-01	1.527139368626420912e-01	7.215615496709884558e-02	2.949911001124278648e-02	7.667855539054188596e-02
1.182834817238716823e+03	2.504027447191667366e-01	1.630956905397888956e-01	2.552589137803344399e-01	1.527998046091990636e-01	7.218798428456832394e-02	2.952101369455643887e-02	7.673384837215446730e-02
1.184286148302813444e+03	2.501973532901161645e-01	1.629621551171826499e-01	2.554032564212819212e-01	1.528855342765037817e-01	7.221975712027235705e-02	2.954289249634978187e-02	7.678905127806165409e-02
1.185737479366910065e+03	2.499923277148658751e-01	1.628288273610278281e-01	2.555473345395218865e-01	1.529711261080570484e-01	7.225147359917104273e-02	2.956474642101628372e-02	7.684416425610834933e-02
1.187188810431006686e+03	2.497876673226686883e-01	1.626957069628153230e-01	2.556911485945612128e-01	1.530565803467536790e-01	7.228313384589754587e-02	2.958657547308612967e-02	7.689918745398570399e-02
1.188640141495103080e+03	2.495833714440700291e-01	1.625627936144427577e-01	2.558346990451554337e-01	1.531418972348859153e-01	7.231473798475913928e-02	2.960837965722539281e-02	7.695412101922952108e-02
1.190091472559199701e+03	2.493794394109052903e-01	1.624300870082141801e-01	2.559779863493097940e-01	1.532270770141468952e-01	7.234628613973816125e-02	2.963015897823520137e-02	7.700896509921861810e-02
1.191542803623296322e+03	2.491758705562969189e-01	1.622975868368396191e-01	2.561210109642802490e-01	1.533121199256340383e-01	7.237777843449298698e-02	2.965191344105092344e-02	7.706371984117331431e-02
1.192994134687392716e+03	2.489726642146518343e-01	1.621652927934348065e-01	2.562637733465747969e-01	1.533970262098524329e-01	7.240921499235902781e-02	2.967364305074134470e-02	7.711838539215383481e-02
1.194445465751489564e+03	2.487698197216586526e-01	1.620332045715207614e-01	2.564062739519542555e-01	1.534817961067180270e-01	7.244059593634970262e-02	2.969534781250785307e-02	7.717296189905881176e-02
1.195896796815585958e+03	2.485673364142849395e-01	1.619013218650234565e-01	2.565485132354337061e-01	1.535664298555610430e-01	7.247192138915739545e-02	2.971702773168361997e-02	7.722744950862384106e-02
1.197348127879682352e+03	2.483652136307746561e-01	1.617696443682735408e-01	2.566904916512832702e-01	1.536509276951291969e-01	7.250319147315444079e-02	2.973868281373281269e-02	7.728184836742003905e-02
1.198799458943779200e+03	2.481634507106451892e-01	1.616381717760058678e-01	2.568322096530296084e-01	1.537352898635908627e-01	7.253440631039406727e-02	2.976031306424977915e-02	7.733615862185257150e-02
1.200250790007875821e+03	2.479620469946848815e-01	1.615069037833591903e-01	2.569736676934566422e-01	1.538195165985382640e-01	7.256556602261136912e-02	2.978191848895824639e-02	7.739038041815936297e-02
1.201702121071972442e+03	2.477610018249502555e-01	1.613758400858758268e-01	2.571148662246067196e-01	1.539036081369906106e-01	7.259667073122424985e-02	2.980349909371054692e-02	7.744451390240965349e-02
1.203153452136069063e+03	2.475603145447633768e-01	1.612449803795012460e-01	2.572558056977821139e-01	1.539875647153971794e-01	7.262772055733442145e-02	2.982505488448679645e-02	7.749855922050272183e-02
1.204604783200165684e+03	2.473599844987091623e-01	1.611143243605837883e-01	2.573964865635454680e-01	1.540713865696404228e-01	7.265871562172830644e-02	2.984658586739414449e-02	7.755251651816662262e-02
1.206056114264262078e+03	2.471600110326326594e-01	1.609838717258742780e-01	2.575369092717213482e-01	1.541550739350389110e-01	7.268965604487798160e-02	2.986809204866596595e-02	7.760638594095682630e-02
1.207507445328358699e+03	2.469603934936364931e-01	1.608536221725256066e-01	2.576770742713971885e-01	1.542386270463503850e-01	7.272054194694217710e-02	2.988957343466109792e-02	7.766016763425505343e-02
1.208958776392455093e+03	2.467611312300780624e-01	1.607235753980924831e-01	2.578169820109244004e-01	1.543220461377747821e-01	7.275137344776715087e-02	2.991103003186305898e-02	7.771386174326802565e-02
1.210410107456551941e+03	2.465622235915671812e-01	1.605937311005310175e-01	2.579566329379194278e-01	1.544053314429570389e-01	7.278215066688767387e-02	2.993246184687928593e-02	7.776746841302631386e-02
1.211861438520648335e+03	2.463636699289631360e-01	1.604640889781983326e-01	2.580960274992649128e-01	1.544884831949900894e-01	7.281287372352794607e-02	2.995386888644036016e-02	7.782098778838314468e-02
1.213312769584745183e+03	2.461654695943722160e-01	1.603346487298522582e-01	2.582351661411106947e-01	1.545715016264176678e-01	7.284354273660254009e-02	2.997525115739925472e-02	7.787442001401327640e-02
1.214764100648841804e+03	2.459676219411450482e-01	1.602054100546509152e-01	2.583740493088749202e-01	1.546543869692371675e-01	7.287415782471728942e-02	2.999660866673057452e-02	7.792776523441191650e-02
1.216215431712937971e+03	2.457701263238739608e-01	1.600763726521524932e-01	2.585126774472452649e-01	1.547371394549024726e-01	7.290471910617027373e-02	3.001794142152979308e-02	7.798102359389356975e-02
1.217666762777034819e+03	2.455729820983904577e-01	1.599475362223147235e-01	2.586510510001797103e-01	1.548197593143265938e-01	7.293522669895272093e-02	3.003924942901252046e-02	7.803419523659108070e-02
1.219118093841131440e+03	2.453761886217625254e-01	1.598189004654945733e-01	2.587891704109079316e-01	1.549022467778846390e-01	7.296568072074988143e-02	3.006053269651373303e-02	7.808728030645450957e-02
1.220569424905228061e+03	2.451797452522921361e-01	1.596904650824479133e-01	2.589270361219321304e-01	1.549846020754163667e-01	7.299608128894199965e-02	3.008179123148705877e-02	7.814027894725016077e-02
1.222020755969324682e+03	2.449836513495125268e-01	1.595622297743291562e-01	2.590646485750283667e-01	1.550668254362288778e-01	7.302642852060520218e-02	3.010302504150402444e-02	7.819319130255961148e-02
1.223472087033421303e+03	2.447879062741857570e-01	1.594341942426908687e-01	2.592020082112474477e-01	1.551489170890993086e-01	7.305672253251241366e-02	3.012423413425331306e-02	7.824601751577868469e-02
1.224923418097517697e+03	2.445925093883000168e-01	1.593063581894834102e-01	2.593391154709159818e-01	1.552308772622774391e-01	7.308696344113425891e-02	3.014541851754004576e-02	7.829875773011661655e-02
1.226374749161614318e+03	2.443974600550671561e-01	1.591787213170546000e-01	2.594759707936376003e-01	1.553127061834883027e-01	7.311715136263997883e-02	3.016657819928504972e-02	7.835141208859504325e-02
1.227826080225710712e+03	2.442027576389199928e-01	1.590512833281493565e-01	2.596125746182940119e-01	1.553944040799347670e-01	7.314728641289829081e-02	3.018771318752413307e-02	7.840398073404712675e-02
1.229277411289807560e+03	2.440084015055100086e-01	1.589240439259092530e-01	2.597489273830458911e-01	1.554759711783000320e-01	7.317736870747836020e-02	3.020882349040737366e-02	7.845646380911669437e-02
1.230728742353903954e+03	2.438143910217045185e-01	1.587970028138723233e-01	2.598850295253341547e-01	1.555574077047502113e-01	7.320739836165061909e-02	3.022990911619839391e-02	7.850886145625741996e-02
1.232180073418000802e+03	2.436207255555842555e-01	1.586701596959724792e-01	2.600208814818809056e-01	1.556387138849367469e-01	7.323737549038766836e-02	3.025097007327364959e-02	7.856117381773189412e-02
1.233631404482097196e+03	2.434274044764408451e-01	1.585435142765393435e-01	2.601564836886905985e-01	1.557198899439989070e-01	7.326730020836523527e-02	3.027200637012172207e-02	7.861340103561093029e-02
1.235082735546193817e+03	2.432344271547743075e-01	1.584170662602977508e-01	2.602918365810509838e-01	1.558009361065662846e-01	7.329717262996296445e-02	3.029301801534261401e-02	7.866554325177266271e-02
1.236534066610290438e+03	2.430417929622904483e-01	1.582908153523674699e-01	2.604269405935342729e-01	1.558818525967610447e-01	7.332699286926538940e-02	3.031400501764704158e-02	7.871760060790188029e-02
1.237985397674387059e+03	2.428495012718983881e-01	1.581647612582627593e-01	2.605617961599981935e-01	1.559626396382005620e-01	7.335676104006272347e-02	3.033496738585574753e-02	7.876957324548916617e-02
1.239436728738483680e+03	2.426575514577080095e-01	1.580389036838921180e-01	2.606964037135869883e-01	1.560432974539995021e-01	7.338647725585180359e-02	3.035590512889879689e-02	7.882146130583028709e-02
1.240888059802580301e+03	2.424659428950275974e-01	1.579132423355577575e-01	2.608307636867325252e-01	1.561238262667723753e-01	7.341614162983693681e-02	3.037681825581489345e-02	7.887326493002537464e-02
1.242339390866676695e+03	2.422746749603611471e-01	1.577877769199553804e-01	2.609648765111554081e-01	1.562042262986357566e-01	7.344575427493077457e-02	3.039770677575068247e-02	7.892498425897827297e-02
1.243790721930773088e+03	2.420837470314061157e-01	1.576625071441737913e-01	2.610987426178658644e-01	1.562844977712105621e-01	7.347531530375515929e-02	3.041857069796007063e-02	7.897661943339590040e-02
1.245242052994869937e+03	2.418931584870505913e-01	1.575374327156944532e-01	2.612323624371649111e-01	1.563646409056243525e-01	7.350482482864204026e-02	3.043941003180354946e-02	7.902817059378752784e-02
1.246693384058966330e+03	2.417029087073711835e-01	1.574125533423912093e-01	2.613657363986454651e-01	1.564446559225136091e-01	7.353428296163427857e-02	3.046022478674752232e-02	7.907963788046418196e-02
1.248144715123063179e+03	2.415129970736302756e-01	1.572878687325298119e-01	2.614988649311933977e-01	1.565245430420258710e-01	7.356368981448654920e-02	3.048101497236361049e-02	7.913102143353800688e-02
1.249596046187159800e+03	2.413234229682737209e-01	1.571633785947676998e-01	2.616317484629883117e-01	1.566043024838219555e-01	7.359304549866615974e-02	3.050178059832800090e-02	7.918232139292163962e-02
1.251047377251256421e+03	2.411341857749283724e-01	1.570390826381534710e-01	2.617643874215050404e-01	1.566839344670782341e-01	7.362235012535393863e-02	3.052252167442077307e-02	7.923353789832766891e-02
1.252498708315352815e+03	2.409452848783995016e-01	1.569149805721266333e-01	2.618967822335143691e-01	1.567634392104886032e-01	7.365160380544504004e-02	3.054323821052523993e-02	7.928467108926805229e-02
1.253950039379449436e+03	2.407567196646685503e-01	1.567910721065172153e-01	2.620289333250842012e-01	1.568428169322668431e-01	7.368080664954987369e-02	3.056393021662727125e-02	7.933572110505351938e-02
1.255401370443546057e+03	2.405684895208905494e-01	1.566673569515453501e-01	2.621608411215805567e-01	1.569220678501484778e-01	7.370995876799485425e-02	3.058459770281466220e-02	7.938668808479305838e-02
1.256852701507642678e+03	2.403805938353916760e-01	1.565438348178209149e-01	2.622925060476686276e-01	1.570011921813930789e-01	7.373906027082327563e-02	3.060524067927645683e-02	7.943757216739344429e-02
1.258304032571739299e+03	2.401930319976669226e-01	1.564205054163432251e-01	2.624239285273139433e-01	1.570801901427862357e-01	7.376811126779619920e-02	3.062585915630230624e-02	7.948837349155866983e-02
1.259755363635835920e+03	2.400058033983775707e-01	1.562973684585005907e-01	2.625551089837832031e-01	1.571590619506416098e-01	7.379711186839320314e-02	3.064645314428183012e-02	7.953909219578944589e-02
1.261206694699932314e+03	2.398189074293489154e-01	1.561744236560700383e-01	2.626860478396454424e-01	1.572378078208030439e-01	7.382606218181328450e-02	3.066702265370394725e-02	7.958972841838278522e-02
1.262658025764028707e+03	2.396323434835676558e-01	1.560516707212167564e-01	2.628167455167731426e-01	1.573164279686463940e-01	7.385496231697565028e-02	3.068756769515626828e-02	7.964028229743148890e-02
1.264109356828125556e+03	2.394461109551797307e-01	1.559291093664940397e-01	2.629472024363431193e-01	1.573949226090816667e-01	7.388381238252060557e-02	3.070808827932443308e-02	7.969075397082371615e-02
1.265560687892221949e+03	2.392602092394877089e-01	1.558067393048425953e-01	2.630774190188376327e-01	1.574732919565550171e-01	7.391261248681028906e-02	3.072858441699148277e-02	7.974114357624258187e-02
1.267012018956318798e+03	2.390746377329484584e-01	1.556845602495903480e-01	2.632073956840454976e-01	1.575515362250505813e-01	7.394136273792953351e-02	3.074905611903723524e-02	7.979145125116567094e-02
1.268463350020415419e+03	2.388893958331708700e-01	1.555625719144519692e-01	2.633371328510629161e-01	1.576296556280924743e-01	7.397006324368672614e-02	3.076950339643764326e-02	7.984167713286471901e-02
1.269914681084511813e+03	2.387044829389133593e-01	1.554407740135286820e-01	2.634666309382946991e-01	1.577076503787466777e-01	7.399871411161455803e-02	3.078992626026419085e-02	7.989182135840515453e-02
1.271366012148608434e+03	2.385198984500815356e-01	1.553191662613076507e-01	2.635958903634552097e-01	1.577855206896230100e-01	7.402731544897088456e-02	3.081032472168324099e-02	7.994188406464576568e-02
1.272817343212705055e+03	2.383356417677258143e-01	1.551977483726618146e-01	2.637249115435695290e-01	1.578632667728768757e-01	7.405586736273951642e-02	3.083069879195544927e-02	7.999186538823828407e-02
1.274268674276801676e+03	2.381517122940390585e-01	1.550765200628494156e-01	2.638536948949742889e-01	1.579408888402112909e-01	7.408436995963103844e-02	3.085104848243512554e-02	8.004176546562710715e-02
1.275720005340898297e+03	2.379681094323541635e-01	1.549554810475136379e-01	2.639822408333188375e-01	1.580183871028785492e-01	7.411282334608361444e-02	3.087137380456963717e-02	8.009158443304889574e-02
1.277171336404994690e+03	2.377848325871419199e-01	1.548346310426822192e-01	2.641105497735661833e-01	1.580957617716822194e-01	7.414122762826376445e-02	3.089167476989878106e-02	8.014132242653228266e-02
1.278622667469091539e+03	2.376018811640084605e-01	1.547139697647671452e-01	2.642386221299940496e-01	1.581730130569787840e-01	7.416958291206721121e-02	3.091195139005419035e-02	8.019097958189756736e-02
1.280073998533187932e+03	2.374192545696929002e-01	1.545934969305641782e-01	2.643664583161959292e-01	1.582501411686795811e-01	7.419788930311964348e-02	3.093220367675873425e-02	8.024055603475636900e-02
1.281525329597284326e+03	2.372369522120651997e-01	1.544732122572526345e-01	2.644940587450822500e-01	1.583271463162524983e-01	7.422614690677750704e-02	3.095243164182590045e-02	8.029005192051140438e-02
1.282976660661381175e+03	2.370549735001236391e-01	1.543531154623948298e-01	2.646214238288809861e-01	1.584040287087237764e-01	7.425435582812882351e-02	3.097263529715921573e-02	8.033946737435615493e-02
1.284427991725477568e+03	2.368733178439925979e-01	1.542332062639358292e-01	2.647485539791390452e-01	1.584807885546796746e-01	7.428251617199396750e-02	3.099281465475163880e-02	8.038880253127465847e-02
1.285879322789574417e+03	2.366919846549202233e-01	1.541134843802029752e-01	2.648754496067232123e-01	1.585574260622683029e-01	7.431062804292644375e-02	3.101296972668497742e-02	8.043805752604119008e-02
1.287330653853671038e+03	2.365109733452761542e-01	1.539939495299056937e-01	2.650021111218211489e-01	1.586339414392012592e-01	7.433869154521369205e-02	3.103310052512929865e-02	8.048723249322005391e-02
1.288781984917767431e+03	2.363302833285491344e-01	1.538746014321348832e-01	2.651285389339423371e-01	1.587103348927553781e-01	7.436670678287785052e-02	3.105320706234233202e-02	8.053632756716537500e-02
1.290233315981864052e+03	2.361499140193447643e-01	1.537554398063627203e-01	2.652547334519192446e-01	1.587866066297743128e-01	7.439467385967654667e-02	3.107328935066890063e-02	8.058534288202082174e-02
