1.001418434226643626e+03	2.829967398667536105e-01	1.750354741748638143e-01	2.339983286151078035e-01	1.411678146724118510e-01	6.891489719007183601e-02	2.764863183876995964e-02	7.023811364199870899e-02
1.002869765290740247e+03	2.827393380331388317e-01	1.748692382384340327e-01	2.341730405054232023e-01	1.412750622242943399e-01	6.895972609280957843e-02	2.767659531415176538e-02	7.030699959172578839e-02
1.004321096354836754e+03	2.824823794353367168e-01	1.747032886605007773e-01	2.343474316219554821e-01	1.413821257582730528e-01	6.900448003645878736e-02	2.770452457455147011e-02	7.037576991290123152e-02
1.005772427418933376e+03	2.822258633078282286e-01	1.745376249459186235e-01	2.345215025477301318e-01	1.414890056365719073e-01	6.904915915637929724e-02	2.773241962531787161e-02	7.044442478023155152e-02
1.007223758483029997e+03	2.819697888864270974e-01	1.743722466004083149e-01	2.346952538646742137e-01	1.415957022204343829e-01	6.909376358763687220e-02	2.776028047202571195e-02	7.051296436837103943e-02
1.008675089547126618e+03	2.817141554082779331e-01	1.742071531305551257e-01	2.348686861536191106e-01	1.417022158701275736e-01	6.913829346500403872e-02	2.778810712047419251e-02	7.058138885191961309e-02
1.010126420611223239e+03	2.814589621118536722e-01	1.740423440438072789e-01	2.350417999943029412e-01	1.418085469449465175e-01	6.918274892296109868e-02	2.781589957668550300e-02	7.064969840542052737e-02
1.011577751675319632e+03	2.812042082369532459e-01	1.738778188484744192e-01	2.352145959653730856e-01	1.419146958032184158e-01	6.922713009569693432e-02	2.784365784690332954e-02	7.071789320335816753e-02
1.013029082739416367e+03	2.809498930246989712e-01	1.737135770537260038e-01	2.353870746443888495e-01	1.420206628023065187e-01	6.927143711710996576e-02	2.787138193759141486e-02	7.078597342015588434e-02
1.014480413803512761e+03	2.806960157175344972e-01	1.735496181695896922e-01	2.355592366078239075e-01	1.421264482986145661e-01	6.931567012080902535e-02	2.789907185543208726e-02	7.085393923017384299e-02
1.015931744867609382e+03	2.804425755592223068e-01	1.733859417069498476e-01	2.357310824310689945e-01	1.422320526475905900e-01	6.935982924011423190e-02	2.792672760732481732e-02	7.092179080770681654e-02
1.017383075931706003e+03	2.801895717948412745e-01	1.732225471775459269e-01	2.359026126884342656e-01	1.423374762037312724e-01	6.940391460805790669e-02	2.795434920038477808e-02	7.098952832698214588e-02
1.018834406995802851e+03	2.799370036707845566e-01	1.730594340939710374e-01	2.360738279531518491e-01	1.424427193205857201e-01	6.944792635738543385e-02	2.798193664194140520e-02	7.105715196215763030e-02
1.020285738059899245e+03	2.796848704347569270e-01	1.728966019696701328e-01	2.362447287973783727e-01	1.425477823507595998e-01	6.949186462055613467e-02	2.800948993953698840e-02	7.112466188731945971e-02
1.021737069123995752e+03	2.794331713357726676e-01	1.727340503189387366e-01	2.364153157921974335e-01	1.426526656459191911e-01	6.953572952974416965e-02	2.803700910092523854e-02	7.119205827648017459e-02
1.023188400188092373e+03	2.791819056241530705e-01	1.725717786569212486e-01	2.365855895076220961e-01	1.427573695567952716e-01	6.957952121683937119e-02	2.806449413406988599e-02	7.125934130357663987e-02
1.024639731252188767e+03	2.789310725515243283e-01	1.724097864996094187e-01	2.367555505125973625e-01	1.428618944331870866e-01	6.962323981344814561e-02	2.809194504714327550e-02	7.132651114246803259e-02
1.026091062316285615e+03	2.786806713708148697e-01	1.722480733638407924e-01	2.369251993750025598e-01	1.429662406239662620e-01	6.966688545089427809e-02	2.811936184852497495e-02	7.139356796693391294e-02
1.027542393380382237e+03	2.784307013362531946e-01	1.720866387672972397e-01	2.370945366616540040e-01	1.430704084770807460e-01	6.971045826021986247e-02	2.814674454680037713e-02	7.146051195067223971e-02
1.028993724444478858e+03	2.781811617033657646e-01	1.719254822285033735e-01	2.372635629383071099e-01	1.431743983395586117e-01	6.975395837218610617e-02	2.817409315075933979e-02	7.152734326729739966e-02
1.030445055508575479e+03	2.779320517289743941e-01	1.717646032668249112e-01	2.374322787696591108e-01	1.432782105575119702e-01	6.979738591727417674e-02	2.820140766939479085e-02	7.159406209033840340e-02
1.031896386572671872e+03	2.776833706711939187e-01	1.716040014024673988e-01	2.376006847193513349e-01	1.433818454761408012e-01	6.984074102568607612e-02	2.822868811190137536e-02	7.166066859323691474e-02
1.033347717636768493e+03	2.774351177894301412e-01	1.714436761564744338e-01	2.377687813499716474e-01	1.434853034397366445e-01	6.988402382734547336e-02	2.825593448767410587e-02	7.172716294934540493e-02
1.034799048700865114e+03	2.771872923443772785e-01	1.712836270507262781e-01	2.379365692230568929e-01	1.435885847916865965e-01	6.992723445189852338e-02	2.828314680630698852e-02	7.179354533192532084e-02
1.036250379764961508e+03	2.769398935980159071e-01	1.711238536079382477e-01	2.381040488990952275e-01	1.436916898744768356e-01	6.997037302871472741e-02	2.831032507759169772e-02	7.185981591414523917e-02
1.037701710829058356e+03	2.766929208136103546e-01	1.709643553516594361e-01	2.382712209375285328e-01	1.437946190296965632e-01	7.001343968688775177e-02	2.833746931151624390e-02	7.192597486907909010e-02
1.039153041893154750e+03	2.764463732557065900e-01	1.708051318062707991e-01	2.384380858967547756e-01	1.438973725980415008e-01	7.005643455523623275e-02	2.836457951826362386e-02	7.199202236970439484e-02
1.040604372957251599e+03	2.762002501901300588e-01	1.706461824969840169e-01	2.386046443341304502e-01	1.439999509193177762e-01	7.009935776230463711e-02	2.839165570821051629e-02	7.205795858890041983e-02
1.042055704021347992e+03	2.759545508839831296e-01	1.704875069498398010e-01	2.387708968059727710e-01	1.441023543324455869e-01	7.014220943636406691e-02	2.841869789192595641e-02	7.212378369944653922e-02
1.043507035085444613e+03	2.757092746056431509e-01	1.703291046917063956e-01	2.389368438675621709e-01	1.442045831754626695e-01	7.018498970541306448e-02	2.844570608017003496e-02	7.218949787402043072e-02
1.044958366149541234e+03	2.754644206247596760e-01	1.701709752502781059e-01	2.391024860731445489e-01	1.443066377855280746e-01	7.022769869717843116e-02	2.847268028389260061e-02	7.225510128519645192e-02
1.046409697213637855e+03	2.752199882122527419e-01	1.700131181540738279e-01	2.392678239759336856e-01	1.444085184989257753e-01	7.027033653911601840e-02	2.849962051423195197e-02	7.232059410544389166e-02
1.047861028277734476e+03	2.749759766403102046e-01	1.698555329324355767e-01	2.394328581281134904e-01	1.445102256510681638e-01	7.031290335841157424e-02	2.852652678251356433e-02	7.238597650712534637e-02
1.049312359341831097e+03	2.747323851823857965e-01	1.696982191155268493e-01	2.395975890808402509e-01	1.446117595764996600e-01	7.035539928198150661e-02	2.855339910024880246e-02	7.245124866249508244e-02
1.050763690405927491e+03	2.744892131131965729e-01	1.695411762343312645e-01	2.397620173842451019e-01	1.447131206089003197e-01	7.039782443647368826e-02	2.858023747913364387e-02	7.251641074369737094e-02
1.052215021470024112e+03	2.742464597087207467e-01	1.693844038206511471e-01	2.399261435874362192e-01	1.448143090810891653e-01	7.044017894826826165e-02	2.860704193104742638e-02	7.258146292276494715e-02
1.053666352534120733e+03	2.740041242461956350e-01	1.692279014071058074e-01	2.400899682385011225e-01	1.449153253250279605e-01	7.048246294347841612e-02	2.863381246805157127e-02	7.264640537161738687e-02
1.055117683598217127e+03	2.737622060041152716e-01	1.690716685271303477e-01	2.402534918845088963e-01	1.450161696718243465e-01	7.052467654795119278e-02	2.866054910238834824e-02	7.271123826205953822e-02
1.056569014662313975e+03	2.735207042622279650e-01	1.689157047149738855e-01	2.404167150715125767e-01	1.451168424517357003e-01	7.056681988726823396e-02	2.868725184647960558e-02	7.277596176577998122e-02
1.058020345726410369e+03	2.732796183015344105e-01	1.687600095056983884e-01	2.405796383445512610e-01	1.452173439941721877e-01	7.060889308674658804e-02	2.871392071292555234e-02	7.284057605434951510e-02
1.059471676790506763e+03	2.730389474042854148e-01	1.686045824351769806e-01	2.407422622476524665e-01	1.453176746277004272e-01	7.065089627143948670e-02	2.874055571450351634e-02	7.290508129921964564e-02
1.060923007854603611e+03	2.727986908539793975e-01	1.684494230400925552e-01	2.409045873238343238e-01	1.454178346800467647e-01	7.069282956613710811e-02	2.876715686416671941e-02	7.296947767172107246e-02
1.062374338918700232e+03	2.725588479353603377e-01	1.682945308579363586e-01	2.410666141151078523e-01	1.455178244781007990e-01	7.073469309536735417e-02	2.879372417504305268e-02	7.303376534306221801e-02
1.063825669982796853e+03	2.723194179344156640e-01	1.681399054270063809e-01	2.412283431624791530e-01	1.456176443479185179e-01	7.077648698339658595e-02	2.882025766043387269e-02	7.309794448432778424e-02
1.065277001046893474e+03	2.720804001383739235e-01	1.679855462864061066e-01	2.413897750059516290e-01	1.457172946147258230e-01	7.081821135423044256e-02	2.884675733381278362e-02	7.316201526647730935e-02
1.066728332110990095e+03	2.718417938357025609e-01	1.678314529760428775e-01	2.415509101845281781e-01	1.458167756029217499e-01	7.085986633161453496e-02	2.887322320882445073e-02	7.322597786034375222e-02
1.068179663175086489e+03	2.716035983161056433e-01	1.676776250366265320e-01	2.417117492362133579e-01	1.459160876360817982e-01	7.090145203903526483e-02	2.889965529928338953e-02	7.328983243663206304e-02
1.069630994239183110e+03	2.713658128705219164e-01	1.675240620096680177e-01	2.418722926980157450e-01	1.460152310369612072e-01	7.094296859972053226e-02	2.892605361917279308e-02	7.335357916591782323e-02
1.071082325303279504e+03	2.711284367911224180e-01	1.673707634374777264e-01	2.420325411059499332e-01	1.461142061274982862e-01	7.098441613664051297e-02	2.895241818264334202e-02	7.341721821864587161e-02
1.072533656367376352e+03	2.708914693713082578e-01	1.672177288631643000e-01	2.421924949950387818e-01	1.462130132288174400e-01	7.102579477250835216e-02	2.897874900401203879e-02	7.348074976512894430e-02
1.073984987431472746e+03	2.706549099057085073e-01	1.670649578306330763e-01	2.423521548993155805e-01	1.463116526612326385e-01	7.106710462978096943e-02	2.900504609776102111e-02	7.354417397554631475e-02
1.075436318495569594e+03	2.704187576901780354e-01	1.669124498845845905e-01	2.425115213518262147e-01	1.464101247442505249e-01	7.110834583065978043e-02	2.903130947853642396e-02	7.360749101994250310e-02
1.076887649559666215e+03	2.701830120217953435e-01	1.667602045705132985e-01	2.426705948846313021e-01	1.465084297965735527e-01	7.114951849709143239e-02	2.905753916114720350e-02	7.367070106822601328e-02
1.078338980623762609e+03	2.699476721988602335e-01	1.666082214347060220e-01	2.428293760288083580e-01	1.466065681361031492e-01	7.119062275076849799e-02	2.908373516056399904e-02	7.373380429016791748e-02
1.079790311687859230e+03	2.697127375208917544e-01	1.664565000242405612e-01	2.429878653144539047e-01	1.467045400799430188e-01	7.123165871313025255e-02	2.910989749191798467e-02	7.379680085540070433e-02
1.081241642751955851e+03	2.694782072886261481e-01	1.663050398869843072e-01	2.431460632706856362e-01	1.468023459444020851e-01	7.127262650536340949e-02	2.913602617049973476e-02	7.385969093341700209e-02
1.082692973816052472e+03	2.692440808040143518e-01	1.661538405715927147e-01	2.433039704256444724e-01	1.468999860449976824e-01	7.131352624840277266e-02	2.916212121175808941e-02	7.392247469356826028e-02
1.084144304880149093e+03	2.690103573702202766e-01	1.660029016275079428e-01	2.434615873064968350e-01	1.469974606964586372e-01	7.135435806293202732e-02	2.918818263129903043e-02	7.398515230506363949e-02
1.085595635944245487e+03	2.687770362916183653e-01	1.658522226049574944e-01	2.436189144394364792e-01	1.470947702127284040e-01	7.139512206938443406e-02	2.921421044488456062e-02	7.404772393696869293e-02
1.087046967008342108e+03	2.685441168737914275e-01	1.657018030549528009e-01	2.437759523496868530e-01	1.471919149069679800e-01	7.143581838794353656e-02	2.924020466843159360e-02	7.411018975820428401e-02
1.088498298072438729e+03	2.683115984235285856e-01	1.655516425292876959e-01	2.439327015615030680e-01	1.472888950915591244e-01	7.147644713854388321e-02	2.926616531801085053e-02	7.417254993754526793e-02
1.089949629136535123e+03	2.680794802488232764e-01	1.654017405805370267e-01	2.440891625981739532e-01	1.473857110781072455e-01	7.151700844087173492e-02	2.929209240984574636e-02	7.423480464361947861e-02
1.091400960200631971e+03	2.678477616588708088e-01	1.652520967620554337e-01	2.442453359820242198e-01	1.474823631774444810e-01	7.155750241436573122e-02	2.931798596031130397e-02	7.429695404490643806e-02
1.092852291264728365e+03	2.676164419640664760e-01	1.651027106279757128e-01	2.444012222344165430e-01	1.475788516996325850e-01	7.159792917821766745e-02	2.934384598593306470e-02	7.435899830973637104e-02
1.094303622328825213e+03	2.673855204760032800e-01	1.649535817332075938e-01	2.445568218757535051e-01	1.476751769539660641e-01	7.163828885137309144e-02	2.936967250338599553e-02	7.442093760628891441e-02
1.095754953392921607e+03	2.671549965074698774e-01	1.648047096334362138e-01	2.447121354254797043e-01	1.477713392489750088e-01	7.167858155253213626e-02	2.939546552949342736e-02	7.448277210259217351e-02
1.097206284457018228e+03	2.669248693724483590e-01	1.646560938851207856e-01	2.448671634020838095e-01	1.478673388924280352e-01	7.171880740015007527e-02	2.942122508122597263e-02	7.454450196652152860e-02
1.098657615521114849e+03	2.666951383861123626e-01	1.645077340454932091e-01	2.450219063231006689e-01	1.479631761913352550e-01	7.175896651243808544e-02	2.944695117570045317e-02	7.460612736579856630e-02
1.100108946585211470e+03	2.664658028648246857e-01	1.643596296725566841e-01	2.451763647051131700e-01	1.480588514519511623e-01	7.179905900736392732e-02	2.947264383017885597e-02	7.466764846799008037e-02
1.101560277649308091e+03	2.662368621261353985e-01	1.642117803250843500e-01	2.453305390637544880e-01	1.481543649797775197e-01	7.183908500265262509e-02	2.949830306206726455e-02	7.472906544050694766e-02
1.103011608713404712e+03	2.660083154887795676e-01	1.640641855626177870e-01	2.454844299137099450e-01	1.482497170795662178e-01	7.187904461578713267e-02	2.952392888891482506e-02	7.479037845060315659e-02
1.104462939777501106e+03	2.657801622726752577e-01	1.639168449454657950e-01	2.456380377687190086e-01	1.483449080553221056e-01	7.191893796400902761e-02	2.954952132841268120e-02	7.485158766537471087e-02
1.105914270841597499e+03	2.655524017989214780e-01	1.637697580347029225e-01	2.457913631415774014e-01	1.484399382103059606e-01	7.195876516431916337e-02	2.957508039839295069e-02	7.491269325175869964e-02
1.107365601905694348e+03	2.653250333897959057e-01	1.636229243921680787e-01	2.459444065441390992e-01	1.485348078470370980e-01	7.199852633347841868e-02	2.960060611682769488e-02	7.497369537653225668e-02
1.108816932969790741e+03	2.650980563687529989e-01	1.634763435804632847e-01	2.460971684873182463e-01	1.486295172672963405e-01	7.203822158800822495e-02	2.962609850182788829e-02	7.503459420631158894e-02
1.110268264033887590e+03	2.648714700604217209e-01	1.633300151629521191e-01	2.462496494810911263e-01	1.487240667721287657e-01	7.207785104419141275e-02	2.965155757164239167e-02	7.509538990755101895e-02
1.111719595097984211e+03	2.646452737906036523e-01	1.631839387037584965e-01	2.464018500344982432e-01	1.488184566618465099e-01	7.211741481807271148e-02	2.967698334465694240e-02	7.515608264654199955e-02
1.113170926162080832e+03	2.644194668862708264e-01	1.630381137677652525e-01	2.465537706556461817e-01	1.489126872360314324e-01	7.215691302545949870e-02	2.970237583939315529e-02	7.521667258941219791e-02
1.114622257226177226e+03	2.641940486755636197e-01	1.628925399206128388e-01	2.467054118517096328e-01	1.490067587935379467e-01	7.219634578192245244e-02	2.972773507450749558e-02	7.527715990212459352e-02
1.116073588290273847e+03	2.639690184877886980e-01	1.627472167286978522e-01	2.468567741289333650e-01	1.491006716324957959e-01	7.223571320279616181e-02	2.975306106879029369e-02	7.533754475047646504e-02
1.117524919354370468e+03	2.637443756534170181e-01	1.626021437591717023e-01	2.470078579926341389e-01	1.491944260503125508e-01	7.227501540317984863e-02	2.977835384116475290e-02	7.539782730009861322e-02
1.118976250418467089e+03	2.635201195040817179e-01	1.624573205799394182e-01	2.471586639472026781e-01	1.492880223436765796e-01	7.231425249793796417e-02	2.980361341068595363e-02	7.545800771645434779e-02
1.120427581482563710e+03	2.632962493725759523e-01	1.623127467596581497e-01	2.473091924961056121e-01	1.493814608085595186e-01	7.235342460170084145e-02	2.982883979653987161e-02	7.551808616483869641e-02
1.121878912546660331e+03	2.630727645928510605e-01	1.621684218677358347e-01	2.474594441418873081e-01	1.494747417402191303e-01	7.239253182886537519e-02	2.985403301804240989e-02	7.557806281037751650e-02
1.123330243610756725e+03	2.628496645000144571e-01	1.620243454743298672e-01	2.476094193861719805e-01	1.495678654332017465e-01	7.243157429359566024e-02	2.987919309463841003e-02	7.563793781802657934e-02
1.124781574674853118e+03	2.626269484303273560e-01	1.618805171503457374e-01	2.477591187296654673e-01	1.496608321813450437e-01	7.247055210982356055e-02	2.990432004590069803e-02	7.569771135257083450e-02
1.126232905738949967e+03	2.624046157212030494e-01	1.617369364674357823e-01	2.479085426721571728e-01	1.497536422777806797e-01	7.250946539124941692e-02	2.992941389152911982e-02	7.575738357862349392e-02
1.127684236803046360e+03	2.621826657112046877e-01	1.615936029979977706e-01	2.480576917125219827e-01	1.498462960149368473e-01	7.254831425134267153e-02	2.995447465134958021e-02	7.581695466062522704e-02
1.129135567867143209e+03	2.619610977400431695e-01	1.614505163151735978e-01	2.482065663487221518e-01	1.499387936845408276e-01	7.258709880334247855e-02	2.997950234531309224e-02	7.587642476284338355e-02
1.130586898931239830e+03	2.617399111485754215e-01	1.613076759928478987e-01	2.483551670778093023e-01	1.500311355776217104e-01	7.262581916025837026e-02	3.000449699349484051e-02	7.593579404937117472e-02
1.132038229995336451e+03	2.615191052788020665e-01	1.611650816056467983e-01	2.485034943959261444e-01	1.501233219845128086e-01	7.266447543487082605e-02	3.002945861609321657e-02	7.599506268412686838e-02
1.133489561059432845e+03	2.612986794738654805e-01	1.610227327289365518e-01	2.486515487983084749e-01	1.502153531948542953e-01	7.270306773973193859e-02	3.005438723342891347e-02	7.605423083085305347e-02
1.134940892123529466e+03	2.610786330780479059e-01	1.608806289388221844e-01	2.487993307792869535e-01	1.503072294975957290e-01	7.274159618716605213e-02	3.007928286594397163e-02	7.611329865311587672e-02
1.136392223187626087e+03	2.608589654367692856e-01	1.607387698121462427e-01	2.489468408322891013e-01	1.503989511809985802e-01	7.278006088927031769e-02	3.010414553420085945e-02	7.617226631430426553e-02
1.137843554251722708e+03	2.606396758965853211e-01	1.605971549264874620e-01	2.490940794498410771e-01	1.504905185326387562e-01	7.281846195791535914e-02	3.012897525888155736e-02	7.623113397762917853e-02
1.139294885315819101e+03	2.604207638051853624e-01	1.604557838601594066e-01	2.492410471235695091e-01	1.505819318394090445e-01	7.285679950474586997e-02	3.015377206078663497e-02	7.628990180612291172e-02
1.140746216379915950e+03	2.602022285113905209e-01	1.603146561922092206e-01	2.493877443442034381e-01	1.506731913875216100e-01	7.289507364118123778e-02	3.017853596083434203e-02	7.634856996263837681e-02
1.142197547444012343e+03	2.599840693651517820e-01	1.601737715024161568e-01	2.495341716015760658e-01	1.507642974625105214e-01	7.293328447841614104e-02	3.020326698005970645e-02	7.640713860984835182e-02
1.143648878508108737e+03	2.597662857175476181e-01	1.600331293712906056e-01	2.496803293846267535e-01	1.508552503492341934e-01	7.297143212742114582e-02	3.022796513961362175e-02	7.646560791024480108e-02
1.145100209572205586e+03	2.595488769207823787e-01	1.598927293800723737e-01	2.498262181814026317e-01	1.509460503318777180e-01	7.300951669894333029e-02	3.025263046076196588e-02	7.652397802613826461e-02
1.146551540636302207e+03	2.593318423281842922e-01	1.597525711107297408e-01	2.499718384790605707e-01	1.510366976939555017e-01	7.304753830350689536e-02	3.027726296488470262e-02	7.658224911965703929e-02
1.148002871700398828e+03	2.591151812942030785e-01	1.596126541459578774e-01	2.501171907638689573e-01	1.511271927183134300e-01	7.308549705141371977e-02	3.030186267347498991e-02	7.664042135274662382e-02
1.149454202764495449e+03	2.588988931744084510e-01	1.594729780691778176e-01	2.502622755212096650e-01	1.512175356871314769e-01	7.312339305274399848e-02	3.032642960813830557e-02	7.669849488716902475e-02
1.150905533828591842e+03	2.586829773254878395e-01	1.593335424645348775e-01	2.504070932355795254e-01	1.513077268819260079e-01	7.316122641735681165e-02	3.035096379059156607e-02	7.675646988450210428e-02
1.152356864892688463e+03	2.584674331052446150e-01	1.591943469168976000e-01	2.505516443905924651e-01	1.513977665835521680e-01	7.319899725489074915e-02	3.037546524266225220e-02	7.681434650613894188e-02
1.153808195956785084e+03	2.582522598725958685e-01	1.590553910118563674e-01	2.506959294689811157e-01	1.514876550722062121e-01	7.323670567476443793e-02	3.039993398628755908e-02	7.687212491328725139e-02
1.155259527020881706e+03	2.580374569875706348e-01	1.589166743357220968e-01	2.508399489525987569e-01	1.515773926274279482e-01	7.327435178617718037e-02	3.042437004351350796e-02	7.692980526696871491e-02
1.156710858084978327e+03	2.578230238113080053e-01	1.587781964755250186e-01	2.509837033224208702e-01	1.516669795281029576e-01	7.331193569810956490e-02	3.044877343649410317e-02	7.698738772801838603e-02
1.158162189149074720e+03	2.576089597060548519e-01	1.586399570190133168e-01	2.511271930585471934e-01	1.517564160524650096e-01	7.334945751932399338e-02	3.047314418749047515e-02	7.704487245708410703e-02
1.159613520213171569e+03	2.573952640351642729e-01	1.585019555546519354e-01	2.512704186402032747e-01	1.518457024780983655e-01	7.338691735836523622e-02	3.049748231887003044e-02	7.710225961462589817e-02
1.161064851277267962e+03	2.571819361630932610e-01	1.583641916716211906e-01	2.514133805457424709e-01	1.519348390819400263e-01	7.342431532356109847e-02	3.052178785310561554e-02	7.715954936091540262e-02
1.162516182341364356e+03	2.569689754554011496e-01	1.582266649598156050e-01	2.515560792526473910e-01	1.520238261402820645e-01	7.346165152302291945e-02	3.054606081277465995e-02	7.721674185603530360e-02
1.163967513405461204e+03	2.567563812787472255e-01	1.580893750098426032e-01	2.516985152375320056e-01	1.521126639287739002e-01	7.349892606464621114e-02	3.057030122055836435e-02	7.727383725987876928e-02
1.165418844469557826e+03	2.565441530008891746e-01	1.579523214130212072e-01	2.518406889761432565e-01	1.522013527224245488e-01	7.353613905611118551e-02	3.059450909924085402e-02	7.733083573214895312e-02
1.166870175533654447e+03	2.563322899906808061e-01	1.578155037613808154e-01	2.519826009433626668e-01	1.522898927956048698e-01	7.357329060488330963e-02	3.061868447170834964e-02	7.738773743235832780e-02
1.168321506597751068e+03	2.561207916180704980e-01	1.576789216476599531e-01	2.521242516132082834e-01	1.523782844220498700e-01	7.361038081821390244e-02	3.064282736094836937e-02	7.744454251982826887e-02
1.169772837661847461e+03	2.559096572540990877e-01	1.575425746653048575e-01	2.522656414588362872e-01	1.524665278748608410e-01	7.364740980314068985e-02	3.066693779004888223e-02	7.750125115368848572e-02
1.171224168725944082e+03	2.556988862708977073e-01	1.574064624084684783e-01	2.524067709525429359e-01	1.525546234265076073e-01	7.368437766648837373e-02	3.069101578219751714e-02	7.755786349287650816e-02
1.172675499790040703e+03	2.554884780416863399e-01	1.572705844720089230e-01	2.525476405657660073e-01	1.526425713488307467e-01	7.372128451486920087e-02	3.071506136068074405e-02	7.761437969613717291e-02
1.174126830854137097e+03	2.552784319407714331e-01	1.571349404514885417e-01	2.526882507690866309e-01	1.527303719130438109e-01	7.375813045468349038e-02	3.073907454888307605e-02	7.767079992202215177e-02
1.175578161918233945e+03	2.550687473435442887e-01	1.569995299431723168e-01	2.528286020322311756e-01	1.528180253897354346e-01	7.379491559212017493e-02	3.076305537028626788e-02	7.772712432888943812e-02
1.177029492982330339e+03	2.548594236264791202e-01	1.568643525440269471e-01	2.529686948240726374e-01	1.529055320488715286e-01	7.383164003315745294e-02	3.078700384846852142e-02	7.778335307490290285e-02
1.178480824046426733e+03	2.546504601671309986e-01	1.567294078517192935e-01	2.531085296126327489e-01	1.529928921597974723e-01	7.386830388356317723e-02	3.081092000710370163e-02	7.783948631803176699e-02
1.179932155110523581e+03	2.544418563441339654e-01	1.565946954646153522e-01	2.532481068650832556e-01	1.530801059912402229e-01	7.390490724889557661e-02	3.083480386996053507e-02	7.789552421605014376e-02
1.181383486174620202e+03	2.542336115371994221e-01	1.564602149817789223e-01	2.533874270477480817e-01	1.531671738113105086e-01	7.394145023450370002e-02	3.085865546090183972e-02	7.795146692653667775e-02
1.182834817238716823e+03	2.540257251271137440e-01	1.563259660029704401e-01	2.535264906261043838e-01	1.532540958875049097e-01	7.397793294552795773e-02	3.088247480388374433e-02	7.800731460687398977e-02
1.184286148302813444e+03	2.538181964957367809e-01	1.561919481286456191e-01	2.536652980647849387e-01	1.533408724867079687e-01	7.401435548690074584e-02	3.090626192295492514e-02	7.806306741424824669e-02
1.185737479366910065e+03	2.536110250259998589e-01	1.560581609599543118e-01	2.538038498275793642e-01	1.534275038751942433e-01	7.405071796334687650e-02	3.093001684225581485e-02	7.811872550564880058e-02
1.187188810431006686e+03	2.534042101019038928e-01	1.559246040987392057e-01	2.539421463774359511e-01	1.535139903186305554e-01	7.408702047938417468e-02	3.095373958601786366e-02	7.817428903786768912e-02
1.188640141495103080e+03	2.531977511085173327e-01	1.557912771475346847e-01	2.540801881764632730e-01	1.536003320820778784e-01	7.412326313932406097e-02	3.097743017856275510e-02	7.822975816749930256e-02
1.190091472559199701e+03	2.529916474319746089e-01	1.556581797095655251e-01	2.542179756859320738e-01	1.536865294299935569e-01	7.415944604727198186e-02	3.100108864430166714e-02	7.828513305093988406e-02
1.191542803623296322e+03	2.527858984594739677e-01	1.555253113887457017e-01	2.543555093662766553e-01	1.537725826262333062e-01	7.419556930712803422e-02	3.102471500773451227e-02	7.834041384438718281e-02
1.192994134687392716e+03	2.525805035792758058e-01	1.553926717896771115e-01	2.544927896770965980e-01	1.538584919340532098e-01	7.423163302258742324e-02	3.104830929344918819e-02	7.839560070384006540e-02
1.194445465751489564e+03	2.523754621807006715e-01	1.552602605176485184e-01	2.546298170771583713e-01	1.539442576161118847e-01	7.426763729714104534e-02	3.107187152612083531e-02	7.845069378509809954e-02
1.195896796815585958e+03	2.521707736541273781e-01	1.551280771786341106e-01	2.547665920243973314e-01	1.540298799344723690e-01	7.430358223407600160e-02	3.109540173051110121e-02	7.850569324376122093e-02
1.197348127879682352e+03	2.519664373909912269e-01	1.549961213792923620e-01	2.549031149759188875e-01	1.541153591506042309e-01	7.433946793647606965e-02	3.111889993146739822e-02	7.856059923522930311e-02
1.198799458943779200e+03	2.517624527837821202e-01	1.548643927269649501e-01	2.550393863880004441e-01	1.542006955253855394e-01	7.437529450722232816e-02	3.114236615392218174e-02	7.861541191470187984e-02
1.200250790007875821e+03	2.515588192260427847e-01	1.547328908296753125e-01	2.551754067160929562e-01	1.542858893191049463e-01	7.441106204899358700e-02	3.116580042289220781e-02	7.867013143717771495e-02
1.201702121071972442e+03	2.513555361123667176e-01	1.546016152961276757e-01	2.553111764148225382e-01	1.543709407914634069e-01	7.444677066426694245e-02	3.118920276347781836e-02	7.872475795745444149e-02
1.203153452136069063e+03	2.511526028383964659e-01	1.544705657357056672e-01	2.554466959379920188e-01	1.544558502015765111e-01	7.448242045531829059e-02	3.121257320086221615e-02	7.877929163012829805e-02
1.204604783200165684e+03	2.509500188008219612e-01	1.543397417584712050e-01	2.555819657385827171e-01	1.545406178079762605e-01	7.451801152422285468e-02	3.123591176031076388e-02	7.883373260959376794e-02
1.206056114264262078e+03	2.507477833973782433e-01	1.542091429751632492e-01	2.557169862687559969e-01	1.546252438686128994e-01	7.455354397285564316e-02	3.125921846717025915e-02	7.888808105004320448e-02
1.207507445328358699e+03	2.505458960268440727e-01	1.540787689971966357e-01	2.558517579798547659e-01	1.547097286408571637e-01	7.458901790289203249e-02	3.128249334686821620e-02	7.894233710546656735e-02
1.208958776392455093e+03	2.503443560890398212e-01	1.539486194366608829e-01	2.559862813224054179e-01	1.547940723815020014e-01	7.462443341580822509e-02	3.130573642491218944e-02	7.899650092965107562e-02
1.210410107456551941e+03	2.501431629848256399e-01	1.538186939063189429e-01	2.561205567461188881e-01	1.548782753467644879e-01	7.465979061288176288e-02	3.132894772688905177e-02	7.905057267618091632e-02
1.211861438520648335e+03	2.499423161160998219e-01	1.536889920196060078e-01	2.562545846998926513e-01	1.549623377922878797e-01	7.469508959519208235e-02	3.135212727846430070e-02	7.910455249843695302e-02
1.213312769584745183e+03	2.497418148857967757e-01	1.535595133906284271e-01	2.563883656318123316e-01	1.550462599731434465e-01	7.473033046362093090e-02	3.137527510538138525e-02	7.915844054959640663e-02
1.214764100648841804e+03	2.495416586978853601e-01	1.534302576341624036e-01	2.565218999891530904e-01	1.551300421438323029e-01	7.476551331885294971e-02	3.139839123346097743e-02	7.921223698263259172e-02
1.216215431712937971e+03	2.493418469573669416e-01	1.533012243656528828e-01	2.566551882183813471e-01	1.552136845582874070e-01	7.480063826137609007e-02	3.142147568860034074e-02	7.926594195031462509e-02
1.217666762777034819e+03	2.491423790702736729e-01	1.531724132012122486e-01	2.567882307651562779e-01	1.552971874698753918e-01	7.483570539148222400e-02	3.144452849677260159e-02	7.931955560520713433e-02
1.219118093841131440e+03	2.489432544436666339e-01	1.530438237576193516e-01	2.569210280743315367e-01	1.553805511313983978e-01	7.487071480926750511e-02	3.146754968402609015e-02	7.937307809967004968e-02
1.220569424905228061e+03	2.487444724856340272e-01	1.529154556523180941e-01	2.570535805899565873e-01	1.554637757950959320e-01	7.490566661463297915e-02	3.149053927648368806e-02	7.942650958585827092e-02
1.222020755969324682e+03	2.485460326052894020e-01	1.527873085034164302e-01	2.571858887552784800e-01	1.555468617126467834e-01	7.494056090728497266e-02	3.151349730034212065e-02	7.947985021572144537e-02
1.223472087033421303e+03	2.483479342127697942e-01	1.526593819296850896e-01	2.573179530127432391e-01	1.556298091351708268e-01	7.497539778673570354e-02	3.153642378187130474e-02	7.953310014100374581e-02
1.224923418097517697e+03	2.481501767192339503e-01	1.525316755505564392e-01	2.574497738039975281e-01	1.557126183132308828e-01	7.501017735230364192e-02	3.155931874741371018e-02	7.958625951324359293e-02
1.226374749161614318e+03	2.479527595368606063e-01	1.524041889861232901e-01	2.575813515698902600e-01	1.557952894968344382e-01	7.504489970311407909e-02	3.158218222338366604e-02	7.963932848377341944e-02
1.227826080225710712e+03	2.477556820788466008e-01	1.522769218571377869e-01	2.577126867504740959e-01	1.558778229354355060e-01	7.507956493809959941e-02	3.160501423626672912e-02	7.969230720371944798e-02
1.229277411289807560e+03	2.475589437594051534e-01	1.521498737850102145e-01	2.578437797850068325e-01	1.559602188779365406e-01	7.511417315600052436e-02	3.162781481261901784e-02	7.974519582400146911e-02
1.230728742353903954e+03	2.473625439937640613e-01	1.520230443918077767e-01	2.579746311119532898e-01	1.560424775726900470e-01	7.514872445536545376e-02	3.165058397906657384e-02	7.979799449533260536e-02
1.232180073418000802e+03	2.471664821981638394e-01	1.518964333002535139e-01	2.581052411689863657e-01	1.561245992675005245e-01	7.518321893455166827e-02	3.167332176230471669e-02	7.985070336821917247e-02
1.233631404482097196e+03	2.469707577898560824e-01	1.517700401337251093e-01	2.582356103929890900e-01	1.562065842096261314e-01	7.521765669172569835e-02	3.169602818909739161e-02	7.990332259296031858e-02
1.235082735546193817e+03	2.467753701871015504e-01	1.516438645162536958e-01	2.583657392200557901e-01	1.562884326457804895e-01	7.525203782486372672e-02	3.171870328627656582e-02	7.995585231964799644e-02
1.236534066610290438e+03	2.465803188091685583e-01	1.515179060725228011e-01	2.584956280854937560e-01	1.563701448221344881e-01	7.528636243175207410e-02	3.174134708074155542e-02	8.000829269816664424e-02
1.237985397674387059e+03	2.463856030763310057e-01	1.513921644278670431e-01	2.586252774238247398e-01	1.564517209843179490e-01	7.532063060998769877e-02	3.176395959945840786e-02	8.006064387819304684e-02
1.239436728738483680e+03	2.461912224098668223e-01	1.512666392082711586e-01	2.587546876687864539e-01	1.565331613774214314e-01	7.535484245697865457e-02	3.178654086945928436e-02	8.011290600919616922e-02
1.240888059802580301e+03	2.459971762320560529e-01	1.511413300403686988e-01	2.588838592533340699e-01	1.566144662459979242e-01	7.538899806994454889e-02	3.180909091784184239e-02	8.016507924043692057e-02
1.242339390866676695e+03	2.458034639661791365e-01	1.510162365514409744e-01	2.590127926096416622e-01	1.566956358340645949e-01	7.542309754591702831e-02	3.183160977176858336e-02	8.021716372096801551e-02
1.243790721930773088e+03	2.456100850365152133e-01	1.508913583694158622e-01	2.591414881691040395e-01	1.567766703851045107e-01	7.545714098174020890e-02	3.185409745846628365e-02	8.026915959963382141e-02
1.245242052994869937e+03	2.454170388683402926e-01	1.507666951228667229e-01	2.592699463623378553e-01	1.568575701420683588e-01	7.549112847407118965e-02	3.187655400522534932e-02	8.032106702507016416e-02
1.246693384058966330e+03	2.452243248879255322e-01	1.506422464410112350e-01	2.593981676191833285e-01	1.569383353473760290e-01	7.552506011938048269e-02	3.189897943939919850e-02	8.037288614570418932e-02
1.248144715123063179e+03	2.450319425225355174e-01	1.505180119537101457e-01	2.595261523687055205e-01	1.570189662429184452e-01	7.555893601395247128e-02	3.192137378840369244e-02	8.042461710975420952e-02
1.249596046187159800e+03	2.448398912004265127e-01	1.503939912914662724e-01	2.596539010391961111e-01	1.570994630700591754e-01	7.559275625388586772e-02	3.194373707971651100e-02	8.047626006522952402e-02
1.251047377251256421e+03	2.446481703508446570e-01	1.502701840854234472e-01	2.597814140581746756e-01	1.571798260696361804e-01	7.562652093509421303e-02	3.196606934087655588e-02	8.052781515993030770e-02
1.252498708315352815e+03	2.444567794040243547e-01	1.501465899673650739e-01	2.599086918523902390e-01	1.572600554819633678e-01	7.566023015330625157e-02	3.198837059948333311e-02	8.057928254144748614e-02
1.253950039379449436e+03	2.442657177911864153e-01	1.500232085697132955e-01	2.600357348478226638e-01	1.573401515468323131e-01	7.569388400406647233e-02	3.201064088319640483e-02	8.063066235716256913e-02
1.255401370443546057e+03	2.440749849445363051e-01	1.499000395255277729e-01	2.601625434696843153e-01	1.574201145035138694e-01	7.572748258273548361e-02	3.203288021973478561e-02	8.068195475424755347e-02
1.256852701507642678e+03	2.438845802972626486e-01	1.497770824685045465e-01	2.602891181424213385e-01	1.574999445907599160e-01	7.576102598449052650e-02	3.205508863687631799e-02	8.073315987966477036e-02
1.258304032571739299e+03	2.436945032835352021e-01	1.496543370329748712e-01	2.604154592897152121e-01	1.575796420468048853e-01	7.579451430432589121e-02	3.207726616245714507e-02	8.078427788016680211e-02
1.259755363635835920e+03	2.435047533385034102e-01	1.495318028539042443e-01	2.605415673344841920e-01	1.576592071093673719e-01	7.582794763705337504e-02	3.209941282437110688e-02	8.083530890229635724e-02
1.261206694699932314e+03	2.433153298982944912e-01	1.494094795668910181e-01	2.606674426988848103e-01	1.577386400156518265e-01	7.586132607730267097e-02	3.212152865056914358e-02	8.088625309238610395e-02
1.262658025764028707e+03	2.431262324000117436e-01	1.492873668081656224e-01	2.607930858043132072e-01	1.578179410023501372e-01	7.589464971952192274e-02	3.214361366905876816e-02	8.093711059655869788e-02
1.264109356828125556e+03	2.429374602817329920e-01	1.491654642145891496e-01	2.609184970714066854e-01	1.578971103056431846e-01	7.592791865797807183e-02	3.216566790790345576e-02	8.098788156072653233e-02
1.265560687892221949e+03	2.427490129825086718e-01	1.490437714236524103e-01	2.610436769200452090e-01	1.579761481612025620e-01	7.596113298675737091e-02	3.218769139522210249e-02	8.103856613059176595e-02
1.267012018956318798e+03	2.425608899423602749e-01	1.489222880734748233e-01	2.611686257693526803e-01	1.580550548041920467e-01	7.599429279976574469e-02	3.220968415918845640e-02	8.108916445164617015e-02
1.268463350020415419e+03	2.423730906022785736e-01	1.488010138028031948e-01	2.612933440376983829e-01	1.581338304692691543e-01	7.602739819072928951e-02	3.223164622803054852e-02	8.113967666917105970e-02
1.269914681084511813e+03	2.421856144042218995e-01	1.486799482510107184e-01	2.614178321426986473e-01	1.582124753905868320e-01	7.606044925319467576e-02	3.225357763003015160e-02	8.119010292823716779e-02
1.271366012148608434e+03	2.419984607911146168e-01	1.485590910580958102e-01	2.615420905012182384e-01	1.582909898017949013e-01	7.609344608052960590e-02	3.227547839352221115e-02	8.124044337370468771e-02
1.272817343212705055e+03	2.418116292068452355e-01	1.484384418646811088e-01	2.616661195293714659e-01	1.583693739360417518e-01	7.612638876592321691e-02	3.229734854689429724e-02	8.129069815022306467e-02
1.274268674276801676e+03	2.416251190962647455e-01	1.483180003120121992e-01	2.617899196425238495e-01	1.584476280259757008e-01	7.615927740238656596e-02	3.231918811858607021e-02	8.134086740223100964e-02
1.275720005340898297e+03	2.414389299051850346e-01	1.481977660419566689e-01	2.619134912552935623e-01	1.585257523037467420e-01	7.619211208275299130e-02	3.234099713708872559e-02	8.139095127395643003e-02
1.277171336404994690e+03	2.412530610803771958e-01	1.480777386970029141e-01	2.620368347815527632e-01	1.586037470010079331e-01	7.622489289967859794e-02	3.236277563094445975e-02	8.144094990941631862e-02
1.278622667469091539e+03	2.410675120695697227e-01	1.479579179202591133e-01	2.621599506344290953e-01	1.586816123489168950e-01	7.625761994564266011e-02	3.238452362874591484e-02	8.149086345241676743e-02
1.280073998533187932e+03	2.408822823214469278e-01	1.478383033554521442e-01	2.622828392263069630e-01	1.587593485781375879e-01	7.629029331294802374e-02	3.240624115913565834e-02	8.154069204655287062e-02
1.281525329597284326e+03	2.406973712856472492e-01	1.477188946469264186e-01	2.624055009688290863e-01	1.588369559188414770e-01	7.632291309372159216e-02	3.242792825080565572e-02	8.159043583520869669e-02
1.282976660661381175e+03	2.405127784127616408e-01	1.475996914396428272e-01	2.625279362728977772e-01	1.589144346007092812e-01	7.635547937991470080e-02	3.244958493249672921e-02	8.164009496155723300e-02
1.284427991725477568e+03	2.403285031543318240e-01	1.474806933791776575e-01	2.626501455486764947e-01	1.589917848529323330e-01	7.638799226330353354e-02	3.247121123299803042e-02	8.168966956856035799e-02
1.285879322789574417e+03	2.401445449628485940e-01	1.473619001117215388e-01	2.627721292055909541e-01	1.590690069042141885e-01	7.642045183548955289e-02	3.249280718114652688e-02	8.173915979896882733e-02
1.287330653853671038e+03	2.399609032917502383e-01	1.472433112840783598e-01	2.628938876523308488e-01	1.591461009827720707e-01	7.645285818789994414e-02	3.251437280582648859e-02	8.178856579532219062e-02
1.288781984917767431e+03	2.397775775954208988e-01	1.471249265436641307e-01	2.630154212968510707e-01	1.592230673163382848e-01	7.648521141178800387e-02	3.253590813596894671e-02	8.183788769994880530e-02
1.290233315981864052e+03	2.395945673291888234e-01	1.470067455385059285e-01	2.631367305463730988e-01	1.592999061321616894e-01	7.651751159823357018e-02	3.255741320055118709e-02	8.188712565496580886e-02
