1.001418434226643626e+03	2.791999227915462067e-01	1.814933302209490174e-01	2.349888437973194077e-01	1.409146128620888672e-01	6.772417173323365402e-02	2.659456854004457749e-02	6.908455005458620513e-02
1.002869765290740247e+03	2.789432918189066468e-01	1.813308498437151972e-01	2.351704238051982032e-01	1.410197090731845626e-01	6.776390148728657359e-02	2.661950784540431311e-02	6.915231612607242173e-02
1.004321096354836754e+03	2.786871229446425402e-01	1.811686186263220810e-01	2.353516770492073695e-01	1.411246299985761121e-01	6.780355551767559830e-02	2.664442221816566703e-02	6.921997364517855356e-02
1.005772427418933376e+03	2.784314152983935475e-01	1.810066362166673215e-01	2.355326040858687076e-01	1.412293760103730256e-01	6.784313400777901293e-02	2.666931163914831870e-02	6.928752274153794632e-02
1.007223758483029997e+03	2.781761680115902302e-01	1.808449022630349845e-01	2.357132054707956614e-01	1.413339474789843397e-01	6.788263714043676900e-02	2.669417608946657999e-02	6.935496354545939157e-02
1.008675089547126618e+03	2.779213802174491654e-01	1.806834164140956600e-01	2.358934817586950394e-01	1.414383447731361876e-01	6.792206509795231661e-02	2.671901555052759794e-02	6.942229618791193047e-02
1.010126420611223239e+03	2.776670510509688938e-01	1.805221783189064899e-01	2.360734335033687625e-01	1.415425682598895896e-01	6.796141806209450575e-02	2.674383000402959926e-02	6.948952080051007396e-02
1.011577751675319632e+03	2.774131796489249790e-01	1.803611876269111680e-01	2.362530612577155575e-01	1.416466183046575511e-01	6.800069621409936260e-02	2.676861943196013824e-02	6.955663751549916174e-02
1.013029082739416367e+03	2.771597651498656223e-01	1.802004439879398845e-01	2.364323655737326779e-01	1.417504952712224653e-01	6.803989973467194918e-02	2.679338381659433430e-02	6.962364646574102645e-02
1.014480413803512761e+03	2.769068066941070549e-01	1.800399470522095202e-01	2.366113470025176246e-01	1.418541995217525997e-01	6.807902880398820911e-02	2.681812314049315457e-02	6.969054778469978284e-02
1.015931744867609382e+03	2.766543034237293752e-01	1.798796964703234524e-01	2.367900060942697005e-01	1.419577314168190829e-01	6.811808360169677168e-02	2.684283738650169310e-02	6.975734160642795001e-02
1.017383075931706003e+03	2.764022544825717187e-01	1.797196918932715826e-01	2.369683433982918419e-01	1.420610913154120025e-01	6.815706430692076989e-02	2.686752653774743954e-02	6.982402806555269847e-02
1.018834406995802851e+03	2.761506590162279839e-01	1.795599329724305859e-01	2.371463594629922844e-01	1.421642795749567534e-01	6.819597109825963066e-02	2.689219057763859999e-02	6.989060729726233323e-02
1.020285738059899245e+03	2.758995161720423916e-01	1.794004193595635788e-01	2.373240548358860058e-01	1.422672965513298859e-01	6.823480415379089281e-02	2.691682948986239346e-02	6.995707943729305434e-02
1.021737069123995752e+03	2.756488250991050992e-01	1.792411507068202847e-01	2.375014300635967246e-01	1.423701425988748714e-01	6.827356365107198344e-02	2.694144325838337614e-02	7.002344462191582852e-02
1.023188400188092373e+03	2.753985849482479265e-01	1.790821266667370903e-01	2.376784856918582600e-01	1.424728180704176173e-01	6.831224976714202202e-02	2.696603186744176220e-02	7.008970298792351061e-02
1.024639731252188767e+03	2.751487948720397481e-01	1.789233468922369064e-01	2.378552222655162529e-01	1.425753233172817602e-01	6.835086267852355513e-02	2.699059530155177924e-02	7.015585467261817310e-02
1.026091062316285615e+03	2.748994540247823304e-01	1.787648110366292509e-01	2.380316403285298588e-01	1.426776586893037380e-01	6.838940256122438832e-02	2.701513354550000648e-02	7.022189981379864387e-02
1.027542393380382237e+03	2.746505615625058350e-01	1.786065187536101939e-01	2.382077404239733021e-01	1.427798245348476935e-01	6.842786959073927922e-02	2.703964658434373711e-02	7.028783854974822443e-02
1.028993724444478858e+03	2.744021166429646552e-01	1.784484696972623574e-01	2.383835230940374861e-01	1.428818212008201305e-01	6.846626394205172772e-02	2.706413440340936158e-02	7.035367101922251898e-02
1.030445055508575479e+03	2.741541184256332531e-01	1.782906635220549152e-01	2.385589888800316027e-01	1.429836490326843734e-01	6.850458578963575240e-02	2.708859698829073001e-02	7.041939736143762452e-02
1.031896386572671872e+03	2.739065660717014961e-01	1.781330998828435930e-01	2.387341383223847702e-01	1.430853083744748899e-01	6.854283530745758357e-02	2.711303432484755971e-02	7.048501771605840405e-02
1.033347717636768493e+03	2.736594587440707160e-01	1.779757784348705296e-01	2.389089719606475870e-01	1.431867995688113626e-01	6.858101266897739801e-02	2.713744639920381840e-02	7.055053222318689865e-02
1.034799048700865114e+03	2.734127956073493237e-01	1.778186988337644714e-01	2.390834903334936590e-01	1.432881229569125392e-01	6.861911804715109531e-02	2.716183319774614913e-02	7.061594102335107259e-02
1.036250379764961508e+03	2.731665758278487011e-01	1.776618607355405499e-01	2.392576939787213197e-01	1.433892788786099715e-01	6.865715161443197712e-02	2.718619470712227773e-02	7.068124425749354456e-02
1.037701710829058356e+03	2.729207985735788711e-01	1.775052637966003100e-01	2.394315834332550186e-01	1.434902676723615322e-01	6.869511354277246795e-02	2.721053091423946552e-02	7.074644206696063808e-02
1.039153041893154750e+03	2.726754630142443903e-01	1.773489076737317927e-01	2.396051592331470415e-01	1.435910896752647381e-01	6.873300400362582219e-02	2.723484180626291329e-02	7.081153459349158463e-02
1.040604372957251599e+03	2.724305683212401852e-01	1.771927920241093690e-01	2.397784219135789263e-01	1.436917452230699055e-01	6.877082316794784489e-02	2.725912737061423133e-02	7.087652197920780994e-02
1.042055704021347992e+03	2.721861136676473336e-01	1.770369165052937122e-01	2.399513720088631008e-01	1.437922346501930848e-01	6.880857120619854328e-02	2.728338759496990590e-02	7.094140436660253957e-02
1.043507035085444613e+03	2.719420982282290677e-01	1.768812807752319083e-01	2.401240100524443533e-01	1.438925582897289390e-01	6.884624828834384758e-02	2.730762246725974146e-02	7.100618189853040441e-02
1.044958366149541234e+03	2.716985211794263333e-01	1.767258844922572625e-01	2.402963365769014425e-01	1.439927164734632614e-01	6.888385458385729021e-02	2.733183197566535147e-02	7.107085471819732381e-02
1.046409697213637855e+03	2.714553816993540147e-01	1.765707273150893264e-01	2.404683521139485691e-01	1.440927095318855489e-01	6.892139026172165728e-02	2.735601610861864569e-02	7.113542296915052743e-02
1.047861028277734476e+03	2.712126789677967720e-01	1.764158089028338428e-01	2.406400571944368738e-01	1.441925377942011310e-01	6.895885549043066776e-02	2.738017485480032098e-02	7.119988679526870201e-02
1.049312359341831097e+03	2.709704121662048770e-01	1.762611289149827176e-01	2.408114523483559644e-01	1.442922015883434106e-01	6.899625043799066659e-02	2.740430820313836252e-02	7.126424634075229081e-02
1.050763690405927491e+03	2.707285804776901617e-01	1.761066870114139926e-01	2.409825381048355530e-01	1.443917012409858258e-01	6.903357527192220677e-02	2.742841614280655538e-02	7.132850175011402893e-02
1.052215021470024112e+03	2.704871830870221316e-01	1.759524828523917617e-01	2.411533149921466501e-01	1.444910370775535358e-01	6.907083015926175629e-02	2.745249866322301002e-02	7.139265316816952034e-02
1.053666352534120733e+03	2.702462191806236369e-01	1.757985160985660877e-01	2.413237835377033957e-01	1.445902094222351053e-01	6.910801526656330795e-02	2.747655575404869127e-02	7.145670074002806460e-02
1.055117683598217127e+03	2.700056879465673187e-01	1.756447864109731138e-01	2.414939442680643367e-01	1.446892185979940515e-01	6.914513075990004476e-02	2.750058740518595418e-02	7.152064461108351145e-02
1.056569014662313975e+03	2.697655885745711690e-01	1.754912934510347855e-01	2.416637977089339251e-01	1.447880649265800845e-01	6.918217680486592192e-02	2.752459360677709035e-02	7.158448492700543453e-02
1.058020345726410369e+03	2.695259202559946998e-01	1.753380368805589617e-01	2.418333443851640174e-01	1.448867487285402655e-01	6.921915356657733220e-02	2.754857434920289158e-02	7.164822183373023567e-02
1.059471676790506763e+03	2.692866821838351687e-01	1.751850163617393319e-01	2.420025848207553731e-01	1.449852703232300810e-01	6.925606120967470192e-02	2.757252962308120309e-02	7.171185547745254074e-02
1.060923007854603611e+03	2.690478735527234155e-01	1.750322315571553045e-01	2.421715195388591257e-01	1.450836300288243230e-01	6.929289989832410068e-02	2.759645941926550106e-02	7.177538600461672025e-02
1.062374338918700232e+03	2.688094935589198653e-01	1.748796821297719239e-01	2.423401490617781706e-01	1.451818281623277473e-01	6.932966979621883741e-02	2.762036372884347363e-02	7.183881356190849332e-02
1.063825669982796853e+03	2.685715414003108648e-01	1.747273677429398986e-01	2.425084739109686360e-01	1.452798650395857594e-01	6.936637106658107010e-02	2.764424254313561924e-02	7.190213829624667041e-02
1.065277001046893474e+03	2.683340162764045189e-01	1.745752880603955726e-01	2.426764946070412987e-01	1.453777409752947669e-01	6.940300387216338796e-02	2.766809585369382415e-02	7.196536035477507642e-02
1.066728332110990095e+03	2.680969173883271384e-01	1.744234427462606762e-01	2.428442116697631936e-01	1.454754562830125053e-01	6.943956837525040726e-02	2.769192365229999203e-02	7.202847988485455710e-02
1.068179663175086489e+03	2.678602439388190204e-01	1.742718314650424649e-01	2.430116256180587520e-01	1.455730112751682237e-01	6.947606473766032575e-02	2.771572593096463186e-02	7.209149703405512422e-02
1.069630994239183110e+03	2.676239951322306743e-01	1.741204538816334135e-01	2.431787369700114665e-01	1.456704062630727048e-01	6.951249312074650466e-02	2.773950268192550486e-02	7.215441195014828113e-02
1.071082325303279504e+03	2.673881701745190465e-01	1.739693096613114109e-01	2.433455462428652794e-01	1.457676415569282014e-01	6.954885368539907853e-02	2.776325389764623675e-02	7.221722478109937615e-02
1.072533656367376352e+03	2.671527682732436904e-01	1.738183984697394824e-01	2.435120539530258588e-01	1.458647174658380952e-01	6.958514659204639852e-02	2.778697957081496112e-02	7.227993567506015016e-02
1.073984987431472746e+03	2.669177886375629360e-01	1.736677199729658172e-01	2.436782606160621811e-01	1.459616342978166947e-01	6.962137200065672549e-02	2.781067969434296988e-02	7.234254478036136748e-02
1.075436318495569594e+03	2.666832304782300600e-01	1.735172738374236578e-01	2.438441667467078078e-01	1.460583923597985889e-01	6.965753007073968717e-02	2.783435426136336016e-02	7.240505224550561336e-02
1.076887649559666215e+03	2.664490930075893438e-01	1.733670597299311888e-01	2.440097728588623005e-01	1.461549919576481393e-01	6.969362096134784634e-02	2.785800326522969508e-02	7.246745821916013297e-02
1.078338980623762609e+03	2.662153754395727434e-01	1.732170773176915368e-01	2.441750794655927759e-01	1.462514333961686952e-01	6.972964483107824130e-02	2.788162669951468539e-02	7.252976285014989255e-02
1.079790311687859230e+03	2.659820769896956705e-01	1.730673262682927149e-01	2.443400870791350987e-01	1.463477169791117527e-01	6.976560183807389848e-02	2.790522455800885024e-02	7.259196628745064050e-02
1.081241642751955851e+03	2.657491968750534395e-01	1.729178062497072899e-01	2.445047962108953254e-01	1.464438430091858645e-01	6.980149214002538682e-02	2.792879683471920574e-02	7.265406868018212116e-02
1.082692973816052472e+03	2.655167343143174374e-01	1.727685169302925761e-01	2.446692073714511473e-01	1.465398117880657436e-01	6.983731589417231655e-02	2.795234352386796045e-02	7.271607017760148284e-02
1.084144304880149093e+03	2.652846885277315714e-01	1.726194579787904138e-01	2.448333210705531393e-01	1.466356236164008398e-01	6.987307325730481022e-02	2.797586461989121781e-02	7.277797092909664423e-02
1.085595635944245487e+03	2.650530587371084379e-01	1.724706290643271689e-01	2.449971378171262593e-01	1.467312787938241658e-01	6.990876438576508478e-02	2.799936011743766814e-02	7.283977108417985513e-02
1.087046967008342108e+03	2.648218441658255484e-01	1.723220298564135389e-01	2.451606581192711798e-01	1.468267776189607632e-01	6.994438943544892262e-02	2.802283001136732232e-02	7.290147079248140982e-02
1.088498298072438729e+03	2.645910440388217211e-01	1.721736600249444971e-01	2.453238824842656207e-01	1.469221203894361116e-01	6.997994856180712875e-02	2.804627429675021419e-02	7.296307020374336039e-02
1.089949629136535123e+03	2.643606575825936944e-01	1.720255192401991540e-01	2.454868114185656536e-01	1.470173074018845671e-01	7.001544191984707122e-02	2.806969296886514115e-02	7.302456946781338276e-02
1.091400960200631971e+03	2.641306840251918531e-01	1.718776071728408128e-01	2.456494454278071449e-01	1.471123389519574942e-01	7.005086966413415217e-02	2.809308602319840129e-02	7.308596873463871213e-02
1.092852291264728365e+03	2.639011225962172857e-01	1.717299234939166641e-01	2.458117850168071161e-01	1.472072153343314815e-01	7.008623194879325113e-02	2.811645345544252703e-02	7.314726815426031425e-02
1.094303622328825213e+03	2.636719725268174552e-01	1.715824678748578414e-01	2.459738306895649929e-01	1.473019368427161413e-01	7.012152892751022382e-02	2.813979526149503613e-02	7.320846787680689027e-02
1.095754953392921607e+03	2.634432330496832564e-01	1.714352399874792821e-01	2.461355829492640479e-01	1.473965037698622693e-01	7.015676075353338703e-02	2.816311143745720350e-02	7.326956805248924232e-02
1.097206284457018228e+03	2.632149033990447418e-01	1.712882395039795336e-01	2.462970422982725671e-01	1.474909164075695056e-01	7.019192757967496199e-02	2.818640197963280525e-02	7.333056883159459749e-02
1.098657615521114849e+03	2.629869828106680130e-01	1.711414660969408086e-01	2.464582092381454037e-01	1.475851750466940504e-01	7.022702955831248983e-02	2.820966688452689400e-02	7.339147036448105677e-02
1.100108946585211470e+03	2.627594705218516680e-01	1.709949194393286520e-01	2.466190842696250884e-01	1.476792799771562414e-01	7.026206684139035819e-02	2.823290614884459496e-02	7.345227280157211325e-02
1.101560277649308091e+03	2.625323657714227488e-01	1.708485992044921353e-01	2.467796678926433285e-01	1.477732314879481590e-01	7.029703958042117506e-02	2.825611976948986734e-02	7.351297629335126760e-02
1.103011608713404712e+03	2.623056677997336883e-01	1.707025050661634680e-01	2.469399606063222286e-01	1.478670298671409533e-01	7.033194792648722604e-02	2.827930774356431087e-02	7.357358099035679611e-02
1.104462939777501106e+03	2.620793758486584246e-01	1.705566366984580251e-01	2.470999629089755956e-01	1.479606754018921444e-01	7.036679203024195917e-02	2.830247006836595844e-02	7.363408704317653264e-02
1.105914270841597499e+03	2.618534891615891813e-01	1.704109937758742921e-01	2.472596752981102430e-01	1.480541683784528662e-01	7.040157204191133111e-02	2.832560674138807563e-02	7.369449460244270611e-02
1.107365601905694348e+03	2.616280069834326372e-01	1.702655759732934759e-01	2.474190982704273789e-01	1.481475090821749718e-01	7.043628811129529210e-02	2.834871776031798463e-02	7.375480381882701386e-02
1.108816932969790741e+03	2.614029285606065400e-01	1.701203829659797273e-01	2.475782323218237713e-01	1.482406977975181117e-01	7.047094038776914593e-02	2.837180312303587762e-02	7.381501484303558402e-02
1.110268264033887590e+03	2.611782531410361541e-01	1.699754144295798353e-01	2.477370779473931917e-01	1.483337348080566165e-01	7.050552902028503488e-02	2.839486282761363722e-02	7.387512782580418769e-02
1.111719595097984211e+03	2.609539799741510402e-01	1.698306700401231162e-01	2.478956356414276641e-01	1.484266203964864361e-01	7.054005415737329976e-02	2.841789687231366726e-02	7.393514291789343718e-02
1.113170926162080832e+03	2.607301083108812811e-01	1.696861494740213583e-01	2.480539058974185751e-01	1.485193548446318013e-01	7.057451594714382603e-02	2.844090525558774091e-02	7.399506027008408149e-02
1.114622257226177226e+03	2.605066374036540955e-01	1.695418524080685718e-01	2.482118892080582562e-01	1.486119384334519122e-01	7.060891453728755651e-02	2.846388797607583496e-02	7.405488003317244050e-02
1.116073588290273847e+03	2.602835665063902848e-01	1.693977785194410446e-01	2.483695860652410659e-01	1.487043714430476560e-01	7.064325007507780974e-02	2.848684503260499185e-02	7.411460235796576979e-02
1.117524919354370468e+03	2.600608948745011251e-01	1.692539274856970644e-01	2.485269969600646667e-01	1.487966541526680175e-01	7.067752270737168163e-02	2.850977642418815391e-02	7.417422739527790299e-02
1.118976250418467089e+03	2.598386217648846475e-01	1.691102989847769189e-01	2.486841223828313852e-01	1.488887868407164639e-01	7.071173258061139166e-02	2.853268215002305319e-02	7.423375529592479705e-02
1.120427581482563710e+03	2.596167464359221966e-01	1.689668926950025907e-01	2.488409628230494330e-01	1.489807697847574386e-01	7.074587984082569836e-02	2.855556220949107341e-02	7.429318621072024398e-02
1.121878912546660331e+03	2.593952681474751554e-01	1.688237082950777845e-01	2.489975187694341840e-01	1.490726032615225238e-01	7.077996463363127322e-02	2.857841660215610854e-02	7.435252029047163813e-02
1.123330243610756725e+03	2.591741861608816699e-01	1.686807454640877613e-01	2.491537907099094229e-01	1.491642875469165741e-01	7.081398710423400522e-02	2.860124532776346651e-02	7.441175768597577123e-02
1.124781574674853118e+03	2.589534997389529303e-01	1.685380038814991710e-01	2.493097791316086220e-01	1.492558229160239613e-01	7.084794739743044412e-02	2.862404838623874848e-02	7.447089854801480779e-02
1.126232905738949967e+03	2.587332081459700617e-01	1.683954832271598590e-01	2.494654845208761906e-01	1.493472096431145979e-01	7.088184565760909106e-02	2.864682577768674562e-02	7.452994302735219123e-02
1.127684236803046360e+03	2.585133106476805720e-01	1.682531831812989209e-01	2.496209073632686681e-01	1.494384480016497374e-01	7.091568202875175864e-02	2.866957750239032890e-02	7.458889127472873026e-02
1.129135567867143209e+03	2.582938065112952986e-01	1.681111034245263425e-01	2.497760481435560842e-01	1.495295382642880255e-01	7.094945665443493088e-02	2.869230356080937697e-02	7.464774344085868540e-02
1.130586898931239830e+03	2.580746950054846889e-01	1.679692436378329989e-01	2.499309073457231245e-01	1.496204807028912454e-01	7.098316967783108167e-02	2.871500395357966251e-02	7.470649967642596645e-02
1.132038229995336451e+03	2.578559754003757476e-01	1.678276035025904611e-01	2.500854854529703797e-01	1.497112755885300350e-01	7.101682124171003474e-02	2.873767868151179405e-02	7.476516013208035771e-02
1.133489561059432845e+03	2.576376469675484837e-01	1.676861827005508843e-01	2.502397829477156499e-01	1.498019231914895777e-01	7.105041148844024046e-02	2.876032774559012309e-02	7.482372495843381266e-02
1.134940892123529466e+03	2.574197089800329130e-01	1.675449809138468416e-01	2.503938003115949718e-01	1.498924237812752358e-01	7.108394055999016359e-02	2.878295114697167895e-02	7.488219430605688731e-02
1.136392223187626087e+03	2.572021607123055609e-01	1.674039978249911853e-01	2.505475380254642004e-01	1.499827776266179635e-01	7.111740859792957392e-02	2.880554888698510715e-02	7.494056832547511815e-02
1.137843554251722708e+03	2.569850014402860761e-01	1.672632331168768804e-01	2.507009965693999254e-01	1.500729849954798856e-01	7.115081574343083692e-02	2.882812096712961819e-02	7.499884716716552491e-02
1.139294885315819101e+03	2.567682304413341221e-01	1.671226864727768935e-01	2.508541764227007476e-01	1.501630461550595985e-01	7.118416213727025987e-02	2.885066738907391196e-02	7.505703098155322439e-02
1.140746216379915950e+03	2.565518469942461022e-01	1.669823575763439982e-01	2.510070780638886667e-01	1.502529613717975276e-01	7.121744791982935474e-02	2.887318815465515429e-02	7.511511991900796104e-02
1.142197547444012343e+03	2.563358503792518284e-01	1.668422461116106648e-01	2.511597019707101364e-01	1.503427309113812005e-01	7.125067323109617046e-02	2.889568326587792224e-02	7.517311412984085950e-02
1.143648878508108737e+03	2.561202398780113021e-01	1.667023517629888929e-01	2.513120486201373405e-01	1.504323550387504371e-01	7.128383821066659742e-02	2.891815272491317021e-02	7.523101376430113563e-02
1.145100209572205586e+03	2.559050147736114389e-01	1.665626742152700457e-01	2.514641184883693592e-01	1.505218340181024295e-01	7.131694299774560264e-02	2.894059653409720989e-02	7.528881897257284905e-02
1.146551540636302207e+03	2.556901743505629043e-01	1.664232131536246551e-01	2.516159120508334457e-01	1.506111681128968482e-01	7.134998773114854809e-02	2.896301469593067293e-02	7.534652990477183621e-02
1.148002871700398828e+03	2.554757178947968943e-01	1.662839682636024219e-01	2.517674297821862472e-01	1.507003575858608668e-01	7.138297254930248137e-02	2.898540721307749091e-02	7.540414671094253229e-02
1.149454202764495449e+03	2.552616446936618599e-01	1.661449392311318551e-01	2.519186721563148601e-01	1.507894026989940739e-01	7.141589759024737083e-02	2.900777408836389265e-02	7.546166954105498759e-02
1.150905533828591842e+03	2.550479540359203434e-01	1.660061257425202164e-01	2.520696396463382727e-01	1.508783037135733029e-01	7.144876299163743782e-02	2.903011532477739465e-02	7.551909854500186980e-02
1.152356864892688463e+03	2.548346452117458139e-01	1.658675274844534087e-01	2.522203327246083093e-01	1.509670608901576006e-01	7.148156889074233633e-02	2.905243092546578448e-02	7.557643387259550816e-02
1.153808195956785084e+03	2.546217175127195032e-01	1.657291441439957269e-01	2.523707518627110180e-01	1.510556744885928060e-01	7.151431542444849909e-02	2.907472089373614246e-02	7.563367567356503451e-02
1.155259527020881706e+03	2.544091702318272974e-01	1.655909754085896912e-01	2.525208975314676696e-01	1.511441447680164363e-01	7.154700272926035887e-02	2.909698523305383200e-02	7.569082409755353846e-02
1.156710858084978327e+03	2.541970026634562396e-01	1.654530209660559081e-01	2.526707702009360901e-01	1.512324719868622103e-01	7.157963094130155579e-02	2.911922394704152817e-02	7.574787929411531950e-02
1.158162189149074720e+03	2.539852141033917543e-01	1.653152805045929596e-01	2.528203703404118818e-01	1.513206564028647116e-01	7.161220019631625577e-02	2.914143703947822545e-02	7.580484141271313925e-02
1.159613520213171569e+03	2.537738038488143166e-01	1.651777537127771811e-01	2.529696984184294228e-01	1.514086982730638853e-01	7.164471062967033010e-02	2.916362451429826280e-02	7.586171060271554301e-02
1.161064851277267962e+03	2.535627711982965105e-01	1.650404402795624392e-01	2.531187549027632544e-01	1.514965978538095337e-01	7.167716237635265997e-02	2.918578637559036265e-02	7.591848701339420913e-02
1.162516182341364356e+03	2.533521154517997531e-01	1.649033398942800765e-01	2.532675402604291359e-01	1.515843554007657579e-01	7.170955557097627442e-02	2.920792262759664901e-02	7.597517079392140937e-02
1.163967513405461204e+03	2.531418359106710758e-01	1.647664522466386339e-01	2.534160549576852106e-01	1.516719711689153705e-01	7.174189034777968266e-02	2.923003327471170032e-02	7.603176209336744151e-02
1.165418844469557826e+03	2.529319318776402925e-01	1.646297770267237948e-01	2.535642994600331712e-01	1.517594454125640868e-01	7.177416684062803975e-02	2.925211832148158844e-02	7.608826106069815909e-02
1.166870175533654447e+03	2.527224026568167803e-01	1.644933139249980525e-01	2.537122742322195368e-01	1.518467783853450215e-01	7.180638518301434015e-02	2.927417777260292453e-02	7.614466784477251504e-02
1.168321506597751068e+03	2.525132475536862597e-01	1.643570626323007378e-01	2.538599797382367074e-01	1.519339703402226849e-01	7.183854550806070827e-02	2.929621163292192576e-02	7.620098259434014698e-02
1.169772837661847461e+03	2.523044658751079639e-01	1.642210228398476302e-01	2.540074164413242963e-01	1.520210215294972855e-01	7.187064794851953653e-02	2.931821990743346124e-02	7.625720545803907346e-02
1.171224168725944082e+03	2.520960569293113629e-01	1.640851942392309304e-01	2.541545848039700184e-01	1.521079322048088101e-01	7.190269263677472045e-02	2.934020260128011523e-02	7.631333658439333478e-02
1.172675499790040703e+03	2.518880200258932223e-01	1.639495765224190660e-01	2.543014852879109666e-01	1.521947026171411588e-01	7.193467970484287988e-02	2.936215971975127820e-02	7.636937612181073087e-02
1.174126830854137097e+03	2.516803544758144939e-01	1.638141693817564137e-01	2.544481183541350000e-01	1.522813330168260593e-01	7.196660928437451088e-02	2.938409126828219267e-02	7.642532421858062863e-02
1.175578161918233945e+03	2.514730595913974853e-01	1.636789725099632442e-01	2.545944844628814097e-01	1.523678236535471742e-01	7.199848150665517921e-02	2.940599725245305121e-02	7.648118102287175535e-02
1.177029492982330339e+03	2.512661346863224732e-01	1.635439856001353887e-01	2.547405840736425842e-01	1.524541747763439592e-01	7.203029650260678318e-02	2.942787767798808046e-02	7.653694668273001989e-02
1.178480824046426733e+03	2.510595790756249279e-01	1.634092083457442113e-01	2.548864176451647867e-01	1.525403866336155490e-01	7.206205440278863616e-02	2.944973255075461829e-02	7.659262134607651429e-02
1.179932155110523581e+03	2.508533920756924607e-01	1.632746404406363872e-01	2.550319856354495429e-01	1.526264594731246149e-01	7.209375533739871555e-02	2.947156187676221867e-02	7.664820516070529333e-02
1.181383486174620202e+03	2.506475730042617145e-01	1.631402815790336247e-01	2.551772885017546399e-01	1.527123935420012235e-01	7.212539943627480077e-02	2.949336566216173919e-02	7.670369827428148712e-02
1.182834817238716823e+03	2.504421211804155889e-01	1.630061314555326102e-01	2.553223267005951813e-01	1.527981890867464443e-01	7.215698682889565285e-02	2.951514391324446332e-02	7.675910083433927500e-02
1.184286148302813444e+03	2.502370359245800202e-01	1.628721897651046746e-01	2.554671006877450301e-01	1.528838463532362357e-01	7.218851764438216634e-02	2.953689663644118793e-02	7.681441298827990094e-02
1.185737479366910065e+03	2.500323165585211505e-01	1.627384562030957382e-01	2.556116109182376417e-01	1.529693655867249702e-01	7.221999201149857661e-02	2.955862383832134552e-02	7.686963488336981398e-02
1.187188810431006686e+03	2.498279624053422743e-01	1.626049304652260052e-01	2.557558578463674515e-01	1.530547470318491254e-01	7.225141005865358401e-02	2.958032552559212297e-02	7.692476666673872532e-02
1.188640141495103080e+03	2.496239727894809524e-01	1.624716122475899360e-01	2.558998419256907075e-01	1.531399909326308373e-01	7.228277191390147793e-02	2.960200170509757686e-02	7.697980848537785969e-02
1.190091472559199701e+03	2.494203470367059305e-01	1.623385012466558308e-01	2.560435636090268030e-01	1.532250975324815356e-01	7.231407770494334419e-02	2.962365238381777302e-02	7.703476048613810967e-02
1.191542803623296322e+03	2.492170844741144198e-01	1.622055971592658574e-01	2.561870233484594417e-01	1.533100670742053029e-01	7.234532755912814750e-02	2.964527756886790183e-02	7.708962281572823150e-02
1.192994134687392716e+03	2.490141844301289320e-01	1.620728996826356905e-01	2.563302215953377483e-01	1.533948998000024544e-01	7.237652160345398045e-02	2.966687726749742474e-02	7.714439562071317980e-02
1.194445465751489564e+03	2.488116462344944768e-01	1.619404085143543448e-01	2.564731588002771567e-01	1.534795959514728969e-01	7.240765996456903497e-02	2.968845148708920689e-02	7.719907904751237282e-02
1.195896796815585958e+03	2.486094692182756749e-01	1.618081233523840923e-01	2.566158354131606867e-01	1.535641557696195147e-01	7.243874276877287910e-02	2.971000023515867061e-02	7.725367324239799938e-02
1.197348127879682352e+03	2.484076527138536772e-01	1.616760438950601286e-01	2.567582518831402760e-01	1.536485794948515560e-01	7.246977014201751166e-02	2.973152351935294188e-02	7.730817835149345063e-02
1.198799458943779200e+03	2.482061960549234447e-01	1.615441698410904625e-01	2.569004086586376134e-01	1.537328673669879631e-01	7.250074220990850027e-02	2.975302134745000035e-02	7.736259452077168253e-02
1.200250790007875821e+03	2.480050985764908067e-01	1.614125008895556379e-01	2.570423061873451376e-01	1.538170196252604816e-01	7.253165909770610542e-02	2.977449372735783278e-02	7.741692189605364760e-02
1.201702121071972442e+03	2.478043596148694905e-01	1.612810367399086231e-01	2.571839449162275359e-01	1.539010365083171572e-01	7.256252093032639072e-02	2.979594066711361428e-02	7.747116062300676842e-02
1.203153452136069063e+03	2.476039785076783462e-01	1.611497770919745331e-01	2.573253252915227440e-01	1.539849182542252781e-01	7.259332783234234698e-02	2.981736217488285476e-02	7.752531084714342491e-02
1.204604783200165684e+03	2.474039545938384599e-01	1.610187216459504633e-01	2.574664477587428335e-01	1.540686651004747054e-01	7.262407992798498857e-02	2.983875825895858022e-02	7.757937271381949718e-02
1.206056114264262078e+03	2.472042872135702396e-01	1.608878701024052671e-01	2.576073127626751780e-01	1.541522772839809263e-01	7.265477734114446362e-02	2.986012892776051392e-02	7.763334636823288060e-02
1.207507445328358699e+03	2.470049757083906394e-01	1.607572221622793340e-01	2.577479207473838407e-01	1.542357550410882183e-01	7.268542019537112264e-02	2.988147418983423328e-02	7.768723195542211191e-02
1.208958776392455093e+03	2.468060194211101899e-01	1.606267775268844511e-01	2.578882721562101854e-01	1.543190986075725635e-01	7.271600861387665649e-02	2.990279405385038586e-02	7.774102962026495367e-02
1.210410107456551941e+03	2.466074176958302777e-01	1.604965358979035250e-01	2.580283674317745413e-01	1.544023082186448681e-01	7.274654271953516493e-02	2.992408852860384966e-02	7.779473950747707589e-02
1.211861438520648335e+03	2.464091698779403150e-01	1.603664969773904714e-01	2.581682070159768139e-01	1.544853841089538216e-01	7.277702263488425305e-02	2.994535762301294562e-02	7.784836176161066823e-02
1.213312769584745183e+03	2.462112753141148525e-01	1.602366604677698259e-01	2.583077913499978728e-01	1.545683265125888661e-01	7.280744848212608589e-02	2.996660134611862231e-02	7.790189652705319101e-02
1.214764100648841804e+03	2.460137333523108316e-01	1.601070260718366334e-01	2.584471208743004955e-01	1.546511356630831668e-01	7.283782038312852647e-02	2.998781970708365788e-02	7.795534394802607070e-02
1.216215431712937971e+03	2.458165433417646151e-01	1.599775934927563092e-01	2.585861960286304218e-01	1.547338117934164703e-01	7.286813845942614887e-02	3.000901271519187605e-02	7.800870416858346479e-02
1.217666762777034819e+03	2.456197046329894884e-01	1.598483624340643894e-01	2.587250172520177416e-01	1.548163551360180468e-01	7.289840283222133455e-02	3.003018037984733768e-02	7.806197733261102667e-02
1.219118093841131440e+03	2.454232165777726071e-01	1.597193325996662250e-01	2.588635849827775059e-01	1.548987659227694103e-01	7.292861362238535483e-02	3.005132271057357057e-02	7.811516358382472602e-02
1.220569424905228061e+03	2.452270785291722766e-01	1.595905036938368160e-01	2.590018996585112254e-01	1.549810443850071773e-01	7.295877095045939786e-02	3.007243971701277496e-02	7.816826306576968308e-02
1.222020755969324682e+03	2.450312898415152874e-01	1.594618754212206724e-01	2.591399617161077584e-01	1.550631907535258702e-01	7.298887493665569270e-02	3.009353140892505329e-02	7.822127592181900291e-02
1.223472087033421303e+03	2.448358498703940012e-01	1.593334474868314532e-01	2.592777715917445325e-01	1.551452052585806096e-01	7.301892570085846690e-02	3.011459779618762961e-02	7.827420229517267902e-02
1.224923418097517697e+03	2.446407579726636583e-01	1.592052195960519112e-01	2.594153297208883768e-01	1.552270881298898064e-01	7.304892336262511221e-02	3.013563888879408278e-02	7.832704232885648321e-02
1.226374749161614318e+03	2.444460135064396300e-01	1.590771914546335319e-01	2.595526365382967438e-01	1.553088395966379098e-01	7.307886804118712831e-02	3.015665469685357286e-02	7.837979616572089692e-02
1.227826080225710712e+03	2.442516158310946983e-01	1.589493627686964228e-01	2.596896924780188187e-01	1.553904598874781273e-01	7.310875985545121913e-02	3.017764523059009510e-02	7.843246394844007041e-02
1.229277411289807560e+03	2.440575643072562528e-01	1.588217332447289798e-01	2.598264979733965196e-01	1.554719492305348116e-01	7.313859892400037532e-02	3.019861050034170630e-02	7.848504581951080972e-02
1.230728742353903954e+03	2.438638582968035984e-01	1.586943025895878046e-01	2.599630534570656071e-01	1.555533078534062918e-01	7.316838536509480406e-02	3.021955051655976152e-02	7.853754192125154965e-02
1.232180073418000802e+03	2.436704971628652350e-01	1.585670705104973710e-01	2.600993593609567944e-01	1.556345359831673714e-01	7.319811929667305317e-02	3.024046528980819243e-02	7.858995239580138237e-02
1.233631404482097196e+03	2.434774802698160823e-01	1.584400367150498035e-01	2.602354161162967472e-01	1.557156338463719092e-01	7.322780083635299642e-02	3.026135483076273364e-02	7.864227738511911370e-02
1.235082735546193817e+03	2.432848069832749538e-01	1.583132009112047378e-01	2.603712241536090821e-01	1.557966016690551792e-01	7.325743010143287437e-02	3.028221915021019062e-02	7.869451703098231943e-02
1.236534066610290438e+03	2.430924766701015316e-01	1.581865628072890717e-01	2.605067839027156440e-01	1.558774396767366177e-01	7.328700720889232134e-02	3.030305825904769726e-02	7.874667147498648490e-02
1.237985397674387059e+03	2.429004886983940625e-01	1.580601221119966593e-01	2.606420957927372273e-01	1.559581480944220444e-01	7.331653227539336459e-02	3.032387216828198728e-02	7.879874085854399191e-02
1.239436728738483680e+03	2.427088424374863329e-01	1.579338785343881169e-01	2.607771602520951304e-01	1.560387271466062709e-01	7.334600541728143741e-02	3.034466088902865524e-02	7.885072532288335545e-02
1.240888059802580301e+03	2.425175372579452537e-01	1.578078317838906841e-01	2.609119777085117664e-01	1.561191770572754878e-01	7.337542675058643382e-02	3.036542443251142795e-02	7.890262500904834941e-02
1.242339390866676695e+03	2.423265725315679742e-01	1.576819815702978356e-01	2.610465485890117177e-01	1.561994980499096242e-01	7.340479639102366616e-02	3.038616281006144282e-02	7.895444005789717390e-02
1.243790721930773088e+03	2.421359476313793002e-01	1.575563276037692528e-01	2.611808733199231236e-01	1.562796903474846788e-01	7.343411445399485038e-02	3.040687603311652623e-02	7.900617061010165032e-02
1.245242052994869937e+03	2.419456619316291413e-01	1.574308695948304082e-01	2.613149523268785690e-01	1.563597541724751072e-01	7.346338105458921630e-02	3.042756411322048576e-02	7.905781680614638873e-02
1.246693384058966330e+03	2.417557148077897067e-01	1.573056072543724260e-01	2.614487860348162496e-01	1.564396897468562087e-01	7.349259630758436801e-02	3.044822706202237467e-02	7.910937878632806619e-02
1.248144715123063179e+03	2.415661056365529524e-01	1.571805402936518326e-01	2.615823748679804717e-01	1.565194972921062910e-01	7.352176032744733858e-02	3.046886489127580838e-02	7.916085669075467735e-02
1.249596046187159800e+03	2.413768337958278332e-01	1.570556684242903067e-01	2.617157192499235396e-01	1.565991770292090302e-01	7.355087322833563090e-02	3.048947761283824290e-02	7.921225065934478504e-02
1.251047377251256421e+03	2.411878986647378875e-01	1.569309913582744853e-01	2.618488196035061444e-01	1.566787291786556624e-01	7.357993512409809200e-02	3.051006523867027739e-02	7.926356083182678480e-02
1.252498708315352815e+03	2.409992996236183793e-01	1.568065088079557134e-01	2.619816763508986956e-01	1.567581539604473162e-01	7.360894612827598160e-02	3.053062778083495341e-02	7.931478734773826644e-02
1.253950039379449436e+03	2.408110360540138550e-01	1.566822204860497392e-01	2.621142899135823767e-01	1.568374515940970937e-01	7.363790635410390195e-02	3.055116525149705747e-02	7.936593034642527855e-02
1.255401370443546057e+03	2.406231073386753960e-01	1.565581261056366302e-01	2.622466607123500326e-01	1.569166222986323189e-01	7.366681591451082478e-02	3.057167766292243766e-02	7.941698996704169011e-02
1.256852701507642678e+03	2.404355128615581205e-01	1.564342253801603577e-01	2.623787891673073358e-01	1.569956662925966751e-01	7.369567492212097948e-02	3.059216502747731659e-02	7.946796634854855212e-02
1.258304032571739299e+03	2.402482520078185746e-01	1.563105180234286851e-01	2.625106756978737299e-01	1.570745837940523970e-01	7.372448348925490780e-02	3.061262735762758716e-02	7.951885962971345923e-02
1.259755363635835920e+03	2.400613241638120954e-01	1.561870037496128349e-01	2.626423207227835399e-01	1.571533750205822977e-01	7.375324172793037980e-02	3.063306466593816030e-02	7.956966994910998070e-02
1.261206694699932314e+03	2.398747287170902853e-01	1.560636822732473783e-01	2.627737246600870824e-01	1.572320401892919328e-01	7.378194974986336530e-02	3.065347696507225717e-02	7.962039744511698047e-02
1.262658025764028707e+03	2.396884650563983754e-01	1.559405533092299290e-01	2.629048879271514427e-01	1.573105795168117382e-01	7.381060766646903304e-02	3.067386426779077080e-02	7.967104225591813138e-02
1.264109356828125556e+03	2.395025325716726994e-01	1.558176165728207552e-01	2.630358109406615852e-01	1.573889932192988894e-01	7.383921558886259728e-02	3.069422658695155834e-02	7.972160451950129068e-02
1.265560687892221949e+03	2.393169306540381680e-01	1.556948717796428350e-01	2.631664941166216853e-01	1.574672815124395220e-01	7.386777362786035861e-02	3.071456393550880265e-02	7.977208437365800042e-02
1.267012018956318798e+03	2.391316586958056323e-01	1.555723186456813567e-01	2.632969378703557961e-01	1.575454446114507023e-01	7.389628189398064761e-02	3.073487632651233231e-02	7.982248195598296014e-02
1.268463350020415419e+03	2.389467160904693854e-01	1.554499568872835802e-01	2.634271426165089580e-01	1.576234827310823983e-01	7.392474049744474085e-02	3.075516377310697283e-02	7.987279740387343008e-02
1.269914681084511813e+03	2.387621022327046094e-01	1.553277862211585869e-01	2.635571087690483649e-01	1.577013960856194774e-01	7.395314954817777675e-02	3.077542628853187703e-02	7.992303085452881484e-02
1.271366012148608434e+03	2.385778165183648492e-01	1.552058063643770580e-01	2.636868367412641967e-01	1.577791848888836501e-01	7.398150915580975484e-02	3.079566388611987629e-02	7.997318244495020545e-02
1.272817343212705055e+03	2.383938583444794590e-01	1.550840170343709135e-01	2.638163269457707294e-01	1.578568493542354678e-01	7.400981942967645166e-02	3.081587657929683866e-02	8.002325231193976873e-02
1.274268674276801676e+03	2.382102271092511603e-01	1.549624179489332287e-01	2.639455797945073345e-01	1.579343896945761549e-01	7.403808047882030896e-02	3.083606438158100968e-02	8.007324059210044198e-02
1.275720005340898297e+03	2.380269222120534045e-01	1.548410088262179019e-01	2.640745956987395893e-01	1.580118061223496073e-01	7.406629241199140512e-02	3.085622730658237403e-02	8.012314742183540561e-02
1.277171336404994690e+03	2.378439430534279031e-01	1.547197893847393757e-01	2.642033750690601090e-01	1.580890988495441962e-01	7.409445533764835723e-02	3.087636536800202058e-02	8.017297293734769459e-02
1.278622667469091539e+03	2.376612890350822682e-01	1.545987593433724161e-01	2.643319183153897689e-01	1.581662680876946836e-01	7.412256936395925089e-02	3.089647857963149710e-02	8.022271727463976820e-02
1.280073998533187932e+03	2.374789595598872927e-01	1.544779184213519174e-01	2.644602258469785361e-01	1.582433140478841094e-01	7.415063459880255614e-02	3.091656695535218574e-02	8.027238056951307987e-02
1.281525329597284326e+03	2.372969540318745907e-01	1.543572663382725696e-01	2.645882980724065248e-01	1.583202369407455401e-01	7.417865114976802954e-02	3.093663050913465426e-02	8.032196295756771631e-02
1.282976660661381175e+03	2.371152718562341277e-01	1.542368028140886638e-01	2.647161353995851063e-01	1.583970369764639563e-01	7.420661912415763006e-02	3.095666925503805234e-02	8.037146457420205059e-02
1.284427991725477568e+03	2.369339124393116669e-01	1.541165275691138148e-01	2.648437382357578529e-01	1.584737143647780289e-01	7.423453862898646283e-02	3.097668320720946625e-02	8.042088555461231192e-02
1.285879322789574417e+03	2.367528751886063543e-01	1.539964403240206559e-01	2.649711069875014813e-01	1.585502693149818676e-01	7.426240977098359786e-02	3.099667237988331173e-02	8.047022603379232197e-02
1.287330653853671038e+03	2.365721595127682486e-01	1.538765407998406720e-01	2.650982420607269074e-01	1.586267020359268531e-01	7.429023265659306929e-02	3.101663678738071292e-02	8.051948614653307856e-02
1.288781984917767431e+03	2.363917648215958789e-01	1.537568287179639781e-01	2.652251438606803569e-01	1.587030127360233855e-01	7.431800739197472194e-02	3.103657644410889177e-02	8.056866602742243644e-02
1.290233315981864052e+03	2.362116905260336630e-01	1.536373038001389024e-01	2.653518127919440306e-01	1.587792016232425496e-01	7.434573408300509945e-02	3.105649136456054352e-02	8.061776581084485749e-02
