1.001418434226643626e+03	2.792164162660948357e-01	1.814652320518666817e-01	2.350001341742013194e-01	1.409225565444085781e-01	6.771757680485626651e-02	2.659701462681306888e-02	6.908106953152756691e-02
1.003837319333471214e+03	2.787892908749420862e-01	1.811941340194094252e-01	2.353027860379179603e-01	1.410977197797033678e-01	6.778357169944743132e-02	2.663854670516456469e-02	6.919395088318350262e-02
1.006256204440298802e+03	2.783634485861615770e-01	1.809237271702564265e-01	2.356045321385609181e-01	1.412723966970764466e-01	6.784935576110956434e-02	2.668000844342575256e-02	6.930653120317754878e-02
1.008675089547126618e+03	2.779388853465993847e-01	1.806540099011796074e-01	2.359053750400067206e-01	1.414465890080907340e-01	6.791492985526902115e-02	2.672139975571996562e-02	6.941881109290273799e-02
1.011093974653954206e+03	2.775155971172070801e-01	1.803849806116600285e-01	2.362053172991905592e-01	1.416202984114235675e-01	6.798029484299158987e-02	2.676272055848002290e-02	6.953079115881534433e-02
1.013512859760782021e+03	2.770935798729805555e-01	1.801166377038902477e-01	2.365043614661279381e-01	1.417935265930899413e-01	6.804545158100848423e-02	2.680397077042499104e-02	6.964247201224603445e-02
1.015931744867609382e+03	2.766728296028992395e-01	1.798489795827768190e-01	2.368025100839364350e-01	1.419662752266605543e-01	6.811040092174203142e-02	2.684515031253714712e-02	6.975385426921588972e-02
1.018350629974437197e+03	2.762533423098660346e-01	1.795820046559425398e-01	2.370997656888570171e-01	1.421385459734748613e-01	6.817514371333123491e-02	2.688625910803922950e-02	6.986493855025716071e-02
1.020769515081264785e+03	2.758351140106470312e-01	1.793157113337287278e-01	2.373961308102753021e-01	1.423103404828493235e-01	6.823968079965710143e-02	2.692729708237185868e-02	6.997572548023869854e-02
1.023188400188092373e+03	2.754181407358125000e-01	1.790500980291973576e-01	2.376916079707425133e-01	1.424816603922807456e-01	6.830401302036789857e-02	2.696826416317123221e-02	7.008621568819584091e-02
1.025607285294920075e+03	2.750024185296774393e-01	1.787851631581332534e-01	2.379861996859962969e-01	1.426525073276451172e-01	6.836814121090413476e-02	2.700916028024700349e-02	7.019640980716482237e-02
1.028026170401747549e+03	2.745879434502432326e-01	1.785209051390460877e-01	2.382799084649815657e-01	1.428228829033918734e-01	6.843206620252345607e-02	2.704998536556041389e-02	7.030630847402133399e-02
1.030445055508575479e+03	2.741747115691395287e-01	1.782573223931724071e-01	2.385727368098709000e-01	1.429927887227336603e-01	6.849578882232532084e-02	2.709073935320263291e-02	7.041591232932348232e-02
1.032863940615402726e+03	2.737627189715662879e-01	1.779944133444775201e-01	2.388646872160848089e-01	1.431622263778319359e-01	6.855930989327550795e-02	2.713142217937330319e-02	7.052522201715859251e-02
1.035282825722230655e+03	2.733519617562362725e-01	1.777321764196573839e-01	2.391557621723120197e-01	1.433311974499782426e-01	6.862263023423043062e-02	2.717203378235931097e-02	7.063423818499427187e-02
1.037701710829058356e+03	2.729424360353183143e-01	1.774706100481403537e-01	2.394459641605295175e-01	1.434997035097713980e-01	6.868575065996140872e-02	2.721257410251375769e-02	7.074296148353313718e-02
1.040120595935886058e+03	2.725341379343805825e-01	1.772097126620890140e-01	2.397352956560223347e-01	1.436677461172907178e-01	6.874867198117863565e-02	2.725304308223513647e-02	7.085139256657146944e-02
1.042539481042713533e+03	2.721270635923343506e-01	1.769494826964017054e-01	2.400237591274032023e-01	1.438353268222652970e-01	6.881139500455503433e-02	2.729344066594672699e-02	7.095953209086149072e-02
1.044958366149541234e+03	2.717212091613782077e-01	1.766899185887143287e-01	2.403113570366323115e-01	1.440024471642393777e-01	6.887392053274998815e-02	2.733376680007617437e-02	7.106738071597736017e-02
1.047377251256368709e+03	2.713165708069425475e-01	1.764310187794017049e-01	2.405980918390365764e-01	1.441691086727341919e-01	6.893624936443286388e-02	2.737402143303528310e-02	7.117493910418455638e-02
1.049796136363196410e+03	2.709131447076343902e-01	1.761727817115791850e-01	2.408839659833288960e-01	1.443353128674060293e-01	6.899838229430636793e-02	2.741420451519999482e-02	7.128220792031281228e-02
1.052215021470024112e+03	2.705109270551827594e-01	1.759152058311040656e-01	2.411689819116273892e-01	1.445010612582008080e-01	6.906032011312980556e-02	2.745431599889056745e-02	7.138918783163232529e-02
1.054633906576851814e+03	2.701099140543842259e-01	1.756582895865768934e-01	2.414531420594742683e-01	1.446663553455050100e-01	6.912206360774214575e-02	2.749435583835194499e-02	7.149587950773322875e-02
1.057052791683679516e+03	2.697101019230488395e-01	1.754020314293428806e-01	2.417364488558548519e-01	1.448311966202936729e-01	6.918361356108490567e-02	2.753432398973431477e-02	7.160228362040828298e-02
1.059471676790506763e+03	2.693114868919465055e-01	1.751464298134931263e-01	2.420189047232161050e-01	1.449955865642744979e-01	6.924497075222496578e-02	2.757422041107385202e-02	7.170840084353870270e-02
1.061890561897334692e+03	2.689140652047535829e-01	1.748914831958657545e-01	2.423005120774854582e-01	1.451595266500292081e-01	6.930613595637707958e-02	2.761404506227365177e-02	7.181423185298292655e-02
1.064309447004162394e+03	2.685178331180002043e-01	1.746371900360471352e-01	2.425812733280890421e-01	1.453230183411516052e-01	6.936710994492642501e-02	2.765379790508483773e-02	7.191977732646837040e-02
1.066728332110990095e+03	2.681227869010170961e-01	1.743835487963729391e-01	2.428611908779703676e-01	1.454860630923824338e-01	6.942789348545086447e-02	2.769347890308787238e-02	7.202503794348606714e-02
1.069147217217817570e+03	2.677289228358834539e-01	1.741305579419291927e-01	2.431402671236082003e-01	1.456486623497414701e-01	6.948848734174310759e-02	2.773308802167400583e-02	7.213001438518816533e-02
1.071566102324645271e+03	2.673362372173750945e-01	1.738782159405532768e-01	2.434185044550348787e-01	1.458108175506565574e-01	6.954889227383272143e-02	2.777262522802693631e-02	7.223470733428807855e-02
1.073984987431472746e+03	2.669447263529126091e-01	1.736265212628346766e-01	2.436959052558543282e-01	1.459725301240898387e-01	6.960910903800801575e-02	2.781209049110463377e-02	7.233911747496335476e-02
1.076403872538300675e+03	2.665543865625100706e-01	1.733754723821161192e-01	2.439724719032598521e-01	1.461338014906611582e-01	6.966913838683770621e-02	2.785148378162132649e-02	7.244324549276115466e-02
1.078822757645127922e+03	2.661652141787239079e-01	1.731250677744942401e-01	2.442482067680519786e-01	1.462946330627688252e-01	6.972898106919256378e-02	2.789080507202966810e-02	7.254709207450618647e-02
1.081241642751955851e+03	2.657772055466022798e-01	1.728753059188203045e-01	2.445231122146561131e-01	1.464550262447076590e-01	6.978863783026675871e-02	2.793005433650306776e-02	7.265065790821120806e-02
1.083660527858783553e+03	2.653903570236344489e-01	1.726261852967010402e-01	2.447971906011400245e-01	1.466149824327844520e-01	6.984810941159924624e-02	2.796923155091819366e-02	7.275394368298998549e-02
1.086079412965611255e+03	2.650046649797008769e-01	1.723777043924992203e-01	2.450704442792314142e-01	1.467745030154309904e-01	6.990739655109483308e-02	2.800833669283762234e-02	7.285695008897245806e-02
1.088498298072438729e+03	2.646201257970232645e-01	1.721298616933342740e-01	2.453428755943352080e-01	1.469335893733144938e-01	6.996649998304521612e-02	2.804736974149267537e-02	7.295967781722224876e-02
1.090917183179266431e+03	2.642367358701150915e-01	1.718826556890828416e-01	2.456144868855508479e-01	1.470922428794457504e-01	7.002542043814988237e-02	2.808633067776639819e-02	7.306212755965649230e-02
1.093336068286093905e+03	2.638544916057323775e-01	1.716360848723793020e-01	2.458852804856893892e-01	1.472504648992848386e-01	7.008415864353678693e-02	2.812521948417670212e-02	7.316430000896781416e-02
1.095754953392921607e+03	2.634733894228246665e-01	1.713901477386162719e-01	2.461552587212906262e-01	1.474082567908445995e-01	7.014271532278300303e-02	2.816403614485965892e-02	7.326619585854833583e-02
1.098173838499749309e+03	2.630934257524864539e-01	1.711448427859449117e-01	2.464244239126399116e-01	1.475656199047918338e-01	7.020109119593513636e-02	2.820278064555296199e-02	7.336781580241588663e-02
1.100592723606577010e+03	2.627145970379087259e-01	1.709001685152753414e-01	2.466927783737853097e-01	1.477225555845463612e-01	7.025928697952969759e-02	2.824145297357953319e-02	7.346916053514215839e-02
1.103011608713404712e+03	2.623368997343308306e-01	1.706561234302769736e-01	2.469603244125540276e-01	1.478790651663778877e-01	7.031730338661325297e-02	2.828005311783127196e-02	7.357023075178283078e-02
1.105430493820231959e+03	2.619603303089928503e-01	1.704127060373786806e-01	2.472270643305694293e-01	1.480351499795008463e-01	7.037514112676251932e-02	2.831858106875297446e-02	7.367102714780972283e-02
1.107849378927059888e+03	2.615848852410879166e-01	1.701699148457691546e-01	2.474930004232673564e-01	1.481908113461672394e-01	7.043280090610427868e-02	2.835703681832638448e-02	7.377155041904465138e-02
1.110268264033887590e+03	2.612105610217149154e-01	1.699277483673968803e-01	2.477581349799128640e-01	1.483460505817574548e-01	7.049028342733516805e-02	2.839542036005439710e-02	7.387180126159524629e-02
1.112687149140715292e+03	2.608373541538315243e-01	1.696862051169705232e-01	2.480224702836165418e-01	1.485008689948690008e-01	7.054758938974139970e-02	2.843373168894539754e-02	7.397178037179252819e-02
1.115106034247542766e+03	2.604652611522074723e-01	1.694452836119587358e-01	2.482860086113508891e-01	1.486552678874036582e-01	7.060471948921823171e-02	2.847197080149777015e-02	7.407148844613015148e-02
1.117524919354370468e+03	2.600942785433780213e-01	1.692049823725903235e-01	2.485487522339665800e-01	1.488092485546526067e-01	7.066167441828943852e-02	2.851013769568451484e-02	7.417092618120542380e-02
1.119943804461197942e+03	2.597244028655977810e-01	1.689652999218542451e-01	2.488107034162086451e-01	1.489628122853796643e-01	7.071845486612657328e-02	2.854823237093801966e-02	7.427009427366196292e-02
1.122362689568025871e+03	2.593556306687948565e-01	1.687262347854993905e-01	2.490718644167325968e-01	1.491159603619030272e-01	7.077506151856811922e-02	2.858625482813497917e-02	7.436899342013388037e-02
1.124781574674853118e+03	2.589879585145247742e-01	1.684877854920347751e-01	2.493322374881204728e-01	1.492686940601750667e-01	7.083149505813858549e-02	2.862420506958143762e-02	7.446762431719169961e-02
1.127200459781681047e+03	2.586213829759254068e-01	1.682499505727290956e-01	2.495918248768967951e-01	1.494210146498605729e-01	7.088775616406738089e-02	2.866208309899797094e-02	7.456598766128960665e-02
1.129619344888508749e+03	2.582559006376715649e-01	1.680127285616106192e-01	2.498506288235443906e-01	1.495729233944132486e-01	7.094384551230759062e-02	2.869988892150500751e-02	7.466408414871433807e-02
1.132038229995336451e+03	2.578915080959303108e-01	1.677761179954670445e-01	2.501086515625202678e-01	1.497244215511507603e-01	7.099976377555469731e-02	2.873762254360827731e-02	7.476191447553547087e-02
1.134457115102163925e+03	2.575282019583156057e-01	1.675401174138451132e-01	2.503658953222713257e-01	1.498755103713281522e-01	7.105551162326506631e-02	2.877528397318438250e-02	7.485947933755712769e-02
1.136876000208991627e+03	2.571659788438445116e-01	1.673047253590503602e-01	2.506223623252500365e-01	1.500261911002097048e-01	7.111108972167443087e-02	2.881287321946653102e-02	7.495677943027112544e-02
1.139294885315819101e+03	2.568048353828926156e-01	1.670699403761466695e-01	2.508780547879301270e-01	1.501764649771394067e-01	7.116649873381618308e-02	2.885039029303036046e-02	7.505381544881133127e-02
1.141713770422646803e+03	2.564447682171499543e-01	1.668357610129559410e-01	2.511329749208218720e-01	1.503263332356098436e-01	7.122173931953958148e-02	2.888783520577990413e-02	7.515058808790947564e-02
1.144132655529474505e+03	2.560857739995775484e-01	1.666021858200576189e-01	2.513871249284878595e-01	1.504757971033298114e-01	7.127681213552780615e-02	2.892520797093368901e-02	7.524709804185215900e-02
1.146551540636302207e+03	2.557278493943636044e-01	1.663692133507881643e-01	2.516405070095582008e-01	1.506248578022904849e-01	7.133171783531593035e-02	2.896250860301095853e-02	7.534334600443916286e-02
1.148970425743129908e+03	2.553709910768802160e-01	1.661368421612406110e-01	2.518931233567458516e-01	1.507735165488301443e-01	7.138645706930875356e-02	2.899973711781799607e-02	7.543933266894296830e-02
1.151389310849957155e+03	2.550151957336402320e-01	1.659050708102639271e-01	2.521449761568619330e-01	1.509217745536978184e-01	7.144103048479855111e-02	2.903689353243461141e-02	7.553505872806938470e-02
1.153808195956785084e+03	2.546604600622547343e-01	1.656738978594624601e-01	2.523960675908309970e-01	1.510696330221154293e-01	7.149543872598267125e-02	2.907397786520069666e-02	7.563052487391944134e-02
1.156227081063612786e+03	2.543067807713899620e-01	1.654433218731951594e-01	2.526463998337061811e-01	1.512170931538387164e-01	7.154968243398104888e-02	2.911099013570295213e-02	7.572573179795236142e-02
1.158645966170440488e+03	2.539541545807252332e-01	1.652133414185751048e-01	2.528959750546841412e-01	1.513641561432170213e-01	7.160376224685359448e-02	2.914793036476170246e-02	7.582068019094960476e-02
1.161064851277267962e+03	2.536025782209104795e-01	1.649839550654685627e-01	2.531447954171202053e-01	1.515108231792518245e-01	7.165767879961747189e-02	2.918479857441781677e-02	7.591537074298004839e-02
1.163483736384095664e+03	2.532520484335243904e-01	1.647551613864944031e-01	2.533928630785433622e-01	1.516570954456541442e-01	7.171143272426425130e-02	2.922159478791979195e-02	7.600980414336609703e-02
1.165902621490923138e+03	2.529025619710327799e-01	1.645269589570231283e-01	2.536401801906710274e-01	1.518029741209006300e-01	7.176502464977699280e-02	2.925831902971090179e-02	7.610398108065097311e-02
1.168321506597751068e+03	2.525541155967466755e-01	1.642993463551762068e-01	2.538867488994240862e-01	1.519484603782888799e-01	7.181845520214719114e-02	2.929497132541648494e-02	7.619790224256686728e-02
1.170740391704578315e+03	2.522067060847814068e-01	1.640723221618251293e-01	2.541325713449414936e-01	1.520935553859913414e-01	7.187172500439162337e-02	2.933155170183134042e-02	7.629156831600410194e-02
1.173159276811406244e+03	2.518603302200151384e-01	1.638458849605903545e-01	2.543776496615953175e-01	1.522382603071082696e-01	7.192483467656902996e-02	2.936806018690723760e-02	7.638497998698122460e-02
1.175578161918233945e+03	2.515149847980479580e-01	1.636200333378406147e-01	2.546219859780049499e-01	1.523825762997196853e-01	7.197778483579680975e-02	2.940449680974052335e-02	7.647813794061604498e-02
1.177997047025061647e+03	2.511706666251614095e-01	1.633947658826917226e-01	2.548655824170521500e-01	1.525265045169362788e-01	7.203057609626753455e-02	2.944086160055985057e-02	7.657104286109757407e-02
1.180415932131889122e+03	2.508273725182777469e-01	1.631700811870057388e-01	2.551084410958956439e-01	1.526700461069493142e-01	7.208320906926531102e-02	2.947715459071402477e-02	7.666369543165878209e-02
1.182834817238716823e+03	2.504850993049196339e-01	1.629459778453896945e-01	2.553505641259853354e-01	1.528132022130796464e-01	7.213568436318214261e-02	2.951337581265992341e-02	7.675609633455017511e-02
1.185253702345544298e+03	2.501438438231701200e-01	1.627224544551946483e-01	2.555919536130770719e-01	1.529559739738256818e-01	7.218800258353411103e-02	2.954952529995056448e-02	7.684824625101438489e-02
1.187672587452371999e+03	2.498036029216326448e-01	1.624995096165145203e-01	2.558326116572468556e-01	1.530983625229104250e-01	7.224016433297751616e-02	2.958560308722324797e-02	7.694014586126136923e-02
1.190091472559199701e+03	2.494643734593913198e-01	1.622771419321849817e-01	2.560725403529053867e-01	1.532403689893278020e-01	7.229217021132484933e-02	2.962160921018779786e-02	7.703179584444445893e-02
1.192510357666027403e+03	2.491261523059713490e-01	1.620553500077821507e-01	2.563117417888123306e-01	1.533819944973878191e-01	7.234402081556068342e-02	2.965754370561495684e-02	7.712319687863720963e-02
1.194929242772855105e+03	2.487889363412998378e-01	1.618341324516215096e-01	2.565502180480906946e-01	1.535232401667611102e-01	7.239571673985754907e-02	2.969340661132480533e-02	7.721434964081100305e-02
1.197348127879682352e+03	2.484527224556665193e-01	1.616134878747564896e-01	2.567879712082408727e-01	1.536641071125224856e-01	7.244725857559150550e-02	2.972919796617535734e-02	7.730525480681327277e-02
1.199767012986510281e+03	2.481175075496847848e-01	1.613934148909773048e-01	2.570250033411549118e-01	1.538045964451938141e-01	7.249864691135787798e-02	2.976491781005119810e-02	7.739591305134659038e-02
1.202185898093337983e+03	2.477832885342529934e-01	1.611739121168095090e-01	2.572613165131307778e-01	1.539447092707859066e-01	7.254988233298666211e-02	2.980056618385225342e-02	7.748632504794830678e-02
1.204604783200165684e+03	2.474500623305158908e-01	1.609549781715127748e-01	2.574969127848863448e-01	1.540844466908397881e-01	7.260096542355799765e-02	2.983614312948265970e-02	7.757649146897097059e-02
1.207023668306993159e+03	2.471178258698260577e-01	1.607366116770793663e-01	2.577317942115734395e-01	1.542238098024670823e-01	7.265189676341743397e-02	2.987164868983969990e-02	7.766641298556332951e-02
1.209442553413820860e+03	2.467865760937059394e-01	1.605188112582328352e-01	2.579659628427918294e-01	1.543627996983898409e-01	7.270267693019115407e-02	2.990708290880286779e-02	7.775609026765196996e-02
1.211861438520648335e+03	2.464563099538095992e-01	1.603015755424264388e-01	2.581994207226031568e-01	1.545014174669793738e-01	7.275330649880110134e-02	2.994244583122301212e-02	7.784552398392373396e-02
1.214280323627476264e+03	2.461270244118849981e-01	1.600849031598417793e-01	2.584321698895450381e-01	1.546396641922945514e-01	7.280378604147996757e-02	2.997773750291157779e-02	7.793471480180844124e-02
1.216699208734303511e+03	2.457987164397362756e-01	1.598687927433871947e-01	2.586642123766447754e-01	1.547775409541194136e-01	7.285411612778616708e-02	3.001295797062994430e-02	7.802366338746255514e-02
1.219118093841131440e+03	2.454713830191861956e-01	1.596532429286962596e-01	2.588955502114331786e-01	1.549150488280000293e-01	7.290429732461864432e-02	3.004810728207885431e-02	7.811237040575311208e-02
1.221536978947959142e+03	2.451450211420390102e-01	1.594382523541262309e-01	2.591261854159584987e-01	1.550521888852806063e-01	7.295433019623159820e-02	3.008318548588792551e-02	7.820083652024241438e-02
1.223955864054786844e+03	2.448196278100430723e-01	1.592238196607563272e-01	2.593561200067999728e-01	1.551889621931392405e-01	7.300421530424915095e-02	3.011819263160527352e-02	7.828906239317319493e-02
1.226374749161614318e+03	2.444952000348540877e-01	1.590099434923862021e-01	2.595853559950817568e-01	1.553253698146227491e-01	7.305395320767990586e-02	3.015312876968720412e-02	7.837704868545430914e-02
1.228793634268442020e+03	2.441717348379981722e-01	1.587966224955342787e-01	2.598138953864863598e-01	1.554614128086809766e-01	7.310354446293138020e-02	3.018799395148800621e-02	7.846479605664698209e-02
1.231212519375269494e+03	2.438492292508352699e-01	1.585838553194360012e-01	2.600417401812685214e-01	1.555970922302005732e-01	7.315298962382441039e-02	3.022278822924983829e-02	7.855230516495155524e-02
1.233631404482097196e+03	2.435276803145227098e-01	1.583716406160421142e-01	2.602688923742685345e-01	1.557324091300379687e-01	7.320228924160744610e-02	3.025751165609267754e-02	7.863957666719466333e-02
1.236050289588924898e+03	2.432070850799789574e-01	1.581599770400168858e-01	2.604953539549260677e-01	1.558673645550521514e-01	7.325144386497069171e-02	3.029216428600438674e-02	7.872661121881692481e-02
1.238469174695752372e+03	2.428874406078473935e-01	1.579488632487364430e-01	2.607211269072934878e-01	1.560019595481363930e-01	7.330045404006026166e-02	3.032674617383086454e-02	7.881340947386117346e-02
1.240888059802580301e+03	2.425687439684604541e-01	1.577382979022868559e-01	2.609462132100493492e-01	1.561361951482499177e-01	7.334932031049216927e-02	3.036125737526623736e-02	7.889997208496106473e-02
1.243306944909407548e+03	2.422509922418037975e-01	1.575282796634623061e-01	2.611706148365118274e-01	1.562700723904485167e-01	7.339804321736626003e-02	3.039569794684320037e-02	7.898629970333009842e-02
1.245725830016235477e+03	2.419341825174807226e-01	1.573188071977632829e-01	2.613943337546522083e-01	1.564035923059151345e-01	7.344662329928007549e-02	3.043006794592339678e-02	7.907239297875119644e-02
1.248144715123063179e+03	2.416183118946765851e-01	1.571098791733946398e-01	2.616173719271081555e-01	1.565367559219896232e-01	7.349506109234259232e-02	3.046436743068789074e-02	7.915825255956650264e-02
1.250563600229890881e+03	2.413033774821237432e-01	1.569014942612636521e-01	2.618397313111970881e-01	1.566695642621980522e-01	7.354335713018786413e-02	3.049859646012774081e-02	7.924387909266784880e-02
1.252982485336718355e+03	2.409893763980661130e-01	1.566936511349781569e-01	2.620614138589293929e-01	1.568020183462816575e-01	7.359151194398866336e-02	3.053275509403462554e-02	7.932927322348735932e-02
1.255401370443546057e+03	2.406763057702244191e-01	1.564863484708445551e-01	2.622824215170217466e-01	1.569341191902250410e-01	7.363952606246995658e-02	3.056684339299156963e-02	7.941443559598865276e-02
1.257820255550373531e+03	2.403641627357612498e-01	1.562795849478657018e-01	2.625027562269103831e-01	1.570658678062842317e-01	7.368740001192229661e-02	3.060086141836374299e-02	7.949936685265829306e-02
1.260239140657201460e+03	2.400529444412464741e-01	1.560733592477390741e-01	2.627224199247640279e-01	1.571972652030140527e-01	7.373513431621521452e-02	3.063480923228934644e-02	7.958406763449765720e-02
1.262658025764028707e+03	2.397426480426226303e-01	1.558676700548545790e-01	2.629414145414974424e-01	1.573283123852951271e-01	7.378272949681040360e-02	3.066868689767056344e-02	7.966853858101513586e-02
1.265076910870856636e+03	2.394332707051706477e-01	1.556625160562925270e-01	2.631597420027839695e-01	1.574590103543603292e-01	7.383018607277494483e-02	3.070249447816459504e-02	7.975278033021872270e-02
1.267495795977684338e+03	2.391248096034756798e-01	1.554578959418215778e-01	2.633774042290692452e-01	1.575893601078210970e-01	7.387750456079433814e-02	3.073623203817479194e-02	7.983679351860890894e-02
1.269914681084511813e+03	2.388172619213929926e-01	1.552538084038964927e-01	2.635944031355837991e-01	1.577193626396929949e-01	7.392468547518557531e-02	3.076989964284182824e-02	7.992057878117193870e-02
1.272333566191339514e+03	2.385106248520139915e-01	1.550502521376561360e-01	2.638107406323561555e-01	1.578490189404209987e-01	7.397172932791000466e-02	3.080349735803496886e-02	8.000413675137331426e-02
1.274752451298167216e+03	2.382048955976326654e-01	1.548472258409211710e-01	2.640264186242258782e-01	1.579783299969044208e-01	7.401863662858620962e-02	3.083702525034342015e-02	8.008746806115173145e-02
1.277171336404994690e+03	2.379000713697118075e-01	1.546447282141919510e-01	2.642414390108565603e-01	1.581072967925214179e-01	7.406540788450277635e-02	3.087048338706773962e-02	8.017057334091323706e-02
1.279590221511822392e+03	2.375961493888496534e-01	1.544427579606462986e-01	2.644558036867484252e-01	1.582359203071531106e-01	7.411204360063093632e-02	3.090387183621133224e-02	8.025345321952565003e-02
1.282009106618650094e+03	2.372931268847466024e-01	1.542413137861371741e-01	2.646695145412517047e-01	1.583642015172072315e-01	7.415854427963723683e-02	3.093719066647200935e-02	8.033610832431341275e-02
1.284427991725477568e+03	2.369910010961720492e-01	1.540403943991905389e-01	2.648825734585789626e-01	1.584921413956416059e-01	7.420491042189605868e-02	3.097043994723362378e-02	8.041853928105253957e-02
1.286846876832305497e+03	2.366897692709312995e-01	1.538399985110029677e-01	2.650949823178181952e-01	1.586197409119870783e-01	7.425114252550199523e-02	3.100361974855778482e-02	8.050074671396598158e-02
1.289265761939132744e+03	2.363894286658327903e-01	1.536401248354393179e-01	2.653067429929456544e-01	1.587470010323702996e-01	7.429724108628234236e-02	3.103673014117563911e-02	8.058273124571924129e-02
1.291684647045960673e+03	2.360899765466553113e-01	1.534407720890304805e-01	2.655178573528384489e-01	1.588739227195358483e-01	7.434320659780931095e-02	3.106977119647971394e-02	8.066449349741615371e-02
1.294103532152788375e+03	2.357914101881155022e-01	1.532419389909710217e-01	2.657283272612872005e-01	1.590005069328684073e-01	7.438903955141230873e-02	3.110274298651583696e-02	8.074603408859497289e-02
1.296522417259616077e+03	2.354937268738354073e-01	1.530436242631166566e-01	2.659381545770088673e-01	1.591267546284142742e-01	7.443474043619005553e-02	3.113564558397513907e-02	8.082735363722476363e-02
1.298941302366443551e+03	2.351969238963100561e-01	1.528458266299820567e-01	2.661473411536595113e-01	1.592526667589027611e-01	7.448030973902265706e-02	3.116847906218610242e-02	8.090845275970198758e-02
1.301360187473271253e+03	2.349009985568755177e-01	1.526485448187383243e-01	2.663558888398465108e-01	1.593782442737672334e-01	7.452574794458362295e-02	3.120124349510669873e-02	8.098933207084721420e-02
1.303779072580098727e+03	2.346059481656766754e-01	1.524517775592104385e-01	2.665637994791416054e-01	1.595034881191657872e-01	7.457105553535178788e-02	3.123393895731657946e-02	8.106999218390223416e-02
1.306197957686926657e+03	2.343117700416354754e-01	1.522555235838750354e-01	2.667710749100931089e-01	1.596283992380016781e-01	7.461623299162316314e-02	3.126656552400933209e-02	8.115043371052732546e-02
1.308616842793753904e+03	2.340184615124192291e-01	1.520597816278576875e-01	2.669777169662386762e-01	1.597529785699433602e-01	7.466128079152270502e-02	3.129912327098480912e-02	8.123065726079867210e-02
1.311035727900581833e+03	2.337260199144088335e-01	1.518645504289305448e-01	2.671837274761176828e-01	1.598772270514444427e-01	7.470619941101606931e-02	3.133161227464154736e-02	8.131066344320604655e-02
1.313454613007409534e+03	2.334344425926674627e-01	1.516698287275096979e-01	2.673891082632837146e-01	1.600011456157631462e-01	7.475098932392117146e-02	3.136403261196921144e-02	8.139045286465074192e-02
1.315873498114237009e+03	2.331437269009092039e-01	1.514756152666527356e-01	2.675938611463171135e-01	1.601247351929815932e-01	7.479565100191980231e-02	3.139638436054111720e-02	8.147002613044355968e-02
1.318292383221064711e+03	2.328538702014678607e-01	1.512819087920561079e-01	2.677979879388371343e-01	1.602479967100249036e-01	7.484018491456911892e-02	3.142866759850682784e-02	8.154938384430314435e-02
1.320711268327892412e+03	2.325648698652658386e-01	1.510887080520525727e-01	2.680014904495146566e-01	1.603709310906797636e-01	7.488459152931310758e-02	3.146088240458481261e-02	8.162852660835440144e-02
1.323130153434719887e+03	2.322767232717832253e-01	1.508960117976085591e-01	2.682043704820841756e-01	1.604935392556130214e-01	7.492887131149382485e-02	3.149302885805514707e-02	8.170745502312712349e-02
1.325549038541547588e+03	2.319894278090270934e-01	1.507038187823215580e-01	2.684066298353565694e-01	1.606158221223898952e-01	7.497302472436276344e-02	3.152510703875232440e-02	8.178616968755483829e-02
1.327967923648375290e+03	2.317029808735007745e-01	1.505121277624174581e-01	2.686082703032308672e-01	1.607377806054919589e-01	7.501705222909210713e-02	3.155711702705807364e-02	8.186467119897375411e-02
1.330386808755202765e+03	2.314173798701731899e-01	1.503209374967479084e-01	2.688092936747070727e-01	1.608594156163349054e-01	7.506095428478576359e-02	3.158905890389426818e-02	8.194296015312187154e-02
1.332805693862030694e+03	2.311326222124486796e-01	1.501302467467875434e-01	2.690097017338979879e-01	1.609807280632859217e-01	7.510473134849056376e-02	3.162093275071589660e-02	8.202103714413838675e-02
1.335224578968857941e+03	2.308487053221365548e-01	1.499400542766314848e-01	2.692094962600414809e-01	1.611017188516811471e-01	7.514838387520718366e-02	3.165273864950409605e-02	8.209890276456303926e-02
1.337643464075685870e+03	2.305656266294209278e-01	1.497503588529923990e-01	2.694086790275129206e-01	1.612223888838425490e-01	7.519191231790112173e-02	3.168447668275922724e-02	8.217655760533577880e-02
1.340062349182513572e+03	2.302833835728309020e-01	1.495611592451978611e-01	2.696072518058370560e-01	1.613427390590949084e-01	7.523531712751357903e-02	3.171614693349403269e-02	8.225400225579655722e-02
1.342481234289341273e+03	2.300019735992104297e-01	1.493724542251875786e-01	2.698052163597002284e-01	1.614627702737822523e-01	7.527859875297229775e-02	3.174774948522682966e-02	8.233123730368518967e-02
1.344900119396168748e+03	2.297213941636886692e-01	1.491842425675106998e-01	2.700025744489625845e-01	1.615824834212843952e-01	7.532175764120227490e-02	3.177928442197478637e-02	8.240826333514142399e-02
1.347319004502996449e+03	2.294416427296502858e-01	1.489965230493228154e-01	2.701993278286699551e-01	1.617018793920329822e-01	7.536479423713640657e-02	3.181075182824722597e-02	8.248508093470509339e-02
1.349737889609823924e+03	2.291627167687060040e-01	1.488092944503833226e-01	2.703954782490662345e-01	1.618209590735275871e-01	7.540770898372618769e-02	3.184215178903904847e-02	8.256169068531646338e-02
1.352156774716651853e+03	2.288846137606630748e-01	1.486225555530525377e-01	2.705910274556047601e-01	1.619397233503514222e-01	7.545050232195220363e-02	3.187348438982411797e-02	8.263809316831664809e-02
1.354575659823479100e+03	2.286073311934961882e-01	1.484363051422888657e-01	2.707859771889610245e-01	1.620581731041869367e-01	7.549317469083463572e-02	3.190474971654879560e-02	8.271428896344819315e-02
1.356994544930307029e+03	2.283308665633182188e-01	1.482505420056459688e-01	2.709803291850443330e-01	1.621763092138312212e-01	7.553572652744371119e-02	3.193594785562546556e-02	8.279027864885574184e-02
1.359413430037134731e+03	2.280552173743510824e-01	1.480652649332698245e-01	2.711740851750095715e-01	1.622941325552111902e-01	7.557815826691000050e-02	3.196707889392616520e-02	8.286606280108686773e-02
1.361832315143962205e+03	2.277803811388970090e-01	1.478804727178958667e-01	2.713672468852692532e-01	1.624116440013985974e-01	7.562047034243474242e-02	3.199814291877622896e-02	8.294164199509296287e-02
1.364251200250789907e+03	2.275063553773096492e-01	1.476961641548460713e-01	2.715598160375055636e-01	1.625288444226249407e-01	7.566266318530014134e-02	3.202914001794802262e-02	8.301701680423027863e-02
1.366670085357617609e+03	2.272331376179654860e-01	1.475123380420260144e-01	2.717517943486819632e-01	1.626457346862959785e-01	7.570473722487945645e-02	3.206007027965469131e-02	8.309218780026107753e-02
1.369088970464445310e+03	2.269607253972351912e-01	1.473289931799219576e-01	2.719431835310552326e-01	1.627623156570063012e-01	7.574669288864714634e-02	3.209093379254400469e-02	8.316715555335481291e-02
1.371507855571272785e+03	2.266891162594552311e-01	1.471461283715977952e-01	2.721339852921870750e-01	1.628785881965537363e-01	7.578853060218894433e-02	3.212173064569224384e-02	8.324192063208954440e-02
1.373926740678100487e+03	2.264183077568995839e-01	1.469637424226922784e-01	2.723242013349561064e-01	1.629945531639533929e-01	7.583025078921178108e-02	3.215246092859810195e-02	8.331648360345333959e-02
1.376345625784927961e+03	2.261482974497514564e-01	1.467818341414158234e-01	2.725138333575694016e-01	1.631102114154516225e-01	7.587185387155376270e-02	3.218312473117670297e-02	8.339084503284578676e-02
1.378764510891755890e+03	2.258790829060753624e-01	1.466004023385475974e-01	2.727028830535743742e-01	1.632255638045398971e-01	7.591334026919406563e-02	3.221372214375362725e-02	8.346500548407964626e-02
1.381183395998583137e+03	2.256106617017888394e-01	1.464194458274324928e-01	2.728913521118703778e-01	1.633406111819685480e-01	7.595471040026272047e-02	3.224425325705900652e-02	8.353896551938255755e-02
1.383602281105411066e+03	2.253430314206349983e-01	1.462389634239780745e-01	2.730792422167204192e-01	1.634553543957601995e-01	7.599596468105032643e-02	3.227471816222163281e-02	8.361272569939885713e-02
1.386021166212238768e+03	2.250761896541544627e-01	1.460589539466516373e-01	2.732665550477628713e-01	1.635697942912231195e-01	7.603710352601776579e-02	3.230511695076321299e-02	8.368628658319142433e-02
1.388440051319066470e+03	2.248101340016579741e-01	1.458794162164769592e-01	2.734532922800229082e-01	1.636839317109645142e-01	7.607812734780590447e-02	3.233544971459255402e-02	8.375964872824367968e-02
1.390858936425893944e+03	2.245448620701986919e-01	1.457003490570313031e-01	2.736394555839243292e-01	1.637977674949035456e-01	7.611903655724507056e-02	3.236571654599987996e-02	8.383281269046161110e-02
1.393277821532721646e+03	2.242803714745449373e-01	1.455217512944423364e-01	2.738250466253010496e-01	1.639113024802842933e-01	7.615983156336463000e-02	3.239591753765117682e-02	8.390577902417591105e-02
1.395696706639549120e+03	2.240166598371529094e-01	1.453436217573850775e-01	2.740100670654085913e-01	1.640245375016885776e-01	7.620051277340240958e-02	3.242605278258258589e-02	8.397854828214414147e-02
1.398115591746377049e+03	2.237537247881392632e-01	1.451659592770787321e-01	2.741945185609356295e-01	1.641374733910485884e-01	7.624108059281416161e-02	3.245612237419483181e-02	8.405112101555302362e-02
1.400534476853204296e+03	2.234915639652544084e-01	1.449887626872834734e-01	2.743784027640156498e-01	1.642501109776593471e-01	7.628153542528284814e-02	3.248612640624772702e-02	8.412349777402081119e-02
1.402953361960032225e+03	2.232301750138553087e-01	1.448120308242974719e-01	2.745617213222379949e-01	1.643624510881912526e-01	7.632187767272796686e-02	3.251606497285471076e-02	8.419567910559962176e-02
1.405372247066859927e+03	2.229695555868786983e-01	1.446357625269535097e-01	2.747444758786596886e-01	1.644744945467022379e-01	7.636210773531477980e-02	3.254593816847741600e-02	8.426766555677792092e-02
1.407791132173687402e+03	2.227097033448144359e-01	1.444599566366160381e-01	2.749266680718169820e-01	1.645862421746498439e-01	7.640222601146348658e-02	3.257574608792032644e-02	8.433945767248310355e-02
1.410210017280515103e+03	2.224506159556787765e-01	1.442846119971778196e-01	2.751082995357362337e-01	1.646976947909034594e-01	7.644223289785838371e-02	3.260548882632543360e-02	8.441105599608404730e-02
1.412628902387342805e+03	2.221922910949878649e-01	1.441097274550568463e-01	2.752893718999457895e-01	1.648088532117560623e-01	7.648212878945687132e-02	3.263516647916700486e-02	8.448246106939373556e-02
1.415047787494170507e+03	2.219347264457312841e-01	1.439353018591930933e-01	2.754698867894869174e-01	1.649197182509359594e-01	7.652191407949854307e-02	3.266477914224628909e-02	8.455367343267203295e-02
1.417466672600997981e+03	2.216779196983458822e-01	1.437613340610452428e-01	2.756498458249255212e-01	1.650302907196185553e-01	7.656158915951408184e-02	3.269432691168639576e-02	8.462469362462839151e-02
1.419885557707825683e+03	2.214218685506894879e-01	1.435878229145874374e-01	2.758292506223631868e-01	1.651405714264378155e-01	7.660115441933423863e-02	3.272380988392715323e-02	8.469552218242469566e-02
1.422304442814653157e+03	2.211665707080148202e-01	1.434147672763061709e-01	2.760081027934485065e-01	1.652505611774977567e-01	7.664061024709864500e-02	3.275322815571999474e-02	8.476615964167812101e-02
1.424723327921481086e+03	2.209120238829435090e-01	1.432421660051968748e-01	2.761864039453883479e-01	1.653602607763837162e-01	7.667995702926459767e-02	3.278258182412291388e-02	8.483660653646407646e-02
1.427142213028308333e+03	2.206582257954401993e-01	1.430700179627607260e-01	2.763641556809590671e-01	1.654696710241736479e-01	7.671919515061585704e-02	3.281187098649548245e-02	8.490686339931909077e-02
1.429561098135136262e+03	2.204051741727868219e-01	1.428983220130013443e-01	2.765413595985176110e-01	1.655787927194491138e-01	7.675832499427130695e-02	3.284109574049390301e-02	8.497693076124390732e-02
1.431979983241963964e+03	2.201528667495568914e-01	1.427270770224215168e-01	2.767180172920130632e-01	1.656876266583063584e-01	7.679734694169362830e-02	3.287025618406604066e-02	8.504680915170653721e-02
1.434398868348791666e+03	2.199013012675898604e-01	1.425562818600198400e-01	2.768941303509973029e-01	1.657961736343671888e-01	7.683626137269790324e-02	3.289935241544663519e-02	8.511649909864531238e-02
1.436817753455619140e+03	2.196504754759657785e-01	1.423859353972873887e-01	2.770697003606364950e-01	1.659044344387897996e-01	7.687506866546009454e-02	3.292838453315240221e-02	8.518600112847200811e-02
1.439236638562446842e+03	2.194003871309798681e-01	1.422160365082045241e-01	2.772447289017220262e-01	1.660124098602794585e-01	7.691376919652562205e-02	3.295735263597729392e-02	8.525531576607513207e-02
1.441655523669274316e+03	2.191510339961172671e-01	1.420465840692374526e-01	2.774192175506816627e-01	1.661201006850990813e-01	7.695236334081775875e-02	3.298625682298774592e-02	8.532444353482301902e-02
1.444074408776102018e+03	2.189024138420277987e-01	1.418775769593347835e-01	2.775931678795904300e-01	1.662275076970798071e-01	7.699085147164602683e-02	3.301509719351797267e-02	8.539338495656716155e-02
1.446493293882929493e+03	2.186545244465010196e-01	1.417090140599243375e-01	2.777665814561818824e-01	1.663346316776313227e-01	7.702923396071455209e-02	3.304387384716529763e-02	8.546214055164549905e-02
1.448912178989757422e+03	2.184073635944411562e-01	1.415408942549097326e-01	2.779394598438590935e-01	1.664414734057522161e-01	7.706751117813033514e-02	3.307258688378558742e-02	8.553071083888570680e-02
1.451331064096585123e+03	2.181609290778424026e-01	1.413732164306668870e-01	2.781118046017055367e-01	1.665480336580402732e-01	7.710568349241152253e-02	3.310123640348860280e-02	8.559909633560856823e-02
1.453749949203412370e+03	2.179152186957638848e-01	1.412059794760407438e-01	2.782836172844960210e-01	1.666543132087025814e-01	7.714375127049559466e-02	3.312982250663354389e-02	8.566729755763141663e-02
1.456168834310240300e+03	2.176702302543052081e-01	1.410391822823418573e-01	2.784548994427076263e-01	1.667603128295655213e-01	7.718171487774748429e-02	3.315834529382447743e-02	8.573531501927149356e-02
1.458587719417068001e+03	2.174259615665818657e-01	1.408728237433429509e-01	2.786256526225309726e-01	1.668660332900847865e-01	7.721957467796773666e-02	3.318680486590595141e-02	8.580314923334943222e-02
1.461006604523895703e+03	2.171824104527006749e-01	1.407069027552755036e-01	2.787958783658804340e-01	1.669714753573552646e-01	7.725733103340048924e-02	3.321520132395854030e-02	8.587080071119274072e-02
1.463425489630723177e+03	2.169395747397355467e-01	1.405414182168262804e-01	2.789655782104056292e-01	1.670766397961208904e-01	7.729498430474150694e-02	3.324353476929447354e-02	8.593826996263927154e-02
1.465844374737550879e+03	2.166974522617030330e-01	1.403763690291339461e-01	2.791347536895020243e-01	1.671815273687842773e-01	7.733253485114614800e-02	3.327180530345332649e-02	8.600555749604080202e-02
1.468263259844378354e+03	2.164560408595383179e-01	1.402117540957856234e-01	2.793034063323217575e-01	1.672861388354163759e-01	7.736998303023724655e-02	3.330001302819769055e-02	8.607266381826660095e-02
1.470682144951206283e+03	2.162153383810709317e-01	1.400475723228133407e-01	2.794715376637842974e-01	1.673904749537661052e-01	7.740732919811299517e-02	3.332815804550894045e-02	8.613958943470693963e-02
1.473101030058033530e+03	2.159753426810010202e-01	1.398838226186906453e-01	2.796391492045874894e-01	1.674945364792697899e-01	7.744457370935474427e-02	3.335624045758298767e-02	8.620633484927676948e-02
1.475519915164861459e+03	2.157360516208752799e-01	1.397205038943291067e-01	2.798062424712182694e-01	1.675983241650605415e-01	7.748171691703480135e-02	3.338426036682612397e-02	8.627290056441931643e-02
1.477938800271689161e+03	2.154974630690630888e-01	1.395576150630748746e-01	2.799728189759631003e-01	1.677018387619776119e-01	7.751875917272411931e-02	3.341221787585086506e-02	8.633928708110973071e-02
1.480357685378516862e+03	2.152595749007329973e-01	1.393951550407050710e-01	2.801388802269190181e-01	1.678050810185756914e-01	7.755570082649995700e-02	3.344011308747184968e-02	8.640549489885879231e-02
1.482776570485344337e+03	2.150223849978290247e-01	1.392331227454243481e-01	2.803044277280041241e-01	1.679080516811340129e-01	7.759254222695358139e-02	3.346794610470175957e-02	8.647152451571650522e-02
