1.001418434226643626e+03	2.791988698196546936e-01	1.814758743833828625e-01	2.349981525393219361e-01	1.409178155987888814e-01	6.772271730014250979e-02	2.659655428511146016e-02	6.909001607336544282e-02
1.002869765290740247e+03	2.789423139030919319e-01	1.813132111973171645e-01	2.351798914284482511e-01	1.410229070778355742e-01	6.776234237813712202e-02	2.662148103608896060e-02	6.915785297884873006e-02
1.004321096354836754e+03	2.786862205925069724e-01	1.811507971163264230e-01	2.353613044096582452e-01	1.411278229573289522e-01	6.780189123681215624e-02	2.664638237867085133e-02	6.922558130846413749e-02
1.005772427418933376e+03	2.784305890119144755e-01	1.809886317921545751e-01	2.355423920363601265e-01	1.412325636111866900e-01	6.784136406466539926e-02	2.667125829409885268e-02	6.929320118938757378e-02
1.007223758483029997e+03	2.781754182871536418e-01	1.808267148769071020e-01	2.357231548610498051e-01	1.413371294116179677e-01	6.788076104962166568e-02	2.669610876391784529e-02	6.936071274949957843e-02
1.008675089547126618e+03	2.779207075458835496e-01	1.806650460230511956e-01	2.359035934353127806e-01	1.414415207291411514e-01	6.792008237903483792e-02	2.672093376997405553e-02	6.942811611737000066e-02
1.010126420611223239e+03	2.776664559175783253e-01	1.805036248834158974e-01	2.360837083098260292e-01	1.415457379326013065e-01	6.795932823968992009e-02	2.674573329441320285e-02	6.949541142224291423e-02
1.011577751675319632e+03	2.774126625335224805e-01	1.803424511111920980e-01	2.362635000343599467e-01	1.416497813891875179e-01	6.799849881780506422e-02	2.677050731967871300e-02	6.956259879402174051e-02
1.013029082739416367e+03	2.771593265268062489e-01	1.801815243599328709e-01	2.364429691577802362e-01	1.417536514644500145e-01	6.803759429903362410e-02	2.679525582850989310e-02	6.962967836325463511e-02
1.014480413803512761e+03	2.769064470323209237e-01	1.800208442835534717e-01	2.366221162280497392e-01	1.418573485223168784e-01	6.807661486846616761e-02	2.681997880394015529e-02	6.969665026112013828e-02
1.015931744867609382e+03	2.766540231867541944e-01	1.798604105363314776e-01	2.368009417922304072e-01	1.419608729251107537e-01	6.811556071063248896e-02	2.684467622929523345e-02	6.976351461941290855e-02
1.017383075931706003e+03	2.764020541285855392e-01	1.797002227729069535e-01	2.369794463964849385e-01	1.420642250335651668e-01	6.815443200950359326e-02	2.686934808819141027e-02	6.983027157052984490e-02
1.018834406995802851e+03	2.761505389980815628e-01	1.795402806482825353e-01	2.371576305860789158e-01	1.421674052068406247e-01	6.819322894849373651e-02	2.689399436453375133e-02	6.989692124745633395e-02
1.020285738059899245e+03	2.758994769372914990e-01	1.793805838178235412e-01	2.373354949053823326e-01	1.422704138025406850e-01	6.823195171046235463e-02	2.691861504251437040e-02	6.996346378375264963e-02
1.021737069123995752e+03	2.756488670900427151e-01	1.792211319372581102e-01	2.375130398978716195e-01	1.423732511767275000e-01	6.827060047771611739e-02	2.694321010661068078e-02	7.002989931354071385e-02
1.023188400188092373e+03	2.753987086019358266e-01	1.790619246626773131e-01	2.376902661061314481e-01	1.424759176839374419e-01	6.830917543201082964e-02	2.696777954158367449e-02	7.009622797149095419e-02
1.024639731252188767e+03	2.751490006203406447e-01	1.789029616505352360e-01	2.378671740718563687e-01	1.425784136771962585e-01	6.834767675455344360e-02	2.699232333247619103e-02	7.016244989280934208e-02
1.026091062316285615e+03	2.748997422943912916e-01	1.787442425576490912e-01	2.380437643358527811e-01	1.426807395080343099e-01	6.838610462600398787e-02	2.701684146461122774e-02	7.022856521322479173e-02
1.027542393380382237e+03	2.746509327749819818e-01	1.785857670411993003e-01	2.382200374380405994e-01	1.427828955265013355e-01	6.842445922647752421e-02	2.704133392359023627e-02	7.029457406897650362e-02
1.028993724444478858e+03	2.744025712147623586e-01	1.784275347587296612e-01	2.383959939174550291e-01	1.428848820811811360e-01	6.846274073554607653e-02	2.706580069529142263e-02	7.036047659680176591e-02
1.030445055508575479e+03	2.741546567681331648e-01	1.782695453681474029e-01	2.385716343122483707e-01	1.429866995192060619e-01	6.850094933224058769e-02	2.709024176586808524e-02	7.042627293392375587e-02
1.031896386572671872e+03	2.739071885912417459e-01	1.781117985277232696e-01	2.387469591596917129e-01	1.430883481862712803e-01	6.853908519505283459e-02	2.711465712174694620e-02	7.049196321803960497e-02
1.033347717636768493e+03	2.736601658419777205e-01	1.779542938960916032e-01	2.389219689961766535e-01	1.431898284266489296e-01	6.857714850193731559e-02	2.713904674962648242e-02	7.055754758730867215e-02
1.034799048700865114e+03	2.734135876799684284e-01	1.777970311322505104e-01	2.390966643572171313e-01	1.432911405832018870e-01	6.861513943031317952e-02	2.716341063647529849e-02	7.062302618034091428e-02
1.036250379764961508e+03	2.731674532665747113e-01	1.776400098955618345e-01	2.392710457774510358e-01	1.433922849973975344e-01	6.865305815706615467e-02	2.718774876953046135e-02	7.068839913618557569e-02
1.037701710829058356e+03	2.729217617648865835e-01	1.774832298457512669e-01	2.394451137906419558e-01	1.434932620093213318e-01	6.869090485855038064e-02	2.721206113629589390e-02	7.075366659431989169e-02
1.039153041893154750e+03	2.726765123397186796e-01	1.773266906429085410e-01	2.396188689296808449e-01	1.435940719576900559e-01	6.872867971059035130e-02	2.723634772454075828e-02	7.081882869463808350e-02
1.040604372957251599e+03	2.724317041576061471e-01	1.771703919474873767e-01	2.397923117265876869e-01	1.436947151798650679e-01	6.876638288848274660e-02	2.726060852229782172e-02	7.088388557744049190e-02
1.042055704021347992e+03	2.721873363868002049e-01	1.770143334203056196e-01	2.399654427125132994e-01	1.437951920118651361e-01	6.880401456699833385e-02	2.728484351786187798e-02	7.094883738342284973e-02
1.043507035085444613e+03	2.719434081972639805e-01	1.768585147225452681e-01	2.401382624177408609e-01	1.438955027883794258e-01	6.884157492038379955e-02	2.730905269978815136e-02	7.101368425366581805e-02
1.044958366149541234e+03	2.716999187606680688e-01	1.767029355157526127e-01	2.403107713716877147e-01	1.439956478427800446e-01	6.887906412236365072e-02	2.733323605689071817e-02	7.107842632962452223e-02
1.046409697213637855e+03	2.714568672503864799e-01	1.765475954618382637e-01	2.404829701029068123e-01	1.440956275071344772e-01	6.891648234614201896e-02	2.735739357824092458e-02	7.114306375311840736e-02
1.047861028277734476e+03	2.712142528414921427e-01	1.763924942230772064e-01	2.406548591390885172e-01	1.441954421122179641e-01	6.895382976440452005e-02	2.738152525316583930e-02	7.120759666632120455e-02
1.049312359341831097e+03	2.709720747107529637e-01	1.762376314621088569e-01	2.408264390070622707e-01	1.442950919875255478e-01	6.899110654932004427e-02	2.740563107124668538e-02	7.127202521175098060e-02
1.050763690405927491e+03	2.707303320366276078e-01	1.760830068419372008e-01	2.409977102327980070e-01	1.443945774612841182e-01	6.902831287254264370e-02	2.742971102231729630e-02	7.133634953226046516e-02
1.052215021470024112e+03	2.704890239992610024e-01	1.759286200259307653e-01	2.411686733414080130e-01	1.444938988604642094e-01	6.906544890521333635e-02	2.745376509646259636e-02	7.140056977102744729e-02
1.053666352534120733e+03	2.702481497804803956e-01	1.757744706778226751e-01	2.413393288571483719e-01	1.445930565107915733e-01	6.910251481796188255e-02	2.747779328401705329e-02	7.146468607154536634e-02
1.055117683598217127e+03	2.700077085637913044e-01	1.756205584617108184e-01	2.415096773034206279e-01	1.446920507367587816e-01	6.913951078090858904e-02	2.750179557556317600e-02	7.152869857761399996e-02
1.056569014662313975e+03	2.697676995343731288e-01	1.754668830420577641e-01	2.416797192027733687e-01	1.447908818616365501e-01	6.917643696366614081e-02	2.752577196192998454e-02	7.159260743333033250e-02
1.058020345726410369e+03	2.695281218790752664e-01	1.753134440836908170e-01	2.418494550769038354e-01	1.448895502074848962e-01	6.921329353534134976e-02	2.754972243419153560e-02	7.165641278307957607e-02
1.059471676790506763e+03	2.692889747864127825e-01	1.751602412518022123e-01	2.420188854466594763e-01	1.449880560951641584e-01	6.925008066453697264e-02	2.757364698366541328e-02	7.172011477152633041e-02
1.060923007854603611e+03	2.690502574465624130e-01	1.750072742119489211e-01	2.421880108320394465e-01	1.450863998443460423e-01	6.928679851935344580e-02	2.759754560191124764e-02	7.178371354360586765e-02
1.062374338918700232e+03	2.688119690513586235e-01	1.748545426300529004e-01	2.423568317521962168e-01	1.451845817735241684e-01	6.932344726739068930e-02	2.762141828072924368e-02	7.184720924451554191e-02
1.063825669982796853e+03	2.685741087942892236e-01	1.747020461724010654e-01	2.425253487254372953e-01	1.452826022000248407e-01	6.936002707574985549e-02	2.764526501215870680e-02	7.191060201970639332e-02
1.065277001046893474e+03	2.683366758704917587e-01	1.745497845056453168e-01	2.426935622692264205e-01	1.453804614400174555e-01	6.939653811103503600e-02	2.766908578847659950e-02	7.197389201487480737e-02
1.066728332110990095e+03	2.680996694767491251e-01	1.743977572968025413e-01	2.428614729001854211e-01	1.454781598085247984e-01	6.943298053935505199e-02	2.769288060219607037e-02	7.203707937595436872e-02
1.068179663175086489e+03	2.678630888114856279e-01	1.742459642132547226e-01	2.430290811340955759e-01	1.455756976194333419e-01	6.946935452632524433e-02	2.771664944606503159e-02	7.210016424910779820e-02
1.069630994239183110e+03	2.676269330747632069e-01	1.740944049227488577e-01	2.431963874858991681e-01	1.456730751855032091e-01	6.950566023706905572e-02	2.774039231306471218e-02	7.216314678071907018e-02
1.071082325303279504e+03	2.673912014682771621e-01	1.739430790933971516e-01	2.433633924697010675e-01	1.457702928183781665e-01	6.954189783621987642e-02	2.776410919640823899e-02	7.222602711738561332e-02
1.072533656367376352e+03	2.671558931953523230e-01	1.737919863936768228e-01	2.435300965987701460e-01	1.458673508285953935e-01	6.957806748792276508e-02	2.778780008953922118e-02	7.228880540591062220e-02
1.073984987431472746e+03	2.669210074609389971e-01	1.736411264924303255e-01	2.436965003855408041e-01	1.459642495255951133e-01	6.961416935583607246e-02	2.781146498613033813e-02	7.235148179329556339e-02
1.075436318495569594e+03	2.666865434716092498e-01	1.734904990588652940e-01	2.438626043416145528e-01	1.460609892177301972e-01	6.965020360313323167e-02	2.783510388008193087e-02	7.241405642673272303e-02
1.076887649559666215e+03	2.664525004355527971e-01	1.733401037625545149e-01	2.440284089777613463e-01	1.461575702122755449e-01	6.968617039250440959e-02	2.785871676552061776e-02	7.247652945359793486e-02
1.078338980623762609e+03	2.662188775625730086e-01	1.731899402734360105e-01	2.441939148039212193e-01	1.462539928154374391e-01	6.972206988615817225e-02	2.788230363679791365e-02	7.253890102144334995e-02
1.079790311687859230e+03	2.659856740640833550e-01	1.730400082618130109e-01	2.443591223292056192e-01	1.463502573323626765e-01	6.975790224582324728e-02	2.790586448848883169e-02	7.260117127799040060e-02
1.081241642751955851e+03	2.657528891531030224e-01	1.728903073983540373e-01	2.445240320618990160e-01	1.464463640671475331e-01	6.979366763275010599e-02	2.792939931539054066e-02	7.266334037112281985e-02
1.082692973816052472e+03	2.655205220442535818e-01	1.727408373540927633e-01	2.446886445094602625e-01	1.465423133228468677e-01	6.982936620771272584e-02	2.795290811252097718e-02	7.272540844887985523e-02
1.084144304880149093e+03	2.652885719537548259e-01	1.725915978004281814e-01	2.448529601785240650e-01	1.466381054014827823e-01	6.986499813101018641e-02	2.797639087511750999e-02	7.278737565944946863e-02
1.085595635944245487e+03	2.650570380994208275e-01	1.724425884091245198e-01	2.450169795749024548e-01	1.467337406040534475e-01	6.990056356246836244e-02	2.799984759863557993e-02	7.284924215116174440e-02
1.087046967008342108e+03	2.648259197006564425e-01	1.722938088523112699e-01	2.451807032035862866e-01	1.468292192305416244e-01	6.993606266144153372e-02	2.802327827874736763e-02	7.291100807248235283e-02
1.088498298072438729e+03	2.645952159784532021e-01	1.721452588024831865e-01	2.453441315687465984e-01	1.469245415799231569e-01	6.997149558681407810e-02	2.804668291134046129e-02	7.297267357200615256e-02
1.089949629136535123e+03	2.643649261553857044e-01	1.719969379325002878e-01	2.455072651737360001e-01	1.470197079501753545e-01	7.000686249700208141e-02	2.807006149251652788e-02	7.303423879845084843e-02
1.091400960200631971e+03	2.641350494556077289e-01	1.718488459155878001e-01	2.456701045210901990e-01	1.471147186382852079e-01	7.004216354995494720e-02	2.809341401858999471e-02	7.309570390065087131e-02
1.092852291264728365e+03	2.639055851048485168e-01	1.717009824253362404e-01	2.458326501125293884e-01	1.472095739402576042e-01	7.007739890315707598e-02	2.811674048608674842e-02	7.315706902755116092e-02
1.094303622328825213e+03	2.636765323304089415e-01	1.715533471357014172e-01	2.459949024489596070e-01	1.473042741511233211e-01	7.011256871362944731e-02	2.814004089174282700e-02	7.321833432820121224e-02
1.095754953392921607e+03	2.634478903611577327e-01	1.714059397210042635e-01	2.461568620304742661e-01	1.473988195649469923e-01	7.014767313793121573e-02	2.816331523250311872e-02	7.327949995174916353e-02
1.097206284457018228e+03	2.632196584275279805e-01	1.712587598559309754e-01	2.463185293563553979e-01	1.474932104748349904e-01	7.018271233216133442e-02	2.818656350552008541e-02	7.334056604743596774e-02
1.098657615521114849e+03	2.629918357615131375e-01	1.711118072155329572e-01	2.464799049250752383e-01	1.475874471729430315e-01	7.021768645196017899e-02	2.820978570815246833e-02	7.340153276458968867e-02
1.100108946585211470e+03	2.627644215966635222e-01	1.709650814752267933e-01	2.466409892342973365e-01	1.476815299504840029e-01	7.025259565251108784e-02	2.823298183796402530e-02	7.346240025261988049e-02
1.101560277649308091e+03	2.625374151680823220e-01	1.708185823107943035e-01	2.468017827808783315e-01	1.477754590977353455e-01	7.028744008854197201e-02	2.825615189272226088e-02	7.352316866101202275e-02
1.103011608713404712e+03	2.623108157124223738e-01	1.706723093983823492e-01	2.469622860608689241e-01	1.478692349040466869e-01	7.032221991432691111e-02	2.827929587039716697e-02	7.358383813932210804e-02
1.104462939777501106e+03	2.620846224678820557e-01	1.705262624145030270e-01	2.471224995695155413e-01	1.479628576578469468e-01	7.035693528368772154e-02	2.830241376915995644e-02	7.364440883717127129e-02
1.105914270841597499e+03	2.618588346742017903e-01	1.703804410360334476e-01	2.472824238012615583e-01	1.480563276466518308e-01	7.039158634999549691e-02	2.832550558738184537e-02	7.370488090424051619e-02
1.107365601905694348e+03	2.616334515726605470e-01	1.702348449402158459e-01	2.474420592497487970e-01	1.481496451570707695e-01	7.042617326617216233e-02	2.834857132363278673e-02	7.376525449026553882e-02
1.108816932969790741e+03	2.614084724060719567e-01	1.700894738046574983e-01	2.476014064078186916e-01	1.482428104748141906e-01	7.046069618469209817e-02	2.837161097668024906e-02	7.382552974503166221e-02
1.110268264033887590e+03	2.611838964187809808e-01	1.699443273073306671e-01	2.477604657675138156e-01	1.483358238847004573e-01	7.049515525758362489e-02	2.839462454548799183e-02	7.388570681836881260e-02
1.111719595097984211e+03	2.609597228566599703e-01	1.697994051265726556e-01	2.479192378200791580e-01	1.484286856706626689e-01	7.052955063643052969e-02	2.841761202921484417e-02	7.394578586014653732e-02
1.113170926162080832e+03	2.607359509671052789e-01	1.696547069410856978e-01	2.480777230559634561e-01	1.485213961157555163e-01	7.056388247237369016e-02	2.844057342721349399e-02	7.400576702026923082e-02
1.114622257226177226e+03	2.605125799990336000e-01	1.695102324299369301e-01	2.482359219648205551e-01	1.486139555021620262e-01	7.059815091611251758e-02	2.846350873902928069e-02	7.406565044867134684e-02
1.116073588290273847e+03	2.602896092028786357e-01	1.693659812725584191e-01	2.483938350355107405e-01	1.487063641112002510e-01	7.063235611790652513e-02	2.848641796439900162e-02	7.412543629531270772e-02
1.117524919354370468e+03	2.600670378305871555e-01	1.692219531487470230e-01	2.485514627561020706e-01	1.487986222233297073e-01	7.066649822757682664e-02	2.850930110324971511e-02	7.418512471017386922e-02
1.118976250418467089e+03	2.598448651356156103e-01	1.690781477386643639e-01	2.487088056138716252e-01	1.488907301181578713e-01	7.070057739450767709e-02	2.853215815569754704e-02	7.424471584325162410e-02
1.120427581482563710e+03	2.596230903729266903e-01	1.689345647228368552e-01	2.488658640953070600e-01	1.489826880744466731e-01	7.073459376764792972e-02	2.855498912204652504e-02	7.430420984455454736e-02
1.121878912546660331e+03	2.594017127989857729e-01	1.687912037821556188e-01	2.490226386861076058e-01	1.490744963701186587e-01	7.076854749551259038e-02	2.857779400278740237e-02	7.436360686409856924e-02
1.123330243610756725e+03	2.591807316717572585e-01	1.686480645978764570e-01	2.491791298711856228e-01	1.491661552822633463e-01	7.080243872618428858e-02	2.860057279859648180e-02	7.442290705190272859e-02
1.124781574674853118e+03	2.589601462507012952e-01	1.685051468516197692e-01	2.493353381346677389e-01	1.492576650871432764e-01	7.083626760731474847e-02	2.862332551033446373e-02	7.448211055798488467e-02
1.126232905738949967e+03	2.587399557967700603e-01	1.683624502253704969e-01	2.494912639598962922e-01	1.493490260602001185e-01	7.087003428612630163e-02	2.864605213904530129e-02	7.454121753235758152e-02
1.127684236803046360e+03	2.585201595724044843e-01	1.682199744014780951e-01	2.496469078294305255e-01	1.494402384760607494e-01	7.090373890941334412e-02	2.866875268595502763e-02	7.460022812502395406e-02
1.129135567867143209e+03	2.583007568415305322e-01	1.680777190626564777e-01	2.498022702250479454e-01	1.495313026085430541e-01	7.093738162354383536e-02	2.869142715247064226e-02	7.465914248597367575e-02
1.130586898931239830e+03	2.580817468695560946e-01	1.679356838919839612e-01	2.499573516277455443e-01	1.496222187306618934e-01	7.097096257446071366e-02	2.871407554017894534e-02	7.471796076517904506e-02
1.132038229995336451e+03	2.578631289233673241e-01	1.677938685729031543e-01	2.501121525177411598e-01	1.497129871146347657e-01	7.100448190768342271e-02	2.873669785084544473e-02	7.477668311259101641e-02
1.133489561059432845e+03	2.576449022713250270e-01	1.676522727892209574e-01	2.502666733744746685e-01	1.498036080318876084e-01	7.103793976830931334e-02	2.875929408641319726e-02	7.483530967813545320e-02
1.134940892123529466e+03	2.574270661832617213e-01	1.675108962251085076e-01	2.504209146766093186e-01	1.498940817530603764e-01	7.107133630101510058e-02	2.878186424900172277e-02	7.489384061170935303e-02
1.136392223187626087e+03	2.572096199304778619e-01	1.673697385651011504e-01	2.505748769020330613e-01	1.499844085480126488e-01	7.110467165005832091e-02	2.880440834090586960e-02	7.495227606317712843e-02
1.137843554251722708e+03	2.569925627857385653e-01	1.672287994940982181e-01	2.507285605278597451e-01	1.500745886858290967e-01	7.113794595927876163e-02	2.882692636459472171e-02	7.501061618236697093e-02
1.139294885315819101e+03	2.567758940232701126e-01	1.670880786973630294e-01	2.508819660304302812e-01	1.501646224348249237e-01	7.117115937209989029e-02	2.884941832271050235e-02	7.506886111906732606e-02
1.140746216379915950e+03	2.565596129187566188e-01	1.669475758605229732e-01	2.510350938853140312e-01	1.502545100625512775e-01	7.120431203153029798e-02	2.887188421806746383e-02	7.512701102302332679e-02
1.142197547444012343e+03	2.563437187493368130e-01	1.668072906695692303e-01	2.511879445673101396e-01	1.503442518358004687e-01	7.123740408016510095e-02	2.889432405365082585e-02	7.518506604393337955e-02
1.143648878508108737e+03	2.561282107936005414e-01	1.666672228108568021e-01	2.513405185504485884e-01	1.504338480206112161e-01	7.127043566018737009e-02	2.891673783261567571e-02	7.524302633144576424e-02
1.145100209572205586e+03	2.559130883315853255e-01	1.665273719711044542e-01	2.514928163079915846e-01	1.505232988822739204e-01	7.130340691336951864e-02	2.893912555828589278e-02	7.530089203515528962e-02
1.146551540636302207e+03	2.556983506447732535e-01	1.663877378373945504e-01	2.516448383124347266e-01	1.506126046853356326e-01	7.133631798107473165e-02	2.896148723415308684e-02	7.535866330460005980e-02
1.148002871700398828e+03	2.554839970160875384e-01	1.662483200971730801e-01	2.517965850355082247e-01	1.507017656936051608e-01	7.136916900425832599e-02	2.898382286387553644e-02	7.541634028925822686e-02
1.149454202764495449e+03	2.552700267298890768e-01	1.661091184382494645e-01	2.519480569481783450e-01	1.507907821701580664e-01	7.140196012346922139e-02	2.900613245127712028e-02	7.547392313854484058e-02
1.150905533828591842e+03	2.550564390719734509e-01	1.659701325487966117e-01	2.520992545206482971e-01	1.508796543773415488e-01	7.143469147885121717e-02	2.902841600034627295e-02	7.553141200180871206e-02
1.152356864892688463e+03	2.548432333295674312e-01	1.658313621173507224e-01	2.522501782223597333e-01	1.509683825767793586e-01	7.146736321014449111e-02	2.905067351523493019e-02	7.558880702832941612e-02
1.153808195956785084e+03	2.546304087913255354e-01	1.656928068328112902e-01	2.524008285219939696e-01	1.510569670293765709e-01	7.149997545668689003e-02	2.907290500025750193e-02	7.564610836731426591e-02
1.155259527020881706e+03	2.544179647473271411e-01	1.655544663844409070e-01	2.525512058874730958e-01	1.511454079953243601e-01	7.153252835741533144e-02	2.909511045988981068e-02	7.570331616789534313e-02
1.156710858084978327e+03	2.542059004890729890e-01	1.654163404618652633e-01	2.527013107859610863e-01	1.512337057341046342e-01	7.156502205086719137e-02	2.911728989876809573e-02	7.576043057912665302e-02
1.158162189149074720e+03	2.539942153094819077e-01	1.652784287550730646e-01	2.528511436838653537e-01	1.513218605044947263e-01	7.159745667518162271e-02	2.913944332168795850e-02	7.581745174998123782e-02
1.159613520213171569e+03	2.537829085028877052e-01	1.651407309544158930e-01	2.530007050468376373e-01	1.514098725645719734e-01	7.162983236810095689e-02	2.916157073360335639e-02	7.587437982934841507e-02
1.161064851277267962e+03	2.535719793650356713e-01	1.650032467506081235e-01	2.531499953397753355e-01	1.514977421717181583e-01	7.166214926697200838e-02	2.918367213962559312e-02	7.593121496603102982e-02
1.162516182341364356e+03	2.533614271930797468e-01	1.648659758347267856e-01	2.532990150268227270e-01	1.515854695826241161e-01	7.169440750874744861e-02	2.920574754502230225e-02	7.598795730874276233e-02
1.163967513405461204e+03	2.531512512855789709e-01	1.647289178982115909e-01	2.534477645713722471e-01	1.516730550532940092e-01	7.172660722998715210e-02	2.922779695521644100e-02	7.604460700610544965e-02
1.165418844469557826e+03	2.529414509424943724e-01	1.645920726328647943e-01	2.535962444360654877e-01	1.517604988390497955e-01	7.175874856685950098e-02	2.924982037578530494e-02	7.610116420664653214e-02
1.166870175533654447e+03	2.527320254651859721e-01	1.644554397308509719e-01	2.537444550827944734e-01	1.518478011945355310e-01	7.179083165514277276e-02	2.927181781245953573e-02	7.615762905879648603e-02
1.168321506597751068e+03	2.525229741564092856e-01	1.643190188846970767e-01	2.538923969727029384e-01	1.519349623737215604e-01	7.182285663022638933e-02	2.929378927112210804e-02	7.621400171088632547e-02
1.169772837661847461e+03	2.523142963203123257e-01	1.641828097872922443e-01	2.540400705661874925e-01	1.520219826299087917e-01	7.185482362711229087e-02	2.931573475780737889e-02	7.627028231114507673e-02
1.171224168725944082e+03	2.521059912624324939e-01	1.640468121318877925e-01	2.541874763228987311e-01	1.521088622157328596e-01	7.188673278041622650e-02	2.933765427870010239e-02	7.632647100769747450e-02
1.172675499790040703e+03	2.518980582896931941e-01	1.639110256120969167e-01	2.543346147017422898e-01	1.521956013831681775e-01	7.191858422436908649e-02	2.935954784013445132e-02	7.638256794856150556e-02
1.174126830854137097e+03	2.516904967104010016e-01	1.637754499218948001e-01	2.544814861608803991e-01	1.522822003835321014e-01	7.195037809281817909e-02	2.938141544859305260e-02	7.643857328164610498e-02
1.175578161918233945e+03	2.514833058342421657e-01	1.636400847556183924e-01	2.546280911577327721e-01	1.523686594674888706e-01	7.198211451922853499e-02	2.940325711070602283e-02	7.649448715474885252e-02
1.177029492982330339e+03	2.512764849722797234e-01	1.635049298079662983e-01	2.547744301489778262e-01	1.524549788850536325e-01	7.201379363668421185e-02	2.942507283325003151e-02	7.655030971555377983e-02
1.178480824046426733e+03	2.510700334369504461e-01	1.633699847739987221e-01	2.549205035905539041e-01	1.525411588855963285e-01	7.204541557788962658e-02	2.944686262314732614e-02	7.660604111162910845e-02
1.179932155110523581e+03	2.508639505420615090e-01	1.632352493491373291e-01	2.550663119376603838e-01	1.526271997178455242e-01	7.207698047517074880e-02	2.946862648746479546e-02	7.666168149042512647e-02
1.181383486174620202e+03	2.506582356027874936e-01	1.631007232291650788e-01	2.552118556447589004e-01	1.527131016298924060e-01	7.210848846047643312e-02	2.949036443341302924e-02	7.671723099927206524e-02
1.182834817238716823e+03	2.504528879356673343e-01	1.629664061102261696e-01	2.553571351655744559e-01	1.527988648691944173e-01	7.213993966537970981e-02	2.951207646834538845e-02	7.677268978537793442e-02
1.184286148302813444e+03	2.502479068586011546e-01	1.628322976888259555e-01	2.555021509530964741e-01	1.528844896825790889e-01	7.217133422107903373e-02	2.953376259975705811e-02	7.682805799582659301e-02
1.185737479366910065e+03	2.500432916908473246e-01	1.626983976618307515e-01	2.556469034595802436e-01	1.529699763162477022e-01	7.220267225839950564e-02	2.955542283528413486e-02	7.688333577757570925e-02
1.187188810431006686e+03	2.498390417530192142e-01	1.625647057264677509e-01	2.557913931365478621e-01	1.530553250157789258e-01	7.223395390779423220e-02	2.957705718270270401e-02	7.693852327745473452e-02
1.188640141495103080e+03	2.496351563670822504e-01	1.624312215803248305e-01	2.559356204347893460e-01	1.531405360261325344e-01	7.226517929934549167e-02	2.959866564992792021e-02	7.699362064216302981e-02
1.190091472559199701e+03	2.494316348563509200e-01	1.622979449213505232e-01	2.560795858043639628e-01	1.532256095916529337e-01	7.229634856276603849e-02	2.962024824501308801e-02	7.704862801826796448e-02
1.191542803623296322e+03	2.492284765454856610e-01	1.621648754478539622e-01	2.562232896946010641e-01	1.533105459560726025e-01	7.232746182740031060e-02	2.964180497614877369e-02	7.710354555220302886e-02
1.192994134687392716e+03	2.490256807604897538e-01	1.620320128585045205e-01	2.563667325541016395e-01	1.533953453625157837e-01	7.235851922222569232e-02	2.966333585166188586e-02	7.715837339026603015e-02
1.194445465751489564e+03	2.488232468287065180e-01	1.618993568523318383e-01	2.565099148307392052e-01	1.534800080535018152e-01	7.238952087585374950e-02	2.968484088001479074e-02	7.721311167861732994e-02
1.195896796815585958e+03	2.486211740788161484e-01	1.617669071287257121e-01	2.566528369716609692e-01	1.535645342709485162e-01	7.242046691653147850e-02	2.970632006980440665e-02	7.726776056327802622e-02
1.197348127879682352e+03	2.484194618408326616e-01	1.616346633874359284e-01	2.567954994232888311e-01	1.536489242561757118e-01	7.245135747214251354e-02	2.972777342976132969e-02	7.732232019012827418e-02
1.198799458943779200e+03	2.482181094461010373e-01	1.615026253285721525e-01	2.569379026313207137e-01	1.537331782499084254e-01	7.248219267020830636e-02	2.974920096874894213e-02	7.737679070490560695e-02
1.200250790007875821e+03	2.480171162272942209e-01	1.613707926526037340e-01	2.570800470407317295e-01	1.538172964922802644e-01	7.251297263788944458e-02	2.977060269576253457e-02	7.743117225320324259e-02
1.201702121071972442e+03	2.478164815184100422e-01	1.612391650603595683e-01	2.572219330957750683e-01	1.539012792228367510e-01	7.254369750198677580e-02	2.979197861992843865e-02	7.748546498046852971e-02
1.203153452136069063e+03	2.476162046547683848e-01	1.611077422530280967e-01	2.573635612399833295e-01	1.539851266805383478e-01	7.257436738894262884e-02	2.981332875050314926e-02	7.753966903200126826e-02
1.204604783200165684e+03	2.474162849730081049e-01	1.609765239321570007e-01	2.575049319161694661e-01	1.540688391037638716e-01	7.260498242484207665e-02	2.983465309687246408e-02	7.759378455295221078e-02
1.206056114264262078e+03	2.472167218110840892e-01	1.608455097996532024e-01	2.576460455664281168e-01	1.541524167303136017e-01	7.263554273541406037e-02	2.985595166855061627e-02	7.764781168832150804e-02
1.207507445328358699e+03	2.470175145082644796e-01	1.607146995577826698e-01	2.577869026321364387e-01	1.542358597974122780e-01	7.266604844603265223e-02	2.987722447517943830e-02	7.770175058295723802e-02
1.208958776392455093e+03	2.468186624051275369e-01	1.605840929091701674e-01	2.579275035539555505e-01	1.543191685417123760e-01	7.269649968171819354e-02	2.989847152652748072e-02	7.775560138155390710e-02
1.210410107456551941e+03	2.466201648435588367e-01	1.604536895567993116e-01	2.580678487718312542e-01	1.544023431992970208e-01	7.272689656713850204e-02	2.991969283248919337e-02	7.780936422865103452e-02
1.211861438520648335e+03	2.464220211667482729e-01	1.603234892040123205e-01	2.582079387249956448e-01	1.544853840056830685e-01	7.275723922661005150e-02	2.994088840308407190e-02	7.786303926863170910e-02
1.213312769584745183e+03	2.462242307191871982e-01	1.601934915545098204e-01	2.583477738519677214e-01	1.545682911958241590e-01	7.278752778409913748e-02	2.996205824845581123e-02	7.791662664572127084e-02
1.214764100648841804e+03	2.460267928466655374e-01	1.600636963123508727e-01	2.584873545905546632e-01	1.546510650041136026e-01	7.281776236322308471e-02	2.998320237887149020e-02	7.797012650398588152e-02
1.216215431712937971e+03	2.458297068962688736e-01	1.599341031819525860e-01	2.586266813778530516e-01	1.547337056643872388e-01	7.284794308725135725e-02	3.000432080472072507e-02	7.802353898733127568e-02
1.217666762777034819e+03	2.456329722163755336e-01	1.598047118680901713e-01	2.587657546502499240e-01	1.548162134099265175e-01	7.287807007910676593e-02	3.002541353651486111e-02	7.807686423950138677e-02
1.219118093841131440e+03	2.454365881566537844e-01	1.596755220758967198e-01	2.589045748434236072e-01	1.548985884734611629e-01	7.290814346136662016e-02	3.004648058488613299e-02	7.813010240407712581e-02
1.220569424905228061e+03	2.452405540680588913e-01	1.595465335108629812e-01	2.590431423923451604e-01	1.549808310871721995e-01	7.293816335626386593e-02	3.006752196058685989e-02	7.818325362447511861e-02
1.222020755969324682e+03	2.450448693028303704e-01	1.594177458788373081e-01	2.591814577312794299e-01	1.550629414826946162e-01	7.296812988568826541e-02	3.008853767448863709e-02	7.823631804394649836e-02
1.223472087033421303e+03	2.448495332144889347e-01	1.592891588860255447e-01	2.593195212937857708e-01	1.551449198911201421e-01	7.299804317118750718e-02	3.010952773758151721e-02	7.828929580557569823e-02
1.224923418097517697e+03	2.446545451578338581e-01	1.591607722389906943e-01	2.594573335127196012e-01	1.552267665430000776e-01	7.302790333396835809e-02	3.013049216097322958e-02	7.834218705227928570e-02
1.226374749161614318e+03	2.444599044889400052e-01	1.590325856446529185e-01	2.595948948202330686e-01	1.553084816683479863e-01	7.305771049489782898e-02	3.015143095588834060e-02	7.839499192680486617e-02
1.227826080225710712e+03	2.442656105651551113e-01	1.589045988102893159e-01	2.597322056477766039e-01	1.553900654966422767e-01	7.308746477450428491e-02	3.017234413366749746e-02	7.844771057172986173e-02
1.229277411289807560e+03	2.440716627450968679e-01	1.587768114435338107e-01	2.598692664260995322e-01	1.554715182568290610e-01	7.311716629297855541e-02	3.019323170576662316e-02	7.850034312946049808e-02
1.230728742353903954e+03	2.438780603886502030e-01	1.586492232523769030e-01	2.600060775852514605e-01	1.555528401773245140e-01	7.314681517017508627e-02	3.021409368375611512e-02	7.855288974223073595e-02
1.232180073418000802e+03	2.436848028569643387e-01	1.585218339451655578e-01	2.601426395545831105e-01	1.556340314860177043e-01	7.317641152561304985e-02	3.023493007932008883e-02	7.860535055210116084e-02
1.233631404482097196e+03	2.434918895124501548e-01	1.583946432306030938e-01	2.602789527627474842e-01	1.557150924102731204e-01	7.320595547847748297e-02	3.025574090425558332e-02	7.865772570095805327e-02
1.235082735546193817e+03	2.432993197187772461e-01	1.582676508177489616e-01	2.604150176377012516e-01	1.557960231769331405e-01	7.323544714762032781e-02	3.027652617047178057e-02	7.871001533051225074e-02
1.236534066610290438e+03	2.431070928408712584e-01	1.581408564160185770e-01	2.605508346067053060e-01	1.558768240123205584e-01	7.326488665156163926e-02	3.029728588998925609e-02	7.876221958229834286e-02
1.237985397674387059e+03	2.429152082449111405e-01	1.580142597351831824e-01	2.606864040963259854e-01	1.559574951422412203e-01	7.329427410849061186e-02	3.031802007493919135e-02	7.881433859767353334e-02
1.239436728738483680e+03	2.427236652983262299e-01	1.578878604853696521e-01	2.608217265324364598e-01	1.560380367919863287e-01	7.332360963626673167e-02	3.033872873756262439e-02	7.886637251781682123e-02
1.240888059802580301e+03	2.425324633697936161e-01	1.577616583770603542e-01	2.609568023402173975e-01	1.561184491863349677e-01	7.335289335242080322e-02	3.035941189020968656e-02	7.891832148372807110e-02
1.242339390866676695e+03	2.423416018292353091e-01	1.576356531210929834e-01	2.610916319441580757e-01	1.561987325495565182e-01	7.338212537415611525e-02	3.038006954533884266e-02	7.897018563622708320e-02
1.243790721930773088e+03	2.421510800478155756e-01	1.575098444286603117e-01	2.612262157680576014e-01	1.562788871054130169e-01	7.341130581834945379e-02	3.040070171551615200e-02	7.902196511595274697e-02
1.245242052994869937e+03	2.419608973979381628e-01	1.573842320113101045e-01	2.613605542350260214e-01	1.563589130771615987e-01	7.344043480155228176e-02	3.042130841341450509e-02	7.907366006336215281e-02
1.246693384058966330e+03	2.417710532532435785e-01	1.572588155809449550e-01	2.614946477674851000e-01	1.564388106875567175e-01	7.346951243999172432e-02	3.044188965181290896e-02	7.912527061872984269e-02
1.248144715123063179e+03	2.415815469886063716e-01	1.571335948498220336e-01	2.616284967871695954e-01	1.565185801588526160e-01	7.349853884957167904e-02	3.046244544359570997e-02	7.917679692214686649e-02
1.249596046187159800e+03	2.413923779801323832e-01	1.570085695305529494e-01	2.617621017151280927e-01	1.565982217128055465e-01	7.352751414587389844e-02	3.048297580175189300e-02	7.922823911352010195e-02
1.251047377251256421e+03	2.412035456051561111e-01	1.568837393361036670e-01	2.618954629717243354e-01	1.566777355706759911e-01	7.355643844415901689e-02	3.050348073937432861e-02	7.927959733257144981e-02
1.252498708315352815e+03	2.410150492422379609e-01	1.567591039797941177e-01	2.620285809766380591e-01	1.567571219532310489e-01	7.358531185936768859e-02	3.052396026965904785e-02	7.933087171883701494e-02
1.253950039379449436e+03	2.408268882711615544e-01	1.566346631752982277e-01	2.621614561488660455e-01	1.568363810807465175e-01	7.361413450612155907e-02	3.054441440590453111e-02	7.938206241166646804e-02
1.255401370443546057e+03	2.406390620729310093e-01	1.565104166366436123e-01	2.622940889067233439e-01	1.569155131730092800e-01	7.364290649872437533e-02	3.056484316151098293e-02	7.943316955022225456e-02
1.256852701507642678e+03	2.404515700297683578e-01	1.563863640782114928e-01	2.624264796678441036e-01	1.569945184493193313e-01	7.367162795116302676e-02	3.058524654997960002e-02	7.948419327347892860e-02
1.258304032571739299e+03	2.402644115251108825e-01	1.562625052147364191e-01	2.625586288491826292e-01	1.570733971284920261e-01	7.370029897710854427e-02	3.060562458491187729e-02	7.953513372022240346e-02
1.259755363635835920e+03	2.400775859436082849e-01	1.561388397613061585e-01	2.626905368670146013e-01	1.571521494288601328e-01	7.372891968991723832e-02	3.062597728000889669e-02	7.958599102904939659e-02
1.261206694699932314e+03	2.398910926711202152e-01	1.560153674333614460e-01	2.628222041369379647e-01	1.572307755682761099e-01	7.375749020263165645e-02	3.064630464907061938e-02	7.963676533836669402e-02
1.262658025764028707e+03	2.397049310947135525e-01	1.558920879466958453e-01	2.629536310738738170e-01	1.573092757641140760e-01	7.378601062798163801e-02	3.066660670599517455e-02	7.968745678639053975e-02
1.264109356828125556e+03	2.395191006026597402e-01	1.557690010174555828e-01	2.630848180920677959e-01	1.573876502332719474e-01	7.381448107838536887e-02	3.068688346477817588e-02	7.973806551114602514e-02
1.265560687892221949e+03	2.393336005844321768e-01	1.556461063621392693e-01	2.632157656050908012e-01	1.574658991921734363e-01	7.384290166595036675e-02	3.070713493951202078e-02	7.978859165046647828e-02
1.267012018956318798e+03	2.391484304307035791e-01	1.555234036975979006e-01	2.633464740258402159e-01	1.575440228567702439e-01	7.387127250247454979e-02	3.072736114438520336e-02	7.983903534199289498e-02
1.268463350020415419e+03	2.389635895333434012e-01	1.554008927410343854e-01	2.634769437665406833e-01	1.576220214425438915e-01	7.389959369944723577e-02	3.074756209368161713e-02	7.988939672317332819e-02
1.269914681084511813e+03	2.387790772854151700e-01	1.552785732100036287e-01	2.636071752387454947e-01	1.576998951645078306e-01	7.392786536805015518e-02	3.076773780177988887e-02	7.993967593126240223e-02
1.271366012148608434e+03	2.385948930811739033e-01	1.551564448224121706e-01	2.637371688533372560e-01	1.577776442372094412e-01	7.395608761915843654e-02	3.078788828315268122e-02	7.998987310332071610e-02
1.272817343212705055e+03	2.384110363160635293e-01	1.550345072965180759e-01	2.638669250205290528e-01	1.578552688747318911e-01	7.398426056334167500e-02	3.080801355236602312e-02	8.003998837621435769e-02
1.274268674276801676e+03	2.382275063867141385e-01	1.549127603509306561e-01	2.639964441498655057e-01	1.579327692906962455e-01	7.401238431086490377e-02	3.082811362407864367e-02	8.009002188661439037e-02
1.275720005340898297e+03	2.380443026909397353e-01	1.547912037046103861e-01	2.641257266502238799e-01	1.580101456982632435e-01	7.404045897168956558e-02	3.084818851304129209e-02	8.013997377099632557e-02
1.277171336404994690e+03	2.378614246277353239e-01	1.546698370768686825e-01	2.642547729298147519e-01	1.580873983101352964e-01	7.406848465547459515e-02	3.086823823409608203e-02	8.018984416563967876e-02
1.278622667469091539e+03	2.376788715972745214e-01	1.545486601873676258e-01	2.643835833961833970e-01	1.581645273385582917e-01	7.409646147157730733e-02	3.088826280217581502e-02	8.023963320662748366e-02
1.280073998533187932e+03	2.374966430009068652e-01	1.544276727561197937e-01	2.645121584562105110e-01	1.582415329953235916e-01	7.412438952905443801e-02	3.090826223230333861e-02	8.028934102984587595e-02
1.281525329597284326e+03	2.373147382411553985e-01	1.543068745034881784e-01	2.646404985161134316e-01	1.583184154917697817e-01	7.415226893666315711e-02	3.092823653959087329e-02	8.033896777098359365e-02
1.282976660661381175e+03	2.371331567217140612e-01	1.541862651501857973e-01	2.647686039814469705e-01	1.583951750387845858e-01	7.418009980286199845e-02	3.094818573923937416e-02	8.038851356553163019e-02
1.284427991725477568e+03	2.369518978474450810e-01	1.540658444172756658e-01	2.648964752571045800e-01	1.584718118468065595e-01	7.420788223581185894e-02	3.096810984653787860e-02	8.043797854878276254e-02
1.285879322789574417e+03	2.367709610243764751e-01	1.539456120261705196e-01	2.650241127473192404e-01	1.585483261258270882e-01	7.423561634337699777e-02	3.098800887686285407e-02	8.048736285583116268e-02
1.287330653853671038e+03	2.365903456596995802e-01	1.538255676986325093e-01	2.651515168556646262e-01	1.586247180853920524e-01	7.426330223312596623e-02	3.100788284567756667e-02	8.053666662157203671e-02
1.288781984917767431e+03	2.364100511617664158e-01	1.537057111567732282e-01	2.652786879850557167e-01	1.587009879346035768e-01	7.429094001233259303e-02	3.102773176853143230e-02	8.058588998070122245e-02
1.290233315981864052e+03	2.362300769400872968e-01	1.535860421230533512e-01	2.654056265377504054e-01	1.587771358821218615e-01	7.431852978797695575e-02	3.104755566105938530e-02	8.063503306771487023e-02
