1.001418434226643626e+03	2.791968764884846244e-01	1.814583183019309320e-01	2.350076231555537631e-01	1.409213665884201105e-01	6.772139255682903258e-02	2.659874963681485571e-02	6.909567327173471440e-02
1.002869765290740247e+03	2.789403837445761369e-01	1.812954756068364259e-01	2.351895244099535820e-01	1.410264588117925155e-01	6.776091007642350006e-02	2.662366953416185969e-02	6.916357781602402999e-02
1.004321096354836754e+03	2.786843540954802578e-01	1.811328820058592803e-01	2.353711006383203963e-01	1.411313751055081056e-01	6.780035086462465888e-02	2.664856354142788528e-02	6.923137374854744508e-02
1.005772427418933376e+03	2.784287866597567884e-01	1.809705371543585128e-01	2.355523523910200978e-01	1.412361158450628484e-01	6.783971511534350740e-02	2.667343163991694674e-02	6.929906119430929989e-02
1.007223758483029997e+03	2.781736805578236549e-01	1.808084407080303435e-01	2.357332802175020614e-01	1.413406814042400261e-01	6.787900302187938051e-02	2.669827381124862883e-02	6.936664027904392016e-02
1.008675089547126618e+03	2.779190349119519121e-01	1.806465923229082782e-01	2.359138846663011990e-01	1.414450721551282486e-01	6.791821477692219777e-02	2.672309003735617167e-02	6.943411112920008788e-02
1.010126420611223239e+03	2.776648488462606923e-01	1.804849916553634970e-01	2.360941662850401246e-01	1.415492884681386065e-01	6.795735057255475331e-02	2.674788030048455903e-02	6.950147387192574799e-02
1.011577751675319632e+03	2.774111214867128750e-01	1.803236383621050487e-01	2.362741256204312357e-01	1.416533307120221852e-01	6.799641060025501949e-02	2.677264458318861368e-02	6.956872863505297877e-02
1.013029082739416367e+03	2.771578519611095914e-01	1.801625321001800728e-01	2.364537632182787952e-01	1.417571992538868286e-01	6.803539505089836736e-02	2.679738286833110647e-02	6.963587554708318417e-02
1.014480413803512761e+03	2.769050393990857839e-01	1.800016725269741047e-01	2.366330796234808742e-01	1.418608944592140153e-01	6.807430411475984267e-02	2.682209513908087595e-02	6.970291473717243891e-02
1.015931744867609382e+03	2.766526829321052650e-01	1.798410593002113256e-01	2.368120753800314615e-01	1.419644166918753170e-01	6.811313798151640009e-02	2.684678137891097910e-02	6.976984633511720824e-02
1.017383075931706003e+03	2.764007816934559991e-01	1.796806920779547290e-01	2.369907510310225451e-01	1.420677663141487190e-01	6.815189684024910988e-02	2.687144157159680052e-02	6.983667047134008155e-02
1.018834406995802851e+03	2.761493348182452179e-01	1.795205705186063982e-01	2.371691071186459998e-01	1.421709436867348575e-01	6.819058087944539215e-02	2.689607570121424138e-02	6.990338727687595011e-02
1.020285738059899245e+03	2.758983414433947012e-01	1.793606942809077287e-01	2.373471441841956131e-01	1.422739491687726454e-01	6.822919028700125121e-02	2.692068375213786321e-02	6.996999688335819867e-02
1.021737069123995752e+03	2.756478007076363923e-01	1.792010630239397051e-01	2.375248627680690838e-01	1.423767831178550658e-01	6.826772525022344051e-02	2.694526570903907001e-02	7.003649942300524400e-02
1.023188400188092373e+03	2.753977117515071238e-01	1.790416764071230127e-01	2.377022634097701037e-01	1.424794458900445759e-01	6.830618595583168307e-02	2.696982155688429014e-02	7.010289502860721222e-02
1.024639731252188767e+03	2.751480737173442881e-01	1.788825340902183980e-01	2.378793466479100227e-01	1.425819378398884008e-01	6.834457258996087803e-02	2.699435128093317579e-02	7.016918383351281041e-02
1.026091062316285615e+03	2.748988857492811744e-01	1.787236357333267800e-01	2.380561130202100972e-01	1.426842593204334930e-01	6.838288533816316850e-02	2.701885486673680573e-02	7.023536597161646189e-02
1.027542393380382237e+03	2.746501469932421946e-01	1.785649809968894719e-01	2.382325630635032110e-01	1.427864106832413826e-01	6.842112438541024522e-02	2.704333230013591591e-02	7.030144157734556642e-02
1.028993724444478858e+03	2.744018565969381651e-01	1.784065695416885422e-01	2.384086973137358456e-01	1.428883922784028315e-01	6.845928991609542824e-02	2.706778356725911272e-02	7.036741078564801022e-02
1.030445055508575479e+03	2.741540137098621988e-01	1.782484010288467868e-01	2.385845163059699958e-01	1.429902044545521833e-01	6.849738211403580412e-02	2.709220865452110702e-02	7.043327373197987018e-02
1.031896386572671872e+03	2.739066174832844314e-01	1.780904751198281177e-01	2.387600205743851123e-01	1.430918475588817129e-01	6.853540116247436309e-02	2.711660754862097941e-02	7.049903055229322923e-02
1.033347717636768493e+03	2.736596670702479694e-01	1.779327914764377017e-01	2.389352106522797947e-01	1.431933219371555599e-01	6.857334724408220561e-02	2.714098023654042818e-02	7.056468138302426918e-02
1.034799048700865114e+03	2.734131616255640052e-01	1.777753497608221545e-01	2.391100870720739291e-01	1.432946279337237172e-01	6.861122054096055467e-02	2.716532670554203110e-02	7.063022636108151620e-02
1.036250379764961508e+03	2.731671003058075975e-01	1.776181496354697631e-01	2.392846503653102419e-01	1.433957658915356037e-01	6.864902123464292072e-02	2.718964694316753847e-02	7.069566562383423902e-02
1.037701710829058356e+03	2.729214822693130094e-01	1.774611907632105690e-01	2.394589010626563819e-01	1.434967361521534979e-01	6.868674950609722496e-02	2.721394093723614530e-02	7.076099930910106917e-02
1.039153041893154750e+03	2.726763066761689891e-01	1.773044728072167842e-01	2.396328396939066130e-01	1.435975390557660547e-01	6.872440553572782551e-02	2.723820867584280173e-02	7.082622755513877377e-02
1.040604372957251599e+03	2.724315726882148292e-01	1.771479954310027360e-01	2.398064667879837020e-01	1.436981749412011844e-01	6.876198950337766846e-02	2.726245014735650951e-02	7.089135050063119503e-02
1.042055704021347992e+03	2.721872794690352593e-01	1.769917582984252835e-01	2.399797828729406668e-01	1.437986441459392084e-01	6.879950158833032792e-02	2.728666534041864281e-02	7.095636828467839774e-02
1.043507035085444613e+03	2.719434261839566713e-01	1.768357610736837338e-01	2.401527884759625808e-01	1.438989470061255438e-01	6.883694196931205989e-02	2.731085424394128283e-02	7.102128104678590015e-02
1.044958366149541234e+03	2.717000120000421237e-01	1.766800034213202586e-01	2.403254841233684047e-01	1.439990838565833597e-01	6.887431082449392561e-02	2.733501684710553173e-02	7.108608892685419622e-02
1.046409697213637855e+03	2.714570360860871778e-01	1.765244850062199500e-01	2.404978703406127349e-01	1.440990550308259288e-01	6.891160833149374831e-02	2.735915313935988885e-02	7.115079206516830568e-02
1.047861028277734476e+03	2.712144976126157347e-01	1.763692054936109865e-01	2.406699476522875525e-01	1.441988608610690892e-01	6.894883466737823652e-02	2.738326311041857850e-02	7.121539060238762930e-02
1.049312359341831097e+03	2.709723957518751503e-01	1.762141645490648556e-01	2.408417165821239159e-01	1.442985016782431518e-01	6.898599000866494080e-02	2.740734675025992967e-02	7.127988467953580431e-02
1.050763690405927491e+03	2.707307296778324046e-01	1.760593618384964920e-01	2.410131776529938763e-01	1.443979778120049740e-01	6.902307453132436321e-02	2.743140404912474545e-02	7.134427443799086499e-02
1.052215021470024112e+03	2.704894985661694395e-01	1.759047970281645001e-01	2.411843313869119765e-01	1.444972895907497557e-01	6.906008841078187244e-02	2.745543499751467581e-02	7.140856001947544496e-02
1.053666352534120733e+03	2.702487015942790505e-01	1.757504697846711539e-01	2.413551783050371935e-01	1.445964373416226412e-01	6.909703182191982707e-02	2.747943958619063209e-02	7.147274156604720152e-02
1.055117683598217127e+03	2.700083379412602791e-01	1.755963797749627298e-01	2.415257189276745209e-01	1.446954213905302378e-01	6.913390493907944911e-02	2.750341780617116330e-02	7.153681922008932326e-02
1.056569014662313975e+03	2.697684067879145275e-01	1.754425266663295624e-01	2.416959537742766617e-01	1.447942420621518844e-01	6.917070793606290569e-02	2.752736964873088096e-02	7.160079312430128740e-02
1.058020345726410369e+03	2.695289073167410066e-01	1.752889101264062388e-01	2.418658833634457495e-01	1.448928996799509483e-01	6.920744098613526574e-02	2.755129510539887361e-02	7.166466342168964498e-02
1.059471676790506763e+03	2.692898387119325165e-01	1.751355298231717372e-01	2.420355082129350688e-01	1.449913945661857606e-01	6.924410426202647073e-02	2.757519416795713510e-02	7.172843025555901419e-02
1.060923007854603611e+03	2.690512001593714508e-01	1.749823854249495658e-01	2.422048288396506932e-01	1.450897270419205243e-01	6.928069793593326364e-02	2.759906682843899645e-02	7.179209376950324017e-02
1.062374338918700232e+03	2.688129908466251328e-01	1.748294766004078737e-01	2.423738457596530949e-01	1.451878974270361666e-01	6.931722217952121512e-02	2.762291307912758190e-02	7.185565410739662429e-02
1.063825669982796853e+03	2.685752099629420409e-01	1.746768030185597287e-01	2.425425594881589209e-01	1.452859060402408031e-01	6.935367716392663862e-02	2.764673291255425464e-02	7.191911141338529212e-02
1.065277001046893474e+03	2.683378566992475345e-01	1.745243643487630336e-01	2.427109705395425199e-01	1.453837531990802290e-01	6.939006305975849165e-02	2.767052632149707633e-02	7.198246583187881131e-02
1.066728332110990095e+03	2.681009302481394130e-01	1.743721602607208321e-01	2.428790794273376075e-01	1.454814392199483830e-01	6.942638003710038808e-02	2.769429329897928754e-02	7.204571750754179549e-02
1.068179663175086489e+03	2.678644298038839744e-01	1.742201904244814470e-01	2.430468866642389314e-01	1.455789644180973952e-01	6.946262826551245773e-02	2.771803383826778461e-02	7.210886658528567472e-02
1.069630994239183110e+03	2.676283545624120186e-01	1.740684545104384806e-01	2.432143927621038260e-01	1.456763291076476896e-01	6.949880791403327540e-02	2.774174793287160698e-02	7.217191321026072970e-02
1.071082325303279504e+03	2.673927037213145175e-01	1.739169521893310089e-01	2.433815982319538773e-01	1.457735336015978933e-01	6.953491915118180378e-02	2.776543557654042801e-02	7.223485752784805647e-02
1.072533656367376352e+03	2.671574764798385626e-01	1.737656831322437201e-01	2.435485035839765056e-01	1.458705782118347449e-01	6.957096214495925302e-02	2.778909676326307004e-02	7.229769968365173938e-02
1.073984987431472746e+03	2.669226720388830354e-01	1.736146470106070538e-01	2.437151093275265468e-01	1.459674632491426149e-01	6.960693706285100979e-02	2.781273148726601946e-02	7.236043982349119053e-02
1.075436318495569594e+03	2.666882896009951098e-01	1.734638434961972842e-01	2.438814159711278629e-01	1.460641890232132201e-01	6.964284407182846914e-02	2.783633974301193137e-02	7.242307809339358637e-02
1.076887649559666215e+03	2.664543283703655896e-01	1.733132722611366583e-01	2.440474240224748959e-01	1.461607558426548104e-01	6.967868333835099126e-02	2.785992152519818285e-02	7.248561463958635986e-02
1.078338980623762609e+03	2.662207875528251333e-01	1.731629329778934523e-01	2.442131339884341668e-01	1.462571640150017727e-01	6.971445502836767782e-02	2.788347682875539843e-02	7.254804960848988682e-02
1.079790311687859230e+03	2.659876663558403131e-01	1.730128253192821375e-01	2.443785463750459408e-01	1.463534138467234846e-01	6.975015930731931491e-02	2.790700564884598944e-02	7.261038314671026950e-02
1.081241642751955851e+03	2.657549639885093407e-01	1.728629489584634915e-01	2.445436616875257818e-01	1.464495056432336406e-01	6.978579634014020483e-02	2.793050798086271769e-02	7.267261540103221729e-02
1.082692973816052472e+03	2.655226796615584584e-01	1.727133035689446539e-01	2.447084804302659677e-01	1.465454397088990501e-01	6.982136629125994254e-02	2.795398382042726601e-02	7.273474651841205230e-02
1.084144304880149093e+03	2.652908125873373879e-01	1.725638888245792923e-01	2.448730031068371282e-01	1.466412163470484920e-01	6.985686932460535847e-02	2.797743316338878808e-02	7.279677664597082598e-02
1.085595635944245487e+03	2.650593619798158884e-01	1.724147043995677142e-01	2.450372302199898267e-01	1.467368358599814571e-01	6.989230560360230882e-02	2.800085600582250672e-02	7.285870593098753289e-02
1.087046967008342108e+03	2.648283270545795931e-01	1.722657499684568105e-01	2.452011622716559480e-01	1.468322985489767252e-01	6.992767529117745184e-02	2.802425234402829146e-02	7.292053452089244936e-02
1.088498298072438729e+03	2.645977070288258459e-01	1.721170252061403616e-01	2.453647997629502253e-01	1.469276047143008301e-01	6.996297854976014918e-02	2.804762217452924297e-02	7.298226256326061090e-02
1.089949629136535123e+03	2.643675011213600934e-01	1.719685297878589814e-01	2.455281431941718495e-01	1.470227546552165254e-01	6.999821554128421441e-02	2.807096549407030878e-02	7.304389020580528968e-02
1.091400960200631971e+03	2.641377085525918322e-01	1.718202633892002840e-01	2.456911930648059128e-01	1.471177486699909442e-01	7.003338642718973106e-02	2.809428229961689200e-02	7.310541759637166626e-02
1.092852291264728365e+03	2.639083285445307792e-01	1.716722256860989115e-01	2.458539498735248796e-01	1.472125870559038152e-01	7.006849136842481507e-02	2.811757258835346010e-02	7.316684488293059840e-02
1.094303622328825213e+03	2.636793603207828740e-01	1.715244163548366729e-01	2.460164141181900299e-01	1.473072701092555947e-01	7.010353052544748831e-02	2.814083635768217795e-02	7.322817221357243167e-02
1.095754953392921607e+03	2.634508031065465050e-01	1.713768350720426270e-01	2.461785862958530413e-01	1.474017981253752385e-01	7.013850405822737166e-02	2.816407360522153042e-02	7.328939973650097639e-02
1.097206284457018228e+03	2.632226561286085120e-01	1.712294815146930826e-01	2.463404669027574045e-01	1.474961713986282785e-01	7.017341212624748914e-02	2.818728432880496931e-02	7.335052760002758188e-02
1.098657615521114849e+03	2.629949186153404672e-01	1.710823553601117375e-01	2.465020564343398946e-01	1.475903902224244002e-01	7.020825488850604423e-02	2.821046852647956377e-02	7.341155595256516897e-02
1.100108946585211470e+03	2.627675897966948448e-01	1.709354562859698168e-01	2.466633553852319583e-01	1.476844548892252695e-01	7.024303250351809913e-02	2.823362619650464020e-02	7.347248494262259566e-02
1.101560277649308091e+03	2.625406689042011354e-01	1.707887839702860455e-01	2.468243642492613243e-01	1.477783656905519438e-01	7.027774512931748985e-02	2.825675733735046394e-02	7.353331471879889780e-02
1.103011608713404712e+03	2.623141551709619601e-01	1.706423380914267041e-01	2.469850835194532523e-01	1.478721229169923379e-01	7.031239292345836667e-02	2.827986194769689654e-02	7.359404542977771024e-02
1.104462939777501106e+03	2.620880478316495732e-01	1.704961183281058223e-01	2.471455136880320869e-01	1.479657268582087182e-01	7.034697604301710927e-02	2.830294002643207393e-02	7.365467722432182673e-02
1.105914270841597499e+03	2.618623461225016436e-01	1.703501243593850689e-01	2.473056552464227287e-01	1.480591778029448913e-01	7.038149464459392268e-02	2.832599157265108802e-02	7.371521025126775983e-02
1.107365601905694348e+03	2.616370492813179238e-01	1.702043558646740562e-01	2.474655086852519947e-01	1.481524760390333650e-01	7.041594888431464139e-02	2.834901658565468566e-02	7.377564465952042572e-02
1.108816932969790741e+03	2.614121565474561981e-01	1.700588125237300630e-01	2.476250744943499227e-01	1.482456218534025372e-01	7.045033891783239466e-02	2.837201506494795716e-02	7.383598059804794000e-02
1.110268264033887590e+03	2.611876671618286738e-01	1.699134940166584506e-01	2.477843531627513807e-01	1.483386155320835509e-01	7.048466490032934129e-02	2.839498701023905267e-02	7.389621821587648298e-02
1.111719595097984211e+03	2.609635803668982068e-01	1.697684000239125246e-01	2.479433451786973996e-01	1.484314573602173726e-01	7.051892698651836267e-02	2.841793242143788104e-02	7.395635766208517869e-02
1.113170926162080832e+03	2.607398954066745822e-01	1.696235302262935341e-01	2.481020510296365056e-01	1.485241476220614809e-01	7.055312533064476976e-02	2.844085129865484701e-02	7.401639908580116833e-02
1.114622257226177226e+03	2.605166115267107951e-01	1.694788843049508387e-01	2.482604712022262183e-01	1.486166866009967502e-01	7.058726008648795458e-02	2.846374364219955710e-02	7.407634263619472526e-02
1.116073588290273847e+03	2.602937279740994980e-01	1.693344619413819641e-01	2.484186061823343838e-01	1.487090745795339453e-01	7.062133140736309711e-02	2.848660945257957058e-02	7.413618846247438388e-02
1.117524919354370468e+03	2.600712439974690593e-01	1.691902628174326018e-01	2.485764564550405620e-01	1.488013118393204104e-01	7.065533944612280293e-02	2.850944873049912967e-02	7.419593671388229061e-02
1.118976250418467089e+03	2.598491588469801772e-01	1.690462866152966093e-01	2.487340225046373310e-01	1.488933986611465088e-01	7.068928435515885178e-02	2.853226147685790706e-02	7.425558753968945769e-02
1.120427581482563710e+03	2.596274717743220495e-01	1.689025330175162043e-01	2.488913048146318419e-01	1.489853353249520340e-01	7.072316628640377967e-02	2.855504769274976040e-02	7.431514108919123895e-02
1.121878912546660331e+03	2.594061820327087098e-01	1.687590017069817427e-01	2.490483038677469563e-01	1.490771221098326216e-01	7.075698539133255804e-02	2.857780737946150756e-02	7.437459751170279187e-02
1.123330243610756725e+03	2.591852888768755303e-01	1.686156923669321073e-01	2.492050201459228564e-01	1.491687592940458551e-01	7.079074182096420365e-02	2.860054053847166725e-02	7.443395695655463662e-02
1.124781574674853118e+03	2.589647915630756136e-01	1.684726046809544020e-01	2.493614541303181831e-01	1.492602471550175947e-01	7.082443572586348546e-02	2.862324717144925507e-02	7.449321957308835396e-02
1.126232905738949967e+03	2.587446893490759070e-01	1.683297383329842023e-01	2.495176063013114232e-01	1.493515859693479719e-01	7.085806725614252066e-02	2.864592728025254845e-02	7.455238551065225538e-02
1.127684236803046360e+03	2.585249814941541491e-01	1.681870930073055270e-01	2.496734771385023255e-01	1.494427760128173854e-01	7.089163656146239834e-02	2.866858086692788965e-02	7.461145491859717815e-02
1.129135567867143209e+03	2.583056672590946512e-01	1.680446683885508385e-01	2.498290671207132607e-01	1.495338175603925790e-01	7.092514379103478928e-02	2.869120793370846453e-02	7.467042794627232194e-02
1.130586898931239830e+03	2.580867459061851332e-01	1.679024641617010982e-01	2.499843767259904703e-01	1.496247108862323871e-01	7.095858909362355582e-02	2.871380848301311947e-02	7.472930474302119652e-02
1.132038229995336451e+03	2.578682166992130043e-01	1.677604800120857664e-01	2.501394064316053711e-01	1.497154562636936193e-01	7.099197261754641719e-02	2.873638251744515051e-02	7.478808545817761111e-02
1.133489561059432845e+03	2.576500789034619765e-01	1.676187156253828026e-01	2.502941567140560264e-01	1.498060539653367773e-01	7.102529451067644828e-02	2.875893003979112725e-02	7.484677024106173304e-02
1.134940892123529466e+03	2.574323317857084015e-01	1.674771706876188593e-01	2.504486280490682559e-01	1.498965042629316347e-01	7.105855492044378663e-02	2.878145105301970971e-02	7.490535924097618814e-02
1.136392223187626087e+03	2.572149746142177729e-01	1.673358448851690605e-01	2.506028209115971905e-01	1.499868074274629259e-01	7.109175399383711735e-02	2.880394556028048614e-02	7.496385260720227206e-02
1.137843554251722708e+03	2.569980066587412293e-01	1.671947379047571125e-01	2.507567357758283544e-01	1.500769637291358150e-01	7.112489187740533847e-02	2.882641356490277251e-02	7.502225048899624493e-02
1.139294885315819101e+03	2.567814271905120016e-01	1.670538494334553592e-01	2.509103731151789973e-01	1.501669734373814180e-01	7.115796871725904582e-02	2.884885507039449543e-02	7.508055303558554272e-02
1.140746216379915950e+03	2.565652354822419157e-01	1.669131791586847824e-01	2.510637334022996492e-01	1.502568368208620497e-01	7.119098465907217066e-02	2.887127008044100204e-02	7.513876039616525226e-02
1.142197547444012343e+03	2.563494308081180617e-01	1.667727267682149461e-01	2.512168171090751190e-01	1.503465541474766909e-01	7.122393984808353395e-02	2.889365859890393601e-02	7.519687271989451693e-02
1.143648878508108737e+03	2.561340124437992416e-01	1.666324919501640522e-01	2.513696247066258826e-01	1.504361256843662065e-01	7.125683442909835907e-02	2.891602062982006824e-02	7.525489015589303943e-02
1.145100209572205586e+03	2.559189796664123606e-01	1.664924743929989681e-01	2.515221566653093599e-01	1.505255516979184804e-01	7.128966854648982610e-02	2.893835617740019017e-02	7.531281285323764008e-02
1.146551540636302207e+03	2.557043317545492633e-01	1.663526737855351434e-01	2.516744134547212464e-01	1.506148324537736616e-01	7.132244234420068163e-02	2.896066524602795844e-02	7.537064096095889842e-02
1.148002871700398828e+03	2.554900679882630143e-01	1.662130898169367488e-01	2.518263955436967905e-01	1.507039682168290762e-01	7.135515596574470987e-02	2.898294784025878465e-02	7.542837462803778092e-02
1.149454202764495449e+03	2.552761876490647341e-01	1.660737221767165372e-01	2.519781034003118481e-01	1.507929592512443628e-01	7.138780955420827301e-02	2.900520396481871821e-02	7.548601400340239354e-02
1.150905533828591842e+03	2.550626900199201019e-01	1.659345705547358996e-01	2.521295374918844923e-01	1.508818058204463575e-01	7.142040325225183783e-02	2.902743362460332918e-02	7.554355923592483146e-02
1.152356864892688463e+03	2.548495743852458029e-01	1.657956346412049475e-01	2.522806982849760682e-01	1.509705081871340338e-01	7.145293720211148836e-02	2.904963682467659805e-02	7.560101047441793176e-02
1.153808195956785084e+03	2.546368400309063640e-01	1.656569141266822920e-01	2.524315862453924697e-01	1.510590666132833049e-01	7.148541154560049404e-02	2.907181357026981938e-02	7.565836786763222022e-02
1.155259527020881706e+03	2.544244862442105459e-01	1.655184087020752093e-01	2.525822018381854162e-01	1.511474813601517420e-01	7.151782642411068369e-02	2.909396386678051241e-02	7.571563156425285823e-02
1.156710858084978327e+03	2.542125123139081788e-01	1.653801180586396413e-01	2.527325455276536181e-01	1.512357526882834036e-01	7.155018197861411078e-02	2.911608771977132470e-02	7.577280171289665911e-02
1.158162189149074720e+03	2.540009175301868871e-01	1.652420418879800290e-01	2.528826177773442208e-01	1.513238808575133876e-01	7.158247834966439960e-02	2.913818513496896009e-02	7.582987846210911820e-02
1.159613520213171569e+03	2.537897011846682593e-01	1.651041798820494511e-01	2.530324190500538584e-01	1.514118661269725219e-01	7.161471567739831345e-02	2.916025611826308581e-02	7.588686196036154019e-02
1.161064851277267962e+03	2.535788625704050170e-01	1.649665317331495407e-01	2.531819498078298758e-01	1.514997087550918331e-01	7.164689410153722571e-02	2.918230067570528122e-02	7.594375235604819419e-02
1.162516182341364356e+03	2.533684009818774618e-01	1.648290971339304301e-01	2.533312105119719382e-01	1.515874089996070706e-01	7.167901376138860470e-02	2.920431881350795539e-02	7.600054979748349648e-02
1.163967513405461204e+03	2.531583157149902563e-01	1.646918757773908337e-01	2.534802016230326416e-01	1.516749671175631753e-01	7.171107479584742928e-02	2.922631053804329235e-02	7.605725443289933219e-02
1.165418844469557826e+03	2.529486060670689818e-01	1.645548673568779652e-01	2.536289236008191228e-01	1.517623833653186372e-01	7.174307734339770148e-02	2.924827585584219639e-02	7.611386641044230739e-02
1.166870175533654447e+03	2.527392713368569743e-01	1.644180715660874537e-01	2.537773769043943917e-01	1.518496579985498807e-01	7.177502154211390373e-02	2.927021477359326163e-02	7.617038587817109851e-02
1.168321506597751068e+03	2.525303108245118833e-01	1.642814880990634274e-01	2.539255619920780527e-01	1.519367912722555114e-01	7.180690752966241430e-02	2.929212729814169996e-02	7.622681298405388495e-02
1.169772837661847461e+03	2.523217238316026179e-01	1.641451166501984027e-01	2.540734793214482479e-01	1.520237834407605348e-01	7.183873544330300620e-02	2.931401343648831759e-02	7.628314787596578161e-02
1.171224168725944082e+03	2.521135096611059057e-01	1.640089569142332837e-01	2.542211293493420454e-01	1.521106347577205753e-01	7.187050541989020713e-02	2.933587319578849148e-02	7.633939070168629937e-02
1.172675499790040703e+03	2.519056676174031284e-01	1.638730085862573627e-01	2.543685125318573825e-01	1.521973454761260114e-01	7.190221759587483996e-02	2.935770658335112859e-02	7.639554160889693024e-02
1.174126830854137097e+03	2.516981970062770468e-01	1.637372713617082642e-01	2.545156293243538426e-01	1.522839158483060285e-01	7.193387210730535497e-02	2.937951360663765624e-02	7.645160074517870497e-02
1.175578161918233945e+03	2.514910971349084146e-01	1.636017449363718346e-01	2.546624801814538208e-01	1.523703461259327263e-01	7.196546908982931479e-02	2.940129427326099859e-02	7.650756825800980598e-02
1.177029492982330339e+03	2.512843673118729804e-01	1.634664290063822245e-01	2.548090655570439678e-01	1.524566365600251439e-01	7.199700867869478216e-02	2.942304859098458097e-02	7.656344429476324986e-02
1.178480824046426733e+03	2.510780068471382687e-01	1.633313232682217786e-01	2.549553859042761883e-01	1.525427874009530338e-01	7.202849100875172161e-02	2.944477656772130289e-02	7.661922900270456971e-02
1.179932155110523581e+03	2.508720150520602488e-01	1.631964274187210073e-01	2.551014416755690295e-01	1.526287988984409705e-01	7.205991621445345663e-02	2.946647821153256311e-02	7.667492252898960858e-02
1.181383486174620202e+03	2.506663912393800597e-01	1.630617411550585871e-01	2.552472333226086243e-01	1.527146713015720692e-01	7.209128442985802965e-02	2.948815353062724659e-02	7.673052502066225744e-02
1.182834817238716823e+03	2.504611347232211793e-01	1.629272641747611938e-01	2.553927612963499683e-01	1.528004048587918440e-01	7.212259578862956211e-02	2.950980253336074610e-02	7.678603662465234569e-02
1.184286148302813444e+03	2.502562448190857602e-01	1.627929961757036414e-01	2.555380260470182519e-01	1.528859998179120938e-01	7.215385042403972549e-02	2.953142522823397689e-02	7.684145748777344853e-02
1.185737479366910065e+03	2.500517208438518546e-01	1.626589368561086324e-01	2.556830280241096931e-01	1.529714564261143717e-01	7.218504846896905969e-02	2.955302162389240525e-02	7.689678775672083300e-02
1.187188810431006686e+03	2.498475621157701110e-01	1.625250859145468407e-01	2.558277676763931474e-01	1.530567749299539537e-01	7.221619005590838858e-02	2.957459172912506318e-02	7.695202757806937632e-02
1.188640141495103080e+03	2.496437679544605270e-01	1.623914430499368289e-01	2.559722454519108847e-01	1.531419555753632533e-01	7.224727531696015226e-02	2.959613555286359082e-02	7.700717709827159529e-02
1.190091472559199701e+03	2.494403376809095352e-01	1.622580079615450199e-01	2.561164617979799218e-01	1.532269986076555679e-01	7.227830438383983647e-02	2.961765310418127198e-02	7.706223646365564783e-02
1.191542803623296322e+03	2.492372706174667274e-01	1.621247803489855588e-01	2.562604171611931880e-01	1.533119042715286595e-01	7.230927738787726322e-02	2.963914439229207304e-02	7.711720582042339012e-02
1.192994134687392716e+03	2.490345660878416634e-01	1.619917599122203677e-01	2.564041119874205799e-01	1.533966728110681133e-01	7.234019446001800635e-02	2.966060942654969237e-02	7.717208531464840593e-02
1.194445465751489564e+03	2.488322234171009562e-01	1.618589463515589522e-01	2.565475467218102934e-01	1.534813044697509732e-01	7.237105573082472376e-02	2.968204821644662011e-02	7.722687509227431357e-02
1.195896796815585958e+03	2.486302419316649415e-01	1.617263393676584837e-01	2.566907218087899345e-01	1.535657994904491286e-01	7.240186133047844808e-02	2.970346077161317710e-02	7.728157529911271195e-02
1.197348127879682352e+03	2.484286209593048744e-01	1.615939386615235784e-01	2.568336376920674624e-01	1.536501581154326723e-01	7.243261138878001604e-02	2.972484710181660938e-02	7.733618608084157076e-02
1.198799458943779200e+03	2.482273598291395433e-01	1.614617439345064076e-01	2.569762948146325776e-01	1.537343805863733981e-01	7.246330603515135915e-02	2.974620721696012715e-02	7.739070758300331532e-02
1.200250790007875821e+03	2.480264578716323831e-01	1.613297548883065591e-01	2.571186936187577765e-01	1.538184671443480200e-01	7.249394539863680820e-02	2.976754112708199229e-02	7.744513995100320292e-02
1.201702121071972442e+03	2.478259144185883112e-01	1.611979712249708985e-01	2.572608345459994061e-01	1.539024180298414757e-01	7.252452960790448100e-02	2.978884884235458858e-02	7.749948333010757417e-02
1.203153452136069063e+03	2.476257288031507575e-01	1.610663926468936247e-01	2.574027180371988854e-01	1.539862334827502011e-01	7.255505879124751756e-02	2.981013037308351266e-02	7.755373786544220160e-02
1.204604783200165684e+03	2.474259003597985840e-01	1.609350188568161033e-01	2.575443445324838154e-01	1.540699137423853504e-01	7.258553307658550946e-02	2.983138572970665814e-02	7.760790370199063815e-02
1.206056114264262078e+03	2.472264284243429755e-01	1.608038495578267557e-01	2.576857144712692560e-01	1.541534590474760158e-01	7.261595259146563786e-02	2.985261492279330311e-02	7.766198098459263510e-02
1.207507445328358699e+03	2.470273123339245258e-01	1.606728844533611977e-01	2.578268282922586141e-01	1.542368696361723079e-01	7.264631746306418614e-02	2.987381796304321158e-02	7.771596985794253232e-02
1.208958776392455093e+03	2.468285514270101011e-01	1.605421232472019344e-01	2.579676864334449204e-01	1.543201457460484649e-01	7.267662781818766404e-02	2.989499486128574177e-02	7.776987046658778713e-02
1.210410107456551941e+03	2.466301450433899534e-01	1.604115656434783599e-01	2.581082893321117178e-01	1.544032876141060440e-01	7.270688378327418155e-02	2.991614562847894065e-02	7.782368295492739230e-02
1.211861438520648335e+03	2.464320925241746396e-01	1.602812113466666744e-01	2.582486374248346150e-01	1.544862954767768637e-01	7.273708548439473953e-02	2.993727027570866270e-02	7.787740746721044660e-02
1.213312769584745183e+03	2.462343932117919965e-01	1.601510600615899116e-01	2.583887311474819537e-01	1.545691695699260293e-01	7.276723304725443708e-02	2.995836881418768513e-02	7.793104414753462827e-02
1.214764100648841804e+03	2.460370464499841703e-01	1.600211114934176893e-01	2.585285709352162509e-01	1.546519101288549303e-01	7.279732659719387322e-02	2.997944125525483366e-02	7.798459313984487662e-02
1.216215431712937971e+03	2.458400515838047029e-01	1.598913653476661811e-01	2.586681572224951431e-01	1.547345173883042102e-01	7.282736625919031259e-02	3.000048761037409431e-02	7.803805458793193484e-02
1.217666762777034819e+03	2.456434079596155340e-01	1.597618213301981449e-01	2.588074904430724965e-01	1.548169915824567089e-01	7.285735215785900387e-02	3.002150789113375989e-02	7.809142863543096225e-02
1.219118093841131440e+03	2.454471149250840034e-01	1.596324791472226168e-01	2.589465710299994616e-01	1.548993329449402101e-01	7.288728441745442876e-02	3.004250210924555228e-02	7.814471542582025754e-02
1.220569424905228061e+03	2.452511718291798815e-01	1.595033385052950503e-01	2.590853994156258056e-01	1.549815417088304947e-01	7.291716316187157876e-02	3.006347027654377585e-02	7.819791510241988486e-02
1.222020755969324682e+03	2.450555780221725655e-01	1.593743991113171221e-01	2.592239760316008002e-01	1.550636181066539776e-01	7.294698851464717637e-02	3.008441240498443969e-02	7.825102780839042482e-02
1.223472087033421303e+03	2.448603328556279712e-01	1.592456606725365931e-01	2.593623013088743323e-01	1.551455623703906495e-01	7.297676059896091028e-02	3.010532850664443885e-02	7.830405368673168387e-02
1.224923418097517697e+03	2.446654356824056464e-01	1.591171228965472528e-01	2.595003756776980697e-01	1.552273747314766861e-01	7.300647953763672593e-02	3.012621859372066960e-02	7.835699288028151466e-02
1.226374749161614318e+03	2.444708858566559395e-01	1.589887854912888920e-01	2.596381995676264598e-01	1.553090554208074181e-01	7.303614545314407458e-02	3.014708267852920717e-02	7.840984553171455318e-02
1.227826080225710712e+03	2.442766827338170299e-01	1.588606481650471081e-01	2.597757734075180625e-01	1.553906046687398013e-01	7.306575846759905124e-02	3.016792077350448006e-02	7.846261178354106691e-02
1.229277411289807560e+03	2.440828256706120136e-01	1.587327106264532772e-01	2.599130976255361603e-01	1.554720227050951920e-01	7.309531870276571308e-02	3.018873289119841305e-02	7.851529177810576132e-02
1.230728742353903954e+03	2.438893140250460723e-01	1.586049725844844160e-01	2.600501726491504795e-01	1.555533097591620395e-01	7.312482628005728680e-02	3.020951904427959800e-02	7.856788565758669740e-02
1.232180073418000802e+03	2.436961471564034198e-01	1.584774337484630979e-01	2.601869989051376897e-01	1.556344660596984120e-01	7.315428132053736210e-02	3.023027924553249937e-02	7.862039356399413981e-02
1.233631404482097196e+03	2.435033244252446660e-01	1.583500938280573145e-01	2.603235768195827360e-01	1.557154918349346329e-01	7.318368394492109907e-02	3.025101350785660073e-02	7.867281563916948828e-02
1.235082735546193817e+03	2.433108451934037630e-01	1.582229525332805031e-01	2.604599068178800603e-01	1.557963873125759457e-01	7.321303427357647720e-02	3.027172184426559984e-02	7.872515202478418128e-02
1.236534066610290438e+03	2.431187088239852023e-01	1.580960095744912419e-01	2.605959893247343784e-01	1.558771527198049289e-01	7.324233242652548881e-02	3.029240426788660373e-02	7.877740286233873845e-02
1.237985397674387059e+03	2.429269146813612112e-01	1.579692646623933050e-01	2.607318247641619013e-01	1.559577882832839935e-01	7.327157852344527711e-02	3.031306079195931341e-02	7.882956829316163649e-02
1.239436728738483680e+03	2.427354621311687832e-01	1.578427175080354683e-01	2.608674135594913346e-01	1.560382942291579644e-01	7.330077268366942678e-02	3.033369142983522587e-02	7.888164845840839323e-02
1.240888059802580301e+03	2.425443505403069855e-01	1.577163678228114263e-01	2.610027561333651547e-01	1.561186707830565790e-01	7.332991502618907420e-02	3.035429619497683265e-02	7.893364349906052679e-02
1.242339390866676695e+03	2.423535792769340447e-01	1.575902153184597365e-01	2.611378529077403865e-01	1.561989181700967622e-01	7.335900566965415648e-02	3.037487510095681839e-02	7.898555355592468130e-02
1.243790721930773088e+03	2.421631477104645436e-01	1.574642597070635697e-01	2.612727043038898245e-01	1.562790366148851806e-01	7.338804473237453552e-02	3.039542816145728368e-02	7.903737876963164155e-02
1.245242052994869937e+03	2.419730552115665623e-01	1.573385007010507375e-01	2.614073107424031428e-01	1.563590263415205739e-01	7.341703233232120540e-02	3.041595539026895403e-02	7.908911928063541708e-02
1.246693384058966330e+03	2.417833011521589581e-01	1.572129380131934984e-01	2.615416726431877836e-01	1.564388875735961137e-01	7.344596858712745813e-02	3.043645680129038883e-02	7.914077522921238173e-02
1.248144715123063179e+03	2.415938849054085347e-01	1.570875713566084741e-01	2.616757904254701783e-01	1.565186205342017634e-01	7.347485361409004934e-02	3.045693240852722153e-02	7.919234675546039937e-02
1.249596046187159800e+03	2.414048058457272383e-01	1.569624004447565668e-01	2.618096645077966356e-01	1.565982254459266365e-01	7.350368753017035017e-02	3.047738222609136516e-02	7.924383399929793570e-02
1.251047377251256421e+03	2.412160633487693273e-01	1.568374249914426810e-01	2.619432953080343962e-01	1.566777025308612181e-01	7.353247045199554077e-02	3.049780626820025597e-02	7.929523710046326723e-02
1.252498708315352815e+03	2.410276567914286794e-01	1.567126447108157794e-01	2.620766832433730209e-01	1.567570520105996679e-01	7.356120249585970661e-02	3.051820454917609018e-02	7.934655619851369024e-02
1.253950039379449436e+03	2.408395855518360440e-01	1.565880593173687718e-01	2.622098287303250008e-01	1.568362741062420684e-01	7.358988377772501810e-02	3.053857708344504679e-02	7.939779143282467422e-02
1.255401370443546057e+03	2.406518490093561280e-01	1.564636685259382376e-01	2.623427321847270344e-01	1.569153690383966460e-01	7.361851441322291023e-02	3.055892388553654859e-02	7.944894294258909861e-02
1.256852701507642678e+03	2.404644465445850421e-01	1.563394720517044256e-01	2.624753940217410264e-01	1.569943370271819627e-01	7.364709451765513726e-02	3.057924497008249545e-02	7.950001086681651730e-02
1.258304032571739299e+03	2.402773775393473588e-01	1.562154696101910323e-01	2.626078146558550874e-01	1.570731782922291375e-01	7.367562420599498008e-02	3.059954035181652182e-02	7.955099534433245079e-02
1.259755363635835920e+03	2.400906413766935865e-01	1.560916609172651737e-01	2.627399945008845883e-01	1.571518930526840385e-01	7.370410359288835644e-02	3.061981004557324387e-02	7.960189651377755360e-02
1.261206694699932314e+03	2.399042374408973111e-01	1.559680456891371914e-01	2.628719339699732149e-01	1.572304815272092815e-01	7.373253279265493121e-02	3.064005406628753439e-02	7.965271451360707300e-02
1.262658025764028707e+03	2.397181651174524197e-01	1.558446236423605691e-01	2.630036334755940231e-01	1.573089439339864781e-01	7.376091191928925428e-02	3.066027242899376296e-02	7.970344948209003022e-02
1.264109356828125556e+03	2.395324237930705202e-01	1.557213944938317385e-01	2.631350934295503818e-01	1.573872804907182898e-01	7.378924108646187086e-02	3.068046514882507778e-02	7.975410155730862372e-02
1.265560687892221949e+03	2.393470128556781096e-01	1.555983579607900513e-01	2.632663142429771952e-01	1.574654914146305096e-01	7.381752040752044552e-02	3.070063224101266669e-02	7.980467087715756302e-02
1.267012018956318798e+03	2.391619316944140761e-01	1.554755137608174742e-01	2.633972963263415679e-01	1.575435769224741156e-01	7.384574999549084473e-02	3.072077372088503899e-02	7.985515757934340264e-02
1.268463350020415419e+03	2.389771796996267295e-01	1.553528616118386441e-01	2.635280400894441932e-01	1.576215372305273532e-01	7.387392996307828863e-02	3.074088960386729685e-02	7.990556180138397302e-02
1.269914681084511813e+03	2.387927562628713030e-01	1.552304012321206184e-01	2.636585459414203525e-01	1.576993725545976777e-01	7.390206042266837805e-02	3.076097990548042407e-02	7.995588368060776996e-02
1.271366012148608434e+03	2.386086607769072609e-01	1.551081323402727918e-01	2.637888142907405253e-01	1.577770831100237525e-01	7.393014148632826021e-02	3.078104464134056098e-02	8.000612335415333010e-02
1.272817343212705055e+03	2.384248926356955511e-01	1.549860546552466745e-01	2.639188455452119997e-01	1.578546691116775591e-01	7.395817326580769735e-02	3.080108382715830359e-02	8.005628095896868968e-02
1.274268674276801676e+03	2.382414512343959956e-01	1.548641678963358637e-01	2.640486401119794269e-01	1.579321307739662283e-01	7.398615587254012138e-02	3.082109747873799238e-02	8.010635663181082944e-02
1.275720005340898297e+03	2.380583359693646262e-01	1.547424717831758778e-01	2.641781983975260428e-01	1.580094683108340115e-01	7.401408941764378580e-02	3.084108561197701492e-02	8.015635050924513338e-02
1.277171336404994690e+03	2.378755462381510200e-01	1.546209660357439064e-01	2.643075208076746119e-01	1.580866819357642505e-01	7.404197401192276484e-02	3.086104824286509118e-02	8.020626272764487530e-02
1.278622667469091539e+03	2.376930814394957181e-01	1.544996503743587546e-01	2.644366077475884813e-01	1.581637718617812105e-01	7.406980976586807763e-02	3.088098538748359351e-02	8.025609342319067752e-02
1.280073998533187932e+03	2.375109409733274779e-01	1.543785245196807321e-01	2.645654596217726917e-01	1.582407383014520497e-01	7.409759678965875673e-02	3.090089706200484926e-02	8.030584273186999744e-02
1.281525329597284326e+03	2.373291242407607471e-01	1.542575881927114034e-01	2.646940768340747541e-01	1.583175814668885961e-01	7.412533519316290287e-02	3.092078328269145387e-02	8.035551078947671122e-02
1.282976660661381175e+03	2.371476306440930271e-01	1.541368411147935602e-01	2.648224597876857045e-01	1.583943015697493739e-01	7.415302508593872577e-02	3.094064406589557698e-02	8.040509773161061413e-02
1.284427991725477568e+03	2.369664595868022083e-01	1.540162830076109990e-01	2.649506088851412700e-01	1.584708988212412129e-01	7.418066657723566826e-02	3.096047942805829623e-02	8.045460369367692099e-02
1.285879322789574417e+03	2.367856104735439893e-01	1.538959135931883826e-01	2.650785245283227565e-01	1.585473734321212191e-01	7.420825977599537771e-02	3.098028938570890345e-02	8.050402881088591922e-02
1.287330653853671038e+03	2.366050827101493226e-01	1.537757325938910735e-01	2.652062071184581038e-01	1.586237256126985795e-01	7.423580479085280237e-02	3.100007395546424890e-02	8.055337321825245533e-02
1.288781984917767431e+03	2.364248757036217508e-01	1.536557397324250229e-01	2.653336570561226626e-01	1.586999555728362543e-01	7.426330173013724611e-02	3.101983315402805086e-02	8.060263705059554640e-02
1.290233315981864052e+03	2.362449888621348248e-01	1.535359347318365764e-01	2.654608747412405823e-01	1.587760635219528371e-01	7.429075070187338148e-02	3.103956699819024681e-02	8.065182044253799143e-02
