1.001418434226643626e+03	2.791945002703385414e-01	1.814405310230587376e-01	2.350171443253264991e-01	1.409251479014047570e-01	6.772065134739065073e-02	2.660089398666781388e-02	6.910113114557905889e-02
1.002869765290740247e+03	2.789380660872793904e-01	1.812775078825021591e-01	2.351992097164155859e-01	1.410302440585735062e-01	6.776006547431036309e-02	2.662581122095073263e-02	6.916909555973427270e-02
1.004321096354836754e+03	2.786820954810606543e-01	1.811147338485700198e-01	2.353809509740097949e-01	1.411351639379974376e-01	6.779940235793918690e-02	2.665070209416381397e-02	6.923695130602508518e-02
1.005772427418933376e+03	2.784265875647689570e-01	1.809522085802040547e-01	2.355623686454873245e-01	1.412399079165495286e-01	6.783866219767011041e-02	2.667556658737862615e-02	6.930469850770734630e-02
1.007223758483029997e+03	2.781715414533833530e-01	1.807899317366580549e-01	2.357434632773063865e-01	1.413444763693898765e-01	6.787784519224314417e-02	2.670040468199773309e-02	6.937233728878741679e-02
1.008675089547126618e+03	2.779169562637702207e-01	1.806279029774983114e-01	2.359242354150074550e-01	1.414488696699830739e-01	6.791695153974770804e-02	2.672521635975266124e-02	6.943986777400648625e-02
1.010126420611223239e+03	2.776628311146782102e-01	1.804661219626039204e-01	2.361046856032156249e-01	1.415530881901157778e-01	6.795598143762535126e-02	2.675000160270186653e-02	6.950729008882518267e-02
1.011577751675319632e+03	2.774091651267331926e-01	1.803045883521672832e-01	2.362848143856426386e-01	1.416571322999136129e-01	6.799493508267213937e-02	2.677476039322872897e-02	6.957460435940833465e-02
1.013029082739416367e+03	2.771559574224332079e-01	1.801433018066943004e-01	2.364646223050894114e-01	1.417610023678582687e-01	6.803381267104122165e-02	2.679949271403954392e-02	6.964181071260998335e-02
1.014480413803512761e+03	2.769032071261435246e-01	1.799822619870048712e-01	2.366441099034479467e-01	1.418646987608040422e-01	6.807261439824535687e-02	2.682419854816153054e-02	6.970890927595871367e-02
1.015931744867609382e+03	2.766509133640914775e-01	1.798214685542332547e-01	2.368232777217036678e-01	1.419682218439942412e-01	6.811134045915936963e-02	2.684887787894085429e-02	6.977590017764306873e-02
1.017383075931706003e+03	2.763990752643617488e-01	1.796609211698284303e-01	2.370021262999376099e-01	1.420715719810774491e-01	6.814999104802267615e-02	2.687353069004065967e-02	6.984278354649728349e-02
1.018834406995802851e+03	2.761476919568914834e-01	1.795006194955543477e-01	2.371806561773284749e-01	1.421747495341235679e-01	6.818856635844171288e-02	2.689815696543911006e-02	6.990955951198719875e-02
1.020285738059899245e+03	2.758967625734649043e-01	1.793405631934904265e-01	2.373588678921549067e-01	1.422777548636394718e-01	6.822706658339242058e-02	2.692275668942744130e-02	6.997622820419635570e-02
1.021737069123995752e+03	2.756462862477089826e-01	1.791807519260318338e-01	2.375367619817973230e-01	1.423805883285846896e-01	6.826549191522270077e-02	2.694732984660802230e-02	7.004278975381239558e-02
1.023188400188092373e+03	2.753962621150882195e-01	1.790211853558897892e-01	2.377143389827404418e-01	1.424832502863867256e-01	6.830384254565484425e-02	2.697187642189243992e-02	7.010924429211354281e-02
1.024639731252188767e+03	2.751466893128998170e-01	1.788618631460919817e-01	2.378915994305750292e-01	1.425857410929561586e-01	6.834211866578795980e-02	2.699639640049958031e-02	7.017559195095542102e-02
1.026091062316285615e+03	2.748975669802690702e-01	1.787027849599829299e-01	2.380685438600001758e-01	1.426880611027016854e-01	6.838032046610041659e-02	2.702088976795371383e-02	7.024183286275793858e-02
1.027542393380382237e+03	2.746488942581443715e-01	1.785439504612242045e-01	2.382451728048251838e-01	1.427902106685448591e-01	6.841844813645221735e-02	2.704535651008263195e-02	7.030796716049249329e-02
1.028993724444478858e+03	2.744006702892922700e-01	1.783853593137948446e-01	2.384214867979717600e-01	1.428921901419345775e-01	6.845650186608744081e-02	2.706979661301573553e-02	7.037399497766928802e-02
1.030445055508575479e+03	2.741528942182930861e-01	1.782270111819916625e-01	2.385974863714759864e-01	1.429939998728614881e-01	6.849448184363655934e-02	2.709421006318218222e-02	7.043991644832488241e-02
1.031896386572671872e+03	2.739055651915359157e-01	1.780689057304295497e-01	2.387731720564903737e-01	1.430956402098721714e-01	6.853238825711889526e-02	2.711859684730902331e-02	7.050573170700991099e-02
1.033347717636768493e+03	2.736586823572138560e-01	1.779110426240418374e-01	2.389485443832857769e-01	1.431971115000830741e-01	6.857022129394495236e-02	2.714295695241934411e-02	7.057144088877698174e-02
1.034799048700865114e+03	2.734122448653194537e-01	1.777534215280805741e-01	2.391236038812534215e-01	1.432984140891943592e-01	6.860798114091873345e-02	2.716729036583043905e-02	7.063704412916881059e-02
1.036250379764961508e+03	2.731662518676398754e-01	1.775960421081168861e-01	2.392983510789069845e-01	1.433995483215034505e-01	6.864566798424016902e-02	2.719159707515197283e-02	7.070254156420648084e-02
1.037701710829058356e+03	2.729207025177523005e-01	1.774389040300412002e-01	2.394727865038843440e-01	1.435005145399185222e-01	6.868328200950736540e-02	2.721587706828416942e-02	7.076793333037791067e-02
1.039153041893154750e+03	2.726755959710193689e-01	1.772820069600636317e-01	2.396469106829497153e-01	1.436013130859717379e-01	6.872082340171899173e-02	2.724013033341598708e-02	7.083321956462645952e-02
1.040604372957251599e+03	2.724309313845841296e-01	1.771253505647142346e-01	2.398207241419955116e-01	1.437019442998322405e-01	6.875829234527659761e-02	2.726435685902333858e-02	7.089840040433979806e-02
1.042055704021347992e+03	2.721867079173660997e-01	1.769689345108433898e-01	2.399942274060442027e-01	1.438024085203191971e-01	6.879568902398687513e-02	2.728855663386729746e-02	7.096347598733881989e-02
1.043507035085444613e+03	2.719429247300561014e-01	1.768127584656219164e-01	2.401674209992503695e-01	1.439027060849144279e-01	6.883301362106397647e-02	2.731272964699231823e-02	7.102844645186683070e-02
1.044958366149541234e+03	2.716995809851117660e-01	1.766568220965415992e-01	2.403403054449024523e-01	1.440028373297750075e-01	6.887026631913178987e-02	2.733687588772445998e-02	7.109331193657886239e-02
1.046409697213637855e+03	2.714566758467533703e-01	1.765011250714152991e-01	2.405128812654246939e-01	1.441028025897456433e-01	6.890744730022624331e-02	2.736099534566964128e-02	7.115807258053111206e-02
1.047861028277734476e+03	2.712142084809587295e-01	1.763456670583772590e-01	2.406851489823789991e-01	1.442026021983709161e-01	6.894455674579755278e-02	2.738508801071188811e-02	7.122272852317065861e-02
1.049312359341831097e+03	2.709721780554590898e-01	1.761904477258834922e-01	2.408571091164668498e-01	1.443022364879073538e-01	6.898159483671247039e-02	2.740915387301158176e-02	7.128727990432517925e-02
1.050763690405927491e+03	2.707305837397345760e-01	1.760354667427119213e-01	2.410287621875310260e-01	1.444017057893353384e-01	6.901856175325653264e-02	2.743319292300375190e-02	7.135172686419297139e-02
1.052215021470024112e+03	2.704894247050093625e-01	1.758807237779627664e-01	2.412001087145575484e-01	1.445010104323708744e-01	6.905545767513628086e-02	2.745720515139634180e-02	7.141606954333301616e-02
1.053666352534120733e+03	2.702487001242475095e-01	1.757262185010587396e-01	2.413711492156774274e-01	1.446001507454771351e-01	6.909228278148153712e-02	2.748119054916850143e-02	7.148030808265525005e-02
1.055117683598217127e+03	2.700084091721486890e-01	1.755719505817453507e-01	2.415418842081685780e-01	1.446991270558759812e-01	6.912903725084758311e-02	2.750514910756888393e-02	7.154444262341104477e-02
1.056569014662313975e+03	2.697685510251432994e-01	1.754179196900911564e-01	2.417123142084574572e-01	1.447979396895592852e-01	6.916572126121738051e-02	2.752908081811396290e-02	7.160847330718364545e-02
1.058020345726410369e+03	2.695291248613881918e-01	1.752641254964879824e-01	2.418824397321210073e-01	1.448965889712999222e-01	6.920233499000374988e-02	2.755298567258634285e-02	7.167240027587896967e-02
1.059471676790506763e+03	2.692901298607625615e-01	1.751105676716513126e-01	2.420522612938883211e-01	1.449950752246629282e-01	6.923887861405157718e-02	2.757686366303309031e-02	7.173622367171643421e-02
1.060923007854603611e+03	2.690515652048630635e-01	1.749572458866203717e-01	2.422217794076424180e-01	1.450933987720162688e-01	6.927535230963999258e-02	2.760071478176407203e-02	7.179994363721994843e-02
1.062374338918700232e+03	2.688134300769999818e-01	1.748041598127584861e-01	2.423909945864220761e-01	1.451915599345416363e-01	6.931175625248453542e-02	2.762453902135030351e-02	7.186356031520903243e-02
1.063825669982796853e+03	2.685757236621925115e-01	1.746513091217533065e-01	2.425599073424235530e-01	1.452895590322449970e-01	6.934809061773929140e-02	2.764833637462229057e-02	7.192707384879010180e-02
1.065277001046893474e+03	2.683384451471644838e-01	1.744986934856170013e-01	2.427285181870022235e-01	1.453873963839669436e-01	6.938435557999909908e-02	2.767210683466841264e-02	7.199048438134786343e-02
1.066728332110990095e+03	2.681015937203401478e-01	1.743463125766866184e-01	2.428968276306743834e-01	1.454850723073931595e-01	6.942055131330163165e-02	2.769585039483328862e-02	7.205379205653685004e-02
1.068179663175086489e+03	2.678651685718397291e-01	1.741941660676241399e-01	2.430648361831189430e-01	1.455825871190644383e-01	6.945667799112957563e-02	2.771956704871614621e-02	7.211699701827309350e-02
1.069630994239183110e+03	2.676291688934752666e-01	1.740422536314169544e-01	2.432325443531791198e-01	1.456799411343867867e-01	6.949273578641269877e-02	2.774325679016924340e-02	7.218009941072592306e-02
1.071082325303279504e+03	2.673935938787464495e-01	1.738905749413778290e-01	2.433999526488642151e-01	1.457771346676413338e-01	6.952872487153005654e-02	2.776691961329623426e-02	7.224309937830990236e-02
1.072533656367376352e+03	2.671584427228360648e-01	1.737391296711453259e-01	2.435670615773510850e-01	1.458741680319941003e-01	6.956464541831199055e-02	2.779055551245060429e-02	7.230599706567684970e-02
1.073984987431472746e+03	2.669237146226060009e-01	1.735879174946839965e-01	2.437338716449860276e-01	1.459710415395056582e-01	6.960049759804226577e-02	2.781416448223407792e-02	7.236879261770803873e-02
1.075436318495569594e+03	2.666894087765928623e-01	1.734369380862844645e-01	2.439003833572863655e-01	1.460677555011406226e-01	6.963628158146020763e-02	2.783774651749504683e-02	7.243148617950649626e-02
1.076887649559666215e+03	2.664555243850039168e-01	1.732861911205638705e-01	2.440665972189420552e-01	1.461643102267770611e-01	6.967199753876268664e-02	2.786130161332700181e-02	7.249407789638943889e-02
1.078338980623762609e+03	2.662220606497128772e-01	1.731356762724658716e-01	2.442325137338173802e-01	1.462607060252159030e-01	6.970764563960626936e-02	2.788482976506698532e-02	7.255656791388073734e-02
1.079790311687859230e+03	2.659890167742556821e-01	1.729853932172610020e-01	2.443981334049525611e-01	1.463569432041898488e-01	6.974322605310923073e-02	2.790833096829403726e-02	7.261895637770367229e-02
1.081241642751955851e+03	2.657563919638262773e-01	1.728353416305468127e-01	2.445634567345654486e-01	1.464530220703726127e-01	6.977873894785362185e-02	2.793180521882765444e-02	7.268124343377363461e-02
1.082692973816052472e+03	2.655241854252726186e-01	1.726855211882481200e-01	2.447284842240529668e-01	1.465489429293878043e-01	6.981418449188731001e-02	2.795525251272627104e-02	7.274342922819100610e-02
1.084144304880149093e+03	2.652923963670923979e-01	1.725359315666171456e-01	2.448932163739929446e-01	1.466447060858176998e-01	6.984956285272600485e-02	2.797867284628572163e-02	7.280551390723416505e-02
1.085595635944245487e+03	2.650610239994291017e-01	1.723865724422337375e-01	2.450576536841455322e-01	1.467403118432120124e-01	6.988487419735531225e-02	2.800206621603773885e-02	7.286749761735265840e-02
1.087046967008342108e+03	2.648300675340676813e-01	1.722374434920056485e-01	2.452217966534548932e-01	1.468357605040963854e-01	6.992011869223270504e-02	2.802543261874844427e-02	7.292938050516031834e-02
1.088498298072438729e+03	2.645995261844307778e-01	1.720885443931685632e-01	2.453856457800507596e-01	1.469310523699809690e-01	6.995529650328956295e-02	2.804877205141684954e-02	7.299116271742861484e-02
1.089949629136535123e+03	2.643693991655743369e-01	1.719398748232864871e-01	2.455492015612499301e-01	1.470261877413686358e-01	6.999040779593315720e-02	2.807208451127337495e-02	7.305284440108011923e-02
1.091400960200631971e+03	2.641396856941838900e-01	1.717914344602517740e-01	2.457124644935579083e-01	1.471211669177634740e-01	7.002545273504863499e-02	2.809536999577835759e-02	7.311442570318196776e-02
1.092852291264728365e+03	2.639103849885701680e-01	1.716432229822854594e-01	2.458754350726704840e-01	1.472159901976787533e-01	7.006043148500103179e-02	2.811862850262059413e-02	7.317590677093953333e-02
1.094303622328825213e+03	2.636814962686652719e-01	1.714952400679372602e-01	2.460381137934752049e-01	1.473106578786450571e-01	7.009534420963721424e-02	2.814186002971585249e-02	7.323728775169019434e-02
1.095754953392921607e+03	2.634530187560185643e-01	1.713474853960857969e-01	2.462005011500530138e-01	1.474051702572182210e-01	7.013019107228783688e-02	2.816506457520544585e-02	7.329856879289707583e-02
1.097206284457018228e+03	2.632249516737930062e-01	1.711999586459390377e-01	2.463625976356796643e-01	1.474995276289871593e-01	7.016497223576934061e-02	2.818824213745476162e-02	7.335975004214308204e-02
1.098657615521114849e+03	2.629972942467605490e-01	1.710526594970340486e-01	2.465244037428272750e-01	1.475937302885816371e-01	7.019968786238589553e-02	2.821139271505182164e-02	7.342083164712481791e-02
1.100108946585211470e+03	2.627700457012988600e-01	1.709055876292374376e-01	2.466859199631659116e-01	1.476877785296798751e-01	7.023433811393124671e-02	2.823451630680587007e-02	7.348181375564680207e-02
1.101560277649308091e+03	2.625432052653867698e-01	1.707587427227455490e-01	2.468471467875650305e-01	1.477816726450162377e-01	7.026892315169080971e-02	2.825761291174592668e-02	7.354269651561563814e-02
1.103011608713404712e+03	2.623167721686008869e-01	1.706121244580844076e-01	2.470080847060950047e-01	1.478754129263885608e-01	7.030344313644346088e-02	2.828068252911937128e-02	7.360348007503435264e-02
1.104462939777501106e+03	2.620907456421111559e-01	1.704657325161100245e-01	2.471687342080285399e-01	1.479689996646655348e-01	7.033789822846349404e-02	2.830372515839055247e-02	7.366416458199676054e-02
1.105914270841597499e+03	2.618651249186773056e-01	1.703195665780085633e-01	2.473290957818423119e-01	1.480624331497940316e-01	7.037228858752253569e-02	2.832674079923937216e-02	7.372475018468195584e-02
1.107365601905694348e+03	2.616399092326447962e-01	1.701736263252965065e-01	2.474891699152183266e-01	1.481557136708061828e-01	7.040661437289143232e-02	2.834972945155988730e-02	7.378523703134892697e-02
1.108816932969790741e+03	2.614150978199409892e-01	1.700279114398207114e-01	2.476489570950454189e-01	1.482488415158266237e-01	7.044087574334216562e-02	2.837269111545893605e-02	7.384562527033118606e-02
1.110268264033887590e+03	2.611906899180712061e-01	1.698824216037586876e-01	2.478084578074207234e-01	1.483418169720793489e-01	7.047507285714969816e-02	2.839562579125475342e-02	7.390591505003150929e-02
1.111719595097984211e+03	2.609666847661151201e-01	1.697371564996186244e-01	2.479676725376511459e-01	1.484346403258947067e-01	7.050920587209387469e-02	2.841853347947560435e-02	7.396610651891681598e-02
1.113170926162080832e+03	2.607430816047224820e-01	1.695921158102396409e-01	2.481266017702547233e-01	1.485273118627162547e-01	7.054327494546128174e-02	2.844141418085840631e-02	7.402619982551307543e-02
1.114622257226177226e+03	2.605198796761097335e-01	1.694472992187918414e-01	2.482852459889622054e-01	1.486198318671073382e-01	7.057728023404707951e-02	2.846426789634739010e-02	7.408619511840026928e-02
1.116073588290273847e+03	2.602970782240557890e-01	1.693027064087764821e-01	2.484436056767184153e-01	1.487122006227579729e-01	7.061122189415690309e-02	2.848709462709273985e-02	7.414609254620750656e-02
1.117524919354370468e+03	2.600746764938985378e-01	1.691583370640261652e-01	2.486016813156836924e-01	1.488044184124912850e-01	7.064510008160868049e-02	2.850989437444925723e-02	7.420589225760819418e-02
1.118976250418467089e+03	2.598526737325309033e-01	1.690141908687048944e-01	2.487594733872352804e-01	1.488964855182699776e-01	7.067891495173447836e-02	2.853266713997502577e-02	7.426559440131523526e-02
1.120427581482563710e+03	2.596310691883971788e-01	1.688702675073082415e-01	2.489169823719687702e-01	1.489884022212028258e-01	7.071266665938229223e-02	2.855541292543007856e-02	7.432519912607639390e-02
1.121878912546660331e+03	2.594098621114890868e-01	1.687265666646634577e-01	2.490742087496995161e-01	1.490801688015510051e-01	7.074635535891790616e-02	2.857813173277509028e-02	7.438470658066964614e-02
1.123330243610756725e+03	2.591890517533423366e-01	1.685830880259296949e-01	2.492311529994640507e-01	1.491717855387342528e-01	7.077998120422668293e-02	2.860082356417005534e-02	7.444411691389866970e-02
1.124781574674853118e+03	2.589686373670324060e-01	1.684398312765979511e-01	2.493878155995214452e-01	1.492632527113371688e-01	7.081354434871539594e-02	2.862348842197297988e-02	7.450343027458840306e-02
1.126232905738949967e+03	2.587486182071712104e-01	1.682967961024912917e-01	2.495441970273547527e-01	1.493545705971152382e-01	7.084704494531399166e-02	2.864612630873859811e-02	7.456264681158060459e-02
1.127684236803046360e+03	2.585289935299033837e-01	1.681539821897650444e-01	2.497002977596722850e-01	1.494457394730008826e-01	7.088048314647739379e-02	2.866873722721706777e-02	7.462176667372960592e-02
1.129135567867143209e+03	2.583097625929023367e-01	1.680113892249067986e-01	2.498561182724091390e-01	1.495367596151093992e-01	7.091385910418729344e-02	2.869132118035268644e-02	7.468079000989805150e-02
1.130586898931239830e+03	2.580909246553666492e-01	1.678690168947364891e-01	2.500116590407285289e-01	1.496276312987448176e-01	7.094717296995389777e-02	2.871387817128261827e-02	7.473971696895267969e-02
1.132038229995336451e+03	2.578724789780166282e-01	1.677268648864066736e-01	2.501669205390230077e-01	1.497183547984057561e-01	7.098042489481774797e-02	2.873640820333562412e-02	7.479854769976028439e-02
1.133489561059432845e+03	2.576544248230902001e-01	1.675849328874024491e-01	2.503219032409160216e-01	1.498089303877912226e-01	7.101361502935138459e-02	2.875891128003079875e-02	7.485728235118362106e-02
1.134940892123529466e+03	2.574367614543396909e-01	1.674432205855417299e-01	2.504766076192631585e-01	1.498993583398060825e-01	7.104674352366120715e-02	2.878138740507630786e-02	7.491592107207749318e-02
1.136392223187626087e+03	2.572194881370280517e-01	1.673017276689752475e-01	2.506310341461535640e-01	1.499896389265667485e-01	7.107981052738915340e-02	2.880383658236814609e-02	7.497446401128481097e-02
1.137843554251722708e+03	2.570026041379249726e-01	1.671604538261866058e-01	2.507851832929111624e-01	1.500797724194068705e-01	7.111281618971444785e-02	2.882625881598888801e-02	7.503291131763276112e-02
1.139294885315819101e+03	2.567861087253036079e-01	1.670193987459925311e-01	2.509390555300962111e-01	1.501697590888825540e-01	7.114576065935535043e-02	2.884865411020646336e-02	7.509126313992903201e-02
1.140746216379915950e+03	2.565700011689368565e-01	1.668785621175428169e-01	2.510926513275064664e-01	1.502595992047778273e-01	7.117864408457083569e-02	2.887102246947291159e-02	7.514951962695813614e-02
1.142197547444012343e+03	2.563542807400936430e-01	1.667379436303205453e-01	2.512459711541784046e-01	1.503492930361100821e-01	7.121146661316236914e-02	2.889336389842316402e-02	7.520768092747767697e-02
1.143648878508108737e+03	2.561389467115356977e-01	1.665975429741420044e-01	2.513990154783887210e-01	1.504388408511352082e-01	7.124422839247555872e-02	2.891567840187383651e-02	7.526574719021485171e-02
1.145100209572205586e+03	2.559239983575134492e-01	1.664573598391570208e-01	2.515517847676558283e-01	1.505282429173528114e-01	7.127692956940187563e-02	2.893796598482200472e-02	7.532371856386287090e-02
1.146551540636302207e+03	2.557094349537629707e-01	1.663173939158488490e-01	2.517042794887408008e-01	1.506174995015114593e-01	7.130957029038036132e-02	2.896022665244401759e-02	7.538159519707750278e-02
1.148002871700398828e+03	2.554952557775020394e-01	1.661776448950342544e-01	2.518565001076487619e-01	1.507066108696136220e-01	7.134215070139929282e-02	2.898246041009428994e-02	7.543937723847364551e-02
1.149454202764495449e+03	2.552814601074269718e-01	1.660381124678637632e-01	2.520084470896303275e-01	1.507955772869208066e-01	7.137467094799786194e-02	2.900466726330411943e-02	7.549706483662201040e-02
1.150905533828591842e+03	2.550680472237087382e-01	1.658987963258215514e-01	2.521601208991829379e-01	1.508843990179584427e-01	7.140713117526788223e-02	2.902684721778048954e-02	7.555465814004577729e-02
1.152356864892688463e+03	2.548550164079898539e-01	1.657596961607256392e-01	2.523115220000518022e-01	1.509730763265207387e-01	7.143953152785542660e-02	2.904900027940490737e-02	7.561215729721741663e-02
1.153808195956785084e+03	2.546423669433803272e-01	1.656208116647278905e-01	2.524626508552316739e-01	1.510616094756756511e-01	7.147187214996246485e-02	2.907112645423222744e-02	7.566956245655544200e-02
1.155259527020881706e+03	2.544300981144547169e-01	1.654821425303141802e-01	2.526135079269677952e-01	1.511499987277695745e-01	7.150415318534854292e-02	2.909322574848948600e-02	7.572687376642130153e-02
1.156710858084978327e+03	2.542182092072484689e-01	1.653436884503043658e-01	2.527640936767572288e-01	1.512382443444320601e-01	7.153637477733243433e-02	2.911529816857474223e-02	7.578409137511631088e-02
1.158162189149074720e+03	2.540066995092541968e-01	1.652054491178523987e-01	2.529144085653501905e-01	1.513263465865805069e-01	7.156853706879374999e-02	2.913734372105592288e-02	7.584121543087861406e-02
1.159613520213171569e+03	2.537955683094186288e-01	1.650674242264463520e-01	2.530644530527512148e-01	1.514143057144247961e-01	7.160064020217460357e-02	2.915936241266969126e-02	7.589824608188022736e-02
1.161064851277267962e+03	2.535848148981388883e-01	1.649296134699085314e-01	2.532142275982206536e-01	1.515021219874718161e-01	7.163268431948119352e-02	2.918135425032028843e-02	7.595518347622406963e-02
1.162516182341364356e+03	2.533744385672591637e-01	1.647920165423955585e-01	2.533637326602756756e-01	1.515897956645299860e-01	7.166466956228545460e-02	2.920331924107841606e-02	7.601202776194114497e-02
1.163967513405461204e+03	2.531644386100673771e-01	1.646546331383982875e-01	2.535129686966915985e-01	1.516773270037137245e-01	7.169659607172663984e-02	2.922525739218009844e-02	7.606877908698771174e-02
1.165418844469557826e+03	2.529548143212913547e-01	1.645174629527420274e-01	2.536619361645032211e-01	1.517647162624477797e-01	7.172846398851294436e-02	2.924716871102556529e-02	7.612543759924245146e-02
1.166870175533654447e+03	2.527455649970961060e-01	1.643805056805865417e-01	2.538106355200059894e-01	1.518519636974716425e-01	7.176027345292310122e-02	2.926905320517813464e-02	7.618200344650384592e-02
1.168321506597751068e+03	2.525366899350797723e-01	1.642437610174260487e-01	2.539590672187571618e-01	1.519390695648438760e-01	7.179202460480796355e-02	2.929091088236310605e-02	7.623847677648735999e-02
1.169772837661847461e+03	2.523281884342707948e-01	1.641072286590892493e-01	2.541072317155772531e-01	1.520260341199462517e-01	7.182371758359207270e-02	2.931274175046666430e-02	7.629485773682295746e-02
1.171224168725944082e+03	2.521200597951240852e-01	1.639709083017395208e-01	2.542551294645511439e-01	1.521128576174880787e-01	7.185535252827526809e-02	2.933454581753475870e-02	7.635114647505245045e-02
1.172675499790040703e+03	2.519123033195178052e-01	1.638347996418747787e-01	2.544027609190293027e-01	1.521995403115102286e-01	7.188692957743422762e-02	2.935632309177204496e-02	7.640734313862687643e-02
1.174126830854137097e+03	2.517049183107503141e-01	1.636989023763276430e-01	2.545501265316290063e-01	1.522860824553892989e-01	7.191844886922407754e-02	2.937807358154077494e-02	7.646344787490415296e-02
1.175578161918233945e+03	2.514979040735364491e-01	1.635632162022654934e-01	2.546972267542355617e-01	1.523724843018416653e-01	7.194991054137989117e-02	2.939979729535972114e-02	7.651946083114653796e-02
1.177029492982330339e+03	2.512912599140043057e-01	1.634277408171903589e-01	2.548440620380035271e-01	1.524587461029275337e-01	7.198131473121825719e-02	2.942149424190311849e-02	7.657538215451822894e-02
1.178480824046426733e+03	2.510849851396920740e-01	1.632924759189391117e-01	2.549906328333578776e-01	1.525448681100547987e-01	7.201266157563883386e-02	2.944316442999957498e-02	7.663121199208297596e-02
1.179932155110523581e+03	2.508790790595445963e-01	1.631574212056833839e-01	2.551369395899953929e-01	1.526308505739830124e-01	7.204395121112590339e-02	2.946480786863102386e-02	7.668695049080186121e-02
1.181383486174620202e+03	2.506735409839100370e-01	1.630225763759296786e-01	2.552829827568857124e-01	1.527166937448273254e-01	7.207518377374984297e-02	2.948642456693166200e-02	7.674259779753088428e-02
1.182834817238716823e+03	2.504683702245366073e-01	1.628879411285194256e-01	2.554287627822725559e-01	1.528023978720621512e-01	7.210635939916873460e-02	2.950801453418690559e-02	7.679815405901876946e-02
1.184286148302813444e+03	2.502635660945694007e-01	1.627535151626288146e-01	2.555742801136747233e-01	1.528879632045251069e-01	7.213747822262982223e-02	2.952957777983233889e-02	7.685361942190482853e-02
1.185737479366910065e+03	2.500591279085471186e-01	1.626192981777690449e-01	2.557195351978877595e-01	1.529733899904206496e-01	7.216854037897105223e-02	2.955111431345266645e-02	7.690899403271668489e-02
1.187188810431006686e+03	2.498550549823986000e-01	1.624852898737862705e-01	2.558645284809847320e-01	1.530586784773238507e-01	7.219954600262251665e-02	2.957262414478070006e-02	7.696427803786824728e-02
1.188640141495103080e+03	2.496513466334398523e-01	1.623514899508615994e-01	2.560092604083175627e-01	1.531438289121840601e-01	7.223049522760806307e-02	2.959410728369631441e-02	7.701947158365760049e-02
1.190091472559199701e+03	2.494480021803705816e-01	1.622178981095110384e-01	2.561537314245180275e-01	1.532288415413283200e-01	7.226138818754668236e-02	2.961556374022543056e-02	7.707457481626490969e-02
1.191542803623296322e+03	2.492450209432710562e-01	1.620845140505856874e-01	2.562979419734993658e-01	1.533137166104652505e-01	7.229222501565406300e-02	2.963699352453900288e-02	7.712958788175046376e-02
1.192994134687392716e+03	2.490424022435990536e-01	1.619513374752716284e-01	2.564418924984571135e-01	1.533984543646883247e-01	7.232300584474404825e-02	2.965839664695199551e-02	7.718451092605269070e-02
1.194445465751489564e+03	2.488401454041863636e-01	1.618183680850899531e-01	2.565855834418702131e-01	1.534830550484795608e-01	7.235373080723012107e-02	2.967977311792239364e-02	7.723934409498622866e-02
1.195896796815585958e+03	2.486382497492358179e-01	1.616856055818967908e-01	2.567290152455023455e-01	1.535675189057128243e-01	7.238440003512683352e-02	2.970112294805017997e-02	7.729408753423999690e-02
1.197348127879682352e+03	2.484367146043179042e-01	1.615530496678833361e-01	2.568721883504032077e-01	1.536518461796572699e-01	7.241501366005133333e-02	2.972244614807635979e-02	7.734874138937536392e-02
1.198799458943779200e+03	2.482355392963677965e-01	1.614207000455757934e-01	2.570151031969094002e-01	1.537360371129808112e-01	7.244557181322475170e-02	2.974374272888195836e-02	7.740330580582430176e-02
1.200250790007875821e+03	2.480347231536820241e-01	1.612885564178354048e-01	2.571577602246455929e-01	1.538200919477533679e-01	7.247607462547371593e-02	2.976501270148705289e-02	7.745778092888760957e-02
1.201702121071972442e+03	2.478342655059154187e-01	1.611566184878585051e-01	2.573001598725260242e-01	1.539040109254501965e-01	7.250652222723176499e-02	2.978625607704976988e-02	7.751216690373308182e-02
1.203153452136069063e+03	2.476341656840778671e-01	1.610248859591764670e-01	2.574423025787552222e-01	1.539877942869552485e-01	7.253691474854077892e-02	2.980747286686533104e-02	7.756646387539387066e-02
1.204604783200165684e+03	2.474344230205312578e-01	1.608933585356557283e-01	2.575841887808294484e-01	1.540714422725641963e-01	7.256725231905240825e-02	2.982866308236507141e-02	7.762067198876670959e-02
1.206056114264262078e+03	2.472350368489862893e-01	1.607620359214977090e-01	2.577258189155375856e-01	1.541549551219878189e-01	7.259753506802955891e-02	2.984982673511548182e-02	7.767479138861033139e-02
1.207507445328358699e+03	2.470360065044993891e-01	1.606309178212389221e-01	2.578671934189625814e-01	1.542383330743550829e-01	7.262776312434771064e-02	2.987096383681725476e-02	7.772882221954374726e-02
1.208958776392455093e+03	2.468373313234696054e-01	1.605000039397508904e-01	2.580083127264824472e-01	1.543215763682163344e-01	7.265793661649642965e-02	2.989207439930431989e-02	7.778276462604470642e-02
1.210410107456551941e+03	2.466390106436354146e-01	1.603692939822402019e-01	2.581491772727710909e-01	1.544046852415462412e-01	7.268805567258071476e-02	2.991315843454290385e-02	7.783661875244808626e-02
1.211861438520648335e+03	2.464410438040717799e-01	1.602387876542483436e-01	2.582897874918000380e-01	1.544876599317470678e-01	7.271812042032239909e-02	2.993421595463059345e-02	7.789038474294437964e-02
1.213312769584745183e+03	2.462434301451869034e-01	1.601084846616519231e-01	2.584301438168390974e-01	1.545705006756514510e-01	7.274813098706163494e-02	2.995524697179537815e-02	7.794406274157816839e-02
1.214764100648841804e+03	2.460461690087192288e-01	1.599783847106624468e-01	2.585702466804576383e-01	1.546532077095256197e-01	7.277808749975817060e-02	2.997625149839474104e-02	7.799765289224663833e-02
1.216215431712937971e+03	2.458492597377344435e-01	1.598484875078264311e-01	2.587100965145257003e-01	1.547357812690722256e-01	7.280799008499279357e-02	2.999722954691471169e-02	7.805115533869813604e-02
1.217666762777034819e+03	2.456527016766222871e-01	1.597187927600252633e-01	2.588496937502151041e-01	1.548182215894333413e-01	7.283783886896869064e-02	3.001818112996896062e-02	7.810457022453073939e-02
1.219118093841131440e+03	2.454564941710936088e-01	1.595893001744753126e-01	2.589890388180005609e-01	1.549005289051933187e-01	7.286763397751286342e-02	3.003910626029786951e-02	7.815789769319085589e-02
1.220569424905228061e+03	2.452606365681772038e-01	1.594600094587278749e-01	2.591281321476607835e-01	1.549827034503816203e-01	7.289737553607746057e-02	3.006000495076761175e-02	7.821113788797184885e-02
1.222020755969324682e+03	2.450651282162169264e-01	1.593309203206690061e-01	2.592669741682795959e-01	1.550647454584757612e-01	7.292706366974111010e-02	3.008087721436926779e-02	7.826429095201270503e-02
1.223472087033421303e+03	2.448699684648685815e-01	1.592020324685197163e-01	2.594055653082470436e-01	1.551466551624040013e-01	7.295669850321034877e-02	3.010172306421790567e-02	7.831735702829673018e-02
1.224923418097517697e+03	2.446751566650969545e-01	1.590733456108357757e-01	2.595439059952606708e-01	1.552284327945481768e-01	7.298628016082092662e-02	3.012254251355168250e-02	7.837033625965021677e-02
1.226374749161614318e+03	2.444806921691727308e-01	1.589448594565077422e-01	2.596819966563260196e-01	1.553100785867465028e-01	7.301580876653918084e-02	3.014333557573095970e-02	7.842322878874122272e-02
1.227826080225710712e+03	2.442865743306695814e-01	1.588165737147609335e-01	2.598198377177586282e-01	1.553915927702961552e-01	7.304528444396331255e-02	3.016410226423740445e-02	7.847603475807833628e-02
1.229277411289807560e+03	2.440928025044611371e-01	1.586884880951554000e-01	2.599574296051843647e-01	1.554729755759560739e-01	7.307470731632481620e-02	3.018484259267311537e-02	7.852875431000942708e-02
1.230728742353903954e+03	2.438993760467180472e-01	1.585606023075858684e-01	2.600947727435408696e-01	1.555542272339495713e-01	7.310407750648975633e-02	3.020555657475974473e-02	7.858138758672049418e-02
1.232180073418000802e+03	2.437062943149049254e-01	1.584329160622817145e-01	2.602318675570785000e-01	1.556353479739669976e-01	7.313339513696008598e-02	3.022624422433761032e-02	7.863393473023448654e-02
1.233631404482097196e+03	2.435135566677774643e-01	1.583054290698069355e-01	2.603687144693615507e-01	1.557163380251683771e-01	7.316266032987497892e-02	3.024690555536483846e-02	7.868639588241013727e-02
1.235082735546193817e+03	2.433211624653794924e-01	1.581781410410599831e-01	2.605053139032693643e-01	1.557971976161858507e-01	7.319187320701213417e-02	3.026754058191650013e-02	7.873877118494090888e-02
1.236534066610290438e+03	2.431291110690399770e-01	1.580510516872740134e-01	2.606416662809971641e-01	1.558779269751264240e-01	7.322103388978909444e-02	3.028814931818374009e-02	7.879106077935382757e-02
1.237985397674387059e+03	2.429374018413700820e-01	1.579241607200165265e-01	2.607777720240573860e-01	1.559585263295742708e-01	7.325014249926455057e-02	3.030873177847294084e-02	7.884326480700849793e-02
1.239436728738483680e+03	2.427460341462603088e-01	1.577974678511894491e-01	2.609136315532805117e-01	1.560389959065935084e-01	7.327919915613961832e-02	3.032928797720485514e-02	7.889538340909599268e-02
1.240888059802580301e+03	2.425550073488774994e-01	1.576709727930291904e-01	2.610492452888164561e-01	1.561193359327303631e-01	7.330820398075914290e-02	3.034981792891375610e-02	7.894741672663783960e-02
1.242339390866676695e+03	2.423643208156619211e-01	1.575446752581064203e-01	2.611846136501353444e-01	1.561995466340158900e-01	7.333715709311300346e-02	3.037032164824661137e-02	7.899936490048503623e-02
1.243790721930773088e+03	2.421739739143245196e-01	1.574185749593260686e-01	2.613197370560287336e-01	1.562796282359681932e-01	7.336605861283737595e-02	3.039079914996224360e-02	7.905122807131703677e-02
1.245242052994869937e+03	2.419839660138438375e-01	1.572926716099273536e-01	2.614546159246106116e-01	1.563595809635949796e-01	7.339490865921599605e-02	3.041125044893048732e-02	7.910300637964086390e-02
1.246693384058966330e+03	2.417942964844631559e-01	1.571669649234836430e-01	2.615892506733185630e-01	1.564394050413958903e-01	7.342370735118143588e-02	3.043167556013136668e-02	7.915469996579008183e-02
1.248144715123063179e+03	2.416049646976876908e-01	1.570414546139023981e-01	2.617236417189146014e-01	1.565191006933647766e-01	7.345245480731639465e-02	3.045207449865427324e-02	7.920630896992392200e-02
1.249596046187159800e+03	2.414159700262817898e-01	1.569161403954251743e-01	2.618577894774865578e-01	1.565986681429920868e-01	7.348115114585494767e-02	3.047244727969715405e-02	7.925783353202639492e-02
1.251047377251256421e+03	2.412273118442657960e-01	1.567910219826274543e-01	2.619916943644487461e-01	1.566781076132672257e-01	7.350979648468376759e-02	3.049279391856567559e-02	7.930927379190540194e-02
1.252498708315352815e+03	2.410389895269134664e-01	1.566660990904187589e-01	2.621253567945432961e-01	1.567574193266807747e-01	7.353839094134342891e-02	3.051311443067243612e-02	7.936062988919186101e-02
1.253950039379449436e+03	2.408510024507490299e-01	1.565413714340424534e-01	2.622587771818411517e-01	1.568366035052267127e-01	7.356693463302960145e-02	3.053340883153615043e-02	7.941190196333887397e-02
1.255401370443546057e+03	2.406633499935443565e-01	1.564168387290755802e-01	2.623919559397431822e-01	1.569156603704047193e-01	7.359542767659429940e-02	3.055367713678084837e-02	7.946309015362094941e-02
1.256852701507642678e+03	2.404760315343160704e-01	1.562925006914291093e-01	2.625248934809809587e-01	1.569945901432223678e-01	7.362387018854718579e-02	3.057391936213507688e-02	7.951419459913314225e-02
1.258304032571739299e+03	2.402890464533228299e-01	1.561683570373475771e-01	2.626575902176180310e-01	1.570733930441973181e-01	7.365226228505671047e-02	3.059413552343111242e-02	7.956521543879031821e-02
1.259755363635835920e+03	2.401023941320624411e-01	1.560444074834091421e-01	2.627900465610508718e-01	1.571520692933595087e-01	7.368060408195137301e-02	3.061432563660416648e-02	7.961615281132634891e-02
1.261206694699932314e+03	2.399160739532690823e-01	1.559206517465255015e-01	2.629222629220100416e-01	1.572306191102532946e-01	7.370889569472094394e-02	3.063448971769160145e-02	7.966700685529337633e-02
1.262658025764028707e+03	2.397300853009104449e-01	1.557970895439418080e-01	2.630542397105610775e-01	1.573090427139395286e-01	7.373713723851767210e-02	3.065462778283215353e-02	7.971777770906114668e-02
1.264109356828125556e+03	2.395444275601850415e-01	1.556737205932365864e-01	2.631859773361055477e-01	1.573873403229977541e-01	7.376532882815746428e-02	3.067473984826516245e-02	7.976846551081620551e-02
1.265560687892221949e+03	2.393591001175193467e-01	1.555505446123216784e-01	2.633174762073822173e-01	1.574655121555282866e-01	7.379347057812118971e-02	3.069482593032978393e-02	7.981907039856124542e-02
1.267012018956318798e+03	2.391741023605651051e-01	1.554275613194421590e-01	2.634487367324677698e-01	1.575435584291541846e-01	7.382156260255576252e-02	3.071488604546425069e-02	7.986959251011445382e-02
1.268463350020415419e+03	2.389894336781965001e-01	1.553047704331762813e-01	2.635797593187783061e-01	1.576214793610233589e-01	7.384960501527540466e-02	3.073492021020506754e-02	7.992003198310884682e-02
1.269914681084511813e+03	2.388050934605073228e-01	1.551821716724352818e-01	2.637105443730698440e-01	1.576992751678106541e-01	7.387759792976282547e-02	3.075492844118629318e-02	7.997038895499154754e-02
1.271366012148608434e+03	2.386210810988083908e-01	1.550597647564634918e-01	2.638410923014397058e-01	1.577769460657197920e-01	7.390554145917037354e-02	3.077491075513875962e-02	8.002066356302327266e-02
1.272817343212705055e+03	2.384373959856247172e-01	1.549375494048380875e-01	2.639714035093274069e-01	1.578544922704853415e-01	7.393343571632124411e-02	3.079486716888933662e-02	8.007085594427766628e-02
1.274268674276801676e+03	2.382540375146927070e-01	1.548155253374690898e-01	2.641014784015156547e-01	1.579319139973748010e-01	7.396128081371067253e-02	3.081479769936017188e-02	8.012096623564068931e-02
1.275720005340898297e+03	2.380710050809575484e-01	1.546936922745991982e-01	2.642313173821315142e-01	1.580092114611904019e-01	7.398907686350708612e-02	3.083470236356795555e-02	8.017099457381006433e-02
1.277171336404994690e+03	2.378882980805704650e-01	1.545720499368037903e-01	2.643609208546471301e-01	1.580863848762711910e-01	7.401682397755326992e-02	3.085458117862317773e-02	8.022094109529469275e-02
1.278622667469091539e+03	2.377059159108859121e-01	1.544505980449908111e-01	2.644902892218810586e-01	1.581634344564948613e-01	7.404452226736749076e-02	3.087443416172939992e-02	8.027080593641414130e-02
1.280073998533187932e+03	2.375238579704589403e-01	1.543293363204006896e-01	2.646194228859991004e-01	1.582403604152796406e-01	7.407217184414470468e-02	3.089426133018252640e-02	8.032058923329805922e-02
1.281525329597284326e+03	2.373421236590425032e-01	1.542082644846061446e-01	2.647483222485152443e-01	1.583171629655862334e-01	7.409977281875770871e-02	3.091406270137006529e-02	8.037029112188567859e-02
1.282976660661381175e+03	2.371607123775847925e-01	1.540873822595122955e-01	2.648769877102928327e-01	1.583938423199196255e-01	7.412732530175827894e-02	3.093383829277041377e-02	8.041991173792532865e-02
1.284427991725477568e+03	2.369796235282264629e-01	1.539666893673563020e-01	2.650054196715455612e-01	1.584703986903309436e-01	7.415482940337829454e-02	3.095358812195213999e-02	8.046945121697388070e-02
1.285879322789574417e+03	2.367988565142980506e-01	1.538461855307075021e-01	2.651336185318382554e-01	1.585468322884193704e-01	7.418228523353087578e-02	3.097331220657326134e-02	8.051890969439633172e-02
1.287330653853671038e+03	2.366184107403171699e-01	1.537258704724671077e-01	2.652615846900880925e-01	1.586231433253338374e-01	7.420969290181153588e-02	3.099301056438055063e-02	8.056828730536531868e-02
1.288781984917767431e+03	2.364382856119860432e-01	1.536057439158683424e-01	2.653893185445656555e-01	1.586993320117748296e-01	7.423705251749930512e-02	3.101268321320880400e-02	8.061758418486066058e-02
1.290233315981864052e+03	2.362584805361886975e-01	1.534858055844761926e-01	2.655168204928955444e-01	1.587753985579962446e-01	7.426436418955785490e-02	3.103233017098015745e-02	8.066680046766891432e-02
