1.001418434226643626e+03	2.791909678045471632e-01	1.814032031577768878e-01	2.350344328253589077e-01	1.409357123381675403e-01	6.771963501293462584e-02	2.660861269656343217e-02	6.910743616441604453e-02
1.002869765290740247e+03	2.789346704400635368e-01	1.812397933741756451e-01	2.352167892677687333e-01	1.410408577309376077e-01	6.775885556322473746e-02	2.663357674685082679e-02	6.917545687674353516e-02
1.004321096354836754e+03	2.786788376567455039e-01	1.810766327108219720e-01	2.353988230542121973e-01	1.411458262484281689e-01	6.779799800111839525e-02	2.665851355804152792e-02	6.924336877039687088e-02
1.005772427418933376e+03	2.784234685556831179e-01	1.809137208346545123e-01	2.355805347268320471e-01	1.412506182686803502e-01	6.783706253701503319e-02	2.668342310921966234e-02	6.931117196767982991e-02
1.007223758483029997e+03	2.781685622399370783e-01	1.807510574128662340e-01	2.357619248268542633e-01	1.413552341680334168e-01	6.787604938056727988e-02	2.670830537984687780e-02	6.937886659165934389e-02
1.008675089547126618e+03	2.779141178145328461e-01	1.805886421129049013e-01	2.359429938945906413e-01	1.414596743211421759e-01	6.791495874068410876e-02	2.673316034975991781e-02	6.944645276614988538e-02
1.010126420611223239e+03	2.776601343864553151e-01	1.804264746024739630e-01	2.361237424694409837e-01	1.415639391009939907e-01	6.795379082553405781e-02	2.675798799916823817e-02	6.951393061569789700e-02
1.011577751675319632e+03	2.774066110646433159e-01	1.802645545495330515e-01	2.363041710898957093e-01	1.416680288789257947e-01	6.799254584254840750e-02	2.678278830865163732e-02	6.958130026556653969e-02
1.013029082739416367e+03	2.771535469599841761e-01	1.801028816222988715e-01	2.364842802935378796e-01	1.417719440246407170e-01	6.803122399842430335e-02	2.680756125915786242e-02	6.964856184172064923e-02
1.014480413803512761e+03	2.769009411853084468e-01	1.799414554892456442e-01	2.366640706170458075e-01	1.418756849062243752e-01	6.806982549912794778e-02	2.683230683200027791e-02	6.971571547081195641e-02
1.015931744867609382e+03	2.766487928553841846e-01	1.797802758191059669e-01	2.368435425961952501e-01	1.419792518901613343e-01	6.810835054989765325e-02	2.685702500885552013e-02	6.978276128016450142e-02
1.017383075931706003e+03	2.763971010869120115e-01	1.796193422808713136e-01	2.370226967658616291e-01	1.420826453413509549e-01	6.814679935524706189e-02	2.688171577176115892e-02	6.984969939776022874e-02
1.018834406995802851e+03	2.761458649985195080e-01	1.794586545437928393e-01	2.372015336600224455e-01	1.421858656231231588e-01	6.818517211896814312e-02	2.690637910311339739e-02	6.991652995222485956e-02
1.020285738059899245e+03	2.758950837107558840e-01	1.792982122773818798e-01	2.373800538117593617e-01	1.422889130972541105e-01	6.822346904413434387e-02	2.693101498566476126e-02	6.998325307281395846e-02
1.021737069123995752e+03	2.756447563460868722e-01	1.791380151514107011e-01	2.375582577532606432e-01	1.423917881239814276e-01	6.826169033310361400e-02	2.695562340252181596e-02	7.004986888939920830e-02
1.023188400188092373e+03	2.753948820288892319e-01	1.789780628359131098e-01	2.377361460158231854e-01	1.424944910620195571e-01	6.829983618752150099e-02	2.698020433714289068e-02	7.011637753245480997e-02
1.024639731252188767e+03	2.751454598854455869e-01	1.788183550011850642e-01	2.379137191298548171e-01	1.425970222685745414e-01	6.833790680832414755e-02	2.700475777333580935e-02	7.018277913304429849e-02
1.026091062316285615e+03	2.748964890439393183e-01	1.786588913177853399e-01	2.380909776248764098e-01	1.426993820993588680e-01	6.837590239574134476e-02	2.702928369525564242e-02	7.024907382280731749e-02
1.027542393380382237e+03	2.746479686344492355e-01	1.784996714565361131e-01	2.382679220295240985e-01	1.428015709086060403e-01	6.841382314929950192e-02	2.705378208740247953e-02	7.031526173394675450e-02
1.028993724444478858e+03	2.743998977889444690e-01	1.783406950885235709e-01	2.384445528715514184e-01	1.429035890490848726e-01	6.845166926782474126e-02	2.707825293461919164e-02	7.038134299921597337e-02
1.030445055508575479e+03	2.741522756412791417e-01	1.781819618850986331e-01	2.386208706778314148e-01	1.430054368721137281e-01	6.848944094944578453e-02	2.710269622208922452e-02	7.044731775190632428e-02
1.031896386572671872e+03	2.739051013271873725e-01	1.780234715178773963e-01	2.387968759743588076e-01	1.431071147275745636e-01	6.852713839159693676e-02	2.712711193533439216e-02	7.051318612583479251e-02
1.033347717636768493e+03	2.736583739842782248e-01	1.778652236587418556e-01	2.389725692862519901e-01	1.432086229639266406e-01	6.856476179102106994e-02	2.715150006021269449e-02	7.057894825533179983e-02
1.034799048700865114e+03	2.734120927520304334e-01	1.777072179798404317e-01	2.391479511377553047e-01	1.433099619282200976e-01	6.860231134377256512e-02	2.717586058291615245e-02	7.064460427522928354e-02
1.036250379764961508e+03	2.731662567717874635e-01	1.775494541535886650e-01	2.393230220522407914e-01	1.434111319661095785e-01	6.863978724522019903e-02	2.720019348996861874e-02	7.071015432084888641e-02
1.037701710829058356e+03	2.729208651867525148e-01	1.773919318526696876e-01	2.394977825522105475e-01	1.435121334218673328e-01	6.867718969005009999e-02	2.722449876822365458e-02	7.077559852799032714e-02
1.039153041893154750e+03	2.726759171419833594e-01	1.772346507500348334e-01	2.396722331592986699e-01	1.436129666383963721e-01	6.871451887226864841e-02	2.724877640486236471e-02	7.084093703291997890e-02
1.040604372957251599e+03	2.724314117843871785e-01	1.770776105189043048e-01	2.398463743942731985e-01	1.437136319572433485e-01	6.875177498520529396e-02	2.727302638739128801e-02	7.090616997235962837e-02
1.042055704021347992e+03	2.721873482627160112e-01	1.769208108327676165e-01	2.400202067770381698e-01	1.438141297186113499e-01	6.878895822151549766e-02	2.729724870364028458e-02	7.097129748347535960e-02
1.043507035085444613e+03	2.719437257275613695e-01	1.767642513653842062e-01	2.401937308266356430e-01	1.439144602613724178e-01	6.882606877318359073e-02	2.732144334176040898e-02	7.103631970386661831e-02
1.044958366149541234e+03	2.717005433313495755e-01	1.766079317907841284e-01	2.403669470612476433e-01	1.440146239230800651e-01	6.886310683152556400e-02	2.734561029022184592e-02	7.110123677155548438e-02
1.046409697213637855e+03	2.714578002283366542e-01	1.764518517832683875e-01	2.405398559981981321e-01	1.441146210399813221e-01	6.890007258719194061e-02	2.736974953781181469e-02	7.116604882497606921e-02
1.047861028277734476e+03	2.712154955746034490e-01	1.762960110174096873e-01	2.407124581539549779e-01	1.442144519470290320e-01	6.893696623017059322e-02	2.739386107363250486e-02	7.123075600296406573e-02
1.049312359341831097e+03	2.709736285280508472e-01	1.761404091680528472e-01	2.408847540441319268e-01	1.443141169778936750e-01	6.897378794978954730e-02	2.741794488709901889e-02	7.129535844474652051e-02
1.050763690405927491e+03	2.707321982483947287e-01	1.759850459103154408e-01	2.410567441834903235e-01	1.444136164649751641e-01	6.901053793471975673e-02	2.744200096793732863e-02	7.135985628993166130e-02
1.052215021470024112e+03	2.704912038971614141e-01	1.758299209195882118e-01	2.412284290859412761e-01	1.445129507394143920e-01	6.904721637297786541e-02	2.746602930618223873e-02	7.142424967849897444e-02
1.053666352534120733e+03	2.702506446376823912e-01	1.756750338715357962e-01	2.413998092645474325e-01	1.446121201311048599e-01	6.908382345192905227e-02	2.749002989217536400e-02	7.148853875078937936e-02
1.055117683598217127e+03	2.700105196350900405e-01	1.755203844420970827e-01	2.415708852315248956e-01	1.447111249687038359e-01	6.912035935828969579e-02	2.751400271656312402e-02	7.155272364749561131e-02
1.056569014662313975e+03	2.697708280563123062e-01	1.753659723074858512e-01	2.417416574982450272e-01	1.448099655796435403e-01	6.915682427813014954e-02	2.753794777029473784e-02	7.161680450965264566e-02
1.058020345726410369e+03	2.695315690700683109e-01	1.752117971441912170e-01	2.419121265752363636e-01	1.449086422901422477e-01	6.919321839687747611e-02	2.756186504462023942e-02	7.168078147862837202e-02
1.059471676790506763e+03	2.692927418468634704e-01	1.750578586289781580e-01	2.420822929721864747e-01	1.450071554252150841e-01	6.922954189931813940e-02	2.758575453108849662e-02	7.174465469611436552e-02
1.060923007854603611e+03	2.690543455589846644e-01	1.749041564388881254e-01	2.422521571979437405e-01	1.451055053086848512e-01	6.926579496960071081e-02	2.760961622154524397e-02	7.180842430411678301e-02
1.062374338918700232e+03	2.688163793804957957e-01	1.747506902512393767e-01	2.424217197605192664e-01	1.452036922631925187e-01	6.930197779123856150e-02	2.763345010813112942e-02	7.187209044494748122e-02
1.063825669982796853e+03	2.685788424872327385e-01	1.745974597436276421e-01	2.425909811670885485e-01	1.453017166102077151e-01	6.933809054711256858e-02	2.765725618327977142e-02	7.193565326121519055e-02
1.065277001046893474e+03	2.683417340567988973e-01	1.744444645939264849e-01	2.427599419239933609e-01	1.453995786700390813e-01	6.937413341947372414e-02	2.768103443971582298e-02	7.199911289581678586e-02
1.066728332110990095e+03	2.681050532685605448e-01	1.742917044802879400e-01	2.429286025367435597e-01	1.454972787618444285e-01	6.941010658994581362e-02	2.770478487045304958e-02	7.206246949192884887e-02
1.068179663175086489e+03	2.678687993036419912e-01	1.741391790811429308e-01	2.430969635100188042e-01	1.455948172036408139e-01	6.944601023952805263e-02	2.772850746879241407e-02	7.212572319299917489e-02
1.069630994239183110e+03	2.676329713449212555e-01	1.739868880752017122e-01	2.432650253476703606e-01	1.456921943123144214e-01	6.948184454859770987e-02	2.775220222832018580e-02	7.218887414273859882e-02
1.071082325303279504e+03	2.673975685770251243e-01	1.738348311414543712e-01	2.434327885527227953e-01	1.457894104036304150e-01	6.951760969691270220e-02	2.777586914290603587e-02	7.225192248511276560e-02
1.072533656367376352e+03	2.671625901863248775e-01	1.736830079591714093e-01	2.436002536273757790e-01	1.458864657922425978e-01	6.955330586361425926e-02	2.779950820670117062e-02	7.231486836433417831e-02
1.073984987431472746e+03	2.669280353609315148e-01	1.735314182079040202e-01	2.437674210730057522e-01	1.459833607917029319e-01	6.958893322722942143e-02	2.782311941413644421e-02	7.237771192485420446e-02
1.075436318495569594e+03	2.666939032906912033e-01	1.733800615674847556e-01	2.439342913901676735e-01	1.460800957144709755e-01	6.962449196567369047e-02	2.784670275992051983e-02	7.244045331135544330e-02
1.076887649559666215e+03	2.664601931671808921e-01	1.732289377180278866e-01	2.441008650785967959e-01	1.461766708719231256e-01	6.965998225625354145e-02	2.787025823903801353e-02	7.250309266874398195e-02
1.078338980623762609e+03	2.662269041837037054e-01	1.730780463399298752e-01	2.442671426372102217e-01	1.462730865743619435e-01	6.969540427566901786e-02	2.789378584674764502e-02	7.256563014214184593e-02
1.079790311687859230e+03	2.659940355352843344e-01	1.729273871138698182e-01	2.444331245641087058e-01	1.463693431310250648e-01	6.973075820001625735e-02	2.791728557858043011e-02	7.262806587687965776e-02
1.081241642751955851e+03	2.657615864186647081e-01	1.727769597208098917e-01	2.445988113565782385e-01	1.464654408500941918e-01	6.976604420479001756e-02	2.794075743033783490e-02	7.269040001848929566e-02
1.082692973816052472e+03	2.655295560322995518e-01	1.726267638419958783e-01	2.447642035110918490e-01	1.465613800387040588e-01	6.980126246488617403e-02	2.796420139809000643e-02	7.275263271269670484e-02
1.084144304880149093e+03	2.652979435763517801e-01	1.724767991589575000e-01	2.449293015233110493e-01	1.466571610029508976e-01	6.983641315460425991e-02	2.798761747817393383e-02	7.281476410541480593e-02
1.085595635944245487e+03	2.650667482526881114e-01	1.723270653535088903e-01	2.450941058880876933e-01	1.467527840479012635e-01	6.987149644764996392e-02	2.801100566719169627e-02	7.287679434273659773e-02
1.087046967008342108e+03	2.648359692648747377e-01	1.721775621077491214e-01	2.452586170994654757e-01	1.468482494776004177e-01	6.990651251713754510e-02	2.803436596200865535e-02	7.293872357092823222e-02
1.088498298072438729e+03	2.646056058181729398e-01	1.720282891040624818e-01	2.454228356506816533e-01	1.469435575950807649e-01	6.994146153559237244e-02	2.805769835975170656e-02	7.300055193642228379e-02
1.089949629136535123e+03	2.643756571195344240e-01	1.718792460251189480e-01	2.455867620341685709e-01	1.470387087023701245e-01	6.997634367495338126e-02	2.808100285780752367e-02	7.306227958581115733e-02
1.091400960200631971e+03	2.641461223775974365e-01	1.717304325538747123e-01	2.457503967415552992e-01	1.471337031004998908e-01	7.001115910657547403e-02	2.810427945382079976e-02	7.312390666584049626e-02
1.092852291264728365e+03	2.639170008026819891e-01	1.715818483735724875e-01	2.459137402636693004e-01	1.472285410895131097e-01	7.004590800123201844e-02	2.812752814569251247e-02	7.318543332340271546e-02
1.094303622328825213e+03	2.636882916067855298e-01	1.714334931677419793e-01	2.460767930905379264e-01	1.473232229684725003e-01	7.008059052911717879e-02	2.815074893157819974e-02	7.324685970553078407e-02
1.095754953392921607e+03	2.634599940035790011e-01	1.712853666202002190e-01	2.462395557113900013e-01	1.474177490354682540e-01	7.011520685984844181e-02	2.817394180988623195e-02	7.330818595939188331e-02
1.097206284457018228e+03	2.632321072084022329e-01	1.711374684150520631e-01	2.464020286146574867e-01	1.475121195876258340e-01	7.014975716246894810e-02	2.819710677927611889e-02	7.336941223228131415e-02
1.098657615521114849e+03	2.630046304382597233e-01	1.709897982366905267e-01	2.465642122879769527e-01	1.476063349211136910e-01	7.018424160544987911e-02	2.822024383865679234e-02	7.343053867161643267e-02
1.100108946585211470e+03	2.627775629118163647e-01	1.708423557697971995e-01	2.467261072181911874e-01	1.477003953311507300e-01	7.021866035669287187e-02	2.824335298718493037e-02	7.349156542493073818e-02
1.101560277649308091e+03	2.625509038493930580e-01	1.706951406993426623e-01	2.468877138913506408e-01	1.477943011120139150e-01	7.025301358353237824e-02	2.826643422426326768e-02	7.355249263986803065e-02
1.103011608713404712e+03	2.623246524729628826e-01	1.705481527105868755e-01	2.470490327927151730e-01	1.478880525570455406e-01	7.028730145273801022e-02	2.828948754953893030e-02	7.361332046417663755e-02
1.104462939777501106e+03	2.620988080061463221e-01	1.704013914890795400e-01	2.472100644067552755e-01	1.479816499586606160e-01	7.032152413051689921e-02	2.831251296290177022e-02	7.367404904570369617e-02
1.105914270841597499e+03	2.618733696742073791e-01	1.702548567206604579e-01	2.473708092171539308e-01	1.480750936083539693e-01	7.035568178251601357e-02	2.833551046448271049e-02	7.373467853238967196e-02
1.107365601905694348e+03	2.616483367040494667e-01	1.701085480914599490e-01	2.475312677068078615e-01	1.481683837967074924e-01	7.038977457382450398e-02	2.835848005465211458e-02	7.379520907226279347e-02
1.108816932969790741e+03	2.614237083242109683e-01	1.699624652878992392e-01	2.476914403578291124e-01	1.482615208133970519e-01	7.042380266897599328e-02	2.838142173401813836e-02	7.385564081343369558e-02
1.110268264033887590e+03	2.611994837648612400e-01	1.698166079966908215e-01	2.478513276515466601e-01	1.483545049471994559e-01	7.045776623195090793e-02	2.840433550342511340e-02	7.391597390409010426e-02
1.111719595097984211e+03	2.609756622577962815e-01	1.696709759048387056e-01	2.480109300685077178e-01	1.484473364859992817e-01	7.049166542617876785e-02	2.842722136395192667e-02	7.397620849249159081e-02
1.113170926162080832e+03	2.607522430364348498e-01	1.695255686996390565e-01	2.481702480884793449e-01	1.485400157167956758e-01	7.052550041454043461e-02	2.845007931691041769e-02	7.403634472696445090e-02
1.114622257226177226e+03	2.605292253358143517e-01	1.693803860686802221e-01	2.483292821904498904e-01	1.486325429257090991e-01	7.055927135937042904e-02	2.847290936384377566e-02	7.409638275589656986e-02
1.116073588290273847e+03	2.603066083925862362e-01	1.692354276998432883e-01	2.484880328526304083e-01	1.487249183979877099e-01	7.059297842245915167e-02	2.849571150652495735e-02	7.415632272773255151e-02
1.117524919354370468e+03	2.600843914450126082e-01	1.690906932813024399e-01	2.486465005524562122e-01	1.488171424180140812e-01	7.062662176505515865e-02	2.851848574695510161e-02	7.421616479096873609e-02
1.118976250418467089e+03	2.598625737329616769e-01	1.689461825015252106e-01	2.488046857665882072e-01	1.489092152693115012e-01	7.066020154786738228e-02	2.854123208736196807e-02	7.427590909414841236e-02
1.120427581482563710e+03	2.596411544979038699e-01	1.688018950492728432e-01	2.489625889709143891e-01	1.490011372345504403e-01	7.069371793106739299e-02	2.856395053019836205e-02	7.433555578585705759e-02
1.121878912546660331e+03	2.594201329829076696e-01	1.686578306136007344e-01	2.491202106405513705e-01	1.490929085955547684e-01	7.072717107429159211e-02	2.858664107814058372e-02	7.439510501471767456e-02
1.123330243610756725e+03	2.591995084326356724e-01	1.685139888838586009e-01	2.492775512498456858e-01	1.491845296333079163e-01	7.076056113664341840e-02	2.860930373408690150e-02	7.445455692938618419e-02
1.124781574674853118e+03	2.589792800933406469e-01	1.683703695496909514e-01	2.494346112723753450e-01	1.492760006279590379e-01	7.079388827669554074e-02	2.863193850115598044e-02	7.451391167854692910e-02
1.126232905738949967e+03	2.587594472128612044e-01	1.682269723010374196e-01	2.495913911809509722e-01	1.493673218588290885e-01	7.082715265249209247e-02	2.865454538268539728e-02	7.457316941090823270e-02
1.127684236803046360e+03	2.585400090406183016e-01	1.680837968281329864e-01	2.497478914476175260e-01	1.494584936044167089e-01	7.086035442155076691e-02	2.867712438223008614e-02	7.463233027519798612e-02
1.129135567867143209e+03	2.583209648276109105e-01	1.679408428215083404e-01	2.499041125436555766e-01	1.495495161424041652e-01	7.089349374086509337e-02	2.869967550356085015e-02	7.469139442015938768e-02
1.130586898931239830e+03	2.581023138264120220e-01	1.677981099719902391e-01	2.500600549395827210e-01	1.496403897496632329e-01	7.092657076690650486e-02	2.872219875066284525e-02	7.475036199454668240e-02
1.132038229995336451e+03	2.578840552911650930e-01	1.676555979707017585e-01	2.502157191051548879e-01	1.497311147022608868e-01	7.095958565562654474e-02	2.874469412773410226e-02	7.480923314712102645e-02
1.133489561059432845e+03	2.576661884775794387e-01	1.675133065090627094e-01	2.503711055093678084e-01	1.498216912754650187e-01	7.099253856245892058e-02	2.876716163918402111e-02	7.486800802664637933e-02
1.134940892123529466e+03	2.574487126429269024e-01	1.673712352787898316e-01	2.505262146204584872e-01	1.499121197437499609e-01	7.102542964232176625e-02	2.878960128963192061e-02	7.492668678188543763e-02
1.136392223187626087e+03	2.572316270460378029e-01	1.672293839718971276e-01	2.506810469059063129e-01	1.500024003808022033e-01	7.105825904961964035e-02	2.881201308390554314e-02	7.498526956159576318e-02
1.137843554251722708e+03	2.570149309472967714e-01	1.670877522806961946e-01	2.508356028324345566e-01	1.500925334595257510e-01	7.109102693824569108e-02	2.883439702703961480e-02	7.504375651452578622e-02
1.139294885315819101e+03	2.567986236086393093e-01	1.669463398977965307e-01	2.509898828660118708e-01	1.501825192520475083e-01	7.112373346158373799e-02	2.885675312427438133e-02	7.510214778941104452e-02
1.140746216379915950e+03	2.565827042935474589e-01	1.668051465161057567e-01	2.511438874718535108e-01	1.502723580297227468e-01	7.115637877251039523e-02	2.887908138105417175e-02	7.516044353497038089e-02
1.142197547444012343e+03	2.563671722670463615e-01	1.666641718288299767e-01	2.512976171144225002e-01	1.503620500631403234e-01	7.118896302339708382e-02	2.890138180302595505e-02	7.521864389990222388e-02
1.143648878508108737e+03	2.561520267957000385e-01	1.665234155294740281e-01	2.514510722574312962e-01	1.504515956221278705e-01	7.122148636611215500e-02	2.892365439603792471e-02	7.527674903288099351e-02
1.145100209572205586e+03	2.559372671476078942e-01	1.663828773118418425e-01	2.516042533638430112e-01	1.505409949757570420e-01	7.125394895202295797e-02	2.894589916613806227e-02	7.533475908255346520e-02
1.146551540636302207e+03	2.557228925924007745e-01	1.662425568700365841e-01	2.517571608958725782e-01	1.506302483923485092e-01	7.128635093199783834e-02	2.896811611957274268e-02	7.539267419753525878e-02
1.148002871700398828e+03	2.555089024012368593e-01	1.661024538984610111e-01	2.519097953149883606e-01	1.507193561394770676e-01	7.131869245640824750e-02	2.899030526278531875e-02	7.545049452640738286e-02
1.149454202764495449e+03	2.552952958467984423e-01	1.659625680918177804e-01	2.520621570819130963e-01	1.508083184839766056e-01	7.135097367513071331e-02	2.901246660241472985e-02	7.550822021771283477e-02
1.150905533828591842e+03	2.550820722032877130e-01	1.658228991451096701e-01	2.522142466566257291e-01	1.508971356919449891e-01	7.138319473754890787e-02	2.903460014529411423e-02	7.556585141995320054e-02
1.152356864892688463e+03	2.548692307464231477e-01	1.656834467536398015e-01	2.523660644983620749e-01	1.509858080287488913e-01	7.141535579255560429e-02	2.905670589844943155e-02	7.562338828158542137e-02
1.153808195956785084e+03	2.546567707534356795e-01	1.655442106130119995e-01	2.525176110656166539e-01	1.510743357590287050e-01	7.144745698855477223e-02	2.907878386909807863e-02	7.568083095101847679e-02
1.155259527020881706e+03	2.544446915030650347e-01	1.654051904191310429e-01	2.526688868161438006e-01	1.511627191467031783e-01	7.147949847346347918e-02	2.910083406464753983e-02	7.573817957661028999e-02
1.156710858084978327e+03	2.542329922755560689e-01	1.652663858682028031e-01	2.528198922069588850e-01	1.512509584549741048e-01	7.151148039471393048e-02	2.912285649269402005e-02	7.579543430666453585e-02
1.158162189149074720e+03	2.540216723526548259e-01	1.651277966567346878e-01	2.529706276943396448e-01	1.513390539463310425e-01	7.154340289925543994e-02	2.914485116102110210e-02	7.585259528942757401e-02
1.159613520213171569e+03	2.538107310176050957e-01	1.649894224815356691e-01	2.531210937338275735e-01	1.514270058825558374e-01	7.157526613355637279e-02	2.916681807759839706e-02	7.590966267308542348e-02
1.161064851277267962e+03	2.536001675551445289e-01	1.648512630397167000e-01	2.532712907802288638e-01	1.515148145247270650e-01	7.160707024360613016e-02	2.918875725058022244e-02	7.596663660576077892e-02
1.162516182341364356e+03	2.533899812515010841e-01	1.647133180286909360e-01	2.534212192876161840e-01	1.516024801332246374e-01	7.163881537491709195e-02	2.921066868830426294e-02	7.602351723551011020e-02
1.163967513405461204e+03	2.531801713943891419e-01	1.645755871461739295e-01	2.535708797093295108e-01	1.516900029677341333e-01	7.167050167252654591e-02	2.923255239929025209e-02	7.608030471032074804e-02
1.165418844469557826e+03	2.529707372730061743e-01	1.644380700901837966e-01	2.537202724979776280e-01	1.517773832872512108e-01	7.170212928099867211e-02	2.925440839223866427e-02	7.613699917810809459e-02
1.166870175533654447e+03	2.527616781780288591e-01	1.643007665590416333e-01	2.538693981054391813e-01	1.518646213500859099e-01	7.173369834442634707e-02	2.927623667602942056e-02	7.619360078671284786e-02
1.168321506597751068e+03	2.525529934016094713e-01	1.641636762513716541e-01	2.540182569828641768e-01	1.519517174138668714e-01	7.176520900643316991e-02	2.929803725972057044e-02	7.625010968389821231e-02
1.169772837661847461e+03	2.523446822373723863e-01	1.640267988661013865e-01	2.541668495806750361e-01	1.520386717355456663e-01	7.179666141017534975e-02	2.931981015254701839e-02	7.630652601734730367e-02
1.171224168725944082e+03	2.521367439804104160e-01	1.638901341024619207e-01	2.543151763485677619e-01	1.521254845714007931e-01	7.182805569834356529e-02	2.934155536391923336e-02	7.636284993466045667e-02
1.172675499790040703e+03	2.519291779272810894e-01	1.637536816599881040e-01	2.544632377355135477e-01	1.522121561770419240e-01	7.185939201316486613e-02	2.936327290342197541e-02	7.641908158335262991e-02
1.174126830854137097e+03	2.517219833760032111e-01	1.636174412385188737e-01	2.546110341897596108e-01	1.522986868074139577e-01	7.189067049640457396e-02	2.938496278081303287e-02	7.647522111085088004e-02
1.175578161918233945e+03	2.515151596260533085e-01	1.634814125381973404e-01	2.547585661588305794e-01	1.523850767168010156e-01	7.192189128936810061e-02	2.940662500602195251e-02	7.653126866449189158e-02
1.177029492982330339e+03	2.513087059783619126e-01	1.633455952594710658e-01	2.549058340895297703e-01	1.524713261588304114e-01	7.195305453290287701e-02	2.942825958914879400e-02	7.658722439151942341e-02
1.178480824046426733e+03	2.511026217353100609e-01	1.632099891030922290e-01	2.550528384279402427e-01	1.525574353864766197e-01	7.198416036740015733e-02	2.944986654046287400e-02	7.664308843908201885e-02
1.179932155110523581e+03	2.508969062007259665e-01	1.630745937701179038e-01	2.551995796194262422e-01	1.526434046520651344e-01	7.201520893279690638e-02	2.947144587040153446e-02	7.669886095423050776e-02
1.181383486174620202e+03	2.506915586798811879e-01	1.629394089619101982e-01	2.553460581086341996e-01	1.527292342072762710e-01	7.204620036857758980e-02	2.949299758956890755e-02	7.675454208391579991e-02
1.182834817238716823e+03	2.504865784794873540e-01	1.628044343801364757e-01	2.554922743394940077e-01	1.528149243031491078e-01	7.207713481377601983e-02	2.951452170873468742e-02	7.681013197498648415e-02
1.184286148302813444e+03	2.502819649076923891e-01	1.626696697267695779e-01	2.556382287552202981e-01	1.529004751900850945e-01	7.210801240697718717e-02	2.953601823883291594e-02	7.686563077418664958e-02
1.185737479366910065e+03	2.500777172740772936e-01	1.625351147040879907e-01	2.557839217983134961e-01	1.529858871178518265e-01	7.213883328631906511e-02	2.955748719096076491e-02	7.692103862815363735e-02
1.187188810431006686e+03	2.498738348896525352e-01	1.624007690146760108e-01	2.559293539105611526e-01	1.530711603355866812e-01	7.216959758949441361e-02	2.957892857637734602e-02	7.697635568341591739e-02
1.188640141495103080e+03	2.496703170668545801e-01	1.622666323614239958e-01	2.560745255330389991e-01	1.531562950918005095e-01	7.220030545375255571e-02	2.960034240650248269e-02	7.703158208639090954e-02
1.190091472559199701e+03	2.494671631195424233e-01	1.621327044475285306e-01	2.562194371061122244e-01	1.532412916343811882e-01	7.223095701590120932e-02	2.962172869291554780e-02	7.708671798338291581e-02
1.191542803623296322e+03	2.492643723629941743e-01	1.619989849764925938e-01	2.563640890694365848e-01	1.533261502105971175e-01	7.226155241230820814e-02	2.964308744735427020e-02	7.714176352058106645e-02
1.192994134687392716e+03	2.490619441139036161e-01	1.618654736521257242e-01	2.565084818619596807e-01	1.534108710671008569e-01	7.229209177890333349e-02	2.966441868171355162e-02	7.719671884405729378e-02
1.194445465751489564e+03	2.488598776903767074e-01	1.617321701785441879e-01	2.566526159219219561e-01	1.534954544499324836e-01	7.232257525118000741e-02	2.968572240804429399e-02	7.725158409976433382e-02
1.195896796815585958e+03	2.486581724119283077e-01	1.615990742601712271e-01	2.567964916868581970e-01	1.535799006045230342e-01	7.235300296419711064e-02	2.970699863855223721e-02	7.730635943353382500e-02
1.197348127879682352e+03	2.484568275994785969e-01	1.614661856017372554e-01	2.569401095935982537e-01	1.536642097756979741e-01	7.238337505258067572e-02	2.972824738559681421e-02	7.736104499107435140e-02
1.198799458943779200e+03	2.482558425753497722e-01	1.613335039082798572e-01	2.570834700782685944e-01	1.537483822076804729e-01	7.241369165052566337e-02	2.974946866168997478e-02	7.741564091796961089e-02
1.200250790007875821e+03	2.480552166632627176e-01	1.612010288851440654e-01	2.572265735762931382e-01	1.538324181440947624e-01	7.244395289179771102e-02	2.977066247949506500e-02	7.747014735967652777e-02
1.201702121071972442e+03	2.478549491883335343e-01	1.610687602379825278e-01	2.573694205223945874e-01	1.539163178279693844e-01	7.247415890973478436e-02	2.979182885182566839e-02	7.752456446152349023e-02
1.203153452136069063e+03	2.476550394770701824e-01	1.609366976727557297e-01	2.575120113505955932e-01	1.540000815017404934e-01	7.250430983724895362e-02	2.981296779164448185e-02	7.757889236870856020e-02
1.204604783200165684e+03	2.474554868573691779e-01	1.608048408957319653e-01	2.576543464942198658e-01	1.540837094072549929e-01	7.253440580682808669e-02	2.983407931206219499e-02	7.763313122629769691e-02
1.206056114264262078e+03	2.472562906585122344e-01	1.606731896134876714e-01	2.577964263858932847e-01	1.541672017857737831e-01	7.256444695053751448e-02	2.985516342633636605e-02	7.768728117922313325e-02
1.207507445328358699e+03	2.470574502111629045e-01	1.605417435329074272e-01	2.579382514575450647e-01	1.542505588779748693e-01	7.259443340002179335e-02	2.987622014787030475e-02	7.774134237228159938e-02
1.208958776392455093e+03	2.468589648473632769e-01	1.604105023611843706e-01	2.580798221404088655e-01	1.543337809239564429e-01	7.262436528650630108e-02	2.989724949021197592e-02	7.779531495013275455e-02
1.210410107456551941e+03	2.466608339005306738e-01	1.602794658058199484e-01	2.582211388650239581e-01	1.544168681632399343e-01	7.265424274079898548e-02	2.991825146705288929e-02	7.784919905729754952e-02
1.211861438520648335e+03	2.464630567054543475e-01	1.601486335746243883e-01	2.583622020612364456e-01	1.544998208347732049e-01	7.268406589329197420e-02	2.993922609222701009e-02	7.790299483815660286e-02
1.213312769584745183e+03	2.462656325982921501e-01	1.600180053757167542e-01	2.585030121582000406e-01	1.545826391769333508e-01	7.271383487396328171e-02	2.996017337970966962e-02	7.795670243694872992e-02
1.214764100648841804e+03	2.460685609165672860e-01	1.598875809175249740e-01	2.586435695843775640e-01	1.546653234275298383e-01	7.274354981237846074e-02	2.998109334361648629e-02	7.801032199776933296e-02
1.216215431712937971e+03	2.458718409991650089e-01	1.597573599087861729e-01	2.587838747675419437e-01	1.547478738238073082e-01	7.277321083769221211e-02	3.000198599820228310e-02	7.806385366456898567e-02
1.217666762777034819e+03	2.456754721863294577e-01	1.596273420585465619e-01	2.589239281347772703e-01	1.548302906024486281e-01	7.280281807865006394e-02	3.002285135786002604e-02	7.811729758115189270e-02
1.219118093841131440e+03	2.454794538196602982e-01	1.594975270761618269e-01	2.590637301124799619e-01	1.549125739995776130e-01	7.283237166358998149e-02	3.004368943711975548e-02	7.817065389117451579e-02
1.220569424905228061e+03	2.452837852421095310e-01	1.593679146712970174e-01	2.592032811263597081e-01	1.549947242507620226e-01	7.286187172044396310e-02	3.006450025064753145e-02	7.822392273814413044e-02
1.222020755969324682e+03	2.450884657979781889e-01	1.592385045539268518e-01	2.593425816014410246e-01	1.550767415910163094e-01	7.289131837673973324e-02	3.008528381324438242e-02	7.827710426541742428e-02
1.223472087033421303e+03	2.448934948329132832e-01	1.591092964343357730e-01	2.594816319620638079e-01	1.551586262548043937e-01	7.292071175960225526e-02	3.010604013984526442e-02	7.833019861619919255e-02
1.224923418097517697e+03	2.446988716939043629e-01	1.589802900231180316e-01	2.596204326318846678e-01	1.552403784760424399e-01	7.295005199575542443e-02	3.012676924551800292e-02	7.838320593354101973e-02
1.226374749161614318e+03	2.445045957292805161e-01	1.588514850311779081e-01	2.597589840338782596e-01	1.553219984881016036e-01	7.297933921152356673e-02	3.014747114546228318e-02	7.843612636033987784e-02
1.227826080225710712e+03	2.443106662887070124e-01	1.587228811697296849e-01	2.598972865903378393e-01	1.554034865238107521e-01	7.300857353283313200e-02	3.016814585500860596e-02	7.848896003933693299e-02
1.229277411289807560e+03	2.441170827231823048e-01	1.585944781502978962e-01	2.600353407228769287e-01	1.554848428154590734e-01	7.303775508521417881e-02	3.018879338961727790e-02	7.854170711311631026e-02
1.230728742353903954e+03	2.439238443850346438e-01	1.584662756847173837e-01	2.601731468524300928e-01	1.555660675947987404e-01	7.306688399380201204e-02	3.020941376487738458e-02	7.859436772410378913e-02
1.232180073418000802e+03	2.437309506279191629e-01	1.583382734851333518e-01	2.603107053992538278e-01	1.556471610930475480e-01	7.309596038333875112e-02	3.023000699650578785e-02	7.864694201456567946e-02
1.233631404482097196e+03	2.435384008068144646e-01	1.582104712640015065e-01	2.604480167829280046e-01	1.557281235408915498e-01	7.312498437817477326e-02	3.025057310034611271e-02	7.869943012660760018e-02
1.235082735546193817e+03	2.433461942780196230e-01	1.580828687340882777e-01	2.605850814223569789e-01	1.558089551684875007e-01	7.315395610227044820e-02	3.027111209236776554e-02	7.875183220217334135e-02
1.236534066610290438e+03	2.431543303991510196e-01	1.579554656084707631e-01	2.607218997357704238e-01	1.558896562054655488e-01	7.318287567919752601e-02	3.029162398866492092e-02	7.880414838304374003e-02
1.237985397674387059e+03	2.429628085291393180e-01	1.578282616005368399e-01	2.608584721407243290e-01	1.559702268809315673e-01	7.321174323214076074e-02	3.031210880545555028e-02	7.885637881083555623e-02
1.239436728738483680e+03	2.427716280282261052e-01	1.577012564239853309e-01	2.609947990541024443e-01	1.560506674234697910e-01	7.324055888389940927e-02	3.033256655908043303e-02	7.890852362700043199e-02
1.240888059802580301e+03	2.425807882579610331e-01	1.575744497928260324e-01	2.611308808921168900e-01	1.561309780611452036e-01	7.326932275688878560e-02	3.035299726600217476e-02	7.896058297282376737e-02
1.242339390866676695e+03	2.423902885811985985e-01	1.574478414213799082e-01	2.612667180703096559e-01	1.562111590215060353e-01	7.329803497314170413e-02	3.037340094280424965e-02	7.901255698942372119e-02
1.243790721930773088e+03	2.422001283620950629e-01	1.573214310242790626e-01	2.614023110035533226e-01	1.562912105315860944e-01	7.332669565431007563e-02	3.039377760619002555e-02	7.906444581775019798e-02
1.245242052994869937e+03	2.420103069661053430e-01	1.571952183164668504e-01	2.615376601060523942e-01	1.563711328179072102e-01	7.335530492166637828e-02	3.041412727298181337e-02	7.911624959858386263e-02
1.246693384058966330e+03	2.418208237599800692e-01	1.570692030131979888e-01	2.616727657913440752e-01	1.564509261064815360e-01	7.338386289610512869e-02	3.043444996011990603e-02	7.916796847253511349e-02
1.248144715123063179e+03	2.416316781117624490e-01	1.569433848300386958e-01	2.618076284722994918e-01	1.565305906228139921e-01	7.341236969814439461e-02	3.045474568466162435e-02	7.921960258004319411e-02
1.249596046187159800e+03	2.414428693907851031e-01	1.568177634828666067e-01	2.619422485611247464e-01	1.566101265919044583e-01	7.344082544792726597e-02	3.047501446378039075e-02	7.927115206137522185e-02
1.251047377251256421e+03	2.412543969676672062e-01	1.566923386878710800e-01	2.620766264693619174e-01	1.566895342382501333e-01	7.346923026522336753e-02	3.049525631476477858e-02	7.932261705662527196e-02
1.252498708315352815e+03	2.410662602143113786e-01	1.565671101615529748e-01	2.622107626078901688e-01	1.567688137858478659e-01	7.349758426943028833e-02	3.051547125501758578e-02	7.937399770571353097e-02
1.253950039379449436e+03	2.408784585039006332e-01	1.564420776207250396e-01	2.623446573869266385e-01	1.568479654581962091e-01	7.352588757957503884e-02	3.053565930205490858e-02	7.942529414838536694e-02
1.255401370443546057e+03	2.406909912108954053e-01	1.563172407825117183e-01	2.624783112160275489e-01	1.569269894782978625e-01	7.355414031431553590e-02	3.055582047350520816e-02	7.947650652421053841e-02
1.256852701507642678e+03	2.405038577110305276e-01	1.561925993643494270e-01	2.626117245040893722e-01	1.570058860686617819e-01	7.358234259194205984e-02	3.057595478710840864e-02	7.952763497258229231e-02
1.258304032571739299e+03	2.403170573813121491e-01	1.560681530839863884e-01	2.627448976593497743e-01	1.570846554513052884e-01	7.361049453037865620e-02	3.059606226071498111e-02	7.957867963271662848e-02
1.259755363635835920e+03	2.401305896000149598e-01	1.559439016594829641e-01	2.628778310893885028e-01	1.571632978477563725e-01	7.363859624718460672e-02	3.061614291228504162e-02	7.962964064365141148e-02
1.261206694699932314e+03	2.399444537466790262e-01	1.558198448092115163e-01	2.630105252011287198e-01	1.572418134790557476e-01	7.366664785955583106e-02	3.063619675988744212e-02	7.968051814424567669e-02
1.262658025764028707e+03	2.397586492021068771e-01	1.556959822518565184e-01	2.631429804008376672e-01	1.573202025657589598e-01	7.369464948432631612e-02	3.065622382169887541e-02	7.973131227317882541e-02
1.264109356828125556e+03	2.395731753483604787e-01	1.555723137064146389e-01	2.632751970941279995e-01	1.573984653279384416e-01	7.372260123796958720e-02	3.067622411600299734e-02	7.978202316894986157e-02
1.265560687892221949e+03	2.393880315687584026e-01	1.554488388921947961e-01	2.634071756859586166e-01	1.574766019851857879e-01	7.375050323660004015e-02	3.069619766118953166e-02	7.983265096987676723e-02
1.267012018956318798e+03	2.392032172478728569e-01	1.553255575288181867e-01	2.635389165806357736e-01	1.575546127566136434e-01	7.377835559597439863e-02	3.071614447575338538e-02	7.988319581409562831e-02
1.268463350020415419e+03	2.390187317715266047e-01	1.552024693362183128e-01	2.636704201818142468e-01	1.576324978608577010e-01	7.380615843149310185e-02	3.073606457829378830e-02	7.993365783956013493e-02
1.269914681084511813e+03	2.388345745267902165e-01	1.550795740346410378e-01	2.638016868924978331e-01	1.577102575160788667e-01	7.383391185820167846e-02	3.075595798751340482e-02	7.998403718404076268e-02
1.271366012148608434e+03	2.386507449019790728e-01	1.549568713446447255e-01	2.639327171150410711e-01	1.577878919399652025e-01	7.386161599079212048e-02	3.077582472221748744e-02	8.003433398512416197e-02
1.272817343212705055e+03	2.384672422866504493e-01	1.548343609871000726e-01	2.640635112511496296e-01	1.578654013497338138e-01	7.388927094360432657e-02	3.079566480131300243e-02	8.008454838021253352e-02
1.274268674276801676e+03	2.382840660716005754e-01	1.547120426831904705e-01	2.641940697018815842e-01	1.579427859621329866e-01	7.391687683062740655e-02	3.081547824380778330e-02	8.013468050652299002e-02
1.275720005340898297e+03	2.381012156488618581e-01	1.545899161544116718e-01	2.643243928676485277e-01	1.580200459934439638e-01	7.394443376550108304e-02	3.083526506880967730e-02	8.018473050108693156e-02
1.277171336404994690e+03	2.379186904116999124e-01	1.544679811225721233e-01	2.644544811482164581e-01	1.580971816594829993e-01	7.397194186151706541e-02	3.085502529552569886e-02	8.023469850074947674e-02
1.278622667469091539e+03	2.377364897546106470e-01	1.543462373097928830e-01	2.645843349427066116e-01	1.581741931756031616e-01	7.399940123162036809e-02	3.087475894326119699e-02	8.028458464216885193e-02
1.280073998533187932e+03	2.375546130733174610e-01	1.542246844385076754e-01	2.647139546495967943e-01	1.582510807566962774e-01	7.402681198841067067e-02	3.089446603141900866e-02	8.033438906181585015e-02
1.281525329597284326e+03	2.373730597647684126e-01	1.541033222314627804e-01	2.648433406667221601e-01	1.583278446171947906e-01	7.405417424414367789e-02	3.091414657949863309e-02	8.038411189597327589e-02
1.282976660661381175e+03	2.371918292271333328e-01	1.539821504117173112e-01	2.649724933912762093e-01	1.584044849710736780e-01	7.408148811073242412e-02	3.093380060709540955e-02	8.043375328073540387e-02
1.284427991725477568e+03	2.370109208598008554e-01	1.538611687026430475e-01	2.651014132198118434e-01	1.584810020318521695e-01	7.410875369974866123e-02	3.095342813389969500e-02	8.048331335200747949e-02
1.285879322789574417e+03	2.368303340633758081e-01	1.537403768279246019e-01	2.652301005482423646e-01	1.585573960125956361e-01	7.413597112242413523e-02	3.097302917969603844e-02	8.053279224550516369e-02
1.287330653853671038e+03	2.366500682396762700e-01	1.536197745115592816e-01	2.653585557718424748e-01	1.586336671259174214e-01	7.416314048965190475e-02	3.099260376436238293e-02	8.058219009675408884e-02
1.288781984917767431e+03	2.364701227917306303e-01	1.534993614778572268e-01	2.654867792852491082e-01	1.587098155839805624e-01	7.419026191198765940e-02	3.101215190786925022e-02	8.063150704108937306e-02
1.290233315981864052e+03	2.362904971237750340e-01	1.533791374514414108e-01	2.656147714824625417e-01	1.587858415984996496e-01	7.421733549965105203e-02	3.103167363027893935e-02	8.068074321365509283e-02
