1.001418434226643626e+03	2.791911367341063932e-01	1.813831832786401144e-01	2.350404043901126172e-01	1.409448323694633132e-01	6.772118316372466307e-02	2.661409802282654197e-02	6.910516204089178771e-02
1.002869765290740247e+03	2.789349359998531952e-01	1.812195552735482995e-01	2.352228483731028386e-01	1.410500585779547733e-01	6.776033650133213293e-02	2.663911513451197935e-02	6.917315013946222224e-02
1.004321096354836754e+03	2.786792004011183765e-01	1.810561763461384643e-01	2.354049699891128666e-01	1.411551078265506076e-01	6.779941140699297097e-02	2.666410465650020586e-02	6.924102937335198382e-02
1.005772427418933376e+03	2.784239290319342475e-01	1.808930461682960733e-01	2.355867697785740122e-01	1.412599804920707802e-01	6.783840809618496559e-02	2.668906656616496301e-02	6.930879986654048253e-02
1.007223758483029997e+03	2.781691209883508931e-01	1.807301644121241113e-01	2.357682482810133651e-01	1.413646769496483269e-01	6.787732678359022220e-02	2.671400084128717003e-02	6.937646174375142194e-02
1.008675089547126618e+03	2.779147753684306221e-01	1.805675307499439441e-01	2.359494060350561806e-01	1.414691975727465911e-01	6.791616768309874375e-02	2.673890746005227331e-02	6.944401513043721441e-02
1.010126420611223239e+03	2.776608912722416389e-01	1.804051448542962344e-01	2.361302435784280174e-01	1.415735427331763219e-01	6.795493100781199725e-02	2.676378640104759218e-02	6.951146015276370160e-02
1.011577751675319632e+03	2.774074678018529916e-01	1.802430063979419406e-01	2.363107614479571239e-01	1.416777128011123543e-01	6.799361697004643879e-02	2.678863764325970995e-02	6.957879693759497219e-02
1.013029082739416367e+03	2.771545040613282995e-01	1.800811150538630112e-01	2.364909601795765204e-01	1.417817081451102634e-01	6.803222578133703846e-02	2.681346116607185096e-02	6.964602561247858203e-02
1.014480413803512761e+03	2.769019991567204797e-01	1.799194704952633006e-01	2.366708403083262191e-01	1.418855291321226564e-01	6.807075765244079146e-02	2.683825694926128200e-02	6.971314630563082981e-02
1.015931744867609382e+03	2.766499521960659180e-01	1.797580723955695403e-01	2.368504023683554727e-01	1.419891761275153264e-01	6.810921279334021528e-02	2.686302497299673103e-02	6.978015914592237967e-02
1.017383075931706003e+03	2.763983622893789183e-01	1.795969204284320886e-01	2.370296468929248557e-01	1.420926494950831009e-01	6.814759141324677749e-02	2.688776521783582327e-02	6.984706426286400871e-02
1.018834406995802851e+03	2.761472285486461509e-01	1.794360142677258740e-01	2.372085744144084574e-01	1.421959495970655796e-01	6.818589372060436526e-02	2.691247766472252417e-02	6.991386178659263206e-02
1.020285738059899245e+03	2.758965500878208799e-01	1.792753535875511450e-01	2.373871854642960189e-01	1.422990767941626211e-01	6.822411992309278250e-02	2.693716229498460679e-02	6.998055184785755001e-02
1.021737069123995752e+03	2.756463260228176892e-01	1.791149380622343301e-01	2.375654805731950148e-01	1.424020314455495262e-01	6.826227022763105279e-02	2.696181909033111210e-02	7.004713457800681997e-02
1.023188400188092373e+03	2.753965554715067099e-01	1.789547673663289817e-01	2.377434602708328459e-01	1.425048139088922194e-01	6.830034484038091658e-02	2.698644803284986141e-02	7.011361010897396162e-02
1.024639731252188767e+03	2.751472375537084569e-01	1.787948411746164146e-01	2.379211250860586990e-01	1.426074245403620711e-01	6.833834396675018963e-02	2.701104910500493755e-02	7.017997857326473132e-02
1.026091062316285615e+03	2.748983713911878901e-01	1.786351591621067325e-01	2.380984755468458780e-01	1.427098636946504406e-01	6.837626781139612142e-02	2.703562228963422506e-02	7.024624010394417417e-02
1.027542393380382237e+03	2.746499561076494178e-01	1.784757210040394393e-01	2.382755121802936638e-01	1.428121317249833599e-01	6.841411657822875358e-02	2.706016756994692948e-02	7.031239483462385642e-02
1.028993724444478858e+03	2.744019908287311793e-01	1.783165263758844099e-01	2.384522355126294790e-01	1.429142289831356050e-01	6.845189047041423669e-02	2.708468492952112797e-02	7.037844289944933385e-02
1.030445055508575479e+03	2.741544746819997713e-01	1.781575749533426123e-01	2.386286460692108591e-01	1.430161558194449067e-01	6.848958969037816091e-02	2.710917435230131983e-02	7.044438443308771725e-02
1.031896386572671872e+03	2.739074067969448634e-01	1.779988664123469400e-01	2.388047443745273390e-01	1.431179125828258292e-01	6.852721443980888671e-02	2.713363582259603266e-02	7.051021957071548774e-02
1.033347717636768493e+03	2.736607863049737577e-01	1.778404004290629614e-01	2.389805309522026744e-01	1.432194996207833415e-01	6.856476491966077835e-02	2.715806932507536242e-02	7.057594844800653411e-02
1.034799048700865114e+03	2.734146123394060601e-01	1.776821766798897251e-01	2.391560063249966173e-01	1.433209172794265296e-01	6.860224133015750680e-02	2.718247484476862125e-02	7.064157120112025956e-02
1.036250379764961508e+03	2.731688840354686287e-01	1.775241948414606474e-01	2.393311710148070259e-01	1.434221659034818630e-01	6.863964387079529716e-02	2.720685236706192611e-02	7.070708796669002150e-02
1.037701710829058356e+03	2.729236005302898560e-01	1.773664545906439849e-01	2.395060255426716411e-01	1.435232458363062957e-01	6.867697274034616217e-02	2.723120187769583964e-02	7.077249888181158521e-02
1.039153041893154750e+03	2.726787609628947839e-01	1.772089556045439440e-01	2.396805704287702510e-01	1.436241574199003390e-01	6.871422813686114961e-02	2.725552336276300738e-02	7.083780408403192452e-02
1.040604372957251599e+03	2.724343644741995529e-01	1.770516975605012366e-01	2.398548061924263841e-01	1.437249009949208289e-01	6.875141025767349257e-02	2.727981680870581599e-02	7.090300371133800850e-02
1.042055704021347992e+03	2.721904102070064613e-01	1.768946801360939680e-01	2.400287333521093636e-01	1.438254769006936939e-01	6.878851929940182908e-02	2.730408220231406863e-02	7.096809790214590741e-02
1.043507035085444613e+03	2.719468973059985251e-01	1.767379030091382752e-01	2.402023524254361109e-01	1.439258854752262506e-01	6.882555545795342178e-02	2.732831953072265355e-02	7.103308679529000969e-02
1.044958366149541234e+03	2.717038249177345377e-01	1.765813658576890766e-01	2.403756639291730890e-01	1.440261270552196382e-01	6.886251892852722489e-02	2.735252878140925423e-02	7.109797053001243317e-02
1.046409697213637855e+03	2.714611921906437408e-01	1.764250683600408764e-01	2.405486683792381064e-01	1.441262019760809199e-01	6.889940990561709000e-02	2.737670994219205609e-02	7.116274924595251961e-02
1.047861028277734476e+03	2.712189982750205508e-01	1.762690101947284316e-01	2.407213662907022600e-01	1.442261105719351011e-01	6.893622858301487466e-02	2.740086300122746010e-02	7.122742308313657900e-02
1.049312359341831097e+03	2.709772423230198957e-01	1.761131910405275280e-01	2.408937581777916837e-01	1.443258531756370089e-01	6.897297515381357880e-02	2.742498794700783463e-02	7.129199218196774490e-02
1.050763690405927491e+03	2.707359234886515531e-01	1.759576105764557308e-01	2.410658445538895189e-01	1.444254301187828382e-01	6.900964981041039781e-02	2.744908476835924288e-02	7.135645668321602408e-02
1.052215021470024112e+03	2.704950409277755985e-01	1.758022684817729664e-01	2.412376259315374694e-01	1.445248417317217260e-01	6.904625274450984507e-02	2.747315345443921211e-02	7.142081672800844327e-02
1.053666352534120733e+03	2.702545937980970203e-01	1.756471644359824391e-01	2.414091028224379099e-01	1.446240883435672142e-01	6.908278414712679116e-02	2.749719399473452355e-02	7.148507245781937636e-02
1.055117683598217127e+03	2.700145812591608352e-01	1.754922981188311026e-01	2.415802757374554688e-01	1.447231702822083521e-01	6.911924420858953089e-02	2.752120637905898157e-02	7.154922401446105196e-02
1.056569014662313975e+03	2.697750024723469808e-01	1.753376692103105483e-01	2.417511451866188599e-01	1.448220878743207707e-01	6.915563311854279471e-02	2.754519059755120708e-02	7.161327154007418594e-02
1.058020345726410369e+03	2.695358566008653756e-01	1.751832773906575880e-01	2.419217116791227418e-01	1.449208414453777016e-01	6.919195106595080191e-02	2.756914664067246223e-02	7.167721517711868329e-02
1.059471676790506763e+03	2.692971428097509223e-01	1.750291223403550034e-01	2.420919757233293279e-01	1.450194313196606910e-01	6.922819823910025816e-02	2.759307449920447852e-02	7.174105506836461754e-02
1.060923007854603611e+03	2.690588602658586792e-01	1.748752037401321568e-01	2.422619378267702461e-01	1.451178578202702851e-01	6.926437482560332537e-02	2.761697416424728144e-02	7.180479135688327963e-02
1.062374338918700232e+03	2.688210081378587524e-01	1.747215212709657683e-01	2.424315984961482318e-01	1.452161212691364389e-01	6.930048101240064706e-02	2.764084562721704288e-02	7.186842418603832383e-02
1.063825669982796853e+03	2.685835855962315222e-01	1.745680746140805262e-01	2.426009582373388762e-01	1.453142219870289797e-01	6.933651698576426270e-02	2.766468887984394054e-02	7.193195369947714968e-02
1.065277001046893474e+03	2.683465918132625916e-01	1.744148634509497253e-01	2.427700175553922368e-01	1.454121602935677937e-01	6.937248293130057752e-02	2.768850391417003801e-02	7.199538004112232548e-02
1.066728332110990095e+03	2.681100259630380123e-01	1.742618874632960169e-01	2.429387769545347242e-01	1.455099365072329010e-01	6.940837903395329078e-02	2.771229072254716500e-02	7.205870335516320613e-02
1.068179663175086489e+03	2.678738872214395106e-01	1.741091463330919631e-01	2.431072369381706011e-01	1.456075509453744476e-01	6.944420547800631005e-02	2.773604929763481830e-02	7.212192378604766196e-02
1.069630994239183110e+03	2.676381747661395472e-01	1.739566397425607314e-01	2.432753980088838419e-01	1.457050039242225870e-01	6.947996244708669333e-02	2.775977963239806973e-02	7.218504147847389085e-02
1.071082325303279504e+03	2.674028877765964318e-01	1.738043673741768158e-01	2.434432606684396039e-01	1.458022957588970547e-01	6.951565012416746625e-02	2.778348172010548442e-02	7.224805657738246623e-02
1.072533656367376352e+03	2.671680254340497163e-01	1.736523289106665369e-01	2.436108254177861143e-01	1.458994267634169117e-01	6.955126869157057801e-02	2.780715555432705308e-02	7.231096922794842674e-02
1.073984987431472746e+03	2.669335869215153090e-01	1.735005240350087907e-01	2.437780927570561140e-01	1.459963972507098140e-01	6.958681833096971858e-02	2.783080112893215191e-02	7.237377957557344921e-02
1.075436318495569594e+03	2.666995714237806459e-01	1.733489524304356322e-01	2.439450631855686891e-01	1.460932075326215052e-01	6.962229922339314980e-02	2.785441843808748180e-02	7.243648776587827132e-02
1.076887649559666215e+03	2.664659781274000827e-01	1.731976137804328575e-01	2.441117372018306586e-01	1.461898579199249204e-01	6.965771154922661967e-02	2.787800747625504907e-02	7.249909394469514212e-02
1.078338980623762609e+03	2.662328062206901214e-01	1.730465077687406983e-01	2.442781153035384900e-01	1.462863487223294012e-01	6.969305548821608243e-02	2.790156823819013587e-02	7.256159825806038355e-02
1.079790311687859230e+03	2.660000548937246911e-01	1.728956340793544044e-01	2.444441979875796589e-01	1.463826802484894940e-01	6.972833121947058510e-02	2.792510071893930523e-02	7.262400085220713231e-02
1.081241642751955851e+03	2.657677233383304305e-01	1.727449923965248824e-01	2.446099857500344255e-01	1.464788528060139428e-01	6.976353892146500146e-02	2.794860491383838186e-02	7.268630187355812344e-02
1.082692973816052472e+03	2.655358107480821905e-01	1.725945824047592225e-01	2.447754790861773333e-01	1.465748667014744322e-01	6.979867877204289084e-02	2.797208081851049535e-02	7.274850146871866818e-02
1.084144304880149093e+03	2.653043163182980391e-01	1.724444037888213099e-01	2.449406784904788192e-01	1.466707222404141364e-01	6.983375094841913489e-02	2.799552842886408183e-02	7.281059978446967340e-02
1.085595635944245487e+03	2.650732392460350417e-01	1.722944562337326013e-01	2.451055844566067399e-01	1.467664197273562399e-01	6.986875562718283805e-02	2.801894774109093753e-02	7.287259696776078599e-02
1.087046967008342108e+03	2.648425787300843215e-01	1.721447394247724583e-01	2.452701974774280369e-01	1.468619594658124861e-01	6.990369298429997824e-02	2.804233875166425860e-02	7.293449316570364827e-02
1.088498298072438729e+03	2.646123339709666733e-01	1.719952530474788688e-01	2.454345180450102359e-01	1.469573417582913655e-01	6.993856319511611297e-02	2.806570145733670169e-02	7.299628852556530600e-02
1.089949629136535123e+03	2.643825041709277346e-01	1.718459967876489469e-01	2.455985466506230008e-01	1.470525669063062757e-01	6.997336643435916881e-02	2.808903585513845835e-02	7.305798319476164426e-02
1.091400960200631971e+03	2.641530885339337664e-01	1.716969703313396822e-01	2.457622837847396047e-01	1.471476352103837371e-01	7.000810287614209204e-02	2.811234194237533998e-02	7.311957732085097583e-02
1.092852291264728365e+03	2.639240862656668796e-01	1.715481733648682172e-01	2.459257299370387062e-01	1.472425469700712475e-01	7.004277269396556871e-02	2.813561971662686262e-02	7.318107105152772685e-02
1.094303622328825213e+03	2.636954965735204826e-01	1.713996055748127911e-01	2.460888855964055155e-01	1.473373024839453038e-01	7.007737606072064751e-02	2.815886917574434573e-02	7.324246453461619177e-02
1.095754953392921607e+03	2.634673186665948408e-01	1.712512666480129342e-01	2.462517512509335704e-01	1.474319020496190347e-01	7.011191314869141822e-02	2.818209031784904214e-02	7.330375791806444108e-02
1.097206284457018228e+03	2.632395517556926356e-01	1.711031562715702170e-01	2.464143273879261520e-01	1.475263459637500552e-01	7.014638412955767621e-02	2.820528314133025766e-02	7.336495134993825662e-02
1.098657615521114849e+03	2.630121950533144126e-01	1.709552741328488057e-01	2.465766144938978388e-01	1.476206345220479055e-01	7.018078917439755926e-02	2.822844764484347749e-02	7.342604497841523359e-02
1.100108946585211470e+03	2.627852477736541403e-01	1.708076199194759337e-01	2.467386130545758671e-01	1.477147680192816559e-01	7.021512845369015654e-02	2.825158382730853096e-02	7.348703895177891021e-02
1.101560277649308091e+03	2.625587091325947697e-01	1.706601933193424570e-01	2.469003235549018238e-01	1.478087467492871787e-01	7.024940213731810379e-02	2.827469168790773188e-02	7.354793341841309173e-02
1.103011608713404712e+03	2.623325783477038486e-01	1.705129940206034089e-01	2.470617464790328954e-01	1.479025710049746145e-01	7.028361039457017845e-02	2.829777122608406054e-02	7.360872852679613276e-02
1.104462939777501106e+03	2.621068546382289144e-01	1.703660217116786113e-01	2.472228823103435058e-01	1.479962410783355053e-01	7.031775339414393644e-02	2.832082244153933184e-02	7.366942442549538617e-02
1.105914270841597499e+03	2.618815372250933304e-01	1.702192760812530348e-01	2.473837315314266205e-01	1.480897572604497892e-01	7.035183130414821018e-02	2.834384533423238428e-02	7.373002126316176297e-02
1.107365601905694348e+03	2.616566253308917900e-01	1.700727568182774374e-01	2.475442946240954678e-01	1.481831198414930717e-01	7.038584429210571758e-02	2.836683990437728967e-02	7.379051918852432002e-02
1.108816932969790741e+03	2.614321181798860971e-01	1.699264636119688643e-01	2.477045720693846209e-01	1.482763291107433712e-01	7.041979252495560171e-02	2.838980615244155251e-02	7.385091835038498642e-02
1.110268264033887590e+03	2.612080149980005039e-01	1.697803961518111471e-01	2.478645643475517746e-01	1.483693853565880572e-01	7.045367616905591490e-02	2.841274407914433017e-02	7.391121889761333164e-02
1.111719595097984211e+03	2.609843150128177691e-01	1.696345541275553481e-01	2.480242719380789385e-01	1.484622888665306784e-01	7.048749539018621391e-02	2.843565368545467389e-02	7.397142097914145842e-02
1.113170926162080832e+03	2.607610174535744951e-01	1.694889372292204544e-01	2.481836953196739637e-01	1.485550399271974853e-01	7.052125035355000238e-02	2.845853497258975587e-02	7.403152474395892357e-02
1.114622257226177226e+03	2.605381215511571313e-01	1.693435451470936826e-01	2.483428349702719584e-01	1.486476388243441193e-01	7.055494122377729826e-02	2.848138794201312760e-02	7.409153034110779745e-02
1.116073588290273847e+03	2.603156265380973666e-01	1.691983775717310068e-01	2.485016913670367034e-01	1.487400858428622186e-01	7.058856816492704855e-02	2.850421259543298169e-02	7.415143791967777898e-02
1.117524919354370468e+03	2.600935316485681881e-01	1.690534341939577412e-01	2.486602649863620396e-01	1.488323812667856905e-01	7.062213134048962726e-02	2.852700893480041022e-02	7.421124762880140779e-02
1.118976250418467089e+03	2.598718361183794401e-01	1.689087147048689841e-01	2.488185563038732284e-01	1.489245253792971790e-01	7.065563091338930568e-02	2.854977696230769427e-02	7.427095961764930421e-02
1.120427581482563710e+03	2.596505391849735500e-01	1.687642187958301176e-01	2.489765657944283395e-01	1.490165184627343098e-01	7.068906704598670876e-02	2.857251668038660389e-02	7.433057403542554786e-02
1.121878912546660331e+03	2.594296400874213648e-01	1.686199461584771409e-01	2.491342939321198047e-01	1.491083607985958792e-01	7.072243990008124370e-02	2.859522809170667382e-02	7.439009103136308421e-02
1.123330243610756725e+03	2.592091380664180433e-01	1.684758964847173357e-01	2.492917411902755842e-01	1.492000526675479333e-01	7.075574963691348696e-02	2.861791119917353812e-02	7.444951075471924196e-02
1.124781574674853118e+03	2.589890323642788372e-01	1.683320694667296558e-01	2.494489080414605819e-01	1.492915943494299569e-01	7.078899641716766833e-02	2.864056600592723364e-02	7.450883335477127833e-02
1.126232905738949967e+03	2.587693222249346503e-01	1.681884647969651425e-01	2.496057949574781443e-01	1.493829861232607026e-01	7.082218040097398859e-02	2.866319251534053120e-02	7.456805898081206307e-02
1.127684236803046360e+03	2.585500068939281526e-01	1.680450821681475082e-01	2.497624024093712536e-01	1.494742282672441580e-01	7.085530174791111746e-02	2.868579073101728411e-02	7.462718778214576243e-02
1.129135567867143209e+03	2.583310856184095616e-01	1.679019212732735244e-01	2.499187308674239438e-01	1.495653210587753190e-01	7.088836061700844182e-02	2.870836065679076635e-02	7.468621990808368971e-02
1.130586898931239830e+03	2.581125576471324234e-01	1.677589818056133553e-01	2.500747808011627438e-01	1.496562647744459906e-01	7.092135716674854984e-02	2.873090229672203497e-02	7.474515550794010033e-02
1.132038229995336451e+03	2.578944222304497824e-01	1.676162634587112232e-01	2.502305526793577872e-01	1.497470596900505324e-01	7.095429155506950691e-02	2.875341565509829597e-02	7.480399473102811170e-02
1.133489561059432845e+03	2.576766786203096293e-01	1.674737659263857148e-01	2.503860469700244229e-01	1.498377060805913263e-01	7.098716393936725655e-02	2.877590073643128410e-02	7.486273772665572035e-02
1.134940892123529466e+03	2.574593260702510711e-01	1.673314889027302244e-01	2.505412641404242691e-01	1.499282042202843557e-01	7.101997447649788242e-02	2.879835754545564258e-02	7.492138464412191612e-02
1.136392223187626087e+03	2.572423638354002784e-01	1.671894320821134539e-01	2.506962046570667679e-01	1.500185543825647838e-01	7.105272332278002312e-02	2.882078608712732373e-02	7.497993563271269923e-02
1.137843554251722708e+03	2.570257911724663780e-01	1.670475951591798014e-01	2.508508689857104623e-01	1.501087568400923111e-01	7.108541063399710647e-02	2.884318636662199301e-02	7.503839084169734719e-02
1.139294885315819101e+03	2.568096073397374002e-01	1.669059778288497220e-01	2.510052575913640505e-01	1.501988118647564763e-01	7.111803656539968099e-02	2.886555838933344345e-02	7.509675042032462611e-02
1.140746216379915950e+03	2.565938115970761713e-01	1.667645797863203105e-01	2.511593709382881623e-01	1.502887197276819575e-01	7.115060127170770576e-02	2.888790216087201712e-02	7.515501451781914088e-02
1.142197547444012343e+03	2.563784032059163720e-01	1.666234007270655793e-01	2.513132094899961366e-01	1.503784806992338463e-01	7.118310490711279859e-02	2.891021768706303341e-02	7.521318328337769921e-02
1.143648878508108737e+03	2.561633814292585964e-01	1.664824403468369296e-01	2.514667737092557975e-01	1.504680950490226987e-01	7.121554762528051197e-02	2.893250497394523474e-02	7.527125686616573108e-02
1.145100209572205586e+03	2.559487455316661886e-01	1.663416983416635408e-01	2.516200640580903425e-01	1.505575630459097536e-01	7.124792957935263682e-02	2.895476402776924266e-02	7.532923541531377776e-02
1.146551540636302207e+03	2.557344947792613565e-01	1.662011744078527864e-01	2.517730809977799522e-01	1.506468849580118174e-01	7.128025092194939516e-02	2.897699485499599659e-02	7.538711907991410555e-02
1.148002871700398828e+03	2.555206284397213978e-01	1.660608682419906501e-01	2.519258249888628454e-01	1.507360610527063161e-01	7.131251180517166055e-02	2.899919746229525155e-02	7.544490800901727801e-02
1.149454202764495449e+03	2.553071457822744250e-01	1.659207795409420871e-01	2.520782964911366109e-01	1.508250915966362349e-01	7.134471238060322018e-02	2.902137185654402735e-02	7.550260235162878364e-02
1.150905533828591842e+03	2.550940460776954244e-01	1.657809080018514680e-01	2.522304959636596511e-01	1.509139768557148931e-01	7.137685279931299531e-02	2.904351804482511318e-02	7.556020225670585788e-02
1.152356864892688463e+03	2.548813285983026478e-01	1.656412533221429118e-01	2.523824238647520701e-01	1.510027170951308284e-01	7.140893321185719234e-02	2.906563603442554808e-02	7.561770787315420794e-02
1.153808195956785084e+03	2.546689926179535046e-01	1.655018151995207298e-01	2.525340806519972836e-01	1.510913125793523770e-01	7.144095376828150934e-02	2.908772583283512903e-02	7.567511934982482091e-02
1.155259527020881706e+03	2.544570374120406764e-01	1.653625933319697594e-01	2.526854667822431288e-01	1.511797635721325028e-01	7.147291461812337043e-02	2.910978744774492949e-02	7.573243683551093841e-02
1.156710858084978327e+03	2.542454622574881751e-01	1.652235874177557517e-01	2.528365827116031417e-01	1.512680703365133772e-01	7.150481591041402130e-02	2.913182088704581452e-02	7.578966047894494795e-02
1.158162189149074720e+03	2.540342664327476796e-01	1.650847971554257887e-01	2.529874288954578332e-01	1.513562331348309309e-01	7.153665779368070798e-02	2.915382615882696274e-02	7.584679042879537147e-02
1.159613520213171569e+03	2.538234492177942614e-01	1.649462222438085601e-01	2.531380057884557444e-01	1.514442522287193782e-01	7.156844041594886963e-02	2.917580327137441615e-02	7.590382683366392325e-02
1.161064851277267962e+03	2.536130098941232203e-01	1.648078623820148914e-01	2.532883138445150006e-01	1.515321278791156301e-01	7.160016392474422009e-02	2.919775223316961599e-02	7.596076984208259553e-02
1.162516182341364356e+03	2.534029477447454770e-01	1.646697172694379374e-01	2.534383535168242552e-01	1.516198603462637906e-01	7.163182846709491292e-02	2.921967305288795946e-02	7.601761960251085526e-02
1.163967513405461204e+03	2.531932620541844092e-01	1.645317866057535716e-01	2.535881252578440215e-01	1.517074498897194590e-01	7.166343418953360911e-02	2.924156573939736686e-02	7.607437626333278524e-02
1.165418844469557826e+03	2.529839521084714105e-01	1.643940700909208297e-01	2.537376295193079501e-01	1.517948967683540595e-01	7.169498123809966983e-02	2.926343030175684173e-02	7.613103997285436408e-02
1.166870175533654447e+03	2.527750171951428926e-01	1.642565674251822150e-01	2.538868667522239941e-01	1.518822012403590049e-01	7.172646975834118255e-02	2.928526674921507270e-02	7.618761087930077391e-02
1.168321506597751068e+03	2.525664566032356784e-01	1.641192783090640595e-01	2.540358374068756309e-01	1.519693635632500817e-01	7.175789989531707047e-02	2.930707509120899015e-02	7.624408913081363870e-02
1.169772837661847461e+03	2.523582696232838374e-01	1.639822024433768011e-01	2.541845419328230826e-01	1.520563839938714468e-01	7.178927179359917421e-02	2.932885533736238545e-02	7.630047487544855400e-02
1.171224168725944082e+03	2.521504555473144671e-01	1.638453395292153725e-01	2.543329807789043717e-01	1.521432627883997912e-01	7.182058559727430569e-02	2.935060749748450923e-02	7.635676826117243632e-02
1.172675499790040703e+03	2.519430136688445288e-01	1.637086892679595340e-01	2.544811543932368192e-01	1.522300002023483922e-01	7.185184144994631594e-02	2.937233158156866974e-02	7.641296943586101120e-02
1.174126830854137097e+03	2.517359432828765176e-01	1.635722513612742623e-01	2.546290632232179885e-01	1.523165964905711656e-01	7.188303949473814902e-02	2.939402759979087634e-02	7.646907854729635690e-02
1.175578161918233945e+03	2.515292436858950764e-01	1.634360255111099725e-01	2.547767077155269622e-01	1.524030519072665790e-01	7.191417987429388203e-02	2.941569556250844472e-02	7.652509574316440633e-02
1.177029492982330339e+03	2.513229141758632212e-01	1.633000114197029617e-01	2.549240883161255633e-01	1.524893667059815938e-01	7.194526273078072354e-02	2.943733548025865079e-02	7.658102117105267115e-02
1.178480824046426733e+03	2.511169540522186772e-01	1.631642087895756044e-01	2.550712054702594100e-01	1.525755411396155226e-01	7.197628820589105358e-02	2.945894736375736025e-02	7.663685497844777150e-02
1.179932155110523581e+03	2.509113626158701593e-01	1.630286173235367120e-01	2.552180596224593589e-01	1.526615754604239428e-01	7.200725644084444987e-02	2.948053122389768244e-02	7.669259731273320169e-02
1.181383486174620202e+03	2.507061391691935981e-01	1.628932367246819779e-01	2.553646512165423377e-01	1.527474699200223052e-01	7.203816757638964452e-02	2.950208707174864844e-02	7.674824832118705420e-02
1.182834817238716823e+03	2.505012830160286974e-01	1.627580666963940881e-01	2.555109806956127327e-01	1.528332247693898749e-01	7.206902175280656409e-02	2.952361491855385114e-02	7.680380815097974379e-02
1.184286148302813444e+03	2.502967934616751600e-01	1.626231069423431375e-01	2.556570485020635553e-01	1.529188402588733398e-01	7.209981910990824472e-02	2.954511477573014064e-02	7.685927694917192576e-02
1.185737479366910065e+03	2.500926698128891346e-01	1.624883571664869353e-01	2.558028550775775511e-01	1.530043166381904740e-01	7.213055978704287219e-02	2.956658665486629547e-02	7.691465486271223395e-02
1.187188810431006686e+03	2.498889113778794135e-01	1.623538170730712826e-01	2.559484008631284779e-01	1.530896541564337743e-01	7.216124392309568314e-02	2.958803056772171466e-02	7.696994203843522675e-02
1.188640141495103080e+03	2.496855174663040189e-01	1.622194863666302500e-01	2.560936862989819374e-01	1.531748530620739568e-01	7.219187165649097737e-02	2.960944652622512357e-02	7.702513862305933323e-02
1.190091472559199701e+03	2.494824873892665384e-01	1.620853647519865381e-01	2.562387118246968187e-01	1.532599136029636211e-01	7.222244312519399134e-02	2.963083454247326942e-02	7.708024476318478535e-02
1.191542803623296322e+03	2.492798204593125455e-01	1.619514519342517000e-01	2.563834778791265201e-01	1.533448360263406640e-01	7.225295846671291045e-02	2.965219462872963757e-02	7.713526060529166117e-02
1.192994134687392716e+03	2.490775159904259073e-01	1.618177476188264186e-01	2.565279849004197810e-01	1.534296205788317768e-01	7.228341781810068700e-02	2.967352679742318172e-02	7.719018629573788648e-02
1.194445465751489564e+03	2.488755732980254542e-01	1.616842515114009504e-01	2.566722333260220701e-01	1.535142675064558315e-01	7.231382131595706642e-02	2.969483106114703327e-02	7.724502198075731962e-02
1.195896796815585958e+03	2.486739916989612054e-01	1.615509633179551818e-01	2.568162235926765291e-01	1.535987770546272391e-01	7.234416909643043292e-02	2.971610743265725926e-02	7.729976780645789192e-02
1.197348127879682352e+03	2.484727705115109819e-01	1.614178827447589337e-01	2.569599561364254714e-01	1.536831494681593913e-01	7.237446129521969695e-02	2.973735592487158561e-02	7.735442391881973412e-02
1.198799458943779200e+03	2.482719090553767716e-01	1.612850094983724336e-01	2.571034313926109371e-01	1.537673849912678248e-01	7.240469804757622418e-02	2.975857655086814810e-02	7.740899046369335845e-02
1.200250790007875821e+03	2.480714066516813143e-01	1.611523432856464544e-01	2.572466497958764142e-01	1.538514838675736629e-01	7.243487948830566736e-02	2.977976932388427117e-02	7.746346758679789613e-02
1.201702121071972442e+03	2.478712626229644944e-01	1.610198838137224808e-01	2.573896117801676153e-01	1.539354463401066686e-01	7.246500575176989534e-02	2.980093425731521542e-02	7.751785543371929321e-02
1.203153452136069063e+03	2.476714762931799263e-01	1.608876307900331815e-01	2.575323177787335882e-01	1.540192726513085753e-01	7.249507697188876942e-02	2.982207136471294595e-02	7.757215414990864533e-02
1.204604783200165684e+03	2.474720469876914020e-01	1.607555839223025196e-01	2.576747682241280479e-01	1.541029630430361674e-01	7.252509328214207240e-02	2.984318065978492154e-02	7.762636388068049065e-02
1.206056114264262078e+03	2.472729740332694492e-01	1.606237429185460308e-01	2.578169635482103761e-01	1.541865177565644451e-01	7.255505481557132652e-02	2.986426215639287687e-02	7.768048477121117235e-02
1.207507445328358699e+03	2.470742567580878901e-01	1.604921074870711284e-01	2.579589041821465645e-01	1.542699370325896768e-01	7.258496170478161147e-02	2.988531586855162209e-02	7.773451696653717324e-02
1.208958776392455093e+03	2.468758944917203990e-01	1.603606773364772697e-01	2.581005905564106584e-01	1.543532211112326191e-01	7.261481408194338238e-02	2.990634181042782849e-02	7.778846061155354763e-02
1.210410107456551941e+03	2.466778865651370056e-01	1.602294521756563450e-01	2.582420231007855338e-01	1.544363702320412646e-01	7.264461207879434335e-02	2.992733999633885589e-02	7.784231585101240858e-02
1.211861438520648335e+03	2.464802323107006810e-01	1.600984317137927881e-01	2.583832022443641185e-01	1.545193846339940613e-01	7.267435582664115434e-02	2.994831044075154866e-02	7.789608282952130425e-02
1.213312769584745183e+03	2.462829310621639511e-01	1.599676156603639099e-01	2.585241284155507802e-01	1.546022645555027719e-01	7.270404545636137417e-02	2.996925315828106659e-02	7.794976169154180234e-02
1.214764100648841804e+03	2.460859821546654835e-01	1.598370037251399811e-01	2.586648020420619920e-01	1.546850102344154154e-01	7.273368109840509799e-02	2.999016816368971217e-02	7.800335258138794969e-02
1.216215431712937971e+03	2.458893849247266727e-01	1.597065956181846769e-01	2.588052235509275545e-01	1.547676219080192095e-01	7.276326288279684473e-02	3.001105547188576486e-02	7.805685564322485670e-02
1.217666762777034819e+03	2.456931387102482822e-01	1.595763910498551597e-01	2.589453933684918163e-01	1.548500998130434292e-01	7.279279093913729182e-02	3.003191509792232233e-02	7.811027102106730957e-02
1.219118093841131440e+03	2.454972428505070581e-01	1.594463897308023848e-01	2.590853119204145072e-01	1.549324441856621548e-01	7.282226539660503761e-02	3.005274705699615204e-02	7.816359885877832703e-02
1.220569424905228061e+03	2.453016966861523152e-01	1.593165913719711835e-01	2.592249796316721810e-01	1.550146552614971862e-01	7.285168638395837781e-02	3.007355136444654284e-02	7.821683930006782803e-02
1.222020755969324682e+03	2.451064995592026619e-01	1.591869956846007350e-01	2.593643969265590488e-01	1.550967332756206796e-01	7.288105402953704015e-02	3.009432803575417051e-02	7.826999248849129953e-02
1.223472087033421303e+03	2.449116508130426417e-01	1.590576023802245664e-01	2.595035642286879773e-01	1.551786784625580895e-01	7.291036846126390525e-02	3.011507708653996668e-02	7.832305856744850581e-02
1.224923418097517697e+03	2.447171497924193750e-01	1.589284111706708580e-01	2.596424819609917667e-01	1.552604910562907503e-01	7.293962980664676909e-02	3.013579853256398780e-02	7.837603768018214234e-02
1.226374749161614318e+03	2.445229958434391448e-01	1.587994217680626652e-01	2.597811505457242043e-01	1.553421712902585683e-01	7.296883819278007777e-02	3.015649238972430493e-02	7.842892996977665621e-02
1.227826080225710712e+03	2.443291883135643161e-01	1.586706338848180575e-01	2.599195704044610644e-01	1.554237193973627418e-01	7.299799374634660665e-02	3.017715867405589350e-02	7.848173557915698317e-02
1.229277411289807560e+03	2.441357265516098107e-01	1.585420472336503961e-01	2.600577419581011074e-01	1.555051356099683424e-01	7.302709659361916739e-02	3.019779740172952309e-02	7.853445465108732648e-02
1.230728742353903954e+03	2.439426099077399990e-01	1.584136615275685833e-01	2.601956656268671897e-01	1.555864201599069241e-01	7.305614686046232875e-02	3.021840858905065763e-02	7.858708732817001885e-02
1.232180073418000802e+03	2.437498377334652300e-01	1.582854764798771185e-01	2.603333418303074298e-01	1.556675732784791044e-01	7.308514467233412359e-02	3.023899225245837291e-02	7.863963375284430124e-02
1.233631404482097196e+03	2.435574093816387231e-01	1.581574918041763755e-01	2.604707709872962074e-01	1.557485951964572013e-01	7.311409015428770031e-02	3.025954840852426372e-02	7.869209406738528201e-02
1.235082735546193817e+03	2.433653242064531819e-01	1.580297072143627968e-01	2.606079535160351068e-01	1.558294861440875645e-01	7.314298343097298816e-02	3.028007707395136486e-02	7.874446841390272955e-02
1.236534066610290438e+03	2.431735815634376574e-01	1.579021224246291155e-01	2.607448898340541943e-01	1.559102463510932957e-01	7.317182462663840425e-02	3.030057826557307904e-02	7.879675693434004535e-02
1.237985397674387059e+03	2.429821808094542179e-01	1.577747371494644668e-01	2.608815803582128501e-01	1.559908760466765243e-01	7.320061386513250501e-02	3.032105200035211529e-02	7.884895977047320925e-02
1.239436728738483680e+03	2.427911213026947568e-01	1.576475511036546373e-01	2.610180255047008235e-01	1.560713754595210168e-01	7.322935126990559596e-02	3.034149829537942378e-02	7.890107706390966924e-02
1.240888059802580301e+03	2.426004024026777728e-01	1.575205640022822595e-01	2.611542256890394542e-01	1.561517448177944800e-01	7.325803696401142484e-02	3.036191716787314462e-02	7.895310895608743940e-02
1.242339390866676695e+03	2.424100234702451784e-01	1.573937755607268674e-01	2.612901813260826156e-01	1.562319843491510041e-01	7.328667107010877757e-02	3.038230863517755662e-02	7.900505558827398966e-02
1.243790721930773088e+03	2.422199838675590244e-01	1.572671854946652847e-01	2.614258928300177143e-01	1.563120942807334768e-01	7.331525371046314354e-02	3.040267271476204333e-02	7.905691710156530216e-02
1.245242052994869937e+03	2.420302829580984194e-01	1.571407935200715977e-01	2.615613606143668002e-01	1.563920748391758597e-01	7.334378500694832548e-02	3.042300942422004884e-02	7.910869363688498301e-02
1.246693384058966330e+03	2.418409201066562264e-01	1.570145993532174322e-01	2.616965850919875103e-01	1.564719262506055475e-01	7.337226508104803535e-02	3.044331878126805419e-02	7.916038533498322149e-02
1.248144715123063179e+03	2.416518946793360656e-01	1.568886027106721204e-01	2.618315666750741788e-01	1.565516487406456991e-01	7.340069405385750423e-02	3.046360080374455742e-02	7.921199233643595738e-02
1.249596046187159800e+03	2.414632060435488170e-01	1.567628033093027839e-01	2.619663057751588919e-01	1.566312425344174308e-01	7.342907204608509208e-02	3.048385550960904314e-02	7.926351478164397890e-02
1.251047377251256421e+03	2.412748535680099282e-01	1.566372008662746396e-01	2.621008028031123760e-01	1.567107078565422029e-01	7.345739917805386987e-02	3.050408291694099022e-02	7.931495281083200677e-02
1.252498708315352815e+03	2.410868366227358894e-01	1.565117950990510265e-01	2.622350581691452742e-01	1.567900449311438738e-01	7.348567556970321546e-02	3.052428304393885183e-02	7.936630656404787543e-02
1.253950039379449436e+03	2.408991545790413191e-01	1.563865857253936287e-01	2.623690722828087574e-01	1.568692539818511422e-01	7.351390134059035408e-02	3.054445590891906662e-02	7.941757618116170037e-02
1.255401370443546057e+03	2.407118068095357444e-01	1.562615724633626413e-01	2.625028455529959670e-01	1.569483352317995462e-01	7.354207660989195428e-02	3.056460153031505603e-02	7.946876180186503158e-02
1.256852701507642678e+03	2.405247926881204923e-01	1.561367550313168262e-01	2.626363783879427927e-01	1.570272889036337105e-01	7.357020149640569606e-02	3.058471992667624248e-02	7.951986356567010417e-02
1.258304032571739299e+03	2.403381115899856368e-01	1.560121331479138174e-01	2.627696711952289821e-01	1.571061152195094568e-01	7.359827611855181140e-02	3.060481111666707096e-02	7.957088161190903342e-02
1.259755363635835920e+03	2.401517628916068070e-01	1.558877065321101485e-01	2.629027243817791404e-01	1.571848144010959680e-01	7.362630059437462460e-02	3.062487511906602719e-02	7.962181607973303765e-02
1.261206694699932314e+03	2.399657459707422447e-01	1.557634749031614474e-01	2.630355383538636738e-01	1.572633866695778981e-01	7.365427504154406502e-02	3.064491195276467309e-02	7.967266710811174435e-02
1.262658025764028707e+03	2.397800602064295850e-01	1.556394379806225192e-01	2.631681135170998997e-01	1.573418322456574259e-01	7.368219957735727688e-02	3.066492163676667534e-02	7.972343483583241297e-02
1.264109356828125556e+03	2.395947049789828587e-01	1.555155954843475408e-01	2.633004502764529353e-01	1.574201513495563087e-01	7.371007431874004867e-02	3.068490419018685481e-02	7.977411940149926883e-02
1.265560687892221949e+03	2.394096796699894114e-01	1.553919471344901992e-01	2.634325490362368072e-01	1.574983442010179924e-01	7.373789938224839524e-02	3.070485963225023582e-02	7.982472094353276759e-02
1.267012018956318798e+03	2.392249836623069614e-01	1.552684926515038033e-01	2.635644102001153954e-01	1.575764110193095535e-01	7.376567488407007045e-02	3.072478798229108868e-02	7.987523960016897073e-02
1.268463350020415419e+03	2.390406163400603523e-01	1.551452317561414496e-01	2.636960341711034328e-01	1.576543520232238094e-01	7.379340094002599659e-02	3.074468925975199635e-02	7.992567550945887944e-02
1.269914681084511813e+03	2.388565770886386663e-01	1.550221641694560504e-01	2.638274213515675037e-01	1.577321674310811495e-01	7.382107766557186035e-02	3.076456348418291770e-02	7.997602880926775459e-02
1.271366012148608434e+03	2.386728652946922269e-01	1.548992896128005559e-01	2.639585721432271548e-01	1.578098574607316729e-01	7.384870517579950056e-02	3.078441067524025077e-02	8.002629963727453388e-02
1.272817343212705055e+03	2.384894803461294899e-01	1.547766078078280649e-01	2.640894869471557271e-01	1.578874223295570478e-01	7.387628358543847640e-02	3.080423085268592029e-02	8.007648813097120732e-02
1.274268674276801676e+03	2.383064216321140460e-01	1.546541184764919641e-01	2.642201661637813559e-01	1.579648622544723990e-01	7.390381300885751070e-02	3.082402403638645136e-02	8.012659442766220663e-02
1.275720005340898297e+03	2.381236885430617622e-01	1.545318213410459551e-01	2.643506101928880248e-01	1.580421774519283618e-01	7.393129356006589159e-02	3.084379024631205349e-02	8.017661866446387786e-02
1.277171336404994690e+03	2.379412804706375617e-01	1.544097161240442218e-01	2.644808194336167317e-01	1.581193681379128024e-01	7.395872535271505455e-02	3.086352950253571856e-02	8.022656097830387079e-02
1.278622667469091539e+03	2.377591968077527040e-01	1.542878025483416238e-01	2.646107942844659333e-01	1.581964345279528728e-01	7.398610850009994244e-02	3.088324182523231182e-02	8.027642150592058379e-02
1.280073998533187932e+03	2.375774369485617044e-01	1.541660803370936417e-01	2.647405351432931542e-01	1.582733768371167027e-01	7.401344311516047658e-02	3.090292723467768024e-02	8.032620038386267813e-02
1.281525329597284326e+03	2.373960002884592246e-01	1.540445492137565708e-01	2.648700424073155424e-01	1.583501952800153711e-01	7.404072931048304163e-02	3.092258575124775394e-02	8.037589774848852286e-02
1.282976660661381175e+03	2.372148862240774092e-01	1.539232089020877159e-01	2.649993164731110351e-01	1.584268900708046823e-01	7.406796719830184561e-02	3.094221739541766839e-02	8.042551373596569519e-02
1.284427991725477568e+03	2.370340941532827483e-01	1.538020591261453351e-01	2.651283577366192468e-01	1.585034614231869421e-01	7.409515689050039100e-02	3.096182218776087625e-02	8.047504848227048091e-02
1.285879322789574417e+03	2.368536234751731362e-01	1.536810996102888349e-01	2.652571665931425793e-01	1.585799095504128453e-01	7.412229849861289022e-02	3.098140014894827307e-02	8.052450212318743028e-02
1.287330653853671038e+03	2.366734735900751230e-01	1.535603300791788250e-01	2.653857434373470547e-01	1.586562346652831135e-01	7.414939213382568117e-02	3.100095129974732647e-02	8.057387479430887234e-02
1.288781984917767431e+03	2.364936438995407508e-01	1.534397502577772854e-01	2.655140886632633701e-01	1.587324369801503821e-01	7.417643790697860118e-02	3.102047566102121220e-02	8.062316663103441527e-02
1.290233315981864052e+03	2.363141338063449448e-01	1.533193598713475381e-01	2.656422026642876744e-01	1.588085167069208659e-01	7.420343592856643022e-02	3.103997325372794339e-02	8.067237776857059950e-02
