1.001418434226643626e+03	2.791936877750624268e-01	1.813616439202574981e-01	2.350467407623199056e-01	1.409529549823242689e-01	6.772288697673085889e-02	2.661973757537525187e-02	6.910234800769408936e-02
1.002869765290740247e+03	2.789376156524683847e-01	1.811977720404670256e-01	2.352292840749287128e-01	1.410582431605550413e-01	6.776197931047807377e-02	2.664481594006991305e-02	6.917028982079707899e-02
1.004321096354836754e+03	2.786820092391698589e-01	1.810341491597989294e-01	2.354115053843443828e-01	1.411633542066256797e-01	6.780099295691789651e-02	2.666986640077835882e-02	6.923812265212916928e-02
1.005772427418933376e+03	2.784268676209085691e-01	1.808707749562152856e-01	2.355934052289276603e-01	1.412682884965099084e-01	6.783992813648279108e-02	2.669488893284321235e-02	6.930584662787686590e-02
1.007223758483029997e+03	2.781721898855021302e-01	1.807076491078495883e-01	2.357749841461496410e-01	1.413730464045080681e-01	6.787878506875803797e-02	2.671988351204777207e-02	6.937346187494894401e-02
1.008675089547126618e+03	2.779179751228382789e-01	1.805447712930080828e-01	2.359562426725939077e-01	1.414776283032640747e-01	6.791756397248575883e-02	2.674485011461305572e-02	6.944096852096105776e-02
1.010126420611223239e+03	2.776642224248683233e-01	1.803821411901706806e-01	2.361371813439586131e-01	1.415820345637823496e-01	6.795626506556884383e-02	2.676978871719486522e-02	6.950836669422053027e-02
1.011577751675319632e+03	2.774109308856013145e-01	1.802197584779922646e-01	2.363178006950586163e-01	1.416862655554447237e-01	6.799488856507487911e-02	2.679469929688088267e-02	6.957565652371151821e-02
1.013029082739416367e+03	2.771580996010981068e-01	1.800576228353037711e-01	2.364981012598274812e-01	1.417903216460267846e-01	6.803343468724012966e-02	2.681958183118774569e-02	6.964283813908017651e-02
1.014480413803512761e+03	2.769057276694652514e-01	1.798957339411133838e-01	2.366780835713195863e-01	1.418942032017140864e-01	6.807190364747339739e-02	2.684443629805818854e-02	6.970991167062032257e-02
1.015931744867609382e+03	2.766538141908489457e-01	1.797340914746075047e-01	2.368577481617121228e-01	1.419979105871184144e-01	6.811029566035994853e-02	2.686926267585817638e-02	6.977687724925910051e-02
1.017383075931706003e+03	2.764023582674292601e-01	1.795726951151520312e-01	2.370370955623071763e-01	1.421014441652933558e-01	6.814861093966534389e-02	2.689406094337403255e-02	6.984373500654292299e-02
1.018834406995802851e+03	2.761513590034141985e-01	1.794115445422933830e-01	2.372161263035336698e-01	1.422048042977501203e-01	6.818684969833931075e-02	2.691883107980962836e-02	6.991048507462374606e-02
1.020285738059899245e+03	2.759008155050338140e-01	1.792506394357596400e-01	2.373948409149493899e-01	1.423079913444727229e-01	6.822501214851955931e-02	2.694357306478355543e-02	6.997712758624537177e-02
1.021737069123995752e+03	2.756507268805341027e-01	1.790899794754615693e-01	2.375732399252429294e-01	1.424110056639334432e-01	6.826309850153557124e-02	2.696828687832633631e-02	7.004366267473005614e-02
1.023188400188092373e+03	2.754010922401714523e-01	1.789295643414938186e-01	2.377513238622357694e-01	1.425138476131075360e-01	6.830110896791240227e-02	2.699297250087762806e-02	7.011009047396536686e-02
1.024639731252188767e+03	2.751519106962068140e-01	1.787693937141358602e-01	2.379290932528840552e-01	1.426165175474881641e-01	6.833904375737447079e-02	2.701762991328346408e-02	7.017641111839108270e-02
1.026091062316285615e+03	2.749031813628997623e-01	1.786094672738532119e-01	2.381065486232806505e-01	1.427190158211009974e-01	6.837690307884927710e-02	2.704225909679349588e-02	7.024262474298655079e-02
1.027542393380382237e+03	2.746549033565028330e-01	1.784497847012982419e-01	2.382836904986570248e-01	1.428213427865185348e-01	6.841468714047113653e-02	2.706686003305826260e-02	7.030873148325790523e-02
1.028993724444478858e+03	2.744070757952556949e-01	1.782903456773116124e-01	2.384605194033851405e-01	1.429234987948742597e-01	6.845239614958489871e-02	2.709143270412647103e-02	7.037473147522582684e-02
1.030445055508575479e+03	2.741596977993796536e-01	1.781311498829230289e-01	2.386370358609793407e-01	1.430254841958767398e-01	6.849003031274965292e-02	2.711597709244229978e-02	7.044062485541320584e-02
1.031896386572671872e+03	2.739127684910716565e-01	1.779721969993522945e-01	2.388132403940983473e-01	1.431272993378233105e-01	6.852758983574233631e-02	2.714049318084269316e-02	7.050641176083320694e-02
1.033347717636768493e+03	2.736662869944989640e-01	1.778134867080105042e-01	2.389891335245469817e-01	1.432289445676138973e-01	6.856507492356145317e-02	2.716498095255470355e-02	7.057209232897736217e-02
1.034799048700865114e+03	2.734202524357932096e-01	1.776550186905009598e-01	2.391647157732780249e-01	1.433304202307642272e-01	6.860248578043068313e-02	2.718944039119282688e-02	7.063766669780392748e-02
1.036250379764961508e+03	2.731746639430450152e-01	1.774967926286201148e-01	2.393399876603941878e-01	1.434317266714192629e-01	6.863982260980250327e-02	2.721387148075637627e-02	7.070313500572641963e-02
1.037701710829058356e+03	2.729295206462982182e-01	1.773388082043588221e-01	2.395149497051498044e-01	1.435328642323661086e-01	6.867708561436176862e-02	2.723827420562683829e-02	7.076849739160229191e-02
1.039153041893154750e+03	2.726848216775445422e-01	1.771810650999030567e-01	2.396896024259527191e-01	1.436338332550471109e-01	6.871427499602932032e-02	2.726264855056526742e-02	7.083375399472181810e-02
1.040604372957251599e+03	2.724405661707177684e-01	1.770235629976351643e-01	2.398639463403660910e-01	1.437346340795725153e-01	6.875139095596551064e-02	2.728699450070969784e-02	7.089890495479712895e-02
1.042055704021347992e+03	2.721967532616884067e-01	1.768663015801346383e-01	2.400379819651101698e-01	1.438352670447329840e-01	6.878843369457375567e-02	2.731131204157256215e-02	7.096395041195142916e-02
1.043507035085444613e+03	2.719533820882581443e-01	1.767092805301792580e-01	2.402117098160640174e-01	1.439357324880120304e-01	6.882540341150406027e-02	2.733560115903811358e-02	7.102889050670838089e-02
1.044958366149541234e+03	2.717104517901543503e-01	1.765524995307460321e-01	2.403851304082673668e-01	1.440360307455982036e-01	6.886230030565651528e-02	2.735986183935989677e-02	7.109372537998161212e-02
1.046409697213637855e+03	2.714679615090247466e-01	1.763959582650120594e-01	2.405582442559223433e-01	1.441361621523972736e-01	6.889912457518482247e-02	2.738409406915819425e-02	7.115845517306448875e-02
1.047861028277734476e+03	2.712259103884319122e-01	1.762396564163556389e-01	2.407310518723952408e-01	1.442361270420440267e-01	6.893587641749973627e-02	2.740829783541752149e-02	7.122308002761992829e-02
1.049312359341831097e+03	2.709842975738476767e-01	1.760835936683571024e-01	2.409035537702181873e-01	1.443359257469139789e-01	6.897255602927249152e-02	2.743247312548411157e-02	7.128760008567043560e-02
1.050763690405927491e+03	2.707431222126481796e-01	1.759277697047998690e-01	2.410757504610908653e-01	1.444355585981350887e-01	6.900916360643824521e-02	2.745661992706342411e-02	7.135201548958827744e-02
1.052215021470024112e+03	2.705023834541080974e-01	1.757721842096713616e-01	2.412476424558823163e-01	1.445350259255991365e-01	6.904569934419953203e-02	2.748073822821767501e-02	7.141632638208583739e-02
1.053666352534120733e+03	2.702620804493955364e-01	1.756168368671638114e-01	2.414192302646325505e-01	1.446343280579729385e-01	6.908216343702960893e-02	2.750482801736336622e-02	7.148053290620606792e-02
1.055117683598217127e+03	2.700222123515666484e-01	1.754617273616754236e-01	2.415905143965543234e-01	1.447334653227096146e-01	6.911855607867589679e-02	2.752888928326884671e-02	7.154463520531313681e-02
1.056569014662313975e+03	2.697827783155603010e-01	1.753068553778110994e-01	2.417614953600346894e-01	1.448324380460594696e-01	6.915487746216329723e-02	2.755292201505187694e-02	7.160863342308317059e-02
1.058020345726410369e+03	2.695437774981928603e-01	1.751522206003833793e-01	2.419321736626368069e-01	1.449312465530808725e-01	6.919112777979753715e-02	2.757692620217720367e-02	7.167252770349523405e-02
1.059471676790506763e+03	2.693052090581529723e-01	1.749978227144134146e-01	2.421025498111014640e-01	1.450298911676509983e-01	6.922730722316852714e-02	2.760090183445416956e-02	7.173631819082233740e-02
1.060923007854603611e+03	2.690670721559962342e-01	1.748436614051319116e-01	2.422726243113488276e-01	1.451283722124762365e-01	6.926341598315365056e-02	2.762484890203430535e-02	7.180000502962265163e-02
1.062374338918700232e+03	2.688293659541401426e-01	1.746897363579799078e-01	2.424423976684800530e-01	1.452266900091028212e-01	6.929945424992110803e-02	2.764876739540896022e-02	7.186358836473086265e-02
1.063825669982796853e+03	2.685920896168586536e-01	1.745360472586096889e-01	2.426118703867788939e-01	1.453248448779269064e-01	6.933542221293308161e-02	2.767265730540694260e-02	7.192706834124962256e-02
1.065277001046893474e+03	2.683552423102773532e-01	1.743825937928857317e-01	2.427810429697133399e-01	1.454228371382048357e-01	6.937132006094912096e-02	2.769651862319217131e-02	7.199044510454116752e-02
1.066728332110990095e+03	2.681188232023681284e-01	1.742293756468855370e-01	2.429499159199371427e-01	1.455206671080631342e-01	6.940714798202929359e-02	2.772035134026133718e-02	7.205371880021910203e-02
1.068179663175086489e+03	2.678828314629439489e-01	1.740763925069004903e-01	2.431184897392916766e-01	1.456183351045083341e-01	6.944290616353751555e-02	2.774415544844157505e-02	7.211688957414016943e-02
1.069630994239183110e+03	2.676472662636538713e-01	1.739236440594367494e-01	2.432867649288071310e-01	1.457158414434367721e-01	6.947859479214464618e-02	2.776793093988817046e-02	7.217995757239634158e-02
1.071082325303279504e+03	2.674121267779780986e-01	1.737711299912160778e-01	2.434547419887044262e-01	1.458131864396441935e-01	6.951421405383177710e-02	2.779167780708225247e-02	7.224292294130688075e-02
1.072533656367376352e+03	2.671774121812227065e-01	1.736188499891767045e-01	2.436224214183966008e-01	1.459103704068352714e-01	6.954976413389336865e-02	2.781539604282852116e-02	7.230578582741062355e-02
1.073984987431472746e+03	2.669431216505145921e-01	1.734668037404742125e-01	2.437898037164904219e-01	1.460073936576329334e-01	6.958524521694038623e-02	2.783908564025297169e-02	7.236854637745833430e-02
1.075436318495569594e+03	2.667092543647966441e-01	1.733149909324822047e-01	2.439568893807880501e-01	1.461042565035876595e-01	6.962065748690350608e-02	2.786274659280064958e-02	7.243120473840521101e-02
1.076887649559666215e+03	2.664758095048225250e-01	1.731634112527933866e-01	2.441236789082883718e-01	1.462009592551865578e-01	6.965600112703622393e-02	2.788637889423340246e-02	7.249376105740346077e-02
1.078338980623762609e+03	2.662427862531519529e-01	1.730120643892202326e-01	2.442901727951886370e-01	1.462975022218623855e-01	6.969127631991793581e-02	2.790998253862765968e-02	7.255621548179506941e-02
1.079790311687859230e+03	2.660101837941455383e-01	1.728609500297958179e-01	2.444563715368860968e-01	1.463938857120025139e-01	6.972648324745710224e-02	2.793355752037220488e-02	7.261856815910461282e-02
1.081241642751955851e+03	2.657780013139597886e-01	1.727100678627746799e-01	2.446222756279793631e-01	1.464901100329575878e-01	6.976162209089425970e-02	2.795710383416598679e-02	7.268081923703219316e-02
1.082692973816052472e+03	2.655462380005424450e-01	1.725594175766335669e-01	2.447878855622699634e-01	1.465861754910502412e-01	6.979669303080511533e-02	2.798062147501591962e-02	7.274296886344656932e-02
1.084144304880149093e+03	2.653148930436273201e-01	1.724089988600723267e-01	2.449532018327639227e-01	1.466820823915836736e-01	6.983169624710362788e-02	2.800411043823471807e-02	7.280501718637827357e-02
1.085595635944245487e+03	2.650839656347294682e-01	1.722588114020145167e-01	2.451182249316730677e-01	1.467778310388500596e-01	6.986663191904501913e-02	2.802757071943872899e-02	7.286696435401290861e-02
1.087046967008342108e+03	2.648534549671405780e-01	1.721088548916084593e-01	2.452829553504167481e-01	1.468734217361389316e-01	6.990150022522877149e-02	2.805100231454578374e-02	7.292881051468456943e-02
1.088498298072438729e+03	2.646233602359236436e-01	1.719591290182277965e-01	2.454473935796231687e-01	1.469688547857452288e-01	6.993630134360165340e-02	2.807440521977305412e-02	7.299055581686930694e-02
1.089949629136535123e+03	2.643936806379085791e-01	1.718096334714723505e-01	2.456115401091309436e-01	1.470641304889776235e-01	6.997103545146071690e-02	2.809777943163491859e-02	7.305220040917874413e-02
1.091400960200631971e+03	2.641644153716871668e-01	1.716603679411689565e-01	2.457753954279904285e-01	1.471592491461664598e-01	7.000570272545629524e-02	2.812112494694087722e-02	7.311374444035373399e-02
1.092852291264728365e+03	2.639355636376083947e-01	1.715113321173721006e-01	2.459389600244653029e-01	1.472542110566715245e-01	7.004030334159487559e-02	2.814444176279343179e-02	7.317518805925829484e-02
1.094303622328825213e+03	2.637071246377735156e-01	1.713625256903647531e-01	2.461022343860339301e-01	1.473490165188901524e-01	7.007483747524215212e-02	2.816772987658599375e-02	7.323653141487333762e-02
1.095754953392921607e+03	2.634790975760316067e-01	1.712139483506591731e-01	2.462652189993909391e-01	1.474436658302646086e-01	7.010930530112585712e-02	2.819098928600082335e-02	7.329777465629080946e-02
1.097206284457018228e+03	2.632514816579744066e-01	1.710655997889975188e-01	2.464279143504485015e-01	1.475381592872899161e-01	7.014370699333874470e-02	2.821421998900695491e-02	7.335891793270771233e-02
1.098657615521114849e+03	2.630242760909319855e-01	1.709174796963526810e-01	2.465903209243378580e-01	1.476324971855212387e-01	7.017804272534146348e-02	2.823742198385814986e-02	7.341996139342032990e-02
1.100108946585211470e+03	2.627974800839678049e-01	1.707695877639290594e-01	2.467524392054105953e-01	1.477266798195814024e-01	7.021231266996544318e-02	2.826059526909085323e-02	7.348090518781849600e-02
1.101560277649308091e+03	2.625710928478741657e-01	1.706219236831631458e-01	2.469142696772403112e-01	1.478207074831681400e-01	7.024651699941573957e-02	2.828373984352217790e-02	7.354174946537998803e-02
1.103011608713404712e+03	2.623451135951673785e-01	1.704744871457244126e-01	2.470758128226237249e-01	1.479145804690613075e-01	7.028065588527393492e-02	2.830685570624787498e-02	7.360249437566498965e-02
1.104462939777501106e+03	2.621195415400833784e-01	1.703272778435159229e-01	2.472370691235823703e-01	1.480082990691301004e-01	7.031472949850094134e-02	2.832994285664034231e-02	7.366314006831063688e-02
1.105914270841597499e+03	2.618943758985728398e-01	1.701802954686750247e-01	2.473980390613637059e-01	1.481018635743399370e-01	7.034873800943987343e-02	2.835300129434661920e-02	7.372368669302568900e-02
1.107365601905694348e+03	2.616696158882966805e-01	1.700335397135741833e-01	2.475587231164427249e-01	1.481952742747596197e-01	7.038268158781881001e-02	2.837603101928641916e-02	7.378413439958524112e-02
1.108816932969790741e+03	2.614452607286215646e-01	1.698870102708215368e-01	2.477191217685232039e-01	1.482885314595680792e-01	7.041656040275358353e-02	2.839903203165016279e-02	7.384448333782554774e-02
1.110268264033887590e+03	2.612213096406150736e-01	1.697407068332617841e-01	2.478792354965390909e-01	1.483816354170611751e-01	7.045037462275063889e-02	2.842200433189700018e-02	7.390473365763895741e-02
1.111719595097984211e+03	2.609977618470413208e-01	1.695946290939766010e-01	2.480390647786559211e-01	1.484745864346583566e-01	7.048412441570972575e-02	2.844494792075289921e-02	7.396488550896884728e-02
1.113170926162080832e+03	2.607746165723565657e-01	1.694487767462856120e-01	2.481986100922721483e-01	1.485673847989092966e-01	7.051780994892670185e-02	2.846786279920868190e-02	7.402493904180473816e-02
1.114622257226177226e+03	2.605518730427041629e-01	1.693031494837468343e-01	2.483578719140205338e-01	1.486600307955004974e-01	7.055143138909623912e-02	2.849074896851811964e-02	7.408489440617740951e-02
1.116073588290273847e+03	2.603295304859106207e-01	1.691577470001575101e-01	2.485168507197693943e-01	1.487525247092615355e-01	7.058498890231455769e-02	2.851360643019601460e-02	7.414475175215413938e-02
1.117524919354370468e+03	2.601075881314808824e-01	1.690125689895546901e-01	2.486755469846240463e-01	1.488448668241716677e-01	7.061848265408217362e-02	2.853643518601630888e-02	7.420451122983402759e-02
1.118976250418467089e+03	2.598860452105937746e-01	1.688676151462159547e-01	2.488339611829280817e-01	1.489370574233659095e-01	7.065191280930654960e-02	2.855923523801017980e-02	7.426417298934334665e-02
1.120427581482563710e+03	2.596649009560976218e-01	1.687228851646599970e-01	2.489920937882647567e-01	1.490290967891413632e-01	7.068527953230481498e-02	2.858200658846418718e-02	7.432373718083103153e-02
1.121878912546660331e+03	2.594441546025058609e-01	1.685783787396473443e-01	2.491499452734582676e-01	1.491209852029632965e-01	7.071858298680641641e-02	2.860474923991838253e-02	7.438320395446421096e-02
1.123330243610756725e+03	2.592238053859924340e-01	1.684340955661810246e-01	2.493075161105750281e-01	1.492127229454711934e-01	7.075182333595581019e-02	2.862746319516447022e-02	7.444257346042378043e-02
1.124781574674853118e+03	2.590038525443875694e-01	1.682900353395071213e-01	2.494648067709251127e-01	1.493043102964847768e-01	7.078500074231505734e-02	2.865014845724396172e-02	7.450184584890014172e-02
1.126232905738949967e+03	2.587842953171733407e-01	1.681461977551154396e-01	2.496218177250634218e-01	1.493957475350098096e-01	7.081811536786650207e-02	2.867280502944632645e-02	7.456102127008887304e-02
1.127684236803046360e+03	2.585651329454791703e-01	1.680025825087401725e-01	2.497785494427910424e-01	1.494870349392440345e-01	7.085116737401538078e-02	2.869543291530719797e-02	7.462009987418666279e-02
1.129135567867143209e+03	2.583463646720777218e-01	1.678591892963604559e-01	2.499350023931565523e-01	1.495781727865828359e-01	7.088415692159238946e-02	2.871803211860654570e-02	7.467908181138711854e-02
1.130586898931239830e+03	2.581279897413801816e-01	1.677160178142011737e-01	2.500911770444573801e-01	1.496691613536249854e-01	7.091708417085630656e-02	2.874060264336687071e-02	7.473796723187672852e-02
1.132038229995336451e+03	2.579100073994322617e-01	1.675730677587333184e-01	2.502470738642408876e-01	1.497600009161782764e-01	7.094994928149658819e-02	2.876314449385141553e-02	7.479675628583093427e-02
1.133489561059432845e+03	2.576924168939096482e-01	1.674303388266747683e-01	2.504026933193058135e-01	1.498506917492649360e-01	7.098275241263589386e-02	2.878565767456240515e-02	7.485544912341018930e-02
1.134940892123529466e+03	2.574752174741138933e-01	1.672878307149908150e-01	2.505580358757035775e-01	1.499412341271272320e-01	7.101549372283269546e-02	2.880814219023925676e-02	7.491404589475615661e-02
1.136392223187626087e+03	2.572584083909680852e-01	1.671455431208948572e-01	2.507131019987393628e-01	1.500316283232328851e-01	7.104817337008374756e-02	2.883059804585682423e-02	7.497254674998787838e-02
1.137843554251722708e+03	2.570419888970124078e-01	1.670034757418488724e-01	2.508678921529736150e-01	1.501218746102803425e-01	7.108079151182665478e-02	2.885302524662365989e-02	7.503095183919811229e-02
1.139294885315819101e+03	2.568259582464000879e-01	1.668616282755641389e-01	2.510224068022230970e-01	1.502119732602040791e-01	7.111334830494238368e-02	2.887542379798027289e-02	7.508926131244963997e-02
1.140746216379915950e+03	2.566103156948930653e-01	1.667200004200016794e-01	2.511766464095622764e-01	1.503019245441798157e-01	7.114584390575778849e-02	2.889779370559739449e-02	7.514747531977172823e-02
1.142197547444012343e+03	2.563950604998577742e-01	1.665785918733729831e-01	2.513306114373244915e-01	1.503917287326296537e-01	7.117827847004802588e-02	2.892013497537427105e-02	7.520559401115656240e-02
1.143648878508108737e+03	2.561801919202609801e-01	1.664374023341404774e-01	2.514843023471032279e-01	1.504813860952271820e-01	7.121065215303912233e-02	2.894244761343695363e-02	7.526361753655579079e-02
1.145100209572205586e+03	2.559657092166655601e-01	1.662964315010181104e-01	2.516377195997533955e-01	1.505708969009025566e-01	7.124296510941036109e-02	2.896473162613660488e-02	7.532154604587712465e-02
1.146551540636302207e+03	2.557516116512261739e-01	1.661556790729720456e-01	2.517908636553925494e-01	1.506602614178473021e-01	7.127521749329678025e-02	2.898698702004780595e-02	7.537937968898095198e-02
1.148002871700398828e+03	2.555378984876855442e-01	1.660151447492210219e-01	2.519437349734020559e-01	1.507494799135194186e-01	7.130740945829160127e-02	2.900921380196688423e-02	7.543711861567709009e-02
1.149454202764495449e+03	2.553245689913696825e-01	1.658748282292370479e-01	2.520963340124284247e-01	1.508385526546480448e-01	7.133954115744864377e-02	2.903141197891024455e-02	7.549476297572152439e-02
1.150905533828591842e+03	2.551116224291841705e-01	1.657347292127459293e-01	2.522486612303843634e-01	1.509274799072383988e-01	7.137161274328476801e-02	2.905358155811271770e-02	7.555231291881323030e-02
1.152356864892688463e+03	2.548990580696101071e-01	1.655948473997277126e-01	2.524007170844501102e-01	1.510162619365763848e-01	7.140362436778224797e-02	2.907572254702590897e-02	7.560976859459105082e-02
1.153808195956785084e+03	2.546868751826996680e-01	1.654551824904174073e-01	2.525525020310747659e-01	1.511048990072333398e-01	7.143557618239118612e-02	2.909783495331656408e-02	7.566713015263060171e-02
1.155259527020881706e+03	2.544750730400721639e-01	1.653157341853054019e-01	2.527040165259772375e-01	1.511933913830706411e-01	7.146746833803184484e-02	2.911991878486494545e-02	7.572439774244127397e-02
1.156710858084978327e+03	2.542636509149101554e-01	1.651765021851380189e-01	2.528552610241476262e-01	1.512817393272442301e-01	7.149930098509707510e-02	2.914197404976319808e-02	7.578157151346326392e-02
1.158162189149074720e+03	2.540526080819550114e-01	1.650374861909180146e-01	2.530062359798483929e-01	1.513699431022091368e-01	7.153107427345462010e-02	2.916400075631376751e-02	7.583865161506464503e-02
1.159613520213171569e+03	2.538419438175031351e-01	1.648986859039052177e-01	2.531569418466154131e-01	1.514580029697239760e-01	7.156278835244950232e-02	2.918599891302778304e-02	7.589563819653849519e-02
1.161064851277267962e+03	2.536316573994019663e-01	1.647601010256168896e-01	2.533073790772594758e-01	1.515459191908552772e-01	7.159444337090634103e-02	2.920796852862347220e-02	7.595253140710009343e-02
1.162516182341364356e+03	2.534217481070457634e-01	1.646217312578283076e-01	2.534575481238672268e-01	1.516336920259818699e-01	7.162603947713162833e-02	2.922990961202458909e-02	7.600933139588417209e-02
1.163967513405461204e+03	2.532122152213717725e-01	1.644835763025733200e-01	2.536074494378022792e-01	1.517213217347992138e-01	7.165757681891607445e-02	2.925182217235883578e-02	7.606603831194214127e-02
1.165418844469557826e+03	2.530030580248559535e-01	1.643456358621448454e-01	2.537570834697065458e-01	1.518088085763235617e-01	7.168905554353692533e-02	2.927370621895630798e-02	7.612265230423947981e-02
1.166870175533654447e+03	2.527942758015093161e-01	1.642079096390952342e-01	2.539064506695016266e-01	1.518961528088962343e-01	7.172047579776019699e-02	2.929556176134794424e-02	7.617917352165307077e-02
1.168321506597751068e+03	2.525858678368739230e-01	1.640703973362369339e-01	2.540555514863895303e-01	1.519833546901877275e-01	7.175183772784297920e-02	2.931738880926397159e-02	7.623560211296863398e-02
1.169772837661847461e+03	2.523778334180186156e-01	1.639330986566428783e-01	2.542043863688540628e-01	1.520704144772018207e-01	7.178314147953568369e-02	2.933918737263239984e-02	7.629193822687822812e-02
1.171224168725944082e+03	2.521701718335355724e-01	1.637960133036470978e-01	2.543529557646619921e-01	1.521573324262796290e-01	7.181438719808430626e-02	2.936095746157747072e-02	7.634818201197766940e-02
1.172675499790040703e+03	2.519628823735359235e-01	1.636591409808449971e-01	2.545012601208641589e-01	1.522441087931035719e-01	7.184557502823264719e-02	2.938269908641815906e-02	7.640433361676420010e-02
1.174126830854137097e+03	2.517559643296461980e-01	1.635224813920939657e-01	2.546492998837968091e-01	1.523307438327014263e-01	7.187670511422458719e-02	2.940441225766666014e-02	7.646039318963400444e-02
1.175578161918233945e+03	2.515494169950040493e-01	1.633860342415139055e-01	2.547970754990824815e-01	1.524172377994501282e-01	7.190777759980621076e-02	2.942609698602690477e-02	7.651636087887993265e-02
1.177029492982330339e+03	2.513432396642547584e-01	1.632497992334875636e-01	2.549445874116313404e-01	1.525035909470797146e-01	7.193879262822809595e-02	2.944775328239305351e-02	7.657223683268908621e-02
1.178480824046426733e+03	2.511374316335471257e-01	1.631137760726611152e-01	2.550918360656421746e-01	1.525898035286770704e-01	7.196975034224747936e-02	2.946938115784803955e-02	7.662802119914063903e-02
1.179932155110523581e+03	2.509319922005295855e-01	1.629779644639444969e-01	2.552388219046036744e-01	1.526758757966897584e-01	7.200065088413044878e-02	2.949098062366208375e-02	7.668371412620353378e-02
1.181383486174620202e+03	2.507269206643465975e-01	1.628423641125119614e-01	2.553855453712954859e-01	1.527618080029297665e-01	7.203149439565406653e-02	2.951255169129124792e-02	7.673931576173433078e-02
1.182834817238716823e+03	2.505222163256347057e-01	1.627069747238024944e-01	2.555320069077894884e-01	1.528476003985771436e-01	7.206228101810863151e-02	2.953409437237596025e-02	7.679482625347507085e-02
1.184286148302813444e+03	2.503178784865184303e-01	1.625717960035203413e-01	2.556782069554506820e-01	1.529332532341837469e-01	7.209301089229969151e-02	2.955560867873959635e-02	7.685024574905111039e-02
1.185737479366910065e+03	2.501139064506067711e-01	1.624368276576352854e-01	2.558241459549384089e-01	1.530187667596766277e-01	7.212368415855031911e-02	2.957709462238703596e-02	7.690557439596909517e-02
1.187188810431006686e+03	2.499102995229895152e-01	1.623020693923832303e-01	2.559698243462076306e-01	1.531041412243619171e-01	7.215430095670315180e-02	2.959855221550323351e-02	7.696081234161487872e-02
1.188640141495103080e+03	2.497070570102331577e-01	1.621675209142665330e-01	2.561152425685098710e-01	1.531893768769280739e-01	7.218486142612255685e-02	2.961998147045179913e-02	7.701595973325159328e-02
1.190091472559199701e+03	2.495041782203772929e-01	1.620331819300545040e-01	2.562604010603943272e-01	1.532744739654495481e-01	7.221536570569668523e-02	2.964138239977360395e-02	7.707101671801758203e-02
1.191542803623296322e+03	2.493016624629308675e-01	1.618990521467838228e-01	2.564053002597091457e-01	1.533594327373900834e-01	7.224581393383963657e-02	2.966275501618536800e-02	7.712598344292460883e-02
1.192994134687392716e+03	2.490995090488682950e-01	1.617651312717589829e-01	2.565499406036024221e-01	1.534442534396062152e-01	7.227620624849348530e-02	2.968409933257826899e-02	7.718086005485584600e-02
1.194445465751489564e+03	2.488977172906259305e-01	1.616314190125525962e-01	2.566943225285232000e-01	1.535289363183506839e-01	7.230654278713040395e-02	2.970541536201656493e-02	7.723564670056411174e-02
1.195896796815585958e+03	2.486962865020981850e-01	1.614979150770059768e-01	2.568384464702228032e-01	1.536134816192756269e-01	7.233682368675471708e-02	2.972670311773620289e-02	7.729034352666996899e-02
1.197348127879682352e+03	2.484952159986338893e-01	1.613646191732293345e-01	2.569823128637558907e-01	1.536978895874359929e-01	7.236704908390492741e-02	2.974796261314347975e-02	7.734495067965999060e-02
1.198799458943779200e+03	2.482945050970326029e-01	1.612315310096024412e-01	2.571259221434812337e-01	1.537821604672927334e-01	7.239721911465576976e-02	2.976919386181365798e-02	7.739946830588503857e-02
1.200250790007875821e+03	2.480941531155409219e-01	1.610986502947747978e-01	2.572692747430632698e-01	1.538662945027160223e-01	7.242733391462029269e-02	2.979039687748962981e-02	7.745389655155845987e-02
1.201702121071972442e+03	2.478941593738488436e-01	1.609659767376662165e-01	2.574123710954729360e-01	1.539502919369885314e-01	7.245739361895182917e-02	2.981157167408056766e-02	7.750823556275447668e-02
1.203153452136069063e+03	2.476945231930860192e-01	1.608335100474670154e-01	2.575552116329888341e-01	1.540341530128084280e-01	7.248739836234602274e-02	2.983271826566059881e-02	7.756248548540646548e-02
1.204604783200165684e+03	2.474952438958182011e-01	1.607012499336386291e-01	2.576977967871981745e-01	1.541178779722925940e-01	7.251734827904285363e-02	2.985383666646746967e-02	7.761664646530543055e-02
1.206056114264262078e+03	2.472963208060435514e-01	1.605691961059138306e-01	2.578401269889981640e-01	1.542014670569797075e-01	7.254724350282859557e-02	2.987492689090122736e-02	7.767071864809831083e-02
1.207507445328358699e+03	2.470977532491890616e-01	1.604373482742971757e-01	2.579822026685967273e-01	1.542849205078332675e-01	7.257708416703785581e-02	2.989598895352291869e-02	7.772470217928646730e-02
1.208958776392455093e+03	2.468995405521068609e-01	1.603057061490653357e-01	2.581240242555137843e-01	1.543682385652445643e-01	7.260687040455549024e-02	2.991702286905328217e-02	7.777859720422415635e-02
1.210410107456551941e+03	2.467016820430707469e-01	1.601742694407675138e-01	2.582655921785823594e-01	1.544514214690357323e-01	7.263660234781861569e-02	2.993802865237145741e-02	7.783240386811703104e-02
1.211861438520648335e+03	2.465041770517725217e-01	1.600430378602258619e-01	2.584069068659494706e-01	1.545344694584626644e-01	7.266628012881852505e-02	2.995900631851368401e-02	7.788612231602067004e-02
1.213312769584745183e+03	2.463070249093184116e-01	1.599120111185358128e-01	2.585479687450774611e-01	1.546173827722179261e-01	7.269590387910264406e-02	2.997995588267205261e-02	7.793975269283910656e-02
1.214764100648841804e+03	2.461102249482254867e-01	1.597811889270663033e-01	2.586887782427447768e-01	1.547001616484336428e-01	7.272547372977650193e-02	3.000087736019319690e-02	7.799329514332345448e-02
1.216215431712937971e+03	2.459137765024182465e-01	1.596505709974603560e-01	2.588293357850471876e-01	1.547828063246843577e-01	7.275498981150561872e-02	3.002177076657706195e-02	7.804674981207047890e-02
1.217666762777034819e+03	2.457176789072249012e-01	1.595201570416352466e-01	2.589696417973989528e-01	1.548653170379898081e-01	7.278445225451743439e-02	3.004263611747563095e-02	7.810011684352131944e-02
1.219118093841131440e+03	2.455219314993739299e-01	1.593899467717830309e-01	2.591096967045335431e-01	1.549476940248178669e-01	7.281386118860321000e-02	3.006347342869167966e-02	7.815339638196007466e-02
1.220569424905228061e+03	2.453265336169905275e-01	1.592599399003707117e-01	2.592495009305050280e-01	1.550299375210870689e-01	7.284321674311990125e-02	3.008428271617754821e-02	7.820658857151252530e-02
1.222020755969324682e+03	2.451314845995931635e-01	1.591301361401406822e-01	2.593890548986890199e-01	1.551120477621695526e-01	7.287251904699212912e-02	3.010506399603388519e-02	7.825969355614487144e-02
1.223472087033421303e+03	2.449367837880900567e-01	1.590005352041110598e-01	2.595283590317836175e-01	1.551940249828936691e-01	7.290176822871397011e-02	3.012581728450844029e-02	7.831271147966246959e-02
1.224923418097517697e+03	2.447424305247756782e-01	1.588711368055760464e-01	2.596674137518105718e-01	1.552758694175466747e-01	7.293096441635085747e-02	3.014654259799484648e-02	7.836564248570862534e-02
1.226374749161614318e+03	2.445484241533272818e-01	1.587419406581061232e-01	2.598062194801162850e-01	1.553575812998773675e-01	7.296010773754144085e-02	3.016723995303139186e-02	7.841848671776335822e-02
1.227826080225710712e+03	2.443547640188014347e-01	1.586129464755486052e-01	2.599447766373729762e-01	1.554391608630987520e-01	7.298919831949944592e-02	3.018790936629984004e-02	7.847124431914224985e-02
1.229277411289807560e+03	2.441614494676306035e-01	1.584841539720277526e-01	2.600830856435794036e-01	1.555206083398905370e-01	7.301823628901549235e-02	3.020855085462421930e-02	7.852391543299529209e-02
1.230728742353903954e+03	2.439684798476197125e-01	1.583555628619452427e-01	2.602211469180622516e-01	1.556019239624017725e-01	7.304722177245895343e-02	3.022916443496963604e-02	7.857650020230574905e-02
1.232180073418000802e+03	2.437758545079426742e-01	1.582271728599803362e-01	2.603589608794769639e-01	1.556831079622534031e-01	7.307615489577976020e-02	3.024975012444109171e-02	7.862899876988907466e-02
1.233631404482097196e+03	2.435835727991390032e-01	1.580989836810903770e-01	2.604965279458088534e-01	1.557641605705407106e-01	7.310503578451021944e-02	3.027030794028231359e-02	7.868141127839181626e-02
1.235082735546193817e+03	2.433916340731104577e-01	1.579709950405109309e-01	2.606338485343740463e-01	1.558450820178358676e-01	7.313386456376683165e-02	3.029083789987458905e-02	7.873373787029055992e-02
1.236534066610290438e+03	2.432000376831174870e-01	1.578432066537561740e-01	2.607709230618206475e-01	1.559258725341903795e-01	7.316264135825206738e-02	3.031134002073559638e-02	7.878597868789087577e-02
1.237985397674387059e+03	2.430087829837760671e-01	1.577156182366192816e-01	2.609077519441296844e-01	1.560065323491375000e-01	7.319136629225617141e-02	3.033181432051825985e-02	7.883813387332637423e-02
1.239436728738483680e+03	2.428178693310541481e-01	1.575882295051724558e-01	2.610443355966159951e-01	1.560870616916945897e-01	7.322003948965889741e-02	3.035226081700960130e-02	7.889020356855760974e-02
1.240888059802580301e+03	2.426272960822684066e-01	1.574610401757675915e-01	2.611806744339295605e-01	1.561674607903656420e-01	7.324866107393136760e-02	3.037267952812959873e-02	7.894218791537119251e-02
1.242339390866676695e+03	2.424370625960808323e-01	1.573340499650362212e-01	2.613167688700562263e-01	1.562477298731434761e-01	7.327723116813773807e-02	3.039307047193005873e-02	7.899408705537883102e-02
1.243790721930773088e+03	2.422471682324953690e-01	1.572072585898900143e-01	2.614526193183188130e-01	1.563278691675122622e-01	7.330574989493700289e-02	3.041343366659348887e-02	7.904590113001638829e-02
1.245242052994869937e+03	2.420576123528546952e-01	1.570806657675209994e-01	2.615882261913783369e-01	1.564078789004496317e-01	7.333421737658474271e-02	3.043376913043197712e-02	7.909763028054296596e-02
1.246693384058966330e+03	2.418683943198367547e-01	1.569542712154018693e-01	2.617235899012345657e-01	1.564877592984291466e-01	7.336263373493480400e-02	3.045407688188609199e-02	7.914927464804005774e-02
1.248144715123063179e+03	2.416795134974515646e-01	1.568280746512862867e-01	2.618587108592274615e-01	1.565675105874224093e-01	7.339099909144108924e-02	3.047435693952376193e-02	7.920083437341063348e-02
1.249596046187159800e+03	2.414909692510378847e-01	1.567020757932090225e-01	2.619935894760381245e-01	1.566471329929014777e-01	7.341931356715925006e-02	3.049460932203918589e-02	7.925230959737833425e-02
1.251047377251256421e+03	2.413027609472599144e-01	1.565762743594863449e-01	2.621282261616894038e-01	1.567266267398408630e-01	7.344757728274836639e-02	3.051483404825173704e-02	7.930370046048661192e-02
1.252498708315352815e+03	2.411148879541039902e-01	1.564506700687162966e-01	2.622626213255473959e-01	1.568059920527199724e-01	7.347579035847270901e-02	3.053503113710488714e-02	7.935500710309797978e-02
1.253950039379449436e+03	2.409273496408753934e-01	1.563252626397788891e-01	2.623967753763221666e-01	1.568852291555251355e-01	7.350395291420340482e-02	3.055520060766513113e-02	7.940622966539312433e-02
1.255401370443546057e+03	2.407401453781949641e-01	1.562000517918364639e-01	2.625306887220687502e-01	1.569643382717517410e-01	7.353206506942008835e-02	3.057534247912089415e-02	7.945736828737026691e-02
1.256852701507642678e+03	2.405532745379960480e-01	1.560750372443338585e-01	2.626643617701884259e-01	1.570433196244064855e-01	7.356012694321258094e-02	3.059545677078149423e-02	7.950842310884427555e-02
1.258304032571739299e+03	2.403667364935210826e-01	1.559502187169986287e-01	2.627977949274292735e-01	1.571221734360094269e-01	7.358813865428262546e-02	3.061554350207605635e-02	7.955939426944601267e-02
1.259755363635835920e+03	2.401805306193184608e-01	1.558255959298414928e-01	2.629309885998875052e-01	1.572008999285961217e-01	7.361610032094546840e-02	3.063560269255249588e-02	7.961028190862162734e-02
1.261206694699932314e+03	2.399946562912392556e-01	1.557011686031563313e-01	2.630639431930082983e-01	1.572794993237195127e-01	7.364401206113155296e-02	3.065563436187643959e-02	7.966108616563180589e-02
1.262658025764028707e+03	2.398091128864340837e-01	1.555769364575206037e-01	2.631966591115867948e-01	1.573579718424522322e-01	7.367187399238814272e-02	3.067563852983020908e-02	7.971180717955110573e-02
1.264109356828125556e+03	2.396238997833498863e-01	1.554528992137955423e-01	2.633291367597691557e-01	1.574363177053885454e-01	7.369968623188097312e-02	3.069561521631176612e-02	7.976244508926731702e-02
1.265560687892221949e+03	2.394390163617267087e-01	1.553290565931263467e-01	2.634613765410534492e-01	1.575145371326462929e-01	7.372744889639587518e-02	3.071556444133372032e-02	7.981300003348078265e-02
1.267012018956318798e+03	2.392544620025945368e-01	1.552054083169425447e-01	2.635933788582907056e-01	1.575926303438689169e-01	7.375516210234037140e-02	3.073548622502227448e-02	7.986347215070378758e-02
1.268463350020415419e+03	2.390702360882701050e-01	1.550819541069580754e-01	2.637251441136859720e-01	1.576705975582275432e-01	7.378282596574531338e-02	3.075538058761623575e-02	7.991386157925992051e-02
1.269914681084511813e+03	2.388863380023538707e-01	1.549586936851715946e-01	2.638566727087989783e-01	1.577484389944227572e-01	7.381044060226644998e-02	3.077524754946599564e-02	7.996416845728349099e-02
1.271366012148608434e+03	2.387027671297266562e-01	1.548356267738667247e-01	2.639879650445455250e-01	1.578261548706866857e-01	7.383800612718606493e-02	3.079508713103253081e-02	8.001439292271896042e-02
1.272817343212705055e+03	2.385195228565467063e-01	1.547127530956121377e-01	2.641190215211981496e-01	1.579037454047848843e-01	7.386552265541453111e-02	3.081489935288641430e-02	8.006453511332031758e-02
1.274268674276801676e+03	2.383366045702464409e-01	1.545900723732620552e-01	2.642498425383872362e-01	1.579812108140181692e-01	7.389299030149192038e-02	3.083468423570681974e-02	8.011459516665056513e-02
1.275720005340898297e+03	2.381540116595294021e-01	1.544675843299561369e-01	2.643804284951018491e-01	1.580585513152245325e-01	7.392040917958954405e-02	3.085444180028053957e-02	8.016457322008119224e-02
1.277171336404994690e+03	2.379717435143670623e-01	1.543452886891199527e-01	2.645107797896909529e-01	1.581357671247810848e-01	7.394777940351150713e-02	3.087417206750101700e-02	8.021446941079161952e-02
1.278622667469091539e+03	2.377897995259958264e-01	1.542231851744649829e-01	2.646408968198641354e-01	1.582128584586058040e-01	7.397510108669633211e-02	3.089387505836736769e-02	8.026428387576869938e-02
1.280073998533187932e+03	2.376081790869138677e-01	1.541012735099890341e-01	2.647707799826927721e-01	1.582898255321594783e-01	7.400237434221842991e-02	3.091355079398341171e-02	8.031401675180621647e-02
1.281525329597284326e+03	2.374268815908781027e-01	1.539795534199762950e-01	2.649004296746107490e-01	1.583666685604473434e-01	7.402959928278964041e-02	3.093319929555672643e-02	8.036366817550441577e-02
1.282976660661381175e+03	2.372459064329010547e-01	1.538580246289975861e-01	2.650298462914155717e-01	1.584433877580210537e-01	7.405677602076085608e-02	3.095282058439768544e-02	8.041323828326951695e-02
1.284427991725477568e+03	2.370652530092478560e-01	1.537366868619105542e-01	2.651590302282693656e-01	1.585199833389803747e-01	7.408390466812343755e-02	3.097241468191851144e-02	8.046272721131328409e-02
1.285879322789574417e+03	2.368849207174331672e-01	1.536155398438598663e-01	2.652879818796996525e-01	1.585964555169749879e-01	7.411098533651080955e-02	3.099198160963233944e-02	8.051213509565254001e-02
1.287330653853671038e+03	2.367049089562181241e-01	1.534945833002774596e-01	2.654167016396005718e-01	1.586728045052062108e-01	7.413801813719993195e-02	3.101152138915228354e-02	8.056146207210879151e-02
1.288781984917767431e+03	2.365252171256073399e-01	1.533738169568826248e-01	2.655451899012335470e-01	1.587490305164287185e-01	7.416500318111281242e-02	3.103103404219050010e-02	8.061070827630778535e-02
1.290233315981864052e+03	2.363458446268458801e-01	1.532532405396822561e-01	2.656734470572285622e-01	1.588251337629523197e-01	7.419194057881800530e-02	3.105051959055726493e-02	8.065987384367910573e-02
