1.301360187473271253e+03	2.357998504890927161e-01	1.510870198025445477e-01	2.603413343413945036e-01	1.617622097007178628e-01	7.646686909962388534e-02	3.220855581827850728e-02	8.233416074811117369e-02
1.306197957686926657e+03	2.352188596145213251e-01	1.506839824302773079e-01	2.607134201564418885e-01	1.620270170507111251e-01	7.657640822928787894e-02	3.228353327576132664e-02	8.249677924276230256e-02
1.311035727900581833e+03	2.346412363104282695e-01	1.502831187676898772e-01	2.610833454511531926e-01	1.622903213809351042e-01	7.668535548553118142e-02	3.235817587269809725e-02	8.265844673132730080e-02
1.315873498114237009e+03	2.340669594765092398e-01	1.498844183816978037e-01	2.614511244130937606e-01	1.625521307369623414e-01	7.679371392392837781e-02	3.243248404283859132e-02	8.281916902473293596e-02
1.320711268327892412e+03	2.334960081769259510e-01	1.494878708612140394e-01	2.618167710988550390e-01	1.628124531284094456e-01	7.690148658788377445e-02	3.250645824361158426e-02	8.297895190286320999e-02
1.325549038541547588e+03	2.329283616384083544e-01	1.490934658177866245e-01	2.621802994361746575e-01	1.630712965290013472e-01	7.700867650858284064e-02	3.258009895549052876e-02	8.313780111431864905e-02
1.330386808755202765e+03	2.323639992483882699e-01	1.487011928862163879e-01	2.625417232260031097e-01	1.633286688766358019e-01	7.711528670494728621e-02	3.265340668137323848e-02	8.329572237619886632e-02
1.335224578968857941e+03	2.318029005531641595e-01	1.483110417251558288e-01	2.629010561445186966e-01	1.635845780734482835e-01	7.722132018359335881e-02	3.272638194597531774e-02	8.345272137390730149e-02
1.340062349182513572e+03	2.312450452560962377e-01	1.479230020176895144e-01	2.632583117450918442e-01	1.638390319858776534e-01	7.732677993879354117e-02	3.279902529523691379e-02	8.360880376097724886e-02
1.344900119396168748e+03	2.306904132158315579e-01	1.475370634718962126e-01	2.636135034602015148e-01	1.640920384447318581e-01	7.743166895244123216e-02	3.287133729574263225e-02	8.376397515891799428e-02
1.349737889609823924e+03	2.301389844445580202e-01	1.471532158213933461e-01	2.639666446033039349e-01	1.643436052452546536e-01	7.753599019401855030e-02	3.294331853415415762e-02	8.391824115708028387e-02
1.354575659823479100e+03	2.295907391062873004e-01	1.467714488258641259e-01	2.643177483706561359e-01	1.645937401471927741e-01	7.763974662056702392e-02	3.301496961665541241e-02	8.407160731254018082e-02
1.359413430037134731e+03	2.290456575151654794e-01	1.463917522715675879e-01	2.646668278430948651e-01	1.648424508748636552e-01	7.774294117666111226e-02	3.308629116840991480e-02	8.422407915000035272e-02
1.364251200250789907e+03	2.285037201338113999e-01	1.460141159718324200e-01	2.650138959877722522e-01	1.650897451172241293e-01	7.784557679438446065e-02	3.315728383303005039e-02	8.437566216170817868e-02
1.369088970464445310e+03	2.279649075716817797e-01	1.456385297675342749e-01	2.653589656598510094e-01	1.653356305279394534e-01	7.794765639330879237e-02	3.322794827205799439e-02	8.452636180738958005e-02
1.373926740678100487e+03	2.274292005834628039e-01	1.452649835275574564e-01	2.657020496041577196e-01	1.655801147254534755e-01	7.804918288047527075e-02	3.329828516445807601e-02	8.467618351419807510e-02
1.378764510891755890e+03	2.268965800674873357e-01	1.448934671492412007e-01	2.660431604567982111e-01	1.658232052930593281e-01	7.815015915037838712e-02	3.336829520612022426e-02	8.482513267667816936e-02
1.383602281105411066e+03	2.263670270641777726e-01	1.445239705588107493e-01	2.663823107467341300e-01	1.660649097789710649e-01	7.825058808495224949e-02	3.343797910937436335e-02	8.497321465674242957e-02
1.388440051319066470e+03	2.258405227545134397e-01	1.441564837117939313e-01	2.667195128973233187e-01	1.663052356963959921e-01	7.835047255355905016e-02	3.350733760251538296e-02	8.512043478366164428e-02
1.393277821532721646e+03	2.253170484585224620e-01	1.437909965934229262e-01	2.670547792278237798e-01	1.665441905236079712e-01	7.844981541297976757e-02	3.357637142933856539e-02	8.526679835406725250e-02
1.398115591746377049e+03	2.247965856337975632e-01	1.434274992190224807e-01	2.673881219548634447e-01	1.667817817040214978e-01	7.854861950740710252e-02	3.364508134868517825e-02	8.541231063196551287e-02
1.402953361960032225e+03	2.242791158740349289e-01	1.430659816343840540e-01	2.677195531938758588e-01	1.670180166462666982e-01	7.864688766844031564e-02	3.371346813399801745e-02	8.555697684876292786e-02
1.407791132173687402e+03	2.237646209075963288e-01	1.427064339161266404e-01	2.680490849605037251e-01	1.672529027242651845e-01	7.874462271508216038e-02	3.378153257288665084e-02	8.570080220330210385e-02
1.412628902387342805e+03	2.232530825960935550e-01	1.423488461720445464e-01	2.683767291719703629e-01	1.674864472773067436e-01	7.884182745373766177e-02	3.384927546670218890e-02	8.584379186190775612e-02
1.417466672600997981e+03	2.227444829329947584e-01	1.419932085414422340e-01	2.687024976484203020e-01	1.677186576101271920e-01	7.893850467821481032e-02	3.391669763012138822e-02	8.598595095844217828e-02
1.422304442814653157e+03	2.222388040422526856e-01	1.416395111954567576e-01	2.690264021142302897e-01	1.679495409929866734e-01	7.903465716972697674e-02	3.398379989073981727e-02	8.612728459436973238e-02
1.427142213028308333e+03	2.217360281769536756e-01	1.412877443373681818e-01	2.693484541992909320e-01	1.681791046617493735e-01	7.913028769689706143e-02	3.405058308867391775e-02	8.626779783882985997e-02
1.431979983241963964e+03	2.212361377179878075e-01	1.409378982028976213e-01	2.696686654402605798e-01	1.684073558179637609e-01	7.922539901576332311e-02	3.411704807617178120e-02	8.640749572871812834e-02
1.436817753455619140e+03	2.207391151727392253e-01	1.405899630604940664e-01	2.699870472817914591e-01	1.686343016289440222e-01	7.931999386978680344e-02	3.418319571723243966e-02	8.654638326877500676e-02
1.441655523669274316e+03	2.202449431737962260e-01	1.402439292116096081e-01	2.703036110777295442e-01	1.688599492278522185e-01	7.941407498986029212e-02	3.424902688723348299e-02	8.668446543168172036e-02
1.446493293882929493e+03	2.197536044776813302e-01	1.398997869909636982e-01	2.706183680922880641e-01	1.690843057137814409e-01	7.950764509431876292e-02	3.431454247256680856e-02	8.682174715816298738e-02
1.451331064096585123e+03	2.192650819636002280e-01	1.395575267667964192e-01	2.709313295011967493e-01	1.693073781518399934e-01	7.960070688895129476e-02	3.437974337028232991e-02	8.695823335709614021e-02
1.456168834310240300e+03	2.187793586322096528e-01	1.392171389411113180e-01	2.712425063928259328e-01	1.695291735732361860e-01	7.969326306701431106e-02	3.444463048773950542e-02	8.709392890562628331e-02
1.461006604523895703e+03	2.182964176044037141e-01	1.388786139499078587e-01	2.715519097692873363e-01	1.697496989753644048e-01	7.978531630924622087e-02	3.450920474226648604e-02	8.722883864928718256e-02
1.465844374737550879e+03	2.178162421201182419e-01	1.385419422634037168e-01	2.718595505475119856e-01	1.699689613218917927e-01	7.987686928388332275e-02	3.457346706082670140e-02	8.736296740212744216e-02
1.470682144951206283e+03	2.173388155371530905e-01	1.382071143862473594e-01	2.721654395603053112e-01	1.701869675428460682e-01	7.996792464667690226e-02	3.463741837969279425e-02	8.749631994684177461e-02
1.475519915164861459e+03	2.168641213300116777e-01	1.378741208577208277e-01	2.724695875573807102e-01	1.704037245347038987e-01	8.005848504091164775e-02	3.470105964412763255e-02	8.762890103490690585e-02
1.480357685378516862e+03	2.163921430887577602e-01	1.375429522519333869e-01	2.727720052063722922e-01	1.706192391604804959e-01	8.014855309742510703e-02	3.476439180807237156e-02	8.776071538672193528e-02
1.485195455592172038e+03	2.159228645178887518e-01	1.372135991780057129e-01	2.730727030938264188e-01	1.708335182498200155e-01	8.023813143462828201e-02	3.482741583384128814e-02	8.789176769175284509e-02
1.490033225805827215e+03	2.154562694352258334e-01	1.368860522802455015e-01	2.733716917261738710e-01	1.710465685990865681e-01	8.032722265852731969e-02	3.489013269182341531e-02	8.802206260868082610e-02
1.494870996019482618e+03	2.149923417708197171e-01	1.365603022383140019e-01	2.736689815306820872e-01	1.712583969714564225e-01	8.041582936274624394e-02	3.495254336019058827e-02	8.815160476555428115e-02
1.499708766233137567e+03	2.145310655658727861e-01	1.362363397673842513e-01	2.739645828563889163e-01	1.714690100970107378e-01	8.050395412855064492e-02	3.501464882461203382e-02	8.828039875994403429e-02
1.504546536446793198e+03	2.140724249716763061e-01	1.359141556182909272e-01	2.742585059750174414e-01	1.716784146728294602e-01	8.059159952487235379e-02	3.507645007797514231e-02	8.840844915910182900e-02
1.509384306660448374e+03	2.136164042485632353e-01	1.355937405776720950e-01	2.745507610818734845e-01	1.718866173630856364e-01	8.067876810833503332e-02	3.513794812011240137e-02	8.853576050012156029e-02
1.514222076874103550e+03	2.131629877648756888e-01	1.352750854681031012e-01	2.748413582967253466e-01	1.720936247991410317e-01	8.076546242328061509e-02	3.519914395753438036e-02	8.866233729010331022e-02
1.519059847087758726e+03	2.127121599959472531e-01	1.349581811482226668e-01	2.751303076646667289e-01	1.722994435796419144e-01	8.085168500179669426e-02	3.526003860316857114e-02	8.878818400631971475e-02
1.523897617301414357e+03	2.122639055230997052e-01	1.346430185128515145e-01	2.754176191569628340e-01	1.725040802706162002e-01	8.093743836374461820e-02	3.532063307610393971e-02	8.891330509638473156e-02
1.528735387515069533e+03	2.118182090326538036e-01	1.343295884931036133e-01	2.757033026718811453e-01	1.727075414055710689e-01	8.102272501678849104e-02	3.538092840134120926e-02	8.903770497842430909e-02
1.533573157728724709e+03	2.113750553149539302e-01	1.340178820564902062e-01	2.759873680355056091e-01	1.729098334855913577e-01	8.110754745642481667e-02	3.544092560954859722e-02	8.916138804124915107e-02
1.538410927942380113e+03	2.109344292634065254e-01	1.337078902070170938e-01	2.762698250025363289e-01	1.731109629794387039e-01	8.119190816601298821e-02	3.550062573682297162e-02	8.928435864452907711e-02
1.543248698156035516e+03	2.104963158735316531e-01	1.333996039852747562e-01	2.765506832570742146e-01	1.733109363236513822e-01	8.127580961680640204e-02	3.556002982445631566e-02	8.940662111896895137e-02
1.548086468369690692e+03	2.100607002420277480e-01	1.330930144685221195e-01	2.768299524133911449e-01	1.735097599226449461e-01	8.135925426798427951e-02	3.561913891870729237e-02	8.952817976648609621e-02
1.552924238583346096e+03	2.096275675658494930e-01	1.327881127707635778e-01	2.771076420166859733e-01	1.737074401488135911e-01	8.144224456668412715e-02	3.567795407057802737e-02	8.964903886038887160e-02
1.557762008797001272e+03	2.091969031412979074e-01	1.324848900428199638e-01	2.773837615438269899e-01	1.739039833426318238e-01	8.152478294803486292e-02	3.573647633559567938e-02	8.976920264555639239e-02
1.562599779010656675e+03	2.087686923631232316e-01	1.321833374723931365e-01	2.776583204040811714e-01	1.740993958127572960e-01	8.160687183519044208e-02	3.579470677359902764e-02	8.988867533861928660e-02
1.567437549224311852e+03	2.083429207236397462e-01	1.318834462841247668e-01	2.779313279398299974e-01	1.742936838361339724e-01	8.168851363936417698e-02	3.585264644852972221e-02	9.000746112814120292e-02
1.572275319437967255e+03	2.079195738118528036e-01	1.315852077396490738e-01	2.782027934272728875e-01	1.744868536580959084e-01	8.176971075986351478e-02	3.591029642822820417e-02	9.012556417480113713e-02
1.577113089651622431e+03	2.074986373125972117e-01	1.312886131376399812e-01	2.784727260771184265e-01	1.746789114924719721e-01	8.185046558412543971e-02	3.596765778423423321e-02	9.024298861157631357e-02
1.581950859865277607e+03	2.070800970056876633e-01	1.309936538138525841e-01	2.787411350352630435e-01	1.748698635216906494e-01	8.193078048775223610e-02	3.602473159159184229e-02	9.035973854392558013e-02
1.586788630078933011e+03	2.066639387650800463e-01	1.307003211411593702e-01	2.790080293834585334e-01	1.750597158968858202e-01	8.201065783454790370e-02	3.608151892865867766e-02	9.047581804997321953e-02
1.591626400292587959e+03	2.062501485580442162e-01	1.304086065295810004e-01	2.792734181399675886e-01	1.752484747380030627e-01	8.209009997655494772e-02	3.613802087691963399e-02	9.059123118069305203e-02
1.596464170506243590e+03	2.058387124443474547e-01	1.301185014263120665e-01	2.795373102602087267e-01	1.754361461339062622e-01	8.216910925409158517e-02	3.619423852080467380e-02	9.070598196009266312e-02
1.601301940719898766e+03	2.054296165754488368e-01	1.298299973157416853e-01	2.797997146373897848e-01	1.756227361424850253e-01	8.224768799578949241e-02	3.625017294751077535e-02	9.082007438539789479e-02
1.606139710933553943e+03	2.050228471937038943e-01	1.295430857194693752e-01	2.800606401031309756e-01	1.758082507907623715e-01	8.232583851863184421e-02	3.630582524682786361e-02	9.093351242723718419e-02
1.610977481147209119e+03	2.046183906315799939e-01	1.292577581963159361e-01	2.803200954280778978e-01	1.759926960750032021e-01	8.240356312799178296e-02	3.636119651096872407e-02	9.104630002982599946e-02
1.615815251360864750e+03	2.042162333108815953e-01	1.289740063423301386e-01	2.805780893225038319e-01	1.761760779608228800e-01	8.248086411767129034e-02	3.641628783440276768e-02	9.115844111115103954e-02
1.620653021574519926e+03	2.038163617419856133e-01	1.286918217907902784e-01	2.808346304369028212e-01	1.763584023832966974e-01	8.255774376994037822e-02	3.647110031369356353e-02	9.126993956315426759e-02
1.625490791788175102e+03	2.034187625230864660e-01	1.284111962122018447e-01	2.810897273625725390e-01	1.765396752470694552e-01	8.263420435557662647e-02	3.652563504734007011e-02	9.138079925191663899e-02
1.630328562001830505e+03	2.030234223394510040e-01	1.281321213142906923e-01	2.813433886321881072e-01	1.767199024264656526e-01	8.271024813390506769e-02	3.657989313562151623e-02	9.149102401784157956e-02
1.635166332215485909e+03	2.026303279626827658e-01	1.278545888419920507e-01	2.815956227203668116e-01	1.768990897655999539e-01	8.278587735283833571e-02	3.663387568044582793e-02	9.160061767583790870e-02
1.640004102429141085e+03	2.022394662499955309e-01	1.275785905774355911e-01	2.818464380442231576e-01	1.770772430784882667e-01	8.286109424891714703e-02	3.668758378520151769e-02	9.170958401550241557e-02
1.644841872642796488e+03	2.018508241434960049e-01	1.273041183399263865e-01	2.820958429639163212e-01	1.772543681491589862e-01	8.293590104735103219e-02	3.674101855461300858e-02	9.181792680130193562e-02
1.649679642856451665e+03	2.014643886694755803e-01	1.270311639859221242e-01	2.823438457831878301e-01	1.774304707317648222e-01	8.301029996205937234e-02	3.679418109459924729e-02	9.192564977275467786e-02
1.654517413070107068e+03	2.010801469377108963e-01	1.267597194090064883e-01	2.825904547498920838e-01	1.776055565506947098e-01	8.308429319571261629e-02	3.684707251213566875e-02	9.203275664461123273e-02
1.659355183283762244e+03	2.006980861407730021e-01	1.264897765398591556e-01	2.828356780565175477e-01	1.777796313006863582e-01	8.315788293977380286e-02	3.689969391511927627e-02	9.213925110703462262e-02
1.664192953497417420e+03	2.003181935533451252e-01	1.262213273462218510e-01	2.830795238407008974e-01	1.779527006469388828e-01	8.323107137454027749e-02	3.695204641223692049e-02	9.224513682577976936e-02
1.669030723711072824e+03	1.999404565315488769e-01	1.259543638328614046e-01	2.833220001857328918e-01	1.781247702252259368e-01	8.330386066918564480e-02	3.700413111283662460e-02	9.235041744237235117e-02
1.673868493924728000e+03	1.995648625122785624e-01	1.256888780415291729e-01	2.835631151210566969e-01	1.782958456420089821e-01	8.337625298180184608e-02	3.705594912680192782e-02	9.245509657428654937e-02
1.678706264138383403e+03	1.991913990125435963e-01	1.254248620509171852e-01	2.838028766227590483e-01	1.784659324745509201e-01	8.344825045944155584e-02	3.710750156442915726e-02	9.255917781512230935e-02
1.683544034352038352e+03	1.988200536288191322e-01	1.251623079766113200e-01	2.840412926140536976e-01	1.786350362710299455e-01	8.351985523816064794e-02	3.715878953630764869e-02	9.266266473478146359e-02
1.688381804565693983e+03	1.984508140364040774e-01	1.249012079710413170e-01	2.842783709657579205e-01	1.788031625506537325e-01	8.359106944306084197e-02	3.720981415320272906e-02	9.276556087964320241e-02
1.693219574779349159e+03	1.980836679887873208e-01	1.246415542234277640e-01	2.845141194967624743e-01	1.789703168037737602e-01	8.366189518833258565e-02	3.726057652594148839e-02	9.286786977273847610e-02
1.698057344993004335e+03	1.977186033170210133e-01	1.243833389597262251e-01	2.847485459744940051e-01	1.791365044919998872e-01	8.373233457729793716e-02	3.731107776530132036e-02	9.296959491392349506e-02
1.702895115206659511e+03	1.973556079291017284e-01	1.241265544425685097e-01	2.849816581153714612e-01	1.793017310483151494e-01	8.380238970245378061e-02	3.736131898190105105e-02	9.307073978005227233e-02
1.707732885420315142e+03	1.969946698093585913e-01	1.238711929712012633e-01	2.852134635852554556e-01	1.794660018771908061e-01	8.387206264551497203e-02	3.741130128609470445e-02	9.317130782514815301e-02
1.712570655633970318e+03	1.966357770178488451e-01	1.236172468814218939e-01	2.854439699998918556e-01	1.796293223547013596e-01	8.394135547745770753e-02	3.746102578786784931e-02	9.327130248057437234e-02
1.717408425847625494e+03	1.962789176897603571e-01	1.233647085455118197e-01	2.856731849253486555e-01	1.797916978286401013e-01	8.401027025856300234e-02	3.751049359673638839e-02	9.337072715520348953e-02
1.722246196061280898e+03	1.959240800348211742e-01	1.231135703721673302e-01	2.859011158784469653e-01	1.799531336186344366e-01	8.407880903846025322e-02	3.755970582164786659e-02	9.346958523558585030e-02
1.727083966274936301e+03	1.955712523367156841e-01	1.228638248064279209e-01	2.861277703271858375e-01	1.801136350162615141e-01	8.414697385617084247e-02	3.760866357088512441e-02	9.356788008611698071e-02
1.731921736488591478e+03	1.952204229525079104e-01	1.226154643296023805e-01	2.863531556911615428e-01	1.802732072851640777e-01	8.421476674015192232e-02	3.765736795197234532e-02	9.366561504920378756e-02
1.736759506702246881e+03	1.948715803120710521e-01	1.223684814591924491e-01	2.865772793419809616e-01	1.804318556611661795e-01	8.428218970834018553e-02	3.770582007158335136e-02	9.376279344542980121e-02
1.741597276915902057e+03	1.945247129175237399e-01	1.221228687488143394e-01	2.868001486036694248e-01	1.805895853523893091e-01	8.434924476819573302e-02	3.775402103545223709e-02	9.385941857371918329e-02
1.746435047129557461e+03	1.941798093426725935e-01	1.218786187881181343e-01	2.870217707530729467e-01	1.807464015393684120e-01	8.441593391674603875e-02	3.780197194828614771e-02	9.395549371149969353e-02
1.751272817343212637e+03	1.938368582324611344e-01	1.216357242027050478e-01	2.872421530202552975e-01	1.809023093751679079e-01	8.448225914062988673e-02	3.784967391368024986e-02	9.405102211486446318e-02
1.756110587556867813e+03	1.934958483024249165e-01	1.213941776540425899e-01	2.874613025888895224e-01	1.810573139854980140e-01	8.454822241614141920e-02	3.789712803403485347e-02	9.414600701873265809e-02
1.760948357770523216e+03	1.931567683381525680e-01	1.211539718393779136e-01	2.876792265966447437e-01	1.812114204688309860e-01	8.461382570927424018e-02	3.794433541047452507e-02	9.424045163700900396e-02
1.765786127984178393e+03	1.928196071947531620e-01	1.209150994916492888e-01	2.878959321355674117e-01	1.813646338965173022e-01	8.467907097576544972e-02	3.799129714276937297e-02	9.433435916274202082e-02
1.770623898197833569e+03	1.924843537963292217e-01	1.206775533793954525e-01	2.881114262524578917e-01	1.815169593129021264e-01	8.474396016113981689e-02	3.803801432925818515e-02	9.442773276828127227e-02
1.775461668411488745e+03	1.921509971354556090e-01	1.204413263066635709e-01	2.883257159492423893e-01	1.816684017354415759e-01	8.480849520075386949e-02	3.808448806677364185e-02	9.452057560543336567e-02
1.780299438625144376e+03	1.918195262726641592e-01	1.202064111129151625e-01	2.885388081833393237e-01	1.818189661548191005e-01	8.487267801984012261e-02	3.813071945056938084e-02	9.461289080561671727e-02
1.785137208838799552e+03	1.914899303359339222e-01	1.199728006729305629e-01	2.887507098680223705e-01	1.819686575350617785e-01	8.493651053355118219e-02	3.817670957424895012e-02	9.470468148001517927e-02
1.789974979052454728e+03	1.911621985201869267e-01	1.197404878967116559e-01	2.889614278727776764e-01	1.821174808136566958e-01	8.499999464700391805e-02	3.822245952969661326e-02	9.479595071973051512e-02
1.794812749266109904e+03	1.908363200867894405e-01	1.195094657293831047e-01	2.891709690236570762e-01	1.822654409016672417e-01	8.506313225532362299e-02	3.826797040700992414e-02	9.488670159593362574e-02
1.799650519479765535e+03	1.905122843630584484e-01	1.192797271510920853e-01	2.893793401036270918e-01	1.824125426838494046e-01	8.512592524368818581e-02	3.831324329443411975e-02	9.497693716001470721e-02
1.804488289693420711e+03	1.901900807417737094e-01	1.190512651769065205e-01	2.895865478529133785e-01	1.825587910187679574e-01	8.518837548737220877e-02	3.835827927829819212e-02	9.506666044373199287e-02
1.809326059907075887e+03	1.898696986806946985e-01	1.188240728567119403e-01	2.897925989693412308e-01	1.827041907389126696e-01	8.525048485179112512e-02	3.840307944295270198e-02	9.515587445935956568e-02
1.814163830120731291e+03	1.895511277020828222e-01	1.185981432751070097e-01	2.899975001086714799e-01	1.828487466508143811e-01	8.531225519254528877e-02	3.844764487070919529e-02	9.524458219983378271e-02
1.819001600334386467e+03	1.892343573922285194e-01	1.183734695512977386e-01	2.902012578849325619e-01	1.829924635351611040e-01	8.537368835546402246e-02	3.849197664178129197e-02	9.533278663889865889e-02
1.823839370548041643e+03	1.889193774009837179e-01	1.181500448389903174e-01	2.904038788707489771e-01	1.831353461469139299e-01	8.543478617664969355e-02	3.853607583422734989e-02	9.542049073124991843e-02
1.828677140761696819e+03	1.886061774412987058e-01	1.179278623262830505e-01	2.906053695976649198e-01	1.832773992154228815e-01	8.549555048252162337e-02	3.857994352389470388e-02	9.550769741267801927e-02
1.833514910975352450e+03	1.882947472887639973e-01	1.177069152355566806e-01	2.908057365564651886e-01	1.834186274445426534e-01	8.555598308986014922e-02	3.862358078436537584e-02	9.559440960020988698e-02
1.838352681189008081e+03	1.879850767811570011e-01	1.174871968233640041e-01	2.910049861974913776e-01	1.835590355127483253e-01	8.561608580585040873e-02	3.866698868690339463e-02	9.568063019224948285e-02
1.843190451402663257e+03	1.876771558179933241e-01	1.172687003803180583e-01	2.912031249309548486e-01	1.836986280732508803e-01	8.567586042812630476e-02	3.871016830040345524e-02	9.576636206871720625e-02
1.848028221616318433e+03	1.873709743600826261e-01	1.170514192309796281e-01	2.914001591272458169e-01	1.838374097541125851e-01	8.573530874481417874e-02	3.875312069134111137e-02	9.585160809118821457e-02
1.852865991829973609e+03	1.870665224290889161e-01	1.168353467337433366e-01	2.915960951172393845e-01	1.839753851583622035e-01	8.579443253457663676e-02	3.879584692372432808e-02	9.593637110302941085e-02
1.857703762043628785e+03	1.867637901070955952e-01	1.166204762807231538e-01	2.917909391925971874e-01	1.841125588641103206e-01	8.585323356665620909e-02	3.883834805904642917e-02	9.602065392953540446e-02
1.862541532257283961e+03	1.864627675361745229e-01	1.164068012976366834e-01	2.919846976060664345e-01	1.842489354246640287e-01	8.591171360091896803e-02	3.888062515624038373e-02	9.610445937806323669e-02
1.867379302470939592e+03	1.861634449179597472e-01	1.161943152436888255e-01	2.921773765717751714e-01	1.843845193686419748e-01	8.596987438789804870e-02	3.892267927163443886e-02	9.618779023816605156e-02
1.872217072684594768e+03	1.858658125132251204e-01	1.159830116114543980e-01	2.923689822655241577e-01	1.845193152000889070e-01	8.602771766883714200e-02	3.896451145890900136e-02	9.627064928172550384e-02
1.877054842898249490e+03	1.855698606414665774e-01	1.157728839267600091e-01	2.925595208250756363e-01	1.846533273985901391e-01	8.608524517573387658e-02	3.900612276905485870e-02	9.635303926308308453e-02
1.881892613111905121e+03	1.852755796804881061e-01	1.155639257485651800e-01	2.927489983504388826e-01	1.847865604193859590e-01	8.614245863138315917e-02	3.904751425033258644e-02	9.643496291917033614e-02
1.886730383325560297e+03	1.849829600659920747e-01	1.153561306688426630e-01	2.929374209041525345e-01	1.849190186934855096e-01	8.619935974942040391e-02	3.908868694823319778e-02	9.651642296963786061e-02
1.891568153539215928e+03	1.846919922911734735e-01	1.151494923124581071e-01	2.931247945115638132e-01	1.850507066277808921e-01	8.625595023436467834e-02	3.912964190543996579e-02	9.659742211698335579e-02
1.896405923752871104e+03	1.844026669063180968e-01	1.149440043370490577e-01	2.933111251611048020e-01	1.851816286051608251e-01	8.631223178166176624e-02	3.917038016179145293e-02	9.667796304667834739e-02
1.901243693966526507e+03	1.841149745184046671e-01	1.147396604329032205e-01	2.934964188045656730e-01	1.853117889846239985e-01	8.636820607772714709e-02	3.921090275424564398e-02	9.675804842729396338e-02
1.906081464180181683e+03	1.838289057907108448e-01	1.145364543228362120e-01	2.936806813573649144e-01	1.854411921013926212e-01	8.642387479998887845e-02	3.925121071684523066e-02	9.683768091062555650e-02
1.910919234393836859e+03	1.835444514424229290e-01	1.143343797620686858e-01	2.938639186988167284e-01	1.855698422670252479e-01	8.647923961693043671e-02	3.929130508068395811e-02	9.691686313181623047e-02
1.915757004607492036e+03	1.832616022482493334e-01	1.141334305381029035e-01	2.940461366723955416e-01	1.856977437695297439e-01	8.653430218813334962e-02	3.933118687387409523e-02	9.699559770947926984e-02
1.920594774821147894e+03	1.829803490380377540e-01	1.139336004705987504e-01	2.942273410859977401e-01	1.858249008734757790e-01	8.658906416431978725e-02	3.937085712151490446e-02	9.707388724581952899e-02
1.925432545034802843e+03	1.827006826963959718e-01	1.137348834112493212e-01	2.944075377122006842e-01	1.859513178201072370e-01	8.664352718739512516e-02	3.941031684566219384e-02	9.715173432675376641e-02
1.930270315248458019e+03	1.824225941623162373e-01	1.135372732436560200e-01	2.945867322885187267e-01	1.860769988274543207e-01	8.669769289049025773e-02	3.944956706529884755e-02	9.722914152202986882e-02
1.935108085462113195e+03	1.821460744288031230e-01	1.133407638832031744e-01	2.947649305176573975e-01	1.862019480904454627e-01	8.675156289800389775e-02	3.948860879630633480e-02	9.730611138534497884e-02
1.939945855675768371e+03	1.818711145425049025e-01	1.131453492769322611e-01	2.949421380677635374e-01	1.863261697810188189e-01	8.680513882564482031e-02	3.952744305143721798e-02	9.738264645446276235e-02
1.944783625889424002e+03	1.815977056033484804e-01	1.129510234034157568e-01	2.951183605726745984e-01	1.864496680482337077e-01	8.685842228047380154e-02	3.956607084028858357e-02	9.745874925132941291e-02
1.949621396103079178e+03	1.813258387641774050e-01	1.127577802726305867e-01	2.952936036321637814e-01	1.865724470183816597e-01	8.691141486094566826e-02	3.960449316927643765e-02	9.753442228218880961e-02
1.954459166316734354e+03	1.810555052303934598e-01	1.125656139258312538e-01	2.954678728121837294e-01	1.866945107950971905e-01	8.696411815695113956e-02	3.964271104161096876e-02	9.760966803769655087e-02
1.959296936530389530e+03	1.807866962596015592e-01	1.123745184354227461e-01	2.956411736451075023e-01	1.868158634594683509e-01	8.701653374985846012e-02	3.968072545727270584e-02	9.768448899303301680e-02
1.964134706744044706e+03	1.805194031612576966e-01	1.121844879048329163e-01	2.958135116299666634e-01	1.869365090701469168e-01	8.706866321255511687e-02	3.971853741298957130e-02	9.775888760801544619e-02
1.968972476957700337e+03	1.802536172963201955e-01	1.119955164683848203e-01	2.959848922326878129e-01	1.870564516634585506e-01	8.712050810948925028e-02	3.975614790221475986e-02	9.783286632720893106e-02
1.973810247171355968e+03	1.799893300769042914e-01	1.118075982911686805e-01	2.961553208863260678e-01	1.871756952535121310e-01	8.717206999671102408e-02	3.979355791510550550e-02	9.790642758003659241e-02
1.978648017385010689e+03	1.797265329659394895e-01	1.116207275689136968e-01	2.963248029912965986e-01	1.872942438323094150e-01	8.722335042191393939e-02	3.983076843850258397e-02	9.797957378088859026e-02
1.983485787598666320e+03	1.794652174768301689e-01	1.114348985278595799e-01	2.964933439156036687e-01	1.874121013698540061e-01	8.727435092447585752e-02	3.986778045591068270e-02	9.805230732923027326e-02
1.988323557812321269e+03	1.792053751731194078e-01	1.112501054246279319e-01	2.966609489950677858e-01	1.875292718142601289e-01	8.732507303550007816e-02	3.990459494747951308e-02	9.812463060970944007e-02
1.993161328025976900e+03	1.789469976681553887e-01	1.110663425460934883e-01	2.968276235335500779e-01	1.876457590918610141e-01	8.737551827785615399e-02	3.994121288998572772e-02	9.819654599226242120e-02
1.997999098239632076e+03	1.786900766247610517e-01	1.108836042092551238e-01	2.969933728031752262e-01	1.877615671073172565e-01	8.742568816622063588e-02	3.997763525681555241e-02	9.826805583221948082e-02
2.002836868453287707e+03	1.784346037549065789e-01	1.107018847611068724e-01	2.971582020445514560e-01	1.878766997437244235e-01	8.747558420711772087e-02	4.001386301794820216e-02	9.833916247040910830e-02
2.007674638666942428e+03	1.781805708193848203e-01	1.105211785785087386e-01	2.973221164669890837e-01	1.879911608627206909e-01	8.752520789895971987e-02	4.004989713993992173e-02	9.840986823326144939e-02
2.012512408880597604e+03	1.779279696274894407e-01	1.103414800680573710e-01	2.974851212487165664e-01	1.881049543045940076e-01	8.757456073208741421e-02	4.008573858590884498e-02	9.848017543291086306e-02
2.017350179094252780e+03	1.776767920366958686e-01	1.101627836659568177e-01	2.976472215370946639e-01	1.882180838883890095e-01	8.762364418881019024e-02	4.012138831552046481e-02	9.855008636729747917e-02
2.022187949307908411e+03	1.774270299523451611e-01	1.099850838378890611e-01	2.978084224488287690e-01	1.883305534120135183e-01	8.767245974344627102e-02	4.015684728497381784e-02	9.861960332026789566e-02
2.027025719521564042e+03	1.771786753273303094e-01	1.098083750788846347e-01	2.979687290701789060e-01	1.884423666523447893e-01	8.772100886236255946e-02	4.019211644698829355e-02	9.868872856167504315e-02
2.031863489735218764e+03	1.769317201617856827e-01	1.096326519131931437e-01	2.981281464571677309e-01	1.885535273653352606e-01	8.776929300401448142e-02	4.022719675079111656e-02	9.875746434747709190e-02
2.036701259948874394e+03	1.766861565027786074e-01	1.094579088941537992e-01	2.982866796357871442e-01	1.886640392861183291e-01	8.781731361898566235e-02	4.026208914210546025e-02	9.882581291983551230e-02
2.041539030162529116e+03	1.764419764440039728e-01	1.092841406040659796e-01	2.984443336022022386e-01	1.887739061291132947e-01	8.786507215002747895e-02	4.029679456313916414e-02	9.889377650721233037e-02
2.046376800376184747e+03	1.761991721254812238e-01	1.091113416540597791e-01	2.986011133229541925e-01	1.888831315881303596e-01	8.791257003209844434e-02	4.033131395257406882e-02	9.896135732446638411e-02
2.051214570589840150e+03	1.759577357332539616e-01	1.089395066839666110e-01	2.987570237351604430e-01	1.889917193364750725e-01	8.795980869240350997e-02	4.036564824555591985e-02	9.902855757294891370e-02
2.056052340803495554e+03	1.757176594990921548e-01	1.087686303621898526e-01	2.989120697467137489e-01	1.890996730270525228e-01	8.800678955043310381e-02	4.039979837368487536e-02	9.909537944059815251e-02
2.060890111017150957e+03	1.754789357001966255e-01	1.085987073855755880e-01	2.990662562364790888e-01	1.892069962924711191e-01	8.805351401800221023e-02	4.043376526500658263e-02	9.916182510203325196e-02
2.065727881230805451e+03	1.752415566589062002e-01	1.084297324792833639e-01	2.992195880544886721e-01	1.893136927451460616e-01	8.809998349928913064e-02	4.046754984400379590e-02	9.922789671864716554e-02
2.070565651444461309e+03	1.750055147424072755e-01	1.082617003966571262e-01	2.993720700221358388e-01	1.894197659774023990e-01	8.814619939087423028e-02	4.050115303158851460e-02	9.929359643869896390e-02
2.075403421658116713e+03	1.747708023624456875e-01	1.080946059190961289e-01	2.995237069323664070e-01	1.895252195615778068e-01	8.819216308177849073e-02	4.053457574509469752e-02	9.935892639740516452e-02
2.080241191871772116e+03	1.745374119750409680e-01	1.079284438559261344e-01	2.996745035498686316e-01	1.896300570501248950e-01	8.823787595350189583e-02	4.056781889827146270e-02	9.942388871703035369e-02
2.085078962085427065e+03	1.743053360802030993e-01	1.077632090442705581e-01	2.998244646112618317e-01	1.897342819757132926e-01	8.828333938006174830e-02	4.060088340127681467e-02	9.948848550697701743e-02
2.089916732299082469e+03	1.740745672216512940e-01	1.075988963489219324e-01	2.999735948252828521e-01	1.898378978513312332e-01	8.832855472803073649e-02	4.063377016067182962e-02	9.955271886387452585e-02
2.094754502512737417e+03	1.738450979865353296e-01	1.074355006622133429e-01	3.001218988729711379e-01	1.899409081703868629e-01	8.837352335657494562e-02	4.066648007941538190e-02	9.961659087166740978e-02
2.099592272726392821e+03	1.736169210051591028e-01	1.072730169038901560e-01	3.002693814078521428e-01	1.900433164068091318e-01	8.841824661749170255e-02	4.069901405685929369e-02	9.968010360170284634e-02
2.104430042940048224e+03	1.733900289507062653e-01	1.071114400209818712e-01	3.004160470561192398e-01	1.901451260151484079e-01	8.846272585524719845e-02	4.073137298874397738e-02	9.974325911281743673e-02
2.109267813153704083e+03	1.731644145389681921e-01	1.069507649876741684e-01	3.005619004168137987e-01	1.902463404306765360e-01	8.850696240701413919e-02	4.076355776719452206e-02	9.980605945142312363e-02
2.114105583367359031e+03	1.729400705280739747e-01	1.067909868051811623e-01	3.007069460620039325e-01	1.903469630694866466e-01	8.855095760270902117e-02	4.079556928071721711e-02	9.986850665159251184e-02
2.118943353581013525e+03	1.727169897182229130e-01	1.066321005016177687e-01	3.008511885369616889e-01	1.904469973285926876e-01	8.859471276502950410e-02	4.082740841419651989e-02	9.993060273514332847e-02
2.123781123794669384e+03	1.724951649514188112e-01	1.064741011318724451e-01	3.009946323603388540e-01	1.905464465860282897e-01	8.863822920949135376e-02	4.085907604889243983e-02	9.999234971172224484e-02
2.128618894008324787e+03	1.722745891112062722e-01	1.063169837774800147e-01	3.011372820243406467e-01	1.906453142009456314e-01	8.868150824446557889e-02	4.089057306243832485e-02	1.000537495788879350e-01
2.133456664221980191e+03	1.720552551224096838e-01	1.061607435464947680e-01	3.012791419948988025e-01	1.907436035137135277e-01	8.872455117121505475e-02	4.092190032883908507e-02	1.001148043221934264e-01
2.138294434435635139e+03	1.718371559508733992e-01	1.060053755733638275e-01	3.014202167118427700e-01	1.908413178460154902e-01	8.876735928393132691e-02	4.095305871846977724e-02	1.001755159152677710e-01
2.143132204649290543e+03	1.716202846032047757e-01	1.058508750188007358e-01	3.015605105890690751e-01	1.909384605009471492e-01	8.880993386977101278e-02	4.098404909807457780e-02	1.002358863198969940e-01
2.147969974862945492e+03	1.714046341265186013e-01	1.056972370696593055e-01	3.017000280147101310e-01	1.910350347631134538e-01	8.885227620889221689e-02	4.101487233076616529e-02	1.002959174861044050e-01
2.152807745076601350e+03	1.711901976081838528e-01	1.055444569388077070e-01	3.018387733513011040e-01	1.911310438987253446e-01	8.889438757449072415e-02	4.104552927602542894e-02	1.003556113522301452e-01
2.157645515290255844e+03	1.709769681755722581e-01	1.053925298650029013e-01	3.019767509359451707e-01	1.912264911556962044e-01	8.893626923283604047e-02	4.107602078970156584e-02	1.004149698450101519e-01
2.162483285503912157e+03	1.707649389958088848e-01	1.052414511127652830e-01	3.021139650804779975e-01	1.913213797637378644e-01	8.897792244330736400e-02	4.110634772401252496e-02	1.004739948796543741e-01
2.167321055717567106e+03	1.705541032755245878e-01	1.050912159722536127e-01	3.022504200716305545e-01	1.914157129344561392e-01	8.901934845842925104e-02	4.113651092754577049e-02	1.005326883599243909e-01
2.172158825931222509e+03	1.703444542606103729e-01	1.049418197591402979e-01	3.023861201711905977e-01	1.915094938614460007e-01	8.906054852390729581e-02	4.116651124525941979e-02	1.005910521782103217e-01
2.176996596144877003e+03	1.701359852359737301e-01	1.047932578144869231e-01	3.025210696161627077e-01	1.916027257203865297e-01	8.910152387866360213e-02	4.119634951848366589e-02	1.006490882156071687e-01
2.181834366358532861e+03	1.699286895252965779e-01	1.046455255046201266e-01	3.026552726189273845e-01	1.916954116691352572e-01	8.914227575487203292e-02	4.122602658492257460e-02	1.007067983419904222e-01
2.186672136572187810e+03	1.697225604907952878e-01	1.044986182210077691e-01	3.027887333673984771e-01	1.917875548478222281e-01	8.918280537799340435e-02	4.125554327865613158e-02	1.007641844160911127e-01
2.191509906785843214e+03	1.695175915329824035e-01	1.043525313801353660e-01	3.029214560251796140e-01	1.918791583789436483e-01	8.922311396681049944e-02	4.128490043014262922e-02	1.008212482855702363e-01
2.196347676999498617e+03	1.693137760904301903e-01	1.042072604233830191e-01	3.030534447317192459e-01	1.919702253674551995e-01	8.926320273346292911e-02	4.131409886622133820e-02	1.008779917870924886e-01
2.201185447213154021e+03	1.691111076395359625e-01	1.040628008169024454e-01	3.031847036024643005e-01	1.920607589008648530e-01	8.930307288348185435e-02	4.134313941011549115e-02	1.009344167463994274e-01
2.206023217426809424e+03	1.689095796942891581e-01	1.039191480514945476e-01	3.033152367290131712e-01	1.921507620493254076e-01	8.934272561582450034e-02	4.137202288143553008e-02	1.009905249783820819e-01
2.210860987640464373e+03	1.687091858060399685e-01	1.037762976424872474e-01	3.034450481792665966e-01	1.922402378657264987e-01	8.938216212290861495e-02	4.140075009618261748e-02	1.010463182871528948e-01
2.215698757854119776e+03	1.685099195632701607e-01	1.036342451296135697e-01	3.035741419975781508e-01	1.923291893857863866e-01	8.942138359064669140e-02	4.142932186675243877e-02	1.011017984661170821e-01
2.220536528067775180e+03	1.683117745913650376e-01	1.034929860768902948e-01	3.037025222049031248e-01	1.924176196281431883e-01	8.946039119848014920e-02	4.145773900193928246e-02	1.011569672980433959e-01
2.225374298281430583e+03	1.681147445523874795e-01	1.033525160724967779e-01	3.038301927989464080e-01	1.925055315944458889e-01	8.949918611941319602e-02	4.148600230694032137e-02	1.012118265551343876e-01
2.230212068495085077e+03	1.679188231448534852e-01	1.032128307286542396e-01	3.039571577543090930e-01	1.925929282694447964e-01	8.953776952004670331e-02	4.151411258336019927e-02	1.012663779990959634e-01
2.235049838708740936e+03	1.677240041035093221e-01	1.030739256815053628e-01	3.040834210226339152e-01	1.926798126210816642e-01	8.957614256061185998e-02	4.154207062921583954e-02	1.013206233812065094e-01
2.239887608922396339e+03	1.675302811991103702e-01	1.029357965909943051e-01	3.042089865327498588e-01	1.927661876005794528e-01	8.961430639500367334e-02	4.156987723894148279e-02	1.013745644423853370e-01
2.244725379136052197e+03	1.673376482382016583e-01	1.027984391407470582e-01	3.043338581908151541e-01	1.928520561425317026e-01	8.965226217081433135e-02	4.159753320339395349e-02	1.014282029132606427e-01
2.249563149349706237e+03	1.671460990628998999e-01	1.026618490379522380e-01	3.044580398804594967e-01	1.929374211649914073e-01	8.969001102936638437e-02	4.162503930985819722e-02	1.014815405142369120e-01
2.254400919563362095e+03	1.669556275506769161e-01	1.025260220132421518e-01	3.045815354629252125e-01	1.930222855695596096e-01	8.972755410574591306e-02	4.165239634205299135e-02	1.015345789555617273e-01
2.259238689777017044e+03	1.667662276141450572e-01	1.023909538205743791e-01	3.047043487772071457e-01	1.931066522414736364e-01	8.976489252883530778e-02	4.167960508013685700e-02	1.015873199373921176e-01
2.264076459990672902e+03	1.665778932008438462e-01	1.022566402371136718e-01	3.048264836401915479e-01	1.931905240496948339e-01	8.980202742134610339e-02	4.170666630071425546e-02	1.016397651498602839e-01
