1.001418434226643626e+03	2.791991413874777006e-01	1.813385456769834314e-01	2.350518201961224185e-01	1.409571900577721304e-01	6.772622999907104702e-02	2.662781499737103610e-02	6.909925768496505416e-02
1.002869765290740247e+03	2.789432352920945268e-01	1.811744025972724936e-01	2.352344525940690545e-01	1.410624892560390919e-01	6.776529041076030657e-02	2.665299335067112738e-02	6.916713649885622428e-02
1.004321096354836754e+03	2.786877954854570238e-01	1.810105084012350873e-01	2.354167633676312876e-01	1.411676110334328937e-01	6.780427202893586636e-02	2.667814358272339870e-02	6.923490610034735426e-02
1.005772427418933376e+03	2.784328210436083362e-01	1.808468627741941503e-01	2.355987530530327112e-01	1.412725557659099129e-01	6.784317507857683116e-02	2.670326566601338367e-02	6.930256661842758292e-02
1.007223758483029997e+03	2.781783110447395568e-01	1.806834654015866404e-01	2.357804221856224514e-01	1.413773238277597488e-01	6.788199978376172061e-02	2.672835957350844921e-02	6.937011818278432385e-02
1.008675089547126618e+03	2.779242645691827884e-01	1.805203159689650338e-01	2.359617712998770822e-01	1.414819155916224869e-01	6.792074636767289619e-02	2.675342527865448225e-02	6.943756092378811084e-02
1.010126420611223239e+03	2.776706806994048149e-01	1.803574141619987692e-01	2.361428009294025132e-01	1.415863314285056573e-01	6.795941505260102988e-02	2.677846275537257986e-02	6.950489497247754056e-02
1.011577751675319632e+03	2.774175585200006067e-01	1.801947596664757179e-01	2.363235116069359598e-01	1.416905717078007776e-01	6.799800605994946179e-02	2.680347197805577411e-02	6.957212046054452037e-02
1.013029082739416367e+03	2.771648971176869369e-01	1.800323521683037664e-01	2.365039038643479419e-01	1.417946367973000610e-01	6.803651961023859940e-02	2.682845292156576383e-02	6.963923752031972447e-02
1.014480413803512761e+03	2.769126955812958868e-01	1.798701913535121211e-01	2.366839782326440877e-01	1.418985270632124596e-01	6.807495592311024746e-02	2.685340556122967418e-02	6.970624628475829976e-02
1.015931744867609382e+03	2.766609530017685170e-01	1.797082769082528897e-01	2.368637352419670494e-01	1.420022428701798178e-01	6.811331521733196559e-02	2.687832987283683694e-02	6.977314688742577986e-02
1.017383075931706003e+03	2.764096684721482622e-01	1.795466085188024419e-01	2.370431754215984177e-01	1.421057845812926379e-01	6.815159771080132878e-02	2.690322583263558831e-02	6.983993946248412410e-02
1.018834406995802851e+03	2.761588410875750466e-01	1.793851858715629632e-01	2.372222992999605262e-01	1.422091525581057614e-01	6.818980362055028499e-02	2.692809341733006998e-02	6.990662414467815888e-02
1.020285738059899245e+03	2.759084699452786227e-01	1.792240086530637322e-01	2.374011074046183389e-01	1.423123471606536072e-01	6.822793316274931852e-02	2.695293260407708932e-02	6.997320106932208850e-02
1.021737069123995752e+03	2.756585541445725762e-01	1.790630765499626464e-01	2.375796002622812542e-01	1.424153687474654650e-01	6.826598655271176597e-02	2.697774337048294835e-02	7.003967037228618631e-02
1.023188400188092373e+03	2.754090927868476091e-01	1.789023892490475831e-01	2.377577783988050197e-01	1.425182176755803443e-01	6.830396400489799347e-02	2.700252569460033850e-02	7.010603218998388841e-02
1.024639731252188767e+03	2.751600849755659328e-01	1.787419464372378142e-01	2.379356423391934539e-01	1.426208943005619068e-01	6.834186573291958777e-02	2.702727955492520776e-02	7.017228665935884568e-02
1.026091062316285615e+03	2.749115298162546628e-01	1.785817478015854221e-01	2.381131926076002769e-01	1.427233989765129274e-01	6.837969194954350571e-02	2.705200493039369367e-02	7.023843391787230883e-02
1.027542393380382237e+03	2.746634264164997674e-01	1.784217930292766041e-01	2.382904297273308325e-01	1.428257320560895327e-01	6.841744286669626529e-02	2.707670180037903898e-02	7.030447410349074944e-02
1.028993724444478858e+03	2.744157738859400175e-01	1.782620818076331159e-01	2.384673542208440300e-01	1.429278938905155505e-01	6.845511869546802575e-02	2.710137014468854549e-02	7.037040735467352259e-02
1.030445055508575479e+03	2.741685713362606025e-01	1.781026138241135759e-01	2.386439666097539269e-01	1.430298848295964709e-01	6.849271964611672314e-02	2.712600994356053133e-02	7.043623381036087649e-02
1.031896386572671872e+03	2.739218178811875792e-01	1.779433887663148806e-01	2.388202674148315885e-01	1.431317052217331298e-01	6.853024592807210880e-02	2.715062117766132987e-02	7.050195360996203142e-02
1.033347717636768493e+03	2.736755126364813218e-01	1.777844063219735093e-01	2.389962571560067806e-01	1.432333554139353926e-01	6.856769774993985711e-02	2.717520382808227483e-02	7.056756689334356403e-02
1.034799048700865114e+03	2.734296547199305816e-01	1.776256661789668567e-01	2.391719363523696629e-01	1.433348357518355043e-01	6.860507531950552074e-02	2.719975787633673384e-02	7.063307380081779163e-02
1.036250379764961508e+03	2.731842432513466590e-01	1.774671680253146477e-01	2.393473055221726209e-01	1.434361465797013013e-01	6.864237884373863841e-02	2.722428330435713861e-02	7.069847447313160060e-02
1.037701710829058356e+03	2.729392773525574634e-01	1.773089115491800483e-01	2.395223651828318756e-01	1.435372882404493400e-01	6.867960852879664846e-02	2.724878009449204982e-02	7.076376905145514984e-02
1.039153041893154750e+03	2.726947561474011850e-01	1.771508964388711915e-01	2.396971158509292044e-01	1.436382610756578027e-01	6.871676458002892729e-02	2.727324822950321498e-02	7.082895767737099058e-02
1.040604372957251599e+03	2.724506787617208547e-01	1.769931223828423994e-01	2.398715580422135785e-01	1.437390654255790712e-01	6.875384720198066124e-02	2.729768769256267491e-02	7.089404049286324172e-02
1.042055704021347992e+03	2.722070443233581272e-01	1.768355890696954036e-01	2.400456922716029673e-01	1.438397016291523556e-01	6.879085659839684341e-02	2.732209846724987026e-02	7.095901764030691783e-02
1.043507035085444613e+03	2.719638519621475625e-01	1.766782961881807612e-01	2.402195190531858371e-01	1.439401700240160176e-01	6.882779297222611781e-02	2.734648053754876879e-02	7.102388926245750689e-02
1.044958366149541234e+03	2.717211008099106317e-01	1.765212434271989927e-01	2.403930389002228718e-01	1.440404709465197275e-01	6.886465652562472062e-02	2.737083388784499610e-02	7.108865550244068687e-02
1.046409697213637855e+03	2.714787900004499988e-01	1.763644304758019421e-01	2.405662523251486384e-01	1.441406047317365657e-01	6.890144745996029663e-02	2.739515850292301505e-02	7.115331650374212558e-02
1.047861028277734476e+03	2.712369186695438583e-01	1.762078570231940255e-01	2.407391598395732246e-01	1.442405717134748744e-01	6.893816597581579886e-02	2.741945436796329114e-02	7.121787241019754411e-02
1.049312359341831097e+03	2.709954859549398853e-01	1.760515227587333975e-01	2.409117619542838207e-01	1.443403722242899700e-01	6.897481227299323558e-02	2.744372146853949271e-02	7.128232336598284979e-02
1.050763690405927491e+03	2.707544909963496838e-01	1.758954273719333106e-01	2.410840591792463017e-01	1.444400065954956069e-01	6.901138655051754223e-02	2.746795979061570844e-02	7.134666951560450499e-02
1.052215021470024112e+03	2.705139329354430133e-01	1.757395705524632534e-01	2.412560520236069761e-01	1.445394751571755509e-01	6.904788900664031448e-02	2.749216932054366139e-02	7.141091100388997914e-02
1.053666352534120733e+03	2.702738109158420166e-01	1.755839519901502277e-01	2.414277409956938902e-01	1.446387782381946541e-01	6.908431983884361083e-02	2.751635004505997156e-02	7.147504797597839521e-02
1.055117683598217127e+03	2.700341240831156675e-01	1.754285713749799414e-01	2.415991266030187712e-01	1.447379161662100400e-01	6.912067924384365791e-02	2.754050195128340470e-02	7.153908057731130088e-02
1.056569014662313975e+03	2.697948715847739987e-01	1.752734283970980300e-01	2.417702093522782758e-01	1.448368892676820396e-01	6.915696741759459754e-02	2.756462502671216258e-02	7.160300895362363416e-02
1.058020345726410369e+03	2.695560525702627164e-01	1.751185227468111949e-01	2.419409897493557948e-01	1.449356978678849883e-01	6.919318455529216427e-02	2.758871925922117344e-02	7.166683325093471668e-02
1.059471676790506763e+03	2.693176661909572611e-01	1.749638541145885351e-01	2.421114682993228684e-01	1.450343422909178281e-01	6.922933085137737697e-02	2.761278463705939615e-02	7.173055361553949683e-02
1.060923007854603611e+03	2.690797116001574785e-01	1.748094221910624912e-01	2.422816455064407404e-01	1.451328228597147385e-01	6.926540649954021633e-02	2.763682114884716962e-02	7.179417019399993161e-02
1.062374338918700232e+03	2.688421879530819569e-01	1.746552266670303166e-01	2.424515218741619960e-01	1.452311398960553501e-01	6.930141169272323320e-02	2.766082878357353086e-02	7.185768313313638245e-02
1.063825669982796853e+03	2.686050944068624213e-01	1.745012672334550485e-01	2.426210979051319772e-01	1.453292937205751811e-01	6.933734662312521224e-02	2.768480753059359908e-02	7.192109258001934402e-02
1.065277001046893474e+03	2.683684301205384592e-01	1.743475435814666463e-01	2.427903741011903371e-01	1.454272846527755181e-01	6.937321148220473854e-02	2.770875737962592844e-02	7.198439868196113145e-02
1.066728332110990095e+03	2.681321942550518034e-01	1.741940554023632959e-01	2.429593509633725390e-01	1.455251130110336300e-01	6.940900646068379198e-02	2.773267832074991987e-02	7.204760158650776181e-02
1.068179663175086489e+03	2.678963859732410580e-01	1.740408023876123533e-01	2.431280289919114379e-01	1.456227791126123716e-01	6.944473174855131381e-02	2.775657034440322246e-02	7.211070144143100213e-02
1.069630994239183110e+03	2.676610044398360366e-01	1.738877842288516495e-01	2.432964086862386965e-01	1.457202832736700093e-01	6.948038753506677323e-02	2.778043344137915913e-02	7.217369839472047299e-02
1.071082325303279504e+03	2.674260488214524889e-01	1.737350006178905726e-01	2.434644905449862284e-01	1.458176258092697686e-01	6.951597400876363686e-02	2.780426760282415921e-02	7.223659259457590465e-02
1.072533656367376352e+03	2.671915182865867155e-01	1.735824512467111225e-01	2.436322750659877800e-01	1.459148070333893543e-01	6.955149135745294919e-02	2.782807282023521539e-02	7.229938418939960143e-02
1.073984987431472746e+03	2.669574120056101840e-01	1.734301358074691046e-01	2.437997627462804018e-01	1.460118272589301103e-01	6.958693976822676042e-02	2.785184908545736485e-02	7.236207332778885060e-02
1.075436318495569594e+03	2.667237291507640329e-01	1.732780539924951846e-01	2.439669540821057803e-01	1.461086867977264281e-01	6.962231942746162361e-02	2.787559639068116005e-02	7.242466015852862260e-02
1.076887649559666215e+03	2.664904688961538537e-01	1.731262054942959705e-01	2.441338495689118204e-01	1.462053859605546291e-01	6.965763052082205031e-02	2.789931472844018462e-02	7.248714483058428526e-02
1.078338980623762609e+03	2.662576304177445286e-01	1.729745900055551788e-01	2.443004497013539777e-01	1.463019250571421515e-01	6.969287323326393835e-02	2.792300409160855534e-02	7.254952749309449833e-02
1.079790311687859230e+03	2.660252128933546234e-01	1.728232072191345503e-01	2.444667549732969236e-01	1.463983043961761543e-01	6.972804774903798575e-02	2.794666447339845886e-02	7.261180829536413583e-02
1.081241642751955851e+03	2.657932155026513921e-01	1.726720568280751822e-01	2.446327658778156555e-01	1.464945242853124274e-01	6.976315425169306306e-02	2.797029586735769874e-02	7.267398738685743043e-02
1.082692973816052472e+03	2.655616374271453917e-01	1.725211385255983054e-01	2.447984829071971902e-01	1.465905850311839120e-01	6.979819292407962728e-02	2.799389826736726344e-02	7.273606491719115941e-02
1.084144304880149093e+03	2.653304778501852645e-01	1.723704520051065614e-01	2.449639065529418125e-01	1.466864869394092774e-01	6.983316394835308027e-02	2.801747166763888380e-02	7.279804103612794175e-02
1.085595635944245487e+03	2.650997359569526868e-01	1.722199969601849179e-01	2.451290373057646299e-01	1.467822303146012197e-01	6.986806750597707172e-02	2.804101606271264951e-02	7.285991589356967391e-02
1.087046967008342108e+03	2.648694109344568171e-01	1.720697730846018347e-01	2.452938756555968214e-01	1.468778154603748720e-01	6.990290377772685748e-02	2.806453144745459094e-02	7.292168963955103500e-02
1.088498298072438729e+03	2.646395019715295782e-01	1.719197800723101799e-01	2.454584220915871084e-01	1.469732426793558255e-01	6.993767294369263032e-02	2.808801781705431294e-02	7.298336242423314468e-02
1.089949629136535123e+03	2.644100082588202727e-01	1.717700176174483118e-01	2.456226771021032540e-01	1.470685122731883177e-01	6.997237518328273953e-02	2.811147516702262525e-02	7.304493439789729037e-02
1.091400960200631971e+03	2.641809289887904200e-01	1.716204854143410785e-01	2.457866411747331725e-01	1.471636245425431422e-01	7.000701067522700771e-02	2.813490349318917977e-02	7.310640571093872386e-02
1.092852291264728365e+03	2.639522633557088160e-01	1.714711831575009005e-01	2.459503147962865954e-01	1.472585797871255597e-01	7.004157959758000596e-02	2.815830279170016687e-02	7.316777651386065229e-02
1.094303622328825213e+03	2.637240105556464265e-01	1.713221105416286860e-01	2.461136984527962646e-01	1.473533783056829582e-01	7.007608212772423184e-02	2.818167305901594921e-02	7.322904695726820123e-02
1.095754953392921607e+03	2.634961697864711128e-01	1.711732672616148587e-01	2.462767926295193477e-01	1.474480203960126246e-01	7.011051844237337072e-02	2.820501429190878928e-02	7.329021719186264161e-02
1.097206284457018228e+03	2.632687402478428584e-01	1.710246530125403286e-01	2.464395978109388263e-01	1.475425063549692384e-01	7.014488871757547372e-02	2.822832648746053871e-02	7.335128736843551933e-02
1.098657615521114849e+03	2.630417211412084955e-01	1.708762674896775746e-01	2.466021144807647447e-01	1.476368364784723664e-01	7.017919312871614967e-02	2.825160964306035541e-02	7.341225763786300706e-02
1.100108946585211470e+03	2.628151116697970413e-01	1.707281103884915330e-01	2.467643431219357086e-01	1.477310110615137617e-01	7.021343185052177083e-02	2.827486375640244493e-02	7.347312815110039474e-02
1.101560277649308091e+03	2.625889110386144254e-01	1.705801814046405684e-01	2.469262842166200234e-01	1.478250303981647751e-01	7.024760505706255376e-02	2.829808882548380880e-02	7.353389905917641356e-02
1.103011608713404712e+03	2.623631184544386041e-01	1.704324802339775291e-01	2.470879382462172480e-01	1.479188947815834043e-01	7.028171292175575124e-02	2.832128484860199635e-02	7.359457051318801790e-02
1.104462939777501106e+03	2.621377331258146759e-01	1.702850065725505235e-01	2.472493056913593334e-01	1.480126045040214000e-01	7.031575561736876090e-02	2.834445182435288424e-02	7.365514266429497303e-02
1.105914270841597499e+03	2.619127542630498295e-01	1.701377601166040032e-01	2.474103870319121212e-01	1.481061598568313153e-01	7.034973331602216440e-02	2.836758975162847335e-02	7.371561566371460927e-02
1.107365601905694348e+03	2.616881810782085704e-01	1.699907405625797341e-01	2.475711827469764259e-01	1.481995611304733618e-01	7.038364618919293325e-02	2.839069862961467530e-02	7.377598966271674275e-02
1.108816932969790741e+03	2.614640127851078355e-01	1.698439476071176568e-01	2.477316933148896172e-01	1.482928086145222923e-01	7.041749440771737090e-02	2.841377845778913711e-02	7.383626481261855445e-02
1.110268264033887590e+03	2.612402485993119972e-01	1.696973809470568029e-01	2.478919192132266469e-01	1.483859025976740353e-01	7.045127814179423520e-02	2.843682923591906581e-02	7.389644126477966368e-02
1.111719595097984211e+03	2.610168877381281449e-01	1.695510402794362659e-01	2.480518609188015478e-01	1.484788433677524389e-01	7.048499756098776381e-02	2.845985096405907397e-02	7.395651917059720137e-02
1.113170926162080832e+03	2.607939294206010894e-01	1.694049253014961731e-01	2.482115189076686546e-01	1.485716312117157933e-01	7.051865283423068564e-02	2.848284364254903903e-02	7.401649868150100842e-02
1.114622257226177226e+03	2.605713728675087548e-01	1.692590357106784349e-01	2.483708936551238811e-01	1.486642664156632987e-01	7.055224412982721849e-02	2.850580727201195916e-02	7.407637994894888944e-02
1.116073588290273847e+03	2.603492173013572941e-01	1.691133712046277715e-01	2.485299856357060244e-01	1.487567492648414480e-01	7.058577161545609435e-02	2.852874185335184734e-02	7.413616312442196377e-02
1.117524919354370468e+03	2.601274619463763149e-01	1.689679314811925182e-01	2.486887953231980142e-01	1.488490800436503558e-01	7.061923545817344605e-02	2.855164738775161498e-02	7.419584835942012735e-02
1.118976250418467089e+03	2.599061060285139946e-01	1.688227162384257352e-01	2.488473231906282168e-01	1.489412590356500588e-01	7.065263582441586032e-02	2.857452387667098678e-02	7.425543580545748701e-02
1.120427581482563710e+03	2.596851487754326393e-01	1.686777251745857353e-01	2.490055697102716570e-01	1.490332865235666215e-01	7.068597288000327827e-02	2.859737132184441213e-02	7.431492561405798891e-02
1.121878912546660331e+03	2.594645894165036881e-01	1.685329579881371942e-01	2.491635353536513220e-01	1.491251627892981879e-01	7.071924679014188198e-02	2.862018972527901120e-02	7.437431793675100544e-02
1.123330243610756725e+03	2.592444271828031055e-01	1.683884143777520659e-01	2.493212205915394108e-01	1.492168881139209757e-01	7.075245771942707818e-02	2.864297908925250713e-02	7.443361292506715798e-02
1.124781574674853118e+03	2.590246613071067183e-01	1.682440940423102216e-01	2.494786258939585000e-01	1.493084627776953277e-01	7.078560583184632937e-02	2.866573941631119643e-02	7.449281073053397317e-02
1.126232905738949967e+03	2.588052910238856086e-01	1.680999966809005597e-01	2.496357517301829587e-01	1.493998870600714290e-01	7.081869129078205427e-02	2.868847070926790199e-02	7.455191150467187222e-02
1.127684236803046360e+03	2.585863155693011728e-01	1.679561219928215887e-01	2.497925985687400041e-01	1.494911612396951639e-01	7.085171425901450049e-02	2.871117297119997469e-02	7.461091539899002145e-02
1.129135567867143209e+03	2.583677341812007922e-01	1.678124696775825375e-01	2.499491668774111164e-01	1.495822855944137775e-01	7.088467489872456173e-02	2.873384620544728457e-02	7.466982256498237713e-02
1.130586898931239830e+03	2.581495460991131141e-01	1.676690394349039936e-01	2.501054571232330104e-01	1.496732604012816215e-01	7.091757337149665053e-02	2.875649041561021552e-02	7.472863315412374419e-02
1.132038229995336451e+03	2.579317505642436115e-01	1.675258309647188748e-01	2.502614697724991899e-01	1.497640859365655386e-01	7.095040983832150150e-02	2.877910560554770500e-02	7.478734731786589041e-02
1.133489561059432845e+03	2.577143468194695863e-01	1.673828439671731783e-01	2.504172052907608914e-01	1.498547624757505525e-01	7.098318445959893308e-02	2.880169177937525263e-02	7.484596520763378558e-02
1.134940892123529466e+03	2.574973341093361179e-01	1.672400781426267580e-01	2.505726641428285273e-01	1.499452902935451692e-01	7.101589739514070632e-02	2.882424894146298419e-02	7.490448697482185447e-02
1.136392223187626087e+03	2.572807116800511218e-01	1.670975331916542128e-01	2.507278467927727128e-01	1.500356696638867893e-01	7.104854880417324492e-02	2.884677709643370183e-02	7.496291277079027149e-02
1.137843554251722708e+03	2.570644787794810204e-01	1.669552088150456359e-01	2.508827537039255984e-01	1.501259008599470091e-01	7.108113884534043858e-02	2.886927624916094809e-02	7.502124274686140792e-02
1.139294885315819101e+03	2.568486346571460244e-01	1.668131047138075029e-01	2.510373853388819243e-01	1.502159841541369223e-01	7.111366767670630751e-02	2.889174640476709424e-02	7.507947705431626539e-02
1.140746216379915950e+03	2.566331785642160246e-01	1.666712205891633658e-01	2.511917421595003530e-01	1.503059198181121436e-01	7.114613545575781961e-02	2.891418756862142864e-02	7.513761584439096475e-02
1.142197547444012343e+03	2.564181097535056519e-01	1.665295561425546855e-01	2.513458246269046348e-01	1.503957081227779990e-01	7.117854233940755504e-02	2.893659974633825196e-02	7.519565926827334601e-02
1.143648878508108737e+03	2.562034274794701139e-01	1.663881110756415815e-01	2.514996332014848290e-01	1.504853493382945495e-01	7.121088848399639848e-02	2.895898294377500029e-02	7.525360747709959608e-02
1.145100209572205586e+03	2.559891309982007535e-01	1.662468850903037199e-01	2.516531683428984145e-01	1.505748437340816148e-01	7.124317404529628694e-02	2.898133716703037502e-02	7.531146062195095969e-02
1.146551540636302207e+03	2.557752195674203310e-01	1.661058778886408960e-01	2.518064305100714551e-01	1.506641915788236863e-01	7.127539917851281881e-02	2.900366242244247286e-02	7.536921885385045039e-02
1.148002871700398828e+03	2.555616924464789164e-01	1.659650891729739786e-01	2.519594201611999318e-01	1.507533931404747285e-01	7.130756403828794610e-02	2.902595871658694357e-02	7.542688232375968638e-02
1.149454202764495449e+03	2.553485488963493366e-01	1.658245186458455200e-01	2.521121377537507979e-01	1.508424486862630365e-01	7.133966877870258350e-02	2.904822605627514071e-02	7.548445118257575415e-02
1.150905533828591842e+03	2.551357881796228466e-01	1.656841660100205893e-01	2.522645837444630890e-01	1.509313584826959820e-01	7.137171355327925903e-02	2.907046444855231407e-02	7.554192558112805822e-02
1.152356864892688463e+03	2.549234095605047989e-01	1.655440309684875211e-01	2.524167585893493659e-01	1.510201227955646208e-01	7.140369851498476472e-02	2.909267390069577089e-02	7.559930567017539293e-02
1.153808195956785084e+03	2.547114123048101475e-01	1.654041132244585821e-01	2.525686627436963261e-01	1.511087418899484391e-01	7.143562381623268231e-02	2.911485442021308212e-02	7.565659160040291709e-02
1.155259527020881706e+03	2.544997956799592842e-01	1.652644124813708593e-01	2.527202966620666902e-01	1.511972160302198775e-01	7.146748960888603397e-02	2.913700601484029221e-02	7.571378352241919796e-02
1.156710858084978327e+03	2.542885589549734870e-01	1.651249284428868147e-01	2.528716607982997022e-01	1.512855454800488275e-01	7.149929604425984964e-02	2.915912869254013232e-02	7.577088158675338025e-02
1.158162189149074720e+03	2.540777014004710344e-01	1.649856608128950630e-01	2.530227556055127947e-01	1.513737305024071556e-01	7.153104327312367894e-02	2.918122246150024052e-02	7.582788594385234116e-02
1.159613520213171569e+03	2.538672222886623198e-01	1.648466092955111484e-01	2.531735815361022546e-01	1.514617713595730053e-01	7.156273144570420019e-02	2.920328733013141317e-02	7.588479674407792863e-02
1.161064851277267962e+03	2.536571208933461885e-01	1.647077735950782107e-01	2.533241390417447780e-01	1.515496683131352662e-01	7.159436071168771842e-02	2.922532330706585288e-02	7.594161413770424141e-02
1.162516182341364356e+03	2.534473964899052190e-01	1.645691534161676239e-01	2.534744285733984692e-01	1.516374216239979311e-01	7.162593122022270498e-02	2.924733040115542332e-02	7.599833827491490890e-02
1.163967513405461204e+03	2.532380483553016703e-01	1.644307484635798289e-01	2.536244505813038397e-01	1.517250315523841764e-01	7.165744311992228166e-02	2.926930862146992843e-02	7.605496930580053772e-02
1.165418844469557826e+03	2.530290757680733749e-01	1.642925584423449159e-01	2.537742055149850851e-01	1.518124983578406917e-01	7.168889655886673262e-02	2.929125797729539155e-02	7.611150738035606100e-02
1.166870175533654447e+03	2.528204780083291858e-01	1.641545830577234300e-01	2.539236938232512508e-01	1.518998222992418157e-01	7.172029168460600235e-02	2.931317847813234498e-02	7.616795264847826818e-02
1.168321506597751068e+03	2.526122543577452029e-01	1.640168220152068701e-01	2.540729159541971760e-01	1.519870036347935882e-01	7.175162864416211039e-02	2.933507013369414385e-02	7.622430525996323758e-02
1.169772837661847461e+03	2.524044040995601090e-01	1.638792750205185500e-01	2.542218723552048254e-01	1.520740426220379138e-01	7.178290758403164940e-02	2.935693295390526258e-02	7.628056536450396330e-02
1.171224168725944082e+03	2.521969265185715070e-01	1.637419417796142085e-01	2.543705634729442888e-01	1.521609395178565027e-01	7.181412865018822755e-02	2.937876694889964349e-02	7.633673311168791276e-02
1.172675499790040703e+03	2.519898209011313672e-01	1.636048219986826202e-01	2.545189897533748358e-01	1.522476945784748403e-01	7.184529198808488337e-02	2.940057212901900710e-02	7.639280865099469520e-02
1.174126830854137097e+03	2.517830865351421421e-01	1.634679153841463173e-01	2.546671516417463033e-01	1.523343080594661003e-01	7.187639774265648651e-02	2.942234850481122502e-02	7.644879213179371635e-02
1.175578161918233945e+03	2.515767227100524361e-01	1.633312216426621721e-01	2.548150495825998729e-01	1.524207802157550584e-01	7.190744605832216640e-02	2.944409608702864417e-02	7.650468370334191637e-02
1.177029492982330339e+03	2.513707287168530646e-01	1.631947404811221747e-01	2.549626840197693478e-01	1.525071113016219226e-01	7.193843707898772699e-02	2.946581488662647699e-02	7.656048351478160485e-02
1.178480824046426733e+03	2.511651038480728904e-01	1.630584716066539597e-01	2.551100553963822626e-01	1.525933015707059970e-01	7.196937094804795043e-02	2.948750491476116731e-02	7.661619171513815718e-02
1.179932155110523581e+03	2.509598473977747157e-01	1.629224147266215283e-01	2.552571641548608827e-01	1.526793512760095950e-01	7.200024780838902572e-02	2.950916618278877704e-02	7.667180845331793282e-02
1.181383486174620202e+03	2.507549586615512860e-01	1.627865695486257480e-01	2.554040107369233148e-01	1.527652606699016202e-01	7.203106780239089402e-02	2.953079870226338680e-02	7.672733387810617978e-02
1.182834817238716823e+03	2.505504369365212369e-01	1.626509357805051570e-01	2.555505955835847831e-01	1.528510300041212577e-01	7.206183107192956627e-02	2.955240248493549646e-02	7.678276813816489743e-02
1.184286148302813444e+03	2.503462815213248760e-01	1.625155131303365197e-01	2.556969191351585735e-01	1.529366595297816100e-01	7.209253775837946854e-02	2.957397754275043616e-02	7.683811138203090751e-02
1.185737479366910065e+03	2.501424917161205186e-01	1.623803013064353817e-01	2.558429818312570880e-01	1.530221494973731944e-01	7.212318800261575957e-02	2.959552388784681548e-02	7.689336375811375857e-02
1.187188810431006686e+03	2.499390668225800194e-01	1.622453000173566806e-01	2.559887841107929551e-01	1.531075001567675231e-01	7.215378194501660680e-02	2.961704153255492744e-02	7.694852541469382468e-02
1.188640141495103080e+03	2.497360061438851919e-01	1.621105089718954950e-01	2.561343264119800844e-01	1.531927117572206010e-01	7.218431972546554554e-02	2.963853048939521853e-02	7.700359649992036259e-02
1.190091472559199701e+03	2.495333089847235619e-01	1.619759278790875168e-01	2.562796091723349989e-01	1.532777845473763945e-01	7.221480148335367166e-02	2.965999077107673090e-02	7.705857716180962436e-02
1.191542803623296322e+03	2.493309746512845093e-01	1.618415564482097169e-01	2.564246328286775567e-01	1.533627187752701626e-01	7.224522735758198699e-02	2.968142239049557582e-02	7.711346754824305316e-02
1.192994134687392716e+03	2.491290024512553547e-01	1.617073943887808174e-01	2.565693978171320611e-01	1.534475146883318986e-01	7.227559748656359195e-02	2.970282536073339669e-02	7.716826780696542376e-02
1.194445465751489564e+03	2.489273916938172793e-01	1.615734414105620964e-01	2.567139045731286484e-01	1.535321725333896048e-01	7.230591200822600317e-02	2.972419969505586332e-02	7.722297808558307997e-02
1.195896796815585958e+03	2.487261416896414667e-01	1.614396972235577210e-01	2.568581535314040099e-01	1.536166925566726793e-01	7.233617106001329067e-02	2.974554540691115578e-02	7.727759853156221381e-02
1.197348127879682352e+03	2.485252517508852732e-01	1.613061615380155245e-01	2.570021451260026679e-01	1.537010750038151075e-01	7.236637477888840930e-02	2.976686250992848295e-02	7.733212929222707532e-02
1.198799458943779200e+03	2.483247211911882024e-01	1.611728340644274227e-01	2.571458797902779203e-01	1.537853201198586817e-01	7.239652330133529434e-02	2.978815101791656983e-02	7.738657051475841819e-02
1.200250790007875821e+03	2.481245493256680756e-01	1.610397145135301078e-01	2.572893579568930056e-01	1.538694281492562210e-01	7.242661676336115129e-02	2.980941094486220730e-02	7.744092234619173731e-02
1.201702121071972442e+03	2.479247354709171458e-01	1.609068025963055482e-01	2.574325800578219914e-01	1.539533993358747077e-01	7.245665530049860692e-02	2.983064230492876029e-02	7.749518493341571446e-02
1.203153452136069063e+03	2.477252789449982673e-01	1.607740980239815431e-01	2.575755465243509401e-01	1.540372339229984233e-01	7.248663904780788814e-02	2.985184511245472100e-02	7.754935842317066397e-02
1.204604783200165684e+03	2.475261790674409546e-01	1.606416005080322784e-01	2.577182577870790747e-01	1.541209321533320020e-01	7.251656813987897299e-02	2.987301938195224479e-02	7.760344296204689518e-02
1.206056114264262078e+03	2.473274351592377185e-01	1.605093097601789087e-01	2.578607142759196114e-01	1.542044942690034837e-01	7.254644271083372786e-02	2.989416512810572080e-02	7.765743869648326914e-02
1.207507445328358699e+03	2.471290465428400696e-01	1.603772254923901130e-01	2.580029164201008696e-01	1.542879205115673114e-01	7.257626289432811406e-02	2.991528236577033206e-02	7.771134577276569977e-02
1.208958776392455093e+03	2.469310125421547986e-01	1.602453474168824832e-01	2.581448646481673270e-01	1.543712111220073846e-01	7.260602882355424170e-02	2.993637110997064005e-02	7.776516433702564124e-02
1.210410107456551941e+03	2.467333324825401741e-01	1.601136752461212176e-01	2.582865593879807853e-01	1.544543663407399181e-01	7.263574063124254854e-02	2.995743137589915520e-02	7.781889453523871403e-02
1.211861438520648335e+03	2.465360056908021125e-01	1.599822086928206488e-01	2.584280010667212024e-01	1.545373864076164394e-01	7.266539844966386774e-02	2.997846317891494222e-02	7.787253651322327552e-02
1.213312769584745183e+03	2.463390314951905691e-01	1.598509474699445765e-01	2.585691901108878588e-01	1.546202715619266199e-01	7.269500241063155122e-02	2.999946653454221845e-02	7.792609041663904612e-02
1.214764100648841804e+03	2.461424092253955420e-01	1.597198912907070445e-01	2.587101269463004671e-01	1.547030220424011615e-01	7.272455264550350962e-02	3.002044145846896259e-02	7.797955639098574920e-02
1.216215431712937971e+03	2.459461382125434914e-01	1.595890398685727296e-01	2.588508119980998390e-01	1.547856380872145998e-01	7.275404928518434955e-02	3.004138796654554425e-02	7.803293458160187601e-02
1.217666762777034819e+03	2.457502177891935924e-01	1.594583929172574410e-01	2.589912456907493832e-01	1.548681199339880243e-01	7.278349246012739970e-02	3.006230607478333969e-02	7.808622513366325624e-02
1.219118093841131440e+03	2.455546472893339327e-01	1.593279501507285922e-01	2.591314284480357721e-01	1.549504678197920204e-01	7.281288230033676478e-02	3.008319579935338217e-02	7.813942819218192004e-02
1.220569424905228061e+03	2.453594260483779321e-01	1.591977112832057839e-01	2.592713606930702186e-01	1.550326819811492507e-01	7.284221893536940717e-02	3.010405715658499848e-02	7.819254390200476579e-02
1.222020755969324682e+03	2.451645534031605123e-01	1.590676760291612757e-01	2.594110428482893638e-01	1.551147626540372304e-01	7.287150249433710369e-02	3.012489016296445929e-02	7.824557240781242207e-02
1.223472087033421303e+03	2.449700286919344883e-01	1.589378441033204581e-01	2.595504753354562211e-01	1.551967100738909922e-01	7.290073310590851341e-02	3.014569483513366427e-02	7.829851385411798481e-02
1.224923418097517697e+03	2.447758512543670162e-01	1.588082152206622966e-01	2.596896585756614528e-01	1.552785244756056671e-01	7.292991089831121765e-02	3.016647118988878898e-02	7.835136838526593484e-02
1.226374749161614318e+03	2.445820204315356516e-01	1.586787890964199144e-01	2.598285929893240365e-01	1.553602060935392049e-01	7.295903599933363515e-02	3.018721924417896996e-02	7.840413614543091658e-02
1.227826080225710712e+03	2.443885355659249914e-01	1.585495654460810089e-01	2.599672789961926522e-01	1.554417551615148996e-01	7.298810853632711759e-02	3.020793901510500715e-02	7.845681727861669730e-02
1.229277411289807560e+03	2.441953960014228153e-01	1.584205439853882680e-01	2.601057170153464049e-01	1.555231719128239432e-01	7.301712863620785088e-02	3.022863051991803857e-02	7.850941192865504292e-02
1.230728742353903954e+03	2.440026010833166448e-01	1.582917244303400361e-01	2.602439074651958228e-01	1.556044565802280621e-01	7.304609642545883963e-02	3.024929377601826355e-02	7.856192023920463563e-02
1.232180073418000802e+03	2.438101501582900787e-01	1.581631064971905087e-01	2.603818507634842461e-01	1.556856093959619047e-01	7.307501203013187785e-02	3.026992880095364866e-02	7.861434235375006074e-02
1.233631404482097196e+03	2.436180425744191858e-01	1.580346899024503704e-01	2.605195473272883255e-01	1.557666305917355942e-01	7.310387557584950569e-02	3.029053561241864048e-02	7.866667841560079366e-02
1.235082735546193817e+03	2.434262776811687845e-01	1.579064743628872391e-01	2.606569975730193001e-01	1.558475203987371438e-01	7.313268718780691069e-02	3.031111422825290280e-02	7.871892856789013126e-02
1.236534066610290438e+03	2.432348548293891688e-01	1.577784595955260272e-01	2.607942019164239955e-01	1.559282790476349545e-01	7.316144699077391234e-02	3.033166466644005715e-02	7.877109295357431762e-02
1.237985397674387059e+03	2.430437733713122495e-01	1.576506453176494960e-01	2.609311607725856574e-01	1.560089067685801467e-01	7.319015510909680777e-02	3.035218694510641996e-02	7.882317171543153089e-02
1.239436728738483680e+03	2.428530326605482237e-01	1.575230312467986171e-01	2.610678745559252834e-01	1.560894037912090582e-01	7.321881166670038410e-02	3.037268108251975351e-02	7.887516499606096743e-02
1.240888059802580301e+03	2.426626320520819113e-01	1.573956171007730442e-01	2.612043436802022889e-01	1.561697703446454366e-01	7.324741678708970860e-02	3.039314709708804130e-02	7.892707293788185641e-02
1.242339390866676695e+03	2.424725709022692854e-01	1.572684025976315014e-01	2.613405685585155069e-01	1.562500066575029101e-01	7.327597059335207164e-02	3.041358500735823200e-02	7.897889568313271047e-02
1.243790721930773088e+03	2.422828485688339750e-01	1.571413874556923107e-01	2.614765496033044090e-01	1.563301129578872906e-01	7.330447320815884626e-02	3.043399483201504260e-02	7.903063337387035425e-02
1.245242052994869937e+03	2.420934644108636569e-01	1.570145713935336695e-01	2.616122872263498822e-01	1.564100894733987668e-01	7.333292475376740338e-02	3.045437658987972321e-02	7.908228615196907785e-02
1.246693384058966330e+03	2.419044177888066416e-01	1.568879541299942892e-01	2.617477818387753397e-01	1.564899364311342078e-01	7.336132535202290195e-02	3.047473029990885318e-02	7.913385415911983189e-02
1.248144715123063179e+03	2.417157080644685430e-01	1.567615353841735892e-01	2.618830338510477196e-01	1.565696540576895224e-01	7.338967512436019025e-02	3.049505598119315458e-02	7.918533753682940879e-02
1.249596046187159800e+03	2.415273346010084476e-01	1.566353148754321689e-01	2.620180436729782070e-01	1.566492425791617127e-01	7.341797419180561002e-02	3.051535365295627092e-02	7.923673642641967940e-02
1.251047377251256421e+03	2.413392967629358343e-01	1.565092923233923072e-01	2.621528117137235103e-01	1.567287022211511782e-01	7.344622267497885604e-02	3.053562333455360836e-02	7.928805096902676042e-02
1.252498708315352815e+03	2.411515939161069100e-01	1.563834674479383235e-01	2.622873383817868054e-01	1.568080332087637974e-01	7.347442069409479415e-02	3.055586504547114918e-02	7.933928130560030656e-02
1.253950039379449436e+03	2.409642254277212237e-01	1.562578399692168829e-01	2.624216240850185677e-01	1.568872357666132034e-01	7.350256836896523760e-02	3.057607880532427214e-02	7.939042757690273344e-02
1.255401370443546057e+03	2.407771906663182249e-01	1.561324096076375234e-01	2.625556692306176276e-01	1.569663101188228382e-01	7.353066581900080667e-02	3.059626463385660411e-02	7.944148992350853755e-02
1.256852701507642678e+03	2.405904890017739328e-01	1.560071760838729338e-01	2.626894742251320580e-01	1.570452564890280345e-01	7.355871316321270503e-02	3.061642255093885434e-02	7.949246848580358848e-02
1.258304032571739299e+03	2.404041198052974948e-01	1.558821391188594530e-01	2.628230394744603959e-01	1.571240751003782077e-01	7.358671052021442671e-02	3.063655257656766606e-02	7.954336340398442118e-02
1.259755363635835920e+03	2.402180824494277445e-01	1.557572984337974309e-01	2.629563653838523085e-01	1.572027661755387995e-01	7.361465800822365735e-02	3.065665473086448545e-02	7.959417481805762529e-02
1.261206694699932314e+03	2.400323763080298711e-01	1.556326537501514506e-01	2.630894523579097588e-01	1.572813299366934980e-01	7.364255574506395341e-02	3.067672903407441670e-02	7.964490286783909578e-02
1.262658025764028707e+03	2.398470007562920892e-01	1.555082047896509667e-01	2.632223008005877829e-01	1.573597666055460698e-01	7.367040384816649079e-02	3.069677550656510490e-02	7.969554769295351948e-02
1.264109356828125556e+03	2.396619551707222517e-01	1.553839512742904716e-01	2.633549111151956557e-01	1.574380764033225799e-01	7.369820243457188280e-02	3.071679416882560840e-02	7.974610943283365339e-02
1.265560687892221949e+03	2.394772389291443537e-01	1.552598929263299676e-01	2.634872837043977234e-01	1.575162595507731689e-01	7.372595162093184551e-02	3.073678504146529211e-02	7.979658822671981122e-02
1.267012018956318798e+03	2.392928514106955062e-01	1.551360294682952168e-01	2.636194189702144031e-01	1.575943162681741616e-01	7.375365152351100184e-02	3.075674814521272074e-02	7.984698421365921117e-02
1.268463350020415419e+03	2.391087919958223562e-01	1.550123606229782403e-01	2.637513173140231260e-01	1.576722467753299828e-01	7.378130225818849142e-02	3.077668350091455202e-02	7.989729753250546240e-02
1.269914681084511813e+03	2.389250600662778945e-01	1.548888861134376238e-01	2.638829791365592814e-01	1.577500512915751829e-01	7.380890394045980241e-02	3.079659112953447159e-02	7.994752832191794056e-02
1.271366012148608434e+03	2.387416550051181252e-01	1.547656056629987675e-01	2.640144048379173269e-01	1.578277300357761592e-01	7.383645668543842300e-02	3.081647105215207585e-02	7.999767672036135757e-02
1.272817343212705055e+03	2.385585761966987350e-01	1.546425189952544410e-01	2.641455948175513990e-01	1.579052832263332373e-01	7.386396060785749285e-02	3.083632328996182073e-02	8.004774286610512324e-02
1.274268674276801676e+03	2.383758230266718459e-01	1.545196258340649498e-01	2.642765494742766452e-01	1.579827110811824198e-01	7.389141582207153780e-02	3.085614786427194611e-02	8.009772689722290118e-02
1.275720005340898297e+03	2.381933948819827951e-01	1.543969259035585240e-01	2.644072692062698904e-01	1.580600138177974123e-01	7.391882244205813524e-02	3.087594479650339341e-02	8.014762895159209533e-02
1.277171336404994690e+03	2.380112911508668327e-01	1.542744189281317069e-01	2.645377544110707468e-01	1.581371916531912336e-01	7.394618058141960715e-02	3.089571410818877165e-02	8.019744916689339198e-02
1.278622667469091539e+03	2.378295112228457908e-01	1.541521046324495769e-01	2.646680054855824471e-01	1.582142448039182969e-01	7.397349035338460221e-02	3.091545582097130276e-02	8.024718768061027407e-02
1.280073998533187932e+03	2.376480544887249469e-01	1.540299827414462197e-01	2.647980228260728430e-01	1.582911734860761033e-01	7.400075187080984440e-02	3.093516995660376689e-02	8.029684463002854933e-02
1.281525329597284326e+03	2.374669203405897766e-01	1.539080529803250053e-01	2.649278068281754051e-01	1.583679779153069345e-01	7.402796524618170115e-02	3.095485653694748582e-02	8.034642015223597555e-02
1.282976660661381175e+03	2.372861081718027343e-01	1.537863150745588381e-01	2.650573578868900548e-01	1.584446583067998238e-01	7.405513059161784872e-02	3.097451558397126825e-02	8.039591438412174718e-02
1.284427991725477568e+03	2.371056173770000053e-01	1.536647687498904902e-01	2.651866763965841645e-01	1.585212148752921935e-01	7.408224801886888200e-02	3.099414711975041412e-02	8.044532746237614829e-02
1.285879322789574417e+03	2.369254473520884252e-01	1.535434137323330173e-01	2.653157627509934446e-01	1.585976478350716590e-01	7.410931763931993821e-02	3.101375116646567717e-02	8.049465952349015019e-02
1.287330653853671038e+03	2.367455974942420938e-01	1.534222497481699532e-01	2.654446173432229994e-01	1.586739573999777220e-01	7.413633956399234837e-02	3.103332774640226235e-02	8.054391070375496731e-02
1.288781984917767431e+03	2.365660672018993493e-01	1.533012765239556430e-01	2.655732405657481032e-01	1.587501437834035189e-01	7.416331390354513609e-02	3.105287688194882309e-02	8.059308113926176576e-02
1.290233315981864052e+03	2.363868558747595772e-01	1.531804937865156591e-01	2.657016328104152558e-01	1.588262071982974866e-01	7.419024076827669678e-02	3.107239859559646905e-02	8.064217096590121925e-02
