1.001418434226643626e+03	2.792254415683247393e-01	1.812964903267655636e-01	2.350623798304766754e-01	1.409585385386483147e-01	6.772646347334737582e-02	2.663928425961566149e-02	6.909140200258390152e-02
1.003837319333471214e+03	2.787997768255844888e-01	1.810223317672551846e-01	2.353668129589106539e-01	1.411338632058344589e-01	6.779147560748101375e-02	2.668145410158145187e-02	6.920428553311493147e-02
1.006256204440298802e+03	2.783754068144235205e-01	1.807488638737722586e-01	2.356703550308821282e-01	1.413086945162438102e-01	6.785626960573831745e-02	2.672354522896153162e-02	6.931686492974066527e-02
1.008675089547126618e+03	2.779523272007589640e-01	1.804760852438850038e-01	2.359730085126797716e-01	1.414830342050246714e-01	6.792084652509805531e-02	2.676555750065737205e-02	6.942914081165844908e-02
1.011093974653954206e+03	2.775305336679288470e-01	1.802039944752962530e-01	2.362747758640161011e-01	1.416568839946603653e-01	6.798520741517252719e-02	2.680749077964190985e-02	6.954111380304624224e-02
1.013512859760782021e+03	2.771100219165987810e-01	1.799325901658706262e-01	2.365756595380497096e-01	1.418302455951862828e-01	6.804935331827149936e-02	2.684934493291111016e-02	6.965278453287419846e-02
1.015931744867609382e+03	2.766907876646694797e-01	1.796618709136613978e-01	2.368756619814070541e-01	1.420031207044017696e-01	6.811328526946544559e-02	2.689111983143607082e-02	6.976415363472097952e-02
1.018350629974437197e+03	2.762728266471849436e-01	1.793918353169368929e-01	2.371747856342042438e-01	1.421755110080772100e-01	6.817700429664823314e-02	2.693281535011560548e-02	6.987522174659503704e-02
1.020769515081264785e+03	2.758561346162415329e-01	1.791224819742069652e-01	2.374730329300684395e-01	1.423474181801564209e-01	6.824051142059912867e-02	2.697443136772929850e-02	6.998598951076041852e-02
1.023188400188092373e+03	2.754407073408973727e-01	1.788538094842488935e-01	2.377704062961589759e-01	1.425188438829543547e-01	6.830380765504434626e-02	2.701596776689109761e-02	7.009645757356713913e-02
1.025607285294920075e+03	2.750265406070831475e-01	1.785858164461332220e-01	2.380669081531884279e-01	1.426897897673500837e-01	6.836689400671794314e-02	2.705742443400335415e-02	7.020662658528603606e-02
1.028026170401747549e+03	2.746136302175127830e-01	1.783185014592490458e-01	2.383625409154432329e-01	1.428602574729758157e-01	6.842977147542216032e-02	2.709880125921136293e-02	7.031649719994782777e-02
1.030445055508575479e+03	2.742019719915951836e-01	1.780518631233294902e-01	2.386573069908043410e-01	1.430302486284011632e-01	6.849244105408715255e-02	2.714009813635837043e-02	7.042607007518653095e-02
1.032863940615402726e+03	2.737915617653468581e-01	1.777859000384764410e-01	2.389512087807675322e-01	1.431997648513133325e-01	6.855490372883017713e-02	2.718131496294105137e-02	7.053534587208683260e-02
1.035282825722230655e+03	2.733823953913049332e-01	1.775206108051852194e-01	2.392442486804634283e-01	1.433688077486933721e-01	6.861716047901426918e-02	2.722245164006545717e-02	7.064432525503551441e-02
1.037701710829058356e+03	2.729744687384408897e-01	1.772559940243690069e-01	2.395364290786774486e-01	1.435373789169883119e-01	6.867921227730630629e-02	2.726350807240341539e-02	7.075300889157686013e-02
1.040120595935886058e+03	2.725677776920746309e-01	1.769920482973831033e-01	2.398277523578695447e-01	1.437054799422793072e-01	6.874106008973450421e-02	2.730448416814940452e-02	7.086139745227172659e-02
1.042539481042713533e+03	2.721623181537901059e-01	1.767287722260487137e-01	2.401182208941936846e-01	1.438731124004460349e-01	6.880270487574545457e-02	2.734537983897785199e-02	7.096949161056043121e-02
1.044958366149541234e+03	2.717580860413504329e-01	1.764661644126765405e-01	2.404078370575172263e-01	1.440402778573274534e-01	6.886414758826057969e-02	2.738619500000091453e-02	7.107729204262919209e-02
1.047377251256368709e+03	2.713550772886144657e-01	1.762042234600902924e-01	2.406966032114399856e-01	1.442069778688787884e-01	6.892538917373199070e-02	2.742692956972666782e-02	7.118479942728016263e-02
1.049796136363196410e+03	2.709532878454536386e-01	1.759429479716497491e-01	2.409845217133133044e-01	1.443732139813251325e-01	6.898643057219798480e-02	2.746758347001775416e-02	7.129201444580483826e-02
1.052215021470024112e+03	2.705527136776694763e-01	1.756823365512736046e-01	2.412715949142588134e-01	1.445389877313114912e-01	6.904727271733777927e-02	2.750815662605046383e-02	7.139893778186080786e-02
1.054633906576851814e+03	2.701533507669118261e-01	1.754223878034622264e-01	2.415578251591869452e-01	1.447043006460494441e-01	6.910791653652599564e-02	2.754864896627423967e-02	7.150557012135183577e-02
1.057052791683679516e+03	2.697551951105973678e-01	1.751631003333199155e-01	2.418432147868155579e-01	1.448691542434605573e-01	6.916836295088642228e-02	2.758906042237160156e-02	7.161191215231113572e-02
1.059471676790506763e+03	2.693582427218291220e-01	1.749044727465771665e-01	2.421277661296881156e-01	1.450335500323165494e-01	6.922861287534538832e-02	2.762939092921851136e-02	7.171796456478765625e-02
1.061890561897334692e+03	2.689624896293163481e-01	1.746465036496125667e-01	2.424114815141919788e-01	1.451974895123764597e-01	6.928866721868456868e-02	2.766964042484513012e-02	7.182372805073550248e-02
1.064309447004162394e+03	2.685679318772950519e-01	1.743891916494743899e-01	2.426943632605760848e-01	1.453609741745205408e-01	6.934852688359334494e-02	2.770980885039700178e-02	7.192920330390621675e-02
1.066728332110990095e+03	2.681745655254487160e-01	1.741325353539021348e-01	2.429764136829691001e-01	1.455240055008812927e-01	6.940819276672063887e-02	2.774989615009664998e-02	7.203439101974404291e-02
1.069147217217817570e+03	2.677823866488305837e-01	1.738765333713476746e-01	2.432576350893969341e-01	1.456865849649716105e-01	6.946766575872628802e-02	2.778990227120556669e-02	7.213929189528395236e-02
1.071566102324645271e+03	2.673913913377852780e-01	1.736211843109962960e-01	2.435380297818002249e-01	1.458487140318100450e-01	6.952694674433188005e-02	2.782982716398661044e-02	7.224390662905234850e-02
1.073984987431472746e+03	2.670015756978716404e-01	1.733664867827873213e-01	2.438176000560518808e-01	1.460103941580432885e-01	6.958603660237117072e-02	2.786967078166678949e-02	7.234823592097051892e-02
1.076403872538300675e+03	2.666129358497863477e-01	1.731124393974348141e-01	2.440963482019742614e-01	1.461716267920659673e-01	6.964493620584003009e-02	2.790943308040045104e-02	7.245228047226071055e-02
1.078822757645127922e+03	2.662254679292874182e-01	1.728590407664477857e-01	2.443742765033562747e-01	1.463324133741377431e-01	6.970364642194588900e-02	2.794911401923284855e-02	7.255604098535463342e-02
1.081241642751955851e+03	2.658391680871187157e-01	1.726062895021501786e-01	2.446513872379703913e-01	1.464927553364979984e-01	6.976216811215670000e-02	2.798871356006410113e-02	7.265951816380453177e-02
1.083660527858783553e+03	2.654540324889348435e-01	1.723541842177008232e-01	2.449276826775895477e-01	1.466526541034777753e-01	6.982050213224946789e-02	2.802823166761351723e-02	7.276271271219665604e-02
1.086079412965611255e+03	2.650700573152265371e-01	1.721027235271131162e-01	2.452031650880037994e-01	1.468121110916094929e-01	6.987864933235837794e-02	2.806766830938431032e-02	7.286562533606702474e-02
1.088498298072438729e+03	2.646872387612466682e-01	1.718519060452743108e-01	2.454778367290369745e-01	1.469711277097340008e-01	6.993661055702239671e-02	2.810702345562869284e-02	7.296825674181958710e-02
1.090917183179266431e+03	2.643055730369367473e-01	1.716017303879648070e-01	2.457516998545631881e-01	1.471297053591056614e-01	6.999438664523241482e-02	2.814629707931332395e-02	7.307060763664652292e-02
1.093336068286093905e+03	2.639250563668537608e-01	1.713521951718770253e-01	2.460247567125231904e-01	1.472878454334947684e-01	7.005197843047805684e-02	2.818548915608511812e-02	7.317267872845073517e-02
1.095754953392921607e+03	2.635456849900977283e-01	1.711032990146343635e-01	2.462970095449406316e-01	1.474455493192879940e-01	7.010938674079393584e-02	2.822459966423743194e-02	7.327447072577056297e-02
1.098173838499749309e+03	2.631674551602397605e-01	1.708550405348096268e-01	2.465684605879382152e-01	1.476028183955865603e-01	7.016661239880549183e-02	2.826362858467660819e-02	7.337598433770643747e-02
1.100592723606577010e+03	2.627903631452503386e-01	1.706074183519433740e-01	2.468391120717536302e-01	1.477596540343023290e-01	7.022365622177451083e-02	2.830257590088885306e-02	7.347722027384960553e-02
1.103011608713404712e+03	2.624144052274285377e-01	1.703604310865621529e-01	2.471089662207557325e-01	1.479160576002517546e-01	7.028051902164406117e-02	2.834144159890748804e-02	7.357817924421285183e-02
1.105430493820231959e+03	2.620395777033311946e-01	1.701140773601964584e-01	2.473780252534601432e-01	1.480720304512479768e-01	7.033720160508315222e-02	2.838022566728053836e-02	7.367886195916312220e-02
1.107849378927059888e+03	2.616658768837030191e-01	1.698683557953982737e-01	2.476462913825450418e-01	1.482275739381907487e-01	7.039370477353087963e-02	2.841892809703866485e-02	7.377926912935602044e-02
1.110268264033887590e+03	2.612932990934068722e-01	1.696232650157588895e-01	2.479137668148667928e-01	1.483826894051544776e-01	7.045002932324015421e-02	2.845754888166344282e-02	7.387940146567205379e-02
1.112687149140715292e+03	2.609218406713547100e-01	1.693788036459260571e-01	2.481804537514754050e-01	1.485373781894745726e-01	7.050617604532109783e-02	2.849608801705594968e-02	7.397925967915483514e-02
1.115106034247542766e+03	2.605514979704388612e-01	1.691349703116212522e-01	2.484463543876301583e-01	1.486916416218317660e-01	7.056214572578402289e-02	2.853454550150573768e-02	7.407884448095083951e-02
1.117524919354370468e+03	2.601822673574639699e-01	1.688917636396564392e-01	2.487114709128147028e-01	1.488454810263346306e-01	7.061793914558192609e-02	2.857292133566008765e-02	7.417815658225090925e-02
1.119943804461197942e+03	2.598141452130789397e-01	1.686491822579510858e-01	2.489758055107524348e-01	1.489988977206004872e-01	7.067355708065266306e-02	2.861121552249360975e-02	7.427719669423346605e-02
1.122362689568025871e+03	2.594471279317098755e-01	1.684072247955485380e-01	2.492393603594215967e-01	1.491518930158345912e-01	7.072900030196069276e-02	2.864942806727817717e-02	7.437596552800920802e-02
1.124781574674853118e+03	2.590812119214932485e-01	1.681658898826324244e-01	2.495021376310704031e-01	1.493044682169074877e-01	7.078426957553848875e-02	2.868755897755315490e-02	7.447446379456752752e-02
1.127200459781681047e+03	2.587163936042091161e-01	1.679251761505428930e-01	2.497641394922319180e-01	1.494566246224310058e-01	7.083936566252749256e-02	2.872560826309596485e-02	7.457269220472431681e-02
1.129619344888508749e+03	2.583526694152157299e-01	1.676850822317926260e-01	2.500253681037390430e-01	1.496083635248323940e-01	7.089428931921873400e-02	2.876357593589296685e-02	7.467065146907128637e-02
1.132038229995336451e+03	2.579900358033834773e-01	1.674456067600824660e-01	2.502858256207393106e-01	1.497596862104270676e-01	7.094904129709303509e-02	2.880146201011062751e-02	7.476834229792683750e-02
1.134457115102163925e+03	2.576284892310299335e-01	1.672067483703173207e-01	2.505455141927094842e-01	1.499105939594899128e-01	7.100362234286088092e-02	2.883926650206701178e-02	7.486576540128817014e-02
1.136876000208991627e+03	2.572680261738554131e-01	1.669685056986214278e-01	2.508044359634705178e-01	1.500610880463249253e-01	7.105803319850192978e-02	2.887698943020359024e-02	7.496292148878500039e-02
1.139294885315819101e+03	2.569086431208782995e-01	1.667308773823535650e-01	2.510625930712017673e-01	1.502111697393334888e-01	7.111227460130405131e-02	2.891463081505731697e-02	7.505981126963436056e-02
1.141713770422646803e+03	2.565503365743713182e-01	1.664938620601223718e-01	2.513199876484557005e-01	1.503608403010813777e-01	7.116634728390212883e-02	2.895219067923304745e-02	7.515643545259689806e-02
1.144132655529474505e+03	2.561931030497983097e-01	1.662574583718010313e-01	2.515766218221722750e-01	1.505101009883641761e-01	7.122025197431648691e-02	2.898966904737619935e-02	7.525279474593438156e-02
1.146551540636302207e+03	2.558369390757510020e-01	1.660216649585420090e-01	2.518324977136933152e-01	1.506589530522713938e-01	7.127398939599081940e-02	2.902706594614574281e-02	7.534888985736844236e-02
1.148970425743129908e+03	2.554818411938865053e-01	1.657864804627917632e-01	2.520876174387767787e-01	1.508073977382495545e-01	7.132756026782999248e-02	2.906438140418748581e-02	7.544472149404055084e-02
1.151389310849957155e+03	2.551278059588650282e-01	1.655519035283050111e-01	2.523419831076109676e-01	1.509554362861635635e-01	7.138096530423727881e-02	2.910161545210760564e-02	7.554029036247311701e-02
1.153808195956785084e+03	2.547748299382878723e-01	1.653179328001589676e-01	2.525955968248286831e-01	1.511030699303571867e-01	7.143420521515141119e-02	2.913876812244649284e-02	7.563559716853189563e-02
1.156227081063612786e+03	2.544229097126364247e-01	1.650845669247673897e-01	2.528484606895212150e-01	1.512502998997121983e-01	7.148728070608320606e-02	2.917583944965288639e-02	7.573064261738930714e-02
1.158645966170440488e+03	2.540720418752106524e-01	1.648518045498943430e-01	2.531005767952523855e-01	1.513971274177061954e-01	7.154019247815182614e-02	2.921282947005825192e-02	7.582542741348893833e-02
1.161064851277267962e+03	2.537222230320688721e-01	1.646196443246681351e-01	2.533519472300725384e-01	1.515435537024694967e-01	7.159294122812083494e-02	2.924973822185145469e-02	7.591995226051122259e-02
1.163483736384095664e+03	2.533734498019671877e-01	1.643880848995946387e-01	2.536025740765325276e-01	1.516895799668407929e-01	7.164552764843372390e-02	2.928656574505370674e-02	7.601421786133998049e-02
1.165902621490923138e+03	2.530257188162998161e-01	1.641571249265707244e-01	2.538524594116972621e-01	1.518352074184216305e-01	7.169795242724931461e-02	2.932331208149378463e-02	7.610822491803004297e-02
1.168321506597751068e+03	2.526790267190393013e-01	1.639267630588975844e-01	2.541016053071596947e-01	1.519804372596298692e-01	7.175021624847667534e-02	2.935997727478349001e-02	7.620197413177588752e-02
1.170740391704578315e+03	2.523333701666777840e-01	1.636969979512935824e-01	2.543500138290545332e-01	1.521252706877522509e-01	7.180231979180980162e-02	2.939656137029341212e-02	7.629546620288120418e-02
1.173159276811406244e+03	2.519887458281678261e-01	1.634678282599072718e-01	2.545976870380715074e-01	1.522697088949955813e-01	7.185426373276194989e-02	2.943306441512890878e-02	7.638870183072941911e-02
1.175578161918233945e+03	2.516451503848645133e-01	1.632392526423300794e-01	2.548446269894695249e-01	1.524137530685372721e-01	7.190604874269967972e-02	2.946948645810638576e-02	7.648168171375512026e-02
1.177997047025061647e+03	2.513025805304666682e-01	1.630112697576089342e-01	2.550908357330896603e-01	1.525574043905745802e-01	7.195767548887647969e-02	2.950582754972980865e-02	7.657440654941631564e-02
1.180415932131889122e+03	2.509610329709599519e-01	1.627838782662586192e-01	2.553363153133691998e-01	1.527006640383732350e-01	7.200914463446622671e-02	2.954208774216746450e-02	7.666687703416769084e-02
1.182834817238716823e+03	2.506205044245591318e-01	1.625570768302740943e-01	2.555810677693544641e-01	1.528435331843148171e-01	7.206045683859627071e-02	2.957826708922898368e-02	7.675909386343458818e-02
1.185253702345544298e+03	2.502809916216512387e-01	1.623308641131424868e-01	2.558250951347145197e-01	1.529860129959433879e-01	7.211161275638017232e-02	2.961436564634262192e-02	7.685105773158787401e-02
1.187672587452371999e+03	2.499424913047389452e-01	1.621052387798552208e-01	2.560683994377545014e-01	1.531281046360111753e-01	7.216261303895023238e-02	2.965038347053275750e-02	7.694276933191952772e-02
1.190091472559199701e+03	2.496050002283842772e-01	1.618801994969196190e-01	2.563109827014286579e-01	1.532698092625233988e-01	7.221345833348963295e-02	2.968632062039765554e-02	7.703422935661917437e-02
1.192510357666027403e+03	2.492685151591527426e-01	1.616557449323707263e-01	2.565528469433536740e-01	1.534111280287823176e-01	7.226414928326430065e-02	2.972217715608746133e-02	7.712543849675118635e-02
1.194929242772855105e+03	2.489330328755577360e-01	1.614318737557827454e-01	2.567939941758219935e-01	1.535520620834302796e-01	7.231468652765458971e-02	2.975795313928244340e-02	7.721639744223264545e-02
1.197348127879682352e+03	2.485985501680053611e-01	1.612085846382804166e-01	2.570344264058147532e-01	1.536926125704921042e-01	7.236507070218643756e-02	2.979364863317145867e-02	7.730710688181198498e-02
1.199767012986510281e+03	2.482650638387394471e-01	1.609858762525502029e-01	2.572741456350147171e-01	1.538327806294166600e-01	7.241530243856247884e-02	2.982926370243065006e-02	7.739756750304838118e-02
1.202185898093337983e+03	2.479325707017870639e-01	1.607637472728513928e-01	2.575131538598197101e-01	1.539725673951175544e-01	7.246538236469275696e-02	2.986479841320239387e-02	7.748777999229178315e-02
1.204604783200165684e+03	2.476010675829042607e-01	1.605421963750269798e-01	2.577514530713550522e-01	1.541119739980132131e-01	7.251531110472513031e-02	2.990025283307445533e-02	7.757774503466358107e-02
1.207023668306993159e+03	2.472705513195221638e-01	1.603212222365145156e-01	2.579890452554870484e-01	1.542510015640660703e-01	7.256508927907548423e-02	2.993562703105937667e-02	7.766746331403803771e-02
1.209442553413820860e+03	2.469410187606934370e-01	1.601008235363567678e-01	2.582259323928353112e-01	1.543896512148213163e-01	7.261471750445752660e-02	2.997092107757409751e-02	7.775693551302423345e-02
1.211861438520648335e+03	2.466124667670389903e-01	1.598809989552121280e-01	2.584621164587860842e-01	1.545279240674444776e-01	7.266419639391252794e-02	3.000613504441978358e-02	7.784616231294869126e-02
1.214280323627476264e+03	2.462848922106951055e-01	1.596617471753649931e-01	2.586975994235048426e-01	1.546658212347587491e-01	7.271352655683856192e-02	3.004126900476188425e-02	7.793514439383864012e-02
1.216699208734303511e+03	2.459582919752606733e-01	1.594430668807361451e-01	2.589323832519487278e-01	1.548033438252814920e-01	7.276270859901962096e-02	3.007632303311040187e-02	7.802388243440572246e-02
1.219118093841131440e+03	2.456326629557450680e-01	1.592249567568926605e-01	2.591664699038798703e-01	1.549404929432599554e-01	7.281174312265439874e-02	3.011129720530037607e-02	7.811237711203045109e-02
1.221536978947959142e+03	2.453080020585161336e-01	1.590074154910579574e-01	2.593998613338776571e-01	1.550772696887065816e-01	7.286063072638482296e-02	3.014619159847259020e-02	7.820062910274711010e-02
1.223955864054786844e+03	2.449843062012484196e-01	1.587904417721215933e-01	2.596325594913512780e-01	1.552136751574334506e-01	7.290937200532439377e-02	3.018100629105447547e-02	7.828863908122922488e-02
1.226374749161614318e+03	2.446615723128718889e-01	1.585740342906490075e-01	2.598645663205527701e-01	1.553497104410863361e-01	7.295796755108614751e-02	3.021574136274121983e-02	7.837640772077554552e-02
1.228793634268442020e+03	2.443397973335207640e-01	1.583581917388910132e-01	2.600958837605890084e-01	1.554853766271779569e-01	7.300641795181042615e-02	3.025039689447711275e-02	7.846393569329659923e-02
1.231212519375269494e+03	2.440189782144829012e-01	1.581429128107933457e-01	2.603265137454346401e-01	1.556206747991208950e-01	7.305472379219239698e-02	3.028497296843705305e-02	7.855122366930165911e-02
1.233631404482097196e+03	2.436991119181491916e-01	1.579281962020058494e-01	2.605564582039443522e-01	1.557556060362596251e-01	7.310288565350936407e-02	3.031946966800829965e-02	7.863827231788626804e-02
1.236050289588924898e+03	2.433801954179634908e-01	1.577140406098917202e-01	2.607857190598651953e-01	1.558901714139022954e-01	7.315090411364767731e-02	3.035388707777237488e-02	7.872508230672019269e-02
1.238469174695752372e+03	2.430622256983727414e-01	1.575004447335365265e-01	2.610142982318493510e-01	1.560243720033516468e-01	7.319877974712954427e-02	3.038822528348721422e-02	7.881165430203591893e-02
1.240888059802580301e+03	2.427451997547773743e-01	1.572874072737571460e-01	2.612421976334661777e-01	1.561582088719357386e-01	7.324651312513957846e-02	3.042248437206948597e-02	7.889798896861745237e-02
1.243306944909407548e+03	2.424291145934819591e-01	1.570749269331105924e-01	2.614694191732145900e-01	1.562916830830379800e-01	7.329410481555104218e-02	3.045666443157710526e-02	7.898408696978972965e-02
1.245725830016235477e+03	2.421139672316463265e-01	1.568630024159025915e-01	2.616959647545353818e-01	1.564247956961265229e-01	7.334155538295192289e-02	3.049076555119194232e-02	7.906994896740829337e-02
1.248144715123063179e+03	2.417997546972368295e-01	1.566516324281962969e-01	2.619218362758235497e-01	1.565575477667834337e-01	7.338886538867064879e-02	3.052478782120273196e-02	7.915557562184952212e-02
1.250563600229890881e+03	2.414864740289778267e-01	1.564408156778206160e-01	2.621470356304403393e-01	1.566899403467331420e-01	7.343603539080179043e-02	3.055873133298814964e-02	7.924096759200116580e-02
1.252982485336718355e+03	2.411741222763036652e-01	1.562305508743784821e-01	2.623715647067255685e-01	1.568219744838705854e-01	7.348306594423124893e-02	3.059259617900009220e-02	7.932612553525331123e-02
1.255401370443546057e+03	2.408626964993106911e-01	1.560208367292552356e-01	2.625954253880098399e-01	1.569536512222888258e-01	7.352995760066148578e-02	3.062638245274713553e-02	7.941105010748977788e-02
1.257820255550373531e+03	2.405521937687097600e-01	1.558116719556265073e-01	2.628186195526264202e-01	1.570849716023060838e-01	7.357671090863625307e-02	3.066009024877817957e-02	7.949574196307979124e-02
1.260239140657201460e+03	2.402426111657788577e-01	1.556030552684663226e-01	2.630411490739233971e-01	1.572159366604926334e-01	7.362332641356543472e-02	3.069371966266625992e-02	7.958020175487010017e-02
1.262658025764028707e+03	2.399339457823160826e-01	1.553949853845547902e-01	2.632630158202759474e-01	1.573465474296969480e-01	7.366980465774930487e-02	3.072727079099254674e-02	7.966443013417741359e-02
1.265076910870856636e+03	2.396261947205929610e-01	1.551874610224859563e-01	2.634842216550981608e-01	1.574768049390715963e-01	7.371614618040277234e-02	3.076074373133053791e-02	7.974842775078114232e-02
1.267495795977684338e+03	2.393193550933077618e-01	1.549804809026753827e-01	2.637047684368549194e-01	1.576067102140986664e-01	7.376235151767943088e-02	3.079413858223039105e-02	7.983219525291659902e-02
1.269914681084511813e+03	2.390134240235393948e-01	1.547740437473676955e-01	2.639246580190741098e-01	1.577362642766148570e-01	7.380842120269527629e-02	3.082745544320346365e-02	7.991573328726839232e-02
1.272333566191339514e+03	2.387083986447014194e-01	1.545681482806438301e-01	2.641438922503584474e-01	1.578654681448360686e-01	7.385435576555220150e-02	3.086069441470699545e-02	7.999904249896420960e-02
1.274752451298167216e+03	2.384042761004963040e-01	1.543627932284285520e-01	2.643624729743973556e-01	1.579943228333816341e-01	7.390015573336146393e-02	3.089385559812897822e-02	8.008212353156889118e-02
1.277171336404994690e+03	2.381010535448700727e-01	1.541579773184973967e-01	2.645804020299787895e-01	1.581228293532982443e-01	7.394582163026669486e-02	3.092693909577320238e-02	8.016497702707878203e-02
1.279590221511822392e+03	2.377987281419670085e-01	1.539536992804838578e-01	2.647976812510011713e-01	1.582509887120834569e-01	7.399135397746686715e-02	3.095994501084443906e-02	8.024760362591643048e-02
1.282009106618650094e+03	2.374972970660847449e-01	1.537499578458862981e-01	2.650143124664851024e-01	1.583788019137087888e-01	7.403675329323898546e-02	3.099287344743380940e-02	8.033000396692555056e-02
1.284427991725477568e+03	2.371967575016296348e-01	1.535467517480748056e-01	2.652302975005851327e-01	1.585062699586425594e-01	7.408202009296062374e-02	3.102572451050432736e-02	8.041217868736623420e-02
1.286846876832305497e+03	2.368971066430723138e-01	1.533440797222979379e-01	2.654456381726014724e-01	1.586333938438723445e-01	7.412715488913221296e-02	3.105849830587655361e-02	8.049412842291044090e-02
1.289265761939132744e+03	2.365983416949035134e-01	1.531419405056893557e-01	2.656603362969919280e-01	1.587601745629270422e-01	7.417215819139913457e-02	3.109119494021448174e-02	8.057585380763779281e-02
1.291684647045960673e+03	2.363004598715901516e-01	1.529403328372744009e-01	2.658743936833834476e-01	1.588866131058986331e-01	7.421703050657357803e-02	3.112381452101151830e-02	8.065735547403155015e-02
1.294103532152788375e+03	2.360034583975316735e-01	1.527392554579763695e-01	2.660878121365836679e-01	1.590127104594637186e-01	7.426177233865631500e-02	3.115635715657665700e-02	8.073863405297490581e-02
1.296522417259616077e+03	2.357073345070165027e-01	1.525387071106230341e-01	2.663005934565927380e-01	1.591384676069045323e-01	7.430638418885818219e-02	3.118882295602078830e-02	8.081969017374751596e-02
1.298941302366443551e+03	2.354120854441790756e-01	1.523386865399527501e-01	2.665127394386147541e-01	1.592638855281299226e-01	7.435086655562138380e-02	3.122121202924317204e-02	8.090052446402222486e-02
1.301360187473271253e+03	2.351177084629567371e-01	1.521391924926206174e-01	2.667242518730695289e-01	1.593889651996957257e-01	7.439521993464058569e-02	3.125352448691806617e-02	8.098113754986199786e-02
1.303779072580098727e+03	2.348242008270471359e-01	1.519402237172044756e-01	2.669351325456040258e-01	1.595137075948250827e-01	7.443944481888391251e-02	3.128576044048146654e-02	8.106153005571718750e-02
1.306197957686926657e+03	2.345315598098655641e-01	1.517417789642108716e-01	2.671453832371037951e-01	1.596381136834283954e-01	7.448354169861365337e-02	3.131792000211807564e-02	8.114170260442291061e-02
1.308616842793753904e+03	2.342397826945030459e-01	1.515438569860808327e-01	2.673550057237046862e-01	1.597621844321229223e-01	7.452751106140680093e-02	3.135000328474832343e-02	8.122165581719666128e-02
1.311035727900581833e+03	2.339488667736840111e-01	1.513464565371956672e-01	2.675640017768041723e-01	1.598859208042522073e-01	7.457135339217546566e-02	3.138201040201561015e-02	8.130139031363614599e-02
1.313454613007409534e+03	2.336588093497247998e-01	1.511495763738825715e-01	2.677723731630727855e-01	1.600093237599052032e-01	7.461506917318702636e-02	3.141394146827364287e-02	8.138090671171731294e-02
1.315873498114237009e+03	2.333696077344920572e-01	1.509532152544200700e-01	2.679801216444656076e-01	1.601323942559349789e-01	7.465865888408415585e-02	3.144579659857393850e-02	8.146020562779258956e-02
1.318292383221064711e+03	2.330812592493612945e-01	1.507573719390437050e-01	2.681872489782335944e-01	1.602551332459774824e-01	7.470212300190466614e-02	3.147757590865345872e-02	8.153928767658925880e-02
1.320711268327892412e+03	2.327937612251760324e-01	1.505620451899510326e-01	2.683937569169350112e-01	1.603775416804697762e-01	7.474546200110111782e-02	3.150927951492239754e-02	8.161815347120808528e-02
1.323130153434719887e+03	2.325071110022068344e-01	1.503672337713072293e-01	2.685996472084468123e-01	1.604996205066681614e-01	7.478867635356030441e-02	3.154090753445209366e-02	8.169680362312203847e-02
1.325549038541547588e+03	2.322213059301107274e-01	1.501729364492500052e-01	2.688049215959757987e-01	1.606213706686659970e-01	7.483176652862259803e-02	3.157246008496307488e-02	8.177523874217529354e-02
1.327967923648375290e+03	2.319363433678907904e-01	1.499791519918948768e-01	2.690095818180700538e-01	1.607427931074112692e-01	7.487473299310101749e-02	3.160393728481326187e-02	8.185345943658225987e-02
1.330386808755202765e+03	2.316522206838560471e-01	1.497858791693399694e-01	2.692136296086302116e-01	1.608638887607239665e-01	7.491757621130021305e-02	3.163533925298626925e-02	8.193146631292692883e-02
1.332805693862030694e+03	2.313689352555813594e-01	1.495931167536710127e-01	2.694170666969205041e-01	1.609846585633133431e-01	7.496029664503525702e-02	3.166666610907987317e-02	8.200925997616227703e-02
1.335224578968857941e+03	2.310864844698678477e-01	1.494008635189661982e-01	2.696198948075802515e-01	1.611051034467946286e-01	7.500289475365026770e-02	3.169791797329458288e-02	8.208684102960983608e-02
1.337643464075685870e+03	2.308048657227034228e-01	1.492091182413007866e-01	2.698221156606347981e-01	1.612252243397059026e-01	7.504537099403679745e-02	3.172909496642237898e-02	8.216421007495944284e-02
1.340062349182513572e+03	2.305240764192232616e-01	1.490178796987517706e-01	2.700237309715070588e-01	1.613450221675245544e-01	7.508772582065223467e-02	3.176019720983554867e-02	8.224136771226915610e-02
1.342481234289341273e+03	2.302441139736709219e-01	1.488271466714024549e-01	2.702247424510281215e-01	1.614644978526834085e-01	7.512995968553785875e-02	3.179122482547562523e-02	8.231831453996520109e-02
1.344900119396168748e+03	2.299649758093593732e-01	1.486369179413468689e-01	2.704251518054489045e-01	1.615836523145870174e-01	7.517207303833679799e-02	3.182217793584252857e-02	8.239505115484217768e-02
1.347319004502996449e+03	2.296866593586323890e-01	1.484471922926942078e-01	2.706249607364509258e-01	1.617024864696273156e-01	7.521406632631183475e-02	3.185305666398374758e-02	8.247157815206333786e-02
1.349737889609823924e+03	2.294091620628259942e-01	1.482579685115729962e-01	2.708241709411574605e-01	1.618210012311994961e-01	7.525593999436308579e-02	3.188386113348371659e-02	8.254789612516104380e-02
1.352156774716651853e+03	2.291324813722304121e-01	1.480692453861355284e-01	2.710227841121446435e-01	1.619391975097173031e-01	7.529769448504548823e-02	3.191459146845324751e-02	8.262400566603725349e-02
1.354575659823479100e+03	2.288566147460518729e-01	1.478810217065617272e-01	2.712208019374524048e-01	1.620570762126284647e-01	7.533933023858606359e-02	3.194524779351914923e-02	8.269990736496424244e-02
1.356994544930307029e+03	2.285815596523748106e-01	1.476932962650633341e-01	2.714182261005955166e-01	1.621746382444297918e-01	7.538084769290118170e-02	3.197583023381389555e-02	8.277560181058536692e-02
1.359413430037134731e+03	2.283073135681242261e-01	1.475060678558878513e-01	2.716150582805748059e-01	1.622918845066820270e-01	7.542224728361356101e-02	3.200633891496548061e-02	8.285108958991596606e-02
1.361832315143962205e+03	2.280338739790283842e-01	1.473193352753224272e-01	2.718113001518876470e-01	1.624088158980246388e-01	7.546352944406910235e-02	3.203677396308735048e-02	8.292637128834437488e-02
1.364251200250789907e+03	2.277612383795813433e-01	1.471330973216976590e-01	2.720069533845392296e-01	1.625254333141904206e-01	7.550469460535365329e-02	3.206713550476844588e-02	8.300144748963307617e-02
1.366670085357617609e+03	2.274894042730062627e-01	1.469473527953912839e-01	2.722020196440535500e-01	1.626417376480198684e-01	7.554574319630963375e-02	3.209742366706336975e-02	8.307631877591989400e-02
1.369088970464445310e+03	2.272183691712182929e-01	1.467621004988317879e-01	2.723965005914839588e-01	1.627577297894754194e-01	7.558667564355234236e-02	3.212763857748270752e-02	8.315098572771933982e-02
1.371507855571272785e+03	2.269481305947881056e-01	1.465773392365021521e-01	2.725903978834242625e-01	1.628734106256555514e-01	7.562749237148636006e-02	3.215778036398336814e-02	8.322544892392405580e-02
1.373926740678100487e+03	2.266786860729053943e-01	1.463930678149431841e-01	2.727837131720196040e-01	1.629887810408086612e-01	7.566819380232160663e-02	3.218784915495913335e-02	8.329970894180629970e-02
1.376345625784927961e+03	2.264100331433426261e-01	1.462092850427569313e-01	2.729764481049771208e-01	1.631038419163468867e-01	7.570878035608942513e-02	3.221784507923126234e-02	8.337376635701958250e-02
1.378764510891755890e+03	2.261421693524190979e-01	1.460259897306100951e-01	2.731686043255769913e-01	1.632185941308597343e-01	7.574925245065836088e-02	3.224776826603920760e-02	8.344762174360038920e-02
1.381183395998583137e+03	2.258750922549649931e-01	1.458431806912372508e-01	2.733601834726829272e-01	1.633330385601273471e-01	7.578961050174991276e-02	3.227761884503146245e-02	8.352127567396998298e-02
1.383602281105411066e+03	2.256087994142857156e-01	1.456608567394440945e-01	2.735511871807531636e-01	1.634471760771341042e-01	7.582985492295410412e-02	3.230739694625647807e-02	8.359472871893625090e-02
1.386021166212238768e+03	2.253432884021265292e-01	1.454790166921104411e-01	2.737416170798509518e-01	1.635610075520815554e-01	7.586998612574497036e-02	3.233710270015371924e-02	8.366798144769568846e-02
1.388440051319066470e+03	2.250785567986370861e-01	1.452976593681934159e-01	2.739314747956557161e-01	1.636745338524015492e-01	7.591000451949578287e-02	3.236673623754483115e-02	8.374103442783545348e-02
1.390858936425893944e+03	2.248146021923365379e-01	1.451167835887303414e-01	2.741207619494733239e-01	1.637877558427690838e-01	7.594991051149427297e-02	3.239629768962484779e-02	8.381388822533542005e-02
1.393277821532721646e+03	2.245514221800784249e-01	1.449363881768416795e-01	2.743094801582467990e-01	1.639006743851151027e-01	7.598970450695767542e-02	3.242578718795359471e-02	8.388654340457048220e-02
1.395696706639549120e+03	2.242890143670161485e-01	1.447564719577338066e-01	2.744976310345673132e-01	1.640132903386390950e-01	7.602938690904759156e-02	3.245520486444710556e-02	8.395900052831271887e-02
1.398115591746377049e+03	2.240273763665682483e-01	1.445770337587018728e-01	2.746852161866844000e-01	1.641256045598215030e-01	7.606895811888482462e-02	3.248455085136921217e-02	8.403126015773379476e-02
1.400534476853204296e+03	2.237665058003841523e-01	1.443980724091323553e-01	2.748722372185167240e-01	1.642376179024361837e-01	7.610841853556395142e-02	3.251382528132314154e-02	8.410332285240734729e-02
1.402953361960032225e+03	2.235064002983099540e-01	1.442195867405058340e-01	2.750586957296628499e-01	1.643493312175625665e-01	7.614776855616790796e-02	3.254302828724332797e-02	8.417518917031144299e-02
1.405372247066859927e+03	2.232470574983544120e-01	1.440415755863994340e-01	2.752445933154115676e-01	1.644607453535977815e-01	7.618700857578232510e-02	3.257216000238724596e-02	8.424685966783110325e-02
1.407791132173687402e+03	2.229884750466551435e-01	1.438640377824893790e-01	2.754299315667524950e-01	1.645718611562687062e-01	7.622613898750983663e-02	3.260122056032731946e-02	8.431833489976096885e-02
1.410210017280515103e+03	2.227306505974449291e-01	1.436869721665534061e-01	2.756147120703867359e-01	1.646826794686437889e-01	7.626516018248416517e-02	3.263021009494299768e-02	8.438961541930783961e-02
1.412628902387342805e+03	2.224735818130182952e-01	1.435103775784730695e-01	2.757989364087372053e-01	1.647932011311447620e-01	7.630407254988420818e-02	3.265912874041287245e-02	8.446070177809347768e-02
1.415047787494170507e+03	2.222172663636982348e-01	1.433342528602360999e-01	2.759826061599591762e-01	1.649034269815582432e-01	7.634287647694788792e-02	3.268797663120691366e-02	8.453159452615736924e-02
1.417466672600997981e+03	2.219617019278029846e-01	1.431585968559385968e-01	2.761657228979507717e-01	1.650133578550474212e-01	7.638157234898587666e-02	3.271675390207878092e-02	8.460229421195947230e-02
1.419885557707825683e+03	2.217068861916131894e-01	1.429834084117871662e-01	2.763482881923634560e-01	1.651229945841633795e-01	7.642016054939534953e-02	3.274546068805822552e-02	8.467280138238320042e-02
1.422304442814653157e+03	2.214528168493390126e-01	1.428086863761010850e-01	2.765303036086123045e-01	1.652323379988563379e-01	7.645864145967341818e-02	3.277409712444361023e-02	8.474311658273825376e-02
1.424723327921481086e+03	2.211994916030876890e-01	1.426344295993142164e-01	2.767117707078865507e-01	1.653413889264869485e-01	7.649701545943062009e-02	3.280266334679445700e-02	8.481324035676361672e-02
1.427142213028308333e+03	2.209469081628308573e-01	1.424606369339771472e-01	2.768926910471598002e-01	1.654501481918373151e-01	7.653528292640418562e-02	3.283115949092416802e-02	8.488317324663062491e-02
1.429561098135136262e+03	2.206950642463724743e-01	1.422873072347589640e-01	2.770730661792006888e-01	1.655586166171220952e-01	7.657344423647122200e-02	3.285958569289276071e-02	8.495291579294593498e-02
1.431979983241963964e+03	2.204439575793165906e-01	1.421144393584491961e-01	2.772528976525829858e-01	1.656667950219992691e-01	7.661149976366174452e-02	3.288794208899974147e-02	8.502246853475474431e-02
1.434398868348791666e+03	2.201935858950355429e-01	1.419420321639594529e-01	2.774321870116957522e-01	1.657746842235809925e-01	7.664944988017169392e-02	3.291622881577700721e-02	8.509183200954383020e-02
1.436817753455619140e+03	2.199439469346380627e-01	1.417700845123253672e-01	2.776109357967541102e-01	1.658822850364443102e-01	7.668729495637571780e-02	3.294444600998188560e-02	8.516100675324482505e-02
1.439236638562446842e+03	2.196950384469377182e-01	1.415985952667080938e-01	2.777891455438091239e-01	1.659895982726417585e-01	7.672503536083996600e-02	3.297259380859024480e-02	8.522999330023742215e-02
1.441655523669274316e+03	2.194468581884214398e-01	1.414275632923960024e-01	2.779668177847581800e-01	1.660966247417118014e-01	7.676267146033464994e-02	3.300067234878965861e-02	8.529879218335258140e-02
1.444074408776102018e+03	2.191994039232182390e-01	1.412569874568061212e-01	2.781439540473553129e-01	1.662033652506894055e-01	7.680020361984656041e-02	3.302868176797268962e-02	8.536740393387592940e-02
1.446493293882929493e+03	2.189526734230681504e-01	1.410868666294858298e-01	2.783205558552213077e-01	1.663098206041161709e-01	7.683763220259150206e-02	3.305662220373021404e-02	8.543582908155103461e-02
1.448912178989757422e+03	2.187066644672911175e-01	1.409171996821141082e-01	2.784966247278540252e-01	1.664159916040507114e-01	7.687495757002658914e-02	3.308449379384489908e-02	8.550406815458280740e-02
1.451331064096585123e+03	2.184613748427562951e-01	1.407479854885029524e-01	2.786721621806382831e-01	1.665218790500787582e-01	7.691218008186237465e-02	3.311229667628466655e-02	8.557212167964085847e-02
1.453749949203412370e+03	2.182168023438514348e-01	1.405792229245987346e-01	2.788471697248565140e-01	1.666274837393232622e-01	7.694930009607499344e-02	3.314003098919629520e-02	8.563999018186299605e-02
1.456168834310240300e+03	2.179729447724522429e-01	1.404109108684835072e-01	2.790216488676984241e-01	1.667328064664542753e-01	7.698631796891811097e-02	3.316769687089907853e-02	8.570767418485865374e-02
1.458587719417068001e+03	2.177297999378920990e-01	1.402430482003761414e-01	2.791956011122712633e-01	1.668378480236990258e-01	7.702323405493481656e-02	3.319529445987857985e-02	8.577517421071237380e-02
1.461006604523895703e+03	2.174873656569320524e-01	1.400756338026334646e-01	2.793690279576100388e-01	1.669426092008515494e-01	7.706004870696939180e-02	3.322282389478043579e-02	8.584249077998734601e-02
1.463425489630723177e+03	2.172456397537304851e-01	1.399086665597514823e-01	2.795419308986876183e-01	1.670470907852825426e-01	7.709676227617894007e-02	3.325028531440426399e-02	8.590962441172894648e-02
1.465844374737550879e+03	2.170046200598134689e-01	1.397421453583662376e-01	2.797143114264245556e-01	1.671512935619490214e-01	7.713337511204507169e-02	3.327767885769761236e-02	8.597657562346834592e-02
1.468263259844378354e+03	2.167643044140449005e-01	1.395760690872550336e-01	2.798861710276992487e-01	1.672552183134038972e-01	7.716988756238522817e-02	3.330500466375000551e-02	8.604334493122603456e-02
1.470682144951206283e+03	2.165246906625970247e-01	1.394104366373371817e-01	2.800575111853580434e-01	1.673588658198054413e-01	7.720629997336415917e-02	3.333226287178706060e-02	8.610993284951547200e-02
1.473101030058033530e+03	2.162857766589208752e-01	1.392452469016750294e-01	2.802283333782251695e-01	1.674622368589267773e-01	7.724261268950516346e-02	3.335945362116468638e-02	8.617633989134677874e-02
1.475519915164861459e+03	2.160475602637171866e-01	1.390804987754746813e-01	2.803986390811125662e-01	1.675653322061651795e-01	7.727882605370127445e-02	3.338657705136333087e-02	8.624256656823031664e-02
1.477938800271689161e+03	2.158100393449070842e-01	1.389161911560868323e-01	2.805684297648302072e-01	1.676681526345514539e-01	7.731494040722633465e-02	3.341363330198227760e-02	8.630861339018040812e-02
1.480357685378516862e+03	2.155732117776031909e-01	1.387523229430075722e-01	2.807377068961956490e-01	1.677706989147590699e-01	7.735095608974601467e-02	3.344062251273408753e-02	8.637448086571904160e-02
1.482776570485344337e+03	2.153370754440807888e-01	1.385888930378789963e-01	2.809064719380441333e-01	1.678729718151133476e-01	7.738687343932867946e-02	3.346754482343906184e-02	8.644016950187961845e-02
