1.001418434226643626e+03	2.792470066018442054e-01	1.812521596187264827e-01	2.350724578166228373e-01	1.409628687011528214e-01	6.773064011270447937e-02	2.665146289297174592e-02	6.908340425573804289e-02
1.003837319333471214e+03	2.788220370676050552e-01	1.809770952174240832e-01	2.353772271985872244e-01	1.411381140089909281e-01	6.779557569607459755e-02	2.669392893564669425e-02	6.919602187543204275e-02
1.006256204440298802e+03	2.783983642449188722e-01	1.807027211314277959e-01	2.356811084693681280e-01	1.413128635565055469e-01	6.786029345958510817e-02	2.673631560988229058e-02	6.930833352807289072e-02
1.008675089547126618e+03	2.779759837018975221e-01	1.804290360373236590e-01	2.359841040752000685e-01	1.414871190831422654e-01	6.792479449178698281e-02	2.677862274848507446e-02	6.942033986192512607e-02
1.011093974653954206e+03	2.775548910254984070e-01	1.801560386106534906e-01	2.362862164559501876e-01	1.416608823157264052e-01	6.798907987310413847e-02	2.682085018897656034e-02	6.953204152985151265e-02
1.013512859760782021e+03	2.771350818214151634e-01	1.798837275259554114e-01	2.365874480451365947e-01	1.418341549686812919e-01	6.805315067590979317e-02	2.686299777353418766e-02	6.964343918912827003e-02
1.015931744867609382e+03	2.767165517139689723e-01	1.796121014568036744e-01	2.368878012699464630e-01	1.420069387442416120e-01	6.811700796460190555e-02	2.690506534893290572e-02	6.975453350126527285e-02
1.018350629974437197e+03	2.762992963460008111e-01	1.793411590758482721e-01	2.371872785512538218e-01	1.421792353326616631e-01	6.818065279567787906e-02	2.694705276648741432e-02	6.986532513183096871e-02
1.020769515081264785e+03	2.758833113787647062e-01	1.790708990548540436e-01	2.374858823036376521e-01	1.423510464124187747e-01	6.824408621780851669e-02	2.698895988199504978e-02	6.997581475028209763e-02
1.023188400188092373e+03	2.754685924918217066e-01	1.788013200647395329e-01	2.377836149353992623e-01	1.425223736504120375e-01	6.830730927191119850e-02	2.703078655567930574e-02	7.008600302979786645e-02
1.025607285294920075e+03	2.750551353829348011e-01	1.785324207756151804e-01	2.380804788485798018e-01	1.426932187021562604e-01	6.837032299122235146e-02	2.707253265213398208e-02	7.019589064711855009e-02
1.028026170401747549e+03	2.746429357679647798e-01	1.782641998568213204e-01	2.383764764389776358e-01	1.428635832119715954e-01	6.843312840136914210e-02	2.711419804026794084e-02	7.030547828238853381e-02
1.030445055508575479e+03	2.742319893807667053e-01	1.779966559769657342e-01	2.386716100961655540e-01	1.430334688131686405e-01	6.849572652044044752e-02	2.715578259325050411e-02	7.041476661900337997e-02
1.032863940615402726e+03	2.738222919730874949e-01	1.777297878039607593e-01	2.389658822035077290e-01	1.432028771282291835e-01	6.855811835905713247e-02	2.719728618845745557e-02	7.052375634346121080e-02
1.035282825722230655e+03	2.734138393144640578e-01	1.774635940050600658e-01	2.392592951381766475e-01	1.433718097689830329e-01	6.862030492044154939e-02	2.723870870741760750e-02	7.063244814521799086e-02
1.037701710829058356e+03	2.730066271921225973e-01	1.771980732468950992e-01	2.395518512711699022e-01	1.435402683367804633e-01	6.868228720048637215e-02	2.728005003576001314e-02	7.074084271654665357e-02
1.040120595935886058e+03	2.726006514108780254e-01	1.769332241955109131e-01	2.398435529673267064e-01	1.437082544226608305e-01	6.874406618782276379e-02	2.732131006316173769e-02	7.084894075240019684e-02
1.042539481042713533e+03	2.721959077930352633e-01	1.766690455164019180e-01	2.401344025853445197e-01	1.438757696075171899e-01	6.880564286388779482e-02	2.736248868329621553e-02	7.095674295027828982e-02
1.044958366149541234e+03	2.717923921782902097e-01	1.764055358745471314e-01	2.404244024777954236e-01	1.440428154622574453e-01	6.886701820299119536e-02	2.740358579378219736e-02	7.106425001009761266e-02
1.047377251256368709e+03	2.713901004236323189e-01	1.761426939344449272e-01	2.407135549911423311e-01	1.442093935479612787e-01	6.892819317238139953e-02	2.744460129613324889e-02	7.117146263406573525e-02
1.049796136363196410e+03	2.709890284032474561e-01	1.758805183601476196e-01	2.410018624657550845e-01	1.443755054160340001e-01	6.898916873231095148e-02	2.748553509570782899e-02	7.127838152655831261e-02
1.052215021470024112e+03	2.705891720084216967e-01	1.756190078152956024e-01	2.412893272359265262e-01	1.445411526083564824e-01	6.904994583610132852e-02	2.752638710165991945e-02	7.138500739399974981e-02
1.054633906576851814e+03	2.701905271474458470e-01	1.753581609631510996e-01	2.415759516298884024e-01	1.447063366574319609e-01	6.911052543020686223e-02	2.756715722689019252e-02	7.149134094474697554e-02
1.057052791683679516e+03	2.697930897455207977e-01	1.750979764666315830e-01	2.418617379698271286e-01	1.448710590865292525e-01	6.917090845427832646e-02	2.760784538799775437e-02	7.159738288897656011e-02
1.059471676790506763e+03	2.693968557446633771e-01	1.748384529883428018e-01	2.421466885718995543e-01	1.450353214098228372e-01	6.923109584122562332e-02	2.764845150523240550e-02	7.170313393857481732e-02
1.061890561897334692e+03	2.690018211036132034e-01	1.745795891906116171e-01	2.424308057462484234e-01	1.451991251325298882e-01	6.929108851727992791e-02	2.768897550244744238e-02	7.180859480703090381e-02
1.064309447004162394e+03	2.686079817977401474e-01	1.743213837355182261e-01	2.427140917970180001e-01	1.453624717510438313e-01	6.935088740205527791e-02	2.772941730705298299e-02	7.191376620933290220e-02
1.066728332110990095e+03	2.682153338189524061e-01	1.740638352849282755e-01	2.429965490223693070e-01	1.455253627530653238e-01	6.941049340860939998e-02	2.776977684996982665e-02	7.201864886186681858e-02
1.069147217217817570e+03	2.678238731756054647e-01	1.738069425005244473e-01	2.432781797144954739e-01	1.456877996177299017e-01	6.946990744350400870e-02	2.781005406558381687e-02	7.212324348231821669e-02
1.071566102324645271e+03	2.674335958924115575e-01	1.735507040438379056e-01	2.435589861596369476e-01	1.458497838157329640e-01	6.952913040686449497e-02	2.785024889170073167e-02	7.222755078957673880e-02
1.073984987431472746e+03	2.670444980103499621e-01	1.732951185762792168e-01	2.438389706380965083e-01	1.460113168094518965e-01	6.958816319243894821e-02	2.789036126950165603e-02	7.233157150364311061e-02
1.076403872538300675e+03	2.666565755865780707e-01	1.730401847591690745e-01	2.441181354242543400e-01	1.461724000530654766e-01	6.964700668765665126e-02	2.793039114349888177e-02	7.243530634553889402e-02
1.078822757645127922e+03	2.662698246943426827e-01	1.727859012537685812e-01	2.443964827865829359e-01	1.463330349926704743e-01	6.970566177368590910e-02	2.797033846149227579e-02	7.253875603721861298e-02
1.081241642751955851e+03	2.658842414228924644e-01	1.725322667213093075e-01	2.446740149876618364e-01	1.464932230663958945e-01	6.976412932549137802e-02	2.801020317452616870e-02	7.264192130148440507e-02
1.083660527858783553e+03	2.654998218773910734e-01	1.722792798230230460e-01	2.449507342841925339e-01	1.466529657045144153e-01	6.982241021189075636e-02	2.804998523684670148e-02	7.274480286190300460e-02
1.086079412965611255e+03	2.651165621788302285e-01	1.720269392201710101e-01	2.452266429270129888e-01	1.468122643295515783e-01	6.988050529561092017e-02	2.808968460585966817e-02	7.284740144272515427e-02
1.088498298072438729e+03	2.647344584639443887e-01	1.717752435740730610e-01	2.455017431611122569e-01	1.469711203563923707e-01	6.993841543334348987e-02	2.812930124208880972e-02	7.294971776880714021e-02
1.090917183179266431e+03	2.643535068851254888e-01	1.715241915461364064e-01	2.457760372256450054e-01	1.471295351923855299e-01	6.999614147579981405e-02	2.816883510913461425e-02	7.305175256553467222e-02
1.093336068286093905e+03	2.639737036103383394e-01	1.712737817978839117e-01	2.460495273539459460e-01	1.472875102374455736e-01	7.005368426776546753e-02	2.820828617363354412e-02	7.315350655874877650e-02
1.095754953392921607e+03	2.635950448230369170e-01	1.710240129909823270e-01	2.463222157735441564e-01	1.474450468841525530e-01	7.011104464815408333e-02	2.824765440521774182e-02	7.325498047467389473e-02
1.098173838499749309e+03	2.632175267220807080e-01	1.707748837872701542e-01	2.465941047061772640e-01	1.476021465178495307e-01	7.016822345006076822e-02	2.828693977647518676e-02	7.335617503984805110e-02
1.100592723606577010e+03	2.628411455216527748e-01	1.705263928487850134e-01	2.468651963678059058e-01	1.477588105167380872e-01	7.022522150081488002e-02	2.832614226291029630e-02	7.345709098105480950e-02
1.103011608713404712e+03	2.624658974511769327e-01	1.702785388377909548e-01	2.471354929686275237e-01	1.479150402519717189e-01	7.028203962203231903e-02	2.836526184290497771e-02	7.355772902525742341e-02
1.105430493820231959e+03	2.620917787552367595e-01	1.700313204168052705e-01	2.474049967130906857e-01	1.480708370877469870e-01	7.033867862966730611e-02	2.840429849768011383e-02	7.365808989953467889e-02
1.107849378927059888e+03	2.617187856934947709e-01	1.697847362486253064e-01	2.476737097999089920e-01	1.482262023813929464e-01	7.039513933406359170e-02	2.844325221125748940e-02	7.375817433101874987e-02
1.110268264033887590e+03	2.613469145406118743e-01	1.695387849963545246e-01	2.479416344220750079e-01	1.483811374834585195e-01	7.045142254000520687e-02	2.848212297042213362e-02	7.385798304683462157e-02
1.112687149140715292e+03	2.609761615861678763e-01	1.692934653234287323e-01	2.482087727668741417e-01	1.485356437377979288e-01	7.050752904676658994e-02	2.852091076468510344e-02	7.395751677404148461e-02
1.115106034247542766e+03	2.606065231345824351e-01	1.690487758936417562e-01	2.484751270158984393e-01	1.486897224816544072e-01	7.056345964816240768e-02	2.855961558624668661e-02	7.405677623957571121e-02
1.117524919354370468e+03	2.602379955050362903e-01	1.688047153711708936e-01	2.487406993450603510e-01	1.488433750457420768e-01	7.061921513259666883e-02	2.859823742996001061e-02	7.415576217019549665e-02
1.119943804461197942e+03	2.598705750313936580e-01	1.685612824206021432e-01	2.490054919246063592e-01	1.489966027543259686e-01	7.067479628311149065e-02	2.863677629329506452e-02	7.425447529242715228e-02
1.122362689568025871e+03	2.595042580621244044e-01	1.683184757069550452e-01	2.492695069191306345e-01	1.491494069253004873e-01	7.073020387743526871e-02	2.867523217630313370e-02	7.435291633251291110e-02
1.124781574674853118e+03	2.591390409602274403e-01	1.680762938957073016e-01	2.495327464875886914e-01	1.493017888702660723e-01	7.078543868803040262e-02	2.871360508158164390e-02	7.445108601636037104e-02
1.127200459781681047e+03	2.587749201031543933e-01	1.678347356528191447e-01	2.497952127833107105e-01	1.494537498946043597e-01	7.084050148214059150e-02	2.875189501423938351e-02	7.454898506949331205e-02
1.129619344888508749e+03	2.584118918827337796e-01	1.675937996447575407e-01	2.500569079540151396e-01	1.496052912975516791e-01	7.089539302183760217e-02	2.879010198186213523e-02	7.464661421700402588e-02
1.132038229995336451e+03	2.580499527050958419e-01	1.673534845385197256e-01	2.503178341418221264e-01	1.497564143722708574e-01	7.095011406406756538e-02	2.882822599447869630e-02	7.474397418350710309e-02
1.134457115102163925e+03	2.576890989905977203e-01	1.671137890016569649e-01	2.505779934832667033e-01	1.499071204059218565e-01	7.100466536069681422e-02	2.886626706452728036e-02	7.484106569309448287e-02
1.136876000208991627e+03	2.573293271737495669e-01	1.668747117022978121e-01	2.508373881093122759e-01	1.500574106797306351e-01	7.105904765855730609e-02	2.890422520682230101e-02	7.493788946929198780e-02
1.139294885315819101e+03	2.569706337031404386e-01	1.666362513091710074e-01	2.510960201453638629e-01	1.502072864690566500e-01	7.111326169949147569e-02	2.894210043852154038e-02	7.503444623501702437e-02
1.141713770422646803e+03	2.566130150413655775e-01	1.663984064916282646e-01	2.513538917112809745e-01	1.503567490434590814e-01	7.116730822039681048e-02	2.897989277909366126e-02	7.513073671253772678e-02
1.144132655529474505e+03	2.562564676649536355e-01	1.661611759196668370e-01	2.516110049213911570e-01	1.505057996667614195e-01	7.122118795326978780e-02	2.901760225028614595e-02	7.522676162343315542e-02
1.146551540636302207e+03	2.559009880642946211e-01	1.659245582639516936e-01	2.518673618845029827e-01	1.506544395971150252e-01	7.127490162524952044e-02	2.905522887609353691e-02	7.532252168855485541e-02
1.148970425743129908e+03	2.555465727435681234e-01	1.656885521958375573e-01	2.521229647039189836e-01	1.508026700870610526e-01	7.132844995866094440e-02	2.909277268272607991e-02	7.541801762798952535e-02
1.151389310849957155e+03	2.551932182206724797e-01	1.654531563873905542e-01	2.523778154774487525e-01	1.509504923835914558e-01	7.138183367105743748e-02	2.913023369857870720e-02	7.551325016102286569e-02
1.153808195956785084e+03	2.548409210271537773e-01	1.652183695114098072e-01	2.526319162974220434e-01	1.510979077282084693e-01	7.143505347526322991e-02	2.916761195420038144e-02	7.560822000610448179e-02
1.156227081063612786e+03	2.544896777081361861e-01	1.649841902414486416e-01	2.528852692507014832e-01	1.512449173569830052e-01	7.148811007941517637e-02	2.920490748226378316e-02	7.570292788081396662e-02
1.158645966170440488e+03	2.541394848222519043e-01	1.647506172518355405e-01	2.531378764186955066e-01	1.513915225006117471e-01	7.154100418700427844e-02	2.924212031753535210e-02	7.579737450182794101e-02
1.161064851277267962e+03	2.537903389415722133e-01	1.645176492176949057e-01	2.533897398773712339e-01	1.515377243844732991e-01	7.159373649691667951e-02	2.927925049684566156e-02	7.589156058488827350e-02
1.163483736384095664e+03	2.534422366515385883e-01	1.642852848149676803e-01	2.536408616972672947e-01	1.516835242286830310e-01	7.164630770347436839e-02	2.931629805906013284e-02	7.598548684477116066e-02
1.165902621490923138e+03	2.530951745508948636e-01	1.640535227204314717e-01	2.538912439435065393e-01	1.518289232481468687e-01	7.169871849647527218e-02	2.935326304505008616e-02	7.607915399525719269e-02
1.168321506597751068e+03	2.527491492516189542e-01	1.638223616117207015e-01	2.541408886758087515e-01	1.519739226526139464e-01	7.175096956123323821e-02	2.939014549766413159e-02	7.617256274910254310e-02
1.170740391704578315e+03	2.524041573788560755e-01	1.635918001673463962e-01	2.543897979485033045e-01	1.521185236467284541e-01	7.180306157861729432e-02	2.942694546169986533e-02	7.626571381801086624e-02
1.173159276811406244e+03	2.520601955708516306e-01	1.633618370667156983e-01	2.546379738105419843e-01	1.522627274300800693e-01	7.185499522509082582e-02	2.946366298387591634e-02	7.635860791260626335e-02
1.175578161918233945e+03	2.517172604788845969e-01	1.631324709901513237e-01	2.548854183055113132e-01	1.524065351972537508e-01	7.190677117275010022e-02	2.950029811280429140e-02	7.645124574240702575e-02
1.177997047025061647e+03	2.513753487672021891e-01	1.629037006189106296e-01	2.551321334716452061e-01	1.525499481378784217e-01	7.195839008936261161e-02	2.953685089896303587e-02	7.654362801580033571e-02
1.180415932131889122e+03	2.510344571129539126e-01	1.626755246352045436e-01	2.553781213418376828e-01	1.526929674366745426e-01	7.200985263840492534e-02	2.957332139466924831e-02	7.663575544001767492e-02
1.182834817238716823e+03	2.506945822061265039e-01	1.624479417222161604e-01	2.556233839436551358e-01	1.528355942735010187e-01	7.206115947910016195e-02	2.960970965405234148e-02	7.672762872111120458e-02
1.185253702345544298e+03	2.503557207494796488e-01	1.622209505641193095e-01	2.558679232993489316e-01	1.529778298234010792e-01	7.211231126645510636e-02	2.964601573302765719e-02	7.681924856393075596e-02
1.187672587452371999e+03	2.500178694584816452e-01	1.619945498460967082e-01	2.561117414258678449e-01	1.531196752566472141e-01	7.216330865129703953e-02	2.968223968927036563e-02	7.691061567210177863e-02
1.190091472559199701e+03	2.496810250612454540e-01	1.617687382543580299e-01	2.563548403348701599e-01	1.532611317387853889e-01	7.221415228031005662e-02	2.971838158218968046e-02	7.700173074800388540e-02
1.192510357666027403e+03	2.493451842984657219e-01	1.615435144761576680e-01	2.565972220327364384e-01	1.534022004306782039e-01	7.226484279607113537e-02	2.975444147290334795e-02	7.709259449275021603e-02
1.194929242772855105e+03	2.490103439233555815e-01	1.613188771998123328e-01	2.568388885205815653e-01	1.535428824885474997e-01	7.231538083708578812e-02	2.979041942421243802e-02	7.718320760616748100e-02
1.197348127879682352e+03	2.486765007015844242e-01	1.610948251147185095e-01	2.570798417942672387e-01	1.536831790640159623e-01	7.236576703782339470e-02	2.982631550057644049e-02	7.727357078677674074e-02
1.199767012986510281e+03	2.483436514112156712e-01	1.608713569113695008e-01	2.573200838444140715e-01	1.538230913041479520e-01	7.241600202875213277e-02	2.986212976808862163e-02	7.736368473177476779e-02
1.202185898093337983e+03	2.480117928426451568e-01	1.606484712813724958e-01	2.575596166564139144e-01	1.539626203514896374e-01	7.246608643637363067e-02	2.989786229445169641e-02	7.745355013701619995e-02
1.204604783200165684e+03	2.476809217985399270e-01	1.604261669174653349e-01	2.577984422104419027e-01	1.541017673441084090e-01	7.251602088325723172e-02	2.993351314895375051e-02	7.754316769699622081e-02
1.207023668306993159e+03	2.473510350937773439e-01	1.602044425135329409e-01	2.580365624814688341e-01	1.542405334156313756e-01	7.256580598807396698e-02	2.996908240244445729e-02	7.763253810483386474e-02
1.209442553413820860e+03	2.470221295553846896e-01	1.599832967646238058e-01	2.582739794392732158e-01	1.543789196952835008e-01	7.261544236563008403e-02	3.000457012731157572e-02	7.772166205225597424e-02
1.211861438520648335e+03	2.466942020224790477e-01	1.597627283669661169e-01	2.585106950484532540e-01	1.545169273079245453e-01	7.266493062690036753e-02	3.003997639745769818e-02	7.781054022958183713e-02
1.214280323627476264e+03	2.463672493462077950e-01	1.595427360179836607e-01	2.587467112684391779e-01	1.546545573740857604e-01	7.271427137906107119e-02	3.007530128827729313e-02	7.789917332570814312e-02
1.216699208734303511e+03	2.460412683896891495e-01	1.593233184163116156e-01	2.589820300535050634e-01	1.547918110100058031e-01	7.276346522552250284e-02	3.011054487663398713e-02	7.798756202809477289e-02
1.219118093841131440e+03	2.457162560279534391e-01	1.591044742618121510e-01	2.592166533527810457e-01	1.549286893276658195e-01	7.281251276596134581e-02	3.014570724083813491e-02	7.807570702275097585e-02
1.221536978947959142e+03	2.453922091478846212e-01	1.588862022555897480e-01	2.594505831102650872e-01	1.550651934348241112e-01	7.286141459635259165e-02	3.018078846062463225e-02	7.816360899422210295e-02
1.223955864054786844e+03	2.450691246481620233e-01	1.586685011000064094e-01	2.596838212648352462e-01	1.552013244350501642e-01	7.291017130900123711e-02	3.021578861713099251e-02	7.825126862557683916e-02
1.226374749161614318e+03	2.447469994392027504e-01	1.584513694986966204e-01	2.599163697502612780e-01	1.553370834277579271e-01	7.295878349257360618e-02	3.025070779287568692e-02	7.833868659839503257e-02
1.228793634268442020e+03	2.444258304431043416e-01	1.582348061565822250e-01	2.601482304952168478e-01	1.554724715082385356e-01	7.300725173212838093e-02	3.028554607173669991e-02	7.842586359275592611e-02
1.231212519375269494e+03	2.441056145935876220e-01	1.580188097798869984e-01	2.603794054232911881e-01	1.556074897676926472e-01	7.305557660914732687e-02	3.032030353893040014e-02	7.851280028722683324e-02
1.233631404482097196e+03	2.437863488359402475e-01	1.578033790761510513e-01	2.606098964530010331e-01	1.557421392932619997e-01	7.310375870156571310e-02	3.035498028099058512e-02	7.859949735885238264e-02
1.236050289588924898e+03	2.434680301269603608e-01	1.575885127542451525e-01	2.608397054978026652e-01	1.558764211680605249e-01	7.315179858380244093e-02	3.038957638574782058e-02	7.868595548314410992e-02
1.238469174695752372e+03	2.431506554349007476e-01	1.573742095243847172e-01	2.610688344661032945e-01	1.560103364712048801e-01	7.319969682678989509e-02	3.042409194230899852e-02	7.877217533407056271e-02
1.240888059802580301e+03	2.428342217394132418e-01	1.571604680981437685e-01	2.612972852612732155e-01	1.561438862778444514e-01	7.324745399800340617e-02	3.045852704103714156e-02	7.885815758404782216e-02
1.243306944909407548e+03	2.425187260314936033e-01	1.569472871884687037e-01	2.615250597816574651e-01	1.562770716591909137e-01	7.329507066149057448e-02	3.049288177353142240e-02	7.894390290393035747e-02
1.245725830016235477e+03	2.422041653134267003e-01	1.567346655096917007e-01	2.617521599205874239e-01	1.564098936825472075e-01	7.334254737790017742e-02	3.052715623260745734e-02	7.902941196300238003e-02
1.248144715123063179e+03	2.418905365987318867e-01	1.565226017775442069e-01	2.619785875663926955e-01	1.565423534113360715e-01	7.338988470451084101e-02	3.056135051227779759e-02	7.911468542896955836e-02
1.250563600229890881e+03	2.415778369121091007e-01	1.563110947091699565e-01	2.622043446024127644e-01	1.566744519051280760e-01	7.343708319525944772e-02	3.059546470773264956e-02	7.919972396795109393e-02
1.252982485336718355e+03	2.412660632893849078e-01	1.561001430231382658e-01	2.624294329070085419e-01	1.568061902196692114e-01	7.348414340076918350e-02	3.062949891532083802e-02	7.928452824447222713e-02
1.255401370443546057e+03	2.409552127774591268e-01	1.558897454394566062e-01	2.626538543535740233e-01	1.569375694069080063e-01	7.353106586837751535e-02	3.066345323253098082e-02	7.936909892145699308e-02
1.257820255550373531e+03	2.406452824342516228e-01	1.556799006795834550e-01	2.628776108105480569e-01	1.570685905150221995e-01	7.357785114216355837e-02	3.069732775797288579e-02	7.945343666022146312e-02
1.260239140657201460e+03	2.403362693286497653e-01	1.554706074664408133e-01	2.631007041414258341e-01	1.571992545884449699e-01	7.362449976297552601e-02	3.073112259135916957e-02	7.953754212046720840e-02
1.262658025764028707e+03	2.400281705404556931e-01	1.552618645244264461e-01	2.633231362047704360e-01	1.573295626678907766e-01	7.367101226845768069e-02	3.076483783348708465e-02	7.962141596027520751e-02
1.265076910870856636e+03	2.397209831603344388e-01	1.550536705794262338e-01	2.635449088542243246e-01	1.574595157903807274e-01	7.371738919307707638e-02	3.079847358622057191e-02	7.970505883609996234e-02
1.267495795977684338e+03	2.394147042897620259e-01	1.548460243588260232e-01	2.637660239385211103e-01	1.575891149892675869e-01	7.376363106815009285e-02	3.083202995247251096e-02	7.978847140276403016e-02
1.269914681084511813e+03	2.391093310409740380e-01	1.546389245915235910e-01	2.639864833014967105e-01	1.577183612942603674e-01	7.380973842186866474e-02	3.086550703618719249e-02	7.987165431345277788e-02
1.272333566191339514e+03	2.388048605369145205e-01	1.544323700079404116e-01	2.642062887821011175e-01	1.578472557314485880e-01	7.385571177932619136e-02	3.089890494232297793e-02	7.995460821970951093e-02
1.274752451298167216e+03	2.385012899111851326e-01	1.542263593400330923e-01	2.644254422144096672e-01	1.579757993233259217e-01	7.390155166254339103e-02	3.093222377683519167e-02	8.003733377143085193e-02
1.277171336404994690e+03	2.381986163079946317e-01	1.540208913213048092e-01	2.646439454276346970e-01	1.581039930888138989e-01	7.394725859049371131e-02	3.096546364665919704e-02	8.011983161686236921e-02
1.279590221511822392e+03	2.378968368821087476e-01	1.538159646868165475e-01	2.648618002461365362e-01	1.582318380432848060e-01	7.399283307912848939e-02	3.099862465969365627e-02	8.020210240259451062e-02
1.282009106618650094e+03	2.375959487988002217e-01	1.536115781731981766e-01	2.650790084894354415e-01	1.583593351985845554e-01	7.403827564140202933e-02	3.103170692478403325e-02	8.028414677355885654e-02
1.284427991725477568e+03	2.372959492337993748e-01	1.534077305186594686e-01	2.652955719722225325e-01	1.584864855630549740e-01	7.408358678729629054e-02	3.106471055170624898e-02	8.036596537302451160e-02
1.286846876832305497e+03	2.369968353732447297e-01	1.532044204630007012e-01	2.655114925043713381e-01	1.586132901415559238e-01	7.412876702384539607e-02	3.109763565115054862e-02	8.044755884259482959e-02
1.289265761939132744e+03	2.366986044136341616e-01	1.530016467476234543e-01	2.657267718909490095e-01	1.587397499354870067e-01	7.417381685515986312e-02	3.113048233470555939e-02	8.052892782220441581e-02
1.291684647045960673e+03	2.364012535617761313e-01	1.527994081155410744e-01	2.659414119322278669e-01	1.588658659428089925e-01	7.421873678245065331e-02	3.116325071484253931e-02	8.061007295011625440e-02
1.294103532152788375e+03	2.361047800347415293e-01	1.525977033113889159e-01	2.661554144236963348e-01	1.589916391580648292e-01	7.426352730405294533e-02	3.119594090489980973e-02	8.069099486291916867e-02
1.296522417259616077e+03	2.358091810598153260e-01	1.523965310814346941e-01	2.663687811560705443e-01	1.591170705724005152e-01	7.430818891544969940e-02	3.122855301906735798e-02	8.077169419552539253e-02
1.298941302366443551e+03	2.355144538744491922e-01	1.521958901735883940e-01	2.665815139153053237e-01	1.592421611735855003e-01	7.435272210929494419e-02	3.126108717237166545e-02	8.085217158116855818e-02
1.301360187473271253e+03	2.352205957262137048e-01	1.519957793374122068e-01	2.667936144826055789e-01	1.593669119460328354e-01	7.439712737543692500e-02	3.129354348066067104e-02	8.093242765140166994e-02
1.303779072580098727e+03	2.349276038727513560e-01	1.517961973241303830e-01	2.670050846344373952e-01	1.594913238708192127e-01	7.444140520094093272e-02	3.132592206058892881e-02	8.101246303609539734e-02
1.306197957686926657e+03	2.346354755817296189e-01	1.515971428866387527e-01	2.672159261425393617e-01	1.596153979257043665e-01	7.448555607011200785e-02	3.135822302960295654e-02	8.109227836343657625e-02
1.308616842793753904e+03	2.343442081307944014e-01	1.513986147795143011e-01	2.674261407739335072e-01	1.597391350851505576e-01	7.452958046451731156e-02	3.139044650592674041e-02	8.117187425992686278e-02
1.311035727900581833e+03	2.340537988075236941e-01	1.512006117590244669e-01	2.676357302909366798e-01	1.598625363203415584e-01	7.457347886300838558e-02	3.142259260854742692e-02	8.125125135038159530e-02
1.313454613007409534e+03	2.337642449093814967e-01	1.510031325831363291e-01	2.678446964511714823e-01	1.599856025992014152e-01	7.461725174174314856e-02	3.145466145720117457e-02	8.133041025792885070e-02
1.315873498114237009e+03	2.334755437436721037e-01	1.508061760115257666e-01	2.680530410075775416e-01	1.601083348864130729e-01	7.466089957420767032e-02	3.148665317235919275e-02	8.140935160400861181e-02
1.318292383221064711e+03	2.331876926274946971e-01	1.506097408055864229e-01	2.682607657084223884e-01	1.602307341434366372e-01	7.470442283123772398e-02	3.151856787521391257e-02	8.148807600837223997e-02
1.320711268327892412e+03	2.329006888876980486e-01	1.504138257284384217e-01	2.684678722973126708e-01	1.603528013285272780e-01	7.474782198104021336e-02	3.155040568766536574e-02	8.156658408908200319e-02
1.323130153434719887e+03	2.326145298608356948e-01	1.502184295449370821e-01	2.686743625132053670e-01	1.604745373967532140e-01	7.479109748921425327e-02	3.158216673230770238e-02	8.164487646251074315e-02
1.325549038541547588e+03	2.323292128931211120e-01	1.500235510216815782e-01	2.688802380904183331e-01	1.605959433000131442e-01	7.483424981877222215e-02	3.161385113241588218e-02	8.172295374334181961e-02
1.327967923648375290e+03	2.320447353403835011e-01	1.498291889270231547e-01	2.690855007586418490e-01	1.607170199870535943e-01	7.487727943016042609e-02	3.164545901193251132e-02	8.180081654456911044e-02
1.330386808755202765e+03	2.317610945680236845e-01	1.496353420310736204e-01	2.692901522429491101e-01	1.608377684034859867e-01	7.492018678127969344e-02	3.167699049545485285e-02	8.187846547749721982e-02
1.332805693862030694e+03	2.314782879509700575e-01	1.494420091057134803e-01	2.694941942638075516e-01	1.609581894918035994e-01	7.496297232750574746e-02	3.170844570822198283e-02	8.195590115174178347e-02
1.335224578968857941e+03	2.311963128736352069e-01	1.492491889245999015e-01	2.696976285370896731e-01	1.610782841913981078e-01	7.500563652170932905e-02	3.173982477610210601e-02	8.203312417522994060e-02
1.337643464075685870e+03	2.309151667298724731e-01	1.490568802631747347e-01	2.699004567740838634e-01	1.611980534385760722e-01	7.504817981427618079e-02	3.177112782558003806e-02	8.211013515420091669e-02
1.340062349182513572e+03	2.306348469229328457e-01	1.488650818986722024e-01	2.701026806815056136e-01	1.613174981665752294e-01	7.509060265312683669e-02	3.180235498374480579e-02	8.218693469320681455e-02
1.342481234289341273e+03	2.303553508654222759e-01	1.486737926101266982e-01	2.703043019615081199e-01	1.614366193055803977e-01	7.513290548373614819e-02	3.183350637827743468e-02	8.226352339511336376e-02
1.344900119396168748e+03	2.300766759792590155e-01	1.484830111783802531e-01	2.705053223116931083e-01	1.615554177827394355e-01	7.517508874915274086e-02	3.186458213743886131e-02	8.233990186110103082e-02
1.347319004502996449e+03	2.297988196956313733e-01	1.482927363860900571e-01	2.707057434251219918e-01	1.616738945221787849e-01	7.521715289001819349e-02	3.189558239005801238e-02	8.241607069066601843e-02
1.349737889609823924e+03	2.295217794549556378e-01	1.481029670177357316e-01	2.709055669903264740e-01	1.617920504450189867e-01	7.525909834458609227e-02	3.192650726551998774e-02	8.249203048162159768e-02
1.352156774716651853e+03	2.292455527068342214e-01	1.479137018596264896e-01	2.711047946913195394e-01	1.619098864693898354e-01	7.530092554874079358e-02	3.195735689375444472e-02	8.256778183009931549e-02
1.354575659823479100e+03	2.289701369100141659e-01	1.477249396999082698e-01	2.713034282076058901e-01	1.620274035104455612e-01	7.534263493601617290e-02	3.198813140522406562e-02	8.264332533055052110e-02
1.356994544930307029e+03	2.286955295323458703e-01	1.475366793285707856e-01	2.715014692141932140e-01	1.621446024803796515e-01	7.538422693761406834e-02	3.201883093091321963e-02	8.271866157574789269e-02
1.359413430037134731e+03	2.284217280507418735e-01	1.473489195374541871e-01	2.716989193816026216e-01	1.622614842884395892e-01	7.542570198242259938e-02	3.204945560231672180e-02	8.279379115678711654e-02
1.361832315143962205e+03	2.281487299511362477e-01	1.471616591202559998e-01	2.718957803758794145e-01	1.623780498409413686e-01	7.546706049703427732e-02	3.208000555142876548e-02	8.286871466308859402e-02
1.364251200250789907e+03	2.278765327284437980e-01	1.469748968725377580e-01	2.720920538586040216e-01	1.624943000412839844e-01	7.550830290576397708e-02	3.211048091073195193e-02	8.294343268239930123e-02
1.366670085357617609e+03	2.276051338865197893e-01	1.467886315917313333e-01	2.722877414869022683e-01	1.626102357899634476e-01	7.554942963066671457e-02	3.214088181318645876e-02	8.301794580079475960e-02
1.369088970464445310e+03	2.273345309381199775e-01	1.466028620771455127e-01	2.724828449134566455e-01	1.627258579845870523e-01	7.559044109155525770e-02	3.217120839221939560e-02	8.309225460268103436e-02
1.371507855571272785e+03	2.270647214048604756e-01	1.464175871299722431e-01	2.726773657865164679e-01	1.628411675198870590e-01	7.563133770601759842e-02	3.220146078171422233e-02	8.316635967079688552e-02
1.373926740678100487e+03	2.267957028171782852e-01	1.462328055532928495e-01	2.728713057499088102e-01	1.629561652877345723e-01	7.567211988943423062e-02	3.223163911600031295e-02	8.324026158621593285e-02
1.376345625784927961e+03	2.265274727142919386e-01	1.460485161520841679e-01	2.730646664430489978e-01	1.630708521771530584e-01	7.571278805499520592e-02	3.226174352984270688e-02	8.331396092834895961e-02
1.378764510891755890e+03	2.262600286441620867e-01	1.458647177332244305e-01	2.732574495009512661e-01	1.631852290743318334e-01	7.575334261371718947e-02	3.229177415843190180e-02	8.338745827494634111e-02
1.381183395998583137e+03	2.259933681634528346e-01	1.456814091054992322e-01	2.734496565542394175e-01	1.632992968626392483e-01	7.579378397446015492e-02	3.232173113737380615e-02	8.346075420210037621e-02
1.383602281105411066e+03	2.257274888374927735e-01	1.454985890796072212e-01	2.736412892291573695e-01	1.634130564226359550e-01	7.583411254394406553e-02	3.235161460267984429e-02	8.353384928424789635e-02
1.386021166212238768e+03	2.254623882402365942e-01	1.453162564681658719e-01	2.738323491475795901e-01	1.635265086320877859e-01	7.587432872676537488e-02	3.238142469075713792e-02	8.360674409417277742e-02
1.388440051319066470e+03	2.251980639542268403e-01	1.451344100857170083e-01	2.740228379270218118e-01	1.636396543659787151e-01	7.591443292541330545e-02	3.241116153839885411e-02	8.367943920300868754e-02
1.390858936425893944e+03	2.249345135705557164e-01	1.449530487487322439e-01	2.742127571806513564e-01	1.637524944965235707e-01	7.595442554028598858e-02	3.244082528277463656e-02	8.375193518024176553e-02
1.393277821532721646e+03	2.246717346888273958e-01	1.447721712756183665e-01	2.744021085172977936e-01	1.638650298931805804e-01	7.599430696970653487e-02	3.247041606142116871e-02	8.382423259371336866e-02
1.395696706639549120e+03	2.244097249171203845e-01	1.445917764867227229e-01	2.745908935414634877e-01	1.639772614226639447e-01	7.603407760993885489e-02	3.249993401223286171e-02	8.389633200962300086e-02
1.398115591746377049e+03	2.241484818719499672e-01	1.444118632043382144e-01	2.747791138533338673e-01	1.640891899489560213e-01	7.607373785520338272e-02	3.252937927345263269e-02	8.396823399253124098e-02
1.400534476853204296e+03	2.238880031782312097e-01	1.442324302527084878e-01	2.749667710487879169e-01	1.642008163333196769e-01	7.611328809769263293e-02	3.255875198366283557e-02	8.403993910536260159e-02
1.402953361960032225e+03	2.236282864692419603e-01	1.440534764580329030e-01	2.751538667194087240e-01	1.643121414343102771e-01	7.615272872758659106e-02	3.258805228177628910e-02	8.411144790940867921e-02
1.405372247066859927e+03	2.233693293865859353e-01	1.438750006484713073e-01	2.753404024524938043e-01	1.644231661077877882e-01	7.619206013306803471e-02	3.261728030702739506e-02	8.418276096433117972e-02
1.407791132173687402e+03	2.231111295801562755e-01	1.436970016541490591e-01	2.755263798310655932e-01	1.645338912069284898e-01	7.623128270033759091e-02	3.264643619896340915e-02	8.425387882816505469e-02
1.410210017280515103e+03	2.228536847080992978e-01	1.435194783071615243e-01	2.757118004338816042e-01	1.646443175822368266e-01	7.627039681362877965e-02	3.267552009743578817e-02	8.432480205732172107e-02
1.412628902387342805e+03	2.225969924367781905e-01	1.433424294415787670e-01	2.758966658354448653e-01	1.647544460815570377e-01	7.630940285522280764e-02	3.270453214259164826e-02	8.439553120659225305e-02
1.415047787494170507e+03	2.223410504407372090e-01	1.431658538934500180e-01	2.760809776060144660e-01	1.648642775500845370e-01	7.634830120546327870e-02	3.273347247486534106e-02	8.446606682915071274e-02
1.417466672600997981e+03	2.220858564026659265e-01	1.429897505008081438e-01	2.762647373116157712e-01	1.649738128303774309e-01	7.638709224277075160e-02	3.276234123497016176e-02	8.453640947655742532e-02
1.419885557707825683e+03	2.218314080133635957e-01	1.428141181036739760e-01	2.764479465140505798e-01	1.650830527623678157e-01	7.642577634365720074e-02	3.279113856389009179e-02	8.460655969876242077e-02
1.422304442814653157e+03	2.215777029717039825e-01	1.426389555440604751e-01	2.766306067709075056e-01	1.651919981833729900e-01	7.646435388274025469e-02	3.281986460287170809e-02	8.467651804410879224e-02
1.424723327921481086e+03	2.213247389846002555e-01	1.424642616659770322e-01	2.768127196355721908e-01	1.653006499281064190e-01	7.650282523275742097e-02	3.284851949341620336e-02	8.474628505933617939e-02
1.427142213028308333e+03	2.210725137669699580e-01	1.422900353154334385e-01	2.769942866572377982e-01	1.654090088286889193e-01	7.654119076458000548e-02	3.287710337727142024e-02	8.481586128958423787e-02
1.429561098135136262e+03	2.208210250417003140e-01	1.421162753404439094e-01	2.771753093809148361e-01	1.655170757146593730e-01	7.657945084722707352e-02	3.290561639642408664e-02	8.488524727839619199e-02
1.431979983241963964e+03	2.205702705396137830e-01	1.419429805910309150e-01	2.773557893474418168e-01	1.656248514129856075e-01	7.661760584787921657e-02	3.293405869309209283e-02	8.495444356772240135e-02
1.434398868348791666e+03	2.203202479994336160e-01	1.417701499192290937e-01	2.775357280934950821e-01	1.657323367480751097e-01	7.665565613189216643e-02	3.296243040971689325e-02	8.502345069792394128e-02
1.436817753455619140e+03	2.200709551677498266e-01	1.415977821790888325e-01	2.777151271515991282e-01	1.658395325417855726e-01	7.669360206281028436e-02	3.299073168895598485e-02	8.509226920777628045e-02
1.439236638562446842e+03	2.198223897989851905e-01	1.414258762266801250e-01	2.778939880501367643e-01	1.659464396134354980e-01	7.673144400237996710e-02	3.301896267367548238e-02	8.516089963447290301e-02
1.441655523669274316e+03	2.195745496553614118e-01	1.412544309200959580e-01	2.780723123133593822e-01	1.660530587798144386e-01	7.676918231056287234e-02	3.304712350694282569e-02	8.522934251362904168e-02
1.444074408776102018e+03	2.193274325068657882e-01	1.410834451194558914e-01	2.782501014613967261e-01	1.661593908551935728e-01	7.680681734554908879e-02	3.307521433201950772e-02	8.529759837928536925e-02
1.446493293882929493e+03	2.190810361312175436e-01	1.409129176869093614e-01	2.784273570102674400e-01	1.662654366513357518e-01	7.684434946377011189e-02	3.310323529235399687e-02	8.536566776391177336e-02
1.448912178989757422e+03	2.188353583138348268e-01	1.407428474866390944e-01	2.786040804718888375e-01	1.663711969775057420e-01	7.688177901991173624e-02	3.313118653157463150e-02	8.543355119841115897e-02
1.451331064096585123e+03	2.185903968478017378e-01	1.405732333848642990e-01	2.787802733540870603e-01	1.664766726404802444e-01	7.691910636692680936e-02	3.315906819348272278e-02	8.550124921212322315e-02
1.453749949203412370e+03	2.183461495338353264e-01	1.404040742498438021e-01	2.789559371606071259e-01	1.665818644445579977e-01	7.695633185604792981e-02	3.318688042204564342e-02	8.556876233282831312e-02
1.456168834310240300e+03	2.181026141802530904e-01	1.402353689518792690e-01	2.791310733911230302e-01	1.666867731915695761e-01	7.699345583679993721e-02	3.321462336139008320e-02	8.563609108675122872e-02
1.458587719417068001e+03	2.178597886029404740e-01	1.400671163633180338e-01	2.793056835412475181e-01	1.667913996808872701e-01	7.703047865701231900e-02	3.324229715579537364e-02	8.570323599856517760e-02
1.461006604523895703e+03	2.176176706253185877e-01	1.398993153585562366e-01	2.794797691025425745e-01	1.668957447094348012e-01	7.706740066283153390e-02	3.326990194968684755e-02	8.577019759139560551e-02
1.463425489630723177e+03	2.173762580783121234e-01	1.397319648140413484e-01	2.796533315625289728e-01	1.669998090716970640e-01	7.710422219873319660e-02	3.329743788762934420e-02	8.583697638682417919e-02
1.465844374737550879e+03	2.171355488003174627e-01	1.395650636082753637e-01	2.798263724046962109e-01	1.671035935597296462e-01	7.714094360753416535e-02	3.332490511432079083e-02	8.590357290489263054e-02
1.468263259844378354e+03	2.168955406371708416e-01	1.393986106218172150e-01	2.799988931085127808e-01	1.672070989631683491e-01	7.717756523040442129e-02	3.335230377458584666e-02	8.596998766410682280e-02
1.470682144951206283e+03	2.166562314421168756e-01	1.392326047372854925e-01	2.801708951494358835e-01	1.673103260692387351e-01	7.721408740687904504e-02	3.337963401336963704e-02	8.603622118144065023e-02
1.473101030058033530e+03	2.164176190757771123e-01	1.390670448393609981e-01	2.803423799989211984e-01	1.674132756627654262e-01	7.725051047486984623e-02	3.340689597573158476e-02	8.610227397234004876e-02
1.475519915164861459e+03	2.161797014061188626e-01	1.389019298147893822e-01	2.805133491244332644e-01	1.675159485261813186e-01	7.728683477067709029e-02	3.343408980683928999e-02	8.616814655072702056e-02
1.477938800271689161e+03	2.159424763084240306e-01	1.387372585523832802e-01	2.806838039894547498e-01	1.676183454395370476e-01	7.732306062900096144e-02	3.346121565196252118e-02	8.623383942900363086e-02
1.480357685378516862e+03	2.157059416652583328e-01	1.385730299430248946e-01	2.808537460534967778e-01	1.677204671805099800e-01	7.735918838295297029e-02	3.348827365646728227e-02	8.629935311805601861e-02
1.482776570485344337e+03	2.154700953664406282e-01	1.384092428796681318e-01	2.810231767721083629e-01	1.678223145244133463e-01	7.739521836406734745e-02	3.351526396580994244e-02	8.636468812725850430e-02
