1.001418434226643626e+03	2.792753766527409920e-01	1.812054867249174583e-01	2.350844173644869306e-01	1.409680486946161548e-01	6.774574101898954426e-02	2.664777526172675687e-02	6.907315428228170961e-02
1.003837319333471214e+03	2.788512095761744858e-01	1.809294625768972931e-01	2.353896090058472945e-01	1.411431926018288097e-01	6.781076111227439529e-02	2.669030794246065805e-02	6.918545718427657198e-02
1.006256204440298802e+03	2.784283404096117853e-01	1.806541288280587854e-01	2.356939166453509149e-01	1.413178376695966576e-01	6.787556262343101554e-02	2.673276193126635988e-02	6.929745189244404524e-02
1.008675089547126618e+03	2.780067646137532322e-01	1.803794842444513269e-01	2.359973427076787200e-01	1.414919856416557153e-01	6.794014666357434118e-02	2.677513704199823916e-02	6.940913908664800291e-02
1.011093974653954206e+03	2.775864776698838132e-01	1.801055275895990515e-01	2.362998896113421843e-01	1.416656382491775779e-01	6.800451433525459000e-02	2.681743309356672891e-02	6.952051945093563889e-02
1.013512859760782021e+03	2.771674750797419873e-01	1.798322576245593163e-01	2.366015597686974836e-01	1.418387972109899087e-01	6.806866673254030609e-02	2.685964990987393594e-02	6.963159367335669536e-02
1.015931744867609382e+03	2.767497523653896230e-01	1.795596731079807384e-01	2.369023555859597896e-01	1.420114642337912958e-01	6.813260494110051635e-02	2.690178731975001458e-02	6.974236244578757571e-02
1.018350629974437197e+03	2.763333050690838233e-01	1.792877727961606216e-01	2.372022794632171472e-01	1.421836410123612227e-01	6.819633003828608209e-02	2.694384515689026219e-02	6.985282646376038407e-02
1.020769515081264785e+03	2.759181287531487503e-01	1.790165554431016048e-01	2.375013337944445746e-01	1.423553292297649320e-01	6.825984309321019017e-02	2.698582325979291194e-02	6.996298642629660003e-02
1.023188400188092373e+03	2.755042189998493929e-01	1.787460198005678957e-01	2.377995209675179411e-01	1.425265305575534047e-01	6.832314516682792827e-02	2.702772147169767158e-02	7.007284303574534690e-02
1.025607285294920075e+03	2.750915714112661115e-01	1.784761646181407257e-01	2.380968433642278170e-01	1.426972466559586483e-01	6.838623731201515232e-02	2.706953964052490405e-02	7.018239699762614248e-02
1.028026170401747549e+03	2.746801816091705706e-01	1.782069886432734451e-01	2.383933033602932683e-01	1.428674791740843497e-01	6.844912057364636870e-02	2.711127761881555742e-02	7.029164902047597974e-02
1.030445055508575479e+03	2.742700452349020601e-01	1.779384906213457573e-01	2.386889033253755399e-01	1.430372297500918655e-01	6.851179598867192244e-02	2.715293526367175761e-02	7.040059981570068182e-02
1.032863940615402726e+03	2.738611579492455372e-01	1.776706692957177314e-01	2.389836456230916562e-01	1.432065000113819930e-01	6.857426458619433896e-02	2.719451243669805326e-02	7.050925009743028160e-02
1.035282825722230655e+03	2.734535154323104456e-01	1.774035234077827872e-01	2.392775326110281875e-01	1.433752915747723566e-01	6.863652738754386085e-02	2.723600900394338581e-02	7.061760058237852300e-02
1.037701710829058356e+03	2.730471133834107000e-01	1.771370516970205977e-01	2.395705666407545176e-01	1.435436060466706298e-01	6.869858540635315203e-02	2.727742483584365968e-02	7.072565198970620637e-02
1.040120595935886058e+03	2.726419475209455601e-01	1.768712529010490198e-01	2.398627500578365546e-01	1.437114450232436502e-01	6.876043964863129410e-02	2.731875980716500993e-02	7.083340504088839196e-02
1.042539481042713533e+03	2.722380135822813352e-01	1.766061257556757469e-01	2.401540852018499705e-01	1.438788100905825373e-01	6.882209111283696390e-02	2.736001379694770821e-02	7.094086045958523934e-02
1.044958366149541234e+03	2.718353073236345341e-01	1.763416689949491578e-01	2.404445744063936352e-01	1.440457028248640636e-01	6.888354078995086172e-02	2.740118668845069327e-02	7.104801897151652446e-02
1.047377251256368709e+03	2.714338245199557353e-01	1.760778813512089702e-01	2.407342199991028553e-01	1.442121247925081395e-01	6.894478966354734839e-02	2.744227836909675367e-02	7.115488130433963998e-02
1.049796136363196410e+03	2.710335609648144017e-01	1.758147615551360066e-01	2.410230243016626972e-01	1.443780775503315794e-01	6.900583870986536084e-02	2.748328873041832807e-02	7.126144818753103738e-02
1.052215021470024112e+03	2.706345124702848604e-01	1.755523083358015990e-01	2.413109896298211432e-01	1.445435626456983425e-01	6.906668889787857812e-02	2.752421766800393702e-02	7.136772035227099964e-02
1.054633906576851814e+03	2.702366748668327823e-01	1.752905204207164114e-01	2.415981182934022198e-01	1.447085816166663041e-01	6.912734118936486594e-02	2.756506508144519405e-02	7.147369853133161977e-02
1.057052791683679516e+03	2.698400440032033276e-01	1.750293965358787895e-01	2.418844125963190983e-01	1.448731359921306416e-01	6.918779653897499937e-02	2.760583087428446908e-02	7.157938345896801280e-02
1.059471676790506763e+03	2.694446157463095126e-01	1.747689354058226396e-01	2.421698748365871956e-01	1.450372272919637495e-01	6.924805589430060859e-02	2.764651495396311040e-02	7.168477587081256708e-02
1.061890561897334692e+03	2.690503859811219090e-01	1.745091357536644738e-01	2.424545073063371081e-01	1.452008570271519083e-01	6.930812019594145834e-02	2.768711723177028766e-02	7.178987650377220697e-02
1.064309447004162394e+03	2.686573506105591758e-01	1.742499963011504283e-01	2.427383122918276015e-01	1.453640266999290664e-01	6.936799037757207520e-02	2.772763762279239347e-02	7.189468609592852832e-02
1.066728332110990095e+03	2.682655055553794798e-01	1.739915157687024483e-01	2.430212920734585447e-01	1.455267378039072357e-01	6.942766736600756994e-02	2.776807604586306252e-02	7.199920538644090373e-02
1.069147217217817570e+03	2.678748467540727485e-01	1.737336928754639465e-01	2.433034489257837885e-01	1.456889918242040283e-01	6.948715208126886311e-02	2.780843242351372160e-02	7.210343511545216910e-02
1.071566102324645271e+03	2.674853701627538105e-01	1.734765263393452661e-01	2.435847851175238499e-01	1.458507902375672793e-01	6.954644543664720291e-02	2.784870668192473628e-02	7.220737602399716903e-02
1.073984987431472746e+03	2.670970717550565365e-01	1.732200148770682568e-01	2.438653029115789572e-01	1.460121345124966996e-01	6.960554833876791969e-02	2.788889875087710232e-02	7.231102885391386959e-02
1.076403872538300675e+03	2.667099475220286453e-01	1.729641572042108222e-01	2.441450045650415679e-01	1.461730261093629191e-01	6.966446168765370872e-02	2.792900856370470267e-02	7.241439434775699679e-02
1.078822757645127922e+03	2.663239934720276758e-01	1.727089520352504126e-01	2.444238923292092747e-01	1.463334664805236440e-01	6.972318637678706632e-02	2.796903605724709863e-02	7.251747324871421485e-02
1.081241642751955851e+03	2.659392056306174035e-01	1.724543980836076296e-01	2.447019684495973235e-01	1.464934570704372885e-01	6.978172329317221256e-02	2.800898117180287625e-02	7.262026630052467735e-02
1.083660527858783553e+03	2.655555800404653666e-01	1.722004940616890523e-01	2.449792351659513534e-01	1.466529993157739686e-01	6.984007331739622293e-02	2.804884385108352002e-02	7.272277424740000717e-02
1.086079412965611255e+03	2.651731127612410588e-01	1.719472386809294262e-01	2.452556947122599418e-01	1.468120946455239995e-01	6.989823732368967424e-02	2.808862404216782432e-02	7.282499783394752457e-02
1.088498298072438729e+03	2.647917998695152875e-01	1.716946306518338516e-01	2.455313493167672334e-01	1.469707444811040042e-01	6.995621617998656894e-02	2.812832169545681493e-02	7.292693780509565404e-02
1.090917183179266431e+03	2.644116374586598650e-01	1.714426686840190839e-01	2.458062012019854303e-01	1.471289502364604429e-01	7.001401074798369040e-02	2.816793676462921170e-02	7.302859490602167658e-02
1.093336068286093905e+03	2.640326216387481328e-01	1.711913514862547225e-01	2.460802525847073374e-01	1.472867133181710586e-01	7.007162188319920881e-02	2.820746920659738394e-02	7.312996988208145255e-02
1.095754953392921607e+03	2.636547485364570398e-01	1.709406777665036237e-01	2.463535056760187969e-01	1.474440351255439097e-01	7.012905043503087077e-02	2.824691898146381580e-02	7.323106347874126787e-02
1.098173838499749309e+03	2.632780142949687763e-01	1.706906462319620066e-01	2.466259626813110950e-01	1.476009170507142365e-01	7.018629724681349491e-02	2.828628605247808861e-02	7.333187644151166473e-02
1.100592723606577010e+03	2.629024150738742960e-01	1.704412555890992831e-01	2.468976258002934243e-01	1.477573604787389694e-01	7.024336315587575985e-02	2.832557038599433155e-02	7.343240951588329846e-02
1.103011608713404712e+03	2.625279470490768374e-01	1.701925045436972483e-01	2.471684972270052627e-01	1.479133667876895986e-01	7.030024899359661739e-02	2.836477195142919627e-02	7.353266344726459847e-02
1.105430493820231959e+03	2.621546064126967224e-01	1.699443918008888277e-01	2.474385791498287801e-01	1.480689373487425187e-01	7.035695558546094242e-02	2.840389072122027556e-02	7.363263898092134441e-02
1.107849378927059888e+03	2.617823893729766538e-01	1.696969160651964625e-01	2.477078737515009954e-01	1.482240735262674858e-01	7.041348375111466940e-02	2.844292667078504241e-02	7.373233686191807412e-02
1.110268264033887590e+03	2.614112921541876799e-01	1.694500760405701911e-01	2.479763832091262665e-01	1.483787766779143813e-01	7.046983430441941532e-02	2.848187977848024716e-02	7.383175783506117085e-02
1.112687149140715292e+03	2.610413109965361578e-01	1.692038704304250907e-01	2.482441096941884473e-01	1.485330481546977555e-01	7.052600805350640878e-02	2.852075002556176200e-02	7.393090264484374063e-02
1.115106034247542766e+03	2.606724421560712157e-01	1.689582979376783589e-01	2.485110553725630445e-01	1.486868893010797055e-01	7.058200580082996112e-02	2.855953739614493572e-02	7.402977203539208573e-02
1.117524919354370468e+03	2.603046819045931048e-01	1.687133572647861179e-01	2.487772224045297353e-01	1.488403014550508108e-01	7.063782834322031301e-02	2.859824187716534724e-02	7.412836675041389878e-02
1.119943804461197942e+03	2.599380265295620496e-01	1.684690471137796630e-01	2.490426129447841364e-01	1.489932859482094307e-01	7.069347647193600925e-02	2.863686345834007968e-02	7.422668753314791423e-02
1.122362689568025871e+03	2.595724723340082085e-01	1.682253661863013505e-01	2.493072291424503484e-01	1.491458441058391704e-01	7.074895097271570454e-02	2.867540213212937950e-02	7.432473512631518342e-02
1.124781574674853118e+03	2.592080156364416355e-01	1.679823131836400973e-01	2.495710731410928918e-01	1.492979772469847921e-01	7.080425262582933088e-02	2.871385789369880828e-02	7.442251027207180680e-02
1.127200459781681047e+03	2.588446527707638500e-01	1.677398868067664639e-01	2.498341470787288354e-01	1.494496866845263783e-01	7.085938220612890415e-02	2.875223074088180397e-02	7.452001371196316504e-02
1.129619344888508749e+03	2.584823800861791865e-01	1.674980857563674319e-01	2.500964530878399539e-01	1.496009737252519123e-01	7.091434048309872007e-02	2.879052067414268612e-02	7.461724618687949617e-02
1.132038229995336451e+03	2.581211939471076411e-01	1.672569087328805992e-01	2.503579932953847176e-01	1.497518396699284160e-01	7.096912822090496731e-02	2.882872769654009140e-02	7.471420843701294390e-02
1.134457115102163925e+03	2.577610907330976642e-01	1.670163544365281805e-01	2.506187698228105609e-01	1.499022858133713665e-01	7.102374617844493809e-02	2.886685181369082198e-02	7.481090120181589642e-02
1.136876000208991627e+03	2.574020668387401178e-01	1.667764215673504524e-01	2.508787847860654008e-01	1.500523134445129192e-01	7.107819510939569763e-02	2.890489303373413102e-02	7.490732521996060211e-02
1.139294885315819101e+03	2.570441186735827888e-01	1.665371088252391440e-01	2.511380402956103208e-01	1.502019238464682993e-01	7.113247576226218449e-02	2.894285136729641758e-02	7.500348122930010353e-02
1.141713770422646803e+03	2.566872426620452896e-01	1.662984149099699938e-01	2.513965384564310623e-01	1.503511182966011939e-01	7.118658888042495025e-02	2.898072682745631012e-02	7.509936996683043431e-02
1.144132655529474505e+03	2.563314352433350152e-01	1.660603385212352512e-01	2.516542813680501256e-01	1.504998980665875341e-01	7.124053520218719127e-02	2.901851942971018714e-02	7.519499216865396796e-02
1.146551540636302207e+03	2.559766928713633205e-01	1.658228783586756794e-01	2.519112711245387604e-01	1.506482644224778900e-01	7.129431546082157234e-02	2.905622919193808634e-02	7.529034856994394620e-02
1.148970425743129908e+03	2.556230120146628093e-01	1.655860331219123627e-01	2.521675098145287897e-01	1.507962186247587821e-01	7.134793038461628711e-02	2.909385613437000598e-02	7.538543990491018698e-02
1.151389310849957155e+03	2.552703891563048444e-01	1.653498015105779040e-01	2.524229995212246003e-01	1.509437619284125509e-01	7.140138069692088252e-02	2.913140027955259115e-02	7.548026690676587491e-02
1.153808195956785084e+03	2.549188207938176687e-01	1.651141822243474833e-01	2.526777423224149666e-01	1.510908955829759759e-01	7.145466711619140321e-02	2.916886165231623307e-02	7.557483030769542032e-02
1.156227081063612786e+03	2.545683034391056365e-01	1.648791739629693887e-01	2.529317402904850409e-01	1.512376208325978133e-01	7.150779035603525846e-02	2.920624027974252912e-02	7.566913083882347013e-02
1.158645966170440488e+03	2.542188336183685005e-01	1.646447754262953811e-01	2.531849954924279000e-01	1.513839389160950011e-01	7.156075112525549231e-02	2.924353619113213495e-02	7.576316923018470983e-02
1.161064851277267962e+03	2.538704078720214752e-01	1.644109853143104483e-01	2.534375099898567574e-01	1.515298510670078092e-01	7.161355012789465124e-02	2.928074941797298089e-02	7.585694621069499766e-02
1.163483736384095664e+03	2.535230227546161341e-01	1.641778023271624753e-01	2.536892858390163985e-01	1.516753585136538518e-01	7.166618806327818003e-02	2.931787999390887689e-02	7.595046250812313715e-02
1.165902621490923138e+03	2.531766748347614726e-01	1.639452251651915271e-01	2.539403250907953380e-01	1.518204624791809898e-01	7.171866562605737350e-02	2.935492795470845406e-02	7.604371884906384327e-02
1.168321506597751068e+03	2.528313606950460257e-01	1.637132525289586582e-01	2.541906297907373657e-01	1.519651641816190946e-01	7.177098350625195355e-02	2.939189333823450170e-02	7.613671595891149946e-02
1.170740391704578315e+03	2.524870769319600972e-01	1.634818831192744182e-01	2.544402019790532044e-01	1.521094648339308686e-01	7.182314238929209116e-02	2.942877618441364085e-02	7.622945456183483071e-02
1.173159276811406244e+03	2.521438201558189873e-01	1.632511156372272176e-01	2.546890436906323330e-01	1.522533656440616945e-01	7.187514295606006742e-02	2.946557653520637254e-02	7.632193538075242312e-02
1.175578161918233945e+03	2.518015869906865545e-01	1.630209487842111116e-01	2.549371569550550887e-01	1.523968678149882350e-01	7.192698588293149065e-02	2.950229443457744530e-02	7.641415913730918719e-02
1.177997047025061647e+03	2.514603740742993865e-01	1.627913812619534439e-01	2.551845437966036578e-01	1.525399725447663668e-01	7.197867184181611089e-02	2.953892992846660764e-02	7.650612655185350108e-02
1.180415932131889122e+03	2.511201780579914722e-01	1.625624117725420481e-01	2.554312062342743994e-01	1.526826810265779766e-01	7.203020150019821821e-02	2.957548306475967295e-02	7.659783834341532538e-02
1.182834817238716823e+03	2.507809956066195944e-01	1.623340390184521698e-01	2.556771462817890028e-01	1.528249944487770073e-01	7.208157552117648581e-02	2.961195389325992772e-02	7.668929522968494228e-02
1.185253702345544298e+03	2.504428233984890562e-01	1.621062617025730845e-01	2.559223659476066448e-01	1.529669139949342560e-01	7.213279456350368823e-02	2.964834246565991108e-02	7.678049792699247200e-02
1.187672587452371999e+03	2.501056581252801836e-01	1.618790785282344935e-01	2.561668672349353137e-01	1.531084408438817546e-01	7.218385928162571186e-02	2.968464883551346148e-02	7.687144715028827735e-02
1.190091472559199701e+03	2.497694964919751626e-01	1.616524881992323637e-01	2.564106521417433004e-01	1.532495761697559300e-01	7.223477032572038492e-02	2.972087305820815192e-02	7.696214361312388175e-02
1.192510357666027403e+03	2.494343352167855965e-01	1.614264894198547129e-01	2.566537226607711331e-01	1.533903211420401258e-01	7.228552834173576636e-02	2.975701519093801664e-02	7.705258802763374770e-02
1.194929242772855105e+03	2.491001710310803974e-01	1.612010808949069784e-01	2.568960807795430679e-01	1.535306769256062631e-01	7.233613397142814316e-02	2.979307529267660390e-02	7.714278110451763815e-02
1.197348127879682352e+03	2.487670006793143429e-01	1.609762613297370804e-01	2.571377284803784691e-01	1.536706446807555859e-01	7.238658785239959759e-02	2.982905342415034800e-02	7.723272355302363001e-02
1.199767012986510281e+03	2.484348209189570222e-01	1.607520294302601793e-01	2.573786677404036882e-01	1.538102255632588233e-01	7.243689061813514407e-02	2.986494964781226044e-02	7.732241608093189111e-02
1.202185898093337983e+03	2.481036285204225589e-01	1.605283839029832127e-01	2.576189005315633884e-01	1.539494207243954915e-01	7.248704289803953316e-02	2.990076402781592646e-02	7.741185939453892884e-02
1.204604783200165684e+03	2.477734202669994723e-01	1.603053234550290973e-01	2.578584288206319797e-01	1.540882313109923629e-01	7.253704531747375006e-02	2.993649662998979985e-02	7.750105419864257439e-02
1.207023668306993159e+03	2.474441929547814556e-01	1.600828467941604605e-01	2.580972545692254427e-01	1.542266584654614636e-01	7.258689849779097203e-02	2.997214752181181358e-02	7.759000119652742500e-02
1.209442553413820860e+03	2.471159433925981530e-01	1.598609526288035931e-01	2.583353797338125979e-01	1.543647033258371271e-01	7.263660305637230363e-02	3.000771677238427831e-02	7.767870108995102163e-02
1.211861438520648335e+03	2.467886684019470200e-01	1.596396396680714314e-01	2.585728062657265958e-01	1.545023670258124093e-01	7.268615960666206799e-02	3.004320445240909673e-02	7.776715457913042917e-02
1.214280323627476264e+03	2.464623648169251280e-01	1.594189066217868156e-01	2.588095361111765746e-01	1.546396506947750049e-01	7.273556875820280654e-02	3.007861063416324837e-02	7.785536236272949662e-02
1.216699208734303511e+03	2.461370294841618567e-01	1.591987522005052502e-01	2.590455712112588182e-01	1.547765554578422187e-01	7.278483111666982086e-02	3.011393539147457984e-02	7.794332513784651972e-02
1.219118093841131440e+03	2.458126592627519480e-01	1.589791751155372745e-01	2.592809135019684685e-01	1.549130824358955216e-01	7.283394728390547856e-02	3.014917879969786565e-02	7.803104360000251427e-02
1.221536978947959142e+03	2.454892510241888093e-01	1.587601740789707783e-01	2.595155649142107945e-01	1.550492327456144404e-01	7.288291785795307509e-02	3.018434093569117779e-02	7.811851844312994730e-02
1.223955864054786844e+03	2.451668016522986493e-01	1.585417478036930117e-01	2.597495273738127386e-01	1.551850074995098083e-01	7.293174343309037633e-02	3.021942187779250860e-02	7.820575035956198184e-02
1.226374749161614318e+03	2.448453080431749473e-01	1.583238950034120962e-01	2.599828028015340742e-01	1.553204078059562954e-01	7.298042459986285591e-02	3.025442170579669202e-02	7.829274004002212406e-02
1.228793634268442020e+03	2.445247671051132277e-01	1.581066143926785905e-01	2.602153931130790077e-01	1.554554347692246319e-01	7.302896194511655781e-02	3.028934050093257807e-02	7.837948817361445331e-02
1.231212519375269494e+03	2.442051757585465277e-01	1.578899046869065848e-01	2.604473002191075026e-01	1.555900894895130837e-01	7.307735605203063978e-02	3.032417834584050231e-02	7.846599544781414359e-02
1.233631404482097196e+03	2.438865309359811995e-01	1.576737646023946560e-01	2.606785260252466596e-01	1.557243730629783718e-01	7.312560750014958366e-02	3.035893532455000848e-02	7.855226254845855405e-02
1.236050289588924898e+03	2.435688295819332938e-01	1.574581928563463240e-01	2.609090724321017629e-01	1.558582865817660645e-01	7.317371686541504494e-02	3.039361152245781753e-02	7.863829015973866632e-02
1.238469174695752372e+03	2.432520686528650833e-01	1.572431881668906462e-01	2.611389413352681599e-01	1.559918311340405261e-01	7.322168472019746632e-02	3.042820702630611926e-02	7.872407896419097995e-02
1.240888059802580301e+03	2.429362451171224180e-01	1.570287492531022566e-01	2.613681346253420301e-01	1.561250078040141986e-01	7.326951163332723338e-02	3.046272192416103752e-02	7.880962964268974080e-02
1.243306944909407548e+03	2.426213559548723309e-01	1.568148748350211841e-01	2.615966541879320428e-01	1.562578176719766065e-01	7.331719817012564977e-02	3.049715630539143532e-02	7.889494287443962750e-02
1.245725830016235477e+03	2.423073981580410041e-01	1.566015636336725025e-01	2.618245019036706256e-01	1.563902618143225842e-01	7.336474489243552388e-02	3.053151026064791426e-02	7.898001933696879862e-02
1.248144715123063179e+03	2.419943687302523461e-01	1.563888143710858158e-01	2.620516796482247335e-01	1.565223413035802535e-01	7.341215235865146405e-02	3.056578388184208461e-02	7.906485970612221748e-02
1.250563600229890881e+03	2.416822646867669289e-01	1.561766257703142702e-01	2.622781892923078395e-01	1.566540572084383631e-01	7.345942112374986843e-02	3.059997726212609903e-02	7.914946465605551817e-02
1.252982485336718355e+03	2.413710830544212871e-01	1.559649965554534279e-01	2.625040327016908148e-01	1.567854105937734055e-01	7.350655173931858188e-02	3.063409049587239447e-02	7.923383485922901037e-02
1.255401370443546057e+03	2.410608208715676604e-01	1.557539254516600580e-01	2.627292117372130309e-01	1.569164025206759849e-01	7.355354475358631683e-02	3.066812367865371508e-02	7.931797098640215593e-02
1.257820255550373531e+03	2.407514751880143744e-01	1.555434111851704271e-01	2.629537282547937949e-01	1.570470340464769909e-01	7.360040071145169949e-02	3.070207690722334334e-02	7.940187370662832311e-02
1.260239140657201460e+03	2.404430430649661388e-01	1.553334524833185348e-01	2.631775841054434517e-01	1.571773062247732444e-01	7.364712015451206628e-02	3.073595027949559133e-02	7.948554368724987385e-02
1.262658025764028707e+03	2.401355215749653438e-01	1.551240480745541550e-01	2.634007811352746531e-01	1.573072201054526997e-01	7.369370362109199657e-02	3.076974389452651060e-02	7.956898159389357017e-02
1.265076910870856636e+03	2.398289078018334131e-01	1.549151966884602938e-01	2.636233211855134040e-01	1.574367767347192859e-01	7.374015164627148455e-02	3.080345785249483451e-02	7.965218809046621662e-02
1.267495795977684338e+03	2.395231988406125723e-01	1.547068970557710088e-01	2.638452060925103315e-01	1.575659771551173871e-01	7.378646476191386139e-02	3.083709225468316689e-02	7.973516383915066341e-02
1.269914681084511813e+03	2.392183917975081453e-01	1.544991479083883956e-01	2.640664376877517872e-01	1.576948224055557957e-01	7.383264349669346749e-02	3.087064720345936500e-02	7.981790950040203170e-02
1.272333566191339514e+03	2.389144837898311557e-01	1.542919479793997961e-01	2.642870177978710045e-01	1.578233135213314986e-01	7.387868837612299178e-02	3.090412280225819305e-02	7.990042573294432737e-02
1.274752451298167216e+03	2.386114719459414002e-01	1.540852960030946184e-01	2.645069482446591458e-01	1.579514515341529368e-01	7.392459992258057500e-02	3.093751915556313195e-02	7.998271319376713817e-02
1.277171336404994690e+03	2.383093534051908824e-01	1.538791907149808513e-01	2.647262308450765156e-01	1.580792374721628202e-01	7.397037865533662160e-02	3.097083636888847344e-02	8.006477253812280259e-02
1.279590221511822392e+03	2.380081253178674416e-01	1.536736308518014960e-01	2.649448674112636626e-01	1.582066723599608871e-01	7.401602509058032020e-02	3.100407454876159472e-02	8.014660441952360659e-02
1.282009106618650094e+03	2.377077848451392417e-01	1.534686151515507468e-01	2.651628597505522045e-01	1.583337572186259978e-01	7.406153974144594199e-02	3.103723380270544466e-02	8.022820948973943822e-02
1.284427991725477568e+03	2.374083291589991207e-01	1.532641423534898961e-01	2.653802096654762077e-01	1.584604930657382005e-01	7.410692311803884769e-02	3.107031423922126251e-02	8.030958839879551170e-02
1.286846876832305497e+03	2.371097554422095521e-01	1.530602111981631541e-01	2.655969189537830677e-01	1.585868809154000469e-01	7.415217572746128638e-02	3.110331596777148391e-02	8.039074179497039674e-02
1.289265761939132744e+03	2.368120608882481604e-01	1.528568204274131648e-01	2.658129894084446665e-01	1.587129217782580481e-01	7.419729807383777798e-02	3.113623909876287246e-02	8.047167032479426996e-02
1.291684647045960673e+03	2.365152427012532088e-01	1.526539687843962989e-01	2.660284228176681975e-01	1.588386166615235739e-01	7.424229065834044017e-02	3.116908374352983860e-02	8.055237463304741607e-02
1.294103532152788375e+03	2.362192980959697541e-01	1.524516550135977810e-01	2.662432209649073789e-01	1.589639665689933645e-01	7.428715397921392682e-02	3.120185001431797361e-02	8.063285536275879850e-02
1.296522417259616077e+03	2.359242242976961335e-01	1.522498778608466774e-01	2.664573856288732223e-01	1.590889725010699307e-01	7.433188853180018596e-02	3.123453802426778142e-02	8.071311315520501850e-02
1.298941302366443551e+03	2.356300185422306182e-01	1.520486360733305509e-01	2.666709185835453022e-01	1.592136354547815658e-01	7.437649480856291240e-02	3.126714788739860112e-02	8.079314864990934375e-02
1.301360187473271253e+03	2.353366780758186783e-01	1.518479283996100049e-01	2.668838215981825246e-01	1.593379564238021351e-01	7.442097329911182002e-02	3.129967971859272391e-02	8.087296248464098669e-02
1.303779072580098727e+03	2.350442001551004689e-01	1.516477535896329776e-01	2.670960964373341739e-01	1.594619363984703941e-01	7.446532449022660871e-02	3.133213363357971459e-02	8.095255529541457717e-02
1.306197957686926657e+03	2.347525820470587055e-01	1.514481103947489249e-01	2.673077448608506823e-01	1.595855763658092230e-01	7.450954886588072312e-02	3.136450974892092403e-02	8.103192771648970449e-02
1.308616842793753904e+03	2.344618210289668436e-01	1.512489975677227261e-01	2.675187686238947871e-01	1.597088773095446668e-01	7.455364690726488941e-02	3.139680818199416107e-02	8.111108038037083412e-02
1.311035727900581833e+03	2.341719143883377041e-01	1.510504138627484783e-01	2.677291694769521335e-01	1.598318402101243929e-01	7.459761909281034664e-02	3.142902905097860744e-02	8.119001391780718280e-02
1.313454613007409534e+03	2.338828594228722912e-01	1.508523580354629301e-01	2.679389491658426548e-01	1.599544660447362043e-01	7.464146589821195332e-02	3.146117247483985746e-02	8.126872895779294059e-02
1.315873498114237009e+03	2.335946534404091113e-01	1.506548288429589988e-01	2.681481094317309521e-01	1.600767557873261082e-01	7.468518779645097472e-02	3.149323857331517290e-02	8.134722612756750681e-02
1.318292383221064711e+03	2.333072937588737128e-01	1.504578250437988707e-01	2.683566520111373976e-01	1.601987104086162461e-01	7.472878525781764814e-02	3.152522746689891825e-02	8.142550605261596186e-02
1.320711268327892412e+03	2.330207777062286989e-01	1.502613453980269076e-01	2.685645786359491249e-01	1.603203308761225465e-01	7.477225874993362331e-02	3.155713927682816250e-02	8.150356935666969171e-02
1.323130153434719887e+03	2.327351026204238504e-01	1.500653886671826920e-01	2.687718910334305211e-01	1.604416181541720998e-01	7.481560873777401421e-02	3.158897412506846830e-02	8.158141666170708184e-02
1.325549038541547588e+03	2.324502658493468044e-01	1.498699536143134892e-01	2.689785909262343289e-01	1.605625732039203946e-01	7.485883568368938146e-02	3.162073213429983376e-02	8.165904858795448862e-02
1.327967923648375290e+03	2.321662647507739818e-01	1.496750390039867096e-01	2.691846800324123046e-01	1.606831969833682205e-01	7.490194004742738165e-02	3.165241342790285628e-02	8.173646575388718305e-02
1.330386808755202765e+03	2.318830966923217940e-01	1.494806436023022600e-01	2.693901600654262651e-01	1.608034904473785165e-01	7.494492228615433349e-02	3.168401812994500050e-02	8.181366877623057199e-02
1.332805693862030694e+03	2.316007590513981529e-01	1.492867661769045062e-01	2.695950327341584130e-01	1.609234545476927181e-01	7.498778285447639524e-02	3.171554636516708825e-02	8.189065826996141939e-02
1.335224578968857941e+03	2.313192492151544544e-01	1.490934054969944300e-01	2.697992997429225492e-01	1.610430902329472447e-01	7.503052220446071452e-02	3.174699825896992733e-02	8.196743484830933124e-02
1.337643464075685870e+03	2.310385645804377275e-01	1.489005603333412309e-01	2.700029627914746766e-01	1.611623984486895145e-01	7.507314078565618942e-02	3.177837393740110677e-02	8.204399912275822659e-02
1.340062349182513572e+03	2.307587025537431724e-01	1.487082294582938446e-01	2.702060235750236572e-01	1.612813801373938760e-01	7.511563904511417422e-02	3.180967352714198643e-02	8.212035170304800291e-02
1.342481234289341273e+03	2.304796605511669205e-01	1.485164116457925731e-01	2.704084837842419264e-01	1.614000362384772902e-01	7.515801742740889357e-02	3.184089715549479060e-02	8.219649319717632630e-02
1.344900119396168748e+03	2.302014359983592662e-01	1.483251056713801863e-01	2.706103451052763731e-01	1.615183676883148456e-01	7.520027637465770409e-02	3.187204495036990298e-02	8.227242421140042172e-02
1.347319004502996449e+03	2.299240263304780374e-01	1.481343103122130245e-01	2.708116092197588864e-01	1.616363754202551350e-01	7.524241632654110612e-02	3.190311704027332107e-02	8.234814535023912696e-02
1.349737889609823924e+03	2.296474289921424383e-01	1.479440243470719063e-01	2.710122778048171255e-01	1.617540603646353270e-01	7.528443772032260284e-02	3.193411355429424947e-02	8.242365721647496035e-02
1.352156774716651853e+03	2.293716414373870027e-01	1.477542465563730367e-01	2.712123525330850660e-01	1.618714234487961534e-01	7.532634099086828183e-02	3.196503462209284580e-02	8.249896041115621637e-02
1.354575659823479100e+03	2.290966611296159361e-01	1.475649757221783320e-01	2.714118350727138806e-01	1.619884655970967036e-01	7.536812657066634114e-02	3.199588037388811923e-02	8.257405553359932482e-02
1.356994544930307029e+03	2.288224855415578740e-01	1.473762106282061057e-01	2.716107270873822643e-01	1.621051877309289957e-01	7.540979488984629608e-02	3.202665094044598870e-02	8.264894318139119622e-02
1.359413430037134731e+03	2.285491121552206684e-01	1.471879500598412271e-01	2.718090302363072031e-01	1.622215907687324377e-01	7.545134637619807516e-02	3.205734645306751451e-02	8.272362395039160876e-02
1.361832315143962205e+03	2.282765384618467563e-01	1.470001928041453076e-01	2.720067461742547987e-01	1.623376756260080933e-01	7.549278145519082439e-02	3.208796704357719243e-02	8.279809843473584507e-02
1.364251200250789907e+03	2.280047619618686683e-01	1.468129376498666094e-01	2.722038765515503722e-01	1.624534432153327268e-01	7.553410054999168399e-02	3.211851284431149062e-02	8.287236722683725965e-02
1.366670085357617609e+03	2.277337801648647297e-01	1.466261833874499820e-01	2.724004230140895100e-01	1.625688944463728747e-01	7.557530408148424583e-02	3.214898398810750457e-02	8.294643091738992946e-02
1.369088970464445310e+03	2.274635905895153187e-01	1.464399288090463547e-01	2.725963872033484447e-01	1.626840302258985294e-01	7.561639246828688599e-02	3.217938060829168140e-02	8.302029009537154058e-02
1.371507855571272785e+03	2.271941907635591229e-01	1.462541727085223953e-01	2.727917707563944916e-01	1.627988514577967949e-01	7.565736612677091688e-02	3.220970283866878003e-02	8.309394534804617760e-02
1.373926740678100487e+03	2.269255782237498964e-01	1.460689138814698640e-01	2.729865753058967615e-01	1.629133590430854039e-01	7.569822547107853128e-02	3.223995081351093556e-02	8.316739726096727958e-02
1.376345625784927961e+03	2.266577505158132444e-01	1.458841511252147449e-01	2.731808024801366530e-01	1.630275538799260127e-01	7.573897091314057972e-02	3.227012466754684838e-02	8.324064641798058217e-02
1.378764510891755890e+03	2.263907051944040461e-01	1.456998832388264054e-01	2.733744539030181220e-01	1.631414368636374401e-01	7.577960286269423695e-02	3.230022453595110532e-02	8.331369340122725398e-02
1.381183395998583137e+03	2.261244398230638220e-01	1.455161090231265886e-01	2.735675311940784504e-01	1.632550088867086857e-01	7.582012172730039079e-02	3.233025055433367406e-02	8.338653879114699130e-02
1.383602281105411066e+03	2.258589519741784624e-01	1.453328272806980181e-01	2.737600359684986828e-01	1.633682708388118354e-01	7.586052791236091997e-02	3.236020285872948099e-02	8.345918316648121005e-02
1.386021166212238768e+03	2.255942392289364273e-01	1.451500368158932242e-01	2.739519698371138956e-01	1.634812236068148572e-01	7.590082182113580545e-02	3.239008158558814854e-02	8.353162710427630699e-02
1.388440051319066470e+03	2.253302991772868080e-01	1.449677364348429531e-01	2.741433344064237998e-01	1.635938680747942575e-01	7.594100385476006132e-02	3.241988687176387829e-02	8.360387117988694883e-02
1.390858936425893944e+03	2.250671294178981652e-01	1.447859249454645503e-01	2.743341312786030661e-01	1.637062051240475435e-01	7.598107441226047143e-02	3.244961885450541039e-02	8.367591596697951384e-02
1.393277821532721646e+03	2.248047275581171456e-01	1.446046011574702583e-01	2.745243620515118721e-01	1.638182356331056577e-01	7.602103389057222882e-02	3.247927767144616340e-02	8.374776203753538095e-02
1.395696706639549120e+03	2.245430912139275703e-01	1.444237638823752945e-01	2.747140283187061716e-01	1.639299604777453012e-01	7.606088268455536705e-02	3.250886346059445736e-02	8.381940996185456572e-02
1.398115591746377049e+03	2.242822180099099949e-01	1.442434119335056775e-01	2.749031316694481308e-01	1.640413805310008966e-01	7.610062118701099720e-02	3.253837636032389652e-02	8.389086030855909260e-02
1.400534476853204296e+03	2.240221055792011307e-01	1.440635441260063043e-01	2.750916736887164538e-01	1.641524966631767724e-01	7.614024978869748939e-02	3.256781650936386302e-02	8.396211364459667259e-02
1.402953361960032225e+03	2.237627515634538211e-01	1.438841592768484445e-01	2.752796559572167623e-01	1.642633097418589316e-01	7.617976887834637667e-02	3.259718404679009390e-02	8.403317053524428371e-02
1.405372247066859927e+03	2.235041536127969630e-01	1.437052562048374282e-01	2.754670800513918660e-01	1.643738206319269313e-01	7.621917884267823129e-02	3.262647911201543849e-02	8.410403154411183468e-02
1.407791132173687402e+03	2.232463093857961212e-01	1.435268337306199737e-01	2.756539475434320874e-01	1.644840301955655948e-01	7.625848006641826327e-02	3.265570184478071986e-02	8.417469723314585650e-02
1.410210017280515103e+03	2.229892165494140321e-01	1.433488906766916537e-01	2.758402600012858641e-01	1.645939392922763367e-01	7.629767293231180803e-02	3.268485238514565877e-02	8.424516816263329100e-02
1.412628902387342805e+03	2.227328727789713858e-01	1.431714258674039453e-01	2.760260189886694637e-01	1.647035487788888752e-01	7.633675782113973074e-02	3.271393087347998496e-02	8.431544489120523789e-02
1.415047787494170507e+03	2.224772757581081895e-01	1.429944381289713351e-01	2.762112260650776419e-01	1.648128595095724458e-01	7.637573511173358087e-02	3.274293745045461779e-02	8.438552797584079890e-02
1.417466672600997981e+03	2.222224231787448268e-01	1.428179262894782586e-01	2.763958827857939116e-01	1.649218723358470418e-01	7.641460518099069121e-02	3.277187225703298568e-02	8.445541797187093580e-02
1.419885557707825683e+03	2.219683127410438106e-01	1.426418891788859000e-01	2.765799907019005355e-01	1.650305881065946001e-01	7.645336840388901323e-02	3.280073543446242884e-02	8.452511543298237007e-02
1.422304442814653157e+03	2.217149421533716191e-01	1.424663256290389646e-01	2.767635513602889619e-01	1.651390076680699093e-01	7.649202515350195242e-02	3.282952712426575465e-02	8.459462091122148253e-02
1.424723327921481086e+03	2.214623091322607262e-01	1.422912344736721180e-01	2.769465663036699277e-01	1.652471318639117392e-01	7.653057580101295387e-02	3.285824746823286235e-02	8.466393495699832406e-02
1.427142213028308333e+03	2.212104114023719093e-01	1.421166145484165921e-01	2.771290370705836725e-01	1.653549615351534718e-01	7.656902071572996293e-02	3.288689660841247198e-02	8.473305811909055685e-02
1.429561098135136262e+03	2.209592466964568624e-01	1.419424646908063192e-01	2.773109651954102084e-01	1.654624975202339532e-01	7.660736026509980257e-02	3.291547468710401270e-02	8.480199094464752063e-02
1.431979983241963964e+03	2.207088127553208656e-01	1.417687837402843154e-01	2.774923522083792560e-01	1.655697406550081241e-01	7.664559481472235647e-02	3.294398184684956682e-02	8.487073397919422946e-02
1.434398868348791666e+03	2.204591073277858970e-01	1.415955705382087315e-01	2.776731996355804588e-01	1.656766917727575394e-01	7.668372472836462728e-02	3.297241823042593167e-02	8.493928776663549340e-02
1.436817753455619140e+03	2.202101281706537739e-01	1.414228239278588206e-01	2.778535089989737639e-01	1.657833517042008598e-01	7.672175036797464209e-02	3.300078398083679254e-02	8.500765284925999865e-02
1.439236638562446842e+03	2.199618730486696816e-01	1.412505427544408776e-01	2.780332818163991915e-01	1.658897212775042318e-01	7.675967209369528865e-02	3.302907924130497885e-02	8.507582976774437367e-02
1.441655523669274316e+03	2.197143397344858418e-01	1.410787258650939291e-01	2.782125196015870494e-01	1.659958013182915304e-01	7.679749026387792943e-02	3.305730415526485222e-02	8.514381906115746357e-02
1.444074408776102018e+03	2.194675260086254576e-01	1.409073721088954234e-01	2.783912238641680914e-01	1.661015926496545725e-01	7.683520523509597411e-02	3.308545886635477079e-02	8.521162126696436856e-02
1.446493293882929493e+03	2.192214296594467426e-01	1.407364803368667538e-01	2.785693961096833426e-01	1.662070960921632201e-01	7.687281736215824390e-02	3.311354351840965077e-02	8.527923692103070441e-02
1.448912178989757422e+03	2.189760484831073939e-01	1.405660494019786988e-01	2.787470378395943693e-01	1.663123124638754835e-01	7.691032699812226647e-02	3.314155825545362505e-02	8.534666655762679355e-02
1.451331064096585123e+03	2.187313802835290644e-01	1.403960781591567508e-01	2.789241505512933816e-01	1.664172425803473465e-01	7.694773449430739043e-02	3.316950322169281984e-02	8.541391070943188391e-02
1.453749949203412370e+03	2.184874228723622802e-01	1.402265654652862792e-01	2.791007357381128928e-01	1.665218872546427309e-01	7.698504020030780270e-02	3.319737856150822147e-02	8.548096990753839552e-02
1.456168834310240300e+03	2.182441740689513299e-01	1.400575101792177757e-01	2.792767948893360441e-01	1.666262472973432107e-01	7.702224446400544877e-02	3.322518441944859180e-02	8.554784468145618104e-02
1.458587719417068001e+03	2.180016317002994863e-01	1.398889111617717673e-01	2.794523294902064303e-01	1.667303235165578656e-01	7.705934763158278633e-02	3.325292094022353623e-02	8.561453555911677227e-02
1.461006604523895703e+03	2.177597936010345347e-01	1.397207672757437291e-01	2.796273410219378697e-01	1.668341167179327178e-01	7.709635004753540022e-02	3.328058826869662729e-02	8.568104306687772398e-02
1.463425489630723177e+03	2.175186576133742722e-01	1.395530773859088580e-01	2.798018309617248955e-01	1.669376277046604462e-01	7.713325205468458956e-02	3.330818654987865307e-02	8.574736772952690211e-02
1.465844374737550879e+03	2.172782215870925071e-01	1.393858403590269024e-01	2.799758007827520823e-01	1.670408572774898515e-01	7.717005399418969125e-02	3.333571592892091429e-02	8.581351007028674427e-02
1.468263259844378354e+03	2.170384833794849755e-01	1.392190550638465474e-01	2.801492519542043147e-01	1.671438062347351539e-01	7.720675620556047281e-02	3.336317655110861841e-02	8.587947061081861733e-02
1.470682144951206283e+03	2.167994408553356456e-01	1.390527203711101334e-01	2.803221859412766137e-01	1.672464753722854858e-01	7.724335902666917830e-02	3.339056856185439875e-02	8.594524987122720283e-02
1.473101030058033530e+03	2.165610918868833279e-01	1.388868351535579859e-01	2.804946042051839061e-01	1.673488654836140788e-01	7.727986279376268530e-02	3.341789210669188909e-02	8.601084837006479911e-02
1.475519915164861459e+03	2.163234343537880910e-01	1.387213982859326622e-01	2.806665082031710168e-01	1.674509773597874784e-01	7.731626784147437037e-02	3.344514733126936062e-02	8.607626662433565112e-02
1.477938800271689161e+03	2.160864661430983158e-01	1.385564086449831978e-01	2.808378993885224384e-01	1.675528117894747870e-01	7.735257450283600233e-02	3.347233438134350481e-02	8.614150514950039139e-02
1.480357685378516862e+03	2.158501851492176660e-01	1.383918651094692975e-01	2.810087792105720461e-01	1.676543695589565730e-01	7.738878310928941351e-02	3.349945340277324379e-02	8.620656445948034208e-02
1.482776570485344337e+03	2.156145892738724201e-01	1.382277665601652494e-01	2.811791491147132005e-01	1.677556514521339470e-01	7.742489399069810152e-02	3.352650454151367976e-02	8.627144506666194201e-02
