1.001418434226643626e+03	2.831435588251278723e-01	1.746301711676918889e-01	2.341051457125914448e-01	1.412710584321090757e-01	6.892497977508642293e-02	2.768582874153764639e-02	7.023925734583265357e-02
1.002869765290740247e+03	2.828855969133942660e-01	1.744644363023220013e-01	2.342800572637096235e-01	1.413782798020045417e-01	6.896982845092203274e-02	2.771373281023456134e-02	7.030806845738998834e-02
1.004321096354836754e+03	2.826280797366915731e-01	1.742989872677861707e-01	2.344546475372503713e-01	1.414853165160756820e-01	6.901460203896116197e-02	2.774160269875667120e-02	7.037676420445540537e-02
1.005772427418933376e+03	2.823710065259859570e-01	1.741338235693089542e-01	2.346289171169518573e-01	1.415921689396853478e-01	6.905930067444783493e-02	2.776943841295691218e-02	7.044534476064022444e-02
1.007223758483029997e+03	2.821143765135842307e-01	1.739689447129808830e-01	2.348028665854546282e-01	1.416988374372045445e-01	6.910392449233729306e-02	2.779723995890825278e-02	7.051381029950716528e-02
1.008675089547126618e+03	2.818581889331318036e-01	1.738043502057571299e-01	2.349764965243042181e-01	1.418053223720167066e-01	6.914847362729678593e-02	2.782500734290225056e-02	7.058216099456807169e-02
1.010126420611223239e+03	2.816024430196099604e-01	1.736400395554556775e-01	2.351498075139535626e-01	1.419116241065218331e-01	6.919294821370650106e-02	2.785274057144761922e-02	7.065039701928178817e-02
1.011577751675319632e+03	2.813471380093336971e-01	1.734760122707558472e-01	2.353228001337656083e-01	1.420177430021407339e-01	6.923734838566041050e-02	2.788043965126881657e-02	7.071851854705187013e-02
1.013029082739416367e+03	2.810922731399491670e-01	1.733122678611967171e-01	2.354954749620157828e-01	1.421236794193193043e-01	6.928167427696700631e-02	2.790810458930462201e-02	7.078652575122444668e-02
1.014480413803512761e+03	2.808378476504313492e-01	1.731488058371755123e-01	2.356678325758945758e-01	1.422294337175325218e-01	6.932592602115031366e-02	2.793573539270673145e-02	7.085441880508606960e-02
1.015931744867609382e+03	2.805838607810816066e-01	1.729856257099462169e-01	2.358398735515099820e-01	1.423350062552886930e-01	6.937010375145058472e-02	2.796333206883835909e-02	7.092219788186163165e-02
1.017383075931706003e+03	2.803303117735255756e-01	1.728227269916177422e-01	2.360115984638900544e-01	1.424403973901334219e-01	6.941420760082522845e-02	2.799089462527284966e-02	7.098986315471217390e-02
1.018834406995802851e+03	2.800771998707104471e-01	1.726601091951526779e-01	2.361830078869852911e-01	1.425456074786538296e-01	6.945823770194954616e-02	2.801842306979229064e-02	7.105741479673294281e-02
1.020285738059899245e+03	2.798245243169028007e-01	1.724977718343654320e-01	2.363541023936712171e-01	1.426506368764825505e-01	6.950219418721767517e-02	2.804591741038612793e-02	7.112485298095119757e-02
1.021737069123995752e+03	2.795722843576861627e-01	1.723357144239208993e-01	2.365248825557507983e-01	1.427554859383017016e-01	6.954607718874332434e-02	2.807337765524980586e-02	7.119217788032429495e-02
1.023188400188092373e+03	2.793204792399586744e-01	1.721739364793328231e-01	2.366953489439568570e-01	1.428601550178469903e-01	6.958988683836059286e-02	2.810080381278340714e-02	7.125938966773757988e-02
1.024639731252188767e+03	2.790691082119308164e-01	1.720124375169623243e-01	2.368655021279545969e-01	1.429646444679116002e-01	6.963362326762487231e-02	2.812819589159028938e-02	7.132648851600247031e-02
1.026091062316285615e+03	2.788181705231229102e-01	1.718512170540162087e-01	2.370353426763439075e-01	1.430689546403501877e-01	6.967728660781355443e-02	2.815555390047572507e-02	7.139347459785447270e-02
1.027542393380382237e+03	2.785676654243628425e-01	1.716902746085456344e-01	2.372048711566619450e-01	1.431730858860827682e-01	6.972087698992690541e-02	2.818287784844558663e-02	7.146034808595122523e-02
1.028993724444478858e+03	2.783175921677838449e-01	1.715296096994444186e-01	2.373740881353854637e-01	1.432770385550987680e-01	6.976439454468885693e-02	2.821016774470498992e-02	7.152710915287062432e-02
1.030445055508575479e+03	2.780679500068218291e-01	1.713692218464475947e-01	2.375429941779332033e-01	1.433808129964606604e-01	6.980783940254779718e-02	2.823742359865698617e-02	7.159375797110884010e-02
1.031896386572671872e+03	2.778187381962134994e-01	1.712091105701298299e-01	2.377115898486683310e-01	1.434844095583080736e-01	6.985121169367737581e-02	2.826464541990122634e-02	7.166029471307851229e-02
1.033347717636768493e+03	2.775699559919937442e-01	1.710492753919039266e-01	2.378798757109008566e-01	1.435878285878614824e-01	6.989451154797729493e-02	2.829183321823264957e-02	7.172671955110689057e-02
1.034799048700865114e+03	2.773216026514933041e-01	1.708897158340194067e-01	2.380478523268899083e-01	1.436910704314260101e-01	6.993773909507415565e-02	2.831898700364017876e-02	7.179303265743393336e-02
1.036250379764961508e+03	2.770736774333365515e-01	1.707304314195607353e-01	2.382155202578461195e-01	1.437941354343953704e-01	6.998089446432213812e-02	2.834610678630541947e-02	7.185923420421057306e-02
1.037701710829058356e+03	2.768261795974392148e-01	1.705714216724460441e-01	2.383828800639341272e-01	1.438970239412554475e-01	7.002397778480384805e-02	2.837319257660137276e-02	7.192532436349685643e-02
1.039153041893154750e+03	2.765791084050058801e-01	1.704126861174255492e-01	2.385499323042747921e-01	1.439997362955881821e-01	7.006698918533113551e-02	2.840024438509114804e-02	7.199130330726020988e-02
1.040604372957251599e+03	2.763324631185279934e-01	1.702542242800799965e-01	2.387166775369475025e-01	1.441022728400752351e-01	7.010992879444580272e-02	2.842726222252667592e-02	7.205717120737367698e-02
1.042055704021347992e+03	2.760862430017812508e-01	1.700960356868192469e-01	2.388831163189926443e-01	1.442046339165016511e-01	7.015279674042045055e-02	2.845424609984744529e-02	7.212292823561418376e-02
1.043507035085444613e+03	2.758404473198235451e-01	1.699381198648806657e-01	2.390492492064138774e-01	1.443068198657596890e-01	7.019559315125913079e-02	2.848119602817922660e-02	7.218857456366081782e-02
1.044958366149541234e+03	2.755950753389924679e-01	1.697804763423276520e-01	2.392150767541803280e-01	1.444088310278522636e-01	7.023831815469827600e-02	2.850811201883282631e-02	7.225411036309310753e-02
1.046409697213637855e+03	2.753501263269031440e-01	1.696231046480482785e-01	2.393805995162291422e-01	1.445106677418968033e-01	7.028097187820732394e-02	2.853499408330281359e-02	7.231953580538942605e-02
1.047861028277734476e+03	2.751055995524460118e-01	1.694660043117536263e-01	2.395458180454674846e-01	1.446123303461287202e-01	7.032355444898957808e-02	2.856184223326630606e-02	7.238485106192521501e-02
1.049312359341831097e+03	2.748614942857844357e-01	1.693091748639763416e-01	2.397107328937751469e-01	1.447138191779049621e-01	7.036606599398290141e-02	2.858865648058169992e-02	7.245005630397147178e-02
1.050763690405927491e+03	2.746178097983523747e-01	1.691526158360692478e-01	2.398753446120065191e-01	1.448151345737077877e-01	7.040850663986049363e-02	2.861543683728745222e-02	7.251515170269305643e-02
1.052215021470024112e+03	2.743745453628523290e-01	1.689963267602036801e-01	2.400396537499931426e-01	1.449162768691481806e-01	7.045087651303165444e-02	2.864218331560085609e-02	7.258013742914709576e-02
1.053666352534120733e+03	2.741317002532529523e-01	1.688403071693681812e-01	2.402036608565457088e-01	1.450172463989692906e-01	7.049317573964250516e-02	2.866889592791680916e-02	7.264501365428142898e-02
1.055117683598217127e+03	2.738892737447867765e-01	1.686845565973669470e-01	2.403673664794565568e-01	1.451180434970501532e-01	7.053540444557679367e-02	2.869557468680660611e-02	7.270978054893305342e-02
1.056569014662313975e+03	2.736472651139479351e-01	1.685290745788183553e-01	2.405307711655017278e-01	1.452186684964090480e-01	7.057756275645653277e-02	2.872221960501674179e-02	7.277443828382650082e-02
1.058020345726410369e+03	2.734056736384900543e-01	1.683738606491534673e-01	2.406938754604433794e-01	1.453191217292069681e-01	7.061965079764284670e-02	2.874883069546769684e-02	7.283898702957244953e-02
1.059471676790506763e+03	2.731644985974238105e-01	1.682189143446146673e-01	2.408566799090318400e-01	1.454194035267511453e-01	7.066166869423663732e-02	2.877540797125274080e-02	7.290342695666605921e-02
1.060923007854603611e+03	2.729237392710148757e-01	1.680642352022539976e-01	2.410191850550079673e-01	1.455195142194984081e-01	7.070361657107937514e-02	2.880195144563676632e-02	7.296775823548559692e-02
1.062374338918700232e+03	2.726833949407814206e-01	1.679098227599319371e-01	2.411813914411052862e-01	1.456194541370585960e-01	7.074549455275375154e-02	2.882846113205507488e-02	7.303198103629089666e-02
1.063825669982796853e+03	2.724434648894923927e-01	1.677556765563157359e-01	2.413432996090522087e-01	1.457192236081980008e-01	7.078730276358446982e-02	2.885493704411223881e-02	7.309609552922195774e-02
1.065277001046893474e+03	2.722039484011646304e-01	1.676017961308781112e-01	2.415049100995742548e-01	1.458188229608426423e-01	7.082904132763896687e-02	2.888137919558089392e-02	7.316010188429745986e-02
1.066728332110990095e+03	2.719648447610611419e-01	1.674481810238957202e-01	2.416662234523963004e-01	1.459182525220817372e-01	7.087071036872809315e-02	2.890778760040059805e-02	7.322400027141337531e-02
1.068179663175086489e+03	2.717261532556887182e-01	1.672948307764476616e-01	2.418272402062446313e-01	1.460175126181709471e-01	7.091231001040686210e-02	2.893416227267667576e-02	7.328779086034152568e-02
1.069630994239183110e+03	2.714878731727955463e-01	1.671417449304141711e-01	2.419879608988491637e-01	1.461166035745356528e-01	7.095384037597514404e-02	2.896050322667905949e-02	7.335147382072824962e-02
1.071082325303279504e+03	2.712500038013692660e-01	1.669889230284750670e-01	2.421483860669456922e-01	1.462155257157744248e-01	7.099530158847841554e-02	2.898681047684114817e-02	7.341504932209297341e-02
1.072533656367376352e+03	2.710125444316347498e-01	1.668363646141083068e-01	2.423085162462779163e-01	1.463142793656620477e-01	7.103669377070841173e-02	2.901308403775866226e-02	7.347851753382689255e-02
1.073984987431472746e+03	2.707754943550516602e-01	1.666840692315885719e-01	2.424683519715997160e-01	1.464128648471529626e-01	7.107801704520390340e-02	2.903932392418852662e-02	7.354187862519163954e-02
1.075436318495569594e+03	2.705388528643124513e-01	1.665320364259859076e-01	2.426278937766772059e-01	1.465112824823844306e-01	7.111927153425133541e-02	2.906553015104771862e-02	7.360513276531790994e-02
1.076887649559666215e+03	2.703026192533401484e-01	1.663802657431641685e-01	2.427871421942909280e-01	1.466095325926797532e-01	7.116045735988556220e-02	2.909170273341217527e-02	7.366828012320419949e-02
1.078338980623762609e+03	2.700667928172860721e-01	1.662287567297796587e-01	2.429460977562379886e-01	1.467076154985514636e-01	7.120157464389051394e-02	2.911784168651566224e-02	7.373132086771555516e-02
1.079790311687859230e+03	2.698313728525278399e-01	1.660775089332797161e-01	2.431047609933340570e-01	1.468055315197045185e-01	7.124262350779993203e-02	2.914394702574866006e-02	7.379425516758221504e-02
1.081241642751955851e+03	2.695963586566669234e-01	1.659265219019011584e-01	2.432631324354156965e-01	1.469032809750394630e-01	7.128360407289802136e-02	2.917001876665727828e-02	7.385708319139837330e-02
1.082692973816052472e+03	2.693617495285267061e-01	1.657757951846690891e-01	2.434212126113422803e-01	1.470008641826555662e-01	7.132451646022019975e-02	2.919605692494214866e-02	7.391980510762097278e-02
1.084144304880149093e+03	2.691275447681500399e-01	1.656253283313952607e-01	2.435790020489981555e-01	1.470982814598539856e-01	7.136536079055369464e-02	2.922206151645732886e-02	7.398242108456846988e-02
1.085595635944245487e+03	2.688937436767974143e-01	1.654751208926768524e-01	2.437365012752947813e-01	1.471955331231407371e-01	7.140613718443832025e-02	2.924803255720922340e-02	7.404493129041957167e-02
1.087046967008342108e+03	2.686603455569446797e-01	1.653251724198948058e-01	2.438937108161727541e-01	1.472926194882299700e-01	7.144684576216704663e-02	2.927397006335549778e-02	7.410733589321209791e-02
1.088498298072438729e+03	2.684273497122807162e-01	1.651754824652127696e-01	2.440506311966038899e-01	1.473895408700469367e-01	7.148748664378679063e-02	2.929987405120402025e-02	7.416963506084177371e-02
1.089949629136535123e+03	2.681947554477054352e-01	1.650260505815753231e-01	2.442072629405932782e-01	1.474862975827309908e-01	7.152805994909904042e-02	2.932574453721176894e-02	7.423182896106106377e-02
1.091400960200631971e+03	2.679625620693275589e-01	1.648768763227068113e-01	2.443636065711814465e-01	1.475828899396388061e-01	7.156856579766049387e-02	2.935158153798379105e-02	7.429391776147800663e-02
1.092852291264728365e+03	2.677307688844625111e-01	1.647279592431098727e-01	2.445196626104462478e-01	1.476793182533471804e-01	7.160900430878379408e-02	2.937738507027213425e-02	7.435590162955509064e-02
1.094303622328825213e+03	2.674993752016303072e-01	1.645792988980640525e-01	2.446754315795051371e-01	1.477755828356562273e-01	7.164937560153816776e-02	2.940315515097480237e-02	7.441778073260812976e-02
1.095754953392921607e+03	2.672683803305533901e-01	1.644308948436243589e-01	2.448309139985170024e-01	1.478716839975921793e-01	7.168967979475006358e-02	2.942889179713469375e-02	7.447955523780515341e-02
1.097206284457018228e+03	2.670377835821544088e-01	1.642827466366199307e-01	2.449861103866842471e-01	1.479676220494105243e-01	7.172991700700384610e-02	2.945459502593857776e-02	7.454122531216532399e-02
1.098657615521114849e+03	2.668075842685541099e-01	1.641348538346526220e-01	2.451410212622548990e-01	1.480633973005988924e-01	7.177008735664242023e-02	2.948026485471605396e-02	7.460279112255779888e-02
1.100108946585211470e+03	2.665777817030693941e-01	1.639872159960956421e-01	2.452956471425246088e-01	1.481590100598799420e-01	7.181019096176795291e-02	2.950590130093851821e-02	7.466425283570071736e-02
1.101560277649308091e+03	2.663483752002110405e-01	1.638398326800921123e-01	2.454499885438385931e-01	1.482544606352143302e-01	7.185022794024244208e-02	2.953150438221815652e-02	7.472561061816013206e-02
1.103011608713404712e+03	2.661193640756814305e-01	1.636927034465537056e-01	2.456040459815937160e-01	1.483497493338035711e-01	7.189019840968843833e-02	2.955707411630689729e-02	7.478686463634896808e-02
1.104462939777501106e+03	2.658907476463728825e-01	1.635458278561593426e-01	2.457578199702404320e-01	1.484448764620930616e-01	7.193010248748964164e-02	2.958261052109542252e-02	7.484801505652599607e-02
1.105914270841597499e+03	2.656625252303650431e-01	1.633992054703536922e-01	2.459113110232848676e-01	1.485398423257747180e-01	7.196994029079156752e-02	2.960811361461214430e-02	7.490906204479480524e-02
1.107365601905694348e+03	2.654346961469229438e-01	1.632528358513458955e-01	2.460645196532906809e-01	1.486346472297900012e-01	7.200971193650218538e-02	2.963358341502222298e-02	7.497000576710281805e-02
1.108816932969790741e+03	2.652072597164951695e-01	1.631067185621082050e-01	2.462174463718811435e-01	1.487292914783327480e-01	7.204941754129258469e-02	2.965901994062654715e-02	7.503084638924030492e-02
1.110268264033887590e+03	2.649802152607115269e-01	1.629608531663744309e-01	2.463700916897411108e-01	1.488237753748519188e-01	7.208905722159758556e-02	2.968442320986075522e-02	7.509158407683939884e-02
1.111719595097984211e+03	2.647535621023808239e-01	1.628152392286389138e-01	2.465224561166188821e-01	1.489180992220544286e-01	7.212863109361636327e-02	2.970979324129424670e-02	7.515221899537311012e-02
1.113170926162080832e+03	2.645272995654889270e-01	1.626698763141547488e-01	2.466745401613283373e-01	1.490122633219078951e-01	7.216813927331310052e-02	2.973513005362919334e-02	7.521275131015443816e-02
1.114622257226177226e+03	2.643014269751968182e-01	1.625247639889328410e-01	2.468263443317507688e-01	1.491062679756435805e-01	7.220758187641762582e-02	2.976043366569958160e-02	7.527318118633538613e-02
1.116073588290273847e+03	2.640759436578383190e-01	1.623799018197402133e-01	2.469778691348368527e-01	1.492001134837589449e-01	7.224695901842599632e-02	2.978570409647021688e-02	7.533350878890605895e-02
1.117524919354370468e+03	2.638508489409178703e-01	1.622352893740988400e-01	2.471291150766085909e-01	1.492938001460205055e-01	7.228627081460120563e-02	2.981094136503578684e-02	7.539373428269374733e-02
1.118976250418467089e+03	2.636261421531089222e-01	1.620909262202842593e-01	2.472800826621612547e-01	1.493873282614665010e-01	7.232551737997369723e-02	2.983614549061987600e-02	7.545385783236201183e-02
1.120427581482563710e+03	2.634018226242513805e-01	1.619468119273241857e-01	2.474307723956652716e-01	1.494806981284096947e-01	7.236469882934210007e-02	2.986131649257401863e-02	7.551387960240983632e-02
1.121878912546660331e+03	2.631778896853498306e-01	1.618029460649971774e-01	2.475811847803682797e-01	1.495739100444400393e-01	7.240381527727371425e-02	2.988645439037675502e-02	7.557379975717067044e-02
1.123330243610756725e+03	2.629543426685713725e-01	1.616593282038313040e-01	2.477313203185968760e-01	1.496669643064272304e-01	7.244286683810526040e-02	2.991155920363268092e-02	7.563361846081166628e-02
1.124781574674853118e+03	2.627311809072435667e-01	1.615159579151028424e-01	2.478811795117586703e-01	1.497598612105235649e-01	7.248185362594343484e-02	2.993663095207150376e-02	7.569333587733279023e-02
1.126232905738949967e+03	2.625084037358523803e-01	1.613728347708348887e-01	2.480307628603440340e-01	1.498526010521664953e-01	7.252077575466547854e-02	2.996166965554711639e-02	7.575295217056594865e-02
1.127684236803046360e+03	2.622860104900401890e-01	1.612299583437959982e-01	2.481800708639281539e-01	1.499451841260813212e-01	7.255963333791984327e-02	2.998667533403666374e-02	7.581246750417421076e-02
1.129135567867143209e+03	2.620640005066035561e-01	1.610873282074988810e-01	2.483291040211728085e-01	1.500376107262837155e-01	7.259842648912678831e-02	3.001164800763960958e-02	7.587188204165094818e-02
1.130586898931239830e+03	2.618423731234914564e-01	1.609449439361991252e-01	2.484778628298283665e-01	1.501298811460824445e-01	7.263715532147894949e-02	3.003658769657682748e-02	7.593119594631907165e-02
1.132038229995336451e+03	2.616211276798030561e-01	1.608028051048938367e-01	2.486263477867355909e-01	1.502219956780819210e-01	7.267581994794196365e-02	3.006149442118968493e-02	7.599040938133019840e-02
1.133489561059432845e+03	2.614002635157857135e-01	1.606609112893202240e-01	2.487745593878275263e-01	1.503139546141847305e-01	7.271442048125509316e-02	3.008636820193912390e-02	7.604952250966390270e-02
1.134940892123529466e+03	2.611797799728328706e-01	1.605192620659543767e-01	2.489224981281313032e-01	1.504057582455943232e-01	7.275295703393178104e-02	3.011120905940476225e-02	7.610853549412691099e-02
1.136392223187626087e+03	2.609596763934822206e-01	1.603778570120099611e-01	2.490701645017701082e-01	1.504974068628174289e-01	7.279142971826024766e-02	3.013601701428399518e-02	7.616744849735236633e-02
1.137843554251722708e+03	2.607399521214134319e-01	1.602366957054368601e-01	2.492175590019650167e-01	1.505889007556666936e-01	7.282983864630411530e-02	3.016079208739109660e-02	7.622626168179910677e-02
1.139294885315819101e+03	2.605206065014465389e-01	1.600957777249197855e-01	2.493646821210367681e-01	1.506802402132632057e-01	7.286818392990294935e-02	3.018553429965631710e-02	7.628497520975083268e-02
1.140746216379915950e+03	2.603016388795392766e-01	1.599551026498770567e-01	2.495115343504077099e-01	1.507714255240389378e-01	7.290646568067291056e-02	3.021024367212502004e-02	7.634358924331546836e-02
1.142197547444012343e+03	2.600830486027856381e-01	1.598146700604593795e-01	2.496581161806035731e-01	1.508624569757393008e-01	7.294468401000726854e-02	3.023492022595678300e-02	7.640210394442442654e-02
1.143648878508108737e+03	2.598648350194136536e-01	1.596744795375483195e-01	2.498044281012553325e-01	1.509533348554256138e-01	7.298283902907699849e-02	3.025956398242452688e-02	7.646051947483185895e-02
1.145100209572205586e+03	2.596469974787833923e-01	1.595345306627551640e-01	2.499504706011010380e-01	1.510440594494775746e-01	7.302093084883143348e-02	3.028417496291364516e-02	7.651883599611404574e-02
1.146551540636302207e+03	2.594295353313850194e-01	1.593948230184195347e-01	2.500962441679875359e-01	1.511346310435957019e-01	7.305895957999875012e-02	3.030875318892112952e-02	7.657705366966859051e-02
1.148002871700398828e+03	2.592124479288366867e-01	1.592553561876081381e-01	2.502417492888724948e-01	1.512250499228037781e-01	7.309692533308660700e-02	3.033329868205472332e-02	7.663517265671382361e-02
1.149454202764495449e+03	2.589957346238825342e-01	1.591161297541134612e-01	2.503869864498259878e-01	1.513153163714513749e-01	7.313482821838265813e-02	3.035781146403204386e-02	7.669319311828814989e-02
1.150905533828591842e+03	2.587793947703908581e-01	1.589771433024524672e-01	2.505319561360325187e-01	1.514054306732161015e-01	7.317266834595520519e-02	3.038229155667973580e-02	7.675111521524932701e-02
1.152356864892688463e+03	2.585634277233519462e-01	1.588383964178652907e-01	2.506766588317926314e-01	1.514953931111061858e-01	7.321044582565368330e-02	3.040673898193262462e-02	7.680893910827386872e-02
1.153808195956785084e+03	2.583478328388763012e-01	1.586998886863139613e-01	2.508210950205247425e-01	1.515852039674627505e-01	7.324816076710929935e-02	3.043115376183288395e-02	7.686666495785639264e-02
1.155259527020881706e+03	2.581326094741924204e-01	1.585616196944810707e-01	2.509652651847669724e-01	1.516748635239621446e-01	7.328581327973551773e-02	3.045553591852916825e-02	7.692429292430898180e-02
1.156710858084978327e+03	2.579177569876449638e-01	1.584235890297686355e-01	2.511091698061789779e-01	1.517643720616185798e-01	7.332340347272872649e-02	3.047988547427580089e-02	7.698182316776060186e-02
1.158162189149074720e+03	2.577032747386927558e-01	1.582857962802966256e-01	2.512528093655436168e-01	1.518537298607861019e-01	7.336093145506869528e-02	3.050420245143193113e-02	7.703925584815644878e-02
1.159613520213171569e+03	2.574891620879068421e-01	1.581482410349018541e-01	2.513961843427688359e-01	1.519429372011612822e-01	7.339839733551918599e-02	3.052848687246071530e-02	7.709659112525742153e-02
1.161064851277267962e+03	2.572754183969685471e-01	1.580109228831365620e-01	2.515392952168893359e-01	1.520319943617852720e-01	7.343580122262853560e-02	3.055273875992849456e-02	7.715382915863942814e-02
1.162516182341364356e+03	2.570620430286673086e-01	1.578738414152671687e-01	2.516821424660684037e-01	1.521209016210463283e-01	7.347314322473012804e-02	3.057695813650396222e-02	7.721097010769288616e-02
1.163967513405461204e+03	2.568490353468990683e-01	1.577369962222731070e-01	2.518247265675995217e-01	1.522096592566819784e-01	7.351042344994301869e-02	3.060114502495737618e-02	7.726801413162212584e-02
1.165418844469557826e+03	2.566363947166639958e-01	1.576003868958454346e-01	2.519670479979083666e-01	1.522982675457813795e-01	7.354764200617246173e-02	3.062529944815972974e-02	7.732496138944484898e-02
1.166870175533654447e+03	2.564241205040647120e-01	1.574640130283856410e-01	2.521091072325543636e-01	1.523867267647875667e-01	7.358479900111046523e-02	3.064942142908195707e-02	7.738181203999155988e-02
1.168321506597751068e+03	2.562122120763042354e-01	1.573278742130042873e-01	2.522509047462325182e-01	1.524750371894997847e-01	7.362189454223630469e-02	3.067351099079413182e-02	7.743856624190499638e-02
1.169772837661847461e+03	2.560006688016842613e-01	1.571919700435198686e-01	2.523924410127750262e-01	1.525631990950756522e-01	7.365892873681711972e-02	3.069756815646466908e-02	7.749522415363967187e-02
1.171224168725944082e+03	2.557894900496029411e-01	1.570563001144575088e-01	2.525337165051532162e-01	1.526512127560334386e-01	7.369590169190839979e-02	3.072159294935953092e-02	7.755178593346125082e-02
1.172675499790040703e+03	2.555786751905531617e-01	1.569208640210476846e-01	2.526747316954789935e-01	1.527390784462543394e-01	7.373281351435456710e-02	3.074558539284145270e-02	7.760825173944610467e-02
1.174126830854137097e+03	2.553682235961204361e-01	1.567856613592249482e-01	2.528154870550069488e-01	1.528267964389846134e-01	7.376966431078949005e-02	3.076954551036913815e-02	7.766462172948077058e-02
1.175578161918233945e+03	2.551581346389810712e-01	1.566506917256266784e-01	2.529559830541356358e-01	1.529143670068379424e-01	7.380645418763703836e-02	3.079347332549650998e-02	7.772089606126145189e-02
1.177029492982330339e+03	2.549484076929002807e-01	1.565159547175919430e-01	2.530962201624096242e-01	1.530017904217974289e-01	7.384318325111158265e-02	3.081736886187190841e-02	7.777707489229356008e-02
1.178480824046426733e+03	2.547390421327302423e-01	1.563814499331600272e-01	2.532361988485209436e-01	1.530890669552179006e-01	7.387985160721859124e-02	3.084123214323733486e-02	7.783315837989120134e-02
1.179932155110523581e+03	2.545300373344082101e-01	1.562471769710694625e-01	2.533759195803109709e-01	1.531761968778281302e-01	7.391645936175506026e-02	3.086506319342768173e-02	7.788914668117669082e-02
1.181383486174620202e+03	2.543213926749544052e-01	1.561131354307565555e-01	2.535153828247720398e-01	1.532631804597328617e-01	7.395300662031015215e-02	3.088886203636997604e-02	7.794503995308010857e-02
1.182834817238716823e+03	2.541131075324703503e-01	1.559793249123542780e-01	2.536545890480492726e-01	1.533500179704150868e-01	7.398949348826565353e-02	3.091262869608261271e-02	7.800083835233884155e-02
1.184286148302813444e+03	2.539051812861368718e-01	1.558457450166909619e-01	2.537935387154419686e-01	1.534367096787380425e-01	7.402592007079650260e-02	3.093636319667460166e-02	7.805654203549711179e-02
1.185737479366910065e+03	2.536976133162121561e-01	1.557123953452891618e-01	2.539322322914054908e-01	1.535232558529475155e-01	7.406228647287134426e-02	3.096006556234483231e-02	7.811215115890557392e-02
1.187188810431006686e+03	2.534904030040299183e-01	1.555792755003642946e-01	2.540706702395529870e-01	1.536096567606738406e-01	7.409859279925298803e-02	3.098373581738130683e-02	7.816766587872081562e-02
1.188640141495103080e+03	2.532835497319973483e-01	1.554463850848234463e-01	2.542088530226568888e-01	1.536959126689340649e-01	7.413483915449901873e-02	3.100737398616041848e-02	7.822308635090502449e-02
1.190091472559199701e+03	2.530770528835934452e-01	1.553137237022641504e-01	2.543467811026507430e-01	1.537820238441339749e-01	7.417102564296224054e-02	3.103098009314619876e-02	7.827841273122544685e-02
1.191542803623296322e+03	2.528709118433670744e-01	1.551812909569732502e-01	2.544844549406307110e-01	1.538679905520702329e-01	7.420715236879119048e-02	3.105455416288959228e-02	7.833364517525409632e-02
1.192994134687392716e+03	2.526651259969349694e-01	1.550490864539255664e-01	2.546218749968574002e-01	1.539538130579324871e-01	7.424321943593069351e-02	3.107809622002772471e-02	7.838878383836726804e-02
1.194445465751489564e+03	2.524596947309799555e-01	1.549171097987826484e-01	2.547590417307574184e-01	1.540394916263054248e-01	7.427922694812236215e-02	3.110160628928318460e-02	7.844382887574517793e-02
1.195896796815585958e+03	2.522546174332490065e-01	1.547853605978916913e-01	2.548959556009249283e-01	1.541250265211706605e-01	7.431517500890508221e-02	3.112508439546328096e-02	7.849878044237157404e-02
1.197348127879682352e+03	2.520498934925513579e-01	1.546538384582842041e-01	2.550326170651234792e-01	1.542104180059090390e-01	7.435106372161552624e-02	3.114853056345935275e-02	7.855363869303333413e-02
1.198799458943779200e+03	2.518455222987567299e-01	1.545225429876747603e-01	2.551690265802875057e-01	1.542956663433024678e-01	7.438689318938866701e-02	3.117194481824603347e-02	7.860840378232011871e-02
1.200250790007875821e+03	2.516415032427933851e-01	1.543914737944600268e-01	2.553051846025240490e-01	1.543807717955360537e-01	7.442266351515830491e-02	3.119532718488055370e-02	7.866307586462398249e-02
1.201702121071972442e+03	2.514378357166462408e-01	1.542606304877172374e-01	2.554410915871142551e-01	1.544657346242000462e-01	7.445837480165751199e-02	3.121867768850202993e-02	7.871765509413901352e-02
1.203153452136069063e+03	2.512345191133550926e-01	1.541300126772031931e-01	2.555767479885152071e-01	1.545505550902918912e-01	7.449402715141918707e-02	3.124199635433076369e-02	7.877214162486098625e-02
1.204604783200165684e+03	2.510315528270127827e-01	1.539996199733530413e-01	2.557121542603613684e-01	1.546352334542181739e-01	7.452962066677649988e-02	3.126528320766754077e-02	7.882653561058700076e-02
1.206056114264262078e+03	2.508289362527631461e-01	1.538694519872789435e-01	2.558473108554661368e-01	1.547197699757966172e-01	7.456515544986343225e-02	3.128853827389294767e-02	7.888083720491521900e-02
1.207507445328358699e+03	2.506266687867993448e-01	1.537395083307689647e-01	2.559822182258237322e-01	1.548041649142580523e-01	7.460063160261527770e-02	3.131176157846665697e-02	7.893504656124443464e-02
1.208958776392455093e+03	2.504247498263620364e-01	1.536097886162859083e-01	2.561168768226104731e-01	1.548884185282484449e-01	7.463604922676908560e-02	3.133495314692676115e-02	7.898916383277378161e-02
1.210410107456551941e+03	2.502231787697373755e-01	1.534802924569660942e-01	2.562512870961866640e-01	1.549725310758306718e-01	7.467140842386418842e-02	3.135811300488908909e-02	7.904318917250240106e-02
1.211861438520648335e+03	2.500219550162552373e-01	1.533510194666181381e-01	2.563854494960980390e-01	1.550565028144866853e-01	7.470670929524270143e-02	3.138124117804651919e-02	7.909712273322921927e-02
1.213312769584745183e+03	2.498210779662874415e-01	1.532219692597217575e-01	2.565193644710773158e-01	1.551403340011192344e-01	7.474195194204993897e-02	3.140433769216830623e-02	7.915096466755248972e-02
1.214764100648841804e+03	2.496205470212459476e-01	1.530931414514265787e-01	2.566530324690459719e-01	1.552240248920540022e-01	7.477713646523499735e-02	3.142740257309938751e-02	7.920471512786962653e-02
1.216215431712937971e+03	2.494203615835808852e-01	1.529645356575509985e-01	2.567864539371155219e-01	1.553075757430412707e-01	7.481226296555118505e-02	3.145043584675977222e-02	7.925837426637685756e-02
1.217666762777034819e+03	2.492205210567788043e-01	1.528361514945810185e-01	2.569196293215894600e-01	1.553909868092580027e-01	7.484733154355648066e-02	3.147343753914380593e-02	7.931194223506889129e-02
1.219118093841131440e+03	2.490210248453608444e-01	1.527079885796689407e-01	2.570525590679645367e-01	1.554742583453097016e-01	7.488234229961408805e-02	3.149640767631956689e-02	7.936541918573876420e-02
1.220569424905228061e+03	2.488218723548809574e-01	1.525800465306322573e-01	2.571852436209324244e-01	1.555573906052322708e-01	7.491729533389283879e-02	3.151934628442817216e-02	7.941880526997746603e-02
1.222020755969324682e+03	2.486230629919239932e-01	1.524523249659525403e-01	2.573176834243814382e-01	1.556403838424939012e-01	7.495219074636770562e-02	3.154225338968313225e-02	7.947210063917366230e-02
1.223472087033421303e+03	2.484245961641040057e-01	1.523248235047741928e-01	2.574498789213978123e-01	1.557232383099968753e-01	7.498702863682030206e-02	3.156512901836971974e-02	7.952530544451351380e-02
1.224923418097517697e+03	2.482264712800623663e-01	1.521975417669031994e-01	2.575818305542674214e-01	1.558059542600795100e-01	7.502180910483929877e-02	3.158797319684428923e-02	7.957841983698034360e-02
1.226374749161614318e+03	2.480286877494659037e-01	1.520704793728061832e-01	2.577135387644773901e-01	1.558885319445179052e-01	7.505653224982093696e-02	3.161078595153365978e-02	7.963144396735445663e-02
1.227826080225710712e+03	2.478312449830052666e-01	1.519436359436089623e-01	2.578450039927174808e-01	1.559709716145279423e-01	7.509119817096945870e-02	3.163356730893446961e-02	7.968437798621283430e-02
1.229277411289807560e+03	2.476341423923930363e-01	1.518170111010955503e-01	2.579762266788817593e-01	1.560532735207668942e-01	7.512580696729763419e-02	3.165631729561253771e-02	7.973722204392894031e-02
1.230728742353903954e+03	2.474373793903618113e-01	1.516906044677070464e-01	2.581072072620701485e-01	1.561354379133354509e-01	7.516035873762719199e-02	3.167903593820222546e-02	7.978997629067248465e-02
1.232180073418000802e+03	2.472409553906626256e-01	1.515644156665403031e-01	2.582379461805898724e-01	1.562174650417793853e-01	7.519485358058924929e-02	3.170172326340581909e-02	7.984264087640914609e-02
1.233631404482097196e+03	2.470448698080630334e-01	1.514384443213468157e-01	2.583684438719569543e-01	1.562993551550913851e-01	7.522929159462486692e-02	3.172437929799289819e-02	7.989521595090044725e-02
1.235082735546193817e+03	2.468491220583453050e-01	1.513126900565316402e-01	2.584987007728979380e-01	1.563811085017128844e-01	7.526367287798543804e-02	3.174700406879970432e-02	7.994770166370346320e-02
1.236534066610290438e+03	2.466537115583047335e-01	1.511871524971521996e-01	2.586287173193512756e-01	1.564627253295357845e-01	7.529799752873317376e-02	3.176959760272853039e-02	8.000009816417064101e-02
1.237985397674387059e+03	2.464586377257478034e-01	1.510618312689171183e-01	2.587584939464687706e-01	1.565442058859043417e-01	7.533226564474156117e-02	3.179215992674712388e-02	8.005240560144961937e-02
1.239436728738483680e+03	2.462638999794904138e-01	1.509367259981850284e-01	2.588880310886173541e-01	1.566255504176167768e-01	7.536647732369579356e-02	3.181469106788802764e-02	8.010462412448297875e-02
1.240888059802580301e+03	2.460694977393560745e-01	1.508118363119635152e-01	2.590173291793801957e-01	1.567067591709271068e-01	7.540063266309328383e-02	3.183719105324802484e-02	8.015675388200808882e-02
1.242339390866676695e+03	2.458754304261742407e-01	1.506871618379078959e-01	2.591463886515587012e-01	1.567878323915469496e-01	7.543473176024402538e-02	3.185965990998749359e-02	8.020879502255692794e-02
1.243790721930773088e+03	2.456816974617784255e-01	1.505627022043201368e-01	2.592752099371736785e-01	1.568687703246471887e-01	7.546877471227117495e-02	3.188209766532982409e-02	8.026074769445584733e-02
1.245242052994869937e+03	2.454882982690044790e-01	1.504384570401476329e-01	2.594037934674667811e-01	1.569495732148596945e-01	7.550276161611138570e-02	3.190450434656080803e-02	8.031261204582548774e-02
1.246693384058966330e+03	2.452952322716888678e-01	1.503144259749821521e-01	2.595321396729022290e-01	1.570302413062790448e-01	7.553669256851532066e-02	3.192687998102806957e-02	8.036438822458050191e-02
1.248144715123063179e+03	2.451024988946668981e-01	1.501906086390585593e-01	2.596602489831683624e-01	1.571107748424643569e-01	7.557056766604808296e-02	3.194922459614043392e-02	8.041607637842951295e-02
1.249596046187159800e+03	2.449100975637709121e-01	1.500670046632538723e-01	2.597881218271787529e-01	1.571911740664408419e-01	7.560438700508964605e-02	3.197153821936735141e-02	8.046767665487483678e-02
1.251047377251256421e+03	2.447180277058285669e-01	1.499436136790860130e-01	2.599157586330740344e-01	1.572714392207015255e-01	7.563815068183532553e-02	3.199382087823834930e-02	8.051918920121238499e-02
1.252498708315352815e+03	2.445262887486611691e-01	1.498204353187126137e-01	2.600431598282232915e-01	1.573515705472090243e-01	7.567185879229620937e-02	3.201607260034238650e-02	8.057061416453152602e-02
1.253950039379449436e+03	2.443348801210817600e-01	1.496974692149301012e-01	2.601703258392254470e-01	1.574315682873971556e-01	7.570551143229958813e-02	3.203829341332733310e-02	8.062195169171491871e-02
1.255401370443546057e+03	2.441438012528935053e-01	1.495747150011722815e-01	2.602972570919107054e-01	1.575114326821726585e-01	7.573910869748941288e-02	3.206048334489935286e-02	8.067320192943834567e-02
1.256852701507642678e+03	2.439530515748879469e-01	1.494521723115094514e-01	2.604239540113423845e-01	1.575911639719168034e-01	7.577265068332673936e-02	3.208264242282234807e-02	8.072436502417065785e-02
1.258304032571739299e+03	2.437626305188432263e-01	1.493298407806471773e-01	2.605504170218178039e-01	1.576707623964870297e-01	7.580613748509014427e-02	3.210477067491738362e-02	8.077544112217356631e-02
1.259755363635835920e+03	2.435725375175223917e-01	1.492077200439251572e-01	2.606766465468701721e-01	1.577502281952186947e-01	7.583956919787616935e-02	3.212686812906213191e-02	8.082643036950157289e-02
1.261206694699932314e+03	2.433827720046715937e-01	1.490858097373161384e-01	2.608026430092701409e-01	1.578295616069265994e-01	7.587294591659975163e-02	3.214893481319029689e-02	8.087733291200177588e-02
1.262658025764028707e+03	2.431933334150185033e-01	1.489641094974248070e-01	2.609284068310267490e-01	1.579087628699067103e-01	7.590626773599465360e-02	3.217097075529105898e-02	8.092814889531382838e-02
1.264109356828125556e+03	2.430042211842703970e-01	1.488426189614867057e-01	2.610539384333891988e-01	1.579878322219377407e-01	7.593953475061392122e-02	3.219297598340850608e-02	8.097887846486982732e-02
1.265560687892221949e+03	2.428154347491126019e-01	1.487213377673669290e-01	2.611792382368484100e-01	1.580667699002827886e-01	7.597274705483030022e-02	3.221495052564112005e-02	8.102952176589414690e-02
1.267012018956318798e+03	2.426269735472067757e-01	1.486002655535592354e-01	2.613043066611381859e-01	1.581455761416909467e-01	7.600590474283662468e-02	3.223689441014116613e-02	8.108007894340339694e-02
1.268463350020415419e+03	2.424388370171890184e-01	1.484794019591848813e-01	2.614291441252368786e-01	1.582242511823988285e-01	7.603900790864630277e-02	3.225880766511419334e-02	8.113055014220627026e-02
1.269914681084511813e+03	2.422510245986684019e-01	1.483587466239914554e-01	2.615537510473686655e-01	1.583027952581322062e-01	7.607205664609369145e-02	3.228069031881847240e-02	8.118093550690351490e-02
1.271366012148608434e+03	2.420635357322250270e-01	1.482382991883517964e-01	2.616781278450049930e-01	1.583812086041077039e-01	7.610505104883456828e-02	3.230254239956444756e-02	8.123123518188776759e-02
1.272817343212705055e+03	2.418763698594085243e-01	1.481180592932629381e-01	2.618022749348662970e-01	1.584594914550342404e-01	7.613799121034653394e-02	3.232436393571420236e-02	8.128144931134353990e-02
1.274268674276801676e+03	2.416895264227362505e-01	1.479980265803449435e-01	2.619261927329229467e-01	1.585376440451146673e-01	7.617087722392940075e-02	3.234615495568092525e-02	8.133157803924712104e-02
1.275720005340898297e+03	2.415030048656915673e-01	1.478782006918398506e-01	2.620498816543970766e-01	1.586156666080472122e-01	7.620370918270566452e-02	3.236791548792838230e-02	8.138162150936648076e-02
1.277171336404994690e+03	2.413168046327222593e-01	1.477585812706105339e-01	2.621733421137636966e-01	1.586935593770272823e-01	7.623648717962087928e-02	3.238964556097037595e-02	8.143157986526119996e-02
1.278622667469091539e+03	2.411309251692387301e-01	1.476391679601396778e-01	2.622965745247522462e-01	1.587713225847487419e-01	7.626921130744412913e-02	3.241134520337023150e-02	8.148145325028242902e-02
1.280073998533187932e+03	2.409453659216123644e-01	1.475199604045285828e-01	2.624195793003481492e-01	1.588489564634056606e-01	7.630188165876836126e-02	3.243301444374025594e-02	8.153124180757280459e-02
1.281525329597284326e+03	2.407601263371738354e-01	1.474009582484961944e-01	2.625423568527939788e-01	1.589264612446936453e-01	7.633449832601088558e-02	3.245465331074123827e-02	8.158094568006639402e-02
1.282976660661381175e+03	2.405752058642114388e-01	1.472821611373779094e-01	2.626649075935909572e-01	1.590038371598115896e-01	7.636706140141373556e-02	3.247626183308191528e-02	8.163056501048862601e-02
1.284427991725477568e+03	2.403906039519694005e-01	1.471635687171245488e-01	2.627872319335003426e-01	1.590810844394630885e-01	7.639957097704409839e-02	3.249784003951845107e-02	8.168009994135629059e-02
1.285879322789574417e+03	2.402063200506461826e-01	1.470451806343012757e-01	2.629093302825448175e-01	1.591582033138578267e-01	7.643202714479471749e-02	3.251938795885395833e-02	8.172955061497744200e-02
1.287330653853671038e+03	2.400223536113928469e-01	1.469269965360864572e-01	2.630312030500099318e-01	1.592351940127133270e-01	7.646442999638429494e-02	3.254090561993793623e-02	8.177891717345137090e-02
1.288781984917767431e+03	2.398387040863113051e-01	1.468090160702706370e-01	2.631528506444455462e-01	1.593120567652563102e-01	7.649677962335788006e-02	3.256239305166581249e-02	8.182819975866857665e-02
1.290233315981864052e+03	2.396553709284528488e-01	1.466912388852555371e-01	2.632742734736670531e-01	1.593887918002241944e-01	7.652907611708736901e-02	3.258385028297841601e-02	8.187739851231069788e-02
