1.001418434226643626e+03	2.831436293787930603e-01	1.746295553746862461e-01	2.341042152224837858e-01	1.412722101869786362e-01	6.892404807650198695e-02	2.768782704717284021e-02	7.023851471336020613e-02
1.003837319333471214e+03	2.827139387895490907e-01	1.743534905905635979e-01	2.343955511082652654e-01	1.414508086670763776e-01	6.899875696948500059e-02	2.773431777318135019e-02	7.035313610185611743e-02
1.006256204440298802e+03	2.822854821560860095e-01	1.740782188621870508e-01	2.346859956501299582e-01	1.416288948819830751e-01	6.907325754269719176e-02	2.778071352851751302e-02	7.046743737837599109e-02
1.008675089547126618e+03	2.818582559242528984e-01	1.738037379029452878e-01	2.349755515455633215e-01	1.418064705188118446e-01	6.914755042074854918e-02	2.782701434144317296e-02	7.058141934621169067e-02
1.011093974653954206e+03	2.814322565502198614e-01	1.735300454328932429e-01	2.352642214836065115e-01	1.419835372570635856e-01	6.922163622603173805e-02	2.787322024190335909e-02	7.069508280825839708e-02
1.013512859760782021e+03	2.810074805004472709e-01	1.732571391787319504e-01	2.355520081448889691e-01	1.421600967686812156e-01	6.929551557873296630e-02	2.791933126150797015e-02	7.080842856698632559e-02
1.015931744867609382e+03	2.805839242516550147e-01	1.729850168737882554e-01	2.358389142016608653e-01	1.423361507181031549e-01	6.936918909684280932e-02	2.796534743351360153e-02	7.092145742441288703e-02
1.018350629974437197e+03	2.801615842907920206e-01	1.727136762579948304e-01	2.361249423178251594e-01	1.425117007623166454e-01	6.944265739616693744e-02	2.801126879280554233e-02	7.103417018207543177e-02
1.020769515081264785e+03	2.797404571150054475e-01	1.724431150778701072e-01	2.364100951489697955e-01	1.426867485509100419e-01	6.951592109033689904e-02	2.805709537587993199e-02	7.114656764100439623e-02
1.023188400188092373e+03	2.793205392316104874e-01	1.721733310864982935e-01	2.366943753423992325e-01	1.428612957261249095e-01	6.958898079082059818e-02	2.810282722082606613e-02	7.125865060169707388e-02
1.025607285294920075e+03	2.789018271580599451e-01	1.719043220435095554e-01	2.369777855371661412e-01	1.430353439229076207e-01	6.966183710693284181e-02	2.814846436730886192e-02	7.137041986409169148e-02
1.028026170401747549e+03	2.784843174219142070e-01	1.716360857150601438e-01	2.372603283641027128e-01	1.432088947689602321e-01	6.973449064584584522e-02	2.819400685655147967e-02	7.148187622754210990e-02
1.030445055508575479e+03	2.780680065608107099e-01	1.713686198738127164e-01	2.375420064458518277e-01	1.433819498847909157e-01	6.980694201259951548e-02	2.823945473131808312e-02	7.159302049079292740e-02
1.032863940615402726e+03	2.776528911224344087e-01	1.711019222989166033e-01	2.378228223968979205e-01	1.435545108837640305e-01	6.987919181011180425e-02	2.828480803589676629e-02	7.170385345195511018e-02
1.035282825722230655e+03	2.772389676644875234e-01	1.708359907759882390e-01	2.381027788235978715e-01	1.437265793721495544e-01	6.995124063918889412e-02	2.833006681608261565e-02	7.181437590848190056e-02
1.037701710829058356e+03	2.768262327546598400e-01	1.705708230970915673e-01	2.383818783242114547e-01	1.438981569491720458e-01	7.002308909853534324e-02	2.837523111916093188e-02	7.192458865714539129e-02
1.040120595935886058e+03	2.764146829705989572e-01	1.703064170607186401e-01	2.386601234889316747e-01	1.440692452070591045e-01	7.009473778476416062e-02	2.842030099389059386e-02	7.203449249401340515e-02
1.042539481042713533e+03	2.760043148998806428e-01	1.700427704717702160e-01	2.389375168999149923e-01	1.442398457310894722e-01	7.016618729240682584e-02	2.846527649048756839e-02	7.214408821442686026e-02
1.044958366149541234e+03	2.755951251399791913e-01	1.697798811415363318e-01	2.392140611313113008e-01	1.444099600996404664e-01	7.023743821392317010e-02	2.851015766060856910e-02	7.225337661297756564e-02
1.047377251256368709e+03	2.751871102982381689e-01	1.695177468876770677e-01	2.394897587492936519e-01	1.445795898842351657e-01	7.030849113971128495e-02	2.855494455733484371e-02	7.236235848348636368e-02
1.049796136363196410e+03	2.747802669918410490e-01	1.692563655342034790e-01	2.397646123120878436e-01	1.447487366495889549e-01	7.037934665811726442e-02	2.859963723515612094e-02	7.247103461898181387e-02
1.052215021470024112e+03	2.743745918477818457e-01	1.689957349114582508e-01	2.400386243700020350e-01	1.449174019536556279e-01	7.045000535544496123e-02	2.864423574995469263e-02	7.257940581167918181e-02
1.054633906576851814e+03	2.739700815028359160e-01	1.687358528560967408e-01	2.403117974654556954e-01	1.450855873476731839e-01	7.052046781596559011e-02	2.868874015898963126e-02	7.268747285295985849e-02
1.057052791683679516e+03	2.735667326035311486e-01	1.684767172110679390e-01	2.405841341330088312e-01	1.452532943762089856e-01	7.059073462192735904e-02	2.873315052088113927e-02	7.279523653335119582e-02
1.059471676790506763e+03	2.731645418061187658e-01	1.682183258255955660e-01	2.408556368993908792e-01	1.454205245772047239e-01	7.066080635356493389e-02	2.877746689559506840e-02	7.290269764250670304e-02
1.061890561897334692e+03	2.727635057765445126e-01	1.679606765551591718e-01	2.411263082835292670e-01	1.455872794820205485e-01	7.073068358910894471e-02	2.882168934442752573e-02	7.300985696918672885e-02
1.064309447004162394e+03	2.723636211904198468e-01	1.677037672614752895e-01	2.413961507965781128e-01	1.457535606154792274e-01	7.080036690479529771e-02	2.886581792998965668e-02	7.311671530123929619e-02
1.066728332110990095e+03	2.719648847329934060e-01	1.674475958124787278e-01	2.416651669419463966e-01	1.459193694959095566e-01	7.086985687487452890e-02	2.890985271619254254e-02	7.322327342558156149e-02
1.069147217217817570e+03	2.715672930991222533e-01	1.671921600823038367e-01	2.419333592153262991e-01	1.460847076351894924e-01	7.093915407162104669e-02	2.895379376823222980e-02	7.332953212818153765e-02
1.071566102324645271e+03	2.711708429932433440e-01	1.669374579512660217e-01	2.422007301047211791e-01	1.462495765387888391e-01	7.100825906534236065e-02	2.899764115257490171e-02	7.343549219404006678e-02
1.073984987431472746e+03	2.707755311293452150e-01	1.666834873058429534e-01	2.424672820904732740e-01	1.464139777058115210e-01	7.107717242438810201e-02	2.904139493694216784e-02	7.354115440717337582e-02
1.076403872538300675e+03	2.703813542309398410e-01	1.664302460386563043e-01	2.427330176452916488e-01	1.465779126290373269e-01	7.114589471515919694e-02	2.908505519029650280e-02	7.364651955059581256e-02
1.078822757645127922e+03	2.699883090310339351e-01	1.661777320484531528e-01	2.429979392342794808e-01	1.467413827949635430e-01	7.121442650211676217e-02	2.912862198282677867e-02	7.375158840630299806e-02
1.081241642751955851e+03	2.695963922721011929e-01	1.659259432400876644e-01	2.432620493149614815e-01	1.469043896838459762e-01	7.128276834779111171e-02	2.917209538593395698e-02	7.385636175525525648e-02
1.083660527858783553e+03	2.692056007060540379e-01	1.656748775245028282e-01	2.435253503373111250e-01	1.470669347697394769e-01	7.135092081279062470e-02	2.921547547221690216e-02	7.396084037736148920e-02
1.086079412965611255e+03	2.688159310942160318e-01	1.654245328187121666e-01	2.437878447437777374e-01	1.472290195205384900e-01	7.141888445581051625e-02	2.925876231545830597e-02	7.406502505146327076e-02
1.088498298072438729e+03	2.684273802072935089e-01	1.651749070457815272e-01	2.440495349693132254e-01	1.473906453980166620e-01	7.148665983364163590e-02	2.930195599061074033e-02	7.416891655531934746e-02
1.090917183179266431e+03	2.680399448253479311e-01	1.649259981348109305e-01	2.443104234413989440e-01	1.475518138578665317e-01	7.155424750117911348e-02	2.934505657378283852e-02	7.427251566559038565e-02
1.093336068286093905e+03	2.676536217377684657e-01	1.646778040209165850e-01	2.445705125800721469e-01	1.477125263497387209e-01	7.162164801143104664e-02	2.938806414222560476e-02	7.437582315782412246e-02
1.095754953392921607e+03	2.672684077432441185e-01	1.644303226452129285e-01	2.448298047979525494e-01	1.478727843172805423e-01	7.168886191552703568e-02	2.943097877431882434e-02	7.447883980644073865e-02
1.098173838499749309e+03	2.668842996497363118e-01	1.641835519547944489e-01	2.450883025002684179e-01	1.480325891981745801e-01	7.175588976272673225e-02	2.947380054955760914e-02	7.458156638471857836e-02
1.100592723606577010e+03	2.665012942744515723e-01	1.639374899027181143e-01	2.453460080848828273e-01	1.481919424241766037e-01	7.182273210042831868e-02	2.951652954853906802e-02	7.468400366478022967e-02
1.103011608713404712e+03	2.661193884438138868e-01	1.636921344479852491e-01	2.456029239423196675e-01	1.483508454211532879e-01	7.188938947417680692e-02	2.955916585294907084e-02	7.478615241757877174e-02
1.105430493820231959e+03	2.657385789934377240e-01	1.634474835555239647e-01	2.458590524557892898e-01	1.485092996091197104e-01	7.195586242767251783e-02	2.960170954554914788e-02	7.488801341288441049e-02
1.107849378927059888e+03	2.653588627681007783e-01	1.632035351961713676e-01	2.461143960012143750e-01	1.486673064022761004e-01	7.202215150277929689e-02	2.964416071016351406e-02	7.498958741927139182e-02
1.110268264033887590e+03	2.649802366217169358e-01	1.629602873466559354e-01	2.463689569472553020e-01	1.488248672090445868e-01	7.208825723953277143e-02	2.968651943166617999e-02	7.509087520410517858e-02
1.112687149140715292e+03	2.646026974173090740e-01	1.627177379895799192e-01	2.466227376553356831e-01	1.489819834321055303e-01	7.215418017614855239e-02	2.972878579596819823e-02	7.519187753352989112e-02
1.115106034247542766e+03	2.642262420269824719e-01	1.624758851134018856e-01	2.468757404796675659e-01	1.491386564684334948e-01	7.221992084903029741e-02	2.977095989000501722e-02	7.529259517245608102e-02
1.117524919354370468e+03	2.638508673318978870e-01	1.622347267124190362e-01	2.471279677672765795e-01	1.492948877093328297e-01	7.228547979277788471e-02	2.981304180172395304e-02	7.539302888454867124e-02
1.119943804461197942e+03	2.634765702222446881e-01	1.619942607867500273e-01	2.473794218580268323e-01	1.494506785404729476e-01	7.235085754019535131e-02	2.985503162007175498e-02	7.549317943221529881e-02
1.122362689568025871e+03	2.631033475972140989e-01	1.617544853423174278e-01	2.476301050846458629e-01	1.496060303419234072e-01	7.241605462229890045e-02	2.989692943498229241e-02	7.559304757659483787e-02
1.124781574674853118e+03	2.627311963649731075e-01	1.615153983908305946e-01	2.478800197727492882e-01	1.497609444881884411e-01	7.248107156832479803e-02	2.993873533736437359e-02	7.569263407754614481e-02
1.127200459781681047e+03	2.623601134426376547e-01	1.612769979497682693e-01	2.481291682408653942e-01	1.499154223482413728e-01	7.254590890573725526e-02	2.998044941908961994e-02	7.579193969363717809e-02
1.129619344888508749e+03	2.619900957562460997e-01	1.610392820423614813e-01	2.483775528004595612e-01	1.500694652855586175e-01	7.261056716023624180e-02	3.002207177298049992e-02	7.589096518213422904e-02
1.132038229995336451e+03	2.616211402407331854e-01	1.608022486975763110e-01	2.486251757559586051e-01	1.502230746581534049e-01	7.267504685576522960e-02	3.006360249279843924e-02	7.598971129899152743e-02
1.134457115102163925e+03	2.612532438399037260e-01	1.605658959500969596e-01	2.488720394047749807e-01	1.503762518186091413e-01	7.273934851451895056e-02	3.010504167323204208e-02	7.608817879884095803e-02
1.136876000208991627e+03	2.608864035064062392e-01	1.603302218403086510e-01	2.491181460373307621e-01	1.505289981141124667e-01	7.280347265695095993e-02	3.014638940988543375e-02	7.618636843498217959e-02
1.139294885315819101e+03	2.605206162017073002e-01	1.600952244142806458e-01	2.493634979370816518e-01	1.506813148864862284e-01	7.286741980178138012e-02	3.018764579926668315e-02	7.628428095937279940e-02
1.141713770422646803e+03	2.601558788960651736e-01	1.598609017237494212e-01	2.496080973805406833e-01	1.508332034722217885e-01	7.293119046600432531e-02	3.022881093877633971e-02	7.638191712261892252e-02
1.144132655529474505e+03	2.597921885685041121e-01	1.596272518261016293e-01	2.498519466373020637e-01	1.509846652025113312e-01	7.299478516489557589e-02	3.026988492669607789e-02	7.647927767396586751e-02
1.146551540636302207e+03	2.594295422067884327e-01	1.593942727843575269e-01	2.500950479700645990e-01	1.511357014032797264e-01	7.305820441201990589e-02	3.031086786217742843e-02	7.657636336128906263e-02
1.148970425743129908e+03	2.590679368073968702e-01	1.591619626671540721e-01	2.503374036346551201e-01	1.512863133952161987e-01	7.312144871923856315e-02	3.035175984523062753e-02	7.667317493108527504e-02
1.151389310849957155e+03	2.587073693754967096e-01	1.589303195487283271e-01	2.505790158800518808e-01	1.514365024938056636e-01	7.318451859671661064e-02	3.039256097671355628e-02	7.676971312846399276e-02
1.153808195956785084e+03	2.583478369249186390e-01	1.586993415089007486e-01	2.508198869484075111e-01	1.515862700093597304e-01	7.324741455293032333e-02	3.043327135832077368e-02	7.686597869713897302e-02
1.156227081063612786e+03	2.579893364781307152e-01	1.584690266330587016e-01	2.510600190750725824e-01	1.517356172470475661e-01	7.331013709467439077e-02	3.047389109257265388e-02	7.696197237942009606e-02
1.158645966170440488e+03	2.576318650662132170e-01	1.582393730121397779e-01	2.512994144886181447e-01	1.518845455069263439e-01	7.337268672706918904e-02	3.051442028280463084e-02	7.705769491620538536e-02
1.161064851277267962e+03	2.572754197288334432e-01	1.580103787426154760e-01	2.515380754108585970e-01	1.520330560839715239e-01	7.343506395356792782e-02	3.055485903315651244e-02	7.715314704697319448e-02
1.163483736384095664e+03	2.569199975142201220e-01	1.577820419264747420e-01	2.517760040568745583e-01	1.521811502681068018e-01	7.349726927596385295e-02	3.059520744856191951e-02	7.724832950977467139e-02
1.165902621490923138e+03	2.565655954791384863e-01	1.575543606712074829e-01	2.520132026350354049e-01	1.523288293442338626e-01	7.355930319439729637e-02	3.063546563473780113e-02	7.734324304122634774e-02
1.168321506597751068e+03	2.562122106888650164e-01	1.573273330897884403e-01	2.522496733470218078e-01	1.524760945922616906e-01	7.362116620736273986e-02	3.067563369817405058e-02	7.743788837650295021e-02
1.170740391704578315e+03	2.558598402171625708e-01	1.571009573006607873e-01	2.524854183878480485e-01	1.526229472871358517e-01	7.368285881171582341e-02	3.071571174612321847e-02	7.753226624933041988e-02
1.173159276811406244e+03	2.555084811462551841e-01	1.568752314277199467e-01	2.527204399458843898e-01	1.527693886988674421e-01	7.374438150268032566e-02	3.075569988659029516e-02	7.762637739197916775e-02
1.175578161918233945e+03	2.551581305668035315e-01	1.566501536002974648e-01	2.529547402028790581e-01	1.529154200925616769e-01	7.380573477385504733e-02	3.079559822832262164e-02	7.772022253525735780e-02
1.177997047025061647e+03	2.548087855778798372e-01	1.564257219531449417e-01	2.531883213339805039e-01	1.530610427284463948e-01	7.386691911722076398e-02	3.083540688079986283e-02	7.781380240850449548e-02
1.180415932131889122e+03	2.544604432869433386e-01	1.562019346264178488e-01	2.534211855077592168e-01	1.532062578619001192e-01	7.392793502314695675e-02	3.087512595422408843e-02	7.790711773958522435e-02
1.182834817238716823e+03	2.541131008098156396e-01	1.559787897656596256e-01	2.536533348862295978e-01	1.533510667434801189e-01	7.398878298039869572e-02	3.091475555950993007e-02	7.800016925488320596e-02
1.185253702345544298e+03	2.537667552706559526e-01	1.557562855217856923e-01	2.538847716248717745e-01	1.534954706189499973e-01	7.404946347614334290e-02	3.095429580827482180e-02	7.809295767929523568e-02
1.187672587452371999e+03	2.534214038019368953e-01	1.555344200510676012e-01	2.541154978726530844e-01	1.536394707293071427e-01	7.410997699595731070e-02	3.099374681282935501e-02	7.818548373622549730e-02
1.190091472559199701e+03	2.530770435444198441e-01	1.553131915151171050e-01	2.543455157720496129e-01	1.537830683108099838e-01	7.417032402383266776e-02	3.103310868616769580e-02	7.827774814757997024e-02
1.192510357666027403e+03	2.527336716471307865e-01	1.550925980808704197e-01	2.545748274590677873e-01	1.539262645950048858e-01	7.423050504218380030e-02	3.107238154195809260e-02	7.836975163376111442e-02
1.194929242772855105e+03	2.523912852673359519e-01	1.548726379205724590e-01	2.548034350632654710e-01	1.540690608087529612e-01	7.429052053185401794e-02	3.111156549453349476e-02	7.846149491366252726e-02
1.197348127879682352e+03	2.520498815705176088e-01	1.546533092117610975e-01	2.550313407077733907e-01	1.542114581742565493e-01	7.435037097212209012e-02	3.115066065888220243e-02	7.855297870466397547e-02
1.199767012986510281e+03	2.517094577303500835e-01	1.544346101372515989e-01	2.552585465093160089e-01	1.543534579090854453e-01	7.441005684070872706e-02	3.118966715063866552e-02	7.864420372262641290e-02
1.202185898093337983e+03	2.513700109286755580e-01	1.542165388851209351e-01	2.554850545782326732e-01	1.544950612262031286e-01	7.446957861378308841e-02	3.122858508607431055e-02	7.873517068188722046e-02
1.204604783200165684e+03	2.510315383554802549e-01	1.539990936486923256e-01	2.557108670184985999e-01	1.546362693339923822e-01	7.452893676596919481e-02	3.126741458208848190e-02	7.882588029525565421e-02
1.207023668306993159e+03	2.506940372088704572e-01	1.537822726265196671e-01	2.559359859277456350e-01	1.547770834362810488e-01	7.458813177035233943e-02	3.130615575619946633e-02	7.891633327400833509e-02
1.209442553413820860e+03	2.503575046950487493e-01	1.535660740223720455e-01	2.561604133972827935e-01	1.549175047323673726e-01	7.464716409848540235e-02	3.134480872653558348e-02	7.900653032788496066e-02
1.211861438520648335e+03	2.500219380282903137e-01	1.533504960452185262e-01	2.563841515121172976e-01	1.550575344170452008e-01	7.470603422039519270e-02	3.138337361182634566e-02	7.909647216508412793e-02
1.214280323627476264e+03	2.496873344309190890e-01	1.531355369092125274e-01	2.566072023509746169e-01	1.551971736806289359e-01	7.476474260458874921e-02	3.142185053139374268e-02	7.918615949225935036e-02
1.216699208734303511e+03	2.493536911332844552e-01	1.529211948336767768e-01	2.568295679863191738e-01	1.553364237089783773e-01	7.482328971805951578e-02	3.146023960514357509e-02	7.927559301451514440e-02
1.219118093841131440e+03	2.490210053737374196e-01	1.527074680430878795e-01	2.570512504843748269e-01	1.554752856835231178e-01	7.488167602629361430e-02	3.149854095355684308e-02	7.936477343540332408e-02
1.221536978947959142e+03	2.486892743986074406e-01	1.524943547670611910e-01	2.572722519051446888e-01	1.556137607812870249e-01	7.493990199327597856e-02	3.153675469768128098e-02	7.945370145691936503e-02
1.223955864054786844e+03	2.483584954621788354e-01	1.522818532403356351e-01	2.574925743024317759e-01	1.557518501749123596e-01	7.499796808149648830e-02	3.157488095912289877e-02	7.954237777949894894e-02
1.226374749161614318e+03	2.480286658266676603e-01	1.520699617027586048e-01	2.577122197238587153e-01	1.558895550326836188e-01	7.505587475195604763e-02	3.161291986003762766e-02	7.963080310201467449e-02
1.228793634268442020e+03	2.476997827621983117e-01	1.518586783992708633e-01	2.579311902108878396e-01	1.560268765185514883e-01	7.511362246417266353e-02	3.165087152312307667e-02	7.971897812177276832e-02
1.231212519375269494e+03	2.473718435467804344e-01	1.516480015798916392e-01	2.581494877988410042e-01	1.561638157921561298e-01	7.517121167618749655e-02	3.168873607161028921e-02	7.980690353451004582e-02
1.233631404482097196e+03	2.470448454662859117e-01	1.514379294997034164e-01	2.583671145169195715e-01	1.563003740088507176e-01	7.522864284457075890e-02	3.172651362925567320e-02	7.989458003439101064e-02
1.236050289588924898e+03	2.467187858144257728e-01	1.512284604188373349e-01	2.585840723882238401e-01	1.564365523197245589e-01	7.528591642442779286e-02	3.176420432033288249e-02	7.998200831400494037e-02
1.238469174695752372e+03	2.463936618927271560e-01	1.510195926024580915e-01	2.588003634297728617e-01	1.565723518716259921e-01	7.534303286940485789e-02	3.180180826962489965e-02	8.006918906436323591e-02
1.240888059802580301e+03	2.460694710105106042e-01	1.508113243207491738e-01	2.590159896525239258e-01	1.567077738071852577e-01	7.539999263169513966e-02	3.183932560241610477e-02	8.015612297489684013e-02
1.243306944909407548e+03	2.457462104848671947e-01	1.506036538488980669e-01	2.592309530613920443e-01	1.568428192648370634e-01	7.545679616204448159e-02	3.187675644448442758e-02	8.024281073345372606e-02
1.245725830016235477e+03	2.454238776406357792e-01	1.503965794670815703e-01	2.594452556552692135e-01	1.569774893788428993e-01	7.551344390975729681e-02	3.191410092209362448e-02	8.032925302629657927e-02
1.248144715123063179e+03	2.451024698103803356e-01	1.501900994604510320e-01	2.596588994270437323e-01	1.571117852793134373e-01	7.556993632270229966e-02	3.195135916198555553e-02	8.041545053810054966e-02
1.250563600229890881e+03	2.447819843343673196e-01	1.499842121191178324e-01	2.598718863636194087e-01	1.572457080922304018e-01	7.562627384731826496e-02	3.198853129137260720e-02	8.050140395195112819e-02
1.252982485336718355e+03	2.444624185605432376e-01	1.497789157381385627e-01	2.600842184459346007e-01	1.573792589394685804e-01	7.568245692861974572e-02	3.202561743793008731e-02	8.058711394934212069e-02
1.255401370443546057e+03	2.441437698445120819e-01	1.495742086175007035e-01	2.602958976489813669e-01	1.575124389388174173e-01	7.573848601020274907e-02	3.206261772978880042e-02	8.067258121017374661e-02
1.257820255550373531e+03	2.438260355495130427e-01	1.493700890621080524e-01	2.605069259418243410e-01	1.576452492040025521e-01	7.579436153425039846e-02	3.209953229552760939e-02	8.075780641275083493e-02
1.260239140657201460e+03	2.435092130463981097e-01	1.491665553817662360e-01	2.607173052876194941e-01	1.577776908447071913e-01	7.585008394153856803e-02	3.213636126416609395e-02	8.084279023378113105e-02
1.262658025764028707e+03	2.431932997136098118e-01	1.489636058911682215e-01	2.609270376436331196e-01	1.579097649665932301e-01	7.590565367144144759e-02	3.217310476515729267e-02	8.092753334837371471e-02
1.265076910870856636e+03	2.428782929371591237e-01	1.487612389098801335e-01	2.611361249612602631e-01	1.580414726713222917e-01	7.596107116193709374e-02	3.220976292838047955e-02	8.101203643003745958e-02
1.267495795977684338e+03	2.425641901106032061e-01	1.485594527623267658e-01	2.613445691860436515e-01	1.581728150565765156e-01	7.601633684961295323e-02	3.224633588413403779e-02	8.109630015067967324e-02
1.269914681084511813e+03	2.422509886350234787e-01	1.483582457777773422e-01	2.615523722576920118e-01	1.583037932160793193e-01	7.607145116967140019e-02	3.228282376312836821e-02	8.118032518060483427e-02
1.272333566191339514e+03	2.419386859190036099e-01	1.481576162903313343e-01	2.617595361100986118e-01	1.584344082396157705e-01	7.612641455593512074e-02	3.231922669647890878e-02	8.126411218851332940e-02
1.274752451298167216e+03	2.416272793786075068e-01	1.479575626389042775e-01	2.619660626713596896e-01	1.585646612130530153e-01	7.618122744085260856e-02	3.235554481569916790e-02	8.134766184150037105e-02
1.277171336404994690e+03	2.413167664373576382e-01	1.477580831672134776e-01	2.621719538637926061e-01	1.586945532183604568e-01	7.623589025550354947e-02	3.239177825269383415e-02	8.143097480505501196e-02
1.279590221511822392e+03	2.410071445262131073e-01	1.475591762237641047e-01	2.623772116039542746e-01	1.588240853336297664e-01	7.629040342960419219e-02	3.242792713975200386e-02	8.151405174305917378e-02
1.282009106618650094e+03	2.406984110835479196e-01	1.473608401618350106e-01	2.625818378026590350e-01	1.589532586330946740e-01	7.634476739151266345e-02	3.246399160954039492e-02	8.159689331778686994e-02
1.284427991725477568e+03	2.403905635551294717e-01	1.471630733394647117e-01	2.627858343649972506e-01	1.590820741871508404e-01	7.639898256823431100e-02	3.249997179509666462e-02	8.167950018990341454e-02
1.286846876832305497e+03	2.400835993940968471e-01	1.469658741194374563e-01	2.629892031903525718e-01	1.592105330623752035e-01	7.645304938542697715e-02	3.253586782982278297e-02	8.176187301846481181e-02
1.289265761939132744e+03	2.397775160609393330e-01	1.467692408692693185e-01	2.631919461724206433e-01	1.593386363215455181e-01	7.650696826740624457e-02	3.257167984747847550e-02	8.184401246091713156e-02
1.291684647045960673e+03	2.394723110234750207e-01	1.465731719611943207e-01	2.633940651992262572e-01	1.594663850236596181e-01	7.656073963715068209e-02	3.260740798217470759e-02	8.192591917309603733e-02
1.294103532152788375e+03	2.391679817568292954e-01	1.463776657721504726e-01	2.635955621531417270e-01	1.595937802239544012e-01	7.661436391630700726e-02	3.264305236836724522e-02	8.200759380922645336e-02
1.296522417259616077e+03	2.388645257434135472e-01	1.461827206837660875e-01	2.637964389109043184e-01	1.597208229739249530e-01	7.666784152519527662e-02	3.267861314085027807e-02	8.208903702192213436e-02
1.298941302366443551e+03	2.385619404729040494e-01	1.459883350823460157e-01	2.639966973436337350e-01	1.598475143213431704e-01	7.672117288281400660e-02	3.271409043475009132e-02	8.217024946218544346e-02
1.301360187473271253e+03	2.382602234422205867e-01	1.457945073588578777e-01	2.641963393168501040e-01	1.599738553102765803e-01	7.677435840684532220e-02	3.274948438551879976e-02	8.225123177940725505e-02
1.303779072580098727e+03	2.379593721555053887e-01	1.456012359089183805e-01	2.643953666904910182e-01	1.600998469811067415e-01	7.682739851365996686e-02	3.278479512892815140e-02	8.233198462136677442e-02
1.306197957686926657e+03	2.376593841241021188e-01	1.454085191327798288e-01	2.645937813189294663e-01	1.602254903705476741e-01	7.688029361832242337e-02	3.282002280106337266e-02	8.241250863423159323e-02
1.308616842793753904e+03	2.373602568665347523e-01	1.452163554353163577e-01	2.647915850509905966e-01	1.603507865116640951e-01	7.693304413459592372e-02	3.285516753831706910e-02	8.249280446255770338e-02
1.311035727900581833e+03	2.370619879084867321e-01	1.450247432260104996e-01	2.649887797299694259e-01	1.604757364338895154e-01	7.698565047494743130e-02	3.289022947738322322e-02	8.257287274928962195e-02
1.313454613007409534e+03	2.367645747827800962e-01	1.448336809189395558e-01	2.651853671936480472e-01	1.606003411630442523e-01	7.703811305055265068e-02	3.292520875525117852e-02	8.265271413576065485e-02
1.315873498114237009e+03	2.364680150293545224e-01	1.446431669327623848e-01	2.653813492743125058e-01	1.607246017213531664e-01	7.709043227130092657e-02	3.296010550919976217e-02	8.273232926169310497e-02
1.318292383221064711e+03	2.361723061952468450e-01	1.444531996907057192e-01	2.655767277987702291e-01	1.608485191274633408e-01	7.714260854580018423e-02	3.299491987679140093e-02	8.281171876519864694e-02
1.320711268327892412e+03	2.358774458345700431e-01	1.442637776205508982e-01	2.657715045883667915e-01	1.609720943964617346e-01	7.719464228138187001e-02	3.302965199586630624e-02	8.289088328277870177e-02
1.323130153434719887e+03	2.355834315084929520e-01	1.440748991546204616e-01	2.659656814590029006e-01	1.610953285398925572e-01	7.724653388410569754e-02	3.306430200453673585e-02	8.296982344932496423e-02
1.325549038541547588e+03	2.352902607852193351e-01	1.438865627297650773e-01	2.661592602211513836e-01	1.612182225657746160e-01	7.729828375876465762e-02	3.309887004118127612e-02	8.304853989811991632e-02
1.327967923648375290e+03	2.349979312399677334e-01	1.436987667873499408e-01	2.663522426798738962e-01	1.613407774786183579e-01	7.734989230888968115e-02	3.313335624443922850e-02	8.312703326083741018e-02
1.330386808755202765e+03	2.347064404549507877e-01	1.435115097732417855e-01	2.665446306348377425e-01	1.614629942794429951e-01	7.740135993675449633e-02	3.316776075320499589e-02	8.320530416754337577e-02
1.332805693862030694e+03	2.344157860193550047e-01	1.433247901377956990e-01	2.667364258803325283e-01	1.615848739657934630e-01	7.745268704338041654e-02	3.320208370662253855e-02	8.328335324669652873e-02
1.335224578968857941e+03	2.341259655293202735e-01	1.431386063358419669e-01	2.669276302052868144e-01	1.617064175317570740e-01	7.750387402854100327e-02	3.323632524407992006e-02	8.336118112514914746e-02
1.337643464075685870e+03	2.338369765879197981e-01	1.429529568266728334e-01	2.671182453932844925e-01	1.618276259679802542e-01	7.755492129076688168e-02	3.327048550520383952e-02	8.343878842814797525e-02
1.340062349182513572e+03	2.335488168051398361e-01	1.427678400740296782e-01	2.673082732225816605e-01	1.619485002616851410e-01	7.760582922735034805e-02	3.330456462985428162e-02	8.351617577933506675e-02
1.342481234289341273e+03	2.332614837978594924e-01	1.425832545460898881e-01	2.674977154661226653e-01	1.620690413966859311e-01	7.765659823435008824e-02	3.333856275811914599e-02	8.359334380074877335e-02
1.344900119396168748e+03	2.329749751898307075e-01	1.423991987154538674e-01	2.676865738915567006e-01	1.621892503534051455e-01	7.770722870659572956e-02	3.337248003030900828e-02	8.367029311282478399e-02
1.347319004502996449e+03	2.326892886116583015e-01	1.422156710591320761e-01	2.678748502612540161e-01	1.623091281088898941e-01	7.775772103769260091e-02	3.340631658695189521e-02	8.374702433439719373e-02
1.349737889609823924e+03	2.324044217007798785e-01	1.420326700585322899e-01	2.680625463323220714e-01	1.624286756368278350e-01	7.780807562002620137e-02	3.344007256878803874e-02	8.382353808269961404e-02
1.352156774716651853e+03	2.321203721014460930e-01	1.418501941994464999e-01	2.682496638566220781e-01	1.625478939075632456e-01	7.785829284476682155e-02	3.347374811676484541e-02	8.389983497336638008e-02
1.354575659823479100e+03	2.318371374647006378e-01	1.416682419720383390e-01	2.684362045807846542e-01	1.626667838881127315e-01	7.790837310187408160e-02	3.350734337203173374e-02	8.397591562043378588e-02
1.356994544930307029e+03	2.315547154483607317e-01	1.414868118708301481e-01	2.686221702462261440e-01	1.627853465421810197e-01	7.795831678010145538e-02	3.354085847593515218e-02	8.405178063634136110e-02
1.359413430037134731e+03	2.312731037169970805e-01	1.413059023946903192e-01	2.688075625891645504e-01	1.629035828301764743e-01	7.800812426700075297e-02	3.357429357001358305e-02	8.412743063193320325e-02
1.361832315143962205e+03	2.309922999419145306e-01	1.411255120468205004e-01	2.689923833406355769e-01	1.630214937092266947e-01	7.805779594892661710e-02	3.360764879599259514e-02	8.420286621645940717e-02
1.364251200250789907e+03	2.307123018011322524e-01	1.409456393347431058e-01	2.691766342265083378e-01	1.631390801331938645e-01	7.810733221104095014e-02	3.364092429577997950e-02	8.427808799757742497e-02
1.366670085357617609e+03	2.304331069793643660e-01	1.407662827702884922e-01	2.693603169675013453e-01	1.632563430526898784e-01	7.815673343731735501e-02	3.367412021146089229e-02	8.435309658135360655e-02
1.369088970464445310e+03	2.301547131680002911e-01	1.405874408695824695e-01	2.695434332791980525e-01	1.633732834150916913e-01	7.820600001054557604e-02	3.370723668529308076e-02	8.442789257226472610e-02
1.371507855571272785e+03	2.298771180650854562e-01	1.404091121530337827e-01	2.697259848720628961e-01	1.634899021645562778e-01	7.825513231233580114e-02	3.374027385970210929e-02	8.450247657319953642e-02
1.373926740678100487e+03	2.296003193753019811e-01	1.402312951453216494e-01	2.699079734514565621e-01	1.636062002420355654e-01	7.830413072312311651e-02	3.377323187727667569e-02	8.457684918546042041e-02
1.376345625784927961e+03	2.293243148099491646e-01	1.400539883753830483e-01	2.700894007176516953e-01	1.637221785852913392e-01	7.835299562217176716e-02	3.380611088076395515e-02	8.465101100876501472e-02
1.378764510891755890e+03	2.290491020869244443e-01	1.398771903764005620e-01	2.702702683658486094e-01	1.638378381289098684e-01	7.840172738757952842e-02	3.383891101306499977e-02	8.472496264124791676e-02
1.381183395998583137e+03	2.287746789307041617e-01	1.397008996857898311e-01	2.704505780861907183e-01	1.639531798043166455e-01	7.845032639628196636e-02	3.387163241723016582e-02	8.479870467946250268e-02
1.383602281105411066e+03	2.285010430723243002e-01	1.395251148451873147e-01	2.706303315637795803e-01	1.640682045397908184e-01	7.849879302405675385e-02	3.390427523645456881e-02	8.487223771838262043e-02
1.386021166212238768e+03	2.282281922493616666e-01	1.393498344004378275e-01	2.708095304786907742e-01	1.641829132604796793e-01	7.854712764552786164e-02	3.393683961407366334e-02	8.494556235140449107e-02
1.388440051319066470e+03	2.279561242059145454e-01	1.391750569015823835e-01	2.709881765059888314e-01	1.642973068884129861e-01	7.859533063416983267e-02	3.396932569355875370e-02	8.501867917034855449e-02
1.390858936425893944e+03	2.276848366925840750e-01	1.390007809028458163e-01	2.711662713157428350e-01	1.644113863425171740e-01	7.864340236231200099e-02	3.400173361851263620e-02	8.509158876546135675e-02
1.393277821532721646e+03	2.274143274664551795e-01	1.388270049626247615e-01	2.713438165730411300e-01	1.645251525386294544e-01	7.869134320114264114e-02	3.403406353266525547e-02	8.516429172541756243e-02
1.395696706639549120e+03	2.271445942910776117e-01	1.386537276434752497e-01	2.715208139380068664e-01	1.646386063895118601e-01	7.873915352071313156e-02	3.406631557986938841e-02	8.523678863732185584e-02
1.398115591746377049e+03	2.268756349364473845e-01	1.384809475121008548e-01	2.716972650658129318e-01	1.647517488048652334e-01	7.878683368994217340e-02	3.409848990409637681e-02	8.530908008671102272e-02
1.400534476853204296e+03	2.266074471789878697e-01	1.383086631393403432e-01	2.718731716066969950e-01	1.648645806913429657e-01	7.883438407661984282e-02	3.413058664943194320e-02	8.538116665755600410e-02
1.402953361960032225e+03	2.263400288015313122e-01	1.381368731001557659e-01	2.720485352059764383e-01	1.649771029525647914e-01	7.888180504741172661e-02	3.416260596007195810e-02	8.545304893226396414e-02
1.405372247066859927e+03	2.260733775932999567e-01	1.379655759736203580e-01	2.722233575040634568e-01	1.650893164891304443e-01	7.892909696786300222e-02	3.419454798031835302e-02	8.552472749168039956e-02
1.407791132173687402e+03	2.258074913498877012e-01	1.377947703429065751e-01	2.723976401364796573e-01	1.652012221986332019e-01	7.897626020240249012e-02	3.422641285457500571e-02	8.559620291509137391e-02
1.410210017280515103e+03	2.255423678732413895e-01	1.376244547952741593e-01	2.725713847338710472e-01	1.653128209756733191e-01	7.902329511434674769e-02	3.425820072734368088e-02	8.566747578022565479e-02
1.412628902387342805e+03	2.252780049716425481e-01	1.374546279220582312e-01	2.727445929220227994e-01	1.654241137118714344e-01	7.907020206590402445e-02	3.428991174322003344e-02	8.573854666325693430e-02
1.415047787494170507e+03	2.250144004596888458e-01	1.372852883186573836e-01	2.729172663218739636e-01	1.655351012958817813e-01	7.911698141817830043e-02	3.432154604688959776e-02	8.580941613880611885e-02
1.417466672600997981e+03	2.247515521582758580e-01	1.371164345845218291e-01	2.730894065495319545e-01	1.656457846134055112e-01	7.916363353117332469e-02	3.435310378312389501e-02	8.588008477994357737e-02
1.419885557707825683e+03	2.244894578945786923e-01	1.369480653231416323e-01	2.732610152162874839e-01	1.657561645472036826e-01	7.921015876379647325e-02	3.438458509677651959e-02	8.595055315819152830e-02
1.422304442814653157e+03	2.242281155020337258e-01	1.367801791420349411e-01	2.734320939286286611e-01	1.658662419771102514e-01	7.925655747386277372e-02	3.441599013277928110e-02	8.602082184352631555e-02
1.424723327921481086e+03	2.239675228203205359e-01	1.366127746527362186e-01	2.736026442882560916e-01	1.659760177800451431e-01	7.930283001809883270e-02	3.444731903613836022e-02	8.609089140438080934e-02
1.427142213028308333e+03	2.237076776953437207e-01	1.364458504707844466e-01	2.737726678920967549e-01	1.660854928300268818e-01	7.934897675214669377e-02	3.447857195193058250e-02	8.616076240764684868e-02
1.429561098135136262e+03	2.234485779792147742e-01	1.362794052157117464e-01	2.739421663323187706e-01	1.661946679981855801e-01	7.939499803056777882e-02	3.450974902529964361e-02	8.623043541867762840e-02
1.431979983241963964e+03	2.231902215302341008e-01	1.361134375110314432e-01	2.741111411963455535e-01	1.663035441527754010e-01	7.944089420684673220e-02	3.454085040145239011e-02	8.629991100129016934e-02
1.434398868348791666e+03	2.229326062128731134e-01	1.359479459842266591e-01	2.742795940668704135e-01	1.664121221591872979e-01	7.948666563339527869e-02	3.457187622565518342e-02	8.636918971776781639e-02
1.436817753455619140e+03	2.226757298977561916e-01	1.357829292667386556e-01	2.744475265218703774e-01	1.665204028799614488e-01	7.953231266155606771e-02	3.460282664323024310e-02	8.643827212886276423e-02
1.439236638562446842e+03	2.224195904616429187e-01	1.356183859939553982e-01	2.746149401346207330e-01	1.666283871747996082e-01	7.957783564160648970e-02	3.463370179955208711e-02	8.650715879379855533e-02
1.441655523669274316e+03	2.221641857874102344e-01	1.354543148051998991e-01	2.747818364737090180e-01	1.667360759005775406e-01	7.962323492276243697e-02	3.466450184004392365e-02	8.657585027027270286e-02
1.444074408776102018e+03	2.219095137640347271e-01	1.352907143437189486e-01	2.749482171030492861e-01	1.668434699113572617e-01	7.966851085318212011e-02	3.469522691017417476e-02	8.664434711445923032e-02
1.446493293882929493e+03	2.216555722865749256e-01	1.351275832566716517e-01	2.751140835818958741e-01	1.669505700583992502e-01	7.971366377996981500e-02	3.472587715545296522e-02	8.671264988101129445e-02
1.448912178989757422e+03	2.214023592561535081e-01	1.349649201951179933e-01	2.752794374648577236e-01	1.670573771901744387e-01	7.975869404917960981e-02	3.475645272142868780e-02	8.678075912306380812e-02
1.451331064096585123e+03	2.211498725799399268e-01	1.348027238140074302e-01	2.754442803019122032e-01	1.671638921523763144e-01	7.980360200581913810e-02	3.478695375368456855e-02	8.684867539223613264e-02
1.453749949203412370e+03	2.208981101711326722e-01	1.346409927721677335e-01	2.756086136384191532e-01	1.672701157879328548e-01	7.984838799385325647e-02	3.481738039783530136e-02	8.691639923863472839e-02
1.456168834310240300e+03	2.206470699489419540e-01	1.344797257322935535e-01	2.757724390151345406e-01	1.673760489370183790e-01	7.989305235620777768e-02	3.484773279952369657e-02	8.698393121085586099e-02
1.458587719417068001e+03	2.203967498385721313e-01	1.343189213609352339e-01	2.759357579682242267e-01	1.674816924370653437e-01	7.993759543477312046e-02	3.487801110441737101e-02	8.705127185598833528e-02
1.461006604523895703e+03	2.201471477712043934e-01	1.341585783284875433e-01	2.760985720292781220e-01	1.675870471227760283e-01	7.998201757040794557e-02	3.490821545820547295e-02	8.711842171961622916e-02
1.463425489630723177e+03	2.198982616839793847e-01	1.339986953091786559e-01	2.762608827253236199e-01	1.676921138261342203e-01	8.002631910294281947e-02	3.493834600659541378e-02	8.718538134582162757e-02
1.465844374737550879e+03	2.196500895199798575e-01	1.338392709810587722e-01	2.764226915788393080e-01	1.677968933764167336e-01	8.007050037118383645e-02	3.496840289530969703e-02	8.725215127718749519e-02
1.468263259844378354e+03	2.194026292282136581e-01	1.336803040259891551e-01	2.765840001077686794e-01	1.679013866002048994e-01	8.011456171291621298e-02	3.499838627008271252e-02	8.731873205480035482e-02
1.470682144951206283e+03	2.191558787635962680e-01	1.335217931296310001e-01	2.767448098255336775e-01	1.680055943213960012e-01	8.015850346490788203e-02	3.502829627665760004e-02	8.738512421825318788e-02
1.473101030058033530e+03	2.189098360869338733e-01	1.333637369814343887e-01	2.769051222410482405e-01	1.681095173612146831e-01	8.020232596291304583e-02	3.505813306078313374e-02	8.745132830564826543e-02
1.475519915164861459e+03	2.186644991649061842e-01	1.332061342746272414e-01	2.770649388587317352e-01	1.682131565382241067e-01	8.024602954167574242e-02	3.508789676821063436e-02	8.751734485359996540e-02
1.477938800271689161e+03	2.184198659700494483e-01	1.330489837062044101e-01	2.772242611785225574e-01	1.683165126683371648e-01	8.028961453493338452e-02	3.511758754469094385e-02	8.758317439723770081e-02
1.480357685378516862e+03	2.181759344807394363e-01	1.328922839769166031e-01	2.773830906958914544e-01	1.684195865648277224e-01	8.033308127542029831e-02	3.514720553597137920e-02	8.764881747020875080e-02
1.482776570485344337e+03	2.179327026811745394e-01	1.327360337912596444e-01	2.775414289018547365e-01	1.685223790383415798e-01	8.037643009487117907e-02	3.517675088779276954e-02	8.771427460468117498e-02
