1.001418434226643626e+03	2.792914694278511023e-01	1.811764241456914060e-01	2.350912216912094954e-01	1.409744480452043425e-01	6.776938023475041761e-02	2.663181832628395279e-02	6.906523812876796953e-02
1.002869765290740247e+03	2.790371995427720075e-01	1.810102762243885333e-01	2.352746873995649191e-01	1.410795451912758014e-01	6.780852045343943590e-02	2.665729105566559676e-02	6.913248013265235747e-02
1.004321096354836754e+03	2.787833979475719537e-01	1.808443769798992462e-01	2.354578363105749583e-01	1.411844612449636993e-01	6.784758119169957691e-02	2.668273611405016024e-02	6.919961021099900467e-02
1.005772427418933376e+03	2.785300636376378258e-01	1.806787261640885045e-01	2.356406689442823166e-01	1.412891965855100351e-01	6.788656269487905459e-02	2.670815345693032528e-02	6.926662851643054786e-02
1.007223758483029997e+03	2.782771956112605194e-01	1.805133235282961324e-01	2.358231858199493491e-01	1.413937515905120679e-01	6.792546520717830660e-02	2.673354304048009694e-02	6.933353520208214438e-02
1.008675089547126618e+03	2.780247928696232829e-01	1.803481688233429803e-01	2.360053874560586462e-01	1.414981266359401635e-01	6.796428897165665561e-02	2.675890482154965472e-02	6.940033042158733068e-02
1.010126420611223239e+03	2.777728544167892832e-01	1.801832617995369479e-01	2.361872743703140876e-01	1.416023220961551143e-01	6.800303423023899840e-02	2.678423875766019341e-02	6.946701432906401963e-02
1.011577751675319632e+03	2.775213792596901152e-01	1.800186022066791458e-01	2.363688470796416474e-01	1.417063383439255142e-01	6.804170122372250884e-02	2.680954480699884040e-02	6.953358707910081704e-02
1.013029082739416367e+03	2.772703664081138109e-01	1.798541897940698353e-01	2.365501061001901162e-01	1.418101757504444949e-01	6.808029019178317431e-02	2.683482292841358682e-02	6.960004882674354632e-02
1.014480413803512761e+03	2.770198148746928490e-01	1.796900243105143957e-01	2.367310519473320163e-01	1.419138346853466570e-01	6.811880137298238769e-02	2.686007308140826375e-02	6.966639972748196741e-02
1.015931744867609382e+03	2.767697236748926648e-01	1.795261055043292364e-01	2.369116851356644626e-01	1.420173155167243906e-01	6.815723500477342822e-02	2.688529522613754622e-02	6.973263993723675946e-02
1.017383075931706003e+03	2.765200918270000474e-01	1.793624331233477365e-01	2.370920061790099953e-01	1.421206186111440561e-01	6.819559132350794250e-02	2.691048932340198152e-02	6.979876961234671162e-02
1.018834406995802851e+03	2.762709183521112610e-01	1.791990069149261566e-01	2.372720155904173289e-01	1.422237443336620277e-01	6.823387056444243925e-02	2.693565533464308687e-02	6.986478890955614973e-02
1.020285738059899245e+03	2.760222022741208314e-01	1.790358266259492459e-01	2.374517138821622686e-01	1.423266930478405135e-01	6.827207296174458984e-02	2.696079322193842970e-02	6.993069798600254350e-02
1.021737069123995752e+03	2.757739426197099997e-01	1.788728920028361813e-01	2.376311015657485426e-01	1.424294651157628766e-01	6.831019874849963980e-02	2.698590294799678088e-02	6.999649699920441892e-02
1.023188400188092373e+03	2.755261384183351203e-01	1.787102027915463132e-01	2.378101791519086072e-01	1.425320608980490955e-01	6.834824815671669551e-02	2.701098447615329218e-02	7.006218610704927074e-02
1.024639731252188767e+03	2.752787887022166147e-01	1.785477587375847996e-01	2.379889471506045351e-01	1.426344807538707515e-01	6.838622141733502469e-02	2.703603777036470146e-02	7.012776546778196063e-02
1.026091062316285615e+03	2.750318925063274245e-01	1.783855595860082965e-01	2.381674060710288199e-01	1.427367250409658783e-01	6.842411876023025974e-02	2.706106279520455876e-02	7.019323523999310144e-02
1.027542393380382237e+03	2.747854488683821872e-01	1.782236050814305917e-01	2.383455564216051814e-01	1.428387941156535335e-01	6.846194041422060117e-02	2.708605951585851129e-02	7.025859558260773297e-02
1.028993724444478858e+03	2.745394568288256343e-01	1.780618949680281837e-01	2.385233987099895092e-01	1.429406883328483147e-01	6.849968660707295154e-02	2.711102789811960581e-02	7.032384665487416420e-02
1.030445055508575479e+03	2.742939154308218219e-01	1.779004289895458335e-01	2.387009334430705287e-01	1.430424080460744318e-01	6.853735756550909108e-02	2.713596790838361875e-02	7.038898861635305149e-02
1.031896386572671872e+03	2.740488237202428623e-01	1.777392068893020038e-01	2.388781611269708838e-01	1.431439536074798902e-01	6.857495351521165905e-02	2.716087951364443837e-02	7.045402162690656001e-02
1.033347717636768493e+03	2.738041807456582655e-01	1.775782284101945496e-01	2.390550822670477749e-01	1.432453253678501182e-01	6.861247468083030154e-02	2.718576268148944000e-02	7.051894584668787214e-02
1.034799048700865114e+03	2.735599855583236151e-01	1.774174932947059358e-01	2.392316973678938752e-01	1.433465236766215956e-01	6.864992128598759735e-02	2.721061738009493761e-02	7.058376143613072362e-02
1.036250379764961508e+03	2.733162372121702433e-01	1.772570012849087329e-01	2.394080069333381355e-01	1.434475488818952593e-01	6.868729355328499764e-02	2.723544357822163878e-02	7.064846855593921726e-02
1.037701710829058356e+03	2.730729347637939064e-01	1.770967521224710850e-01	2.395840114664466725e-01	1.435484013304497708e-01	6.872459170430883502e-02	2.726024124521013794e-02	7.071306736707777540e-02
1.039153041893154750e+03	2.728300772724444045e-01	1.769367455486618168e-01	2.397597114695236564e-01	1.436490813677544220e-01	6.876181595963615223e-02	2.728501035097644425e-02	7.077755803076131447e-02
1.040604372957251599e+03	2.725876638000147567e-01	1.767769813043559290e-01	2.399351074441120335e-01	1.437495893379819867e-01	6.879896653884055857e-02	2.730975086600753027e-02	7.084194070844544722e-02
1.042055704021347992e+03	2.723456934110305427e-01	1.766174591300398167e-01	2.401101998909943858e-01	1.438499255840214042e-01	6.883604366049804468e-02	2.733446276135691883e-02	7.090621556181707363e-02
1.043507035085444613e+03	2.721041651726395227e-01	1.764581787658164869e-01	2.402849893101938472e-01	1.439500904474901311e-01	6.887304754219279734e-02	2.735914600864030807e-02	7.097038275278497177e-02
1.044958366149541234e+03	2.718630781546010899e-01	1.762991399514107493e-01	2.404594762009749920e-01	1.440500842687466032e-01	6.890997840052286161e-02	2.738380058003119302e-02	7.103444244347061065e-02
1.046409697213637855e+03	2.716224314292755571e-01	1.761403424261743789e-01	2.406336610618445004e-01	1.441499073869020875e-01	6.894683645110590009e-02	2.740842644825657037e-02	7.109839479619908809e-02
1.047861028277734476e+03	2.713822240716140533e-01	1.759817859290912223e-01	2.408075443905521307e-01	1.442495601398328386e-01	6.898362190858486898e-02	2.743302358659261905e-02	7.116223997349029051e-02
1.049312359341831097e+03	2.711424551591481436e-01	1.758234701987823612e-01	2.409811266840916066e-01	1.443490428641917012e-01	6.902033498663359690e-02	2.745759196886045361e-02	7.122597813805016387e-02
1.050763690405927491e+03	2.709031237719794483e-01	1.756653949735111353e-01	2.411544084387012843e-01	1.444483558954197666e-01	6.905697589796244706e-02	2.748213156942187069e-02	7.128960945276216488e-02
1.052215021470024112e+03	2.706642289927694289e-01	1.755075599911880557e-01	2.413273901498651230e-01	1.445474995677576979e-01	6.909354485432379900e-02	2.750664236317515096e-02	7.135313408067878171e-02
1.053666352534120733e+03	2.704257699067293963e-01	1.753499649893760504e-01	2.415000723123135740e-01	1.446464742142571369e-01	6.913004206651766903e-02	2.753112432555087849e-02	7.141655218501333224e-02
1.055117683598217127e+03	2.701877456016101298e-01	1.751926097052951548e-01	2.416724554200243291e-01	1.447452801667916955e-01	6.916646774439710876e-02	2.755557743250779471e-02	7.147986392913180387e-02
1.056569014662313975e+03	2.699501551676919409e-01	1.750354938758276468e-01	2.418445399662232098e-01	1.448439177560678914e-01	6.920282209687372843e-02	2.758000166052866978e-02	7.154306947654487381e-02
1.058020345726410369e+03	2.697129976977747368e-01	1.748786172375228209e-01	2.420163264433849992e-01	1.449423873116359729e-01	6.923910533192309535e-02	2.760439698661620520e-02	7.160616899090013754e-02
1.059471676790506763e+03	2.694762722871678617e-01	1.747219795266018727e-01	2.421878153432343028e-01	1.450406891619004934e-01	6.927531765659011853e-02	2.762876338828898493e-02	7.166916263597429559e-02
1.060923007854603611e+03	2.692399780336804382e-01	1.745655804789627286e-01	2.423590071567464088e-01	1.451388236341308591e-01	6.931145927699439158e-02	2.765310084357743003e-02	7.173205057566568732e-02
1.062374338918700232e+03	2.690041140376111528e-01	1.744094198301848753e-01	2.425299023741481208e-01	1.452367910544716256e-01	6.934753039833556343e-02	2.767740933101977760e-02	7.179483297398679686e-02
1.063825669982796853e+03	2.687686794017389302e-01	1.742534973155341060e-01	2.427005014849185627e-01	1.453345917479526295e-01	6.938353122489854252e-02	2.770168882965812207e-02	7.185750999505699510e-02
1.065277001046893474e+03	2.685336732313128860e-01	1.740978126699672390e-01	2.428708049777900946e-01	1.454322260384990628e-01	6.941946196005882586e-02	2.772593931903443235e-02	7.192008180309536480e-02
1.066728332110990095e+03	2.682990946340425564e-01	1.739423656281367803e-01	2.430408133407491456e-01	1.455296942489414103e-01	6.945532280628768929e-02	2.775016077918664864e-02	7.198254856241366462e-02
1.068179663175086489e+03	2.680649427200884616e-01	1.737871559243957253e-01	2.432105270610370462e-01	1.456269967010251631e-01	6.949111396515737782e-02	2.777435319064476896e-02	7.204491043740939016e-02
1.069630994239183110e+03	2.678312166020523355e-01	1.736321832928020559e-01	2.433799466251508337e-01	1.457241337154203953e-01	6.952683563734625427e-02	2.779851653442697371e-02	7.210716759255901553e-02
1.071082325303279504e+03	2.675979153949677447e-01	1.734774474671234579e-01	2.435490725188442229e-01	1.458211056117313109e-01	6.956248802264393405e-02	2.782265079203579197e-02	7.216932019241133200e-02
1.072533656367376352e+03	2.673650382162905959e-01	1.733229481808417627e-01	2.437179052271283564e-01	1.459179127085055983e-01	6.959807131995636442e-02	2.784675594545426430e-02	7.223136840158085603e-02
1.073984987431472746e+03	2.671325841858893657e-01	1.731686851671576377e-01	2.438864452342726641e-01	1.460145553232435889e-01	6.963358572731088991e-02	2.787083197714215407e-02	7.229331238474143162e-02
1.075436318495569594e+03	2.669005524260361639e-01	1.730146581589950272e-01	2.440546930238058077e-01	1.461110337724074448e-01	6.966903144186126218e-02	2.789487887003218661e-02	7.235515230661994368e-02
1.076887649559666215e+03	2.666689420613969075e-01	1.728608668890056488e-01	2.442226490785163462e-01	1.462073483714299293e-01	6.970440865989266377e-02	2.791889660752629523e-02	7.241688833199001751e-02
1.078338980623762609e+03	2.664377522190223835e-01	1.727073110895734342e-01	2.443903138804537911e-01	1.463034994347235107e-01	6.973971757682666250e-02	2.794288517349191245e-02	7.247852062566606524e-02
1.079790311687859230e+03	2.662069820283389232e-01	1.725539904928190260e-01	2.445576879109293000e-01	1.463994872756888554e-01	6.977495838722613808e-02	2.796684455225827495e-02	7.254004935249720731e-02
1.081241642751955851e+03	2.659766306211391318e-01	1.724009048306040237e-01	2.447247716505166482e-01	1.464953122067234881e-01	6.981013128480016705e-02	2.799077472861275645e-02	7.260147467736144389e-02
1.082692973816052472e+03	2.657466971315727289e-01	1.722480538345355638e-01	2.448915655790530055e-01	1.465909745392303121e-01	6.984523646240892170e-02	2.801467568779723166e-02	7.266279676515988162e-02
1.084144304880149093e+03	2.655171806961373338e-01	1.720954372359704276e-01	2.450580701756398527e-01	1.466864745836259087e-01	6.988027411206852724e-02	2.803854741550445770e-02	7.272401578081107154e-02
1.085595635944245487e+03	2.652880804536697501e-01	1.719430547660195097e-01	2.452242859186437030e-01	1.467818126493488085e-01	6.991524442495580804e-02	2.806238989787447971e-02	7.278513188924548571e-02
1.087046967008342108e+03	2.650593955453365291e-01	1.717909061555520644e-01	2.453902132856971285e-01	1.468769890448675952e-01	6.995014759141310323e-02	2.808620312149108164e-02	7.284614525540003549e-02
1.088498298072438729e+03	2.648311251146252543e-01	1.716389911351998976e-01	2.455558527536994828e-01	1.469720040776888725e-01	6.998498380095304061e-02	2.810998707337821964e-02	7.290705604421271468e-02
1.089949629136535123e+03	2.646032683073356595e-01	1.714873094353616401e-01	2.457212047988177883e-01	1.470668580543652570e-01	7.001975324226322739e-02	2.813374174099652139e-02	7.296786442061733990e-02
1.091400960200631971e+03	2.643758242715705253e-01	1.713358607862068839e-01	2.458862698964876525e-01	1.471615512805032056e-01	7.005445610321092698e-02	2.815746711223979237e-02	7.302857054953845739e-02
1.092852291264728365e+03	2.641487921577269637e-01	1.711846449176804563e-01	2.460510485214141008e-01	1.472560840607704535e-01	7.008909257084774969e-02	2.818116317543154295e-02	7.308917459588618049e-02
1.094303622328825213e+03	2.639221711184876473e-01	1.710336615595064724e-01	2.462155411475722699e-01	1.473504566989038700e-01	7.012366283141428791e-02	2.820482991932155362e-02	7.314967672455127690e-02
1.095754953392921607e+03	2.636959603088120940e-01	1.708829104411924427e-01	2.463797482482085743e-01	1.474446694977168126e-01	7.015816707034469579e-02	2.822846733308243330e-02	7.321007710040032535e-02
1.097206284457018228e+03	2.634701588859278409e-01	1.707323912920333808e-01	2.465436702958412607e-01	1.475387227591065109e-01	7.019260547227125502e-02	2.825207540630624362e-02	7.327037588827084447e-02
1.098657615521114849e+03	2.632447660093220621e-01	1.705821038411158008e-01	2.467073077622614352e-01	1.476326167840613379e-01	7.022697822102896836e-02	2.827565412900111957e-02	7.333057325296664375e-02
1.100108946585211470e+03	2.630197808407325200e-01	1.704320478173217968e-01	2.468706611185338684e-01	1.477263518726679992e-01	7.026128549966000059e-02	2.829920349158790774e-02	7.339066935925325774e-02
1.101560277649308091e+03	2.627952025441393502e-01	1.702822229493330397e-01	2.470337308349978001e-01	1.478199283241186102e-01	7.029552749041824422e-02	2.832272348489684941e-02	7.345066437185332475e-02
1.103011608713404712e+03	2.625710302857565681e-01	1.701326289656347746e-01	2.471965173812679661e-01	1.479133464367176354e-01	7.032970437477374659e-02	2.834621410016427770e-02	7.351055845544222922e-02
1.104462939777501106e+03	2.623472632340232980e-01	1.699832655945197057e-01	2.473590212262352372e-01	1.480066065078887994e-01	7.036381633341712294e-02	2.836967532902933201e-02	7.357035177464366082e-02
1.105914270841597499e+03	2.621239005595955573e-01	1.698341325640918831e-01	2.475212428380676177e-01	1.480997088341819146e-01	7.039786354626399734e-02	2.839310716353068975e-02	7.363004449402545115e-02
1.107365601905694348e+03	2.619009414353378196e-01	1.696852296022706430e-01	2.476831826842110507e-01	1.481926537112795428e-01	7.043184619245933253e-02	2.841650959610335370e-02	7.368963677809529933e-02
1.108816932969790741e+03	2.616783850363146313e-01	1.695365564367945221e-01	2.478448412313903060e-01	1.482854414340035731e-01	7.046576445038185699e-02	2.843988261957541841e-02	7.374912879129669196e-02
1.110268264033887590e+03	2.614562305397823971e-01	1.693881127952250598e-01	2.480062189456097577e-01	1.483780722963218002e-01	7.049961849764829758e-02	2.846322622716488532e-02	7.380852069800483695e-02
1.111719595097984211e+03	2.612344771251807751e-01	1.692398984049504895e-01	2.481673162921544384e-01	1.484705465913543077e-01	7.053340851111775112e-02	2.848654041247648816e-02	7.386781266252273603e-02
1.113170926162080832e+03	2.610131239741250164e-01	1.690919129931896803e-01	2.483281337355905949e-01	1.485628646113798801e-01	7.056713466689588932e-02	2.850982516949854273e-02	7.392700484907729908e-02
1.114622257226177226e+03	2.607921702703974165e-01	1.689441562869958835e-01	2.484886717397667977e-01	1.486550266478421367e-01	7.060079714033926090e-02	2.853308049259984519e-02	7.398609742181552762e-02
1.116073588290273847e+03	2.605716151999390440e-01	1.687966280132603969e-01	2.486489307678147465e-01	1.487470329913559430e-01	7.063439610605942720e-02	2.855630637652653223e-02	7.404509054480075403e-02
1.117524919354370468e+03	2.603514579508420246e-01	1.686493278987162558e-01	2.488089112821500470e-01	1.488388839317132673e-01	7.066793173792723648e-02	2.857950281639902793e-02	7.410398438200900550e-02
1.118976250418467089e+03	2.601316977133412145e-01	1.685022556699420082e-01	2.489686137444730996e-01	1.489305797578892587e-01	7.070140420907694567e-02	2.860266980770895945e-02	7.416277909732540974e-02
1.120427581482563710e+03	2.599123336798062067e-01	1.683554110533652393e-01	2.491280386157700422e-01	1.490221207580482710e-01	7.073481369191036983e-02	2.862580734631613860e-02	7.422147485454065607e-02
1.121878912546660331e+03	2.596933650447333375e-01	1.682087937752664020e-01	2.492871863563134727e-01	1.491135072195496070e-01	7.076816035810097605e-02	2.864891542844552261e-02	7.428007181734758158e-02
1.123330243610756725e+03	2.594747910047379702e-01	1.680624035617822032e-01	2.494460574256634200e-01	1.492047394289533757e-01	7.080144437859794970e-02	2.867199405068423385e-02	7.433857014933768770e-02
1.124781574674853118e+03	2.592566107585463353e-01	1.679162401389093506e-01	2.496046522826681768e-01	1.492958176720261543e-01	7.083466592363032999e-02	2.869504320997856225e-02	7.439697001399793452e-02
1.126232905738949967e+03	2.590388235069876477e-01	1.677703032325080224e-01	2.497629713854651323e-01	1.493867422337466222e-01	7.086782516271097898e-02	2.871806290363102671e-02	7.445527157470738233e-02
1.127684236803046360e+03	2.588214284529865017e-01	1.676245925683054472e-01	2.499210151914816047e-01	1.494775133983111126e-01	7.090092226464060621e-02	2.874105312929743292e-02	7.451347499473405522e-02
1.129135567867143209e+03	2.586044248015549885e-01	1.674791078718993464e-01	2.500787841574358406e-01	1.495681314491390801e-01	7.093395739751173767e-02	2.876401388498395217e-02	7.457158043723179086e-02
1.130586898931239830e+03	2.583878117597848689e-01	1.673338488687615144e-01	2.502362787393376808e-01	1.496585966688785130e-01	7.096693072871272656e-02	2.878694516904423475e-02	7.462958806523718736e-02
1.132038229995336451e+03	2.581715885368399133e-01	1.671888152842411768e-01	2.503934993924896157e-01	1.497489093394113180e-01	7.099984242493162512e-02	2.880984698017652335e-02	7.468749804166657791e-02
1.133489561059432845e+03	2.579557543439483513e-01	1.670440068435685155e-01	2.505504465714873397e-01	1.498390697418584827e-01	7.103269265216015371e-02	2.883271931742081504e-02	7.474531052931307484e-02
1.134940892123529466e+03	2.577403083943950457e-01	1.668994232718579995e-01	2.507071207302211113e-01	1.499290781565853492e-01	7.106548157569753110e-02	2.885556218015600596e-02	7.480302569084369690e-02
1.136392223187626087e+03	2.575252499035139975e-01	1.667550642941118266e-01	2.508635223218760868e-01	1.500189348632068320e-01	7.109820936015436021e-02	2.887837556809707759e-02	7.486064368879653819e-02
1.137843554251722708e+03	2.573105780886807414e-01	1.666109296352233649e-01	2.510196517989335407e-01	1.501086401405922477e-01	7.113087616945648617e-02	2.890115948129232115e-02	7.491816468557797870e-02
1.139294885315819101e+03	2.570962921693050185e-01	1.664670190199802613e-01	2.511755096131715326e-01	1.501981942668705328e-01	7.116348216684877104e-02	2.892391392012054127e-02	7.497558884345997821e-02
1.140746216379915950e+03	2.568823913668230041e-01	1.663233321730680225e-01	2.513310962156658501e-01	1.502875975194351010e-01	7.119602751489893799e-02	2.894663888528830123e-02	7.503291632457737004e-02
1.142197547444012343e+03	2.566688749046900919e-01	1.661798688190730955e-01	2.514864120567909533e-01	1.503768501749486730e-01	7.122851237550126280e-02	2.896933437782718557e-02	7.509014729092533535e-02
1.143648878508108737e+03	2.564557420083732331e-01	1.660366286824863369e-01	2.516414575862205849e-01	1.504659525093481054e-01	7.126093690988039020e-02	2.899200039909108351e-02	7.514728190435678024e-02
1.145100209572205586e+03	2.562429919053439420e-01	1.658936114877061219e-01	2.517962332529288805e-01	1.505549047978491928e-01	7.129330127859499766e-02	2.901463695075348972e-02	7.520432032657982380e-02
1.146551540636302207e+03	2.560306238250706912e-01	1.657508169590415636e-01	2.519507395051911458e-01	1.506437073149513306e-01	7.132560564154151461e-02	2.903724403480481900e-02	7.526126271915539734e-02
1.148002871700398828e+03	2.558186369990115838e-01	1.656082448207158442e-01	2.521049767905846339e-01	1.507323603344420948e-01	7.135785015795780006e-02	2.905982165354973473e-02	7.531810924349478797e-02
1.149454202764495449e+03	2.556070306606071374e-01	1.654658947968692673e-01	2.522589455559895999e-01	1.508208641294018493e-01	7.139003498642679246e-02	2.908236980960452953e-02	7.537486006085730716e-02
1.150905533828591842e+03	2.553958040452731781e-01	1.653237666115624782e-01	2.524126462475898003e-01	1.509092189722082422e-01	7.142216028488015955e-02	2.910488850589447105e-02	7.543151533234801476e-02
1.152356864892688463e+03	2.551849563903935136e-01	1.651818599887796557e-01	2.525660793108739921e-01	1.509974251345406748e-01	7.145422621060180945e-02	2.912737774565121382e-02	7.548807521891541528e-02
1.153808195956785084e+03	2.549744869353129384e-01	1.650401746524315372e-01	2.527192451906360438e-01	1.510854828873847144e-01	7.148623292023160991e-02	2.914983753241020409e-02	7.554453988134927911e-02
1.155259527020881706e+03	2.547643949213297399e-01	1.648987103263584442e-01	2.528721443309763783e-01	1.511733925010363688e-01	7.151818056976884386e-02	2.917226787000809854e-02	7.560090948027846369e-02
1.156710858084978327e+03	2.545546795916890370e-01	1.647574667343335852e-01	2.530247771753024733e-01	1.512611542451064162e-01	7.155006931457580377e-02	2.919466876258022814e-02	7.565718417616880409e-02
1.158162189149074720e+03	2.543453401915755641e-01	1.646164436000659426e-01	2.531771441663298039e-01	1.513487683885246793e-01	7.158189930938126111e-02	2.921704021455805156e-02	7.571336412932104520e-02
1.159613520213171569e+03	2.541363759681065093e-01	1.644756406472032417e-01	2.533292457460830649e-01	1.514362351995441336e-01	7.161367070828401904e-02	2.923938223066663983e-02	7.576944949986878786e-02
1.161064851277267962e+03	2.539277861703246875e-01	1.643350575993351159e-01	2.534810823558964477e-01	1.515235549457450426e-01	7.164538366475635411e-02	2.926169481592217833e-02	7.582544044777655978e-02
1.162516182341364356e+03	2.537195700491916006e-01	1.641946941799960202e-01	2.536326544364148616e-01	1.516107278940391212e-01	7.167703833164745797e-02	2.928397797562947921e-02	7.588133713283781723e-02
1.163967513405461204e+03	2.535117268575804439e-01	1.640545501126682570e-01	2.537839624275947115e-01	1.516977543106734772e-01	7.170863486118685126e-02	2.930623171537951807e-02	7.593713971467308532e-02
1.165418844469557826e+03	2.533042558502692221e-01	1.639146251207847516e-01	2.539350067687048407e-01	1.517846344612345799e-01	7.174017340498786699e-02	2.932845604104699147e-02	7.599284835272807070e-02
1.166870175533654447e+03	2.530971562839339217e-01	1.637749189277322159e-01	2.540857878983271978e-01	1.518713686106522298e-01	7.177165411405096729e-02	2.935065095878787444e-02	7.604846320627189904e-02
1.168321506597751068e+03	2.528904274171417388e-01	1.636354312568538139e-01	2.542363062543580021e-01	1.519579570232034438e-01	7.180307713876714348e-02	2.937281647503701618e-02	7.610398443439519989e-02
1.169772837661847461e+03	2.526840685103440842e-01	1.634961618314521858e-01	2.543865622740082433e-01	1.520443999625162301e-01	7.183444262892123289e-02	2.939495259650573913e-02	7.615941219600856626e-02
1.171224168725944082e+03	2.524780788258700892e-01	1.633571103747923081e-01	2.545365563938047915e-01	1.521306976915734743e-01	7.186575073369527722e-02	2.941705933017945557e-02	7.621474664984070890e-02
1.172675499790040703e+03	2.522724576279199438e-01	1.632182766101043236e-01	2.546862890495912302e-01	1.522168504727166305e-01	7.189700160167179777e-02	2.943913668331530828e-02	7.626998795443684642e-02
1.174126830854137097e+03	2.520672041825577359e-01	1.630796602605862622e-01	2.548357606765286887e-01	1.523028585676493019e-01	7.192819538083711217e-02	2.946118466343982875e-02	7.632513626815705388e-02
1.175578161918233945e+03	2.518623177577053451e-01	1.629412610494070102e-01	2.549849717090966750e-01	1.523887222374410710e-01	7.195933221858455409e-02	2.948320327834659180e-02	7.638019174917472232e-02
1.177029492982330339e+03	2.516577976231354485e-01	1.628030786997090029e-01	2.551339225810939082e-01	1.524744417425310250e-01	7.199041226171776220e-02	2.950519253609391532e-02	7.643515455547496285e-02
1.178480824046426733e+03	2.514536430504650810e-01	1.626651129346109170e-01	2.552826137256393180e-01	1.525600173427312523e-01	7.202143565645387213e-02	2.952715244500255312e-02	7.649002484485312170e-02
1.179932155110523581e+03	2.512498533131489742e-01	1.625273634772105291e-01	2.554310455751727105e-01	1.526454492972304788e-01	7.205240254842672221e-02	2.954908301365341203e-02	7.654480277491326756e-02
1.181383486174620202e+03	2.510464276864732280e-01	1.623898300505873804e-01	2.555792185614558787e-01	1.527307378645974545e-01	7.208331308269007309e-02	2.957098425088530019e-02	7.659948850306677604e-02
1.182834817238716823e+03	2.508433654475485941e-01	1.622525123778054967e-01	2.557271331155732685e-01	1.528158833027844776e-01	7.211416740372071643e-02	2.959285616579265810e-02	7.665408218653090022e-02
1.184286148302813444e+03	2.506406658753040917e-01	1.621154101819161086e-01	2.558747896679328115e-01	1.529008858691306705e-01	7.214496565542165285e-02	2.961469876772333809e-02	7.670858398232738296e-02
1.185737479366910065e+03	2.504383282504805686e-01	1.619785231859601771e-01	2.560221886482670905e-01	1.529857458203654763e-01	7.217570798112520059e-02	2.963651206627637355e-02	7.676299404728113840e-02
1.187188810431006686e+03	2.502363518556242616e-01	1.618418511129712523e-01	2.561693304856338393e-01	1.530704634126118235e-01	7.220639452359611798e-02	2.965829607129979312e-02	7.681731253801889203e-02
1.188640141495103080e+03	2.500347359750805798e-01	1.617053936859779162e-01	2.563162156084169419e-01	1.531550389013894842e-01	7.223702542503468438e-02	2.968005079288841760e-02	7.687153961096795940e-02
1.190091472559199701e+03	2.498334798949874702e-01	1.615691506280064749e-01	2.564628444443274313e-01	1.532394725416183212e-01	7.226760082707973931e-02	2.970177624138169506e-02	7.692567542235491385e-02
1.191542803623296322e+03	2.496325829032693122e-01	1.614331216620834564e-01	2.566092174204040455e-01	1.533237645876214528e-01	7.229812087081179117e-02	2.972347242736154277e-02	7.697972012820442078e-02
1.192994134687392716e+03	2.494320442896306445e-01	1.612973065112383309e-01	2.567553349630143922e-01	1.534079152931284162e-01	7.232858569675600091e-02	2.974513936165020314e-02	7.703367388433807195e-02
1.194445465751489564e+03	2.492318633455497257e-01	1.611617048985059530e-01	2.569011974978556712e-01	1.534919249112783046e-01	7.235899544488517965e-02	2.976677705530811693e-02	7.708753684637313641e-02
1.195896796815585958e+03	2.490320393642724839e-01	1.610263165469291158e-01	2.570468054499555066e-01	1.535757936946229030e-01	7.238935025462282791e-02	2.978838551963182077e-02	7.714130916972145036e-02
1.197348127879682352e+03	2.488325716408062716e-01	1.608911411795610480e-01	2.571921592436728909e-01	1.536595218951296027e-01	7.241965026484604995e-02	2.980996476615184465e-02	7.719499100958836235e-02
1.198799458943779200e+03	2.486334594719136204e-01	1.607561785194679960e-01	2.573372593026990174e-01	1.537431097641845656e-01	7.244989561388859300e-02	2.983151480663061642e-02	7.724858252097163702e-02
1.200250790007875821e+03	2.484347021561061908e-01	1.606214282897315826e-01	2.574821060500581127e-01	1.538265575525956108e-01	7.248008643954369223e-02	2.985303565306041823e-02	7.730208385866035870e-02
1.201702121071972442e+03	2.482362989936386655e-01	1.604868902134513609e-01	2.576266999081083253e-01	1.539098655105952396e-01	7.251022287906705444e-02	2.987452731766132227e-02	7.735549517723394608e-02
1.203153452136069063e+03	2.480382492865025323e-01	1.603525640137471731e-01	2.577710412985426691e-01	1.539930338878434946e-01	7.254030506917971688e-02	2.989598981287915069e-02	7.740881663106115307e-02
1.204604783200165684e+03	2.478405523384202558e-01	1.602184494137616211e-01	2.579151306423896339e-01	1.540760629334307907e-01	7.257033314607096164e-02	2.991742315138345640e-02	7.746204837429912504e-02
1.206056114264262078e+03	2.476432074548390316e-01	1.600845461366625089e-01	2.580589683600143514e-01	1.541589528958809407e-01	7.260030724540117442e-02	2.993882734606550730e-02	7.751519056089237192e-02
1.207507445328358699e+03	2.474462139429249030e-01	1.599508539056450906e-01	2.582025548711192053e-01	1.542417040231537917e-01	7.263022750230466174e-02	2.996020241003629486e-02	7.756824334457193548e-02
1.208958776392455093e+03	2.472495711115567651e-01	1.598173724439346799e-01	2.583458905947448314e-01	1.543243165626480840e-01	7.266009405139253752e-02	2.998154835662455650e-02	7.762120687885441794e-02
1.210410107456551941e+03	2.470532782713204534e-01	1.596841014747887588e-01	2.584889759492709493e-01	1.544067907612042545e-01	7.268990702675548476e-02	3.000286519937480495e-02	7.767408131704116314e-02
1.211861438520648335e+03	2.468573347345028035e-01	1.595510407214994486e-01	2.586318113524173068e-01	1.544891268651069904e-01	7.271966656196657275e-02	3.002415295204537149e-02	7.772686681221742389e-02
1.213312769584745183e+03	2.466617398150857121e-01	1.594181899073957853e-01	2.587743972212442900e-01	1.545713251200881433e-01	7.274937279008403257e-02	3.004541162860647693e-02	7.777956351725145989e-02
1.214764100648841804e+03	2.464664928287403911e-01	1.592855487558461347e-01	2.589167339721540340e-01	1.546533857713292548e-01	7.277902584365400496e-02	3.006664124323828874e-02	7.783217158479381614e-02
1.216215431712937971e+03	2.462715930928214281e-01	1.591531169902602183e-01	2.590588220208912551e-01	1.547353090634642214e-01	7.280862585471332971e-02	3.008784181032902322e-02	7.788469116727651798e-02
1.217666762777034819e+03	2.460770399263610686e-01	1.590208943340915837e-01	2.592006617825439174e-01	1.548170952405819034e-01	7.283817295479219633e-02	3.010901334447304428e-02	7.793712241691228004e-02
1.219118093841131440e+03	2.458828326500633599e-01	1.588888805108399360e-01	2.593422536715442872e-01	1.548987445462286505e-01	7.286766727491691964e-02	3.013015586046898300e-02	7.798946548569382631e-02
1.220569424905228061e+03	2.456889705862985163e-01	1.587570752440531363e-01	2.594835981016697657e-01	1.549802572234109665e-01	7.289710894561261811e-02	3.015126937331785023e-02	7.804172052539314064e-02
1.222020755969324682e+03	2.454954530590970629e-01	1.586254782573295330e-01	2.596246954860436107e-01	1.550616335145978686e-01	7.292649809690586460e-02	3.017235389822118391e-02	7.809388768756081456e-02
1.223472087033421303e+03	2.453022793941442292e-01	1.584940892743201823e-01	2.597655462371361024e-01	1.551428736617235515e-01	7.295583485832737858e-02	3.019340945057922068e-02	7.814596712352532559e-02
1.224923418097517697e+03	2.451094489187741754e-01	1.583629080187310134e-01	2.599061507667648763e-01	1.552239779061897473e-01	7.298511935891464908e-02	3.021443604598903973e-02	7.819795898439241277e-02
1.226374749161614318e+03	2.449169609619644694e-01	1.582319342143250485e-01	2.600465094860964221e-01	1.553049464888681674e-01	7.301435172721458533e-02	3.023543370024275520e-02	7.824986342104445214e-02
1.227826080225710712e+03	2.447248148543303969e-01	1.581011675849244291e-01	2.601866228056464725e-01	1.553857796501029453e-01	7.304353209128609803e-02	3.025640242932571555e-02	7.830168058413984611e-02
1.229277411289807560e+03	2.445330099281194103e-01	1.579706078544126924e-01	2.603264911352808908e-01	1.554664776297130235e-01	7.307266057870272224e-02	3.027734224941469252e-02	7.835341062411241286e-02
1.230728742353903954e+03	2.443415455172055217e-01	1.578402547467367689e-01	2.604661148842169482e-01	1.555470406669944849e-01	7.310173731655521256e-02	3.029825317687612207e-02	7.840505369117085899e-02
1.232180073418000802e+03	2.441504209570837802e-01	1.577101079859091759e-01	2.606054944610236013e-01	1.556274690007229122e-01	7.313076243145402722e-02	3.031913522826432117e-02	7.845660993529815497e-02
1.233631404482097196e+03	2.439596355848646925e-01	1.575801672960100708e-01	2.607446302736227128e-01	1.557077628691556914e-01	7.315973604953196485e-02	3.033998842031973217e-02	7.850807950625103560e-02
1.235082735546193817e+03	2.437691887392688661e-01	1.574504324011893885e-01	2.608835227292899406e-01	1.557879225100343157e-01	7.318865829644664867e-02	3.036081276996718814e-02	7.855946255355954200e-02
1.236534066610290438e+03	2.435790797606214309e-01	1.573209030256687291e-01	2.610221722346554030e-01	1.558679481605866335e-01	7.321752929738307991e-02	3.038160829431418158e-02	7.861075922652642489e-02
1.237985397674387059e+03	2.433893079908466539e-01	1.571915788937436054e-01	2.611605791957045120e-01	1.559478400575291246e-01	7.324634917705610815e-02	3.040237501064913320e-02	7.866196967422671438e-02
1.239436728738483680e+03	2.431998727734625554e-01	1.570624597297853864e-01	2.612987440177790277e-01	1.560275984370690372e-01	7.327511805971291536e-02	3.042311293643970571e-02	7.871309404550723421e-02
1.240888059802580301e+03	2.430107734535753572e-01	1.569335452582432122e-01	2.614366671055777802e-01	1.561072235349066084e-01	7.330383606913551398e-02	3.044382208933109346e-02	7.876413248898619934e-02
1.242339390866676695e+03	2.428220093778742927e-01	1.568048352036461035e-01	2.615743488631576685e-01	1.561867155862373402e-01	7.333250332864317544e-02	3.046450248714435358e-02	7.881508515305271634e-02
1.243790721930773088e+03	2.426335798946261946e-01	1.566763292906049876e-01	2.617117896939343269e-01	1.562660748257540255e-01	7.336111996109490052e-02	3.048515414787471983e-02	7.886595218586645029e-02
1.245242052994869937e+03	2.424454843536701654e-01	1.565480272438145859e-01	2.618489900006830684e-01	1.563453014876488578e-01	7.338968608889180623e-02	3.050577708968996507e-02	7.891673373535711133e-02
1.246693384058966330e+03	2.422577221064123598e-01	1.564199287880552736e-01	2.619859501855396622e-01	1.564243958056156791e-01	7.341820183397959609e-02	3.052637133092873586e-02	7.896742994922419101e-02
1.248144715123063179e+03	2.420702925058206001e-01	1.562920336481951888e-01	2.621226706500013881e-01	1.565033580128518953e-01	7.344666731785089164e-02	3.054693689009893229e-02	7.901804097493653201e-02
1.249596046187159800e+03	2.418831949064191855e-01	1.561643415491920928e-01	2.622591517949277029e-01	1.565821883420606964e-01	7.347508266154764711e-02	3.056747378587607727e-02	7.906856695973196736e-02
1.251047377251256421e+03	2.416964286642837301e-01	1.560368522160952565e-01	2.623953940205411839e-01	1.566608870254529717e-01	7.350344798566352256e-02	3.058798203710171373e-02	7.911900805061701514e-02
1.252498708315352815e+03	2.415099931370358610e-01	1.559095653740473209e-01	2.625313977264282506e-01	1.567394542947493918e-01	7.353176341034621533e-02	3.060846166278179126e-02	7.916936439436654538e-02
1.253950039379449436e+03	2.413238876838380564e-01	1.557824807482862672e-01	2.626671633115402194e-01	1.568178903811823788e-01	7.356002905529983316e-02	3.062891268208509099e-02	7.921963613752343314e-02
1.255401370443546057e+03	2.411381116653886492e-01	1.556555980641472214e-01	2.628026911741940808e-01	1.568961955154981602e-01	7.358824503978714238e-02	3.064933511434164010e-02	7.926982342639833645e-02
1.256852701507642678e+03	2.409526644439164422e-01	1.555289170470642857e-01	2.629379817120732765e-01	1.569743699279586568e-01	7.361641148263201040e-02	3.066972897904116091e-02	7.931992640706934938e-02
1.258304032571739299e+03	2.407675453831759071e-01	1.554024374225723981e-01	2.630730353222286988e-01	1.570524138483433974e-01	7.364452850222154290e-02	3.069009429583149581e-02	7.936994522538176611e-02
1.259755363635835920e+03	2.405827538484417993e-01	1.552761589163091926e-01	2.632078524010792453e-01	1.571303275059515447e-01	7.367259621650851242e-02	3.071043108451708414e-02	7.941988002694780335e-02
1.261206694699932314e+03	2.403982892065042731e-01	1.551500812540167473e-01	2.633424333444130960e-01	1.572081111296037836e-01	7.370061474301353721e-02	3.073073936505741136e-02	7.946973095714640611e-02
1.262658025764028707e+03	2.402141508256638303e-01	1.550242041615433608e-01	2.634767785473882129e-01	1.572857649476440689e-01	7.372858419882732939e-02	3.075101915756549981e-02	7.951949816112294234e-02
1.264109356828125556e+03	2.400303380757263239e-01	1.548985273648453842e-01	2.636108884045333944e-01	1.573632891879417073e-01	7.375650470061298480e-02	3.077127048230640649e-02	7.956918178378905027e-02
1.265560687892221949e+03	2.398468503279978514e-01	1.547730505899889974e-01	2.637447633097489974e-01	1.574406840778929950e-01	7.378437636460820348e-02	3.079149335969569995e-02	7.961878196982241640e-02
1.267012018956318798e+03	2.396636869552800087e-01	1.546477735631519579e-01	2.638784036563079360e-01	1.575179498444232162e-01	7.381219930662746842e-02	3.081168781029799617e-02	7.966829886366659508e-02
1.268463350020415419e+03	2.394808473318646158e-01	1.545226960106252101e-01	2.640118098368564037e-01	1.575950867139883915e-01	7.383997364206425218e-02	3.083185385482546323e-02	7.971773260953080031e-02
1.269914681084511813e+03	2.392983308335291659e-01	1.543978176588148010e-01	2.641449822434147610e-01	1.576720949125770266e-01	7.386769948589325119e-02	3.085199151413636764e-02	7.976708335138975314e-02
1.271366012148608434e+03	2.391161368375316343e-01	1.542731382342434898e-01	2.642779212673782574e-01	1.577489746657120273e-01	7.389537695267249517e-02	3.087210080923360675e-02	7.981635123298355672e-02
1.272817343212705055e+03	2.389342647226057326e-01	1.541486574635524409e-01	2.644106272995181972e-01	1.578257261984523374e-01	7.392300615654555374e-02	3.089218176126327237e-02	7.986553639781747427e-02
1.274268674276801676e+03	2.387527138689560791e-01	1.540243750735028894e-01	2.645431007299826609e-01	1.579023497353946870e-01	7.395058721124361800e-02	3.091223439151320057e-02	7.991463898916184583e-02
1.275720005340898297e+03	2.385714836582532306e-01	1.539002907909778894e-01	2.646753419482971159e-01	1.579788455006754244e-01	7.397812023008776272e-02	3.093225872141157004e-02	7.996365915005200498e-02
1.277171336404994690e+03	2.383905734736290194e-01	1.537764043429839245e-01	2.648073513433654713e-01	1.580552137179721262e-01	7.400560532599091690e-02	3.095225477252545529e-02	8.001259702328808454e-02
1.278622667469091539e+03	2.382099826996716407e-01	1.536527154566525166e-01	2.649391293034709660e-01	1.581314546105054009e-01	7.403304261146007037e-02	3.097222256655945624e-02	8.006145275143494722e-02
1.280073998533187932e+03	2.380297107224209618e-01	1.535292238592419478e-01	2.650706762162768348e-01	1.582075684010404715e-01	7.406043219859831384e-02	3.099216212535427575e-02	8.011022647682211617e-02
1.281525329597284326e+03	2.378497569293637204e-01	1.534059292781387585e-01	2.652019924688274743e-01	1.582835553118888960e-01	7.408777419910698991e-02	3.101207347088534919e-02	8.015891834154367790e-02
1.282976660661381175e+03	2.376701207094288337e-01	1.532828314408595238e-01	2.653330784475488868e-01	1.583594155649102331e-01	7.411506872428767767e-02	3.103195662526146356e-02	8.020752848745819896e-02
1.284427991725477568e+03	2.374908014529826528e-01	1.531599300750522696e-01	2.654639345382498461e-01	1.584351493815136236e-01	7.414231588504428816e-02	3.105181161072339754e-02	8.025605705618865660e-02
1.285879322789574417e+03	2.373117985518242989e-01	1.530372249084981373e-01	2.655945611261226191e-01	1.585107569826594842e-01	7.416951579188513222e-02	3.107163844964257182e-02	8.030450418912243871e-02
1.287330653853671038e+03	2.371331113991810291e-01	1.529147156691129383e-01	2.657249585957437432e-01	1.585862385888610893e-01	7.419666855492490498e-02	3.109143716451968562e-02	8.035287002741124673e-02
1.288781984917767431e+03	2.369547393897035448e-01	1.527924020849487363e-01	2.658551273310750251e-01	1.586615944201860973e-01	7.422377428388676757e-02	3.111120777798339829e-02	8.040115471197106789e-02
1.290233315981864052e+03	2.367766819194613293e-01	1.526702838841953458e-01	2.659850677154642073e-01	1.587368246962582441e-01	7.425083308810428995e-02	3.113095031278899361e-02	8.044935838348220292e-02
