1.301360187473271253e+03	2.358133072317614987e-01	1.509949591000928903e-01	2.603808195497957501e-01	1.617797743101830887e-01	7.650012133243604129e-02	3.217572633466275756e-02	8.235529214082672189e-02
1.306197957686926657e+03	2.352328239418250144e-01	1.505907692582865998e-01	2.607534664164522509e-01	1.620445069102995350e-01	7.660977051870239418e-02	3.225064140403626628e-02	8.251802155015670881e-02
1.311035727900581833e+03	2.346556971018082804e-01	1.501887733407945014e-01	2.611239493212447194e-01	1.623077315389578335e-01	7.671882386073836102e-02	3.232522719980166631e-02	8.267979763641335189e-02
1.315873498114237009e+03	2.340819056444861102e-01	1.497889607887523400e-01	2.614922824100725518e-01	1.625694563600633136e-01	7.682728449811088156e-02	3.239948404720629366e-02	8.284062625106718147e-02
1.320711268327892412e+03	2.335114286729220723e-01	1.493913210610134379e-01	2.618584796993935759e-01	1.628296894998616795e-01	7.693515555627600255e-02	3.247341229677735280e-02	8.300051321351452349e-02
1.325549038541547588e+03	2.329442454582831834e-01	1.489958436350288518e-01	2.622225550783187087e-01	1.630884390470135059e-01	7.704244014657957162e-02	3.254701232366716962e-02	8.315946431086758406e-02
1.330386808755202765e+03	2.323803354376965113e-01	1.486025180076998575e-01	2.625845223106532123e-01	1.633457130526694001e-01	7.714914136626008223e-02	3.262028452701267595e-02	8.331748529776679402e-02
1.335224578968857941e+03	2.318196782121464405e-01	1.482113336962029015e-01	2.629443950368861582e-01	1.636015195305459413e-01	7.725526229845362802e-02	3.269322932930884829e-02	8.347458189621462243e-02
1.340062349182513572e+03	2.312622535444116278e-01	1.478222802387878509e-01	2.633021867761302648e-01	1.638558664570026469e-01	7.736080601220077235e-02	3.276584717579578143e-02	8.363075979542958227e-02
1.344900119396168748e+03	2.307080413570408162e-01	1.474353471955506811e-01	2.636579109280129396e-01	1.641087617711197155e-01	7.746577556245540230e-02	3.283813853385905701e-02	8.378602465171987312e-02
1.349737889609823924e+03	2.301570217303667010e-01	1.470505241491805448e-01	2.640115807745206933e-01	1.643602133747767979e-01	7.757017399009541458e-02	3.291010389244312245e-02	8.394038208837525938e-02
1.354575659823479100e+03	2.296091749005567395e-01	1.466678007056822497e-01	2.643632094817974232e-01	1.646102291327327105e-01	7.767400432193524717e-02	3.298174376147738202e-02	8.409383769557673971e-02
1.359413430037134731e+03	2.290644812577006251e-01	1.462871664950746997e-01	2.647128101018996205e-01	1.648588168727060099e-01	7.777726957073999303e-02	3.305305867131471537e-02	8.424639703032282823e-02
1.364251200250789907e+03	2.285229213439327056e-01	1.459086111720660217e-01	2.650603955745077789e-01	1.651059843854567055e-01	7.787997273524126240e-02	3.312404917218214617e-02	8.439806561637196169e-02
1.369088970464445310e+03	2.279844758515894854e-01	1.455321244167055161e-01	2.654059787285970029e-01	1.653517394248687211e-01	7.798211680015461333e-02	3.319471583364337619e-02	8.454884894419986696e-02
1.373926740678100487e+03	2.274491256214008772e-01	1.451576959350138196e-01	2.657495722840672592e-01	1.655960897080336891e-01	7.808370473619839769e-02	3.326505924407293507e-02	8.469875247097151394e-02
1.378764510891755890e+03	2.269168516407145397e-01	1.447853154595910297e-01	2.660911888533348257e-01	1.658390429153355494e-01	7.818473950011421703e-02	3.333508001014166139e-02	8.484778162052666883e-02
1.383602281105411066e+03	2.263876350417526884e-01	1.444149727502037628e-01	2.664308409428853830e-01	1.660806066905360368e-01	7.828522403468868296e-02	3.340477875631333443e-02	8.499594178337857575e-02
1.388440051319066470e+03	2.258614570999005200e-01	1.440466575943514793e-01	2.667685409547913555e-01	1.663207886408614999e-01	7.838516126877655144e-02	3.347415612435206828e-02	8.514323831672494791e-02
1.393277821532721646e+03	2.253382992320255573e-01	1.436803598078129907e-01	2.671043011881930607e-01	1.665595963370905541e-01	7.848455411732514764e-02	3.354321277284039171e-02	8.528967654447071334e-02
1.398115591746377049e+03	2.248181429948274968e-01	1.433160692351730936e-01	2.674381338407456066e-01	1.667970373136426765e-01	7.858340548140002602e-02	3.361194937670767408e-02	8.543526175726182115e-02
1.402953361960032225e+03	2.243009700832172826e-01	1.429537757503303863e-01	2.677700510100323728e-01	1.670331190686680234e-01	7.868171824821183769e-02	3.368036662676869575e-02	8.557999921252981701e-02
1.407791132173687402e+03	2.237867623287254082e-01	1.425934692569862661e-01	2.681000646949459609e-01	1.672678490641381632e-01	7.877949529114432192e-02	3.374846522927214126e-02	8.572389413454618856e-02
1.412628902387342805e+03	2.232755016979386387e-01	1.422351396891158304e-01	2.684281867970377267e-01	1.675012347259377254e-01	7.887673946978339401e-02	3.381624590545881381e-02	8.586695171448631425e-02
1.417466672600997981e+03	2.227671702909638785e-01	1.418787770114212088e-01	2.687544291218371129e-01	1.677332834439572151e-01	7.897345362994735718e-02	3.388370939112932828e-02	8.600917711050236336e-02
1.422304442814653157e+03	2.222617503399196837e-01	1.415243712197677417e-01	2.690788033801403967e-01	1.679640025721868823e-01	7.906964060371794722e-02	3.395085643622109545e-02	8.615057544780470311e-02
1.427142213028308333e+03	2.217592242074539755e-01	1.411719123416032007e-01	2.694013211892718473e-01	1.681933994288111744e-01	7.916530320947262611e-02	3.401768780439439616e-02	8.629115181875124385e-02
1.431979983241963964e+03	2.212595743852876495e-01	1.408213904363608271e-01	2.697219940743159627e-01	1.684214812963047980e-01	7.926044425191750009e-02	3.408420427262734420e-02	8.643091128294440317e-02
1.436817753455619140e+03	2.207627834927836097e-01	1.404727955958463559e-01	2.700408334693231160e-01	1.686482554215292529e-01	7.935506652212134804e-02	3.415040663081953670e-02	8.656985886733524482e-02
1.441655523669274316e+03	2.202688342755405038e-01	1.401261179446096350e-01	2.703578507184889457e-01	1.688737290158304205e-01	7.944917279755041306e-02	3.421629568140420463e-02	8.670799956633432060e-02
1.446493293882929493e+03	2.197777096040105793e-01	1.397813476403010902e-01	2.706730570773077660e-01	1.690979092551374297e-01	7.954276584210401291e-02	3.428187223896871777e-02	8.684533834192885438e-02
1.451331064096585123e+03	2.192893924721416588e-01	1.394384748740134239e-01	2.709864637137012755e-01	1.693208032800620211e-01	7.963584840615096916e-02	3.434713712988320816e-02	8.698188012380585199e-02
1.456168834310240300e+03	2.188038659960416799e-01	1.390974898706091034e-01	2.712980817091236174e-01	1.695424181959991061e-01	7.972842322656674419e-02	3.441209119193716637e-02	8.711762980948095647e-02
1.461006604523895703e+03	2.183211134126665232e-01	1.387583828890338045e-01	2.716079220596422372e-01	1.697627610732282133e-01	7.982049302677134139e-02	3.447673527398383703e-02	8.725259226443241034e-02
1.465844374737550879e+03	2.178411180785296275e-01	1.384211442226162270e-01	2.719159956769966469e-01	1.699818389470157398e-01	7.991206051676781608e-02	3.454107023559227496e-02	8.738677232224006941e-02
1.470682144951206283e+03	2.173638634684334769e-01	1.380857641993548102e-01	2.722223133896345404e-01	1.701996588177182024e-01	8.000312839318154956e-02	3.460509694670681202e-02	8.752017478472901013e-02
1.475519915164861459e+03	2.168893331742223762e-01	1.377522331821914026e-01	2.725268859437268709e-01	1.704162276508862095e-01	8.009369933930006458e-02	3.466881628731393467e-02	8.765280442211743905e-02
1.480357685378516862e+03	2.164175109035559319e-01	1.374205415692724697e-01	2.728297240041618332e-01	1.706315523773696274e-01	8.018377602511346514e-02	3.473222914711619758e-02	8.778466597316871012e-02
1.485195455592172038e+03	2.159483804787029060e-01	1.370906797941979782e-01	2.731308381555185849e-01	1.708456398934230236e-01	8.027336110735550090e-02	3.479533642521320802e-02	8.791576414534704731e-02
1.490033225805827215e+03	2.154819258353549427e-01	1.367626383262585121e-01	2.734302389030209834e-01	1.710584970608124700e-01	8.036245722954507564e-02	3.485813902978949358e-02	8.804610361497677840e-02
1.494870996019482618e+03	2.150181310214598629e-01	1.364364076706606754e-01	2.737279366734725050e-01	1.712701307069229018e-01	8.045106702202835247e-02	3.492063787780902429e-02	8.817568902740488546e-02
1.499708766233137567e+03	2.145569801960739709e-01	1.361119783687412821e-01	2.740239418161724561e-01	1.714805476248662808e-01	8.053919310202134474e-02	3.498283389471631977e-02	8.830452499716653914e-02
1.504546536446793198e+03	2.140984576282330409e-01	1.357893409981704713e-01	2.743182646038138661e-01	1.716897545735905362e-01	8.062683807365295108e-02	3.504472801414400956e-02	8.843261610815335294e-02
1.509384306660448374e+03	2.136425476958415670e-01	1.354684861731442203e-01	2.746109152333635617e-01	1.718977582779892821e-01	8.071400452800850389e-02	3.510632117762668702e-02	8.855996691378434371e-02
1.514222076874103550e+03	2.131892348845798035e-01	1.351494045445664760e-01	2.749019038269258086e-01	1.721045654290123128e-01	8.080069504317367868e-02	3.516761433432089717e-02	8.868658193717916804e-02
1.519059847087758726e+03	2.127385037868285145e-01	1.348320868002209350e-01	2.751912404325883577e-01	1.723101826837767636e-01	8.088691218427886132e-02	3.522860844073120307e-02	8.881246567133355141e-02
1.523897617301414357e+03	2.122903391006106255e-01	1.345165236649331908e-01	2.754789350252527802e-01	1.725146166656789104e-01	8.097265850354387617e-02	3.528930446044213631e-02	8.893762257929667403e-02
1.528735387515069533e+03	2.118447256285496960e-01	1.342027059007232515e-01	2.757649975074490389e-01	1.727178739645068295e-01	8.105793654032307505e-02	3.534970336385595546e-02	8.906205709435038864e-02
1.533573157728724709e+03	2.114016482768450722e-01	1.338906243069486190e-01	2.760494377101341268e-01	1.729199611365535016e-01	8.114274882115080079e-02	3.540980612793603183e-02	8.918577362019007582e-02
1.538410927942380113e+03	2.109610920542626666e-01	1.335802697204382938e-01	2.763322653934764950e-01	1.731208847047307209e-01	8.122709785978722563e-02	3.546961373595584194e-02	8.930877653110691483e-02
1.543248698156035516e+03	2.105230420711419193e-01	1.332716330156180629e-01	2.766134902476253266e-01	1.733206511586836696e-01	8.131098615726432832e-02	3.552912717725335845e-02	8.943107017217147292e-02
1.548086468369690692e+03	2.100874835384178296e-01	1.329647051046269624e-01	2.768931218934657101e-01	1.735192669549058819e-01	8.139441620193244020e-02	3.558834744699074931e-02	8.955265885941848802e-02
1.552924238583346096e+03	2.096544017666582826e-01	1.326594769374256355e-01	2.771711698833602688e-01	1.737167385168550404e-01	8.147739046950681907e-02	3.564727554591934355e-02	8.967354688003265073e-02
1.557762008797001272e+03	2.092237821651160568e-01	1.323559395018963636e-01	2.774476437018769670e-01	1.739130722350691327e-01	8.155991142311462549e-02	3.570591248014963470e-02	8.979373849253524664e-02
1.562599779010656675e+03	2.087956102407953485e-01	1.320540838239350756e-01	2.777225527665041493e-01	1.741082744672833582e-01	8.164198151334212117e-02	3.576425926092634960e-02	8.991323792697158979e-02
1.567437549224311852e+03	2.083698715975325078e-01	1.317539009675361694e-01	2.779959064283524239e-01	1.743023515385473954e-01	8.172360317828207543e-02	3.582231690440834670e-02	9.003204938509903887e-02
1.572275319437967255e+03	2.079465519350905400e-01	1.314553820348691171e-01	2.782677139728445548e-01	1.744953097413434184e-01	8.180477884358143548e-02	3.588008643145337850e-02	9.015017704057559644e-02
1.577113089651622431e+03	2.075256370482673474e-01	1.311585181663483257e-01	2.785379846203926979e-01	1.746871553357042250e-01	8.188551092248914920e-02	3.593756886740749612e-02	9.026762503914884106e-02
1.581950859865277607e+03	2.071071128260170702e-01	1.308633005406957261e-01	2.788067275270643686e-01	1.748778945493322801e-01	8.196580181590425174e-02	3.599476524189907517e-02	9.038439749884524810e-02
1.586788630078933011e+03	2.066909652505848627e-01	1.305697203749965063e-01	2.790739517852366403e-01	1.750675335777189534e-01	8.204565391242403527e-02	3.605167658863739355e-02	9.050049851015964930e-02
1.591626400292587959e+03	2.062771803966539363e-01	1.302777689247481274e-01	2.793396664242389082e-01	1.752560785842642854e-01	8.212506958839249638e-02	3.610830394521551828e-02	9.061593213624478949e-02
1.596464170506243590e+03	2.058657444305056206e-01	1.299874374839028457e-01	2.796038804109849951e-01	1.754435357003971130e-01	8.220405120794886666e-02	3.616464835291763324e-02	9.073070241310095263e-02
1.601301940719898766e+03	2.054566436091913861e-01	1.296987173849038777e-01	2.798666026505947091e-01	1.756299110256956952e-01	8.228260112307628216e-02	3.622071085653054412e-02	9.084481334976553246e-02
1.606139710933553943e+03	2.050498642797169702e-01	1.294115999987155707e-01	2.801278419870045222e-01	1.758152106280086446e-01	8.236072167365063312e-02	3.627649250415931892e-02	9.095826892850233936e-02
1.610977481147209119e+03	2.046453928782383247e-01	1.291260767348473559e-01	2.803876072035685896e-01	1.759994405435763298e-01	8.243841518748951103e-02	3.633199434704706410e-02	9.107107310499087949e-02
1.615815251360864750e+03	2.042432159292690286e-01	1.288421390413721779e-01	2.806459070236493325e-01	1.761826067771525561e-01	8.251568398040123875e-02	3.638721743939858644e-02	9.118322980851513437e-02
1.620653021574519926e+03	2.038433200448989957e-01	1.285597784049390957e-01	2.809027501111991953e-01	1.763647153021265790e-01	8.259253035623406736e-02	3.644216283820805868e-02	9.129474294215214614e-02
1.625490791788175102e+03	2.034456919240244521e-01	1.282789863507803885e-01	2.811581450713318553e-01	1.765457720606455061e-01	8.266895660692540060e-02	3.649683160309043911e-02	9.140561638296006153e-02
1.630328562001830505e+03	2.030503183515886823e-01	1.279997544427135536e-01	2.814121004508853829e-01	1.767257829637369215e-01	8.274496501255117209e-02	3.655122479611667974e-02	9.151585398216578737e-02
1.635166332215485909e+03	2.026571861978331002e-01	1.277220742831379208e-01	2.816646247389755775e-01	1.769047538914318429e-01	8.282055784137516696e-02	3.660534348165256358e-02	9.162545956535200764e-02
1.640004102429141085e+03	2.022662824175593954e-01	1.274459375130264360e-01	2.819157263675409753e-01	1.770826906928880118e-01	8.289573734989856557e-02	3.665918872620119173e-02	9.173443693264364540e-02
1.644841872642796488e+03	2.018775940494013377e-01	1.271713358119123671e-01	2.821654137118790873e-01	1.772595991865132392e-01	8.297050578290945944e-02	3.671276159824893998e-02	9.184278985889370028e-02
1.649679642856451665e+03	2.014911082151070454e-01	1.268982608978715676e-01	2.824136950911745880e-01	1.774354851600892791e-01	8.304486537353238107e-02	3.676606316811493330e-02	9.195052209386835040e-02
1.654517413070107068e+03	2.011068121188306634e-01	1.266267045274998837e-01	2.826605787690187888e-01	1.776103543708957011e-01	8.311881834327794483e-02	3.681909450780382342e-02	9.205763736243136042e-02
1.659355183283762244e+03	2.007246930464340329e-01	1.263566584958863148e-01	2.829060729539218388e-01	1.777842125458339584e-01	8.319236690209252938e-02	3.687185669086195244e-02	9.216413936472758750e-02
1.664192953497417420e+03	2.003447383647976310e-01	1.260881146365816774e-01	2.831501857998166005e-01	1.779570653815518155e-01	8.326551324840789081e-02	3.692435079223672229e-02	9.227003177636587672e-02
1.669030723711072824e+03	1.999669355211408928e-01	1.258210648215632999e-01	2.833929254065552517e-01	1.781289185445678602e-01	8.333825956919083122e-02	3.697657788813917684e-02	9.237531824860086005e-02
1.673868493924728000e+03	1.995912720423515807e-01	1.255555009611954431e-01	2.836342998203982835e-01	1.782997776713962090e-01	8.341060803999296447e-02	3.702853905590969275e-02	9.248000240851403375e-02
1.678706264138383403e+03	1.992177355343239809e-01	1.252914150041859742e-01	2.838743170344961153e-01	1.784696483686712132e-01	8.348256082500035702e-02	3.708023537388671631e-02	9.258408785919380879e-02
1.683544034352038352e+03	1.988463136813059529e-01	1.250287989375390152e-01	2.841129849893641590e-01	1.786385362132725807e-01	8.355412007708325206e-02	3.713166792127850502e-02	9.268757817991467307e-02
1.688381804565693983e+03	1.984769942452545843e-01	1.247676447865041227e-01	2.843503115733502784e-01	1.788064467524503043e-01	8.362528793784575198e-02	3.718283777803781109e-02	9.279047692631528510e-02
1.693219574779349159e+03	1.981097650652000886e-01	1.245079446145216928e-01	2.845863046230958648e-01	1.789733855039498944e-01	8.369606653767547311e-02	3.723374602473944472e-02	9.289278763057567945e-02
1.698057344993004335e+03	1.977446140566180843e-01	1.242496905231649795e-01	2.848209719239901960e-01	1.791393579561376959e-01	8.376645799579322815e-02	3.728439374246064059e-02	9.299451380159327873e-02
1.702895115206659511e+03	1.973815292108100916e-01	1.239928746520787273e-01	2.850543212106183555e-01	1.793043695681261485e-01	8.383646442030259771e-02	3.733478201266418606e-02	9.309565892515798968e-02
1.707732885420315142e+03	1.970204985942916043e-01	1.237374891789145143e-01	2.852863601672027127e-01	1.794684257698992980e-01	8.390608790823955720e-02	3.738491191708429029e-02	9.319622646412614730e-02
1.712570655633970318e+03	1.966615103481883231e-01	1.234835263192630428e-01	2.855170964280381307e-01	1.796315319624381124e-01	8.397533054562207611e-02	3.743478453761506231e-02	9.329621985859333499e-02
1.717408425847625494e+03	1.963045526876399383e-01	1.232309783265832515e-01	2.857465375779214556e-01	1.797936935178460760e-01	8.404419440749950898e-02	3.748440095620162588e-02	9.339564252606614991e-02
1.722246196061280898e+03	1.959496139012111837e-01	1.229798374921284576e-01	2.859746911525747892e-01	1.799549157794747001e-01	8.411268155800216695e-02	3.753376225473378097e-02	9.349449786163287202e-02
1.727083966274936301e+03	1.955966823503106355e-01	1.227300961448697936e-01	2.862015646390628776e-01	1.801152040620490336e-01	8.418079405039066709e-02	3.758286951494211464e-02	9.359278923813282858e-02
1.731921736488591478e+03	1.952457464686163657e-01	1.224817466514166869e-01	2.864271654762050034e-01	1.802745636517932015e-01	8.424853392710532352e-02	3.763172381829662377e-02	9.369052000632480115e-02
1.736759506702246881e+03	1.948967947615090068e-01	1.222347814159347595e-01	2.866515010549812725e-01	1.804329998065558327e-01	8.431590321981544123e-02	3.768032624590771790e-02	9.378769349505403086e-02
1.741597276915902057e+03	1.945498158055115057e-01	1.219891928800611314e-01	2.868745787189334595e-01	1.805905177559356811e-01	8.438290394946847128e-02	3.772867787842954651e-02	9.388431301141830776e-02
1.746435047129557461e+03	1.942047982477359547e-01	1.217449735228171709e-01	2.870964057645603584e-01	1.807471227014069703e-01	8.444953812633926304e-02	3.777677979596565094e-02	9.398038184093264469e-02
1.751272817343212637e+03	1.938617308053369737e-01	1.215021158605189139e-01	2.873169894417083037e-01	1.809028198164448764e-01	8.451580775007912216e-02	3.782463307797691993e-02	9.407590324769286860e-02
1.756110587556867813e+03	1.935206022649716973e-01	1.212606124466850399e-01	2.875363369539560288e-01	1.810576142466508165e-01	8.458171480976479917e-02	3.787223880319163377e-02	9.417088047453796296e-02
1.760948357770523216e+03	1.931814014822662851e-01	1.210204558719426005e-01	2.877544554589949177e-01	1.812115111098777653e-01	8.464726128394739479e-02	3.791959804951782614e-02	9.426531674321118881e-02
1.765786127984178393e+03	1.928441173812887321e-01	1.207816387639306932e-01	2.879713520690042050e-01	1.813645154963553496e-01	8.471244914070125143e-02	3.796671189395767199e-02	9.435921525452008185e-02
1.770623898197833569e+03	1.925087389540278693e-01	1.205441537872018465e-01	2.881870338510214569e-01	1.815166324688150534e-01	8.477728033767263638e-02	3.801358141252401956e-02	9.445257918849506162e-02
1.775461668411488745e+03	1.921752552598787189e-01	1.203079936431215302e-01	2.884015078273081678e-01	1.816678670626152015e-01	8.484175682212849456e-02	3.806020768015890010e-02	9.454541170454694443e-02
1.780299438625144376e+03	1.918436554251335135e-01	1.200731510697655852e-01	2.886147809757109162e-01	1.818182242858657482e-01	8.490588053100493748e-02	3.810659177065409825e-02	9.463771594162322109e-02
1.785137208838799552e+03	1.915139286424788478e-01	1.198396188418158620e-01	2.888268602300177457e-01	1.819677091195531504e-01	8.496965339095574610e-02	3.815273475657367241e-02	9.472949501836296082e-02
1.789974979052454728e+03	1.911860641704987152e-01	1.196073897704539590e-01	2.890377524803106057e-01	1.821163265176649337e-01	8.503307731840070716e-02	3.819863770917836243e-02	9.482075203325074364e-02
1.794812749266109904e+03	1.908600513331829562e-01	1.193764567032532531e-01	2.892474645733126848e-01	1.822640814073142601e-01	8.509615421957390791e-02	3.824430169835195403e-02	9.491149006476908012e-02
1.799650519479765535e+03	1.905358795194414534e-01	1.191468125240692649e-01	2.894560033127321907e-01	1.824109786888641338e-01	8.515888599057191977e-02	3.828972779252937803e-02	9.500171217154976255e-02
1.804488289693420711e+03	1.902135381826240146e-01	1.189184501529282900e-01	2.896633754596016352e-01	1.825570232360516632e-01	8.522127451740174608e-02	3.833491705862674542e-02	9.509142139252398096e-02
1.809326059907075887e+03	1.898930168400453089e-01	1.186913625459146276e-01	2.898695877326129544e-01	1.827022198961121002e-01	8.528332167602883929e-02	3.837987056197308261e-02	9.518062074707116238e-02
1.814163830120731291e+03	1.895743050725153533e-01	1.184655426950561863e-01	2.900746468084486884e-01	1.828465734899026029e-01	8.534502933242490985e-02	3.842458936624379429e-02	9.526931323516660277e-02
1.819001600334386467e+03	1.892573925238751620e-01	1.182409836282086874e-01	2.902785593221092197e-01	1.829900888120258307e-01	8.540639934261558264e-02	3.846907453339588889e-02	9.535750183752780829e-02
1.823839370548041643e+03	1.889422689005375300e-01	1.180176784089384395e-01	2.904813318672360145e-01	1.831327706309535952e-01	8.546743355272805320e-02	3.851332712360483468e-02	9.544518951575974020e-02
1.828677140761696819e+03	1.886289239710328136e-01	1.177956201364038641e-01	2.906829709964313668e-01	1.832746236891498737e-01	8.552813379903848046e-02	3.855734819520304640e-02	9.553237921249875531e-02
1.833514910975352450e+03	1.883173475655596230e-01	1.175748019452356741e-01	2.908834832215741462e-01	1.834156527031940154e-01	8.558850190801937929e-02	3.860113880462000963e-02	9.561907385155532513e-02
1.838352681189008081e+03	1.880075295755407050e-01	1.173552170054158600e-01	2.910828750141317700e-01	1.835558623639034770e-01	8.564853969638677733e-02	3.864470000632394542e-02	9.570527633805561707e-02
1.843190451402663257e+03	1.876994599531830732e-01	1.171368585221555098e-01	2.912811528054690124e-01	1.836952573364564467e-01	8.570824897114734386e-02	3.868803285276503634e-02	9.579098955858174336e-02
1.848028221616318433e+03	1.873931287110432997e-01	1.169197197357714491e-01	2.914783229871527603e-01	1.838338422605141631e-01	8.576763152964535231e-02	3.873113839432015121e-02	9.587621638131098301e-02
1.852865991829973609e+03	1.870885259215972485e-01	1.167037939215618825e-01	2.916743919112537164e-01	1.839716217503431506e-01	8.582668915960946221e-02	3.877401767923906173e-02	9.596095965615362988e-02
1.857703762043628785e+03	1.867856417168144434e-01	1.164890743896809661e-01	2.918693658906444943e-01	1.841086003949369554e-01	8.588542363919943190e-02	3.881667175359207467e-02	9.604522221488977218e-02
1.862541532257283961e+03	1.864844662877367387e-01	1.162755544850124362e-01	2.920632511992944935e-01	1.842447827581378261e-01	8.594383673705269233e-02	3.885910166121914200e-02	9.612900687130482291e-02
1.867379302470939592e+03	1.861849898840616246e-01	1.160632275870422392e-01	2.922560540725612777e-01	1.843801733787580610e-01	8.600193021233068502e-02	3.890130844368032415e-02	9.621231642132394013e-02
1.872217072684594768e+03	1.858872028137297239e-01	1.158520871097303284e-01	2.924477807074788993e-01	1.845147767707011055e-01	8.605970581476526937e-02	3.894329314020762711e-02	9.629515364314519821e-02
1.877054842898249490e+03	1.855910954425164794e-01	1.156421265013816285e-01	2.926384372630430053e-01	1.846485974230824834e-01	8.611716528470472753e-02	3.898505678765816496e-02	9.637752129737166273e-02
1.881892613111905121e+03	1.852966581936282831e-01	1.154333392445160700e-01	2.928280298604929999e-01	1.847816398003500615e-01	8.617431035315988030e-02	3.902660042046866146e-02	9.645942212714221642e-02
1.886730383325560297e+03	1.850038815473024068e-01	1.152257188557380962e-01	2.930165645835905996e-01	1.849139083424045649e-01	8.623114274184985606e-02	3.906792507061122854e-02	9.654085885826139968e-02
1.891568153539215928e+03	1.847127560404113189e-01	1.150192588856051579e-01	2.932040474788960571e-01	1.850454074647194525e-01	8.628766416324785971e-02	3.910903176755036598e-02	9.662183419932791895e-02
1.896405923752871104e+03	1.844232722660706092e-01	1.148139529184957069e-01	2.933904845560411645e-01	1.851761415584605164e-01	8.634387632062669182e-02	3.914992153820124471e-02	9.670235084186216967e-02
1.901243693966526507e+03	1.841354208732512709e-01	1.146097945724765116e-01	2.935758817879990934e-01	1.853061149906053695e-01	8.639978090810418454e-02	3.919059540688919069e-02	9.678241146043252419e-02
1.906081464180181683e+03	1.838491925663954807e-01	1.144067774991693320e-01	2.937602451113515145e-01	1.854353321040624059e-01	8.645537961068849864e-02	3.923105439531030664e-02	9.686201871278060649e-02
1.910919234393836859e+03	1.835645781050363468e-01	1.142048953836170555e-01	2.939435804265533303e-01	1.855637972177895667e-01	8.651067410432319860e-02	3.927129952249330813e-02	9.694117523994535968e-02
1.915757004607492036e+03	1.832815683034213772e-01	1.140041419441491788e-01	2.941258935981940215e-01	1.856915146269127459e-01	8.656566605593228603e-02	3.931133180476248379e-02	9.701988366638605865e-02
1.920594774821147894e+03	1.830001540301397223e-01	1.138045109322469439e-01	2.943071904552566065e-01	1.858184886028439731e-01	8.662035712346494165e-02	3.935115225570173098e-02	9.709814660010426812e-02
1.925432545034802843e+03	1.827203262077528312e-01	1.136059961324078910e-01	2.944874767913738256e-01	1.859447233933991250e-01	8.667474895594023954e-02	3.939076188611975726e-02	9.717596663276459323e-02
1.930270315248458019e+03	1.824420758124288833e-01	1.134085913620099112e-01	2.946667583650817157e-01	1.860702232229152764e-01	8.672884319349166704e-02	3.943016170401626025e-02	9.725334633981452814e-02
1.935108085462113195e+03	1.821653938735806055e-01	1.132122904711751199e-01	2.948450409000706873e-01	1.861949922923679945e-01	8.678264146741147822e-02	3.946935271454924538e-02	9.733028828060306947e-02
1.939945855675768371e+03	1.818902714735066706e-01	1.130170873426330630e-01	2.950223300854338815e-01	1.863190347794880242e-01	8.683614540019489458e-02	3.950833592000330824e-02	9.740679499849842771e-02
1.944783625889424002e+03	1.816166997470362587e-01	1.128229758915837017e-01	2.951986315759130841e-01	1.864423548388776108e-01	8.688935660558413931e-02	3.954711231975893693e-02	9.748286902100448958e-02
1.949621396103079178e+03	1.813446698811773394e-01	1.126299500655601055e-01	2.953739509921424200e-01	1.865649566021266859e-01	8.694227668861237435e-02	3.958568291026281355e-02	9.755851285987650334e-02
1.954459166316734354e+03	1.810741731147679778e-01	1.124380038442907848e-01	2.955482939208889936e-01	1.866868441779285237e-01	8.699490724564738764e-02	3.962404868499906641e-02	9.763372901123544556e-02
1.959296936530389530e+03	1.808052007381310278e-01	1.122471312395618009e-01	2.957216659152918092e-01	1.868080216521951775e-01	8.704724986443521106e-02	3.966221063446147971e-02	9.770851995568161086e-02
1.964134706744044706e+03	1.805377440927319610e-01	1.120573262950785437e-01	2.958940724950980816e-01	1.869284930881723872e-01	8.709930612414350237e-02	3.970016974612661231e-02	9.778288815840704973e-02
1.968972476957700337e+03	1.802717945708398328e-01	1.118685830863273695e-01	2.960655191468971048e-01	1.870482625265541821e-01	8.715107759540481613e-02	3.973792700442784626e-02	9.785683606930700718e-02
1.973810247171355968e+03	1.800073436151914952e-01	1.116808957204370178e-01	2.962360113243518445e-01	1.871673339855973173e-01	8.720256584035973590e-02	3.977548339073031652e-02	9.793036612309044542e-02
1.978648017385010689e+03	1.797443827186587795e-01	1.114942583360398615e-01	2.964055544484284765e-01	1.872857114612349883e-01	8.725377241269978434e-02	3.981283988330668044e-02	9.800348073938952576e-02
1.983485787598666320e+03	1.794829034239187882e-01	1.113086651031330310e-01	2.965741539076238165e-01	1.874033989271904344e-01	8.730469885771016680e-02	3.984999745731380300e-02	9.807618232286804960e-02
1.988323557812321269e+03	1.792228973231268507e-01	1.111241102229393041e-01	2.967418150581900282e-01	1.875204003350900706e-01	8.735534671231245940e-02	3.988695708477019847e-02	9.814847326332909461e-02
1.993161328025976900e+03	1.789643560575929493e-01	1.109405879277680917e-01	2.969085432243577793e-01	1.876367196145762584e-01	8.740571750510703342e-02	3.992371973453438805e-02	9.822035593582154056e-02
1.997999098239632076e+03	1.787072713174606142e-01	1.107580924808761191e-01	2.970743436985567310e-01	1.877523606734196604e-01	8.745581275641532704e-02	3.996028637228394437e-02	9.829183270074570711e-02
2.002836868453287707e+03	1.784516348413887621e-01	1.105766181763282174e-01	2.972392217416345295e-01	1.878673273976312341e-01	8.750563397832199219e-02	3.999665796049541727e-02	9.836290590395804778e-02
2.007674638666942428e+03	1.781974384162364478e-01	1.103961593388579771e-01	2.974031825830732445e-01	1.879816236515738370e-01	8.755518267471681937e-02	4.003283545842498126e-02	9.843357787687494198e-02
2.012512408880597604e+03	1.779446738767503089e-01	1.102167103237284285e-01	2.975662314212040860e-01	1.880952532780734709e-01	8.760446034133663462e-02	4.006881982208983228e-02	9.850385093657548774e-02
2.017350179094252780e+03	1.776933331052548692e-01	1.100382655165926815e-01	2.977283734234200119e-01	1.882082200985300824e-01	8.765346846580683582e-02	4.010461200425034095e-02	9.857372738590343408e-02
2.022187949307908411e+03	1.774434080313451734e-01	1.098608193333547034e-01	2.978896137263863375e-01	1.883205279130279741e-01	8.770220852768290110e-02	4.014021295439292730e-02	9.864320951356823908e-02
2.027025719521564042e+03	1.771948906315825856e-01	1.096843662200298608e-01	2.980499574362494575e-01	1.884321805004458006e-01	8.775068199849173078e-02	4.017562361871363646e-02	9.871229959424514255e-02
2.031863489735218764e+03	1.769477729291928647e-01	1.095089006526058228e-01	2.982094096288436802e-01	1.885431816185662579e-01	8.779889034177275342e-02	4.021084494010238042e-02	9.878099988867443393e-02
2.036701259948874394e+03	1.767020469937669314e-01	1.093344171369033530e-01	2.983679753498960086e-01	1.886535350041853298e-01	8.784683501311889298e-02	4.024587785812790836e-02	9.884931264375979021e-02
2.041539030162529116e+03	1.764577049409640219e-01	1.091609102084372396e-01	2.985256596152293662e-01	1.887632443732209508e-01	8.789451746021739731e-02	4.028072330902339460e-02	9.891724009266578133e-02
2.046376800376184747e+03	1.762147389322178126e-01	1.089883744322772824e-01	2.986824674109638811e-01	1.888723134208215304e-01	8.794193912289050008e-02	4.031538222567269264e-02	9.898478445491451505e-02
2.051214570589840150e+03	1.759731411744443752e-01	1.088168044029094866e-01	2.988384036937158927e-01	1.889807458214739500e-01	8.798910143313590226e-02	4.034985553759723453e-02	9.905194793648136597e-02
2.056052340803495554e+03	1.757329039197531306e-01	1.086461947440972992e-01	2.989934733907960163e-01	1.890885452291111712e-01	8.803600581516701773e-02	4.038414417094356168e-02	9.911873272988996897e-02
2.060890111017150957e+03	1.754940194651600227e-01	1.084765401087430386e-01	2.991476814004048745e-01	1.891957152772193174e-01	8.808265368545324658e-02	4.041824904847138994e-02	9.918514101430625507e-02
2.065727881230805451e+03	1.752564801523028848e-01	1.083078351787494786e-01	2.993010325918271652e-01	1.893022595789446150e-01	8.812904645275983218e-02	4.045217108954240331e-02	9.925117495563177961e-02
2.070565651444461309e+03	1.750202783671594708e-01	1.081400746648815830e-01	2.994535318056241180e-01	1.894081817271995594e-01	8.817518551818774586e-02	4.048591121010949173e-02	9.931683670659617602e-02
2.075403421658116713e+03	1.747854065397676238e-01	1.079732533066284778e-01	2.996051838538243972e-01	1.895134852947689685e-01	8.822107227521334971e-02	4.051947032270664800e-02	9.938212840684874927e-02
2.080241191871772116e+03	1.745518571439477473e-01	1.078073658720655609e-01	2.997559935201128400e-01	1.896181738344154266e-01	8.826670810972782333e-02	4.055284933643941991e-02	9.944705218304940308e-02
2.085078962085427065e+03	1.743196226970276375e-01	1.076424071577168906e-01	2.999059655600181395e-01	1.897222508789845052e-01	8.831209440007653511e-02	4.058604915697584109e-02	9.951161014895863743e-02
2.089916732299082469e+03	1.740886957595694229e-01	1.074783719884177674e-01	3.000551047010987515e-01	1.898257199415092911e-01	8.835723251709814985e-02	4.061907068653800024e-02	9.957580440552685208e-02
2.094754502512737417e+03	1.738590689350987539e-01	1.073152552171774965e-01	3.002034156431267475e-01	1.899285845153147467e-01	8.840212382416363923e-02	4.065191482389404753e-02	9.963963704098280361e-02
2.099592272726392821e+03	1.736307348698361563e-01	1.071530517250425391e-01	3.003509030582707795e-01	1.900308480741215444e-01	8.844676967721509797e-02	4.068458246435072839e-02	9.970311013092139629e-02
2.104430042940048224e+03	1.734036862524306888e-01	1.069917564209597882e-01	3.004975715912768797e-01	1.901325140721494555e-01	8.849117142480437959e-02	4.071707449974647230e-02	9.976622573839058483e-02
2.109267813153704083e+03	1.731779158136952657e-01	1.068313642416401366e-01	3.006434258596482612e-01	1.902335859442203514e-01	8.853533040813162114e-02	4.074939181844491887e-02	9.982898591397766641e-02
2.114105583367359031e+03	1.729534163263447555e-01	1.066718701514224321e-01	3.007884704538231757e-01	1.903340671058607603e-01	8.857924796108350429e-02	4.078153530532893645e-02	9.989139269589467074e-02
2.118943353581013525e+03	1.727301806047355781e-01	1.065132691421375871e-01	3.009327099373512726e-01	1.904339609534040356e-01	8.862292541027144699e-02	4.081350584179511271e-02	9.995344811006319496e-02
2.123781123794669384e+03	1.725082015046075223e-01	1.063555562329730475e-01	3.010761488470689029e-01	1.905332708640921080e-01	8.866636407506960083e-02	4.084530430574872389e-02	1.000151541701982949e-01
2.128618894008324787e+03	1.722874719228276730e-01	1.061987264703376233e-01	3.012187916932726472e-01	1.906320001961766819e-01	8.870956526765261252e-02	4.087693157159910662e-02	1.000765128778919183e-01
2.133456664221980191e+03	1.720679847971362531e-01	1.060427749277264714e-01	3.013606429598911229e-01	1.907301522890201828e-01	8.875253029303335761e-02	4.090838851025552225e-02	1.001375262226953528e-01
2.138294434435635139e+03	1.718497331058944644e-01	1.058876967055866342e-01	3.015017071046560693e-01	1.908277304631961491e-01	8.879526044910035498e-02	4.093967598912340994e-02	1.001981961822011880e-01
2.143132204649290543e+03	1.716327098678341323e-01	1.057334869311827574e-01	3.016419885592714345e-01	1.909247380205892353e-01	8.883775702665516749e-02	4.097079487210109755e-02	1.002585247221244591e-01
2.147969974862945492e+03	1.714169081418095431e-01	1.055801407584631563e-01	3.017814917295812416e-01	1.910211782444948547e-01	8.888002130944949730e-02	4.100174601957687348e-02	1.003185137963831242e-01
2.152807745076601350e+03	1.712023210265509743e-01	1.054276533679263106e-01	3.019202209957361216e-01	1.911170543997183224e-01	8.892205457422218406e-02	4.103253028842650946e-02	1.003781653471778890e-01
2.157645515290255844e+03	1.709889416604200296e-01	1.052760199664876384e-01	3.020581807123586260e-01	1.912123697326735261e-01	8.896385809073607820e-02	4.106314853201114418e-02	1.004374813050712967e-01
2.162483285503912157e+03	1.707767632211671660e-01	1.051252357873466853e-01	3.021953752087068179e-01	1.913071274714811809e-01	8.900543312181467825e-02	4.109360160017556940e-02	1.004964635890662206e-01
2.167321055717567106e+03	1.705657789256906642e-01	1.049752960898546889e-01	3.023318087888369199e-01	1.914013308260669177e-01	8.904678092337861561e-02	4.112389033924688381e-02	1.005551141066836768e-01
2.172158825931222509e+03	1.703559820297977090e-01	1.048261961593824898e-01	3.024674857317642962e-01	1.914949829882584831e-01	8.908790274448198654e-02	4.115401559203350768e-02	1.006134347540399293e-01
2.176996596144877003e+03	1.701473658279670231e-01	1.046779313071888179e-01	3.026024102916236025e-01	1.915880871318828005e-01	8.912879982734857320e-02	4.118397819782457225e-02	1.006714274159230260e-01
2.181834366358532861e+03	1.699399236531134727e-01	1.045304968702891052e-01	3.027365866978271591e-01	1.916806464128626430e-01	8.916947340740780104e-02	4.121377899238963527e-02	1.007290939658685991e-01
2.186672136572187810e+03	1.697336488763542817e-01	1.043838882113244243e-01	3.028700191552224918e-01	1.917726639693127511e-01	8.920992471333057117e-02	4.124341880797877807e-02	1.007864362662351382e-01
2.191509906785843214e+03	1.695285349067770508e-01	1.042381007184311481e-01	3.030027118442481515e-01	1.918641429216354777e-01	8.925015496706499574e-02	4.127289847332298728e-02	1.008434561682785974e-01
2.196347676999498617e+03	1.693245751912094699e-01	1.040931298051108317e-01	3.031346689210888123e-01	1.919550863726161849e-01	8.929016538387188340e-02	4.130221881363490416e-02	1.009001555122263083e-01
2.201185447213154021e+03	1.691217632139907223e-01	1.039489709101004689e-01	3.032658945178287602e-01	1.920454974075180565e-01	8.932995717236005828e-02	4.133138065060987937e-02	1.009565361273504075e-01
2.206023217426809424e+03	1.689200924967445561e-01	1.038056194972433871e-01	3.033963927426044926e-01	1.921353790941764395e-01	8.936953153452163734e-02	4.136038480242732601e-02	1.010125998320405560e-01
2.210860987640464373e+03	1.687195565981539080e-01	1.036630710553602952e-01	3.035261676797556540e-01	1.922247344830930460e-01	8.940888966576696073e-02	4.138923208375239887e-02	1.010683484338761040e-01
2.215698757854119776e+03	1.685201491137374163e-01	1.035213210981209414e-01	3.036552233899754150e-01	1.923135666075294625e-01	8.944803275495953609e-02	4.141792330573795811e-02	1.011237837296976583e-01
2.220536528067775180e+03	1.683218636756272923e-01	1.033803651639162297e-01	3.037835639104590757e-01	1.924018784836001861e-01	8.948696198445071914e-02	4.144645927602683827e-02	1.011789075056780535e-01
2.225374298281430583e+03	1.681246939523489692e-01	1.032401988157306133e-01	3.039111932550520034e-01	1.924896731103654390e-01	8.952567853011421384e-02	4.147484079875438101e-02	1.012337215373927402e-01
2.230212068495085077e+03	1.679286336486022768e-01	1.031008176410150717e-01	3.040381154143960707e-01	1.925769534699235397e-01	8.956418356138053094e-02	4.150306867455125226e-02	1.012882275898896040e-01
2.235049838708740936e+03	1.677336765050440048e-01	1.029622172515604478e-01	3.041643343560752610e-01	1.926637225275026344e-01	8.960247824127118288e-02	4.153114370054653004e-02	1.013424274177582157e-01
2.239887608922396339e+03	1.675398162980723804e-01	1.028243932833713403e-01	3.042898540247599426e-01	1.927499832315522632e-01	8.964056372643269821e-02	4.155906667037108371e-02	1.013963227651985405e-01
2.244725379136052197e+03	1.673470468396127953e-01	1.026873413965403298e-01	3.044146783423500313e-01	1.928357385138342595e-01	8.967844116717060832e-02	4.158683837416116136e-02	1.014499153660890080e-01
2.249563149349706237e+03	1.671553619769051147e-01	1.025510572751227589e-01	3.045388112081173215e-01	1.929209912895134549e-01	8.971611170748314268e-02	4.161445959856224786e-02	1.015032069440541251e-01
2.254400919563362095e+03	1.669647555922925963e-01	1.024155366270119161e-01	3.046622564988463733e-01	1.930057444572478298e-01	8.975357648509479924e-02	4.164193112673320041e-02	1.015561992125315199e-01
2.259238689777017044e+03	1.667752216030120582e-01	1.022807751838147039e-01	3.047850180689746225e-01	1.930900008992781081e-01	8.979083663148978989e-02	4.166925373835057844e-02	1.016088938748383880e-01
2.264076459990672902e+03	1.665867539609857673e-01	1.021467687007277664e-01	3.049070997507312697e-01	1.931737634815173521e-01	8.982789327194533324e-02	4.169642820961320245e-02	1.016612926242375092e-01
