1.001418434226643626e+03	2.793095090405313674e-01	1.811582504993230758e-01	2.350977154122314561e-01	1.409736298680245026e-01	6.776723510227301850e-02	2.663291246922536507e-02	6.906074760814995273e-02
1.003837319333471214e+03	2.788862109614501650e-01	1.808812611745751753e-01	2.354034087511955586e-01	1.411486447862536353e-01	6.783242996226866717e-02	2.667535245166741120e-02	6.917269191234814985e-02
1.006256204440298802e+03	2.784642109043556357e-01	1.806049629673874835e-01	2.357082235160406491e-01	1.413231570907617085e-01	6.789740465592422614e-02	2.671771547212177869e-02	6.928432539316728422e-02
1.008675089547126618e+03	2.780435042192562212e-01	1.803293547380635520e-01	2.360121621101344824e-01	1.414971685287394199e-01	6.796216031252028111e-02	2.676000132825116437e-02	6.939564876279367966e-02
1.011093974653954206e+03	2.776240862787754393e-01	1.800544353426241084e-01	2.363152269308396169e-01	1.416706808348832947e-01	6.802669805255036339e-02	2.680220982291604478e-02	6.950666273716986365e-02
1.013512859760782021e+03	2.772059524779934558e-01	1.797802036328894626e-01	2.366174203695239342e-01	1.418436957316184244e-01	6.809101898780660356e-02	2.684434076410899608e-02	6.961736803581783373e-02
1.015931744867609382e+03	2.767890982342898210e-01	1.795066584565609691e-01	2.369187448115707972e-01	1.420162149293155429e-01	6.815512422146466354e-02	2.688639396488972863e-02	6.972776538166719495e-02
1.018350629974437197e+03	2.763735189871878162e-01	1.792337986573017128e-01	2.372192026363893480e-01	1.421882401265030516e-01	6.821901484816760008e-02	2.692836924332089876e-02	6.983785550088830729e-02
1.020769515081264785e+03	2.759592101982003554e-01	1.789616230748162229e-01	2.375187962174249157e-01	1.423597730100735481e-01	6.828269195410899273e-02	2.697026642240461791e-02	6.994763912273004036e-02
1.023188400188092373e+03	2.755461673506771070e-01	1.786901305449292987e-01	2.378175279221693972e-01	1.425308152554857488e-01	6.834615661711514190e-02	2.701208533001970766e-02	7.005711697936224669e-02
1.025607285294920075e+03	2.751343859496533373e-01	1.784193198996640584e-01	2.381154001121715269e-01	1.427013685269610532e-01	6.840940990672628175e-02	2.705382579885964173e-02	7.016628980572268970e-02
1.028026170401747549e+03	2.747238615216999191e-01	1.781491899673189605e-01	2.384124151430473959e-01	1.428714344776755296e-01	6.847245288427719623e-02	2.709548766637121658e-02	7.027515833936838485e-02
1.030445055508575479e+03	2.743145896147745622e-01	1.778797395725441599e-01	2.387085753644907771e-01	1.430410147499472928e-01	6.853528660297671105e-02	2.713707077469389856e-02	7.038372332033118739e-02
1.032863940615402726e+03	2.739065657980747637e-01	1.776109675364169194e-01	2.390038831202836167e-01	1.432101109754192747e-01	6.859791210798656114e-02	2.717857497059987526e-02	7.049198549097751565e-02
1.035282825722230655e+03	2.734997856618920919e-01	1.773428726765161612e-01	2.392983407483064706e-01	1.433787247752376093e-01	6.866033043649927281e-02	2.722000010543479398e-02	7.059994559587205731e-02
1.037701710829058356e+03	2.730942448174675241e-01	1.770754538069962414e-01	2.395919505805489680e-01	1.435468577602256601e-01	6.872254261781532425e-02	2.726134603505914883e-02	7.070760438164555572e-02
1.040120595935886058e+03	2.726899388968482829e-01	1.768087097386599749e-01	2.398847149431203030e-01	1.437145115310538290e-01	6.878454967341947335e-02	2.730261261979036180e-02	7.081496259686624606e-02
1.042539481042713533e+03	2.722868635527458947e-01	1.765426392790306609e-01	2.401766361562597818e-01	1.438816876784053400e-01	6.884635261705621123e-02	2.734379972434550915e-02	7.092202099191510789e-02
1.044958366149541234e+03	2.718850144583956907e-01	1.762772412324234428e-01	2.404677165343472867e-01	1.440483877831380821e-01	6.890795245480457742e-02	2.738490721778471040e-02	7.102878031886467047e-02
1.047377251256368709e+03	2.714843873074174740e-01	1.760125144000159458e-01	2.407579583859139061e-01	1.442146134164425664e-01	6.896935018515200355e-02	2.742593497345514539e-02	7.113524133136142624e-02
1.049796136363196410e+03	2.710849778136775190e-01	1.757484575799179161e-01	2.410473640136523155e-01	1.443803661399958860e-01	6.903054679906750479e-02	2.746688286893572695e-02	7.124140478451160274e-02
1.052215021470024112e+03	2.706867817111515140e-01	1.754850695672402483e-01	2.413359357144276018e-01	1.445456475061123458e-01	6.909154328007406642e-02	2.750775078598239470e-02	7.134727143477025135e-02
1.054633906576851814e+03	2.702897947537892809e-01	1.752223491541632650e-01	2.416236757792876999e-01	1.447104590578902616e-01	6.915234060432028096e-02	2.754853861047404026e-02	7.145284203983362503e-02
1.057052791683679516e+03	2.698940127153801605e-01	1.749602951300040232e-01	2.419105864934739669e-01	1.448748023293552900e-01	6.921293974065119425e-02	2.758924623235903609e-02	7.155811735853473410e-02
1.059471676790506763e+03	2.694994313894200078e-01	1.746989062812831783e-01	2.421966701364319519e-01	1.450386788456004827e-01	6.927334165067845773e-02	2.762987354560238890e-02	7.166309815074185796e-02
1.061890561897334692e+03	2.691060465889791864e-01	1.744381813917907920e-01	2.424819289818219425e-01	1.452020901229229555e-01	6.933354728884971729e-02	2.767042044813348284e-02	7.176778517726020712e-02
1.064309447004162394e+03	2.687138541465717290e-01	1.741781192426516411e-01	2.427663652975296238e-01	1.453650376689571977e-01	6.939355760251728067e-02	2.771088684179444719e-02	7.187217919973634683e-02
1.066728332110990095e+03	2.683228499140257739e-01	1.739187186123896667e-01	2.430499813456767633e-01	1.455275229828055239e-01	6.945337353200607688e-02	2.775127263228907223e-02	7.197628098056546575e-02
1.069147217217817570e+03	2.679330297623548351e-01	1.736599782769916722e-01	2.433327793826319252e-01	1.456895475551651109e-01	6.951299601068082479e-02	2.779157772913234611e-02	7.208009128280158662e-02
1.071566102324645271e+03	2.675443895816309037e-01	1.734018970099705792e-01	2.436147616590210729e-01	1.458511128684524538e-01	6.957242596501264642e-02	2.783180204560053994e-02	7.218361087007013621e-02
1.073984987431472746e+03	2.671569252808578265e-01	1.731444735824275161e-01	2.438959304197383660e-01	1.460122203969244359e-01	6.963166431464484774e-02	2.787194549868189999e-02	7.228684050648338799e-02
1.076403872538300675e+03	2.667706327878464068e-01	1.728877067631135467e-01	2.441762879039569845e-01	1.461728716067970668e-01	6.969071197245808869e-02	2.791200800902786036e-02	7.238978095655831946e-02
1.078822757645127922e+03	2.663855080490904470e-01	1.726315953184907048e-01	2.444558363451396765e-01	1.463330679563609460e-01	6.974956984463479004e-02	2.795198950090484191e-02	7.249243298513692590e-02
1.081241642751955851e+03	2.660015470296435147e-01	1.723761380127920573e-01	2.447345779710495828e-01	1.464928108960945885e-01	6.980823883072295732e-02	2.799188990214660638e-02	7.259479735730897665e-02
1.083660527858783553e+03	2.656187457129974838e-01	1.721213336080814893e-01	2.450125150037610611e-01	1.466521018687746147e-01	6.986671982369933864e-02	2.803170914410713088e-02	7.269687483833713049e-02
1.086079412965611255e+03	2.652371001009615759e-01	1.718671808643124910e-01	2.452896496596704279e-01	1.468109423095836641e-01	6.992501371003174981e-02	2.807144716161405137e-02	7.279866619358422997e-02
1.088498298072438729e+03	2.648566062135425114e-01	1.716136785393864161e-01	2.455659841495067275e-01	1.469693336462158662e-01	6.998312136974102482e-02	2.811110389292263007e-02	7.290017218844288549e-02
1.090917183179266431e+03	2.644772600888261604e-01	1.713608253892100197e-01	2.458415206783426399e-01	1.471272772989797029e-01	7.004104367646207807e-02	2.815067927967023972e-02	7.300139358826715497e-02
1.093336068286093905e+03	2.640990577828596364e-01	1.711086201677524954e-01	2.461162614456051945e-01	1.472847746808985114e-01	7.009878149750445320e-02	2.819017326683137190e-02	7.310233115830634676e-02
1.095754953392921607e+03	2.637219953695347230e-01	1.708570616271015696e-01	2.463902086450865947e-01	1.474418271978089334e-01	7.015633569391219182e-02	2.822958580267319675e-02	7.320298566364082105e-02
1.098173838499749309e+03	2.633460689404721333e-01	1.706061485175192904e-01	2.466633644649551260e-01	1.475984362484568935e-01	7.021370712052313334e-02	2.826891683871156358e-02	7.330335786911985896e-02
1.100592723606577010e+03	2.629712746049072125e-01	1.703558795874970111e-01	2.469357310877659528e-01	1.477546032245914132e-01	7.027089662602746534e-02	2.830816632966758062e-02	7.340344853930132196e-02
1.103011608713404712e+03	2.625976084895759732e-01	1.701062535838097356e-01	2.472073106904720818e-01	1.479103295110563154e-01	7.032790505302585760e-02	2.834733423342465988e-02	7.350325843839330964e-02
1.105430493820231959e+03	2.622250667386026857e-01	1.698572692515698535e-01	2.474781054444351036e-01	1.480656164858799029e-01	7.038473323808679127e-02	2.838642051098604069e-02	7.360278833019752442e-02
1.107849378927059888e+03	2.618536455133878560e-01	1.696089253342803471e-01	2.477481175154361559e-01	1.482204655203626653e-01	7.044138201180344394e-02	2.842542512643282324e-02	7.370203897805452375e-02
1.110268264033887590e+03	2.614833409924979812e-01	1.693612205738873056e-01	2.480173490636868316e-01	1.483748779791627392e-01	7.049785219884992238e-02	2.846434804688249831e-02	7.380101114479055424e-02
1.112687149140715292e+03	2.611141493715551931e-01	1.691141537108318549e-01	2.482858022438399759e-01	1.485288552203798407e-01	7.055414461803682924e-02	2.850318924244791413e-02	7.389970559266623162e-02
1.115106034247542766e+03	2.607460668631287892e-01	1.688677234841014785e-01	2.485534792050007324e-01	1.486823985956369776e-01	7.061026008236641338e-02	2.854194868619674974e-02	7.399812308332670563e-02
1.117524919354370468e+03	2.603790896966272639e-01	1.686219286312807819e-01	2.488203820907374242e-01	1.488355094501605247e-01	7.066619939908699854e-02	2.858062635411144636e-02	7.409626437775347629e-02
1.119943804461197942e+03	2.600132141181910050e-01	1.683767678886016750e-01	2.490865130390923776e-01	1.489881891228585220e-01	7.072196336974694020e-02	2.861922222504958979e-02	7.419413023621773684e-02
1.122362689568025871e+03	2.596484363905866011e-01	1.681322399909929710e-01	2.493518741825931084e-01	1.491404389463971414e-01	7.077755279024798563e-02	2.865773628070476461e-02	7.429172141823522924e-02
1.124781574674853118e+03	2.592847527931014251e-01	1.678883436721293199e-01	2.496164676482629519e-01	1.492922602472755711e-01	7.083296845089805116e-02	2.869616850556785254e-02	7.438903868252254303e-02
1.127200459781681047e+03	2.589221596214392185e-01	1.676450776644798080e-01	2.498802955576323037e-01	1.494436543458992073e-01	7.088821113646349981e-02	2.873451888688878866e-02	7.448608278695487139e-02
1.129619344888508749e+03	2.585606531876167846e-01	1.674024406993557534e-01	2.501433600267493618e-01	1.495946225566511523e-01	7.094328162622083600e-02	2.877278741463873066e-02	7.458285448852507160e-02
1.132038229995336451e+03	2.582002298198614598e-01	1.671604315069579738e-01	2.504056631661912835e-01	1.497451661879622697e-01	7.099818069400790077e-02	2.881097408147269973e-02	7.467935454330411338e-02
1.134457115102163925e+03	2.578408858625092503e-01	1.669190488164236930e-01	2.506672070810749275e-01	1.498952865423798242e-01	7.105290910827449791e-02	2.884907888269263102e-02	7.477558370640280394e-02
1.136876000208991627e+03	2.574826176759039686e-01	1.666782913558728374e-01	2.509279938710682334e-01	1.500449849166342609e-01	7.110746763213250665e-02	2.888710181621086115e-02	7.487154273193491472e-02
1.139294885315819101e+03	2.571254216362974798e-01	1.664381578524535277e-01	2.511880256304007686e-01	1.501942626017049587e-01	7.116185702340548092e-02	2.892504288251403211e-02	7.496723237298129339e-02
1.141713770422646803e+03	2.567692941357501701e-01	1.661986470323874587e-01	2.514473044478749975e-01	1.503431208828842902e-01	7.121607803467774889e-02	2.896290208462741836e-02	7.506265338155541922e-02
1.144132655529474505e+03	2.564142315820328588e-01	1.659597576210144199e-01	2.517058324068772168e-01	1.504915610398404047e-01	7.127013141334295754e-02	2.900067942807966689e-02	7.515780650856992984e-02
1.146551540636302207e+03	2.560602303985292094e-01	1.657214883428365371e-01	2.519636115853884917e-01	1.506395843466787343e-01	7.132401790165213140e-02	2.903837492086794314e-02	7.525269250380448027e-02
1.148970425743129908e+03	2.557072870241386409e-01	1.654838379215617661e-01	2.522206440559957574e-01	1.507871920720020575e-01	7.137773823676125950e-02	2.907598857342348284e-02	7.534731211587450406e-02
1.151389310849957155e+03	2.553553979131811258e-01	1.652468050801470523e-01	2.524769318859028111e-01	1.509343854789693684e-01	7.143129315077838271e-02	2.911352039857753246e-02	7.544166609220118169e-02
1.153808195956785084e+03	2.550045595353013783e-01	1.650103885408408799e-01	2.527324771369413581e-01	1.510811658253534973e-01	7.148468337081015367e-02	2.915097041152771296e-02	7.553575517898239444e-02
1.156227081063612786e+03	2.546547683753748736e-01	1.647745870252254607e-01	2.529872818655820588e-01	1.512275343635975378e-01	7.153790961900792500e-02	2.918833862980474078e-02	7.562958012116474671e-02
1.158645966170440488e+03	2.543060209334140342e-01	1.645393992542582284e-01	2.532413481229454644e-01	1.513734923408700805e-01	7.159097261261343492e-02	2.922562507323955491e-02	7.572314166241649047e-02
1.161064851277267962e+03	2.539583137244756372e-01	1.643048239483130002e-01	2.534946779548131746e-01	1.515190409991191978e-01	7.164387306400391009e-02	2.926282976393083587e-02	7.581644054510147668e-02
1.163483736384095664e+03	2.536116432785688324e-01	1.640708598272206109e-01	2.537472734016387177e-01	1.516641815751254840e-01	7.169661168073675206e-02	2.929995272621286131e-02	7.590947751025396706e-02
1.165902621490923138e+03	2.532660061405634933e-01	1.638375056103089367e-01	2.539991364985588196e-01	1.518089153005539593e-01	7.174918916559376580e-02	2.933699398662378138e-02	7.600225329755448678e-02
1.168321506597751068e+03	2.529213988701000115e-01	1.636047600164426685e-01	2.542502692754042282e-01	1.519532434020046952e-01	7.180160621662498577e-02	2.937395357387424105e-02	7.609476864530639872e-02
1.170740391704578315e+03	2.525778180414993135e-01	1.633726217640625311e-01	2.545006737567108712e-01	1.520971671010627468e-01	7.185386352719190517e-02	2.941083151881637020e-02	7.618702429041342150e-02
1.173159276811406244e+03	2.522352602436739866e-01	1.631410895712239184e-01	2.547503519617309031e-01	1.522406876143468091e-01	7.190596178601037225e-02	2.944762785441314146e-02	7.627902096835795231e-02
1.175578161918233945e+03	2.518937220800396837e-01	1.629101621556351687e-01	2.549993059044438071e-01	1.523838061535569555e-01	7.195790167719304242e-02	2.948434261570806805e-02	7.637075941318025030e-02
1.177997047025061647e+03	2.515532001684277486e-01	1.626798382346954785e-01	2.552475375935673862e-01	1.525265239255215177e-01	7.200968388029130307e-02	2.952097583979528331e-02	7.646224035745831371e-02
1.180415932131889122e+03	2.512136911409980633e-01	1.624501165255320956e-01	2.554950490325687551e-01	1.526688421322427713e-01	7.206130907033687916e-02	2.955752756578993584e-02	7.655346453228858983e-02
1.182834817238716823e+03	2.508751916441528951e-01	1.622209957450372886e-01	2.557418422196754970e-01	1.528107619709420106e-01	7.211277791788293923e-02	2.959399783479896295e-02	7.664443266726742032e-02
1.185253702345544298e+03	2.505376983384515754e-01	1.619924746099049573e-01	2.559879191478868221e-01	1.529522846341035691e-01	7.216409108904479897e-02	2.963038668989218319e-02	7.673514549047315281e-02
1.187672587452371999e+03	2.502012078985254018e-01	1.617645518366663537e-01	2.562332818049843364e-01	1.530934113095179516e-01	7.221524924554020841e-02	2.966669417607373238e-02	7.682560372844904339e-02
1.190091472559199701e+03	2.498657170129936489e-01	1.615372261417259425e-01	2.564779321735434214e-01	1.532341431803241338e-01	7.226625304472913958e-02	2.970292034025385011e-02	7.691580810618678377e-02
1.192510357666027403e+03	2.495312223843801080e-01	1.613104962413965116e-01	2.567218722309441703e-01	1.533744814250511679e-01	7.231710313965333814e-02	2.973906523122096107e-02	7.700575934711066661e-02
1.194929242772855105e+03	2.491977207290301255e-01	1.610843608519338110e-01	2.569651039493822675e-01	1.535144272176587055e-01	7.236780017907534779e-02	2.977512889961411377e-02	7.709545817306247273e-02
1.197348127879682352e+03	2.488652087770286681e-01	1.608588186895708871e-01	2.572076292958804800e-01	1.536539817275769659e-01	7.241834480751714598e-02	2.981111139789573844e-02	7.718490530428688545e-02
1.199767012986510281e+03	2.485336832721187217e-01	1.606338684705521103e-01	2.574494502322993705e-01	1.537931461197458993e-01	7.246873766529837724e-02	2.984701278032470678e-02	7.727410145941764064e-02
1.202185898093337983e+03	2.482031409716205506e-01	1.604095089111663985e-01	2.576905687153483449e-01	1.539319215546535169e-01	7.251897938857418402e-02	2.988283310292973519e-02	7.736304735546412070e-02
1.204604783200165684e+03	2.478735786463513169e-01	1.601857387277805800e-01	2.579309866965969200e-01	1.540703091883735276e-01	7.256907060937274612e-02	2.991857242348306550e-02	7.745174370779861484e-02
1.207023668306993159e+03	2.475449930805458110e-01	1.599625566368719221e-01	2.581707061224857713e-01	1.542083101726023642e-01	7.261901195563229272e-02	2.995423080147449277e-02	7.754019123014412040e-02
1.209442553413820860e+03	2.472173810717772646e-01	1.597399613550604114e-01	2.584097289343376680e-01	1.543459256546952374e-01	7.266880405123783693e-02	2.998980829808566353e-02	7.762839063456267175e-02
1.211861438520648335e+03	2.468907394308792747e-01	1.595179515991406172e-01	2.586480570683685198e-01	1.544831567777018577e-01	7.271844751605749391e-02	3.002530497616470728e-02	7.771634263144423793e-02
1.214280323627476264e+03	2.465650649818680318e-01	1.592965260861132215e-01	2.588856924556985906e-01	1.546200046804012684e-01	7.276794296597842437e-02	3.006072090020113843e-02	7.780404792949602300e-02
1.216699208734303511e+03	2.462403545618652156e-01	1.590756835332160501e-01	2.591226370223634334e-01	1.547564704973360961e-01	7.281729101294238948e-02	3.009605613630107063e-02	7.789150723573237678e-02
1.219118093841131440e+03	2.459166050210216670e-01	1.588554226579548534e-01	2.593588926893249935e-01	1.548925553588461623e-01	7.286649226498102816e-02	3.013131075216272242e-02	7.797872125546519151e-02
1.221536978947959142e+03	2.455938132224414483e-01	1.586357421781336152e-01	2.595944613724825989e-01	1.550282603911014856e-01	7.291554732625064872e-02	3.016648481705221443e-02	7.806569069229460367e-02
1.223955864054786844e+03	2.452719760421065709e-01	1.584166408118844460e-01	2.598293449826841184e-01	1.551635867161347271e-01	7.296445679706677068e-02	3.020157840177962669e-02	7.815241624810037591e-02
1.226374749161614318e+03	2.449510903688024155e-01	1.581981172776972255e-01	2.600635454257368417e-01	1.552985354518729433e-01	7.301322127393825023e-02	3.023659157867537861e-02	7.823889862303355647e-02
1.228793634268442020e+03	2.446311531040436249e-01	1.579801702944488018e-01	2.602970646024188039e-01	1.554331077121688387e-01	7.306184134960103105e-02	3.027152442156685538e-02	7.832513851550861050e-02
1.231212519375269494e+03	2.443121611620005240e-01	1.577627985814318845e-01	2.605299044084894988e-01	1.555673046068315468e-01	7.311031761305168686e-02	3.030637700575532917e-02	7.841113662219602320e-02
1.233631404482097196e+03	2.439941114694264002e-01	1.575460008583834115e-01	2.607620667347010923e-01	1.557011272416566894e-01	7.315865064958046449e-02	3.034114940799314750e-02	7.849689363801522213e-02
1.236050289588924898e+03	2.436770009655848668e-01	1.573297758455128037e-01	2.609935534668095802e-01	1.558345767184560193e-01	7.320684104080407706e-02	3.037584170646117493e-02	7.858241025612794362e-02
1.238469174695752372e+03	2.433608266021783095e-01	1.571141222635296375e-01	2.612243664855854464e-01	1.559676541350865087e-01	7.325488936469809476e-02	3.041045398074654349e-02	7.866768716793196004e-02
1.240888059802580301e+03	2.430455853432765267e-01	1.568990388336711506e-01	2.614545076668249868e-01	1.561003605854789089e-01	7.330279619562909965e-02	3.044498631182062168e-02	7.875272506305519560e-02
1.243306944909407548e+03	2.427312741652460637e-01	1.566845242777292202e-01	2.616839788813613010e-01	1.562326971596659508e-01	7.335056210438645197e-02	3.047943878201727838e-02	7.883752462935016136e-02
1.245725830016235477e+03	2.424178900566801020e-01	1.564705773180772586e-01	2.619127819950752833e-01	1.563646649438099057e-01	7.339818765821368163e-02	3.051381147501137231e-02	7.892208655288882047e-02
1.248144715123063179e+03	2.421054300183288488e-01	1.562571966776964416e-01	2.621409188689065584e-01	1.564962650202296468e-01	7.344567342083972716e-02	3.054810447579753632e-02	7.900641151795766148e-02
1.250563600229890881e+03	2.417938910630305638e-01	1.560443810802017717e-01	2.623683913588645833e-01	1.566274984674274895e-01	7.349301995250960562e-02	3.058231787066917687e-02	7.909050020705324369e-02
1.252982485336718355e+03	2.414832702156428645e-01	1.558321292498679456e-01	2.625952013160395837e-01	1.567583663601153088e-01	7.354022781001505471e-02	3.061645174719774751e-02	7.917435330087793655e-02
1.255401370443546057e+03	2.411735645129748362e-01	1.556204399116546122e-01	2.628213505866135447e-01	1.568888697692404632e-01	7.358729754672464762e-02	3.065050619421225489e-02	7.925797147833606171e-02
1.257820255550373531e+03	2.408647710037195855e-01	1.554093117912315192e-01	2.630468410118713130e-01	1.570190097620110525e-01	7.363422971261364414e-02	3.068448130177902147e-02	7.934135541653025703e-02
1.260239140657201460e+03	2.405568867483872109e-01	1.551987436150031874e-01	2.632716744282115329e-01	1.571487874019209530e-01	7.368102485429361970e-02	3.071837716118168068e-02	7.942450579075820138e-02
1.262658025764028707e+03	2.402499088192384114e-01	1.549887341101334470e-01	2.634958526671575263e-01	1.572782037487743256e-01	7.372768351504170592e-02	3.075219386490141149e-02	7.950742327450957547e-02
1.265076910870856636e+03	2.399438343002185114e-01	1.547792820045693629e-01	2.637193775553682840e-01	1.574072598587098470e-01	7.377420623482965067e-02	3.078593150659740194e-02	7.959010853946330011e-02
1.267495795977684338e+03	2.396386602868920690e-01	1.545703860270652152e-01	2.639422509146496232e-01	1.575359567842243846e-01	7.382059355035235082e-02	3.081959018108756596e-02	7.967256225548507986e-02
1.269914681084511813e+03	2.393343838863779272e-01	1.543620449072058975e-01	2.641644745619649570e-01	1.576642955741964502e-01	7.386684599505637105e-02	3.085316998432948224e-02	7.975478509062512711e-02
1.272333566191339514e+03	2.390310022172846827e-01	1.541542573754301204e-01	2.643860503094463965e-01	1.577922772739092094e-01	7.391296409916803256e-02	3.088667101340154125e-02	7.983677771111621913e-02
1.274752451298167216e+03	2.387285124096469313e-01	1.539470221630532543e-01	2.646069799644054643e-01	1.579199029250731301e-01	7.395894838972115470e-02	3.092009336648434206e-02	7.991854078137194950e-02
1.277171336404994690e+03	2.384269116048615689e-01	1.537403380022899224e-01	2.648272653293441969e-01	1.580471735658483257e-01	7.400479939058467183e-02	3.095343714284231121e-02	8.000007496398521545e-02
1.279590221511822392e+03	2.381261969556250080e-01	1.535342036262763166e-01	2.650469082019661360e-01	1.581740902308663987e-01	7.405051762248984759e-02	3.098670244280553321e-02	8.008138091972692718e-02
1.282009106618650094e+03	2.378263656258705616e-01	1.533286177690920959e-01	2.652659103751872638e-01	1.583006539512522293e-01	7.409610360305728116e-02	3.101988936775178923e-02	8.016245930754500870e-02
1.284427991725477568e+03	2.375274147907063815e-01	1.531235791657821199e-01	2.654842736371466061e-01	1.584268657546451520e-01	7.414155784682360806e-02	3.105299802008883170e-02	8.024331078456348187e-02
1.286846876832305497e+03	2.372293416363540075e-01	1.529190865523779308e-01	2.657019997712175563e-01	1.585527266652200507e-01	7.418688086526793735e-02	3.108602850323687050e-02	8.032393600608185580e-02
1.289265761939132744e+03	2.369321433600871107e-01	1.527151386659187648e-01	2.659190905560185336e-01	1.586782377037078695e-01	7.423207316683801127e-02	3.111898092161125354e-02	8.040433562557469660e-02
1.291684647045960673e+03	2.366358171701708757e-01	1.525117342444723967e-01	2.661355477654239188e-01	1.588033998874160690e-01	7.427713525697611507e-02	3.115185538060536580e-02	8.048451029469141926e-02
1.294103532152788375e+03	2.363403602858019925e-01	1.523088720271557339e-01	2.663513731685751562e-01	1.589282142302486933e-01	7.432206763814473705e-02	3.118465198657374010e-02	8.056446066325616273e-02
1.296522417259616077e+03	2.360457699370485940e-01	1.521065507541551065e-01	2.665665685298911347e-01	1.590526817427261042e-01	7.436687080985197873e-02	3.121737084681535518e-02	8.064418737926795644e-02
1.298941302366443551e+03	2.357520433647912472e-01	1.519047691667462230e-01	2.667811356090795116e-01	1.591768034320043823e-01	7.441154526867660435e-02	3.125001206955715233e-02	8.072369108890105338e-02
1.301360187473271253e+03	2.354591778206639729e-01	1.517035260073139047e-01	2.669950761611474821e-01	1.593005803018947564e-01	7.445609150829297918e-02	3.128257576393775330e-02	8.080297243650534644e-02
1.303779072580098727e+03	2.351671705669957368e-01	1.515028200193716534e-01	2.672083919364125482e-01	1.594240133528822267e-01	7.450051001949566098e-02	3.131506203999134125e-02	8.088203206460704842e-02
1.306197957686926657e+03	2.348760188767526347e-01	1.513026499475806641e-01	2.674210846805133435e-01	1.595471035821444394e-01	7.454480129022382495e-02	3.134747100863178454e-02	8.096087061390948303e-02
1.308616842793753904e+03	2.345857200334802994e-01	1.511030145377690037e-01	2.676331561344204579e-01	1.596698519835700603e-01	7.458896580558538325e-02	3.137980278163692016e-02	8.103948872329405639e-02
1.311035727900581833e+03	2.342962713312466694e-01	1.509039125369500689e-01	2.678446080344474289e-01	1.597922595477767882e-01	7.463300404788079934e-02	3.141205747163303835e-02	8.111788702982133947e-02
1.313454613007409534e+03	2.340076700745854499e-01	1.507053426933411266e-01	2.680554421122613995e-01	1.599143272621294243e-01	7.467691649662683284e-02	3.144423519207956152e-02	8.119606616873233096e-02
1.315873498114237009e+03	2.337199135784397142e-01	1.505073037563814109e-01	2.682656600948939984e-01	1.600360561107574131e-01	7.472070362857990977e-02	3.147633605725387584e-02	8.127402677344985893e-02
1.318292383221064711e+03	2.334329991681060035e-01	1.503097944767501082e-01	2.684752637047519430e-01	1.601574470745722734e-01	7.476436591775929841e-02	3.150836018223641261e-02	8.135176947558010740e-02
1.320711268327892412e+03	2.331469241791789826e-01	1.501128136063839824e-01	2.686842546596281966e-01	1.602785011312848062e-01	7.480790383547006317e-02	3.154030768289584064e-02	8.142929490491422617e-02
1.323130153434719887e+03	2.328616859574963449e-01	1.499163598984947499e-01	2.688926346727125161e-01	1.603992192554220542e-01	7.485131785032575480e-02	3.157217867587449461e-02	8.150660368943021816e-02
1.325549038541547588e+03	2.325772818590841340e-01	1.497204321075863709e-01	2.691004054526020539e-01	1.605196024183439263e-01	7.489460842827092013e-02	3.160397327857391442e-02	8.158369645529478520e-02
1.327967923648375290e+03	2.322937092501025924e-01	1.495250289894718698e-01	2.693075687033124055e-01	1.606396515882598519e-01	7.493777603260334819e-02	3.163569160914066203e-02	8.166057382686535415e-02
1.330386808755202765e+03	2.320109655067921772e-01	1.493301493012900161e-01	2.695141261242882669e-01	1.607593677302450730e-01	7.498082112399612198e-02	3.166733378645220781e-02	8.173723642669221412e-02
1.332805693862030694e+03	2.317290480154201859e-01	1.491357918015218942e-01	2.697200794104140376e-01	1.608787518062566035e-01	7.502374416051943440e-02	3.169889993010305274e-02	8.181368487552083402e-02
1.335224578968857941e+03	2.314479541722277711e-01	1.489419552500070021e-01	2.699254302520247006e-01	1.609978047751492447e-01	7.506654559766212653e-02	3.173039016039098936e-02	8.188991979229418017e-02
1.337643464075685870e+03	2.311676813833770938e-01	1.487486384079592661e-01	2.701301803349165365e-01	1.611165275926912110e-01	7.510922588835317049e-02	3.176180459830357100e-02	8.196594179415514492e-02
1.340062349182513572e+03	2.308882270648991153e-01	1.485558400379829169e-01	2.703343313403576698e-01	1.612349212115796737e-01	7.515178548298277750e-02	3.179314336550468495e-02	8.204175149644919729e-02
1.342481234289341273e+03	2.306095886426417219e-01	1.483635589040878111e-01	2.705378849450988388e-01	1.613529865814559705e-01	7.519422482942336727e-02	3.182440658432134084e-02	8.211734951272696426e-02
1.344900119396168748e+03	2.303317635522181273e-01	1.481717937717049738e-01	2.707408428213841090e-01	1.614707246489208159e-01	7.523654437305030140e-02	3.185559437773059777e-02	8.219273645474706180e-02
1.347319004502996449e+03	2.300547492389557469e-01	1.479805434077014203e-01	2.709432066369615866e-01	1.615881363575492058e-01	7.527874455676245025e-02	3.188670686934667875e-02	8.226791293247885661e-02
1.349737889609823924e+03	2.297785431578453497e-01	1.477898065803952277e-01	2.711449780550939659e-01	1.617052226479052113e-01	7.532082582100251000e-02	3.191774418340819625e-02	8.234287955410549142e-02
1.352156774716651853e+03	2.295031427734906815e-01	1.475995820595701058e-01	2.713461587345690207e-01	1.618219844575564670e-01	7.536278860377716715e-02	3.194870644476559968e-02	8.241763692602682712e-02
1.354575659823479100e+03	2.292285455600583666e-01	1.474098686164898586e-01	2.715467503297107621e-01	1.619384227210886318e-01	7.540463334067695755e-02	3.197959377886869237e-02	8.249218565286257909e-02
1.356994544930307029e+03	2.289547490012282527e-01	1.472206650239125114e-01	2.717467544903893750e-01	1.620545383701196551e-01	7.544636046489609782e-02	3.201040631175439827e-02	8.256652633745549530e-02
1.359413430037134731e+03	2.286817505901439784e-01	1.470319700561044385e-01	2.719461728620324314e-01	1.621703323333138491e-01	7.548797040725194196e-02	3.204114417003460502e-02	8.264065958087456198e-02
1.361832315143962205e+03	2.284095478293640402e-01	1.468437824888539911e-01	2.721450070856350489e-01	1.622858055363957108e-01	7.552946359620441030e-02	3.207180748088418742e-02	8.271458598241837601e-02
1.364251200250789907e+03	2.281381382308131645e-01	1.466561010994852643e-01	2.723432587977706043e-01	1.624009589021638833e-01	7.557084045787505755e-02	3.210239637202920437e-02	8.278830613961848939e-02
1.366670085357617609e+03	2.278675193157339574e-01	1.464689246668714473e-01	2.725409296306015583e-01	1.625157933505045338e-01	7.561210141606609925e-02	3.213291097173518601e-02	8.286182064824292037e-02
1.369088970464445310e+03	2.275976886146389710e-01	1.462822519714478686e-01	2.727380212118895586e-01	1.626303097984049817e-01	7.565324689227916066e-02	3.216335140879558741e-02	8.293513010229963678e-02
1.371507855571272785e+03	2.273286436672630750e-01	1.460960817952251523e-01	2.729345351650062090e-01	1.627445091599668825e-01	7.569427730573383140e-02	3.219371781252043652e-02	8.300823509404016420e-02
1.373926740678100487e+03	2.270603820225162162e-01	1.459104129218018187e-01	2.731304731089437832e-01	1.628583923464194949e-01	7.573519307338615059e-02	3.222401031272503075e-02	8.308113621396319426e-02
1.376345625784927961e+03	2.267929012384364840e-01	1.457252441363771633e-01	2.733258366583254384e-01	1.629719602661326705e-01	7.577599460994675906e-02	3.225422903971885552e-02	8.315383405081831769e-02
1.378764510891755890e+03	2.265261988821434813e-01	1.455405742257632473e-01	2.735206274234158741e-01	1.630852138246296767e-01	7.581668232789896822e-02	3.228437412429460696e-02	8.322632919160981302e-02
1.381183395998583137e+03	2.262602725297920558e-01	1.453564019783974703e-01	2.737148470101317677e-01	1.631981539246000479e-01	7.585725663751660686e-02	3.231444569771733943e-02	8.329862222160035190e-02
1.383602281105411066e+03	2.259951197665263645e-01	1.451727261843543115e-01	2.739084970200523217e-01	1.633107814659121027e-01	7.589771794688178475e-02	3.234444389171377970e-02	8.337071372431496818e-02
1.386021166212238768e+03	2.257307381864342710e-01	1.449895456353572920e-01	2.741015790504296445e-01	1.634230973456254898e-01	7.593806666190229537e-02	3.237436883846174507e-02	8.344260428154491593e-02
1.388440051319066470e+03	2.254671253925019381e-01	1.448068591247905768e-01	2.742940946941991864e-01	1.635351024580035117e-01	7.597830318632901869e-02	3.240422067057972116e-02	8.351429447335162459e-02
1.390858936425893944e+03	2.252042789965690017e-01	1.446246654477105209e-01	2.744860455399903421e-01	1.636467976945253922e-01	7.601842792177307406e-02	3.243399952111653689e-02	8.358578487807066804e-02
1.393277821532721646e+03	2.249421966192838018e-01	1.444429634008567165e-01	2.746774331721367202e-01	1.637581839438983500e-01	7.605844126772284830e-02	3.246370552354120587e-02	8.365707607231591403e-02
1.395696706639549120e+03	2.246808758900590008e-01	1.442617517826632612e-01	2.748682591706865241e-01	1.638692620920696175e-01	7.609834362156081555e-02	3.249333881173287891e-02	8.372816863098347939e-02
1.398115591746377049e+03	2.244203144470275912e-01	1.440810293932696107e-01	2.750585251114131546e-01	1.639800330222382363e-01	7.613813537858014902e-02	3.252289951997091449e-02	8.379906312725590722e-02
1.400534476853204296e+03	2.241605099369992082e-01	1.439007950345313480e-01	2.752482325658252571e-01	1.640904976148669370e-01	7.617781693200131876e-02	3.255238778292507407e-02	8.386976013260637186e-02
1.402953361960032225e+03	2.239014600154165813e-01	1.437210475100307583e-01	2.754373831011774354e-01	1.642006567476936851e-01	7.621738867298837039e-02	3.258180373564587007e-02	8.394026021680277283e-02
1.405372247066859927e+03	2.236431623463125407e-01	1.435417856250870428e-01	2.756259782804804104e-01	1.643105112957432279e-01	7.625685099066513428e-02	3.261114751355500413e-02	8.401056394791209248e-02
1.407791132173687402e+03	2.233856146022670242e-01	1.433630081867667272e-01	2.758140196625114005e-01	1.644200621313385291e-01	7.629620427213124056e-02	3.264041925243594405e-02	8.408067189230453153e-02
1.410210017280515103e+03	2.231288144643646665e-01	1.431847140038936539e-01	2.760015088018245022e-01	1.645293101241120381e-01	7.633544890247799530e-02	3.266961908842460488e-02	8.415058461465788064e-02
1.412628902387342805e+03	2.228727596221524998e-01	1.430069018870588904e-01	2.761884472487607933e-01	1.646382561410170420e-01	7.637458526480404852e-02	3.269874715800015486e-02	8.422030267796182246e-02
1.415047787494170507e+03	2.226174477735981261e-01	1.428295706486303607e-01	2.763748365494588799e-01	1.647469010463386008e-01	7.641361374023103448e-02	3.272780359797594629e-02	8.428982664352227538e-02
1.417466672600997981e+03	2.223628766250478062e-01	1.426527191027624208e-01	2.765606782458651103e-01	1.648552457017045947e-01	7.645253470791889272e-02	3.275678854549057134e-02	8.435915707096577898e-02
1.419885557707825683e+03	2.221090438911853815e-01	1.424763460654052960e-01	2.767459738757437893e-01	1.649632909660966595e-01	7.649134854508116144e-02	3.278570213799897326e-02	8.442829451824389320e-02
1.422304442814653157e+03	2.218559472949910294e-01	1.423004503543142119e-01	2.769307249726874476e-01	1.650710376958610393e-01	7.653005562700010422e-02	3.281454451326375893e-02	8.449723954163762540e-02
1.424723327921481086e+03	2.216035845677004346e-01	1.421250307890586095e-01	2.771149330661269450e-01	1.651784867447191885e-01	7.656865632704161484e-02	3.284331580934654604e-02	8.456599269576188516e-02
1.427142213028308333e+03	2.213519534487643492e-01	1.419500861910308886e-01	2.772985996813419618e-01	1.652856389637785139e-01	7.660715101667008031e-02	3.287201616459947684e-02	8.463455453356993896e-02
1.429561098135136262e+03	2.211010516858083474e-01	1.417756153834552890e-01	2.774817263394709910e-01	1.653924952015427552e-01	7.664554006546303588e-02	3.290064571765678736e-02	8.470292560635792056e-02
1.431979983241963964e+03	2.208508770345927741e-01	1.416016171913964117e-01	2.776643145575217186e-01	1.654990563039226426e-01	7.668382384112568118e-02	3.292920460742654321e-02	8.477110646376935510e-02
1.434398868348791666e+03	2.206014272589731651e-01	1.414280904417677676e-01	2.778463658483809606e-01	1.656053231142459725e-01	7.672200270950525758e-02	3.295769297308243084e-02	8.483909765379960000e-02
1.436817753455619140e+03	2.203527001308606681e-01	1.412550339633399654e-01	2.780278817208249875e-01	1.657112964732680438e-01	7.676007703460531462e-02	3.298611095405567378e-02	8.490689972280053566e-02
1.439236638562446842e+03	2.201046934301830460e-01	1.410824465867488720e-01	2.782088636795295722e-01	1.658169772191818436e-01	7.679804717859980978e-02	3.301445869002707367e-02	8.497451321548496472e-02
1.441655523669274316e+03	2.198574049448456802e-01	1.409103271445037442e-01	2.783893132250802038e-01	1.659223661876280398e-01	7.683591350184708346e-02	3.304273632091909996e-02	8.504193867493133052e-02
1.444074408776102018e+03	2.196108324706929349e-01	1.407386744709948623e-01	2.785692318539822465e-01	1.660274642117050836e-01	7.687367636290366735e-02	3.307094398688815301e-02	8.510917664258822735e-02
1.446493293882929493e+03	2.193649738114698267e-01	1.405674874025014953e-01	2.787486210586709312e-01	1.661322721219790355e-01	7.691133611853802343e-02	3.309908182831688972e-02	8.517622765827896625e-02
1.448912178989757422e+03	2.191198267787839715e-01	1.403967647771992289e-01	2.789274823275214032e-01	1.662367907464935290e-01	7.694889312374411650e-02	3.312714998580660458e-02	8.524309226020632124e-02
1.451331064096585123e+03	2.188753891920676153e-01	1.402265054351676532e-01	2.791058171448588254e-01	1.663410209107794857e-01	7.698634773175479229e-02	3.315514860016979815e-02	8.530977098495698407e-02
1.453749949203412370e+03	2.186316588785401360e-01	1.400567082183974132e-01	2.792836269909685365e-01	1.664449634378647458e-01	7.702370029405515572e-02	3.318307781242278709e-02	8.537626436750631043e-02
1.456168834310240300e+03	2.183886336731706290e-01	1.398873719707975083e-01	2.794609133421059322e-01	1.665486191482838663e-01	7.706095116039568538e-02	3.321093776377841145e-02	8.544257294122299673e-02
1.458587719417068001e+03	2.181463114186408259e-01	1.397184955382022031e-01	2.796376776705067346e-01	1.666519888600874466e-01	7.709810067880536189e-02	3.323872859563885979e-02	8.550869723787359045e-02
1.461006604523895703e+03	2.179046899653083458e-01	1.395500777683780225e-01	2.798139214443965406e-01	1.667550733888517323e-01	7.713514919560451877e-02	3.326645044958857073e-02	8.557463778762725015e-02
1.463425489630723177e+03	2.176637671711698918e-01	1.393821175110304122e-01	2.799896461280013127e-01	1.668578735476879682e-01	7.717209705541769327e-02	3.329410346738723159e-02	8.564039511906042235e-02
1.465844374737550879e+03	2.174235409018251408e-01	1.392146136178103732e-01	2.801648531815570387e-01	1.669603901472518082e-01	7.720894460118628289e-02	3.332168779096287420e-02	8.570596975916144888e-02
1.468263259844378354e+03	2.171840090304404391e-01	1.390475649423209836e-01	2.803395440613196121e-01	1.670626239957524461e-01	7.724569217418113254e-02	3.334920356240503314e-02	8.577136223333527154e-02
1.470682144951206283e+03	2.169451694377130258e-01	1.388809703401236162e-01	2.805137202195751578e-01	1.671645758989618868e-01	7.728234011401492742e-02	3.337665092395805666e-02	8.583657306540813658e-02
1.473101030058033530e+03	2.167070200118353940e-01	1.387148286687444609e-01	2.806873831046496903e-01	1.672662466602240772e-01	7.731888875865454425e-02	3.340403001801442451e-02	8.590160277763224383e-02
1.475519915164861459e+03	2.164695586484598477e-01	1.385491387876802705e-01	2.808605341609188288e-01	1.673676370804639268e-01	7.735533844443323592e-02	3.343134098710823232e-02	8.596645189069045123e-02
1.477938800271689161e+03	2.162327832506634462e-01	1.383838995584045217e-01	2.810331748288181775e-01	1.674687479581963012e-01	7.739168950606274688e-02	3.345858397390870376e-02	8.603112092370096553e-02
1.480357685378516862e+03	2.159966917289128652e-01	1.382191098443733279e-01	2.812053065448527067e-01	1.675695800895349585e-01	7.742794227664520634e-02	3.348575912121380671e-02	8.609561039422201911e-02
1.482776570485344337e+03	2.157612820010298971e-01	1.380547685110309619e-01	2.813769307416069676e-01	1.676701342682014317e-01	7.746409708768506319e-02	3.351286657194397361e-02	8.615992081825657456e-02
