1.001418434226643626e+03	2.793606749834530167e-01	1.811020200099535127e-01	2.350459925562732588e-01	1.410103985643542113e-01	6.780597855077917513e-02	2.660077959906223186e-02	6.907415573588378266e-02
1.002869765290740247e+03	2.791073878560555444e-01	1.809349255127799816e-01	2.352290278542609470e-01	1.411157317242540399e-01	6.784531931198389820e-02	2.662613220264244129e-02	6.914147553778229871e-02
1.004321096354836754e+03	2.788545684791787771e-01	1.807680803422079818e-01	2.354117469992669798e-01	1.412208829835417678e-01	6.788457970435610167e-02	2.665145865659054522e-02	6.920868283461696635e-02
1.005772427418933376e+03	2.786022158059196507e-01	1.806014842864868686e-01	2.355941505134761804e-01	1.413258527238440421e-01	6.792375997923490172e-02	2.667675890859315044e-02	6.927577778220436744e-02
1.007223758483029997e+03	2.783503287928199010e-01	1.804351371328742071e-01	2.357762389182865015e-01	1.414306413250951688e-01	6.796286038677154528e-02	2.670203290705320046e-02	6.934276053685860253e-02
1.008675089547126618e+03	2.780989063998495769e-01	1.802690386676460144e-01	2.359580127343096911e-01	1.415352491655557932e-01	6.800188117593647386e-02	2.672728060108464296e-02	6.940963125537689959e-02
1.010126420611223239e+03	2.778479475903897211e-01	1.801031886761070844e-01	2.361394724813722090e-01	1.416396766218312731e-01	6.804082259452623460e-02	2.675250194050714236e-02	6.947639009502543095e-02
1.011577751675319632e+03	2.775974513312157721e-01	1.799375869426013963e-01	2.363206186785156426e-01	1.417439240688896929e-01	6.807968488917046090e-02	2.677769687584082708e-02	6.954303721352537992e-02
1.013029082739416367e+03	2.773474165924805779e-01	1.797722332505220788e-01	2.365014518439976510e-01	1.418479918800798212e-01	6.811846830533864472e-02	2.680286535830105066e-02	6.960957276903927127e-02
1.014480413803512761e+03	2.770978423476981867e-01	1.796071273823218739e-01	2.366819724952926585e-01	1.419518804271485968e-01	6.815717308734700608e-02	2.682800733979323268e-02	6.967599692015752355e-02
1.015931744867609382e+03	2.768487275737269160e-01	1.794422691195228514e-01	2.368621811490925766e-01	1.420555900802584759e-01	6.819579947836533484e-02	2.685312277290768587e-02	6.974230982588520977e-02
1.017383075931706003e+03	2.766000712507533099e-01	1.792776582427265397e-01	2.370420783213074423e-01	1.421591212080044464e-01	6.823434772042367980e-02	2.687821161091452637e-02	6.980851164562909550e-02
1.018834406995802851e+03	2.763518723622755413e-01	1.791132945316239178e-01	2.372216645270662505e-01	1.422624741774309309e-01	6.827281805441898221e-02	2.690327380775857022e-02	6.987460253918485742e-02
1.020285738059899245e+03	2.761041298950874245e-01	1.789491777650049631e-01	2.374009402807177038e-01	1.423656493540481627e-01	6.831121072012186213e-02	2.692830931805429220e-02	6.994058266672459334e-02
1.021737069123995752e+03	2.758568428392622618e-01	1.787853077207687824e-01	2.375799060958308784e-01	1.424686471018486722e-01	6.834952595618311311e-02	2.695331809708082643e-02	7.000645218878451259e-02
1.023188400188092373e+03	2.756100101881366338e-01	1.786216841759329932e-01	2.377585624851960844e-01	1.425714677833232469e-01	6.838776400014034973e-02	2.697830010077698071e-02	7.007221126625280683e-02
1.024639731252188767e+03	2.753636309382948566e-01	1.784583069066435213e-01	2.379369099608253935e-01	1.426741117594767516e-01	6.842592508842448851e-02	2.700325528573629258e-02	7.013786006035775678e-02
1.026091062316285615e+03	2.751177040895531056e-01	1.782951756881840932e-01	2.381149490339536379e-01	1.427765793898438107e-01	6.846400945636622881e-02	2.702818360920211313e-02	7.020339873265611652e-02
1.027542393380382237e+03	2.748722286449433172e-01	1.781322902949857012e-01	2.382926802150389933e-01	1.428788710325040734e-01	6.850201733820257544e-02	2.705308502906274976e-02	7.026882744502162270e-02
1.028993724444478858e+03	2.746272036106982561e-01	1.779696505006361229e-01	2.384701040137637562e-01	1.429809870440973685e-01	6.853994896708313911e-02	2.707795950384660547e-02	7.033414635963372574e-02
1.030445055508575479e+03	2.743826279962354731e-01	1.778072560778891364e-01	2.386472209390352039e-01	1.430829277798386923e-01	6.857780457507656191e-02	2.710280699271737023e-02	7.039935563896650150e-02
1.031896386572671872e+03	2.741385008141422053e-01	1.776451067986738463e-01	2.388240314989862056e-01	1.431846935935328080e-01	6.861558439317680391e-02	2.712762745546924703e-02	7.046445544577784048e-02
1.033347717636768493e+03	2.738948210801598337e-01	1.774832024341039538e-01	2.390005362009760548e-01	1.432862848375887621e-01	6.865328865130948532e-02	2.715242085252219870e-02	7.052944594309869253e-02
1.034799048700865114e+03	2.736515878131688395e-01	1.773215427544867495e-01	2.391767355515912463e-01	1.433877018630342337e-01	6.869091757833804823e-02	2.717718714491725723e-02	7.059432729422267239e-02
1.036250379764961508e+03	2.734088000351735936e-01	1.771601275293324118e-01	2.393526300566461706e-01	1.434889450195293570e-01	6.872847140207002936e-02	2.720192629431181577e-02	7.065909966269569298e-02
1.037701710829058356e+03	2.731664567712874248e-01	1.769989565273628607e-01	2.395282202211839184e-01	1.435900146553808487e-01	6.876595034926316630e-02	2.722663826297498646e-02	7.072376321230583462e-02
1.039153041893154750e+03	2.729245570497176865e-01	1.768380295165207505e-01	2.397035065494770301e-01	1.436909111175554699e-01	6.880335464563158698e-02	2.725132301378298955e-02	7.078831810707347794e-02
1.040604372957251599e+03	2.726830999017508250e-01	1.766773462639783521e-01	2.398784895450283283e-01	1.437916347516935978e-01	6.884068451585181880e-02	2.727598051021456332e-02	7.085276451124149222e-02
1.042055704021347992e+03	2.724420843617376686e-01	1.765169065361464340e-01	2.400531697105715845e-01	1.438921859021223271e-01	6.887794018356890868e-02	2.730061071634640527e-02	7.091710258926568755e-02
1.043507035085444613e+03	2.722015094670787172e-01	1.763567100986828673e-01	2.402275475480724065e-01	1.439925649118686812e-01	6.891512187140237666e-02	2.732521359684865828e-02	7.098133250580533626e-02
1.044958366149541234e+03	2.719613742582097093e-01	1.761967567165014237e-01	2.404016235587289052e-01	1.440927721226724079e-01	6.895222980095221110e-02	2.734978911698039694e-02	7.104545442571398584e-02
1.046409697213637855e+03	2.717216777785870785e-01	1.760370461537804077e-01	2.405753982429725546e-01	1.441928078749986353e-01	6.898926419280482225e-02	2.737433724258518317e-02	7.110946851403036895e-02
1.047861028277734476e+03	2.714824190746735200e-01	1.758775781739712052e-01	2.407488721004689136e-01	1.442926725080504458e-01	6.902622526653887092e-02	2.739885794008663222e-02	7.117337493596946618e-02
1.049312359341831097e+03	2.712435971959237246e-01	1.757183525398068047e-01	2.409220456301184310e-01	1.443923663597811158e-01	6.906311324073119429e-02	2.742335117648399614e-02	7.123717385691379078e-02
1.050763690405927491e+03	2.710052111947703346e-01	1.755593690133102069e-01	2.410949193300571392e-01	1.444918897669063285e-01	6.909992833296256520e-02	2.744781691934780610e-02	7.130086544240472890e-02
1.052215021470024112e+03	2.707672601266093992e-01	1.754006273558027795e-01	2.412674936976576812e-01	1.445912430649160252e-01	6.913667075982357635e-02	2.747225513681552170e-02	7.136444985813414355e-02
1.053666352534120733e+03	2.705297430497867750e-01	1.752421273279126113e-01	2.414397692295298936e-01	1.446904265880862850e-01	6.917334073692024687e-02	2.749666579758722196e-02	7.142792726993608954e-02
1.055117683598217127e+03	2.702926590255839701e-01	1.750838686895828389e-01	2.416117464215215005e-01	1.447894406694909264e-01	6.920993847887983719e-02	2.752104887092131011e-02	7.149129784377866725e-02
1.056569014662313975e+03	2.700560071182043220e-01	1.749258512000797794e-01	2.417834257687192234e-01	1.448882856410129705e-01	6.924646419935649722e-02	2.754540432663028088e-02	7.155456174575595962e-02
1.058020345726410369e+03	2.698197863947592867e-01	1.747680746180009514e-01	2.419548077654492813e-01	1.449869618333558263e-01	6.928291811103687303e-02	2.756973213507647388e-02	7.161771914208030221e-02
1.059471676790506763e+03	2.695839959252544493e-01	1.746105387012834298e-01	2.421258929052783337e-01	1.450854695760545598e-01	6.931930042564576899e-02	2.759403226716787561e-02	7.168077019907451164e-02
1.060923007854603611e+03	2.693486347825763683e-01	1.744532432072116723e-01	2.422966816810142310e-01	1.451838091974867184e-01	6.935561135395167109e-02	2.761830469435397339e-02	7.174371508316430834e-02
1.062374338918700232e+03	2.691137020424786974e-01	1.742961878924253472e-01	2.424671745847068460e-01	1.452819810248832111e-01	6.939185110577227034e-02	2.764254938862159214e-02	7.180655396087093356e-02
1.063825669982796853e+03	2.688791967835688634e-01	1.741393725129276593e-01	2.426373721076487411e-01	1.453799853843390222e-01	6.942801988997997220e-02	2.766676632249079337e-02	7.186928699880384963e-02
1.065277001046893474e+03	2.686451180872946876e-01	1.739827968240927891e-01	2.428072747403761944e-01	1.454778226008235364e-01	6.946411791450740614e-02	2.769095546901079175e-02	7.193191436365353741e-02
1.066728332110990095e+03	2.684114650379310629e-01	1.738264605806738861e-01	2.429768829726698109e-01	1.455754929981910029e-01	6.950014538635275463e-02	2.771511680175589229e-02	7.199443622218455741e-02
1.068179663175086489e+03	2.681782367225669095e-01	1.736703635368107013e-01	2.431461972935553828e-01	1.456729968991907487e-01	6.953610251158523492e-02	2.773925029482147281e-02	7.205685274122854145e-02
1.069630994239183110e+03	2.679454322310917402e-01	1.735145054460374148e-01	2.433152181913047774e-01	1.457703346254771160e-01	6.957198949535044197e-02	2.776335592281996625e-02	7.211916408767754527e-02
1.071082325303279504e+03	2.677130506561830048e-01	1.733588860612900739e-01	2.434839461534365479e-01	1.458675064976195368e-01	6.960780654187560812e-02	2.778743366087690209e-02	7.218137042847730389e-02
1.072533656367376352e+03	2.674810910932928221e-01	1.732035051349142263e-01	2.436523816667170161e-01	1.459645128351121923e-01	6.964355385447497382e-02	2.781148348462694764e-02	7.224347193062079231e-02
1.073984987431472746e+03	2.672495526406352129e-01	1.730483624186724967e-01	2.438205252171607995e-01	1.460613539563836161e-01	6.967923163555499178e-02	2.783550537021000845e-02	7.230546876114173072e-02
1.075436318495569594e+03	2.670184343991734432e-01	1.728934576637519149e-01	2.439883772900318104e-01	1.461580301788063530e-01	6.971484008661962828e-02	2.785949929426730781e-02	7.236736108710839499e-02
1.076887649559666215e+03	2.667877354726069794e-01	1.727387906207714097e-01	2.441559383698440056e-01	1.462545418187060631e-01	6.975037940827542859e-02	2.788346523393754259e-02	7.242914907561741333e-02
1.078338980623762609e+03	2.665574549673589977e-01	1.725843610397891081e-01	2.443232089403622187e-01	1.463508891913709864e-01	6.978584980023679052e-02	2.790740316685302869e-02	7.249083289378770167e-02
1.079790311687859230e+03	2.663275919925638391e-01	1.724301686703096914e-01	2.444901894846029933e-01	1.464470726110608523e-01	6.982125146133104365e-02	2.793131307113589507e-02	7.255241270875453785e-02
1.081241642751955851e+03	2.660981456600544082e-01	1.722762132612914998e-01	2.446568804848352763e-01	1.465430923910160110e-01	6.985658458950354255e-02	2.795519492539429510e-02	7.261388868766376070e-02
1.082692973816052472e+03	2.658691150843499051e-01	1.721224945611538326e-01	2.448232824225814175e-01	1.466389488434661770e-01	6.989184938182274598e-02	2.797904870871863875e-02	7.267526099766599690e-02
1.084144304880149093e+03	2.656404993826434469e-01	1.719690123177840257e-01	2.449893957786179188e-01	1.467346422796391436e-01	6.992704603448519907e-02	2.800287440067786640e-02	7.273652980591115147e-02
1.085595635944245487e+03	2.654122976747895768e-01	1.718157662785445849e-01	2.451552210329761283e-01	1.468301730097693880e-01	6.996217474282061255e-02	2.802667198131572612e-02	7.279769527954275954e-02
1.087046967008342108e+03	2.651845090832922192e-01	1.716627561902800692e-01	2.453207586649432947e-01	1.469255413431065915e-01	6.999723570129673389e-02	2.805044143114709607e-02	7.285875758569272664e-02
1.088498298072438729e+03	2.649571327332926329e-01	1.715099817993242792e-01	2.454860091530631783e-01	1.470207475879239667e-01	7.003222910352435715e-02	2.807418273115432419e-02	7.291971689147594415e-02
1.089949629136535123e+03	2.647301677525571439e-01	1.713574428515070025e-01	2.456509729751371052e-01	1.471157920515264450e-01	7.006715514226222186e-02	2.809789586278358536e-02	7.298057336398514061e-02
1.091400960200631971e+03	2.645036132714654320e-01	1.712051390921608962e-01	2.458156506082245230e-01	1.472106750402588926e-01	7.010201400942184247e-02	2.812158080794128004e-02	7.304132717028573307e-02
1.092852291264728365e+03	2.642774684229982629e-01	1.710530702661284819e-01	2.459800425286440828e-01	1.473053968595139929e-01	7.013680589607237947e-02	2.814523754899043995e-02	7.310197847741088661e-02
1.094303622328825213e+03	2.640517323427260532e-01	1.709012361177687234e-01	2.461441492119743057e-01	1.473999578137403232e-01	7.017153099244544112e-02	2.816886606874717536e-02	7.316252745235655996e-02
1.095754953392921607e+03	2.638264041687967687e-01	1.707496363909637438e-01	2.463079711330544153e-01	1.474943582064499603e-01	7.020618948793988512e-02	2.819246635047713279e-02	7.322297426207671767e-02
1.097206284457018228e+03	2.636014830419243227e-01	1.705982708291256811e-01	2.464715087659852533e-01	1.475885983402262791e-01	7.024078157112655096e-02	2.821603837789197350e-02	7.328331907347859775e-02
1.098657615521114849e+03	2.633769681053770295e-01	1.704471391752031550e-01	2.466347625841301128e-01	1.476826785167315026e-01	7.027530742975296452e-02	2.823958213514590754e-02	7.334356205341809043e-02
1.100108946585211470e+03	2.631528585049658919e-01	1.702962411716878177e-01	2.467977330601154595e-01	1.477765990367140847e-01	7.030976725074807032e-02	2.826309760683220693e-02	7.340370336869522783e-02
1.101560277649308091e+03	2.629291533890333876e-01	1.701455765606209869e-01	2.469604206658319312e-01	1.478703602000162043e-01	7.034416122022685292e-02	2.828658477797977439e-02	7.346374318604965981e-02
1.103011608713404712e+03	2.627058519084415344e-01	1.699951450836001132e-01	2.471228258724350313e-01	1.479639623055809816e-01	7.037848952349502751e-02	2.831004363404972246e-02	7.352368167215633799e-02
1.104462939777501106e+03	2.624829532165611212e-01	1.698449464817850529e-01	2.472849491503460728e-01	1.480574056514596393e-01	7.041275234505359193e-02	2.833347416093197346e-02	7.358351899362126913e-02
1.105914270841597499e+03	2.622604564692600504e-01	1.696949804959046459e-01	2.474467909692529000e-01	1.481506905348185243e-01	7.044694986860342012e-02	2.835687634494190798e-02	7.364325531697724081e-02
1.107365601905694348e+03	2.620383608248921803e-01	1.695452468662629886e-01	2.476083517981108872e-01	1.482438172519461583e-01	7.048108227704977247e-02	2.838025017281699258e-02	7.370289080867975517e-02
1.108816932969790741e+03	2.618166654442861119e-01	1.693957453327455398e-01	2.477696321051435779e-01	1.483367860982600372e-01	7.051514975250691708e-02	2.840359563171346996e-02	7.376242563510296280e-02
1.110268264033887590e+03	2.615953694907343641e-01	1.692464756348256161e-01	2.479306323578437665e-01	1.484295973683134873e-01	7.054915247630247355e-02	2.842691270920305255e-02	7.382185996253577687e-02
1.111719595097984211e+03	2.613744721299820495e-01	1.690974375115704975e-01	2.480913530229741371e-01	1.485222513558023261e-01	7.058309062898196484e-02	2.845020139326964043e-02	7.388119395717790416e-02
1.113170926162080832e+03	2.611539725302159942e-01	1.689486307016474786e-01	2.482517945665681791e-01	1.486147483535713576e-01	7.061696439031325823e-02	2.847346167230605657e-02	7.394042778513611192e-02
1.114622257226177226e+03	2.609338698620539687e-01	1.688000549433300856e-01	2.484119574539311037e-01	1.487070886536210057e-01	7.065077393929093674e-02	2.849669353511083761e-02	7.399956161242045305e-02
1.116073588290273847e+03	2.607141632985336965e-01	1.686517099745039883e-01	2.485718421496405650e-01	1.487992725471137534e-01	7.068451945414068460e-02	2.851989697088498990e-02	7.405859560494068572e-02
1.117524919354370468e+03	2.604948520151021407e-01	1.685035955326732171e-01	2.487314491175476316e-01	1.488913003243803324e-01	7.071820111232363093e-02	2.854307196922881845e-02	7.411752992850259569e-02
1.118976250418467089e+03	2.602759351896047346e-01	1.683557113549659923e-01	2.488907788207775085e-01	1.489831722749261067e-01	7.075181909054066576e-02	2.856621852013875237e-02	7.417636474880458242e-02
1.120427581482563710e+03	2.600574120022749458e-01	1.682080571781406075e-01	2.490498317217305080e-01	1.490748886874371237e-01	7.078537356473676989e-02	2.858933661400419463e-02	7.423510023143417569e-02
1.121878912546660331e+03	2.598392816357233959e-01	1.680606327385913978e-01	2.492086082820828552e-01	1.491664498497863034e-01	7.081886471010526152e-02	2.861242624160439604e-02	7.429373654186470499e-02
1.123330243610756725e+03	2.596215432749276464e-01	1.679134377723545402e-01	2.493671089627874649e-01	1.492578560490393225e-01	7.085229270109201505e-02	2.863548739410535712e-02	7.435227384545192719e-02
1.124781574674853118e+03	2.594041961072215963e-01	1.677664720151137989e-01	2.495253342240749128e-01	1.493491075714606653e-01	7.088565771139970773e-02	2.865852006305674368e-02	7.441071230743087628e-02
1.126232905738949967e+03	2.591872393222849347e-01	1.676197352022063269e-01	2.496832845254542410e-01	1.494402047025192859e-01	7.091895991399202459e-02	2.868152424038881640e-02	7.446905209291264371e-02
1.127684236803046360e+03	2.589706721121330935e-01	1.674732270686283275e-01	2.498409603257137623e-01	1.495311477268945755e-01	7.095219948109775243e-02	2.870449991840939505e-02	7.452729336688131145e-02
1.129135567867143209e+03	2.587544936711068666e-01	1.673269473490407444e-01	2.499983620829220043e-01	1.496219369284818579e-01	7.098537658421498475e-02	2.872744708980085049e-02	7.458543629419088494e-02
1.130586898931239830e+03	2.585387031958620296e-01	1.671808957777748406e-01	2.501554902544285142e-01	1.497125725903981353e-01	7.101849139411518796e-02	2.875036574761708277e-02	7.464348103956236491e-02
1.132038229995336451e+03	2.583232998853594031e-01	1.670350720888378049e-01	2.503123452968646356e-01	1.498030549949875279e-01	7.105154408084733697e-02	2.877325588528055825e-02	7.470142776758077752e-02
1.133489561059432845e+03	2.581082829408547497e-01	1.668894760159183033e-01	2.504689276661447028e-01	1.498933844238267699e-01	7.108453481374191196e-02	2.879611749657934663e-02	7.475927664269232942e-02
1.134940892123529466e+03	2.578936515658885043e-01	1.667441072923918355e-01	2.506252378174663176e-01	1.499835611577306216e-01	7.111746376141496462e-02	2.881895057566418242e-02	7.481702782920165995e-02
1.136392223187626087e+03	2.576794049662760044e-01	1.665989656513263972e-01	2.507812762053118205e-01	1.500735854767571431e-01	7.115033109177212878e-02	2.884175511704555050e-02	7.487468149126906558e-02
1.137843554251722708e+03	2.574655423500976092e-01	1.664540508254876983e-01	2.509370432834486797e-01	1.501634576602129678e-01	7.118313697201257562e-02	2.886453111559078230e-02	7.493223779290782149e-02
1.139294885315819101e+03	2.572520629276885407e-01	1.663093625473446302e-01	2.510925395049306563e-01	1.502531779866584372e-01	7.121588156863302432e-02	2.888727856652118994e-02	7.498969689798158644e-02
1.140746216379915950e+03	2.570389659116295022e-01	1.661649005490745679e-01	2.512477653220985263e-01	1.503427467339128187e-01	7.124856504743161401e-02	2.890999746540919013e-02	7.504705897020182148e-02
1.142197547444012343e+03	2.568262505167365761e-01	1.660206645625686150e-01	2.514027211865809130e-01	1.504321641790592190e-01	7.128118757351187273e-02	2.893268780817547653e-02	7.510432417312525033e-02
1.143648878508108737e+03	2.566139159600517861e-01	1.658766543194369336e-01	2.515574075492953976e-01	1.505214305984496348e-01	7.131374931128652006e-02	2.895534959108620257e-02	7.516149267015144464e-02
1.145100209572205586e+03	2.564019614608331610e-01	1.657328695510139061e-01	2.517118248604489628e-01	1.506105462677098661e-01	7.134625042448143606e-02	2.897798281075018509e-02	7.521856462452036762e-02
1.146551540636302207e+03	2.561903862405455201e-01	1.655893099883632147e-01	2.518659735695392143e-01	1.506995114617443454e-01	7.137869107613942221e-02	2.900058746411611141e-02	7.527554019931012586e-02
1.148002871700398828e+03	2.559791895228504810e-01	1.654459753622831708e-01	2.520198541253550473e-01	1.507883264547408841e-01	7.141107142862403168e-02	2.902316354846978461e-02	7.533241955743454066e-02
1.149454202764495449e+03	2.557683705335974667e-01	1.653028654033115719e-01	2.521734669759777558e-01	1.508769915201755019e-01	7.144339164362330241e-02	2.904571106143138612e-02	7.538920286164094153e-02
1.150905533828591842e+03	2.555579285008141022e-01	1.651599798417309750e-01	2.523268125687815333e-01	1.509655069308169506e-01	7.147565188215365684e-02	2.906823000095274528e-02	7.544589027450800123e-02
1.152356864892688463e+03	2.553478626546967223e-01	1.650173184075734989e-01	2.524798913504345821e-01	1.510538729587315165e-01	7.150785230456352393e-02	2.909072036531464012e-02	7.550248195844352916e-02
1.153808195956785084e+03	2.551381722276012121e-01	1.648748808306259306e-01	2.526327037668999465e-01	1.511420898752873498e-01	7.153999307053707235e-02	2.911318215312410501e-02	7.555897807568238977e-02
1.155259527020881706e+03	2.549288564540336810e-01	1.647326668404346106e-01	2.527852502634364007e-01	1.512301579511590999e-01	7.157207433909797134e-02	2.913561536331177315e-02	7.561537878828442083e-02
1.156710858084978327e+03	2.547199145706413037e-01	1.645906761663103735e-01	2.529375312845993373e-01	1.513180774563322728e-01	7.160409626861298504e-02	2.915801999512922238e-02	7.567168425813243504e-02
1.158162189149074720e+03	2.545113458162032161e-01	1.644489085373334047e-01	2.530895472742413777e-01	1.514058486601075892e-01	7.163605901679566401e-02	2.918039604814634189e-02	7.572789464693026329e-02
1.159613520213171569e+03	2.543031494316213559e-01	1.643073636823579875e-01	2.532412986755137596e-01	1.514934718311053696e-01	7.166796274070993955e-02	2.920274352224872319e-02	7.578401011620078398e-02
1.161064851277267962e+03	2.540953246599113036e-01	1.641660413300173316e-01	2.533927859308666153e-01	1.515809472372698086e-01	7.169980759677377358e-02	2.922506241763506499e-02	7.584003082728409117e-02
1.162516182341364356e+03	2.538878707461934003e-01	1.640249412087283476e-01	2.535440094820502477e-01	1.516682751458730549e-01	7.173159374076268358e-02	2.924735273481459535e-02	7.589595694133562109e-02
1.163967513405461204e+03	2.536807869376839220e-01	1.638840630466963932e-01	2.536949697701158524e-01	1.517554558235194861e-01	7.176332132781336470e-02	2.926961447460451129e-02	7.595178861932436187e-02
1.165418844469557826e+03	2.534740724836860304e-01	1.637434065719198528e-01	2.538456672354164612e-01	1.518424895361497606e-01	7.179499051242717311e-02	2.929184763812743911e-02	7.600752602203109110e-02
1.166870175533654447e+03	2.532677266355810031e-01	1.636029715121947725e-01	2.539961023176078303e-01	1.519293765490449533e-01	7.182660144847363703e-02	2.931405222680891903e-02	7.606316931004669657e-02
1.168321506597751068e+03	2.530617486468193511e-01	1.634627575951196621e-01	2.541462754556490511e-01	1.520161171268303579e-01	7.185815428919399561e-02	2.933622824237488644e-02	7.611871864377045549e-02
1.169772837661847461e+03	2.528561377729121595e-01	1.633227645480998524e-01	2.542961870878038266e-01	1.521027115334797342e-01	7.188964918720462671e-02	2.935837568684918422e-02	7.617417418340839685e-02
1.171224168725944082e+03	2.526508932714224831e-01	1.631829920983520477e-01	2.544458376516409714e-01	1.521891600323188876e-01	7.192108629450050250e-02	2.938049456255110645e-02	7.622953608897174715e-02
1.172675499790040703e+03	2.524460144019564090e-01	1.630434399729089601e-01	2.545952275840356327e-01	1.522754628860297776e-01	7.195246576245865888e-02	2.940258487209291768e-02	7.628480452027537606e-02
1.174126830854137097e+03	2.522415004261548410e-01	1.629041078986236124e-01	2.547443573211699008e-01	1.523616203566542371e-01	7.198378774184152618e-02	2.942464661837743828e-02	7.633997963693617272e-02
1.175578161918233945e+03	2.520373506076846737e-01	1.627649956021739730e-01	2.548932272985337533e-01	1.524476327055976910e-01	7.201505238280038468e-02	2.944667980459561227e-02	7.639506159837168575e-02
1.177029492982330339e+03	2.518335642122302986e-01	1.626261028100671746e-01	2.550418379509260536e-01	1.525335001936328483e-01	7.204625983487868146e-02	2.946868443422410652e-02	7.645005056379856889e-02
1.178480824046426733e+03	2.516301405074855002e-01	1.624874292486438443e-01	2.551901897124552732e-01	1.526192230809035322e-01	7.207741024701538879e-02	2.949066051102292030e-02	7.650494669223126265e-02
1.179932155110523581e+03	2.514270787631445736e-01	1.623489746440826831e-01	2.553382830165404349e-01	1.527048016269281494e-01	7.210850376754833480e-02	2.951260803903301908e-02	7.655975014248055099e-02
1.181383486174620202e+03	2.512243782508943313e-01	1.622107387224045461e-01	2.554861182959118349e-01	1.527902360906032431e-01	7.213954054421750639e-02	2.953452702257397880e-02	7.661446107315220133e-02
1.182834817238716823e+03	2.510220382444057208e-01	1.620727212094767167e-01	2.556336959826123745e-01	1.528755267302072396e-01	7.217052072416828279e-02	2.955641746624164401e-02	7.666907964264572939e-02
1.184286148302813444e+03	2.508200580193253870e-01	1.619349218310172367e-01	2.557810165079977827e-01	1.529606738034036684e-01	7.220144445395478006e-02	2.957827937490580678e-02	7.672360600915303919e-02
1.185737479366910065e+03	2.506184368532676787e-01	1.617973403125989584e-01	2.559280803027380591e-01	1.530456775672447978e-01	7.223231187954302912e-02	2.960011275370789952e-02	7.677804033065722955e-02
1.187188810431006686e+03	2.504171740258063772e-01	1.616599763796539579e-01	2.560748877968180848e-01	1.531305382781750213e-01	7.226312314631419542e-02	2.962191760805871904e-02	7.683238276493135899e-02
1.188640141495103080e+03	2.502162688184665362e-01	1.615228297574773930e-01	2.562214394195385103e-01	1.532152561920340772e-01	7.229387839906777080e-02	2.964369394363612631e-02	7.688663346953721056e-02
1.190091472559199701e+03	2.500157205147166550e-01	1.613859001712317498e-01	2.563677355995166995e-01	1.532998315640606291e-01	7.232457778202486254e-02	2.966544176638280517e-02	7.694079260182422331e-02
1.191542803623296322e+03	2.498155283999602128e-01	1.612491873459508673e-01	2.565137767646876177e-01	1.533842646488953465e-01	7.235522143883117707e-02	2.968716108250402455e-02	7.699486031892836813e-02
1.192994134687392716e+03	2.496156917615280912e-01	1.611126910065439621e-01	2.566595633423046086e-01	1.534685557005842638e-01	7.238580951256030904e-02	2.970885189846540417e-02	7.704883677777095430e-02
1.194445465751489564e+03	2.494162098886704426e-01	1.609764108777997360e-01	2.568050957589403382e-01	1.535527049725818605e-01	7.241634214571678052e-02	2.973051422099069058e-02	7.710272213505768579e-02
1.195896796815585958e+03	2.492170820725488900e-01	1.608403466843902063e-01	2.569503744404876833e-01	1.536367127177544201e-01	7.244681948023917739e-02	2.975214805705958185e-02	7.715651654727752329e-02
1.197348127879682352e+03	2.490183076062285061e-01	1.607044981508747306e-01	2.570953998121607298e-01	1.537205791883830275e-01	7.247724165750320247e-02	2.977375341390553487e-02	7.721022017070175436e-02
1.198799458943779200e+03	2.488198857846702361e-01	1.605688650017039198e-01	2.572401722984953287e-01	1.538043046361666499e-01	7.250760881832478411e-02	2.979533029901359348e-02	7.726383316138298041e-02
1.200250790007875821e+03	2.486218159047229037e-01	1.604334469612234415e-01	2.573846923233502615e-01	1.538878893122253011e-01	7.253792110296310158e-02	2.981687872011825821e-02	7.731735567515417296e-02
1.201702121071972442e+03	2.484240972651156898e-01	1.602982437536779881e-01	2.575289603099081281e-01	1.539713334671030942e-01	7.256817865112356880e-02	2.983839868520133179e-02	7.737078786762770222e-02
1.203153452136069063e+03	2.482267291664503328e-01	1.601632551032149410e-01	2.576729766806760136e-01	1.540546373507710454e-01	7.259838160196090129e-02	2.985989020248980275e-02	7.742412989419449054e-02
1.204604783200165684e+03	2.480297109111935516e-01	1.600284807338883952e-01	2.578167418574864866e-01	1.541378012126301544e-01	7.262853009408205829e-02	2.988135328045373948e-02	7.747738191002313812e-02
1.206056114264262078e+03	2.478330418036694127e-01	1.598939203696626565e-01	2.579602562614985439e-01	1.542208253015143748e-01	7.265862426554926812e-02	2.990278792780420164e-02	7.753054407005903481e-02
1.207507445328358699e+03	2.476367211500518639e-01	1.597595737344161548e-01	2.581035203131984423e-01	1.543037098656933892e-01	7.268866425388294250e-02	2.992419415349115847e-02	7.758361652902358296e-02
1.208958776392455093e+03	2.474407482583570739e-01	1.596254405519451081e-01	2.582465344324004763e-01	1.543864551528754958e-01	7.271865019606457703e-02	2.994557196670142446e-02	7.763659944141335090e-02
1.210410107456551941e+03	2.472451224384361324e-01	1.594915205459670748e-01	2.583892990382480881e-01	1.544690614102104953e-01	7.274858222853974876e-02	2.996692137685661589e-02	7.768949296149933736e-02
1.211861438520648335e+03	2.470498430019675007e-01	1.593578134401247848e-01	2.585318145492144781e-01	1.545515288842924384e-01	7.277846048722091954e-02	2.998824239361112115e-02	7.774229724332618052e-02
1.213312769584745183e+03	2.468549092624497676e-01	1.592243189579896634e-01	2.586740813831037711e-01	1.546338578211623183e-01	7.280828510749039195e-02	3.000953502685006422e-02	7.779501244071145016e-02
1.214764100648841804e+03	2.466603205351940442e-01	1.590910368230653849e-01	2.588160999570516263e-01	1.547160484663109292e-01	7.283805622420314041e-02	3.003079928668731663e-02	7.784763870724492607e-02
1.216215431712937971e+03	2.464660761373170250e-01	1.589579667587914247e-01	2.589578706875262926e-01	1.547981010646814759e-01	7.286777397168962833e-02	3.005203518346349217e-02	7.790017619628797352e-02
1.217666762777034819e+03	2.462721753877334663e-01	1.588251084885466680e-01	2.590993939903295518e-01	1.548800158606722099e-01	7.289743848375872248e-02	3.007324272774397622e-02	7.795262506097276611e-02
1.219118093841131440e+03	2.460786176071489972e-01	1.586924617356528788e-01	2.592406702805972740e-01	1.549617930981391223e-01	7.292704989370037139e-02	3.009442193031695856e-02	7.800498545420175844e-02
1.220569424905228061e+03	2.458854021180530425e-01	1.585600262233781144e-01	2.593816999728006945e-01	1.550434330203985522e-01	7.295660833428850578e-02	3.011557280219148702e-02	7.805725752864699218e-02
1.222020755969324682e+03	2.456925282447115222e-01	1.584278016749402496e-01	2.595224834807469683e-01	1.551249358702297687e-01	7.298611393778375867e-02	3.013669535459552462e-02	7.810944143674952711e-02
1.223472087033421303e+03	2.454999953131599411e-01	1.582957878135103358e-01	2.596630212175803920e-01	1.552063018898774960e-01	7.301556683593624086e-02	3.015778959897402398e-02	7.816153733071885823e-02
1.224923418097517697e+03	2.453078026511961440e-01	1.581639843622160424e-01	2.598033135957830142e-01	1.552875313210544117e-01	7.304496715998826106e-02	3.017885554698702955e-02	7.821354536253237455e-02
1.226374749161614318e+03	2.451159495883734329e-01	1.580323910441450153e-01	2.599433610271754680e-01	1.553686244049437004e-01	7.307431504067708750e-02	3.019989321050776943e-02	7.826546568393476233e-02
1.227826080225710712e+03	2.449244354559934611e-01	1.579010075823481518e-01	2.600831639229182479e-01	1.554495813822014127e-01	7.310361060823762636e-02	3.022090260162077144e-02	7.831729844643756100e-02
1.229277411289807560e+03	2.447332595870993777e-01	1.577698336998429041e-01	2.602227226935121540e-01	1.555304024929590745e-01	7.313285399240510021e-02	3.024188373262000351e-02	7.836904380131858028e-02
1.230728742353903954e+03	2.445424213164688332e-01	1.576388691196167202e-01	2.603620377487994575e-01	1.556110879768259347e-01	7.316204532241774028e-02	3.026283661600701058e-02	7.842070189962149773e-02
1.232180073418000802e+03	2.443519199806071795e-01	1.575081135646300701e-01	2.605011094979645669e-01	1.556916380728914362e-01	7.319118472701943712e-02	3.028376126448906885e-02	7.847227289215534529e-02
1.233631404482097196e+03	2.441617549177406143e-01	1.573775667578199144e-01	2.606399383495351385e-01	1.557720530197275743e-01	7.322027233446239125e-02	3.030465769097734699e-02	7.852375692949406516e-02
1.235082735546193817e+03	2.439719254678094085e-01	1.572472284221027305e-01	2.607785247113826865e-01	1.558523330553912289e-01	7.324930827250974996e-02	3.032552590858510200e-02	7.857515416197609348e-02
1.236534066610290438e+03	2.437824309724610783e-01	1.571170982803777594e-01	2.609168689907238603e-01	1.559324784174263567e-01	7.327829266843814693e-02	3.034636593062586818e-02	7.862646473970393013e-02
1.237985397674387059e+03	2.435932707750436688e-01	1.569871760555301143e-01	2.610549715941209437e-01	1.560124893428664894e-01	7.330722564904036676e-02	3.036717777061165996e-02	7.867768881254379176e-02
1.239436728738483680e+03	2.434044442205991476e-01	1.568574614704339731e-01	2.611928329274827987e-01	1.560923660682368708e-01	7.333610734062788461e-02	3.038796144225119206e-02	7.872882653012516774e-02
1.240888059802580301e+03	2.432159506558566331e-01	1.567279542479556309e-01	2.613304533960660314e-01	1.561721088295566495e-01	7.336493786903343362e-02	3.040871695944811701e-02	7.877987804184052867e-02
1.242339390866676695e+03	2.430277894292259266e-01	1.565986541109566643e-01	2.614678334044754915e-01	1.562517178623411551e-01	7.339371735961357224e-02	3.042944433629926268e-02	7.883084349684488235e-02
1.243790721930773088e+03	2.428399598907907686e-01	1.564695607822968182e-01	2.616049733566654933e-01	1.563311934016041738e-01	7.342244593725118229e-02	3.045014358709289756e-02	7.888172304405555169e-02
1.245242052994869937e+03	2.426524613923025098e-01	1.563406739848372251e-01	2.617418736559404824e-01	1.564105356818599468e-01	7.345112372635798081e-02	3.047081472630698562e-02	7.893251683215178616e-02
1.246693384058966330e+03	2.424652932871732836e-01	1.562119934414432643e-01	2.618785347049559231e-01	1.564897449371253635e-01	7.347975085087703195e-02	3.049145776860748280e-02	7.898322500957449810e-02
1.248144715123063179e+03	2.422784549304698998e-01	1.560835188749875591e-01	2.620149569057193539e-01	1.565688214009222090e-01	7.350832743428524496e-02	3.051207272884661620e-02	7.903384772452597129e-02
1.249596046187159800e+03	2.420919456789071000e-01	1.559552500083530302e-01	2.621511406595910532e-01	1.566477653062790520e-01	7.353685359959577506e-02	3.053265962206119788e-02	7.908438512496956951e-02
1.251047377251256421e+03	2.419057648908414238e-01	1.558271865644357268e-01	2.622870863672850383e-01	1.567265768857335206e-01	7.356532946936057693e-02	3.055321846347093875e-02	7.913483735862948676e-02
1.252498708315352815e+03	2.417199119262645746e-01	1.556993282661477129e-01	2.624227944288700098e-01	1.568052563713342729e-01	7.359375516567276398e-02	3.057374926847677976e-02	7.918520457299056681e-02
1.253950039379449436e+03	2.415343861467972586e-01	1.555716748364200930e-01	2.625582652437700171e-01	1.568838039946429952e-01	7.362213081016903693e-02	3.059425205265922654e-02	7.923548691529798405e-02
1.255401370443546057e+03	2.413491869156828840e-01	1.554442259982056762e-01	2.626934992107656797e-01	1.569622199867365120e-01	7.365045652403214016e-02	3.061472683177670490e-02	7.928568453255706305e-02
1.256852701507642678e+03	2.411643135977811492e-01	1.553169814744819743e-01	2.628284967279945761e-01	1.570405045782087006e-01	7.367873242799317934e-02	3.063517362176392672e-02	7.933579757153309819e-02
1.258304032571739299e+03	2.409797655595619925e-01	1.551899409882539771e-01	2.629632581929525759e-01	1.571186579991724619e-01	7.370695864233407779e-02	3.065559243873025932e-02	7.938582617875114544e-02
1.259755363635835920e+03	2.407955421690993192e-01	1.550631042625567890e-01	2.630977840024946723e-01	1.571966804792618022e-01	7.373513528688986629e-02	3.067598329895812256e-02	7.943577050049588362e-02
1.261206694699932314e+03	2.406116427960647841e-01	1.549364710204587103e-01	2.632320745528355377e-01	1.572745722476335817e-01	7.376326248105111172e-02	3.069634621890137208e-02	7.948563068281135069e-02
1.262658025764028707e+03	2.404280668117217135e-01	1.548100409850635961e-01	2.633661302395506887e-01	1.573523335329695960e-01	7.379134034376617912e-02	3.071668121518372069e-02	7.953540687150094379e-02
1.264109356828125556e+03	2.402448135889189984e-01	1.546838138795138817e-01	2.634999514575773194e-01	1.574299645634783251e-01	7.381936899354356318e-02	3.073698830459715287e-02	7.958509921212715554e-02
1.265560687892221949e+03	2.400618825020850444e-01	1.545577894269931363e-01	2.636335386012150783e-01	1.575074655668969870e-01	7.384734854845424745e-02	3.075726750410036001e-02	7.963470785001149077e-02
1.267012018956318798e+03	2.398792729272216928e-01	1.544319673507287827e-01	2.637668920641271231e-01	1.575848367704932029e-01	7.387527912613392478e-02	3.077751883081717918e-02	7.968423293023436937e-02
1.268463350020415419e+03	2.396969842418982255e-01	1.543063473739947067e-01	2.639000122393408976e-01	1.576620784010669962e-01	7.390316084378534267e-02	3.079774230203504576e-02	7.973367459763498755e-02
1.269914681084511813e+03	2.395150158252455086e-01	1.541809292201139214e-01	2.640328995192489647e-01	1.577391906849525682e-01	7.393099381818050986e-02	3.081793793520346686e-02	7.978303299681124838e-02
1.271366012148608434e+03	2.393333670579498307e-01	1.540557126124612319e-01	2.641655542956099501e-01	1.578161738480200749e-01	7.395877816566297225e-02	3.083810574793248785e-02	7.983230827211969249e-02
1.272817343212705055e+03	2.391520373222472129e-01	1.539306972744657054e-01	2.642979769595493744e-01	1.578930281156774029e-01	7.398651400215004725e-02	3.085824575799117966e-02	7.988150056767540086e-02
1.274268674276801676e+03	2.389710260019173860e-01	1.538058829296132524e-01	2.644301679015605422e-01	1.579697537128720297e-01	7.401420144313504423e-02	3.087835798330613307e-02	7.993061002735196707e-02
1.275720005340898297e+03	2.387903324822781004e-01	1.536812693014492914e-01	2.645621275115054294e-01	1.580463508640926884e-01	7.404184060368947107e-02	3.089844244195997722e-02	7.997963679478138632e-02
1.277171336404994690e+03	2.386099561501791033e-01	1.535568561135811638e-01	2.646938561786157385e-01	1.581228197933711443e-01	7.406943159846525460e-02	3.091849915218989123e-02	8.002858101335408314e-02
1.278622667469091539e+03	2.384298963939965044e-01	1.534326430896806315e-01	2.648253542914933978e-01	1.581991607242839160e-01	7.409697454169686393e-02	3.093852813238612623e-02	8.007744282621882814e-02
1.280073998533187932e+03	2.382501526036270578e-01	1.533086299534864583e-01	2.649566222381118386e-01	1.582753738799540233e-01	7.412446954720355863e-02	3.095852940109055165e-02	8.012622237628279354e-02
1.281525329597284326e+03	2.380707241704822785e-01	1.531848164288067415e-01	2.650876604058165498e-01	1.583514594830525701e-01	7.415191672839147041e-02	3.097850297699520153e-02	8.017491980621144210e-02
1.282976660661381175e+03	2.378916104874829185e-01	1.530612022395214378e-01	2.652184691813261885e-01	1.584274177558005203e-01	7.417931619825576806e-02	3.099844887894083814e-02	8.022353525842861044e-02
1.284427991725477568e+03	2.377128109490531938e-01	1.529377871095847496e-01	2.653490489507332462e-01	1.585032489199702799e-01	7.420666806938280846e-02	3.101836712591551914e-02	8.027206887511648126e-02
1.285879322789574417e+03	2.375343249511151777e-01	1.528145707630275130e-01	2.654794000995051029e-01	1.585789531968874178e-01	7.423397245395225996e-02	3.103825773705318203e-02	8.032052079821559720e-02
1.287330653853671038e+03	2.373561518910832224e-01	1.526915529239595837e-01	2.656095230124849160e-01	1.586545308074322203e-01	7.426122946373918399e-02	3.105812073163220777e-02	8.036889116942488864e-02
1.288781984917767431e+03	2.371782911678584904e-01	1.525687333165722526e-01	2.657394180738922307e-01	1.587299819720413840e-01	7.428843921011607510e-02	3.107795612907406427e-02	8.041718013020172917e-02
1.290233315981864052e+03	2.370007421818231264e-01	1.524461116651404657e-01	2.658690856673242564e-01	1.588053069107095150e-01	7.431560180405503979e-02	3.109776394894188389e-02	8.046538782176196336e-02
