1.001418434226643626e+03	2.793868828721969289e-01	1.810785878929978276e-01	2.350251594539498612e-01	1.410162402414547600e-01	6.782202732996021888e-02	2.659310649270746341e-02	6.907799571648816361e-02
1.002869765290740247e+03	2.791339341405705832e-01	1.809112002625505866e-01	2.352079731182317168e-01	1.411215828609736767e-01	6.786150508276496407e-02	2.661846335766470534e-02	6.914534117699899785e-02
1.004321096354836754e+03	2.788814526745448941e-01	1.807440623325279327e-01	2.353904706677311109e-01	1.412267432922684196e-01	6.790090235319254375e-02	2.664379481523915585e-02	6.921257386425110070e-02
1.005772427418933376e+03	2.786294374140109720e-01	1.805771739027831890e-01	2.355726526261609222e-01	1.413317219192220253e-01	6.794021939282222922e-02	2.666910080943608180e-02	6.927969393531972775e-02
1.007223758483029997e+03	2.783778873025056777e-01	1.804105347720036667e-01	2.357545195164391927e-01	1.414365191239909669e-01	6.797945645204794829e-02	2.669438128499033655e-02	6.934670154777736184e-02
1.008675089547126618e+03	2.781268012871927486e-01	1.802441447377226835e-01	2.359360718606900165e-01	1.415411352870243888e-01	6.801861378008526582e-02	2.671963618736099277e-02	6.941359685967901649e-02
1.010126420611223239e+03	2.778761783188437029e-01	1.800780035963318315e-01	2.361173101802442054e-01	1.416455707870830083e-01	6.805769162497835034e-02	2.674486546272601337e-02	6.948038002954794179e-02
1.011577751675319632e+03	2.776260173518190211e-01	1.799121111430929398e-01	2.362982349956400385e-01	1.417498260012577393e-01	6.809669023360680196e-02	2.677006905797695707e-02	6.954705121636151066e-02
1.013029082739416367e+03	2.773763173440492724e-01	1.797464671721501206e-01	2.364788468266240118e-01	1.418539013049880393e-01	6.813560985169248019e-02	2.679524692071371880e-02	6.961361057953725784e-02
1.014480413803512761e+03	2.771270772570167407e-01	1.795810714765414817e-01	2.366591461921515871e-01	1.419577970720800331e-01	6.817445072380634574e-02	2.682039899923929771e-02	6.968005827891940451e-02
1.015931744867609382e+03	2.768782960557366613e-01	1.794159238482109786e-01	2.368391336103878031e-01	1.420615136747243046e-01	6.821321309337519123e-02	2.684552524255461037e-02	6.974639447476538301e-02
1.017383075931706003e+03	2.766299727087387361e-01	1.792510240780200992e-01	2.370188095987083299e-01	1.421650514835133550e-01	6.825189720268827476e-02	2.687062560035334904e-02	6.981261932773272227e-02
1.018834406995802851e+03	2.763821061880493146e-01	1.790863719557594380e-01	2.371981746736999408e-01	1.422684108674590331e-01	6.829050329290409227e-02	2.689570002301684692e-02	6.987873299886611378e-02
1.020285738059899245e+03	2.761346954691730748e-01	1.789219672701602426e-01	2.373772293511613451e-01	1.423715921940094387e-01	6.832903160405691401e-02	2.692074846160900578e-02	6.994473564958476886e-02
1.021737069123995752e+03	2.758877395310747049e-01	1.787578098089057377e-01	2.375559741461039653e-01	1.424745958290657422e-01	6.836748237506341808e-02	2.694577086787123751e-02	7.001062744166994256e-02
1.023188400188092373e+03	2.756412373561614171e-01	1.785938993586425327e-01	2.377344095727527140e-01	1.425774221369987826e-01	6.840585584372918526e-02	2.697076719421745775e-02	7.007640853725267960e-02
1.024639731252188767e+03	2.753951879302648509e-01	1.784302357049918908e-01	2.379125361445467157e-01	1.426800714806652215e-01	6.844415224675520770e-02	2.699573739372909328e-02	7.014207909880181002e-02
1.026091062316285615e+03	2.751495902426237539e-01	1.782668186325607751e-01	2.380903543741400563e-01	1.427825442214236684e-01	6.848237181974431431e-02	2.702068142015014857e-02	7.020763928911211149e-02
1.027542393380382237e+03	2.749044432858659959e-01	1.781036479249531457e-01	2.382678647734025601e-01	1.428848407191504466e-01	6.852051479720765170e-02	2.704559922788228252e-02	7.027308927129276295e-02
1.028993724444478858e+03	2.746597460559914716e-01	1.779407233647807285e-01	2.384450678534206225e-01	1.429869613322551913e-01	6.855858141257098470e-02	2.707049077197992357e-02	7.033842920875590932e-02
1.030445055508575479e+03	2.744154975523547257e-01	1.777780447336740344e-01	2.386219641244979039e-01	1.430889064176962266e-01	6.859657189818103851e-02	2.709535600814544018e-02	7.040365926520546214e-02
1.031896386572671872e+03	2.741716967776475777e-01	1.776156118122932670e-01	2.387985540961561071e-01	1.431906763309955255e-01	6.863448648531182694e-02	2.712019489272430098e-02	7.046877960462619161e-02
1.033347717636768493e+03	2.739283427378822466e-01	1.774534243803389533e-01	2.389748382771358370e-01	1.432922714262537811e-01	6.867232540417085584e-02	2.714500738270031813e-02	7.053379039127281869e-02
1.034799048700865114e+03	2.736854344423741980e-01	1.772914822165626292e-01	2.391508171753972400e-01	1.433936920561649786e-01	6.871008888390536806e-02	2.716979343569088032e-02	7.059869178965950953e-02
1.036250379764961508e+03	2.734429709037253242e-01	1.771297850987775258e-01	2.393264912981208636e-01	1.434949385720309112e-01	6.874777715260849131e-02	2.719455300994224126e-02	7.066348396454938396e-02
1.037701710829058356e+03	2.732009511378072908e-01	1.769683328038689496e-01	2.395018611517084617e-01	1.435960113237753633e-01	6.878539043732539993e-02	2.721928606432483938e-02	7.072816708094434301e-02
1.039153041893154750e+03	2.729593741637447724e-01	1.768071251078049133e-01	2.396769272417838270e-01	1.436969106599581825e-01	6.882292896405935168e-02	2.724399255832863839e-02	7.079274130407503529e-02
1.040604372957251599e+03	2.727182390038988546e-01	1.766461617856462663e-01	2.398516900731933188e-01	1.437976369277890742e-01	6.886039295777778013e-02	2.726867245205849902e-02	7.085720679939096212e-02
1.042055704021347992e+03	2.724775446838506587e-01	1.764854426115571306e-01	2.400261501500069450e-01	1.438981904731413408e-01	6.889778264241833150e-02	2.729332570622960280e-02	7.092156373255081858e-02
1.043507035085444613e+03	2.722372902323850208e-01	1.763249673588149491e-01	2.402003079755190007e-01	1.439985716405651761e-01	6.893509824089479043e-02	2.731795228216288632e-02	7.098581226941298727e-02
1.044958366149541234e+03	2.719974746814744493e-01	1.761647357998208374e-01	2.403741640522489564e-01	1.440987807733009329e-01	6.897233997510303360e-02	2.734255214178050314e-02	7.104995257602617076e-02
1.046409697213637855e+03	2.717580970662625273e-01	1.760047477061093824e-01	2.405477188819421519e-01	1.441988182132922236e-01	6.900950806592698328e-02	2.736712524760134824e-02	7.111398481862026000e-02
1.047861028277734476e+03	2.715191564250483691e-01	1.758450028483588279e-01	2.407209729655706287e-01	1.442986843011987153e-01	6.904660273324440822e-02	2.739167156273656853e-02	7.117790916359732767e-02
1.049312359341831097e+03	2.712806517992705779e-01	1.756855009964008174e-01	2.408939268033339909e-01	1.443983793764088142e-01	6.908362419593276627e-02	2.741619105088513239e-02	7.124172577752277413e-02
1.050763690405927491e+03	2.710425822334912582e-01	1.755262419192302747e-01	2.410665808946600985e-01	1.444979037770521280e-01	6.912057267187499132e-02	2.744068367632943733e-02	7.130543482711666770e-02
1.052215021470024112e+03	2.708049467753805839e-01	1.753672253850151463e-01	2.412389357382059563e-01	1.445972578400117337e-01	6.915744837796529432e-02	2.746514940393091075e-02	7.136903647924519589e-02
1.053666352534120733e+03	2.705677444757008665e-01	1.752084511611061712e-01	2.414109918318584902e-01	1.446964419009364178e-01	6.919425153011479757e-02	2.748958819912567658e-02	7.143253090091235269e-02
1.055117683598217127e+03	2.703309743882915117e-01	1.750499190140462347e-01	2.415827496727352697e-01	1.447954562942525003e-01	6.923098234325729405e-02	2.751400002792022889e-02	7.149591825925169508e-02
1.056569014662313975e+03	2.700946355700531987e-01	1.748916287095802213e-01	2.417542097571855342e-01	1.448943013531756308e-01	6.926764103135484019e-02	2.753838485688715407e-02	7.155919872151825234e-02
1.058020345726410369e+03	2.698587270809326144e-01	1.747335800126641470e-01	2.419253725807908040e-01	1.449929774097223623e-01	6.930422780740339017e-02	2.756274265316086686e-02	7.162237245508068506e-02
1.059471676790506763e+03	2.696232479839074658e-01	1.745757726874747895e-01	2.420962386383657128e-01	1.450914847947217257e-01	6.934074288343837489e-02	2.758707338443337070e-02	7.168543962741345810e-02
1.060923007854603611e+03	2.693881973449712142e-01	1.744182064974188762e-01	2.422668084239589514e-01	1.451898238378263317e-01	6.937718647054019749e-02	2.761137701895007013e-02	7.174840040608926328e-02
1.062374338918700232e+03	2.691535742331181424e-01	1.742608812051424372e-01	2.424370824308539341e-01	1.452879948675235289e-01	6.941355877883979841e-02	2.763565352550559351e-02	7.181125495877146991e-02
1.063825669982796853e+03	2.689193777203284230e-01	1.741037965725398262e-01	2.426070611515697417e-01	1.453859982111463944e-01	6.944986001752405380e-02	2.765990287343963669e-02	7.187400345320682504e-02
1.065277001046893474e+03	2.686856068815532406e-01	1.739469523607629631e-01	2.427767450778618163e-01	1.454838341948845037e-01	6.948609039484129890e-02	2.768412503263286209e-02	7.193664605721825089e-02
1.066728332110990095e+03	2.684522607947001371e-01	1.737903483302303265e-01	2.429461347007228489e-01	1.455815031437945051e-01	6.952225011810665711e-02	2.770831997350279782e-02	7.199918293869775332e-02
1.068179663175086489e+03	2.682193385406181907e-01	1.736339842406357803e-01	2.431152305103836953e-01	1.456790053818106945e-01	6.955833939370741070e-02	2.773248766699979231e-02	7.206161426559944128e-02
1.069630994239183110e+03	2.679868392030838598e-01	1.734778598509577885e-01	2.432840329963139592e-01	1.457763412317552854e-01	6.959435842710835762e-02	2.775662808460296199e-02	7.212394020593278221e-02
1.071082325303279504e+03	2.677547618687862174e-01	1.733219749194679360e-01	2.434525426472231024e-01	1.458735110153485948e-01	6.963030742285709895e-02	2.778074119831619448e-02	7.218616092775587134e-02
1.072533656367376352e+03	2.675231056273126296e-01	1.731663292037398660e-01	2.436207599510611110e-01	1.459705150532190909e-01	6.966618658458929858e-02	2.780482698066416916e-02	7.224827659916885358e-02
1.073984987431472746e+03	2.672918695711347103e-01	1.730109224606578844e-01	2.437886853950193000e-01	1.460673536649133297e-01	6.970199611503394288e-02	2.782888540468840891e-02	7.231028738830749814e-02
1.075436318495569594e+03	2.670610527955937785e-01	1.728557544464256746e-01	2.439563194655312295e-01	1.461640271689056692e-01	6.973773621601846162e-02	2.785291644394334229e-02	7.237219346333688408e-02
1.076887649559666215e+03	2.668306543988872015e-01	1.727008249165748466e-01	2.441236626482734817e-01	1.462605358826079005e-01	6.977340708847402928e-02	2.787692007249241433e-02	7.243399499244516926e-02
1.078338980623762609e+03	2.666006734820540736e-01	1.725461336259733469e-01	2.442907154281665771e-01	1.463568801223787130e-01	6.980900893244054717e-02	2.790089626490422151e-02	7.249569214383756732e-02
1.079790311687859230e+03	2.663711091489614491e-01	1.723916803288340349e-01	2.444574782893757237e-01	1.464530602035330198e-01	6.984454194707183372e-02	2.792484499624865377e-02	7.255728508573032476e-02
1.081241642751955851e+03	2.661419605062905758e-01	1.722374647787229263e-01	2.446239517153116494e-01	1.465490764403512003e-01	6.988000633064070377e-02	2.794876624209307464e-02	7.261877398634483671e-02
1.082692973816052472e+03	2.659132266635230724e-01	1.720834867285676029e-01	2.447901361886315463e-01	1.466449291460882598e-01	6.991540228054393680e-02	2.797265997849853955e-02	7.268015901390199873e-02
1.084144304880149093e+03	2.656849067329272729e-01	1.719297459306653730e-01	2.449560321912397920e-01	1.467406186329826279e-01	6.995072999330730068e-02	2.799652618201601759e-02	7.274144033661648912e-02
1.085595635944245487e+03	2.654569998295449040e-01	1.717762421366915704e-01	2.451216402042888931e-01	1.468361452122650956e-01	6.998598966459058934e-02	2.802036482968265144e-02	7.280261812269123167e-02
1.087046967008342108e+03	2.652295050711772073e-01	1.716229750977074919e-01	2.452869607081802072e-01	1.469315091941675033e-01	7.002118148919247997e-02	2.804417589901803815e-02	7.286369254031201115e-02
1.088498298072438729e+03	2.650024215783718939e-01	1.714699445641686415e-01	2.454519941825649143e-01	1.470267108879312612e-01	7.005630566105551515e-02	2.806795936802055150e-02	7.292466375764217190e-02
1.089949629136535123e+03	2.647757484744097667e-01	1.713171502859326123e-01	2.456167411063447659e-01	1.471217506018158983e-01	7.009136237327093233e-02	2.809171521516365400e-02	7.298553194281731660e-02
1.091400960200631971e+03	2.645494848852914527e-01	1.711645920122670805e-01	2.457812019576730012e-01	1.472166286431073612e-01	7.012635181808350715e-02	2.811544341939227129e-02	7.304629726394024081e-02
1.092852291264728365e+03	2.643236299397243028e-01	1.710122694918576325e-01	2.459453772139552075e-01	1.473113453181262300e-01	7.016127418689642459e-02	2.813914396011916313e-02	7.310695988907595089e-02
1.094303622328825213e+03	2.640981827691094019e-01	1.708601824728155638e-01	2.461092673518500418e-01	1.474059009322358782e-01	7.019612967027603900e-02	2.816281681722134639e-02	7.316751998624666797e-02
1.095754953392921607e+03	2.638731425075283021e-01	1.707083307026857899e-01	2.462728728472702855e-01	1.475002957898504385e-01	7.023091845795657873e-02	2.818646197103651455e-02	7.322797772342701239e-02
1.097206284457018228e+03	2.636485082917306433e-01	1.705567139284543121e-01	2.464361941753835106e-01	1.475945301944426302e-01	7.026564073884498940e-02	2.821007940235949890e-02	7.328833326853931296e-02
1.098657615521114849e+03	2.634242792611209416e-01	1.704053318965559893e-01	2.465992318106130232e-01	1.476886044485516691e-01	7.030029670102552752e-02	2.823366909243874359e-02	7.334858678944894406e-02
1.100108946585211470e+03	2.632004545577460441e-01	1.702541843528821153e-01	2.467619862266386965e-01	1.477825188537908452e-01	7.033488653176449279e-02	2.825723102297281533e-02	7.340873845395974595e-02
1.101560277649308091e+03	2.629770333262824722e-01	1.701032710427878569e-01	2.469244578963979420e-01	1.478762737108551273e-01	7.036941041751480774e-02	2.828076517610693744e-02	7.346878842980958391e-02
1.103011608713404712e+03	2.627540147140237092e-01	1.699525917110998319e-01	2.470866472920863199e-01	1.479698693195285741e-01	7.040386854392073623e-02	2.830427153442953078e-02	7.352873688466600444e-02
1.104462939777501106e+03	2.625313978708679885e-01	1.698021461021234357e-01	2.472485548851586223e-01	1.480633059786917449e-01	7.043826109582232431e-02	2.832775008096878946e-02	7.358858398612186380e-02
1.105914270841597499e+03	2.623091819493055254e-01	1.696519339596501974e-01	2.474101811463296219e-01	1.481565839863288880e-01	7.047258825726003539e-02	2.835120079918929115e-02	7.364832990169123406e-02
1.107365601905694348e+03	2.620873661044065828e-01	1.695019550269650510e-01	2.475715265455750158e-01	1.482497036395351575e-01	7.050685021147930220e-02	2.837462367298860047e-02	7.370797479880517034e-02
1.108816932969790741e+03	2.618659494938088694e-01	1.693522090468535801e-01	2.477325915521321753e-01	1.483426652345236074e-01	7.054104714093491213e-02	2.839801868669392798e-02	7.376751884480776955e-02
1.110268264033887590e+03	2.616449312777056613e-01	1.692026957616092619e-01	2.478933766345011447e-01	1.484354690666323251e-01	7.057517922729561466e-02	2.842138582505879599e-02	7.382696220695213196e-02
1.111719595097984211e+03	2.614243106188333665e-01	1.690534149130405450e-01	2.480538822604453353e-01	1.485281154303310092e-01	7.060924665144845125e-02	2.844472507325971830e-02	7.388630505239650315e-02
1.113170926162080832e+03	2.612040866824598684e-01	1.689043662424778158e-01	2.482141088969926357e-01	1.486206046192279639e-01	7.064324959350321009e-02	2.846803641689292855e-02	7.394554754820052700e-02
1.114622257226177226e+03	2.609842586363722017e-01	1.687555494907806153e-01	2.483740570104359668e-01	1.487129369260767053e-01	7.067718823279681151e-02	2.849131984197110501e-02	7.400468986132145710e-02
1.116073588290273847e+03	2.607648256508650619e-01	1.686069643983444943e-01	2.485337270663344755e-01	1.488051126427825666e-01	7.071106274789765167e-02	2.851457533492012669e-02	7.406373215861049297e-02
1.117524919354370468e+03	2.605457868987286485e-01	1.684586107051078419e-01	2.486931195295141450e-01	1.488971320604091098e-01	7.074487331660997413e-02	2.853780288257585715e-02	7.412267460680928288e-02
1.118976250418467089e+03	2.603271415552371182e-01	1.683104881505588790e-01	2.488522348640688497e-01	1.489889954691847040e-01	7.077862011597806091e-02	2.856100247218094218e-02	7.418151737254634337e-02
1.120427581482563710e+03	2.601088887981368725e-01	1.681625964737423484e-01	2.490110735333610492e-01	1.490807031585086595e-01	7.081230332229065949e-02	2.858417409138163875e-02	7.424026062233365919e-02
1.121878912546660331e+03	2.598910278076350111e-01	1.680149354132662864e-01	2.491696360000228427e-01	1.491722554169576109e-01	7.084592311108509066e-02	2.860731772822464741e-02	7.429890452256332489e-02
1.123330243610756725e+03	2.596735577663878414e-01	1.678675047073088233e-01	2.493279227259567188e-01	1.492636525322916241e-01	7.087947965715160614e-02	2.863043337115400017e-02	7.435744923950424190e-02
1.124781574674853118e+03	2.594564778594893872e-01	1.677203040936246503e-01	2.494859341723364432e-01	1.493548947914601910e-01	7.091297313453745477e-02	2.865352100900792412e-02	7.441589493929887111e-02
1.126232905738949967e+03	2.592397872744597875e-01	1.675733333095517363e-01	2.496436707996079751e-01	1.494459824806083637e-01	7.094640371655112909e-02	2.867658063101576060e-02	7.447424178796011041e-02
1.127684236803046360e+03	2.590234852012345823e-01	1.674265920920178230e-01	2.498011330674903829e-01	1.495369158850825830e-01	7.097977157576647322e-02	2.869961222679490165e-02	7.453248995136815824e-02
1.129135567867143209e+03	2.588075708321529445e-01	1.672800801775468915e-01	2.499583214349765936e-01	1.496276952894364520e-01	7.101307688402684615e-02	2.872261578634772647e-02	7.459063959526754384e-02
1.130586898931239830e+03	2.585920433619465775e-01	1.671337973022656853e-01	2.501152363603343365e-01	1.497183209774365642e-01	7.104631981244914629e-02	2.874559130005858304e-02	7.464869088526410179e-02
1.132038229995336451e+03	2.583769019877288908e-01	1.669877432019099828e-01	2.502718783011070869e-01	1.498087932320682214e-01	7.107950053142791935e-02	2.876853875869077662e-02	7.470664398682209939e-02
1.133489561059432845e+03	2.581621459089837312e-01	1.668419176118310643e-01	2.504282477141148711e-01	1.498991123355409016e-01	7.111261921063942448e-02	2.879145815338358255e-02	7.476449906526137779e-02
1.134940892123529466e+03	2.579477743275546131e-01	1.666963202670019017e-01	2.505843450554551266e-01	1.499892785692938935e-01	7.114567601904557559e-02	2.881434947564928337e-02	7.482225628575459031e-02
1.136392223187626087e+03	2.577337864476336171e-01	1.665509509020233758e-01	2.507401707805036462e-01	1.500792922140017360e-01	7.117867112489797976e-02	2.883721271737021627e-02	7.487991581332445468e-02
1.137843554251722708e+03	2.575201814757505647e-01	1.664058092511306042e-01	2.508957253439154100e-01	1.501691535495795204e-01	7.121160469574194796e-02	2.886004787079584147e-02	7.493747781284110232e-02
1.139294885315819101e+03	2.573069586207626380e-01	1.662608950481989922e-01	2.510510091996255300e-01	1.502588628551882743e-01	7.124447689842028364e-02	2.888285492853984518e-02	7.499494244901942774e-02
1.140746216379915950e+03	2.570941170938431664e-01	1.661162080267502839e-01	2.512060228008500817e-01	1.503484204092402354e-01	7.127728789907737672e-02	2.890563388357725999e-02	7.505230988641663215e-02
1.142197547444012343e+03	2.568816561084713568e-01	1.659717479199586398e-01	2.513607666000869378e-01	1.504378264894039030e-01	7.131003786316299220e-02	2.892838472924157134e-02	7.510958028942961440e-02
1.143648878508108737e+03	2.566695748804216359e-01	1.658275144606567719e-01	2.515152410491167667e-01	1.505270813726092005e-01	7.134272695543612819e-02	2.895110745922190032e-02	7.516675382229258406e-02
1.145100209572205586e+03	2.564578726277528808e-01	1.656835073813417158e-01	2.516694465990039209e-01	1.506161853350526103e-01	7.137535533996894332e-02	2.897380206756014834e-02	7.522383064907470218e-02
1.146551540636302207e+03	2.562465485707985380e-01	1.655397264141808267e-01	2.518233837000972697e-01	1.507051386522019198e-01	7.140792318015048989e-02	2.899646854864821113e-02	7.528081093367765264e-02
1.148002871700398828e+03	2.560356019321558541e-01	1.653961712910176074e-01	2.519770528020309763e-01	1.507939415988013565e-01	7.144043063869055799e-02	2.901910689722517200e-02	7.533769483983346338e-02
1.149454202764495449e+03	2.558250319366756065e-01	1.652528417433775376e-01	2.521304543537255527e-01	1.508825944488763060e-01	7.147287787762340860e-02	2.904171710837453665e-02	7.539448253110213327e-02
1.150905533828591842e+03	2.556148378114518338e-01	1.651097375024737912e-01	2.522835888033886365e-01	1.509710974757381141e-01	7.150526505831154844e-02	2.906429917752148540e-02	7.545117417086959211e-02
1.152356864892688463e+03	2.554050187858119547e-01	1.649668582992131205e-01	2.524364565985160458e-01	1.510594509519888329e-01	7.153759234144947687e-02	2.908685310043013575e-02	7.550776992234548013e-02
1.153808195956785084e+03	2.551955740913061654e-01	1.648242038642013241e-01	2.525890581858924455e-01	1.511476551495258003e-01	7.156985988706730806e-02	2.910937887320082934e-02	7.556426994856108026e-02
1.155259527020881706e+03	2.549865029616977252e-01	1.646817739277490200e-01	2.527413940115926239e-01	1.512357103395463587e-01	7.160206785453454570e-02	2.913187649226743614e-02	7.562067441236723642e-02
1.156710858084978327e+03	2.547778046329529644e-01	1.645395682198771969e-01	2.528934645209817145e-01	1.513236167925522957e-01	7.163421640256370515e-02	2.915434595439467952e-02	7.567698347643242451e-02
1.158162189149074720e+03	2.545694783432311814e-01	1.643975864703227374e-01	2.530452701587166398e-01	1.514113747783543407e-01	7.166630568921388000e-02	2.917678725667546824e-02	7.573319730324075405e-02
1.159613520213171569e+03	2.543615233328747061e-01	1.642558284085438858e-01	2.531968113687469435e-01	1.514989845660766332e-01	7.169833587189443358e-02	2.919920039652826663e-02	7.578931605509008074e-02
1.161064851277267962e+03	2.541539388443994074e-01	1.641142937637258548e-01	2.533480885943155125e-01	1.515864464241610254e-01	7.173030710736857940e-02	2.922158537169446124e-02	7.584533989409011911e-02
1.162516182341364356e+03	2.539467241224845351e-01	1.639729822647861268e-01	2.534991022779595204e-01	1.516737606203714395e-01	7.176221955175689227e-02	2.924394218023577616e-02	7.590126898216066620e-02
1.163967513405461204e+03	2.537398784139632268e-01	1.638318936403797832e-01	2.536498528615113712e-01	1.517609274217981141e-01	7.179407336054093036e-02	2.926627082053165352e-02	7.595710348102978349e-02
1.165418844469557826e+03	2.535334009678130718e-01	1.636910276189049440e-01	2.538003407860996985e-01	1.518479470948617960e-01	7.182586868856664919e-02	2.928857129127670697e-02	7.601284355223211775e-02
1.166870175533654447e+03	2.533272910351461182e-01	1.635503839285079031e-01	2.539505664921498096e-01	1.519348199053179305e-01	7.185760569004800979e-02	2.931084359147817509e-02	7.606848935710711079e-02
1.168321506597751068e+03	2.531215478691994369e-01	1.634099622970885679e-01	2.541005304193850733e-01	1.520215461182606864e-01	7.188928451857040658e-02	2.933308772045336438e-02	7.612404105679743127e-02
1.169772837661847461e+03	2.529161707253260172e-01	1.632697624523055668e-01	2.542502330068277527e-01	1.521081259981270362e-01	7.192090532709412287e-02	2.935530367782715477e-02	7.617949881224733710e-02
1.171224168725944082e+03	2.527111588609848858e-01	1.631297841215813560e-01	2.543996746927996710e-01	1.521945598087008078e-01	7.195246826795774486e-02	2.937749146352947732e-02	7.623486278420109341e-02
1.172675499790040703e+03	2.525065115357320034e-01	1.629900270321074096e-01	2.545488559149232111e-01	1.522808478131165155e-01	7.198397349288163105e-02	2.939965107779285089e-02	7.629013313320143208e-02
1.174126830854137097e+03	2.523022280112108828e-01	1.628504909108492715e-01	2.546977771101222587e-01	1.523669902738633286e-01	7.201542115297125679e-02	2.942178252114991191e-02	7.634531001958808072e-02
1.175578161918233945e+03	2.520983075511434301e-01	1.627111754845516622e-01	2.548464387146230914e-01	1.524529874527889572e-01	7.204681139872058659e-02	2.944388579443096149e-02	7.640039360349624997e-02
1.177029492982330339e+03	2.518947494213207294e-01	1.625720804797433916e-01	2.549948411639552104e-01	1.525388396111033995e-01	7.207814438001547419e-02	2.946596089876152985e-02	7.645538404485523187e-02
1.178480824046426733e+03	2.516915528895937726e-01	1.624332056227423549e-01	2.551429848929522293e-01	1.526245470093826606e-01	7.210942024613692380e-02	2.948800783555996508e-02	7.651028150338703981e-02
1.179932155110523581e+03	2.514887172258645220e-01	1.622945506396604176e-01	2.552908703357529840e-01	1.527101099075724999e-01	7.214063914576443470e-02	2.951002660653504958e-02	7.656508613860500689e-02
1.181383486174620202e+03	2.512862417020768069e-01	1.621561152564083841e-01	2.554384979258021438e-01	1.527955285649921779e-01	7.217180122697929023e-02	2.953201721368358887e-02	7.661979810981248140e-02
1.182834817238716823e+03	2.510841255922074966e-01	1.620178991987007155e-01	2.555858680958512097e-01	1.528808032403379258e-01	7.220290663726784686e-02	2.955397965928806617e-02	7.667441757610155006e-02
1.184286148302813444e+03	2.508823681722573973e-01	1.618799021920604431e-01	2.557329812779596256e-01	1.529659341916866089e-01	7.223395552352469828e-02	2.957591394591427975e-02	7.672894469635176129e-02
1.185737479366910065e+03	2.506809687202425363e-01	1.617421239618238582e-01	2.558798379034953330e-01	1.530509216764991687e-01	7.226494803205600614e-02	2.959782007640902532e-02	7.678337962922891780e-02
1.187188810431006686e+03	2.504799265161852251e-01	1.616045642331452870e-01	2.560264384031358254e-01	1.531357659516242586e-01	7.229588430858263637e-02	2.961969805389776458e-02	7.683772253318388312e-02
1.188640141495103080e+03	2.502792408421053438e-01	1.614672227310017805e-01	2.561727832068690924e-01	1.532204672733015471e-01	7.232676449824339271e-02	2.964154788178233191e-02	7.689197356645142978e-02
1.190091472559199701e+03	2.500789109820116263e-01	1.613300991801976947e-01	2.563188727439945080e-01	1.533050258971651869e-01	7.235758874559812537e-02	2.966336956373863062e-02	7.694613288704910126e-02
1.191542803623296322e+03	2.498789362218931664e-01	1.611931933053693811e-01	2.564647074431237184e-01	1.533894420782472012e-01	7.238835719463095064e-02	2.968516310371439176e-02	7.700020065277608794e-02
1.192994134687392716e+03	2.496793158497104814e-01	1.610565048309897662e-01	2.566102877321814191e-01	1.534737160709807591e-01	7.241906998875333179e-02	2.970692850592689810e-02	7.705417702121225565e-02
1.194445465751489564e+03	2.494800491553872956e-01	1.609200334813727651e-01	2.567556140384065211e-01	1.535578481292034225e-01	7.244972727080721542e-02	2.972866577486075676e-02	7.710806214971699379e-02
1.195896796815585958e+03	2.492811354308018257e-01	1.607837789806779438e-01	2.569006867883527612e-01	1.536418385061604774e-01	7.248032918306808459e-02	2.975037491526565797e-02	7.716185619542825780e-02
1.197348127879682352e+03	2.490825739697783425e-01	1.606477410529149052e-01	2.570455064078898122e-01	1.537256874545080698e-01	7.251087586724808132e-02	2.977205593215418583e-02	7.721555931526158378e-02
1.198799458943779200e+03	2.488843640680789282e-01	1.605119194219477852e-01	2.571900733222041158e-01	1.538093952263164255e-01	7.254136746449900419e-02	2.979370883079961521e-02	7.726917166590915875e-02
1.200250790007875821e+03	2.486865050233948993e-01	1.603763138114994713e-01	2.573343879557997704e-01	1.538929620730729586e-01	7.257180411541537535e-02	2.981533361673373295e-02	7.732269340383883527e-02
1.201702121071972442e+03	2.484889961353387022e-01	1.602409239451561551e-01	2.574784507324994753e-01	1.539763882456853528e-01	7.260218596003745195e-02	2.983693029574468331e-02	7.737612468529328491e-02
1.203153452136069063e+03	2.482918367054354758e-01	1.601057495463715508e-01	2.576222620754453074e-01	1.540596739944846416e-01	7.263251313785423768e-02	2.985849887387480653e-02	7.742946566628912397e-02
1.204604783200165684e+03	2.480950260371150018e-01	1.599707903384712804e-01	2.577658224070998316e-01	1.541428195692281511e-01	7.266278578780642483e-02	2.988003935741851205e-02	7.748271650261598364e-02
1.206056114264262078e+03	2.478985634357035173e-01	1.598360460446569542e-01	2.579091321492468225e-01	1.542258252191025802e-01	7.269300404828933637e-02	2.990155175292016562e-02	7.753587734983581614e-02
1.207507445328358699e+03	2.477024482084154988e-01	1.597015163880105837e-01	2.580521917229922080e-01	1.543086911927269156e-01	7.272316805715595134e-02	2.992303606717197292e-02	7.758894836328202038e-02
1.208958776392455093e+03	2.475066796643456968e-01	1.595672010914986338e-01	2.581950015487651240e-01	1.543914177381554009e-01	7.275327795171974976e-02	2.994449230721189792e-02	7.764192969805865097e-02
1.210410107456551941e+03	2.473112571144610305e-01	1.594330998779762698e-01	2.583375620463185807e-01	1.544740051028802574e-01	7.278333386875765476e-02	2.996592048032158118e-02	7.769482150903975204e-02
1.211861438520648335e+03	2.471161798715927893e-01	1.592992124701913537e-01	2.584798736347305170e-01	1.545564535338347645e-01	7.281333594451291913e-02	2.998732059402428596e-02	7.774762395086853850e-02
1.213312769584745183e+03	2.469214472504285551e-01	1.591655385907885523e-01	2.586219367324046892e-01	1.546387632773958687e-01	7.284328431469794252e-02	3.000869265608284431e-02	7.780033717795672987e-02
1.214764100648841804e+03	2.467270585675043482e-01	1.590320779623135006e-01	2.587637517570714474e-01	1.547209345793870705e-01	7.287317911449718577e-02	3.003003667449762742e-02	7.785296134448391192e-02
1.216215431712937971e+03	2.465330131411968551e-01	1.588988303072167707e-01	2.589053191257889575e-01	1.548029676850811998e-01	7.290302047857000201e-02	3.005135265750452991e-02	7.790549660439680113e-02
1.217666762777034819e+03	2.463393102917156297e-01	1.587657953478577300e-01	2.590466392549436447e-01	1.548848628392030802e-01	7.293280854105342603e-02	3.007264061357295751e-02	7.795794311140870347e-02
1.219118093841131440e+03	2.461459493410952659e-01	1.586329728065086764e-01	2.591877125602514154e-01	1.549666202859322217e-01	7.296254343556494992e-02	3.009390055140384254e-02	7.801030101899879277e-02
1.220569424905228061e+03	2.459529296131878484e-01	1.585003624053586135e-01	2.593285394567586000e-01	1.550482402689055128e-01	7.299222529520535407e-02	3.011513247992765596e-02	7.806257048041161106e-02
1.222020755969324682e+03	2.457602504336552363e-01	1.583679638665171641e-01	2.594691203588426198e-01	1.551297230312198294e-01	7.302185425256146889e-02	3.013633640830246097e-02	7.811475164865645804e-02
1.223472087033421303e+03	2.455679111299613471e-01	1.582357769120185109e-01	2.596094556802129860e-01	1.552110688154347273e-01	7.305143043970889483e-02	3.015751234591194929e-02	7.816684467650683588e-02
1.224923418097517697e+03	2.453759110313648295e-01	1.581038012638250889e-01	2.597495458339123542e-01	1.552922778635748291e-01	7.308095398821475019e-02	3.017866030236350181e-02	7.821884971649989415e-02
1.226374749161614318e+03	2.451842494689113194e-01	1.579720366438315537e-01	2.598893912323172461e-01	1.553733504171324886e-01	7.311042502914037733e-02	3.019978028748628029e-02	7.827076692093599963e-02
1.227826080225710712e+03	2.449929257754261402e-01	1.578404827738682792e-01	2.600289922871390491e-01	1.554542867170703169e-01	7.313984369304402100e-02	3.022087231132930540e-02	7.832259644187815339e-02
1.229277411289807560e+03	2.448019392855068366e-01	1.577091393757053261e-01	2.601683494094247928e-01	1.555350870038236522e-01	7.316921010998357622e-02	3.024193638415956231e-02	7.837433843115154675e-02
1.230728742353903954e+03	2.446112893355156526e-01	1.575780061710560509e-01	2.603074630095581488e-01	1.556157515173029748e-01	7.319852440951918338e-02	3.026297251646011335e-02	7.842599304034314489e-02
1.232180073418000802e+03	2.444209752635723154e-01	1.574470828815807688e-01	2.604463334972604294e-01	1.556962804968964054e-01	7.322778672071589279e-02	3.028398071892823840e-02	7.847756042080122896e-02
1.233631404482097196e+03	2.442309964095467079e-01	1.573163692288903071e-01	2.605849612815913652e-01	1.557766741814721190e-01	7.325699717214632922e-02	3.030496100247356134e-02	7.852904072363489640e-02
1.235082735546193817e+03	2.440413521150516796e-01	1.571858649345497516e-01	2.607233467709499375e-01	1.558569328093806494e-01	7.328615589189327317e-02	3.032591337821622518e-02	7.858043409971379734e-02
1.236534066610290438e+03	2.438520417234356918e-01	1.570555697200820555e-01	2.608614903730753776e-01	1.559370566184572482e-01	7.331526300755226988e-02	3.034683785748503240e-02	7.863174069966766266e-02
1.237985397674387059e+03	2.436630645797756844e-01	1.569254833069713140e-01	2.609993924950481659e-01	1.560170458460243825e-01	7.334431864623419672e-02	3.036773445181565126e-02	7.868296067388595716e-02
1.239436728738483680e+03	2.434744200308700812e-01	1.567956054166665669e-01	2.611370535432907536e-01	1.560969007288937616e-01	7.337332293456784449e-02	3.038860317294879432e-02	7.873409417251751863e-02
1.240888059802580301e+03	2.432861074252314904e-01	1.566659357705851852e-01	2.612744739235686176e-01	1.561766215033688621e-01	7.340227599870252639e-02	3.040944403282843517e-02	7.878514134547022485e-02
1.242339390866676695e+03	2.430981261130797377e-01	1.565364740901162566e-01	2.614116540409910927e-01	1.562562084052470657e-01	7.343117796431050670e-02	3.043025704360000777e-02	7.883610234241072989e-02
1.243790721930773088e+03	2.429104754463349281e-01	1.564072200966241388e-01	2.615485943000122049e-01	1.563356616698219070e-01	7.346002895658959586e-02	3.045104221760865440e-02	7.888697731276404779e-02
1.245242052994869937e+03	2.427231547786103671e-01	1.562781735114517345e-01	2.616852951044316145e-01	1.564149815318852943e-01	7.348882910026563464e-02	3.047179956739745968e-02	7.893776640571337211e-02
1.246693384058966330e+03	2.425361634652056231e-01	1.561493340559239884e-01	2.618217568573956711e-01	1.564941682257297018e-01	7.351757851959497825e-02	3.049252910570571240e-02	7.898846977019975679e-02
1.248144715123063179e+03	2.423495008630998093e-01	1.560207014513511625e-01	2.619579799613981907e-01	1.565732219851502793e-01	7.354627733836699433e-02	3.051323084546715692e-02	7.903908755492186633e-02
1.249596046187159800e+03	2.421631663309444793e-01	1.558922754190321114e-01	2.620939648182812332e-01	1.566521430434471285e-01	7.357492567990649157e-02	3.053390479980829658e-02	7.908961990833572597e-02
1.251047377251256421e+03	2.419771592290570206e-01	1.557640556802576681e-01	2.622297118292362672e-01	1.567309316334271896e-01	7.360352366707620386e-02	3.055455098204665557e-02	7.914006697865448581e-02
1.252498708315352815e+03	2.417914789194137160e-01	1.556360419563138087e-01	2.623652213948047263e-01	1.568095879874066290e-01	7.363207142227917723e-02	3.057516940568910657e-02	7.919042891384825422e-02
1.253950039379449436e+03	2.416061247656432209e-01	1.555082339684849824e-01	2.625004939148793959e-01	1.568881123372126152e-01	7.366056906746121236e-02	3.059576008443017775e-02	7.924070586164382035e-02
1.255401370443546057e+03	2.414210961330195970e-01	1.553806314380571652e-01	2.626355297887049134e-01	1.569665049141856228e-01	7.368901672411325154e-02	3.061632303215035961e-02	7.929089796952454305e-02
1.256852701507642678e+03	2.412363923884559003e-01	1.552532340863212457e-01	2.627703294148787116e-01	1.570447659491812642e-01	7.371741451327376571e-02	3.063685826291447784e-02	7.934100538473011499e-02
1.258304032571739299e+03	2.410520129004973255e-01	1.551260416345759674e-01	2.629048931913521292e-01	1.571228956725724546e-01	7.374576255553115522e-02	3.065736579097001757e-02	7.939102825425642385e-02
1.259755363635835920e+03	2.408679570393148783e-01	1.549990538041312038e-01	2.630392215154311319e-01	1.572008943142513271e-01	7.377406097102603977e-02	3.067784563074548582e-02	7.944096672485545518e-02
1.261206694699932314e+03	2.406842241766986301e-01	1.548722703163109837e-01	2.631733147837772013e-01	1.572787621036312034e-01	7.380230987945368692e-02	3.069829779684879120e-02	7.949082094303504264e-02
1.262658025764028707e+03	2.405008136860512513e-01	1.547456908924565444e-01	2.633071733924084445e-01	1.573564992696485643e-01	7.383050940006626039e-02	3.071872230406562723e-02	7.954059105505885408e-02
1.264109356828125556e+03	2.403177249423816830e-01	1.546193152539294402e-01	2.634407977367002052e-01	1.574341060407649651e-01	7.385865965167517921e-02	3.073911916735785552e-02	7.959027720694623886e-02
1.265560687892221949e+03	2.401349573222983924e-01	1.544931431221145401e-01	2.635741882113862289e-01	1.575115826449689505e-01	7.388676075265342147e-02	3.075948840186193758e-02	7.963987954447208917e-02
1.267012018956318798e+03	2.399525102040033497e-01	1.543671742184229700e-01	2.637073452105593852e-01	1.575889293097779975e-01	7.391481282093777250e-02	3.077983002288731812e-02	7.968939821316679828e-02
1.268463350020415419e+03	2.397703829672854225e-01	1.542414082642951656e-01	2.638402691276725553e-01	1.576661462622402921e-01	7.394281597403112860e-02	3.080014404591487412e-02	7.973883335831619124e-02
1.269914681084511813e+03	2.395885749935140474e-01	1.541158449812037035e-01	2.639729603555396320e-01	1.577432337289366715e-01	7.397077032900475912e-02	3.082043048659536058e-02	7.978818512496142767e-02
1.271366012148608434e+03	2.394070856656330126e-01	1.539904840906563266e-01	2.641054192863365180e-01	1.578201919359824568e-01	7.399867600250052690e-02	3.084068936074783537e-02	7.983745365789896020e-02
1.272817343212705055e+03	2.392259143681542410e-01	1.538653253141987753e-01	2.642376463116017926e-01	1.578970211090291453e-01	7.402653311073312259e-02	3.086092068435813615e-02	7.988663910168049276e-02
1.274268674276801676e+03	2.390450604871514895e-01	1.537403683734176740e-01	2.643696418222376554e-01	1.579737214732663819e-01	7.405434176949229896e-02	3.088112447357735380e-02	7.993574160061289735e-02
1.275720005340898297e+03	2.388645234102541592e-01	1.536156129899433620e-01	2.645014062085108697e-01	1.580502932534236793e-01	7.408210209414506364e-02	3.090130074472030586e-02	7.998476129875832508e-02
1.277171336404994690e+03	2.386843025266412177e-01	1.534910588854527247e-01	2.646329398600537619e-01	1.581267366737721947e-01	7.410981419963785788e-02	3.092144951426403776e-02	8.003369833993402571e-02
1.278622667469091539e+03	2.385043972270349810e-01	1.533667057816719692e-01	2.647642431658649431e-01	1.582030519581263950e-01	7.413747820049874926e-02	3.094157079884631706e-02	8.008255286771244486e-02
1.280073998533187932e+03	2.383248069036951189e-01	1.532425534003793999e-01	2.648953165143103639e-01	1.582792393298459166e-01	7.416509421083962439e-02	3.096166461526415545e-02	8.013132502542121005e-02
1.281525329597284326e+03	2.381455309504126316e-01	1.531186014634081105e-01	2.650261602931240912e-01	1.583552990118371750e-01	7.419266234435825669e-02	3.098173098047232732e-02	8.018001495614311691e-02
1.282976660661381175e+03	2.379665687625036885e-01	1.529948496926488710e-01	2.651567748894092524e-01	1.584312312265552247e-01	7.422018271434052683e-02	3.100176991158190218e-02	8.022862280271624014e-02
1.284427991725477568e+03	2.377879197368037989e-01	1.528712978100526254e-01	2.652871606896389234e-01	1.585070361960052299e-01	7.424765543366250442e-02	3.102178142585879789e-02	8.027714870773382250e-02
1.285879322789574417e+03	2.376095832716617895e-01	1.527479455376332951e-01	2.654173180796569609e-01	1.585827141417443242e-01	7.427508061479255741e-02	3.104176554072233044e-02	8.032559281354445524e-02
1.287330653853671038e+03	2.374315587669338645e-01	1.526247925974703601e-01	2.655472474446790021e-01	1.586582652848830821e-01	7.430245836979348928e-02	3.106172227374377065e-02	8.037395526225206421e-02
1.288781984917767431e+03	2.372538456239778604e-01	1.525018387117114960e-01	2.656769491692934637e-01	1.587336898460874057e-01	7.432978881032456520e-02	3.108165164264493560e-02	8.042223619571596538e-02
1.290233315981864052e+03	2.370764432456471948e-01	1.523790836025751827e-01	2.658064236374620415e-01	1.588089880455798852e-01	7.435707204764364919e-02	3.110155366529675919e-02	8.047043575555097583e-02
