1.001418434226643626e+03	2.794315568789438320e-01	1.810384658242160383e-01	2.350050865940882250e-01	1.410258499508456886e-01	6.783353917713731696e-02	2.658512054159741997e-02	6.908038103292943322e-02
1.003837319333471214e+03	2.790109793222782519e-01	1.807589887546066365e-01	2.353091919152821843e-01	1.412013925812983794e-01	6.789948017399075053e-02	2.662734187065638608e-02	6.919262538164534793e-02
1.006256204440298802e+03	2.785916945926132371e-01	1.804802074617709029e-01	2.356124200861865192e-01	1.413764292968353598e-01	6.796519783331873843e-02	2.666949445390144613e-02	6.930455627513178174e-02
1.008675089547126618e+03	2.781736977381709108e-01	1.802021210680992691e-01	2.359147735381804667e-01	1.415509618741467024e-01	6.803069331470702752e-02	2.671157802011316085e-02	6.941617444634044787e-02
1.011093974653954206e+03	2.777569838370192445e-01	1.799247286854418759e-01	2.362162546964153842e-01	1.417249920765514537e-01	6.809596776867775370e-02	2.675359230373403063e-02	6.952748063191825645e-02
1.013512859760782021e+03	2.773415479967922814e-01	1.796480294152955071e-01	2.365168659798247142e-01	1.418985216542453243e-01	6.816102233677798217e-02	2.679553704479979009e-02	6.963847557202236527e-02
1.015931744867609382e+03	2.769273853544139130e-01	1.793720223489875809e-01	2.368166098011340870e-01	1.420715523445427175e-01	6.822585815166745671e-02	2.683741198887150750e-02	6.974916001014071221e-02
1.018350629974437197e+03	2.765144910758243202e-01	1.790967065678581160e-01	2.371154885668716461e-01	1.422440858721124302e-01	6.829047633720523869e-02	2.687921688696843017e-02	6.985953469291776574e-02
1.020769515081264785e+03	2.761028603557104111e-01	1.788220811434393376e-01	2.374135046773782343e-01	1.424161239492075237e-01	6.835487800853554119e-02	2.692095149550160355e-02	6.996960036998529919e-02
1.023188400188092373e+03	2.756924884172386458e-01	1.785481451376327300e-01	2.377106605268176909e-01	1.425876682758897285e-01	6.841906427217260556e-02	2.696261557620823271e-02	7.007935779379835528e-02
1.025607285294920075e+03	2.752833705117913587e-01	1.782748976028838694e-01	2.380069585031872881e-01	1.427587205402480741e-01	6.848303622608471752e-02	2.700420889608678293e-02	7.018880771947585973e-02
1.028026170401747549e+03	2.748755019187062998e-01	1.780023375823550635e-01	2.383024009883281669e-01	1.429292824186123578e-01	6.854679495977723802e-02	2.704573122733281224e-02	7.029795090464607821e-02
1.030445055508575479e+03	2.744688779450186189e-01	1.777304641100955485e-01	2.385969903579357176e-01	1.430993555757611446e-01	6.861034155437485682e-02	2.708718234727552909e-02	7.040678810929659748e-02
1.032863940615402726e+03	2.740634939252065139e-01	1.774592762112096322e-01	2.388907289815701829e-01	1.432689416651249381e-01	6.867367708270290250e-02	2.712856203831508217e-02	7.051532009562873349e-02
1.035282825722230655e+03	2.736593452209394317e-01	1.771887729020225066e-01	2.391836192226672597e-01	1.434380423289841056e-01	6.873680260936777808e-02	2.716987008786052663e-02	7.062354762791640816e-02
1.037701710829058356e+03	2.732564272208291012e-01	1.769189531902440604e-01	2.394756634385486471e-01	1.436066591986620566e-01	6.879971919083664733e-02	2.721110628826850508e-02	7.073147147236905075e-02
1.040120595935886058e+03	2.728547353401837294e-01	1.766498160751302504e-01	2.397668639804328150e-01	1.437747938947137594e-01	6.886242787551609401e-02	2.725227043678263988e-02	7.083909239699874572e-02
1.042539481042713533e+03	2.724542650207650296e-01	1.763813605476426682e-01	2.400572231934456069e-01	1.439424480271097040e-01	6.892492970383015671e-02	2.729336233547356369e-02	7.094641117149133591e-02
1.044958366149541234e+03	2.720550117305476356e-01	1.761135855906058312e-01	2.403467434166310923e-01	1.441096231954150930e-01	6.898722570829739220e-02	2.733438179117966826e-02	7.105342856708135590e-02
1.047377251256368709e+03	2.716569709634817364e-01	1.758464901788623636e-01	2.406354269829624470e-01	1.442763209889650622e-01	6.904931691360716162e-02	2.737532861544850898e-02	7.116014535643075400e-02
1.049796136363196410e+03	2.712601382392583194e-01	1.755800732794264019e-01	2.409232762193526112e-01	1.444425429870354327e-01	6.911120433669505625e-02	2.741620262447884426e-02	7.126656231351133353e-02
1.052215021470024112e+03	2.708645091030769114e-01	1.753143338516346406e-01	2.412102934466654192e-01	1.446082907590092725e-01	6.917288898681768494e-02	2.745700363906336886e-02	7.137268021349067737e-02
1.054633906576851814e+03	2.704700791254162073e-01	1.750492708472956294e-01	2.414964809797263412e-01	1.447735658645397383e-01	6.923437186562647616e-02	2.749773148453206126e-02	7.147849983262156981e-02
1.057052791683679516e+03	2.700768439018070288e-01	1.747848832108369888e-01	2.417818411273335855e-01	1.449383698537085874e-01	6.929565396724081394e-02	2.753838599069618684e-02	7.158402194813484609e-02
1.059471676790506763e+03	2.696847990526084482e-01	1.745211698794507105e-01	2.420663761922691171e-01	1.451027042671810541e-01	6.935673627832038279e-02	2.757896699179292546e-02	7.168924733813537842e-02
1.061890561897334692e+03	2.692939402227857992e-01	1.742581297832366816e-01	2.423500884713096770e-01	1.452665706363571729e-01	6.941761977813672158e-02	2.761947432643061667e-02	7.179417678150139259e-02
1.064309447004162394e+03	2.689042630816915747e-01	1.739957618453439325e-01	2.426329802552379400e-01	1.454299704835191887e-01	6.947830543864400021e-02	2.765990783753463286e-02	7.189881105778685166e-02
1.066728332110990095e+03	2.685157633228487661e-01	1.737340649821104976e-01	2.429150538288535888e-01	1.455929053219755798e-01	6.953879422454915804e-02	2.770026737229385264e-02	7.200315094712672614e-02
1.069147217217817570e+03	2.681284366637367023e-01	1.734730381032011104e-01	2.431963114709844997e-01	1.457553766562016129e-01	6.959908709338120947e-02	2.774055278210774828e-02	7.210719723014537286e-02
1.071566102324645271e+03	2.677422788455791069e-01	1.732126801117430948e-01	2.434767554544979562e-01	1.459173859819765939e-01	6.965918499555978638e-02	2.778076392253405608e-02	7.221095068786764770e-02
1.073984987431472746e+03	2.673572856331349890e-01	1.729529899044606744e-01	2.437563880463119448e-01	1.460789347865177612e-01	6.971908887446304215e-02	2.782090065323703301e-02	7.231441210163282174e-02
1.076403872538300675e+03	2.669734528144913077e-01	1.726939663718071727e-01	2.440352115074064798e-01	1.462400245486110695e-01	6.977879966649480625e-02	2.786096283793632403e-02	7.241758225301113405e-02
1.078822757645127922e+03	2.665907762008584703e-01	1.724356083980957410e-01	2.443132280928346500e-01	1.464006567387388658e-01	6.983831830115105888e-02	2.790095034435637750e-02	7.252046192372307853e-02
1.081241642751955851e+03	2.662092516263679376e-01	1.721779148616282840e-01	2.445904400517343036e-01	1.465608328192045118e-01	6.989764570108564223e-02	2.794086304417642275e-02	7.262305189556109153e-02
1.083660527858783553e+03	2.658288749478721069e-01	1.719208846348226072e-01	2.448668496273392337e-01	1.467205542442541200e-01	6.995678278217527801e-02	2.798070081298104431e-02	7.272535295031382074e-02
1.086079412965611255e+03	2.654496420447464700e-01	1.716645165843377618e-01	2.451424590569906137e-01	1.468798224601952918e-01	7.001573045358404357e-02	2.802046353021128700e-02	7.282736586969276726e-02
1.088498298072438729e+03	2.650715488186939917e-01	1.714088095711980286e-01	2.454172705721483772e-01	1.470386389055133303e-01	7.007448961782695995e-02	2.806015107911631959e-02	7.292909143526118965e-02
1.090917183179266431e+03	2.646945911935516538e-01	1.711537624509150424e-01	2.456912863984028750e-01	1.471970050109844830e-01	7.013306117083308033e-02	2.809976334670564665e-02	7.303053042836539499e-02
1.093336068286093905e+03	2.643187651150994411e-01	1.708993740736082789e-01	2.459645087554860887e-01	1.473549221997866032e-01	7.019144600200782902e-02	2.813930022370184428e-02	7.313168363006813943e-02
1.095754953392921607e+03	2.639440665508707151e-01	1.706456432841239879e-01	2.462369398572833989e-01	1.475123918876072859e-01	7.024964499429471598e-02	2.817876160449383702e-02	7.323255182108424910e-02
1.098173838499749309e+03	2.635704914899656970e-01	1.703925689221525708e-01	2.465085819118450483e-01	1.476694154827495054e-01	7.030765902423637137e-02	2.821814738709070916e-02	7.333313578171826719e-02
1.100592723606577010e+03	2.631980359428663374e-01	1.701401498223443498e-01	2.467794371213976601e-01	1.478259943862346437e-01	7.036548896203501102e-02	2.825745747307602251e-02	7.343343629180416887e-02
1.103011608713404712e+03	2.628266959412534631e-01	1.698883848144236708e-01	2.470495076823558678e-01	1.479821299919033550e-01	7.042313567161216648e-02	2.829669176756264767e-02	7.353345413064703295e-02
1.105430493820231959e+03	2.624564675378259770e-01	1.696372727233017852e-01	2.473187957853340002e-01	1.481378236865139308e-01	7.048060001066785984e-02	2.833585017914812265e-02	7.363319007696655927e-02
1.107849378927059888e+03	2.620873468061220013e-01	1.693868123691878169e-01	2.475873036151576556e-01	1.482930768498384178e-01	7.053788283073919585e-02	2.837493261987048335e-02	7.373264490884259836e-02
1.110268264033887590e+03	2.617193298403422408e-01	1.691370025676986466e-01	2.478550333508753312e-01	1.484478908547567921e-01	7.059498497725819055e-02	2.841393900516462137e-02	7.383181940366234652e-02
1.112687149140715292e+03	2.613524127551747345e-01	1.688878421299669919e-01	2.481219871657702747e-01	1.486022670673484980e-01	7.065190728960916988e-02	2.845286925381912066e-02	7.393071433806934489e-02
1.115106034247542766e+03	2.609865916856223822e-01	1.686393298627480997e-01	2.483881672273720587e-01	1.487562068469823751e-01	7.070865060118544654e-02	2.849172328793357634e-02	7.402933048791422721e-02
1.117524919354370468e+03	2.606218627868315818e-01	1.683914645685252731e-01	2.486535756974683209e-01	1.489097115464041166e-01	7.076521573944545562e-02	2.853050103287639236e-02	7.412766862820704961e-02
1.119943804461197942e+03	2.602582222339231977e-01	1.681442450456135662e-01	2.489182147321165606e-01	1.490627825118222005e-01	7.082160352596827968e-02	2.856920241724307530e-02	7.422572953307131349e-02
1.122362689568025871e+03	2.598956662218252500e-01	1.678976700882624518e-01	2.491820864816559067e-01	1.492154210829914340e-01	7.087781477650867412e-02	2.860782737281496180e-02	7.432351397569947338e-02
1.124781574674853118e+03	2.595341909651076584e-01	1.676517384867568239e-01	2.494451930907189696e-01	1.493676285932948877e-01	7.093385030105134326e-02	2.864637583451845604e-02	7.442102272831002674e-02
1.127200459781681047e+03	2.591737926978184836e-01	1.674064490275166406e-01	2.497075366982434708e-01	1.495194063698239706e-01	7.098971090386479998e-02	2.868484774038467314e-02	7.451825656210603332e-02
1.129619344888508749e+03	2.588144676733221683e-01	1.671618004931956225e-01	2.499691194374842607e-01	1.496707557334565619e-01	7.104539738355471201e-02	2.872324303150959601e-02	7.461521624723517487e-02
1.132038229995336451e+03	2.584562121641393873e-01	1.669177916627780367e-01	2.502299434360250596e-01	1.498216779989335057e-01	7.110091053311647091e-02	2.876156165201462778e-02	7.471190255275104997e-02
1.134457115102163925e+03	2.580990224617888962e-01	1.666744213116744810e-01	2.504900108157903094e-01	1.499721744749334673e-01	7.115625113998738649e-02	2.879980354900761944e-02	7.480831624657596768e-02
1.136876000208991627e+03	2.577428948766309902e-01	1.664316882118164476e-01	2.507493236930571912e-01	1.501222464641458754e-01	7.121141998609831214e-02	2.883796867254433474e-02	7.490445809546496247e-02
1.139294885315819101e+03	2.573878257377124612e-01	1.661895911317494701e-01	2.510078841784673109e-01	1.502718952633426142e-01	7.126641784792471512e-02	2.887605697559034179e-02	7.500032886497118301e-02
1.141713770422646803e+03	2.570338113926136647e-01	1.659481288367249119e-01	2.512656943770387175e-01	1.504211221634478568e-01	7.132124549653720558e-02	2.891406841398333136e-02	7.509592931941237726e-02
1.144132655529474505e+03	2.566808482072970854e-01	1.657073000887905878e-01	2.515227563881779482e-01	1.505699284496063439e-01	7.137590369765152432e-02	2.895200294639585850e-02	7.519126022183879321e-02
1.146551540636302207e+03	2.563289325659570683e-01	1.654671036468803591e-01	2.517790723056915203e-01	1.507183154012505244e-01	7.143039321167805877e-02	2.898986053429852827e-02	7.528632233400203710e-02
1.148970425743129908e+03	2.559780608708722149e-01	1.652275382669021186e-01	2.520346442177984758e-01	1.508662842921657254e-01	7.148471479377085935e-02	2.902764114192356998e-02	7.538111641632522231e-02
1.151389310849957155e+03	2.556282295422581674e-01	1.649886027018248325e-01	2.522894742071419283e-01	1.510138363905542680e-01	7.153886919387601739e-02	2.906534473622882433e-02	7.547564322787414515e-02
1.153808195956785084e+03	2.552794350181230576e-01	1.647502957017643321e-01	2.525435643508011085e-01	1.511609729590981943e-01	7.159285715677971007e-02	2.910297128686215040e-02	7.556990352632961261e-02
1.156227081063612786e+03	2.549316737541238997e-01	1.645126160140679694e-01	2.527969167203033551e-01	1.513076952550204135e-01	7.164667942215564855e-02	2.914052076612623499e-02	7.566389806796071371e-02
1.158645966170440488e+03	2.545849422234245374e-01	1.642755623833979384e-01	2.530495333816362713e-01	1.514540045301445981e-01	7.170033672461202656e-02	2.917799314894377674e-02	7.575762760759913172e-02
1.161064851277267962e+03	2.542392369165555333e-01	1.640391335518137095e-01	2.533014163952593822e-01	1.515999020309540257e-01	7.175382979373802483e-02	2.921538841282308313e-02	7.585109289861456661e-02
1.163483736384095664e+03	2.538945543412751138e-01	1.638033282588531037e-01	2.535525678161164032e-01	1.517453889986488669e-01	7.180715935414982987e-02	2.925270653782405597e-02	7.594429469289090684e-02
1.165902621490923138e+03	2.535508910224320012e-01	1.635681452416123949e-01	2.538029896936473406e-01	1.518904666692024175e-01	7.186032612553616694e-02	2.928994750652455167e-02	7.603723374080348374e-02
1.168321506597751068e+03	2.532082435018292443e-01	1.633335832348252470e-01	2.540526840718002055e-01	1.520351362734162215e-01	7.191333082270331967e-02	2.932711130398711619e-02	7.612991079119714455e-02
1.170740391704578315e+03	2.528666083380899376e-01	1.630996409709404849e-01	2.543016529890432254e-01	1.521793990369737226e-01	7.196617415561976094e-02	2.936419791772612239e-02	7.622232659136528310e-02
1.173159276811406244e+03	2.525259821065244381e-01	1.628663171801989773e-01	2.545498984783768903e-01	1.523232561804931107e-01	7.201885682946027045e-02	2.940120733767524405e-02	7.631448188702961988e-02
1.175578161918233945e+03	2.521863613989984154e-01	1.626336105907093266e-01	2.547974225673459436e-01	1.524667089195789749e-01	7.207137954464962193e-02	2.943813955615532177e-02	7.640637742232087026e-02
1.177997047025061647e+03	2.518477428238030669e-01	1.624015199285225031e-01	2.550442272780515940e-01	1.526097584648728189e-01	7.212374299690578472e-02	2.947499456784258981e-02	7.649801393976021768e-02
1.180415932131889122e+03	2.515101230055258874e-01	1.621700439177053976e-01	2.552903146271632839e-01	1.527524060221025215e-01	7.217594787728272288e-02	2.951177236973723944e-02	7.658939218024153617e-02
1.182834817238716823e+03	2.511734985849237711e-01	1.619391812804135966e-01	2.555356866259310133e-01	1.528946527921308252e-01	7.222799487221269465e-02	2.954847296113237778e-02	7.668051288301433455e-02
1.185253702345544298e+03	2.508378662187965014e-01	1.617089307369628248e-01	2.557803452801972743e-01	1.530364999710029650e-01	7.227988466354823283e-02	2.958509634358329546e-02	7.677137678566751944e-02
1.187672587452371999e+03	2.505032225798625167e-01	1.614792910058995279e-01	2.560242925904091527e-01	1.531779487499929648e-01	7.233161792860348660e-02	2.962164252087711239e-02	7.686198462411382437e-02
1.190091472559199701e+03	2.501695643566350657e-01	1.612502608040705665e-01	2.562675305516304847e-01	1.533190003156493786e-01	7.238319534019538315e-02	2.965811149900274279e-02	7.695233713257491892e-02
1.192510357666027403e+03	2.498368882533004431e-01	1.610218388466918282e-01	2.565100611535537367e-01	1.534596558498398933e-01	7.243461756668419238e-02	2.969450328612123491e-02	7.704243504356718397e-02
1.194929242772855105e+03	2.495051909895970865e-01	1.607940238474158401e-01	2.567518863805123286e-01	1.535999165297950719e-01	7.248588527201370313e-02	2.973081789253640903e-02	7.713227908788816700e-02
1.197348127879682352e+03	2.491744693006959221e-01	1.605668145183984374e-01	2.569930082114925129e-01	1.537397835281512082e-01	7.253699911575103854e-02	2.976705533066584253e-02	7.722186999460359247e-02
1.199767012986510281e+03	2.488447199370824869e-01	1.603402095703647112e-01	2.572334286201455877e-01	1.538792580129924592e-01	7.258795975312602733e-02	2.980321561501219144e-02	7.731120849103513548e-02
1.202185898093337983e+03	2.485159396644395779e-01	1.601142077126735952e-01	2.574731495747999976e-01	1.540183411478918130e-01	7.263876783507020041e-02	2.983929876213482768e-02	7.740029530274861180e-02
1.204604783200165684e+03	2.481881252635315949e-01	1.598888076533820923e-01	2.577121730384732690e-01	1.541570340919517501e-01	7.268942400825527395e-02	2.987530479062180250e-02	7.748913115354288950e-02
1.207023668306993159e+03	2.478612735300899650e-01	1.596640080993081134e-01	2.579505009688843331e-01	1.542953379998435459e-01	7.273992891513143821e-02	2.991123372106212555e-02	7.757771676543921691e-02
1.209442553413820860e+03	2.475353812746998450e-01	1.594398077560926497e-01	2.581881353184652950e-01	1.544332540218462946e-01	7.279028319396506352e-02	2.994708557601834936e-02	7.766605285867123065e-02
1.211861438520648335e+03	2.472104453226878218e-01	1.592162053282610845e-01	2.584250780343739229e-01	1.545707833038848789e-01	7.284048747887614250e-02	2.998286037999948334e-02	7.775414015167539383e-02
1.214280323627476264e+03	2.468864625140111124e-01	1.589931995192835068e-01	2.586613310585054726e-01	1.547079269875672458e-01	7.289054239987526052e-02	3.001855815943419922e-02	7.784197936108198934e-02
1.216699208734303511e+03	2.465634297031474853e-01	1.587707890316342740e-01	2.588968963275047330e-01	1.548446862102210997e-01	7.294044858290026079e-02	3.005417894264435577e-02	7.792957120170659890e-02
1.219118093841131440e+03	2.462413437589867082e-01	1.585489725668507432e-01	2.591317757727782389e-01	1.549810621049297621e-01	7.299020664985245155e-02	3.008972275981880787e-02	7.801691638654206784e-02
1.221536978947959142e+03	2.459202015647229400e-01	1.583277488255910026e-01	2.593659713205064832e-01	1.551170558005673661e-01	7.303981721863259113e-02	3.012518964298751406e-02	7.810401562675087228e-02
1.223955864054786844e+03	2.456000000177483988e-01	1.581071165076909646e-01	2.595994848916557962e-01	1.552526684218334674e-01	7.308928090317629023e-02	3.016057962599596326e-02	7.819086963165802762e-02
1.226374749161614318e+03	2.452807360295477523e-01	1.578870743122205433e-01	2.598323184019902810e-01	1.553879010892868506e-01	7.313859831348923368e-02	3.019589274447985819e-02	7.827747910874435777e-02
1.228793634268442020e+03	2.449624065255941452e-01	1.576676209375390547e-01	2.600644737620843028e-01	1.555227549193790026e-01	7.318777005568202765e-02	3.023112903584009720e-02	7.836384476364029184e-02
1.231212519375269494e+03	2.446450084452458651e-01	1.574487550813497283e-01	2.602959528773342579e-01	1.556572310244865587e-01	7.323679673200449158e-02	3.026628853921806139e-02	7.844996730011995212e-02
1.233631404482097196e+03	2.443285387416443133e-01	1.572304754407536365e-01	2.605267576479707858e-01	1.557913305129434156e-01	7.328567894087990864e-02	3.030137129547115851e-02	7.853584742009567243e-02
1.236050289588924898e+03	2.440129943816128355e-01	1.570127807123027353e-01	2.607568899690708153e-01	1.559250544890722623e-01	7.333441727693865153e-02	3.033637734714865475e-02	7.862148582361294658e-02
1.238469174695752372e+03	2.436983723455569129e-01	1.567956695920519616e-01	2.609863517305694991e-01	1.560584040532153882e-01	7.338301233105166965e-02	3.037130673846777373e-02	7.870688320884572375e-02
1.240888059802580301e+03	2.433846696273649635e-01	1.565791407756107756e-01	2.612151448172725376e-01	1.561913803017650759e-01	7.343146469036347657e-02	3.040615951529008001e-02	7.879204027209205097e-02
1.243306944909407548e+03	2.430718832343104763e-01	1.563631929581941749e-01	2.614432711088678918e-01	1.563239843271933549e-01	7.347977493832490159e-02	3.044093572509812620e-02	7.887695770777009008e-02
1.245725830016235477e+03	2.427600101869550886e-01	1.561478248346723774e-01	2.616707324799381063e-01	1.564562172180812560e-01	7.352794365472548055e-02	3.047563541697237074e-02	7.896163620841445407e-02
1.248144715123063179e+03	2.424490475190524685e-01	1.559330350996202819e-01	2.618975307999722446e-01	1.565880800591475108e-01	7.357597141572551347e-02	3.051025864156833509e-02	7.904607646467286253e-02
1.250563600229890881e+03	2.421389922774535020e-01	1.557188224473659843e-01	2.621236679333779351e-01	1.567195739312768066e-01	7.362385879388777532e-02	3.054480545109406267e-02	7.913027916530318562e-02
1.252982485336718355e+03	2.418298415220121178e-01	1.555051855720387399e-01	2.623491457394934168e-01	1.568506999115475420e-01	7.367160635820896308e-02	3.057927589928780693e-02	7.921424499717069634e-02
1.255401370443546057e+03	2.415215923254923347e-01	1.552921231676159253e-01	2.625739660725995295e-01	1.569814590732590553e-01	7.371921467415076812e-02	3.061367004139596906e-02	7.929797464524569739e-02
1.257820255550373531e+03	2.412142417734761124e-01	1.550796339279697234e-01	2.627981307819317602e-01	1.571118524859583809e-01	7.376668430367062934e-02	3.064798793415130646e-02	7.938146879260139788e-02
1.260239140657201460e+03	2.409077869642720915e-01	1.548677165469127259e-01	2.630216417116923444e-01	1.572418812154665335e-01	7.381401580525225048e-02	3.068222963575138740e-02	7.946472812041208145e-02
1.262658025764028707e+03	2.406022250088254155e-01	1.546563697182430641e-01	2.632445007010620341e-01	1.573715463239044321e-01	7.386120973393570099e-02	3.071639520583727481e-02	7.954775330795152422e-02
1.265076910870856636e+03	2.402975530306283858e-01	1.544455921357889283e-01	2.634667095842123663e-01	1.575008488697182962e-01	7.390826664134729496e-02	3.075048470547248058e-02	7.963054503259173189e-02
1.267495795977684338e+03	2.399937681656320321e-01	1.542353824934523110e-01	2.636882701903173198e-01	1.576297899077046261e-01	7.395518707572915074e-02	3.078449819712212460e-02	7.971310396980192670e-02
1.269914681084511813e+03	2.396908675621585161e-01	1.540257394852520556e-01	2.639091843435657503e-01	1.577583704890347938e-01	7.400197158196836211e-02	3.081843574463238172e-02	7.979543079314763143e-02
1.272333566191339514e+03	2.393888483808144785e-01	1.538166618053664336e-01	2.641294538631728805e-01	1.578865916612792464e-01	7.404862070162608612e-02	3.085229741321011271e-02	7.987752617429023927e-02
1.274752451298167216e+03	2.390877077944052187e-01	1.536081481481750000e-01	2.643490805633926244e-01	1.580144544684312369e-01	7.409513497296604800e-02	3.088608326940276219e-02	7.995939078298658353e-02
1.277171336404994690e+03	2.387874429878499016e-01	1.534001972082996990e-01	2.645680662535293548e-01	1.581419599509301666e-01	7.414151493098304624e-02	3.091979338107847877e-02	8.004102528708888220e-02
1.279590221511822392e+03	2.384880511580972362e-01	1.531928076806454986e-01	2.647864127379499499e-01	1.582691091456846777e-01	7.418776110743091623e-02	3.095342781740646060e-02	8.012243035254482115e-02
1.282009106618650094e+03	2.381895295140424307e-01	1.529859782604404972e-01	2.650041218160955614e-01	1.583959030860952466e-01	7.423387403085045244e-02	3.098698664883750911e-02	8.020360664339788725e-02
1.284427991725477568e+03	2.378918752764447309e-01	1.527797076432751977e-01	2.652211952824936603e-01	1.585223428020764436e-01	7.427985422659681702e-02	3.102046994708484995e-02	8.028455482178785407e-02
1.286846876832305497e+03	2.375950856778458464e-01	1.525739945251413654e-01	2.654376349267699720e-01	1.586484293200788875e-01	7.432570221686685130e-02	3.105387778510513772e-02	8.036527554795150352e-02
1.289265761939132744e+03	2.372991579624890990e-01	1.523688376024701363e-01	2.656534425336604111e-01	1.587741636631107012e-01	7.437141852072602644e-02	3.108721023707968281e-02	8.044576948022352791e-02
1.291684647045960673e+03	2.370040893862395137e-01	1.521642355721697648e-01	2.658686198830227942e-01	1.588995468507588826e-01	7.441700365413513041e-02	3.112046737839590724e-02	8.052603727503757081e-02
1.294103532152788375e+03	2.367098772165046328e-01	1.519601871316625663e-01	2.660831687498489417e-01	1.590245798992101778e-01	7.446245812997667746e-02	3.115364928562900856e-02	8.060607958692753150e-02
1.296522417259616077e+03	2.364165187321561612e-01	1.517566909789214713e-01	2.662970909042763901e-01	1.591492638212715638e-01	7.450778245808115097e-02	3.118675603652382861e-02	8.068589706852896670e-02
1.298941302366443551e+03	2.361240112234523070e-01	1.515537458125059411e-01	2.665103881116002715e-01	1.592735996263906773e-01	7.455297714525281616e-02	3.121978770997693373e-02	8.076549037058064484e-02
1.301360187473271253e+03	2.358323519919608979e-01	1.513513503315973285e-01	2.667230621322851936e-01	1.593975883206756039e-01	7.459804269529538012e-02	3.125274438601891719e-02	8.084486014192632242e-02
1.303779072580098727e+03	2.355415383504833593e-01	1.511495032360337110e-01	2.669351147219771181e-01	1.595212309069146406e-01	7.464297960903740203e-02	3.128562614579687151e-02	8.092400702951658975e-02
1.306197957686926657e+03	2.352515676229793573e-01	1.509482032263441131e-01	2.671465476315150744e-01	1.596445283845956964e-01	7.468778838435739809e-02	3.131843307155709327e-02	8.100293167841096653e-02
1.308616842793753904e+03	2.349624371444921367e-01	1.507474490037824244e-01	2.673573626069430942e-01	1.597674817499252775e-01	7.473246951620871048e-02	3.135116524662798915e-02	8.108163473178009450e-02
1.311035727900581833e+03	2.346741442610746908e-01	1.505472392703604556e-01	2.675675613895219795e-01	1.598900919958473332e-01	7.477702349664416825e-02	3.138382275540314154e-02	8.116011683090795792e-02
1.313454613007409534e+03	2.343866863297165981e-01	1.503475727288808572e-01	2.677771457157410162e-01	1.600123601120617411e-01	7.482145081484044280e-02	3.141640568332462746e-02	8.123837861519443704e-02
1.315873498114237009e+03	2.341000607182716631e-01	1.501484480829690660e-01	2.679861173173297972e-01	1.601342870850427091e-01	7.486575195712215358e-02	3.144891411686646238e-02	8.131642072215782002e-02
1.318292383221064711e+03	2.338142648053860850e-01	1.499498640371053071e-01	2.681944779212699914e-01	1.602558738980565944e-01	7.490992740698583507e-02	3.148134814351831456e-02	8.139424378743755073e-02
1.320711268327892412e+03	2.335292959804275426e-01	1.497518192966555417e-01	2.684022292498070561e-01	1.603771215311797227e-01	7.495397764512354288e-02	3.151370785176932365e-02	8.147184844479701815e-02
1.323130153434719887e+03	2.332451516434146110e-01	1.495543125679023311e-01	2.686093730204620056e-01	1.604980309613159017e-01	7.499790314944630720e-02	3.154599333109216197e-02	8.154923532612642911e-02
1.325549038541547588e+03	2.329618292049474293e-01	1.493573425580749792e-01	2.688159109460431240e-01	1.606186031622137134e-01	7.504170439510723933e-02	3.157820467192729713e-02	8.162640506144598629e-02
1.327967923648375290e+03	2.326793260861385326e-01	1.491609079753793143e-01	2.690218447346576225e-01	1.607388391044833886e-01	7.508538185452459657e-02	3.161034196566735177e-02	8.170335827890892744e-02
1.330386808755202765e+03	2.323976397185445741e-01	1.489650075290269715e-01	2.692271760897234634e-01	1.608587397556137111e-01	7.512893599740445849e-02	3.164240530464174778e-02	8.178009560480477280e-02
1.332805693862030694e+03	2.321167675440986844e-01	1.487696399292641747e-01	2.694319067099809062e-01	1.609783060799885313e-01	7.517236729076320900e-02	3.167439478210146847e-02	8.185661766356269742e-02
1.335224578968857941e+03	2.318367070150434417e-01	1.485748038874001864e-01	2.696360382895041097e-01	1.610975390389031148e-01	7.521567619894983792e-02	3.170631049220396652e-02	8.193292507775501443e-02
1.337643464075685870e+03	2.315574555938645362e-01	1.483804981158349801e-01	2.698395725177130111e-01	1.612164395905801573e-01	7.525886318366799277e-02	3.173815252999837022e-02	8.200901846810057516e-02
1.340062349182513572e+03	2.312790107532250727e-01	1.481867213280868567e-01	2.700425110793848726e-01	1.613350086901858549e-01	7.530192870399780858e-02	3.176992099141071751e-02	8.208489845346850222e-02
1.342481234289341273e+03	2.310013699759003725e-01	1.479934722388193957e-01	2.702448556546657166e-01	1.614532472898454196e-01	7.534487321641754332e-02	3.180161597322944678e-02	8.216056565088185326e-02
1.344900119396168748e+03	2.307245307547136082e-01	1.478007495638679336e-01	2.704466079190820937e-01	1.615711563386587057e-01	7.538769717482496358e-02	3.183323757309104718e-02	8.223602067552138184e-02
1.347319004502996449e+03	2.304484905924719385e-01	1.476085520202659040e-01	2.706477695435527409e-01	1.616887367827153643e-01	7.543040103055854984e-02	3.186478588946585477e-02	8.231126414072935382e-02
1.349737889609823924e+03	2.301732470019033083e-01	1.474168783262702898e-01	2.708483421943999603e-01	1.618059895651101365e-01	7.547298523241847967e-02	3.189626102164402899e-02	8.238629665801355806e-02
1.352156774716651853e+03	2.298987975055936384e-01	1.472257272013869633e-01	2.710483275333613884e-01	1.619229156259574809e-01	7.551545022668738893e-02	3.192766306972168178e-02	8.246111883705124768e-02
1.354575659823479100e+03	2.296251396359249575e-01	1.470350973663956395e-01	2.712477272176012644e-01	1.620395159024065612e-01	7.555779645715092474e-02	3.195899213458718718e-02	8.253573128569323403e-02
1.356994544930307029e+03	2.293522709350138689e-01	1.468449875433742446e-01	2.714465428997223095e-01	1.621557913286556241e-01	7.560002436511818746e-02	3.199024831790763662e-02	8.261013460996798063e-02
1.359413430037134731e+03	2.290801889546505987e-01	1.466553964557230083e-01	2.716447762277768296e-01	1.622717428359663761e-01	7.564213438944181189e-02	3.202143172211544681e-02	8.268432941408582204e-02
1.361832315143962205e+03	2.288088912562387944e-01	1.464663228281879725e-01	2.718424288452785387e-01	1.623873713526782225e-01	7.568412696653796512e-02	3.205254245039513422e-02	8.275831630044321041e-02
1.364251200250789907e+03	2.285383754107357945e-01	1.462777653868844729e-01	2.720395023912139942e-01	1.625026778042221731e-01	7.572600253040615015e-02	3.208358060667026307e-02	8.283209586962700377e-02
1.366670085357617609e+03	2.282686389985933706e-01	1.460897228593197594e-01	2.722359985000538107e-01	1.626176631131348027e-01	7.576776151264870418e-02	3.211454629559051116e-02	8.290566872041885138e-02
1.369088970464445310e+03	2.279996796096991629e-01	1.459021939744156171e-01	2.724319188017644278e-01	1.627323281990718518e-01	7.580940434249026916e-02	3.214543962251889542e-02	8.297903544979960688e-02
1.371507855571272785e+03	2.277314948433185882e-01	1.457151774625303486e-01	2.726272649218192679e-01	1.628466739788217987e-01	7.585093144679687371e-02	3.217626069351917084e-02	8.305219665295376918e-02
1.373926740678100487e+03	2.274640823080373297e-01	1.455286720554805624e-01	2.728220384812102828e-01	1.629607013663191828e-01	7.589234325009505677e-02	3.220700961534334744e-02	8.312515292327399274e-02
1.376345625784927961e+03	2.271974396217043279e-01	1.453426764865625442e-01	2.730162410964593889e-01	1.630744112726578154e-01	7.593364017459058868e-02	3.223768649541938064e-02	8.319790485236566724e-02
1.378764510891755890e+03	2.269315644113753805e-01	1.451571894905731575e-01	2.732098743796296803e-01	1.631878046061038812e-01	7.597482264018716458e-02	3.226829144183897963e-02	8.327045303005149723e-02
1.381183395998583137e+03	2.266664543132570486e-01	1.449722098038304652e-01	2.734029399383369197e-01	1.633008822721088160e-01	7.601589106450477862e-02	3.229882456334561003e-02	8.334279804437613737e-02
1.383602281105411066e+03	2.264021069726514512e-01	1.447877361641939920e-01	2.735954393757607517e-01	1.634136451733220752e-01	7.605684586289808424e-02	3.232928596932254511e-02	8.341494048161084141e-02
1.386021166212238768e+03	2.261385200439011700e-01	1.446037673110847355e-01	2.737873742906562491e-01	1.635260942096037617e-01	7.609768744847439370e-02	3.235967576978115295e-02	8.348688092625825008e-02
1.388440051319066470e+03	2.258756911903349873e-01	1.444203019855045678e-01	2.739787462773650706e-01	1.636382302780371722e-01	7.613841623211163590e-02	3.238999407534928071e-02	8.355861996105705403e-02
1.390858936425893944e+03	2.256136180842139294e-01	1.442373389300554976e-01	2.741695569258266185e-01	1.637500542729410091e-01	7.617903262247607832e-02	3.242024099725976383e-02	8.363015816698682325e-02
1.393277821532721646e+03	2.253522984066778923e-01	1.440548768889586551e-01	2.743598078215895852e-01	1.638615670858817597e-01	7.621953702603992409e-02	3.245041664733910175e-02	8.370149612327279498e-02
1.395696706639549120e+03	2.250917298476926842e-01	1.438729146080726939e-01	2.745495005458230553e-01	1.639727696056857420e-01	7.625992984709863143e-02	3.248052113799624468e-02	8.377263440739071698e-02
1.398115591746377049e+03	2.248319101059976233e-01	1.436914508349121655e-01	2.747386366753275522e-01	1.640836627184510121e-01	7.630021148778819151e-02	3.251055458221151911e-02	8.384357359507173257e-02
1.400534476853204296e+03	2.245728368890535787e-01	1.435104843186652268e-01	2.749272177825466956e-01	1.641942473075591880e-01	7.634038234810217038e-02	3.254051709352569210e-02	8.391431426030725171e-02
1.402953361960032225e+03	2.243145079129916508e-01	1.433300138102112653e-01	2.751152454355779708e-01	1.643045242536873562e-01	7.638044282590854273e-02	3.257040878602913969e-02	8.398485697535386374e-02
1.405372247066859927e+03	2.240569209025618791e-01	1.431500380621382740e-01	2.753027211981841638e-01	1.644144944348194248e-01	7.642039331696653948e-02	3.260022977435119568e-02	8.405520231073827786e-02
1.407791132173687402e+03	2.238000735910828931e-01	1.429705558287596157e-01	2.754896466298045188e-01	1.645241587262578076e-01	7.646023421494305139e-02	3.262998017364959064e-02	8.412535083526233304e-02
1.410210017280515103e+03	2.235439637203918695e-01	1.427915658661307596e-01	2.756760232855656190e-01	1.646335180006345544e-01	7.649996591142912972e-02	3.265966009959996724e-02	8.419530311600791073e-02
1.412628902387342805e+03	2.232885890407947660e-01	1.426130669320655464e-01	2.758618527162927658e-01	1.647425731279228978e-01	7.653958879595619547e-02	3.268926966838564541e-02	8.426505971834197251e-02
1.415047787494170507e+03	2.230339473110171944e-01	1.424350577861522027e-01	2.760471364685210260e-01	1.648513249754482157e-01	7.657910325601213763e-02	3.271880899668740128e-02	8.433462120592155609e-02
1.417466672600997981e+03	2.227800362981557925e-01	1.422575371897691621e-01	2.762318760845062227e-01	1.649597744078990513e-01	7.661850967705720328e-02	3.274827820167341974e-02	8.440398814069885458e-02
1.419885557707825683e+03	2.225268537776297351e-01	1.420805039061003860e-01	2.764160731022362039e-01	1.650679222873381591e-01	7.665780844253980431e-02	3.277767740098933014e-02	8.447316108292619863e-02
1.422304442814653157e+03	2.222743975331329391e-01	1.419039567001505742e-01	2.765997290554415566e-01	1.651757694732131632e-01	7.669699993391210224e-02	3.280700671274839469e-02	8.454214059116113567e-02
1.424723327921481086e+03	2.220226653565867125e-01	1.417278943387599577e-01	2.767828454736068755e-01	1.652833168223674098e-01	7.673608453064552359e-02	3.283626625552182182e-02	8.461092722227153695e-02
1.427142213028308333e+03	2.217716550480926530e-01	1.415523155906189268e-01	2.769654238819818093e-01	1.653905651890506534e-01	7.677506261024598377e-02	3.286545614832915574e-02	8.467952153144067684e-02
1.429561098135136262e+03	2.215213644158860462e-01	1.413772192262823524e-01	2.771474658015918302e-01	1.654975154249293257e-01	7.681393454826919431e-02	3.289457651062879101e-02	8.474792407217228429e-02
1.431979983241963964e+03	2.212717912762897088e-01	1.412026040181835196e-01	2.773289727492495027e-01	1.656041683790972496e-01	7.685270071833555372e-02	3.292362746230863974e-02	8.481613539629566378e-02
1.434398868348791666e+03	2.210229334536682744e-01	1.410284687406478943e-01	2.775099462375650305e-01	1.657105248980857981e-01	7.689136149214512161e-02	3.295260912367687506e-02	8.488415605397081620e-02
1.436817753455619140e+03	2.207747887803827580e-01	1.408548121699066680e-01	2.776903877749575811e-01	1.658165858258741909e-01	7.692991723949231531e-02	3.298152161545277183e-02	8.495198659369357364e-02
1.439236638562446842e+03	2.205273550967455365e-01	1.406816330841099694e-01	2.778702988656658879e-01	1.659223520038995980e-01	7.696836832828046759e-02	3.301036505875771382e-02	8.501962756230066476e-02
1.441655523669274316e+03	2.202806302509759118e-01	1.405089302633397430e-01	2.780496810097592975e-01	1.660278242710672703e-01	7.700671512453634293e-02	3.303913957510624250e-02	8.508707950497493289e-02
1.444074408776102018e+03	2.200346120991558685e-01	1.403367024896225723e-01	2.782285357031487050e-01	1.661330034637604758e-01	7.704495799242443155e-02	3.306784528639727938e-02	8.515434296525038749e-02
1.446493293882929493e+03	2.197892985051862758e-01	1.401649485469420031e-01	2.784068644375972124e-01	1.662378904158504089e-01	7.708309729426110479e-02	3.309648231490538994e-02	8.522141848501735284e-02
1.448912178989757422e+03	2.195446873407434774e-01	1.399936672212507560e-01	2.785846687007310085e-01	1.663424859587059323e-01	7.712113339052867333e-02	3.312505078327220714e-02	8.528830660452764445e-02
1.451331064096585123e+03	2.193007764852363539e-01	1.398228573004827446e-01	2.787619499760503605e-01	1.664467909212033470e-01	7.715906663988929270e-02	3.315355081449793129e-02	8.535500786239968996e-02
1.453749949203412370e+03	2.190575638257635238e-01	1.396525175745648162e-01	2.789387097429400497e-01	1.665508061297360509e-01	7.719689739919870231e-02	3.318198253193292008e-02	8.542152279562366390e-02
1.456168834310240300e+03	2.188150472570711269e-01	1.394826468354280757e-01	2.791149494766805295e-01	1.666545324082240043e-01	7.723462602351995054e-02	3.321034605926942440e-02	8.548785193956660866e-02
1.458587719417068001e+03	2.185732246815109692e-01	1.393132438770191828e-01	2.792906706484583057e-01	1.667579705781233324e-01	7.727225286613682853e-02	3.323864152053338655e-02	8.555399582797763858e-02
1.461006604523895703e+03	2.183320940089989448e-01	1.391443074953114256e-01	2.794658747253770392e-01	1.668611214584356517e-01	7.730977827856726214e-02	3.326686904007634948e-02	8.561995499299300538e-02
1.463425489630723177e+03	2.180916531569737637e-01	1.389758364883152686e-01	2.796405631704679262e-01	1.669639858657173959e-01	7.734720261057659307e-02	3.329502874256744932e-02	8.568572996514127460e-02
1.465844374737550879e+03	2.178519000503562064e-01	1.388078296560891767e-01	2.798147374427005230e-01	1.670665646140891136e-01	7.738452621019069333e-02	3.332312075298556747e-02	8.575132127334847421e-02
1.468263259844378354e+03	2.176128326215085729e-01	1.386402858007496075e-01	2.799883989969934039e-01	1.671688585152445172e-01	7.742174942370898261e-02	3.335114519661149662e-02	8.581672944494316002e-02
1.470682144951206283e+03	2.173744488101945760e-01	1.384732037264813920e-01	2.801615492842248756e-01	1.672708683784598083e-01	7.745887259571723749e-02	3.337910219902023162e-02	8.588195500566163376e-02
1.473101030058033530e+03	2.171367465635395677e-01	1.383065822395474487e-01	2.803341897512433567e-01	1.673725950106025318e-01	7.749589606910045614e-02	3.340699188607339221e-02	8.594699847965298067e-02
1.475519915164861459e+03	2.168997238359910706e-01	1.381404201482983596e-01	2.805063218408782588e-01	1.674740392161406521e-01	7.753282018505544548e-02	3.343481438391166655e-02	8.601186038948423207e-02
1.477938800271689161e+03	2.166633785892796427e-01	1.379747162631819735e-01	2.806779469919504777e-01	1.675752017971512964e-01	7.756964528310329732e-02	3.346256981894742827e-02	8.607654125614550011e-02
1.480357685378516862e+03	2.164277087923800469e-01	1.378094693967525930e-01	2.808490666392828849e-01	1.676760835533298299e-01	7.760637170110183669e-02	3.349025831785738816e-02	8.614104159905498770e-02
1.482776570485344337e+03	2.161927124214728657e-01	1.376446783636799120e-01	2.810196822137109862e-01	1.677766852819984056e-01	7.764299977525787599e-02	3.351788000757534303e-02	8.620536193606419262e-02
