1.001418434226643626e+03	2.832913708535378383e-01	1.742550362511478546e-01	2.342129941977220686e-01	1.413639211605007551e-01	6.893492943555259989e-02	2.770949213241310008e-02	7.023225596910011304e-02
1.002869765290740247e+03	2.830329052979054794e-01	1.740897893845517463e-01	2.343881502654506233e-01	1.414711016564902113e-01	6.897977896669377218e-02	2.773730500093948489e-02	7.030096942794301917e-02
1.004321096354836754e+03	2.827748857849156083e-01	1.739248277806991205e-01	2.345629846001092422e-01	1.415780968551695052e-01	6.902455329118044325e-02	2.776508385528899878e-02	7.036956783261134885e-02
1.005772427418933376e+03	2.825173115425126391e-01	1.737601509453590987e-01	2.347374977855807010e-01	1.416849071249804415e-01	6.906925254425770599e-02	2.779282870166377081e-02	7.043805135561993780e-02
1.007223758483029997e+03	2.822601817999881302e-01	1.735957583851662489e-01	2.349116904046535670e-01	1.417915328333634317e-01	6.911387686088626969e-02	2.782053954647847882e-02	7.050642016943813040e-02
1.008675089547126618e+03	2.820034957879787862e-01	1.734316496076191705e-01	2.350855630390247530e-01	1.418979743467617682e-01	6.915842637574337592e-02	2.784821639635898585e-02	7.057467444648748978e-02
1.010126420611223239e+03	2.817472527384634606e-01	1.732678241210787451e-01	2.352591162693020987e-01	1.420042320306258155e-01	6.920290122322354798e-02	2.787585925814096977e-02	7.064281435913961904e-02
1.011577751675319632e+03	2.814914518847614344e-01	1.731042814347667214e-01	2.354323506750067019e-01	1.421103062494173674e-01	6.924730153743943739e-02	2.790346813886857014e-02	7.071084007971402408e-02
1.013029082739416367e+03	2.812360924615294189e-01	1.729410210587640495e-01	2.356052668345755552e-01	1.422161973666137003e-01	6.929162745222253172e-02	2.793104304579304212e-02	7.077875178047592086e-02
1.014480413803512761e+03	2.809811737047595015e-01	1.727780425040093271e-01	2.357778653253639056e-01	1.423219057447117908e-01	6.933587910112405661e-02	2.795858398637141376e-02	7.084654963363412605e-02
1.015931744867609382e+03	2.807266948517767036e-01	1.726153452822973278e-01	2.359501467236477801e-01	1.424274317452324801e-01	6.938005661741569741e-02	2.798609096826514334e-02	7.091423381133894754e-02
1.017383075931706003e+03	2.804726551412364821e-01	1.724529289062773085e-01	2.361221116046263724e-01	1.425327757287245256e-01	6.942416013409044573e-02	2.801356399933881830e-02	7.098180448568008893e-02
1.018834406995802851e+03	2.802190538131223985e-01	1.722907928894516216e-01	2.362937605424245135e-01	1.426379380547687370e-01	6.946818978386332111e-02	2.804100308765880567e-02	7.104926182868463724e-02
1.020285738059899245e+03	2.799658901087437868e-01	1.721289367461739939e-01	2.364650941100951143e-01	1.427429190819820837e-01	6.951214569917218977e-02	2.806840824149195099e-02	7.111660601231498124e-02
1.021737069123995752e+03	2.797131632707332560e-01	1.719673599916480555e-01	2.366361128796215796e-01	1.428477191680216085e-01	6.955602801217852793e-02	2.809577946930426340e-02	7.118383720846679918e-02
1.023188400188092373e+03	2.794608725430444696e-01	1.718060621419258416e-01	2.368068174219202238e-01	1.429523386695885911e-01	6.959983685476824056e-02	2.812311677975963889e-02	7.125095558896706038e-02
1.024639731252188767e+03	2.792090171709497026e-01	1.716450427139062096e-01	2.369772083068426849e-01	1.430567779424324615e-01	6.964357235855236916e-02	2.815042018171853497e-02	7.131796132557212398e-02
1.026091062316285615e+03	2.789575964010374554e-01	1.714843012253333132e-01	2.371472861031782564e-01	1.431610373413547410e-01	6.968723465486788282e-02	2.817768968423669737e-02	7.138485458996567112e-02
1.027542393380382237e+03	2.787066094812102324e-01	1.713238371947950756e-01	2.373170513786563296e-01	1.432651172202130951e-01	6.973082387477849697e-02	2.820492529656388331e-02	7.145163555375688702e-02
1.028993724444478858e+03	2.784560556606819337e-01	1.711636501417216072e-01	2.374865046999488638e-01	1.433690179319251634e-01	6.977434014907538118e-02	2.823212702814259165e-02	7.151830438847849025e-02
1.030445055508575479e+03	2.782059341899757454e-01	1.710037395863837628e-01	2.376556466326724959e-01	1.434727398284724731e-01	6.981778360827790852e-02	2.825929488860677574e-02	7.158486126558484541e-02
1.031896386572671872e+03	2.779562443209216971e-01	1.708441050498914759e-01	2.378244777413911493e-01	1.435762832609044082e-01	6.986115438263443278e-02	2.828642888778060485e-02	7.165130635645014512e-02
1.033347717636768493e+03	2.777069853066543859e-01	1.706847460541925099e-01	2.379929985896182543e-01	1.436796485793419009e-01	6.990445260212305167e-02	2.831352903567720472e-02	7.171763983236652262e-02
1.034799048700865114e+03	2.774581564016105895e-01	1.705256621220706259e-01	2.381612097398191075e-01	1.437828361329814286e-01	6.994767839645238405e-02	2.834059534249739817e-02	7.178386186454226159e-02
1.036250379764961508e+03	2.772097568615269347e-01	1.703668527771442232e-01	2.383291117534132864e-01	1.438858462700986496e-01	6.999083189506224989e-02	2.836762781862847346e-02	7.184997262409993646e-02
1.037701710829058356e+03	2.769617859434375662e-01	1.702083175438649232e-01	2.384967051907768698e-01	1.439886793380523722e-01	7.003391322712443356e-02	2.839462647464294567e-02	7.191597228207469161e-02
1.039153041893154750e+03	2.767142429056718145e-01	1.700500559475157936e-01	2.386639906112447695e-01	1.440913356832881909e-01	7.007692252154347490e-02	2.842159132129732854e-02	7.198186100941243726e-02
1.040604372957251599e+03	2.764671270078519205e-01	1.698920675142101544e-01	2.388309685731130616e-01	1.441938156513422886e-01	7.011985990695737692e-02	2.844852236953092708e-02	7.204763897696811470e-02
1.042055704021347992e+03	2.762204375108907040e-01	1.697343517708897742e-01	2.389976396336413178e-01	1.442961195868451285e-01	7.016272551173829974e-02	2.847541963046459554e-02	7.211330635550400325e-02
1.043507035085444613e+03	2.759741736769893428e-01	1.695769082453237042e-01	2.391640043490548539e-01	1.443982478335250896e-01	7.020551946399335164e-02	2.850228311539954387e-02	7.217886331568793001e-02
1.044958366149541234e+03	2.757283347696349307e-01	1.694197364661064187e-01	2.393300632745469780e-01	1.445002007342123251e-01	7.024824189156529675e-02	2.852911283581612695e-02	7.224431002809168778e-02
1.046409697213637855e+03	2.754829200535983125e-01	1.692628359626566215e-01	2.394958169642813495e-01	1.446019786308422317e-01	7.029089292203327677e-02	2.855590880337266144e-02	7.230964666318930034e-02
1.047861028277734476e+03	2.752379287949316411e-01	1.691062062652155529e-01	2.396612659713941440e-01	1.447035818644591687e-01	7.033347268271354646e-02	2.858267102990421846e-02	7.237487339135541264e-02
1.049312359341831097e+03	2.749933602609662686e-01	1.689498469048456852e-01	2.398264108479964130e-01	1.448050107752200388e-01	7.037598130066016755e-02	2.860939952742144743e-02	7.243999038286361158e-02
1.050763690405927491e+03	2.747492137203102480e-01	1.687937574134290852e-01	2.399912521451762482e-01	1.449062657023979239e-01	7.041841890266578585e-02	2.863609430810939299e-02	7.250499780788487170e-02
1.052215021470024112e+03	2.745054884428462794e-01	1.686379373236659707e-01	2.401557904130011134e-01	1.450073469843856100e-01	7.046078561526228357e-02	2.866275538432632580e-02	7.256989583648593145e-02
1.053666352534120733e+03	2.742621836997293228e-01	1.684823861690732949e-01	2.403200262005199539e-01	1.451082549586991677e-01	7.050308156472150090e-02	2.868938276860257680e-02	7.263468463862771118e-02
1.055117683598217127e+03	2.740192987633841559e-01	1.683271034839832203e-01	2.404839600557655555e-01	1.452089899619814217e-01	7.054530687705598546e-02	2.871597647363937494e-02	7.269936438416378655e-02
1.056569014662313975e+03	2.737768329075035423e-01	1.681720888035416472e-01	2.406475925257566262e-01	1.453095523300055314e-01	7.058746167801965843e-02	2.874253651230769188e-02	7.276393524283882031e-02
1.058020345726410369e+03	2.735347854070455664e-01	1.680173416637067429e-01	2.408109241565001002e-01	1.454099423976784877e-01	7.062954609310850840e-02	2.876906289764709010e-02	7.282839738428704968e-02
1.059471676790506763e+03	2.732931555382314692e-01	1.678628616012475261e-01	2.409739554929933303e-01	1.455101604990444442e-01	7.067156024756132693e-02	2.879555564286458494e-02	7.289275097803080139e-02
1.060923007854603611e+03	2.730519425785435939e-01	1.677086481537423956e-01	2.411366870792262529e-01	1.456102069672883248e-01	7.071350426636041631e-02	2.882201476133351703e-02	7.295699619347899290e-02
1.062374338918700232e+03	2.728111458067229433e-01	1.675547008595774934e-01	2.412991194581835530e-01	1.457100821347392106e-01	7.075537827423228343e-02	2.884844026659240043e-02	7.302113319992566132e-02
1.063825669982796853e+03	2.725707645027667936e-01	1.674010192579455381e-01	2.414612531718469679e-01	1.458097863328736699e-01	7.079718239564820881e-02	2.887483217234381588e-02	7.308516216654852016e-02
1.065277001046893474e+03	2.723307979479269725e-01	1.672476028888441602e-01	2.416230887611972300e-01	1.459093198923192003e-01	7.083891675482516248e-02	2.890119049245327976e-02	7.314908326240747438e-02
1.066728332110990095e+03	2.720912454247070844e-01	1.670944512930745973e-01	2.417846267662164816e-01	1.460086831428576426e-01	7.088058147572628975e-02	2.892751524094813731e-02	7.321289665644327427e-02
1.068179663175086489e+03	2.718521062168605118e-01	1.669415640122400568e-01	2.419458677258902179e-01	1.461078764134284280e-01	7.092217668206167447e-02	2.895380643201645246e-02	7.327660251747612763e-02
1.069630994239183110e+03	2.716133796093881947e-01	1.667889405887445220e-01	2.421068121782095350e-01	1.462069000321320200e-01	7.096370249728903290e-02	2.898006408000591491e-02	7.334020101420420101e-02
1.071082325303279504e+03	2.713750648885364658e-01	1.666365805657910593e-01	2.422674606601733227e-01	1.463057543262331062e-01	7.100515904461439376e-02	2.900628819942272299e-02	7.340369231520238458e-02
1.072533656367376352e+03	2.711371613417945525e-01	1.664844834873804857e-01	2.424278137077903184e-01	1.464044396221640121e-01	7.104654644699272270e-02	2.903247880493051852e-02	7.346707658892083492e-02
1.073984987431472746e+03	2.708996682578926340e-01	1.663326488983100093e-01	2.425878718560812441e-01	1.465029562455278378e-01	7.108786482712868560e-02	2.905863591134928356e-02	7.353035400368371222e-02
1.075436318495569594e+03	2.706625849267996764e-01	1.661810763441717020e-01	2.427476356390808887e-01	1.466013045211018717e-01	7.112911430747718977e-02	2.908475953365426137e-02	7.359352472768782016e-02
1.076887649559666215e+03	2.704259106397209345e-01	1.660297653713510846e-01	2.429071055898402998e-01	1.466994847728406992e-01	7.117029501024420279e-02	2.911084968697490866e-02	7.365658892900130150e-02
1.078338980623762609e+03	2.701896446890960091e-01	1.658787155270256553e-01	2.430662822404288659e-01	1.467974973238794500e-01	7.121140705738727983e-02	2.913690638659378537e-02	7.371954677556237512e-02
1.079790311687859230e+03	2.699537863685965156e-01	1.657279263591636131e-01	2.432251661219363703e-01	1.468953424965370180e-01	7.125245057061631304e-02	2.916292964794553466e-02	7.378239843517804541e-02
1.081241642751955851e+03	2.697183349731240298e-01	1.655773974165222762e-01	2.433837577644751005e-01	1.469930206123192529e-01	7.129342567139416997e-02	2.918891948661579000e-02	7.384514407552283943e-02
1.082692973816052472e+03	2.694832897988076459e-01	1.654271282486467209e-01	2.435420576971819295e-01	1.470905319919220411e-01	7.133433248093734580e-02	2.921487591834015518e-02	7.390778386413759948e-02
1.084144304880149093e+03	2.692486501430021439e-01	1.652771184058683951e-01	2.437000664482204260e-01	1.471878769552345534e-01	7.137517112021662946e-02	2.924079895900312531e-02	7.397031796842817863e-02
1.085595635944245487e+03	2.690144153042854369e-01	1.651273674393037016e-01	2.438577845447828241e-01	1.472850558213423255e-01	7.141594170995774205e-02	2.926668862463707721e-02	7.403274655566431661e-02
1.087046967008342108e+03	2.687805845824567386e-01	1.649778749008524725e-01	2.440152125130922445e-01	1.473820689085304225e-01	7.145664437064198904e-02	2.929254493142121815e-02	7.409506979297839080e-02
1.088498298072438729e+03	2.685471572785340100e-01	1.648286403431967473e-01	2.441723508784045815e-01	1.474789165342863528e-01	7.149727922250689871e-02	2.931836789568056240e-02	7.415728784736425050e-02
1.089949629136535123e+03	2.683141326947522942e-01	1.646796633197992743e-01	2.443292001650106682e-01	1.475755990153033437e-01	7.153784638554690212e-02	2.934415753388489381e-02	7.421940088567602345e-02
1.091400960200631971e+03	2.680815101345609963e-01	1.645309433849020397e-01	2.444857608962382745e-01	1.476721166674833385e-01	7.157834597951394373e-02	2.936991386264776668e-02	7.428140907462699172e-02
1.092852291264728365e+03	2.678492889026222734e-01	1.643824800935250185e-01	2.446420335944541335e-01	1.477684698059399393e-01	7.161877812391813369e-02	2.939563689872547875e-02	7.434331258078843985e-02
1.094303622328825213e+03	2.676174683048083147e-01	1.642342730014646202e-01	2.447980187810659403e-01	1.478646587450015981e-01	7.165914293802838619e-02	2.942132665901605812e-02	7.440511157058853076e-02
1.095754953392921607e+03	2.673860476481996207e-01	1.640863216652924395e-01	2.449537169765244049e-01	1.479606837982144762e-01	7.169944054087303009e-02	2.944698316055828144e-02	7.446680621031118164e-02
1.097206284457018228e+03	2.671550262410827825e-01	1.639386256423537302e-01	2.451091287003252794e-01	1.480565452783454417e-01	7.173967105124050281e-02	2.947260642053065385e-02	7.452839666609498148e-02
1.098657615521114849e+03	2.669244033929481508e-01	1.637911844907661563e-01	2.452642544710114114e-01	1.481522434973851776e-01	7.177983458767991931e-02	2.949819645625042716e-02	7.458988310393210863e-02
1.100108946585211470e+03	2.666941784144878924e-01	1.636439977694182646e-01	2.454190948061746314e-01	1.482477787665509861e-01	7.181993126850171050e-02	2.952375328517260755e-02	7.465126568966726217e-02
1.101560277649308091e+03	2.664643506175937149e-01	1.634970650379682366e-01	2.455736502224577511e-01	1.483431513962898407e-01	7.185996121177826157e-02	2.954927692488897376e-02	7.471254458899653783e-02
1.103011608713404712e+03	2.662349193153548121e-01	1.633503858568424172e-01	2.457279212355567011e-01	1.484383616962811347e-01	7.189992453534455041e-02	2.957476739312710559e-02	7.477371996746652594e-02
1.104462939777501106e+03	2.660058838220558108e-01	1.632039597872339265e-01	2.458819083602223343e-01	1.485334099754398451e-01	7.193982135679873047e-02	2.960022470774940559e-02	7.483479199047314567e-02
1.105914270841597499e+03	2.657772434531744943e-01	1.630577863911014391e-01	2.460356121102625082e-01	1.486282965419192248e-01	7.197965179350278297e-02	2.962564888675212754e-02	7.489576082326068751e-02
1.107365601905694348e+03	2.655489975253796930e-01	1.629118652311675186e-01	2.461890329985439441e-01	1.487230217031136892e-01	7.201941596258312761e-02	2.965103994826443282e-02	7.495662663092081401e-02
1.108816932969790741e+03	2.653211453565293421e-01	1.627661958709175627e-01	2.463421715369943921e-01	1.488175857656617307e-01	7.205911398093121922e-02	2.967639791054740850e-02	7.501738957839153288e-02
1.110268264033887590e+03	2.650936862656681492e-01	1.626207778745982768e-01	2.464950282366043799e-01	1.489119890354488329e-01	7.209874596520415846e-02	2.970172279199313065e-02	7.507804983045625324e-02
1.111719595097984211e+03	2.648666195730257078e-01	1.624756108072163141e-01	2.466476036074291833e-01	1.490062318176100797e-01	7.213831203182530238e-02	2.972701461112372406e-02	7.513860755174280037e-02
1.113170926162080832e+03	2.646399446000142763e-01	1.623306942345369153e-01	2.467998981585909357e-01	1.491003144165331806e-01	7.217781229698490286e-02	2.975227338659039433e-02	7.519906290672247196e-02
1.114622257226177226e+03	2.644136606692266134e-01	1.621860277230826042e-01	2.469519123982803765e-01	1.491942371358611352e-01	7.221724687664068942e-02	2.977749913717251187e-02	7.525941605970909443e-02
1.116073588290273847e+03	2.641877671044339793e-01	1.620416108401318001e-01	2.471036468337588499e-01	1.492880002784951199e-01	7.225661588651845213e-02	2.980269188177667519e-02	7.531966717485810703e-02
1.117524919354370468e+03	2.639622632305840266e-01	1.618974431537174297e-01	2.472551019713603582e-01	1.493816041465970967e-01	7.229591944211266608e-02	2.982785163943578455e-02	7.537981641616560424e-02
1.118976250418467089e+03	2.637371483737987465e-01	1.617535242326256228e-01	2.474062783164931445e-01	1.494750490415927280e-01	7.233515765868706038e-02	2.985297842930811213e-02	7.543986394746750312e-02
1.120427581482563710e+03	2.635124218613723035e-01	1.616098536463944080e-01	2.475571763736419684e-01	1.495683352641739849e-01	7.237433065127525655e-02	2.987807227067638960e-02	7.549980993243857186e-02
1.121878912546660331e+03	2.632880830217690371e-01	1.614664309653121854e-01	2.477077966463697989e-01	1.496614631143019236e-01	7.241343853468135139e-02	2.990313318294690256e-02	7.555965453459158321e-02
1.123330243610756725e+03	2.630641311846213526e-01	1.613232557604165895e-01	2.478581396373198409e-01	1.497544328912094047e-01	7.245248142348048592e-02	2.992816118564856076e-02	7.561939791727648186e-02
1.124781574674853118e+03	2.628405656807277779e-01	1.611803276034930454e-01	2.480082058482172280e-01	1.498472448934037304e-01	7.249145943201942832e-02	2.995315629843200989e-02	7.567904024367945459e-02
1.126232905738949967e+03	2.626173858420505214e-01	1.610376460670734922e-01	2.481579957798711877e-01	1.499398994186693923e-01	7.253037267441718450e-02	2.997811854106874341e-02	7.573858167682215314e-02
1.127684236803046360e+03	2.623945910017137506e-01	1.608952107244349949e-01	2.483075099321766788e-01	1.500323967640706246e-01	7.256922126456559485e-02	3.000304793345018317e-02	7.579802237956083377e-02
1.129135567867143209e+03	2.621721804940015943e-01	1.607530211495984129e-01	2.484567488041163619e-01	1.501247372259541524e-01	7.260800531612986164e-02	3.002794449558680856e-02	7.585736251458549684e-02
1.130586898931239830e+03	2.619501536543556441e-01	1.606110769173270947e-01	2.486057128937625427e-01	1.502169210999517446e-01	7.264672494254918733e-02	3.005280824760726485e-02	7.591660224441915128e-02
1.132038229995336451e+03	2.617285098193734560e-01	1.604693776031255181e-01	2.487544026982789203e-01	1.503089486809829345e-01	7.268538025703731587e-02	3.007763920975748198e-02	7.597574173141695419e-02
1.133489561059432845e+03	2.615072483268062187e-01	1.603279227832380416e-01	2.489028187139225023e-01	1.504008202632574343e-01	7.272397137258312938e-02	3.010243740239980717e-02	7.603478113776544756e-02
1.134940892123529466e+03	2.612863685155565330e-01	1.601867120346474882e-01	2.490509614360454371e-01	1.504925361402779660e-01	7.276249840195121721e-02	3.012720284601212370e-02	7.609372062548176718e-02
1.136392223187626087e+03	2.610658697256768024e-01	1.600457449350738970e-01	2.491988313590968451e-01	1.505840966048426210e-01	7.280096145768243099e-02	3.015193556118699394e-02	7.615256035641289334e-02
1.137843554251722708e+03	2.608457512983668458e-01	1.599050210629731628e-01	2.493464289766247344e-01	1.506755019490475245e-01	7.283936065209448141e-02	3.017663556863078855e-02	7.621130049223487357e-02
1.139294885315819101e+03	2.606260125759720658e-01	1.597645399975357872e-01	2.494937547812777767e-01	1.507667524642893886e-01	7.287769609728247944e-02	3.020130288916283642e-02	7.626994119445211495e-02
1.140746216379915950e+03	2.604066529019811727e-01	1.596243013186854354e-01	2.496408092648070565e-01	1.508578484412680110e-01	7.291596790511953308e-02	3.022593754371456776e-02	7.632848262439657916e-02
1.142197547444012343e+03	2.601876716210245188e-01	1.594843046070777981e-01	2.497875929180681243e-01	1.509487901699888002e-01	7.295417618725724695e-02	3.025053955332867098e-02	7.638692494322713022e-02
1.143648878508108737e+03	2.599690680788718233e-01	1.593445494440990928e-01	2.499341062310226069e-01	1.510395779397652738e-01	7.299232105512637458e-02	3.027510893915823925e-02	7.644526831192878513e-02
1.145100209572205586e+03	2.597508416224302841e-01	1.592050354118650091e-01	2.500803496927400671e-01	1.511302120392216120e-01	7.303040261993730409e-02	3.029964572246594823e-02	7.650351289131201993e-02
1.146551540636302207e+03	2.595329915997423575e-01	1.590657620932191818e-01	2.502263237913998073e-01	1.512206927562950165e-01	7.306842099268064106e-02	3.032414992462319908e-02	7.656165884201203420e-02
1.148002871700398828e+03	2.593155173599840380e-01	1.589267290717319425e-01	2.503720290142928406e-01	1.513110203782382646e-01	7.310637628412777755e-02	3.034862156710930667e-02	7.661970632448814045e-02
1.149454202764495449e+03	2.590984182534625813e-01	1.587879359316991534e-01	2.505174658478233063e-01	1.514011951916221510e-01	7.314426860483140558e-02	3.037306067151065991e-02	7.667765549902305633e-02
1.150905533828591842e+03	2.588816936316147288e-01	1.586493822581407365e-01	2.506626347775107178e-01	1.514912174823379032e-01	7.318209806512611382e-02	3.039746725951991344e-02	7.673550652572219688e-02
1.152356864892688463e+03	2.586653428470045979e-01	1.585110676367994798e-01	2.508075362879914616e-01	1.515810875355996512e-01	7.321986477512892888e-02	3.042184135293515834e-02	7.679325956451309165e-02
1.153808195956785084e+03	2.584493652533216834e-01	1.583729916541397331e-01	2.509521708630205183e-01	1.516708056359467593e-01	7.325756884473981490e-02	3.044618297365912080e-02	7.685091477514469083e-02
1.155259527020881706e+03	2.582337602053788039e-01	1.582351538973461869e-01	2.510965389854736274e-01	1.517603720672463519e-01	7.329521038364229801e-02	3.047049214369833975e-02	7.690847231718676846e-02
1.156710858084978327e+03	2.580185270591104363e-01	1.580975539543224007e-01	2.512406411373485082e-01	1.518497871126954779e-01	7.333278950130389662e-02	3.049476888516236897e-02	7.696593235002924249e-02
1.158162189149074720e+03	2.578036651715702732e-01	1.579601914136897767e-01	2.513844777997670255e-01	1.519390510548238038e-01	7.337030630697678746e-02	3.051901322026297561e-02	7.702329503288163348e-02
1.159613520213171569e+03	2.575891739009295578e-01	1.578230658647860885e-01	2.515280494529769095e-01	1.520281641754957225e-01	7.340776090969827750e-02	3.054322517131335263e-02	7.708056052477238462e-02
1.161064851277267962e+03	2.573750526064750299e-01	1.576861768976641764e-01	2.516713565763533667e-01	1.521171267559127127e-01	7.344515341829133126e-02	3.056740476072731041e-02	7.713772898454832050e-02
1.162516182341364356e+03	2.571613006486068720e-01	1.575495241030909210e-01	2.518143996484008551e-01	1.522059390766158649e-01	7.348248394136516759e-02	3.059155201101850310e-02	7.719480057087399483e-02
1.163967513405461204e+03	2.569479173888369328e-01	1.574131070725457437e-01	2.519571791467549726e-01	1.522946014174880180e-01	7.351975258731568985e-02	3.061566694479964448e-02	7.725177544223120474e-02
1.165418844469557826e+03	2.567349021897864514e-01	1.572769253982193860e-01	2.520996955481840107e-01	1.523831140577562304e-01	7.355695946432611043e-02	3.063974958478171348e-02	7.730865375691832464e-02
1.166870175533654447e+03	2.565222544151843920e-01	1.571409786730127156e-01	2.522419493285907310e-01	1.524714772759938330e-01	7.359410468036745034e-02	3.066379995377319784e-02	7.736543567304980662e-02
1.168321506597751068e+03	2.563099734298655563e-01	1.570052664905353113e-01	2.523839409630141972e-01	1.525596913501230112e-01	7.363118834319906658e-02	3.068781807467931347e-02	7.742212134855561145e-02
1.169772837661847461e+03	2.560980585997681969e-01	1.568697884451044355e-01	2.525256709256315513e-01	1.526477565574168860e-01	7.366821056036916560e-02	3.071180397050123773e-02	7.747871094118063962e-02
1.171224168725944082e+03	2.558865092919323514e-01	1.567345441317435917e-01	2.526671396897594013e-01	1.527356731745018459e-01	7.370517143921535841e-02	3.073575766433534959e-02	7.753520460848423168e-02
1.172675499790040703e+03	2.556753248744980667e-01	1.565995331461813023e-01	2.528083477278558200e-01	1.528234414773597949e-01	7.374207108686513246e-02	3.075967917937245943e-02	7.759160250783962709e-02
1.174126830854137097e+03	2.554645047167031224e-01	1.564647550848498325e-01	2.529492955115220099e-01	1.529110617413303730e-01	7.377890961023643446e-02	3.078356853889707700e-02	7.764790479643346455e-02
1.175578161918233945e+03	2.552540481888811996e-01	1.563302095448840245e-01	2.530899835115038576e-01	1.529985342411132598e-01	7.381568711603812838e-02	3.080742576628663770e-02	7.770411163126522691e-02
1.177029492982330339e+03	2.550439546624601039e-01	1.561958961241200483e-01	2.532304121976938771e-01	1.530858592507702287e-01	7.385240371077053667e-02	3.083125088501076708e-02	7.776022316914679711e-02
1.178480824046426733e+03	2.548342235099595454e-01	1.560618144210940139e-01	2.533705820391328190e-01	1.531730370437275612e-01	7.388905950072596762e-02	3.085504391863053836e-02	7.781623956670190301e-02
1.179932155110523581e+03	2.546248541049895286e-01	1.559279640350408891e-01	2.535104935040112251e-01	1.532600678927780458e-01	7.392565459198922884e-02	3.087880489079772306e-02	7.787216098036571499e-02
1.181383486174620202e+03	2.544158458222482433e-01	1.557943445658931669e-01	2.536501470596711494e-01	1.533469520700833089e-01	7.396218909043811296e-02	3.090253382525407280e-02	7.792798756638426305e-02
1.182834817238716823e+03	2.542071980375201212e-01	1.556609556142796169e-01	2.537895431726081008e-01	1.534336898471759247e-01	7.399866310174392503e-02	3.092623074583057685e-02	7.798371948081407601e-02
1.184286148302813444e+03	2.539989101276740047e-01	1.555277967815241469e-01	2.539286823084722644e-01	1.535202814949615246e-01	7.403507673137199596e-02	3.094989567644673006e-02	7.803935687952164024e-02
1.185737479366910065e+03	2.537909814706611478e-01	1.553948676696444431e-01	2.540675649320706109e-01	1.536067272837210729e-01	7.407143008458214051e-02	3.097352864110981471e-02	7.809489991818299726e-02
1.187188810431006686e+03	2.535834114455134403e-01	1.552621678813508321e-01	2.542061915073683398e-01	1.536930274831128929e-01	7.410772326642925401e-02	3.099712966391419272e-02	7.815034875228327182e-02
1.188640141495103080e+03	2.533761994323414646e-01	1.551296970200448933e-01	2.543445624974904340e-01	1.537791823621748599e-01	7.414395638176372871e-02	3.102069876904057361e-02	7.820570353711622791e-02
1.190091472559199701e+03	2.531693448123324419e-01	1.549974546898185424e-01	2.544826783647235469e-01	1.538651921893264829e-01	7.418012953523196729e-02	3.104423598075530324e-02	7.826096442778389395e-02
1.191542803623296322e+03	2.529628469677485114e-01	1.548654404954525055e-01	2.546205395705175567e-01	1.539510572323710136e-01	7.421624283127692401e-02	3.106774132340966998e-02	7.831613157919604939e-02
1.192994134687392716e+03	2.527567052819246762e-01	1.547336540424151807e-01	2.547581465754871211e-01	1.540367777584975006e-01	7.425229637413857664e-02	3.109121482143918647e-02	7.837120514606990551e-02
1.194445465751489564e+03	2.525509191392670827e-01	1.546020949368614728e-01	2.548954998394136195e-01	1.541223540342829545e-01	7.428829026785442602e-02	3.111465649936288880e-02	7.842618528292963354e-02
1.195896796815585958e+03	2.523454879252510774e-01	1.544707627856315713e-01	2.550325998212463752e-01	1.542077863256944570e-01	7.432422461625995402e-02	3.113806638178265307e-02	7.848107214410600385e-02
1.197348127879682352e+03	2.521404110264192089e-01	1.543396571962496466e-01	2.551694469791044861e-01	1.542930748980910483e-01	7.436009952298919257e-02	3.116144449338248412e-02	7.853586588373594191e-02
1.198799458943779200e+03	2.519356878303795066e-01	1.542087777769227397e-01	2.553060417702786022e-01	1.543782200162258644e-01	7.439591509147512605e-02	3.118479085892784594e-02	7.859056665576220901e-02
1.200250790007875821e+03	2.517313177258034829e-01	1.540781241365395127e-01	2.554423846512324237e-01	1.544632219442483023e-01	7.443167142495024646e-02	3.120810550326495736e-02	7.864517461393298603e-02
1.201702121071972442e+03	2.515273001024243005e-01	1.539476958846689725e-01	2.555784760776041997e-01	1.545480809457058791e-01	7.446736862644699750e-02	3.123138845132012245e-02	7.869968991180148477e-02
1.203153452136069063e+03	2.513236343510348858e-01	1.538174926315593882e-01	2.557143165042083943e-01	1.546327972835463138e-01	7.450300679879828802e-02	3.125463972809904012e-02	7.875411270272565656e-02
1.204604783200165684e+03	2.511203198634862077e-01	1.536875139881369312e-01	2.558499063850374622e-01	1.547173712201195539e-01	7.453858604463795001e-02	3.127785935868614142e-02	7.880844313986774818e-02
1.206056114264262078e+03	2.509173560326851682e-01	1.535577595660046479e-01	2.559852461732632367e-01	1.548018030171797732e-01	7.457410646640125207e-02	3.130104736824391998e-02	7.886268137619399654e-02
1.207507445328358699e+03	2.507147422525928260e-01	1.534282289774411834e-01	2.561203363212387063e-01	1.548860929358873151e-01	7.460956816632534350e-02	3.132420378201224848e-02	7.891682756447432334e-02
1.208958776392455093e+03	2.505124779182226202e-01	1.532989218353995320e-01	2.562551772804996242e-01	1.549702412368107740e-01	7.464497124644975390e-02	3.134732862530772990e-02	7.897088185728191878e-02
1.210410107456551941e+03	2.503105624256385386e-01	1.531698377535058997e-01	2.563897695017658407e-01	1.550542481799288275e-01	7.468031580861690666e-02	3.137042192352302444e-02	7.902484440699295010e-02
1.211861438520648335e+03	2.501089951719531190e-01	1.530409763460584271e-01	2.565241134349430796e-01	1.551381140246323453e-01	7.471560195447247976e-02	3.139348370212619727e-02	7.907871536578625626e-02
1.213312769584745183e+03	2.499077755553257008e-01	1.529123372280261905e-01	2.566582095291247145e-01	1.552218390297262218e-01	7.475082978546601642e-02	3.141651398666007317e-02	7.913249488564298717e-02
1.214764100648841804e+03	2.497069029749605651e-01	1.527839200150478416e-01	2.567920582325929346e-01	1.553054234534313460e-01	7.478599940285131364e-02	3.143951280274158433e-02	7.918618311834635382e-02
1.216215431712937971e+03	2.495063768311051033e-01	1.526557243234304140e-01	2.569256599928205764e-01	1.553888675533865726e-01	7.482111090768689410e-02	3.146248017606111114e-02	7.923978021548128137e-02
1.217666762777034819e+03	2.493061965250479572e-01	1.525277497701482410e-01	2.570590152564725672e-01	1.554721715866506093e-01	7.485616440083650569e-02	3.148541613238185072e-02	7.929328632843411773e-02
1.219118093841131440e+03	2.491063614591171593e-01	1.523999959728417619e-01	2.571921244694078124e-01	1.555553358097039041e-01	7.489115998296957954e-02	3.150832069753918552e-02	7.934670160839234210e-02
1.220569424905228061e+03	2.489068710366783843e-01	1.522724625498162176e-01	2.573249880766803610e-01	1.556383604784506436e-01	7.492609775456171572e-02	3.153119389744001022e-02	7.940002620634431518e-02
1.222020755969324682e+03	2.487077246621331172e-01	1.521451491200406236e-01	2.574576065225411825e-01	1.557212458482205575e-01	7.496097781589505793e-02	3.155403575806214889e-02	7.945326027307893224e-02
1.223472087033421303e+03	2.485089217409167661e-01	1.520180553031465487e-01	2.575899802504394986e-01	1.558039921737708056e-01	7.499580026705889024e-02	3.157684630545368881e-02	7.950640395918544268e-02
1.224923418097517697e+03	2.483104616794968023e-01	1.518911807194268937e-01	2.577221097030246155e-01	1.558865997092878652e-01	7.503056520794999795e-02	3.159962556573237685e-02	7.955945741505307534e-02
1.226374749161614318e+03	2.481123438853710672e-01	1.517645249898346982e-01	2.578539953221474224e-01	1.559690687083894189e-01	7.506527273827316715e-02	3.162237356508498104e-02	7.961242079087088586e-02
1.227826080225710712e+03	2.479145677670659131e-01	1.516380877359821688e-01	2.579856375488617237e-01	1.560513994241262137e-01	7.509992295754160108e-02	3.164509032976667302e-02	7.966529423662742360e-02
1.229277411289807560e+03	2.477171327341343432e-01	1.515118685801392084e-01	2.581170368234259049e-01	1.561335921089838374e-01	7.513451596507744745e-02	3.166777588610043132e-02	7.971807790211053735e-02
1.230728742353903954e+03	2.475200381971542629e-01	1.513858671452325277e-01	2.582481935853045973e-01	1.562156470148846343e-01	7.516905186001221484e-02	3.169043026047640987e-02	7.977077193690708390e-02
1.232180073418000802e+03	2.473232835677267039e-01	1.512600830548442854e-01	2.583791082731699551e-01	1.562975643931895364e-01	7.520353074128718895e-02	3.171305347935133440e-02	7.982337649040273375e-02
1.233631404482097196e+03	2.471268682584738530e-01	1.511345159332110888e-01	2.585097813249034870e-01	1.563793444946997568e-01	7.523795270765394616e-02	3.173564556924789171e-02	7.987589171178173519e-02
1.235082735546193817e+03	2.469307916830375538e-01	1.510091654052227450e-01	2.586402131775971669e-01	1.564609875696587882e-01	7.527231785767475591e-02	3.175820655675411913e-02	7.992831775002662287e-02
1.236534066610290438e+03	2.467350532560771970e-01	1.508840310964210674e-01	2.587704042675553762e-01	1.565424938677540123e-01	7.530662628972309425e-02	3.178073646852284245e-02	7.998065475391812063e-02
1.237985397674387059e+03	2.465396523932681383e-01	1.507591126329988207e-01	2.589003550302961254e-01	1.566238636381186988e-01	7.534087810198400459e-02	3.180323533127103058e-02	8.003290287203483622e-02
1.239436728738483680e+03	2.463445885112998945e-01	1.506344096417985556e-01	2.590300659005527195e-01	1.567050971293335870e-01	7.537507339245459737e-02	3.182570317177925434e-02	8.008506225275308088e-02
1.240888059802580301e+03	2.461498610278742283e-01	1.505099217503113040e-01	2.591595373122750900e-01	1.567861945894288289e-01	7.540921225894449409e-02	3.184814001689104113e-02	8.013713304424664730e-02
1.242339390866676695e+03	2.459554693617034549e-01	1.503856485866756909e-01	2.592887696986316270e-01	1.568671562658855989e-01	7.544329479907624370e-02	3.187054589351232675e-02	8.018911539448665693e-02
1.243790721930773088e+03	2.457614129325087493e-01	1.502615897796766020e-01	2.594177634920102893e-01	1.569479824056379536e-01	7.547732111028578050e-02	3.189292082861086564e-02	8.024100945124131024e-02
1.245242052994869937e+03	2.455676911610181756e-01	1.501377449587441015e-01	2.595465191240203251e-01	1.570286732550746078e-01	7.551129128982288219e-02	3.191526484921564100e-02	8.029281536207574788e-02
1.246693384058966330e+03	2.453743034689651881e-01	1.500141137539522385e-01	2.596750370254937712e-01	1.571092290600405450e-01	7.554520543475155836e-02	3.193757798241628892e-02	8.034453327435184256e-02
1.248144715123063179e+03	2.451812492790865772e-01	1.498906957960180475e-01	2.598033176264867850e-01	1.571896500658389317e-01	7.557906364195052240e-02	3.195986025536255021e-02	8.039616333522804636e-02
1.249596046187159800e+03	2.449885280151208045e-01	1.497674907163001889e-01	2.599313613562813097e-01	1.572699365172326447e-01	7.561286600811364944e-02	3.198211169526365277e-02	8.044770569165919649e-02
1.251047377251256421e+03	2.447961391018064481e-01	1.496444981467980606e-01	2.600591686433862959e-01	1.573500886584460745e-01	7.564661262975035105e-02	3.200433232938777739e-02	8.049916049039634869e-02
1.252498708315352815e+03	2.446040819648800935e-01	1.495217177201504655e-01	2.601867399155396443e-01	1.574301067331669302e-01	7.568030360318604710e-02	3.202652218506148868e-02	8.055052787798663849e-02
1.253950039379449436e+03	2.444123560310748344e-01	1.493991490696346680e-01	2.603140755997092048e-01	1.575099909845477653e-01	7.571393902456259595e-02	3.204868128966916613e-02	8.060180800077310082e-02
1.255401370443546057e+03	2.442209607281184414e-01	1.492767918291650064e-01	2.604411761220943311e-01	1.575897416552077823e-01	7.574751898983869691e-02	3.207080967065246285e-02	8.065300100489454505e-02
1.256852701507642678e+03	2.440298954847315849e-01	1.491546456332921156e-01	2.605680419081274901e-01	1.576693589872344980e-01	7.578104359479034824e-02	3.209290735550970886e-02	8.070410703628536075e-02
1.258304032571739299e+03	2.438391597306262260e-01	1.490327101172015112e-01	2.606946733824758722e-01	1.577488432221853532e-01	7.581451293501127731e-02	3.211497437179541142e-02	8.075512624067546219e-02
1.259755363635835920e+03	2.436487528965036453e-01	1.489109849167125632e-01	2.608210709690423901e-01	1.578281946010894610e-01	7.584792710591335696e-02	3.213701074711965838e-02	8.080605876359006623e-02
1.261206694699932314e+03	2.434586744140528336e-01	1.487894696682774132e-01	2.609472350909673999e-01	1.579074133644492450e-01	7.588128620272698022e-02	3.215901650914762544e-02	8.085690475034958136e-02
1.262658025764028707e+03	2.432689237159488538e-01	1.486681640089797807e-01	2.610731661706302553e-01	1.579864997522420489e-01	7.591459032050158762e-02	3.218099168559896556e-02	8.090766434606951052e-02
1.264109356828125556e+03	2.430795002358509815e-01	1.485470675765339921e-01	2.611988646296505845e-01	1.580654540039218292e-01	7.594783955410597254e-02	3.220293630424733711e-02	8.095833769566032623e-02
1.265560687892221949e+03	2.428904034084009844e-01	1.484261800092836481e-01	2.613243308888897332e-01	1.581442763584207378e-01	7.598103399822880855e-02	3.222485039291980019e-02	8.100892494382731790e-02
1.267012018956318798e+03	2.427016326692214288e-01	1.483055009462007356e-01	2.614495653684522636e-01	1.582229670541508149e-01	7.601417374737896859e-02	3.224673397949635173e-02	8.105942623507050859e-02
1.268463350020415419e+03	2.425131874549138755e-01	1.481850300268844067e-01	2.615745684876873423e-01	1.583015263290055152e-01	7.604725889588601073e-02	3.226858709190932178e-02	8.110984171368451623e-02
1.269914681084511813e+03	2.423250672030573261e-01	1.480647668915598403e-01	2.616993406651902943e-01	1.583799544203614573e-01	7.608028953790059445e-02	3.229040975814289477e-02	8.116017152375851196e-02
1.271366012148608434e+03	2.421372713522064735e-01	1.479447111810771875e-01	2.618238823188038245e-01	1.584582515650799217e-01	7.611326576739485539e-02	3.231220200623257516e-02	8.121041580917605363e-02
1.272817343212705055e+03	2.419497993418897597e-01	1.478248625369104896e-01	2.619481938656197384e-01	1.585364179995084610e-01	7.614618767816283551e-02	3.233396386426465319e-02	8.126057471361500251e-02
1.274268674276801676e+03	2.417626506126079600e-01	1.477052206011565394e-01	2.620722757219799415e-01	1.586144539594824820e-01	7.617905536382089948e-02	3.235569536037569138e-02	8.131064838054745392e-02
1.275720005340898297e+03	2.415758246058322678e-01	1.475857850165337715e-01	2.621961283034781598e-01	1.586923596803268832e-01	7.621186891780813710e-02	3.237739652275200414e-02	8.136063695323966782e-02
1.277171336404994690e+03	2.413893207640027683e-01	1.474665554263812350e-01	2.623197520249614390e-01	1.587701353968575813e-01	7.624462843338679352e-02	3.239906737962915118e-02	8.141054057475193007e-02
1.278622667469091539e+03	2.412031385305265785e-01	1.473475314746574005e-01	2.624431473005311988e-01	1.588477813433830932e-01	7.627733400364267169e-02	3.242070795929140326e-02	8.146035938793852460e-02
1.280073998533187932e+03	2.410172773497762655e-01	1.472287128059391881e-01	2.625663145435448986e-01	1.589252977537060629e-01	7.630998572148549319e-02	3.244231829007126339e-02	8.151009353544762248e-02
1.281525329597284326e+03	2.408317366670880977e-01	1.471100990654208018e-01	2.626892541666175362e-01	1.590026848611248433e-01	7.634258367964934233e-02	3.246389840034894642e-02	8.155974315972122635e-02
1.282976660661381175e+03	2.406465159287603239e-01	1.469916898989125364e-01	2.628119665816227024e-01	1.590799428984351060e-01	7.637512797069312409e-02	3.248544831855187942e-02	8.160930840299514266e-02
1.284427991725477568e+03	2.404616145820515638e-01	1.468734849528399167e-01	2.629344521996942463e-01	1.591570720979312570e-01	7.640761868700082782e-02	3.250696807315418130e-02	8.165878940729884294e-02
1.285879322789574417e+03	2.402770320751790589e-01	1.467554838742424761e-01	2.630567114312274968e-01	1.592340726914079907e-01	7.644005592078206845e-02	3.252845769267619785e-02	8.170818631445546376e-02
1.287330653853671038e+03	2.400927678573170354e-01	1.466376863107726469e-01	2.631787446858809276e-01	1.593109449101619557e-01	7.647243976407241961e-02	3.254991720568398833e-02	8.175749926608173734e-02
1.288781984917767431e+03	2.399088213785949830e-01	1.465200919106947886e-01	2.633005523725772679e-01	1.593876889849930312e-01	7.650477030873381601e-02	3.257134664078883274e-02	8.180672840358794995e-02
1.290233315981864052e+03	2.397251920900960453e-01	1.464027003228840496e-01	2.634221348995049450e-01	1.594643051462060479e-01	7.653704764645495595e-02	3.259274602664675308e-02	8.185587386817785860e-02
