1.001418434226643626e+03	2.794754655652196274e-01	1.810057328273395050e-01	2.349715440917818365e-01	1.410353330201826183e-01	6.785692387826827709e-02	2.657924911116308492e-02	6.907575150580011480e-02
1.003837319333471214e+03	2.790557359029589568e-01	1.807256078470310112e-01	2.352750636186332622e-01	1.412108421400129765e-01	6.792323982567979868e-02	2.662161337815682760e-02	6.918789728728219623e-02
1.006256204440298802e+03	2.786372954225113108e-01	1.804461811069399124e-01	2.355777066381118945e-01	1.413858428856793470e-01	6.798933277769075856e-02	2.666391247739069437e-02	6.929972869143113945e-02
1.008675089547126618e+03	2.782201390955724718e-01	1.801674517985498991e-01	2.358794755919283725e-01	1.415603370586433207e-01	6.805520389286716376e-02	2.670614609772394704e-02	6.941124646446984736e-02
1.011093974653954206e+03	2.778042619261983370e-01	1.798894191006187304e-01	2.361803729154264841e-01	1.417343264466385810e-01	6.812085432068087920e-02	2.674831393402811106e-02	6.952245135616386129e-02
1.013512859760782021e+03	2.773896589504744048e-01	1.796120821794089106e-01	2.364804010375943233e-01	1.419078128239264214e-01	6.818628520159905615e-02	2.679041568711548749e-02	6.963334411963637005e-02
1.015931744867609382e+03	2.769763252361893691e-01	1.793354401889150906e-01	2.367795623810756978e-01	1.420807979515450736e-01	6.825149766717258926e-02	2.683245106366848737e-02	6.974392551118864525e-02
1.018350629974437197e+03	2.765642558825130437e-01	1.790594922710884163e-01	2.370778593621814812e-01	1.422532835775526805e-01	6.831649284012362988e-02	2.687441977616974662e-02	6.985419629012601384e-02
1.020769515081264785e+03	2.761534460196777840e-01	1.787842375560577124e-01	2.373752943909011870e-01	1.424252714372644113e-01	6.838127183443216961e-02	2.691632154283299383e-02	6.996415721858881276e-02
1.023188400188092373e+03	2.757438908086647933e-01	1.785096751623475586e-01	2.376718698709142097e-01	1.425967632534835827e-01	6.844583575542165232e-02	2.695815608753471607e-02	7.007380906138857557e-02
1.025607285294920075e+03	2.753355854408935377e-01	1.782358041970934226e-01	2.379675881996016484e-01	1.427677607367271728e-01	6.851018569984376749e-02	2.699992313974655667e-02	7.018315258584904848e-02
1.028026170401747549e+03	2.749285251379152695e-01	1.779626237562537960e-01	2.382624517680577148e-01	1.429382655854457007e-01	6.857432275596218874e-02	2.704162243446846595e-02	7.029218856165203588e-02
1.030445055508575479e+03	2.745227051511106575e-01	1.776901329248193884e-01	2.385564629611013898e-01	1.431082794862376939e-01	6.863824800363553524e-02	2.708325371216259783e-02	7.040091776068789498e-02
1.032863940615402726e+03	2.741181207613908044e-01	1.774183307770192952e-01	2.388496241572882206e-01	1.432778041140589653e-01	6.870196251439936175e-02	2.712481671868794200e-02	7.050934095691049897e-02
1.035282825722230655e+03	2.737147672789023711e-01	1.771472163765244745e-01	2.391419377289218939e-01	1.434468411324266723e-01	6.876546735154734358e-02	2.716631120523567075e-02	7.061745892619664122e-02
1.037701710829058356e+03	2.733126400427358105e-01	1.768767887766483915e-01	2.394334060420660604e-01	1.436153921936183242e-01	6.882876357021150415e-02	2.720773692826520401e-02	7.072527244620972764e-02
1.040120595935886058e+03	2.729117344206378193e-01	1.766070470205446385e-01	2.397240314565561858e-01	1.437834589388660989e-01	6.889185221744172083e-02	2.724909364944097870e-02	7.083278229626756295e-02
1.042539481042713533e+03	2.725120458087270103e-01	1.763379901414020845e-01	2.400138163260113200e-01	1.439510429985462192e-01	6.895473433228417603e-02	2.729038113556993966e-02	7.093998925721421711e-02
1.044958366149541234e+03	2.721135696312131924e-01	1.760696171626371653e-01	2.403027629978460589e-01	1.441181459923638331e-01	6.901741094585918390e-02	2.733159915853968294e-02	7.104689411129584686e-02
1.047377251256368709e+03	2.717163013401202032e-01	1.758019270980834270e-01	2.405908738132823688e-01	1.442847695295333410e-01	6.907988308143803158e-02	2.737274749525733797e-02	7.115349764204023653e-02
1.049796136363196410e+03	2.713202364150119617e-01	1.755349189521787090e-01	2.408781511073615766e-01	1.444509152089543946e-01	6.914215175451907114e-02	2.741382592758906389e-02	7.125980063414012744e-02
1.052215021470024112e+03	2.709253703627221843e-01	1.752685917201493304e-01	2.411645972089564716e-01	1.446165846193835924e-01	6.920421797290296495e-02	2.745483424230026406e-02	7.136580387334015563e-02
1.054633906576851814e+03	2.705316987170870435e-01	1.750029443881920554e-01	2.414502144407831841e-01	1.447817793396019292e-01	6.926608273676715388e-02	2.749577223099644932e-02	7.147150814632718951e-02
1.057052791683679516e+03	2.701392170386814895e-01	1.747379759336532001e-01	2.417350051194133431e-01	1.449465009385783598e-01	6.932774703873954836e-02	2.753663969006474310e-02	7.157691424062423424e-02
1.059471676790506763e+03	2.697479209145588475e-01	1.744736853252055464e-01	2.420189715552861776e-01	1.451107509756293934e-01	6.938921186397135898e-02	2.757743642061605618e-02	7.168202294448751399e-02
1.061890561897334692e+03	2.693578059579932460e-01	1.742100715230224528e-01	2.423021160527205620e-01	1.452745310005746360e-01	6.945047819020924718e-02	2.761816222842787549e-02	7.178683504680682947e-02
1.064309447004162394e+03	2.689688678082254314e-01	1.739471334789499113e-01	2.425844409099272569e-01	1.454378425538889463e-01	6.951154698786661534e-02	2.765881692388771212e-02	7.189135133700899627e-02
1.066728332110990095e+03	2.685811021302116908e-01	1.736848701366757730e-01	2.428659484190210660e-01	1.456006871668505676e-01	6.957241922009420321e-02	2.769940032193715304e-02	7.199557260496440569e-02
1.069147217217817570e+03	2.681945046143758282e-01	1.734232804318969201e-01	2.431466408660331591e-01	1.457630663616861222e-01	6.963309584284990694e-02	2.773991224201656156e-02	7.209949964089641672e-02
1.071566102324645271e+03	2.678090709763640831e-01	1.731623632924839673e-01	2.434265205309231184e-01	1.459249816517117215e-01	6.969357780496784893e-02	2.778035250801035028e-02	7.220313323529380101e-02
1.073984987431472746e+03	2.674247969568034344e-01	1.729021176386436598e-01	2.437055896875914007e-01	1.460864345414710219e-01	6.975386604822673975e-02	2.782072094819289937e-02	7.230647417882571371e-02
1.076403872538300675e+03	2.670416783210621814e-01	1.726425423830789951e-01	2.439838506038915777e-01	1.462474265268698947e-01	6.981396150741747686e-02	2.786101739517504380e-02	7.240952326225966185e-02
1.078822757645127922e+03	2.666597108590141318e-01	1.723836364311470970e-01	2.442613055416426870e-01	1.464079590953078769e-01	6.987386511041006332e-02	2.790124168585117470e-02	7.251228127638184584e-02
1.081241642751955851e+03	2.662788903848050670e-01	1.721253986810147851e-01	2.445379567566414447e-01	1.465680337258065402e-01	6.993357777821979093e-02	2.794139366134691660e-02	7.261474901192029041e-02
1.083660527858783553e+03	2.658992127366225922e-01	1.718678280238121470e-01	2.448138064986749018e-01	1.467276518891348358e-01	6.999310042507270180e-02	2.798147316696737372e-02	7.271692725947030700e-02
1.086079412965611255e+03	2.655206737764682079e-01	1.716109233437837778e-01	2.450888570115326570e-01	1.468868150479314683e-01	7.005243395847045307e-02	2.802148005214597642e-02	7.281881680942237089e-02
1.088498298072438729e+03	2.651432693899326565e-01	1.713546835184378281e-01	2.453631105330192907e-01	1.470455246568244112e-01	7.011157927925434907e-02	2.806141417039387242e-02	7.292041845189245475e-02
1.090917183179266431e+03	2.647669954859738217e-01	1.710991074186933025e-01	2.456365692949668555e-01	1.472037821625476472e-01	7.017053728166877669e-02	2.810127537924988345e-02	7.302173297665456864e-02
1.093336068286093905e+03	2.643918479966971269e-01	1.708441939090247219e-01	2.459092355232474214e-01	1.473615890040550491e-01	7.022930885342401619e-02	2.814106354023102052e-02	7.312276117307553447e-02
1.095754953392921607e+03	2.640178228771387081e-01	1.705899418476052587e-01	2.461811114377853715e-01	1.475189466126317905e-01	7.028789487575827499e-02	2.818077851878355092e-02	7.322350383005188368e-02
1.098173838499749309e+03	2.636449161050514189e-01	1.703363500864475688e-01	2.464521992525701422e-01	1.476758564120030648e-01	7.034629622349915234e-02	2.822042018423458892e-02	7.332396173594890598e-02
1.100592723606577010e+03	2.632731236806930553e-01	1.700834174715426528e-01	2.467225011756686015e-01	1.478323198184401943e-01	7.040451376512441017e-02	2.825998840974424525e-02	7.342413567854166878e-02
1.103011608713404712e+03	2.629024416266173558e-01	1.698311428429968850e-01	2.469920194092376509e-01	1.479883382408644921e-01	7.046254836282210554e-02	2.829948307225830031e-02	7.352402644495803496e-02
1.105430493820231959e+03	2.625328659874674453e-01	1.695795250351668504e-01	2.472607561495367978e-01	1.481439130809486249e-01	7.052040087255014023e-02	2.833890405246138403e-02	7.362363482162360973e-02
1.107849378927059888e+03	2.621643928297717752e-01	1.693285628767925155e-01	2.475287135869407296e-01	1.482990457332154788e-01	7.057807214409507479e-02	2.837825123473070726e-02	7.372296159420860251e-02
1.110268264033887590e+03	2.617970182417425073e-01	1.690782551911284015e-01	2.477958939059519139e-01	1.484537375851350260e-01	7.063556302113041530e-02	2.841752450709027558e-02	7.382200754757634042e-02
1.112687149140715292e+03	2.614307383330763956e-01	1.688286007960727586e-01	2.480622992852131725e-01	1.486079900172188883e-01	7.069287434127431713e-02	2.845672376116563720e-02	7.392077346573369678e-02
1.115106034247542766e+03	2.610655492347577766e-01	1.685795985042952416e-01	2.483279318975204764e-01	1.487618044031125963e-01	7.075000693614649783e-02	2.849584889213910982e-02	7.401926013178317110e-02
1.117524919354370468e+03	2.607014470988642807e-01	1.683312471233624208e-01	2.485927939098353245e-01	1.489151821096859896e-01	7.080696163142476129e-02	2.853489979870550697e-02	7.411746832787657890e-02
1.119943804461197942e+03	2.603384280983745969e-01	1.680835454558615993e-01	2.488568874832976507e-01	1.490681244971212849e-01	7.086373924690084203e-02	2.857387638302837790e-02	7.421539883517047631e-02
1.122362689568025871e+03	2.599764884269787357e-01	1.678364922995230213e-01	2.491202147732383410e-01	1.492206329189994518e-01	7.092034059653558320e-02	2.861277855069671583e-02	7.431305243378298619e-02
1.124781574674853118e+03	2.596156242988901797e-01	1.675900864473401364e-01	2.493827779291920288e-01	1.493727087223843952e-01	7.097676648851365677e-02	2.865160621068212760e-02	7.441042990275230362e-02
1.127200459781681047e+03	2.592558319486608087e-01	1.673443266876881441e-01	2.496445790949096966e-01	1.495243532479054727e-01	7.103301772529768687e-02	2.869035927529652377e-02	7.450753201999657516e-02
1.129619344888508749e+03	2.588971076309974917e-01	1.670992118044410391e-01	2.499056204083713872e-01	1.496755678298378189e-01	7.108909510368172091e-02	2.872903766015023549e-02	7.460435956227522147e-02
1.132038229995336451e+03	2.585394476205813974e-01	1.668547405770867409e-01	2.501659040017989999e-01	1.498263537961812830e-01	7.114499941484418721e-02	2.876764128411062743e-02	7.470091330515168937e-02
1.134457115102163925e+03	2.581828482118888046e-01	1.666109117808407536e-01	2.504254320016688906e-01	1.499767124687373665e-01	7.120073144440040858e-02	2.880617006926114096e-02	7.479719402295753605e-02
1.136876000208991627e+03	2.578273057190146322e-01	1.663677241867579926e-01	2.506842065287248622e-01	1.501266451631844412e-01	7.125629197245433866e-02	2.884462394086082307e-02	7.489320248875781794e-02
1.139294885315819101e+03	2.574728164754976900e-01	1.661251765618432519e-01	2.509422296979905709e-01	1.502761531891514957e-01	7.131168177364992367e-02	2.888300282730428201e-02	7.498893947431774232e-02
1.141713770422646803e+03	2.571193768341480390e-01	1.658832676691598673e-01	2.511995036187825159e-01	1.504252378502899390e-01	7.136690161722189507e-02	2.892130666008209741e-02	7.508440575007063744e-02
1.144132655529474505e+03	2.567669831668766278e-01	1.656419962679368807e-01	2.514560303947226405e-01	1.505739004443441553e-01	7.142195226704600719e-02	2.895953537374166761e-02	7.517960208508696340e-02
1.146551540636302207e+03	2.564156318645265942e-01	1.654013611136747608e-01	2.517118121237513217e-01	1.507221422632203933e-01	7.147683448168876130e-02	2.899768890584848019e-02	7.527452924704469694e-02
1.148970425743129908e+03	2.560653193367067870e-01	1.651613609582493203e-01	2.519668508981398602e-01	1.508699645930540179e-01	7.153154901445656078e-02	2.903576719694784397e-02	7.536918800220060444e-02
1.151389310849957155e+03	2.557160420116271204e-01	1.649219945500145224e-01	2.522211488045034700e-01	1.510173687142755405e-01	7.158609661344447761e-02	2.907377019052701655e-02	7.546357911536284713e-02
1.153808195956785084e+03	2.553677963359359815e-01	1.646832606339034555e-01	2.524747079238139902e-01	1.511643559016750127e-01	7.164047802158435285e-02	2.911169783297776550e-02	7.555770334986454395e-02
1.156227081063612786e+03	2.550205787745591923e-01	1.644451579515279482e-01	2.527275303314126531e-01	1.513109274244651692e-01	7.169469397669248067e-02	2.914955007355934241e-02	7.565156146753829192e-02
1.158645966170440488e+03	2.546743858105416369e-01	1.642076852412768517e-01	2.529796180970229624e-01	1.514570845463431292e-01	7.174874521151682061e-02	2.918732686436187676e-02	7.574515422869187997e-02
1.161064851277267962e+03	2.543292139448897204e-01	1.639708412384127123e-01	2.532309732847632944e-01	1.516028285255508201e-01	7.180263245378366854e-02	2.922502816027014796e-02	7.583848239208480779e-02
1.163483736384095664e+03	2.539850596964164375e-01	1.637346246751671675e-01	2.534815979531599983e-01	1.517481606149340967e-01	7.185635642624384201e-02	2.926265391892781884e-02	7.593154671490584540e-02
1.165902621490923138e+03	2.536419196015878841e-01	1.634990342808349262e-01	2.537314941551598868e-01	1.518930820620006117e-01	7.190991784671836584e-02	2.930020410070199866e-02	7.602434795275145318e-02
1.168321506597751068e+03	2.532997902143718227e-01	1.632640687818663061e-01	2.539806639381432807e-01	1.520375941089764926e-01	7.196331742814375543e-02	2.933767866864824339e-02	7.611688685960514567e-02
1.170740391704578315e+03	2.529586681060876363e-01	1.630297269019584661e-01	2.542291093439367211e-01	1.521816979928618530e-01	7.201655587861678642e-02	2.937507758847593756e-02	7.620916418781770174e-02
1.173159276811406244e+03	2.526185498652582240e-01	1.627960073621453896e-01	2.544768324088256817e-01	1.523253949454849432e-01	7.206963390143873716e-02	2.941240082851406465e-02	7.630118068808815213e-02
1.175578161918233945e+03	2.522794320974637849e-01	1.625629088808862865e-01	2.547238351635674469e-01	1.524686861935553583e-01	7.212255219515928406e-02	2.944964835967733494e-02	7.639293710944575211e-02
1.177997047025061647e+03	2.519413114251969898e-01	1.623304301741530509e-01	2.549701196334039910e-01	1.526115729587161907e-01	7.217531145361986977e-02	2.948682015543271917e-02	7.648443419923248165e-02
1.180415932131889122e+03	2.516041844877199285e-01	1.620985699555161641e-01	2.552156878380747451e-01	1.527540564575949056e-01	7.222791236599661324e-02	2.952391619176635354e-02	7.657567270308655860e-02
1.182834817238716823e+03	2.512680479409228895e-01	1.618673269362295164e-01	2.554605417918293653e-01	1.528961379018533018e-01	7.228035561684284516e-02	2.956093644715078461e-02	7.666665336492659022e-02
1.185253702345544298e+03	2.509328984571844723e-01	1.616366998253137011e-01	2.557046835034405552e-01	1.530378184982364720e-01	7.233264188613111600e-02	2.959788090251260981e-02	7.675737692693637704e-02
1.187672587452371999e+03	2.505987327252335306e-01	1.614066873296384486e-01	2.559481149762168339e-01	1.531790994486206536e-01	7.238477184929478780e-02	2.963474954120047175e-02	7.684784412955059096e-02
1.190091472559199701e+03	2.502655474500125599e-01	1.611772881540035895e-01	2.561908382080153590e-01	1.533199819500601635e-01	7.243674617726927889e-02	2.967154234895339263e-02	7.693805571144095301e-02
1.192510357666027403e+03	2.499333393525428604e-01	1.609485010012188244e-01	2.564328551912548049e-01	1.534604671948333610e-01	7.248856553653275359e-02	2.970825931386949365e-02	7.702801240950317430e-02
1.194929242772855105e+03	2.496021051697908943e-01	1.607203245721824936e-01	2.566741679129281306e-01	1.536005563704878063e-01	7.254023058914647881e-02	2.974490042637502676e-02	7.711771495884449379e-02
1.197348127879682352e+03	2.492718416545365023e-01	1.604927575659589600e-01	2.569147783546151809e-01	1.537402506598843366e-01	7.259174199279473660e-02	2.978146567919377416e-02	7.720716409277184056e-02
1.199767012986510281e+03	2.489425455752425353e-01	1.602657986798549650e-01	2.571546884924956755e-01	1.538795512412403643e-01	7.264310040082433417e-02	2.981795506731679812e-02	7.729636054278062052e-02
1.202185898093337983e+03	2.486142137159258192e-01	1.600394466094948176e-01	2.573939002973621437e-01	1.540184592881723435e-01	7.269430646228366988e-02	2.985436858797249626e-02	7.738530503854407216e-02
1.204604783200165684e+03	2.482868428760298396e-01	1.598137000488944470e-01	2.576324157346321919e-01	1.541569759697372644e-01	7.274536082196141062e-02	2.989070624059702447e-02	7.747399830790312192e-02
1.207023668306993159e+03	2.479604298702987597e-01	1.595885576905344549e-01	2.578702367643618265e-01	1.542951024504735091e-01	7.279626412042482231e-02	2.992696802680503559e-02	7.756244107685693334e-02
1.209442553413820860e+03	2.476349715286527420e-01	1.593640182254317805e-01	2.581073653412578883e-01	1.544328398904407929e-01	7.284701699405765618e-02	2.996315395036073387e-02	7.765063406955377556e-02
1.211861438520648335e+03	2.473104646960648800e-01	1.591400803432106992e-01	2.583438034146908202e-01	1.545701894452594094e-01	7.289762007509761887e-02	2.999926401714927970e-02	7.773857800828264109e-02
1.214280323627476264e+03	2.469869062324394071e-01	1.589167427321725168e-01	2.585795529287077676e-01	1.547071522661485621e-01	7.294807399167350936e-02	3.003529823514848943e-02	7.782627361346518280e-02
1.216699208734303511e+03	2.466642930124914035e-01	1.586940040793640982e-01	2.588146158220447912e-01	1.548437294999641667e-01	7.299837936784195347e-02	3.007125661440087153e-02	7.791372160364819222e-02
1.219118093841131440e+03	2.463426219256277527e-01	1.584718630706456188e-01	2.590489940281401338e-01	1.549799222892357942e-01	7.304853682362373590e-02	3.010713916698595782e-02	7.800092269549653567e-02
1.221536978947959142e+03	2.460218898758294026e-01	1.582503183907572886e-01	2.592826894751465439e-01	1.551157317722030027e-01	7.309854697503982701e-02	3.014294590699296075e-02	7.808787760378659015e-02
1.223955864054786844e+03	2.457020937815350692e-01	1.580293687233847444e-01	2.595157040859442654e-01	1.552511590828508370e-01	7.314841043414692379e-02	3.017867685049371168e-02	7.817458704140006764e-02
1.226374749161614318e+03	2.453832305755262178e-01	1.578090127512238594e-01	2.597480397781537498e-01	1.553862053509449115e-01	7.319812780907276883e-02	3.021433201551593922e-02	7.826105171931824200e-02
1.228793634268442020e+03	2.450652972048133205e-01	1.575892491560443032e-01	2.599796984641481457e-01	1.555208717020654663e-01	7.324769970405099750e-02	3.024991142201682165e-02	7.834727234661667539e-02
1.231212519375269494e+03	2.447482906305233907e-01	1.573700766187521582e-01	2.602106820510661778e-01	1.556551592576412291e-01	7.329712671945565194e-02	3.028541509185682726e-02	7.843324963046022225e-02
1.233631404482097196e+03	2.444322078277887389e-01	1.571514938194517874e-01	2.604409924408250254e-01	1.557890691349823054e-01	7.334640945183536209e-02	3.032084304877388087e-02	7.851898427609854680e-02
1.236050289588924898e+03	2.441170457856370046e-01	1.569334994375065351e-01	2.606706315301325350e-01	1.559226024473126526e-01	7.339554849394720748e-02	3.035619531835779400e-02	7.860447698686193196e-02
1.238469174695752372e+03	2.438028015068825216e-01	1.567160921515984573e-01	2.608996012105002649e-01	1.560557603038018326e-01	7.344454443479010719e-02	3.039147192802498301e-02	7.868972846415746292e-02
1.240888059802580301e+03	2.434894720080186536e-01	1.564992706397874689e-01	2.611279033682561423e-01	1.561885438095963197e-01	7.349339785963800165e-02	3.042667290699348562e-02	7.877473940746554382e-02
1.243306944909407548e+03	2.431770543191115463e-01	1.562830335795691861e-01	2.613555398845569533e-01	1.563209540658502539e-01	7.354210935007264582e-02	3.046179828625823760e-02	7.885951051433681691e-02
1.245725830016235477e+03	2.428655454836949334e-01	1.560673796479322417e-01	2.615825126354009988e-01	1.564529921697553894e-01	7.359067948401608328e-02	3.049684809856665485e-02	7.894404248038935923e-02
1.248144715123063179e+03	2.425549425586662478e-01	1.558523075214143239e-01	2.618088234916409185e-01	1.565846592145708482e-01	7.363910883576270383e-02	3.053182237839445826e-02	7.902833599930615682e-02
1.250563600229890881e+03	2.422452426141837034e-01	1.556378158761576869e-01	2.620344743189961245e-01	1.567159562896521807e-01	7.368739797601109309e-02	3.056672116192180044e-02	7.911239176283303698e-02
1.252982485336718355e+03	2.419364427335645995e-01	1.554239033879637744e-01	2.622594669780655141e-01	1.568468844804798978e-01	7.373554747189550729e-02	3.060154448700962496e-02	7.919621046077669757e-02
1.255401370443546057e+03	2.416285400131848449e-01	1.552105687323466765e-01	2.624838033243401259e-01	1.569774448686875046e-01	7.378355788701700113e-02	3.063629239317633771e-02	7.927979278100315275e-02
1.257820255550373531e+03	2.413215315623793988e-01	1.549978105845861709e-01	2.627074852082155743e-01	1.571076385320891999e-01	7.383142978147426427e-02	3.067096492157469351e-02	7.936313940943642842e-02
1.260239140657201460e+03	2.410154145033439888e-01	1.547856276197795700e-01	2.629305144750045953e-01	1.572374665447068554e-01	7.387916371189413856e-02	3.070556211496898100e-02	7.944625103005756306e-02
1.262658025764028707e+03	2.407101859710377434e-01	1.545740185128931798e-01	2.631528929649499804e-01	1.573669299767967988e-01	7.392676023146187159e-02	3.074008401771244695e-02	7.952912832490374728e-02
1.265076910870856636e+03	2.404058431130870477e-01	1.543629819388124824e-01	2.633746225132366225e-01	1.574960298948759052e-01	7.397421988995092623e-02	3.077453067572495649e-02	7.961177197406783812e-02
1.267495795977684338e+03	2.401023830896903688e-01	1.541525165723918733e-01	2.635957049500043947e-01	1.576247673617474088e-01	7.402154323375266520e-02	3.080890213647095172e-02	7.969418265569809534e-02
1.269914681084511813e+03	2.397998030735240815e-01	1.539426210885034840e-01	2.638161421003606955e-01	1.577531434365261609e-01	7.406873080590561931e-02	3.084319844893762194e-02	7.977636104599807043e-02
1.272333566191339514e+03	2.394981002496494316e-01	1.537332941620853100e-01	2.640359357843927168e-01	1.578811591746636656e-01	7.411578314612445040e-02	3.087741966361332024e-02	7.985830781922684252e-02
1.274752451298167216e+03	2.391972718154204702e-01	1.535245344681883672e-01	2.642550878171801565e-01	1.580088156279723932e-01	7.416270079082869227e-02	3.091156583246625067e-02	7.994002364769935143e-02
1.277171336404994690e+03	2.388973149803929052e-01	1.533163406820234886e-01	2.644736000088076522e-01	1.581361138446500114e-01	7.420948427317117235e-02	3.094563700892336705e-02	8.002150920178707771e-02
1.279590221511822392e+03	2.385982269662340893e-01	1.531087114790069537e-01	2.646914741643771607e-01	1.582630548693030881e-01	7.425613412306607264e-02	3.097963324784952510e-02	8.010276514991877816e-02
1.282009106618650094e+03	2.383000050066338416e-01	1.529016455348057024e-01	2.649087120840206144e-01	1.583896397429702674e-01	7.430265086721687950e-02	3.101355460552686349e-02	8.018379215858155440e-02
1.284427991725477568e+03	2.380026463472163234e-01	1.526951415253816891e-01	2.651253155629120783e-01	1.585158695031454179e-01	7.434903502914383400e-02	3.104740113963443474e-02	8.026459089232197697e-02
1.286846876832305497e+03	2.377061482454529417e-01	1.524891981270355135e-01	2.653412863912804620e-01	1.586417451838000314e-01	7.439528712921125719e-02	3.108117290922803727e-02	8.034516201374750088e-02
1.289265761939132744e+03	2.374105079705759180e-01	1.522838140164494980e-01	2.655566263544217875e-01	1.587672678154055939e-01	7.444140768465457025e-02	3.111486997472030433e-02	8.042550618352810321e-02
1.291684647045960673e+03	2.371157228034930786e-01	1.520789878707299037e-01	2.657713372327116241e-01	1.588924384249553456e-01	7.448739720960700916e-02	3.114849239786099053e-02	8.050562406039783736e-02
1.294103532152788375e+03	2.368217900367035056e-01	1.518747183674484802e-01	2.659854208016174115e-01	1.590172580359858756e-01	7.453325621512607579e-02	3.118204024171751521e-02	8.058551630115688702e-02
1.296522417259616077e+03	2.365287069742138537e-01	1.516710041846835999e-01	2.661988788317109500e-01	1.591417276685983540e-01	7.457898520921971142e-02	3.121551357065569313e-02	8.066518356067356454e-02
1.298941302366443551e+03	2.362364709314559719e-01	1.514678440010602256e-01	2.664117130886807239e-01	1.592658483394794044e-01	7.462458469687228979e-02	3.124891245032070455e-02	8.074462649188646202e-02
1.301360187473271253e+03	2.359450792352049409e-01	1.512652364957898510e-01	2.666239253333440029e-01	1.593896210619215603e-01	7.467005518007023557e-02	3.128223694761827350e-02	8.082384574580687986e-02
1.303779072580098727e+03	2.356545292234984157e-01	1.510631803487092195e-01	2.668355173216594989e-01	1.595130468458437201e-01	7.471539715782744839e-02	3.131548713069606110e-02	8.090284197152131096e-02
1.306197957686926657e+03	2.353648182455565785e-01	1.508616742403187938e-01	2.670464908047396335e-01	1.596361266978109372e-01	7.476061112621044946e-02	3.134866306892527404e-02	8.098161581619404970e-02
1.308616842793753904e+03	2.350759436617030074e-01	1.506607168518204753e-01	2.672568475288624734e-01	1.597588616210541546e-01	7.480569757836330602e-02	3.138176483288246388e-02	8.106016792506992585e-02
1.311035727900581833e+03	2.347879028432862669e-01	1.504603068651546027e-01	2.674665892354842756e-01	1.598812526154895497e-01	7.485065700453225057e-02	3.141479249433156568e-02	8.113849894147728836e-02
1.313454613007409534e+03	2.345006931726026644e-01	1.502604429630364502e-01	2.676757176612518663e-01	1.600033006777376310e-01	7.489548989209013352e-02	3.144774612620610671e-02	8.121660950683094737e-02
1.315873498114237009e+03	2.342143120428193670e-01	1.500611238289922822e-01	2.678842345380146317e-01	1.601250068011420558e-01	7.494019672556048728e-02	3.148062580259164411e-02	8.129450026063532453e-02
1.318292383221064711e+03	2.339287568578987953e-01	1.498623481473943253e-01	2.680921415928368967e-01	1.602463719757881710e-01	7.498477798664157645e-02	3.151343159870838989e-02	8.137217184048771423e-02
1.320711268327892412e+03	2.336440250325233781e-01	1.496641146034958236e-01	2.682994405480098044e-01	1.603673971885212768e-01	7.502923415422994846e-02	3.154616359089402328e-02	8.144962488208160045e-02
1.323130153434719887e+03	2.333601139920214174e-01	1.494664218834648173e-01	2.685061331210640834e-01	1.604880834229646946e-01	7.507356570444394250e-02	3.157882185658672514e-02	8.152686001921018166e-02
1.325549038541547588e+03	2.330770211722936192e-01	1.492692686744179764e-01	2.687122210247815945e-01	1.606084316595374761e-01	7.511777311064689322e-02	3.161140647430839279e-02	8.160387788376985418e-02
1.327967923648375290e+03	2.327947440197403739e-01	1.490726536644534639e-01	2.689177059672079317e-01	1.607284428754719996e-01	7.516185684347007068e-02	3.164391752364802829e-02	8.168067910576393142e-02
1.330386808755202765e+03	2.325132799911898140e-01	1.488765755426832982e-01	2.691225896516643568e-01	1.608481180448312065e-01	7.520581737083543994e-02	3.167635508524534182e-02	8.175726431330636312e-02
1.332805693862030694e+03	2.322326265538265933e-01	1.486810329992654389e-01	2.693268737767597898e-01	1.609674581385256709e-01	7.524965515797821247e-02	3.170871924077454246e-02	8.183363413262556563e-02
1.335224578968857941e+03	2.319527811851215260e-01	1.484860247254349286e-01	2.695305600364031884e-01	1.610864641243303919e-01	7.529337066746907836e-02	3.174101007292829540e-02	8.190978918806839093e-02
1.337643464075685870e+03	2.316737413727618378e-01	1.482915494135347845e-01	2.697336501198155378e-01	1.612051369669014467e-01	7.533696435923631363e-02	3.177322766540188054e-02	8.198573010210405410e-02
1.340062349182513572e+03	2.313955046145821648e-01	1.480976057570463911e-01	2.699361457115415641e-01	1.613234776277922555e-01	7.538043669058760998e-02	3.180537210287750355e-02	8.206145749532832434e-02
1.342481234289341273e+03	2.311180684184961920e-01	1.479041924506191430e-01	2.701380484914623903e-01	1.614414870654699574e-01	7.542378811623172419e-02	3.183744347100884303e-02	8.213697198646756348e-02
1.344900119396168748e+03	2.308414303024293179e-01	1.477113081900998104e-01	2.703393601348069164e-01	1.615591662353311475e-01	7.546701908829989147e-02	3.186944185640570165e-02	8.221227419238306966e-02
1.347319004502996449e+03	2.305655877942515697e-01	1.475189516725611272e-01	2.705400823121643095e-01	1.616765160897176423e-01	7.551013005636701692e-02	3.190136734661888629e-02	8.228736472807529623e-02
1.349737889609823924e+03	2.302905384317115722e-01	1.473271215963302405e-01	2.707402166894956608e-01	1.617935375779321894e-01	7.555312146747268642e-02	3.193322003012525473e-02	8.236224420668825097e-02
1.352156774716651853e+03	2.300162797623708788e-01	1.471358166610164109e-01	2.709397649281461429e-01	1.619102316462536217e-01	7.559599376614192789e-02	3.196499999631292194e-02	8.243691323951390926e-02
1.354575659823479100e+03	2.297428093435392449e-01	1.469450355675383513e-01	2.711387286848568889e-01	1.620265992379521514e-01	7.563874739440584749e-02	3.199670733546661205e-02	8.251137243599673821e-02
1.356994544930307029e+03	2.294701247422105406e-01	1.467547770181507893e-01	2.713371096117768166e-01	1.621426412933042460e-01	7.568138279182193284e-02	3.202834213875324632e-02	8.258562240373823471e-02
1.359413430037134731e+03	2.291982235349991348e-01	1.465650397164712238e-01	2.715349093564746741e-01	1.622583587496074509e-01	7.572390039549424523e-02	3.205990449820762117e-02	8.265966374850147735e-02
1.361832315143962205e+03	2.289271033080769457e-01	1.463758223675054593e-01	2.717321295619508636e-01	1.623737525411949878e-01	7.576630064009340360e-02	3.209139450671830845e-02	8.273349707421580324e-02
1.364251200250789907e+03	2.286567616571114625e-01	1.461871236776731975e-01	2.719287718666492659e-01	1.624888235994502161e-01	7.580858395787641590e-02	3.212281225801368739e-02	8.280712298298156804e-02
1.366670085357617609e+03	2.283871961872039613e-01	1.459989423548329057e-01	2.721248379044690080e-01	1.626035728528207880e-01	7.585075077870613580e-02	3.215415784664814314e-02	8.288054207507479509e-02
1.369088970464445310e+03	2.281184045128286653e-01	1.458112771083064640e-01	2.723203293047765094e-01	1.627180012268328313e-01	7.589280153007078866e-02	3.218543136798843879e-02	8.295375494895206037e-02
1.371507855571272785e+03	2.278503842577722094e-01	1.456241266489030350e-01	2.725152476924171951e-01	1.628321096441048554e-01	7.593473663710301191e-02	3.221663291820020536e-02	8.302676220125525253e-02
1.373926740678100487e+03	2.275831330550741050e-01	1.454374896889429891e-01	2.727095946877270971e-01	1.629458990243614069e-01	7.597655652259903414e-02	3.224776259423464686e-02	8.309956442681651345e-02
1.376345625784927961e+03	2.273166485469675091e-01	1.452513649422809416e-01	2.729033719065447339e-01	1.630593702844467530e-01	7.601826160703735458e-02	3.227882049381534252e-02	8.317216221866312320e-02
1.378764510891755890e+03	2.270509283848206328e-01	1.450657511243285680e-01	2.730965809602229899e-01	1.631725243383383428e-01	7.605985230859747814e-02	3.230980671542525023e-02	8.324455616802245439e-02
1.381183395998583137e+03	2.267859702290789536e-01	1.448806469520771134e-01	2.732892234556406064e-01	1.632853620971600472e-01	7.610132904317827574e-02	3.234072135829380717e-02	8.331674686432695431e-02
1.383602281105411066e+03	2.265217717492075677e-01	1.446960511441191810e-01	2.734813009952139495e-01	1.633978844691953702e-01	7.614269222441634455e-02	3.237156452238422466e-02	8.338873489521916871e-02
1.386021166212238768e+03	2.262583306236345959e-01	1.445119624206704922e-01	2.736728151769087791e-01	1.635100923599002443e-01	7.618394226370400757e-02	3.240233630838091489e-02	8.346052084655676551e-02
1.388440051319066470e+03	2.259956445396949232e-01	1.443283795035909256e-01	2.738637675942516836e-01	1.636219866719161864e-01	7.622507957020731306e-02	3.243303681767707031e-02	8.353210530241766962e-02
1.390858936425893944e+03	2.257337111935744656e-01	1.441453011164053610e-01	2.740541598363420706e-01	1.637335683050827606e-01	7.626610455088372875e-02	3.246366615236234709e-02	8.360348884510508671e-02
1.393277821532721646e+03	2.254725282902550199e-01	1.439627259843241081e-01	2.742439934878632690e-01	1.638448381564502621e-01	7.630701761049969722e-02	3.249422441521077759e-02	8.367467205515270734e-02
1.395696706639549120e+03	2.252120935434597793e-01	1.437806528342627788e-01	2.744332701290946863e-01	1.639557971202920961e-01	7.634781915164802479e-02	3.252471170966869662e-02	8.374565551132977237e-02
1.398115591746377049e+03	2.249524046755991546e-01	1.435990803948621330e-01	2.746219913359229658e-01	1.640664460881171849e-01	7.638850957476514547e-02	3.255512813984294540e-02	8.381643979064634653e-02
1.400534476853204296e+03	2.246934594177173727e-01	1.434180073965070912e-01	2.748101586798535889e-01	1.641767859486820413e-01	7.642908927814814901e-02	3.258547381048913782e-02	8.388702546835843932e-02
1.402953361960032225e+03	2.244352555094394908e-01	1.432374325713458574e-01	2.749977737280225876e-01	1.642868175880028980e-01	7.646955865797165630e-02	3.261574882700003786e-02	8.395741311797325079e-02
1.405372247066859927e+03	2.241777906989188274e-01	1.430573546533083495e-01	2.751848380432079799e-01	1.643965418893676145e-01	7.650991810830455597e-02	3.264595329539414503e-02	8.402760331125436188e-02
1.407791132173687402e+03	2.239210627427850875e-01	1.428777723781243791e-01	2.753713531838409834e-01	1.645059597333474177e-01	7.655016802112656060e-02	3.267608732230434937e-02	8.409759661822700794e-02
1.410210017280515103e+03	2.236650694060929589e-01	1.426986844833414703e-01	2.755573207040178940e-01	1.646150719978087540e-01	7.659030878634461026e-02	3.270615101496676669e-02	8.416739360718336616e-02
1.412628902387342805e+03	2.234098084622710423e-01	1.425200897083424012e-01	2.757427421535112444e-01	1.647238795579246406e-01	7.663034079180910951e-02	3.273614448120968495e-02	8.423699484468775978e-02
1.415047787494170507e+03	2.231552776930715298e-01	1.423419867943622463e-01	2.759276190777812388e-01	1.648323832861862959e-01	7.667026442332999792e-02	3.276606782944262164e-02	8.430640089558200101e-02
1.417466672600997981e+03	2.229014748885201624e-01	1.421643744845052515e-01	2.761119530179872439e-01	1.649405840524143796e-01	7.671008006469268170e-02	3.279592116864553375e-02	8.437561232299066460e-02
1.419885557707825683e+03	2.226483978468667968e-01	1.419872515237612931e-01	2.762957455109991134e-01	1.650484827237703733e-01	7.674978809767381283e-02	3.282570460835813886e-02	8.444462968832636141e-02
1.422304442814653157e+03	2.223960443745363613e-01	1.418106166590220041e-01	2.764789980894085675e-01	1.651560801647675436e-01	7.678938890205690149e-02	3.285541825866938881e-02	8.451345355129512293e-02
1.424723327921481086e+03	2.221444122860803949e-01	1.416344686390966223e-01	2.766617122815404617e-01	1.652633772372820165e-01	7.682888285564778985e-02	3.288506223020702668e-02	8.458208446990168883e-02
1.427142213028308333e+03	2.218934994041289466e-01	1.414588062147273950e-01	2.768438896114639447e-01	1.653703748005637131e-01	7.686827033428990374e-02	3.291463663412729640e-02	8.465052300045479428e-02
1.429561098135136262e+03	2.216433035593428913e-01	1.412836281386048720e-01	2.770255315990041711e-01	1.654770737112471468e-01	7.690755171187954597e-02	3.294414158210475646e-02	8.471876969757255460e-02
1.431979983241963964e+03	2.213938225903669954e-01	1.411089331653827550e-01	2.772066397597531817e-01	1.655834748233622200e-01	7.694672736038081495e-02	3.297357718632221851e-02	8.478682511418778045e-02
1.434398868348791666e+03	2.211450543437830374e-01	1.409347200516923859e-01	2.773872156050812832e-01	1.656895789883446601e-01	7.698579764984049556e-02	3.300294355946084557e-02	8.485468980155329299e-02
1.436817753455619140e+03	2.208969966740635393e-01	1.407609875561571522e-01	2.775672606421481503e-01	1.657953870550467612e-01	7.702476294840285287e-02	3.303224081469025714e-02	8.492236430924733626e-02
1.439236638562446842e+03	2.206496474435260813e-01	1.405877344394063644e-01	2.777467763739140949e-01	1.659008998697476256e-01	7.706362362232414831e-02	3.306146906565888416e-02	8.498984918517886455e-02
1.441655523669274316e+03	2.204030045222878931e-01	1.404149594640889120e-01	2.779257642991512789e-01	1.660061182761636001e-01	7.710238003598712808e-02	3.309062842648433089e-02	8.505714497559289933e-02
1.444074408776102018e+03	2.201570657882207793e-01	1.402426613948867251e-01	2.781042259124548721e-01	1.661110431154584621e-01	7.714103255191535891e-02	3.311971901174392413e-02	8.512425222507585820e-02
1.446493293882929493e+03	2.199118291269067660e-01	1.400708389985279023e-01	2.782821627042540991e-01	1.662156752262536341e-01	7.717958153078732786e-02	3.314874093646533876e-02	8.519117147656093958e-02
1.448912178989757422e+03	2.196672924315938580e-01	1.398994910437993400e-01	2.784595761608231745e-01	1.663200154446382584e-01	7.721802733145058384e-02	3.317769431611732739e-02	8.525790327133343782e-02
1.451331064096585123e+03	2.194234536031524352e-01	1.397286163015595828e-01	2.786364677642927390e-01	1.664240646041790506e-01	7.725637031093554596e-02	3.320657926660059572e-02	8.532444814903605845e-02
1.453749949203412370e+03	2.191803105500318427e-01	1.395582135447507865e-01	2.788128389926606832e-01	1.665278235359303471e-01	7.729461082446931197e-02	3.323539590423874035e-02	8.539080664767428885e-02
1.456168834310240300e+03	2.189378611882176751e-01	1.393882815484109861e-01	2.789886913198031948e-01	1.666312930684437921e-01	7.733274922548932784e-02	3.326414434576932533e-02	8.545697930362174122e-02
1.458587719417068001e+03	2.186961034411890881e-01	1.392188190896856137e-01	2.791640262154858054e-01	1.667344740277781900e-01	7.737078586565683536e-02	3.329282470833506286e-02	8.552296665162543998e-02
1.461006604523895703e+03	2.184550352398768602e-01	1.390498249478391568e-01	2.793388451453743815e-01	1.668373672375090544e-01	7.740872109487030583e-02	3.332143710947510495e-02	8.558876922481116478e-02
1.463425489630723177e+03	2.182146545226216761e-01	1.388812979042662321e-01	2.795131495710460601e-01	1.669399735187382661e-01	7.744655526127863787e-02	3.334998166711638373e-02	8.565438755468877952e-02
1.465844374737550879e+03	2.179749592351327425e-01	1.387132367425027157e-01	2.796869409500001846e-01	1.670422936901034272e-01	7.748428871129435513e-02	3.337845849956514593e-02	8.571982217115750591e-02
1.468263259844378354e+03	2.177359473304468773e-01	1.385456402482362626e-01	2.798602207356692406e-01	1.671443285677874924e-01	7.752192178960651270e-02	3.340686772549850136e-02	8.578507360251128033e-02
1.470682144951206283e+03	2.174976167688879580e-01	1.383785072093168811e-01	2.800329903774296803e-01	1.672460789655279001e-01	7.755945483919367278e-02	3.343520946395615173e-02	8.585014237544398574e-02
1.473101030058033530e+03	2.172599655180266764e-01	1.382118364157672030e-01	2.802052513206129136e-01	1.673475456946259265e-01	7.759688820133657516e-02	3.346348383433213336e-02	8.591502901505476686e-02
1.475519915164861459e+03	2.170229915526408482e-01	1.380456266597923920e-01	2.803770050065160224e-01	1.674487295639560114e-01	7.763422221563083536e-02	3.349169095636674032e-02	8.597973404485334536e-02
1.477938800271689161e+03	2.167866928546758332e-01	1.378798767357898858e-01	2.805482528724126956e-01	1.675496313799746673e-01	7.767145721999939301e-02	3.351983095013848918e-02	8.604425798676525183e-02
1.480357685378516862e+03	2.165510674132054836e-01	1.377145854403589720e-01	2.807189963515638875e-01	1.676502519467296393e-01	7.770859355070496022e-02	3.354790393605620868e-02	8.610860136113707153e-02
1.482776570485344337e+03	2.163161132243933138e-01	1.375497515723099751e-01	2.808892368732288092e-01	1.677505920658689531e-01	7.774563154236226181e-02	3.357591003485118492e-02	8.617276468674173184e-02
