1.001418434226643626e+03	2.794656883623254928e-01	1.810181557460917579e-01	2.349645741813899957e-01	1.410327335927761272e-01	6.786490681488162313e-02	2.657645051943707815e-02	6.907749078285123356e-02
1.002869765290740247e+03	2.792136796337619242e-01	1.808500340370181036e-01	2.351467497325974987e-01	1.411380643135611845e-01	6.790478089238971560e-02	2.660188707831447411e-02	6.914480431211041112e-02
1.004321096354836754e+03	2.789621360535871064e-01	1.806821634575763169e-01	2.353286095186273297e-01	1.412432115854974357e-01	6.794457447210039414e-02	2.662730050585479860e-02	6.921200440650991659e-02
1.005772427418933376e+03	2.787110565290373265e-01	1.805145438369663013e-01	2.355101540673399108e-01	1.413481758010272649e-01	6.798428780532046745e-02	2.665269073241012532e-02	6.927909122765191219e-02
1.007223758483029997e+03	2.784604399715918110e-01	1.803471750027028087e-01	2.356913839057705740e-01	1.414529573507735671e-01	6.802392114217296892e-02	2.667805768912597311e-02	6.934606493761565071e-02
1.008675089547126618e+03	2.782102852969465245e-01	1.801800567806336462e-01	2.358722995601305328e-01	1.415575566235603155e-01	6.806347473160413719e-02	2.670340130793566469e-02	6.941292569894257081e-02
1.010126420611223239e+03	2.779605914249882459e-01	1.800131889949577457e-01	2.360529015558078259e-01	1.416619740064327948e-01	6.810294882139032724e-02	2.672872152155472691e-02	6.947967367462166977e-02
1.011577751675319632e+03	2.777113572797690888e-01	1.798465714682431771e-01	2.362331904173681774e-01	1.417662098846775298e-01	6.814234365814492156e-02	2.675401826347532236e-02	6.954630902807519555e-02
1.013029082739416367e+03	2.774625817894806890e-01	1.796802040214449114e-01	2.364131666685556632e-01	1.418702646418418811e-01	6.818165948732513026e-02	2.677929146796070511e-02	6.961283192314446366e-02
1.014480413803512761e+03	2.772142638864290576e-01	1.795140864739223907e-01	2.365928308322938489e-01	1.419741386597534183e-01	6.822089655323888835e-02	2.680454107003974601e-02	6.967924252407611818e-02
1.015931744867609382e+03	2.769664025070094349e-01	1.793482186434570969e-01	2.367721834306866224e-01	1.420778323185389602e-01	6.826005509905147539e-02	2.682976700550148211e-02	6.974554099550847597e-02
1.017383075931706003e+03	2.767189965916813654e-01	1.791826003462698713e-01	2.369512249850188601e-01	1.421813459966432824e-01	6.829913536679232955e-02	2.685496921088966621e-02	6.981172750245819014e-02
1.018834406995802851e+03	2.764720450849439959e-01	1.790172313970380680e-01	2.371299560157575925e-01	1.422846800708476855e-01	6.833813759736170890e-02	2.688014762349741002e-02	6.987780221030716332e-02
1.020285738059899245e+03	2.762255469353113169e-01	1.788521116089126783e-01	2.373083770425527539e-01	1.423878349162881474e-01	6.837706203053725562e-02	2.690530218136182039e-02	6.994376528478968291e-02
1.021737069123995752e+03	2.759795010952879601e-01	1.786872407935352347e-01	2.374864885842380979e-01	1.424908109064732809e-01	6.841590890498062960e-02	2.693043282325869453e-02	7.000961689197975069e-02
1.023188400188092373e+03	2.757339065213450513e-01	1.785226187610546023e-01	2.376642911588320028e-01	1.425936084133019588e-01	6.845467845824404485e-02	2.695553948869724298e-02	7.007535719827874543e-02
1.024639731252188767e+03	2.754887621738960624e-01	1.783582453201434936e-01	2.378417852835385538e-01	1.426962278070807721e-01	6.849337092677675043e-02	2.698062211791484033e-02	7.014098637040316886e-02
1.026091062316285615e+03	2.752440670172730530e-01	1.781941202780151778e-01	2.380189714747482366e-01	1.427986694565411274e-01	6.853198654593148365e-02	2.700568065187182107e-02	7.020650457537272460e-02
1.027542393380382237e+03	2.749998200197028564e-01	1.780302434404397172e-01	2.381958502480389928e-01	1.429009337288561776e-01	6.857052554997092320e-02	2.703071503224631009e-02	7.027191198049861920e-02
1.028993724444478858e+03	2.747560201532838753e-01	1.778666146117601210e-01	2.383724221181770520e-01	1.430030209896574478e-01	6.860898817207401745e-02	2.705572520142907750e-02	7.033720875337198808e-02
1.030445055508575479e+03	2.745126663939626011e-01	1.777032335949085551e-01	2.385486875991177924e-01	1.431049316030512109e-01	6.864737464434234049e-02	2.708071110251843508e-02	7.040239506185258511e-02
1.031896386572671872e+03	2.742697577215106319e-01	1.775401001914222732e-01	2.387246472040067125e-01	1.432066659316346413e-01	6.868568519780639259e-02	2.710567267931517435e-02	7.046747107405770816e-02
1.033347717636768493e+03	2.740272931195014139e-01	1.773772142014593822e-01	2.389003014451803464e-01	1.433082243365117192e-01	6.872392006243184526e-02	2.713060987631751853e-02	7.053243695835127725e-02
1.034799048700865114e+03	2.737852715752878141e-01	1.772145754238146076e-01	2.390756508341670972e-01	1.434096071773089953e-01	6.876207946712574459e-02	2.715552263871612998e-02	7.059729288333314867e-02
1.036250379764961508e+03	2.735436920799792504e-01	1.770521836559347806e-01	2.392506958816882079e-01	1.435108148121909122e-01	6.880016363974268689e-02	2.718041091238913159e-02	7.066203901782858177e-02
1.037701710829058356e+03	2.733025536284194312e-01	1.768900386939343261e-01	2.394254370976586499e-01	1.436118475978750697e-01	6.883817280709095265e-02	2.720527464389716626e-02	7.072667553087798320e-02
1.039153041893154750e+03	2.730618552191638737e-01	1.767281403326105005e-01	2.395998749911880665e-01	1.437127058896472687e-01	6.887610719493858502e-02	2.723011378047851191e-02	7.079120259172673457e-02
1.040604372957251599e+03	2.728215958544580322e-01	1.765664883654586570e-01	2.397740100705816058e-01	1.438133900413762212e-01	6.891396702801950991e-02	2.725492827004418264e-02	7.085562036981525591e-02
1.042055704021347992e+03	2.725817745402152603e-01	1.764050825846871506e-01	2.399478428433410027e-01	1.439139004055281224e-01	6.895175253003943405e-02	2.727971806117310966e-02	7.091992903476934673e-02
1.043507035085444613e+03	2.723423902859948842e-01	1.762439227812324372e-01	2.401213738161653011e-01	1.440142373331809722e-01	6.898946392368193736e-02	2.730448310310732568e-02	7.098412875639052710e-02
1.044958366149541234e+03	2.721034421049807750e-01	1.760830087447737002e-01	2.402946034949519083e-01	1.441144011740387587e-01	6.902710143061435710e-02	2.732922334574720141e-02	7.104821970464667014e-02
1.046409697213637855e+03	2.718649290139598107e-01	1.759223402637475897e-01	2.404675323847974833e-01	1.442143922764453634e-01	6.906466527149367207e-02	2.735393873964668196e-02	7.111220204966278713e-02
1.047861028277734476e+03	2.716268500333005598e-01	1.757619171253627932e-01	2.406401609899988803e-01	1.443142109873982171e-01	6.910215566597238679e-02	2.737862923600858922e-02	7.117607596171203477e-02
1.049312359341831097e+03	2.713892041869319649e-01	1.756017391156143859e-01	2.408124898140540093e-01	1.444138576525619000e-01	6.913957283270438792e-02	2.740329478667993812e-02	7.123984161120679170e-02
1.050763690405927491e+03	2.711519905023229149e-01	1.754418060192982909e-01	2.409845193596628077e-01	1.445133326162814646e-01	6.917691698935066191e-02	2.742793534414728410e-02	7.130349916868995719e-02
1.052215021470024112e+03	2.709152080104608173e-01	1.752821176200252407e-01	2.411562501287282112e-01	1.446126362215954808e-01	6.921418835258510982e-02	2.745255086153211219e-02	7.136704880482638846e-02
1.053666352534120733e+03	2.706788557458311151e-01	1.751226737002350153e-01	2.413276826223570704e-01	1.447117688102491362e-01	6.925138713810022328e-02	2.747714129258623308e-02	7.143049069039461574e-02
1.055117683598217127e+03	2.704429327463968025e-01	1.749634740412103484e-01	2.414988173408609551e-01	1.448107307227067542e-01	6.928851356061280220e-02	2.750170659168725551e-02	7.149382499627848775e-02
1.056569014662313975e+03	2.702074380535780529e-01	1.748045184230907212e-01	2.416696547837572651e-01	1.449095222981645614e-01	6.932556783386951971e-02	2.752624671383402041e-02	7.155705189345919204e-02
1.058020345726410369e+03	2.699723707122321237e-01	1.746458066248861019e-01	2.418401954497701178e-01	1.450081438745629558e-01	6.936255017065262596e-02	2.755076161464213233e-02	7.162017155300727522e-02
1.059471676790506763e+03	2.697377297706329280e-01	1.744873384244905457e-01	2.420104398368312093e-01	1.451065957885987467e-01	6.939946078278545760e-02	2.757525125033948379e-02	7.168318414607496858e-02
1.060923007854603611e+03	2.695035142804513839e-01	1.743291135986957119e-01	2.421803884420808961e-01	1.452048783757371453e-01	6.943629988113796114e-02	2.759971557776181444e-02	7.174608984388845812e-02
1.062374338918700232e+03	2.692697232967355969e-01	1.741711319232041311e-01	2.423500417618689173e-01	1.453029919702236994e-01	6.947306767563221630e-02	2.762415455434830136e-02	7.180888881774048771e-02
1.063825669982796853e+03	2.690363558778912090e-01	1.740133931726426109e-01	2.425194002917555602e-01	1.454009369050958400e-01	6.950976437524793161e-02	2.764856813813719449e-02	7.187158123898300388e-02
1.065277001046893474e+03	2.688034110856619141e-01	1.738558971205752257e-01	2.426884645265124929e-01	1.454987135121945385e-01	6.954639018802780126e-02	2.767295628776144517e-02	7.193416727901993935e-02
1.066728332110990095e+03	2.685708879851099740e-01	1.736986435395165007e-01	2.428572349601237357e-01	1.455963221221755477e-01	6.958294532108294517e-02	2.769731896244440744e-02	7.199664710930020473e-02
1.068179663175086489e+03	2.683387856445972330e-01	1.735416322009442625e-01	2.430257120857866049e-01	1.456937630645206427e-01	6.961942998059826582e-02	2.772165612199552209e-02	7.205902090131076354e-02
1.069630994239183110e+03	2.681071031357660228e-01	1.733848628753124066e-01	2.431938963959126565e-01	1.457910366675485569e-01	6.965584437183774957e-02	2.774596772680608392e-02	7.212128882656979045e-02
1.071082325303279504e+03	2.678758395335200659e-01	1.732283353320637487e-01	2.433617883821286021e-01	1.458881432584259175e-01	6.969218869914979575e-02	2.777025373784497431e-02	7.218345105662007932e-02
1.072533656367376352e+03	2.676449939160059355e-01	1.730720493396425141e-01	2.435293885352773635e-01	1.459850831631780144e-01	6.972846316597247629e-02	2.779451411665446667e-02	7.224550776302250676e-02
1.073984987431472746e+03	2.674145653645940146e-01	1.729160046655068284e-01	2.436966973454188778e-01	1.460818567066992091e-01	6.976466797483867055e-02	2.781874882534605617e-02	7.230745911734960674e-02
1.075436318495569594e+03	2.671845529638605110e-01	1.727602010761412066e-01	2.438637153018311521e-01	1.461784642127633982e-01	6.980080332738139437e-02	2.784295782659630333e-02	7.236930529117927002e-02
1.076887649559666215e+03	2.669549558015686941e-01	1.726046383370687387e-01	2.440304428930112346e-01	1.462749060040342830e-01	6.983686942433885159e-02	2.786714108364270193e-02	7.243104645608870740e-02
1.078338980623762609e+03	2.667257729686508538e-01	1.724493162128633017e-01	2.441968806066760755e-01	1.463711824020755281e-01	6.987286646555961045e-02	2.789129856027958501e-02	7.249268278364827400e-02
1.079790311687859230e+03	2.664970035591899822e-01	1.722942344671617165e-01	2.443630289297636093e-01	1.464672937273605313e-01	6.990879465000765514e-02	2.791543022085406570e-02	7.255421444541564069e-02
1.081241642751955851e+03	2.662686466704021204e-01	1.721393928626755998e-01	2.445288883484335318e-01	1.465632402992825267e-01	6.994465417576752053e-02	2.793953603026198135e-02	7.261564161292996533e-02
1.082692973816052472e+03	2.660407014026180961e-01	1.719847911612032709e-01	2.446944593480684937e-01	1.466590224361640216e-01	6.998044524004923272e-02	2.796361595394388985e-02	7.267696445770618907e-02
1.084144304880149093e+03	2.658131668592662034e-01	1.718304291236416592e-01	2.448597424132748779e-01	1.467546404552664552e-01	7.001616803919336052e-02	2.798766995788106934e-02	7.273818315122952682e-02
1.085595635944245487e+03	2.655860421468543842e-01	1.716763065099977947e-01	2.450247380278837983e-01	1.468500946727996914e-01	7.005182276867596980e-02	2.801169800859156650e-02	7.279929786494993005e-02
1.087046967008342108e+03	2.653593263749530196e-01	1.715224230794004379e-01	2.451894466749520718e-01	1.469453854039310392e-01	7.008740962311356404e-02	2.803570007312625872e-02	7.286030877027677155e-02
1.088498298072438729e+03	2.651330186561771662e-01	1.713687785901116534e-01	2.453538688367632448e-01	1.470405129627946617e-01	7.012292879626794151e-02	2.805967611906493020e-02	7.292121603857358580e-02
1.089949629136535123e+03	2.649071181061696811e-01	1.712153727995380792e-01	2.455180049948285370e-01	1.471354776625004579e-01	7.015838048105112190e-02	2.808362611451241039e-02	7.298201984115292029e-02
1.091400960200631971e+03	2.646816238435840685e-01	1.710622054642422785e-01	2.456818556298876466e-01	1.472302798151430003e-01	7.019376486953016192e-02	2.810755002809470562e-02	7.304272034927131174e-02
1.092852291264728365e+03	2.644565349900675488e-01	1.709092763399538972e-01	2.458454212219099710e-01	1.473249197318102499e-01	7.022908215293195699e-02	2.813144782895516186e-02	7.310331773412429013e-02
1.094303622328825213e+03	2.642318506702442948e-01	1.707565851815807667e-01	2.460087022500953846e-01	1.474193977225922991e-01	7.026433252164802912e-02	2.815531948675065524e-02	7.316381216684163247e-02
1.095754953392921607e+03	2.640075700116985002e-01	1.706041317432199222e-01	2.461716991928752929e-01	1.475137140965897542e-01	7.029951616523927305e-02	2.817916497164783124e-02	7.322420381848250559e-02
1.097206284457018228e+03	2.637836921449578376e-01	1.704519157781684557e-01	2.463344125279135488e-01	1.476078691619222560e-01	7.033463327244067476e-02	2.820298425431931946e-02	7.328449286003091423e-02
1.098657615521114849e+03	2.635602162034772489e-01	1.702999370389343403e-01	2.464968427321075073e-01	1.477018632257366682e-01	7.036968403116601600e-02	2.822677730594002829e-02	7.334467946239106584e-02
1.100108946585211470e+03	2.633371413236224035e-01	1.701481952772472273e-01	2.466589902815889135e-01	1.477956965942153478e-01	7.040466862851250951e-02	2.825054409818341522e-02	7.340476379638299909e-02
1.101560277649308091e+03	2.631144666446533775e-01	1.699966902440690208e-01	2.468208556517249019e-01	1.478893695725841395e-01	7.043958725076542027e-02	2.827428460321783008e-02	7.346474603273811521e-02
1.103011608713404712e+03	2.628921913087085560e-01	1.698454216896043700e-01	2.469824393171189958e-01	1.479828824651203134e-01	7.047444008340271460e-02	2.829799879370283044e-02	7.352462634209495917e-02
1.104462939777501106e+03	2.626703144607889784e-01	1.696943893633111322e-01	2.471437417516120505e-01	1.480762355751604198e-01	7.050922731109955655e-02	2.832168664278556305e-02	7.358440489499498693e-02
1.105914270841597499e+03	2.624488352487419074e-01	1.695435930139108927e-01	2.473047634282832252e-01	1.481694292051080053e-01	7.054394911773294308e-02	2.834534812409715554e-02	7.364408186187852701e-02
1.107365601905694348e+03	2.622277528232455079e-01	1.693930323893989842e-01	2.474655048194509821e-01	1.482624636564412457e-01	7.057860568638613108e-02	2.836898321174912557e-02	7.370365741308067264e-02
1.108816932969790741e+03	2.620070663377929709e-01	1.692427072370548680e-01	2.476259663966740299e-01	1.483553392297204121e-01	7.061319719935313377e-02	2.839259188032982467e-02	7.376313171882736830e-02
1.110268264033887590e+03	2.617867749486771367e-01	1.690926173034521529e-01	2.477861486307522954e-01	1.484480562245953372e-01	7.064772383814323098e-02	2.841617410490089243e-02	7.382250494923159323e-02
1.111719595097984211e+03	2.615668778149747298e-01	1.689427623344685880e-01	2.479460519917279782e-01	1.485406149398127429e-01	7.068218578348538228e-02	2.843972986099374892e-02	7.388177727428951735e-02
1.113170926162080832e+03	2.613473740985313709e-01	1.687931420752959988e-01	2.481056769488864389e-01	1.486330156732232899e-01	7.071658321533259850e-02	2.846325912460610091e-02	7.394094886387686527e-02
1.114622257226177226e+03	2.611282629639463670e-01	1.686437562704501680e-01	2.482650239707572259e-01	1.487252587217888777e-01	7.075091631286631322e-02	2.848676187219847944e-02	7.400001988774526640e-02
1.116073588290273847e+03	2.609095435785572792e-01	1.684946046637804951e-01	2.484240935251150750e-01	1.488173443815895836e-01	7.078518525450074039e-02	2.851023808069078763e-02	7.405899051551870227e-02
1.117524919354370468e+03	2.606912151124253785e-01	1.683456869984798765e-01	2.485828860789807693e-01	1.489092729478305455e-01	7.081939021788720423e-02	2.853368772745889029e-02	7.411786091669005094e-02
1.118976250418467089e+03	2.604732767383203806e-01	1.681970030170940045e-01	2.487414020986222774e-01	1.490010447148487904e-01	7.085353137991839967e-02	2.855711079033118951e-02	7.417663126061767309e-02
1.120427581482563710e+03	2.602557276317058466e-01	1.680485524615310811e-01	2.488996420495556972e-01	1.490926599761200344e-01	7.088760891673270836e-02	2.858050724758527672e-02	7.423530171652213683e-02
1.121878912546660331e+03	2.600385669707244163e-01	1.679003350730712274e-01	2.490576063965460885e-01	1.491841190242652049e-01	7.092162300371838979e-02	2.860387707794456377e-02	7.429387245348290092e-02
1.123330243610756725e+03	2.598217939361833762e-01	1.677523505923756986e-01	2.492152956036087497e-01	1.492754221510570745e-01	7.095557381551775844e-02	2.862722026057495581e-02	7.435234364043516453e-02
1.124781574674853118e+03	2.596054077115401149e-01	1.676045987594962927e-01	2.493727101340098284e-01	1.493665696474267279e-01	7.098946152603145821e-02	2.865053677508154484e-02	7.441071544616680022e-02
1.126232905738949967e+03	2.593894074828878016e-01	1.674570793138844826e-01	2.495298504502676262e-01	1.494575618034697795e-01	7.102328630842257018e-02	2.867382660150531726e-02	7.446898803931520372e-02
1.127684236803046360e+03	2.591737924389410086e-01	1.673097919944004641e-01	2.496867170141534309e-01	1.495483989084528953e-01	7.105704833512073437e-02	2.869708972031988214e-02	7.452716158836439342e-02
1.129135567867143209e+03	2.589585617710216670e-01	1.671627365393222320e-01	2.498433102866924882e-01	1.496390812508198165e-01	7.109074777782625754e-02	2.872032611242823774e-02	7.458523626164208220e-02
1.130586898931239830e+03	2.587437146730449111e-01	1.670159126863545729e-01	2.499996307281651120e-01	1.497296091181975763e-01	7.112438480751420711e-02	2.874353575915955181e-02	7.464321222731683247e-02
1.132038229995336451e+03	2.585292503415052567e-01	1.668693201726378916e-01	2.501556787981075169e-01	1.498199827974024401e-01	7.115795959443844965e-02	2.876671864226594197e-02	7.470108965339522511e-02
1.133489561059432845e+03	2.583151679754627783e-01	1.667229587347569819e-01	2.503114549553128731e-01	1.499102025744459554e-01	7.119147230813568927e-02	2.878987474391932200e-02	7.475886870771916715e-02
1.134940892123529466e+03	2.581014667765290649e-01	1.665768281087497693e-01	2.504669596578322777e-01	1.500002687345407260e-01	7.122492311742946447e-02	2.881300404670821685e-02	7.481654955796325501e-02
1.136392223187626087e+03	2.578881459488537864e-01	1.664309280301159988e-01	2.506221933629758092e-01	1.500901815621062674e-01	7.125831219043414488e-02	2.883610653363465059e-02	7.487413237163212387e-02
1.137843554251722708e+03	2.576752046991111489e-01	1.662852582338256446e-01	2.507771565273134717e-01	1.501799413407747807e-01	7.129163969455883099e-02	2.885918218811100652e-02	7.493161731605790798e-02
1.139294885315819101e+03	2.574626422364861833e-01	1.661398184543276813e-01	2.509318496066760829e-01	1.502695483533967036e-01	7.132490579651136475e-02	2.888223099395694632e-02	7.498900455839775658e-02
1.140746216379915950e+03	2.572504577726618669e-01	1.659946084255582432e-01	2.510862730561564393e-01	1.503590028820463165e-01	7.135811066230214605e-02	2.890525293539633264e-02	7.504629426563144690e-02
1.142197547444012343e+03	2.570386505218051343e-01	1.658496278809490632e-01	2.512404273301102053e-01	1.504483052080272387e-01	7.139125445724804619e-02	2.892824799705417255e-02	7.510348660455891390e-02
1.143648878508108737e+03	2.568272197005543322e-01	1.657048765534358814e-01	2.513943128821568562e-01	1.505374556118778684e-01	7.142433734597632145e-02	2.895121616395357478e-02	7.516058174179800211e-02
1.145100209572205586e+03	2.566161645280058412e-01	1.655603541754663566e-01	2.515479301651807886e-01	1.506264543733766559e-01	7.145735949242831841e-02	2.897415742151275564e-02	7.521757984378213413e-02
1.146551540636302207e+03	2.564054842257010303e-01	1.654160604790085309e-01	2.517012796313321532e-01	1.507153017715475163e-01	7.149032105986335983e-02	2.899707175554202057e-02	7.527448107675821509e-02
1.148002871700398828e+03	2.561951780176135451e-01	1.652719951955586020e-01	2.518543617320280203e-01	1.508039980846649364e-01	7.152322221086257481e-02	2.901995915224080472e-02	7.533128560678432895e-02
1.149454202764495449e+03	2.559852451301363185e-01	1.651281580561491102e-01	2.520071769179533239e-01	1.508925435902591650e-01	7.155606310733253483e-02	2.904281959819472042e-02	7.538799359972771230e-02
1.150905533828591842e+03	2.557756847920687471e-01	1.649845487913567943e-01	2.521597256390616937e-01	1.509809385651212643e-01	7.158884391050907015e-02	2.906565308037261514e-02	7.544460522126264501e-02
1.152356864892688463e+03	2.555664962346045899e-01	1.648411671313104732e-01	2.523120083445766770e-01	1.510691832853081340e-01	7.162156478096097512e-02	2.908845958612365709e-02	7.550112063686843789e-02
1.153808195956785084e+03	2.553576786913186458e-01	1.646980128056987347e-01	2.524640254829925157e-01	1.511572780261474513e-01	7.165422587859367198e-02	2.911123910317443830e-02	7.555754001182750368e-02
1.155259527020881706e+03	2.551492313981548188e-01	1.645550855437777626e-01	2.526157775020753116e-01	1.512452230622425564e-01	7.168682736265290234e-02	2.913399161962610534e-02	7.561386351122342808e-02
1.156710858084978327e+03	2.549411535934137385e-01	1.644123850743789694e-01	2.527672648488639706e-01	1.513330186674773370e-01	7.171936939172833536e-02	2.915671712395149356e-02	7.567009129993905459e-02
1.158162189149074720e+03	2.547334445177401596e-01	1.642699111259164901e-01	2.529184879696711463e-01	1.514206651150208638e-01	7.175185212375721766e-02	2.917941560499229259e-02	7.572622354265469424e-02
1.159613520213171569e+03	2.545261034141110823e-01	1.641276634263948153e-01	2.530694473100841835e-01	1.515081626773321921e-01	7.178427571602796764e-02	2.920208705195622909e-02	7.578226040384634932e-02
1.161064851277267962e+03	2.543191295278234842e-01	1.639856417034162295e-01	2.532201433149662284e-01	1.515955116261648861e-01	7.181664032518374208e-02	2.922473145441426348e-02	7.583820204778396468e-02
1.162516182341364356e+03	2.541125221064822748e-01	1.638438456841880830e-01	2.533705764284572282e-01	1.516827122325717092e-01	7.184894610722597497e-02	2.924734880229780051e-02	7.589404863852970695e-02
1.163967513405461204e+03	2.539062803999884155e-01	1.637022750955302308e-01	2.535207470939748187e-01	1.517697647669090932e-01	7.188119321751793023e-02	2.926993908589594143e-02	7.594980033993635471e-02
1.165418844469557826e+03	2.537004036605269852e-01	1.635609296638822208e-01	2.536706557542153795e-01	1.518566694988416066e-01	7.191338181078819891e-02	2.929250229585272577e-02	7.600545731564566088e-02
1.166870175533654447e+03	2.534948911425555229e-01	1.634198091153105659e-01	2.538203028511549220e-01	1.519434266973463121e-01	7.194551204113419640e-02	2.931503842316441136e-02	7.606101972908678455e-02
1.168321506597751068e+03	2.532897421027923146e-01	1.632789131755157386e-01	2.539696888260503660e-01	1.520300366307172080e-01	7.197758406202563186e-02	2.933754745917676460e-02	7.611648774347476443e-02
1.169772837661847461e+03	2.530849558002044586e-01	1.631382415698394428e-01	2.541188141194401506e-01	1.521164995665694186e-01	7.200959802630788054e-02	2.936002939558236477e-02	7.617186152180906167e-02
1.171224168725944082e+03	2.528805314959968742e-01	1.629977940232714417e-01	2.542676791711454554e-01	1.522028157718435526e-01	7.204155408620552259e-02	2.938248422441793947e-02	7.622714122687204719e-02
1.172675499790040703e+03	2.526764684536002559e-01	1.628575702604565523e-01	2.544162844202712548e-01	1.522889855128097547e-01	7.207345239332563214e-02	2.940491193806170703e-02	7.628232702122762776e-02
1.174126830854137097e+03	2.524727659386603595e-01	1.627175700057015006e-01	2.545646303052071513e-01	1.523750090550719805e-01	7.210529309866126058e-02	2.942731252923073623e-02	7.633741906721984438e-02
1.175578161918233945e+03	2.522694232190261232e-01	1.625777929829819168e-01	2.547127172636283188e-01	1.524608866635719095e-01	7.213707635259467010e-02	2.944968599097832346e-02	7.639241752697158161e-02
1.177029492982330339e+03	2.520664395647387868e-01	1.624382389159487738e-01	2.548605457324967238e-01	1.525466186025931370e-01	7.216880230490078929e-02	2.947203231669140791e-02	7.644732256238322143e-02
1.178480824046426733e+03	2.518638142480206232e-01	1.622989075279354099e-01	2.550081161480619030e-01	1.526322051357650311e-01	7.220047110475048824e-02	2.949435150008796955e-02	7.650213433513138039e-02
1.179932155110523581e+03	2.516615465432638921e-01	1.621597985419639953e-01	2.551554289458622393e-01	1.527176465260667582e-01	7.223208290071385373e-02	2.951664353521446515e-02	7.655685300666767445e-02
1.181383486174620202e+03	2.514596357270197924e-01	1.620209116807521388e-01	2.553024845607254623e-01	1.528029430358312235e-01	7.226363784076345054e-02	2.953890841644328524e-02	7.661147873821753940e-02
1.182834817238716823e+03	2.512580810779876939e-01	1.618822466667194926e-01	2.554492834267701462e-01	1.528880949267486522e-01	7.229513607227762428e-02	2.956114613847021094e-02	7.666601169077906508e-02
1.184286148302813444e+03	2.510568818770042565e-01	1.617438032219941368e-01	2.555958259774064878e-01	1.529731024598706135e-01	7.232657774204372114e-02	2.958335669631190906e-02	7.672045202512180195e-02
1.185737479366910065e+03	2.508560374070326060e-01	1.616055810684189631e-01	2.557421126453372495e-01	1.530579658956136846e-01	7.235796299626127970e-02	2.960554008530341674e-02	7.677479990178578961e-02
1.187188810431006686e+03	2.506555469531516755e-01	1.614675799275581136e-01	2.558881438625588700e-01	1.531426854937631699e-01	7.238929198054522285e-02	2.962769630109567814e-02	7.682905548108033555e-02
1.188640141495103080e+03	2.504554098025456588e-01	1.613297995207032820e-01	2.560339200603622412e-01	1.532272615134766813e-01	7.242056483992910521e-02	2.964982533965306033e-02	7.688321892308307148e-02
1.190091472559199701e+03	2.502556252444933516e-01	1.611922395688798193e-01	2.561794416693340404e-01	1.533116942132878024e-01	7.245178171886818008e-02	2.967192719725091771e-02	7.693729038763895411e-02
1.191542803623296322e+03	2.500561925703578270e-01	1.610548997928531456e-01	2.563247091193574523e-01	1.533959838511096962e-01	7.248294276124254976e-02	2.969400187047314607e-02	7.699127003435922434e-02
1.192994134687392716e+03	2.498571110735759437e-01	1.609177799131346898e-01	2.564697228396132234e-01	1.534801306842385471e-01	7.251404811036032960e-02	2.971604935620977828e-02	7.704515802262053292e-02
1.194445465751489564e+03	2.496583800496480765e-01	1.607808796499880233e-01	2.566144832585806612e-01	1.535641349693570579e-01	7.254509790896068733e-02	2.973806965165456950e-02	7.709895451156395518e-02
1.195896796815585958e+03	2.494599987961277632e-01	1.606441987234349111e-01	2.567589908040387447e-01	1.536479969625378639e-01	7.257609229921696548e-02	2.976006275430262069e-02	7.715265966009413057e-02
1.197348127879682352e+03	2.492619666126117128e-01	1.605077368532612236e-01	2.569032459030669568e-01	1.537317169192469746e-01	7.260703142273973454e-02	2.978202866194801235e-02	7.720627362687841611e-02
1.198799458943779200e+03	2.490642828007294807e-01	1.603714937590229039e-01	2.570472489820462836e-01	1.538152950943471320e-01	7.263791542057977668e-02	2.980396737268144539e-02	7.725979657034601211e-02
1.200250790007875821e+03	2.488669466641335870e-01	1.602354691600518244e-01	2.571910004666602134e-01	1.538987317421010581e-01	7.266874443323118049e-02	2.982587888488790265e-02	7.731322864868719891e-02
1.201702121071972442e+03	2.486699575084894698e-01	1.600996627754616153e-01	2.573345007818959029e-01	1.539820271161747856e-01	7.269951860063432469e-02	2.984776319724433136e-02	7.736657001985251803e-02
1.203153452136069063e+03	2.484733146414656035e-01	1.599640743241532437e-01	2.574777503520449540e-01	1.540651814696409327e-01	7.273023806217880638e-02	2.986962030871733245e-02	7.741982084155205057e-02
1.204604783200165684e+03	2.482770173727235907e-01	1.598287035248210364e-01	2.576207496007044684e-01	1.541481950549817570e-01	7.276090295670648023e-02	2.989145021856087769e-02	7.747298127125462619e-02
1.206056114264262078e+03	2.480810650139085860e-01	1.596935500959581200e-01	2.577634989507780472e-01	1.542310681240924852e-01	7.279151342251435897e-02	2.991325292631402677e-02	7.752605146618721244e-02
1.207507445328358699e+03	2.478854568786393320e-01	1.595586137558620277e-01	2.579059988244767898e-01	1.543138009282843115e-01	7.282206959735754159e-02	2.993502843179866868e-02	7.757903158333413762e-02
1.208958776392455093e+03	2.476901922824987501e-01	1.594238942226403055e-01	2.580482496433202932e-01	1.543963937182875612e-01	7.285257161845218321e-02	2.995677673511727701e-02	7.763192177943648020e-02
1.210410107456551941e+03	2.474952705430241706e-01	1.592893912142160084e-01	2.581902518281375403e-01	1.544788467442546886e-01	7.288301962247831223e-02	2.997849783665067214e-02	7.768472221099143038e-02
1.211861438520648335e+03	2.473006909796980068e-01	1.591551044483331123e-01	2.583320057990681207e-01	1.545611602557633302e-01	7.291341374558270305e-02	3.000019173705582853e-02	7.773743303425170725e-02
1.213312769584745183e+03	2.471064529139382349e-01	1.590210336425620374e-01	2.584735119755628974e-01	1.546433345018192462e-01	7.294375412338183207e-02	3.002185843726365086e-02	7.779005440522490655e-02
1.214764100648841804e+03	2.469125556690889289e-01	1.588871785143048665e-01	2.586147707763853942e-01	1.547253697308593468e-01	7.297404089096456992e-02	3.004349793847679514e-02	7.784258647967297329e-02
1.216215431712937971e+03	2.467189985704111022e-01	1.587535387808007292e-01	2.587557826196122401e-01	1.548072661907544390e-01	7.300427418289516523e-02	3.006511024216750386e-02	7.789502941311166051e-02
1.217666762777034819e+03	2.465257809450733806e-01	1.586201141591309927e-01	2.588965479226347788e-01	1.548890241288123359e-01	7.303445413321589530e-02	3.008669535007544096e-02	7.794738336081000196e-02
1.219118093841131440e+03	2.463329021221428439e-01	1.584869043662245625e-01	2.590370671021595683e-01	1.549706437917804935e-01	7.306458087544996649e-02	3.010825326420555476e-02	7.799964847778979860e-02
1.220569424905228061e+03	2.461403614325758105e-01	1.583539091188630177e-01	2.591773405742096026e-01	1.550521254258490078e-01	7.309465454260422046e-02	3.012978398682595108e-02	7.805182491882516060e-02
1.222020755969324682e+03	2.459481582092088725e-01	1.582211281336856623e-01	2.593173687541253103e-01	1.551334692766531964e-01	7.312467526717192357e-02	3.015128752046577695e-02	7.810391283844199395e-02
1.223472087033421303e+03	2.457562917867498475e-01	1.580885611271947155e-01	2.594571520565653877e-01	1.552146755892765406e-01	7.315464318113544528e-02	3.017276386791312506e-02	7.815591239091768117e-02
1.224923418097517697e+03	2.455647615017688690e-01	1.579562078157601968e-01	2.595966908955078534e-01	1.552957446082532944e-01	7.318455841596907541e-02	3.019421303221293471e-02	7.820782373028047074e-02
1.226374749161614318e+03	2.453735666926895043e-01	1.578240679156250326e-01	2.597359856842512138e-01	1.553766765775710934e-01	7.321442110264161918e-02	3.021563501666494830e-02	7.825964701030925508e-02
1.227826080225710712e+03	2.451827066997798177e-01	1.576921411429099140e-01	2.598750368354151297e-01	1.554574717406738971e-01	7.324423137161917285e-02	3.023702982482162627e-02	7.831138238453307088e-02
1.229277411289807560e+03	2.449921808651437660e-01	1.575604272136181538e-01	2.600138447609416925e-01	1.555381303404643201e-01	7.327398935286773274e-02	3.025839746048611389e-02	7.836303000623079384e-02
1.230728742353903954e+03	2.448019885327124556e-01	1.574289258436406824e-01	2.601524098720961464e-01	1.556186526193064079e-01	7.330369517585585970e-02	3.027973792771022216e-02	7.841459002843079173e-02
1.232180073418000802e+03	2.446121290482353994e-01	1.572976367487607108e-01	2.602907325794681093e-01	1.556990388190281072e-01	7.333334896955734372e-02	3.030105123079239460e-02	7.846606260391050802e-02
1.233631404482097196e+03	2.444226017592720512e-01	1.571665596446584767e-01	2.604288132929723498e-01	1.557792891809238744e-01	7.336295086245378516e-02	3.032233737427571241e-02	7.851744788519626761e-02
1.235082735546193817e+03	2.442334060151832298e-01	1.570356942469160466e-01	2.605666524218499536e-01	1.558594039457572300e-01	7.339250098253723154e-02	3.034359636294590296e-02	7.856874602456290213e-02
1.236534066610290438e+03	2.440445411671225695e-01	1.569050402710219783e-01	2.607042503746692663e-01	1.559393833537630614e-01	7.342199945731274491e-02	3.036482820182936915e-02	7.861995717403351402e-02
1.237985397674387059e+03	2.438560065680282496e-01	1.567745974323757896e-01	2.608416075593267269e-01	1.560192276446503157e-01	7.345144641380098316e-02	3.038603289619122572e-02	7.867108148537919898e-02
1.239436728738483680e+03	2.436678015726145841e-01	1.566443654462928159e-01	2.609787243830479220e-01	1.560989370576042756e-01	7.348084197854075350e-02	3.040721045153333899e-02	7.872211911011876839e-02
1.240888059802580301e+03	2.434799255373636118e-01	1.565143440280084008e-01	2.611156012523888070e-01	1.561785118312890019e-01	7.351018627759157986e-02	3.042836087359240826e-02	7.877307019951856892e-02
1.242339390866676695e+03	2.432923778205170195e-01	1.563845328926827816e-01	2.612522385732363173e-01	1.562579522038498037e-01	7.353947943653614538e-02	3.044948416833802643e-02	7.882393490459223273e-02
1.243790721930773088e+03	2.431051577820677323e-01	1.562549317554052797e-01	2.613886367508095887e-01	1.563372584129154863e-01	7.356872158048290145e-02	3.047058034197078213e-02	7.887471337610049704e-02
1.245242052994869937e+03	2.429182647837520859e-01	1.561255403311987977e-01	2.615247961896608464e-01	1.564164306956007111e-01	7.359791283406853790e-02	3.049164940092035161e-02	7.892540576455100987e-02
1.246693384058966330e+03	2.427316981890414171e-01	1.559963583350241489e-01	2.616607172936763481e-01	1.564954692885082710e-01	7.362705332146041171e-02	3.051269135184361825e-02	7.897601222019813572e-02
1.248144715123063179e+03	2.425454573631341537e-01	1.558673854817844429e-01	2.617964004660774946e-01	1.565743744277314775e-01	7.365614316635907266e-02	3.053370620162280599e-02	7.902653289304285844e-02
1.249596046187159800e+03	2.423595416729479868e-01	1.557386214863294704e-01	2.619318461094216621e-01	1.566531463488563258e-01	7.368518249200062264e-02	3.055469395736360935e-02	7.907696793283257308e-02
1.251047377251256421e+03	2.421739504871117665e-01	1.556100660634597288e-01	2.620670546256033129e-01	1.567317852869637707e-01	7.371417142115928300e-02	3.057565462639336151e-02	7.912731748906097484e-02
1.252498708315352815e+03	2.419886831759576751e-01	1.554817189279308898e-01	2.622020264158549385e-01	1.568102914766318912e-01	7.374311007614971214e-02	3.059658821625918165e-02	7.917758171096796194e-02
1.253950039379449436e+03	2.418037391115133994e-01	1.553535797944577135e-01	2.623367618807478374e-01	1.568886651519380837e-01	7.377199857882944800e-02	3.061749473472616737e-02	7.922776074753953846e-02
1.255401370443546057e+03	2.416191176674944152e-01	1.552256483777184337e-01	2.624712614201934469e-01	1.569669065464613378e-01	7.380083705060128119e-02	3.063837418977556973e-02	7.927785474750768946e-02
1.256852701507642678e+03	2.414348182192961600e-01	1.550979243923587270e-01	2.626055254334441202e-01	1.570450158932842066e-01	7.382962561241564192e-02	3.065922658960301694e-02	7.932786385935032547e-02
1.258304032571739299e+03	2.412508401439865668e-01	1.549704075529957648e-01	2.627395543190939597e-01	1.571229934249950833e-01	7.385836438477295929e-02	3.068005194261670329e-02	7.937778823129119921e-02
1.259755363635835920e+03	2.410671828202982370e-01	1.548430975742222937e-01	2.628733484750800375e-01	1.572008393736901155e-01	7.388705348772600656e-02	3.070085025743564400e-02	7.942762801129990557e-02
1.261206694699932314e+03	2.408838456286209462e-01	1.547159941706105490e-01	2.630069082986833950e-01	1.572785539709755376e-01	7.391569304088221881e-02	3.072162154288788152e-02	7.947738334709174290e-02
1.262658025764028707e+03	2.407008279509942061e-01	1.545890970567163070e-01	2.631402341865296535e-01	1.573561374479694741e-01	7.394428316340603824e-02	3.074236580800876820e-02	7.952705438612779620e-02
1.264109356828125556e+03	2.405181291710997149e-01	1.544624059470826871e-01	2.632733265345905127e-01	1.574335900353041329e-01	7.397282397402121790e-02	3.076308306203920373e-02	7.957664127561482614e-02
1.265560687892221949e+03	2.403357486742540017e-01	1.543359205562440384e-01	2.634061857381841953e-01	1.575109119631277477e-01	7.400131559101306988e-02	3.078377331442391784e-02	7.962614416250531069e-02
1.267012018956318798e+03	2.401536858474009606e-01	1.542096405987299357e-01	2.635388121919768345e-01	1.575881034611065767e-01	7.402975813223078294e-02	3.080443657480975636e-02	7.967556319349744509e-02
1.268463350020415419e+03	2.399719400791046342e-01	1.540835657890687049e-01	2.636712062899831954e-01	1.576651647584269567e-01	7.405815171508967065e-02	3.082507285304398117e-02	7.972489851503515579e-02
1.269914681084511813e+03	2.397905107595418583e-01	1.539576958417914199e-01	2.638033684255677302e-01	1.577420960837971620e-01	7.408649645657340577e-02	3.084568215917257369e-02	7.977415027330808650e-02
1.271366012148608434e+03	2.396093972804951289e-01	1.538320304714355380e-01	2.639352989914456882e-01	1.578188976654493481e-01	7.411479247323629616e-02	3.086626450343855216e-02	7.982331861425169539e-02
1.272817343212705055e+03	2.394285990353453297e-01	1.537065693925485921e-01	2.640669983796837816e-01	1.578955697311415496e-01	7.414303988120544975e-02	3.088681989628030977e-02	7.987240368354725506e-02
1.274268674276801676e+03	2.392481154190647108e-01	1.535813123196917984e-01	2.641984669817013520e-01	1.579721125081594291e-01	7.417123879618300886e-02	3.090734834832995284e-02	7.992140562662192194e-02
1.275720005340898297e+03	2.390679458282097547e-01	1.534562589674438871e-01	2.643297051882713689e-01	1.580485262233183585e-01	7.419938933344835674e-02	3.092784987041165973e-02	7.997032458864879179e-02
1.277171336404994690e+03	2.388880896609140991e-01	1.533314090504043770e-01	2.644607133895213180e-01	1.581248111029650572e-01	7.422749160786029643e-02	3.094832447354003285e-02	8.001916071454701074e-02
1.278622667469091539e+03	2.387085463168815425e-01	1.532067622831974063e-01	2.645914919749340899e-01	1.582009673729796451e-01	7.425554573385918788e-02	3.096877216891849582e-02	8.006791414898181691e-02
1.280073998533187932e+03	2.385293151973791881e-01	1.530823183804751464e-01	2.647220413333491451e-01	1.582769952587773366e-01	7.428355182546914071e-02	3.098919296793765585e-02	8.011658503636463757e-02
1.281525329597284326e+03	2.383503957052304500e-01	1.529580770569212433e-01	2.648523618529632917e-01	1.583528949853102163e-01	7.431150999630013743e-02	3.100958688217372167e-02	8.016517352085321402e-02
1.282976660661381175e+03	2.381717872448082807e-01	1.528340380272543153e-01	2.649824539213318508e-01	1.584286667770691548e-01	7.433942035955014294e-02	3.102995392338689720e-02	8.021367974635167097e-02
1.284427991725477568e+03	2.379934892220283149e-01	1.527102010062313941e-01	2.651123179253693785e-01	1.585043108580855009e-01	7.436728302800721391e-02	3.105029410351981337e-02	8.026210385651069701e-02
1.285879322789574417e+03	2.378155010443420980e-01	1.525865657086513671e-01	2.652419542513507755e-01	1.585798274519328033e-01	7.439509811405169148e-02	3.107060743469595640e-02	8.031044599472762779e-02
1.287330653853671038e+03	2.376378221207303965e-01	1.524631318493581689e-01	2.653713632849122317e-01	1.586552167817286696e-01	7.442286572965819968e-02	3.109089392921808928e-02	8.035870630414655713e-02
1.288781984917767431e+03	2.374604518616964255e-01	1.523398991432442506e-01	2.655005454110522245e-01	1.587304790701364043e-01	7.445058598639774095e-02	3.111115359956673210e-02	8.040688492765853124e-02
1.290233315981864052e+03	2.372833896792593544e-01	1.522168673052537446e-01	2.656295010141324631e-01	1.588056145393666740e-01	7.447825899543976391e-02	3.113138645839860427e-02	8.045498200790167365e-02
