1.301360187473271253e+03	2.358743873817606140e-01	1.509327875559210164e-01	2.603781681990600672e-01	1.618087431358795070e-01	7.652731166994350409e-02	3.210526316610855940e-02	8.237333889108165719e-02
1.306197957686926657e+03	2.352947919253040587e-01	1.505278519043719565e-01	2.607508355302786685e-01	1.620731839687655218e-01	7.663718851774914409e-02	3.217976830625660090e-02	8.253637984702900943e-02
1.311035727900581833e+03	2.347185332112016465e-01	1.501251279013963713e-01	2.611213412873399919e-01	1.623361071258223320e-01	7.674646549320351951e-02	3.225395659689550554e-02	8.269846838389559307e-02
1.315873498114237009e+03	2.341455903559712393e-01	1.497246048132918339e-01	2.614896996662089412e-01	1.625975209079573713e-01	7.685514578470759028e-02	3.232782817905570372e-02	8.285961029256228016e-02
1.320711268327892412e+03	2.335759426507502678e-01	1.493262719205421807e-01	2.618559247314506955e-01	1.628574335772905168e-01	7.696323256599320317e-02	3.240138322137768589e-02	8.301981133235040999e-02
1.325549038541547588e+03	2.330095695587729165e-01	1.489301185189888799e-01	2.622200304183427422e-01	1.631158533572477920e-01	7.707072899613633121e-02	3.247462191943138038e-02	8.317907723083492466e-02
1.330386808755202765e+03	2.324464507129030133e-01	1.485361339209617659e-01	2.625820305349349515e-01	1.633727884326547919e-01	7.717763821957206172e-02	3.254754449505003339e-02	8.333741368367836300e-02
1.335224578968857941e+03	2.318865659132213486e-01	1.481443074563707774e-01	2.629419387640588024e-01	1.636282469498300252e-01	7.728396336611106920e-02	3.262015119567808485e-02	8.349482635448488010e-02
1.340062349182513572e+03	2.313298951246660073e-01	1.477546284737595583e-01	2.632997686652875924e-01	1.638822370166781173e-01	7.738970755095771203e-02	3.269244229373288041e-02	8.365132087467307132e-02
1.344900119396168748e+03	2.307764184747242153e-01	1.473670863413220622e-01	2.636555336768492963e-01	1.641347667027832913e-01	7.749487387472935029e-02	3.276441808597983785e-02	8.380690284336686502e-02
1.349737889609823924e+03	2.302261162511745618e-01	1.469816704478831559e-01	2.640092471174928512e-01	1.643858440395025433e-01	7.759946542347731513e-02	3.283607889292079751e-02	8.396157782730369334e-02
1.354575659823479100e+03	2.296789688998781276e-01	1.465983702038442527e-01	2.643609221883101434e-01	1.646354770200592343e-01	7.770348526870905770e-02	3.290742505819523739e-02	8.411535136075889985e-02
1.359413430037134731e+03	2.291349570226173249e-01	1.462171750420949989e-01	2.647105719745141417e-01	1.648836735996369041e-01	7.780693646741168590e-02	3.297845694799411698e-02	8.426822894548581522e-02
1.364251200250789907e+03	2.285940613749813111e-01	1.458380744188920719e-01	2.650582094471751748e-01	1.651304416954732512e-01	7.790982206207662519e-02	3.304917495048598913e-02	8.442021605067058510e-02
1.369088970464445310e+03	2.280562628642966161e-01	1.454610578147056688e-01	2.654038474649162427e-01	1.653757891869544472e-01	7.801214508072561171e-02	3.311957947525528273e-02	8.457131811290111156e-02
1.373926740678100487e+03	2.275215425476019571e-01	1.450861147350351599e-01	2.657474987755684692e-01	1.656197239157099210e-01	7.811390853693782332e-02	3.318967095275224266e-02	8.472154053614942837e-02
1.378764510891755890e+03	2.269898816296660460e-01	1.447132347111940720e-01	2.660891760177883647e-01	1.658622536857073670e-01	7.821511542987798216e-02	3.325944983375453412e-02	8.487088869176663553e-02
1.383602281105411066e+03	2.264612614610473362e-01	1.443424073010660114e-01	2.664288917226373954e-01	1.661033862633483904e-01	7.831576874432576163e-02	3.332891658884004626e-02	8.501936791849012964e-02
1.388440051319066470e+03	2.259356635361945698e-01	1.439736220898318597e-01	2.667666583151252491e-01	1.663431293775645414e-01	7.841587145070599840e-02	3.339807170787079116e-02	8.516698352246210302e-02
1.393277821532721646e+03	2.254130694915870980e-01	1.436068686906692704e-01	2.671024881157182396e-01	1.665814907199138772e-01	7.851542650512002841e-02	3.346691569948758577e-02	8.531374077725903393e-02
1.398115591746377049e+03	2.248934611039141440e-01	1.432421367454251304e-01	2.674363933418129613e-01	1.668184779446780508e-01	7.861443684937795273e-02	3.353544909061535739e-02	8.545964492393151590e-02
1.402953361960032225e+03	2.243768202882916452e-01	1.428794159252619045e-01	2.677683861091773032e-01	1.670540986689600937e-01	7.871290541103180549e-02	3.360367242597871867e-02	8.560470117105369037e-02
1.407791132173687402e+03	2.238631290965161780e-01	1.425186959312783053e-01	2.680984784333584336e-01	1.672883604727826989e-01	7.881083510340960996e-02	3.367158626762774970e-02	8.574891469478211625e-02
1.412628902387342805e+03	2.233523697153545762e-01	1.421599664951058162e-01	2.684266822310604761e-01	1.675212708991870303e-01	7.890822882565026730e-02	3.373919119447362641e-02	8.589229063892334093e-02
1.417466672600997981e+03	2.228445244648686874e-01	1.418032173794804562e-01	2.687530093214905991e-01	1.677528374543324208e-01	7.900508946273929189e-02	3.380648780183401203e-02	8.603483411500970068e-02
1.422304442814653157e+03	2.223395757967741582e-01	1.414484383787918687e-01	2.690774714276764068e-01	1.679830676075964868e-01	7.910141988554530990e-02	3.387347670098790620e-02	8.617655020238304542e-02
1.427142213028308333e+03	2.218375062928326091e-01	1.410956193196093722e-01	2.694000801777542975e-01	1.682119687916760198e-01	7.919722295085730723e-02	3.394015851873977835e-02	8.631744394828574918e-02
1.431979983241963964e+03	2.213382986632761451e-01	1.407447500611862523e-01	2.697208471062296775e-01	1.684395484026886547e-01	7.929250150142264086e-02	3.400653389699286044e-02	8.645752036795883999e-02
1.436817753455619140e+03	2.208419357452633958e-01	1.403958204959425971e-01	2.700397836552105857e-01	1.686658138002748997e-01	7.938725836598570229e-02	3.407260349233125901e-02	8.659678444474662451e-02
1.441655523669274316e+03	2.203484005013665314e-01	1.400488205499273719e-01	2.703569011756141727e-01	1.688907723077013590e-01	7.948149635932724721e-02	3.413836797561085185e-02	8.673524113020748827e-02
1.446493293882929493e+03	2.198576760180881440e-01	1.397037401832605108e-01	2.706722109283484223e-01	1.691144312119641779e-01	7.957521828230437744e-02	3.420382803155868484e-02	8.687289534423063564e-02
1.451331064096585123e+03	2.193697455044077427e-01	1.393605693905553000e-01	2.709857240854682270e-01	1.693367977638935706e-01	7.966842692189116115e-02	3.426898435838075796e-02	8.700975197515820048e-02
1.456168834310240300e+03	2.188845922903562835e-01	1.390192982013217782e-01	2.712974517313077039e-01	1.695578791782587913e-01	7.976112505121982221e-02	3.433383766737795051e-02	8.714581587991264422e-02
1.461006604523895703e+03	2.184021998256190922e-01	1.386799166803519001e-01	2.716074048635886973e-01	1.697776826338739387e-01	7.985331542962245677e-02	3.439838868257002330e-02	8.728109188412884467e-02
1.465844374737550879e+03	2.179225516781655159e-01	1.383424149280867155e-01	2.719155943945065212e-01	1.699962152737045928e-01	7.994500080267337438e-02	3.446263814032737849e-02	8.741558478229086160e-02
1.470682144951206283e+03	2.174456315329053868e-01	1.380067830809660612e-01	2.722220311517933311e-01	1.702134842049748964e-01	8.003618390223189716e-02	3.452658678901057016e-02	8.754929933787283791e-02
1.475519915164861459e+03	2.169714231903710489e-01	1.376730113117615728e-01	2.725267258797599568e-01	1.704294964992755790e-01	8.012686744648567228e-02	3.459023538861728808e-02	8.768224028348388377e-02
1.480357685378516862e+03	2.164999105654247802e-01	1.373410898298932370e-01	2.728296892403164753e-01	1.706442591926725372e-01	8.021705413999444256e-02	3.465358471043678695e-02	8.781441232101674932e-02
1.485195455592172038e+03	2.160310776859906134e-01	1.370110088817301786e-01	2.731309318139723552e-01	1.708577792858163302e-01	8.030674667373431663e-02	3.471663553671141406e-02	8.794582012179975872e-02
1.490033225805827215e+03	2.155649086918102753e-01	1.366827587508759323e-01	2.734304641008168946e-01	1.710700637440520366e-01	8.039594772514245535e-02	3.477938866030530485e-02	8.807646832675211646e-02
1.494870996019482618e+03	2.151013878332222184e-01	1.363563297584388101e-01	2.737282965214796748e-01	1.712811194975301099e-01	8.048465995816214691e-02	3.484184488437993416e-02	8.820636154654208638e-02
1.499708766233137567e+03	2.146404994699639412e-01	1.360317122632878073e-01	2.740244394180727516e-01	1.714909534413178172e-01	8.057288602328831206e-02	3.490400502207649525e-02	8.833550436174796017e-02
1.504546536446793198e+03	2.141822280699960113e-01	1.357088966622941872e-01	2.743189030551138052e-01	1.716995724355112884e-01	8.066062855761334249e-02	3.496586989620487779e-02	8.846390132302152376e-02
1.509384306660448374e+03	2.137265582083480442e-01	1.353878733905599374e-01	2.746116976204322491e-01	1.719069833053483709e-01	8.074789018487338321e-02	3.502744033893915448e-02	8.859155695125389696e-02
1.514222076874103550e+03	2.132734745659859710e-01	1.350686329216323756e-01	2.749028332260569640e-01	1.721131928413218715e-01	8.083467351549493418e-02	3.508871719151945845e-02	8.871847573774345463e-02
1.519059847087758726e+03	2.128229619286996499e-01	1.347511657677063490e-01	2.751923199090876571e-01	1.723182077992938543e-01	8.092098114664167396e-02	3.514970130396007780e-02	8.884466214436578801e-02
1.523897617301414357e+03	2.123750051860109067e-01	1.344354624798136666e-01	2.754801676325495663e-01	1.725220349006101606e-01	8.100681566226174135e-02	3.521039353476369121e-02	8.897012060374534514e-02
1.528735387515069533e+03	2.119295893301010592e-01	1.341215136480006509e-01	2.757663862862318460e-01	1.727246808322158989e-01	8.109217963313525290e-02	3.527079475064155700e-02	8.909485551942879222e-02
1.533573157728724709e+03	2.114866994547577039e-01	1.338093099014939502e-01	2.760509856875106860e-01	1.729261522467712420e-01	8.117707561692212581e-02	3.533090582623959336e-02	8.921887126605976270e-02
1.538410927942380113e+03	2.110463207543401831e-01	1.334988419088548040e-01	2.763339755821567767e-01	1.731264557627681389e-01	8.126150615821006729e-02	3.539072764387020398e-02	8.934217218955492479e-02
1.543248698156035516e+03	2.106084385227635081e-01	1.331901003781224280e-01	2.766153656451279530e-01	1.733255979646472489e-01	8.134547378856300803e-02	3.545026109324972419e-02	8.946476260728120078e-02
1.548086468369690692e+03	2.101730381524997415e-01	1.328830760569467417e-01	2.768951654813476271e-01	1.735235854029158753e-01	8.142898102656960513e-02	3.550950707124139738e-02	8.958664680823406889e-02
1.552924238583346096e+03	2.097401051335972821e-01	1.325777597327105484e-01	2.771733846264687884e-01	1.737204245942659819e-01	8.151203037789205019e-02	3.556846648160374991e-02	8.970782905321665612e-02
1.557762008797001272e+03	2.093096250527165525e-01	1.322741422326420835e-01	2.774500325476241813e-01	1.739161220216932091e-01	8.159462433531507186e-02	3.562714023474426728e-02	8.982831357501966374e-02
1.562599779010656675e+03	2.088815835921828123e-01	1.319722144239171280e-01	2.777251186441635489e-01	1.741106841346161116e-01	8.167676537879514642e-02	3.568552924747826760e-02	8.994810457860197284e-02
1.567437549224311852e+03	2.084559665290549590e-01	1.316719672137524888e-01	2.779986522483769429e-01	1.743041173489960904e-01	8.175845597550990274e-02	3.574363444279284041e-02	9.006720624127172170e-02
1.572275319437967255e+03	2.080327597342100376e-01	1.313733915494897098e-01	2.782706426262060995e-01	1.744964280474577134e-01	8.183969857990774921e-02	3.580145674961580232e-02	9.018562271286784116e-02
1.577113089651622431e+03	2.076119491714432663e-01	1.310764784186702336e-01	2.785410989779429358e-01	1.746876225794095905e-01	8.192049563375754240e-02	3.585899710258949602e-02	9.030335811594188133e-02
1.581950859865277607e+03	2.071935208965832997e-01	1.307812188491019045e-01	2.788100304389160011e-01	1.748777072611656103e-01	8.200084956619854704e-02	3.591625644184941873e-02	9.042041654594017153e-02
1.586788630078933011e+03	2.067774610566219251e-01	1.304876039089170880e-01	2.790774460801650481e-01	1.750666883760669257e-01	8.208076279379046547e-02	3.597323571280752058e-02	9.053680207138600777e-02
1.591626400292587959e+03	2.063637558888581913e-01	1.301956247066229644e-01	2.793433549091041135e-01	1.752545721746039953e-01	8.216023772056366137e-02	3.602993586594007563e-02	9.065251873406196537e-02
1.596464170506243590e+03	2.059523917200568599e-01	1.299052723911437723e-01	2.796077658701733304e-01	1.754413648745393461e-01	8.223927673806942507e-02	3.608635785658013267e-02	9.076757054919218359e-02
1.601301940719898766e+03	2.055433549656201508e-01	1.296165381518554760e-01	2.798706878454796931e-01	1.756270726610305588e-01	8.231788222543044709e-02	3.614250264471429580e-02	9.088196150562445619e-02
1.606139710933553943e+03	2.051366321287731720e-01	1.293294132186134371e-01	2.801321296554270535e-01	1.758117016867538629e-01	8.239605654939133328e-02	3.619837119478386961e-02	9.099569556601230791e-02
1.610977481147209119e+03	2.047322097997623380e-01	1.290438888617726487e-01	2.803921000593359580e-01	1.759952580720278714e-01	8.247380206436925876e-02	3.625396447549029261e-02	9.110877666699664090e-02
1.615815251360864750e+03	2.043300746550666125e-01	1.287599563922013080e-01	2.806506077560527723e-01	1.761777479049378425e-01	8.255112111250466345e-02	3.630928345960463682e-02	9.122120871938718678e-02
1.620653021574519926e+03	2.039302134566210456e-01	1.284776071612876713e-01	2.809076613845490900e-01	1.763591772414602465e-01	8.262801602371211418e-02	3.636432912378125687e-02	9.133299560834355624e-02
1.625490791788175102e+03	2.035326130510527742e-01	1.281968325609406933e-01	2.811632695245115388e-01	1.765395521055876105e-01	8.270448911573115292e-02	3.641910244837539418e-02	9.144414119355581683e-02
1.630328562001830505e+03	2.031372603689287626e-01	1.279176240235840034e-01	2.814174406969218167e-01	1.767188784894538345e-01	8.278054269417721434e-02	3.647360441726470864e-02	9.155464930942464052e-02
1.635166332215485909e+03	2.027441424240152001e-01	1.276399730221444428e-01	2.816701833646275133e-01	1.768971623534596471e-01	8.285617905259269611e-02	3.652783601767466831e-02	9.166452376524082679e-02
1.640004102429141085e+03	2.023532463125484737e-01	1.273638710700343568e-01	2.819215059329037709e-01	1.770744096263984491e-01	8.293140047249794589e-02	3.658179824000766522e-02	9.177376834536431216e-02
1.644841872642796488e+03	2.019645592125169364e-01	1.270893097211283629e-01	2.821714167500065651e-01	1.772506262055823789e-01	8.300620922344238706e-02	3.663549207767582971e-02	9.188238680940251368e-02
1.649679642856451665e+03	2.015780683829537789e-01	1.268162805697349849e-01	2.824199241077164357e-01	1.774258179569687122e-01	8.308060756305565842e-02	3.668891852693750150e-02	9.199038289238792299e-02
1.654517413070107068e+03	2.011937611632405309e-01	1.265447752505624579e-01	2.826670362418746696e-01	1.775999907152863433e-01	8.315459773709873992e-02	3.674207858673717714e-02	9.209776030495508969e-02
1.659355183283762244e+03	2.008116249724207769e-01	1.262747854386800650e-01	2.829127613329104896e-01	1.777731502841627953e-01	8.322818197951516173e-02	3.679497325854896861e-02	9.220452273351678607e-02
1.664192953497417420e+03	2.004316473085241967e-01	1.260063028494740611e-01	2.831571075063607501e-01	1.779453024362510627e-01	8.330136251248215773e-02	3.684760354622347578e-02	9.231067384043932511e-02
1.669030723711072824e+03	2.000538157479005152e-01	1.257393192385992953e-01	2.834000828333813060e-01	1.781164529133568708e-01	8.337414154646193010e-02	3.689997045583798957e-02	9.241621726421712923e-02
1.673868493924728000e+03	1.996781179445630272e-01	1.254738264019258920e-01	2.836416953312507205e-01	1.782866074265662404e-01	8.344652128025277504e-02	3.695207499554994252e-02	9.252115661964641080e-02
1.678706264138383403e+03	1.993045416295417815e-01	1.252098161754817141e-01	2.838819529638666461e-01	1.784557716563729135e-01	8.351850390104036126e-02	3.700391817545361367e-02	9.262549549799792281e-02
1.683544034352038352e+03	1.989330746102458969e-01	1.249472804353904398e-01	2.841208636422347666e-01	1.786239512528061957e-01	8.359009158444888343e-02	3.705550100743994907e-02	9.272923746718882143e-02
1.688381804565693983e+03	1.985637047698351754e-01	1.246862110978056576e-01	2.843584352249500236e-01	1.787911518355587703e-01	8.366128649459221578e-02	3.710682450505947000e-02	9.283238607195357095e-02
1.693219574779349159e+03	1.981964200666003484e-01	1.244266001188409076e-01	2.845946755186716803e-01	1.789573789941147630e-01	8.373209078412512107e-02	3.715788968338819970e-02	9.293494483401389117e-02
1.698057344993004335e+03	1.978312085333520376e-01	1.241684394944957415e-01	2.848295922785905598e-01	1.791226382878778889e-01	8.380250659429434867e-02	3.720869755889660846e-02	9.303691725224770559e-02
1.702895115206659511e+03	1.974680582768184867e-01	1.239117212605784085e-01	2.850631932088901754e-01	1.792869352462996557e-01	8.387253605498976028e-02	3.725924914932135512e-02	9.313830680285704877e-02
1.707732885420315142e+03	1.971069574770513699e-01	1.236564374926246573e-01	2.852954859632009232e-01	1.794502753690076224e-01	8.394218128479535856e-02	3.730954547353999839e-02	9.323911693953500224e-02
1.712570655633970318e+03	1.967478943868396224e-01	1.234025803058132476e-01	2.855264781450478351e-01	1.796126641259338796e-01	8.401144439104035744e-02	3.735958755144843518e-02	9.333935109363152016e-02
1.717408425847625494e+03	1.963908573311315964e-01	1.231501418548781868e-01	2.857561773082922252e-01	1.797741069574434192e-01	8.408032746985012740e-02	3.740937640384107282e-02	9.343901267431825586e-02
1.722246196061280898e+03	1.960358347064646845e-01	1.228991143340175812e-01	2.859845909575666756e-01	1.799346092744627812e-01	8.414883260619715477e-02	3.745891305229372831e-02	9.353810506875226416e-02
1.727083966274936301e+03	1.956828149804027972e-01	1.226494899767996277e-01	2.862117265487044149e-01	1.800941764586084237e-01	8.421696187395188993e-02	3.750819851904912267e-02	9.363663164223859359e-02
1.731921736488591478e+03	1.953317866909810574e-01	1.224012610560655245e-01	2.864375914891625907e-01	1.802528138623152865e-01	8.428471733593358162e-02	3.755723382690497741e-02	9.373459573839185155e-02
1.736759506702246881e+03	1.949827384461580160e-01	1.221544198838295792e-01	2.866621931384394917e-01	1.804105268089654657e-01	8.435210104396104192e-02	3.760601999910465759e-02	9.383200067929660382e-02
1.741597276915902057e+03	1.946356589232749734e-01	1.219089588111764710e-01	2.868855388084864400e-01	1.805673205930167780e-01	8.441911503890334179e-02	3.765455805923024341e-02	9.392884976566663602e-02
1.746435047129557461e+03	1.942905368685221845e-01	1.216648702281560718e-01	2.871076357641137999e-01	1.807232004801311298e-01	8.448576135073038174e-02	3.770284903109810681e-02	9.402514627700316041e-02
1.751272817343212637e+03	1.939473610964121131e-01	1.214221465636754899e-01	2.873284912233918797e-01	1.808781717073032758e-01	8.455204199856351799e-02	3.775089393865681958e-02	9.412089347175175980e-02
1.756110587556867813e+03	1.936061204892592646e-01	1.211807802853888533e-01	2.875481123580458931e-01	1.810322394829891324e-01	8.461795899072598048e-02	3.779869380588739974e-02	9.421609458745831833e-02
1.760948357770523216e+03	1.932668039966665974e-01	1.209407638995847190e-01	2.877665062938462581e-01	1.811854089872342866e-01	8.468351432479327701e-02	3.784624965670592422e-02	9.431075284092374500e-02
1.765786127984178393e+03	1.929294006350184276e-01	1.207020899510711648e-01	2.879836801109935118e-01	1.813376853718023929e-01	8.474870998764344465e-02	3.789356251486829252e-02	9.440487142835753132e-02
1.770623898197833569e+03	1.925938994869796361e-01	1.204647510230587720e-01	2.881996408444981173e-01	1.814890737603034598e-01	8.481354795550735681e-02	3.794063340387724553e-02	9.449845352553014333e-02
1.775461668411488745e+03	1.922602897010010636e-01	1.202287397370415817e-01	2.884143954845553304e-01	1.816395792483220528e-01	8.487803019401882199e-02	3.798746334689158399e-02	9.459150228792431725e-02
1.780299438625144376e+03	1.919285604908308462e-01	1.199940487526760108e-01	2.886279509769153484e-01	1.817892069035454417e-01	8.494215865826454381e-02	3.803405336663742004e-02	9.468402085088513387e-02
1.785137208838799552e+03	1.915987011350319680e-01	1.197606707676577981e-01	2.888403142232486842e-01	1.819379617658916370e-01	8.500593529283415051e-02	3.808040448532157979e-02	9.477601232976892720e-02
1.789974979052454728e+03	1.912707009765051980e-01	1.195285985175973398e-01	2.890514920815068223e-01	1.820858488476372883e-01	8.506936203186994672e-02	3.812651772454703214e-02	9.486747982009109681e-02
1.794812749266109904e+03	1.909445494220182726e-01	1.192978247758930410e-01	2.892614913662783227e-01	1.822328731335454699e-01	8.513244079911667928e-02	3.817239410523026732e-02	9.495842639767262949e-02
1.799650519479765535e+03	1.906202359417401015e-01	1.190683423536032098e-01	2.894703188491404289e-01	1.823790395809934406e-01	8.519517350797120581e-02	3.821803464752070167e-02	9.504885511878562177e-02
1.804488289693420711e+03	1.902977500687808576e-01	1.188401440993161889e-01	2.896779812590062897e-01	1.825243531200999858e-01	8.525756206153191352e-02	3.826344037072198362e-02	9.513876902029749782e-02
1.809326059907075887e+03	1.899770813987372575e-01	1.186132228990191134e-01	2.898844852824679075e-01	1.826688186538529823e-01	8.531960835264816578e-02	3.830861229321513850e-02	9.522817111981411731e-02
1.814163830120731291e+03	1.896582195892431433e-01	1.183875716759650865e-01	2.900898375641350335e-01	1.828124410582363801e-01	8.538131426396963763e-02	3.835355143238363546e-02	9.531706441582173117e-02
1.819001600334386467e+03	1.893411543595252267e-01	1.181631833905390921e-01	2.902940447069694563e-01	1.829552251823574338e-01	8.544268166799542930e-02	3.839825880454020984e-02	9.540545188782781350e-02
1.823839370548041643e+03	1.890258754899638571e-01	1.179400510401224789e-01	2.904971132726156258e-01	1.830971758485734346e-01	8.550371242712313802e-02	3.844273542485548978e-02	9.549333649650068589e-02
1.828677140761696819e+03	1.887123728216588692e-01	1.177181676589563325e-01	2.906990497817269481e-01	1.832382978526184703e-01	8.556440839369779117e-02	3.848698230728834352e-02	9.558072118380794846e-02
1.833514910975352450e+03	1.884006362560001480e-01	1.174975263180034896e-01	2.908998607142886939e-01	1.833785959637298235e-01	8.562477141006065440e-02	3.853100046451796851e-02	9.566760887315391149e-02
1.838352681189008081e+03	1.880906557542430801e-01	1.172781201248095095e-01	2.910995525099365211e-01	1.835180749247742327e-01	8.568480330859794269e-02	3.857479090787761106e-02	9.575400246951577821e-02
1.843190451402663257e+03	1.877824213370886119e-01	1.170599422233626480e-01	2.912981315682714456e-01	1.836567394523740404e-01	8.574450591178932324e-02	3.861835464728996525e-02	9.583990485957866179e-02
1.848028221616318433e+03	1.874759230842679980e-01	1.168429857939526501e-01	2.914956042491709809e-01	1.837945942370328711e-01	8.580388103225639052e-02	3.866169269120414698e-02	9.592531891186957538e-02
1.852865991829973609e+03	1.871711511341320189e-01	1.166272440530286697e-01	2.916919768730970031e-01	1.839316439432613637e-01	8.586293047281097490e-02	3.870480604653429163e-02	9.601024747689025640e-02
1.857703762043628785e+03	1.868680956832446116e-01	1.164127102530563007e-01	2.918872557213995078e-01	1.840678932097025433e-01	8.592165602650324308e-02	3.874769571859966455e-02	9.609469338724876963e-02
1.862541532257283961e+03	1.865667469859808303e-01	1.161993776823737473e-01	2.920814470366170923e-01	1.842033466492568050e-01	8.598005947666975679e-02	3.879036271106627715e-02	9.617865945779018044e-02
1.867379302470939592e+03	1.862670953541291086e-01	1.159872396650471066e-01	2.922745570227741618e-01	1.843380088492069246e-01	8.603814259698140676e-02	3.883280802589004349e-02	9.626214848572590965e-02
1.872217072684594768e+03	1.859691311564977689e-01	1.157762895607249848e-01	2.924665918456746394e-01	1.844718843713426537e-01	8.609590715149108286e-02	3.887503266326133161e-02	9.634516325076222798e-02
1.877054842898249490e+03	1.856728448185255287e-01	1.155665207644923503e-01	2.926575576331920669e-01	1.846049777520850366e-01	8.615335489468134433e-02	3.891703762155098584e-02	9.642770651522740433e-02
1.881892613111905121e+03	1.853782268218960583e-01	1.153579267067237762e-01	2.928474604755567645e-01	1.847372935026104779e-01	8.621048757151189568e-02	3.895882389725775080e-02	9.650978102419793814e-02
1.886730383325560297e+03	1.850852677041567029e-01	1.151505008529359608e-01	2.930363064256397698e-01	1.848688361089745880e-01	8.626730691746688218e-02	3.900039248495705546e-02	9.659138950562363990e-02
1.891568153539215928e+03	1.847939580583408126e-01	1.149442367036398321e-01	2.932241014992334471e-01	1.849996100322356951e-01	8.632381465860206049e-02	3.904174437725113633e-02	9.667253467045167081e-02
1.896405923752871104e+03	1.845042885325940130e-01	1.147391277941918752e-01	2.934108516753289320e-01	1.851296197085780249e-01	8.638001251159188598e-02	3.908288056472051381e-02	9.675321921274944448e-02
1.901243693966526507e+03	1.842162498298043904e-01	1.145351676946452235e-01	2.935965628963907448e-01	1.852588695494347126e-01	8.643590218377636414e-02	3.912380203587672439e-02	9.683344580982658489e-02
1.906081464180181683e+03	1.839298327072361461e-01	1.143323500096001394e-01	2.937812410686282960e-01	1.853873639416103447e-01	8.649148537320777708e-02	3.916450977711634363e-02	9.691321712235569097e-02
1.910919234393836859e+03	1.836450279761669968e-01	1.141306683780540787e-01	2.939648920622645600e-01	1.855151072474033047e-01	8.654676376869729904e-02	3.920500477267627182e-02	9.699253579449217122e-02
1.915757004607492036e+03	1.833618265015291016e-01	1.139301164732514221e-01	2.941475217118016405e-01	1.856421038047278704e-01	8.660173904986144533e-02	3.924528800459019251e-02	9.707140445399298212e-02
1.920594774821147894e+03	1.830802192015535679e-01	1.137306880025328593e-01	2.943291358162834492e-01	1.857683579272357832e-01	8.665641288716828539e-02	3.928536045264628684e-02	9.714982571233440889e-02
1.925432545034802843e+03	1.828001970474182891e-01	1.135323767071843848e-01	2.945097401395558867e-01	1.858938739044376509e-01	8.671078694198366965e-02	3.932522309434605817e-02	9.722780216482869442e-02
1.930270315248458019e+03	1.825217510628992512e-01	1.133351763622861413e-01	2.946893404105240255e-01	1.860186560018239899e-01	8.676486286661713732e-02	3.936487690486434321e-02	9.730533639073978003e-02
1.935108085462113195e+03	1.822448723240252255e-01	1.131390807765609297e-01	2.948679423234064068e-01	1.861427084609859339e-01	8.681864230436774077e-02	3.940432285701046811e-02	9.738243095339793598e-02
1.939945855675768371e+03	1.819695519587355703e-01	1.129440837922224272e-01	2.950455515379873384e-01	1.862660354997355827e-01	8.687212688956974516e-02	3.944356192119045229e-02	9.745908840031354547e-02
1.944783625889424002e+03	1.816957811465413908e-01	1.127501792848234347e-01	2.952221736798656959e-01	1.863886413122260444e-01	8.692531824763807813e-02	3.948259506537033642e-02	9.753531126328970902e-02
1.949621396103079178e+03	1.814235511181898630e-01	1.125573611631037890e-01	2.953978143407016699e-01	1.865105300690710066e-01	8.697821799511371021e-02	3.952142325504056503e-02	9.761110205853404387e-02
1.954459166316734354e+03	1.811528531553316113e-01	1.123656233688381800e-01	2.955724790784610145e-01	1.866317059174641968e-01	8.703082773970885477e-02	3.956004745318141697e-02	9.768646328676938717e-02
1.959296936530389530e+03	1.808836785901911659e-01	1.121749598766839662e-01	2.957461734176563550e-01	1.867521729812982312e-01	8.708314908035191815e-02	3.959846862022942809e-02	9.776139743334358312e-02
1.964134706744044706e+03	1.806160188052404747e-01	1.119853646940287967e-01	2.959189028495864404e-01	1.868719353612832701e-01	8.713518360723246370e-02	3.963668771404482011e-02	9.783590696833835421e-02
1.968972476957700337e+03	1.803498652328754115e-01	1.117968318608381917e-01	2.960906728325727877e-01	1.869909971350652012e-01	8.718693290184581501e-02	3.967470568987995633e-02	9.790999434667715939e-02
1.973810247171355968e+03	1.800852093550951161e-01	1.116093554495032475e-01	2.962614887921941054e-01	1.871093623573435727e-01	8.723839853703765912e-02	3.971252350034868567e-02	9.798366200823212246e-02
1.978648017385010689e+03	1.798220427031842206e-01	1.114229295646881335e-01	2.964313561215179971e-01	1.872270350599889999e-01	8.728958207704837213e-02	3.975014209539667193e-02	9.805691237793011383e-02
1.983485787598666320e+03	1.795603568573980457e-01	1.112375483431777973e-01	2.966002801813306666e-01	1.873440192521603209e-01	8.734048507755727553e-02	3.978756242227263901e-02	9.812974786585779152e-02
1.988323557812321269e+03	1.793001434466503785e-01	1.110532059537255728e-01	2.967682663003642918e-01	1.874603189204213649e-01	8.739110908572661485e-02	3.982478542550051820e-02	9.820217086736580947e-02
1.993161328025976900e+03	1.790413941482041638e-01	1.108698965969009964e-01	2.969353197755221774e-01	1.875759380288571365e-01	8.744145564024551065e-02	3.986181204685246976e-02	9.827418376317209603e-02
1.997999098239632076e+03	1.787841006873648331e-01	1.106876145049375815e-01	2.971014458721014662e-01	1.876908805191900564e-01	8.749152627137357641e-02	3.989864322532277879e-02	9.834578891946425816e-02
2.002836868453287707e+03	1.785282548371762701e-01	1.105063539415808149e-01	2.972666498240139066e-01	1.878051503108953135e-01	8.754132250098457801e-02	3.993527989710261850e-02	9.841698868800104194e-02
2.007674638666942428e+03	1.782738484181194127e-01	1.103261092019361955e-01	2.974309368340045112e-01	1.879187513013160782e-01	8.759084584260970474e-02	3.997172299555562525e-02	9.848778540621301592e-02
2.012512408880597604e+03	1.780208732978135200e-01	1.101468746123175219e-01	2.975943120738678282e-01	1.880316873657783550e-01	8.764009780148082629e-02	4.000797345119427861e-02	9.855818139730228300e-02
2.017350179094252780e+03	1.777693213907197978e-01	1.099686445300952220e-01	2.977567806846622700e-01	1.881439623577053077e-01	8.768907987457350006e-02	4.004403219165714178e-02	9.862817897034135972e-02
2.022187949307908411e+03	1.775191846578477728e-01	1.097914133435450024e-01	2.979183477769226096e-01	1.882555801087312519e-01	8.773779355064990904e-02	4.007990014168680282e-02	9.869778042037123666e-02
2.027025719521564042e+03	1.772704551064638312e-01	1.096151754716965798e-01	2.980790184308701463e-01	1.883665444288152857e-01	8.778624031030149433e-02	4.011557822310866245e-02	9.876698802849862013e-02
2.031863489735218764e+03	1.770231247898025884e-01	1.094399253641827469e-01	2.982387976966208720e-01	1.884768591063543941e-01	8.783442162599147673e-02	4.015106735481039496e-02	9.883580406199216073e-02
2.036701259948874394e+03	1.767771858067802571e-01	1.092656575010885756e-01	2.983976905943919178e-01	1.885865279082962198e-01	8.788233896209728113e-02	4.018636845272223479e-02	9.890423077437809907e-02
2.041539030162529116e+03	1.765326303017106524e-01	1.090923663928009962e-01	2.985557021147059453e-01	1.886955545802514456e-01	8.792999377495268332e-02	4.022148242979790844e-02	9.897227040553494004e-02
2.046376800376184747e+03	1.762894504640233895e-01	1.089200465798584733e-01	2.987128372185934855e-01	1.888039428466056768e-01	8.797738751288984582e-02	4.025641019599632969e-02	9.903992518178732218e-02
2.051214570589840150e+03	1.760476385279844957e-01	1.087486926328010695e-01	2.988691008377936109e-01	1.889116964106310748e-01	8.802452161628117333e-02	4.029115265826394704e-02	9.910719731599915150e-02
2.056052340803495554e+03	1.758071867724191051e-01	1.085782991520208712e-01	2.990244978749526661e-01	1.890188189545973507e-01	8.807139751758091828e-02	4.032571072051778505e-02	9.917408900766583324e-02
2.060890111017150957e+03	1.755680875204365665e-01	1.084088607676125249e-01	2.991790332038210543e-01	1.891253141398825111e-01	8.811801664136680035e-02	4.036008528362917958e-02	9.924060244300589306e-02
2.065727881230805451e+03	1.753303331391577180e-01	1.082403721392243418e-01	2.993327116694484147e-01	1.892311856070831022e-01	8.816438040438125123e-02	4.039427724540811671e-02	9.930673979505157123e-02
2.070565651444461309e+03	1.750939160394443250e-01	1.080728279559095006e-01	2.994855380883769125e-01	1.893364369761239840e-01	8.821049021557261782e-02	4.042828750058823778e-02	9.937250322373888944e-02
2.075403421658116713e+03	1.748588286756304622e-01	1.079062229359777636e-01	2.996375172488329741e-01	1.894410718463678533e-01	8.825634747613614328e-02	4.046211694081247590e-02	9.943789487599678789e-02
2.080241191871772116e+03	1.746250635452564481e-01	1.077405518268475110e-01	2.997886539109166915e-01	1.895450937967241845e-01	8.830195357955478164e-02	4.049576645461926833e-02	9.950291688583558225e-02
2.085078962085427065e+03	1.743926131888043907e-01	1.075758094048980262e-01	2.999389528067902821e-01	1.896485063857578091e-01	8.834730991163984581e-02	4.052923692742942119e-02	9.956757137443464356e-02
2.089916732299082469e+03	1.741614701894362294e-01	1.074119904753223775e-01	3.000884186408644405e-01	1.897513131517969964e-01	8.839241785057146139e-02	4.056252924153350842e-02	9.963186045022934256e-02
2.094754502512737417e+03	1.739316271727334440e-01	1.072490898719805213e-01	3.002370560899830787e-01	1.898535176130412006e-01	8.843727876693890932e-02	4.059564427607990217e-02	9.969578620899725852e-02
2.099592272726392821e+03	1.737030768064389552e-01	1.070871024572528640e-01	3.003848698036064579e-01	1.899551232676683632e-01	8.848189402378069113e-02	4.062858290706330977e-02	9.975935073394369412e-02
2.104430042940048224e+03	1.734758118002009963e-01	1.069260231218942120e-01	3.005318644039926546e-01	1.900561335939416063e-01	8.852626497662453853e-02	4.066134600731390741e-02	9.982255609578641331e-02
2.109267813153704083e+03	1.732498249053188721e-01	1.067658467848881798e-01	3.006780444863776380e-01	1.901565520503157858e-01	8.857039297352715945e-02	4.069393444648698038e-02	9.988540435283975449e-02
2.114105583367359031e+03	1.730251089144907439e-01	1.066065683933019731e-01	3.008234146191533509e-01	1.902563820755434620e-01	8.861427935511387299e-02	4.072634909105310452e-02	9.994789755109791118e-02
2.118943353581013525e+03	1.728016566615632743e-01	1.064481829221416709e-01	3.009679793440447337e-01	1.903556270887802049e-01	8.865792545461802232e-02	4.075859080428886894e-02	1.000100377243176297e-01
2.123781123794669384e+03	1.725794610212831315e-01	1.062906853742079244e-01	3.011117431762848073e-01	1.904542904896900091e-01	8.870133259792026270e-02	4.079066044626806359e-02	1.000718268941001993e-01
2.128618894008324787e+03	1.723585149090502977e-01	1.061340707799520167e-01	3.012547106047887002e-01	1.905523756585496553e-01	8.874450210358762747e-02	4.082255887385340121e-02	1.001332670699726923e-01
2.133456664221980191e+03	1.721388112806734871e-01	1.059783341973325604e-01	3.013968860923254001e-01	1.906498859563531545e-01	8.878743528291245524e-02	4.085428694068867633e-02	1.001943602494686641e-01
2.138294434435635139e+03	1.719203431321269238e-01	1.058234707116725154e-01	3.015382740756890056e-01	1.907468247249153870e-01	8.883013343995113664e-02	4.088584549719145866e-02	1.002551084182079638e-01
2.143132204649290543e+03	1.717031034993093674e-01	1.056694754355167604e-01	3.016788789658677028e-01	1.908431952869754922e-01	8.887259787156268076e-02	4.091723539054621661e-02	1.003155135499761708e-01
2.147969974862945492e+03	1.714870854578045833e-01	1.055163435084901097e-01	3.018187051482118521e-01	1.909390009462997306e-01	8.891482986744711492e-02	4.094845746469790576e-02	1.003755776068031014e-01
2.152807745076601350e+03	1.712722821226437819e-01	1.053640700971558014e-01	3.019577569826002450e-01	1.910342449877839577e-01	8.895683071018370414e-02	4.097951256034598755e-02	1.004353025390408577e-01
2.157645515290255844e+03	1.710586866480696133e-01	1.052126503948744712e-01	3.020960388036053601e-01	1.911289306775557084e-01	8.899860167526907340e-02	4.101040151493890590e-02	1.004946902854411683e-01
2.162483285503912157e+03	1.708462922273020212e-01	1.050620796216637232e-01	3.022335549206568994e-01	1.912230612630755333e-01	8.904014403115498300e-02	4.104112516266899408e-02	1.005537427732320771e-01
2.167321055717567106e+03	1.706350920923055958e-01	1.049123530240580887e-01	3.023703096182041583e-01	1.913166399732384726e-01	8.908145903928613163e-02	4.107168433446775624e-02	1.006124619181940488e-01
2.172158825931222509e+03	1.704250795135588692e-01	1.047634658749695274e-01	3.025063071558767858e-01	1.914096700184744204e-01	8.912254795413761255e-02	4.110207985800162778e-02	1.006708496247353951e-01
2.176996596144877003e+03	1.702162477998249990e-01	1.046154134735484686e-01	3.026415517686446011e-01	1.915021545908486000e-01	8.916341202325238358e-02	4.113231255766806177e-02	1.007289077859671728e-01
2.181834366358532861e+03	1.700085902979241725e-01	1.044681911450453110e-01	3.027760476669758560e-01	1.915940968641612063e-01	8.920405248727834857e-02	4.116238325459205261e-02	1.007866382837773744e-01
2.186672136572187810e+03	1.698021003925076489e-01	1.043217942406725190e-01	3.029097990369941651e-01	1.916854999940468818e-01	8.924447058000549438e-02	4.119229276662302736e-02	1.008440429889046058e-01
2.191509906785843214e+03	1.695967715058334935e-01	1.041762181374672053e-01	3.030428100406342140e-01	1.917763671180735263e-01	8.928466752840263920e-02	4.122204190833213266e-02	1.009011237610111106e-01
2.196347676999498617e+03	1.693925970975436179e-01	1.040314582381542258e-01	3.031750848157962475e-01	1.918667013558408851e-01	8.932464455265423653e-02	4.125163149100984084e-02	1.009578824487551985e-01
2.201185447213154021e+03	1.691895706644427344e-01	1.038875099710099142e-01	3.033066274764992243e-01	1.919565058090784704e-01	8.936440286619679041e-02	4.128106232266396530e-02	1.010143208898631878e-01
2.206023217426809424e+03	1.689876857402783927e-01	1.037443687897261352e-01	3.034374421130326405e-01	1.920457835617431774e-01	8.940394367575522916e-02	4.131033520801799530e-02	1.010704409112006263e-01
2.210860987640464373e+03	1.687869358955230992e-01	1.036020301732750865e-01	3.035675327921075750e-01	1.921345376801164573e-01	8.944326818137911250e-02	4.133945094850977053e-02	1.011262443288430402e-01
2.215698757854119776e+03	1.685873147371575176e-01	1.034604896257745876e-01	3.036969035570057929e-01	1.922227712129010446e-01	8.948237757647854729e-02	4.136841034229052361e-02	1.011817329481461136e-01
2.220536528067775180e+03	1.683888159084552805e-01	1.033197426763538956e-01	3.038255584277282373e-01	1.923104871913170755e-01	8.952127304786014483e-02	4.139721418422420696e-02	1.012369085638152727e-01
2.225374298281430583e+03	1.681914330887692988e-01	1.031797848790200339e-01	3.039535014011421898e-01	1.923976886291980659e-01	8.955995577576258970e-02	4.142586326588716672e-02	1.012917729599747269e-01
2.230212068495085077e+03	1.679951599933196538e-01	1.030406118125247600e-01	3.040807364511272648e-01	1.924843785230861692e-01	8.959842693389216683e-02	4.145435837556812192e-02	1.013463279102359560e-01
2.235049838708740936e+03	1.677999903729826547e-01	1.029022190802320325e-01	3.042072675287199046e-01	1.925705598523272111e-01	8.963668768945810827e-02	4.148270029826845590e-02	1.014005751777656977e-01
2.239887608922396339e+03	1.676059180140816451e-01	1.027646023099860473e-01	3.043330985622573759e-01	1.926562355791651138e-01	8.967473920320774561e-02	4.151088981570278530e-02	1.014545165153533379e-01
2.244725379136052197e+03	1.674129367381790578e-01	1.026277571539798428e-01	3.044582334575200999e-01	1.927414086488359324e-01	8.971258262946145423e-02	4.153892770629986214e-02	1.015081536654778016e-01
2.249563149349706237e+03	1.672210404018696916e-01	1.024916792886244044e-01	3.045826760978732062e-01	1.928260819896615297e-01	8.975021911614756986e-02	4.156681474520370484e-02	1.015614883603739443e-01
2.254400919563362095e+03	1.670302228965758196e-01	1.023563644144184631e-01	3.047064303444066979e-01	1.929102585131426684e-01	8.978764980483697200e-02	4.159455170427506232e-02	1.016145223220983745e-01
2.259238689777017044e+03	1.668404781483432409e-01	1.022218082558187247e-01	3.048295000360747298e-01	1.929939411140518257e-01	8.982487583077761184e-02	4.162213935209312793e-02	1.016672572625947901e-01
2.264076459990672902e+03	1.666518001176390817e-01	1.020880065611107362e-01	3.049518889898337193e-01	1.930771326705254254e-01	8.986189832292880431e-02	4.164957845395748925e-02	1.017196948837587461e-01
