1.001418434226643626e+03	2.795150586362660228e-01	1.809806973770585470e-01	2.349406922732226732e-01	1.410467781133854792e-01	6.787723861291251881e-02	2.658178250078838123e-02	6.905775248611975559e-02
1.003837319333471214e+03	2.790960578820333993e-01	1.807000806645148450e-01	2.352436768970219694e-01	1.412222342679181619e-01	6.794389610853472650e-02	2.662444399499967057e-02	6.916961018473069545e-02
1.006256204440298802e+03	2.786783425349301790e-01	1.804201644765646428e-01	2.355457859029807810e-01	1.413971784245040830e-01	6.801033160511661679e-02	2.666704364271178795e-02	6.928115341294531493e-02
1.008675089547126618e+03	2.782619075075558612e-01	1.801409480590200618e-01	2.358470217407355185e-01	1.415716124178795776e-01	6.807654626287359956e-02	2.670958107882144897e-02	6.939238293286724424e-02
1.011093974653954206e+03	2.778467477471206482e-01	1.798624306430184894e-01	2.361473868534167408e-01	1.417455380688287803e-01	6.814254123273043307e-02	2.675205594486332328e-02	6.950329950977489346e-02
1.013512859760782021e+03	2.774328582350658601e-01	1.795846114452957498e-01	2.364468836776616734e-01	1.419189571844403641e-01	6.820831765641444111e-02	2.679446788893246126e-02	6.961390391194284544e-02
1.015931744867609382e+03	2.770202339866891794e-01	1.793074896684552499e-01	2.367455146436273916e-01	1.420918715583575354e-01	6.827387666654778642e-02	2.683681656560754636e-02	6.972419691046874424e-02
1.018350629974437197e+03	2.766088700507751685e-01	1.790310645012334057e-01	2.370432821750035612e-01	1.422642829710221157e-01	6.833921938673881424e-02	2.687910163587496626e-02	6.983417927910542944e-02
1.020769515081264785e+03	2.761987615092303949e-01	1.787553351187609607e-01	2.373401886890255108e-01	1.424361931899124356e-01	6.840434693167221636e-02	2.692132276705366811e-02	6.994385179409823294e-02
1.023188400188092373e+03	2.757899034767238855e-01	1.784803006828205585e-01	2.376362365964871382e-01	1.426076039697753428e-01	6.846926040719839013e-02	2.696347963272085341e-02	7.005321523402723016e-02
1.025607285294920075e+03	2.753822911003316332e-01	1.782059603421005944e-01	2.379314283017540388e-01	1.427785170528526604e-01	6.853396091042168736e-02	2.700557191263842916e-02	7.016227037965439006e-02
1.028026170401747549e+03	2.749759195591863770e-01	1.779323132324453494e-01	2.382257662027764400e-01	1.429489341691018989e-01	6.859844952978777499e-02	2.704759929268027441e-02	7.027101801377536039e-02
1.030445055508575479e+03	2.745707840641317676e-01	1.776593584771015422e-01	2.385192526911023569e-01	1.431188570364116397e-01	6.866272734517003817e-02	2.708956146476025617e-02	7.037945892107588808e-02
1.032863940615402726e+03	2.741668798573814736e-01	1.773870951869610246e-01	2.388118901518906934e-01	1.432882873608115892e-01	6.872679542795497032e-02	2.713145812676102248e-02	7.048759388799270831e-02
1.035282825722230655e+03	2.737642022121822283e-01	1.771155224608002843e-01	2.391036809639244254e-01	1.434572268366775538e-01	6.879065484112675821e-02	2.717328898246357954e-02	7.059542370257866628e-02
1.037701710829058356e+03	2.733627464324817069e-01	1.768446393855161725e-01	2.393946274996237300e-01	1.436256771469313354e-01	6.885430663935082629e-02	2.721505374147758019e-02	7.070294915437211336e-02
1.040120595935886058e+03	2.729625078526008441e-01	1.765744450363582740e-01	2.396847321250592244e-01	1.437936399632358253e-01	6.891775186905654826e-02	2.725675211917239285e-02	7.081017103427035553e-02
1.042539481042713533e+03	2.725634818369100931e-01	1.763049384771578909e-01	2.399739971999651778e-01	1.439611169461853524e-01	6.898099156851897340e-02	2.729838383660891307e-02	7.091709013440707088e-02
1.044958366149541234e+03	2.721656637795105138e-01	1.760361187605535283e-01	2.402624250777526949e-01	1.441281097454912841e-01	6.904402676793978955e-02	2.733994862047206195e-02	7.102370724803358515e-02
1.047377251256368709e+03	2.717690491039183587e-01	1.757679849282134110e-01	2.405500181055232334e-01	1.442946200001632984e-01	6.910685848952725918e-02	2.738144620300405827e-02	7.113002316940382486e-02
1.049796136363196410e+03	2.713736332627544323e-01	1.755005360110543366e-01	2.408367786240816211e-01	1.444606493386861867e-01	6.916948774757543383e-02	2.742287632193838448e-02	7.123603869366303132e-02
1.052215021470024112e+03	2.709794117374371147e-01	1.752337710294575579e-01	2.411227089679496005e-01	1.446261993791924105e-01	6.923191554854238317e-02	2.746423872043446748e-02	7.134175461673986085e-02
1.054633906576851814e+03	2.705863800378798256e-01	1.749676889934813351e-01	2.414078114653790685e-01	1.447912717296304663e-01	6.929414289112761915e-02	2.750553314701305319e-02	7.144717173524203768e-02
1.057052791683679516e+03	2.701945337021918747e-01	1.747022889030705461e-01	2.416920884383655099e-01	1.449558679879291989e-01	6.935617076634872924e-02	2.754675935549229238e-02	7.155229084635524039e-02
1.059471676790506763e+03	2.698038682963838086e-01	1.744375697482631049e-01	2.419755422026613201e-01	1.451199897421583118e-01	6.941800015761707965e-02	2.758791710492449270e-02	7.165711274774530515e-02
1.061890561897334692e+03	2.694143794140760328e-01	1.741735305093933539e-01	2.422581750677893497e-01	1.452836385706848255e-01	6.947963204081278321e-02	2.762900615953358188e-02	7.176163823746350978e-02
1.064309447004162394e+03	2.690260626762120411e-01	1.739101701572922931e-01	2.425399893370561444e-01	1.454468160423259826e-01	6.954106738435880675e-02	2.767002628865321973e-02	7.186586811385493878e-02
1.066728332110990095e+03	2.686389137307745312e-01	1.736474876534853662e-01	2.428209873075655167e-01	1.456095237164983791e-01	6.960230714929430129e-02	2.771097726666558667e-02	7.196980317546983197e-02
1.069147217217817570e+03	2.682529282525055181e-01	1.733854819503865829e-01	2.431011712702320360e-01	1.457717631433636529e-01	6.966335228934705803e-02	2.775185887294083845e-02	7.207344422097775039e-02
1.071566102324645271e+03	2.678681019426305543e-01	1.731241519914904770e-01	2.433805435097945724e-01	1.459335358639706481e-01	6.972420375100536749e-02	2.779267089177720265e-02	7.217679204908464263e-02
1.073984987431472746e+03	2.674844305285858925e-01	1.728634967115607601e-01	2.436591063048295647e-01	1.460948434103942484e-01	6.978486247358883787e-02	2.783341311234173096e-02	7.227984745845252024e-02
1.076403872538300675e+03	2.671019097637493678e-01	1.726035150368163962e-01	2.439368619277646477e-01	1.462556873058709073e-01	6.984532938931868606e-02	2.787408532861170019e-02	7.238261124762185306e-02
1.078822757645127922e+03	2.667205354271750539e-01	1.723442058851148428e-01	2.442138126448923918e-01	1.464160690649310426e-01	6.990560542338714045e-02	2.791468733931663782e-02	7.248508421493646270e-02
1.081241642751955851e+03	2.663403033233310291e-01	1.720855681661327130e-01	2.444899607163834587e-01	1.465759901935282661e-01	6.996569149402608045e-02	2.795521894788096512e-02	7.258726715847099720e-02
1.083660527858783553e+03	2.659612092818407492e-01	1.718276007815435491e-01	2.447653083963005349e-01	1.467354521891656438e-01	7.002558851257502381e-02	2.799567996236727863e-02	7.268916087596070941e-02
1.086079412965611255e+03	2.655832491572275300e-01	1.715703026251930718e-01	2.450398579326117099e-01	1.468944565410189862e-01	7.008529738354829508e-02	2.803607019542025611e-02	7.279076616473365013e-02
1.088498298072438729e+03	2.652064188286627489e-01	1.713136725832718199e-01	2.453136115672039930e-01	1.470530047300571130e-01	7.014481900470151410e-02	2.807638946421113155e-02	7.289208382164515110e-02
1.090917183179266431e+03	2.648307141997168213e-01	1.710577095344852916e-01	2.455865715358970802e-01	1.472110982291596759e-01	7.020415426709736284e-02	2.811663759038281543e-02	7.299311464301448671e-02
1.093336068286093905e+03	2.644561311981134533e-01	1.708024123502214775e-01	2.458587400684567881e-01	1.473687385032318720e-01	7.026330405517060285e-02	2.815681439999558749e-02	7.309385942456368690e-02
1.095754953392921607e+03	2.640826657754877238e-01	1.705477798947158397e-01	2.461301193886088201e-01	1.475259270093167707e-01	7.032226924679244040e-02	2.819691972347338621e-02	7.319431896135848714e-02
1.098173838499749309e+03	2.637103139071462210e-01	1.702938110252139314e-01	2.464007117140523118e-01	1.476826651967049209e-01	7.038105071333418394e-02	2.823695339555068462e-02	7.329449404775119359e-02
1.100592723606577010e+03	2.633390715918310088e-01	1.700405045921316860e-01	2.466705192564734028e-01	1.478389545070415423e-01	7.043964931973019372e-02	2.827691525521993515e-02	7.339438547732569929e-02
1.103011608713404712e+03	2.629689348514865355e-01	1.697878594392130402e-01	2.469395442215589764e-01	1.479947963744310535e-01	7.049806592454017917e-02	2.831680514567959384e-02	7.349399404284416570e-02
1.105430493820231959e+03	2.625998997310290961e-01	1.695358744036853937e-01	2.472077888090102316e-01	1.481501922255394899e-01	7.055630138001080243e-02	2.835662291428272044e-02	7.359332053619579983e-02
1.107849378927059888e+03	2.622319622981199028e-01	1.692845483164127363e-01	2.474752552125563665e-01	1.483051434796944235e-01	7.061435653213664343e-02	2.839636841248611987e-02	7.369236574834728271e-02
1.110268264033887590e+03	2.618651186429405420e-01	1.690338800020465271e-01	2.477419456199682346e-01	1.484596515489826074e-01	7.067223222072048505e-02	2.843604149580004556e-02	7.379113046929498820e-02
1.112687149140715292e+03	2.614993648779714852e-01	1.687838682791741596e-01	2.480078622130720001e-01	1.486137178383455104e-01	7.072992927943295982e-02	2.847564202373845457e-02	7.388961548801888102e-02
1.115106034247542766e+03	2.611346971377733195e-01	1.685345119604652331e-01	2.482730071677627659e-01	1.487673437456726311e-01	7.078744853587157215e-02	2.851516985976980390e-02	7.398782159243813550e-02
1.117524919354370468e+03	2.607711115787710865e-01	1.682858098528158541e-01	2.485373826540182574e-01	1.489205306618926195e-01	7.084479081161904057e-02	2.855462487126838103e-02	7.408574956936821165e-02
1.119943804461197942e+03	2.604086043790409533e-01	1.680377607574904675e-01	2.488009908359125888e-01	1.490732799710625944e-01	7.090195692230109870e-02	2.859400692946617584e-02	7.418340020447963812e-02
1.122362689568025871e+03	2.600471717380998249e-01	1.677903634702617164e-01	2.490638338716296973e-01	1.492255930504552686e-01	7.095894767764351907e-02	2.863331590940526583e-02	7.428077428225816903e-02
1.124781574674853118e+03	2.596868098766977329e-01	1.675436167815481658e-01	2.493259139134773872e-01	1.493774712706441299e-01	7.101576388152874841e-02	2.867255168989073927e-02	7.437787258596652296e-02
1.127200459781681047e+03	2.593275150366125548e-01	1.672975194765500551e-01	2.495872331079006246e-01	1.495289159955869307e-01	7.107240633205172409e-02	2.871171415344411088e-02	7.447469589760744024e-02
1.129619344888508749e+03	2.589692834804474542e-01	1.670520703353828018e-01	2.498477935954954432e-01	1.496799285827071502e-01	7.112887582157520483e-02	2.875080318625726147e-02	7.457124499788814198e-02
1.132038229995336451e+03	2.586121114914312069e-01	1.668072681332085083e-01	2.501075975110225724e-01	1.498305103829735696e-01	7.118517313678451863e-02	2.878981867814688761e-02	7.466752066618619066e-02
1.134457115102163925e+03	2.582559953732204150e-01	1.665631116403658851e-01	2.503666469834210928e-01	1.499806627409785154e-01	7.124129905874161672e-02	2.882876052250944385e-02	7.476352368051654429e-02
1.136876000208991627e+03	2.579009314497048289e-01	1.663195996224975381e-01	2.506249441358222030e-01	1.501303869950138259e-01	7.129725436293868346e-02	2.886762861627657079e-02	7.485925481749992894e-02
1.139294885315819101e+03	2.575469160648147793e-01	1.660767308406758402e-01	2.508824910855626533e-01	1.502796844771456808e-01	7.135303981935108009e-02	2.890642285987102961e-02	7.495471485233243247e-02
1.141713770422646803e+03	2.571939455823312182e-01	1.658345040515269153e-01	2.511392899441988180e-01	1.504285565132874314e-01	7.140865619248980278e-02	2.894514315716310501e-02	7.504990455875627797e-02
1.144132655529474505e+03	2.568420163856978689e-01	1.655929180073521523e-01	2.513953428175200178e-01	1.505770044232710991e-01	7.146410424145323292e-02	2.898378941542749040e-02	7.514482470903169342e-02
1.146551540636302207e+03	2.564911248778361519e-01	1.653519714562486642e-01	2.516506518055622865e-01	1.507250295209171531e-01	7.151938471997854041e-02	2.902236154530066226e-02	7.523947607391000270e-02
1.148970425743129908e+03	2.561412674809622758e-01	1.651116631422273329e-01	2.519052190026221938e-01	1.508726331141029553e-01	7.157449837649235147e-02	2.906085946073869858e-02	7.533385942260767409e-02
1.151389310849957155e+03	2.557924406364061043e-01	1.648719918053294098e-01	2.521590464972703338e-01	1.510198165048296237e-01	7.162944595416100013e-02	2.909928307897558311e-02	7.542797552278149298e-02
1.153808195956785084e+03	2.554446408044332983e-01	1.646329561817409803e-01	2.524121363723648703e-01	1.511665809892875079e-01	7.168422819094018295e-02	2.913763232048195012e-02	7.552182514050478912e-02
1.156227081063612786e+03	2.550978644640686799e-01	1.643945550039061232e-01	2.526644907050656919e-01	1.513129278579202486e-01	7.173884581962407248e-02	2.917590710892429759e-02	7.561540904024452447e-02
1.158645966170440488e+03	2.547521081129225373e-01	1.641567870006379881e-01	2.529161115668474014e-01	1.514588583954875889e-01	7.179329956789395895e-02	2.921410737112464448e-02	7.570872798483943567e-02
1.161064851277267962e+03	2.544073682670189296e-01	1.639196508972282917e-01	2.531670010235135826e-01	1.516043738811267139e-01	7.184759015836636453e-02	2.925223303702062516e-02	7.580178273547907852e-02
1.163483736384095664e+03	2.540636414606255444e-01	1.636831454155552035e-01	2.534171611352099007e-01	1.517494755884124802e-01	7.190171830864058866e-02	2.929028403962604526e-02	7.589457405168378856e-02
1.165902621490923138e+03	2.537209242460866099e-01	1.634472692741894273e-01	2.536665939564382022e-01	1.518941647854161747e-01	7.195568473134582310e-02	2.932826031499185040e-02	7.598710269128546024e-02
1.168321506597751068e+03	2.533792131936571379e-01	1.632120211884988681e-01	2.539153015360697818e-01	1.520384427347632739e-01	7.200949013418769806e-02	2.936616180216752511e-02	7.607936941040924217e-02
1.170740391704578315e+03	2.530385048913397217e-01	1.629773998707514937e-01	2.541632859173592607e-01	1.521823106936898151e-01	7.206313521999438421e-02	2.940398844316294974e-02	7.617137496345599557e-02
1.173159276811406244e+03	2.526987959447229426e-01	1.627434040302165874e-01	2.544105491379579087e-01	1.523257699140977972e-01	7.211662068676218118e-02	2.944174018291063205e-02	7.626312010308558542e-02
1.175578161918233945e+03	2.523600829768219977e-01	1.625100323732647511e-01	2.546570932299276335e-01	1.524688216426093312e-01	7.216994722770064818e-02	2.947941696922840027e-02	7.635460558020092103e-02
1.177997047025061647e+03	2.520223626279214368e-01	1.622772836034660215e-01	2.549029202197542476e-01	1.526114671206195705e-01	7.222311553127720718e-02	2.951701875278247428e-02	7.644583214393275983e-02
1.180415932131889122e+03	2.516856315554195644e-01	1.620451564216865425e-01	2.551480321283612351e-01	1.527537075843489189e-01	7.227612628126131589e-02	2.955454548705096357e-02	7.653680054162519120e-02
1.182834817238716823e+03	2.513498864336748406e-01	1.618136495261839336e-01	2.553924309711232410e-01	1.528955442648938789e-01	7.232898015676814119e-02	2.959199712828777459e-02	7.662751151882189748e-02
1.185253702345544298e+03	2.510151239538542800e-01	1.615827616127009925e-01	2.556361187578797267e-01	1.530369783882769008e-01	7.238167783230181618e-02	2.962937363548689973e-02	7.671796581925302561e-02
1.187672587452371999e+03	2.506813408237837382e-01	1.613524913745579825e-01	2.558790974929484596e-01	1.531780111754953988e-01	7.243421997779818378e-02	2.966667497034710874e-02	7.680816418482276642e-02
1.190091472559199701e+03	2.503485337677996969e-01	1.611228375027435045e-01	2.561213691751391686e-01	1.533186438425696296e-01	7.248660725866708232e-02	2.970390109723703570e-02	7.689810735559754473e-02
1.192510357666027403e+03	2.500166995266033254e-01	1.608937986860039526e-01	2.563629357977668666e-01	1.534588776005897659e-01	7.253884033583429813e-02	2.974105198316066498e-02	7.698779606979480605e-02
1.194929242772855105e+03	2.496858348571159847e-01	1.606653736109316388e-01	2.566037993486655622e-01	1.535987136557619148e-01	7.259091986578290745e-02	2.977812759772316756e-02	7.707723106377248334e-02
1.197348127879682352e+03	2.493559365323367583e-01	1.604375609620513621e-01	2.568439618102018041e-01	1.537381532094533043e-01	7.264284650059434079e-02	2.981512791309715027e-02	7.716641307201897726e-02
1.199767012986510281e+03	2.490270013412015648e-01	1.602103594219058125e-01	2.570834251592880038e-01	1.538771974582365254e-01	7.269462088798886445e-02	2.985205290398925543e-02	7.725534282714366374e-02
1.202185898093337983e+03	2.486990260884439363e-01	1.599837676711395318e-01	2.573221913673961470e-01	1.540158475939330807e-01	7.274624367136572900e-02	2.988890254760714210e-02	7.734402105986808162e-02
1.204604783200165684e+03	2.483720075944576555e-01	1.597577843885816529e-01	2.575602624005712271e-01	1.541541048036559336e-01	7.279771548984292906e-02	2.992567682362683862e-02	7.743244849901750881e-02
1.207023668306993159e+03	2.480459426951610036e-01	1.595324082513271680e-01	2.577976402194444572e-01	1.542919702698511142e-01	7.284903697829640812e-02	2.996237571416045589e-02	7.752062587151307971e-02
1.209442553413820860e+03	2.477208282418626173e-01	1.593076379348172256e-01	2.580343267792470918e-01	1.544294451703390192e-01	7.290020876739899958e-02	2.999899920372424422e-02	7.760855390236451323e-02
1.211861438520648335e+03	2.473966611011289840e-01	1.590834721129177343e-01	2.582703240298235836e-01	1.545665306783543247e-01	7.295123148365881272e-02	3.003554727920703868e-02	7.769623331466316007e-02
1.214280323627476264e+03	2.470734381546535741e-01	1.588599094579971061e-01	2.585056339156454053e-01	1.547032279625856210e-01	7.300210574945736886e-02	3.007201992983901326e-02	7.778366482957557726e-02
1.216699208734303511e+03	2.467511562991275553e-01	1.586369486410025842e-01	2.587402583758238728e-01	1.548395381872139931e-01	7.305283218308722404e-02	3.010841714716083056e-02	7.787084916633760234e-02
1.219118093841131440e+03	2.464298124461120065e-01	1.584145883315353498e-01	2.589741993441241896e-01	1.549754625119511009e-01	7.310341139878918926e-02	3.014473892499308985e-02	7.795778704224878841e-02
1.221536978947959142e+03	2.461094035219117127e-01	1.581928271979245737e-01	2.592074587489782700e-01	1.551110020920763721e-01	7.315384400678928700e-02	3.018098525940614632e-02	7.804447917266726931e-02
1.223955864054786844e+03	2.457899264674506257e-01	1.579716639073002193e-01	2.594400385134986164e-01	1.552461580784736950e-01	7.320413061333513882e-02	3.021715614869026345e-02	7.813092627100511056e-02
1.226374749161614318e+03	2.454713782381484632e-01	1.577510971256645689e-01	2.596719405554911986e-01	1.553809316176672506e-01	7.325427182073215859e-02	3.025325159332607761e-02	7.821712904872392402e-02
1.228793634268442020e+03	2.451537558037991671e-01	1.575311255179627778e-01	2.599031667874692197e-01	1.555153238518568182e-01	7.330426822737919068e-02	3.028927159595543039e-02	7.830308821533099595e-02
1.231212519375269494e+03	2.448370561484506380e-01	1.573117477481522086e-01	2.601337191166662732e-01	1.556493359189524139e-01	7.335412042780392605e-02	3.032521616135248205e-02	7.838880447837565102e-02
1.233631404482097196e+03	2.445212762702859421e-01	1.570929624792707646e-01	2.603635994450496094e-01	1.557829689526082917e-01	7.340382901269781879e-02	3.036108529639518216e-02	7.847427854344611597e-02
1.236050289588924898e+03	2.442064131815057659e-01	1.568747683735039755e-01	2.605928096693332918e-01	1.559162240822563605e-01	7.345339456895072505e-02	3.039687901003704576e-02	7.855951111416659138e-02
1.238469174695752372e+03	2.438924639082126200e-01	1.566571640922510833e-01	2.608213516809919086e-01	1.560491024331389087e-01	7.350281767968515345e-02	3.043259731327924156e-02	7.864450289219480916e-02
1.240888059802580301e+03	2.435794254902962641e-01	1.564401482961900736e-01	2.610492273662735618e-01	1.561816051263409111e-01	7.355209892429016849e-02	3.046824021914301683e-02	7.872925457721971498e-02
1.243306944909407548e+03	2.432672949813203256e-01	1.562237196453416799e-01	2.612764386062130240e-01	1.563137332788217537e-01	7.360123887845490542e-02	3.050380774264238246e-02	7.881376686695963640e-02
1.245725830016235477e+03	2.429560694484104444e-01	1.560078767991323057e-01	2.615029872766452268e-01	1.564454880034461259e-01	7.365023811420173816e-02	3.053929990075716569e-02	7.889804045716064529e-02
1.248144715123063179e+03	2.426457459721438059e-01	1.557926184164558359e-01	2.617288752482183622e-01	1.565768704090148566e-01	7.369909719991915575e-02	3.057471671240630934e-02	7.898207604159535045e-02
1.250563600229890881e+03	2.423363216464397840e-01	1.555779431557347825e-01	2.619541043864068719e-01	1.567078816002947517e-01	7.374781670039425030e-02	3.061005819842151088e-02	7.906587431206173189e-02
1.252982485336718355e+03	2.420277935784519996e-01	1.553638496749799591e-01	2.621786765515249917e-01	1.568385226780482089e-01	7.379639717684485789e-02	3.064532438152113222e-02	7.914943595838250245e-02
1.255401370443546057e+03	2.417201588884616836e-01	1.551503366318495447e-01	2.624025935987397973e-01	1.569687947390623062e-01	7.384483918695139426e-02	3.068051528628441826e-02	7.923276166840456658e-02
1.257820255550373531e+03	2.414134147097721783e-01	1.549374026837071205e-01	2.626258573780840266e-01	1.570986988761772229e-01	7.389314328488837125e-02	3.071563093912599296e-02	7.931585212799878437e-02
1.260239140657201460e+03	2.411075581886047703e-01	1.547250464876786247e-01	2.628484697344698473e-01	1.572282361783143845e-01	7.394131002135549691e-02	3.075067136827064687e-02	7.939870802105998548e-02
1.262658025764028707e+03	2.408025864839957453e-01	1.545132667007084182e-01	2.630704325077012906e-01	1.573574077305040508e-01	7.398933994360859523e-02	3.078563660372841612e-02	7.948133002950721893e-02
1.265076910870856636e+03	2.404984967676946361e-01	1.543020619796145743e-01	2.632917475324877410e-01	1.574862146139125174e-01	7.403723359549004013e-02	3.082052667726993198e-02	7.956371883328423877e-02
1.267495795977684338e+03	2.401952862240636366e-01	1.540914309811431682e-01	2.635124166384569810e-01	1.576146579058686492e-01	7.408499151745905065e-02	3.085534162240204450e-02	7.964587511036015643e-02
1.269914681084511813e+03	2.398929520499780976e-01	1.538813723620214846e-01	2.637324416501681812e-01	1.577427386798902764e-01	7.413261424662151433e-02	3.089008147434373769e-02	7.972779953673041209e-02
1.272333566191339514e+03	2.395914914547285224e-01	1.536718847790106701e-01	2.639518243871248337e-01	1.578704580057100071e-01	7.418010231675958854e-02	3.092474627000229778e-02	7.980949278641781552e-02
1.274752451298167216e+03	2.392909016599232552e-01	1.534629668889572751e-01	2.641705666637879646e-01	1.579978169493006235e-01	7.422745625836094097e-02	3.095933604794975577e-02	7.989095553147387840e-02
1.277171336404994690e+03	2.389911798993927250e-01	1.532546173488440189e-01	2.643886702895890117e-01	1.581248165729002009e-01	7.427467659864780969e-02	3.099385084839960045e-02	7.997218844198032695e-02
1.279590221511822392e+03	2.386923234190944654e-01	1.530468348158398328e-01	2.646061370689427039e-01	1.582514579350365880e-01	7.432176386160557757e-02	3.102829071318375861e-02	8.005319218605079501e-02
1.282009106618650094e+03	2.383943294770193289e-01	1.528396179473487659e-01	2.648229688012602168e-01	1.583777420905517208e-01	7.436871856801120784e-02	3.106265568572981473e-02	8.013396742983261434e-02
1.284427991725477568e+03	2.380971953430990051e-01	1.526329654010584180e-01	2.650391672809619958e-01	1.585036700906254925e-01	7.441554123546127719e-02	3.109694581103851843e-02	8.021451483750895173e-02
1.286846876832305497e+03	2.378009182991142056e-01	1.524268758349872077e-01	2.652547342974907463e-01	1.586292429827992623e-01	7.446223237839978693e-02	3.113116113566150728e-02	8.029483507130091846e-02
1.289265761939132744e+03	2.375054956386043192e-01	1.522213479075312237e-01	2.654696716353242003e-01	1.587544618109988925e-01	7.450879250814571031e-02	3.116530170767932775e-02	8.037492879146992952e-02
1.291684647045960673e+03	2.372109246667778448e-01	1.520163802775099382e-01	2.656839810739881069e-01	1.588793276155576473e-01	7.455522213292010980e-02	3.119936757667966104e-02	8.045479665632027100e-02
1.294103532152788375e+03	2.369172027004238790e-01	1.518119716042114209e-01	2.658976643880691104e-01	1.590038414332385353e-01	7.460152175787319873e-02	3.123335879373582286e-02	8.053443932220168133e-02
1.296522417259616077e+03	2.366243270678246580e-01	1.516081205474365534e-01	2.661107233472272959e-01	1.591280042972565145e-01	7.464769188511088949e-02	3.126727541138549921e-02	8.061385744351218241e-02
1.298941302366443551e+03	2.363322951086692658e-01	1.514048257675427445e-01	2.663231597162095121e-01	1.592518172373001140e-01	7.469373301372125851e-02	3.130111748360973195e-02	8.069305167270102164e-02
1.301360187473271253e+03	2.360411041739679805e-01	1.512020859254866179e-01	2.665349752548615281e-01	1.593752812795530549e-01	7.473964563980065035e-02	3.133488506581210559e-02	8.077202266027165567e-02
1.303779072580098727e+03	2.357507516259678693e-01	1.509998996828662565e-01	2.667461717181415226e-01	1.594983974467152343e-01	7.478543025647949039e-02	3.136857821479822894e-02	8.085077105478502557e-02
1.306197957686926657e+03	2.354612348380692721e-01	1.507982657019623918e-01	2.669567508561321301e-01	1.596211667580236804e-01	7.483108735394791711e-02	3.140219698875541116e-02	8.092929750286283197e-02
1.308616842793753904e+03	2.351725511947431735e-01	1.505971826457792873e-01	2.671667144140537076e-01	1.597435902292729804e-01	7.487661741948103966e-02	3.143574144723255970e-02	8.100760264919094900e-02
1.311035727900581833e+03	2.348846980914495175e-01	1.503966491780845405e-01	2.673760641322766585e-01	1.598656688728355701e-01	7.492202093746407054e-02	3.146921165112035595e-02	8.108568713652293536e-02
1.313454613007409534e+03	2.345976729345567446e-01	1.501966639634484402e-01	2.675848017463343664e-01	1.599874036976817182e-01	7.496729838941706969e-02	3.150260766263157652e-02	8.116355160568372584e-02
1.315873498114237009e+03	2.343114731412616614e-01	1.499972256672825466e-01	2.677929289869357410e-01	1.601087957093991210e-01	7.501245025401952204e-02	3.153592954528174758e-02	8.124119669557332279e-02
1.318292383221064711e+03	2.340260961395106976e-01	1.497983329558775778e-01	2.680004475799778740e-01	1.602298459102123040e-01	7.505747700713459591e-02	3.156917736386989637e-02	8.131862304317068191e-02
1.320711268327892412e+03	2.337415393679218578e-01	1.495999844964407688e-01	2.682073592465586964e-01	1.603505552990018290e-01	7.510237912183327647e-02	3.160235118445962194e-02	8.139583128353762576e-02
1.323130153434719887e+03	2.334578002757075332e-01	1.494021789571323144e-01	2.684136657029894124e-01	1.604709248713230563e-01	7.514715706841808285e-02	3.163545107436034620e-02	8.147282204982285447e-02
1.325549038541547588e+03	2.331748763225984233e-01	1.492049150071014796e-01	2.686193686608073783e-01	1.605909556194248800e-01	7.519181131444667432e-02	3.166847710210875244e-02	8.154959597326609522e-02
1.327967923648375290e+03	2.328927649787677634e-01	1.490081913165218486e-01	2.688244698267882593e-01	1.607106485322679357e-01	7.523634232475515105e-02	3.170142933745045966e-02	8.162615368320226550e-02
1.330386808755202765e+03	2.326114637247570782e-01	1.488120065566260752e-01	2.690289709029588527e-01	1.608300045955427804e-01	7.528075056148116062e-02	3.173430785132193288e-02	8.170249580706576142e-02
1.332805693862030694e+03	2.323309700514021581e-01	1.486163593997399668e-01	2.692328735866096334e-01	1.609490247916878780e-01	7.532503648408672703e-02	3.176711271583255308e-02	8.177862297039477368e-02
1.335224578968857941e+03	2.320512814597603668e-01	1.484212485193159570e-01	2.694361795703067997e-01	1.610677100999070299e-01	7.536920054938084368e-02	3.179984400424690910e-02	8.185453579683578396e-02
1.337643464075685870e+03	2.317723954610383663e-01	1.482266725899659965e-01	2.696388905419052628e-01	1.611860614961869165e-01	7.541324321154189991e-02	3.183250179096729776e-02	8.193023490814797805e-02
1.340062349182513572e+03	2.314943095765207570e-01	1.480326302874938327e-01	2.698410081845606934e-01	1.613040799533142777e-01	7.545716492213981608e-02	3.186508615151643214e-02	8.200572092420786718e-02
1.342481234289341273e+03	2.312170213374997174e-01	1.478391202889267342e-01	2.700425341767421772e-01	1.614217664408928166e-01	7.550096613015797042e-02	3.189759716252033028e-02	8.208099446301388158e-02
1.344900119396168748e+03	2.309405282852050600e-01	1.476461412725466604e-01	2.702434701922445393e-01	1.615391219253599631e-01	7.554464728201493173e-02	3.193003490169140507e-02	8.215605614069101947e-02
1.347319004502996449e+03	2.306648279707353699e-01	1.474536919179207928e-01	2.704438179002006115e-01	1.616561473700035001e-01	7.558820882158592824e-02	3.196239944781174847e-02	8.223090657149564886e-02
1.349737889609823924e+03	2.303899179549897258e-01	1.472617709059316216e-01	2.706435789650936119e-01	1.617728437349777171e-01	7.563165119022409455e-02	3.199469088071660305e-02	8.230554636782023981e-02
1.352156774716651853e+03	2.301157958086001709e-01	1.470703769188063392e-01	2.708427550467694123e-01	1.618892119773197580e-01	7.567497482678157972e-02	3.202690928127806258e-02	8.237997614019826331e-02
1.354575659823479100e+03	2.298424591118650162e-01	1.468795086401458450e-01	2.710413478004490839e-01	1.620052530509653865e-01	7.571818016763039172e-02	3.205905473138887657e-02	8.245419649730902079e-02
1.356994544930307029e+03	2.295699054546827822e-01	1.466891647549531108e-01	2.712393588767408326e-01	1.621209679067647236e-01	7.576126764668292268e-02	3.209112731394653251e-02	8.252820804598266780e-02
1.359413430037134731e+03	2.292981324364869733e-01	1.464993439496611038e-01	2.714367899216524882e-01	1.622363574924979568e-01	7.580423769541254353e-02	3.212312711283746985e-02	8.260201139120509906e-02
1.361832315143962205e+03	2.290271376661814073e-01	1.463100449121600144e-01	2.716336425766036067e-01	1.623514227528904952e-01	7.584709074287365738e-02	3.215505421292146060e-02	8.267560713612304157e-02
1.364251200250789907e+03	2.287569187620763778e-01	1.461212663318242622e-01	2.718299184784375710e-01	1.624661646296283735e-01	7.588982721572182233e-02	3.218690870001623267e-02	8.274899588204910617e-02
1.366670085357617609e+03	2.284874733518253431e-01	1.459330068995387253e-01	2.720256192594340261e-01	1.625805840613729625e-01	7.593244753823351345e-02	3.221869066088220435e-02	8.282217822846689448e-02
1.369088970464445310e+03	2.282187990723625881e-01	1.457452653077248028e-01	2.722207465473208687e-01	1.626946819837761238e-01	7.597495213232574596e-02	3.225040018320744079e-02	8.289515477303610602e-02
1.371507855571272785e+03	2.279508935698412453e-01	1.455580402503654780e-01	2.724153019652863494e-01	1.628084593294946703e-01	7.601734141757549024e-02	3.228203735559276311e-02	8.296792611159775621e-02
1.373926740678100487e+03	2.276837544995721774e-01	1.453713304230304093e-01	2.726092871319911182e-01	1.629219170282048823e-01	7.605961581123889259e-02	3.231360226753701020e-02	8.304049283817932503e-02
1.376345625784927961e+03	2.274173795259634145e-01	1.451851345229002721e-01	2.728027036615804368e-01	1.630350560066168297e-01	7.610177572827030168e-02	3.234509500942253646e-02	8.311285554500003059e-02
1.378764510891755890e+03	2.271517663224602024e-01	1.449994512487907394e-01	2.729955531636963362e-01	1.631478771884886103e-01	7.614382158134108680e-02	3.237651567250079965e-02	8.318501482247606105e-02
1.381183395998583137e+03	2.268869125714859658e-01	1.448142793011759077e-01	2.731878372434893287e-01	1.632603814946403109e-01	7.618575378085831740e-02	3.240786434887816397e-02	8.325697125922587594e-02
1.383602281105411066e+03	2.266228159643835505e-01	1.446296173822113895e-01	2.733795575016305657e-01	1.633725698429678297e-01	7.622757273498320663e-02	3.243914113150185574e-02	8.332872544207549359e-02
1.386021166212238768e+03	2.263594742013572136e-01	1.444454641957568508e-01	2.735707155343238828e-01	1.634844431484566707e-01	7.626927884964934679e-02	3.247034611414607863e-02	8.340027795606384797e-02
1.388440051319066470e+03	2.260968849914154200e-01	1.442618184473982434e-01	2.737613129333175688e-01	1.635960023231954052e-01	7.631087252858088921e-02	3.250147939139828163e-02	8.347162938444811775e-02
1.390858936425893944e+03	2.258350460523138592e-01	1.440786788444693434e-01	2.739513512859165223e-01	1.637072482763891057e-01	7.635235417331034946e-02	3.253254105864561430e-02	8.354278030870906924e-02
1.393277821532721646e+03	2.255739551104994356e-01	1.438960440960732334e-01	2.741408321749940757e-01	1.638181819143726958e-01	7.639372418319644031e-02	3.256353121206151391e-02	8.361373130855649649e-02
1.395696706639549120e+03	2.253136099010546178e-01	1.437139129131029813e-01	2.743297571790037082e-01	1.639288041406239405e-01	7.643498295544154386e-02	3.259444994859243827e-02	8.368448296193460589e-02
1.398115591746377049e+03	2.250540081676425108e-01	1.435322840082623175e-01	2.745181278719911466e-01	1.640391158557765738e-01	7.647613088510912815e-02	3.262529736594481367e-02	8.375503584502738685e-02
1.400534476853204296e+03	2.247951476624523715e-01	1.433511560960854248e-01	2.747059458236059681e-01	1.641491179576330950e-01	7.651716836514096953e-02	3.265607356257204524e-02	8.382539053226410741e-02
1.402953361960032225e+03	2.245370261461458183e-01	1.431705278929566449e-01	2.748932125991135345e-01	1.642588113411774520e-01	7.655809578637413904e-02	3.268677863766175640e-02	8.389554759632469882e-02
1.405372247066859927e+03	2.242796413878034301e-01	1.429903981171298244e-01	2.750799297594067605e-01	1.643681968985876984e-01	7.659891353755793331e-02	3.271741269112312528e-02	8.396550760814523728e-02
1.407791132173687402e+03	2.240229911648722316e-01	1.428107654887471600e-01	2.752660988610178272e-01	1.644772755192485114e-01	7.663962200537050018e-02	3.274797582357439479e-02	8.403527113692339789e-02
1.410210017280515103e+03	2.237670732631132919e-01	1.426316287298574348e-01	2.754517214561300054e-01	1.645860480897634315e-01	7.668022157443545039e-02	3.277846813633055606e-02	8.410483875012392252e-02
1.412628902387342805e+03	2.235118854765501262e-01	1.424529865644343363e-01	2.756367990925891465e-01	1.646945154939671307e-01	7.672071262733816399e-02	3.280888973139108739e-02	8.417421101348408763e-02
1.415047787494170507e+03	2.232574256074177366e-01	1.422748377183941093e-01	2.758213333139156176e-01	1.648026786129375421e-01	7.676109554464201346e-02	3.283924071142793610e-02	8.424338849101915827e-02
1.417466672600997981e+03	2.230036914661118197e-01	1.420971809196128754e-01	2.760053256593157367e-01	1.649105383250078216e-01	7.680137070490442031e-02	3.286952117977357674e-02	8.431237174502795306e-02
1.419885557707825683e+03	2.227506808711387232e-01	1.419200148979435083e-01	2.761887776636935410e-01	1.650180955057782561e-01	7.684153848469271741e-02	3.289973124040922875e-02	8.438116133609824265e-02
1.422304442814653157e+03	2.224983916490660407e-01	1.417433383852323980e-01	2.763716908576623332e-01	1.651253510281279757e-01	7.688159925859991417e-02	3.292987099795322697e-02	8.444975782311231471e-02
1.424723327921481086e+03	2.222468216344734571e-01	1.415671501153356604e-01	2.765540667675561726e-01	1.652323057622266667e-01	7.692155339926025348e-02	3.295994055764951691e-02	8.451816176325240015e-02
1.427142213028308333e+03	2.219959686699042034e-01	1.413914488241350964e-01	2.767359069154417539e-01	1.653389605755460345e-01	7.696140127736461611e-02	3.298994002535626108e-02	8.458637371200618260e-02
1.429561098135136262e+03	2.217458306058169570e-01	1.412162332495536521e-01	2.769172128191294546e-01	1.654453163328712950e-01	7.700114326167581402e-02	3.301986950753461880e-02	8.465439422317234952e-02
1.431979983241963964e+03	2.214964053005383793e-01	1.410415021315708506e-01	2.770979859921851030e-01	1.655513738963125259e-01	7.704077971904368938e-02	3.304972911123763707e-02	8.472222384886599067e-02
1.434398868348791666e+03	2.212476906202159033e-01	1.408672542122374471e-01	2.772782279439414688e-01	1.656571341253157692e-01	7.708031101442011646e-02	3.307951894409928012e-02	8.478986313952416309e-02
1.436817753455619140e+03	2.209996844387712434e-01	1.406934882356901673e-01	2.774579401795096434e-01	1.657625978766743280e-01	7.711973751087378148e-02	3.310923911432357009e-02	8.485731264391133122e-02
1.439236638562446842e+03	2.207523846378541821e-01	1.405202029481659454e-01	2.776371241997905304e-01	1.658677660045396740e-01	7.715905956960487921e-02	3.313888973067388721e-02	8.492457290912490409e-02
1.441655523669274316e+03	2.205057891067968290e-01	1.403473970980158858e-01	2.778157815014861698e-01	1.659726393604324390e-01	7.719827754995965685e-02	3.316847090246237417e-02	8.499164448060063382e-02
1.444074408776102018e+03	2.202598957425685178e-01	1.401750694357188076e-01	2.779939135771110625e-01	1.660772187932531840e-01	7.723739180944479144e-02	3.319798273953946527e-02	8.505852790211813896e-02
1.446493293882929493e+03	2.200147024497308978e-01	1.400032187138945949e-01	2.781715219150036611e-01	1.661815051492931961e-01	7.727640270374162845e-02	3.322742535228354749e-02	8.512522371580638625e-02
1.448912178989757422e+03	2.197702071403937196e-01	1.398318436873172976e-01	2.783486079993375828e-01	1.662854992722451464e-01	7.731531058672030943e-02	3.325679885159073951e-02	8.519173246214913064e-02
1.451331064096585123e+03	2.195264077341708975e-01	1.396609431129276213e-01	2.785251733101329341e-01	1.663892020032135266e-01	7.735411581045374685e-02	3.328610334886478866e-02	8.525805467999038323e-02
1.453749949203412370e+03	2.192833021581369890e-01	1.394905157498456116e-01	2.787012193232675239e-01	1.664926141807253346e-01	7.739281872523147421e-02	3.331533895600710671e-02	8.532419090653983740e-02
1.456168834310240300e+03	2.190408883467843126e-01	1.393205603593826447e-01	2.788767475104881877e-01	1.665957366407402052e-01	7.743141967957327398e-02	3.334450578540690269e-02	8.539014167737830896e-02
1.458587719417068001e+03	2.187991642419801763e-01	1.391510757050532510e-01	2.790517593394220563e-01	1.666985702166609018e-01	7.746991902024281951e-02	3.337360394993142687e-02	8.545590752646321786e-02
1.461006604523895703e+03	2.185581277929248001e-01	1.389820605525866615e-01	2.792262562735876585e-01	1.668011157393433919e-01	7.750831709226108091e-02	3.340263356291637425e-02	8.552148898613391725e-02
1.463425489630723177e+03	2.183177769561094606e-01	1.388135136699382155e-01	2.794002397724059672e-01	1.669033740371070607e-01	7.754661423891963390e-02	3.343159473815633664e-02	8.558688658711720298e-02
1.465844374737550879e+03	2.180781096952752462e-01	1.386454338273002684e-01	2.795737112912117794e-01	1.670053459357446757e-01	7.758481080179384370e-02	3.346048758989542821e-02	8.565210085853265654e-02
1.468263259844378354e+03	2.178391239813719515e-01	1.384778197971129610e-01	2.797466722812647077e-01	1.671070322585324341e-01	7.762290712075588239e-02	3.348931223281799430e-02	8.571713232789802961e-02
1.470682144951206283e+03	2.176008177925175813e-01	1.383106703540745719e-01	2.799191241897602267e-01	1.672084338262397607e-01	7.766090353398769075e-02	3.351806878203941742e-02	8.578198152113465647e-02
1.473101030058033530e+03	2.173631891139581329e-01	1.381439842751520375e-01	2.800910684598408862e-01	1.673095514571391884e-01	7.769880037799373196e-02	3.354675735309708279e-02	8.584664896257283850e-02
1.475519915164861459e+03	2.171262359380278506e-01	1.379777603395906382e-01	2.802625065306071916e-01	1.674103859670160455e-01	7.773659798761371753e-02	3.357537806194139940e-02	8.591113517495713170e-02
1.477938800271689161e+03	2.168899562641098400e-01	1.378119973289236855e-01	2.804334398371287063e-01	1.675109381691780586e-01	7.777429669603506956e-02	3.360393102492694600e-02	8.597544067945174506e-02
1.480357685378516862e+03	2.166543480985969050e-01	1.376466940269821526e-01	2.806038698104548756e-01	1.676112088744650952e-01	7.781189683480541075e-02	3.363241635880372116e-02	8.603956599564584196e-02
1.482776570485344337e+03	2.164194094548530511e-01	1.374818492199038067e-01	2.807737978776263521e-01	1.677111988912585172e-01	7.784939873384488784e-02	3.366083418070855982e-02	8.610351164155891079e-02
