1.001418434226643626e+03	2.794893224021291478e-01	1.810032678212760426e-01	2.349461263148182044e-01	1.410395994475712733e-01	6.787706134702956029e-02	2.657797527846200367e-02	6.906664738846921003e-02
1.002869765290740247e+03	2.792375784415752071e-01	1.808349672347533688e-01	2.351281092517688576e-01	1.411449113884019335e-01	6.791705848362390718e-02	2.660351920098962333e-02	6.913385599864255160e-02
1.004321096354836754e+03	2.789862988494892226e-01	1.806669182389585016e-01	2.353097766090936904e-01	1.412500390946304363e-01	6.795697534071885870e-02	2.662904072171239783e-02	6.920095114515237289e-02
1.005772427418933376e+03	2.787354825249483969e-01	1.804991206705679196e-01	2.354911289156955134e-01	1.413549829630164623e-01	6.799681216986026844e-02	2.665453976391362820e-02	6.926793299175326712e-02
1.007223758483029997e+03	2.784851283714511183e-01	1.803315743644187952e-01	2.356721666996416109e-01	1.414597433884827449e-01	6.803656922139460217e-02	2.668001625171887228e-02	6.933480170264774700e-02
1.008675089547126618e+03	2.782352352968883169e-01	1.801642791535290611e-01	2.358528904881647403e-01	1.415643207641356649e-01	6.807624674447607105e-02	2.670547011009002242e-02	6.940155744247168690e-02
1.010126420611223239e+03	2.779858022135154871e-01	1.799972348691174784e-01	2.360333008076638817e-01	1.416687154812855676e-01	6.811584498707377866e-02	2.673090126481942469e-02	6.946820037627995936e-02
1.011577751675319632e+03	2.777368280379246546e-01	1.798304413406236202e-01	2.362133981837053753e-01	1.417729279294667188e-01	6.815536419597874318e-02	2.675630964252401559e-02	6.953473066953247406e-02
1.013029082739416367e+03	2.774883116910166758e-01	1.796638983957274671e-01	2.363931831410237550e-01	1.418769584964569286e-01	6.819480461681094730e-02	2.678169517063954189e-02	6.960114848808027221e-02
1.014480413803512761e+03	2.772402520979737051e-01	1.794976058603689750e-01	2.365726562035226910e-01	1.419808075682970350e-01	6.823416649402631873e-02	2.680705777741475629e-02	6.966745399815203743e-02
1.015931744867609382e+03	2.769926481882321045e-01	1.793315635587674484e-01	2.367518178942760176e-01	1.420844755293099171e-01	6.827345007092361362e-02	2.683239739190571363e-02	6.973364736634074523e-02
1.017383075931706003e+03	2.767454988954549111e-01	1.791657713134407193e-01	2.369306687355285934e-01	1.421879627621192577e-01	6.831265558965135543e-02	2.685771394397005671e-02	6.979972875959067347e-02
1.018834406995802851e+03	2.764988031575053573e-01	1.790002289452242712e-01	2.371092092486973557e-01	1.422912696476681949e-01	6.835178329121466279e-02	2.688300736426136109e-02	6.986569834518446820e-02
1.020285738059899245e+03	2.762525599164200041e-01	1.788349362732898906e-01	2.372874399543720425e-01	1.423943965652375021e-01	6.839083341548199413e-02	2.690827758422351806e-02	6.993155629073070922e-02
1.021737069123995752e+03	2.760067681183825394e-01	1.786698931151646796e-01	2.374653613723164414e-01	1.424973438924634905e-01	6.842980620119198942e-02	2.693352453608513844e-02	6.999730276415142005e-02
1.023188400188092373e+03	2.757614267136971886e-01	1.785050992867493747e-01	2.376429740214692221e-01	1.426001120053558280e-01	6.846870188596008988e-02	2.695874815285401183e-02	7.006293793367000811e-02
1.024639731252188767e+03	2.755165346567629014e-01	1.783405546023368315e-01	2.378202784199447417e-01	1.427027012783150250e-01	6.850752070628525481e-02	2.698394836831158675e-02	7.012846196779937147e-02
1.026091062316285615e+03	2.752720909060475396e-01	1.781762588746302334e-01	2.379972750850342655e-01	1.428051120841494492e-01	6.854626289755656743e-02	2.700912511700749585e-02	7.019387503533021377e-02
1.027542393380382237e+03	2.750280944240620085e-01	1.780122119147612147e-01	2.381739645332068001e-01	1.429073447940923391e-01	6.858492869405977133e-02	2.703427833425411583e-02	7.025917730531955341e-02
1.028993724444478858e+03	2.747845441773349995e-01	1.778484135323077087e-01	2.383503472801100087e-01	1.430093997778185966e-01	6.862351832898389015e-02	2.705940795612115507e-02	7.032436894707948249e-02
1.030445055508575479e+03	2.745414391363877327e-01	1.776848635353117101e-01	2.385264238405712944e-01	1.431112774034610791e-01	6.866203203442763914e-02	2.708451391943028641e-02	7.038945013016613406e-02
1.031896386572671872e+03	2.742987782757088100e-01	1.775215617302970672e-01	2.387021947285986601e-01	1.432129780376268091e-01	6.870047004140594771e-02	2.710959616174980422e-02	7.045442102436885734e-02
1.033347717636768493e+03	2.740565605737294019e-01	1.773585079222866623e-01	2.388776604573817075e-01	1.433145020454130170e-01	6.873883257985627382e-02	2.713465462138932305e-02	7.051928179969953192e-02
1.034799048700865114e+03	2.738147850127988225e-01	1.771957019148199530e-01	2.390528215392926925e-01	1.434158497904227392e-01	6.877711987864507104e-02	2.715968923739451799e-02	7.058403262638218711e-02
1.036250379764961508e+03	2.735734505791595494e-01	1.770331435099700146e-01	2.392276784858873850e-01	1.435170216347804173e-01	6.881533216557401966e-02	2.718469994954187882e-02	7.064867367484273242e-02
1.037701710829058356e+03	2.733325562629234651e-01	1.768708325083606370e-01	2.394022318079060407e-01	1.436180179391470801e-01	6.885346966738641050e-02	2.720968669833352324e-02	7.071320511569889611e-02
1.039153041893154750e+03	2.730921010580473762e-01	1.767087687091830894e-01	2.395764820152744834e-01	1.437188390627354151e-01	6.889153260977329274e-02	2.723464942499202388e-02	7.077762711975038590e-02
1.040604372957251599e+03	2.728520839623093663e-01	1.765469519102129681e-01	2.397504296171049654e-01	1.438194853633245340e-01	6.892952121737974669e-02	2.725958807145527005e-02	7.084193985796921611e-02
1.042055704021347992e+03	2.726125039772849812e-01	1.763853819078266272e-01	2.399240751216971945e-01	1.439199571972746561e-01	6.896743571381101778e-02	2.728450258037138504e-02	7.090614350149017364e-02
1.043507035085444613e+03	2.723733601083235811e-01	1.762240584970178325e-01	2.400974190365393890e-01	1.440202549195414017e-01	6.900527632163863667e-02	2.730939289509364334e-02	7.097023822160154760e-02
1.044958366149541234e+03	2.721346513645252485e-01	1.760629814714137764e-01	2.402704618683091375e-01	1.441203788836900035e-01	6.904304326240651157e-02	2.733425895967545038e-02	7.103422418973598385e-02
1.046409697213637855e+03	2.718963767587171954e-01	1.759021506232914533e-01	2.404432041228743988e-01	1.442203294419092952e-01	6.908073675663695123e-02	2.735910071886533956e-02	7.109810157746149217e-02
1.047861028277734476e+03	2.716585353074312259e-01	1.757415657435935918e-01	2.406156463052945838e-01	1.443201069450254226e-01	6.911835702383670177e-02	2.738391811810199708e-02	7.116187055647267556e-02
1.049312359341831097e+03	2.714211260308805329e-01	1.755812266219445583e-01	2.407877889198213883e-01	1.444197117425154442e-01	6.915590428250291410e-02	2.740871110350934226e-02	7.122553129858208432e-02
1.050763690405927491e+03	2.711841479529372712e-01	1.754211330466660390e-01	2.409596324698999315e-01	1.445191441825206258e-01	6.919337875012904204e-02	2.743347962189161826e-02	7.128908397571173672e-02
1.052215021470024112e+03	2.709476001011100754e-01	1.752612848047927496e-01	2.411311774581696432e-01	1.446184046118597355e-01	6.923078064321072644e-02	2.745822362072850714e-02	7.135252875988486176e-02
1.053666352534120733e+03	2.707114815065216340e-01	1.751016816820877009e-01	2.413024243864652918e-01	1.447174933760419224e-01	6.926811017725169328e-02	2.748294304817032463e-02	7.141586582321772514e-02
1.055117683598217127e+03	2.704757912038866507e-01	1.749423234630577695e-01	2.414733737558179827e-01	1.448164108192795674e-01	6.930536756676952681e-02	2.750763785303317333e-02	7.147909533791164949e-02
1.056569014662313975e+03	2.702405282314899182e-01	1.747832099309688247e-01	2.416440260664561024e-01	1.449151572845007729e-01	6.934255302530147047e-02	2.753230798479418956e-02	7.154221747624514571e-02
1.058020345726410369e+03	2.700056916311643351e-01	1.746243408678606335e-01	2.418143818178063731e-01	1.450137331133618812e-01	6.937966676541011679e-02	2.755695339358680065e-02	7.160523241056629407e-02
1.059471676790506763e+03	2.697712804482694793e-01	1.744657160545620700e-01	2.419844415084948519e-01	1.451121386462597418e-01	6.941670899868916667e-02	2.758157403019600301e-02	7.166814031328512524e-02
1.060923007854603611e+03	2.695372937316700690e-01	1.743073352707057155e-01	2.421542056363478468e-01	1.452103742223437299e-01	6.945367993576910537e-02	2.760616984605367835e-02	7.173094135686630679e-02
1.062374338918700232e+03	2.693037305337148135e-01	1.741491982947426242e-01	2.423236746983929435e-01	1.453084401795275704e-01	6.949057978632273980e-02	2.763074079323394466e-02	7.179363571382182951e-02
1.063825669982796853e+03	2.690705899102149301e-01	1.739913049039569226e-01	2.424928491908600880e-01	1.454063368545011892e-01	6.952740875907086060e-02	2.765528682444853142e-02	7.185622355670395756e-02
1.065277001046893474e+03	2.688378709204234940e-01	1.738336548744801036e-01	2.426617296091825027e-01	1.455040645827422041e-01	6.956416706178782106e-02	2.767980789304219300e-02	7.191870505809820624e-02
1.066728332110990095e+03	2.686055726270145660e-01	1.736762479813054594e-01	2.428303164479976295e-01	1.456016236985272772e-01	6.960085490130700492e-02	2.770430395298814283e-02	7.198108039061652808e-02
1.068179663175086489e+03	2.683736940960623207e-01	1.735190839983021538e-01	2.429986102011482685e-01	1.456990145349433552e-01	6.963747248352629426e-02	2.772877495888352237e-02	7.204334972689063754e-02
1.069630994239183110e+03	2.681422343970210065e-01	1.733621626982294051e-01	2.431666113616834934e-01	1.457962374238988001e-01	6.967402001341359286e-02	2.775322086594489424e-02	7.210551323956539138e-02
1.071082325303279504e+03	2.679111926027040180e-01	1.732054838527503082e-01	2.433343204218597067e-01	1.458932926961341858e-01	6.971049769501215521e-02	2.777764163000378400e-02	7.216757110129241870e-02
1.072533656367376352e+03	2.676805677892641899e-01	1.730490472324456852e-01	2.435017378731415827e-01	1.459901806812331782e-01	6.974690573144604055e-02	2.780203720750221152e-02	7.222952348472370943e-02
1.073984987431472746e+03	2.674503590361735905e-01	1.728928526068277960e-01	2.436688642062030952e-01	1.460869017076329435e-01	6.978324432492541418e-02	2.782640755548830211e-02	7.229137056250548032e-02
1.075436318495569594e+03	2.672205654262035379e-01	1.727368997443538834e-01	2.438356999109285717e-01	1.461834561026347790e-01	6.981951367675187647e-02	2.785075263161188378e-02	7.235311250727215204e-02
1.076887649559666215e+03	2.669911860454050601e-01	1.725811884124395790e-01	2.440022454764136373e-01	1.462798441924142989e-01	6.985571398732372261e-02	2.787507239412012963e-02	7.241474949164032615e-02
1.078338980623762609e+03	2.667622199830891883e-01	1.724257183774723645e-01	2.441685013909662139e-01	1.463760663020315933e-01	6.989184545614121613e-02	2.789936680185324883e-02	7.247628168820295647e-02
1.079790311687859230e+03	2.665336663318076393e-01	1.722704894048247004e-01	2.443344681421076303e-01	1.464721227554413030e-01	6.992790828181173757e-02	2.792363581424016014e-02	7.253770926952371467e-02
1.081241642751955851e+03	2.663055241873333312e-01	1.721155012588671263e-01	2.445001462165735107e-01	1.465680138755023898e-01	6.996390266205501640e-02	2.794787939129424192e-02	7.259903240813130043e-02
1.082692973816052472e+03	2.660777926486414535e-01	1.719607537029813338e-01	2.446655361003148565e-01	1.466637399839879341e-01	6.999982879370823807e-02	2.797209749360907161e-02	7.266025127651401516e-02
1.084144304880149093e+03	2.658504708178905385e-01	1.718062464995730176e-01	2.448306382784990465e-01	1.467593014015946828e-01	7.003568687273117876e-02	2.799629008235422073e-02	7.272136604711434971e-02
1.085595635944245487e+03	2.656235578004031983e-01	1.716519794100845320e-01	2.449954532355108072e-01	1.468546984479524864e-01	7.007147709421125692e-02	2.802045711927105692e-02	7.278237689232371077e-02
1.087046967008342108e+03	2.653970527046479178e-01	1.714979521950076580e-01	2.451599814549533241e-01	1.469499314416336522e-01	7.010719965236858475e-02	2.804459856666859444e-02	7.284328398447731390e-02
1.088498298072438729e+03	2.651709546422201802e-01	1.713441646138961216e-01	2.453242234196491289e-01	1.470450007001621873e-01	7.014285474056101977e-02	2.806871438741935162e-02	7.290408749584909032e-02
1.089949629136535123e+03	2.649452627278241490e-01	1.711906164253780838e-01	2.454881796116412107e-01	1.471399065400227357e-01	7.017844255128904973e-02	2.809280454495523965e-02	7.296478759864666319e-02
1.091400960200631971e+03	2.647199760792542933e-01	1.710373073871682692e-01	2.456518505121939588e-01	1.472346492766695714e-01	7.021396327620084421e-02	2.811686900326349631e-02	7.302538446500664304e-02
1.092852291264728365e+03	2.644950938173775135e-01	1.708842372560804290e-01	2.458152366017943014e-01	1.473292292245354240e-01	7.024941710609707013e-02	2.814090772688263020e-02	7.308587826698972889e-02
1.094303622328825213e+03	2.642706150661147113e-01	1.707314057880393587e-01	2.459783383601525375e-01	1.474236466970401394e-01	7.028480423093587393e-02	2.816492068089837542e-02	7.314626917657612859e-02
1.095754953392921607e+03	2.640465389524232487e-01	1.705788127380927777e-01	2.461411562662035035e-01	1.475179020065991997e-01	7.032012483983765549e-02	2.818890783093971550e-02	7.320655736566096528e-02
1.097206284457018228e+03	2.638228646062791838e-01	1.704264578604234304e-01	2.463036907981075718e-01	1.476119954646323007e-01	7.035537912108992542e-02	2.821286914317489361e-02	7.326674300604985035e-02
1.098657615521114849e+03	2.635995911606593411e-01	1.702743409083607440e-01	2.464659424332515947e-01	1.477059273815715112e-01	7.039056726215206505e-02	2.823680458430747470e-02	7.332682626945444260e-02
1.100108946585211470e+03	2.633767177515241587e-01	1.701224616343925966e-01	2.466279116482499589e-01	1.477996980668696836e-01	7.042568944966014211e-02	2.826071412157242502e-02	7.338680732748821545e-02
1.101560277649308091e+03	2.631542435178003125e-01	1.699708197901768081e-01	2.467895989189456962e-01	1.478933078290083081e-01	7.046074586943160134e-02	2.828459772273220207e-02	7.344668635166225201e-02
1.103011608713404712e+03	2.629321676013635090e-01	1.698194151265527418e-01	2.469510047204113157e-01	1.479867569755057288e-01	7.049573670646996915e-02	2.830845535607289659e-02	7.350646351338110951e-02
1.104462939777501106e+03	2.627104891470210535e-01	1.696682473935525737e-01	2.471121295269499973e-01	1.480800458129248875e-01	7.053066214496950259e-02	2.833228699040038837e-02	7.356613898393880857e-02
1.105914270841597499e+03	2.624892073024955308e-01	1.695173163404127270e-01	2.472729738120965637e-01	1.481731746468810673e-01	7.056552236831983849e-02	2.835609259503651253e-02	7.362571293451493359e-02
1.107365601905694348e+03	2.622683212184074297e-01	1.693666217155849196e-01	2.474335380486184788e-01	1.482661437820497474e-01	7.060031755911064244e-02	2.837987213981528131e-02	7.368518553617073308e-02
1.108816932969790741e+03	2.620478300482586009e-01	1.692161632667472937e-01	2.475938227085168475e-01	1.483589535221739031e-01	7.063504789913613302e-02	2.840362559507910237e-02	7.374455695984533099e-02
1.110268264033887590e+03	2.618277329484157701e-01	1.690659407408154624e-01	2.477538282630274424e-01	1.484516041700716660e-01	7.066971356939967530e-02	2.842735293167504562e-02	7.380382737635211854e-02
1.111719595097984211e+03	2.616080290780941064e-01	1.689159538839533070e-01	2.479135551826218697e-01	1.485440960276435129e-01	7.070431475011826339e-02	2.845105412095110670e-02	7.386299695637504881e-02
1.113170926162080832e+03	2.613887175993406808e-01	1.687662024415838569e-01	2.480730039370083462e-01	1.486364293958796490e-01	7.073885162072703070e-02	2.847472913475252582e-02	7.392206587046515343e-02
1.114622257226177226e+03	2.611697976770183671e-01	1.686166861583999477e-01	2.482321749951329481e-01	1.487286045748670849e-01	7.077332435988373249e-02	2.849837794541811020e-02	7.398103428903705925e-02
1.116073588290273847e+03	2.609512684787899106e-01	1.684674047783748241e-01	2.483910688251804721e-01	1.488206218637966871e-01	7.080773314547314512e-02	2.852200052577659461e-02	7.403990238236560217e-02
1.117524919354370468e+03	2.607331291751017743e-01	1.683183580447726591e-01	2.485496858945756282e-01	1.489124815609702002e-01	7.084207815461149305e-02	2.854559684914299497e-02	7.409867032058253811e-02
1.118976250418467089e+03	2.605153789391682073e-01	1.681695457001590455e-01	2.487080266699839004e-01	1.490041839638070742e-01	7.087635956365083423e-02	2.856916688931503828e-02	7.415733827367326780e-02
1.120427581482563710e+03	2.602980169469557570e-01	1.680209674864112102e-01	2.488660916173126292e-01	1.490957293688511820e-01	7.091057754818337611e-02	2.859271062056956830e-02	7.421590641147368661e-02
1.121878912546660331e+03	2.600810423771674484e-01	1.678726231447283113e-01	2.490238812017120662e-01	1.491871180717776191e-01	7.094473228304587487e-02	2.861622801765899976e-02	7.427437490366710360e-02
1.123330243610756725e+03	2.598644544112274635e-01	1.677245124156415412e-01	2.491813958875764012e-01	1.492783503673992263e-01	7.097882394232381265e-02	2.863971905580778299e-02	7.433274391978117457e-02
1.124781574674853118e+03	2.596482522332655973e-01	1.675766350390243131e-01	2.493386361385447614e-01	1.493694265496730844e-01	7.101285269935578293e-02	2.866318371070891019e-02	7.439101362918495997e-02
1.126232905738949967e+03	2.594324350301021043e-01	1.674289907541020583e-01	2.494956024175022380e-01	1.494603469117068983e-01	7.104681872673766774e-02	2.868662195852042171e-02	7.444918420108599666e-02
1.127684236803046360e+03	2.592170019912324319e-01	1.672815792994622186e-01	2.496522951865809414e-01	1.495511117457654360e-01	7.108072219632688427e-02	2.871003377586195393e-02	7.450725580452753627e-02
1.129135567867143209e+03	2.590019523088122888e-01	1.671344004130639604e-01	2.498087149071610003e-01	1.496417213432766624e-01	7.111456327924650656e-02	2.873341913981129758e-02	7.456522860838570022e-02
1.130586898931239830e+03	2.587872851776426009e-01	1.669874538322479174e-01	2.499648620398716159e-01	1.497321759948379571e-01	7.114834214588952599e-02	2.875677802790098381e-02	7.462310278136678743e-02
1.132038229995336451e+03	2.585729997951548564e-01	1.668407392937458489e-01	2.501207370445920897e-01	1.498224759902222203e-01	7.118205896592287585e-02	2.878011041811490145e-02	7.468087849200466533e-02
1.133489561059432845e+03	2.583590953613961183e-01	1.666942565336901605e-01	2.502763403804527109e-01	1.499126216183838123e-01	7.121571390829163628e-02	2.880341628888491087e-02	7.473855590865813303e-02
1.134940892123529466e+03	2.581455710790147018e-01	1.665480052876232298e-01	2.504316725058360893e-01	1.500026131674644936e-01	7.124930714122305886e-02	2.882669561908752023e-02	7.479613519950843725e-02
1.136392223187626087e+03	2.579324261532455198e-01	1.664019852905069263e-01	2.505867338783778764e-01	1.500924509247992533e-01	7.128283883223064665e-02	2.884994838804053052e-02	7.485361653255678815e-02
1.137843554251722708e+03	2.577196597918957055e-01	1.662561962767317991e-01	2.507415249549680980e-01	1.501821351769221380e-01	7.131630914811817878e-02	2.887317457549976388e-02	7.491100007562193075e-02
1.139294885315819101e+03	2.575072712053302904e-01	1.661106379801263744e-01	2.508960461917517648e-01	1.502716662095718858e-01	7.134971825498367948e-02	2.889637416165575720e-02	7.496828599633779955e-02
1.140746216379915950e+03	2.572952596064583264e-01	1.659653101339661208e-01	2.510502980441303156e-01	1.503610443076975056e-01	7.138306631822345649e-02	2.891954712713052864e-02	7.502547446215127036e-02
1.142197547444012343e+03	2.570836242107184533e-01	1.658202124709825809e-01	2.512042809667623389e-01	1.504502697554639390e-01	7.141635350253602854e-02	2.894269345297430934e-02	7.508256564031982883e-02
1.143648878508108737e+03	2.568723642360649650e-01	1.656753447233723919e-01	2.513579954135650163e-01	1.505393428362574171e-01	7.144957997192602495e-02	2.896581312066235508e-02	7.513955969790943323e-02
1.145100209572205586e+03	2.566614789029540433e-01	1.655307066228059176e-01	2.515114418377145666e-01	1.506282638326909007e-01	7.148274588970816856e-02	2.898890611209172657e-02	7.519645680179233571e-02
1.146551540636302207e+03	2.564509674343300460e-01	1.653862979004364075e-01	2.516646206916475781e-01	1.507170330266094094e-01	7.151585141851102279e-02	2.901197240957813922e-02	7.525325711864506995e-02
1.148002871700398828e+03	2.562408290556117962e-01	1.652421182869082683e-01	2.518175324270623405e-01	1.508056506990952672e-01	7.154889672028098835e-02	2.903501199585278511e-02	7.530996081494630012e-02
1.149454202764495449e+03	2.560310629946788707e-01	1.650981675123661119e-01	2.519701774949194006e-01	1.508941171304732376e-01	7.158188195628603645e-02	2.905802485405922786e-02	7.536656805697491968e-02
1.150905533828591842e+03	2.558216684818582776e-01	1.649544453064630822e-01	2.521225563454426721e-01	1.509824326003158246e-01	7.161480728711956678e-02	2.908101096775026623e-02	7.542307901080806676e-02
1.152356864892688463e+03	2.556126447499112442e-01	1.648109513983693764e-01	2.522746694281207680e-01	1.510705973874481300e-01	7.164767287270416840e-02	2.910397032088485672e-02	7.547949384231926462e-02
1.153808195956785084e+03	2.554039910340195618e-01	1.646676855167806819e-01	2.524265171917076112e-01	1.511586117699529885e-01	7.168047887229535287e-02	2.912690289782503966e-02	7.553581271717652035e-02
1.155259527020881706e+03	2.551957065717727624e-01	1.645246473899264761e-01	2.525781000842238777e-01	1.512464760251758245e-01	7.171322544448532899e-02	2.914980868333289302e-02	7.559203580084059015e-02
1.156710858084978327e+03	2.549877906031548513e-01	1.643818367455783802e-01	2.527294185529576631e-01	1.513341904297295093e-01	7.174591274720670819e-02	2.917268766256749662e-02	7.564816325856317525e-02
1.158162189149074720e+03	2.547802423705313180e-01	1.642392533110581809e-01	2.528804730444658144e-01	1.514217552594991911e-01	7.177854093773615440e-02	2.919553982108192419e-02	7.570419525538524264e-02
1.159613520213171569e+03	2.545730611186363679e-01	1.640968968132461014e-01	2.530312640045747075e-01	1.515091707896470408e-01	7.181111017269807550e-02	2.921836514482024916e-02	7.576013195613533202e-02
1.161064851277267962e+03	2.543662460945599890e-01	1.639547669785887118e-01	2.531817918783814125e-01	1.515964372946169425e-01	7.184362060806828709e-02	2.924116362011458525e-02	7.581597352542794599e-02
1.162516182341364356e+03	2.541597965477355170e-01	1.638128635331068950e-01	2.533320571102547492e-01	1.516835550481390738e-01	7.187607239917757906e-02	2.926393523368212707e-02	7.587172012766196794e-02
1.163967513405461204e+03	2.539537117299266455e-01	1.636711862024038677e-01	2.534820601438361742e-01	1.517705243232345125e-01	7.190846570071532384e-02	2.928667997262222183e-02	7.592737192701912163e-02
1.165418844469557826e+03	2.537479908952153251e-01	1.635297347116728695e-01	2.536318014220410033e-01	1.518573453922197336e-01	7.194080066673307072e-02	2.930939782441345856e-02	7.598292908746244467e-02
1.166870175533654447e+03	2.535426332999889398e-01	1.633885087857048779e-01	2.537812813870592432e-01	1.519440185267110499e-01	7.197307745064808471e-02	2.933208877691077104e-02	7.603839177273485905e-02
1.168321506597751068e+03	2.533376382029282059e-01	1.632475081488965474e-01	2.539305004803569243e-01	1.520305439976290252e-01	7.200529620524685759e-02	2.935475281834257211e-02	7.609376014635774177e-02
1.169772837661847461e+03	2.531330048649949038e-01	1.631067325252574807e-01	2.540794591426766003e-01	1.521169220752028040e-01	7.203745708268861903e-02	2.937738993730789477e-02	7.614903437162950928e-02
1.171224168725944082e+03	2.529287325494198324e-01	1.629661816384179729e-01	2.542281578140389575e-01	1.522031530289743861e-01	7.206956023450884763e-02	2.940000012277356120e-02	7.620421461162432686e-02
1.172675499790040703e+03	2.527248205216903743e-01	1.628258552116364499e-01	2.543765969337434263e-01	1.522892371278028456e-01	7.210160581162267102e-02	2.942258336407135855e-02	7.625930102919076248e-02
1.174126830854137097e+03	2.525212680495389495e-01	1.626857529678068237e-01	2.545247769403695126e-01	1.523751746398685769e-01	7.213359396432836301e-02	2.944513965089524954e-02	7.631429378695048227e-02
1.175578161918233945e+03	2.523180744029307476e-01	1.625458746294659584e-01	2.546726982717774646e-01	1.524609658326773198e-01	7.216552484231072984e-02	2.946766897329858997e-02	7.636919304729711255e-02
1.177029492982330339e+03	2.521152388540522926e-01	1.624062199188006927e-01	2.548203613651097710e-01	1.525466109730644060e-01	7.219739859464452403e-02	2.949017132169136357e-02	7.642399897239492146e-02
1.178480824046426733e+03	2.519127606772993966e-01	1.622667885576553060e-01	2.549677666567917722e-01	1.526321103271985891e-01	7.222921536979778900e-02	2.951264668683745152e-02	7.647871172417772256e-02
1.179932155110523581e+03	2.517106391492656137e-01	1.621275802675385402e-01	2.551149145825328812e-01	1.527174641605861249e-01	7.226097531563523135e-02	2.953509505985190201e-02	7.653333146434772305e-02
1.181383486174620202e+03	2.515088735487309157e-01	1.619885947696306783e-01	2.552618055773275274e-01	1.528026727380747685e-01	7.229267857942153763e-02	2.955751643219821714e-02	7.658785835437439959e-02
1.182834817238716823e+03	2.513074631566498129e-01	1.618498317847905099e-01	2.554084400754563777e-01	1.528877363238574927e-01	7.232432530782470503e-02	2.957991079568567452e-02	7.664229255549345754e-02
1.184286148302813444e+03	2.511064072561403626e-01	1.617112910335624376e-01	2.555548185104870584e-01	1.529726551814764024e-01	7.235591564691934430e-02	2.960227814246665923e-02	7.669663422870577618e-02
1.185737479366910065e+03	2.509057051324725673e-01	1.615729722361831100e-01	2.557009413152754873e-01	1.530574295738266200e-01	7.238744974218989936e-02	2.962461846503399929e-02	7.675088353477642344e-02
1.187188810431006686e+03	2.507053560730572173e-01	1.614348751125884440e-01	2.558468089219665953e-01	1.531420597631598657e-01	7.241892773853393639e-02	2.964693175621833932e-02	7.680504063423362893e-02
1.188640141495103080e+03	2.505053593674349544e-01	1.612969993824203419e-01	2.559924217619957143e-01	1.532265460110882327e-01	7.245034978026537731e-02	2.966921800918553495e-02	7.685910568736789572e-02
1.190091472559199701e+03	2.503057143072649482e-01	1.611593447650332966e-01	2.561377802660892433e-01	1.533108885785878506e-01	7.248171601111763618e-02	2.969147721743402302e-02	7.691307885423105672e-02
1.191542803623296322e+03	2.501064201863141268e-01	1.610219109795011372e-01	2.562828848642658697e-01	1.533950877260024659e-01	7.251302657424688047e-02	2.971370937479226107e-02	7.696696029463538646e-02
1.192994134687392716e+03	2.499074763004459354e-01	1.608846977446235504e-01	2.564277359858375127e-01	1.534791437130470226e-01	7.254428161223519522e-02	2.973591447541616001e-02	7.702075016815271291e-02
1.194445465751489564e+03	2.497088819476099286e-01	1.607477047789325486e-01	2.565723340594104895e-01	1.535630567988112427e-01	7.257548126709371938e-02	2.975809251378653056e-02	7.707444863411366809e-02
1.195896796815585958e+03	2.495106364278307232e-01	1.606109318006990194e-01	2.567166795128863477e-01	1.536468272417629843e-01	7.260662568026572672e-02	2.978024348470656446e-02	7.712805585160679989e-02
1.197348127879682352e+03	2.493127390431974510e-01	1.604743785279390544e-01	2.568607727734630863e-01	1.537304552997517670e-01	7.263771499262978992e-02	2.980236738329930177e-02	7.718157197947782266e-02
1.198799458943779200e+03	2.491151890978531014e-01	1.603380446784202495e-01	2.570046142676358780e-01	1.538139412300121300e-01	7.266874934450286150e-02	2.982446420500513978e-02	7.723499717632889561e-02
1.200250790007875821e+03	2.489179858979840287e-01	1.602019299696680610e-01	2.571482044211985118e-01	1.538972852891671017e-01	7.269972887564335462e-02	2.984653394557936282e-02	7.728833160051783169e-02
1.201702121071972442e+03	2.487211287518095171e-01	1.600660341189720226e-01	2.572915436592441152e-01	1.539804877332313360e-01	7.273065372525411298e-02	2.986857660108966153e-02	7.734157541015747317e-02
1.203153452136069063e+03	2.485246169695714269e-01	1.599303568433918799e-01	2.574346324061661528e-01	1.540635488176145540e-01	7.276152403198556107e-02	2.989059216791369392e-02	7.739472876311495608e-02
1.204604783200165684e+03	2.483284498635238147e-01	1.597948978597635850e-01	2.575774710856596483e-01	1.541464687971247360e-01	7.279233993393863233e-02	2.991258064273665668e-02	7.744779181701108572e-02
1.206056114264262078e+03	2.481326267479227465e-01	1.596596568847055420e-01	2.577200601207221831e-01	1.542292479259713134e-01	7.282310156866778073e-02	2.993454202254886357e-02	7.750076472921973991e-02
1.207507445328358699e+03	2.479371469390161675e-01	1.595246336346244909e-01	2.578623999336546180e-01	1.543118864577683047e-01	7.285380907318400601e-02	2.995647630464334105e-02	7.755364765686718898e-02
1.208958776392455093e+03	2.477420097550338263e-01	1.593898278257214196e-01	2.580044909460626479e-01	1.543943846455375635e-01	7.288446258395768484e-02	2.997838348661345520e-02	7.760644075683158227e-02
1.210410107456551941e+03	2.475472145161772275e-01	1.592552391739975037e-01	2.581463335788571345e-01	1.544767427417118033e-01	7.291506223692167943e-02	3.000026356635055250e-02	7.765914418574233757e-02
1.211861438520648335e+03	2.473527605446096400e-01	1.591208673952598796e-01	2.582879282522557163e-01	1.545589609981375956e-01	7.294560816747409915e-02	3.002211654204157976e-02	7.771175809997968309e-02
1.213312769584745183e+03	2.471586471644464378e-01	1.589867122051275006e-01	2.584292753857836411e-01	1.546410396660784781e-01	7.297610051048129820e-02	3.004394241216676656e-02	7.776428265567404685e-02
1.214764100648841804e+03	2.469648737017450246e-01	1.588527733190367719e-01	2.585703753982747100e-01	1.547229789962179802e-01	7.300653940028072053e-02	3.006574117549731112e-02	7.781671800870565425e-02
1.216215431712937971e+03	2.467714394844953418e-01	1.587190504522471846e-01	2.587112287078722761e-01	1.548047792386624821e-01	7.303692497068378642e-02	3.008751283109305924e-02	7.786906431470398682e-02
1.217666762777034819e+03	2.465783438426100427e-01	1.585855433198471165e-01	2.588518357320304109e-01	1.548864406429442675e-01	7.306725735497870966e-02	3.010925737830023874e-02	7.792132172904735199e-02
1.219118093841131440e+03	2.463855861079150000e-01	1.584522516367591616e-01	2.589921968875149028e-01	1.549679634580242160e-01	7.309753668593334253e-02	3.013097481674914882e-02	7.797349040686248067e-02
1.220569424905228061e+03	2.461931656141396751e-01	1.583191751177457363e-01	2.591323125904039237e-01	1.550493479322948565e-01	7.312776309579799294e-02	3.015266514635192921e-02	7.802557050302408315e-02
1.222020755969324682e+03	2.460010816969078196e-01	1.581863134774146307e-01	2.592721832560896944e-01	1.551305943135831422e-01	7.315793671630820005e-02	3.017432836730031542e-02	7.807756217215446048e-02
1.223472087033421303e+03	2.458093336937279272e-01	1.580536664302242267e-01	2.594118092992788172e-01	1.552117028491531991e-01	7.318805767868755141e-02	3.019596448006339057e-02	7.812946556862311598e-02
1.224923418097517697e+03	2.456179209439840194e-01	1.579212336904889658e-01	2.595511911339938305e-01	1.552926737857091566e-01	7.321812611365038914e-02	3.021757348538539611e-02	7.818128084654647758e-02
1.226374749161614318e+03	2.454268427889262638e-01	1.577890149723846502e-01	2.596903291735739305e-01	1.553735073693977842e-01	7.324814215140457163e-02	3.023915538428352187e-02	7.823300815978746769e-02
1.227826080225710712e+03	2.452360985716619812e-01	1.576570099899536614e-01	2.598292238306760260e-01	1.554542038458112951e-01	7.327810592165423520e-02	3.026071017804570981e-02	7.828464766195521174e-02
1.229277411289807560e+03	2.450456876371462367e-01	1.575252184571102887e-01	2.599678755172759037e-01	1.555347634599900108e-01	7.330801755360244476e-02	3.028223786822849956e-02	7.833619950640480223e-02
1.230728742353903954e+03	2.448556093321730409e-01	1.573936400876456143e-01	2.601062846446689503e-01	1.556151864564249143e-01	7.333787717595391387e-02	3.030373845665486690e-02	7.838766384623689631e-02
1.232180073418000802e+03	2.446658630053661632e-01	1.572622745952328982e-01	2.602444516234714289e-01	1.556954730790604535e-01	7.336768491691768312e-02	3.032521194541209358e-02	7.843904083429753538e-02
1.233631404482097196e+03	2.444764480071703050e-01	1.571311216934324906e-01	2.603823768636213121e-01	1.557756235712968729e-01	7.339744090420977085e-02	3.034665833684962663e-02	7.849033062317789522e-02
1.235082735546193817e+03	2.442873636898421352e-01	1.570001810956969113e-01	2.605200607743794472e-01	1.558556381759929887e-01	7.342714526505579598e-02	3.036807763357696893e-02	7.854153336521400852e-02
1.236534066610290438e+03	2.440986094074415191e-01	1.568694525153757346e-01	2.606575037643305559e-01	1.559355171354686043e-01	7.345679812619364257e-02	3.038946983846158023e-02	7.859264921248657054e-02
1.237985397674387059e+03	2.439101845158227477e-01	1.567389356657206689e-01	2.607947062413841222e-01	1.560152606915071183e-01	7.348639961387602726e-02	3.041083495462680239e-02	7.864367831682070320e-02
1.239436728738483680e+03	2.437220883726259058e-01	1.566086302598901914e-01	2.609316686127754470e-01	1.560948690853579124e-01	7.351594985387313597e-02	3.043217298544978813e-02	7.869462082978584405e-02
1.240888059802580301e+03	2.435343203372681287e-01	1.564785360109545165e-01	2.610683912850666477e-01	1.561743425577387934e-01	7.354544897147514970e-02	3.045348393455942979e-02	7.874547690269549649e-02
1.242339390866676695e+03	2.433468797709350817e-01	1.563486526319004255e-01	2.612048746641477681e-01	1.562536813488385468e-01	7.357489709149486745e-02	3.047476780583433312e-02	7.879624668660711873e-02
1.243790721930773088e+03	2.431597660365724944e-01	1.562189798356358461e-01	2.613411191552376667e-01	1.563328856983191850e-01	7.360429433827016255e-02	3.049602460340078078e-02	7.884693033232197112e-02
1.245242052994869937e+03	2.429729784988776675e-01	1.560895173349947374e-01	2.614771251628850712e-01	1.564119558453184178e-01	7.363364083566659168e-02	3.051725433163072349e-02	7.889752799038493580e-02
1.246693384058966330e+03	2.427865165242910350e-01	1.559602648427414473e-01	2.616128930909695782e-01	1.564908920284519278e-01	7.366293670707987906e-02	3.053845699513976775e-02	7.894803981108447499e-02
1.248144715123063179e+03	2.426003794809878933e-01	1.558312220715756813e-01	2.617484233427026519e-01	1.565696944858158690e-01	7.369218207543841437e-02	3.055963259878519828e-02	7.899846594445249226e-02
1.249596046187159800e+03	2.424145667388700465e-01	1.557023887341366375e-01	2.618837163206286789e-01	1.566483634549889203e-01	7.372137706320570916e-02	3.058078114766400041e-02	7.904880654026420761e-02
1.251047377251256421e+03	2.422290776695577019e-01	1.555737645430079474e-01	2.620187724266258567e-01	1.567268991730347283e-01	7.375052179238292260e-02	3.060190264711089986e-02	7.909906174803821299e-02
1.252498708315352815e+03	2.420439116463811435e-01	1.554453492107218393e-01	2.621535920619073590e-01	1.568053018765041273e-01	7.377961638451126236e-02	3.062299710269640943e-02	7.914923171703622251e-02
1.253950039379449436e+03	2.418590680443727936e-01	1.553171424497636344e-01	2.622881756270221132e-01	1.568835718014373604e-01	7.380866096067444093e-02	3.064406452022489652e-02	7.919931659626315568e-02
1.255401370443546057e+03	2.416745462402589972e-01	1.551891439725762156e-01	2.624225235218560770e-01	1.569617091833662992e-01	7.383765564150107652e-02	3.066510490573266107e-02	7.924931653446706803e-02
1.256852701507642678e+03	2.414903456124521952e-01	1.550613534915642744e-01	2.625566361456330711e-01	1.570397142573166094e-01	7.386660054716712165e-02	3.068611826548602733e-02	7.929923168013909562e-02
1.258304032571739299e+03	2.413064655410427917e-01	1.549337707190987234e-01	2.626905138969157227e-01	1.571175872578099708e-01	7.389549579739826402e-02	3.070710460597944613e-02	7.934906218151345503e-02
1.259755363635835920e+03	2.411229054077913825e-01	1.548063953675207771e-01	2.628241571736066318e-01	1.571953284188661593e-01	7.392434151147227184e-02	3.072806393393361785e-02	7.939880818656747108e-02
1.261206694699932314e+03	2.409396645961209560e-01	1.546792271491463644e-01	2.629575663729492585e-01	1.572729379740051836e-01	7.395313780822138083e-02	3.074899625629360506e-02	7.944846984302152137e-02
1.262658025764028707e+03	2.407567424911090104e-01	1.545522657762700980e-01	2.630907418915290341e-01	1.573504161562493953e-01	7.398188480603461181e-02	3.076990158022699373e-02	7.949804729833910566e-02
1.264109356828125556e+03	2.405741384794798932e-01	1.544255109611695764e-01	2.632236841252741377e-01	1.574277631981255421e-01	7.401058262286014378e-02	3.079077991312203361e-02	7.954754069972685970e-02
1.265560687892221949e+03	2.403918519495970851e-01	1.542989624161094919e-01	2.633563934694567732e-01	1.575049793316669056e-01	7.403923137620760375e-02	3.081163126258580978e-02	7.959695019413458306e-02
1.267012018956318798e+03	2.402098822914555121e-01	1.541726198533454883e-01	2.634888703186939463e-01	1.575820647884151882e-01	7.406783118315037051e-02	3.083245563644242473e-02	7.964627592825532232e-02
1.268463350020415419e+03	2.400282288966742728e-01	1.540464829851284079e-01	2.636211150669484637e-01	1.576590197994227061e-01	7.409638216032787827e-02	3.085325304273118380e-02	7.969551804852538501e-02
1.269914681084511813e+03	2.398468911584886731e-01	1.539205515237081767e-01	2.637531281075301548e-01	1.577358445952542210e-01	7.412488442394789268e-02	3.087402348970480839e-02	7.974467670112442286e-02
1.271366012148608434e+03	2.396658684717431487e-01	1.537948251813376077e-01	2.638849098330965925e-01	1.578125394059890774e-01	7.415333808978877284e-02	3.089476698582762845e-02	7.979375203197557054e-02
1.272817343212705055e+03	2.394851602328836038e-01	1.536693036702765636e-01	2.640164606356542598e-01	1.578891044612230621e-01	7.418174327320170569e-02	3.091548353977384075e-02	7.984274418674543183e-02
1.274268674276801676e+03	2.393047658399501953e-01	1.535439867027956207e-01	2.641477809065595483e-01	1.579655399900702917e-01	7.421010008911292644e-02	3.093617316042572910e-02	7.989165331084423227e-02
1.275720005340898297e+03	2.391246846925699221e-01	1.534188739911799271e-01	2.642788710365195359e-01	1.580418462211653219e-01	7.423840865202598061e-02	3.095683585687191916e-02	7.994047954942597178e-02
1.277171336404994690e+03	2.389449161919493803e-01	1.532939652477331161e-01	2.644097314155932077e-01	1.581180233826648684e-01	7.426666907602390288e-02	3.097747163840565074e-02	7.998922304738845246e-02
1.278622667469091539e+03	2.387654597408675472e-01	1.531692601847808866e-01	2.645403624331923997e-01	1.581940717022497500e-01	7.429488147477143756e-02	3.099808051452303259e-02	8.003788394937344508e-02
1.280073998533187932e+03	2.385863147436687592e-01	1.530447585146747502e-01	2.646707644780828539e-01	1.582699914071268310e-01	7.432304596151718956e-02	3.101866249492134589e-02	8.008646239976682790e-02
1.281525329597284326e+03	2.384074806062553009e-01	1.529204599497958617e-01	2.648009379383848838e-01	1.583457827240307425e-01	7.435116264909576167e-02	3.103921758949734419e-02	8.013495854269875318e-02
1.282976660661381175e+03	2.382289567360804938e-01	1.527963642025584323e-01	2.649308832015745963e-01	1.584214458792258251e-01	7.437923164993000269e-02	3.105974580834555340e-02	8.018337252204373045e-02
1.284427991725477568e+03	2.380507425421417578e-01	1.526724709854134499e-01	2.650606006544850568e-01	1.584969810985078220e-01	7.440725307603306138e-02	3.108024716175659952e-02	8.023170448142080691e-02
1.285879322789574417e+03	2.378728374349735331e-01	1.525487800108523417e-01	2.651900906833070670e-01	1.585723886072058220e-01	7.443522703901053750e-02	3.110072166021553286e-02	8.027995456419378950e-02
1.287330653853671038e+03	2.376952408266402583e-01	1.524252909914103060e-01	2.653193536735899971e-01	1.586476686301839800e-01	7.446315365006260512e-02	3.112116931440018011e-02	8.032812291347132816e-02
1.288781984917767431e+03	2.375179521307297092e-01	1.523020036396699195e-01	2.654483900102430627e-01	1.587228213918431829e-01	7.449103301998610815e-02	3.114159013517949631e-02	8.037620967210717948e-02
1.290233315981864052e+03	2.373409707623460041e-01	1.521789176682646072e-01	2.655772000775361574e-01	1.587978471161229366e-01	7.451886525917665594e-02	3.116198413361193423e-02	8.042421498270031777e-02
