1.001418434226643626e+03	2.795107411309665779e-01	1.809913985513580958e-01	2.349287419289567969e-01	1.410469217473128978e-01	6.788801828752967504e-02	2.657864427014747927e-02	6.905553408348226452e-02
1.002869765290740247e+03	2.792592332735558402e-01	1.808229535736166071e-01	2.351105445039096964e-01	1.411522284343673383e-01	6.792811875534879307e-02	2.660427931371152008e-02	6.912264214524403705e-02
1.004321096354836754e+03	2.790081890435243683e-01	1.806547605874723461e-01	2.352920317105538228e-01	1.412573501543575583e-01	6.796813909066704018e-02	2.662989260709732603e-02	6.918963680608140876e-02
1.005772427418933376e+03	2.787576073330249593e-01	1.804868194360518263e-01	2.354732040786218783e-01	1.413622873081466780e-01	6.800807954569512703e-02	2.665548406672005322e-02	6.925651823149331365e-02
1.007223758483029997e+03	2.785074870387931334e-01	1.803191299605024500e-01	2.356540621370010469e-01	1.414670402947471595e-01	6.804794037142526675e-02	2.668105360988756031e-02	6.932328658739722593e-02
1.008675089547126618e+03	2.782578270621165473e-01	1.801516920000143795e-01	2.358346064137340214e-01	1.415716095113413453e-01	6.808772181763855791e-02	2.670660115479416702e-02	6.938994204011476874e-02
1.010126420611223239e+03	2.780086263088049625e-01	1.799845053918424087e-01	2.360148374360200585e-01	1.416759953533017480e-01	6.812742413291231203e-02	2.673212662051448196e-02	6.945648475635786412e-02
1.011577751675319632e+03	2.777598836891596590e-01	1.798175699713278342e-01	2.361947557302159217e-01	1.417801982142109229e-01	6.816704756462735326e-02	2.675762992699722356e-02	6.952291490321498013e-02
1.013029082739416367e+03	2.775115981179441249e-01	1.796508855719197439e-01	2.363743618218368536e-01	1.418842184858811195e-01	6.820659235897520711e-02	2.678311099505913118e-02	6.958923264813766940e-02
1.014480413803512761e+03	2.772637685143544695e-01	1.794844520251965836e-01	2.365536562355577965e-01	1.419880565583735987e-01	6.824605876096530299e-02	2.680856974637888315e-02	6.965543815892734358e-02
1.015931744867609382e+03	2.770163938019895578e-01	1.793182691608870560e-01	2.367326394952141422e-01	1.420917128200177848e-01	6.828544701443210740e-02	2.683400610349105306e-02	6.972153160372231151e-02
1.017383075931706003e+03	2.767694729088225336e-01	1.791523368068911881e-01	2.369113121238029251e-01	1.421951876574300000e-01	6.832475736204217387e-02	2.685941998978012835e-02	6.978751315098508101e-02
1.018834406995802851e+03	2.765230047671715652e-01	1.789866547893010640e-01	2.370896746434838498e-01	1.422984814555319222e-01	6.836399004530122059e-02	2.688481132947453597e-02	6.985338296948984116e-02
1.020285738059899245e+03	2.762769883136714788e-01	1.788212229324214753e-01	2.372677275755801507e-01	1.424015945975688757e-01	6.840314530456116648e-02	2.691018004764073393e-02	6.991914122831020817e-02
1.021737069123995752e+03	2.760314224892449486e-01	1.786560410587901826e-01	2.374454714405798139e-01	1.425045274651277061e-01	6.844222337902695907e-02	2.693552607017731665e-02	6.998478809680719337e-02
1.023188400188092373e+03	2.757863062390747411e-01	1.784911089891982605e-01	2.376229067581364374e-01	1.426072804381545156e-01	6.848122450676358275e-02	2.696084932380917593e-02	7.005032374461743483e-02
1.024639731252188767e+03	2.755416385125755707e-01	1.783264265427100537e-01	2.378000340470703411e-01	1.427098538949720663e-01	6.852014892470287277e-02	2.698614973608168613e-02	7.011574834164156778e-02
1.026091062316285615e+03	2.752974182633663447e-01	1.781619935366831053e-01	2.379768538253695664e-01	1.428122482122970160e-01	6.855899686865032927e-02	2.701142723535493451e-02	7.018106205803287256e-02
1.027542393380382237e+03	2.750536444492427957e-01	1.779978097867877529e-01	2.381533666101909585e-01	1.429144637652566552e-01	6.859776857329186184e-02	2.703668175079798619e-02	7.024626506418617244e-02
1.028993724444478858e+03	2.748103160321500593e-01	1.778338751070267232e-01	2.383295729178610822e-01	1.430165009274057819e-01	6.863646427220057578e-02	2.706191321238318043e-02	7.031135753072680072e-02
1.030445055508575479e+03	2.745674319781556405e-01	1.776701893097544505e-01	2.385054732638773323e-01	1.431183600707429948e-01	6.867508419784339180e-02	2.708712155088047885e-02	7.037633962849994262e-02
1.031896386572671872e+03	2.743249912574226013e-01	1.775067522056961999e-01	2.386810681629090436e-01	1.432200415657268744e-01	6.871362858158769349e-02	2.711230669785183109e-02	7.044121152856004653e-02
1.033347717636768493e+03	2.740829928441828600e-01	1.773435636039671082e-01	2.388563581287982962e-01	1.433215457812919424e-01	6.875209765370790538e-02	2.713746858564557510e-02	7.050597340216055442e-02
1.034799048700865114e+03	2.738414357167109903e-01	1.771806233120910845e-01	2.390313436745611364e-01	1.434228730848643718e-01	6.879049164339209876e-02	2.716260714739090684e-02	7.057062542074367395e-02
1.036250379764961508e+03	2.736003188572976308e-01	1.770179311360193242e-01	2.392060253123886315e-01	1.435240238423774461e-01	6.882881077874843101e-02	2.718772231699232919e-02	7.063516775593053909e-02
1.037701710829058356e+03	2.733596412522238395e-01	1.768554868801489321e-01	2.393804035536477304e-01	1.436249984182867423e-01	6.886705528681164035e-02	2.721281402912419448e-02	7.069960057951132915e-02
1.039153041893154750e+03	2.731194018917349475e-01	1.766932903473412142e-01	2.395544789088824567e-01	1.437257971755852848e-01	6.890522539354945741e-02	2.723788221922524011e-02	7.076392406343581798e-02
1.040604372957251599e+03	2.728795997700154130e-01	1.765313413389398289e-01	2.397282518878149360e-01	1.438264204758182285e-01	6.894332132386897516e-02	2.726292682349317972e-02	7.082813837980388161e-02
1.042055704021347992e+03	2.726402338851631191e-01	1.763696396547888290e-01	2.399017229993463396e-01	1.439268686790975138e-01	6.898134330162301875e-02	2.728794777887931858e-02	7.089224370085638049e-02
1.043507035085444613e+03	2.724013032391641720e-01	1.762081850932505356e-01	2.400748927515580222e-01	1.440271421441162158e-01	6.901929154961639057e-02	2.731294502308321756e-02	7.095624019896604184e-02
1.044958366149541234e+03	2.721628068378681431e-01	1.760469774512231911e-01	2.402477616517124381e-01	1.441272412281627002e-01	6.905716628961214298e-02	2.733791849454737105e-02	7.102012804662863332e-02
1.046409697213637855e+03	2.719247436909630888e-01	1.758860165241585283e-01	2.404203302062544179e-01	1.442271662871345284e-01	6.909496774233780947e-02	2.736286813245193683e-02	7.108390741645431721e-02
1.047861028277734476e+03	2.716871128119511258e-01	1.757253021060791176e-01	2.405925989208119731e-01	1.443269176755523908e-01	6.913269612749155246e-02	2.738779387670949028e-02	7.114757848115904615e-02
1.049312359341831097e+03	2.714499132181238394e-01	1.755648339895956034e-01	2.407645683001974624e-01	1.444264957465734300e-01	6.917035166374833899e-02	2.741269566795981674e-02	7.121114141355625038e-02
1.050763690405927491e+03	2.712131439305381919e-01	1.754046119659238567e-01	2.409362388484086182e-01	1.445259008520047572e-01	6.920793456876593586e-02	2.743757344756472469e-02	7.127459638654863594e-02
1.052215021470024112e+03	2.709768039739927081e-01	1.752446358249017677e-01	2.411076110686295459e-01	1.446251333423165530e-01	6.924544505919108528e-02	2.746242715760292483e-02	7.133794357312016332e-02
1.053666352534120733e+03	2.707408923770032727e-01	1.750849053550060930e-01	2.412786854632318900e-01	1.447241935666550572e-01	6.928288335066540293e-02	2.748725674086489879e-02	7.140118314632808161e-02
1.055117683598217127e+03	2.705054081717798709e-01	1.749254203433691646e-01	2.414494625337758049e-01	1.448230818728553637e-01	6.932024965783144255e-02	2.751206214084783719e-02	7.146431527929532346e-02
1.056569014662313975e+03	2.702703503942027741e-01	1.747661805757951548e-01	2.416199427810109268e-01	1.449217986074539943e-01	6.935754419433858009e-02	2.753684330175058120e-02	7.152734014520284456e-02
1.058020345726410369e+03	2.700357180837997251e-01	1.746071858367765905e-01	2.417901267048775393e-01	1.450203441157013606e-01	6.939476717284887020e-02	2.756160016846861613e-02	7.159025791728218513e-02
1.059471676790506763e+03	2.698015102837225121e-01	1.744484359095105075e-01	2.419600148045076282e-01	1.451187187415739210e-01	6.943191880504301361e-02	2.758633268658909621e-02	7.165306876880825349e-02
1.060923007854603611e+03	2.695677260407243203e-01	1.742899305759143258e-01	2.421296075782259083e-01	1.452169228277863655e-01	6.946899930162608872e-02	2.761104080238589720e-02	7.171577287309210957e-02
1.062374338918700232e+03	2.693343644051367503e-01	1.741316696166420042e-01	2.422989055235507949e-01	1.453149567158034394e-01	6.950600887233333858e-02	2.763572446281469322e-02	7.177837040347399833e-02
1.063825669982796853e+03	2.691014244308477243e-01	1.739736528110996105e-01	2.424679091371955975e-01	1.454128207458516842e-01	6.954294772593595797e-02	2.766038361550807873e-02	7.184086153331646629e-02
1.065277001046893474e+03	2.688689051752786163e-01	1.738158799374610319e-01	2.426366189150694630e-01	1.455105152569309279e-01	6.957981607024672777e-02	2.768501820877070779e-02	7.190324643599767251e-02
1.066728332110990095e+03	2.686368056993624354e-01	1.736583507726834064e-01	2.428050353522785421e-01	1.456080405868257766e-01	6.961661411212577422e-02	2.770962819157448548e-02	7.196552528490475498e-02
1.068179663175086489e+03	2.684051250675217881e-01	1.735010650925224440e-01	2.429731589431269323e-01	1.457053970721168268e-01	6.965334205748610619e-02	2.773421351355376263e-02	7.202769825342737742e-02
1.069630994239183110e+03	2.681738623476468963e-01	1.733440226715476651e-01	2.431409901811177610e-01	1.458025850481916297e-01	6.969000011129927730e-02	2.775877412500059316e-02	7.208976551495138718e-02
1.071082325303279504e+03	2.679430166110742251e-01	1.731872232831574709e-01	2.433085295589543506e-01	1.458996048492557374e-01	6.972658847760090928e-02	2.778330997685999129e-02	7.215172724285261185e-02
1.072533656367376352e+03	2.677125869325646113e-01	1.730306666995941045e-01	2.434757775685411074e-01	1.459964568083433611e-01	6.976310735949622921e-02	2.780782102072523743e-02	7.221358361049078078e-02
1.073984987431472746e+03	2.674825723902821695e-01	1.728743526919582774e-01	2.436427347009846589e-01	1.460931412573280019e-01	6.979955695916555125e-02	2.783230720883321865e-02	7.227533479120354376e-02
1.075436318495569594e+03	2.672529720657733643e-01	1.727182810302240745e-01	2.438094014465949921e-01	1.461896585269329141e-01	6.983593747786971673e-02	2.785676849405977623e-02	7.233698095830065622e-02
1.076887649559666215e+03	2.670237850439455274e-01	1.725624514832533041e-01	2.439757782948864251e-01	1.462860089467414304e-01	6.987224911595549259e-02	2.788120482991511551e-02	7.239852228505819220e-02
1.078338980623762609e+03	2.667950104130464295e-01	1.724068638188100411e-01	2.441418657345786614e-01	1.463821928452071208e-01	6.990849207286102540e-02	2.790561617053921237e-02	7.245995894471303489e-02
1.079790311687859230e+03	2.665666472646435192e-01	1.722515178035747552e-01	2.443076642535979004e-01	1.464782105496636455e-01	6.994466654712110099e-02	2.793000247069727174e-02	7.252129111045726995e-02
1.081241642751955851e+03	2.663386946936034949e-01	1.720964132031585769e-01	2.444731743390778644e-01	1.465740623863349690e-01	6.998077273637248741e-02	2.795436368577521383e-02	7.258251895543287036e-02
1.082692973816052472e+03	2.661111517980718211e-01	1.719415497821173422e-01	2.446383964773608533e-01	1.466697486803447137e-01	7.001681083735919464e-02	2.797869977177518119e-02	7.264364265272642285e-02
1.084144304880149093e+03	2.658840176794525778e-01	1.717869273039652478e-01	2.448033311539988821e-01	1.467652697557260688e-01	7.005278104593777588e-02	2.800301068531107357e-02	7.270466237536390985e-02
1.085595635944245487e+03	2.656572914423886989e-01	1.716325455311889514e-01	2.449679788537546254e-01	1.468606259354310606e-01	7.008868355708242071e-02	2.802729638360411737e-02	7.276557829630567187e-02
1.087046967008342108e+03	2.654309721947417100e-01	1.714784042252610607e-01	2.451323400606025549e-01	1.469558175413399892e-01	7.012451856489024249e-02	2.805155682447847340e-02	7.282639058844148083e-02
1.088498298072438729e+03	2.652050590475725222e-01	1.713245031466535395e-01	2.452964152577300494e-01	1.470508448942705881e-01	7.016028626258632994e-02	2.807579196635685490e-02	7.288709942458565516e-02
1.089949629136535123e+03	2.649795511151213367e-01	1.711708420548513077e-01	2.454602049275383391e-01	1.471457083139871280e-01	7.019598684252893739e-02	2.810000176825617688e-02	7.294770497747228577e-02
1.091400960200631971e+03	2.647544475147886600e-01	1.710174207083654807e-01	2.456237095516437263e-01	1.472404081192093539e-01	7.023162049621446690e-02	2.812418618978325749e-02	7.300820741975062866e-02
1.092852291264728365e+03	2.645297473671159305e-01	1.708642388647463872e-01	2.457869296108784185e-01	1.473349446276212282e-01	7.026718741428256143e-02	2.814834519113050548e-02	7.306860692398051138e-02
1.094303622328825213e+03	2.643054497957664228e-01	1.707112962805968637e-01	2.459498655852918880e-01	1.474293181558798405e-01	7.030268778652111472e-02	2.817247873307167361e-02	7.312890366262787822e-02
1.095754953392921607e+03	2.640815539275061519e-01	1.705585927115848555e-01	2.461125179541516772e-01	1.475235290196237892e-01	7.033812180187121177e-02	2.819658677695762242e-02	7.318909780806041876e-02
1.097206284457018228e+03	2.638580588921853320e-01	1.704061279124565731e-01	2.462748871959446473e-01	1.476175775334817031e-01	7.037348964843209709e-02	2.822066928471210837e-02	7.324918953254326570e-02
1.098657615521114849e+03	2.636349638227196146e-01	1.702539016370490099e-01	2.464369737883779499e-01	1.477114640110806232e-01	7.040879151346608744e-02	2.824472621882761700e-02	7.330917900823487321e-02
1.100108946585211470e+03	2.634122678550715468e-01	1.701019136383024599e-01	2.465987782083801372e-01	1.478051887650542184e-01	7.044402758340341519e-02	2.826875754236119614e-02	7.336906640718283967e-02
1.101560277649308091e+03	2.631899701282322535e-01	1.699501636682731187e-01	2.467603009321021612e-01	1.478987521070508626e-01	7.047919804384712716e-02	2.829276321893035157e-02	7.342885190131993867e-02
1.103011608713404712e+03	2.629680697842031734e-01	1.697986514781453793e-01	2.469215424349185395e-01	1.479921543477417112e-01	7.051430307957785859e-02	2.831674321270892178e-02	7.348853566246020541e-02
1.104462939777501106e+03	2.627465659679781296e-01	1.696473768182440445e-01	2.470825031914283543e-01	1.480853957968286116e-01	7.054934287455863484e-02	2.834069748842303615e-02	7.354811786229502324e-02
1.105914270841597499e+03	2.625254578275250661e-01	1.694963394380465116e-01	2.472431836754563628e-01	1.481784767630517918e-01	7.058431761193960374e-02	2.836462601134704872e-02	7.360759867238943210e-02
1.107365601905694348e+03	2.623047445137686173e-01	1.693455390861948184e-01	2.474035843600540241e-01	1.482713975541976315e-01	7.061922747406278178e-02	2.838852874729953096e-02	7.366697826417843709e-02
1.108816932969790741e+03	2.620844251805721781e-01	1.691949755105074948e-01	2.475637057175006095e-01	1.483641584771061839e-01	7.065407264246673091e-02	2.841240566263927847e-02	7.372625680896337241e-02
1.110268264033887590e+03	2.618644989847205284e-01	1.690446484579913589e-01	2.477235482193042293e-01	1.484567598376787534e-01	7.068885329789123539e-02	2.843625672426134537e-02	7.378543447790841814e-02
1.111719595097984211e+03	2.616449650859024034e-01	1.688945576748532573e-01	2.478831123362029432e-01	1.485492019408851117e-01	7.072356962028190919e-02	2.846008189959310306e-02	7.384451144203715844e-02
1.113170926162080832e+03	2.614258226466931734e-01	1.687447029065116955e-01	2.480423985381657592e-01	1.486414850907709639e-01	7.075822178879484503e-02	2.848388115659032313e-02	7.390348787222916771e-02
1.114622257226177226e+03	2.612070708325377466e-01	1.685950838976081889e-01	2.482014072943938554e-01	1.487336095904649436e-01	7.079280998180109696e-02	2.850765446373330556e-02	7.396236393921676311e-02
1.116073588290273847e+03	2.609887088117336940e-01	1.684457003920188656e-01	2.483601390733214953e-01	1.488255757421858283e-01	7.082733437689131550e-02	2.853140179002298590e-02	7.402113981358172945e-02
1.117524919354370468e+03	2.607707357554143179e-01	1.682965521328654845e-01	2.485185943426171384e-01	1.489173838472494515e-01	7.086179515088020242e-02	2.855512310497712591e-02	7.407981566575222443e-02
1.118976250418467089e+03	2.605531508375316663e-01	1.681476388625268437e-01	2.486767735691845227e-01	1.490090342060756412e-01	7.089619247981102101e-02	2.857881837862648669e-02	7.413839166599968389e-02
1.120427581482563710e+03	2.603359532348404892e-01	1.679989603226497707e-01	2.488346772191637468e-01	1.491005271181950198e-01	7.093052653896002313e-02	2.860248758151104007e-02	7.419686798443576869e-02
1.121878912546660331e+03	2.601191421268813087e-01	1.678505162541600315e-01	2.489923057579323529e-01	1.491918628822556381e-01	7.096479750284089005e-02	2.862613068467620772e-02	7.425524479100947817e-02
1.123330243610756725e+03	2.599027166959641533e-01	1.677023063972733208e-01	2.491496596501063254e-01	1.492830417960296641e-01	7.099900554520915952e-02	2.864974765966913500e-02	7.431352225550422186e-02
1.124781574674853118e+03	2.596866761271523494e-01	1.675543304915059484e-01	2.493067393595412296e-01	1.493740641564199334e-01	7.103315083906654170e-02	2.867333847853496473e-02	7.437170054753505788e-02
1.126232905738949967e+03	2.594710196082465892e-01	1.674065882756855805e-01	2.494635453493332655e-01	1.494649302594663054e-01	7.106723355666529074e-02	2.869690311381313877e-02	7.442977983654588958e-02
1.127684236803046360e+03	2.592557463297687215e-01	1.672590794879617870e-01	2.496200780818203235e-01	1.495556404003521578e-01	7.110125386951249293e-02	2.872044153853375512e-02	7.448776029180682878e-02
1.129135567867143209e+03	2.590408554849461531e-01	1.671118038658165050e-01	2.497763380185830662e-01	1.496461948734105485e-01	7.113521194837439665e-02	2.874395372621391109e-02	7.454564208241153123e-02
1.130586898931239830e+03	2.588263462696958062e-01	1.669647611460745307e-01	2.499323256204459831e-01	1.497365939721304329e-01	7.116910796328061728e-02	2.876743965085408819e-02	7.460342537727465695e-02
1.132038229995336451e+03	2.586122178826088525e-01	1.668179510649137332e-01	2.500880413474784736e-01	1.498268379891627700e-01	7.120294208352839771e-02	2.879089928693457159e-02	7.466111034512938616e-02
1.133489561059432845e+03	2.583984695249349484e-01	1.666713733578752410e-01	2.502434856589958456e-01	1.499169272163266287e-01	7.123671447768678555e-02	2.881433260941185237e-02	7.471869715452492122e-02
1.134940892123529466e+03	2.581851004005669137e-01	1.665250277598735729e-01	2.503986590135607315e-01	1.500068619446150442e-01	7.127042531360086586e-02	2.883773959371511292e-02	7.477618597382416910e-02
1.136392223187626087e+03	2.579721097160255772e-01	1.663789140052066573e-01	2.505535618689834210e-01	1.500966424642009300e-01	7.130407475839582732e-02	2.886112021574267772e-02	7.483357697120131269e-02
1.137843554251722708e+03	2.577594966804446219e-01	1.662330318275657970e-01	2.507081946823238039e-01	1.501862690644428788e-01	7.133766297848112559e-02	2.888447445185853002e-02	7.489087031463965982e-02
1.139294885315819101e+03	2.575472605055555975e-01	1.660873809600454110e-01	2.508625579098917591e-01	1.502757420338909078e-01	7.137119013955460500e-02	2.890780227888882850e-02	7.494806617192931175e-02
1.140746216379915950e+03	2.573354004056728206e-01	1.659419611351528878e-01	2.510166520072486529e-01	1.503650616602920376e-01	7.140465640660650926e-02	2.893110367411845171e-02	7.500516471066509538e-02
1.142197547444012343e+03	2.571239155976786650e-01	1.657967720848181337e-01	2.511704774292082276e-01	1.504542282305959822e-01	7.143806194392357534e-02	2.895437861528757373e-02	7.506216609824432895e-02
1.143648878508108737e+03	2.569128053010091284e-01	1.656518135404031755e-01	2.513240346298376005e-01	1.505432420309605335e-01	7.147140691509298871e-02	2.897762708058824327e-02	7.511907050186486523e-02
1.145100209572205586e+03	2.567020687376388999e-01	1.655070852327116537e-01	2.514773240624584294e-01	1.506321033467570569e-01	7.150469148300644950e-02	2.900084904866100446e-02	7.517587808852302378e-02
1.146551540636302207e+03	2.564917051320669827e-01	1.653625868919982589e-01	2.516303461796480789e-01	1.507208124625758483e-01	7.153791580986409993e-02	2.902404449859153843e-02	7.523258902501167578e-02
1.148002871700398828e+03	2.562817137113026500e-01	1.652183182479779466e-01	2.517831014332405637e-01	1.508093696622314073e-01	7.157108005717846555e-02	2.904721340990730830e-02	7.528920347791828727e-02
1.149454202764495449e+03	2.560720937048508450e-01	1.650742790298351803e-01	2.519355902743273812e-01	1.508977752287676555e-01	7.160418438577834110e-02	2.907035576257424939e-02	7.534572161362303178e-02
1.150905533828591842e+03	2.558628443446980816e-01	1.649304689662330903e-01	2.520878131532591770e-01	1.509860294444631545e-01	7.163722895581273176e-02	2.909347153699346974e-02	7.540214359829704172e-02
1.152356864892688463e+03	2.556539648652986219e-01	1.647868877853224667e-01	2.522397705196463003e-01	1.510741325908361854e-01	7.167021392675466951e-02	2.911656071399796805e-02	7.545846959790056263e-02
1.153808195956785084e+03	2.554454545035604873e-01	1.646435352147508357e-01	2.523914628223601353e-01	1.511620849486497165e-01	7.170313945740509898e-02	2.913962327484937581e-02	7.551469977818128787e-02
1.155259527020881706e+03	2.552373124988314701e-01	1.645004109816712301e-01	2.525428905095338794e-01	1.512498867979163442e-01	7.173600570589665215e-02	2.916265920123474811e-02	7.557083430467265162e-02
1.156710858084978327e+03	2.550295380928857547e-01	1.643575148127510432e-01	2.526940540285639303e-01	1.513375384179033722e-01	7.176881282969743703e-02	2.918566847526331623e-02	7.562687334269216355e-02
1.158162189149074720e+03	2.548221305299098738e-01	1.642148464341807446e-01	2.528449538261108853e-01	1.514250400871375024e-01	7.180156098561486788e-02	2.920865107946332695e-02	7.568281705733984066e-02
1.159613520213171569e+03	2.546150890564896074e-01	1.640724055716825391e-01	2.529955903481004853e-01	1.515123920834096638e-01	7.183425032979932900e-02	2.923160699677885416e-02	7.573866561349665294e-02
1.161064851277267962e+03	2.544084129215964385e-01	1.639301919505188054e-01	2.531459640397246136e-01	1.515995946837796482e-01	7.186688101774790782e-02	2.925453621056666592e-02	7.579441917582299681e-02
1.162516182341364356e+03	2.542021013765741744e-01	1.637882052955008105e-01	2.532960753454427394e-01	1.516866481645809395e-01	7.189945320430814191e-02	2.927743870459308118e-02	7.585007790875723799e-02
1.163967513405461204e+03	2.539961536751258464e-01	1.636464453309968703e-01	2.534459247089825285e-01	1.517735528014251545e-01	7.193196704368162719e-02	2.930031446303086456e-02	7.590564197651424039e-02
1.165418844469557826e+03	2.537905690733005537e-01	1.635049117809408148e-01	2.535955125733412308e-01	1.518603088692067338e-01	7.196442268942769560e-02	2.932316347045614904e-02	7.596111154308404778e-02
1.166870175533654447e+03	2.535853468294803070e-01	1.633636043688402040e-01	2.537448393807866243e-01	1.519469166421072437e-01	7.199682029446703713e-02	2.934598571184536889e-02	7.601648677223045436e-02
1.168321506597751068e+03	2.533804862043677053e-01	1.632225228177844600e-01	2.538939055728580141e-01	1.520333763935999838e-01	7.202916001108526645e-02	2.936878117257220311e-02	7.607176782748970023e-02
1.169772837661847461e+03	2.531759864609722799e-01	1.630816668504530276e-01	2.540427115903673427e-01	1.521196883964543167e-01	7.206144199093654501e-02	2.939154983840455704e-02	7.612695487216923629e-02
1.171224168725944082e+03	2.529718468645984486e-01	1.629410361891232562e-01	2.541912578734004113e-01	1.522058529227399981e-01	7.209366638504713376e-02	2.941429169550155778e-02	7.618204806934644746e-02
1.172675499790040703e+03	2.527680666828327483e-01	1.628006305556786437e-01	2.543395448613177678e-01	1.522918702438313676e-01	7.212583334381889033e-02	2.943700673041056357e-02	7.623704758186740371e-02
1.174126830854137097e+03	2.525646451855310670e-01	1.626604496716163029e-01	2.544875729927556507e-01	1.523777406304116511e-01	7.215794301703280789e-02	2.945969493006419734e-02	7.629195357234576369e-02
1.175578161918233945e+03	2.523615816448064320e-01	1.625204932580550654e-01	2.546353427056273766e-01	1.524634643524771238e-01	7.218999555385248457e-02	2.948235628177741166e-02	7.634676620316158124e-02
1.177029492982330339e+03	2.521588753350166301e-01	1.623807610357430598e-01	2.547828544371241732e-01	1.525490416793412463e-01	7.222199110282760681e-02	2.950499077324454655e-02	7.640148563646020907e-02
1.178480824046426733e+03	2.519565255327519959e-01	1.622412527250654268e-01	2.549301086237164005e-01	1.526344728796386607e-01	7.225392981189734942e-02	2.952759839253642909e-02	7.645611203415124402e-02
1.179932155110523581e+03	2.517545315168233100e-01	1.621019680460519530e-01	2.550771057011543275e-01	1.527197582213292992e-01	7.228581182839383112e-02	2.955017912809748681e-02	7.651064555790745847e-02
1.181383486174620202e+03	2.515528925682494199e-01	1.619629067183843141e-01	2.552238461044695206e-01	1.528048979717022693e-01	7.231763729904555627e-02	2.957273296874287499e-02	7.656508636916381505e-02
1.182834817238716823e+03	2.513516079702456940e-01	1.618240684614038472e-01	2.553703302679756759e-01	1.528898923973798230e-01	7.234940636998068997e-02	2.959525990365562478e-02	7.661943462911646741e-02
1.184286148302813444e+03	2.511506770082119200e-01	1.616854529941187391e-01	2.555165586252698406e-01	1.529747417643212426e-01	7.238111918673047207e-02	2.961775992238382255e-02	7.667369049872181652e-02
1.185737479366910065e+03	2.509500989697204809e-01	1.615470600352114372e-01	2.556625316092333011e-01	1.530594463378266434e-01	7.241277589423256167e-02	2.964023301483778572e-02	7.672785413869565030e-02
1.187188810431006686e+03	2.507498731445048090e-01	1.614088893030456440e-01	2.558082496520328597e-01	1.531440063825408038e-01	7.244437663683434003e-02	2.966267917128727338e-02	7.678192570951214435e-02
1.188640141495103080e+03	2.505499988244476173e-01	1.612709405156738662e-01	2.559537131851216674e-01	1.532284221624568010e-01	7.247592155829618576e-02	2.968509838235871071e-02	7.683590537140308485e-02
1.190091472559199701e+03	2.503504753035694641e-01	1.611332133908441044e-01	2.560989226392404450e-01	1.533126939409198142e-01	7.250741080179472220e-02	2.970749063903243767e-02	7.688979328435702199e-02
1.191542803623296322e+03	2.501513018780171516e-01	1.609957076460070968e-01	2.562438784444184270e-01	1.533968219806307598e-01	7.253884450992614807e-02	2.972985593263996473e-02	7.694358960811845116e-02
1.192994134687392716e+03	2.499524778460525953e-01	1.608584229983233138e-01	2.563885810299744716e-01	1.534808065436499003e-01	7.257022282470940167e-02	2.975219425486124933e-02	7.699729450218703586e-02
1.194445465751489564e+03	2.497540025080414172e-01	1.607213591646698136e-01	2.565330308245182267e-01	1.535646478914002577e-01	7.260154588758938043e-02	2.977450559772200703e-02	7.705090812581691373e-02
1.195896796815585958e+03	2.495558751664417318e-01	1.605845158616469870e-01	2.566772282559508511e-01	1.536483462846714443e-01	7.263281383944011904e-02	2.979678995359101579e-02	7.710443063801587782e-02
1.197348127879682352e+03	2.493580951257930722e-01	1.604478928055854403e-01	2.568211737514664583e-01	1.537319019836228540e-01	7.266402682056802287e-02	2.981904731517744794e-02	7.715786219754473818e-02
1.198799458943779200e+03	2.491606616927053430e-01	1.603114897125526572e-01	2.569648677375530044e-01	1.538153152477872432e-01	7.269518497071492114e-02	2.984127767552823343e-02	7.721120296291666962e-02
1.200250790007875821e+03	2.489635741758478849e-01	1.601753062983596321e-01	2.571083106399932316e-01	1.538985863360741446e-01	7.272628842906125879e-02	2.986348102802542301e-02	7.726445309239649006e-02
1.201702121071972442e+03	2.487668318859386218e-01	1.600393422785674480e-01	2.572515028838658901e-01	1.539817155067732257e-01	7.275733733422919125e-02	2.988565736638356882e-02	7.731761274400014705e-02
1.203153452136069063e+03	2.485704341357333202e-01	1.599035973684937717e-01	2.573944448935467366e-01	1.540647030175574805e-01	7.278833182428562365e-02	2.990780668464714312e-02	7.737068207549401000e-02
1.204604783200165684e+03	2.483743802400147360e-01	1.597680712832194039e-01	2.575371370927095338e-01	1.541475491254867269e-01	7.281927203674538884e-02	2.992992897718794315e-02	7.742366124439435671e-02
1.206056114264262078e+03	2.481786695155820954e-01	1.596327637375945518e-01	2.576795799043272162e-01	1.542302540870107430e-01	7.285015810857416174e-02	2.995202423870254455e-02	7.747655040796676273e-02
1.207507445328358699e+03	2.479833012812405479e-01	1.594976744462452412e-01	2.578217737506728335e-01	1.543128181579724589e-01	7.288099017619160958e-02	2.997409246420974782e-02	7.752934972322568508e-02
1.208958776392455093e+03	2.477882748577906469e-01	1.593628031235795051e-01	2.579637190533205504e-01	1.543952415936111766e-01	7.291176837547433398e-02	2.999613364904805263e-02	7.758205934693382377e-02
1.210410107456551941e+03	2.475935895680179966e-01	1.592281494837937683e-01	2.581054162331469226e-01	1.544775246485657338e-01	7.294249284175886860e-02	3.001814778887314933e-02	7.763467943560171947e-02
1.211861438520648335e+03	2.473992447366828440e-01	1.590937132408787036e-01	2.582468657103317855e-01	1.545596675768775574e-01	7.297316370984467671e-02	3.004013487965542101e-02	7.768721014548722603e-02
1.213312769584745183e+03	2.472052396905099758e-01	1.589594941086256707e-01	2.583880679043591977e-01	1.546416706319937162e-01	7.300378111399706549e-02	3.006209491767747669e-02	7.773965163259514977e-02
1.214764100648841804e+03	2.470115737581784487e-01	1.588254918006324623e-01	2.585290232340187178e-01	1.547235340667700298e-01	7.303434518795018371e-02	3.008402789953168455e-02	7.779200405267672203e-02
1.216215431712937971e+03	2.468182462703115143e-01	1.586917060303095206e-01	2.586697321174062369e-01	1.548052581334740663e-01	7.306485606490986662e-02	3.010593382211771557e-02	7.784426756122928004e-02
1.217666762777034819e+03	2.466252565594666823e-01	1.585581365108856278e-01	2.588101949719253114e-01	1.548868430837880561e-01	7.309531387755656417e-02	3.012781268264014267e-02	7.789644231349583670e-02
1.219118093841131440e+03	2.464326039601255625e-01	1.584247829554139564e-01	2.589504122142878839e-01	1.549682891688117792e-01	7.312571875804825539e-02	3.014966447860600862e-02	7.794852846446471972e-02
1.220569424905228061e+03	2.462402878086842328e-01	1.582916450767778149e-01	2.590903842605155605e-01	1.550495966390656732e-01	7.315607083802326549e-02	3.017148920782243560e-02	7.800052616886925250e-02
1.222020755969324682e+03	2.460483074434432760e-01	1.581587225876963376e-01	2.592301115259404432e-01	1.551307657444934707e-01	7.318637024860311091e-02	3.019328686839425208e-02	7.805243558118739322e-02
1.223472087033421303e+03	2.458566622045981198e-01	1.580260152007302576e-01	2.593695944252063512e-01	1.552117967344651961e-01	7.321661712039534420e-02	3.021505745872161627e-02	7.810425685564142961e-02
1.224923418097517697e+03	2.456653514342293232e-01	1.578935226282875415e-01	2.595088333722698759e-01	1.552926898577798864e-01	7.324681158349635735e-02	3.023680097749768467e-02	7.815599014619768747e-02
1.226374749161614318e+03	2.454743744762930557e-01	1.577612445826289123e-01	2.596478287804012686e-01	1.553734453626684497e-01	7.327695376749417122e-02	3.025851742370627012e-02	7.820763560656626701e-02
1.227826080225710712e+03	2.452837306766115499e-01	1.576291807758734842e-01	2.597865810621855509e-01	1.554540634967963297e-01	7.330704380147116950e-02	3.028020679661952083e-02	7.825919339020079302e-02
1.229277411289807560e+03	2.450934193828636087e-01	1.574973309200041749e-01	2.599250906295236252e-01	1.555345445072662813e-01	7.333708181400692971e-02	3.030186909579564089e-02	7.831066365029813736e-02
1.230728742353903954e+03	2.449034399445752519e-01	1.573656947268731177e-01	2.600633578936333290e-01	1.556148886406210075e-01	7.336706793318091557e-02	3.032350432107657964e-02	7.836204653979822465e-02
1.232180073418000802e+03	2.447137917131104179e-01	1.572342719082071294e-01	2.602013832650501568e-01	1.556950961428459346e-01	7.339700228657516923e-02	3.034511247258577654e-02	7.841334221138379634e-02
1.233631404482097196e+03	2.445244740416616935e-01	1.571030621756129841e-01	2.603391671536288698e-01	1.557751672593717107e-01	7.342688500127707296e-02	3.036669355072590601e-02	7.846455081748023030e-02
1.235082735546193817e+03	2.443354862852411269e-01	1.569720652405825478e-01	2.604767099685439402e-01	1.558551022350768700e-01	7.345671620388199985e-02	3.038824755617663270e-02	7.851567251025538818e-02
1.236534066610290438e+03	2.441468278006711512e-01	1.568412808144982462e-01	2.606140121182909386e-01	1.559349013142903861e-01	7.348649602049597829e-02	3.040977448989238413e-02	7.856670744161940723e-02
1.237985397674387059e+03	2.439584979465754810e-01	1.567107086086380330e-01	2.607510740106875335e-01	1.560145647407943092e-01	7.351622457673839817e-02	3.043127435310015449e-02	7.861765576322457538e-02
1.239436728738483680e+03	2.437704960833701751e-01	1.565803483341806634e-01	2.608878960528743796e-01	1.560940927578262083e-01	7.354590199774457826e-02	3.045274714729729812e-02	7.866851762646519253e-02
1.240888059802580301e+03	2.435828215732547264e-01	1.564501997022106350e-01	2.610244786513163939e-01	1.561734856080816136e-01	7.357552840816838913e-02	3.047419287424935411e-02	7.871929318247748719e-02
1.242339390866676695e+03	2.433954737802031254e-01	1.563202624237232941e-01	2.611608222118034228e-01	1.562527435337165704e-01	7.360510393218490377e-02	3.049561153598787794e-02	7.876998258213940840e-02
1.243790721930773088e+03	2.432084520699551999e-01	1.561905362096297212e-01	2.612969271394517401e-01	1.563318667763501368e-01	7.363462869349297890e-02	3.051700313480829388e-02	7.882058597607065342e-02
1.245242052994869937e+03	2.430217558100077058e-01	1.560610207707617270e-01	2.614327938387046024e-01	1.564108555770666598e-01	7.366410281531776683e-02	3.053836767326775781e-02	7.887110351463251512e-02
1.246693384058966330e+03	2.428353843696058889e-01	1.559317158178767371e-01	2.615684227133336370e-01	1.564897101764183007e-01	7.369352642041332446e-02	3.055970515418303390e-02	7.892153534792782643e-02
1.248144715123063179e+03	2.426493371197346594e-01	1.558026210616625939e-01	2.617038141664397299e-01	1.565684308144273673e-01	7.372289963106513910e-02	3.058101558062838524e-02	7.897188162580094650e-02
1.249596046187159800e+03	2.424636134331102366e-01	1.556737362127422752e-01	2.618389686004540251e-01	1.566470177305885614e-01	7.375222256909261254e-02	3.060229895593348515e-02	7.902214249783766353e-02
1.251047377251256421e+03	2.422782126841714900e-01	1.555450609816786678e-01	2.619738864171390902e-01	1.567254711638714493e-01	7.378149535585167007e-02	3.062355528368133906e-02	7.907231811336522254e-02
1.252498708315352815e+03	2.420931342490717231e-01	1.554165950789793138e-01	2.621085680175896937e-01	1.568037913527226823e-01	7.381071811223710588e-02	3.064478456770620973e-02	7.912240862145224207e-02
1.253950039379449436e+03	2.419083775056701524e-01	1.552883382151010183e-01	2.622430138022340818e-01	1.568819785350682450e-01	7.383989095868515040e-02	3.066598681209157379e-02	7.917241417090876976e-02
1.255401370443546057e+03	2.417239418335236090e-01	1.551602901004543733e-01	2.623772241708349218e-01	1.569600329483158141e-01	7.386901401517594057e-02	3.068716202116807470e-02	7.922233491028626839e-02
1.256852701507642678e+03	2.415398266138784056e-01	1.550324504454083652e-01	2.625111995224903572e-01	1.570379548293568961e-01	7.389808740123593456e-02	3.070831019951152097e-02	7.927217098787760208e-02
1.258304032571739299e+03	2.413560312296620936e-01	1.549048189602948711e-01	2.626449402556347845e-01	1.571157444145690474e-01	7.392711123594029876e-02	3.072943135194084949e-02	7.932192255171711948e-02
1.259755363635835920e+03	2.411725550654754135e-01	1.547773953554131554e-01	2.627784467680402969e-01	1.571934019398180671e-01	7.395608563791539192e-02	3.075052548351614456e-02	7.937158974958065383e-02
1.261206694699932314e+03	2.409893975075840244e-01	1.546501793410341996e-01	2.629117194568172944e-01	1.572709276404601897e-01	7.398501072534113820e-02	3.077159259953663947e-02	7.942117272898560620e-02
1.262658025764028707e+03	2.408065579439107318e-01	1.545231706274052264e-01	2.630447587184158720e-01	1.573483217513441945e-01	7.401388661595338647e-02	3.079263270553877357e-02	7.947067163719097327e-02
1.264109356828125556e+03	2.406240357640272998e-01	1.543963689247537796e-01	2.631775649486265967e-01	1.574255845068135429e-01	7.404271342704631109e-02	3.081364580729420780e-02	7.952008662119741667e-02
1.265560687892221949e+03	2.404418303591469019e-01	1.542697739432922210e-01	2.633101385425815066e-01	1.575027161407085152e-01	7.407149127547475731e-02	3.083463191080789562e-02	7.956941782774740179e-02
1.267012018956318798e+03	2.402599411221159331e-01	1.541433853932218934e-01	2.634424798947553881e-01	1.575797168863681819e-01	7.410022027765655883e-02	3.085559102231614712e-02	7.961866540332518394e-02
1.268463350020415419e+03	2.400783674474063767e-01	1.540172029847373392e-01	2.635745893989664412e-01	1.576565869766325678e-01	7.412890054957488317e-02	3.087652314828471731e-02	7.966782949415701642e-02
1.269914681084511813e+03	2.398971087311080608e-01	1.538912264280304365e-01	2.637064674483775573e-01	1.577333266438446513e-01	7.415753220678054924e-02	3.089742829540690142e-02	7.971691024621120614e-02
1.271366012148608434e+03	2.397161643709209977e-01	1.537654554332945622e-01	2.638381144354972063e-01	1.578099361198524453e-01	7.418611536439428944e-02	3.091830647060163015e-02	7.976590780519821067e-02
1.272817343212705055e+03	2.395355337661477513e-01	1.536398897107285610e-01	2.639695307521806589e-01	1.578864156360109128e-01	7.421465013710906722e-02	3.093915768101161701e-02	7.981482231657083259e-02
1.274268674276801676e+03	2.393552163176858871e-01	1.535145289705408811e-01	2.641007167896307073e-01	1.579627654231839373e-01	7.424313663919233919e-02	3.095998193400146398e-02	7.986365392552427500e-02
1.275720005340898297e+03	2.391752114280203956e-01	1.533893729229535707e-01	2.642316729383987206e-01	1.580389857117464047e-01	7.427157498448826167e-02	3.098077923715582618e-02	7.991240277699633576e-02
1.277171336404994690e+03	2.389955185012162531e-01	1.532644212782061643e-01	2.643623995883859767e-01	1.581150767315860906e-01	7.429996528641999443e-02	3.100154959827756962e-02	7.996106901566756020e-02
1.278622667469091539e+03	2.388161369429111225e-01	1.531396737465595959e-01	2.644928971288441621e-01	1.581910387121055195e-01	7.432830765799187944e-02	3.102229302538593581e-02	8.000965278596137986e-02
1.280073998533187932e+03	2.386370661603078591e-01	1.530151300383002233e-01	2.646231659483769816e-01	1.582668718822239640e-01	7.435660221179167528e-02	3.104300952671473074e-02	8.005815423204429293e-02
1.281525329597284326e+03	2.384583055621672387e-01	1.528907898637434093e-01	2.647532064349404357e-01	1.583425764703792760e-01	7.438484905999273589e-02	3.106369911071051731e-02	8.010657349782604464e-02
1.282976660661381175e+03	2.382798545588008243e-01	1.527666529332375456e-01	2.648830189758445974e-01	1.584181527045298576e-01	7.441304831435620326e-02	3.108436178603083549e-02	8.015491072695979380e-02
1.284427991725477568e+03	2.381017125620635277e-01	1.526427189571676335e-01	2.650126039577542225e-01	1.584936008121563822e-01	7.444120008623320017e-02	3.110499756154240514e-02	8.020316606284233485e-02
1.285879322789574417e+03	2.379238789853466429e-01	1.525189876459591698e-01	2.651419617666896378e-01	1.585689210202637367e-01	7.446930448656693957e-02	3.112560644631937046e-02	8.025133964861423663e-02
1.287330653853671038e+03	2.377463532435707128e-01	1.523954587100817548e-01	2.652710927880279623e-01	1.586441135553828263e-01	7.449736162589488953e-02	3.114618844964154795e-02	8.029943162716013383e-02
1.288781984917767431e+03	2.375691347531784514e-01	1.522721318600526452e-01	2.653999974065040512e-01	1.587191786435722951e-01	7.452537161435092428e-02	3.116674358099267433e-02	8.034744214110885185e-02
1.290233315981864052e+03	2.373922229321277222e-01	1.521490068064404733e-01	2.655286760062114948e-01	1.587941165104204688e-01	7.455333456166743367e-02	3.118727185005867528e-02	8.039537133283368442e-02
