1.001418434226643626e+03	2.795442907552982414e-01	1.809781656938649064e-01	2.348987498032972243e-01	1.410639616721880429e-01	6.790610482986901564e-02	2.657682224367365759e-02	6.903190500156131115e-02
1.002869765290740247e+03	2.792931537422752575e-01	1.808095426441045650e-01	2.350802432038968659e-01	1.411693133296368641e-01	6.794633956646642381e-02	2.660258591603931883e-02	6.909882159733306273e-02
1.004321096354836754e+03	2.790424791845014241e-01	1.806411720663086418e-01	2.352614216980820072e-01	1.412744786950926035e-01	6.798649421377192525e-02	2.662832892655351766e-02	6.916562521544220021e-02
1.005772427418933376e+03	2.787922659634041733e-01	1.804730538138185902e-01	2.354422858165321764e-01	1.413794581763925529e-01	6.802656902761208824e-02	2.665405117867832366e-02	6.923231602331444967e-02
1.007223758483029997e+03	2.785425129652531195e-01	1.803051877377729317e-01	2.356228360890655071e-01	1.414842521795149355e-01	6.806656426253812620e-02	2.667975257687395588e-02	6.929889418873382001e-02
1.008675089547126618e+03	2.782932190811261974e-01	1.801375736871323463e-01	2.358030730446399048e-01	1.415888611085989734e-01	6.810648017183387748e-02	2.670543302659182661e-02	6.936535987982923868e-02
1.010126420611223239e+03	2.780443832068758003e-01	1.799702115087047360e-01	2.359829972113540730e-01	1.416932853659648162e-01	6.814631700752370180e-02	2.673109243426767881e-02	6.943171326506152041e-02
1.011577751675319632e+03	2.777960042430950294e-01	1.798031010471699276e-01	2.361626091164489016e-01	1.417975253521329138e-01	6.818607502038034895e-02	2.675673070731470274e-02	6.949795451321055806e-02
1.013029082739416367e+03	2.775480810950844424e-01	1.796362421451040969e-01	2.363419092863083548e-01	1.419015814658433627e-01	6.822575445993268872e-02	2.678234775411675317e-02	6.956408379336274928e-02
1.014480413803512761e+03	2.773006126728190801e-01	1.794696346430041389e-01	2.365208982464606924e-01	1.420054541040747798e-01	6.826535557447349634e-02	2.680794348402155969e-02	6.963010127489864531e-02
1.015931744867609382e+03	2.770535978909159369e-01	1.793032783793117035e-01	2.366995765215796632e-01	1.421091436620630366e-01	6.830487861106715464e-02	2.683351780733402026e-02	6.969600712748090510e-02
1.017383075931706003e+03	2.768070356686011535e-01	1.791371731904369546e-01	2.368779446354856155e-01	1.422126505333195512e-01	6.834432381555721747e-02	2.685907063530950170e-02	6.976180152104237420e-02
1.018834406995802851e+03	2.765609249296783201e-01	1.789713189107822178e-01	2.370560031111466348e-01	1.423159751096495229e-01	6.838369143257407023e-02	2.688460188014720614e-02	6.982748462577446913e-02
1.020285738059899245e+03	2.763152646024958914e-01	1.788057153727653781e-01	2.372337524706796819e-01	1.424191177811696962e-01	6.842298170554242387e-02	2.691011145498355822e-02	6.989305661211576981e-02
1.021737069123995752e+03	2.760700536199163779e-01	1.786403624068430840e-01	2.374111932353517029e-01	1.425220789363259855e-01	6.846219487668879500e-02	2.693559927388565131e-02	6.995851765074080630e-02
1.023188400188092373e+03	2.758252909192843161e-01	1.784752598415336733e-01	2.375883259255809066e-01	1.426248589619108220e-01	6.850133118704895829e-02	2.696106525184471109e-02	7.002386791254908149e-02
1.024639731252188767e+03	2.755809754423954594e-01	1.783104075034398772e-01	2.377651510609377628e-01	1.427274582430801686e-01	6.854039087647531558e-02	2.698650930476963888e-02	7.008910756865428804e-02
1.026091062316285615e+03	2.753371061354658589e-01	1.781458052172714968e-01	2.379416691601461686e-01	1.428298771633704223e-01	6.857937418364423721e-02	2.701193134948053770e-02	7.015423679037373350e-02
1.027542393380382237e+03	2.750936819491013874e-01	1.779814528058677181e-01	2.381178807410847531e-01	1.429321161047149291e-01	6.861828134606332008e-02	2.703733130370234231e-02	7.021925574921801527e-02
1.028993724444478858e+03	2.748507018382673750e-01	1.778173500902190951e-01	2.382937863207877927e-01	1.430341754474603599e-01	6.865711260007867356e-02	2.706270908605843198e-02	7.028416461688079264e-02
1.030445055508575479e+03	2.746081647622583555e-01	1.776534968894896427e-01	2.384693864154464882e-01	1.431360555703828086e-01	6.869586818088203872e-02	2.708806461606431959e-02	7.034896356522887806e-02
1.031896386572671872e+03	2.743660696846685898e-01	1.774898930210384584e-01	2.386446815404101585e-01	1.432377568507036403e-01	6.873454832251800484e-02	2.711339781412136149e-02	7.041365276629239778e-02
1.033347717636768493e+03	2.741244155733620902e-01	1.773265383004413165e-01	2.388196722101872393e-01	1.433392796641051459e-01	6.877315325789100375e-02	2.713870860151051945e-02	7.047823239225528558e-02
1.034799048700865114e+03	2.738832014004436433e-01	1.771634325415120115e-01	2.389943589384466160e-01	1.434406243847458906e-01	6.881168321877244309e-02	2.716399690038615033e-02	7.054270261544581810e-02
1.036250379764961508e+03	2.736424261422296667e-01	1.770005755563233973e-01	2.391687422380185946e-01	1.435417913852759797e-01	6.885013843580764514e-02	2.718926263376984440e-02	7.060706360832744166e-02
1.037701710829058356e+03	2.734020887792192323e-01	1.768379671552284260e-01	2.393428226208961784e-01	1.436427810368519908e-01	6.888851913852284126e-02	2.721450572554428085e-02	7.067131554348968225e-02
1.039153041893154750e+03	2.731621882960655334e-01	1.766756071468808253e-01	2.395166005982361235e-01	1.437435937091516847e-01	6.892682555533201361e-02	2.723972610044715290e-02	7.073545859363933319e-02
1.040604372957251599e+03	2.729227236815475743e-01	1.765134953382556104e-01	2.396900766803602423e-01	1.438442297703885764e-01	6.896505791354377857e-02	2.726492368406511352e-02	7.079949293159172596e-02
1.042055704021347992e+03	2.726836939285422479e-01	1.763516315346695951e-01	2.398632513767563756e-01	1.439446895873262300e-01	6.900321643936824234e-02	2.729009840282775254e-02	7.086341873026226479e-02
1.043507035085444613e+03	2.724450980339959694e-01	1.761900155398014312e-01	2.400361251960795583e-01	1.440449735252924135e-01	6.904130135792369005e-02	2.731525018400161875e-02	7.092723616265803055e-02
1.044958366149541234e+03	2.722069349988974207e-01	1.760286471557116761e-01	2.402086986461533791e-01	1.441450819481930046e-01	6.907931289324333035e-02	2.734037895568429410e-02	7.099094540186960678e-02
1.046409697213637855e+03	2.719692038282501834e-01	1.758675261828625547e-01	2.403809722339708965e-01	1.442450152185256462e-01	6.911725126828199839e-02	2.736548464679847831e-02	7.105454662106304442e-02
1.047861028277734476e+03	2.717319035310450936e-01	1.757066524201375823e-01	2.405529464656958605e-01	1.443447736973933193e-01	6.915511670492274776e-02	2.739056718708612892e-02	7.111803999347202088e-02
1.049312359341831097e+03	2.714950331202338751e-01	1.755460256648609940e-01	2.407246218466639887e-01	1.444443577445176929e-01	6.919290942398345634e-02	2.741562650710262922e-02	7.118142569239013784e-02
1.050763690405927491e+03	2.712585916127019936e-01	1.753856457128170621e-01	2.408959988813839381e-01	1.445437677182521419e-01	6.923062964522336271e-02	2.744066253821099768e-02	7.124470389116328850e-02
1.052215021470024112e+03	2.710225780292422892e-01	1.752255123582691365e-01	2.410670780735384988e-01	1.446430039755948749e-01	6.926827758734954710e-02	2.746567521257613220e-02	7.130787476318234397e-02
1.053666352534120733e+03	2.707869913945286089e-01	1.750656253939785467e-01	2.412378599259858702e-01	1.447420668722014803e-01	6.930585346802339841e-02	2.749066446315909240e-02	7.137093848187583967e-02
1.055117683598217127e+03	2.705518307370898268e-01	1.749059846112233363e-01	2.414083449407606330e-01	1.448409567623976657e-01	6.934335750386703967e-02	2.751563022371141323e-02	7.143389522070289765e-02
1.056569014662313975e+03	2.703170950892840319e-01	1.747465897998167761e-01	2.415785336190751365e-01	1.449396739991915817e-01	6.938078991046965627e-02	2.754057242876946018e-02	7.149674515314617673e-02
1.058020345726410369e+03	2.700827834872725486e-01	1.745874407481259050e-01	2.417484264613203870e-01	1.450382189342860895e-01	6.941815090239385200e-02	2.756549101364882265e-02	7.155948845270515557e-02
1.059471676790506763e+03	2.698488949709950679e-01	1.744285372430895709e-01	2.419180239670674082e-01	1.451365919180907516e-01	6.945544069318192182e-02	2.759038591443872465e-02	7.162212529288934648e-02
1.060923007854603611e+03	2.696154285841438902e-01	1.742698790702365275e-01	2.420873266350682118e-01	1.452347932997337943e-01	6.949265949536206910e-02	2.761525706799649801e-02	7.168465584721175898e-02
1.062374338918700232e+03	2.693823833741392781e-01	1.741114660137033365e-01	2.422563349632572138e-01	1.453328234270737374e-01	6.952980752045466450e-02	2.764010441194206941e-02	7.174708028918250213e-02
1.063825669982796853e+03	2.691497583921044212e-01	1.739532978562520760e-01	2.424250494487520946e-01	1.454306826467110236e-01	6.956688497897833834e-02	2.766492788465248556e-02	7.180939879230242850e-02
1.065277001046893474e+03	2.689175526928410109e-01	1.737953743792878814e-01	2.425934705878550479e-01	1.455283713039992877e-01	6.960389208045611453e-02	2.768972742525649053e-02	7.187161153005705572e-02
1.066728332110990095e+03	2.686857653348047603e-01	1.736376953628763209e-01	2.427615988760541410e-01	1.456258897430566801e-01	6.964082903342148911e-02	2.771450297362911333e-02	7.193371867591041857e-02
1.068179663175086489e+03	2.684543953800810900e-01	1.734802605857606317e-01	2.429294348080242028e-01	1.457232383067769421e-01	6.967769604542449480e-02	2.773925447038629727e-02	7.199572040329924039e-02
1.069630994239183110e+03	2.682234418943615362e-01	1.733230698253787894e-01	2.430969788776280727e-01	1.458204173368402301e-01	6.971449332303765456e-02	2.776398185687958126e-02	7.205761688562704881e-02
1.071082325303279504e+03	2.679929039469194918e-01	1.731661228578803835e-01	2.432642315779177389e-01	1.459174271737239681e-01	6.975122107186193521e-02	2.778868507519079503e-02	7.211940829625859695e-02
1.072533656367376352e+03	2.677627806105868924e-01	1.730094194581434097e-01	2.434311934011356149e-01	1.460142681567133394e-01	6.978787949653267320e-02	2.781336406812678907e-02	7.218109480851421511e-02
1.073984987431472746e+03	2.675330709617306235e-01	1.728529593997908398e-01	2.435978648387154277e-01	1.461109406239119168e-01	6.982446880072547268e-02	2.783801877921420267e-02	7.224267659566438460e-02
1.075436318495569594e+03	2.673037740802297058e-01	1.726967424552070252e-01	2.437642463812836890e-01	1.462074449122518216e-01	6.986098918716199258e-02	2.786264915269427017e-02	7.230415383092442250e-02
1.076887649559666215e+03	2.670748890494517025e-01	1.725407683955540172e-01	2.439303385186605833e-01	1.463037813575039647e-01	6.989744085761577519e-02	2.788725513351765842e-02	7.236552668744926364e-02
1.078338980623762609e+03	2.668464149562302934e-01	1.723850369907876656e-01	2.440961417398612998e-01	1.463999502942880671e-01	6.993382401291800554e-02	2.791183666733933200e-02	7.242679533832829808e-02
1.079790311687859230e+03	2.666183508908425148e-01	1.722295480096736886e-01	2.442616565330970602e-01	1.464959520560825679e-01	6.997013885296318736e-02	2.793639370051345314e-02	7.248795995658043056e-02
1.081241642751955851e+03	2.663906959469864444e-01	1.720743012198034105e-01	2.444268833857763668e-01	1.465917869752343672e-01	7.000638557671490236e-02	2.796092618008831632e-02	7.254902071514911233e-02
1.082692973816052472e+03	2.661634492217585524e-01	1.719192963876094715e-01	2.445918227845060855e-01	1.466874553829684569e-01	7.004256438221138914e-02	2.798543405380131410e-02	7.260997778689758098e-02
1.084144304880149093e+03	2.659366098156321079e-01	1.717645332783814260e-01	2.447564752150926948e-01	1.467829576093973853e-01	7.007867546657113589e-02	2.800991727007393767e-02	7.267083134460412819e-02
1.085595635944245487e+03	2.657101768324349744e-01	1.716100116562809808e-01	2.449208411625432846e-01	1.468782939835306667e-01	7.011471902599854256e-02	2.803437577800680508e-02	7.273158156095754778e-02
1.087046967008342108e+03	2.654841493793279050e-01	1.714557312843574266e-01	2.450849211110668890e-01	1.469734648332839400e-01	7.015069525578933318e-02	2.805880952737472428e-02	7.279222860855261157e-02
1.088498298072438729e+03	2.652585265667829484e-01	1.713016919245626823e-01	2.452487155440754851e-01	1.470684704854881841e-01	7.018660435033612088e-02	2.808321846862179075e-02	7.285277265988565620e-02
1.089949629136535123e+03	2.650333075085624102e-01	1.711478933377661993e-01	2.454122249441852144e-01	1.471633112658984888e-01	7.022244650313386183e-02	2.810760255285650253e-02	7.291321388735023945e-02
1.091400960200631971e+03	2.648084913216972036e-01	1.709943352837698105e-01	2.455754497932175484e-01	1.472579874992031856e-01	7.025822190678525370e-02	2.813196173184693422e-02	7.297355246323299072e-02
1.092852291264728365e+03	2.645840771264661440e-01	1.708410175213224691e-01	2.457383905722004269e-01	1.473524995090323697e-01	7.029393075300612026e-02	2.815629595801591445e-02	7.303378855970943384e-02
1.094303622328825213e+03	2.643600640463749651e-01	1.706879398081348476e-01	2.459010477613693679e-01	1.474468476179666143e-01	7.032957323263079596e-02	2.818060518443625193e-02	7.309392234883999029e-02
1.095754953392921607e+03	2.641364512081357807e-01	1.705351019008934932e-01	2.460634218401686613e-01	1.475410321475455200e-01	7.036514953561738561e-02	2.820488936482597880e-02	7.315395400256595460e-02
1.097206284457018228e+03	2.639132377416463782e-01	1.703825035552754552e-01	2.462255132872525898e-01	1.476350534182759577e-01	7.040065985105307955e-02	2.822914845354363225e-02	7.321388369270569185e-02
1.098657615521114849e+03	2.636904227799699574e-01	1.702301445259621626e-01	2.463873225804864009e-01	1.477289117496404791e-01	7.043610436715937173e-02	2.825338240558357764e-02	7.327371159095082132e-02
1.100108946585211470e+03	2.634680054593150911e-01	1.700780245666535517e-01	2.465488501969475554e-01	1.478226074601053375e-01	7.047148327129731937e-02	2.827759117657133864e-02	7.333343786886255267e-02
1.101560277649308091e+03	2.632459849190153522e-01	1.699261434300819440e-01	2.467100966129269490e-01	1.479161408671287592e-01	7.050679674997265001e-02	2.830177472275897249e-02	7.339306269786805004e-02
1.103011608713404712e+03	2.630243603015099962e-01	1.697745008680257572e-01	2.468710623039299668e-01	1.480095122871686875e-01	7.054204498884093788e-02	2.832593300102046949e-02	7.345258624925687929e-02
1.104462939777501106e+03	2.628031307523237547e-01	1.696230966313231059e-01	2.470317477446776766e-01	1.481027220356906926e-01	7.057722817271268323e-02	2.835006596884719759e-02	7.351200869417756634e-02
1.105914270841597499e+03	2.625822954200476844e-01	1.694719304698854012e-01	2.471921534091079120e-01	1.481957704271756882e-01	7.061234648555841931e-02	2.837417358434335055e-02	7.357133020363421094e-02
1.107365601905694348e+03	2.623618534563196825e-01	1.693210021327105907e-01	2.473522797703765208e-01	1.482886577751276191e-01	7.064740011051370838e-02	2.839825580622144102e-02	7.363055094848318383e-02
1.108816932969790741e+03	2.621418040158050577e-01	1.691703113678964809e-01	2.475121273008583644e-01	1.483813843920809561e-01	7.068238922988419326e-02	2.842231259379783201e-02	7.368967109942990701e-02
1.110268264033887590e+03	2.619221462561778790e-01	1.690198579226537545e-01	2.476716964721486780e-01	1.484739505896080780e-01	7.071731402515052389e-02	2.844634390698827162e-02	7.374869082702564804e-02
1.111719595097984211e+03	2.617028793381018237e-01	1.688696415433191267e-01	2.478309877550640417e-01	1.485663566783266276e-01	7.075217467697328400e-02	2.847034970630347994e-02	7.380761030166449466e-02
1.113170926162080832e+03	2.614840024252114148e-01	1.687196619753680848e-01	2.479900016196436019e-01	1.486586029679068388e-01	7.078697136519794542e-02	2.849432995284475675e-02	7.386642969358028776e-02
1.114622257226177226e+03	2.612655146840935916e-01	1.685699189634276007e-01	2.481487385351501818e-01	1.487506897670785866e-01	7.082170426885971148e-02	2.851828460829961692e-02	7.392514917284369325e-02
1.116073588290273847e+03	2.610474152842691131e-01	1.684204122512889257e-01	2.483071989700714188e-01	1.488426173836384370e-01	7.085637356618837424e-02	2.854221363493745361e-02	7.398376890935932926e-02
1.117524919354370468e+03	2.608297033981743507e-01	1.682711415819198864e-01	2.484653833921210420e-01	1.489343861244565859e-01	7.089097943461308837e-02	2.856611699560522577e-02	7.404228907286294903e-02
1.118976250418467089e+03	2.606123782011430245e-01	1.681221066974774303e-01	2.486232922682398150e-01	1.490259962954837425e-01	7.092552205076714522e-02	2.858999465372319762e-02	7.410070983291867919e-02
1.120427581482563710e+03	2.603954388713884405e-01	1.679733073393199216e-01	2.487809260645968412e-01	1.491174482017579850e-01	7.096000159049278833e-02	2.861384657328066086e-02	7.415903135891635523e-02
1.121878912546660331e+03	2.601788845899855040e-01	1.678247432480191037e-01	2.489382852465906459e-01	1.492087421474113385e-01	7.099441822884584863e-02	2.863767271883172968e-02	7.421725382006887084e-02
1.123330243610756725e+03	2.599627145408529572e-01	1.676764141633723115e-01	2.490953702788502588e-01	1.492998784356763531e-01	7.102877214010042128e-02	2.866147305549114968e-02	7.427537738540963830e-02
1.124781574674853118e+03	2.597469279107358364e-01	1.675283198244143235e-01	2.492521816252364630e-01	1.493908573688926822e-01	7.106306349775355635e-02	2.868524754893009981e-02	7.433340222379009044e-02
1.126232905738949967e+03	2.595315238891881537e-01	1.673804599694292683e-01	2.494087197488428775e-01	1.494816792485135215e-01	7.109729247452990786e-02	2.870899616537209154e-02	7.439132850387725204e-02
1.127684236803046360e+03	2.593165016685555213e-01	1.672328343359621716e-01	2.495649851119970952e-01	1.495723443751119375e-01	7.113145924238621631e-02	2.873271887158882973e-02	7.444915639415132513e-02
1.129135567867143209e+03	2.591018604439579986e-01	1.670854426608306409e-01	2.497209781762619318e-01	1.496628530483870567e-01	7.116556397251595778e-02	2.875641563489612570e-02	7.450688606290339910e-02
1.130586898931239830e+03	2.588875994132731062e-01	1.669382846801363840e-01	2.498766994024363974e-01	1.497532055671703943e-01	7.119960683535384027e-02	2.878008642314984836e-02	7.456451767823314702e-02
1.132038229995336451e+03	2.586737177771190610e-01	1.667913601292765335e-01	2.500321492505568899e-01	1.498434022294317935e-01	7.123358800058031404e-02	2.880373120474188919e-02	7.462205140804663295e-02
1.133489561059432845e+03	2.584602147388380122e-01	1.666446687429548046e-01	2.501873281798983606e-01	1.499334433322855875e-01	7.126750763712601244e-02	2.882734994859614125e-02	7.467948742005420248e-02
1.134940892123529466e+03	2.582470895044791104e-01	1.664982102551929022e-01	2.503422366489755357e-01	1.500233291719965112e-01	7.130136591317622063e-02	2.885094262416454045e-02	7.473682588176827624e-02
1.136392223187626087e+03	2.580343412827826866e-01	1.663519843993413183e-01	2.504968751155439710e-01	1.501130600439855023e-01	7.133516299617523315e-02	2.887450920142308960e-02	7.479406696050135139e-02
1.137843554251722708e+03	2.578219692851632106e-01	1.662059909080904618e-01	2.506512440366011063e-01	1.502026362428355855e-01	7.136889905283082258e-02	2.889804965086794838e-02	7.485121082336403109e-02
1.139294885315819101e+03	2.576099727256936922e-01	1.660602295134813167e-01	2.508053438683875425e-01	1.502920580622975899e-01	7.140257424911851392e-02	2.892156394351151974e-02	7.490825763726303987e-02
1.140746216379915950e+03	2.573983508210892501e-01	1.659146999469163775e-01	2.509591750663880405e-01	1.503813257952957561e-01	7.143618875028591442e-02	2.894505205087857455e-02	7.496520756889929471e-02
1.142197547444012343e+03	2.571871027906912910e-01	1.657694019391701135e-01	2.511127380853329094e-01	1.504704397339333699e-01	7.146974272085705737e-02	2.896851394500240401e-02	7.502206078476610085e-02
1.143648878508108737e+03	2.569762278564517444e-01	1.656243352203996266e-01	2.512660333791987277e-01	1.505594001694982031e-01	7.150323632463659318e-02	2.899194959842099281e-02	7.507881745114736161e-02
1.145100209572205586e+03	2.567657252429172421e-01	1.654794995201550045e-01	2.514190614012099534e-01	1.506482073924680920e-01	7.153666972471409147e-02	2.901535898417320972e-02	7.513547773411570485e-02
1.146551540636302207e+03	2.565555941772136306e-01	1.653348945673897286e-01	2.515718226038396454e-01	1.507368616925161275e-01	7.157004308346823218e-02	2.903874207579504665e-02	7.519204179953091483e-02
1.148002871700398828e+03	2.563458338890305388e-01	1.651905200904708049e-01	2.517243174388109073e-01	1.508253633585161235e-01	7.160335656257094117e-02	2.906209884731586826e-02	7.524850981303816966e-02
1.149454202764495449e+03	2.561364436106060016e-01	1.650463758171889783e-01	2.518765463570978302e-01	1.509137126785477512e-01	7.163661032299160902e-02	2.908542927325466834e-02	7.530488194006645930e-02
1.150905533828591842e+03	2.559274225767115274e-01	1.649024614747687245e-01	2.520285098089267151e-01	1.510019099399018683e-01	7.166980452500117116e-02	2.910873332861638185e-02	7.536115834582698958e-02
1.152356864892688463e+03	2.557187700246365547e-01	1.647587767898782696e-01	2.521802082437771264e-01	1.510899554290854041e-01	7.170293932817625726e-02	2.913201098888820728e-02	7.541733919531164176e-02
1.153808195956785084e+03	2.555104851941739641e-01	1.646153214886393323e-01	2.523316421103830032e-01	1.511778494318265775e-01	7.173601489140317422e-02	2.915526223003594639e-02	7.547342465329145988e-02
1.155259527020881706e+03	2.553025673276048679e-01	1.644720952966369498e-01	2.524828118567341018e-01	1.512655922330798652e-01	7.176903137288205559e-02	2.917848702850039944e-02	7.552941488431526296e-02
1.156710858084978327e+03	2.550950156696841775e-01	1.643290979389290807e-01	2.526337179300765512e-01	1.513531841170309422e-01	7.180198893013080286e-02	2.920168536119372923e-02	7.558531005270816006e-02
1.158162189149074720e+03	2.548878294676259482e-01	1.641863291400562919e-01	2.527843607769145184e-01	1.514406253671014835e-01	7.183488771998911004e-02	2.922485720549589799e-02	7.564111032257016254e-02
1.159613520213171569e+03	2.546810079710888908e-01	1.640437886240510568e-01	2.529347408430109856e-01	1.515279162659539658e-01	7.186772789862240496e-02	2.924800253925112156e-02	7.569681585777493504e-02
1.161064851277267962e+03	2.544745504321619389e-01	1.639014761144472476e-01	2.530848585733891931e-01	1.516150570954965249e-01	7.190050962152584602e-02	2.927112134076430977e-02	7.575242682196840771e-02
1.162516182341364356e+03	2.542684561053498715e-01	1.637593913342894059e-01	2.532347144123334171e-01	1.517020481368875351e-01	7.193323304352816638e-02	2.929421358879757270e-02	7.580794337856755494e-02
1.163967513405461204e+03	2.540627242475594905e-01	1.636175340061419847e-01	2.533843088033903568e-01	1.517888896705403001e-01	7.196589831879557364e-02	2.931727926256674430e-02	7.586336569075913250e-02
1.165418844469557826e+03	2.538573541180854098e-01	1.634759038520983421e-01	2.535336421893700232e-01	1.518755819761276604e-01	7.199850560083564943e-02	2.934031834173789557e-02	7.591869392149856732e-02
1.166870175533654447e+03	2.536523449785961781e-01	1.633345005937899275e-01	2.536827150123471819e-01	1.519621253325864341e-01	7.203105504250117974e-02	2.936333080642391721e-02	7.597392823350870850e-02
1.168321506597751068e+03	2.534476960931204004e-01	1.631933239523950807e-01	2.538315277136622417e-01	1.520485200181220242e-01	7.206354679599391577e-02	2.938631663718108827e-02	7.602906878927875867e-02
1.169772837661847461e+03	2.532434067280333045e-01	1.630523736486479691e-01	2.539800807339223088e-01	1.521347663102126380e-01	7.209598101286840421e-02	2.940927581500568655e-02	7.608411575106319158e-02
1.171224168725944082e+03	2.530394761520425861e-01	1.629116494028473860e-01	2.541283745130025751e-01	1.522208644856138660e-01	7.212835784403574813e-02	2.943220832133061626e-02	7.613906928088066961e-02
1.172675499790040703e+03	2.528359036361756962e-01	1.627711509348652441e-01	2.542764094900472616e-01	1.523068148203628180e-01	7.216067743976734006e-02	2.945511413802206699e-02	7.619392954051303068e-02
1.174126830854137097e+03	2.526326884537657413e-01	1.626308779641554014e-01	2.544241861034706731e-01	1.523926175897825364e-01	7.219293994969852579e-02	2.947799324737617258e-02	7.624869669150431684e-02
1.175578161918233945e+03	2.524298298804387164e-01	1.624908302097620716e-01	2.545717047909585862e-01	1.524782730684861032e-01	7.222514552283237910e-02	2.950084563211571517e-02	7.630337089515977500e-02
1.177029492982330339e+03	2.522273271941001260e-01	1.623510073903282058e-01	2.547189659894690261e-01	1.525637815303808320e-01	7.225729430754329607e-02	2.952367127538684313e-02	7.635795231254501048e-02
1.178480824046426733e+03	2.520251796749219952e-01	1.622114092241039029e-01	2.548659701352335993e-01	1.526491432486724031e-01	7.228938645158064502e-02	2.954647016075580279e-02	7.641244110448498772e-02
1.179932155110523581e+03	2.518233866053297132e-01	1.620720354289547360e-01	2.550127176637586035e-01	1.527343584958689160e-01	7.232142210207240240e-02	2.956924227220570842e-02	7.646683743156321156e-02
1.181383486174620202e+03	2.516219472699895432e-01	1.619328857223698570e-01	2.551592090098260268e-01	1.528194275437849137e-01	7.235340140552877497e-02	2.959198759413332255e-02	7.652114145412092228e-02
1.182834817238716823e+03	2.514208609557955221e-01	1.617939598214700458e-01	2.553054446074947692e-01	1.529043506635453242e-01	7.238532450784566918e-02	2.961470611134586067e-02	7.657535333225623519e-02
1.184286148302813444e+03	2.512201269518569702e-01	1.616552574430158984e-01	2.554514248901016416e-01	1.529891281255894298e-01	7.241719155430831334e-02	2.963739780905780621e-02	7.662947322582336351e-02
1.185737479366910065e+03	2.510197445494858903e-01	1.615167783034157090e-01	2.555971502902626979e-01	1.530737601996747244e-01	7.244900268959475476e-02	2.966006267288777767e-02	7.668350129443186891e-02
1.187188810431006686e+03	2.508197130421845888e-01	1.613785221187332419e-01	2.557426212398740684e-01	1.531582471548808000e-01	7.248075805777938474e-02	2.968270068885537835e-02	7.673743769744592602e-02
1.188640141495103080e+03	2.506200317256332966e-01	1.612404886046956698e-01	2.558878381701132909e-01	1.532425892596130379e-01	7.251245780233636640e-02	2.970531184337809813e-02	7.679128259398365630e-02
1.190091472559199701e+03	2.504206998976777343e-01	1.611026774767012060e-01	2.560328015114403666e-01	1.533267867816064112e-01	7.254410206614311796e-02	2.972789612326821179e-02	7.684503614291642026e-02
1.191542803623296322e+03	2.502217168583171225e-01	1.609650884498268208e-01	2.561775116935987029e-01	1.534108399879292872e-01	7.257569099148372671e-02	2.975045351572971550e-02	7.689869850286816522e-02
1.192994134687392716e+03	2.500230819096920798e-01	1.608277212388357358e-01	2.563219691456162797e-01	1.534947491449869250e-01	7.260722472005239070e-02	2.977298400835527714e-02	7.695226983221478689e-02
1.194445465751489564e+03	2.498247943560725770e-01	1.606905755581850004e-01	2.564661742958072033e-01	1.535785145185252498e-01	7.263870339295674938e-02	2.979548758912321446e-02	7.700575028908354658e-02
1.195896796815585958e+03	2.496268535038461411e-01	1.605536511220327922e-01	2.566101275717719843e-01	1.536621363736342949e-01	7.267012715072132534e-02	2.981796424639447662e-02	7.705914003135248824e-02
1.197348127879682352e+03	2.494292586615060037e-01	1.604169476442459663e-01	2.567538294003994248e-01	1.537456149747518375e-01	7.270149613329074390e-02	2.984041396890966050e-02	7.711243921664991119e-02
1.198799458943779200e+03	2.492320091396394155e-01	1.602804648384070496e-01	2.568972802078672291e-01	1.538289505856668682e-01	7.273281048003317484e-02	2.986283674578603733e-02	7.716564800235375943e-02
1.200250790007875821e+03	2.490351042509160451e-01	1.601442024178217072e-01	2.570404804196432802e-01	1.539121434695230883e-01	7.276407032974356592e-02	2.988523256651461762e-02	7.721876654559120534e-02
1.201702121071972442e+03	2.488385433100764321e-01	1.600081600955257088e-01	2.571834304604868615e-01	1.539951938888223237e-01	7.279527582064693192e-02	2.990760142095721247e-02	7.727179500323808070e-02
1.203153452136069063e+03	2.486423256339206078e-01	1.598723375842920624e-01	2.573261307544494336e-01	1.540781021054279110e-01	7.282642709040158813e-02	2.992994329934352271e-02	7.732473353191844645e-02
1.204604783200165684e+03	2.484464505412966595e-01	1.597367345966380636e-01	2.574685817248760222e-01	1.541608683805679725e-01	7.285752427610243942e-02	2.995225819226827318e-02	7.737758228800416249e-02
1.206056114264262078e+03	2.482509173530895730e-01	1.596013508448320406e-01	2.576107837944062728e-01	1.542434929748388861e-01	7.288856751428413050e-02	2.997454609068830184e-02	7.743034142761444361e-02
1.207507445328358699e+03	2.480557253922100192e-01	1.594661860409004317e-01	2.577527373849753389e-01	1.543259761482084214e-01	7.291955694092426554e-02	2.999680698591975295e-02	7.748301110661544311e-02
1.208958776392455093e+03	2.478608739835833075e-01	1.593312398966343912e-01	2.578944429178152697e-01	1.544083181600190424e-01	7.295049269144658621e-02	3.001904086963521484e-02	7.753559148061987816e-02
1.210410107456551941e+03	2.476663624541383668e-01	1.591965121235966174e-01	2.580359008134559540e-01	1.544905192689911277e-01	7.298137490072409417e-02	3.004124773386092351e-02	7.758808270498665505e-02
1.211861438520648335e+03	2.474721901327968376e-01	1.590620024331279858e-01	2.581771114917261745e-01	1.545725797332261064e-01	7.301220370308218743e-02	3.006342757097396970e-02	7.764048493482056390e-02
1.213312769584745183e+03	2.472783563504621640e-01	1.589277105363540721e-01	2.583180753717547740e-01	1.546544998102095947e-01	7.304297923230179679e-02	3.008558037369951643e-02	7.769279832497189009e-02
1.214764100648841804e+03	2.470848604400090742e-01	1.587936361441918132e-01	2.584587928719718208e-01	1.547362797568145321e-01	7.307370162162246663e-02	3.010770613510805119e-02	7.774502303003616444e-02
1.216215431712937971e+03	2.468917017362726729e-01	1.586597789673558079e-01	2.585992644101094418e-01	1.548179198293042069e-01	7.310437100374538033e-02	3.012980484861264505e-02	7.779715920435380239e-02
1.217666762777034819e+03	2.466988795760380049e-01	1.585261387163647839e-01	2.587394904032032095e-01	1.548994202833353651e-01	7.313498751083645499e-02	3.015187650796623958e-02	7.784920700200989585e-02
1.219118093841131440e+03	2.465063932980295358e-01	1.583927151015479817e-01	2.588794712675930865e-01	1.549807813739611240e-01	7.316555127452933904e-02	3.017392110725894416e-02	7.790116657683392176e-02
1.220569424905228061e+03	2.463142422429007161e-01	1.582595078330513161e-01	2.590192074189246463e-01	1.550620033556340538e-01	7.319606242592845147e-02	3.019593864091535407e-02	7.795303808239947840e-02
1.222020755969324682e+03	2.461224257532236559e-01	1.581265166208436213e-01	2.591586992721497396e-01	1.551430864822090361e-01	7.322652109561195166e-02	3.021792910369188248e-02	7.800482167202413275e-02
1.223472087033421303e+03	2.459309431734789386e-01	1.579937411747228126e-01	2.592979472415281594e-01	1.552240310069461782e-01	7.325692741363469540e-02	3.023989249067412372e-02	7.805651749876915679e-02
1.224923418097517697e+03	2.457397938500452406e-01	1.578611812043220208e-01	2.594369517406283632e-01	1.553048371825136997e-01	7.328728150953121856e-02	3.026182879727422337e-02	7.810812571543931937e-02
1.226374749161614318e+03	2.455489771311894220e-01	1.577288364191154479e-01	2.595757131823286379e-01	1.553855052609909027e-01	7.331758351231863757e-02	3.028373801922825889e-02	7.815964647458278902e-02
1.227826080225710712e+03	2.453584923670565354e-01	1.575967065284244462e-01	2.597142319788182108e-01	1.554660354938707800e-01	7.334783355049959153e-02	3.030562015259366526e-02	7.821107992849089807e-02
1.229277411289807560e+03	2.451683389096596666e-01	1.574647912414234574e-01	2.598525085415983038e-01	1.555464281320629305e-01	7.337803175206508710e-02	3.032747519374664330e-02	7.826242622919800385e-02
1.230728742353903954e+03	2.449785161128703037e-01	1.573330902671457310e-01	2.599905432814832440e-01	1.556266834258963339e-01	7.340817824449745455e-02	3.034930313937961657e-02	7.831368552848143316e-02
1.232180073418000802e+03	2.447890233324083453e-01	1.572016033144892355e-01	2.601283366086014626e-01	1.557068016251220710e-01	7.343827315477309547e-02	3.037110398649868134e-02	7.836485797786124641e-02
1.233631404482097196e+03	2.445998599258324968e-01	1.570703300922221823e-01	2.602658889323967717e-01	1.557867829789160163e-01	7.346831660936541109e-02	3.039287773242108776e-02	7.841594372860020978e-02
1.235082735546193817e+03	2.444110252525306115e-01	1.569392703089889651e-01	2.604032006616291417e-01	1.558666277358814745e-01	7.349830873424756383e-02	3.041462437477273836e-02	7.846694293170371204e-02
1.236534066610290438e+03	2.442225186737100595e-01	1.568084236733155445e-01	2.605402722043759778e-01	1.559463361440519280e-01	7.352824965489532238e-02	3.043634391148569707e-02	7.851785573791965345e-02
1.237985397674387059e+03	2.440343395523883463e-01	1.566777898936150548e-01	2.606771039680333413e-01	1.560259084508935634e-01	7.355813949628982329e-02	3.045803634079570846e-02	7.856868229773839030e-02
1.239436728738483680e+03	2.438464872533835648e-01	1.565473686781934382e-01	2.608136963593165047e-01	1.561053449033079910e-01	7.358797838292031879e-02	3.047970166123976227e-02	7.861942276139270713e-02
1.240888059802580301e+03	2.436589611433050417e-01	1.564171597352545795e-01	2.609500497842616729e-01	1.561846457476346872e-01	7.361776643878693849e-02	3.050133987165363700e-02	7.867007727885773349e-02
1.242339390866676695e+03	2.434717605905442062e-01	1.562871627729060520e-01	2.610861646482265375e-01	1.562638112296535764e-01	7.364750378740339554e-02	3.052295097116949907e-02	7.872064599985098554e-02
1.243790721930773088e+03	2.432848849652651801e-01	1.561573774991642238e-01	2.612220413558916654e-01	1.563428415945876393e-01	7.367719055179977605e-02	3.054453495921347073e-02	7.877112907383228280e-02
1.245242052994869937e+03	2.430983336393957028e-01	1.560278036219595599e-01	2.613576803112614422e-01	1.564217370871053281e-01	7.370682685452513427e-02	3.056609183550326736e-02	7.882152665000378977e-02
1.246693384058966330e+03	2.429121059866181376e-01	1.558984408491418949e-01	2.614930819176651822e-01	1.565004979513230365e-01	7.373641281765021260e-02	3.058762160004580705e-02	7.887183887731001597e-02
1.248144715123063179e+03	2.427262013823603959e-01	1.557692888884855409e-01	2.616282465777580724e-01	1.565791244308075703e-01	7.376594856277010614e-02	3.060912425313485827e-02	7.892206590443780201e-02
1.249596046187159800e+03	2.425406192037869446e-01	1.556403474476944770e-01	2.617631746935223935e-01	1.566576167685785614e-01	7.379543421100688561e-02	3.063059979534871885e-02	7.897220787981643064e-02
1.251047377251256421e+03	2.423553588297899797e-01	1.555116162344073460e-01	2.618978666662684640e-01	1.567359752071108836e-01	7.382486988301224795e-02	3.065204822754786368e-02	7.902226495161761288e-02
1.252498708315352815e+03	2.421704196409807663e-01	1.553830949562025054e-01	2.620323228966359164e-01	1.568141999883370385e-01	7.385425569897006992e-02	3.067346955087265487e-02	7.907223726775551575e-02
1.253950039379449436e+03	2.419858010196806186e-01	1.552547833206029959e-01	2.621665437845944191e-01	1.568922913536494324e-01	7.388359177859907256e-02	3.069486376674103803e-02	7.912212497588691495e-02
1.255401370443546057e+03	2.418015023499124339e-01	1.551266810350813985e-01	2.623005297294450644e-01	1.569702495439027901e-01	7.391287824115534699e-02	3.071623087684627676e-02	7.917192822341118097e-02
1.256852701507642678e+03	2.416175230173920330e-01	1.549987878070647473e-01	2.624342811298213118e-01	1.570480747994164872e-01	7.394211520543492178e-02	3.073757088315468011e-02	7.922164715747039010e-02
1.258304032571739299e+03	2.414338624095195840e-01	1.548711033439393037e-01	2.625677983836898766e-01	1.571257673599767146e-01	7.397130278977628870e-02	3.075888378790336830e-02	7.927128192494946324e-02
1.259755363635835920e+03	2.412505199153711366e-01	1.547436273530553297e-01	2.627010818883521170e-01	1.572033274648388657e-01	7.400044111206295627e-02	3.078016959359803142e-02	7.932083267247619363e-02
1.261206694699932314e+03	2.410674949256902955e-01	1.546163595417318348e-01	2.628341320404447568e-01	1.572807553527296731e-01	7.402953028972593386e-02	3.080142830301072290e-02	7.937029954642142726e-02
1.262658025764028707e+03	2.408847868328796993e-01	1.544892996172611277e-01	2.629669492359412164e-01	1.573580512618495686e-01	7.405857043974625742e-02	3.082265991917765291e-02	7.941968269289911841e-02
1.264109356828125556e+03	2.407023950309928328e-01	1.543624472869135622e-01	2.630995338701526132e-01	1.574352154298747364e-01	7.408756167865741815e-02	3.084386444539700609e-02	7.946898225776652391e-02
1.265560687892221949e+03	2.405203189157258670e-01	1.542358022579420063e-01	2.632318863377285378e-01	1.575122480939593339e-01	7.411650412254784659e-02	3.086504188522676967e-02	7.951819838662431417e-02
1.267012018956318798e+03	2.403385578844093595e-01	1.541093642375864770e-01	2.633640070326584426e-01	1.575891494907377677e-01	7.414539788706335510e-02	3.088619224248258591e-02	7.956733122481667031e-02
1.268463350020415419e+03	2.401571113360001508e-01	1.539831329330784704e-01	2.634958963482725847e-01	1.576659198563267195e-01	7.417424308740955263e-02	3.090731552123559753e-02	7.961638091743156176e-02
1.269914681084511813e+03	2.399759786710733978e-01	1.538571080516454581e-01	2.636275546772430811e-01	1.577425594263272557e-01	7.420303983835430106e-02	3.092841172581033138e-02	7.966534760930080172e-02
1.271366012148608434e+03	2.397951592918146357e-01	1.537312893005152725e-01	2.637589824115849080e-01	1.578190684358269924e-01	7.423178825423007443e-02	3.094948086078259594e-02	7.971423144500024149e-02
1.272817343212705055e+03	2.396146526020116185e-01	1.536056763869204367e-01	2.638901799426568995e-01	1.578954471194021492e-01	7.426048844893634593e-02	3.097052293097736497e-02	7.976303256884996473e-02
1.274268674276801676e+03	2.394344580070467410e-01	1.534802690181023832e-01	2.640211476611630248e-01	1.579716957111195752e-01	7.428914053594191935e-02	3.099153794146669930e-02	7.981175112491446788e-02
1.275720005340898297e+03	2.392545749138890177e-01	1.533550669013158119e-01	2.641518859571531097e-01	1.580478144445388866e-01	7.431774462828737160e-02	3.101252589756769637e-02	7.986038725700288221e-02
1.277171336404994690e+03	2.390750027310864501e-01	1.532300697438328807e-01	2.642823952200242799e-01	1.581238035527144092e-01	7.434630083858731475e-02	3.103348680484041555e-02	7.990894110866912647e-02
1.278622667469091539e+03	2.388957408687582551e-01	1.531052772529472028e-01	2.644126758385215714e-01	1.581996632681972048e-01	7.437480927903272754e-02	3.105442066908585194e-02	7.995741282321212895e-02
1.280073998533187932e+03	2.387167887385872322e-01	1.529806891359781484e-01	2.645427282007392078e-01	1.582753938230370694e-01	7.440327006139328681e-02	3.107532749634389982e-02	8.000580254367606337e-02
1.281525329597284326e+03	2.385381457538122696e-01	1.528563051002748141e-01	2.646725526941217654e-01	1.583509954487845317e-01	7.443168329701961572e-02	3.109620729289134383e-02	8.005411041285058482e-02
1.282976660661381175e+03	2.383598113292207388e-01	1.527321248532200748e-01	2.648021497054648954e-01	1.584264683764927684e-01	7.446004909684561524e-02	3.111706006523987794e-02	8.010233657327099632e-02
1.284427991725477568e+03	2.381817848811410565e-01	1.526081481022345809e-01	2.649315196209165446e-01	1.585018128367195467e-01	7.448836757139071230e-02	3.113788582013408968e-02	8.015048116721849858e-02
1.285879322789574417e+03	2.380040658274351906e-01	1.524843745547806162e-01	2.650606628259780662e-01	1.585770290595291399e-01	7.451663883076203865e-02	3.115868456454951377e-02	8.019854433672050920e-02
1.287330653853671038e+03	2.378266535874913878e-01	1.523608039183661222e-01	2.651895797055049964e-01	1.586521172744942698e-01	7.454486298465676231e-02	3.117945630569067192e-02	8.024652622355082920e-02
1.288781984917767431e+03	2.376495475822169023e-01	1.522374359005484457e-01	2.653182706437084426e-01	1.587270777106979669e-01	7.457304014236426637e-02	3.120020105098911256e-02	8.029442696922989287e-02
1.290233315981864052e+03	2.374727472340306678e-01	1.521142702089382237e-01	2.654467360241558049e-01	1.588019105967354017e-01	7.460117041276834171e-02	3.122091880810150613e-02	8.034224671502508686e-02
