1.001418434226643626e+03	2.795708487400708764e-01	1.809585192946729926e-01	2.348907249836937883e-01	1.410753808359765382e-01	6.790743028259181580e-02	2.657863893423777907e-02	6.901845692850770708e-02
1.003837319333471214e+03	2.791528659494991182e-01	1.806774149529684348e-01	2.351928538606176955e-01	1.412509650441493847e-01	6.797445728257967001e-02	2.662165418797647967e-02	6.912978872196069713e-02
1.006256204440298802e+03	2.787361630115967048e-01	1.803970134973663098e-01	2.354941092808967296e-01	1.414260311404393344e-01	6.804126246850922266e-02	2.666461254002101822e-02	6.924080806092218487e-02
1.008675089547126618e+03	2.783207347612013383e-01	1.801173142480754774e-01	2.357944937012194098e-01	1.416005810130777642e-01	6.810784702852033801e-02	2.670751352702175133e-02	6.935151572063545655e-02
1.011093974653954206e+03	2.779065760710148769e-01	1.798383165078268897e-01	2.360940095715632070e-01	1.417746165362346322e-01	6.817421214073285385e-02	2.675035669361087304e-02	6.946191247876815078e-02
1.013512859760782021e+03	2.774936818511479220e-01	1.795600195622122919e-01	2.363926593352103367e-01	1.419481395702656135e-01	6.824035897335230250e-02	2.679314159230958975e-02	6.957199911525341340e-02
1.015931744867609382e+03	2.770820470486702880e-01	1.792824226800177334e-01	2.366904454287635240e-01	1.421211519619532959e-01	6.830628868477441051e-02	2.683586778343618334e-02	6.968177641213606222e-02
1.018350629974437197e+03	2.766716666471686348e-01	1.790055251135516945e-01	2.369873702821616301e-01	1.422936555447422702e-01	6.837200242368841885e-02	2.687853483501505963e-02	6.979124515342369217e-02
1.020769515081264785e+03	2.762625356663100940e-01	1.787293260989685217e-01	2.372834363186955287e-01	1.424656521389688069e-01	6.843750132917930662e-02	2.692114232268666071e-02	6.990040612494247130e-02
1.023188400188092373e+03	2.758546491614121687e-01	1.784538248565861740e-01	2.375786459550237317e-01	1.426371435520847331e-01	6.850278653082871039e-02	2.696368982961832445e-02	7.000926011419751627e-02
1.025607285294920075e+03	2.754480022230188507e-01	1.781790205911996383e-01	2.378730016011880999e-01	1.428081315788759798e-01	6.856785914881484423e-02	2.700617694641606684e-02	7.011780791023779213e-02
1.028026170401747549e+03	2.750425899764829540e-01	1.779049124923890723e-01	2.381665056606297182e-01	1.429786180016758279e-01	6.863272029401119856e-02	2.704860327103721096e-02	7.022605030352531419e-02
1.030445055508575479e+03	2.746384075815541115e-01	1.776314997348231728e-01	2.384591605302044115e-01	1.431486045905729365e-01	6.869737106808415650e-02	2.709096840870396997e-02	7.033398808580848538e-02
1.032863940615402726e+03	2.742354502319730991e-01	1.773587814785579364e-01	2.387509686001986486e-01	1.433180931036144856e-01	6.876181256358950000e-02	2.713327197181787317e-02	7.044162204999965260e-02
1.035282825722230655e+03	2.738337131550714898e-01	1.770867568693306193e-01	2.390419322543452518e-01	1.434870852870043789e-01	6.882604586406779190e-02	2.717551357987510116e-02	7.054895299005654874e-02
1.037701710829058356e+03	2.734331916113774685e-01	1.768154250388491167e-01	2.393320538698390232e-01	1.436555828752966724e-01	6.889007204413874486e-02	2.721769285938267086e-02	7.065598170086748175e-02
1.040120595935886058e+03	2.730338808942268103e-01	1.765447851050769013e-01	2.396213358173525099e-01	1.438235875915845063e-01	6.895389216959442458e-02	2.725980944377549148e-02	7.076270897814052052e-02
1.042539481042713533e+03	2.726357763293800196e-01	1.762748361725132717e-01	2.399097804610517692e-01	1.439911011476843750e-01	6.901750729749150937e-02	2.730186297333430170e-02	7.086913561829601138e-02
1.044958366149541234e+03	2.722388732746441331e-01	1.760055773324694928e-01	2.401973901586119120e-01	1.441581252443160654e-01	6.908091847624243942e-02	2.734385309510442216e-02	7.097526241836277228e-02
1.047377251256368709e+03	2.718431671195006838e-01	1.757370076633403833e-01	2.404841672612330616e-01	1.443246615712784342e-01	6.914412674570549755e-02	2.738577946281538222e-02	7.108109017587771472e-02
1.049796136363196410e+03	2.714486532847386058e-01	1.754691262308717137e-01	2.407701141136558975e-01	1.444907118076208807e-01	6.920713313727398786e-02	2.742764173680136905e-02	7.118661968878867152e-02
1.052215021470024112e+03	2.710553272220922461e-01	1.752019320884234121e-01	2.410552330541772537e-01	1.446562776218108803e-01	6.926993867396426252e-02	2.746943958392250931e-02	7.129185175536055519e-02
1.054633906576851814e+03	2.706631844138845944e-01	1.749354242772286072e-01	2.413395264146659946e-01	1.448213606718975199e-01	6.933254437050288821e-02	2.751117267748697318e-02	7.139678717408450004e-02
1.057052791683679516e+03	2.702722203726757311e-01	1.746696018266485906e-01	2.416229965205786423e-01	1.449859626056712869e-01	6.939495123341271610e-02	2.755284069717390399e-02	7.150142674359019623e-02
1.059471676790506763e+03	2.698824306409161600e-01	1.744044637544238108e-01	2.419056456909749742e-01	1.451500850608199167e-01	6.945716026109806374e-02	2.759444332895714946e-02	7.160577126256101321e-02
1.061890561897334692e+03	2.694938107906049152e-01	1.741400090669209255e-01	2.421874762385336777e-01	1.453137296650808818e-01	6.951917244392886996e-02	2.763598026502979421e-02	7.170982152965206524e-02
1.064309447004162394e+03	2.691063564229527194e-01	1.738762367593757463e-01	2.424684904695680876e-01	1.454768980363901343e-01	6.958098876432390612e-02	2.767745120372949383e-02	7.181357834341098312e-02
1.066728332110990095e+03	2.687200631680499163e-01	1.736131458161326580e-01	2.427486906840418401e-01	1.456395917830275166e-01	6.964261019683311293e-02	2.771885584946458952e-02	7.191704250220146144e-02
1.069147217217817570e+03	2.683349266845387326e-01	1.733507352108801525e-01	2.430280791755843328e-01	1.458018125037586488e-01	6.970403770821892442e-02	2.776019391264100689e-02	7.202021480412926224e-02
1.071566102324645271e+03	2.679509426592907029e-01	1.730890039068824215e-01	2.433066582315065451e-01	1.459635617879737612e-01	6.976527225753671735e-02	2.780146510958995260e-02	7.212309604697092480e-02
1.073984987431472746e+03	2.675681068070880908e-01	1.728279508572077017e-01	2.435844301328165817e-01	1.461248412158232535e-01	6.982631479621435877e-02	2.784266916249632934e-02	7.222568702810475139e-02
1.076403872538300675e+03	2.671864148703103625e-01	1.725675750049525392e-01	2.438613971542352155e-01	1.462856523583499213e-01	6.988716626813078203e-02	2.788380579932795908e-02	7.232798854444427716e-02
1.078822757645127922e+03	2.668058626186245452e-01	1.723078752834629468e-01	2.441375615642114860e-01	1.464459967776186589e-01	6.994782760969379953e-02	2.792487475376553840e-02	7.243000139237404378e-02
1.081241642751955851e+03	2.664264458486803044e-01	1.720488506165517573e-01	2.444129256249383819e-01	1.466058760268427741e-01	7.000829974991693017e-02	2.796587576513333978e-02	7.253172636768756565e-02
1.083660527858783553e+03	2.660481603838090181e-01	1.717904999187126192e-01	2.446874915923683558e-01	1.467652916505074734e-01	7.006858361049539408e-02	2.800680857833067264e-02	7.263316426552748895e-02
1.086079412965611255e+03	2.656710020737274580e-01	1.715328220953306060e-01	2.449612617162287564e-01	1.469242451844909036e-01	7.012868010588127476e-02	2.804767294376403833e-02	7.273431588032790163e-02
1.088498298072438729e+03	2.652949667942453016e-01	1.712758160428895782e-01	2.452342382400374832e-01	1.470827381561820579e-01	7.018859014335784852e-02	2.808846861728006919e-02	7.283518200575857249e-02
1.090917183179266431e+03	2.649200504469766959e-01	1.710194806491759922e-01	2.455064234011185564e-01	1.472407720845962387e-01	7.024831462311294239e-02	2.812919536009914068e-02	7.293576343467132739e-02
1.093336068286093905e+03	2.645462489590560962e-01	1.707638147934797124e-01	2.457778194306174946e-01	1.473983484804879396e-01	7.030785443831165382e-02	2.816985293874971208e-02	7.303606095904818796e-02
1.095754953392921607e+03	2.641735582828582118e-01	1.705088173467915469e-01	2.460484285535168847e-01	1.475554688464611464e-01	7.036721047516812655e-02	2.821044112500338194e-02	7.313607536995148095e-02
1.098173838499749309e+03	2.638019743957211727e-01	1.702544871719976205e-01	2.463182529886518424e-01	1.477121346770771948e-01	7.042638361301654937e-02	2.825095969581064084e-02	7.323580745747573784e-02
1.100592723606577010e+03	2.634314932996744130e-01	1.700008231240705547e-01	2.465872949487254995e-01	1.478683474589602975e-01	7.048537472438137774e-02	2.829140843323730420e-02	7.333525801070130135e-02
1.103011608713404712e+03	2.630621110211696645e-01	1.697478240502578728e-01	2.468555566403244084e-01	1.480241086709006559e-01	7.054418467504673662e-02	2.833178712440166322e-02	7.343442781764970839e-02
1.105430493820231959e+03	2.626938236108161684e-01	1.694954887902671570e-01	2.471230402639340018e-01	1.481794197839553795e-01	7.060281432412501834e-02	2.837209556141227079e-02	7.353331766524064117e-02
1.107849378927059888e+03	2.623266271431193841e-01	1.692438161764482640e-01	2.473897480139540528e-01	1.483342822615470735e-01	7.066126452412480052e-02	2.841233354130645941e-02	7.363192833925057135e-02
1.110268264033887590e+03	2.619605177162230847e-01	1.689928050339727650e-01	2.476556820787140512e-01	1.484886975595605674e-01	7.071953612101790354e-02	2.845250086598946626e-02	7.373026062427277816e-02
1.112687149140715292e+03	2.615954914516556706e-01	1.687424541810102763e-01	2.479208446404883859e-01	1.486426671264371169e-01	7.077762995430574022e-02	2.849259734217427301e-02	7.382831530367912898e-02
1.115106034247542766e+03	2.612315444940791487e-01	1.684927624289022652e-01	2.481852378755121102e-01	1.487961924032669414e-01	7.083554685708488841e-02	2.853262278132206661e-02	7.392609315958313665e-02
1.117524919354370468e+03	2.608686730110424401e-01	1.682437285823328021e-01	2.484488639539960131e-01	1.489492748238795128e-01	7.089328765611201122e-02	2.857257699958336630e-02	7.402359497280440459e-02
1.119943804461197942e+03	2.605068731927374648e-01	1.679953514394967873e-01	2.487117250401419122e-01	1.491019158149320400e-01	7.095085317186790308e-02	2.861245981773978889e-02	7.412082152283459846e-02
1.122362689568025871e+03	2.601461412517590555e-01	1.677476297922653181e-01	2.489738232921581418e-01	1.492541167959960668e-01	7.100824421862095281e-02	2.865227106114643860e-02	7.421777358780459743e-02
1.124781574674853118e+03	2.597864734228675920e-01	1.675005624263483373e-01	2.492351608622747072e-01	1.494058791796420704e-01	7.106546160448987126e-02	2.869201055967494918e-02	7.431445194445304714e-02
1.127200459781681047e+03	2.594278659627557437e-01	1.672541481214549486e-01	2.494957398967586615e-01	1.495572043715225063e-01	7.112250613150555845e-02	2.873167814765714007e-02	7.441085736809603668e-02
1.129619344888508749e+03	2.590703151498176537e-01	1.670083856514508469e-01	2.497555625359292875e-01	1.497080937704527992e-01	7.117937859567258219e-02	2.877127366382927626e-02	7.450699063259810795e-02
1.132038229995336451e+03	2.587138172839217876e-01	1.667632737845134161e-01	2.500146309141733636e-01	1.498585487684910011e-01	7.123607978702961585e-02	2.881079695127697002e-02	7.460285251034437515e-02
1.134457115102163925e+03	2.583583686861865569e-01	1.665188112832842182e-01	2.502729471599603461e-01	1.500085707510153965e-01	7.129261048970951531e-02	2.885024785738065506e-02	7.469844377221376841e-02
1.136876000208991627e+03	2.580039656987595520e-01	1.662749969050189847e-01	2.505305133958576347e-01	1.501581610968007185e-01	7.134897148199843830e-02	2.888962623376169908e-02	7.479376518755341541e-02
1.139294885315819101e+03	2.576506046845989939e-01	1.660318294017352758e-01	2.507873317385456713e-01	1.503073211780927287e-01	7.140516353639458913e-02	2.892893193622907491e-02	7.488881752415407766e-02
1.141713770422646803e+03	2.572982820272590176e-01	1.657893075203576982e-01	2.510434042988330949e-01	1.504560523606813527e-01	7.146118741966604737e-02	2.896816482472663185e-02	7.498360154822659995e-02
1.144132655529474505e+03	2.569469941306772864e-01	1.655474300028608459e-01	2.512987331816719516e-01	1.506043560039720119e-01	7.151704389290808317e-02	2.900732476328096027e-02	7.507811802437937276e-02
1.146551540636302207e+03	2.565967374189658812e-01	1.653061955864097154e-01	2.515533204861726269e-01	1.507522334610558179e-01	7.157273371159984798e-02	2.904641161994981832e-02	7.517236771559680786e-02
1.148970425743129908e+03	2.562475083362047990e-01	1.650656030034980404e-01	2.518071683056192223e-01	1.508996860787782113e-01	7.162825762566037147e-02	2.908542526677113799e-02	7.526635138321866036e-02
1.151389310849957155e+03	2.558993033462385602e-01	1.648256509820843485e-01	2.520602787274844325e-01	1.510467151978061862e-01	7.168361637950391996e-02	2.912436557971258624e-02	7.536006978692040559e-02
1.153808195956785084e+03	2.555521189324751474e-01	1.645863382457257162e-01	2.523126538334445890e-01	1.511933221526941540e-01	7.173881071209482763e-02	2.916323243862170220e-02	7.545352368469432358e-02
1.156227081063612786e+03	2.552059515976881632e-01	1.643476635137093855e-01	2.525642956993947030e-01	1.513395082719484752e-01	7.179384135700159209e-02	2.920202572717657541e-02	7.554671383283154129e-02
1.158645966170440488e+03	2.548607978638213756e-01	1.641096255011822713e-01	2.528152063954634543e-01	1.514852748780907699e-01	7.184870904245049816e-02	2.924074533283706895e-02	7.563964098590494900e-02
1.161064851277267962e+03	2.545166542717959279e-01	1.638722229192783042e-01	2.530653879860282895e-01	1.516306232877198956e-01	7.190341449137853391e-02	2.927939114679659754e-02	7.573230589675276903e-02
1.163483736384095664e+03	2.541735173813203796e-01	1.636354544752436635e-01	2.533148425297302442e-01	1.517755548115727604e-01	7.195795842148576538e-02	2.931796306393442617e-02	7.582470931646305423e-02
1.165902621490923138e+03	2.538313837707031340e-01	1.633993188725599288e-01	2.535635720794888193e-01	1.519200707545838580e-01	7.201234154528711462e-02	2.935646098276852023e-02	7.591685199435885267e-02
1.168321506597751068e+03	2.534902500366671974e-01	1.631638148110655662e-01	2.538115786825171916e-01	1.520641724159436936e-01	7.206656457016356876e-02	2.939488480540891277e-02	7.600873467798410776e-02
1.170740391704578315e+03	2.531501127941680473e-01	1.629289409870748329e-01	2.540588643803366464e-01	1.522078610891560158e-01	7.212062819841284778e-02	2.943323443751157467e-02	7.610035811309028009e-02
1.173159276811406244e+03	2.528109686762133324e-01	1.626946960934950448e-01	2.543054312087918434e-01	1.523511380620939659e-01	7.217453312729942005e-02	2.947150978823283307e-02	7.619172304362367698e-02
1.175578161918233945e+03	2.524728143336854580e-01	1.624610788199421230e-01	2.545512811980655821e-01	1.524940046170552010e-01	7.222828004910404609e-02	2.950971077018428243e-02	7.628283021171337885e-02
1.177997047025061647e+03	2.521356464351663385e-01	1.622280878528537806e-01	2.547964163726934017e-01	1.526364620308159059e-01	7.228186965117278096e-02	2.954783729938818479e-02	7.637368035765980390e-02
1.180415932131889122e+03	2.517994616667642016e-01	1.619957218756010731e-01	2.550408387515784581e-01	1.527785115746836397e-01	7.233530261596532451e-02	2.958588929523341127e-02	7.646427421992403606e-02
1.182834817238716823e+03	2.514642567319437250e-01	1.617639795685982818e-01	2.552845503480064004e-01	1.529201545145494057e-01	7.238857962110294142e-02	2.962386668043183111e-02	7.655461253511754161e-02
1.185253702345544298e+03	2.511300283513571707e-01	1.615328596094105784e-01	2.555275531696599711e-01	1.530613921109386932e-01	7.244170133941581213e-02	2.966176938097521767e-02	7.664469603799260733e-02
1.187672587452371999e+03	2.507967732626786850e-01	1.613023606728602177e-01	2.557698492186339378e-01	1.532022256190613829e-01	7.249466843898984270e-02	2.969959732609264019e-02	7.673452546143330610e-02
1.190091472559199701e+03	2.504644882204404288e-01	1.610724814311308983e-01	2.560114404914495823e-01	1.533426562888609290e-01	7.254748158321294715e-02	2.973735044820832382e-02	7.682410153644694817e-02
1.192510357666027403e+03	2.501331699958710408e-01	1.608432205538702642e-01	2.562523289790693548e-01	1.534826853650624046e-01	7.260014143082089977e-02	2.977502868289998161e-02	7.691342499215617079e-02
1.194929242772855105e+03	2.498028153767361259e-01	1.606145767082908793e-01	2.564925166669114742e-01	1.536223140872198800e-01	7.265264863594257660e-02	2.981263196885762176e-02	7.700249655579143038e-02
1.197348127879682352e+03	2.494734211671811586e-01	1.603865485592693985e-01	2.567320055348649710e-01	1.537615436897628862e-01	7.270500384814472528e-02	2.985016024784282671e-02	7.709131695268403583e-02
1.199767012986510281e+03	2.491449841875759685e-01	1.601591347694441003e-01	2.569707975573036762e-01	1.539003754020418224e-01	7.275720771247627672e-02	2.988761346464848326e-02	7.717988690625966763e-02
1.202185898093337983e+03	2.488175012743618630e-01	1.599323339993107829e-01	2.572088947031012096e-01	1.540388104483728371e-01	7.280926086951214349e-02	2.992499156705896030e-02	7.726820713803228546e-02
1.204604783200165684e+03	2.484909692799003034e-01	1.597061449073170769e-01	2.574462989356452458e-01	1.541768500480816539e-01	7.286116395539647683e-02	2.996229450581074441e-02	7.735627836759857712e-02
1.207023668306993159e+03	2.481653850723239407e-01	1.594805661499552885e-01	2.576830122128521139e-01	1.543144954155467874e-01	7.291291760188557680e-02	2.999952223455353353e-02	7.744410131263276820e-02
1.209442553413820860e+03	2.478407455353894007e-01	1.592555963818534925e-01	2.579190364871814523e-01	1.544517477602418698e-01	7.296452243639017787e-02	3.003667470981173995e-02	7.753167668888190367e-02
1.211861438520648335e+03	2.475170475683320659e-01	1.590312342558650172e-01	2.581543737056504195e-01	1.545886082867772016e-01	7.301597908201737375e-02	3.007375189094646517e-02	7.761900521016142085e-02
1.214280323627476264e+03	2.471942880857228297e-01	1.588074784231568726e-01	2.583890258098482939e-01	1.547250781949407739e-01	7.306728815761204254e-02	3.011075374011787029e-02	7.770608758835126362e-02
1.216699208734303511e+03	2.468724640173267093e-01	1.585843275332960711e-01	2.586229947359507952e-01	1.548611586797382922e-01	7.311845027779782791e-02	3.014768022224801128e-02	7.779292453339226032e-02
1.219118093841131440e+03	2.465515723079633736e-01	1.583617802343350589e-01	2.588562824147343511e-01	1.549968509314326448e-01	7.316946605301759277e-02	3.018453130498405593e-02	7.787951675328287637e-02
1.221536978947959142e+03	2.462316099173692263e-01	1.581398351728952600e-01	2.590888907715907519e-01	1.551321561355828160e-01	7.322033608957358164e-02	3.022130695866194830e-02	7.796586495407638318e-02
1.223955864054786844e+03	2.459125738200618472e-01	1.579184909942494830e-01	2.593208217265411397e-01	1.552670754730818559e-01	7.327106098966698622e-02	3.025800715627047222e-02	7.805196983987824910e-02
1.226374749161614318e+03	2.455944610052055443e-01	1.576977463424027726e-01	2.595520771942504967e-01	1.554016101201943501e-01	7.332164135143715011e-02	3.029463187341574493e-02	7.813783211284400232e-02
1.228793634268442020e+03	2.452772684764792099e-01	1.574775998601719573e-01	2.597826590840418559e-01	1.555357612485933072e-01	7.337207776900034339e-02	3.033118108828607509e-02	7.822345247317727401e-02
1.231212519375269494e+03	2.449609932519456190e-01	1.572580501892638372e-01	2.600125692999106786e-01	1.556695300253962966e-01	7.342237083248809304e-02	3.036765478161725790e-02	7.830883161912823021e-02
1.233631404482097196e+03	2.446456323639225328e-01	1.570390959703520384e-01	2.602418097405387321e-01	1.558029176132010585e-01	7.347252112808508318e-02	3.040405293665824488e-02	7.839397024699226724e-02
1.236050289588924898e+03	2.443311828588554391e-01	1.568207358431524534e-01	2.604703822993086337e-01	1.559359251701205040e-01	7.352252923806666673e-02	3.044037553913722313e-02	7.847886905110899869e-02
1.238469174695752372e+03	2.440176417971919309e-01	1.566029684464975980e-01	2.606982888643177843e-01	1.560685538498170766e-01	7.357239574083594691e-02	3.047662257722807272e-02	7.856352872386147823e-02
1.240888059802580301e+03	2.437050062532578054e-01	1.563857924184093584e-01	2.609255313183926894e-01	1.562008048015366690e-01	7.362212121096042838e-02	3.051279404151718486e-02	7.864794995567576941e-02
1.243306944909407548e+03	2.433932733151346062e-01	1.561692063961708787e-01	2.611521115391026715e-01	1.563326791701419305e-01	7.367170621920833551e-02	3.054888992497071035e-02	7.873213343502068196e-02
1.245725830016235477e+03	2.430824400845390254e-01	1.559532090163969209e-01	2.613780313987745241e-01	1.564641780961449347e-01	7.372115133258448638e-02	3.058491022290213066e-02	7.881607984840778569e-02
1.248144715123063179e+03	2.427725036767035549e-01	1.557377989151030873e-01	2.616032927645060568e-01	1.565953027157394317e-01	7.377045711436573672e-02	3.062085493294024879e-02	7.889978988039170194e-02
1.250563600229890881e+03	2.424634612202588024e-01	1.555229747277739050e-01	2.618278974981801954e-01	1.567260541608326563e-01	7.381962412413610453e-02	3.065672405499749245e-02	7.898326421357058924e-02
1.252982485336718355e+03	2.421553098571174734e-01	1.553087350894296614e-01	2.620518474564793587e-01	1.568564335590764136e-01	7.386865291782146459e-02	3.069251759123863346e-02	7.906650352858679565e-02
1.255401370443546057e+03	2.418480467423595182e-01	1.550950786346920740e-01	2.622751444908988927e-01	1.569864420338977773e-01	7.391754404772392373e-02	3.072823554604982993e-02	7.914950850412781624e-02
1.257820255550373531e+03	2.415416690441191117e-01	1.548820039978488772e-01	2.624977904477612811e-01	1.571160807045293983e-01	7.396629806255569650e-02	3.076387792600804305e-02	7.923227981692740340e-02
1.260239140657201460e+03	2.412361739434728258e-01	1.546695098129172441e-01	2.627197871682299679e-01	1.572453506860392869e-01	7.401491550747280046e-02	3.079944473985079742e-02	7.931481814176689904e-02
1.262658025764028707e+03	2.409315586343293569e-01	1.544575947137059591e-01	2.629411364883233460e-01	1.573742530893599556e-01	7.406339692410818243e-02	3.083493599844629521e-02	7.939712415147671953e-02
1.265076910870856636e+03	2.406278203233205015e-01	1.542462573338768406e-01	2.631618402389285238e-01	1.575027890213174520e-01	7.411174285060458111e-02	3.087035171476385648e-02	7.947919851693806270e-02
1.267495795977684338e+03	2.403249562296938535e-01	1.540354963070047212e-01	2.633819002458149816e-01	1.576309595846596412e-01	7.415995382164711214e-02	3.090569190384473766e-02	7.956104190708476742e-02
1.269914681084511813e+03	2.400229635852064447e-01	1.538253102666366501e-01	2.636013183296486151e-01	1.577587658780842395e-01	7.420803036849527023e-02	3.094095658277323455e-02	7.964265498890532591e-02
1.272333566191339514e+03	2.397218396340201618e-01	1.536156978463497358e-01	2.638200963060053361e-01	1.578862089962662640e-01	7.425597301901488978e-02	3.097614577064816688e-02	7.972403842744513192e-02
1.274752451298167216e+03	2.394215816325981072e-01	1.534066576798083781e-01	2.640382359853849503e-01	1.580132900298853726e-01	7.430378229770943921e-02	3.101125948855466136e-02	7.980519288580878445e-02
1.277171336404994690e+03	2.391221868496024860e-01	1.531981884008200567e-01	2.642557391732245908e-01	1.581400100656523977e-01	7.435145872575121828e-02	3.104629775953627116e-02	7.988611902516262742e-02
1.279590221511822392e+03	2.388236525657937981e-01	1.529902886433905373e-01	2.644726076699125961e-01	1.582663701863357975e-01	7.439900282101211126e-02	3.108126060856741812e-02	7.996681750473735861e-02
1.282009106618650094e+03	2.385259760739311674e-01	1.527829570417776062e-01	2.646888432708021655e-01	1.583923714707876351e-01	7.444641509809397928e-02	3.111614806252615759e-02	8.004728898183088859e-02
1.284427991725477568e+03	2.382291546786740044e-01	1.525761922305443608e-01	2.649044477662248487e-01	1.585180149939690863e-01	7.449369606835883062e-02	3.115096015016724854e-02	8.012753411181115781e-02
1.286846876832305497e+03	2.379331856964850556e-01	1.523699928446111962e-01	2.651194229415041459e-01	1.586433018269757522e-01	7.454084623995850534e-02	3.118569690209553602e-02	8.020755354811930082e-02
1.289265761939132744e+03	2.376380664555343136e-01	1.521643575193070419e-01	2.653337705769691635e-01	1.587682330370624173e-01	7.458786611786423493e-02	3.122035835073965274e-02	8.028734794227271321e-02
1.291684647045960673e+03	2.373437942956044266e-01	1.519592848904194327e-01	2.655474924479678811e-01	1.588928096876675855e-01	7.463475620389570242e-02	3.125494453032601205e-02	8.036691794386843779e-02
1.294103532152788375e+03	2.370503665679971617e-01	1.517547735942440246e-01	2.657605903248810852e-01	1.590170328384376830e-01	7.468151699674989430e-02	3.128945547685312023e-02	8.044626420058646754e-02
1.296522417259616077e+03	2.367577806354411729e-01	1.515508222676329175e-01	2.659730659731353586e-01	1.591409035452508447e-01	7.472814899202954997e-02	3.132389122806616272e-02	8.052538735819338156e-02
1.298941302366443551e+03	2.364660338720007138e-01	1.513474295480421727e-01	2.661849211532169024e-01	1.592644228602403955e-01	7.477465268227145856e-02	3.135825182343190964e-02	8.060428806054584228e-02
1.301360187473271253e+03	2.361751236629855422e-01	1.511445940735786642e-01	2.663961576206846371e-01	1.593875918318179707e-01	7.482102855697425614e-02	3.139253730411389193e-02	8.068296694959439797e-02
1.303779072580098727e+03	2.358850474048621859e-01	1.509423144830457642e-01	2.666067771261836361e-01	1.595104115046964977e-01	7.486727710262609803e-02	3.142674771294790004e-02	8.076142466538724363e-02
1.306197957686926657e+03	2.355958025051659577e-01	1.507405894159883630e-01	2.668167814154586148e-01	1.596328829199125665e-01	7.491339880273188701e-02	3.146088309441771175e-02	8.083966184607414840e-02
1.308616842793753904e+03	2.353073863824141909e-01	1.505394175127370282e-01	2.670261722293672535e-01	1.597550071148488016e-01	7.495939413784033500e-02	3.149494349463116682e-02	8.091767912791041073e-02
1.311035727900581833e+03	2.350197964660206695e-01	1.503387974144514139e-01	2.672349513038932978e-01	1.598767851232557047e-01	7.500526358557060846e-02	3.152892896129645683e-02	8.099547714526102171e-02
1.313454613007409534e+03	2.347330301962109178e-01	1.501387277631627271e-01	2.674431203701598259e-01	1.599982179752734435e-01	7.505100762063880715e-02	3.156283954369875494e-02	8.107305653060473127e-02
1.315873498114237009e+03	2.344470850239386006e-01	1.499392072018155275e-01	2.676506811544425712e-01	1.601193066974530566e-01	7.509662671488405439e-02	3.159667529267706082e-02	8.115041791453830866e-02
1.318292383221064711e+03	2.341619584108031171e-01	1.497402343743086672e-01	2.678576353781831898e-01	1.602400523127776033e-01	7.514212133729439302e-02	3.163043626060136476e-02	8.122756192578084455e-02
1.320711268327892412e+03	2.338776478289678329e-01	1.495418079255355914e-01	2.680639847580021939e-01	1.603604558406829528e-01	7.518749195403233443e-02	3.166412250135005463e-02	8.130448919117813644e-02
1.323130153434719887e+03	2.335941507610796997e-01	1.493439265014237238e-01	2.682697310057123863e-01	1.604805182970783783e-01	7.523273902846015770e-02	3.169773407028757262e-02	8.138120033570712952e-02
1.325549038541547588e+03	2.333114647001896247e-01	1.491465887489732411e-01	2.684748758283316272e-01	1.606002406943667915e-01	7.527786302116498685e-02	3.173127102424234958e-02	8.145769598248039922e-02
1.327967923648375290e+03	2.330295871496738391e-01	1.489497933162949317e-01	2.686794209280961576e-01	1.607196240414648092e-01	7.532286438998352096e-02	3.176473342148502382e-02	8.153397675275071699e-02
1.330386808755202765e+03	2.327485156231562935e-01	1.487535388526476376e-01	2.688833680024734774e-01	1.608386693438225157e-01	7.536774359002654244e-02	3.179812132170686118e-02	8.161004326591569935e-02
1.332805693862030694e+03	2.324682476444319135e-01	1.485578240084746704e-01	2.690867187441755015e-01	1.609573776034429193e-01	7.541250107370311984e-02	3.183143478599845949e-02	8.168589613952242923e-02
1.335224578968857941e+03	2.321887807473908272e-01	1.483626474354397540e-01	2.692894748411714945e-01	1.610757498189013537e-01	7.545713729074465803e-02	3.186467387682873076e-02	8.176153598927224375e-02
1.337643464075685870e+03	2.319101124759434251e-01	1.481680077864622191e-01	2.694916379767008929e-01	1.611937869853644623e-01	7.550165268822850440e-02	3.189783865802404972e-02	8.183696342902548049e-02
1.340062349182513572e+03	2.316322403839466137e-01	1.479739037157513926e-01	2.696932098292864621e-01	1.613114900946089891e-01	7.554604771060156876e-02	3.193092919474773556e-02	8.191217907080626526e-02
1.342481234289341273e+03	2.313551620351304294e-01	1.477803338788405974e-01	2.698941920727469523e-01	1.614288601350404029e-01	7.559032279970338830e-02	3.196394555347972788e-02	8.198718352480741101e-02
1.344900119396168748e+03	2.310788750030260408e-01	1.475872969326202100e-01	2.700945863762103105e-01	1.615458980917113818e-01	7.563447839478917856e-02	3.199688780199648475e-02	8.206197739939535829e-02
1.347319004502996449e+03	2.308033768708943057e-01	1.473947915353701621e-01	2.702943944041259483e-01	1.616626049463397163e-01	7.567851493255255135e-02	3.202975600935117906e-02	8.213656130111504639e-02
1.349737889609823924e+03	2.305286652316552998e-01	1.472028163467919981e-01	2.704936178162781202e-01	1.617789816773264611e-01	7.572243284714801070e-02	3.206255024585406843e-02	8.221093583469492316e-02
1.352156774716651853e+03	2.302547376878187335e-01	1.470113700280400448e-01	2.706922582677983580e-01	1.618950292597735319e-01	7.576623257021311564e-02	3.209527058305311487e-02	8.228510160305198273e-02
1.354575659823479100e+03	2.299815918514149793e-01	1.468204512417520813e-01	2.708903174091782384e-01	1.620107486655013029e-01	7.580991453089058751e-02	3.212791709371486809e-02	8.235905920729681695e-02
1.356994544930307029e+03	2.297092253439271536e-01	1.466300586520793980e-01	2.710877968862822618e-01	1.621261408630658984e-01	7.585347915585002876e-02	3.216048985180550851e-02	8.243280924673863919e-02
1.359413430037134731e+03	2.294376357962238377e-01	1.464401909247163291e-01	2.712846983403603418e-01	1.622412068177763178e-01	7.589692686930946119e-02	3.219298893247216770e-02	8.250635231889046073e-02
1.361832315143962205e+03	2.291668208484927138e-01	1.462508467269289514e-01	2.714810234080606288e-01	1.623559474917113665e-01	7.594025809305664232e-02	3.222541441202445012e-02	8.257968901947415619e-02
1.364251200250789907e+03	2.288967781501749232e-01	1.460620247275835892e-01	2.716767737214419443e-01	1.624703638437363928e-01	7.598347324647018730e-02	3.225776636791618385e-02	8.265281994242570929e-02
1.366670085357617609e+03	2.286275053599001461e-01	1.458737235971744040e-01	2.718719509079865482e-01	1.625844568295198023e-01	7.602657274654037178e-02	3.229004487872736556e-02	8.272574567990029215e-02
1.369088970464445310e+03	2.283590001454225693e-01	1.456859420078506495e-01	2.720665565906125183e-01	1.626982274015494612e-01	7.606955700788983754e-02	3.232225002414633452e-02	8.279846682227755272e-02
1.371507855571272785e+03	2.280912601835574371e-01	1.454986786334432070e-01	2.722605923876864065e-01	1.628116765091489337e-01	7.611242644279395120e-02	3.235438188495214085e-02	8.287098395816677732e-02
1.373926740678100487e+03	2.278242831601184903e-01	1.453119321494907301e-01	2.724540599130358398e-01	1.629248050984933860e-01	7.615518146120106580e-02	3.238644054299718439e-02	8.294329767441219192e-02
1.376345625784927961e+03	2.275580667698559045e-01	1.451257012332650698e-01	2.726469607759617331e-01	1.630376141126255451e-01	7.619782247075247705e-02	3.241842608118997854e-02	8.301540855609816638e-02
1.378764510891755890e+03	2.272926087163953945e-01	1.449399845637965034e-01	2.728392965812508342e-01	1.631501044914712428e-01	7.624034987680226860e-02	3.245033858347813605e-02	8.308731718655450182e-02
1.381183395998583137e+03	2.270279067121774297e-01	1.447547808218980214e-01	2.730310689291882698e-01	1.632622771718550136e-01	7.628276408243679640e-02	3.248217813483163241e-02	8.315902414736173198e-02
1.383602281105411066e+03	2.267639584783977258e-01	1.445700886901893634e-01	2.732222794155697021e-01	1.633741330875153885e-01	7.632506548849410377e-02	3.251394482122615254e-02	8.323053001835639675e-02
1.386021166212238768e+03	2.265007617449479871e-01	1.443859068531206935e-01	2.734129296317138191e-01	1.634856731691201048e-01	7.636725449358312823e-02	3.254563872962671495e-02	8.330183537763637125e-02
1.388440051319066470e+03	2.262383142503575362e-01	1.442022339969953326e-01	2.736030211644746024e-01	1.635968983442810665e-01	7.640933149410260306e-02	3.257725994797149027e-02	8.337294080156619491e-02
1.390858936425893944e+03	2.259766137417354992e-01	1.440190688099924066e-01	2.737925555962535951e-01	1.637078095375693321e-01	7.645129688425983394e-02	3.260880856515576548e-02	8.344384686478235891e-02
1.393277821532721646e+03	2.257156579747138236e-01	1.438364099821888564e-01	2.739815345050122808e-01	1.638184076705297143e-01	7.649315105608929521e-02	3.264028467101613706e-02	8.351455414019864909e-02
1.395696706639549120e+03	2.254554447133907957e-01	1.436542562055810601e-01	2.741699594642841853e-01	1.639286936616953239e-01	7.653489439947096240e-02	3.267168835631487772e-02	8.358506319901154447e-02
1.398115591746377049e+03	2.251959717302752517e-01	1.434726061741058156e-01	2.743578320431870332e-01	1.640386684266021688e-01	7.657652730214851988e-02	3.270301971272450425e-02	8.365537461070547687e-02
1.400534476853204296e+03	2.249372368062313443e-01	1.432914585836610466e-01	2.745451538064350716e-01	1.641483328778032269e-01	7.661805014974734651e-02	3.273427883281250506e-02	8.372548894305822942e-02
1.402953361960032225e+03	2.246792377304241140e-01	1.431108121321259530e-01	2.747319263143511159e-01	1.642576879248826838e-01	7.665946332579232081e-02	3.276546581002627578e-02	8.379540676214629336e-02
1.405372247066859927e+03	2.244219723002654210e-01	1.429306655193808562e-01	2.749181511228785957e-01	1.643667344744699221e-01	7.670076721172541800e-02	3.279658073867822848e-02	8.386512863235019710e-02
1.407791132173687402e+03	2.241654383213607105e-01	1.427510174473265170e-01	2.751038297835938784e-01	1.644754734302533716e-01	7.674196218692316829e-02	3.282762371393107420e-02	8.393465511635986309e-02
1.410210017280515103e+03	2.239096336074563043e-01	1.425718666199029261e-01	2.752889638437180375e-01	1.645839056929941924e-01	7.678304862871387915e-02	3.285859483178327212e-02	8.400398677517999235e-02
1.412628902387342805e+03	2.236545559803871652e-01	1.423932117431077615e-01	2.754735548461288985e-01	1.646920321605399584e-01	7.682402691239470505e-02	3.288949418905467992e-02	8.407312416813537970e-02
1.415047787494170507e+03	2.234002032700254381e-01	1.422150515250146519e-01	2.756576043293731959e-01	1.647998537278380360e-01	7.686489741124857833e-02	3.292032188337234988e-02	8.414206785287628443e-02
1.417466672600997981e+03	2.231465733142293795e-01	1.420373846757906067e-01	2.758411138276783969e-01	1.649073712869489894e-01	7.690566049656089032e-02	3.295107801315651924e-02	8.421081838538377329e-02
1.419885557707825683e+03	2.228936639587928981e-01	1.418602099077133361e-01	2.760240848709647477e-01	1.650145857270597094e-01	7.694631653763603363e-02	3.298176267760675323e-02	8.427937631997511891e-02
1.422304442814653157e+03	2.226414730573958445e-01	1.416835259351881537e-01	2.762065189848569857e-01	1.651214979344965417e-01	7.698686590181379186e-02	3.301237597668825463e-02	8.434774220930903177e-02
1.424723327921481086e+03	2.223899984715545786e-01	1.415073314747643807e-01	2.763884176906963308e-01	1.652281087927383596e-01	7.702730895448553494e-02	3.304291801111835375e-02	8.441591660439110023e-02
1.427142213028308333e+03	2.221392380705731473e-01	1.413316252451514987e-01	2.765697825055523085e-01	1.653344191824292209e-01	7.706764605911024801e-02	3.307338888235313717e-02	8.448390005457905028e-02
1.429561098135136262e+03	2.218891897314951844e-01	1.411564059672348048e-01	2.767506149422346295e-01	1.654404299813912183e-01	7.710787757723036595e-02	3.310378869257426387e-02	8.455169310758814394e-02
1.431979983241963964e+03	2.216398513390560598e-01	1.409816723640906766e-01	2.769309165093048475e-01	1.655461420646371085e-01	7.714800386848755243e-02	3.313411754467591314e-02	8.461929630949643899e-02
1.434398868348791666e+03	2.213912207856357228e-01	1.408074231610017546e-01	2.771106887110880712e-01	1.656515563043827466e-01	7.718802529063815976e-02	3.316437554225193374e-02	8.468671020475013189e-02
1.436817753455619140e+03	2.211432959712120450e-01	1.406336570854713475e-01	2.772899330476850110e-01	1.657566735700595761e-01	7.722794219956866102e-02	3.319456278958308332e-02	8.475393533616885910e-02
1.439236638562446842e+03	2.208960748033146071e-01	1.404603728672378093e-01	2.774686510149831364e-01	1.658614947283267582e-01	7.726775494931084620e-02	3.322467939162448980e-02	8.482097224495094290e-02
1.441655523669274316e+03	2.206495551969790414e-01	1.402875692382884176e-01	2.776468441046686664e-01	1.659660206430835505e-01	7.730746389205690738e-02	3.325472545399321689e-02	8.488782147067874817e-02
1.444074408776102018e+03	2.204037350747017621e-01	1.401152449328729455e-01	2.778245138042383378e-01	1.660702521754812144e-01	7.734706937817431571e-02	3.328470108295603080e-02	8.495448355132394214e-02
1.446493293882929493e+03	2.201586123663953065e-01	1.399433986875169011e-01	2.780016615970106741e-01	1.661741901839350610e-01	7.738657175622060125e-02	3.331460638541721558e-02	8.502095902325275401e-02
1.448912178989757422e+03	2.199141850093441486e-01	1.397720292410345178e-01	2.781782889621376986e-01	1.662778355241362749e-01	7.742597137295796628e-02	3.334444146890666594e-02	8.508724842123120691e-02
1.451331064096585123e+03	2.196704509481609002e-01	1.396011353345411599e-01	2.783543973746165356e-01	1.663811890490637380e-01	7.746526857336769045e-02	3.337420644156804256e-02	8.515335227843037758e-02
1.453749949203412370e+03	2.194274081347429850e-01	1.394307157114657580e-01	2.785299883053007353e-01	1.664842516089956315e-01	7.750446370066452206e-02	3.340390141214708009e-02	8.521927112643166990e-02
1.456168834310240300e+03	2.191850545282297558e-01	1.392607691175626605e-01	2.787050632209120971e-01	1.665870240515210376e-01	7.754355709631070848e-02	3.343352648998008242e-02	8.528500549523196361e-02
1.458587719417068001e+03	2.189433880949602784e-01	1.390912943009232905e-01	2.788796235840517723e-01	1.666895072215514029e-01	7.758254910003015148e-02	3.346308178498248742e-02	8.535055591324890167e-02
1.461006604523895703e+03	2.187024068084311712e-01	1.389222900119874982e-01	2.790536708532118659e-01	1.667917019613318896e-01	7.762144004982220180e-02	3.349256740763763979e-02	8.541592290732601123e-02
1.463425489630723177e+03	2.184621086492552766e-01	1.387537550035545519e-01	2.792272064827867606e-01	1.668936091104527286e-01	7.766023028197537037e-02	3.352198346898564024e-02	8.548110700273797713e-02
1.465844374737550879e+03	2.182224916051205554e-01	1.385856880307939076e-01	2.794002319230844966e-01	1.669952295058603209e-01	7.769892013108095630e-02	3.355133008061238209e-02	8.554610872319570736e-02
1.468263259844378354e+03	2.179835536707493693e-01	1.384180878512556445e-01	2.795727486203381518e-01	1.670965639818683957e-01	7.773750993004649446e-02	3.358060735463870572e-02	8.561092859085157880e-02
1.470682144951206283e+03	2.177452928478582628e-01	1.382509532248806516e-01	2.797447580167171099e-01	1.671976133701690292e-01	7.777600001010905040e-02	3.360981540370967802e-02	8.567556712630455817e-02
1.473101030058033530e+03	2.175077071451183286e-01	1.380842829140104255e-01	2.799162615503383855e-01	1.672983784998435530e-01	7.781439070084840426e-02	3.363895434098398973e-02	8.574002484860528128e-02
1.475519915164861459e+03	2.172707945781155725e-01	1.379180756833968402e-01	2.800872606552777810e-01	1.673988601973733781e-01	7.785268233020009587e-02	3.366802428012351939e-02	8.580430227526124332e-02
1.477938800271689161e+03	2.170345531693121388e-01	1.377523303002112787e-01	2.802577567615809895e-01	1.674990592866507366e-01	7.789087522446835887e-02	3.369702533528300126e-02	8.586839992224185036e-02
1.480357685378516862e+03	2.167989809480075358e-01	1.375870455340538479e-01	2.804277512952752516e-01	1.675989765889894512e-01	7.792896970833886050e-02	3.372595762109981826e-02	8.593231830398351256e-02
1.482776570485344337e+03	2.165640759503006108e-01	1.374222201569621493e-01	2.805972456783801250e-01	1.676986129231353706e-01	7.796696610489137202e-02	3.375482125268395445e-02	8.599605793339473725e-02
