1.301360187473271253e+03	2.359300985234114023e-01	1.509230705698354214e-01	2.603679055323723235e-01	1.618165638477638280e-01	7.654673151064955716e-02	3.203398271639482098e-02	8.238164729932280494e-02
1.306197957686926657e+03	2.353512340794115254e-01	1.505180316814442032e-01	2.607404273448635790e-01	1.620809720452329739e-01	7.665663930289104422e-02	3.210797698610211304e-02	8.254471855980465012e-02
1.311035727900581833e+03	2.347756918326865672e-01	1.501152106309216194e-01	2.611107883591998191e-01	1.623438601246741109e-01	7.676594393965330276e-02	3.218166793679235610e-02	8.270683717582232031e-02
1.315873498114237009e+03	2.342034510538001657e-01	1.497145965977886850e-01	2.614790027883657220e-01	1.626052364327285338e-01	7.687464867761366338e-02	3.225505551297541684e-02	8.286800893647791599e-02
1.320711268327892412e+03	2.336344911896174048e-01	1.493161787740511504e-01	2.618450847139752735e-01	1.628651092764830943e-01	7.698275675735466450e-02	3.232813968907966712e-02	8.302823959918889662e-02
1.325549038541547588e+03	2.330687918605818254e-01	1.489199463655450084e-01	2.622090480883612629e-01	1.631234869235811957e-01	7.709027140341342954e-02	3.240092046875199527e-02	8.318753488951541319e-02
1.330386808755202765e+03	2.325063328580585509e-01	1.485258885932332351e-01	2.625709067366138738e-01	1.633803776023329268e-01	7.719719582433164085e-02	3.247339788417215323e-02	8.334590050100769421e-02
1.335224578968857941e+03	2.319470941417405840e-01	1.481339946944555397e-01	2.629306743585693718e-01	1.636357895018247521e-01	7.730353321270602707e-02	3.254557199538119644e-02	8.350334209507262462e-02
1.340062349182513572e+03	2.313910558371173876e-01	1.477442539241316799e-01	2.632883645307508291e-01	1.638897307720286745e-01	7.740928674523936404e-02	3.261744288962357963e-02	8.365986530085857409e-02
1.344900119396168748e+03	2.308381982330034166e-01	1.473566555559208957e-01	2.636439907082625544e-01	1.641422095239108703e-01	7.751445958279196136e-02	3.268901068070276944e-02	8.381547571515762796e-02
1.349737889609823924e+03	2.302885017791253819e-01	1.469711888833376834e-01	2.639975662266388912e-01	1.643932338295402418e-01	7.761905487043364860e-02	3.276027550834994390e-02	8.397017890232437443e-02
1.354575659823479100e+03	2.297419470837661903e-01	1.465878432208261306e-01	2.643491043036492183e-01	1.646428117221964138e-01	7.772307573749610843e-02	3.283123753760562591e-02	8.412398039421045692e-02
1.359413430037134731e+03	2.291985149114644515e-01	1.462066079047935063e-01	2.646986180410605960e-01	1.648909511964778418e-01	7.782652529762576488e-02	3.290189695821386234e-02	8.427688569011405895e-02
1.364251200250789907e+03	2.286581861807675253e-01	1.458274722946044377e-01	2.650461204263590553e-01	1.651376602084095868e-01	7.792940664883693525e-02	3.297225398402872654e-02	8.442890025674380794e-02
1.369088970464445310e+03	2.281209419620369994e-01	1.454504257735371175e-01	2.653916243344303649e-01	1.653829466755512290e-01	7.803172287356546777e-02	3.304230885243293614e-02	8.458002952819601572e-02
1.373926740678100487e+03	2.275867634753049873e-01	1.450754577497024023e-01	2.657351425292023284e-01	1.656268184771045038e-01	7.813347703872264294e-02	3.311206182376823931e-02	8.473027890594496403e-02
1.378764510891755890e+03	2.270556320881798873e-01	1.447025576569271332e-01	2.660766876652494450e-01	1.658692834540213545e-01	7.823467219574956055e-02	3.318151318077736112e-02	8.487965375884536090e-02
1.383602281105411066e+03	2.265275293138001023e-01	1.443317149556024581e-01	2.664162722893602675e-01	1.661103494091118460e-01	7.833531138067166555e-02	3.325066322805732971e-02	8.502815942314642661e-02
1.388440051319066470e+03	2.260024368088347224e-01	1.439629191334987901e-01	2.667539088420697313e-01	1.663500241071524388e-01	7.843539761415377343e-02	3.331951229152375904e-02	8.517580120251694309e-02
1.393277821532721646e+03	2.254803363715293940e-01	1.435961597065478490e-01	2.670896096591566793e-01	1.665883152749940699e-01	7.853493390155523446e-02	3.338806071788609497e-02	8.532258436808085045e-02
1.398115591746377049e+03	2.249612099397967913e-01	1.432314262195930887e-01	2.674233869731078017e-01	1.668252306016709541e-01	7.863392323298545872e-02	3.345630887413345023e-02	8.546851415846262734e-02
1.402953361960032225e+03	2.244450395893495820e-01	1.428687082471093717e-01	2.677552529145489912e-01	1.670607777385094139e-01	7.873236858335971866e-02	3.352425714703080595e-02	8.561359577984221925e-02
1.407791132173687402e+03	2.239318075318758039e-01	1.425079953938928889e-01	2.680852195136451677e-01	1.672949642992369867e-01	7.883027291245511825e-02	3.359190594262542046e-02	8.575783440601868202e-02
1.412628902387342805e+03	2.234214961132543753e-01	1.421492772957222983e-01	2.684132987014690164e-01	1.675277978600920037e-01	7.892763916496682575e-02	3.365925568576322302e-02	8.590123517848233248e-02
1.417466672600997981e+03	2.229140878118104629e-01	1.417925436199917455e-01	2.687395023113403059e-01	1.677592859599332797e-01	7.902447027056457018e-02	3.372630681961493598e-02	8.604380320649478164e-02
1.422304442814653157e+03	2.224095652366094578e-01	1.414377840663168795e-01	2.690638420801354513e-01	1.679894361003505532e-01	7.912076914394933214e-02	3.379305980521182112e-02	8.618554356717660070e-02
1.427142213028308333e+03	2.219079111257879211e-01	1.410849883671145277e-01	2.693863296495697668e-01	1.682182557457750360e-01	7.921653868491017325e-02	3.385951512099072414e-02	8.632646130560188424e-02
1.431979983241963964e+03	2.214091083449215014e-01	1.407341462881571137e-01	2.697069765674515729e-01	1.684457523235905196e-01	7.931178177838124621e-02	3.392567326234834091e-02	8.646656143489966917e-02
1.436817753455619140e+03	2.209131398854279615e-01	1.403852476291019835e-01	2.700257942889099372e-01	1.686719332242448965e-01	7.940650129449913774e-02	3.399153474120444191e-02	8.660584893636159853e-02
1.441655523669274316e+03	2.204199888630047066e-01	1.400382822239973069e-01	2.703427941775963239e-01	1.688968058013620988e-01	7.950070008866011451e-02	3.405710008557392282e-02	8.674432875955549738e-02
1.446493293882929493e+03	2.199296385160998957e-01	1.396932399417642745e-01	2.706579875068614860e-01	1.691203773718546466e-01	7.959438100157767426e-02	3.412236983914748722e-02	8.688200582244451353e-02
1.451331064096585123e+03	2.194420722044162220e-01	1.393501106866574801e-01	2.709713854609070993e-01	1.693426552160365028e-01	7.968754685934023585e-02	3.418734456088073220e-02	8.701888501151164301e-02
1.456168834310240300e+03	2.189572734074463622e-01	1.390088843987030143e-01	2.712829991359145820e-01	1.695636465777365931e-01	7.978020047346885690e-02	3.425202482459155373e-02	8.715497118188901549e-02
1.461006604523895703e+03	2.184752257230393457e-01	1.386695510541157139e-01	2.715928395411495999e-01	1.697833586644126036e-01	7.987234464097520137e-02	3.431641121856562199e-02	8.729026915749185656e-02
1.465844374737550879e+03	2.179959128659970657e-01	1.383321006656959284e-01	2.719009176000451999e-01	1.700017986472655285e-01	7.996398214441950703e-02	3.438050434516985721e-02	8.742478373115684931e-02
1.470682144951206283e+03	2.175193186666998790e-01	1.379965232832067457e-01	2.722072441512620178e-01	1.702189736613546056e-01	8.005511575196866403e-02	3.444430482047362851e-02	8.755851966478440940e-02
1.475519915164861459e+03	2.170454270697608767e-01	1.376628089937316501e-01	2.725118299497278351e-01	1.704348908057126966e-01	8.014574821745440447e-02	3.450781327387762026e-02	8.769148168948484590e-02
1.480357685378516862e+03	2.165742221327076333e-01	1.373309479220140850e-01	2.728146856676561538e-01	1.706495571434623881e-01	8.023588228043156134e-02	3.457103034775014377e-02	8.782367450572796386e-02
1.485195455592172038e+03	2.161056880246912670e-01	1.370009302307785837e-01	2.731158218955445083e-01	1.708629797019323715e-01	8.032552066623645237e-02	3.463395669707080432e-02	8.795510278349601141e-02
1.490033225805827215e+03	2.156398090252213406e-01	1.366727461210349159e-01	2.734152491431531273e-01	1.710751654727745430e-01	8.041466608604518063e-02	3.469659298908132211e-02	8.808577116243956895e-02
1.494870996019482618e+03	2.151765695229266862e-01	1.363463858323651634e-01	2.737129778404647218e-01	1.712861214120814934e-01	8.050332123693217101e-02	3.475893990294337543e-02	8.821568425203640818e-02
1.499708766233137567e+03	2.147159540143408485e-01	1.360218396431944754e-01	2.740090183386254541e-01	1.714958544405045526e-01	8.059148880192859576e-02	3.482099812940339656e-02	8.834484663175277974e-02
1.504546536446793198e+03	2.142579471027117877e-01	1.356990978710463092e-01	2.743033809108676446e-01	1.717043714433722779e-01	8.067917145008091095e-02	3.488276837046403595e-02	8.847326285120721279e-02
1.509384306660448374e+03	2.138025334968353952e-01	1.353781508727818494e-01	2.745960757534149921e-01	1.719116792708096364e-01	8.076637183650946239e-02	3.494425133906232245e-02	8.860093743033650715e-02
1.514222076874103550e+03	2.133496980099116036e-01	1.350589890448251063e-01	2.748871129863709184e-01	1.721177847378574655e-01	8.085309260246702212e-02	3.500544775875428366e-02	8.872787485956369624e-02
1.519059847087758726e+03	2.128994255584231721e-01	1.347416028233736351e-01	2.751765026545895387e-01	1.723226946245925151e-01	8.093933637539743597e-02	3.506635836340591533e-02	8.885407959996791116e-02
1.523897617301414357e+03	2.124517011610359274e-01	1.344259826845950467e-01	2.754642547285306997e-01	1.725264156762479906e-01	8.102510576899417394e-02	3.512698389689040274e-02	8.897955608345589629e-02
1.528735387515069533e+03	2.120065099375205708e-01	1.341121191448104433e-01	2.757503791050990860e-01	1.727289546033345669e-01	8.111040338325897769e-02	3.518732511279146907e-02	8.910430871293503752e-02
1.533573157728724709e+03	2.115638371076947466e-01	1.338000027606647546e-01	2.760348856084678393e-01	1.729303180817619301e-01	8.119523180456049427e-02	3.524738277411269133e-02	8.922834186248772281e-02
1.538410927942380113e+03	2.111236679903853997e-01	1.334896241292845287e-01	2.763177839908871336e-01	1.731305127529605137e-01	8.127959360569286806e-02	3.530715765299269338e-02	8.935165987754703498e-02
1.543248698156035516e+03	2.106859880024108400e-01	1.331809738884233985e-01	2.765990839334779294e-01	1.733295452240042056e-01	8.136349134593430510e-02	3.536665053042610529e-02	8.947426707507334653e-02
1.548086468369690692e+03	2.102507826575815697e-01	1.328740427165960858e-01	2.768787950470115722e-01	1.735274220677329449e-01	8.144692757110567893e-02	3.542586219599017788e-02	8.959616774373205250e-02
1.552924238583346096e+03	2.098180375657199559e-01	1.325688213332008314e-01	2.771569268726753466e-01	1.737241498228760395e-01	8.152990481362905328e-02	3.548479344757692056e-02	8.971736614407194166e-02
1.557762008797001272e+03	2.093877384316978896e-01	1.322653004986307779e-01	2.774334888828240975e-01	1.739197349941760118e-01	8.161242559258620466e-02	3.554344509113064460e-02	8.983786650870438650e-02
1.562599779010656675e+03	2.089598710544920412e-01	1.319634710143749168e-01	2.777084904817194166e-01	1.741141840525124995e-01	8.169449241377713111e-02	3.560181794039087716e-02	8.995767304248311613e-02
1.567437549224311852e+03	2.085344213262563529e-01	1.316633237231085718e-01	2.779819410062548402e-01	1.743075034350268504e-01	8.177610776977842222e-02	3.565991281664045859e-02	9.007678992268441931e-02
1.572275319437967255e+03	2.081113752314112941e-01	1.313648495087739732e-01	2.782538497266693334e-01	1.744996995452470778e-01	8.185727414000175395e-02	3.571773054845876066e-02	9.019522129918775000e-02
1.577113089651622431e+03	2.076907188457493558e-01	1.310680392966512287e-01	2.785242258472476196e-01	1.746907787532130663e-01	8.193799399075213374e-02	3.577527197147991472e-02	9.031297129465658269e-02
1.581950859865277607e+03	2.072724383355565025e-01	1.307728840534199966e-01	2.787930785070092954e-01	1.748807473956023317e-01	8.201826977528624274e-02	3.583253792815597333e-02	9.043004400471954529e-02
1.586788630078933011e+03	2.068565199567490576e-01	1.304793747872121656e-01	2.790604167803857338e-01	1.750696117758558101e-01	8.209810393387065308e-02	3.588952926752492223e-02	9.054644349815157978e-02
1.591626400292587959e+03	2.064429500540256868e-01	1.301875025476559034e-01	2.793262496778855519e-01	1.752573781643043949e-01	8.217749889384000361e-02	3.594624684498331363e-02	9.066217381705507505e-02
1.596464170506243590e+03	2.060317150600342317e-01	1.298972584259111551e-01	2.795905861467491427e-01	1.754440527982955300e-01	8.225645706965506454e-02	3.600269152206368728e-02	9.077723897704105538e-02
1.601301940719898766e+03	2.056228014945526983e-01	1.296086335546972612e-01	2.798534350715923269e-01	1.756296418823201921e-01	8.233498086296080209e-02	3.605886416621643942e-02	9.089164296741010507e-02
1.606139710933553943e+03	2.052161959636844279e-01	1.293216191083125799e-01	2.801148052750389583e-01	1.758141515881401773e-01	8.241307266264430442e-02	3.611476565059616728e-02	9.100538975133325159e-02
1.610977481147209119e+03	2.048118851590666478e-01	1.290362063026465889e-01	2.803747055183434256e-01	1.759975880549157212e-01	8.249073484489267971e-02	3.617039685385240594e-02	9.111848326603239068e-02
1.615815251360864750e+03	2.044098558570926205e-01	1.287523863951846037e-01	2.806331445020034399e-01	1.761799573893332860e-01	8.256796977325081555e-02	3.622575865992467420e-02	9.123092742296047553e-02
1.620653021574519926e+03	2.040100949181464507e-01	1.284701506850057795e-01	2.808901308663618868e-01	1.763612656657337352e-01	8.264477979867906887e-02	3.628085195784167688e-02	9.134272610798134517e-02
1.625490791788175102e+03	2.036125892858508812e-01	1.281894905127737849e-01	2.811456731921999075e-01	1.765415189262407591e-01	8.272116725961090045e-02	3.633567764152467738e-02	9.145388318154897001e-02
1.630328562001830505e+03	2.032173259863270798e-01	1.279103972607213702e-01	2.813997800013204320e-01	1.767207231808893830e-01	8.279713448201039827e-02	3.639023660959490869e-02	9.156440247888632256e-02
1.635166332215485909e+03	2.028242921274666377e-01	1.276328623526282180e-01	2.816524597571219979e-01	1.768988844077548639e-01	8.287268377942966224e-02	3.644452976518493259e-02	9.167428781016360995e-02
1.640004102429141085e+03	2.024334748982153653e-01	1.273568772537931049e-01	2.819037208651637427e-01	1.770760085530816985e-01	8.294781745306614718e-02	3.649855801575391939e-02	9.178354296067596507e-02
1.644841872642796488e+03	2.020448615678684112e-01	1.270824334709996783e-01	2.821535716737219035e-01	1.772521015314129922e-01	8.302253779181985316e-02	3.655232227290674402e-02	9.189217169102041616e-02
1.649679642856451665e+03	2.016584394853764006e-01	1.268095225524769887e-01	2.824020204743374340e-01	1.774271692257197164e-01	8.309684707235046042e-02	3.660582345221682216e-02	9.200017773727217629e-02
1.654517413070107068e+03	2.012741960786628981e-01	1.265381360878541639e-01	2.826490755023551849e-01	1.776012174875304384e-01	8.317074755913428374e-02	3.665906247305262405e-02	9.210756481116035010e-02
1.659355183283762244e+03	2.008921188539521396e-01	1.262682657081101167e-01	2.828947449374549228e-01	1.777742521370610784e-01	8.324424150452119919e-02	3.671204025840777568e-02	9.221433660024266898e-02
1.664192953497417420e+03	2.005121953951072011e-01	1.259999030855178670e-01	2.831390369041743016e-01	1.779462789633447506e-01	8.331733114879141811e-02	3.676475773473473346e-02	9.232049676807949079e-02
1.669030723711072824e+03	2.001344133629784916e-01	1.257330399335842286e-01	2.833819594724240609e-01	1.781173037243619917e-01	8.339001872021208073e-02	3.681721583178190066e-02	9.242604895440705015e-02
1.673868493924728000e+03	1.997587604947617945e-01	1.254676680069844452e-01	2.836235206579950652e-01	1.782873321471707129e-01	8.346230643509383595e-02	3.686941548243415079e-02	9.253099677530977896e-02
1.678706264138383403e+03	1.993852246033662456e-01	1.252037791014926627e-01	2.838637284230585700e-01	1.784563699280366234e-01	8.353419649784722678e-02	3.692135762255668169e-02	9.263534382339175255e-02
1.683544034352038352e+03	1.990137935767917476e-01	1.249413650539075715e-01	2.841025906766585507e-01	1.786244227325635425e-01	8.360569110103897861e-02	3.697304319084217944e-02	9.273909366794715059e-02
1.688381804565693983e+03	1.986444553775152666e-01	1.246804177419742476e-01	2.843401152751971472e-01	1.787914961958238791e-01	8.367679242544814877e-02	3.702447312866113949e-02	9.284224985512992689e-02
1.693219574779349159e+03	1.982771980418864544e-01	1.244209290843016069e-01	2.845763100229125597e-01	1.789575959224892210e-01	8.374750264012212342e-02	3.707564837991537965e-02	9.294481590812234129e-02
1.698057344993004335e+03	1.979120096795319028e-01	1.241628910402761687e-01	2.848111826723509488e-01	1.791227274869607866e-01	8.381782390243255887e-02	3.712656989089463400e-02	9.304679532730267266e-02
1.702895115206659511e+03	1.975488784727678360e-01	1.239062956099719198e-01	2.850447409248305641e-01	1.792868964335002646e-01	8.388775835813108706e-02	3.717723861013620679e-02	9.314819159041180796e-02
1.707732885420315142e+03	1.971877926760214061e-01	1.236511348340566113e-01	2.852769924309000449e-01	1.794501082763602651e-01	8.395730814140495157e-02	3.722765548828749216e-02	9.324900815271884580e-02
1.712570655633970318e+03	1.968287406152600671e-01	1.233974007936946421e-01	2.855079447907898915e-01	1.796123684999151870e-01	8.402647537493247720e-02	3.727782147797158163e-02	9.334924844718568704e-02
1.717408425847625494e+03	1.964717106874289132e-01	1.231450856104465003e-01	2.857376055548576654e-01	1.797736825587918641e-01	8.409526216993842840e-02	3.732773753365560554e-02	9.344891588463058452e-02
1.722246196061280898e+03	1.961166913598957617e-01	1.228941814461650406e-01	2.859659822240268601e-01	1.799340558780002930e-01	8.416367062624913187e-02	3.737740461152191246e-02	9.354801385389052704e-02
1.727083966274936301e+03	1.957636711699040355e-01	1.226446805028887505e-01	2.861930822502201655e-01	1.800934938530642238e-01	8.423170283234759914e-02	3.742682366934206584e-02	9.364654572198269356e-02
1.731921736488591478e+03	1.954126387240328611e-01	1.223965750227319904e-01	2.864189130367861824e-01	1.802520018501520271e-01	8.429936086542839935e-02	3.747599566635343576e-02	9.374451483426468612e-02
1.736759506702246881e+03	1.950635826976647447e-01	1.221498572877723898e-01	2.866434819389205857e-01	1.804095852062072014e-01	8.436664679145237933e-02	3.752492156313855243e-02	9.384192451459373585e-02
1.741597276915902057e+03	1.947164918344600759e-01	1.219045196199356196e-01	2.868667962640817914e-01	1.805662492290789622e-01	8.443356266520132825e-02	3.757360232150698531e-02	9.393877806548481257e-02
1.746435047129557461e+03	1.943713549458387646e-01	1.216605543808774587e-01	2.870888632724007405e-01	1.807219991976528051e-01	8.450011053033236463e-02	3.762203890437983145e-02	9.403507876826759648e-02
1.751272817343212637e+03	1.940281609104686500e-01	1.214179539718634598e-01	2.873096901770852418e-01	1.808768403619810394e-01	8.456629241943222630e-02	3.767023227567665306e-02	9.413082988324225631e-02
1.756110587556867813e+03	1.936868986737605713e-01	1.211767108336462007e-01	2.875292841448189862e-01	1.810307779434131570e-01	8.463211035407144922e-02	3.771818340020490629e-02	9.422603464983425603e-02
1.760948357770523216e+03	1.933475572473698778e-01	1.209368174463401752e-01	2.877476522961553429e-01	1.811838171347260606e-01	8.469756634485832436e-02	3.776589324355181243e-02	9.432069628674789874e-02
1.765786127984178393e+03	1.930101257087044886e-01	1.206982663292946456e-01	2.879648017059060483e-01	1.813359631002543770e-01	8.476266239149270187e-02	3.781336277197851897e-02	9.441481799211877413e-02
1.770623898197833569e+03	1.926745932004387818e-01	1.204610500409642876e-01	2.881807394035245662e-01	1.814872209760204913e-01	8.482740048281968426e-02	3.786059295231663374e-02	9.450840294366505412e-02
1.775461668411488745e+03	1.923409489300341724e-01	1.202251611787779340e-01	2.883954723734848402e-01	1.816375958698646098e-01	8.489178259688313910e-02	3.790758475186704196e-02	9.460145429883771995e-02
1.780299438625144376e+03	1.920091821692651024e-01	1.199905923790053758e-01	2.886090075556550505e-01	1.817870928615745729e-01	8.495581070097893428e-02	3.795433913830092987e-02	9.469397519496952631e-02
1.785137208838799552e+03	1.916792822537511376e-01	1.197573363166223454e-01	2.888213518456662632e-01	1.819357170030155568e-01	8.501948675170822867e-02	3.800085707956302183e-02	9.478596874942291084e-02
1.789974979052454728e+03	1.913512385824947815e-01	1.195253857051737645e-01	2.890325120952771942e-01	1.820834733182597198e-01	8.508281269503041588e-02	3.804713954377694080e-02	9.487743805973669620e-02
1.794812749266109904e+03	1.910250406174247295e-01	1.192947332966354246e-01	2.892424951127333665e-01	1.822303668037155988e-01	8.514579046631597092e-02	3.809318749915271973e-02	9.496838620377166806e-02
1.799650519479765535e+03	1.907006778829447302e-01	1.190653718812740153e-01	2.894513076631227699e-01	1.823764024282573670e-01	8.520842199039911635e-02	3.813900191389634625e-02	9.505881623985509843e-02
1.804488289693420711e+03	1.903781399654877748e-01	1.188372942875056959e-01	2.896589564687264140e-01	1.825215851333539252e-01	8.527070918163036362e-02	3.818458375612136108e-02	9.514873120692390884e-02
1.809326059907075887e+03	1.900574165130754223e-01	1.186104933817533069e-01	2.898654482093647178e-01	1.826659198331978262e-01	8.533265394392876291e-02	3.822993399376245494e-02	9.523813412466693162e-02
1.814163830120731291e+03	1.897384972348823973e-01	1.183849620683021242e-01	2.900707895227399025e-01	1.828094114148339777e-01	8.539425817083418080e-02	3.827505359449098060e-02	9.532702799366588042e-02
1.819001600334386467e+03	1.894213719008061569e-01	1.181606932891544892e-01	2.902749870047737768e-01	1.829520647382881504e-01	8.545552374555914765e-02	3.831994352563245637e-02	9.541541579553519670e-02
1.823839370548041643e+03	1.891060303410414811e-01	1.179376800238831763e-01	2.904780472099419142e-01	1.830938846366953476e-01	8.551645254104077443e-02	3.836460475408586673e-02	9.550330049306082758e-02
1.828677140761696819e+03	1.887924624456596423e-01	1.177159152894835525e-01	2.906799766516031669e-01	1.832348759164279528e-01	8.557704641999237805e-02	3.840903824624487817e-02	9.559068503033783804e-02
1.833514910975352450e+03	1.884806581641925161e-01	1.174953921402248219e-01	2.908807818023260716e-01	1.833750433572234328e-01	8.563730723495488473e-02	3.845324496792083130e-02	9.567757233290685726e-02
1.838352681189008081e+03	1.881706075052213822e-01	1.172761036675001589e-01	2.910804690942104811e-01	1.835143917123121249e-01	8.569723682834819167e-02	3.849722588426751635e-02	9.576396530788949812e-02
1.843190451402663257e+03	1.878623005359699727e-01	1.170580429996758987e-01	2.912790449192063091e-01	1.836529257085447175e-01	8.575683703252225121e-02	3.854098195970771801e-02	9.584986684412251379e-02
1.848028221616318433e+03	1.875557273819023485e-01	1.168412033019398527e-01	2.914765156294275017e-01	1.837906500465192605e-01	8.581610966980797450e-02	3.858451415786141869e-02	9.593527981229098278e-02
1.852865991829973609e+03	1.872508782263248572e-01	1.166255777761488616e-01	2.916728875374632324e-01	1.839275694007082018e-01	8.587505655256802428e-02	3.862782344147575042e-02	9.602020706506030068e-02
1.857703762043628785e+03	1.869477433099924202e-01	1.164111596606754312e-01	2.918681669166852677e-01	1.840636884195850642e-01	8.593367948324737160e-02	3.867091077235654262e-02	9.610465143720714476e-02
1.862541532257283961e+03	1.866463129307190938e-01	1.161979422302537451e-01	2.920623600015512245e-01	1.841990117257507609e-01	8.599198025442369997e-02	3.871377711130147975e-02	9.618861574574921747e-02
1.867379302470939592e+03	1.863465774429928223e-01	1.159859187958250104e-01	2.922554729879049962e-01	1.843335439160597999e-01	8.604996064885760132e-02	3.875642341803491736e-02	9.627210279007404614e-02
1.872217072684594768e+03	1.860485272575939375e-01	1.157750827043821096e-01	2.924475120332736822e-01	1.844672895617461283e-01	8.610762243954261930e-02	3.879885065114412751e-02	9.635511535206658928e-02
1.877054842898249490e+03	1.857521528412179046e-01	1.155654273388137115e-01	2.926384832571607975e-01	1.846002532085486425e-01	8.616496738975509828e-02	3.884105976801722343e-02	9.643765619623580199e-02
1.881892613111905121e+03	1.854574447161017881e-01	1.153569461177478689e-01	2.928283927413364851e-01	1.847324393768365325e-01	8.622199725310385199e-02	3.888305172478245114e-02	9.651972806984016051e-02
1.886730383325560297e+03	1.851643934596547136e-01	1.151496324953950601e-01	2.930172465301243423e-01	1.848638525617342931e-01	8.627871377357962390e-02	3.892482747624903539e-02	9.660133370301206279e-02
1.891568153539215928e+03	1.848729897040918002e-01	1.149434799613909125e-01	2.932050506306851378e-01	1.849944972332462911e-01	8.633511868560442282e-02	3.896638797584942027e-02	9.668247580888120196e-02
1.896405923752871104e+03	1.845832241360719495e-01	1.147384820406384121e-01	2.933918110132970880e-01	1.851243778363813319e-01	8.639121371408060857e-02	3.900773417558291156e-02	9.676315708369689905e-02
1.901243693966526507e+03	1.842950874963392160e-01	1.145346322931497379e-01	2.935775336116338008e-01	1.852534987912764775e-01	8.644700057443983898e-02	3.904886702596079701e-02	9.684338020694938098e-02
1.906081464180181683e+03	1.840085705793677029e-01	1.143319243138879449e-01	2.937622243230380570e-01	1.853818644933209747e-01	8.650248097269179481e-02	3.908978747595270170e-02	9.692314784149004547e-02
1.910919234393836859e+03	1.837236642330100367e-01	1.141303517326081179e-01	2.939458890087937037e-01	1.855094793132796571e-01	8.655765660547276585e-02	3.913049647293437294e-02	9.700246263365061572e-02
1.915757004607492036e+03	1.834403593581488967e-01	1.139299082136984720e-01	2.941285334943938845e-01	1.856363475974159294e-01	8.661252916009398728e-02	3.917099496263672792e-02	9.708132721336137916e-02
1.920594774821147894e+03	1.831586469083524016e-01	1.137305874560211316e-01	2.943101635698067708e-01	1.857624736676145860e-01	8.666710031458982333e-02	3.921128388909619900e-02	9.715974419426838538e-02
1.925432545034802843e+03	1.828785178895324659e-01	1.135323831927528004e-01	2.944907849897379637e-01	1.858878618215042966e-01	8.672137173776581220e-02	3.925136419460634879e-02	9.723771617384956156e-02
1.930270315248458019e+03	1.825999633596063487e-01	1.133352891912252219e-01	2.946704034738909517e-01	1.860125163325796194e-01	8.677534508924641954e-02	3.929123681967070653e-02	9.731524573352995366e-02
1.935108085462113195e+03	1.823229744281617271e-01	1.131392992527655433e-01	2.948490247072238502e-01	1.861364414503226539e-01	8.682902201952268084e-02	3.933090270295681867e-02	9.739233543879588506e-02
1.939945855675768371e+03	1.820475422561244339e-01	1.129444072125366932e-01	2.950266543402041419e-01	1.862596414003245826e-01	8.688240416999964966e-02	3.937036278125150696e-02	9.746898783930817156e-02
1.944783625889424002e+03	1.817736580554296377e-01	1.127506069393774818e-01	2.952032979890603093e-01	1.863821203844065189e-01	8.693549317304363755e-02	3.940961798941727129e-02	9.754520546901432332e-02
1.949621396103079178e+03	1.815013130886958814e-01	1.125578923356429506e-01	2.953789612360310790e-01	1.865038825807402989e-01	8.698829065202921818e-02	3.944866926034983762e-02	9.762099084625990020e-02
1.954459166316734354e+03	1.812304986689021735e-01	1.123662573370444867e-01	2.955536496296120585e-01	1.866249321439686915e-01	8.704079822138616196e-02	3.948751752493685763e-02	9.769634647389872917e-02
1.959296936530389530e+03	1.809612061590677168e-01	1.121756959124900754e-01	2.957273686847998739e-01	1.867452732053253572e-01	8.709301748664609322e-02	3.952616371201767009e-02	9.777127483940231678e-02
1.964134706744044706e+03	1.806934269719350783e-01	1.119862020639246919e-01	2.959001238833334768e-01	1.868649098727544200e-01	8.714495004448895299e-02	3.956460874834417246e-02	9.784577841496830408e-02
1.968972476957700337e+03	1.804271525696554967e-01	1.117977698261705538e-01	2.960719206739336751e-01	1.869838462310295379e-01	8.719659748278930922e-02	3.960285355854273326e-02	9.791985965762788069e-02
1.973810247171355968e+03	1.801623744634774926e-01	1.116103932667676518e-01	2.962427644725392217e-01	1.871020863418727809e-01	8.724796138066247264e-02	3.964089906507714534e-02	9.799352100935240784e-02
1.978648017385010689e+03	1.798990842134380319e-01	1.114240664858143770e-01	2.964126606625416271e-01	1.872196342440730077e-01	8.729904330851040450e-02	3.967874618821262689e-02	9.806676489715905609e-02
1.983485787598666320e+03	1.796372734280562988e-01	1.112387836158082455e-01	2.965816145950166960e-01	1.873364939536039664e-01	8.734984482806745776e-02	3.971639584598077310e-02	9.813959373321558266e-02
1.988323557812321269e+03	1.793769337640302719e-01	1.110545388214868173e-01	2.967496315889545100e-01	1.874526694637418667e-01	8.740036749244588232e-02	3.975384895414553477e-02	9.821200991494413723e-02
1.993161328025976900e+03	1.791180569259357147e-01	1.108713262996688514e-01	2.969167169314863575e-01	1.875681647451825640e-01	8.745061284618123321e-02	3.979110642617011973e-02	9.828401582512420742e-02
1.997999098239632076e+03	1.788606346659278867e-01	1.106891402790955575e-01	2.970828758781101087e-01	1.876829837461584660e-01	8.750058242527744556e-02	3.982816917318485889e-02	9.835561383199473151e-02
2.002836868453287707e+03	1.786046587834457522e-01	1.105079750202722089e-01	2.972481136529129264e-01	1.877971303925549951e-01	8.755027775725185424e-02	3.986503810395602282e-02	9.842680628935528142e-02
2.007674638666942428e+03	1.783501211249186591e-01	1.103278248153099633e-01	2.974124354487920341e-01	1.879106085880265786e-01	8.759970036117996350e-02	3.990171412485547797e-02	9.849759553666638523e-02
2.012512408880597604e+03	1.780970135834754331e-01	1.101486839877678370e-01	2.975758464276730964e-01	1.880234222141123346e-01	8.764885174774003640e-02	3.993819813983127964e-02	9.856798389914903091e-02
2.017350179094252780e+03	1.778453280986558860e-01	1.099705468924951635e-01	2.977383517207269348e-01	1.881355751303512014e-01	8.769773341925744814e-02	3.997449105037913231e-02	9.863797368788324027e-02
2.022187949307908411e+03	1.775950566561248500e-01	1.097934079154741505e-01	2.978999564285835233e-01	1.882470711743968739e-01	8.774634686974891462e-02	4.001059375551471037e-02	9.870756719990590733e-02
2.027025719521564042e+03	1.773461912873883217e-01	1.096172614736629358e-01	2.980606656215444850e-01	1.883579141621322117e-01	8.779469358496654052e-02	4.004650715174678383e-02	9.877676671830769306e-02
2.031863489735218764e+03	1.770987240695119369e-01	1.094421020148388379e-01	2.982204843397930349e-01	1.884681078877831206e-01	8.784277504244157597e-02	4.008223213305121130e-02	9.884557451232922620e-02
2.036701259948874394e+03	1.768526471248419996e-01	1.092679240174419669e-01	2.983794175936026472e-01	1.885776561240321558e-01	8.789059271152810382e-02	4.011776959084571714e-02	9.891399283745630489e-02
2.041539030162529116e+03	1.766079526207284534e-01	1.090947219904193077e-01	2.985374703635428895e-01	1.886865626221318482e-01	8.793814805344643548e-02	4.015312041396543186e-02	9.898202393551448763e-02
2.046376800376184747e+03	1.763646327692501015e-01	1.089224904730690391e-01	2.986946476006840934e-01	1.887948311120171974e-01	8.798544252132640964e-02	4.018828548863927208e-02	9.904967003476272680e-02
2.051214570589840150e+03	1.761226798269421856e-01	1.087512240348852827e-01	2.988509542267994701e-01	1.889024653024181100e-01	8.803247756025041337e-02	4.022326569846703531e-02	9.911693334998633587e-02
2.056052340803495554e+03	1.758820860945258802e-01	1.085809172754033380e-01	2.990063951345658388e-01	1.890094688809713097e-01	8.807925460729627842e-02	4.025806192439722320e-02	9.918381608258899917e-02
2.060890111017150957e+03	1.756428439166399791e-01	1.084115648240451674e-01	2.991609751877621903e-01	1.891158455143317207e-01	8.812577509157992761e-02	4.029267504470564892e-02	9.925032042068424043e-02
2.065727881230805451e+03	1.754049456815748864e-01	1.082431613399654630e-01	2.993146992214665292e-01	1.892215988482835454e-01	8.817204043429792415e-02	4.032710593497471768e-02	9.931644853918585036e-02
2.070565651444461309e+03	1.751683838210082722e-01	1.080757015118980341e-01	2.994675720422507736e-01	1.893267325078508978e-01	8.821805204876970175e-02	4.036135546807343571e-02	9.938220259989781480e-02
2.075403421658116713e+03	1.749331508097431154e-01	1.079091800580026794e-01	2.996195984283741010e-01	1.894312500974079105e-01	8.826381134047973920e-02	4.039542451413808549e-02	9.944758475160328515e-02
2.080241191871772116e+03	1.746992391654474674e-01	1.077435917257125175e-01	2.997707831299744607e-01	1.895351552007885354e-01	8.830931970711945744e-02	4.042931394055357397e-02	9.951259713015291053e-02
2.085078962085427065e+03	1.744666414483965200e-01	1.075789312915818169e-01	2.999211308692579792e-01	1.896384513813957617e-01	8.835457853862895006e-02	4.046302461193550248e-02	9.957724185855239274e-02
2.089916732299082469e+03	1.742353502612161154e-01	1.074151935611341729e-01	3.000706463406873081e-01	1.897411421823106403e-01	8.839958921723853336e-02	4.049655739011276401e-02	9.964152104704931956e-02
2.094754502512737417e+03	1.740053582486288941e-01	1.072523733687113512e-01	3.002193342111678098e-01	1.898432311264005301e-01	8.844435311751008832e-02	4.052991313411091062e-02	9.970543679321927644e-02
2.099592272726392821e+03	1.737766580972015806e-01	1.070904655773224495e-01	3.003671991202320202e-01	1.899447217164272339e-01	8.848887160637826377e-02	4.056309270013604834e-02	9.976899118205120875e-02
2.104430042940048224e+03	1.735492425350947943e-01	1.069294650784936712e-01	3.005142456802229467e-01	1.900456174351545235e-01	8.853314604319142966e-02	4.059609694155938420e-02	9.983218628603209022e-02
2.109267813153704083e+03	1.733231043318142761e-01	1.067693667921185280e-01	3.006604784764751459e-01	1.901459217454551931e-01	8.857717777975246398e-02	4.062892670890234925e-02	9.989502416523095285e-02
2.114105583367359031e+03	1.730982362979640865e-01	1.066101656663086261e-01	3.008059020674945239e-01	1.902456380904178346e-01	8.862096816035937297e-02	4.066158284982234611e-02	9.995750686738208435e-02
2.118943353581013525e+03	1.728746312850017453e-01	1.064518566772449798e-01	3.009505209851367491e-01	1.903447698934530030e-01	8.866451852184571714e-02	4.069406620909902378e-02	1.000196364279676842e-01
2.123781123794669384e+03	1.726522821849949263e-01	1.062944348290297131e-01	3.010943397347835004e-01	1.904433205583990485e-01	8.870783019362078747e-02	4.072637762862113542e-02	1.000814148702997425e-01
2.128618894008324787e+03	1.724311819303800397e-01	1.061378951535384835e-01	3.012373627955179378e-01	1.905412934696274485e-01	8.875090449770971224e-02	4.075851794737396505e-02	1.001428442056012391e-01
2.133456664221980191e+03	1.722113234937225901e-01	1.059822327102733081e-01	3.013795946202978970e-01	1.906386919921477241e-01	8.879374274879331397e-02	4.079048800142726777e-02	1.002039264330867319e-01
2.138294434435635139e+03	1.719926998874791446e-01	1.058274425862160417e-01	3.015210396361280298e-01	1.907355194717118563e-01	8.883634625424770281e-02	4.082228862392375812e-02	1.002646635400423064e-01
2.143132204649290543e+03	1.717753041637610778e-01	1.056735198956822858e-01	3.016617022442303897e-01	1.908317792349183972e-01	8.887871631418384211e-02	4.085392064506808418e-02	1.003250575019047075e-01
2.147969974862945492e+03	1.715591294141000644e-01	1.055204597801759486e-01	3.018015868202135743e-01	1.909274745893159986e-01	8.892085422148682250e-02	4.088538489211637761e-02	1.003851102823400537e-01
2.152807745076601350e+03	1.713441687692149051e-01	1.053682574082443618e-01	3.019406977142402027e-01	1.910226088235064956e-01	8.896276126185498345e-02	4.091668218936621304e-02	1.004448238333216920e-01
2.157645515290255844e+03	1.711304153987805443e-01	1.052169079753339093e-01	3.020790392511932265e-01	1.911171852072476030e-01	8.900443871383879879e-02	4.094781335814714346e-02	1.005042000952076214e-01
2.162483285503912157e+03	1.709178625111982264e-01	1.050664067036462396e-01	3.022166157308407430e-01	1.912112069915552492e-01	8.904588784887969288e-02	4.097877921681164493e-02	1.005632409968170993e-01
2.167321055717567106e+03	1.707065033533672893e-01	1.049167488419951305e-01	3.023534314279993085e-01	1.913046774088052460e-01	8.908710993134853762e-02	4.100958058072656093e-02	1.006219484555067600e-01
2.172158825931222509e+03	1.704963312104590956e-01	1.047679296656638254e-01	3.024894905926960864e-01	1.913975996728346785e-01	8.912810621858408000e-02	4.104021826226501163e-02	1.006803243772460416e-01
2.176996596144877003e+03	1.702873394056917400e-01	1.046199444762629660e-01	3.026247974503294413e-01	1.914899769790428252e-01	8.916887796093107832e-02	4.107069307079871251e-02	1.007383706566920833e-01
2.181834366358532861e+03	1.700795213001068118e-01	1.044727886015892337e-01	3.027593562018282558e-01	1.915818125044914666e-01	8.920942640177839666e-02	4.110100581269079262e-02	1.007960891772638895e-01
2.186672136572187810e+03	1.698728702923476275e-01	1.043264573954844204e-01	3.028931710238098041e-01	1.916731094080051379e-01	8.924975277759676640e-02	4.113115729128899445e-02	1.008534818112160614e-01
2.191509906785843214e+03	1.696673798184388238e-01	1.041809462376951378e-01	3.030262460687367931e-01	1.917638708302704664e-01	8.928985831797645045e-02	4.116114830691931098e-02	1.009105504197117947e-01
2.196347676999498617e+03	1.694630433515675882e-01	1.040362505337332627e-01	3.031585854650724055e-01	1.918540998939353703e-01	8.932974424566472726e-02	4.119097965688005292e-02	1.009672968528953774e-01
2.201185447213154021e+03	1.692598544018663609e-01	1.038923657147367147e-01	3.032901933174345088e-01	1.919437997037077015e-01	8.936941177660313873e-02	4.122065213543628370e-02	1.010237229499640621e-01
2.206023217426809424e+03	1.690578065161969235e-01	1.037492872373310393e-01	3.034210737067485342e-01	1.920329733464534450e-01	8.940886211996462718e-02	4.125016653381469167e-02	1.010798305392394542e-01
2.210860987640464373e+03	1.688568932779360987e-01	1.036070105834916016e-01	3.035512306903990210e-01	1.921216238912945573e-01	8.944809647819045029e-02	4.127952364019881609e-02	1.011356214382381352e-01
2.215698757854119776e+03	1.686571083067626708e-01	1.034655312604061683e-01	3.036806683023801079e-01	1.922097543897061667e-01	8.948711604702695721e-02	4.130872423972466179e-02	1.011910974537420099e-01
2.220536528067775180e+03	1.684584452584457492e-01	1.033248448003384196e-01	3.038093905534444139e-01	1.922973678756135230e-01	8.952592201556207330e-02	4.133776911447671620e-02	1.012462603818678197e-01
2.225374298281430583e+03	1.682608978246349918e-01	1.031849467604916970e-01	3.039374014312513084e-01	1.923844673654884485e-01	8.956451556626172927e-02	4.136665904348425793e-02	1.013011120081362820e-01
2.230212068495085077e+03	1.680644597326514944e-01	1.030458327228737508e-01	3.040647049005133495e-01	1.924710558584452613e-01	8.960289787500611003e-02	4.139539480271811622e-02	1.013556541075406464e-01
2.235049838708740936e+03	1.678691247452806790e-01	1.029074982941617367e-01	3.041913049031418903e-01	1.925571363363363930e-01	8.964107011112562584e-02	4.142397716508769423e-02	1.014098884446146820e-01
2.239887608922396339e+03	1.676748866605661248e-01	1.027699391055680866e-01	3.043172053583917402e-01	1.926427117638474240e-01	8.967903343743680034e-02	4.145240690043838772e-02	1.014638167735001234e-01
2.244725379136052197e+03	1.674817393116051212e-01	1.026331508127068665e-01	3.044424101630041624e-01	1.927277850885916743e-01	8.971678901027792252e-02	4.148068477554930217e-02	1.015174408380136589e-01
2.249563149349706237e+03	1.672896765663451357e-01	1.024971290954607983e-01	3.045669231913490371e-01	1.928123592412045728e-01	8.975433797954454618e-02	4.150881155413132378e-02	1.015707623717133495e-01
2.254400919563362095e+03	1.670986923273820590e-01	1.023618696578488529e-01	3.046907482955657498e-01	1.928964371354373319e-01	8.979168148872482269e-02	4.153678799682548883e-02	1.016237830979644929e-01
2.259238689777017044e+03	1.669087805317594209e-01	1.022273682278944384e-01	3.048138893057033560e-01	1.929800216682501790e-01	8.982882067493466738e-02	4.156461486120167914e-02	1.016765047300050434e-01
2.264076459990672902e+03	1.667199351507691329e-01	1.020936205574943662e-01	3.049363500298590823e-01	1.930631157199053927e-01	8.986575666895267600e-02	4.159229290175762983e-02	1.017289289710104766e-01
