1.001418434226643626e+03	2.834383250450207004e-01	1.739106635157014469e-01	2.343212533021459820e-01	1.414447704646902004e-01	6.894597832276892768e-02	2.772038830336813128e-02	7.021862104627797641e-02
1.002869765290740247e+03	2.831794093257800626e-01	1.737458859995208715e-01	2.344967009247289069e-01	1.415518987747008961e-01	6.899080950964578407e-02	2.774807941230610434e-02	7.028721605329070476e-02
1.004321096354836754e+03	2.829209407794285869e-01	1.735813931540347299e-01	2.346718264189547043e-01	1.416588411548659332e-01	6.903556537168645257e-02	2.777573678544150923e-02	7.035569633556142122e-02
1.005772427418933376e+03	2.826629186313452391e-01	1.734171844856936817e-01	2.348466303682512635e-01	1.417655979764902985e-01	6.908024604431343973e-02	2.780336042925561982e-02	7.042406206462388518e-02
1.007223758483029997e+03	2.824053421082616810e-01	1.732532595018129173e-01	2.350211133549585107e-01	1.418721696098705354e-01	6.912485166266814363e-02	2.783095035043310628e-02	7.049231341196859901e-02
1.008675089547126618e+03	2.821482104382598277e-01	1.730896177105706313e-01	2.351952759603309351e-01	1.419785564242990739e-01	6.916938236161168652e-02	2.785850655586076530e-02	7.056045054904065694e-02
1.010126420611223239e+03	2.818915228507695159e-01	1.729262586210064401e-01	2.353691187645399197e-01	1.420847587880685048e-01	6.921383827572556713e-02	2.788602905262622944e-02	7.062847364723745525e-02
1.011577751675319632e+03	2.816352785765660061e-01	1.727631817430198835e-01	2.355426423466761843e-01	1.421907770684756878e-01	6.925821953931253494e-02	2.791351784801670080e-02	7.069638287790667996e-02
1.013029082739416367e+03	2.813794768477675956e-01	1.726003865873687038e-01	2.357158472847523112e-01	1.422966116318260532e-01	6.930252628639731183e-02	2.794097294951766730e-02	7.076417841234407258e-02
1.014480413803512761e+03	2.811241168978331206e-01	1.724378726656674854e-01	2.358887341557050210e-01	1.424022628434376825e-01	6.934675865072734147e-02	2.796839436481165023e-02	7.083186042179140385e-02
1.015931744867609382e+03	2.808691979615597911e-01	1.722756394903859622e-01	2.360613035353976707e-01	1.425077310676454712e-01	6.939091676577353873e-02	2.799578210177696216e-02	7.089942907743433664e-02
1.017383075931706003e+03	2.806147192750805819e-01	1.721136865748475187e-01	2.362335559986226408e-01	1.426130166678052091e-01	6.943500076473108074e-02	2.802313616848644065e-02	7.096688455040035814e-02
1.018834406995802851e+03	2.803606800758617346e-01	1.719520134332276073e-01	2.364054921191036385e-01	1.427181200062977717e-01	6.947901078052010071e-02	2.805045657320619917e-02	7.103422701175679532e-02
1.020285738059899245e+03	2.801070796027007037e-01	1.717906195805522507e-01	2.365771124694982241e-01	1.428230414445331165e-01	6.952294694578645129e-02	2.807774332439441287e-02	7.110145663250877490e-02
1.021737069123995752e+03	2.798539170957234923e-01	1.716295045326964586e-01	2.367484176214000036e-01	1.429277813429542521e-01	6.956680939290249555e-02	2.810499643070007991e-02	7.116857358359718333e-02
1.023188400188092373e+03	2.796011917963824311e-01	1.714686678063827852e-01	2.369194081453411538e-01	1.430323400610413742e-01	6.961059825396778700e-02	2.813221590096178643e-02	7.123557803589675164e-02
1.024639731252188767e+03	2.793489029474536811e-01	1.713081089191796080e-01	2.370900846107946436e-01	1.431367179573157788e-01	6.965431366080981901e-02	2.815940174420649561e-02	7.130247016021407092e-02
1.026091062316285615e+03	2.790970497930350680e-01	1.711478273894997681e-01	2.372604475861765927e-01	1.432409153893438869e-01	6.969795574498480195e-02	2.818655396964834040e-02	7.136925012728567719e-02
1.027542393380382237e+03	2.788456315785433071e-01	1.709878227365989878e-01	2.374304976388487420e-01	1.433449327137411855e-01	6.974152463777834321e-02	2.821367258668741607e-02	7.143591810777615014e-02
1.028993724444478858e+03	2.785946475507121711e-01	1.708280944805742885e-01	2.376002353351206464e-01	1.434487702861760861e-01	6.978502047020618271e-02	2.824075760490857637e-02	7.150247427227617025e-02
1.030445055508575479e+03	2.783440969575897150e-01	1.706686421423625200e-01	2.377696612402520060e-01	1.435524284613738932e-01	6.982844337301492843e-02	2.826780903408024001e-02	7.156891879130072853e-02
1.031896386572671872e+03	2.780939790485362217e-01	1.705094652437388891e-01	2.379387759184550533e-01	1.436559075931206908e-01	6.987179347668281970e-02	2.829482688415321107e-02	7.163525183528721141e-02
1.033347717636768493e+03	2.778442930742215378e-01	1.703505633073153225e-01	2.381075799328967180e-01	1.437592080342671164e-01	6.991507091142037944e-02	2.832181116525947853e-02	7.170147357459358273e-02
1.034799048700865114e+03	2.775950382866230193e-01	1.701919358565390505e-01	2.382760738457010419e-01	1.438623301367321916e-01	6.995827580717116356e-02	2.834876188771106795e-02	7.176758417949662128e-02
1.036250379764961508e+03	2.773462139390229231e-01	1.700335824156911091e-01	2.384442582179514547e-01	1.439652742515072636e-01	7.000140829361246875e-02	2.837567906199884443e-02	7.183358382019006116e-02
1.037701710829058356e+03	2.770978192860064637e-01	1.698755025098847293e-01	2.386121336096929668e-01	1.440680407286596687e-01	7.004446850015606796e-02	2.840256269879136777e-02	7.189947266678285709e-02
1.039153041893154750e+03	2.768498535834591490e-01	1.697176956650638946e-01	2.387797005799345007e-01	1.441706299173365624e-01	7.008745655594887658e-02	2.842941280893372669e-02	7.196525088929747738e-02
1.040604372957251599e+03	2.766023160885644483e-01	1.695601614080018416e-01	2.389469596866511669e-01	1.442730421657685835e-01	7.013037258987368794e-02	2.845622940344638696e-02	7.203091865766809987e-02
1.042055704021347992e+03	2.763552060598017390e-01	1.694028992662995614e-01	2.391139114867864290e-01	1.443752778212736565e-01	7.017321673054988107e-02	2.848301249352404654e-02	7.209647614173894659e-02
1.043507035085444613e+03	2.761085227569435863e-01	1.692459087683843288e-01	2.392805565362545184e-01	1.444773372302606551e-01	7.021598910633410073e-02	2.850976209053448715e-02	7.216192351126254900e-02
1.044958366149541234e+03	2.758622654410540220e-01	1.690891894435081477e-01	2.394468953899424601e-01	1.445792207382330941e-01	7.025868984532096517e-02	2.853647820601745017e-02	7.222726093589812435e-02
1.046409697213637855e+03	2.756164333744856032e-01	1.689327408217463078e-01	2.396129286017124327e-01	1.446809286897927371e-01	7.030131907534380165e-02	2.856316085168350213e-02	7.229248858520988252e-02
1.047861028277734476e+03	2.753710258208775241e-01	1.687765624339959136e-01	2.397786567244039879e-01	1.447824614286432610e-01	7.034387692397522929e-02	2.858981003941291066e-02	7.235760662866543014e-02
1.049312359341831097e+03	2.751260420451532296e-01	1.686206538119742748e-01	2.399440803098361885e-01	1.448838192975939465e-01	7.038636351852796402e-02	2.861642578125453418e-02	7.242261523563410519e-02
1.050763690405927491e+03	2.748814813135179724e-01	1.684650144882176293e-01	2.401091999088099394e-01	1.449850026385631763e-01	7.042877898605545695e-02	2.864300808942469787e-02	7.248751457538538112e-02
1.052215021470024112e+03	2.746373428934566485e-01	1.683096439960795887e-01	2.402740160711100137e-01	1.450860117925820147e-01	7.047112345335257433e-02	2.866955697630609035e-02	7.255230481708732637e-02
1.053666352534120733e+03	2.743936260537315763e-01	1.681545418697295291e-01	2.404385293455074124e-01	1.451868470997977612e-01	7.051339704695629151e-02	2.869607245444667082e-02	7.261698612980500844e-02
1.055117683598217127e+03	2.741503300643801100e-01	1.679997076441513137e-01	2.406027402797614456e-01	1.452875088994775576e-01	7.055559989314638680e-02	2.872255453655856230e-02	7.268155868249893958e-02
1.056569014662313975e+03	2.739074541967122522e-01	1.678451408551416835e-01	2.407666494206219254e-01	1.453879975300117755e-01	7.059773211794607983e-02	2.874900323551696224e-02	7.274602264402357799e-02
1.058020345726410369e+03	2.736649977233087672e-01	1.676908410393088689e-01	2.409302573138313031e-01	1.454883133289176234e-01	7.063979384712275322e-02	2.877541856435907389e-02	7.281037818312577348e-02
1.059471676790506763e+03	2.734229599180186265e-01	1.675368077340711470e-01	2.410935645041269448e-01	1.455884566328425334e-01	7.068178520618857708e-02	2.880180053628300998e-02	7.287462546844333811e-02
1.060923007854603611e+03	2.731813400559566229e-01	1.673830404776552594e-01	2.412565715352431861e-01	1.456884277775676584e-01	7.072370632040121674e-02	2.882814916464672764e-02	7.293876466850347795e-02
1.062374338918700232e+03	2.729401374135013714e-01	1.672295388090951351e-01	2.414192789499134961e-01	1.457882270980112860e-01	7.076555731476448508e-02	2.885446446296695278e-02	7.300279595172140534e-02
1.063825669982796853e+03	2.726993512682930887e-01	1.670763022682302534e-01	2.415816872898726431e-01	1.458878549282322523e-01	7.080733831402899470e-02	2.888074644491812545e-02	7.306671948639886782e-02
1.065277001046893474e+03	2.724589808992308737e-01	1.669233303957043113e-01	2.417437970958587479e-01	1.459873116014333283e-01	7.084904944269282412e-02	2.890699512433133819e-02	7.313053544072273260e-02
1.066728332110990095e+03	2.722190255864712638e-01	1.667706227329637525e-01	2.419056089076155325e-01	1.460865974499646058e-01	7.089069082500219776e-02	2.893321051519328474e-02	7.319424398276354327e-02
1.068179663175086489e+03	2.719794846114251818e-01	1.666181788222563520e-01	2.420671232638943182e-01	1.461857128053268562e-01	7.093226258495212433e-02	2.895939263164521577e-02	7.325784528047415978e-02
1.069630994239183110e+03	2.717403572567562153e-01	1.664659982066296340e-01	2.422283407024561908e-01	1.462846579981748052e-01	7.097376484628706295e-02	2.898554148798189456e-02	7.332133950168839842e-02
1.071082325303279504e+03	2.715016428063782294e-01	1.663140804299296782e-01	2.423892617600741095e-01	1.463834333583205471e-01	7.101519773250154766e-02	2.901165709865055967e-02	7.338472681411956078e-02
1.072533656367376352e+03	2.712633405454530910e-01	1.661624250367993993e-01	2.425498869725349893e-01	1.464820392147367645e-01	7.105656136684088131e-02	2.903773947824989793e-02	7.344800738535926798e-02
1.073984987431472746e+03	2.710254497603884483e-01	1.660110315726773256e-01	2.427102168746418098e-01	1.465804758955600307e-01	7.109785587230174619e-02	2.906378864152901753e-02	7.351118138287593418e-02
1.075436318495569594e+03	2.707879697388356766e-01	1.658598995837960721e-01	2.428702520002156973e-01	1.466787437280940298e-01	7.113908137163287015e-02	2.908980460338642798e-02	7.357424897401360075e-02
1.076887649559666215e+03	2.705508997696874363e-01	1.657090286171809812e-01	2.430299928820978950e-01	1.467768430388129153e-01	7.118023798733562335e-02	2.911578737886901663e-02	7.363721032599053473e-02
1.078338980623762609e+03	2.703142391430755631e-01	1.655584182206486510e-01	2.431894400521519839e-01	1.468747741533643902e-01	7.122132584166475378e-02	2.914173698317105293e-02	7.370006560589806299e-02
1.079790311687859230e+03	2.700779871503689589e-01	1.654080679428054645e-01	2.433485940412658255e-01	1.469725373965729553e-01	7.126234505662892849e-02	2.916765343163317190e-02	7.376281498069914289e-02
1.081241642751955851e+03	2.698421430841712598e-01	1.652579773330462576e-01	2.435074553793537266e-01	1.470701330924432115e-01	7.130329575399141362e-02	2.919353673974138183e-02	7.382545861722726588e-02
1.082692973816052472e+03	2.696067062383186164e-01	1.651081459415528752e-01	2.436660245953584103e-01	1.471675615641628021e-01	7.134417805527068501e-02	2.921938692312606167e-02	7.388799668218509753e-02
1.084144304880149093e+03	2.693716759078775280e-01	1.649585733192927284e-01	2.438243022172531249e-01	1.472648231341057712e-01	7.138499208174109434e-02	2.924520399756098260e-02	7.395042934214332564e-02
1.085595635944245487e+03	2.691370513891428451e-01	1.648092590180174344e-01	2.439822887720435318e-01	1.473619181238355891e-01	7.142573795443347973e-02	2.927098797896230883e-02	7.401275676353941124e-02
1.087046967008342108e+03	2.689028319796352706e-01	1.646602025902614286e-01	2.441399847857698147e-01	1.474588468541083164e-01	7.146641579413576251e-02	2.929673888338762272e-02	7.407497911267642288e-02
1.088498298072438729e+03	2.686690169780993620e-01	1.645114035893403825e-01	2.442973907835088443e-01	1.475556096448756571e-01	7.150702572139359947e-02	2.932245672703496023e-02	7.413709655572184309e-02
1.089949629136535123e+03	2.684356056845014216e-01	1.643628615693500383e-01	2.444545072893759552e-01	1.476522068152880118e-01	7.154756785651102124e-02	2.934814152624182909e-02	7.419910925870638885e-02
1.091400960200631971e+03	2.682025974000270541e-01	1.642145760851646541e-01	2.446113348265271104e-01	1.477486386836977250e-01	7.158804231955101516e-02	2.937379329748424778e-02	7.426101738752287351e-02
1.092852291264728365e+03	2.679699914270793348e-01	1.640665466924356442e-01	2.447678739171608719e-01	1.478449055676618329e-01	7.162844923033614974e-02	2.939941205737578792e-02	7.432282110792508278e-02
1.094303622328825213e+03	2.677377870692762563e-01	1.639187729475903021e-01	2.449241250825203164e-01	1.479410077839453386e-01	7.166878870844922700e-02	2.942499782266660979e-02	7.438452058552662283e-02
1.095754953392921607e+03	2.675059836314491180e-01	1.637712544078301913e-01	2.450800888428951163e-01	1.480369456485241819e-01	7.170906087323380973e-02	2.945055061024252560e-02	7.444611598579979617e-02
1.097206284457018228e+03	2.672745804196397512e-01	1.636239906311298398e-01	2.452357657176235106e-01	1.481327194765880706e-01	7.174926584379494321e-02	2.947607043712404187e-02	7.450760747407456086e-02
1.098657615521114849e+03	2.670435767410987982e-01	1.634769811762355196e-01	2.453911562250942480e-01	1.482283295825436442e-01	7.178940373899966865e-02	2.950155732046542620e-02	7.456899521553739252e-02
1.100108946585211470e+03	2.668129719042834358e-01	1.633302256026636090e-01	2.455462608827485571e-01	1.483237762800173887e-01	7.182947467747768933e-02	2.952701127755377047e-02	7.463027937523025734e-02
1.101560277649308091e+03	2.665827652188551000e-01	1.631837234706993989e-01	2.457010802070821731e-01	1.484190598818585505e-01	7.186947877762193959e-02	2.955243232580806456e-02	7.469146011804950192e-02
1.103011608713404712e+03	2.663529559956775428e-01	1.630374743413956218e-01	2.458556147136471415e-01	1.485141807001420788e-01	7.190941615758918160e-02	2.957782048277824913e-02	7.475253760874488174e-02
1.104462939777501106e+03	2.661235435468146671e-01	1.628914777765711197e-01	2.460098649170539831e-01	1.486091390461715678e-01	7.194928693530064368e-02	2.960317576614431706e-02	7.481351201191846489e-02
1.105914270841597499e+03	2.658945271855283066e-01	1.627457333388094007e-01	2.461638313309734705e-01	1.487039352304820594e-01	7.198909122844257547e-02	2.962849819371538712e-02	7.487438349202363286e-02
1.107365601905694348e+03	2.656659062262761162e-01	1.626002405914573901e-01	2.463175144681386264e-01	1.487985695628430138e-01	7.202882915446687240e-02	2.965378778342879496e-02	7.493515221336408128e-02
1.108816932969790741e+03	2.654376799847094626e-01	1.624549990986239312e-01	2.464709148403467220e-01	1.488930423522612234e-01	7.206850083059163081e-02	2.967904455334918062e-02	7.499581834009286241e-02
1.110268264033887590e+03	2.652098477776713148e-01	1.623100084251785369e-01	2.466240329584609980e-01	1.489873539069834496e-01	7.210810637380180022e-02	2.970426852166758308e-02	7.505638203621133042e-02
1.111719595097984211e+03	2.649824089231941349e-01	1.621652681367500015e-01	2.467768693324128293e-01	1.490815045344995315e-01	7.214764590084969675e-02	2.972945970670055893e-02	7.511684346556822545e-02
1.113170926162080832e+03	2.647553627404978793e-01	1.620207777997249854e-01	2.469294244712035291e-01	1.491754945415450229e-01	7.218711952825564160e-02	2.975461812688926302e-02	7.517720279185872989e-02
1.114622257226177226e+03	2.645287085499876123e-01	1.618765369812466270e-01	2.470816988829062089e-01	1.492693242341040227e-01	7.222652737230852993e-02	2.977974380079858110e-02	7.523746017862348312e-02
1.116073588290273847e+03	2.643024456732516181e-01	1.617325452492133497e-01	2.472336930746677486e-01	1.493629939174120069e-01	7.226586954906641380e-02	2.980483674711623815e-02	7.529761578924769327e-02
1.117524919354370468e+03	2.640765734330591807e-01	1.615888021722774182e-01	2.473854075527107677e-01	1.494565038959585757e-01	7.230514617435708502e-02	2.982989698465191020e-02	7.535766978696017970e-02
1.118976250418467089e+03	2.638510911533587522e-01	1.614453073198434951e-01	2.475368428223352624e-01	1.495498544734901458e-01	7.234435736377863024e-02	2.985492453233635352e-02	7.541762233483251254e-02
1.120427581482563710e+03	2.636259981592753987e-01	1.613020602620674759e-01	2.476879993879208264e-01	1.496430459530128654e-01	7.238350323270004161e-02	2.987991940922053724e-02	7.547747359577805515e-02
1.121878912546660331e+03	2.634012937771090801e-01	1.611590605698550449e-01	2.478388777529282327e-01	1.497360786367951668e-01	7.242258389626177184e-02	2.990488163447477601e-02	7.553722373255111755e-02
1.123330243610756725e+03	2.631769773343325958e-01	1.610163078148603433e-01	2.479894784199014879e-01	1.498289528263705428e-01	7.246159946937631713e-02	2.992981122738786956e-02	7.559687290774612378e-02
1.124781574674853118e+03	2.629530481595891422e-01	1.608738015694845536e-01	2.481398018904696356e-01	1.499216688225402661e-01	7.250055006672874447e-02	2.995470820736623185e-02	7.565642128379668208e-02
1.126232905738949967e+03	2.627295055826907588e-01	1.607315414068747339e-01	2.482898486653485892e-01	1.500142269253760263e-01	7.253943580277730230e-02	2.997957259393305152e-02	7.571586902297476607e-02
1.127684236803046360e+03	2.625063489346156076e-01	1.605895269009224580e-01	2.484396192443431295e-01	1.501066274342226781e-01	7.257825679175400335e-02	3.000440440672743486e-02	7.577521628738989601e-02
1.129135567867143209e+03	2.622835775475065856e-01	1.604477576262623162e-01	2.485891141263485704e-01	1.501988706477007940e-01	7.261701314766513815e-02	3.002920366550356629e-02	7.583446323898829222e-02
1.130586898931239830e+03	2.620611907546686603e-01	1.603062331582707500e-01	2.487383338093527019e-01	1.502909568637093574e-01	7.265570498429184398e-02	3.005397039012986868e-02	7.589361003955205631e-02
1.132038229995336451e+03	2.618391878905673709e-01	1.601649530730645810e-01	2.488872787904375938e-01	1.503828863794284265e-01	7.269433241519071554e-02	3.007870460058816031e-02	7.595265685069838013e-02
1.133489561059432845e+03	2.616175682908262190e-01	1.600239169474999557e-01	2.490359495657815392e-01	1.504746594913216606e-01	7.273289555369430448e-02	3.010340631697282221e-02	7.601160383387874087e-02
1.134940892123529466e+03	2.613963312922251148e-01	1.598831243591707363e-01	2.491843466306606913e-01	1.505662764951389565e-01	7.277139451291171623e-02	3.012807555948998281e-02	7.607045115037813776e-02
1.136392223187626087e+03	2.611754762326978785e-01	1.597425748864073347e-01	2.493324704794510627e-01	1.506577376859190298e-01	7.280982940572909567e-02	3.015271234845667836e-02	7.612919896131431496e-02
1.137843554251722708e+03	2.609550024513305755e-01	1.596022681082753525e-01	2.494803216056301898e-01	1.507490433579919964e-01	7.284820034481027939e-02	3.017731670430005148e-02	7.618784742763697049e-02
1.139294885315819101e+03	2.607349092883592956e-01	1.594622036045742763e-01	2.496279005017791319e-01	1.508401938049819535e-01	7.288650744259726755e-02	3.020188864755651847e-02	7.624639671012704845e-02
1.140746216379915950e+03	2.605151960851680437e-01	1.593223809558362014e-01	2.497752076595841086e-01	1.509311893198094223e-01	7.292475081131080672e-02	3.022642819887097140e-02	7.630484696939596190e-02
1.142197547444012343e+03	2.602958621842869080e-01	1.591827997433244435e-01	2.499222435698383593e-01	1.510220301946940125e-01	7.296293056295091728e-02	3.025093537899596619e-02	7.636319836588492671e-02
1.143648878508108737e+03	2.600769069293898395e-01	1.590434595490323733e-01	2.500690087224439750e-01	1.511127167211568090e-01	7.300104680929746237e-02	3.027541020879091424e-02	7.642145105986414277e-02
1.145100209572205586e+03	2.598583296652927643e-01	1.589043599556820008e-01	2.502155036064136473e-01	1.512032491900229814e-01	7.303909966191067527e-02	3.029985270922130186e-02	7.647960521143219725e-02
1.146551540636302207e+03	2.596401297379515860e-01	1.587655005467225877e-01	2.503617287098724442e-01	1.512936278914241706e-01	7.307708923213165897e-02	3.032426290135788183e-02	7.653766098051525968e-02
1.148002871700398828e+03	2.594223064944598534e-01	1.586268809063296481e-01	2.505076845200596147e-01	1.513838531148010702e-01	7.311501563108301072e-02	3.034864080637588238e-02	7.659561852686647132e-02
1.149454202764495449e+03	2.592048592830473175e-01	1.584885006194033663e-01	2.506533715233303927e-01	1.514739251489057859e-01	7.315287896966930770e-02	3.037298644555421964e-02	7.665347801006520967e-02
1.150905533828591842e+03	2.589877874530772672e-01	1.583503592715674591e-01	2.507987902051577178e-01	1.515638442818043607e-01	7.319067935857762053e-02	3.039729984027473436e-02	7.671123958951646393e-02
1.152356864892688463e+03	2.587710903550449748e-01	1.582124564491677876e-01	2.509439410501340673e-01	1.516536108008791905e-01	7.322841690827809613e-02	3.042158101202138698e-02	7.676890342445016890e-02
1.153808195956785084e+03	2.585547673405756419e-01	1.580747917392711366e-01	2.510888245419730103e-01	1.517432249928314103e-01	7.326609172902445732e-02	3.044582998237951171e-02	7.682646967392049719e-02
1.155259527020881706e+03	2.583388177624221793e-01	1.579373647296639649e-01	2.512334411635113729e-01	1.518326871436833647e-01	7.330370393085453018e-02	3.047004677303501510e-02	7.688393849680530412e-02
1.156710858084978327e+03	2.581232409744634304e-01	1.578001750088510458e-01	2.513777913967105149e-01	1.519219975387809118e-01	7.334125362359077138e-02	3.049423140577364050e-02	7.694131005180544769e-02
1.158162189149074720e+03	2.579080363317020619e-01	1.576632221660542177e-01	2.515218757226583279e-01	1.520111564627959488e-01	7.337874091684083722e-02	3.051838390248018743e-02	7.699858449744416411e-02
1.159613520213171569e+03	2.576932031902626763e-01	1.575265057912110522e-01	2.516656946215710677e-01	1.521001641997287157e-01	7.341616591999802766e-02	3.054250428513775178e-02	7.705576199206649879e-02
1.161064851277267962e+03	2.574787409073898137e-01	1.573900254749737160e-01	2.518092485727947416e-01	1.521890210329100157e-01	7.345352874224192474e-02	3.056659257582699032e-02	7.711284269383859857e-02
1.162516182341364356e+03	2.572646488414457866e-01	1.572537808087076106e-01	2.519525380548072735e-01	1.522777272450038522e-01	7.349082949253876729e-02	3.059064879672535042e-02	7.716982676074725378e-02
1.163967513405461204e+03	2.570509263519089038e-01	1.571177713844900126e-01	2.520955635452198917e-01	1.523662831180095101e-01	7.352806827964208924e-02	3.061467297010632763e-02	7.722671435059920431e-02
1.165418844469557826e+03	2.568375727993714164e-01	1.569819967951090744e-01	2.522383255207789610e-01	1.524546889332639987e-01	7.356524521209314993e-02	3.063866511833873707e-02	7.728350562102062615e-02
1.166870175533654447e+03	2.566245875455375192e-01	1.568464566340622424e-01	2.523808244573678694e-01	1.525429449714443275e-01	7.360236039822153076e-02	3.066262526388595366e-02	7.734020072945653468e-02
1.168321506597751068e+03	2.564119699532216301e-01	1.567111504955552015e-01	2.525230608300083057e-01	1.526310515125698097e-01	7.363941394614559321e-02	3.068655342930519392e-02	7.739679983317022949e-02
1.169772837661847461e+03	2.561997193863460587e-01	1.565760779745005160e-01	2.526650351128624239e-01	1.527190088360043940e-01	7.367640596377300621e-02	3.071044963724678042e-02	7.745330308924278095e-02
1.171224168725944082e+03	2.559878352099392851e-01	1.564412386665164356e-01	2.528067477792342865e-01	1.528068172204588571e-01	7.371333655880123181e-02	3.073431391045340633e-02	7.750971065457240572e-02
1.172675499790040703e+03	2.557763167901339063e-01	1.563066321679256188e-01	2.529481993015716967e-01	1.528944769439931350e-01	7.375020583871808033e-02	3.075814627175942062e-02	7.756602268587400872e-02
1.174126830854137097e+03	2.555651634941648598e-01	1.561722580757539114e-01	2.530893901514676414e-01	1.529819882840185163e-01	7.378701391080218219e-02	3.078194674409010304e-02	7.762223933967860034e-02
1.175578161918233945e+03	2.553543746903672029e-01	1.560381159877289869e-01	2.532303207996622896e-01	1.530693515173000008e-01	7.382376088212350140e-02	3.080571535046095974e-02	7.767836077233286618e-02
1.177029492982330339e+03	2.551439497481743368e-01	1.559042055022792639e-01	2.533709917160445468e-01	1.531565669199583257e-01	7.386044685954383515e-02	3.082945211397698781e-02	7.773438713999857030e-02
1.178480824046426733e+03	2.549338880381160077e-01	1.557705262185324346e-01	2.535114033696536651e-01	1.532436347674724086e-01	7.389707194971734117e-02	3.085315705783199178e-02	7.779031859865208343e-02
1.179932155110523581e+03	2.547241889318164199e-01	1.556370777363144942e-01	2.536515562286809633e-01	1.533305553346813455e-01	7.393363625909095405e-02	3.087683020530786193e-02	7.784615530408389716e-02
1.181383486174620202e+03	2.545148518019922923e-01	1.555038596561483244e-01	2.537914507604715486e-01	1.534173288957867975e-01	7.397013989390500976e-02	3.090047157977388048e-02	7.790189741189813832e-02
1.182834817238716823e+03	2.543058760224509718e-01	1.553708715792524453e-01	2.539310874315259259e-01	1.535039557243549901e-01	7.400658296019362037e-02	3.092408120468601723e-02	7.795754507751209705e-02
1.184286148302813444e+03	2.540972609680882677e-01	1.552381131075398768e-01	2.540704667075015522e-01	1.535904360933190160e-01	7.404296556378527072e-02	3.094765910358624611e-02	7.801309845615576888e-02
1.185737479366910065e+03	2.538890060148870087e-01	1.551055838436168621e-01	2.542095890532146685e-01	1.536767702749809728e-01	7.407928781030323484e-02	3.097120530010184433e-02	7.806855770287136898e-02
1.187188810431006686e+03	2.536811105399146560e-01	1.549732833907815910e-01	2.543484549326419653e-01	1.537629585410140443e-01	7.411554980516608937e-02	3.099471981794471240e-02	7.812392297251284645e-02
1.188640141495103080e+03	2.534735739213215822e-01	1.548412113530230338e-01	2.544870648089220255e-01	1.538490011624647491e-01	7.415175165358824094e-02	3.101820268091068367e-02	7.817919441974556516e-02
1.190091472559199701e+03	2.532663955383391285e-01	1.547093673350196652e-01	2.546254191443571568e-01	1.539348984097549666e-01	7.418789346058035639e-02	3.104165391287884782e-02	7.823437219904570694e-02
1.191542803623296322e+03	2.530595747712777732e-01	1.545777509421383533e-01	2.547635184004148901e-01	1.540206505526841019e-01	7.422397533094986233e-02	3.106507353781088471e-02	7.828945646469996633e-02
1.192994134687392716e+03	2.528531110015251326e-01	1.544463617804330002e-01	2.549013630377297002e-01	1.541062578604311950e-01	7.425999736930145867e-02	3.108846157975037050e-02	7.834444737080506482e-02
1.194445465751489564e+03	2.526470036115440743e-01	1.543151994566433205e-01	2.550389535161045051e-01	1.541917206015570030e-01	7.429595968003759043e-02	3.111181806282212886e-02	7.839934507126736229e-02
1.195896796815585958e+03	2.524412519848708292e-01	1.541842635781937587e-01	2.551762902945124423e-01	1.542770390440060257e-01	7.433186236735891961e-02	3.113514301123155789e-02	7.845414971980242680e-02
1.197348127879682352e+03	2.522358555061131602e-01	1.540535537531921295e-01	2.553133738310985890e-01	1.543622134551087266e-01	7.436770553526479699e-02	3.115843644926395706e-02	7.850886146993464598e-02
1.198799458943779200e+03	2.520308135609484745e-01	1.539230695904285073e-01	2.554502045831810730e-01	1.544472441015834752e-01	7.440348928755376179e-02	3.118169840128388534e-02	7.856348047499685239e-02
1.200250790007875821e+03	2.518261255361217699e-01	1.537928106993739774e-01	2.555867830072532376e-01	1.545321312495386012e-01	7.443921372782402734e-02	3.120492889173449857e-02	7.861800688812989324e-02
1.201702121071972442e+03	2.516217908194439690e-01	1.536627766901794145e-01	2.557231095589850844e-01	1.546168751644745321e-01	7.447487895947389747e-02	3.122812794513689372e-02	7.867244086228228350e-02
1.203153452136069063e+03	2.514178087997898103e-01	1.535329671736742341e-01	2.558591846932246616e-01	1.547014761112857628e-01	7.451048508570227991e-02	3.125129558608946700e-02	7.872678255020983118e-02
1.204604783200165684e+03	2.512141788670962383e-01	1.534033817613653927e-01	2.559950088639998955e-01	1.547859343542628274e-01	7.454603220950921372e-02	3.127443183926727210e-02	7.878103210447526261e-02
1.206056114264262078e+03	2.510109004123603493e-01	1.532740200654359175e-01	2.561305825245200340e-01	1.548702501570944079e-01	7.458152043369621620e-02	3.129753672942135745e-02	7.883518967744788941e-02
1.207507445328358699e+03	2.508079728276374487e-01	1.531448816987438510e-01	2.562659061271773675e-01	1.549544237828692494e-01	7.461694986086685188e-02	3.132061028137814868e-02	7.888925542130321988e-02
1.208958776392455093e+03	2.506053955060394967e-01	1.530159662748210858e-01	2.564009801235487829e-01	1.550384554940781867e-01	7.465232059342717663e-02	3.134365252003881025e-02	7.894322948802262596e-02
1.210410107456551941e+03	2.504031678417329432e-01	1.528872734078720319e-01	2.565358049643972627e-01	1.551223455526162531e-01	7.468763273358616783e-02	3.136666347037860708e-02	7.899711202939302401e-02
1.211861438520648335e+03	2.502012892299370073e-01	1.527588027127725345e-01	2.566703810996733282e-01	1.552060942197844018e-01	7.472288638335623789e-02	3.138964315744628697e-02	7.905090319700652790e-02
1.213312769584745183e+03	2.499997590669217340e-01	1.526305538050687638e-01	2.568047089785170378e-01	1.552897017562916426e-01	7.475808164455366445e-02	3.141259160636344916e-02	7.910460314226012979e-02
1.214764100648841804e+03	2.497985767500062737e-01	1.525025263009757714e-01	2.569387890492590976e-01	1.553731684222569576e-01	7.479321861879903444e-02	3.143550884232391290e-02	7.915821201635535320e-02
1.216215431712937971e+03	2.495977416775569391e-01	1.523747198173765194e-01	2.570726217594228591e-01	1.554564944772112434e-01	7.482829740751777148e-02	3.145839489059309990e-02	7.921172997029800322e-02
1.217666762777034819e+03	2.493972532489854010e-01	1.522471339718206307e-01	2.572062075557253746e-01	1.555396801800992546e-01	7.486331811194053831e-02	3.148124977650745837e-02	7.926515715489777791e-02
1.219118093841131440e+03	2.491971108647468292e-01	1.521197683825232516e-01	2.573395468840793954e-01	1.556227257892814908e-01	7.489828083310369478e-02	3.150407352547378304e-02	7.931849372076807403e-02
1.220569424905228061e+03	2.489973139263379764e-01	1.519926226683638026e-01	2.574726401895945926e-01	1.557056315625360843e-01	7.493318567184978352e-02	3.152686616296865307e-02	7.937173981832554293e-02
1.222020755969324682e+03	2.487978618362955141e-01	1.518656964488848127e-01	2.576054879165794453e-01	1.557883977570608258e-01	7.496803272882797409e-02	3.154962771453782844e-02	7.942489559778999342e-02
1.223472087033421303e+03	2.485987539981940886e-01	1.517389893442908089e-01	2.577380905085424612e-01	1.558710246294749691e-01	7.500282210449446541e-02	3.157235820579563229e-02	7.947796120918396157e-02
1.224923418097517697e+03	2.483999898166445175e-01	1.516125009754470676e-01	2.578704484081938975e-01	1.559535124358211455e-01	7.503755389911301310e-02	3.159505766242434038e-02	7.953093680233248863e-02
1.226374749161614318e+03	2.482015686972919577e-01	1.514862309638784488e-01	2.580025620574470935e-01	1.560358614315671966e-01	7.507222821275533198e-02	3.161772611017360513e-02	7.958382252686282965e-02
1.227826080225710712e+03	2.480034900468140457e-01	1.513601789317683133e-01	2.581344318974203023e-01	1.561180718716080884e-01	7.510684514530158173e-02	3.164036357485986578e-02	7.963661853220424525e-02
1.229277411289807560e+03	2.478057532729191492e-01	1.512343445019573018e-01	2.582660583684380784e-01	1.562001440102677441e-01	7.514140479644076942e-02	3.166297008236573091e-02	7.968932496758771022e-02
1.230728742353903954e+03	2.476083577843445627e-01	1.511087272979421137e-01	2.583974419100326103e-01	1.562820781013009031e-01	7.517590726567119352e-02	3.168554565863941630e-02	7.974194198204562212e-02
1.232180073418000802e+03	2.474113029908545924e-01	1.509833269438744519e-01	2.585285829609456631e-01	1.563638743978950363e-01	7.521035265230092970e-02	3.170809032969414826e-02	7.979446972441160690e-02
1.233631404482097196e+03	2.472145883032388913e-01	1.508581430645598298e-01	2.586594819591295780e-01	1.564455331526719561e-01	7.524474105544823321e-02	3.173060412160761540e-02	7.984690834332031084e-02
1.235082735546193817e+03	2.470182131333104880e-01	1.507331752854563778e-01	2.587901393417492146e-01	1.565270546176899535e-01	7.527907257404203856e-02	3.175308706052133723e-02	7.989925798720705352e-02
1.236534066610290438e+03	2.468221768939041771e-01	1.506084232326737049e-01	2.589205555451831731e-01	1.566084390444453245e-01	7.531334730682230638e-02	3.177553917264012290e-02	7.995151880430771685e-02
1.237985397674387059e+03	2.466264789988744932e-01	1.504838865329717335e-01	2.590507310050254586e-01	1.566896866838743685e-01	7.534756535234055086e-02	3.179796048423149529e-02	8.000369094265846748e-02
1.239436728738483680e+03	2.464311188630941840e-01	1.503595648137595886e-01	2.591806661560868696e-01	1.567707977863550262e-01	7.538172680896020050e-02	3.182035102162512202e-02	8.005577455009552090e-02
1.240888059802580301e+03	2.462360959024521845e-01	1.502354577030944327e-01	2.593103614323967188e-01	1.568517726017088498e-01	7.541583177485709777e-02	3.184271081121224645e-02	8.010776977425497491e-02
1.242339390866676695e+03	2.460414095338519513e-01	1.501115648296803273e-01	2.594398172672039982e-01	1.569326113792025856e-01	7.544988034801991539e-02	3.186503987944513255e-02	8.015967676257258756e-02
1.243790721930773088e+03	2.458470591752096590e-01	1.499878858228670675e-01	2.595690340929790452e-01	1.570133143675501164e-01	7.548387262625054495e-02	3.188733825283648904e-02	8.021149566228355510e-02
1.245242052994869937e+03	2.456530442454523677e-01	1.498644203126490992e-01	2.596980123414150410e-01	1.570938818149140992e-01	7.551780870716461036e-02	3.190960595795894195e-02	8.026322662042230383e-02
1.246693384058966330e+03	2.454593641645163582e-01	1.497411679296642428e-01	2.598267524434293985e-01	1.571743139689078250e-01	7.555168868819180095e-02	3.193184302144443792e-02	8.031486978382237907e-02
1.248144715123063179e+03	2.452660183533452720e-01	1.496181283051926658e-01	2.599552548291653720e-01	1.572546110765968286e-01	7.558551266657635714e-02	3.195404946998375156e-02	8.036642529911618149e-02
1.249596046187159800e+03	2.450730062338883075e-01	1.494953010711558283e-01	2.600835199279933896e-01	1.573347733845007479e-01	7.561928073937752848e-02	3.197622533032587477e-02	8.041789331273478669e-02
1.251047377251256421e+03	2.448803272290984434e-01	1.493726858601150953e-01	2.602115481685126630e-01	1.574148011385949619e-01	7.565299300346990663e-02	3.199837062927752412e-02	8.046927397090786194e-02
1.252498708315352815e+03	2.446879807629309123e-01	1.492502823052708760e-01	2.603393399785524087e-01	1.574946945843123947e-01	7.568664955554395279e-02	3.202048539370256491e-02	8.052056741966336084e-02
1.253950039379449436e+03	2.444959662603410910e-01	1.491280900404613474e-01	2.604668957851736799e-01	1.575744539665451804e-01	7.572025049210631686e-02	3.204256965052149075e-02	8.057177380482745399e-02
1.255401370443546057e+03	2.443042831472829468e-01	1.490061087001613438e-01	2.605942160146704212e-01	1.576540795296463293e-01	7.575379590948036479e-02	3.206462342671086846e-02	8.062289327202432077e-02
1.256852701507642678e+03	2.441129308507072881e-01	1.488843379194812189e-01	2.607213010925711894e-01	1.577335715174315034e-01	7.578728590380649777e-02	3.208664674930283844e-02	8.067392596667603832e-02
1.258304032571739299e+03	2.439219087985599332e-01	1.487627773341658188e-01	2.608481514436405413e-01	1.578129301731806267e-01	7.582072057104266571e-02	3.210863964538454574e-02	8.072487203400241507e-02
1.259755363635835920e+03	2.437312164197799613e-01	1.486414265805932333e-01	2.609747674918805327e-01	1.578921557396396336e-01	7.585410000696471422e-02	3.213060214209762649e-02	8.077573161902079635e-02
1.261206694699932314e+03	2.435408531442980196e-01	1.485202852957737962e-01	2.611011496605320503e-01	1.579712484590221067e-01	7.588742430716682863e-02	3.215253426663770148e-02	8.082650486654599509e-02
1.262658025764028707e+03	2.433508184030346577e-01	1.483993531173488645e-01	2.612272983720761999e-01	1.580502085730109418e-01	7.592069356706195038e-02	3.217443604625384174e-02	8.087719192119009748e-02
1.264109356828125556e+03	2.431611116278983298e-01	1.482786296835897910e-01	2.613532140482359156e-01	1.581290363227599582e-01	7.595390788188219333e-02	3.219630750824802740e-02	8.092779292736237973e-02
1.265560687892221949e+03	2.429717322517838951e-01	1.481581146333967314e-01	2.614788971099773485e-01	1.582077319488955913e-01	7.598706734667924623e-02	3.221814867997466192e-02	8.097830802926912763e-02
1.267012018956318798e+03	2.427826797085708421e-01	1.480378076062975889e-01	2.616043479775112535e-01	1.582862956915185859e-01	7.602017205632477514e-02	3.223995958884003088e-02	8.102873737091358108e-02
1.268463350020415419e+03	2.425939534331214564e-01	1.479177082424469325e-01	2.617295670702944332e-01	1.583647277902055228e-01	7.605322210551088147e-02	3.226174026230183012e-02	8.107908109609573977e-02
1.269914681084511813e+03	2.424055528612791832e-01	1.477978161826247749e-01	2.618545548070310147e-01	1.584430284840104841e-01	7.608621758875042107e-02	3.228349072786862450e-02	8.112933934841230765e-02
1.271366012148608434e+03	2.422174774298669342e-01	1.476781310682356019e-01	2.619793116056741700e-01	1.585211980114667463e-01	7.611915860037751780e-02	3.230521101309934834e-02	8.117951227125658198e-02
1.272817343212705055e+03	2.420297265766852834e-01	1.475586525413071781e-01	2.621038378834272820e-01	1.585992366105882234e-01	7.615204523454788266e-02	3.232690114560280575e-02	8.122960000781828671e-02
1.274268674276801676e+03	2.418422997405107466e-01	1.474393802444895207e-01	2.622281340567454433e-01	1.586771445188712437e-01	7.618487758523928566e-02	3.234856115303717805e-02	8.127960270108355867e-02
1.275720005340898297e+03	2.416551963610941711e-01	1.473203138210537610e-01	2.623522005413368996e-01	1.587549219732959926e-01	7.621765574625190276e-02	3.237019106310951022e-02	8.132952049383476711e-02
1.277171336404994690e+03	2.414684158791589041e-01	1.472014529148910067e-01	2.624760377521643817e-01	1.588325692103282338e-01	7.625037981120874608e-02	3.239179090357522522e-02	8.137935352865049987e-02
1.278622667469091539e+03	2.412819577363991830e-01	1.470827971705113424e-01	2.625996461034465490e-01	1.589100864659207801e-01	7.628304987355608024e-02	3.241336070223764521e-02	8.142910194790541067e-02
1.280073998533187932e+03	2.410958213754783308e-01	1.469643462330426364e-01	2.627230260086593772e-01	1.589874739755151589e-01	7.631566602656381093e-02	3.243490048694747108e-02	8.147876589377019141e-02
1.281525329597284326e+03	2.409100062400271469e-01	1.468460997482295416e-01	2.628461778805376570e-01	1.590647319740430832e-01	7.634822836332584572e-02	3.245641028560232455e-02	8.152834550821144721e-02
1.282976660661381175e+03	2.407245117746421859e-01	1.467280573624323847e-01	2.629691021310759935e-01	1.591418606959280890e-01	7.638073697676052431e-02	3.247789012614624854e-02	8.157784093299164097e-02
1.284427991725477568e+03	2.405393374248840088e-01	1.466102187226260567e-01	2.630917991715307491e-01	1.592188603750870068e-01	7.641319195961104871e-02	3.249934003656921450e-02	8.162725230966901002e-02
1.285879322789574417e+03	2.403544826372755738e-01	1.464925834763989021e-01	2.632142694124209870e-01	1.592957312449315987e-01	7.644559340444581630e-02	3.252076004490668526e-02	8.167657977959753846e-02
1.287330653853671038e+03	2.401699468593004594e-01	1.463751512719517200e-01	2.633365132635301364e-01	1.593724735383700020e-01	7.647794140365883619e-02	3.254215017923910852e-02	8.172582348392683216e-02
1.288781984917767431e+03	2.399857295394012824e-01	1.462579217580965985e-01	2.634585311339072700e-01	1.594490874878083109e-01	7.651023604947015944e-02	3.256351046769141722e-02	8.177498356360207721e-02
1.290233315981864052e+03	2.398018301269778940e-01	1.461408945842559148e-01	2.635803234318684352e-01	1.595255733251520758e-01	7.654247743392619818e-02	3.258484093843262014e-02	8.182406015936406762e-02
