1.001418434226643626e+03	2.795595714584153679e-01	1.809904103474410941e-01	2.348702973203599109e-01	1.410697985393231102e-01	6.794175931927491641e-02	2.656092722745370324e-02	6.900723578748367559e-02
1.002869765290740247e+03	2.793086532428483704e-01	1.808218366552808154e-01	2.350515057634443572e-01	1.411751409564475090e-01	6.798221321888495150e-02	2.658671057714382877e-02	6.907393958570187675e-02
1.004321096354836754e+03	2.790581972433183178e-01	1.806535148287237991e-01	2.352323999802519994e-01	1.412802959833631133e-01	6.802258613420644751e-02	2.661247482992844943e-02	6.914053099995964846e-02
1.005772427418933376e+03	2.788082023315295865e-01	1.804854447307558118e-01	2.354129805007277032e-01	1.413852640344707146e-01	6.806287832944865612e-02	2.663821987370417269e-02	6.920701019911516816e-02
1.007223758483029997e+03	2.785586673841929373e-01	1.803176262220209380e-01	2.355932478539500552e-01	1.414900455223147002e-01	6.810309006746673166e-02	2.666394559748783144e-02	6.927337735231864357e-02
1.008675089547126618e+03	2.783095912829890994e-01	1.801500591608486135e-01	2.357732025681326393e-01	1.415946408576020943e-01	6.814322160977037690e-02	2.668965189140871594e-02	6.933963262900018354e-02
1.010126420611223239e+03	2.780609729145331888e-01	1.799827434032802986e-01	2.359528451706251473e-01	1.416990504492218750e-01	6.818327321653237794e-02	2.671533864670085426e-02	6.940577619885791860e-02
1.011577751675319632e+03	2.778128111703388470e-01	1.798156788030957354e-01	2.361321761879146275e-01	1.418032747042636543e-01	6.822324514659713901e-02	2.674100575569531013e-02	6.947180823184627430e-02
1.013029082739416367e+03	2.775651049467831588e-01	1.796488652118392593e-01	2.363111961456267063e-01	1.419073140280361356e-01	6.826313765748912021e-02	2.676665311181257098e-02	6.953772889816461911e-02
1.014480413803512761e+03	2.773178531450715134e-01	1.794823024788457233e-01	2.364899055685267815e-01	1.420111688240854597e-01	6.830295100542116415e-02	2.679228060955495330e-02	6.960353836824596796e-02
1.015931744867609382e+03	2.770710546712032984e-01	1.793159904512660607e-01	2.366683049805211048e-01	1.421148394942131632e-01	6.834268544530291978e-02	2.681788814449906008e-02	6.966923681274600488e-02
1.017383075931706003e+03	2.768247084359372057e-01	1.791499289740928480e-01	2.368463949046581141e-01	1.422183264384938028e-01	6.838234123074901638e-02	2.684347561328828680e-02	6.973482440253232773e-02
1.018834406995802851e+03	2.765788133547573691e-01	1.789841178901854513e-01	2.370241758631296547e-01	1.423216300552925528e-01	6.842191861408736253e-02	2.686904291362535863e-02	6.980030130867381777e-02
1.020285738059899245e+03	2.763333683478397251e-01	1.788185570402950064e-01	2.372016483772720064e-01	1.424247507412823299e-01	6.846141784636727845e-02	2.689458994426494054e-02	6.986566770243027302e-02
1.021737069123995752e+03	2.760883723400182621e-01	1.786532462630892049e-01	2.373788129675672987e-01	1.425276888914607520e-01	6.850083917736757289e-02	2.692011660500626472e-02	6.993092375524226356e-02
1.023188400188092373e+03	2.758438242607519908e-01	1.784881853951767183e-01	2.375556701536444548e-01	1.426304448991668750e-01	6.854018285560461998e-02	2.694562279668582389e-02	6.999606963872118115e-02
1.024639731252188767e+03	2.755997230440920265e-01	1.783233742711315406e-01	2.377322204542806627e-01	1.427330191560976236e-01	6.857944912834031126e-02	2.697110842117008203e-02	7.006110552463939989e-02
1.026091062316285615e+03	2.753560676286488929e-01	1.781588127235170238e-01	2.379084643874024851e-01	1.428354120523241122e-01	6.861863824159010472e-02	2.699657338134826140e-02	7.012603158492074218e-02
1.027542393380382237e+03	2.751128569575603811e-01	1.779945005829096927e-01	2.380844024700868866e-01	1.429376239763076040e-01	6.865775044013076867e-02	2.702201758112515381e-02	7.019084799163106958e-02
1.028993724444478858e+03	2.748700899784594087e-01	1.778304376779228924e-01	2.382600352185626491e-01	1.430396553149152483e-01	6.869678596750834754e-02	2.704744092541397360e-02	7.025555491696906796e-02
1.030445055508575479e+03	2.746277656434419900e-01	1.776666238352301030e-01	2.384353631482114544e-01	1.431415064534356518e-01	6.873574506604582246e-02	2.707284332012927994e-02	7.032015253325721305e-02
1.031896386572671872e+03	2.743858829090361495e-01	1.775030588795881714e-01	2.386103867735691886e-01	1.432431777755942826e-01	6.877462797685092444e-02	2.709822467217989916e-02	7.038464101293291642e-02
1.033347717636768493e+03	2.741444407361702806e-01	1.773397426338602367e-01	2.387851066083270801e-01	1.433446696635683748e-01	6.881343493982376713e-02	2.712358488946193733e-02	7.044902052853987962e-02
1.034799048700865114e+03	2.739034380901423371e-01	1.771766749190384349e-01	2.389595231653328100e-01	1.434459824980021392e-01	6.885216619366446578e-02	2.714892388085179617e-02	7.051329125271958709e-02
1.036250379764961508e+03	2.736628739405891908e-01	1.770138555542664638e-01	2.391336369565918718e-01	1.435471166580211122e-01	6.889082197588075607e-02	2.717424155619925855e-02	7.057745335820295174e-02
1.037701710829058356e+03	2.734227472614561005e-01	1.768512843568618431e-01	2.393074484932686818e-01	1.436480725212468113e-01	6.892940252279544655e-02	2.719953782632060502e-02	7.064150701780212704e-02
1.039153041893154750e+03	2.731830570309664030e-01	1.766889611423381190e-01	2.394809582856878005e-01	1.437488504638110287e-01	6.896790806955394038e-02	2.722481260299178252e-02	7.070545240440258283e-02
1.040604372957251599e+03	2.729438022315917589e-01	1.765268857244266243e-01	2.396541668433351258e-01	1.438494508603697652e-01	6.900633885013160440e-02	2.725006579894159037e-02	7.076928969095518107e-02
1.042055704021347992e+03	2.727049818500224543e-01	1.763650579150983222e-01	2.398270746748591142e-01	1.439498740841171631e-01	6.904469509734117993e-02	2.727529732784494607e-02	7.083301905046851532e-02
1.043507035085444613e+03	2.724665948771377577e-01	1.762034775245850948e-01	2.399996822880719194e-01	1.440501205067992452e-01	6.908297704284006857e-02	2.730050710431615457e-02	7.089664065600138898e-02
1.044958366149541234e+03	2.722286403079771655e-01	1.760421443614011983e-01	2.401719901899506404e-01	1.441501904987272653e-01	6.912118491713760415e-02	2.732569504390225390e-02	7.096015468065544618e-02
1.046409697213637855e+03	2.719911171417109252e-01	1.758810582323643845e-01	2.403439988866385713e-01	1.442500844287911421e-01	6.915931894960231086e-02	2.735086106307637460e-02	7.102356129756789982e-02
1.047861028277734476e+03	2.717540243816117806e-01	1.757202189426164962e-01	2.405157088834462553e-01	1.443498026644724208e-01	6.919737936846900861e-02	2.737600507923115475e-02	7.108686067990448165e-02
1.049312359341831097e+03	2.715173610350263278e-01	1.755596262956445330e-01	2.406871206848528733e-01	1.444493455718572350e-01	6.923536640084594629e-02	2.740112701067218964e-02	7.115005300085251727e-02
1.050763690405927491e+03	2.712811261133468155e-01	1.753992800933008855e-01	2.408582347945073254e-01	1.445487135156491021e-01	6.927328027272193489e-02	2.742622677661154043e-02	7.121313843361404272e-02
1.052215021470024112e+03	2.710453186319832786e-01	1.752391801358237633e-01	2.410290517152293699e-01	1.446479068591814965e-01	6.931112120897327256e-02	2.745130429716124976e-02	7.127611715139922643e-02
1.053666352534120733e+03	2.708099376103357825e-01	1.750793262218572621e-01	2.411995719490109824e-01	1.447469259644301176e-01	6.934888943337079448e-02	2.747635949332692326e-02	7.133898932741983279e-02
1.055117683598217127e+03	2.705749820717668896e-01	1.749197181484712926e-01	2.413697959970174112e-01	1.448457711920251856e-01	6.938658516858678404e-02	2.750139228700134580e-02	7.140175513488279668e-02
1.056569014662313975e+03	2.703404510435744590e-01	1.747603557111813422e-01	2.415397243595884258e-01	1.449444429012635149e-01	6.942420863620184235e-02	2.752640260095814972e-02	7.146441474698397855e-02
1.058020345726410369e+03	2.701063435569645566e-01	1.746012387039679870e-01	2.417093575362396496e-01	1.450429414501202552e-01	6.946176005671172993e-02	2.755139035884547963e-02	7.152696833690205813e-02
1.059471676790506763e+03	2.698726586470246436e-01	1.744423669192963489e-01	2.418786960256635310e-01	1.451412671952608258e-01	6.949923964953415301e-02	2.757635548517975085e-02	7.158941607779245597e-02
1.060923007854603611e+03	2.696393953526970977e-01	1.742837401481351634e-01	2.420477403257306481e-01	1.452394204920523235e-01	6.953664763301549423e-02	2.760129790533942529e-02	7.165175814278156030e-02
1.062374338918700232e+03	2.694065527167527896e-01	1.741253581799757921e-01	2.422164909334909022e-01	1.453374016945748470e-01	6.957398422443754338e-02	2.762621754555880799e-02	7.171399470496088446e-02
1.063825669982796853e+03	2.691741297857651039e-01	1.739672208028512357e-01	2.423849483451746833e-01	1.454352111556329596e-01	6.961124964002410320e-02	2.765111433292190973e-02	7.177612593738146030e-02
1.065277001046893474e+03	2.689421256100839042e-01	1.738093278033545352e-01	2.425531130561942306e-01	1.455328492267665419e-01	6.964844409494762301e-02	2.767598819535634080e-02	7.183815201304831477e-02
1.066728332110990095e+03	2.687105392438096652e-01	1.736516789666573413e-01	2.427209855611446032e-01	1.456303162582618660e-01	6.968556780333574896e-02	2.770083906162723597e-02	7.190007310491505765e-02
1.068179663175086489e+03	2.684793697447683813e-01	1.734942740765282876e-01	2.428885663538049300e-01	1.457276125991622540e-01	6.972262097827786054e-02	2.772566686133122113e-02	7.196188938587859407e-02
1.069630994239183110e+03	2.682486161744860875e-01	1.733371129153510048e-01	2.430558559271396857e-01	1.458247385972789023e-01	6.975960383183152369e-02	2.775047152489042504e-02	7.202360102877393422e-02
1.071082325303279504e+03	2.680182775981638787e-01	1.731801952641421338e-01	2.432228547732998292e-01	1.459216945992011794e-01	6.979651657502891626e-02	2.777525298354652922e-02	7.208520820636911408e-02
1.072533656367376352e+03	2.677883530846530413e-01	1.730235209025690890e-01	2.433895633836240524e-01	1.460184809503070891e-01	6.983335941788319789e-02	2.780001116935482824e-02	7.214671109136029659e-02
1.073984987431472746e+03	2.675588417064305169e-01	1.728670896089676834e-01	2.435559822486398907e-01	1.461150979947734019e-01	6.987013256939489381e-02	2.782474601517837681e-02	7.220810985636681723e-02
1.075436318495569594e+03	2.673297425395743110e-01	1.727109011603596145e-01	2.437221118580649715e-01	1.462115460755858409e-01	6.990683623755818143e-02	2.784945745468213329e-02	7.226940467392649337e-02
1.076887649559666215e+03	2.671010546637395122e-01	1.725549553324697283e-01	2.438879527008082360e-01	1.463078255345488521e-01	6.994347062936712156e-02	2.787414542232715536e-02	7.233059571649094743e-02
1.078338980623762609e+03	2.668727771621341449e-01	1.723992518997430612e-01	2.440535052649710213e-01	1.464039367122955682e-01	6.998003595082188943e-02	2.789880985336483377e-02	7.239168315642104112e-02
1.079790311687859230e+03	2.666449091214954104e-01	1.722437906353619097e-01	2.442187700378483928e-01	1.464998799482973013e-01	7.001653240693492264e-02	2.792345068383116080e-02	7.245266716598247614e-02
1.081241642751955851e+03	2.664174496320660390e-01	1.720885713112625670e-01	2.443837475059301989e-01	1.465956555808732298e-01	7.005296020173709670e-02	2.794806785054103695e-02	7.251354791734133942e-02
1.082692973816052472e+03	2.661903977875709204e-01	1.719335936981519763e-01	2.445484381549024311e-01	1.466912639471998070e-01	7.008931953828377581e-02	2.797266129108260529e-02	7.257432558255992594e-02
1.084144304880149093e+03	2.659637526851940104e-01	1.717788575655242733e-01	2.447128424696482507e-01	1.467867053833199487e-01	7.012561061866086354e-02	2.799723094381163790e-02	7.263500033359251984e-02
1.085595635944245487e+03	2.657375134255549609e-01	1.716243626816769952e-01	2.448769609342492104e-01	1.468819802241522476e-01	7.016183364399082578e-02	2.802177674784595701e-02	7.269557234228131437e-02
1.087046967008342108e+03	2.655116791126866937e-01	1.714701088137273455e-01	2.450407940319865585e-01	1.469770888034999667e-01	7.019798881443863048e-02	2.804629864305986306e-02	7.275604178035245673e-02
1.088498298072438729e+03	2.652862488540124741e-01	1.713160957276282093e-01	2.452043422453423216e-01	1.470720314540600870e-01	7.023407632921768728e-02	2.807079657007864604e-02	7.281640881941206511e-02
1.089949629136535123e+03	2.650612217603238174e-01	1.711623231881839180e-01	2.453676060560004979e-01	1.471668085074319954e-01	7.027009638659573176e-02	2.809527047027308294e-02	7.287667363094250950e-02
1.091400960200631971e+03	2.648365969457576741e-01	1.710087909590661259e-01	2.455305859448483063e-01	1.472614202941261441e-01	7.030604918390068181e-02	2.811972028575400809e-02	7.293683638629859523e-02
1.092852291264728365e+03	2.646123735277751132e-01	1.708554988028291866e-01	2.456932823919772968e-01	1.473558671435727108e-01	7.034193491752639693e-02	2.814414595936689731e-02	7.299689725670394091e-02
1.094303622328825213e+03	2.643885506271387298e-01	1.707024464809257513e-01	2.458556958766846268e-01	1.474501493841300637e-01	7.037775378293849304e-02	2.816854743468651112e-02	7.305685641324742574e-02
1.095754953392921607e+03	2.641651273678912726e-01	1.705496337537219242e-01	2.460178268774741439e-01	1.475442673430930052e-01	7.041350597468004624e-02	2.819292465601153097e-02	7.311671402687966448e-02
1.097206284457018228e+03	2.639421028773341060e-01	1.703970603805124162e-01	2.461796758720576628e-01	1.476382213467010707e-01	7.044919168637729656e-02	2.821727756835927525e-02	7.317647026840964908e-02
1.098657615521114849e+03	2.637194762860060049e-01	1.702447261195355888e-01	2.463412433373561305e-01	1.477320117201467164e-01	7.048481111074526850e-02	2.824160611746041535e-02	7.323612530850133473e-02
1.100108946585211470e+03	2.634972467276616714e-01	1.700926307279881367e-01	2.465025297495007650e-01	1.478256387875832301e-01	7.052036443959340539e-02	2.826591024975374719e-02	7.329567931767044797e-02
1.101560277649308091e+03	2.632754133392509188e-01	1.699407739620399926e-01	2.466635355838342480e-01	1.479191028721327517e-01	7.055585186383116214e-02	2.829018991238099398e-02	7.335513246628128092e-02
1.103011608713404712e+03	2.630539752608979653e-01	1.697891555768487049e-01	2.468242613149120024e-01	1.480124042958939901e-01	7.059127357347347309e-02	2.831444505318162635e-02	7.341448492454359653e-02
1.104462939777501106e+03	2.628329316358805068e-01	1.696377753265739530e-01	2.469847074165032463e-01	1.481055433799500776e-01	7.062662975764631701e-02	2.833867562068773105e-02	7.347373686250951996e-02
1.105914270841597499e+03	2.626122816106096214e-01	1.694866329643917868e-01	2.471448743615922705e-01	1.481985204443760362e-01	7.066192060459212942e-02	2.836288156411891428e-02	7.353288845007062424e-02
1.107365601905694348e+03	2.623920243346090642e-01	1.693357282425088095e-01	2.473047626223795481e-01	1.482913358082464383e-01	7.069714630167525660e-02	2.838706283337722944e-02	7.359193985695504370e-02
1.108816932969790741e+03	2.621721589604954494e-01	1.691850609121761384e-01	2.474643726702830115e-01	1.483839897896426785e-01	7.073230703538735398e-02	2.841121937904214634e-02	7.365089125272464288e-02
1.110268264033887590e+03	2.619526846439581558e-01	1.690346307237033385e-01	2.476237049759390796e-01	1.484764827056604397e-01	7.076740299135271528e-02	2.843535115236554833e-02	7.370974280677215773e-02
1.111719595097984211e+03	2.617336005437395641e-01	1.688844374264720782e-01	2.477827600092040172e-01	1.485688148724168267e-01	7.080243435433355992e-02	2.845945810526675362e-02	7.376849468831860046e-02
1.113170926162080832e+03	2.615149058216154065e-01	1.687344807689498682e-01	2.479415382391549905e-01	1.486609866050575823e-01	7.083740130823536207e-02	2.848354019032758866e-02	7.382714706641055336e-02
1.114622257226177226e+03	2.612965996423753379e-01	1.685847604987033843e-01	2.481000401340912875e-01	1.487529982177641097e-01	7.087230403611208263e-02	2.850759736078747539e-02	7.388570010991764303e-02
1.116073588290273847e+03	2.610786811738036173e-01	1.684352763624119564e-01	2.482582661615354569e-01	1.488448500237604111e-01	7.090714272017134556e-02	2.853162957053856710e-02	7.394415398752997304e-02
1.117524919354370468e+03	2.608611495866597352e-01	1.682860281058807250e-01	2.484162167882345562e-01	1.489365423353199713e-01	7.094191754177965603e-02	2.855563677412089815e-02	7.400250886775572301e-02
1.118976250418467089e+03	2.606440040546598169e-01	1.681370154740537692e-01	2.485738924801612904e-01	1.490280754637725857e-01	7.097662868146750736e-02	2.857961892671757875e-02	7.406076491891869229e-02
1.120427581482563710e+03	2.604272437544575269e-01	1.679882382110270134e-01	2.487312937025151771e-01	1.491194497195110491e-01	7.101127631893446035e-02	2.860357598415002103e-02	7.411892230915603785e-02
1.121878912546660331e+03	2.602108678656254726e-01	1.678396960600611054e-01	2.488884209197237130e-01	1.492106654119976505e-01	7.104586063305427801e-02	2.862750790287318242e-02	7.417698120641590120e-02
1.123330243610756725e+03	2.599948755706366077e-01	1.676913887635942124e-01	2.490452745954435665e-01	1.493017228497708626e-01	7.108038180187990773e-02	2.865141463997085414e-02	7.423494177845529896e-02
1.124781574674853118e+03	2.597792660548459143e-01	1.675433160632545659e-01	2.492018551925617165e-01	1.493926223404518083e-01	7.111484000264850502e-02	2.867529615315098784e-02	7.429280419283786074e-02
1.126232905738949967e+03	2.595640385064721389e-01	1.673954776998728133e-01	2.493581631731967563e-01	1.494833641907505062e-01	7.114923541178637401e-02	2.869915240074102578e-02	7.435056861693171981e-02
1.127684236803046360e+03	2.593491921165798630e-01	1.672478734134946188e-01	2.495141989986998932e-01	1.495739487064722262e-01	7.118356820491394954e-02	2.872298334168328290e-02	7.440823521790751460e-02
1.129135567867143209e+03	2.591347260790613505e-01	1.671005029433927647e-01	2.496699631296561694e-01	1.496643761925236793e-01	7.121783855685064057e-02	2.874678893553036033e-02	7.446580416273634873e-02
1.130586898931239830e+03	2.589206395906190061e-01	1.669533660280792531e-01	2.498254560258857115e-01	1.497546469529192348e-01	7.125204664161972901e-02	2.877056914244057600e-02	7.452327561818777868e-02
1.132038229995336451e+03	2.587069318507475568e-01	1.668064624053173517e-01	2.499806781464447847e-01	1.498447612907869431e-01	7.128619263245319915e-02	2.879432392317343367e-02	7.458064975082798198e-02
1.133489561059432845e+03	2.584936020617167318e-01	1.666597918121335287e-01	2.501356299496270141e-01	1.499347195083744200e-01	7.132027670179652556e-02	2.881805323908512295e-02	7.463792672701786979e-02
1.134940892123529466e+03	2.582806494285537768e-01	1.665133539848291655e-01	2.502903118929646342e-01	1.500245219070549529e-01	7.135429902131347479e-02	2.884175705212404378e-02	7.469510671291124115e-02
1.136392223187626087e+03	2.580680731590261900e-01	1.663671486589921589e-01	2.504447244332294042e-01	1.501141687873331909e-01	7.138825976189079603e-02	2.886543532482636551e-02	7.475218987445304830e-02
1.137843554251722708e+03	2.578558724636250132e-01	1.662211755695086612e-01	2.505988680264341628e-01	1.502036604488509453e-01	7.142215909364296733e-02	2.888908802031161377e-02	7.480917637737771742e-02
1.139294885315819101e+03	2.576440465555476234e-01	1.660754344505742386e-01	2.507527431278336882e-01	1.502929971903930462e-01	7.145599718591684468e-02	2.891271510227827468e-02	7.486606638720735840e-02
1.140746216379915950e+03	2.574325946506809681e-01	1.659299250357055555e-01	2.509063501919258643e-01	1.503821793098926718e-01	7.148977420729631105e-02	2.893631653499946152e-02	7.492286006925029385e-02
1.142197547444012343e+03	2.572215159675849128e-01	1.657846470577511999e-01	2.510596896724530125e-01	1.504712071044372323e-01	7.152349032560686992e-02	2.895989228331856402e-02	7.497955758859933817e-02
1.143648878508108737e+03	2.570108097274759196e-01	1.656396002489030905e-01	2.512127620224028357e-01	1.505600808702736160e-01	7.155714570792026663e-02	2.898344231264496709e-02	7.503615911013031270e-02
1.145100209572205586e+03	2.568004751542105613e-01	1.654947843407073294e-01	2.513655676940099726e-01	1.506488009028137676e-01	7.159074052055902637e-02	2.900696658894977298e-02	7.509266479850054687e-02
1.146551540636302207e+03	2.565905114742692561e-01	1.653501990640751651e-01	2.515181071387566081e-01	1.507373674966400456e-01	7.162427492910089510e-02	2.903046507876156160e-02	7.514907481814743495e-02
1.148002871700398828e+03	2.563809179167400587e-01	1.652058441492937624e-01	2.516703808073740833e-01	1.508257809455104403e-01	7.165774909838346085e-02	2.905393774916217864e-02	7.520538933328697884e-02
1.149454202764495449e+03	2.561716937133029504e-01	1.650617193260367765e-01	2.518223891498438949e-01	1.509140415423639581e-01	7.169116319250851133e-02	2.907738456778254793e-02	7.526160850791241419e-02
1.150905533828591842e+03	2.559628380982137408e-01	1.649178243233750674e-01	2.519741326153986383e-01	1.510021495793256174e-01	7.172451737484647483e-02	2.910080550279852199e-02	7.531773250579289203e-02
1.152356864892688463e+03	2.557543503082885805e-01	1.647741588697871906e-01	2.521256116525236735e-01	1.510901053477116673e-01	7.175781180804084725e-02	2.912420052292673950e-02	7.537376149047217422e-02
1.153808195956785084e+03	2.555462295828883068e-01	1.646307226931696122e-01	2.522768267089578464e-01	1.511779091380346940e-01	7.179104665401256358e-02	2.914756959742053136e-02	7.542969562526737060e-02
1.155259527020881706e+03	2.553384751639026229e-01	1.644875155208471995e-01	2.524277782316947105e-01	1.512655612400085059e-01	7.182422207396430003e-02	2.917091269606584755e-02	7.548553507326768996e-02
1.156710858084978327e+03	2.551310862957355541e-01	1.643445370795831306e-01	2.525784666669838030e-01	1.513530619425531298e-01	7.185733822838480389e-02	2.919422978917720485e-02	7.554127999733324661e-02
1.158162189149074720e+03	2.549240622252894051e-01	1.642017870955892467e-01	2.527288924603316445e-01	1.514404115337996959e-01	7.189039527705316790e-02	2.921752084759366569e-02	7.559693056009396395e-02
1.159613520213171569e+03	2.547174022019501605e-01	1.640592652945358221e-01	2.528790560565031820e-01	1.515276103010952669e-01	7.192339337904311847e-02	2.924078584267484834e-02	7.565248692394838104e-02
1.161064851277267962e+03	2.545111054775723858e-01	1.639169714015615564e-01	2.530289578995226774e-01	1.516146585310075012e-01	7.195633269272717902e-02	2.926402474629695785e-02	7.570794925106258400e-02
1.162516182341364356e+03	2.543051713064643504e-01	1.637749051412832335e-01	2.531785984326747063e-01	1.517015565093295659e-01	7.198921337578091662e-02	2.928723753084884474e-02	7.576331770336920679e-02
1.163967513405461204e+03	2.540995989453733728e-01	1.636330662378055467e-01	2.533279780985058238e-01	1.517883045210845772e-01	7.202203558518706361e-02	2.931042416922809146e-02	7.581859244256632102e-02
1.165418844469557826e+03	2.538943876534712207e-01	1.634914544147305915e-01	2.534770973388251747e-01	1.518749028505303744e-01	7.205479947723972267e-02	2.933358463483711973e-02	7.587377363011651998e-02
1.166870175533654447e+03	2.536895366923396233e-01	1.633500693951674410e-01	2.536259565947060479e-01	1.519613517811639891e-01	7.208750520754837743e-02	2.935671890157934283e-02	7.592886142724590559e-02
1.168321506597751068e+03	2.534850453259557268e-01	1.632089109017414719e-01	2.537745563064867649e-01	1.520476515957261410e-01	7.212015293104211133e-02	2.937982694385531113e-02	7.598385599494320020e-02
1.169772837661847461e+03	2.532809128206782723e-01	1.630679786566036904e-01	2.539228969137717895e-01	1.521338025762057344e-01	7.215274280197352119e-02	2.940290873655891299e-02	7.603875749395883066e-02
1.171224168725944082e+03	2.530771384452328299e-01	1.629272723814400026e-01	2.540709788554332271e-01	1.522198050038441886e-01	7.218527497392282499e-02	2.942596425507358268e-02	7.609356608480409567e-02
1.172675499790040703e+03	2.528737214706983094e-01	1.627867917974802903e-01	2.542188025696115461e-01	1.523056591591398778e-01	7.221774959980188646e-02	2.944899347526854991e-02	7.614828192775026372e-02
1.174126830854137097e+03	2.526706611704929162e-01	1.626465366255074874e-01	2.543663684937169656e-01	1.523913653218522957e-01	7.225016683185812860e-02	2.947199637349509627e-02	7.620290518282780978e-02
1.175578161918233945e+03	2.524679568203602731e-01	1.625065065858664892e-01	2.545136770644305102e-01	1.524769237710064396e-01	7.228252682167851662e-02	2.949497292658285336e-02	7.625743600982563819e-02
1.177029492982330339e+03	2.522656076983556539e-01	1.623667013984730345e-01	2.546607287177052314e-01	1.525623347848969469e-01	7.231482972019348532e-02	2.951792311183611475e-02	7.631187456829026383e-02
1.178480824046426733e+03	2.520636130848326051e-01	1.622271207828225592e-01	2.548075238887671512e-01	1.526475986410922581e-01	7.234707567768081105e-02	2.954084690703017227e-02	7.636622101752520153e-02
1.179932155110523581e+03	2.518619722624292900e-01	1.620877644579986898e-01	2.549540630121166496e-01	1.527327156164387523e-01	7.237926484376949743e-02	2.956374429040769039e-02	7.642047551659013338e-02
1.181383486174620202e+03	2.516606845160553885e-01	1.619486321426820141e-01	2.551003465215294641e-01	1.528176859870647442e-01	7.241139736744363342e-02	2.958661524067508763e-02	7.647463822430033975e-02
1.182834817238716823e+03	2.514597491328785517e-01	1.618097235551585744e-01	2.552463748500578555e-01	1.529025100283845917e-01	7.244347339704616806e-02	2.960945973699895609e-02	7.652870929922600540e-02
1.184286148302813444e+03	2.512591654023114685e-01	1.616710384133282496e-01	2.553921484300315514e-01	1.529871880151026375e-01	7.247549308028274073e-02	2.963227775900250521e-02	7.658268889969155335e-02
1.185737479366910065e+03	2.510589326159986534e-01	1.615325764347131099e-01	2.555376676930593005e-01	1.530717202212170391e-01	7.250745656422545593e-02	2.965506928676199874e-02	7.663657718377511752e-02
1.187188810431006686e+03	2.508590500678037349e-01	1.613943373364657152e-01	2.556829330700295944e-01	1.531561069200238490e-01	7.253936399531658863e-02	2.967783430080326787e-02	7.669037430930793209e-02
1.188640141495103080e+03	2.506595170537962991e-01	1.612563208353773314e-01	2.558279449911120551e-01	1.532403483841207059e-01	7.257121551937234516e-02	2.970057278209820711e-02	7.674408043387374867e-02
1.190091472559199701e+03	2.504603328722395661e-01	1.611185266478859235e-01	2.559727038857583792e-01	1.533244448854106934e-01	7.260301128158649919e-02	2.972328471206131875e-02	7.679769571480836443e-02
1.191542803623296322e+03	2.502614968235774007e-01	1.609809544900843159e-01	2.561172101827035585e-01	1.534083966951060862e-01	7.263475142653411099e-02	2.974597007254625031e-02	7.685122030919905312e-02
1.192994134687392716e+03	2.500630082104218221e-01	1.608436040777279641e-01	2.562614643099671019e-01	1.534922040837320978e-01	7.266643609817516336e-02	2.976862884584239796e-02	7.690465437388413483e-02
1.194445465751489564e+03	2.498648663375409029e-01	1.607064751262430313e-01	2.564054666948540340e-01	1.535758673211305714e-01	7.269806543985815606e-02	2.979126101467148569e-02	7.695799806545247645e-02
1.195896796815585958e+03	2.496670705118460842e-01	1.605695673507339938e-01	2.565492177639560056e-01	1.536593866764635885e-01	7.272963959432371395e-02	2.981386656218421374e-02	7.701125154024303365e-02
1.197348127879682352e+03	2.494696200423800747e-01	1.604328804659914398e-01	2.566927179431524597e-01	1.537427624182170771e-01	7.276115870370819527e-02	2.983644547195688987e-02	7.706441495434447619e-02
1.198799458943779200e+03	2.492725142403048044e-01	1.602964141864997027e-01	2.568359676576117967e-01	1.538259948142043643e-01	7.279262290954714720e-02	2.985899772798811594e-02	7.711748846359471610e-02
1.200250790007875821e+03	2.490757524188891847e-01	1.601601682264443549e-01	2.569789673317924295e-01	1.539090841315697566e-01	7.282403235277890019e-02	2.988152331469546077e-02	7.717047222358058844e-02
1.201702121071972442e+03	2.488793338934973121e-01	1.600241422997197294e-01	2.571217173894438934e-01	1.539920306367919822e-01	7.285538717374809292e-02	2.990402221691220233e-02	7.722336638963744893e-02
1.203153452136069063e+03	2.486832579815766719e-01	1.598883361199363307e-01	2.572642182536080679e-01	1.540748345956876042e-01	7.288668751220905850e-02	2.992649441988404907e-02	7.727617111684886853e-02
1.204604783200165684e+03	2.484875240026462040e-01	1.597527494004282178e-01	2.574064703466201753e-01	1.541574962734145737e-01	7.291793350732936330e-02	2.994893990926590643e-02	7.732888656004624495e-02
1.206056114264262078e+03	2.482921312782847556e-01	1.596173818542600820e-01	2.575484740901099467e-01	1.542400159344754773e-01	7.294912529769319309e-02	2.997135867111866067e-02	7.738151287380853893e-02
1.207507445328358699e+03	2.480970791321195634e-01	1.594822331942346572e-01	2.576902299050027878e-01	1.543223938427209785e-01	7.298026302130476706e-02	2.999375069190598347e-02	7.743405021246198283e-02
1.208958776392455093e+03	2.479023668898146238e-01	1.593473031328996592e-01	2.578317382115207779e-01	1.544046302613529820e-01	7.301134681559172390e-02	3.001611595849115396e-02	7.748649873007977529e-02
1.210410107456551941e+03	2.477079938790594793e-01	1.592125913825549188e-01	2.579729994291838358e-01	1.544867254529281031e-01	7.304237681740849419e-02	3.003845445813391538e-02	7.753885858048187307e-02
1.211861438520648335e+03	2.475139594295577838e-01	1.590780976552593762e-01	2.581140139768109965e-01	1.545686796793608320e-01	7.307335316303963102e-02	3.006076617848733520e-02	7.759112991723469965e-02
1.213312769584745183e+03	2.473202628730162000e-01	1.589438216628378253e-01	2.582547822725211883e-01	1.546504932019266698e-01	7.310427598820314066e-02	3.008305110759470005e-02	7.764331289365096478e-02
1.214764100648841804e+03	2.471269035431331584e-01	1.588097631168879642e-01	2.583953047337345654e-01	1.547321662812653764e-01	7.313514542805375773e-02	3.010530923388643129e-02	7.769540766278944244e-02
1.216215431712937971e+03	2.469338807755880050e-01	1.586759217287869450e-01	2.585355817771736175e-01	1.548136991773841065e-01	7.316596161718622038e-02	3.012754054617701807e-02	7.774741437745477657e-02
1.217666762777034819e+03	2.467411939080298156e-01	1.585422972096982297e-01	2.586756138188642806e-01	1.548950921496605460e-01	7.319672468963855927e-02	3.014974503366195727e-02	7.779933319019730065e-02
1.219118093841131440e+03	2.465488422800667934e-01	1.584088892705781126e-01	2.588154012741368248e-01	1.549763454568459931e-01	7.322743477889528951e-02	3.017192268591475240e-02	7.785116425331289891e-02
1.220569424905228061e+03	2.463568252332553610e-01	1.582756976221823819e-01	2.589549445576272979e-01	1.550574593570682724e-01	7.325809201789063030e-02	3.019407349288388484e-02	7.790290771884285370e-02
1.222020755969324682e+03	2.461651421110894744e-01	1.581427219750727031e-01	2.590942440832784133e-01	1.551384341078349549e-01	7.328869653901168291e-02	3.021619744488984391e-02	7.795456373857367893e-02
1.223472087033421303e+03	2.459737922589899928e-01	1.580099620396230586e-01	2.592333002643406048e-01	1.552192699660362718e-01	7.331924847410162260e-02	3.023829453262216749e-02	7.800613246403705070e-02
1.224923418097517697e+03	2.457827750242942422e-01	1.578774175260262425e-01	2.593721135133733036e-01	1.552999671879480015e-01	7.334974795446283502e-02	3.026036474713647909e-02	7.805761404650968238e-02
1.226374749161614318e+03	2.455920897562455518e-01	1.577450881442999109e-01	2.595106842422459370e-01	1.553805260292344392e-01	7.338019511086005253e-02	3.028240807985158392e-02	7.810900863701324137e-02
1.227826080225710712e+03	2.454017358059828735e-01	1.576129736042931051e-01	2.596490128621391502e-01	1.554609467449514226e-01	7.341059007352340737e-02	3.030442452254655111e-02	7.816031638631425194e-02
1.229277411289807560e+03	2.452117125265304842e-01	1.574810736156922186e-01	2.597870997835456386e-01	1.555412295895489683e-01	7.344093297215156801e-02	3.032641406735785139e-02	7.821153744492408133e-02
1.230728742353903954e+03	2.450220192727877722e-01	1.573493878880271313e-01	2.599249454162714801e-01	1.556213748168743527e-01	7.347122393591477840e-02	3.034837670677646010e-02	7.826267196309884266e-02
1.232180073418000802e+03	2.448326554015192447e-01	1.572179161306773432e-01	2.600625501694370789e-01	1.557013826801747214e-01	7.350146309345792495e-02	3.037031243364504696e-02	7.831372009083938102e-02
1.233631404482097196e+03	2.446436202713444252e-01	1.570866580528778034e-01	2.601999144514785534e-01	1.557812534321001141e-01	7.353165057290354800e-02	3.039222124115513457e-02	7.836468197789123180e-02
1.235082735546193817e+03	2.444549132427278060e-01	1.569556133637250439e-01	2.603370386701483463e-01	1.558609873247059630e-01	7.356178650185481172e-02	3.041410312284428819e-02	7.841555777374460690e-02
1.236534066610290438e+03	2.442665336779691054e-01	1.568247817721828141e-01	2.604739232325166132e-01	1.559405846094560344e-01	7.359187100739850163e-02	3.043595807259333666e-02	7.846634762763440851e-02
1.237985397674387059e+03	2.440784809411933320e-01	1.566941629870880759e-01	2.606105685449724430e-01	1.560200455372250383e-01	7.362190421610805002e-02	3.045778608462361772e-02	7.851705168854024308e-02
1.239436728738483680e+03	2.438907543983412085e-01	1.565637567171565825e-01	2.607469750132246911e-01	1.560993703583013203e-01	7.365188625404642253e-02	3.047958715349420589e-02	7.856767010518640737e-02
1.240888059802580301e+03	2.437033534171593463e-01	1.564335626709886795e-01	2.608831430423030895e-01	1.561785593223895263e-01	7.368181724676903244e-02	3.050136127409919587e-02	7.861820302604195787e-02
1.242339390866676695e+03	2.435162773671908087e-01	1.563035805570748560e-01	2.610190730365595235e-01	1.562576126786132669e-01	7.371169731932666891e-02	3.052310844166499643e-02	7.866865059932071080e-02
1.243790721930773088e+03	2.433295256197655076e-01	1.561738100838013510e-01	2.611547653996689200e-01	1.563365306755176987e-01	7.374152659626836970e-02	3.054482865174763459e-02	7.871901297298136702e-02
1.245242052994869937e+03	2.431430975479908774e-01	1.560442509594556493e-01	2.612902205346303020e-01	1.564153135610721335e-01	7.377130520164429384e-02	3.056652190023007379e-02	7.876929029472749810e-02
1.246693384058966330e+03	2.429569925267424102e-01	1.559149028922319491e-01	2.614254388437681764e-01	1.564939615826724806e-01	7.380103325900859434e-02	3.058818818331956665e-02	7.881948271200764355e-02
1.248144715123063179e+03	2.427712099326543860e-01	1.557857655902365468e-01	2.615604207287333116e-01	1.565724749871439947e-01	7.383071089142219379e-02	3.060982749754503213e-02	7.886959037201543565e-02
1.249596046187159800e+03	2.425857491441107405e-01	1.556568387614930826e-01	2.616951665905038471e-01	1.566508540207435518e-01	7.386033822145564309e-02	3.063143983975441173e-02	7.891961342168959948e-02
1.251047377251256421e+03	2.424006095412358508e-01	1.555281221139479531e-01	2.618296768293865151e-01	1.567290989291622860e-01	7.388991537119189712e-02	3.065302520711208484e-02	7.896955200771416106e-02
1.252498708315352815e+03	2.422157905058854865e-01	1.553996153554755566e-01	2.619639518450176952e-01	1.568072099575280876e-01	7.391944246222907633e-02	3.067458359709627699e-02	7.901940627651850291e-02
1.253950039379449436e+03	2.420312914216377898e-01	1.552713181938833453e-01	2.620979920363644133e-01	1.568851873504079342e-01	7.394891961568325622e-02	3.069611500749651334e-02	7.906917637427744727e-02
1.255401370443546057e+03	2.418471116737843651e-01	1.551432303369170429e-01	2.622317978017253970e-01	1.569630313518103060e-01	7.397834695219111800e-02	3.071761943641104081e-02	7.911886244691146430e-02
1.256852701507642678e+03	2.416632506493214261e-01	1.550153514922656406e-01	2.623653695387320739e-01	1.570407422051876278e-01	7.400772459191279351e-02	3.073909688224433709e-02	7.916846464008676920e-02
1.258304032571739299e+03	2.414797077369408851e-01	1.548876813675665043e-01	2.624987076443500156e-01	1.571183201534387397e-01	7.403705265453447426e-02	3.076054734370456401e-02	7.921798309921546100e-02
1.259755363635835920e+03	2.412964823270218329e-01	1.547602196704102595e-01	2.626318125148796034e-01	1.571957654389110892e-01	7.406633125927111760e-02	3.078197081980108690e-02	7.926741796945568908e-02
1.261206694699932314e+03	2.411135738116216842e-01	1.546329661083457319e-01	2.627646845459571945e-01	1.572730783034031465e-01	7.409556052486911126e-02	3.080336730984200092e-02	7.931676939571176421e-02
1.262658025764028707e+03	2.409309815844676295e-01	1.545059203888847488e-01	2.628973241325563981e-01	1.573502589881667080e-01	7.412474056960896562e-02	3.082473681343167460e-02	7.936603752263445000e-02
1.264109356828125556e+03	2.407487050409482243e-01	1.543790822195070800e-01	2.630297316689889087e-01	1.574273077339091997e-01	7.415387151130786725e-02	3.084607933046829356e-02	7.941522249462101835e-02
1.265560687892221949e+03	2.405667435781047303e-01	1.542524513076651005e-01	2.631619075489056714e-01	1.575042247807959261e-01	7.418295346732231565e-02	3.086739486114142839e-02	7.946432445581545767e-02
1.267012018956318798e+03	2.403850965946228990e-01	1.541260273607884534e-01	2.632938521652978259e-01	1.575810103684523178e-01	7.421198655455077398e-02	3.088868340592965459e-02	7.951334355010870880e-02
1.268463350020415419e+03	2.402037634908244790e-01	1.539998100862888519e-01	2.634255659104980385e-01	1.576576647359661520e-01	7.424097088943619471e-02	3.090994496559813440e-02	7.956227992113881764e-02
1.269914681084511813e+03	2.400227436686590554e-01	1.538737991915645476e-01	2.635570491761812240e-01	1.577341881218898290e-01	7.426990658796858713e-02	3.093117954119625063e-02	7.961113371229119884e-02
1.271366012148608434e+03	2.398420365316957237e-01	1.537479943840049379e-01	2.636883023533658776e-01	1.578105807642425085e-01	7.429879376568758464e-02	3.095238713405523007e-02	7.965990506669880233e-02
1.272817343212705055e+03	2.396616414851150956e-01	1.536223953709951184e-01	2.638193258324150192e-01	1.578868429005123308e-01	7.432763253768494283e-02	3.097356774578583286e-02	7.970859412724230764e-02
1.274268674276801676e+03	2.394815579357011115e-01	1.534970018599203789e-01	2.639501200030371919e-01	1.579629747676584428e-01	7.435642301860707903e-02	3.099472137827599325e-02	7.975720103655040139e-02
1.275720005340898297e+03	2.393017852918329635e-01	1.533718135581704500e-01	2.640806852542877392e-01	1.580389766021133291e-01	7.438516532265754266e-02	3.101584803368852283e-02	7.980572593699999939e-02
1.277171336404994690e+03	2.391223229634773240e-01	1.532468301731440552e-01	2.642110219745696376e-01	1.581148486397847552e-01	7.441385956359952702e-02	3.103694771445882072e-02	7.985416897071644093e-02
1.278622667469091539e+03	2.389431703621802128e-01	1.531220514122531295e-01	2.643411305516345511e-01	1.581905911160579881e-01	7.444250585475829796e-02	3.105802042329258023e-02	7.990253027957378018e-02
1.280073998533187932e+03	2.387643269010593094e-01	1.529974769829272052e-01	2.644710113725839418e-01	1.582662042657978219e-01	7.447110430902367795e-02	3.107906616316353371e-02	7.995081000519502212e-02
1.281525329597284326e+03	2.385857919947960704e-01	1.528731065926174637e-01	2.646006648238703463e-01	1.583416883233506045e-01	7.449965503885243312e-02	3.110008493731120788e-02	7.999900828895240013e-02
1.282976660661381175e+03	2.384075650596280682e-01	1.527489399488011212e-01	2.647300912912979864e-01	1.584170435225464024e-01	7.452815815627072960e-02	3.112107674923867903e-02	8.004712527196754246e-02
1.284427991725477568e+03	2.382296455133413038e-01	1.526249767589854534e-01	2.648592911600241018e-01	1.584922700967008879e-01	7.455661377287650660e-02	3.114204160271037691e-02	8.009516109511187476e-02
1.285879322789574417e+03	2.380520327752626564e-01	1.525012167307119026e-01	2.649882648145599484e-01	1.585673682786174765e-01	7.458502199984186343e-02	3.116297950174986078e-02	8.014311589900678656e-02
1.287330653853671038e+03	2.378747262662521400e-01	1.523776595715601867e-01	2.651170126387719095e-01	1.586423383005891863e-01	7.461338294791543257e-02	3.118389045063765103e-02	8.019098982402395048e-02
1.288781984917767431e+03	2.376977254086956592e-01	1.522543049891522671e-01	2.652455350158823832e-01	1.587171803944008031e-01	7.464169672742475281e-02	3.120477445390904686e-02	8.023878301028559978e-02
1.290233315981864052e+03	2.375210296264973764e-01	1.521311526911562906e-01	2.653738323284708378e-01	1.587918947913306567e-01	7.466996344827854515e-02	3.122563151635198223e-02	8.028649559766479205e-02
