1.001418434226643626e+03	2.795715839707376693e-01	1.809851402903323581e-01	2.348670093410600845e-01	1.410634780504063934e-01	6.795793686385918908e-02	2.655390224320772208e-02	6.900094924014661679e-02
1.003837319333471214e+03	2.791537528591218620e-01	1.807043396476083474e-01	2.351687536914401078e-01	1.412388376818732028e-01	6.802552799967409580e-02	2.659682068572436983e-02	6.911196743430800260e-02
1.006256204440298802e+03	2.787372028789811829e-01	1.804242383937772198e-01	2.354696265599712235e-01	1.414136774267138741e-01	6.809289319391675921e-02	2.663968750156673823e-02	6.922267404482296271e-02
1.008675089547126618e+03	2.783219288266676750e-01	1.801448358881222733e-01	2.357696303955351125e-01	1.415879991995084020e-01	6.816003367529124835e-02	2.668250215689425831e-02	6.933306985773092512e-02
1.011093974653954206e+03	2.779079255370001111e-01	1.798661314719551263e-01	2.360687676403308011e-01	1.417618049007078052e-01	6.822695066203418590e-02	2.672526412663697379e-02	6.944315566108490156e-02
1.013512859760782021e+03	2.774951878827999208e-01	1.795881244689609413e-01	2.363670407298903708e-01	1.419350964168752116e-01	6.829364536202534031e-02	2.676797289439458369e-02	6.955293224480355030e-02
1.015931744867609382e+03	2.770837107744342775e-01	1.793108141855382642e-01	2.366644520930945295e-01	1.421078756209213090e-01	6.836011897289706596e-02	2.681062795233646323e-02	6.966240040052798510e-02
1.018350629974437197e+03	2.766734891593656820e-01	1.790341999111336735e-01	2.369610041521881538e-01	1.422801443723339665e-01	6.842637268214239732e-02	2.685322880110271870e-02	6.977156092148327493e-02
1.020769515081264785e+03	2.762645180217076502e-01	1.787582809185712940e-01	2.372566993227960552e-01	1.424519045174023890e-01	6.849240766722196339e-02	2.689577494970618946e-02	6.988041460234431512e-02
1.023188400188092373e+03	2.758567923817871748e-01	1.784830564643767881e-01	2.375515400139384947e-01	1.426231578894359697e-01	6.855822509566969480e-02	2.693826591543547339e-02	6.998896223910620884e-02
1.025607285294920075e+03	2.754503072957132370e-01	1.782085257890968777e-01	2.378455286280467817e-01	1.427939063089779248e-01	6.862382612519742076e-02	2.698070122375890653e-02	7.009720462895861759e-02
1.028026170401747549e+03	2.750450578549514247e-01	1.779346881176133988e-01	2.381386675609789561e-01	1.429641515840137933e-01	6.868921190379809194e-02	2.702308040822951757e-02	7.020514257016445547e-02
1.030445055508575479e+03	2.746410391859051003e-01	1.776615426594527758e-01	2.384309592020354140e-01	1.431338955101750243e-01	6.875438356984803212e-02	2.706540301039094681e-02	7.031277686194239984e-02
1.032863940615402726e+03	2.742382464495015659e-01	1.773890886090905006e-01	2.387224059339744242e-01	1.433031398709377069e-01	6.881934225220787127e-02	2.710766857968431240e-02	7.042010830435331548e-02
1.035282825722230655e+03	2.738366748407853879e-01	1.771173251462508647e-01	2.390130101330277812e-01	1.434718864378167202e-01	6.888408907032252115e-02	2.714987667335602012e-02	7.052713769819039802e-02
1.037701710829058356e+03	2.734363195885163300e-01	1.768462514362021676e-01	2.393027741689165433e-01	1.436401369705552211e-01	6.894862513431983253e-02	2.719202685636654820e-02	7.063386584487295339e-02
1.040120595935886058e+03	2.730371759547740029e-01	1.765758666300471513e-01	2.395917004048664645e-01	1.438078932173098012e-01	6.901295154510830865e-02	2.723411870130010987e-02	7.074029354634370215e-02
1.042539481042713533e+03	2.726392392345675098e-01	1.763061698650089382e-01	2.398797911976237041e-01	1.439751569148310373e-01	6.907706939447355587e-02	2.727615178827527687e-02	7.084642160496951169e-02
1.044958366149541234e+03	2.722425047554506983e-01	1.760371602647125000e-01	2.401670488974703976e-01	1.441419297886402107e-01	6.914097976517376287e-02	2.731812570485652944e-02	7.095225082344538969e-02
1.047377251256368709e+03	2.718469678771433529e-01	1.757688369394617700e-01	2.404534758482402279e-01	1.443082135532016419e-01	6.920468373103405568e-02	2.736004004596668399e-02	7.105778200470176664e-02
1.049796136363196410e+03	2.714526239911570493e-01	1.755011989865123689e-01	2.407390743873340788e-01	1.444740099120911392e-01	6.926818235703981197e-02	2.740189441380025404e-02	7.116301595181480366e-02
1.052215021470024112e+03	2.710594685204268384e-01	1.752342454903400570e-01	2.410238468457355510e-01	1.446393205581606167e-01	6.933147669942886504e-02	2.744368841773768553e-02	7.126795346791987840e-02
1.054633906576851814e+03	2.706674969189480362e-01	1.749679755229049949e-01	2.413077955480266157e-01	1.448041471736986885e-01	6.939456780578276418e-02	2.748542167426049759e-02	7.137259535612786032e-02
1.057052791683679516e+03	2.702767046714181776e-01	1.747023881439118687e-01	2.415909228124031305e-01	1.449684914305878480e-01	6.945745671511691088e-02	2.752709380686729768e-02	7.147694241944425875e-02
1.059471676790506763e+03	2.698870872928837428e-01	1.744374824010658798e-01	2.418732309506904377e-01	1.451323549904579013e-01	6.952014445796966813e-02	2.756870444599067438e-02	7.158099546069121577e-02
1.061890561897334692e+03	2.694986403283922693e-01	1.741732573303247933e-01	2.421547222683588796e-01	1.452957395048358469e-01	6.958263205649063698e-02	2.761025322891495076e-02	7.168475528243212214e-02
1.064309447004162394e+03	2.691113593526492376e-01	1.739097119561470450e-01	2.424353990645394252e-01	1.454586466152924806e-01	6.964492052452768422e-02	2.765173979969479806e-02	7.178822268689877273e-02
1.066728332110990095e+03	2.687252399696797855e-01	1.736468452917357408e-01	2.427152636320391021e-01	1.456210779535857536e-01	6.970701086771319277e-02	2.769316380907470981e-02	7.189139847592118659e-02
1.069147217217817570e+03	2.683402778124949206e-01	1.733846563392790474e-01	2.429943182573566784e-01	1.457830351418004378e-01	6.976890408354925743e-02	2.773452491440931214e-02	7.199428345085975844e-02
1.071566102324645271e+03	2.679564685427630599e-01	1.731231440901867258e-01	2.432725652206980393e-01	1.459445197924852666e-01	6.983060116149189533e-02	2.777582277958452056e-02	7.209687841253985263e-02
1.073984987431472746e+03	2.675738078504855677e-01	1.728623075253229724e-01	2.435500067959918136e-01	1.461055335087865781e-01	6.989210308303436814e-02	2.781705707493951907e-02	7.219918416118860371e-02
1.076403872538300675e+03	2.671922914536772331e-01	1.726021456152353750e-01	2.438266452509047777e-01	1.462660778845789600e-01	6.995341082178950509e-02	2.785822747718956841e-02	7.230120149637403459e-02
1.078822757645127922e+03	2.668119150980509668e-01	1.723426573203806211e-01	2.441024828468573715e-01	1.464261545045933144e-01	7.001452534357113788e-02	2.789933366934962272e-02	7.240293121694635348e-02
1.081241642751955851e+03	2.664326745567073829e-01	1.720838415913463482e-01	2.443775218390392134e-01	1.465857649445417299e-01	7.007544760647466120e-02	2.794037534065875808e-02	7.250437412098124923e-02
1.083660527858783553e+03	2.660545656298280992e-01	1.718256973690696077e-01	2.446517644764246435e-01	1.467449107712397449e-01	7.013617856095658021e-02	2.798135218650540934e-02	7.260553100572532392e-02
1.086079412965611255e+03	2.656775841443736463e-01	1.715682235850517767e-01	2.449252130017879614e-01	1.469035935427259465e-01	7.019671914991319761e-02	2.802226390835339115e-02	7.270640266754339887e-02
1.088498298072438729e+03	2.653017259537859829e-01	1.713114191615703052e-01	2.451978696517191081e-01	1.470618148083788490e-01	7.025707030875850967e-02	2.806311021366872036e-02	7.280698990186786068e-02
1.090917183179266431e+03	2.649269869376943976e-01	1.710552830118867995e-01	2.454697366566389038e-01	1.472195761090312471e-01	7.031723296550107527e-02	2.810389081584719825e-02	7.290729350314972823e-02
1.093336068286093905e+03	2.645533630016261295e-01	1.707998140404520526e-01	2.457408162408145080e-01	1.473768789770820709e-01	7.037720804082014947e-02	2.814460543414278385e-02	7.300731426481163466e-02
1.095754953392921607e+03	2.641808500767206525e-01	1.705450111431076887e-01	2.460111106223749899e-01	1.475337249366059089e-01	7.043699644814085947e-02	2.818525379359672345e-02	7.310705297920247481e-02
1.098173838499749309e+03	2.638094441194483442e-01	1.702908732072846154e-01	2.462806220133265112e-01	1.476901155034599511e-01	7.049659909370860345e-02	2.822583562496745052e-02	7.320651043755374565e-02
1.100592723606577010e+03	2.634391411113327086e-01	1.700373991121984785e-01	2.465493526195677576e-01	1.478460521853888487e-01	7.055601687666261668e-02	2.826635066466121407e-02	7.330568742993759379e-02
1.103011608713404712e+03	2.630699370586765951e-01	1.697845877290417027e-01	2.468173046409053439e-01	1.480015364821270774e-01	7.061525068910864955e-02	2.830679865466348075e-02	7.340458474522633392e-02
1.105430493820231959e+03	2.627018279922921362e-01	1.695324379211728127e-01	2.470844802710690791e-01	1.481565698854994950e-01	7.067430141619086836e-02	2.834717934247105164e-02	7.350320317105367429e-02
1.107849378927059888e+03	2.623348099672347944e-01	1.692809485443025064e-01	2.473508816977273983e-01	1.483111538795192641e-01	7.073316993616293735e-02	2.838749248102493544e-02	7.360154349377727445e-02
1.110268264033887590e+03	2.619688790625404606e-01	1.690301184466769246e-01	2.476165111025025456e-01	1.484652899404840243e-01	7.079185712045835133e-02	2.842773782864391197e-02	7.369960649844282952e-02
1.112687149140715292e+03	2.616040313809669948e-01	1.687799464692577578e-01	2.478813706609860334e-01	1.486189795370700950e-01	7.085036383375989399e-02	2.846791514895884861e-02	7.379739296874951449e-02
1.115106034247542766e+03	2.612402630487383193e-01	1.685304314458997421e-01	2.481454625427536864e-01	1.487722241304244020e-01	7.090869093406838852e-02	2.850802421084769681e-02	7.389490368701687184e-02
1.117524919354370468e+03	2.608775702152933418e-01	1.682815722035251871e-01	2.484087889113811565e-01	1.489250251742546272e-01	7.096683927277058768e-02	2.854806478837122047e-02	7.399213943415289263e-02
1.119943804461197942e+03	2.605159490530371547e-01	1.680333675622958378e-01	2.486713519244590220e-01	1.490773841149176104e-01	7.102480969470646721e-02	2.858803666070940108e-02	7.408910098962349922e-02
1.122362689568025871e+03	2.601553957570963971e-01	1.677858163357816845e-01	2.489331537336079703e-01	1.492293023915056971e-01	7.108260303823554782e-02	2.862793961209854007e-02	7.418578913142316600e-02
1.124781574674853118e+03	2.597959065450776706e-01	1.675389173311273849e-01	2.491941964844940627e-01	1.493807814359313091e-01	7.114022013530268973e-02	2.866777343176905163e-02	7.428220463604674750e-02
1.127200459781681047e+03	2.594374776568293961e-01	1.672926693492158556e-01	2.494544823168440284e-01	1.495318226730100730e-01	7.119766181150292972e-02	2.870753791388391471e-02	7.437834827846258323e-02
1.129619344888508749e+03	2.590801053542070020e-01	1.670470711848293377e-01	2.497140133644603077e-01	1.496824275205418386e-01	7.125492888614579079e-02	2.874723285747782589e-02	7.447422083208656007e-02
1.132038229995336451e+03	2.587237859208412760e-01	1.668021216268077422e-01	2.499727917552361789e-01	1.498325973893903096e-01	7.131202217231880081e-02	2.878685806639698364e-02	7.456982306875736821e-02
1.134457115102163925e+03	2.583685156619096035e-01	1.665578194582045257e-01	2.502308196111709404e-01	1.499823336835610088e-01	7.136894247695019233e-02	2.882641334923956300e-02	7.466515575871278398e-02
1.136876000208991627e+03	2.580142909039110921e-01	1.663141634564400950e-01	2.504880990483850933e-01	1.501316378002774954e-01	7.142569060087110289e-02	2.886589851929680095e-02	7.476021967056699358e-02
1.139294885315819101e+03	2.576611079944438609e-01	1.660711523934526312e-01	2.507446321771352737e-01	1.502805111300563878e-01	7.148226733887688700e-02	2.890531339449477558e-02	7.485501557128887429e-02
1.141713770422646803e+03	2.573089633019861600e-01	1.658287850358466098e-01	2.510004211018294074e-01	1.504289550567805001e-01	7.153867347978788704e-02	2.894465779733677857e-02	7.494954422618126111e-02
1.144132655529474505e+03	2.569578532156802098e-01	1.655870601450387392e-01	2.512554679210418085e-01	1.505769709577708948e-01	7.159490980650944081e-02	2.898393155484635733e-02	7.504380639886108761e-02
1.146551540636302207e+03	2.566077741451186500e-01	1.653459764774018736e-01	2.515097747275281126e-01	1.507245602038571608e-01	7.165097709609122290e-02	2.902313449851095725e-02	7.513780285124056768e-02
1.148970425743129908e+03	2.562587225201343744e-01	1.651055327844060672e-01	2.517633436082404308e-01	1.508717241594465241e-01	7.170687611978596165e-02	2.906226646422619894e-02	7.523153434350905722e-02
1.151389310849957155e+03	2.559106947905929741e-01	1.648657278127579340e-01	2.520161766443421159e-01	1.510184641825915441e-01	7.176260764310748996e-02	2.910132729224075565e-02	7.532500163411588734e-02
1.153808195956785084e+03	2.555636874261880687e-01	1.646265603045372616e-01	2.522682759112228612e-01	1.511647816250564491e-01	7.181817242588811601e-02	2.914031682710185520e-02	7.541820547975398858e-02
1.156227081063612786e+03	2.552176969162397446e-01	1.643880289973317643e-01	2.525196434785138000e-01	1.513106778323822510e-01	7.187357122233538342e-02	2.917923491760137863e-02	7.551114663534427840e-02
1.158645966170440488e+03	2.548727197694950486e-01	1.641501326243693659e-01	2.527702814101020490e-01	1.514561541439505832e-01	7.192880478108822084e-02	2.921808141672253833e-02	7.560382585402083966e-02
1.161064851277267962e+03	2.545287525139316998e-01	1.639128699146484847e-01	2.530201917641459186e-01	1.516012118930461505e-01	7.198387384527239752e-02	2.925685618158716667e-02	7.569624388711683471e-02
1.163483736384095664e+03	2.541857916965643560e-01	1.636762395930662084e-01	2.532693765930896235e-01	1.517458524069183468e-01	7.203877915255536835e-02	2.929555907340358409e-02	7.578840148415111333e-02
1.165902621490923138e+03	2.538438338832534891e-01	1.634402403805442772e-01	2.535178379436783813e-01	1.518900770068412620e-01	7.209352143520064704e-02	2.933418995741503277e-02	7.588029939281555614e-02
1.168321506597751068e+03	2.535028756585167575e-01	1.632048709941531228e-01	2.537655778569727905e-01	1.520338870081728577e-01	7.214810142012134664e-02	2.937274870284869999e-02	7.597193835896305647e-02
1.170740391704578315e+03	2.531629136253431001e-01	1.629701301472337160e-01	2.540125983683640953e-01	1.521772837204129758e-01	7.220251982893330367e-02	2.941123518286528279e-02	7.606331912659612671e-02
1.173159276811406244e+03	2.528239444050090490e-01	1.627360165495176647e-01	2.542589015075888415e-01	1.523202684472600987e-01	7.225677737800753619e-02	2.944964927450914940e-02	7.615444243785625400e-02
1.175578161918233945e+03	2.524859646368979860e-01	1.625025289072450640e-01	2.545044892987434193e-01	1.524628424866672494e-01	7.231087477852213286e-02	2.948799085865902447e-02	7.624530903301367235e-02
1.177997047025061647e+03	2.521489709783213962e-01	1.622696659232805982e-01	2.547493637602991079e-01	1.526050071308967526e-01	7.236481273651354518e-02	2.952625981997922949e-02	7.633591965045792571e-02
1.180415932131889122e+03	2.518129601043426202e-01	1.620374262972276436e-01	2.549935269051165632e-01	1.527467636665740813e-01	7.241859195292736640e-02	2.956445604687147830e-02	7.642627502668880579e-02
1.182834817238716823e+03	2.514779287076032710e-01	1.618058087255406507e-01	2.552369807404604729e-01	1.528881133747404530e-01	7.247221312366847190e-02	2.960257943142720685e-02	7.651637589630802538e-02
1.185253702345544298e+03	2.511438734981513154e-01	1.615748119016354178e-01	2.554797272680146003e-01	1.530290575309048717e-01	7.252567693965061846e-02	2.964062986938040961e-02	7.660622299201125251e-02
1.187672587452371999e+03	2.508107912032723763e-01	1.613444345159977811e-01	2.557217684838959948e-01	1.531695974050948372e-01	7.257898408684557157e-02	2.967860726006105523e-02	7.669581704458082461e-02
1.190091472559199701e+03	2.504786785673225324e-01	1.611146752562902795e-01	2.559631063786698690e-01	1.533097342619063885e-01	7.263213524633160834e-02	2.971651150634897764e-02	7.678515878287880958e-02
1.192510357666027403e+03	2.501475323515636173e-01	1.608855328074573765e-01	2.562037429373639208e-01	1.534494693605532034e-01	7.268513109434142361e-02	2.975434251462829444e-02	7.687424893384063596e-02
1.194929242772855105e+03	2.498173493340007656e-01	1.606570058518284883e-01	2.564436801394832099e-01	1.535888039549147266e-01	7.273797230230974464e-02	2.979210019474234916e-02	7.696308822246915315e-02
1.197348127879682352e+03	2.494881263092220691e-01	1.604290930692198192e-01	2.566829199590245913e-01	1.537277392935835207e-01	7.279065953692008539e-02	2.982978445994913935e-02	7.705167737182920529e-02
1.199767012986510281e+03	2.491598600882403980e-01	1.602017931370340875e-01	2.569214643644910367e-01	1.538662766199118126e-01	7.284319346015126484e-02	2.986739522687727882e-02	7.714001710304252413e-02
1.202185898093337983e+03	2.488325474983372476e-01	1.599751047303587248e-01	2.571593153189064562e-01	1.540044171720571231e-01	7.289557472932325921e-02	2.990493241548240408e-02	7.722810813528313556e-02
1.204604783200165684e+03	2.485061853829087508e-01	1.597490265220625483e-01	2.573964747798298536e-01	1.541421621830272592e-01	7.294780399714256847e-02	2.994239594900411153e-02	7.731595118577312686e-02
1.207023668306993159e+03	2.481807706013136883e-01	1.595235571828907128e-01	2.576329446993700367e-01	1.542795128807243343e-01	7.299988191174716645e-02	2.997978575392337003e-02	7.740354696977884419e-02
1.209442553413820860e+03	2.478563000287234419e-01	1.592986953815580808e-01	2.578687270241997731e-01	1.544164704879882055e-01	7.305180911675081268e-02	3.001710175992039834e-02	7.749089620060743699e-02
1.211861438520648335e+03	2.475327705559741409e-01	1.590744397848409819e-01	2.581038236955703336e-01	1.545530362226389676e-01	7.310358625128696164e-02	3.005434389983303173e-02	7.757799958960372166e-02
1.214280323627476264e+03	2.472101790894204731e-01	1.588507890576675574e-01	2.583382366493258697e-01	1.546892112975189471e-01	7.315521395005224192e-02	3.009151210961556050e-02	7.766485784614753085e-02
1.216699208734303511e+03	2.468885225507916337e-01	1.586277418632064673e-01	2.585719678159174584e-01	1.548249969205339471e-01	7.320669284334931082e-02	3.012860632829801946e-02	7.775147167765131262e-02
1.219118093841131440e+03	2.465677978770491607e-01	1.584052968629542368e-01	2.588050191204179229e-01	1.549603942946935764e-01	7.325802355712933422e-02	3.016562649794594583e-02	7.783784178955799327e-02
1.221536978947959142e+03	2.462480020202464370e-01	1.581834527168209936e-01	2.590373924825356555e-01	1.550954046181512169e-01	7.330920671303398084e-02	3.020257256362059509e-02	7.792396888533931198e-02
1.223955864054786844e+03	2.459291319473903836e-01	1.579622080832147335e-01	2.592690898166291058e-01	1.552300290842430486e-01	7.336024292843694450e-02	3.023944447333959742e-02	7.800985366649434982e-02
1.226374749161614318e+03	2.456111846403045973e-01	1.577415616191244208e-01	2.595001130317208249e-01	1.553642688815267126e-01	7.341113281648505018e-02	3.027624217803806875e-02	7.809549683254839170e-02
1.228793634268442020e+03	2.452941570954945971e-01	1.575215119802013675e-01	2.597304640315119539e-01	1.554981251938190867e-01	7.346187698613879102e-02	3.031296563153015183e-02	7.818089908105207986e-02
1.231212519375269494e+03	2.449780463240144868e-01	1.573020578208393916e-01	2.599601447143961019e-01	1.556315992002336168e-01	7.351247604221257392e-02	3.034961479047101202e-02	7.826606110758081714e-02
1.233631404482097196e+03	2.446628493513357538e-01	1.570831977942536151e-01	2.601891569734736676e-01	1.557646920752168984e-01	7.356293058541440999e-02	3.038618961431924226e-02	7.835098360573444776e-02
1.236050289588924898e+03	2.443485632172174571e-01	1.568649305525578463e-01	2.604175026965657169e-01	1.558974049885848423e-01	7.361324121238524421e-02	3.042269006529970538e-02	7.843566726713721571e-02
1.238469174695752372e+03	2.440351849755782454e-01	1.566472547468406862e-01	2.606451837662283610e-01	1.560297391055581739e-01	7.366340851573772996e-02	3.045911610836680647e-02	7.852011278143793127e-02
1.240888059802580301e+03	2.437227116943700977e-01	1.564301690272403844e-01	2.608722020597667446e-01	1.561616955867972667e-01	7.371343308409475381e-02	3.049546771116816435e-02	7.860432083631044287e-02
1.243306944909407548e+03	2.434111404554535618e-01	1.562136720430183090e-01	2.610985594492489792e-01	1.562932755884366698e-01	7.376331550212740507e-02	3.053174484400870622e-02	7.868829211745417829e-02
1.245725830016235477e+03	2.431004683544746303e-01	1.559977624426312215e-01	2.613242578015202433e-01	1.564244802621188868e-01	7.381305635059254300e-02	3.056794747981518567e-02	7.877202730859511615e-02
1.248144715123063179e+03	2.427906925007432826e-01	1.557824388738022203e-01	2.615492989782167155e-01	1.565553107550276546e-01	7.386265620637004481e-02	3.060407559410107531e-02	7.885552709148685446e-02
1.250563600229890881e+03	2.424818100171136359e-01	1.555676999835907126e-01	2.617736848357793966e-01	1.566857682099208893e-01	7.391211564249951238e-02	3.064012916493188618e-02	7.893879214591188742e-02
1.252982485336718355e+03	2.421738180398654294e-01	1.553535444184607761e-01	2.619974172254682099e-01	1.568158537651628548e-01	7.396143522821670147e-02	3.067610817289086536e-02	7.902182314968306254e-02
1.255401370443546057e+03	2.418667137185872562e-01	1.551399708243487718e-01	2.622204979933758784e-01	1.569455685547561374e-01	7.401061552898943741e-02	3.071201260104508904e-02	7.910462077864531538e-02
1.257820255550373531e+03	2.415604942160611834e-01	1.549269778467293746e-01	2.624429289804418031e-01	1.570749137083727598e-01	7.405965710655322554e-02	3.074784243491195460e-02	7.918718570667751533e-02
1.260239140657201460e+03	2.412551567081489823e-01	1.547145641306808261e-01	2.626647120224658294e-01	1.572038903513853225e-01	7.410856051894643137e-02	3.078359766242604392e-02	7.926951860569442232e-02
1.262658025764028707e+03	2.409506983836794680e-01	1.545027283209488289e-01	2.628858489501218476e-01	1.573324996048971747e-01	7.415732632054512774e-02	3.081927827390636490e-02	7.935162014564903221e-02
1.265076910870856636e+03	2.406471164443378108e-01	1.542914690620093010e-01	2.631063415889720591e-01	1.574607425857724452e-01	7.420595506209744230e-02	3.085488426202398493e-02	7.943349099453479722e-02
1.267495795977684338e+03	2.403444081045557901e-01	1.540807849981301880e-01	2.633261917594802992e-01	1.575886204066656304e-01	7.425444729075762751e-02	3.089041562176999753e-02	7.951513181838823496e-02
1.269914681084511813e+03	2.400425705914036589e-01	1.538706747734320257e-01	2.635454012770260812e-01	1.577161341760506819e-01	7.430280355011982529e-02	3.092587235042390179e-02	7.959654328129159295e-02
1.272333566191339514e+03	2.397416011444834516e-01	1.536611370319477532e-01	2.637639719519178638e-01	1.578432849982494557e-01	7.435102438025124882e-02	3.096125444752232184e-02	7.967772604537563808e-02
1.274752451298167216e+03	2.394414970158234013e-01	1.534521704176809442e-01	2.639819055894071509e-01	1.579700739734602455e-01	7.439911031772522554e-02	3.099656191482807674e-02	7.975868077082258478e-02
1.277171336404994690e+03	2.391422554697740233e-01	1.532437735746635665e-01	2.641992039897019806e-01	1.580965021977854268e-01	7.444706189565372667e-02	3.103179475629963199e-02	7.983940811586927311e-02
1.279590221511822392e+03	2.388438737829051695e-01	1.530359451470122423e-01	2.644158689479803592e-01	1.582225707632590461e-01	7.449487964371963311e-02	3.106695297806086678e-02	7.991990873681029117e-02
1.282009106618650094e+03	2.385463492439046096e-01	1.528286837789838981e-01	2.646319022544040833e-01	1.583482807578737717e-01	7.454256408820861268e-02	3.110203658837122978e-02	8.000018328800138911e-02
1.284427991725477568e+03	2.382496791534779446e-01	1.526219881150302771e-01	2.648473056941320625e-01	1.584736332656076496e-01	7.459011575204063660e-02	3.113704559759620030e-02	8.008023242186283752e-02
1.286846876832305497e+03	2.379538608242494635e-01	1.524158567998512848e-01	2.650620810473340860e-01	1.585986293664503610e-01	7.463753515480123224e-02	3.117198001817812064e-02	8.016005678888306341e-02
1.289265761939132744e+03	2.376588915806646662e-01	1.522102884784477528e-01	2.652762300892039793e-01	1.587232701364292842e-01	7.468482281277222246e-02	3.120683986460733028e-02	8.023965703762232782e-02
1.291684647045960673e+03	2.373647687588936739e-01	1.520052817961729530e-01	2.654897545899734812e-01	1.588475566476349188e-01	7.473197923896240935e-02	3.124162515339367827e-02	8.031903381471647285e-02
1.294103532152788375e+03	2.370714897067359439e-01	1.518008353987833348e-01	2.657026563149252341e-01	1.589714899682463378e-01	7.477900494313760582e-02	3.127633590303832700e-02	8.039818776488077967e-02
1.296522417259616077e+03	2.367790517835263175e-01	1.515969479324882907e-01	2.659149370244065502e-01	1.590950711625558622e-01	7.482590043185058382e-02	3.131097213400588219e-02	8.047711953091400694e-02
1.298941302366443551e+03	2.364874523600420386e-01	1.513936180439991175e-01	2.661265984738426238e-01	1.592183012909938189e-01	7.487266620847060627e-02	3.134553386869687319e-02	8.055582975370235987e-02
1.301360187473271253e+03	2.361966888184110214e-01	1.511908443805769775e-01	2.663376424137497978e-01	1.593411814101527435e-01	7.491930277321262599e-02	3.138002113142054211e-02	8.063431907222372297e-02
1.303779072580098727e+03	2.359067585520212840e-01	1.509886255900799723e-01	2.665480705897488867e-01	1.594637125728112503e-01	7.496581062316619304e-02	3.141443394836792441e-02	8.071258812355182333e-02
1.306197957686926657e+03	2.356176589654314923e-01	1.507869603210095222e-01	2.667578847425787214e-01	1.595858958279577078e-01	7.501219025232402915e-02	3.144877234758523821e-02	8.079063754286054666e-02
1.308616842793753904e+03	2.353293874742825309e-01	1.505858472225557465e-01	2.669670866081091387e-01	1.597077322208134420e-01	7.505844215161036614e-02	3.148303635894766223e-02	8.086846796342837818e-02
1.311035727900581833e+03	2.350419415052102945e-01	1.503852849446420115e-01	2.671756779173541374e-01	1.598292227928558851e-01	7.510456680890886805e-02	3.151722601413328023e-02	8.094608001664278796e-02
1.313454613007409534e+03	2.347553184957594519e-01	1.501852721379687561e-01	2.673836603964853675e-01	1.599503685818411403e-01	7.515056470909031727e-02	3.155134134659746264e-02	8.102347433200478288e-02
1.315873498114237009e+03	2.344695158942982915e-01	1.499858074540564856e-01	2.675910357668450090e-01	1.600711706218265196e-01	7.519643633403999550e-02	3.158538239154746324e-02	8.110065153713344466e-02
1.318292383221064711e+03	2.341845311599347612e-01	1.497868895452879601e-01	2.677978057449590943e-01	1.601916299431925539e-01	7.524218216268475923e-02	3.161934918591733507e-02	8.117761225777067602e-02
1.320711268327892412e+03	2.339003617624332565e-01	1.495885170649495499e-01	2.680039720425505534e-01	1.603117475726649477e-01	7.528780267101983781e-02	3.165324176834313080e-02	8.125435711778584980e-02
1.323130153434719887e+03	2.336170051821326865e-01	1.493906886672718148e-01	2.682095363665522036e-01	1.604315245333361728e-01	7.533329833213533999e-02	3.168706017913841544e-02	8.133088673918052736e-02
1.325549038541547588e+03	2.333344589098653166e-01	1.491934030074695550e-01	2.684145004191198502e-01	1.605509618446866182e-01	7.537866961624245521e-02	3.172080446027001482e-02	8.140720174209334359e-02
1.327967923648375290e+03	2.330527204468768321e-01	1.489966587417806687e-01	2.686188658976454424e-01	1.606700605226059064e-01	7.542391699069937727e-02	3.175447465533411812e-02	8.148330274480480861e-02
1.330386808755202765e+03	2.327717873047472352e-01	1.488004545275047608e-01	2.688226344947697299e-01	1.607888215794134601e-01	7.546904092003699216e-02	3.178807080953258146e-02	8.155919036374231768e-02
1.332805693862030694e+03	2.324916570053127129e-01	1.486047890230407231e-01	2.690258078983955858e-01	1.609072460238791524e-01	7.551404186598421886e-02	3.182159296964958556e-02	8.163486521348500835e-02
1.335224578968857941e+03	2.322123270805884487e-01	1.484096608879237056e-01	2.692283877917007739e-01	1.610253348612436242e-01	7.555892028749318368e-02	3.185504118402846668e-02	8.171032790676879820e-02
1.337643464075685870e+03	2.319337950726924058e-01	1.482150687828612812e-01	2.694303758531506610e-01	1.611430890932382953e-01	7.560367664076396432e-02	3.188841550254892937e-02	8.178557905449140852e-02
1.340062349182513572e+03	2.316560585337700262e-01	1.480210113697691954e-01	2.696317737565113171e-01	1.612605097181051550e-01	7.564831137926926463e-02	3.192171597660445337e-02	8.186061926571748526e-02
1.342481234289341273e+03	2.313791150259197349e-01	1.478274873118060051e-01	2.698325831708623945e-01	1.613775977306164677e-01	7.569282495377864517e-02	3.195494265907997122e-02	8.193544914768365051e-02
1.344900119396168748e+03	2.311029621211194984e-01	1.476344952734075788e-01	2.700328057606096732e-01	1.614943541220939804e-01	7.573721781238261508e-02	3.198809560432983035e-02	8.201006930580367893e-02
1.347319004502996449e+03	2.308275974011541609e-01	1.474420339203203478e-01	2.702324431854981057e-01	1.616107798804281848e-01	7.578149040051641860e-02	3.202117486815599795e-02	8.208448034367367419e-02
1.349737889609823924e+03	2.305530184575437513e-01	1.472501019196344185e-01	2.704314971006241963e-01	1.617268759900971076e-01	7.582564316098355794e-02	3.205418050778655048e-02	8.215868286307727308e-02
1.352156774716651853e+03	2.302792228914723738e-01	1.470586979398158245e-01	2.706299691564492682e-01	1.618426434321851293e-01	7.586967653397909406e-02	3.208711258185432263e-02	8.223267746399086364e-02
1.354575659823479100e+03	2.300062083137183466e-01	1.468678206507380013e-01	2.708278609988116203e-01	1.619580831844013857e-01	7.591359095711271154e-02	3.211997115037595885e-02	8.230646474458884476e-02
1.356994544930307029e+03	2.297339723445848414e-01	1.466774687237130392e-01	2.710251742689393506e-01	1.620731962210981147e-01	7.595738686543147822e-02	3.215275627473106190e-02	8.238004530124889979e-02
1.359413430037134731e+03	2.294625126138315485e-01	1.464876408315219369e-01	2.712219106034632343e-01	1.621879835132886971e-01	7.600106469144238264e-02	3.218546801764166077e-02	8.245341972855732560e-02
1.361832315143962205e+03	2.291918267606070092e-01	1.462983356484445219e-01	2.714180716344289368e-01	1.623024460286654203e-01	7.604462486513467734e-02	3.221810644315193511e-02	8.252658861931430612e-02
1.364251200250789907e+03	2.289219124333817246e-01	1.461095518502884827e-01	2.716136589893097253e-01	1.624165847316173805e-01	7.608806781400200003e-02	3.225067161660812726e-02	8.259955256453931083e-02
1.366670085357617609e+03	2.286527672898823194e-01	1.459212881144182627e-01	2.718086742910191811e-01	1.625304005832478305e-01	7.613139396306407847e-02	3.228316360463873158e-02	8.267231215347638218e-02
1.369088970464445310e+03	2.283843889970261776e-01	1.457335431197828712e-01	2.720031191579233565e-01	1.626438945413914150e-01	7.617460373488849079e-02	3.231558247513486443e-02	8.274486797359958956e-02
1.371507855571272785e+03	2.281167752308569108e-01	1.455463155469436665e-01	2.721969952038535978e-01	1.627570675606314077e-01	7.621769754961194021e-02	3.234792829723096008e-02	8.281722061061828899e-02
1.373926740678100487e+03	2.278499236764807145e-01	1.453596040781010568e-01	2.723903040381187024e-01	1.628699205923166138e-01	7.626067582496144637e-02	3.238020114128556393e-02	8.288937064848263259e-02
1.376345625784927961e+03	2.275838320280033911e-01	1.451734073971210071e-01	2.725830472655175751e-01	1.629824545845780237e-01	7.630353897627527304e-02	3.241240107886250027e-02	8.296131866938895316e-02
1.378764510891755890e+03	2.273184979884680379e-01	1.449877241895609625e-01	2.727752264863513854e-01	1.630946704823454940e-01	7.634628741652361994e-02	3.244452818271212347e-02	8.303306525378512104e-02
1.381183395998583137e+03	2.270539192697934860e-01	1.448025531426951062e-01	2.729668432964360569e-01	1.632065692273640678e-01	7.638892155632916181e-02	3.247658252675287432e-02	8.310461098037603966e-02
1.383602281105411066e+03	2.267900935927134598e-01	1.446178929455392281e-01	2.731578992871145917e-01	1.633181517582102116e-01	7.643144180398724064e-02	3.250856418605303777e-02	8.317595642612903017e-02
1.386021166212238768e+03	2.265270186867165969e-01	1.444337422888750389e-01	2.733483960452692263e-01	1.634294190103079414e-01	7.647384856548598842e-02	3.254047323681271559e-02	8.324710216627927151e-02
1.388440051319066470e+03	2.262646922899869406e-01	1.442500998652738176e-01	2.735383351533339780e-01	1.635403719159446434e-01	7.651614224452614466e-02	3.257230975634598652e-02	8.331804877433528211e-02
1.390858936425893944e+03	2.260031121493450978e-01	1.440669643691200041e-01	2.737277181893065792e-01	1.636510114042868391e-01	7.655832324254069343e-02	3.260407382306330926e-02	8.338879682208430455e-02
1.393277821532721646e+03	2.257422760201902856e-01	1.438843344966337645e-01	2.739165467267608012e-01	1.637613384013957563e-01	7.660039195871430617e-02	3.263576551645414048e-02	8.345934687959778719e-02
1.395696706639549120e+03	2.254821816664428491e-01	1.437022089458934448e-01	2.741048223348587221e-01	1.638713538302427331e-01	7.664234879000256240e-02	3.266738491706971947e-02	8.352969951523683823e-02
1.398115591746377049e+03	2.252228268604875017e-01	1.435205864168574152e-01	2.742925465783626060e-01	1.639810586107245394e-01	7.668419413115097616e-02	3.269893210650608867e-02	8.359985529565765183e-02
1.400534476853204296e+03	2.249642093831173695e-01	1.433394656113854970e-01	2.744797210176474489e-01	1.640904536596783925e-01	7.672592837471378657e-02	3.273040716738730843e-02	8.366981478581697607e-02
1.402953361960032225e+03	2.247063270234782029e-01	1.431588452332598072e-01	2.746663472087125801e-01	1.641995398908970560e-01	7.676755191107265119e-02	3.276181018334887313e-02	8.373957854897755293e-02
1.405372247066859927e+03	2.244491775790138643e-01	1.429787239882053529e-01	2.748524267031939861e-01	1.643083182151435506e-01	7.680906512845502021e-02	3.279314123902132838e-02	8.380914714671357235e-02
1.407791132173687402e+03	2.241927588554118722e-01	1.427991005839100436e-01	2.750379610483764115e-01	1.644167895401658919e-01	7.685046841295237185e-02	3.282440042001402714e-02	8.387852113891607064e-02
1.410210017280515103e+03	2.239370686665498322e-01	1.426199737300442583e-01	2.752229517872050168e-01	1.645249547707116067e-01	7.689176214853833680e-02	3.285558781289919794e-02	8.394770108379843998e-02
1.412628902387342805e+03	2.236821048344424800e-01	1.424413421382799971e-01	2.754074004582977020e-01	1.646328148085421106e-01	7.693294671708646171e-02	3.288670350519609653e-02	8.401668753790182687e-02
1.415047787494170507e+03	2.234278651891891676e-01	1.422632045223097830e-01	2.755913085959568187e-01	1.647403705524470019e-01	7.697402249838791732e-02	3.291774758535538636e-02	8.408548105610051671e-02
1.417466672600997981e+03	2.231743475689220713e-01	1.420855595978648689e-01	2.757746777301812724e-01	1.648476228982582448e-01	7.701498987016899833e-02	3.294872014274369959e-02	8.415408219160742942e-02
1.419885557707825683e+03	2.229215498197549272e-01	1.419084060827331684e-01	2.759575093866781237e-01	1.649545727388640748e-01	7.705584920810840122e-02	3.297962126762839924e-02	8.422249149597949014e-02
1.422304442814653157e+03	2.226694697957322944e-01	1.417317426967767691e-01	2.761398050868746901e-01	1.650612209642229045e-01	7.709660088585439108e-02	3.301045105116248712e-02	8.429070951912305543e-02
1.424723327921481086e+03	2.224181053587794554e-01	1.415555681619491968e-01	2.763215663479302031e-01	1.651675684613770345e-01	7.713724527504169093e-02	3.304120958536974073e-02	8.435873680929929785e-02
1.427142213028308333e+03	2.221674543786527900e-01	1.413798812023119023e-01	2.765027946827476879e-01	1.652736161144663929e-01	7.717778274530831539e-02	3.307189696312999583e-02	8.442657391312961834e-02
1.429561098135136262e+03	2.219175147328908138e-01	1.412046805440508035e-01	2.766834915999855093e-01	1.653793648047418297e-01	7.721821366431207145e-02	3.310251327816458172e-02	8.449422137560100299e-02
1.431979983241963964e+03	2.216682843067655784e-01	1.410299649154922730e-01	2.768636586040695291e-01	1.654848154105786895e-01	7.725853839774710075e-02	3.313305862502199939e-02	8.456167974007142152e-02
1.434398868348791666e+03	2.214197609932347932e-01	1.408557330471185698e-01	2.770432971952044299e-01	1.655899688074898291e-01	7.729875730936004719e-02	3.316353309906373142e-02	8.462894954827515637e-02
1.436817753455619140e+03	2.211719426928943077e-01	1.406819836715832162e-01	2.772224088693854838e-01	1.656948258681390229e-01	7.733887076096616908e-02	3.319393679645019080e-02	8.469603134032818725e-02
1.439236638562446842e+03	2.209248273139312047e-01	1.405087155237257079e-01	2.774009951184100986e-01	1.657993874623538144e-01	7.737887911246522921e-02	3.322426981412690550e-02	8.476292565473354801e-02
1.441655523669274316e+03	2.206784127720773370e-01	1.403359273405862806e-01	2.775790574298896973e-01	1.659036544571384775e-01	7.741878272185725995e-02	3.325453224981082812e-02	8.482963302838655850e-02
1.444074408776102018e+03	2.204326969905635591e-01	1.401636178614198147e-01	2.777565972872610423e-01	1.660076277166867009e-01	7.745858194525821749e-02	3.328472420197679110e-02	8.489615399658025086e-02
1.446493293882929493e+03	2.201876779000740691e-01	1.399917858277097693e-01	2.779336161697978924e-01	1.661113081023944393e-01	7.749827713691531672e-02	3.331484576984419105e-02	8.496248909301062913e-02
1.448912178989757422e+03	2.199433534387016942e-01	1.398204299831816710e-01	2.781101155526225499e-01	1.662146964728723475e-01	7.753786864922233846e-02	3.334489705336377008e-02	8.502863884978197062e-02
1.451331064096585123e+03	2.196997215519031765e-01	1.396495490738162981e-01	2.782860969067172396e-01	1.663177936839583260e-01	7.757735683273475624e-02	3.337487815320459850e-02	8.509460379741205782e-02
1.453749949203412370e+03	2.194567801924554307e-01	1.394791418478623368e-01	2.784615616989355447e-01	1.664206005887297890e-01	7.761674203618464107e-02	3.340478917074116844e-02	8.516038446483752133e-02
1.456168834310240300e+03	2.192145273204119948e-01	1.393092070558490936e-01	2.786365113920140080e-01	1.665231180375160991e-01	7.765602460649553840e-02	3.343463020804070263e-02	8.522598137941900243e-02
1.458587719417068001e+03	2.189729609030597879e-01	1.391397434505985131e-01	2.788109474445835123e-01	1.666253468779105018e-01	7.769520488879703979e-02	3.346440136785056030e-02	8.529139506694646822e-02
1.461006604523895703e+03	2.187320789148766986e-01	1.389707497872371689e-01	2.789848713111804934e-01	1.667272879547823661e-01	7.773428322643935462e-02	3.349410275358585126e-02	8.535662605164438810e-02
1.463425489630723177e+03	2.184918793374893975e-01	1.388022248232077538e-01	2.791582844422584864e-01	1.668289421102890080e-01	7.777325996100757644e-02	3.352373446931714018e-02	8.542167485617693790e-02
1.465844374737550879e+03	2.182523601596315088e-01	1.386341673182802936e-01	2.793311882841993388e-01	1.669303101838875980e-01	7.781213543233597707e-02	3.355329661975835209e-02	8.548654200165321793e-02
1.468263259844378354e+03	2.180135193771025881e-01	1.384665760345631935e-01	2.795035842793243686e-01	1.670313930123469293e-01	7.785090997852202321e-02	3.358278931025478198e-02	8.555122800763240165e-02
1.470682144951206283e+03	2.177753549927270438e-01	1.382994497365138964e-01	2.796754738659058548e-01	1.671321914297590194e-01	7.788958393594022644e-02	3.361221264677129172e-02	8.561573339212892597e-02
1.473101030058033530e+03	2.175378650163138361e-01	1.381327871909492078e-01	2.798468584781781954e-01	1.672327062675507681e-01	7.792815763925606265e-02	3.364156673588062502e-02	8.568005867161759825e-02
1.475519915164861459e+03	2.173010474646164814e-01	1.379665871670553989e-01	2.800177395463488983e-01	1.673329383544953919e-01	7.796663142143944736e-02	3.367085168475184714e-02	8.574420436103875887e-02
1.477938800271689161e+03	2.170649003612934724e-01	1.378008484363981989e-01	2.801881184966100724e-01	1.674328885167237768e-01	7.800500561377832209e-02	3.370006760113897215e-02	8.580817097380334657e-02
1.480357685378516862e+03	2.168294217368690324e-01	1.376355697729321204e-01	2.803579967511494186e-01	1.675325575777358855e-01	7.804328054589199093e-02	3.372921459336970101e-02	8.587195902179803331e-02
1.482776570485344337e+03	2.165946096286943956e-01	1.374707499530097021e-01	2.805273757281612768e-01	1.676319463584118041e-01	7.808145654574430439e-02	3.375829277033427778e-02	8.593556901539030346e-02
