1.001418434226643626e+03	2.795517739500442689e-01	1.810048295614204161e-01	2.348669195194259540e-01	1.410621533538034544e-01	6.795904197977110928e-02	2.655105650895425023e-02	6.900422512633022643e-02
1.002869765290740247e+03	2.793008074047557687e-01	1.808363740108215045e-01	2.350480991184072110e-01	1.411674360515972060e-01	6.799960743836459820e-02	2.657679144808540797e-02	6.907088452771800724e-02
1.004321096354836754e+03	2.790503035820028899e-01	1.806681696528605052e-01	2.352289646869222262e-01	1.412725313323611731e-01	6.804009127781425470e-02	2.660250788570088162e-02	6.913743158208773831e-02
1.005772427418933376e+03	2.788002613521369799e-01	1.805002163519573988e-01	2.354095167539679012e-01	1.413774396113365028e-01	6.808049376555656840e-02	2.662820570577990875e-02	6.920386645901434319e-02
1.007223758483029997e+03	2.785506795904880706e-01	1.803325139702160462e-01	2.355897558476805209e-01	1.414821613019091318e-01	6.812081516765851330e-02	2.665388479344392436e-02	6.927018932835339593e-02
1.008675089547126618e+03	2.783015571773293506e-01	1.801650623674503349e-01	2.357696824953369186e-01	1.415866968156289374e-01	6.816105574882626306e-02	2.667954503494867485e-02	6.933640036022908903e-02
1.010126420611223239e+03	2.780528929978418606e-01	1.799978614012105738e-01	2.359492972233556696e-01	1.416910465622286119e-01	6.820121577241379518e-02	2.670518631767639095e-02	6.940249972502259002e-02
1.011577751675319632e+03	2.778046859420798542e-01	1.798309109268091677e-01	2.361286005572982294e-01	1.417952109496423696e-01	6.824129550043141201e-02	2.673080853012798491e-02	6.946848759336052281e-02
1.013029082739416367e+03	2.775569349049354928e-01	1.796642107973462910e-01	2.363075930218700993e-01	1.418991903840242652e-01	6.828129519355431720e-02	2.675641156191531714e-02	6.953436413610368516e-02
1.014480413803512761e+03	2.773096387861052614e-01	1.794977608637354227e-01	2.364862751409219366e-01	1.420029852697663741e-01	6.832121511113098400e-02	2.678199530375348705e-02	6.960012952433602962e-02
1.015931744867609382e+03	2.770627964900553297e-01	1.793315609747282990e-01	2.366646474374508036e-01	1.421065960095165004e-01	6.836105551119157908e-02	2.680755964745319339e-02	6.966578392935376951e-02
1.017383075931706003e+03	2.768164069259880233e-01	1.791656109769400040e-01	2.368427104336012501e-01	1.422100230041958846e-01	6.840081665045630310e-02	2.683310448591311875e-02	6.973132752265477630e-02
1.018834406995802851e+03	2.765704690078084060e-01	1.789999107148737001e-01	2.370204646506665347e-01	1.423132666530164681e-01	6.844049878434366185e-02	2.685862971311237316e-02	6.979676047592818511e-02
1.020285738059899245e+03	2.763249816540908621e-01	1.788344600309449139e-01	2.371979106090897627e-01	1.424163273534980179e-01	6.848010216697862640e-02	2.688413522410298268e-02	6.986208296104416682e-02
1.021737069123995752e+03	2.760799437880462337e-01	1.786692587655060172e-01	2.373750488284649962e-01	1.425192055014848913e-01	6.851962705120086261e-02	2.690962091500241973e-02	6.992729515004385277e-02
1.023188400188092373e+03	2.758353543374892913e-01	1.785043067568701236e-01	2.375518798275384758e-01	1.426219014911626892e-01	6.855907368857282191e-02	2.693508668298617847e-02	6.999239721512962031e-02
1.024639731252188767e+03	2.755912122348063709e-01	1.783396038413349038e-01	2.377284041242097856e-01	1.427244157150746040e-01	6.859844232938777653e-02	2.696053242628039179e-02	7.005738932865536450e-02
1.026091062316285615e+03	2.753475164169230660e-01	1.781751498532061773e-01	2.379046222355329643e-01	1.428267485641375178e-01	6.863773322267782695e-02	2.698595804415450036e-02	7.012227166311711668e-02
1.027542393380382237e+03	2.751042658252725315e-01	1.780109446248213656e-01	2.380805346777178089e-01	1.429289004276579067e-01	6.867694661622184005e-02	2.701136343691396685e-02	7.018704439114377414e-02
1.028993724444478858e+03	2.748614594057639526e-01	1.778469879865725023e-01	2.382561419661307911e-01	1.430308716933474389e-01	6.871608275655335940e-02	2.703674850589302819e-02	7.025170768548805178e-02
1.030445055508575479e+03	2.746190961087514038e-01	1.776832797669292696e-01	2.384314446152963896e-01	1.431326627473386015e-01	6.875514188896840462e-02	2.706211315344748958e-02	7.031626171901754485e-02
1.031896386572671872e+03	2.743771748890024287e-01	1.775198197924617027e-01	2.386064431388983109e-01	1.432342739741996884e-01	6.879412425753331228e-02	2.708745728294757044e-02	7.038070666470604142e-02
1.033347717636768493e+03	2.741356947056676763e-01	1.773566078878626995e-01	2.387811380497805169e-01	1.433357057569500104e-01	6.883303010509239650e-02	2.711278079877080249e-02	7.044504269562501531e-02
1.034799048700865114e+03	2.738946545222500362e-01	1.771936438759703358e-01	2.389555298599484456e-01	1.434369584770744666e-01	6.887185967327566494e-02	2.713808360629493474e-02	7.050926998493517450e-02
1.036250379764961508e+03	2.736540533065748293e-01	1.770309275777899594e-01	2.391296190805701771e-01	1.435380325145383662e-01	6.891061320250646549e-02	2.716336561189093557e-02	7.057338870587837043e-02
1.037701710829058356e+03	2.734138900307594433e-01	1.768684588125160329e-01	2.393034062219775715e-01	1.436389282478015839e-01	6.894929093200903580e-02	2.718862672291598101e-02	7.063739903176943780e-02
1.039153041893154750e+03	2.731741636711836341e-01	1.767062373975540335e-01	2.394768917936675179e-01	1.437396460538329090e-01	6.898789309981601114e-02	2.721386684770654707e-02	7.070130113598836752e-02
1.040604372957251599e+03	2.729348732084604379e-01	1.765442631485416303e-01	2.396500763043029614e-01	1.438401863081239518e-01	6.902641994277594617e-02	2.723908589557147431e-02	7.076509519197263232e-02
1.042055704021347992e+03	2.726960176274062508e-01	1.763825358793702502e-01	2.398229602617142076e-01	1.439405493847029094e-01	6.906487169656069791e-02	2.726428377678515036e-02	7.082878137320954004e-02
1.043507035085444613e+03	2.724575959170124628e-01	1.762210554022060061e-01	2.399955441729000050e-01	1.440407356561481389e-01	6.910324859567283651e-02	2.728946040258066821e-02	7.089235985322885070e-02
1.044958366149541234e+03	2.722196070704163695e-01	1.760598215275107348e-01	2.401678285440287663e-01	1.441407454936015908e-01	6.914155087345290329e-02	2.731461568514306770e-02	7.095583080559553224e-02
1.046409697213637855e+03	2.719820500848726952e-01	1.758988340640625092e-01	2.403398138804397066e-01	1.442405792667819653e-01	6.917977876208672439e-02	2.733974953760260826e-02	7.101919440390266902e-02
1.047861028277734476e+03	2.717449239617254486e-01	1.757380928189763991e-01	2.405115006866439809e-01	1.443402373439978126e-01	6.921793249261269654e-02	2.736486187402807982e-02	7.108245082176438412e-02
1.049312359341831097e+03	2.715082277063798344e-01	1.755775975977246217e-01	2.406828894663258500e-01	1.444397200921603563e-01	6.925601229492885091e-02	2.738995260942015536e-02	7.114560023280910861e-02
1.050763690405927491e+03	2.712719603282743863e-01	1.754173482041566923e-01	2.408539807223439300e-01	1.445390278767960668e-01	6.929401839780002792e-02	2.741502165970478508e-02	7.120864281067287860e-02
1.052215021470024112e+03	2.710361208408534339e-01	1.752573444405194358e-01	2.410247749567322739e-01	1.446381610620592340e-01	6.933195102886501038e-02	2.744006894172664607e-02	7.127157872899271551e-02
1.053666352534120733e+03	2.708007082615397354e-01	1.750975861074766937e-01	2.411952726707015937e-01	1.447371200107442912e-01	6.936981041464346243e-02	2.746509437324259201e-02	7.133440816140027008e-02
1.055117683598217127e+03	2.705657216117076103e-01	1.749380730041289744e-01	2.413654743646403977e-01	1.448359050842978613e-01	6.940759678054297943e-02	2.749009787291521040e-02	7.139713128151552179e-02
1.056569014662313975e+03	2.703311599166557389e-01	1.747788049280327716e-01	2.415353805381161567e-01	1.449345166428308851e-01	6.944531035086598525e-02	2.751507936030634510e-02	7.145974826294063109e-02
1.058020345726410369e+03	2.700970222055806835e-01	1.746197816752197707e-01	2.417049916898764694e-01	1.450329550451303351e-01	6.948295134881664337e-02	2.754003875587072298e-02	7.152225927925384696e-02
1.059471676790506763e+03	2.698633075115504099e-01	1.744610030402159728e-01	2.418743083178502562e-01	1.451312206486707890e-01	6.952051999650769865e-02	2.756497598094957702e-02	7.158466450400369219e-02
1.060923007854603611e+03	2.696300148714780853e-01	1.743024688160605407e-01	2.420433309191488969e-01	1.452293138096261149e-01	6.955801651496730520e-02	2.758989095776432851e-02	7.164696411070310689e-02
1.062374338918700232e+03	2.693971433260961001e-01	1.741441787943243946e-01	2.422120599900673410e-01	1.453272348828806571e-01	6.959544112414571548e-02	2.761478360941031773e-02	7.170915827282382804e-02
1.063825669982796853e+03	2.691646919199303101e-01	1.739861327651287815e-01	2.423804960260854680e-01	1.454249842220404210e-01	6.963279404292201102e-02	2.763965385985053466e-02	7.177124716379078284e-02
1.065277001046893474e+03	2.689326597012744458e-01	1.738283305171635928e-01	2.425486395218690305e-01	1.455225621794442037e-01	6.967007548911077763e-02	2.766450163390945030e-02	7.183323095697677352e-02
1.066728332110990095e+03	2.687010457221647441e-01	1.736707718377056009e-01	2.427164909712709595e-01	1.456199691061743628e-01	6.970728567946871124e-02	2.768932685726683413e-02	7.189510982569702335e-02
1.068179663175086489e+03	2.684698490383549130e-01	1.735134565126363604e-01	2.428840508673324461e-01	1.457172053520675581e-01	6.974442482970120982e-02	2.771412945645162704e-02	7.195688394320406966e-02
1.069630994239183110e+03	2.682390687092910952e-01	1.733563843264601390e-01	2.430513197022842187e-01	1.458142712657253814e-01	6.978149315446888212e-02	2.773890935883586983e-02	7.201855348268267065e-02
1.071082325303279504e+03	2.680087037980871112e-01	1.731995550623214586e-01	2.432182979675475420e-01	1.459111671945247379e-01	6.981849086739398691e-02	2.776366649262864902e-02	7.208011861724476776e-02
1.072533656367376352e+03	2.677787533715000889e-01	1.730429685020226371e-01	2.433849861537355774e-01	1.460078934846281984e-01	6.985541818106696943e-02	2.778840078687008081e-02	7.214157951992462847e-02
1.073984987431472746e+03	2.675492164999061506e-01	1.728866244260412466e-01	2.435513847506544094e-01	1.461044504809941025e-01	6.989227530705276192e-02	2.781311217142535056e-02	7.220293636367407231e-02
1.075436318495569594e+03	2.673200922572763205e-01	1.727305226135470717e-01	2.437174942473042671e-01	1.462008385273866617e-01	6.992906245589719516e-02	2.783780057697877661e-02	7.226418932135782180e-02
1.076887649559666215e+03	2.670913797211523777e-01	1.725746628424192630e-01	2.438833151318806625e-01	1.462970579663857296e-01	6.996577983713329896e-02	2.786246593502790872e-02	7.232533856574886733e-02
1.078338980623762609e+03	2.668630779726233748e-01	1.724190448892631844e-01	2.440488478917755555e-01	1.463931091393966266e-01	7.000242765928756106e-02	2.788710817787768206e-02	7.238638426952408167e-02
1.079790311687859230e+03	2.666351860963021014e-01	1.722636685294270109e-01	2.442140930135785759e-01	1.464889923866598553e-01	7.003900612988614438e-02	2.791172723863459201e-02	7.244732660525975143e-02
1.081241642751955851e+03	2.664077031803017692e-01	1.721085335370183822e-01	2.443790509830780777e-01	1.465847080472604258e-01	7.007551545546106264e-02	2.793632305120090017e-02	7.250816574542737203e-02
1.082692973816052472e+03	2.661806283162128084e-01	1.719536396849206950e-01	2.445437222852624159e-01	1.466802564591373481e-01	7.011195584155638372e-02	2.796089555026889939e-02	7.256890186238935947e-02
1.084144304880149093e+03	2.659539605990801081e-01	1.717989867448094510e-01	2.447081074043210847e-01	1.467756379590927918e-01	7.014832749273423873e-02	2.798544467131520996e-02	7.262953512839506742e-02
1.085595635944245487e+03	2.657276991273798683e-01	1.716445744871681611e-01	2.448722068236458271e-01	1.468708528828012450e-01	7.018463061258095603e-02	2.800997035059508630e-02	7.269006571557670715e-02
1.087046967008342108e+03	2.655018430029977283e-01	1.714904026813044435e-01	2.450360210258318572e-01	1.469659015648185907e-01	7.022086540371302865e-02	2.803447252513679294e-02	7.275049379594544785e-02
1.088498298072438729e+03	2.652763913312057298e-01	1.713364710953656223e-01	2.451995504926789415e-01	1.470607843385909053e-01	7.025703206778312337e-02	2.805895113273600486e-02	7.281081954138755863e-02
1.089949629136535123e+03	2.650513432206405007e-01	1.711827794963545479e-01	2.453627957051927044e-01	1.471555015364631736e-01	7.029313080548603432e-02	2.808340611195023553e-02	7.287104312366068926e-02
1.091400960200631971e+03	2.648266977832812175e-01	1.710293276501449744e-01	2.455257571435856545e-01	1.472500534896880875e-01	7.032916181656449772e-02	2.810783740209331014e-02	7.293116471439019255e-02
1.092852291264728365e+03	2.646024541344276781e-01	1.708761153214968520e-01	2.456884352872783783e-01	1.473444405284345671e-01	7.036512529981514552e-02	2.813224494322987684e-02	7.299118448506554391e-02
1.094303622328825213e+03	2.643786113926786530e-01	1.707231422740715931e-01	2.458508306149007339e-01	1.474386629817960037e-01	7.040102145309427850e-02	2.815662867616993206e-02	7.305110260703681635e-02
1.095754953392921607e+03	2.641551686799106236e-01	1.705704082704471158e-01	2.460129436042930440e-01	1.475327211777987813e-01	7.043685047332366722e-02	2.818098854246341503e-02	7.311091925151129434e-02
1.097206284457018228e+03	2.639321251212563557e-01	1.704179130721327762e-01	2.461747747325071234e-01	1.476266154434104361e-01	7.047261255649624190e-02	2.820532448439481282e-02	7.317063458955010147e-02
1.098657615521114849e+03	2.637094798450838051e-01	1.702656564395840511e-01	2.463363244758076664e-01	1.477203461045477062e-01	7.050830789768185169e-02	2.822963644497780700e-02	7.323024879206491145e-02
1.100108946585211470e+03	2.634872319829751897e-01	1.701136381322171653e-01	2.464975933096731631e-01	1.478139134860845805e-01	7.054393669103291298e-02	2.825392436794994105e-02	7.328976202981479782e-02
1.101560277649308091e+03	2.632653806697062837e-01	1.699618579084237191e-01	2.466585817087971755e-01	1.479073179118601256e-01	7.057949912979000207e-02	2.827818819776735729e-02	7.334917447340306984e-02
1.103011608713404712e+03	2.630439250432256015e-01	1.698103155255848984e-01	2.468192901470894485e-01	1.480005597046863963e-01	7.061499540628747573e-02	2.830242787959953016e-02	7.340848629327424713e-02
1.104462939777501106e+03	2.628228642446344687e-01	1.696590107400857417e-01	2.469797190976772139e-01	1.480936391863560408e-01	7.065042571195903620e-02	2.832664335932405519e-02	7.346769765971103427e-02
1.105914270841597499e+03	2.626021974181661500e-01	1.695079433073291841e-01	2.471398690329061343e-01	1.481865566776499332e-01	7.068579023734318512e-02	2.835083458352146216e-02	7.352680874283147594e-02
1.107365601905694348e+03	2.623819237111662539e-01	1.693571129817501297e-01	2.472997404243416353e-01	1.482793124983446398e-01	7.072108917208877465e-02	2.837500149947006639e-02	7.358581971258604248e-02
1.108816932969790741e+03	2.621620422740725265e-01	1.692065195168290792e-01	2.474593337427699880e-01	1.483719069672197743e-01	7.075632270496036436e-02	2.839914405514086526e-02	7.364473073875489606e-02
1.110268264033887590e+03	2.619425522603952006e-01	1.690561626651060356e-01	2.476186494581994191e-01	1.484643404020654645e-01	7.079149102384368897e-02	2.842326219919242766e-02	7.370354199094519831e-02
1.111719595097984211e+03	2.617234528266975113e-01	1.689060421781938826e-01	2.477776880398613601e-01	1.485566131196894013e-01	7.082659431575098752e-02	2.844735588096587373e-02	7.376225363858837647e-02
1.113170926162080832e+03	2.615047431325759342e-01	1.687561578067919010e-01	2.479364499562115576e-01	1.486487254359241672e-01	7.086163276682636014e-02	2.847142505047982677e-02	7.382086585093763920e-02
1.114622257226177226e+03	2.612864223406412001e-01	1.686065093006990367e-01	2.480949356749312384e-01	1.487406776656339247e-01	7.089660656235104164e-02	2.849546965842545895e-02	7.387937879706538147e-02
1.116073588290273847e+03	2.610684896164991997e-01	1.684570964088271394e-01	2.482531456629282762e-01	1.488324701227217994e-01	7.093151588674867503e-02	2.851948965616152298e-02	7.393779264586075595e-02
1.117524919354370468e+03	2.608509441287316655e-01	1.683079188792138692e-01	2.484110803863382455e-01	1.489241031201363197e-01	7.096636092359050185e-02	2.854348499570942208e-02	7.399610756602724437e-02
1.118976250418467089e+03	2.606337850488779084e-01	1.681589764590357972e-01	2.485687403105257265e-01	1.490155769698785215e-01	7.100114185560060798e-02	2.856745562974834923e-02	7.405432372608033997e-02
1.120427581482563710e+03	2.604170115514156114e-01	1.680102688946211176e-01	2.487261259000853597e-01	1.491068919830084161e-01	7.103585886466100285e-02	2.859140151161040921e-02	7.411244129434527150e-02
1.121878912546660331e+03	2.602006228137426769e-01	1.678617959314623320e-01	2.488832376188430950e-01	1.491980484696517062e-01	7.107051213181679594e-02	2.861532259527579947e-02	7.417046043895471341e-02
1.123330243610756725e+03	2.599846180161587417e-01	1.677135573142288505e-01	2.490400759298571909e-01	1.492890467390063092e-01	7.110510183728127598e-02	2.863921883536801535e-02	7.422838132784669030e-02
1.124781574674853118e+03	2.597689963418470804e-01	1.675655527867793981e-01	2.491966412954194909e-01	1.493798870993486849e-01	7.113962816044094861e-02	2.866309018714910048e-02	7.428620412876235646e-02
1.126232905738949967e+03	2.595537569768563979e-01	1.674177820921743387e-01	2.493529341770564789e-01	1.494705698580403586e-01	7.117409127986051853e-02	2.868693660651490743e-02	7.434392900924402525e-02
1.127684236803046360e+03	2.593388991100828989e-01	1.672702449726879426e-01	2.495089550355305552e-01	1.495610953215341099e-01	7.120849137328794098e-02	2.871075804999039319e-02	7.440155613663307355e-02
1.129135567867143209e+03	2.591244219332529686e-01	1.671229411698203215e-01	2.496647043308411196e-01	1.496514637953801907e-01	7.124282861765934838e-02	2.873455447472495275e-02	7.445908567806805434e-02
1.130586898931239830e+03	2.589103246409047987e-01	1.669758704243096692e-01	2.498201825222256256e-01	1.497416755842324587e-01	7.127710318910390752e-02	2.875832583848778740e-02	7.451651780048269835e-02
1.132038229995336451e+03	2.586966064303715673e-01	1.668290324761438626e-01	2.499753900681608854e-01	1.498317309918544282e-01	7.131131526294877399e-02	2.878207209966330074e-02	7.457385267060412382e-02
1.133489561059432845e+03	2.584832665017638975e-01	1.666824270645722861e-01	2.501303274263640963e-01	1.499216303211252654e-01	7.134546501372392158e-02	2.880579321724650518e-02	7.463109045495096294e-02
1.134940892123529466e+03	2.582703040579524267e-01	1.665360539281176000e-01	2.502849950537940904e-01	1.500113738740457281e-01	7.137955261516694405e-02	2.882948915083848734e-02	7.468823131983161334e-02
1.136392223187626087e+03	2.580577183045511536e-01	1.663899128045870923e-01	2.504393934066523331e-01	1.501009619517439109e-01	7.141357824022788459e-02	2.885315986064188737e-02	7.474527543134254493e-02
1.137843554251722708e+03	2.578455084499002847e-01	1.662440034310841697e-01	2.505935229403843389e-01	1.501903948544811018e-01	7.144754206107391259e-02	2.887680530745641988e-02	7.480222295536656518e-02
1.139294885315819101e+03	2.576336737050495262e-01	1.660983255440196260e-01	2.507473841096804490e-01	1.502796728816573890e-01	7.148144424909412542e-02	2.890042545267439145e-02	7.485907405757122324e-02
1.140746216379915950e+03	2.574222132837413746e-01	1.659528788791229392e-01	2.509009773684772737e-01	1.503687963318174337e-01	7.151528497490419745e-02	2.892402025827629786e-02	7.491582890340718615e-02
1.142197547444012343e+03	2.572111264023946853e-01	1.658076631714532623e-01	2.510543031699586924e-01	1.504577655026558547e-01	7.154906440835101522e-02	2.894758968682641445e-02	7.497248765810676785e-02
1.143648878508108737e+03	2.570004122800882418e-01	1.656626781554104144e-01	2.512073619665569635e-01	1.505465806910228910e-01	7.158278271851738206e-02	2.897113370146842115e-02	7.502905048668231935e-02
1.145100209572205586e+03	2.567900701385445461e-01	1.655179235647457892e-01	2.513601542099540564e-01	1.506352421929297025e-01	7.161644007372655607e-02	2.899465226592107259e-02	7.508551755392486871e-02
1.146551540636302207e+03	2.565800992021137761e-01	1.653733991325731234e-01	2.515126803510825959e-01	1.507237503035538106e-01	7.165003664154678820e-02	2.901814534447386823e-02	7.514188902440260831e-02
1.148002871700398828e+03	2.563704986977576317e-01	1.652291045913791834e-01	2.516649408401270827e-01	1.508121053172443715e-01	7.168357258879592964e-02	2.904161290198278844e-02	7.519816506245960430e-02
1.149454202764495449e+03	2.561612678550336253e-01	1.650850396730342839e-01	2.518169361265249484e-01	1.509003075275273387e-01	7.171704808154591437e-02	2.906505490386602011e-02	7.525434583221436713e-02
1.150905533828591842e+03	2.559524059060793166e-01	1.649412041088028080e-01	2.519686666589678881e-01	1.509883572271108476e-01	7.175046328512721394e-02	2.908847131609973782e-02	7.531043149755863031e-02
1.152356864892688463e+03	2.557439120855967141e-01	1.647975976293535039e-01	2.521201328854028589e-01	1.510762547078901286e-01	7.178381836413327832e-02	2.911186210521390927e-02	7.536642222215600428e-02
1.153808195956785084e+03	2.555357856308368425e-01	1.646542199647698379e-01	2.522713352530330799e-01	1.511640002609526412e-01	7.181711348242497683e-02	2.913522723828811112e-02	7.542231816944079681e-02
1.155259527020881706e+03	2.553280257815843113e-01	1.645110708445601533e-01	2.524222742083195303e-01	1.512515941765830707e-01	7.185034880313496963e-02	2.915856668294738996e-02	7.547811950261680558e-02
1.156710858084978327e+03	2.551206317801422152e-01	1.643681499976675786e-01	2.525729501969817270e-01	1.513390367442682960e-01	7.188352448867207922e-02	2.918188040735814406e-02	7.553382638465615251e-02
1.158162189149074720e+03	2.549136028713168689e-01	1.642254571524802975e-01	2.527233636639990566e-01	1.514263282527022469e-01	7.191664070072557868e-02	2.920516838022403985e-02	7.558943897829818737e-02
1.159613520213171569e+03	2.547069383024029299e-01	1.640829920368410688e-01	2.528735150536118303e-01	1.515134689897906228e-01	7.194969760026952155e-02	2.922843057078194223e-02	7.564495744604836369e-02
1.161064851277267962e+03	2.545006373231684105e-01	1.639407543780573573e-01	2.530234048093225052e-01	1.516004592426558606e-01	7.198269534756703003e-02	2.925166694879787962e-02	7.570038195017722571e-02
1.162516182341364356e+03	2.542946991858403005e-01	1.637987439029107151e-01	2.531730333738966832e-01	1.516872992976417145e-01	7.201563410217450001e-02	2.927487748456304370e-02	7.575571265271935362e-02
1.163967513405461204e+03	2.540891231450894128e-01	1.636569603376666071e-01	2.533224011893643324e-01	1.517739894403180023e-01	7.204851402294580598e-02	2.929806214888979951e-02	7.581094971547236439e-02
1.165418844469557826e+03	2.538839084580163385e-01	1.635154034080837371e-01	2.534715086970208975e-01	1.518605299554851018e-01	7.208133526803654767e-02	2.932122091310773032e-02	7.586609329999596807e-02
1.166870175533654447e+03	2.536790543841367374e-01	1.633740728394235953e-01	2.536203563374283543e-01	1.519469211271786135e-01	7.211409799490813011e-02	2.934435374905971367e-02	7.592114356761105187e-02
1.168321506597751068e+03	2.534745601853674035e-01	1.632329683564597012e-01	2.537689445504165975e-01	1.520331632386738019e-01	7.214680236033195471e-02	2.936746062909801128e-02	7.597610067939876421e-02
1.169772837661847461e+03	2.532704251260115558e-01	1.630920896834867351e-01	2.539172737750842179e-01	1.521192565724901191e-01	7.217944852039347159e-02	2.939054152608040760e-02	7.603096479619966819e-02
1.171224168725944082e+03	2.530666484727454590e-01	1.629514365443298918e-01	2.540653444497998348e-01	1.522052014103954243e-01	7.221203663049630128e-02	2.941359641336633093e-02	7.608573607861289501e-02
1.172675499790040703e+03	2.528632294946038805e-01	1.628110086623537900e-01	2.542131570122031503e-01	1.522909980334106739e-01	7.224456684536623152e-02	2.943662526481306135e-02	7.614041468699528359e-02
1.174126830854137097e+03	2.526601674629667671e-01	1.626708057604714097e-01	2.543607118992061156e-01	1.523766467218138632e-01	7.227703931905528345e-02	2.945962805477190388e-02	7.619500078146071442e-02
1.175578161918233945e+03	2.524574616515451453e-01	1.625308275611530573e-01	2.545080095469940962e-01	1.524621477551445226e-01	7.230945420494568066e-02	2.948260475808443110e-02	7.624949452187920751e-02
1.177029492982330339e+03	2.522551113363675768e-01	1.623910737864349974e-01	2.546550503910268715e-01	1.525475014122077977e-01	7.234181165575380434e-02	2.950555535007872918e-02	7.630389606787632562e-02
1.178480824046426733e+03	2.520531157957669466e-01	1.622515441579283624e-01	2.548018348660398003e-01	1.526327079710786960e-01	7.237411182353417627e-02	2.952847980656567173e-02	7.635820557883241100e-02
1.179932155110523581e+03	2.518514743103666964e-01	1.621122383968276182e-01	2.549483634060449866e-01	1.527177677091061947e-01	7.240635485968335838e-02	2.955137810383522481e-02	7.641242321388189151e-02
1.181383486174620202e+03	2.516501861630679460e-01	1.619731562239191125e-01	2.550946364443323899e-01	1.528026809029172373e-01	7.243854091494378311e-02	2.957425021865277281e-02	7.646654913191271163e-02
1.182834817238716823e+03	2.514492506390358928e-01	1.618342973595895407e-01	2.552406544134709354e-01	1.528874478284208416e-01	7.247067013940769464e-02	2.959709612825545816e-02	7.652058349156556916e-02
1.184286148302813444e+03	2.512486670256869337e-01	1.616956615238343276e-01	2.553864177453095130e-01	1.529720687608120133e-01	7.250274268252093757e-02	2.961991581034857657e-02	7.657452645123348500e-02
1.185737479366910065e+03	2.510484346126758415e-01	1.615572484362659267e-01	2.555319268709784208e-01	1.530565439745757428e-01	7.253475869308678714e-02	2.964270924310195496e-02	7.662837816906110933e-02
1.187188810431006686e+03	2.508485526918824426e-01	1.614190578161219802e-01	2.556771822208900868e-01	1.531408737434909462e-01	7.256671831926973792e-02	2.966547640514639525e-02	7.668213880294419416e-02
1.188640141495103080e+03	2.506490205573994046e-01	1.612810893822733960e-01	2.558221842247403455e-01	1.532250583406342126e-01	7.259862170859926467e-02	2.968821727557010778e-02	7.673580851052907992e-02
1.190091472559199701e+03	2.504498375055191350e-01	1.611433428532325074e-01	2.559669333115096590e-01	1.533090980383836066e-01	7.263046900797354155e-02	2.971093183391518289e-02	7.678938744921216808e-02
1.191542803623296322e+03	2.502510028347215143e-01	1.610058179471609008e-01	2.561114299094640612e-01	1.533929931084225540e-01	7.266226036366316143e-02	2.973362006017409714e-02	7.684287577613946318e-02
1.192994134687392716e+03	2.500525158456612940e-01	1.608685143818774088e-01	2.562556744461564340e-01	1.534767438217435054e-01	7.269399592131481347e-02	2.975628193478621619e-02	7.689627364820605937e-02
1.194445465751489564e+03	2.498543758411556348e-01	1.607314318748659099e-01	2.563996673484273958e-01	1.535603504486516280e-01	7.272567582595497460e-02	2.977891743863435650e-02	7.694958122205576567e-02
1.195896796815585958e+03	2.496565821261720053e-01	1.605945701432829609e-01	2.565434090424066893e-01	1.536438132587685246e-01	7.275730022199351776e-02	2.980152655304133327e-02	7.700279865408063418e-02
1.197348127879682352e+03	2.494591340078158859e-01	1.604579289039655965e-01	2.566868999535140139e-01	1.537271325210357031e-01	7.278886925322733403e-02	2.982410925976656038e-02	7.705592610042055757e-02
1.198799458943779200e+03	2.492620307953187508e-01	1.603215078734387122e-01	2.568301405064604137e-01	1.538103085037182682e-01	7.282038306284389917e-02	2.984666554100265379e-02	7.710896371696289442e-02
1.200250790007875821e+03	2.490652718000261057e-01	1.601853067679228082e-01	2.569731311252489991e-01	1.538933414744084738e-01	7.285184179342492350e-02	2.986919537937206964e-02	7.716191165934216389e-02
1.201702121071972442e+03	2.488688563353854966e-01	1.600493253033411778e-01	2.571158722331765567e-01	1.539762317000291370e-01	7.288324558694979360e-02	2.989169875792376321e-02	7.721477008293961553e-02
1.203153452136069063e+03	2.486727837169348254e-01	1.599135631953274295e-01	2.572583642528342707e-01	1.540589794468371077e-01	7.291459458479911115e-02	2.991417566012986862e-02	7.726753914288291003e-02
1.204604783200165684e+03	2.484770532622905814e-01	1.597780201592327587e-01	2.574006076061087778e-01	1.541415849804268212e-01	7.294588892775823175e-02	2.993662606988239938e-02	7.732021899404592502e-02
1.206056114264262078e+03	2.482816642911362115e-01	1.596426959101330534e-01	2.575426027141836660e-01	1.542240485657335736e-01	7.297712875602070659e-02	2.995904997148996982e-02	7.737280979104833867e-02
1.207507445328358699e+03	2.480866161252106294e-01	1.595075901628361104e-01	2.576843499975401408e-01	1.543063704670369074e-01	7.300831420919173809e-02	2.998144734967455108e-02	7.742531168825537990e-02
1.208958776392455093e+03	2.478919080882968362e-01	1.593727026318886575e-01	2.578258498759585793e-01	1.543885509479639151e-01	7.303944542629160763e-02	3.000381818956823418e-02	7.747772483977766189e-02
1.210410107456551941e+03	2.476975395062104290e-01	1.592380330315835146e-01	2.579671027685190854e-01	1.544705902714925694e-01	7.307052254575904793e-02	3.002616247671001382e-02	7.753004939947083507e-02
1.211861438520648335e+03	2.475035097067884993e-01	1.591035810759661995e-01	2.581081090936030442e-01	1.545524886999549985e-01	7.310154570545469854e-02	3.004848019704261033e-02	7.758228552093544839e-02
1.213312769584745183e+03	2.473098180198783635e-01	1.589693464788421162e-01	2.582488692688940102e-01	1.546342464950405948e-01	7.313251504266439496e-02	3.007077133690930215e-02	7.763443335751671337e-02
1.214764100648841804e+03	2.471164637773265449e-01	1.588353289537831614e-01	2.583893837113788172e-01	1.547158639177993456e-01	7.316343069410252697e-02	3.009303588305078242e-02	7.768649306230429596e-02
1.216215431712937971e+03	2.469234463129677815e-01	1.587015282141345240e-01	2.585296528373487446e-01	1.547973412286448858e-01	7.319429279591534165e-02	3.011527382260202265e-02	7.773846478813217775e-02
1.217666762777034819e+03	2.467307649626140353e-01	1.585679439730212914e-01	2.586696770624004604e-01	1.548786786873576904e-01	7.322510148368426008e-02	3.013748514308918144e-02	7.779034868757848942e-02
1.219118093841131440e+03	2.465384190640437512e-01	1.584345759433550827e-01	2.588094568014374652e-01	1.549598765530880995e-01	7.325585689242912479e-02	3.015966983242653401e-02	7.784214491296537197e-02
1.220569424905228061e+03	2.463464079569911147e-01	1.583014238378404603e-01	2.589489924686706468e-01	1.550409350843594825e-01	7.328655915661147491e-02	3.018182787891339827e-02	7.789385361635883798e-02
1.222020755969324682e+03	2.461547309831353947e-01	1.581684873689815640e-01	2.590882844776197236e-01	1.551218545390712078e-01	7.331720841013773804e-02	3.020395927123108865e-02	7.794547494956864664e-02
1.223472087033421303e+03	2.459633874860902292e-01	1.580357662490884108e-01	2.592273332411144660e-01	1.552026351745015853e-01	7.334780478636250545e-02	3.022606399843991501e-02	7.799700906414822055e-02
1.224923418097517697e+03	2.457723768113934115e-01	1.579032601902832511e-01	2.593661391712954178e-01	1.552832772473109746e-01	7.337834841809159903e-02	3.024814204997617120e-02	7.804845611139457628e-02
1.226374749161614318e+03	2.455816983064961767e-01	1.577709689045067309e-01	2.595047026796150624e-01	1.553637810135445885e-01	7.340883943758534647e-02	3.027019341564916519e-02	7.809981624234824116e-02
1.227826080225710712e+03	2.453913513207530983e-01	1.576388921035242474e-01	2.596430241768391545e-01	1.554441467286355738e-01	7.343927797656167600e-02	3.029221808563825613e-02	7.815108960779316993e-02
1.229277411289807560e+03	2.452013352054118189e-01	1.575070294989320552e-01	2.597811040730476639e-01	1.555243746474077315e-01	7.346966416619925277e-02	3.031421605048992274e-02	7.820227635825668933e-02
1.230728742353903954e+03	2.450116493136026974e-01	1.573753808021632339e-01	2.599189427776358308e-01	1.556044650240784866e-01	7.349999813714054586e-02	3.033618730111483502e-02	7.825337664400953963e-02
1.232180073418000802e+03	2.448222930003289000e-01	1.572439457244937944e-01	2.600565406993151085e-01	1.556844181122616355e-01	7.353028001949495074e-02	3.035813182878497468e-02	7.830439061506577758e-02
1.233631404482097196e+03	2.446332656224562974e-01	1.571127239770486739e-01	2.601938982461145522e-01	1.557642341649702333e-01	7.356050994284185629e-02	3.038004962513074156e-02	7.835531842118280410e-02
1.235082735546193817e+03	2.444445665387035838e-01	1.569817152708075370e-01	2.603310158253817064e-01	1.558439134346193133e-01	7.359068803623365629e-02	3.040194068213809830e-02	7.840616021186130880e-02
1.236534066610290438e+03	2.442561951096323403e-01	1.568509193166106874e-01	2.604678938437835489e-01	1.559234561730286073e-01	7.362081442819876087e-02	3.042380499214574277e-02	7.845691613634539485e-02
1.237985397674387059e+03	2.440681506976373760e-01	1.567203358251648138e-01	2.606045327073080453e-01	1.560028626314254041e-01	7.365088924674463577e-02	3.044564254784227347e-02	7.850758634362248189e-02
1.239436728738483680e+03	2.438804326669368194e-01	1.565899645070486790e-01	2.607409328212648147e-01	1.560821330604471313e-01	7.368091261936077219e-02	3.046745334226340016e-02	7.855817098242341701e-02
1.240888059802580301e+03	2.436930403835626813e-01	1.564598050727188383e-01	2.608770945902861849e-01	1.561612677101440472e-01	7.371088467302161495e-02	3.048923736878915436e-02	7.860867020122248860e-02
1.242339390866676695e+03	2.435059732153512235e-01	1.563298572325152458e-01	2.610130184183284130e-01	1.562402668299818775e-01	7.374080553418954631e-02	3.051099462114113814e-02	7.865908414823750971e-02
1.243790721930773088e+03	2.433192305319334114e-01	1.562001206966666944e-01	2.611487047086729074e-01	1.563191306688445081e-01	7.377067532881781409e-02	3.053272509337977628e-02	7.870941297142984572e-02
1.245242052994869937e+03	2.431328117047255599e-01	1.560705951752964782e-01	2.612841538639269490e-01	1.563978594750364826e-01	7.380049418235337666e-02	3.055442877990159276e-02	7.875965681850456701e-02
1.246693384058966330e+03	2.429467161069199521e-01	1.559412803784276103e-01	2.614193662860250233e-01	1.564764534962856390e-01	7.383026221973984504e-02	3.057610567543649766e-02	7.880981583691040737e-02
1.248144715123063179e+03	2.427609431134756524e-01	1.558121760159884850e-01	2.615543423762297648e-01	1.565549129797456918e-01	7.385997956542032783e-02	3.059775577504510874e-02	7.885989017383997213e-02
1.249596046187159800e+03	2.425754921011091525e-01	1.556832817978179295e-01	2.616890825351331218e-01	1.566332381719986178e-01	7.388964634334027615e-02	3.061937907411608345e-02	7.890987997622980754e-02
1.251047377251256421e+03	2.423903624482854069e-01	1.555545974336705606e-01	2.618235871626573563e-01	1.567114293190573215e-01	7.391926267695031472e-02	3.064097556836346825e-02	7.895978539076051184e-02
1.252498708315352815e+03	2.422055535352087008e-01	1.554261226332220858e-01	2.619578566580560985e-01	1.567894866663680775e-01	7.394882868920907293e-02	3.066254525382405491e-02	7.900960656385688785e-02
1.253950039379449436e+03	2.420210647438135465e-01	1.552978571060744106e-01	2.620918914199154015e-01	1.568674104588128893e-01	7.397834450258591876e-02	3.068408812685478881e-02	7.905934364168801243e-02
1.255401370443546057e+03	2.418368954577559682e-01	1.551698005617606901e-01	2.622256918461548514e-01	1.569452009407120430e-01	7.400781023906378986e-02	3.070560418413014261e-02	7.910899677016741682e-02
1.256852701507642678e+03	2.416530450624044812e-01	1.550419527097504080e-01	2.623592583340287887e-01	1.570228583558264668e-01	7.403722602014191356e-02	3.072709342263957658e-02	7.915856609495326712e-02
1.258304032571739299e+03	2.414695129448313771e-01	1.549143132594544559e-01	2.624925912801269190e-01	1.571003829473601177e-01	7.406659196683858248e-02	3.074855583968493303e-02	7.920805176144846138e-02
1.259755363635835920e+03	2.412862984938039801e-01	1.547868819202300184e-01	2.626256910803758671e-01	1.571777749579623129e-01	7.409590819969381903e-02	3.076999143287793143e-02	7.925745391480085167e-02
1.261206694699932314e+03	2.411034010997760435e-01	1.546596584013855413e-01	2.627585581300398987e-01	1.572550346297302559e-01	7.412517483877212321e-02	3.079140020013763218e-02	7.930677269990336897e-02
1.262658025764028707e+03	2.409208201548789785e-01	1.545326424121853948e-01	2.628911928237221418e-01	1.573321622042111179e-01	7.415439200366510941e-02	3.081278213968791091e-02	7.935600826139421748e-02
1.264109356828125556e+03	2.407385550529135554e-01	1.544058336618548966e-01	2.630235955553655858e-01	1.574091579224045079e-01	7.418355981349424033e-02	3.083413725005498818e-02	7.940516074365708277e-02
1.265560687892221949e+03	2.405566051893412993e-01	1.542792318595850309e-01	2.631557667182541360e-01	1.574860220247646936e-01	7.421267838691339436e-02	3.085546553006494538e-02	7.945423029082133992e-02
1.267012018956318798e+03	2.403749699612761637e-01	1.541528367145369449e-01	2.632877067050137243e-01	1.575627547512029603e-01	7.424174784211155786e-02	3.087676697884128227e-02	7.950321704676217849e-02
1.268463350020415419e+03	2.401936487674761755e-01	1.540266479358468332e-01	2.634194159076133079e-01	1.576393563410896648e-01	7.427076829681542036e-02	3.089804159580245013e-02	7.955212115510092163e-02
1.269914681084511813e+03	2.400126410083351369e-01	1.539006652326304903e-01	2.635508947173658689e-01	1.577158270332567058e-01	7.429973986829195576e-02	3.091928938065945445e-02	7.960094275920513718e-02
1.271366012148608434e+03	2.398319460858744090e-01	1.537748883139877232e-01	2.636821435249296353e-01	1.577921670659995779e-01	7.432866267335101751e-02	3.094051033341343321e-02	7.964968200218894290e-02
1.272817343212705055e+03	2.396515634037348075e-01	1.536493168890070704e-01	2.638131627203088581e-01	1.578683766770795638e-01	7.435753682834789213e-02	3.096170445435328031e-02	7.969833902691321470e-02
1.274268674276801676e+03	2.394714923671684148e-01	1.535239506667701315e-01	2.639439526928551438e-01	1.579444561037259831e-01	7.438636244918588047e-02	3.098287174405325861e-02	7.974691397598578091e-02
1.275720005340898297e+03	2.392917323830307808e-01	1.533987893563559801e-01	2.640745138312684537e-01	1.580204055826382181e-01	7.441513965131875408e-02	3.100401220337065458e-02	7.979540699176171370e-02
1.277171336404994690e+03	2.391122828597727346e-01	1.532738326668455775e-01	2.642048465235978805e-01	1.580962253499879899e-01	7.444386854975336421e-02	3.102512583344342253e-02	7.984381821634353726e-02
1.278622667469091539e+03	2.389331432074325023e-01	1.531490803073261020e-01	2.643349511572429811e-01	1.581719156414214122e-01	7.447254925905205658e-02	3.104621263568788092e-02	7.989214779158151924e-02
1.280073998533187932e+03	2.387543128376279356e-01	1.530245319868951681e-01	2.644648281189547201e-01	1.582474766920610731e-01	7.450118189333516938e-02	3.106727261179637739e-02	7.994039585907393441e-02
1.281525329597284326e+03	2.385757911635487394e-01	1.529001874146651008e-01	2.645944777948365800e-01	1.583229087365081167e-01	7.452976656628351737e-02	3.108830576373503018e-02	7.998856256016728672e-02
1.282976660661381175e+03	2.383975775999486457e-01	1.527760462997671265e-01	2.647239005703452830e-01	1.583982120088443524e-01	7.455830339114084826e-02	3.110931209374143136e-02	8.003664803595661459e-02
1.284427991725477568e+03	2.382196715631377804e-01	1.526521083513555088e-01	2.648530968302924005e-01	1.584733867426342258e-01	7.458679248071625745e-02	3.113029160432237083e-02	8.008465242728574074e-02
1.285879322789574417e+03	2.380420724709750857e-01	1.525283732786116286e-01	2.649820669588449085e-01	1.585484331709269001e-01	7.461523394738658888e-02	3.115124429825162980e-02	8.013257587474757748e-02
1.287330653853671038e+03	2.378647797428607435e-01	1.524048407907480640e-01	2.651108113395262422e-01	1.586233515262582272e-01	7.464362790309886364e-02	3.117217017856771522e-02	8.018041851868441816e-02
1.288781984917767431e+03	2.376877927997285700e-01	1.522815105970125871e-01	2.652393303552177395e-01	1.586981420406528287e-01	7.467197445937263922e-02	3.119306924857166013e-02	8.022818049918818695e-02
1.290233315981864052e+03	2.375111110640387435e-01	1.521583824066921609e-01	2.653676243881592511e-01	1.587728049456259560e-01	7.470027372730242421e-02	3.121394151182483451e-02	8.027586195610077191e-02
