1.001418434226643626e+03	2.795132397505164512e-01	1.810507264562467022e-01	2.348716216284108260e-01	1.410391600872472062e-01	6.799760632786380765e-02	2.652558555617564456e-02	6.900206019328877782e-02
1.002869765290740247e+03	2.792619436364048302e-01	1.808826923493966898e-01	2.350528686450759908e-01	1.411442974038568110e-01	6.803839787336757317e-02	2.655114732972407160e-02	6.906865276192350467e-02
1.004321096354836754e+03	2.790111122029372281e-01	1.807149073850695120e-01	2.352338019708538341e-01	1.412492476070087433e-01	6.807910603568488594e-02	2.657669180934831357e-02	6.913513298884703395e-02
1.005772427418933376e+03	2.787607443228995452e-01	1.805473714256297657e-01	2.354144221315635777e-01	1.413540111110691555e-01	6.811973109104868529e-02	2.660221887282854941e-02	6.920150104471028962e-02
1.007223758483029997e+03	2.785108388738448681e-01	1.803800843313140834e-01	2.355947296521872514e-01	1.414585883285713330e-01	6.816027331428782532e-02	2.662772839911224307e-02	6.926775710043205081e-02
1.008675089547126618e+03	2.782613947380612185e-01	1.802130459602545309e-01	2.357747250568704989e-01	1.415629796702342347e-01	6.820073297883580410e-02	2.665322026830619154e-02	6.933390132718722509e-02
1.010126420611223239e+03	2.780124108025399665e-01	1.800462561685017560e-01	2.359544088689236596e-01	1.416671855449809780e-01	6.824111035673945114e-02	2.667869436166862840e-02	6.939993389639535770e-02
1.011577751675319632e+03	2.777638859589441900e-01	1.798797148100476639e-01	2.361337816108227960e-01	1.417712063599569916e-01	6.828140571866747610e-02	2.670415056160137593e-02	6.946585497970939049e-02
1.013029082739416367e+03	2.775158191035773658e-01	1.797134217368482334e-01	2.363128438042105817e-01	1.418750425205479171e-01	6.832161933391914244e-02	2.672958875164203191e-02	6.953166474900464300e-02
1.014480413803512761e+03	2.772682091373524504e-01	1.795473767988461367e-01	2.364915959698974113e-01	1.419786944303972065e-01	6.836175147043260791e-02	2.675500881645620846e-02	6.959736337636791836e-02
1.015931744867609382e+03	2.770210549657610155e-01	1.793815798439927778e-01	2.366700386278622892e-01	1.420821624914235803e-01	6.840180239479347335e-02	2.678041064182982989e-02	6.966295103408694234e-02
1.017383075931706003e+03	2.767743554988427168e-01	1.792160307182706080e-01	2.368481722972539394e-01	1.421854471038381529e-01	6.844177237224312316e-02	2.680579411466146172e-02	6.972842789463995494e-02
1.018834406995802851e+03	2.765281096511548742e-01	1.790507292657148586e-01	2.370259974963917771e-01	1.422885486661611965e-01	6.848166166668709365e-02	2.683115912295467795e-02	6.979379413068545479e-02
1.020285738059899245e+03	2.762823163417426620e-01	1.788856753284353562e-01	2.372035147427668800e-01	1.423914675752390169e-01	6.852147054070328869e-02	2.685650555581050106e-02	6.985904991505223482e-02
1.021737069123995752e+03	2.760369744941091330e-01	1.787208687466380619e-01	2.373807245530429322e-01	1.424942042262602182e-01	6.856119925555022310e-02	2.688183330341985949e-02	6.992419542072952909e-02
1.023188400188092373e+03	2.757920830361857978e-01	1.785563093586463312e-01	2.375576274430573342e-01	1.425967590127718287e-01	6.860084807117519667e-02	2.690714225705611098e-02	6.998923082085739544e-02
1.024639731252188767e+03	2.755476409003030369e-01	1.783919970009220646e-01	2.377342239278222025e-01	1.426991323266954270e-01	6.864041724622238494e-02	2.693243230906759017e-02	7.005415628871729250e-02
1.026091062316285615e+03	2.753036470231612909e-01	1.782279315080867177e-01	2.379105145215253125e-01	1.428013245583427404e-01	6.867990703804092989e-02	2.695770335287022215e-02	7.011897199772282319e-02
1.027542393380382237e+03	2.750601003458018612e-01	1.780641127129420631e-01	2.380864997375311820e-01	1.429033360964311883e-01	6.871931770269291972e-02	2.698295528294017420e-02	7.018367812141064477e-02
1.028993724444478858e+03	2.748169998135787107e-01	1.779005404464907292e-01	2.382621800883820418e-01	1.430051673280991198e-01	6.875864949496135470e-02	2.700818799480653176e-02	7.024827483343161483e-02
1.030445055508575479e+03	2.745743443761296532e-01	1.777372145379566559e-01	2.384375560857987519e-01	1.431068186389209129e-01	6.879790266835800194e-02	2.703340138504404730e-02	7.031276230754202050e-02
1.031896386572671872e+03	2.743321329873483760e-01	1.775741348148053289e-01	2.386126282406820787e-01	1.432082904129218515e-01	6.883707747513131969e-02	2.705859535126593080e-02	7.037714071759509915e-02
1.033347717636768493e+03	2.740903646053564624e-01	1.774113011027638187e-01	2.387873970631134712e-01	1.433095830325927800e-01	6.887617416627418720e-02	2.708376979211664717e-02	7.044141023753261455e-02
1.034799048700865114e+03	2.738490381924755801e-01	1.772487132258407372e-01	2.389618630623561168e-01	1.434106968789044256e-01	6.891519299153166245e-02	2.710892460726480740e-02	7.050557104137665509e-02
1.036250379764961508e+03	2.736081527152001147e-01	1.770863710063456664e-01	2.391360267468560785e-01	1.435116323313217479e-01	6.895413419940869815e-02	2.713405969739606655e-02	7.056962330322157084e-02
1.037701710829058356e+03	2.733677071441697470e-01	1.769242742649090872e-01	2.393098886242431833e-01	1.436123897678179273e-01	6.899299803717778845e-02	2.715917496420609464e-02	7.063356719722614641e-02
1.039153041893154750e+03	2.731277004541423081e-01	1.767624228205014469e-01	2.394834492013320770e-01	1.437129695648882433e-01	6.903178475088650456e-02	2.718427031039354416e-02	7.069740289760584329e-02
1.040604372957251599e+03	2.728881316239671895e-01	1.766008164904523947e-01	2.396567089841232789e-01	1.438133720975637020e-01	6.907049458536511366e-02	2.720934563965312150e-02	7.076113057862515321e-02
1.042055704021347992e+03	2.726489996365585311e-01	1.764394550904698766e-01	2.398296684778042365e-01	1.439135977394244426e-01	6.910912778423400349e-02	2.723440085666864810e-02	7.082475041459029841e-02
1.043507035085444613e+03	2.724103034788685762e-01	1.762783384346588433e-01	2.400023281867502689e-01	1.440136468626131427e-01	6.914768458991117639e-02	2.725943586710619093e-02	7.088826257984186252e-02
1.044958366149541234e+03	2.721720421418618585e-01	1.761174663355402070e-01	2.401746886145256221e-01	1.441135198378478977e-01	6.918616524361961839e-02	2.728445057760723116e-02	7.095166724874767128e-02
1.046409697213637855e+03	2.719342146204888344e-01	1.759568386040689936e-01	2.403467502638845232e-01	1.442132170344353481e-01	6.922456998539461281e-02	2.730944489578187445e-02	7.101496459569589526e-02
1.047861028277734476e+03	2.716968199136604589e-01	1.757964550496529665e-01	2.405185136367721244e-01	1.443127388202832262e-01	6.926289905409113712e-02	2.733441873020209245e-02	7.107815479508811096e-02
1.049312359341831097e+03	2.714598570242221509e-01	1.756363154801707238e-01	2.406899792343256683e-01	1.444120855619129840e-01	6.930115268739099610e-02	2.735937199039502332e-02	7.114123802133263952e-02
1.050763690405927491e+03	2.712233249589284800e-01	1.754764197019896832e-01	2.408611475568754601e-01	1.445112576244722002e-01	6.933933112181009384e-02	2.738430458683629998e-02	7.120421444883795470e-02
1.052215021470024112e+03	2.709872227284182977e-01	1.753167675199840680e-01	2.410320191039457827e-01	1.446102553717467931e-01	6.937743459270555302e-02	2.740921643094341997e-02	7.126708425200627139e-02
1.053666352534120733e+03	2.707515493471894796e-01	1.751573587375525320e-01	2.412025943742560907e-01	1.447090791661728715e-01	6.941546333428286197e-02	2.743410743506916744e-02	7.132984760522727286e-02
1.055117683598217127e+03	2.705163038335739456e-01	1.749981931566357007e-01	2.413728738657219541e-01	1.448077293688489198e-01	6.945341757960286910e-02	2.745897751249505928e-02	7.139250468287185181e-02
1.056569014662313975e+03	2.702814852097134568e-01	1.748392705777336020e-01	2.415428580754561683e-01	1.449062063395472888e-01	6.949129756058884666e-02	2.748382657742485385e-02	7.145505565928611524e-02
1.058020345726410369e+03	2.700470925015348023e-01	1.746805907999229857e-01	2.417125474997696977e-01	1.450045104367258253e-01	6.952910350803348516e-02	2.750865454497807699e-02	7.151750070878550025e-02
1.059471676790506763e+03	2.698131247387259291e-01	1.745221536208743096e-01	2.418819426341727308e-01	1.451026420175392240e-01	6.956683565160570737e-02	2.753346133118360003e-02	7.157984000564890370e-02
1.060923007854603611e+03	2.695795809547116284e-01	1.743639588368687265e-01	2.420510439733758457e-01	1.452006014378502963e-01	6.960449421985766272e-02	2.755824685297325258e-02	7.164207372411302011e-02
1.062374338918700232e+03	2.693464601866299435e-01	1.742060062428147926e-01	2.422198520112908426e-01	1.452983890522411281e-01	6.964207944023148578e-02	2.758301102817548728e-02	7.170420203836681827e-02
1.063825669982796853e+03	2.691137614753081886e-01	1.740482956322653429e-01	2.423883672410318824e-01	1.453960052140238490e-01	6.967959153906609637e-02	2.760775377550906198e-02	7.176622512254604569e-02
1.065277001046893474e+03	2.688814838652399120e-01	1.738908267974336730e-01	2.425565901549165959e-01	1.454934502752515957e-01	6.971703074160398583e-02	2.763247501457678779e-02	7.182814315072794109e-02
1.066728332110990095e+03	2.686496264045612481e-01	1.737335995292101642e-01	2.427245212444669731e-01	1.455907245867290589e-01	6.975439727199780893e-02	2.765717466585928402e-02	7.188995629692597478e-02
1.068179663175086489e+03	2.684181881450279916e-01	1.735766136171782714e-01	2.428921610004105558e-01	1.456878284980230587e-01	6.979169135331715623e-02	2.768185265070880960e-02	7.195166473508474159e-02
1.069630994239183110e+03	2.681871681419925602e-01	1.734198688496307039e-01	2.430595099126813818e-01	1.457847623574728413e-01	6.982891320755504894e-02	2.770650889134309083e-02	7.201326863907496489e-02
1.071082325303279504e+03	2.679565654543814568e-01	1.732633650135853576e-01	2.432265684704210118e-01	1.458815265122002380e-01	6.986606305563461405e-02	2.773114331083923606e-02	7.207476818268862551e-02
1.072533656367376352e+03	2.677263791446726215e-01	1.731071018948010243e-01	2.433933371619797226e-01	1.459781213081199069e-01	6.990314111741550984e-02	2.775575583312764674e-02	7.213616353963410444e-02
1.073984987431472746e+03	2.674966082788729493e-01	1.729510792777930184e-01	2.435598164749173400e-01	1.460745470899492415e-01	6.994014761170047612e-02	2.778034638298598064e-02	7.219745488353157548e-02
1.075436318495569594e+03	2.672672519264960855e-01	1.727952969458488031e-01	2.437260068960044324e-01	1.461708042012181130e-01	6.997708275624171803e-02	2.780491488603316699e-02	7.225864238790832839e-02
1.076887649559666215e+03	2.670383091605405546e-01	1.726397546810431449e-01	2.438919089112233096e-01	1.462668929842785848e-01	7.001394676774734538e-02	2.782946126872343565e-02	7.231972622619432800e-02
1.078338980623762609e+03	2.668097790574678885e-01	1.724844522642534905e-01	2.440575230057690503e-01	1.463628137803145157e-01	7.005073986188767310e-02	2.785398545834039813e-02	7.238070657171778721e-02
1.079790311687859230e+03	2.665816606971807556e-01	1.723293894751749267e-01	2.442228496640505842e-01	1.464585669293509418e-01	7.008746225330157731e-02	2.787848738299116697e-02	7.244158359770086486e-02
1.081241642751955851e+03	2.663539531630015889e-01	1.721745660923352794e-01	2.443878893696917465e-01	1.465541527702635127e-01	7.012411415560275418e-02	2.790296697160050271e-02	7.250235747725548852e-02
1.082692973816052472e+03	2.661266555416512136e-01	1.720199818931098523e-01	2.445526426055322222e-01	1.466495716407875127e-01	7.016069578138589558e-02	2.792742415390500263e-02	7.256302838337919114e-02
1.084144304880149093e+03	2.658997669232276984e-01	1.718656366537361091e-01	2.447171098536287670e-01	1.467448238775269365e-01	7.019720734223294789e-02	2.795185886044733448e-02	7.262359648895112818e-02
1.085595635944245487e+03	2.656732864011852602e-01	1.717115301493281898e-01	2.448812915952561231e-01	1.468399098159635929e-01	7.023364904871924608e-02	2.797627102257048415e-02	7.268406196672808073e-02
1.087046967008342108e+03	2.654472130723133927e-01	1.715576621538914548e-01	2.450451883109081297e-01	1.469348297904657930e-01	7.027002111041953658e-02	2.800066057241206580e-02	7.274442498934065304e-02
1.088498298072438729e+03	2.652215460367163269e-01	1.714040324403366122e-01	2.452088004802986942e-01	1.470295841342970922e-01	7.030632373591418072e-02	2.802502744289865622e-02	7.280468572928949778e-02
1.089949629136535123e+03	2.649962843977923255e-01	1.712506407804940678e-01	2.453721285823629583e-01	1.471241731796249508e-01	7.034255713279502498e-02	2.804937156774016047e-02	7.286484435894156897e-02
1.091400960200631971e+03	2.647714272622135323e-01	1.710974869451277747e-01	2.455351730952582689e-01	1.472185972575291713e-01	7.037872150767152113e-02	2.807369288142421565e-02	7.292490105052659710e-02
1.092852291264728365e+03	2.645469737399054888e-01	1.709445707039493612e-01	2.456979344963652057e-01	1.473128566980102527e-01	7.041481706617658265e-02	2.809799131921063287e-02	7.298485597613350861e-02
1.094303622328825213e+03	2.643229229440273720e-01	1.707918918256317309e-01	2.458604132622888294e-01	1.474069518299977455e-01	7.045084401297255217e-02	2.812226681712588078e-02	7.304470930770702586e-02
1.095754953392921607e+03	2.640992739909517883e-01	1.706394500778227741e-01	2.460226098688594043e-01	1.475008829813583833e-01	7.048680255175698850e-02	2.814651931195759002e-02	7.310446121704422540e-02
1.097206284457018228e+03	2.638760260002452895e-01	1.704872452271590511e-01	2.461845247911337298e-01	1.475946504789040492e-01	7.052269288526859248e-02	2.817074874124910269e-02	7.316411187579133224e-02
1.098657615521114849e+03	2.636531780946486658e-01	1.703352770392790594e-01	2.463461585033960288e-01	1.476882546483999636e-01	7.055851521529295234e-02	2.819495504329405655e-02	7.322366145544045857e-02
1.100108946585211470e+03	2.634307294000576283e-01	1.701835452788365288e-01	2.465075114791591138e-01	1.477816958145722059e-01	7.059426974266826138e-02	2.821913815713099002e-02	7.328311012732643959e-02
1.101560277649308091e+03	2.632086790455033243e-01	1.700320497095137162e-01	2.466685841911653854e-01	1.478749743011157913e-01	7.062995666729110500e-02	2.824329802253800273e-02	7.334245806262382206e-02
1.103011608713404712e+03	2.629870261631333528e-01	1.698807900940344506e-01	2.468293771113879154e-01	1.479680904307021649e-01	7.066557618812209507e-02	2.826743458002743334e-02	7.340170543234381118e-02
1.104462939777501106e+03	2.627657698881927795e-01	1.697297661941769287e-01	2.469898907110313624e-01	1.480610445249867790e-01	7.070112850319149045e-02	2.829154777084058950e-02	7.346085240733131461e-02
1.105914270841597499e+03	2.625449093590051519e-01	1.695789777707867318e-01	2.471501254605332487e-01	1.481538369046165315e-01	7.073661380960485912e-02	2.831563753694247426e-02	7.351989915826216693e-02
1.107365601905694348e+03	2.623244437169540144e-01	1.694284245837895386e-01	2.473100818295649039e-01	1.482464678892372323e-01	7.077203230354860153e-02	2.833970382101660274e-02	7.357884585564025692e-02
1.108816932969790741e+03	2.621043721064643117e-01	1.692781063922035312e-01	2.474697602870324642e-01	1.483389377975007639e-01	7.080738418029547399e-02	2.836374656645979792e-02	7.363769266979482142e-02
1.110268264033887590e+03	2.618846936749838483e-01	1.691280229541520796e-01	2.476291613010780379e-01	1.484312469470723539e-01	7.084266963421012586e-02	2.838776571737705243e-02	7.369643977087776687e-02
1.111719595097984211e+03	2.616654075729650808e-01	1.689781740268760379e-01	2.477882853390806495e-01	1.485233956546375966e-01	7.087788885875448419e-02	2.841176121857641110e-02	7.375508732886107421e-02
1.113170926162080832e+03	2.614465129538470767e-01	1.688285593667460116e-01	2.479471328676574049e-01	1.486153842359095312e-01	7.091304204649326315e-02	2.843573301556388475e-02	7.381363551353424535e-02
1.114622257226177226e+03	2.612280089740374733e-01	1.686791787292744871e-01	2.481057043526644912e-01	1.487072130056354691e-01	7.094812938909932087e-02	2.845968105453840560e-02	7.387208449450184677e-02
1.116073588290273847e+03	2.610098947928946034e-01	1.685300318691279609e-01	2.482640002591982031e-01	1.487988822776039610e-01	7.098315107735894691e-02	2.848360528238681050e-02	7.393043444118101160e-02
1.117524919354370468e+03	2.607921695727100087e-01	1.683811185401387911e-01	2.484220210515960259e-01	1.488903923646514027e-01	7.101810730117726067e-02	2.850750564667885525e-02	7.398868552279920519e-02
1.118976250418467089e+03	2.605748324786905101e-01	1.682324384953170493e-01	2.485797671934377173e-01	1.489817435786688071e-01	7.105299824958345722e-02	2.853138209566225339e-02	7.404683790839178270e-02
1.120427581482563710e+03	2.603578826789410550e-01	1.680839914868622331e-01	2.487372391475463906e-01	1.490729362306082995e-01	7.108782411073603924e-02	2.855523457825776337e-02	7.410489176679985190e-02
1.121878912546660331e+03	2.601413193444472305e-01	1.679357772661748960e-01	2.488944373759894579e-01	1.491639706304897228e-01	7.112258507192804891e-02	2.857906304405430711e-02	7.416284726666798333e-02
1.123330243610756725e+03	2.599251416490583888e-01	1.677877955838681656e-01	2.490513623400797683e-01	1.492548470874068833e-01	7.115728131959224434e-02	2.860286744330408498e-02	7.422070457644212860e-02
1.124781574674853118e+03	2.597093487694702163e-01	1.676400461897791239e-01	2.492080145003766345e-01	1.493455659095341559e-01	7.119191303930624826e-02	2.862664772691778450e-02	7.427846386436749715e-02
1.126232905738949967e+03	2.594939398852081913e-01	1.674925288329801032e-01	2.493643943166869159e-01	1.494361274041324517e-01	7.122648041579761335e-02	2.865040384645975435e-02	7.433612529848657169e-02
1.127684236803046360e+03	2.592789141786105978e-01	1.673452432617899277e-01	2.495205022480661006e-01	1.495265318775556573e-01	7.126098363294898486e-02	2.867413575414325816e-02	7.439368904663710980e-02
1.129135567867143209e+03	2.590642708348119827e-01	1.671981892237849598e-01	2.496763387528192490e-01	1.496167796352566304e-01	7.129542287380304100e-02	2.869784340282573523e-02	7.445115527645011777e-02
1.130586898931239830e+03	2.588500090417265032e-01	1.670513664658100916e-01	2.498319042885021879e-01	1.497068709817931942e-01	7.132979832056757230e-02	2.872152674600409600e-02	7.450852415534811590e-02
1.132038229995336451e+03	2.586361279900316612e-01	1.669047747339897636e-01	2.499871993119224811e-01	1.497968062208342443e-01	7.136411015462044982e-02	2.874518573781005212e-02	7.456579585054319559e-02
1.133489561059432845e+03	2.584226268731520393e-01	1.667584137737385397e-01	2.501422242791404571e-01	1.498865856551654940e-01	7.139835855651455176e-02	2.876882033300547439e-02	7.462297052903527073e-02
1.134940892123529466e+03	2.582095048872432574e-01	1.666122833297720152e-01	2.502969796454703189e-01	1.499762095866954137e-01	7.143254370598269010e-02	2.879243048697777488e-02	7.468004835761034299e-02
1.136392223187626087e+03	2.579967612311755976e-01	1.664663831461173638e-01	2.504514658654813930e-01	1.500656783164609487e-01	7.146666578194246777e-02	2.881601615573533073e-02	7.473702950283878099e-02
1.137843554251722708e+03	2.577843951065185157e-01	1.663207129661237738e-01	2.506056833929987682e-01	1.501549921446331537e-01	7.150072496250113596e-02	2.883957729590293229e-02	7.479391413107371045e-02
1.139294885315819101e+03	2.575724057175245996e-01	1.661752725324729119e-01	2.507596326811045717e-01	1.502441513705228826e-01	7.153472142496045127e-02	2.886311386471725193e-02	7.485070240844936273e-02
1.140746216379915950e+03	2.573607922711140805e-01	1.660300615871892760e-01	2.509133141821391910e-01	1.503331562925863119e-01	7.156865534582138033e-02	2.888662582002236162e-02	7.490739450087952056e-02
1.142197547444012343e+03	2.571495539768592908e-01	1.658850798716502983e-01	2.510667283477019396e-01	1.504220072084304083e-01	7.160252690078894311e-02	2.891011312026526767e-02	7.496399057405603306e-02
1.143648878508108737e+03	2.569386900469690649e-01	1.657403271265966149e-01	2.512198756286525558e-01	1.505107044148183970e-01	7.163633626477683425e-02	2.893357572449145598e-02	7.502049079344731697e-02
1.145100209572205586e+03	2.567281996962736956e-01	1.655958030921420299e-01	2.513727564751118693e-01	1.505992482076750072e-01	7.167008361191222476e-02	2.895701359234051364e-02	7.507689532429689949e-02
1.146551540636302207e+03	2.565180821422096691e-01	1.654515075077833963e-01	2.515253713364631882e-01	1.506876388820919954e-01	7.170376911554032784e-02	2.898042668404172961e-02	7.513320433162203049e-02
1.148002871700398828e+03	2.563083366048043987e-01	1.653074401124106085e-01	2.516777206613531326e-01	1.507758767323330862e-01	7.173739294822907564e-02	2.900381496040975796e-02	7.518941798021233636e-02
1.149454202764495449e+03	2.560989623066615706e-01	1.651636006443162885e-01	2.518298048976926329e-01	1.508639620518393842e-01	7.177095528177369899e-02	2.902717838284029836e-02	7.524553643462852937e-02
1.150905533828591842e+03	2.558899584729462107e-01	1.650199888412054450e-01	2.519816244926582072e-01	1.509518951332343706e-01	7.180445628720134865e-02	2.905051691330578362e-02	7.530155985920104766e-02
1.152356864892688463e+03	2.556813243313699746e-01	1.648766044402050490e-01	2.521331798926929602e-01	1.510396762683288985e-01	7.183789613477556402e-02	2.907383051435113996e-02	7.535748841802886178e-02
1.153808195956785084e+03	2.554730591121763261e-01	1.647334471778736098e-01	2.522844715435075824e-01	1.511273057481264115e-01	7.187127499400082498e-02	2.909711914908954047e-02	7.541332227497828111e-02
1.155259527020881706e+03	2.552651620481262706e-01	1.645905167902105282e-01	2.524354998900812386e-01	1.512147838628276064e-01	7.190459303362699284e-02	2.912038278119819662e-02	7.546906159368173272e-02
1.156710858084978327e+03	2.550576323744840335e-01	1.644478130126654225e-01	2.525862653766628996e-01	1.513021109018354848e-01	7.193785042165384835e-02	2.914362137491416371e-02	7.552470653753665109e-02
1.158162189149074720e+03	2.548504693290025158e-01	1.643053355801474547e-01	2.527367684467723974e-01	1.513892871537601548e-01	7.197104732533540772e-02	2.916683489503021573e-02	7.558025726970439562e-02
1.159613520213171569e+03	2.546436721519093616e-01	1.641630842270342117e-01	2.528870095432013132e-01	1.514763129064235214e-01	7.200418391118436345e-02	2.919002330689068891e-02	7.563571395310914047e-02
1.161064851277267962e+03	2.544372400858926353e-01	1.640210586871811149e-01	2.530369891080139211e-01	1.515631884468641444e-01	7.203726034497645592e-02	2.921318657638740171e-02	7.569107675043686145e-02
1.162516182341364356e+03	2.542311723760871667e-01	1.638792586939302742e-01	2.531867075825486313e-01	1.516499140613417063e-01	7.207027679175481705e-02	2.923632466995556775e-02	7.574634582413435069e-02
1.163967513405461204e+03	2.540254682700605615e-01	1.637376839801192585e-01	2.533361654074187674e-01	1.517364900353418145e-01	7.210323341583427248e-02	2.925943755456977130e-02	7.580152133640818968e-02
1.165418844469557826e+03	2.538201270177992130e-01	1.635963342780901164e-01	2.534853630225135102e-01	1.518229166535804420e-01	7.213613038080556039e-02	2.928252519773991494e-02	7.585660344922384724e-02
1.166870175533654447e+03	2.536151478716950902e-01	1.634552093196980083e-01	2.536343008669993404e-01	1.519091942000084239e-01	7.216896784953968913e-02	2.930558756750725746e-02	7.591159232430479131e-02
1.168321506597751068e+03	2.534105300865318600e-01	1.633143088363198936e-01	2.537829793793207056e-01	1.519953229578160370e-01	7.220174598419208667e-02	2.932862463244043094e-02	7.596648812313153143e-02
1.169772837661847461e+03	2.532062729194716755e-01	1.631736325588630798e-01	2.539313989972012964e-01	1.520813032094372741e-01	7.223446494620680558e-02	2.935163636163149944e-02	7.602129100694088315e-02
1.171224168725944082e+03	2.530023756300416871e-01	1.630331802177737710e-01	2.540795601576449902e-01	1.521671352365542573e-01	7.226712489632070024e-02	2.937462272469205590e-02	7.607600113672501052e-02
1.172675499790040703e+03	2.527988374801208304e-01	1.628929515430454500e-01	2.542274632969370174e-01	1.522528193201014846e-01	7.229972599456759019e-02	2.939758369174931205e-02	7.613061867323075993e-02
1.174126830854137097e+03	2.525956577339267262e-01	1.627529462642272884e-01	2.543751088506448488e-01	1.523383557402702149e-01	7.233226840028236793e-02	2.942051923344226119e-02	7.618514377695879969e-02
1.175578161918233945e+03	2.523928356580026344e-01	1.626131641104322512e-01	2.545224972536192509e-01	1.524237447765126041e-01	7.236475227210503736e-02	2.944342932091781675e-02	7.623957660816294002e-02
1.177029492982330339e+03	2.521903705212044100e-01	1.624736048103454789e-01	2.546696289399956181e-01	1.525089867075458405e-01	7.239717776798484938e-02	2.946631392582701667e-02	7.629391732684935590e-02
1.178480824046426733e+03	2.519882615946877902e-01	1.623342680922322812e-01	2.548165043431947496e-01	1.525940818113563358e-01	7.242954504518425707e-02	2.948917302032122087e-02	7.634816609277599031e-02
1.179932155110523581e+03	2.517865081518955717e-01	1.621951536839462416e-01	2.549631238959237933e-01	1.526790303652037495e-01	7.246185426028300958e-02	2.951200657704836430e-02	7.640232306545184648e-02
1.181383486174620202e+03	2.515851094685451206e-01	1.620562613129371277e-01	2.551094880301776890e-01	1.527638326456250695e-01	7.249410556918207960e-02	2.953481456914920644e-02	7.645638840413634951e-02
1.182834817238716823e+03	2.513840648226154939e-01	1.619175907062587738e-01	2.552555971772398902e-01	1.528484889284385251e-01	7.252629912710761850e-02	2.955759697025362245e-02	7.651036226783870797e-02
1.184286148302813444e+03	2.511833734943351715e-01	1.617791415905770191e-01	2.554014517676835294e-01	1.529329994887476674e-01	7.255843508861491153e-02	2.958035375447692211e-02	7.656424481531740045e-02
1.185737479366910065e+03	2.509830347661697880e-01	1.616409136921772016e-01	2.555470522313724735e-01	1.530173646009451716e-01	7.259051360759227745e-02	2.960308489641617219e-02	7.661803620507952328e-02
1.187188810431006686e+03	2.507830479228095877e-01	1.615029067369721516e-01	2.556923989974623224e-01	1.531015845387166951e-01	7.262253483726491265e-02	2.962579037114656741e-02	7.667173659538034647e-02
1.188640141495103080e+03	2.505834122511575446e-01	1.613651204505094638e-01	2.558374924944014639e-01	1.531856595750447358e-01	7.265449893019883254e-02	2.964847015421780488e-02	7.672534614422275856e-02
1.190091472559199701e+03	2.503841270403169839e-01	1.612275545579792968e-01	2.559823331499320731e-01	1.532695899822123786e-01	7.268640603830457680e-02	2.967112422165051056e-02	7.677886500935671155e-02
1.191542803623296322e+03	2.501851915815796468e-01	1.610902087842217001e-01	2.561269213910914444e-01	1.533533760318071260e-01	7.271825631284113689e-02	2.969375254993264490e-02	7.683229334827884616e-02
1.192994134687392716e+03	2.499866051684139223e-01	1.609530828537339697e-01	2.562712576442125467e-01	1.534370179947244783e-01	7.275004990441964747e-02	2.971635511601598487e-02	7.688563131823195063e-02
1.194445465751489564e+03	2.497883670964528846e-01	1.608161764906780866e-01	2.564153423349254668e-01	1.535205161411716257e-01	7.278178696300718897e-02	2.973893189731258158e-02	7.693887907620462763e-02
1.195896796815585958e+03	2.495904766634825522e-01	1.606794894188878497e-01	2.565591758881583528e-01	1.536038707406711668e-01	7.281346763793047905e-02	2.976148287169128048e-02	7.699203677893078079e-02
1.197348127879682352e+03	2.493929331694303142e-01	1.605430213618760926e-01	2.567027587281383028e-01	1.536870820620645506e-01	7.284509207787963347e-02	2.978400801747423804e-02	7.704510458288929553e-02
1.198799458943779200e+03	2.491957359163532726e-01	1.604067720428418720e-01	2.568460912783925298e-01	1.537701503735157682e-01	7.287666043091180212e-02	2.980650731343346266e-02	7.709808264430366431e-02
1.200250790007875821e+03	2.489988842084268350e-01	1.602707411846774344e-01	2.569891739617495285e-01	1.538530759425147665e-01	7.290817284445486046e-02	2.982898073878740772e-02	7.715097111914159811e-02
1.201702121071972442e+03	2.488023773519332515e-01	1.601349285099752107e-01	2.571320072003397961e-01	1.539358590358809453e-01	7.293962946531099001e-02	2.985142827319755415e-02	7.720377016311472107e-02
1.203153452136069063e+03	2.486062146552503460e-01	1.599993337410347272e-01	2.572745914155972757e-01	1.540184999197666271e-01	7.297103043966035596e-02	2.987384989676501734e-02	7.725647993167826522e-02
1.204604783200165684e+03	2.484103954288402472e-01	1.598639565998694612e-01	2.574169270282599120e-01	1.541009988596603875e-01	7.300237591306464602e-02	2.989624559002720602e-02	7.730910058003075125e-02
1.206056114264262078e+03	2.482149189852383420e-01	1.597287968082136689e-01	2.575590144583712049e-01	1.541833561203904968e-01	7.303366603047067862e-02	2.991861533395447775e-02	7.736163226311372487e-02
1.207507445328358699e+03	2.480197846390421179e-01	1.595938540875291300e-01	2.577008541252808760e-01	1.542655719661283065e-01	7.306490093621391402e-02	2.994095910994681517e-02	7.741407513561149312e-02
1.208958776392455093e+03	2.478249917069001995e-01	1.594591281590116150e-01	2.578424464476460343e-01	1.543476466603913855e-01	7.309608077402195148e-02	2.996327689983054390e-02	7.746642935195088842e-02
1.210410107456551941e+03	2.476305395075014126e-01	1.593246187435977401e-01	2.579837918434323418e-01	1.544295804660469340e-01	7.312720568701808199e-02	2.998556868585506088e-02	7.751869506630104656e-02
1.211861438520648335e+03	2.474364273615640986e-01	1.591903255619713520e-01	2.581248907299147355e-01	1.545113736453149478e-01	7.315827581772470223e-02	3.000783445068957306e-02	7.757087243257317077e-02
1.213312769584745183e+03	2.472426545918252616e-01	1.590562483345700218e-01	2.582657435236787591e-01	1.545930264597714376e-01	7.318929130806682559e-02	3.003007417741988122e-02	7.762296160442037907e-02
1.214764100648841804e+03	2.470492205230299110e-01	1.589223867815914293e-01	2.584063506406215072e-01	1.546745391703515937e-01	7.322025229937545454e-02	3.005228784954516036e-02	7.767496273523748218e-02
1.216215431712937971e+03	2.468561244819205414e-01	1.587887406229998299e-01	2.585467124959524576e-01	1.547559120373530051e-01	7.325115893239100839e-02	3.007447545097479552e-02	7.772687597816087257e-02
1.217666762777034819e+03	2.466633657972265303e-01	1.586553095785321887e-01	2.586868295041949151e-01	1.548371453204386294e-01	7.328201134726673727e-02	3.009663696602520727e-02	7.777870148606830236e-02
1.219118093841131440e+03	2.464709437996538133e-01	1.585220933677045085e-01	2.588267020791867878e-01	1.549182392786399576e-01	7.331280968357201111e-02	3.011877237941670143e-02	7.783043941157884171e-02
1.220569424905228061e+03	2.462788578218744751e-01	1.583890917098178808e-01	2.589663306340814763e-01	1.549991941703600384e-01	7.334355408029570589e-02	3.014088167627035700e-02	7.788208990705269841e-02
1.222020755969324682e+03	2.460871071985164804e-01	1.582563043239648692e-01	2.591057155813492607e-01	1.550800102533765046e-01	7.337424467584954813e-02	3.016296484210492096e-02	7.793365312459112071e-02
1.223472087033421303e+03	2.458956912661534877e-01	1.581237309290352278e-01	2.592448573327779671e-01	1.551606877848445420e-01	7.340488160807136231e-02	3.018502186283373093e-02	7.798512921603632797e-02
1.224923418097517697e+03	2.457046093632947459e-01	1.579913712437221451e-01	2.593837562994743551e-01	1.552412270212998879e-01	7.343546501422835993e-02	3.020705272476166547e-02	7.803651833297144125e-02
1.226374749161614318e+03	2.455138608303749359e-01	1.578592249865280739e-01	2.595224128918649509e-01	1.553216282186617447e-01	7.346599503102042850e-02	3.022905741458208409e-02	7.808782062672038615e-02
1.227826080225710712e+03	2.453234450097443731e-01	1.577272918757706144e-01	2.596608275196971016e-01	1.554018916322356669e-01	7.349647179458329571e-02	3.025103591937382957e-02	7.813903624834783734e-02
1.229277411289807560e+03	2.451333612456589872e-01	1.575955716295883158e-01	2.597990005920398082e-01	1.554820175167163643e-01	7.352689544049181847e-02	3.027298822659821656e-02	7.819016534865921852e-02
1.230728742353903954e+03	2.449436088842704140e-01	1.574640639659465602e-01	2.599369325172851686e-01	1.555620061261907550e-01	7.355726610376313312e-02	3.029491432409606513e-02	7.824120807820068857e-02
1.232180073418000802e+03	2.447541872736164192e-01	1.573327686026431138e-01	2.600746237031491548e-01	1.556418577141405468e-01	7.358758391885979189e-02	3.031681420008472752e-02	7.829216458725907213e-02
1.233631404482097196e+03	2.445650957636111011e-01	1.572016852573139833e-01	2.602120745566725568e-01	1.557215725334452072e-01	7.361784901969298245e-02	3.033868784315516334e-02	7.834303502586190127e-02
1.235082735546193817e+03	2.443763337060352592e-01	1.570708136474388006e-01	2.603492854842221482e-01	1.558011508363846276e-01	7.364806153962565050e-02	3.036053524226901140e-02	7.839381954377740158e-02
1.236534066610290438e+03	2.441879004545268739e-01	1.569401534903465401e-01	2.604862568914917409e-01	1.558805928746419267e-01	7.367822161147553894e-02	3.038235638675571004e-02	7.844451829051454772e-02
1.237985397674387059e+03	2.439997953645716700e-01	1.568097045032209313e-01	2.606229891835031287e-01	1.559598988993060875e-01	7.370832936751837983e-02	3.040415126630958975e-02	7.849513141532304950e-02
1.239436728738483680e+03	2.438120177934936239e-01	1.566794664031059825e-01	2.607594827646071423e-01	1.560390691608747327e-01	7.373838493949086415e-02	3.042591987098703515e-02	7.854565906719344903e-02
1.240888059802580301e+03	2.436245671004456381e-01	1.565494389069112813e-01	2.608957380384847036e-01	1.561181039092567613e-01	7.376838845859375049e-02	3.044766219120364353e-02	7.859610139485713465e-02
1.242339390866676695e+03	2.434374426464003260e-01	1.564196217314173798e-01	2.610317554081476032e-01	1.561970033937749025e-01	7.379834005549490428e-02	3.046937821773138336e-02	7.864645854678643799e-02
1.243790721930773088e+03	2.432506437941407695e-01	1.562900145932810958e-01	2.611675352759399438e-01	1.562757678631684632e-01	7.382823986033228147e-02	3.049106794169581872e-02	7.869673067119464793e-02
1.245242052994869937e+03	2.430641699082513041e-01	1.561606172090407030e-01	2.613030780435388056e-01	1.563543975655958818e-01	7.385808800271689845e-02	3.051273135457330254e-02	7.874691791603617708e-02
1.246693384058966330e+03	2.428780203551086092e-01	1.560314292951211212e-01	2.614383841119554686e-01	1.564328927486372256e-01	7.388788461173585731e-02	3.053436844818822882e-02	7.879702042900661729e-02
1.248144715123063179e+03	2.426921945028725214e-01	1.559024505678391626e-01	2.615734538815362442e-01	1.565112536592968007e-01	7.391762981595527415e-02	3.055597921471028128e-02	7.884703835754285073e-02
1.249596046187159800e+03	2.425066917214772078e-01	1.557736807434084714e-01	2.617082877519638084e-01	1.565894805440056214e-01	7.394732374342320724e-02	3.057756364665170645e-02	7.889697184882311920e-02
1.251047377251256421e+03	2.423215113826222011e-01	1.556451195379446595e-01	2.618428861222578674e-01	1.566675736486240200e-01	7.397696652167258524e-02	3.059912173686459361e-02	7.894682104976727399e-02
1.252498708315352815e+03	2.421366528597637124e-01	1.555167666674701910e-01	2.619772493907763788e-01	1.567455332184439776e-01	7.400655827772406603e-02	3.062065347853819980e-02	7.899658610703674810e-02
1.253950039379449436e+03	2.419521155281057490e-01	1.553886218479194614e-01	2.621113779552164402e-01	1.568233594981916224e-01	7.403609913808897880e-02	3.064215886519626800e-02	7.904626716703481992e-02
1.255401370443546057e+03	2.417678987645914823e-01	1.552606847951435165e-01	2.622452722126154545e-01	1.569010527320297277e-01	7.406558922877214124e-02	3.066363789069437643e-02	7.909586437590669650e-02
1.256852701507642678e+03	2.415840019478945333e-01	1.551329552249150756e-01	2.623789325593519628e-01	1.569786131635600712e-01	7.409502867527471837e-02	3.068509054921729831e-02	7.914537787953968007e-02
1.258304032571739299e+03	2.414004244584106174e-01	1.550054328529332226e-01	2.625123593911469211e-01	1.570560410358257664e-01	7.412441760259698420e-02	3.070651683527639286e-02	7.919480782356336235e-02
1.259755363635835920e+03	2.412171656782488294e-01	1.548781173948281797e-01	2.626455531030644774e-01	1.571333365913137603e-01	7.415375613524123610e-02	3.072791674370698931e-02	7.924415435334979108e-02
1.261206694699932314e+03	2.410342249912232615e-01	1.547510085661659984e-01	2.627785140895129712e-01	1.572105000719570822e-01	7.418304439721450094e-02	3.074929026966581255e-02	7.929341761401362265e-02
1.262658025764028707e+03	2.408516017828446765e-01	1.546241060824531666e-01	2.629112427442462097e-01	1.572875317191371747e-01	7.421228251203131066e-02	3.077063740862841582e-02	7.934259775041231644e-02
1.264109356828125556e+03	2.406692954403120976e-01	1.544974096591413826e-01	2.630437394603641343e-01	1.573644317736862253e-01	7.424147060271649168e-02	3.079195815638663056e-02	7.939169490714639843e-02
1.265560687892221949e+03	2.404873053525046211e-01	1.543709190116318852e-01	2.631760046303139311e-01	1.574412004758894146e-01	7.427060879180784336e-02	3.081325250904604074e-02	7.944070922855960004e-02
1.267012018956318798e+03	2.403056309099732002e-01	1.542446338552801999e-01	2.633080386458912514e-01	1.575178380654872756e-01	7.429969720135889966e-02	3.083452046302345359e-02	7.948964085873903851e-02
1.268463350020415419e+03	2.401242715049324572e-01	1.541185539054004405e-01	2.634398418982411005e-01	1.575943447816778309e-01	7.432873595294162139e-02	3.085576201504442589e-02	7.953848994151553609e-02
1.269914681084511813e+03	2.399432265312526347e-01	1.539926788772698063e-01	2.635714147778585037e-01	1.576707208631188961e-01	7.435772516764904694e-02	3.087697716214075905e-02	7.958725662046375882e-02
1.271366012148608434e+03	2.397624953844514906e-01	1.538670084861330500e-01	2.637027576745901714e-01	1.577469665479301897e-01	7.438666496609799839e-02	3.089816590164806004e-02	7.963594103890248022e-02
1.272817343212705055e+03	2.395820774616864990e-01	1.537415424472066416e-01	2.638338709776348878e-01	1.578230820736956086e-01	7.441555546843167668e-02	3.091932823120327467e-02	7.968454333989481719e-02
1.274268674276801676e+03	2.394019721617467455e-01	1.536162804756832645e-01	2.639647550755448990e-01	1.578990676774654212e-01	7.444439679432234003e-02	3.094046414874226936e-02	7.973306366624849373e-02
1.275720005340898297e+03	2.392221788850450725e-01	1.534912222867359233e-01	2.640954103562267452e-01	1.579749235957583764e-01	7.447318906297388519e-02	3.096157365249740945e-02	7.978150216051603516e-02
1.277171336404994690e+03	2.390426970336104739e-01	1.533663675955222461e-01	2.642258372069423156e-01	1.580506500645637302e-01	7.450193239312444260e-02	3.098265674099516878e-02	7.982985896499510126e-02
1.278622667469091539e+03	2.388635260110801017e-01	1.532417161171885644e-01	2.643560360143098475e-01	1.581262473193435769e-01	7.453062690304901317e-02	3.100371341305374270e-02	7.987813422172869438e-02
1.280073998533187932e+03	2.386846652226917442e-01	1.531172675668741878e-01	2.644860071643048149e-01	1.582017155950347920e-01	7.455927271056195238e-02	3.102474366778069578e-02	7.992632807250545091e-02
1.281525329597284326e+03	2.385061140752761377e-01	1.529930216597152892e-01	2.646157510422610937e-01	1.582770551260511138e-01	7.458786993301952384e-02	3.104574750457059565e-02	7.997444065885987718e-02
1.282976660661381175e+03	2.383278719772493059e-01	1.528689781108492352e-01	2.647452680328719055e-01	1.583522661462853365e-01	7.461641868732249439e-02	3.106672492310269887e-02	8.002247212207266869e-02
1.284427991725477568e+03	2.381499383386051494e-01	1.527451366354183049e-01	2.648745585201907060e-01	1.584273488891111692e-01	7.464491908991861824e-02	3.108767592333862295e-02	8.007042260317098759e-02
1.285879322789574417e+03	2.379723125709078402e-01	1.526214969485739092e-01	2.650036228876324618e-01	1.585023035873854846e-01	7.467337125680510723e-02	3.110860050552004263e-02	8.011829224292876805e-02
1.287330653853671038e+03	2.377949940872845502e-01	1.524980587654803099e-01	2.651324615179742050e-01	1.585771304734501508e-01	7.470177530353111495e-02	3.112949867016641739e-02	8.016608118186693832e-02
1.288781984917767431e+03	2.376179823024178461e-01	1.523748218013186162e-01	2.652610747933564217e-01	1.586518297791340570e-01	7.473013134520024858e-02	3.115037041807270854e-02	8.021378956025380924e-02
1.290233315981864052e+03	2.374412766325386115e-01	1.522517857712906153e-01	2.653894630952838840e-01	1.587264017357551960e-01	7.475843949647295594e-02	3.117121575030713798e-02	8.026141751810533798e-02
