1.001418434226643626e+03	2.794826258058406010e-01	1.810815288153338476e-01	2.348797879142991707e-01	1.410243724687156863e-01	6.801916031263595397e-02	2.651092917038374436e-02	6.900159551253837176e-02
1.002869765290740247e+03	2.792310368805980270e-01	1.809138040718487050e-01	2.350611336573412979e-01	1.411294222642640039e-01	6.806007297085402141e-02	2.653637502117008745e-02	6.906815513367123294e-02
1.004321096354836754e+03	2.789799139807996320e-01	1.807463272002791665e-01	2.352421658689785866e-01	1.412342851704939395e-01	6.810090124203464768e-02	2.656180417977783981e-02	6.913460235738358439e-02
1.005772427418933376e+03	2.787292559844015138e-01	1.805790980582530902e-01	2.354228850727752564e-01	1.413389616001309024e-01	6.814164540792480573e-02	2.658721652172417113e-02	6.920093735453770878e-02
1.007223758483029997e+03	2.784790617739394403e-01	1.804121165014363204e-01	2.356032917914746283e-01	1.414434519640908883e-01	6.818230574884356909e-02	2.661261192369787296e-02	6.926716029626470150e-02
1.008675089547126618e+03	2.782293302364995946e-01	1.802453823835537261e-01	2.357833865470000956e-01	1.415477566714987701e-01	6.822288254369091032e-02	2.663799026355144137e-02	6.933327135395288277e-02
1.010126420611223239e+03	2.779800602636892659e-01	1.800788955564098792e-01	2.359631698604560124e-01	1.416518761297063389e-01	6.826337606995634688e-02	2.666335142029321870e-02	6.939927069923637615e-02
1.011577751675319632e+03	2.777312507516080387e-01	1.799126558699096212e-01	2.361426422521284985e-01	1.417558107443101234e-01	6.830378660372768418e-02	2.668869527407955605e-02	6.946515850398383984e-02
1.013029082739416367e+03	2.774829006008193710e-01	1.797466631720784636e-01	2.363218042414864661e-01	1.418595609191688756e-01	6.834411441969960588e-02	2.671402170620704522e-02	6.953093494028754484e-02
1.014480413803512761e+03	2.772350087163218402e-01	1.795809173090827104e-01	2.365006563471823975e-01	1.419631270564208625e-01	6.838435979118216712e-02	2.673933059910478180e-02	6.959660018045260577e-02
1.015931744867609382e+03	2.769875740075212200e-01	1.794154181252496094e-01	2.366791990870532325e-01	1.420665095565008806e-01	6.842452299010935712e-02	2.676462183632668385e-02	6.966215439698636436e-02
1.017383075931706003e+03	2.767405953882022263e-01	1.792501654630872521e-01	2.368574329781213406e-01	1.421697088181570756e-01	6.846460428704750911e-02	2.678989530254384521e-02	6.972759776258806441e-02
1.018834406995802851e+03	2.764940717765009270e-01	1.790851591633041140e-01	2.370353585365953808e-01	1.422727252384675123e-01	6.850460395120372414e-02	2.681515088353695828e-02	6.979293045013870711e-02
1.020285738059899245e+03	2.762480020948770432e-01	1.789203990648287335e-01	2.372129762778711903e-01	1.423755592128563841e-01	6.854452225043414226e-02	2.684038846618874014e-02	6.985815263269098963e-02
1.021737069123995752e+03	2.760023852700869140e-01	1.787558850048290571e-01	2.373902867165327002e-01	1.424782111351101943e-01	6.858435945125226918e-02	2.686560793847644901e-02	6.992326448345963230e-02
1.023188400188092373e+03	2.757572202331558531e-01	1.785916168187316189e-01	2.375672903663528235e-01	1.425806813973936049e-01	6.862411581883716416e-02	2.689080918946440413e-02	6.998826617581174747e-02
1.024639731252188767e+03	2.755125059193515580e-01	1.784275943402406084e-01	2.377439877402944546e-01	1.426829703902649793e-01	6.866379161704165568e-02	2.691599210929659577e-02	7.005315788325741644e-02
1.026091062316285615e+03	2.752682412681572988e-01	1.782638174013567167e-01	2.379203793505112186e-01	1.427850785026918978e-01	6.870338710840040441e-02	2.694115658918929193e-02	7.011793977944047462e-02
1.027542393380382237e+03	2.750244252232453279e-01	1.781002858323959548e-01	2.380964657083484981e-01	1.428870061220662291e-01	6.874290255413802175e-02	2.696630252142372466e-02	7.018261203812951876e-02
1.028993724444478858e+03	2.747810567324506792e-01	1.779369994620081663e-01	2.382722473243442940e-01	1.429887536342192567e-01	6.878233821417702176e-02	2.699142979933880429e-02	7.024717483320899736e-02
1.030445055508575479e+03	2.745381347477450218e-01	1.777739581171954297e-01	2.384477247082301132e-01	1.430903214234363341e-01	6.882169434714584255e-02	2.701653831732388211e-02	7.031162833867052320e-02
1.031896386572671872e+03	2.742956582252106812e-01	1.776111616233303492e-01	2.386228983689320238e-01	1.431917098724714565e-01	6.886097121038668722e-02	2.704162797081154090e-02	7.037597272860436626e-02
1.033347717636768493e+03	2.740536261250148820e-01	1.774486098041740678e-01	2.387977688145714594e-01	1.432929193625616660e-01	6.890016905996343421e-02	2.706669865627046520e-02	7.044020817719111316e-02
1.034799048700865114e+03	2.738120374113843236e-01	1.772863024818942812e-01	2.389723365524661358e-01	1.433939502734411786e-01	6.893928815066942273e-02	2.709175027119832546e-02	7.050433485869343764e-02
1.036250379764961508e+03	2.735708910525796456e-01	1.771242394770831674e-01	2.391466020891309940e-01	1.434948029833553185e-01	6.897832873603521042e-02	2.711678271411469693e-02	7.056835294744805143e-02
1.037701710829058356e+03	2.733301860208706136e-01	1.769624206087746787e-01	2.393205659302791721e-01	1.435954778690743117e-01	6.901729106833627558e-02	2.714179588455405481e-02	7.063226261785796045e-02
1.039153041893154750e+03	2.730899212925109176e-01	1.768008456944623608e-01	2.394942285808228655e-01	1.436959753059068312e-01	6.905617539860067766e-02	2.716678968305879030e-02	7.069606404438458225e-02
1.040604372957251599e+03	2.728500958477135252e-01	1.766395145501166442e-01	2.396675905448742983e-01	1.437962956677134307e-01	6.909498197661662067e-02	2.719176401117226125e-02	7.075975740154032134e-02
1.042055704021347992e+03	2.726107086706259230e-01	1.764784269902018865e-01	2.398406523257465284e-01	1.438964393269196729e-01	6.913371105094005820e-02	2.721671877143190532e-02	7.082334286388104749e-02
1.043507035085444613e+03	2.723717587493060810e-01	1.763175828276935808e-01	2.400134144259546687e-01	1.439964066545291743e-01	6.917236286890220132e-02	2.724165386736238439e-02	7.088682060599890700e-02
1.044958366149541234e+03	2.721332450756979160e-01	1.761569818740952309e-01	2.401858773472164699e-01	1.440961980201364845e-01	6.921093767661694318e-02	2.726656920346877747e-02	7.095019080251517563e-02
1.046409697213637855e+03	2.718951666456074223e-01	1.759966239394549770e-01	2.403580415904535417e-01	1.441958137919396865e-01	6.924943571898824202e-02	2.729146468522979790e-02	7.101345362807330586e-02
1.047861028277734476e+03	2.716575224586789128e-01	1.758365088323824987e-01	2.405299076557921023e-01	1.442952543367528595e-01	6.928785723971757349e-02	2.731634021909106966e-02	7.107660925733202961e-02
1.049312359341831097e+03	2.714203115183710380e-01	1.756766363600651693e-01	2.407014760425640609e-01	1.443945200200185131e-01	6.932620248131114715e-02	2.734119571245843816e-02	7.113965786495869692e-02
1.050763690405927491e+03	2.711835328319338601e-01	1.755170063282846804e-01	2.408727472493077948e-01	1.444936112058195776e-01	6.936447168508720618e-02	2.736603107369131940e-02	7.120259962562271172e-02
1.052215021470024112e+03	2.709471854103849831e-01	1.753576185414330579e-01	2.410437217737692039e-01	1.445925282568914505e-01	6.940266509118328542e-02	2.739084621209610104e-02	7.126543471398910645e-02
1.053666352534120733e+03	2.707112682684867933e-01	1.751984728025288152e-01	2.412144001129026827e-01	1.446912715346338474e-01	6.944078293856328910e-02	2.741564103791956780e-02	7.132816330471221378e-02
1.055117683598217127e+03	2.704757804247234221e-01	1.750395689132328014e-01	2.413847827628719245e-01	1.447898413991224043e-01	6.947882546502470724e-02	2.744041546234238585e-02	7.139078557242949097e-02
1.056569014662313975e+03	2.702407209012779865e-01	1.748809066738641060e-01	2.415548702190510877e-01	1.448882382091201959e-01	6.951679290720565174e-02	2.746516939747259758e-02	7.145330169175551083e-02
1.058020345726410369e+03	2.700060887240098850e-01	1.747224858834156569e-01	2.417246629760254617e-01	1.449864623220890880e-01	6.955468550059187849e-02	2.748990275633919275e-02	7.151571183727596648e-02
1.059471676790506763e+03	2.697718829224325376e-01	1.745643063395695971e-01	2.418941615275926882e-01	1.450845140942008671e-01	6.959250347952379567e-02	2.751461545288569691e-02	7.157801618354193984e-02
1.060923007854603611e+03	2.695381025296909594e-01	1.744063678387130223e-01	2.420633663667635382e-01	1.451823938803482872e-01	6.963024707720337492e-02	2.753930740196379803e-02	7.164021490506415624e-02
1.062374338918700232e+03	2.693047465825397779e-01	1.742486701759529133e-01	2.422322779857629116e-01	1.452801020341560334e-01	6.966791652570107629e-02	2.756397851932703216e-02	7.170230817630743325e-02
1.063825669982796853e+03	2.690718141213212511e-01	1.740912131451314016e-01	2.424008968760308080e-01	1.453776389079913245e-01	6.970551205596267619e-02	2.758862872162447591e-02	7.176429617168524067e-02
1.065277001046893474e+03	2.688393041899435620e-01	1.739339965388407572e-01	2.425692235282232712e-01	1.454750048529746820e-01	6.974303389781609519e-02	2.761325792639451535e-02	7.182617906555434362e-02
1.066728332110990095e+03	2.686072158358591144e-01	1.737770201484382382e-01	2.427372584322133320e-01	1.455722002189902275e-01	6.978048227997812880e-02	2.763786605205862529e-02	7.188795703220957067e-02
1.068179663175086489e+03	2.683755481100432161e-01	1.736202837640608565e-01	2.429050020770919527e-01	1.456692253546960636e-01	6.981785743006119205e-02	2.766245301791519715e-02	7.194963024587869294e-02
1.069630994239183110e+03	2.681443000669728183e-01	1.734637871746400328e-01	2.430724549511690535e-01	1.457660806075344040e-01	6.985515957457998082e-02	2.768701874413340147e-02	7.201119888071741415e-02
1.071082325303279504e+03	2.679134707646052549e-01	1.733075301679160019e-01	2.432396175419744566e-01	1.458627663237417049e-01	6.989238893895809157e-02	2.771156315174710255e-02	7.207266311080444410e-02
1.072533656367376352e+03	2.676830592643574258e-01	1.731515125304522451e-01	2.434064903362587740e-01	1.459592828483584626e-01	6.992954574753464103e-02	2.773608616264878687e-02	7.213402311013669688e-02
1.073984987431472746e+03	2.674530646310849247e-01	1.729957340476497296e-01	2.435730738199944345e-01	1.460556305252390386e-01	6.996663022357078876e-02	2.776058769958355057e-02	7.219527905262460021e-02
1.075436318495569594e+03	2.672234859330613888e-01	1.728401945037609799e-01	2.437393684783766001e-01	1.461518096970613467e-01	7.000364258925621808e-02	2.778506768614311465e-02	7.225643111208746028e-02
1.076887649559666215e+03	2.669943222419580708e-01	1.726848936819041780e-01	2.439053747958241647e-01	1.462478207053362622e-01	7.004058306571564474e-02	2.780952604675987830e-02	7.231747946224895141e-02
1.078338980623762609e+03	2.667655726328234111e-01	1.725298313640769299e-01	2.440710932559807533e-01	1.463436638904171139e-01	7.007745187301520073e-02	2.783396270670101050e-02	7.237842427673273071e-02
1.079790311687859230e+03	2.665372361840631088e-01	1.723750073311701159e-01	2.442365243417156384e-01	1.464393395915088991e-01	7.011424923016877642e-02	2.785837759206257619e-02	7.243926572905810823e-02
1.081241642751955851e+03	2.663093119774196382e-01	1.722204213629815461e-01	2.444016685351246831e-01	1.465348481466774155e-01	7.015097535514444593e-02	2.788277062976370069e-02	7.250000399263580031e-02
1.082692973816052472e+03	2.660817990979528203e-01	1.720660732382293667e-01	2.445665263175313686e-01	1.466301898928583647e-01	7.018763046487069834e-02	2.790714174754077570e-02	7.256063924076379401e-02
1.084144304880149093e+03	2.658546966340197826e-01	1.719119627345656875e-01	2.447310981694878207e-01	1.467253651658662061e-01	7.022421477524268263e-02	2.793149087394169311e-02	7.262117164662330870e-02
1.085595635944245487e+03	2.656280036772555309e-01	1.717580896285896552e-01	2.448953845707756150e-01	1.468203743004029560e-01	7.026072850112846657e-02	2.795581793832012038e-02	7.268160138327484088e-02
1.087046967008342108e+03	2.654017193225535753e-01	1.716044536958607480e-01	2.450593860004068314e-01	1.469152176300668744e-01	7.029717185637515686e-02	2.798012287082981067e-02	7.274192862365427836e-02
1.088498298072438729e+03	2.651758426680463354e-01	1.714510547109117933e-01	2.452231029366250814e-01	1.470098954873609309e-01	7.033354505381506083e-02	2.800440560241894417e-02	7.280215354056911170e-02
1.089949629136535123e+03	2.649503728150863768e-01	1.712978924472620401e-01	2.453865358569064237e-01	1.471044082037014644e-01	7.036984830527177881e-02	2.802866606482451103e-02	7.286227630669470101e-02
1.091400960200631971e+03	2.647253088682269828e-01	1.711449666774298994e-01	2.455496852379603356e-01	1.471987561094263708e-01	7.040608182156622707e-02	2.805290419056672910e-02	7.292229709457070941e-02
1.092852291264728365e+03	2.645006499352037244e-01	1.709922771729456281e-01	2.457125515557307405e-01	1.472929395338034020e-01	7.044224581252268858e-02	2.807711991294349618e-02	7.298221607659753640e-02
1.094303622328825213e+03	2.642763951269154199e-01	1.708398237043641243e-01	2.458751352853969507e-01	1.473869588050382429e-01	7.047834048697476650e-02	2.810131316602487370e-02	7.304203342503279295e-02
1.095754953392921607e+03	2.640525435574057611e-01	1.706876060412773621e-01	2.460374369013745843e-01	1.474808142502826158e-01	7.051436605277131009e-02	2.812548388464760490e-02	7.310174931198798465e-02
1.097206284457018228e+03	2.638290943438446057e-01	1.705356239523266315e-01	2.461994568773166470e-01	1.475745061956421633e-01	7.055032271678235434e-02	2.814963200440968524e-02	7.316136390942515333e-02
1.098657615521114849e+03	2.636060466065099361e-01	1.703838772052151951e-01	2.463611956861144758e-01	1.476680349661842195e-01	7.058621068490490702e-02	2.817375746166492570e-02	7.322087738915362964e-02
1.100108946585211470e+03	2.633833994687694857e-01	1.702323655667201396e-01	2.465226537998986833e-01	1.477614008859456651e-01	7.062203016206884676e-02	2.819786019351759945e-02	7.328028992282693832e-02
1.101560277649308091e+03	2.631611520570628082e-01	1.700810888027046996e-01	2.466838316900401562e-01	1.478546042779404490e-01	7.065778135224261292e-02	2.822194013781709546e-02	7.333960168193956464e-02
1.103011608713404712e+03	2.629393035008832369e-01	1.699300466781300534e-01	2.468447298271511103e-01	1.479476454641671379e-01	7.069346445843907589e-02	2.824599723315261712e-02	7.339881283782406785e-02
1.104462939777501106e+03	2.627178529327604539e-01	1.697792389570673965e-01	2.470053486810859789e-01	1.480405247656164103e-01	7.072907968272111601e-02	2.827003141884787754e-02	7.345792356164804193e-02
1.105914270841597499e+03	2.624967994882425049e-01	1.696286654027095719e-01	2.471656887209423559e-01	1.481332425022783006e-01	7.076462722620738277e-02	2.829404263495589877e-02	7.351693402441125680e-02
1.107365601905694348e+03	2.622761423058782571e-01	1.694783257773828655e-01	2.473257504150621899e-01	1.482257989931494990e-01	7.080010728907785988e-02	2.831803082225378687e-02	7.357584439694282719e-02
1.108816932969790741e+03	2.620558805272002467e-01	1.693282198425584140e-01	2.474855342310325057e-01	1.483181945562405402e-01	7.083552007057954125e-02	2.834199592223754505e-02	7.363465484989845100e-02
1.110268264033887590e+03	2.618360132967073595e-01	1.691783473588638342e-01	2.476450406356866252e-01	1.484104295085827696e-01	7.087086576903194046e-02	2.836593787711694931e-02	7.369336555375771702e-02
1.111719595097984211e+03	2.616165397618476773e-01	1.690287080860945756e-01	2.478042700951049448e-01	1.485025041662355050e-01	7.090614458183261415e-02	2.838985662981043101e-02	7.375197667882146813e-02
1.113170926162080832e+03	2.613974590730013814e-01	1.688793017832251331e-01	2.479632230746161015e-01	1.485944188442927250e-01	7.094135670546268535e-02	2.841375212394001495e-02	7.381048839520924776e-02
1.114622257226177226e+03	2.611787703834639318e-01	1.687301282084202880e-01	2.481219000387978046e-01	1.486861738568899804e-01	7.097650233549222809e-02	2.843762430382624704e-02	7.386890087285678808e-02
1.116073588290273847e+03	2.609604728494295811e-01	1.685811871190461275e-01	2.482803014514779472e-01	1.487777695172111114e-01	7.101158166658579074e-02	2.846147311448321907e-02	7.392721428151352581e-02
1.117524919354370468e+03	2.607425656299743322e-01	1.684324782716810909e-01	2.484384277757354931e-01	1.488692061374949083e-01	7.104659489250766957e-02	2.848529850161354848e-02	7.398542879074029854e-02
1.118976250418467089e+03	2.605250478870396180e-01	1.682840014221268499e-01	2.485962794739015602e-01	1.489604840290416343e-01	7.108154220612733498e-02	2.850910041160345867e-02	7.404354456990691613e-02
1.120427581482563710e+03	2.603079187854159260e-01	1.681357563254190779e-01	2.487538570075603916e-01	1.490516035022194652e-01	7.111642379942470504e-02	2.853287879151786624e-02	7.410156178818991246e-02
1.121878912546660331e+03	2.600911774927266440e-01	1.679877427358381636e-01	2.489111608375502716e-01	1.491425648664710391e-01	7.115123986349544682e-02	2.855663358909546826e-02	7.415948061457038054e-02
1.123330243610756725e+03	2.598748231794116292e-01	1.678399604069198137e-01	2.490681914239645522e-01	1.492333684303195629e-01	7.118599058855620831e-02	2.858036475274390933e-02	7.421730121783169654e-02
1.124781574674853118e+03	2.596588550187114985e-01	1.676924090914655996e-01	2.492249492261527366e-01	1.493240145013752518e-01	7.122067616394983647e-02	2.860407223153495909e-02	7.427502376655752137e-02
1.126232905738949967e+03	2.594432721866515301e-01	1.675450885415533386e-01	2.493814347027213385e-01	1.494145033863413796e-01	7.125529677815052587e-02	2.862775597519971391e-02	7.433264842912967740e-02
1.127684236803046360e+03	2.592280738620258429e-01	1.673979985085474465e-01	2.495376483115348820e-01	1.495048353910203853e-01	7.128985261876902291e-02	2.865141593412382989e-02	7.439017537372610844e-02
1.129135567867143209e+03	2.590132592263819089e-01	1.672511387431091789e-01	2.496935905097169839e-01	1.495950108203199236e-01	7.132434387255767727e-02	2.867505205934281487e-02	7.444760476831900620e-02
1.130586898931239830e+03	2.587988274640048436e-01	1.671045089952068186e-01	2.498492617536513805e-01	1.496850299782588045e-01	7.135877072541554900e-02	2.869866430253729603e-02	7.450493678067281189e-02
1.132038229995336451e+03	2.585847777619019738e-01	1.669581090141256940e-01	2.500046624989826771e-01	1.497748931679729056e-01	7.139313336239344610e-02	2.872225261602837781e-02	7.456217157834242604e-02
1.133489561059432845e+03	2.583711093097875722e-01	1.668119385484780892e-01	2.501597932006176528e-01	1.498646006917209172e-01	7.142743196769894831e-02	2.874581695277298593e-02	7.461930932867134880e-02
1.134940892123529466e+03	2.581578213000675359e-01	1.666659973462133459e-01	2.503146543127260371e-01	1.499541528508900601e-01	7.146166672470133374e-02	2.876935726635927032e-02	7.467635019878990366e-02
1.136392223187626087e+03	2.579449129278244546e-01	1.665202851546274398e-01	2.504692462887415649e-01	1.500435499460018307e-01	7.149583781593663034e-02	2.879287351100201162e-02	7.473329435561357204e-02
1.137843554251722708e+03	2.577323833908023443e-01	1.663748017203728335e-01	2.506235695813630038e-01	1.501327922767175527e-01	7.152994542311240378e-02	2.881636564153807270e-02	7.479014196584125862e-02
1.139294885315819101e+03	2.575202318893919928e-01	1.662295467894680800e-01	2.507776246425551525e-01	1.502218801418439276e-01	7.156398972711272566e-02	2.883983361342188495e-02	7.484689319595368151e-02
1.140746216379915950e+03	2.573084576266160273e-01	1.660845201073073707e-01	2.509314119235497853e-01	1.503108138393384752e-01	7.159797090800303077e-02	2.886327738272094837e-02	7.490354821221180404e-02
1.142197547444012343e+03	2.570970598081143699e-01	1.659397214186699165e-01	2.510849318748465953e-01	1.503995936663150290e-01	7.163188914503490490e-02	2.888669690611137333e-02	7.496010718065523881e-02
1.143648878508108737e+03	2.568860376421296388e-01	1.657951504677294408e-01	2.512381849462143601e-01	1.504882199190489267e-01	7.166574461665084494e-02	2.891009214087343973e-02	7.501657026710079057e-02
1.145100209572205586e+03	2.566753903394924929e-01	1.656508069980635045e-01	2.513911715866918306e-01	1.505766928929823945e-01	7.169953750048908836e-02	2.893346304488719767e-02	7.507293763714097123e-02
1.146551540636302207e+03	2.564651171136075880e-01	1.655066907526625275e-01	2.515438922445886738e-01	1.506650128827297930e-01	7.173326797338828997e-02	2.895680957662808211e-02	7.512920945614257051e-02
1.148002871700398828e+03	2.562552171804390877e-01	1.653628014739391139e-01	2.516963473674866392e-01	1.507531801820826689e-01	7.176693621139221269e-02	2.898013169516257606e-02	7.518538588924528199e-02
1.149454202764495449e+03	2.560456897584965641e-01	1.652191389037370728e-01	2.518485374022403356e-01	1.508411950840149174e-01	7.180054238975448755e-02	2.900342936014387377e-02	7.524146710136034311e-02
1.150905533828591842e+03	2.558365340688211198e-01	1.650757027833403001e-01	2.520004627949783971e-01	1.509290578806878058e-01	7.183408668294309629e-02	2.902670253180760288e-02	7.529745325716925841e-02
1.152356864892688463e+03	2.556277493349712326e-01	1.649324928534817991e-01	2.521521239911044820e-01	1.510167688634549976e-01	7.186756926464511752e-02	2.904995117096754662e-02	7.535334452112249504e-02
1.153808195956785084e+03	2.554193347830089889e-01	1.647895088543523956e-01	2.523035214352981059e-01	1.511043283228673817e-01	7.190099030777119538e-02	2.907317523901141454e-02	7.540914105743824758e-02
1.155259527020881706e+03	2.552112896414863719e-01	1.646467505256095087e-01	2.524546555715157514e-01	1.511917365486779852e-01	7.193434998446018858e-02	2.909637469789662714e-02	7.546484303010127237e-02
1.156710858084978327e+03	2.550036131414315510e-01	1.645042176063858941e-01	2.526055268429919787e-01	1.512789938298468306e-01	7.196764846608362520e-02	2.911954951014613865e-02	7.552045060286170786e-02
1.158162189149074720e+03	2.547963045163354479e-01	1.643619098352981089e-01	2.527561356922402580e-01	1.513661004545456268e-01	7.200088592325015746e-02	2.914269963884428410e-02	7.557596393923393663e-02
1.159613520213171569e+03	2.545893630021381360e-01	1.642198269504550612e-01	2.529064825610538025e-01	1.514530567101625147e-01	7.203406252581014135e-02	2.916582504763262640e-02	7.563138320249550295e-02
1.161064851277267962e+03	2.543827878372156848e-01	1.640779686894664746e-01	2.530565678905071225e-01	1.515398628833066752e-01	7.206717844285993879e-02	2.918892570070589360e-02	7.568670855568604416e-02
1.162516182341364356e+03	2.541765782623666703e-01	1.639363347894512157e-01	2.532063921209564139e-01	1.516265192598129363e-01	7.210023384274640013e-02	2.921200156280787455e-02	7.574194016160629150e-02
1.163967513405461204e+03	2.539707335207992966e-01	1.637949249870456203e-01	2.533559556920409461e-01	1.517130261247463530e-01	7.213322889307120789e-02	2.923505259922737701e-02	7.579707818281700149e-02
1.165418844469557826e+03	2.537652528581180178e-01	1.636537390184116536e-01	2.535052590426838948e-01	1.517993837624066755e-01	7.216616376069523442e-02	2.925807877579421692e-02	7.585212278163805388e-02
1.166870175533654447e+03	2.535601355223108810e-01	1.635127766192450982e-01	2.536543026110933963e-01	1.518855924563328186e-01	7.219903861174285786e-02	2.928108005887520432e-02	7.590707412014752187e-02
1.168321506597751068e+03	2.533553807637363708e-01	1.633720375247836032e-01	2.538030868347634916e-01	1.519716524893071907e-01	7.223185361160623652e-02	2.930405641537018810e-02	7.596193236018072836e-02
1.169772837661847461e+03	2.531509878351109188e-01	1.632315214698145667e-01	2.539516121504751256e-01	1.520575641433600800e-01	7.226460892494958321e-02	2.932700781270810783e-02	7.601669766332937173e-02
1.171224168725944082e+03	2.529469559914960253e-01	1.630912281886833515e-01	2.540998789942972569e-01	1.521433276997740114e-01	7.229730471571341188e-02	2.934993421884306633e-02	7.607137019094072083e-02
1.172675499790040703e+03	2.527432844902854914e-01	1.629511574153007791e-01	2.542478878015878019e-01	1.522289434390878549e-01	7.232994114711871481e-02	2.937283560225045775e-02	7.612595010411675467e-02
1.174126830854137097e+03	2.525399725911933180e-01	1.628113088831511790e-01	2.543956390069944673e-01	1.523144116411011828e-01	7.236251838167120920e-02	2.939571193192307488e-02	7.618043756371338515e-02
1.175578161918233945e+03	2.523370195562410490e-01	1.626716823253000210e-01	2.545431330444559714e-01	1.523997325848783779e-01	7.239503658116537566e-02	2.941856317736728926e-02	7.623483273033972163e-02
1.177029492982330339e+03	2.521344246497455033e-01	1.625322774744015208e-01	2.546903703472029878e-01	1.524849065487526301e-01	7.242749590668869086e-02	2.944138930859922093e-02	7.628913576435732147e-02
1.178480824046426733e+03	2.519321871383063405e-01	1.623930940627062725e-01	2.548373513477590335e-01	1.525699338103301828e-01	7.245989651862570768e-02	2.946419029614095672e-02	7.634334682587945453e-02
1.179932155110523581e+03	2.517303062907942368e-01	1.622541318220686868e-01	2.549840764779415236e-01	1.526548146464942468e-01	7.249223857666207971e-02	2.948696611101676510e-02	7.639746607477043705e-02
1.181383486174620202e+03	2.515287813783386173e-01	1.621153904839545412e-01	2.551305461688628262e-01	1.527395493334089971e-01	7.252452223978866908e-02	2.950971672474938037e-02	7.645149367064497936e-02
1.182834817238716823e+03	2.513276116743155542e-01	1.619768697794482237e-01	2.552767608509313724e-01	1.528241381465235416e-01	7.255674766630551553e-02	2.953244210935626612e-02	7.650542977286754753e-02
1.184286148302813444e+03	2.511267964543362208e-01	1.618385694392601715e-01	2.554227209538522669e-01	1.529085813605758071e-01	7.258891501382587486e-02	2.955514223734592716e-02	7.655927454055175274e-02
1.185737479366910065e+03	2.509263349962348455e-01	1.617004891937340039e-01	2.555684269066286207e-01	1.529928792495963696e-01	7.262102443928017403e-02	2.957781708171423191e-02	7.661302813255979616e-02
1.187188810431006686e+03	2.507262265800568879e-01	1.615626287728537669e-01	2.557138791375624387e-01	1.530770320869122847e-01	7.265307609891992480e-02	2.960046661594078685e-02	7.666669070750184445e-02
1.188640141495103080e+03	2.505264704880477145e-01	1.614249879062510939e-01	2.558590780742556747e-01	1.531610401451508618e-01	7.268507014832170654e-02	2.962309081398530400e-02	7.672026242373555793e-02
1.190091472559199701e+03	2.503270660046407747e-01	1.612875663232121448e-01	2.560040241436111752e-01	1.532449036962433564e-01	7.271700674239101048e-02	2.964568965028399269e-02	7.677374343936552159e-02
1.191542803623296322e+03	2.501280124164461660e-01	1.611503637526846278e-01	2.561487177718334562e-01	1.533286230114287163e-01	7.274888603536611154e-02	2.966826309974600687e-02	7.682713391224278709e-02
1.192994134687392716e+03	2.499293090122393091e-01	1.610133799232847940e-01	2.562931593844303135e-01	1.534121983612572737e-01	7.278070818082194027e-02	2.969081113774987846e-02	7.688043399996438709e-02
1.194445465751489564e+03	2.497309550829496239e-01	1.608766145633041822e-01	2.564373494062130443e-01	1.534956300155942144e-01	7.281247333167391311e-02	2.971333374013999939e-02	7.693364385987287724e-02
1.195896796815585958e+03	2.495329499216492886e-01	1.607400674007165298e-01	2.565812882612981127e-01	1.535789182436233247e-01	7.284418164018163777e-02	2.973583088322311746e-02	7.698676364905591984e-02
1.197348127879682352e+03	2.493352928235419985e-01	1.606037381631844063e-01	2.567249763731075940e-01	1.536620633138504055e-01	7.287583325795278510e-02	2.975830254376485642e-02	7.703979352434586758e-02
1.198799458943779200e+03	2.491379830859519751e-01	1.604676265780660138e-01	2.568684141643706731e-01	1.537450654941068529e-01	7.290742833594679451e-02	2.978074869898625007e-02	7.709273364231937486e-02
1.200250790007875821e+03	2.489410200083129743e-01	1.603317323724217369e-01	2.570116020571243109e-01	1.538279250515530716e-01	7.293896702447860703e-02	2.980316932656031439e-02	7.714558415929699542e-02
1.201702121071972442e+03	2.487444028921573513e-01	1.601960552730206100e-01	2.571545404727142436e-01	1.539106422526819729e-01	7.297044947322235686e-02	2.982556440460863365e-02	7.719834523134289084e-02
1.203153452136069063e+03	2.485481310411051803e-01	1.600605950063470062e-01	2.572972298317961481e-01	1.539932173633223045e-01	7.300187583121503510e-02	2.984793391169797763e-02	7.725101701426446976e-02
1.204604783200165684e+03	2.483522037608535959e-01	1.599253512986069659e-01	2.574396705543364194e-01	1.540756506486420652e-01	7.303324624686015343e-02	2.987027782683692248e-02	7.730359966361201318e-02
1.206056114264262078e+03	2.481566203591659414e-01	1.597903238757345246e-01	2.575818630596134473e-01	1.541579423731518350e-01	7.306456086793135241e-02	2.989259612947251302e-02	7.735609333467853566e-02
1.207507445328358699e+03	2.479613801458612488e-01	1.596555124633981526e-01	2.577238077662183935e-01	1.542400928007079952e-01	7.309581984157607903e-02	2.991488879948694252e-02	7.740849818249931347e-02
1.208958776392455093e+03	2.477664824328037474e-01	1.595209167870069722e-01	2.578655050920563019e-01	1.543221021945161142e-01	7.312702331431904235e-02	2.993715581719423938e-02	7.746081436185175972e-02
1.210410107456551941e+03	2.475719265338923170e-01	1.593865365717169469e-01	2.580069554543469312e-01	1.544039708171340564e-01	7.315817143206589102e-02	2.995939716333700584e-02	7.751304202725513293e-02
1.211861438520648335e+03	2.473777117650501067e-01	1.592523715424370157e-01	2.581481592696258653e-01	1.544856989304752293e-01	7.318926434010668280e-02	2.998161281908314282e-02	7.756518133297031492e-02
1.213312769584745183e+03	2.471838374442142383e-01	1.591184214238352546e-01	2.582891169537455123e-01	1.545672867958117758e-01	7.322030218311940952e-02	3.000380276602263030e-02	7.761723243299957498e-02
1.214764100648841804e+03	2.469903028913255638e-01	1.589846859403448720e-01	2.584298289218760480e-01	1.546487346737776825e-01	7.325128510517350811e-02	3.002596698616430415e-02	7.766919548108641713e-02
1.216215431712937971e+03	2.467971074283184518e-01	1.588511648161702039e-01	2.585702955885065268e-01	1.547300428243718884e-01	7.328221324973331618e-02	3.004810546193265389e-02	7.772107063071537203e-02
1.217666762777034819e+03	2.466042503791107954e-01	1.587178577752926534e-01	2.587105173674456027e-01	1.548112115069613104e-01	7.331308675966148602e-02	3.007021817616467932e-02	7.777285803511184425e-02
1.219118093841131440e+03	2.464117310695937701e-01	1.585847645414765472e-01	2.588504946718229172e-01	1.548922409802839795e-01	7.334390577722246785e-02	3.009230511210670561e-02	7.782455784724194581e-02
1.220569424905228061e+03	2.462195488276221200e-01	1.584518848382749645e-01	2.589902279140897101e-01	1.549731315024520106e-01	7.337467044408589600e-02	3.011436625341127465e-02	7.787617021981239895e-02
1.222020755969324682e+03	2.460277029830040818e-01	1.583192183890355376e-01	2.591297175060199853e-01	1.550538833309545173e-01	7.340538090132990579e-02	3.013640158413403297e-02	7.792769530527036970e-02
1.223472087033421303e+03	2.458361928674916708e-01	1.581867649169060863e-01	2.592689638587115097e-01	1.551344967226606086e-01	7.343603728944458897e-02	3.015841108873063697e-02	7.797913325580337063e-02
1.224923418097517697e+03	2.456450178147708552e-01	1.580545241448404192e-01	2.594079673825867016e-01	1.552149719338224154e-01	7.346663974833526900e-02	3.018039475205368943e-02	7.803048422333920542e-02
1.226374749161614318e+03	2.454541771604518696e-01	1.579224957956037456e-01	2.595467284873937408e-01	1.552953092200778373e-01	7.349718841732580388e-02	3.020235255934968985e-02	7.808174835954584392e-02
1.227826080225710712e+03	2.452636702420597226e-01	1.577906795917784211e-01	2.596852475822076234e-01	1.553755088364535131e-01	7.352768343516195848e-02	3.022428449625600561e-02	7.813292581583136664e-02
1.229277411289807560e+03	2.450734963990244264e-01	1.576590752557693875e-01	2.598235250754307724e-01	1.554555710373675959e-01	7.355812494001459645e-02	3.024619054879787786e-02	7.818401674334395091e-02
1.230728742353903954e+03	2.448836549726717271e-01	1.575276825098096134e-01	2.599615613747944809e-01	1.555354960766326122e-01	7.358851306948295534e-02	3.026807070338541003e-02	7.823502129297177365e-02
1.232180073418000802e+03	2.446941453062135841e-01	1.573965010759655059e-01	2.600993568873596340e-01	1.556152842074582654e-01	7.361884796059792180e-02	3.028992494681062228e-02	7.828593961534301149e-02
1.233631404482097196e+03	2.445049667447387887e-01	1.572655306761422955e-01	2.602369120195177632e-01	1.556949356824541553e-01	7.364912974982519567e-02	3.031175326624449898e-02	7.833677186082585453e-02
1.235082735546193817e+03	2.443161186352037495e-01	1.571347710320893376e-01	2.603742271769920458e-01	1.557744507536324707e-01	7.367935857306848191e-02	3.033355564923404663e-02	7.838751817952843703e-02
1.236534066610290438e+03	2.441276003264232497e-01	1.570042218654053023e-01	2.605113027648382484e-01	1.558538296724107930e-01	7.370953456567268247e-02	3.035533208369940728e-02	7.843817872129887903e-02
1.237985397674387059e+03	2.439394111690612044e-01	1.568738828975435040e-01	2.606481391874457820e-01	1.559330726896147601e-01	7.373965786242704656e-02	3.037708255793095113e-02	7.848875363572530017e-02
1.239436728738483680e+03	2.437515505156216677e-01	1.567437538498169525e-01	2.607847368485385897e-01	1.560121800554807037e-01	7.376972859756829315e-02	3.039880706058641427e-02	7.853924307213590306e-02
1.240888059802580301e+03	2.435640177204398404e-01	1.566138344434035712e-01	2.609210961511761462e-01	1.560911520196583135e-01	7.379974690478370569e-02	3.042050558068805713e-02	7.858964717959888990e-02
1.242339390866676695e+03	2.433768121396729378e-01	1.564841243993511377e-01	2.610572174977545679e-01	1.561699888312131912e-01	7.382971291721422691e-02	3.044217810761981266e-02	7.863996610692265687e-02
1.243790721930773088e+03	2.431899331312913637e-01	1.563546234385824185e-01	2.611931012900074456e-01	1.562486907386295421e-01	7.385962676745756739e-02	3.046382463112448993e-02	7.869020000265572468e-02
1.245242052994869937e+03	2.430033800550698841e-01	1.562253312819000817e-01	2.613287479290068438e-01	1.563272579898125625e-01	7.388948858757121707e-02	3.048544514130097777e-02	7.874034901508694673e-02
1.246693384058966330e+03	2.428171522725788289e-01	1.560962476499916651e-01	2.614641578151644108e-01	1.564056908320911599e-01	7.391929850907548449e-02	3.050703962860146223e-02	7.879041329224545365e-02
1.248144715123063179e+03	2.426312491471754040e-01	1.559673722634343229e-01	2.615993313482322113e-01	1.564839895122204227e-01	7.394905666295652213e-02	3.052860808382867538e-02	7.884039298190086142e-02
1.249596046187159800e+03	2.424456700439949208e-01	1.558387048426998767e-01	2.617342689273038370e-01	1.565621542763840079e-01	7.397876317966929627e-02	3.055015049813316133e-02	7.889028823156329917e-02
1.251047377251256421e+03	2.422604143299423030e-01	1.557102451081594507e-01	2.618689709508152941e-01	1.566401853701967772e-01	7.400841818914058456e-02	3.057166686301054578e-02	7.894009918848354790e-02
1.252498708315352815e+03	2.420754813736834543e-01	1.555819927800882463e-01	2.620034378165458366e-01	1.567180830387071011e-01	7.403802182077190430e-02	3.059315717029884377e-02	7.898982599965315154e-02
1.253950039379449436e+03	2.418908705456367936e-01	1.554539475786702596e-01	2.621376699216192985e-01	1.567958475263993567e-01	7.406757420344250997e-02	3.061462141217577426e-02	7.903946881180455575e-02
1.255401370443546057e+03	2.417065812179648998e-01	1.553261092240029173e-01	2.622716676625047594e-01	1.568734790771963705e-01	7.409707546551223822e-02	3.063605958115608527e-02	7.908902777141123275e-02
1.256852701507642678e+03	2.415226127645660470e-01	1.551984774361016839e-01	2.624054314350178219e-01	1.569509779344617495e-01	7.412652573482442220e-02	3.065747167008891702e-02	7.913850302468787568e-02
1.258304032571739299e+03	2.413389645610659329e-01	1.550710519349046967e-01	2.625389616343212218e-01	1.570283443410022406e-01	7.415592513870881974e-02	3.067885767215516868e-02	7.918789471759046794e-02
1.259755363635835920e+03	2.411556359848094078e-01	1.549438324402771794e-01	2.626722586549260496e-01	1.571055785390700898e-01	7.418527380398443061e-02	3.070021758086488931e-02	7.923720299581650528e-02
1.261206694699932314e+03	2.409726264148522590e-01	1.548168186720160211e-01	2.628053228906926386e-01	1.571826807703654016e-01	7.421457185696234138e-02	3.072155139005467578e-02	7.928642800480514841e-02
1.262658025764028707e+03	2.407899352319531339e-01	1.546900103498541623e-01	2.629381547348317305e-01	1.572596512760383591e-01	7.424381942344857044e-02	3.074285909388510540e-02	7.933556988973741730e-02
1.264109356828125556e+03	2.406075618185653520e-01	1.545634071934650355e-01	2.630707545799051972e-01	1.573364902966915280e-01	7.427301662874685739e-02	3.076414068683815811e-02	7.938462879553637164e-02
1.265560687892221949e+03	2.404255055588289669e-01	1.544370089224668396e-01	2.632031228178269844e-01	1.574131980723822433e-01	7.430216359766150802e-02	3.078539616371470111e-02	7.943360486686727728e-02
1.267012018956318798e+03	2.402437658385626895e-01	1.543108152564269808e-01	2.633352598398642774e-01	1.574897748426246913e-01	7.433126045450005881e-02	3.080662551963193191e-02	7.948249824813785613e-02
1.268463350020415419e+03	2.400623420452561441e-01	1.541848259148662359e-01	2.634671660366384449e-01	1.575662208463921576e-01	7.436030732307613578e-02	3.082782875002089418e-02	7.953130908349845263e-02
1.269914681084511813e+03	2.398812335680617358e-01	1.540590406172629712e-01	2.635988417981259824e-01	1.576425363221193587e-01	7.438930432671216064e-02	3.084900585062397282e-02	7.958003751684225580e-02
1.271366012148608434e+03	2.397004397977869905e-01	1.539334590830575000e-01	2.637302875136593450e-01	1.577187215077044680e-01	7.441825158824205699e-02	3.087015681749242721e-02	7.962868369180554906e-02
1.272817343212705055e+03	2.395199601268868383e-01	1.538080810316560798e-01	2.638615035719281687e-01	1.577947766405114194e-01	7.444714923001394258e-02	3.089128164698392437e-02	7.967724775176789065e-02
1.274268674276801676e+03	2.393397939494557591e-01	1.536829061824350751e-01	2.639924903609802143e-01	1.578707019573719061e-01	7.447599737389284935e-02	3.091238033576010000e-02	7.972572983985241890e-02
1.275720005340898297e+03	2.391599406612202605e-01	1.535579342547449821e-01	2.641232482682218663e-01	1.579464976945877119e-01	7.450479614126336025e-02	3.093345288078413677e-02	7.977413009892599105e-02
1.277171336404994690e+03	2.389803996595311619e-01	1.534331649679145648e-01	2.642537776804197436e-01	1.580221640879325984e-01	7.453354565303230150e-02	3.095449927931834960e-02	7.982244867159955792e-02
1.278622667469091539e+03	2.388011703433561006e-01	1.533085980412547400e-01	2.643840789837013650e-01	1.580977013726546088e-01	7.456224602963135162e-02	3.097551952892180216e-02	7.987068570022828884e-02
1.280073998533187932e+03	2.386222521132720376e-01	1.531842331940626856e-01	2.645141525635560376e-01	1.581731097834780386e-01	7.459089739101962269e-02	3.099651362744791638e-02	7.991884132691193243e-02
1.281525329597284326e+03	2.384436443714577358e-01	1.530600701456256152e-01	2.646439988048360226e-01	1.582483895546054620e-01	7.461949985668633878e-02	3.101748157304212369e-02	7.996691569349501094e-02
1.282976660661381175e+03	2.382653465216864330e-01	1.529361086152246640e-01	2.647736180917573123e-01	1.583235409197198684e-01	7.464805354565337558e-02	3.103842336413951269e-02	8.001490894156715328e-02
1.284427991725477568e+03	2.380873579693184305e-01	1.528123483221388301e-01	2.649030108079007406e-01	1.583985641119866339e-01	7.467655857647782780e-02	3.105933899946249771e-02	8.006282121246331707e-02
1.285879322789574417e+03	2.379096781212938494e-01	1.526887889856487490e-01	2.650321773362128708e-01	1.584734593640556022e-01	7.470501506725459040e-02	3.108022847801851854e-02	8.011065264726410784e-02
1.287330653853671038e+03	2.377323063861252750e-01	1.525654303250404131e-01	2.651611180590069949e-01	1.585482269080629447e-01	7.473342313561885664e-02	3.110109179909774021e-02	8.015840338679602883e-02
1.288781984917767431e+03	2.375552421738906517e-01	1.524422720596089742e-01	2.652898333579640777e-01	1.586228669756332699e-01	7.476178289874865768e-02	3.112192896227075276e-02	8.020607357163181406e-02
1.290233315981864052e+03	2.373784848962260940e-01	1.523193139086623793e-01	2.654183236141337554e-01	1.586973797978815659e-01	7.479009447336741612e-02	3.114273996738632644e-02	8.025366334209067809e-02
