1.001418434226643626e+03	2.794405717684889101e-01	1.811189610285332541e-01	2.348919344625640671e-01	1.410297664243292948e-01	6.805732868305865157e-02	2.652398411598458350e-02	6.893745351678894073e-02
1.002869765290740247e+03	2.791885599520442796e-01	1.809516391254356316e-01	2.350734299038597652e-01	1.411346942912388991e-01	6.809859293224503063e-02	2.654964454279851518e-02	6.900343925212557017e-02
1.004321096354836754e+03	2.789370156149513225e-01	1.807845636721941429e-01	2.352546119942938718e-01	1.412394311670947256e-01	6.813977648704307166e-02	2.657528895078763165e-02	6.906931211338288024e-02
1.005772427418933376e+03	2.786859376447770043e-01	1.806177345174965754e-01	2.354354812544991737e-01	1.413439774705291252e-01	6.818087963084752678e-02	2.660091720855685404e-02	6.913507227304137304e-02
1.007223758483029997e+03	2.784353249334216018e-01	1.804511515082960482e-01	2.356160382043068491e-01	1.414483336185252682e-01	6.822190264535454851e-02	2.662652918596890642e-02	6.920071990387424710e-02
1.008675089547126618e+03	2.781851763770928909e-01	1.802848144898291094e-01	2.357962833627473831e-01	1.415525000264322153e-01	6.826284581057416589e-02	2.665212475413531595e-02	6.926625517893635064e-02
1.010126420611223239e+03	2.779354908762800558e-01	1.801187233056333881e-01	2.359762172480511788e-01	1.416564771079794893e-01	6.830370940484266351e-02	2.667770378540749304e-02	6.933167827155314877e-02
1.011577751675319632e+03	2.776862673357279321e-01	1.799528777975653582e-01	2.361558403776495563e-01	1.417602652752917580e-01	6.834449370483491881e-02	2.670326615336785642e-02	6.939698935531000978e-02
1.013029082739416367e+03	2.774375046644117493e-01	1.797872778058179077e-01	2.363351532681753076e-01	1.418638649389032391e-01	6.838519898557657295e-02	2.672881173282104506e-02	6.946218860404156092e-02
1.014480413803512761e+03	2.771892017755117621e-01	1.796219231689374640e-01	2.365141564354636960e-01	1.419672765077717724e-01	6.842582552045613220e-02	2.675434039978514741e-02	6.952727619182137719e-02
1.015931744867609382e+03	2.769413575863880483e-01	1.794568137238415073e-01	2.366928503945530671e-01	1.420705003892929197e-01	6.846637358123700001e-02	2.677985203148300700e-02	6.959225229295172566e-02
1.017383075931706003e+03	2.766939710185556400e-01	1.792919493058355573e-01	2.368712356596857915e-01	1.421735369893137590e-01	6.850684343806938414e-02	2.680534650633359384e-02	6.965711708195349017e-02
1.018834406995802851e+03	2.764470409976597653e-01	1.791273297486301597e-01	2.370493127443089598e-01	1.422763867121464854e-01	6.854723535950207891e-02	2.683082370394341068e-02	6.972187073355635978e-02
1.020285738059899245e+03	2.762005664534512017e-01	1.789629548843577056e-01	2.372270821610751590e-01	1.423790499605818438e-01	6.858754961249421966e-02	2.685628350509797549e-02	6.978651342268911428e-02
1.021737069123995752e+03	2.759545463197618509e-01	1.787988245435890300e-01	2.374045444218434719e-01	1.424815271359024804e-01	6.862778646242692626e-02	2.688172579175334906e-02	6.985104532447011794e-02
1.023188400188092373e+03	2.757089795344805361e-01	1.786349385553502034e-01	2.375817000376800325e-01	1.425838186378960148e-01	6.866794617311478000e-02	2.690715044702772160e-02	6.991546661419792419e-02
1.024639731252188767e+03	2.754638650395290767e-01	1.784712967471386857e-01	2.377585495188589970e-01	1.426859248648679468e-01	6.870802900681731440e-02	2.693255735519304098e-02	6.997977746734215798e-02
1.026091062316285615e+03	2.752192017808382518e-01	1.783078989449397855e-01	2.379350933748632657e-01	1.427878462136543403e-01	6.874803522425039504e-02	2.695794640166672765e-02	7.004397805953439804e-02
1.027542393380382237e+03	2.749749887083242084e-01	1.781447449732427857e-01	2.381113321143853712e-01	1.428895830796346189e-01	6.878796508459739112e-02	2.698331747300340699e-02	7.010806856655935060e-02
1.028993724444478858e+03	2.747312247758648684e-01	1.779818346550569030e-01	2.382872662453282275e-01	1.429911358567438340e-01	6.882781884552045815e-02	2.700867045688671794e-02	7.017204916434610640e-02
1.030445055508575479e+03	2.744879089412765039e-01	1.778191678119272756e-01	2.384628962748059633e-01	1.430925049374849600e-01	6.886759676317154300e-02	2.703400524212117365e-02	7.023592002895964748e-02
1.031896386572671872e+03	2.742450401662905879e-01	1.776567442639507000e-01	2.386382227091447816e-01	1.431936907129410519e-01	6.890729909220344451e-02	2.705932171862406727e-02	7.029968133659234009e-02
1.033347717636768493e+03	2.740026174165308137e-01	1.774945638297913408e-01	2.388132460538837654e-01	1.432946935727871240e-01	6.894692608578069370e-02	2.708461977741743326e-02	7.036333326355574680e-02
1.034799048700865114e+03	2.737606396614901683e-01	1.773326263266960801e-01	2.389879668137756541e-01	1.433955139053021133e-01	6.898647799559036453e-02	2.710989931062007807e-02	7.042687598627248025e-02
1.036250379764961508e+03	2.735191058745082837e-01	1.771709315705100873e-01	2.391623854927877324e-01	1.434961520973801752e-01	6.902595507185282919e-02	2.713516021143962467e-02	7.049030968126822339e-02
1.037701710829058356e+03	2.732780150327487889e-01	1.770094793756919471e-01	2.393365025941025792e-01	1.435966085345426191e-01	6.906535756333244402e-02	2.716040237416466122e-02	7.055363452516391631e-02
1.039153041893154750e+03	2.730373661171769939e-01	1.768482695553289519e-01	2.395103186201190115e-01	1.436968836009488715e-01	6.910468571734806886e-02	2.718562569415689661e-02	7.061685069466805409e-02
1.040604372957251599e+03	2.727971581125378520e-01	1.766873019211519791e-01	2.396838340724529171e-01	1.437969776794079113e-01	6.914393977978360029e-02	2.721083006784338551e-02	7.067995836656915110e-02
1.042055704021347992e+03	2.725573900073336442e-01	1.765265762835505070e-01	2.398570494519379204e-01	1.438968911513892612e-01	6.918311999509835220e-02	2.723601539270882610e-02	7.074295771772831642e-02
1.043507035085444613e+03	2.723180607938020525e-01	1.763660924515872974e-01	2.400299652586264376e-01	1.439966243970338677e-01	6.922222660633738089e-02	2.726118156728786143e-02	7.080584892507196804e-02
1.044958366149541234e+03	2.720791694678946770e-01	1.762058502330130783e-01	2.402025819917903149e-01	1.440961777951648703e-01	6.926125985514172689e-02	2.728632849115746745e-02	7.086863216558465794e-02
1.046409697213637855e+03	2.718407150292554419e-01	1.760458494342811986e-01	2.403749001499218552e-01	1.441955517232982320e-01	6.930021998175860121e-02	2.731145606492938610e-02	7.093130761630207781e-02
1.047861028277734476e+03	2.716026964811988353e-01	1.758860898605618950e-01	2.405469202307345400e-01	1.442947465576533417e-01	6.933910722505144675e-02	2.733656419024260015e-02	7.099387545430416169e-02
1.049312359341831097e+03	2.713651128306888705e-01	1.757265713157566689e-01	2.407186427311639176e-01	1.443937626731632839e-01	6.937792182250995809e-02	2.736165276975586341e-02	7.105633585670828589e-02
1.050763690405927491e+03	2.711279630883179359e-01	1.755672936025124975e-01	2.408900681473684358e-01	1.444926004434850531e-01	6.941666401025994859e-02	2.738672170714028312e-02	7.111868900066264931e-02
1.052215021470024112e+03	2.708912462682859235e-01	1.754082565222358780e-01	2.410611969747303851e-01	1.445912602410096837e-01	6.945533402307330073e-02	2.741177090707193689e-02	7.118093506333970921e-02
1.053666352534120733e+03	2.706549613883791339e-01	1.752494598751068167e-01	2.412320297078566211e-01	1.446897424368722429e-01	6.949393209437765284e-02	2.743680027522456266e-02	7.124307422192981132e-02
1.055117683598217127e+03	2.704191074699497932e-01	1.750909034600925951e-01	2.414025668405794522e-01	1.447880474009617113e-01	6.953245845626611354e-02	2.746180971826226586e-02	7.130510665363484768e-02
1.056569014662313975e+03	2.701836835378956247e-01	1.749325870749616485e-01	2.415728088659575556e-01	1.448861755019305864e-01	6.957091333950690681e-02	2.748679914383232725e-02	7.136703253566215044e-02
1.058020345726410369e+03	2.699486886206391989e-01	1.747745105162970269e-01	2.417427562762767546e-01	1.449841271072045690e-01	6.960929697355286438e-02	2.751176846055798653e-02	7.142885204521834397e-02
1.059471676790506763e+03	2.697141217501078936e-01	1.746166735795100233e-01	2.419124095630509896e-01	1.450819025829920839e-01	6.964760958655094591e-02	2.753671757803132988e-02	7.149056535950346070e-02
1.060923007854603611e+03	2.694799819617136882e-01	1.744590760588535516e-01	2.420817692170230684e-01	1.451795022942935498e-01	6.968585140535162037e-02	2.756164640680621586e-02	7.155217265570502916e-02
1.062374338918700232e+03	2.692462682943332353e-01	1.743017177474354418e-01	2.422508357281655533e-01	1.452769266049106500e-01	6.972402265551816414e-02	2.758655485839122540e-02	7.161367411099238411e-02
1.063825669982796853e+03	2.690129797902882092e-01	1.741445984372315958e-01	2.424196095856817335e-01	1.453741758774554638e-01	6.976212356133591752e-02	2.761144284524267786e-02	7.167506990251104604e-02
1.065277001046893474e+03	2.687801154953253779e-01	1.739877179190990886e-01	2.425880912780062904e-01	1.454712504733594869e-01	6.980015434582148570e-02	2.763631028075769214e-02	7.173636020737718388e-02
1.066728332110990095e+03	2.685476744585971742e-01	1.738310759827891849e-01	2.427562812928063807e-01	1.455681507528825414e-01	6.983811523073181482e-02	2.766115707926729977e-02	7.179754520267211948e-02
1.068179663175086489e+03	2.683156557326425440e-01	1.736746724169600520e-01	2.429241801169823856e-01	1.456648770751215460e-01	6.987600643657324029e-02	2.768598315602957549e-02	7.185862506543713724e-02
1.069630994239183110e+03	2.680840583733673510e-01	1.735185070091897486e-01	2.430917882366687988e-01	1.457614297980191487e-01	6.991382818261043797e-02	2.771078842722285440e-02	7.191959997266815507e-02
1.071082325303279504e+03	2.678528814400253921e-01	1.733625795459886876e-01	2.432591061372351149e-01	1.458578092783723579e-01	6.995158068687534758e-02	2.773557280993896312e-02	7.198047010131064516e-02
1.072533656367376352e+03	2.676221239951994124e-01	1.732068898128123202e-01	2.434261343032867175e-01	1.459540158718409808e-01	6.998926416617595736e-02	2.776033622217650640e-02	7.204123562825462401e-02
1.073984987431472746e+03	2.673917851047823979e-01	1.730514375940734317e-01	2.435928732186657120e-01	1.460500499329560331e-01	7.002687883610510255e-02	2.778507858283421270e-02	7.210189673032967039e-02
1.075436318495569594e+03	2.671618638379585353e-01	1.728962226731546870e-01	2.437593233664518688e-01	1.461459118151279268e-01	7.006442491104911130e-02	2.780979981170430063e-02	7.216245358430009582e-02
1.076887649559666215e+03	2.669323592671850598e-01	1.727412448324208427e-01	2.439254852289634568e-01	1.462416018706546306e-01	7.010190260419647823e-02	2.783449982946590434e-02	7.222290636686022613e-02
1.078338980623762609e+03	2.667032704681733812e-01	1.725865038532306550e-01	2.440913592877581584e-01	1.463371204507298018e-01	7.013931212754635769e-02	2.785917855767853710e-02	7.228325525462973855e-02
1.079790311687859230e+03	2.664745965198710986e-01	1.724319995159492025e-01	2.442569460236338752e-01	1.464324679054506417e-01	7.017665369191711244e-02	2.788383591877561032e-02	7.234350042414905424e-02
1.081241642751955851e+03	2.662463365044436259e-01	1.722777315999598213e-01	2.444222459166297823e-01	1.465276445838257779e-01	7.021392750695469587e-02	2.790847183605798046e-02	7.240364205187489743e-02
1.082692973816052472e+03	2.660184895072562061e-01	1.721236998836757626e-01	2.445872594460270222e-01	1.466226508337830914e-01	7.025113378114100637e-02	2.793308623368754434e-02	7.246368031417588229e-02
1.084144304880149093e+03	2.657910546168560373e-01	1.719699041445521548e-01	2.447519870903496764e-01	1.467174870021772937e-01	7.028827272180222796e-02	2.795767903668089360e-02	7.252361538732819690e-02
1.085595635944245487e+03	2.655640309249542863e-01	1.718163441590975504e-01	2.449164293273656534e-01	1.468121534347975876e-01	7.032534453511697647e-02	2.798225017090298292e-02	7.258344744751135669e-02
1.087046967008342108e+03	2.653374175264085477e-01	1.716630197028854998e-01	2.450805866340876882e-01	1.469066504763750503e-01	7.036234942612458465e-02	2.800679956306086418e-02	7.264317667080412433e-02
1.088498298072438729e+03	2.651112135192053021e-01	1.715099305505660976e-01	2.452444594867739802e-01	1.470009784705900990e-01	7.039928759873309572e-02	2.803132714069745193e-02	7.270280323318036031e-02
1.089949629136535123e+03	2.648854180044422080e-01	1.713570764758772236e-01	2.454080483609293595e-01	1.470951377600797638e-01	7.043615925572734027e-02	2.805583283218533730e-02	7.276232731050510938e-02
1.091400960200631971e+03	2.646600300863113375e-01	1.712044572516559227e-01	2.455713537313059802e-01	1.471891286864448756e-01	7.047296459877691599e-02	2.808031656672064363e-02	7.282174907853061763e-02
1.092852291264728365e+03	2.644350488720814685e-01	1.710520726498495903e-01	2.457343760719043479e-01	1.472829515902572550e-01	7.050970382844412576e-02	2.810477827431690986e-02	7.288106871289258548e-02
1.094303622328825213e+03	2.642104734720812642e-01	1.708999224415270746e-01	2.458971158559740966e-01	1.473766068110666794e-01	7.054637714419177696e-02	2.812921788579902937e-02	7.294028638910630968e-02
1.095754953392921607e+03	2.639863029996822319e-01	1.707480063968896122e-01	2.460595735560149877e-01	1.474700946874078766e-01	7.058298474439105019e-02	2.815363533279723746e-02	7.299940228256310282e-02
1.097206284457018228e+03	2.637625365712821246e-01	1.705963242852818196e-01	2.462217496437778264e-01	1.475634155568074091e-01	7.061952682632918754e-02	2.817803054774111610e-02	7.305841656852660182e-02
1.098657615521114849e+03	2.635391733062877884e-01	1.704448758752024895e-01	2.463836445902652938e-01	1.476565697557904455e-01	7.065600358621715316e-02	2.820240346385366817e-02	7.311732942212929853e-02
1.100108946585211470e+03	2.633162123270988975e-01	1.702936609343153329e-01	2.465452588657327804e-01	1.477495576198874505e-01	7.069241521919729376e-02	2.822675401514538468e-02	7.317614101836898699e-02
1.101560277649308091e+03	2.630936527590914675e-01	1.701426792294595536e-01	2.467065929396895507e-01	1.478423794836407901e-01	7.072876191935087431e-02	2.825108213640841956e-02	7.323485153210544663e-02
1.103011608713404712e+03	2.628714937306013688e-01	1.699919305266605618e-01	2.468676472808993549e-01	1.479350356806114208e-01	7.076504387970558585e-02	2.827538776321074365e-02	7.329346113805706997e-02
1.104462939777501106e+03	2.626497343729081724e-01	1.698414145911403272e-01	2.470284223573814553e-01	1.480275265433851906e-01	7.080126129224295628e-02	2.829967083189037502e-02	7.335197001079761525e-02
1.105914270841597499e+03	2.624283738202190519e-01	1.696911311873277595e-01	2.471889186364115698e-01	1.481198524035792774e-01	7.083741434790578884e-02	2.832393127954962661e-02	7.341037832475301450e-02
1.107365601905694348e+03	2.622074112096525189e-01	1.695410800788691441e-01	2.473491365845227330e-01	1.482120135918486292e-01	7.087350323660544793e-02	2.834816904404941287e-02	7.346868625419820942e-02
1.108816932969790741e+03	2.619868456812227686e-01	1.693912610286382181e-01	2.475090766675062393e-01	1.483040104378920143e-01	7.090952814722917275e-02	2.837238406400357030e-02	7.352689397325409826e-02
1.110268264033887590e+03	2.617666763778237482e-01	1.692416737987463005e-01	2.476687393504125312e-01	1.483958432704583497e-01	7.094548926764725205e-02	2.839657627877325077e-02	7.358500165588456599e-02
1.111719595097984211e+03	2.615469024452136138e-01	1.690923181505524786e-01	2.478281250975520877e-01	1.484875124173527239e-01	7.098138678472021290e-02	2.842074562846131497e-02	7.364300947589348667e-02
1.113170926162080832e+03	2.613275230319990206e-01	1.689431938446734061e-01	2.479872343724963679e-01	1.485790182054424757e-01	7.101722088430591218e-02	2.844489205390679509e-02	7.370091760692190630e-02
1.114622257226177226e+03	2.611085372896195245e-01	1.687943006409933500e-01	2.481460676380787544e-01	1.486703609606631060e-01	7.105299175126660038e-02	2.846901549667937154e-02	7.375872622244514232e-02
1.116073588290273847e+03	2.608899443723325939e-01	1.686456382986737668e-01	2.483046253563953587e-01	1.487615410080241340e-01	7.108869956947591606e-02	2.849311589907390849e-02	7.381643549577006358e-02
1.117524919354370468e+03	2.606717434371980113e-01	1.684972065761632665e-01	2.484629079888061032e-01	1.488525586716150650e-01	7.112434452182582467e-02	2.851719320410501385e-02	7.387404560003241194e-02
1.118976250418467089e+03	2.604539336440628849e-01	1.683490052312071328e-01	2.486209159959354431e-01	1.489434142746109691e-01	7.115992679023352974e-02	2.854124735550163383e-02	7.393155670819408221e-02
1.120427581482563710e+03	2.602365141555465500e-01	1.682010340208568433e-01	2.487786498376733935e-01	1.490341081392782818e-01	7.119544655564831459e-02	2.856527829770170307e-02	7.398896899304056862e-02
1.121878912546660331e+03	2.600194841370255805e-01	1.680532927014796174e-01	2.489361099731765559e-01	1.491246405869803282e-01	7.123090399805830086e-02	2.858928597584680167e-02	7.404628262717846687e-02
1.123330243610756725e+03	2.598028427566191345e-01	1.679057810287677699e-01	2.490932968608687292e-01	1.492150119381829843e-01	7.126629929649717921e-02	2.861327033577687473e-02	7.410349778303293444e-02
1.124781574674853118e+03	2.595865891851740215e-01	1.677584987577481479e-01	2.492502109584421865e-01	1.493052225124600896e-01	7.130163262905096777e-02	2.863723132402497956e-02	7.416061463284526201e-02
1.126232905738949967e+03	2.593707225962501028e-01	1.676114456427911514e-01	2.494068527228582854e-01	1.493952726284989430e-01	7.133690417286457641e-02	2.866116888781205727e-02	7.421763334867051420e-02
1.127684236803046360e+03	2.591552421661058592e-01	1.674646214376201148e-01	2.495632226103486340e-01	1.494851626041056036e-01	7.137211410414837087e-02	2.868508297504177018e-02	7.427455410237521205e-02
1.129135567867143209e+03	2.589401470736839017e-01	1.673180258953203547e-01	2.497193210764158400e-01	1.495748927562102482e-01	7.140726259818479249e-02	2.870897353429533935e-02	7.433137706563504310e-02
1.130586898931239830e+03	2.587254365005965950e-01	1.671716587683481081e-01	2.498751485758345381e-01	1.496644634008723884e-01	7.144234982933478362e-02	2.873284051482643750e-02	7.438810240993262712e-02
1.132038229995336451e+03	2.585111096311119017e-01	1.670255198085394965e-01	2.500307055626522779e-01	1.497538748532860620e-01	7.147737597104422691e-02	2.875668386655611669e-02	7.444473030655533730e-02
1.133489561059432845e+03	2.582971656521391712e-01	1.668796087671194361e-01	2.501859924901904120e-01	1.498431274277849667e-01	7.151234119585031523e-02	2.878050354006775682e-02	7.450126092659323240e-02
1.134940892123529466e+03	2.580836037532153182e-01	1.667339253947103528e-01	2.503410098110451232e-01	1.499322214378475682e-01	7.154724567538794933e-02	2.880429948660207309e-02	7.455769444093687803e-02
1.136392223187626087e+03	2.578704231264905000e-01	1.665884694413410361e-01	2.504957579770881737e-01	1.500211571961020118e-01	7.158208958039598280e-02	2.882807165805213734e-02	7.461403102027538981e-02
1.137843554251722708e+03	2.576576229667145723e-01	1.664432406564551881e-01	2.506502374394680155e-01	1.501099350143311750e-01	7.161687308072343938e-02	2.885182000695843407e-02	7.467027083509439334e-02
1.139294885315819101e+03	2.574452024712232112e-01	1.662982387889199165e-01	2.508044486486106228e-01	1.501985552034775795e-01	7.165159634533574406e-02	2.887554448650396857e-02	7.472641405567410910e-02
1.140746216379915950e+03	2.572331608399244240e-01	1.661534635870344501e-01	2.509583920542204361e-01	1.502870180736481098e-01	7.168625954232087094e-02	2.889924505050938536e-02	7.478246085208745120e-02
1.142197547444012343e+03	2.570214972752847826e-01	1.660089147985383817e-01	2.511120681052813053e-01	1.503753239341189263e-01	7.172086283889544944e-02	2.892292165342813526e-02	7.483841139419815380e-02
1.143648878508108737e+03	2.568102109823159895e-01	1.658645921706201065e-01	2.512654772500573230e-01	1.504634730933402387e-01	7.175540640141078730e-02	2.894657425034167023e-02	7.489426585165899486e-02
1.145100209572205586e+03	2.565993011685616110e-01	1.657204954499251204e-01	2.514186199360939344e-01	1.505514658589408306e-01	7.178989039535889349e-02	2.897020279695468672e-02	7.495002439390999194e-02
1.146551540636302207e+03	2.563887670440837541e-01	1.655766243825642081e-01	2.515714966102187145e-01	1.506393025377328609e-01	7.182431498537844572e-02	2.899380724959036565e-02	7.500568719017665364e-02
1.148002871700398828e+03	2.561786078214497997e-01	1.654329787141216312e-01	2.517241077185423670e-01	1.507269834357163329e-01	7.185868033526073007e-02	2.901738756518568857e-02	7.506125440946832816e-02
1.149454202764495449e+03	2.559688227157195239e-01	1.652895581896631216e-01	2.518764537064597242e-01	1.508145088580837290e-01	7.189298660795545581e-02	2.904094370128674357e-02	7.511672622057657955e-02
1.150905533828591842e+03	2.557594109444317199e-01	1.651463625537440416e-01	2.520285350186504125e-01	1.509018791092243961e-01	7.192723396557665350e-02	2.906447561604410743e-02	7.517210279207349466e-02
1.152356864892688463e+03	2.555503717275915965e-01	1.650033915504172111e-01	2.521803520990801295e-01	1.509890944927291256e-01	7.196142256940839255e-02	2.908798326820821734e-02	7.522738429231018431e-02
1.153808195956785084e+03	2.553417042876577892e-01	1.648606449232408178e-01	2.523319053910012544e-01	1.510761553113943167e-01	7.199555257991060997e-02	2.911146661712481556e-02	7.528257088941521513e-02
1.155259527020881706e+03	2.551334078495295921e-01	1.647181224152862999e-01	2.524831953369540138e-01	1.511630618672265003e-01	7.202962415672471697e-02	2.913492562273039058e-02	7.533766275129312462e-02
1.156710858084978327e+03	2.549254816405345792e-01	1.645758237691459791e-01	2.526342223787674257e-01	1.512498144614466133e-01	7.206363745867928883e-02	2.915836024554765635e-02	7.539266004562297785e-02
1.158162189149074720e+03	2.547179248904156146e-01	1.644337487269408316e-01	2.527849869575601316e-01	1.513364133944942180e-01	7.209759264379571320e-02	2.918177044668109760e-02	7.544756293985691031e-02
1.159613520213171569e+03	2.545107368313185847e-01	1.642918970303280657e-01	2.529354895137411741e-01	1.514228589660316648e-01	7.213148986929369955e-02	2.920515618781249420e-02	7.550237160121878177e-02
1.161064851277267962e+03	2.543039166977800192e-01	1.641502684205087270e-01	2.530857304870112179e-01	1.515091514749483115e-01	7.216532929159685805e-02	2.922851743119650805e-02	7.555708619670278847e-02
1.162516182341364356e+03	2.540974637267147673e-01	1.640088626382350812e-01	2.532357103163633272e-01	1.515952912193645752e-01	7.219911106633813969e-02	2.925185413965629769e-02	7.561170689307214476e-02
1.163967513405461204e+03	2.538913771574036193e-01	1.638676794238181633e-01	2.533854294400840201e-01	1.516812784966360406e-01	7.223283534836534570e-02	2.927516627657915371e-02	7.566623385685782022e-02
1.165418844469557826e+03	2.536856562314814267e-01	1.637267185171350781e-01	2.535348882957541572e-01	1.517671136033575396e-01	7.226650229174647055e-02	2.929845380591217588e-02	7.572066725435730450e-02
1.166870175533654447e+03	2.534803001929247790e-01	1.635859796576362990e-01	2.536840873202497182e-01	1.518527968353670377e-01	7.230011204977507266e-02	2.932171669215796750e-02	7.577500725163333062e-02
1.168321506597751068e+03	2.532753082880400131e-01	1.634454625843529130e-01	2.538330269497429126e-01	1.519383284877496298e-01	7.233366477497565894e-02	2.934495490037037149e-02	7.582925401451275083e-02
1.169772837661847461e+03	2.530706797654515006e-01	1.633051670359038365e-01	2.539817076197030121e-01	1.520237088548413440e-01	7.236716061910888897e-02	2.936816839615023073e-02	7.588340770858535700e-02
1.171224168725944082e+03	2.528664138760897129e-01	1.631650927505028659e-01	2.541301297648974611e-01	1.521089382302332482e-01	7.240059973317687636e-02	2.939135714564117263e-02	7.593746849920272879e-02
1.172675499790040703e+03	2.526625098731795638e-01	1.630252394659658099e-01	2.542782938193926534e-01	1.521940169067749482e-01	7.243398226742836510e-02	2.941452111552543547e-02	7.599143655147719278e-02
1.174126830854137097e+03	2.524589670122286411e-01	1.628856069197173739e-01	2.544262002165549874e-01	1.522789451765785840e-01	7.246730837136389214e-02	2.943766027301971538e-02	7.604531203028069841e-02
1.175578161918233945e+03	2.522557845510157160e-01	1.627461948487982923e-01	2.545738493890515319e-01	1.523637233310225214e-01	7.250057819374092216e-02	2.946077458587103431e-02	7.609909510024384649e-02
1.177029492982330339e+03	2.520529617495790298e-01	1.626070029898719627e-01	2.547212417688513586e-01	1.524483516607550437e-01	7.253379188257895460e-02	2.948386402235265991e-02	7.615278592575487615e-02
1.178480824046426733e+03	2.518504978702050257e-01	1.624680310792314675e-01	2.548683777872261524e-01	1.525328304556979597e-01	7.256694958516454741e-02	2.950692855126003239e-02	7.620638467095861013e-02
1.179932155110523581e+03	2.516483921774171906e-01	1.623292788528061803e-01	2.550152578747513776e-01	1.526171600050502952e-01	7.260005144805635469e-02	2.952996814190672614e-02	7.625989149975559434e-02
1.181383486174620202e+03	2.514466439379644536e-01	1.621907460461686767e-01	2.551618824613070546e-01	1.527013405972918736e-01	7.263309761709006718e-02	2.955298276412044248e-02	7.631330657580116805e-02
1.182834817238716823e+03	2.512452524208099724e-01	1.620524323945410905e-01	2.553082519760788704e-01	1.527853725201868962e-01	7.266608823738336664e-02	2.957597238823902672e-02	7.636663006250449248e-02
1.184286148302813444e+03	2.510442168971203092e-01	1.619143376328019690e-01	2.554543668475588447e-01	1.528692560607874118e-01	7.269902345334085247e-02	2.959893698510651650e-02	7.641986212302778747e-02
1.185737479366910065e+03	2.508435366402542721e-01	1.617764614954926849e-01	2.556002275035465510e-01	1.529529915054367306e-01	7.273190340865887116e-02	2.962187652606922128e-02	7.647300292028541557e-02
1.187188810431006686e+03	2.506432109257516472e-01	1.616388037168239034e-01	2.557458343711498938e-01	1.530365791397730046e-01	7.276472824633034575e-02	2.964479098297181231e-02	7.652605261694306327e-02
1.188640141495103080e+03	2.504432390313227619e-01	1.615013640306820208e-01	2.558911878767861636e-01	1.531200192487325862e-01	7.279749810864959148e-02	2.966768032815345416e-02	7.657901137541704706e-02
1.190091472559199701e+03	2.502436202368373830e-01	1.613641421706355772e-01	2.560362884461828137e-01	1.532033121165533862e-01	7.283021313721707579e-02	2.969054453444396405e-02	7.663187935787341143e-02
1.191542803623296322e+03	2.500443538243139474e-01	1.612271378699415281e-01	2.561811365043785704e-01	1.532864580267781773e-01	7.286287347294406747e-02	2.971338357515999895e-02	7.668465672622726270e-02
1.192994134687392716e+03	2.498454390779090428e-01	1.610903508615515178e-01	2.563257324757242661e-01	1.533694572622580077e-01	7.289547925605745216e-02	2.973619742410124958e-02	7.673734364214206127e-02
1.194445465751489564e+03	2.496468752839066108e-01	1.609537808781180135e-01	2.564700767838837270e-01	1.534523101051553651e-01	7.292803062610422882e-02	2.975898605554668647e-02	7.678994026702888609e-02
1.195896796815585958e+03	2.494486617307075660e-01	1.608174276520005497e-01	2.566141698518349945e-01	1.535350168369475909e-01	7.296052772195625591e-02	2.978174944425081988e-02	7.684244676204576852e-02
1.197348127879682352e+03	2.492507977088192217e-01	1.606812909152717794e-01	2.567580121018708250e-01	1.536175777384298224e-01	7.299297068181477555e-02	2.980448756543999794e-02	7.689486328809708171e-02
1.198799458943779200e+03	2.490532825108449366e-01	1.605453703997235804e-01	2.569016039556000219e-01	1.536999930897183786e-01	7.302535964321493767e-02	2.982720039480869431e-02	7.694719000583288837e-02
1.200250790007875821e+03	2.488561154314737900e-01	1.604096658368729944e-01	2.570449458339482685e-01	1.537822631702538967e-01	7.305769474303037969e-02	2.984988790851587220e-02	7.699942707564828848e-02
1.201702121071972442e+03	2.486592957674702842e-01	1.602741769579680842e-01	2.571880381571587937e-01	1.538643882588043577e-01	7.308997611747763967e-02	2.987255008318134147e-02	7.705157465768291969e-02
1.203153452136069063e+03	2.484628228176641862e-01	1.601389034939940392e-01	2.573308813447937604e-01	1.539463686334682224e-01	7.312220390212063881e-02	2.989518689588215039e-02	7.710363291182036061e-02
1.204604783200165684e+03	2.482666958829403969e-01	1.600038451756788105e-01	2.574734758157349312e-01	1.540282045716775405e-01	7.315437823187508071e-02	2.991779832414899823e-02	7.715560199768753402e-02
1.206056114264262078e+03	2.480709142662288480e-01	1.598690017334989943e-01	2.576158219881846678e-01	1.541098963502009200e-01	7.318649924101285065e-02	2.994038434596267909e-02	7.720748207465430446e-02
1.207507445328358699e+03	2.478754772724946487e-01	1.597343728976855781e-01	2.577579202796668190e-01	1.541914442451464695e-01	7.321856706316635932e-02	2.996294493975054998e-02	7.725927330183285369e-02
1.208958776392455093e+03	2.476803842087279828e-01	1.595999583982295744e-01	2.578997711070276644e-01	1.542728485319648790e-01	7.325058183133281720e-02	2.998548008438301285e-02	7.731097583807727824e-02
1.210410107456551941e+03	2.474856343839343942e-01	1.594657579648877110e-01	2.580413748864370804e-01	1.543541094854523066e-01	7.328254367787857826e-02	3.000798975917004854e-02	7.736258984198306210e-02
1.211861438520648335e+03	2.472912271091249337e-01	1.593317713271880098e-01	2.581827320333890952e-01	1.544352273797532926e-01	7.331445273454334499e-02	3.003047394385773006e-02	7.741411547188671582e-02
1.213312769584745183e+03	2.470971616973063889e-01	1.591979982144353101e-01	2.583238429627031651e-01	1.545162024883636742e-01	7.334630913244442885e-02	3.005293261862481552e-02	7.746555288586527699e-02
1.214764100648841804e+03	2.469034374634717366e-01	1.590644383557167640e-01	2.584647080885249526e-01	1.545970350841334440e-01	7.337811300208091358e-02	3.007536576407931345e-02	7.751690224173592159e-02
1.216215431712937971e+03	2.467100537245904834e-01	1.589310914799073049e-01	2.586053278243271580e-01	1.546777254392694978e-01	7.340986447333781861e-02	3.009777336125510350e-02	7.756816369705560321e-02
1.217666762777034819e+03	2.465170097995990628e-01	1.587979573156751145e-01	2.587457025829107971e-01	1.547582738253385493e-01	7.344156367549022069e-02	3.012015539160857805e-02	7.761933740912067836e-02
1.219118093841131440e+03	2.463243050093914532e-01	1.586650355914867305e-01	2.588858327764058109e-01	1.548386805132698496e-01	7.347321073720733398e-02	3.014251183701529765e-02	7.767042353496650398e-02
1.220569424905228061e+03	2.461319386768097695e-01	1.585323260356126251e-01	2.590257188162721214e-01	1.549189457733579356e-01	7.350480578655665953e-02	3.016484267976667077e-02	7.772142223136711825e-02
1.222020755969324682e+03	2.459399101266348808e-01	1.583998283761323678e-01	2.591653611133006851e-01	1.549990698752654328e-01	7.353634895100788493e-02	3.018714790256666475e-02	7.777233365483497696e-02
1.223472087033421303e+03	2.457482186855771411e-01	1.582675423409397597e-01	2.593047600776141604e-01	1.550790530880256646e-01	7.356784035743701988e-02	3.020942748852852716e-02	7.782315796162056487e-02
1.224923418097517697e+03	2.455568636822671735e-01	1.581354676577480523e-01	2.594439161186681830e-01	1.551588956800453722e-01	7.359928013213028197e-02	3.023168142117155580e-02	7.787389530771217372e-02
1.226374749161614318e+03	2.453658444472466560e-01	1.580036040540951647e-01	2.595828296452520334e-01	1.552385979191073517e-01	7.363066840078810738e-02	3.025390968441785469e-02	7.792454584883561075e-02
1.227826080225710712e+03	2.451751603129592727e-01	1.578719512573485695e-01	2.597215010654897460e-01	1.553181600723730627e-01	7.366200528852902274e-02	3.027611226258914573e-02	7.797510974045389343e-02
1.229277411289807560e+03	2.449848106137416937e-01	1.577405089947105099e-01	2.598599307868408870e-01	1.553975824063853484e-01	7.369329091989357261e-02	3.029828914040358367e-02	7.802558713776708288e-02
1.230728742353903954e+03	2.447947946858145263e-01	1.576092769932229132e-01	2.599981192161016641e-01	1.554768651870708229e-01	7.372452541884813582e-02	3.032044030297260245e-02	7.807597819571199249e-02
1.232180073418000802e+03	2.446051118672734059e-01	1.574782549797722753e-01	2.601360667594057041e-01	1.555560086797426744e-01	7.375570890878876962e-02	3.034256573579777530e-02	7.812628306896203523e-02
1.233631404482097196e+03	2.444157614980801974e-01	1.573474426810945737e-01	2.602737738222251074e-01	1.556350131491029964e-01	7.378684151254505386e-02	3.036466542476771308e-02	7.817650191192695996e-02
1.235082735546193817e+03	2.442267429200541129e-01	1.572168398237802633e-01	2.604112408093713360e-01	1.557138788592452860e-01	7.381792335238382408e-02	3.038673935615495911e-02	7.822663487875275434e-02
1.236534066610290438e+03	2.440380554768629140e-01	1.570864461342789675e-01	2.605484681249961021e-01	1.557926060736571361e-01	7.384895455001293241e-02	3.040878751661293261e-02	7.827668212332138109e-02
1.237985397674387059e+03	2.438496985140144180e-01	1.569562613389042516e-01	2.606854561725926445e-01	1.558711950552225667e-01	7.387993522658496681e-02	3.043080989317287210e-02	7.832664379925068088e-02
1.239436728738483680e+03	2.436616713788476996e-01	1.568262851638383415e-01	2.608222053549959507e-01	1.559496460662244399e-01	7.391086550270091482e-02	3.045280647324082393e-02	7.837652005989419191e-02
1.240888059802580301e+03	2.434739734205244865e-01	1.566965173351368701e-01	2.609587160743843670e-01	1.560279593683469301e-01	7.394174549841389665e-02	3.047477724459462037e-02	7.842631105834106664e-02
1.242339390866676695e+03	2.432866039900207777e-01	1.565669575787335122e-01	2.610949887322803753e-01	1.561061352226779941e-01	7.397257533323273182e-02	3.049672219538090978e-02	7.847601694741591916e-02
1.243790721930773088e+03	2.430995624401181832e-01	1.564376056204445642e-01	2.612310237295512039e-01	1.561841738897116472e-01	7.400335512612561673e-02	3.051864131411219025e-02	7.852563787967870024e-02
1.245242052994869937e+03	2.429128481253957361e-01	1.563084611859735240e-01	2.613668214664102707e-01	1.562620756293503221e-01	7.403408499552360800e-02	3.054053458966386747e-02	7.857517400742468350e-02
1.246693384058966330e+03	2.427264604022214001e-01	1.561795240009155594e-01	2.615023823424176830e-01	1.563398407009073676e-01	7.406476505932432786e-02	3.056240201127133696e-02	7.862462548268431273e-02
1.248144715123063179e+03	2.425403986287437974e-01	1.560507937907620324e-01	2.616377067564813474e-01	1.564174693631091295e-01	7.409539543489536417e-02	3.058424356852709400e-02	7.867399245722313250e-02
1.249596046187159800e+03	2.423546621648839661e-01	1.559222702809050787e-01	2.617727951068580250e-01	1.564949618740974491e-01	7.412597623907783706e-02	3.060605925137782624e-02	7.872327508254180206e-02
1.251047377251256421e+03	2.421692503723270329e-01	1.557939531966417157e-01	2.619076477911539413e-01	1.565723184914318555e-01	7.415650758818985444e-02	3.062784905012158262e-02	7.877247350987598429e-02
1.252498708315352815e+03	2.419841626145143865e-01	1.556658422631783945e-01	2.620422652063260083e-01	1.566495394720918699e-01	7.418698959803000925e-02	3.064961295540492847e-02	7.882158789019633183e-02
1.253950039379449436e+03	2.417993982566352673e-01	1.555379372056353571e-01	2.621766477486827118e-01	1.567266250724791976e-01	7.421742238388075175e-02	3.067135095822012131e-02	7.887061837420844546e-02
1.255401370443546057e+03	2.416149566656189407e-01	1.554102377490508835e-01	2.623107958138850004e-01	1.568035755484199489e-01	7.424780606051184506e-02	3.069306304990232145e-02	7.891956511235292959e-02
1.256852701507642678e+03	2.414308372101265643e-01	1.552827436183853993e-01	2.624447097969472287e-01	1.568803911551669150e-01	7.427814074218370977e-02	3.071474922212680259e-02	7.896842825480529515e-02
1.258304032571739299e+03	2.412470392605433056e-01	1.551554545385259165e-01	2.625783900922379899e-01	1.569570721474016772e-01	7.430842654265079616e-02	3.073640946690620046e-02	7.901720795147605669e-02
1.259755363635835920e+03	2.410635621889705149e-01	1.550283702342900027e-01	2.627118370934811153e-01	1.570336187792368554e-01	7.433866357516490109e-02	3.075804377658777206e-02	7.906590435201069078e-02
1.261206694699932314e+03	2.408804053692178981e-01	1.549014904304300555e-01	2.628450511937567846e-01	1.571100313042181895e-01	7.436885195247848468e-02	3.077965214385067899e-02	7.911451760578967762e-02
1.262658025764028707e+03	2.406975681767956621e-01	1.547748148516374100e-01	2.629780327855022470e-01	1.571863099753266491e-01	7.439899178684794556e-02	3.080123456170327442e-02	7.916304786192858434e-02
1.264109356828125556e+03	2.405150499889067983e-01	1.546483432225462251e-01	2.631107822605126545e-01	1.572624550449806535e-01	7.442908319003686823e-02	3.082279102348044544e-02	7.921149526927803719e-02
1.265560687892221949e+03	2.403328501844394505e-01	1.545220752677376741e-01	2.632433000099423381e-01	1.573384667650381263e-01	7.445912627331928435e-02	3.084432152284093120e-02	7.925985997642386038e-02
1.267012018956318798e+03	2.401509681439591981e-01	1.543960107117438307e-01	2.633755864243054745e-01	1.574143453867984932e-01	7.448912114748283686e-02	3.086582605376467919e-02	7.930814213168708993e-02
1.268463350020415419e+03	2.399694032497016183e-01	1.542701492790517492e-01	2.635076418934770293e-01	1.574900911610048193e-01	7.451906792283201353e-02	3.088730461055023274e-02	7.935634188312405690e-02
1.269914681084511813e+03	2.397881548855646250e-01	1.541444906941072113e-01	2.636394668066938674e-01	1.575657043378458910e-01	7.454896670919126944e-02	3.090875718781212200e-02	7.940445937852651237e-02
1.271366012148608434e+03	2.396072224371010584e-01	1.540190346813187228e-01	2.637710615525554192e-01	1.576411851669581310e-01	7.457881761590820502e-02	3.093018378047827227e-02	7.945249476542165512e-02
1.272817343212705055e+03	2.394266052915111909e-01	1.538937809650613164e-01	2.639024265190247909e-01	1.577165338974277631e-01	7.460862075185666076e-02	3.095158438378743312e-02	7.950044819107231209e-02
1.274268674276801676e+03	2.392463028376353718e-01	1.537687292696803543e-01	2.640335620934295968e-01	1.577917507777926720e-01	7.463837622543981198e-02	3.097295899328663185e-02	7.954831980247696610e-02
1.275720005340898297e+03	2.390663144659466721e-01	1.536438793194953578e-01	2.641644686624631255e-01	1.578668360560444850e-01	7.466808414459322196e-02	3.099430760482864075e-02	7.959610974636993630e-02
1.277171336404994690e+03	2.388866395685436128e-01	1.535192308388036442e-01	2.642951466121847282e-01	1.579417899796304869e-01	7.469774461678792277e-02	3.101563021456947220e-02	7.964381816922151691e-02
1.278622667469091539e+03	2.387072775391429202e-01	1.533947835518841285e-01	2.644255963280214283e-01	1.580166127954555078e-01	7.472735774903342676e-02	3.103692681896585981e-02	7.969144521723803276e-02
1.280073998533187932e+03	2.385282277730722822e-01	1.532705371830009600e-01	2.645558181947683662e-01	1.580913047498840318e-01	7.475692364788071032e-02	3.105819741477279169e-02	7.973899103636204744e-02
1.281525329597284326e+03	2.383494896672632424e-01	1.531464914564071855e-01	2.646858125965899089e-01	1.581658660887419743e-01	7.478644241942525306e-02	3.107944199904106100e-02	7.978645577227254371e-02
1.282976660661381175e+03	2.381710626202440118e-01	1.530226460963482471e-01	2.648155799170204827e-01	1.582402970573186241e-01	7.481591416930992444e-02	3.110066056911480262e-02	7.983383957038500678e-02
1.284427991725477568e+03	2.379929460321325296e-01	1.528990008270657286e-01	2.649451205389655173e-01	1.583145979003685588e-01	7.484533900272799523e-02	3.112185312262907844e-02	7.988114257585160471e-02
1.285879322789574417e+03	2.378151393046293305e-01	1.527755553728007143e-01	2.650744348447026111e-01	1.583887688621134771e-01	7.487471702442596855e-02	3.114301965750746262e-02	7.992836493356141048e-02
1.287330653853671038e+03	2.376376418410106606e-01	1.526523094577973971e-01	2.652035232158820866e-01	1.584628101862440852e-01	7.490404833870654977e-02	3.116416017195965810e-02	7.997550678814054070e-02
1.288781984917767431e+03	2.374604530461214280e-01	1.525292628063066314e-01	2.653323860335279338e-01	1.585367221159219575e-01	7.493333304943150530e-02	3.118527466447910956e-02	8.002256828395235000e-02
1.290233315981864052e+03	2.372835723263684304e-01	1.524064151425891800e-01	2.654610236780390875e-01	1.586105048937813400e-01	7.496257126002452142e-02	3.120636313384065816e-02	8.006954956509761134e-02
