1.001418434226643626e+03	2.794130663924215829e-01	1.811399223279112347e-01	2.349080873249490553e-01	1.410413912286458959e-01	6.808392051408458656e-02	2.654009743915398609e-02	6.887351477257983023e-02
1.003837319333471214e+03	2.789926937837829968e-01	1.808617495030521716e-01	2.352106750753378550e-01	1.412162295632212738e-01	6.815293615971199093e-02	2.658321304996218507e-02	6.898250286467765002e-02
1.006256204440298802e+03	2.785736200894498582e-01	1.805842587565265611e-01	2.355123936474035340e-01	1.413905300344069360e-01	6.822173371099851669e-02	2.662628444292190408e-02	6.909117931803880619e-02
1.008675089547126618e+03	2.781558402354082360e-01	1.803074493293849168e-01	2.358132454372630638e-01	1.415642945846146972e-01	6.829031446389180471e-02	2.666931097712888291e-02	6.919954497205459132e-02
1.011093974653954206e+03	2.777393491790620117e-01	1.800313204510632370e-01	2.361132328349640208e-01	1.417375251453546758e-01	6.835867969969752767e-02	2.671229202211228629e-02	6.930760066749247494e-02
1.013512859760782021e+03	2.773241419089365056e-01	1.797558713395795982e-01	2.364123582244939958e-01	1.419102236373721848e-01	6.842683068528576662e-02	2.675522695770437762e-02	6.941534724637377085e-02
1.015931744867609382e+03	2.769102134443847119e-01	1.794811012017285823e-01	2.367106239837899473e-01	1.420823919707817073e-01	6.849476867329452878e-02	2.679811517391170878e-02	6.952278555185503750e-02
1.018350629974437197e+03	2.764975588352973634e-01	1.792070092332729569e-01	2.370080324847473885e-01	1.422540320451981810e-01	6.856249490232999011e-02	2.684095607078783655e-02	6.962991642811253157e-02
1.020769515081264785e+03	2.760861731618160508e-01	1.789335946191330518e-01	2.373045860932301021e-01	1.424251457498655060e-01	6.863001059716385133e-02	2.688374905830754474e-02	6.973674072023014481e-02
1.023188400188092373e+03	2.756760515340497819e-01	1.786608565335737198e-01	2.376002871690795215e-01	1.425957349637826110e-01	6.869731696892759920e-02	2.692649355624253393e-02	6.984325927409047730e-02
1.025607285294920075e+03	2.752671890917948727e-01	1.783887941403886901e-01	2.378951380661243342e-01	1.427658015558266880e-01	6.876441521530399226e-02	2.696918899403858219e-02	6.994947293626906093e-02
1.028026170401747549e+03	2.748595810042578913e-01	1.781174065930827000e-01	2.381891411321902241e-01	1.429353473848742062e-01	6.883130652071547950e-02	2.701183481069416303e-02	7.005538255393159441e-02
1.030445055508575479e+03	2.744532224697817657e-01	1.778466930350512398e-01	2.384822987091094193e-01	1.431043742999192070e-01	6.889799205650999625e-02	2.705443045464048235e-02	7.016098897473416196e-02
1.032863940615402726e+03	2.740481087155752227e-01	1.775766525997581335e-01	2.387746131327305177e-01	1.432728841401893216e-01	6.896447298114380398e-02	2.709697538362295516e-02	7.026629304672635246e-02
1.035282825722230655e+03	2.736442349974451127e-01	1.773072844109105095e-01	2.390660867329283124e-01	1.434408787352594583e-01	6.903075044036167951e-02	2.713946906458405625e-02	7.037129561825716806e-02
1.037701710829058356e+03	2.732415965995319551e-01	1.770385875826318289e-01	2.393567218336136171e-01	1.436083599051632131e-01	6.909682556737438419e-02	2.718191097354758640e-02	7.047599753788374999e-02
1.040120595935886058e+03	2.728401888340481474e-01	1.767705612196324716e-01	2.396465207527432306e-01	1.437753294605020049e-01	6.916269948303348236e-02	2.722430059550427772e-02	7.058039965428269946e-02
1.042539481042713533e+03	2.724400070410197827e-01	1.765032044173782677e-01	2.399354858023298454e-01	1.439417892025520174e-01	6.922837329600355083e-02	2.726663742429879730e-02	7.068450281616409092e-02
1.044958366149541234e+03	2.720410465880306883e-01	1.762365162622566428e-01	2.402236192884521226e-01	1.441077409233691153e-01	6.929384810293179320e-02	2.730892096251804138e-02	7.078830787218794163e-02
1.047377251256368709e+03	2.716433028699700158e-01	1.759704958317409307e-01	2.405109235112647403e-01	1.442731864058914848e-01	6.935912498861512843e-02	2.735115072138079653e-02	7.089181567088324865e-02
1.049796136363196410e+03	2.712467713087822196e-01	1.757051421945522440e-01	2.407974007650084958e-01	1.444381274240404411e-01	6.942420502616482303e-02	2.739332622062868802e-02	7.099502706056939894e-02
1.052215021470024112e+03	2.708514473532201983e-01	1.754404544108194575e-01	2.410830533380204921e-01	1.446025657428191280e-01	6.948908927716866690e-02	2.743544698841844307e-02	7.109794288927993866e-02
1.054633906576851814e+03	2.704573264786009346e-01	1.751764315322369148e-01	2.413678835127442968e-01	1.447665031184093287e-01	6.955377879185067891e-02	2.747751256121540309e-02	7.120056400468868785e-02
1.057052791683679516e+03	2.700644041865642997e-01	1.749130726022204430e-01	2.416518935657403222e-01	1.449299412982663626e-01	6.961827460922855038e-02	2.751952248368834397e-02	7.130289125403797834e-02
1.059471676790506763e+03	2.696726760048339666e-01	1.746503766560608684e-01	2.419350857676959565e-01	1.450928820212121495e-01	6.968257775726859060e-02	2.756147630860552103e-02	7.140492548406920936e-02
1.061890561897334692e+03	2.692821374869818762e-01	1.743883427210759784e-01	2.422174623834360274e-01	1.452553270175264144e-01	6.974668925303856293e-02	2.760337359673195948e-02	7.150666754095549860e-02
1.064309447004162394e+03	2.688927842121943690e-01	1.741269698167602076e-01	2.424990256719332105e-01	1.454172780090361439e-01	6.981061010285809221e-02	2.764521391672798006e-02	7.160811827023627618e-02
1.066728332110990095e+03	2.685046117850419800e-01	1.738662569549325465e-01	2.427797778863183265e-01	1.455787367092034323e-01	6.987434130244694896e-02	2.768699684504891470e-02	7.170927851675411302e-02
1.069147217217817570e+03	2.681176158352511218e-01	1.736062031398824257e-01	2.430597212738908885e-01	1.457397048232114412e-01	6.993788383707111311e-02	2.772872196584604335e-02	7.181014912459328381e-02
1.071566102324645271e+03	2.677317920174783761e-01	1.733468073685137112e-01	2.433388580761296771e-01	1.459001840480487755e-01	7.000123868168663110e-02	2.777038887086868621e-02	7.191073093702049501e-02
1.073984987431472746e+03	2.673471360110876160e-01	1.730880686304869520e-01	2.436171905287032313e-01	1.460601760725924181e-01	7.006440680108143304e-02	2.781199715936749639e-02	7.201102479642723653e-02
1.076403872538300675e+03	2.669636435199295721e-01	1.728299859083595735e-01	2.438947208614803686e-01	1.462196825776888309e-01	7.012738915001501261e-02	2.785354643799888702e-02	7.211103154427411788e-02
1.078822757645127922e+03	2.665813102721237837e-01	1.725725581777243500e-01	2.441714512985409258e-01	1.463787052362337249e-01	7.019018667335602535e-02	2.789503632073061373e-02	7.221075202103696689e-02
1.081241642751955851e+03	2.662001320198428278e-01	1.723157844073461564e-01	2.444473840581863344e-01	1.465372457132501638e-01	7.025280030621790239e-02	2.793646642874848471e-02	7.231018706615453817e-02
1.083660527858783553e+03	2.658201045390993222e-01	1.720596635592967216e-01	2.447225213529503340e-01	1.466953056659653365e-01	7.031523097409245193e-02	2.797783639036418094e-02	7.240933751797803963e-02
1.086079412965611255e+03	2.654412236295351502e-01	1.718041945890877442e-01	2.449968653896097970e-01	1.468528867438858854e-01	7.037747959298151779e-02	2.801914584092419711e-02	7.250820421372218549e-02
1.088498298072438729e+03	2.650634851142127379e-01	1.715493764458022874e-01	2.452704183691953310e-01	1.470099905888716529e-01	7.043954706952665346e-02	2.806039442271985457e-02	7.260678798941799794e-02
1.090917183179266431e+03	2.646868848394092755e-01	1.712952080722244252e-01	2.455431824870021318e-01	1.471666188352083737e-01	7.050143430113693654e-02	2.810158178489841410e-02	7.270508967986695492e-02
1.093336068286093905e+03	2.643114186744128236e-01	1.710416884049671127e-01	2.458151599326009185e-01	1.473227731096786453e-01	7.056314217611492356e-02	2.814270758337523992e-02	7.280311011859685877e-02
1.095754953392921607e+03	2.639370825113205865e-01	1.707888163745985288e-01	2.460863528898486474e-01	1.474784550316320109e-01	7.062467157378070348e-02	2.818377148074703575e-02	7.290085013781902323e-02
1.098173838499749309e+03	2.635638722648397936e-01	1.705365909057666440e-01	2.463567635368995312e-01	1.476336662130533772e-01	7.068602336459414714e-02	2.822477314620609745e-02	7.299831056838700094e-02
1.100592723606577010e+03	2.631917838720904679e-01	1.702850109173220383e-01	2.466263940462158355e-01	1.477884082586305159e-01	7.074719841027544975e-02	2.826571225545563074e-02	7.309549223975665699e-02
1.103011608713404712e+03	2.628208132924106377e-01	1.700340753224394985e-01	2.468952465845788979e-01	1.479426827658200383e-01	7.080819756392379982e-02	2.830658849062605772e-02	7.319239597994761648e-02
1.105430493820231959e+03	2.624509565071636574e-01	1.697837830287375893e-01	2.471633233131001195e-01	1.480964913249123993e-01	7.086902167013436893e-02	2.834740154019234348e-02	7.328902261550607200e-02
1.107849378927059888e+03	2.620822095195473045e-01	1.695341329383968920e-01	2.474306263872319556e-01	1.482498355190956518e-01	7.092967156511362226e-02	2.838815109889233218e-02	7.338537297146881244e-02
1.110268264033887590e+03	2.617145683544055412e-01	1.692851239482765224e-01	2.476971579567789072e-01	1.484027169245181466e-01	7.099014807679289440e-02	2.842883686764603041e-02	7.348144787132858402e-02
1.112687149140715292e+03	2.613480290580419418e-01	1.690367549500292332e-01	2.479629201659085957e-01	1.485551371103499829e-01	7.105045202494031376e-02	2.846945855347590704e-02	7.357724813700064481e-02
1.115106034247542766e+03	2.609825876980355064e-01	1.687890248302150731e-01	2.482279151531628925e-01	1.487070976388434329e-01	7.111058422127114476e-02	2.851001586942812985e-02	7.367277458879048502e-02
1.117524919354370468e+03	2.606182403630581401e-01	1.685419324704132693e-01	2.484921450514689656e-01	1.488586000653923103e-01	7.117054546955647876e-02	2.855050853449473888e-02	7.376802804536278235e-02
1.119943804461197942e+03	2.602549831626944643e-01	1.682954767473328339e-01	2.487556119881504657e-01	1.490096459385903682e-01	7.123033656573039829e-02	2.859093627353679473e-02	7.386300932371141215e-02
1.122362689568025871e+03	2.598928122272633479e-01	1.680496565329216985e-01	2.490183180849385725e-01	1.491602368002885592e-01	7.128995829799547601e-02	2.863129881720843928e-02	7.395771923913060930e-02
1.124781574674853118e+03	2.595317237076417705e-01	1.678044706944742948e-01	2.492802654579833743e-01	1.493103741856513234e-01	7.134941144692689974e-02	2.867159590188186197e-02	7.405215860518719884e-02
1.127200459781681047e+03	2.591717137750900735e-01	1.675599180947378863e-01	2.495414562178648599e-01	1.494600596232120437e-01	7.140869678557495992e-02	2.871182726957318548e-02	7.414632823369379788e-02
1.129619344888508749e+03	2.588127786210795422e-01	1.673159975920172349e-01	2.498018924696041865e-01	1.496092946349273645e-01	7.146781507956610768e-02	2.875199266786923960e-02	7.424022893468311401e-02
1.132038229995336451e+03	2.584549144571220425e-01	1.670727080402780174e-01	2.500615763126750046e-01	1.497580807362307032e-01	7.152676708720251408e-02	2.879209184985525097e-02	7.433386151638324280e-02
1.134457115102163925e+03	2.580981175146007667e-01	1.668300482892490222e-01	2.503205098410146712e-01	1.499064194360848756e-01	7.158555355956028321e-02	2.883212457404335169e-02	7.442722678519388124e-02
1.136876000208991627e+03	2.577423840446036452e-01	1.665880171845225688e-01	2.505786951430354903e-01	1.500543122370336935e-01	7.164417524058606934e-02	2.887209060430201424e-02	7.452032554566344336e-02
1.139294885315819101e+03	2.573877103177580894e-01	1.663466135676540392e-01	2.508361343016360379e-01	1.502017606352528123e-01	7.170263286719248674e-02	2.891198970978629129e-02	7.461315860046717485e-02
1.141713770422646803e+03	2.570340926240679003e-01	1.661058362762597995e-01	2.510928293942124023e-01	1.503487661205998582e-01	7.176092716935203453e-02	2.895182166486894720e-02	7.470572675038608668e-02
1.144132655529474505e+03	2.566815272727513420e-01	1.658656841441138452e-01	2.513487824926696756e-01	1.504953301766633333e-01	7.181905887018970314e-02	2.899158624907237705e-02	7.479803079428679058e-02
1.146551540636302207e+03	2.563300105920816585e-01	1.656261560012433076e-01	2.516039956634331665e-01	1.506414542808111601e-01	7.187702868607416529e-02	2.903128324700139651e-02	7.489007152910216736e-02
1.148970425743129908e+03	2.559795389292291445e-01	1.653872506740224069e-01	2.518584709674598909e-01	1.507871399042381433e-01	7.193483732670781505e-02	2.907091244827680540e-02	7.498184974981279838e-02
1.151389310849957155e+03	2.556301086501045483e-01	1.651489669852655162e-01	2.521122104602497305e-01	1.509323885120127662e-01	7.199248549521536367e-02	2.911047364746979435e-02	7.507336624942931302e-02
1.153808195956785084e+03	2.552817161392045286e-01	1.649113037543184779e-01	2.523652161918570336e-01	1.510772015631232368e-01	7.204997388823124183e-02	2.914996664403713550e-02	7.516462181897531902e-02
1.156227081063612786e+03	2.549343577994587773e-01	1.646742597971492528e-01	2.526174902069019956e-01	1.512215805105228128e-01	7.210730319598569749e-02	2.918939124225713999e-02	7.525561724747131809e-02
1.158645966170440488e+03	2.545880300520787509e-01	1.644378339264369326e-01	2.528690345445818721e-01	1.513655268011742105e-01	7.216447410238964466e-02	2.922874725116643424e-02	7.534635332191914892e-02
1.161064851277267962e+03	2.542427293364077356e-01	1.642020249516597252e-01	2.531198512386828026e-01	1.515090418760936808e-01	7.222148728511838811e-02	2.926803448449746131e-02	7.543683082728723510e-02
1.163483736384095664e+03	2.538984521097731317e-01	1.639668316791816627e-01	2.533699423175908017e-01	1.516521271703940299e-01	7.227834341569405741e-02	2.930725276061677681e-02	7.552705054649652694e-02
1.165902621490923138e+03	2.535551948473399042e-01	1.637322529123383386e-01	2.536193098043036387e-01	1.517947841133271414e-01	7.233504315956686137e-02	2.934640190246408376e-02	7.561701326040708160e-02
1.168321506597751068e+03	2.532129540419655322e-01	1.634982874515210904e-01	2.538679557164419398e-01	1.519370141283258868e-01	7.239158717619523231e-02	2.938548173749200645e-02	7.570671974780535107e-02
1.170740391704578315e+03	2.528717262040569014e-01	1.632649340942605998e-01	2.541158820662609008e-01	1.520788186330452596e-01	7.244797611912474899e-02	2.942449209760659296e-02	7.579617078539202524e-02
1.173159276811406244e+03	2.525315078614284170e-01	1.630321916353087985e-01	2.543630908606618335e-01	1.522201990394028703e-01	7.250421063606604655e-02	2.946343281910856343e-02	7.588536714777055492e-02
1.175578161918233945e+03	2.521922955591617832e-01	1.628000588667199988e-01	2.546095841012032679e-01	1.523611567536190259e-01	7.256029136897144960e-02	2.950230374263524899e-02	7.597430960743625783e-02
1.177997047025061647e+03	2.518540858594672249e-01	1.625685345779309399e-01	2.548553637841130537e-01	1.525016931762559202e-01	7.261621895411067562e-02	2.954110471310326252e-02	7.606299893476600738e-02
1.180415932131889122e+03	2.515168753415461533e-01	1.623376175558394474e-01	2.551004319002993515e-01	1.526418097022565201e-01	7.267199402214531700e-02	2.957983557965184612e-02	7.615143589800849044e-02
1.182834817238716823e+03	2.511806606014554966e-01	1.621073065848823158e-01	2.553447904353624009e-01	1.527815077209825900e-01	7.272761719820235171e-02	2.961849619558692276e-02	7.623962126327499256e-02
1.185253702345544298e+03	2.508454382519731962e-01	1.618776004471121355e-01	2.555884413696061230e-01	1.529207886162524122e-01	7.278308910194657144e-02	2.965708641832583842e-02	7.632755579453077976e-02
1.187672587452371999e+03	2.505112049224654247e-01	1.616484979222726770e-01	2.558313866780494994e-01	1.530596537663778400e-01	7.283841034765196898e-02	2.969560610934275646e-02	7.641524025358691075e-02
1.190091472559199701e+03	2.501779572587549128e-01	1.614199977878738035e-01	2.560736283304381189e-01	1.531981045442007139e-01	7.289358154427216796e-02	2.973405513411473550e-02	7.650267540009265954e-02
1.192510357666027403e+03	2.498456919229909423e-01	1.611920988192649673e-01	2.563151682912558904e-01	1.533361423171288318e-01	7.294860329550970079e-02	2.977243336206846988e-02	7.658986199152831298e-02
1.194929242772855105e+03	2.495144055935205885e-01	1.609647997897077631e-01	2.565560085197364226e-01	1.534737684471716157e-01	7.300347619988449555e-02	2.981074066652766169e-02	7.667680078319859260e-02
1.197348127879682352e+03	2.491840949647613490e-01	1.607380994704475652e-01	2.567961509698747369e-01	1.536109842909748335e-01	7.305820085080122483e-02	2.984897692466105881e-02	7.676349252822636804e-02
1.199767012986510281e+03	2.488547567470751343e-01	1.605119966307842205e-01	2.570355975904387580e-01	1.537477911998551550e-01	7.311277783661583596e-02	2.988714201743111407e-02	7.684993797754693934e-02
1.202185898093337983e+03	2.485263876666436167e-01	1.602864900381415492e-01	2.572743503249808050e-01	1.538841905198341520e-01	7.316720774070097078e-02	2.992523582954327577e-02	7.693613787990274955e-02
1.204604783200165684e+03	2.481989844653447741e-01	1.600615784581361500e-01	2.575124111118494152e-01	1.540201835916717721e-01	7.322149114151065008e-02	2.996325824939589585e-02	7.702209298183847197e-02
1.207023668306993159e+03	2.478725439006308484e-01	1.598372606546450692e-01	2.577497818842007238e-01	1.541557717508993675e-01	7.327562861264386163e-02	3.000120916903076945e-02	7.710780402769654152e-02
1.209442553413820860e+03	2.475470627454075812e-01	1.596135353898725795e-01	2.579864645700100101e-01	1.542909563278523077e-01	7.332962072290737099e-02	3.003908848408424689e-02	7.719327175961307463e-02
1.211861438520648335e+03	2.472225377879148367e-01	1.593904014244161005e-01	2.582224610920835217e-01	1.544257386477020932e-01	7.338346803637753324e-02	3.007689609373898065e-02	7.727849691751416394e-02
1.214280323627476264e+03	2.468989658316080582e-01	1.591678575173311183e-01	2.584577733680697986e-01	1.545601200304880518e-01	7.343717111246138296e-02	3.011463190067623086e-02	7.736348023911260308e-02
1.216699208734303511e+03	2.465763436950415000e-01	1.589459024261953013e-01	2.586924033104713860e-01	1.546941017911487026e-01	7.349073050595666956e-02	3.015229581102878489e-02	7.744822245990490295e-02
1.219118093841131440e+03	2.462546682117523755e-01	1.587245349071715050e-01	2.589263528266564918e-01	1.548276852395524816e-01	7.354414676711119869e-02	3.018988773433443906e-02	7.753272431316872437e-02
1.221536978947959142e+03	2.459339362301462550e-01	1.585037537150702225e-01	2.591596238188704771e-01	1.549608716805282727e-01	7.359742044168127162e-02	3.022740758349004922e-02	7.761698652996065761e-02
1.223955864054786844e+03	2.456141446133836559e-01	1.582835576034108682e-01	2.593922181842475694e-01	1.550936624138955222e-01	7.365055207098925028e-02	3.026485527470614695e-02	7.770100983911422399e-02
1.226374749161614318e+03	2.452952902392679380e-01	1.580639453244823966e-01	2.596241378148221313e-01	1.552260587344937992e-01	7.370354219198041457e-02	3.030223072746212123e-02	7.778479496723839093e-02
1.228793634268442020e+03	2.449773700001342813e-01	1.578449156294029765e-01	2.598553845975407617e-01	1.553580619322121326e-01	7.375639133727893149e-02	3.033953386446193792e-02	7.786834263871622586e-02
1.231212519375269494e+03	2.446603808027396354e-01	1.576264672681788326e-01	2.600859604142734538e-01	1.554896732920178770e-01	7.380910003524308871e-02	3.037676461159041080e-02	7.795165357570393860e-02
1.233631404482097196e+03	2.443443195681543334e-01	1.574085989897622828e-01	2.603158671418255299e-01	1.556208940939852736e-01	7.386166881001965390e-02	3.041392289787001046e-02	7.803472849813024304e-02
1.236050289588924898e+03	2.440291832316541509e-01	1.571913095421090256e-01	2.605451066519487990e-01	1.557517256133236494e-01	7.391409818159762335e-02	3.045100865541820745e-02	7.811756812369588521e-02
1.238469174695752372e+03	2.437149687426140021e-01	1.569745976722344283e-01	2.607736808113536586e-01	1.558821691204052562e-01	7.396638866586105476e-02	3.048802181940531500e-02	7.820017316787364337e-02
1.240888059802580301e+03	2.434016730644026072e-01	1.567584621262692324e-01	2.610015914817203075e-01	1.560122258807927209e-01	7.401854077464126158e-02	3.052496232801289386e-02	7.828254434390838346e-02
1.243306944909407548e+03	2.430892931742780483e-01	1.565429016495142878e-01	2.612288405197105146e-01	1.561418971552662183e-01	7.407055501576821632e-02	3.056183012239262545e-02	7.836468236281754485e-02
1.245725830016235477e+03	2.427778260632846574e-01	1.563279149864947037e-01	2.614554297769790536e-01	1.562711841998502549e-01	7.412243189312128777e-02	3.059862514662571586e-02	7.844658793339175096e-02
1.248144715123063179e+03	2.424672687361508761e-01	1.561135008810131120e-01	2.616813611001855278e-01	1.564000882658401759e-01	7.417417190667917326e-02	3.063534734768279949e-02	7.852826176219576682e-02
1.250563600229890881e+03	2.421576182111881415e-01	1.558996580762020412e-01	2.619066363310056378e-01	1.565286105998283939e-01	7.422577555256922033e-02	3.067199667538432831e-02	7.860970455356963704e-02
1.252982485336718355e+03	2.418488715201908279e-01	1.556863853145758203e-01	2.621312573061430617e-01	1.566567524437302572e-01	7.427724332311597122e-02	3.070857308236144001e-02	7.869091700963005975e-02
1.255401370443546057e+03	2.415410257083371870e-01	1.554736813380816207e-01	2.623552258573407236e-01	1.567845150348095018e-01	7.432857570688911064e-02	3.074507652401733612e-02	7.877189983027198250e-02
1.257820255550373531e+03	2.412340778340913705e-01	1.552615448881496940e-01	2.625785438113926173e-01	1.569118996057035920e-01	7.437977318875069188e-02	3.078150695848910767e-02	7.885265371317043415e-02
1.260239140657201460e+03	2.409280249691064524e-01	1.550499747057429434e-01	2.628012129901552418e-01	1.570389073844486727e-01	7.443083624990169678e-02	3.081786434661005353e-02	7.893317935378250938e-02
1.262658025764028707e+03	2.406228641981283389e-01	1.548389695314057735e-01	2.630232352105590921e-01	1.571655395945043276e-01	7.448176536792794344e-02	3.085414865187243588e-02	7.901347744534963080e-02
1.265076910870856636e+03	2.403185926189008170e-01	1.546285281053123850e-01	2.632446122846203718e-01	1.572917974547778930e-01	7.453256101684536949e-02	3.089035984039073188e-02	7.909354867889996366e-02
1.267495795977684338e+03	2.400152073420714072e-01	1.544186491673141259e-01	2.634653460194524288e-01	1.574176821796486603e-01	7.458322366714466300e-02	3.092649788086529808e-02	7.917339374325098322e-02
1.269914681084511813e+03	2.397127054910982435e-01	1.542093314569861484e-01	2.636854382172773015e-01	1.575431949789917463e-01	7.463375378583526898e-02	3.096256274454653110e-02	7.925301332501227813e-02
1.272333566191339514e+03	2.394110842021579810e-01	1.540005737136738440e-01	2.639048906754373758e-01	1.576683370582015464e-01	7.468415183648882683e-02	3.099855440519942371e-02	7.933240810858852021e-02
1.274752451298167216e+03	2.391103406240545348e-01	1.537923746765379740e-01	2.641237051864065988e-01	1.577931096182152715e-01	7.473441827928190007e-02	3.103447283906857895e-02	7.941157877618261474e-02
1.277171336404994690e+03	2.388104719181288194e-01	1.535847330845995229e-01	2.643418835378024134e-01	1.579175138555359292e-01	7.478455357103816481e-02	3.107031802484366140e-02	7.949052600779894784e-02
1.279590221511822392e+03	2.385114752581692366e-01	1.533776476767838570e-01	2.645594275123970274e-01	1.580415509622552228e-01	7.483455816527005700e-02	3.110608994362526816e-02	7.956925048124685595e-02
1.282009106618650094e+03	2.382133478303232743e-01	1.531711171919642456e-01	2.647763388881287927e-01	1.581652221260760327e-01	7.488443251221973962e-02	3.114178857889122673e-02	7.964775287214423405e-02
1.284427991725477568e+03	2.379160868330099377e-01	1.529651403690045486e-01	2.649926194381139744e-01	1.582885285303348710e-01	7.493417705889955649e-02	3.117741391646330212e-02	7.972603385392129649e-02
1.286846876832305497e+03	2.376196894768329848e-01	1.527597159468015720e-01	2.652082709306581298e-01	1.584114713540240860e-01	7.498379224913193086e-02	3.121296594447431696e-02	7.980409409782444896e-02
1.289265761939132744e+03	2.373241529844950515e-01	1.525548426643265343e-01	2.654232951292676002e-01	1.585340517718135667e-01	7.503327852358866734e-02	3.124844465333568785e-02	7.988193427292034077e-02
1.291684647045960673e+03	2.370294745907128020e-01	1.523505192606661451e-01	2.656376937926610005e-01	1.586562709540724758e-01	7.508263631982971253e-02	3.128385003570535033e-02	7.995955504609997266e-02
1.294103532152788375e+03	2.367356515421326635e-01	1.521467444750628784e-01	2.658514686747805444e-01	1.587781300668907880e-01	7.513186607234141612e-02	3.131918208645609325e-02	8.003695708208309612e-02
1.296522417259616077e+03	2.364426810972475868e-01	1.519435170469548291e-01	2.660646215248036461e-01	1.588996302721004394e-01	7.518096821257415352e-02	3.135444080264426781e-02	8.011414104342251541e-02
1.298941302366443551e+03	2.361505605263146124e-01	1.517408357160148491e-01	2.662771540871544107e-01	1.590207727272963667e-01	7.522994316897961553e-02	3.138962618347890948e-02	8.019110759050869508e-02
1.301360187473271253e+03	2.358592871112732692e-01	1.515386992221891271e-01	2.664890681015149032e-01	1.591415585858572679e-01	7.527879136704733465e-02	3.142473823029121038e-02	8.026785738157432570e-02
1.303779072580098727e+03	2.355688581456646946e-01	1.513371063057352695e-01	2.667003653028367505e-01	1.592619889969663360e-01	7.532751322934091998e-02	3.145977694650440443e-02	8.034439107269913949e-02
1.306197957686926657e+03	2.352792709345516153e-01	1.511360557072596589e-01	2.669110474213523543e-01	1.593820651056314930e-01	7.537610917553362599e-02	3.149474233760399255e-02	8.042070931781475362e-02
1.308616842793753904e+03	2.349905227944392161e-01	1.509355461677544530e-01	2.671211161825864933e-01	1.595017880527057619e-01	7.542457962244356051e-02	3.152963441110837733e-02	8.049681276870961077e-02
1.311035727900581833e+03	2.347026110531966470e-01	1.507355764286338884e-01	2.673305733073675916e-01	1.596211589749071680e-01	7.547292498406825423e-02	3.156445317653979593e-02	8.057270207503408610e-02
1.313454613007409534e+03	2.344155330499793632e-01	1.505361452317699744e-01	2.675394205118392654e-01	1.597401790048386394e-01	7.552114567161891112e-02	3.159919864539569717e-02	8.064837788430558041e-02
1.315873498114237009e+03	2.341292861351522425e-01	1.503372513195278815e-01	2.677476595074714805e-01	1.598588492710076026e-01	7.556924209355404820e-02	3.163387083112040310e-02	8.072384084191375209e-02
1.318292383221064711e+03	2.338438676702134789e-01	1.501388934348006632e-01	2.679552920010720984e-01	1.599771708978453832e-01	7.561721465561273281e-02	3.166846974907717299e-02	8.079909159112591555e-02
1.320711268327892412e+03	2.335592750277191709e-01	1.499410703210432017e-01	2.681623196947980903e-01	1.600951450057266356e-01	7.566506376084737584e-02	3.170299541652057268e-02	8.087413077309241194e-02
1.323130153434719887e+03	2.332755055912086872e-01	1.497437807223062078e-01	2.683687442861670824e-01	1.602127727109883271e-01	7.571278980965598371e-02	3.173744785256920470e-02	8.094895902685206313e-02
1.325549038541547588e+03	2.329925567551307808e-01	1.495470233832691953e-01	2.685745674680682926e-01	1.603300551259487228e-01	7.576039319981409115e-02	3.177182707817879231e-02	8.102357698933777830e-02
1.327967923648375290e+03	2.327104259247704254e-01	1.493507970492730375e-01	2.687797909287742981e-01	1.604469933589260378e-01	7.580787432650611113e-02	3.180613311611558275e-02	8.109798529538216061e-02
1.330386808755202765e+03	2.324291105161762627e-01	1.491551004663523305e-01	2.689844163519521381e-01	1.605635885142572272e-01	7.585523358235632396e-02	3.184036599093006958e-02	8.117218457772325257e-02
1.332805693862030694e+03	2.321486079560890481e-01	1.489599323812669240e-01	2.691884454166745821e-01	1.606798416923162220e-01	7.590247135745949170e-02	3.187452572893106906e-02	8.124617546701025372e-02
1.335224578968857941e+03	2.318689156818702912e-01	1.487652915415330623e-01	2.693918797974316215e-01	1.607957539895323307e-01	7.594958803941090353e-02	3.190861235816008085e-02	8.131995859180943254e-02
1.337643464075685870e+03	2.315900311414321178e-01	1.485711766954540825e-01	2.695947211641412378e-01	1.609113264984082248e-01	7.599658401333612978e-02	3.194262590836600968e-02	8.139353457860991348e-02
1.340062349182513572e+03	2.313119517931675473e-01	1.483775865921507231e-01	2.697969711821612271e-01	1.610265603075379803e-01	7.604345966192029016e-02	3.197656641098019920e-02	8.146690405182972772e-02
1.342481234289341273e+03	2.310346751058814374e-01	1.481845199815906844e-01	2.699986315123001912e-01	1.611414565016248968e-01	7.609021536543701669e-02	3.201043389909170173e-02	8.154006763382176670e-02
1.344900119396168748e+03	2.307581985587221773e-01	1.479919756146179655e-01	2.701997038108288063e-01	1.612560161614990939e-01	7.613685150177684768e-02	3.204422840742298523e-02	8.161302594487987450e-02
1.347319004502996449e+03	2.304825196411140198e-01	1.477999522429817303e-01	2.704001897294908141e-01	1.613702403641350536e-01	7.618336844647537187e-02	3.207794997230581369e-02	8.168577960324492626e-02
1.349737889609823924e+03	2.302076358526900512e-01	1.476084486193645628e-01	2.706000909155147349e-01	1.614841301826689390e-01	7.622976657274097012e-02	3.211159863165751610e-02	8.175832922511101775e-02
1.352156774716651853e+03	2.299335447032257729e-01	1.474174634974104448e-01	2.707994090116245256e-01	1.615976866864158035e-01	7.627604625148205753e-02	3.214517442495750527e-02	8.183067542463162702e-02
1.354575659823479100e+03	2.296602437125734864e-01	1.472269956317522333e-01	2.709981456560511259e-01	1.617109109408867706e-01	7.632220785133411733e-02	3.217867739322412962e-02	8.190281881392590113e-02
1.356994544930307029e+03	2.293877304105969850e-01	1.470370437780386674e-01	2.711963024825433943e-01	1.618238040078059103e-01	7.636825173868620753e-02	3.221210757899174715e-02	8.197476000308491495e-02
1.359413430037134731e+03	2.291160023371072718e-01	1.468476066929608748e-01	2.713938811203793211e-01	1.619363669451269472e-01	7.641417827770720372e-02	3.224546502628816008e-02	8.204649960017798560e-02
1.361832315143962205e+03	2.288450570417986663e-01	1.466586831342787667e-01	2.715908831943772417e-01	1.620486008070501360e-01	7.645998783037162572e-02	3.227874978061228556e-02	8.211803821125907010e-02
1.364251200250789907e+03	2.285748920841853549e-01	1.464702718608466014e-01	2.717873103249068834e-01	1.621605066440386378e-01	7.650568075648515876e-02	3.231196188891211074e-02	8.218937644037310752e-02
1.366670085357617609e+03	2.283055050335389413e-01	1.462823716326383250e-01	2.719831641279004675e-01	1.622720855028350062e-01	7.655125741370973069e-02	3.234510139956293939e-02	8.226051488956247215e-02
1.369088970464445310e+03	2.280368934688263016e-01	1.460949812107726620e-01	2.721784462148638117e-01	1.623833384264774249e-01	7.659671815758833935e-02	3.237816836234590212e-02	8.233145415887339891e-02
1.371507855571272785e+03	2.277690549786481888e-01	1.459080993575375129e-01	2.723731581928874323e-01	1.624942664543159720e-01	7.664206334156950517e-02	3.241116282842669560e-02	8.240219484636250591e-02
1.373926740678100487e+03	2.275019871611782540e-01	1.457217248364141293e-01	2.725673016646575908e-01	1.626048706220285522e-01	7.668729331703134922e-02	3.244408485033467571e-02	8.247273754810327540e-02
1.376345625784927961e+03	2.272356876241028167e-01	1.455358564121008724e-01	2.727608782284673405e-01	1.627151519616368558e-01	7.673240843330537964e-02	3.247693448194213794e-02	8.254308285819256241e-02
1.378764510891755890e+03	2.269701539845610516e-01	1.453504928505364169e-01	2.729538894782273517e-01	1.628251115015221240e-01	7.677740903769997294e-02	3.250971177844387550e-02	8.261323136875717288e-02
1.381183395998583137e+03	2.267053838690858414e-01	1.451656329189229544e-01	2.731463370034773464e-01	1.629347502664409697e-01	7.682229547552345272e-02	3.254241679633698009e-02	8.268318366996042779e-02
1.383602281105411066e+03	2.264413749135452403e-01	1.449812753857485648e-01	2.733382223893967566e-01	1.630440692775407818e-01	7.686706809010694641e-02	3.257504959340094125e-02	8.275294035000876902e-02
1.386021166212238768e+03	2.261781247630843261e-01	1.447974190208095036e-01	2.735295472168158271e-01	1.631530695523752128e-01	7.691172722282678398e-02	3.260761022867795372e-02	8.282250199515836520e-02
1.388440051319066470e+03	2.259156310720676353e-01	1.446140625952321290e-01	2.737203130622265501e-01	1.632617521049196385e-01	7.695627321312679958e-02	3.264009876245348163e-02	8.289186918972167584e-02
1.390858936425893944e+03	2.256538915040222359e-01	1.444312048814942184e-01	2.739105214977937131e-01	1.633701179455863128e-01	7.700070639854016130e-02	3.267251525623706548e-02	8.296104251607418212e-02
1.393277821532721646e+03	2.253929037315812733e-01	1.442488446534462565e-01	2.741001740913656670e-01	1.634781680812394389e-01	7.704502711471086784e-02	3.270485977274336514e-02	8.303002255466099268e-02
1.395696706639549120e+03	2.251326654364280977e-01	1.440669806863319746e-01	2.742892724064853738e-01	1.635859035152102681e-01	7.708923569541518972e-02	3.273713237587345254e-02	8.309880988400349111e-02
1.398115591746377049e+03	2.248731743092406699e-01	1.438856117568090009e-01	2.744778180024012304e-01	1.636933252473120326e-01	7.713333247258249981e-02	3.276933313069632647e-02	8.316740508070601112e-02
1.400534476853204296e+03	2.246144280496369383e-01	1.437047366429687056e-01	2.746658124340780049e-01	1.638004342738547114e-01	7.717731777631607615e-02	3.280146210343067026e-02	8.323580871946256732e-02
1.402953361960032225e+03	2.243564243661202995e-01	1.435243541243561016e-01	2.748532572522077166e-01	1.639072315876597963e-01	7.722119193491347455e-02	3.283351936142683836e-02	8.330402137306347488e-02
1.405372247066859927e+03	2.240991609760255854e-01	1.433444629819892180e-01	2.750401540032204051e-01	1.640137181780748077e-01	7.726495527488663750e-02	3.286550497314902342e-02	8.337204361240208028e-02
1.407791132173687402e+03	2.238426356054659949e-01	1.431650619983779182e-01	2.752265042292948993e-01	1.641198950309878946e-01	7.730860812098179491e-02	3.289741900815775638e-02	8.343987600648143654e-02
1.410210017280515103e+03	2.235868459892798865e-01	1.429861499575428851e-01	2.754123094683699757e-01	1.642257631288422670e-01	7.735215079619907341e-02	3.292926153709248294e-02	8.350751912242106167e-02
1.412628902387342805e+03	2.233317898709786808e-01	1.428077256450339949e-01	2.755975712541547940e-01	1.643313234506504350e-01	7.739558362181168938e-02	3.296103263165448688e-02	8.357497352546355840e-02
1.415047787494170507e+03	2.230774650026946526e-01	1.426297878479481362e-01	2.757822911161398327e-01	1.644365769720084747e-01	7.743890691738516963e-02	3.299273236458993147e-02	8.364223977898140039e-02
1.417466672600997981e+03	2.228238691451296383e-01	1.424523353549473070e-01	2.759664705796077144e-01	1.645415246651102115e-01	7.748212100079597542e-02	3.302436080967317833e-02	8.370931844448359360e-02
1.419885557707825683e+03	2.225710000675040767e-01	1.422753669562758505e-01	2.761501111656436969e-01	1.646461674987611812e-01	7.752522618825015421e-02	3.305591804169027981e-02	8.377621008162239313e-02
1.422304442814653157e+03	2.223188555475063832e-01	1.420988814437776082e-01	2.763332143911467198e-01	1.647505064383926188e-01	7.756822279430154732e-02	3.308740413642271422e-02	8.384291524819999231e-02
1.424723327921481086e+03	2.220674333712430171e-01	1.419228776109128232e-01	2.765157817688399522e-01	1.648545424460753639e-01	7.761111113186988653e-02	3.311881917063126679e-02	8.390943450017523952e-02
1.427142213028308333e+03	2.218167313331887436e-01	1.417473542527746544e-01	2.766978148072815613e-01	1.649582764805335444e-01	7.765389151225847442e-02	3.315016322204018817e-02	8.397576839167036900e-02
1.429561098135136262e+03	2.215667472361376455e-01	1.415723101661053307e-01	2.768793150108752044e-01	1.650617094971583709e-01	7.769656424517182303e-02	3.318143636932148477e-02	8.404191747497763432e-02
1.431979983241963964e+03	2.213174788911542734e-01	1.413977441493122489e-01	2.770602838798809087e-01	1.651648424480216260e-01	7.773912963873289006e-02	3.321263869207944502e-02	8.410788230056601145e-02
1.434398868348791666e+03	2.210689241175254893e-01	1.412236550024835169e-01	2.772407229104257298e-01	1.652676762818892642e-01	7.778158799950016244e-02	3.324377027083535302e-02	8.417366341708792943e-02
1.436817753455619140e+03	2.208210807427125610e-01	1.410500415274033026e-01	2.774206335945140767e-01	1.653702119442347906e-01	7.782393963248443458e-02	3.327483118701238946e-02	8.423926137138587622e-02
1.439236638562446842e+03	2.205739466023038109e-01	1.408769025275669606e-01	2.776000174200386472e-01	1.654724503772526945e-01	7.786618484116548944e-02	3.330582152292070608e-02	8.430467670849911554e-02
1.441655523669274316e+03	2.203275195399675979e-01	1.407042368081958539e-01	2.777788758707907535e-01	1.655743925198716882e-01	7.790832392750841884e-02	3.333674136174275687e-02	8.436990997167033435e-02
1.444074408776102018e+03	2.200817974074058547e-01	1.405320431762518141e-01	2.779572104264712018e-01	1.656760393077678084e-01	7.795035719197976332e-02	3.336759078751873331e-02	8.443496170235226250e-02
1.446493293882929493e+03	2.198367780643077918e-01	1.403603204404515470e-01	2.781350225627003958e-01	1.657773916733776831e-01	7.799228493356342995e-02	3.339836988513220084e-02	8.449983244021436191e-02
1.448912178989757422e+03	2.195924593783042944e-01	1.401890674112804824e-01	2.783123137510293832e-01	1.658784505459114655e-01	7.803410744977642977e-02	3.342907874029595050e-02	8.456452272314943230e-02
1.451331064096585123e+03	2.193488392249225705e-01	1.400182829010065966e-01	2.784890854589499587e-01	1.659792168513657407e-01	7.807582503668437923e-02	3.345971743953802396e-02	8.462903308728020324e-02
1.453749949203412370e+03	2.191059154875412140e-01	1.398479657236937623e-01	2.786653391499053778e-01	1.660796915125365425e-01	7.811743798891672419e-02	3.349028607018786352e-02	8.469336406696599540e-02
1.456168834310240300e+03	2.188636860573457410e-01	1.396781146952151276e-01	2.788410762833006817e-01	1.661798754490321217e-01	7.815894659968188052e-02	3.352078472036270490e-02	8.475751619480925703e-02
1.458587719417068001e+03	2.186221488332843466e-01	1.395087286332659382e-01	2.790162983145133557e-01	1.662797695772856299e-01	7.820035116078205562e-02	3.355121347895409500e-02	8.482149000166219754e-02
1.461006604523895703e+03	2.183813017220242736e-01	1.393398063573762780e-01	2.791910066949033764e-01	1.663793748105677484e-01	7.824165196262793109e-02	3.358157243561459698e-02	8.488528601663333784e-02
1.463425489630723177e+03	2.181411426379084029e-01	1.391713466889236417e-01	2.793652028718242586e-01	1.664786920589994279e-01	7.828284929425313732e-02	3.361186168074468267e-02	8.494890476709400506e-02
1.465844374737550879e+03	2.179016695029123707e-01	1.390033484511449258e-01	2.795388882886328252e-01	1.665777222295641846e-01	7.832394344332850589e-02	3.364208130547974296e-02	8.501234677868495238e-02
1.468263259844378354e+03	2.176628802466018531e-01	1.388358104691486128e-01	2.797120643846999766e-01	1.666764662261207841e-01	7.836493469617612784e-02	3.367223140167730638e-02	8.507561257532283983e-02
1.470682144951206283e+03	2.174247728060903773e-01	1.386687315699264011e-01	2.798847325954208487e-01	1.667749249494154262e-01	7.840582333778330082e-02	3.370231206190439643e-02	8.513870267920675694e-02
1.473101030058033530e+03	2.171873451259974386e-01	1.385021105823647236e-01	2.800568943522253607e-01	1.668730992970941240e-01	7.844660965181612933e-02	3.373232337942505543e-02	8.520161761082468976e-02
1.475519915164861459e+03	2.169505951584071723e-01	1.383359463372559883e-01	2.802285510825882064e-01	1.669709901637149441e-01	7.848729392063311106e-02	3.376226544818804881e-02	8.526435788896004342e-02
1.477938800271689161e+03	2.167145208628269704e-01	1.381702376673097088e-01	2.803997042100395132e-01	1.670685984407601632e-01	7.852787642529840406e-02	3.379213836281466654e-02	8.532692403069802589e-02
1.480357685378516862e+03	2.164791202061469300e-01	1.380049834071633008e-01	2.805703551541749441e-01	1.671659250166483979e-01	7.856835744559502455e-02	3.382194221858673272e-02	8.538931655143217059e-02
1.482776570485344337e+03	2.162443911625992199e-01	1.378401823933925741e-01	2.807405053306659126e-01	1.672629707767466223e-01	7.860873726003776707e-02	3.385167711143476088e-02	8.545153596487066461e-02
