1.001418434226643626e+03	2.793921654063473148e-01	1.811605522423507530e-01	2.349079580523732724e-01	1.410381864636820470e-01	6.808452941959947102e-02	2.653529539700980391e-02	6.888131301838366916e-02
1.002869765290740247e+03	2.791396305684497592e-01	1.809937124612053527e-01	2.350896489550632074e-01	1.411431460850087471e-01	6.812594871060545509e-02	2.656112724999055291e-02	6.894678596942323268e-02
1.004321096354836754e+03	2.788875646785856643e-01	1.808271178068275309e-01	2.352710267285351431e-01	1.412479119401398864e-01	6.816728908754100813e-02	2.658694334240536625e-02	6.901214641571173924e-02
1.005772427418933376e+03	2.786359666392219103e-01	1.806607681144409838e-01	2.354520918901060467e-01	1.413524844493271038e-01	6.820855083341384462e-02	2.661274353534371154e-02	6.907739453789275841e-02
1.007223758483029997e+03	2.783848353568565970e-01	1.804946632178065224e-01	2.356328449563108163e-01	1.414568640313897396e-01	6.824973422931823741e-02	2.663852769124705824e-02	6.914253051681737428e-02
1.008675089547126618e+03	2.781341697419966175e-01	1.803288029492369215e-01	2.358132864429029196e-01	1.415610511037258545e-01	6.829083955445110210e-02	2.666429567389877811e-02	6.920755453353422126e-02
1.010126420611223239e+03	2.778839687091351207e-01	1.801631871396114082e-01	2.359934168648550878e-01	1.416650460823231372e-01	6.833186708612799809e-02	2.669004734841411500e-02	6.927246676927958924e-02
1.011577751675319632e+03	2.776342311767296400e-01	1.799978156183902611e-01	2.361732367363599816e-01	1.417688493817695905e-01	6.837281709979892153e-02	2.671578258123022062e-02	6.933726740546779232e-02
1.013029082739416367e+03	2.773849560671799441e-01	1.798326882136291605e-01	2.363527465708310238e-01	1.418724614152642727e-01	6.841368986906400107e-02	2.674150124009627011e-02	6.940195662368169038e-02
1.014480413803512761e+03	2.771361423068063878e-01	1.796678047519934263e-01	2.365319468809029824e-01	1.419758825946277336e-01	6.845448566568898552e-02	2.676720319406363305e-02	6.946653460566330762e-02
1.015931744867609382e+03	2.768877888258276521e-01	1.795031650587722849e-01	2.367108381784327198e-01	1.420791133303123122e-01	6.849520475962070365e-02	2.679288831347611394e-02	6.953100153330468713e-02
1.017383075931706003e+03	2.766398945583398161e-01	1.793387689578929134e-01	2.368894209744999424e-01	1.421821540314124610e-01	6.853584741900227428e-02	2.681855646996028630e-02	6.959535758863882871e-02
1.018834406995802851e+03	2.763924584422946529e-01	1.791746162719343172e-01	2.370676957794077833e-01	1.422850051056748499e-01	6.857641391018824695e-02	2.684420753641586152e-02	6.965960295383084866e-02
1.020285738059899245e+03	2.761454794194782569e-01	1.790107068221412634e-01	2.372456631026837459e-01	1.423876669595082745e-01	6.861690449775954825e-02	2.686984138700614089e-02	6.972373781116927849e-02
1.021737069123995752e+03	2.758989564354902280e-01	1.788470404284380755e-01	2.374233234530802317e-01	1.424901399979935923e-01	6.865731944453838664e-02	2.689545789714854404e-02	6.978776234305744675e-02
1.023188400188092373e+03	2.756528884397224100e-01	1.786836169094421778e-01	2.376006773385753446e-01	1.425924246248933824e-01	6.869765901160292121e-02	2.692105694350518594e-02	6.985167673200509686e-02
1.024639731252188767e+03	2.754072743853381300e-01	1.785204360824776681e-01	2.377777252663735574e-01	1.426945212426616316e-01	6.873792345830187500e-02	2.694663840397353016e-02	6.991548116062007434e-02
1.026091062316285615e+03	2.751621132292516037e-01	1.783574977635888070e-01	2.379544677429065724e-01	1.427964302524531437e-01	6.877811304226896794e-02	2.697220215767711163e-02	6.997917581160026379e-02
1.027542393380382237e+03	2.749174039321071739e-01	1.781948017675532292e-01	2.381309052738339038e-01	1.428981520541330319e-01	6.881822801943722479e-02	2.699774808495631825e-02	7.004276086772551202e-02
1.028993724444478858e+03	2.746731454582591048e-01	1.780323479078953497e-01	2.383070383640437107e-01	1.429996870462859060e-01	6.885826864405321379e-02	2.702327606735923857e-02	7.010623651184985650e-02
1.030445055508575479e+03	2.744293367757511537e-01	1.778701359968993256e-01	2.384828675176535184e-01	1.431010356262250038e-01	6.889823516869106323e-02	2.704878598763256828e-02	7.016960292689372602e-02
1.031896386572671872e+03	2.741859768562964206e-01	1.777081658456222124e-01	2.386583932380108852e-01	1.432021981900013230e-01	6.893812784426642248e-02	2.707427772971260013e-02	7.023286029583643286e-02
1.033347717636768493e+03	2.739430646752575860e-01	1.775464372639068700e-01	2.388336160276941789e-01	1.433031751324123915e-01	6.897794692005031203e-02	2.709975117871626926e-02	7.029600880170869259e-02
1.034799048700865114e+03	2.737005992116266495e-01	1.773849500603947027e-01	2.390085363885134651e-01	1.434039668470112605e-01	6.901769264368276535e-02	2.712520622093224018e-02	7.035904862758525502e-02
1.036250379764961508e+03	2.734585794480053900e-01	1.772237040425384824e-01	2.391831548215110348e-01	1.435045737261151089e-01	6.905736526118641527e-02	2.715064274381208398e-02	7.042197995657782650e-02
1.037701710829058356e+03	2.732170043705857143e-01	1.770626990166150327e-01	2.393574718269622925e-01	1.436049961608138748e-01	6.909696501697995541e-02	2.717606063596151450e-02	7.048480297182792287e-02
1.039153041893154750e+03	2.729758729691303953e-01	1.769019347877376636e-01	2.395314879043765333e-01	1.437052345409787490e-01	6.913649215389144898e-02	2.720145978713166962e-02	7.054751785649990281e-02
1.040604372957251599e+03	2.727351842369532542e-01	1.767414111598687165e-01	2.397052035524974700e-01	1.438052892552706130e-01	6.917594691317152655e-02	2.722684008821047927e-02	7.061012479377426487e-02
1.042055704021347992e+03	2.724949371709005086e-01	1.765811279358317776e-01	2.398786192693043440e-01	1.439051606911482817e-01	6.921532953450655612e-02	2.725220143121406466e-02	7.067262396684081960e-02
1.043507035085444613e+03	2.722551307713312330e-01	1.764210849173241114e-01	2.400517355520123131e-01	1.440048492348767195e-01	6.925464025603150775e-02	2.727754370927823468e-02	7.073501555889225023e-02
1.044958366149541234e+03	2.720157640420985956e-01	1.762612819049286239e-01	2.402245528970735622e-01	1.441043552715351450e-01	6.929387931434291548e-02	2.730286681665001006e-02	7.079729975311750689e-02
1.046409697213637855e+03	2.717768359905310960e-01	1.761017186981261584e-01	2.403970718001778029e-01	1.442036791850250244e-01	6.933304694451150607e-02	2.732817064867921683e-02	7.085947673269556157e-02
1.047861028277734476e+03	2.715383456274136353e-01	1.759423950953072913e-01	2.405692927562532168e-01	1.443028213580779817e-01	6.937214338009500825e-02	2.735345510181015627e-02	7.092154668078914925e-02
1.049312359341831097e+03	2.713002919669690316e-01	1.757833108937842670e-01	2.407412162594671223e-01	1.444017821722636263e-01	6.941116885315047613e-02	2.737872007357331286e-02	7.098350978053864779e-02
1.050763690405927491e+03	2.710626740268396451e-01	1.756244658898027944e-01	2.409128428032267233e-01	1.445005620079972131e-01	6.945012359424680704e-02	2.740396546257713173e-02	7.104536621505606886e-02
1.052215021470024112e+03	2.708254908280691708e-01	1.754658598785538148e-01	2.410841728801800532e-01	1.445991612445473307e-01	6.948900783247705104e-02	2.742919116849985156e-02	7.110711616741917374e-02
1.053666352534120733e+03	2.705887413950839870e-01	1.753074926541849932e-01	2.412552069822165024e-01	1.446975802600433958e-01	6.952782179547054020e-02	2.745439709208139650e-02	7.116875982066564466e-02
1.055117683598217127e+03	2.703524247556754467e-01	1.751493640098123472e-01	2.414259456004677895e-01	1.447958194314831193e-01	6.956656570940503159e-02	2.747958313511533052e-02	7.123029735778743654e-02
1.056569014662313975e+03	2.701165399409817813e-01	1.749914737375316554e-01	2.415963892253086276e-01	1.448938791347398058e-01	6.960523979901862834e-02	2.750474920044086030e-02	7.129172896172514262e-02
1.058020345726410369e+03	2.698810859854701705e-01	1.748338216284297808e-01	2.417665383463576401e-01	1.449917597445697370e-01	6.964384428762165902e-02	2.752989519193489026e-02	7.135305481536258210e-02
1.059471676790506763e+03	2.696460619269193115e-01	1.746764074725958849e-01	2.419363934524780269e-01	1.450894616346192489e-01	6.968237939710848761e-02	2.755502101450416075e-02	7.141427510152136005e-02
1.060923007854603611e+03	2.694114668064013784e-01	1.745192310591327789e-01	2.421059550317783415e-01	1.451869851774318931e-01	6.972084534796910149e-02	2.758012657407741403e-02	7.147539000295560774e-02
1.062374338918700232e+03	2.691772996682648689e-01	1.743622921761678046e-01	2.422752235716133518e-01	1.452843307444554033e-01	6.975924235930074102e-02	2.760521177759762620e-02	7.153639970234676460e-02
1.063825669982796853e+03	2.689435595601170070e-01	1.742055906108639085e-01	2.424441995585848719e-01	1.453814987060487174e-01	6.979757064881927930e-02	2.763027653301430159e-02	7.159730438229856830e-02
1.065277001046893474e+03	2.687102455328065909e-01	1.740491261494306330e-01	2.426128834785423460e-01	1.454784894314886945e-01	6.983583043287065750e-02	2.765532074927581213e-02	7.165810422533193391e-02
1.066728332110990095e+03	2.684773566404068945e-01	1.738928985771348856e-01	2.427812758165839024e-01	1.455753032889769705e-01	6.987402192644205645e-02	2.768034433632178895e-02	7.171879941388020763e-02
1.068179663175086489e+03	2.682448919401985710e-01	1.737369076783116806e-01	2.429493770570569644e-01	1.456719406456467025e-01	6.991214534317310991e-02	2.770534720507557974e-02	7.177939013028421245e-02
1.069630994239183110e+03	2.680128504926525546e-01	1.735811532363748244e-01	2.431171876835591383e-01	1.457684018675690085e-01	6.995020089536689578e-02	2.773032926743676518e-02	7.183987655678759909e-02
1.071082325303279504e+03	2.677812313614136297e-01	1.734256350338274910e-01	2.432847081789389909e-01	1.458646873197597671e-01	6.998818879400098281e-02	2.775529043627369269e-02	7.190025887553223860e-02
1.072533656367376352e+03	2.675500336132834445e-01	1.732703528522727687e-01	2.434519390252967985e-01	1.459607973661858349e-01	7.002610924873824139e-02	2.778023062541611771e-02	7.196053726855358712e-02
1.073984987431472746e+03	2.673192563182040238e-01	1.731153064724239854e-01	2.436188807039855186e-01	1.460567323697715969e-01	7.006396246793758498e-02	2.780514974964784849e-02	7.202071191777634218e-02
1.075436318495569594e+03	2.670888985492412271e-01	1.729604956741151722e-01	2.437855336956113173e-01	1.461524926924051559e-01	7.010174865866466987e-02	2.783004772469947763e-02	7.208078300500994628e-02
1.076887649559666215e+03	2.668589593825684281e-01	1.728059202363112223e-01	2.439518984800346513e-01	1.462480786949447165e-01	7.013946802670251168e-02	2.785492446724113780e-02	7.214075071194438193e-02
1.078338980623762609e+03	2.666294378974501944e-01	1.726515799371181048e-01	2.441179755363708792e-01	1.463434907372246629e-01	7.017712077656186598e-02	2.787977989487533739e-02	7.220061522014595279e-02
1.079790311687859230e+03	2.664003331762263560e-01	1.724974745537930232e-01	2.442837653429912603e-01	1.464387291780616662e-01	7.021470711149174759e-02	2.790461392612983427e-02	7.226037671105313420e-02
1.081241642751955851e+03	2.661716443042956293e-01	1.723436038627544076e-01	2.444492683775235653e-01	1.465337943752607341e-01	7.025222723348963083e-02	2.792942648045054418e-02	7.232003536597253479e-02
1.082692973816052472e+03	2.659433703700999629e-01	1.721899676395917955e-01	2.446144851168530199e-01	1.466286866856211513e-01	7.028968134331169126e-02	2.795421747819452907e-02	7.237959136607492738e-02
1.084144304880149093e+03	2.657155104651084399e-01	1.720365656590757686e-01	2.447794160371231376e-01	1.467234064649424741e-01	7.032706964048293652e-02	2.797898684062302688e-02	7.243904489239134936e-02
1.085595635944245487e+03	2.654880636838017338e-01	1.718833976951678055e-01	2.449440616137364135e-01	1.468179540680301653e-01	7.036439232330728155e-02	2.800373448989450925e-02	7.249839612580928627e-02
1.087046967008342108e+03	2.652610291236564555e-01	1.717304635210298303e-01	2.451084223213551849e-01	1.469123298487015894e-01	7.040164958887738800e-02	2.802846034905782588e-02	7.255764524706893870e-02
1.088498298072438729e+03	2.650344058851295537e-01	1.715777629090339818e-01	2.452724986339025748e-01	1.470065341597915076e-01	7.043884163308460067e-02	2.805316434204537315e-02	7.261679243675955853e-02
1.089949629136535123e+03	2.648081930716430499e-01	1.714252956307722175e-01	2.454362910245631579e-01	1.471005673531578517e-01	7.047596865062868976e-02	2.807784639366630794e-02	7.267583787531585460e-02
1.091400960200631971e+03	2.645823897895685506e-01	1.712730614570656951e-01	2.455997999657839603e-01	1.471944297796871914e-01	7.051303083502756530e-02	2.810250642959982378e-02	7.273478174301441224e-02
1.092852291264728365e+03	2.643569951482119262e-01	1.711210601579742363e-01	2.457630259292750141e-01	1.472881217893003691e-01	7.055002837862683895e-02	2.812714437638848611e-02	7.279362421997033483e-02
1.094303622328825213e+03	2.641320082597985452e-01	1.709692915028056814e-01	2.459259693860104401e-01	1.473816437309578009e-01	7.058696147260935805e-02	2.815176016143159168e-02	7.285236548613376051e-02
1.095754953392921607e+03	2.639074282394580084e-01	1.708177552601252425e-01	2.460886308062291417e-01	1.474749959526649723e-01	7.062383030700467024e-02	2.817635371297857669e-02	7.291100572128664248e-02
1.097206284457018228e+03	2.636832542052091610e-01	1.706664511977644405e-01	2.462510106594356929e-01	1.475681788014777673e-01	7.066063507069829386e-02	2.820092496012248373e-02	7.296954510503940450e-02
1.098657615521114849e+03	2.634594852779454932e-01	1.705153790828306537e-01	2.464131094144011436e-01	1.476611926235076588e-01	7.069737595144109932e-02	2.822547383279349134e-02	7.302798381682781836e-02
1.100108946585211470e+03	2.632361205814201521e-01	1.703645386817157492e-01	2.465749275391637962e-01	1.477540377639269820e-01	7.073405313585842680e-02	2.825000026175243997e-02	7.308632203590985366e-02
1.101560277649308091e+03	2.630131592422315645e-01	1.702139297601053536e-01	2.467364655010301777e-01	1.478467145669740135e-01	7.077066680945916233e-02	2.827450417858445864e-02	7.314455994136266626e-02
1.103011608713404712e+03	2.627906003898087817e-01	1.700635520829876512e-01	2.468977237665757607e-01	1.479392233759581898e-01	7.080721715664488325e-02	2.829898551569261581e-02	7.320269771207953136e-02
1.104462939777501106e+03	2.625684431563969357e-01	1.699134054146622941e-01	2.470587028016458242e-01	1.480315645332651309e-01	7.084370436071867061e-02	2.832344420629159462e-02	7.326073552676697076e-02
1.105914270841597499e+03	2.623466866770430284e-01	1.697634895187491166e-01	2.472194030713563695e-01	1.481237383803614416e-01	7.088012860389411585e-02	2.834788018440145482e-02	7.331867356394186630e-02
1.107365601905694348e+03	2.621253300895816651e-01	1.696138041581969069e-01	2.473798250400948140e-01	1.482157452577999024e-01	7.091649006730400828e-02	2.837229338484141203e-02	7.337651200192864265e-02
1.108816932969790741e+03	2.619043725346208995e-01	1.694643490952920384e-01	2.475399691715209349e-01	1.483075855052241598e-01	7.095278893100911977e-02	2.839668374322366559e-02	7.343425101885650563e-02
1.110268264033887590e+03	2.616838131555280222e-01	1.693151240916669908e-01	2.476998359285677020e-01	1.483992594613736948e-01	7.098902537400683666e-02	2.842105119594727503e-02	7.349189079265680546e-02
1.111719595097984211e+03	2.614636510984157947e-01	1.691661289083088993e-01	2.478594257734419992e-01	1.484907674640884578e-01	7.102519957423969466e-02	2.844539568019208153e-02	7.354943150106033056e-02
1.113170926162080832e+03	2.612438855121284043e-01	1.690173633055680191e-01	2.480187391676257902e-01	1.485821098503137261e-01	7.106131170860392754e-02	2.846971713391267811e-02	7.360687332159474017e-02
1.114622257226177226e+03	2.610245155482277535e-01	1.688688270431660532e-01	2.481777765718765072e-01	1.486732869561046277e-01	7.109736195295784933e-02	2.849401549583240392e-02	7.366421643158206634e-02
1.116073588290273847e+03	2.608055403609796374e-01	1.687205198802045336e-01	2.483365384462282999e-01	1.487642991166309714e-01	7.113335048213020873e-02	2.851829070543739769e-02	7.372146100813625758e-02
1.117524919354370468e+03	2.605869591073403102e-01	1.685724415751729544e-01	2.484950252499925905e-01	1.488551466661816036e-01	7.116927746992848802e-02	2.854254270297070309e-02	7.377860722816069472e-02
1.118976250418467089e+03	2.603687709469427181e-01	1.684245918859570423e-01	2.486532374417592117e-01	1.489458299381690443e-01	7.120514308914704937e-02	2.856677142942639150e-02	7.383565526834587334e-02
1.120427581482563710e+03	2.601509750420833433e-01	1.682769705698468898e-01	2.488111754793969344e-01	1.490363492651339827e-01	7.124094751157533656e-02	2.859097682654374029e-02	7.389260530516712777e-02
1.121878912546660331e+03	2.599335705577086597e-01	1.681295773835448648e-01	2.489688398200545771e-01	1.491267049787496635e-01	7.127669090800592411e-02	2.861515883680146657e-02	7.394945751488227192e-02
1.123330243610756725e+03	2.597165566614017540e-01	1.679824120831737710e-01	2.491262309201617287e-01	1.492168974098262990e-01	7.131237344824242763e-02	2.863931740341197144e-02	7.400621207352947595e-02
1.124781574674853118e+03	2.594999325233694476e-01	1.678354744242847030e-01	2.492833492354296077e-01	1.493069268883153722e-01	7.134799530110756682e-02	2.866345247031566734e-02	7.406286915692505968e-02
1.126232905738949967e+03	2.592836973164289738e-01	1.676887641618648450e-01	2.494401952208520068e-01	1.493967937433139936e-01	7.138355663445090926e-02	2.868756398217529521e-02	7.411942894066141096e-02
1.127684236803046360e+03	2.590678502159950436e-01	1.675422810503454096e-01	2.495967693307060420e-01	1.494864983030690930e-01	7.141905761515666973e-02	2.871165188437033514e-02	7.417589160010486238e-02
1.129135567867143209e+03	2.588523904000668563e-01	1.673960248436092424e-01	2.497530720185530684e-01	1.495760408949815545e-01	7.145449840915149564e-02	2.873571612299141362e-02	7.423225731039373443e-02
1.130586898931239830e+03	2.586373170492154427e-01	1.672499952949986213e-01	2.499091037372394575e-01	1.496654218456105745e-01	7.148987918141207210e-02	2.875975664483478716e-02	7.428852624643636493e-02
1.132038229995336451e+03	2.584226293465706203e-01	1.671041921573227784e-01	2.500648649388975686e-01	1.497546414806776305e-01	7.152520009597269912e-02	2.878377339739683974e-02	7.434469858290912447e-02
1.133489561059432845e+03	2.582083264778084475e-01	1.669586151828655052e-01	2.502203560749466371e-01	1.498437001250706446e-01	7.156046131593282733e-02	2.880776632886862879e-02	7.440077449425459843e-02
1.134940892123529466e+03	2.579944076311386780e-01	1.668132641233926461e-01	2.503755775960933572e-01	1.499325981028478694e-01	7.159566300346452417e-02	2.883173538813047637e-02	7.445675415467968572e-02
1.136392223187626087e+03	2.577808719972922713e-01	1.666681387301594819e-01	2.505305299523331031e-01	1.500213357372420508e-01	7.163080531981988464e-02	2.885568052474659848e-02	7.451263773815386404e-02
1.137843554251722708e+03	2.575677187695086245e-01	1.665232387539182790e-01	2.506852135929505399e-01	1.501099133506643146e-01	7.166588842533828940e-02	2.887960168895975510e-02	7.456842541840742744e-02
1.139294885315819101e+03	2.573549471435237490e-01	1.663785639449253950e-01	2.508396289665206225e-01	1.501983312647081070e-01	7.170091247945374613e-02	2.890349883168596631e-02	7.462411736892975156e-02
1.140746216379915950e+03	2.571425563175575579e-01	1.662341140529486339e-01	2.509937765209093175e-01	1.502865898001529421e-01	7.173587764070205042e-02	2.892737190450925949e-02	7.467971376296762831e-02
1.142197547444012343e+03	2.569305454923018206e-01	1.660898888272744900e-01	2.511476567032747131e-01	1.503746892769684262e-01	7.177078406672794675e-02	2.895122085967642353e-02	7.473521477352364217e-02
1.143648878508108737e+03	2.567189138709080054e-01	1.659458880167153094e-01	2.513012699600676303e-01	1.504626300143178941e-01	7.180563191429220615e-02	2.897504565009185323e-02	7.479062057335462976e-02
1.145100209572205586e+03	2.565076606589753450e-01	1.658021113696163396e-01	2.514546167370325658e-01	1.505504123305622666e-01	7.184042133927863449e-02	2.899884622931239719e-02	7.484593133497007000e-02
1.146551540636302207e+03	2.562967850645387347e-01	1.656585586338626681e-01	2.516076974792085807e-01	1.506380365432637702e-01	7.187515249670101136e-02	2.902262255154224382e-02	7.490114723063061308e-02
1.148002871700398828e+03	2.560862862980569643e-01	1.655152295568864118e-01	2.517605126309302443e-01	1.507255029691895731e-01	7.190982554071005672e-02	2.904637457162785943e-02	7.495626843234655390e-02
1.149454202764495449e+03	2.558761635724007277e-01	1.653721238856735165e-01	2.519130626358283553e-01	1.508128119243153931e-01	7.194444062460018940e-02	2.907010224505294713e-02	7.501129511187649979e-02
1.150905533828591842e+03	2.556664161028411320e-01	1.652292413667706128e-01	2.520653479368309413e-01	1.508999637238292724e-01	7.197899790081639659e-02	2.909380552793345426e-02	7.506622744072588560e-02
1.152356864892688463e+03	2.554570431070377623e-01	1.650865817462918439e-01	2.522173689761640358e-01	1.509869586821349918e-01	7.201349752096083967e-02	2.911748437701261807e-02	7.512106559014564144e-02
1.153808195956785084e+03	2.552480438050273581e-01	1.649441447699256658e-01	2.523691261953525666e-01	1.510737971128556789e-01	7.204793963579965432e-02	2.914113874965603215e-02	7.517580973113087428e-02
1.155259527020881706e+03	2.550394174192119334e-01	1.648019301829415639e-01	2.525206200352211883e-01	1.511604793288373050e-01	7.208232439526943147e-02	2.916476860384676489e-02	7.523046003441957730e-02
1.156710858084978327e+03	2.548311631743477856e-01	1.646599377301966871e-01	2.526718509358954479e-01	1.512470056421521825e-01	7.211665194848389249e-02	2.918837389818049882e-02	7.528501667049135315e-02
1.158162189149074720e+03	2.546232802975338383e-01	1.645181671561423697e-01	2.528228193368020627e-01	1.513333763641023511e-01	7.215092244374025909e-02	2.921195459186071500e-02	7.533947980956622048e-02
1.159613520213171569e+03	2.544157680182003722e-01	1.643766182048307933e-01	2.529735256766704188e-01	1.514195918052230472e-01	7.218513602852577593e-02	2.923551064469392252e-02	7.539384962160342041e-02
1.161064851277267962e+03	2.542086255680978679e-01	1.642352906199214535e-01	2.531239703935330709e-01	1.515056522752860069e-01	7.221929284952410821e-02	2.925904201708489499e-02	7.544812627630027857e-02
1.162516182341364356e+03	2.540018521812859031e-01	1.640941841446875438e-01	2.532741539247267415e-01	1.515915580833029352e-01	7.225339305262158673e-02	2.928254867003196593e-02	7.550230994309101162e-02
1.163967513405461204e+03	2.537954470941217733e-01	1.639532985220224504e-01	2.534240767068931532e-01	1.516773095375286429e-01	7.228743678291357777e-02	2.930603056512234156e-02	7.555640079114575580e-02
1.165418844469557826e+03	2.535894095452498331e-01	1.638126334944459694e-01	2.535737391759799175e-01	1.517629069454644319e-01	7.232142418471063094e-02	2.932948766452746908e-02	7.561039898936937342e-02
1.166870175533654447e+03	2.533837387755905612e-01	1.636721888041106632e-01	2.537231417672414224e-01	1.518483506138613714e-01	7.235535540154469647e-02	2.935291993099842234e-02	7.566430470640049533e-02
1.168321506597751068e+03	2.531784340283291801e-01	1.635319641928081325e-01	2.538722849152398320e-01	1.519336408487234613e-01	7.238923057617520362e-02	2.937632732786131518e-02	7.571811811061059105e-02
1.169772837661847461e+03	2.529734945489054421e-01	1.633919594019751509e-01	2.540211690538456413e-01	1.520187779553107688e-01	7.242304985059519473e-02	2.939970981901276342e-02	7.577183937010283088e-02
1.171224168725944082e+03	2.527689195850026382e-01	1.632521741726998266e-01	2.541697946162387867e-01	1.521037622381427035e-01	7.245681336603723710e-02	2.942306736891538155e-02	7.582546865271129477e-02
1.172675499790040703e+03	2.525647083865368847e-01	1.631126082457276527e-01	2.543181620349095340e-01	1.521885940010010430e-01	7.249052126297945986e-02	2.944639994259329319e-02	7.587900612599997319e-02
1.174126830854137097e+03	2.523608602056466310e-01	1.629732613614676695e-01	2.544662717416593667e-01	1.522732735469331522e-01	7.252417368115143814e-02	2.946970750562768679e-02	7.593245195726194829e-02
1.175578161918233945e+03	2.521573742966820020e-01	1.628341332599983482e-01	2.546141241676017075e-01	1.523578011782548980e-01	7.255777075954006339e-02	2.949299002415241289e-02	7.598580631351849191e-02
1.177029492982330339e+03	2.519542499161944726e-01	1.626952236810734753e-01	2.547617197431629732e-01	1.524421771965538408e-01	7.259131263639533038e-02	2.951624746484959871e-02	7.603906936151826057e-02
1.178480824046426733e+03	2.517514863229265432e-01	1.625565323641282034e-01	2.549090588980832406e-01	1.525264019026921214e-01	7.262479944923613817e-02	2.953947979494529058e-02	7.609224126773646291e-02
1.179932155110523581e+03	2.515490827778009142e-01	1.624180590482848519e-01	2.550561420614174679e-01	1.526104755968095417e-01	7.265823133485595220e-02	2.956268698220515176e-02	7.614532219837412408e-02
1.181383486174620202e+03	2.513470385439107724e-01	1.622798034723585969e-01	2.552029696615359944e-01	1.526943985783265068e-01	7.269160842932850808e-02	2.958586899493017425e-02	7.619831231935736415e-02
1.182834817238716823e+03	2.511453528865094098e-01	1.621417653748634391e-01	2.553495421261258169e-01	1.527781711459469394e-01	7.272493086801340434e-02	2.960902580195241135e-02	7.625121179633656543e-02
1.184286148302813444e+03	2.509440250729998989e-01	1.620039444940176709e-01	2.554958598821909233e-01	1.528617935976611941e-01	7.275819878556169518e-02	2.963215737263076577e-02	7.630402079468578957e-02
1.185737479366910065e+03	2.507430543729252115e-01	1.618663405677497336e-01	2.556419233560538462e-01	1.529452662307489441e-01	7.279141231592137218e-02	2.965526367684680545e-02	7.635673947950201434e-02
1.187188810431006686e+03	2.505424400579581157e-01	1.617289533337037122e-01	2.557877329733561078e-01	1.530285893417820398e-01	7.282457159234285993e-02	2.967834468500058984e-02	7.640936801560457847e-02
1.188640141495103080e+03	2.503421814018913505e-01	1.615917825292449428e-01	2.559332891590589965e-01	1.531117632266272843e-01	7.285767674738442834e-02	2.970140036800653777e-02	7.646190656753444614e-02
1.190091472559199701e+03	2.501422776806275228e-01	1.614548278914655910e-01	2.560785923374449546e-01	1.531947881804493483e-01	7.289072791291759112e-02	2.972443069728933698e-02	7.651435529955370740e-02
1.191542803623296322e+03	2.499427281721693095e-01	1.613180891571900089e-01	2.562236429321179676e-01	1.532776644977134617e-01	7.292372522013244873e-02	2.974743564477986060e-02	7.656671437564493976e-02
1.192994134687392716e+03	2.497435321566099653e-01	1.611815660629803415e-01	2.563684413660046735e-01	1.533603924721882450e-01	7.295666879954294803e-02	2.977041518291114255e-02	7.661898395951063923e-02
1.194445465751489564e+03	2.495446889161233028e-01	1.610452583451417730e-01	2.565129880613553071e-01	1.534429723969483461e-01	7.298955878099212813e-02	2.979336928461434955e-02	7.667116421457274844e-02
1.195896796815585958e+03	2.493461977349542003e-01	1.609091657397279107e-01	2.566572834397444214e-01	1.535254045643771881e-01	7.302239529365736614e-02	2.981629792331481899e-02	7.672325530397208770e-02
1.197348127879682352e+03	2.491480578994089423e-01	1.607732879825460592e-01	2.568013279220718870e-01	1.536076892661697446e-01	7.305517846605547039e-02	2.983920107292807947e-02	7.677525739056788312e-02
1.198799458943779200e+03	2.489502686978457280e-01	1.606376248091626324e-01	2.569451219285636134e-01	1.536898267933350382e-01	7.308790842604781512e-02	2.986207870785594423e-02	7.682717063693730863e-02
1.200250790007875821e+03	2.487528294206651780e-01	1.605021759549081772e-01	2.570886658787726597e-01	1.537718174361989987e-01	7.312058530084546148e-02	2.988493080298262189e-02	7.687899520537501419e-02
1.201702121071972442e+03	2.485557393603009813e-01	1.603669411548827028e-01	2.572319601915800669e-01	1.538536614844067951e-01	7.315320921701409795e-02	2.990775733367083064e-02	7.693073125789269551e-02
1.203153452136069063e+03	2.483589978112104857e-01	1.602319201439607044e-01	2.573750052851955794e-01	1.539353592269257220e-01	7.318578030047906413e-02	2.993055827575797842e-02	7.698237895621871940e-02
1.204604783200165684e+03	2.481626040698654834e-01	1.600971126567962421e-01	2.575178015771586448e-01	1.540169109520475033e-01	7.321829867653031898e-02	2.995333360555233956e-02	7.703393846179770743e-02
1.206056114264262078e+03	2.479665574347428569e-01	1.599625184278281320e-01	2.576603494843394682e-01	1.540983169473911507e-01	7.325076446982728418e-02	2.997608329982928005e-02	7.708540993579016121e-02
1.207507445328358699e+03	2.477708572063155035e-01	1.598281371912847471e-01	2.578026494229395116e-01	1.541795774999051571e-01	7.328317780440375684e-02	2.999880733582750703e-02	7.713679353907210157e-02
1.208958776392455093e+03	2.475755026870431752e-01	1.596939686811892911e-01	2.579447018084927712e-01	1.542606928958702717e-01	7.331553880367269738e-02	3.002150569124531834e-02	7.718808943223479102e-02
1.210410107456551941e+03	2.473804931813634311e-01	1.595600126313643508e-01	2.580865070558663876e-01	1.543416634209018867e-01	7.334784759043100344e-02	3.004417834423693881e-02	7.723929777558435905e-02
1.211861438520648335e+03	2.471858279956826443e-01	1.594262687754370578e-01	2.582280655792616453e-01	1.544224893599524528e-01	7.338010428686424225e-02	3.006682527340881830e-02	7.729041872914152456e-02
1.213312769584745183e+03	2.469915064383669534e-01	1.592927368468438076e-01	2.583693777922148049e-01	1.545031709973140321e-01	7.341230901455136904e-02	3.008944645781600272e-02	7.734145245264133217e-02
1.214764100648841804e+03	2.467975278197335476e-01	1.591594165788350890e-01	2.585104441075981585e-01	1.545837086166206853e-01	7.344446189446939000e-02	3.011204187695850146e-02	7.739239910553288859e-02
1.216215431712937971e+03	2.466038914520415903e-01	1.590263077044802575e-01	2.586512649376208617e-01	1.546641025008508030e-01	7.347656304699791419e-02	3.013461151077771391e-02	7.744325884697909890e-02
1.217666762777034819e+03	2.464105966494836431e-01	1.588934099566722824e-01	2.587918406938295446e-01	1.547443529323296874e-01	7.350861259192380259e-02	3.015715533965284550e-02	7.749403183585644450e-02
1.219118093841131440e+03	2.462176427281768387e-01	1.587607230681324089e-01	2.589321717871094775e-01	1.548244601927316888e-01	7.354061064844569229e-02	3.017967334439738275e-02	7.754471823075477499e-02
1.220569424905228061e+03	2.460250290061541667e-01	1.586282467714147937e-01	2.590722586276854034e-01	1.549044245630827321e-01	7.357255733517847895e-02	3.020216550625556481e-02	7.759531818997711383e-02
1.222020755969324682e+03	2.458327548033559795e-01	1.584959807989111402e-01	2.592121016251224819e-01	1.549842463237625090e-01	7.360445277015779941e-02	3.022463180689890019e-02	7.764583187153950572e-02
1.223472087033421303e+03	2.456408194416212221e-01	1.583639248828552226e-01	2.593517011883270107e-01	1.550639257545069205e-01	7.363629707084443088e-02	3.024707222842272156e-02	7.769625943317080841e-02
1.224923418097517697e+03	2.454492222446791327e-01	1.582320787553274655e-01	2.594910577255473694e-01	1.551434631344103532e-01	7.366809035412869022e-02	3.026948675334272323e-02	7.774660103231256780e-02
1.226374749161614318e+03	2.452579625381405559e-01	1.581004421482594957e-01	2.596301716443751295e-01	1.552228587419278716e-01	7.369983273633481935e-02	3.029187536459156116e-02	7.779685682611887920e-02
1.227826080225710712e+03	2.450670396494897263e-01	1.579690147934384725e-01	2.597690433517456099e-01	1.553021128548775220e-01	7.373152433322524568e-02	3.031423804551547710e-02	7.784702697145627626e-02
1.229277411289807560e+03	2.448764529080757202e-01	1.578377964225116392e-01	2.599076732539389867e-01	1.553812257504426086e-01	7.376316526000488427e-02	3.033657477987091941e-02	7.789711162490360608e-02
1.230728742353903954e+03	2.446862016451043786e-01	1.577067867669905143e-01	2.600460617565810706e-01	1.554601977051738859e-01	7.379475563132542604e-02	3.035888555182120890e-02	7.794711094275195984e-02
1.232180073418000802e+03	2.444962851936298143e-01	1.575759855582554714e-01	2.601842092646441396e-01	1.555390289949916960e-01	7.382629556128943171e-02	3.038117034593324287e-02	7.799702508100458953e-02
1.233631404482097196e+03	2.443067028885462511e-01	1.574453925275599020e-01	2.603221161824481600e-01	1.556177198951883556e-01	7.385778516345464784e-02	3.040342914717418868e-02	7.804685419537686630e-02
1.235082735546193817e+03	2.441174540665799753e-01	1.573150074060345738e-01	2.604597829136612308e-01	1.556962706804301544e-01	7.388922455083801744e-02	3.042566194090822601e-02	7.809659844129619721e-02
1.236534066610290438e+03	2.439285380662810920e-01	1.571848299246918212e-01	2.605972098613008048e-01	1.557746816247595201e-01	7.392061383591982948e-02	3.044786871289330982e-02	7.814625797390199746e-02
1.237985397674387059e+03	2.437399542280155873e-01	1.570548598144297370e-01	2.607343974277343546e-01	1.558529530015972941e-01	7.395195313064781284e-02	3.047004944927795417e-02	7.819583294804566265e-02
1.239436728738483680e+03	2.435517018939571954e-01	1.569250968060363627e-01	2.608713460146803720e-01	1.559310850837446472e-01	7.398324254644113307e-02	3.049220413659803688e-02	7.824532351829061039e-02
1.240888059802580301e+03	2.433637804080795164e-01	1.567955406301938248e-01	2.610080560232092561e-01	1.560090781433854101e-01	7.401448219419441699e-02	3.051433276177363541e-02	7.829472983891221094e-02
1.242339390866676695e+03	2.431761891161480504e-01	1.566661910174824701e-01	2.611445278537442571e-01	1.560869324520880730e-01	7.404567218428169395e-02	3.053643531210587653e-02	7.834405206389787046e-02
1.243790721930773088e+03	2.429889273657123983e-01	1.565370476983848624e-01	2.612807619060621978e-01	1.561646482808077829e-01	7.407681262656033716e-02	3.055851177527381737e-02	7.839329034694696163e-02
1.245242052994869937e+03	2.428019945060982954e-01	1.564081104032898628e-01	2.614167585792943060e-01	1.562422258998885094e-01	7.410790363037496331e-02	3.058056213933134718e-02	7.844244484147099017e-02
1.246693384058966330e+03	2.426153898884000903e-01	1.562793788624965985e-01	2.615525182719276587e-01	1.563196655790650702e-01	7.413894530456131837e-02	3.060258639270410294e-02	7.849151570059352545e-02
1.248144715123063179e+03	2.424291128654727234e-01	1.561508528062184320e-01	2.616880413818052364e-01	1.563969675874651299e-01	7.416993775745005235e-02	3.062458452418643368e-02	7.854050307715035317e-02
1.249596046187159800e+03	2.422431627919242603e-01	1.560225319645869302e-01	2.618233283061274230e-01	1.564741321936113372e-01	7.420088109687061895e-02	3.064655652293834728e-02	7.858940712368944759e-02
1.251047377251256421e+03	2.420575390241082314e-01	1.558944160676557222e-01	2.619583794414527267e-01	1.565511596654231008e-01	7.423177543015496704e-02	3.066850237848251295e-02	7.863822799247117967e-02
1.252498708315352815e+03	2.418722409201159440e-01	1.557665048454043022e-01	2.620931951836985574e-01	1.566280502702188104e-01	7.426262086414130159e-02	3.069042208070128092e-02	7.868696583546831713e-02
1.253950039379449436e+03	2.416872678397690155e-01	1.556387980277419980e-01	2.622277759281422260e-01	1.567048042747176684e-01	7.429341750517777510e-02	3.071231561983370911e-02	7.873562080436616317e-02
1.255401370443546057e+03	2.415026191446118797e-01	1.555112953445116908e-01	2.623621220694218326e-01	1.567814219450416879e-01	7.432416545912619299e-02	3.073418298647262112e-02	7.878419305056262589e-02
1.256852701507642678e+03	2.413182941979043206e-01	1.553839965254935340e-01	2.624962340015370987e-01	1.568579035467176919e-01	7.435486483136566349e-02	3.075602417156168486e-02	7.883268272516845421e-02
1.258304032571739299e+03	2.411342923646141723e-01	1.552569013004088117e-01	2.626301121178503672e-01	1.569342493446791997e-01	7.438551572679617807e-02	3.077783916639251910e-02	7.888108997900726560e-02
1.259755363635835920e+03	2.409506130114097144e-01	1.551300093989235462e-01	2.627637568110872124e-01	1.570104596032683153e-01	7.441611824984220580e-02	3.079962796260181032e-02	7.892941496261572654e-02
1.261206694699932314e+03	2.407672555066525666e-01	1.550033205506521627e-01	2.628971684733376613e-01	1.570865345862376694e-01	7.444667250445628770e-02	3.082139055216845044e-02	7.897765782624370512e-02
1.262658025764028707e+03	2.405842192203903884e-01	1.548768344851611800e-01	2.630303474960569154e-01	1.571624745567523629e-01	7.447717859412253394e-02	3.084312692741071962e-02	7.902581871985443762e-02
1.264109356828125556e+03	2.404015035243495524e-01	1.547505509319728190e-01	2.631632942700662392e-01	1.572382797773917706e-01	7.450763662186005165e-02	3.086483708098344825e-02	7.907389779312470890e-02
1.265560687892221949e+03	2.402191077919281215e-01	1.546244696205685276e-01	2.632960091855537921e-01	1.573139505101514013e-01	7.453804669022653928e-02	3.088652100587524485e-02	7.912189519544500504e-02
1.267012018956318798e+03	2.400370313981885217e-01	1.544985902803925892e-01	2.634284926320756282e-01	1.573894870164448123e-01	7.456840890132165889e-02	3.090817869540569973e-02	7.916981107591974931e-02
1.268463350020415419e+03	2.398552737198505758e-01	1.543729126408555918e-01	2.635607449985565842e-01	1.574648895571054419e-01	7.459872335679042232e-02	3.092981014322265451e-02	7.921764558336746864e-02
1.269914681084511813e+03	2.396738341352843971e-01	1.542474364313378976e-01	2.636927666732910569e-01	1.575401583923884130e-01	7.462899015782657741e-02	3.095141534329946126e-02	7.926539886632098797e-02
1.271366012148608434e+03	2.394927120245033958e-01	1.541221613811931956e-01	2.638245580439438354e-01	1.576152937819723654e-01	7.465920940517604965e-02	3.097299428993226245e-02	7.931307107302766612e-02
1.272817343212705055e+03	2.393119067691572843e-01	1.539970872197518326e-01	2.639561194975512670e-01	1.576902959849612318e-01	7.468938119914013407e-02	3.099454697773730560e-02	7.936066235144965952e-02
1.274268674276801676e+03	2.391314177525251661e-01	1.538722136763242820e-01	2.640874514205219792e-01	1.577651652598860976e-01	7.471950563957885372e-02	3.101607340164828225e-02	7.940817284926406094e-02
1.275720005340898297e+03	2.389512443595086522e-01	1.537475404802043921e-01	2.642185541986376007e-01	1.578399018647069219e-01	7.474958282591427638e-02	3.103757355691365294e-02	7.945560271386321871e-02
1.277171336404994690e+03	2.387713859766249502e-01	1.536230673606728825e-01	2.643494282170539833e-01	1.579145060568143133e-01	7.477961285713367878e-02	3.105904743909402438e-02	7.950295209235494487e-02
1.278622667469091539e+03	2.385918419920001476e-01	1.534987940470005086e-01	2.644800738603016454e-01	1.579889780930313070e-01	7.480959583179278005e-02	3.108049504405954733e-02	7.955022113156279273e-02
1.280073998533187932e+03	2.384126117953624113e-01	1.533747202684515032e-01	2.646104915122871604e-01	1.580633182296151684e-01	7.483953184801894754e-02	3.110191636798730064e-02	7.959740997802627893e-02
1.281525329597284326e+03	2.382336947780352154e-01	1.532508457542866853e-01	2.647406815562936000e-01	1.581375267222589476e-01	7.486942100351437479e-02	3.112331140735873428e-02	7.964451877800121649e-02
1.282976660661381175e+03	2.380550903329307910e-01	1.531271702337667073e-01	2.648706443749817008e-01	1.582116038260934221e-01	7.489926339555914858e-02	3.114468015895711234e-02	7.969154767745993684e-02
1.284427991725477568e+03	2.378767978545432704e-01	1.530036934361553302e-01	2.650003803503906408e-01	1.582855497956887070e-01	7.492905912101444077e-02	3.116602261986496300e-02	7.973849682209158130e-02
1.285879322789574417e+03	2.376988167389422202e-01	1.528804150907224768e-01	2.651298898639388169e-01	1.583593648850559477e-01	7.495880827632553367e-02	3.118733878746157012e-02	7.978536635730240634e-02
1.287330653853671038e+03	2.375211463837660630e-01	1.527573349267474789e-01	2.652591732964249549e-01	1.584330493476490131e-01	7.498851095752488705e-02	3.120862865942047523e-02	7.983215642821608893e-02
1.288781984917767431e+03	2.373437861882155553e-01	1.526344526735222140e-01	2.653882310280287760e-01	1.585066034363662446e-01	7.501816726023520510e-02	3.122989223370698994e-02	7.987886717967397632e-02
1.290233315981864052e+03	2.371667355530472088e-01	1.525117680603540748e-01	2.655170634383121064e-01	1.585800274035519819e-01	7.504777727967240630e-02	3.125112950857574651e-02	7.992549875623544686e-02
