1.001418434226643626e+03	2.793185143581272678e-01	1.812176774104376775e-01	2.349439855481890715e-01	1.410586493370122319e-01	6.811269864659420803e-02	2.655574007754271659e-02	6.879273462184171128e-02
1.003837319333471214e+03	2.788962891617041695e-01	1.809411500565845932e-01	2.352472980757835119e-01	1.412340519313931286e-01	6.818166875991146791e-02	2.659919860935461983e-02	6.890034340501338672e-02
1.006256204440298802e+03	2.784753688006810224e-01	1.806652999141988847e-01	2.355497427721682802e-01	1.414089110383504877e-01	6.825042258289963637e-02	2.664261217968093287e-02	6.900764271176557108e-02
1.008675089547126618e+03	2.780557483723952727e-01	1.803901260714254051e-01	2.358513220049116565e-01	1.415832285284177872e-01	6.831896143330046245e-02	2.668598009614602667e-02	6.911463349314816984e-02
1.011093974653954206e+03	2.776374230009902577e-01	1.801156276088719255e-01	2.361520381357359311e-01	1.417570062642940221e-01	6.838728661228513084e-02	2.672930167818701394e-02	6.922131669938048903e-02
1.013512859760782021e+03	2.772203878371985453e-01	1.798418035997343956e-01	2.364518935205258965e-01	1.419302461009088467e-01	6.845539940472261664e-02	2.677257625689636461e-02	6.932769327975804585e-02
1.015931744867609382e+03	2.768046380581276056e-01	1.795686531099210115e-01	2.367508905093373694e-01	1.421029498854864681e-01	6.852330107944311355e-02	2.681580317486653015e-02	6.943376418256257121e-02
1.018350629974437197e+03	2.763901688670475920e-01	1.792961751981745344e-01	2.370490314464056281e-01	1.422751194576081790e-01	6.859099288949706275e-02	2.685898178603653152e-02	6.953953035497514867e-02
1.020769515081264785e+03	2.759769754931809538e-01	1.790243689161935270e-01	2.373463186701540717e-01	1.424467566492736703e-01	6.865847607240953276e-02	2.690211145554054564e-02	6.964499274299228160e-02
1.023188400188092373e+03	2.755650531914951018e-01	1.787532333087519520e-01	2.376427545132027697e-01	1.426178632849612049e-01	6.872575185043022783e-02	2.694519155955842071e-02	6.975015229134491623e-02
1.025607285294920075e+03	2.751543972424960183e-01	1.784827674138176334e-01	2.379383413023772043e-01	1.427884411816862931e-01	6.879282143077911083e-02	2.698822148516810335e-02	6.985500994342025427e-02
1.028026170401747549e+03	2.747450029520248638e-01	1.782129702626689682e-01	2.382330813587169582e-01	1.429584921490597016e-01	6.885968600588775190e-02	2.703120063019995648e-02	6.995956664118641033e-02
1.030445055508575479e+03	2.743368656510563608e-01	1.779438408800106397e-01	2.385269769974845411e-01	1.431280179893438531e-01	6.892634675363654151e-02	2.707412840309296465e-02	7.006382332511965072e-02
1.032863940615402726e+03	2.739299806954992311e-01	1.776753782840879148e-01	2.388200305281741598e-01	1.432970204975083650e-01	6.899280483758769844e-02	2.711700422275276773e-02	7.016778093413435224e-02
1.035282825722230655e+03	2.735243434659985762e-01	1.774075814867994427e-01	2.391122442545206006e-01	1.434655014612845891e-01	6.905906140721433661e-02	2.715982751841151607e-02	7.027144040551543125e-02
1.037701710829058356e+03	2.731199493677402002e-01	1.771404494938088880e-01	2.394036204745082497e-01	1.436334626612188470e-01	6.912511759812545176e-02	2.720259772948953325e-02	7.037480267485325680e-02
1.040120595935886058e+03	2.727167938302574313e-01	1.768739813046553144e-01	2.396941614803799470e-01	1.438009058707248877e-01	6.919097453228709171e-02	2.724531430545876556e-02	7.047786867598099247e-02
1.042539481042713533e+03	2.723148723072390531e-01	1.766081759128621531e-01	2.399838695586459791e-01	1.439678328561352361e-01	6.925663331823975200e-02	2.728797670570795933e-02	7.058063934091424185e-02
1.044958366149541234e+03	2.719141802763400673e-01	1.763430323060449223e-01	2.402727469900933499e-01	1.441342453767515963e-01	6.932209505131187166e-02	2.733058439940959025e-02	7.068311559979302550e-02
1.047377251256368709e+03	2.715147132389933993e-01	1.760785494660178363e-01	2.405607960497946063e-01	1.443001451848943684e-01	6.938736081382980425e-02	2.737313686538849627e-02	7.078529838082585346e-02
1.049796136363196410e+03	2.711164667202246026e-01	1.758147263688990547e-01	2.408480190071171645e-01	1.444655340259511089e-01	6.945243167532406947e-02	2.741563359199221048e-02	7.088718861023617090e-02
1.052215021470024112e+03	2.707194362684673394e-01	1.755515619852146547e-01	2.411344181257324415e-01	1.446304136384243266e-01	6.951730869273206603e-02	2.745807407696294888e-02	7.098878721221056620e-02
1.054633906576851814e+03	2.703236174553815263e-01	1.752890552800015211e-01	2.414199956636250421e-01	1.447947857539781669e-01	6.958199291059738445e-02	2.750045782731124627e-02	7.109009510884936600e-02
1.057052791683679516e+03	2.699290058756728117e-01	1.750272052129089595e-01	2.417047538731021683e-01	1.449586520974844306e-01	6.964648536126560874e-02	2.754278435919123649e-02	7.119111322011896503e-02
1.059471676790506763e+03	2.695355971469142187e-01	1.747660107382991435e-01	2.419886950008028059e-01	1.451220143870676771e-01	6.971078706507675971e-02	2.758505319777751486e-02	7.129184246380611267e-02
1.061890561897334692e+03	2.691433869093689535e-01	1.745054708053464521e-01	2.422718212877070509e-01	1.452848743341494941e-01	6.977489903055451859e-02	2.762726387714359647e-02	7.139228375547418404e-02
1.064309447004162394e+03	2.687523708258158228e-01	1.742455843581354469e-01	2.425541349691455739e-01	1.454472336434921576e-01	6.983882225459217552e-02	2.766941594014193928e-02	7.149243800842113028e-02
1.066728332110990095e+03	2.683625445813759280e-01	1.739863503357579055e-01	2.428356382748090014e-01	1.456090940132413192e-01	6.990255772263531675e-02	2.771150893828552148e-02	7.159230613363928852e-02
1.069147217217817570e+03	2.679739038833407472e-01	1.737277676724086894e-01	2.431163334287574640e-01	1.457704571349680567e-01	6.996610640886154198e-02	2.775354243163092802e-02	7.169188903977682936e-02
1.071566102324645271e+03	2.675864444610027704e-01	1.734698352974803626e-01	2.433962226494299774e-01	1.459313246937102571e-01	7.002946927635701757e-02	2.779551598866296727e-02	7.179118763310093909e-02
1.073984987431472746e+03	2.672001620654868570e-01	1.732125521356568942e-01	2.436753081496539908e-01	1.460916983680131676e-01	7.009264727729001832e-02	2.783742918618073436e-02	7.189020281746257013e-02
1.076403872538300675e+03	2.668150524695840908e-01	1.729559171070060852e-01	2.439535921366550730e-01	1.462515798299693637e-01	7.015564135308158256e-02	2.787928160918520457e-02	7.198893549426277350e-02
1.078822757645127922e+03	2.664311114675868009e-01	1.726999291270709391e-01	2.442310768120663500e-01	1.464109707452580234e-01	7.021845243457316976e-02	2.792107285076822140e-02	7.208738656242061338e-02
1.081241642751955851e+03	2.660483348751251365e-01	1.724445871069601455e-01	2.445077643719382743e-01	1.465698727731835072e-01	7.028108144219158415e-02	2.796280251200295233e-02	7.218555691834245558e-02
1.083660527858783553e+03	2.656667185290056965e-01	1.721898899534372029e-01	2.447836570067482287e-01	1.467282875667133557e-01	7.034352928611101174e-02	2.800447020183573915e-02	7.228344745589276865e-02
1.086079412965611255e+03	2.652862582870513242e-01	1.719358365690087376e-01	2.450587569014102129e-01	1.468862167725156487e-01	7.040579686641233736e-02	2.804607553697935005e-02	7.238105906636636833e-02
1.088498298072438729e+03	2.649069500279425671e-01	1.716824258520116275e-01	2.453330662352846969e-01	1.470436620309958087e-01	7.046788507323975548e-02	2.808761814180761596e-02	7.247839263846192481e-02
1.090917183179266431e+03	2.645287896510608583e-01	1.714296566966991564e-01	2.456065871821881963e-01	1.472006249763327945e-01	7.052979478695475812e-02	2.812909764825142350e-02	7.257544905825681625e-02
1.093336068286093905e+03	2.641517730763330851e-01	1.711775279933262506e-01	2.458793219104031258e-01	1.473571072365146284e-01	7.059152687828749995e-02	2.817051369569605057e-02	7.267222920918330054e-02
1.095754953392921607e+03	2.637758962440777677e-01	1.709260386282334954e-01	2.461512725826878190e-01	1.475131104333735621e-01	7.065308220848562359e-02	2.821186593087982031e-02	7.276873397200592231e-02
1.098173838499749309e+03	2.634011551148524033e-01	1.706751874839303462e-01	2.464224413562860483e-01	1.476686361826204941e-01	7.071446162946054548e-02	2.825315400779409430e-02	7.286496422480005786e-02
1.100592723606577010e+03	2.630275456693029201e-01	1.704249734391772297e-01	2.466928303829371838e-01	1.478236860938791086e-01	7.077566598393128516e-02	2.829437758758451479e-02	7.296092084293172297e-02
1.103011608713404712e+03	2.626550639080141303e-01	1.701753953690667842e-01	2.469624418088859352e-01	1.479782617707191550e-01	7.083669610556593554e-02	2.833553633845356870e-02	7.305660469903844934e-02
1.105430493820231959e+03	2.622837058513615149e-01	1.699264521451040733e-01	2.472312777748923718e-01	1.481323648106896984e-01	7.089755281912063500e-02	2.837662993556438334e-02	7.315201666301132666e-02
1.107849378927059888e+03	2.619134675393648415e-01	1.696781426352858002e-01	2.474993404162418309e-01	1.482859968053513444e-01	7.095823694057631914e-02	2.841765806094576421e-02	7.324715760197807179e-02
1.110268264033887590e+03	2.615443450315430574e-01	1.694304657041786344e-01	2.477666318627549658e-01	1.484391593403085186e-01	7.101874927727312714e-02	2.845862040339849214e-02	7.334202838028709703e-02
1.112687149140715292e+03	2.611763344067706827e-01	1.691834202129967324e-01	2.480331542387977095e-01	1.485918539952407746e-01	7.107909062804257383e-02	2.849951665840279660e-02	7.343662985949266087e-02
1.115106034247542766e+03	2.608094317631350356e-01	1.689370050196780382e-01	2.482989096632913228e-01	1.487440823439341031e-01	7.113926178333744577e-02	2.854034652802705033e-02	7.353096289834096244e-02
1.117524919354370468e+03	2.604436332177955116e-01	1.686912189789599725e-01	2.485639002497224137e-01	1.488958459543115453e-01	7.119926352535962955e-02	2.858110972083763301e-02	7.362502835275720747e-02
1.119943804461197942e+03	2.600789349068440837e-01	1.684460609424540678e-01	2.488281281061531236e-01	1.490471463884634473e-01	7.125909662818570578e-02	2.862180595180998169e-02	7.371882707583350680e-02
1.122362689568025871e+03	2.597153329851667469e-01	1.682015297587196867e-01	2.490915953352311474e-01	1.491979852026773246e-01	7.131876185789050304e-02	2.866243494224076510e-02	7.381235991781773254e-02
1.124781574674853118e+03	2.593528236263066833e-01	1.679576242733369362e-01	2.493543040341999195e-01	1.493483639474672553e-01	7.137825997266861178e-02	2.870299641966122042e-02	7.390562772610330400e-02
1.127200459781681047e+03	2.589914030223285368e-01	1.677143433289788044e-01	2.496162562949086616e-01	1.494982841676028851e-01	7.143759172295378879e-02	2.874349011775160709e-02	7.399863134521963981e-02
1.129619344888508749e+03	2.586310673836842433e-01	1.674716857654820479e-01	2.498774542038227076e-01	1.496477474021382092e-01	7.149675785153641883e-02	2.878391577625674311e-02	7.409137161682353978e-02
1.132038229995336451e+03	2.582718129390796369e-01	1.672296504199178024e-01	2.501378998420336619e-01	1.497967551844397449e-01	7.155575909367908882e-02	2.882427314090268977e-02	7.418384937969133008e-02
1.134457115102163925e+03	2.579136359353428887e-01	1.669882361266608051e-01	2.503975952852693920e-01	1.499453090422144808e-01	7.161459617723013593e-02	2.886456196331447024e-02	7.427606546971177170e-02
1.136876000208991627e+03	2.575565326372938335e-01	1.667474417174581724e-01	2.506565426039046307e-01	1.500934104975374661e-01	7.167326982273533598e-02	2.890478200093487410e-02	7.436802071987963503e-02
1.139294885315819101e+03	2.572004993276146845e-01	1.665072660214971245e-01	2.509147438629709681e-01	1.502410610668789837e-01	7.173178074354777389e-02	2.894493301694430615e-02	7.445971596029013484e-02
1.141713770422646803e+03	2.568455323067220242e-01	1.662677078654719587e-01	2.511722011221670936e-01	1.503882622611314446e-01	7.179012964593592394e-02	2.898501478018169694e-02	7.455115201813383718e-02
1.144132655529474505e+03	2.564916278926396287e-01	1.660287660736503024e-01	2.514289164358693429e-01	1.505350155856359229e-01	7.184831722918985641e-02	2.902502706506641245e-02	7.464232971769248215e-02
1.146551540636302207e+03	2.561387824208731789e-01	1.657904394679383109e-01	2.516848918531418011e-01	1.506813225402084677e-01	7.190634418572573738e-02	2.906496965152118028e-02	7.473324988033526461e-02
1.148970425743129908e+03	2.557869922442853605e-01	1.655527268679455599e-01	2.519401294177466277e-01	1.508271846191659160e-01	7.196421120118856596e-02	2.910484232489605680e-02	7.482391332451580890e-02
1.151389310849957155e+03	2.554362537329728511e-01	1.653156270910485781e-01	2.521946311681544928e-01	1.509726033113516219e-01	7.202191895455324622e-02	2.914464487589331007e-02	7.491432086576974014e-02
1.153808195956785084e+03	2.550865632741441402e-01	1.650791389524539909e-01	2.524483991375547909e-01	1.511175801001606311e-01	7.207946811822406319e-02	2.918437710049335068e-02	7.500447331671286633e-02
1.156227081063612786e+03	2.547379172719981821e-01	1.648432612652608042e-01	2.527014353538662994e-01	1.512621164635647997e-01	7.213685935813234085e-02	2.922403879988157496e-02	7.509437148703987375e-02
1.158645966170440488e+03	2.543903121476048801e-01	1.646079928405218828e-01	2.529537418397471704e-01	1.514062138741376351e-01	7.219409333383268457e-02	2.926362978037618315e-02	7.518401618352360538e-02
1.161064851277267962e+03	2.540437443387860705e-01	1.643733324873046520e-01	2.532053206126055334e-01	1.515498737990784994e-01	7.225117069859747498e-02	2.930314985335692735e-02	7.527340821001485272e-02
1.163483736384095664e+03	2.536982102999980615e-01	1.641392790127512991e-01	2.534561736846100422e-01	1.516930977002371728e-01	7.230809209950997407e-02	2.934259883519477891e-02	7.536254836744271657e-02
1.165902621490923138e+03	2.533537065022149481e-01	1.639058312221379210e-01	2.537063030627000337e-01	1.518358870341375011e-01	7.236485817755575201e-02	2.938197654718252561e-02	7.545143745381530098e-02
1.168321506597751068e+03	2.530102294328132051e-01	1.636729879189331160e-01	2.539557107485962417e-01	1.519782432520012105e-01	7.242146956771268462e-02	2.942128281546627089e-02	7.554007626422110100e-02
1.170740391704578315e+03	2.526677755954572779e-01	1.634407479048559098e-01	2.542043987388111215e-01	1.521201677997714441e-01	7.247792689903952146e-02	2.946051747097779699e-02	7.562846559083068188e-02
1.173159276811406244e+03	2.523263415099862850e-01	1.632091099799329037e-01	2.544523690246592307e-01	1.522616621181357432e-01	7.253423079476289947e-02	2.949968034936784403e-02	7.571660622289883014e-02
1.175578161918233945e+03	2.519859237123016071e-01	1.629780729425545915e-01	2.546996235922678320e-01	1.524027276425491961e-01	7.259038187236303841e-02	2.953877129094023210e-02	7.580449894676724587e-02
1.177997047025061647e+03	2.516465187542558657e-01	1.627476355895312032e-01	2.549461644225872736e-01	1.525433658032571138e-01	7.264638074365793730e-02	2.957779014058684389e-02	7.589214454586749870e-02
1.180415932131889122e+03	2.513081232035423440e-01	1.625177967161478554e-01	2.551919934914016475e-01	1.526835780253175956e-01	7.270222801488630815e-02	2.961673674772347456e-02	7.597954380072448333e-02
1.182834817238716823e+03	2.509707336435862968e-01	1.622885551162187578e-01	2.554371127693391696e-01	1.528233657286236780e-01	7.275792428678899693e-02	2.965561096622647275e-02	7.606669748896018046e-02
1.185253702345544298e+03	2.506343466734364256e-01	1.620599095821411706e-01	2.556815242218828943e-01	1.529627303279255668e-01	7.281347015468930817e-02	2.969441265437027314e-02	7.615360638529788950e-02
1.187672587452371999e+03	2.502989589076577426e-01	1.618318589049482781e-01	2.559252298093809275e-01	1.531016732328524532e-01	7.286886620857176144e-02	2.973314167476565767e-02	7.624027126156672496e-02
1.190091472559199701e+03	2.499645669762253219e-01	1.616044018743615640e-01	2.561682314870572519e-01	1.532401958479341908e-01	7.292411303315977922e-02	2.977179789429890491e-02	7.632669288670650143e-02
1.192510357666027403e+03	2.496311675244192452e-01	1.613775372788428253e-01	2.564105312050221075e-01	1.533782995726227505e-01	7.297921120799198691e-02	2.981038118407166454e-02	7.641287202677292389e-02
1.194929242772855105e+03	2.492987572127201290e-01	1.611512639056450202e-01	2.566521309082826496e-01	1.535159858013134815e-01	7.303416130749734725e-02	2.984889141934166101e-02	7.649880944494312496e-02
1.197348127879682352e+03	2.489673327167060135e-01	1.609255805408628948e-01	2.568930325367534961e-01	1.536532559233663164e-01	7.308896390106901786e-02	2.988732847946414320e-02	7.658450590152153514e-02
1.199767012986510281e+03	2.486368907269497219e-01	1.607004859694828036e-01	2.571332380252673300e-01	1.537901113231265049e-01	7.314361955313702923e-02	2.992569224783411114e-02	7.666996215394591974e-02
1.202185898093337983e+03	2.483074279489177194e-01	1.604759789754318933e-01	2.573727493035852798e-01	1.539265533799454855e-01	7.319812882323981085e-02	2.996398261182928180e-02	7.675517895679387359e-02
1.204604783200165684e+03	2.479789411028694435e-01	1.602520583416268130e-01	2.576115682964079667e-01	1.540625834682013695e-01	7.325249226609452380e-02	3.000219946275381813e-02	7.684015706178945471e-02
1.207023668306993159e+03	2.476514269237577448e-01	1.600287228500216485e-01	2.578496969233854963e-01	1.541982029573192303e-01	7.330671043166631096e-02	3.004034269578277627e-02	7.692489721781015088e-02
1.209442553413820860e+03	2.473248821611301329e-01	1.598059712816554123e-01	2.580871370991285607e-01	1.543334132117915036e-01	7.336078386523635364e-02	3.007841220990727787e-02	7.700940017089405454e-02
1.211861438520648335e+03	2.469993035790311042e-01	1.595838024166988112e-01	2.583238907332188194e-01	1.544682155911978882e-01	7.341471310746890133e-02	3.011640790788041103e-02	7.709366666424730119e-02
1.214280323627476264e+03	2.466746879559051364e-01	1.593622150345004318e-01	2.585599597302195574e-01	1.546026114502253024e-01	7.346849869447716341e-02	3.015432969616380771e-02	7.717769743825178552e-02
1.216699208734303511e+03	2.463510320845006540e-01	1.591412079136325097e-01	2.587953459896863428e-01	1.547366021386876178e-01	7.352214115788811843e-02	3.019217748487496369e-02	7.726149323047296069e-02
1.219118093841131440e+03	2.460283327717748825e-01	1.589207798319359211e-01	2.590300514061775194e-01	1.548701890015451721e-01	7.357564102490644908e-02	3.022995118773520035e-02	7.734505477566799847e-02
1.221536978947959142e+03	2.457065868387995344e-01	1.587009295665647302e-01	2.592640778692650305e-01	1.550033733789242252e-01	7.362899881837717264e-02	3.026765072201832718e-02	7.742838280579407428e-02
1.223955864054786844e+03	2.453857911206673570e-01	1.584816558940301545e-01	2.594974272635448553e-01	1.551361566061363606e-01	7.368221505684753592e-02	3.030527600849997755e-02	7.751147805001687430e-02
1.226374749161614318e+03	2.450659424663995112e-01	1.582629575902438357e-01	2.597301014686477227e-01	1.552685400136974425e-01	7.373529025462774444e-02	3.034282697140760002e-02	7.759434123471925515e-02
1.228793634268442020e+03	2.447470377388537288e-01	1.580448334305608604e-01	2.599621023592498248e-01	1.554005249273466838e-01	7.378822492185076187e-02	3.038030353837109857e-02	7.767697308351012575e-02
1.231212519375269494e+03	2.444290738146334130e-01	1.578272821898219491e-01	2.601934318050834749e-01	1.555321126680655752e-01	7.384101956453115179e-02	3.041770564037412153e-02	7.775937431723346782e-02
1.233631404482097196e+03	2.441120475839974047e-01	1.576103026423951725e-01	2.604240916709474885e-01	1.556633045520965652e-01	7.389367468462301747e-02	3.045503321170599936e-02	7.784154565397752301e-02
1.236050289588924898e+03	2.437959559507706653e-01	1.573938935622173352e-01	2.606540838167181739e-01	1.557941018909616282e-01	7.394619078007694246e-02	3.049228618991427914e-02	7.792348780908416039e-02
1.238469174695752372e+03	2.434807958322557642e-01	1.571780537228344987e-01	2.608834100973597692e-01	1.559245059914808607e-01	7.399856834489608459e-02	3.052946451575790782e-02	7.800520149515834112e-02
1.240888059802580301e+03	2.431665641591450877e-01	1.569627818974423106e-01	2.611120723629350993e-01	1.560545181557906891e-01	7.405080786919132629e-02	3.056656813316102270e-02	7.808668742207770797e-02
1.243306944909407548e+03	2.428532578754337423e-01	1.567480768589255558e-01	2.613400724586163459e-01	1.561841396813622163e-01	7.410290983923553676e-02	3.060359698916732471e-02	7.816794629700245245e-02
1.245725830016235477e+03	2.425408739383335399e-01	1.565339373798974310e-01	2.615674122246957056e-01	1.563133718610192346e-01	7.415487473751705694e-02	3.064055103389508317e-02	7.824897882438514030e-02
1.248144715123063179e+03	2.422294093181873442e-01	1.563203622327380693e-01	2.617940934965958810e-01	1.564422159829563230e-01	7.420670304279221308e-02	3.067743022049269214e-02	7.832978570598068957e-02
1.250563600229890881e+03	2.419188609983845550e-01	1.561073501896328153e-01	2.620201181048808503e-01	1.565706733307565823e-01	7.425839523013706700e-02	3.071423450509484093e-02	7.841036764085655697e-02
1.252982485336718355e+03	2.416092259752769533e-01	1.558949000226097781e-01	2.622454878752664698e-01	1.566987451834095380e-01	7.430995177099831983e-02	3.075096384677922581e-02	7.849072532540291025e-02
1.255401370443546057e+03	2.413005012580957398e-01	1.556830105035771350e-01	2.624702046286312429e-01	1.568264328153287923e-01	7.436137313324343856e-02	3.078761820752386538e-02	7.857085945334299493e-02
1.257820255550373531e+03	2.409926838688688233e-01	1.554716804043597134e-01	2.626942701810268121e-01	1.569537374963694276e-01	7.441265978120992219e-02	3.082419755216492599e-02	7.865077071574355649e-02
1.260239140657201460e+03	2.406857708423392195e-01	1.552609084967352671e-01	2.629176863436887834e-01	1.570806604918456584e-01	7.446381217575381850e-02	3.086070184835515429e-02	7.873045980102529040e-02
1.262658025764028707e+03	2.403797592258840321e-01	1.550506935524701702e-01	2.631404549230472179e-01	1.572072030625479566e-01	7.451483077429746360e-02	3.089713106652279898e-02	7.880992739497350019e-02
1.265076910870856636e+03	2.400746460794339621e-01	1.548410343433548053e-01	2.633625777207374008e-01	1.573333664647605379e-01	7.456571603087654154e-02	3.093348517983112583e-02	7.888917418074878340e-02
1.267495795977684338e+03	2.397704284753938431e-01	1.546319296412382860e-01	2.635840565336103891e-01	1.574591519502782366e-01	7.461646839618625571e-02	3.096976416413841499e-02	7.896820083889768971e-02
1.269914681084511813e+03	2.394671034985636771e-01	1.544233782180628733e-01	2.638048931537438357e-01	1.575845607664237424e-01	7.466708831762686183e-02	3.100596799795849942e-02	7.904700804736364272e-02
1.272333566191339514e+03	2.391646682460603912e-01	1.542153788458978103e-01	2.640250893684523703e-01	1.577095941560644476e-01	7.471757623934846548e-02	3.104209666242182739e-02	7.912559648149777858e-02
1.274752451298167216e+03	2.388631198272402612e-01	1.540079302969728781e-01	2.642446469602985903e-01	1.578342533576293782e-01	7.476793260229513960e-02	3.107815014123704173e-02	7.920396681406982609e-02
1.277171336404994690e+03	2.385624553636220002e-01	1.538010313437114251e-01	2.644635677071033864e-01	1.579585396051259027e-01	7.481815784424823701e-02	3.111412842065302067e-02	7.928211971527922286e-02
1.279590221511822392e+03	2.382626719888106537e-01	1.535946807587628693e-01	2.646818533819565444e-01	1.580824541281564410e-01	7.486825239986914793e-02	3.115003148942147027e-02	7.936005585276603713e-02
1.282009106618650094e+03	2.379637668484219371e-01	1.533888773150349216e-01	2.648995057532277930e-01	1.582059981519350345e-01	7.491821670074132189e-02	3.118585933875997127e-02	7.943777589162212549e-02
1.284427991725477568e+03	2.376657371000074348e-01	1.531836197857253667e-01	2.651165265845771279e-01	1.583291728973037771e-01	7.496805117541165131e-02	3.122161196231552568e-02	7.951528049440224899e-02
1.286846876832305497e+03	2.373685799129802432e-01	1.529789069443532601e-01	2.653329176349653595e-01	1.584519795807493303e-01	7.501775624943111953e-02	3.125728935612857168e-02	7.959257032113523089e-02
1.289265761939132744e+03	2.370722924685413902e-01	1.527747375647898753e-01	2.655486806586649373e-01	1.585744194144192154e-01	7.506733234539496313e-02	3.129289151859747375e-02	7.966964602933516992e-02
1.291684647045960673e+03	2.367768719596069493e-01	1.525711104212892077e-01	2.657638174052705526e-01	1.586964936061380782e-01	7.511677988298201547e-02	3.132841845044349871e-02	7.974650827401268127e-02
1.294103532152788375e+03	2.364823155907354868e-01	1.523680242885180336e-01	2.659783296197096858e-01	1.588182033594237874e-01	7.516609927899364774e-02	3.136387015467619749e-02	7.982315770768616536e-02
1.296522417259616077e+03	2.361886205780565351e-01	1.521654779415854974e-01	2.661922190422532086e-01	1.589395498735035606e-01	7.521529094739186350e-02	3.139924663655930398e-02	7.989959498039302110e-02
1.298941302366443551e+03	2.358957841491993168e-01	1.519634701560725609e-01	2.664054874085259872e-01	1.590605343433300067e-01	7.526435529933697688e-02	3.143454790357703976e-02	7.997582073970106731e-02
1.301360187473271253e+03	2.356038035432223565e-01	1.517619997080606464e-01	2.666181364495175954e-01	1.591811579595970305e-01	7.531329274322465239e-02	3.146977396540088373e-02	8.005183563071978370e-02
1.303779072580098727e+03	2.353126760105435644e-01	1.515610653741603087e-01	2.668301678915927511e-01	1.593014219087556249e-01	7.536210368472227861e-02	3.150492483385676501e-02	8.012764029611162131e-02
1.306197957686926657e+03	2.350223988128708474e-01	1.513606659315392955e-01	2.670415834565020297e-01	1.594213273730297475e-01	7.541078852680489775e-02	3.154000052289269301e-02	8.020323537610342390e-02
1.308616842793753904e+03	2.347329692231334142e-01	1.511608001579501370e-01	2.672523848613923558e-01	1.595408755304319748e-01	7.545934766979049690e-02	3.157500104854677608e-02	8.027862150849773837e-02
1.311035727900581833e+03	2.344443845254136349e-01	1.509614668317576791e-01	2.674625738188176616e-01	1.596600675547792114e-01	7.550778151137475802e-02	3.160992642891576054e-02	8.035379932868419450e-02
1.313454613007409534e+03	2.341566420148795125e-01	1.507626647319658952e-01	2.676721520367494334e-01	1.597789046157081227e-01	7.555609044666528051e-02	3.164477668412384731e-02	8.042876946965081542e-02
1.315873498114237009e+03	2.338697389977177632e-01	1.505643926382445319e-01	2.678811212185872592e-01	1.598973878786906500e-01	7.560427486821524878e-02	3.167955183629202892e-02	8.050353256199541119e-02
1.318292383221064711e+03	2.335836727910672317e-01	1.503666493309553376e-01	2.680894830631693759e-01	1.600155185050496087e-01	7.565233516605661401e-02	3.171425190950777351e-02	8.057808923393695866e-02
1.320711268327892412e+03	2.332984407229531099e-01	1.501694335911779588e-01	2.682972392647832161e-01	1.601332976519738160e-01	7.570027172773269308e-02	3.174887692979511122e-02	8.065244011132689794e-02
1.323130153434719887e+03	2.330140401322217392e-01	1.499727442007354195e-01	2.685043915131761216e-01	1.602507264725335501e-01	7.574808493833030953e-02	3.178342692508515782e-02	8.072658581766051222e-02
1.325549038541547588e+03	2.327304683684756070e-01	1.497765799422192123e-01	2.687109414935656138e-01	1.603678061156957046e-01	7.579577518051143492e-02	3.181790192518693661e-02	8.080052697408826590e-02
1.327967923648375290e+03	2.324477227920094535e-01	1.495809395990142787e-01	2.689168908866499952e-01	1.604845377263388884e-01	7.584334283454431669e-02	3.185230196175868611e-02	8.087426419942710110e-02
1.330386808755202765e+03	2.321658007737463503e-01	1.493858219553233224e-01	2.691222413686191195e-01	1.606009224452686068e-01	7.589078827833412033e-02	3.188662706827948001e-02	8.094779811017170645e-02
1.332805693862030694e+03	2.318846996951745842e-01	1.491912257961909849e-01	2.693269946111644941e-01	1.607169614092323062e-01	7.593811188745309970e-02	3.192087728002122871e-02	8.102112932050592464e-02
1.335224578968857941e+03	2.316044169482852355e-01	1.489971499075275763e-01	2.695311522814902716e-01	1.608326557509342503e-01	7.598531403517029548e-02	3.195505263402108331e-02	8.109425844231391012e-02
1.337643464075685870e+03	2.313249499355098937e-01	1.488035930761325842e-01	2.697347160423231860e-01	1.609480065990505360e-01	7.603239509248081729e-02	3.198915316905415196e-02	8.116718608519139788e-02
1.340062349182513572e+03	2.310462960696591517e-01	1.486105540897178223e-01	2.699376875519235441e-01	1.610630150782438319e-01	7.607935542813458463e-02	3.202317892560661156e-02	8.123991285645700000e-02
1.342481234289341273e+03	2.307684527738615432e-01	1.484180317369301338e-01	2.701400684640954952e-01	1.611776823091782551e-01	7.612619540866469303e-02	3.205712994584915959e-02	8.131243936116332172e-02
1.344900119396168748e+03	2.304914174815030636e-01	1.482260248073738462e-01	2.703418604281973003e-01	1.612920094085339984e-01	7.617291539841530845e-02	3.209100627361084063e-02	8.138476620210820245e-02
1.347319004502996449e+03	2.302151876361669680e-01	1.480345320916330309e-01	2.705430650891522681e-01	1.614059974890220961e-01	7.621951575956917302e-02	3.212480795435316422e-02	8.145689397984583191e-02
1.349737889609823924e+03	2.299397606915743464e-01	1.478435523812932639e-01	2.707436840874588024e-01	1.615196476593989683e-01	7.626599685217459734e-02	3.215853503514459755e-02	8.152882329269789397e-02
1.352156774716651853e+03	2.296651341115250322e-01	1.476530844689631361e-01	2.709437190592010603e-01	1.616329610244810200e-01	7.631235903417213362e-02	3.219218756463542580e-02	8.160055473676468274e-02
1.354575659823479100e+03	2.293913053698390103e-01	1.474631271482954586e-01	2.711431716360593325e-01	1.617459386851590741e-01	7.635860266142074915e-02	3.222576559303286931e-02	8.167208890593606607e-02
1.356994544930307029e+03	2.291182719502982690e-01	1.472736792140082185e-01	2.713420434453202579e-01	1.618585817384128600e-01	7.640472808772368063e-02	3.225926917207660310e-02	8.174342639190258775e-02
1.359413430037134731e+03	2.288460313465893736e-01	1.470847394619051174e-01	2.715403361098877033e-01	1.619708912773253906e-01	7.645073566485381666e-02	3.229269835501453328e-02	8.181456778416651421e-02
1.361832315143962205e+03	2.285745810622460961e-01	1.468963066888959446e-01	2.717380512482927557e-01	1.620828683910972567e-01	7.649662574257874714e-02	3.232605319657894799e-02	8.188551367005267312e-02
1.364251200250789907e+03	2.283039186105928764e-01	1.467083796930165052e-01	2.719351904747043247e-01	1.621945141650609212e-01	7.654239866868536857e-02	3.235933375296295988e-02	8.195626463471944456e-02
1.366670085357617609e+03	2.280340415146885902e-01	1.465209572734483823e-01	2.721317553989394122e-01	1.623058296806949574e-01	7.658805478900417019e-02	3.239254008179724004e-02	8.202682126116964123e-02
1.369088970464445310e+03	2.277649473072708153e-01	1.463340382305383103e-01	2.723277476264735486e-01	1.624168160156381213e-01	7.663359444743308990e-02	3.242567224212709182e-02	8.209718413026130535e-02
1.371507855571272785e+03	2.274966335307004317e-01	1.461476213658174650e-01	2.725231687584512841e-01	1.625274742437036735e-01	7.667901798596100937e-02	3.245873029438981622e-02	8.216735382071858884e-02
1.373926740678100487e+03	2.272290977369069431e-01	1.459617054820201154e-01	2.727180203916962364e-01	1.626378054348932012e-01	7.672432574469099931e-02	3.249171430039235475e-02	8.223733090914243926e-02
1.376345625784927961e+03	2.269623374873339094e-01	1.457762893831022755e-01	2.729123041187216381e-01	1.627478106554107462e-01	7.676951806186299576e-02	3.252462432328927927e-02	8.230711597002139668e-02
1.378764510891755890e+03	2.266963503528850454e-01	1.455913718742601615e-01	2.731060215277407166e-01	1.628574909676767379e-01	7.681459527387635156e-02	3.255746042756101077e-02	8.237670957574218245e-02
1.381183395998583137e+03	2.264311339138708190e-01	1.454069517619479279e-01	2.732991742026768534e-01	1.629668474303419545e-01	7.685955771531187419e-02	3.259022267899235048e-02	8.244611229660041285e-02
1.383602281105411066e+03	2.261666857599551328e-01	1.452230278538956532e-01	2.734917637231740195e-01	1.630758810983012619e-01	7.690440571895360011e-02	3.262291114465133007e-02	8.251532470081113235e-02
1.386021166212238768e+03	2.259030034901028938e-01	1.450395989591267421e-01	2.736837916646071012e-01	1.631845930227075192e-01	7.694913961581024975e-02	3.265552589286827706e-02	8.258434735451937458e-02
1.388440051319066470e+03	2.256400847125275555e-01	1.448566638879751900e-01	2.738752595980918914e-01	1.632929842509853180e-01	7.699375973513632176e-02	3.268806699321520626e-02	8.265318082181068171e-02
1.390858936425893944e+03	2.253779270446394645e-01	1.446742214521024583e-01	2.740661690904958037e-01	1.634010558268445823e-01	7.703826640445284035e-02	3.272053451648546801e-02	8.272182566472151277e-02
1.393277821532721646e+03	2.251165281129944018e-01	1.444922704645143219e-01	2.742565217044477532e-01	1.635088087902944187e-01	7.708265994956789435e-02	3.275292853467366011e-02	8.279028244324966590e-02
1.395696706639549120e+03	2.248558855532425405e-01	1.443108097395771894e-01	2.744463189983487039e-01	1.636162441776565779e-01	7.712694069459669066e-02	3.278524912095579641e-02	8.285855171536467279e-02
1.398115591746377049e+03	2.245959970100779302e-01	1.441298380930343959e-01	2.746355625263815492e-01	1.637233630215790270e-01	7.717110896198145498e-02	3.281749634966977386e-02	8.292663403701799885e-02
1.400534476853204296e+03	2.243368601371883153e-01	1.439493543420220512e-01	2.748242538385218814e-01	1.638301663510494943e-01	7.721516507251095784e-02	3.284967029629606849e-02	8.299452996215339606e-02
1.402953361960032225e+03	2.240784725972052582e-01	1.437693573050848606e-01	2.750123944805474840e-01	1.639366551914089587e-01	7.725910934533972152e-02	3.288177103743868818e-02	8.306224004271708927e-02
1.405372247066859927e+03	2.238208320616549007e-01	1.435898458021914459e-01	2.751999859940493232e-01	1.640428305643649998e-01	7.730294209800704641e-02	3.291379865080639594e-02	8.312976482866789307e-02
1.407791132173687402e+03	2.235639362109088646e-01	1.434108186547497221e-01	2.753870299164410951e-01	1.641486934880052317e-01	7.734666364645559344e-02	3.294575321519414846e-02	8.319710486798734261e-02
1.410210017280515103e+03	2.233077827341357069e-01	1.432322746856216911e-01	2.755735277809696626e-01	1.642542449768106261e-01	7.739027430504978600e-02	3.297763481046481204e-02	8.326426070668974111e-02
1.412628902387342805e+03	2.230523693292525977e-01	1.430542127191383739e-01	2.757594811167252136e-01	1.643594860416686954e-01	7.743377438659392042e-02	3.300944351753112849e-02	8.333123288883215185e-02
1.415047787494170507e+03	2.227976937028776361e-01	1.428766315811140775e-01	2.759448914486513083e-01	1.644644176898867605e-01	7.747716420234992962e-02	3.304117941833786820e-02	8.339802195652439021e-02
1.417466672600997981e+03	2.225437535702822212e-01	1.426995300988609938e-01	2.761297602975553156e-01	1.645690409252053010e-01	7.752044406205500782e-02	3.307284259584428177e-02	8.346462844993884911e-02
1.419885557707825683e+03	2.222905466553441178e-01	1.425229071012029392e-01	2.763140891801180721e-01	1.646733567478108617e-01	7.756361427393881902e-02	3.310443313400674575e-02	8.353105290732038002e-02
1.422304442814653157e+03	2.220380706905005774e-01	1.423467614184893704e-01	2.764978796089043733e-01	1.647773661543492640e-01	7.760667514474059447e-02	3.313595111776165142e-02	8.359729586499607679e-02
1.424723327921481086e+03	2.217863234167021802e-01	1.421710918826088743e-01	2.766811330923729106e-01	1.648810701379385957e-01	7.764962697972581374e-02	3.316739663300849461e-02	8.366335785738500397e-02
1.427142213028308333e+03	2.215353025833666500e-01	1.419958973270026292e-01	2.768638511348863185e-01	1.649844696881823114e-01	7.769247008270277477e-02	3.319876976659326406e-02	8.372923941700792516e-02
1.429561098135136262e+03	2.212850059483332799e-01	1.418211765866775054e-01	2.770460352367212775e-01	1.650875657911821393e-01	7.773520475603883095e-02	3.323007060629195458e-02	8.379494107449685092e-02
1.431979983241963964e+03	2.210354312778177455e-01	1.416469284982190546e-01	2.772276868940786732e-01	1.651903594295509592e-01	7.777783130067637829e-02	3.326129924079435779e-02	8.386046335860469769e-02
1.434398868348791666e+03	2.207865763463671138e-01	1.414731518998041948e-01	2.774088075990934210e-01	1.652928515824257094e-01	7.782035001614866221e-02	3.329245575968808185e-02	8.392580679621472473e-02
1.436817753455619140e+03	2.205384389368152398e-01	1.412998456312137829e-01	2.775893988398446255e-01	1.653950432254802094e-01	7.786276120059529293e-02	3.332354025344270998e-02	8.399097191235004034e-02
1.439236638562446842e+03	2.202910168402385238e-01	1.411270085338448277e-01	2.777694621003656827e-01	1.654969353309379831e-01	7.790506515077753880e-02	3.335455281339425038e-02	8.405595923018302495e-02
1.441655523669274316e+03	2.200443078559121968e-01	1.409546394507227851e-01	2.779489988606541062e-01	1.655985288675849432e-01	7.794726216209338365e-02	3.338549353172973883e-02	8.412076927104465696e-02
1.444074408776102018e+03	2.197983097912665218e-01	1.407827372265133270e-01	2.781280105966815186e-01	1.656998248007821584e-01	7.798935252859238998e-02	3.341636250147209802e-02	8.418540255443383857e-02
1.446493293882929493e+03	2.195530204618437176e-01	1.406113007075339982e-01	2.783064987804036994e-01	1.658008240924783716e-01	7.803133654299028443e-02	3.344715981646512876e-02	8.424985959802663849e-02
1.448912178989757422e+03	2.193084376912551037e-01	1.404403287417658186e-01	2.784844648797706324e-01	1.659015277012226841e-01	7.807321449668339075e-02	3.347788557135876475e-02	8.431414091768543728e-02
1.451331064096585123e+03	2.190645593111384404e-01	1.402698201788645793e-01	2.786619103587361090e-01	1.660019365821772674e-01	7.811498667976277122e-02	3.350853986159448017e-02	8.437824702746814232e-02
1.453749949203412370e+03	2.188213831611158233e-01	1.400997738701719453e-01	2.788388366772680538e-01	1.661020516871296593e-01	7.815665338102817383e-02	3.353912278339092612e-02	8.444217843963716663e-02
1.456168834310240300e+03	2.185789070887517449e-01	1.399301886687262797e-01	2.790152452913581271e-01	1.662018739645053922e-01	7.819821488800185461e-02	3.356963443372973366e-02	8.450593566466856055e-02
1.458587719417068001e+03	2.183371289495114054e-01	1.397610634292735243e-01	2.791911376530318289e-01	1.663014043593803726e-01	7.823967148694209450e-02	3.360007491034152499e-02	8.456951921126089344e-02
1.461006604523895703e+03	2.180960466067196069e-01	1.395923970082776910e-01	2.793665152103582128e-01	1.664006438134932875e-01	7.828102346285652213e-02	3.363044431169207732e-02	8.463292958634423269e-02
1.463425489630723177e+03	2.178556579315197028e-01	1.394241882639311592e-01	2.795413794074597669e-01	1.664995932652580113e-01	7.832227109951526989e-02	3.366074273696870178e-02	8.469616729508894215e-02
1.465844374737550879e+03	2.176159608028330195e-01	1.392564360561648618e-01	2.797157316845224617e-01	1.665982536497758459e-01	7.836341467946392192e-02	3.369097028606684446e-02	8.475923284091455012e-02
1.468263259844378354e+03	2.173769531073184991e-01	1.390891392466583609e-01	2.798895734778053535e-01	1.666966258988478722e-01	7.840445448403628170e-02	3.372112705957672901e-02	8.482212672549842292e-02
1.470682144951206283e+03	2.171386327393325655e-01	1.389222966988495900e-01	2.800629062196504648e-01	1.667947109409871065e-01	7.844539079336690368e-02	3.375121315877034622e-02	8.488484944878453564e-02
1.473101030058033530e+03	2.169009976008896279e-01	1.387559072779444569e-01	2.802357313384926107e-01	1.668925097014307690e-01	7.848622388640352776e-02	3.378122868558849912e-02	8.494740150899204867e-02
1.475519915164861459e+03	2.166640456016223903e-01	1.385899698509263367e-01	2.804080502588692791e-01	1.669900231021523851e-01	7.852695404091918074e-02	3.381117374262807701e-02	8.500978340262391186e-02
1.477938800271689161e+03	2.164277746587429663e-01	1.384244832865654529e-01	2.805798644014301235e-01	1.670872520618738588e-01	7.856758153352426388e-02	3.384104843312947530e-02	8.507199562447542718e-02
1.480357685378516862e+03	2.161921826970039096e-01	1.382594464554278424e-01	2.807511751829470104e-01	1.671841974960776023e-01	7.860810663967833511e-02	3.387085286096418874e-02	8.513403866764264472e-02
1.482776570485344337e+03	2.159572676486596621e-01	1.380948582298842930e-01	2.809219840163236781e-01	1.672808603170186093e-01	7.864852963370178029e-02	3.390058713062259893e-02	8.519591302353086981e-02
