1.001418434226643626e+03	2.793374552146049017e-01	1.812059955233082664e-01	2.349280243051962702e-01	1.410478645879845727e-01	6.810419637990440533e-02	2.654508534764880162e-02	6.883137864109868664e-02
1.002869765290740247e+03	2.790842836576998276e-01	1.810397261059677465e-01	2.351099598709922023e-01	1.411529803462323596e-01	6.814563904968069796e-02	2.657105270013036466e-02	6.889635826904265403e-02
1.004321096354836754e+03	2.788315823371117497e-01	1.808737007347174242e-01	2.352915825943147632e-01	1.412579006809866755e-01	6.818700349399986482e-02	2.659700424937822688e-02	6.896122590923714490e-02
1.005772427418933376e+03	2.785793501764409208e-01	1.807079192258868872e-01	2.354728929888390554e-01	1.413626260061409123e-01	6.822828999770440273e-02	2.662293984940610619e-02	6.902598175532757840e-02
1.007223758483029997e+03	2.783275861029685938e-01	1.805423813946533118e-01	2.356538915674757095e-01	1.414671567344002734e-01	6.826949884355401621e-02	2.664885935568372943e-02	6.909062600101020801e-02
1.008675089547126618e+03	2.780762890476384253e-01	1.803770870550528427e-01	2.358345788423713563e-01	1.415714932772890733e-01	6.831063031224501869e-02	2.667476262512550461e-02	6.915515884002353120e-02
1.010126420611223239e+03	2.778254579450378237e-01	1.802120360199919447e-01	2.360149553249095422e-01	1.416756360451579821e-01	6.835168468242940054e-02	2.670064951607929032e-02	6.921958046613978233e-02
1.011577751675319632e+03	2.775750917333793533e-01	1.800472281012585607e-01	2.361950215257111463e-01	1.417795854471912143e-01	6.839266223073366124e-02	2.672651988831523800e-02	6.928389107315664763e-02
1.013029082739416367e+03	2.773251893544823043e-01	1.798826631095333806e-01	2.363747779546351013e-01	1.418833418914136058e-01	6.843356323177761380e-02	2.675237360301471051e-02	6.934809085488906344e-02
1.014480413803512761e+03	2.770757497537545966e-01	1.797183408544009708e-01	2.365542251207791158e-01	1.419869057846976645e-01	6.847438795819286994e-02	2.677821052275930480e-02	6.941218000516123643e-02
1.015931744867609382e+03	2.768267718801745159e-01	1.795542611443606829e-01	2.367333635324803398e-01	1.420902775327703149e-01	6.851513668064121432e-02	2.680403051151994398e-02	6.947615871779876107e-02
1.017383075931706003e+03	2.765782546862726732e-01	1.793904237868376161e-01	2.369121936973159204e-01	1.421934575402199474e-01	6.855580966783275665e-02	2.682983343464603182e-02	6.954002718662088967e-02
1.018834406995802851e+03	2.763301971281139080e-01	1.792268285881935541e-01	2.370907161221038340e-01	1.422964462105029693e-01	6.859640718654388958e-02	2.685561915885473563e-02	6.960378560543295512e-02
1.020285738059899245e+03	2.760825981652798022e-01	1.790634753537376500e-01	2.372689313129034416e-01	1.423992439459505766e-01	6.863692950163516326e-02	2.688138755222029691e-02	6.966743416801891853e-02
1.021737069123995752e+03	2.758354567608507502e-01	1.789003638877372238e-01	2.374468397750161275e-01	1.425018511477753047e-01	6.867737687606885466e-02	2.690713848416345297e-02	6.973097306813412499e-02
1.023188400188092373e+03	2.755887718813884724e-01	1.787374939934282536e-01	2.376244420129861035e-01	1.426042682160775510e-01	6.871774957092645353e-02	2.693287182544093494e-02	6.979440249949805941e-02
1.024639731252188767e+03	2.753425424969184188e-01	1.785748654730260343e-01	2.378017385306009923e-01	1.427064955498518750e-01	6.875804784542598191e-02	2.695858744813503516e-02	6.985772265578736595e-02
1.026091062316285615e+03	2.750967675809126156e-01	1.784124781277356409e-01	2.379787298308926047e-01	1.428085335469936046e-01	6.879827195693904995e-02	2.698428522564325083e-02	6.992093373062890915e-02
1.027542393380382237e+03	2.748514461102720685e-01	1.782503317577623647e-01	2.381554164161375220e-01	1.429103826043048309e-01	6.883842216100784228e-02	2.700996503266802143e-02	6.998403591759307096e-02
1.028993724444478858e+03	2.746065770653098870e-01	1.780884261623218168e-01	2.383317987878578181e-01	1.430120431175007645e-01	6.887849871136186852e-02	2.703562674520652853e-02	7.004702941018702000e-02
1.030445055508575479e+03	2.743621594297340760e-01	1.779267611396505300e-01	2.385078774468217810e-01	1.431135154812158139e-01	6.891850185993461664e-02	2.706127024054056848e-02	7.010991440184828616e-02
1.031896386572671872e+03	2.741181921906307717e-01	1.777653364870158681e-01	2.386836528930445234e-01	1.432148000890096917e-01	6.895843185688001198e-02	2.708689539722651529e-02	7.017269108593832128e-02
1.033347717636768493e+03	2.738746743384471438e-01	1.776041520007262120e-01	2.388591256257888429e-01	1.433158973333732711e-01	6.899828895058864042e-02	2.711250209508534251e-02	7.023535965573621254e-02
1.034799048700865114e+03	2.736316048669750201e-01	1.774432074761410350e-01	2.390342961435657776e-01	1.434168076057346641e-01	6.903807338770392987e-02	2.713809021519274570e-02	7.029792030443254847e-02
1.036250379764961508e+03	2.733889827733338440e-01	1.772825027076807836e-01	2.392091649441352719e-01	1.435175312964648842e-01	6.907778541313813747e-02	2.716365963986929269e-02	7.036037322512342373e-02
1.037701710829058356e+03	2.731468070579546881e-01	1.771220374888368143e-01	2.393837325245070091e-01	1.436180687948837853e-01	6.911742527008814252e-02	2.718921025267071259e-02	7.042271861080452722e-02
1.039153041893154750e+03	2.729050767245633224e-01	1.769618116121811913e-01	2.395579993809410502e-01	1.437184204892656414e-01	6.915699320005107287e-02	2.721474193837818481e-02	7.048495665436525781e-02
1.040604372957251599e+03	2.726637907801640615e-01	1.768018248693764838e-01	2.397319660089485549e-01	1.438185867668448081e-01	6.919648944283987579e-02	2.724025458298877031e-02	7.054708754858311781e-02
1.042055704021347992e+03	2.724229482350238318e-01	1.766420770511853977e-01	2.399056329032924206e-01	1.439185680138214130e-01	6.923591423659862520e-02	2.726574807370584982e-02	7.060911148611814792e-02
1.043507035085444613e+03	2.721825481026556859e-01	1.764825679474803510e-01	2.400790005579881425e-01	1.440183646153667119e-01	6.927526781781775944e-02	2.729122229892968002e-02	7.067102865950736224e-02
1.044958366149541234e+03	2.719425893998029253e-01	1.763232973472530496e-01	2.402520694663043688e-01	1.441179769556285850e-01	6.931455042134912481e-02	2.731667714824801557e-02	7.073283926115954412e-02
1.046409697213637855e+03	2.717030711464234471e-01	1.761642650386240627e-01	2.404248401207637054e-01	1.442174054177369491e-01	6.935376228042085256e-02	2.734211251242676596e-02	7.079454348334983382e-02
1.047861028277734476e+03	2.714639923656734233e-01	1.760054708088519826e-01	2.405973130131434101e-01	1.443166503838091141e-01	6.939290362665220813e-02	2.736752828340077714e-02	7.085614151821470474e-02
1.049312359341831097e+03	2.712253520838919796e-01	1.758469144443429721e-01	2.407694886344761420e-01	1.444157122349549183e-01	6.943197469006807954e-02	2.739292435426463057e-02	7.091763355774687028e-02
1.050763690405927491e+03	2.709871493305855417e-01	1.756885957306599244e-01	2.409413674750506551e-01	1.445145913512820568e-01	6.947097569911356296e-02	2.741830061926353590e-02	7.097901979379031556e-02
1.052215021470024112e+03	2.707493831384121807e-01	1.755305144525317329e-01	2.411129500244124924e-01	1.446132881119011615e-01	6.950990688066827072e-02	2.744365697378430002e-02	7.104030041803549578e-02
1.053666352534120733e+03	2.705120525431662371e-01	1.753726703938623122e-01	2.412842367713647351e-01	1.447118028949309354e-01	6.954876846006050051e-02	2.746899331434634814e-02	7.110147562201456217e-02
1.055117683598217127e+03	2.702751565837629988e-01	1.752150633377397848e-01	2.414552282039688913e-01	1.448101360775030377e-01	6.958756066108132132e-02	2.749430953859281421e-02	7.116254559709674077e-02
1.056569014662313975e+03	2.700386943022237141e-01	1.750576930664454189e-01	2.416259248095452561e-01	1.449082880357672742e-01	6.962628370599845129e-02	2.751960554528171468e-02	7.122351053448376657e-02
1.058020345726410369e+03	2.698026647436599923e-01	1.749005593614625931e-01	2.417963270746739668e-01	1.450062591448963711e-01	6.966493781557010767e-02	2.754488123427714652e-02	7.128437062520541490e-02
1.059471676790506763e+03	2.695670669562592048e-01	1.747436620034856503e-01	2.419664354851956689e-01	1.451040497790908046e-01	6.970352320905857935e-02	2.757013650654060316e-02	7.134512606011511604e-02
1.060923007854603611e+03	2.693318999912691081e-01	1.745870007724286688e-01	2.421362505262121823e-01	1.452016603115837412e-01	6.974204010424382705e-02	2.759537126412233213e-02	7.140577702988570863e-02
1.062374338918700232e+03	2.690971629029834666e-01	1.744305754474343162e-01	2.423057726820872781e-01	1.452990911146457009e-01	6.978048871743677828e-02	2.762058541015275162e-02	7.146632372500527630e-02
1.063825669982796853e+03	2.688628547487268983e-01	1.742743858068824259e-01	2.424750024364474010e-01	1.453963425595892756e-01	6.981886926349270550e-02	2.764577884883393996e-02	7.152676633577294274e-02
1.065277001046893474e+03	2.686289745888403302e-01	1.741184316283986566e-01	2.426439402721824456e-01	1.454934150167737639e-01	6.985718195582420187e-02	2.767095148543118402e-02	7.158710505229498589e-02
1.066728332110990095e+03	2.683955214866665107e-01	1.739627126888630970e-01	2.428125866714464787e-01	1.455903088556097791e-01	6.989542700641430961e-02	2.769610322626459703e-02	7.164734006448079950e-02
1.068179663175086489e+03	2.681624945085354650e-01	1.738072287644185920e-01	2.429809421156584881e-01	1.456870244445638285e-01	6.993360462582932924e-02	2.772123397870079192e-02	7.170747156203911843e-02
1.069630994239183110e+03	2.679298927237498962e-01	1.736519796304793195e-01	2.431490070855031604e-01	1.457835621511627822e-01	6.997171502323158709e-02	2.774634365114463097e-02	7.176749973447418829e-02
1.071082325303279504e+03	2.676977152045712516e-01	1.734969650617392278e-01	2.433167820609315191e-01	1.458799223419983415e-01	7.000975840639202252e-02	2.777143215303101362e-02	7.182742477108217116e-02
1.072533656367376352e+03	2.674659610262051235e-01	1.733421848321801406e-01	2.434842675211618679e-01	1.459761053827314248e-01	7.004773498170277501e-02	2.779649939481675103e-02	7.188724686094742633e-02
1.073984987431472746e+03	2.672346292667874268e-01	1.731876387150801666e-01	2.436514639446803188e-01	1.460721116380964968e-01	7.008564495418949380e-02	2.782154528797249962e-02	7.194696619293912410e-02
1.075436318495569594e+03	2.670037190073700217e-01	1.730333264830218321e-01	2.438183718092417351e-01	1.461679414719059544e-01	7.012348852752364747e-02	2.784656974497472584e-02	7.200658295570763756e-02
1.076887649559666215e+03	2.667732293319069470e-01	1.728792479079002409e-01	2.439849915918703982e-01	1.462635952470542899e-01	7.016126590403459762e-02	2.787157267929776805e-02	7.206609733768130910e-02
1.078338980623762609e+03	2.665431593272405975e-01	1.727254027609310405e-01	2.441513237688607563e-01	1.463590733255224208e-01	7.019897728472172804e-02	2.789655400540593314e-02	7.212550952706306417e-02
1.079790311687859230e+03	2.663135080830877355e-01	1.725717908126585820e-01	2.443173688157782852e-01	1.464543760683817419e-01	7.023662286926626863e-02	2.792151363874566944e-02	7.218481971182723334e-02
1.081241642751955851e+03	2.660842746920260016e-01	1.724184118329638027e-01	2.444831272074600714e-01	1.465495038357984003e-01	7.027420285604311923e-02	2.794645149573779172e-02	7.224402807971636031e-02
1.082692973816052472e+03	2.658554582494799257e-01	1.722652655910721364e-01	2.446485994180157553e-01	1.466444569870372083e-01	7.031171744213256247e-02	2.797136749376975470e-02	7.230313481823816280e-02
1.084144304880149093e+03	2.656270578537079374e-01	1.721123518555613130e-01	2.448137859208281697e-01	1.467392358804658348e-01	7.034916682333178239e-02	2.799626155118800641e-02	7.236214011466247931e-02
1.085595635944245487e+03	2.653990726057883776e-01	1.719596703943691851e-01	2.449786871885541728e-01	1.468338408735587464e-01	7.038655119416636907e-02	2.802113358729037620e-02	7.242104415601835488e-02
1.087046967008342108e+03	2.651715016096062860e-01	1.718072209748014167e-01	2.451433036931254250e-01	1.469282723229011212e-01	7.042387074790161516e-02	2.804598352231853567e-02	7.247984712909116833e-02
1.088498298072438729e+03	2.649443439718403570e-01	1.716550033635392547e-01	2.453076359057490552e-01	1.470225305841928454e-01	7.046112567655379855e-02	2.807081127745051502e-02	7.253854922041977349e-02
1.089949629136535123e+03	2.647175988019492276e-01	1.715030173266469948e-01	2.454716842969086044e-01	1.471166160122523436e-01	7.049831617090129843e-02	2.809561677479326461e-02	7.259715061629383459e-02
1.091400960200631971e+03	2.644912652121588770e-01	1.713512626295796148e-01	2.456354493363646641e-01	1.472105289610204371e-01	7.053544242049562818e-02	2.812039993737528928e-02	7.265565150275106465e-02
1.092852291264728365e+03	2.642653423174491367e-01	1.711997390371902961e-01	2.457989314931556535e-01	1.473042697835641457e-01	7.057250461367231553e-02	2.814516068913932439e-02	7.271405206557469969e-02
1.094303622328825213e+03	2.640398292355410903e-01	1.710484463137377786e-01	2.459621312355986245e-01	1.473978388320804356e-01	7.060950293756175500e-02	2.816989895493506729e-02	7.277235249029083419e-02
1.095754953392921607e+03	2.638147250868835836e-01	1.708973842228938556e-01	2.461250490312901773e-01	1.474912364578999380e-01	7.064643757809989377e-02	2.819461466051197823e-02	7.283055296216606189e-02
1.097206284457018228e+03	2.635900289946412345e-01	1.707465525277507556e-01	2.462876853471069605e-01	1.475844630114906686e-01	7.068330872003887599e-02	2.821930773251211944e-02	7.288865366620489450e-02
1.098657615521114849e+03	2.633657400846810548e-01	1.705959509908282212e-01	2.464500406492065865e-01	1.476775188424616359e-01	7.072011654695749272e-02	2.824397809846305313e-02	7.294665478714751350e-02
1.100108946585211470e+03	2.631418574855598491e-01	1.704455793740809466e-01	2.466121154030285201e-01	1.477704042995664491e-01	7.075686124127161802e-02	2.826862568677079510e-02	7.300455650946739705e-02
1.101560277649308091e+03	2.629183803285118914e-01	1.702954374389055725e-01	2.467739100732947444e-01	1.478631197307069267e-01	7.079354298424449243e-02	2.829325042671282375e-02	7.306235901736908567e-02
1.103011608713404712e+03	2.626953077474363241e-01	1.701455249461480135e-01	2.469354251240105103e-01	1.479556654829366769e-01	7.083016195599695086e-02	2.831785224843113777e-02	7.312006249478594788e-02
1.104462939777501106e+03	2.624726388788845011e-01	1.699958416561104524e-01	2.470966610184651691e-01	1.480480419024644279e-01	7.086671833551751176e-02	2.834243108292537616e-02	7.317766712537809859e-02
1.105914270841597499e+03	2.622503728620478869e-01	1.698463873285582793e-01	2.472576182192330330e-01	1.481402493346577753e-01	7.090321230067242464e-02	2.836698686204595227e-02	7.323517309253022023e-02
1.107365601905694348e+03	2.620285088387456218e-01	1.696971617227271134e-01	2.474182971881740689e-01	1.482322881240463464e-01	7.093964402821555104e-02	2.839151951848730218e-02	7.329258057934960602e-02
1.108816932969790741e+03	2.618070459534124761e-01	1.695481645973297702e-01	2.475786983864346757e-01	1.483241586143253243e-01	7.097601369379814840e-02	2.841602898578113323e-02	7.334988976866411992e-02
1.110268264033887590e+03	2.615859833530864154e-01	1.693993957105630610e-01	2.477388222744485724e-01	1.484158611483588908e-01	7.101232147197869549e-02	2.844051519828974528e-02	7.340710084302030924e-02
1.111719595097984211e+03	2.613653201873966658e-01	1.692508548201146490e-01	2.478986693119374918e-01	1.485073960681834726e-01	7.104856753623245424e-02	2.846497809119939715e-02	7.346421398468150343e-02
1.113170926162080832e+03	2.611450556085520569e-01	1.691025416831698491e-01	2.480582399579119857e-01	1.485987637150110452e-01	7.108475205896098992e-02	2.848941760051372507e-02	7.352122937562596827e-02
1.114622257226177226e+03	2.609251887713284757e-01	1.689544560564182896e-01	2.482175346706723129e-01	1.486899644292324352e-01	7.112087521150171898e-02	2.851383366304720626e-02	7.357814719754514343e-02
1.116073588290273847e+03	2.607057188330574871e-01	1.688065976960605730e-01	2.483765539078091333e-01	1.487809985504205956e-01	7.115693716413716563e-02	2.853822621641867799e-02	7.363496763184190774e-02
1.117524919354370468e+03	2.604866449536143991e-01	1.686589663578149378e-01	2.485352981262043404e-01	1.488718664173337425e-01	7.119293808610430152e-02	2.856259519904490521e-02	7.369169085962891386e-02
1.118976250418467089e+03	2.602679662954064943e-01	1.685115617969237811e-01	2.486937677820318382e-01	1.489625683679186297e-01	7.122887814560371900e-02	2.858694055013419680e-02	7.374831706172688128e-02
1.120427581482563710e+03	2.600496820233614836e-01	1.683643837681602640e-01	2.488519633307583745e-01	1.490531047393136022e-01	7.126475750980866553e-02	2.861126220968005646e-02	7.380484641866309758e-02
1.121878912546660331e+03	2.598317913049159045e-01	1.682174320258346401e-01	2.490098852271443175e-01	1.491434758678518435e-01	7.130057634487414753e-02	2.863556011845490648e-02	7.386127911066979468e-02
1.123330243610756725e+03	2.596142933100035743e-01	1.680707063238008614e-01	2.491675339252444610e-01	1.492336820890643456e-01	7.133633481594579828e-02	2.865983421800384623e-02	7.391761531768267779e-02
1.124781574674853118e+03	2.593971872110442667e-01	1.679242064154628233e-01	2.493249098784088569e-01	1.493237237376830451e-01	7.137203308716871808e-02	2.868408445063843834e-02	7.397385521933948216e-02
1.126232905738949967e+03	2.591804721829321645e-01	1.677779320537806929e-01	2.494820135392835647e-01	1.494136011476438486e-01	7.140767132169623110e-02	2.870831075943058169e-02	7.402999899497852976e-02
1.127684236803046360e+03	2.589641474030248136e-01	1.676318829912772923e-01	2.496388453598114565e-01	1.495033146520896861e-01	7.144324968169857293e-02	2.873251308820639824e-02	7.408604682363735539e-02
1.129135567867143209e+03	2.587482120511316874e-01	1.674860589800442334e-01	2.497954057912331327e-01	1.495928645833734250e-01	7.147876832837148087e-02	2.875669138154018575e-02	7.414199888405142991e-02
1.130586898931239830e+03	2.585326653095030291e-01	1.673404597717482178e-01	2.499516952840875605e-01	1.496822512730608679e-01	7.151422742194470106e-02	2.878084558474840529e-02	7.419785535465280024e-02
1.132038229995336451e+03	2.583175063628188606e-01	1.671950851176370600e-01	2.501077142882129900e-01	1.497714750519336668e-01	7.154962712169035677e-02	2.880497564388371373e-02	7.425361641356885423e-02
1.133489561059432845e+03	2.581027343981779909e-01	1.670499347685458769e-01	2.502634632527477865e-01	1.498605362499922100e-01	7.158496758593141385e-02	2.882908150572904837e-02	7.430928223862115489e-02
1.134940892123529466e+03	2.578883486050869145e-01	1.669050084749031104e-01	2.504189426261310691e-01	1.499494351964586469e-01	7.162024897204981311e-02	2.885316311779175316e-02	7.436485300732421921e-02
1.136392223187626087e+03	2.576743481754489307e-01	1.667603059867364956e-01	2.505741528561037379e-01	1.500381722197794421e-01	7.165547143649479700e-02	2.887722042829775002e-02	7.442032889688439401e-02
1.137843554251722708e+03	2.574607323035533191e-01	1.666158270536791386e-01	2.507290943897091950e-01	1.501267476476285390e-01	7.169063513479091709e-02	2.890125338618574485e-02	7.447571008419878735e-02
1.139294885315819101e+03	2.572475001860645705e-01	1.664715714249752343e-01	2.508837676732941224e-01	1.502151618069099137e-01	7.172574022154606932e-02	2.892526194110150300e-02	7.453099674585417223e-02
1.140746216379915950e+03	2.570346510220118397e-01	1.663275388494862006e-01	2.510381731525092586e-01	1.503034150237605449e-01	7.176078685045957084e-02	2.894924604339213850e-02	7.458618905812598732e-02
1.142197547444012343e+03	2.568221840127781763e-01	1.661837290756963126e-01	2.511923112723104534e-01	1.503915076235529669e-01	7.179577517432991773e-02	2.897320564410045540e-02	7.464128719697735170e-02
1.143648878508108737e+03	2.566100983620897003e-01	1.660401418517185590e-01	2.513461824769591124e-01	1.504794399308982122e-01	7.183070534506265370e-02	2.899714069495935506e-02	7.469629133805810728e-02
1.145100209572205586e+03	2.563983932760054429e-01	1.658967769253004432e-01	2.514997872100233067e-01	1.505672122696483095e-01	7.186557751367807223e-02	2.902105114838625030e-02	7.475120165670386119e-02
1.146551540636302207e+03	2.561870679629068004e-01	1.657536340438295897e-01	2.516531259143784949e-01	1.506548249628991976e-01	7.190039183031894654e-02	2.904493695747753859e-02	7.480601832793519479e-02
1.148002871700398828e+03	2.559761216334869860e-01	1.656107129543394063e-01	2.518061990322082999e-01	1.507422783329931959e-01	7.193514844425805133e-02	2.906879807600312379e-02	7.486074152645671997e-02
1.149454202764495449e+03	2.557655535007408720e-01	1.654680134035147743e-01	2.519590070050053421e-01	1.508295727015217802e-01	7.196984750390569840e-02	2.909263445840096912e-02	7.491537142665632976e-02
1.150905533828591842e+03	2.555553627799546645e-01	1.653255351376975990e-01	2.521115502735721825e-01	1.509167083893280803e-01	7.200448915681721684e-02	2.911644605977169523e-02	7.496990820260432398e-02
1.152356864892688463e+03	2.553455486886956338e-01	1.651832779028923337e-01	2.522638292780219338e-01	1.510036857165095725e-01	7.203907354970029431e-02	2.914023283587321642e-02	7.502435202805277092e-02
1.153808195956785084e+03	2.551361104468020113e-01	1.650412414447714471e-01	2.524158444577793148e-01	1.510905050024206053e-01	7.207360082842230453e-02	2.916399474311542547e-02	7.507870307643468855e-02
1.155259527020881706e+03	2.549270472763729978e-01	1.648994255086809191e-01	2.525675962515810946e-01	1.511771665656749808e-01	7.210807113801755153e-02	2.918773173855490274e-02	7.513296152086339219e-02
1.156710858084978327e+03	2.547183584017583824e-01	1.647578298396455976e-01	2.527190850974773695e-01	1.512636707241485079e-01	7.214248462269444440e-02	2.921144377988969115e-02	7.518712753413184235e-02
1.158162189149074720e+03	2.545100430495490507e-01	1.646164541823745830e-01	2.528703114328322288e-01	1.513500177949814174e-01	7.217684142584254725e-02	2.923513082545408162e-02	7.524120128871199242e-02
1.159613520213171569e+03	2.543021004485666037e-01	1.644752982812666686e-01	2.530212756943243102e-01	1.514362080945809985e-01	7.221114169003972627e-02	2.925879283421346788e-02	7.529518295675413642e-02
1.161064851277267962e+03	2.540945298298538657e-01	1.643343618804154194e-01	2.531719783179479655e-01	1.515222419386239860e-01	7.224538555705899145e-02	2.928242976575919435e-02	7.534907271008643714e-02
1.162516182341364356e+03	2.538873304266649478e-01	1.641936447236146124e-01	2.533224197390139820e-01	1.516081196420590027e-01	7.227957316787553266e-02	2.930604158030351153e-02	7.540287072021427395e-02
1.163967513405461204e+03	2.536805014744554221e-01	1.640531465543633716e-01	2.534726003921503601e-01	1.516938415191090295e-01	7.231370466267343644e-02	2.932962823867450372e-02	7.545657715831978474e-02
1.165418844469557826e+03	2.534740422108726077e-01	1.639128671158713024e-01	2.536225207113031455e-01	1.517794078832737648e-01	7.234778018085256945e-02	2.935318970231110339e-02	7.551019219526138027e-02
1.166870175533654447e+03	2.532679518757461889e-01	1.637728061510636268e-01	2.537721811297373176e-01	1.518648190473321780e-01	7.238179986103523977e-02	2.937672593325809517e-02	7.556371600157317514e-02
1.168321506597751068e+03	2.530622297110784458e-01	1.636329634025863455e-01	2.539215820800376777e-01	1.519500753233446466e-01	7.241576384107281661e-02	2.940023689416121355e-02	7.561714874746468251e-02
1.169772837661847461e+03	2.528568749610348165e-01	1.634933386128112620e-01	2.540707239941092932e-01	1.520351770226555377e-01	7.244967225805237776e-02	2.942372254826223013e-02	7.567049060282030060e-02
1.171224168725944082e+03	2.526518868719342392e-01	1.633539315238409506e-01	2.542196073031789405e-01	1.521201244558954002e-01	7.248352524830324606e-02	2.944718285939411373e-02	7.572374173719895185e-02
1.172675499790040703e+03	2.524472646922400476e-01	1.632147418775138359e-01	2.543682324377952719e-01	1.522049179329833801e-01	7.251732294740337315e-02	2.947061779197620440e-02	7.577690231983368052e-02
1.174126830854137097e+03	2.522430076725504233e-01	1.630757694154089943e-01	2.545165998278303143e-01	1.522895577631294683e-01	7.255106549018583428e-02	2.949402731100942213e-02	7.582997251963138896e-02
1.175578161918233945e+03	2.520391150655891255e-01	1.629370138788511502e-01	2.546647099024796912e-01	1.523740442548368046e-01	7.258475301074510111e-02	2.951741138207154141e-02	7.588295250517243518e-02
1.177029492982330339e+03	2.518355861261962203e-01	1.627984750089155608e-01	2.548125630902638439e-01	1.524583777159039810e-01	7.261838564244339767e-02	2.954076997131245552e-02	7.593584244471035527e-02
1.178480824046426733e+03	2.516324201113189774e-01	1.626601525464327624e-01	2.549601598190288088e-01	1.525425584534272350e-01	7.265196351791684826e-02	2.956410304544952392e-02	7.598864250617162752e-02
1.179932155110523581e+03	2.514296162800027656e-01	1.625220462319934001e-01	2.551075005159468279e-01	1.526265867738027526e-01	7.268548676908170858e-02	2.958741057176293016e-02	7.604135285715535320e-02
1.181383486174620202e+03	2.512271738933817833e-01	1.623841558059530288e-01	2.552545856075175146e-01	1.527104629827288063e-01	7.271895552714045807e-02	2.961069251809106753e-02	7.609397366493309001e-02
1.182834817238716823e+03	2.510250922146700647e-01	1.622464810084367492e-01	2.554014155195683533e-01	1.527941873852081134e-01	7.275236992258786450e-02	2.963394885282597674e-02	7.614650509644861620e-02
1.184286148302813444e+03	2.508233705091527099e-01	1.621090215793439537e-01	2.555479906772558096e-01	1.528777602855498630e-01	7.278573008521693755e-02	2.965717954490881825e-02	7.619894731831770851e-02
1.185737479366910065e+03	2.506220080441766140e-01	1.619717772583529336e-01	2.556943115050659410e-01	1.529611819873719358e-01	7.281903614412491010e-02	2.968038456382536897e-02	7.625130049682804501e-02
1.187188810431006686e+03	2.504210040891419742e-01	1.618347477849255700e-01	2.558403784268153958e-01	1.530444527936031252e-01	7.285228822771912249e-02	2.970356387960155012e-02	7.630356479793896918e-02
1.188640141495103080e+03	2.502203579154931856e-01	1.616979328983118025e-01	2.559861918656521906e-01	1.531275730064851903e-01	7.288548646372287887e-02	2.972671746279900717e-02	7.635574038728144830e-02
1.190091472559199701e+03	2.500200687967101265e-01	1.615613323375542087e-01	2.561317522440565431e-01	1.532105429275750497e-01	7.291863097918113712e-02	2.974984528451071059e-02	7.640782743015789302e-02
1.191542803623296322e+03	2.498201360082994982e-01	1.614249458414925564e-01	2.562770599838417040e-01	1.532933628577468899e-01	7.295172190046630978e-02	2.977294731635658775e-02	7.645982609154214349e-02
1.192994134687392716e+03	2.496205588277860543e-01	1.612887731487681608e-01	2.564221155061547908e-01	1.533760330971942198e-01	7.298475935328394004e-02	2.979602353047918969e-02	7.651173653607931668e-02
1.194445465751489564e+03	2.494213365347040245e-01	1.611528139978285479e-01	2.565669192314776748e-01	1.534585539454320080e-01	7.301774346267823901e-02	2.981907389953940973e-02	7.656355892808582031e-02
1.195896796815585958e+03	2.492224684105886212e-01	1.610170681269315340e-01	2.567114715796277036e-01	1.535409257012986806e-01	7.305067435303774781e-02	2.984209839671219874e-02	7.661529343154926952e-02
1.197348127879682352e+03	2.490239537389672964e-01	1.608815352741499727e-01	2.568557729697586445e-01	1.536231486629582310e-01	7.308355214810079159e-02	2.986509699568234630e-02	7.666694021012851468e-02
1.198799458943779200e+03	2.488257918053515538e-01	1.607462151773757508e-01	2.569998238203613505e-01	1.537052231279022740e-01	7.311637697096094735e-02	2.988806967064027223e-02	7.671849942715362747e-02
1.200250790007875821e+03	2.486279818972282896e-01	1.606111075743242578e-01	2.571436245492650374e-01	1.537871493929520161e-01	7.314914894407247015e-02	2.991101639627786329e-02	7.676997124562585928e-02
1.201702121071972442e+03	2.484305233040514094e-01	1.604762122025386595e-01	2.572871755736376165e-01	1.538689277542603651e-01	7.318186818925563608e-02	2.993393714778433412e-02	7.682135582821779385e-02
1.203153452136069063e+03	2.482334153172336688e-01	1.603415287993941729e-01	2.574304773099867494e-01	1.539505585073137894e-01	7.321453482770207133e-02	2.995683190084213326e-02	7.687265333727327787e-02
1.204604783200165684e+03	2.480366572301382355e-01	1.602070571021020906e-01	2.575735301741606809e-01	1.540320419469344282e-01	7.324714897998002572e-02	2.997970063162283885e-02	7.692386393480758755e-02
1.206056114264262078e+03	2.478402483380705568e-01	1.600727968477141105e-01	2.577163345813491269e-01	1.541133783672819779e-01	7.327971076603954914e-02	3.000254331678315831e-02	7.697498778250741469e-02
1.207507445328358699e+03	2.476441879382700606e-01	1.599387477731264717e-01	2.578588909460839962e-01	1.541945680618557468e-01	7.331222030521765409e-02	3.002535993346088644e-02	7.702602504173108877e-02
1.208958776392455093e+03	2.474484753299020512e-01	1.598049096150840065e-01	2.580011996822402787e-01	1.542756113234965698e-01	7.334467771624350596e-02	3.004815045927093295e-02	7.707697587350856305e-02
1.210410107456551941e+03	2.472531098140497152e-01	1.596712821101842483e-01	2.581432612030369889e-01	1.543565084443886681e-01	7.337708311724337740e-02	3.007091487230137070e-02	7.712784043854159499e-02
1.211861438520648335e+03	2.470580906937058785e-01	1.595378649948814564e-01	2.582850759210378322e-01	1.544372597160616201e-01	7.340943662574578310e-02	3.009365315110951525e-02	7.717861889720392665e-02
1.213312769584745183e+03	2.468634172737651233e-01	1.594046580054905293e-01	2.584266442481521486e-01	1.545178654293923870e-01	7.344173835868636480e-02	3.011636527471803909e-02	7.722931140954138185e-02
1.214764100648841804e+03	2.466690888610157950e-01	1.592716608781912790e-01	2.585679665956358009e-01	1.545983258746070066e-01	7.347398843241290112e-02	3.013905122261109973e-02	7.727991813527207432e-02
1.216215431712937971e+03	2.464751047641320358e-01	1.591388733490320950e-01	2.587090433740919515e-01	1.546786413412826466e-01	7.350618696269012320e-02	3.016171097473051635e-02	7.733043923378654649e-02
1.217666762777034819e+03	2.462814642936661247e-01	1.590062951539340241e-01	2.588498749934717846e-01	1.547588121183494092e-01	7.353833406470458578e-02	3.018434451147196385e-02	7.738087486414801930e-02
1.219118093841131440e+03	2.460881667620403168e-01	1.588739260286945176e-01	2.589904618630755606e-01	1.548388384940921902e-01	7.357042985306945504e-02	3.020695181368120499e-02	7.743122518509261420e-02
1.220569424905228061e+03	2.458952114835393776e-01	1.587417657089914558e-01	2.591308043915533377e-01	1.549187207561525115e-01	7.360247444182928256e-02	3.022953286265033304e-02	7.748149035502950588e-02
1.222020755969324682e+03	2.457025977743025891e-01	1.586098139303868393e-01	2.592709029869058601e-01	1.549984591915304910e-01	7.363446794446469601e-02	3.025208764011406634e-02	7.753167053204119974e-02
1.223472087033421303e+03	2.455103249523162001e-01	1.584780704283307307e-01	2.594107580564854465e-01	1.550780540865865642e-01	7.366641047389702046e-02	3.027461612824606033e-02	7.758176587388380951e-02
1.224923418097517697e+03	2.453183923374057385e-01	1.583465349381648346e-01	2.595503700069966557e-01	1.551575057270432600e-01	7.369830214249292744e-02	3.029711830965523683e-02	7.763177653798725153e-02
1.226374749161614318e+03	2.451267992512284333e-01	1.582152071951263839e-01	2.596897392444971753e-01	1.552368143979870885e-01	7.373014306206907009e-02	3.031959416738216201e-02	7.768170268145556390e-02
1.227826080225710712e+03	2.449355450172656101e-01	1.580840869343518584e-01	2.598288661743988759e-01	1.553159803838703723e-01	7.376193334389652412e-02	3.034204368489544501e-02	7.773154446106718407e-02
1.229277411289807560e+03	2.447446289608151138e-01	1.579531738908805938e-01	2.599677512014684777e-01	1.553950039685128848e-01	7.379367309870535352e-02	3.036446684608814367e-02	7.778130203327522640e-02
1.230728742353903954e+03	2.445540504089839529e-01	1.578224677996584724e-01	2.601063947298285495e-01	1.554738854351038480e-01	7.382536243668899600e-02	3.038686363527424300e-02	7.783097555420780134e-02
1.232180073418000802e+03	2.443638086906808060e-01	1.576919683955414764e-01	2.602447971629578971e-01	1.555526250662035148e-01	7.385700146750873163e-02	3.040923403718510595e-02	7.788056517966834846e-02
1.233631404482097196e+03	2.441739031366085555e-01	1.575616754132994068e-01	2.603829589036929515e-01	1.556312231437449733e-01	7.388859030029804043e-02	3.043157803696599356e-02	7.793007106513592797e-02
1.235082735546193817e+03	2.439843330792570431e-01	1.574315885876193533e-01	2.605208803542284346e-01	1.557096799490359784e-01	7.392012904366687676e-02	3.045389562017259202e-02	7.797949336576558144e-02
1.236534066610290438e+03	2.437950978528956314e-01	1.573017076531093295e-01	2.606585619161181366e-01	1.557879957627605061e-01	7.395161780570605470e-02	3.047618677276756408e-02	7.802883223638867882e-02
1.237985397674387059e+03	2.436061967935660710e-01	1.571720323443016043e-01	2.607960039902756377e-01	1.558661708649806965e-01	7.398305669399143913e-02	3.049845148111714893e-02	7.807808783151327925e-02
1.239436728738483680e+03	2.434176292390752006e-01	1.570425623956564209e-01	2.609332069769755291e-01	1.559442055351384082e-01	7.401444581558812297e-02	3.052068973198775875e-02	7.812726030532449184e-02
1.240888059802580301e+03	2.432293945289877024e-01	1.569132975415652720e-01	2.610701712758538573e-01	1.560221000520570223e-01	7.404578527705468760e-02	3.054290151254261329e-02	7.817634981168482267e-02
1.242339390866676695e+03	2.430414920046190252e-01	1.567842375163543966e-01	2.612068972859091787e-01	1.560998546939430798e-01	7.407707518444725525e-02	3.056508681033841615e-02	7.822535650413463271e-02
1.243790721930773088e+03	2.428539210090282230e-01	1.566553820542882225e-01	2.613433854055033922e-01	1.561774697383879751e-01	7.410831564332363841e-02	3.058724561332202066e-02	7.827428053589245704e-02
1.245242052994869937e+03	2.426666808870109049e-01	1.565267308895726961e-01	2.614796360323625724e-01	1.562549454623697320e-01	7.413950675874739216e-02	3.060937790982716858e-02	7.832312205985549058e-02
1.246693384058966330e+03	2.424797709850921856e-01	1.563982837563585027e-01	2.616156495635777457e-01	1.563322821422545583e-01	7.417064863529181096e-02	3.063148368857119760e-02	7.837188122859989337e-02
1.248144715123063179e+03	2.422931906515197742e-01	1.562700403887447020e-01	2.617514263956058906e-01	1.564094800537985386e-01	7.420174137704392547e-02	3.065356293865183213e-02	7.842055819438130404e-02
1.249596046187159800e+03	2.421069392362568407e-01	1.561420005207816986e-01	2.618869669242704923e-01	1.564865394721492997e-01	7.423278508760845773e-02	3.067561564954394970e-02	7.846915310913525621e-02
1.251047377251256421e+03	2.419210160909752994e-01	1.560141638864746827e-01	2.620222715447627082e-01	1.565634606718476207e-01	7.426377987011169302e-02	3.069764181109640652e-02	7.851766612447756699e-02
1.252498708315352815e+03	2.417354205690487590e-01	1.558865302197869063e-01	2.621573406516419791e-01	1.566402439268291813e-01	7.429472582720542118e-02	3.071964141352886285e-02	7.856609739170485052e-02
1.253950039379449436e+03	2.415501520255457779e-01	1.557590992546427355e-01	2.622921746388370834e-01	1.567168895104260329e-01	7.432562306107073913e-02	3.074161444742865359e-02	7.861444706179490649e-02
1.255401370443546057e+03	2.413652098172230365e-01	1.556318707249310374e-01	2.624267738996468036e-01	1.567933976953683473e-01	7.435647167342186725e-02	3.076356090374766580e-02	7.866271528540717817e-02
1.256852701507642678e+03	2.411805933025185644e-01	1.555048443645081768e-01	2.625611388267408142e-01	1.568697687537859431e-01	7.438727176550988252e-02	3.078548077379924391e-02	7.871090221288332134e-02
1.258304032571739299e+03	2.409963018415451075e-01	1.553780199072012091e-01	2.626952698121605700e-01	1.569460029572098958e-01	7.441802343812649323e-02	3.080737404925512971e-02	7.875900799424755128e-02
1.259755363635835920e+03	2.408123347960832439e-01	1.552513970868110160e-01	2.628291672473200835e-01	1.570221005765742306e-01	7.444872679160773055e-02	3.082924072214241612e-02	7.880703277920721173e-02
1.261206694699932314e+03	2.406286915295748896e-01	1.551249756371154420e-01	2.629628315230068125e-01	1.570980618822173380e-01	7.447938192583762607e-02	3.085108078484051844e-02	7.885497671715324675e-02
1.262658025764028707e+03	2.404453714071165815e-01	1.549987552918723199e-01	2.630962630293825488e-01	1.571738871438837226e-01	7.450998894025183394e-02	3.087289423007818709e-02	7.890283995716064480e-02
1.264109356828125556e+03	2.402623737954530381e-01	1.548727357848224406e-01	2.632294621559841397e-01	1.572495766307254739e-01	7.454054793384121136e-02	3.089468105093052391e-02	7.895062264798900775e-02
1.265560687892221949e+03	2.400796980629704425e-01	1.547469168496925784e-01	2.633624292917245424e-01	1.573251306113037928e-01	7.457105900515544061e-02	3.091644124081602621e-02	7.899832493808302269e-02
1.267012018956318798e+03	2.398973435796900033e-01	1.546212982201986275e-01	2.634951648248933243e-01	1.574005493535906852e-01	7.460152225230651246e-02	3.093817479349366892e-02	7.904594697557297545e-02
1.268463350020415419e+03	2.397153097172615155e-01	1.544958796300484605e-01	2.636276691431578278e-01	1.574758331249704324e-01	7.463193777297223719e-02	3.095988170305998682e-02	7.909348890827531953e-02
1.269914681084511813e+03	2.395335958489569761e-01	1.543706608129448432e-01	2.637599426335638930e-01	1.575509821922410347e-01	7.466230566439974181e-02	3.098156196394619491e-02	7.914095088369313413e-02
1.271366012148608434e+03	2.393522013496639789e-01	1.542456415025884042e-01	2.638919856825365784e-01	1.576259968216159046e-01	7.469262602340887014e-02	3.100321557091532260e-02	7.918833304901669312e-02
1.272817343212705055e+03	2.391711255958794691e-01	1.541208214326805492e-01	2.640237986758813271e-01	1.577008772787253654e-01	7.472289894639563834e-02	3.102484251905937226e-02	7.923563555112397849e-02
1.274268674276801676e+03	2.389903679657035263e-01	1.539962003369262922e-01	2.641553819987844665e-01	1.577756238286180390e-01	7.475312452933559337e-02	3.104644280379649512e-02	7.928285853658127713e-02
1.275720005340898297e+03	2.388099278388328417e-01	1.538717779490370863e-01	2.642867360358142625e-01	1.578502367357625114e-01	7.478330286778710201e-02	3.106801642086820178e-02	7.933000215164368041e-02
1.277171336404994690e+03	2.386298045965546399e-01	1.537475540027336829e-01	2.644178611709216975e-01	1.579247162640487201e-01	7.481343405689476478e-02	3.108956336633657627e-02	7.937706654225563929e-02
1.278622667469091539e+03	2.384499976217403505e-01	1.536235282317489903e-01	2.645487577874412466e-01	1.579990626767895645e-01	7.484351819139260786e-02	3.111108363658153173e-02	7.942405185405153334e-02
1.280073998533187932e+03	2.382705062988393629e-01	1.534997003698306828e-01	2.646794262680917109e-01	1.580732762367223210e-01	7.487355536560742764e-02	3.113257722829807297e-02	7.947095823235625356e-02
1.281525329597284326e+03	2.380913300138730315e-01	1.533760701507441426e-01	2.648098669949772721e-01	1.581473572060100863e-01	7.490354567346194092e-02	3.115404413849356957e-02	7.951778582218574365e-02
1.282976660661381175e+03	2.379124681544284858e-01	1.532526373082750970e-01	2.649400803495882695e-01	1.582213058462433597e-01	7.493348920847799077e-02	3.117548436448507737e-02	7.956453476824756899e-02
1.284427991725477568e+03	2.377339201096523857e-01	1.531294015762323935e-01	2.650700667128016996e-01	1.582951224184414030e-01	7.496338606377976610e-02	3.119689790389666359e-02	7.961120521494152724e-02
1.285879322789574417e+03	2.375556852702450650e-01	1.530063626884505812e-01	2.651998264648824377e-01	1.583688071830538502e-01	7.499323633209691031e-02	3.121828475465675962e-02	7.965779730636017575e-02
1.287330653853671038e+03	2.373777630284543971e-01	1.528835203787926866e-01	2.653293599854840146e-01	1.584423603999620123e-01	7.502304010576760218e-02	3.123964491499552076e-02	7.970431118628948375e-02
1.288781984917767431e+03	2.372001527780698005e-01	1.527608743811527947e-01	2.654586676536494494e-01	1.585157823284804313e-01	7.505279747674167834e-02	3.126097838344221724e-02	7.975074699820937363e-02
1.290233315981864052e+03	2.370228539144162982e-01	1.526384244294586578e-01	2.655877498478118603e-01	1.585890732273582682e-01	7.508250853658364476e-02	3.128228515882264249e-02	7.979710488529433154e-02
