1.001418434226643626e+03	2.792767219207388796e-01	1.812549001069178323e-01	2.349521804924853963e-01	1.410577853802267023e-01	6.811805920231973899e-02	2.655343970877521026e-02	6.878691318828036860e-02
1.002869765290740247e+03	2.790227871503564439e-01	1.810892984564567709e-01	2.351344120309495633e-01	1.411631658077051876e-01	6.815943063120163958e-02	2.657951053580047754e-02	6.885139538727405584e-02
1.004321096354836754e+03	2.787693234920429197e-01	1.809239402035833499e-01	2.353163311122871970e-01	1.412683503267187779e-01	6.820072378278732583e-02	2.660556527799571788e-02	6.891576580432887122e-02
1.005772427418933376e+03	2.785163298975535384e-01	1.807588251396204659e-01	2.354979382463465720e-01	1.413733393365065594e-01	6.824193894624552836e-02	2.663160378295353209e-02	6.898002465051805698e-02
1.007223758483029997e+03	2.782638053219398389e-01	1.805939530550769168e-01	2.356792339422247307e-01	1.414781332353578225e-01	6.828307640853409355e-02	2.665762589983496078e-02	6.904417213677586929e-02
1.008675089547126618e+03	2.780117487235345686e-01	1.804293237396558391e-01	2.358602187082683432e-01	1.415827324206164473e-01	6.832413645442196592e-02	2.668363147935685561e-02	6.910820847389016752e-02
1.010126420611223239e+03	2.777601590639367513e-01	1.802649369822627023e-01	2.360408930520742354e-01	1.416871372886852332e-01	6.836511936651083754e-02	2.670962037377934417e-02	6.917213387249515621e-02
1.011577751675319632e+03	2.775090353079962546e-01	1.801007925710134405e-01	2.362212574804899712e-01	1.417913482350302290e-01	6.840602542525658913e-02	2.673559243689338852e-02	6.923594854306426571e-02
1.013029082739416367e+03	2.772583764237995241e-01	1.799368902932425573e-01	2.364013124996147686e-01	1.418953656541850350e-01	6.844685490899056479e-02	2.676154752400845827e-02	6.929965269590319943e-02
1.014480413803512761e+03	2.770081813826543726e-01	1.797732299355110364e-01	2.365810586147999162e-01	1.419991899397549384e-01	6.848760809394043025e-02	2.678748549194026607e-02	6.936324654114306432e-02
1.015931744867609382e+03	2.767584491590754370e-01	1.796098112836143623e-01	2.367604963306495502e-01	1.421028214844211324e-01	6.852828525425110062e-02	2.681340619899863498e-02	6.942673028873377894e-02
1.017383075931706003e+03	2.765091787307694116e-01	1.794466341225903205e-01	2.369396261510212931e-01	1.422062606799447682e-01	6.856888666200514071e-02	2.683930950497542128e-02	6.949010414843749539e-02
1.018834406995802851e+03	2.762603690786208932e-01	1.792836982367269349e-01	2.371184485790270025e-01	1.423095079171709798e-01	6.860941258724316538e-02	2.686519527113257269e-02	6.955336832982224327e-02
1.020285738059899245e+03	2.760120191866774486e-01	1.791210034095702119e-01	2.372969641170333543e-01	1.424125635860330197e-01	6.864986329798387910e-02	2.689106336019024546e-02	6.961652304225568466e-02
1.021737069123995752e+03	2.757641280421354590e-01	1.789585494239318286e-01	2.374751732666625370e-01	1.425154280755560054e-01	6.869023906024400439e-02	2.691691363631503950e-02	6.967956849489900795e-02
1.023188400188092373e+03	2.755166946353259649e-01	1.787963360618968212e-01	2.376530765287929448e-01	1.426181017738609724e-01	6.873054013805790508e-02	2.694274596510828901e-02	6.974250489670090480e-02
1.024639731252188767e+03	2.752697179597005106e-01	1.786343631048312730e-01	2.378306744035598719e-01	1.427205850681687038e-01	6.877076679349708455e-02	2.696856021359448838e-02	6.980533245639186646e-02
1.026091062316285615e+03	2.750231970118167668e-01	1.784726303333898367e-01	2.380079673903561510e-01	1.428228783448035610e-01	6.881091928668944813e-02	2.699435625020977711e-02	6.986805138247834113e-02
1.027542393380382237e+03	2.747771307913245420e-01	1.783111375275232002e-01	2.381849559878328748e-01	1.429249819891971196e-01	6.885099787583828790e-02	2.702013394479052186e-02	6.993066188323722454e-02
1.028993724444478858e+03	2.745315183009522375e-01	1.781498844664857473e-01	2.383616406939002008e-01	1.430268963858919995e-01	6.889100281724118424e-02	2.704589316856199910e-02	6.999316416671040597e-02
1.030445055508575479e+03	2.742863585464925813e-01	1.779888709288428017e-01	2.385380220057277123e-01	1.431286219185455566e-01	6.893093436530858820e-02	2.707163379412713677e-02	7.005555844069942528e-02
1.031896386572671872e+03	2.740416505367889166e-01	1.778280966924780382e-01	2.387141004197454175e-01	1.432301589699334909e-01	6.897079277258232055e-02	2.709735569545538431e-02	7.011784491276025488e-02
1.033347717636768493e+03	2.737973932837216573e-01	1.776675615346008652e-01	2.388898764316443046e-01	1.433315079219533161e-01	6.901057828975376562e-02	2.712305874787162771e-02	7.018002379019824821e-02
1.034799048700865114e+03	2.735535858021945765e-01	1.775072652317536970e-01	2.390653505363770914e-01	1.434326691556281064e-01	6.905029116568195402e-02	2.714874282804521921e-02	7.024209528006315761e-02
1.036250379764961508e+03	2.733102271101212066e-01	1.773472075598190867e-01	2.392405232281588634e-01	1.435336430511098549e-01	6.908993164741140947e-02	2.717440781397907276e-02	7.030405958914427711e-02
1.037701710829058356e+03	2.730673162284115163e-01	1.771873882940269984e-01	2.394153950004678233e-01	1.436344299876829989e-01	6.912949998018980136e-02	2.720005358499887407e-02	7.036591692396572395e-02
1.039153041893154750e+03	2.728248521809585325e-01	1.770278072089619126e-01	2.395899663460459850e-01	1.437350303437677779e-01	6.916899640748543077e-02	2.722568002174233226e-02	7.042766749078176181e-02
1.040604372957251599e+03	2.725828339946248513e-01	1.768684640785699036e-01	2.397642377568998395e-01	1.438354444969237311e-01	6.920842117100452218e-02	2.725128700614854946e-02	7.048931149557235987e-02
1.042055704021347992e+03	2.723412606992295926e-01	1.767093586761656065e-01	2.399382097243011047e-01	1.439356728238529171e-01	6.924777451070834866e-02	2.727687442144746330e-02	7.055084914403872420e-02
1.043507035085444613e+03	2.721001313275352440e-01	1.765504907744393226e-01	2.401118827387873356e-01	1.440357157004032995e-01	6.928705666483013503e-02	2.730244215214935530e-02	7.061228064159906503e-02
1.044958366149541234e+03	2.718594449152345605e-01	1.763918601454638468e-01	2.402852572901627570e-01	1.441355735015719397e-01	6.932626786989184997e-02	2.732799008403447374e-02	7.067360619338432237e-02
1.046409697213637855e+03	2.716192005009374077e-01	1.762334665607014628e-01	2.404583338674989579e-01	1.442352466015083545e-01	6.936540836072069283e-02	2.735351810414270515e-02	7.073482600423415534e-02
1.047861028277734476e+03	2.713793971261581617e-01	1.760753097910107146e-01	2.406311129591355014e-01	1.443347353735176253e-01	6.940447837046556656e-02	2.737902610076333940e-02	7.079594027869284822e-02
1.049312359341831097e+03	2.711400338353026629e-01	1.759173896066532072e-01	2.408035950526806745e-01	1.444340401900635062e-01	6.944347813061327312e-02	2.740451396342491810e-02	7.085694922100553572e-02
1.050763690405927491e+03	2.709011096756555048e-01	1.757597057773003790e-01	2.409757806350122378e-01	1.445331614227716721e-01	6.948240787100452842e-02	2.742998158288515939e-02	7.091785303511431715e-02
1.052215021470024112e+03	2.706626236973670996e-01	1.756022580720402737e-01	2.411476701922781740e-01	1.446320994424327711e-01	6.952126781984992177e-02	2.745542885112096237e-02	7.097865192465460660e-02
1.053666352534120733e+03	2.704245749534416321e-01	1.754450462593840077e-01	2.413192642098972718e-01	1.447308546190053669e-01	6.956005820374554227e-02	2.748085566131847762e-02	7.103934609295152469e-02
1.055117683598217127e+03	2.701869624997238484e-01	1.752880701072726255e-01	2.414905631725600132e-01	1.448294273216191030e-01	6.959877924768860524e-02	2.750626190786327127e-02	7.109993574301638752e-02
1.056569014662313975e+03	2.699497853948869541e-01	1.751313293830835116e-01	2.416615675642291572e-01	1.449278179185776450e-01	6.963743117509275937e-02	2.753164748633055159e-02	7.116042107754325108e-02
1.058020345726410369e+03	2.697130427004201803e-01	1.749748238536369960e-01	2.418322778681404883e-01	1.450260267773616496e-01	6.967601420780332455e-02	2.755701229347549269e-02	7.122080229890564995e-02
1.059471676790506763e+03	2.694767334806164039e-01	1.748185532852027935e-01	2.420026945668036777e-01	1.451240542646315967e-01	6.971452856611239091e-02	2.758235622722360683e-02	7.128107960915329444e-02
1.060923007854603611e+03	2.692408568025597693e-01	1.746625174435064431e-01	2.421728181420027548e-01	1.452219007462308420e-01	6.975297446877372354e-02	2.760767918666121035e-02	7.134125321000893416e-02
1.062374338918700232e+03	2.690054117361137531e-01	1.745067160937357198e-01	2.423426490747971063e-01	1.453195665871883924e-01	6.979135213301741747e-02	2.763298107202595208e-02	7.140132330286530493e-02
1.063825669982796853e+03	2.687703973539088409e-01	1.743511490005469344e-01	2.425121878455219482e-01	1.454170521517217374e-01	6.982966177456459422e-02	2.765826178469743546e-02	7.146129008878214506e-02
1.065277001046893474e+03	2.685358127313304255e-01	1.741958159280714291e-01	2.426814349337892973e-01	1.455143578032395968e-01	6.986790360764177921e-02	2.768352122718788222e-02	7.152115376848325323e-02
1.066728332110990095e+03	2.683016569465069279e-01	1.740407166399215722e-01	2.428503908184884985e-01	1.456114839043448628e-01	6.990607784499522359e-02	2.770875930313290367e-02	7.158091454235369910e-02
1.068179663175086489e+03	2.680679290802979731e-01	1.738858508991971974e-01	2.430190559777870574e-01	1.457084308168371534e-01	6.994418469790497639e-02	2.773397591728230666e-02	7.164057261043706160e-02
1.069630994239183110e+03	2.678346282162822889e-01	1.737312184684916272e-01	2.431874308891313619e-01	1.458051989017156436e-01	6.998222437619891489e-02	2.775917097549101403e-02	7.170012817243277825e-02
1.071082325303279504e+03	2.676017534407461596e-01	1.735768191098980007e-01	2.433555160292474873e-01	1.459017885191817854e-01	7.002019708826662248e-02	2.778434438471001633e-02	7.175958142769353620e-02
1.072533656367376352e+03	2.673693038426716018e-01	1.734226525850151024e-01	2.435233118741418068e-01	1.459982000286418335e-01	7.005810304107301656e-02	2.780949605297742058e-02	7.181893257522280194e-02
1.073984987431472746e+03	2.671372785137247075e-01	1.732687186549536906e-01	2.436908188991017410e-01	1.460944337887095934e-01	7.009594244017193498e-02	2.783462588940955121e-02	7.187818181367229553e-02
1.075436318495569594e+03	2.669056765482442084e-01	1.731150170803423261e-01	2.438580375786966181e-01	1.461904901572090576e-01	7.013371548971952807e-02	2.785973380419213066e-02	7.193732934133971468e-02
1.076887649559666215e+03	2.666744970432295414e-01	1.729615476213334779e-01	2.440249683867782571e-01	1.462863694911768209e-01	7.017142239248755353e-02	2.788481970857153644e-02	7.199637535616637551e-02
1.078338980623762609e+03	2.664437390983298570e-01	1.728083100376093251e-01	2.441916117964818833e-01	1.463820721468647723e-01	7.020906334987649100e-02	2.790988351484610663e-02	7.205532005573500598e-02
1.079790311687859230e+03	2.662134018158325843e-01	1.726553040883877510e-01	2.443579682802267394e-01	1.464775984797426767e-01	7.024663856192853162e-02	2.793492513635752530e-02	7.211416363726760870e-02
1.081241642751955851e+03	2.659834843006517735e-01	1.725025295324281727e-01	2.445240383097168624e-01	1.465729488445005335e-01	7.028414822734048439e-02	2.795994448748226682e-02	7.217290629762335152e-02
1.082692973816052472e+03	2.657539856603171047e-01	1.723499861280373135e-01	2.446898223559418328e-01	1.466681235950511308e-01	7.032159254347641886e-02	2.798494148362312695e-02	7.223154823329649976e-02
1.084144304880149093e+03	2.655249050049626192e-01	1.721976736330749769e-01	2.448553208891775523e-01	1.467631230845325430e-01	7.035897170638034936e-02	2.800991604120078859e-02	7.229008964041454266e-02
1.085595635944245487e+03	2.652962414473156727e-01	1.720455918049598465e-01	2.450205343789869650e-01	1.468579476653105453e-01	7.039628591078864184e-02	2.803486807764549171e-02	7.234853071473623665e-02
1.087046967008342108e+03	2.650679941026857778e-01	1.718937404006750935e-01	2.451854632942208068e-01	1.469525976889809182e-01	7.043353535014230948e-02	2.805979751138873435e-02	7.240687165164981509e-02
1.088498298072438729e+03	2.648401620889535013e-01	1.717421191767740940e-01	2.453501081030183273e-01	1.470470735063720003e-01	7.047072021659936403e-02	2.808470426185504659e-02	7.246511264617114256e-02
1.089949629136535123e+03	2.646127445265596956e-01	1.715907278893860355e-01	2.455144692728081779e-01	1.471413754675469643e-01	7.050784070104672285e-02	2.810958824945385473e-02	7.252325389294207725e-02
1.091400960200631971e+03	2.643857405384944514e-01	1.714395662942214960e-01	2.456785472703089668e-01	1.472355039218061767e-01	7.054489699311228268e-02	2.813444939557136273e-02	7.258129558622883337e-02
1.092852291264728365e+03	2.641591492502864957e-01	1.712886341465779116e-01	2.458423425615301194e-01	1.473294592176895290e-01	7.058188928117667404e-02	2.815928762256254478e-02	7.263923791992030199e-02
1.094303622328825213e+03	2.639329697899922555e-01	1.711379312013452114e-01	2.460058556117726836e-01	1.474232417029787967e-01	7.061881775238498804e-02	2.818410285374315857e-02	7.269708108752657993e-02
1.095754953392921607e+03	2.637072012881849781e-01	1.709874572130111181e-01	2.461690868856300229e-01	1.475168517246997768e-01	7.065568259265839202e-02	2.820889501338185931e-02	7.275482528217748490e-02
1.097206284457018228e+03	2.634818428779446831e-01	1.708372119356667274e-01	2.463320368469885113e-01	1.476102896291246469e-01	7.069248398670559264e-02	2.823366402669234138e-02	7.281247069662112603e-02
1.098657615521114849e+03	2.632568936948469496e-01	1.706871951230118367e-01	2.464947059590284206e-01	1.477035557617741857e-01	7.072922211803414627e-02	2.825840981982556330e-02	7.287001752322254389e-02
1.100108946585211470e+03	2.630323528769526464e-01	1.705374065283601914e-01	2.466570946842246148e-01	1.477966504674200765e-01	7.076589716896168614e-02	2.828313231986203172e-02	7.292746595396235043e-02
1.101560277649308091e+03	2.628082195647974406e-01	1.703878459046450633e-01	2.468192034843473548e-01	1.478895740900869893e-01	7.080250932062710778e-02	2.830783145480413043e-02	7.298481618043553554e-02
1.103011608713404712e+03	2.625844929013814166e-01	1.702385130044241912e-01	2.469810328204630201e-01	1.479823269730547730e-01	7.083905875300146315e-02	2.833250715356852578e-02	7.304206839385017636e-02
1.104462939777501106e+03	2.623611720321587515e-01	1.700894075798853045e-01	2.471425831529348582e-01	1.480749094588607317e-01	7.087554564489895181e-02	2.835715934597862753e-02	7.309922278502635484e-02
1.105914270841597499e+03	2.621382561050273896e-01	1.699405293828511743e-01	2.473038549414237897e-01	1.481673218893015953e-01	7.091197017398762070e-02	2.838178796275710875e-02	7.315627954439496428e-02
1.107365601905694348e+03	2.619157442703185512e-01	1.697918781647848596e-01	2.474648486448891571e-01	1.482595646054358229e-01	7.094833251680006392e-02	2.840639293551846731e-02	7.321323886199671005e-02
1.108816932969790741e+03	2.616936356807871289e-01	1.696434536767947865e-01	2.476255647215894473e-01	1.483516379475856017e-01	7.098463284874396984e-02	2.843097419676167761e-02	7.327010092748106884e-02
1.110268264033887590e+03	2.614719294916009185e-01	1.694952556696398271e-01	2.477860036290831791e-01	1.484435422553389838e-01	7.102087134411255720e-02	2.845553167986287352e-02	7.332686593010530329e-02
1.111719595097984211e+03	2.612506248603310710e-01	1.693472838937344904e-01	2.479461658242295696e-01	1.485352778675518848e-01	7.105704817609491408e-02	2.848006531906809718e-02	7.338353405873355995e-02
1.113170926162080832e+03	2.610297209469417679e-01	1.691995380991538345e-01	2.481060517631893669e-01	1.486268451223502485e-01	7.109316351678626744e-02	2.850457504948611040e-02	7.344010550183598107e-02
1.114622257226177226e+03	2.608092169137803951e-01	1.690520180356384627e-01	2.482656619014255162e-01	1.487182443571320178e-01	7.112921753719800289e-02	2.852906080708125791e-02	7.349658044748787200e-02
1.116073588290273847e+03	2.605891119255675514e-01	1.689047234525995478e-01	2.484249966937041032e-01	1.488094759085691887e-01	7.116521040726783709e-02	2.855352252866637588e-02	7.355295908336891009e-02
1.117524919354370468e+03	2.603694051493871675e-01	1.687576540991237162e-01	2.485840565940949931e-01	1.489005401126098360e-01	7.120114229586962939e-02	2.857796015189578015e-02	7.360924159676236755e-02
1.118976250418467089e+03	2.601500957546770132e-01	1.686108097239778780e-01	2.487428420559725795e-01	1.489914373044799734e-01	7.123701337082324891e-02	2.860237361525827179e-02	7.366542817455444536e-02
1.120427581482563710e+03	2.599311829132185947e-01	1.684641900756142230e-01	2.489013535320167003e-01	1.490821678186857735e-01	7.127282379890426123e-02	2.862676285807025031e-02	7.372151900323359319e-02
1.121878912546660331e+03	2.597126657991276066e-01	1.683177949021749942e-01	2.490595914742133044e-01	1.491727319890152614e-01	7.130857374585358732e-02	2.865112782046882328e-02	7.377751426888984332e-02
1.123330243610756725e+03	2.594945435888443286e-01	1.681716239514971234e-01	2.492175563338552280e-01	1.492631301485404238e-01	7.134426337638698212e-02	2.867546844340501319e-02	7.383341415721428325e-02
1.124781574674853118e+03	2.592768154611239106e-01	1.680256769711172549e-01	2.493752485615431114e-01	1.493533626296191241e-01	7.137989285420451302e-02	2.869978466863700936e-02	7.388921885349847285e-02
1.126232905738949967e+03	2.590594805970271586e-01	1.678799537082762139e-01	2.495326686071859534e-01	1.494434297638969067e-01	7.141546234199978860e-02	2.872407643872343722e-02	7.394492854263394477e-02
1.127684236803046360e+03	2.588425381799105973e-01	1.677344539099239196e-01	2.496898169200020279e-01	1.495333318823091062e-01	7.145097200146934002e-02	2.874834369701673858e-02	7.400054340911169093e-02
1.129135567867143209e+03	2.586259873954173671e-01	1.675891773227238257e-01	2.498466939485197436e-01	1.496230693150824853e-01	7.148642199332159997e-02	2.877258638765655546e-02	7.405606363702176009e-02
1.130586898931239830e+03	2.584098274314678978e-01	1.674441236930577503e-01	2.500033001405781996e-01	1.497126423917373161e-01	7.152181247728608970e-02	2.879680445556319010e-02	7.411148941005289703e-02
1.132038229995336451e+03	2.581940574782503051e-01	1.672992927670303165e-01	2.501596359433281846e-01	1.498020514410891013e-01	7.155714361212225927e-02	2.882099784643111021e-02	7.416682091149207068e-02
1.133489561059432845e+03	2.579786767282113424e-01	1.671546842904735874e-01	2.503157018032328152e-01	1.498912967912504890e-01	7.159241555562841086e-02	2.884516650672249924e-02	7.422205832422422433e-02
1.134940892123529466e+03	2.577636843760469643e-01	1.670102980089515909e-01	2.504714981660683959e-01	1.499803787696330770e-01	7.162762846465046962e-02	2.886931038366087610e-02	7.427720183073192872e-02
1.136392223187626087e+03	2.575490796186934994e-01	1.668661336677648155e-01	2.506270254769251693e-01	1.500692977029492725e-01	7.166278249509064335e-02	2.889342942522473215e-02	7.433225161309518769e-02
1.137843554251722708e+03	2.573348616553182144e-01	1.667221910119546235e-01	2.507822841802081482e-01	1.501580539172140405e-01	7.169787780191605453e-02	2.891752358014125154e-02	7.438720785299106353e-02
1.139294885315819101e+03	2.571210296873102652e-01	1.665784697863077479e-01	2.509372747196378373e-01	1.502466477377467080e-01	7.173291453916721960e-02	2.894159279788007313e-02	7.444207073169359368e-02
1.140746216379915950e+03	2.569075829182718707e-01	1.664349697353606217e-01	2.510919975382510105e-01	1.503350794891728515e-01	7.176789285996644507e-02	2.896563702864708018e-02	7.449684043007359646e-02
1.142197547444012343e+03	2.566945205540091535e-01	1.662916906034039299e-01	2.512464530784015992e-01	1.504233494954258232e-01	7.180281291652620967e-02	2.898965622337824899e-02	7.455151712859849067e-02
1.143648878508108737e+03	2.564818418025234248e-01	1.661486321344867179e-01	2.514006417817614136e-01	1.505114580797487778e-01	7.183767486015742165e-02	2.901365033373357397e-02	7.460610100733222616e-02
1.145100209572205586e+03	2.562695458740018029e-01	1.660057940724208592e-01	2.515545640893208645e-01	1.505994055646962537e-01	7.187247884127755115e-02	2.903761931209100297e-02	7.466059224593518673e-02
1.146551540636302207e+03	2.560576319808091084e-01	1.658631761607852473e-01	2.517082204413899627e-01	1.506871922721359502e-01	7.190722500941876261e-02	2.906156311154042826e-02	7.471499102366409295e-02
1.148002871700398828e+03	2.558460993374784831e-01	1.657207781429300975e-01	2.518616112775988736e-01	1.507748185232505034e-01	7.194191351323585282e-02	2.908548168587773985e-02	7.476929751937200219e-02
1.149454202764495449e+03	2.556349471607029522e-01	1.655785997619812211e-01	2.520147370368987505e-01	1.508622846385390681e-01	7.197654450051424457e-02	2.910937498959891012e-02	7.482351191150836411e-02
1.150905533828591842e+03	2.554241746693266535e-01	1.654366407608441059e-01	2.521675981575626224e-01	1.509495909378191780e-01	7.201111811817777208e-02	2.913324297789414083e-02	7.487763437811895129e-02
1.152356864892688463e+03	2.552137810843361776e-01	1.652949008822081067e-01	2.523201950771863378e-01	1.510367377402282996e-01	7.204563451229649418e-02	2.915708560664203447e-02	7.493166509684598409e-02
1.153808195956785084e+03	2.550037656288520194e-01	1.651533798685506649e-01	2.524725282326888975e-01	1.511237253642255252e-01	7.208009382809435484e-02	2.918090283240382457e-02	7.498560424492818621e-02
1.155259527020881706e+03	2.547941275281198625e-01	1.650120774621413322e-01	2.526245980603135655e-01	1.512105541275933496e-01	7.211449620995681598e-02	2.920469461241766498e-02	7.503945199920085407e-02
1.156710858084978327e+03	2.545848660095023086e-01	1.648709934050457682e-01	2.527764049956287007e-01	1.512972243474392520e-01	7.214884180143835146e-02	2.922846090459292612e-02	7.509320853609605106e-02
1.158162189149074720e+03	2.543759803024703281e-01	1.647301274391299586e-01	2.529279494735285350e-01	1.513837363401973057e-01	7.218313074526992723e-02	2.925220166750457443e-02	7.514687403164270474e-02
1.159613520213171569e+03	2.541674696385948229e-01	1.645894793060641570e-01	2.530792319282336167e-01	1.514700904216298438e-01	7.221736318336641203e-02	2.927591686038757621e-02	7.520044866146680107e-02
1.161064851277267962e+03	2.539593332515382440e-01	1.644490487473268814e-01	2.532302527932921432e-01	1.515562869068291518e-01	7.225153925683380773e-02	2.929960644313133952e-02	7.525393260079160651e-02
1.162516182341364356e+03	2.537515703770462649e-01	1.643088355042088000e-01	2.533810125015804604e-01	1.516423261102189946e-01	7.228565910597656297e-02	2.932327037627422556e-02	7.530732602443783452e-02
1.163967513405461204e+03	2.535441802529395661e-01	1.641688393178167837e-01	2.535315114853038398e-01	1.517282083455563368e-01	7.231972287030470625e-02	2.934690862099808423e-02	7.536062910682393701e-02
1.165418844469557826e+03	2.533371621191053413e-01	1.640290599290776807e-01	2.536817501759972560e-01	1.518139339259327036e-01	7.235373068854093759e-02	2.937052113912282797e-02	7.541384202196635411e-02
1.166870175533654447e+03	2.531305152174895823e-01	1.638894970787423688e-01	2.538317290045264962e-01	1.518995031637760951e-01	7.238768269862765059e-02	2.939410789310105063e-02	7.546696494347981954e-02
1.168321506597751068e+03	2.529242387920885293e-01	1.637501505073894748e-01	2.539814484010884943e-01	1.519849163708523465e-01	7.242157903773385752e-02	2.941766884601271920e-02	7.551999804457761034e-02
1.169772837661847461e+03	2.527183320889407336e-01	1.636110199554291211e-01	2.541309087952124957e-01	1.520701738582667384e-01	7.245541984226214205e-02	2.944120396155985170e-02	7.557294149807192163e-02
1.171224168725944082e+03	2.525127943561188970e-01	1.634721051631069511e-01	2.542801106157607238e-01	1.521552759364656060e-01	7.248920524785533448e-02	2.946471320406128871e-02	7.562579547637421351e-02
1.172675499790040703e+03	2.523076248437218227e-01	1.633334058705077085e-01	2.544290542909290465e-01	1.522402229152378939e-01	7.252293538940338125e-02	2.948819653844747535e-02	7.567856015149557192e-02
1.174126830854137097e+03	2.521028228038667551e-01	1.631949218175590410e-01	2.545777402482480301e-01	1.523250151037165712e-01	7.255661040105000625e-02	2.951165393025529174e-02	7.573123569504708330e-02
1.175578161918233945e+03	2.518983874906809972e-01	1.630566527440352464e-01	2.547261689145837171e-01	1.524096528103804082e-01	7.259023041619924732e-02	2.953508534562293217e-02	7.578382227824020934e-02
1.177029492982330339e+03	2.516943181602943613e-01	1.629185983895609091e-01	2.548743407161381258e-01	1.524941363430552532e-01	7.262379556752207588e-02	2.955849075128481884e-02	7.583632007188728652e-02
1.178480824046426733e+03	2.514906140708309534e-01	1.627807584936145635e-01	2.550222560784503045e-01	1.525784660089157529e-01	7.265730598696283626e-02	2.958187011456654344e-02	7.588872924640187312e-02
1.179932155110523581e+03	2.512872744824017346e-01	1.626431327955323858e-01	2.551699154263971092e-01	1.526626421144867407e-01	7.269076180574567114e-02	2.960522340337986419e-02	7.594104997179931815e-02
1.181383486174620202e+03	2.510842986570965274e-01	1.625057210345116909e-01	2.553173191841940359e-01	1.527466649656447906e-01	7.272416315438082202e-02	2.962855058621775492e-02	7.599328241769709447e-02
1.182834817238716823e+03	2.508816858589764665e-01	1.623685229496146798e-01	2.554644677753959425e-01	1.528305348676196884e-01	7.275751016267102689e-02	2.965185163214945421e-02	7.604542675331542323e-02
1.184286148302813444e+03	2.506794353540660603e-01	1.622315382797718530e-01	2.556113616228978813e-01	1.529142521249959863e-01	7.279080295971765424e-02	2.967512651081557692e-02	7.609748314747767639e-02
1.185737479366910065e+03	2.504775464103456972e-01	1.620947667637855916e-01	2.557580011489359317e-01	1.529978170417144179e-01	7.282404167392686478e-02	2.969837519242328472e-02	7.614945176861095955e-02
1.187188810431006686e+03	2.502760182977440961e-01	1.619582081403336815e-01	2.559043867750877554e-01	1.530812299210733696e-01	7.285722643301578705e-02	2.972159764774144619e-02	7.620133278474662542e-02
1.188640141495103080e+03	2.500748502881304791e-01	1.618218621479727559e-01	2.560505189222739841e-01	1.531644910657303793e-01	7.289035736401848486e-02	2.974479384809588026e-02	7.625312636352081508e-02
1.190091472559199701e+03	2.498740416553072996e-01	1.616857285251418197e-01	2.561963980107583305e-01	1.532476007777036631e-01	7.292343459329193867e-02	2.976796376536459954e-02	7.630483267217506860e-02
1.191542803623296322e+03	2.496735916750026929e-01	1.615498070101656636e-01	2.563420244601489206e-01	1.533305593583733917e-01	7.295645824652202682e-02	2.979110737197313355e-02	7.635645187755683849e-02
1.192994134687392716e+03	2.494734996248629544e-01	1.614140973412581948e-01	2.564873986893988489e-01	1.534133671084833284e-01	7.298942844872934044e-02	2.981422464088984495e-02	7.640798414612014200e-02
1.194445465751489564e+03	2.492737647844451288e-01	1.612785992565258508e-01	2.566325211168070664e-01	1.534960243281421888e-01	7.302234532427499814e-02	2.983731554562131516e-02	7.645942964392613006e-02
1.195896796815585958e+03	2.490743864352096826e-01	1.611433124939710138e-01	2.567773921600191578e-01	1.535785313168249733e-01	7.305520899686641922e-02	2.986038006020774391e-02	7.651078853664373958e-02
1.197348127879682352e+03	2.488753638605132046e-01	1.610082367914952850e-01	2.569220122360280079e-01	1.536608883733745767e-01	7.308801958956297196e-02	2.988341815921840075e-02	7.656206098955031791e-02
1.198799458943779200e+03	2.486766963456009671e-01	1.608733718869028717e-01	2.570663817611749113e-01	1.537430957960030653e-01	7.312077722478162178e-02	2.990642981774710787e-02	7.661324716753221964e-02
1.200250790007875821e+03	2.484783831775997653e-01	1.607387175179037786e-01	2.572105011511500727e-01	1.538251538822932030e-01	7.315348202430255187e-02	2.992941501140775756e-02	7.666434723508556981e-02
1.201702121071972442e+03	2.482804236455107283e-01	1.606042734221170554e-01	2.573543708209937719e-01	1.539070629291997838e-01	7.318613410927463092e-02	2.995237371632985743e-02	7.671536135631681907e-02
1.203153452136069063e+03	2.480828170402020472e-01	1.604700393370742384e-01	2.574979911850968639e-01	1.539888232330510476e-01	7.321873360022088106e-02	2.997530590915412768e-02	7.676628969494352084e-02
1.204604783200165684e+03	2.478855626544018420e-01	1.603360150002222373e-01	2.576413626572015558e-01	1.540704350895500674e-01	7.325128061704397342e-02	2.999821156702811575e-02	7.681713241429495576e-02
1.206056114264262078e+03	2.476886597826910563e-01	1.602022001489268321e-01	2.577844856504023507e-01	1.541518987937762208e-01	7.328377527903147393e-02	3.002109066760185949e-02	7.686788967731286726e-02
1.207507445328358699e+03	2.474921077214964904e-01	1.600685945204756433e-01	2.579273605771471023e-01	1.542332146401863835e-01	7.331621770486126954e-02	3.004394318902356420e-02	7.691856164655219708e-02
1.208958776392455093e+03	2.472959057690835016e-01	1.599351978520814066e-01	2.580699878492372923e-01	1.543143829226165664e-01	7.334860801260674468e-02	3.006676910993535262e-02	7.696914848418176525e-02
1.210410107456551941e+03	2.471000532255493154e-01	1.598020098808849987e-01	2.582123678778292519e-01	1.543954039342830542e-01	7.338094631974199922e-02	3.008956840946900094e-02	7.701965035198504728e-02
1.211861438520648335e+03	2.469045493928157808e-01	1.596690303439585179e-01	2.583545010734347724e-01	1.544762779677839037e-01	7.341323274314703884e-02	3.011234106724174076e-02	7.707006741136088190e-02
1.213312769584745183e+03	2.467093935746226541e-01	1.595362589783085316e-01	2.584963878459219933e-01	1.545570053151002765e-01	7.344546739911286815e-02	3.013508706335208190e-02	7.712039982332424826e-02
1.214764100648841804e+03	2.465145850765205482e-01	1.594036955208789075e-01	2.586380286045162347e-01	1.546375862675977708e-01	7.347765040334647280e-02	3.015780637837567335e-02	7.717064774850702913e-02
1.216215431712937971e+03	2.463201232058642165e-01	1.592713397085540050e-01	2.587794237578007195e-01	1.547180211160277818e-01	7.350978187097594041e-02	3.018049899336118502e-02	7.722081134715880202e-02
1.217666762777034819e+03	2.461260072718055303e-01	1.591391912781616180e-01	2.589205737137174057e-01	1.547983101505288894e-01	7.354186191655535942e-02	3.020316488982624850e-02	7.727089077914757465e-02
1.219118093841131440e+03	2.459322365852869285e-01	1.590072499664759720e-01	2.590614788795678192e-01	1.548784536606281070e-01	7.357389065406973183e-02	3.022580404975339433e-02	7.732088620396063150e-02
1.220569424905228061e+03	2.457388104590344236e-01	1.588755155102207495e-01	2.592021396620139417e-01	1.549584519352422973e-01	7.360586819693977489e-02	3.024841645558605172e-02	7.737079778070526936e-02
1.222020755969324682e+03	2.455457282075511061e-01	1.587439876460718657e-01	2.593425564670789329e-01	1.550383052626795044e-01	7.363779465802684776e-02	3.027100209022455524e-02	7.742062566810968549e-02
1.223472087033421303e+03	2.453529891471102342e-01	1.586126661106605495e-01	2.594827297001478517e-01	1.551180139306402028e-01	7.366967014963760052e-02	3.029356093702221739e-02	7.747037002452372700e-02
1.224923418097517697e+03	2.451605925957488219e-01	1.584815506405762298e-01	2.596226597659687108e-01	1.551975782262187131e-01	7.370149478352880368e-02	3.031609297978138037e-02	7.752003100791973744e-02
1.226374749161614318e+03	2.449685378732607555e-01	1.583506409723693387e-01	2.597623470686530323e-01	1.552769984359043953e-01	7.373326867091190007e-02	3.033859820274955113e-02	7.756960877589340331e-02
1.227826080225710712e+03	2.447768243011904377e-01	1.582199368425542541e-01	2.599017920116767355e-01	1.553562748455830922e-01	7.376499192245775105e-02	3.036107659061552944e-02	7.761910348566455897e-02
1.229277411289807560e+03	2.445854512028261540e-01	1.580894379876120193e-01	2.600409949978811364e-01	1.554354077405383228e-01	7.379666464830109129e-02	3.038352812850559845e-02	7.766851529407804711e-02
1.230728742353903954e+03	2.443944179031934671e-01	1.579591441439932853e-01	2.601799564294733913e-01	1.555143974054526701e-01	7.382828695804519170e-02	3.040595280197971526e-02	7.771784435760457910e-02
1.232180073418000802e+03	2.442037237290488050e-01	1.578290550481210586e-01	2.603186767080278297e-01	1.555932441244090303e-01	7.385985896076627255e-02	3.042835059702774653e-02	7.776709083234159547e-02
1.233631404482097196e+03	2.440133680088731050e-01	1.576991704363933933e-01	2.604571562344861202e-01	1.556719481808918892e-01	7.389138076501794439e-02	3.045072150006573886e-02	7.781625487401408470e-02
1.235082735546193817e+03	2.438233500728652636e-01	1.575694900451863056e-01	2.605953954091586033e-01	1.557505098577885994e-01	7.392285247883569055e-02	3.047306549793219257e-02	7.786533663797551297e-02
1.236534066610290438e+03	2.436336692529357806e-01	1.574400136108563275e-01	2.607333946317249573e-01	1.558289294373908229e-01	7.395427420974116928e-02	3.049538257788441883e-02	7.791433627920868465e-02
1.237985397674387059e+03	2.434443248827003470e-01	1.573107408697434484e-01	2.608711543012348089e-01	1.559072072013955867e-01	7.398564606474651584e-02	3.051767272759485505e-02	7.796325395232661659e-02
1.239436728738483680e+03	2.432553162974736838e-01	1.571816715581735024e-01	2.610086748161088432e-01	1.559853434309065867e-01	7.401696815035867238e-02	3.053993593514746016e-02	7.801208981157341238e-02
1.240888059802580301e+03	2.430666428342630192e-01	1.570528054124611383e-01	2.611459565741393596e-01	1.560633384064356866e-01	7.404824057258357906e-02	3.056217218903413413e-02	7.806084401082515056e-02
1.242339390866676695e+03	2.428783038317621212e-01	1.569241421689122895e-01	2.612829999724914365e-01	1.561411924079039171e-01	7.407946343693042057e-02	3.058438147815113403e-02	7.810951670359082832e-02
1.243790721930773088e+03	2.426902986303447751e-01	1.567956815638268386e-01	2.614198054077032096e-01	1.562189057146428361e-01	7.411063684841576182e-02	3.060656379179554562e-02	7.815810804301322190e-02
1.245242052994869937e+03	2.425026265720588159e-01	1.566674233335012545e-01	2.615563732756870929e-01	1.562964786053958055e-01	7.414176091156761406e-02	3.062871911966179306e-02	7.820661818186981640e-02
1.246693384058966330e+03	2.423152870006198001e-01	1.565393672142312287e-01	2.616927039717305559e-01	1.563739113583192397e-01	7.417283573042955658e-02	3.065084745183814172e-02	7.825504727257368009e-02
1.248144715123063179e+03	2.421282792614049273e-01	1.564115129423141182e-01	2.618287978904967894e-01	1.564512042509838552e-01	7.420386140856478907e-02	3.067294877880324608e-02	7.830339546717444976e-02
1.249596046187159800e+03	2.419416027014470172e-01	1.562838602540516653e-01	2.619646554260255944e-01	1.565283575603758914e-01	7.423483804906008676e-02	3.069502309142273580e-02	7.835166291735921884e-02
1.251047377251256421e+03	2.417552566694282923e-01	1.561564088857523847e-01	2.621002769717341585e-01	1.566053715628983323e-01	7.426576575452979723e-02	3.071707038094580872e-02	7.839984977445341174e-02
1.252498708315352815e+03	2.415692405156744660e-01	1.560291585737341724e-01	2.622356629204180001e-01	1.566822465343722381e-01	7.429664462711969841e-02	3.073909063900187241e-02	7.844795618942178306e-02
1.253950039379449436e+03	2.413835535921486086e-01	1.559021090543268040e-01	2.623708136642515787e-01	1.567589827500378563e-01	7.432747476851093993e-02	3.076108385759718580e-02	7.849598231286930572e-02
1.255401370443546057e+03	2.411981952524452910e-01	1.557752600638742935e-01	2.625057295947891278e-01	1.568355804845559809e-01	7.435825627992387332e-02	3.078305002911155969e-02	7.854392829504214246e-02
1.256852701507642678e+03	2.410131648517845615e-01	1.556486113387375025e-01	2.626404111029657096e-01	1.569120400120090630e-01	7.438898926212185458e-02	3.080498914629503995e-02	7.859179428582856175e-02
1.258304032571739299e+03	2.408284617470059508e-01	1.555221626152964720e-01	2.627748585790977698e-01	1.569883616059024878e-01	7.441967381541499116e-02	3.082690120226467059e-02	7.863958043475989534e-02
1.259755363635835920e+03	2.406440852965627264e-01	1.553959136299529753e-01	2.629090724128841372e-01	1.570645455391658507e-01	7.445031003966391669e-02	3.084878619050122894e-02	7.868728689101146812e-02
1.261206694699932314e+03	2.404600348605159532e-01	1.552698641191327389e-01	2.630430529934064676e-01	1.571405920841540682e-01	7.448089803428344091e-02	3.087064410484603380e-02	7.873491380340355561e-02
1.262658025764028707e+03	2.402763098005286369e-01	1.551440138192879681e-01	2.631768007091306316e-01	1.572165015126486542e-01	7.451143789824629660e-02	3.089247493949774312e-02	7.878246132040232774e-02
1.264109356828125556e+03	2.400929094798599506e-01	1.550183624668997062e-01	2.633103159479069921e-01	1.572922740958589138e-01	7.454192973008665069e-02	3.091427868900920028e-02	7.882992959012080636e-02
1.265560687892221949e+03	2.399098332633594344e-01	1.548929097984801107e-01	2.634435990969716257e-01	1.573679101044231088e-01	7.457237362790378188e-02	3.093605534828428733e-02	7.887731876031985057e-02
1.267012018956318798e+03	2.397270805174613328e-01	1.547676555505748397e-01	2.635766505429467110e-01	1.574434098084097622e-01	7.460276968936561948e-02	3.095780491257481629e-02	7.892462897840908653e-02
1.268463350020415419e+03	2.395446506101786832e-01	1.546425994597653009e-01	2.637094706718418613e-01	1.575187734773187409e-01	7.463311801171226834e-02	3.097952737747744142e-02	7.897186039144785119e-02
1.269914681084511813e+03	2.393625429110978475e-01	1.545177412626710101e-01	2.638420598690545127e-01	1.575940013800825878e-01	7.466341869175945056e-02	3.100122273893059568e-02	7.901901314614619143e-02
1.271366012148608434e+03	2.391807567913726562e-01	1.543930806959519786e-01	2.639744185193706461e-01	1.576690937850675489e-01	7.469367182590204435e-02	3.102289099321144453e-02	7.906608738886582166e-02
1.272817343212705055e+03	2.389992916237189402e-01	1.542686174963106560e-01	2.641065470069661747e-01	1.577440509600749330e-01	7.472387751011744239e-02	3.104453213693287444e-02	7.911308326562109527e-02
1.274268674276801676e+03	2.388181467824087301e-01	1.541443514004945115e-01	2.642384457154073329e-01	1.578188731723421112e-01	7.475403583996899359e-02	3.106614616704050924e-02	7.916000092207993444e-02
1.275720005340898297e+03	2.386373216432648714e-01	1.540202821452980042e-01	2.643701150276513978e-01	1.578935606885438769e-01	7.478414691060930597e-02	3.108773308080972630e-02	7.920684050356488481e-02
1.277171336404994690e+03	2.384568155836554182e-01	1.538964094675649985e-01	2.645015553260477437e-01	1.579681137747935560e-01	7.481421081678360507e-02	3.110929287584272146e-02	7.925360215505400374e-02
1.278622667469091539e+03	2.382766279824879707e-01	1.537727331041908452e-01	2.646327669923385639e-01	1.580425326966441724e-01	7.484422765283305079e-02	3.113082555006559116e-02	7.930028602118187331e-02
1.280073998533187932e+03	2.380967582202043464e-01	1.536492527921244911e-01	2.647637504076597037e-01	1.581168177190896140e-01	7.487419751269791535e-02	3.115233110172541814e-02	7.934689224624057180e-02
1.281525329597284326e+03	2.379172056787750011e-01	1.535259682683708105e-01	2.648945059525414369e-01	1.581909691065658541e-01	7.490412048992094174e-02	3.117380952938741262e-02	7.939342097418064514e-02
1.282976660661381175e+03	2.377379697416936444e-01	1.534028792699925758e-01	2.650250340069092991e-01	1.582649871229520611e-01	7.493399667765039684e-02	3.119526083193206040e-02	7.943987234861210611e-02
1.284427991725477568e+03	2.375590497939717993e-01	1.532799855341127060e-01	2.651553349500847534e-01	1.583388720315718201e-01	7.496382616864340209e-02	3.121668500855227790e-02	7.948624651280537801e-02
1.285879322789574417e+03	2.373804452221334182e-01	1.531572867979163199e-01	2.652854091607863007e-01	1.584126240951942155e-01	7.499360905526893106e-02	3.123808205875061583e-02	7.953254360969229386e-02
1.287330653853671038e+03	2.372021554142094424e-01	1.530347827986528464e-01	2.654152570171300907e-01	1.584862435760351629e-01	7.502334542951098750e-02	3.125945198233647665e-02	7.957876378186708177e-02
1.288781984917767431e+03	2.370241797597326117e-01	1.529124732736380776e-01	2.655448788966307538e-01	1.585597307357582975e-01	7.505303538297170007e-02	3.128079477942333902e-02	7.962490717158732245e-02
1.290233315981864052e+03	2.368465176497319968e-01	1.527903579602562789e-01	2.656742751762021792e-01	1.586330858354763895e-01	7.508267900687431995e-02	3.130211045042603085e-02	7.967097392077497620e-02
