1.001418434226643626e+03	2.792102309288375661e-01	1.813069958733906639e-01	2.349802287234878662e-01	1.410665596400789701e-01	6.812789445113193176e-02	2.656112887097027142e-02	6.874696151184961357e-02
1.002869765290740247e+03	2.789553952539169934e-01	1.811421686297528810e-01	2.351628075837269294e-01	1.411722982389151670e-01	6.816912466428719231e-02	2.658728172621414518e-02	6.881092390293352956e-02
1.004321096354836754e+03	2.787010308879152021e-01	1.809775847887953315e-01	2.353450745134085531e-01	1.412778418173054051e-01	6.821027593110974563e-02	2.661341798557099320e-02	6.887477407564158993e-02
1.005772427418933376e+03	2.784471368179119444e-01	1.808132441106059252e-01	2.355270300186182997e-01	1.413831907536406696e-01	6.825134854638664761e-02	2.663953749053026704e-02	6.893851226205312266e-02
1.007223758483029997e+03	2.781937120338842662e-01	1.806491463548081378e-01	2.357086746046972714e-01	1.414883454255564665e-01	6.829234280261085865e-02	2.666564008427132343e-02	6.900213869391857990e-02
1.008675089547126618e+03	2.779407555286949605e-01	1.804852912805663401e-01	2.358900087762428321e-01	1.415933062099352657e-01	6.833325899000518289e-02	2.669172561164942156e-02	6.906565360265291831e-02
1.010126420611223239e+03	2.776882662980804661e-01	1.803216786465911270e-01	2.360710330371093846e-01	1.416980734829089428e-01	6.837409739654602692e-02	2.671779391918179328e-02	6.912905721932915970e-02
1.011577751675319632e+03	2.774362433406393214e-01	1.801583082111445078e-01	2.362517478904091195e-01	1.418026476198611940e-01	6.841485830798679779e-02	2.674384485503389364e-02	6.919234977467209058e-02
1.013029082739416367e+03	2.771846856578201179e-01	1.799951797320452351e-01	2.364321538385125987e-01	1.419070289954300623e-01	6.845554200788106503e-02	2.676987826900570355e-02	6.925553149905219752e-02
1.014480413803512761e+03	2.769335922539101214e-01	1.798322929666737735e-01	2.366122513830495599e-01	1.420112179835101851e-01	6.849614877760543119e-02	2.679589401251817465e-02	6.931860262247964422e-02
1.015931744867609382e+03	2.766829621360237246e-01	1.796696476719777669e-01	2.367920410249097218e-01	1.421152149572552370e-01	6.853667889638213884e-02	2.682189193859974355e-02	6.938156337459852607e-02
1.017383075931706003e+03	2.764327943140908461e-01	1.795072436044768405e-01	2.369715232642434499e-01	1.422190202890801225e-01	6.857713264130145536e-02	2.684787190187300568e-02	6.944441398468119420e-02
1.018834406995802851e+03	2.761830878008453283e-01	1.793450805202679299e-01	2.371506986004624506e-01	1.423226343506632796e-01	6.861751028734371094e-02	2.687383375854144815e-02	6.950715468162275978e-02
1.020285738059899245e+03	2.759338416118138348e-01	1.791831581750301383e-01	2.373295675322405485e-01	1.424260575129490947e-01	6.865781210740119767e-02	2.689977736637632136e-02	6.956978569393579281e-02
1.021737069123995752e+03	2.756850547653044159e-01	1.790214763240299545e-01	2.375081305575144075e-01	1.425292901461499284e-01	6.869803837229965238e-02	2.692570258470359038e-02	6.963230724974504848e-02
1.023188400188092373e+03	2.754367262823952944e-01	1.788600347221260267e-01	2.376863881734842254e-01	1.426323326197483921e-01	6.873818935081968395e-02	2.695160927439099741e-02	6.969471957678242957e-02
1.024639731252188767e+03	2.751888551869235977e-01	1.786988331237742977e-01	2.378643408766145662e-01	1.427351853024994566e-01	6.877826530971775654e-02	2.697749729783524217e-02	6.975702290238208758e-02
1.026091062316285615e+03	2.749414405054743660e-01	1.785378712830328896e-01	2.380419891626350259e-01	1.428378485624327010e-01	6.881826651374713111e-02	2.700336651894924209e-02	6.981921745347564878e-02
1.027542393380382237e+03	2.746944812673693948e-01	1.783771489535669608e-01	2.382193335265409551e-01	1.429403227668543663e-01	6.885819322567834910e-02	2.702921680314950698e-02	6.988130345658752351e-02
1.028993724444478858e+03	2.744479765046560771e-01	1.782166658886535915e-01	2.383963744625942904e-01	1.430426082823493816e-01	6.889804570631967440e-02	2.705504801734360393e-02	6.994328113783040979e-02
1.030445055508575479e+03	2.742019252520969119e-01	1.780564218411866129e-01	2.385731124643241940e-01	1.431447054747835290e-01	6.893782421453713283e-02	2.708086002991775057e-02	7.000515072290094953e-02
1.031896386572671872e+03	2.739563265471581244e-01	1.778964165636813810e-01	2.387495480245278023e-01	1.432466147093054420e-01	6.897752900727445458e-02	2.710665271072445343e-02	7.006691243707539873e-02
1.033347717636768493e+03	2.737111794299993406e-01	1.777366498082796620e-01	2.389256816352710033e-01	1.433483363503485764e-01	6.901716033957271124e-02	2.713242593107029893e-02	7.012856650520551960e-02
1.034799048700865114e+03	2.734664829434622635e-01	1.775771213267541837e-01	2.391015137878892138e-01	1.434498707616332636e-01	6.905671846458974472e-02	2.715817956370381037e-02	7.019011315171462539e-02
1.036250379764961508e+03	2.732222361330605143e-01	1.774178308705135487e-01	2.392770449729880455e-01	1.435512183061686264e-01	6.909620363361938800e-02	2.718391348280341582e-02	7.025155260059362528e-02
1.037701710829058356e+03	2.729784380469685856e-01	1.772587781906067583e-01	2.394522756804441099e-01	1.436523793462545218e-01	6.913561609611039438e-02	2.720962756396549942e-02	7.031288507539727728e-02
1.039153041893154750e+03	2.727350877360115722e-01	1.770999630377279588e-01	2.396272063994056845e-01	1.437533542434834832e-01	6.917495609968528358e-02	2.723532168419256355e-02	7.037411079924055235e-02
1.040604372957251599e+03	2.724921842536544569e-01	1.769413851622209932e-01	2.398018376182936284e-01	1.438541433587426366e-01	6.921422389015884080e-02	2.726099572188146053e-02	7.043522999479505386e-02
1.042055704021347992e+03	2.722497266559917306e-01	1.767830443140840924e-01	2.399761698248019104e-01	1.439547470522155037e-01	6.925341971155646315e-02	2.728664955681175258e-02	7.049624288428563146e-02
1.043507035085444613e+03	2.720077140017368444e-01	1.766249402429743709e-01	2.401502035058985796e-01	1.440551656833838901e-01	6.929254380613227016e-02	2.731228307013413084e-02	7.055714968948706423e-02
1.044958366149541234e+03	2.717661453522120518e-01	1.764670726982122406e-01	2.403239391478262654e-01	1.441553996110297997e-01	6.933159641438706167e-02	2.733789614435894882e-02	7.061795063172078557e-02
1.046409697213637855e+03	2.715250197713379721e-01	1.763094414287861844e-01	2.404973772361031770e-01	1.442554491932370730e-01	6.937057777508597034e-02	2.736348866334483571e-02	7.067864593185188560e-02
1.047861028277734476e+03	2.712843363256235429e-01	1.761520461833570583e-01	2.406705182555237132e-01	1.443553147873933296e-01	6.940948812527607259e-02	2.738906051228741367e-02	7.073923581028600249e-02
1.049312359341831097e+03	2.710440940841554736e-01	1.759948867102625603e-01	2.408433626901592961e-01	1.444549967501916610e-01	6.944832770030359703e-02	2.741461157770808121e-02	7.079972048696650533e-02
1.050763690405927491e+03	2.708042921185885854e-01	1.758379627575216153e-01	2.410159110233589530e-01	1.445544954376324076e-01	6.948709673383107743e-02	2.744014174744292128e-02	7.086010018137166300e-02
1.052215021470024112e+03	2.705649295031353208e-01	1.756812740728387889e-01	2.411881637377502885e-01	1.446538112050249070e-01	6.952579545785428361e-02	2.746565091063164418e-02	7.092037511251193804e-02
1.053666352534120733e+03	2.703260053145560282e-01	1.755248204036088111e-01	2.413601213152402336e-01	1.447529444069891591e-01	6.956442410271893029e-02	2.749113895770669697e-02	7.098054549892737763e-02
1.055117683598217127e+03	2.700875186321488042e-01	1.753686014969206286e-01	2.415317842370155177e-01	1.448518953974575474e-01	6.960298289713723330e-02	2.751660578038236590e-02	7.104061155868510169e-02
1.056569014662313975e+03	2.698494685377397229e-01	1.752126170995618737e-01	2.417031529835437509e-01	1.449506645296765595e-01	6.964147206820422986e-02	2.754205127164405936e-02	7.110057350937695753e-02
1.058020345726410369e+03	2.696118541156728998e-01	1.750568669580231385e-01	2.418742280345740903e-01	1.450492521562083692e-01	6.967989184141396009e-02	2.756747532573759762e-02	7.116043156811709125e-02
1.059471676790506763e+03	2.693746744528006665e-01	1.749013508185022214e-01	2.420450098691378782e-01	1.451476586289325577e-01	6.971824244067544030e-02	2.759287783815864148e-02	7.122018595153974119e-02
1.060923007854603611e+03	2.691379286384739111e-01	1.747460684269083186e-01	2.422154989655495583e-01	1.452458842990476118e-01	6.975652408832844209e-02	2.761825870564217286e-02	7.127983687579712846e-02
1.062374338918700232e+03	2.689016157645321425e-01	1.745910195288662148e-01	2.423856958014073970e-01	1.453439295170727563e-01	6.979473700515916035e-02	2.764361782615207611e-02	7.133938455655734756e-02
1.063825669982796853e+03	2.686657349252943305e-01	1.744362038697205020e-01	2.425556008535941777e-01	1.454417946328493139e-01	6.983288141041558983e-02	2.766895509887080593e-02	7.139882920900238183e-02
1.065277001046893474e+03	2.684302852175487475e-01	1.742816211945396876e-01	2.427252145982779774e-01	1.455394799955423979e-01	6.987095752182286013e-02	2.769427042418911439e-02	7.145817104782624385e-02
1.066728332110990095e+03	2.681952657405437535e-01	1.741272712481203577e-01	2.428945375109130278e-01	1.456369859536425504e-01	6.990896555559827918e-02	2.771956370369589584e-02	7.151741028723312965e-02
1.068179663175086489e+03	2.679606755959784148e-01	1.739731537749911461e-01	2.430635700662403531e-01	1.457343128549670741e-01	6.994690572646626581e-02	2.774483484016808041e-02	7.157654714093568404e-02
1.069630994239183110e+03	2.677265138879925677e-01	1.738192685194169529e-01	2.432323127382886863e-01	1.458314610466617534e-01	6.998477824767314337e-02	2.777008373756061771e-02	7.163558182215333525e-02
1.071082325303279504e+03	2.674927797231578808e-01	1.736656152254028584e-01	2.434007660003750240e-01	1.459284308752023251e-01	7.002258333100168375e-02	2.779531030099655423e-02	7.169451454361069898e-02
1.072533656367376352e+03	2.672594722104684184e-01	1.735121936366982587e-01	2.435689303251056537e-01	1.460252226863958669e-01	7.006032118678556797e-02	2.782051443675716620e-02	7.175334551753609347e-02
1.073984987431472746e+03	2.670265904613311481e-01	1.733590034968006677e-01	2.437368061843766809e-01	1.461218368253825173e-01	7.009799202392363870e-02	2.784569605227220010e-02	7.181207495566006849e-02
1.075436318495569594e+03	2.667941335895570032e-01	1.732060445489598810e-01	2.439043940493749729e-01	1.462182736366367530e-01	7.013559604989400009e-02	2.787085505611016506e-02	7.187070306921410079e-02
1.076887649559666215e+03	2.665621007113515017e-01	1.730533165361817505e-01	2.440716943905788250e-01	1.463145334639688877e-01	7.017313347076797880e-02	2.789599135796871562e-02	7.192923006892922022e-02
1.078338980623762609e+03	2.663304909453055314e-01	1.729008192012322087e-01	2.442387076777587651e-01	1.464106166505265705e-01	7.021060449122387692e-02	2.792110486866510380e-02	7.198765616503480236e-02
1.079790311687859230e+03	2.660993034123864120e-01	1.727485522866410717e-01	2.444054343799782758e-01	1.465065235387962572e-01	7.024800931456069708e-02	2.794619550012672482e-02	7.204598156725743052e-02
1.081241642751955851e+03	2.658685372359286814e-01	1.725965155347058966e-01	2.445718749655947655e-01	1.466022544706044872e-01	7.028534814271153452e-02	2.797126316538172189e-02	7.210420648481978556e-02
1.082692973816052472e+03	2.656381915416252681e-01	1.724447086874959512e-01	2.447380299022600125e-01	1.466978097871194653e-01	7.032262117625694142e-02	2.799630777854965336e-02	7.216233112643964664e-02
1.084144304880149093e+03	2.654082654575183886e-01	1.722931314868557384e-01	2.449038996569212201e-01	1.467931898288523107e-01	7.035982861443812464e-02	2.802132925483228829e-02	7.222035570032887819e-02
1.085595635944245487e+03	2.651787581139906647e-01	1.721417836744091046e-01	2.450694846958216266e-01	1.468883949356585839e-01	7.039697065516997698e-02	2.804632751050440201e-02	7.227828041419254168e-02
1.087046967008342108e+03	2.649496686437563531e-01	1.719906649915628194e-01	2.452347854845014496e-01	1.469834254467395351e-01	7.043404749505396967e-02	2.807130246290470352e-02	7.233610547522806300e-02
1.088498298072438729e+03	2.647209961818524637e-01	1.718397751795103512e-01	2.453998024877984130e-01	1.470782817006435483e-01	7.047105932939090600e-02	2.809625403042681144e-02	7.239383109012442752e-02
1.089949629136535123e+03	2.644927398656299333e-01	1.716891139792355025e-01	2.455645361698487461e-01	1.471729640352674728e-01	7.050800635219352241e-02	2.812118213251029938e-02	7.245145746506148621e-02
1.091400960200631971e+03	2.642648988347449102e-01	1.715386811315161852e-01	2.457289869940879057e-01	1.472674727878579282e-01	7.054488875619896460e-02	2.814608668963182458e-02	7.250898480570923399e-02
1.092852291264728365e+03	2.640374722311501499e-01	1.713884763769281117e-01	2.458931554232512418e-01	1.473618082950127472e-01	7.058170673288111097e-02	2.817096762329631895e-02	7.256641331722724075e-02
1.094303622328825213e+03	2.638104591990863557e-01	1.712384994558483198e-01	2.460570419193748859e-01	1.474559708926821422e-01	7.061846047246279900e-02	2.819582485602825303e-02	7.262374320426412400e-02
1.095754953392921607e+03	2.635838588850735742e-01	1.710887501084588647e-01	2.462206469437965561e-01	1.475499609161701198e-01	7.065515016392781567e-02	2.822065831136297970e-02	7.268097467095695208e-02
1.097206284457018228e+03	2.633576704379026467e-01	1.709392280747504267e-01	2.463839709571562231e-01	1.476437787001357860e-01	7.069177599503287390e-02	2.824546791383811956e-02	7.273810792093082789e-02
1.098657615521114849e+03	2.631318930086264940e-01	1.707899330945258365e-01	2.465470144193969704e-01	1.477374245785945950e-01	7.072833815231940879e-02	2.827025358898505036e-02	7.279514315729854190e-02
1.100108946585211470e+03	2.629065257505521225e-01	1.706408649074035999e-01	2.467097777897657995e-01	1.478308988849195982e-01	7.076483682112526263e-02	2.829501526332044159e-02	7.285208058266016973e-02
1.101560277649308091e+03	2.626815678192317427e-01	1.704920232528214230e-01	2.468722615268142406e-01	1.479242019518428319e-01	7.080127218559614799e-02	2.831975286433786182e-02	7.290892039910276679e-02
1.103011608713404712e+03	2.624570183724546646e-01	1.703434078700398202e-01	2.470344660883994070e-01	1.480173341114564556e-01	7.083764442869712463e-02	2.834446632049946249e-02	7.296566280820013239e-02
1.104462939777501106e+03	2.622328765702388598e-01	1.701950184981454450e-01	2.471963919316844949e-01	1.481102956952140837e-01	7.087395373222384054e-02	2.836915556122770674e-02	7.302230801101262936e-02
1.105914270841597499e+03	2.620091415748227459e-01	1.700468548760546150e-01	2.473580395131398102e-01	1.482030870339320072e-01	7.091020027681371740e-02	2.839382051689719536e-02	7.307885620808696192e-02
1.107365601905694348e+03	2.617858125506568046e-01	1.698989167425167535e-01	2.475194092885434072e-01	1.482957084577903872e-01	7.094638424195699733e-02	2.841846111882652404e-02	7.313530759945612025e-02
1.108816932969790741e+03	2.615628886643955875e-01	1.697512038361178033e-01	2.476805017129819209e-01	1.483881602963345869e-01	7.098250580600765081e-02	2.844307729927024117e-02	7.319166238463925556e-02
1.110268264033887590e+03	2.613403690848892791e-01	1.696037158952835022e-01	2.478413172408512888e-01	1.484804428784763097e-01	7.101856514619413197e-02	2.846766899141083690e-02	7.324792076264169394e-02
1.111719595097984211e+03	2.611182529831758137e-01	1.694564526582828246e-01	2.480018563258576392e-01	1.485725565324948205e-01	7.105456243863012000e-02	2.849223612935081890e-02	7.330408293195496416e-02
1.113170926162080832e+03	2.608965395324726599e-01	1.693094138632314227e-01	2.481621194210180681e-01	1.486645015860381669e-01	7.109049785832506629e-02	2.851677864810484714e-02	7.336014909055679767e-02
1.114622257226177226e+03	2.606752279081688828e-01	1.691625992480947638e-01	2.483221069786612778e-01	1.487562783661243171e-01	7.112637157919463049e-02	2.854129648359192417e-02	7.341611943591126732e-02
1.116073588290273847e+03	2.604543172878169277e-01	1.690160085506915988e-01	2.484818194504284927e-01	1.488478871991424923e-01	7.116218377407097784e-02	2.856578957262765825e-02	7.347199416496892621e-02
1.117524919354370468e+03	2.602338068511250158e-01	1.688696415086970437e-01	2.486412572872742366e-01	1.489393284108541937e-01	7.119793461471309037e-02	2.859025785291657504e-02	7.352777347416694642e-02
1.118976250418467089e+03	2.600136957799488169e-01	1.687234978596459933e-01	2.488004209394671373e-01	1.490306023263944513e-01	7.123362427181681444e-02	2.861470126304450565e-02	7.358345755942936883e-02
1.120427581482563710e+03	2.597939832582839559e-01	1.685775773409363687e-01	2.489593108565906487e-01	1.491217092702729619e-01	7.126925291502485271e-02	2.863911974247103018e-02	7.363904661616733904e-02
1.121878912546660331e+03	2.595746684722577413e-01	1.684318796898321424e-01	2.491179274875438554e-01	1.492126495663752828e-01	7.130482071293670066e-02	2.866351323152198372e-02	7.369454083927937105e-02
1.123330243610756725e+03	2.593557506101218935e-01	1.682864046434667527e-01	2.492762712805423053e-01	1.493034235379639973e-01	7.134032783311838877e-02	2.868788167138201783e-02	7.374994042315169418e-02
1.124781574674853118e+03	2.591372288622443287e-01	1.681411519388460729e-01	2.494343426831187593e-01	1.493940315076797698e-01	7.137577444211221089e-02	2.871222500408721415e-02	7.380524556165864170e-02
1.126232905738949967e+03	2.589191024211016101e-01	1.679961213128517983e-01	2.495921421421240238e-01	1.494844737975425664e-01	7.141116070544624439e-02	2.873654317251778806e-02	7.386045644816296996e-02
1.127684236803046360e+03	2.587013704812713422e-01	1.678513125022442765e-01	2.497496701037276723e-01	1.495747507289528211e-01	7.144648678764382865e-02	2.876083612039080986e-02	7.391557327551633028e-02
1.129135567867143209e+03	2.584840322394242329e-01	1.677067252436658662e-01	2.499069270134189058e-01	1.496648626226924073e-01	7.148175285223298814e-02	2.878510379225301605e-02	7.397059623605967138e-02
1.130586898931239830e+03	2.582670868943169329e-01	1.675623592736439071e-01	2.500639133160072469e-01	1.497548097989259419e-01	7.151695906175564721e-02	2.880934613347366224e-02	7.402552552162379451e-02
1.132038229995336451e+03	2.580505336467840416e-01	1.674182143285938007e-01	2.502206294556235666e-01	1.498445925772018128e-01	7.155210557777678948e-02	2.883356309023744901e-02	7.408036132352982528e-02
1.133489561059432845e+03	2.578343716997307800e-01	1.672742901448220076e-01	2.503770758757204451e-01	1.499342112764532331e-01	7.158719256089358940e-02	2.885775460953747887e-02	7.413510383258974101e-02
1.134940892123529466e+03	2.576186002581254963e-01	1.671305864585292122e-01	2.505332530190734208e-01	1.500236662149995182e-01	7.162222017074432179e-02	2.888192063916829311e-02	7.418975323910702302e-02
1.136392223187626087e+03	2.574032185289920616e-01	1.669871030058132366e-01	2.506891613277815178e-01	1.501129577105470014e-01	7.165718856601725750e-02	2.890606112771896413e-02	7.424430973287717006e-02
1.137843554251722708e+03	2.571882257214028189e-01	1.668438395226719551e-01	2.508448012432681895e-01	1.502020860801902002e-01	7.169209790445943420e-02	2.893017602456621901e-02	7.429877350318839224e-02
1.139294885315819101e+03	2.569736210464707016e-01	1.667007957450064304e-01	2.510001732062818736e-01	1.502910516404129815e-01	7.172694834288538546e-02	2.895426527986764628e-02	7.435314473882224939e-02
1.140746216379915950e+03	2.567594037173420718e-01	1.665579714086236618e-01	2.511552776568971024e-01	1.503798547070894498e-01	7.176174003718568950e-02	2.897832884455494099e-02	7.440742362805431720e-02
1.142197547444012343e+03	2.565455729491896153e-01	1.664153662492397212e-01	2.513101150345150581e-01	1.504684955954852243e-01	7.179647314233547628e-02	2.900236667032721899e-02	7.446161035865492273e-02
1.143648878508108737e+03	2.563321279592047919e-01	1.662729800024825288e-01	2.514646857778644606e-01	1.505569746202584380e-01	7.183114781240283742e-02	2.902637870964436609e-02	7.451570511788987994e-02
1.145100209572205586e+03	2.561190679665907299e-01	1.661308124038946565e-01	2.516189903250022897e-01	1.506452920954607644e-01	7.186576420055716674e-02	2.905036491572045645e-02	7.456970809252125298e-02
1.146551540636302207e+03	2.559063921925549545e-01	1.659888631889364363e-01	2.517730291133147835e-01	1.507334483345385279e-01	7.190032245907737596e-02	2.907432524251720579e-02	7.462361946880813335e-02
1.148002871700398828e+03	2.556940998603022264e-01	1.658471320929886250e-01	2.519268025795178834e-01	1.508214436503337308e-01	7.193482273936002702e-02	2.909825964473750429e-02	7.467743943250743088e-02
1.149454202764495449e+03	2.554821901950274365e-01	1.657056188513552630e-01	2.520803111596584545e-01	1.509092783550851635e-01	7.196926519192742289e-02	2.912216807781897732e-02	7.473116816887473424e-02
1.150905533828591842e+03	2.552706624239085564e-01	1.655643231992665054e-01	2.522335552891147858e-01	1.509969527604294315e-01	7.200364996643554560e-02	2.914605049792761207e-02	7.478480586266514352e-02
1.152356864892688463e+03	2.550595157760993659e-01	1.654232448718814807e-01	2.523865354025972563e-01	1.510844671774018988e-01	7.203797721168199442e-02	2.916990686195142582e-02	7.483835269813414459e-02
1.153808195956785084e+03	2.548487494827226807e-01	1.652823836042909000e-01	2.525392519341496111e-01	1.511718219164379096e-01	7.207224707561370181e-02	2.919373712749419661e-02	7.489180885903853890e-02
1.155259527020881706e+03	2.546383627768631364e-01	1.651417391315199990e-01	2.526917053171494620e-01	1.512590172873737038e-01	7.210645970533474669e-02	2.921754125286922868e-02	7.494517452863733165e-02
1.156710858084978327e+03	2.544283548935603601e-01	1.650013111885311468e-01	2.528438959843088973e-01	1.513460535994474443e-01	7.214061524711393170e-02	2.924131919709318031e-02	7.499844988969264770e-02
1.158162189149074720e+03	2.542187250698019763e-01	1.648610995102265941e-01	2.529958243676756480e-01	1.514329311613003270e-01	7.217471384639238818e-02	2.926507091987995066e-02	7.505163512447071694e-02
1.159613520213171569e+03	2.540094725445166679e-01	1.647211038314512210e-01	2.531474908986336980e-01	1.515196502809775525e-01	7.220875564779098699e-02	2.928879638163458046e-02	7.510473041474284572e-02
1.161064851277267962e+03	2.538005965585674595e-01	1.645813238869950901e-01	2.532988960079041729e-01	1.516062112659293526e-01	7.224274079511781854e-02	2.931249554344724992e-02	7.515773594178641603e-02
1.162516182341364356e+03	2.535920963547446672e-01	1.644417594115962777e-01	2.534500401255459501e-01	1.516926144230120177e-01	7.227666943137547872e-02	2.933616836708727652e-02	7.521065188638587085e-02
1.163967513405461204e+03	2.533839711777592929e-01	1.643024101399434278e-01	2.536009236809566580e-01	1.517788600584888681e-01	7.231054169876829918e-02	2.935981481499721005e-02	7.526347842883376882e-02
1.165418844469557826e+03	2.531762202742362522e-01	1.641632758066783881e-01	2.537515471028732872e-01	1.518649484780313641e-01	7.234435773870952213e-02	2.938343485028692068e-02	7.531621574893179738e-02
1.166870175533654447e+03	2.529688428927073796e-01	1.640243561463987365e-01	2.539019108193732999e-01	1.519508799867199944e-01	7.237811769182840582e-02	2.940702843672779107e-02	7.536886402599188295e-02
1.168321506597751068e+03	2.527618382836051003e-01	1.638856508936605838e-01	2.540520152578750190e-01	1.520366548890454139e-01	7.241182169797726054e-02	2.943059553874691550e-02	7.542142343883719013e-02
1.169772837661847461e+03	2.525552056992554917e-01	1.637471597829809333e-01	2.542018608451387940e-01	1.521222734889092765e-01	7.244546989623835975e-02	2.945413612142136137e-02	7.547389416580331523e-02
1.171224168725944082e+03	2.523489443938716770e-01	1.636088825488403453e-01	2.543514480072675554e-01	1.522077360896253728e-01	7.247906242493080964e-02	2.947765015047246889e-02	7.552627638473931315e-02
1.172675499790040703e+03	2.521430536235473308e-01	1.634708189256854627e-01	2.545007771697077592e-01	1.522930429939206021e-01	7.251259942161737693e-02	2.950113759226020635e-02	7.557857027300886321e-02
1.174126830854137097e+03	2.519375326462499620e-01	1.633329686479315368e-01	2.546498487572500524e-01	1.523781945039358598e-01	7.254608102311119189e-02	2.952459841377757729e-02	7.563077600749136542e-02
1.175578161918233945e+03	2.517323807218146969e-01	1.631953314499648977e-01	2.547986631940300506e-01	1.524631909212272041e-01	7.257950736548246518e-02	2.954803258264503824e-02	7.568289376458317563e-02
1.177029492982330339e+03	2.515275971119372289e-01	1.630579070661454799e-01	2.549472209035295589e-01	1.525480325467666876e-01	7.261287858406499651e-02	2.957144006710501344e-02	7.573492372019863250e-02
1.178480824046426733e+03	2.513231810801676569e-01	1.629206952308092926e-01	2.550955223085766832e-01	1.526327196809434128e-01	7.264619481346273888e-02	2.959482083601640279e-02	7.578686604977136199e-02
1.179932155110523581e+03	2.511191318919041571e-01	1.627836956782708067e-01	2.552435678313472733e-01	1.527172526235644479e-01	7.267945618755625170e-02	2.961817485884916945e-02	7.583872092825540145e-02
1.181383486174620202e+03	2.509154488143863215e-01	1.626469081428255081e-01	2.553913578933652562e-01	1.528016316738559366e-01	7.271266283950907072e-02	2.964150210567896571e-02	7.589048853012640705e-02
1.182834817238716823e+03	2.507121311166888300e-01	1.625103323587522297e-01	2.555388929155037459e-01	1.528858571304639591e-01	7.274581490177405019e-02	2.966480254718177265e-02	7.594216902938288882e-02
1.184286148302813444e+03	2.505091780697151216e-01	1.623739680603155933e-01	2.556861733179857099e-01	1.529699292914555031e-01	7.277891250609960783e-02	2.968807615462863356e-02	7.599376259954740420e-02
1.185737479366910065e+03	2.503065889461910110e-01	1.622378149817683690e-01	2.558331995203845799e-01	1.530538484543194910e-01	7.281195578353592823e-02	2.971132289988038036e-02	7.604526941366780701e-02
1.187188810431006686e+03	2.501043630206585267e-01	1.621018728573538348e-01	2.559799719416254171e-01	1.531376149159677236e-01	7.284494486444104133e-02	2.973454275538243985e-02	7.609668964431852423e-02
1.188640141495103080e+03	2.499024995694694440e-01	1.619661414213082462e-01	2.561264909999856898e-01	1.532212289727358234e-01	7.287787987848694249e-02	2.975773569415966421e-02	7.614802346360174945e-02
1.190091472559199701e+03	2.497009978707791789e-01	1.618306204078630017e-01	2.562727571130957172e-01	1.533046909203842068e-01	7.291076095466554607e-02	2.978090168981118932e-02	7.619927104314876132e-02
1.191542803623296322e+03	2.494998572045405150e-01	1.616953095512471128e-01	2.564187706979396686e-01	1.533880010540991101e-01	7.294358822129462516e-02	2.980404071650538320e-02	7.625043255412115861e-02
1.192994134687392716e+03	2.492990768524974698e-01	1.615602085856893966e-01	2.565645321708565074e-01	1.534711596684934787e-01	7.297636180602375122e-02	2.982715274897477717e-02	7.630150816721219253e-02
1.194445465751489564e+03	2.490986560981790499e-01	1.614253172454208352e-01	2.567100419475407125e-01	1.535541670576079376e-01	7.300908183584003952e-02	2.985023776251106986e-02	7.635249805264800183e-02
1.195896796815585958e+03	2.488985942268932272e-01	1.612906352646768793e-01	2.568553004430427777e-01	1.536370235149116525e-01	7.304174843707395004e-02	2.987329573296017976e-02	7.640340238018897279e-02
1.197348127879682352e+03	2.486988905257207505e-01	1.611561623776996133e-01	2.570003080717705446e-01	1.537197293333034953e-01	7.307436173540490798e-02	2.989632663671730473e-02	7.645422131913101604e-02
1.198799458943779200e+03	2.484995442835092050e-01	1.610218983187400588e-01	2.571450652474895349e-01	1.538022848051128488e-01	7.310692185586703529e-02	2.991933045072205435e-02	7.650495503830689881e-02
1.200250790007875821e+03	2.483005547908668231e-01	1.608878428220603674e-01	2.572895723833240056e-01	1.538846902221005231e-01	7.313942892285470176e-02	2.994230715245361010e-02	7.655560370608752163e-02
1.201702121071972442e+03	2.481019213401565726e-01	1.607539956219360966e-01	2.574338298917578371e-01	1.539669458754598375e-01	7.317188306012802068e-02	2.996525671992590623e-02	7.660616749038334783e-02
1.203153452136069063e+03	2.479036432254900502e-01	1.606203564526584027e-01	2.575778381846349219e-01	1.540490520558174536e-01	7.320428439081833050e-02	2.998817913168288704e-02	7.665664655864562471e-02
1.204604783200165684e+03	2.477057197427217361e-01	1.604869250485361221e-01	2.577215976731603297e-01	1.541310090532342914e-01	7.323663303743362107e-02	3.001107436679376420e-02	7.670704107786784076e-02
1.206056114264262078e+03	2.475081501894428049e-01	1.603537011438980198e-01	2.578651087679010856e-01	1.542128171572065831e-01	7.326892912186387663e-02	3.003394240484834332e-02	7.675735121458701626e-02
1.207507445328358699e+03	2.473109338649754907e-01	1.602206844730948987e-01	2.580083718787867242e-01	1.542944766566667625e-01	7.330117276538637705e-02	3.005678322595236804e-02	7.680757713488510496e-02
1.208958776392455093e+03	2.471140700703669257e-01	1.600878747705018479e-01	2.581513874151105115e-01	1.543759878399843799e-01	7.333336408867091594e-02	3.007959681072291946e-02	7.685771900439027082e-02
1.210410107456551941e+03	2.469175581083835336e-01	1.599552717705202132e-01	2.582941557855297221e-01	1.544573509949670465e-01	7.336550321178507417e-02	3.010238314028382614e-02	7.690777698827837294e-02
1.211861438520648335e+03	2.467213972835050617e-01	1.598228752075797621e-01	2.584366773980669718e-01	1.545385664088613775e-01	7.339759025419925753e-02	3.012514219626113640e-02	7.695775125127424232e-02
1.213312769584745183e+03	2.465255869019188917e-01	1.596906848161408488e-01	2.585789526601104948e-01	1.546196343683539365e-01	7.342962533479184539e-02	3.014787396077862197e-02	7.700764195765316678e-02
1.214764100648841804e+03	2.463301262715142104e-01	1.595587003306963292e-01	2.587209819784153653e-01	1.547005551595721506e-01	7.346160857185424220e-02	3.017057841645330585e-02	7.705744927124218158e-02
1.216215431712937971e+03	2.461350147018762369e-01	1.594269214857737815e-01	2.588627657591041631e-01	1.547813290680852272e-01	7.349354008309581798e-02	3.019325554639104917e-02	7.710717335542151274e-02
1.217666762777034819e+03	2.459402515042805604e-01	1.592953480159375046e-01	2.590043044076676959e-01	1.548619563789050690e-01	7.352541998564886272e-02	3.021590533418214500e-02	7.715681437312592317e-02
1.219118093841131440e+03	2.457458359916874502e-01	1.591639796557905717e-01	2.591455983289658316e-01	1.549424373764873020e-01	7.355724839607349907e-02	3.023852776389697114e-02	7.720637248684618370e-02
1.220569424905228061e+03	2.455517674787361659e-01	1.590328161399767182e-01	2.592866479272283864e-01	1.550227723447320516e-01	7.358902543036242860e-02	3.026112282008166718e-02	7.725584785863041926e-02
1.222020755969324682e+03	2.453580452817393509e-01	1.589018572031825338e-01	2.594274536060557357e-01	1.551029615669849704e-01	7.362075120394584449e-02	3.028369048775384972e-02	7.730524065008556600e-02
1.223472087033421303e+03	2.451646687186773699e-01	1.587711025801392950e-01	2.595680157684199241e-01	1.551830053260381259e-01	7.365242583169608059e-02	3.030623075239836581e-02	7.735455102237871750e-02
1.224923418097517697e+03	2.449716371091927580e-01	1.586405520056250740e-01	2.597083348166651651e-01	1.552629039041309444e-01	7.368404942793230217e-02	3.032874359996307057e-02	7.740377913623855410e-02
1.226374749161614318e+03	2.447789497745846699e-01	1.585102052144666540e-01	2.598484111525088402e-01	1.553426575829510159e-01	7.371562210642522428e-02	3.035122901685465696e-02	7.745292515195682792e-02
1.227826080225710712e+03	2.445866060378033002e-01	1.583800619415414168e-01	2.599882451770421654e-01	1.554222666436352318e-01	7.374714398040160823e-02	3.037368698993448551e-02	7.750198922938970891e-02
1.229277411289807560e+03	2.443946052234444721e-01	1.582501219217793687e-01	2.601278372907310232e-01	1.555017313667704792e-01	7.377861516254889673e-02	3.039611750651449382e-02	7.755097152795918658e-02
1.230728742353903954e+03	2.442029466577440022e-01	1.581203848901650277e-01	2.602671878934168515e-01	1.555810520323947233e-01	7.381003576501966867e-02	3.041852055435310953e-02	7.759987220665459651e-02
1.232180073418000802e+03	2.440116296685723440e-01	1.579908505817392284e-01	2.604062973843173090e-01	1.556602289199978117e-01	7.384140589943610777e-02	3.044089612165120154e-02	7.764869142403396651e-02
1.233631404482097196e+03	2.438206535854291479e-01	1.578615187316012580e-01	2.605451661620272752e-01	1.557392623085224193e-01	7.387272567689442959e-02	3.046324419704805539e-02	7.769742933822544606e-02
1.235082735546193817e+03	2.436300177394378208e-01	1.577323890749105229e-01	2.606837946245192938e-01	1.558181524763649628e-01	7.390399520796925303e-02	3.048556476961740772e-02	7.774608610692876343e-02
1.236534066610290438e+03	2.434397214633400586e-01	1.576034613468884626e-01	2.608221831691448500e-01	1.558968997013765734e-01	7.393521460271788859e-02	3.050785782886348760e-02	7.779466188741665511e-02
1.237985397674387059e+03	2.432497640914907389e-01	1.574747352828204938e-01	2.609603321926347030e-01	1.559755042608639009e-01	7.396638397068470983e-02	3.053012336471710303e-02	7.784315683653630913e-02
1.239436728738483680e+03	2.430601449598522590e-01	1.573462106180577302e-01	2.610982420911001078e-01	1.560539664315901132e-01	7.399750342090527511e-02	3.055236136753175166e-02	7.789157111071075279e-02
1.240888059802580301e+03	2.428708634059894567e-01	1.572178870880188983e-01	2.612359132600332035e-01	1.561322864897756735e-01	7.402857306191062969e-02	3.057457182807976973e-02	7.793990486594032374e-02
1.242339390866676695e+03	2.426819187690641699e-01	1.570897644281920580e-01	2.613733460943082343e-01	1.562104647110994227e-01	7.405959300173139970e-02	3.059675473754850522e-02	7.798815825780412714e-02
1.243790721930773088e+03	2.424933103898301301e-01	1.569618423741365731e-01	2.615105409881819942e-01	1.562885013706994120e-01	7.409056334790194154e-02	3.061891008753653970e-02	7.803633144146143730e-02
1.245242052994869937e+03	2.423050376106275494e-01	1.568341206614846384e-01	2.616474983352946038e-01	1.563663967431737356e-01	7.412148420746439426e-02	3.064103787004990309e-02	7.808442457165312711e-02
1.246693384058966330e+03	2.421170997753780141e-01	1.567065990259433605e-01	2.617842185286708978e-01	1.564441511025815024e-01	7.415235568697271795e-02	3.066313807749836834e-02	7.813243780270315297e-02
1.248144715123063179e+03	2.419294962295791551e-01	1.565792772032962854e-01	2.619207019607204256e-01	1.565217647224437514e-01	7.418317789249671834e-02	3.068521070269173909e-02	7.818037128851995643e-02
1.249596046187159800e+03	2.417422263202996802e-01	1.564521549294052294e-01	2.620569490232387277e-01	1.565992378757442849e-01	7.421395092962594642e-02	3.070725573883618248e-02	7.822822518259792135e-02
1.251047377251256421e+03	2.415552893961740721e-01	1.563252319402120560e-01	2.621929601074081129e-01	1.566765708349307229e-01	7.424467490347366749e-02	3.072927317953059317e-02	7.827599963801880334e-02
1.252498708315352815e+03	2.413686848073974822e-01	1.561985079717402858e-01	2.623287356037982687e-01	1.567537638719151971e-01	7.427534991868069147e-02	3.075126301876296778e-02	7.832369480745317303e-02
1.253950039379449436e+03	2.411824119057205673e-01	1.560719827600969556e-01	2.624642759023671501e-01	1.568308172580753779e-01	7.430597607941924476e-02	3.077322525090685212e-02	7.837131084316184548e-02
1.255401370443546057e+03	2.409964700444446606e-01	1.559456560414742565e-01	2.625995813924619227e-01	1.569077312642553346e-01	7.433655348939674501e-02	3.079515987071776428e-02	7.841884789699733738e-02
1.256852701507642678e+03	2.408108585784163591e-01	1.558195275521511713e-01	2.627346524628194624e-01	1.569845061607665071e-01	7.436708225185958976e-02	3.081706687332968000e-02	7.846630612040528252e-02
1.258304032571739299e+03	2.406255768640227222e-01	1.556935970284951953e-01	2.628694895015674104e-01	1.570611422173884830e-01	7.439756246959687569e-02	3.083894625425154939e-02	7.851368566442590291e-02
1.259755363635835920e+03	2.404406242591862197e-01	1.555678642069639739e-01	2.630040928962247837e-01	1.571376397033699135e-01	7.442799424494407623e-02	3.086079800936381706e-02	7.856098667969539651e-02
1.261206694699932314e+03	2.402560001233595977e-01	1.554423288241070233e-01	2.631384630337029740e-01	1.572139988874295402e-01	7.445837767978670529e-02	3.088262213491498737e-02	7.860820931644740828e-02
1.262658025764028707e+03	2.400717038175211038e-01	1.553169906165672576e-01	2.632726003003063586e-01	1.572902200377569448e-01	7.448871287556388388e-02	3.090441862751822782e-02	7.865535372451445961e-02
1.264109356828125556e+03	2.398877347041694919e-01	1.551918493210827366e-01	2.634065050817332443e-01	1.573663034220134649e-01	7.451899993327201766e-02	3.092618748414797253e-02	7.870242005332937774e-02
1.265560687892221949e+03	2.397040921473189146e-01	1.550669046744881374e-01	2.635401777630764775e-01	1.574422493073331653e-01	7.454923895346828033e-02	3.094792870213657066e-02	7.874940845192671124e-02
1.267012018956318798e+03	2.395207755124942883e-01	1.549421564137165308e-01	2.636736187288244992e-01	1.575180579603236430e-01	7.457943003627413858e-02	3.096964227917097315e-02	7.879631906894421500e-02
1.268463350020415419e+03	2.393377841667262140e-01	1.548176042758007964e-01	2.638068283628619004e-01	1.575937296470669713e-01	7.460957328137880762e-02	3.099132821328941939e-02	7.884315205262421022e-02
1.269914681084511813e+03	2.391551174785461475e-01	1.546932479978753161e-01	2.639398070484702541e-01	1.576692646331206149e-01	7.463966878804272065e-02	3.101298650287817593e-02	7.888990755081504158e-02
1.271366012148608434e+03	2.389727748179816536e-01	1.545690873171775559e-01	2.640725551683292260e-01	1.577446631835181801e-01	7.466971665510094280e-02	3.103461714666827867e-02	7.893658571097249277e-02
1.272817343212705055e+03	2.387907555565514095e-01	1.544451219710495093e-01	2.642050731045168521e-01	1.578199255627704689e-01	7.469971698096652957e-02	3.105622014373232015e-02	7.898318668016124366e-02
1.274268674276801676e+03	2.386090590672606260e-01	1.543213516969393073e-01	2.643373612385107041e-01	1.578950520348662845e-01	7.472966986363388520e-02	3.107779549348126114e-02	7.902971060505628587e-02
1.275720005340898297e+03	2.384276847245960784e-01	1.541977762324027446e-01	2.644694199511885557e-01	1.579700428632733744e-01	7.475957540068205176e-02	3.109934319566125607e-02	7.907615763194426883e-02
1.277171336404994690e+03	2.382466319045214997e-01	1.540743953151048895e-01	2.646012496228291599e-01	1.580448983109391803e-01	7.478943368927801205e-02	3.112086325035052017e-02	7.912252790672505420e-02
1.278622667469091539e+03	2.380658999844726953e-01	1.539512086828214443e-01	2.647328506331130815e-01	1.581196186402919757e-01	7.481924482617990924e-02	3.114235565795621039e-02	7.916882157491297867e-02
1.280073998533187932e+03	2.378854883433529355e-01	1.538282160734402992e-01	2.648642233611236407e-01	1.581942041132414489e-01	7.484900890774029425e-02	3.116382041921132717e-02	7.921503878163838053e-02
1.281525329597284326e+03	2.377053963615281817e-01	1.537054172249630313e-01	2.649953681853473575e-01	1.582686549911798135e-01	7.487872602990928994e-02	3.118525753517166835e-02	7.926117967164894584e-02
1.282976660661381175e+03	2.375256234208224793e-01	1.535828118755064031e-01	2.651262854836751170e-01	1.583429715349826128e-01	7.490839628823772745e-02	3.120666700721277248e-02	7.930724438931117948e-02
1.284427991725477568e+03	2.373461689045132939e-01	1.534603997633037786e-01	2.652569756334026141e-01	1.584171540050096083e-01	7.493801977788032420e-02	3.122804883702691783e-02	7.935323307861173736e-02
1.285879322789574417e+03	2.371670321973268214e-01	1.533381806267066494e-01	2.653874390112314630e-01	1.584912026611056679e-01	7.496759659359873706e-02	3.124940302662012129e-02	7.939914588315888366e-02
1.287330653853671038e+03	2.369882126854334081e-01	1.532161542041859392e-01	2.655176759932697528e-01	1.585651177626015984e-01	7.499712682976461542e-02	3.127072957830917543e-02	7.944498294618387857e-02
1.288781984917767431e+03	2.368097097564429709e-01	1.530943202343336140e-01	2.656476869550329911e-01	1.586388995683151726e-01	7.502661058036264041e-02	3.129202849471872383e-02	7.949074441054235218e-02
1.290233315981864052e+03	2.366315227994003623e-01	1.529726784558640140e-01	2.657774722714447146e-01	1.587125483365517953e-01	7.505604793899352256e-02	3.131329977877831544e-02	7.953643041871572006e-02
