1.001418434226643626e+03	2.792082829467651961e-01	1.813040411105135974e-01	2.349908830578232577e-01	1.410744058539464829e-01	6.812837872309257525e-02	2.656856281304938866e-02	6.872544549455426866e-02
1.003837319333471214e+03	2.787836001069516345e-01	1.810296248473080849e-01	2.352951559039788698e-01	1.412508420508708784e-01	6.819694040789821277e-02	2.661224310661524164e-02	6.883159357612181339e-02
1.006256204440298802e+03	2.783602236771627325e-01	1.807558852104513836e-01	2.355985631932566715e-01	1.414267393717802968e-01	6.826528257450976966e-02	2.665587591270501822e-02	6.893743005987891526e-02
1.008675089547126618e+03	2.779381490171919933e-01	1.804828210559341617e-01	2.359011072640746776e-01	1.416020995271840832e-01	6.833340658443262661e-02	2.669946049343174810e-02	6.904295605749548315e-02
1.011093974653954206e+03	2.775173715085395565e-01	1.802104312366818450e-01	2.362027904491086627e-01	1.417769242221564030e-01	6.840131378158126330e-02	2.674299612427981365e-02	6.914817267739714612e-02
1.013512859760782021e+03	2.770978865542664260e-01	1.799387146026167617e-01	2.365036150753016819e-01	1.419512151563621372e-01	6.846900549258953805e-02	2.678648209391788076e-02	6.925308102469020233e-02
1.015931744867609382e+03	2.766796895788500854e-01	1.796676700007195371e-01	2.368035834638736181e-01	1.421249740240821957e-01	6.853648302711470852e-02	2.682991770401434856e-02	6.935768220109013449e-02
1.018350629974437197e+03	2.762627760280413347e-01	1.793972962750898792e-01	2.371026979303308968e-01	1.422982025142383589e-01	6.860374767813551267e-02	2.687330226905526934e-02	6.946197730485345612e-02
1.020769515081264785e+03	2.758471413687229590e-01	1.791275922670066134e-01	2.374009607844758674e-01	1.424709023104175076e-01	6.867080072224408804e-02	2.691663511616465207e-02	6.956596743071295774e-02
1.023188400188092373e+03	2.754327810887693406e-01	1.788585568149874960e-01	2.376983743304167396e-01	1.426430750908955492e-01	6.873764341993227056e-02	2.695991558492722220e-02	6.966965366981607566e-02
1.025607285294920075e+03	2.750196906969072375e-01	1.785901887548476952e-01	2.379949408665770760e-01	1.428147225286607036e-01	6.880427701587207845e-02	2.700314302721350257e-02	6.977303710966641093e-02
1.028026170401747549e+03	2.746078657225783926e-01	1.783224869197584106e-01	2.382906626857055066e-01	1.429858462914362638e-01	6.887070273919063124e-02	2.704631680700725696e-02	6.987611883406821822e-02
1.030445055508575479e+03	2.741973017158030879e-01	1.780554501403043277e-01	2.385855420748854150e-01	1.431564480417030216e-01	6.893692180373969802e-02	2.708943630023521315e-02	6.997889992307383678e-02
1.032863940615402726e+03	2.737879942470449190e-01	1.777890772445407108e-01	2.388795813155448200e-01	1.433265294367213338e-01	6.900293540835983341e-02	2.713250089459908615e-02	7.008138145293389687e-02
1.035282825722230655e+03	2.733799389070768471e-01	1.775233670580498579e-01	2.391727826834659509e-01	1.434960921285524660e-01	6.906874473713932316e-02	2.717550998940983578e-02	7.018356449605031577e-02
1.037701710829058356e+03	2.729731313068488041e-01	1.772583184039968618e-01	2.394651484487950455e-01	1.436651377640798533e-01	6.913435095966803667e-02	2.721846299542413777e-02	7.028545012093184718e-02
1.040120595935886058e+03	2.725675670773559101e-01	1.769939301031849266e-01	2.397566808760522583e-01	1.438336679850298339e-01	6.919975523128632511e-02	2.726135933468304406e-02	7.038703939215225358e-02
1.042539481042713533e+03	2.721632418695085764e-01	1.767302009741100466e-01	2.400473822241413757e-01	1.440016844279919384e-01	6.926495869332888189e-02	2.730419844035279764e-02	7.048833337031096269e-02
1.044958366149541234e+03	2.717601513540032210e-01	1.764671298330150462e-01	2.403372547463596132e-01	1.441691887244389014e-01	6.932996247336398188e-02	2.734697975656779842e-02	7.058933311199602767e-02
1.047377251256368709e+03	2.713582912211945919e-01	1.762047154939431204e-01	2.406263006904074964e-01	1.443361825007462573e-01	6.939476768542804375e-02	2.738970273827563348e-02	7.069003966974948816e-02
1.049796136363196410e+03	2.709576571809688139e-01	1.759429567687907647e-01	2.409145222983988255e-01	1.445026673782116577e-01	6.945937543025539063e-02	2.743236685108422709e-02	7.079045409203495176e-02
1.052215021470024112e+03	2.705582449626181551e-01	1.756818524673601500e-01	2.412019218068703619e-01	1.446686449730738566e-01	6.952378679550386131e-02	2.747497157111099611e-02	7.089057742320727107e-02
1.054633906576851814e+03	2.701600503147162935e-01	1.754214013974109976e-01	2.414885014467919311e-01	1.448341168965312231e-01	6.958800285597574464e-02	2.751751638483405579e-02	7.099041070348444116e-02
1.057052791683679516e+03	2.697630690049951374e-01	1.751616023647117604e-01	2.417742634435761373e-01	1.449990847547602268e-01	6.965202467383459217e-02	2.756000078894541364e-02	7.108995496892141219e-02
1.059471676790506763e+03	2.693672968202225904e-01	1.749024541730904714e-01	2.420592100170884942e-01	1.451635501489333124e-01	6.971585329881778426e-02	2.760242429020611649e-02	7.118921125138592820e-02
1.061890561897334692e+03	2.689727295660814810e-01	1.746439556244848423e-01	2.423433433816571947e-01	1.453275146752366631e-01	6.977948976844491891e-02	2.764478640530336831e-02	7.128818057853615608e-02
1.064309447004162394e+03	2.685793630670494925e-01	1.743861055189919462e-01	2.426266657460832421e-01	1.454909799248877422e-01	6.984293510822231488e-02	2.768708666070954227e-02	7.138686397380032689e-02
1.066728332110990095e+03	2.681871931662800357e-01	1.741289026549173724e-01	2.429091793136502753e-01	1.456539474841524462e-01	6.990619033184343467e-02	2.772932459254308021e-02	7.148526245635793142e-02
1.069147217217817570e+03	2.677962157254846209e-01	1.738723458288237711e-01	2.431908862821346995e-01	1.458164189343619244e-01	6.996925644138551892e-02	2.777149974643129682e-02	7.158337704112277544e-02
1.071566102324645271e+03	2.674064266248156185e-01	1.736164338355789538e-01	2.434717888438155675e-01	1.459783958519294544e-01	7.003213442750248763e-02	2.781361167737497753e-02	7.168120873872760312e-02
1.073984987431472746e+03	2.670178217627505179e-01	1.733611654684035497e-01	2.437518891854846825e-01	1.461398798083667072e-01	7.009482526961401117e-02	2.785565994961483605e-02	7.177875855551035800e-02
1.076403872538300675e+03	2.666303970559772973e-01	1.731065395189178846e-01	2.440311894884566457e-01	1.463008723703000391e-01	7.015732993609109791e-02	2.789764413649973782e-02	7.187602749350192888e-02
1.078822757645127922e+03	2.662441484392802926e-01	1.728525547771887216e-01	2.443096919285788760e-01	1.464613750994865071e-01	7.021964938443810145e-02	2.793956382035671371e-02	7.197301655041542234e-02
1.081241642751955851e+03	2.658590718654273988e-01	1.725992100317751965e-01	2.445873986762416574e-01	1.466213895528295230e-01	7.028178456147121667e-02	2.798141859236270845e-02	7.206972671963687849e-02
1.083660527858783553e+03	2.654751633050583259e-01	1.723465040697744755e-01	2.448643118963882148e-01	1.467809172823945907e-01	7.034373640349367296e-02	2.802320805241806378e-02	7.216615899021731895e-02
1.086079412965611255e+03	2.650924187465733550e-01	1.720944356768667194e-01	2.451404337485248719e-01	1.469399598354244330e-01	7.040550583646744409e-02	2.806493180902170509e-02	7.226231434686609945e-02
1.088498298072438729e+03	2.647108341960238143e-01	1.718430036373597702e-01	2.454157663867310990e-01	1.470985187543543682e-01	7.046709377618191883e-02	2.810658947914798297e-02	7.235819376994567786e-02
1.090917183179266431e+03	2.643304056770027777e-01	1.715922067342331714e-01	2.456903119596696439e-01	1.472565955768271873e-01	7.052850112841917152e-02	2.814818068812521487e-02	7.245379823546746478e-02
1.093336068286093905e+03	2.639511292305369849e-01	1.713420437491818826e-01	2.459640726105966624e-01	1.474141918357080583e-01	7.058972878911624893e-02	2.818970506951583299e-02	7.254912871508897854e-02
1.095754953392921607e+03	2.635730009149798159e-01	1.710925134626593846e-01	2.462370504773717939e-01	1.475713090590989318e-01	7.065077764452441789e-02	2.823116226499814210e-02	7.264418617611212436e-02
1.098173838499749309e+03	2.631960168059049310e-01	1.708436146539204503e-01	2.465092476924684028e-01	1.477279487703532790e-01	7.071164857136531812e-02	2.827255192424969754e-02	7.273897158148251441e-02
1.100592723606577010e+03	2.628201729960009669e-01	1.705953461010633054e-01	2.467806663829837377e-01	1.478841124880902191e-01	7.077234243698418692e-02	2.831387370483223059e-02	7.283348588978989790e-02
1.103011608713404712e+03	2.624454655949672310e-01	1.703477065810714008e-01	2.470513086706490058e-01	1.480398017262087307e-01	7.083286009950039153e-02	2.835512727207814901e-02	7.292773005526972940e-02
1.105430493820231959e+03	2.620718907294097288e-01	1.701006948698548238e-01	2.473211766718396154e-01	1.481950179939016121e-01	7.089320240795488060e-02	2.839631229897852591e-02	7.302170502780548633e-02
1.107849378927059888e+03	2.616994445427388571e-01	1.698543097422910986e-01	2.475902724975853619e-01	1.483497627956694431e-01	7.095337020245510995e-02	2.843742846607264993e-02	7.311541175293213846e-02
1.110268264033887590e+03	2.613281231950673744e-01	1.696085499722656820e-01	2.478585982535806143e-01	1.485040376313342125e-01	7.101336431431720664e-02	2.847847546133904645e-02	7.320885117184044999e-02
1.112687149140715292e+03	2.609579228631097036e-01	1.693634143327119312e-01	2.481261560401945565e-01	1.486578439960528908e-01	7.107318556620539907e-02	2.851945298008795246e-02	7.330202422138219764e-02
1.115106034247542766e+03	2.605888397400812351e-01	1.691189015956506281e-01	2.483929479524813744e-01	1.488111833803310025e-01	7.113283477226896301e-02	2.856036072485526600e-02	7.339493183407619359e-02
1.117524919354370468e+03	2.602208700355994608e-01	1.688750105322291972e-01	2.486589760801904692e-01	1.489640572700358379e-01	7.119231273827666961e-02	2.860119840529792151e-02	7.348757493811511332e-02
1.119943804461197942e+03	2.598540099755853872e-01	1.686317399127602867e-01	2.489242425077767551e-01	1.491164671464098035e-01	7.125162026174861052e-02	2.864196573809066684e-02	7.357995445737314233e-02
1.122362689568025871e+03	2.594882558021658903e-01	1.683890885067601817e-01	2.491887493144108179e-01	1.492684144860834394e-01	7.131075813208573311e-02	2.868266244682426622e-02	7.367207131141437215e-02
1.124781574674853118e+03	2.591236037735767384e-01	1.681470550829866073e-01	2.494524985739891842e-01	1.494199007610884922e-01	7.136972713069687779e-02	2.872328826190503892e-02	7.376392641550186258e-02
1.127200459781681047e+03	2.587600501640665018e-01	1.679056384094760879e-01	2.497154923551446470e-01	1.495709274388707377e-01	7.142852803112355320e-02	2.876384292045579272e-02	7.385552068060742548e-02
1.129619344888508749e+03	2.583975912638016292e-01	1.676648372535811948e-01	2.499777327212564515e-01	1.497214959823028602e-01	7.148716159916246315e-02	2.880432616621806524e-02	7.394685501342210254e-02
1.132038229995336451e+03	2.580362233787714676e-01	1.674246503820070453e-01	2.502392217304605371e-01	1.498716078496971360e-01	7.154562859298567445e-02	2.884473774945572194e-02	7.403793031636721200e-02
1.134457115102163925e+03	2.576759428306947819e-01	1.671850765608474398e-01	2.504999614356599458e-01	1.500212644948179797e-01	7.160392976325871683e-02	2.888507742685983426e-02	7.412874748760603372e-02
1.136876000208991627e+03	2.573167459569267734e-01	1.669461145556208892e-01	2.507599538845352027e-01	1.501704673668945722e-01	7.166206585325644862e-02	2.892534496145484149e-02	7.421930742105606327e-02
1.139294885315819101e+03	2.569586291103669318e-01	1.667077631313059194e-01	2.510192011195540585e-01	1.503192179106332127e-01	7.172003759897681296e-02	2.896554012250601370e-02	7.430961100640183503e-02
1.141713770422646803e+03	2.566015886593674966e-01	1.664700210523761270e-01	2.512777051779824244e-01	1.504675175662297526e-01	7.177784572925260953e-02	2.900566268542814283e-02	7.439965912910827261e-02
1.144132655529474505e+03	2.562456209876426971e-01	1.662328870828349292e-01	2.515354680918942543e-01	1.506153677693817527e-01	7.183549096586118454e-02	2.904571243169547581e-02	7.448945267043451113e-02
1.146551540636302207e+03	2.558907224941787684e-01	1.659963599862497585e-01	2.517924918881820906e-01	1.507627699513008346e-01	7.189297402363213629e-02	2.908568914875286904e-02	7.457899250744828845e-02
1.148970425743129908e+03	2.555368895931447448e-01	1.657604385257859525e-01	2.520487785885673904e-01	1.509097255387247261e-01	7.195029561055311940e-02	2.912559262992815701e-02	7.466827951304065569e-02
1.151389310849957155e+03	2.551841187138039757e-01	1.655251214642402824e-01	2.523043302096105167e-01	1.510562359539293353e-01	7.200745642787366452e-02	2.916542267434569374e-02	7.475731455594127051e-02
1.153808195956785084e+03	2.548324063004260842e-01	1.652904075640741210e-01	2.525591487627214526e-01	1.512023026147407412e-01	7.206445717020726338e-02	2.920517908684108072e-02	7.484609850073400961e-02
1.156227081063612786e+03	2.544817488121998705e-01	1.650562955874461391e-01	2.528132362541698486e-01	1.513479269345471556e-01	7.212129852563146926e-02	2.924486167787705010e-02	7.493463220787308088e-02
1.158645966170440488e+03	2.541321427231471031e-01	1.648227842962449174e-01	2.530665946850955139e-01	1.514931103223107478e-01	7.217798117578635986e-02	2.928447026346047907e-02	7.502291653369941304e-02
1.161064851277267962e+03	2.537835845220364761e-01	1.645898724521207834e-01	2.533192260515186867e-01	1.516378541825795512e-01	7.223450579597109900e-02	2.932400466506054557e-02	7.511095233045742003e-02
1.163483736384095664e+03	2.534360707122985668e-01	1.643575588165175072e-01	2.535711323443503029e-01	1.517821599154990930e-01	7.229087305523891616e-02	2.936346470952798035e-02	7.519874044631219556e-02
1.165902621490923138e+03	2.530895978119414025e-01	1.641258421507038323e-01	2.538223155494024885e-01	1.519260289168242184e-01	7.234708361649028197e-02	2.940285022901543976e-02	7.528628172536687424e-02
1.168321506597751068e+03	2.527441623534668613e-01	1.638947212158042843e-01	2.540727776473987176e-01	1.520694625779306364e-01	7.240313813656448771e-02	2.944216106089893661e-02	7.537357700768054780e-02
1.170740391704578315e+03	2.523997608837875717e-01	1.636641947728298407e-01	2.543225206139843597e-01	1.522124622858266052e-01	7.245903726632961506e-02	2.948139704770035008e-02	7.546062712928613969e-02
1.173159276811406244e+03	2.520563899641442562e-01	1.634342615827082679e-01	2.545715464197367273e-01	1.523550294231644509e-01	7.251478165077089588e-02	2.952055803701098685e-02	7.554743292220883477e-02
1.175578161918233945e+03	2.517140461700242415e-01	1.632049204063140413e-01	2.548198570301757337e-01	1.524971653682520856e-01	7.257037192907743461e-02	2.955964388141619353e-02	7.563399521448467555e-02
1.177997047025061647e+03	2.513727260910798567e-01	1.629761700044979333e-01	2.550674544057741633e-01	1.526388714950644709e-01	7.262580873472759824e-02	2.959865443842097862e-02	7.572031483017933884e-02
1.180415932131889122e+03	2.510324263310484416e-01	1.627480091381163230e-01	2.553143405019678291e-01	1.527801491732551087e-01	7.268109269557272711e-02	2.963758957037665800e-02	7.580639258940723157e-02
1.182834817238716823e+03	2.506931435076720227e-01	1.625204365680601448e-01	2.555605172691661764e-01	1.529209997681673372e-01	7.273622443391943027e-02	2.967644914440848228e-02	7.589222930835069769e-02
1.185253702345544298e+03	2.503548742526183202e-01	1.622934510552835052e-01	2.558059866527624404e-01	1.530614246408456836e-01	7.279120456661047900e-02	2.971523303234428759e-02	7.597782579927958579e-02
1.187672587452371999e+03	2.500176152114018113e-01	1.620670513608318819e-01	2.560507505931441385e-01	1.532014251480472711e-01	7.284603370510422948e-02	2.975394111064407279e-02	7.606318287057087235e-02
1.190091472559199701e+03	2.496813630433059039e-01	1.618412362458702680e-01	2.562948110257033396e-01	1.533410026422530048e-01	7.290071245555276858e-02	2.979257326033057582e-02	7.614830132672843754e-02
1.192510357666027403e+03	2.493461144213052760e-01	1.616160044717106226e-01	2.565381698808470445e-01	1.534801584716788958e-01	7.295524141887850533e-02	2.983112936692075903e-02	7.623318196840314642e-02
1.194929242772855105e+03	2.490118660319891597e-01	1.613913547998393760e-01	2.567808290840076224e-01	1.536188939802871911e-01	7.300962119084965229e-02	2.986960932035826605e-02	7.631782559241298558e-02
1.197348127879682352e+03	2.486786145754850408e-01	1.611672859919443535e-01	2.570227905556529135e-01	1.537572105077976425e-01	7.306385236215422185e-02	2.990801301494678405e-02	7.640223299176329697e-02
1.199767012986510281e+03	2.483463567653828308e-01	1.609437968099414473e-01	2.572640562112969431e-01	1.538951093896985534e-01	7.311793551847289852e-02	2.994634034928429431e-02	7.648640495566726150e-02
1.202185898093337983e+03	2.480150893286598712e-01	1.607208860160011799e-01	2.575046279615099687e-01	1.540325919572580748e-01	7.317187124055052339e-02	2.998459122619826986e-02	7.657034226956638268e-02
1.204604783200165684e+03	2.476848090056063267e-01	1.604985523725745711e-01	2.577445077119289163e-01	1.541696595375351420e-01	7.322566010426639904e-02	3.002276555268170929e-02	7.665404571515117838e-02
1.207023668306993159e+03	2.473555125497512441e-01	1.602767946424190626e-01	2.579836973632679276e-01	1.543063134533906033e-01	7.327930268070338704e-02	3.006086323983006570e-02	7.673751607038187261e-02
1.209442553413820860e+03	2.470271967277891112e-01	1.600556115886241360e-01	2.582221988113283517e-01	1.544425550234983513e-01	7.333279953621588132e-02	3.009888420277905333e-02	7.682075410950923999e-02
1.211861438520648335e+03	2.466998583195068873e-01	1.598350019746362927e-01	2.584600139470094593e-01	1.545783855623562575e-01	7.338615123249643546e-02	3.013682836064326617e-02	7.690376060309554729e-02
1.214280323627476264e+03	2.463734941177118665e-01	1.596149645642840065e-01	2.586971446563185451e-01	1.547138063802971641e-01	7.343935832664148788e-02	3.017469563645566732e-02	7.698653631803545339e-02
1.216699208734303511e+03	2.460481009281596798e-01	1.593954981218024813e-01	2.589335928203813086e-01	1.548488187834999585e-01	7.349242137121578256e-02	3.021248595710789714e-02	7.706908201757710353e-02
1.219118093841131440e+03	2.457236755694832964e-01	1.591766014118578543e-01	2.591693603154522352e-01	1.549834240740004809e-01	7.354534091431579046e-02	3.025019925329139672e-02	7.715139846134319579e-02
1.221536978947959142e+03	2.454002148731220523e-01	1.589582731995712039e-01	2.594044490129250868e-01	1.551176235497024603e-01	7.359811749963202088e-02	3.028783545943933286e-02	7.723348640535213083e-02
1.223955864054786844e+03	2.450777156832517067e-01	1.587405122505425037e-01	2.596388607793428949e-01	1.552514185043884776e-01	7.365075166651027794e-02	3.032539451366933134e-02	7.731534660203912002e-02
1.226374749161614318e+03	2.447561748567146089e-01	1.585233173308739085e-01	2.598725974764086177e-01	1.553848102277308185e-01	7.370324395001187634e-02	3.036287635772698737e-02	7.739697980027747393e-02
1.228793634268442020e+03	2.444355892629507254e-01	1.583066872071930697e-01	2.601056609609952996e-01	1.555178000053024367e-01	7.375559488097287175e-02	3.040028093693012898e-02	7.747838674539972437e-02
1.231212519375269494e+03	2.441159557839288341e-01	1.580906206466760611e-01	2.603380530851565067e-01	1.556503891185878063e-01	7.380780498606222262e-02	3.043760820011388868e-02	7.755956817921894064e-02
1.233631404482097196e+03	2.437972713140784675e-01	1.578751164170699717e-01	2.605697756961365408e-01	1.557825788449937465e-01	7.385987478783907767e-02	3.047485809957650033e-02	7.764052484004990706e-02
1.236050289588924898e+03	2.434795327602224391e-01	1.576601732867153605e-01	2.608008306363809314e-01	1.559143704578602740e-01	7.391180480480899484e-02	3.051203059102583146e-02	7.772125746273038371e-02
1.238469174695752372e+03	2.431627370415095080e-01	1.574457900245683772e-01	2.610312197435465387e-01	1.560457652264714834e-01	7.396359555147931364e-02	3.054912563352667546e-02	7.780176677864235335e-02
1.240888059802580301e+03	2.428468810893478491e-01	1.572319654002226619e-01	2.612609448505119336e-01	1.561767644160662605e-01	7.401524753841352833e-02	3.058614318944874455e-02	7.788205351573326829e-02
1.243306944909407548e+03	2.425319618473389949e-01	1.570186981839308549e-01	2.614900077853880012e-01	1.563073692878491905e-01	7.406676127228474515e-02	3.062308322441538097e-02	7.796211839853718628e-02
1.245725830016235477e+03	2.422179762712119988e-01	1.568059871466260524e-01	2.617184103715276544e-01	1.564375810990012716e-01	7.411813725592839019e-02	3.065994570725298976e-02	7.804196214819600352e-02
1.248144715123063179e+03	2.419049213287584876e-01	1.565938310599427619e-01	2.619461544275367149e-01	1.565674011026907120e-01	7.416937598839380696e-02	3.069673060994114813e-02	7.812158548248065992e-02
1.250563600229890881e+03	2.415927939997677965e-01	1.563822286962379127e-01	2.621732417672839599e-01	1.566968305480837542e-01	7.422047796499525729e-02	3.073343790756340524e-02	7.820098911581217782e-02
1.252982485336718355e+03	2.412815912759628256e-01	1.561711788286112290e-01	2.623996741999114479e-01	1.568258706803553337e-01	7.427144367736185360e-02	3.077006757825875502e-02	7.828017375928282562e-02
1.255401370443546057e+03	2.409713101609362029e-01	1.559606802309257689e-01	2.626254535298447879e-01	1.569545227406997923e-01	7.432227361348678341e-02	3.080661960317379600e-02	7.835914012067708712e-02
1.257820255550373531e+03	2.406619476700871119e-01	1.557507316778278805e-01	2.628505815568034087e-01	1.570827879663417859e-01	7.437296825777574283e-02	3.084309396641551210e-02	7.843788890449276963e-02
1.260239140657201460e+03	2.403535008305583420e-01	1.555413319447670473e-01	2.630750600758108848e-01	1.572106675905468043e-01	7.442352809109445411e-02	3.087949065500474738e-02	7.851642081196187617e-02
1.262658025764028707e+03	2.400459666811739778e-01	1.553324798080156222e-01	2.632988908772052050e-01	1.573381628426319678e-01	7.447395359081553090e-02	3.091580965883029136e-02	7.859473654107150542e-02
1.265076910870856636e+03	2.397393422723773926e-01	1.551241740446879791e-01	2.635220757466490427e-01	1.574652749479767411e-01	7.452424523086453867e-02	3.095205097060359581e-02	7.867283678658472390e-02
1.267495795977684338e+03	2.394336246661698531e-01	1.549164134327598585e-01	2.637446164651400249e-01	1.575920051280335910e-01	7.457440348176522238e-02	3.098821458581414029e-02	7.875072224006129940e-02
1.269914681084511813e+03	2.391288109360493186e-01	1.547091967510871025e-01	2.639665148090208913e-01	1.577183546003386450e-01	7.462442881068409584e-02	3.102430050268539102e-02	7.882839358987846212e-02
1.272333566191339514e+03	2.388248981669499893e-01	1.545025227794243894e-01	2.641877725499899854e-01	1.578443245785223770e-01	7.467432168147429550e-02	3.106030872213137728e-02	7.890585152125148549e-02
1.274752451298167216e+03	2.385218834551820766e-01	1.542963902984435809e-01	2.644083914551111358e-01	1.579699162723203210e-01	7.472408255471861549e-02	3.109623924771385411e-02	7.898309671625428074e-02
1.277171336404994690e+03	2.382197639083719620e-01	1.540907980897520124e-01	2.646283732868243144e-01	1.580951308875836459e-01	7.477371188777197364e-02	3.113209208560007574e-02	7.906012985383989444e-02
1.279590221511822392e+03	2.379185366454029948e-01	1.538857449359104235e-01	2.648477198029555724e-01	1.582199696262897581e-01	7.482321013480312810e-02	3.116786724452114479e-02	7.913695160986089494e-02
1.282009106618650094e+03	2.376181987963565667e-01	1.536812296204507766e-01	2.650664327567271439e-01	1.583444336865530988e-01	7.487257774683571399e-02	3.120356473573091677e-02	7.921356265708970334e-02
1.284427991725477568e+03	2.373187475024535475e-01	1.534772509278935770e-01	2.652845138967682148e-01	1.584685242626356072e-01	7.492181517178864159e-02	3.123918457296551154e-02	7.928996366523884121e-02
1.286846876832305497e+03	2.370201799159963041e-01	1.532738076437654418e-01	2.655019649671245818e-01	1.585922425449573514e-01	7.497092285451582849e-02	3.127472677240334537e-02	7.936615530098110882e-02
1.289265761939132744e+03	2.367224932003109961e-01	1.530708985546160583e-01	2.657187877072690330e-01	1.587155897201072419e-01	7.501990123684527945e-02	3.131019135262574915e-02	7.944213822796958313e-02
1.291684647045960673e+03	2.364256845296902887e-01	1.528685224480350047e-01	2.659349838521116727e-01	1.588385669708535508e-01	7.506875075761759719e-02	3.134557833457808640e-02	7.951791310685767111e-02
1.294103532152788375e+03	2.361297510893365648e-01	1.526666781126685413e-01	2.661505551320100804e-01	1.589611754761545148e-01	7.511747185272375782e-02	3.138088774153148519e-02	7.959348059531891340e-02
1.296522417259616077e+03	2.358346900753054420e-01	1.524653643382359869e-01	2.663655032727793026e-01	1.590834164111688820e-01	7.516606495514244202e-02	3.141611959904500040e-02	7.966884134806682949e-02
1.298941302366443551e+03	2.355404986944497070e-01	1.522645799155459001e-01	2.665798299957021222e-01	1.592052909472665145e-01	7.521453049497663079e-02	3.145127393492839346e-02	7.974399601687454098e-02
1.301360187473271253e+03	2.352471741643636371e-01	1.520643236365122608e-01	2.667935370175394394e-01	1.593268002520389914e-01	7.526286889948970160e-02	3.148635077920536318e-02	7.981894525059439471e-02
1.303779072580098727e+03	2.349547137133277674e-01	1.518645942941701521e-01	2.670066260505400968e-01	1.594479454893100723e-01	7.531108059314091385e-02	3.152135016407732471e-02	7.989368969517741947e-02
1.306197957686926657e+03	2.346631145802539897e-01	1.516653906826914699e-01	2.672190988024512048e-01	1.595687278191463832e-01	7.535916599762032542e-02	3.155627212388767422e-02	7.996822999369267160e-02
1.308616842793753904e+03	2.343723740146309298e-01	1.514667115974003553e-01	2.674309569765282446e-01	1.596891483978678250e-01	7.540712553188318179e-02	3.159111669508653936e-02	8.004256678634659450e-02
1.311035727900581833e+03	2.340824892764700460e-01	1.512685558347883485e-01	2.676422022715453375e-01	1.598092083780581485e-01	7.545495961218373626e-02	3.162588391619603617e-02	8.011670071050207287e-02
1.313454613007409534e+03	2.337934576362516170e-01	1.510709221925294055e-01	2.678528363818050706e-01	1.599289089085754734e-01	7.550266865210858436e-02	3.166057382777601875e-02	8.019063240069752851e-02
1.315873498114237009e+03	2.335052763748715066e-01	1.508738094694948573e-01	2.680628609971488774e-01	1.600482511345628633e-01	7.555025306260942930e-02	3.169518647239026599e-02	8.026436248866589129e-02
1.318292383221064711e+03	2.332179427835880947e-01	1.506772164657679269e-01	2.682722778029670851e-01	1.601672361974587344e-01	7.559771325203530623e-02	3.172972189457318182e-02	8.033789160335338964e-02
1.320711268327892412e+03	2.329314541639697367e-01	1.504811419826581342e-01	2.684810884802089070e-01	1.602858652350074020e-01	7.564504962616436234e-02	3.176418014079692570e-02	8.041122037093823005e-02
1.323130153434719887e+03	2.326458078278422492e-01	1.502855848227157287e-01	2.686892947053927116e-01	1.604041393812695726e-01	7.569226258823509579e-02	3.179856125943902184e-02	8.048434941484929050e-02
1.325549038541547588e+03	2.323610010972371187e-01	1.500905437897455952e-01	2.688968981506159595e-01	1.605220597666328630e-01	7.573935253897715048e-02	3.183286530075040560e-02	8.055727935578455012e-02
1.327967923648375290e+03	2.320770313043399868e-01	1.498960176888211593e-01	2.691039004835653059e-01	1.606396275178221811e-01	7.578631987664159742e-02	3.186709231682390009e-02	8.063001081172947726e-02
1.330386808755202765e+03	2.317938957914393028e-01	1.497020053262980988e-01	2.693103033675267044e-01	1.607568437579103005e-01	7.583316499703070257e-02	3.190124236156320625e-02	8.070254439797527879e-02
1.332805693862030694e+03	2.315115919108755860e-01	1.495085055098279159e-01	2.695161084613953983e-01	1.608737096063281580e-01	7.587988829352733389e-02	3.193531549065220521e-02	8.077488072713702449e-02
1.335224578968857941e+03	2.312301170249906612e-01	1.493155170483710936e-01	2.697213174196860241e-01	1.609902261788754840e-01	7.592649015712385485e-02	3.196931176152479487e-02	8.084702040917171595e-02
1.337643464075685870e+03	2.309494685060776709e-01	1.491230387522104739e-01	2.699259318925426032e-01	1.611063945877310999e-01	7.597297097645049069e-02	3.200323123333510128e-02	8.091896405139614723e-02
1.340062349182513572e+03	2.306696437363312535e-01	1.489310694329640805e-01	2.701299535257485340e-01	1.612222159414634093e-01	7.601933113780347251e-02	3.203707396692809239e-02	8.099071225850466849e-02
1.342481234289341273e+03	2.303906401077978894e-01	1.487396079035979424e-01	2.703333839607367506e-01	1.613376913450408345e-01	7.606557102517248758e-02	3.207084002481064983e-02	8.106226563258689399e-02
1.344900119396168748e+03	2.301124550223268561e-01	1.485486529784386667e-01	2.705362248345995480e-01	1.614528218998421694e-01	7.611169102026793531e-02	3.210452947112297367e-02	8.113362477314522980e-02
1.347319004502996449e+03	2.298350858915212958e-01	1.483582034731860677e-01	2.707384777800987408e-01	1.615676087036670150e-01	7.615769150254754483e-02	3.213814237161047999e-02	8.120479027711229036e-02
1.349737889609823924e+03	2.295585301366898090e-01	1.481682582049251851e-01	2.709401444256754332e-01	1.616820528507461330e-01	7.620357284924278440e-02	3.217167879359598970e-02	8.127576273886816249e-02
1.352156774716651853e+03	2.292827851887981327e-01	1.479788159921386070e-01	2.711412263954600665e-01	1.617961554317518813e-01	7.624933543538474356e-02	3.220513880595238937e-02	8.134654275025764159e-02
1.354575659823479100e+03	2.290078484884214283e-01	1.477898756547182668e-01	2.713417253092826331e-01	1.619099175338085395e-01	7.629497963382968206e-02	3.223852247907563195e-02	8.141713090060727354e-02
1.356994544930307029e+03	2.287337174856966526e-01	1.476014360139774051e-01	2.715416427826822243e-01	1.620233402405026890e-01	7.634050581528414869e-02	3.227182988485812615e-02	8.148752777674227177e-02
1.359413430037134731e+03	2.284603896402753187e-01	1.474134958926618666e-01	2.717409804269171891e-01	1.621364246318935942e-01	7.638591434832969762e-02	3.230506109666249348e-02	8.155773396300333711e-02
1.361832315143962205e+03	2.281878624212766160e-01	1.472260541149619240e-01	2.719397398489751261e-01	1.622491717845234716e-01	7.643120559944731329e-02	3.233821618929571401e-02	8.162775004126332501e-02
1.364251200250789907e+03	2.279161333072408646e-01	1.470391095065232412e-01	2.721379226515827088e-01	1.623615827714278148e-01	7.647637993304140513e-02	3.237129523898359812e-02	8.169757659094384339e-02
1.366670085357617609e+03	2.276451997860831911e-01	1.468526608944581979e-01	2.723355304332155113e-01	1.624736586621458034e-01	7.652143771146339979e-02	3.240429832334563998e-02	8.176721418903171168e-02
1.369088970464445310e+03	2.273750593550475096e-01	1.466667071073567696e-01	2.725325647881080005e-01	1.625854005227305721e-01	7.656637929503511131e-02	3.243722552137024567e-02	8.183666341009525336e-02
1.371507855571272785e+03	2.271057095206609477e-01	1.464812469752973523e-01	2.727290273062633608e-01	1.626968094157594524e-01	7.661120504207155624e-02	3.247007691339024588e-02	8.190592482630049131e-02
1.373926740678100487e+03	2.268371477986883544e-01	1.462962793298574482e-01	2.729249195734635425e-01	1.628078864003442983e-01	7.665591530890364380e-02	3.250285258105881786e-02	8.197499900742721834e-02
1.376345625784927961e+03	2.265693717140873364e-01	1.461118030041241578e-01	2.731202431712789203e-01	1.629186325321418105e-01	7.670051044990033873e-02	3.253555260732572674e-02	8.204388652088501210e-02
1.378764510891755890e+03	2.263023788009634052e-01	1.459278168327045044e-01	2.733149996770781742e-01	1.630290488633636958e-01	7.674499081749064366e-02	3.256817707641386506e-02	8.211258793172901416e-02
1.381183395998583137e+03	2.260361666025255123e-01	1.457443196517355932e-01	2.735091906640381709e-01	1.631391364427870194e-01	7.678935676218512363e-02	3.260072607379616710e-02	8.218110380267563964e-02
1.383602281105411066e+03	2.257707326710420015e-01	1.455613102988947971e-01	2.737028177011538999e-01	1.632488963157643636e-01	7.683360863259720841e-02	3.263319968617285627e-02	8.224943469411816199e-02
1.386021166212238768e+03	2.255060745677964495e-01	1.453787876134095269e-01	2.738958823532479103e-01	1.633583295242340694e-01	7.687774677546407864e-02	3.266559800144894915e-02	8.231758116414224224e-02
1.388440051319066470e+03	2.252421898630443675e-01	1.451967504360670846e-01	2.740883861809806366e-01	1.634674371067305065e-01	7.692177153566737147e-02	3.269792110871213436e-02	8.238554376854122230e-02
1.390858936425893944e+03	2.249790761359695135e-01	1.450151976092241557e-01	2.742803307408596680e-01	1.635762200983942316e-01	7.696568325625340046e-02	3.273016909821095666e-02	8.245332306083137663e-02
1.393277821532721646e+03	2.247167309746411767e-01	1.448341279768163570e-01	2.744717175852500191e-01	1.636846795309821467e-01	7.700948227845329230e-02	3.276234206133329940e-02	8.252091959226698359e-02
1.395696706639549120e+03	2.244551519759712677e-01	1.446535403843676182e-01	2.746625482623835657e-01	1.637928164328777692e-01	7.705316894170259612e-02	3.279444009058515852e-02	8.258833391185532724e-02
1.398115591746377049e+03	2.241943367456718517e-01	1.444734336789992302e-01	2.748528243163688156e-01	1.639006318291013065e-01	7.709674358366082336e-02	3.282646327956970783e-02	8.265556656637160216e-02
1.400534476853204296e+03	2.239342828982129330e-01	1.442938067094389765e-01	2.750425472872006782e-01	1.640081267413198707e-01	7.714020654023051593e-02	3.285841172296675300e-02	8.272261810037359608e-02
1.402953361960032225e+03	2.236749880567805160e-01	1.441146583260300429e-01	2.752317187107704566e-01	1.641153021878574980e-01	7.718355814557611994e-02	3.289028551651233812e-02	8.278948905621634491e-02
1.405372247066859927e+03	2.234164498532350274e-01	1.439359873807397050e-01	2.754203401188751177e-01	1.642221591837054739e-01	7.722679873214259583e-02	3.292208475697871312e-02	8.285617997406664881e-02
1.407791132173687402e+03	2.231586659280697937e-01	1.437577927271680989e-01	2.756084130392273401e-01	1.643286987405322974e-01	7.726992863067368156e-02	3.295380954215462038e-02	8.292269139191744964e-02
1.410210017280515103e+03	2.229016339303699912e-01	1.435800732205566033e-01	2.757959389954648954e-01	1.644349218666937840e-01	7.731294817022997534e-02	3.298545997082578257e-02	8.298902384560215284e-02
1.412628902387342805e+03	2.226453515177717890e-01	1.434028277177962774e-01	2.759829195071608066e-01	1.645408295672431964e-01	7.735585767820672698e-02	3.301703614275573045e-02	8.305517786880868558e-02
1.415047787494170507e+03	2.223898163564217156e-01	1.432260550774360208e-01	2.761693560898324518e-01	1.646464228439412647e-01	7.739865748035130999e-02	3.304853815866685973e-02	8.312115399309362440e-02
1.417466672600997981e+03	2.221350261209363020e-01	1.430497541596907340e-01	2.763552502549515011e-01	1.647517026952663721e-01	7.744134790078049946e-02	3.307996612022177235e-02	8.318695274789608685e-02
1.419885557707825683e+03	2.218809784943620300e-01	1.428739238264493117e-01	2.765406035099535753e-01	1.648566701164243531e-01	7.748392926199750008e-02	3.311132013000490926e-02	8.325257466055148436e-02
1.422304442814653157e+03	2.216276711681355316e-01	1.426985629412824974e-01	2.767254173582479604e-01	1.649613260993587904e-01	7.752640188490866890e-02	3.314260029150440517e-02	8.331802025630535846e-02
1.424723327921481086e+03	2.213751018420439809e-01	1.425236703694505169e-01	2.769096932992268778e-01	1.650656716327607854e-01	7.756876608884007152e-02	3.317380670909420709e-02	8.338329005832678664e-02
1.427142213028308333e+03	2.211232682241858205e-01	1.423492449779107660e-01	2.770934328282752546e-01	1.651697077020791438e-01	7.761102219155377457e-02	3.320493948801647027e-02	8.344838458772196876e-02
1.429561098135136262e+03	2.208721680309315982e-01	1.421752856353252492e-01	2.772766374367804931e-01	1.652734352895302572e-01	7.765317050926384690e-02	3.323599873436421104e-02	8.351330436354752196e-02
1.431979983241963964e+03	2.206217989868852480e-01	1.420017912120679904e-01	2.774593086121417973e-01	1.653768553741080671e-01	7.769521135665219402e-02	3.326698455506413993e-02	8.357804990282376167e-02
1.434398868348791666e+03	2.203721588248454544e-01	1.418287605802320828e-01	2.776414478377798312e-01	1.654799689315940847e-01	7.773714504688414295e-02	3.329789705785983489e-02	8.364262172054776068e-02
1.436817753455619140e+03	2.201232452857673494e-01	1.416561926136370442e-01	2.778230565931462670e-01	1.655827769345672440e-01	7.777897189162379099e-02	3.332873635129509488e-02	8.370702032970643580e-02
1.439236638562446842e+03	2.198750561187243768e-01	1.414840861878356171e-01	2.780041363537332222e-01	1.656852803524138384e-01	7.782069220104917417e-02	3.335950254469752935e-02	8.377124624128941266e-02
1.441655523669274316e+03	2.196275890808705444e-01	1.413124401801207908e-01	2.781846885910829181e-01	1.657874801513374852e-01	7.786230628386714425e-02	3.339019574816241842e-02	8.383529996430182096e-02
1.444074408776102018e+03	2.193808419374027041e-01	1.411412534695324628e-01	2.783647147727971172e-01	1.658893772943688949e-01	7.790381444732814853e-02	3.342081607253677422e-02	8.389918200577699270e-02
1.446493293882929493e+03	2.191348124615232207e-01	1.409705249368640168e-01	2.785442163625465595e-01	1.659909727413758918e-01	7.794521699724067665e-02	3.345136362940364511e-02	8.396289287078906316e-02
1.448912178989757422e+03	2.188894984344028627e-01	1.408002534646689563e-01	2.787231948200805109e-01	1.660922674490731277e-01	7.798651423798552695e-02	3.348183853106663499e-02	8.402643306246537769e-02
1.451331064096585123e+03	2.186448976451438042e-01	1.406304379372673996e-01	2.789016516012362557e-01	1.661932623710320744e-01	7.802770647252998959e-02	3.351224089053465860e-02	8.408980308199889842e-02
1.453749949203412370e+03	2.184010078907430707e-01	1.404610772407521302e-01	2.790795881579482551e-01	1.662939584576905994e-01	7.806879400244162714e-02	3.354257082150688407e-02	8.415300342866045835e-02
1.456168834310240300e+03	2.181578269760559852e-01	1.402921702629949807e-01	2.792570059382581404e-01	1.663943566563630128e-01	7.810977712790206917e-02	3.357282843835794617e-02	8.421603459981089057e-02
1.458587719417068001e+03	2.179153527137599744e-01	1.401237158936528004e-01	2.794339063863235939e-01	1.664944579112498102e-01	7.815065614772041813e-02	3.360301385612332603e-02	8.427889709091311576e-02
1.461006604523895703e+03	2.176735829243186537e-01	1.399557130241735614e-01	2.796102909424279526e-01	1.665942631634472482e-01	7.819143135934661371e-02	3.363312719048496685e-02	8.434159139554400775e-02
1.463425489630723177e+03	2.174325154359459666e-01	1.397881605478021316e-01	2.797861610429896451e-01	1.666937733509573638e-01	7.823210305888453342e-02	3.366316855775705608e-02	8.440411800540630061e-02
1.465844374737550879e+03	2.171921480845706298e-01	1.396210573595859927e-01	2.799615181205716286e-01	1.667929894086975506e-01	7.827267154110494063e-02	3.369313807487206436e-02	8.446647741034027379e-02
1.468263259844378354e+03	2.169524787138008282e-01	1.394544023563809299e-01	2.801363636038903815e-01	1.668919122685102452e-01	7.831313709945821044e-02	3.372303585936697878e-02	8.452867009833542333e-02
1.470682144951206283e+03	2.167135051748891594e-01	1.392881944368566105e-01	2.803106989178258401e-01	1.669905428591727803e-01	7.835350002608695852e-02	3.375286202936968183e-02	8.459069655554199429e-02
1.473101030058033530e+03	2.164752253266976068e-01	1.391224325015020247e-01	2.804845254834301693e-01	1.670888821064069052e-01	7.839376061183836453e-02	3.378261670358561480e-02	8.465255726628234667e-02
1.475519915164861459e+03	2.162376370356630106e-01	1.389571154526307029e-01	2.806578447179373659e-01	1.671869309328885833e-01	7.843391914627645400e-02	3.381230000128453844e-02	8.471425271306234905e-02
1.477938800271689161e+03	2.160007381757624301e-01	1.387922421943861284e-01	2.808306580347726955e-01	1.672846902582574846e-01	7.847397591769413039e-02	3.384191204228755023e-02	8.477578337658259189e-02
1.480357685378516862e+03	2.157645266284791141e-01	1.386278116327467613e-01	2.810029668435615191e-01	1.673821609991267834e-01	7.851393121312506829e-02	3.387145294695428910e-02	8.483714973574951745e-02
1.482776570485344337e+03	2.155290002827681684e-01	1.384638226755311174e-01	2.811747725501389517e-01	1.674793440690925950e-01	7.855378531835544020e-02	3.390092283617027885e-02	8.489835226768645271e-02
