1.001418434226643626e+03	2.791390066114017854e-01	1.813614236674097602e-01	2.350121977594887002e-01	1.410737524916170493e-01	6.813428197677245945e-02	2.656821632338891848e-02	6.871112116966543448e-02
1.002869765290740247e+03	2.788831277879343928e-01	1.811974810667189850e-01	2.351951764470104067e-01	1.411799392234630302e-01	6.817531480253542775e-02	2.659443178196538998e-02	6.877452889011648196e-02
1.004321096354836754e+03	2.786277194676355373e-01	1.810337828005260941e-01	2.353778439091691321e-01	1.412859335256618776e-01	6.821626740334167660e-02	2.662062991427185596e-02	6.883782297913795811e-02
1.005772427418933376e+03	2.783727806794378812e-01	1.808703285920171266e-01	2.355602006487662325e-01	1.413917357535103281e-01	6.825714007892631774e-02	2.664681055552816508e-02	6.890100369155807702e-02
1.007223758483029997e+03	2.781183104547841345e-01	1.807071181642528335e-01	2.357422471678563280e-01	1.414973462616657407e-01	6.829793312669826810e-02	2.667297354277197927e-02	6.896407128171493095e-02
1.008675089547126618e+03	2.778643078276177292e-01	1.805441512401715076e-01	2.359239839677480799e-01	1.416027654041476236e-01	6.833864684176577109e-02	2.669911871484338325e-02	6.902702600345014816e-02
1.010126420611223239e+03	2.776107718343737707e-01	1.803814275425920099e-01	2.361054115490051342e-01	1.417079935343391606e-01	6.837928151696164025e-02	2.672524591236963287e-02	6.908986811010293938e-02
1.011577751675319632e+03	2.773577015139697677e-01	1.802189467942165724e-01	2.362865304114468989e-01	1.418130310049887655e-01	6.841983744286808666e-02	2.675135497775001092e-02	6.915259785450418584e-02
1.013029082739416367e+03	2.771050959077968612e-01	1.800567087176336012e-01	2.364673410541494047e-01	1.419178781682115531e-01	6.846031490784140749e-02	2.677744575514081141e-02	6.921521548897070775e-02
1.014480413803512761e+03	2.768529540597104432e-01	1.798947130353205359e-01	2.366478439754461371e-01	1.420225353754908937e-01	6.850071419803607786e-02	2.680351809044045214e-02	6.927772126529983809e-02
1.015931744867609382e+03	2.766012750160213862e-01	1.797329594696467081e-01	2.368280396729288140e-01	1.421270029776798838e-01	6.854103559742887042e-02	2.682957183127467407e-02	6.934011543476401029e-02
1.017383075931706003e+03	2.763500578254871609e-01	1.795714477428761446e-01	2.370079286434484123e-01	1.422312813250027064e-01	6.858127938784239208e-02	2.685560682698192106e-02	6.940239824810558178e-02
1.018834406995802851e+03	2.760993015393028438e-01	1.794101775771702878e-01	2.371875113831158066e-01	1.423353707670561852e-01	6.862144584896845423e-02	2.688162292859876817e-02	6.946456995553189351e-02
1.020285738059899245e+03	2.758490052110924573e-01	1.792491486945908263e-01	2.373667883873027684e-01	1.424392716528111724e-01	6.866153525839115146e-02	2.690761998884551656e-02	6.952663080671039886e-02
1.021737069123995752e+03	2.755991678968998659e-01	1.790883608171024155e-01	2.375457601506426597e-01	1.425429843306139366e-01	6.870154789160957953e-02	2.693359786211188892e-02	6.958858105076391742e-02
1.023188400188092373e+03	2.753497886551805607e-01	1.789278136665753693e-01	2.377244271670314046e-01	1.426465091481875780e-01	6.874148402206034514e-02	2.695955640444283249e-02	6.965042093626620801e-02
1.024639731252188767e+03	2.751008665467926106e-01	1.787675069647883808e-01	2.379027899296282389e-01	1.427498464526334165e-01	6.878134392113970097e-02	2.698549547352443664e-02	6.971215071123751383e-02
1.026091062316285615e+03	2.748524006349881144e-01	1.786074404334313526e-01	2.380808489308566256e-01	1.428529965904323240e-01	6.882112785822550038e-02	2.701141492866998908e-02	6.977377062314039924e-02
1.027542393380382237e+03	2.746043899854045955e-01	1.784476137941079232e-01	2.382586046624050602e-01	1.429559599074460841e-01	6.886083610069880512e-02	2.703731463080610506e-02	6.983528091887566958e-02
1.028993724444478858e+03	2.743568336660567875e-01	1.782880267683381037e-01	2.384360576152279310e-01	1.430587367489187800e-01	6.890046891396527096e-02	2.706319444245900221e-02	6.989668184477838830e-02
1.030445055508575479e+03	2.741097307473276956e-01	1.781286790775610807e-01	2.386132082795463516e-01	1.431613274594780161e-01	6.894002656147617258e-02	2.708905422774085872e-02	6.995797364661412998e-02
1.031896386572671872e+03	2.738630803019604931e-01	1.779695704431376868e-01	2.387900571448489662e-01	1.432637323831361942e-01	6.897950930474928966e-02	2.711489385233631713e-02	7.001915656957534428e-02
1.033347717636768493e+03	2.736168814050499165e-01	1.778107005863531209e-01	2.389666046998929205e-01	1.433659518632920404e-01	6.901891740338944592e-02	2.714071318348904721e-02	7.008023085827781717e-02
1.034799048700865114e+03	2.733711331340340500e-01	1.776520692284195013e-01	2.391428514327045007e-01	1.434679862427316321e-01	6.905825111510886793e-02	2.716651208998846143e-02	7.014119675675728471e-02
1.036250379764961508e+03	2.731258345686860545e-01	1.774936760904784194e-01	2.393187978305801322e-01	1.435698358636298133e-01	6.909751069574714133e-02	2.719229044215652411e-02	7.020205450846622730e-02
1.037701710829058356e+03	2.728809847911056741e-01	1.773355208936035765e-01	2.394944443800872680e-01	1.436715010675513049e-01	6.913669639929106991e-02	2.721804811183465428e-02	7.026280435627069165e-02
1.039153041893154750e+03	2.726365828857114093e-01	1.771776033588033095e-01	2.396697915670650270e-01	1.437729821954521481e-01	6.917580847789425724e-02	2.724378497237074301e-02	7.032344654244732096e-02
1.040604372957251599e+03	2.723926279392321348e-01	1.770199232070229500e-01	2.398448398766252765e-01	1.438742795876807312e-01	6.921484718189638286e-02	2.726950089860628521e-02	7.038398130868049607e-02
1.042055704021347992e+03	2.721491190406988281e-01	1.768624801591476281e-01	2.400195897931532429e-01	1.439753935839791499e-01	6.925381275984225649e-02	2.729519576686359472e-02	7.044440889605954603e-02
1.043507035085444613e+03	2.719060552814367981e-01	1.767052739360045754e-01	2.401940418003085387e-01	1.440763245234843171e-01	6.929270545850071961e-02	2.732086945493315475e-02	7.050472954507616685e-02
1.044958366149541234e+03	2.716634357550574141e-01	1.765483042583656514e-01	2.403681963810259392e-01	1.441770727447292122e-01	6.933152552288318615e-02	2.734652184206102024e-02	7.056494349562186796e-02
1.046409697213637855e+03	2.714212595574502784e-01	1.763915708469497856e-01	2.405420540175162158e-01	1.442776385856440746e-01	6.937027319626204447e-02	2.737215280893637304e-02	7.062505098698552974e-02
1.047861028277734476e+03	2.711795257867751774e-01	1.762350734224255311e-01	2.407156151912669961e-01	1.443780223835575416e-01	6.940894872018878170e-02	2.739776223767915672e-02	7.068505225785115531e-02
1.049312359341831097e+03	2.709382335434541433e-01	1.760788117054133683e-01	2.408888803830435688e-01	1.444782244751978140e-01	6.944755233451194165e-02	2.742335001182779827e-02	7.074494754629569171e-02
1.050763690405927491e+03	2.706973819301637940e-01	1.759227854164882032e-01	2.410618500728898550e-01	1.445782451966938220e-01	6.948608427739480509e-02	2.744891601632704417e-02	7.080473708978690661e-02
1.052215021470024112e+03	2.704569700518271724e-01	1.757669942761817261e-01	2.412345247401290749e-01	1.446780848835763356e-01	6.952454478533283411e-02	2.747446013751590060e-02	7.086442112518143155e-02
1.053666352534120733e+03	2.702169970156061973e-01	1.756114380049848822e-01	2.414069048633646630e-01	1.447777438707791575e-01	6.956293409317097776e-02	2.749998226311566041e-02	7.092399988872288841e-02
1.055117683598217127e+03	2.699774619308940027e-01	1.754561163233501475e-01	2.415789909204812125e-01	1.448772224926401786e-01	6.960125243412076945e-02	2.752548228221802021e-02	7.098347361604011307e-02
1.056569014662313975e+03	2.697383639093069441e-01	1.753010289516939435e-01	2.417507833886452240e-01	1.449765210829025708e-01	6.963950003977709136e-02	2.755096008527331553e-02	7.104284254214547623e-02
1.058020345726410369e+03	2.694997020646771047e-01	1.751461756103989409e-01	2.419222827443058832e-01	1.450756399747157033e-01	6.967767714013485547e-02	2.757641556407882527e-02	7.110210690143325962e-02
1.059471676790506763e+03	2.692614755130446902e-01	1.749915560198164743e-01	2.420934894631960599e-01	1.451745795006365303e-01	6.971578396360543495e-02	2.760184861176719420e-02	7.116126692767822670e-02
1.060923007854603611e+03	2.690236833726504240e-01	1.748371699002687074e-01	2.422644040203330851e-01	1.452733399926303681e-01	6.975382073703291497e-02	2.762725912279492824e-02	7.122032285403417928e-02
1.062374338918700232e+03	2.687863247639280528e-01	1.746830169720511028e-01	2.424350268900194727e-01	1.453719217820722276e-01	6.979178768571006608e-02	2.765264699293100426e-02	7.127927491303268082e-02
1.063825669982796853e+03	2.685493988094965201e-01	1.745290969554345872e-01	2.426053585458440298e-01	1.454703251997477575e-01	6.982968503339427591e-02	2.767801211924555624e-02	7.133812333658183513e-02
1.065277001046893474e+03	2.683129046341530821e-01	1.743754095706679108e-01	2.427753994606824950e-01	1.455685505758542442e-01	6.986751300232316164e-02	2.770335440009865161e-02	7.139686835596507908e-02
1.066728332110990095e+03	2.680768413648653148e-01	1.742219545379797285e-01	2.429451501066983987e-01	1.456665982400018322e-01	6.990527181322997441e-02	2.772867373512917857e-02	7.145551020184019719e-02
1.068179663175086489e+03	2.678412081307640635e-01	1.740687315775810706e-01	2.431146109553439794e-01	1.457644685212144131e-01	6.994296168535897584e-02	2.775397002524378903e-02	7.151404910423835026e-02
1.069630994239183110e+03	2.676060040631358383e-01	1.739157404096674520e-01	2.432837824773610158e-01	1.458621617479307075e-01	6.998058283648043998e-02	2.777924317260597672e-02	7.157248529256314551e-02
1.071082325303279504e+03	2.673712282954158193e-01	1.737629807544211202e-01	2.434526651427816601e-01	1.459596782480053756e-01	7.001813548290562739e-02	2.780449308062519012e-02	7.163081899558987331e-02
1.072533656367376352e+03	2.671368799631802515e-01	1.736104523320131099e-01	2.436212594209291871e-01	1.460570183487098772e-01	7.005561983950141236e-02	2.782971965394609448e-02	7.168905044146471617e-02
1.073984987431472746e+03	2.669029582041394510e-01	1.734581548626056291e-01	2.437895657804190208e-01	1.461541823767336379e-01	7.009303611970493786e-02	2.785492279843786514e-02	7.174717985770411033e-02
1.075436318495569594e+03	2.666694621581304214e-01	1.733060880663541692e-01	2.439575846891594846e-01	1.462511706581849646e-01	7.013038453553788187e-02	2.788010242118359530e-02	7.180520747119417679e-02
1.076887649559666215e+03	2.664363909671096375e-01	1.731542516634095863e-01	2.441253166143525777e-01	1.463479835185921007e-01	7.016766529762079319e-02	2.790525843046978358e-02	7.186313350819019397e-02
1.078338980623762609e+03	2.662037437751462177e-01	1.730026453739202941e-01	2.442927620224949747e-01	1.464446212829041694e-01	7.020487861518696915e-02	2.793039073577592221e-02	7.192095819431613968e-02
1.079790311687859230e+03	2.659715197284145405e-01	1.728512689180344564e-01	2.444599213793786918e-01	1.465410842754921450e-01	7.024202469609640287e-02	2.795549924776414771e-02	7.197868175456430262e-02
1.081241642751955851e+03	2.657397179751871952e-01	1.727001220159019856e-01	2.446267951500921412e-01	1.466373728201499638e-01	7.027910374684949446e-02	2.798058387826896781e-02	7.203630441329501866e-02
1.082692973816052472e+03	2.655083376658280425e-01	1.725492043876766801e-01	2.447933837990207140e-01	1.467334872400953283e-01	7.031611597260049862e-02	2.800564454028711681e-02	7.209382639423636552e-02
1.084144304880149093e+03	2.652773779527852205e-01	1.723985157535183887e-01	2.449596877898478631e-01	1.468294278579707623e-01	7.035306157717099995e-02	2.803068114796745253e-02	7.215124792048402402e-02
1.085595635944245487e+03	2.650468379905842609e-01	1.722480558335949541e-01	2.451257075855559076e-01	1.469251949958445547e-01	7.038994076306299974e-02	2.805569361660093311e-02	7.220856921450113930e-02
1.087046967008342108e+03	2.648167169358208728e-01	1.720978243480844050e-01	2.452914436484266991e-01	1.470207889752117025e-01	7.042675373147207207e-02	2.808068186261071172e-02	7.226579049811829303e-02
1.088498298072438729e+03	2.645870139471542815e-01	1.719478210171768995e-01	2.454568964400426767e-01	1.471162101169949665e-01	7.046350068230022856e-02	2.810564580354227293e-02	7.232291199253344793e-02
1.089949629136535123e+03	2.643577281853003447e-01	1.717980455610768620e-01	2.456220664212875882e-01	1.472114587415456477e-01	7.050018181416864427e-02	2.813058535805367313e-02	7.237993391831207268e-02
1.091400960200631971e+03	2.641288588130247805e-01	1.716484977000048706e-01	2.457869540523473506e-01	1.473065351686445867e-01	7.053679732443025874e-02	2.815550044590585041e-02	7.243685649538719740e-02
1.092852291264728365e+03	2.639004049951361730e-01	1.714991771541997390e-01	2.459515597927109665e-01	1.474014397175031077e-01	7.057334740918223825e-02	2.818039098795301761e-02	7.249367994305964957e-02
1.094303622328825213e+03	2.636723658984793661e-01	1.713500836439205977e-01	2.461158841011713005e-01	1.474961727067640449e-01	7.060983226327824380e-02	2.820525690613312833e-02	7.255040447999822062e-02
1.095754953392921607e+03	2.634447406919288026e-01	1.712012168894487263e-01	2.462799274358259127e-01	1.475907344545024924e-01	7.064625208034064352e-02	2.823009812345842265e-02	7.260703032423998504e-02
1.097206284457018228e+03	2.632175285463815850e-01	1.710525766110895796e-01	2.464436902540779184e-01	1.476851252782268309e-01	7.068260705277240596e-02	2.825491456400605617e-02	7.266355769319059188e-02
1.098657615521114849e+03	2.629907286347510920e-01	1.709041625291747302e-01	2.466071730126369044e-01	1.477793454948796159e-01	7.071889737176907664e-02	2.827970615290878800e-02	7.271998680362472267e-02
1.100108946585211470e+03	2.627643401319601502e-01	1.707559743640639782e-01	2.467703761675196505e-01	1.478733954208384660e-01	7.075512322733047699e-02	2.830447281634576942e-02	7.277631787168645228e-02
1.101560277649308091e+03	2.625383622149345397e-01	1.706080118361469611e-01	2.469333001740510736e-01	1.479672753719170064e-01	7.079128480827226455e-02	2.832921448153338448e-02	7.283255111288974848e-02
1.103011608713404712e+03	2.623127940625963883e-01	1.704602746658452905e-01	2.470959454868650040e-01	1.480609856633657573e-01	7.082738230223740994e-02	2.835393107671617743e-02	7.288868674211897158e-02
1.104462939777501106e+03	2.620876348558576763e-01	1.703127625736144679e-01	2.472583125599050746e-01	1.481545266098729663e-01	7.086341589570752109e-02	2.837862253115785646e-02	7.294472497362951280e-02
1.105914270841597499e+03	2.618628837776135199e-01	1.701654752799457160e-01	2.474204018464255250e-01	1.482478985255656356e-01	7.089938577401404263e-02	2.840328877513235289e-02	7.300066602104836322e-02
1.107365601905694348e+03	2.616385400127360650e-01	1.700184125053678108e-01	2.475822137989920346e-01	1.483411017240102436e-01	7.093529212134926099e-02	2.842792973991497760e-02	7.305651009737476609e-02
1.108816932969790741e+03	2.614146027480678258e-01	1.698715739704490801e-01	2.477437488694826384e-01	1.484341365182137440e-01	7.097113512077729558e-02	2.845254535777363286e-02	7.311225741498098007e-02
1.110268264033887590e+03	2.611910711724152456e-01	1.697249593957991243e-01	2.479050075090885041e-01	1.485270032206243984e-01	7.100691495424486799e-02	2.847713556196009715e-02	7.316790818561294540e-02
1.111719595097984211e+03	2.609679444765424239e-01	1.695785685020707589e-01	2.480659901683148483e-01	1.486197021431326926e-01	7.104263180259198784e-02	2.850170028670139660e-02	7.322346262039110265e-02
1.113170926162080832e+03	2.607452218531646215e-01	1.694324010099617916e-01	2.482266972969816576e-01	1.487122335970721687e-01	7.107828584556249996e-02	2.852623946719121464e-02	7.327892092981123928e-02
1.114622257226177226e+03	2.605229024969421547e-01	1.692864566402169091e-01	2.483871293442246331e-01	1.488045978932202584e-01	7.111387726181450653e-02	2.855075303958140923e-02	7.333428332374532232e-02
1.116073588290273847e+03	2.603009856044738446e-01	1.691407351136294257e-01	2.485472867584959944e-01	1.488967953417992540e-01	7.114940622893069222e-02	2.857524094097356818e-02	7.338955001144240042e-02
1.117524919354370468e+03	2.600794703742910219e-01	1.689952361510430601e-01	2.487071699875653408e-01	1.489888262524770302e-01	7.118487292342851047e-02	2.859970310941065824e-02	7.344472120152954753e-02
1.118976250418467089e+03	2.598583560068510323e-01	1.688499594733538223e-01	2.488667794785204279e-01	1.490806909343680708e-01	7.122027752077028651e-02	2.862413948386872270e-02	7.349979710201284822e-02
1.120427581482563710e+03	2.596376417045312968e-01	1.687049048015115960e-01	2.490261156777681117e-01	1.491723896960341633e-01	7.125562019537311220e-02	2.864855000424865183e-02	7.355477792027836914e-02
1.121878912546660331e+03	2.594173266716227055e-01	1.685600718565221368e-01	2.491851790310351256e-01	1.492639228454853140e-01	7.129090112061871320e-02	2.867293461136803667e-02	7.360966386309322762e-02
1.123330243610756725e+03	2.591974101143241782e-01	1.684154603594486266e-01	2.493439699833689405e-01	1.493552906901806365e-01	7.132612046886321888e-02	2.869729324695306089e-02	7.366445513660667410e-02
1.124781574674853118e+03	2.589778912407357248e-01	1.682710700314135333e-01	2.495024889791385703e-01	1.494464935370291014e-01	7.136127841144675188e-02	2.872162585363048290e-02	7.371915194635113300e-02
1.126232905738949967e+03	2.587587692608530054e-01	1.681269005936003313e-01	2.496607364620354597e-01	1.495375316923904518e-01	7.139637511870292053e-02	2.874593237491966657e-02	7.377375449724342393e-02
1.127684236803046360e+03	2.585400433865609471e-01	1.679829517672551120e-01	2.498187128750743169e-01	1.496284054620760917e-01	7.143141075996821410e-02	2.877021275522468821e-02	7.382826299358585809e-02
1.129135567867143209e+03	2.583217128316278033e-01	1.678392232736884149e-01	2.499764186605939742e-01	1.497191151513496965e-01	7.146638550359135644e-02	2.879446693982651642e-02	7.388267763906748720e-02
1.130586898931239830e+03	2.581037768116990483e-01	1.676957148342768100e-01	2.501338542602580817e-01	1.498096610649283511e-01	7.150129951694242370e-02	2.881869487487521975e-02	7.393699863676528317e-02
1.132038229995336451e+03	2.578862345442915482e-01	1.675524261704646189e-01	2.502910201150562730e-01	1.499000435069831327e-01	7.153615296642196197e-02	2.884289650738227836e-02	7.399122618914541483e-02
1.133489561059432845e+03	2.576690852487875660e-01	1.674093570037656631e-01	2.504479166653045263e-01	1.499902627811401101e-01	7.157094601746996632e-02	2.886707178521293743e-02	7.404536049806449693e-02
1.134940892123529466e+03	2.574523281464285995e-01	1.672665070557648181e-01	2.506045443506465520e-01	1.500803191904809819e-01	7.160567883457477634e-02	2.889122065707863674e-02	7.409940176477090856e-02
1.136392223187626087e+03	2.572359624603099415e-01	1.671238760481196794e-01	2.507609036100541533e-01	1.501702130375441313e-01	7.164035158128177760e-02	2.891534307252947855e-02	7.415335018990619476e-02
1.137843554251722708e+03	2.570199874153742403e-01	1.669814637025622550e-01	2.509169948818283369e-01	1.502599446243252923e-01	7.167496442020215852e-02	2.893943898194677178e-02	7.420720597350627390e-02
1.139294885315819101e+03	2.568044022384063374e-01	1.668392697409005199e-01	2.510728186036000897e-01	1.503495142522783268e-01	7.170951751302148680e-02	2.896350833653565590e-02	7.426096931500295040e-02
1.140746216379915950e+03	2.565892061580267725e-01	1.666972938850200536e-01	2.512283752123312675e-01	1.504389222223161959e-01	7.174401102050811940e-02	2.898755108831774924e-02	7.431464041322521918e-02
1.142197547444012343e+03	2.563743984046863988e-01	1.665555358568857336e-01	2.513836651443153158e-01	1.505281688348116820e-01	7.177844510252168186e-02	2.901156719012387697e-02	7.436821946640076453e-02
1.143648878508108737e+03	2.561599782106604994e-01	1.664139953785431503e-01	2.515386888351780481e-01	1.506172543895981653e-01	7.181281991802129783e-02	2.903555659558686164e-02	7.442170667215736168e-02
1.145100209572205586e+03	2.559459448100431245e-01	1.662726721721203560e-01	2.516934467198789216e-01	1.507061791859704847e-01	7.184713562507384632e-02	2.905951925913436221e-02	7.447510222752434794e-02
1.146551540636302207e+03	2.557322974387411518e-01	1.661315659598293637e-01	2.518479392327112598e-01	1.507949435226857426e-01	7.188139238086196925e-02	2.908345513598177556e-02	7.452840632893413531e-02
1.148002871700398828e+03	2.555190353344689025e-01	1.659906764639677013e-01	2.520021668073035293e-01	1.508835476979641377e-01	7.191559034169223152e-02	2.910736418212520049e-02	7.458161917222369541e-02
1.149454202764495449e+03	2.553061577367423673e-01	1.658500034069199935e-01	2.521561298766198944e-01	1.509719920094896861e-01	7.194972966300296202e-02	2.913124635433446061e-02	7.463474095263607222e-02
1.150905533828591842e+03	2.550936638868733231e-01	1.657095465111594612e-01	2.523098288729613836e-01	1.510602767544110825e-01	7.198381049937205289e-02	2.915510161014616894e-02	7.468777186482196406e-02
1.152356864892688463e+03	2.548815530279639474e-01	1.655693054992494473e-01	2.524632642279665551e-01	1.511484022293424767e-01	7.201783300452484216e-02	2.917892990785686536e-02	7.474071210284126410e-02
1.153808195956785084e+03	2.546698244049013793e-01	1.654292800938450547e-01	2.526164363726122186e-01	1.512363687303643067e-01	7.205179733134166320e-02	2.920273120651620952e-02	7.479356186016462849e-02
1.155259527020881706e+03	2.544584772643517789e-01	1.652894700176945064e-01	2.527693457372143238e-01	1.513241765530240479e-01	7.208570363186547758e-02	2.922650546592021545e-02	7.484632132967511398e-02
1.156710858084978327e+03	2.542475108547551099e-01	1.651498749936406718e-01	2.529219927514289035e-01	1.514118259923370458e-01	7.211955205730936902e-02	2.925025264660455898e-02	7.489899070366978773e-02
1.158162189149074720e+03	2.540369244263194770e-01	1.650104947446226766e-01	2.530743778442529068e-01	1.514993173427872375e-01	7.215334275806395414e-02	2.927397270983792682e-02	7.495157017386128162e-02
1.159613520213171569e+03	2.538267172310155750e-01	1.648713289936772353e-01	2.532265014440248652e-01	1.515866508983280125e-01	7.218707588370470996e-02	2.929766561761543847e-02	7.500405993137954086e-02
1.161064851277267962e+03	2.536168885225714154e-01	1.647323774639401772e-01	2.533783639784259467e-01	1.516738269523830174e-01	7.222075158299924580e-02	2.932133133265208205e-02	7.505646016677343380e-02
1.162516182341364356e+03	2.534074375564667192e-01	1.645936398786479182e-01	2.535299658744806783e-01	1.517608457978469050e-01	7.225437000391446429e-02	2.934496981837626459e-02	7.510877107001238950e-02
1.163967513405461204e+03	2.531983635899275331e-01	1.644551159611388758e-01	2.536813075585577226e-01	1.518477077270860842e-01	7.228793129362363901e-02	2.936858103892335536e-02	7.516099283048816027e-02
1.165418844469557826e+03	2.529896658819207333e-01	1.643168054348549678e-01	2.538323894563708771e-01	1.519344130319395803e-01	7.232143559851342274e-02	2.939216495912932298e-02	7.521312563701645915e-02
1.166870175533654447e+03	2.527813436931489743e-01	1.641787080233430007e-01	2.539832119929796850e-01	1.520209620037197285e-01	7.235488306419088356e-02	2.941572154452440357e-02	7.526516967783873635e-02
1.168321506597751068e+03	2.525733962860449711e-01	1.640408234502560569e-01	2.541337755927904341e-01	1.521073549332130626e-01	7.238827383549020777e-02	2.943925076132683505e-02	7.531712514062383068e-02
1.169772837661847461e+03	2.523658229247663920e-01	1.639031514393549105e-01	2.542840806795570452e-01	1.521935921106810086e-01	7.242160805647961108e-02	2.946275257643662243e-02	7.536899221246977365e-02
1.171224168725944082e+03	2.521586228751904746e-01	1.637656917145095259e-01	2.544341276763816828e-01	1.522796738258607729e-01	7.245488587046802764e-02	2.948622695742938657e-02	7.542077107990548257e-02
1.172675499790040703e+03	2.519517954049087516e-01	1.636284439997003626e-01	2.545839170057158651e-01	1.523656003679659254e-01	7.248810742001171592e-02	2.950967387255021973e-02	7.547246192889257854e-02
1.174126830854137097e+03	2.517453397832218331e-01	1.634914080190197350e-01	2.547334490893609638e-01	1.524513720256873706e-01	7.252127284692083675e-02	2.953309329070764183e-02	7.552406494482707955e-02
1.175578161918233945e+03	2.515392552811340776e-01	1.633545834966732002e-01	2.548827243484693139e-01	1.525369890871940137e-01	7.255438229226598978e-02	2.955648518146756359e-02	7.557558031254124620e-02
1.177029492982330339e+03	2.513335411713484291e-01	1.632179701569810293e-01	2.550317432035449916e-01	1.526224518401335939e-01	7.258743589638459726e-02	2.957984951504731216e-02	7.562700821630535808e-02
1.178480824046426733e+03	2.511281967282614214e-01	1.630815677243794004e-01	2.551805060744446463e-01	1.527077605716334607e-01	7.262043379888727390e-02	2.960318626230973652e-02	7.567834883982946237e-02
1.179932155110523581e+03	2.509232212279575713e-01	1.629453759234218146e-01	2.553290133803781115e-01	1.527929155683012408e-01	7.265337613866411359e-02	2.962649539475731286e-02	7.572960236626523345e-02
1.181383486174620202e+03	2.507186139482046605e-01	1.628093944787804281e-01	2.554772655399095704e-01	1.528779171162257533e-01	7.268626305389094822e-02	2.964977688452631946e-02	7.578076897820779090e-02
1.182834817238716823e+03	2.505143741684483505e-01	1.626736231152473844e-01	2.556252629709581670e-01	1.529627655009776765e-01	7.271909468203544002e-02	2.967303070438106344e-02	7.583184885769748973e-02
1.184286148302813444e+03	2.503105011698071314e-01	1.625380615577361187e-01	2.557730060907988379e-01	1.530474610076103525e-01	7.275187115986320174e-02	2.969625682770816663e-02	7.588284218622175226e-02
1.185737479366910065e+03	2.501069942350673259e-01	1.624027095312826352e-01	2.559204953160634788e-01	1.531320039206605921e-01	7.278459262344380565e-02	2.971945522851086180e-02	7.593374914471692771e-02
1.187188810431006686e+03	2.499038526486779821e-01	1.622675667610468664e-01	2.560677310627412218e-01	1.532163945241493130e-01	7.281725920815675102e-02	2.974262588140337560e-02	7.598456991357012413e-02
1.188640141495103080e+03	2.497010756967458500e-01	1.621326329723138671e-01	2.562147137461796564e-01	1.533006331015825674e-01	7.284987104869736219e-02	2.976576876160533236e-02	7.603530467262104020e-02
1.190091472559199701e+03	2.494986626670303020e-01	1.619979078904952297e-01	2.563614437810854962e-01	1.533847199359519853e-01	7.288242827908261723e-02	2.978888384493620992e-02	7.608595360116385264e-02
1.191542803623296322e+03	2.492966128489383648e-01	1.618633912411302223e-01	2.565079215815255775e-01	1.534686553097357464e-01	7.291493103265690723e-02	2.981197110780984746e-02	7.613651687794906198e-02
1.192994134687392716e+03	2.490949255335197787e-01	1.617290827498871209e-01	2.566541475609274148e-01	1.535524395048993018e-01	7.294737944209775393e-02	2.983503052722899160e-02	7.618699468118537987e-02
1.194445465751489564e+03	2.488936000134620297e-01	1.615949821425644306e-01	2.568001221320803107e-01	1.536360728028960954e-01	7.297977363942144413e-02	2.985806208077989091e-02	7.623738718854154717e-02
1.195896796815585958e+03	2.486926355830853808e-01	1.614610891450921348e-01	2.569458457071360225e-01	1.537195554846683965e-01	7.301211375598862241e-02	2.988106574662692874e-02	7.628769457714826285e-02
1.197348127879682352e+03	2.484920315383380429e-01	1.613274034835329718e-01	2.570913186976094833e-01	1.538028878306480218e-01	7.304439992250984226e-02	2.990404150350731843e-02	7.633791702360007148e-02
1.198799458943779200e+03	2.482917871767911511e-01	1.611939248840836003e-01	2.572365415143800793e-01	1.538860701207570569e-01	7.307663226905097842e-02	2.992698933072581585e-02	7.638805470395719499e-02
1.200250790007875821e+03	2.480919017976339624e-01	1.610606530730758490e-01	2.573815145676918714e-01	1.539691026344086056e-01	7.310881092503868084e-02	2.994990920814949442e-02	7.643810779374743403e-02
1.201702121071972442e+03	2.478923747016690271e-01	1.609275877769778818e-01	2.575262382671548167e-01	1.540519856505077334e-01	7.314093601926571764e-02	2.997280111620256871e-02	7.648807646796812465e-02
1.203153452136069063e+03	2.476932051913073307e-01	1.607947287223954747e-01	2.576707130217456010e-01	1.541347194474519955e-01	7.317300767989629029e-02	2.999566503586122840e-02	7.653796090108797023e-02
1.204604783200165684e+03	2.474943925705635484e-01	1.606620756360731261e-01	2.578149392398081940e-01	1.542173043031323521e-01	7.320502603447123779e-02	3.001850094864854171e-02	7.658776126704894271e-02
1.206056114264262078e+03	2.472959361450510485e-01	1.605296282448953060e-01	2.579589173290549042e-01	1.542997404949337792e-01	7.323699120991326861e-02	3.004130883662941773e-02	7.663747773926821161e-02
1.207507445328358699e+03	2.470978352219773966e-01	1.603973862758876212e-01	2.581026476965672667e-01	1.543820282997361570e-01	7.326890333253201215e-02	3.006408868240556184e-02	7.668711049064000362e-02
1.208958776392455093e+03	2.469000891101394146e-01	1.602653494562178982e-01	2.582461307487964319e-01	1.544641679939149914e-01	7.330076252802923686e-02	3.008684046911050750e-02	7.673665969353757332e-02
1.210410107456551941e+03	2.467026971199184904e-01	1.601335175131974042e-01	2.583893668915645536e-01	1.545461598533421355e-01	7.333256892150370743e-02	3.010956418040468957e-02	7.678612551981506273e-02
1.211861438520648335e+03	2.465056585632758590e-01	1.600018901742821242e-01	2.585323565300652326e-01	1.546280041533865668e-01	7.336432263745629179e-02	3.013225980047053512e-02	7.683550814080941649e-02
1.213312769584745183e+03	2.463089727537479678e-01	1.598704671670735933e-01	2.586751000688645719e-01	1.547097011689151091e-01	7.339602379979481839e-02	3.015492731400762350e-02	7.688480772734228308e-02
1.214764100648841804e+03	2.461126390064417302e-01	1.597392482193203400e-01	2.588175979119018977e-01	1.547912511742932651e-01	7.342767253183894727e-02	3.017756670622786033e-02	7.693402444972198551e-02
1.216215431712937971e+03	2.459166566380298902e-01	1.596082330589188025e-01	2.589598504624903708e-01	1.548726544433859098e-01	7.345926895632502729e-02	3.020017796285071054e-02	7.698315847774533927e-02
1.217666762777034819e+03	2.457210249667464153e-01	1.594774214139145496e-01	2.591018581233182072e-01	1.549539112495580406e-01	7.349081319541081458e-02	3.022276107009845558e-02	7.703220998069960912e-02
1.219118093841131440e+03	2.455257433123818056e-01	1.593468130125033910e-01	2.592436212964491782e-01	1.550350218656755263e-01	7.352230537068023264e-02	3.024531601469150621e-02	7.708117912736445199e-02
1.220569424905228061e+03	2.453308109962785977e-01	1.592164075830324599e-01	2.593851403833236091e-01	1.551159865641059121e-01	7.355374560314800747e-02	3.026784278384374999e-02	7.713006608601383207e-02
1.222020755969324682e+03	2.451362273413266457e-01	1.590862048540011564e-01	2.595264157847592124e-01	1.551968056167191135e-01	7.358513401326431669e-02	3.029034136525790913e-02	7.717887102441783886e-02
1.223472087033421303e+03	2.449419916719587365e-01	1.589562045540625357e-01	2.596674479009517533e-01	1.552774792948881655e-01	7.361647072091935529e-02	3.031281174712099208e-02	7.722759410984469941e-02
1.224923418097517697e+03	2.447481033141459261e-01	1.588264064120241126e-01	2.598082371314759387e-01	1.553580078694900002e-01	7.364775584544790143e-02	3.033525391809973118e-02	7.727623550906265182e-02
1.226374749161614318e+03	2.445545615953929330e-01	1.586968101568490830e-01	2.599487838752863600e-01	1.554383916109062513e-01	7.367898950563370186e-02	3.035766786733608280e-02	7.732479538834187427e-02
1.227826080225710712e+03	2.443613658447338632e-01	1.585674155176573230e-01	2.600890885307180489e-01	1.555186307890238373e-01	7.371017181971402377e-02	3.038005358444275522e-02	7.737327391345634464e-02
1.229277411289807560e+03	2.441685153927275198e-01	1.584382222237264715e-01	2.602291514954876983e-01	1.555987256732359325e-01	7.374130290538395693e-02	3.040241105949879549e-02	7.742167124968585279e-02
1.230728742353903954e+03	2.439760095714530452e-01	1.583092300044929568e-01	2.603689731666939955e-01	1.556786765324424948e-01	7.377238287980077136e-02	3.042474028304517283e-02	7.746998756181779078e-02
1.232180073418000802e+03	2.437838477145053973e-01	1.581804385895529963e-01	2.605085539408187878e-01	1.557584836350511537e-01	7.380341185958828876e-02	3.044704124608044182e-02	7.751822301414915128e-02
1.233631404482097196e+03	2.435920291569909635e-01	1.580518477086636786e-01	2.606478942137278043e-01	1.558381472489779318e-01	7.383438996084104589e-02	3.046931394005640559e-02	7.756637777048837334e-02
1.235082735546193817e+03	2.434005532355230927e-01	1.579234570917440184e-01	2.607869943806714330e-01	1.559176676416479668e-01	7.386531729912855504e-02	3.049155835687384491e-02	7.761445199415727136e-02
1.236534066610290438e+03	2.432094192882177097e-01	1.577952664688758722e-01	2.609258548362856089e-01	1.559970450799963160e-01	7.389619398949949514e-02	3.051377448887825430e-02	7.766244584799293638e-02
1.237985397674387059e+03	2.430186266546890128e-01	1.576672755703050488e-01	2.610644759745924803e-01	1.560762798304686227e-01	7.392702014648577791e-02	3.053596232885563699e-02	7.771035949434966505e-02
1.239436728738483680e+03	2.428281746760449777e-01	1.575394841264421697e-01	2.612028581890015189e-01	1.561553721590218657e-01	7.395779588410668348e-02	3.055812187002832775e-02	7.775819309510076383e-02
1.240888059802580301e+03	2.426380626948831110e-01	1.574118918678638346e-01	2.613410018723099082e-01	1.562343223311251361e-01	7.398852131587289882e-02	3.058025310605083993e-02	7.780594681164056114e-02
1.242339390866676695e+03	2.424482900552860365e-01	1.572844985253135375e-01	2.614789074167036542e-01	1.563131306117604979e-01	7.401919655479052840e-02	3.060235603100576462e-02	7.785362080488622549e-02
1.243790721930773088e+03	2.422588561028172771e-01	1.571573038297025549e-01	2.616165752137585843e-01	1.563917972654234878e-01	7.404982171336500774e-02	3.062443063939968013e-02	7.790121523527968050e-02
1.245242052994869937e+03	2.420697601845169245e-01	1.570303075121110559e-01	2.617540056544406246e-01	1.564703225561240862e-01	7.408039690360510021e-02	3.064647692615913091e-02	7.794873026278947847e-02
1.246693384058966330e+03	2.418810016488972814e-01	1.569035093037889073e-01	2.618911991291069663e-01	1.565487067473872729e-01	7.411092223702671344e-02	3.066849488662659953e-02	7.799616604691270161e-02
1.248144715123063179e+03	2.416925798459386709e-01	1.567769089361567836e-01	2.620281560275068977e-01	1.566269501022539423e-01	7.414139782465679895e-02	3.069048451655654111e-02	7.804352274667682166e-02
1.249596046187159800e+03	2.415044941270852175e-01	1.566505061408071109e-01	2.621648767387824708e-01	1.567050528832815703e-01	7.417182377703711305e-02	3.071244581211143854e-02	7.809080052064162891e-02
1.251047377251256421e+03	2.413167438452405444e-01	1.565243006495048161e-01	2.623013616514693891e-01	1.567830153525448800e-01	7.420220020422806095e-02	3.073437876985788894e-02	7.813799952690098083e-02
1.252498708315352815e+03	2.411293283547635558e-01	1.563982921941884652e-01	2.624376111534978961e-01	1.568608377716367575e-01	7.423252721581230507e-02	3.075628338676274567e-02	7.818511992308485592e-02
1.253950039379449436e+03	2.409422470114644110e-01	1.562724805069711231e-01	2.625736256321933304e-01	1.569385204016688629e-01	7.426280492089858132e-02	3.077815966018924987e-02	7.823216186636108849e-02
1.255401370443546057e+03	2.407554991726000571e-01	1.561468653201412704e-01	2.627094054742771800e-01	1.570160635032723795e-01	7.429303342812529354e-02	3.080000758789323140e-02	7.827912551343721437e-02
1.256852701507642678e+03	2.405690841968703975e-01	1.560214463661636908e-01	2.628449510658679156e-01	1.570934673365988188e-01	7.432321284566413555e-02	3.082182716801931677e-02	7.832601102056246933e-02
1.258304032571739299e+03	2.403830014444137964e-01	1.558962233776804152e-01	2.629802627924814895e-01	1.571707321613207142e-01	7.435334328122369940e-02	3.084361839909719946e-02	7.837281854352950994e-02
1.259755363635835920e+03	2.401972502768032203e-01	1.557711960875115542e-01	2.631153410390325575e-01	1.572478582366323430e-01	7.438342484205298644e-02	3.086538128003789988e-02	7.841954823767634253e-02
1.261206694699932314e+03	2.400118300570419916e-01	1.556463642286563531e-01	2.632501861898348672e-01	1.573248458212505863e-01	7.441345763494497390e-02	3.088711581013009119e-02	7.846620025788809960e-02
1.262658025764028707e+03	2.398267401495596807e-01	1.555217275342938299e-01	2.633847986286024234e-01	1.574016951734155401e-01	7.444344176624005660e-02	3.090882198903643560e-02	7.851277475859895494e-02
1.264109356828125556e+03	2.396419799202081924e-01	1.553972857377839412e-01	2.635191787384501549e-01	1.574784065508912922e-01	7.447337734182947477e-02	3.093049981678996224e-02	7.855927189379394160e-02
1.265560687892221949e+03	2.394575487362574640e-01	1.552730385726681095e-01	2.636533269018947467e-01	1.575549802109666719e-01	7.450326446715878348e-02	3.095214929379048324e-02	7.860569181701074215e-02
1.267012018956318798e+03	2.392734459663914959e-01	1.551489857726704724e-01	2.637872435008552507e-01	1.576314164104560267e-01	7.453310324723119717e-02	3.097377042080100285e-02	7.865203468134158993e-02
1.268463350020415419e+03	2.390896709807043830e-01	1.550251270716984098e-01	2.639209289166541961e-01	1.577077154056998609e-01	7.456289378661093425e-02	3.099536319894419939e-02	7.869830063943503151e-02
1.269914681084511813e+03	2.389062231506962619e-01	1.549014622038436262e-01	2.640543835300182551e-01	1.577838774525656962e-01	7.459263618942649221e-02	3.101692762969891423e-02	7.874448984349777247e-02
1.271366012148608434e+03	2.387231018492692591e-01	1.547779909033828172e-01	2.641876077210790208e-01	1.578599028064487653e-01	7.462233055937403381e-02	3.103846371489667536e-02	7.879060244529650925e-02
1.272817343212705055e+03	2.385403064507235493e-01	1.546547129047786129e-01	2.643206018693737835e-01	1.579357917222726504e-01	7.465197699972048184e-02	3.105997145671824528e-02	7.883663859615970548e-02
1.274268674276801676e+03	2.383578363307533865e-01	1.545316279426804940e-01	2.644533663538464197e-01	1.580115444544901993e-01	7.468157561330689143e-02	3.108145085769020710e-02	7.888259844697941003e-02
1.275720005340898297e+03	2.381756908664430794e-01	1.544087357519253467e-01	2.645859015528482794e-01	1.580871612570841633e-01	7.471112650255150311e-02	3.110290192068157489e-02	7.892848214821308883e-02
1.277171336404994690e+03	2.379938694362631335e-01	1.542860360675385178e-01	2.647182078441386865e-01	1.581626423835679196e-01	7.474062976945299031e-02	3.112432464890041786e-02	7.897428984988534573e-02
1.278622667469091539e+03	2.378123714200662264e-01	1.541635286247346470e-01	2.648502856048860488e-01	1.582379880869862476e-01	7.477008551559351235e-02	3.114571904589054363e-02	7.902002170158980987e-02
1.280073998533187932e+03	2.376311961990834332e-01	1.540412131589182221e-01	2.649821352116684126e-01	1.583131986199160790e-01	7.479949384214183705e-02	3.116708511552818486e-02	7.906567785249082880e-02
1.281525329597284326e+03	2.374503431559201461e-01	1.539190894056846337e-01	2.651137570404746291e-01	1.583882742344671912e-01	7.482885484985643543e-02	3.118842286201871372e-02	7.911125845132528644e-02
1.282976660661381175e+03	2.372698116745523278e-01	1.537971571008208138e-01	2.652451514667046317e-01	1.584632151822829849e-01	7.485816863908843766e-02	3.120973228989339793e-02	7.915676364640440721e-02
1.284427991725477568e+03	2.370896011403226256e-01	1.536754159803060960e-01	2.653763188651706573e-01	1.585380217145411774e-01	7.488743530978471397e-02	3.123101340400617418e-02	7.920219358561547685e-02
1.285879322789574417e+03	2.369097109399364576e-01	1.535538657803130758e-01	2.655072596100979676e-01	1.586126940819545805e-01	7.491665496149078896e-02	3.125226620953045625e-02	7.924754841642361880e-02
1.287330653853671038e+03	2.367301404614582105e-01	1.534325062372080828e-01	2.656379740751254603e-01	1.586872325347718493e-01	7.494582769335383921e-02	3.127349071195595354e-02	7.929282828587354282e-02
1.288781984917767431e+03	2.365508890943074372e-01	1.533113370875522907e-01	2.657684626333067235e-01	1.587616373227781208e-01	7.497495360412556598e-02	3.129468691708554157e-02	7.933803334059133516e-02
1.290233315981864052e+03	2.363719562292549425e-01	1.531903580681023835e-01	2.658987256571105351e-01	1.588359086952958743e-01	7.500403279216509567e-02	3.131585483103212220e-02	7.938316372678613786e-02
