1.001418434226643626e+03	2.790823425876910457e-01	1.814001721354189800e-01	2.350234811520040268e-01	1.410909632923087187e-01	6.813954705073334284e-02	2.658420718162061297e-02	6.867928659996595797e-02
1.003837319333471214e+03	2.786544819269741180e-01	1.811284513016622189e-01	2.353282215967760771e-01	1.412690586022342931e-01	6.820759079014268589e-02	2.662812324595050656e-02	6.878407253600274385e-02
1.006256204440298802e+03	2.782279211613710168e-01	1.808574140207670766e-01	2.356320939800716219e-01	1.414466362413365486e-01	6.827540819868349597e-02	2.667198783274872184e-02	6.888853856476415127e-02
1.008675089547126618e+03	2.778026559996626954e-01	1.805870588395698251e-01	2.359351006362016556e-01	1.416236977616872339e-01	6.834300066343937385e-02	2.671580015107405739e-02	6.899268594810775701e-02
1.011093974653954206e+03	2.773786821675033321e-01	1.803173843060856818e-01	2.362372438936875263e-01	1.418002447104576014e-01	6.841036955385182416e-02	2.675955942512241517e-02	6.909651594303416189e-02
1.013512859760782021e+03	2.769559954073254615e-01	1.800483889695247697e-01	2.365385260752731755e-01	1.419762786299367252e-01	6.847751622205607014e-02	2.680326489400824616e-02	6.920002980161805983e-02
1.015931744867609382e+03	2.765345914782463832e-01	1.797800713803079375e-01	2.368389494979367960e-01	1.421518010575495983e-01	6.854444200320927716e-02	2.684691581154896242e-02	6.930322877094349798e-02
1.018350629974437197e+03	2.761144661559752911e-01	1.795124300900822201e-01	2.371385164729030715e-01	1.423268135258751454e-01	6.861114821581136558e-02	2.689051144605227386e-02	6.940611409304309198e-02
1.020769515081264785e+03	2.756956152327214027e-01	1.792454636517362976e-01	2.374372293056549732e-01	1.425013175626640427e-01	6.867763616201826016e-02	2.693405108010643242e-02	6.950868700484108542e-02
1.023188400188092373e+03	2.752780345171030874e-01	1.789791706194156229e-01	2.377350902959455003e-01	1.426753146908564529e-01	6.874390712794826996e-02	2.697753401037331078e-02	6.961094873810025341e-02
1.025607285294920075e+03	2.748617198340577161e-01	1.787135495485375203e-01	2.380321017378097259e-01	1.428488064285996506e-01	6.880996238398137677e-02	2.702095954738431213e-02	6.971290051937224785e-02
1.028026170401747549e+03	2.744466670247522333e-01	1.784485989958058683e-01	2.383282659195764819e-01	1.430217942892655636e-01	6.887580318505177879e-02	2.706432701533903820e-02	6.981454356995155097e-02
1.030445055508575479e+03	2.740328719464951157e-01	1.781843175192258932e-01	2.386235851238802108e-01	1.431942797814680646e-01	6.894143077093385641e-02	2.710763575190672930e-02	6.991587910583262067e-02
1.032863940615402726e+03	2.736203304726486651e-01	1.779207036781185192e-01	2.389180616276725677e-01	1.433662644090802907e-01	6.900684636652169857e-02	2.715088510803038979e-02	7.001690833767040822e-02
1.035282825722230655e+03	2.732090384925421334e-01	1.776577560331346617e-01	2.392116977022342994e-01	1.435377496712516299e-01	6.907205118210232864e-02	2.719407444773358842e-02	7.011763247074383198e-02
1.037701710829058356e+03	2.727989919113860129e-01	1.773954731462694390e-01	2.395044956131868463e-01	1.437087370624249849e-01	6.913704641362286574e-02	2.723720314792990246e-02	7.021805270492238737e-02
1.040120595935886058e+03	2.723901866501868829e-01	1.771338535808759940e-01	2.397964576205039444e-01	1.438792280723535100e-01	6.920183324295163529e-02	2.728027059823495346e-02	7.031817023463550476e-02
1.042539481042713533e+03	2.719826186456630324e-01	1.768728959016792890e-01	2.400875859785233657e-01	1.440492241861174028e-01	6.926641283813363137e-02	2.732327620078101038e-02	7.041798624884468283e-02
1.044958366149541234e+03	2.715762838501608045e-01	1.766125986747897614e-01	2.403778829359584646e-01	1.442187268841407799e-01	6.933078635364009479e-02	2.736621937003413940e-02	7.051750193101841147e-02
1.047377251256368709e+03	2.711711782315718300e-01	1.763529604677166185e-01	2.406673507359097797e-01	1.443877376422080805e-01	6.939495493061272058e-02	2.740909953261383425e-02	7.061671845910955092e-02
1.049796136363196410e+03	2.707672977732512587e-01	1.760939798493812158e-01	2.409559916158765247e-01	1.445562579314806639e-01	6.945891969710242531e-02	2.745191612711512380e-02	7.071563700553520904e-02
1.052215021470024112e+03	2.703646384739360475e-01	1.758356553901301300e-01	2.412438078077682180e-01	1.447242892185131302e-01	6.952268176830285473e-02	2.749466860393311868e-02	7.081425873715903319e-02
1.054633906576851814e+03	2.699631963476644692e-01	1.755779856617479817e-01	2.415308015379160622e-01	1.448918329652696679e-01	6.958624224677877057e-02	2.753735642508994483e-02	7.091258481527566715e-02
1.057052791683679516e+03	2.695629674236962314e-01	1.753209692374703976e-01	2.418169750270845464e-01	1.450588906291402358e-01	6.964960222268945511e-02	2.757997906406406061e-02	7.101061639559760885e-02
1.059471676790506763e+03	2.691639477464333741e-01	1.750646046919964727e-01	2.421023304904829643e-01	1.452254636629566609e-01	6.971276277400716148e-02	2.762253600562190881e-02	7.110835462824398323e-02
1.061890561897334692e+03	2.687661333753417758e-01	1.748088906015012878e-01	2.423868701377766000e-01	1.453915535150085980e-01	6.977572496673098423e-02	2.766502674565186892e-02	7.120580065773145229e-02
1.064309447004162394e+03	2.683695203848731614e-01	1.745538255436480946e-01	2.426705961730983574e-01	1.455571616290595449e-01	6.983848985509583107e-02	2.770745079100049232e-02	7.130295562296709577e-02
1.066728332110990095e+03	2.679741048643880519e-01	1.742994080976006388e-01	2.429535107950601402e-01	1.457222894443625238e-01	6.990105848177713410e-02	2.774980765931100643e-02	7.139982065724306826e-02
1.069147217217817570e+03	2.675798829180793259e-01	1.740456368440349844e-01	2.432356161967641484e-01	1.458869383956759858e-01	6.996343187809098141e-02	2.779209687886398730e-02	7.149639688823314354e-02
1.071566102324645271e+03	2.671868506648962804e-01	1.737925103651515035e-01	2.435169145658143408e-01	1.460511099132792701e-01	7.002561106418994652e-02	2.783431798842025615e-02	7.159268543799095219e-02
1.073984987431472746e+03	2.667950042384695242e-01	1.735400272446864234e-01	2.437974080843277602e-01	1.462148054229882865e-01	7.008759704925481004e-02	2.787647053706593034e-02	7.168868742294984275e-02
1.076403872538300675e+03	2.664043397870363705e-01	1.732881860679233443e-01	2.440770989289457182e-01	1.463780263461709474e-01	7.014939083168213185e-02	2.791855408405959429e-02	7.178440395392444995e-02
1.078822757645127922e+03	2.660148534733668413e-01	1.730369854217047865e-01	2.443559892708453418e-01	1.465407740997625441e-01	7.021099339926777094e-02	2.796056819868159016e-02	7.187983613611365064e-02
1.081241642751955851e+03	2.656265414746905029e-01	1.727864238944433473e-01	2.446340812757506200e-01	1.467030500962811235e-01	7.027240572938657504e-02	2.800251246008534159e-02	7.197498506910506022e-02
1.083660527858783553e+03	2.652393999826234694e-01	1.725365000761327205e-01	2.449113771039438670e-01	1.468648557438425872e-01	7.033362878916826766e-02	2.804438645715078351e-02	7.206985184688091683e-02
1.086079412965611255e+03	2.648534252030964042e-01	1.722872125583587988e-01	2.451878789102768519e-01	1.470261924461759850e-01	7.039466353566954659e-02	2.808618978833975557e-02	7.216443755782528391e-02
1.088498298072438729e+03	2.644686133562830221e-01	1.720385599343104421e-01	2.454635888441822067e-01	1.471870616026383916e-01	7.045551091604258798e-02	2.812792206155341132e-02	7.225874328473257113e-02
1.090917183179266431e+03	2.640849606765290347e-01	1.717905407987900257e-01	2.457385090496843894e-01	1.473474646082301720e-01	7.051617186770008094e-02	2.816958289399160847e-02	7.235277010481727666e-02
1.093336068286093905e+03	2.637024634122818734e-01	1.715431537482241808e-01	2.460126416654111192e-01	1.475074028536096094e-01	7.057664731847668182e-02	2.821117191201419697e-02	7.244651908972486731e-02
1.095754953392921607e+03	2.633211178260207452e-01	1.712963973806740647e-01	2.462859888246045348e-01	1.476668777251079478e-01	7.063693818678722092e-02	2.825268875100426375e-02	7.253999130554385222e-02
1.098173838499749309e+03	2.629409201941871332e-01	1.710502702958456023e-01	2.465585526551322681e-01	1.478258906047440202e-01	7.069704538178148145e-02	2.829413305523323374e-02	7.263318781281888348e-02
1.100592723606577010e+03	2.625618668071165729e-01	1.708047710950997833e-01	2.468303352794987138e-01	1.479844428702389580e-01	7.075696980349592546e-02	2.833550447772784087e-02	7.272610966656485598e-02
1.103011608713404712e+03	2.621839539689699849e-01	1.705598983814624048e-01	2.471013388148561585e-01	1.481425358950309856e-01	7.081671234300213058e-02	2.837680268013895168e-02	7.281875791628208971e-02
1.105430493820231959e+03	2.618071779976662850e-01	1.703156507596341462e-01	2.473715653730158281e-01	1.483001710482896862e-01	7.087627388255228478e-02	2.841802733261218281e-02	7.291113360597230308e-02
1.107849378927059888e+03	2.614315352248150481e-01	1.700720268360002008e-01	2.476410170604591843e-01	1.484573496949307403e-01	7.093565529572158634e-02	2.845917811366032585e-02	7.300323777415562709e-02
1.110268264033887590e+03	2.610570219956501181e-01	1.698290252186398785e-01	2.479096959783489151e-01	1.486140731956300809e-01	7.099485744754784056e-02	2.850025471003750366e-02	7.309507145388834115e-02
1.112687149140715292e+03	2.606836346689632156e-01	1.695866445173361825e-01	2.481776042225400380e-01	1.487703429068384930e-01	7.105388119466814201e-02	2.854125681661509942e-02	7.318663567278149706e-02
1.115106034247542766e+03	2.603113696170385460e-01	1.693448833435849954e-01	2.484447438835910571e-01	1.489261601807957414e-01	7.111272738545268424e-02	2.858218413625939619e-02	7.327793145302029243e-02
1.117524919354370468e+03	2.599402232255874634e-01	1.691037403106044612e-01	2.487111170467749821e-01	1.490815263655447254e-01	7.117139686013605748e-02	2.862303637971090609e-02	7.336895981138413791e-02
1.119943804461197942e+03	2.595701918936841879e-01	1.688632140333438947e-01	2.489767257920903198e-01	1.492364428049457459e-01	7.122989045094571536e-02	2.866381326546536823e-02	7.345972175926748782e-02
1.122362689568025871e+03	2.592012720337014131e-01	1.686233031284929962e-01	2.492415721942722595e-01	1.493909108386904938e-01	7.128820898222788804e-02	2.870451451965640166e-02	7.355021830270128125e-02
1.124781574674853118e+03	2.588334600712465794e-01	1.683840062144905114e-01	2.495056583228036362e-01	1.495449318023161223e-01	7.134635327057110843e-02	2.874513987593978540e-02	7.364045044237496618e-02
1.127200459781681047e+03	2.584667524450989795e-01	1.681453219115330022e-01	2.497689862419259776e-01	1.496985070272191798e-01	7.140432412492700442e-02	2.878568907537933791e-02	7.373041917365925901e-02
1.129619344888508749e+03	2.581011456071467536e-01	1.679072488415835340e-01	2.500315580106504676e-01	1.498516378406694050e-01	7.146212234672889851e-02	2.882616186633439256e-02	7.382012548662929274e-02
1.132038229995336451e+03	2.577366360223248831e-01	1.676697856283800858e-01	2.502933756827689371e-01	1.500043255658236874e-01	7.151974873000793709e-02	2.886655800434881347e-02	7.390957036608841735e-02
1.134457115102163925e+03	2.573732201685530740e-01	1.674329308974439878e-01	2.505544413068649945e-01	1.501565715217397512e-01	7.157720406150697157e-02	2.890687725204157954e-02	7.399875479159245817e-02
1.136876000208991627e+03	2.570108945366745834e-01	1.671966832760881372e-01	2.508147569263249332e-01	1.503083770233898386e-01	7.163448912079212194e-02	2.894711937899887427e-02	7.408767973747439062e-02
1.139294885315819101e+03	2.566496556303953791e-01	1.669610413934251025e-01	2.510743245793485290e-01	1.504597433816744489e-01	7.169160468036218925e-02	2.898728416166766048e-02	7.417634617286958387e-02
1.141713770422646803e+03	2.562894999662235218e-01	1.667260038803753119e-01	2.513331462989601972e-01	1.506106719034358277e-01	7.174855150575594476e-02	2.902737138325078500e-02	7.426475506174130825e-02
1.144132655529474505e+03	2.559304240734093239e-01	1.664915693696748245e-01	2.515912241130198179e-01	1.507611638914714836e-01	7.180533035565722644e-02	2.906738083360346780e-02	7.435290736290676994e-02
1.146551540636302207e+03	2.555724244938852863e-01	1.662577364958831294e-01	2.518485600442338934e-01	1.509112206445477333e-01	7.186194198199807870e-02	2.910731230913130366e-02	7.444080403006346491e-02
1.148970425743129908e+03	2.552154977822075343e-01	1.660245038953909180e-01	2.521051561101660954e-01	1.510608434574131076e-01	7.191838713005982431e-02	2.914716561268965167e-02	7.452844601181582429e-02
1.151389310849957155e+03	2.548596405054964209e-01	1.657918702064276051e-01	2.523610143232484226e-01	1.512100336208115903e-01	7.197466653857219343e-02	2.918694055348440564e-02	7.461583425170223438e-02
1.153808195956785084e+03	2.545048492433786835e-01	1.655598340690689063e-01	2.526161366907921924e-01	1.513587924214960245e-01	7.203078093981055141e-02	2.922663694697420766e-02	7.470296968822232042e-02
1.156227081063612786e+03	2.541511205879291024e-01	1.653283941252440825e-01	2.528705252149985871e-01	1.515071211422413244e-01	7.208673105969125305e-02	2.926625461477394899e-02	7.478985325486456337e-02
1.158645966170440488e+03	2.537984511436131019e-01	1.650975490187432670e-01	2.531241818929698684e-01	1.516550210618576866e-01	7.214251761786510952e-02	2.930579338455968977e-02	7.487648588013413875e-02
1.161064851277267962e+03	2.534468375272295737e-01	1.648672973952246268e-01	2.533771087167200897e-01	1.518024934552036076e-01	7.219814132780917604e-02	2.934525308997484178e-02	7.496286848758092203e-02
1.163483736384095664e+03	2.530962763678541450e-01	1.646376379022213565e-01	2.536293076731859775e-01	1.519495395931991788e-01	7.225360289691669380e-02	2.938463357053771458e-02	7.504900199582779929e-02
1.165902621490923138e+03	2.527467643067827785e-01	1.644085691891486178e-01	2.538807807442376996e-01	1.520961607428388263e-01	7.230890302658533886e-02	2.942393467155032458e-02	7.513488731859921388e-02
1.168321506597751068e+03	2.523982979974757623e-01	1.641800899073105058e-01	2.541315299066899680e-01	1.522423581672045501e-01	7.236404241230384726e-02	2.946315624400846003e-02	7.522052536474975459e-02
1.170740391704578315e+03	2.520508741055020874e-01	1.639521987099066547e-01	2.543815571323124747e-01	1.523881331254786919e-01	7.241902174373693324e-02	2.950229814451307137e-02	7.530591703829300765e-02
1.173159276811406244e+03	2.517044893084842694e-01	1.637248942520389272e-01	2.546308643878409383e-01	1.525334868729568694e-01	7.247384170480869470e-02	2.954136023518281334e-02	7.539106323843050572e-02
1.175578161918233945e+03	2.513591402960433929e-01	1.634981751907179925e-01	2.548794536349878181e-01	1.526784206610606875e-01	7.252850297378436728e-02	2.958034238356787443e-02	7.547596485958087131e-02
1.177997047025061647e+03	2.510148237697445994e-01	1.632720401848697378e-01	2.551273268304533604e-01	1.528229357373506736e-01	7.258300622335059349e-02	2.961924446256498575e-02	7.556062279140901561e-02
1.180415932131889122e+03	2.506715364430432413e-01	1.630464878953415686e-01	2.553744859259360900e-01	1.529670333455388498e-01	7.263735212069423464e-02	2.965806635033363045e-02	7.564503791885544837e-02
1.182834817238716823e+03	2.503292750412305367e-01	1.628215169849086819e-01	2.556209328681436355e-01	1.531107147255014178e-01	7.269154132757967013e-02	2.969680793021341886e-02	7.572921112216569883e-02
1.185253702345544298e+03	2.499880363013807782e-01	1.625971261182802274e-01	2.558666695988034423e-01	1.532539811132914709e-01	7.274557450042461182e-02	2.973546909064262583e-02	7.581314327691981991e-02
1.187672587452371999e+03	2.496478169722977924e-01	1.623733139621054422e-01	2.561116980546738753e-01	1.533968337411514560e-01	7.279945229037466936e-02	2.977404972507786962e-02	7.589683525406187847e-02
1.190091472559199701e+03	2.493086138144624542e-01	1.621500791849794232e-01	2.563560201675545436e-01	1.535392738375256916e-01	7.285317534337641676e-02	2.981254973191491825e-02	7.598028791992958442e-02
1.192510357666027403e+03	2.489704235999801729e-01	1.619274204574491505e-01	2.565996378642970699e-01	1.536813026270729410e-01	7.290674430024916830e-02	2.985096901441060963e-02	7.606350213628390589e-02
1.194929242772855105e+03	2.486332431125289621e-01	1.617053364520191772e-01	2.568425530668161927e-01	1.538229213306787080e-01	7.296015979675542218e-02	2.988930748060586798e-02	7.614647876033872609e-02
1.197348127879682352e+03	2.482970691473077030e-01	1.614838258431573470e-01	2.570847676920999247e-01	1.539641311654676714e-01	7.301342246367011068e-02	2.992756504324978889e-02	7.622921864479047238e-02
1.199767012986510281e+03	2.479618985109846852e-01	1.612628873073004288e-01	2.573262836522207109e-01	1.541049333448160363e-01	7.306653292684844869e-02	2.996574161972481026e-02	7.631172263784788412e-02
1.202185898093337983e+03	2.476277280216467314e-01	1.610425195228594730e-01	2.575671028543459751e-01	1.542453290783637188e-01	7.311949180729265807e-02	3.000383713197292412e-02	7.639399158326154460e-02
1.204604783200165684e+03	2.472945545087482655e-01	1.608227211702253912e-01	2.578072272007486676e-01	1.543853195720266691e-01	7.317229972121751247e-02	3.004185150642293620e-02	7.647602632035362114e-02
1.207023668306993159e+03	2.469623748130610752e-01	1.606034909317741455e-01	2.580466585888179787e-01	1.545249060280090014e-01	7.322495728011456373e-02	3.007978467391873162e-02	7.655782768404746641e-02
1.209442553413820860e+03	2.466311857866242685e-01	1.603848274918720507e-01	2.582853989110702742e-01	1.546640896448152058e-01	7.327746509081542459e-02	3.011763656964857108e-02	7.663939650489715039e-02
1.211861438520648335e+03	2.463009842926943416e-01	1.601667295368809085e-01	2.585234500551593650e-01	1.548028716172621666e-01	7.332982375555374688e-02	3.015540713307536536e-02	7.672073360911710327e-02
1.214280323627476264e+03	2.459717672056958293e-01	1.599491957551630594e-01	2.587608139038873323e-01	1.549412531364911805e-01	7.338203387202615890e-02	3.019309630786794901e-02	7.680183981861152254e-02
1.216699208734303511e+03	2.456435314111722334e-01	1.597322248370863229e-01	2.589974923352149627e-01	1.550792353899800302e-01	7.343409603345218972e-02	3.023070404183331519e-02	7.688271595100384936e-02
1.219118093841131440e+03	2.453162738057370895e-01	1.595158154750290491e-01	2.592334872222728515e-01	1.552168195615550306e-01	7.348601082863304157e-02	3.026823028684979058e-02	7.696336281966612014e-02
1.221536978947959142e+03	2.449899912970254223e-01	1.592999663633846430e-01	2.594688004333714493e-01	1.553540068314027134e-01	7.353777884200932147e-02	3.030567499880119572e-02	7.704378123374824860e-02
1.223955864054786844e+03	2.446646808036456733e-01	1.590846761985665880e-01	2.597034338320117763e-01	1.554907983760818735e-01	7.358940065371794015e-02	3.034303813751188655e-02	7.712397199820728022e-02
1.226374749161614318e+03	2.443403392551316000e-01	1.588699436790128594e-01	2.599373892768962468e-01	1.556271953685353371e-01	7.364087683964774811e-02	3.038031966668274658e-02	7.720393591383649390e-02
1.228793634268442020e+03	2.440169635918947033e-01	1.586557675051905869e-01	2.601706686219391051e-01	1.557631989781017301e-01	7.369220797149438063e-02	3.041751955382806724e-02	7.728367377729439269e-02
1.231212519375269494e+03	2.436945507651768761e-01	1.584421463796005791e-01	2.604032737162769728e-01	1.558988103705273021e-01	7.374339461681414520e-02	3.045463777021333723e-02	7.736318638113375001e-02
1.233631404482097196e+03	2.433730977370033299e-01	1.582290790067815422e-01	2.606352064042794514e-01	1.560340307079775279e-01	7.379443733907692371e-02	3.049167429079387842e-02	7.744247451383029501e-02
1.236050289588924898e+03	2.430526014801359380e-01	1.580165640933146598e-01	2.608664685255595028e-01	1.561688611490487377e-01	7.384533669771817244e-02	3.052862909415440806e-02	7.752153895981159226e-02
1.238469174695752372e+03	2.427330589780265779e-01	1.578046003478275616e-01	2.610970619149841077e-01	1.563033028487798293e-01	7.389609324819003400e-02	3.056550216244938861e-02	7.760038049948551897e-02
1.240888059802580301e+03	2.424144672247710020e-01	1.575931864809986815e-01	2.613269884026847012e-01	1.564373569586638146e-01	7.394670754201158880e-02	3.060229348134427957e-02	7.767899990926883935e-02
1.243306944909407548e+03	2.420968232250629570e-01	1.573823212055613097e-01	2.615562498140679981e-01	1.565710246266592831e-01	7.399718012681828772e-02	3.063900303995759078e-02	7.775739796161548756e-02
1.245725830016235477e+03	2.417801239941484992e-01	1.571720032363075059e-01	2.617848479698259290e-01	1.567043069972019476e-01	7.404751154641039945e-02	3.067563083080376493e-02	7.783557542504487836e-02
1.248144715123063179e+03	2.414643665577805021e-01	1.569622312900921524e-01	2.620127846859465759e-01	1.568372052112160242e-01	7.409770234080083340e-02	3.071217684973687190e-02	7.791353306416996805e-02
1.250563600229890881e+03	2.411495479521736929e-01	1.567530040858367280e-01	2.622400617737244422e-01	1.569697204061257789e-01	7.414775304626199104e-02	3.074864109589511146e-02	7.799127163972523202e-02
1.252982485336718355e+03	2.408356652239597717e-01	1.565443203445331111e-01	2.624666810397709438e-01	1.571018537158666573e-01	7.419766419537193736e-02	3.078502357164608627e-02	7.806879190859450368e-02
1.255401370443546057e+03	2.405227154301427250e-01	1.563361787892473542e-01	2.626926442860249011e-01	1.572336062708968307e-01	7.424743631705973956e-02	3.082132428253286233e-02	7.814609462383863281e-02
1.257820255550373531e+03	2.402106956380547220e-01	1.561285781451231813e-01	2.629179533097628640e-01	1.573649791982083546e-01	7.429706993665008419e-02	3.085754323722079973e-02	7.822318053472300525e-02
1.260239140657201460e+03	2.398996029253118722e-01	1.559215171393856791e-01	2.631426099036097699e-01	1.574959736213384365e-01	7.434656557590711701e-02	3.089368044744513625e-02	7.830005038674500706e-02
1.262658025764028707e+03	2.395894343797704551e-01	1.557149945013448222e-01	2.633666158555490466e-01	1.576265906603806222e-01	7.439592375307757521e-02	3.092973592795932036e-02	7.837670492166116942e-02
1.265076910870856636e+03	2.392801870994834823e-01	1.555090089623986649e-01	2.635899729489332155e-01	1.577568314319960086e-01	7.444514498293322569e-02	3.096570969648406932e-02	7.845314487751427202e-02
1.267495795977684338e+03	2.389718581926572882e-01	1.553035592560370604e-01	2.638126829624943270e-01	1.578866970494242905e-01	7.449422977681252611e-02	3.100160177365717321e-02	7.852937098866032140e-02
1.269914681084511813e+03	2.386644447776085087e-01	1.550986441178445197e-01	2.640347476703540641e-01	1.580161886224948908e-01	7.454317864266173099e-02	3.103741218298398941e-02	7.860538398579521024e-02
1.272333566191339514e+03	2.383579439827213653e-01	1.548942622855037643e-01	2.642561688420344557e-01	1.581453072576380070e-01	7.459199208507517886e-02	3.107314095078866911e-02	7.868118459598139047e-02
1.274752451298167216e+03	2.380523529464050603e-01	1.546904124987987239e-01	2.644769482424680906e-01	1.582740540578955746e-01	7.464067060533506603e-02	3.110878810616606038e-02	7.875677354267426877e-02
1.277171336404994690e+03	2.377476688170515051e-01	1.544870934996176448e-01	2.646970876320082211e-01	1.584024301229322307e-01	7.468921470145044317e-02	3.114435368093430509e-02	7.883215154574847727e-02
1.279590221511822392e+03	2.374438887529932152e-01	1.542843040319560599e-01	2.649165887664394758e-01	1.585304365490463052e-01	7.473762486819567064e-02	3.117983770958812281e-02	7.890731932152396377e-02
1.282009106618650094e+03	2.371410099224615098e-01	1.540820428419197585e-01	2.651354533969880189e-01	1.586580744291806178e-01	7.478590159714822161e-02	3.121524022925274353e-02	7.898227758279195709e-02
1.284427991725477568e+03	2.368390295035449900e-01	1.538803086777276730e-01	2.653536832703317638e-01	1.587853448529334410e-01	7.483404537672581902e-02	3.125056127963851682e-02	7.905702703884065485e-02
1.286846876832305497e+03	2.365379446841480993e-01	1.536791002897147096e-01	2.655712801286106983e-01	1.589122489065691590e-01	7.488205669222311456e-02	3.128580090299616645e-02	7.913156839548085575e-02
1.289265761939132744e+03	2.362377526619501011e-01	1.534784164303344134e-01	2.657882457094374318e-01	1.590387876730291750e-01	7.492993602584768764e-02	3.132095914407267978e-02	7.920590235507132815e-02
1.291684647045960673e+03	2.359384506443641394e-01	1.532782558541617157e-01	2.660045817459070205e-01	1.591649622319425972e-01	7.497768385675541991e-02	3.135603605006782868e-02	7.928002961654408154e-02
1.294103532152788375e+03	2.356400358484966040e-01	1.530786173178955711e-01	2.662202899666075706e-01	1.592907736596368973e-01	7.502530066108542561e-02	3.139103167059131838e-02	7.935395087542936043e-02
1.296522417259616077e+03	2.353425055011067746e-01	1.528794995803614554e-01	2.664353720956303961e-01	1.594162230291485960e-01	7.507278691199434362e-02	3.142594605762056431e-02	7.942766682388061050e-02
1.298941302366443551e+03	2.350458568385664915e-01	1.526809014025138911e-01	2.666498298525801225e-01	1.595413114102340046e-01	7.512014307969012983e-02	3.146077926545905179e-02	7.950117815069908389e-02
1.301360187473271253e+03	2.347500871068203265e-01	1.524828215474388904e-01	2.668636649525849558e-01	1.596660398693796057e-01	7.516736963146532224e-02	3.149553135069530635e-02	7.957448554135840291e-02
1.303779072580098727e+03	2.344551935613457261e-01	1.522852587803562308e-01	2.670768791063070080e-01	1.597904094698126554e-01	7.521446703172976478e-02	3.153020237216246080e-02	7.964758967802890166e-02
1.306197957686926657e+03	2.341611734671135148e-01	1.520882118686219531e-01	2.672894740199524555e-01	1.599144212715118696e-01	7.526143574204278985e-02	3.156479239089837047e-02	7.972049123960175954e-02
1.308616842793753904e+03	2.338680240985485936e-01	1.518916795817304155e-01	2.675014513952816975e-01	1.600380763312176935e-01	7.530827622114495690e-02	3.159930147010635987e-02	7.979319090171300977e-02
1.311035727900581833e+03	2.335757427394909158e-01	1.516956606913165972e-01	2.677128129296193482e-01	1.601613757024428208e-01	7.535498892498926349e-02	3.163372967511648981e-02	7.986568933676732596e-02
1.313454613007409534e+03	2.332843266831564621e-01	1.515001539711581802e-01	2.679235603158646728e-01	1.602843204354825746e-01	7.540157430677191241e-02	3.166807707334737265e-02	7.993798721396160045e-02
1.315873498114237009e+03	2.329937732320987165e-01	1.513051581971775750e-01	2.681336952425016351e-01	1.604069115774253429e-01	7.544803281696253749e-02	3.170234373426861207e-02	8.001008519930841167e-02
1.318292383221064711e+03	2.327040796981700577e-01	1.511106721474441139e-01	2.683432193936088339e-01	1.605291501721628489e-01	7.549436490333402694e-02	3.173652972936367306e-02	8.008198395565928329e-02
1.320711268327892412e+03	2.324152434024837066e-01	1.509166946021758271e-01	2.685521344488699391e-01	1.606510372604003922e-01	7.554057101099188876e-02	3.177063513209339024e-02	8.015368414272772135e-02
1.323130153434719887e+03	2.321272616753755347e-01	1.507232243437413577e-01	2.687604420835835173e-01	1.607725738796672577e-01	7.558665158240306103e-02	3.180466001785996893e-02	8.022518641711214038e-02
1.325549038541547588e+03	2.318401318563663438e-01	1.505302601566619325e-01	2.689681439686732456e-01	1.608937610643268179e-01	7.563260705742445855e-02	3.183860446397145799e-02	8.029649143231852582e-02
1.327967923648375290e+03	2.315538512941240912e-01	1.503378008276129996e-01	2.691752417706981260e-01	1.610145998455867478e-01	7.567843787333095040e-02	3.187246854960680553e-02	8.036759983878295766e-02
1.330386808755202765e+03	2.312684173464266968e-01	1.501458451454260878e-01	2.693817371518623105e-01	1.611350912515092382e-01	7.572414446484293515e-02	3.190625235578141428e-02	8.043851228389402308e-02
1.332805693862030694e+03	2.309838273801245734e-01	1.499543919010903059e-01	2.695876317700251490e-01	1.612552363070209882e-01	7.576972726415361070e-02	3.193995596531312015e-02	8.050922941201490990e-02
1.335224578968857941e+03	2.307000787711037948e-01	1.497634398877542017e-01	2.697929272787114585e-01	1.613750360339234469e-01	7.581518670095563350e-02	3.197357946278878149e-02	8.057975186450534733e-02
1.337643464075685870e+03	2.304171689042491811e-01	1.495729879007270946e-01	2.699976253271213489e-01	1.614944914509028051e-01	7.586052320246758351e-02	3.200712293453124302e-02	8.065008027974351901e-02
1.340062349182513572e+03	2.301350951734076611e-01	1.493830347374807965e-01	2.702017275601401591e-01	1.616136035735398768e-01	7.590573719345986015e-02	3.204058646856686177e-02	8.072021529314758748e-02
1.342481234289341273e+03	2.298538549813519405e-01	1.491935791976508885e-01	2.704052356183487826e-01	1.617323734143202574e-01	7.595082909628037005e-02	3.207397015459344247e-02	8.079015753719717696e-02
1.344900119396168748e+03	2.295734457397441142e-01	1.490046200830381917e-01	2.706081511380332705e-01	1.618508019826442601e-01	7.599579933087964589e-02	3.210727408394867949e-02	8.085990764145460641e-02
1.347319004502996449e+03	2.292938648690997783e-01	1.488161561976102665e-01	2.708104757511952121e-01	1.619688902848367140e-01	7.604064831483577092e-02	3.214049834957907748e-02	8.092946623258596983e-02
1.349737889609823924e+03	2.290151097987521145e-01	1.486281863475025500e-01	2.710122110855611166e-01	1.620866393241569281e-01	7.608537646337876215e-02	3.217364304600922598e-02	8.099883393438210566e-02
1.352156774716651853e+03	2.287371779668161131e-01	1.484407093410196610e-01	2.712133587645929600e-01	1.622040501008084890e-01	7.612998418941474554e-02	3.220670826931164299e-02	8.106801136777919137e-02
1.354575659823479100e+03	2.284600668201533513e-01	1.482537239886365654e-01	2.714139204074976774e-01	1.623211236119491141e-01	7.617447190354968700e-02	3.223969411707700017e-02	8.113699915087943526e-02
1.356994544930307029e+03	2.281837738143364658e-01	1.480672291029998255e-01	2.716138976292373219e-01	1.624378608517003664e-01	7.621884001411280418e-02	3.227260068838475049e-02	8.120579789897131029e-02
1.359413430037134731e+03	2.279082964136141531e-01	1.478812234989285712e-01	2.718132920405388342e-01	1.625542628111574794e-01	7.626308892717965915e-02	3.230542808377426939e-02	8.127440822454988500e-02
1.361832315143962205e+03	2.276336320908762256e-01	1.476957059934156935e-01	2.720121052479039236e-01	1.626703304783990445e-01	7.630721904659489019e-02	3.233817640521632897e-02	8.134283073733672431e-02
1.364251200250789907e+03	2.273597783276188888e-01	1.475106754056288161e-01	2.722103388536191160e-01	1.627860648384966136e-01	7.635123077399458280e-02	3.237084575608506487e-02	8.141106604429980409e-02
1.366670085357617609e+03	2.270867326139101305e-01	1.473261305569111279e-01	2.724079944557652455e-01	1.629014668735244697e-01	7.639512450882837702e-02	3.240343624113027621e-02	8.147911474967320378e-02
1.369088970464445310e+03	2.268144924483554703e-01	1.471420702707824657e-01	2.726050736482277248e-01	1.630165375625690916e-01	7.643890064838125553e-02	3.243594796645022510e-02	8.154697745497654915e-02
1.371507855571272785e+03	2.265430553380635981e-01	1.469584933729400633e-01	2.728015780207061480e-01	1.631312778817388953e-01	7.648255958779495711e-02	3.246838103946474152e-02	8.161465475903438571e-02
1.373926740678100487e+03	2.262724187986124014e-01	1.467753986912594399e-01	2.729975091587239500e-01	1.632456888041736442e-01	7.652610172008915412e-02	3.250073556888880694e-02	8.168214725799530229e-02
1.376345625784927961e+03	2.260025803540152423e-01	1.465927850557951218e-01	2.731928686436386200e-01	1.633597713000540519e-01	7.656952743618228308e-02	3.253301166470642936e-02	8.174945554535095749e-02
1.378764510891755890e+03	2.257335375366871233e-01	1.464106512987813358e-01	2.733876580526510836e-01	1.634735263366111357e-01	7.661283712491206987e-02	3.256520943814500413e-02	8.181658021195491182e-02
1.381183395998583137e+03	2.254652878874112698e-01	1.462289962546327871e-01	2.735818789588156941e-01	1.635869548781358762e-01	7.665603117305584691e-02	3.259732900164999392e-02	8.188352184604121009e-02
1.383602281105411066e+03	2.251978289553057400e-01	1.460478187599452693e-01	2.737755329310498920e-01	1.637000578859884037e-01	7.669910996535049541e-02	3.262937046885997644e-02	8.195028103324297764e-02
1.386021166212238768e+03	2.249311582977903401e-01	1.458671176534961367e-01	2.739686215341439190e-01	1.638128363186075187e-01	7.674207388451208256e-02	3.266133395458209465e-02	8.201685835661066959e-02
1.388440051319066470e+03	2.246652734805535401e-01	1.456868917762449978e-01	2.741611463287707551e-01	1.639252911315200456e-01	7.678492331125537362e-02	3.269321957476784696e-02	8.208325439663023693e-02
1.390858936425893944e+03	2.244001720775197772e-01	1.455071399713341318e-01	2.743531088714954991e-01	1.640374232773501029e-01	7.682765862431290005e-02	3.272502744648923823e-02	8.214946973124116758e-02
1.393277821532721646e+03	2.241358516708167048e-01	1.453278610840889051e-01	2.745445107147854724e-01	1.641492337058283735e-01	7.687028020045387489e-02	3.275675768791527775e-02	8.221550493585425001e-02
1.395696706639549120e+03	2.238723098507428011e-01	1.451490539620183262e-01	2.747353534070193781e-01	1.642607233638014586e-01	7.691278841450278903e-02	3.278841041828883113e-02	8.228136058336929515e-02
1.398115591746377049e+03	2.236095442157348956e-01	1.449707174548153510e-01	2.749256384924974594e-01	1.643718931952410089e-01	7.695518363935774375e-02	3.281998575790383982e-02	8.234703724419265014e-02
1.400534476853204296e+03	2.233475523723360834e-01	1.447928504143570771e-01	2.751153675114508812e-01	1.644827441412529123e-01	7.699746624600864453e-02	3.285148382808280448e-02	8.241253548625453174e-02
1.402953361960032225e+03	2.230863319351638341e-01	1.446154516947052437e-01	2.753045420000514998e-01	1.645932771400865635e-01	7.703963660355490906e-02	3.288290475115469846e-02	8.247785587502623472e-02
1.405372247066859927e+03	2.228258805268779896e-01	1.444385201521063145e-01	2.754931634904213000e-01	1.647034931271439129e-01	7.708169507922318919e-02	3.291424865043313108e-02	8.254299897353713222e-02
1.407791132173687402e+03	2.225661957781491229e-01	1.442620546449918106e-01	2.756812335106422762e-01	1.648133930349885701e-01	7.712364203838469046e-02	3.294551565019487871e-02	8.260796534239164823e-02
1.410210017280515103e+03	2.223072753276271185e-01	1.440860540339783391e-01	2.758687535847657579e-01	1.649229777933548524e-01	7.716547784457232495e-02	3.297670587565871420e-02	8.267275553978589708e-02
1.412628902387342805e+03	2.220491168219096700e-01	1.439105171818678419e-01	2.760557252328220135e-01	1.650322483291569164e-01	7.720720285949755901e-02	3.300781945296456937e-02	8.273737012152429515e-02
1.415047787494170507e+03	2.217917179155112495e-01	1.437354429536476519e-01	2.762421499708301864e-01	1.651412055664976952e-01	7.724881744306712206e-02	3.303885650915299593e-02	8.280180964103597829e-02
1.417466672600997981e+03	2.215350762708318544e-01	1.435608302164904093e-01	2.764280293108072883e-01	1.652498504266778356e-01	7.729032195339945177e-02	3.306981717214493161e-02	8.286607464939109435e-02
1.419885557707825683e+03	2.212791895581262824e-01	1.433866778397542563e-01	2.766133647607780799e-01	1.653581838282047467e-01	7.733171674684084784e-02	3.310070157072175778e-02	8.293016569531688753e-02
1.422304442814653157e+03	2.210240554554732118e-01	1.432129846949826701e-01	2.767981578247845076e-01	1.654662066868014536e-01	7.737300217798154245e-02	3.313150983450569714e-02	8.299408332521372722e-02
1.424723327921481086e+03	2.207696716487448640e-01	1.430397496559044357e-01	2.769824100028951408e-01	1.655739199154155350e-01	7.741417859967146542e-02	3.316224209394046107e-02	8.305782808317088706e-02
1.427142213028308333e+03	2.205160358315763347e-01	1.428669715984335342e-01	2.771661227912148862e-01	1.656813244242278660e-01	7.745524636303580124e-02	3.319289848027220241e-02	8.312140051098224069e-02
1.429561098135136262e+03	2.202631457053354502e-01	1.426946494006689492e-01	2.773492976818939804e-01	1.657884211206615555e-01	7.749620581749035175e-02	3.322347912553075266e-02	8.318480114816180493e-02
1.431979983241963964e+03	2.200109989790924869e-01	1.425227819428945830e-01	2.775319361631379822e-01	1.658952109093907445e-01	7.753705731075676011e-02	3.325398416251114375e-02	8.324803053195911628e-02
1.434398868348791666e+03	2.197595933695903891e-01	1.423513681075789239e-01	2.777140397192169319e-01	1.660016946923492664e-01	7.757780118887737386e-02	3.328441372475540727e-02	8.331108919737451046e-02
1.436817753455619140e+03	2.195089266012147378e-01	1.421804067793748794e-01	2.778956098304748434e-01	1.661078733687394726e-01	7.761843779623006645e-02	3.331476794653463747e-02	8.337397767717419361e-02
1.439236638562446842e+03	2.192589964059640795e-01	1.420098968451193877e-01	2.780766479733389751e-01	1.662137478350409481e-01	7.765896747554282276e-02	3.334504696283134562e-02	8.343669650190521647e-02
1.441655523669274316e+03	2.190098005234204781e-01	1.418398371938331959e-01	2.782571556203294327e-01	1.663193189850191434e-01	7.769939056790808873e-02	3.337525090932206423e-02	8.349924619991035135e-02
1.444074408776102018e+03	2.187613367007200105e-01	1.416702267167203599e-01	2.784371342400684401e-01	1.664245877097340620e-01	7.773970741279692676e-02	3.340537992236020104e-02	8.356162729734274708e-02
1.446493293882929493e+03	2.185136026925235675e-01	1.415010643071679675e-01	2.786165852972896095e-01	1.665295548975487816e-01	7.777991834807308769e-02	3.343543413895918442e-02	8.362384031818044516e-02
1.448912178989757422e+03	2.182665962609876553e-01	1.413323488607456102e-01	2.787955102528476559e-01	1.666342214341381966e-01	7.782002371000679153e-02	3.346541369677585864e-02	8.368588578424085433e-02
1.451331064096585123e+03	2.180203151757355295e-01	1.411640792752049400e-01	2.789739105637271677e-01	1.667385882024975119e-01	7.786002383328836929e-02	3.349531873409406640e-02	8.374776421519504466e-02
1.453749949203412370e+03	2.177747572138282184e-01	1.409962544504791970e-01	2.791517876830523215e-01	1.668426560829506800e-01	7.789991905104173830e-02	3.352514938980860615e-02	8.380947612858183349e-02
1.456168834310240300e+03	2.175299201597359067e-01	1.408288732886826544e-01	2.793291430600960967e-01	1.669464259531590611e-01	7.793970969483768330e-02	3.355490580340930035e-02	8.387102203982187143e-02
1.458587719417068001e+03	2.172858018053093754e-01	1.406619346941099802e-01	2.795059781402894905e-01	1.670498986881298054e-01	7.797939609470697087e-02	3.358458811496540380e-02	8.393240246223150625e-02
1.461006604523895703e+03	2.170423999497515244e-01	1.404954375732357097e-01	2.796822943652308990e-01	1.671530751602242904e-01	7.801897857915335299e-02	3.361419646511017156e-02	8.399361790703654962e-02
1.463425489630723177e+03	2.167997123995890896e-01	1.403293808347135796e-01	2.798580931726952770e-01	1.672559562391666144e-01	7.805845747516627908e-02	3.364373099502573905e-02	8.405466888338591902e-02
1.465844374737550879e+03	2.165577369686446096e-01	1.401637633893758339e-01	2.800333759966432967e-01	1.673585427920519231e-01	7.809783310823356639e-02	3.367319184642818264e-02	8.411555589836507141e-02
1.468263259844378354e+03	2.163164714780082820e-01	1.399985841502325579e-01	2.802081442672308409e-01	1.674608356833547362e-01	7.813710580235382064e-02	3.370257916155279532e-02	8.417627945700949244e-02
1.470682144951206283e+03	2.160759137560100962e-01	1.398338420324709008e-01	2.803823994108178841e-01	1.675628357749373576e-01	7.817627588004877337e-02	3.373189308313964685e-02	8.423684006231789423e-02
1.473101030058033530e+03	2.158360616381920505e-01	1.396695359534543546e-01	2.805561428499778742e-01	1.676645439260581461e-01	7.821534366237545277e-02	3.376113375441931741e-02	8.429723821526532990e-02
1.475519915164861459e+03	2.155969129672807294e-01	1.395056648327218929e-01	2.807293760035068364e-01	1.677659609933797868e-01	7.825430946893813244e-02	3.379030131909886020e-02	8.435747441481625253e-02
1.477938800271689161e+03	2.153584655931595759e-01	1.393422275919871944e-01	2.809021002864326988e-01	1.678670878309775349e-01	7.829317361790016916e-02	3.381939592134799305e-02	8.441754915793735214e-02
1.480357685378516862e+03	2.151207173728416633e-01	1.391792231551378101e-01	2.810743171100240079e-01	1.679679252903474307e-01	7.833193642599575734e-02	3.384841770578547043e-02	8.447746293961036490e-02
1.482776570485344337e+03	2.148836661704424666e-01	1.390166504482341359e-01	2.812460278817995873e-01	1.680684742204145432e-01	7.837059820854140602e-02	3.387736681746570527e-02	8.453721625284467411e-02
