1.001418434226643626e+03	2.789425100986500095e-01	1.815061983648454669e-01	2.350176895980871927e-01	1.410072783073463842e-01	6.820842197713948563e-02	2.660369449684137771e-02	6.871420715683183855e-02
1.003837319333471214e+03	2.785107027705542859e-01	1.812378722908520035e-01	2.353217428910534537e-01	1.411833041927472443e-01	6.827802564003876418e-02	2.664814186207811048e-02	6.882021035241789320e-02
1.006256204440298802e+03	2.780801766925053986e-01	1.809702488426735700e-01	2.356249171354686534e-01	1.413587876861016057e-01	6.834741653897952185e-02	2.669254110511206854e-02	6.892591199890098219e-02
1.008675089547126618e+03	2.776509279646994788e-01	1.807033262163792731e-01	2.359272147420057864e-01	1.415337304278697084e-01	6.841659590742869834e-02	2.673689142495173227e-02	6.903131331640711965e-02
1.011093974653954206e+03	2.772229527004046457e-01	1.804371026124359234e-01	2.362286381152836900e-01	1.417081340569153192e-01	6.848556496114220626e-02	2.678119203616362298e-02	6.913641551739635460e-02
1.013512859760782021e+03	2.767962470258955032e-01	1.801715762356992656e-01	2.365291896538779526e-01	1.418820002104205780e-01	6.855432489855589617e-02	2.682544216863151296e-02	6.924121980666102238e-02
1.015931744867609382e+03	2.763708070803894135e-01	1.799067452954048185e-01	2.368288717503316543e-01	1.420553305238029806e-01	6.862287690116636307e-02	2.686964106731924706e-02	6.934572738132736835e-02
1.018350629974437197e+03	2.759466290159825475e-01	1.796426080051588825e-01	2.371276867911661368e-01	1.422281266306350545e-01	6.869122213390180254e-02	2.691378799203711716e-02	6.944993943086034960e-02
1.020769515081264785e+03	2.755237089975877129e-01	1.793791625829296021e-01	2.374256371568917445e-01	1.424003901625663093e-01	6.875936174548338831e-02	2.695788221721176145e-02	6.955385713707143425e-02
1.023188400188092373e+03	2.751020432028721263e-01	1.791164072510377792e-01	2.377227252220184273e-01	1.425721227492473819e-01	6.882729686877729625e-02	2.700192303165950894e-02	6.965748167412945391e-02
1.025607285294920075e+03	2.746816278221961283e-01	1.788543402361479906e-01	2.380189533550664815e-01	1.427433260182564279e-01	6.889502862113769388e-02	2.704590973836314832e-02	6.976081420857406512e-02
1.028026170401747549e+03	2.742624590585527322e-01	1.785929597692596238e-01	2.383143239185771256e-01	1.429140015950276787e-01	6.896255810474086201e-02	2.708984165425201360e-02	6.986385589933187534e-02
1.030445055508575479e+03	2.738445331275078942e-01	1.783322640856977170e-01	2.386088392691229632e-01	1.430841511027820534e-01	6.902988640691087863e-02	2.713371810998541078e-02	6.996660789773508082e-02
1.032863940615402726e+03	2.734278462571405610e-01	1.780722514251040500e-01	2.389025017573186416e-01	1.432537761624599060e-01	6.909701460043694843e-02	2.717753844973929203e-02	7.006907134754253308e-02
1.035282825722230655e+03	2.730123946879851049e-01	1.778129200314280678e-01	2.391953137278314268e-01	1.434228783926556894e-01	6.916394374388259991e-02	2.722130203099614593e-02	7.017124738496291481e-02
1.037701710829058356e+03	2.725981746729725930e-01	1.775542681529178601e-01	2.394872775193915282e-01	1.435914594095545616e-01	6.923067488188716645e-02	2.726500822433802762e-02	7.027313713868017786e-02
1.040120595935886058e+03	2.721851824773738326e-01	1.772962940421112521e-01	2.397783954648026739e-01	1.437595208268708791e-01	6.929720904545955129e-02	2.730865641324270801e-02	7.037474172988097965e-02
1.042539481042713533e+03	2.717734143787424173e-01	1.770389959558267556e-01	2.400686698909526851e-01	1.439270642557885505e-01	6.936354725226459572e-02	2.735224599388291419e-02	7.047606227228395137e-02
1.044958366149541234e+03	2.713628666668588818e-01	1.767823721551544380e-01	2.403581031188236627e-01	1.440940913049031658e-01	6.942969050690221688e-02	2.739577637492856751e-02	7.057709987217093695e-02
1.047377251256368709e+03	2.709535356436748588e-01	1.765264209054470679e-01	2.406466974635027289e-01	1.442606035801658193e-01	6.949563980117963446e-02	2.743924697735200535e-02	7.067785562841975844e-02
1.049796136363196410e+03	2.705454176232582331e-01	1.762711404763111223e-01	2.409344552341922130e-01	1.444266026848287643e-01	6.956139611437671399e-02	2.748265723423614845e-02	7.077833063253873014e-02
1.052215021470024112e+03	2.701385089317387411e-01	1.760165291415976274e-01	2.412213787342201987e-01	1.445920902193924829e-01	6.962696041350460718e-02	2.752600659058552710e-02	7.087852596870272692e-02
1.054633906576851814e+03	2.697328059072540141e-01	1.757625851793933602e-01	2.415074702610508495e-01	1.447570677815547269e-01	6.969233365355818888e-02	2.756929450314018343e-02	7.097844271379052938e-02
1.057052791683679516e+03	2.693283048998963425e-01	1.755093068720118277e-01	2.417927321062950108e-01	1.449215369661606967e-01	6.975751677776195758e-02	2.761252044019237711e-02	7.107808193742366776e-02
1.059471676790506763e+03	2.689250022716596633e-01	1.752566925059840797e-01	2.420771665557203967e-01	1.450854993651550795e-01	6.982251071781014895e-02	2.765568388140602490e-02	7.117744470200650098e-02
1.061890561897334692e+03	2.685228943963874348e-01	1.750047403720500216e-01	2.423607758892620534e-01	1.452489565675354199e-01	6.988731639410059038e-02	2.769878431763890189e-02	7.127653206276744757e-02
1.064309447004162394e+03	2.681219776597207338e-01	1.747534487651492552e-01	2.426435623810328790e-01	1.454119101593070729e-01	6.995193471596310164e-02	2.774182125076747607e-02	7.137534506780136845e-02
1.066728332110990095e+03	2.677222484590469076e-01	1.745028159844121407e-01	2.429255282993339482e-01	1.455743617234392939e-01	7.001636658188210849e-02	2.778479419351443172e-02	7.147388475811304598e-02
1.069147217217817570e+03	2.673237032034489480e-01	1.742528403331508324e-01	2.432066759066648653e-01	1.457363128398230512e-01	7.008061287971389941e-02	2.782770266927876018e-02	7.157215216766153743e-02
1.071566102324645271e+03	2.669263383136547541e-01	1.740035201188503411e-01	2.434870074597343392e-01	1.458977650852299746e-01	7.014467448689856721e-02	2.787054621196842497e-02	7.167014832340547204e-02
1.073984987431472746e+03	2.665301502219877272e-01	1.737548536531595689e-01	2.437665252094704249e-01	1.460587200332726099e-01	7.020855227066677418e-02	2.791332436583555607e-02	7.176787424534926407e-02
1.076403872538300675e+03	2.661351353723167557e-01	1.735068392518823999e-01	2.440452314010310986e-01	1.462191792543659774e-01	7.027224708824154897e-02	2.795603668531412150e-02	7.186533094659001975e-02
1.078822757645127922e+03	2.657412902200077531e-01	1.732594752349686240e-01	2.443231282738146659e-01	1.463791443156904626e-01	7.033575978703515696e-02	2.799868273486004824e-02	7.196251943336520740e-02
1.081241642751955851e+03	2.653486112318747536e-01	1.730127599265051941e-01	2.446002180614701149e-01	1.465386167811557894e-01	7.039909120484126592e-02	2.804126208879377177e-02	7.205944070510102162e-02
1.083660527858783553e+03	2.649570948861318942e-01	1.727666916547071774e-01	2.448765029919077185e-01	1.466975982113662147e-01	7.046224217002250434e-02	2.808377433114514141e-02	7.215609575446128854e-02
1.086079412965611255e+03	2.645667376723457309e-01	1.725212687519087074e-01	2.451519852873093874e-01	1.468560901635868887e-01	7.052521350169349557e-02	2.812621905550067442e-02	7.225248556739703731e-02
1.088498298072438729e+03	2.641775360913879434e-01	1.722764895545544628e-01	2.454266671641391895e-01	1.470140941917112420e-01	7.058800600989950658e-02	2.816859586485313122e-02	7.234861112319647403e-02
1.090917183179266431e+03	2.637894866553884277e-01	1.720323524031902584e-01	2.457005508331538135e-01	1.471716118462297607e-01	7.065062049579091952e-02	2.821090437145333529e-02	7.244447339453551071e-02
1.093336068286093905e+03	2.634025858876886117e-01	1.717888556424545243e-01	2.459736384994130887e-01	1.473286446741992883e-01	7.071305775179351216e-02	2.825314419666426213e-02	7.254007334752868297e-02
1.095754953392921607e+03	2.630168303227957693e-01	1.715459976210692294e-01	2.462459323622905871e-01	1.474851942192139664e-01	7.077531856177469993e-02	2.829531497081729657e-02	7.263541194178038674e-02
1.098173838499749309e+03	2.626322165063369463e-01	1.713037766918310834e-01	2.465174346154840324e-01	1.476412620213767568e-01	7.083740370120589214e-02	2.833741633307069671e-02	7.273049013043654532e-02
1.100592723606577010e+03	2.622487409950137738e-01	1.710621912116025156e-01	2.467881474470258185e-01	1.477968496172721025e-01	7.089931393732103182e-02	2.837944793127018112e-02	7.282530886023651229e-02
1.103011608713404712e+03	2.618664003565573939e-01	1.708212395413030438e-01	2.470580730392936686e-01	1.479519585399395876e-01	7.096105002927137473e-02	2.842140942181161159e-02	7.291986907156522424e-02
1.105430493820231959e+03	2.614851911696840503e-01	1.705809200459001140e-01	2.473272135690212370e-01	1.481065903188485133e-01	7.102261272827671557e-02	2.846330046950576800e-02	7.301417169850563105e-02
1.107849378927059888e+03	2.611051100240505130e-01	1.703412310944003860e-01	2.475955712073085180e-01	1.482607464798731678e-01	7.108400277777303378e-02	2.850512074744517010e-02	7.310821766889120943e-02
1.110268264033887590e+03	2.607261535202105018e-01	1.701021710598410175e-01	2.478631481196326147e-01	1.484144285452694556e-01	7.114522091355678091e-02	2.854686993687290120e-02	7.320200790435869853e-02
1.112687149140715292e+03	2.603483182695709441e-01	1.698637383192806438e-01	2.481299464658583143e-01	1.485676380336518887e-01	7.120626786392574015e-02	2.858854772705342329e-02	7.329554332040097431e-02
1.115106034247542766e+03	2.599716008943487866e-01	1.696259312537905795e-01	2.483959684002486901e-01	1.487203764599718536e-01	7.126714434981674950e-02	2.863015381514532817e-02	7.338882482641992389e-02
1.117524919354370468e+03	2.595959980275280854e-01	1.693887482484460194e-01	2.486612160714757880e-01	1.488726453354962953e-01	7.132785108494014981e-02	2.867168790607605225e-02	7.348185332577945872e-02
1.119943804461197942e+03	2.592215063128175956e-01	1.691521876923172685e-01	2.489256916226312566e-01	1.490244461677875110e-01	7.138838877591122123e-02	2.871314971241842665e-02	7.357462971585849998e-02
1.122362689568025871e+03	2.588481224046083606e-01	1.689162479784608595e-01	2.491893971912371442e-01	1.491757804606836935e-01	7.144875812237862223e-02	2.875453895426918066e-02	7.366715488810397783e-02
1.124781574674853118e+03	2.584758429679317460e-01	1.686809275039107547e-01	2.494523349092563902e-01	1.493266497142800298e-01	7.150895981714984473e-02	2.879585535912918687e-02	7.375942972808388620e-02
1.127200459781681047e+03	2.581046646784179721e-01	1.684462246696697141e-01	2.497145069031037612e-01	1.494770554249107986e-01	7.156899454631383828e-02	2.883709866178559011e-02	7.385145511554012943e-02
1.129619344888508749e+03	2.577345842222548700e-01	1.682121378807002743e-01	2.499759152936564255e-01	1.496269990851321063e-01	7.162886298936094187e-02	2.887826860419569902e-02	7.394323192444147985e-02
1.132038229995336451e+03	2.573655982961465805e-01	1.679786655459162004e-01	2.502365621962648889e-01	1.497764821837051508e-01	7.168856581930005412e-02	2.891936493537261219e-02	7.403476102303629958e-02
1.134457115102163925e+03	2.569977036072731424e-01	1.677458060781736315e-01	2.504964497207635143e-01	1.499255062055805665e-01	7.174810370277306948e-02	2.896038741127261729e-02	7.412604327390524828e-02
1.136876000208991627e+03	2.566308968732500251e-01	1.675135578942622827e-01	2.507555799714815126e-01	1.500740726318829932e-01	7.180747730016698305e-02	2.900133579468426245e-02	7.421707953401376900e-02
1.139294885315819101e+03	2.562651748220877712e-01	1.672819194148968402e-01	2.510139550472536007e-01	1.502221829398967534e-01	7.186668726572326138e-02	2.904220985511913114e-02	7.430787065476450459e-02
1.141713770422646803e+03	2.559005341921523069e-01	1.670508890647081357e-01	2.512715770414309935e-01	1.503698386030516976e-01	7.192573424764493739e-02	2.908300936870424416e-02	7.439841748204951977e-02
1.144132655529474505e+03	2.555369717321255285e-01	1.668204652722344861e-01	2.515284480418921165e-01	1.505170410909101586e-01	7.198461888820124888e-02	2.912373411807612014e-02	7.448872085630227347e-02
1.146551540636302207e+03	2.551744842009655567e-01	1.665906464699129508e-01	2.517845701310533202e-01	1.506637918691541567e-01	7.204334182383000107e-02	2.916438389227642147e-02	7.457878161254949401e-02
1.148970425743129908e+03	2.548130683678682673e-01	1.663614310940706720e-01	2.520399453858802041e-01	1.508100923995732701e-01	7.210190368523761162e-02	2.920495848664918931e-02	7.466860058046276283e-02
1.151389310849957155e+03	2.544527210122279892e-01	1.661328175849161037e-01	2.522945758778978864e-01	1.509559441400533109e-01	7.216030509749711552e-02	2.924545770273964326e-02	7.475817858440993169e-02
1.153808195956785084e+03	2.540934389235993129e-01	1.659048043865304911e-01	2.525484636732024946e-01	1.511013485445651672e-01	7.221854668014382472e-02	2.928588134819448685e-02	7.484751644350613742e-02
1.156227081063612786e+03	2.537352189016588988e-01	1.656773899468590161e-01	2.528016108324717126e-01	1.512463070631546724e-01	7.227662904726904480e-02	2.932622923666377418e-02	7.493661497166480279e-02
1.158645966170440488e+03	2.533780577561671743e-01	1.654505727177024155e-01	2.530540194109757168e-01	1.513908211419326133e-01	7.233455280761168227e-02	2.936650118770420259e-02	7.502547497764815165e-02
1.161064851277267962e+03	2.530219523069308640e-01	1.652243511547079602e-01	2.533056914585882780e-01	1.515348922230654594e-01	7.239231856464790893e-02	2.940669702668392144e-02	7.511409726511752982e-02
1.163483736384095664e+03	2.526668993837653532e-01	1.649987237173612398e-01	2.535566290197976969e-01	1.516785217447665646e-01	7.244992691667885565e-02	2.944681658468876681e-02	7.520248263268343447e-02
1.165902621490923138e+03	2.523128958264573840e-01	1.647736888689771972e-01	2.538068341337177403e-01	1.518217111412878684e-01	7.250737845691650196e-02	2.948685969842990487e-02	7.529063187395527990e-02
1.168321506597751068e+03	2.519599384847281964e-01	1.645492450766918024e-01	2.540563088340986875e-01	1.519644618429120964e-01	7.256467377356755344e-02	2.952682621015289416e-02	7.537854577759074692e-02
1.170740391704578315e+03	2.516080242181965576e-01	1.643253908114531980e-01	2.543050551493380440e-01	1.521067752759454605e-01	7.262181344991572307e-02	2.956671596754813572e-02	7.546622512734484090e-02
1.173159276811406244e+03	2.512571498963423466e-01	1.641021245480133450e-01	2.545530751024920879e-01	1.522486528627106650e-01	7.267879806440213919e-02	2.960652882366264158e-02	7.555367070211871372e-02
1.175578161918233945e+03	2.509073123984701392e-01	1.638794447649192798e-01	2.548003707112865834e-01	1.523900960215406331e-01	7.273562819070406027e-02	2.964626463681319449e-02	7.564088327600806960e-02
1.177997047025061647e+03	2.505585086136731254e-01	1.636573499445047042e-01	2.550469439881277167e-01	1.525311061667724566e-01	7.279230439781199380e-02	2.968592327050078444e-02	7.572786361835116831e-02
1.180415932131889122e+03	2.502107354407973050e-01	1.634358385728813257e-01	2.552927969401133090e-01	1.526716847087419560e-01	7.284882725010508042e-02	2.972550459332636702e-02	7.581461249377662026e-02
1.182834817238716823e+03	2.498639897884057104e-01	1.632149091399302809e-01	2.555379315690441411e-01	1.528118330537783787e-01	7.290519730742496540e-02	2.976500847890787768e-02	7.590113066225068206e-02
1.185253702345544298e+03	2.495182685747429352e-01	1.629945601392937260e-01	2.557823498714345001e-01	1.529515526041999307e-01	7.296141512514814353e-02	2.980443480579853671e-02	7.598741887912434378e-02
1.187672587452371999e+03	2.491735687277000788e-01	1.627747900683663429e-01	2.560260538385236151e-01	1.530908447583091692e-01	7.301748125425672198e-02	2.984378345740637539e-02	7.607347789517981962e-02
1.190091472559199701e+03	2.488298871847795246e-01	1.625555974282866800e-01	2.562690454562869258e-01	1.532297109103893384e-01	7.307339624140775369e-02	2.988305432191497996e-02	7.615930845667692739e-02
1.192510357666027403e+03	2.484872208930603010e-01	1.623369807239288254e-01	2.565113267054467405e-01	1.533681524507007343e-01	7.312916062900115532e-02	2.992224729220544985e-02	7.624491130539888528e-02
1.194929242772855105e+03	2.481455668091633593e-01	1.621189384638938857e-01	2.567528995614837273e-01	1.535061707654775676e-01	7.318477495524616794e-02	2.996136226577954600e-02	7.633028717869783097e-02
1.197348127879682352e+03	2.478049218992171288e-01	1.619014691605014655e-01	2.569937659946479602e-01	1.536437672369250773e-01	7.324023975422651322e-02	3.000039914468398405e-02	7.641543680953993833e-02
1.199767012986510281e+03	2.474652831388234608e-01	1.616845713297812570e-01	2.572339279699700221e-01	1.537809432432172274e-01	7.329555555596410643e-02	3.003935783543590712e-02	7.650036092655010389e-02
1.202185898093337983e+03	2.471266475130235174e-01	1.614682434914645748e-01	2.574733874472723283e-01	1.539177001584944304e-01	7.335072288648157579e-02	3.007823824894946194e-02	7.658506025405624473e-02
1.204604783200165684e+03	2.467890120162638534e-01	1.612524841689760291e-01	2.577121463811800073e-01	1.540540393528619934e-01	7.340574226786354683e-02	3.011704030046351288e-02	7.666953551213327722e-02
1.207023668306993159e+03	2.464523736523629716e-01	1.610372918894249772e-01	2.579502067211322802e-01	1.541899621923884245e-01	7.346061421831645566e-02	3.015576390947044896e-02	7.675378741664663773e-02
1.209442553413820860e+03	2.461167294344778489e-01	1.608226651835971688e-01	2.581875704113937853e-01	1.543254700391045453e-01	7.351533925222739074e-02	3.019440899964606975e-02	7.683781667929534542e-02
1.211861438520648335e+03	2.457820763850705748e-01	1.606086025859464472e-01	2.584242393910655688e-01	1.544605642510025190e-01	7.356991788022164414e-02	3.023297549878053297e-02	7.692162400765481522e-02
1.214280323627476264e+03	2.454484115358754048e-01	1.603951026345862840e-01	2.586602155940962988e-01	1.545952461820354895e-01	7.362435060921912466e-02	3.027146333871034989e-02	7.700521010521910181e-02
1.216699208734303511e+03	2.451157319278658153e-01	1.601821638712813967e-01	2.588955009492935333e-01	1.547295171821173043e-01	7.367863794248959153e-02	3.030987245525144924e-02	7.708857567144289380e-02
1.219118093841131440e+03	2.447840346112218624e-01	1.599697848414394219e-01	2.591300973803351004e-01	1.548633785971226251e-01	7.373278037970688870e-02	3.034820278813320574e-02	7.717172140178293893e-02
1.221536978947959142e+03	2.444533166452975692e-01	1.597579640941026169e-01	2.593640068057799231e-01	1.549968317688871777e-01	7.378677841700197193e-02	3.038645428093350934e-02	7.725464798773919173e-02
1.223955864054786844e+03	2.441235750985886188e-01	1.595467001819395880e-01	2.595972311390796761e-01	1.551298780352086681e-01	7.384063254701500600e-02	3.042462688101480947e-02	7.733735611689554479e-02
1.226374749161614318e+03	2.437948070487002405e-01	1.593359916612368254e-01	2.598297722885899441e-01	1.552625187298473930e-01	7.389434325894631006e-02	3.046272053946113764e-02	7.741984647296003275e-02
1.228793634268442020e+03	2.434670095823150970e-01	1.591258370918904874e-01	2.600616321575811574e-01	1.553947551825277107e-01	7.394791103860647030e-02	3.050073521101608759e-02	7.750211973580478642e-02
1.231212519375269494e+03	2.431401797951615873e-01	1.589162350373981847e-01	2.602928126442504153e-01	1.555265887189392349e-01	7.400133636846523144e-02	3.053867085402171833e-02	7.758417658150550122e-02
1.233631404482097196e+03	2.428143147919820388e-01	1.587071840648505705e-01	2.605233156417320894e-01	1.556580206607386108e-01	7.405461972769965262e-02	3.057652743035842169e-02	7.766601768238047543e-02
1.236050289588924898e+03	2.424894116865013438e-01	1.584986827449231805e-01	2.607531430381095916e-01	1.557890523255514859e-01	7.410776159224122250e-02	3.061430490538569887e-02	7.774764370702930139e-02
1.238469174695752372e+03	2.421654676013955676e-01	1.582907296518681894e-01	2.609822967164264207e-01	1.559196850269747026e-01	7.416076243482204455e-02	3.065200324788380087e-02	7.782905532037111274e-02
1.240888059802580301e+03	2.418424796682607236e-01	1.580833233635061397e-01	2.612107785546975980e-01	1.560499200745785187e-01	7.421362272502013413e-02	3.068962242999630566e-02	7.791025318368240138e-02
1.243306944909407548e+03	2.415204450275818537e-01	1.578764624612177814e-01	2.614385904259207694e-01	1.561797587739094106e-01	7.426634292930393844e-02	3.072716242717354537e-02	7.799123795463455688e-02
1.245725830016235477e+03	2.411993608287021362e-01	1.576701455299357180e-01	2.616657341980875295e-01	1.563092024264929047e-01	7.431892351107582950e-02	3.076462321811690437e-02	7.807201028733085080e-02
1.248144715123063179e+03	2.408792242297922159e-01	1.574643711581364680e-01	2.618922117341948019e-01	1.564382523298365468e-01	7.437136493071490329e-02	3.080200478472393949e-02	7.815257083234306013e-02
1.250563600229890881e+03	2.405600323978196176e-01	1.572591379378320831e-01	2.621180248922560518e-01	1.565669097774331775e-01	7.442366764561891834e-02	3.083930711203439201e-02	7.823292023674775775e-02
1.252982485336718355e+03	2.402417825085184644e-01	1.570544444645620152e-01	2.623431755253124997e-01	1.566951760587645126e-01	7.447583211024537408e-02	3.087653018817696285e-02	7.831305914416214486e-02
1.255401370443546057e+03	2.399244717463591414e-01	1.568502893373850959e-01	2.625676654814446120e-01	1.568230524593047792e-01	7.452785877615190901e-02	3.091367400431693085e-02	7.839298819477950875e-02
1.257820255550373531e+03	2.396080973045182638e-01	1.566466711588712646e-01	2.627914966037832589e-01	1.569505402605244904e-01	7.457974809203586630e-02	3.095073855460456561e-02	7.847270802540427803e-02
1.260239140657201460e+03	2.392926563848487009e-01	1.564435885350934918e-01	2.630146707305210940e-01	1.570776407398945806e-01	7.463150050377315159e-02	3.098772383612432429e-02	7.855221926948668942e-02
1.262658025764028707e+03	2.389781461978498778e-01	1.562410400756196471e-01	2.632371896949236567e-01	1.572043551708906528e-01	7.468311645445632752e-02	3.102462984884482577e-02	7.863152255715705197e-02
1.265076910870856636e+03	2.386645639626381044e-01	1.560390243935045052e-01	2.634590553253408629e-01	1.573306848229973354e-01	7.473459638443197273e-02	3.106145659556957053e-02	7.871061851525962272e-02
1.267495795977684338e+03	2.383519069069170437e-01	1.558375401052815579e-01	2.636802694452183293e-01	1.574566309617130011e-01	7.478594073133745801e-02	3.109820408188845170e-02	7.878950776738613548e-02
1.269914681084511813e+03	2.380401722669484021e-01	1.556365858309549932e-01	2.639008338731085312e-01	1.575821948485544022e-01	7.483714993013687589e-02	3.113487231612995301e-02	7.886819093390891322e-02
1.272333566191339514e+03	2.377293572875226468e-01	1.554361601939915627e-01	2.641207504226820157e-01	1.577073777410616939e-01	7.488822441315642897e-02	3.117146130931412393e-02	7.894666863201355023e-02
1.274752451298167216e+03	2.374194592219300570e-01	1.552362618213127543e-01	2.643400209027390590e-01	1.578321808928034864e-01	7.493916461011912444e-02	3.120797107510624169e-02	7.902494147573134453e-02
1.277171336404994690e+03	2.371104753319317193e-01	1.550368893432864936e-01	2.645586471172205467e-01	1.579566055533820623e-01	7.498997094817878850e-02	3.124440162977119850e-02	7.910301007597120293e-02
1.279590221511822392e+03	2.368024028877308285e-01	1.548380413937193167e-01	2.647766308652196310e-01	1.580806529684388728e-01	7.504064385195349796e-02	3.128075299212856875e-02	7.918087504055131010e-02
1.282009106618650094e+03	2.364952391679438215e-01	1.546397166098483766e-01	2.649939739409926109e-01	1.582043243796600607e-01	7.509118374355842895e-02	3.131702518350838044e-02	7.925853697423029809e-02
1.284427991725477568e+03	2.361889814595720949e-01	1.544419136323333663e-01	2.652106781339706454e-01	1.583276210247821780e-01	7.514159104263801181e-02	3.135321822770754940e-02	7.933599647873815219e-02
1.286846876832305497e+03	2.358836270579734995e-01	1.542446311052485808e-01	2.654267452287706885e-01	1.584505441375979595e-01	7.519186616639760012e-02	3.138933215094696916e-02	7.941325415280665878e-02
1.289265761939132744e+03	2.355791732668340854e-01	1.540478676760750343e-01	2.656421770052070919e-01	1.585730949479623730e-01	7.524200952963450151e-02	3.142536698182929467e-02	7.949031059219961726e-02
1.291684647045960673e+03	2.352756173981400134e-01	1.538516219956923836e-01	2.658569752383025953e-01	1.586952746817987536e-01	7.529202154476843933e-02	3.146132275129732286e-02	7.956716638974253852e-02
1.294103532152788375e+03	2.349729567721495216e-01	1.536558927183711565e-01	2.660711416982997068e-01	1.588170845611049653e-01	7.534190262187154263e-02	3.149719949259304624e-02	7.964382213535212141e-02
1.296522417259616077e+03	2.346711887173651423e-01	1.534606785017647024e-01	2.662846781506719718e-01	1.589385258039598958e-01	7.539165316869773925e-02	3.153299724121730319e-02	7.972027841606524334e-02
1.298941302366443551e+03	2.343703105705058909e-01	1.532659780069015043e-01	2.664975863561352964e-01	1.590595996245298960e-01	7.544127359071158001e-02	3.156871603489008055e-02	7.979653581606774293e-02
1.301360187473271253e+03	2.340703196764796767e-01	1.530717898981769354e-01	2.667098680706592173e-01	1.591803072330753577e-01	7.549076429111664654e-02	3.160435591351137830e-02	7.987259491672274447e-02
1.303779072580098727e+03	2.337712133883557974e-01	1.528781128433457370e-01	2.669215250454780586e-01	1.593006498359576251e-01	7.554012567088336239e-02	3.163991691912271254e-02	7.994845629659869113e-02
1.306197957686926657e+03	2.334729890673376274e-01	1.526849455135141087e-01	2.671325590271020900e-01	1.594206286356456004e-01	7.558935812877641547e-02	3.167539909586918750e-02	8.002412053149697557e-02
1.308616842793753904e+03	2.331756440827353893e-01	1.524922865831316587e-01	2.673429717573290176e-01	1.595402448307229326e-01	7.563846206138154227e-02	3.171080248996216433e-02	8.009958819447933476e-02
1.311035727900581833e+03	2.328791758119389266e-01	1.523001347299837160e-01	2.675527649732551971e-01	1.596594996158950119e-01	7.568743786313199273e-02	3.174612714964245713e-02	8.017485985589478670e-02
1.313454613007409534e+03	2.325835816403907796e-01	1.521084886351836141e-01	2.677619404072866249e-01	1.597783941819961029e-01	7.573628592633444012e-02	3.178137312514414670e-02	8.024993608340635909e-02
1.315873498114237009e+03	2.322888589615594024e-01	1.519173469831647250e-01	2.679704997871504846e-01	1.598969297159967273e-01	7.578500664119448837e-02	3.181654046865892843e-02	8.032481744201738771e-02
1.318292383221064711e+03	2.319950051769122668e-01	1.517267084616727435e-01	2.681784448359059714e-01	1.600151074010109364e-01	7.583360039584166601e-02	3.185162923430098075e-02	8.039950449409753730e-02
1.320711268327892412e+03	2.317020176958892730e-01	1.515365717617579711e-01	2.683857772719560608e-01	1.601329284163038880e-01	7.588206757635404531e-02	3.188663947807242327e-02	8.047399779940844766e-02
1.323130153434719887e+03	2.314098939358762708e-01	1.513469355777675163e-01	2.685924988090580001e-01	1.602503939372994513e-01	7.593040856678244521e-02	3.192157125782924681e-02	8.054829791512918558e-02
1.325549038541547588e+03	2.311186313221785527e-01	1.511577986073374957e-01	2.687986111563351876e-01	1.603675051355877568e-01	7.597862374917407902e-02	3.195642463324780552e-02	8.062240539588119703e-02
1.327967923648375290e+03	2.308282272879947639e-01	1.509691595513853735e-01	2.690041160182879976e-01	1.604842631789329954e-01	7.602671350359604951e-02	3.199119966579180158e-02	8.069632079375310685e-02
1.330386808755202765e+03	2.305386792743904789e-01	1.507810171141023003e-01	2.692090150948049931e-01	1.606006692312812734e-01	7.607467820815816406e-02	3.202589641867980425e-02	8.077004465832508806e-02
1.332805693862030694e+03	2.302499847302722780e-01	1.505933700029453426e-01	2.694133100811741399e-01	1.607167244527685779e-01	7.612251823903551373e-02	3.206051495685321995e-02	8.084357753669305091e-02
1.335224578968857941e+03	2.299621411123617121e-01	1.504062169286297379e-01	2.696170026680940190e-01	1.608324299997287710e-01	7.617023397049069167e-02	3.209505534694479661e-02	8.091691997349237386e-02
1.337643464075685870e+03	2.296751458851696848e-01	1.502195566051214293e-01	2.698200945416848739e-01	1.609477870247015829e-01	7.621782577489551180e-02	3.212951765724759295e-02	8.099007251092145421e-02
1.340062349182513572e+03	2.293889965209704451e-01	1.500333877496291823e-01	2.700225873834998236e-01	1.610627966764409114e-01	7.626529402275243619e-02	3.216390195768442650e-02	8.106303568876491172e-02
1.342481234289341273e+03	2.291036904997761081e-01	1.498477090825971192e-01	2.702244828705360202e-01	1.611774600999230089e-01	7.631263908271562757e-02	3.219820831977777270e-02	8.113581004441654254e-02
1.344900119396168748e+03	2.288192253093110917e-01	1.496625193276970023e-01	2.704257826752456406e-01	1.612917784363547269e-01	7.635986132161165507e-02	3.223243681662015664e-02	8.120839611290187054e-02
1.347319004502996449e+03	2.285355984449867761e-01	1.494778172118206572e-01	2.706264884655473213e-01	1.614057528231820637e-01	7.640696110445983902e-02	3.226658752284499582e-02	8.128079442690056000e-02
1.349737889609823924e+03	2.282528074098761628e-01	1.492936014650723953e-01	2.708266019048367612e-01	1.615193843940983809e-01	7.645393879449223495e-02	3.230066051459785925e-02	8.135300551676841185e-02
1.352156774716651853e+03	2.279708497146887280e-01	1.491098708207614087e-01	2.710261246519982126e-01	1.616326742790531457e-01	7.650079475317331235e-02	3.233465586950819148e-02	8.142502991055913797e-02
1.354575659823479100e+03	2.276897228777452764e-01	1.489266240153941656e-01	2.712250583614156385e-01	1.617456236042603690e-01	7.654752934021928634e-02	3.236857366666148067e-02	8.149686813404589947e-02
1.356994544930307029e+03	2.274094244249529606e-01	1.487438597886669156e-01	2.714234046829833713e-01	1.618582334922073207e-01	7.659414291361717197e-02	3.240241398657183608e-02	8.156852071074251198e-02
1.359413430037134731e+03	2.271299518897804959e-01	1.485615768834581407e-01	2.716211652621174921e-01	1.619705050616631892e-01	7.664063582964343591e-02	3.243617691115499579e-02	8.163998816192431784e-02
1.361832315143962205e+03	2.268513028132332909e-01	1.483797740458210612e-01	2.718183417397667667e-01	1.620824394276878522e-01	7.668700844288242613e-02	3.246986252370172993e-02	8.171127100664894727e-02
1.364251200250789907e+03	2.265734747438288010e-01	1.481984500249760583e-01	2.720149357524238032e-01	1.621940377016406754e-01	7.673326110624442697e-02	3.250347090885168100e-02	8.178236976177667705e-02
1.366670085357617609e+03	2.262964652375719921e-01	1.480176035733032081e-01	2.722109489321357101e-01	1.623053009911894495e-01	7.677939417098350594e-02	3.253700215256761369e-02	8.185328494199059501e-02
1.369088970464445310e+03	2.260202718579308323e-01	1.478372334463348148e-01	2.724063829065158093e-01	1.624162304003191615e-01	7.682540798671493032e-02	3.257045634211000462e-02	8.192401705981648685e-02
1.371507855571272785e+03	2.257448921758119509e-01	1.476573384027479729e-01	2.726012392987539612e-01	1.625268270293411810e-01	7.687130290143247280e-02	3.260383356601210397e-02	8.199456662564240383e-02
1.373926740678100487e+03	2.254703237695363516e-01	1.474779172043570452e-01	2.727955197276278332e-01	1.626370919749021149e-01	7.691707926152528685e-02	3.263713391405529546e-02	8.206493414773814721e-02
1.376345625784927961e+03	2.251965642248152100e-01	1.472989686161062795e-01	2.729892258075138356e-01	1.627470263299929665e-01	7.696273741179457395e-02	3.267035747724490735e-02	8.213512013227430852e-02
1.378764510891755890e+03	2.249236111347258926e-01	1.471204914060623981e-01	2.731823591483981128e-01	1.628566311839581560e-01	7.700827769546995938e-02	3.270350434778636350e-02	8.220512508334114343e-02
1.381183395998583137e+03	2.246514620996878930e-01	1.469424843454072149e-01	2.733749213558877011e-01	1.629659076225047631e-01	7.705370045422563208e-02	3.273657461906168131e-02	8.227494950296723730e-02
1.383602281105411066e+03	2.243801147274389340e-01	1.467649462084300860e-01	2.735669140312208536e-01	1.630748567277117145e-01	7.709900602819622084e-02	3.276956838560639296e-02	8.234459389113787942e-02
1.386021166212238768e+03	2.241095666330113478e-01	1.465878757725207759e-01	2.737583387712786420e-01	1.631834795780389702e-01	7.714419475599236520e-02	3.280248574308675807e-02	8.241405874581318736e-02
1.388440051319066470e+03	2.238398154387081784e-01	1.464112718181618533e-01	2.739491971685955041e-01	1.632917772483369057e-01	7.718926697471611975e-02	3.283532678827737888e-02	8.248334456294605099e-02
1.390858936425893944e+03	2.235708587740797282e-01	1.462351331289214740e-01	2.741394908113702900e-01	1.633997508098555262e-01	7.723422301997602546e-02	3.286809161903911369e-02	8.255245183649981278e-02
1.393277821532721646e+03	2.233026942758999378e-01	1.460594584914461369e-01	2.743292212834769761e-01	1.635074013302539042e-01	7.727906322590197274e-02	3.290078033429736509e-02	8.262138105846565661e-02
1.395696706639549120e+03	2.230353195881430994e-01	1.458842466954531070e-01	2.745183901644757118e-01	1.636147298736095046e-01	7.732378792515989807e-02	3.293339303402070123e-02	8.269013271887991345e-02
1.398115591746377049e+03	2.227687323619604864e-01	1.457094965337233650e-01	2.747069990296234776e-01	1.637217375004276221e-01	7.736839744896611970e-02	3.296592981919978932e-02	8.275870730584101997e-02
1.400534476853204296e+03	2.225029302556571775e-01	1.455352068020941969e-01	2.748950494498851871e-01	1.638284252676509012e-01	7.741289212710153467e-02	3.299839079182666224e-02	8.282710530552624129e-02
1.402953361960032225e+03	2.222379109346687975e-01	1.453613762994518943e-01	2.750825429919442344e-01	1.639347942286687176e-01	7.745727228792557983e-02	3.303077605487431817e-02	8.289532720220833817e-02
1.405372247066859927e+03	2.219736720715386191e-01	1.451880038277245932e-01	2.752694812182135409e-01	1.640408454333267818e-01	7.750153825838999866e-02	3.306308571227661863e-02	8.296337347827177633e-02
1.407791132173687402e+03	2.217102113458945256e-01	1.450150881918748913e-01	2.754558656868461020e-01	1.641465799279366033e-01	7.754569036405227489e-02	3.309531986890851957e-02	8.303124461422897729e-02
1.410210017280515103e+03	2.214475264444262237e-01	1.448426281998927700e-01	2.756416979517460342e-01	1.642519987552851501e-01	7.758972892908902463e-02	3.312747863056657305e-02	8.309894108873613905e-02
1.412628902387342805e+03	2.211856150608624005e-01	1.446706226627882674e-01	2.758269795625791221e-01	1.643571029546444240e-01	7.763365427630904148e-02	3.315956210394973430e-02	8.316646337860898741e-02
1.415047787494170507e+03	2.209244748959479920e-01	1.444990703945842891e-01	2.760117120647835876e-01	1.644618935617810362e-01	7.767746672716621670e-02	3.319157039664054343e-02	8.323381195883824968e-02
1.417466672600997981e+03	2.206641036574218118e-01	1.443279702123095032e-01	2.761958969995810254e-01	1.645663716089658668e-01	7.772116660177225134e-02	3.322350361708648059e-02	8.330098730260497575e-02
1.419885557707825683e+03	2.204044990599937637e-01	1.441573209359910679e-01	2.763795359039867838e-01	1.646705381249837785e-01	7.776475421890910456e-02	3.325536187458168896e-02	8.336798988129565102e-02
1.422304442814653157e+03	2.201456588253225821e-01	1.439871213886474988e-01	2.765626303108211226e-01	1.647743941351432206e-01	7.780822989604137263e-02	3.328714527924896138e-02	8.343482016451705952e-02
1.424723327921481086e+03	2.198875806819935164e-01	1.438173703962815630e-01	2.767451817487193710e-01	1.648779406612859988e-01	7.785159394932836263e-02	3.331885394202199063e-02	8.350147862011102207e-02
1.427142213028308333e+03	2.196302623654959596e-01	1.436480667878730355e-01	2.769271917421429752e-01	1.649811787217970449e-01	7.789484669363601343e-02	3.335048797462793202e-02	8.356796571416885699e-02
1.429561098135136262e+03	2.193737016182013555e-01	1.434792093953718151e-01	2.771086618113899336e-01	1.650841093316140762e-01	7.793798844254870573e-02	3.338204748957019491e-02	8.363428191104577136e-02
1.431979983241963964e+03	2.191178961893411603e-01	1.433107970536905140e-01	2.772895934726054556e-01	1.651867335022373651e-01	7.798101950838079444e-02	3.341353260011152571e-02	8.370042767337496081e-02
1.434398868348791666e+03	2.188628438349847216e-01	1.431428286006976858e-01	2.774699882377928417e-01	1.652890522417395647e-01	7.802394020218801629e-02	3.344494342025733369e-02	8.376640346208154286e-02
1.436817753455619140e+03	2.186085423180174903e-01	1.429753028772104972e-01	2.776498476148238082e-01	1.653910665547755066e-01	7.806675083377870306e-02	3.347628006473932216e-02	8.383220973639636531e-02
1.439236638562446842e+03	2.183549894081191489e-01	1.428082187269877901e-01	2.778291731074490345e-01	1.654927774425919429e-01	7.810945171172488377e-02	3.350754264899931389e-02	8.389784695386960645e-02
1.441655523669274316e+03	2.181021828817418240e-01	1.426415749967230584e-01	2.780079662153088216e-01	1.655941859030374275e-01	7.815204314337310942e-02	3.353873128917336799e-02	8.396331557038408389e-02
1.444074408776102018e+03	2.178501205220884640e-01	1.424753705360373712e-01	2.781862284339436941e-01	1.656952929305721134e-01	7.819452543485524987e-02	3.356984610207612574e-02	8.402861604016864661e-02
1.446493293882929493e+03	2.175988001190912458e-01	1.423096041974723780e-01	2.783639612548048925e-01	1.657960995162776341e-01	7.823689889109899931e-02	3.360088720518540628e-02	8.409374881581109518e-02
1.448912178989757422e+03	2.173482194693900915e-01	1.421442748364832309e-01	2.785411661652649196e-01	1.658966066478669010e-01	7.827916381583832628e-02	3.363185471662705900e-02	8.415871434827115749e-02
1.451331064096585123e+03	2.170983763763111862e-01	1.419793813114317571e-01	2.787178446486278660e-01	1.659968153096939569e-01	7.832132051162370157e-02	3.366274875516002407e-02	8.422351308689317306e-02
1.453749949203412370e+03	2.168492686498457167e-01	1.418149224835793532e-01	2.788939981841400684e-01	1.660967264827639678e-01	7.836336927983222900e-02	3.369356944016162897e-02	8.428814547941869406e-02
1.456168834310240300e+03	2.166008941066285554e-01	1.416508972170800740e-01	2.790696282470005452e-01	1.661963411447429928e-01	7.840531042067756806e-02	3.372431689161312779e-02	8.435261197199883654e-02
1.458587719417068001e+03	2.163532505699171105e-01	1.414873043789737495e-01	2.792447363083712664e-01	1.662956602699678654e-01	7.844714423321975938e-02	3.375499123008547653e-02	8.441691300920652063e-02
1.461006604523895703e+03	2.161063358695701486e-01	1.413241428391788790e-01	2.794193238353878117e-01	1.663946848294561021e-01	7.848887101537492528e-02	3.378559257672529570e-02	8.448104903404857202e-02
1.463425489630723177e+03	2.158601478420268116e-01	1.411614114704859146e-01	2.795933922911696956e-01	1.664934157909158940e-01	7.853049106392469281e-02	3.381612105324108275e-02	8.454502048797760128e-02
1.465844374737550879e+03	2.156146843302857163e-01	1.409991091485503223e-01	2.797669431348306923e-01	1.665918541187558777e-01	7.857200467452568615e-02	3.384657678188963265e-02	8.460882781090378613e-02
1.468263259844378354e+03	2.153699431838840550e-01	1.408372347518855594e-01	2.799399778214892165e-01	1.666900007740951262e-01	7.861341214171872760e-02	3.387695988546265274e-02	8.467247144120647329e-02
1.470682144951206283e+03	2.151259222588767506e-01	1.406757871618563582e-01	2.801124978022785927e-01	1.667878567147729474e-01	7.865471375893787198e-02	3.390727048727360665e-02	8.473595181574565538e-02
1.473101030058033530e+03	2.148826194178157789e-01	1.405147652626717869e-01	2.802845045243577138e-01	1.668854228953589036e-01	7.869590981851953826e-02	3.393750871114478013e-02	8.479926936987323971e-02
1.475519915164861459e+03	2.146400325297296019e-01	1.403541679413784771e-01	2.804559994309209214e-01	1.669827002671627203e-01	7.873700061171125253e-02	3.396767468139449270e-02	8.486242453744424763e-02
1.477938800271689161e+03	2.143981594701024618e-01	1.401939940878537405e-01	2.806269839612085537e-01	1.670796897782441670e-01	7.877798642868037715e-02	3.399776852282457296e-02	8.492541775082780575e-02
1.480357685378516862e+03	2.141569981208538975e-01	1.400342425947987690e-01	2.807974595505172699e-01	1.671763923734229385e-01	7.881886755852278437e-02	3.402779036070800733e-02	8.498824944091805389e-02
1.482776570485344337e+03	2.139165463703185111e-01	1.398749123577317510e-01	2.809674276302100426e-01	1.672728089942885910e-01	7.885964428927122460e-02	3.405774032077674845e-02	8.505092003714485871e-02
