1.301360187473271253e+03	2.358420658042261198e-01	1.509820934056813058e-01	2.605596279779029967e-01	1.615121332454250158e-01	7.676087607805849589e-02	3.192878160380906161e-02	8.241442188463846130e-02
1.306197957686926657e+03	2.352622887760190407e-01	1.505779452513458239e-01	2.609351487177954954e-01	1.617732588292626339e-01	7.687203301411961454e-02	3.200195939792846445e-02	8.257736601327037018e-02
1.311035727900581833e+03	2.346858640797360174e-01	1.501759893423729730e-01	2.613085080180687081e-01	1.620328553634605429e-01	7.698256715363775704e-02	3.207486142365675863e-02	8.273935461880864428e-02
1.315873498114237009e+03	2.341127706231129202e-01	1.497762151512604112e-01	2.616797193421377954e-01	1.622909318972522441e-01	7.709248211381607152e-02	3.214748725487688585e-02	8.290039361728508693e-02
1.320711268327892412e+03	2.335429874855415311e-01	1.493786121673154055e-01	2.620487960373900083e-01	1.625474974364716219e-01	7.720178148613679459e-02	3.221983649777988845e-02	8.306048888910622097e-02
1.325549038541547588e+03	2.329764939158306403e-01	1.489831698975763452e-01	2.624157513372455952e-01	1.628025609432317833e-01	7.731046883668750425e-02	3.229190879019270405e-02	8.321964627897683597e-02
1.330386808755202765e+03	2.324132693300112462e-01	1.485898778677045562e-01	2.627805983631553710e-01	1.630561313356291009e-01	7.741854770647972617e-02	3.236370380091910942e-02	8.337787159584228447e-02
1.335224578968857941e+03	2.318532933091846382e-01	1.481987256228466110e-01	2.631433501265357244e-01	1.633082174874718462e-01	7.752602161176030959e-02	3.243522122909353600e-02	8.353517061284874978e-02
1.340062349182513572e+03	2.312965455974122786e-01	1.478097027284687170e-01	2.635040195306448951e-01	1.635588282280320271e-01	7.763289404431569785e-02	3.250646080354749334e-02	8.369154906732025057e-02
1.344900119396168748e+03	2.307430060996470411e-01	1.474227987711633214e-01	2.638626193724017410e-01	1.638079723418200406e-01	7.773916847176921829e-02	3.257742228218828140e-02	8.384701266075170190e-02
1.349737889609823924e+03	2.301926548797040006e-01	1.470380033594287372e-01	2.642191623441492720e-01	1.640556585683806690e-01	7.784484833787179425e-02	3.264810545138970010e-02	8.400156705881715868e-02
1.354575659823479100e+03	2.296454721582704694e-01	1.466553061244228462e-01	2.645736610353655038e-01	1.643018956021096988e-01	7.794993706278602330e-02	3.271851012539454817e-02	8.415521789139226994e-02
1.359413430037134731e+03	2.291014383109541697e-01	1.462746967206910720e-01	2.649261279343225195e-01	1.645466920920905518e-01	7.805443804336407998e-02	3.278863614572864044e-02	8.430797075259033324e-02
1.364251200250789907e+03	2.285605338663684594e-01	1.458961648268696787e-01	2.652765754296970702e-01	1.647900566419497059e-01	7.815835465341934574e-02	3.285848338062602458e-02	8.445983120081107520e-02
1.369088970464445310e+03	2.280227395042541683e-01	1.455197001463647555e-01	2.656250158121329363e-01	1.650319978097306017e-01	7.826169024399223795e-02	3.292805172446520295e-02	8.461080475880146390e-02
1.373926740678100487e+03	2.274880360536364887e-01	1.451452924080079143e-01	2.659714612757581031e-01	1.652725241077846463e-01	7.836444814361012701e-02	3.299734109721617903e-02	8.476089691372795665e-02
1.378764510891755890e+03	2.269564044910169220e-01	1.447729313666887008e-01	2.663159239196573602e-01	1.655116440026793145e-01	7.846663165854174393e-02	3.306635144389794001e-02	8.491011311725940591e-02
1.383602281105411066e+03	2.264278259385989200e-01	1.444026068039650779e-01	2.666584157493030460e-01	1.657493659151220156e-01	7.856824407304602298e-02	3.313508273404630611e-02	8.505845878566004048e-02
1.388440051319066470e+03	2.259022816625464170e-01	1.440343085286518443e-01	2.669989486779441035e-01	1.659856982198994468e-01	7.866928864961575396e-02	3.320353496119183428e-02	8.520593929989200843e-02
1.393277821532721646e+03	2.253797530712749464e-01	1.436680263773882360e-01	2.673375345279563331e-01	1.662206492458315477e-01	7.876976862921596101e-02	3.327170814234760993e-02	8.535256000572677415e-02
1.398115591746377049e+03	2.248602217137740944e-01	1.433037502151844333e-01	2.676741850321542326e-01	1.664542272757395525e-01	7.886968723151746574e-02	3.333960231750664888e-02	8.549832621386488363e-02
1.402953361960032225e+03	2.243436692779607888e-01	1.429414699359486118e-01	2.680089118350664212e-01	1.666864405464275611e-01	7.896904765512539892e-02	3.340721754914881270e-02	8.564324320006368174e-02
1.407791132173687402e+03	2.238300775890626759e-01	1.425811754629940087e-01	2.683417264941753144e-01	1.669172972486769324e-01	7.906785307780313243e-02	3.347455392175693184e-02	8.578731620527231538e-02
1.412628902387342805e+03	2.233194286080309177e-01	1.422228567495270601e-01	2.686726404811232150e-01	1.671468055272529452e-01	7.916610665669150670e-02	3.354161154134201184e-02	8.593055043577364771e-02
1.417466672600997981e+03	2.228117044299817440e-01	1.418665037791172756e-01	2.690016651828852079e-01	1.673749734809234224e-01	7.926381152852368661e-02	3.360839053497733514e-02	8.607295106333263945e-02
1.422304442814653157e+03	2.223068872826660658e-01	1.415121065661487654e-01	2.693288119029105809e-01	1.676018091624883743e-01	7.936097080983565977e-02	3.367489105034116720e-02	8.621452322535073931e-02
1.427142213028308333e+03	2.218049595249663997e-01	1.411596551562544766e-01	2.696540918622333804e-01	1.678273205788206601e-01	7.945758759717246045e-02	3.374111325526809452e-02	8.635527202502589483e-02
1.431979983241963964e+03	2.213059036454207706e-01	1.408091396267331374e-01	2.699775162005539353e-01	1.680515156909167529e-01	7.955366496729043835e-02	3.380705733730860613e-02	8.649520253151771199e-02
1.436817753455619140e+03	2.208097022607726778e-01	1.404605500869498258e-01	2.702990959772916257e-01	1.682744024139573580e-01	7.964920597735535013e-02	3.387272350329688375e-02	8.663431978011761070e-02
1.441655523669274316e+03	2.203163381145467614e-01	1.401138766787200785e-01	2.706188421726102300e-01	1.684959886173776067e-01	7.974421366513677334e-02	3.393811197892657866e-02	8.677262877242335193e-02
1.446493293882929493e+03	2.198257940756492279e-01	1.397691095766785407e-01	2.709367656884169584e-01	1.687162821249457989e-01	7.983869104919860682e-02	3.400322300833444333e-02	8.691013447651775581e-02
1.451331064096585123e+03	2.193380531369932551e-01	1.394262389886320452e-01	2.712528773493359524e-01	1.689352907148511107e-01	7.993264112908600449e-02	3.406805685369161674e-02	8.704684182715137497e-02
1.456168834310240300e+03	2.188530984141476843e-01	1.390852551558978412e-01	2.715671879036571368e-01	1.691530221197991568e-01	8.002606688550867320e-02	3.413261379480246605e-02	8.718275572592844302e-02
1.461006604523895703e+03	2.183709131440095264e-01	1.387461483536273632e-01	2.718797080242610908e-01	1.693694840271154911e-01	8.011897128052075656e-02	3.419689412871079748e-02	8.731788104149637575e-02
1.465844374737550879e+03	2.178914806834990336e-01	1.384089088911160115e-01	2.721904483095212712e-01	1.695846840788564069e-01	8.021135725769737435e-02	3.426089816931327664e-02	8.745222260973806172e-02
1.470682144951206283e+03	2.174147845082773367e-01	1.380735271120986929e-01	2.724994192841839191e-01	1.697986298719267872e-01	8.030322774230778948e-02	3.432462624698000286e-02	8.758578523396694238e-02
1.475519915164861459e+03	2.169408082114857306e-01	1.377399933950325117e-01	2.728066314002267623e-01	1.700113289582046716e-01	8.039458564148548037e-02	3.438807870818194612e-02	8.771857368512445130e-02
1.480357685378516862e+03	2.164695355025064716e-01	1.374082981533660541e-01	2.731120950376967338e-01	1.702227888446722348e-01	8.048543384439504900e-02	3.445125591512524649e-02	8.785059270197982662e-02
1.485195455592172038e+03	2.160009502057441688e-01	1.370784318357964326e-01	2.734158205055280955e-01	1.704330169935527883e-01	8.057577522239615930e-02	3.451415824539220273e-02	8.798184699133181075e-02
1.490033225805827215e+03	2.155350362594280755e-01	1.367503849265133964e-01	2.737178180423411322e-01	1.706420208224535273e-01	8.066561262920449171e-02	3.457678609158879035e-02	8.811234122821225145e-02
1.494870996019482618e+03	2.150717777144337817e-01	1.364241479454321171e-01	2.740180978172224724e-01	1.708498077045138286e-01	8.075494890104985279e-02	3.463913986099859815e-02	8.824208005609109062e-02
1.499708766233137567e+03	2.146111587331248627e-01	1.360997114484137349e-01	2.743166699304869227e-01	1.710563849685586280e-01	8.084378685683150934e-02	3.470121997524309304e-02	8.837106808708300454e-02
1.504546536446793198e+03	2.141531635882135409e-01	1.357770660274748853e-01	2.746135444144227056e-01	1.712617598992567658e-01	8.093212929827081625e-02	3.476302686994803964e-02	8.849930990215502946e-02
1.509384306660448374e+03	2.136977766616397489e-01	1.354562023109861235e-01	2.749087312340192657e-01	1.714659397372840788e-01	8.101997901006119385e-02	3.482456099441598452e-02	8.862681005133540846e-02
1.514222076874103550e+03	2.132449824434689278e-01	1.351371109638595802e-01	2.752022402876792007e-01	1.716689316794907938e-01	8.110733876001550990e-02	3.488582281130471474e-02	8.875357305392315987e-02
1.519059847087758726e+03	2.127947655308072283e-01	1.348197826877260419e-01	2.754940814079144817e-01	1.718707428790730851e-01	8.119421129921106095e-02	3.494681279631149662e-02	8.887960339869846460e-02
1.523897617301414357e+03	2.123471106267346697e-01	1.345042082211022061e-01	2.757842643620276868e-01	1.720713804457487117e-01	8.128059936213195835e-02	3.500753143786309446e-02	8.900490554413356681e-02
1.528735387515069533e+03	2.119020025392549800e-01	1.341903783395476391e-01	2.760727988527781895e-01	1.722708514459362628e-01	8.136650566680929397e-02	3.506797923681136825e-02	8.912948391860421593e-02
1.533573157728724709e+03	2.114594261802625330e-01	1.338782838558124633e-01	2.763596945190344711e-01	1.724691629029379281e-01	8.145193291495891885e-02	3.512815670613438773e-02	8.925334292060126129e-02
1.538410927942380113e+03	2.110193665645253847e-01	1.335679156199755524e-01	2.766449609364129425e-01	1.726663217971256270e-01	8.153688379211695980e-02	3.518806437064295189e-02	8.937648691894253816e-02
1.543248698156035516e+03	2.105818088086846285e-01	1.332592645195735948e-01	2.769286076179032219e-01	1.728623350661302183e-01	8.162136096777315719e-02	3.524770276669243751e-02	8.949892025298472609e-02
1.548086468369690692e+03	2.101467381302690451e-01	1.329523214797214414e-01	2.772106440144805894e-01	1.730572096050336239e-01	8.170536709550212107e-02	3.530707244189983107e-02	8.962064723283527656e-02
1.552924238583346096e+03	2.097141398467256557e-01	1.326470774632237948e-01	2.774910795157062848e-01	1.732509522665637569e-01	8.178890481309245009e-02	3.536617395486588850e-02	8.974167213956410483e-02
1.557762008797001272e+03	2.092839993744647631e-01	1.323435234706785979e-01	2.777699234503156478e-01	1.734435698612919463e-01	8.187197674267376879e-02	3.542500787490229092e-02	8.986199922541500407e-02
1.562599779010656675e+03	2.088563022279200099e-01	1.320416505405721252e-01	2.780471850867947126e-01	1.736350691578327221e-01	8.195458549084187749e-02	3.548357478176373397e-02	8.998163271401680985e-02
1.567437549224311852e+03	2.084310340186228128e-01	1.317414497493665515e-01	2.783228736339457554e-01	1.738254568830459590e-01	8.203673364878200092e-02	3.554187526538488129e-02	9.010057680059405105e-02
1.572275319437967255e+03	2.080081804542908697e-01	1.314429122115794712e-01	2.785969982414414625e-01	1.740147397222411296e-01	8.211842379239001066e-02	3.559990992562202250e-02	9.021883565217711509e-02
1.577113089651622431e+03	2.075877273379303778e-01	1.311460290798561745e-01	2.788695680003690502e-01	1.742029243193833343e-01	8.219965848239194073e-02	3.565767937199941506e-02	9.033641340781184415e-02
1.581950859865277607e+03	2.071696605669518798e-01	1.308507915450346781e-01	2.791405919437640604e-01	1.743900172773011903e-01	8.228044026446168502e-02	3.571518422346019184e-02	9.045331417876840974e-02
1.586788630078933011e+03	2.067539661322993494e-01	1.305571908362036793e-01	2.794100790471343299e-01	1.745760251578964695e-01	8.236077166933693239e-02	3.577242510812178589e-02	9.056954204874952119e-02
1.591626400292587959e+03	2.063406301175921276e-01	1.302652182207536535e-01	2.796780382289740796e-01	1.747609544823552075e-01	8.244065521293340859e-02	3.582940266303573373e-02	9.068510107409778753e-02
1.596464170506243590e+03	2.059296386982796823e-01	1.299748650044214027e-01	2.799444783512692325e-01	1.749448117313601447e-01	8.252009339645749453e-02	3.588611753395180154e-02	9.079999528400227449e-02
1.601301940719898766e+03	2.055209781408086911e-01	1.296861225313280241e-01	2.802094082199930725e-01	1.751276033453045555e-01	8.259908870651716528e-02	3.594257037508646196e-02	9.091422868070406227e-02
1.606139710933553943e+03	2.051146348018023091e-01	1.293989821840106913e-01	2.804728365855940209e-01	1.753093357245071870e-01	8.267764361523137484e-02	3.599876184889540254e-02	9.102780523970098459e-02
1.610977481147209119e+03	2.047105951272514268e-01	1.291134353834484938e-01	2.807347721434743648e-01	1.754900152294283089e-01	8.275576058033796978e-02	3.605469262585027368e-02	9.114072890995118803e-02
1.615815251360864750e+03	2.043088456517175300e-01	1.288294735890820331e-01	2.809952235344607696e-01	1.756696481808865951e-01	8.283344204529999311e-02	3.611036338421937109e-02	9.125300361407578942e-02
1.620653021574519926e+03	2.039093729975470781e-01	1.285470882988276053e-01	2.812541993452672973e-01	1.758482408602770053e-01	8.291069043941054484e-02	3.616577480985232879e-02	9.136463324856029800e-02
1.625490791788175102e+03	2.035121638740969574e-01	1.282662710490856117e-01	2.815117081089503759e-01	1.760257995097892214e-01	8.298750817789625478e-02	3.622092759596870493e-02	9.147562168395503845e-02
1.630328562001830505e+03	2.031172050769711468e-01	1.279870134147438610e-01	2.817677583053562196e-01	1.762023303326269719e-01	8.306389766201940916e-02	3.627582244295035618e-02	9.158597276507426943e-02
1.635166332215485909e+03	2.027244834872677925e-01	1.277093070091750993e-01	2.820223583615613649e-01	1.763778394932277171e-01	8.313986127917850910e-02	3.633046005813759388e-02	9.169569031119419178e-02
1.640004102429141085e+03	2.023339860708372462e-01	1.274331434842299882e-01	2.822755166523057135e-01	1.765523331174829180e-01	8.321540140300774657e-02	3.638484115562901078e-02	9.180477811624963846e-02
1.644841872642796488e+03	2.019456998775501222e-01	1.271585145302248643e-01	2.825272415004190241e-01	1.767258172929586924e-01	8.329052039347498160e-02	3.643896645608495077e-02	9.191323994902964034e-02
1.649679642856451665e+03	2.015596120405755698e-01	1.268854118759247807e-01	2.827775411772406322e-01	1.768982980691166940e-01	8.336522059697853981e-02	3.649283668653452439e-02	9.202107955337152090e-02
1.654517413070107068e+03	2.011757097756695090e-01	1.266138272885218574e-01	2.830264239030328421e-01	1.770697814575353801e-01	8.343950434644278880e-02	3.654645258018612147e-02	9.212830064835379751e-02
1.659355183283762244e+03	2.007939803804724976e-01	1.263437525736091638e-01	2.832738978473878233e-01	1.772402734321313345e-01	8.351337396141240987e-02	3.659981487624134472e-02	9.223490692848769490e-02
1.664192953497417420e+03	2.004144112338172856e-01	1.260751795751502979e-01	2.835199711296285674e-01	1.774097799293807565e-01	8.358683174814561523e-02	3.665292431971238496e-02	9.234090206390735411e-02
1.669030723711072824e+03	2.000369897950456388e-01	1.258081001754445261e-01	2.837646518192039058e-01	1.775783068485408400e-01	8.365987999970604660e-02	3.670578166124262992e-02	9.244628970055866757e-02
1.673868493924728000e+03	1.996617036033342119e-01	1.255425062950880633e-01	2.840079479360777537e-01	1.777458600518713461e-01	8.373252099605370258e-02	3.675838765693059673e-02	9.255107346038664307e-02
1.678706264138383403e+03	1.992885402770296077e-01	1.252783898929311357e-01	2.842498674511126366e-01	1.779124453648558979e-01	8.380475700413463069e-02	3.681074306815703551e-02	9.265525694152140779e-02
1.683544034352038352e+03	1.989174875129921527e-01	1.250157429660314623e-01	2.844904182864478881e-01	1.780780685764231652e-01	8.387659027796962041e-02	3.686284866141521094e-02	9.275884371846290777e-02
1.688381804565693983e+03	1.985485330859482478e-01	1.247545575496036008e-01	2.847296083158726843e-01	1.782427354391678820e-01	8.394802305874178583e-02	3.691470520814424394e-02	9.286183734226405306e-02
1.693219574779349159e+03	1.981816648478512966e-01	1.244948257169651018e-01	2.849674453651933614e-01	1.784064516695715585e-01	8.401905757488316306e-02	3.696631348456551336e-02	9.296424134071241963e-02
1.698057344993004335e+03	1.978168707272509597e-01	1.242365395794789024e-01	2.852039372125966810e-01	1.785692229482229998e-01	8.408969604216021132e-02	3.701767427152208301e-02	9.306605921851064667e-02
1.702895115206659511e+03	1.974541387286703475e-01	1.239796912864923051e-01	2.854390915890070435e-01	1.787310549200381293e-01	8.415994066375848126e-02	3.706878835432098757e-02	9.316729445745523808e-02
1.707732885420315142e+03	1.970934569319914564e-01	1.237242730252728629e-01	2.856729161784397064e-01	1.788919531944799524e-01	8.422979363036608991e-02	3.711965652257849524e-02	9.326795051661404545e-02
1.712570655633970318e+03	1.967348134918484315e-01	1.234702770209408357e-01	2.859054186183491719e-01	1.790519233457774362e-01	8.429925712025646001e-02	3.717027957006812516e-02	9.336803083250215518e-02
1.717408425847625494e+03	1.963781966370282683e-01	1.232176955363987886e-01	2.861366064999730785e-01	1.792109709131444462e-01	8.436833329937001857e-02	3.722065829457154446e-02	9.346753881925645713e-02
1.722246196061280898e+03	1.960235946698793141e-01	1.229665208722580116e-01	2.863664873686715406e-01	1.793691014009978490e-01	8.443702432139500724e-02	3.727079349773212980e-02	9.356647786880871454e-02
1.727083966274936301e+03	1.956709959657271791e-01	1.227167453667622199e-01	2.865950687242623807e-01	1.795263202791750889e-01	8.450533232784740445e-02	3.732068598491128375e-02	9.366485135105702409e-02
1.731921736488591478e+03	1.953203889722977260e-01	1.224683613957083944e-01	2.868223580213518642e-01	1.796826329831511526e-01	8.457325944815001495e-02	3.737033656504736706e-02	9.376266261403605473e-02
1.736759506702246881e+03	1.949717622091473035e-01	1.222213613723648618e-01	2.870483626696618273e-01	1.798380449142550075e-01	8.464080779971062951e-02	3.741974605051723995e-02	9.385991498408570444e-02
1.741597276915902057e+03	1.946251042670999465e-01	1.219757377473869309e-01	2.872730900343524740e-01	1.799925614398851514e-01	8.470797948799943522e-02	3.746891525700039860e-02	9.395661176601824427e-02
1.746435047129557461e+03	1.942804038076916262e-01	1.217314830087298377e-01	2.874965474363411211e-01	1.801461878937247463e-01	8.477477660662552372e-02	3.751784500334558181e-02	9.405275624328414408e-02
1.751272817343212637e+03	1.939376495626209396e-01	1.214885896815593724e-01	2.877187421526176681e-01	1.802989295759556410e-01	8.484120123741271946e-02	3.756653611143990351e-02	9.414835167813634387e-02
1.756110587556867813e+03	1.935968303332064877e-01	1.212470503281601192e-01	2.879396814165559593e-01	1.804507917534720063e-01	8.490725545047450584e-02	3.761498940608035829e-02	9.424340131179310964e-02
1.760948357770523216e+03	1.932579349898511378e-01	1.210068575478414066e-01	2.881593724182215377e-01	1.806017796600929703e-01	8.497294130428818815e-02	3.766320571484781110e-02	9.433790836459945983e-02
1.765786127984178393e+03	1.929209524715120860e-01	1.207680039768411207e-01	2.883778223046761235e-01	1.807518984967743936e-01	8.503826084576840416e-02	3.771118586798324207e-02	9.443187603618713455e-02
1.770623898197833569e+03	1.925858717851774704e-01	1.205304822882273669e-01	2.885950381802783182e-01	1.809011534318199499e-01	8.510321611033985767e-02	3.775893069826636445e-02	9.452530750563314932e-02
1.775461668411488745e+03	1.922526820053493124e-01	1.202942851917980921e-01	2.888110271069811441e-01	1.810495496010912642e-01	8.516780912200920539e-02	3.780644104089651847e-02	9.461820593161693327e-02
1.780299438625144376e+03	1.919213722735320926e-01	1.200594054339788053e-01	2.890257961046261981e-01	1.811970921082172170e-01	8.523204189343645820e-02	3.785371773337576490e-02	9.471057445257601015e-02
1.785137208838799552e+03	1.915919317977275993e-01	1.198258357977182859e-01	2.892393521512344745e-01	1.813437860248021949e-01	8.529591642600543866e-02	3.790076161539421284e-02	9.480241618686029159e-02
1.789974979052454728e+03	1.912643498519354113e-01	1.195935691023826408e-01	2.894517021832945236e-01	1.814896363906336740e-01	8.535943470989376669e-02	3.794757352871749173e-02	9.489373423288501030e-02
1.794812749266109904e+03	1.909386157756592650e-01	1.193625982036474048e-01	2.896628530960467796e-01	1.816346482138885554e-01	8.542259872414210975e-02	3.799415431707637431e-02	9.498453166928215452e-02
1.799650519479765535e+03	1.906147189734188618e-01	1.191329159933881415e-01	2.898728117437650575e-01	1.817788264713388058e-01	8.548541043672266970e-02	3.804050482605843275e-02	9.507481155505066728e-02
1.804488289693420711e+03	1.902926489142672539e-01	1.189045153995692966e-01	2.900815849400358859e-01	1.819221761085559885e-01	8.554787180460717011e-02	3.808662590300184586e-02	9.516457692970511917e-02
1.809326059907075887e+03	1.899723951313138648e-01	1.186773893861314960e-01	2.902891794580338969e-01	1.820647020401149063e-01	8.560998477383417737e-02	3.813251839689111439e-02	9.525383081342307656e-02
1.814163830120731291e+03	1.896539472212524780e-01	1.184515309528774707e-01	2.904956020307948306e-01	1.822064091497959948e-01	8.567175127957572800e-02	3.817818315825485809e-02	9.534257620719119308e-02
1.819001600334386467e+03	1.893372948438947490e-01	1.182269331353563713e-01	2.907008593514857075e-01	1.823473022907869945e-01	8.573317324620344237e-02	3.822362103906552788e-02	9.543081609294977452e-02
1.823839370548041643e+03	1.890224277217087134e-01	1.180035890047467367e-01	2.909049580736725038e-01	1.824873862858834572e-01	8.579425258735393078e-02	3.826883289264104010e-02	9.551855343373617802e-02
1.828677140761696819e+03	1.887093356393625687e-01	1.177814916677382695e-01	2.911079048115847168e-01	1.826266659276882254e-01	8.585499120599376921e-02	3.831381957354829115e-02	9.560579117382678183e-02
1.833514910975352450e+03	1.883980084432730628e-01	1.175606342664121673e-01	2.913097061403776555e-01	1.827651459788097454e-01	8.591539099448373962e-02	3.835858193750857348e-02	9.569253223887766446e-02
1.838352681189008081e+03	1.880884360411592127e-01	1.173410099781203170e-01	2.915103685963920666e-01	1.829028311720596045e-01	8.597545383464261226e-02	3.840312084130476089e-02	9.577877953606399319e-02
1.843190451402663257e+03	1.877806084016003796e-01	1.171226120153632810e-01	2.917098986774114833e-01	1.830397262106487344e-01	8.603518159781026187e-02	3.844743714269034662e-02	9.586453595421810803e-02
1.848028221616318433e+03	1.874745155535994523e-01	1.169054336256672710e-01	2.919083028429163562e-01	1.831758357683826444e-01	8.609457614491039523e-02	3.849153170030019527e-02	9.594980436396630119e-02
1.852865991829973609e+03	1.871701475861504982e-01	1.166894680914599136e-01	2.921055875143366842e-01	1.833111644898554882e-01	8.615363932651262657e-02	3.853540537356309886e-02	9.603458761786438924e-02
1.857703762043628785e+03	1.868674946478109666e-01	1.164747087299450312e-01	2.923017590753016481e-01	1.834457169906432150e-01	8.621237298289398387e-02	3.857905902261597048e-02	9.611888855053188352e-02
1.862541532257283961e+03	1.865665469462784720e-01	1.162611488929765347e-01	2.924968238718873570e-01	1.835794978574954717e-01	8.627077894410002668e-02	3.862249350821976568e-02	9.620270997878509200e-02
1.867379302470939592e+03	1.862672947479719343e-01	1.160487819669313303e-01	2.926907882128618743e-01	1.837125116485263387e-01	8.632885903000540873e-02	3.866570969167704847e-02	9.628605470176881953e-02
1.872217072684594768e+03	1.859697283776170773e-01	1.158376013725812698e-01	2.928836583699283014e-01	1.838447628934041511e-01	8.638661505037385779e-02	3.870870843475118783e-02	9.636892550108697164e-02
1.877054842898249490e+03	1.856738382178362012e-01	1.156276005649643779e-01	2.930754405779653626e-01	1.839762560935401525e-01	8.644404880491772525e-02	3.875149059958710174e-02	9.645132514093181231e-02
1.881892613111905121e+03	1.853796147087422297e-01	1.154187730332552619e-01	2.932661410352664921e-01	1.841069957222758458e-01	8.650116208335711931e-02	3.879405704863367332e-02	9.653325636821212530e-02
1.886730383325560297e+03	1.850870483475367256e-01	1.152111123006346188e-01	2.934557659037757560e-01	1.842369862250695101e-01	8.655795666547839995e-02	3.883640864456761738e-02	9.661472191268015430e-02
1.891568153539215928e+03	1.847961296881121540e-01	1.150046119241582704e-01	2.936443213093224425e-01	1.843662320196813031e-01	8.661443432119238228e-02	3.887854625021891497e-02	9.669572448705730794e-02
1.896405923752871104e+03	1.845068493406581411e-01	1.147992654946252689e-01	2.938318133418535982e-01	1.844947374963574471e-01	8.667059681059187393e-02	3.892047072849773304e-02	9.677626678715874065e-02
1.901243693966526507e+03	1.842191979712715089e-01	1.145950666364455722e-01	2.940182480556639000e-01	1.846225070180131933e-01	8.672644588400899024e-02	3.896218294232281498e-02	9.685635149201680949e-02
1.906081464180181683e+03	1.839331663015703611e-01	1.143920090075069285e-01	2.942036314696243049e-01	1.847495449204147600e-01	8.678198328207181733e-02	3.900368375455132847e-02	9.693598126400329584e-02
1.910919234393836859e+03	1.836487451083118894e-01	1.141900862990412879e-01	2.943879695674083696e-01	1.848758555123599101e-01	8.683721073576074201e-02	3.904497402791008709e-02	9.701515874895054459e-02
1.915757004607492036e+03	1.833659252230140368e-01	1.139892922354907301e-01	2.945712682977162933e-01	1.850014430758576967e-01	8.689212996646435150e-02	3.908605462492827087e-02	9.709388657627149311e-02
1.920594774821147894e+03	1.830846975315807146e-01	1.137896205743727240e-01	2.947535335744979057e-01	1.851263118663067642e-01	8.694674268603483358e-02	3.912692640787138881e-02	9.717216735907857617e-02
1.925432545034802843e+03	1.828050529739307650e-01	1.135910651061451115e-01	2.949347712771730468e-01	1.852504661126727070e-01	8.700105059684302977e-02	3.916759023867671941e-02	9.725000369430149283e-02
1.930270315248458019e+03	1.825269825436305615e-01	1.133936196540704794e-01	2.951149872508506133e-01	1.853739100176643728e-01	8.705505539183304442e-02	3.920804697888997936e-02	9.732739816280393252e-02
1.935108085462113195e+03	1.822504772875300216e-01	1.131972780740802126e-01	2.952941873065450529e-01	1.854966477579087503e-01	8.710875875457640971e-02	3.924829748960338704e-02	9.740435332949919089e-02
1.939945855675768371e+03	1.819755283054021178e-01	1.130020342546381867e-01	2.954723772213921351e-01	1.856186834841250244e-01	8.716216235932588985e-02	3.928834263139494021e-02	9.748087174346475869e-02
1.944783625889424002e+03	1.817021267495858017e-01	1.128078821166040857e-01	2.956495627388621705e-01	1.857400213212972717e-01	8.721526787106891054e-02	3.932818326426899824e-02	9.755695593805582821e-02
1.949621396103079178e+03	1.814302638246325095e-01	1.126148156130963446e-01	2.958257495689716743e-01	1.858606653688461563e-01	8.726807694558054440e-02	3.936782024759812731e-02	9.763260843101774500e-02
1.954459166316734354e+03	1.811599307869555531e-01	1.124228287293548845e-01	2.960009433884935315e-01	1.859806197007994599e-01	8.732059122947612162e-02	3.940725444006608347e-02	9.770783172459748811e-02
1.959296936530389530e+03	1.808911189444833145e-01	1.122319154826035559e-01	2.961751498411651640e-01	1.860998883659614467e-01	8.737281236026346598e-02	3.944648669961211412e-02	9.778262830565401242e-02
1.964134706744044706e+03	1.806238196563152432e-01	1.120420699219123184e-01	2.963483745378955314e-01	1.862184753880812838e-01	8.742474196639475614e-02	3.948551788337634899e-02	9.785700064576770274e-02
1.968972476957700337e+03	1.803580243323811283e-01	1.118532861280592261e-01	2.965206230569696344e-01	1.863363847660199635e-01	8.747638166731805387e-02	3.952434884764639139e-02	9.793095120134878706e-02
1.973810247171355968e+03	1.800937244331037301e-01	1.116655582133922048e-01	2.966919009442524624e-01	1.864536204739165870e-01	8.752773307352841592e-02	3.956298044780506840e-02	9.800448241374473679e-02
1.978648017385010689e+03	1.798309114690641308e-01	1.114788803216907181e-01	2.968622137133906658e-01	1.865701864613531769e-01	8.757879778661858960e-02	3.960141353827927035e-02	9.807759670934672325e-02
1.983485787598666320e+03	1.795695770006704439e-01	1.112932466280271843e-01	2.970315668460126179e-01	1.866860866535184071e-01	8.762957739932955570e-02	3.963964897248992841e-02	9.815029649969507497e-02
1.988323557812321269e+03	1.793097126378293271e-01	1.111086513386284336e-01	2.971999657919275895e-01	1.868013249513705010e-01	8.768007349560047459e-02	3.967768760280306062e-02	9.822258418158384685e-02
1.993161328025976900e+03	1.790513100396205204e-01	1.109250886907368616e-01	2.973674159693224794e-01	1.869159052317986847e-01	8.773028765061845202e-02	3.971553028048187273e-02	9.829446213716433456e-02
1.997999098239632076e+03	1.787943609139741874e-01	1.107425529524717206e-01	2.975339227649578255e-01	1.870298313477837537e-01	8.778022143086790241e-02	3.975317785563997619e-02	9.836593273404778404e-02
2.002836868453287707e+03	1.785388570173513934e-01	1.105610384226902027e-01	2.976994915343618708e-01	1.871431071285574455e-01	8.782987639417959291e-02	3.979063117719554288e-02	9.843699832540708794e-02
2.007674638666942428e+03	1.782847901544270530e-01	1.103805394308485233e-01	2.978641276020234097e-01	1.872557363797607566e-01	8.787925408977932673e-02	3.982789109282656309e-02	9.850766125007758001e-02
2.012512408880597604e+03	1.780321521777759319e-01	1.102010503368630462e-01	2.980278362615828014e-01	1.873677228836011788e-01	8.792835605833630719e-02	3.986495844892704726e-02	9.857792383265695513e-02
2.017350179094252780e+03	1.777809349875612566e-01	1.100225655309713252e-01	2.981906227760222072e-01	1.874790703990087681e-01	8.797718383201121040e-02	3.990183409056424074e-02	9.864778838360427349e-02
2.022187949307908411e+03	1.775311305312261001e-01	1.098450794335932568e-01	2.983524923778537730e-01	1.875897826617912711e-01	8.802573893450389708e-02	3.993851886143678920e-02	9.871725719933814591e-02
2.027025719521564042e+03	1.772827308031875160e-01	1.096685864951921913e-01	2.985134502693068126e-01	1.876998633847881126e-01	8.807402288110084687e-02	3.997501360383387548e-02	9.878633256233392002e-02
2.031863489735218764e+03	1.770357278445330584e-01	1.094930811961361411e-01	2.986735016225132711e-01	1.878093162580232178e-01	8.812203717872217623e-02	4.001131915859525850e-02	9.885501674122013083e-02
2.036701259948874394e+03	1.767901137427201619e-01	1.093185580465590445e-01	2.988326515796922989e-01	1.879181449488569466e-01	8.816978332596851764e-02	4.004743636507226978e-02	9.892331199087403548e-02
2.041539030162529116e+03	1.765458806312779627e-01	1.091450115862221404e-01	2.989909052533329947e-01	1.880263531021368062e-01	8.821726281316742690e-02	4.008336606108964945e-02	9.899122055251628749e-02
2.046376800376184747e+03	1.763030206895116747e-01	1.089724363843754817e-01	2.991482677263760381e-01	1.881339443403471923e-01	8.826447712241962396e-02	4.011910908290836075e-02	9.905874465380484772e-02
2.051214570589840150e+03	1.760615261422094346e-01	1.088008270396194355e-01	2.993047440523942115e-01	1.882409222637581314e-01	8.831142772764480342e-02	4.015466626518920251e-02	9.912588650892802111e-02
2.056052340803495554e+03	1.758213892593517014e-01	1.086301781797665150e-01	2.994603392557710353e-01	1.883472904505728018e-01	8.835811609462723704e-02	4.019003844095731665e-02	9.919264831869664678e-02
2.060890111017150957e+03	1.755826023558229310e-01	1.084604844617031300e-01	2.996150583318787919e-01	1.884530524570741938e-01	8.840454368106111238e-02	4.022522644156752147e-02	9.925903227063558043e-02
2.065727881230805451e+03	1.753451577911258330e-01	1.082917405712517517e-01	2.997689062472548294e-01	1.885582118177706323e-01	8.845071193659544140e-02	4.026023109667048461e-02	9.932504053907431629e-02
2.070565651444461309e+03	1.751090479690977642e-01	1.081239412230330516e-01	2.999218879397767545e-01	1.886627720455403556e-01	8.849662230287885789e-02	4.029505323417972157e-02	9.939067528523677642e-02
2.075403421658116713e+03	1.748742653376298140e-01	1.079570811603283442e-01	3.000740083188364604e-01	1.887667366317749285e-01	8.854227621360401257e-02	4.032969368023937157e-02	9.945593865733043382e-02
2.080241191871772116e+03	1.746408023883876670e-01	1.077911551549421976e-01	3.002252722655126549e-01	1.888701090465217947e-01	8.858767509455171829e-02	4.036415325919278513e-02	9.952083279063458909e-02
2.085078962085427065e+03	1.744086516565354072e-01	1.076261580070652368e-01	3.003756846327423347e-01	1.889728927386257473e-01	8.863282036363481775e-02	4.039843279355186112e-02	9.958535980758789763e-02
2.089916732299082469e+03	1.741778057204609043e-01	1.074620845451372264e-01	3.005252502454915375e-01	1.890750911358694275e-01	8.867771343094180136e-02	4.043253310396718175e-02	9.964952181787520291e-02
2.094754502512737417e+03	1.739482572015039197e-01	1.072989296257103736e-01	3.006739739009238743e-01	1.891767076451126572e-01	8.872235569878014760e-02	4.046645500919884147e-02	9.971332091851349555e-02
2.099592272726392821e+03	1.737199987636861287e-01	1.071366881333128268e-01	3.008218603685686166e-01	1.892777456524310786e-01	8.876674856171933026e-02	4.050019932608808770e-02	9.977675919393727555e-02
2.104430042940048224e+03	1.734930231134434175e-01	1.069753549803125758e-01	3.009689143904874520e-01	1.893782085232534884e-01	8.881089340663368692e-02	4.053376686952961383e-02	9.983983871608313743e-02
2.109267813153704083e+03	1.732673229993602626e-01	1.068149251067814220e-01	3.011151406814401854e-01	1.894780996024985065e-01	8.885479161274488502e-02	4.056715845244460161e-02	9.990256154447359205e-02
2.114105583367359031e+03	1.730428912119061913e-01	1.066553934803594061e-01	3.012605439290489961e-01	1.895774222147099397e-01	8.889844455166423520e-02	4.060037488575445053e-02	9.996492972630023621e-02
2.118943353581013525e+03	1.728197205831745464e-01	1.064967550961194720e-01	3.014051287939619739e-01	1.896761796641914244e-01	8.894185358743468550e-02	4.063341697835520794e-02	1.000269452965062145e-01
2.123781123794669384e+03	1.725978039866229719e-01	1.063390049764323664e-01	3.015488999100149892e-01	1.897743752351400415e-01	8.898502007657259349e-02	4.066628553709265154e-02	1.000886102778679593e-01
2.128618894008324787e+03	1.723771343368162290e-01	1.061821381708319412e-01	3.016918618843930089e-01	1.898720121917788772e-01	8.902794536810922088e-02	4.069898136673804484e-02	1.001499266810762512e-01
2.133456664221980191e+03	1.721577045891707902e-01	1.060261497558807608e-01	3.018340192977901348e-01	1.899690937784887790e-01	8.907063080363197827e-02	4.073150526996457271e-02	1.002108965048166683e-01
2.138294434435635139e+03	1.719395077397015137e-01	1.058710348350359459e-01	3.019753767045682546e-01	1.900656232199389728e-01	8.911307771732544791e-02	4.076385804732435975e-02	1.002715217358492172e-01
2.143132204649290543e+03	1.717225368247703721e-01	1.057167885385154882e-01	3.021159386329150265e-01	1.901616037212170152e-01	8.915528743601215667e-02	4.079604049722617559e-02	1.003318043490874362e-01
2.147969974862945492e+03	1.715067849208370410e-01	1.055634060231648297e-01	3.022557095850006426e-01	1.902570384679575510e-01	8.919726127919307135e-02	4.082805341591374398e-02	1.003917463076768185e-01
2.152807745076601350e+03	1.712922451442112914e-01	1.054108824723238025e-01	3.023946940371333159e-01	1.903519306264703226e-01	8.923900055908789986e-02	4.085989759744462074e-02	1.004513495630725145e-01
2.157645515290255844e+03	1.710789106508074087e-01	1.052592130956939154e-01	3.025328964399141563e-01	1.904462833438670122e-01	8.928050658067511469e-02	4.089157383366971710e-02	1.005106160551164640e-01
2.162483285503912157e+03	1.708667746359005257e-01	1.051083931292060292e-01	3.026703212183906033e-01	1.905400997481876413e-01	8.932178064173174059e-02	4.092308291421341976e-02	1.005695477121138631e-01
2.167321055717567106e+03	1.706558303338845950e-01	1.049584178348884345e-01	3.028069727722090820e-01	1.906333829485254705e-01	8.936282403287296172e-02	4.095442562645422446e-02	1.006281464509090340e-01
2.172158825931222509e+03	1.704460710180323857e-01	1.048092825007352485e-01	3.029428554757666592e-01	1.907261360351514556e-01	8.940363803759140970e-02	4.098560275550600790e-02	1.006864141769606424e-01
2.176996596144877003e+03	1.702374900002572577e-01	1.046609824405752703e-01	3.030779736783613676e-01	1.908183620796375379e-01	8.944422393229629897e-02	4.101661508419981311e-02	1.007443527844162773e-01
2.181834366358532861e+03	1.700300806308766011e-01	1.045135129939410712e-01	3.032123317043418642e-01	1.909100641349792682e-01	8.948458298635232622e-02	4.104746339306619002e-02	1.008019641561865160e-01
2.186672136572187810e+03	1.698238362983771899e-01	1.043668695259387519e-01	3.033459338532559779e-01	1.910012452357172930e-01	8.952471646211823675e-02	4.107814846031809797e-02	1.008592501640183103e-01
2.191509906785843214e+03	1.696187504291822024e-01	1.042210474271177828e-01	3.034787843999982582e-01	1.910919083980582300e-01	8.956462561498533537e-02	4.110867106183429404e-02	1.009162126685677618e-01
2.196347676999498617e+03	1.694148164874199058e-01	1.040760421133415936e-01	3.036108875949566355e-01	1.911820566199943783e-01	8.960431169341563640e-02	4.113903197114328336e-02	1.009728535194723970e-01
2.201185447213154021e+03	1.692120279746942568e-01	1.039318490256582461e-01	3.037422476641579716e-01	1.912716928814229000e-01	8.964377593897988883e-02	4.116923195940777602e-02	1.010291745554228043e-01
2.206023217426809424e+03	1.690103784298568612e-01	1.037884636301718289e-01	3.038728688094126662e-01	1.913608201442638379e-01	8.968301958639531002e-02	4.119927179540958800e-02	1.010851776042337169e-01
2.210860987640464373e+03	1.688098614287809884e-01	1.036458814179140042e-01	3.040027552084587081e-01	1.914494413525774097e-01	8.972204386356308348e-02	4.122915224553512503e-02	1.011408644829144832e-01
2.215698757854119776e+03	1.686104705841369178e-01	1.035040979047162080e-01	3.041319110151040062e-01	1.915375594326804987e-01	8.976084999160580113e-02	4.125887407376128968e-02	1.011962369977390391e-01
2.220536528067775180e+03	1.684121995451690335e-01	1.033631086310821401e-01	3.042603403593686640e-01	1.916251772932622832e-01	8.979943918490450316e-02	4.128843804164184644e-02	1.012512969443152833e-01
2.225374298281430583e+03	1.682150419974747235e-01	1.032229091620607553e-01	3.043880473476255344e-01	1.917122978254989785e-01	8.983781265113556513e-02	4.131784490829434886e-02	1.013060461076539104e-01
2.230212068495085077e+03	1.680189916627843894e-01	1.030834950871196976e-01	3.045150360627404962e-01	1.917989239031677451e-01	8.987597159130744640e-02	4.134709543038739971e-02	1.013604862622367181e-01
2.235049838708740936e+03	1.678240422987436475e-01	1.029448620200191372e-01	3.046413105642113983e-01	1.918850583827597933e-01	8.991391719979713315e-02	4.137619036212844548e-02	1.014146191720843720e-01
2.239887608922396339e+03	1.676301876986965589e-01	1.028070055986861214e-01	3.047668748883063383e-01	1.919707041035927930e-01	8.995165066438644275e-02	4.140513045525202884e-02	1.014684465908236022e-01
2.244725379136052197e+03	1.674374216914708280e-01	1.026699214850893271e-01	3.048917330482009969e-01	1.920558638879223123e-01	8.998917316629810592e-02	4.143391645900839498e-02	1.015219702617539271e-01
2.249563149349706237e+03	1.672457381411641963e-01	1.025336053651142720e-01	3.050158890341150286e-01	1.921405405410524514e-01	9.002648588023158538e-02	4.146254912015255589e-02	1.015751919179138096e-01
2.254400919563362095e+03	1.670551309469325285e-01	1.023980529484390667e-01	3.051393468134475651e-01	1.922247368514457544e-01	9.006358997439879721e-02	4.149102918293384734e-02	1.016281132821463262e-01
2.259238689777017044e+03	1.668655940427794804e-01	1.022632599684104859e-01	3.052621103309118844e-01	1.923084555908323723e-01	9.010048661055952701e-02	4.151935738908578422e-02	1.016807360671643096e-01
2.264076459990672902e+03	1.666771213973473886e-01	1.021292221819206508e-01	3.053841835086692491e-01	1.923916995143183928e-01	9.013717694405674885e-02	4.154753447781639464e-02	1.017330619756150606e-01
