1.001418434226643626e+03	2.836311230263554028e-01	1.734971623996453827e-01	2.344658521957569686e-01	1.415389105131988623e-01	6.895869880284286046e-02	2.771978715160705597e-02	7.018846591056855655e-02
1.003837319333471214e+03	2.831989709513992870e-01	1.732236786612098289e-01	2.347588550019641673e-01	1.417172094400304949e-01	6.903329846516585711e-02	2.776557761075577196e-02	7.030240986944964743e-02
1.006256204440298802e+03	2.827680630883681046e-01	1.729509825198616846e-01	2.350509629522948007e-01	1.418949901976755412e-01	6.910768869546629611e-02	2.781127574927136706e-02	7.041603679703722918e-02
1.008675089547126618e+03	2.823383958444349306e-01	1.726790716996036146e-01	2.353421787359310513e-01	1.420722545172551365e-01	6.918187012119832169e-02	2.785688160008579009e-02	7.052934748146617860e-02
1.011093974653954206e+03	2.819099656372286988e-01	1.724079439310794437e-01	2.356325050337749749e-01	1.422490041221033674e-01	6.925584336768147997e-02	2.790239519757335349e-02	7.064234271053369818e-02
1.013512859760782021e+03	2.814827688948031148e-01	1.721375969515542004e-01	2.359219445184786712e-01	1.424252407278211729e-01	6.932960905810994778e-02	2.794781657753592913e-02	7.075502327167206007e-02
1.015931744867609382e+03	2.810568020556052371e-01	1.718680285048940770e-01	2.362104998544742041e-01	1.426009660423298298e-01	6.940316781356173359e-02	2.799314577718826913e-02	7.086738995192176649e-02
1.018350629974437197e+03	2.806320615684447795e-01	1.715992363415465016e-01	2.364981736980034943e-01	1.427761817659237709e-01	6.947652025300782297e-02	2.803838283514347579e-02	7.097944353790526517e-02
1.020769515081264785e+03	2.802085438924631355e-01	1.713312182185203481e-01	2.367849686971477130e-01	1.429508895913230715e-01	6.954966699332126856e-02	2.808352779139855135e-02	7.109118481580099791e-02
1.023188400188092373e+03	2.797862454971024038e-01	1.710639718993662850e-01	2.370708874918569242e-01	1.431250912037251577e-01	6.962260864928621062e-02	2.812858068732007610e-02	7.120261457131801808e-02
1.025607285294920075e+03	2.793651628620748562e-01	1.707974951541568476e-01	2.373559327139792841e-01	1.432987882808563485e-01	6.969534583360686986e-02	2.817354156563001838e-02	7.131373358967091347e-02
1.028026170401747549e+03	2.789452924773320741e-01	1.705317857594669251e-01	2.376401069872900729e-01	1.434719824930226484e-01	6.976787915691648467e-02	2.821841047039162775e-02	7.142454265555533977e-02
1.030445055508575479e+03	2.785266308430345839e-01	1.702668414983543044e-01	2.379234129275206444e-01	1.436446755031600686e-01	6.984020922778617912e-02	2.826318744699547053e-02	7.153504255312388704e-02
1.032863940615402726e+03	2.781091744695214918e-01	1.700026601603399357e-01	2.382058531423874026e-01	1.438168689668846423e-01	6.991233665273369202e-02	2.830787254214556237e-02	7.164523406596233490e-02
1.035282825722230655e+03	2.776929198772801755e-01	1.697392395413886701e-01	2.384874302316201400e-01	1.439885645325417740e-01	6.998426203623225872e-02	2.835246580384561191e-02	7.175511797706644879e-02
1.037701710829058356e+03	2.772778635969157524e-01	1.694765774438898309e-01	2.387681467869906260e-01	1.441597638412552007e-01	7.005598598071927086e-02	2.839696728138537199e-02	7.186469506881906777e-02
1.040120595935886058e+03	2.768640021691213260e-01	1.692146716766378955e-01	2.390480053923408621e-01	1.443304685269753695e-01	7.012750908660489446e-02	2.844137702532712614e-02	7.197396612296767804e-02
1.042539481042713533e+03	2.764513321446477323e-01	1.689535200548132610e-01	2.393270086236111982e-01	1.445006802165275661e-01	7.019883195228075745e-02	2.848569508749224793e-02	7.208293192060236110e-02
1.044958366149541234e+03	2.760398500842737302e-01	1.686931203999631479e-01	2.396051590488683936e-01	1.446704005296593765e-01	7.026995517412841508e-02	2.852992152094789569e-02	7.219159324213414441e-02
1.047377251256368709e+03	2.756295525587760253e-01	1.684334705399824217e-01	2.398824592283333723e-01	1.448396310790878161e-01	7.034087934652791252e-02	2.857405637999380077e-02	7.229995086727376841e-02
1.049796136363196410e+03	2.752204361488997386e-01	1.681745683090944687e-01	2.401589117144088681e-01	1.450083734705458760e-01	7.041160506186622259e-02	2.861809972014916353e-02	7.240800557501080037e-02
1.052215021470024112e+03	2.748124974453284297e-01	1.679164115478323782e-01	2.404345190517070130e-01	1.451766293028289023e-01	7.048213291054562790e-02	2.866205159813966022e-02	7.251575814359308148e-02
1.054633906576851814e+03	2.744057330486550095e-01	1.676589981030198184e-01	2.407092837770766491e-01	1.453444001678401987e-01	7.055246348099208920e-02	2.870591207188455743e-02	7.262320935050674275e-02
1.057052791683679516e+03	2.740001395693518749e-01	1.674023258277524129e-01	2.409832084196305846e-01	1.455116876506363788e-01	7.062259735966355811e-02	2.874968120048390988e-02	7.273035997245633211e-02
1.059471676790506763e+03	2.735957136277418211e-01	1.671463925813786999e-01	2.412562955007726551e-01	1.456784933294723028e-01	7.069253513105822062e-02	2.879335904420589690e-02	7.283721078534549642e-02
1.061890561897334692e+03	2.731924518539684543e-01	1.668911962294816476e-01	2.415285475342246746e-01	1.458448187758455139e-01	7.076227737772268489e-02	2.883694566447423183e-02	7.294376256425794125e-02
1.064309447004162394e+03	2.727903508879674921e-01	1.666367346438597241e-01	2.417999670260531087e-01	1.460106655545402865e-01	7.083182468026014145e-02	2.888044112385567200e-02	7.305001608343876518e-02
1.066728332110990095e+03	2.723894073794371762e-01	1.663830057025084685e-01	2.420705564746958860e-01	1.461760352236712857e-01	7.090117761733853718e-02	2.892384548604766750e-02	7.315597211627616892e-02
1.069147217217817570e+03	2.719896179878097398e-01	1.661300072896018942e-01	2.423403183709887942e-01	1.463409293347268103e-01	7.097033676569852734e-02	2.896715881586606200e-02	7.326163143528338639e-02
1.071566102324645271e+03	2.715909793822222640e-01	1.658777372954740315e-01	2.426092551981918199e-01	1.465053494326115924e-01	7.103930270016155235e-02	2.901038117923291498e-02	7.336699481208112938e-02
1.073984987431472746e+03	2.711934882414878123e-01	1.656261936166003590e-01	2.428773694320153775e-01	1.466692970556892350e-01	7.110807599363783149e-02	2.905351264316443152e-02	7.347206301738026801e-02
1.076403872538300675e+03	2.707971412540668976e-01	1.653753741555796519e-01	2.431446635406465107e-01	1.468327737358242346e-01	7.117665721713421767e-02	2.909655327575897538e-02	7.357683682096485822e-02
1.078822757645127922e+03	2.704019351180388386e-01	1.651252768211154964e-01	2.434111399847746215e-01	1.469957809984235308e-01	7.124504693976213554e-02	2.913950314618517917e-02	7.368131699167546067e-02
1.081241642751955851e+03	2.700078665410733381e-01	1.648758995279981376e-01	2.436768012176173948e-01	1.471583203624780289e-01	7.131324572874536694e-02	2.918236232467016911e-02	7.378550429739282046e-02
1.083660527858783553e+03	2.696149322404016724e-01	1.646272401970862442e-01	2.439416496849465543e-01	1.473203933406030675e-01	7.138125414942789182e-02	2.922513088248785904e-02	7.388939950502189380e-02
1.086079412965611255e+03	2.692231289427887697e-01	1.643792967552888395e-01	2.442056878251133156e-01	1.474820014390793022e-01	7.144907276528153495e-02	2.926780889194735905e-02	7.399300338047608283e-02
1.088498298072438729e+03	2.688324533845046771e-01	1.641320671355471772e-01	2.444689180690736985e-01	1.476431461578925630e-01	7.151670213791375130e-02	2.931039642638147424e-02	7.409631668866187293e-02
1.090917183179266431e+03	2.684429023112965274e-01	1.638855492768167832e-01	2.447313428404140068e-01	1.478038289907737113e-01	7.158414282707524501e-02	2.935289356013529027e-02	7.419934019346370591e-02
1.093336068286093905e+03	2.680544724783605615e-01	1.636397411240494149e-01	2.449929645553757807e-01	1.479640514252379135e-01	7.165139539066756047e-02	2.939530036855485251e-02	7.430207465772920017e-02
1.095754953392921607e+03	2.676671606503137624e-01	1.633946406281753250e-01	2.452537856228809710e-01	1.481238149426238881e-01	7.171846038475070129e-02	2.943761692797595628e-02	7.440452084325466231e-02
1.098173838499749309e+03	2.672809636011664880e-01	1.631502457460853039e-01	2.455138084445567803e-01	1.482831210181323189e-01	7.178533836355059650e-02	2.947984331571298910e-02	7.450667951077082074e-02
1.100592723606577010e+03	2.668958781142943271e-01	1.629065544406129440e-01	2.457730354147603935e-01	1.484419711208642967e-01	7.185202987946658071e-02	2.952197961004791871e-02	7.460855141992890627e-02
1.103011608713404712e+03	2.665119009824103435e-01	1.626635646805168200e-01	2.460314689206036798e-01	1.486003667138592887e-01	7.191853548307888810e-02	2.956402589021930871e-02	7.471013732928701023e-02
1.105430493820231959e+03	2.661290290075377096e-01	1.624212744404630870e-01	2.462891113419777012e-01	1.487583092541326646e-01	7.198485572315602155e-02	2.960598223641147317e-02	7.481143799629670632e-02
1.107849378927059888e+03	2.657472590009818947e-01	1.621796817010076608e-01	2.465459650515770262e-01	1.489158001927130826e-01	7.205099114666205229e-02	2.964784872974370392e-02	7.491245417728992217e-02
1.110268264033887590e+03	2.653665877833033537e-01	1.619387844485787320e-01	2.468020324149242106e-01	1.490728409746793770e-01	7.211694229876397522e-02	2.968962545225957081e-02	7.501318662746614407e-02
1.112687149140715292e+03	2.649870121842901605e-01	1.616985806754592803e-01	2.470573157903936112e-01	1.492294330391970847e-01	7.218270972283902243e-02	2.973131248691633297e-02	7.511363610087981590e-02
1.115106034247542766e+03	2.646085290429306958e-01	1.614590683797696435e-01	2.473118175292358667e-01	1.493855778195548878e-01	7.224829396048185193e-02	2.977290991757441593e-02	7.521380335042800180e-02
1.117524919354370468e+03	2.642311352073863917e-01	1.612202455654501154e-01	2.475655399756013786e-01	1.495412767432004186e-01	7.231369555151170858e-02	2.981441782898698947e-02	7.531368912783834024e-02
1.119943804461197942e+03	2.638548275349646977e-01	1.609821102422437089e-01	2.478184854665644310e-01	1.496965312317759533e-01	7.237891503397965443e-02	2.985583630678963207e-02	7.541329418365727566e-02
1.122362689568025871e+03	2.634796028920921018e-01	1.607446604256788092e-01	2.480706563321467273e-01	1.498513427011536336e-01	7.244395294417557696e-02	2.989716543749006486e-02	7.551261926723847051e-02
1.124781574674853118e+03	2.631054581542870419e-01	1.605078941370519652e-01	2.483220548953409823e-01	1.500057125614705777e-01	7.250880981663533620e-02	2.993840530845797918e-02	7.561166512673153650e-02
1.127200459781681047e+03	2.627323902061330929e-01	1.602718094034108753e-01	2.485726834721343481e-01	1.501596422171634915e-01	7.257348618414780073e-02	2.997955600791495090e-02	7.571043250907087685e-02
1.129619344888508749e+03	2.623603959412523223e-01	1.600364042575370960e-01	2.488225443715318397e-01	1.503131330670030019e-01	7.263798257776177270e-02	3.002061762492443456e-02	7.580892215996494488e-02
1.132038229995336451e+03	2.619894722622784777e-01	1.598016767379290826e-01	2.490716398955794830e-01	1.504661865041278801e-01	7.270229952679301000e-02	3.006159024938182336e-02	7.590713482388565525e-02
1.134457115102163925e+03	2.616196160808303972e-01	1.595676248887852866e-01	2.493199723393875189e-01	1.506188039160785141e-01	7.276643755883112352e-02	3.010247397200463068e-02	7.600507124405793402e-02
1.136876000208991627e+03	2.612508243174855305e-01	1.593342467599871137e-01	2.495675439911533011e-01	1.507709866848306879e-01	7.283039719974644666e-02	3.014326888432270965e-02	7.610273216244964334e-02
1.139294885315819101e+03	2.608830939017534045e-01	1.591015404070821038e-01	2.498143571321842504e-01	1.509227361868285544e-01	7.289417897369689092e-02	3.018397507866857343e-02	7.620011831976165884e-02
1.141713770422646803e+03	2.605164217720494224e-01	1.588695038912670277e-01	2.500604140369206974e-01	1.510740537930175265e-01	7.295778340313471833e-02	3.022459264816779873e-02	7.629723045541822457e-02
1.144132655529474505e+03	2.601508048756684954e-01	1.586381352793712063e-01	2.503057169729584475e-01	1.512249408688769448e-01	7.302121100881335536e-02	3.026512168672948824e-02	7.639406930755739122e-02
1.146551540636302207e+03	2.597862401687588974e-01	1.584074326438397740e-01	2.505502682010714577e-01	1.513753987744523299e-01	7.308446230979409597e-02	3.030556228903684424e-02	7.649063561302184289e-02
1.148970425743129908e+03	2.594227246162961742e-01	1.581773940627169972e-01	2.507940699752342906e-01	1.515254288643874403e-01	7.314753782345281841e-02	3.034591455053779405e-02	7.658693010734977935e-02
1.151389310849957155e+03	2.590602551920568319e-01	1.579480176196297048e-01	2.510371245426444298e-01	1.516750324879559131e-01	7.321043806548656330e-02	3.038617856743568851e-02	7.668295352476615923e-02
1.153808195956785084e+03	2.586988288785929124e-01	1.577193014037706342e-01	2.512794341437445955e-01	1.518242109890928226e-01	7.327316354992027825e-02	3.042635443668010101e-02	7.677870659817398469e-02
1.156227081063612786e+03	2.583384426672056811e-01	1.574912435098820562e-01	2.515210010122448381e-01	1.519729657064258499e-01	7.333571478911331265e-02	3.046644225595768890e-02	7.687419005914593317e-02
1.158645966170440488e+03	2.579790935579200362e-01	1.572638420382393154e-01	2.517618273751446312e-01	1.521212979733062298e-01	7.339809229376599575e-02	3.050644212368312791e-02	7.696940463791608622e-02
1.161064851277267962e+03	2.576207785594587518e-01	1.570370950946342603e-01	2.520019154527549099e-01	1.522692091178393103e-01	7.346029657292614534e-02	3.054635413899012969e-02	7.706435106337194973e-02
1.163483736384095664e+03	2.572634946892169983e-01	1.568110007903590342e-01	2.522412674587197201e-01	1.524167004629150557e-01	7.352232813399560418e-02	3.058617840172251495e-02	7.715903006304655753e-02
1.165902621490923138e+03	2.569072389732365846e-01	1.565855572421898378e-01	2.524798856000382008e-01	1.525637733262380780e-01	7.358418748273656829e-02	3.062591501242539760e-02	7.725344236311083856e-02
1.168321506597751068e+03	2.565520084461806460e-01	1.563607625723705818e-01	2.527177720770860114e-01	1.527104290203575576e-01	7.364587512327813723e-02	3.066556407233640008e-02	7.734758868836615064e-02
1.170740391704578315e+03	2.561978001513082193e-01	1.561366149085966770e-01	2.529549290836370923e-01	1.528566688526969142e-01	7.370739155812257304e-02	3.070512568337696938e-02	7.744146976223703627e-02
1.173159276811406244e+03	2.558446111404487633e-01	1.559131123839990474e-01	2.531913588068850918e-01	1.530024941255830051e-01	7.376873728815169784e-02	3.074459994814374847e-02	7.753508630676407554e-02
1.175578161918233945e+03	2.554924384739773457e-01	1.556902531371278653e-01	2.534270634274645717e-01	1.531479061362754079e-01	7.382991281263323602e-02	3.078398696990003805e-02	7.762843904259701666e-02
1.177997047025061647e+03	2.551412792207890523e-01	1.554680353119366198e-01	2.536620451194723236e-01	1.532929061769951473e-01	7.389091862922705922e-02	3.082328685256731371e-02	7.772152868898797584e-02
1.180415932131889122e+03	2.547911304582740621e-01	1.552464570577660463e-01	2.538963060504887959e-01	1.534374955349533942e-01	7.395175523399137585e-02	3.086249970071680560e-02	7.781435596378492858e-02
1.182834817238716823e+03	2.544419892722929455e-01	1.550255165293283333e-01	2.541298483815988551e-01	1.535816754923798322e-01	7.401242312138903157e-02	3.090162561956117868e-02	7.790692158342529816e-02
1.185253702345544298e+03	2.540938527571512950e-01	1.548052118866910520e-01	2.543626742674127694e-01	1.537254473265507737e-01	7.407292278429365717e-02	3.094066471494625117e-02	7.799922626292969674e-02
1.187672587452371999e+03	2.537467180155750790e-01	1.545855412952615304e-01	2.545947858560874133e-01	1.538688123098169991e-01	7.413325471399577482e-02	3.097961709334280667e-02	7.809127071589591629e-02
1.190091472559199701e+03	2.534005821586859386e-01	1.543665029257708377e-01	2.548261852893468071e-01	1.540117717096315675e-01	7.419341940020898751e-02	3.101848286183845130e-02	7.818305565449297501e-02
1.192510357666027403e+03	2.530554423059764857e-01	1.541480949542582690e-01	2.550568747025026561e-01	1.541543267885771284e-01	7.425341733107597431e-02	3.105726212812955772e-02	7.827458178945545519e-02
1.194929242772855105e+03	2.527112955852856557e-01	1.539303155620554420e-01	2.552868562244755557e-01	1.542964788043932056e-01	7.431324899317462429e-02	3.109595500051326109e-02	7.836584983007785499e-02
1.197348127879682352e+03	2.523681391327741164e-01	1.537131629357708640e-01	2.555161319778148643e-01	1.544382290100030364e-01	7.437291487152399017e-02	3.113456158787953482e-02	7.845686048420920378e-02
1.199767012986510281e+03	2.520259700928999536e-01	1.534966352672741952e-01	2.557447040787195758e-01	1.545795786535404948e-01	7.443241544959032507e-02	3.117308199970333579e-02	7.854761445824777477e-02
1.202185898093337983e+03	2.516847856183940801e-01	1.532807307536808161e-01	2.559725746370584698e-01	1.547205289783764870e-01	7.449175120929300842e-02	3.121151634603678421e-02	7.863811245713599185e-02
1.204604783200165684e+03	2.513445828702362550e-01	1.530654475973362294e-01	2.561997457563904845e-01	1.548610812231453471e-01	7.455092263101045780e-02	3.124986473750145446e-02	7.872835518435544744e-02
1.207023668306993159e+03	2.510053590176304916e-01	1.528507840058007383e-01	2.564262195339847006e-01	1.550012366217708437e-01	7.460993019358609646e-02	3.128812728528069381e-02	7.881834334192208691e-02
1.209442553413820860e+03	2.506671112379810773e-01	1.526367381918340149e-01	2.566519980608406581e-01	1.551409964034921596e-01	7.466877437433414033e-02	3.132630410111202773e-02	7.890807763038153178e-02
1.211861438520648335e+03	2.503298367168685923e-01	1.524233083733796401e-01	2.568770834217082299e-01	1.552803617928894542e-01	7.472745564904549609e-02	3.136439529727961389e-02	7.899755874880454165e-02
1.214280323627476264e+03	2.499935326480257070e-01	1.522104927735499491e-01	2.571014776951076053e-01	1.554193340099093990e-01	7.478597449199347880e-02	3.140240098660677243e-02	7.908678739478264275e-02
1.216699208734303511e+03	2.496581962333133120e-01	1.519982896206107936e-01	2.573251829533489410e-01	1.555579142698904072e-01	7.484433137593970997e-02	3.144032128244856478e-02	7.917576426442386739e-02
1.219118093841131440e+03	2.493238246826966764e-01	1.517866971479661931e-01	2.575482012625524009e-01	1.556961037835875583e-01	7.490252677213975196e-02	3.147815629868444542e-02	7.926449005234856293e-02
1.221536978947959142e+03	2.489904152142216887e-01	1.515757135941433464e-01	2.577705346826675292e-01	1.558339037571976338e-01	7.496056115034889500e-02	3.151590614971099685e-02	7.935296545168557536e-02
1.223955864054786844e+03	2.486579650539910147e-01	1.513653372027773947e-01	2.579921852674929572e-01	1.559713153923835416e-01	7.501843497882780543e-02	3.155357095043464372e-02	7.944119115406821086e-02
1.226374749161614318e+03	2.483264714361406722e-01	1.511555662225964602e-01	2.582131550646961093e-01	1.561083398862989358e-01	7.507614872434822950e-02	3.159115081626454741e-02	7.952916784963061370e-02
1.228793634268442020e+03	2.479959316028162719e-01	1.509463989074066037e-01	2.584334461158322438e-01	1.562449784316123080e-01	7.513370285219855838e-02	3.162864586310547288e-02	7.961689622700415803e-02
1.231212519375269494e+03	2.476663428041495918e-01	1.507378335160768079e-01	2.586530604563638813e-01	1.563812322165310797e-01	7.519109782618951798e-02	3.166605620735073873e-02	7.970437697331395066e-02
1.233631404482097196e+03	2.473377022982351237e-01	1.505298683125241010e-01	2.588720001156803452e-01	1.565171024248254716e-01	7.524833410865967853e-02	3.170338196587524360e-02	7.979161077417555592e-02
1.236050289588924898e+03	2.470100073511067584e-01	1.503225015656987629e-01	2.590902671171166349e-01	1.566525902358521516e-01	7.530541216048100561e-02	3.174062325602852730e-02	7.987859831369166497e-02
1.238469174695752372e+03	2.466832552367144993e-01	1.501157315495693367e-01	2.593078634779726332e-01	1.567876968245776326e-01	7.536233244106438356e-02	3.177778019562790823e-02	7.996534027444905657e-02
1.240888059802580301e+03	2.463574432369012579e-01	1.499095565431080024e-01	2.595247912095320908e-01	1.569224233616016706e-01	7.541909540836515269e-02	3.181485290295167634e-02	8.005183733751562725e-02
1.243306944909407548e+03	2.460325686413796509e-01	1.497039748302756990e-01	2.597410523170816110e-01	1.570567710131802464e-01	7.547570151888849388e-02	3.185184149673232767e-02	8.013809018243746307e-02
1.245725830016235477e+03	2.457086287477089626e-01	1.494989847000075811e-01	2.599566487999294129e-01	1.571907409412485468e-01	7.553215122769492418e-02	3.188874609614987532e-02	8.022409948723613349e-02
1.248144715123063179e+03	2.453856208612721634e-01	1.492945844461983085e-01	2.601715826514243712e-01	1.573243343034436414e-01	7.558844498840569526e-02	3.192556682082522274e-02	8.030986592840602678e-02
1.250563600229890881e+03	2.450635422952530118e-01	1.490907723676874186e-01	2.603858558589743910e-01	1.574575522531270477e-01	7.564458325320817800e-02	3.196230379081357181e-02	8.039539018091182432e-02
1.252982485336718355e+03	2.447423903706131554e-01	1.488875467682448384e-01	2.605994704040652810e-01	1.575903959394071296e-01	7.570056647286114992e-02	3.199895712659787950e-02	8.048067291818604418e-02
1.255401370443546057e+03	2.444221624160693163e-01	1.486849059565563125e-01	2.608124282622791279e-01	1.577228665071612190e-01	7.575639509670026306e-02	3.203552694908241849e-02	8.056571481212677910e-02
1.257820255550373531e+03	2.441028557680706701e-01	1.484828482462090260e-01	2.610247314033129484e-01	1.578549650970577645e-01	7.581206957264320645e-02	3.207201337958633797e-02	8.065051653309544821e-02
1.260239140657201460e+03	2.437844677707760310e-01	1.482813719556771159e-01	2.612363817909970631e-01	1.579866928455780362e-01	7.586759034719507688e-02	3.210841653983731447e-02	8.073507874991471545e-02
1.262658025764028707e+03	2.434669957760314529e-01	1.480804754083073493e-01	2.614473813833133597e-01	1.581180508850379418e-01	7.592295786545359693e-02	3.214473655196525143e-02	8.081940212986643557e-02
1.265076910870856636e+03	2.431504371433475531e-01	1.478801569323047460e-01	2.616577321324135563e-01	1.582490403436093152e-01	7.597817257111433298e-02	3.218097353849601328e-02	8.090348733868983622e-02
1.267495795977684338e+03	2.428347892398772523e-01	1.476804148607182843e-01	2.618674359846375199e-01	1.583796623453415375e-01	7.603323490647588556e-02	3.221712762234522215e-02	8.098733504057961663e-02
1.269914681084511813e+03	2.425200494403932372e-01	1.474812475314267735e-01	2.620764948805311967e-01	1.585099180101825211e-01	7.608814531244509349e-02	3.225319892681214468e-02	8.107094589818433783e-02
1.272333566191339514e+03	2.422062151272657282e-01	1.472826532871245320e-01	2.622849107548648195e-01	1.586398084539997755e-01	7.614290422854221030e-02	3.228918757557355107e-02	8.115432057260468790e-02
1.274752451298167216e+03	2.418932836904402195e-01	1.470846304753073430e-01	2.624926855366507272e-01	1.587693347886012241e-01	7.619751209290592797e-02	3.232509369267771299e-02	8.123745972339209420e-02
1.277171336404994690e+03	2.415812525274153022e-01	1.468871774482581882e-01	2.626998211491615720e-01	1.588984981217560211e-01	7.625196934229858114e-02	3.236091740253839444e-02	8.132036400854718294e-02
1.279590221511822392e+03	2.412701190432205711e-01	1.466902925630334531e-01	2.629063195099477501e-01	1.590272995572148684e-01	7.630627641211115697e-02	3.239665882992893292e-02	8.140303408451855793e-02
1.282009106618650094e+03	2.409598806503946145e-01	1.464939741814485774e-01	2.631121825308553319e-01	1.591557401947305828e-01	7.636043373636836051e-02	3.243231809997632747e-02	8.148547060620148219e-02
1.284427991725477568e+03	2.406505347689630037e-01	1.462982206700643439e-01	2.633174121180438809e-01	1.592838211300782181e-01	7.641444174773365239e-02	3.246789533815542389e-02	8.156767422693671221e-02
1.286846876832305497e+03	2.403420788264163943e-01	1.461030304001728064e-01	2.635220101720039398e-01	1.594115434550751609e-01	7.646830087751425864e-02	3.250339067028312767e-02	8.164964559850951265e-02
1.289265761939132744e+03	2.400345102576887935e-01	1.459084017477834117e-01	2.637259785875746276e-01	1.595389082576010309e-01	7.652201155566612512e-02	3.253880422251264476e-02	8.173138537114857383e-02
1.291684647045960673e+03	2.397278265051355495e-01	1.457143330936092329e-01	2.639293192539611810e-01	1.596659166216174153e-01	7.657557421079885795e-02	3.257413612132781938e-02	8.181289419352516523e-02
1.294103532152788375e+03	2.394220250185118692e-01	1.455208228230530365e-01	2.641320340547521628e-01	1.597925696271875751e-01	7.662898927018070572e-02	3.260938649353750662e-02	8.189417271275234445e-02
1.296522417259616077e+03	2.391171032549511133e-01	1.453278693261936538e-01	2.643341248679371702e-01	1.599188683504957353e-01	7.668225715974341661e-02	3.264455546626996579e-02	8.197522157438416612e-02
1.298941302366443551e+03	2.388130586789431742e-01	1.451354709977721313e-01	2.645355935659238211e-01	1.600448138638666251e-01	7.673537830408713734e-02	3.267964316696731625e-02	8.205604142241502974e-02
1.301360187473271253e+03	2.385098887623130492e-01	1.449436262371781303e-01	2.647364420155551290e-01	1.601704072357844344e-01	7.678835312648528422e-02	3.271464972338004873e-02	8.213663289927916611e-02
1.303779072580098727e+03	2.382075909841993300e-01	1.447523334484363267e-01	2.649366720781265450e-01	1.602956495309120766e-01	7.684118204888935877e-02	3.274957526356160609e-02	8.221699664585008227e-02
1.306197957686926657e+03	2.379061628310328858e-01	1.445615910401926163e-01	2.651362856094031106e-01	1.604205418101097846e-01	7.689386549193377718e-02	3.278441991586296400e-02	8.229713330144013128e-02
1.308616842793753904e+03	2.376056017965154366e-01	1.443713974257008759e-01	2.653352844596366666e-01	1.605450851304541238e-01	7.694640387494065814e-02	3.281918380892728804e-02	8.237704350380023466e-02
1.311035727900581833e+03	2.373059053815984865e-01	1.441817510228091681e-01	2.655336704735824505e-01	1.606692805452565043e-01	7.699879761592458294e-02	3.285386707168461845e-02	8.245672788911953544e-02
1.313454613007409534e+03	2.370070710944619241e-01	1.439926502539464193e-01	2.657314454905161938e-01	1.607931291040815835e-01	7.705104713159735552e-02	3.288846983334663826e-02	8.253618709202520387e-02
1.315873498114237009e+03	2.367090964504931228e-01	1.438040935461089298e-01	2.659286113442511645e-01	1.609166318527656681e-01	7.710315283737267933e-02	3.292299222340144133e-02	8.261542174558234031e-02
1.318292383221064711e+03	2.364119789722656517e-01	1.436160793308470240e-01	2.661251698631544316e-01	1.610397898334349764e-01	7.715511514737095899e-02	3.295743437160836981e-02	8.269443248129391966e-02
1.320711268327892412e+03	2.361157161895185430e-01	1.434286060442516997e-01	2.663211228701640176e-01	1.611626040845235142e-01	7.720693447442385227e-02	3.299179640799291408e-02	8.277321992910074977e-02
1.323130153434719887e+03	2.358203056391351138e-01	1.432416721269412496e-01	2.665164721828054417e-01	1.612850756407912534e-01	7.725861123007904396e-02	3.302607846284161264e-02	8.285178471738161021e-02
1.325549038541547588e+03	2.355257448651222607e-01	1.430552760240481058e-01	2.667112196132081503e-01	1.614072055333417577e-01	7.731014582460477014e-02	3.306028066669702836e-02	8.293012747295329390e-02
1.327967923648375290e+03	2.352320314185896155e-01	1.428694161852055167e-01	2.669053669681220597e-01	1.615289947896399181e-01	7.736153866699455040e-02	3.309440315035278718e-02	8.300824882107096792e-02
1.330386808755202765e+03	2.349391628577287561e-01	1.426840910645344185e-01	2.670989160489342651e-01	1.616504444335294388e-01	7.741279016497168430e-02	3.312844604484858901e-02	8.308614938542828454e-02
1.332805693862030694e+03	2.346471367477926395e-01	1.424992991206303072e-01	2.672918686516851938e-01	1.617715554852503235e-01	7.746390072499384494e-02	3.316240948146534362e-02	8.316382978815783922e-02
1.335224578968857941e+03	2.343559506610747578e-01	1.423150388165500824e-01	2.674842265670849817e-01	1.618923289614561944e-01	7.751487075225765855e-02	3.319629359172030642e-02	8.324129064983147586e-02
1.337643464075685870e+03	2.340656021768889039e-01	1.421313086197989739e-01	2.676759915805299039e-01	1.620127658752314181e-01	7.756570065070321485e-02	3.323009850736227677e-02	8.331853258946082808e-02
1.340062349182513572e+03	2.337760888815484384e-01	1.419481070023175806e-01	2.678671654721183626e-01	1.621328672361080636e-01	7.761639082301854953e-02	3.326382436036678242e-02	8.339555622449776329e-02
1.342481234289341273e+03	2.334874083683459445e-01	1.417654324404687971e-01	2.680577500166672067e-01	1.622526340500829722e-01	7.766694167064419618e-02	3.329747128293141650e-02	8.347236217083500720e-02
1.344900119396168748e+03	2.331995582375328002e-01	1.415832834150249908e-01	2.682477469837278305e-01	1.623720673196344666e-01	7.771735359377757169e-02	3.333103940747110527e-02	8.354895104280675444e-02
1.347319004502996449e+03	2.329125360962990277e-01	1.414016584111549846e-01	2.684371581376021609e-01	1.624911680437390593e-01	7.776762699137745871e-02	3.336452886661347289e-02	8.362532345318936244e-02
1.349737889609823924e+03	2.326263395587528371e-01	1.412205559184111781e-01	2.686259852373586443e-01	1.626099372178880231e-01	7.781776226116846051e-02	3.339793979319424094e-02	8.370148001320211473e-02
1.352156774716651853e+03	2.323409662459005876e-01	1.410399744307168357e-01	2.688142300368481785e-01	1.627283758341038222e-01	7.786775979964538630e-02	3.343127232025266959e-02	8.377742133250801193e-02
1.354575659823479100e+03	2.320564137856266085e-01	1.408599124463532082e-01	2.690018942847199890e-01	1.628464848809564602e-01	7.791762000207759498e-02	3.346452658102702649e-02	8.385314801921463224e-02
1.356994544930307029e+03	2.317726798126731325e-01	1.406803684679467925e-01	2.691889797244374494e-01	1.629642653435796062e-01	7.796734326251339442e-02	3.349770270895010421e-02	8.392866067987501955e-02
1.359413430037134731e+03	2.314897619686203112e-01	1.405013410024566201e-01	2.693754880942939023e-01	1.630817182036868596e-01	7.801692997378438521e-02	3.353080083764480024e-02	8.400395991948865493e-02
1.361832315143962205e+03	2.312076579018662870e-01	1.403228285611616000e-01	2.695614211274280914e-01	1.631988444395875981e-01	7.806638052750979051e-02	3.356382110091968296e-02	8.407904634150246970e-02
1.364251200250789907e+03	2.309263652676072087e-01	1.401448296596479182e-01	2.697467805518402040e-01	1.633156450262028547e-01	7.811569531410075817e-02	3.359676363276465488e-02	8.415392054781194175e-02
1.366670085357617609e+03	2.306458817278175533e-01	1.399673428177962975e-01	2.699315680904070258e-01	1.634321209350811932e-01	7.816487472276463511e-02	3.362962856734659500e-02	8.422858313876217806e-02
1.369088970464445310e+03	2.303662049512302246e-01	1.397903665597696465e-01	2.701157854608978726e-01	1.635482731344143070e-01	7.821391914150924163e-02	3.366241603900511914e-02	8.430303471314903874e-02
1.371507855571272785e+03	2.300873326133169861e-01	1.396138994140003475e-01	2.702994343759898555e-01	1.636641025890524515e-01	7.826282895714711807e-02	3.369512618224829170e-02	8.437727586822039993e-02
1.373926740678100487e+03	2.298092623962686432e-01	1.394379399131779607e-01	2.704825165432832579e-01	1.637796102605200699e-01	7.831160455529972975e-02	3.372775913174844153e-02	8.445130719967738897e-02
1.376345625784927961e+03	2.295319919889756421e-01	1.392624865942365675e-01	2.706650336653169120e-01	1.638947971070310039e-01	7.836024632040172744e-02	3.376031502233799164e-02	8.452512930167566108e-02
1.378764510891755890e+03	2.292555190870083914e-01	1.390875379983425308e-01	2.708469874395836863e-01	1.640096640835037312e-01	7.840875463570511072e-02	3.379279398900530279e-02	8.459874276682680105e-02
1.381183395998583137e+03	2.289798413925978326e-01	1.389130926708820601e-01	2.710283795585454736e-01	1.641242121415765753e-01	7.845712988328337745e-02	3.382519616689060732e-02	8.467214818619962780e-02
1.383602281105411066e+03	2.287049566146161228e-01	1.387391491614488326e-01	2.712092117096487343e-01	1.642384422296225277e-01	7.850537244403567316e-02	3.385752169128192213e-02	8.474534614932172083e-02
1.386021166212238768e+03	2.284308624685570943e-01	1.385657060238318639e-01	2.713894855753393176e-01	1.643523552927644016e-01	7.855348269769100999e-02	3.388977069761105881e-02	8.481833724418084974e-02
1.388440051319066470e+03	2.281575566765171315e-01	1.383927618160030737e-01	2.715692028330776164e-01	1.644659522728894874e-01	7.860146102281224956e-02	3.392194332144959912e-02	8.489112205722644522e-02
1.390858936425893944e+03	2.278850369671758247e-01	1.382203151001051011e-01	2.717483651553538326e-01	1.645792341086643185e-01	7.864930779680029405e-02	3.395403969850496750e-02	8.496370117337125050e-02
1.393277821532721646e+03	2.276133010757768749e-01	1.380483644424392031e-01	2.719269742097026876e-01	1.646922017355492984e-01	7.869702339589813855e-02	3.398605996461653844e-02	8.503607517599283405e-02
1.395696706639549120e+03	2.273423467441088863e-01	1.378769084134530420e-01	2.721050316587185769e-01	1.648048560858131062e-01	7.874460819519493726e-02	3.401800425575170900e-02	8.510824464693531044e-02
1.398115591746377049e+03	2.270721717204863543e-01	1.377059455877285565e-01	2.722825391600703360e-01	1.649171980885472955e-01	7.879206256863002800e-02	3.404987270800208243e-02	8.518021016651092236e-02
1.400534476853204296e+03	2.268027737597306248e-01	1.375354745439699711e-01	2.724594983665160064e-01	1.650292286696804500e-01	7.883938688899698455e-02	3.408166545757967958e-02	8.525197231350181704e-02
1.402953361960032225e+03	2.265341506231509094e-01	1.373654938649916668e-01	2.726359109259179903e-01	1.651409487519925057e-01	7.888658152794758571e-02	3.411338264081312244e-02	8.532353166516180865e-02
1.405372247066859927e+03	2.262663000785255230e-01	1.371960021377062189e-01	2.728117784812571500e-01	1.652523592551288500e-01	7.893364685599582597e-02	3.414502439414394269e-02	8.539488879721811310e-02
1.407791132173687402e+03	2.259992199000828705e-01	1.370269979531124338e-01	2.729871026706480186e-01	1.653634610956143669e-01	7.898058324252189843e-02	3.417659085412282083e-02	8.546604428387322150e-02
1.410210017280515103e+03	2.257329078684828239e-01	1.368584799062834423e-01	2.731618851273532322e-01	1.654742551868672584e-01	7.902739105577616385e-02	3.420808215740598485e-02	8.553699869780670428e-02
1.412628902387342805e+03	2.254673617707978472e-01	1.366904465963547366e-01	2.733361274797981855e-01	1.655847424392131451e-01	7.907407066288299480e-02	3.423949844075150489e-02	8.560775261017716797e-02
1.415047787494170507e+03	2.252025794004944292e-01	1.365228966265124022e-01	2.735098313515855195e-01	1.656949237598985547e-01	7.912062242984480021e-02	3.427083984101574748e-02	8.567830659062417031e-02
1.417466672600997981e+03	2.249385585574144308e-01	1.363558286039812661e-01	2.736829983615093886e-01	1.658048000531047450e-01	7.916704672154589728e-02	3.430210649514976035e-02	8.574866120727009378e-02
1.419885557707825683e+03	2.246752970477564892e-01	1.361892411400130454e-01	2.738556301235703372e-01	1.659143722199612758e-01	7.921334390175636953e-02	3.433329854019576827e-02	8.581881702672228274e-02
1.422304442814653157e+03	2.244127926840575882e-01	1.360231328498746894e-01	2.740277282469893438e-01	1.660236411585594152e-01	7.925951433313593864e-02	3.436441611328365509e-02	8.588877461407495861e-02
1.424723327921481086e+03	2.241510432851745727e-01	1.358575023528366121e-01	2.741992943362220880e-01	1.661326077639656007e-01	7.930555837723786416e-02	3.439545935162747342e-02	8.595853453291131541e-02
1.427142213028308333e+03	2.238900466762657193e-01	1.356923482721610064e-01	2.743703299909736604e-01	1.662412729282347346e-01	7.935147639451271828e-02	3.442642839252205156e-02	8.602809734530558750e-02
1.429561098135136262e+03	2.236298006887724454e-01	1.355276692350902423e-01	2.745408368062124405e-01	1.663496375404233951e-01	7.939726874431224379e-02	3.445732337333953094e-02	8.609746361182522845e-02
1.431979983241963964e+03	2.233703031604009903e-01	1.353634638728352102e-01	2.747108163721841967e-01	1.664577024866030208e-01	7.944293578489310115e-02	3.448814443152602854e-02	8.616663389153295105e-02
1.434398868348791666e+03	2.231115519351042076e-01	1.351997308205637738e-01	2.748802702744265747e-01	1.665654686498728720e-01	7.948847787342074034e-02	3.451889170459829237e-02	8.623560874198898940e-02
1.436817753455619140e+03	2.228535448630634130e-01	1.350364687173892519e-01	2.750492000937829751e-01	1.666729369103730762e-01	7.953389536597310627e-02	3.454956533014035686e-02	8.630438871925327771e-02
1.439236638562446842e+03	2.225962798006701493e-01	1.348736762063588446e-01	2.752176074064165978e-01	1.667801081452975343e-01	7.957918861754438578e-02	3.458016544580028162e-02	8.637297437788768462e-02
1.441655523669274316e+03	2.223397546105082279e-01	1.347113519344422250e-01	2.753854937838245420e-01	1.668869832289066324e-01	7.962435798204878235e-02	3.461069218928690405e-02	8.644136627095823366e-02
1.444074408776102018e+03	2.220839671613357158e-01	1.345494945525200214e-01	2.755528607928515172e-01	1.669935630325400377e-01	7.966940381232420765e-02	3.464114569836659885e-02	8.650956495003743474e-02
1.446493293882929493e+03	2.218289153280668946e-01	1.343881027153725483e-01	2.757197099957041098e-01	1.670998484246292992e-01	7.971432646013601464e-02	3.467152611086011388e-02	8.657757096520658779e-02
1.448912178989757422e+03	2.215745969917544411e-01	1.342271750816683984e-01	2.758860429499642719e-01	1.672058402707103930e-01	7.975912627618061967e-02	3.470183356463937135e-02	8.664538486505808657e-02
1.451331064096585123e+03	2.213210100395714974e-01	1.340667103139529248e-01	2.760518612086034773e-01	1.673115394334362960e-01	7.980380361008926338e-02	3.473206819762439390e-02	8.671300719669781942e-02
1.453749949203412370e+03	2.210681523647938240e-01	1.339067070786371938e-01	2.762171663199961547e-01	1.674169467725892813e-01	7.984835881043161887e-02	3.476223014778013348e-02	8.678043850574751472e-02
1.456168834310240300e+03	2.208160218667822861e-01	1.337471640459866329e-01	2.763819598279335654e-01	1.675220631450932141e-01	7.989279222471942776e-02	3.479231955311344604e-02	8.684767933634718329e-02
1.458587719417068001e+03	2.205646164509648954e-01	1.335880798901096789e-01	2.765462432716374042e-01	1.676268894050259861e-01	7.993710419941013612e-02	3.482233655167003838e-02	8.691473023115753316e-02
1.461006604523895703e+03	2.203139340288192694e-01	1.334294532889467588e-01	2.767100181857737873e-01	1.677314264036314784e-01	7.998129507991047493e-02	3.485228128153145671e-02	8.698159173136243982e-02
1.463425489630723177e+03	2.200639725178550887e-01	1.332712829242589936e-01	2.768732861004662982e-01	1.678356749893317457e-01	8.002536521058013774e-02	3.488215388081206125e-02	8.704826437667138872e-02
1.465844374737550879e+03	2.198147298415964179e-01	1.331135674816171510e-01	2.770360485413096985e-01	1.679396360077389516e-01	8.006931493473527783e-02	3.491195448765613274e-02	8.711474870532201487e-02
1.468263259844378354e+03	2.195662039295644685e-01	1.329563056503905161e-01	2.771983070293836948e-01	1.680433103016674423e-01	8.011314459465210258e-02	3.494168324023490951e-02	8.718104525408260086e-02
1.470682144951206283e+03	2.193183927172598358e-01	1.327994961237357607e-01	2.773600630812658729e-01	1.681466987111455147e-01	8.015685453157041229e-02	3.497134027674367318e-02	8.724715455825463040e-02
1.473101030058033530e+03	2.190712941461453733e-01	1.326431375985860361e-01	2.775213182090457420e-01	1.682498020734272126e-01	8.020044508569715291e-02	3.500092573539889673e-02	8.731307715167534178e-02
1.475519915164861459e+03	2.188249061636287351e-01	1.324872287756398981e-01	2.776820739203375576e-01	1.683526212230040675e-01	8.024391659620991324e-02	3.503043975443539265e-02	8.737881356672028144e-02
1.477938800271689161e+03	2.185792267230451114e-01	1.323317683593502880e-01	2.778423317182937557e-01	1.684551569916167835e-01	8.028726940126044986e-02	3.505988247210349573e-02	8.744436433430594069e-02
1.480357685378516862e+03	2.183342537836401032e-01	1.321767550579137085e-01	2.780020931016184416e-01	1.685574102082667280e-01	8.033050383797817051e-02	3.508925402666626669e-02	8.750972998389239255e-02
1.482776570485344337e+03	2.180899853105524588e-01	1.320221875832593150e-01	2.781613595645804349e-01	1.686593816992274786e-01	8.037362024247357573e-02	3.511855455639672358e-02	8.757491104348588684e-02
