1.001418434226643626e+03	2.788741152342894547e-01	1.815518980022458040e-01	2.349818357423732462e-01	1.409511574846896154e-01	6.826040125866508768e-02	2.661256258462676647e-02	6.876802969285444878e-02
1.002869765290740247e+03	2.786135301012467869e-01	1.813919430750719763e-01	2.351635388134045157e-01	1.410560755166951064e-01	6.830292936206348864e-02	2.663945387363746836e-02	6.883252925762514685e-02
1.004321096354836754e+03	2.783534001413469627e-01	1.812322480230403599e-01	2.353449201524666634e-01	1.411607942771455904e-01	6.834538271907915352e-02	2.666632943558802302e-02	6.889692525107771193e-02
1.005772427418933376e+03	2.780937245540527902e-01	1.810728124158247354e-01	2.355259803118597284e-01	1.412653141731197715e-01	6.838776154881173741e-02	2.669318909181252544e-02	6.896121790426316955e-02
1.007223758483029997e+03	2.778345025403406998e-01	1.809136358238175035e-01	2.357067198430197463e-01	1.413696356114291230e-01	6.843006606845068729e-02	2.672003266563336907e-02	6.902540744705333575e-02
1.008675089547126618e+03	2.775757333026965257e-01	1.807547178181283798e-01	2.358871392965192215e-01	1.414737589986052035e-01	6.847229649330585644e-02	2.674685998234242051e-02	6.908949410814682612e-02
1.010126420611223239e+03	2.773174160451113424e-01	1.805960579705833402e-01	2.360672392220675986e-01	1.415776847408870831e-01	6.851445303683752208e-02	2.677367086918241296e-02	6.915347811507521758e-02
1.011577751675319632e+03	2.770595499730770794e-01	1.804376558537233721e-01	2.362470201685115678e-01	1.416814132442089091e-01	6.855653591068582020e-02	2.680046515532849907e-02	6.921735969420933499e-02
1.013029082739416367e+03	2.768021342935825801e-01	1.802795110408032808e-01	2.364264826838356204e-01	1.417849449141879992e-01	6.859854532469965294e-02	2.682724267186997746e-02	6.928113907076548228e-02
1.014480413803512761e+03	2.765451682151096047e-01	1.801216231057905237e-01	2.366056273151624090e-01	1.418882801561130724e-01	6.864048148696499929e-02	2.685400325179220643e-02	6.934481646881178463e-02
1.015931744867609382e+03	2.762886509476285002e-01	1.799639916233641557e-01	2.367844546087531643e-01	1.419914193749325926e-01	6.868234460383278173e-02	2.688074672995870856e-02	6.940839211127469710e-02
1.017383075931706003e+03	2.760325817025942596e-01	1.798066161689134412e-01	2.369629651100082779e-01	1.420943629752436932e-01	6.872413487994609438e-02	2.690747294309342799e-02	6.947186621994538847e-02
1.018834406995802851e+03	2.757769596929425804e-01	1.796494963185368832e-01	2.371411593634675519e-01	1.421971113612810755e-01	6.876585251826700107e-02	2.693418172976316458e-02	6.953523901548633313e-02
1.020285738059899245e+03	2.755217841330857009e-01	1.794926316490409179e-01	2.373190379128108096e-01	1.422996649369062394e-01	6.880749772010275045e-02	2.696087293036018850e-02	6.959851071743786144e-02
1.021737069123995752e+03	2.752670542389087927e-01	1.793360217379387500e-01	2.374966013008583954e-01	1.424020241055970748e-01	6.884907068513163031e-02	2.698754638708501102e-02	6.966168154422479331e-02
1.023188400188092373e+03	2.750127692277655744e-01	1.791796661634494081e-01	2.376738500695714795e-01	1.425041892704373980e-01	6.889057161142814190e-02	2.701420194392934251e-02	6.972475171316311338e-02
1.024639731252188767e+03	2.747589283184745934e-01	1.790235645044962187e-01	2.378507847600526692e-01	1.426061608341070985e-01	6.893200069548793829e-02	2.704083944665919628e-02	6.978772144046670178e-02
1.026091062316285615e+03	2.745055307313156168e-01	1.788677163407059456e-01	2.380274059125464525e-01	1.427079391988721468e-01	6.897335813225202727e-02	2.706745874279817277e-02	6.985059094125405099e-02
1.027542393380382237e+03	2.742525756880254684e-01	1.787121212524074576e-01	2.382037140664396702e-01	1.428095247665751022e-01	6.901464411513075214e-02	2.709405968161087905e-02	6.991336042955510754e-02
1.028993724444478858e+03	2.740000624117943095e-01	1.785567788206306739e-01	2.383797097602620152e-01	1.429109179386257034e-01	6.905585883602723130e-02	2.712064211408655307e-02	6.997603011831805830e-02
1.030445055508575479e+03	2.737479901272617533e-01	1.784016886271053426e-01	2.385553935316865048e-01	1.430121191159916538e-01	6.909700248536036760e-02	2.714720589292280578e-02	7.003860021941617220e-02
1.031896386572671872e+03	2.734963580605134226e-01	1.782468502542598476e-01	2.387307659175300634e-01	1.431131286991896845e-01	6.913807525208738591e-02	2.717375087250954377e-02	7.010107094365466973e-02
1.033347717636768493e+03	2.732451654390767870e-01	1.780922632852202092e-01	2.389058274537540494e-01	1.432139470882768106e-01	6.917907732372602370e-02	2.720027690891304445e-02	7.016344250077770350e-02
1.034799048700865114e+03	2.729944114919178322e-01	1.779379273038087517e-01	2.390805786754646445e-01	1.433145746828417832e-01	6.922000888637627747e-02	2.722678385986017011e-02	7.022571509947514445e-02
1.036250379764961508e+03	2.727440954494372294e-01	1.777838418945431043e-01	2.392550201169134916e-01	1.434150118819966513e-01	6.926087012474176074e-02	2.725327158472276232e-02	7.028788894738967341e-02
1.037701710829058356e+03	2.724942165434664498e-01	1.776300066426348967e-01	2.394291523114981668e-01	1.435152590843687403e-01	6.930166122215061786e-02	2.727973994450216821e-02	7.034996425112363672e-02
1.039153041893154750e+03	2.722447740072644895e-01	1.774764211339887321e-01	2.396029757917627345e-01	1.436153166880925758e-01	6.934238236057616023e-02	2.730618880181391595e-02	7.041194121624602675e-02
1.040604372957251599e+03	2.719957670755140944e-01	1.773230849552009936e-01	2.397764910893983858e-01	1.437151850908020834e-01	6.938303372065698915e-02	2.733261802087254624e-02	7.047382004729953187e-02
1.042055704021347992e+03	2.717471949843181522e-01	1.771699976935587340e-01	2.399496987352437993e-01	1.438148646896230676e-01	6.942361548171681329e-02	2.735902746747659320e-02	7.053560094780746137e-02
1.043507035085444613e+03	2.714990569711961399e-01	1.770171589370384824e-01	2.401225992592858904e-01	1.439143558811656898e-01	6.946412782178398859e-02	2.738541700899369338e-02	7.059728412028079547e-02
1.044958366149541234e+03	2.712513522750805706e-01	1.768645682743051617e-01	2.402951931906602001e-01	1.440136590615172796e-01	6.950457091761047534e-02	2.741178651434586153e-02	7.065886976622516580e-02
1.046409697213637855e+03	2.710040801363135521e-01	1.767122252947108396e-01	2.404674810576515886e-01	1.441127746262352571e-01	6.954494494469071197e-02	2.743813585399489108e-02	7.072035808614790531e-02
1.047861028277734476e+03	2.707572397966432343e-01	1.765601295882937571e-01	2.406394633876947908e-01	1.442117029703401387e-01	6.958525007727994760e-02	2.746446489992790049e-02	7.078174927956502882e-02
1.049312359341831097e+03	2.705108304992202561e-01	1.764082807457770241e-01	2.408111407073749988e-01	1.443104444883089033e-01	6.962548648841233867e-02	2.749077352564302870e-02	7.084304354500826906e-02
1.050763690405927491e+03	2.702648514885944153e-01	1.762566783585675922e-01	2.409825135424283893e-01	1.444089995740683863e-01	6.966565434991867090e-02	2.751706160613524854e-02	7.090424108003208492e-02
1.052215021470024112e+03	2.700193020107112263e-01	1.761053220187551172e-01	2.411535824177428178e-01	1.445073686209888131e-01	6.970575383244383139e-02	2.754332901788232937e-02	7.096534208122066978e-02
1.053666352534120733e+03	2.697741813129084232e-01	1.759542113191107648e-01	2.413243478573583456e-01	1.446055520218775814e-01	6.974578510546380894e-02	2.756957563883094889e-02	7.102634674419498750e-02
1.055117683598217127e+03	2.695294886439126847e-01	1.758033458530861293e-01	2.414948103844678506e-01	1.447035501689730719e-01	6.978574833730261107e-02	2.759580134838290552e-02	7.108725526361971137e-02
1.056569014662313975e+03	2.692852232538360258e-01	1.756527252148120111e-01	2.416649705214176658e-01	1.448013634539387362e-01	6.982564369514866753e-02	2.762200602738148700e-02	7.114806783321032946e-02
1.058020345726410369e+03	2.690413843941727445e-01	1.755023489990975849e-01	2.418348287897082727e-01	1.448989922678573516e-01	6.986547134507105350e-02	2.764818955809796724e-02	7.120878464573997257e-02
1.059471676790506763e+03	2.687979713177960361e-01	1.753522168014288451e-01	2.420043857099947182e-01	1.449964370012252202e-01	6.990523145203539346e-02	2.767435182421822820e-02	7.126940589304653351e-02
1.060923007854603611e+03	2.685549832789544400e-01	1.752023282179678010e-01	2.421736418020875026e-01	1.450936980439467838e-01	6.994492417991947375e-02	2.770049271082951695e-02	7.132993176603953656e-02
1.062374338918700232e+03	2.683124195332686757e-01	1.750526828455511996e-01	2.423425975849531067e-01	1.451907757853290459e-01	6.998454969152857752e-02	2.772661210440731383e-02	7.139036245470715969e-02
1.063825669982796853e+03	2.680702793377285897e-01	1.749032802816895271e-01	2.425112535767145472e-01	1.452876706140765195e-01	7.002410814861056987e-02	2.775270989280234635e-02	7.145069814812307629e-02
1.065277001046893474e+03	2.678285619506895476e-01	1.747541201245657594e-01	2.426796102946521538e-01	1.453843829182859537e-01	7.006359971187063607e-02	2.777878596522771748e-02	7.151093903445344957e-02
1.066728332110990095e+03	2.675872666318694360e-01	1.746052019730343352e-01	2.428476682552041799e-01	1.454809130854414212e-01	7.010302454098589486e-02	2.780484021224616589e-02	7.157108530096377430e-02
1.068179663175086489e+03	2.673463926423454429e-01	1.744565254266200183e-01	2.430154279739674961e-01	1.455772615024094330e-01	7.014238279461958159e-02	2.783087252575743367e-02	7.163113713402580185e-02
1.069630994239183110e+03	2.671059392445506719e-01	1.743080900855168147e-01	2.431828899656982568e-01	1.456734285554342478e-01	7.018167463043512022e-02	2.785688279898576244e-02	7.169109471912438192e-02
1.071082325303279504e+03	2.668659057022710335e-01	1.741598955505867519e-01	2.433500547443125384e-01	1.457694146301332094e-01	7.022090020510990405e-02	2.788287092646751439e-02	7.175095824086430429e-02
1.072533656367376352e+03	2.666262912806421914e-01	1.740119414233588513e-01	2.435169228228870331e-01	1.458652201114923330e-01	7.026005967434875710e-02	2.790883680403890427e-02	7.181072788297714060e-02
1.073984987431472746e+03	2.663870952461463992e-01	1.738642273060280463e-01	2.436834947136597984e-01	1.459608453838618647e-01	7.029915319289732623e-02	2.793478032882385984e-02	7.187040382832797503e-02
1.075436318495569594e+03	2.661483168666091692e-01	1.737167528014540163e-01	2.438497709280308678e-01	1.460562908309519792e-01	7.033818091455501520e-02	2.796070139922197245e-02	7.192998625892227382e-02
1.076887649559666215e+03	2.659099554111963304e-01	1.735695175131601042e-01	2.440157519765629723e-01	1.461515568358288386e-01	7.037714299218789105e-02	2.798659991489659687e-02	7.198947535591253277e-02
1.078338980623762609e+03	2.656720101504109754e-01	1.734225210453322064e-01	2.441814383689823731e-01	1.462466437809103736e-01	7.041603957774125733e-02	2.801247577676304820e-02	7.204887129960503567e-02
1.079790311687859230e+03	2.654344803560901855e-01	1.732757630028177176e-01	2.443468306141793611e-01	1.463415520479624532e-01	7.045487082225204700e-02	2.803832888697690290e-02	7.210817426946659892e-02
1.081241642751955851e+03	2.651973653014021437e-01	1.731292429911243380e-01	2.445119292202091454e-01	1.464362820180950819e-01	7.049363687586095162e-02	2.806415914892242125e-02	7.216738444413120512e-02
1.082692973816052472e+03	2.649606642608429152e-01	1.729829606164190459e-01	2.446767346942924914e-01	1.465308340717587365e-01	7.053233788782441172e-02	2.808996646720108778e-02	7.222650200140660892e-02
1.084144304880149093e+03	2.647243765102335611e-01	1.728369154855269874e-01	2.448412475428165258e-01	1.466252085887406187e-01	7.057097400652635744e-02	2.811575074762024187e-02	7.228552711828099830e-02
1.085595635944245487e+03	2.644885013267171958e-01	1.726911072059303387e-01	2.450054682713353471e-01	1.467194059481613244e-01	7.060954537948969933e-02	2.814151189718183677e-02	7.234445997092954495e-02
1.087046967008342108e+03	2.642530379887556014e-01	1.725455353857672514e-01	2.451693973845709140e-01	1.468134265284714302e-01	7.064805215338772204e-02	2.816724982407129221e-02	7.240330073472099615e-02
1.088498298072438729e+03	2.640179857761266180e-01	1.724001996338308529e-01	2.453330353864137670e-01	1.469072707074481343e-01	7.068649447405521424e-02	2.819296443764646165e-02	7.246204958422414188e-02
1.089949629136535123e+03	2.637833439699211469e-01	1.722550995595679146e-01	2.454963827799236942e-01	1.470009388621921209e-01	7.072487248649939051e-02	2.821865564842668608e-02	7.252070669321435126e-02
1.091400960200631971e+03	2.635491118525397636e-01	1.721102347730779636e-01	2.456594400673305645e-01	1.470944313691243399e-01	7.076318633491068821e-02	2.824432336808198676e-02	7.257927223467999789e-02
1.092852291264728365e+03	2.633152887076903315e-01	1.719656048851121721e-01	2.458222077500350211e-01	1.471877486039831762e-01	7.080143616267332851e-02	2.826996750942232031e-02	7.263774638082889923e-02
1.094303622328825213e+03	2.630818738203848373e-01	1.718212095070721646e-01	2.459846863286094254e-01	1.472808909418213963e-01	7.083962211237572471e-02	2.829558798638696915e-02	7.269612930309472809e-02
1.095754953392921607e+03	2.628488664769362826e-01	1.716770482510090456e-01	2.461468763027984397e-01	1.473738587570034009e-01	7.087774432582066853e-02	2.832118471403401866e-02	7.275442117214336868e-02
1.097206284457018228e+03	2.626162659649560749e-01	1.715331207296222904e-01	2.463087781715198876e-01	1.474666524232023934e-01	7.091580294403541929e-02	2.834675760852991763e-02	7.281262215787917547e-02
1.098657615521114849e+03	2.623840715733510298e-01	1.713894265562586616e-01	2.464703924328655871e-01	1.475592723133977713e-01	7.095379810728155712e-02	2.837230658713917747e-02	7.287073242945135698e-02
1.100108946585211470e+03	2.621522825923204292e-01	1.712459653449110442e-01	2.466317195841020715e-01	1.476517187998725722e-01	7.099172995506468353e-02	2.839783156821413732e-02	7.292875215526017918e-02
1.101560277649308091e+03	2.619208983133531898e-01	1.711027367102174734e-01	2.467927601216714506e-01	1.477439922542110040e-01	7.102959862614394160e-02	2.842333247118483328e-02	7.298668150296318269e-02
1.103011608713404712e+03	2.616899180292250882e-01	1.709597402674601085e-01	2.469535145411921040e-01	1.478360930472960022e-01	7.106740425854145282e-02	2.844880921654895783e-02	7.304452063948135843e-02
1.104462939777501106e+03	2.614593410339957624e-01	1.708169756325640110e-01	2.471139833374596528e-01	1.479280215493068429e-01	7.110514698955149038e-02	2.847426172586194765e-02	7.310226973100537873e-02
1.105914270841597499e+03	2.612291666230062148e-01	1.706744424220960621e-01	2.472741670044476536e-01	1.480197781297170334e-01	7.114282695574954130e-02	2.849968992172711296e-02	7.315992894300157867e-02
1.107365601905694348e+03	2.609993940928753697e-01	1.705321402532640473e-01	2.474340660353084864e-01	1.481113631572920086e-01	7.118044429300122988e-02	2.852509372778589541e-02	7.321749844021809006e-02
1.108816932969790741e+03	2.607700227414981309e-01	1.703900687439155459e-01	2.475936809223741319e-01	1.482027770000870770e-01	7.121799913647113012e-02	2.855047306870822643e-02	7.327497838669094765e-02
1.110268264033887590e+03	2.605410518680418286e-01	1.702482275125367372e-01	2.477530121571570043e-01	1.482940200254454499e-01	7.125549162063130049e-02	2.857582787018293075e-02	7.333236894574994558e-02
1.111719595097984211e+03	2.603124807729438328e-01	1.701066161782514574e-01	2.479120602303508114e-01	1.483850925999962156e-01	7.129292187926981883e-02	2.860115805890827562e-02	7.338967028002472970e-02
1.113170926162080832e+03	2.600843087579087776e-01	1.699652343608201166e-01	2.480708256318314431e-01	1.484759950896525071e-01	7.133029004549908125e-02	2.862646356258256863e-02	7.344688255145062628e-02
1.114622257226177226e+03	2.598565351259057854e-01	1.698240816806385611e-01	2.482293088506576928e-01	1.485667278596096430e-01	7.136759625176399002e-02	2.865174430989486307e-02	7.350400592127458166e-02
1.116073588290273847e+03	2.596291591811654142e-01	1.696831577587371298e-01	2.483875103750722568e-01	1.486572912743434338e-01	7.140484062985005820e-02	2.867700023051575342e-02	7.356104055006097708e-02
1.117524919354370468e+03	2.594021802291776591e-01	1.695424622167794881e-01	2.485454306925024559e-01	1.487476856976084894e-01	7.144202331089127833e-02	2.870223125508824386e-02	7.361798659769748510e-02
1.118976250418467089e+03	2.591755975766882880e-01	1.694019946770616014e-01	2.487030702895611511e-01	1.488379114924366087e-01	7.147914442537796342e-02	2.872743731521872068e-02	7.367484422340075945e-02
1.120427581482563710e+03	2.589494105316969552e-01	1.692617547625107355e-01	2.488604296520476322e-01	1.489279690211352258e-01	7.151620410316435195e-02	2.875261834346797690e-02	7.373161358572220825e-02
1.121878912546660331e+03	2.587236184034540920e-01	1.691217420966843465e-01	2.490175092649484778e-01	1.490178586452859388e-01	7.155320247347624063e-02	2.877777427334236859e-02	7.378829484255371163e-02
1.123330243610756725e+03	2.584982205024582425e-01	1.689819563037689432e-01	2.491743096124383605e-01	1.491075807257430663e-01	7.159013966491829806e-02	2.880290503928502679e-02	7.384488815113321447e-02
1.124781574674853118e+03	2.582732161404536209e-01	1.688423970085792536e-01	2.493308311778810737e-01	1.491971356226323431e-01	7.162701580548141989e-02	2.882801057666713532e-02	7.390139366805037469e-02
1.126232905738949967e+03	2.580486046304270586e-01	1.687030638365570046e-01	2.494870744438302257e-01	1.492865236953496155e-01	7.166383102254991755e-02	2.885309082177933693e-02	7.395781154925210044e-02
1.127684236803046360e+03	2.578243852866057839e-01	1.685639564137698665e-01	2.496430398920302940e-01	1.493757453025594539e-01	7.170058544290849878e-02	2.887814571182317422e-02	7.401414195004810126e-02
1.129135567867143209e+03	2.576005574244546459e-01	1.684250743669105377e-01	2.497987280034174584e-01	1.494648008021941810e-01	7.173727919274930365e-02	2.890317518490263804e-02	7.407038502511641143e-02
1.130586898931239830e+03	2.573771203606731728e-01	1.682864173232956062e-01	2.499541392581204613e-01	1.495536905514526504e-01	7.177391239767867692e-02	2.892817918001579572e-02	7.412654092850880228e-02
1.132038229995336451e+03	2.571540734131935735e-01	1.681479849108644398e-01	2.501092741354615234e-01	1.496424149067991372e-01	7.181048518272391268e-02	2.895315763704647480e-02	7.418260981365615292e-02
1.133489561059432845e+03	2.569314159011774068e-01	1.680097767581782697e-01	2.502641331139572878e-01	1.497309742239624208e-01	7.184699767233987400e-02	2.897811049675605086e-02	7.423859183337390422e-02
1.134940892123529466e+03	2.567091471450134721e-01	1.678717924944191364e-01	2.504187166713197077e-01	1.498193688579347038e-01	7.188344999041546002e-02	2.900303770077529777e-02	7.429448713986734620e-02
1.136392223187626087e+03	2.564872664663152557e-01	1.677340317493887512e-01	2.505730252844570738e-01	1.499075991629707783e-01	7.191984226028005911e-02	2.902793919159631433e-02	7.435029588473691942e-02
1.137843554251722708e+03	2.562657731879179890e-01	1.675964941535075803e-01	2.507270594294745969e-01	1.499956654925871657e-01	7.195617460470983551e-02	2.905281491256454102e-02	7.440601821898341905e-02
1.139294885315819101e+03	2.560446666338763722e-01	1.674591793378137072e-01	2.508808195816757403e-01	1.500835681995612569e-01	7.199244714593391881e-02	2.907766480787082886e-02	7.446165429301326855e-02
1.140746216379915950e+03	2.558239461294619099e-01	1.673220869339618888e-01	2.510343062155629412e-01	1.501713076359305621e-01	7.202866000564046856e-02	2.910248882254360889e-02	7.451720425664366820e-02
1.142197547444012343e+03	2.556036110011604690e-01	1.671852165742224172e-01	2.511875198048384439e-01	1.502588841529921282e-01	7.206481330498275273e-02	2.912728690244110324e-02	7.457266825910771613e-02
1.143648878508108737e+03	2.553836605766695578e-01	1.670485678914802319e-01	2.513404608224054648e-01	1.503462981013016231e-01	7.210090716458500415e-02	2.915205899424363686e-02	7.462804644905950135e-02
1.145100209572205586e+03	2.551640941848959954e-01	1.669121405192336982e-01	2.514931297403689703e-01	1.504335498306729468e-01	7.213694170454824917e-02	2.917680504544600817e-02	7.468333897457911374e-02
1.146551540636302207e+03	2.549449111559532466e-01	1.667759340915938027e-01	2.516455270300366753e-01	1.505206396901775656e-01	7.217291704445605305e-02	2.920152500434993609e-02	7.473854598317773712e-02
1.148002871700398828e+03	2.547261108211588687e-01	1.666399482432829038e-01	2.517976531619200431e-01	1.506075680281439566e-01	7.220883330338012662e-02	2.922621882005657298e-02	7.479366762180253425e-02
1.149454202764495449e+03	2.545076925130321799e-01	1.665041826096338995e-01	2.519495086057351174e-01	1.506943351921572194e-01	7.224469059988586350e-02	2.925088644245909045e-02	7.484870403684164286e-02
1.150905533828591842e+03	2.542896555652918167e-01	1.663686368265890891e-01	2.521010938304034665e-01	1.507809415290584654e-01	7.228048905203782182e-02	2.927552782223533101e-02	7.490365537412900510e-02
1.152356864892688463e+03	2.540719993128530141e-01	1.662333105306992020e-01	2.522524093040533488e-01	1.508673873849446789e-01	7.231622877740508104e-02	2.930014291084052577e-02	7.495852177894926638e-02
1.153808195956785084e+03	2.538547230918251074e-01	1.660982033591223428e-01	2.524034554940204345e-01	1.509536731051680514e-01	7.235190989306654330e-02	2.932473166050009183e-02	7.501330339604252162e-02
1.155259527020881706e+03	2.536378262395094785e-01	1.659633149496229643e-01	2.525542328668489156e-01	1.510397990343359531e-01	7.238753251561615143e-02	2.934929402420249911e-02	7.506800036960913081e-02
1.156710858084978327e+03	2.534213080943967245e-01	1.658286449405708962e-01	2.527047418882923946e-01	1.511257655163104341e-01	7.242309676116798212e-02	2.937382995569217878e-02	7.512261284331447908e-02
1.158162189149074720e+03	2.532051679961642154e-01	1.656941929709403460e-01	2.528549830233149387e-01	1.512115728942081683e-01	7.245860274536131129e-02	2.939833940946251153e-02	7.517714096029357029e-02
1.159613520213171569e+03	2.529894052856738740e-01	1.655599586803088163e-01	2.530049567360920237e-01	1.512972215104001206e-01	7.249405058336561014e-02	2.942282234074889216e-02	7.523158486315578708e-02
1.161064851277267962e+03	2.527740193049695661e-01	1.654259417088561335e-01	2.531546634900114223e-01	1.513827117065114081e-01	7.252944038988538844e-02	2.944727870552185309e-02	7.528594469398941502e-02
1.162516182341364356e+03	2.525590093972748806e-01	1.652921416973633650e-01	2.533041037476742585e-01	1.514680438234212168e-01	7.256477227916505179e-02	2.947170846048023651e-02	7.534022059436625007e-02
1.163967513405461204e+03	2.523443749069903541e-01	1.651585582872119873e-01	2.534532779708960071e-01	1.515532182012627183e-01	7.260004636499362007e-02	2.949611156304444287e-02	7.539441270534610884e-02
1.165418844469557826e+03	2.521301151796914164e-01	1.650251911203827193e-01	2.536021866207075481e-01	1.516382351794229866e-01	7.263526276070941812e-02	2.952048797134974520e-02	7.544852116748138049e-02
1.166870175533654447e+03	2.519162295621258929e-01	1.648920398394545794e-01	2.537508301573559999e-01	1.517230950965429703e-01	7.267042157920469703e-02	2.954483764423966943e-02	7.550254612082141215e-02
1.168321506597751068e+03	2.517027174022116176e-01	1.647591040876038027e-01	2.538992090403057178e-01	1.518077982905175760e-01	7.270552293293010282e-02	2.956916054125939899e-02	7.555648770491696364e-02
1.169772837661847461e+03	2.514895780490338795e-01	1.646263835086029803e-01	2.540473237282396268e-01	1.518923450984956125e-01	7.274056693389918671e-02	2.959345662264931121e-02	7.561034605882457904e-02
1.171224168725944082e+03	2.512768108528434241e-01	1.644938777468199775e-01	2.541951746790596101e-01	1.519767358568799853e-01	7.277555369369279048e-02	2.961772584933848596e-02	7.566412132111091648e-02
1.172675499790040703e+03	2.510644151650536227e-01	1.643615864472168508e-01	2.543427623498881185e-01	1.520609709013276967e-01	7.281048332346337637e-02	2.964196818293835661e-02	7.571781362985706421e-02
1.174126830854137097e+03	2.508523903382385845e-01	1.642295092553490432e-01	2.544900871970688927e-01	1.521450505667501230e-01	7.284535593393928754e-02	2.966618358573635747e-02	7.577142312266278712e-02
1.175578161918233945e+03	2.506407357261304369e-01	1.640976458173642460e-01	2.546371496761679065e-01	1.522289751873130703e-01	7.288017163542898080e-02	2.969037202068967873e-02	7.582494993665075955e-02
1.177029492982330339e+03	2.504294506836172163e-01	1.639659957800014278e-01	2.547839502419745328e-01	1.523127450964370799e-01	7.291493053782509282e-02	2.971453345141903887e-02	7.587839420847072858e-02
1.178480824046426733e+03	2.502185345667403693e-01	1.638345587905898348e-01	2.549304893485024870e-01	1.523963606267975668e-01	7.294963275060857566e-02	2.973866784220253676e-02	7.593175607430371898e-02
1.179932155110523581e+03	2.500079867326925886e-01	1.637033344970480753e-01	2.550767674489908821e-01	1.524798221103251528e-01	7.298427838285267977e-02	2.976277515796955930e-02	7.598503566986609947e-02
1.181383486174620202e+03	2.497978065398153980e-01	1.635723225478830645e-01	2.552227849959052830e-01	1.525631298782059997e-01	7.301886754322695072e-02	2.978685536429473424e-02	7.603823313041366272e-02
1.182834817238716823e+03	2.495879933475968759e-01	1.634415225921889980e-01	2.553685424409385396e-01	1.526462842608820314e-01	7.305340034000108729e-02	2.981090842739195917e-02	7.609134859074566382e-02
1.184286148302813444e+03	2.493785465166692694e-01	1.633109342796464636e-01	2.555140402350119522e-01	1.527292855880513500e-01	7.308787688104881330e-02	2.983493431410846192e-02	7.614438218520885870e-02
1.185737479366910065e+03	2.491694654088068839e-01	1.631805572605213861e-01	2.556592788282763817e-01	1.528121341886685691e-01	7.312229727385161082e-02	2.985893299191892669e-02	7.619733404770138996e-02
1.187188810431006686e+03	2.489607493869235855e-01	1.630503911856640842e-01	2.558042586701132493e-01	1.528948303909453132e-01	7.315666162550249485e-02	2.988290442891967588e-02	7.625020431167681134e-02
1.188640141495103080e+03	2.487523978150706916e-01	1.629204357065082431e-01	2.559489802091352573e-01	1.529773745223504955e-01	7.319097004270967710e-02	2.990684859382291769e-02	7.630299311014790420e-02
1.190091472559199701e+03	2.485444100584345839e-01	1.627906904750699990e-01	2.560934438931878887e-01	1.530597669096109559e-01	7.322522263180017421e-02	2.993076545595101112e-02	7.635570057569056324e-02
1.191542803623296322e+03	2.483367854833344601e-01	1.626611551439468284e-01	2.562376501693502395e-01	1.531420078787117667e-01	7.325941949872338821e-02	2.995465498523081777e-02	7.640832684044761292e-02
1.192994134687392716e+03	2.481295234572201691e-01	1.625318293663167990e-01	2.563815994839360735e-01	1.532240977548968430e-01	7.329356074905461760e-02	2.997851715218809165e-02	7.646087203613258221e-02
1.194445465751489564e+03	2.479226233486698239e-01	1.624027127959373484e-01	2.565252922824946546e-01	1.533060368626694425e-01	7.332764648799849905e-02	3.000235192794192471e-02	7.651333629403346548e-02
1.195896796815585958e+03	2.477160845273876366e-01	1.622738050871445070e-01	2.566687290098121910e-01	1.533878255257927203e-01	7.336167682039247684e-02	3.002615928419923030e-02	7.656571974501641398e-02
1.197348127879682352e+03	2.475099063642016428e-01	1.621451058948517598e-01	2.568119101099125556e-01	1.534694640672902843e-01	7.339565185071011966e-02	3.004993919324931012e-02	7.661802251952945508e-02
1.198799458943779200e+03	2.473040882310615918e-01	1.620166148745492141e-01	2.569548360260584530e-01	1.535509528094468612e-01	7.342957168306445126e-02	3.007369162795842793e-02	7.667024474760610053e-02
1.200250790007875821e+03	2.470986295010364486e-01	1.618883316823025720e-01	2.570975072007525841e-01	1.536322920738087960e-01	7.346343642121122564e-02	3.009741656176446317e-02	7.672238655886896852e-02
1.201702121071972442e+03	2.468935295483125070e-01	1.617602559747521040e-01	2.572399240757385352e-01	1.537134821811848295e-01	7.349724616855214665e-02	3.012111396867160271e-02	7.677444808253335029e-02
1.203153452136069063e+03	2.466887877481908908e-01	1.616323874091118440e-01	2.573820870920018877e-01	1.537945234516466531e-01	7.353100102813807382e-02	3.014478382324508807e-02	7.682642944741072122e-02
1.204604783200165684e+03	2.464844034770856118e-01	1.615047256431683953e-01	2.575239966897711619e-01	1.538754162045295748e-01	7.356470110267208928e-02	3.016842610060600088e-02	7.687833078191233516e-02
1.206056114264262078e+03	2.462803761125211266e-01	1.613772703352801541e-01	2.576656533085192047e-01	1.539561607584333802e-01	7.359834649451262034e-02	3.019204077642610728e-02	7.693015221405261062e-02
1.207507445328358699e+03	2.460767050331303107e-01	1.612500211443763376e-01	2.578070573869638005e-01	1.540367574312228871e-01	7.363193730567650641e-02	3.021562782692273005e-02	7.698189387145260021e-02
1.208958776392455093e+03	2.458733896186522661e-01	1.611229777299559296e-01	2.579482093630691697e-01	1.541172065400288338e-01	7.366547363784199665e-02	3.023918722885369711e-02	7.703355588134339071e-02
1.210410107456551941e+03	2.456704292499299613e-01	1.609961397520867366e-01	2.580891096740466906e-01	1.541975084012484620e-01	7.369895559235166427e-02	3.026271895951231430e-02	7.708513837056947537e-02
1.211861438520648335e+03	2.454678233089083450e-01	1.608695068714045273e-01	2.582297587563561758e-01	1.542776633305464051e-01	7.373238327021537641e-02	3.028622299672239365e-02	7.713664146559209844e-02
1.213312769584745183e+03	2.452655711786319304e-01	1.607430787491119228e-01	2.583701570457068719e-01	1.543576716428555484e-01	7.376575677211311133e-02	3.030969931883331636e-02	7.718806529249255810e-02
1.214764100648841804e+03	2.450636722432427972e-01	1.606168550469776468e-01	2.585103049770585693e-01	1.544375336523776954e-01	7.379907619839788657e-02	3.033314790471514782e-02	7.723940997697549549e-02
1.216215431712937971e+03	2.448621258879783713e-01	1.604908354273354154e-01	2.586502029846225459e-01	1.545172496725845390e-01	7.383234164909849295e-02	3.035656873375380815e-02	7.729067564437208659e-02
1.217666762777034819e+03	2.446609314991692596e-01	1.603650195530829659e-01	2.587898515018628443e-01	1.545968200162184392e-01	7.386555322392222844e-02	3.037996178584626700e-02	7.734186241964331743e-02
1.219118093841131440e+03	2.444600884642371408e-01	1.602394070876812793e-01	2.589292509614970483e-01	1.546762449952932827e-01	7.389871102225767374e-02	3.040332704139579387e-02	7.739297042738312038e-02
1.220569424905228061e+03	2.442595961716926833e-01	1.601139976951534150e-01	2.590684017954977825e-01	1.547555249210953998e-01	7.393181514317738456e-02	3.042666448130725357e-02	7.744399979182151061e-02
1.222020755969324682e+03	2.440594540111332977e-01	1.599887910400837332e-01	2.592073044350933775e-01	1.548346601041844517e-01	7.396486568544045903e-02	3.044997408698243632e-02	7.749495063682775020e-02
1.223472087033421303e+03	2.438596613732410545e-01	1.598637867876168683e-01	2.593459593107690919e-01	1.549136508543943747e-01	7.399786274749524384e-02	3.047325584031542606e-02	7.754582308591340123e-02
1.224923418097517697e+03	2.436602176497806860e-01	1.597389846034568683e-01	2.594843668522683888e-01	1.549924974808342404e-01	7.403080642748184614e-02	3.049650972368804155e-02	7.759661726223536504e-02
1.226374749161614318e+03	2.434611222335973379e-01	1.596143841538661401e-01	2.596225274885937684e-01	1.550712002918893107e-01	7.406369682323468706e-02	3.051973571996528106e-02	7.764733328859890760e-02
1.227826080225710712e+03	2.432623745186144604e-01	1.594899851056645612e-01	2.597604416480079337e-01	1.551497595952218700e-01	7.409653403228502744e-02	3.054293381249081202e-02	7.769797128746068482e-02
1.229277411289807560e+03	2.430639738998318367e-01	1.593657871262286196e-01	2.598981097580349009e-01	1.552281756977723082e-01	7.412931815186342421e-02	3.056610398508255097e-02	7.774853138093168470e-02
1.230728742353903954e+03	2.428659197733233910e-01	1.592417898834903034e-01	2.600355322454610540e-01	1.553064489057600639e-01	7.416204927890215903e-02	3.058924622202820534e-02	7.779901369078014162e-02
1.232180073418000802e+03	2.426682115362351067e-01	1.591179930459362957e-01	2.601727095363362552e-01	1.553845795246845962e-01	7.419472751003766686e-02	3.061236050808092621e-02	7.784941833843446457e-02
1.233631404482097196e+03	2.424708485867829721e-01	1.589943962826070589e-01	2.603096420559748991e-01	1.554625678593265503e-01	7.422735294161286745e-02	3.063544682845495068e-02	7.789974544498608211e-02
1.235082735546193817e+03	2.422738303242508440e-01	1.588709992630957524e-01	2.604463302289570237e-01	1.555404142137485346e-01	7.425992566967955233e-02	3.065850516882132754e-02	7.794999513119231505e-02
1.236534066610290438e+03	2.420771561489885038e-01	1.587478016575475104e-01	2.605827744791294198e-01	1.556181188912963698e-01	7.429244579000067461e-02	3.068153551530363593e-02	7.800016751747917976e-02
1.237985397674387059e+03	2.418808254624095488e-01	1.586248031366583600e-01	2.607189752296066865e-01	1.556956821946001157e-01	7.432491339805262498e-02	3.070453785447378042e-02	7.805026272394414988e-02
1.239436728738483680e+03	2.416848376669891996e-01	1.585020033716743049e-01	2.608549329027723962e-01	1.557731044255750985e-01	7.435732858902749376e-02	3.072751217334779988e-02	7.810028087035893185e-02
1.240888059802580301e+03	2.414891921662624674e-01	1.583794020343904929e-01	2.609906479202800389e-01	1.558503858854230206e-01	7.438969145783529135e-02	3.075045845938172845e-02	7.815022207617224048e-02
1.242339390866676695e+03	2.412938883648219068e-01	1.582569987971501890e-01	2.611261207030542431e-01	1.559275268746329601e-01	7.442200209910607156e-02	3.077337670046748769e-02	7.820008646051239409e-02
1.243790721930773088e+03	2.410989256683156723e-01	1.581347933328439148e-01	2.612613516712919970e-01	1.560045276929825642e-01	7.445426060719220751e-02	3.079626688492882389e-02	7.824987414219009008e-02
1.245242052994869937e+03	2.409043034834455199e-01	1.580127853149085049e-01	2.613963412444633150e-01	1.560813886395391870e-01	7.448646707617047336e-02	3.081912900151725920e-02	7.829958523970095841e-02
1.246693384058966330e+03	2.407100212179647536e-01	1.578909744173261909e-01	2.615310898413127916e-01	1.561581100126610000e-01	7.451862159984408429e-02	3.084196303940811915e-02	7.834921987122828169e-02
1.248144715123063179e+03	2.405160782806760600e-01	1.577693603146236301e-01	2.616655978798606008e-01	1.562346921099980468e-01	7.455072427174486149e-02	3.086476898819655312e-02	7.839877815464546540e-02
1.249596046187159800e+03	2.403224740814297045e-01	1.576479426818711005e-01	2.617998657774033289e-01	1.563111352284934641e-01	7.458277518513527216e-02	3.088754683789361050e-02	7.844826020751870244e-02
1.251047377251256421e+03	2.401292080311214217e-01	1.575267211946815571e-01	2.619338939505153063e-01	1.563874396643846754e-01	7.461477443301040013e-02	3.091029657892237562e-02	7.849766614710947110e-02
1.252498708315352815e+03	2.399362795416903615e-01	1.574056955292095772e-01	2.620676828150497739e-01	1.564636057132044455e-01	7.464672210809998598e-02	3.093301820211407857e-02	7.854699609037701924e-02
1.253950039379449436e+03	2.397436880261171188e-01	1.572848653621506387e-01	2.622012327861397152e-01	1.565396336697821855e-01	7.467861830287041147e-02	3.095571169870431349e-02	7.859625015398088999e-02
1.255401370443546057e+03	2.395514328984217900e-01	1.571642303707400379e-01	2.623345442781991887e-01	1.566155238282450346e-01	7.471046310952660086e-02	3.097837706032922217e-02	7.864542845428333651e-02
1.256852701507642678e+03	2.393595135736618917e-01	1.570437902327521951e-01	2.624676177049244385e-01	1.566912764820191095e-01	7.474225662001393600e-02	3.100101427902176091e-02	7.869453110735180612e-02
1.258304032571739299e+03	2.391679294679304735e-01	1.569235446264995448e-01	2.626004534792948375e-01	1.567668919238307257e-01	7.477399892602022702e-02	3.102362334720798823e-02	7.874355822896129953e-02
1.259755363635835920e+03	2.389766799983540357e-01	1.568034932308317031e-01	2.627330520135741643e-01	1.568423704457075907e-01	7.480569011897751641e-02	3.104620425770336645e-02	7.879250993459677166e-02
1.261206694699932314e+03	2.387857645830905595e-01	1.566836357251345513e-01	2.628654137193114915e-01	1.569177123389799977e-01	7.483733029006396642e-02	3.106875700370912222e-02	7.884138633945544927e-02
1.262658025764028707e+03	2.385951826413276466e-01	1.565639717893294036e-01	2.629975390073425179e-01	1.569929178942820747e-01	7.486891953020563539e-02	3.109128157880863136e-02	7.889018755844923181e-02
1.264109356828125556e+03	2.384049335932804936e-01	1.564445011038719247e-01	2.631294282877905122e-01	1.570679874015531163e-01	7.490045793007833741e-02	3.111377797696382105e-02	7.893891370620693959e-02
1.265560687892221949e+03	2.382150168601898377e-01	1.563252233497514909e-01	2.632610819700674787e-01	1.571429211500386947e-01	7.493194558010941864e-02	3.113624619251163447e-02	7.898756489707661754e-02
1.267012018956318798e+03	2.380254318643200695e-01	1.562061382084900807e-01	2.633925004628753785e-01	1.572177194282919355e-01	7.496338257047943654e-02	3.115868622016049888e-02	7.903614124512776951e-02
1.268463350020415419e+03	2.378361780289573457e-01	1.560872453621414413e-01	2.635236841742070180e-01	1.572923825241749618e-01	7.499476899112400563e-02	3.118109805498683884e-02	7.908464286415359257e-02
1.269914681084511813e+03	2.376472547784075906e-01	1.559685444932902565e-01	2.636546335113473249e-01	1.573669107248598376e-01	7.502610493173542117e-02	3.120348169243162065e-02	7.913306986767323914e-02
1.271366012148608434e+03	2.374586615379944421e-01	1.558500352850510917e-01	2.637853488808742930e-01	1.574413043168301773e-01	7.505739048176439387e-02	3.122583712829692451e-02	7.918142236893391250e-02
1.272817343212705055e+03	2.372703977340575032e-01	1.557317174210677002e-01	2.639158306886603689e-01	1.575155635858822567e-01	7.508862573042172917e-02	3.124816435874255838e-02	7.922970048091310113e-02
1.274268674276801676e+03	2.370824627939503437e-01	1.556135905855120238e-01	2.640460793398733408e-01	1.575896888171263166e-01	7.511981076667993695e-02	3.127046338028267175e-02	7.927790431632066037e-02
1.275720005340898297e+03	2.368948561460385294e-01	1.554956544630832493e-01	2.641760952389773931e-01	1.576636802949878680e-01	7.515094567927491087e-02	3.129273418978243543e-02	7.932603398760096347e-02
1.277171336404994690e+03	2.367075772196977068e-01	1.553779087390070035e-01	2.643058787897343831e-01	1.577375383032090517e-01	7.518203055670746870e-02	3.131497678445473165e-02	7.937408960693499715e-02
1.278622667469091539e+03	2.365206254453117163e-01	1.552603530990344372e-01	2.644354303952048957e-01	1.578112631248499431e-01	7.521306548724503160e-02	3.133719116185688242e-02	7.942207128624240164e-02
1.280073998533187932e+03	2.363340002542707041e-01	1.551429872294414203e-01	2.645647504577493536e-01	1.578848550422897457e-01	7.524405055892313676e-02	3.135937731988739513e-02	7.946997913718352458e-02
1.281525329597284326e+03	2.361477010789690967e-01	1.550258108170275151e-01	2.646938393790292388e-01	1.579583143372282616e-01	7.527498585954699173e-02	3.138153525678275685e-02	7.951781327116143328e-02
1.282976660661381175e+03	2.359617273528038517e-01	1.549088235491151710e-01	2.648226975600078137e-01	1.580316412906872248e-01	7.530587147669302872e-02	3.140366497111422850e-02	7.956557379932396867e-02
1.284427991725477568e+03	2.357760785101724876e-01	1.547920251135488645e-01	2.649513254009516205e-01	1.581048361830115490e-01	7.533670749771038955e-02	3.142576646178470157e-02	7.961326083256564656e-02
1.285879322789574417e+03	2.355907539864711686e-01	1.546754151986942105e-01	2.650797233014316467e-01	1.581778992938706330e-01	7.536749400972243829e-02	3.144783972802555477e-02	7.966087448152968375e-02
1.287330653853671038e+03	2.354057532180927892e-01	1.545589934934369636e-01	2.652078916603239356e-01	1.582508309022598869e-01	7.539823109962826009e-02	3.146988476939355239e-02	7.970841485660992709e-02
1.288781984917767431e+03	2.352210756424251703e-01	1.544427596871823793e-01	2.653358308758113071e-01	1.583236312865018980e-01	7.542891885410407671e-02	3.149190158576777726e-02	7.975588206795268531e-02
1.290233315981864052e+03	2.350367206978491996e-01	1.543267134698540488e-01	2.654635413453840798e-01	1.583963007242479293e-01	7.545955735960470367e-02	3.151389017734656378e-02	7.980327622545874133e-02
