1.001418434226643626e+03	2.789934696135182857e-01	1.814026813456263154e-01	2.348977544742600898e-01	1.408759777190385365e-01	6.832431461133917083e-02	2.663282975490505189e-02	6.887297248105321568e-02
1.002869765290740247e+03	2.787339788385299610e-01	1.812414662727643566e-01	2.350772957368588156e-01	1.409803447336117621e-01	6.836778544508367861e-02	2.666009584977721905e-02	6.893903312311491782e-02
1.004321096354836754e+03	2.784749409999193737e-01	1.810805143465523404e-01	2.352565025341210592e-01	1.410845167555283275e-01	6.841118140192947727e-02	2.668734828226866293e-02	6.900499567942149082e-02
1.005772427418933376e+03	2.782163553035803538e-01	1.809198251246918465e-01	2.354353754986406311e-01	1.411884942544922583e-01	6.845450265102301368e-02	2.671458686270387559e-02	6.907086030460869719e-02
1.007223758483029997e+03	2.779582209568726148e-01	1.807593981656495652e-01	2.356139152618208221e-01	1.412922776989595230e-01	6.849774936067359876e-02	2.674181140332220624e-02	6.913662715244235646e-02
1.008675089547126618e+03	2.777005371686179225e-01	1.805992330286559922e-01	2.357921224538750693e-01	1.413958675561341194e-01	6.854092169836641102e-02	2.676902171826101018e-02	6.920229637583009963e-02
1.010126420611223239e+03	2.774433031490973200e-01	1.804393292737040411e-01	2.359699977038275942e-01	1.414992642919646326e-01	6.858401983077515307e-02	2.679621762353895376e-02	6.926786812683294325e-02
1.011577751675319632e+03	2.771865181100472419e-01	1.802796864615477390e-01	2.361475416395140969e-01	1.416024683711408771e-01	6.862704392377433349e-02	2.682339893703946862e-02	6.933334255667690516e-02
1.013029082739416367e+03	2.769301812646565164e-01	1.801203041537008387e-01	2.363247548875825055e-01	1.417054802570908711e-01	6.866999414245125721e-02	2.685056547849437592e-02	6.939871981576430093e-02
1.014480413803512761e+03	2.766742918275628682e-01	1.799611819124354861e-01	2.365016380734937529e-01	1.418083004119781443e-01	6.871287065111766901e-02	2.687771706946768743e-02	6.946400005368502661e-02
1.015931744867609382e+03	2.764188490148498656e-01	1.798023193007808884e-01	2.366781918215224989e-01	1.419109292966990177e-01	6.875567361332107774e-02	2.690485353333952473e-02	6.952918341922777190e-02
1.017383075931706003e+03	2.761638520440433120e-01	1.796437158825219538e-01	2.368544167547580181e-01	1.420133673708803557e-01	6.879840319185578923e-02	2.693197469529021518e-02	6.959427006039099750e-02
1.018834406995802851e+03	2.759093001341083595e-01	1.794853712221979314e-01	2.370303134951049218e-01	1.421156150928773731e-01	6.884105954877363376e-02	2.695908038228454415e-02	6.965926012439384307e-02
1.020285738059899245e+03	2.756551925054459007e-01	1.793272848851011347e-01	2.372058826632841289e-01	1.422176729197718592e-01	6.888364284539441607e-02	2.698617042305615291e-02	6.972415375768695189e-02
1.021737069123995752e+03	2.754015283798895708e-01	1.791694564372756371e-01	2.373811248788336992e-01	1.423195413073703175e-01	6.892615324231611551e-02	2.701324464809206835e-02	6.978895110596314288e-02
1.023188400188092373e+03	2.751483069807024728e-01	1.790118854455157449e-01	2.375560407601097213e-01	1.424212207102024952e-01	6.896859089942476706e-02	2.704030288961740969e-02	6.985365231416792997e-02
1.024639731252188767e+03	2.748955275325740133e-01	1.788545714773648598e-01	2.377306309242872007e-01	1.425227115815201062e-01	6.901095597590412023e-02	2.706734498158023042e-02	6.991825752650997206e-02
1.026091062316285615e+03	2.746431892616166826e-01	1.786975141011141466e-01	2.379048959873610869e-01	1.426240143732955823e-01	6.905324863024507598e-02	2.709437075963648522e-02	6.998276688647146748e-02
1.027542393380382237e+03	2.743912913953628907e-01	1.785407128858010062e-01	2.380788365641472448e-01	1.427251295362212125e-01	6.909546902025476278e-02	2.712138006113517727e-02	7.004718053681825707e-02
1.028993724444478858e+03	2.741398331627617480e-01	1.783841674012079936e-01	2.382524532682834262e-01	1.428260575197082549e-01	6.913761730306554332e-02	2.714837272510360958e-02	7.011149861960995489e-02
1.030445055508575479e+03	2.738888137941761225e-01	1.782278772178613746e-01	2.384257467122302687e-01	1.429267987718863819e-01	6.917969363514366032e-02	2.717534859223279253e-02	7.017572127620989864e-02
1.031896386572671872e+03	2.736382325213793654e-01	1.780718419070297376e-01	2.385987175072723510e-01	1.430273537396032080e-01	6.922169817229774369e-02	2.720230750486299365e-02	7.023984864729504451e-02
1.033347717636768493e+03	2.733880885775523129e-01	1.779160610407228560e-01	2.387713662635192746e-01	1.431277228684238179e-01	6.926363106968705385e-02	2.722924930696942261e-02	7.030388087286565391e-02
1.034799048700865114e+03	2.731383811972800113e-01	1.777605341916902171e-01	2.389436935899067749e-01	1.432279066026308501e-01	6.930549248182954480e-02	2.725617384414803085e-02	7.036781809225498008e-02
1.036250379764961508e+03	2.728891096165487196e-01	1.776052609334197729e-01	2.391157000941977473e-01	1.433279053852242746e-01	6.934728256260969115e-02	2.728308096360148455e-02	7.043166044413867732e-02
1.037701710829058356e+03	2.726402730727430224e-01	1.774502408401365527e-01	2.392873863829834136e-01	1.434277196579215874e-01	6.938900146528616253e-02	2.730997051412522789e-02	7.049540806654429337e-02
1.039153041893154750e+03	2.723918708046426107e-01	1.772954734868015247e-01	2.394587530616845150e-01	1.435273498611580878e-01	6.943064934249933151e-02	2.733684234609369545e-02	7.055906109686053973e-02
1.040604372957251599e+03	2.721439020524190622e-01	1.771409584491100975e-01	2.396298007345523673e-01	1.436267964340871561e-01	6.947222634627853166e-02	2.736369631144666692e-02	7.062261967184640943e-02
1.042055704021347992e+03	2.718963660576332875e-01	1.769866953034908152e-01	2.398005300046701371e-01	1.437260598145809198e-01	6.951373262804913522e-02	2.739053226367572577e-02	7.068608392764026693e-02
1.043507035085444613e+03	2.716492620632320887e-01	1.768326836271042479e-01	2.399709414739540914e-01	1.438251404392306976e-01	6.955516833863954751e-02	2.741735005781085685e-02	7.074945399976881322e-02
1.044958366149541234e+03	2.714025893135452172e-01	1.766789229978415199e-01	2.401410357431546794e-01	1.439240387433478874e-01	6.959653362828797929e-02	2.744414955040717224e-02	7.081273002315589815e-02
1.046409697213637855e+03	2.711563470542825982e-01	1.765254129943230332e-01	2.403108134118578931e-01	1.440227551609647993e-01	6.963782864664901096e-02	2.747093059953175168e-02	7.087591213213126351e-02
1.047861028277734476e+03	2.709105345325312775e-01	1.763721531958972466e-01	2.404802750784864329e-01	1.441212901248355993e-01	6.967905354280007346e-02	2.749769306475059738e-02	7.093900046043913332e-02
1.049312359341831097e+03	2.706651509967522573e-01	1.762191431826392041e-01	2.406494213403011229e-01	1.442196440664374468e-01	6.972020846524777660e-02	2.752443680711574511e-02	7.100199514124677647e-02
1.050763690405927491e+03	2.704201956967778875e-01	1.760663825353494527e-01	2.408182527934021044e-01	1.443178174159715776e-01	6.976129356193404296e-02	2.755116168915245842e-02	7.106489630715288885e-02
1.052215021470024112e+03	2.701756678838084236e-01	1.759138708355525993e-01	2.409867700327301410e-01	1.444158106023646082e-01	6.980230898024211705e-02	2.757786757484655821e-02	7.112770409019586459e-02
1.053666352534120733e+03	2.699315668104096955e-01	1.757616076654961168e-01	2.411549736520680887e-01	1.445136240532699790e-01	6.984325486700244945e-02	2.760455432963186684e-02	7.119041862186203939e-02
1.055117683598217127e+03	2.696878917305097212e-01	1.756095926081490122e-01	2.413228642440420624e-01	1.446112581950694254e-01	6.988413136849845608e-02	2.763122182037775973e-02	7.125304003309371192e-02
1.056569014662313975e+03	2.694446418993960979e-01	1.754578252472004662e-01	2.414904424001229621e-01	1.447087134528744212e-01	6.992493863047206937e-02	2.765786991537685577e-02	7.131556845429722069e-02
1.058020345726410369e+03	2.692018165737128377e-01	1.753063051670587236e-01	2.416577087106277499e-01	1.448059902505278995e-01	6.996567679812930318e-02	2.768449848433278751e-02	7.137800401535072947e-02
1.059471676790506763e+03	2.689594150114577586e-01	1.751550319528495936e-01	2.418246637647209207e-01	1.449030890106060010e-01	7.000634601614558195e-02	2.771110739834811362e-02	7.144034684561206827e-02
1.060923007854603611e+03	2.687174364719793207e-01	1.750040051904153682e-01	2.419913081504158348e-01	1.450000101544198783e-01	7.004694642867097254e-02	2.773769652991232848e-02	7.150259707392636610e-02
1.062374338918700232e+03	2.684758802159739610e-01	1.748532244663134061e-01	2.421576424545762440e-01	1.450967541020174445e-01	7.008747817933534685e-02	2.776426575288997931e-02	7.156475482863369764e-02
1.063825669982796853e+03	2.682347455054832075e-01	1.747026893678149395e-01	2.423236672629177357e-01	1.451933212721855104e-01	7.012794141125335001e-02	2.779081494250889781e-02	7.162682023757646621e-02
1.065277001046893474e+03	2.679940316038906811e-01	1.745523994829037695e-01	2.424893831600090921e-01	1.452897120824517274e-01	7.016833626702935478e-02	2.781734397534854630e-02	7.168879342810685618e-02
1.066728332110990095e+03	2.677537377759195980e-01	1.744023544002749893e-01	2.426547907292738726e-01	1.453859269490867523e-01	7.020866288876226324e-02	2.784385272932844713e-02	7.175067452709410487e-02
1.068179663175086489e+03	2.675138632876296052e-01	1.742525537093337074e-01	2.428198905529918572e-01	1.454819662871063013e-01	7.024892141805015588e-02	2.787034108369675772e-02	7.181246366093162192e-02
1.069630994239183110e+03	2.672744074064141162e-01	1.741029970001937988e-01	2.429846832123006006e-01	1.455778305102734815e-01	7.028911199599496840e-02	2.789680891901889087e-02	7.187416095554415019e-02
1.071082325303279504e+03	2.670353694009974799e-01	1.739536838636766558e-01	2.431491692871968480e-01	1.456735200311010392e-01	7.032923476320694645e-02	2.792325611716630837e-02	7.193576653639471852e-02
1.072533656367376352e+03	2.667967485414322049e-01	1.738046138913098282e-01	2.433133493565382277e-01	1.457690352608537188e-01	7.036928985980908657e-02	2.794968256130535983e-02	7.199728052849156679e-02
1.073984987431472746e+03	2.665585440990961286e-01	1.736557866753258850e-01	2.434772239980446396e-01	1.458643766095506777e-01	7.040927742544145218e-02	2.797608813588623941e-02	7.205870305639491824e-02
1.075436318495569594e+03	2.663207553466897526e-01	1.735072018086611101e-01	2.436407937882999752e-01	1.459595444859679569e-01	7.044919759926539238e-02	2.800247272663207790e-02	7.212003424422369635e-02
1.076887649559666215e+03	2.660833815582333006e-01	1.733588588849541978e-01	2.438040593027535063e-01	1.460545392976410617e-01	7.048905051996769144e-02	2.802883622052807291e-02	7.218127421566213064e-02
1.078338980623762609e+03	2.658464220090639984e-01	1.732107574985450593e-01	2.439670211157216329e-01	1.461493614508674044e-01	7.052883632576467665e-02	2.805517850581075792e-02	7.224242309396636252e-02
1.079790311687859230e+03	2.656098759758335759e-01	1.730628972444736013e-01	2.441296798003894097e-01	1.462440113507090245e-01	7.056855515440613180e-02	2.808149947195735796e-02	7.230348100197077355e-02
1.081241642751955851e+03	2.653737427365052692e-01	1.729152777184783385e-01	2.442920359288122123e-01	1.463384894009952253e-01	7.060820714317928015e-02	2.810779900967525641e-02	7.236444806209441083e-02
1.082692973816052472e+03	2.651380215703509347e-01	1.727678985169952552e-01	2.444540900719172627e-01	1.464327960043252941e-01	7.064779242891257305e-02	2.813407701089151725e-02	7.242532439634717656e-02
1.084144304880149093e+03	2.649027117579487722e-01	1.726207592371565291e-01	2.446158427995053231e-01	1.465269315620713053e-01	7.068731114797942305e-02	2.816033336874254611e-02	7.248611012633607298e-02
1.085595635944245487e+03	2.646678125811803284e-01	1.724738594767892819e-01	2.447772946802523886e-01	1.466208964743808962e-01	7.072676343630192319e-02	2.818656797756381380e-02	7.254680537327126699e-02
1.087046967008342108e+03	2.644333233232278868e-01	1.723271988344143302e-01	2.449384462817112973e-01	1.467146911401800424e-01	7.076614942935448294e-02	2.821278073287969423e-02	7.260741025797207149e-02
1.088498298072438729e+03	2.641992432685718040e-01	1.721807769092449925e-01	2.450992981703133955e-01	1.468083159571760554e-01	7.080546926216732539e-02	2.823897153139336841e-02	7.266792490087287115e-02
1.089949629136535123e+03	2.639655717029875115e-01	1.720345933011858397e-01	2.452598509113702030e-01	1.469017713218603860e-01	7.084472306933001229e-02	2.826514027097684970e-02	7.272834942202895114e-02
1.091400960200631971e+03	2.637323079135432957e-01	1.718886476108313910e-01	2.454201050690751618e-01	1.469950576295117606e-01	7.088391098499478848e-02	2.829128685066107513e-02	7.278868394112225637e-02
1.092852291264728365e+03	2.634994511885973001e-01	1.717429394394649200e-01	2.455800612065052735e-01	1.470881752741990123e-01	7.092303314288005145e-02	2.831741117062608337e-02	7.284892857746706751e-02
1.094303622328825213e+03	2.632670008177950827e-01	1.715974683890572061e-01	2.457397198856229037e-01	1.471811246487841618e-01	7.096208967627352926e-02	2.834351313219130725e-02	7.290908345001552437e-02
1.095754953392921607e+03	2.630349560920667851e-01	1.714522340622653684e-01	2.458990816672774193e-01	1.472739061449254427e-01	7.100108071803556964e-02	2.836959263780591822e-02	7.296914867736323251e-02
1.097206284457018228e+03	2.628033163036245790e-01	1.713072360624315338e-01	2.460581471112069096e-01	1.473665201530804936e-01	7.104000640060234573e-02	2.839564959103928893e-02	7.302912437775457843e-02
1.098657615521114849e+03	2.625720807459598904e-01	1.711624739935818096e-01	2.462169167760400457e-01	1.474589670625093552e-01	7.107886685598893695e-02	2.842168389657151462e-02	7.308901066908815580e-02
1.100108946585211470e+03	2.623412487138411797e-01	1.710179474604247296e-01	2.463753912192976625e-01	1.475512472612777459e-01	7.111766221579239600e-02	2.844769546018402831e-02	7.314880766892201125e-02
1.101560277649308091e+03	2.621108195033107768e-01	1.708736560683503658e-01	2.465335709973946743e-01	1.476433611362600595e-01	7.115639261119476033e-02	2.847368418875032003e-02	7.320851549447883466e-02
1.103011608713404712e+03	2.618807924116826058e-01	1.707295994234289127e-01	2.466914566656417118e-01	1.477353090731427232e-01	7.119505817296603589e-02	2.849964999022669074e-02	7.326813426265108009e-02
1.104462939777501106e+03	2.616511667375395200e-01	1.705857771324095495e-01	2.468490487782470377e-01	1.478270914564274174e-01	7.123365903146711142e-02	2.852559277364314499e-02	7.332766409000600338e-02
1.105914270841597499e+03	2.614219417807306378e-01	1.704421888027191634e-01	2.470063478883182118e-01	1.479187086694341846e-01	7.127219531665263119e-02	2.855151244909431493e-02	7.338710509279060268e-02
1.107365601905694348e+03	2.611931168423689553e-01	1.702988340424612113e-01	2.471633545478639504e-01	1.480101610943048152e-01	7.131066715807377054e-02	2.857740892773049865e-02	7.344645738693654502e-02
1.108816932969790741e+03	2.609646912248283490e-01	1.701557124604144711e-01	2.473200693077959311e-01	1.481014491120062337e-01	7.134907468488102533e-02	2.860328212174875762e-02	7.350572108806499583e-02
1.110268264033887590e+03	2.607366642317415217e-01	1.700128236660317926e-01	2.474764927179305130e-01	1.481925731023335246e-01	7.138741802582697360e-02	2.862913194438410427e-02	7.356489631149130959e-02
1.111719595097984211e+03	2.605090351679969496e-01	1.698701672694389320e-01	2.476326253269907351e-01	1.482835334439135677e-01	7.142569730926892624e-02	2.865495830990075904e-02	7.362398317222978994e-02
1.113170926162080832e+03	2.602818033397368280e-01	1.697277428814334410e-01	2.477884676826079546e-01	1.483743305142082303e-01	7.146391266317153601e-02	2.868076113358349749e-02	7.368298178499821383e-02
1.114622257226177226e+03	2.600549680543539632e-01	1.695855501134832244e-01	2.479440203313238167e-01	1.484649646895177255e-01	7.150206421510948984e-02	2.870654033172905309e-02	7.374189226422242505e-02
1.116073588290273847e+03	2.598285286204896072e-01	1.694435885777256512e-01	2.480992838185919480e-01	1.485554363449840820e-01	7.154015209226997907e-02	2.873229582163761356e-02	7.380071472404077515e-02
1.117524919354370468e+03	2.596024843480309041e-01	1.693018578869660284e-01	2.482542586887799829e-01	1.486457458545945298e-01	7.157817642145525294e-02	2.875802752160438319e-02	7.385944927830855045e-02
1.118976250418467089e+03	2.593768345481082260e-01	1.691603576546766574e-01	2.484089454851713397e-01	1.487358935911848312e-01	7.161613732908508889e-02	2.878373535091122842e-02	7.391809604060227412e-02
1.120427581482563710e+03	2.591515785330926747e-01	1.690190874949955568e-01	2.485633447499669968e-01	1.488258799264428334e-01	7.165403494119924888e-02	2.880941922981837544e-02	7.397665512422399448e-02
1.121878912546660331e+03	2.589267156165935835e-01	1.688780470227251862e-01	2.487174570242874638e-01	1.489157052309117990e-01	7.169186938345990801e-02	2.883507907955620495e-02	7.403512664220547601e-02
1.123330243610756725e+03	2.587022451134561862e-01	1.687372358533314742e-01	2.488712828481746409e-01	1.490053698739939314e-01	7.172964078115397213e-02	2.886071482231711283e-02	7.409351070731234890e-02
1.124781574674853118e+03	2.584781663397587304e-01	1.685966536029423479e-01	2.490248227605937337e-01	1.490948742239538716e-01	7.176734925919546482e-02	2.888632638124741595e-02	7.415180743204817515e-02
1.126232905738949967e+03	2.582544786128102565e-01	1.684562998883467611e-01	2.491780772994349469e-01	1.491842186479221122e-01	7.180499494212778944e-02	2.891191368043937934e-02	7.421001692865844546e-02
1.127684236803046360e+03	2.580311812511482117e-01	1.683161743269934174e-01	2.493310470015156488e-01	1.492734035118985225e-01	7.184257795412603287e-02	2.893747664492326427e-02	7.426813930913456208e-02
1.129135567867143209e+03	2.578082735745357290e-01	1.681762765369896329e-01	2.494837324025820646e-01	1.493624291807558457e-01	7.188009841899921371e-02	2.896301520065946641e-02	7.432617468521768300e-02
1.130586898931239830e+03	2.575857549039592409e-01	1.680366061371001141e-01	2.496361340373112747e-01	1.494512960182431960e-01	7.191755646019241943e-02	2.898852927453073047e-02	7.438412316840260774e-02
1.132038229995336451e+03	2.573636245616260365e-01	1.678971627467458205e-01	2.497882524393131576e-01	1.495400043869896112e-01	7.195495220078909626e-02	2.901401879433440634e-02	7.444198486994148267e-02
1.133489561059432845e+03	2.571418818709617637e-01	1.677579459860027433e-01	2.499400881411321385e-01	1.496285546485075779e-01	7.199228576351307529e-02	2.903948368877481284e-02	7.449975990084752031e-02
1.134940892123529466e+03	2.569205261566079868e-01	1.676189554756008226e-01	2.500916416742492987e-01	1.497169471631965010e-01	7.202955727073077907e-02	2.906492388745562580e-02	7.455744837189863528e-02
1.136392223187626087e+03	2.566995567444197990e-01	1.674801908369226433e-01	2.502429135690841799e-01	1.498051822903463115e-01	7.206676684445328940e-02	2.909033932087234930e-02	7.461505039364112191e-02
1.137843554251722708e+03	2.564789729614633251e-01	1.673416516920023800e-01	2.503939043549967547e-01	1.498932603881409920e-01	7.210391460633835958e-02	2.911572992040486682e-02	7.467256607639305432e-02
1.139294885315819101e+03	2.562587741360132787e-01	1.672033376635245483e-01	2.505446145602892583e-01	1.499811818136621566e-01	7.214100067769253777e-02	2.914109561831003045e-02	7.472999553024786690e-02
1.140746216379915950e+03	2.560389595975506305e-01	1.670652483748229500e-01	2.506950447122083814e-01	1.500689469228925210e-01	7.217802517947310981e-02	2.916643634771433000e-02	7.478733886507771267e-02
1.142197547444012343e+03	2.558195286767601662e-01	1.669273834498793685e-01	2.508451953369469356e-01	1.501565560707195934e-01	7.221498823229011155e-02	2.919175204260663140e-02	7.484459619053684953e-02
1.143648878508108737e+03	2.556004807055277661e-01	1.667897425133225142e-01	2.509950669596459627e-01	1.502440096109391443e-01	7.225188995640825784e-02	2.921704263783094987e-02	7.490176761606497091e-02
1.145100209572205586e+03	2.553818150169385737e-01	1.666523251904268310e-01	2.511446601043965110e-01	1.503313078962588700e-01	7.228873047174891320e-02	2.924230806907931676e-02	7.495885325089041151e-02
1.146551540636302207e+03	2.551635309452742195e-01	1.665151311071113582e-01	2.512939752942419114e-01	1.504184512783018624e-01	7.232550989789197915e-02	2.926754827288469835e-02	7.501585320403342250e-02
1.148002871700398828e+03	2.549456278260103792e-01	1.663781598899385095e-01	2.514430130511793871e-01	1.505054401076101889e-01	7.236222835407778164e-02	2.929276318661395984e-02	7.507276758430925234e-02
1.149454202764495449e+03	2.547281049958144972e-01	1.662414111661130456e-01	2.515917738961621630e-01	1.505922747336485568e-01	7.239888595920893066e-02	2.931795274846091606e-02	7.512959650033129710e-02
1.150905533828591842e+03	2.545109617925435663e-01	1.661048845634808535e-01	2.517402583491013535e-01	1.506789555048078655e-01	7.243548283185216596e-02	2.934311689743941340e-02	7.518634006051409802e-02
1.152356864892688463e+03	2.542941975552415745e-01	1.659685797105277250e-01	2.518884669288681821e-01	1.507654827684087873e-01	7.247201909024017508e-02	2.936825557337648801e-02	7.524299837307642236e-02
1.153808195956785084e+03	2.540778116241371176e-01	1.658324962363782740e-01	2.520364001532956477e-01	1.508518568707052643e-01	7.250849485227339741e-02	2.939336871690559350e-02	7.529957154604410841e-02
1.155259527020881706e+03	2.538618033406410124e-01	1.656966337707948822e-01	2.521840585391804668e-01	1.509380781568882834e-01	7.254491023552180062e-02	2.941845626945985975e-02	7.535605968725306303e-02
1.156710858084978327e+03	2.536461720473441872e-01	1.655609919441764499e-01	2.523314426022854606e-01	1.510241469710891793e-01	7.258126535722662920e-02	2.944351817326542817e-02	7.541246290435202337e-02
1.158162189149074720e+03	2.534309170880150730e-01	1.654255703875572303e-01	2.524785528573411653e-01	1.511100636563835198e-01	7.261756033430209756e-02	2.946855437133482844e-02	7.546878130480544344e-02
1.159613520213171569e+03	2.532160378075973273e-01	1.652903687326058302e-01	2.526253898180478852e-01	1.511958285547945202e-01	7.265379528333718029e-02	2.949356480746043521e-02	7.552501499589618639e-02
1.161064851277267962e+03	2.530015335522076136e-01	1.651553866116239611e-01	2.527719539970776363e-01	1.512814420072966237e-01	7.268997032059729135e-02	2.951854942620796285e-02	7.558116408472828618e-02
1.162516182341364356e+03	2.527874036691331039e-01	1.650206236575453012e-01	2.529182459060762556e-01	1.513669043538191650e-01	7.272608556202589392e-02	2.954350817291001574e-02	7.563722867822955664e-02
1.163967513405461204e+03	2.525736475068293130e-01	1.648860795039344129e-01	2.530642660556655654e-01	1.514522159332498674e-01	7.276214112324624894e-02	2.956844099365970799e-02	7.569320888315424212e-02
1.165418844469557826e+03	2.523602644149176011e-01	1.647517537849856328e-01	2.532100149554446511e-01	1.515373770834384792e-01	7.279813711956299727e-02	2.959334783530430391e-02	7.574910480608559871e-02
1.166870175533654447e+03	2.521472537441830641e-01	1.646176461355218779e-01	2.533554931139927469e-01	1.516223881412002983e-01	7.283407366596383881e-02	2.961822864543895914e-02	7.580491655343840618e-02
1.168321506597751068e+03	2.519346148465720914e-01	1.644837561909935908e-01	2.535007010388707349e-01	1.517072494423197804e-01	7.286995087712107300e-02	2.964308337240048608e-02	7.586064423146145208e-02
1.169772837661847461e+03	2.517223470751900893e-01	1.643500835874775468e-01	2.536456392366230883e-01	1.517919613215541752e-01	7.290576886739319473e-02	2.966791196526116781e-02	7.591628794624001586e-02
1.171224168725944082e+03	2.515104497842992060e-01	1.642166279616757707e-01	2.537903082127800358e-01	1.518765241126369403e-01	7.294152775082653195e-02	2.969271437382263804e-02	7.597184780369817259e-02
1.172675499790040703e+03	2.512989223293161101e-01	1.640833889509143995e-01	2.539347084718595049e-01	1.519609381482814325e-01	7.297722764115673055e-02	2.971749054860981301e-02	7.602732390960126319e-02
1.174126830854137097e+03	2.510877640668096045e-01	1.639503661931426548e-01	2.540788405173692310e-01	1.520452037601844053e-01	7.301286865181033647e-02	2.974224044086487204e-02	7.608271636955814266e-02
1.175578161918233945e+03	2.508769743544982944e-01	1.638175593269315389e-01	2.542227048518086452e-01	1.521293212790295890e-01	7.304845089590632223e-02	2.976696400254127961e-02	7.613802528902349764e-02
1.177029492982330339e+03	2.506665525512484782e-01	1.636849679914729738e-01	2.543663019766708722e-01	1.522132910344912993e-01	7.308397448625754411e-02	2.979166118629785961e-02	7.619325077330006690e-02
1.178480824046426733e+03	2.504564980170718713e-01	1.635525918265784417e-01	2.545096323924448400e-01	1.522971133552378786e-01	7.311943953537228258e-02	2.981633194549294236e-02	7.624839292754079234e-02
1.179932155110523581e+03	2.502468101131232192e-01	1.634204304726780133e-01	2.546526965986171676e-01	1.523807885689353325e-01	7.315484615545571334e-02	2.984097623417853590e-02	7.630345185675102559e-02
1.181383486174620202e+03	2.500374882016981881e-01	1.632884835708192650e-01	2.547954950936741625e-01	1.524643170022507710e-01	7.319019445841135063e-02	2.986559400709454595e-02	7.635842766579067908e-02
1.182834817238716823e+03	2.498285316462309502e-01	1.631567507626660862e-01	2.549380283751039311e-01	1.525476989808560724e-01	7.322548455584255989e-02	2.989018521966307906e-02	7.641332045937622441e-02
1.184286148302813444e+03	2.496199398112921020e-01	1.630252316904976240e-01	2.550802969393983211e-01	1.526309348294313251e-01	7.326071655905390390e-02	2.991474982798272841e-02	7.646813034208282955e-02
1.185737479366910065e+03	2.494117120625863882e-01	1.628939259972072007e-01	2.552223012820550307e-01	1.527140248716683524e-01	7.329589057905262772e-02	2.993928778882297762e-02	7.652285741834624622e-02
1.187188810431006686e+03	2.492038477669503982e-01	1.627628333263011762e-01	2.553640418975793858e-01	1.527969694302742931e-01	7.333100672655004648e-02	2.996379905961861490e-02	7.657750179246489153e-02
1.188640141495103080e+03	2.489963462923504567e-01	1.626319533218978375e-01	2.555055192794866148e-01	1.528797688269750432e-01	7.336606511196294700e-02	2.998828359846418198e-02	7.663206356860174928e-02
1.190091472559199701e+03	2.487892070078802920e-01	1.625012856287264273e-01	2.556467339203035705e-01	1.529624233825188362e-01	7.340106584541497559e-02	3.001274136410851320e-02	7.668654285078622956e-02
1.191542803623296322e+03	2.485824292837588989e-01	1.623708298921258120e-01	2.557876863115710608e-01	1.530449334166796849e-01	7.343600903673797031e-02	3.003717231594926415e-02	7.674093974291608389e-02
1.192994134687392716e+03	2.483760124913283185e-01	1.622405857580437039e-01	2.559283769438457368e-01	1.531272992482608786e-01	7.347089479547340429e-02	3.006157641402755140e-02	7.679525434875920931e-02
1.194445465751489564e+03	2.481699560030513618e-01	1.621105528730353018e-01	2.560688063067019238e-01	1.532095211950985081e-01	7.350572323087363469e-02	3.008595361902256793e-02	7.684948677195542477e-02
1.195896796815585958e+03	2.479642591925096118e-01	1.619807308842623195e-01	2.562089748887340646e-01	1.532915995740649628e-01	7.354049445190326273e-02	3.011030389224629567e-02	7.690363711601827523e-02
1.197348127879682352e+03	2.477589214344009805e-01	1.618511194394919583e-01	2.563488831775580512e-01	1.533735347010723449e-01	7.357520856724049374e-02	3.013462719563824235e-02	7.695770548433672475e-02
1.198799458943779200e+03	2.475539421045376831e-01	1.617217181870956866e-01	2.564885316598138898e-01	1.534553268910759383e-01	7.360986568527842777e-02	3.015892349176022003e-02	7.701169198017689121e-02
1.200250790007875821e+03	2.473493205798440453e-01	1.615925267760482675e-01	2.566279208211674767e-01	1.535369764580777618e-01	7.364446591412635024e-02	3.018319274379117206e-02	7.706559670668364226e-02
1.201702121071972442e+03	2.471450562383542826e-01	1.614635448559266495e-01	2.567670511463124305e-01	1.536184837151299276e-01	7.367900936161099479e-02	3.020743491552203147e-02	7.711941976688231615e-02
1.203153452136069063e+03	2.469411484592103356e-01	1.613347720769089111e-01	2.569059231189724235e-01	1.536998489743381935e-01	7.371349613527786171e-02	3.023164997135064508e-02	7.717316126368024831e-02
1.204604783200165684e+03	2.467375966226597050e-01	1.612062080897731231e-01	2.570445372219029023e-01	1.537810725468652107e-01	7.374792634239248079e-02	3.025583787627672896e-02	7.722682129986838118e-02
1.206056114264262078e+03	2.465344001100533977e-01	1.610778525458963217e-01	2.571828939368933087e-01	1.538621547429341596e-01	7.378230008994161870e-02	3.027999859589684470e-02	7.728039997812277684e-02
1.207507445328358699e+03	2.463315583038436229e-01	1.609497050972535093e-01	2.573209937447690221e-01	1.539430958718321085e-01	7.381661748463458350e-02	3.030413209639945191e-02	7.733389740100615750e-02
1.208958776392455093e+03	2.461290705875817109e-01	1.608217653964163496e-01	2.574588371253931363e-01	1.540238962419133717e-01	7.385087863290440424e-02	3.032823834455998860e-02	7.738731367096937652e-02
1.210410107456551941e+03	2.459269363459160029e-01	1.606940330965524466e-01	2.575964245576689571e-01	1.541045561606029513e-01	7.388508364090907998e-02	3.035231730773596884e-02	7.744064889035284782e-02
1.211861438520648335e+03	2.457251549645896593e-01	1.605665078514240396e-01	2.577337565195416125e-01	1.541850759344000343e-01	7.391923261453278715e-02	3.037636895386216021e-02	7.749390316138797530e-02
1.213312769584745183e+03	2.455237258304386050e-01	1.604391893153869209e-01	2.578708334880001063e-01	1.542654558688812128e-01	7.395332565938711467e-02	3.040039325144577170e-02	7.754707658619858224e-02
1.214764100648841804e+03	2.453226483313892536e-01	1.603120771433895475e-01	2.580076559390794277e-01	1.543456962687039802e-01	7.398736288081218804e-02	3.042439016956170403e-02	7.760016926680221583e-02
1.216215431712937971e+03	2.451219218564565094e-01	1.601851709909718480e-01	2.581442243478626053e-01	1.544257974376100628e-01	7.402134438387789062e-02	3.044835967784781730e-02	7.765318130511154882e-02
1.217666762777034819e+03	2.449215457957417130e-01	1.600584705142642228e-01	2.582805391884824830e-01	1.545057596784288334e-01	7.405527027338507096e-02	3.047230174650024034e-02	7.770611280293564238e-02
1.219118093841131440e+03	2.447215195404303378e-01	1.599319753699864899e-01	2.584166009341240522e-01	1.545855832930806695e-01	7.408914065386665304e-02	3.049621634626873898e-02	7.775896386198127841e-02
1.220569424905228061e+03	2.445218424827900749e-01	1.598056852154468022e-01	2.585524100570260053e-01	1.546652685825802287e-01	7.412295562958878814e-02	3.052010344845210860e-02	7.781173458385416686e-02
1.222020755969324682e+03	2.443225140161685849e-01	1.596795997085405927e-01	2.586879670284832344e-01	1.547448158470398627e-01	7.415671530455208993e-02	3.054396302489359449e-02	7.786442507006019476e-02
1.223472087033421303e+03	2.441235335349914715e-01	1.595537185077496034e-01	2.588232723188484408e-01	1.548242253856729200e-01	7.419041978249263369e-02	3.056779504797636424e-02	7.791703542200668908e-02
1.224923418097517697e+03	2.439249004347602279e-01	1.594280412721407469e-01	2.589583263975343552e-01	1.549034974967970768e-01	7.422406916688321921e-02	3.059159949061902167e-02	7.796956574100348536e-02
1.226374749161614318e+03	2.437266141120500440e-01	1.593025676613651076e-01	2.590931297330156258e-01	1.549826324778376119e-01	7.425766356093436993e-02	3.061537632627113481e-02	7.802201612826420440e-02
1.227826080225710712e+03	2.435286739645078358e-01	1.591772973356568865e-01	2.592276827928308158e-01	1.550616306253307930e-01	7.429120306759556813e-02	3.063912552890882268e-02	7.807438668490729317e-02
1.229277411289807560e+03	2.433310793908501635e-01	1.590522299558324026e-01	2.593619860435844582e-01	1.551404922349271243e-01	7.432468778955624022e-02	3.066284707303038037e-02	7.812667751195720434e-02
1.230728742353903954e+03	2.431338297908610946e-01	1.589273651832889822e-01	2.594960399509489424e-01	1.552192176013946212e-01	7.435811782924692248e-02	3.068654093365190058e-02	7.817888871034542331e-02
1.232180073418000802e+03	2.429369245653901777e-01	1.588027026800040153e-01	2.596298449796667906e-01	1.552978070186221138e-01	7.439149328884032963e-02	3.071020708630298884e-02	7.823102038091160615e-02
1.233631404482097196e+03	2.427403631163502495e-01	1.586782421085337624e-01	2.597634015935520457e-01	1.553762607796224660e-01	7.442481427025243734e-02	3.073384550702246490e-02	7.828307262440452330e-02
1.235082735546193817e+03	2.425441448467157424e-01	1.585539831320124937e-01	2.598967102554930464e-01	1.554545791765359064e-01	7.445808087514356466e-02	3.075745617235414037e-02	7.833504554148312815e-02
1.236534066610290438e+03	2.423482691605202410e-01	1.584299254141513513e-01	2.600297714274535932e-01	1.555327625006333037e-01	7.449129320491934547e-02	3.078103905934259296e-02	7.838693923271755626e-02
1.237985397674387059e+03	2.421527354628546236e-01	1.583060686192374056e-01	2.601625855704756130e-01	1.556108110423192192e-01	7.452445136073193588e-02	3.080459414552899275e-02	7.843875379859008290e-02
1.239436728738483680e+03	2.419575431598649795e-01	1.581824124121326280e-01	2.602951531446808797e-01	1.556887250911353771e-01	7.455755544348095787e-02	3.082812140894696309e-02	7.849048933949608065e-02
1.240888059802580301e+03	2.417626916587506392e-01	1.580589564582726980e-01	2.604274746092727910e-01	1.557665049357637443e-01	7.459060555381454016e-02	3.085162082811847978e-02	7.854214595574493529e-02
1.242339390866676695e+03	2.415681803677620920e-01	1.579357004236661421e-01	2.605595504225386994e-01	1.558441508640297513e-01	7.462360179213040068e-02	3.087509238204979092e-02	7.859372374756097568e-02
1.243790721930773088e+03	2.413740086961989051e-01	1.578126439748933352e-01	2.606913810418515776e-01	1.559216631629054828e-01	7.465654425857683185e-02	3.089853605022737509e-02	7.864522281508436186e-02
1.245242052994869937e+03	2.411801760544077800e-01	1.576897867791053620e-01	2.608229669236721837e-01	1.559990421185129539e-01	7.468943305305369984e-02	3.092195181261393755e-02	7.869664325837190388e-02
1.246693384058966330e+03	2.409866818537805822e-01	1.575671285040230463e-01	2.609543085235510040e-01	1.560762880161272181e-01	7.472226827521354087e-02	3.094533964964443079e-02	7.874798517739796389e-02
1.248144715123063179e+03	2.407935255067521763e-01	1.574446688179360343e-01	2.610854062961301958e-01	1.561534011401795596e-01	7.475505002446244940e-02	3.096869954222211327e-02	7.879924867205530259e-02
1.249596046187159800e+03	2.406007064267985385e-01	1.573224073897016018e-01	2.612162606951454746e-01	1.562303817742606293e-01	7.478777839996116061e-02	3.099203147171464279e-02	7.885043384215580098e-02
1.251047377251256421e+03	2.404082240284347582e-01	1.572003438887437654e-01	2.613468721734282241e-01	1.563072302011236370e-01	7.482045350062599409e-02	3.101533541995018725e-02	7.890154078743130683e-02
1.252498708315352815e+03	2.402160777272129843e-01	1.570784779850522839e-01	2.614772411829072718e-01	1.563839467026874597e-01	7.485307542512985302e-02	3.103861136921357358e-02	7.895256960753442577e-02
1.253950039379449436e+03	2.400242669397204542e-01	1.569568093491815752e-01	2.616073681746111657e-01	1.564605315600397784e-01	7.488564427190319561e-02	3.106185930224248867e-02	7.900352040203920123e-02
1.255401370443546057e+03	2.398327910835775512e-01	1.568353376522497178e-01	2.617372535986696724e-01	1.565369850534402418e-01	7.491816013913503436e-02	3.108507920222367341e-02	7.905439327044190556e-02
1.256852701507642678e+03	2.396416495774357225e-01	1.567140625659375341e-01	2.618668979043162204e-01	1.566133074623235477e-01	7.495062312477382416e-02	3.110827105278918259e-02	7.910518831216177549e-02
1.258304032571739299e+03	2.394508418409756201e-01	1.565929837624875087e-01	2.619963015398893980e-01	1.566894990653024677e-01	7.498303332652848929e-02	3.113143483801263448e-02	7.915590562654165052e-02
1.259755363635835920e+03	2.392603672949050464e-01	1.564721009147028163e-01	2.621254649528352854e-01	1.567655601401710952e-01	7.501539084186932549e-02	3.115457054240555052e-02	7.920654531284865296e-02
1.261206694699932314e+03	2.390702253609570116e-01	1.563514136959462952e-01	2.622543885897090643e-01	1.568414909639078147e-01	7.504769576802899911e-02	3.117767815091366038e-02	7.925710747027490954e-02
1.262658025764028707e+03	2.388804154618877351e-01	1.562309217801395034e-01	2.623830728961772940e-01	1.569172918126783278e-01	7.507994820200339370e-02	3.120075764891327291e-02	7.930759219793814818e-02
1.264109356828125556e+03	2.386909370214748138e-01	1.561106248417616638e-01	2.625115183170195765e-01	1.569929629618389277e-01	7.511214824055262307e-02	3.122380902220766793e-02	7.935799959488233635e-02
1.265560687892221949e+03	2.385017894645150571e-01	1.559905225558487485e-01	2.626397252961306661e-01	1.570685046859392753e-01	7.514429598020194723e-02	3.124683225702352615e-02	7.940832976007833333e-02
1.267012018956318798e+03	2.383129722168227937e-01	1.558706145979923963e-01	2.627676942765223012e-01	1.571439172587256461e-01	7.517639151724261892e-02	3.126982734000736952e-02	7.945858279242443145e-02
1.268463350020415419e+03	2.381244847052276237e-01	1.557509006443390520e-01	2.628954257003251471e-01	1.572192009531438173e-01	7.520843494773286897e-02	3.129279425822204669e-02	7.950875879074695285e-02
1.269914681084511813e+03	2.379363263575727805e-01	1.556313803715887734e-01	2.630229200087907948e-01	1.572943560413421760e-01	7.524042636749879442e-02	3.131573299914323233e-02	7.955885785380084618e-02
1.271366012148608434e+03	2.377484966027130220e-01	1.555120534569944812e-01	2.631501776422937033e-01	1.573693827946747725e-01	7.527236587213523289e-02	3.133864355065597157e-02	7.960888008027020013e-02
1.272817343212705055e+03	2.375609948705127150e-01	1.553929195783607942e-01	2.632771990403329765e-01	1.574442814837041515e-01	7.530425355700670620e-02	3.136152590105122095e-02	7.965882556876881238e-02
1.274268674276801676e+03	2.373738205918438926e-01	1.552739784140431956e-01	2.634039846415344166e-01	1.575190523782044882e-01	7.533608951724823921e-02	3.138438003902246920e-02	7.970869441784067533e-02
1.275720005340898297e+03	2.371869731985844498e-01	1.551552296429468958e-01	2.635305348836523565e-01	1.575936957471645028e-01	7.536787384776633125e-02	3.140720595366233714e-02	7.975848672596048961e-02
1.277171336404994690e+03	2.370004521236160622e-01	1.550366729445260272e-01	2.636568502035717132e-01	1.576682118587904580e-01	7.539960664323970552e-02	3.143000363445921236e-02	7.980820259153420526e-02
1.278622667469091539e+03	2.368142568008224091e-01	1.549183079987824785e-01	2.637829310373097091e-01	1.577426009805090734e-01	7.543128799812032215e-02	3.145277307129394628e-02	7.985784211289942425e-02
1.280073998533187932e+03	2.366283866650872036e-01	1.548001344862651452e-01	2.639087778200179812e-01	1.578168633789705233e-01	7.546291800663419702e-02	3.147551425443652351e-02	7.990740538832591389e-02
1.281525329597284326e+03	2.364428411522922491e-01	1.546821520880687362e-01	2.640343909859842464e-01	1.578909993200513229e-01	7.549449676278216503e-02	3.149822717454280746e-02	7.995689251601603709e-02
1.282976660661381175e+03	2.362576196993156075e-01	1.545643604858329689e-01	2.641597709686343554e-01	1.579650090688572706e-01	7.552602436034087929e-02	3.152091182265127217e-02	8.000630359410518255e-02
1.284427991725477568e+03	2.360727217440297676e-01	1.544467593617414591e-01	2.642849182005343467e-01	1.580388928897263900e-01	7.555750089286357440e-02	3.154356819017978264e-02	8.005563872066222275e-02
1.285879322789574417e+03	2.358881467252995356e-01	1.543293483985208880e-01	2.644098331133920565e-01	1.581126510462317891e-01	7.558892645368094076e-02	3.156619626892241681e-02	8.010489799368990249e-02
1.287330653853671038e+03	2.357038940829803420e-01	1.542121272794399756e-01	2.645345161380591170e-01	1.581862838011846017e-01	7.562030113590194336e-02	3.158879605104626676e-02	8.015408151112521362e-02
1.288781984917767431e+03	2.355199632579162983e-01	1.540950956883085088e-01	2.646589677045329547e-01	1.582597914166368747e-01	7.565162503241468217e-02	3.161136752908828840e-02	8.020318937083983912e-02
1.290233315981864052e+03	2.353363536919382826e-01	1.539782533094764538e-01	2.647831882419585114e-01	1.583331741538843707e-01	7.568289823588719711e-02	3.163391069595218597e-02	8.025222167064045842e-02
