1.001418434226643626e+03	2.790335536900020452e-01	1.813517043262218853e-01	2.348676412636788169e-01	1.408569550409881632e-01	6.833663005820872494e-02	2.663996394433413434e-02	6.891355167630569545e-02
1.002869765290740247e+03	2.787744347345800788e-01	1.811900483662038930e-01	2.350464516097747203e-01	1.409612869680854363e-01	6.838028849563879130e-02	2.666734648924647122e-02	6.898014333621006744e-02
1.004321096354836754e+03	2.785157679096564309e-01	1.810286567076190845e-01	2.352249239179750873e-01	1.410654262544508708e-01	6.842387172423874953e-02	2.669471586357984386e-02	6.904663762221946444e-02
1.005772427418933376e+03	2.782575524229002895e-01	1.808675289042101231e-01	2.354030588524906875e-01	1.411693733697300945e-01	6.846737991009972657e-02	2.672207187405494996e-02	6.911303466625370873e-02
1.007223758483029997e+03	2.779997874834395644e-01	1.807066645105020186e-01	2.355808570761622756e-01	1.412731287821129278e-01	6.851081321864334328e-02	2.674941432929311969e-02	6.917933459958634790e-02
1.008675089547126618e+03	2.777424723018577790e-01	1.805460630818007672e-01	2.357583192504615899e-01	1.413766929583344933e-01	6.855417181462969411e-02	2.677674303980014797e-02	6.924553755285514645e-02
1.010126420611223239e+03	2.774856060901904065e-01	1.803857241741919359e-01	2.359354460354932681e-01	1.414800663636760769e-01	6.859745586216511870e-02	2.680405781795025186e-02	6.931164365607259126e-02
1.011577751675319632e+03	2.772291880619222049e-01	1.802256473445391083e-01	2.361122380899960127e-01	1.415832494619664039e-01	6.864066552470968197e-02	2.683135847797020121e-02	6.937765303863605015e-02
1.013029082739416367e+03	2.769732174319836093e-01	1.800658321504825243e-01	2.362886960713443119e-01	1.416862427155831106e-01	6.868380096508450161e-02	2.685864483592358132e-02	6.944356582933801370e-02
1.014480413803512761e+03	2.767176934167478453e-01	1.799062781504376651e-01	2.364648206355499660e-01	1.417890465854540483e-01	6.872686234547883966e-02	2.688591670969521508e-02	6.950938215637603168e-02
1.015931744867609382e+03	2.764626152340275422e-01	1.797469849035938649e-01	2.366406124372635866e-01	1.418916615310591711e-01	6.876984982745708297e-02	2.691317391897571354e-02	6.957510214736258025e-02
1.017383075931706003e+03	2.762079821030717919e-01	1.795879519699128124e-01	2.368160721297762894e-01	1.419940880104321734e-01	6.881276357196543236e-02	2.694041628524617565e-02	6.964072592933484573e-02
1.018834406995802851e+03	2.759537932445628727e-01	1.794291789101271628e-01	2.369912003650212762e-01	1.420963264801624326e-01	6.885560373933849454e-02	2.696764363176304413e-02	6.970625362876430031e-02
1.020285738059899245e+03	2.757000478806130306e-01	1.792706652857390670e-01	2.371659977935754726e-01	1.421983773953970354e-01	6.889837048930567975e-02	2.699485578354307580e-02	6.977168537156615280e-02
1.021737069123995752e+03	2.754467452347616474e-01	1.791124106590189502e-01	2.373404650646612768e-01	1.423002412098430258e-01	6.894106398099740518e-02	2.702205256734846114e-02	6.983702128310871615e-02
1.023188400188092373e+03	2.751938845319720217e-01	1.789544145930038466e-01	2.375146028261481690e-01	1.424019183757695706e-01	6.898368437295118727e-02	2.704923381167208263e-02	6.990226148822259455e-02
1.024639731252188767e+03	2.749414649986280934e-01	1.787966766514960948e-01	2.376884117245545991e-01	1.425034093440103733e-01	6.902623182311755368e-02	2.707639934672290138e-02	6.996740611120981501e-02
1.026091062316285615e+03	2.746894858625317237e-01	1.786391963990620335e-01	2.378618924050495409e-01	1.426047145639661451e-01	6.906870648886580255e-02	2.710354900441149309e-02	7.003245527585273689e-02
1.027542393380382237e+03	2.744379463528993091e-01	1.784819734010304193e-01	2.380350455114543240e-01	1.427058344836072412e-01	6.911110852698963691e-02	2.713068261833569486e-02	7.009740910542289205e-02
1.028993724444478858e+03	2.741868457003588389e-01	1.783250072234910943e-01	2.382078716862444934e-01	1.428067695494763256e-01	6.915343809371264638e-02	2.715780002376639787e-02	7.016226772268972789e-02
1.030445055508575479e+03	2.739361831369470091e-01	1.781682974332936820e-01	2.383803715705516413e-01	1.429075202066910355e-01	6.919569534469365013e-02	2.718490105763346140e-02	7.022703124992915602e-02
1.031896386572671872e+03	2.736859578961058914e-01	1.780118435980460323e-01	2.385525458041650726e-01	1.430080868989469511e-01	6.923788043503190104e-02	2.721198555851175524e-02	7.029169980893203162e-02
1.033347717636768493e+03	2.734361692126802690e-01	1.778556452861129178e-01	2.387243950255339142e-01	1.431084700685204825e-01	6.927999351927226213e-02	2.723905336660734089e-02	7.035627352101248011e-02
1.034799048700865114e+03	2.731868163229143054e-01	1.776997020666146454e-01	2.388959198717687249e-01	1.432086701562719222e-01	6.932203475141014704e-02	2.726610432374376031e-02	7.042075250701612665e-02
1.036250379764961508e+03	2.729378984644487693e-01	1.775440135094256133e-01	2.390671209786436047e-01	1.433086876016485545e-01	6.936400428489633563e-02	2.729313827334846690e-02	7.048513688732820082e-02
1.037701710829058356e+03	2.726894148763179815e-01	1.773885791851730065e-01	2.392379989805980822e-01	1.434085228426877912e-01	6.940590227264178957e-02	2.732015506043936059e-02	7.054942678188154404e-02
1.039153041893154750e+03	2.724413647989468168e-01	1.772333986652352977e-01	2.394085545107388358e-01	1.435081763160204193e-01	6.944772886702228754e-02	2.734715453161145129e-02	7.061362231016446445e-02
1.040604372957251599e+03	2.721937474741478180e-01	1.770784715217408878e-01	2.395787882008420244e-01	1.436076484568739042e-01	6.948948421988296320e-02	2.737413653502364722e-02	7.067772359122843906e-02
1.042055704021347992e+03	2.719465621451179760e-01	1.769237973275668285e-01	2.397487006813548982e-01	1.437069396990757753e-01	6.953116848254271842e-02	2.740110092038567161e-02	7.074173074369585756e-02
1.043507035085444613e+03	2.716998080564361762e-01	1.767693756563373519e-01	2.399182925813980183e-01	1.438060504750570678e-01	6.957278180579858085e-02	2.742804753894506620e-02	7.080564388576747470e-02
1.044958366149541234e+03	2.714534844540600345e-01	1.766152060824225101e-01	2.400875645287672000e-01	1.439049812158558206e-01	6.961432433993000601e-02	2.745497624347434037e-02	7.086946313522984875e-02
1.046409697213637855e+03	2.712075905853229552e-01	1.764612881809368150e-01	2.402565171499355390e-01	1.440037323511206002e-01	6.965579623470292969e-02	2.748188688825822790e-02	7.093318860946262738e-02
1.047861028277734476e+03	2.709621256989315219e-01	1.763076215277378234e-01	2.404251510700554650e-01	1.441023043091141098e-01	6.969719763937395896e-02	2.750877932908104770e-02	7.099682042544580574e-02
1.049312359341831097e+03	2.707170890449621115e-01	1.761542056994248595e-01	2.405934669129606851e-01	1.442006975167168525e-01	6.973852870269428572e-02	2.753565342321418266e-02	7.106035869976673469e-02
1.050763690405927491e+03	2.704724798748583403e-01	1.760010402733375168e-01	2.407614653011685701e-01	1.442989123994308509e-01	6.977978957291358642e-02	2.756250902940368327e-02	7.112380354862717080e-02
1.052215021470024112e+03	2.702282974414281225e-01	1.758481248275544084e-01	2.409291468558819316e-01	1.443969493813833105e-01	6.982098039778386611e-02	2.758934600785797192e-02	7.118715508785011803e-02
1.053666352534120733e+03	2.699845409988405609e-01	1.756954589408918077e-01	2.410965121969912694e-01	1.444948088853305612e-01	6.986210132456326105e-02	2.761616422023564082e-02	7.125041343288662787e-02
1.055117683598217127e+03	2.697412098026236160e-01	1.755430421929021489e-01	2.412635619430768263e-01	1.445924913326617489e-01	6.990315250001960523e-02	2.764296352963338185e-02	7.131357869882243294e-02
1.056569014662313975e+03	2.694983031096606640e-01	1.753908741638728341e-01	2.414302967114108911e-01	1.446899971434027765e-01	6.994413407043409414e-02	2.766974380057402733e-02	7.137665100038452504e-02
1.058020345726410369e+03	2.692558201781878879e-01	1.752389544348247896e-01	2.415967171179597417e-01	1.447873267362201899e-01	6.998504618160483748e-02	2.769650489899466370e-02	7.143963045194766381e-02
1.059471676790506763e+03	2.690137602677916129e-01	1.750872825875110783e-01	2.417628237773860045e-01	1.448844805284251747e-01	7.002588897885030084e-02	2.772324669223488400e-02	7.150251716754066345e-02
1.060923007854603611e+03	2.687721226394053087e-01	1.749358582044157062e-01	2.419286173030506804e-01	1.449814589359774697e-01	7.006666260701269189e-02	2.774996904902513051e-02	7.156531126085274863e-02
1.062374338918700232e+03	2.685309065553065921e-01	1.747846808687521236e-01	2.420940983070154484e-01	1.450782623734894750e-01	7.010736721046131881e-02	2.777667183947515189e-02	7.162801284523966083e-02
1.063825669982796853e+03	2.682901112791147846e-01	1.746337501644619206e-01	2.422592674000448032e-01	1.451748912542301373e-01	7.014800293309586543e-02	2.780335493506252628e-02	7.169062203372976450e-02
1.065277001046893474e+03	2.680497360757878589e-01	1.744830656762135224e-01	2.424241251916083306e-01	1.452713459901291693e-01	7.018856991834963865e-02	2.783001820862133699e-02	7.175313893903001450e-02
1.066728332110990095e+03	2.678097802116196635e-01	1.743326269894008018e-01	2.425886722898829839e-01	1.453676269917811015e-01	7.022906830919264931e-02	2.785666153433091069e-02	7.181556367353182646e-02
1.068179663175086489e+03	2.675702429542372029e-01	1.741824336901417469e-01	2.427529093017551653e-01	1.454637346684494181e-01	7.026949824813480405e-02	2.788328478770467703e-02	7.187789634931693317e-02
1.069630994239183110e+03	2.673311235725980284e-01	1.740324853652771286e-01	2.429168368328231409e-01	1.455596694280706926e-01	7.030985987722893071e-02	2.790988784557909413e-02	7.194013707816297731e-02
1.071082325303279504e+03	2.670924213369869626e-01	1.738827816023692241e-01	2.430804554873992607e-01	1.456554316772587787e-01	7.035015333807377591e-02	2.793647058610271988e-02	7.200228597154922916e-02
1.072533656367376352e+03	2.668541355190139908e-01	1.737333219897004288e-01	2.432437658685122905e-01	1.457510218213089459e-01	7.039037877181691938e-02	2.796303288872532822e-02	7.206434314066204050e-02
1.073984987431472746e+03	2.666162653916109293e-01	1.735841061162718968e-01	2.434067685779096324e-01	1.458464402642021818e-01	7.043053631915777157e-02	2.798957463418716082e-02	7.212630869640031250e-02
1.075436318495569594e+03	2.663788102290291504e-01	1.734351335718023190e-01	2.435694642160596557e-01	1.459416874086094107e-01	7.047062612035030760e-02	2.801609570450825162e-02	7.218818274938076929e-02
1.076887649559666215e+03	2.661417693068364732e-01	1.732864039467265083e-01	2.437318533821540290e-01	1.460367636558956572e-01	7.051064831520599541e-02	2.804259598297785192e-02	7.224996540994334249e-02
1.078338980623762609e+03	2.659051419019146101e-01	1.731379168321940942e-01	2.438939366741100234e-01	1.461316694061244592e-01	7.055060304309648811e-02	2.806907535414393182e-02	7.231165678815620890e-02
1.079790311687859230e+03	2.656689272924566136e-01	1.729896718200682471e-01	2.440557146885728723e-01	1.462264050580620034e-01	7.059049044295633013e-02	2.809553370380280662e-02	7.237325699382098076e-02
1.081241642751955851e+03	2.654331247579638231e-01	1.728416685029242894e-01	2.442171880209181301e-01	1.463209710091815108e-01	7.063031065328571889e-02	2.812197091898881868e-02	7.243476613647763240e-02
1.082692973816052472e+03	2.651977335792433110e-01	1.726939064740484753e-01	2.443783572652539482e-01	1.464153676556675665e-01	7.067006381215305832e-02	2.814838688796413024e-02	7.249618432540949620e-02
1.084144304880149093e+03	2.649627530384052743e-01	1.725463853274366299e-01	2.445392230144235735e-01	1.465095953924203387e-01	7.070975005719762341e-02	2.817478150020859967e-02	7.255751166964802268e-02
1.085595635944245487e+03	2.647281824188602029e-01	1.723991046577927899e-01	2.446997858600076237e-01	1.466036546130600471e-01	7.074936952563208592e-02	2.820115464640973735e-02	7.261874827797759613e-02
1.087046967008342108e+03	2.644940210053163820e-01	1.722520640605280096e-01	2.448600463923264747e-01	1.466975457099311819e-01	7.078892235424504020e-02	2.822750621845276919e-02	7.267989425894023914e-02
1.088498298072438729e+03	2.642602680837770612e-01	1.721052631317589732e-01	2.450200052004427309e-01	1.467912690741069448e-01	7.082840867940352891e-02	2.825383610941075221e-02	7.274094972084013677e-02
1.089949629136535123e+03	2.640269229415378449e-01	1.719587014683066906e-01	2.451796628721635563e-01	1.468848250953936063e-01	7.086782863705544389e-02	2.828014421353481495e-02	7.280191477174825787e-02
1.091400960200631971e+03	2.637939848671839727e-01	1.718123786676952758e-01	2.453390199940430338e-01	1.469782141623348359e-01	7.090718236273196862e-02	2.830643042624445688e-02	7.286278951950671268e-02
1.092852291264728365e+03	2.635614531505878766e-01	1.716662943281505316e-01	2.454980771513846916e-01	1.470714366622160596e-01	7.094646999154999301e-02	2.833269464411793462e-02	7.292357407173319372e-02
1.094303622328825213e+03	2.633293270829062394e-01	1.715204480485988114e-01	2.456568349282438335e-01	1.471644929810689284e-01	7.098569165821443094e-02	2.835893676488273479e-02	7.298426853582525020e-02
1.095754953392921607e+03	2.630976059565776071e-01	1.713748394286656040e-01	2.458152939074301213e-01	1.472573835036756484e-01	7.102484749702055178e-02	2.838515668740613368e-02	7.304487301896452067e-02
1.097206284457018228e+03	2.628662890653197248e-01	1.712294680686742288e-01	2.459734546705098224e-01	1.473501086135733662e-01	7.106393764185627016e-02	2.841135431168582623e-02	7.310538762812091029e-02
1.098657615521114849e+03	2.626353757041267611e-01	1.710843335696446699e-01	2.461313177978083633e-01	1.474426686930585539e-01	7.110296222620444972e-02	2.843752953884064530e-02	7.316581247005664312e-02
1.100108946585211470e+03	2.624048651692668654e-01	1.709394355332921611e-01	2.462888838684128279e-01	1.475350641231915338e-01	7.114192138314506808e-02	2.846368227110135721e-02	7.322614765133027281e-02
1.101560277649308091e+03	2.621747567582795035e-01	1.707947735620260199e-01	2.464461534601742332e-01	1.476272952838007246e-01	7.118081524535747884e-02	2.848981241180154403e-02	7.328639327830069328e-02
1.103011608713404712e+03	2.619450497699727376e-01	1.706503472589482873e-01	2.466031271497101107e-01	1.477193625534870269e-01	7.121964394512259044e-02	2.851591986536854140e-02	7.334654945713091345e-02
1.104462939777501106e+03	2.617157435044209501e-01	1.705061562278524512e-01	2.467598055124070877e-01	1.478112663096284030e-01	7.125840761432496173e-02	2.854200453731448039e-02	7.340661629379192921e-02
1.105914270841597499e+03	2.614868372629619575e-01	1.703622000732222252e-01	2.469161891224231353e-01	1.479030069283841231e-01	7.129710638445496684e-02	2.856806633422738495e-02	7.346659389406647034e-02
1.107365601905694348e+03	2.612583303481945118e-01	1.702184784002302165e-01	2.470722785526902054e-01	1.479945847846992901e-01	7.133574038661096017e-02	2.859410516376236985e-02	7.352648236355267819e-02
1.108816932969790741e+03	2.610302220639758031e-01	1.700749908147367595e-01	2.472280743749167287e-01	1.480860002523091412e-01	7.137430975150120538e-02	2.862012093463288387e-02	7.358628180766765836e-02
1.110268264033887590e+03	2.608025117154190164e-01	1.699317369232885011e-01	2.473835771595899458e-01	1.481772537037434889e-01	7.141281460944608195e-02	2.864611355660204306e-02	7.364599233165110281e-02
1.111719595097984211e+03	2.605751986088903904e-01	1.697887163331172622e-01	2.475387874759786000e-01	1.482683455103311621e-01	7.145125509038001421e-02	2.867208294047405084e-02	7.370561404056874544e-02
1.113170926162080832e+03	2.603482820520071073e-01	1.696459286521386500e-01	2.476937058921352686e-01	1.483592760422043078e-01	7.148963132385352526e-02	2.869802899808566315e-02	7.376514703931576211e-02
1.114622257226177226e+03	2.601217613536342399e-01	1.695033734889509758e-01	2.478483329748990271e-01	1.484500456683029157e-01	7.152794343903519370e-02	2.872395164229774381e-02	7.382459143262015688e-02
1.116073588290273847e+03	2.598956358238828646e-01	1.693610504528337835e-01	2.480026692898978646e-01	1.485406547563790647e-01	7.156619156471365206e-02	2.874985078698689620e-02	7.388394732504606488e-02
1.117524919354370468e+03	2.596699047741070632e-01	1.692189591537467952e-01	2.481567154015511811e-01	1.486311036730015300e-01	7.160437582929947420e-02	2.877572634703714355e-02	7.394321482099697196e-02
1.118976250418467089e+03	2.594445675169016474e-01	1.690770992023284958e-01	2.483104718730723970e-01	1.487213927835598637e-01	7.164249636082715977e-02	2.880157823833170982e-02	7.400239402471889272e-02
1.120427581482563710e+03	2.592196233660992721e-01	1.689354702098949945e-01	2.484639392664714230e-01	1.488115224522690849e-01	7.168055328695699391e-02	2.882740637774483528e-02	7.406148504030353463e-02
1.121878912546660331e+03	2.589950716367685479e-01	1.687940717884386932e-01	2.486171181425570753e-01	1.489014930421738714e-01	7.171854673497693455e-02	2.885321068313369958e-02	7.412048797169133729e-02
1.123330243610756725e+03	2.587709116452108771e-01	1.686529035506271201e-01	2.487700090609399062e-01	1.489913049151529723e-01	7.175647683180448599e-02	2.887899107333038312e-02	7.417940292267444224e-02
1.124781574674853118e+03	2.585471427089583996e-01	1.685119651098016258e-01	2.489226125800343692e-01	1.490809584319235936e-01	7.179434370398854459e-02	2.890474746813390811e-02	7.423822999689973223e-02
1.126232905738949967e+03	2.583237641467714396e-01	1.683712560799761893e-01	2.490749292570616225e-01	1.491704539520457284e-01	7.183214747771118902e-02	2.893047978830234554e-02	7.429696929787166226e-02
1.127684236803046360e+03	2.581007752786359521e-01	1.682307760758361415e-01	2.492269596480519711e-01	1.492597918339265695e-01	7.186988827878952601e-02	2.895618795554498470e-02	7.435562092895511843e-02
1.129135567867143209e+03	2.578781754257609693e-01	1.680905247127368884e-01	2.493787043078473653e-01	1.493489724348247838e-01	7.190756623267746672e-02	2.898187189251457893e-02	7.441418499337822123e-02
1.130586898931239830e+03	2.576559639105763244e-01	1.679505016067028011e-01	2.495301637901040648e-01	1.494379961108548982e-01	7.194518146446748919e-02	2.900753152279965039e-02	7.447266159423504561e-02
1.132038229995336451e+03	2.574341400567300431e-01	1.678107063744258831e-01	2.496813386472950536e-01	1.495268632169916845e-01	7.198273409889242858e-02	2.903316677091684686e-02	7.453105083448831325e-02
1.133489561059432845e+03	2.572127031890860671e-01	1.676711386332645770e-01	2.498322294307126767e-01	1.496155741070743506e-01	7.202022426032714253e-02	2.905877756230339920e-02	7.458935281697204323e-02
1.134940892123529466e+03	2.569916526337215901e-01	1.675317980012425434e-01	2.499828366904711385e-01	1.497041291338109537e-01	7.205765207279034301e-02	2.908436382330958567e-02	7.464756764439414716e-02
1.136392223187626087e+03	2.567709877179247258e-01	1.673926840970473839e-01	2.501331609755091390e-01	1.497925286487827023e-01	7.209501765994617839e-02	2.910992548119131079e-02	7.470569541933887170e-02
1.137843554251722708e+03	2.565507077701920102e-01	1.672537965400295312e-01	2.502832028335923442e-01	1.498807730024482587e-01	7.213232114510600979e-02	2.913546246410272933e-02	7.476373624426942144e-02
1.139294885315819101e+03	2.563308121202262368e-01	1.671151349502008610e-01	2.504329628113159401e-01	1.499688625441480128e-01	7.216956265123006253e-02	2.916097470108891879e-02	7.482169022153029037e-02
1.140746216379915950e+03	2.561113000989336252e-01	1.669766989482336650e-01	2.505824414541072409e-01	1.500567976221084121e-01	7.220674230092911927e-02	2.918646212207862481e-02	7.487955745334969049e-02
1.142197547444012343e+03	2.558921710384216563e-01	1.668384881554592913e-01	2.507316393062282156e-01	1.501445785834461810e-01	7.224386021646606038e-02	2.921192465787707596e-02	7.493733804184188330e-02
1.143648878508108737e+03	2.556734242719966854e-01	1.667005021938670062e-01	2.508805569107780964e-01	1.502322057741725947e-01	7.228091651975764032e-02	2.923736224015883317e-02	7.499503208900949736e-02
1.145100209572205586e+03	2.554550591341614441e-01	1.665627406861027449e-01	2.510291948096958770e-01	1.503196795391978091e-01	7.231791133237601421e-02	2.926277480146073293e-02	7.505263969674577651e-02
1.146551540636302207e+03	2.552370749606126532e-01	1.664252032554678906e-01	2.511775535437628659e-01	1.504070002223350244e-01	7.235484477555034766e-02	2.928816227517484425e-02	7.511016096683674481e-02
1.148002871700398828e+03	2.550194710882387472e-01	1.662878895259181922e-01	2.513256336526053514e-01	1.504941681663047592e-01	7.239171697016842655e-02	2.931352459554153328e-02	7.516759600096339922e-02
1.149454202764495449e+03	2.548022468551172648e-01	1.661507991220624036e-01	2.514734356746970434e-01	1.505811837127390973e-01	7.242852803677826690e-02	2.933886169764254870e-02	7.522494490070380513e-02
1.150905533828591842e+03	2.545854016005126841e-01	1.660139316691611466e-01	2.516209601473616830e-01	1.506680472021858508e-01	7.246527809558959976e-02	2.936417351739419035e-02	7.528220776753523358e-02
1.152356864892688463e+03	2.543689346648740912e-01	1.658772867931256889e-01	2.517682076067757069e-01	1.507547589741128347e-01	7.250196726647548107e-02	2.938945999154050567e-02	7.533938470283611799e-02
1.153808195956785084e+03	2.541528453898324602e-01	1.657408641205168343e-01	2.519151785879706895e-01	1.508413193669120300e-01	7.253859566897381816e-02	2.941472105764656939e-02	7.539647580788805259e-02
1.155259527020881706e+03	2.539371331181986546e-01	1.656046632785436179e-01	2.520618736248359526e-01	1.509277287179037197e-01	7.257516342228891026e-02	2.943995665409181173e-02	7.545348118387779079e-02
1.156710858084978327e+03	2.537217971939610961e-01	1.654686838950621963e-01	2.522082932501210073e-01	1.510139873633408181e-01	7.261167064529291948e-02	2.946516672006338142e-02	7.551040093189910485e-02
1.158162189149074720e+03	2.535068369622830442e-01	1.653329255985745982e-01	2.523544379954383299e-01	1.511000956384128679e-01	7.264811745652743902e-02	2.949035119554960227e-02	7.556723515295468707e-02
1.159613520213171569e+03	2.532922517695006537e-01	1.651973880182275312e-01	2.525003083912658042e-01	1.511860538772502871e-01	7.268450397420489484e-02	2.951551002133344370e-02	7.562398394795792622e-02
1.161064851277267962e+03	2.530780409631204209e-01	1.650620707838113266e-01	2.526459049669493306e-01	1.512718624129285039e-01	7.272083031621008609e-02	2.954064313898607450e-02	7.568064741773478099e-02
1.162516182341364356e+03	2.528642038918169077e-01	1.649269735257586078e-01	2.527912282507053798e-01	1.513575215774720373e-01	7.275709660010171165e-02	2.956575049086045126e-02	7.573722566302545922e-02
1.163967513405461204e+03	2.526507399054304659e-01	1.647920958751431797e-01	2.529362787696235459e-01	1.514430317018586047e-01	7.279330294311367466e-02	2.959083202008497282e-02	7.579371878448615263e-02
1.165418844469557826e+03	2.524376483549649053e-01	1.646574374636787796e-01	2.530810570496689893e-01	1.515283931160234243e-01	7.282944946215666460e-02	2.961588767055717275e-02	7.585012688269071601e-02
1.166870175533654447e+03	2.522249285925849960e-01	1.645229979237180229e-01	2.532255636156853229e-01	1.516136061488630171e-01	7.286553627381950338e-02	2.964091738693748132e-02	7.590645005813230484e-02
1.168321506597751068e+03	2.520125799716145809e-01	1.643887768882511258e-01	2.533697989913968329e-01	1.516986711282394817e-01	7.290156349437064420e-02	2.966592111464301865e-02	7.596268841122499893e-02
1.169772837661847461e+03	2.518006018465338558e-01	1.642547739909047677e-01	2.535137636994111987e-01	1.517835883809845465e-01	7.293753123975951769e-02	2.969089879984145725e-02	7.601884204230534292e-02
1.171224168725944082e+03	2.515889935729773152e-01	1.641209888659410088e-01	2.536574582612220463e-01	1.518683582329035942e-01	7.297343962561798902e-02	2.971585038944492274e-02	7.607491105163387279e-02
1.172675499790040703e+03	2.513777545077313103e-01	1.639874211482559574e-01	2.538008831972115020e-01	1.519529810087796862e-01	7.300928876726170413e-02	2.974077583110395009e-02	7.613089553939667020e-02
1.174126830854137097e+03	2.511668840087318832e-01	1.638540704733787712e-01	2.539440390266526348e-01	1.520374570323776986e-01	7.304507877969151908e-02	2.976567507320148839e-02	7.618679560570676412e-02
1.175578161918233945e+03	2.509563814350626032e-01	1.637209364774703524e-01	2.540869262677122875e-01	1.521217866264482077e-01	7.308080977759484620e-02	2.979054806484694035e-02	7.624261135060560191e-02
1.177029492982330339e+03	2.507462461469519566e-01	1.635880187973222655e-01	2.542295454374533525e-01	1.522059701127315701e-01	7.311648187534701415e-02	2.981539475587029198e-02	7.629834287406442317e-02
1.178480824046426733e+03	2.505364775057714044e-01	1.634553170703555713e-01	2.543718970518374367e-01	1.522900078119619471e-01	7.315209518701262792e-02	2.984021509681622844e-02	7.635399027598563371e-02
1.179932155110523581e+03	2.503270748740329954e-01	1.633228309346197171e-01	2.545139816257274701e-01	1.523739000438713020e-01	7.318764982634691496e-02	2.986500903893835740e-02	7.640955365620419326e-02
1.181383486174620202e+03	2.501180376153870899e-01	1.631905600287912594e-01	2.546557996728900375e-01	1.524576471271932576e-01	7.322314590679709911e-02	2.988977653419344974e-02	7.646503311448880902e-02
1.182834817238716823e+03	2.499093650946201395e-01	1.630585039921728652e-01	2.547973517059981541e-01	1.525412493796672042e-01	7.325858354150363572e-02	2.991451753523571150e-02	7.652042875054330950e-02
1.184286148302813444e+03	2.497010566776524387e-01	1.629266624646921180e-01	2.549386382366337633e-01	1.526247071180421300e-01	7.329396284330162714e-02	2.993923199541114258e-02	7.657574066400782420e-02
1.185737479366910065e+03	2.494931117315360158e-01	1.627950350869002138e-01	2.550796597752901795e-01	1.527080206580806176e-01	7.332928392472204404e-02	2.996391986875191274e-02	7.663096895446004642e-02
1.187188810431006686e+03	2.492855296244521901e-01	1.626636214999711005e-01	2.552204168313748078e-01	1.527911903145626749e-01	7.336454689799308537e-02	2.998858110997079315e-02	7.668611372141637128e-02
1.188640141495103080e+03	2.490783097257094625e-01	1.625324213457000622e-01	2.553609099132114757e-01	1.528742164012898419e-01	7.339975187504148291e-02	3.001321567445562263e-02	7.674117506433307534e-02
1.190091472559199701e+03	2.488714514057413230e-01	1.624014342665028310e-01	2.555011395280430975e-01	1.529570992310888833e-01	7.343489896749369472e-02	3.003782351826383978e-02	7.679615308260744067e-02
1.191542803623296322e+03	2.486649540361039468e-01	1.622706599054141996e-01	2.556411061820341168e-01	1.530398391158157290e-01	7.346998828667726522e-02	3.006240459811703250e-02	7.685104787557880957e-02
1.192994134687392716e+03	2.484588169894741128e-01	1.621400979060870773e-01	2.557808103802732824e-01	1.531224363663593879e-01	7.350501994362204639e-02	3.008695887139556033e-02	7.690585954252972256e-02
1.194445465751489564e+03	2.482530396396468442e-01	1.620097479127913243e-01	2.559202526267757016e-01	1.532048912926457507e-01	7.353999404906147452e-02	3.011148629613319416e-02	7.696058818268694535e-02
1.195896796815585958e+03	2.480476213615333270e-01	1.618796095704125859e-01	2.560594334244858383e-01	1.532872042036414750e-01	7.357491071343380540e-02	3.013598683101181147e-02	7.701523389522242635e-02
1.197348127879682352e+03	2.478425615311587171e-01	1.617496825244510716e-01	2.561983532752798998e-01	1.533693754073577886e-01	7.360977004688336323e-02	3.016046043535614354e-02	7.706979677925435146e-02
1.198799458943779200e+03	2.476378595256598925e-01	1.616199664210206666e-01	2.563370126799681126e-01	1.534514052108542914e-01	7.364457215926176192e-02	3.018490706912854357e-02	7.712427693384805993e-02
1.200250790007875821e+03	2.474335147232833154e-01	1.614904609068475994e-01	2.564754121382976648e-01	1.535332939202428137e-01	7.367931716012912635e-02	3.020932669292380676e-02	7.717867445801704362e-02
1.201702121071972442e+03	2.472295265033828959e-01	1.613611656292693597e-01	2.566135521489548710e-01	1.536150418406910800e-01	7.371400515875536907e-02	3.023371926796404596e-02	7.723298945072376576e-02
1.203153452136069063e+03	2.470258942464176877e-01	1.612320802362336991e-01	2.567514332095677809e-01	1.536966492764266778e-01	7.374863626412127282e-02	3.025808475609358464e-02	7.728722201088064625e-02
1.204604783200165684e+03	2.468226173339498897e-01	1.611032043762974098e-01	2.568890558167088445e-01	1.537781165307406384e-01	7.378321058491982276e-02	3.028242311977390536e-02	7.734137223735089439e-02
1.206056114264262078e+03	2.466196951486425426e-01	1.609745376986251586e-01	2.570264204658972429e-01	1.538594439059912389e-01	7.381772822955733060e-02	3.030673432207864337e-02	7.739544022894928599e-02
1.207507445328358699e+03	2.464171270742575304e-01	1.608460798529885161e-01	2.571635276516012758e-01	1.539406317036078331e-01	7.385218930615461419e-02	3.033101832668860798e-02	7.744942608444305154e-02
1.208958776392455093e+03	2.462149124956533042e-01	1.607178304897648180e-01	2.573003778672412478e-01	1.540216802240943761e-01	7.388659392254821878e-02	3.035527509788684200e-02	7.750332990255266730e-02
1.210410107456551941e+03	2.460130507987827175e-01	1.605897892599359444e-01	2.574369716051915780e-01	1.541025897670333655e-01	7.392094218629155500e-02	3.037950460055373336e-02	7.755715178195257686e-02
1.211861438520648335e+03	2.458115413706910557e-01	1.604619558150872927e-01	2.575733093567835197e-01	1.541833606310893112e-01	7.395523420465607844e-02	3.040370680016215785e-02	7.761089182127196839e-02
1.213312769584745183e+03	2.456103835995138152e-01	1.603343298074066947e-01	2.577093916123076589e-01	1.542639931140126208e-01	7.398947008463244157e-02	3.042788166277266698e-02	7.766455011909553785e-02
1.214764100648841804e+03	2.454095768744744555e-01	1.602069108896833349e-01	2.578452188610161344e-01	1.543444875126430693e-01	7.402364993293163165e-02	3.045202915502871061e-02	7.771812677396409963e-02
1.216215431712937971e+03	2.452091205858824008e-01	1.600796987153065010e-01	2.579807915911255800e-01	1.544248441229136293e-01	7.405777385598613649e-02	3.047614924415189067e-02	7.777162188437533596e-02
1.217666762777034819e+03	2.450090141251309583e-01	1.599526929382646678e-01	2.581161102898190118e-01	1.545050632398539125e-01	7.409184195995104083e-02	3.050024189793725665e-02	7.782503554878447694e-02
1.219118093841131440e+03	2.448092568846951811e-01	1.598258932131443322e-01	2.582511754432489925e-01	1.545851451575940283e-01	7.412585435070523365e-02	3.052430708474866000e-02	7.787836786560488334e-02
1.220569424905228061e+03	2.446098482581297306e-01	1.596992991951289576e-01	2.583859875365394632e-01	1.546650901693679969e-01	7.415981113385243517e-02	3.054834477351410504e-02	7.793161893320869893e-02
1.222020755969324682e+03	2.444107876400666846e-01	1.595729105399977532e-01	2.585205470537884631e-01	1.547448985675174971e-01	7.419371241472234868e-02	3.057235493372117280e-02	7.798478884992741944e-02
1.223472087033421303e+03	2.442120744262136767e-01	1.594467269041247026e-01	2.586548544780708503e-01	1.548245706434953073e-01	7.422755829837181241e-02	3.059633753541245865e-02	7.803787771405254481e-02
1.224923418097517697e+03	2.440137080133515657e-01	1.593207479444775365e-01	2.587889102914404105e-01	1.549041066878689421e-01	7.426134888958584035e-02	3.062029254918105167e-02	7.809088562383607879e-02
1.226374749161614318e+03	2.438156877993325200e-01	1.591949733186164839e-01	2.589227149749322998e-01	1.549835069903242879e-01	7.429508429287873250e-02	3.064421994616606942e-02	7.814381267749108406e-02
1.227826080225710712e+03	2.436180131830778528e-01	1.590694026846933007e-01	2.590562690085657094e-01	1.550627718396690446e-01	7.432876461249519895e-02	3.066811969804819626e-02	7.819665897319219572e-02
1.229277411289807560e+03	2.434206835645759126e-01	1.589440357014501870e-01	2.591895728713463631e-01	1.551419015238362231e-01	7.436238995241138683e-02	3.069199177704528061e-02	7.824942460907617636e-02
1.230728742353903954e+03	2.432236983448801682e-01	1.588188720282186772e-01	2.593226270412686829e-01	1.552208963298877809e-01	7.439596041633600443e-02	3.071583615590794611e-02	7.830210968324233245e-02
1.232180073418000802e+03	2.430270569261069602e-01	1.586939113249185296e-01	2.594554319953183974e-01	1.552997565440180361e-01	7.442947610771134814e-02	3.073965280791526866e-02	7.835471429375305552e-02
1.233631404482097196e+03	2.428307587114335586e-01	1.585691532520568103e-01	2.595879882094749846e-01	1.553784824515571650e-01	7.446293712971442658e-02	3.076344170687046048e-02	7.840723853863419690e-02
1.235082735546193817e+03	2.426348031050960252e-01	1.584445974707265892e-01	2.597202961587141146e-01	1.554570743369747543e-01	7.449634358525795974e-02	3.078720282709659223e-02	7.845968251587558118e-02
1.236534066610290438e+03	2.424391895123872986e-01	1.583202436426060511e-01	2.598523563170099804e-01	1.555355324838831321e-01	7.452969557699143377e-02	3.081093614343236031e-02	7.851204632343139478e-02
1.237985397674387059e+03	2.422439173396549739e-01	1.581960914299574417e-01	2.599841691573377411e-01	1.556138571750409205e-01	7.456299320730216951e-02	3.083464163122787843e-02	7.856433005922057455e-02
1.239436728738483680e+03	2.420489859942993871e-01	1.580721404956258735e-01	2.601157351516760197e-01	1.556920486923564217e-01	7.459623657831636334e-02	3.085831926634050384e-02	7.861653382112716859e-02
1.240888059802580301e+03	2.418543948847715064e-01	1.579483905030382718e-01	2.602470547710092341e-01	1.557701073168910599e-01	7.462942579190011416e-02	3.088196902513070524e-02	7.866865770700079419e-02
1.242339390866676695e+03	2.416601434205710164e-01	1.578248411162024856e-01	2.603781284853301514e-01	1.558480333288627950e-01	7.466256094966042256e-02	3.090559088445794453e-02	7.872070181465690153e-02
1.243790721930773088e+03	2.414662310122440980e-01	1.577014919997060116e-01	2.605089567636422188e-01	1.559258270076493980e-01	7.469564215294625942e-02	3.092918482167660715e-02	7.877266624187717614e-02
1.245242052994869937e+03	2.412726570713816521e-01	1.575783428187151336e-01	2.606395400739616730e-01	1.560034886317920311e-01	7.472866950284952348e-02	3.095275081463196715e-02	7.882455108640980257e-02
1.246693384058966330e+03	2.410794210106170232e-01	1.574553932389737287e-01	2.607698788833204273e-01	1.560810184789984956e-01	7.476164310020612380e-02	3.097628884165615562e-02	7.887635644596981133e-02
1.248144715123063179e+03	2.408865222436241682e-01	1.573326429268022131e-01	2.608999736577682360e-01	1.561584168261465622e-01	7.479456304559692348e-02	3.099979888156420560e-02	7.892808241823941195e-02
1.249596046187159800e+03	2.406939601851156296e-01	1.572100915490966810e-01	2.610298248623750816e-01	1.562356839492873573e-01	7.482742943934875268e-02	3.102328091365008991e-02	7.897972910086817344e-02
1.251047377251256421e+03	2.405017342508405098e-01	1.570877387733276287e-01	2.611594329612333953e-01	1.563128201236486658e-01	7.486024238153539401e-02	3.104673491768279725e-02	7.903129659147338504e-02
1.252498708315352815e+03	2.403098438575824169e-01	1.569655842675389823e-01	2.612887984174607769e-01	1.563898256236382900e-01	7.489300197197862330e-02	3.107016087390247067e-02	7.908278498764023667e-02
1.253950039379449436e+03	2.401182884231575498e-01	1.568436277003471269e-01	2.614179216932021044e-01	1.564667007228472684e-01	7.492570831024911171e-02	3.109355876301652180e-02	7.913419438692211039e-02
1.255401370443546057e+03	2.399270673664126718e-01	1.567218687409398514e-01	2.615468032496320316e-01	1.565434456940531793e-01	7.495836149566743878e-02	3.111692856619582837e-02	7.918552488684078849e-02
1.256852701507642678e+03	2.397361801072231680e-01	1.566003070590751556e-01	2.616754435469573759e-01	1.566200608092235269e-01	7.499096162730507775e-02	3.114027026507092122e-02	7.923677658488662012e-02
1.258304032571739299e+03	2.395456260664910464e-01	1.564789423250803890e-01	2.618038430444192266e-01	1.566965463395188218e-01	7.502350880398532540e-02	3.116358384172823043e-02	7.928794957851882652e-02
1.259755363635835920e+03	2.393554046661429680e-01	1.563577742098511969e-01	2.619320022002956105e-01	1.567729025552959399e-01	7.505600312428428733e-02	3.118686927870634173e-02	7.933904396516554269e-02
1.261206694699932314e+03	2.391655153291281921e-01	1.562368023848504095e-01	2.620599214719037118e-01	1.568491297261113415e-01	7.508844468653180781e-02	3.121012655899229118e-02	7.939005984222416434e-02
1.262658025764028707e+03	2.389759574794168007e-01	1.561160265221069876e-01	2.621876013156022589e-01	1.569252281207242083e-01	7.512083358881246897e-02	3.123335566601788404e-02	7.944099730706132012e-02
1.264109356828125556e+03	2.387867305419975883e-01	1.559954462942152176e-01	2.623150421867936899e-01	1.570011980070997459e-01	7.515316992896646509e-02	3.125655658365604495e-02	7.949185645701319081e-02
1.265560687892221949e+03	2.385978339428760919e-01	1.558750613743333513e-01	2.624422445399268167e-01	1.570770396524123202e-01	7.518545380459057403e-02	3.127972929621720272e-02	7.954263738938552319e-02
1.267012018956318798e+03	2.384092671090727866e-01	1.557548714361828568e-01	2.625692088284988235e-01	1.571527533230486773e-01	7.521768531303912875e-02	3.130287378844569257e-02	7.959334020145385213e-02
1.268463350020415419e+03	2.382210294686210317e-01	1.556348761540473080e-01	2.626959355050578759e-01	1.572283392846110794e-01	7.524986455142484987e-02	3.132599004551618604e-02	7.964396499046356992e-02
1.269914681084511813e+03	2.380331204505650999e-01	1.555150752027712746e-01	2.628224250212050639e-01	1.573037978019204142e-01	7.528199161661987271e-02	3.134907805303014522e-02	7.969451185362999568e-02
1.271366012148608434e+03	2.378455394849583737e-01	1.553954682577594060e-01	2.629486778275972325e-01	1.573791291390194136e-01	7.531406660525660768e-02	3.137213779701233940e-02	7.974498088813851415e-02
1.272817343212705055e+03	2.376582860028612909e-01	1.552760549949754321e-01	2.630746943739488142e-01	1.574543335591756799e-01	7.534608961372864233e-02	3.139516926390734791e-02	7.979537219114467284e-02
1.274268674276801676e+03	2.374713594363394853e-01	1.551568350909410809e-01	2.632004751090343819e-01	1.575294113248849603e-01	7.537806073819168506e-02	3.141817244057609759e-02	7.984568585977420974e-02
1.275720005340898297e+03	2.372847592184617882e-01	1.550378082227350518e-01	2.633260204806909255e-01	1.576043626978740619e-01	7.540998007456443941e-02	3.144114731429243498e-02	7.989592199112316440e-02
1.277171336404994690e+03	2.370984847832983966e-01	1.549189740679920713e-01	2.634513309358202382e-01	1.576791879391040430e-01	7.544184771852953386e-02	3.146409387273973318e-02	7.994608068225789177e-02
1.278622667469091539e+03	2.369125355659189580e-01	1.548003323049019220e-01	2.635764069203908044e-01	1.577538873087732663e-01	7.547366376553438228e-02	3.148701210400749878e-02	7.999616203021510386e-02
1.280073998533187932e+03	2.367269110023905998e-01	1.546818826122082491e-01	2.637012488794406306e-01	1.578284610663203691e-01	7.550542831079207207e-02	3.150990199658805502e-02	8.004616613200193909e-02
1.281525329597284326e+03	2.365416105297760418e-01	1.545636246692078108e-01	2.638258572570792437e-01	1.579029094704275382e-01	7.553714144928228014e-02	3.153276353937316256e-02	8.009609308459593457e-02
1.282976660661381175e+03	2.363566335861317369e-01	1.544455581557492019e-01	2.639502324964898561e-01	1.579772327790232578e-01	7.556880327575211942e-02	3.155559672165078600e-02	8.014594298494505387e-02
1.284427991725477568e+03	2.361719796105059277e-01	1.543276827522321315e-01	2.640743750399318635e-01	1.580514312492855566e-01	7.560041388471704094e-02	3.157840153310176312e-02	8.019571592996775633e-02
1.285879322789574417e+03	2.359876480429368428e-01	1.542099981396062303e-01	2.641982853287429545e-01	1.581255051376448673e-01	7.563197337046163871e-02	3.160117796379659921e-02	8.024541201655291389e-02
1.287330653853671038e+03	2.358036383244506706e-01	1.540925039993701340e-01	2.643219638033414420e-01	1.581994546997871065e-01	7.566348182704062120e-02	3.162392600419221267e-02	8.029503134155982491e-02
1.288781984917767431e+03	2.356199498970597550e-01	1.539752000135704291e-01	2.644454109032287059e-01	1.582732801906566178e-01	7.569493934827957460e-02	3.164664564512876394e-02	8.034457400181820030e-02
1.290233315981864052e+03	2.354365822037608191e-01	1.538580858648007643e-01	2.645686270669909135e-01	1.583469818644591687e-01	7.572634602777586488e-02	3.166933687782647056e-02	8.039404009412812191e-02
