1.001418434226643626e+03	2.790920671424694799e-01	1.812760516982337700e-01	2.348348254321448447e-01	1.408343110956275790e-01	6.834762890073503572e-02	2.665495985821642044e-02	6.896015587231218991e-02
1.003837319333471214e+03	2.786612923282701382e-01	1.810057537483616974e-01	2.351312074527429075e-01	1.410080750950104544e-01	6.842063101284523441e-02	2.670089866000563417e-02	6.907214170250333685e-02
1.006256204440298802e+03	2.782317686390323730e-01	1.807361937633631399e-01	2.354266407725833232e-01	1.411813128624909985e-01	6.849342374919842324e-02	2.674680133639840626e-02	6.918385887667270751e-02
1.008675089547126618e+03	2.778034924248265480e-01	1.804673696563234286e-01	2.357211286548743234e-01	1.413540265248630357e-01	6.856600787339561798e-02	2.679266698150467238e-02	6.929530788395173169e-02
1.011093974653954206e+03	2.773764600468999753e-01	1.801992793465294063e-01	2.360146743501558286e-01	1.415262181968275357e-01	6.863838414461605197e-02	2.683849470396116460e-02	6.940648921074940580e-02
1.013512859760782021e+03	2.769506678776368913e-01	1.799319207594493875e-01	2.363072810963379733e-01	1.416978899810558967e-01	6.871055331767104979e-02	2.688428362673217498e-02	6.951740334085597384e-02
1.015931744867609382e+03	2.765261123005184896e-01	1.796652918267133969e-01	2.365989521187402966e-01	1.418690439682541438e-01	6.878251614305612438e-02	2.693003288691322994e-02	6.962805075554365231e-02
1.018350629974437197e+03	2.761027897100832296e-01	1.793993904860932687e-01	2.368896906301311278e-01	1.420396822372281265e-01	6.885427336700115919e-02	2.697574163553768251e-02	6.973843193366469073e-02
1.020769515081264785e+03	2.756806965118873687e-01	1.791342146814828562e-01	2.371794998307678592e-01	1.422098068549495498e-01	6.892582573151891101e-02	2.702140903738613209e-02	6.984854735174660101e-02
1.023188400188092373e+03	2.752598291224657157e-01	1.788697623628782707e-01	2.374683829084370534e-01	1.423794198766227814e-01	6.899717397445200018e-02	2.706703427079866844e-02	6.995839748408479164e-02
1.025607285294920075e+03	2.748401839692924953e-01	1.786060314863583409e-01	2.377563430384954102e-01	1.425485233457524092e-01	6.906831882951834645e-02	2.711261652748985646e-02	7.006798280283250968e-02
1.028026170401747549e+03	2.744217574907423240e-01	1.783430200140649069e-01	2.380433833839109559e-01	1.427171192942112143e-01	6.913926102635525872e-02	2.715815501236641324e-02	7.017730377808822917e-02
1.030445055508575479e+03	2.740045461360519630e-01	1.780807259141834742e-01	2.383295070953045380e-01	1.428852097423088663e-01	6.921000129056223416e-02	2.720364894334757061e-02	7.028636087798061094e-02
1.032863940615402726e+03	2.735885463652816263e-01	1.778191471609235075e-01	2.386147173109917641e-01	1.430527966988609789e-01	6.928054034374246661e-02	2.724909755118803262e-02	7.039515456875089505e-02
1.035282825722230655e+03	2.731737546492766788e-01	1.775582817344992792e-01	2.388990171570251064e-01	1.432198821612584438e-01	6.935087890354332818e-02	2.729450007930351099e-02	7.050368531483294787e-02
1.037701710829058356e+03	2.727601674696296663e-01	1.772981276211103019e-01	2.391824097472366739e-01	1.433864681155372911e-01	6.942101768369560166e-02	2.733985578359880708e-02	7.061195357893093605e-02
1.040120595935886058e+03	2.723477813186423457e-01	1.770386828129223156e-01	2.394648981832808166e-01	1.435525565364487721e-01	6.949095739405189431e-02	2.738516393229836060e-02	7.071995982209479392e-02
1.042539481042713533e+03	2.719365926992881599e-01	1.767799453080478866e-01	2.397464855546774520e-01	1.437181493875293592e-01	6.956069874062388581e-02	2.743042380577924433e-02	7.082770450379326233e-02
1.044958366149541234e+03	2.715265981251747673e-01	1.765219131105273120e-01	2.400271749388553644e-01	1.438832486211714667e-01	6.963024242561892396e-02	2.747563469640659090e-02	7.093518808198485959e-02
1.047377251256368709e+03	2.711177941205064612e-01	1.762645842303095789e-01	2.403069694011958357e-01	1.440478561786938116e-01	6.969958914747549639e-02	2.752079590837136491e-02	7.104241101318674312e-02
1.049796136363196410e+03	2.707101772200472545e-01	1.760079566832333797e-01	2.405858719950765834e-01	1.442119739904120790e-01	6.976873960089811921e-02	2.756590675753046657e-02	7.114937375254133667e-02
1.052215021470024112e+03	2.703037439690840760e-01	1.757520284910080999e-01	2.408638857619159468e-01	1.443756039757096432e-01	6.983769447689128218e-02	2.761096657124914588e-02	7.125607675388101470e-02
1.054633906576851814e+03	2.698984909233896334e-01	1.754967976811949715e-01	2.411410137312171575e-01	1.445387480431081784e-01	6.990645446279288022e-02	2.765597468824563740e-02	7.136252046979077446e-02
1.057052791683679516e+03	2.694944146491861647e-01	1.752422622871881441e-01	2.414172589206129149e-01	1.447014080903382960e-01	6.997502024230675688e-02	2.770093045843805349e-02	7.146870535166884031e-02
1.059471676790506763e+03	2.690915117231089115e-01	1.749884203481961997e-01	2.416926243359101278e-01	1.448635860044102663e-01	7.004339249553472035e-02	2.774583324279341831e-02	7.157463184978553328e-02
1.061890561897334692e+03	2.686897787321698150e-01	1.747352699092231954e-01	2.419671129711347957e-01	1.450252836616844343e-01	7.011157189900793507e-02	2.779068241317888058e-02	7.168030041334014224e-02
1.064309447004162394e+03	2.682892122737215446e-01	1.744828090210500948e-01	2.422407278085770832e-01	1.451865029279416908e-01	7.017955912571766097e-02	2.783547735221503575e-02	7.178571149051603262e-02
1.066728332110990095e+03	2.678898089554215822e-01	1.742310357402163112e-01	2.425134718188367011e-01	1.453472456584537220e-01	7.024735484514550710e-02	2.788021745313129518e-02	7.189086552853396483e-02
1.069147217217817570e+03	2.674915653951966399e-01	1.739799481290010552e-01	2.427853479608680920e-01	1.455075136980532313e-01	7.031495972329311617e-02	2.792490211962335087e-02	7.199576297370362254e-02
1.071566102324645271e+03	2.670944782212067992e-01	1.737295442554049885e-01	2.430563591820260605e-01	1.456673088812037165e-01	7.038237442271140509e-02	2.796953076571261423e-02	7.210040427147351716e-02
1.073984987431472746e+03	2.666985440718103173e-01	1.734798221931318774e-01	2.433265084181113758e-01	1.458266330320694415e-01	7.044959960252919484e-02	2.801410281560764645e-02	7.220478986647926867e-02
1.076403872538300675e+03	2.663037595955283776e-01	1.732307800215701910e-01	2.435957985934164849e-01	1.459854879645847980e-01	7.051663591848150725e-02	2.805861770356754895e-02	7.230892020259013786e-02
1.078822757645127922e+03	2.659101214510102285e-01	1.729824158257749211e-01	2.438642326207714484e-01	1.461438754825237774e-01	7.058348402293733448e-02	2.810307487376726907e-02	7.241279572295408751e-02
1.081241642751955851e+03	2.655176263069978781e-01	1.727347276964493472e-01	2.441318134015897645e-01	1.463017973795689985e-01	7.065014456492701989e-02	2.814747378016478965e-02	7.251641687004131698e-02
1.083660527858783553e+03	2.651262708422916226e-01	1.724877137299270224e-01	2.443985438259144993e-01	1.464592554393804869e-01	7.071661819016918094e-02	2.819181388637017477e-02	7.261978408568621479e-02
1.086079412965611255e+03	2.647360517457153506e-01	1.722413720281535110e-01	2.446644267724642496e-01	1.466162514356642577e-01	7.078290554109739618e-02	2.823609466551645422e-02	7.272289781112792340e-02
1.088498298072438729e+03	2.643469657160824049e-01	1.719957006986686521e-01	2.449294651086794672e-01	1.467727871322406230e-01	7.084900725688626777e-02	2.828031560013231221e-02	7.282575848704943289e-02
1.090917183179266431e+03	2.639590094621609428e-01	1.717506978545884633e-01	2.451936616907684496e-01	1.469288642831121650e-01	7.091492397347734511e-02	2.832447618201654194e-02	7.292836655361534248e-02
1.093336068286093905e+03	2.635721797026400193e-01	1.715063616145872105e-01	2.454570193637537479e-01	1.470844846325312927e-01	7.098065632360456290e-02	2.836857591211423488e-02	7.303072245050817868e-02
1.095754953392921607e+03	2.631864731660957801e-01	1.712626901028797832e-01	2.457195409615184345e-01	1.472396499150677718e-01	7.104620493681935989e-02	2.841261430039472222e-02	7.313282661696346443e-02
1.098173838499749309e+03	2.628018865909572122e-01	1.710196814492038475e-01	2.459812293068524003e-01	1.473943618556756985e-01	7.111157043951554790e-02	2.845659086573117807e-02	7.323467949180346992e-02
1.100592723606577010e+03	2.624184167254730027e-01	1.707773337888021659e-01	2.462420872114986503e-01	1.475486221697600853e-01	7.117675345495377837e-02	2.850050513578189851e-02	7.333628151346974211e-02
1.103011608713404712e+03	2.620360603276778444e-01	1.705356452624050279e-01	2.465021174761997391e-01	1.477024325632435298e-01	7.124175460328574516e-02	2.854435664687321808e-02	7.343763312005432975e-02
1.105430493820231959e+03	2.616548141653589066e-01	1.702946140162125976e-01	2.467613228907440392e-01	1.478557947326319122e-01	7.130657450157806831e-02	2.858814494388405014e-02	7.353873474932988430e-02
1.107849378927059888e+03	2.612746750160229725e-01	1.700542382018775112e-01	2.470197062340121485e-01	1.480087103650803426e-01	7.137121376383590010e-02	2.863186958013201264e-02	7.363958683877858125e-02
1.110268264033887590e+03	2.608956396668632438e-01	1.698145159764874457e-01	2.472772702740232698e-01	1.481611811384582755e-01	7.143567300102621198e-02	2.867553011726111170e-02	7.374018982561994506e-02
1.112687149140715292e+03	2.605177049147264223e-01	1.695754455025475782e-01	2.475340177679814790e-01	1.483132087214146799e-01	7.149995282110094275e-02	2.871912612513096916e-02	7.384054414683745293e-02
1.115106034247542766e+03	2.601408675660799030e-01	1.693370249479635159e-01	2.477899514623219668e-01	1.484647947734425433e-01	7.156405382901967482e-02	2.876265718170759045e-02	7.394065023920426416e-02
1.117524919354370468e+03	2.597651244369793555e-01	1.690992524860239765e-01	2.480450740927575837e-01	1.486159409449430702e-01	7.162797662677224120e-02	2.880612287295558974e-02	7.404050853930765896e-02
1.119943804461197942e+03	2.593904723530361389e-01	1.688621262953834690e-01	2.482993883843247485e-01	1.487666488772895756e-01	7.169172181340098537e-02	2.884952279273192421e-02	7.414011948357265847e-02
1.122362689568025871e+03	2.590169081493849390e-01	1.686256445600452514e-01	2.485528970514298830e-01	1.489169202028910732e-01	7.175528998502271605e-02	2.889285654268105089e-02	7.423948350828457610e-02
1.124781574674853118e+03	2.586444286706517937e-01	1.683898054693443169e-01	2.488056027978954587e-01	1.490667565452551968e-01	7.181868173485062012e-02	2.893612373213151970e-02	7.433860104961055593e-02
1.127200459781681047e+03	2.582730307709217299e-01	1.681546072179303519e-01	2.490575083170062098e-01	1.492161595190510948e-01	7.188189765321573166e-02	2.897932397799398568e-02	7.443747254362030608e-02
1.129619344888508749e+03	2.579027113137072891e-01	1.679200480057508327e-01	2.493086162915550685e-01	1.493651307301716857e-01	7.194493832758827589e-02	2.902245690466058806e-02	7.453609842630570803e-02
1.132038229995336451e+03	2.575334671719163304e-01	1.676861260380339835e-01	2.495589293938891562e-01	1.495136717757956646e-01	7.200780434259879126e-02	2.906552214390569974e-02	7.463447913359980146e-02
1.134457115102163925e+03	2.571652952278208337e-01	1.674528395252721791e-01	2.498084502859558020e-01	1.496617842444490643e-01	7.207049628005897379e-02	2.910851933478801959e-02	7.473261510139464492e-02
1.136876000208991627e+03	2.567981923730250915e-01	1.672201866832049577e-01	2.500571816193483121e-01	1.498094697160663735e-01	7.213301471898234118e-02	2.915144812355401072e-02	7.483050676555846881e-02
1.139294885315819101e+03	2.564321555084346782e-01	1.669881657328025071e-01	2.503051260353517105e-01	1.499567297620513773e-01	7.219536023560474414e-02	2.919430816354259134e-02	7.492815456195203727e-02
1.141713770422646803e+03	2.560671815442249200e-01	1.667567749002488720e-01	2.505522861649884803e-01	1.501035659453376081e-01	7.225753340340457243e-02	2.923709911509117174e-02	7.502555892644408031e-02
1.144132655529474505e+03	2.557032673998101413e-01	1.665260124169255229e-01	2.507986646290639721e-01	1.502499798204482706e-01	7.231953479312276667e-02	2.927982064544289859e-02	7.512272029492612913e-02
1.146551540636302207e+03	2.553404100038124125e-01	1.662958765193947586e-01	2.510442640382123392e-01	1.503959729335558604e-01	7.238136497278271908e-02	2.932247242865518647e-02	7.521963910332639391e-02
1.148970425743129908e+03	2.549786062940311848e-01	1.660663654493831354e-01	2.512890869929414461e-01	1.505415468225414499e-01	7.244302450770989665e-02	2.936505414550946713e-02	7.531631578762305879e-02
1.151389310849957155e+03	2.546178532174122044e-01	1.658374774537652308e-01	2.515331360836784991e-01	1.506867030170534749e-01	7.250451396055127007e-02	2.940756548342212881e-02	7.541275078385685504e-02
1.153808195956785084e+03	2.542581477300172033e-01	1.656092107845471839e-01	2.517764138908151206e-01	1.508314430385660765e-01	7.256583389129461770e-02	2.945000613635668021e-02	7.550894452814277402e-02
1.156227081063612786e+03	2.538994867969934788e-01	1.653815636988505144e-01	2.520189229847524248e-01	1.509757684004372769e-01	7.262698485728756592e-02	2.949237580473704906e-02	7.560489745668137751e-02
1.158645966170440488e+03	2.535418673925435851e-01	1.651545344588957465e-01	2.522606659259459816e-01	1.511196806079665722e-01	7.268796741325649069e-02	2.953467419536208449e-02	7.570061000576924770e-02
1.161064851277267962e+03	2.531852864998951902e-01	1.649281213319863937e-01	2.525016452649508358e-01	1.512631811584520813e-01	7.274878211132523864e-02	2.957690102132114890e-02	7.579608261180879880e-02
1.163483736384095664e+03	2.528297411112711002e-01	1.647023225904926946e-01	2.527418635424661941e-01	1.514062715412475557e-01	7.280942950103368172e-02	2.961905600191087548e-02	7.589131571131764453e-02
1.165902621490923138e+03	2.524752282278593385e-01	1.644771365118357365e-01	2.529813232893798891e-01	1.515489532378187232e-01	7.286991012935598033e-02	2.966113886255300133e-02	7.598630974093714685e-02
1.168321506597751068e+03	2.521217448597835031e-01	1.642525613784712735e-01	2.532200270268129549e-01	1.516912277217993821e-01	7.293022454071887428e-02	2.970314933471330382e-02	7.608106513744056221e-02
1.170740391704578315e+03	2.517692880260729571e-01	1.640285954778738509e-01	2.534579772661642583e-01	1.518330964590470233e-01	7.299037327701965450e-02	2.974508715582161941e-02	7.617558233774050780e-02
1.173159276811406244e+03	2.514178547546336295e-01	1.638052371025209841e-01	2.536951765091542410e-01	1.519745609076982029e-01	7.305035687764396823e-02	2.978695206919290683e-02	7.626986177889591434e-02
1.175578161918233945e+03	2.510674420822182062e-01	1.635824845498773106e-01	2.539316272478695513e-01	1.521156225182233868e-01	7.311017587948354102e-02	2.982874382394935450e-02	7.636390389811846535e-02
1.177997047025061647e+03	2.507180470543972639e-01	1.633603361223787687e-01	2.541673319648065643e-01	1.522562827334814350e-01	7.316983081695366264e-02	2.987046217494352535e-02	7.645770913277848135e-02
1.180415932131889122e+03	2.503696667255299602e-01	1.631387901274169994e-01	2.544022931329156245e-01	1.523965429887736978e-01	7.322932222201057606e-02	2.991210688268249734e-02	7.655127792041033219e-02
1.182834817238716823e+03	2.500222981587350568e-01	1.629178448773234977e-01	2.546365132156444000e-01	1.525364047118977495e-01	7.328865062416861642e-02	2.995367771325303449e-02	7.664461069871733589e-02
1.185253702345544298e+03	2.496759384258620817e-01	1.626974986893541808e-01	2.548699946669814587e-01	1.526758693232007080e-01	7.334781655051726690e-02	2.999517443824770840e-02	7.673770790557619959e-02
1.187672587452371999e+03	2.493305846074625742e-01	1.624777498856738167e-01	2.551027399314999000e-01	1.528149382356322195e-01	7.340682052573806182e-02	3.003659683469200176e-02	7.683056997904101626e-02
1.190091472559199701e+03	2.489862337927613856e-01	1.622585967933405093e-01	2.553347514444004318e-01	1.529536128547969442e-01	7.346566307212121227e-02	3.007794468497236237e-02	7.692319735734678976e-02
1.192510357666027403e+03	2.486428830796281464e-01	1.620400377442902662e-01	2.555660316315542802e-01	1.530918945790068486e-01	7.352434470958232882e-02	3.011921777676522180e-02	7.701559047891250176e-02
1.194929242772855105e+03	2.483005295745490393e-01	1.618220710753216773e-01	2.557965829095466548e-01	1.532297847993328854e-01	7.358286595567868626e-02	3.016041590296690902e-02	7.710774978234384569e-02
1.197348127879682352e+03	2.479591703925982937e-01	1.616046951280804833e-01	2.560264076857189375e-01	1.533672848996564531e-01	7.364122732562557172e-02	3.020153886162451132e-02	7.719967570643553045e-02
1.199767012986510281e+03	2.476188026574101531e-01	1.613879082490444483e-01	2.562555083582117033e-01	1.535043962567204101e-01	7.369942933231243831e-02	3.024258645586760594e-02	7.729136869017308453e-02
1.202185898093337983e+03	2.472794235011508690e-01	1.611717087895080669e-01	2.564838873160070198e-01	1.536411202401797849e-01	7.375747248631878139e-02	3.028355849384090429e-02	7.738282917273445194e-02
1.204604783200165684e+03	2.469410300644906964e-01	1.609560951055674649e-01	2.567115469389708027e-01	1.537774582126520406e-01	7.381535729593005635e-02	3.032445478863776342e-02	7.747405759349107468e-02
1.207023668306993159e+03	2.466036194965760819e-01	1.607410655581051895e-01	2.569384895978951144e-01	1.539134115297669247e-01	7.387308426715334664e-02	3.036527515823456494e-02	7.756505439200872543e-02
1.209442553413820860e+03	2.462671889550019921e-01	1.605266185127753875e-01	2.571647176545397429e-01	1.540489815402160956e-01	7.393065390373289303e-02	3.040601942542594388e-02	7.765582000804790996e-02
1.211861438520648335e+03	2.459317356057843795e-01	1.603127523399885124e-01	2.573902334616745002e-01	1.541841695858021666e-01	7.398806670716553957e-02	3.044668741776085374e-02	7.774635488156400598e-02
1.214280323627476264e+03	2.455972566233326770e-01	1.600994654148966412e-01	2.576150393631205238e-01	1.543189770014876394e-01	7.404532317671599917e-02	3.048727896747945726e-02	7.783665945270704101e-02
1.216699208734303511e+03	2.452637491904224309e-01	1.598867561173785146e-01	2.578391376937919088e-01	1.544534051154431986e-01	7.410242380943196649e-02	3.052779391145084981e-02	7.792673416182115120e-02
1.219118093841131440e+03	2.449312104981681004e-01	1.596746228320246042e-01	2.580625307797368984e-01	1.545874552490958953e-01	7.415936910015914763e-02	3.056823209111157388e-02	7.801657944944381806e-02
1.221536978947959142e+03	2.445996377459958848e-01	1.594630639481225409e-01	2.582852209381792941e-01	1.547211287171767202e-01	7.421615954155609540e-02	3.060859335240492113e-02	7.810619575630463329e-02
1.223955864054786844e+03	2.442690281416167453e-01	1.592520778596421827e-01	2.585072104775590351e-01	1.548544268277680935e-01	7.427279562410898928e-02	3.064887754572102538e-02	7.819558352332403595e-02
1.226374749161614318e+03	2.439393789009995372e-01	1.590416629652210978e-01	2.587285016975733321e-01	1.549873508823506052e-01	7.432927783614624861e-02	3.068908452583773289e-02	7.828474319161154993e-02
1.228793634268442020e+03	2.436106872483441155e-01	1.588318176681499383e-01	2.589490968892171341e-01	1.551199021758498664e-01	7.438560666385295173e-02	3.072921415186221847e-02	7.837367520246389663e-02
1.231212519375269494e+03	2.432829504160547440e-01	1.586225403763577291e-01	2.591689983348235415e-01	1.552520819966826948e-01	7.444178259128525488e-02	3.076926628717336840e-02	7.846237999736281610e-02
1.233631404482097196e+03	2.429561656447134788e-01	1.584138295023975185e-01	2.593882083081042178e-01	1.553838916268028836e-01	7.449780610038458928e-02	3.080924079936487453e-02	7.855085801797261069e-02
1.236050289588924898e+03	2.426303301830536885e-01	1.582056834634318898e-01	2.596067290741893019e-01	1.555153323417469424e-01	7.455367767099171927e-02	3.084913756018909173e-02	7.863910970613752216e-02
1.238469174695752372e+03	2.423054412879337982e-01	1.579981006812184730e-01	2.598245628896674875e-01	1.556464054106792838e-01	7.460939778086078666e-02	3.088895644550158914e-02	7.872713550387878956e-02
1.240888059802580301e+03	2.419814962243108381e-01	1.577910795820956780e-01	2.600417120026256579e-01	1.557771120964368539e-01	7.466496690567313299e-02	3.092869733520641623e-02	7.881493585339159613e-02
1.243306944909407548e+03	2.416584922652145473e-01	1.575846185969683733e-01	2.602581786526884655e-01	1.559074536555739021e-01	7.472038551905102466e-02	3.096836011320208346e-02	7.890251119704173866e-02
1.245725830016235477e+03	2.413364266917211454e-01	1.573787161612935359e-01	2.604739650710578003e-01	1.560374313384060296e-01	7.477565409257128093e-02	3.100794466732819873e-02	7.898986197736207471e-02
1.248144715123063179e+03	2.410152967929274637e-01	1.571733707150662906e-01	2.606890734805518695e-01	1.561670463890539873e-01	7.483077309577877700e-02	3.104745088931281857e-02	7.907698863704888670e-02
1.250563600229890881e+03	2.406950998659251606e-01	1.569685807028054214e-01	2.609035060956443330e-01	1.562963000454871687e-01	7.488574299619975283e-02	3.108687867472044453e-02	7.916389161895789894e-02
1.252982485336718355e+03	2.403758332157749089e-01	1.567643445735396046e-01	2.611172651225028285e-01	1.564251935395667703e-01	7.494056425935516352e-02	3.112622792290070661e-02	7.925057136610022535e-02
1.255401370443546057e+03	2.400574941554808883e-01	1.565606607807931150e-01	2.613303527590280506e-01	1.565537280970885903e-01	7.499523734877376613e-02	3.116549853693766081e-02	7.933702832163813667e-02
1.257820255550373531e+03	2.397400800059651671e-01	1.563575277825719756e-01	2.615427711948921097e-01	1.566819049378254669e-01	7.504976272600515086e-02	3.120469042359977352e-02	7.942326292888064743e-02
1.260239140657201460e+03	2.394235880960422502e-01	1.561549440413499412e-01	2.617545226115766122e-01	1.568097252755694115e-01	7.510414085063268907e-02	3.124380349329050621e-02	7.950927563127889452e-02
1.262658025764028707e+03	2.391080157623939884e-01	1.559529080240546206e-01	2.619656091824109634e-01	1.569371903181734917e-01	7.515837218028628697e-02	3.128283765999953503e-02	7.959506687242143275e-02
1.265076910870856636e+03	2.387933603495441259e-01	1.557514182020536264e-01	2.621760330726102817e-01	1.570643012675931871e-01	7.521245717065513925e-02	3.132179284125459484e-02	7.968063709602937750e-02
1.267495795977684338e+03	2.384796192098333212e-01	1.555504730511407807e-01	2.623857964393129794e-01	1.571910593199276340e-01	7.526639627550024692e-02	3.136066895807393395e-02	7.976598674595139493e-02
1.269914681084511813e+03	2.381667897033941106e-01	1.553500710515223482e-01	2.625949014316186214e-01	1.573174656654604264e-01	7.532018994666697664e-02	3.139946593491934473e-02	7.985111626615848390e-02
1.272333566191339514e+03	2.378548691981259844e-01	1.551502106878033804e-01	2.628033501906249514e-01	1.574435214887000278e-01	7.537383863409732876e-02	3.143818369964983261e-02	7.993602610073878567e-02
1.274752451298167216e+03	2.375438550696706008e-01	1.549508904489740047e-01	2.630111448494654725e-01	1.575692279684200447e-01	7.542734278584227459e-02	3.147682218347581939e-02	8.002071669389211606e-02
1.277171336404994690e+03	2.372337447013869449e-01	1.547521088283958512e-01	2.632182875333460848e-01	1.576945862776991947e-01	7.548070284807387176e-02	3.151538132091393635e-02	8.010518848992451146e-02
1.279590221511822392e+03	2.369245354843269868e-01	1.545538643237885090e-01	2.634247803595820003e-01	1.578195975839606080e-01	7.553391926509728238e-02	3.155386104974241407e-02	8.018944193324253900e-02
1.282009106618650094e+03	2.366162248172109239e-01	1.543561554372160083e-01	2.636306254376347136e-01	1.579442630490112409e-01	7.558699247936284671e-02	3.159226131095702050e-02	8.027347746834763431e-02
1.284427991725477568e+03	2.363088101064028390e-01	1.541589806750733871e-01	2.638358248691479169e-01	1.580685838290807332e-01	7.563992293147778212e-02	3.163058204872751245e-02	8.035729553983020357e-02
1.286846876832305497e+03	2.360022887658863311e-01	1.539623385480732298e-01	2.640403807479843601e-01	1.581925610748600719e-01	7.569271106021797924e-02	3.166882321035467684e-02	8.044089659236375311e-02
1.289265761939132744e+03	2.356966582172404234e-01	1.537662275712323723e-01	2.642442951602612666e-01	1.583161959315398937e-01	7.574535730253970089e-02	3.170698474622792029e-02	8.052428107069882490e-02
1.291684647045960673e+03	2.353919158896153330e-01	1.535706462638585235e-01	2.644475701843869708e-01	1.584394895388483437e-01	7.579786209359103133e-02	3.174506660978333727e-02	8.060744941965693189e-02
1.294103532152788375e+03	2.350880592197083507e-01	1.533755931495370262e-01	2.646502078910961120e-01	1.585624430310889899e-01	7.585022586672335310e-02	3.178306875746236132e-02	8.069040208412432691e-02
1.296522417259616077e+03	2.347850856517400830e-01	1.531810667561176453e-01	2.648522103434853836e-01	1.586850575371780148e-01	7.590244905350274074e-02	3.182099114867088102e-02	8.077313950904577156e-02
1.298941302366443551e+03	2.344829926374304430e-01	1.529870656157014119e-01	2.650535795970488384e-01	1.588073341806815475e-01	7.595453208372114628e-02	3.185883374573890425e-02	8.085566213941822178e-02
1.301360187473271253e+03	2.341817776359749748e-01	1.527935882646274668e-01	2.652543176997131935e-01	1.589292740798521897e-01	7.600647538540758474e-02	3.189659651388070810e-02	8.093797042028438860e-02
1.303779072580098727e+03	2.338814381140212062e-01	1.526006332434599599e-01	2.654544266918726914e-01	1.590508783476657639e-01	7.605827938483916695e-02	3.193427942115548840e-02	8.102006479672625716e-02
1.306197957686926657e+03	2.335819715456450008e-01	1.524081990969750888e-01	2.656539086064239052e-01	1.591721480918573683e-01	7.610994450655210464e-02	3.197188243842850192e-02	8.110194571385861972e-02
1.308616842793753904e+03	2.332833754123271874e-01	1.522162843741480531e-01	2.658527654688002673e-01	1.592930844149574310e-01	7.616147117335254901e-02	3.200940553933268734e-02	8.118361361682245592e-02
1.311035727900581833e+03	2.329856472029300241e-01	1.520248876281400929e-01	2.660509992970069848e-01	1.594136884143271260e-01	7.621285980632737378e-02	3.204684870023077198e-02	8.126506895077831305e-02
1.313454613007409534e+03	2.326887844136739658e-01	1.518340074162856934e-01	2.662486121016546803e-01	1.595339611821939563e-01	7.626411082485488879e-02	3.208421190017785030e-02	8.134631216089958927e-02
1.315873498114237009e+03	2.323927845481145726e-01	1.516436423000797062e-01	2.664456058859940302e-01	1.596539038056867255e-01	7.631522464661537331e-02	3.212149512088439268e-02	8.142734369236584446e-02
1.318292383221064711e+03	2.320976451171192501e-01	1.514537908451644432e-01	2.666419826459492937e-01	1.597735173668702324e-01	7.636620168760169247e-02	3.215869834667977462e-02	8.150816399035601401e-02
1.320711268327892412e+03	2.318033636388442120e-01	1.512644516213169921e-01	2.668377443701521190e-01	1.598928029427799102e-01	7.641704236212960855e-02	3.219582156447622218e-02	8.158877350004160867e-02
1.323130153434719887e+03	2.315099376387116381e-01	1.510756232024365042e-01	2.670328930399753498e-01	1.600117616054559655e-01	7.646774708284816147e-02	3.223286476373316001e-02	8.166917266657988672e-02
1.325549038541547588e+03	2.312173646493868306e-01	1.508873041665315662e-01	2.672274306295659985e-01	1.601303944219773512e-01	7.651831626074989678e-02	3.226982793642211439e-02	8.174936193510694282e-02
1.327967923648375290e+03	2.309256422107552886e-01	1.506994930957075152e-01	2.674213591058787198e-01	1.602487024544953786e-01	7.656875030518107972e-02	3.230671107699193551e-02	8.182934175073083849e-02
1.330386808755202765e+03	2.306347678699001980e-01	1.505121885761538381e-01	2.676146804287086178e-01	1.603666867602672186e-01	7.661904962385165940e-02	3.234351418233451930e-02	8.190911255852467709e-02
1.332805693862030694e+03	2.303447391810797829e-01	1.503253891981317092e-01	2.678073965507243859e-01	1.604843483916889857e-01	7.666921462284535804e-02	3.238023725175091100e-02	8.198867480351959558e-02
1.335224578968857941e+03	2.300555537057047684e-01	1.501390935559614448e-01	2.679995094175006698e-01	1.606016883963285180e-01	7.671924570662953802e-02	3.241688028691788043e-02	8.206802893069788107e-02
1.337643464075685870e+03	2.297672090123160371e-01	1.499533002480101240e-01	2.681910209675507084e-01	1.607187078169580730e-01	7.676914327806499960e-02	3.245344329185483739e-02	8.214717538498593485e-02
1.340062349182513572e+03	2.294797026765622305e-01	1.497680078766790712e-01	2.683819331323584745e-01	1.608354076915866626e-01	7.681890773841577869e-02	3.248992627289120499e-02	8.222611461124729182e-02
1.342481234289341273e+03	2.291930322811775722e-01	1.495832150483916156e-01	2.685722478364109822e-01	1.609517890534919726e-01	7.686853948735873632e-02	3.252632923863420927e-02	8.230484705427558445e-02
1.344900119396168748e+03	2.289071954159596078e-01	1.493989203735807125e-01	2.687619669972303171e-01	1.610678529312523366e-01	7.691803892299317602e-02	3.256265219993701582e-02	8.238337315878754841e-02
1.347319004502996449e+03	2.286221896777471951e-01	1.492151224666766196e-01	2.689510925254051110e-01	1.611836003487782387e-01	7.696740644185032232e-02	3.259889516986725494e-02	8.246169336941595873e-02
1.349737889609823924e+03	2.283380126703985769e-01	1.490318199460947679e-01	2.691396263246224052e-01	1.612990323253435665e-01	7.701664243890277151e-02	3.263505816367602563e-02	8.253980813070263545e-02
1.352156774716651853e+03	2.280546620047692596e-01	1.488490114342235771e-01	2.693275702916989589e-01	1.614141498756166693e-01	7.706574730757380365e-02	3.267114119876714934e-02	8.261771788709139364e-02
1.354575659823479100e+03	2.277721352986904202e-01	1.486666955574122151e-01	2.695149263166125020e-01	1.615289540096911114e-01	7.711472143974663906e-02	3.270714429466692330e-02	8.269542308292102128e-02
1.356994544930307029e+03	2.274904301769470616e-01	1.484848709459585248e-01	2.697016962825329878e-01	1.616434457331163144e-01	7.716356522577362542e-02	3.274306747299413067e-02	8.277292416241821549e-02
1.359413430037134731e+03	2.272095442712562530e-01	1.483035362340970054e-01	2.698878820658534017e-01	1.617576260469277272e-01	7.721227905448539708e-02	3.277891075743053634e-02	8.285022156969057416e-02
1.361832315143962205e+03	2.269294752202457299e-01	1.481226900599867391e-01	2.700734855362204589e-01	1.618714959476769133e-01	7.726086331319984013e-02	3.281467417369164641e-02	8.292731574871960165e-02
1.364251200250789907e+03	2.266502206694322452e-01	1.479423310656995116e-01	2.702585085565652467e-01	1.619850564274613325e-01	7.730931838773108522e-02	3.285035774949785631e-02	8.300420714335364492e-02
1.366670085357617609e+03	2.263717782712002524e-01	1.477624578972077662e-01	2.704429529831335888e-01	1.620983084739539282e-01	7.735764466239838932e-02	3.288596151454600824e-02	8.308089619730092690e-02
1.369088970464445310e+03	2.260941456847805064e-01	1.475830692043728354e-01	2.706268206655165209e-01	1.622112530704324096e-01	7.740584252003493426e-02	3.292148550048119848e-02	8.315738335412255211e-02
1.371507855571272785e+03	2.258173205762288027e-01	1.474041636409328671e-01	2.708101134466798787e-01	1.623238911958083119e-01	7.745391234199659747e-02	3.295692974086899402e-02	8.323366905722549836e-02
1.373926740678100487e+03	2.255413006184047997e-01	1.472257398644912507e-01	2.709928331629947174e-01	1.624362238246558898e-01	7.750185450817057009e-02	3.299229427116800312e-02	8.330975374985570558e-02
1.376345625784927961e+03	2.252660834909509802e-01	1.470477965365047657e-01	2.711749816442667327e-01	1.625482519272406223e-01	7.754966939698401673e-02	3.302757912870269569e-02	8.338563787509106762e-02
1.378764510891755890e+03	2.249916668802715292e-01	1.468703323222717849e-01	2.713565607137660152e-01	1.626599764695477179e-01	7.759735738541254091e-02	3.306278435263666077e-02	8.346132187583459039e-02
1.381183395998583137e+03	2.247180484795114341e-01	1.466933458909207011e-01	2.715375721882564153e-01	1.627713984133101199e-01	7.764491884898869212e-02	3.309790998394612771e-02	8.353680619480742531e-02
1.383602281105411066e+03	2.244452259885356404e-01	1.465168359153981581e-01	2.717180178780246314e-01	1.628825187160364840e-01	7.769235416181027865e-02	3.313295606539379962e-02	8.361209127454198586e-02
1.386021166212238768e+03	2.241731971139082347e-01	1.463408010724575326e-01	2.718978995869094639e-01	1.629933383310388229e-01	7.773966369654880526e-02	3.316792264150308228e-02	8.368717755737510589e-02
1.388440051319066470e+03	2.239019595688716835e-01	1.461652400426473319e-01	2.720772191123306816e-01	1.631038582074600118e-01	7.778684782445757784e-02	3.320280975853252131e-02	8.376206548544118391e-02
1.390858936425893944e+03	2.236315110733263778e-01	1.459901515102997038e-01	2.722559782453178867e-01	1.632140792903009618e-01	7.783390691538000228e-02	3.323761746445063475e-02	8.383675550066542470e-02
1.393277821532721646e+03	2.233618493538097882e-01	1.458155341635189450e-01	2.724341787705389928e-01	1.633240025204476253e-01	7.788084133775766138e-02	3.327234580891102328e-02	8.391124804475698362e-02
1.395696706639549120e+03	2.230929721434762036e-01	1.456413866941699553e-01	2.726118224663286460e-01	1.634336288346978916e-01	7.792765145863832232e-02	3.330699484322776488e-02	8.398554355920224979e-02
1.398115591746377049e+03	2.228248771820763030e-01	1.454677077978668853e-01	2.727889111047165360e-01	1.635429591657880100e-01	7.797433764368399967e-02	3.334156462035114260e-02	8.405964248525814309e-02
1.400534476853204296e+03	2.225575622159366995e-01	1.452944961739618401e-01	2.729654464514555956e-01	1.636519944424190409e-01	7.802090025717882404e-02	3.337605519484364291e-02	8.413354526394538346e-02
1.402953361960032225e+03	2.222910249979397901e-01	1.451217505255334994e-01	2.731414302660498117e-01	1.637607355892829186e-01	7.806733966203691089e-02	3.341046662285624552e-02	8.420725233604182958e-02
1.405372247066859927e+03	2.220252632875035215e-01	1.449494695593757654e-01	2.733168643017822586e-01	1.638691835270884023e-01	7.811365621981011809e-02	3.344479896210504621e-02	8.428076414207585909e-02
1.407791132173687402e+03	2.217602748505612953e-01	1.447776519859866329e-01	2.734917503057425203e-01	1.639773391725868057e-01	7.815985029069585921e-02	3.347905227184808791e-02	8.435408112231977673e-02
1.410210017280515103e+03	2.214960574595419285e-01	1.446062965195568373e-01	2.736660900188542245e-01	1.640852034385975600e-01	7.820592223354469463e-02	3.351322661286252474e-02	8.442720371678325009e-02
1.412628902387342805e+03	2.212326088933496693e-01	1.444354018779588078e-01	2.738398851759023533e-01	1.641927772340333602e-01	7.825187240586796433e-02	3.354732204742206375e-02	8.450013236520677318e-02
1.415047787494170507e+03	2.209699269373443242e-01	1.442649667827353988e-01	2.740131375055607221e-01	1.643000614639253676e-01	7.829770116384530965e-02	3.358133863927465629e-02	8.457286750705518552e-02
1.417466672600997981e+03	2.207080093833214407e-01	1.440949899590889260e-01	2.741858487304185688e-01	1.644070570294480504e-01	7.834340886233219503e-02	3.361527645362047401e-02	8.464540958151123284e-02
1.419885557707825683e+03	2.204468540294926004e-01	1.439254701358700372e-01	2.743580205670078098e-01	1.645137648279438314e-01	7.838899585486730492e-02	3.364913555709015541e-02	8.471775902746914166e-02
1.422304442814653157e+03	2.201864586804656021e-01	1.437564060455666648e-01	2.745296547258295194e-01	1.646201857529476509e-01	7.843446249367992673e-02	3.368291601772330224e-02	8.478991628352823551e-02
1.424723327921481086e+03	2.199268211472249768e-01	1.435877964242930904e-01	2.747007529113805191e-01	1.647263206942111702e-01	7.847980912969722278e-02	3.371661790494725336e-02	8.486188178798662052e-02
1.427142213028308333e+03	2.196679392471124759e-01	1.434196400117789816e-01	2.748713168221800229e-01	1.648321705377268909e-01	7.852503611255150229e-02	3.375024128955610853e-02	8.493365597883488494e-02
1.429561098135136262e+03	2.194098108038075035e-01	1.432519355513584836e-01	2.750413481507956726e-01	1.649377361657520247e-01	7.857014379058739617e-02	3.378378624368998800e-02	8.500523929374984022e-02
1.431979983241963964e+03	2.191524336473078260e-01	1.430846817899592560e-01	2.752108485838696827e-01	1.650430184568321690e-01	7.861513251086901799e-02	3.381725284081458366e-02	8.507663217008833156e-02
1.434398868348791666e+03	2.188958056139102271e-01	1.429178774780918149e-01	2.753798198021450427e-01	1.651480182858248991e-01	7.866000261918698611e-02	3.385064115570093207e-02	8.514783504488103449e-02
1.436817753455619140e+03	2.186399245461911334e-01	1.427515213698386243e-01	2.755482634804911068e-01	1.652527365239228330e-01	7.870475446006548748e-02	3.388395126440543054e-02	8.521884835482637643e-02
1.439236638562446842e+03	2.183847882929875750e-01	1.425856122228432998e-01	2.757161812879292961e-01	1.653571740386770850e-01	7.874938837676921655e-02	3.391718324425008202e-02	8.528967253628441658e-02
1.441655523669274316e+03	2.181303947093780060e-01	1.424201487983000058e-01	2.758835748876589111e-01	1.654613316940198586e-01	7.879390471131031415e-02	3.395033717380303850e-02	8.536030802527082295e-02
1.444074408776102018e+03	2.178767416566633197e-01	1.422551298609426029e-01	2.760504459370822228e-01	1.655652103502875117e-01	7.883830380445516761e-02	3.398341313285930393e-02	8.543075525745091880e-02
1.446493293882929493e+03	2.176238270023477805e-01	1.420905541790341009e-01	2.762167960878298412e-01	1.656688108642427604e-01	7.888258599573122476e-02	3.401641120242170774e-02	8.550101466813367357e-02
1.448912178989757422e+03	2.173716486201201781e-01	1.419264205243560839e-01	2.763826269857858065e-01	1.657721340890973283e-01	7.892675162343378015e-02	3.404933146468213517e-02	8.557108669226581865e-02
1.451331064096585123e+03	2.171202043898348977e-01	1.417627276721980245e-01	2.765479402711126800e-01	1.658751808745340395e-01	7.897080102463263640e-02	3.408217400300292410e-02	8.564097176442603265e-02
1.453749949203412370e+03	2.168694921974932965e-01	1.415994744013467366e-01	2.767127375782760801e-01	1.659779520667288011e-01	7.901473453517871004e-02	3.411493890189852551e-02	8.571067031881911269e-02
1.456168834310240300e+03	2.166195099352248021e-01	1.414366594940759392e-01	2.768770205360697179e-01	1.660804485083724469e-01	7.905855248971072058e-02	3.414762624701739302e-02	8.578018278927020124e-02
1.458587719417068001e+03	2.163702555012684270e-01	1.412742817361357650e-01	2.770407907676397663e-01	1.661826710386924422e-01	7.910225522166160206e-02	3.418023612512407355e-02	8.584950960921908236e-02
1.461006604523895703e+03	2.161217267999541725e-01	1.411123399167422965e-01	2.772040498905092853e-01	1.662846204934743388e-01	7.914584306326505336e-02	3.421276862408149932e-02	8.591865121171451958e-02
1.463425489630723177e+03	2.158739217416844325e-01	1.409508328285671297e-01	2.773667995166024802e-01	1.663862977050829806e-01	7.918931634556194976e-02	3.424522383283353649e-02	8.598760802940866310e-02
1.465844374737550879e+03	2.156268382429155361e-01	1.407897592677271603e-01	2.775290412522688488e-01	1.664877035024837360e-01	7.923267539840678220e-02	3.427760184138770733e-02	8.605638049455141547e-02
1.468263259844378354e+03	2.153804742261395400e-01	1.406291180337740365e-01	2.776907766983072179e-01	1.665888387112634261e-01	7.927592055047391617e-02	3.430990274079813440e-02	8.612496903898496370e-02
1.470682144951206283e+03	2.151348276198657150e-01	1.404689079296839727e-01	2.778520074499894466e-01	1.666897041536511137e-01	7.931905212926389226e-02	3.434212662314872072e-02	8.619337409413832529e-02
1.473101030058033530e+03	2.148898963586024780e-01	1.403091277618474797e-01	2.780127350970844069e-01	1.667903006485388084e-01	7.936207046110969887e-02	3.437427358153644086e-02	8.626159609102186654e-02
1.475519915164861459e+03	2.146456783828389614e-01	1.401497763400591234e-01	2.781729612238815208e-01	1.668906290115017010e-01	7.940497587118293399e-02	3.440634371005496517e-02	8.632963546022197343e-02
1.477938800271689161e+03	2.144021716390271393e-01	1.399908524775073382e-01	2.783326874092140746e-01	1.669906900548186746e-01	7.944776868349991139e-02	3.443833710377838114e-02	8.639749263189572259e-02
1.480357685378516862e+03	2.141593740795635914e-01	1.398323549907642405e-01	2.784919152264825892e-01	1.670904845874922606e-01	7.949044922092782239e-02	3.447025385874513681e-02	8.646516803576559385e-02
1.482776570485344337e+03	2.139172836627716845e-01	1.396742826997755815e-01	2.786506462436780795e-01	1.671900134152687345e-01	7.953301780519074493e-02	3.450209407194220618e-02	8.653266210111427992e-02
