1.301360187473271253e+03	2.356913693127239140e-01	1.509983964656080868e-01	2.605116725871715611e-01	1.614197324856201932e-01	7.703850738874448711e-02	3.194496840067692633e-02	8.239535335919337400e-02
1.306197957686926657e+03	2.351090183933469413e-01	1.505955927115919801e-01	2.608858648936518976e-01	1.616818151868395503e-01	7.715151812764359240e-02	3.201828985670609334e-02	8.255790082995850820e-02
1.311035727900581833e+03	2.345300556952180648e-01	1.501949636426274104e-01	2.612579094857389594e-01	1.619423802905510523e-01	7.726387118380918795e-02	3.209132981272196095e-02	8.271948988907196210e-02
1.315873498114237009e+03	2.339544601646875444e-01	1.497964985800246951e-01	2.616278199784144998e-01	1.622014363643911328e-01	7.737557025455787940e-02	3.216408793493698293e-02	8.288012672272591919e-02
1.320711268327892412e+03	2.333822109028828862e-01	1.494001868772666108e-01	2.619956098608163808e-01	1.624589919394837101e-01	7.748661902322701023e-02	3.223656392129713860e-02	8.303981747476490982e-02
1.325549038541547588e+03	2.328132871641375445e-01	1.490060179203489543e-01	2.623612924986103434e-01	1.627150555101849194e-01	7.759702115898126085e-02	3.230875750078874425e-02	8.319856824668687978e-02
1.330386808755202765e+03	2.322476683544434095e-01	1.486139811281089185e-01	2.627248811362874470e-01	1.629696355338442204e-01	7.770678031662967000e-02	3.238066843275964196e-02	8.335638509766536697e-02
1.335224578968857941e+03	2.316853340299261654e-01	1.482240659525417559e-01	2.630863888993902333e-01	1.632227404305818252e-01	7.781590013645263426e-02	3.245229650625436335e-02	8.351327404459166215e-02
1.340062349182513572e+03	2.311262638953436033e-01	1.478362618791057292e-01	2.634458287966706669e-01	1.634743785830814755e-01	7.792438424403855257e-02	3.252364153936306013e-02	8.366924106213557977e-02
1.344900119396168748e+03	2.305704378026058599e-01	1.474505584270157377e-01	2.638032137221816287e-01	1.637245583363979018e-01	7.803223625012985221e-02	3.259470337858369482e-02	8.382429208282395072e-02
1.349737889609823924e+03	2.300178357493176395e-01	1.470669451495260349e-01	2.641585564573050160e-01	1.639732879977790492e-01	7.813945975047785486e-02	3.266548189819735992e-02	8.397843299713562970e-02
1.354575659823479100e+03	2.294684378773415301e-01	1.466854116342019287e-01	2.645118696727188357e-01	1.642205758365017088e-01	7.824605832570624697e-02	3.273597699965626051e-02	8.413166965361208727e-02
1.359413430037134731e+03	2.289222244713823573e-01	1.463059475031810164e-01	2.648631659303047337e-01	1.644664300837207771e-01	7.835203554118300162e-02	3.280618861098419381e-02	8.428400785898255976e-02
1.364251200250789907e+03	2.283791759575918290e-01	1.459285424134242615e-01	2.652124576849992366e-01	1.647108589323311445e-01	7.845739494690008586e-02	3.287611668618913019e-02	8.443545337830293818e-02
1.369088970464445310e+03	2.278392729021935237e-01	1.455531860569569402e-01	2.655597572865901479e-01	1.649538705368419622e-01	7.856214007736095351e-02	3.294576120468768743e-02	8.458601193510736915e-02
1.373926740678100487e+03	2.273024960101272252e-01	1.451798681610996511e-01	2.659050769814601534e-01	1.651954730132629834e-01	7.866627445147551800e-02	3.301512217074115824e-02	8.473568921157198508e-02
1.378764510891755890e+03	2.267688261237125469e-01	1.448085784886898042e-01	2.662484289142795779e-01	1.654356744390020617e-01	7.876980157246206427e-02	3.308419961290293837e-02	8.488449084868970873e-02
1.383602281105411066e+03	2.262382442213316525e-01	1.444393068382938405e-01	2.665898251296503485e-01	1.656744828527741686e-01	7.887272492775621036e-02	3.315299358347694597e-02	8.503242244645556336e-02
1.388440051319066470e+03	2.257107314161303779e-01	1.440720430444101807e-01	2.669292775737027168e-01	1.659119062545204581e-01	7.897504798892639177e-02	3.322150415798688639e-02	8.517948956406166949e-02
1.393277821532721646e+03	2.251862689547374230e-01	1.437067769776633475e-01	2.672667980956465739e-01	1.661479526053380451e-01	7.907677421159572950e-02	3.328973143465608492e-02	8.532569772010138720e-02
1.398115591746377049e+03	2.246648382160015278e-01	1.433434985449893728e-01	2.676023984492786889e-01	1.663826298274195259e-01	7.917790703537003205e-02	3.335767553389768630e-02	8.547105239278170175e-02
1.402953361960032225e+03	2.241464207097458861e-01	1.429821976898124625e-01	2.679360902944480927e-01	1.666159458040019081e-01	7.927844988377162616e-02	3.342533659781492944e-02	8.561555902014356123e-02
1.407791132173687402e+03	2.236309980755400439e-01	1.426228643922136663e-01	2.682678851984802715e-01	1.668479083793247275e-01	7.937840616417900230e-02	3.349271478971128924e-02	8.575922300028937517e-02
1.412628902387342805e+03	2.231185520814882306e-01	1.422654886690913334e-01	2.685977946375625036e-01	1.670785253585971297e-01	7.947777926777184476e-02	3.355981029361032597e-02	8.590204969161706339e-02
1.417466672600997981e+03	2.226090646230344250e-01	1.419100605743133237e-01	2.689258299980907818e-01	1.673078045079731957e-01	7.957657256948127977e-02	3.362662331378493685e-02	8.604404441306040541e-02
1.422304442814653157e+03	2.221025177217834379e-01	1.415565701988621139e-01	2.692520025779810422e-01	1.675357535545356213e-01	7.967478942794534169e-02	3.369315407429590570e-02	8.618521244433484385e-02
1.427142213028308333e+03	2.215988935243380642e-01	1.412050076709717716e-01	2.695763235879440889e-01	1.677623801862872244e-01	7.977243318546914375e-02	3.375940281853941766e-02	8.632555902618860300e-02
1.431979983241963964e+03	2.210981743011516398e-01	1.408553631562577679e-01	2.698988041527272674e-01	1.679876920521498618e-01	7.986950716798985050e-02	3.382536980880351124e-02	8.646508936065834539e-02
1.436817753455619140e+03	2.206003424453961137e-01	1.405076268578396848e-01	2.702194553123229981e-01	1.682116967619709802e-01	7.996601468504613286e-02	3.389105532583312069e-02	8.660380861132922770e-02
1.441655523669274316e+03	2.201053804718447748e-01	1.401617890164566504e-01	2.705382880231456122e-01	1.684344018865367998e-01	8.006195902975198064e-02	3.395645966840363239e-02	8.674172190359874524e-02
1.446493293882929493e+03	2.196132710157701617e-01	1.398178399105761971e-01	2.708553131591779350e-01	1.686558149575924093e-01	8.015734347877473409e-02	3.402158315290267770e-02	8.687883432494405977e-02
1.451331064096585123e+03	2.191239968318560161e-01	1.394757698564962067e-01	2.711705415130878927e-01	1.688759434678684945e-01	8.025217129231701496e-02	3.408642611292009988e-02	8.701515092519249150e-02
1.456168834310240300e+03	2.186375407931237802e-01	1.391355692084402795e-01	2.714839837973168080e-01	1.690947948711140625e-01	8.034644571410275160e-02	3.415098889884581740e-02	8.715067671679471717e-02
1.461006604523895703e+03	2.181538858898729172e-01	1.387972283586469957e-01	2.717956506451403298e-01	1.693123765821352711e-01	8.044016997136670122e-02	3.421527187747550047e-02	8.728541667510048008e-02
1.465844374737550879e+03	2.176730152286348308e-01	1.384607377374526549e-01	2.721055526117027723e-01	1.695286959768400326e-01	8.053334727484770528e-02	3.427927543162383878e-02	8.741937573863636790e-02
1.470682144951206283e+03	2.171949120311404413e-01	1.381260878133680203e-01	2.724137001750253639e-01	1.697437603922882787e-01	8.062598081878534495e-02	3.434299995974523373e-02	8.755255880938543622e-02
1.475519915164861459e+03	2.167195596333009178e-01	1.377932690931492066e-01	2.727201037369904602e-01	1.699575771267473612e-01	8.071807378091987173e-02	3.440644587556186684e-02	8.768497075306841415e-02
1.480357685378516862e+03	2.162469414842012327e-01	1.374622721218626831e-01	2.730247736243008316e-01	1.701701534397527804e-01	8.080962932249545483e-02	3.446961360769883187e-02	8.781661639942621445e-02
1.485195455592172038e+03	2.157770411451067072e-01	1.371330874829446433e-01	2.733277200894168035e-01	1.703814965521736613e-01	8.090065058826631517e-02	3.453250359932634461e-02	8.794750054250348448e-02
1.490033225805827215e+03	2.153098422884819618e-01	1.368057057982548230e-01	2.736289533114704131e-01	1.705916136462830857e-01	8.099114070650603736e-02	3.459511630780873898e-02	8.807762794093290659e-02
1.494870996019482618e+03	2.148453286970221920e-01	1.364801177281250444e-01	2.739284833971578625e-01	1.708005118658329768e-01	8.108110278901944912e-02	3.465745220436023538e-02	8.820700331822023399e-02
1.499708766233137567e+03	2.143834842626964887e-01	1.361563139714022930e-01	2.742263203816115436e-01	1.710081983161333419e-01	8.117053993115744270e-02	3.471951177370725256e-02	8.833563136302954866e-02
1.504546536446793198e+03	2.139242929858033160e-01	1.358342852654870203e-01	2.745224742292515230e-01	1.712146800641356770e-01	8.125945521183432219e-02	3.478129551375718637e-02	8.846351672946885236e-02
1.509384306660448374e+03	2.134677389740373410e-01	1.355140223863659787e-01	2.748169548346174329e-01	1.714199641385203976e-01	8.134785169354766254e-02	3.484280393527354469e-02	8.859066403737557438e-02
1.514222076874103550e+03	2.130138064415678378e-01	1.351955161486405876e-01	2.751097720231817090e-01	1.716240575297880988e-01	8.143573242240061127e-02	3.490403756155717463e-02	8.871707787260191269e-02
1.519059847087758726e+03	2.125624797081285822e-01	1.348787574055503313e-01	2.754009355521440661e-01	1.718269671903548124e-01	8.152310042812652147e-02	3.496499692813363758e-02	8.884276278729992538e-02
1.523897617301414357e+03	2.121137431981186539e-01	1.345637370489914664e-01	2.756904551112091539e-01	1.720287000346504003e-01	8.160995872411576368e-02	3.502568258244653093e-02	8.896772330020595587e-02
1.528735387515069533e+03	2.116675814397142030e-01	1.342504460095314267e-01	2.759783403233457832e-01	1.722292629392205010e-01	8.169631030744470279e-02	3.508609508355658990e-02	8.909196389692466966e-02
1.533573157728724709e+03	2.112239790639909021e-01	1.339388752564186214e-01	2.762646007455309416e-01	1.724286627428320284e-01	8.178215815890675644e-02	3.514623500184653471e-02	8.921548903021209176e-02
1.538410927942380113e+03	2.107829208040570002e-01	1.336290157975879023e-01	2.765492458694768230e-01	1.726269062465813353e-01	8.186750524304543808e-02	3.520610291873151748e-02	8.933830312025789477e-02
1.543248698156035516e+03	2.103443914941968973e-01	1.333208586796619244e-01	2.768322851223424808e-01	1.728240002140057352e-01	8.195235450818916245e-02	3.526569942637505090e-02	8.946041055496661842e-02
1.548086468369690692e+03	2.099083760690245992e-01	1.330143949879484810e-01	2.771137278674308257e-01	1.730199513711977999e-01	8.203670888648803561e-02	3.532502512741032136e-02	8.958181569023775104e-02
1.552924238583346096e+03	2.094748595626474696e-01	1.327096158464336484e-01	2.773935834048708027e-01	1.732147664069222104e-01	8.212057129395228250e-02	3.538408063466680353e-02	8.970252285024460370e-02
1.557762008797001272e+03	2.090438271078397248e-01	1.324065124177711272e-01	2.776718609722851339e-01	1.734084519727355223e-01	8.220394463049235378e-02	3.544286657090199577e-02	8.982253632771186602e-02
1.562599779010656675e+03	2.086152639352257532e-01	1.321050759032679489e-01	2.779485697454449622e-01	1.736010146831083456e-01	8.228683177996068410e-02	3.550138356853829724e-02	8.994186038419171858e-02
1.567437549224311852e+03	2.081891553724728172e-01	1.318052975428661011e-01	2.782237188389108384e-01	1.737924611155497734e-01	8.236923561019489359e-02	3.555963226940480476e-02	9.006049925033844661e-02
1.572275319437967255e+03	2.077654868434933300e-01	1.315071686151209063e-01	2.784973173066609409e-01	1.739827978107344464e-01	8.245115897306252994e-02	3.561761332448403622e-02	9.017845712618147158e-02
1.577113089651622431e+03	2.073442438676563471e-01	1.312106804371758195e-01	2.787693741427068606e-01	1.741720312726313113e-01	8.253260470450718422e-02	3.567532739366342798e-02	9.029573818139674524e-02
1.581950859865277607e+03	2.069254120590079404e-01	1.309158243647335906e-01	2.790398982816973961e-01	1.743601679686349326e-01	8.261357562459589743e-02	3.573277514549150213e-02	9.041234655557643662e-02
1.586788630078933011e+03	2.065089771255007589e-01	1.306225917920243174e-01	2.793088985995105800e-01	1.745472143296985523e-01	8.269407453756801030e-02	3.578995725693868285e-02	9.052828635849674566e-02
1.591626400292587959e+03	2.060949248682324986e-01	1.303309741517702236e-01	2.795763839138341589e-01	1.747331767504691213e-01	8.277410423188502619e-02	3.584687441316261602e-02	9.064356167038402357e-02
1.596464170506243590e+03	2.056832411806926442e-01	1.300409629151470792e-01	2.798423629847351934e-01	1.749180615894240509e-01	8.285366748028183403e-02	3.590352730727790209e-02	9.075817654217890884e-02
1.601301940719898766e+03	2.052739120480180923e-01	1.297525495917428162e-01	2.801068445152193331e-01	1.751018751690097686e-01	8.293276703981893039e-02	3.595991664013020728e-02	9.087213499579849252e-02
1.606139710933553943e+03	2.048669235462569904e-01	1.294657257295128983e-01	2.803698371517788224e-01	1.752846237757819392e-01	8.301140565193577958e-02	3.601604312007462144e-02	9.098544102439658221e-02
1.610977481147209119e+03	2.044622618416409854e-01	1.291804829147329137e-01	2.806313494849312917e-01	1.754663136605470741e-01	8.308958604250517299e-02	3.607190746275824172e-02	9.109809859262195386e-02
1.615815251360864750e+03	2.040599131898654939e-01	1.288968127719483103e-01	2.808913900497482796e-01	1.756469510385057220e-01	8.316731092188851815e-02	3.612751039090682931e-02	9.121011163687441081e-02
1.620653021574519926e+03	2.036598639353780493e-01	1.286147069639212437e-01	2.811499673263745946e-01	1.758265420893971864e-01	8.324458298499212705e-02	3.618285263411549074e-02	9.132148406555889997e-02
1.625490791788175102e+03	2.032621005106744760e-01	1.283341571915748436e-01	2.814070897405379079e-01	1.760050929576451040e-01	8.332140491132439264e-02	3.623793492864335608e-02	9.143221975933744916e-02
1.630328562001830505e+03	2.028666094356028626e-01	1.280551551939348720e-01	2.816627656640501298e-01	1.761826097525049095e-01	8.339777936505371470e-02	3.629275801721210115e-02	9.154232257137893958e-02
1.635166332215485909e+03	2.024733773166751960e-01	1.277776927480686886e-01	2.819170034152993498e-01	1.763590985482119400e-01	8.347370899506728614e-02	3.634732264880834868e-02	9.165179632760675488e-02
1.640004102429141085e+03	2.020823908463866003e-01	1.275017616690218847e-01	2.821698112597336716e-01	1.765345653841308149e-01	8.354919643503064264e-02	3.640162957848969844e-02	9.176064482694419600e-02
1.644841872642796488e+03	2.016936368025418203e-01	1.272273538097524193e-01	2.824211974103369993e-01	1.767090162649060658e-01	8.362424430344797543e-02	3.645567956719454605e-02	9.186887184155770325e-02
1.649679642856451665e+03	2.013071020475890593e-01	1.269544610610624513e-01	2.826711700280962747e-01	1.768824571606134044e-01	8.369885520372297161e-02	3.650947338155541982e-02	9.197648111709788576e-02
1.654517413070107068e+03	2.009227735279612292e-01	1.266830753515277297e-01	2.829197372224615536e-01	1.770548940069122112e-01	8.377303172422054245e-02	3.656301179371593268e-02	9.208347637293828880e-02
1.659355183283762244e+03	2.005406382734238879e-01	1.264131886474250677e-01	2.831669070517979225e-01	1.772263327051986082e-01	8.384677643832888494e-02	3.661629558115112731e-02	9.218986130241194066e-02
1.664192953497417420e+03	2.001606833964305610e-01	1.261447929526573752e-01	2.834126875238306420e-01	1.773967791227595570e-01	8.392009190452236200e-02	3.666932552649129762e-02	9.229563957304562360e-02
1.669030723711072824e+03	1.997828960914846685e-01	1.258778803086766651e-01	2.836570865960825749e-01	1.775662390929276802e-01	8.399298066642481297e-02	3.672210241734912700e-02	9.240081482679188274e-02
1.673868493924728000e+03	1.994072636345083638e-01	1.256124427944050881e-01	2.839001121763050084e-01	1.777347184152365533e-01	8.406544525287340530e-02	3.677462704615012262e-02	9.250539068025884215e-02
1.678706264138383403e+03	1.990337733822178656e-01	1.253484725261540256e-01	2.841417721229017035e-01	1.779022228555769691e-01	8.413748817798295809e-02	3.682690020996625541e-02	9.260937072493766187e-02
1.683544034352038352e+03	1.986624127715057586e-01	1.250859616575409894e-01	2.843820742453458394e-01	1.780687581463535341e-01	8.420911194121070975e-02	3.687892271035281277e-02	9.271275852742782986e-02
1.688381804565693983e+03	1.982931693188292599e-01	1.248249023794049534e-01	2.846210263045912403e-01	1.782343299866419595e-01	8.428031902742157133e-02	3.693069535318831143e-02	9.281555762966009482e-02
1.693219574779349159e+03	1.979260306196053143e-01	1.245652869197198392e-01	2.848586360134769957e-01	1.783989440423468242e-01	8.435111190695372685e-02	3.698221894851751873e-02	9.291777154911723402e-02
1.698057344993004335e+03	1.975609843476116567e-01	1.243071075435060180e-01	2.850949110371255313e-01	1.785626059463596427e-01	8.442149303568464991e-02	3.703349431039742318e-02	9.301940377905250357e-02
1.702895115206659511e+03	1.971980182543942584e-01	1.240503565527403262e-01	2.853298589933357388e-01	1.787253212987176265e-01	8.449146485509739790e-02	3.708452225674618852e-02	9.312045778870585433e-02
1.707732885420315142e+03	1.968371201686809069e-01	1.237950262862643341e-01	2.855634874529694445e-01	1.788870956667625300e-01	8.456102979234730865e-02	3.713530360919495982e-02	9.322093702351795519e-02
1.712570655633970318e+03	1.964782779958006431e-01	1.235411091196909755e-01	2.857958039403323269e-01	1.790479345853000503e-01	8.463019026032896075e-02	3.718583919294257689e-02	9.332084490534187093e-02
1.717408425847625494e+03	1.961214797171092761e-01	1.232885974653096933e-01	2.860268159335499494e-01	1.792078435567593941e-01	8.469894865774336978e-02	3.723612983661302167e-02	9.342018483265264461e-02
1.722246196061280898e+03	1.957667133894208100e-01	1.230374837719900860e-01	2.862565308649376306e-01	1.793668280513530666e-01	8.476730736916557318e-02	3.728617637211560643e-02	9.351896018075460393e-02
1.727083966274936301e+03	1.954139671444443671e-01	1.227877605250839721e-01	2.864849561213655416e-01	1.795248935072369378e-01	8.483526876511229831e-02	3.733597963450788204e-02	9.361717430198640555e-02
1.731921736488591478e+03	1.950632291882270775e-01	1.225394202463261500e-01	2.867120990446185846e-01	1.796820453306704757e-01	8.490283520210990809e-02	3.738554046186117613e-02	9.371483052592402552e-02
1.736759506702246881e+03	1.947144878006024926e-01	1.222924554937337704e-01	2.869379669317512205e-01	1.798382888961772008e-01	8.497000902276252710e-02	3.743485969512873324e-02	9.381193215958148757e-02
1.741597276915902057e+03	1.943677313346444391e-01	1.220468588615043065e-01	2.871625670354374105e-01	1.799936295467051139e-01	8.503679255582038965e-02	3.748393817801637384e-02	9.390848248760938488e-02
1.746435047129557461e+03	1.940229482161265062e-01	1.218026229799123172e-01	2.873859065643160626e-01	1.801480725937872340e-01	8.510318811624825730e-02	3.753277675685570691e-02	9.400448477249134793e-02
1.751272817343212637e+03	1.936801269429866690e-01	1.215597405152049199e-01	2.876079926833315370e-01	1.803016233177022198e-01	8.516919800529405837e-02	3.758137628047977796e-02	9.409994225473827800e-02
1.756110587556867813e+03	1.933392560847974062e-01	1.213182041694961244e-01	2.878288325140695991e-01	1.804542869676350469e-01	8.523482451055761078e-02	3.762973760010113189e-02	9.419485815308058230e-02
1.760948357770523216e+03	1.930003242822410370e-01	1.210780066806599331e-01	2.880484331350890992e-01	1.806060687618376015e-01	8.530006990605935868e-02	3.767786156919223500e-02	9.428923566465813311e-02
1.765786127984178393e+03	1.926633202465901362e-01	1.208391408222222740e-01	2.882668015822496543e-01	1.807569738877893573e-01	8.536493645230938676e-02	3.772574904336827017e-02	9.438307796520832571e-02
1.770623898197833569e+03	1.923282327591930296e-01	1.206015994032520744e-01	2.884839448490340574e-01	1.809070075023577195e-01	8.542942639637635116e-02	3.777340088027219406e-02	9.447638820925197134e-02
1.775461668411488745e+03	1.919950506709642846e-01	1.203653752682509737e-01	2.886998698868678548e-01	1.810561747319586468e-01	8.549354197195649374e-02	3.782081793946203557e-02	9.456916953027708073e-02
1.780299438625144376e+03	1.916637629018803912e-01	1.201304612970422875e-01	2.889145836054339278e-01	1.812044806727168000e-01	8.555728539944278122e-02	3.786800108230041484e-02	9.466142504092073251e-02
1.785137208838799552e+03	1.913343584404799680e-01	1.198968504046588612e-01	2.891280928729836330e-01	1.813519303906258318e-01	8.562065888599393326e-02	3.791495117184627561e-02	9.475315783314884610e-02
1.789974979052454728e+03	1.910068263433689906e-01	1.196645355412300077e-01	2.893404045166437788e-01	1.814985289217083686e-01	8.568366462560358943e-02	3.796166907274865776e-02	9.484437097843394227e-02
1.794812749266109904e+03	1.906811557347307950e-01	1.194335096918675426e-01	2.895515253227200492e-01	1.816442812721758004e-01	8.574630479916939274e-02	3.800815565114268324e-02	9.493506752793100245e-02
1.799650519479765535e+03	1.903573358058406884e-01	1.192037658765509878e-01	2.897614620369966532e-01	1.817891924185879859e-01	8.580858157456210111e-02	3.805441177454746415e-02	9.502525051265130196e-02
1.804488289693420711e+03	1.900353558145851107e-01	1.189752971500119133e-01	2.899702213650324767e-01	1.819332673080125418e-01	8.587049710669467095e-02	3.810043831176618268e-02	9.511492294363431410e-02
1.809326059907075887e+03	1.897152050849855720e-01	1.187480966016174339e-01	2.901778099724530713e-01	1.820765108581839931e-01	8.593205353759129916e-02	3.814623613278802366e-02	9.520408781211774085e-02
1.814163830120731291e+03	1.893968730067269179e-01	1.185221573552529689e-01	2.903842344852402557e-01	1.822189279576628129e-01	8.599325299645642351e-02	3.819180610869216813e-02	9.529274808970547572e-02
1.819001600334386467e+03	1.890803490346901206e-01	1.182974725692042955e-01	2.905895014900176099e-01	1.823605234659938235e-01	8.605409759974362582e-02	3.823714911155362550e-02	9.538090672853394292e-02
1.823839370548041643e+03	1.887656226884893151e-01	1.180740354360387823e-01	2.907936175343325824e-01	1.825013022138645136e-01	8.611458945122452135e-02	3.828226601435098103e-02	9.546856666143635484e-02
1.828677140761696819e+03	1.884526835520134724e-01	1.178518391824860817e-01	2.909965891269357119e-01	1.826412690032630237e-01	8.617473064205753708e-02	3.832715769087603752e-02	9.555573080210517933e-02
1.833514910975352450e+03	1.881415212729719844e-01	1.176308770693180183e-01	2.911984227380564061e-01	1.827804286076358531e-01	8.623452325085660675e-02	3.837182501564518483e-02	9.564240204525291389e-02
1.838352681189008081e+03	1.878321255624446628e-01	1.174111423912280183e-01	2.913991247996759459e-01	1.829187857720450394e-01	8.629396934375978268e-02	3.841626886381264289e-02	9.572858326677086138e-02
1.843190451402663257e+03	1.875244861944358743e-01	1.171926284767097620e-01	2.915987017057969921e-01	1.830563452133250057e-01	8.635307097449770874e-02	3.846049011108541860e-02	9.581427732388621277e-02
1.848028221616318433e+03	1.872185930054328096e-01	1.169753286879353926e-01	2.917971598127102051e-01	1.831931116202392129e-01	8.641183018446196851e-02	3.850448963363999055e-02	9.589948705531742279e-02
1.852865991829973609e+03	1.869144358939677231e-01	1.167592364206331140e-01	2.919945054392581452e-01	1.833290896536361458e-01	8.647024900277340553e-02	3.854826830804070070e-02	9.598421528142772607e-02
1.857703762043628785e+03	1.866120048201842518e-01	1.165443451039643447e-01	2.921907448670963414e-01	1.834642839466050501e-01	8.652832944635015233e-02	3.859182701115981828e-02	9.606846480437705726e-02
1.862541532257283961e+03	1.863112898054075928e-01	1.163306482004002468e-01	2.923858843409509745e-01	1.835986991046312244e-01	8.658607351997563151e-02	3.863516662009922054e-02	9.615223840827211155e-02
1.867379302470939592e+03	1.860122809317186765e-01	1.161181392055979367e-01	2.925799300688744498e-01	1.837323397057508967e-01	8.664348321636641814e-02	3.867828801211369016e-02	9.623553885931492025e-02
1.872217072684594768e+03	1.857149683415321717e-01	1.159068116482761535e-01	2.927728882224979179e-01	1.838652103007055172e-01	8.670056051623985238e-02	3.872119206453580181e-02	9.631836890594955292e-02
1.877054842898249490e+03	1.854193422371783195e-01	1.156966590900905256e-01	2.929647649372811302e-01	1.839973154130956634e-01	8.675730738838156875e-02	3.876387965470236285e-02	9.640073127900737615e-02
1.881892613111905121e+03	1.851253928804884596e-01	1.154876751255084488e-01	2.931555663127597966e-01	1.841286595395345838e-01	8.681372578971283116e-02	3.880635165988237378e-02	9.648262869185049440e-02
1.886730383325560297e+03	1.848331105923841922e-01	1.152798533816835752e-01	2.933452984127902785e-01	1.842592471498010198e-01	8.686981766535770144e-02	3.884860895720648050e-02	9.656406384051376135e-02
1.891568153539215928e+03	1.845424857524704254e-01	1.150731875183299696e-01	2.935339672657917287e-01	1.843890826869917510e-01	8.692558494870995800e-02	3.889065242359790453e-02	9.664503940384516767e-02
1.896405923752871104e+03	1.842535087986318654e-01	1.148676712275959050e-01	2.937215788649862325e-01	1.845181705676735839e-01	8.698102956149994514e-02	3.893248293570483048e-02	9.672555804364450782e-02
1.901243693966526507e+03	1.839661702266331689e-01	1.146632982339373941e-01	2.939081391686353961e-01	1.846465151820347317e-01	8.703615341386115867e-02	3.897410136983422979e-02	9.680562240480075631e-02
1.906081464180181683e+03	1.836804605897225107e-01	1.144600622939913603e-01	2.940936541002759363e-01	1.847741208940356095e-01	8.709095840439660952e-02	3.901550860188703757e-02	9.688523511542772304e-02
1.910919234393836859e+03	1.833963704982388143e-01	1.142579571964485868e-01	2.942781295489518834e-01	1.849009920415594088e-01	8.714544642024504850e-02	3.905670550729475887e-02	9.696439878699827930e-02
1.915757004607492036e+03	1.831138906192222027e-01	1.140569767619263875e-01	2.944615713694450632e-01	1.850271329365617556e-01	8.719961933714688584e-02	3.909769296095737257e-02	9.704311601447709879e-02
1.920594774821147894e+03	1.828330116760280288e-01	1.138571148428410840e-01	2.946439853825029154e-01	1.851525478652201462e-01	8.725347901951002738e-02	3.913847183718259515e-02	9.712138937645196923e-02
1.925432545034802843e+03	1.825537244479442933e-01	1.136583653232802610e-01	2.948253773750642570e-01	1.852772410880825782e-01	8.730702732047537773e-02	3.917904300962642833e-02	9.719922143526352198e-02
1.930270315248458019e+03	1.822760197698121143e-01	1.134607221188747295e-01	2.950057531004832700e-01	1.854012168402157101e-01	8.736026608198217691e-02	3.921940735123500416e-02	9.727661473713367091e-02
1.935108085462113195e+03	1.819998885316497506e-01	1.132641791766705042e-01	2.951851182787506578e-01	1.855244793313523821e-01	8.741319713483305942e-02	3.925956573418770690e-02	9.735357181229263579e-02
1.939945855675768371e+03	1.817253216782797887e-01	1.130687304750004063e-01	2.953634785967129139e-01	1.856470327460388314e-01	8.746582229875894676e-02	3.929951902984147455e-02	9.743009517510442530e-02
1.944783625889424002e+03	1.814523102089594664e-01	1.128743700233557218e-01	2.955408397082896488e-01	1.857688812437808257e-01	8.751814338248366243e-02	3.933926810867635626e-02	9.750618732419111256e-02
1.949621396103079178e+03	1.811808451770142159e-01	1.126810918622575403e-01	2.957172072346889724e-01	1.858900289591897126e-01	8.757016218378833872e-02	3.937881384024226328e-02	9.758185074255569524e-02
1.954459166316734354e+03	1.809109176894743432e-01	1.124888900631281496e-01	2.958925867646207686e-01	1.860104800021275262e-01	8.762188048957551822e-02	3.941815709310689253e-02	9.765708789770358167e-02
1.959296936530389530e+03	1.806425189067147052e-01	1.122977587281622780e-01	2.960669838545075261e-01	1.861302384578516489e-01	8.767330007593307495e-02	3.945729873480476740e-02	9.773190124176281413e-02
1.964134706744044706e+03	1.803756400420975237e-01	1.121076919901981966e-01	2.962404040286940043e-01	1.862493083871588073e-01	8.772442270819783006e-02	3.949623963178746505e-02	9.780629321160293210e-02
1.968972476957700337e+03	1.801102723616183343e-01	1.119186840125888233e-01	2.964128527796545676e-01	1.863676938265285687e-01	8.777525014101898726e-02	3.953498064937494699e-02	9.788026622895258655e-02
1.973810247171355968e+03	1.798464071835545186e-01	1.117307289890727973e-01	2.965843355681985205e-01	1.864853987882659214e-01	8.782578411842122124e-02	3.957352265170793054e-02	9.795382270051590512e-02
1.978648017385010689e+03	1.795840358781172763e-01	1.115438211436454718e-01	2.967548578236738899e-01	1.866024272606436329e-01	8.787602637386758564e-02	3.961186650170139822e-02	9.802696501808753904e-02
1.983485787598666320e+03	1.793231498671061519e-01	1.113579547304298506e-01	2.969244249441692074e-01	1.867187832080437204e-01	8.792597863032212968e-02	3.965001306099912026e-02	9.809969555866654423e-02
1.988323557812321269e+03	1.790637406235665585e-01	1.111731240335476628e-01	2.970930422967136275e-01	1.868344705710982823e-01	8.797564260031222327e-02	3.968796318992926647e-02	9.817201668456898567e-02
1.993161328025976900e+03	1.788057996714502718e-01	1.109893233669902723e-01	2.972607152174751577e-01	1.869494932668299136e-01	8.802501998599066013e-02	3.972571774746098267e-02	9.824393074353938993e-02
1.997999098239632076e+03	1.785493185852784492e-01	1.108065470744897113e-01	2.974274490119568903e-01	1.870638551887911505e-01	8.807411247919746944e-02	3.976327759116197319e-02	9.831544006886096254e-02
2.002836868453287707e+03	1.782942889898076200e-01	1.106247895293897415e-01	2.975932489551922910e-01	1.871775602072036360e-01	8.812292176152144996e-02	3.980064357715711737e-02	9.838654697946470906e-02
2.007674638666942428e+03	1.780407025596985882e-01	1.104440451345168883e-01	2.977581202919378778e-01	1.872906121690963988e-01	8.817144950436145434e-02	3.983781656008801575e-02	9.845725378003729322e-02
2.012512408880597604e+03	1.777885510191876406e-01	1.102643083220516268e-01	2.979220682368650674e-01	1.874030148984434652e-01	8.821969736898739589e-02	3.987479739307345228e-02	9.852756276112786815e-02
2.017350179094252780e+03	1.775378261417607240e-01	1.100855735533995405e-01	2.980850979747496354e-01	1.875147721963010827e-01	8.826766700660096387e-02	3.991158692767089039e-02	9.859747619925370021e-02
2.022187949307908411e+03	1.772885197498303422e-01	1.099078353190627161e-01	2.982472146606599539e-01	1.876258878409439168e-01	8.831536005839606129e-02	3.994818601383878093e-02	9.866699635700473814e-02
2.027025719521564042e+03	1.770406237144147021e-01	1.097310881385109987e-01	2.984084234201438424e-01	1.877363655880010529e-01	8.836277815561895121e-02	3.998459549989984152e-02	9.873612548314705806e-02
2.031863489735218764e+03	1.767941299548200784e-01	1.095553265600535953e-01	2.985687293494133643e-01	1.878462091705908332e-01	8.840992291962819494e-02	4.002081623250516168e-02	9.880486581272523994e-02
2.036701259948874394e+03	1.765490304383249553e-01	1.093805451607105794e-01	2.987281375155282914e-01	1.879554222994554713e-01	8.845679596195417382e-02	4.005684905659925854e-02	9.887321956716370319e-02
2.041539030162529116e+03	1.763053171798674712e-01	1.092067385460846474e-01	2.988866529565782915e-01	1.880640086630946672e-01	8.850339888435847235e-02	4.009269481538590280e-02	9.894118895436695982e-02
2.046376800376184747e+03	1.760629822417349721e-01	1.090339013502329979e-01	2.990442806818630617e-01	1.881719719278988068e-01	8.854973327889287260e-02	4.012835435029483977e-02	9.900877616881884058e-02
2.051214570589840150e+03	1.758220177332559253e-01	1.088620282355393237e-01	2.992010256720715189e-01	1.882793157382814664e-01	8.859580072795814054e-02	4.016382850094932927e-02	9.907598339168069423e-02
2.056052340803495554e+03	1.755824158104946631e-01	1.086911138925859693e-01	2.993568928794592132e-01	1.883860437168110580e-01	8.864160280436239603e-02	4.019911810513445566e-02	9.914281279088864307e-02
2.060890111017150957e+03	1.753441686759483753e-01	1.085211530400262275e-01	2.995118872280242983e-01	1.884921594643420850e-01	8.868714107137937175e-02	4.023422399876627059e-02	9.920926652124971434e-02
2.065727881230805451e+03	1.751072685782464333e-01	1.083521404244568304e-01	2.996660136136823915e-01	1.885976665601454827e-01	8.873241708280629747e-02	4.026914701586174067e-02	9.927534672453715292e-02
2.070565651444461309e+03	1.748717078118521839e-01	1.081840708202906481e-01	2.998192769044395467e-01	1.887025685620384863e-01	8.877743238302140960e-02	4.030388798850939591e-02	9.934105552958462371e-02
2.075403421658116713e+03	1.746374787167670473e-01	1.080169390296295551e-01	2.999716819405642831e-01	1.888068690065137223e-01	8.882218850704133584e-02	4.033844774684079010e-02	9.940639505237955365e-02
2.080241191871772116e+03	1.744045736782370015e-01	1.078507398821374891e-01	3.001232335347578939e-01	1.889105714088676613e-01	8.886668698057804960e-02	4.037282711900267579e-02	9.947136739615551615e-02
2.085078962085427065e+03	1.741729851264614271e-01	1.076854682349136227e-01	3.002739364723236437e-01	1.890136792633284046e-01	8.891092932009561633e-02	4.040702693112992877e-02	9.953597465148364409e-02
2.089916732299082469e+03	1.739427055363039210e-01	1.075211189723660060e-01	3.004237955113346348e-01	1.891161960431827771e-01	8.895491703286659280e-02	4.044104800731915944e-02	9.960021889636315462e-02
2.094754502512737417e+03	1.737137274270057763e-01	1.073576870060851673e-01	3.005728153828001181e-01	1.892181252009028369e-01	8.899865161702823213e-02	4.047489116960305278e-02	9.966410219631104128e-02
2.099592272726392821e+03	1.734860433619014042e-01	1.071951672747180617e-01	3.007210007908308058e-01	1.893194701682716363e-01	8.904213456163824481e-02	4.050855723792537444e-02	9.972762660445072536e-02
2.104430042940048224e+03	1.732596459481360873e-01	1.070335547438422408e-01	3.008683564128026289e-01	1.894202343565082602e-01	8.908536734673039303e-02	4.054204703011669159e-02	9.979079416159995775e-02
2.109267813153704083e+03	1.730345278363858430e-01	1.068728444058403143e-01	3.010148868995194404e-01	1.895204211563924490e-01	8.912835144336971049e-02	4.057536136187071124e-02	9.985360689635784659e-02
2.114105583367359031e+03	1.728106817205795065e-01	1.067130312797745506e-01	3.011605968753743312e-01	1.896200339383881384e-01	8.917108831370751387e-02	4.060850104672133337e-02	9.991606682519091343e-02
2.118943353581013525e+03	1.725881003376230072e-01	1.065541104112618376e-01	3.013054909385098346e-01	1.897190760527667774e-01	8.921357941103605360e-02	4.064146689602027296e-02	9.997817595251849709e-02
2.123781123794669384e+03	1.723667764671254765e-01	1.063960768723488798e-01	3.014495736609768550e-01	1.898175508297296477e-01	8.925582617984288702e-02	4.067425971891538289e-02	1.000399362707971168e-01
2.128618894008324787e+03	1.721467029311278818e-01	1.062389257613876592e-01	3.015928495888923200e-01	1.899154615795297096e-01	8.929783005586491851e-02	4.070688032232955972e-02	1.001013497606041414e-01
2.133456664221980191e+03	1.719278725938334362e-01	1.060826522029111457e-01	3.017353232425956100e-01	1.900128115925927286e-01	8.933959246614225913e-02	4.073932951094025312e-02	1.001624183907206672e-01
2.138294434435635139e+03	1.717102783613400074e-01	1.059272513475093686e-01	3.018769991168042122e-01	1.901096041396376224e-01	8.938111482907171168e-02	4.077160808715960677e-02	1.002231441182135363e-01
2.143132204649290543e+03	1.714939131813748019e-01	1.057727183717056957e-01	3.020178816807674860e-01	1.902058424717964213e-01	8.942239855445993646e-02	4.080371685111515434e-02	1.002835288885165627e-01
2.147969974862945492e+03	1.712787700430309090e-01	1.056190484778334465e-01	3.021579753784200406e-01	1.903015298207331729e-01	8.946344504357638117e-02	4.083565660063109143e-02	1.003435746355110098e-01
2.152807745076601350e+03	1.710648419765057882e-01	1.054662368939128098e-01	3.022972846285334469e-01	1.903966693987625691e-01	8.950425568920589159e-02	4.086742813121015117e-02	1.004032832816053183e-01
2.157645515290255844e+03	1.708521220528418649e-01	1.053142788735280666e-01	3.024358138248671724e-01	1.904912643989677690e-01	8.954483187570105862e-02	4.089903223601600718e-02	1.004626567378140434e-01
2.162483285503912157e+03	1.706406033836689318e-01	1.051631696957051054e-01	3.025735673363180167e-01	1.905853179953173882e-01	8.958517497903424609e-02	4.093046970585620392e-02	1.005216969038360691e-01
2.167321055717567106e+03	1.704302791209486301e-01	1.050129046647892417e-01	3.027105495070688823e-01	1.906788333427821558e-01	8.962528636684931327e-02	4.096174132916567678e-02	1.005804056681320335e-01
2.172158825931222509e+03	1.702211424567207088e-01	1.048634791103234543e-01	3.028467646567362670e-01	1.907718135774505996e-01	8.966516739851305984e-02	4.099284789199074408e-02	1.006387849080010860e-01
2.176996596144877003e+03	1.700131866228511424e-01	1.047148883869268160e-01	3.029822170805165915e-01	1.908642618166443150e-01	8.970481942516642104e-02	4.102379017797365413e-02	1.006968364896569795e-01
2.181834366358532861e+03	1.698064048907823309e-01	1.045671278741733268e-01	3.031169110493314722e-01	1.909561811590325120e-01	8.974424378977534367e-02	4.105456896833762498e-02	1.007545622683032743e-01
2.186672136572187810e+03	1.696007905712849095e-01	1.044201929764710934e-01	3.032508508099722722e-01	1.910475746847458134e-01	8.978344182718130118e-02	4.108518504187239073e-02	1.008119640882080559e-01
2.191509906785843214e+03	1.693963370142116120e-01	1.042740791229418151e-01	3.033840405852433197e-01	1.911384454554894974e-01	8.982241486415167009e-02	4.111563917492020576e-02	1.008690437827777509e-01
2.196347676999498617e+03	1.691930376082526610e-01	1.041287817673005878e-01	3.035164845741039619e-01	1.912287965146560742e-01	8.986116421942967614e-02	4.114593214136239713e-02	1.009258031746304851e-01
2.201185447213154021e+03	1.689908857806933506e-01	1.039842963877361665e-01	3.036481869518100063e-01	1.913186308874372521e-01	8.989969120378413225e-02	4.117606471260630563e-02	1.009822440756686091e-01
2.206023217426809424e+03	1.687898749971730450e-01	1.038406184867914778e-01	3.037791518700538873e-01	1.914079515809351539e-01	8.993799712005884350e-02	4.120603765757275411e-02	1.010383682871506122e-01
2.210860987640464373e+03	1.685899987614460360e-01	1.036977435912444651e-01	3.039093834571040542e-01	1.914967615842730342e-01	8.997608326322180383e-02	4.123585174268395298e-02	1.010941775997623859e-01
2.215698757854119776e+03	1.683912506151444277e-01	1.035556672519894195e-01	3.040388858179430276e-01	1.915850638687052188e-01	9.001395092041396262e-02	4.126550773185182208e-02	1.011496737936878609e-01
2.220536528067775180e+03	1.681936241375422969e-01	1.034143850439185608e-01	3.041676630344047338e-01	1.916728613877264620e-01	9.005160137099790796e-02	4.129500638646679822e-02	1.012048586386789795e-01
2.225374298281430583e+03	1.679971129453218526e-01	1.032738925658040208e-01	3.042957191653109517e-01	1.917601570771807762e-01	9.008903588660606421e-02	4.132434846538705214e-02	1.012597338941250008e-01
2.230212068495085077e+03	1.678017106923413160e-01	1.031341854401802288e-01	3.044230582466067037e-01	1.918469538553693454e-01	9.012625573118870914e-02	4.135353472492810101e-02	1.013143013091213074e-01
2.235049838708740936e+03	1.676074110694042996e-01	1.029952593132265753e-01	3.045496842914946489e-01	1.919332546231581060e-01	9.016326216106176905e-02	4.138256591885289964e-02	1.013685626225374753e-01
2.239887608922396339e+03	1.674142078040309622e-01	1.028571098546506024e-01	3.046756012905684208e-01	1.920190622640845779e-01	9.020005642495415588e-02	4.141144279836225794e-02	1.014225195630848175e-01
2.244725379136052197e+03	1.672220946602308023e-01	1.027197327575714164e-01	3.048008132119455760e-01	1.921043796444640017e-01	9.023663976405500720e-02	4.144016611208572315e-02	1.014761738493832471e-01
2.249563149349706237e+03	1.670310654382770321e-01	1.025831237384035727e-01	3.049253240013991562e-01	1.921892096134950045e-01	9.027301341206052376e-02	4.146873660607284379e-02	1.015295271900276824e-01
2.254400919563362095e+03	1.668411139744827021e-01	1.024472785367413485e-01	3.050491375824883611e-01	1.922735550033643492e-01	9.030917859522054336e-02	4.149715502378475279e-02	1.015825812836537445e-01
2.259238689777017044e+03	1.666522341409782670e-01	1.023121929152433079e-01	3.051722578566885558e-01	1.923574186293514898e-01	9.034513653238494812e-02	4.152542210608625023e-02	1.016353378190029411e-01
2.264076459990672902e+03	1.664644198454908464e-01	1.021778626595174211e-01	3.052946887035202228e-01	1.924408032899322107e-01	9.038088843504965553e-02	4.155353859123812194e-02	1.016877984749872676e-01
