1.001418434226643626e+03	2.791572985245545091e-01	1.811908145551502924e-01	2.347871752842774495e-01	1.408051134474911370e-01	6.835569872111416090e-02	2.667039143182740532e-02	6.903350803532334878e-02
1.003837319333471214e+03	2.787275465742319325e-01	1.809192655116718673e-01	2.350817743522043424e-01	1.409788954388512539e-01	6.842890547449334560e-02	2.671667833853619972e-02	6.914693430974937216e-02
1.006256204440298802e+03	2.782990416589539717e-01	1.806484600743238633e-01	2.353754146466874864e-01	1.411521596004436663e-01	6.850190262216961090e-02	2.676293011991607088e-02	6.926009127724357117e-02
1.008675089547126618e+03	2.778717801412889377e-01	1.803783961278500603e-01	2.356680996824005170e-01	1.413249079785272033e-01	6.857469092366394459e-02	2.680914584821814453e-02	6.937297929778944716e-02
1.011093974653954206e+03	2.774457583949511696e-01	1.801090715634198758e-01	2.359598329580521459e-01	1.414971426073051430e-01	6.864727113431771943e-02	2.685532461013524080e-02	6.948559873155696343e-02
1.013512859760782021e+03	2.770209728047614006e-01	1.798404842786061331e-01	2.362506179564634323e-01	1.416688655090129756e-01	6.871964400532912243e-02	2.690146550661294197e-02	6.959794993895224158e-02
1.015931744867609382e+03	2.765974197666070666e-01	1.795726321773628564e-01	2.365404581446447774e-01	1.418400786940059721e-01	6.879181028378901497e-02	2.694756765266325890e-02	6.971003328066530114e-02
1.018350629974437197e+03	2.761750956874026719e-01	1.793055131700031224e-01	2.368293569738731119e-01	1.420107841608465316e-01	6.886377071271601591e-02	2.699363017718089605e-02	6.982184911771592561e-02
1.020769515081264785e+03	2.757539969850504313e-01	1.790391251731772437e-01	2.371173178797690295e-01	1.421809838963909445e-01	6.893552603109105725e-02	2.703965222276201799e-02	6.993339781149764123e-02
1.023188400188092373e+03	2.753341200884011908e-01	1.787734661098505928e-01	2.374043442823739192e-01	1.423506798758759906e-01	6.900707697389125983e-02	2.708563294552552778e-02	7.004467972381986374e-02
1.025607285294920075e+03	2.749154614372155692e-01	1.785085339092820078e-01	2.376904395862273200e-01	1.425198740630048977e-01	6.907842427212342040e-02	2.713157151493682251e-02	7.015569521694825506e-02
1.028026170401747549e+03	2.744980174821252117e-01	1.782443265070019212e-01	2.379756071804438600e-01	1.426885684100331342e-01	6.914956865285676324e-02	2.717746711363392895e-02	7.026644465364342840e-02
1.030445055508575479e+03	2.740817846845940431e-01	1.779808418447907659e-01	2.382598504387904437e-01	1.428567648578535632e-01	6.922051083925540027e-02	2.722331893725603996e-02	7.037692839719794646e-02
1.032863940615402726e+03	2.736667595168800204e-01	1.777180778706574371e-01	2.385431727197632468e-01	1.430244653360813745e-01	6.929125155061018060e-02	2.726912619427439982e-02	7.048714681147157102e-02
1.035282825722230655e+03	2.732529384619969970e-01	1.774560325388176707e-01	2.388255773666647652e-01	1.431916717631381009e-01	6.936179150237015145e-02	2.731488810582548624e-02	7.059710026092508306e-02
1.037701710829058356e+03	2.728403180136764195e-01	1.771947038096728377e-01	2.391070677076807816e-01	1.433583860463357451e-01	6.943213140617357504e-02	2.736060390554647184e-02	7.070678911065246541e-02
1.040120595935886058e+03	2.724288946763299690e-01	1.769340896497885174e-01	2.393876470559569980e-01	1.435246100819598247e-01	6.950227196987847356e-02	2.740627283941292347e-02	7.081621372641160039e-02
1.042539481042713533e+03	2.720186649650115362e-01	1.766741880318733471e-01	2.396673187096760305e-01	1.436903457553523888e-01	6.957221389759284114e-02	2.745189416557869758e-02	7.092537447465346867e-02
1.044958366149541234e+03	2.716096254053799175e-01	1.764149969347578450e-01	2.399460859521338474e-01	1.438555949409942303e-01	6.964195788970448109e-02	2.749746715421801796e-02	7.103427172255000199e-02
1.047377251256368709e+03	2.712017725336614005e-01	1.761565143433733993e-01	2.402239520518164029e-01	1.440203595025865424e-01	6.971150464291042681e-02	2.754299108736968371e-02	7.114290583802043710e-02
1.049796136363196410e+03	2.707951028966129048e-01	1.758987382487313123e-01	2.405009202624759090e-01	1.441846412931324095e-01	6.978085485024598800e-02	2.758846525878337619e-02	7.125127718975637903e-02
1.052215021470024112e+03	2.703896130514847340e-01	1.756416666479019284e-01	2.407769938232072193e-01	1.443484421550172425e-01	6.985000920111354705e-02	2.763388897376806499e-02	7.135938614724560147e-02
1.054633906576851814e+03	2.699852995659840493e-01	1.753852975439937067e-01	2.410521759585237400e-01	1.445117639200891035e-01	6.991896838131091141e-02	2.767926154904241584e-02	7.146723308079441783e-02
1.057052791683679516e+03	2.695821590182380101e-01	1.751296289461327926e-01	2.413264698784336193e-01	1.446746084097382257e-01	6.998773307305940217e-02	2.772458231258724190e-02	7.157481836154898358e-02
1.059471676790506763e+03	2.691801879967578026e-01	1.748746588694421455e-01	2.415998787785154089e-01	1.448369774349761441e-01	7.005630395503163743e-02	2.776985060349992582e-02	7.168214236151529417e-02
1.061890561897334692e+03	2.687793831004017808e-01	1.746203853350211388e-01	2.418724058399935595e-01	1.449988727965140778e-01	7.012468170237894094e-02	2.781506577185079154e-02	7.178920545357803107e-02
1.064309447004162394e+03	2.683797409383400501e-01	1.743668063699250759e-01	2.421440542298139709e-01	1.451602962848410339e-01	7.019286698675855640e-02	2.786022717854139130e-02	7.189600801151828369e-02
1.066728332110990095e+03	2.679812581300179963e-01	1.741139200071447624e-01	2.424148271007192934e-01	1.453212496803010789e-01	7.026086047636044551e-02	2.790533419516470770e-02	7.200255041003011947e-02
1.069147217217817570e+03	2.675839313051207591e-01	1.738617242855863276e-01	2.426847275913238400e-01	1.454817347531701666e-01	7.032866283593396106e-02	2.795038620386719810e-02	7.210883302473615475e-02
1.071566102324645271e+03	2.671877571035377041e-01	1.736102172500509633e-01	2.429537588261884706e-01	1.456417532637324652e-01	7.039627472681404818e-02	2.799538259721269171e-02	7.221485623220201544e-02
1.073984987431472746e+03	2.667927321753269521e-01	1.733593969512148281e-01	2.432219239158952551e-01	1.458013069623560476e-01	7.046369680694739013e-02	2.804032277804809070e-02	7.232062040994977070e-02
1.076403872538300675e+03	2.663988531806802396e-01	1.731092614456089807e-01	2.434892259571217743e-01	1.459603975895679695e-01	7.053092973091806828e-02	2.808520615937085130e-02	7.242612593647049235e-02
1.078822757645127922e+03	2.660061167898874479e-01	1.728598087955994234e-01	2.437556680327154501e-01	1.461190268761289046e-01	7.059797414997318055e-02	2.813003216419823413e-02	7.253137319123573179e-02
1.081241642751955851e+03	2.656145196833022415e-01	1.726110370693672846e-01	2.440212532117673194e-01	1.462771965431071963e-01	7.066483071204800182e-02	2.817480022543826512e-02	7.263636255470812264e-02
1.083660527858783553e+03	2.652240585513067628e-01	1.723629443408889461e-01	2.442859845496858640e-01	1.464349083019521880e-01	7.073150006179108884e-02	2.821950978576243801e-02	7.274109440835113682e-02
1.086079412965611255e+03	2.648347300942773819e-01	1.721155286899164749e-01	2.445498650882705072e-01	1.465921638545672478e-01	7.079798284058892721e-02	2.826416029748005446e-02	7.284556913463781369e-02
1.088498298072438729e+03	2.644465310225501131e-01	1.718687882019578061e-01	2.448128978557846669e-01	1.467489648933821000e-01	7.086427968659059218e-02	2.830875122241425373e-02	7.294978711705886465e-02
1.090917183179266431e+03	2.640594580563863092e-01	1.716227209682573696e-01	2.450750858670289467e-01	1.469053131014244618e-01	7.093039123473189600e-02	2.835328203177965578e-02	7.305374874012976472e-02
1.093336068286093905e+03	2.636735079259386327e-01	1.713773250857764940e-01	2.453364321234136336e-01	1.470612101523914861e-01	7.099631811675953530e-02	2.839775220606162096e-02	7.315745438939709466e-02
1.095754953392921607e+03	2.632886773712168060e-01	1.711325986571741176e-01	2.455969396130312510e-01	1.472166577107201779e-01	7.106206096125489147e-02	2.844216123489710230e-02	7.326090445144421703e-02
1.098173838499749309e+03	2.629049631420540822e-01	1.708885397907873860e-01	2.458566113107286677e-01	1.473716574316577266e-01	7.112762039365758127e-02	2.848650861695703820e-02	7.336409931389606398e-02
1.100592723606577010e+03	2.625223619980734946e-01	1.706451466006125017e-01	2.461154501781790682e-01	1.475262109613309780e-01	7.119299703628888254e-02	2.853079385983030639e-02	7.346703936542327285e-02
1.103011608713404712e+03	2.621408707086543277e-01	1.704024172062856002e-01	2.463734591639534233e-01	1.476803199368154629e-01	7.125819150837488236e-02	2.857501647990916965e-02	7.356972499574561397e-02
1.105430493820231959e+03	2.617604860528985888e-01	1.701603497330636261e-01	2.466306412035920437e-01	1.478339859862038419e-01	7.132320442606938926e-02	2.861917600227625175e-02	7.367215659563473851e-02
1.107849378927059888e+03	2.613812048195979787e-01	1.699189423118052378e-01	2.468869992196754126e-01	1.479872107286739069e-01	7.138803640247670668e-02	2.866327196059295646e-02	7.377433455691623232e-02
1.110268264033887590e+03	2.610030238072008069e-01	1.696781930789521553e-01	2.471425361218950456e-01	1.481399957745559159e-01	7.145268804767408721e-02	2.870730389698934737e-02	7.387625927247111479e-02
1.112687149140715292e+03	2.606259398237789071e-01	1.694381001765101202e-01	2.473972548071238786e-01	1.482923427253993731e-01	7.151715996873410364e-02	2.875127136195547092e-02	7.397793113623660211e-02
1.115106034247542766e+03	2.602499496869950524e-01	1.691986617520301883e-01	2.476511581594865175e-01	1.484442531740394755e-01	7.158145276974667293e-02	2.879517391423407416e-02	7.407935054320637092e-02
1.117524919354370468e+03	2.598750502240703142e-01	1.689598759585900778e-01	2.479042490504290985e-01	1.485957287046628106e-01	7.164556705184102481e-02	2.883901112071472067e-02	7.418051788943025304e-02
1.119943804461197942e+03	2.595012382717515331e-01	1.687217409547755453e-01	2.481565303387886501e-01	1.487467708928726373e-01	7.170950341320736499e-02	2.888278255632927699e-02	7.428143357201323627e-02
1.122362689568025871e+03	2.591285106762789003e-01	1.684842549046618732e-01	2.484080048708626476e-01	1.488973813057536122e-01	7.177326244911838571e-02	2.892648780394876246e-02	7.438209798911413206e-02
1.124781574674853118e+03	2.587568642933538166e-01	1.682474159777953837e-01	2.486586754804776533e-01	1.490475615019358768e-01	7.183684475195056818e-02	2.897012645428149666e-02	7.448251153994352169e-02
1.127200459781681047e+03	2.583862959881069177e-01	1.680112223491751489e-01	2.489085449890581225e-01	1.491973130316589513e-01	7.190025091120527678e-02	2.901369810577259303e-02	7.458267462476132759e-02
1.129619344888508749e+03	2.580168026350661004e-01	1.677756721992345323e-01	2.491576162056946542e-01	1.493466374368346561e-01	7.196348151352972844e-02	2.905720236450475003e-02	7.468258764487387125e-02
1.132038229995336451e+03	2.576483811181248251e-01	1.675407637138232042e-01	2.494058919272119368e-01	1.494955362511098673e-01	7.202653714273764274e-02	2.910063884410027391e-02	7.478225100263043157e-02
1.134457115102163925e+03	2.572810283305104750e-01	1.673064950841887943e-01	2.496533749382364997e-01	1.496440109999287171e-01	7.208941837982985046e-02	2.914400716562442692e-02	7.488166510141938681e-02
1.136876000208991627e+03	2.569147411747528253e-01	1.670728645069589069e-01	2.499000680112639372e-01	1.497920632005940722e-01	7.215212580301462453e-02	2.918730695748995851e-02	7.498083034566382921e-02
1.139294885315819101e+03	2.565495165626526797e-01	1.668398701841230236e-01	2.501459739067260490e-01	1.499396943623287626e-01	7.221465998772787220e-02	2.923053785536288210e-02	7.507974714081691592e-02
1.141713770422646803e+03	2.561853514152507283e-01	1.666075103230147680e-01	2.503910953730574263e-01	1.500869059863360611e-01	7.227702150665309133e-02	2.927369950206946611e-02	7.517841589335669261e-02
1.144132655529474505e+03	2.558222426627964619e-01	1.663757831362938366e-01	2.506354351467618979e-01	1.502336995658598851e-01	7.233921092974121558e-02	2.931679154750439775e-02	7.527683701078052847e-02
1.146551540636302207e+03	2.554601872447173072e-01	1.661446868419284295e-01	2.508789959524784230e-01	1.503800765862444710e-01	7.240122882423025152e-02	2.935981364854012635e-02	7.537501090159925976e-02
1.148970425743129908e+03	2.550991821095875967e-01	1.659142196631773758e-01	2.511217805030469541e-01	1.505260385249933552e-01	7.246307575466472140e-02	2.940276546893736895e-02	7.547293797533084769e-02
1.151389310849957155e+03	2.547392242150983144e-01	1.656843798285725922e-01	2.513637914995738298e-01	1.506715868518281043e-01	7.252475228291495324e-02	2.944564667925674700e-02	7.557061864249381422e-02
1.153808195956785084e+03	2.543803105280260102e-01	1.654551655719015135e-01	2.516050316314965563e-01	1.508167230287464078e-01	7.258625896819614898e-02	2.948845695677154016e-02	7.566805331460021988e-02
1.156227081063612786e+03	2.540224380242028790e-01	1.652265751321894960e-01	2.518455035766486438e-01	1.509614485100798376e-01	7.264759636708745250e-02	2.953119598538157115e-02	7.576524240414840572e-02
1.158645966170440488e+03	2.536656036884864518e-01	1.649986067536826084e-01	2.520852100013241670e-01	1.511057647425508854e-01	7.270876503355060139e-02	2.957386345552816959e-02	7.586218632461538824e-02
1.161064851277267962e+03	2.533098045147292310e-01	1.647712586858301742e-01	2.523241535603413244e-01	1.512496731653297788e-01	7.276976551894855094e-02	2.961645906411019755e-02	7.595888549044899074e-02
1.163483736384095664e+03	2.529550375057489364e-01	1.645445291832673962e-01	2.525623368971065541e-01	1.513931752100906580e-01	7.283059837206398712e-02	2.965898251440118177e-02	7.605534031705957210e-02
1.165902621490923138e+03	2.526012996732982518e-01	1.643184165057983426e-01	2.527997626436776502e-01	1.515362723010674206e-01	7.289126413911752034e-02	2.970143351596744863e-02	7.615155122081168626e-02
1.168321506597751068e+03	2.522485880380355705e-01	1.640929189183786552e-01	2.530364334208268229e-01	1.516789658551088438e-01	7.295176336378585147e-02	2.974381178458731373e-02	7.624751861901525596e-02
1.170740391704578315e+03	2.518968996294951301e-01	1.638680346910986463e-01	2.532723518381033156e-01	1.518212572817336237e-01	7.301209658721971585e-02	2.978611704217129855e-02	7.634324292991664929e-02
1.173159276811406244e+03	2.515462314860574811e-01	1.636437620991661457e-01	2.535075204938957438e-01	1.519631479831846377e-01	7.307226434806161908e-02	2.982834901668333927e-02	7.643872457268946485e-02
1.175578161918233945e+03	2.511965806549202318e-01	1.634200994228896253e-01	2.537419419754941563e-01	1.521046393544829012e-01	7.313226718246357283e-02	2.987050744206298444e-02	7.653396396742503938e-02
1.177997047025061647e+03	2.508479441920688502e-01	1.631970449476614349e-01	2.539756188591513753e-01	1.522457327834809693e-01	7.319210562410449761e-02	2.991259205814859184e-02	7.662896153512281650e-02
1.180415932131889122e+03	2.505003191622474645e-01	1.629745969639408987e-01	2.542085537101447246e-01	1.523864296509160332e-01	7.325178020420759772e-02	2.995460261060146900e-02	7.672371769768041028e-02
1.182834817238716823e+03	2.501537026389298868e-01	1.627527537672376345e-01	2.544407490828365925e-01	1.525267313304624339e-01	7.331129145155747262e-02	2.999653885083097132e-02	7.681823287788361321e-02
1.185253702345544298e+03	2.498080917042908300e-01	1.625315136580949837e-01	2.546722075207352720e-01	1.526666391887837870e-01	7.337063989251720042e-02	3.003840053592055429e-02	7.691250749939602949e-02
1.187672587452371999e+03	2.494634834491770981e-01	1.623108749420732466e-01	2.549029315565549680e-01	1.528061545855847747e-01	7.342982605104517169e-02	3.008018742855471730e-02	7.700654198674865281e-02
1.190091472559199701e+03	2.491198749730790252e-01	1.620908359297333623e-01	2.551329237122760829e-01	1.529452788736622437e-01	7.348885044871183991e-02	3.012189929694691209e-02	7.710033676532922209e-02
1.192510357666027403e+03	2.487772633841019709e-01	1.618713949366203664e-01	2.553621864992043911e-01	1.530840133989560259e-01	7.354771360471623609e-02	3.016353591476830104e-02	7.719389226137142457e-02
1.194929242772855105e+03	2.484356457989379541e-01	1.616525502832469596e-01	2.555907224180305470e-01	1.532223595005994810e-01	7.360641603590245552e-02	3.020509706107742803e-02	7.728720890194396009e-02
1.197348127879682352e+03	2.480950193428373696e-01	1.614343002950772987e-01	2.558185339588888163e-01	1.533603185109693179e-01	7.366495825677589482e-02	3.024658252025077404e-02	7.738028711493938339e-02
1.199767012986510281e+03	2.477553811495809277e-01	1.612166433025107037e-01	2.560456236014156395e-01	1.534978917557351108e-01	7.372334077951940567e-02	3.028799208191416265e-02	7.747312732906289079e-02
1.202185898093337983e+03	2.474167283614515656e-01	1.609995776408654766e-01	2.562719938148079191e-01	1.536350805539085373e-01	7.378156411400935144e-02	3.032932554087502952e-02	7.756572997382095436e-02
1.204604783200165684e+03	2.470790581292066634e-01	1.607831016503627197e-01	2.564976470578808065e-01	1.537718862178919788e-01	7.383962876783134455e-02	3.037058269705553148e-02	7.765809547950976166e-02
1.207023668306993159e+03	2.467423676120501508e-01	1.605672136761104596e-01	2.567225857791252119e-01	1.539083100535268700e-01	7.389753524629605330e-02	3.041176335542648476e-02	7.775022427720364171e-02
1.209442553413820860e+03	2.464066539776048614e-01	1.603519120680873822e-01	2.569468124167649803e-01	1.540443533601415504e-01	7.395528405245474501e-02	3.045286732594211163e-02	7.784211679874331047e-02
1.211861438520648335e+03	2.460719144018851112e-01	1.601371951811271788e-01	2.571703293988136796e-01	1.541800174305986149e-01	7.401287568711473197e-02	3.049389442347561971e-02	7.793377347672399147e-02
1.214280323627476264e+03	2.457381460692691644e-01	1.599230613749025587e-01	2.573931391431311666e-01	1.543153035513421811e-01	7.407031064885469251e-02	3.053484446775557234e-02	7.802519474448355030e-02
1.216699208734303511e+03	2.454053461724719221e-01	1.597095090139094564e-01	2.576152440574798752e-01	1.544502130024444086e-01	7.412758943403978396e-02	3.057571728330302566e-02	7.811638103609040706e-02
1.219118093841131440e+03	2.450735119125177774e-01	1.594965364674512942e-01	2.578366465395802720e-01	1.545847470576518223e-01	7.418471253683678324e-02	3.061651269936946709e-02	7.820733278633146268e-02
1.221536978947959142e+03	2.447426404987134985e-01	1.592841421096233834e-01	2.580573489771665896e-01	1.547189069844311371e-01	7.424168044922888066e-02	3.065723054987551724e-02	7.829805043069984483e-02
1.223955864054786844e+03	2.444127291486212494e-01	1.590723243192972147e-01	2.582773537480419490e-01	1.548526940440148048e-01	7.429849366103055686e-02	3.069787067335037062e-02	7.838853440538268158e-02
1.226374749161614318e+03	2.440837750880317514e-01	1.588610814801050541e-01	2.584966632201330938e-01	1.549861094914460335e-01	7.435515265990212674e-02	3.073843291287199977e-02	7.847878514724877796e-02
1.228793634268442020e+03	2.437557755509375257e-01	1.586504119804242607e-01	2.587152797515448466e-01	1.551191545756235579e-01	7.441165793136436668e-02	3.077891711600810182e-02	7.856880309383619532e-02
1.231212519375269494e+03	2.434287277795063043e-01	1.584403142133620213e-01	2.589332056906142321e-01	1.552518305393458531e-01	7.446800995881279472e-02	3.081932313475773885e-02	7.865858868333983067e-02
1.233631404482097196e+03	2.431026290240543841e-01	1.582307865767400290e-01	2.591504433759644899e-01	1.553841386193552387e-01	7.452420922353206190e-02	3.085965082549374516e-02	7.874814235459884348e-02
1.236050289588924898e+03	2.427774765430203152e-01	1.580218274730789962e-01	2.593669951365581983e-01	1.555160800463813164e-01	7.458025620470998263e-02	3.089990004890579706e-02	7.883746454708420726e-02
1.238469174695752372e+03	2.424532676029385325e-01	1.578134353095836107e-01	2.595828632917506207e-01	1.556476560451842128e-01	7.463615137945159295e-02	3.094007066994419741e-02	7.892655570088605299e-02
1.240888059802580301e+03	2.421299994784132104e-01	1.576056084981272698e-01	2.597980501513424412e-01	1.557788678345974065e-01	7.469189522279304216e-02	3.098016255776437147e-02	7.901541625670106817e-02
1.243306944909407548e+03	2.418076694520921721e-01	1.573983454552370098e-01	2.600125580156322225e-01	1.559097166275701662e-01	7.474748820771538738e-02	3.102017558567200795e-02	7.910404665581985406e-02
1.245725830016235477e+03	2.414862748146407723e-01	1.571916446020782954e-01	2.602263891754686975e-01	1.560402036312097118e-01	7.480293080515822146e-02	3.106010963106888706e-02	7.919244734011418596e-02
1.248144715123063179e+03	2.411658128647161670e-01	1.569855043644403092e-01	2.604395459123023948e-01	1.561703300468228750e-01	7.485822348403323168e-02	3.109996457539938516e-02	7.928061875202442599e-02
1.250563600229890881e+03	2.408462809089415013e-01	1.567799231727207698e-01	2.606520304982372083e-01	1.563000970699574832e-01	7.491336671123761948e-02	3.113974030409760035e-02	7.936856133454671391e-02
1.252982485336718355e+03	2.405276762618801523e-01	1.565748994619111656e-01	2.608638451960814120e-01	1.564295058904434099e-01	7.496836095166736769e-02	3.117943670653517199e-02	7.945627553122021347e-02
1.255401370443546057e+03	2.402099962460102767e-01	1.563704316715819886e-01	2.610749922593987860e-01	1.565585576924332367e-01	7.502320666823042439e-02	3.121905367596967615e-02	7.954376178611448356e-02
1.257820255550373531e+03	2.398932381916993595e-01	1.561665182458678025e-01	2.612854739325589093e-01	1.566872536544425820e-01	7.507790432185985907e-02	3.125859110949371494e-02	7.963102054381661354e-02
1.260239140657201460e+03	2.395773994371787341e-01	1.559631576334526981e-01	2.614952924507875087e-01	1.568155949493900969e-01	7.513245437152674122e-02	3.129804890798457140e-02	7.971805224941852508e-02
1.262658025764028707e+03	2.392624773285184081e-01	1.557603482875556111e-01	2.617044500402161411e-01	1.569435827446370169e-01	7.518685727425294951e-02	3.133742697605450961e-02	7.980485734850420454e-02
1.265076910870856636e+03	2.389484692196019167e-01	1.555580886659156947e-01	2.619129489179319870e-01	1.570712182020265468e-01	7.524111348512403652e-02	3.137672522200167513e-02	7.989143628713703260e-02
1.267495795977684338e+03	2.386353724721012315e-01	1.553563772307778867e-01	2.621207912920267558e-01	1.571985024779227191e-01	7.529522345730173261e-02	3.141594355776158864e-02	7.997778951184693341e-02
1.269914681084511813e+03	2.383231844554518086e-01	1.551552124488783380e-01	2.623279793616460354e-01	1.573254367232491402e-01	7.534918764203654695e-02	3.145508189885922595e-02	8.006391746961777356e-02
1.272333566191339514e+03	2.380119025468278027e-01	1.549545927914300347e-01	2.625345153170375312e-01	1.574520220835271822e-01	7.540300648868009104e-02	3.149414016436168084e-02	8.014982060787455287e-02
1.274752451298167216e+03	2.377015241311172533e-01	1.547545167341084771e-01	2.627404013395995830e-01	1.575782596989139250e-01	7.545668044469745761e-02	3.153311827683141777e-02	8.023549937447078950e-02
1.277171336404994690e+03	2.373920466008974384e-01	1.545549827570373291e-01	2.629456396019291264e-01	1.577041507042399038e-01	7.551020995567937766e-02	3.157201616228005187e-02	8.032095421767580790e-02
1.279590221511822392e+03	2.370834673564103101e-01	1.543559893447742082e-01	2.631502322678690442e-01	1.578296962290463290e-01	7.556359546535429406e-02	3.161083375012276042e-02	8.040618558616213774e-02
1.282009106618650094e+03	2.367757838055380981e-01	1.541575349862965016e-01	2.633541814925560165e-01	1.579548973976220849e-01	7.561683741560037975e-02	3.164957097313315232e-02	8.049119392899288516e-02
1.284427991725477568e+03	2.364689933637788843e-01	1.539596181749872117e-01	2.635574894224673170e-01	1.580797553290404223e-01	7.566993624645741712e-02	3.168822776739876890e-02	8.057597969560913176e-02
1.286846876832305497e+03	2.361630934542224280e-01	1.537622374086208554e-01	2.637601581954674979e-01	1.582042711371952903e-01	7.572289239613853862e-02	3.172680407227707056e-02	8.066054333581741675e-02
1.289265761939132744e+03	2.358580815075258796e-01	1.535653911893495593e-01	2.639621899408550743e-01	1.583284459308374470e-01	7.577570630104196736e-02	3.176529983035198540e-02	8.074488529977717766e-02
1.291684647045960673e+03	2.355539549618898276e-01	1.533690780236889317e-01	2.641635867794084325e-01	1.584522808136101246e-01	7.582837839576253569e-02	3.180371498739096442e-02	8.082900603798832961e-02
1.294103532152788375e+03	2.352507112630342345e-01	1.531732964225042681e-01	2.643643508234317374e-01	1.585757768840844462e-01	7.588090911310320374e-02	3.184204949230255710e-02	8.091290600127876154e-02
1.296522417259616077e+03	2.349483478641745948e-01	1.529780449009965904e-01	2.645644841768005073e-01	1.586989352357946192e-01	7.593329888408641148e-02	3.188030329709450744e-02	8.099658564079202649e-02
1.298941302366443551e+03	2.346468622259982317e-01	1.527833219786889352e-01	2.647639889350067444e-01	1.588217569572726862e-01	7.598554813796540297e-02	3.191847635683236345e-02	8.108004540797485171e-02
1.301360187473271253e+03	2.343462518166404551e-01	1.525891261794125875e-01	2.649628671852042316e-01	1.589442431320830795e-01	7.603765730223538410e-02	3.195656862959853767e-02	8.116328575456499550e-02
1.303779072580098727e+03	2.340465141116610526e-01	1.523954560312933137e-01	2.651611210062526092e-01	1.590663948388569005e-01	7.608962680264458323e-02	3.199458007645193669e-02	8.124630713257886827e-02
1.306197957686926657e+03	2.337476465940207526e-01	1.522023100667377893e-01	2.653587524687622268e-01	1.591882131513257248e-01	7.614145706320532558e-02	3.203251066138802089e-02	8.132910999429937560e-02
1.308616842793753904e+03	2.334496467540578546e-01	1.520096868224199982e-01	2.655557636351379980e-01	1.593096991383553818e-01	7.619314850620488577e-02	3.207036035129934987e-02	8.141169479226378902e-02
1.311035727900581833e+03	2.331525120894648861e-01	1.518175848392676053e-01	2.657521565596230873e-01	1.594308538639792050e-01	7.624470155221629852e-02	3.210812911593662056e-02	8.149406197925157525e-02
1.313454613007409534e+03	2.328562401052653719e-01	1.516260026624485779e-01	2.659479332883425418e-01	1.595516783874311173e-01	7.629611662010907236e-02	3.214581692787019107e-02	8.157621200827240571e-02
1.315873498114237009e+03	2.325608283137906573e-01	1.514349388413577246e-01	2.661430958593465346e-01	1.596721737631784377e-01	7.634739412705983386e-02	3.218342376245199310e-02	8.165814533255413843e-02
1.318292383221064711e+03	2.322662742346568998e-01	1.512443919296032335e-01	2.663376463026529972e-01	1.597923410409544109e-01	7.639853448856286089e-02	3.222094959777799944e-02	8.173986240553091087e-02
1.320711268327892412e+03	2.319725753947421976e-01	1.510543604849934607e-01	2.665315866402904743e-01	1.599121812657902930e-01	7.644953811844051872e-02	3.225839441465105234e-02	8.182136368083130218e-02
1.323130153434719887e+03	2.316797293281634695e-01	1.508648430695234688e-01	2.667249188863405340e-01	1.600316954780474366e-01	7.650040542885366834e-02	3.229575819654420532e-02	8.190264961226643992e-02
1.325549038541547588e+03	2.313877335762539178e-01	1.506758382493620652e-01	2.669176450469796791e-01	1.601508847134489599e-01	7.655113683031183891e-02	3.233304092956448134e-02	8.198372065381832885e-02
1.327967923648375290e+03	2.310965856875402125e-01	1.504873445948383959e-01	2.671097671205209800e-01	1.602697500031110001e-01	7.660173273168348340e-02	3.237024260241704032e-02	8.206457725962813810e-02
1.330386808755202765e+03	2.308062832177199541e-01	1.502993606804288174e-01	2.673012870974559307e-01	1.603882923735740207e-01	7.665219354020608167e-02	3.240736320636981166e-02	8.214521988398461316e-02
1.332805693862030694e+03	2.305168237296390532e-01	1.501118850847439901e-01	2.674922069604954156e-01	1.605065128468335378e-01	7.670251966149611855e-02	3.244440273521852908e-02	8.222564898131254352e-02
1.335224578968857941e+03	2.302282047932694142e-01	1.499249163905156668e-01	2.676825286846107876e-01	1.606244124403707896e-01	7.675271149955900651e-02	3.248136118525220967e-02	8.230586500616123014e-02
1.337643464075685870e+03	2.299404239856865928e-01	1.497384531845838418e-01	2.678722542370745030e-01	1.607419921671830731e-01	7.680276945679898049e-02	3.251823855521900758e-02	8.238586841319313347e-02
1.340062349182513572e+03	2.296534788910473135e-01	1.495524940578836781e-01	2.680613855775005328e-01	1.608592530358137207e-01	7.685269393402881233e-02	3.255503484629250488e-02	8.246565965717250757e-02
1.342481234289341273e+03	2.293673671005676262e-01	1.493670376054327398e-01	2.682499246578846086e-01	1.609761960503820755e-01	7.690248533047948365e-02	3.259175006203841179e-02	8.254523919295413126e-02
1.344900119396168748e+03	2.290820862125005075e-01	1.491820824263181966e-01	2.684378734226438579e-01	1.610928222106129404e-01	7.695214404380984474e-02	3.262838420838160003e-02	8.262460747547216433e-02
1.347319004502996449e+03	2.287976338321141279e-01	1.489976271236838901e-01	2.686252338086564939e-01	1.612091325118659435e-01	7.700167047011603760e-02	3.266493729357364956e-02	8.270376495972897590e-02
1.349737889609823924e+03	2.285140075716697305e-01	1.488136703047176768e-01	2.688120077453013956e-01	1.613251279451645148e-01	7.705106500394102997e-02	3.270140932816067297e-02	8.278271210078411158e-02
1.352156774716651853e+03	2.282312050503999268e-01	1.486302105806387719e-01	2.689981971544969097e-01	1.614408094972248076e-01	7.710032803828391346e-02	3.273780032495156311e-02	8.286144935374334386e-02
1.354575659823479100e+03	2.279492238944867688e-01	1.484472465666850649e-01	2.691838039507395974e-01	1.615561781504842032e-01	7.714945996460921551e-02	3.277411029898662925e-02	8.293997717374779199e-02
1.356994544930307029e+03	2.276680617370402115e-01	1.482647768821005463e-01	2.693688300411432590e-01	1.616712348831295942e-01	7.719846117285605880e-02	3.281033926750662189e-02	8.301829601596301400e-02
1.359413430037134731e+03	2.273877162180766298e-01	1.480828001501226787e-01	2.695532773254767367e-01	1.617859806691255009e-01	7.724733205144732051e-02	3.284648724992205587e-02	8.309640633556839018e-02
1.361832315143962205e+03	2.271081849844969469e-01	1.479013149979700181e-01	2.697371476962021619e-01	1.619004164782419652e-01	7.729607298729869458e-02	3.288255426778298462e-02	8.317430858774642333e-02
1.364251200250789907e+03	2.268294656900656237e-01	1.477203200568297792e-01	2.699204430385128695e-01	1.620145432760821125e-01	7.734468436582765671e-02	3.291854034474910734e-02	8.325200322767210837e-02
1.366670085357617609e+03	2.265515559953890368e-01	1.475398139618452342e-01	2.701031652303705899e-01	1.621283620241093792e-01	7.739316657096231844e-02	3.295444550656018851e-02	8.332949071050245460e-02
1.369088970464445310e+03	2.262744535678943292e-01	1.473597953521035842e-01	2.702853161425431416e-01	1.622418736796748806e-01	7.744151998515026725e-02	3.299026978100689372e-02	8.340677149136611901e-02
1.371507855571272785e+03	2.259981560818080937e-01	1.471802628706235239e-01	2.704668976386411794e-01	1.623550791960441386e-01	7.748974498936739286e-02	3.302601319790191003e-02	8.348384602535297017e-02
1.373926740678100487e+03	2.257226612181355285e-01	1.470012151643429743e-01	2.706479115751549980e-01	1.624679795224238110e-01	7.753784196312651922e-02	3.306167578905149645e-02	8.356071476750388805e-02
1.376345625784927961e+03	2.254479666646391212e-01	1.468226508841068700e-01	2.708283598014912807e-01	1.625805756039881422e-01	7.758581128448592545e-02	3.309725758822727043e-02	8.363737817280060549e-02
1.378764510891755890e+03	2.251740701158178593e-01	1.466445686846550578e-01	2.710082441600091263e-01	1.626928683819051369e-01	7.763365333005804725e-02	3.313275863113841757e-02	8.371383669615552192e-02
1.381183395998583137e+03	2.249009692728863030e-01	1.464669672246100840e-01	2.711875664860564639e-01	1.628048587933626501e-01	7.768136847501780351e-02	3.316817895540415811e-02	8.379009079240175295e-02
1.383602281105411066e+03	2.246286618437538241e-01	1.462898451664650934e-01	2.713663286080053583e-01	1.629165477715940058e-01	7.772895709311107570e-02	3.320351860052660892e-02	8.386614091628319390e-02
1.386021166212238768e+03	2.243571455430038719e-01	1.461132011765718941e-01	2.715445323472880368e-01	1.630279362459037540e-01	7.777641955666299289e-02	3.323877760786393687e-02	8.394198752244465267e-02
1.388440051319066470e+03	2.240864180918733239e-01	1.459370339251288562e-01	2.717221795184320277e-01	1.631390251416928172e-01	7.782375623658617514e-02	3.327395602060381069e-02	8.401763106542209369e-02
1.390858936425893944e+03	2.238164772182319739e-01	1.457613420861690046e-01	2.718992719290952986e-01	1.632498153804836649e-01	7.787096750238901854e-02	3.330905388373719272e-02	8.409307199963289570e-02
1.393277821532721646e+03	2.235473206565619930e-01	1.455861243375481395e-01	2.720758113801010625e-01	1.633603078799454045e-01	7.791805372218366110e-02	3.334407124403246381e-02	8.416831077936635930e-02
1.395696706639549120e+03	2.232789461479375015e-01	1.454113793609329297e-01	2.722517996654724159e-01	1.634705035539181783e-01	7.796501526269419835e-02	3.337900815000981181e-02	8.424334785877408971e-02
1.398115591746377049e+03	2.230113514400042796e-01	1.452371058417890881e-01	2.724272385724668122e-01	1.635804033124378110e-01	7.801185248926456595e-02	3.341386465191593935e-02	8.431818369186058759e-02
1.400534476853204296e+03	2.227445342869595613e-01	1.450633024693696316e-01	2.726021298816101446e-01	1.636900080617601783e-01	7.805856576586651940e-02	3.344864080169908382e-02	8.439281873247390930e-02
1.402953361960032225e+03	2.224784924495316896e-01	1.448899679367031679e-01	2.727764753667308861e-01	1.637993187043851329e-01	7.810515545510746116e-02	3.348333665298433570e-02	8.446725343429642430e-02
1.405372247066859927e+03	2.222132236949601602e-01	1.447171009405820996e-01	2.729502767949933961e-01	1.639083361390804017e-01	7.815162191823825377e-02	3.351795226104922754e-02	8.454148825083557250e-02
1.407791132173687402e+03	2.219487257969754712e-01	1.445447001815511334e-01	2.731235359269318375e-01	1.640170612609053169e-01	7.819796551516093597e-02	3.355248768279962823e-02	8.461552363541481603e-02
1.410210017280515103e+03	2.216849965357793051e-01	1.443727643638955394e-01	2.732962545164830392e-01	1.641254949612342140e-01	7.824418660443643869e-02	3.358694297674593571e-02	8.468936004116460470e-02
1.412628902387342805e+03	2.214220336980244619e-01	1.442012921956296323e-01	2.734684343110200255e-01	1.642336381277798296e-01	7.829028554329212075e-02	3.362131820297950546e-02	8.476299792101343877e-02
1.415047787494170507e+03	2.211598350767951526e-01	1.440302823884853645e-01	2.736400770513844338e-01	1.643414916446162277e-01	7.833626268762940159e-02	3.365561342314944693e-02	8.483643772767904268e-02
1.417466672600997981e+03	2.208983984715872373e-01	1.438597336579006680e-01	2.738111844719191557e-01	1.644490563922017534e-01	7.838211839203114428e-02	3.368982870043958633e-02	8.490967991365959422e-02
1.419885557707825683e+03	2.206377216882884629e-01	1.436896447230080753e-01	2.739817583005009216e-01	1.645563332474016816e-01	7.842785300976913565e-02	3.372396409954581120e-02	8.498272493122502325e-02
1.422304442814653157e+03	2.203778025391590623e-01	1.435200143066234502e-01	2.741518002585722757e-01	1.646633230835108097e-01	7.847346689281145538e-02	3.375801968665356062e-02	8.505557323240844902e-02
1.424723327921481086e+03	2.201186388428120200e-01	1.433508411352344969e-01	2.743213120611737166e-01	1.647700267702756627e-01	7.851896039182977571e-02	3.379199552941571788e-02	8.512822526899765929e-02
1.427142213028308333e+03	2.198602284241937543e-01	1.431821239389894362e-01	2.744902954169752274e-01	1.648764451739166415e-01	7.856433385620660570e-02	3.382589169693066972e-02	8.520068149252668643e-02
1.429561098135136262e+03	2.196025691145646330e-01	1.430138614516859308e-01	2.746587520283080286e-01	1.649825791571500055e-01	7.860958763404242433e-02	3.385970825972066389e-02	8.527294235426745306e-02
1.431979983241963964e+03	2.193456587514796552e-01	1.428460524107595664e-01	2.748266835911954975e-01	1.650884295792095779e-01	7.865472207216289702e-02	3.389344528971038883e-02	8.534500830522154247e-02
1.434398868348791666e+03	2.190894951787692724e-01	1.426786955572729720e-01	2.749940917953847541e-01	1.651939972958682834e-01	7.869973751612589774e-02	3.392710286020589328e-02	8.541687979611198300e-02
1.436817753455619140e+03	2.188340762465201816e-01	1.425117896359043845e-01	2.751609783243774698e-01	1.652992831594596312e-01	7.874463431022853122e-02	3.396068104587365855e-02	8.548855727737519894e-02
1.439236638562446842e+03	2.185793998110562297e-01	1.423453333949367405e-01	2.753273448554602876e-01	1.654042880188988374e-01	7.878941279751408566e-02	3.399417992271994149e-02	8.556004119915298911e-02
1.441655523669274316e+03	2.183254637349192617e-01	1.421793255862465466e-01	2.754931930597354639e-01	1.655090127197038630e-01	7.883407331977894394e-02	3.402759956807042963e-02	8.563133201128457495e-02
1.444074408776102018e+03	2.180722658868503305e-01	1.420137649652928324e-01	2.756585246021512892e-01	1.656134581040163423e-01	7.887861621757943920e-02	3.406094006055005591e-02	8.570243016329878727e-02
1.446493293882929493e+03	2.178198041417706288e-01	1.418486502911062708e-01	2.758233411415320635e-01	1.657176250106221771e-01	7.892304183023861330e-02	3.409420148006309104e-02	8.577333610440629474e-02
1.448912178989757422e+03	2.175680763807627538e-01	1.416839803262780195e-01	2.759876443306078508e-01	1.658215142749721038e-01	7.896735049585298927e-02	3.412738390777345782e-02	8.584405028349194333e-02
1.451331064096585123e+03	2.173170804910519449e-01	1.415197538369490082e-01	2.761514358160445104e-01	1.659251267292020382e-01	7.901154255129924642e-02	3.416048742608532307e-02	8.591457314910713738e-02
1.453749949203412370e+03	2.170668143659872373e-01	1.413559695927989746e-01	2.763147172384729511e-01	1.660284632021531148e-01	7.905561833224085400e-02	3.419351211862384221e-02	8.598490514946234564e-02
1.456168834310240300e+03	2.168172759050229492e-01	1.411926263670356674e-01	2.764774902325183303e-01	1.661315245193918377e-01	7.909957817313467698e-02	3.422645807021618830e-02	8.605504673241966274e-02
1.458587719417068001e+03	2.165684630137001687e-01	1.410297229363839944e-01	2.766397564268294751e-01	1.662343115032299257e-01	7.914342240723742927e-02	3.425932536687281704e-02	8.612499834548545397e-02
1.461006604523895703e+03	2.163203736036281299e-01	1.408672580810754471e-01	2.768015174441076365e-01	1.663368249727438242e-01	7.918715136661223786e-02	3.429211409576891911e-02	8.619476043580309721e-02
1.463425489630723177e+03	2.160730055924658388e-01	1.407052305848371376e-01	2.769627749011352447e-01	1.664390657437942733e-01	7.923076538213499886e-02	3.432482434522608761e-02	8.626433345014578036e-02
1.465844374737550879e+03	2.158263569039035601e-01	1.405436392348813068e-01	2.771235304088042195e-01	1.665410346290458476e-01	7.927426478350077521e-02	3.435745620469423528e-02	8.633371783490939588e-02
1.468263259844378354e+03	2.155804254676448317e-01	1.403824828218945830e-01	2.772837855721447253e-01	1.666427324379858022e-01	7.931764989923015263e-02	3.439000976473371302e-02	8.640291403610554644e-02
1.470682144951206283e+03	2.153352092193878409e-01	1.402217601400274627e-01	2.774435419903529820e-01	1.667441599769433624e-01	7.936092105667547081e-02	3.442248511699763647e-02	8.647192249935456432e-02
1.473101030058033530e+03	2.150907061008075771e-01	1.400614699868836799e-01	2.776028012568195202e-01	1.668453180491084598e-01	7.940407858202708224e-02	3.445488235421444861e-02	8.654074366987861422e-02
1.475519915164861459e+03	2.148469140595374305e-01	1.399016111635097426e-01	2.777615649591566593e-01	1.669462074545504937e-01	7.944712280031947238e-02	3.448720157017062804e-02	8.660937799249496249e-02
1.477938800271689161e+03	2.146038310491513723e-01	1.397421824743843854e-01	2.779198346792264296e-01	1.670468289902368175e-01	7.949005403543744908e-02	3.451944285969367476e-02	8.667782591160926031e-02
1.480357685378516862e+03	2.143614550291458032e-01	1.395831827274081616e-01	2.780776119931678281e-01	1.671471834500512788e-01	7.953287261012217946e-02	3.455160631863524873e-02	8.674608787120888231e-02
1.482776570485344337e+03	2.141197839649217893e-01	1.394246107338929508e-01	2.782348984714241302e-01	1.672472716248123714e-01	7.957557884597726838e-02	3.458369204385453727e-02	8.681416431485636243e-02
