1.001418434226643626e+03	2.792207142225984207e-01	1.811056788998503531e-01	2.347493680261091564e-01	1.407714314733086725e-01	6.835829010417182605e-02	2.668268825369621983e-02	6.911182902000199968e-02
1.003837319333471214e+03	2.787919678936170431e-01	1.808328721577292797e-01	2.350426033705871887e-01	1.409451389265648502e-01	6.843147543067915062e-02	2.672924358325931560e-02	6.922669863729988271e-02
1.006256204440298802e+03	2.783644641487897364e-01	1.805608149534069784e-01	2.353348748387013023e-01	1.411183359998380571e-01	6.850445120753619055e-02	2.677576436046546354e-02	6.934129449099894760e-02
1.008675089547126618e+03	2.779381993625335001e-01	1.802895051449550090e-01	2.356261861479154174e-01	1.412910246718367124e-01	6.857721820360515586e-02	2.682224964092957964e-02	6.945561682796122516e-02
1.011093974653954206e+03	2.775131699204445579e-01	1.800189405970677725e-01	2.359165409961205273e-01	1.414632069092978950e-01	6.864977718338027834e-02	2.686869849449648184e-02	6.956966589892907282e-02
1.013512859760782021e+03	2.770893722192569464e-01	1.797491191810378641e-01	2.362059430617714506e-01	1.416348846670878181e-01	6.872212890702471266e-02	2.691511000506759815e-02	6.968344195849016098e-02
1.015931744867609382e+03	2.766668026668018254e-01	1.794800387747315096e-01	2.364943960040224724e-01	1.418060598883018053e-01	6.879427413040703487e-02	2.696148327042980491e-02	6.979694526504211238e-02
1.018350629974437197e+03	2.762454576819665664e-01	1.792116972625640847e-01	2.367819034628620978e-01	1.419767345043630169e-01	6.886621360513739409e-02	2.700781740208631557e-02	6.991017608075705825e-02
1.020769515081264785e+03	2.758253336946542289e-01	1.789440925354758849e-01	2.370684690592469723e-01	1.421469104351207047e-01	6.893794807860302576e-02	2.705411152508967534e-02	7.002313467154606952e-02
1.023188400188092373e+03	2.754064271457432045e-01	1.786772224909078111e-01	2.373540963952346095e-01	1.423165895889473564e-01	6.900947829400351508e-02	2.710036477787676826e-02	7.013582130702333828e-02
1.025607285294920075e+03	2.749887344870470818e-01	1.784110850327775000e-01	2.376387890541152847e-01	1.424857738628351467e-01	6.908080499038553313e-02	2.714657631210583982e-02	7.024823626047030367e-02
1.028026170401747549e+03	2.745722521812747896e-01	1.781456780714550936e-01	2.379225506005430146e-01	1.426544651424914156e-01	6.915192890267726766e-02	2.719274529249549044e-02	7.036037980879965292e-02
1.030445055508575479e+03	2.741569767019907955e-01	1.778809995237397024e-01	2.382053845806655912e-01	1.428226653024335380e-01	6.922285076172232654e-02	2.723887089666563940e-02	7.047225223251918358e-02
1.032863940615402726e+03	2.737429045335756927e-01	1.776170473128354521e-01	2.384872945222536456e-01	1.429903762060825423e-01	6.929357129431344686e-02	2.728495231498041795e-02	7.058385381569563799e-02
1.035282825722230655e+03	2.733300321711867320e-01	1.773538193683280861e-01	2.387682839348286568e-01	1.431575997058563143e-01	6.936409122322566290e-02	2.733098875039295314e-02	7.069518484591841290e-02
1.037701710829058356e+03	2.729183561207189634e-01	1.770913136261614285e-01	2.390483563097902941e-01	1.433243376432616623e-01	6.943441126724922419e-02	2.737697941829204951e-02	7.080624561426317187e-02
1.040120595935886058e+03	2.725078728987661569e-01	1.768295280286139026e-01	2.393275151205426776e-01	1.434905918489857157e-01	6.950453214122213896e-02	2.742292354635071996e-02	7.091703641525552715e-02
1.042539481042713533e+03	2.720985790325820552e-01	1.765684605242754945e-01	2.396057638226194997e-01	1.436563641429863258e-01	6.957445455606232898e-02	2.746882037437654162e-02	7.102755754683452716e-02
1.044958366149541234e+03	2.716904710600420714e-01	1.763081090680245766e-01	2.398831058538087591e-01	1.438216563345818544e-01	6.964417921879950679e-02	2.751466915416383996e-02	7.113780931031621346e-02
1.047377251256368709e+03	2.712835455296047082e-01	1.760484716210048151e-01	2.401595446342759954e-01	1.439864702225398529e-01	6.971370683260666445e-02	2.756046914934763559e-02	7.124779201035716381e-02
1.049796136363196410e+03	2.708777990002735891e-01	1.757895461506023271e-01	2.404350835666869690e-01	1.441508075951652978e-01	6.978303809683134018e-02	2.760621963525936376e-02	7.135750595491789638e-02
1.052215021470024112e+03	2.704732280415595991e-01	1.755313306304230325e-01	2.407097260363294244e-01	1.443146702303875761e-01	6.985217370702641315e-02	2.765191989878433912e-02	7.146695145522646841e-02
1.054633906576851814e+03	2.700698292334429707e-01	1.752738230402697550e-01	2.409834754112336053e-01	1.444780598958469997e-01	6.992111435498071792e-02	2.769756923822092043e-02	7.157612882574190816e-02
1.057052791683679516e+03	2.696675991663358141e-01	1.750170213661198237e-01	2.412563350422924080e-01	1.446409783489803480e-01	6.998986072874929798e-02	2.774316696314138922e-02	7.168503838411779960e-02
1.059471676790506763e+03	2.692665344410448691e-01	1.747609236001026467e-01	2.415283082633800371e-01	1.448034273371056613e-01	7.005841351268336792e-02	2.778871239425448336e-02	7.179368045116577002e-02
1.061890561897334692e+03	2.688666316687342017e-01	1.745055277404773120e-01	2.417993983914704104e-01	1.449654085975062290e-01	7.012677338745997024e-02	2.783420486326960985e-02	7.190205535081910238e-02
1.064309447004162394e+03	2.684678874708882335e-01	1.742508317916104388e-01	2.420696087267540098e-01	1.451269238575137732e-01	7.019494103011134079e-02	2.787964371276264661e-02	7.201016341009641719e-02
1.066728332110990095e+03	2.680702984792749377e-01	1.739968337639540008e-01	2.423389425527543717e-01	1.452879748345908828e-01	7.026291711405398266e-02	2.792502829604340264e-02	7.211800495906527109e-02
1.069147217217817570e+03	2.676738613359092023e-01	1.737435316740233993e-01	2.426074031364434669e-01	1.454485632364126424e-01	7.033070230911746268e-02	2.797035797702462565e-02	7.222558033080596351e-02
1.071566102324645271e+03	2.672785726930166361e-01	1.734909235443755082e-01	2.428749937283561644e-01	1.456086907609475678e-01	7.039829728157297184e-02	2.801563213009261241e-02	7.233288986137532961e-02
1.073984987431472746e+03	2.668844292129968765e-01	1.732390074035869421e-01	2.431417175627038907e-01	1.457683590965375697e-01	7.046570269416151111e-02	2.806085013997933544e-02	7.243993388977064407e-02
1.076403872538300675e+03	2.664914275683878397e-01	1.729877812862323505e-01	2.434075778574875948e-01	1.459275699219773903e-01	7.053291920612185517e-02	2.810601140163613079e-02	7.254671275789358054e-02
1.078822757645127922e+03	2.660995644418297501e-01	1.727372432328628804e-01	2.436725778146094368e-01	1.460863249065932623e-01	7.059994747321828024e-02	2.815111532010887083e-02	7.265322681051426812e-02
1.081241642751955851e+03	2.657088365260293350e-01	1.724873912899846651e-01	2.439367206199840599e-01	1.462446257103205971e-01	7.066678814776795881e-02	2.819616131041465662e-02	7.275947639523550059e-02
1.083660527858783553e+03	2.653192405237244644e-01	1.722382235100374803e-01	2.442000094436486135e-01	1.464024739837812283e-01	7.073344187866813237e-02	2.824114879741994322e-02	7.286546186245691781e-02
1.086079412965611255e+03	2.649307731476484573e-01	1.719897379513735391e-01	2.444624474398723046e-01	1.465598713683597676e-01	7.079990931142306210e-02	2.828607721572016717e-02	7.297118356533945083e-02
1.088498298072438729e+03	2.645434311204952760e-01	1.717419326782363420e-01	2.447240377472647832e-01	1.467168194962792660e-01	7.086619108817057699e-02	2.833094600952076533e-02	7.307664185976976701e-02
1.090917183179266431e+03	2.641572111748841101e-01	1.714948057607395271e-01	2.449847834888840004e-01	1.468733199906760711e-01	7.093228784770858053e-02	2.837575463251962998e-02	7.318183710432488165e-02
1.093336068286093905e+03	2.637721100533247931e-01	1.712483552748459981e-01	2.452446877723428453e-01	1.470293744656741286e-01	7.099820022552112697e-02	2.842050254779097951e-02	7.328676966023690842e-02
1.095754953392921607e+03	2.633881245081830524e-01	1.710025793023471075e-01	2.455037536899153106e-01	1.471849845264584788e-01	7.106392885380431734e-02	2.846518922767057869e-02	7.339143989135792079e-02
1.098173838499749309e+03	2.630052513016459259e-01	1.707574759308418400e-01	2.457619843186416853e-01	1.473401517693481155e-01	7.112947436149195946e-02	2.850981415364235369e-02	7.349584816412491062e-02
1.100592723606577010e+03	2.626234872056874003e-01	1.705130432537162732e-01	2.460193827204328332e-01	1.474948777818679835e-01	7.119483737428097814e-02	2.855437681622632895e-02	7.359999484752501042e-02
1.103011608713404712e+03	2.622428290020343833e-01	1.702692793701229002e-01	2.462759519421739152e-01	1.476491641428205326e-01	7.126001851465652015e-02	2.859887671486791710e-02	7.370388031306068788e-02
1.105430493820231959e+03	2.618632734821323971e-01	1.700261823849602838e-01	2.465316950158269182e-01	1.478030124223564390e-01	7.132501840191700360e-02	2.864331335782852039e-02	7.380750493471525953e-02
1.107849378927059888e+03	2.614848174471120501e-01	1.697837504088526572e-01	2.467866149585329072e-01	1.479564241820446879e-01	7.138983765219869548e-02	2.868768626207740188e-02	7.391086908891844609e-02
1.110268264033887590e+03	2.611074577077551195e-01	1.695419815581297451e-01	2.470407147727128605e-01	1.481094009749419904e-01	7.145447687850019214e-02	2.873199495318488200e-02	7.401397315451209435e-02
1.112687149140715292e+03	2.607311910844609115e-01	1.693008739548065578e-01	2.472939974461682844e-01	1.482619443456614783e-01	7.151893669070666371e-02	2.877623896521678062e-02	7.411681751271619045e-02
1.115106034247542766e+03	2.603560144072132876e-01	1.690604257265632959e-01	2.475464659521806332e-01	1.484140558304408719e-01	7.158321769561384884e-02	2.882041784063008386e-02	7.421940254709485929e-02
1.117524919354370468e+03	2.599819245155470804e-01	1.688206350067254780e-01	2.477981232496100639e-01	1.485657369572099540e-01	7.164732049695185512e-02	2.886453113016989799e-02	7.432172864352259989e-02
1.119943804461197942e+03	2.596089182585151200e-01	1.685814999342440113e-01	2.480489722829935517e-01	1.487169892456571829e-01	7.171124569540862637e-02	2.890857839276758309e-02	7.442379619015079828e-02
1.122362689568025871e+03	2.592369924946554272e-01	1.683430186536755135e-01	2.482990159826420906e-01	1.488678142072961119e-01	7.177499388865335450e-02	2.895255919544010431e-02	7.452560557737422653e-02
1.124781574674853118e+03	2.588661440919584611e-01	1.681051893151625232e-01	2.485482572647371435e-01	1.490182133455307811e-01	7.183856567135954441e-02	2.899647311319056286e-02	7.462715719779791645e-02
1.127200459781681047e+03	2.584963699278342020e-01	1.678680100744139037e-01	2.487966990314262883e-01	1.491681881557205824e-01	7.190196163522791228e-02	2.904031972890992741e-02	7.472845144620406110e-02
1.129619344888508749e+03	2.581276668890803427e-01	1.676314790926855258e-01	2.490443441709181416e-01	1.493177401252446801e-01	7.196518236900906196e-02	2.908409863327989300e-02	7.482948871951919378e-02
1.132038229995336451e+03	2.577600318718494821e-01	1.673955945367607279e-01	2.492911955575766725e-01	1.494668707335656266e-01	7.202822845852591138e-02	2.912780942467691966e-02	7.493026941678150588e-02
1.134457115102163925e+03	2.573934617816170944e-01	1.671603545789309975e-01	2.495372560520145444e-01	1.496155814522923955e-01	7.209110048669604975e-02	2.917145170907737076e-02	7.503079393910841444e-02
1.136876000208991627e+03	2.570279535331496668e-01	1.669257573969768482e-01	2.497825285011857910e-01	1.497638737452428592e-01	7.215379903355365054e-02	2.921502509996377547e-02	7.513106268966425472e-02
1.139294885315819101e+03	2.566635040504727794e-01	1.666918011741486128e-01	2.500270157384777980e-01	1.499117490685057397e-01	7.221632467627142615e-02	2.925852921823223624e-02	7.523107607362825022e-02
1.141713770422646803e+03	2.563001102668394093e-01	1.664584840991474579e-01	2.502707205838025084e-01	1.500592088705018368e-01	7.227867798918213849e-02	2.930196369210086652e-02	7.533083449816255217e-02
1.144132655529474505e+03	2.559377691246985109e-01	1.662258043661064555e-01	2.505136458436869606e-01	1.502062545920447301e-01	7.234085954380015115e-02	2.934532815701933542e-02	7.543033837238061201e-02
1.146551540636302207e+03	2.555764775756634855e-01	1.659937601745716529e-01	2.507557943113629673e-01	1.503528876664008140e-01	7.240286990884260698e-02	2.938862225557949820e-02	7.552958810731570660e-02
1.148970425743129908e+03	2.552162325804809839e-01	1.657623497294832826e-01	2.509971687668562934e-01	1.504991095193490280e-01	7.246470965025041122e-02	2.943184563742702597e-02	7.562858411588968544e-02
1.151389310849957155e+03	2.548570311089997653e-01	1.655315712411572493e-01	2.512377719770748641e-01	1.506449215692396981e-01	7.252637933120918701e-02	2.947499795917413179e-02	7.572732681288180112e-02
1.153808195956785084e+03	2.544988701401398323e-01	1.653014229252663947e-01	2.514776066958964162e-01	1.507903252270530181e-01	7.258787951216978673e-02	2.951807888431327159e-02	7.582581661489798397e-02
1.156227081063612786e+03	2.541417466618615673e-01	1.650719030028220125e-01	2.517166756642555958e-01	1.509353218964568366e-01	7.264921075086881730e-02	2.956108808313189645e-02	7.592405394034008881e-02
1.158645966170440488e+03	2.537856576711349232e-01	1.648430097001553907e-01	2.519549816102298889e-01	1.510799129738640834e-01	7.271037360234887392e-02	2.960402523262818317e-02	7.602203920937554427e-02
1.161064851277267962e+03	2.534306001739092262e-01	1.646147412488995765e-01	2.521925272491252756e-01	1.512240998484894183e-01	7.277136861897863518e-02	2.964689001642775712e-02	7.611977284390705756e-02
1.163483736384095664e+03	2.530765711850823663e-01	1.643870958859710296e-01	2.524293152835612730e-01	1.513678839024056033e-01	7.283219635047270824e-02	2.968968212470140741e-02	7.621725526754259683e-02
1.165902621490923138e+03	2.527235677284708215e-01	1.641600718535514980e-01	2.526653484035549235e-01	1.515112665105989853e-01	7.289285734391133531e-02	2.973240125408375262e-02	7.631448690556563719e-02
1.168321506597751068e+03	2.523715868367795157e-01	1.639336673990699766e-01	2.529006292866042838e-01	1.516542490410248967e-01	7.295335214375993360e-02	2.977504710759285370e-02	7.641146818490555936e-02
1.170740391704578315e+03	2.520206255515716753e-01	1.637078807751845277e-01	2.531351605977712471e-01	1.517968328546621115e-01	7.301368129188838541e-02	2.981761939455078794e-02	7.650819953410828433e-02
1.173159276811406244e+03	2.516706809232392983e-01	1.634827102397646004e-01	2.533689449897637003e-01	1.519390193055670246e-01	7.307384532759024498e-02	2.986011783050513541e-02	7.660468138330710219e-02
1.175578161918233945e+03	2.513217500109729552e-01	1.632581540558730171e-01	2.536019851030170691e-01	1.520808097409272752e-01	7.313384478760165397e-02	2.990254213715140552e-02	7.670091416419376473e-02
1.177997047025061647e+03	2.509738298827327019e-01	1.630342104917483215e-01	2.538342835657750318e-01	1.522222055011148156e-01	7.319368020612017356e-02	2.994489204225634499e-02	7.679689830998974454e-02
1.180415932131889122e+03	2.506269176152183253e-01	1.628108778207869589e-01	2.540658429941698992e-01	1.523632079197385636e-01	7.325335211482338071e-02	2.998716727958216505e-02	7.689263425541778552e-02
1.182834817238716823e+03	2.502810102938403114e-01	1.625881543215259017e-01	2.542966659923018846e-01	1.525038183236963885e-01	7.331286104288736727e-02	3.002936758881163959e-02	7.698812243667357835e-02
1.185253702345544298e+03	2.499361050126903128e-01	1.623660382776249689e-01	2.545267551523180960e-01	1.526440380332268199e-01	7.337220751700496146e-02	3.007149271547409145e-02	7.708336329139775511e-02
1.187672587452371999e+03	2.495921988745123665e-01	1.621445279778494508e-01	2.547561130544910291e-01	1.527838683619600624e-01	7.343139206140386621e-02	3.011354241087223910e-02	7.717835725864802265e-02
1.190091472559199701e+03	2.492492889906738340e-01	1.619236217160526792e-01	2.549847422672957276e-01	1.529233106169687328e-01	7.349041519786463084e-02	3.015551643200989687e-02	7.727310477887155971e-02
1.192510357666027403e+03	2.489073724811367572e-01	1.617033177911589015e-01	2.552126453474871104e-01	1.530623660988178203e-01	7.354927744573835913e-02	3.019741454152051474e-02	7.736760629387762211e-02
1.194929242772855105e+03	2.485664464744290481e-01	1.614836145071459339e-01	2.554398248401761884e-01	1.532010361016145350e-01	7.360797932196436189e-02	3.023923650759657161e-02	7.746186224681041177e-02
1.197348127879682352e+03	2.482265081076160118e-01	1.612645101730280917e-01	2.556662832789060036e-01	1.533393219130574914e-01	7.366652134108760130e-02	3.028098210391975617e-02	7.755587308212209818e-02
1.199767012986510281e+03	2.478875545262720081e-01	1.610460031028391470e-01	2.558920231857264582e-01	1.534772248144853635e-01	7.372490401527598269e-02	3.032265110959201163e-02	7.764963924554608987e-02
1.202185898093337983e+03	2.475495828844520019e-01	1.608280916156153706e-01	2.561170470712690883e-01	1.536147460809251797e-01	7.378312785433746579e-02	3.036424330906734720e-02	7.774316118407055554e-02
1.204604783200165684e+03	2.472125903446636686e-01	1.606107740353786284e-01	2.563413574348209489e-01	1.537518869811401734e-01	7.384119336573705117e-02	3.040575849208445799e-02	7.783643934591212565e-02
1.207023668306993159e+03	2.468765740778390561e-01	1.603940486911195618e-01	2.565649567643978335e-01	1.538886487776771339e-01	7.389910105461355849e-02	3.044719645360012203e-02	7.792947418048984387e-02
1.209442553413820860e+03	2.465415312633068567e-01	1.601779139167807953e-01	2.567878475368170488e-01	1.540250327269132857e-01	7.395685142379633537e-02	3.048855699372339523e-02	7.802226613839935432e-02
1.211861438520648335e+03	2.462074590887645964e-01	1.599623680512403667e-01	2.570100322177697461e-01	1.541610400791028901e-01	7.401444497382170251e-02	3.052983991765055929e-02	7.811481567138726934e-02
1.214280323627476264e+03	2.458743547502509341e-01	1.597474094382951293e-01	2.572315132618920863e-01	1.542966720784230694e-01	7.407188220294934344e-02	3.057104503560081205e-02	7.820712323232574537e-02
1.216699208734303511e+03	2.455422154521182121e-01	1.595330364266440981e-01	2.574522931128365166e-01	1.544319299630196596e-01	7.412916360717849984e-02	3.061217216275273142e-02	7.829918927518739191e-02
1.219118093841131440e+03	2.452110384070048665e-01	1.593192473698721023e-01	2.576723742033421582e-01	1.545668149650521739e-01	7.418628968026402815e-02	3.065322111918148545e-02	7.839101425502027765e-02
1.221536978947959142e+03	2.448808208358082550e-01	1.591060406264334648e-01	2.578917589553045286e-01	1.547013283107386838e-01	7.424326091373227576e-02	3.069419172979673260e-02	7.848259862792317243e-02
1.223955864054786844e+03	2.445515599676574003e-01	1.588934145596355429e-01	2.581104497798449304e-01	1.548354712204000339e-01	7.430007779689686009e-02	3.073508382428128544e-02	7.857394285102108078e-02
1.226374749161614318e+03	2.442232530398859847e-01	1.586813675376226584e-01	2.583284490773788966e-01	1.549692449085038892e-01	7.435674081687428105e-02	3.077589723703047855e-02	7.866504738244096961e-02
1.228793634268442020e+03	2.438958972980053153e-01	1.584698979333598323e-01	2.585457592376846914e-01	1.551026505837080904e-01	7.441325045859938092e-02	3.081663180709222349e-02	7.875591268128767641e-02
1.231212519375269494e+03	2.435694899956775406e-01	1.582590041246167145e-01	2.587623826399706450e-01	1.552356894489038130e-01	7.446960720484066543e-02	3.085728737810778527e-02	7.884653920762003942e-02
1.233631404482097196e+03	2.432440283946889215e-01	1.580486844939516244e-01	2.589783216529423227e-01	1.553683627012583390e-01	7.452581153621549992e-02	3.089786379825323545e-02	7.893692742242730542e-02
1.236050289588924898e+03	2.429195097649231860e-01	1.578389374286955082e-01	2.591935786348689708e-01	1.555006715322570787e-01	7.458186393120519453e-02	3.093836092018158526e-02	7.902707778760570401e-02
1.238469174695752372e+03	2.425959313843351339e-01	1.576297613209361737e-01	2.594081559336494647e-01	1.556326171277457593e-01	7.463776486616982564e-02	3.097877860096560215e-02	7.911699076593523006e-02
1.240888059802580301e+03	2.422732905389241298e-01	1.574211545675023860e-01	2.596220558868779227e-01	1.557642006679716973e-01	7.469351481536311288e-02	3.101911670204127516e-02	7.920666682105671763e-02
1.243306944909407548e+03	2.419515845227079576e-01	1.572131155699481586e-01	2.598352808219081544e-01	1.558954233276250434e-01	7.474911425094699080e-02	3.105937508915195336e-02	7.929610641744902488e-02
1.245725830016235477e+03	2.416308106376965359e-01	1.570056427345370709e-01	2.600478330559186091e-01	1.560262862758793889e-01	7.480456364300608341e-02	3.109955363229311570e-02	7.938531002040649653e-02
1.248144715123063179e+03	2.413109661938659944e-01	1.567987344722266974e-01	2.602597148959758799e-01	1.561567906764321778e-01	7.485986345956215093e-02	3.113965220565780359e-02	7.947427809601667614e-02
1.250563600229890881e+03	2.409920485091326670e-01	1.565923891986530092e-01	2.604709286390980427e-01	1.562869376875445915e-01	7.491501416658831458e-02	3.117967068758267443e-02	7.956301111113810165e-02
1.252982485336718355e+03	2.406740549093273340e-01	1.563866053341149975e-01	2.606814765723175498e-01	1.564167284620812670e-01	7.497001622802314247e-02	3.121960896049467971e-02	7.965150953337848949e-02
1.255401370443546057e+03	2.403569827281693827e-01	1.561813813035591303e-01	2.608913609727435690e-01	1.565461641475493493e-01	7.502487010578463844e-02	3.125946691085836754e-02	7.973977383107297423e-02
1.257820255550373531e+03	2.400408293072413546e-01	1.559767155365641700e-01	2.611005841076238232e-01	1.566752458861374875e-01	7.507957625978409211e-02	3.129924442912381671e-02	7.982780447326262574e-02
1.260239140657201460e+03	2.397255919959633552e-01	1.557726064673257971e-01	2.613091482344058192e-01	1.568039748147542489e-01	7.513413514793981784e-02	3.133894140967512232e-02	7.991560192967324394e-02
1.262658025764028707e+03	2.394112681515676855e-01	1.555690525346414277e-01	2.615170556007975766e-01	1.569323520650661996e-01	7.518854722619078279e-02	3.137855775077953019e-02	8.000316667069420906e-02
1.265076910870856636e+03	2.390978551390735007e-01	1.553660521818951423e-01	2.617243084448280799e-01	1.570603787635357906e-01	7.524281294851001278e-02	3.141809335453715768e-02	8.009049916735766494e-02
1.267495795977684338e+03	2.387853503312617753e-01	1.551636038570424758e-01	2.619309089949071745e-01	1.571880560314586894e-01	7.529693276691806769e-02	3.145754812683126261e-02	8.017759989131789666e-02
1.269914681084511813e+03	2.384737511086500450e-01	1.549617060125954571e-01	2.621368594698848531e-01	1.573153849850009167e-01	7.535090713149615593e-02	3.149692197727913673e-02	8.026446931483084690e-02
1.272333566191339514e+03	2.381630548594675378e-01	1.547603571056077321e-01	2.623421620791099862e-01	1.574423667352354839e-01	7.540473649039931836e-02	3.153621481918351954e-02	8.035110791073386827e-02
1.274752451298167216e+03	2.378532589796303331e-01	1.545595555976596036e-01	2.625468190224888865e-01	1.575690023881788915e-01	7.545842128986941788e-02	3.157542656948460202e-02	8.043751615242572539e-02
1.277171336404994690e+03	2.375443608727165479e-01	1.543592999548432099e-01	2.627508324905432069e-01	1.576952930448271006e-01	7.551196197424801804e-02	3.161455714871261313e-02	8.052369451384676358e-02
1.279590221511822392e+03	2.372363579499416897e-01	1.541595886477478139e-01	2.629542046644673392e-01	1.578212398011913098e-01	7.556535898598913670e-02	3.165360648094091289e-02	8.060964346945927173e-02
1.282009106618650094e+03	2.369292476301340655e-01	1.539604201514450654e-01	2.631569377161854795e-01	1.579468437483332877e-01	7.561861276567191648e-02	3.169257449373964058e-02	8.069536349422805344e-02
1.284427991725477568e+03	2.366230273397103845e-01	1.537617929454743460e-01	2.633590338084081384e-01	1.580721059724004007e-01	7.567172375201314249e-02	3.173146111812993192e-02	8.078085506360120627e-02
1.286846876832305497e+03	2.363176945126513884e-01	1.535637055138282248e-01	2.635604950946880964e-01	1.581970275546603910e-01	7.572469238187966301e-02	3.177026628853862195e-02	8.086611865349112305e-02
1.289265761939132744e+03	2.360132465904775101e-01	1.533661563449379983e-01	2.637613237194763594e-01	1.583216095715358485e-01	7.577751909030069899e-02	3.180898994275348224e-02	8.095115474025560420e-02
1.291684647045960673e+03	2.357096810222248096e-01	1.531691439316590353e-01	2.639615218181770029e-01	1.584458530946381838e-01	7.583020431048008436e-02	3.184763202187903403e-02	8.103596380067927540e-02
1.294103532152788375e+03	2.354069952644209096e-01	1.529726667712567045e-01	2.641610915172021290e-01	1.585697591908014348e-01	7.588274847380828414e-02	3.188619247029279152e-02	8.112054631195514398e-02
1.296522417259616077e+03	2.351051867810609874e-01	1.527767233653917756e-01	2.643600349340259892e-01	1.586933289221157672e-01	7.593515200987444036e-02	3.192467123560206732e-02	8.120490275166636351e-02
1.298941302366443551e+03	2.348042530435839048e-01	1.525813122201062633e-01	2.645583541772389413e-01	1.588165633459606707e-01	7.598741534647818208e-02	3.196306826860126349e-02	8.128903359776813720e-02
1.301360187473271253e+03	2.345041915308485048e-01	1.523864318458091893e-01	2.647560513466010179e-01	1.589394635150376267e-01	7.603953890964146312e-02	3.200138352322964841e-02	8.137293932856992651e-02
1.303779072580098727e+03	2.342049997291098806e-01	1.521920807572623435e-01	2.649531285330945507e-01	1.590620304774029437e-01	7.609152312362016390e-02	3.203961695652964708e-02	8.145662042271778480e-02
1.306197957686926657e+03	2.339066751319958948e-01	1.519982574735664060e-01	2.651495878189771838e-01	1.591842652764997035e-01	7.614336841091569330e-02	3.207776852860560329e-02	8.154007735917684352e-02
1.308616842793753904e+03	2.336092152404835309e-01	1.518049605181466810e-01	2.653454312778337765e-01	1.593061689511899581e-01	7.619507519228638226e-02	3.211583820258299971e-02	8.162331061721404823e-02
1.311035727900581833e+03	2.333126175628756627e-01	1.516121884187392466e-01	2.655406609746281399e-01	1.594277425357861766e-01	7.624664388675891913e-02	3.215382594456819149e-02	8.170632067638108897e-02
1.313454613007409534e+03	2.330168796147776833e-01	1.514199397073769382e-01	2.657352789657543846e-01	1.595489870600828586e-01	7.629807491163953515e-02	3.219173172360857010e-02	8.178910801649744156e-02
1.315873498114237009e+03	2.327219989190743854e-01	1.512282129203756376e-01	2.659292872990879908e-01	1.596699035493873153e-01	7.634936868252517606e-02	3.222955551165321980e-02	8.187167311763367261e-02
1.318292383221064711e+03	2.324279730059067295e-01	1.510370065983203391e-01	2.661226880140361573e-01	1.597904930245507560e-01	7.640052561331454883e-02	3.226729728351399734e-02	8.195401646009486951e-02
1.320711268327892412e+03	2.321347994126490011e-01	1.508463192860513558e-01	2.663154831415879276e-01	1.599107565019986521e-01	7.645154611621908514e-02	3.230495701682711135e-02	8.203613852440436172e-02
1.323130153434719887e+03	2.318424756838856904e-01	1.506561495326507460e-01	2.665076747043637617e-01	1.600306949937609080e-01	7.650243060177376597e-02	3.234253469201509718e-02	8.211803979128745601e-02
1.325549038541547588e+03	2.315509993713888715e-01	1.504664958914286310e-01	2.666992647166652741e-01	1.601503095075020033e-01	7.655317947884794638e-02	3.238003029224925666e-02	8.219972074165544929e-02
1.327967923648375290e+03	2.312603680340953038e-01	1.502773569199095660e-01	2.668902551845237503e-01	1.602696010465505250e-01	7.660379315465593031e-02	3.241744380341254200e-02	8.228118185658989114e-02
1.330386808755202765e+03	2.309705792380838674e-01	1.500887311798190793e-01	2.670806481057486081e-01	1.603885706099286712e-01	7.665427203476758711e-02	3.245477521406284205e-02	8.236242361732684647e-02
1.332805693862030694e+03	2.306816305565529968e-01	1.499006172370701828e-01	2.672704454699759702e-01	1.605072191923813396e-01	7.670461652311882927e-02	3.249202451539674741e-02	8.244344650524149110e-02
1.335224578968857941e+03	2.303935195697981997e-01	1.497130136617498830e-01	2.674596492587160701e-01	1.606255477844049651e-01	7.675482702202200691e-02	3.252919170121369025e-02	8.252425100183280460e-02
1.337643464075685870e+03	2.301062438651896025e-01	1.495259190281058859e-01	2.676482614454007702e-01	1.607435573722762745e-01	7.680490393217614953e-02	3.256627676788047959e-02	8.260483758870845739e-02
1.340062349182513572e+03	2.298198010371498290e-01	1.493393319145332743e-01	2.678362839954304686e-01	1.608612489380806254e-01	7.685484765267722174e-02	3.260327971429631544e-02	8.268520674756987821e-02
1.342481234289341273e+03	2.295341886871316850e-01	1.491532509035612408e-01	2.680237188662208947e-01	1.609786234597399002e-01	7.690465858102821239e-02	3.264020054185818448e-02	8.276535896019751593e-02
1.344900119396168748e+03	2.292494044235960093e-01	1.489676745818399040e-01	2.682105680072492393e-01	1.610956819110406502e-01	7.695433711314912661e-02	3.267703925442663054e-02	8.284529470843615684e-02
1.347319004502996449e+03	2.289654458619897470e-01	1.487826015401270963e-01	2.683968333601000067e-01	1.612124252616614350e-01	7.700388364338693614e-02	3.271379585829194830e-02	8.292501447418056115e-02
1.349737889609823924e+03	2.286823106247238835e-01	1.485980303732753194e-01	2.685825168585107559e-01	1.613288544772003286e-01	7.705329856452544646e-02	3.275047036214075169e-02	8.300451873936121050e-02
1.352156774716651853e+03	2.283999963411517398e-01	1.484139596802187266e-01	2.687676204284171200e-01	1.614449705192019524e-01	7.710258226779505286e-02	3.278706277702296557e-02	8.308380798593018035e-02
1.354575659823479100e+03	2.281185006475471011e-01	1.482303880639600502e-01	2.689521459879975485e-01	1.615607743451843159e-01	7.715173514288239942e-02	3.282357311631917129e-02	8.316288269584719284e-02
1.356994544930307029e+03	2.278378211870824288e-01	1.480473141315576668e-01	2.691360954477179934e-01	1.616762669086654891e-01	7.720075757793996851e-02	3.286000139570832007e-02	8.324174335106589162e-02
1.359413430037134731e+03	2.275579556098075162e-01	1.478647364941128028e-01	2.693194707103758190e-01	1.617914491591898873e-01	7.724964995959558711e-02	3.289634763313586258e-02	8.332039043352025554e-02
1.361832315143962205e+03	2.272789015726277284e-01	1.476826537667565997e-01	2.695022736711438216e-01	1.619063220423544169e-01	7.729841267296186369e-02	3.293261184878223252e-02	8.339882442511108163e-02
1.364251200250789907e+03	2.270006567392826857e-01	1.475010645686373745e-01	2.696845062176133068e-01	1.620208864998344545e-01	7.734704610164548633e-02	3.296879406503166327e-02	8.347704580769277349e-02
1.366670085357617609e+03	2.267232187803249199e-01	1.473199675229077688e-01	2.698661702298374987e-01	1.621351434694094373e-01	7.739555062775654859e-02	3.300489430644142075e-02	8.355505506306015739e-02
1.369088970464445310e+03	2.264465853730985023e-01	1.471393612567122589e-01	2.700472675803741174e-01	1.622490938849883158e-01	7.744392663191765336e-02	3.304091259971136951e-02	8.363285267293561753e-02
1.371507855571272785e+03	2.261707542017179218e-01	1.469592444011743604e-01	2.702278001343277891e-01	1.623627386766346992e-01	7.749217449327308604e-02	3.307684897365387872e-02	8.371043911895616196e-02
1.373926740678100487e+03	2.258957229570469627e-01	1.467796155913840828e-01	2.704077697493921240e-01	1.624760787705919474e-01	7.754029458949779352e-02	3.311270345916410979e-02	8.378781488266087707e-02
1.376345625784927961e+03	2.256214893366777496e-01	1.466004734663853837e-01	2.705871782758916821e-01	1.625891150893078452e-01	7.758828729680630754e-02	3.314847608919060939e-02	8.386498044547836817e-02
1.378764510891755890e+03	2.253480510449096530e-01	1.464218166691637346e-01	2.707660275568229413e-01	1.627018485514591661e-01	7.763615298996162650e-02	3.318416689870631181e-02	8.394193628871439439e-02
1.381183395998583137e+03	2.250754057927285556e-01	1.462436438466336586e-01	2.709443194278960965e-01	1.628142800719760142e-01	7.768389204228402789e-02	3.321977592467978413e-02	8.401868289353975339e-02
1.383602281105411066e+03	2.248035512977859529e-01	1.460659536496262123e-01	2.711220557175750279e-01	1.629264105620658598e-01	7.773150482565975572e-02	3.325530320604691559e-02	8.409522074097817990e-02
1.386021166212238768e+03	2.245324852843783581e-01	1.458887447328768572e-01	2.712992382471184349e-01	1.630382409292374657e-01	7.777899171054961092e-02	3.329074878368282198e-02	8.417155031189442471e-02
1.388440051319066470e+03	2.242622054834265966e-01	1.457120157550129691e-01	2.714758688306195267e-01	1.631497720773245064e-01	7.782635306599763880e-02	3.332611270037418028e-02	8.424767208698258347e-02
1.390858936425893944e+03	2.239927096324552391e-01	1.455357653785417094e-01	2.716519492750462117e-01	1.632610049065091329e-01	7.787358925963948353e-02	3.336139500079182002e-02	8.432358654675441156e-02
1.393277821532721646e+03	2.237239954755722571e-01	1.453599922698378399e-01	2.718274813802803447e-01	1.633719403133450931e-01	7.792070065771088128e-02	3.339659573146367549e-02	8.439929417152793045e-02
1.395696706639549120e+03	2.234560607634483997e-01	1.451846950991314000e-01	2.720024669391571948e-01	1.634825791907809078e-01	7.796768762505597306e-02	3.343171494074801547e-02	8.447479544141611729e-02
1.398115591746377049e+03	2.231889032532970718e-01	1.450098725404958266e-01	2.721769077375042478e-01	1.635929224281825745e-01	7.801455052513556199e-02	3.346675267880701299e-02	8.455009083631563616e-02
1.400534476853204296e+03	2.229225207088540717e-01	1.448355232718358254e-01	2.723508055541797312e-01	1.637029709113563547e-01	7.806128972003538447e-02	3.350170899758061344e-02	8.462518083589595785e-02
1.402953361960032225e+03	2.226569109003572744e-01	1.446616459748751582e-01	2.725241621611111942e-01	1.638127255225711454e-01	7.810790557047415927e-02	3.353658395076070109e-02	8.470006591958834097e-02
1.405372247066859927e+03	2.223920716045267032e-01	1.444882393351449579e-01	2.726969793233332551e-01	1.639221871405806552e-01	7.815439843581167834e-02	3.357137759376561253e-02	8.477474656657515983e-02
1.407791132173687402e+03	2.221280006045444344e-01	1.443153020419716548e-01	2.728692587990254603e-01	1.640313566406455259e-01	7.820076867405680032e-02	3.360608998371485134e-02	8.484922325577927416e-02
1.410210017280515103e+03	2.218646956900346967e-01	1.441428327884651528e-01	2.730410023395498653e-01	1.641402348945552037e-01	7.824701664187540262e-02	3.364072117940421908e-02	8.492349646585352352e-02
1.412628902387342805e+03	2.216021546570439149e-01	1.439708302715070054e-01	2.732122116894879493e-01	1.642488227706494774e-01	7.829314269459818065e-02	3.367527124128113364e-02	8.499756667517044395e-02
1.415047787494170507e+03	2.213403753080210867e-01	1.437992931917385364e-01	2.733828885866775860e-01	1.643571211338401561e-01	7.833914718622848883e-02	3.370974023142030845e-02	8.507143436181202611e-02
1.417466672600997981e+03	2.210793554517978265e-01	1.436282202535492103e-01	2.735530347622497360e-01	1.644651308456320793e-01	7.838503046945002883e-02	3.374412821349966063e-02	8.514510000355962616e-02
1.419885557707825683e+03	2.208190929035689642e-01	1.434576101650649471e-01	2.737226519406646408e-01	1.645728527641444616e-01	7.843079289563455181e-02	3.377843525277656606e-02	8.521856407788407084e-02
1.422304442814653157e+03	2.205595854848727833e-01	1.432874616381363542e-01	2.738917418397479042e-01	1.646802877441316537e-01	7.847643481484939398e-02	3.381266141606430187e-02	8.529182706193581820e-02
1.424723327921481086e+03	2.203008310235716749e-01	1.431177733883272352e-01	2.740603061707261867e-01	1.647874366370039034e-01	7.852195657586506783e-02	3.384680677170886359e-02	8.536488943253529860e-02
1.427142213028308333e+03	2.200428273538325985e-01	1.429485441349029606e-01	2.742283466382628432e-01	1.648943002908479227e-01	7.856735852616267279e-02	3.388087138956599048e-02	8.543775166616333905e-02
1.429561098135136262e+03	2.197855723161077357e-01	1.427797726008190049e-01	2.743958649404928396e-01	1.650008795504472603e-01	7.861264101194133380e-02	3.391485534097847532e-02	8.551041423895174021e-02
1.431979983241963964e+03	2.195290637571152004e-01	1.426114575127094275e-01	2.745628627690582246e-01	1.651071752573023688e-01	7.865780437812552872e-02	3.394875869875375179e-02	8.558287762667399212e-02
1.434398868348791666e+03	2.192732995298198873e-01	1.424435976008754379e-01	2.747293418091421580e-01	1.652131882496507553e-01	7.870284896837238808e-02	3.398258153714172475e-02	8.565514230473608714e-02
1.436817753455619140e+03	2.190182774934143484e-01	1.422761915992740989e-01	2.748953037395039378e-01	1.653189193624868547e-01	7.874777512507888377e-02	3.401632393181287795e-02	8.572720874816749936e-02
1.439236638562446842e+03	2.187639955132995861e-01	1.421092382455068359e-01	2.750607502325126963e-01	1.654243694275814858e-01	7.879258318938903161e-02	3.404998595983662474e-02	8.579907743161223344e-02
1.441655523669274316e+03	2.185104514610660964e-01	1.419427362808082238e-01	2.752256829541817051e-01	1.655295392735015858e-01	7.883727350120091348e-02	3.408356769965995015e-02	8.587074882931999831e-02
1.444074408776102018e+03	2.182576432144750778e-01	1.417766844500347734e-01	2.753901035642016826e-01	1.656344297256293896e-01	7.888184639917378282e-02	3.411706923108624029e-02	8.594222341513757524e-02
1.446493293882929493e+03	2.180055686574393359e-01	1.416110815016535518e-01	2.755540137159743774e-01	1.657390416061816363e-01	7.892630222073504509e-02	3.415049063525441020e-02	8.601350166250018581e-02
1.448912178989757422e+03	2.177542256800046871e-01	1.414459261877311358e-01	2.757174150566457094e-01	1.658433757342285542e-01	7.897064130208712729e-02	3.418383199461826061e-02	8.608458404442309586e-02
1.451331064096585123e+03	2.175036121783310294e-01	1.412812172639225372e-01	2.758803092271385204e-01	1.659474329257127345e-01	7.901486397821440300e-02	3.421709339292608454e-02	8.615547103349327496e-02
1.453749949203412370e+03	2.172537260546739679e-01	1.411169534894599065e-01	2.760426978621853822e-01	1.660512139934677278e-01	7.905897058288996471e-02	3.425027491520050982e-02	8.622616310186116684e-02
1.456168834310240300e+03	2.170045652173658579e-01	1.409531336271416524e-01	2.762045825903609586e-01	1.661547197472365844e-01	7.910296144868239621e-02	3.428337664771857057e-02	8.629666072123257092e-02
1.458587719417068001e+03	2.167561275807976529e-01	1.407897564433213677e-01	2.763659650341142582e-01	1.662579509936902289e-01	7.914683690696243390e-02	3.431639867799201465e-02	8.636696436286071810e-02
1.461006604523895703e+03	2.165084110654001137e-01	1.406268207078968380e-01	2.765268468098002752e-01	1.663609085364455842e-01	7.919059728790965591e-02	3.434934109474787473e-02	8.643707449753833261e-02
1.463425489630723177e+03	2.162614135976256846e-01	1.404643251942992166e-01	2.766872295277119087e-01	1.664635931760837517e-01	7.923424292051904627e-02	3.438220398790921978e-02	8.650699159558988827e-02
1.465844374737550879e+03	2.160151331099300076e-01	1.403022686794820062e-01	2.768471147921113262e-01	1.665660057101676916e-01	7.927777413260748973e-02	3.441498744857617725e-02	8.657671612686400342e-02
1.468263259844378354e+03	2.157695675407536595e-01	1.401406499439102338e-01	2.770065042012614387e-01	1.666681469332601251e-01	7.932119125082030819e-02	3.444769156900714946e-02	8.664624856072578041e-02
1.470682144951206283e+03	2.155247148345040553e-01	1.399794677715497093e-01	2.771653993474564315e-01	1.667700176369410481e-01	7.936449460063765837e-02	3.448031644260026590e-02	8.671558936604951973e-02
1.473101030058033530e+03	2.152805729415373237e-01	1.398187209498562844e-01	2.773238018170528507e-01	1.668716186098250509e-01	7.940768450638090170e-02	3.451286216387503686e-02	8.678473901121128153e-02
1.475519915164861459e+03	2.150371398181400440e-01	1.396584082697649720e-01	2.774817131904999679e-01	1.669729506375788597e-01	7.945076129121891872e-02	3.454532882845426367e-02	8.685369796408171084e-02
1.477938800271689161e+03	2.147944134265115101e-01	1.394985285256793994e-01	2.776391350423701443e-01	1.670740145029382118e-01	7.949372527717442349e-02	3.457771653304613640e-02	8.692246669201890430e-02
1.480357685378516862e+03	2.145523917347456344e-01	1.393390805154610668e-01	2.777960689413890294e-01	1.671748109857250086e-01	7.953657678513009754e-02	3.461002537542651192e-02	8.699104566186141585e-02
1.482776570485344337e+03	2.143110727168131002e-01	1.391800630404187722e-01	2.779525164504651480e-01	1.672753408628640526e-01	7.957931613483483491e-02	3.464225545442146947e-02	8.705943533992134553e-02
