1.001418434226643626e+03	2.792270080984802783e-01	1.810968973172033814e-01	2.347380152254121555e-01	1.407630438613421964e-01	6.835750335137405487e-02	2.667830460850137073e-02	6.913922753742127170e-02
1.002869765290740247e+03	2.789697183528775382e-01	1.809329903640876092e-01	2.349139153121151125e-01	1.408673267786709482e-01	6.840140517781298501e-02	2.670621577903152521e-02	6.920842823513898012e-02
1.004321096354836754e+03	2.787128761812818767e-01	1.807693539108121972e-01	2.350894679225453421e-01	1.409714264526595595e-01	6.844523138407145046e-02	2.673411485973298252e-02	6.927752928863123438e-02
1.005772427418933376e+03	2.784564807993201718e-01	1.806059874930111275e-01	2.352646738675300830e-01	1.410753433099668219e-01	6.848898214017565267e-02	2.676200164452671032e-02	6.934653074520402694e-02
1.007223758483029997e+03	2.782005314240782456e-01	1.804428906471828298e-01	2.354395339552348421e-01	1.411790777756701809e-01	6.853265761554344637e-02	2.678987592916719229e-02	6.941543265285794739e-02
1.008675089547126618e+03	2.779450272740971450e-01	1.802800629106880159e-01	2.356140489911758562e-01	1.412826302732741457e-01	6.857625797898760089e-02	2.681773751122949398e-02	6.948423506028242325e-02
1.010126420611223239e+03	2.776899675693703107e-01	1.801175038217479873e-01	2.357882197782325551e-01	1.413860012247184494e-01	6.861978339871901977e-02	2.684558619009642932e-02	6.955293801684990507e-02
1.011577751675319632e+03	2.774353515313401353e-01	1.799552129194425254e-01	2.359620471166596900e-01	1.414891910503865424e-01	6.866323404234993266e-02	2.687342176694578616e-02	6.962154157261007947e-02
1.013029082739416367e+03	2.771811783828945219e-01	1.797931897437079762e-01	2.361355318040997686e-01	1.415922001691135856e-01	6.870661007689707334e-02	2.690124404473768008e-02	6.969004577828417923e-02
1.014480413803512761e+03	2.769274473483637200e-01	1.796314338353352524e-01	2.363086746355950452e-01	1.416950289981946665e-01	6.874991166878482995e-02	2.692905282820194646e-02	6.975845068525930726e-02
1.015931744867609382e+03	2.766741576535173275e-01	1.794699447359680289e-01	2.364814764035997607e-01	1.417976779533929310e-01	6.879313898384835368e-02	2.695684792382566780e-02	6.982675634558271893e-02
1.017383075931706003e+03	2.764213085255607383e-01	1.793087219881006333e-01	2.366539378979920227e-01	1.419001474489476888e-01	6.883629218733673671e-02	2.698462913984073924e-02	6.989496281195627103e-02
1.018834406995802851e+03	2.761688991931320336e-01	1.791477651350762701e-01	2.368260599060859062e-01	1.420024378975822954e-01	6.887937144391598210e-02	2.701239628621155200e-02	6.996307013773077343e-02
1.020285738059899245e+03	2.759169288862988179e-01	1.789870737210850216e-01	2.369978432126433054e-01	1.421045497105123401e-01	6.892237691767216790e-02	2.704014917462275319e-02	7.003107837690045190e-02
1.021737069123995752e+03	2.756653968365548879e-01	1.788266472911619331e-01	2.371692885998857303e-01	1.422064832974533344e-01	6.896530877211443089e-02	2.706788761846707497e-02	7.009898758409745245e-02
1.023188400188092373e+03	2.754143022768171800e-01	1.786664853911851814e-01	2.373403968475060466e-01	1.423082390666287889e-01	6.900816717017799196e-02	2.709561143283325743e-02	7.016679781458634579e-02
1.024639731252188767e+03	2.751636444414225502e-01	1.785065875678741032e-01	2.375111687326803278e-01	1.424098174247779847e-01	6.905095227422716753e-02	2.712332043449405816e-02	7.023450912425860393e-02
1.026091062316285615e+03	2.749134225661244990e-01	1.783469533687872810e-01	2.376816050300793182e-01	1.425112187771636896e-01	6.909366424605835333e-02	2.715101444189433819e-02	7.030212156962728498e-02
1.027542393380382237e+03	2.746636358880902851e-01	1.781875823423207383e-01	2.378517065118800344e-01	1.426124435275799851e-01	6.913630324690298035e-02	2.717869327513922420e-02	7.036963520782156534e-02
1.028993724444478858e+03	2.744142836458973722e-01	1.780284740377059971e-01	2.380214739477773678e-01	1.427134920783599548e-01	6.917886943743042916e-02	2.720635675598234021e-02	7.043705009658142446e-02
1.030445055508575479e+03	2.741653650795304875e-01	1.778696280050081902e-01	2.381909081049954080e-01	1.428143648303833446e-01	6.922136297775097202e-02	2.723400470781417101e-02	7.050436629425227419e-02
1.031896386572671872e+03	2.739168794303787347e-01	1.777110437951242294e-01	2.383600097482988789e-01	1.429150621830841683e-01	6.926378402741867335e-02	2.726163695565043607e-02	7.057158385977972681e-02
1.033347717636768493e+03	2.736688259412320967e-01	1.775527209597809741e-01	2.385287796400044624e-01	1.430155845344581733e-01	6.930613274543427627e-02	2.728925332612058482e-02	7.063870285270429372e-02
1.034799048700865114e+03	2.734212038562783831e-01	1.773946590515332877e-01	2.386972185399920954e-01	1.431159322810705570e-01	6.934840929024801981e-02	2.731685364745636141e-02	7.070572333315616742e-02
1.036250379764961508e+03	2.731740124211004539e-01	1.772368576237622340e-01	2.388653272057159604e-01	1.432161058180632662e-01	6.939061381976252552e-02	2.734443774948044220e-02	7.077264536185001731e-02
1.037701710829058356e+03	2.729272508826727228e-01	1.770793162306732171e-01	2.390331063922157828e-01	1.433161055391624916e-01	6.943274649133561460e-02	2.737200546359515319e-02	7.083946900007985492e-02
1.039153041893154750e+03	2.726809184893583260e-01	1.769220344272941503e-01	2.392005568521279046e-01	1.434159318366861335e-01	6.947480746178312516e-02	2.739955662277126364e-02	7.090619430971387138e-02
1.040604372957251599e+03	2.724350144909059579e-01	1.767650117694735956e-01	2.393676793356962762e-01	1.435155851015509909e-01	6.951679688738168772e-02	2.742709106153686308e-02	7.097282135318933038e-02
1.042055704021347992e+03	2.721895381384469292e-01	1.766082478138789880e-01	2.395344745907833084e-01	1.436150657232802275e-01	6.955871492387144528e-02	2.745460861596630414e-02	7.103935019350754443e-02
1.043507035085444613e+03	2.719444886844918363e-01	1.764517421179948031e-01	2.397009433628807806e-01	1.437143740900104494e-01	6.960056172645891215e-02	2.748210912366921485e-02	7.110578089422878167e-02
1.044958366149541234e+03	2.716998653829277854e-01	1.762954942401206704e-01	2.398670863951207766e-01	1.438135105884990328e-01	6.964233744981959684e-02	2.750959242377960107e-02	7.117211351946729769e-02
1.046409697213637855e+03	2.714556674890153953e-01	1.761395037393696517e-01	2.400329044282862034e-01	1.439124756041313125e-01	6.968404224810080538e-02	2.753705835694502876e-02	7.123834813388635334e-02
1.047861028277734476e+03	2.712118942593855220e-01	1.759837701756663542e-01	2.401983982008218388e-01	1.440112695209276039e-01	6.972567627492430586e-02	2.756450676531583752e-02	7.130448480269321876e-02
1.049312359341831097e+03	2.709685449520365386e-01	1.758282931097452095e-01	2.403635684488446833e-01	1.441098927215503922e-01	6.976723968338902071e-02	2.759193749253448930e-02	7.137052359163435777e-02
1.050763690405927491e+03	2.707256188263310603e-01	1.756730721031486420e-01	2.405284159061546467e-01	1.442083455873113540e-01	6.980873262607366347e-02	2.761935038372493115e-02	7.143646456699045966e-02
1.052215021470024112e+03	2.704831151429931135e-01	1.755181067182252364e-01	2.406929413042450394e-01	1.443066284981782688e-01	6.985015525503943112e-02	2.764674528548206889e-02	7.150230779557162353e-02
1.053666352534120733e+03	2.702410331641051378e-01	1.753633965181280452e-01	2.408571453723131195e-01	1.444047418327820687e-01	6.989150772183259919e-02	2.767412204586129978e-02	7.156805334471250113e-02
1.055117683598217127e+03	2.699993721531049884e-01	1.752089410668127845e-01	2.410210288372704457e-01	1.445026859684237774e-01	6.993279017748718629e-02	2.770148051436811462e-02	7.163370128226756450e-02
1.056569014662313975e+03	2.697581313747829390e-01	1.750547399290359740e-01	2.411845924237531746e-01	1.446004612810812551e-01	6.997400277252749379e-02	2.772882054194776222e-02	7.169925167660627652e-02
1.058020345726410369e+03	2.695173100952787948e-01	1.749007926703532723e-01	2.413478368541324415e-01	1.446980681454161644e-01	7.001514565697075643e-02	2.775614198097500762e-02	7.176470459660838630e-02
1.059471676790506763e+03	2.692769075820790614e-01	1.747470988571177275e-01	2.415107628485245461e-01	1.447955069347807155e-01	7.005621898032962647e-02	2.778344468524393540e-02	7.183006011165922466e-02
1.060923007854603611e+03	2.690369231040137254e-01	1.745936580564779461e-01	2.416733711248011673e-01	1.448927780212243555e-01	7.009722289161483821e-02	2.781072850995783968e-02	7.189531829164502730e-02
1.062374338918700232e+03	2.687973559312534233e-01	1.744404698363763717e-01	2.418356623985994103e-01	1.449898817755005953e-01	7.013815753933763664e-02	2.783799331171916969e-02	7.196047920694829958e-02
1.063825669982796853e+03	2.685582053353066101e-01	1.742875337655475365e-01	2.419976373833319649e-01	1.450868185670735888e-01	7.017902307151235863e-02	2.786523894851954467e-02	7.202554292844318140e-02
1.065277001046893474e+03	2.683194705890167842e-01	1.741348494135163683e-01	2.421592967901971261e-01	1.451835887641248213e-01	7.021981963565891716e-02	2.789246527972985903e-02	7.209050952749088137e-02
1.066728332110990095e+03	2.680811509665592673e-01	1.739824163505964416e-01	2.423206413281885907e-01	1.452801927335596321e-01	7.026054737880529921e-02	2.791967216609041527e-02	7.215537907593509714e-02
1.068179663175086489e+03	2.678432457434384295e-01	1.738302341478881741e-01	2.424816717041055336e-01	1.453766308410138763e-01	7.030120644749004999e-02	2.794685946970116089e-02	7.222015164609751903e-02
1.069630994239183110e+03	2.676057541964849684e-01	1.736783023772771883e-01	2.426423886225623772e-01	1.454729034508602525e-01	7.034179698776471534e-02	2.797402705401197051e-02	7.228482731077325030e-02
1.071082325303279504e+03	2.673686756038528567e-01	1.735266206114326193e-01	2.428027927859985058e-01	1.455690109262150200e-01	7.038231914519628429e-02	2.800117478381299735e-02	7.234940614322644958e-02
1.072533656367376352e+03	2.671320092450164552e-01	1.733751884238052821e-01	2.429628848946882580e-01	1.456649536289442159e-01	7.042277306486963151e-02	2.802830252522509058e-02	7.241388821718579283e-02
1.073984987431472746e+03	2.668957544007679039e-01	1.732240053886260900e-01	2.431226656467502800e-01	1.457607319196701501e-01	7.046315889138991817e-02	2.805541014569028560e-02	7.247827360684011566e-02
1.075436318495569594e+03	2.666599103532140691e-01	1.730730710809042228e-01	2.432821357381573790e-01	1.458563461577777332e-01	7.050347676888502058e-02	2.808249751396234978e-02	7.254256238683395863e-02
1.076887649559666215e+03	2.664244763857737119e-01	1.729223850764255443e-01	2.434412958627460433e-01	1.459517967014208051e-01	7.054372684100787549e-02	2.810956450009740107e-02	7.260675463226332060e-02
1.078338980623762609e+03	2.661894517831747131e-01	1.727719469517509654e-01	2.436001467122259345e-01	1.460470839075284633e-01	7.058390925093889490e-02	2.813661097544456133e-02	7.267085041867121786e-02
1.079790311687859230e+03	2.659548358314512417e-01	1.726217562842145559e-01	2.437586889761893250e-01	1.461422081318112243e-01	7.062402414138828355e-02	2.816363681263672064e-02	7.273484982204340976e-02
1.081241642751955851e+03	2.657206278179409797e-01	1.724718126519219907e-01	2.439169233421206728e-01	1.462371697287672134e-01	7.066407165459839823e-02	2.819064188558133288e-02	7.279875291880416599e-02
1.082692973816052472e+03	2.654868270312822909e-01	1.723221156337489679e-01	2.440748504954057818e-01	1.463319690516884375e-01	7.070405193234609309e-02	2.821762606945128066e-02	7.286255978581195059e-02
1.084144304880149093e+03	2.652534327614113896e-01	1.721726648093392931e-01	2.442324711193412656e-01	1.464266064526668354e-01	7.074396511594499559e-02	2.824458924067579577e-02	7.292627050035525860e-02
1.085595635944245487e+03	2.650204442995595655e-01	1.720234597591034365e-01	2.443897858951437629e-01	1.465210822826003845e-01	7.078381134624782411e-02	2.827153127693144558e-02	7.298988514014838336e-02
1.087046967008342108e+03	2.647878609382504633e-01	1.718745000642168119e-01	2.445467955019591522e-01	1.466153968911991512e-01	7.082359076364869166e-02	2.829845205713319573e-02	7.305340378332728091e-02
1.088498298072438729e+03	2.645556819712974184e-01	1.717257853066180284e-01	2.447035006168716831e-01	1.467095506269913419e-01	7.086330350808536793e-02	2.832535146142550753e-02	7.311682650844536502e-02
1.089949629136535123e+03	2.643239066938004589e-01	1.715773150690074189e-01	2.448599019149131084e-01	1.468035438373292145e-01	7.090294971904152754e-02	2.835222937117351863e-02	7.318015339446948264e-02
1.091400960200631971e+03	2.640925344021436416e-01	1.714290889348451807e-01	2.450160000690718154e-01	1.468973768683951575e-01	7.094252953554898433e-02	2.837908566895426879e-02	7.324338452077575057e-02
1.092852291264728365e+03	2.638615643939923872e-01	1.712811064883499046e-01	2.451717957503016521e-01	1.469910500652074070e-01	7.098204309618996732e-02	2.840592023854798115e-02	7.330651996714554475e-02
1.094303622328825213e+03	2.636309959682905379e-01	1.711333673144968814e-01	2.453272896275311143e-01	1.470845637716261534e-01	7.102149053909927179e-02	2.843273296492941984e-02	7.336955981376142022e-02
1.095754953392921607e+03	2.634008284252580268e-01	1.709858709990164649e-01	2.454824823676721168e-01	1.471779183303591199e-01	7.106087200196654907e-02	2.845952373425929618e-02	7.343250414120314207e-02
1.097206284457018228e+03	2.631710610663878236e-01	1.708386171283925170e-01	2.456373746356288190e-01	1.472711140829676413e-01	7.110018762203842990e-02	2.848629243387573381e-02	7.349535303044370249e-02
1.098657615521114849e+03	2.629416931944433822e-01	1.706916052898606317e-01	2.457919670943066182e-01	1.473641513698722150e-01	7.113943753612074483e-02	2.851303895228579285e-02	7.355810656284531013e-02
1.100108946585211470e+03	2.627127241134556423e-01	1.705448350714066919e-01	2.459462604046206979e-01	1.474570305303583850e-01	7.117862188058063366e-02	2.853976317915705302e-02	7.362076482015550427e-02
1.101560277649308091e+03	2.624841531287209762e-01	1.703983060617651479e-01	2.461002552255049658e-01	1.475497519025823212e-01	7.121774079134877977e-02	2.856646500530924185e-02	7.368332788450324133e-02
1.103011608713404712e+03	2.622559795467977461e-01	1.702520178504174642e-01	2.462539522139204906e-01	1.476423158235765365e-01	7.125679440392147790e-02	2.859314432270594272e-02	7.374579583839502295e-02
1.104462939777501106e+03	2.620282026755041405e-01	1.701059700275904807e-01	2.464073520248642735e-01	1.477347226292556048e-01	7.129578285336278520e-02	2.861980102444633758e-02	7.380816876471103793e-02
1.105914270841597499e+03	2.618008218239153972e-01	1.699601621842549148e-01	2.465604553113777964e-01	1.478269726544216012e-01	7.133470627430664457e-02	2.864643500475700863e-02	7.387044674670130429e-02
1.107365601905694348e+03	2.615738363023609736e-01	1.698145939121235848e-01	2.467132627245555432e-01	1.479190662327697914e-01	7.137356480095899403e-02	2.867304615898382328e-02	7.393262986798189440e-02
1.108816932969790741e+03	2.613472454224222141e-01	1.696692648036500495e-01	2.468657749135534929e-01	1.480110036968940723e-01	7.141235856709980678e-02	2.869963438358382260e-02	7.399471821253114645e-02
1.110268264033887590e+03	2.611210484969292978e-01	1.695241744520268601e-01	2.470179925255975018e-01	1.481027853782925507e-01	7.145108770608522841e-02	2.872619957611722077e-02	7.405671186468590350e-02
1.111719595097984211e+03	2.608952448399589619e-01	1.693793224511840056e-01	2.471699162059917687e-01	1.481944116073729556e-01	7.148975235084961688e-02	2.875274163523940801e-02	7.411861090913782202e-02
1.113170926162080832e+03	2.606698337668316712e-01	1.692347083957874421e-01	2.473215465981271066e-01	1.482858827134581337e-01	7.152835263390756870e-02	2.877926046069305410e-02	7.418041543092955548e-02
1.114622257226177226e+03	2.604448145941091197e-01	1.690903318812374267e-01	2.474728843434892134e-01	1.483771990247913231e-01	7.156688868735598674e-02	2.880575595330022928e-02	7.424212551545122940e-02
1.116073588290273847e+03	2.602201866395914553e-01	1.689461925036669920e-01	2.476239300816670263e-01	1.484683608685416489e-01	7.160536064287610636e-02	2.883222801495459453e-02	7.430374124843665273e-02
1.117524919354370468e+03	2.599959492223148927e-01	1.688022898599403909e-01	2.477746844503609103e-01	1.485593685708093969e-01	7.164376863173550769e-02	2.885867654861364040e-02	7.436526271595977899e-02
1.118976250418467089e+03	2.597721016625487711e-01	1.686586235476514872e-01	2.479251480853907341e-01	1.486502224566313424e-01	7.168211278479011406e-02	2.888510145829098832e-02	7.442669000443100091e-02
1.120427581482563710e+03	2.595486432817935007e-01	1.685151931651223400e-01	2.480753216207040035e-01	1.487409228499859959e-01	7.172039323248617648e-02	2.891150264904874048e-02	7.448802320059366711e-02
1.121878912546660331e+03	2.593255734027774539e-01	1.683719983114015106e-01	2.482252056883840208e-01	1.488314700737988217e-01	7.175861010486228597e-02	2.893788002698985395e-02	7.454926239152044609e-02
1.123330243610756725e+03	2.591028913494547448e-01	1.682290385862626469e-01	2.483748009186578232e-01	1.489218644499475386e-01	7.179676353155128865e-02	2.896423349925061896e-02	7.461040766460981521e-02
1.124781574674853118e+03	2.588805964470023424e-01	1.680863135902027905e-01	2.485241079399041764e-01	1.490121062992671719e-01	7.183485364178228416e-02	2.899056297399314405e-02	7.467145910758256344e-02
1.126232905738949967e+03	2.586586880218177953e-01	1.679438229244410441e-01	2.486731273786615681e-01	1.491021959415552989e-01	7.187288056438254080e-02	2.901686836039790718e-02	7.473241680847826640e-02
1.127684236803046360e+03	2.584371654015166775e-01	1.678015661909169065e-01	2.488218598596360076e-01	1.491921336955771005e-01	7.191084442777945229e-02	2.904314956865636579e-02	7.479328085565183082e-02
1.129135567867143209e+03	2.582160279149298132e-01	1.676595429922888014e-01	2.489703060057090189e-01	1.492819198790704960e-01	7.194874536000246679e-02	2.906940650996359815e-02	7.485405133777008058e-02
1.130586898931239830e+03	2.579952748921009453e-01	1.675177529319325509e-01	2.491184664379453018e-01	1.493715548087511391e-01	7.198658348868496037e-02	2.909563909651102093e-02	7.491472834380828727e-02
1.132038229995336451e+03	2.577749056642841263e-01	1.673761956139398765e-01	2.492663417756005861e-01	1.494610388003175527e-01	7.202435894106615222e-02	2.912184724147912074e-02	7.497531196304677015e-02
1.133489561059432845e+03	2.575549195639411648e-01	1.672348706431168452e-01	2.494139326361293485e-01	1.495503721684559306e-01	7.206207184399300580e-02	2.914803085903027932e-02	7.503580228506757932e-02
1.134940892123529466e+03	2.573353159247391830e-01	1.670937776249824258e-01	2.495612396351924722e-01	1.496395552268453000e-01	7.209972232392208857e-02	2.917418986430160219e-02	7.509619939975108183e-02
1.136392223187626087e+03	2.571160940815480078e-01	1.669529161657669902e-01	2.497082633866648804e-01	1.497285882881623231e-01	7.213731050692143154e-02	2.920032417339782707e-02	7.515650339727267260e-02
1.137843554251722708e+03	2.568972533704378391e-01	1.668122858724107038e-01	2.498550045026431687e-01	1.498174716640862658e-01	7.217483651867240280e-02	2.922643370338426708e-02	7.521671436809944378e-02
1.139294885315819101e+03	2.566787931286766966e-01	1.666718863525622485e-01	2.500014635934531548e-01	1.499062056653038544e-01	7.221230048447152550e-02	2.925251837227980239e-02	7.527683240298688183e-02
1.140746216379915950e+03	2.564607126947276439e-01	1.665317172145771019e-01	2.501476412676573724e-01	1.499947906015140775e-01	7.224970252923235137e-02	2.927857809904993447e-02	7.533685759297563400e-02
1.142197547444012343e+03	2.562430114082468458e-01	1.663917780675162050e-01	2.502935381320625652e-01	1.500832267814330712e-01	7.228704277748723706e-02	2.930461280359985751e-02	7.539679002938826091e-02
1.143648878508108737e+03	2.560256886100806817e-01	1.662520685211444638e-01	2.504391547917271810e-01	1.501715145127989759e-01	7.232432135338920376e-02	2.933062240676760288e-02	7.545662980382601692e-02
1.145100209572205586e+03	2.558087436422633587e-01	1.661125881859292497e-01	2.505844918499685048e-01	1.502596541023764332e-01	7.236153838071363031e-02	2.935660683031723200e-02	7.551637700816561660e-02
1.146551540636302207e+03	2.555921758480148021e-01	1.659733366730389292e-01	2.507295499083704304e-01	1.503476458559615814e-01	7.239869398286019608e-02	2.938256599693203977e-02	7.557603173455611223e-02
1.148002871700398828e+03	2.553759845717374910e-01	1.658343135943413926e-01	2.508743295667903994e-01	1.504354900783866633e-01	7.243578828285453242e-02	2.940849983020785152e-02	7.563559407541570190e-02
1.149454202764495449e+03	2.551601691590147380e-01	1.656955185624026383e-01	2.510188314233670615e-01	1.505231870735246613e-01	7.247282140335008227e-02	2.943440825464633745e-02	7.569506412342862089e-02
1.150905533828591842e+03	2.549447289566077468e-01	1.655569511904853020e-01	2.511630560745269358e-01	1.506107371442939880e-01	7.250979346662977942e-02	2.946029119564837900e-02	7.575444197154197756e-02
1.152356864892688463e+03	2.547296633124536691e-01	1.654186110925471298e-01	2.513070041149921829e-01	1.506981405926631212e-01	7.254670459460783871e-02	2.948614857950746654e-02	7.581372771296272794e-02
1.153808195956785084e+03	2.545149715756626074e-01	1.652804978832396188e-01	2.514506761377875432e-01	1.507853977196551287e-01	7.258355490883149075e-02	2.951198033340316981e-02	7.587292144115455328e-02
1.155259527020881706e+03	2.543006530965156720e-01	1.651426111779066008e-01	2.515940727342472760e-01	1.508725088253523305e-01	7.262034453048268889e-02	2.953778638539463625e-02	7.593202324983484852e-02
1.156710858084978327e+03	2.540867072264623161e-01	1.650049505925826610e-01	2.517371944940226536e-01	1.509594742089007402e-01	7.265707358037985786e-02	2.956356666441413428e-02	7.599103323297168311e-02
1.158162189149074720e+03	2.538731333181180605e-01	1.648675157439918604e-01	2.518800420050885114e-01	1.510462941685146721e-01	7.269374217897957291e-02	2.958932110026063142e-02	7.604995148478074785e-02
1.159613520213171569e+03	2.536599307252620505e-01	1.647303062495462100e-01	2.520226158537506311e-01	1.511329690014810434e-01	7.273035044637826685e-02	2.961504962359343476e-02	7.610877809972244057e-02
1.161064851277267962e+03	2.534470988028347249e-01	1.645933217273441995e-01	2.521649166246524576e-01	1.512194990041640930e-01	7.276689850231390921e-02	2.964075216592586964e-02	7.616751317249885467e-02
1.162516182341364356e+03	2.532346369069352621e-01	1.644565617961695203e-01	2.523069449007822596e-01	1.513058844720095997e-01	7.280338646616769938e-02	2.966642865961898259e-02	7.622615679805082312e-02
1.163967513405461204e+03	2.530225443948193043e-01	1.643200260754895392e-01	2.524487012634797911e-01	1.513921256995494347e-01	7.283981445696570411e-02	2.969207903787531022e-02	7.628470907155503189e-02
1.165418844469557826e+03	2.528108206248968481e-01	1.641837141854539106e-01	2.525901862924433416e-01	1.514782229804057245e-01	7.287618259338053683e-02	2.971770323473268971e-02	7.634317008842107788e-02
1.166870175533654447e+03	2.525994649567294137e-01	1.640476257468931887e-01	2.527314005657363416e-01	1.515641766072954588e-01	7.291249099373302289e-02	2.974330118505808668e-02	7.640153994428858231e-02
1.168321506597751068e+03	2.523884767510279903e-01	1.639117603813173563e-01	2.528723446597944680e-01	1.516499868720346811e-01	7.294873977599376780e-02	2.976887282454149242e-02	7.645981873502438741e-02
1.169772837661847461e+03	2.521778553696507053e-01	1.637761177109144928e-01	2.530130191494319170e-01	1.517356540655427355e-01	7.298492905778487805e-02	2.979441808968985236e-02	7.651800655671960050e-02
1.171224168725944082e+03	2.519676001756002703e-01	1.636406973585493030e-01	2.531534246078484540e-01	1.518211784778467077e-01	7.302105895638150157e-02	2.981993691782103620e-02	7.657610350568681834e-02
1.172675499790040703e+03	2.517577105330218723e-01	1.635054989477618403e-01	2.532935616066361861e-01	1.519065603980855050e-01	7.305712958871346530e-02	2.984542924705782876e-02	7.663410967845737942e-02
1.174126830854137097e+03	2.515481858072007859e-01	1.633705221027659249e-01	2.534334307157857791e-01	1.519918001145141584e-01	7.309314107136689886e-02	2.987089501632200772e-02	7.669202517177846345e-02
1.175578161918233945e+03	2.513390253645599315e-01	1.632357664484480053e-01	2.535730325036933408e-01	1.520768979145080690e-01	7.312909352058578893e-02	2.989633416532841773e-02	7.674985008261041297e-02
1.177029492982330339e+03	2.511302285726577099e-01	1.631012316103654936e-01	2.537123675371670273e-01	1.521618540845670886e-01	7.316498705227356125e-02	2.992174663457911402e-02	7.680758450812394389e-02
1.178480824046426733e+03	2.509217948001855603e-01	1.629669172147456546e-01	2.538514363814333707e-01	1.522466689103197379e-01	7.320082178199469047e-02	2.994713236535751638e-02	7.686522854569742547e-02
1.179932155110523581e+03	2.507137234169657392e-01	1.628328228884840245e-01	2.539902396001438856e-01	1.523313426765272316e-01	7.323659782497619897e-02	2.997249129972264295e-02	7.692278229291413250e-02
1.181383486174620202e+03	2.505060137939491560e-01	1.626989482591431613e-01	2.541287777553815630e-01	1.524158756670877246e-01	7.327231529610926664e-02	2.999782338050334049e-02	7.698024584755960853e-02
1.182834817238716823e+03	2.502986653032127085e-01	1.625652929549512016e-01	2.542670514076673105e-01	1.525002681650402536e-01	7.330797430995077135e-02	3.002312855129257371e-02	7.703761930761897359e-02
1.184286148302813444e+03	2.500916773179575059e-01	1.624318566048005841e-01	2.544050611159661135e-01	1.525845204525688725e-01	7.334357498072474613e-02	3.004840675644177353e-02	7.709490277127421798e-02
1.185737479366910065e+03	2.498850492125061218e-01	1.622986388382465783e-01	2.545428074376935856e-01	1.526686328110066493e-01	7.337911742232403056e-02	3.007365794105518533e-02	7.715209633690163493e-02
1.187188810431006686e+03	2.496787803623005675e-01	1.621656392855060080e-01	2.546802909287222971e-01	1.527526055208397460e-01	7.341460174831168639e-02	3.009888205098427624e-02	7.720920010306918380e-02
1.188640141495103080e+03	2.494728701439000440e-01	1.620328575774558633e-01	2.548175121433880475e-01	1.528364388617111658e-01	7.345002807192255179e-02	3.012407903282218746e-02	7.726621416853386715e-02
1.190091472559199701e+03	2.492673179349786106e-01	1.619002933456319959e-01	2.549544716344960826e-01	1.529201331124250274e-01	7.348539650606469853e-02	3.014924883389819704e-02	7.732313863223913564e-02
1.191542803623296322e+03	2.490621231143228531e-01	1.617679462222277043e-01	2.550911699533272015e-01	1.530036885509502564e-01	7.352070716332102795e-02	3.017439140227225897e-02	7.737997359331240388e-02
1.192994134687392716e+03	2.488572850618298860e-01	1.616358158400924283e-01	2.552276076496442503e-01	1.530871054544246102e-01	7.355596015595060322e-02	3.019950668672954919e-02	7.743671915106237202e-02
1.194445465751489564e+03	2.486528031585048537e-01	1.615039018327304177e-01	2.553637852716979517e-01	1.531703840991585630e-01	7.359115559589023137e-02	3.022459463677504982e-02	7.749337540497663879e-02
1.195896796815585958e+03	2.484486767864588497e-01	1.613722038342993714e-01	2.554997033662331773e-01	1.532535247606391093e-01	7.362629359475590662e-02	3.024965520262819577e-02	7.754994245471910630e-02
1.197348127879682352e+03	2.482449053289066676e-01	1.612407214796092170e-01	2.556353624784949430e-01	1.533365277135336491e-01	7.366137426384422593e-02	3.027468833521752140e-02	7.760642040012746823e-02
1.198799458943779200e+03	2.480414881701644980e-01	1.611094544041205834e-01	2.557707631522347369e-01	1.534193932316937903e-01	7.369639771413390161e-02	3.029969398617538348e-02	7.766280934121085056e-02
1.200250790007875821e+03	2.478384246956478187e-01	1.609784022439436357e-01	2.559059059297161265e-01	1.535021215881591516e-01	7.373136405628710754e-02	3.032467210783268072e-02	7.771910937814721643e-02
1.201702121071972442e+03	2.476357142918691745e-01	1.608475646358366595e-01	2.560407913517211420e-01	1.535847130551611373e-01	7.376627340065101957e-02	3.034962265321363567e-02	7.777532061128097918e-02
1.203153452136069063e+03	2.474333563464358732e-01	1.607169412172048117e-01	2.561754199575558832e-01	1.536671679041267113e-01	7.380112585725916163e-02	3.037454557603060795e-02	7.783144314112062923e-02
1.204604783200165684e+03	2.472313502480478764e-01	1.605865316260988440e-01	2.563097922850567922e-01	1.537494864056821176e-01	7.383592153583286299e-02	3.039944083067892822e-02	7.788747706833623607e-02
1.206056114264262078e+03	2.470296953864956624e-01	1.604563355012136594e-01	2.564439088705963155e-01	1.538316688296564871e-01	7.387066054578261820e-02	3.042430837223179113e-02	7.794342249375713072e-02
1.207507445328358699e+03	2.468283911526578667e-01	1.603263524818871189e-01	2.565777702490887324e-01	1.539137154450856970e-01	7.390534299620954428e-02	3.044914815643515876e-02	7.799927951836951867e-02
1.208958776392455093e+03	2.466274369384993115e-01	1.601965822080987367e-01	2.567113769539961510e-01	1.539956265202158947e-01	7.393996899590669913e-02	3.047396013970271600e-02	7.805504824331410685e-02
1.210410107456551941e+03	2.464268321370686743e-01	1.600670243204682652e-01	2.568447295173342249e-01	1.540774023225072731e-01	7.397453865336053869e-02	3.049874427911085026e-02	7.811072876988375824e-02
1.211861438520648335e+03	2.462265761424963784e-01	1.599376784602545287e-01	2.569778284696780934e-01	1.541590431186375676e-01	7.400905207675219366e-02	3.052350053239367283e-02	7.816632119952120206e-02
1.213312769584745183e+03	2.460266683499924001e-01	1.598085442693541192e-01	2.571106743401676553e-01	1.542405491745056922e-01	7.404350937395898224e-02	3.054822885793807147e-02	7.822182563381670228e-02
1.214764100648841804e+03	2.458271081558442150e-01	1.596796213903000361e-01	2.572432676565138410e-01	1.543219207552352923e-01	7.407791065255561747e-02	3.057292921477879760e-02	7.827724217450579558e-02
1.216215431712937971e+03	2.456278949574145221e-01	1.595509094662604932e-01	2.573756089450039974e-01	1.544031581251784635e-01	7.411225601981565048e-02	3.059760156259356753e-02	7.833257092346697370e-02
1.217666762777034819e+03	2.454290281531391893e-01	1.594224081410374749e-01	2.575076987305074394e-01	1.544842615479190828e-01	7.414654558271276119e-02	3.062224586169823987e-02	7.838781198271947692e-02
1.219118093841131440e+03	2.452305071425250615e-01	1.592941170590656541e-01	2.576395375364813889e-01	1.545652312862763889e-01	7.418077944792211831e-02	3.064686207304198606e-02	7.844296545442104585e-02
1.220569424905228061e+03	2.450323313261478231e-01	1.591660358654110596e-01	2.577711258849763043e-01	1.546460676023085623e-01	7.421495772182173933e-02	3.067145015820250953e-02	7.849803144086563156e-02
1.222020755969324682e+03	2.448345001056499159e-01	1.590381642057697442e-01	2.579024642966415426e-01	1.547267707573160844e-01	7.424908051049372570e-02	3.069601007938129941e-02	7.855301004448128621e-02
1.223472087033421303e+03	2.446370128837384306e-01	1.589105017264665354e-01	2.580335532907308549e-01	1.548073410118452620e-01	7.428314791972563669e-02	3.072054179939891563e-02	7.860790136782790094e-02
1.224923418097517697e+03	2.444398690641829408e-01	1.587830480744538142e-01	2.581643933851078820e-01	1.548877786256916411e-01	7.431716005501180777e-02	3.074504528169029471e-02	7.866270551359506868e-02
1.226374749161614318e+03	2.442430680518134223e-01	1.586558028973101830e-01	2.582949850962518168e-01	1.549680838579034492e-01	7.435111702155455804e-02	3.076952049030010072e-02	7.871742258459990538e-02
1.227826080225710712e+03	2.440466092525180875e-01	1.585287658432393554e-01	2.584253289392623998e-01	1.550482569667849808e-01	7.438501892426557793e-02	3.079396738987811091e-02	7.877205268378489889e-02
1.229277411289807560e+03	2.438504920732413594e-01	1.584019365610687402e-01	2.585554254278657482e-01	1.551282982098998731e-01	7.441886586776717827e-02	3.081838594567461523e-02	7.882659591421578571e-02
1.230728742353903954e+03	2.436547159219818182e-01	1.582753147002482208e-01	2.586852750744197404e-01	1.552082078440746582e-01	7.445265795639352535e-02	3.084277612353586440e-02	7.888105237907945544e-02
1.232180073418000802e+03	2.434592802077899520e-01	1.581488999108490168e-01	2.588148783899190120e-01	1.552879861254019001e-01	7.448639529419195937e-02	3.086713788989953883e-02	7.893542218168182745e-02
1.233631404482097196e+03	2.432641843407662985e-01	1.580226918435623240e-01	2.589442358840006730e-01	1.553676333092436634e-01	7.452007798492422952e-02	3.089147121179025915e-02	7.898970542544574147e-02
1.235082735546193817e+03	2.430694277320591679e-01	1.578966901496980935e-01	2.590733480649493603e-01	1.554471496502347061e-01	7.455370613206775687e-02	3.091577605681510021e-02	7.904390221390898696e-02
1.236534066610290438e+03	2.428750097938626173e-01	1.577708944811838931e-01	2.592022154397026767e-01	1.555265354022857816e-01	7.458727983881682788e-02	3.094005239315918837e-02	7.909801265072215204e-02
1.237985397674387059e+03	2.426809299394144803e-01	1.576453044905634926e-01	2.593308385138563543e-01	1.556057908185870253e-01	7.462079920808395439e-02	3.096430018958127098e-02	7.915203683964659731e-02
1.239436728738483680e+03	2.424871875829942847e-01	1.575199198309958082e-01	2.594592177916693054e-01	1.556849161516109248e-01	7.465426434250096999e-02	3.098851941540934490e-02	7.920597488455249913e-02
1.240888059802580301e+03	2.422937821399210601e-01	1.573947401562535986e-01	2.595873537760692851e-01	1.557639116531158441e-01	7.468767534442030676e-02	3.101271004053630931e-02	7.925982688941676790e-02
1.242339390866676695e+03	2.421007130265514506e-01	1.572697651207222158e-01	2.597152469686576093e-01	1.558427775741489663e-01	7.472103231591625816e-02	3.103687203541566353e-02	7.931359295832104972e-02
1.243790721930773088e+03	2.419079796602775501e-01	1.571449943793984116e-01	2.598428978697143732e-01	1.559215141650496794e-01	7.475433535878611702e-02	3.106100537105720497e-02	7.936727319544985282e-02
1.245242052994869937e+03	2.417155814595249863e-01	1.570204275878891720e-01	2.599703069782037246e-01	1.560001216754526021e-01	7.478758457455141062e-02	3.108511001902278595e-02	7.942086770508845206e-02
1.246693384058966330e+03	2.415235178437508401e-01	1.568960644024104123e-01	2.600974747917788599e-01	1.560786003542908307e-01	7.482078006445908036e-02	3.110918595142207060e-02	7.947437659162102930e-02
1.248144715123063179e+03	2.413317882334415077e-01	1.567719044797858119e-01	2.602244018067870757e-01	1.561569504497989924e-01	7.485392192948271683e-02	3.113323314090835070e-02	7.952779995952864722e-02
1.249596046187159800e+03	2.411403920501108411e-01	1.566479474774456204e-01	2.603510885182748202e-01	1.562351722095164097e-01	7.488701027032367008e-02	3.115725156067435803e-02	7.958113791338740362e-02
1.251047377251256421e+03	2.409493287162980113e-01	1.565241930534254367e-01	2.604775354199925230e-01	1.563132658802901254e-01	7.492004518741228469e-02	3.118124118444814269e-02	7.963439055786654397e-02
1.252498708315352815e+03	2.407585976555656482e-01	1.564006408663649594e-01	2.606037430043999237e-01	1.563912317082780667e-01	7.495302678090905169e-02	3.120520198648894447e-02	7.968755799772649084e-02
1.253950039379449436e+03	2.405681982924975926e-01	1.562772905755068775e-01	2.607297117626707905e-01	1.564690699389520157e-01	7.498595515070576034e-02	3.122913394158311276e-02	7.974064033781697036e-02
1.255401370443546057e+03	2.403781300526971199e-01	1.561541418406956483e-01	2.608554421846977500e-01	1.565467808171007169e-01	7.501883039642666395e-02	3.125303702504004383e-02	7.979363768307522198e-02
1.256852701507642678e+03	2.401883923627848860e-01	1.560311943223761932e-01	2.609809347590973938e-01	1.566243645868328760e-01	7.505165261742959004e-02	3.127691121268815627e-02	7.984655013852405558e-02
1.258304032571739299e+03	2.399989846503967905e-01	1.559084476815929265e-01	2.611061899732152192e-01	1.567018214915801011e-01	7.508442191280717548e-02	3.130075648087088380e-02	7.989937780927008903e-02
1.259755363635835920e+03	2.398099063441821999e-01	1.557859015799883395e-01	2.612312083131300700e-01	1.567791517741000951e-01	7.511713838138789345e-02	3.132457280644271314e-02	7.995212080050186076e-02
1.261206694699932314e+03	2.396211568738018660e-01	1.556635556798020015e-01	2.613559902636595766e-01	1.568563556764792921e-01	7.514980212173724694e-02	3.134836016676521148e-02	8.000477921748803956e-02
1.262658025764028707e+03	2.394327356699259279e-01	1.555414096438692551e-01	2.614805363083642642e-01	1.569334334401361053e-01	7.518241323215887895e-02	3.137211853970313380e-02	8.005735316557566206e-02
1.264109356828125556e+03	2.392446421642319965e-01	1.554194631356200507e-01	2.616048469295528811e-01	1.570103853058237575e-01	7.521497181069569660e-02	3.139584790362050237e-02	8.010984275018832867e-02
1.265560687892221949e+03	2.390568757894031560e-01	1.552977158190779194e-01	2.617289226082869513e-01	1.570872115136331404e-01	7.524747795513093973e-02	3.141954823737676261e-02	8.016224807682438558e-02
1.267012018956318798e+03	2.388694359791259658e-01	1.551761673588586410e-01	2.618527638243853262e-01	1.571639123029958118e-01	7.527993176298937439e-02	3.144321952032291811e-02	8.021456925105518998e-02
1.268463350020415419e+03	2.386823221680886287e-01	1.550548174201690776e-01	2.619763710564292358e-01	1.572404879126868271e-01	7.531233333153827814e-02	3.146686173229774203e-02	8.026680637852343092e-02
1.269914681084511813e+03	2.384955337919788809e-01	1.549336656688060920e-01	2.620997447817667303e-01	1.573169385808276255e-01	7.534468275778859192e-02	3.149047485362396065e-02	8.031895956494131128e-02
1.271366012148608434e+03	2.383090702874821887e-01	1.548127117711553535e-01	2.622228854765173423e-01	1.573932645448888890e-01	7.537698013849603029e-02	3.151405886510451337e-02	8.037102891608885469e-02
1.272817343212705055e+03	2.381229310922797215e-01	1.546919553941902004e-01	2.623457936155768055e-01	1.574694660416933178e-01	7.540922557016209449e-02	3.153761374801880568e-02	8.042301453781222631e-02
1.274268674276801676e+03	2.379371156450464098e-01	1.545713962054703905e-01	2.624684696726216071e-01	1.575455433074185729e-01	7.544141914903521040e-02	3.156113948411899683e-02	8.047491653602201200e-02
1.275720005340898297e+03	2.377516233854490846e-01	1.544510338731410748e-01	2.625909141201134278e-01	1.576214965775999122e-01	7.547356097111174167e-02	3.158463605562632920e-02	8.052673501669155298e-02
1.277171336404994690e+03	2.375664537541445076e-01	1.543308680659315757e-01	2.627131274293041385e-01	1.576973260871331606e-01	7.550565113213707213e-02	3.160810344522742982e-02	8.057847008585526660e-02
1.278622667469091539e+03	2.373816061927774279e-01	1.542108984531542770e-01	2.628351100702397969e-01	1.577730320702773192e-01	7.553768972760666056e-02	3.163154163607070912e-02	8.063012184960698103e-02
1.280073998533187932e+03	2.371970801439786947e-01	1.540911247047034027e-01	2.629568625117655323e-01	1.578486147606574241e-01	7.556967685276709534e-02	3.165495061176273189e-02	8.068169041409831155e-02
1.281525329597284326e+03	2.370128750513633420e-01	1.539715464910539622e-01	2.630783852215297092e-01	1.579240743912672662e-01	7.560161260261714922e-02	3.167833035636465067e-02	8.073317588553705071e-02
1.282976660661381175e+03	2.368289903595287016e-01	1.538521634832605844e-01	2.631996786659888676e-01	1.579994111944721114e-01	7.563349707190877846e-02	3.170168085438863220e-02	8.078457837018548915e-02
1.284427991725477568e+03	2.366454255140524598e-01	1.537329753529563525e-01	2.633207433104116091e-01	1.580746254020113373e-01	7.566533035514817762e-02	3.172500209079430478e-02	8.083589797435886126e-02
1.285879322789574417e+03	2.364621799614907705e-01	1.536139817723517209e-01	2.634415796188835368e-01	1.581497172450012367e-01	7.569711254659679256e-02	3.174829405098527485e-02	8.088713480442372150e-02
1.287330653853671038e+03	2.362792531493763948e-01	1.534951824142333776e-01	2.635621880543112527e-01	1.582246869539376266e-01	7.572884374027237520e-02	3.177155672080561599e-02	8.093828896679639007e-02
1.288781984917767431e+03	2.360966445262167868e-01	1.533765769519631061e-01	2.636825690784268539e-01	1.582995347586985679e-01	7.576052402994994106e-02	3.179479008653641331e-02	8.098936056794135696e-02
1.290233315981864052e+03	2.359143535414921777e-01	1.532581650594765643e-01	2.638027231517924842e-01	1.583742608885468917e-01	7.579215350916281013e-02	3.181799413489231482e-02	8.104034971436975543e-02
