1.001418434226643626e+03	2.793360108319374313e-01	1.809455111501114544e-01	2.347472227393893052e-01	1.406972220120745742e-01	6.834768809738200890e-02	2.670976657019222961e-02	6.921657859864711881e-02
1.002869765290740247e+03	2.790797544322684565e-01	1.807802508765798677e-01	2.349227887353261823e-01	1.408011583174508252e-01	6.839138567687404191e-02	2.673796084719224156e-02	6.928670111404251764e-02
1.004321096354836754e+03	2.788239423828260399e-01	1.806152653596596047e-01	2.350980055866531970e-01	1.409049132728372455e-01	6.843500838267101150e-02	2.676614211774854674e-02	6.935672289733850471e-02
1.005772427418933376e+03	2.785685739061335431e-01	1.804505541244094957e-01	2.352728741532292001e-01	1.410084872852335747e-01	6.847855637796662620e-02	2.679431017991142430e-02	6.942664397285025490e-02
1.007223758483029997e+03	2.783136482261615585e-01	1.802861166967904827e-01	2.354473952916672497e-01	1.411118807602158298e-01	6.852202982539479237e-02	2.682246483349634558e-02	6.949646436600794008e-02
1.008675089547126618e+03	2.780591645683245239e-01	1.801219526036633711e-01	2.356215698553530691e-01	1.412150941019434669e-01	6.856542888703273664e-02	2.685060588007234447e-02	6.956618410334478031e-02
1.010126420611223239e+03	2.778051221594775577e-01	1.799580613727866374e-01	2.357953986944636426e-01	1.413181277131665692e-01	6.860875372440407294e-02	2.687873312295041908e-02	6.963580321248534488e-02
1.011577751675319632e+03	2.775515202279130178e-01	1.797944425328142359e-01	2.359688826559858676e-01	1.414209819952332858e-01	6.865200449848181397e-02	2.690684636717204092e-02	6.970532172213393662e-02
1.013029082739416367e+03	2.772983580033573925e-01	1.796310956132934067e-01	2.361420225837345399e-01	1.415236573480968263e-01	6.869518136969136879e-02	2.693494541949768492e-02	6.977473966206304556e-02
1.014480413803512761e+03	2.770456347169676925e-01	1.794680201446623991e-01	2.363148193183707280e-01	1.416261541703225102e-01	6.873828449791355433e-02	2.696303008839547391e-02	6.984405706310196915e-02
1.015931744867609382e+03	2.767933496013286199e-01	1.793052156582484458e-01	2.364872736974195089e-01	1.417284728590949561e-01	6.878131404248748193e-02	2.699110018402985089e-02	6.991327395712548798e-02
1.017383075931706003e+03	2.765415018904489042e-01	1.791426816862654314e-01	2.366593865552882037e-01	1.418306138102252145e-01	6.882427016221351335e-02	2.701915551825033457e-02	6.998239037704276355e-02
1.018834406995802851e+03	2.762900908197583605e-01	1.789804177618118108e-01	2.368311587232838356e-01	1.419325774181575961e-01	6.886715301535617506e-02	2.704719590458033382e-02	7.005140635678620831e-02
1.020285738059899245e+03	2.760391156261046697e-01	1.788184234188685273e-01	2.370025910296308380e-01	1.420343640759768045e-01	6.890996275964704487e-02	2.707522115820602468e-02	7.012032193130050828e-02
1.021737069123995752e+03	2.757885755477498257e-01	1.786566981922967368e-01	2.371736842994885686e-01	1.421359741754146810e-01	6.895269955228751357e-02	2.710323109596531055e-02	7.018913713653185393e-02
1.023188400188092373e+03	2.755384698243671382e-01	1.784952416178357260e-01	2.373444393549686560e-01	1.422374081068573659e-01	6.899536354995172704e-02	2.713122553633682058e-02	7.025785200941711550e-02
1.024639731252188767e+03	2.752887976970381789e-01	1.783340532321007754e-01	2.375148570151522365e-01	1.423386662593518204e-01	6.903795490878930630e-02	2.715920429942898784e-02	7.032646658787325422e-02
1.026091062316285615e+03	2.750395584082493405e-01	1.781731325725810222e-01	2.376849380961070790e-01	1.424397490206130157e-01	6.908047378442817854e-02	2.718716720696919345e-02	7.039498091078676134e-02
1.027542393380382237e+03	2.747907512018889498e-01	1.780124791776374060e-01	2.378546834109044328e-01	1.425406567770304000e-01	6.912292033197728336e-02	2.721511408229295922e-02	7.046339501800319427e-02
1.028993724444478858e+03	2.745423753232437702e-01	1.778520925865004765e-01	2.380240937696361248e-01	1.426413899136747543e-01	6.916529470602938989e-02	2.724304475033322362e-02	7.053170895031693477e-02
1.030445055508575479e+03	2.742944300189960050e-01	1.776919723392684225e-01	2.381931699794310464e-01	1.427419488143049642e-01	6.920759706066374750e-02	2.727095903760965237e-02	7.059992274946085000e-02
1.031896386572671872e+03	2.740469145372202986e-01	1.775321179769048241e-01	2.383619128444719182e-01	1.428423338613745708e-01	6.924982754944877805e-02	2.729885677221804627e-02	7.066803645809625889e-02
1.033347717636768493e+03	2.737998281273804069e-01	1.773725290412366817e-01	2.385303231660117207e-01	1.429425454360384595e-01	6.929198632544479597e-02	2.732673778381978363e-02	7.073605011980281521e-02
1.034799048700865114e+03	2.735531700403261435e-01	1.772132050749523902e-01	2.386984017423901261e-01	1.430425839181594383e-01	6.933407354120664501e-02	2.735460190363134605e-02	7.080396377906861272e-02
1.036250379764961508e+03	2.733069395282903269e-01	1.770541456215995180e-01	2.388661493690496518e-01	1.431424496863147044e-01	6.937608934878630729e-02	2.738244896441387882e-02	7.087177748128037358e-02
1.037701710829058356e+03	2.730611358448855053e-01	1.768953502255828369e-01	2.390335668385518419e-01	1.432421431178025895e-01	6.941803389973555394e-02	2.741027880046283810e-02	7.093949127271365063e-02
1.039153041893154750e+03	2.728157582451011254e-01	1.767368184321622959e-01	2.392006549405933935e-01	1.433416645886486929e-01	6.945990734510851250e-02	2.743809124759769014e-02	7.100710520052319619e-02
1.040604372957251599e+03	2.725708059853001464e-01	1.765785497874509669e-01	2.393674144620218103e-01	1.434410144736125714e-01	6.950170983546427594e-02	2.746588614315167293e-02	7.107461931273344191e-02
1.042055704021347992e+03	2.723262783232163753e-01	1.764205438384129909e-01	2.395338461868514734e-01	1.435401931461940950e-01	6.954344152086938680e-02	2.749366332596160298e-02	7.114203365822897862e-02
1.043507035085444613e+03	2.720821745179510809e-01	1.762628001328614968e-01	2.396999508962791292e-01	1.436392009786396917e-01	6.958510255090048779e-02	2.752142263635776881e-02	7.120934828674524431e-02
1.044958366149541234e+03	2.718384938299700515e-01	1.761053182194567968e-01	2.398657293686994874e-01	1.437380383419487595e-01	6.962669307464676438e-02	2.754916391615387303e-02	7.127656324885918437e-02
1.046409697213637855e+03	2.715952355211005975e-01	1.759480976477041103e-01	2.400311823797207089e-01	1.438367056058799665e-01	6.966821324071245658e-02	2.757688700863702644e-02	7.134367859598010619e-02
1.047861028277734476e+03	2.713523988545283872e-01	1.757911379679517050e-01	2.401963107021796995e-01	1.439352031389574404e-01	6.970966319721937088e-02	2.760459175855780115e-02	7.141069438034056138e-02
1.049312359341831097e+03	2.711099830947946709e-01	1.756344387313888700e-01	2.403611151061574025e-01	1.440335313084770419e-01	6.975104309180930884e-02	2.763227801212035650e-02	7.147761065498732524e-02
1.050763690405927491e+03	2.708679875077930621e-01	1.754779994900439455e-01	2.405255963589938428e-01	1.441316904805124421e-01	6.979235307164656510e-02	2.765994561697261711e-02	7.154442747377248724e-02
1.052215021470024112e+03	2.706264113607667054e-01	1.753218197967823244e-01	2.406897552253031425e-01	1.442296810199213686e-01	6.983359328342030048e-02	2.768759442219650632e-02	7.161114489134459693e-02
1.053666352534120733e+03	2.703852539223051132e-01	1.751658992053044817e-01	2.408535924669885919e-01	1.443275032903515998e-01	6.987476387334702610e-02	2.771522427829824220e-02	7.167776296313989326e-02
1.055117683598217127e+03	2.701445144623413896e-01	1.750102372701440312e-01	2.410171088432571662e-01	1.444251576542470994e-01	6.991586498717296261e-02	2.774283503719868205e-02	7.174428174537365865e-02
1.056569014662313975e+03	2.699041922521490111e-01	1.748548335466657555e-01	2.411803051106344298e-01	1.445226444728539839e-01	6.995689677017639940e-02	2.777042655222373979e-02	7.181070129503162869e-02
1.058020345726410369e+03	2.696642865643392728e-01	1.746996875910636349e-01	2.413431820229790248e-01	1.446199641062266283e-01	6.999785936717015100e-02	2.779799867809484848e-02	7.187702166986145724e-02
1.059471676790506763e+03	2.694247966728578469e-01	1.745447989603589045e-01	2.415057403314971873e-01	1.447171169132334678e-01	7.003875292250379136e-02	2.782555127091948174e-02	7.194324292836433432e-02
1.060923007854603611e+03	2.691857218529821738e-01	1.743901672123981117e-01	2.416679807847572081e-01	1.448141032515630755e-01	7.007957758006605475e-02	2.785308418818174467e-02	7.200936512978660387e-02
1.062374338918700232e+03	2.689470613813186306e-01	1.742357919058512838e-01	2.418299041287035600e-01	1.449109234777298805e-01	7.012033348328718108e-02	2.788059728873300280e-02	7.207538833411153423e-02
1.063825669982796853e+03	2.687088145357992008e-01	1.740816726002098747e-01	2.419915111066711644e-01	1.450075779470801074e-01	7.016102077514112245e-02	2.790809043278256671e-02	7.214131260205107476e-02
1.065277001046893474e+03	2.684709805956789763e-01	1.739278088557848767e-01	2.421528024593994910e-01	1.451040670137975774e-01	7.020163959814794408e-02	2.793556348188846322e-02	7.220713799503782060e-02
1.066728332110990095e+03	2.682335588415329930e-01	1.737742002337049896e-01	2.423137789250464635e-01	1.452003910309095092e-01	7.024219009437601691e-02	2.796301629894822408e-02	7.227286457521694962e-02
1.068179663175086489e+03	2.679965485552535109e-01	1.736208462959146770e-01	2.424744412392024207e-01	1.452965503502922362e-01	7.028267240544427974e-02	2.799044874818974737e-02	7.233849240543828440e-02
1.069630994239183110e+03	2.677599490200471277e-01	1.734677466051721961e-01	2.426347901349038272e-01	1.453925453226768694e-01	7.032308667252454293e-02	2.801786069516221805e-02	7.240402154924838185e-02
1.071082325303279504e+03	2.675237595204317809e-01	1.733149007250477935e-01	2.427948263426470410e-01	1.454883762976550698e-01	7.036343303634365332e-02	2.804525200672707344e-02	7.246945207088277552e-02
1.072533656367376352e+03	2.672879793422339723e-01	1.731623082199218178e-01	2.429545505904018299e-01	1.455840436236846003e-01	7.040371163718572856e-02	2.807262255104903126e-02	7.253478403525821794e-02
1.073984987431472746e+03	2.670526077725859371e-01	1.730099686549828875e-01	2.431139636036248886e-01	1.456795476480950147e-01	7.044392261489434981e-02	2.809997219758716969e-02	7.260001750796502007e-02
1.075436318495569594e+03	2.668176440999227017e-01	1.728578815962258930e-01	2.432730661052731891e-01	1.457748887170930985e-01	7.048406610887472667e-02	2.812730081708605945e-02	7.266515255525951567e-02
1.076887649559666215e+03	2.665830876139795302e-01	1.727060466104502201e-01	2.434318588158174979e-01	1.458700671757685585e-01	7.052414225809594539e-02	2.815460828156694448e-02	7.273018924405649788e-02
1.078338980623762609e+03	2.663489376057887048e-01	1.725544632652579458e-01	2.435903424532552541e-01	1.459650833680994075e-01	7.056415120109299499e-02	2.818189446431899198e-02	7.279512764192185015e-02
1.079790311687859230e+03	2.661151933676771386e-01	1.724031311290518953e-01	2.437485177331239761e-01	1.460599376369575153e-01	7.060409307596902939e-02	2.820915923989057716e-02	7.285996781706509384e-02
1.081241642751955851e+03	2.658818541932629897e-01	1.722520497710338105e-01	2.439063853685141670e-01	1.461546303241140210e-01	7.064396802039742129e-02	2.823640248408063394e-02	7.292470983833218567e-02
1.082692973816052472e+03	2.656489193774535518e-01	1.721012187612026012e-01	2.440639460700823049e-01	1.462491617702447178e-01	7.068377617162391324e-02	2.826362407393005413e-02	7.298935377519817636e-02
1.084144304880149093e+03	2.654163882164419230e-01	1.719506376703524575e-01	2.442212005460635826e-01	1.463435323149354095e-01	7.072351766646867155e-02	2.829082388771313877e-02	7.305389969776016068e-02
1.085595635944245487e+03	2.651842600077045642e-01	1.718003060700710183e-01	2.443781495022847861e-01	1.464377422966873232e-01	7.076319264132840958e-02	2.831800180492909449e-02	7.311834767673014435e-02
1.087046967008342108e+03	2.649525340499984116e-01	1.716502235327375669e-01	2.445347936421769508e-01	1.465317920529223827e-01	7.080280123217848331e-02	2.834515770629359929e-02	7.318269778342802179e-02
1.088498298072438729e+03	2.647212096433579909e-01	1.715003896315211995e-01	2.446911336667878800e-01	1.466256819199884265e-01	7.084234357457486198e-02	2.837229147373040647e-02	7.324695008977459565e-02
1.089949629136535123e+03	2.644902860890930851e-01	1.713508039403791317e-01	2.448471702747946899e-01	1.467194122331645367e-01	7.088181980365627910e-02	2.839940299036299368e-02	7.331110466828469341e-02
1.091400960200631971e+03	2.642597626897853491e-01	1.712014660340547556e-01	2.450029041625162718e-01	1.468129833266662021e-01	7.092123005414618930e-02	2.842649214050628828e-02	7.337516159206039501e-02
1.092852291264728365e+03	2.640296387492861441e-01	1.710523754880759195e-01	2.451583360239254494e-01	1.469063955336505356e-01	7.096057446035479443e-02	2.845355880965839968e-02	7.343912093478419112e-02
1.094303622328825213e+03	2.637999135727135958e-01	1.709035318787532065e-01	2.453134665506614132e-01	1.469996491862213817e-01	7.099985315618111137e-02	2.848060288449246955e-02	7.350298277071232178e-02
1.095754953392921607e+03	2.635705864664498188e-01	1.707549347831779918e-01	2.454682964320417382e-01	1.470927446154344231e-01	7.103906627511488714e-02	2.850762425284849438e-02	7.356674717466815672e-02
1.097206284457018228e+03	2.633416567381383078e-01	1.706065837792208884e-01	2.456228263550745416e-01	1.471856821513023439e-01	7.107821395023862510e-02	2.853462280372525903e-02	7.363041422203560338e-02
1.098657615521114849e+03	2.631131236966811615e-01	1.704584784455297763e-01	2.457770570044704173e-01	1.472784621227997970e-01	7.111729631422954168e-02	2.856159842727228060e-02	7.369398398875257050e-02
1.100108946585211470e+03	2.628849866522364742e-01	1.703106183615282210e-01	2.459309890626543982e-01	1.473710848578685395e-01	7.115631349936153704e-02	2.858855101478183919e-02	7.375745655130458434e-02
1.101560277649308091e+03	2.626572449162155598e-01	1.701630031074135296e-01	2.460846232097777253e-01	1.474635506834222898e-01	7.119526563750711023e-02	2.861548045868101547e-02	7.382083198671832158e-02
1.103011608713404712e+03	2.624298978012805095e-01	1.700156322641552253e-01	2.462379601237296156e-01	1.475558599253518066e-01	7.123415286013928815e-02	2.864238665252379773e-02	7.388411037255536440e-02
1.104462939777501106e+03	2.622029446213411386e-01	1.698685054134931316e-01	2.463910004801488918e-01	1.476480129085297466e-01	7.127297529833359624e-02	2.866926949098326516e-02	7.394729178690584437e-02
1.105914270841597499e+03	2.619763846915526551e-01	1.697216221379357071e-01	2.465437449524356950e-01	1.477400099568156322e-01	7.131173308276989031e-02	2.869612886984375735e-02	7.401037630838229464e-02
1.107365601905694348e+03	2.617502173283128286e-01	1.695749820207583525e-01	2.466961942117627815e-01	1.478318513930607370e-01	7.135042634373431336e-02	2.872296468599315478e-02	7.407336401611347432e-02
1.108816932969790741e+03	2.615244418492595480e-01	1.694285846460015788e-01	2.468483489270871800e-01	1.479235375391128038e-01	7.138905521112114128e-02	2.874977683741516271e-02	7.413625498973824834e-02
1.110268264033887590e+03	2.612990575732679344e-01	1.692824295984694249e-01	2.470002097651613215e-01	1.480150687158210410e-01	7.142761981443469799e-02	2.877656522318166807e-02	7.419904930939960619e-02
1.111719595097984211e+03	2.610740638204479547e-01	1.691365164637276541e-01	2.471517773905444748e-01	1.481064452430407852e-01	7.146612028279111795e-02	2.880332974344512048e-02	7.426174705573862500e-02
1.113170926162080832e+03	2.608494599121416457e-01	1.689908448281020603e-01	2.473030524656138762e-01	1.481976674396382754e-01	7.150455674492033065e-02	2.883007029943100014e-02	7.432434830988858543e-02
1.114622257226177226e+03	2.606252451709205054e-01	1.688454142786768308e-01	2.474540356505758876e-01	1.482887356234954823e-01	7.154292932916776759e-02	2.885678679343028907e-02	7.438685315346908744e-02
1.116073588290273847e+03	2.604014189205829943e-01	1.687002244032928255e-01	2.476047276034769318e-01	1.483796501115146604e-01	7.158123816349627744e-02	2.888347912879200494e-02	7.444926166858018002e-02
1.117524919354370468e+03	2.601779804861518719e-01	1.685552747905458004e-01	2.477551289802146506e-01	1.484704112196231496e-01	7.161948337548790233e-02	2.891014720991578676e-02	7.451157393779672677e-02
1.118976250418467089e+03	2.599549291938718087e-01	1.684105650297848256e-01	2.479052404345486182e-01	1.485610192627779269e-01	7.165766509234565429e-02	2.893679094224453630e-02	7.457379004416257728e-02
1.120427581482563710e+03	2.597322643712063894e-01	1.682660947111106198e-01	2.480550626181113050e-01	1.486514745549703254e-01	7.169578344089536093e-02	2.896341023225707662e-02	7.463591007118494658e-02
1.121878912546660331e+03	2.595099853468358919e-01	1.681218634253738020e-01	2.482045961804187073e-01	1.487417774092305023e-01	7.173383854758738631e-02	2.899000498746087326e-02	7.469793410282886403e-02
1.123330243610756725e+03	2.592880914506546786e-01	1.679778707641733093e-01	2.483538417688811173e-01	1.488319281376321024e-01	7.177183053849846284e-02	2.901657511638481082e-02	7.475986222351153898e-02
1.124781574674853118e+03	2.590665820137685871e-01	1.678341163198546759e-01	2.485028000288136696e-01	1.489219270512968096e-01	7.180975953933339817e-02	2.904312052857199039e-02	7.482169451809694838e-02
1.126232905738949967e+03	2.588454563684922660e-01	1.676905996855083958e-01	2.486514716034469719e-01	1.490117744603987326e-01	7.184762567542682388e-02	2.906964113457258941e-02	7.488343107189032732e-02
1.127684236803046360e+03	2.586247138483469543e-01	1.675473204549682849e-01	2.487998571339374021e-01	1.491014706741689289e-01	7.188542907174495789e-02	2.909613684593675975e-02	7.494507197063281223e-02
1.129135567867143209e+03	2.584043537880576502e-01	1.674042782228098714e-01	2.489479572593776835e-01	1.491910160009000119e-01	7.192316985288729758e-02	2.912260757520758123e-02	7.500661730049605624e-02
1.130586898931239830e+03	2.581843755235507243e-01	1.672614725843486194e-01	2.490957726168070985e-01	1.492804107479503428e-01	7.196084814308836841e-02	2.914905323591403599e-02	7.506806714807696956e-02
1.132038229995336451e+03	2.579647783919513104e-01	1.671189031356385413e-01	2.492433038412217583e-01	1.493696552217485818e-01	7.199846406621940309e-02	2.917547374256404882e-02	7.512942160039245976e-02
1.133489561059432845e+03	2.577455617315811409e-01	1.669765694734703376e-01	2.493905515655848448e-01	1.494587497277979904e-01	7.203601774579004857e-02	2.920186901063755863e-02	7.519068074487421371e-02
1.134940892123529466e+03	2.575267248819554378e-01	1.668344711953698711e-01	2.495375164208366858e-01	1.495476945706809002e-01	7.207350930495001751e-02	2.922823895657963855e-02	7.525184466936357675e-02
1.136392223187626087e+03	2.573082671837810254e-01	1.666926078995966121e-01	2.496841990359047747e-01	1.496364900540628762e-01	7.211093886649079521e-02	2.925458349779366460e-02	7.531291346210644555e-02
1.137843554251722708e+03	2.570901879789534439e-01	1.665509791851418897e-01	2.498306000377138181e-01	1.497251364806971019e-01	7.214830655284729111e-02	2.928090255263450861e-02	7.537388721174820283e-02
1.139294885315819101e+03	2.568724866105545623e-01	1.664095846517274213e-01	2.499767200511956999e-01	1.498136341524285986e-01	7.218561248609950409e-02	2.930719604040179713e-02	7.543476600732870740e-02
1.140746216379915950e+03	2.566551624228503581e-01	1.662684238998035913e-01	2.501225596992991407e-01	1.499019833701986104e-01	7.222285678797409070e-02	2.933346388133319452e-02	7.549554993827731209e-02
1.142197547444012343e+03	2.564382147612880858e-01	1.661274965305480078e-01	2.502681196029997723e-01	1.499901844340486012e-01	7.226003957984609982e-02	2.935970599659773125e-02	7.555623909440802033e-02
1.143648878508108737e+03	2.562216429724941125e-01	1.659868021458637544e-01	2.504134003813096032e-01	1.500782376431246401e-01	7.229716098274054092e-02	2.938592230828919807e-02	7.561683356591453187e-02
1.145100209572205586e+03	2.560054464042711975e-01	1.658463403483779186e-01	2.505584026512867601e-01	1.501661432956814812e-01	7.233422111733396609e-02	2.941211273941954016e-02	7.567733344336544099e-02
1.146551540636302207e+03	2.557896244055964385e-01	1.657061107414399548e-01	2.507031270280452029e-01	1.502539016890867274e-01	7.237122010395613536e-02	2.943827721391232069e-02	7.573773881769950422e-02
1.148002871700398828e+03	2.555741763266183852e-01	1.655661129291201294e-01	2.508475741247641611e-01	1.503415131198249932e-01	7.240815806259157106e-02	2.946441565659622605e-02	7.579804978022082473e-02
1.149454202764495449e+03	2.553591015186549851e-01	1.654263465162080227e-01	2.509917445526974600e-01	1.504289778835018743e-01	7.244503511288113984e-02	2.949052799319859877e-02	7.585826642259420327e-02
1.150905533828591842e+03	2.551443993341909744e-01	1.652868111082107794e-01	2.511356389211831797e-01	1.505162962748481381e-01	7.248185137412366252e-02	2.951661415033901906e-02	7.591838883684050299e-02
1.152356864892688463e+03	2.549300691268754915e-01	1.651475063113517494e-01	2.512792578376529251e-01	1.506034685877238044e-01	7.251860696527738515e-02	2.954267405552293141e-02	7.597841711533202813e-02
1.153808195956785084e+03	2.547161102515196895e-01	1.650084317325687944e-01	2.514226019076409857e-01	1.506904951151220029e-01	7.255530200496163040e-02	2.956870763713529901e-02	7.603835135078793050e-02
1.155259527020881706e+03	2.545025220640944053e-01	1.648695869795127888e-01	2.515656717347937721e-01	1.507773761491731090e-01	7.259193661145831034e-02	2.959471482443430321e-02	7.609819163626969918e-02
1.156710858084978327e+03	2.542893039217275497e-01	1.647309716605461494e-01	2.517084679208787534e-01	1.508641119811487130e-01	7.262851090271341126e-02	2.962069554754509851e-02	7.615793806517670572e-02
1.158162189149074720e+03	2.540764551827019990e-01	1.645925853847412523e-01	2.518509910657937279e-01	1.509507029014654778e-01	7.266502499633860357e-02	2.964664973745357798e-02	7.621759073124174944e-02
1.159613520213171569e+03	2.538639752064531518e-01	1.644544277618787687e-01	2.519932417675757597e-01	1.510371491996891635e-01	7.270147900961269893e-02	2.967257732600020459e-02	7.627714972852665809e-02
1.161064851277267962e+03	2.536518633535663758e-01	1.643164984024463315e-01	2.521352206224103387e-01	1.511234511645385137e-01	7.273787305948314907e-02	2.969847824587386678e-02	7.633661515141787479e-02
1.162516182341364356e+03	2.534401189857748982e-01	1.641787969176368989e-01	2.522769282246400402e-01	1.512096090838891127e-01	7.277420726256757233e-02	2.972435243060577922e-02	7.639598709462225301e-02
1.163967513405461204e+03	2.532287414659571412e-01	1.640413229193472822e-01	2.524183651667735728e-01	1.512956232447771887e-01	7.281048173515525246e-02	2.975019981456340432e-02	7.645526565316269896e-02
1.165418844469557826e+03	2.530177301581347793e-01	1.639040760201765645e-01	2.525595320394946608e-01	1.513814939334036103e-01	7.284669659320856805e-02	2.977602033294445699e-02	7.651445092237391110e-02
1.166870175533654447e+03	2.528070844274700191e-01	1.637670558334247406e-01	2.527004294316705924e-01	1.514672214351375223e-01	7.288285195236451908e-02	2.980181392177089564e-02	7.657354299789825847e-02
1.168321506597751068e+03	2.525968036402635453e-01	1.636302619730909402e-01	2.528410579303611017e-01	1.515528060345202876e-01	7.291894792793614244e-02	2.982758051788298934e-02	7.663254197568154791e-02
1.169772837661847461e+03	2.523868871639519118e-01	1.634936940538723182e-01	2.529814181208268065e-01	1.516382480152691503e-01	7.295498463491401075e-02	2.985332005893339205e-02	7.669144795196893016e-02
1.171224168725944082e+03	2.521773343671055989e-01	1.633573516911621670e-01	2.531215105865379789e-01	1.517235476602810385e-01	7.299096218796762015e-02	2.987903248338128967e-02	7.675026102330080591e-02
1.172675499790040703e+03	2.519681446194262375e-01	1.632212345010486954e-01	2.532613359091831495e-01	1.518087052516362556e-01	7.302688070144684740e-02	2.990471773048655052e-02	7.680898128650881507e-02
1.174126830854137097e+03	2.517593172917446109e-01	1.630853421003134185e-01	2.534008946686772124e-01	1.518937210706022278e-01	7.306274028938342102e-02	2.993037574030392792e-02	7.686760883871172900e-02
1.175578161918233945e+03	2.515508517560184343e-01	1.629496741064296594e-01	2.535401874431701952e-01	1.519785953976371118e-01	7.309854106549226738e-02	2.995600645367731130e-02	7.692614377731157860e-02
1.177029492982330339e+03	2.513427473853297456e-01	1.628142301375612166e-01	2.536792148090555865e-01	1.520633285123934308e-01	7.313428314317295398e-02	2.998160981223399468e-02	7.698458619998965746e-02
1.178480824046426733e+03	2.511350035538827408e-01	1.626790098125607265e-01	2.538179773409784956e-01	1.521479206937219053e-01	7.316996663551110502e-02	3.000718575837899027e-02	7.704293620470262227e-02
1.179932155110523581e+03	2.509276196370017198e-01	1.625440127509682753e-01	2.539564756118439237e-01	1.522323722196748941e-01	7.320559165527976142e-02	3.003273423528937322e-02	7.710119388967866250e-02
1.181383486174620202e+03	2.507205950111284221e-01	1.624092385730099841e-01	2.540947101928251461e-01	1.523166833675100029e-01	7.324115831494079631e-02	3.005825518690867504e-02	7.715935935341361462e-02
1.182834817238716823e+03	2.505139290538200281e-01	1.622746868995964542e-01	2.542326816533716505e-01	1.524008544136937204e-01	7.327666672664624736e-02	3.008374855794131164e-02	7.721743269466722903e-02
1.184286148302813444e+03	2.503076211437468279e-01	1.621403573523212960e-01	2.543703905612175187e-01	1.524848856339048597e-01	7.331211700223976002e-02	3.010921429384701489e-02	7.727541401245931196e-02
1.185737479366910065e+03	2.501016706606899453e-01	1.620062495534598523e-01	2.545078374823891987e-01	1.525687773030383054e-01	7.334750925325785043e-02	3.013465234083534741e-02	7.733330340606610342e-02
1.187188810431006686e+03	2.498960769855391173e-01	1.618723631259675610e-01	2.546450229812134980e-01	1.526525296952082889e-01	7.338284359093133480e-02	3.016006264586022778e-02	7.739110097501653018e-02
1.188640141495103080e+03	2.496908395002904180e-01	1.617386976934785947e-01	2.547819476203259104e-01	1.527361430837519962e-01	7.341812012618660621e-02	3.018544515661449393e-02	7.744880681908855591e-02
1.190091472559199701e+03	2.494859575880440383e-01	1.616052528803044730e-01	2.549186119606781098e-01	1.528196177412330381e-01	7.345333896964705012e-02	3.021079982152448037e-02	7.750642103830550356e-02
1.191542803623296322e+03	2.492814306330020380e-01	1.614720283114324806e-01	2.550550165615458331e-01	1.529029539394448356e-01	7.348850023163429335e-02	3.023612658974468917e-02	7.756394373293257205e-02
1.192994134687392716e+03	2.490772580204661524e-01	1.613390236125244459e-01	2.551911619805369291e-01	1.529861519494141175e-01	7.352360402216957802e-02	3.026142541115242265e-02	7.762137500347317254e-02
1.194445465751489564e+03	2.488734391368354892e-01	1.612062384099152146e-01	2.553270487735989080e-01	1.530692120414043067e-01	7.355865045097502442e-02	3.028669623634250643e-02	7.767871495066544507e-02
1.195896796815585958e+03	2.486699733696045023e-01	1.610736723306111506e-01	2.554626774950266022e-01	1.531521344849189059e-01	7.359363962747499099e-02	3.031193901662201234e-02	7.773596367547877528e-02
1.197348127879682352e+03	2.484668601073605210e-01	1.609413250022888875e-01	2.555980486974701038e-01	1.532349195487048565e-01	7.362857166079733728e-02	3.033715370400503347e-02	7.779312127911028329e-02
1.198799458943779200e+03	2.482640987397818078e-01	1.608091960532937736e-01	2.557331629319419264e-01	1.533175675007559524e-01	7.366344665977470063e-02	3.036234025120749386e-02	7.785018786298140980e-02
1.200250790007875821e+03	2.480616886576351710e-01	1.606772851126385404e-01	2.558680207478249979e-01	1.534000786083160595e-01	7.369826473294580071e-02	3.038749861164196861e-02	7.790716352873455763e-02
1.201702121071972442e+03	2.478596292527739109e-01	1.605455918100019141e-01	2.560026226928798776e-01	1.534824531378824741e-01	7.373302598855667467e-02	3.041262873941256994e-02	7.796404837822966394e-02
1.203153452136069063e+03	2.476579199181354884e-01	1.604141157757271730e-01	2.561369693132523606e-01	1.535646913552092541e-01	7.376773053456202323e-02	3.043773058930984363e-02	7.802084251354089728e-02
1.204604783200165684e+03	2.474565600477395544e-01	1.602828566408207589e-01	2.562710611534808613e-01	1.536467935253104655e-01	7.380237847862639033e-02	3.046280411680571051e-02	7.807754603695328532e-02
1.206056114264262078e+03	2.472555490366855901e-01	1.601518140369509180e-01	2.564048987565035742e-01	1.537287599124634307e-01	7.383696992812541215e-02	3.048784927804842892e-02	7.813415905095953684e-02
1.207507445328358699e+03	2.470548862811508539e-01	1.600209875964463402e-01	2.565384826636663007e-01	1.538105907802120031e-01	7.387150499014713545e-02	3.051286602985759516e-02	7.819068165825671102e-02
1.208958776392455093e+03	2.468545711783881325e-01	1.598903769522946605e-01	2.566718134147291108e-01	1.538922863913696482e-01	7.390598377149316944e-02	3.053785432971919261e-02	7.824711396174303946e-02
1.210410107456551941e+03	2.466546031267237149e-01	1.597599817381412657e-01	2.568048915478738925e-01	1.539738470080228294e-01	7.394040637867994870e-02	3.056281413578063044e-02	7.830345606451469265e-02
1.211861438520648335e+03	2.464549815255551168e-01	1.596298015882877397e-01	2.569377175997116236e-01	1.540552728915340064e-01	7.397477291793999599e-02	3.058774540684586901e-02	7.835970806986265746e-02
1.213312769584745183e+03	2.462557057753489986e-01	1.594998361376906426e-01	2.570702921052892553e-01	1.541365643025449650e-01	7.400908349522307417e-02	3.061264810237053144e-02	7.841587008126958691e-02
1.214764100648841804e+03	2.460567752776390560e-01	1.593700850219600118e-01	2.572026155980970397e-01	1.542177215009798152e-01	7.404333821619737965e-02	3.063752218245707759e-02	7.847194220240671925e-02
1.216215431712937971e+03	2.458581894350237995e-01	1.592405478773581684e-01	2.573346886100754127e-01	1.542987447460482109e-01	7.407753718625081918e-02	3.066236760784998502e-02	7.852792453713074161e-02
1.217666762777034819e+03	2.456599476511645563e-01	1.591112243407981630e-01	2.574665116716220448e-01	1.543796342962483747e-01	7.411168051049216166e-02	3.068718433993097849e-02	7.858381718948082018e-02
1.219118093841131440e+03	2.454620493307833329e-01	1.589821140498425822e-01	2.575980853115989455e-01	1.544603904093702629e-01	7.414576829375220390e-02	3.071197234071428722e-02	7.863962026367551927e-02
1.220569424905228061e+03	2.452644938796605389e-01	1.588532166427021330e-01	2.577294100573391811e-01	1.545410133424985899e-01	7.417980064058496414e-02	3.073673157284193685e-02	7.869533386410980380e-02
1.222020755969324682e+03	2.450672807046330726e-01	1.587245317582343385e-01	2.578604864346538128e-01	1.546215033520159099e-01	7.421377765526890324e-02	3.076146199957904490e-02	7.875095809535213875e-02
1.223472087033421303e+03	2.448704092135921273e-01	1.585960590359421496e-01	2.579913149678386697e-01	1.547018606936055862e-01	7.424769944180796555e-02	3.078616358480918552e-02	7.880649306214150551e-02
1.224923418097517697e+03	2.446738788154811661e-01	1.584677981159725857e-01	2.581218961796813982e-01	1.547820856222549002e-01	7.428156610393288339e-02	3.081083629302976482e-02	7.886193886938447362e-02
1.226374749161614318e+03	2.444776889202937564e-01	1.583397486391155407e-01	2.582522305914679572e-01	1.548621783922579653e-01	7.431537774510224570e-02	3.083548008934742374e-02	7.891729562215232807e-02
1.227826080225710712e+03	2.442818389390714884e-01	1.582119102468022842e-01	2.583823187229892793e-01	1.549421392572188083e-01	7.434913446850364982e-02	3.086009493947347929e-02	7.897256342567821052e-02
1.229277411289807560e+03	2.440863282839019488e-01	1.580842825811043240e-01	2.585121610925482649e-01	1.550219684700541722e-01	7.438283637705483953e-02	3.088468080971938645e-02	7.902774238535432982e-02
1.230728742353903954e+03	2.438911563679165839e-01	1.579568652847318788e-01	2.586417582169660001e-01	1.551016662829966530e-01	7.441648357340487074e-02	3.090923766699223835e-02	7.908283260672906156e-02
1.232180073418000802e+03	2.436963226052887843e-01	1.578296580010326855e-01	2.587711106115886950e-01	1.551812329475974750e-01	7.445007615993520789e-02	3.093376547879028715e-02	7.913783419550426967e-02
1.233631404482097196e+03	2.435018264112316089e-01	1.577026603739906385e-01	2.589002187902939012e-01	1.552606687147294884e-01	7.448361423876083409e-02	3.095826421319851363e-02	7.919274725753241984e-02
1.235082735546193817e+03	2.433076672019958697e-01	1.575758720482245689e-01	2.590290832654973951e-01	1.553399738345900838e-01	7.451709791173134756e-02	3.098273383888419316e-02	7.924757189881398434e-02
1.236534066610290438e+03	2.431138443948680228e-01	1.574492926689868288e-01	2.591577045481592290e-01	1.554191485567039954e-01	7.455052728043216892e-02	3.100717432509252081e-02	7.930230822549463876e-02
1.237985397674387059e+03	2.429203574081681971e-01	1.573229218821620978e-01	2.592860831477905026e-01	1.554981931299262154e-01	7.458390244618551268e-02	3.103158564164225711e-02	7.935695634386263908e-02
1.239436728738483680e+03	2.427272056612480577e-01	1.571967593342659120e-01	2.594142195724596367e-01	1.555771078024448528e-01	7.461722351005155296e-02	3.105596775892137743e-02	7.941151636034610162e-02
1.240888059802580301e+03	2.425343885744888628e-01	1.570708046724435814e-01	2.595421143287984789e-01	1.556558928217838811e-01	7.465049057282943656e-02	3.108032064788280105e-02	7.946598838151042177e-02
1.242339390866676695e+03	2.423419055692992985e-01	1.569450575444687745e-01	2.596697679220090760e-01	1.557345484348061082e-01	7.468370373505850424e-02	3.110464428004008561e-02	7.952037251405565110e-02
1.243790721930773088e+03	2.421497560681136196e-01	1.568195175987422696e-01	2.597971808558695028e-01	1.558130748877158134e-01	7.471686309701923434e-02	3.112893862746320822e-02	7.957466886481387447e-02
1.245242052994869937e+03	2.419579394943895678e-01	1.566941844842906773e-01	2.599243536327403015e-01	1.558914724260616058e-01	7.474996875873433921e-02	3.115320366277433278e-02	7.962887754074669810e-02
1.246693384058966330e+03	2.417664552726063176e-01	1.565690578507651642e-01	2.600512867535707540e-01	1.559697412947391726e-01	7.478302081996986150e-02	3.117743935914363274e-02	7.968299864894265450e-02
1.248144715123063179e+03	2.415753028282624781e-01	1.564441373484400377e-01	2.601779807179048776e-01	1.560478817379941374e-01	7.481601938023617338e-02	3.120164569028511733e-02	7.973703229661474601e-02
1.249596046187159800e+03	2.413844815878741779e-01	1.563194226282117738e-01	2.603044360238875310e-01	1.561258939994245309e-01	7.484896453878914224e-02	3.122582263045250300e-02	7.979097859109790525e-02
1.251047377251256421e+03	2.411939909789729830e-01	1.561949133415974078e-01	2.604306531682706871e-01	1.562037783219838438e-01	7.488185639463101895e-02	3.124997015443510204e-02	7.984483763984651095e-02
1.252498708315352815e+03	2.410038304301038992e-01	1.560706091407335627e-01	2.605566326464192617e-01	1.562815349479834692e-01	7.491469504651154798e-02	3.127408823755375294e-02	7.989860955043201485e-02
1.253950039379449436e+03	2.408139993708234561e-01	1.559465096783750060e-01	2.606823749523172751e-01	1.563591641190955062e-01	7.494748059292904996e-02	3.129817685565675078e-02	7.995229443054044371e-02
1.255401370443546057e+03	2.406244972316976261e-01	1.558226146078934837e-01	2.608078805785737364e-01	1.564366660763554517e-01	7.498021313213137917e-02	3.132223598511582607e-02	8.000589238796998459e-02
1.256852701507642678e+03	2.404353234442999643e-01	1.556989235832763607e-01	2.609331500164286388e-01	1.565140410601647825e-01	7.501289276211693668e-02	3.134626560282215840e-02	8.005940353062863946e-02
1.258304032571739299e+03	2.402464774412095549e-01	1.555754362591255380e-01	2.610581837557587326e-01	1.565912893102936743e-01	7.504551958063573891e-02	3.137026568618238309e-02	8.011282796653189375e-02
1.259755363635835920e+03	2.400579586560090684e-01	1.554521522906560094e-01	2.611829822850835758e-01	1.566684110658835560e-01	7.507809368519037518e-02	3.139423621311464990e-02	8.016616580380028778e-02
1.261206694699932314e+03	2.398697665232827902e-01	1.553290713336948070e-01	2.613075460915712522e-01	1.567454065654497464e-01	7.511061517303704860e-02	3.141817716204470257e-02	8.021941715065716849e-02
1.262658025764028707e+03	2.396819004786147067e-01	1.552061930446796689e-01	2.614318756610441996e-01	1.568222760468841182e-01	7.514308414118656132e-02	3.144208851190197218e-02	8.027258211542634414e-02
1.264109356828125556e+03	2.394943599585865057e-01	1.550835170806577346e-01	2.615559714779848721e-01	1.568990197474576243e-01	7.517550068640527217e-02	3.146597024211574001e-02	8.032566080652986384e-02
1.265560687892221949e+03	2.393071444007756343e-01	1.549610430992844068e-01	2.616798340255416799e-01	1.569756379038228233e-01	7.520786490521612355e-02	3.148982233261124475e-02	8.037865333248571387e-02
1.267012018956318798e+03	2.391202532437534112e-01	1.548387707588221862e-01	2.618034637855344293e-01	1.570521307520165444e-01	7.524017689389961294e-02	3.151364476380590779e-02	8.043155980190558330e-02
1.268463350020415419e+03	2.389336859270830282e-01	1.547166997181392556e-01	2.619268612384600958e-01	1.571284985274623291e-01	7.527243674849472266e-02	3.153743751660550293e-02	8.048438032349267135e-02
1.269914681084511813e+03	2.387474418913176633e-01	1.545948296367084529e-01	2.620500268634986529e-01	1.572047414649730135e-01	7.530464456479996072e-02	3.156120057240041632e-02	8.053711500603948081e-02
1.271366012148608434e+03	2.385615205779985371e-01	1.544731601746059113e-01	2.621729611385181791e-01	1.572808597987532253e-01	7.533680043837429063e-02	3.158493391306188558e-02	8.058976395842565310e-02
1.272817343212705055e+03	2.383759214296529705e-01	1.543516909925098657e-01	2.622956645400808529e-01	1.573568537624018548e-01	7.536890446453810288e-02	3.160863752093828055e-02	8.064232728961577557e-02
1.274268674276801676e+03	2.381906438897925249e-01	1.542304217516995146e-01	2.624181375434483376e-01	1.574327235889145526e-01	7.540095673837410306e-02	3.163231137885142569e-02	8.069480510865728595e-02
1.275720005340898297e+03	2.380056874029110037e-01	1.541093521140537992e-01	2.625403806225871106e-01	1.575084695106862831e-01	7.543295735472832497e-02	3.165595547009289468e-02	8.074719752467832135e-02
1.277171336404994690e+03	2.378210514144826482e-01	1.539884817420501539e-01	2.626623942501741249e-01	1.575840917595136281e-01	7.546490640821107432e-02	3.167956977842041610e-02	8.079950464688567813e-02
1.278622667469091539e+03	2.376367353709601948e-01	1.538678102987632301e-01	2.627841788976023052e-01	1.576595905665972852e-01	7.549680399319784463e-02	3.170315428805420277e-02	8.085172658456266093e-02
1.280073998533187932e+03	2.374527387197729322e-01	1.537473374478638688e-01	2.629057350349855993e-01	1.577349661625445931e-01	7.552865020383023320e-02	3.172670898367338510e-02	8.090386344706705646e-02
1.281525329597284326e+03	2.372690609093249248e-01	1.536270628536178240e-01	2.630270631311647511e-01	1.578102187773718357e-01	7.556044513401687091e-02	3.175023385041240986e-02	8.095591534382912124e-02
1.282976660661381175e+03	2.370857013889929865e-01	1.535069861808844860e-01	2.631481636537122415e-01	1.578853486405066286e-01	7.559218887743437976e-02	3.177372887385753603e-02	8.100788238434949995e-02
1.284427991725477568e+03	2.369026596091248493e-01	1.533871070951158821e-01	2.632690370689378945e-01	1.579603559807903901e-01	7.562388152752824722e-02	3.179719404004325428e-02	8.105976467819725473e-02
1.285879322789574417e+03	2.367199350210373587e-01	1.532674252623553168e-01	2.633896838418939845e-01	1.580352410264806995e-01	7.565552317751375599e-02	3.182062933544882455e-02	8.111156233500788071e-02
1.287330653853671038e+03	2.365375270770144756e-01	1.531479403492362612e-01	2.635101044363804546e-01	1.581100040052536293e-01	7.568711392037688612e-02	3.184403474699477876e-02	8.116327546448132146e-02
1.288781984917767431e+03	2.363554352303055828e-01	1.530286520229811875e-01	2.636302993149503004e-01	1.581846451442060486e-01	7.571865384887520312e-02	3.186741026203945143e-02	8.121490417638006776e-02
1.290233315981864052e+03	2.361736589351233762e-01	1.529095599514003756e-01	2.637502689389146227e-01	1.582591646698580101e-01	7.575014305553876004e-02	3.189075586837557957e-02	8.126644858052715914e-02
