1.301360187473271253e+03	2.355996250141306203e-01	1.509810813570391930e-01	2.605899730957804694e-01	1.613737856153689698e-01	7.701671886142166801e-02	3.202173227188847421e-02	8.241708378410500524e-02
1.306197957686926657e+03	2.350142813009229448e-01	1.505797501266537275e-01	2.609651536644149727e-01	1.616355277924824696e-01	7.712970534495609820e-02	3.209569772964368517e-02	8.257988404066052279e-02
1.311035727900581833e+03	2.344323423265485262e-01	1.501805947271249719e-01	2.613381829746901919e-01	1.618957518342509505e-01	7.724203234240482885e-02	3.216936841831942451e-02	8.274172737639559627e-02
1.315873498114237009e+03	2.338537876056442089e-01	1.497836038602198827e-01	2.617090743174181888e-01	1.621544665028607501e-01	7.735370362585089477e-02	3.224274417914900492e-02	8.290261990859149055e-02
1.320711268327892412e+03	2.332785967851916387e-01	1.493887662798619176e-01	2.620778408683562266e-01	1.624116805194695534e-01	7.746472295312306633e-02	3.231582488263014252e-02	8.306256771110182013e-02
1.325549038541547588e+03	2.327067496435069327e-01	1.489960707919943950e-01	2.624444956904151693e-01	1.626674025639549548e-01	7.757509406750938419e-02	3.238861042787397060e-02	8.322157681447954480e-02
1.330386808755202765e+03	2.321382260892415339e-01	1.486055062544418548e-01	2.628090517357901668e-01	1.629216412746848364e-01	7.768482069748791630e-02	3.246110074196781325e-02	8.337965320612023001e-02
1.335224578968857941e+03	2.315730061603947509e-01	1.482170615767694488e-01	2.631715218480157881e-01	1.631744052483085072e-01	7.779390655647408503e-02	3.253329577935130251e-02	8.353680283042053123e-02
1.340062349182513572e+03	2.310110700233372338e-01	1.478307257201403602e-01	2.635319187639487137e-01	1.634257030395680765e-01	7.790235534258381500e-02	3.260519552120556830e-02	8.369303158895065320e-02
1.344900119396168748e+03	2.304523979718451909e-01	1.474464876971718352e-01	2.638902551156824261e-01	1.636755431611282841e-01	7.801017073841165494e-02	3.267679997485510579e-02	8.384834534063989597e-02
1.349737889609823924e+03	2.298969704261455138e-01	1.470643365717889117e-01	2.642465434323950646e-01	1.639239340834250103e-01	7.811735641082348525e-02	3.274810917318209808e-02	8.400274990197433012e-02
1.354575659823479100e+03	2.293447679319708110e-01	1.466842614590770644e-01	2.646007961421344423e-01	1.641708842345309116e-01	7.822391601076288115e-02	3.281912317405272922e-02	8.415625104720557415e-02
1.359413430037134731e+03	2.287957711596251553e-01	1.463062515251329632e-01	2.649530255735425555e-01	1.644164020000376258e-01	7.832985317307068762e-02	3.288984205975538366e-02	8.430885450857004970e-02
1.364251200250789907e+03	2.282499609030593790e-01	1.459302959869137883e-01	2.653032439575224166e-01	1.646604957229538813e-01	7.843517151631719531e-02	3.296026593645023234e-02	8.446056597651753484e-02
1.369088970464445310e+03	2.277073180789563611e-01	1.455563841120852131e-01	2.656514634288489884e-01	1.649031737036187328e-01	7.853987464264636231e-02	3.303039493363011531e-02	8.461139109994869623e-02
1.373926740678100487e+03	2.271678237258258348e-01	1.451845052188678320e-01	2.659976960277274372e-01	1.651444441996291479e-01	7.864396613763145749e-02	3.310022920359233234e-02	8.476133548646044846e-02
1.378764510891755890e+03	2.266314590031084930e-01	1.448146486758824514e-01	2.663419537013003713e-01	1.653843154257814974e-01	7.874744957014175040e-02	3.316976892092114021e-02	8.491040470259879347e-02
1.383602281105411066e+03	2.260982051902895307e-01	1.444468039019940475e-01	2.666842483051062862e-01	1.656227955540261199e-01	7.885032849221965123e-02	3.323901428198061669e-02	8.505860427411825186e-02
1.388440051319066470e+03	2.255680436860210414e-01	1.440809603661544203e-01	2.670245916044914347e-01	1.658598927134344592e-01	7.895260643896793995e-02	3.330796550441778026e-02	8.520593968624742831e-02
1.393277821532721646e+03	2.250409560072532400e-01	1.437171075872439585e-01	2.673629952759767892e-01	1.660956149901783030e-01	7.905428692844654326e-02	3.337662282667559766e-02	8.535241638396005859e-02
1.398115591746377049e+03	2.245169237883745672e-01	1.433552351339120179e-01	2.676994709085825930e-01	1.663299704275202073e-01	7.915537346157833221e-02	3.344498650751571989e-02	8.549803977225101104e-02
1.402953361960032225e+03	2.239959287803603427e-01	1.429953326244164102e-01	2.680340300051111679e-01	1.665629670258151895e-01	7.925586952206389868e-02	3.351305682555070359e-02	8.564281521641672890e-02
1.407791132173687402e+03	2.234779528499295509e-01	1.426373897264618940e-01	2.683666839833908635e-01	1.667946127425225245e-01	7.935577857630451981e-02	3.358083407878550974e-02	8.578674804233965556e-02
1.412628902387342805e+03	2.229629779787100918e-01	1.422813961570376928e-01	2.686974441774818145e-01	1.670249154922276436e-01	7.945510407333307434e-02	3.364831858416801602e-02	8.592984353677618481e-02
1.417466672600997981e+03	2.224509862624122480e-01	1.419273416822540990e-01	2.690263218388459499e-01	1.672538831466734432e-01	7.955384944475266118e-02	3.371551067714843863e-02	8.607210694764760861e-02
1.422304442814653157e+03	2.219419599100098395e-01	1.415752161171782153e-01	2.693533281374820287e-01	1.674815235348006692e-01	7.965201810468253152e-02	3.378241071124737233e-02	8.621354348433374337e-02
1.427142213028308333e+03	2.214358812429293999e-01	1.412250093256689487e-01	2.696784741630272042e-01	1.677078444427968773e-01	7.974961344971073784e-02	3.384901905763228885e-02	8.635415831796902641e-02
1.431979983241963964e+03	2.209327326942469305e-01	1.408767112202110594e-01	2.700017709258266674e-01	1.679328536141534989e-01	7.984663885885363854e-02	3.391533610470231358e-02	8.649395658174030554e-02
1.436817753455619140e+03	2.204324968078924252e-01	1.405303117617487385e-01	2.703232293579732604e-01	1.681565587497309555e-01	7.994309769352166140e-02	3.398136225768110669e-02	8.663294337118634947e-02
1.441655523669274316e+03	2.199351562378615565e-01	1.401858009595182142e-01	2.706428603143163913e-01	1.683789675078310177e-01	8.003899329749106228e-02	3.404709793821762004e-02	8.677112374449867660e-02
1.446493293882929493e+03	2.194406937474350228e-01	1.398431688708798859e-01	2.709606745734440270e-01	1.686000875042763247e-01	8.013432899688144317e-02	3.411254358399462561e-02	8.690850272282327205e-02
1.451331064096585123e+03	2.189490922084048052e-01	1.395024056011497648e-01	2.712766828386365958e-01	1.688199263124965932e-01	8.022910810013887672e-02	3.417769964834482116e-02	8.704508529056315114e-02
1.456168834310240300e+03	2.184603346003077817e-01	1.391635013034303869e-01	2.715908957387954681e-01	1.690384914636213765e-01	8.032333389802412404e-02	3.424256659987431201e-02	8.718087639568118663e-02
1.461006604523895703e+03	2.179744040096660840e-01	1.388264461784410597e-01	2.719033238293459553e-01	1.692557904465787633e-01	8.041700966360600111e-02	3.430714492209335775e-02	8.731588095000338001e-02
1.465844374737550879e+03	2.174912836292347273e-01	1.384912304743476097e-01	2.722139775931167183e-01	1.694718307081999609e-01	8.051013865225942201e-02	3.437143511305426613e-02	8.745010382952188299e-02
1.470682144951206283e+03	2.170109567572554854e-01	1.381578444865918798e-01	2.725228674411955820e-01	1.696866196533294291e-01	8.060272410166806345e-02	3.443543768499615632e-02	8.758354987469799124e-02
1.475519915164861459e+03	2.165334067967180087e-01	1.378262785577204774e-01	2.728300037137634804e-01	1.699001646449402880e-01	8.069476923183123429e-02	3.449915316399659870e-02	8.771622389076451365e-02
1.480357685378516862e+03	2.160586172546270778e-01	1.374965230772130509e-01	2.731353966809073608e-01	1.701124730042545274e-01	8.078627724507511654e-02	3.456258208962985357e-02	8.784813064802768356e-02
1.485195455592172038e+03	2.155865717412765725e-01	1.371685684813105655e-01	2.734390565434117737e-01	1.703235520108681011e-01	8.087725132606771172e-02	3.462572501463167390e-02	8.797927488216823744e-02
1.490033225805827215e+03	2.151172539695298813e-01	1.368424052528428303e-01	2.737409934335317541e-01	1.705334089028805178e-01	8.096769464183771470e-02	3.468858250457049902e-02	8.810966129454143869e-02
1.494870996019482618e+03	2.146506477541065550e-01	1.365180239210558866e-01	2.740412174157458303e-01	1.707420508770285394e-01	8.105761034179684299e-02	3.475115513752488616e-02	8.823929455247614406e-02
1.499708766233137567e+03	2.141867370108749558e-01	1.361954150614389514e-01	2.743397384874912692e-01	1.709494850888240991e-01	8.114700155776569113e-02	3.481344350376708308e-02	8.836817928957259316e-02
1.504546536446793198e+03	2.137255057561515403e-01	1.358745692955511675e-01	2.746365665798820022e-01	1.711557186526958818e-01	8.123587140400270745e-02	3.487544820545261659e-02	8.849632010599875476e-02
1.509384306660448374e+03	2.132669381060056379e-01	1.355554772908481032e-01	2.749317115584089533e-01	1.713607586421345974e-01	8.132422297723640447e-02	3.493716985631574456e-02	8.862372156878527141e-02
1.514222076874103550e+03	2.128110182755706126e-01	1.352381297605078914e-01	2.752251832236247142e-01	1.715646120898416394e-01	8.141205935670038640e-02	3.499860908137070875e-02	8.875038821211875262e-02
1.519059847087758726e+03	2.123577305783607150e-01	1.349225174632572577e-01	2.755169913118125091e-01	1.717672859878810465e-01	8.149938360417116612e-02	3.505976651661862203e-02	8.887632453763337492e-02
1.523897617301414357e+03	2.119070594255938467e-01	1.346086312031974652e-01	2.758071454956396718e-01	1.719687872878342960e-01	8.158619876400878546e-02	3.512064280875987904e-02	8.900153501470074724e-02
1.528735387515069533e+03	2.114589893255199027e-01	1.342964618296297319e-01	2.760956553847970785e-01	1.721691229009583435e-01	8.167250786319978084e-02	3.518123861491202070e-02	8.912602408071783333e-02
1.533573157728724709e+03	2.110135048827549431e-01	1.339860002368808423e-01	2.763825305266242593e-01	1.723682996983460503e-01	8.175831391140268856e-02	3.524155460233294873e-02	8.924979614139286199e-02
1.538410927942380113e+03	2.105705907976208879e-01	1.336772373641285927e-01	2.766677804067214641e-01	1.725663245110892752e-01	8.184361990099578432e-02	3.530159144814928873e-02	8.937285557102933597e-02
1.543248698156035516e+03	2.101302318654906798e-01	1.333701641952269867e-01	2.769514144495479613e-01	1.727632041304443533e-01	8.192842880712690457e-02	3.536134983908996443e-02	8.949520671280788986e-02
1.548086468369690692e+03	2.096924129761389977e-01	1.330647717585312639e-01	2.772334420190084581e-01	1.729589453079999339e-01	8.201274358776550200e-02	3.542083047122468464e-02	8.961685387906591360e-02
1.552924238583346096e+03	2.092571191130982722e-01	1.327610511267232341e-01	2.775138724190274186e-01	1.731535547558468169e-01	8.209656718375643591e-02	3.548003404970746788e-02	8.973780135157506666e-02
1.557762008797001272e+03	2.088243353530201130e-01	1.324589934166362504e-01	2.777927148941113922e-01	1.733470391467497873e-01	8.217990251887578868e-02	3.553896128852489927e-02	8.985805338181654389e-02
1.562599779010656675e+03	2.083940468650417599e-01	1.321585897890802386e-01	2.780699786298999610e-01	1.735394051143213656e-01	8.226275249988834748e-02	3.559761291024918922e-02	8.997761419125391291e-02
1.567437549224311852e+03	2.079662389101580022e-01	1.318598314486666701e-01	2.783456727537065856e-01	1.737306592531972504e-01	8.234512001660670988e-02	3.565598964579582558e-02	9.009648797160371703e-02
1.572275319437967255e+03	2.075408968405980936e-01	1.315627096436336463e-01	2.786198063350482368e-01	1.739208081192133160e-01	8.242700794195204073e-02	3.571409223418584022e-02	9.021467888510366351e-02
1.577113089651622431e+03	2.071180060992076910e-01	1.312672156656708167e-01	2.788923883861648689e-01	1.741098582295842467e-01	8.250841913201627242e-02	3.577192142231248179e-02	9.033219106477843874e-02
1.581950859865277607e+03	2.066975522188358450e-01	1.309733408497446572e-01	2.791634278625297338e-01	1.742978160630835327e-01	8.258935642612566519e-02	3.582947796471231544e-02	9.044902861470303923e-02
1.586788630078933011e+03	2.062795208217270693e-01	1.306810765739234159e-01	2.794329336633497030e-01	1.744846880602246297e-01	8.266982264690569959e-02	3.588676262334065253e-02	9.056519561026366016e-02
1.591626400292587959e+03	2.058638976189179348e-01	1.303904142592023918e-01	2.797009146320564299e-01	1.746704806234434526e-01	8.274982060034728748e-02	3.594377616735112968e-02	9.068069609841616918e-02
1.596464170506243590e+03	2.054506684096389368e-01	1.301013453693291022e-01	2.799673795567892420e-01	1.748552001172819226e-01	8.282935307587403762e-02	3.600051937287948589e-02	9.079553409794202667e-02
1.601301940719898766e+03	2.050398190807208865e-01	1.298138614106288113e-01	2.802323371708686506e-01	1.750388528685725142e-01	8.290842284641075643e-02	3.605699302283141977e-02	9.090971359970169419e-02
1.606139710933553943e+03	2.046313356060060207e-01	1.295279539318299200e-01	2.804957961532622002e-01	1.752214451666236628e-01	8.298703266845286475e-02	3.611319790667439494e-02	9.102323856688558645e-02
1.610977481147209119e+03	2.042252040457639417e-01	1.292436145238895495e-01	2.807577651290422693e-01	1.754029832634061425e-01	8.306518528213684138e-02	3.616913482023337290e-02	9.113611293526251156e-02
1.615815251360864750e+03	2.038214105461120806e-01	1.289608348198193755e-01	2.810182526698355998e-01	1.755834733737400566e-01	8.314288341131158278e-02	3.622480456549045241e-02	9.124834061342551594e-02
1.620653021574519926e+03	2.034199413384406019e-01	1.286796064945113505e-01	2.812772672942660535e-01	1.757629216754825752e-01	8.322012976361060910e-02	3.628020795038818663e-02	9.135992548303525917e-02
1.625490791788175102e+03	2.030207827388421371e-01	1.283999212645639820e-01	2.815348174683895421e-01	1.759413343097163129e-01	8.329692703052506142e-02	3.633534578863670955e-02	9.147087139906087683e-02
1.630328562001830505e+03	2.026239211475457658e-01	1.281217708881083328e-01	2.817909116061222408e-01	1.761187173809381779e-01	8.337327788747747603e-02	3.639021889952439442e-02	9.158118219001827598e-02
1.635166332215485909e+03	2.022293430483554644e-01	1.278451471646346038e-01	2.820455580696616948e-01	1.762950769572486365e-01	8.344918499389619715e-02	3.644482810773218978e-02	9.169086165820594658e-02
1.640004102429141085e+03	2.018370350080929132e-01	1.275700419348186065e-01	2.822987651699015443e-01	1.764704190705415066e-01	8.352465099329046960e-02	3.649917424315141101e-02	9.179991357993826095e-02
1.644841872642796488e+03	2.014469836760447996e-01	1.272964470803486514e-01	2.825505411668398081e-01	1.766447497166940828e-01	8.359967851332614219e-02	3.655325814070495283e-02	9.190834170577630302e-02
1.649679642856451665e+03	2.010591757834141458e-01	1.270243545237526306e-01	2.828008942699807848e-01	1.768180748557572624e-01	8.367427016590187061e-02	3.660708064017196423e-02	9.201614976075611629e-02
1.654517413070107068e+03	2.006735981427760496e-01	1.267537562282251562e-01	2.830498326387310137e-01	1.769904004121464480e-01	8.374842854722590324e-02	3.666064258601576392e-02	9.212334144461456487e-02
1.659355183283762244e+03	2.002902376475377000e-01	1.264846441974551150e-01	2.832973643827891852e-01	1.771617322748319789e-01	8.382215623789326941e-02	3.671394482721504482e-02	9.222992043201262702e-02
1.664192953497417420e+03	1.999090812714022225e-01	1.262170104754535005e-01	2.835434975625309995e-01	1.773320762975301446e-01	8.389545580296343952e-02	3.676698821709831894e-02	9.233589037275637124e-02
1.669030723711072824e+03	1.995301160678370767e-01	1.259508471463812729e-01	2.837882401893874196e-01	1.775014382988940320e-01	8.396832979203831815e-02	3.681977361318146402e-02	9.244125489201537871e-02
1.673868493924728000e+03	1.991533291695461172e-01	1.256861463343777741e-01	2.840316002262187056e-01	1.776698240627045400e-01	8.404078073934068138e-02	3.687230187700835798e-02	9.254601759053875110e-02
1.678706264138383403e+03	1.987787077879460962e-01	1.254229002033891704e-01	2.842735855876822315e-01	1.778372393380612537e-01	8.411281116379287770e-02	3.692457387399460111e-02	9.265018204486875908e-02
1.683544034352038352e+03	1.984062392126466345e-01	1.251611009569973954e-01	2.845142041405958611e-01	1.780036898395731815e-01	8.418442356909575097e-02	3.697659047327415960e-02	9.275375180755206228e-02
1.688381804565693983e+03	1.980359108109346622e-01	1.249007408382492162e-01	2.847534637042959949e-01	1.781691812475496295e-01	8.425562044380795201e-02	3.702835254754897193e-02	9.285673040734858386e-02
1.693219574779349159e+03	1.976677100272625220e-01	1.246418121294856352e-01	2.849913720509913984e-01	1.783337192081906331e-01	8.432640426142540280e-02	3.707986097294143496e-02	9.295912134943799809e-02
1.698057344993004335e+03	1.973016243827398486e-01	1.243843071521717469e-01	2.852279369061114789e-01	1.784973093337774430e-01	8.439677748046092720e-02	3.713111662884967940e-02	9.306092811562391431e-02
1.702895115206659511e+03	1.969376414746295822e-01	1.241282182667267225e-01	2.854631659486506212e-01	1.786599572028626237e-01	8.446674254452408992e-02	3.718212039780566247e-02	9.316215416453572928e-02
1.707732885420315142e+03	1.965757489758474252e-01	1.238735378723542085e-01	2.856970668115080825e-01	1.788216683604598456e-01	8.453630188240121579e-02	3.723287316533598762e-02	9.326280293182821757e-02
1.712570655633970318e+03	1.962159346344654054e-01	1.236202584068730598e-01	2.859296470818233904e-01	1.789824483182336778e-01	8.460545790813536748e-02	3.728337581982535398e-02	9.336287783037879040e-02
1.717408425847625494e+03	1.958581862732188539e-01	1.233683723465484328e-01	2.861609143013072454e-01	1.791423025546886039e-01	8.467421302110660075e-02	3.733362925238270513e-02	9.346238225048258963e-02
1.722246196061280898e+03	1.955024917890173242e-01	1.231178722059231428e-01	2.863908759665690917e-01	1.793012365153580923e-01	8.474256960611216416e-02	3.738363435670991053e-02	9.356131956004527794e-02
1.727083966274936301e+03	1.951488391524589527e-01	1.228687505376494793e-01	2.866195395294400816e-01	1.794592556129930017e-01	8.481053003344678209e-02	3.743339202897302820e-02	9.365969310477366416e-02
1.731921736488591478e+03	1.947972164073486778e-01	1.226209999323212979e-01	2.868469123972920976e-01	1.796163652277497358e-01	8.487809665898295164e-02	3.748290316767603769e-02	9.375750620836420524e-02
1.736759506702246881e+03	1.944476116702197610e-01	1.223746130183065162e-01	2.870730019333533889e-01	1.797725707073778156e-01	8.494527182425125333e-02	3.753216867353701552e-02	9.385476217268920451e-02
1.741597276915902057e+03	1.941000131298591946e-01	1.221295824615799969e-01	2.872978154570202669e-01	1.799278773674071463e-01	8.501205785652060642e-02	3.758118944936676004e-02	9.395146427798099775e-02
1.746435047129557461e+03	1.937544090468362179e-01	1.218859009655568065e-01	2.875213602441649696e-01	1.800822904913346179e-01	8.507845706887852411e-02	3.762996639994977549e-02	9.404761578301401581e-02
1.751272817343212637e+03	1.934107877530347186e-01	1.216435612709258068e-01	2.877436435274405846e-01	1.802358153308102895e-01	8.514447176031134101e-02	3.767850043192753906e-02	9.414321992528469629e-02
1.756110587556867813e+03	1.930691376511888824e-01	1.214025561554837040e-01	2.879646724965815863e-01	1.803884571058230468e-01	8.521010421578424643e-02	3.772679245368411316e-02	9.423827992118942454e-02
1.760948357770523216e+03	1.927294472144222282e-01	1.211628784339694315e-01	2.881844542987019864e-01	1.805402210048857037e-01	8.527535670632135911e-02	3.777484337523396435e-02	9.433279896620036520e-02
1.765786127984178393e+03	1.923917049857901129e-01	1.209245209578990177e-01	2.884029960385895985e-01	1.806911121852193547e-01	8.534023148908567724e-02	3.782265410811200962e-02	9.442678023503930929e-02
1.770623898197833569e+03	1.920558995778256783e-01	1.206874766154007877e-01	2.886203047789970277e-01	1.808411357729373947e-01	8.540473080745880630e-02	3.787022556526582762e-02	9.452022688184953669e-02
1.775461668411488745e+03	1.917220196720888781e-01	1.204517383310509532e-01	2.888363875409301063e-01	1.809902968632287890e-01	8.546885689112064532e-02	3.791755866095000704e-02	9.461314204036569420e-02
1.780299438625144376e+03	1.913900540187191412e-01	1.202172990657097706e-01	2.890512513039321663e-01	1.811386005205406491e-01	8.553261195612896217e-02	3.796465431062259061e-02	9.470552882408175832e-02
1.785137208838799552e+03	1.910599914359910334e-01	1.199841518163579090e-01	2.892649030063665916e-01	1.812860517787603098e-01	8.559599820499864953e-02	3.801151343084355205e-02	9.479739032641704144e-02
1.789974979052454728e+03	1.907318208098731371e-01	1.197522896159334271e-01	2.894773495456952617e-01	1.814326556413965730e-01	8.565901782678096710e-02	3.805813693917533408e-02	9.488872962088036600e-02
1.794812749266109904e+03	1.904055310935904022e-01	1.195217055331690009e-01	2.896885977787549971e-01	1.815784170817603960e-01	8.572167299714256172e-02	3.810452575408537074e-02	9.497954976123229587e-02
1.799650519479765535e+03	1.900811113071894654e-01	1.192923926724298173e-01	2.898986545220305078e-01	1.817233410431448593e-01	8.578396587844419607e-02	3.815068079485053193e-02	9.506985378164560518e-02
1.804488289693420711e+03	1.897585505371072456e-01	1.190643441735516617e-01	2.901075265519249546e-01	1.818674324390044394e-01	8.584589861981940795e-02	3.819660298146350386e-02	9.515964469686384597e-02
1.809326059907075887e+03	1.894378379357424813e-01	1.188375532116796307e-01	2.903152206050274020e-01	1.820106961531334777e-01	8.590747335725279488e-02	3.824229323454110541e-02	9.524892550235819488e-02
1.814163830120731291e+03	1.891189627210305979e-01	1.186120129971071635e-01	2.905217433783782166e-01	1.821531370398440375e-01	8.596869221365828484e-02	3.828775247523437397e-02	9.533769917448242648e-02
1.819001600334386467e+03	1.888019141760214625e-01	1.183877167751156839e-01	2.907271015297312466e-01	1.822947599241429295e-01	8.602955729895690740e-02	3.833298162514053170e-02	9.542596867062624888e-02
1.823839370548041643e+03	1.884866816484603580e-01	1.181646578258144370e-01	2.909313016778140581e-01	1.824355696019080708e-01	8.609007071015456480e-02	3.837798160621674198e-02	9.551373692936687698e-02
1.828677140761696819e+03	1.881732545503717047e-01	1.179428294639810471e-01	2.911343504025845630e-01	1.825755708400639554e-01	8.615023453141935905e-02	3.842275334069560067e-02	9.560100687061880154e-02
1.833514910975352450e+03	1.878616223576461686e-01	1.177222250389023950e-01	2.913362542454867032e-01	1.827147683767564867e-01	8.621005083415882175e-02	3.846729775100238280e-02	9.568778139578205943e-02
1.838352681189008081e+03	1.875517746096303229e-01	1.175028379342160367e-01	2.915370197097023608e-01	1.828531669215269495e-01	8.626952167709668606e-02	3.851161575967398248e-02	9.577406338788869988e-02
1.843190451402663257e+03	1.872437009087195292e-01	1.172846615677519411e-01	2.917366532604017126e-01	1.829907711554852323e-01	8.632864910634954758e-02	3.855570828927951110e-02	9.585985571174764075e-02
1.848028221616318433e+03	1.869373909199535111e-01	1.170676893913748517e-01	2.919351613249908106e-01	1.831275857314822175e-01	8.638743515550320606e-02	3.859957626234255396e-02	9.594516121408799836e-02
1.852865991829973609e+03	1.866328343706150639e-01	1.168519148908271216e-01	2.921325502933572738e-01	1.832636152742813940e-01	8.644588184568859079e-02	3.864322060126503672e-02	9.602998272370069643e-02
1.857703762043628785e+03	1.863300210498315679e-01	1.166373315855718795e-01	2.923288265181131496e-01	1.833988643807296648e-01	8.650399118565758882e-02	3.868664222825270865e-02	9.611432305157861788e-02
1.862541532257283961e+03	1.860289408081791385e-01	1.164239330286368224e-01	2.925239963148362765e-01	1.835333376199273503e-01	8.656176517185835972e-02	3.872984206524211770e-02	9.619818499105514675e-02
1.867379302470939592e+03	1.857295835572898013e-01	1.162117128064583532e-01	2.927180659623088155e-01	1.836670395333972750e-01	8.661920578851058095e-02	3.877282103382918149e-02	9.628157131794119750e-02
1.872217072684594768e+03	1.854319392694613877e-01	1.160006645387263724e-01	2.929110417027541713e-01	1.837999746352531605e-01	8.667631500768012420e-02	3.881558005519924331e-02	9.636448479066074546e-02
1.877054842898249490e+03	1.851359979772701503e-01	1.157907818782294013e-01	2.931029297420714164e-01	1.839321474123671307e-01	8.673309478935362082e-02	3.885812005005860603e-02	9.644692815038487244e-02
1.881892613111905121e+03	1.848417497731862924e-01	1.155820585107003168e-01	2.932937362500678824e-01	1.840635623245363284e-01	8.678954708151259689e-02	3.890044193856751625e-02	9.652890412116432728e-02
1.886730383325560297e+03	1.845491848091920517e-01	1.153744881546623774e-01	2.934834673606895317e-01	1.841942238046487823e-01	8.684567382020723370e-02	3.894254664027459178e-02	9.661041541006071265e-02
1.891568153539215928e+03	1.842582932964024478e-01	1.151680645612760401e-01	2.936721291722496630e-01	1.843241362588483312e-01	8.690147692963001713e-02	3.898443507405266462e-02	9.669146470727613130e-02
1.896405923752871104e+03	1.839690655046889167e-01	1.149627815141859716e-01	2.938597277476551750e-01	1.844533040666988810e-01	8.695695832218874877e-02	3.902610815803597005e-02	9.677205468628156948e-02
1.901243693966526507e+03	1.836814917623054710e-01	1.147586328293688090e-01	2.940462691146314422e-01	1.845817315813474691e-01	8.701211989857951523e-02	3.906756680955872363e-02	9.685218800394376770e-02
1.906081464180181683e+03	1.833955624555173580e-01	1.145556123549811983e-01	2.942317592659448588e-01	1.847094231296868561e-01	8.706696354785901926e-02	3.910881194509504416e-02	9.693186730065085632e-02
1.910919234393836859e+03	1.831112680282326322e-01	1.143537139712084844e-01	2.944162041596235513e-01	1.848363830125170915e-01	8.712149114751682744e-02	3.914984448020013968e-02	9.701109520043649237e-02
1.915757004607492036e+03	1.828285989816360035e-01	1.141529315901138458e-01	2.945996097191764251e-01	1.849626155047061071e-01	8.717570456354714614e-02	3.919066532945283260e-02	9.708987431110285837e-02
1.920594774821147894e+03	1.825475458738256007e-01	1.139532591554879709e-01	2.947819818338103248e-01	1.850881248553496727e-01	8.722960565052022275e-02	3.923127540639931993e-02	9.716820722434213464e-02
1.925432545034802843e+03	1.822680993194518428e-01	1.137546906426991355e-01	2.949633263586453613e-01	1.852129152879303242e-01	8.728319625165344153e-02	3.927167562349818952e-02	9.724609651585693071e-02
1.930270315248458019e+03	1.819902499893592540e-01	1.135572200585439478e-01	2.951436491149285746e-01	1.853369910004754595e-01	8.733647819888208652e-02	3.931186689206668528e-02	9.732354474547924572e-02
1.935108085462113195e+03	1.817139886102304702e-01	1.133608414410984255e-01	2.953229558902456531e-01	1.854603561657146571e-01	8.738945331292968799e-02	3.935185012222811030e-02	9.740055445728827699e-02
1.939945855675768371e+03	1.814393059642330219e-01	1.131655488595697395e-01	2.955012524387310990e-01	1.855830149312360511e-01	8.744212340337798040e-02	3.939162622286049298e-02	9.747712817972696564e-02
1.944783625889424002e+03	1.811661928886681705e-01	1.129713364141483878e-01	2.956785444812766173e-01	1.857049714196418178e-01	8.749449026873663826e-02	3.943119610154635635e-02	9.755326842571734880e-02
1.949621396103079178e+03	1.808946402756226590e-01	1.127781982358608687e-01	2.958548377057381717e-01	1.858262297287028297e-01	8.754655569651251246e-02	3.947056066452363926e-02	9.762897769277466276e-02
1.954459166316734354e+03	1.806246390716225725e-01	1.125861284864228817e-01	2.960301377671406553e-01	1.859467939315125051e-01	8.759832146327857505e-02	3.950972081663775559e-02	9.770425846312036366e-02
1.959296936530389530e+03	1.803561802772897238e-01	1.123951213580930975e-01	2.962044502878818375e-01	1.860666680766396297e-01	8.764978933474244782e-02	3.954867746129477751e-02	9.777911320379382987e-02
1.964134706744044706e+03	1.800892549470003712e-01	1.122051710735273572e-01	2.963777808579338147e-01	1.861858561882804852e-01	8.770096106581458384e-02	3.958743150041561798e-02	9.785354436676307888e-02
1.968972476957700337e+03	1.798238541885462671e-01	1.120162718856334283e-01	2.965501350350439047e-01	1.863043622664100063e-01	8.775183840067610208e-02	3.962598383439135813e-02	9.792755438903423537e-02
1.973810247171355968e+03	1.795599691627982053e-01	1.118284180774262865e-01	2.967215183449328775e-01	1.864221902869321601e-01	8.780242307284623349e-02	3.966433536203962940e-02	9.800114569275998611e-02
1.978648017385010689e+03	1.792975910833717323e-01	1.116416039618839395e-01	2.968919362814924079e-01	1.865393442018292713e-01	8.785271680524937843e-02	3.970248698056192543e-02	9.807432068534677194e-02
1.983485787598666320e+03	1.790367112162953023e-01	1.114558238818036257e-01	2.970613943069808638e-01	1.866558279393106812e-01	8.790272131028181724e-02	3.974043958550203814e-02	9.814708175956111946e-02
1.988323557812321269e+03	1.787773208796804569e-01	1.112710722096587751e-01	2.972298978522175394e-01	1.867716454039605178e-01	8.795243828987804602e-02	3.977819407070541657e-02	9.821943129363466807e-02
1.993161328025976900e+03	1.785194114433948098e-01	1.110873433474562771e-01	2.973974523167752237e-01	1.868868004768844959e-01	8.800186943557673780e-02	3.981575132827953889e-02	9.829137165136832277e-02
1.997999098239632076e+03	1.782629743287366397e-01	1.109046317265943576e-01	2.975640630691716582e-01	1.870012970158559384e-01	8.805101642858631505e-02	3.985311224855520723e-02	9.836290518223528290e-02
2.002836868453287707e+03	1.780080010081121211e-01	1.107229318077209562e-01	2.977297354470592738e-01	1.871151388554609662e-01	8.809988093985018920e-02	3.989027772004881400e-02	9.843403422148309934e-02
2.007674638666942428e+03	1.777544830047146918e-01	1.105422380805926863e-01	2.978944747574136520e-01	1.872283298072426605e-01	8.814846463011159761e-02	3.992724862942552411e-02	9.850476109023462157e-02
2.012512408880597604e+03	1.775024118922066685e-01	1.103625450639341837e-01	2.980582862767205410e-01	1.873408736598445867e-01	8.819676914997803818e-02	3.996402586146336616e-02	9.857508809558807039e-02
2.017350179094252780e+03	1.772517792944029169e-01	1.101838473052981354e-01	2.982211752511613745e-01	1.874527741791533753e-01	8.824479613998538474e-02	4.000061029901821885e-02	9.864501753071602819e-02
2.022187949307908411e+03	1.770025768849566583e-01	1.100061393809257243e-01	2.983831468967977352e-01	1.875640351084404411e-01	8.829254723066162769e-02	4.003700282298967850e-02	9.871455167496352712e-02
2.027025719521564042e+03	1.767547963870477468e-01	1.098294158956076572e-01	2.985442063997540973e-01	1.876746601685028160e-01	8.834002404259018448e-02	4.007320431228776625e-02	9.878369279394513813e-02
2.031863489735218764e+03	1.765084295730726116e-01	1.096536714825456227e-01	2.987043589163993484e-01	1.877846530578031747e-01	8.838722818647289092e-02	4.010921564380051652e-02	9.885244313964118568e-02
2.036701259948874394e+03	1.762634682643366979e-01	1.094789008032144018e-01	2.988636095735272558e-01	1.878940174526090301e-01	8.843416126319263160e-02	4.014503769236238417e-02	9.892080495049292155e-02
2.041539030162529116e+03	1.760199043307488498e-01	1.093050985472243802e-01	2.990219634685350458e-01	1.880027570071310938e-01	8.848082486387552625e-02	4.018067133072347058e-02	9.898878045149692162e-02
2.046376800376184747e+03	1.757777296905177200e-01	1.091322594321847278e-01	2.991794256696012622e-01	1.881108753536608058e-01	8.852722056995281086e-02	4.021611742951954060e-02	9.905637185429840008e-02
2.051214570589840150e+03	1.755369363098503721e-01	1.089603782035669238e-01	2.993360012158620131e-01	1.882183761027069191e-01	8.857334995322234394e-02	4.025137685724285153e-02	9.912358135728387143e-02
2.056052340803495554e+03	1.752975162026528533e-01	1.087894496345689632e-01	2.994916951175861097e-01	1.883252628431312803e-01	8.861921457590971052e-02	4.028645048021372438e-02	9.919041114567266060e-02
2.060890111017150957e+03	1.750594614302327656e-01	1.086194685259799925e-01	2.996465123563488708e-01	1.884315391422839991e-01	8.866481599072893738e-02	4.032133916255294798e-02	9.925686339160781635e-02
2.065727881230805451e+03	1.748227641010040301e-01	1.084504297060454731e-01	2.998004578852046520e-01	1.885372085461374247e-01	8.871015574094293088e-02	4.035604376615482825e-02	9.932294025424595607e-02
2.070565651444461309e+03	1.745874163701933990e-01	1.082823280303329971e-01	2.999535366288583749e-01	1.886422745794196776e-01	8.875523536042345674e-02	4.039056515066107717e-02	9.938864387984637505e-02
2.075403421658116713e+03	1.743534104395491890e-01	1.081151583815984085e-01	3.001057534838354468e-01	1.887467407457469881e-01	8.880005637371082838e-02	4.042490417343531928e-02	9.945397640185929533e-02
2.080241191871772116e+03	1.741207385570517630e-01	1.079489156696526175e-01	3.002571133186507923e-01	1.888506105277554248e-01	8.884462029607310962e-02	4.045906168953843085e-02	9.951893994101332352e-02
2.085078962085427065e+03	1.738893930166262314e-01	1.077835948312288877e-01	3.004076209739767744e-01	1.889538873872319003e-01	8.888892863356513685e-02	4.049303855170445499e-02	9.958353660540204821e-02
2.089916732299082469e+03	1.736593661578568759e-01	1.076191908298506361e-01	3.005572812628096724e-01	1.890565747652441508e-01	8.893298288308695843e-02	4.052683561031727305e-02	9.964776849056988794e-02
2.094754502512737417e+03	1.734306503657035148e-01	1.074556986556997606e-01	3.007060989706351051e-01	1.891586760822699387e-01	8.897678453244212138e-02	4.056045371338794225e-02	9.971163767959710655e-02
2.099592272726392821e+03	1.732032380702200058e-01	1.072931133254854674e-01	3.008540788555922330e-01	1.892601947383256156e-01	8.902033506039544464e-02	4.059389370653267853e-02	9.977514624318410685e-02
2.104430042940048224e+03	1.729771217462743038e-01	1.071314298823137501e-01	3.010012256486370719e-01	1.893611341130936876e-01	8.906363593673048695e-02	4.062715643295147089e-02	9.983829623973489165e-02
2.109267813153704083e+03	1.727522939132705715e-01	1.069706433955571467e-01	3.011475440537043080e-01	1.894614975660496581e-01	8.910668862230666787e-02	4.066024273340738265e-02	9.990108971543984473e-02
2.114105583367359031e+03	1.725287471348734003e-01	1.068107489607252741e-01	3.012930387478686689e-01	1.895612884365881490e-01	8.914949456911605563e-02	4.069315344620643565e-02	9.996352870435769311e-02
2.118943353581013525e+03	1.723064740187333077e-01	1.066517416993357087e-01	3.014377143815040183e-01	1.896605100441481340e-01	8.919205522033964162e-02	4.072588940717813272e-02	1.000256152284967615e-01
2.123781123794669384e+03	1.720854672162147048e-01	1.064936167587854365e-01	3.015815755784425622e-01	1.897591656883373668e-01	8.923437201040353151e-02	4.075845144965658390e-02	1.000873512978955188e-01
2.128618894008324787e+03	1.718657194221251960e-01	1.063363693122229142e-01	3.017246269361323896e-01	1.898572586490560876e-01	8.927644636503451192e-02	4.079084040446217391e-02	1.001487389107024034e-01
2.133456664221980191e+03	1.716472233744469611e-01	1.061799945584204763e-01	3.018668730257940691e-01	1.899547921866199807e-01	8.931827970131543670e-02	4.082305709988387488e-02	1.002097800532548849e-01
2.138294434435635139e+03	1.714299718540698847e-01	1.060244877216474091e-01	3.020083183925759140e-01	1.900517695418821873e-01	8.935987342774019682e-02	4.085510236166216280e-02	1.002704767001579428e-01
2.143132204649290543e+03	1.712139576845263800e-01	1.058698440515434824e-01	3.021489675557086363e-01	1.901481939363547924e-01	8.940122894426832945e-02	4.088697701297235726e-02	1.003308308143616989e-01
2.147969974862945492e+03	1.709991737317282101e-01	1.057160588229930087e-01	3.022888250086586681e-01	1.902440685723293112e-01	8.944234764237930790e-02	4.091868187440864807e-02	1.003908443472385087e-01
2.152807745076601350e+03	1.707856129037046422e-01	1.055631273359994154e-01	3.024278952192806513e-01	1.903393966329964826e-01	8.948323090512651234e-02	4.095021776396860769e-02	1.004505192386593443e-01
2.157645515290255844e+03	1.705732681503428216e-01	1.054110449155603174e-01	3.025661826299686497e-01	1.904341812825654512e-01	8.952388010719075639e-02	4.098158549703823095e-02	1.005098574170694287e-01
2.162483285503912157e+03	1.703621324631296452e-01	1.052598069115431578e-01	3.027036916578065839e-01	1.905284256663819231e-01	8.956429661493356398e-02	4.101278588637749523e-02	1.005688607995633560e-01
2.167321055717567106e+03	1.701521988748952718e-01	1.051094086985613213e-01	3.028404266947173906e-01	1.906221329110457940e-01	8.960448178645007145e-02	4.104381974210645490e-02	1.006275312919594628e-01
2.172158825931222509e+03	1.699434604595585208e-01	1.049598456758507464e-01	3.029763921076117361e-01	1.907153061245278058e-01	8.964443697162159663e-02	4.107468787169182151e-02	1.006858707888735466e-01
2.176996596144877003e+03	1.697359103318738238e-01	1.048111132671471490e-01	3.031115922385351213e-01	1.908079483962857870e-01	8.968416351216783322e-02	4.110539107993405050e-02	1.007438811737920853e-01
2.181834366358532861e+03	1.695295416471798988e-01	1.046632069205636062e-01	3.032460314048141536e-01	1.909000627973798658e-01	8.972366274169873979e-02	4.113593016895489285e-02	1.008015643191447069e-01
2.186672136572187810e+03	1.693243476011502824e-01	1.045161221084687508e-01	3.033797138992023745e-01	1.909916523805868793e-01	8.976293598576610966e-02	4.116630593818544626e-02	1.008589220863761043e-01
2.191509906785843214e+03	1.691203214295451118e-01	1.043698543273654938e-01	3.035126439900242556e-01	1.910827201805144482e-01	8.980198456191476608e-02	4.119651918435461579e-02	1.009159563260172698e-01
2.196347676999498617e+03	1.689174564079648500e-01	1.042243990977702178e-01	3.036448259213190837e-01	1.911732692137138589e-01	8.984080977973347981e-02	4.122657070147815045e-02	1.009726688777562859e-01
2.201185447213154021e+03	1.687157458516056474e-01	1.040797519640924707e-01	3.037762639129834574e-01	1.912633024787926128e-01	8.987941294090545652e-02	4.125646128084799885e-02	1.010290615705083384e-01
2.206023217426809424e+03	1.685151831150160373e-01	1.039359084945152001e-01	3.039069621609128413e-01	1.913528229565258920e-01	8.991779533925858825e-02	4.128619171102217850e-02	1.010851362224852862e-01
2.210860987640464373e+03	1.683157615918557393e-01	1.037928642808754465e-01	3.040369248371422306e-01	1.914418336099676099e-01	8.995595826081535795e-02	4.131576277781504741e-02	1.011408946412645921e-01
2.215698757854119776e+03	1.681174747146554627e-01	1.036506149385456182e-01	3.041661560899863725e-01	1.915303373845605450e-01	8.999390298384239706e-02	4.134517526428805462e-02	1.011963386238576706e-01
2.220536528067775180e+03	1.679203159545787638e-01	1.035091561063152393e-01	3.042946600441779892e-01	1.916183372082458647e-01	9.003163077889971000e-02	4.137442995074084445e-02	1.012514699567777093e-01
2.225374298281430583e+03	1.677242788211852076e-01	1.033684834462731128e-01	3.044224408010064442e-01	1.917058359915719545e-01	9.006914290888964891e-02	4.140352761470278420e-02	1.013062904161069616e-01
2.230212068495085077e+03	1.675293568621952500e-01	1.032285926436902201e-01	3.045495024384544114e-01	1.917928366278024710e-01	9.010644062910541652e-02	4.143246903092491495e-02	1.013608017675633882e-01
2.235049838708740936e+03	1.673355436632565363e-01	1.030894794069028009e-01	3.046758490113344320e-01	1.918793419930236721e-01	9.014352518727947183e-02	4.146125497137230498e-02	1.014150057665668403e-01
2.239887608922396339e+03	1.671428328477118086e-01	1.029511394671962510e-01	3.048014845514240290e-01	1.919653549462512487e-01	9.018039782363138079e-02	4.148988620521673609e-02	1.014689041583046875e-01
2.244725379136052197e+03	1.669512180763682851e-01	1.028135685786893128e-01	3.049264130676000994e-01	1.920508783295361843e-01	9.021705977091554196e-02	4.151836349882983418e-02	1.015224986777969185e-01
2.249563149349706237e+03	1.667606930472686488e-01	1.026767625182188337e-01	3.050506385459728076e-01	1.921359149680701706e-01	9.025351225446844039e-02	4.154668761577650499e-02	1.015757910499607147e-01
2.254400919563362095e+03	1.665712514954633683e-01	1.025407170852250249e-01	3.051741649500184228e-01	1.922204676702902459e-01	9.028975649225577660e-02	4.157485931680880015e-02	1.016287829896744821e-01
2.259238689777017044e+03	1.663828871927848785e-01	1.024054281016372470e-01	3.052969962207107146e-01	1.923045392279826848e-01	9.032579369491909593e-02	4.160287935986011626e-02	1.016814762018413976e-01
2.264076459990672902e+03	1.661955939476226218e-01	1.022708914117602258e-01	3.054191362766526807e-01	1.923881324163862760e-01	9.036162506582219589e-02	4.163074850003971317e-02	1.017338723814524559e-01
