1.301360187473271253e+03	2.355594004576276601e-01	1.509700112267715055e-01	2.606181503357090090e-01	1.613565746933874334e-01	7.699882658521631229e-02	3.207152376747852973e-02	8.242551293354086206e-02
1.306197957686926657e+03	2.349722161382546137e-01	1.505697069119068532e-01	2.609937884402214192e-01	1.616181440465131181e-01	7.711184856092483109e-02	3.214589335611731796e-02	8.258840254579306872e-02
1.311035727900581833e+03	2.343884346326461365e-01	1.501715877940306421e-01	2.613672722779357693e-01	1.618781979357561962e-01	7.722421170809475044e-02	3.221995900052054829e-02	8.275033665074721378e-02
1.315873498114237009e+03	2.338080359161680555e-01	1.497756421157615814e-01	2.617386149943135565e-01	1.621367451870301124e-01	7.733591981797915960e-02	3.229372066637464789e-02	8.291132130210411566e-02
1.320711268327892412e+03	2.332310000857712173e-01	1.493818581813876334e-01	2.621078296267623786e-01	1.623937945815489559e-01	7.744697666677288761e-02	3.236717834695375384e-02	8.307136251053440223e-02
1.325549038541547588e+03	2.326573073591741425e-01	1.489902243565686679e-01	2.624749291066422741e-01	1.626493548556746938e-01	7.755738601531593501e-02	3.244033206249791884e-02	8.323046624385757597e-02
1.330386808755202765e+03	2.320869380740539500e-01	1.486007290680398107e-01	2.628399262611969545e-01	1.629034347007851657e-01	7.766715160881684787e-02	3.251318185960442447e-02	8.338863842723406861e-02
1.335224578968857941e+03	2.315198726872454149e-01	1.482133608033152083e-01	2.632028338154128733e-01	1.631560427631613963e-01	7.777627717659504891e-02	3.258572781063186902e-02	8.354588494336934179e-02
1.340062349182513572e+03	2.309560917739479635e-01	1.478281081103926253e-01	2.635636643938101265e-01	1.634071876438933923e-01	7.788476643184118198e-02	3.265797001311663422e-02	8.370221163272914544e-02
1.344900119396168748e+03	2.303955760269400521e-01	1.474449595974586524e-01	2.639224305221677391e-01	1.636568778988035933e-01	7.799262307139458172e-02	3.272990858920154372e-02	8.385762429376487914e-02
1.349737889609823924e+03	2.298383062558013445e-01	1.470639039325947750e-01	2.642791446291863355e-01	1.639051220383868912e-01	7.809985077553707744e-02	3.280154368507618573e-02	8.401212868314837656e-02
1.354575659823479100e+03	2.292842633861420232e-01	1.466849298434840243e-01	2.646338190480920782e-01	1.641519285277665552e-01	7.820645320780229837e-02	3.287287547042886532e-02	8.416573051601515532e-02
1.359413430037134731e+03	2.287334284588394828e-01	1.463080261171185448e-01	2.649864660181829867e-01	1.643973057866650600e-01	7.831243401479977273e-02	3.294390413790965894e-02	8.431843546621548002e-02
1.364251200250789907e+03	2.281857826292819358e-01	1.459331815995079107e-01	2.653370976863219100e-01	1.646412621893893480e-01	7.841779682605293234e-02	3.301462990260449482e-02	8.447024916657251692e-02
1.369088970464445310e+03	2.276413071666187060e-01	1.455603851953883310e-01	2.656857261083771515e-01	1.648838060648295523e-01	7.852254525385060635e-02	3.308505300151983602e-02	8.462117720914685837e-02
1.373926740678100487e+03	2.270999834530177952e-01	1.451896258679326590e-01	2.660323632506143565e-01	1.651249456964704876e-01	7.862668289311114389e-02	3.315517369307777185e-02	8.477122514550682053e-02
1.378764510891755890e+03	2.265617929829294719e-01	1.448208926384614015e-01	2.663770209910408249e-01	1.653646893224155201e-01	7.873021332125851313e-02	3.322499225662133016e-02	8.492039848700391746e-02
1.383602281105411066e+03	2.260267173623567438e-01	1.444541745861543658e-01	2.667197111207053606e-01	1.656030451354217614e-01	7.883314009811004386e-02	3.329450899192961527e-02	8.506870270505302589e-02
1.388440051319066470e+03	2.254947383081320200e-01	1.440894608477635841e-01	2.670604453449547111e-01	1.658400212829464204e-01	7.893546676577488375e-02	3.336372421874268107e-02	8.521614323141656067e-02
1.393277821532721646e+03	2.249658376472000731e-01	1.437267406173268203e-01	2.673992352846494835e-01	1.660756258672033414e-01	7.903719684856291838e-02	3.343263827629585488e-02	8.536272545849235560e-02
1.398115591746377049e+03	2.244399973159069694e-01	1.433660031458823814e-01	2.677360924773404816e-01	1.663098669452296452e-01	7.913833385290350297e-02	3.350125152286324848e-02	8.550845473960458354e-02
1.402953361960032225e+03	2.239171993592953547e-01	1.430072377411845674e-01	2.680710283784080716e-01	1.665427525289612798e-01	7.923888126727358927e-02	3.356956433531034512e-02	8.565333638929754911e-02
1.407791132173687402e+03	2.233974259304052357e-01	1.426504337674203704e-01	2.684040543621655228e-01	1.667742905853178692e-01	7.933884256213470654e-02	3.363757710865536432e-02	8.579737568363166034e-02
1.412628902387342805e+03	2.228806592895808125e-01	1.422955806449270888e-01	2.687351817229282069e-01	1.670044890362955836e-01	7.943822118987836634e-02	3.370529025563923087e-02	8.594057786048144021e-02
1.417466672600997981e+03	2.223668818037829731e-01	1.419426678499107475e-01	2.690644216760503804e-01	1.672333557590679753e-01	7.953702058477957193e-02	3.377270420630398839e-02	8.608294811983507877e-02
1.422304442814653157e+03	2.218560759459073661e-01	1.415916849141659883e-01	2.693917853589304356e-01	1.674608985860944477e-01	7.963524416295784947e-02	3.383981940757942869e-02	8.622449162409520640e-02
1.427142213028308333e+03	2.213482242941079980e-01	1.412426214247965439e-01	2.697172838319865651e-01	1.676871253052355515e-01	7.973289532234557886e-02	3.390663632287777007e-02	8.636521349838072181e-02
1.431979983241963964e+03	2.208433095311262695e-01	1.408954670239370155e-01	2.700409280796038369e-01	1.679120436598750543e-01	7.982997744266318030e-02	3.397315543169619756e-02	8.650511883082911968e-02
1.436817753455619140e+03	2.203413144436253135e-01	1.405502114084757614e-01	2.703627290110539039e-01	1.681356613490484486e-01	7.992649388540080946e-02	3.403937722922711212e-02	8.664421267289937334e-02
1.441655523669274316e+03	2.198422219215296347e-01	1.402068443297785627e-01	2.706826974613883996e-01	1.683579860275771500e-01	8.002244799380625606e-02	3.410530222597590866e-02	8.678250003967477588e-02
1.446493293882929493e+03	2.193460149573699391e-01	1.398653555934135928e-01	2.710008441923078548e-01	1.685790253062085797e-01	8.011784309287875439e-02	3.417093094738610226e-02	8.691998591016579512e-02
1.451331064096585123e+03	2.188526766456329320e-01	1.395257350588775536e-01	2.713171798930062439e-01	1.687987867517612706e-01	8.021268248936826162e-02	3.423626393347171948e-02	8.705667522761259547e-02
1.456168834310240300e+03	2.183621901821163058e-01	1.391879726393225880e-01	2.716317151809926611e-01	1.690172778872752191e-01	8.030696947178012080e-02	3.430130173845667707e-02	8.719257289978697700e-02
1.461006604523895703e+03	2.178745388632886137e-01	1.388520583012845533e-01	2.719444606028912359e-01	1.692345061921667060e-01	8.040070731038470586e-02	3.436604493042113434e-02	8.732768379929362057e-02
1.465844374737550879e+03	2.173897060856539998e-01	1.385179820644123760e-01	2.722554266352196772e-01	1.694504791023876411e-01	8.049389925723182682e-02	3.443049409095454844e-02	8.746201276387045864e-02
1.470682144951206283e+03	2.169076753451217310e-01	1.381857340011983237e-01	2.725646236851483883e-01	1.696652040105890435e-01	8.058654854616960350e-02	3.449464981481541181e-02	8.759556459668796369e-02
1.475519915164861459e+03	2.164284302363805867e-01	1.378553042367096360e-01	2.728720620912394867e-01	1.698786882662884357e-01	8.067865839286762764e-02	3.455851270959743593e-02	8.772834406664728468e-02
1.480357685378516862e+03	2.159519544522778001e-01	1.375266829483210718e-01	2.731777521241675610e-01	1.700909391760409006e-01	8.077023199484420490e-02	3.462208339540211871e-02	8.786035590867696810e-02
1.485195455592172038e+03	2.154782317832025784e-01	1.371998603654487614e-01	2.734817039874228306e-01	1.703019640036133597e-01	8.086127253149731631e-02	3.468536250451750153e-02	8.799160482402824945e-02
1.490033225805827215e+03	2.150072461164744819e-01	1.368748267692850296e-01	2.737839278179974301e-01	1.705117699701624301e-01	8.095178316413938202e-02	3.474835068110305319e-02	8.812209548056873509e-02
1.494870996019482618e+03	2.145389814357358815e-01	1.365515724925345231e-01	2.740844336870550402e-01	1.707203642544149469e-01	8.104176703603520326e-02	3.481104858088052839e-02	8.825183251307440468e-02
1.499708766233137567e+03	2.140734218203491634e-01	1.362300879191511715e-01	2.743832316005848648e-01	1.709277539928514555e-01	8.113122727244342913e-02	3.487345687083064777e-02	8.838082052351978191e-02
1.504546536446793198e+03	2.136105514447983467e-01	1.359103634840766739e-01	2.746803315000407308e-01	1.711339462798921462e-01	8.122016698066082674e-02	3.493557622889555125e-02	8.850906408136624548e-02
1.509384306660448374e+03	2.131503545780946696e-01	1.355923896729797906e-01	2.749757432629657550e-01	1.713389481680854254e-01	8.130858925006961835e-02	3.499740734368687878e-02	8.863656772384836957e-02
1.514222076874103550e+03	2.126928155831869782e-01	1.352761570219970233e-01	2.752694767036028556e-01	1.715427666682985963e-01	8.139649715218752468e-02	3.505895091419933274e-02	8.876333595625815476e-02
1.519059847087758726e+03	2.122379189163759450e-01	1.349616561174742380e-01	2.755615415734924967e-01	1.717454087499106219e-01	8.148389374072025071e-02	3.512020764952966667e-02	8.888937325222721897e-02
1.523897617301414357e+03	2.117856491267325891e-01	1.346488775957096207e-01	2.758519475620568318e-01	1.719468813410069685e-01	8.157078205161662210e-02	3.518117826860098218e-02	8.901468405400675410e-02
1.528735387515069533e+03	2.113359908555210442e-01	1.343378121426976046e-01	2.761407042971724124e-01	1.721471913285759214e-01	8.165716510312587273e-02	3.524186349989218842e-02	8.913927277274530381e-02
1.533573157728724709e+03	2.108889288356252667e-01	1.340284504938739352e-01	2.764278213457302402e-01	1.723463455587069537e-01	8.174304589585712488e-02	3.530226408117261017e-02	8.926314378876416822e-02
1.538410927942380113e+03	2.104444478909799354e-01	1.337207834338621781e-01	2.767133082141851053e-01	1.725443508367901224e-01	8.182842741284089561e-02	3.536238075924154345e-02	8.938630145183056042e-02
1.543248698156035516e+03	2.100025329360050708e-01	1.334148017962209221e-01	2.769971743490933225e-01	1.727412139277172687e-01	8.191331261959258758e-02	3.542221428967276542e-02	8.950875008142834821e-02
1.548086468369690692e+03	2.095631689750450666e-01	1.331104964631925902e-01	2.772794291376405318e-01	1.729369415560842171e-01	8.199770446417765923e-02	3.548176543656377663e-02	8.963049396702642280e-02
1.552924238583346096e+03	2.091263411018111640e-01	1.328078583654529743e-01	2.775600819081588955e-01	1.731315404063940855e-01	8.208160587727858504e-02	3.554103497228987274e-02	8.975153736834461105e-02
1.557762008797001272e+03	2.086920344988281162e-01	1.325068784818622947e-01	2.778391419306346366e-01	1.733250171232618986e-01	8.216501977226335629e-02	3.560002367726272654e-02	8.987188451561713143e-02
1.562599779010656675e+03	2.082602344368844893e-01	1.322075478392170655e-01	2.781166184172061961e-01	1.735173783116197022e-01	8.224794904525549455e-02	3.565873233969362593e-02	8.999153960985355194e-02
1.567437549224311852e+03	2.078309262744869601e-01	1.319098575120032368e-01	2.783925205226533417e-01	1.737086305369227868e-01	8.233039657520545285e-02	3.571716175536104182e-02	9.011050682309734716e-02
1.572275319437967255e+03	2.074040954573181383e-01	1.316137986221506961e-01	2.786668573448771724e-01	1.738987803253564113e-01	8.241236522396326591e-02	3.577531272738272011e-02	9.022879029868181855e-02
1.577113089651622431e+03	2.069797275176982754e-01	1.313193623387885201e-01	2.789396379253720748e-01	1.740878341640434424e-01	8.249385783635247715e-02	3.583318606599192324e-02	9.034639415148355834e-02
1.581950859865277607e+03	2.065578080740506361e-01	1.310265398780016688e-01	2.792108712496893519e-01	1.742757985012521882e-01	8.257487724024516196e-02	3.589078258831799456e-02	9.046332246817331835e-02
1.586788630078933011e+03	2.061383228303703408e-01	1.307353225025887078e-01	2.794805662478928032e-01	1.744626797466049539e-01	8.265542624663806126e-02	3.594810311817096815e-02	9.057957930746446396e-02
1.591626400292587959e+03	2.057212575756970918e-01	1.304457015218205285e-01	2.797487317950071439e-01	1.746484842712867080e-01	8.273550764972963101e-02	3.600514848583032806e-02	9.069516870035877754e-02
1.596464170506243590e+03	2.053065981835913434e-01	1.301576682912006233e-01	2.800153767114584302e-01	1.748332184082543317e-01	8.281512422699803533e-02	3.606191952783768112e-02	9.081009465038979156e-02
1.601301940719898766e+03	2.048943306116138008e-01	1.298712142122259161e-01	2.802805097635078235e-01	1.750168884524458124e-01	8.289427873927990298e-02	3.611841708679338486e-02	9.092436113386352659e-02
1.606139710933553943e+03	2.044844409008089170e-01	1.295863307321492297e-01	2.805441396636785267e-01	1.751995006609897432e-01	8.297297393085002748e-02	3.617464201115697109e-02	9.103797210009675900e-02
1.610977481147209119e+03	2.040769151751913868e-01	1.293030093437425587e-01	2.808062750711756150e-01	1.753810612534148772e-01	8.305121252950163624e-02	3.623059515505139966e-02	9.115093147165269361e-02
1.615815251360864750e+03	2.036717396412362768e-01	1.290212415850616468e-01	2.810669245922999826e-01	1.755615764118597377e-01	8.312899724662731193e-02	3.628627737807099685e-02	9.126324314457420761e-02
1.620653021574519926e+03	2.032689005873726806e-01	1.287410190392115628e-01	2.813260967808557389e-01	1.757410522812821174e-01	8.320633077730062166e-02	3.634168954509296723e-02	9.137491098861448557e-02
1.625490791788175102e+03	2.028683843834805101e-01	1.284623333341135543e-01	2.815838001385515543e-01	1.759194949696684940e-01	8.328321580035825955e-02	3.639683252609257624e-02	9.148593884746523963e-02
1.630328562001830505e+03	2.024701774803908949e-01	1.281851761422727887e-01	2.818400431153963437e-01	1.760969105482433905e-01	8.335965497848257799e-02	3.645170719596178138e-02	9.159633053898241783e-02
1.635166332215485909e+03	2.020742664093896634e-01	1.279095391805473991e-01	2.820948341100891765e-01	1.762733050516784583e-01	8.343565095828471556e-02	3.650631443433129120e-02	9.170608985540941449e-02
1.640004102429141085e+03	2.016806377817244034e-01	1.276354142099186684e-01	2.823481814704036919e-01	1.764486844783013098e-01	8.351120637038803030e-02	3.656065512539607987e-02	9.181522056359792128e-02
1.644841872642796488e+03	2.012892782881143816e-01	1.273627930352621562e-01	2.826000934935671838e-01	1.766230547903041015e-01	8.358632382951196316e-02	3.661473015774412837e-02	9.192372640522615546e-02
1.649679642856451665e+03	2.009001746982641001e-01	1.270916675051199651e-01	2.828505784266346912e-01	1.767964219139517290e-01	8.366100593455612355e-02	3.666854042418851017e-02	9.203161109701490927e-02
1.654517413070107068e+03	2.005133138603799048e-01	1.268220295114743101e-01	2.830996444668576473e-01	1.769687917397897436e-01	8.373525526868474955e-02	3.672208682160266191e-02	9.213887833094099034e-02
1.659355183283762244e+03	2.001286827006896751e-01	1.265538709895218661e-01	2.833472997620481992e-01	1.771401701228517145e-01	8.380907439941132075e-02	3.677537025075873489e-02	9.224553177444844154e-02
1.664192953497417420e+03	1.997462682229658726e-01	1.262871839174494470e-01	2.835935524109383654e-01	1.773105628828663127e-01	8.388246587868347648e-02	3.682839161616915241e-02	9.235157507065724913e-02
1.669030723711072824e+03	1.993660575080514474e-01	1.260219603162107960e-01	2.838384104635349181e-01	1.774799758044636744e-01	8.395543224296800333e-02	3.688115182593112995e-02	9.245701183856980254e-02
1.673868493924728000e+03	1.989880377133891876e-01	1.257581922493042625e-01	2.840818819214695479e-01	1.776484146373814854e-01	8.402797601333601707e-02	3.693365179157418604e-02	9.256184567327506441e-02
1.678706264138383403e+03	1.986121960725538704e-01	1.254958718225517023e-01	2.843239747383446980e-01	1.778158850966702342e-01	8.410009969554821385e-02	3.698589242791060216e-02	9.266608014615035360e-02
1.683544034352038352e+03	1.982385198947876626e-01	1.252349911838785135e-01	2.845646968200752913e-01	1.779823928628982421e-01	8.417180578014026027e-02	3.703787465288879699e-02	9.276971880506086621e-02
1.688381804565693983e+03	1.978669965645382944e-01	1.249755425230945627e-01	2.848040560252263487e-01	1.781479435823558055e-01	8.424309674250814173e-02	3.708959938744942758e-02	9.287276517455705926e-02
1.693219574779349159e+03	1.974976135410004552e-01	1.247175180716764142e-01	2.850420601653463337e-01	1.783125428672586998e-01	8.431397504299359413e-02	3.714106755538439802e-02	9.297522275606963371e-02
1.698057344993004335e+03	1.971303583576602403e-01	1.244609101025504344e-01	2.852787170052971111e-01	1.784761962959512116e-01	8.438444312696953553e-02	3.719228008319851869e-02	9.307709502810243563e-02
1.702895115206659511e+03	1.967652186218422916e-01	1.242057109298771167e-01	2.855140342635794637e-01	1.786389094131081712e-01	8.445450342492542839e-02	3.724323789997386475e-02	9.317838544642316478e-02
1.707732885420315142e+03	1.964021820142599906e-01	1.239519129088362953e-01	2.857480196126553351e-01	1.788006877299366804e-01	8.452415835255262799e-02	3.729394193723678530e-02	9.327909744425180727e-02
1.712570655633970318e+03	1.960412362885687043e-01	1.236995084354135799e-01	2.859806806792662415e-01	1.789615367243767852e-01	8.459341031082960594e-02	3.734439312882752160e-02	9.337923443244713906e-02
1.717408425847625494e+03	1.956823692709216134e-01	1.234484899461878171e-01	2.862120250447482417e-01	1.791214618413014825e-01	8.466226168610715974e-02	3.739459241077230933e-02	9.347879979969092590e-02
1.722246196061280898e+03	1.953255688595287587e-01	1.231988499181195379e-01	2.864420602453435216e-01	1.792804684927159220e-01	8.473071485019342819e-02	3.744454072115808302e-02	9.357779691267019417e-02
1.727083966274936301e+03	1.949708230242186424e-01	1.229505808683404589e-01	2.866707937725086475e-01	1.794385620579559970e-01	8.479877216043885113e-02	3.749423900000953963e-02	9.367622911625730908e-02
1.731921736488591478e+03	1.946181198060027984e-01	1.227036753539441083e-01	2.868982330732190444e-01	1.795957478838858257e-01	8.486643595982089339e-02	3.754368818916867245e-02	9.377409973368809604e-02
1.736759506702246881e+03	1.942674473166431659e-01	1.224581259717774095e-01	2.871243855502708109e-01	1.797520312850947322e-01	8.493370857702865762e-02	3.759288923217668499e-02	9.387141206673796368e-02
1.741597276915902057e+03	1.939187937382221560e-01	1.222139253582333607e-01	2.873492585625792572e-01	1.799074175440930345e-01	8.500059232654733066e-02	3.764184307415822245e-02	9.396816939589605622e-02
1.746435047129557461e+03	1.935721473227155209e-01	1.219710661890446718e-01	2.875728594254743364e-01	1.800619119115073608e-01	8.506708950874239394e-02	3.769055066170788615e-02	9.406437498053728252e-02
1.751272817343212637e+03	1.932274963915679988e-01	1.217295411790784571e-01	2.877951954109928545e-01	1.802155196062747711e-01	8.513320240994359800e-02	3.773901294277903773e-02	9.416003205909266593e-02
1.756110587556867813e+03	1.928848293352716792e-01	1.214893430821320508e-01	2.880162737481682389e-01	1.803682458158362145e-01	8.519893330252879815e-02	3.778723086657477526e-02	9.425514384921758471e-02
1.760948357770523216e+03	1.925441346129469211e-01	1.212504646907296979e-01	2.882361016233169759e-01	1.805200956963289305e-01	8.526428444500749881e-02	3.783520538344113671e-02	9.434971354795822218e-02
1.765786127984178393e+03	1.922054007519261587e-01	1.210128988359203267e-01	2.884546861803222173e-01	1.806710743727781010e-01	8.532925808210407859e-02	3.788293744476239205e-02	9.444374433191611573e-02
1.770623898197833569e+03	1.918686163473401485e-01	1.207766383870762933e-01	2.886720345209151106e-01	1.808211869392875315e-01	8.539385644484089044e-02	3.793042800285848642e-02	9.453723935741090156e-02
1.775461668411488745e+03	1.915337700617071592e-01	1.205416762516932500e-01	2.888881537049528547e-01	1.809704384592293880e-01	8.545808175062098722e-02	3.797767801088450246e-02	9.463020176064122768e-02
1.780299438625144376e+03	1.912008506245243822e-01	1.203080053751908324e-01	2.891030507506944791e-01	1.811188339654330182e-01	8.552193620331061119e-02	3.802468842273219740e-02	9.472263465784386272e-02
1.785137208838799552e+03	1.908698468318622554e-01	1.200756187407145126e-01	2.893167326350737922e-01	1.812663784603727735e-01	8.558542199332139222e-02	3.807146019293351086e-02	9.481454114545111167e-02
1.789974979052454728e+03	1.905407475459612587e-01	1.198445093689383539e-01	2.895292062939700539e-01	1.814130769163550261e-01	8.564854129769217117e-02	3.811799427656604317e-02	9.490592430024638593e-02
1.794812749266109904e+03	1.902135416948312341e-01	1.196146703178687376e-01	2.897404786224758722e-01	1.815589342757041869e-01	8.571129628017062907e-02	3.816429162916046280e-02	9.499678717951813567e-02
1.799650519479765535e+03	1.898882182718533429e-01	1.193860946826492131e-01	2.899505564751626019e-01	1.817039554509476684e-01	8.577368909129449992e-02	3.821035320660980811e-02	9.508713282121207533e-02
1.804488289693420711e+03	1.895647663353843826e-01	1.191587755953661676e-01	2.901594466663437455e-01	1.818481453250000157e-01	8.583572186847249208e-02	3.825617996508064861e-02	9.517696424408174372e-02
1.809326059907075887e+03	1.892431750083638786e-01	1.189327062248554806e-01	2.903671559703355221e-01	1.819915087513459817e-01	8.589739673606489045e-02	3.830177286092607131e-02	9.526628444783730165e-02
1.814163830120731291e+03	1.889234334779233693e-01	1.187078797765103444e-01	2.905736911217156049e-01	1.821340505542225485e-01	8.595871580546381174e-02	3.834713285060049881e-02	9.535509641329294184e-02
1.819001600334386467e+03	1.886055309949983549e-01	1.184842894920898060e-01	2.907790588155787503e-01	1.822757755288003656e-01	8.601968117517307111e-02	3.839226089057624219e-02	9.544340310251249460e-02
1.823839370548041643e+03	1.882894568739426622e-01	1.182619286495284472e-01	2.909832657077912610e-01	1.824166884413636058e-01	8.608029493088774353e-02	3.843715793726179553e-02	9.553120745895349319e-02
1.828677140761696819e+03	1.879752004921451947e-01	1.180407905627469112e-01	2.911863184152423956e-01	1.825567940294893499e-01	8.614055914557341986e-02	3.848182494692185124e-02	9.561851240760979587e-02
1.833514910975352450e+03	1.876627512896492100e-01	1.178208685814635115e-01	2.913882235160940026e-01	1.826960970022257769e-01	8.620047587954490775e-02	3.852626287559898083e-02	9.570532085515250087e-02
1.838352681189008081e+03	1.873520987687738171e-01	1.176021560910066599e-01	2.915889875500278228e-01	1.828346020402692729e-01	8.626004718054475218e-02	3.857047267903698784e-02	9.579163569006947376e-02
1.843190451402663257e+03	1.870432324937380264e-01	1.173846465121282656e-01	2.917886170184910699e-01	1.829723137961408452e-01	8.631927508382133962e-02	3.861445531260587760e-02	9.587745978280333425e-02
1.848028221616318433e+03	1.867361420902871605e-01	1.171683333008182171e-01	2.919871183849392371e-01	1.831092368943611493e-01	8.637816161220658595e-02	3.865821173122839516e-02	9.596279598588797199e-02
1.852865991829973609e+03	1.864308172453214285e-01	1.169532099481196130e-01	2.921844980750777920e-01	1.832453759316249042e-01	8.643670877619322179e-02	3.870174288930814527e-02	9.604764713408360521e-02
1.857703762043628785e+03	1.861272477065271380e-01	1.167392699799450345e-01	2.923807624771009306e-01	1.833807354769740328e-01	8.649491857401178652e-02	3.874504974065925977e-02	9.613201604451047932e-02
1.862541532257283961e+03	1.858254232820099605e-01	1.165265069568937606e-01	2.925759179419291645e-01	1.835153200719699951e-01	8.655279299170715035e-02	3.878813323843760541e-02	9.621590551678099734e-02
1.867379302470939592e+03	1.855253338399306118e-01	1.163149144740698304e-01	2.927699707834444665e-01	1.836491342308649299e-01	8.661033400321470344e-02	3.883099433507340020e-02	9.629931833313065681e-02
1.872217072684594768e+03	1.852269693081428914e-01	1.161044861609010770e-01	2.929629272787236949e-01	1.837821824407720739e-01	8.666754357043605916e-02	3.887363398220535643e-02	9.638225725854744630e-02
1.877054842898249490e+03	1.849303196738337762e-01	1.158952156809590767e-01	2.931547936682699640e-01	1.839144691618349869e-01	8.672442364331447995e-02	3.891605313061625299e-02	9.646472504090000677e-02
1.881892613111905121e+03	1.846353749831660396e-01	1.156870967317800564e-01	2.933455761562425712e-01	1.840459988273956959e-01	8.678097615990985891e-02	3.895825273016990942e-02	9.654672441106440517e-02
1.886730383325560297e+03	1.843421253409229799e-01	1.154801230446866056e-01	2.935352809106844818e-01	1.841767758441621716e-01	8.683720304647324362e-02	3.900023372974952690e-02	9.662825808304957576e-02
1.891568153539215928e+03	1.840505609101552309e-01	1.152742883846103877e-01	2.937239140637484813e-01	1.843068045923744736e-01	8.689310621752098507e-02	3.904199707719743784e-02	9.670932875412152629e-02
1.896405923752871104e+03	1.837606719118300980e-01	1.150695865499156839e-01	2.939114817119215517e-01	1.844360894259701178e-01	8.694868757590862307e-02	3.908354371925616688e-02	9.678993910492622588e-02
1.901243693966526507e+03	1.834724486244828090e-01	1.148660113722238946e-01	2.940979899162471378e-01	1.845646346727484455e-01	8.700394901290407768e-02	3.912487460151081037e-02	9.687009179961127148e-02
1.906081464180181683e+03	1.831858813838701250e-01	1.146635567162389013e-01	2.942834447025458600e-01	1.846924446345337978e-01	8.705889240826072961e-02	3.916599066833269943e-02	9.694978948594625001e-02
1.910919234393836859e+03	1.829009605826260598e-01	1.144622164795733171e-01	2.944678520616348383e-01	1.848195235873379971e-01	8.711351963028986234e-02	3.920689286282438846e-02	9.702903479544194854e-02
1.915757004607492036e+03	1.826176766699195708e-01	1.142619845925755967e-01	2.946512179495446859e-01	1.849458757815215515e-01	8.716783253593289593e-02	3.924758212676582314e-02	9.710783034346827380e-02
1.920594774821147894e+03	1.823360201511147749e-01	1.140628550181581186e-01	2.948335482877354474e-01	1.850715054419541927e-01	8.722183297083298259e-02	3.928805940056178531e-02	9.718617872937114488e-02
1.925432545034802843e+03	1.820559815874329412e-01	1.138648217516260303e-01	2.950148489633103721e-01	1.851964167681741102e-01	8.727552276940644949e-02	3.932832562319052427e-02	9.726408253658795633e-02
1.930270315248458019e+03	1.817775515956167320e-01	1.136678788205070650e-01	2.951951258292286884e-01	1.853206139345464909e-01	8.732890375491361712e-02	3.936838173215356090e-02	9.734154433276216711e-02
1.935108085462113195e+03	1.815007208475965528e-01	1.134720202843820663e-01	2.953743847045162685e-01	1.854441010904208931e-01	8.738197773952927072e-02	3.940822866342671982e-02	9.741856666985654334e-02
1.939945855675768371e+03	1.812254800701589008e-01	1.132772402347166502e-01	2.955526313744746281e-01	1.855668823602877049e-01	8.743474652441281247e-02	3.944786735141223022e-02	9.749515208426537405e-02
1.944783625889424002e+03	1.809518200446168235e-01	1.130835327946934227e-01	2.957298715908889264e-01	1.856889618439336309e-01	8.748721189977784474e-02	3.948729872889199938e-02	9.757130309692554904e-02
1.949621396103079178e+03	1.806797316064825409e-01	1.128908921190452663e-01	2.959061110722340238e-01	1.858103436165963462e-01	8.753937564496150348e-02	3.952652372698196165e-02	9.764702221342655419e-02
1.954459166316734354e+03	1.804092056451418735e-01	1.126993123938893893e-01	2.960813555038788181e-01	1.859310317291179293e-01	8.759123952849319494e-02	3.956554327508756547e-02	9.772231192411943990e-02
1.959296936530389530e+03	1.801402331035308058e-01	1.125087878365622351e-01	2.962556105382896932e-01	1.860510302080974898e-01	8.764280530816311032e-02	3.960435830086025955e-02	9.779717470422456815e-02
1.964134706744044706e+03	1.798728049778141325e-01	1.123193126954552118e-01	2.964288817952320243e-01	1.861703430560429362e-01	8.769407473109019913e-02	3.964296973015509623e-02	9.787161301393854096e-02
1.968972476957700337e+03	1.796069123170660475e-01	1.121308812498513774e-01	2.966011748619701294e-01	1.862889742515215497e-01	8.774504953378980954e-02	3.968137848698931325e-02	9.794562929853989353e-02
1.973810247171355968e+03	1.793425462229527034e-01	1.119434878097627373e-01	2.967724952934661653e-01	1.864069277493097809e-01	8.779573144224080139e-02	3.971958549350195627e-02	9.801922598849389934e-02
1.978648017385010689e+03	1.790796978494167135e-01	1.117571267157686371e-01	2.969428486125772482e-01	1.865242074805421590e-01	8.784612217195246486e-02	3.975759166991447990e-02	9.809240549955632049e-02
1.983485787598666320e+03	1.788183584023636807e-01	1.115717923388547805e-01	2.971122403102513521e-01	1.866408173528589787e-01	8.789622342803077304e-02	3.979539793449235474e-02	9.816517023287613108e-02
1.988323557812321269e+03	1.785585191393505577e-01	1.113874790802531212e-01	2.972806758457215426e-01	1.867567612505534047e-01	8.794603690524439854e-02	3.983300520350761820e-02	9.823752257509736630e-02
1.993161328025976900e+03	1.783001713692761447e-01	1.112041813712826704e-01	2.974481606466991557e-01	1.868720430347174111e-01	8.799556428809029995e-02	3.987041439120234815e-02	9.830946489845991676e-02
1.997999098239632076e+03	1.780433064520733355e-01	1.110218936731909717e-01	2.976147001095654776e-01	1.869866665433868314e-01	8.804480725085882253e-02	3.990762640975310110e-02	9.838099956089942089e-02
2.002836868453287707e+03	1.777879157984031955e-01	1.108406104769965039e-01	2.977802995995618152e-01	1.871006355916855213e-01	8.809376745769847972e-02	3.994464216923625244e-02	9.845212890614615797e-02
2.007674638666942428e+03	1.775339908693512048e-01	1.106603263033318213e-01	2.979449644509786221e-01	1.872139539719686052e-01	8.814244656268031830e-02	3.998146257759421091e-02	9.852285526382312253e-02
2.012512408880597604e+03	1.772815231761251387e-01	1.104810357022875666e-01	2.981086999673429605e-01	1.873266254539648068e-01	8.819084620986179790e-02	4.001808854060254217e-02	9.859318094954308553e-02
2.017350179094252780e+03	1.770305042797549466e-01	1.103027332532571653e-01	2.982715114216047403e-01	1.874386537849178080e-01	8.823896803335037897e-02	4.005452096183791805e-02	9.866310826500483688e-02
2.022187949307908411e+03	1.767809257907943798e-01	1.101254135647824761e-01	2.984334040563220714e-01	1.875500426897266926e-01	8.828681365736668063e-02	4.009076074264696088e-02	9.873263949808849804e-02
2.027025719521564042e+03	1.765327793690246450e-01	1.099490712744000676e-01	2.985943830838442281e-01	1.876607958710857504e-01	8.833438469630715273e-02	4.012680878211589280e-02	9.880177692294989100e-02
2.031863489735218764e+03	1.762860567231597231e-01	1.097737010484884229e-01	2.987544536864948919e-01	1.877709170096229230e-01	8.838168275480648428e-02	4.016266597704099689e-02	9.887052280011419947e-02
2.036701259948874394e+03	1.760407496105534375e-01	1.095992975821158677e-01	2.989136210167524510e-01	1.878804097640377202e-01	8.842870942779949839e-02	4.019833322189993174e-02	9.893887937656867249e-02
2.041539030162529116e+03	1.757968498369087140e-01	1.094258555988892184e-01	2.990718901974304678e-01	1.879892777712381668e-01	8.847546630058275574e-02	4.023381140882375390e-02	9.900684888585452315e-02
2.046376800376184747e+03	1.755543492559880625e-01	1.092533698508033474e-01	2.992292663218560356e-01	1.880975246464766937e-01	8.852195494887567240e-02	4.026910142756979366e-02	9.907443354815792524e-02
2.051214570589840150e+03	1.753132397693264455e-01	1.090818351180913998e-01	2.993857544540473037e-01	1.882051539834854459e-01	8.856817693888129062e-02	4.030420416549525958e-02	9.914163557040031605e-02
2.056052340803495554e+03	1.750735133259454512e-01	1.089112462090758154e-01	2.995413596288896141e-01	1.883121693546104813e-01	8.861413382734666111e-02	4.033912050753157841e-02	9.920845714632782475e-02
2.060890111017150957e+03	1.748351619220694098e-01	1.087415979600201144e-01	2.996960868523104726e-01	1.884185743109451638e-01	8.865982716162282284e-02	4.037385133615950528e-02	9.927490045659982665e-02
2.065727881230805451e+03	1.745981776008433961e-01	1.085728852349815421e-01	2.998499411014534655e-01	1.885243723824626960e-01	8.870525847972443589e-02	4.040839753138492779e-02	9.934096766887688668e-02
2.070565651444461309e+03	1.743625524520527048e-01	1.084051029256642290e-01	3.000029273248505102e-01	1.886295670781477918e-01	8.875042931038898408e-02	4.044275997071540563e-02	9.940666093790777313e-02
2.075403421658116713e+03	1.741282786118441561e-01	1.082382459512734041e-01	3.001550504425935517e-01	1.887341618861275716e-01	8.879534117313551966e-02	4.047693952913735543e-02	9.947198240561576366e-02
2.080241191871772116e+03	1.738953482624492619e-01	1.080723092583701084e-01	3.003063153465050372e-01	1.888381602738014309e-01	8.883999557832324145e-02	4.051093707909399211e-02	9.953693420118422952e-02
2.085078962085427065e+03	1.736637536319089459e-01	1.079072878207267966e-01	3.004567269003066143e-01	1.889415656879701588e-01	8.888439402720950400e-02	4.054475349046389454e-02	9.960151844114137343e-02
2.089916732299082469e+03	1.734334869937998735e-01	1.077431766391836604e-01	3.006062899397873855e-01	1.890443815549642803e-01	8.892853801200750752e-02	4.057838963054020281e-02	9.966573722944432889e-02
2.094754502512737417e+03	1.732045406669626975e-01	1.075799707415056733e-01	3.007550092729706637e-01	1.891466112807715649e-01	8.897242901594361320e-02	4.061184636401057868e-02	9.972959265756251024e-02
2.099592272726392821e+03	1.729769070152317734e-01	1.074176651822403156e-01	3.009028896802796726e-01	1.892482582511633982e-01	8.901606851331431147e-02	4.064512455293765175e-02	9.979308680456017155e-02
2.104430042940048224e+03	1.727505784471667361e-01	1.072562550425761457e-01	3.010499359147023046e-01	1.893493258318208194e-01	8.905945796954276017e-02	4.067822505674019429e-02	9.985622173717841055e-02
2.109267813153704083e+03	1.725255474157854352e-01	1.070957354302020242e-01	3.011961527019544338e-01	1.894498173684593390e-01	8.910259884123496177e-02	4.071114873217487884e-02	9.991899950991625645e-02
2.114105583367359031e+03	1.723018064182988696e-01	1.069361014791670728e-01	3.013415447406426750e-01	1.895497361869531439e-01	8.914549257623567702e-02	4.074389643331863958e-02	9.998142216511124447e-02
2.118943353581013525e+03	1.720793479958474259e-01	1.067773483497413689e-01	3.014861167024253663e-01	1.896490855934584441e-01	8.918814061368381119e-02	4.077646901155160264e-02	1.000434917330192547e-01
2.123781123794669384e+03	1.718581647332389772e-01	1.066194712282773627e-01	3.016298732321732179e-01	1.897478688745359299e-01	8.923054438406752276e-02	4.080886731554063396e-02	1.001052102318936710e-01
2.128618894008324787e+03	1.716382492586883135e-01	1.064624653270719451e-01	3.017728189481282963e-01	1.898460892972724801e-01	8.927270530927897130e-02	4.084109219122343537e-02	1.001665796680638321e-01
2.133456664221980191e+03	1.714195942435585707e-01	1.063063258842293496e-01	3.019149584420622867e-01	1.899437501094022041e-01	8.931462480266871840e-02	4.087314448179319576e-02	1.002276020360129000e-01
2.138294434435635139e+03	1.712021924021039088e-01	1.061510481635246500e-01	3.020562962794337003e-01	1.900408545394264848e-01	8.935630426909967061e-02	4.090502502768380427e-02	1.002882793184550203e-01
2.143132204649290543e+03	1.709860364912137720e-01	1.059966274542679943e-01	3.021968369995438608e-01	1.901374057967333553e-01	8.939774510500081428e-02	4.093673466655559090e-02	1.003486134864118862e-01
2.147969974862945492e+03	1.707711193101589531e-01	1.058430590711695457e-01	3.023365851156919470e-01	1.902334070717160153e-01	8.943894869842049233e-02	4.096827423328162215e-02	1.004086064992886218e-01
2.152807745076601350e+03	1.705574337003391283e-01	1.056903383542051184e-01	3.024755451153293695e-01	1.903288615358907088e-01	8.947991642907932031e-02	4.099964455993446166e-02	1.004682603049490558e-01
2.157645515290255844e+03	1.703449725450318364e-01	1.055384606684825477e-01	3.026137214602123704e-01	1.904237723420136585e-01	8.952064966842283866e-02	4.103084647577349975e-02	1.005275768397904251e-01
2.162483285503912157e+03	1.701337287691429279e-01	1.053874214041086305e-01	3.027511185865544574e-01	1.905181426241972786e-01	8.956114977967373492e-02	4.106188080723273404e-02	1.005865580288173855e-01
2.167321055717567106e+03	1.699236953389587912e-01	1.052372159760569248e-01	3.028877409051773939e-01	1.906119754980257208e-01	8.960141811788376043e-02	4.109274837790908436e-02	1.006452057857154664e-01
2.172158825931222509e+03	1.697148652619000220e-01	1.050878398240360362e-01	3.030235928016611346e-01	1.907052740606695884e-01	8.964145602998525864e-02	4.112345000855115867e-02	1.007035220129239156e-01
2.176996596144877003e+03	1.695072315862764245e-01	1.049392884123587777e-01	3.031586786364930397e-01	1.907980413909999007e-01	8.968126485484245736e-02	4.115398651704850475e-02	1.007615086017079886e-01
2.181834366358532861e+03	1.693007874010436231e-01	1.047915572298118436e-01	3.032930027452162003e-01	1.908902805497013078e-01	8.972084592330226149e-02	4.118435871842130586e-02	1.008191674322305859e-01
2.186672136572187810e+03	1.690955258355613389e-01	1.046446417895262604e-01	3.034265694385762102e-01	1.909819945793845009e-01	8.976020055824483757e-02	4.121456742481057617e-02	1.008765003736233762e-01
2.191509906785843214e+03	1.688914400593528320e-01	1.044985376288484619e-01	3.035593830026678819e-01	1.910731865046980393e-01	8.979933007463382355e-02	4.124461344546874464e-02	1.009335092840572962e-01
2.196347676999498617e+03	1.686885232818659541e-01	1.043532403092120031e-01	3.036914476990802969e-01	1.911638593324393176e-01	8.983823577956615014e-02	4.127449758675070385e-02	1.009901960108125635e-01
2.201185447213154021e+03	1.684867687522357271e-01	1.042087454160100790e-01	3.038227677650411906e-01	1.912540160516648380e-01	8.987691897232163996e-02	4.130422065210532373e-02	1.010465623903480797e-01
2.206023217426809424e+03	1.682861697590483929e-01	1.040650485584684870e-01	3.039533474135605040e-01	1.913436596337997897e-01	8.991538094441216267e-02	4.133378344206731919e-02	1.011026102483702643e-01
2.210860987640464373e+03	1.680867196301065736e-01	1.039221453695193809e-01	3.040831908335726586e-01	1.914327930327467675e-01	8.995362297963052645e-02	4.136318675424958263e-02	1.011583413999014164e-01
2.215698757854119776e+03	1.678884117321964020e-01	1.037800315056757045e-01	3.042123021900784430e-01	1.915214191849939906e-01	8.999164635409905022e-02	4.139243138333589117e-02	1.012137576493474245e-01
2.220536528067775180e+03	1.676912394708555687e-01	1.036387026469061390e-01	3.043406856242856229e-01	1.916095410097226615e-01	9.002945233631777511e-02	4.142151812107402326e-02	1.012688607905651156e-01
2.225374298281430583e+03	1.674951962901431446e-01	1.034981544965108691e-01	3.044683452537486623e-01	1.916971614089137133e-01	9.006704218721234279e-02	4.145044775626929162e-02	1.013236526069289101e-01
2.230212068495085077e+03	1.673002756724104867e-01	1.033583827809978067e-01	3.045952851725078347e-01	1.917842832674536702e-01	9.010441716018165181e-02	4.147922107477839543e-02	1.013781348713970742e-01
2.235049838708740936e+03	1.671064711380740031e-01	1.032193832499596342e-01	3.047215094512270017e-01	1.918709094532401460e-01	9.014157850114504211e-02	4.150783885950373037e-02	1.014323093465773623e-01
2.239887608922396339e+03	1.669137762453887230e-01	1.030811516759513463e-01	3.048470221373310585e-01	1.919570428172862331e-01	9.017852744858931291e-02	4.153630189038796938e-02	1.014861777847922558e-01
2.244725379136052197e+03	1.667221845902237265e-01	1.029436838543685007e-01	3.049718272551419918e-01	1.920426861938245577e-01	9.021526523361531047e-02	4.156461094440912218e-02	1.015397419281436203e-01
2.249563149349706237e+03	1.665316898058387118e-01	1.028069756033260784e-01	3.050959288060144381e-01	1.921278424004105589e-01	9.025179307998432154e-02	4.159276679557580986e-02	1.015930035085769040e-01
2.254400919563362095e+03	1.663422855626619234e-01	1.026710227635379419e-01	3.052193307684701873e-01	1.922125142380248786e-01	9.028811220416402272e-02	4.162077021492301132e-02	1.016459642479448366e-01
2.259238689777017044e+03	1.661539655680695504e-01	1.025358211981969858e-01	3.053420370983319088e-01	1.922967044911753631e-01	9.032422381537422162e-02	4.164862197050809428e-02	1.016986258580706154e-01
2.264076459990672902e+03	1.659667235661663465e-01	1.024013667928558441e-01	3.054640517288561008e-01	1.923804159279983161e-01	9.036012911563225114e-02	4.167632282740715149e-02	1.017509900408106877e-01
