1.001418434226643626e+03	2.794716900449673025e-01	1.807555836741376321e-01	2.347255284802105546e-01	1.407396082314429364e-01	6.835462925837523795e-02	2.670065257868197567e-02	6.925230773191498601e-02
1.002869765290740247e+03	2.792167416576283312e-01	1.805885368583591000e-01	2.348999077828486381e-01	1.408449048909157786e-01	6.839876237447369001e-02	2.672842385550622951e-02	6.932272257999887166e-02
1.004321096354836754e+03	2.789622335595927649e-01	1.804217701953076125e-01	2.350739279685755967e-01	1.409500295923165891e-01	6.844282570190071691e-02	2.675618065827255199e-02	6.939303232376478614e-02
1.005772427418933376e+03	2.787081649883120793e-01	1.802552831937580813e-01	2.352475899530979409e-01	1.410549826800588658e-01	6.848681937426825961e-02	2.678392282857476256e-02	6.946323698166061156e-02
1.007223758483029997e+03	2.784545351826278048e-01	1.800890753634383501e-01	2.354208946485709109e-01	1.411597644973642263e-01	6.853074352471245911e-02	2.681165020925742326e-02	6.953333657375943000e-02
1.008675089547126618e+03	2.782013433827681959e-01	1.799231462150267802e-01	2.355938429636211251e-01	1.412643753862690699e-01	6.857459828589694550e-02	2.683936264440929531e-02	6.960333112173910930e-02
1.010126420611223239e+03	2.779485888303453445e-01	1.797574952601500020e-01	2.357664358033690344e-01	1.413688156876312940e-01	6.861838379001607147e-02	2.686705997935682003e-02	6.967322064886201372e-02
1.011577751675319632e+03	2.776962707683517939e-01	1.795921220113802508e-01	2.359386740694510987e-01	1.414730857411368170e-01	6.866210016879806255e-02	2.689474206065761014e-02	6.974300517995499216e-02
1.013029082739416367e+03	2.774443884411574301e-01	1.794270259822332292e-01	2.361105586600420470e-01	1.415771858853061005e-01	6.870574755350826457e-02	2.692240873609397234e-02	6.981268474138963009e-02
1.014480413803512761e+03	2.771929410945064842e-01	1.792622066871656372e-01	2.362820904698764435e-01	1.416811164575008664e-01	6.874932607495215509e-02	2.695005985466643328e-02	6.988225936106265412e-02
1.015931744867609382e+03	2.769419279755143681e-01	1.790976636415726742e-01	2.364532703902707533e-01	1.417848777939304528e-01	6.879283586347850754e-02	2.697769526658728989e-02	6.995172906837661408e-02
1.017383075931706003e+03	2.766913483326646217e-01	1.789333963617859291e-01	2.366240993091445199e-01	1.418884702296583089e-01	6.883627704898236110e-02	2.700531482327419089e-02	7.002109389422073171e-02
1.018834406995802851e+03	2.764412014158056374e-01	1.787694043650708553e-01	2.367945781110417647e-01	1.419918940986084344e-01	6.887964976090815705e-02	2.703291837734371483e-02	7.009035387095202685e-02
1.020285738059899245e+03	2.761914864761478294e-01	1.786056871696245496e-01	2.369647076771521366e-01	1.420951497335717906e-01	6.892295412825261147e-02	2.706050578260500022e-02	7.015950903237663794e-02
1.021737069123995752e+03	2.759422027662605248e-01	1.784422442945733378e-01	2.371344888853317290e-01	1.421982374662126292e-01	6.896619027956775450e-02	2.708807689405335478e-02	7.022855941373132294e-02
1.023188400188092373e+03	2.756933495400686329e-01	1.782790752599704154e-01	2.373039226101238963e-01	1.423011576270748202e-01	6.900935834296376137e-02	2.711563156786393758e-02	7.029750505166516839e-02
1.024639731252188767e+03	2.754449260528500365e-01	1.781161795867937658e-01	2.374730097227797654e-01	1.424039105455881249e-01	6.905245844611193617e-02	2.714316966138539955e-02	7.036634598422158993e-02
1.026091062316285615e+03	2.751969315612323164e-01	1.779535567969436627e-01	2.376417510912786357e-01	1.425064965500744685e-01	6.909549071624754291e-02	2.717069103313359338e-02	7.043508225082041607e-02
1.027542393380382237e+03	2.749493653231896428e-01	1.777912064132404213e-01	2.378101475803481857e-01	1.426089159677541296e-01	6.913845528017263653e-02	2.719819554278527993e-02	7.050371389224029117e-02
1.028993724444478858e+03	2.747022265980401667e-01	1.776291279594221506e-01	2.379782000514844564e-01	1.427111691247518743e-01	6.918135226425890794e-02	2.722568305117186935e-02	7.057224095060114777e-02
1.030445055508575479e+03	2.744555146464425777e-01	1.774673209601424773e-01	2.381459093629717527e-01	1.428132563461032012e-01	6.922418179445040398e-02	2.725315342027316221e-02	7.064066346934702589e-02
1.031896386572671872e+03	2.742092287303933840e-01	1.773057849409682418e-01	2.383132763699022383e-01	1.429151779557602808e-01	6.926694399626633081e-02	2.728060651321112529e-02	7.070898149322897563e-02
1.033347717636768493e+03	2.739633681132238041e-01	1.771445194283773894e-01	2.384803019241955313e-01	1.430169342765981177e-01	6.930963899480376000e-02	2.730804219424369864e-02	7.077719506828816787e-02
1.034799048700865114e+03	2.737179320595971022e-01	1.769835239497565549e-01	2.386469868746179945e-01	1.431185256304206288e-01	6.935226691474034866e-02	2.733546032875859566e-02	7.084530424183925479e-02
1.036250379764961508e+03	2.734729198355052016e-01	1.768227980333990090e-01	2.388133320668018311e-01	1.432199523379664163e-01	6.939482788033701777e-02	2.736286078326715526e-02	7.091330906245386922e-02
1.037701710829058356e+03	2.732283307082660206e-01	1.766623412085022438e-01	2.389793383432642082e-01	1.433212147189149299e-01	6.943732201544060290e-02	2.739024342539818357e-02	7.098120957994431823e-02
1.039153041893154750e+03	2.729841639465204750e-01	1.765021530051658627e-01	2.391450065434260475e-01	1.434223130918922673e-01	6.947974944348644932e-02	2.741760812389184426e-02	7.104900584534747099e-02
1.040604372957251599e+03	2.727404188202297020e-01	1.763422329543894440e-01	2.393103375036306768e-01	1.435232477744770863e-01	6.952211028750106270e-02	2.744495474859355230e-02	7.111669791090884096e-02
1.042055704021347992e+03	2.724970946006719519e-01	1.761825805880702089e-01	2.394753320571624267e-01	1.436240190832064334e-01	6.956440467010469031e-02	2.747228317044789897e-02	7.118428583006677912e-02
1.043507035085444613e+03	2.722541905604397572e-01	1.760231954390009679e-01	2.396399910342648099e-01	1.437246273335814339e-01	6.960663271351383297e-02	2.749959326149259420e-02	7.125176965743694468e-02
1.044958366149541234e+03	2.720117059734371012e-01	1.758640770408678444e-01	2.398043152621589513e-01	1.438250728400733147e-01	6.964879453954384014e-02	2.752688489485242626e-02	7.131914944879690077e-02
1.046409697213637855e+03	2.717696401148765872e-01	1.757052249282481104e-01	2.399683055650613794e-01	1.439253559161288165e-01	6.969089026961136635e-02	2.755415794473324922e-02	7.138642526107086272e-02
1.047861028277734476e+03	2.715279922612764407e-01	1.755466386366080767e-01	2.401319627642021781e-01	1.440254768741760505e-01	6.973292002473691076e-02	2.758141228641599121e-02	7.145359715231466846e-02
1.049312359341831097e+03	2.712867616904577894e-01	1.753883177023010387e-01	2.402952876778425562e-01	1.441254360256301603e-01	6.977488392554724583e-02	2.760864779625068696e-02	7.152066518170088760e-02
1.050763690405927491e+03	2.710459476815416102e-01	1.752302616625648901e-01	2.404582811212924442e-01	1.442252336808988733e-01	6.981678209227790144e-02	2.763586435165051730e-02	7.158762940950411102e-02
1.052215021470024112e+03	2.708055495149461755e-01	1.750724700555201241e-01	2.406209439069280087e-01	1.443248701493881070e-01	6.985861464477556571e-02	2.766306183108589029e-02	7.165448989708640692e-02
1.053666352534120733e+03	2.705655664723841669e-01	1.749149424201678349e-01	2.407832768442088600e-01	1.444243457395075481e-01	6.990038170250049976e-02	2.769024011407852925e-02	7.172124670688290182e-02
1.055117683598217127e+03	2.703259978368596772e-01	1.747576782963873587e-01	2.409452807396952057e-01	1.445236607586760369e-01	6.994208338452893858e-02	2.771739908119559906e-02	7.178789990238756968e-02
1.056569014662313975e+03	2.700868428926656573e-01	1.746006772249342476e-01	2.411069563970648921e-01	1.446228155133271187e-01	6.998371980955539473e-02	2.774453861404382882e-02	7.185444954813924312e-02
1.058020345726410369e+03	2.698481009253809182e-01	1.744439387474382985e-01	2.412683046171302803e-01	1.447218103089145391e-01	7.002529109589511469e-02	2.777165859526367978e-02	7.192089570970759682e-02
1.059471676790506763e+03	2.696097712218673559e-01	1.742874624064013334e-01	2.414293261978548433e-01	1.448206454499174900e-01	7.006679736148628546e-02	2.779875890852353051e-02	7.198723845367950569e-02
1.060923007854603611e+03	2.693718530702674530e-01	1.741312477451951446e-01	2.415900219343699029e-01	1.449193212398461328e-01	7.010823872389242151e-02	2.782583943851387256e-02	7.205347784764537522e-02
1.062374338918700232e+03	2.691343457600013367e-01	1.739752943080594694e-01	2.417503926189908670e-01	1.450178379812467611e-01	7.014961530030462689e-02	2.785290007094153725e-02	7.211961396018576331e-02
1.063825669982796853e+03	2.688972485817638369e-01	1.738196016400997690e-01	2.419104390412336880e-01	1.451161959757071573e-01	7.019092720754382952e-02	2.787994069252395027e-02	7.218564686085805759e-02
1.065277001046893474e+03	2.686605608275220436e-01	1.736641692872853693e-01	2.420701619878310173e-01	1.452143955238620054e-01	7.023217456206311271e-02	2.790696119098340020e-02	7.225157662018336091e-02
1.066728332110990095e+03	2.684242817905124201e-01	1.735089967964472957e-01	2.422295622427480255e-01	1.453124369253978310e-01	7.027335747994983839e-02	2.793396145504131733e-02	7.231740330963351560e-02
1.068179663175086489e+03	2.681884107652382498e-01	1.733540837152762470e-01	2.423886405871985561e-01	1.454103204790583859e-01	7.031447607692795088e-02	2.796094137441260813e-02	7.238312700161819713e-02
1.069630994239183110e+03	2.679529470474666941e-01	1.731994295923205140e-01	2.425473977996607799e-01	1.455080464826497555e-01	7.035553046836011404e-02	2.798790083979997567e-02	7.244874776947235473e-02
1.071082325303279504e+03	2.677178899342261276e-01	1.730450339769841195e-01	2.427058346558927382e-01	1.456056152330454379e-01	7.039652076924993174e-02	2.801483974288829226e-02	7.251426568744352708e-02
1.072533656367376352e+03	2.674832387238036402e-01	1.728908964195245701e-01	2.428639519289479687e-01	1.457030270261914506e-01	7.043744709424409889e-02	2.804175797633897196e-02	7.257968083067949105e-02
1.073984987431472746e+03	2.672489927157421508e-01	1.727370164710509970e-01	2.430217503891908271e-01	1.458002821571114105e-01	7.047830955763448313e-02	2.806865543378438133e-02	7.264499327521599381e-02
1.075436318495569594e+03	2.670151512108377423e-01	1.725833936835221016e-01	2.431792308043116968e-01	1.458973809199115013e-01	7.051910827336031751e-02	2.809553200982224663e-02	7.271020309796462355e-02
1.076887649559666215e+03	2.667817135111371640e-01	1.724300276097441853e-01	2.433363939393421438e-01	1.459943236077854978e-01	7.055984335501029603e-02	2.812238760001013402e-02	7.277531037670079139e-02
1.078338980623762609e+03	2.665486789199350559e-01	1.722769178033690951e-01	2.434932405566699321e-01	1.460911105130196785e-01	7.060051491582461369e-02	2.814922210085989140e-02	7.284031519005192135e-02
1.079790311687859230e+03	2.663160467417712285e-01	1.721240638188923366e-01	2.436497714160538453e-01	1.461877419269977940e-01	7.064112306869714530e-02	2.817603540983216331e-02	7.290521761748566809e-02
1.081241642751955851e+03	2.660838162824281650e-01	1.719714652116510201e-01	2.438059872746384527e-01	1.462842181402058961e-01	7.068166792617734673e-02	2.820282742533088832e-02	7.297001773929837065e-02
1.082692973816052472e+03	2.658519868489283011e-01	1.718191215378219450e-01	2.439618888869687363e-01	1.463805394422372230e-01	7.072214960047246146e-02	2.822959804669785550e-02	7.303471563660356158e-02
1.084144304880149093e+03	2.656205577495314163e-01	1.716670323544195742e-01	2.441174770050046350e-01	1.464767061217970290e-01	7.076256820344943577e-02	2.825634717420725042e-02	7.309931139132065658e-02
1.085595635944245487e+03	2.653895282937322464e-01	1.715151972192941465e-01	2.442727523781353660e-01	1.465727184667072747e-01	7.080292384663697258e-02	2.828307470906023940e-02	7.316380508616376899e-02
1.087046967008342108e+03	2.651588977922573753e-01	1.713636156911297059e-01	2.444277157531936917e-01	1.466685767639115678e-01	7.084321664122748829e-02	2.830978055337959182e-02	7.322819680463057979e-02
1.088498298072438729e+03	2.649286655570630700e-01	1.712122873294421865e-01	2.445823678744702134e-01	1.467642812994796875e-01	7.088344669807912501e-02	2.833646461020428858e-02	7.329248663099141581e-02
1.089949629136535123e+03	2.646988309013325602e-01	1.710612116945774419e-01	2.447367094837272772e-01	1.468598323586124410e-01	7.092361412771770734e-02	2.836312678348418617e-02	7.335667465027842504e-02
1.091400960200631971e+03	2.644693931394734299e-01	1.709103883477093300e-01	2.448907413202129069e-01	1.469552302256461607e-01	7.096371904033867140e-02	2.838976697807468405e-02	7.342076094827484911e-02
1.092852291264728365e+03	2.642403515871151742e-01	1.707598168508378256e-01	2.450444641206746543e-01	1.470504751840575053e-01	7.100376154580900767e-02	2.841638509973141991e-02	7.348474561150446227e-02
1.094303622328825213e+03	2.640117055611064245e-01	1.706094967667869944e-01	2.451978786193733939e-01	1.471455675164679289e-01	7.104374175366917621e-02	2.844298105510499261e-02	7.354862872722112144e-02
1.095754953392921607e+03	2.637834543795125608e-01	1.704594276592033830e-01	2.453509855480967006e-01	1.472405075046482881e-01	7.108365977313499395e-02	2.846955475173569561e-02	7.361241038339838560e-02
1.097206284457018228e+03	2.635555973616132142e-01	1.703096090925537154e-01	2.455037856361725612e-01	1.473352954295234218e-01	7.112351571309953602e-02	2.849610609804828845e-02	7.367609066871927403e-02
1.098657615521114849e+03	2.633281338278994910e-01	1.701600406321233383e-01	2.456562796104826141e-01	1.474299315711766201e-01	7.116330968213500918e-02	2.852263500334677182e-02	7.373966967256614935e-02
1.100108946585211470e+03	2.631010631000716971e-01	1.700107218440141676e-01	2.458084681954754158e-01	1.475244162088540645e-01	7.120304178849459764e-02	2.854914137780921804e-02	7.380314748501080879e-02
1.101560277649308091e+03	2.628743845010366731e-01	1.698616522951428565e-01	2.459603521131797088e-01	1.476187496209693251e-01	7.124271214011432263e-02	2.857562513248257385e-02	7.386652419680445059e-02
1.103011608713404712e+03	2.626480973549054077e-01	1.697128315532389353e-01	2.461119320832173829e-01	1.477129320851077732e-01	7.128232084461483264e-02	2.860208617927753258e-02	7.392979989936801499e-02
1.104462939777501106e+03	2.624222009869903172e-01	1.695642591868430082e-01	2.462632088228164373e-01	1.478069638780309669e-01	7.132186800930323534e-02	2.862852443096339933e-02	7.399297468478245599e-02
1.105914270841597499e+03	2.621966947238030810e-01	1.694159347653046710e-01	2.464141830468239425e-01	1.479008452756809811e-01	7.136135374117495711e-02	2.865493980116299785e-02	7.405604864577920721e-02
1.107365601905694348e+03	2.619715778930517547e-01	1.692678578587809568e-01	2.465648554677186410e-01	1.479945765531847368e-01	7.140077814691543623e-02	2.868133220434758435e-02	7.411902187573070344e-02
1.108816932969790741e+03	2.617468498236386609e-01	1.691200280382343102e-01	2.467152267956236322e-01	1.480881579848583873e-01	7.144014133290195467e-02	2.870770155583180286e-02	7.418189446864106862e-02
1.110268264033887590e+03	2.615225098456576691e-01	1.689724448754308106e-01	2.468652977383190006e-01	1.481815898442114254e-01	7.147944340520534512e-02	2.873404777176863031e-02	7.424466651913688708e-02
1.111719595097984211e+03	2.612985572903919196e-01	1.688251079429383128e-01	2.470150690012541950e-01	1.482748724039510968e-01	7.151868446959180892e-02	2.876037076914438051e-02	7.430733812245801650e-02
1.113170926162080832e+03	2.610749914903112701e-01	1.686780168141246428e-01	2.471645412875604075e-01	1.483680059359865078e-01	7.155786463152460919e-02	2.878667046577370117e-02	7.436990937444862282e-02
1.114622257226177226e+03	2.608518117790696866e-01	1.685311710631557935e-01	2.473137152980628417e-01	1.484609907114328164e-01	7.159698399616576392e-02	2.881294678029462999e-02	7.443238037154820130e-02
1.116073588290273847e+03	2.606290174915031899e-01	1.683845702649940934e-01	2.474625917312927859e-01	1.485538270006154793e-01	7.163604266837778067e-02	2.883919963216361598e-02	7.449475121078275031e-02
1.117524919354370468e+03	2.604066079636271347e-01	1.682382139953964018e-01	2.476111712834998535e-01	1.486465150730742757e-01	7.167504075272537745e-02	2.886542894165062753e-02	7.455702198975611150e-02
1.118976250418467089e+03	2.601845825326337125e-01	1.680921018309123327e-01	2.477594546486636962e-01	1.487390551975674158e-01	7.171397835347709249e-02	2.889163462983422581e-02	7.461919280664122689e-02
1.120427581482563710e+03	2.599629405368899526e-01	1.679462333488824788e-01	2.479074425185061603e-01	1.488314476420757315e-01	7.175285557460700514e-02	2.891781661859670755e-02	7.468126376017168722e-02
1.121878912546660331e+03	2.597416813159348914e-01	1.678006081274365235e-01	2.480551355825028337e-01	1.489236926738065903e-01	7.179167251979640119e-02	2.894397483061923737e-02	7.474323494963328041e-02
1.123330243610756725e+03	2.595208042104772961e-01	1.676552257454915762e-01	2.482025345278949247e-01	1.490157905591980025e-01	7.183042929243535490e-02	2.897010918937702184e-02	7.480510647485565101e-02
1.124781574674853118e+03	2.593003085623933335e-01	1.675100857827503675e-01	2.483496400397006698e-01	1.491077415639225356e-01	7.186912599562439441e-02	2.899621961913447996e-02	7.486687843620404292e-02
1.126232905738949967e+03	2.590801937147241829e-01	1.673651878196994736e-01	2.484964528007270745e-01	1.491995459528913381e-01	7.190776273217613923e-02	2.902230604494047267e-02	7.492855093457113924e-02
1.127684236803046360e+03	2.588604590116736492e-01	1.672205314376075114e-01	2.486429734915811540e-01	1.492912039902581089e-01	7.194633960461685462e-02	2.904836839262352893e-02	7.499012407136901315e-02
1.129135567867143209e+03	2.586411037986057204e-01	1.670761162185234738e-01	2.487892027906813408e-01	1.493827159394229276e-01	7.198485671518808915e-02	2.907440658878709255e-02	7.505159794852113431e-02
1.130586898931239830e+03	2.584221274220422360e-01	1.669319417452748977e-01	2.489351413742687813e-01	1.494740820630362232e-01	7.202331416584825674e-02	2.910042056080480721e-02	7.511297266845454179e-02
1.132038229995336451e+03	2.582035292296606666e-01	1.667880076014661983e-01	2.490807899164183548e-01	1.495653026230025495e-01	7.206171205827416326e-02	2.912641023681581537e-02	7.517424833409198925e-02
1.133489561059432845e+03	2.579853085702915605e-01	1.666443133714768654e-01	2.492261490890498588e-01	1.496563778804845257e-01	7.210005049386258857e-02	2.915237554572006756e-02	7.523542504884427051e-02
1.134940892123529466e+03	2.577674647939162678e-01	1.665008586404597146e-01	2.493712195619390004e-01	1.497473080959065839e-01	7.213832957373182697e-02	2.917831641717368030e-02	7.529650291660260064e-02
1.136392223187626087e+03	2.575499972516647196e-01	1.663576429943393331e-01	2.495160020027282766e-01	1.498380935289587712e-01	7.217654939872324149e-02	2.920423278158428351e-02	7.535748204173109421e-02
1.137843554251722708e+03	2.573329052958129304e-01	1.662146660198100812e-01	2.496604970769378262e-01	1.499287344386004139e-01	7.221471006940277659e-02	2.923012457010642010e-02	7.541836252905927129e-02
1.139294885315819101e+03	2.571161882797808329e-01	1.660719273043346489e-01	2.498047054479760332e-01	1.500192310830640863e-01	7.225281168606241533e-02	2.925599171463694886e-02	7.547914448387474384e-02
1.140746216379915950e+03	2.568998455581297802e-01	1.659294264361421689e-01	2.499486277771505172e-01	1.501095837198590799e-01	7.229085434872177529e-02	2.928183414781046143e-02	7.553982801191592988e-02
1.142197547444012343e+03	2.566838764865605471e-01	1.657871630042265509e-01	2.500922647236782925e-01	1.501997926057752342e-01	7.232883815712952413e-02	2.930765180299475456e-02	7.560041321936485093e-02
1.143648878508108737e+03	2.564682804219106105e-01	1.656451365983448720e-01	2.502356169446965373e-01	1.502898579968865167e-01	7.236676321076489227e-02	2.933344461428628175e-02	7.566090021283999878e-02
1.145100209572205586e+03	2.562530567221522615e-01	1.655033468090155446e-01	2.503786850952730014e-01	1.503797801485547148e-01	7.240462960883911614e-02	2.935921251650567415e-02	7.572128909938931340e-02
1.146551540636302207e+03	2.560382047463900523e-01	1.653617932275168179e-01	2.505214698284163877e-01	1.504695593154330713e-01	7.244243745029689541e-02	2.938495544519323030e-02	7.578157998648324400e-02
1.148002871700398828e+03	2.558237238548586867e-01	1.652204754458848623e-01	2.506639717950863155e-01	1.505591957514697266e-01	7.248018683381785010e-02	2.941067333660445787e-02	7.584177298200782402e-02
1.149454202764495449e+03	2.556096134089205774e-01	1.650793930569123269e-01	2.508061916442039241e-01	1.506486897099114652e-01	7.251787785781795004e-02	2.943636612770564320e-02	7.590186819425791265e-02
1.150905533828591842e+03	2.553958727710637366e-01	1.649385456541465067e-01	2.509481300226616418e-01	1.507380414433071303e-01	7.255551062045094424e-02	2.946203375616943121e-02	7.596186573193046410e-02
1.152356864892688463e+03	2.551825013048993895e-01	1.647979328318877057e-01	2.510897875753334563e-01	1.508272512035112589e-01	7.259308521960976257e-02	2.948767616037040878e-02	7.602176570411785239e-02
1.153808195956785084e+03	2.549694983751599198e-01	1.646575541851877378e-01	2.512311649450846840e-01	1.509163192416874688e-01	7.263060175292790355e-02	2.951329327938075064e-02	7.608156822030134880e-02
1.155259527020881706e+03	2.547568633476963718e-01	1.645174093098480395e-01	2.513722627727821846e-01	1.510052458083119831e-01	7.266806031778086372e-02	2.953888505296585129e-02	7.614127339034457154e-02
1.156710858084978327e+03	2.545445955894763412e-01	1.643774978024181432e-01	2.515130816973036865e-01	1.510940311531770441e-01	7.270546101128748384e-02	2.956445142157998821e-02	7.620088132448708806e-02
1.158162189149074720e+03	2.543326944685819768e-01	1.642378192601940401e-01	2.516536223555479457e-01	1.511826755253943555e-01	7.274280393031132275e-02	2.958999232636201279e-02	7.626039213333807298e-02
1.159613520213171569e+03	2.541211593542073155e-01	1.640983732812165419e-01	2.517938853824442380e-01	1.512711791733985234e-01	7.278008917146205903e-02	2.961550770913105868e-02	7.631980592786999362e-02
1.161064851277267962e+03	2.539099896166562842e-01	1.639591594642695882e-01	2.519338714109620181e-01	1.513595423449503874e-01	7.281731683109675390e-02	2.964099751238226735e-02	7.637912281941242054e-02
1.162516182341364356e+03	2.536991846273404239e-01	1.638201774088787477e-01	2.520735810721203563e-01	1.514477652871403790e-01	7.285448700532132227e-02	2.966646167928254155e-02	7.643834291964589356e-02
1.163967513405461204e+03	2.534887437587769465e-01	1.636814267153094693e-01	2.522130149949974864e-01	1.515358482463919076e-01	7.289159978999172618e-02	2.969190015366631602e-02	7.649746634059582939e-02
1.165418844469557826e+03	2.532786663845860708e-01	1.635429069845654726e-01	2.523521738067402431e-01	1.516237914684645804e-01	7.292865528071539039e-02	2.971731288003133867e-02	7.655649319462656810e-02
1.166870175533654447e+03	2.530689518794893011e-01	1.634046178183872489e-01	2.524910581325731651e-01	1.517115951984576161e-01	7.296565357285245135e-02	2.974269980353450027e-02	7.661542359443537786e-02
1.168321506597751068e+03	2.528595996193069850e-01	1.632665588192503403e-01	2.526296685958079324e-01	1.517992596808130645e-01	7.300259476151713112e-02	2.976806086998765033e-02	7.667425765304661245e-02
1.169772837661847461e+03	2.526506089809560929e-01	1.631287295903638135e-01	2.527680058178525258e-01	1.518867851593189711e-01	7.303947894157895859e-02	2.979339602585346497e-02	7.673299548380592416e-02
1.171224168725944082e+03	2.524419793424482195e-01	1.629911297356686495e-01	2.529060704182202746e-01	1.519741718771127070e-01	7.307630620766408791e-02	2.981870521824131134e-02	7.679163720037451846e-02
1.172675499790040703e+03	2.522337100828873080e-01	1.628537588598361063e-01	2.530438630145390166e-01	1.520614200766841895e-01	7.311307665415654744e-02	2.984398839490315369e-02	7.685018291672349178e-02
1.174126830854137097e+03	2.520258005824674852e-01	1.627166165682661925e-01	2.531813842225599798e-01	1.521485299998789620e-01	7.314979037519951655e-02	2.986924550422945246e-02	7.690863274712819719e-02
1.175578161918233945e+03	2.518182502224709518e-01	1.625797024670860569e-01	2.533186346561668301e-01	1.522355018879014144e-01	7.318644746469661622e-02	2.989447649524512238e-02	7.696698680616274879e-02
1.177029492982330339e+03	2.516110583852658178e-01	1.624430161631484348e-01	2.534556149273843872e-01	1.523223359813180022e-01	7.322304801631310256e-02	2.991968131760546629e-02	7.702524520869449831e-02
1.178480824046426733e+03	2.514042244543039928e-01	1.623065572640300935e-01	2.535923256463875064e-01	1.524090325200602170e-01	7.325959212347707417e-02	2.994485992159217486e-02	7.708340806987863669e-02
1.179932155110523581e+03	2.511977478141190212e-01	1.621703253780301390e-01	2.537287674215097377e-01	1.524955917434278052e-01	7.329607987938081826e-02	2.997001225810929856e-02	7.714147550515286500e-02
1.181383486174620202e+03	2.509916278503239173e-01	1.620343201141687395e-01	2.538649408592520418e-01	1.525820138900918221e-01	7.333251137698189315e-02	2.999513827867929250e-02	7.719944763023200984e-02
1.182834817238716823e+03	2.507858639496090558e-01	1.618985410821851822e-01	2.540008465642913382e-01	1.526682991980976567e-01	7.336888670900443277e-02	3.002023793543903349e-02	7.725732456110290247e-02
1.184286148302813444e+03	2.505804554997402289e-01	1.617629878925366249e-01	2.541364851394893321e-01	1.527544479048681125e-01	7.340520596794029851e-02	3.004531118113588570e-02	7.731510641401913297e-02
1.185737479366910065e+03	2.503754018895561484e-01	1.616276601563964577e-01	2.542718571859005072e-01	1.528404602472064056e-01	7.344146924605027271e-02	3.007035796912378711e-02	7.737279330549590162e-02
1.187188810431006686e+03	2.501707025089667802e-01	1.614925574856527768e-01	2.544069633027810640e-01	1.529263364612991893e-01	7.347767663536526606e-02	3.009537825335933600e-02	7.743038535230507835e-02
1.188640141495103080e+03	2.499663567489509020e-01	1.613576794929067471e-01	2.545418040875968568e-01	1.530120767827194972e-01	7.351382822768749714e-02	3.012037198839790514e-02	7.748788267147006803e-02
1.190091472559199701e+03	2.497623640015542157e-01	1.612230257914712694e-01	2.546763801360318324e-01	1.530976814464297953e-01	7.354992411459158885e-02	3.014533912938979765e-02	7.754528538026095319e-02
1.191542803623296322e+03	2.495587236598871828e-01	1.610885959953692603e-01	2.548106920419964672e-01	1.531831506867847581e-01	7.358596438742581736e-02	3.017027963207638899e-02	7.760259359618955355e-02
1.192994134687392716e+03	2.493554351181229978e-01	1.609543897193322359e-01	2.549447403976356497e-01	1.532684847375343773e-01	7.362194913731322232e-02	3.019519345278631750e-02	7.765980743700461042e-02
1.194445465751489564e+03	2.491524977714953959e-01	1.608204065787987858e-01	2.550785257933371186e-01	1.533536838318267370e-01	7.365787845515268939e-02	3.022008054843166105e-02	7.771692702068702663e-02
1.195896796815585958e+03	2.489499110162966822e-01	1.606866461899129628e-01	2.552120488177394009e-01	1.534387482022109284e-01	7.369375243162018529e-02	3.024494087650418314e-02	7.777395246544510643e-02
1.197348127879682352e+03	2.487476742498756499e-01	1.605531081695229234e-01	2.553453100577396384e-01	1.535236780806399637e-01	7.372957115716979870e-02	3.026977439507154422e-02	7.783088388970990645e-02
1.198799458943779200e+03	2.485457868706354989e-01	1.604197921351794009e-01	2.554783100985018596e-01	1.536084736984736077e-01	7.376533472203491981e-02	3.029458106277357204e-02	7.788772141213060052e-02
1.200250790007875821e+03	2.483442482780318095e-01	1.602866977051340680e-01	2.556110495234646951e-01	1.536931352864811806e-01	7.380104321622928121e-02	3.031936083881852859e-02	7.794446515156992772e-02
1.201702121071972442e+03	2.481430578725705161e-01	1.601538244983382042e-01	2.557435289143492607e-01	1.537776630748443063e-01	7.383669672954810970e-02	3.034411368297941849e-02	7.800111522709966827e-02
1.203153452136069063e+03	2.479422150558057425e-01	1.600211721344410865e-01	2.558757488511671507e-01	1.538620572931598540e-01	7.387229535156920879e-02	3.036883955559028722e-02	7.805767175799618873e-02
1.204604783200165684e+03	2.477417192303379423e-01	1.598887402337885733e-01	2.560077099122277655e-01	1.539463181704426309e-01	7.390783917165402728e-02	3.039353841754256075e-02	7.811413486373602888e-02
1.206056114264262078e+03	2.475415697998117615e-01	1.597565284174216338e-01	2.561394126741464161e-01	1.540304459351281019e-01	7.394332827894871396e-02	3.041821023028140267e-02	7.817050466399151631e-02
1.207507445328358699e+03	2.473417661689140679e-01	1.596245363070748491e-01	2.562708577118516518e-01	1.541144408150752210e-01	7.397876276238525561e-02	3.044285495580208167e-02	7.822678127862646436e-02
1.208958776392455093e+03	2.471423077433718141e-01	1.594927635251748854e-01	2.564020455985930869e-01	1.541983030375690122e-01	7.401414271068246231e-02	3.046747255664635640e-02	7.828296482769198095e-02
1.210410107456551941e+03	2.469431939299501499e-01	1.593612096948391343e-01	2.565329769059487286e-01	1.542820328293234566e-01	7.404946821234707766e-02	3.049206299589890881e-02	7.833905543142211103e-02
1.211861438520648335e+03	2.467444241364504243e-01	1.592298744398741861e-01	2.566636522038326929e-01	1.543656304164840176e-01	7.408473935567475022e-02	3.051662623718373948e-02	7.839505321022979811e-02
1.213312769584745183e+03	2.465459977717080753e-01	1.590987573847743586e-01	2.567940720605022542e-01	1.544490960246303612e-01	7.411995622875118539e-02	3.054116224466064261e-02	7.845095828470270705e-02
1.214764100648841804e+03	2.463479142455907989e-01	1.589678581547201985e-01	2.569242370425656175e-01	1.545324298787790762e-01	7.415511891945303358e-02	3.056567098302166025e-02	7.850677077559913009e-02
1.216215431712937971e+03	2.461501729689962725e-01	1.588371763755772603e-01	2.570541477149891896e-01	1.546156322033861719e-01	7.419022751544905592e-02	3.059015241748756775e-02	7.856249080384397621e-02
1.217666762777034819e+03	2.459527733538504901e-01	1.587067116738943573e-01	2.571838046411046297e-01	1.546987032223497982e-01	7.422528210420102635e-02	3.061460651380438353e-02	7.861811849052485757e-02
1.219118093841131440e+03	2.457557148131055968e-01	1.585764636769022851e-01	2.573132083826160654e-01	1.547816431590127717e-01	7.426028277296480018e-02	3.063903323823988223e-02	7.867365395688805108e-02
1.220569424905228061e+03	2.455589967607379742e-01	1.584464320125123782e-01	2.574423594996076425e-01	1.548644522361652676e-01	7.429522960879129945e-02	3.066343255758014613e-02	7.872909732433469587e-02
1.222020755969324682e+03	2.453626186117461583e-01	1.583166163093150669e-01	2.575712585505504082e-01	1.549471306760472900e-01	7.433012269852749820e-02	3.068780443912611303e-02	7.878444871441686592e-02
1.223472087033421303e+03	2.451665797821491188e-01	1.581870161965784338e-01	2.576999060923092499e-01	1.550296787003512256e-01	7.436496212881742174e-02	3.071214885069016229e-02	7.883970824883382300e-02
1.224923418097517697e+03	2.449708796889840390e-01	1.580576313042467984e-01	2.578283026801501121e-01	1.551120965302243693e-01	7.439974798610313189e-02	3.073646576059271135e-02	7.889487604942825583e-02
1.226374749161614318e+03	2.447755177503044832e-01	1.579284612629392459e-01	2.579564488677471013e-01	1.551943843862715333e-01	7.443448035662564299e-02	3.076075513765882258e-02	7.894995223818251917e-02
1.227826080225710712e+03	2.445804933851784546e-01	1.577995057039483229e-01	2.580843452071892030e-01	1.552765424885574619e-01	7.446915932642599045e-02	3.078501695121484832e-02	7.900493693721501176e-02
1.229277411289807560e+03	2.443858060136865074e-01	1.576707642592385383e-01	2.582119922489872765e-01	1.553585710566093014e-01	7.450378498134607730e-02	3.080925117108507597e-02	7.905983026877654030e-02
1.230728742353903954e+03	2.441914550569195541e-01	1.575422365614450038e-01	2.583393905420809378e-01	1.554404703094190709e-01	7.453835740702972890e-02	3.083345776758838683e-02	7.911463235524668347e-02
1.232180073418000802e+03	2.439974399369773117e-01	1.574139222438719066e-01	2.584665406338452209e-01	1.555222404654462154e-01	7.457287668892353949e-02	3.085763671153494980e-02	7.916934331913026701e-02
1.233631404482097196e+03	2.438037600769659974e-01	1.572858209404913443e-01	2.585934430700974063e-01	1.556038817426199095e-01	7.460734291227791304e-02	3.088178797422292884e-02	7.922396328305392199e-02
1.235082735546193817e+03	2.436104149009966635e-01	1.571579322859416594e-01	2.587200983951039035e-01	1.556853943583415834e-01	7.464175616214788200e-02	3.090591152743521128e-02	7.927849236976249048e-02
1.236534066610290438e+03	2.434174038341831992e-01	1.570302559155263011e-01	2.588465071515867466e-01	1.557667785294872265e-01	7.467611652339413431e-02	3.093000734343612917e-02	7.933293070211566711e-02
1.237985397674387059e+03	2.432247263026403872e-01	1.569027914652122158e-01	2.589726698807302552e-01	1.558480344724098021e-01	7.471042408068385987e-02	3.095407539496823623e-02	7.938727840308465455e-02
1.239436728738483680e+03	2.430323817334820447e-01	1.567755385716286254e-01	2.590985871221875847e-01	1.559291624029417178e-01	7.474467891849172207e-02	3.097811565524906732e-02	7.944153559574870793e-02
1.240888059802580301e+03	2.428403695548190799e-01	1.566484968720655291e-01	2.592242594140872214e-01	1.560101625363970734e-01	7.477888112110069041e-02	3.100212809796794311e-02	7.949570240329191517e-02
1.242339390866676695e+03	2.426486891957576331e-01	1.565216660044724817e-01	2.593496872930395880e-01	1.560910350875740482e-01	7.481303077260302581e-02	3.102611269728277471e-02	7.954977894899986635e-02
1.243790721930773088e+03	2.424573400863971606e-01	1.563950456074570672e-01	2.594748712941436497e-01	1.561717802707572045e-01	7.484712795690108555e-02	3.105006942781689261e-02	7.960376535625647565e-02
1.245242052994869937e+03	2.422663216578284928e-01	1.562686353202835110e-01	2.595998119509928537e-01	1.562523982997198191e-01	7.488117275770829473e-02	3.107399826465589640e-02	7.965766174854067849e-02
1.246693384058966330e+03	2.420756333421320572e-01	1.561424347828715420e-01	2.597245097956819571e-01	1.563328893877262149e-01	7.491516525854990949e-02	3.109789918334450801e-02	7.971146824942336451e-02
1.248144715123063179e+03	2.418852745723759357e-01	1.560164436357947548e-01	2.598489653588131332e-01	1.564132537475338980e-01	7.494910554276405790e-02	3.112177215988346304e-02	7.976518498256424117e-02
1.249596046187159800e+03	2.416952447826140049e-01	1.558906615202794721e-01	2.599731791695024108e-01	1.564934915913960833e-01	7.498299369350244770e-02	3.114561717072639527e-02	7.981881207170868353e-02
1.251047377251256421e+03	2.415055434078840213e-01	1.557650880782032732e-01	2.600971517553857248e-01	1.565736031310636933e-01	7.501682979373130999e-02	3.116943419277675570e-02	7.987234964068475052e-02
1.252498708315352815e+03	2.413161698842058445e-01	1.556397229520936343e-01	2.602208836426252447e-01	1.566535885777877168e-01	7.505061392623224581e-02	3.119322320338474910e-02	7.992579781340013179e-02
1.253950039379449436e+03	2.411271236485795222e-01	1.555145657851266794e-01	2.603443753559154805e-01	1.567334481423214854e-01	7.508434617360304486e-02	3.121698418034427047e-02	7.997915671383915015e-02
1.255401370443546057e+03	2.409384041389834585e-01	1.553896162211257093e-01	2.604676274184894447e-01	1.568131820349227545e-01	7.511802661825858762e-02	3.124071710188988313e-02	8.003242646605981947e-02
1.256852701507642678e+03	2.407500107943724987e-01	1.552648739045600634e-01	2.605906403521247583e-01	1.568927904653559524e-01	7.515165534243162249e-02	3.126442194669378644e-02	8.008560719419094420e-02
1.258304032571739299e+03	2.405619430546761806e-01	1.551403384805435659e-01	2.607134146771497019e-01	1.569722736428944276e-01	7.518523242817361230e-02	3.128809869386282166e-02	8.013869902242923282e-02
1.259755363635835920e+03	2.403742003607969024e-01	1.550160095948332761e-01	2.608359509124492659e-01	1.570516317763225589e-01	7.521875795735560866e-02	3.131174732293548479e-02	8.019170207503643899e-02
1.261206694699932314e+03	2.401867821546078974e-01	1.548918868938282400e-01	2.609582495754709797e-01	1.571308650739379198e-01	7.525223201166898745e-02	3.133536781387896708e-02	8.024461647633654438e-02
1.262658025764028707e+03	2.399996878789516785e-01	1.547679700245680745e-01	2.610803111822309619e-01	1.572099737435533606e-01	7.528565467262632316e-02	3.135896014708618174e-02	8.029744235071298308e-02
1.264109356828125556e+03	2.398129169776380132e-01	1.546442586347316628e-01	2.612021362473197494e-01	1.572889579924992287e-01	7.531902602156217985e-02	3.138252430337284266e-02	8.035017982260587999e-02
1.265560687892221949e+03	2.396264688954421462e-01	1.545207523726358223e-01	2.613237252839082370e-01	1.573678180276254779e-01	7.535234613963394390e-02	3.140606026397455008e-02	8.040282901650934455e-02
1.267012018956318798e+03	2.394403430781030240e-01	1.543974508872341389e-01	2.614450788037535056e-01	1.574465540553036669e-01	7.538561510782251784e-02	3.142956801054386240e-02	8.045539005696875079e-02
1.268463350020415419e+03	2.392545389723214622e-01	1.542743538281154958e-01	2.615661973172044852e-01	1.575251662814291520e-01	7.541883300693329184e-02	3.145304752514745811e-02	8.050786306857812824e-02
1.269914681084511813e+03	2.390690560257582864e-01	1.541514608455027968e-01	2.616870813332077828e-01	1.576036549114231411e-01	7.545199991759672653e-02	3.147649879026320069e-02	8.056024817597749743e-02
1.271366012148608434e+03	2.388838936870326113e-01	1.540287715902516896e-01	2.618077313593135669e-01	1.576820201502346919e-01	7.548511592026929673e-02	3.149992178877733529e-02	8.061254550385030249e-02
1.272817343212705055e+03	2.386990514057200363e-01	1.539062857138492058e-01	2.619281479016807856e-01	1.577602622023428769e-01	7.551818109523415756e-02	3.152331650398162294e-02	8.066475517692080210e-02
1.274268674276801676e+03	2.385145286323507030e-01	1.537840028684126503e-01	2.620483314650832729e-01	1.578383812717586709e-01	7.555119552260199101e-02	3.154668291957053727e-02	8.071687731995157156e-02
1.275720005340898297e+03	2.383303248184077960e-01	1.536619227066881588e-01	2.621682825529152994e-01	1.579163775620270327e-01	7.558415928231171366e-02	3.157002101963844731e-02	8.076891205774101856e-02
1.277171336404994690e+03	2.381464394163254061e-01	1.535400448820493924e-01	2.622880016671967351e-01	1.579942512762289863e-01	7.561707245413128164e-02	3.159333078867680722e-02	8.082085951512081590e-02
1.278622667469091539e+03	2.379628718794870312e-01	1.534183690484962892e-01	2.624074893085792115e-01	1.580720026169835646e-01	7.564993511765838452e-02	3.161661221157140850e-02	8.087271981695355605e-02
1.280073998533187932e+03	2.377796216622236614e-01	1.532968948606538984e-01	2.625267459763510058e-01	1.581496317864497514e-01	7.568274735232127792e-02	3.163986527359961831e-02	8.092449308813025322e-02
1.281525329597284326e+03	2.375966882198120578e-01	1.531756219737709090e-01	2.626457721684429258e-01	1.582271389863284805e-01	7.571550923737943584e-02	3.166308996042763169e-02	8.097617945356798408e-02
1.282976660661381175e+03	2.374140710084729489e-01	1.530545500437185402e-01	2.627645683814336386e-01	1.583045244178646616e-01	7.574822085192436938e-02	3.168628625810773064e-02	8.102777903820754246e-02
1.284427991725477568e+03	2.372317694853693093e-01	1.529336787269891529e-01	2.628831351105551106e-01	1.583817882818489287e-01	7.578088227488029294e-02	3.170945415307557802e-02	8.107929196701108010e-02
1.285879322789574417e+03	2.370497831086045282e-01	1.528130076806950843e-01	2.630014728496978260e-01	1.584589307786198609e-01	7.581349358500490132e-02	3.173259363214752521e-02	8.113071836495976130e-02
1.287330653853671038e+03	2.368681113372207436e-01	1.526925365625673159e-01	2.631195820914162264e-01	1.585359521080656475e-01	7.584605486089007753e-02	3.175570468251792677e-02	8.118205835705157025e-02
1.288781984917767431e+03	2.366867536311970110e-01	1.525722650309542239e-01	2.632374633269340958e-01	1.586128524696261699e-01	7.587856618096257277e-02	3.177878729175646899e-02	8.123331206829899342e-02
1.290233315981864052e+03	2.365057094514476099e-01	1.524521927448203862e-01	2.633551170461496671e-01	1.586896320622948053e-01	7.591102762348478361e-02	3.180184144780552613e-02	8.128447962372677138e-02
