1.001418434226643626e+03	2.795281041572175162e-01	1.806732430580791082e-01	2.346900374765480413e-01	1.408107507922628510e-01	6.836538593193955404e-02	2.666628358672554905e-02	6.926619499695796378e-02
1.002869765290740247e+03	2.792737168265868042e-01	1.805053790853456686e-01	2.348635802427274100e-01	1.409172987466082716e-01	6.840993221068480956e-02	2.669334330896698179e-02	6.933674957881061363e-02
1.004321096354836754e+03	2.790197680673475733e-01	1.803377976340675704e-01	2.350367600327311068e-01	1.410236786934759567e-01	6.845441120209515284e-02	2.672038709233318446e-02	6.940719727767996616e-02
1.005772427418933376e+03	2.787662571249143184e-01	1.801704982058873750e-01	2.352095778030562356e-01	1.411298909204277974e-01	6.849882301411713836e-02	2.674741482860076847e-02	6.947753810272691566e-02
1.007223758483029997e+03	2.785131832460463475e-01	1.800034803034285535e-01	2.353820345063946662e-01	1.412359357141537430e-01	6.854316775433769160e-02	2.677442641031501508e-02	6.954777206505452503e-02
1.008675089547126618e+03	2.782605456788451170e-01	1.798367434302930723e-01	2.355541310916574316e-01	1.413418133604775473e-01	6.858744552998738420e-02	2.680142173078649964e-02	6.961789917768346214e-02
1.010126420611223239e+03	2.780083436727510682e-01	1.796702870910587002e-01	2.357258685039988755e-01	1.414475241443628184e-01	6.863165644794361198e-02	2.682840068408778172e-02	6.968791945552765821e-02
1.011577751675319632e+03	2.777565764785406843e-01	1.795041107912765943e-01	2.358972476848405775e-01	1.415530683499185982e-01	6.867580061473363418e-02	2.685536316505007445e-02	6.975783291537032693e-02
1.013029082739416367e+03	2.775052433483236602e-01	1.793382140374687461e-01	2.360682695718950563e-01	1.416584462604052741e-01	6.871987813653769595e-02	2.688230906925990343e-02	6.982763957584016412e-02
1.014480413803512761e+03	2.772543435355398489e-01	1.791725963371254837e-01	2.362389350991893344e-01	1.417636581582401301e-01	6.876388911919209534e-02	2.690923829305580731e-02	6.989733945738779708e-02
1.015931744867609382e+03	2.770038762949564859e-01	1.790072571987029737e-01	2.364092451970881970e-01	1.418687043250031476e-01	6.880783366819212543e-02	2.693615073352502789e-02	6.996693258226258094e-02
1.017383075931706003e+03	2.767538408826650254e-01	1.788421961316207232e-01	2.365792007923174234e-01	1.419735850414425016e-01	6.885171188869504411e-02	2.696304628850018995e-02	7.003641897448961706e-02
1.018834406995802851e+03	2.765042365560786974e-01	1.786774126462591095e-01	2.367488028079866302e-01	1.420783005874801941e-01	6.889552388552300233e-02	2.698992485655602597e-02	7.010579865984689629e-02
1.020285738059899245e+03	2.762550625739291776e-01	1.785129062539569378e-01	2.369180521636118919e-01	1.421828512422176061e-01	6.893926976316597233e-02	2.701678633700606638e-02	7.017507166584292799e-02
1.021737069123995752e+03	2.760063181962639223e-01	1.783486764670090263e-01	2.370869497751384447e-01	1.422872372839408817e-01	6.898294962578452316e-02	2.704363062989937130e-02	7.024423802169445230e-02
1.023188400188092373e+03	2.757580026844434484e-01	1.781847227986636251e-01	2.372554965549628359e-01	1.423914589901264238e-01	6.902656357721269342e-02	2.707045763601724497e-02	7.031329775830437445e-02
1.024639731252188767e+03	2.755101153011381143e-01	1.780210447631201398e-01	2.374236934119551556e-01	1.424955166374464455e-01	6.907011172096072515e-02	2.709726725686997101e-02	7.038225090824011543e-02
1.026091062316285615e+03	2.752626553103256768e-01	1.778576418755266342e-01	2.375915412514809921e-01	1.425994105017739932e-01	6.911359416021786717e-02	2.712405939469353724e-02	7.045109750571199037e-02
1.027542393380382237e+03	2.750156219772881272e-01	1.776945136519775259e-01	2.377590409754230805e-01	1.427031408581885263e-01	6.915701099785502570e-02	2.715083395244640221e-02	7.051983758655198942e-02
1.028993724444478858e+03	2.747690145686093599e-01	1.775316596095109500e-01	2.379261934822029245e-01	1.428067079809811346e-01	6.920036233642749834e-02	2.717759083380621998e-02	7.058847118819268351e-02
1.030445055508575479e+03	2.745228323521717306e-01	1.773690792661066218e-01	2.380929996668021686e-01	1.429101121436597011e-01	6.924364827817756918e-02	2.720432994316662398e-02	7.065699834964643544e-02
1.031896386572671872e+03	2.742770745971536694e-01	1.772067721406833107e-01	2.382594604207837752e-01	1.430133536189540644e-01	6.928686892503720107e-02	2.723105118563396917e-02	7.072541911148481908e-02
1.033347717636768493e+03	2.740317405740270162e-01	1.770447377530965927e-01	2.384255766323130632e-01	1.431164326788212371e-01	6.933002437863056144e-02	2.725775446702412286e-02	7.079373351581821905e-02
1.034799048700865114e+03	2.737868295545539676e-01	1.768829756241363516e-01	2.385913491861784974e-01	1.432193495944504569e-01	6.937311474027658964e-02	2.728443969385923457e-02	7.086194160627573568e-02
1.036250379764961508e+03	2.735423408117843569e-01	1.767214852755244758e-01	2.387567789638123938e-01	1.433221046362682660e-01	6.941614011099157822e-02	2.731110677336453726e-02	7.093004342798525652e-02
1.037701710829058356e+03	2.732982736200531004e-01	1.765602662299126380e-01	2.389218668433112369e-01	1.434246980739434796e-01	6.945910059149160154e-02	2.733775561346511729e-02	7.099803902755376372e-02
1.039153041893154750e+03	2.730546272549772002e-01	1.763993180108797409e-01	2.390866136994562186e-01	1.435271301763921259e-01	6.950199628219501380e-02	2.736438612278273980e-02	7.106592845304784967e-02
1.040604372957251599e+03	2.728114009934533568e-01	1.762386401429298088e-01	2.392510204037332222e-01	1.436294012117825258e-01	6.954482728322494700e-02	2.739099821063264995e-02	7.113371175397446844e-02
1.042055704021347992e+03	2.725685941136548607e-01	1.760782321514895998e-01	2.394150878243527514e-01	1.437315114475399558e-01	6.958759369441162856e-02	2.741759178702039487e-02	7.120138898126186777e-02
1.043507035085444613e+03	2.723262058950290943e-01	1.759180935629062192e-01	2.395788168262698303e-01	1.438334611503515881e-01	6.963029561529483769e-02	2.744416676263864222e-02	7.126896018724079851e-02
1.044958366149541234e+03	2.720842356182950339e-01	1.757582239044449823e-01	2.397422082712034330e-01	1.439352505861714593e-01	6.967293314512626456e-02	2.747072304886402638e-02	7.133642542562583511e-02
1.046409697213637855e+03	2.718426825654401413e-01	1.755986227042870551e-01	2.399052630176562173e-01	1.440368800202249111e-01	6.971550638287182800e-02	2.749726055775398095e-02	7.140378475149695980e-02
1.047861028277734476e+03	2.716015460197179765e-01	1.754392894915270951e-01	2.400679819209334820e-01	1.441383497170135586e-01	6.975801542721397908e-02	2.752377920204358494e-02	7.147103822128138273e-02
1.049312359341831097e+03	2.713608252656454778e-01	1.752802237961712251e-01	2.402303658331626235e-01	1.442396599403198421e-01	6.980046037655403268e-02	2.755027889514242642e-02	7.153818589273550077e-02
1.050763690405927491e+03	2.711205195890002972e-01	1.751214251491344798e-01	2.403924156033117876e-01	1.443408109532116901e-01	6.984284132901436015e-02	2.757675955113146615e-02	7.160522782492706462e-02
1.052215021470024112e+03	2.708806282768181917e-01	1.749628930822388073e-01	2.405541320772088543e-01	1.444418030180471546e-01	6.988515838244067913e-02	2.760322108475991854e-02	7.167216407821756785e-02
1.053666352534120733e+03	2.706411506173903025e-01	1.748046271282107100e-01	2.407155160975600061e-01	1.445426363964789351e-01	6.992741163440426011e-02	2.762966341144211871e-02	7.173899471424483032e-02
1.055117683598217127e+03	2.704020859002605470e-01	1.746466268206790518e-01	2.408765685039683802e-01	1.446433113494589029e-01	6.996960118220407754e-02	2.765608644725441739e-02	7.180571979590577580e-02
1.056569014662313975e+03	2.701634334162231199e-01	1.744888916941728096e-01	2.410372901329521367e-01	1.447438281372425695e-01	7.001172712286901634e-02	2.768249010893209655e-02	7.187233938733934846e-02
1.058020345726410369e+03	2.699251924573197736e-01	1.743314212841190203e-01	2.411976818179628335e-01	1.448441870193935554e-01	7.005378955315995360e-02	2.770887431386624342e-02	7.193885355390973457e-02
1.059471676790506763e+03	2.696873623168373202e-01	1.741742151268402261e-01	2.413577443894033836e-01	1.449443882547879203e-01	7.009578856957196513e-02	2.773523898010069391e-02	7.200526236218963982e-02
1.060923007854603611e+03	2.694499422893048557e-01	1.740172727595526991e-01	2.415174786746459024e-01	1.450444321016186033e-01	7.013772426833633777e-02	2.776158402632894137e-02	7.207156587994383024e-02
1.062374338918700232e+03	2.692129316704913733e-01	1.738605937203639429e-01	2.416768854980495262e-01	1.451443188173997534e-01	7.017959674542269266e-02	2.778790937189106608e-02	7.213776417611279801e-02
1.063825669982796853e+03	2.689763297574031542e-01	1.737041775482707773e-01	2.418359656809778990e-01	1.452440486589708923e-01	7.022140609654101140e-02	2.781421493677069604e-02	7.220385732079674657e-02
1.065277001046893474e+03	2.687401358482811586e-01	1.735480237831569239e-01	2.419947200418166577e-01	1.453436218825013282e-01	7.026315241714366222e-02	2.784050064159192261e-02	7.226984538523952006e-02
1.066728332110990095e+03	2.685043492425985279e-01	1.733921319657909799e-01	2.421531493959907244e-01	1.454430387434942629e-01	7.030483580242745389e-02	2.786676640761628562e-02	7.233572844181294925e-02
1.068179663175086489e+03	2.682689692410579196e-01	1.732365016378243361e-01	2.423112545559813757e-01	1.455422994967909278e-01	7.034645634733555086e-02	2.789301215673972711e-02	7.240150656400123896e-02
1.069630994239183110e+03	2.680339951455893432e-01	1.730811323417888459e-01	2.424690363313433683e-01	1.456414043965749139e-01	7.038801414655947164e-02	2.791923781148956604e-02	7.246717982638553601e-02
1.071082325303279504e+03	2.677994262593470509e-01	1.729260236210949375e-01	2.426264955287217306e-01	1.457403536963760293e-01	7.042950929454104558e-02	2.794544329502148677e-02	7.253274830462871914e-02
1.072533656367376352e+03	2.675652618867075949e-01	1.727711750200291996e-01	2.427836329518685277e-01	1.458391476490745742e-01	7.047094188547432803e-02	2.797162853111651720e-02	7.259821207546029997e-02
1.073984987431472746e+03	2.673315013332669410e-01	1.726165860837525490e-01	2.429404494016593474e-01	1.459377865069051705e-01	7.051231201330747378e-02	2.799779344417804849e-02	7.266357121666155994e-02
1.075436318495569594e+03	2.670981439058381368e-01	1.724622563582979828e-01	2.430969456761097880e-01	1.460362705214609258e-01	7.055361977174468002e-02	2.802393795922883055e-02	7.272882580705075650e-02
1.076887649559666215e+03	2.668651889124488141e-01	1.723081853905684413e-01	2.432531225703919164e-01	1.461345999436973186e-01	7.059486525424801817e-02	2.805006200190799520e-02	7.279397592646864867e-02
1.078338980623762609e+03	2.666326356623386906e-01	1.721543727283347536e-01	2.434089808768503116e-01	1.462327750239361124e-01	7.063604855403925187e-02	2.807616549846808640e-02	7.285902165576398082e-02
1.079790311687859230e+03	2.664004834659571275e-01	1.720008179202336951e-01	2.435645213850180513e-01	1.463307960118692685e-01	7.067716976410169660e-02	2.810224837577208340e-02	7.292396307677928569e-02
1.081241642751955851e+03	2.661687316349605203e-01	1.718475205157657115e-01	2.437197448816328382e-01	1.464286631565628050e-01	7.071822897718203771e-02	2.812831056129046908e-02	7.298880027233684009e-02
1.082692973816052472e+03	2.659373794822101900e-01	1.716944800652929204e-01	2.438746521506525988e-01	1.465263767064605427e-01	7.075922628579206508e-02	2.815435198309825318e-02	7.305353332622464835e-02
1.084144304880149093e+03	2.657064263217695510e-01	1.715416961200371404e-01	2.440292439732712482e-01	1.466239369093880196e-01	7.080016178221051892e-02	2.818037256987205794e-02	7.311816232318271713e-02
1.085595635944245487e+03	2.654758714689018917e-01	1.713891682320776988e-01	2.441835211279341500e-01	1.467213440125561541e-01	7.084103555848475509e-02	2.820637225088718641e-02	7.318268734888944138e-02
1.087046967008342108e+03	2.652457142400679313e-01	1.712368959543494329e-01	2.443374843903536042e-01	1.468185982625650199e-01	7.088184770643252142e-02	2.823235095601469430e-02	7.324710848994808732e-02
1.088498298072438729e+03	2.650159539529233776e-01	1.710848788406407472e-01	2.444911345335240571e-01	1.469156999054074819e-01	7.092259831764369249e-02	2.825830861571849290e-02	7.331142583387353917e-02
1.089949629136535123e+03	2.647865899263163736e-01	1.709331164455914764e-01	2.446444723277373390e-01	1.470126491864728324e-01	7.096328748348192106e-02	2.828424516105243480e-02	7.337563946907907364e-02
1.091400960200631971e+03	2.645576214802853321e-01	1.707816083246909422e-01	2.447974985405975412e-01	1.471094463505504824e-01	7.100391529508633115e-02	2.831016052365742733e-02	7.343974948486335641e-02
1.092852291264728365e+03	2.643290479360565493e-01	1.706303540342758440e-01	2.449502139370361431e-01	1.472060916418335696e-01	7.104448184337321115e-02	2.833605463575854938e-02	7.350375597139756356e-02
1.094303622328825213e+03	2.641008686160414842e-01	1.704793531315283162e-01	2.451026192793266389e-01	1.473025853039224287e-01	7.108498721903762363e-02	2.836192743016218570e-02	7.356765901971268340e-02
1.095754953392921607e+03	2.638730828438348719e-01	1.703286051744740126e-01	2.452547153270993596e-01	1.473989275798281429e-01	7.112543151255502905e-02	2.838777884025315071e-02	7.363145872168685990e-02
1.097206284457018228e+03	2.636456899442117807e-01	1.701781097219799421e-01	2.454065028373558499e-01	1.474951187119760976e-01	7.116581481418292332e-02	2.841360879999184352e-02	7.369515517003301375e-02
1.098657615521114849e+03	2.634186892431257254e-01	1.700278663337526364e-01	2.455579825644834124e-01	1.475911589422093384e-01	7.120613721396241991e-02	2.843941724391138917e-02	7.375874845828649107e-02
1.100108946585211470e+03	2.631920800677061689e-01	1.698778745703360959e-01	2.457091552602695128e-01	1.476870485117921239e-01	7.124639880171983186e-02	2.846520410711481444e-02	7.382223868079287876e-02
1.101560277649308091e+03	2.629658617462560799e-01	1.697281339931097921e-01	2.458600216739158240e-01	1.477827876614133118e-01	7.128659966706819839e-02	2.849096932527221682e-02	7.388562593269604184e-02
1.103011608713404712e+03	2.627400336082497123e-01	1.695786441642868070e-01	2.460105825520523815e-01	1.478783766311895786e-01	7.132673989940886694e-02	2.851671283461794035e-02	7.394891030992614689e-02
1.104462939777501106e+03	2.625145949843301629e-01	1.694294046469117798e-01	2.461608386387517111e-01	1.479738156606690280e-01	7.136681958793301972e-02	2.854243457194777581e-02	7.401209190918793535e-02
1.105914270841597499e+03	2.622895452063071509e-01	1.692804150048591305e-01	2.463107906755424847e-01	1.480691049888342714e-01	7.140683882162318641e-02	2.856813447461615391e-02	7.407517082794909391e-02
1.107365601905694348e+03	2.620648836071545751e-01	1.691316748028308392e-01	2.464604394014233979e-01	1.481642448541058421e-01	7.144679768925472907e-02	2.859381248053336280e-02	7.413814716442870822e-02
1.108816932969790741e+03	2.618406095210084050e-01	1.689831836063547255e-01	2.466097855528768534e-01	1.482592354943454149e-01	7.148669627939734095e-02	2.861946852816276213e-02	7.420102101758598023e-02
1.110268264033887590e+03	2.616167222831642380e-01	1.688349409817825053e-01	2.467588298638824229e-01	1.483540771468589980e-01	7.152653468041648976e-02	2.864510255651800397e-02	7.426379248710886227e-02
1.111719595097984211e+03	2.613932212300749680e-01	1.686869464962877929e-01	2.469075730659303636e-01	1.484487700484002082e-01	7.156631298047490264e-02	2.867071450516029199e-02	7.432646167340306587e-02
1.113170926162080832e+03	2.611701056993485093e-01	1.685391997178642964e-01	2.470560158880348856e-01	1.485433144351733792e-01	7.160603126753396774e-02	2.869630431419559896e-02	7.438902867758097337e-02
1.114622257226177226e+03	2.609473750297456873e-01	1.683917002153237641e-01	2.472041590567475022e-01	1.486377105428366985e-01	7.164568962935520535e-02	2.872187192427195709e-02	7.445149360145081330e-02
1.116073588290273847e+03	2.607250285611777962e-01	1.682444475582942078e-01	2.473520032961700199e-01	1.487319586065053989e-01	7.168528815350158623e-02	2.874741727657670332e-02	7.451385654750589116e-02
1.117524919354370468e+03	2.605030656347043783e-01	1.680974413172179605e-01	2.474995493279676106e-01	1.488260588607547563e-01	7.172482692733905818e-02	2.877294031283375228e-02	7.457611761891400071e-02
1.118976250418467089e+03	2.602814855925310034e-01	1.679506810633498992e-01	2.476467978713817464e-01	1.489200115396232260e-01	7.176430603803779507e-02	2.879844097530089367e-02	7.463827691950689069e-02
1.120427581482563710e+03	2.600602877780069933e-01	1.678041663687553642e-01	2.477937496432430498e-01	1.490138168766154403e-01	7.180372557257365396e-02	2.882391920676708255e-02	7.470033455376988429e-02
1.121878912546660331e+03	2.598394715356230900e-01	1.676578968063084096e-01	2.479404053579839229e-01	1.491074751047052060e-01	7.184308561772945190e-02	2.884937495054973322e-02	7.476229062683160953e-02
1.123330243610756725e+03	2.596190362110094019e-01	1.675118719496899999e-01	2.480867657276512872e-01	1.492009864563384747e-01	7.188238626009638144e-02	2.887480815049205118e-02	7.482414524445384074e-02
1.124781574674853118e+03	2.593989811509329613e-01	1.673660913733860112e-01	2.482328314619190179e-01	1.492943511634363674e-01	7.192162758607528739e-02	2.890021875096033740e-02	7.488589851302147882e-02
1.126232905738949967e+03	2.591793057032956704e-01	1.672205546526855102e-01	2.483786032681003786e-01	1.493875694573980339e-01	7.196080968187795746e-02	2.892560669684133418e-02	7.494755053953262858e-02
1.127684236803046360e+03	2.589600092171319701e-01	1.670752613636788397e-01	2.485240818511604277e-01	1.494806415691035395e-01	7.199993263352846840e-02	2.895097193353956058e-02	7.500910143158873167e-02
1.129135567867143209e+03	2.587410910426067856e-01	1.669302110832557029e-01	2.486692679137281481e-01	1.495735677289168619e-01	7.203899652686442112e-02	2.897631440697466532e-02	7.507055129738497701e-02
1.130586898931239830e+03	2.585225505310131955e-01	1.667854033891035259e-01	2.488141621561086869e-01	1.496663481666885565e-01	7.207800144753825911e-02	2.900163406357878296e-02	7.513190024570055858e-02
1.132038229995336451e+03	2.583043870347701554e-01	1.666408378597054596e-01	2.489587652762953462e-01	1.497589831117587811e-01	7.211694748101851737e-02	2.902693085029391801e-02	7.519314838588934957e-02
1.133489561059432845e+03	2.580865999074206107e-01	1.664965140743386862e-01	2.491030779699815179e-01	1.498514727929599055e-01	7.215583471259100212e-02	2.905220471456930117e-02	7.525429582787040994e-02
1.134940892123529466e+03	2.578691885036290543e-01	1.663524316130724767e-01	2.492471009305726737e-01	1.499438174386194811e-01	7.219466322736012298e-02	2.907745560435880117e-02	7.531534268211879934e-02
1.136392223187626087e+03	2.576521521791793612e-01	1.662085900567664698e-01	2.493908348491979954e-01	1.500360172765628775e-01	7.223343311025003100e-02	2.910268346811831913e-02	7.537628905965634840e-02
1.137843554251722708e+03	2.574354902909726794e-01	1.660649889870689233e-01	2.495342804147220317e-01	1.501280725341160027e-01	7.227214444600585375e-02	2.912788825480318311e-02	7.543713507204265201e-02
1.139294885315819101e+03	2.572192021970254316e-01	1.659216279864147714e-01	2.496774383137564945e-01	1.502199834381080235e-01	7.231079731919488884e-02	2.915306991386558064e-02	7.549788083136609040e-02
1.140746216379915950e+03	2.570032872564667614e-01	1.657785066380239869e-01	2.498203092306716111e-01	1.503117502148741125e-01	7.234939181420781129e-02	2.917822839525197401e-02	7.555852645023498904e-02
1.142197547444012343e+03	2.567877448295368126e-01	1.656356245258996662e-01	2.499628938476075590e-01	1.504033730902580579e-01	7.238792801525978371e-02	2.920336364940054677e-02	7.561907204176884778e-02
1.143648878508108737e+03	2.565725742775842866e-01	1.654929812348263640e-01	2.501051928444857908e-01	1.504948522896148166e-01	7.242640600639166371e-02	2.922847562723865020e-02	7.567951771958969509e-02
1.145100209572205586e+03	2.563577749630644442e-01	1.653505763503682613e-01	2.502472068990203580e-01	1.505861880378133177e-01	7.246482587147115573e-02	2.925356428018024979e-02	7.573986359781352540e-02
1.146551540636302207e+03	2.561433462495369406e-01	1.652084094588673890e-01	2.503889366867290134e-01	1.506773805592388493e-01	7.250318769419387965e-02	2.927862956012339951e-02	7.580010979104187530e-02
1.148002871700398828e+03	2.559292875016637159e-01	1.650664801474419352e-01	2.505303828809442024e-01	1.507684300777957509e-01	7.254149155808456428e-02	2.930367141944770909e-02	7.586025641435341360e-02
1.149454202764495449e+03	2.557155980852068855e-01	1.649247880039844405e-01	2.506715461528243316e-01	1.508593368169099391e-01	7.257973754649814369e-02	2.932868981101183561e-02	7.592030358329576734e-02
1.150905533828591842e+03	2.555022773670265757e-01	1.647833326171601054e-01	2.508124271713642606e-01	1.509501009995313503e-01	7.261792574262082578e-02	2.935368468815097165e-02	7.598025141387720893e-02
1.152356864892688463e+03	2.552893247150789247e-01	1.646421135764049859e-01	2.509530266034065704e-01	1.510407228481365771e-01	7.265605622947118869e-02	2.937865600467435070e-02	7.604010002255871814e-02
1.153808195956785084e+03	2.550767394984138070e-01	1.645011304719242728e-01	2.510933451136520556e-01	1.511312025847312279e-01	7.269412908990131872e-02	2.940360371486276311e-02	7.609984952624590515e-02
1.155259527020881706e+03	2.548645210871729461e-01	1.643603828946906265e-01	2.512333833646703263e-01	1.512215404308524247e-01	7.273214440659776792e-02	2.942852777346606497e-02	7.615950004228116965e-02
1.156710858084978327e+03	2.546526688525877491e-01	1.642198704364423167e-01	2.513731420169106889e-01	1.513117366075711900e-01	7.277010226208270594e-02	2.945342813570072868e-02	7.621905168843588763e-02
1.158162189149074720e+03	2.544411821669771423e-01	1.640795926896816692e-01	2.515126217287124710e-01	1.514017913354950007e-01	7.280800273871491923e-02	2.947830475724737623e-02	7.627850458290268143e-02
1.159613520213171569e+03	2.542300604037455725e-01	1.639395492476732608e-01	2.516518231563154018e-01	1.514917048347700634e-01	7.284584591869085191e-02	2.950315759424832276e-02	7.633785884428780089e-02
1.161064851277267962e+03	2.540193029373808975e-01	1.637997397044422265e-01	2.517907469538700482e-01	1.515814773250837022e-01	7.288363188404563264e-02	2.952798660330513761e-02	7.639711459160362927e-02
1.162516182341364356e+03	2.538089091434524436e-01	1.636601636547726224e-01	2.519293937734480848e-01	1.516711090256666894e-01	7.292136071665407393e-02	2.955279174147622603e-02	7.645627194426114770e-02
1.163967513405461204e+03	2.535988783986088402e-01	1.635208206942055653e-01	2.520677642650524519e-01	1.517606001552956607e-01	7.295903249823171288e-02	2.957757296627439719e-02	7.651533102206264925e-02
1.165418844469557826e+03	2.533892100805759662e-01	1.633817104190377623e-01	2.522058590766276254e-01	1.518499509322953078e-01	7.299664731033575493e-02	2.960233023566445285e-02	7.657429194519441151e-02
1.166870175533654447e+03	2.531799035681548959e-01	1.632428324263196506e-01	2.523436788540695530e-01	1.519391615745408208e-01	7.303420523436607303e-02	2.962706350806078998e-02	7.663315483421952179e-02
1.168321506597751068e+03	2.529709582412199564e-01	1.631041863138537884e-01	2.524812242412355356e-01	1.520282322994599977e-01	7.307170635156617911e-02	2.965177274232500340e-02	7.669191981007078551e-02
1.169772837661847461e+03	2.527623734807166178e-01	1.629657716801932443e-01	2.526184958799544411e-01	1.521171633240355758e-01	7.310915074302420935e-02	2.967645789776351267e-02	7.675058699404363471e-02
1.171224168725944082e+03	2.525541486686595505e-01	1.628275881246398216e-01	2.527554944100361412e-01	1.522059548648074800e-01	7.314653848967386796e-02	2.970111893412516468e-02	7.680915650778924464e-02
1.172675499790040703e+03	2.523462831881303492e-01	1.626896352472424478e-01	2.528922204692816700e-01	1.522946071378750432e-01	7.318386967229531526e-02	2.972575581159888833e-02	7.686762847330759485e-02
1.174126830854137097e+03	2.521387764232759232e-01	1.625519126487955102e-01	2.530286746934925501e-01	1.523831203588990879e-01	7.322114437151619470e-02	2.975036849081134221e-02	7.692600301294075238e-02
1.175578161918233945e+03	2.519316277593061093e-01	1.624144199308372172e-01	2.531648577164806180e-01	1.524714947431042578e-01	7.325836266781247941e-02	2.977495693282455197e-02	7.698428024936611325e-02
1.177029492982330339e+03	2.517248365824918399e-01	1.622771566956480171e-01	2.533007701700776826e-01	1.525597305052810437e-01	7.329552464150942970e-02	2.979952109913358571e-02	7.704246030558978275e-02
1.178480824046426733e+03	2.515184022801632002e-01	1.621401225462487661e-01	2.534364126841447407e-01	1.526478278597880045e-01	7.333263037278242580e-02	2.982406095166421911e-02	7.710054330494001129e-02
1.179932155110523581e+03	2.513123242407073743e-01	1.620033170863992567e-01	2.535717858865815244e-01	1.527357870205538481e-01	7.336967994165800866e-02	2.984857645277062821e-02	7.715852937106069953e-02
1.181383486174620202e+03	2.511066018535665356e-01	1.618667399205966084e-01	2.537068904033359384e-01	1.528236082010795416e-01	7.340667342801457385e-02	2.987306756523306489e-02	7.721641862790502853e-02
1.182834817238716823e+03	2.509012345092361818e-01	1.617303906540734915e-01	2.538417268584131081e-01	1.529112916144403922e-01	7.344361091158344013e-02	2.989753425225557398e-02	7.727421119972911756e-02
1.184286148302813444e+03	2.506962215992627474e-01	1.615942688927966830e-01	2.539762958738848164e-01	1.529988374732880740e-01	7.348049247194957112e-02	2.992197647746369996e-02	7.733190721108570975e-02
1.185737479366910065e+03	2.504915625162418835e-01	1.614583742434653468e-01	2.541105980698984412e-01	1.530862459898527650e-01	7.351731818855250511e-02	2.994639420490219014e-02	7.738950678681809359e-02
1.187188810431006686e+03	2.502872566538165700e-01	1.613227063135094230e-01	2.542446340646863923e-01	1.531735173759450896e-01	7.355408814068720158e-02	2.997078739903273614e-02	7.744701005205388566e-02
1.188640141495103080e+03	2.500833034066748950e-01	1.611872647110880186e-01	2.543784044745747153e-01	1.532606518429581732e-01	7.359080240750486002e-02	2.999515602473171519e-02	7.750441713219904938e-02
1.190091472559199701e+03	2.498797021705481680e-01	1.610520490450879083e-01	2.545119099139921404e-01	1.533476496018696678e-01	7.362746106801373869e-02	3.001950004728792809e-02	7.756172815293189970e-02
1.191542803623296322e+03	2.496764523422092263e-01	1.609170589251218142e-01	2.546451509954791859e-01	1.534345108632436394e-01	7.366406420108007058e-02	3.004381943240036490e-02	7.761894324019720515e-02
1.192994134687392716e+03	2.494735533194702148e-01	1.607822939615268787e-01	2.547781283296968180e-01	1.535212358372325392e-01	7.370061188542875730e-02	3.006811414617595324e-02	7.767606252020034519e-02
1.194445465751489564e+03	2.492710045011807540e-01	1.606477537653631382e-01	2.549108425254351662e-01	1.536078247335792291e-01	7.373710419964424334e-02	3.009238415512734480e-02	7.773308611940159263e-02
1.195896796815585958e+03	2.490688052872259695e-01	1.605134379484118301e-01	2.550432941896223493e-01	1.536942777616188971e-01	7.377354122217132104e-02	3.011662942617071223e-02	7.779001416451032658e-02
1.197348127879682352e+03	2.488669550785245488e-01	1.603793461231738937e-01	2.551754839273331354e-01	1.537805951302809171e-01	7.380992303131589383e-02	3.014084992662350790e-02	7.784684678247948131e-02
1.198799458943779200e+03	2.486654532770269654e-01	1.602454779028683329e-01	2.553074123417972685e-01	1.538667770480907360e-01	7.384624970524578114e-02	3.016504562420229893e-02	7.790358410049993965e-02
1.200250790007875821e+03	2.484642992857133137e-01	1.601118329014307728e-01	2.554390800344084056e-01	1.539528237231717889e-01	7.388252132199148170e-02	3.018921648702055718e-02	7.796022624599503736e-02
1.201702121071972442e+03	2.482634925085915600e-01	1.599784107335117112e-01	2.555704876047321661e-01	1.540387353632473866e-01	7.391873795944690906e-02	3.021336248358649432e-02	7.801677334661515084e-02
1.203153452136069063e+03	2.480630323506956281e-01	1.598452110144752136e-01	2.557016356505146804e-01	1.541245121756424641e-01	7.395489969537023811e-02	3.023748358280087256e-02	7.807322553023229861e-02
1.204604783200165684e+03	2.478629182180834556e-01	1.597122333603971933e-01	2.558325247676909719e-01	1.542101543672854957e-01	7.399100660738455737e-02	3.026157975395485714e-02	7.812958292493484003e-02
1.206056114264262078e+03	2.476631495178350517e-01	1.595794773880638007e-01	2.559631555503933953e-01	1.542956621447102994e-01	7.402705877297870163e-02	3.028565096672786519e-02	7.818584565902221561e-02
1.207507445328358699e+03	2.474637256580507760e-01	1.594469427149701191e-01	2.560935285909595738e-01	1.543810357140578127e-01	7.406305626950790422e-02	3.030969719118541128e-02	7.824201386099979838e-02
1.208958776392455093e+03	2.472646460478492847e-01	1.593146289593184162e-01	2.562236444799405044e-01	1.544662752810778972e-01	7.409899917419458804e-02	3.033371839777698059e-02	7.829808765957375905e-02
1.210410107456551941e+03	2.470659100973656153e-01	1.591825357400167562e-01	2.563535038061091065e-01	1.545513810511310593e-01	7.413488756412905945e-02	3.035771455733390217e-02	7.835406718364594514e-02
1.211861438520648335e+03	2.468675172177494936e-01	1.590506626766773624e-01	2.564831071564678266e-01	1.546363532291903375e-01	7.417072151627022991e-02	3.038168564106722563e-02	7.840995256230898214e-02
1.213312769584745183e+03	2.466694668211632802e-01	1.589190093896152012e-01	2.566124551162570211e-01	1.547211920198428292e-01	7.420650110744630990e-02	3.040563162056562560e-02	7.846574392484123583e-02
1.214764100648841804e+03	2.464717583207802487e-01	1.587875754998463174e-01	2.567415482689625605e-01	1.548058976272916054e-01	7.424222641435553049e-02	3.042955246779328882e-02	7.852144140070198286e-02
1.216215431712937971e+03	2.462743911307825884e-01	1.586563606290864736e-01	2.568703871963239349e-01	1.548904702553573209e-01	7.427789751356682346e-02	3.045344815508783942e-02	7.857704511952652571e-02
1.217666762777034819e+03	2.460773646663596825e-01	1.585253643997495965e-01	2.569989724783420804e-01	1.549749101074799906e-01	7.431351448152048733e-02	3.047731865515824340e-02	7.863255521112150204e-02
1.219118093841131440e+03	2.458806783437061105e-01	1.583945864349462218e-01	2.571273046932869288e-01	1.550592173867205159e-01	7.434907739452890907e-02	3.050116394108274773e-02	7.868797180546012460e-02
1.220569424905228061e+03	2.456843315800198990e-01	1.582640263584820794e-01	2.572553844177055682e-01	1.551433922957625444e-01	7.438458632877718857e-02	3.052498398630681259e-02	7.874329503267747665e-02
1.222020755969324682e+03	2.454883237935006068e-01	1.581336837948565666e-01	2.573832122264294586e-01	1.552274350369139966e-01	7.442004136032384642e-02	3.054877876464105746e-02	7.879852502306601558e-02
1.223472087033421303e+03	2.452926544033476042e-01	1.580035583692611378e-01	2.575107886925824263e-01	1.553113458121087587e-01	7.445544256510144843e-02	3.057254825025921066e-02	7.885366190707092382e-02
1.224923418097517697e+03	2.450973228297580742e-01	1.578736497075780842e-01	2.576381143875880464e-01	1.553951248229083204e-01	7.449079001891724394e-02	3.059629241769607627e-02	7.890870581528569572e-02
1.226374749161614318e+03	2.449023284939253475e-01	1.577439574363788122e-01	2.577651898811771924e-01	1.554787722705032460e-01	7.452608379745387368e-02	3.062001124184551490e-02	7.896365687844762726e-02
1.227826080225710712e+03	2.447076708180368765e-01	1.576144811829224834e-01	2.578920157413954750e-01	1.555622883557149505e-01	7.456132397626992481e-02	3.064370469795841059e-02	7.901851522743347234e-02
1.229277411289807560e+03	2.445133492252726526e-01	1.574852205751544609e-01	2.580185925346107911e-01	1.556456732789972541e-01	7.459651063080065259e-02	3.066737276164066203e-02	7.907328099325509896e-02
1.230728742353903954e+03	2.443193631398032084e-01	1.573561752417049764e-01	2.581449208255205963e-01	1.557289272404378533e-01	7.463164383635850774e-02	3.069101540885119453e-02	7.912795430705518718e-02
1.232180073418000802e+03	2.441257119867878966e-01	1.572273448118875483e-01	2.582710011771592873e-01	1.558120504397599582e-01	7.466672366813384421e-02	3.071463261589995122e-02	7.918253530010303798e-02
1.233631404482097196e+03	2.439323951923730305e-01	1.570987289156975664e-01	2.583968341509054190e-01	1.558950430763238748e-01	7.470175020119544651e-02	3.073822435944591897e-02	7.923702410379034056e-02
1.235082735546193817e+03	2.437394121836901351e-01	1.569703271838108205e-01	2.585224203064888648e-01	1.559779053491283929e-01	7.473672351049119589e-02	3.076179061649514379e-02	7.929142084962707837e-02
1.236534066610290438e+03	2.435467623888540600e-01	1.568421392475820852e-01	2.586477602019981448e-01	1.560606374568124510e-01	7.477164367084865315e-02	3.078533136439877416e-02	7.934572566923744907e-02
1.237985397674387059e+03	2.433544452369612865e-01	1.567141647390436487e-01	2.587728543938875858e-01	1.561432395976565524e-01	7.480651075697565544e-02	3.080884658085109029e-02	7.939993869435579832e-02
1.239436728738483680e+03	2.431624601580880396e-01	1.565864032909039250e-01	2.588977034369841501e-01	1.562257119695843743e-01	7.484132484346088521e-02	3.083233624388756131e-02	7.945406005682265071e-02
1.240888059802580301e+03	2.429708065832886510e-01	1.564588545365458438e-01	2.590223078844947624e-01	1.563080547701641287e-01	7.487608600477446696e-02	3.085580033188290924e-02	7.950808988858082405e-02
1.242339390866676695e+03	2.427794839445936437e-01	1.563315181100256579e-01	2.591466682880131378e-01	1.563902681966100050e-01	7.491079431526855015e-02	3.087923882354916966e-02	7.956202832167144634e-02
1.243790721930773088e+03	2.425884916750079556e-01	1.562043936460713323e-01	2.592707851975267208e-01	1.564723524457838078e-01	7.494544984917782260e-02	3.090265169793376260e-02	7.961587548823018112e-02
1.245242052994869937e+03	2.423978292085093023e-01	1.560774807800812125e-01	2.593946591614236796e-01	1.565543077141962336e-01	7.498005268062020445e-02	3.092603893441758095e-02	7.966963152048343877e-02
1.246693384058966330e+03	2.422074959800462057e-01	1.559507791481226091e-01	2.595182907264996230e-01	1.566361341980083144e-01	7.501460288359722284e-02	3.094940051271308917e-02	7.972329655074457400e-02
1.248144715123063179e+03	2.420174914255364129e-01	1.558242883869302708e-01	2.596416804379645948e-01	1.567178320930329993e-01	7.504910053199471964e-02	3.097273641286242205e-02	7.977687071141022213e-02
1.249596046187159800e+03	2.418278149818650913e-01	1.556980081339051081e-01	2.597648288394496241e-01	1.567994015947363484e-01	7.508354569958332336e-02	3.099604661523548688e-02	7.983035413495664923e-02
1.251047377251256421e+03	2.416384660868829415e-01	1.555719380271127772e-01	2.598877364730136641e-01	1.568808428982391145e-01	7.511793846001900421e-02	3.101933110052809001e-02	7.988374695393608838e-02
1.252498708315352815e+03	2.414494441794046709e-01	1.554460777052820986e-01	2.600104038791500316e-01	1.569621561983179647e-01	7.515227888684358759e-02	3.104258984976005636e-02	7.993704930097322858e-02
1.253950039379449436e+03	2.412607486992070782e-01	1.553204268078039185e-01	2.601328315967932903e-01	1.570433416894070067e-01	7.518656705348533698e-02	3.106582284427336638e-02	7.999026130876166207e-02
1.255401370443546057e+03	2.410723790870273608e-01	1.551949849747294996e-01	2.602550201633255789e-01	1.571243995655990378e-01	7.522080303325945350e-02	3.108903006573030675e-02	8.004338311006035933e-02
1.256852701507642678e+03	2.408843347845614213e-01	1.550697518467692160e-01	2.603769701145834947e-01	1.572053300206469884e-01	7.525498689936856167e-02	3.111221149611160738e-02	8.009641483769031067e-02
1.258304032571739299e+03	2.406966152344620080e-01	1.549447270652911934e-01	2.604986819848642554e-01	1.572861332479651986e-01	7.528911872490325063e-02	3.113536711771461296e-02	8.014935662453108456e-02
1.259755363635835920e+03	2.405092198803371883e-01	1.548199102723198939e-01	2.606201563069323046e-01	1.573668094406307782e-01	7.532319858284258762e-02	3.115849691315145109e-02	8.020220860351741365e-02
1.261206694699932314e+03	2.403221481667484338e-01	1.546953011105346998e-01	2.607413936120258069e-01	1.574473587913848838e-01	7.535722654605461757e-02	3.118160086534719697e-02	8.025497090763600294e-02
1.262658025764028707e+03	2.401353995392090379e-01	1.545708992232685819e-01	2.608623944298629760e-01	1.575277814926340503e-01	7.539120268729684882e-02	3.120467895753806578e-02	8.030764366992215741e-02
1.264109356828125556e+03	2.399489734441822841e-01	1.544467042545067392e-01	2.609831592886481810e-01	1.576080777364515517e-01	7.542512707921675275e-02	3.122773117326961209e-02	8.036022702345656243e-02
1.265560687892221949e+03	2.397628693290797530e-01	1.543227158488851836e-01	2.611036887150788299e-01	1.576882477145786221e-01	7.545899979435229110e-02	3.125075749639491529e-02	8.041272110136213347e-02
1.267012018956318798e+03	2.395770866422597400e-01	1.541989336516893794e-01	2.612239832343510315e-01	1.577682916184256767e-01	7.549282090513231847e-02	3.127375791107279979e-02	8.046512603680078257e-02
1.268463350020415419e+03	2.393916248330253405e-01	1.540753573088529393e-01	2.613440433701660903e-01	1.578482096390737832e-01	7.552659048387712348e-02	3.129673240176604476e-02	8.051744196297037914e-02
1.269914681084511813e+03	2.392064833516229783e-01	1.539519864669562366e-01	2.614638696447367239e-01	1.579280019672756330e-01	7.556030860279887296e-02	3.131968095323962170e-02	8.056966901310161355e-02
1.271366012148608434e+03	2.390216616492405743e-01	1.538288207732250168e-01	2.615834625787930023e-01	1.580076687934570401e-01	7.559397533400209757e-02	3.134260355055890068e-02	8.062180732045499953e-02
1.272817343212705055e+03	2.388371591780058256e-01	1.537058598755291494e-01	2.617028226915887879e-01	1.580872103077179958e-01	7.562759074948413596e-02	3.136550017908794341e-02	8.067385701831786271e-02
1.274268674276801676e+03	2.386529753909845952e-01	1.535831034223811287e-01	2.618219505009073411e-01	1.581666266998340287e-01	7.566115492113559271e-02	3.138837082448768523e-02	8.072581824000134298e-02
1.275720005340898297e+03	2.384691097421792194e-01	1.534605510629348801e-01	2.619408465230678162e-01	1.582459181592573150e-01	7.569466792074082406e-02	3.141121547271424203e-02	8.077769111883750797e-02
1.277171336404994690e+03	2.382855616865267590e-01	1.533382024469842619e-01	2.620595112729309228e-01	1.583250848751179551e-01	7.572812981997838200e-02	3.143403411001716163e-02	8.082947578817639700e-02
1.278622667469091539e+03	2.381023306798974448e-01	1.532160572249619546e-01	2.621779452639050323e-01	1.584041270362251119e-01	7.576154069042140282e-02	3.145682672293768911e-02	8.088117238138325948e-02
1.280073998533187932e+03	2.379194161790928741e-01	1.530941150479379065e-01	2.622961490079519509e-01	1.584830448310682871e-01	7.579490060353809289e-02	3.147959329830704589e-02	8.093278103183565442e-02
1.281525329597284326e+03	2.377368176418444279e-01	1.529723755676181962e-01	2.624141230155931370e-01	1.585618384478184040e-01	7.582820963069220044e-02	3.150233382324474363e-02	8.098430187292070259e-02
1.282976660661381175e+03	2.375545345268115505e-01	1.528508384363435058e-01	2.625318677959151414e-01	1.586405080743289731e-01	7.586146784314339031e-02	3.152504828515686336e-02	8.103573503803233880e-02
1.284427991725477568e+03	2.373725662935801117e-01	1.527295033070880104e-01	2.626493838565757133e-01	1.587190538981373966e-01	7.589467531204766026e-02	3.154773667173434160e-02	8.108708066056857788e-02
1.285879322789574417e+03	2.371909124026608529e-01	1.526083698334579630e-01	2.627666717038091293e-01	1.587974761064658846e-01	7.592783210845778508e-02	3.157039897095132580e-02	8.113833887392882249e-02
1.287330653853671038e+03	2.370095723154874712e-01	1.524874376696903344e-01	2.628837318424326330e-01	1.588757748862227870e-01	7.596093830332377450e-02	3.159303517106346743e-02	8.118950981151125401e-02
1.288781984917767431e+03	2.368285454944153157e-01	1.523667064706515639e-01	2.630005647758515974e-01	1.589539504240036483e-01	7.599399396749324798e-02	3.161564526060624269e-02	8.124059360671016805e-02
1.290233315981864052e+03	2.366478314027194718e-01	1.522461758918362829e-01	2.631171710060651869e-01	1.590320029060923179e-01	7.602699917171182320e-02	3.163822922839330115e-02	8.129159039291344868e-02
