1.001418434226643626e+03	2.795520495062751021e-01	1.806384187389613316e-01	2.346819440933949341e-01	1.408341562721795726e-01	6.836928637549041787e-02	2.665987674069825869e-02	6.926426827272948172e-02
1.003837319333471214e+03	2.791286219819274494e-01	1.803583447436188369e-01	2.349706047539174558e-01	1.410122553618093355e-01	6.844370106646005536e-02	2.670461586656416170e-02	6.938185622543183162e-02
1.006256204440298802e+03	2.787064096619034093e-01	1.800790569251185802e-01	2.352582566468395808e-01	1.411898905046732322e-01	6.851793053981707071e-02	2.674930821752218371e-02	6.949914750385509377e-02
1.008675089547126618e+03	2.782854090706813333e-01	1.798005529699839011e-01	2.355449042499111190e-01	1.413670629424535197e-01	6.859197525540858265e-02	2.679395337430516555e-02	6.961614213698555376e-02
1.011093974653954206e+03	2.778656167429693902e-01	1.795228305723559348e-01	2.358305520109629794e-01	1.415437739111752857e-01	6.866583567074116545e-02	2.683855092252175265e-02	6.973284016900262172e-02
1.013512859760782021e+03	2.774470292236691504e-01	1.792458874339601937e-01	2.361152043482210028e-01	1.417200246412749776e-01	6.873951224101908231e-02	2.688310045262153405e-02	6.984924165896323756e-02
1.015931744867609382e+03	2.770296430678385602e-01	1.789697212640736501e-01	2.363988656506151032e-01	1.418958163576680143e-01	6.881300541918171365e-02	2.692760155986033410e-02	6.996534668049191052e-02
1.018350629974437197e+03	2.766134548406554150e-01	1.786943297794921504e-01	2.366815402780841904e-01	1.420711502798153447e-01	6.888631565594005579e-02	2.697205384426560465e-02	7.008115532147649041e-02
1.020769515081264785e+03	2.761984611173816662e-01	1.784197107044976638e-01	2.369632325618771240e-01	1.422460276217891451e-01	6.895944339981247007e-02	2.701645691060200472e-02	7.019666768376918442e-02
1.023188400188092373e+03	2.757846584833270609e-01	1.781458617708262804e-01	2.372439468048488098e-01	1.424204495923373226e-01	6.903238909715955773e-02	2.706081036833712927e-02	7.031188388289311142e-02
1.025607285294920075e+03	2.753720435338136707e-01	1.778727807176359865e-01	2.375236872817527434e-01	1.425944173949472427e-01	6.910515319221824382e-02	2.710511383160734908e-02	7.042680404775406022e-02
1.028026170401747549e+03	2.749606128741403088e-01	1.776004652914749959e-01	2.378024582395290853e-01	1.427679322279084284e-01	6.917773612713523645e-02	2.714936691918385173e-02	7.054142832035741051e-02
1.030445055508575479e+03	2.745503631195473360e-01	1.773289132462501083e-01	2.380802638975889063e-01	1.429409952843742337e-01	6.925013834199965357e-02	2.719356925443877637e-02	7.065575685553023011e-02
1.032863940615402726e+03	2.741412908951818550e-01	1.770581223431954287e-01	2.383571084480946012e-01	1.431136077524226002e-01	6.932236027487499730e-02	2.723772046531154276e-02	7.076978982064825729e-02
1.035282825722230655e+03	2.737333928360626278e-01	1.767880903508410873e-01	2.386329960562360575e-01	1.432857708151157872e-01	6.939440236183042066e-02	2.728182018427531899e-02	7.088352739536789293e-02
1.037701710829058356e+03	2.733266655870459361e-01	1.765188150449825688e-01	2.389079308605033258e-01	1.434574856505592411e-01	6.946626503697142518e-02	2.732586804830362814e-02	7.099696977136303599e-02
1.040120595935886058e+03	2.729211058027909420e-01	1.762502942086497659e-01	2.391819169729554329e-01	1.436287534319594938e-01	6.953794873246979535e-02	2.736986369883712480e-02	7.111011715206658201e-02
1.042539481042713533e+03	2.725167101477257714e-01	1.759825256320767251e-01	2.394549584794853636e-01	1.437995753276812005e-01	6.960945387859297784e-02	2.741380678175052085e-02	7.122296975241665384e-02
1.044958366149541234e+03	2.721134752960135406e-01	1.757155071126711154e-01	2.397270594400816301e-01	1.439699525013029835e-01	6.968078090373289180e-02	2.745769694731964999e-02	7.133552779860735660e-02
1.047377251256368709e+03	2.717113979315187167e-01	1.754492364549845029e-01	2.399982238890861486e-01	1.441398861116728325e-01	6.975193023443410079e-02	2.750153385018872312e-02	7.144779152784415388e-02
1.049796136363196410e+03	2.713104747477738110e-01	1.751837114706821796e-01	2.402684558354485078e-01	1.443093773129620894e-01	6.982290229542144344e-02	2.754531714933769471e-02	7.155976118810351838e-02
1.052215021470024112e+03	2.709107024479458503e-01	1.749189299785136598e-01	2.405377592629768801e-01	1.444784272547189885e-01	6.989369750962703964e-02	2.758904650804981651e-02	7.167143703789698173e-02
1.054633906576851814e+03	2.705120777448036806e-01	1.746548898042833142e-01	2.408061381305854898e-01	1.446470370819209761e-01	6.996431629821686649e-02	2.763272159387933705e-02	7.178281934603955583e-02
1.057052791683679516e+03	2.701145973606849382e-01	1.743915887808208387e-01	2.410735963725386954e-01	1.448152079350264743e-01	7.003475908061672361e-02	2.767634207861936063e-02	7.189390839142219269e-02
1.059471676790506763e+03	2.697182580274633534e-01	1.741290247479525266e-01	2.413401378986917978e-01	1.449829409500254795e-01	7.010502627453771285e-02	2.771990763826986601e-02	7.200470446278846304e-02
1.061890561897334692e+03	2.693230564865165544e-01	1.738671955524721813e-01	2.416057665947285715e-01	1.451502372584895784e-01	7.017511829600116269e-02	2.776341795300587070e-02	7.211520785851528725e-02
1.064309447004162394e+03	2.689289894886935373e-01	1.736060990481125277e-01	2.418704863223956059e-01	1.453170979876209634e-01	7.024503555936317811e-02	2.780687270714577233e-02	7.222541888639762153e-02
1.066728332110990095e+03	2.685360537942828030e-01	1.733457330955167630e-01	2.421343009197334528e-01	1.454835242603008116e-01	7.031477847733855202e-02	2.785027158911984602e-02	7.233533786343701588e-02
1.069147217217817570e+03	2.681442461729804383e-01	1.730860955622101349e-01	2.423972142013047781e-01	1.456495171951365797e-01	7.038434746102432971e-02	2.789361429143888405e-02	7.244496511563409957e-02
1.071566102324645271e+03	2.677535634038585854e-01	1.728271843225720750e-01	2.426592299584192647e-01	1.458150779065087999e-01	7.045374291992279048e-02	2.793690051066300903e-02	7.255430097778477194e-02
1.073984987431472746e+03	2.673640022753337453e-01	1.725689972578079989e-01	2.429203519593557126e-01	1.459802075046169323e-01	7.052296526196416560e-02	2.798012994737066050e-02	7.266334579328012633e-02
1.076403872538300675e+03	2.669755595851355245e-01	1.723115322559217732e-01	2.431805839495811972e-01	1.461449070955244678e-01	7.059201489352869008e-02	2.802330230612771339e-02	7.277209991391003774e-02
1.078822757645127922e+03	2.665882321402756050e-01	1.720547872116880428e-01	2.434399296519669798e-01	1.463091777812033367e-01	7.066089221946840471e-02	2.806641729545677338e-02	7.288056369967028936e-02
1.081241642751955851e+03	2.662020167570168239e-01	1.717987600266249193e-01	2.436983927670020034e-01	1.464730206595774298e-01	7.072959764312840292e-02	2.810947462780663542e-02	7.298873751857325176e-02
1.083660527858783553e+03	2.658169102608421985e-01	1.715434486089667532e-01	2.439559769730032801e-01	1.466364368245655636e-01	7.079813156636775850e-02	2.815247401952190864e-02	7.309662174646200383e-02
1.086079412965611255e+03	2.654329094864247285e-01	1.712888508736370718e-01	2.442126859263234750e-01	1.467994273661235860e-01	7.086649438957998148e-02	2.819541519081278369e-02	7.320421676682782597e-02
1.088498298072438729e+03	2.650500112775965866e-01	1.710349647422217678e-01	2.444685232615560200e-01	1.469619933702859538e-01	7.093468651171311312e-02	2.823829786572497683e-02	7.331152297063109335e-02
1.090917183179266431e+03	2.646682124873189768e-01	1.707817881429423423e-01	2.447234925917372572e-01	1.471241359192062559e-01	7.100270833028939077e-02	2.828112177210983375e-02	7.341854075612536112e-02
1.093336068286093905e+03	2.642875099776523240e-01	1.705293190106295098e-01	2.449775975085461688e-01	1.472858560911975423e-01	7.107056024142459350e-02	2.832388664159459640e-02	7.352527052868472468e-02
1.095754953392921607e+03	2.639079006197260213e-01	1.702775552866967190e-01	2.452308415825012189e-01	1.474471549607714593e-01	7.113824263984695750e-02	2.836659220955283986e-02	7.363171270063434415e-02
1.098173838499749309e+03	2.635293812937086755e-01	1.700264949191140074e-01	2.454832283631548928e-01	1.476080335986772185e-01	7.120575591891570300e-02	2.840923821507503749e-02	7.373786769108402195e-02
1.100592723606577010e+03	2.631519488887790192e-01	1.697761358623819383e-01	2.457347613792856267e-01	1.477684930719394274e-01	7.127310047063929732e-02	2.845182440093933784e-02	7.384373592576493062e-02
1.103011608713404712e+03	2.627756003030958798e-01	1.695264760775058444e-01	2.459854441390871005e-01	1.479285344438956984e-01	7.134027668569328795e-02	2.849435051358248025e-02	7.394931783686924109e-02
1.105430493820231959e+03	2.624003324437693130e-01	1.692775135319700419e-01	2.462352801303554217e-01	1.480881587742334526e-01	7.140728495343773297e-02	2.853681630307085271e-02	7.405461386289277637e-02
1.107849378927059888e+03	2.620261422268313489e-01	1.690292461997122964e-01	2.464842728206735056e-01	1.482473671190259190e-01	7.147412566193443728e-02	2.857922152307176833e-02	7.415962444848042678e-02
1.110268264033887590e+03	2.616530265772070152e-01	1.687816720610984256e-01	2.467324256575932628e-01	1.484061605307678000e-01	7.154079919796378639e-02	2.862156593082483547e-02	7.426435004427463238e-02
1.112687149140715292e+03	2.612809824286856930e-01	1.685347891028970424e-01	2.469797420688155110e-01	1.485645400584103548e-01	7.160730594704120544e-02	2.866384928711353947e-02	7.436879110676646032e-02
1.115106034247542766e+03	2.609100067238922516e-01	1.682885953182545469e-01	2.472262254623676103e-01	1.487225067473955664e-01	7.167364629343331295e-02	2.870607135623698403e-02	7.447294809814949956e-02
1.117524919354370468e+03	2.605400964142589038e-01	1.680430887066701462e-01	2.474718792267785739e-01	1.488800616396900589e-01	7.173982062017383865e-02	2.874823190598176786e-02	7.457682148617647555e-02
1.119943804461197942e+03	2.601712484599965070e-01	1.677982672739710968e-01	2.477167067312522342e-01	1.490372057738183209e-01	7.180582930907912498e-02	2.879033070759404178e-02	7.468041174401844617e-02
1.122362689568025871e+03	2.598034598300665854e-01	1.675541290322880295e-01	2.479607113258380235e-01	1.491939401848952629e-01	7.187167274076342038e-02	2.883236753575173575e-02	7.478371935012671778e-02
1.124781574674853118e+03	2.594367275021531305e-01	1.673106720000305248e-01	2.482038963415997557e-01	1.493502659046584691e-01	7.193735129465379796e-02	2.887434216853692823e-02	7.488674478809714818e-02
1.127200459781681047e+03	2.590710484626349008e-01	1.670678942018627156e-01	2.484462650907821035e-01	1.495061839614996446e-01	7.200286534900481039e-02	2.891625438740840631e-02	7.498948854653715579e-02
1.129619344888508749e+03	2.587064197065574445e-01	1.668257936686791676e-01	2.486878208669751344e-01	1.496616953804957018e-01	7.206821528091289508e-02	2.895810397717434037e-02	7.509195111893501862e-02
1.132038229995336451e+03	2.583428382376056764e-01	1.665843684375807598e-01	2.489285669452766525e-01	1.498168011834392910e-01	7.213340146633037686e-02	2.899989072596518419e-02	7.519413300353175456e-02
1.134457115102163925e+03	2.579803010680761788e-01	1.663436165518507592e-01	2.491685065824526812e-01	1.499715023888688048e-01	7.219842428007937352e-02	2.904161442520667227e-02	7.529603470319522207e-02
1.136876000208991627e+03	2.576188052188501110e-01	1.661035360609311451e-01	2.494076430170955871e-01	1.501258000120977987e-01	7.226328409586529888e-02	2.908327486959303571e-02	7.539765672529670504e-02
1.139294885315819101e+03	2.572583477193657875e-01	1.658641250203989337e-01	2.496459794697807877e-01	1.502796950652440233e-01	7.232798128629013001e-02	2.912487185706032905e-02	7.549899958158969027e-02
1.141713770422646803e+03	2.568989256075916994e-01	1.656253814919425582e-01	2.498835191432210723e-01	1.504331885572580130e-01	7.239251622286543841e-02	2.916640518875995847e-02	7.560006378809100425e-02
1.144132655529474505e+03	2.565405359299995913e-01	1.653873035433387484e-01	2.501202652224189804e-01	1.505862814939509520e-01	7.245688927602511598e-02	2.920787466903234861e-02	7.570084986496405932e-02
1.146551540636302207e+03	2.561831757415376498e-01	1.651498892484290770e-01	2.503562208748176809e-01	1.507389748780223748e-01	7.252110081513789275e-02	2.924928010538076564e-02	7.580135833640437582e-02
1.148970425743129908e+03	2.558268421056038022e-01	1.649131366870970616e-01	2.505913892504497142e-01	1.508912697090872002e-01	7.258515120851959102e-02	2.929062130844531722e-02	7.590158973052715807e-02
1.151389310849957155e+03	2.554715320940191270e-01	1.646770439452450996e-01	2.508257734820839580e-01	1.510431669837023760e-01	7.264904082344519898e-02	2.933189809197711204e-02	7.600154457925703544e-02
1.153808195956785084e+03	2.551172427870015413e-01	1.644416091147715420e-01	2.510593766853708164e-01	1.511946676953929980e-01	7.271277002616055585e-02	2.937311027281255121e-02	7.610122341821988490e-02
1.156227081063612786e+03	2.547639712731394890e-01	1.642068302935482116e-01	2.512922019589856060e-01	1.513457728346782050e-01	7.277633918189395368e-02	2.941425767084782442e-02	7.620062678663658273e-02
1.158645966170440488e+03	2.544117146493657944e-01	1.639727055853976989e-01	2.515242523847701639e-01	1.514964833890964091e-01	7.283974865486743389e-02	2.945534010901351002e-02	7.629975522721886561e-02
1.161064851277267962e+03	2.540604700209314060e-01	1.637392331000708801e-01	2.517555310278730141e-01	1.516468003432301925e-01	7.290299880830787560e-02	2.949635741324938346e-02	7.639860928606707902e-02
1.163483736384095664e+03	2.537102345013798055e-01	1.635064109532247401e-01	2.519860409368874232e-01	1.517967246787307600e-01	7.296609000445787585e-02	2.953730941247935393e-02	7.649718951256986865e-02
1.165902621490923138e+03	2.533610052125210843e-01	1.632742372664000574e-01	2.522157851439879028e-01	1.519462573743421141e-01	7.302902260458640771e-02	2.957819593858656768e-02	7.659549645930575912e-02
1.168321506597751068e+03	2.530127792844061307e-01	1.630427101669993106e-01	2.524447666650653788e-01	1.520953994059245640e-01	7.309179696899925638e-02	2.961901682638866384e-02	7.669353068194663392e-02
1.170740391704578315e+03	2.526655538553010949e-01	1.628118277882648901e-01	2.526729884998604181e-01	1.522441517464780958e-01	7.315441345704923326e-02	2.965977191361320042e-02	7.679129273916296405e-02
1.173159276811406244e+03	2.523193260716624087e-01	1.625815882692571157e-01	2.529004536320949015e-01	1.523925153661653265e-01	7.321687242714622346e-02	2.970046104087321545e-02	7.688878319253082683e-02
1.175578161918233945e+03	2.519740930881106955e-01	1.623519897548325042e-01	2.531271650296021969e-01	1.525404912323337914e-01	7.327917423676701125e-02	2.974108405164296171e-02	7.698600260644078430e-02
1.177997047025061647e+03	2.516298520674062900e-01	1.621230303956223973e-01	2.533531256444558899e-01	1.526880803095382599e-01	7.334131924246489742e-02	2.978164079223379057e-02	7.708295154800842708e-02
1.180415932131889122e+03	2.512866001804235916e-01	1.618947083480112292e-01	2.535783384130968487e-01	1.528352835595624126e-01	7.340330779987916388e-02	2.982213111177019205e-02	7.717963058698655565e-02
1.182834817238716823e+03	2.509443346061264180e-01	1.616670217741152937e-01	2.538028062564585130e-01	1.529821019414402405e-01	7.346514026374431627e-02	2.986255486216597699e-02	7.727604029567915200e-02
1.185253702345544298e+03	2.506030525315431912e-01	1.614399688417615109e-01	2.540265320800915161e-01	1.531285364114770564e-01	7.352681698789907683e-02	2.990291189810063976e-02	7.737218124885687776e-02
1.187672587452371999e+03	2.502627511517418468e-01	1.612135477244663051e-01	2.542495187742859208e-01	1.532745879232702835e-01	7.358833832529537711e-02	2.994320207699584235e-02	7.746805402367429316e-02
1.190091472559199701e+03	2.499234276698054646e-01	1.609877566014145112e-01	2.544717692141926224e-01	1.534202574277296616e-01	7.364970462800697615e-02	2.998342525899207883e-02	7.756365919958851940e-02
1.192510357666027403e+03	2.495850792968076770e-01	1.607625936574385572e-01	2.546932862599431413e-01	1.535655458730973699e-01	7.371091624723800917e-02	3.002358130692547519e-02	7.765899735827960781e-02
1.194929242772855105e+03	2.492477032517882163e-01	1.605380570829976483e-01	2.549140727567679177e-01	1.537104542049676503e-01	7.377197353333134200e-02	3.006367008630474874e-02	7.775406908357229696e-02
1.197348127879682352e+03	2.489112967617286287e-01	1.603141450741571161e-01	2.551341315351134953e-01	1.538549833663061805e-01	7.383287683577671734e-02	3.010369146528831669e-02	7.784887496135936558e-02
1.199767012986510281e+03	2.485758570615280161e-01	1.600908558325677411e-01	2.553534654107582624e-01	1.539991342974690591e-01	7.389362650321881776e-02	3.014364531466156086e-02	7.794341557952641497e-02
1.202185898093337983e+03	2.482413813939790270e-01	1.598681875654454076e-01	2.555720771849263606e-01	1.541429079362215959e-01	7.395422288346513440e-02	3.018353150781422425e-02	7.803769152787808083e-02
1.204604783200165684e+03	2.479078670097437376e-01	1.596461384855507593e-01	2.557899696444014270e-01	1.542863052177566585e-01	7.401466632349358588e-02	3.022334992071798454e-02	7.813170339806571607e-02
1.207023668306993159e+03	2.475753111673298090e-01	1.594247068111688259e-01	2.560071455616377833e-01	1.544293270747128244e-01	7.407495716946009556e-02	3.026310043190414897e-02	7.822545178351641981e-02
1.209442553413820860e+03	2.472437111330667292e-01	1.592038907660889568e-01	2.562236076948710695e-01	1.545719744371921722e-01	7.413509576670600232e-02	3.030278292244152974e-02	7.831893727936346805e-02
1.211861438520648335e+03	2.469130641810820537e-01	1.589836885795848642e-01	2.564393587882276004e-01	1.547142482327777957e-01	7.419508245976522143e-02	3.034239727591443031e-02	7.841216048237807656e-02
1.214280323627476264e+03	2.465833675932778690e-01	1.587640984863945282e-01	2.566544015718318916e-01	1.548561493865510119e-01	7.425491759237140554e-02	3.038194337840080875e-02	7.850512199090249610e-02
1.216699208734303511e+03	2.462546186593072561e-01	1.585451187267005180e-01	2.568687387619141282e-01	1.549976788211083201e-01	7.431460150746480031e-02	3.042142111845057978e-02	7.859782240478439819e-02
1.219118093841131440e+03	2.459268146765509200e-01	1.583267475461100915e-01	2.570823730609151370e-01	1.551388374565781381e-01	7.437413454719915551e-02	3.046083038706405219e-02	7.869026232531249609e-02
1.221536978947959142e+03	2.455999529500939027e-01	1.581089831956357938e-01	2.572953071575909689e-01	1.552796262106370950e-01	7.443351705294821985e-02	3.050017107767051885e-02	7.878244235515352578e-02
1.223955864054786844e+03	2.452740307927023522e-01	1.578918239316757233e-01	2.575075437271159839e-01	1.554200459985261851e-01	7.449274936531241620e-02	3.053944308610701680e-02	7.887436309829037873e-02
1.226374749161614318e+03	2.449490455248004850e-01	1.576752680159941855e-01	2.577190854311850465e-01	1.555600977330667267e-01	7.455183182412512821e-02	3.057864631059717050e-02	7.896602515996138660e-02
1.228793634268442020e+03	2.446249944744474381e-01	1.574593137157023481e-01	2.579299349181142786e-01	1.556997823246758228e-01	7.461076476845897310e-02	3.061778065173024685e-02	7.905742914660093823e-02
1.231212519375269494e+03	2.443018749773145371e-01	1.572439593032390615e-01	2.581400948229411463e-01	1.558391006813818758e-01	7.466954853663196334e-02	3.065684601244031415e-02	7.914857566578119286e-02
1.233631404482097196e+03	2.439796843766623147e-01	1.570292030563516517e-01	2.583495677675226587e-01	1.559780537088396035e-01	7.472818346621344643e-02	3.069584229798554692e-02	7.923946532615484817e-02
1.236050289588924898e+03	2.436584200233179454e-01	1.568150432580769638e-01	2.585583563606334567e-01	1.561166423103448331e-01	7.478666989402998899e-02	3.073476941592769018e-02	7.933009873739919893e-02
1.238469174695752372e+03	2.433380792756524857e-01	1.566014781967222935e-01	2.587664631980620134e-01	1.562548673868492943e-01	7.484500815617113612e-02	3.077362727611164528e-02	7.942047651016119481e-02
1.240888059802580301e+03	2.430186594995583371e-01	1.563885061658466802e-01	2.589738908627062797e-01	1.563927298369748864e-01	7.490319858799507347e-02	3.081241579064520481e-02	7.951059925600360845e-02
1.243306944909407548e+03	2.427001580684268744e-01	1.561761254642420327e-01	2.591806419246681092e-01	1.565302305570278329e-01	7.496124152413409514e-02	3.085113487387892983e-02	7.960046758735224437e-02
1.245725830016235477e+03	2.423825723631260476e-01	1.559643343959145056e-01	2.593867189413465169e-01	1.566673704410126711e-01	7.501913729849997436e-02	3.088978444238616936e-02	7.969008211744424419e-02
1.248144715123063179e+03	2.420658997719780658e-01	1.557531312700659865e-01	2.595921244575302156e-01	1.568041503806459069e-01	7.507688624428933422e-02	3.092836441494320812e-02	7.977944346027741884e-02
1.250563600229890881e+03	2.417501376907372213e-01	1.555425144010755267e-01	2.597968610054891547e-01	1.569405712653695328e-01	7.513448869398872687e-02	3.096687471250955670e-02	7.986855223056049669e-02
1.252982485336718355e+03	2.414352835225679061e-01	1.553324821084809682e-01	2.600009311050644478e-01	1.570766339823642666e-01	7.519194497937976840e-02	3.100531525820838727e-02	7.995740904366449575e-02
1.255401370443546057e+03	2.411213346780224642e-01	1.551230327169607348e-01	2.602043372637583007e-01	1.572123394165625965e-01	7.524925543154405150e-02	3.104368597730709084e-02	8.004601451557497027e-02
1.257820255550373531e+03	2.408082885750192914e-01	1.549141645563155145e-01	2.604070819768223854e-01	1.573476884506617157e-01	7.530642038086804435e-02	3.108198679719798366e-02	8.013436926284527029e-02
1.260239140657201460e+03	2.404961426388211310e-01	1.547058759614501899e-01	2.606091677273452145e-01	1.574826819651360676e-01	7.536344015704778132e-02	3.112021764737914892e-02	8.022247390255073107e-02
1.262658025764028707e+03	2.401848943020130633e-01	1.544981652723558252e-01	2.608105969863388496e-01	1.576173208382498359e-01	7.542031508909355364e-02	3.115837845943539644e-02	8.031032905224373686e-02
1.265076910870856636e+03	2.398745410044811344e-01	1.542910308340915970e-01	2.610113722128247216e-01	1.577516059460691844e-01	7.547704550533446133e-02	3.119646916701939235e-02	8.039793532990976987e-02
1.267495795977684338e+03	2.395650801933905116e-01	1.540844709967671700e-01	2.612114958539182852e-01	1.578855381624743037e-01	7.553363173342286796e-02	3.123448970583288242e-02	8.048529335392426431e-02
1.269914681084511813e+03	2.392565093231641959e-01	1.538784841155246275e-01	2.614109703449128963e-01	1.580191183591713455e-01	7.559007410033874441e-02	3.127244001360805770e-02	8.057240374301043173e-02
1.272333566191339514e+03	2.389488258554614275e-01	1.536730685505210414e-01	2.616097981093629676e-01	1.581523474057040246e-01	7.564637293239392934e-02	3.131032003008908660e-02	8.065926711619780809e-02
1.274752451298167216e+03	2.386420272591564529e-01	1.534682226669107086e-01	2.618079815591661252e-01	1.582852261694650542e-01	7.570252855523636193e-02	3.134812969701372687e-02	8.074588409278186940e-02
1.277171336404994690e+03	2.383361110103172087e-01	1.532639448348277200e-01	2.620055230946443103e-01	1.584177555157076644e-01	7.575854129385413416e-02	3.138586895809510752e-02	8.083225529228417472e-02
1.279590221511822392e+03	2.380310745921841997e-01	1.530602334293684474e-01	2.622024251046244925e-01	1.585499363075565382e-01	7.581441147257944602e-02	3.142353775900362522e-02	8.091838133441356384e-02
1.282009106618650094e+03	2.377269154951493768e-01	1.528570868305742514e-01	2.623986899665181061e-01	1.586817694060188577e-01	7.587013941509261616e-02	3.146113604734896568e-02	8.100426283902806279e-02
1.284427991725477568e+03	2.374236312167350982e-01	1.526545034234141340e-01	2.625943200464001537e-01	1.588132556699951847e-01	7.592572544442585669e-02	3.149866377266226369e-02	8.108990042609758031e-02
1.286846876832305497e+03	2.371212192615732017e-01	1.524524815977676973e-01	2.627893176990867552e-01	1.589443959562898967e-01	7.598116988296700625e-02	3.153612088637839511e-02	8.117529471566732602e-02
1.289265761939132744e+03	2.368196771413841883e-01	1.522510197484078232e-01	2.629836852682126969e-01	1.590751911196218171e-01	7.603647305246326316e-02	3.157350734181837981e-02	8.126044632782213062e-02
1.291684647045960673e+03	2.365190023749563497e-01	1.520501162749837432e-01	2.631774250863078146e-01	1.592056420126344574e-01	7.609163527402471039e-02	3.161082309417193037e-02	8.134535588265130734e-02
1.294103532152788375e+03	2.362191924881252014e-01	1.518497695820041904e-01	2.633705394748724338e-01	1.593357494859061474e-01	7.614665686812785439e-02	3.164806810048011176e-02	8.143002400021437381e-02
1.296522417259616077e+03	2.359202450137526108e-01	1.516499780788203577e-01	2.635630307444524756e-01	1.594655143879600834e-01	7.620153815461909452e-02	3.168524231961812598e-02	8.151445130050753718e-02
1.298941302366443551e+03	2.356221574917065076e-01	1.514507401796091890e-01	2.637549011947135646e-01	1.595949375652740976e-01	7.625627945271801211e-02	3.172234571227822847e-02	8.159863840343069274e-02
1.301360187473271253e+03	2.353249274688402615e-01	1.512520543033565590e-01	2.639461531145141926e-01	1.597240198622904284e-01	7.631088108102072887e-02	3.175937824095279027e-02	8.168258592875528301e-02
1.303779072580098727e+03	2.350285524989722818e-01	1.510539188738407868e-01	2.641367887819787152e-01	1.598527621214251293e-01	7.636534335750309876e-02	3.179633986991743655e-02	8.176629449609280897e-02
1.306197957686926657e+03	2.347330301428657839e-01	1.508563323196160655e-01	2.643268104645687400e-01	1.599811651830775894e-01	7.641966659952387220e-02	3.183323056521433075e-02	8.184976472486392429e-02
1.308616842793753904e+03	2.344383579682083329e-01	1.506592930739958092e-01	2.645162204191549016e-01	1.601092298856397200e-01	7.647385112382773520e-02	3.187005029463561845e-02	8.193299723426823722e-02
1.311035727900581833e+03	2.341445335495918323e-01	1.504627995750363323e-01	2.647050208920869174e-01	1.602369570655051700e-01	7.652789724654834869e-02	3.190679902770691273e-02	8.201599264325477867e-02
1.313454613007409534e+03	2.338515544684924286e-01	1.502668502655206129e-01	2.648932141192637535e-01	1.603643475570782073e-01	7.658180528321131830e-02	3.194347673567097395e-02	8.209875157049306704e-02
1.315873498114237009e+03	2.335594183132503054e-01	1.500714435929418056e-01	2.650808023262024027e-01	1.604914021927824896e-01	7.663557554873708100e-02	3.198008339147145190e-02	8.218127463434481139e-02
1.318292383221064711e+03	2.332681226790498663e-01	1.498765780094872546e-01	2.652677877281065522e-01	1.606181218030700020e-01	7.668920835744365283e-02	3.201661896973681531e-02	8.226356245283614199e-02
1.320711268327892412e+03	2.329776651678997501e-01	1.496822519720223121e-01	2.654541725299343624e-01	1.607445072164294386e-01	7.674270402304946004e-02	3.205308344676433691e-02	8.234561564363063191e-02
1.323130153434719887e+03	2.326880433886131250e-01	1.494884639420742678e-01	2.656399589264653027e-01	1.608705592593947520e-01	7.679606285867604520e-02	3.208947680050421025e-02	8.242743482400263777e-02
1.325549038541547588e+03	2.323992549567877319e-01	1.492952123858163893e-01	2.658251491023668756e-01	1.609962787565535347e-01	7.684928517685062077e-02	3.212579901054381237e-02	8.250902061081145933e-02
1.327967923648375290e+03	2.321112974947863450e-01	1.491024957740519907e-01	2.660097452322603973e-01	1.611216665305550966e-01	7.690237128950874745e-02	3.216205005809206346e-02	8.259037362047590147e-02
1.330386808755202765e+03	2.318241686317170924e-01	1.489103125821986395e-01	2.661937494807858906e-01	1.612467234021186802e-01	7.695532150799679061e-02	3.219822992596389072e-02	8.267149446894947462e-02
1.332805693862030694e+03	2.315378660034140279e-01	1.487186612902724747e-01	2.663771640026671994e-01	1.613714501900413434e-01	7.700813614307445987e-02	3.223433859856481010e-02	8.275238377169613635e-02
1.335224578968857941e+03	2.312523872524174795e-01	1.485275403828723029e-01	2.665599909427754377e-01	1.614958477112058977e-01	7.706081550491714061e-02	3.227037606187568852e-02	8.283304214366649099e-02
1.337643464075685870e+03	2.309677300279547318e-01	1.483369483491642771e-01	2.667422324361925501e-01	1.616199167805885961e-01	7.711335990311830868e-02	3.230634230343749219e-02	8.291347019927459983e-02
1.340062349182513572e+03	2.306838919859206527e-01	1.481468836828660485e-01	2.669238906082738172e-01	1.617436582112667387e-01	7.716576964669182026e-02	3.234223731233627774e-02	8.299366855237529095e-02
1.342481234289341273e+03	2.304008707888583751e-01	1.479573448822315007e-01	2.671049675747101948e-01	1.618670728144263049e-01	7.721804504407420167e-02	3.237806107918819731e-02	8.307363781624192700e-02
1.344900119396168748e+03	2.301186641059402294e-01	1.477683304500352068e-01	2.672854654415897646e-01	1.619901613993692535e-01	7.727018640312680042e-02	3.241381359612467011e-02	8.315337860354472810e-02
1.347319004502996449e+03	2.298372696129484249e-01	1.475798388935571359e-01	2.674653863054589631e-01	1.621129247735209333e-01	7.732219403113799183e-02	3.244949485677767892e-02	8.323289152632953880e-02
1.349737889609823924e+03	2.295566849922560659e-01	1.473918687245673875e-01	2.676447322533824225e-01	1.622353637424372719e-01	7.737406823482527451e-02	3.248510485626511513e-02	8.331217719599709470e-02
1.352156774716651853e+03	2.292769079328081105e-01	1.472044184593109817e-01	2.678235053630033669e-01	1.623574791098117975e-01	7.742580932033735208e-02	3.252064359117627645e-02	8.339123622328278862e-02
1.354575659823479100e+03	2.289979361301024141e-01	1.470174866184927043e-01	2.680017077026025096e-01	1.624792716774826895e-01	7.747741759325611766e-02	3.255611105955748263e-02	8.347006921823678371e-02
1.356994544930307029e+03	2.287197672861708275e-01	1.468310717272620358e-01	2.681793413311569507e-01	1.626007422454397444e-01	7.752889335859863840e-02	3.259150726089778127e-02	8.354867679020476501e-02
1.359413430037134731e+03	2.284423991095604622e-01	1.466451723151980246e-01	2.683564082983983523e-01	1.627218916118311487e-01	7.758023692081911227e-02	3.262683219611473007e-02	8.362705954780894069e-02
1.361832315143962205e+03	2.281658293153147610e-01	1.464597869162945210e-01	2.685329106448704484e-01	1.628427205729701954e-01	7.763144858381074154e-02	3.266208586754036636e-02	8.370521809892964016e-02
1.364251200250789907e+03	2.278900556249550402e-01	1.462749140689452165e-01	2.687088504019864432e-01	1.629632299233419457e-01	7.768252865090755077e-02	3.269726827890719750e-02	8.378315305068721741e-02
1.366670085357617609e+03	2.276150757664616442e-01	1.460905523159288233e-01	2.688842295920854664e-01	1.630834204556096678e-01	7.773347742488624645e-02	3.273237943533438554e-02	8.386086500942446786e-02
1.369088970464445310e+03	2.273408874742554597e-01	1.459067002043943073e-01	2.690590502284883612e-01	1.632032929606213878e-01	7.778429520796791008e-02	3.276741934331393186e-02	8.393835458068940603e-02
1.371507855571272785e+03	2.270674884891793477e-01	1.457233562858461506e-01	2.692333143155536956e-01	1.633228482274162452e-01	7.783498230181978839e-02	3.280238801069707000e-02	8.401562236921843174e-02
1.373926740678100487e+03	2.267948765584799076e-01	1.455405191161298628e-01	2.694070238487326630e-01	1.634420870432307105e-01	7.788553900755695869e-02	3.283728544668069321e-02	8.409266897891999604e-02
1.376345625784927961e+03	2.265230494357887703e-01	1.453581872554172427e-01	2.695801808146236489e-01	1.635610101935048022e-01	7.793596562574392483e-02	3.287211166179389993e-02	8.416949501285851676e-02
1.378764510891755890e+03	2.262520048811045847e-01	1.451763592681920567e-01	2.697527871910262443e-01	1.636796184618881933e-01	7.798626245639633803e-02	3.290686666788467107e-02	8.424610107323873831e-02
1.381183395998583137e+03	2.259817406607745049e-01	1.449950337232353836e-01	2.699248449469949795e-01	1.637979126302463173e-01	7.803642979898244014e-02	3.294155047810662373e-02	8.432248776139056323e-02
1.383602281105411066e+03	2.257122545474761210e-01	1.448142091936114595e-01	2.700963560428923937e-01	1.639158934786661415e-01	7.808646795242475680e-02	3.297616310690585500e-02	8.439865567775409194e-02
1.386021166212238768e+03	2.254435443201993072e-01	1.446338842566531890e-01	2.702673224304417143e-01	1.640335617854622174e-01	7.813637721510144352e-02	3.301070457000793157e-02	8.447460542186512045e-02
1.388440051319066470e+03	2.251756077642280696e-01	1.444540574939479072e-01	2.704377460527788157e-01	1.641509183271823713e-01	7.818615788484786777e-02	3.304517488440492784e-02	8.455033759234092949e-02
1.390858936425893944e+03	2.249084426711226437e-01	1.442747274913233069e-01	2.706076288445042888e-01	1.642679638786134488e-01	7.823581025895802454e-02	3.307957406834257513e-02	8.462585278686655943e-02
1.393277821532721646e+03	2.246420468387013980e-01	1.440958928388331173e-01	2.707769727317345665e-01	1.643846992127869777e-01	7.828533463418593796e-02	3.311390214130756349e-02	8.470115160218125161e-02
1.395696706639549120e+03	2.243764180710230427e-01	1.439175521307431427e-01	2.709457796321526613e-01	1.645011251009847741e-01	7.833473130674702134e-02	3.314815912401485737e-02	8.477623463406533388e-02
1.398115591746377049e+03	2.241115541783686715e-01	1.437397039655171904e-01	2.711140514550585134e-01	1.646172423127443829e-01	7.838400057231946494e-02	3.318234503839517097e-02	8.485110247732743916e-02
1.400534476853204296e+03	2.238474529772240262e-01	1.435623469458031654e-01	2.712817901014191735e-01	1.647330516158644620e-01	7.843314272604548498e-02	3.321645990758252676e-02	8.492575572579197374e-02
1.402953361960032225e+03	2.235841122902617606e-01	1.433854796784191643e-01	2.714489974639180958e-01	1.648485537764103059e-01	7.848215806253266980e-02	3.325050375590187651e-02	8.500019497228694654e-02
1.405372247066859927e+03	2.233215299463237602e-01	1.432091007743394317e-01	2.716156754270043217e-01	1.649637495587190084e-01	7.853104687585521493e-02	3.328447660885688192e-02	8.507442080863218681e-02
1.407791132173687402e+03	2.230597037804035732e-01	1.430332088486808984e-01	2.717818258669408849e-01	1.650786397254047910e-01	7.857980945955517216e-02	3.331837849311772293e-02	8.514843382562771457e-02
1.410210017280515103e+03	2.227986316336287576e-01	1.428578025206891922e-01	2.719474506518533841e-01	1.651932250373641109e-01	7.862844610664362910e-02	3.335220943650903797e-02	8.522223461304254122e-02
1.412628902387342805e+03	2.225383113532434509e-01	1.426828804137250939e-01	2.721125516417777224e-01	1.653075062537808504e-01	7.867695710960187494e-02	3.338596946799798210e-02	8.529582375960367835e-02
1.415047787494170507e+03	2.222787407925908842e-01	1.425084411552507979e-01	2.722771306887074028e-01	1.654214841321311469e-01	7.872534276038259393e-02	3.341965861768231294e-02	8.536920185298550734e-02
1.417466672600997981e+03	2.220199178110959515e-01	1.423344833768165063e-01	2.724411896366406016e-01	1.655351594281886940e-01	7.877360335041094785e-02	3.345327691677860843e-02	8.544236947979937102e-02
1.419885557707825683e+03	2.217618402742479733e-01	1.421610057140468009e-01	2.726047303216266871e-01	1.656485328960294323e-01	7.882173917058571400e-02	3.348682439761059559e-02	8.551532722558349842e-02
1.422304442814653157e+03	2.215045060535832944e-01	1.419880068066272372e-01	2.727677545718126817e-01	1.657616052880364899e-01	7.886975051128029823e-02	3.352030109359752791e-02	8.558807567479316536e-02
1.424723327921481086e+03	2.212479130266681582e-01	1.418154852982910219e-01	2.729302642074888929e-01	1.658743773549049561e-01	7.891763766234388688e-02	3.355370703924268061e-02	8.566061541079113273e-02
1.427142213028308333e+03	2.209920590770814985e-01	1.416434398368054404e-01	2.730922610411344320e-01	1.659868498456467389e-01	7.896540091310237652e-02	3.358704227012192234e-02	8.573294701583833444e-02
1.429561098135136262e+03	2.207369420943977867e-01	1.414718690739587836e-01	2.732537468774623446e-01	1.660990235075951726e-01	7.901304055235942869e-02	3.362030682287239780e-02	8.580507107108489850e-02
1.431979983241963964e+03	2.204825599741699615e-01	1.413007716655471369e-01	2.734147235134640197e-01	1.662108990864097080e-01	7.906055686839745522e-02	3.365350073518126595e-02	8.587698815656126528e-02
1.434398868348791666e+03	2.202289106179124989e-01	1.411301462713610566e-01	2.735751927384539872e-01	1.663224773260804368e-01	7.910795014897857580e-02	3.368662404577455610e-02	8.594869885116974972e-02
1.436817753455619140e+03	2.199759919330843694e-01	1.409599915551724425e-01	2.737351563341134941e-01	1.664337589689326713e-01	7.915522068134554778e-02	3.371967679440612820e-02	8.602020373267620090e-02
1.439236638562446842e+03	2.197238018330722464e-01	1.407903061847216031e-01	2.738946160745342473e-01	1.665447447556315241e-01	7.920236875222270989e-02	3.375265902184663991e-02	8.609150337770196670e-02
1.441655523669274316e+03	2.194723382371734643e-01	1.406210888317041552e-01	2.740535737262615457e-01	1.666554354251861547e-01	7.924939464781687037e-02	3.378557076987269425e-02	8.616259836171605291e-02
1.444074408776102018e+03	2.192215990705793649e-01	1.404523381717580899e-01	2.742120310483374124e-01	1.667658317149543767e-01	7.929629865381818132e-02	3.381841208125601489e-02	8.623348925902754591e-02
1.446493293882929493e+03	2.189715822643585053e-01	1.402840528844507273e-01	2.743699897923428943e-01	1.668759343606467660e-01	7.934308105540105460e-02	3.385118299975273942e-02	8.630417664277828527e-02
1.448912178989757422e+03	2.187222857554399769e-01	1.401162316532660324e-01	2.745274517024403060e-01	1.669857440963312678e-01	7.938974213722491124e-02	3.388388357009277513e-02	8.637466108493567496e-02
1.451331064096585123e+03	2.184737074865968354e-01	1.399488731655917084e-01	2.746844185154151963e-01	1.670952616544371105e-01	7.943628218343511127e-02	3.391651383796925184e-02	8.644494315628578618e-02
1.453749949203412370e+03	2.182258454064292807e-01	1.397819761127064853e-01	2.748408919607175926e-01	1.672044877657592465e-01	7.948270147766368920e-02	3.394907385002804423e-02	8.651502342642668208e-02
1.456168834310240300e+03	2.179786974693483925e-01	1.396155391897673237e-01	2.749968737605034685e-01	1.673134231594623766e-01	7.952900030303020062e-02	3.398156365385739813e-02	8.658490246376185362e-02
1.458587719417068001e+03	2.177322616355594487e-01	1.394495610957968701e-01	2.751523656296754883e-01	1.674220685630851413e-01	7.957517894214247156e-02	3.401398329797764020e-02	8.665458083549396062e-02
1.461006604523895703e+03	2.174865358710456054e-01	1.392840405336707998e-01	2.753073692759234747e-01	1.675304247025442284e-01	7.962123767709733402e-02	3.404633283183093606e-02	8.672405910761876724e-02
1.463425489630723177e+03	2.172415181475514101e-01	1.391189762101051608e-01	2.754618863997645439e-01	1.676384923021382589e-01	7.966717678948141701e-02	3.407861230577114570e-02	8.679333784491921611e-02
1.465844374737550879e+03	2.169972064425665648e-01	1.389543668356440498e-01	2.756159186945832396e-01	1.677462720845519784e-01	7.971299656037185433e-02	3.411082177105381058e-02	8.686241761095968295e-02
1.468263259844378354e+03	2.167535987393095498e-01	1.387902111246470671e-01	2.757694678466708349e-01	1.678537647708600589e-01	7.975869727033702006e-02	3.414296127982613394e-02	8.693129896808059198e-02
1.470682144951206283e+03	2.165106930267114427e-01	1.386265077952768543e-01	2.759225355352647457e-01	1.679609710805310407e-01	7.980427919943718085e-02	3.417503088511709974e-02	8.699998247739297585e-02
1.473101030058033530e+03	2.162684872993997087e-01	1.384632555694867706e-01	2.760751234325873882e-01	1.680678917314312737e-01	7.984974262722523142e-02	3.420703064082765421e-02	8.706846869877339634e-02
1.475519915164861459e+03	2.160269795576820751e-01	1.383004531730086251e-01	2.762272332038847589e-01	1.681745274398286916e-01	7.989508783274734682e-02	3.423896060172098438e-02	8.713675819085893448e-02
1.477938800271689161e+03	2.157861678075304601e-01	1.381380993353404085e-01	2.763788665074649598e-01	1.682808789203965871e-01	7.994031509454363471e-02	3.427082082341283142e-02	8.720485151104248600e-02
1.480357685378516862e+03	2.155460500605649032e-01	1.379761927897340257e-01	2.765300249947362232e-01	1.683869468862174423e-01	7.998542469064880145e-02	3.430261136236192887e-02	8.727274921546807063e-02
1.482776570485344337e+03	2.153066243340376329e-01	1.378147322731831659e-01	2.766807103102443821e-01	1.684927320487866198e-01	8.003041689859273500e-02	3.433433227586048242e-02	8.734045185902640507e-02
