1.001418434226643626e+03	2.838645602199541540e-01	1.730482531045574313e-01	2.346470171943128846e-01	1.416277705824572075e-01	6.898024437052553692e-02	2.769075520282201705e-02	7.014139932534352306e-02
1.002869765290740247e+03	2.836045685919668657e-01	1.728847512735412761e-01	2.348236284941115359e-01	1.417346923660486591e-01	6.902493369025355929e-02	2.771790491214159297e-02	7.020952067190928958e-02
1.004321096354836754e+03	2.833450266397782302e-01	1.727215322973372491e-01	2.349999169975919011e-01	1.418414263046293700e-01	6.906954726691594271e-02	2.774502218458593794e-02	7.027752830913422399e-02
1.005772427418933376e+03	2.830859335833660895e-01	1.725585956849846614e-01	2.351758832833457935e-01	1.419479727766707333e-01	6.911408523731132902e-02	2.777210702798211042e-02	7.034542240631208587e-02
1.007223758483029997e+03	2.828272886440716949e-01	1.723959409463828030e-01	2.353515279289086493e-01	1.420543321596291209e-01	6.915854773796201171e-02	2.779915945032190167e-02	7.041320313269661124e-02
1.008675089547126618e+03	2.825690910445968762e-01	1.722335675922892773e-01	2.355268515107617477e-01	1.421605048299500740e-01	6.920293490511456036e-02	2.782617945976087123e-02	7.048087065749940316e-02
1.010126420611223239e+03	2.823113400090017655e-01	1.720714751343184468e-01	2.357018546043343210e-01	1.422664911630724116e-01	6.924724687474059781e-02	2.785316706461737901e-02	7.054842514988789171e-02
1.011577751675319632e+03	2.820540347627024658e-01	1.719096630849399343e-01	2.358765377840058297e-01	1.423722915334323658e-01	6.929148378253742468e-02	2.788012227337159990e-02	7.061586677898316899e-02
1.013029082739416367e+03	2.817971745324684973e-01	1.717481309574771242e-01	2.360509016231081836e-01	1.424779063144676616e-01	6.933564576392868550e-02	2.790704509466459399e-02	7.068319571385803246e-02
1.014480413803512761e+03	2.815407585464204110e-01	1.715868782661055247e-01	2.362249466939279063e-01	1.425833358786216254e-01	6.937973295406510421e-02	2.793393553729733511e-02	7.075041212353490316e-02
1.015931744867609382e+03	2.812847860340273454e-01	1.714259045258512137e-01	2.363986735677083284e-01	1.426885805973471810e-01	6.942374548782516419e-02	2.796079361022976023e-02	7.081751617698384127e-02
1.017383075931706003e+03	2.810292562261045290e-01	1.712652092525894787e-01	2.365720828146517518e-01	1.427936408411109859e-01	6.946768349981571888e-02	2.798761932257982921e-02	7.088450804312057540e-02
1.018834406995802851e+03	2.807741683548111711e-01	1.711047919630430680e-01	2.367451750039216707e-01	1.428985169793971777e-01	6.951154712437272731e-02	2.801441268362256723e-02	7.095138789080450425e-02
1.020285738059899245e+03	2.805195216536476854e-01	1.709446521747808034e-01	2.369179507036448529e-01	1.430032093807116211e-01	6.955533649556192022e-02	2.804117370278914542e-02	7.101815588883678143e-02
1.021737069123995752e+03	2.802653153574536371e-01	1.707847894062160532e-01	2.370904104809135882e-01	1.431077184125857382e-01	6.959905174717941068e-02	2.806790238966594755e-02	7.108481220595841421e-02
1.023188400188092373e+03	2.800115487024051331e-01	1.706252031766050947e-01	2.372625549017877422e-01	1.432120444415804217e-01	6.964269301275244350e-02	2.809459875399361248e-02	7.115135701084829289e-02
1.024639731252188767e+03	2.797582209260124908e-01	1.704658930060457545e-01	2.374343845312970602e-01	1.433161878332899763e-01	6.968626042554001976e-02	2.812126280566614248e-02	7.121779047212135894e-02
1.026091062316285615e+03	2.795053312671177403e-01	1.703068584154757981e-01	2.376058999334430821e-01	1.434201489523459772e-01	6.972975411853354899e-02	2.814789455472996305e-02	7.128411275832673144e-02
1.027542393380382237e+03	2.792528789658924038e-01	1.701480989266713206e-01	2.377771016712014740e-01	1.435239281624211827e-01	6.977317422445755701e-02	2.817449401138301390e-02	7.135032403794584754e-02
1.028993724444478858e+03	2.790008632638351083e-01	1.699896140622455254e-01	2.379479903065240820e-01	1.436275258262333376e-01	6.981652087577026877e-02	2.820106118597383305e-02	7.141642447939067218e-02
1.030445055508575479e+03	2.787492834037691436e-01	1.698314033456468919e-01	2.381185664003409863e-01	1.437309423055490032e-01	6.985979420466431611e-02	2.822759608900064776e-02	7.148241425100183843e-02
1.031896386572671872e+03	2.784981386298401307e-01	1.696734663011578992e-01	2.382888305125627215e-01	1.438341779611872762e-01	6.990299434306740389e-02	2.825409873111047604e-02	7.154829352104691287e-02
1.033347717636768493e+03	2.782474281875136346e-01	1.695158024538934716e-01	2.384587832020823306e-01	1.439372331530237303e-01	6.994612142264293453e-02	2.828056912309821758e-02	7.161406245771857748e-02
1.034799048700865114e+03	2.779971513235728886e-01	1.693584113297993132e-01	2.386284250267774187e-01	1.440401082399939692e-01	6.998917557479063245e-02	2.830700727590576213e-02	7.167972122913292277e-02
1.036250379764961508e+03	2.777473072861162406e-01	1.692012924556507147e-01	2.387977565435123462e-01	1.441428035800975671e-01	7.003215693064723801e-02	2.833341320062109092e-02	7.174527000332771298e-02
1.037701710829058356e+03	2.774978953245550439e-01	1.690444453590508045e-01	2.389667783081402541e-01	1.442453195304015945e-01	7.007506562108713200e-02	2.835978690847740930e-02	7.181070894826062367e-02
1.039153041893154750e+03	2.772489146896112144e-01	1.688878695684291886e-01	2.391354908755050912e-01	1.443476564470444201e-01	7.011790177672300173e-02	2.838612841085224464e-02	7.187603823180763185e-02
1.040604372957251599e+03	2.770003646333149550e-01	1.687315646130404245e-01	2.393038947994438337e-01	1.444498146852393194e-01	7.016066552790646560e-02	2.841243771926655823e-02	7.194125802176123963e-02
1.042055704021347992e+03	2.767522444090022016e-01	1.685755300229626052e-01	2.394719906327884562e-01	1.445517945992781661e-01	7.020335700472865592e-02	2.843871484538389866e-02	7.200636848582890603e-02
1.043507035085444613e+03	2.765045532713124588e-01	1.684197653290957220e-01	2.396397789273679302e-01	1.446535965425350123e-01	7.024597633702094057e-02	2.846495980100950327e-02	7.207136979163132617e-02
1.044958366149541234e+03	2.762572904761865789e-01	1.682642700631603594e-01	2.398072602340104165e-01	1.447552208674697249e-01	7.028852365435554750e-02	2.849117259808944813e-02	7.213626210670087691e-02
1.046409697213637855e+03	2.760104552808642087e-01	1.681090437576961139e-01	2.399744351025452360e-01	1.448566679256315382e-01	7.033099908604611983e-02	2.851735324870976682e-02	7.220104559847999315e-02
1.047861028277734476e+03	2.757640469438816244e-01	1.679540859460601498e-01	2.401413040818048683e-01	1.449579380676626894e-01	7.037340276114842363e-02	2.854350176509560730e-02	7.226572043431951642e-02
1.049312359341831097e+03	2.755180647250695114e-01	1.677993961624257846e-01	2.403078677196271717e-01	1.450590316433019444e-01	7.041573480846095856e-02	2.856961815961037154e-02	7.233028678147720991e-02
1.050763690405927491e+03	2.752725078855503549e-01	1.676449739417808782e-01	2.404741265628571323e-01	1.451599490013880389e-01	7.045799535652555456e-02	2.859570244475485509e-02	7.239474480711616255e-02
1.052215021470024112e+03	2.750273756877363862e-01	1.674908188199266124e-01	2.406400811573491394e-01	1.452606904898632312e-01	7.050018453362802417e-02	2.862175463316641438e-02	7.245909467830323469e-02
1.053666352534120733e+03	2.747826673953271404e-01	1.673369303334757419e-01	2.408057320479688734e-01	1.453612564557768549e-01	7.054230246779880087e-02	2.864777473761810633e-02	7.252333656200758705e-02
1.055117683598217127e+03	2.745383822733072909e-01	1.671833080198513455e-01	2.409710797785953318e-01	1.454616472452886777e-01	7.058434928681349418e-02	2.867376277101785220e-02	7.258747062509911252e-02
1.056569014662313975e+03	2.742945195879443188e-01	1.670299514172853550e-01	2.411361248921228828e-01	1.455618632036724258e-01	7.062632511819355585e-02	2.869971874640761880e-02	7.265149703434700679e-02
1.058020345726410369e+03	2.740510786067860693e-01	1.668768600648169731e-01	2.413008679304632087e-01	1.456619046753192259e-01	7.066823008920690430e-02	2.872564267696255461e-02	7.271541595641825562e-02
1.059471676790506763e+03	2.738080585986588100e-01	1.667240335022913689e-01	2.414653094345473039e-01	1.457617720037408804e-01	7.071006432686847976e-02	2.875153457599018830e-02	7.277922755787617770e-02
1.060923007854603611e+03	2.735654588336646209e-01	1.665714712703581513e-01	2.416294499443275012e-01	1.458614655315733921e-01	7.075182795794093815e-02	2.877739445692958919e-02	7.284293200517903688e-02
1.062374338918700232e+03	2.733232785831792300e-01	1.664191729104699535e-01	2.417932899987794426e-01	1.459609856005802953e-01	7.079352110893519234e-02	2.880322233335055188e-02	7.290652946467854334e-02
1.063825669982796853e+03	2.730815171198498481e-01	1.662671379648809622e-01	2.419568301359040496e-01	1.460603325516559858e-01	7.083514390611105049e-02	2.882901821895278091e-02	7.297002010261850746e-02
1.065277001046893474e+03	2.728401737175928377e-01	1.661153659766455570e-01	2.421200708927294942e-01	1.461595067248290525e-01	7.087669647547781282e-02	2.885478212756507205e-02	7.303340408513339654e-02
1.066728332110990095e+03	2.725992476515912699e-01	1.659638564896167845e-01	2.422830128053131415e-01	1.462585084592656348e-01	7.091817894279486834e-02	2.888051407314450036e-02	7.309668157824701640e-02
1.068179663175086489e+03	2.723587381982930378e-01	1.658126090484449977e-01	2.424456564087435484e-01	1.463573380932726986e-01	7.095959143357231935e-02	2.890621406977561883e-02	7.315985274787108195e-02
1.069630994239183110e+03	2.721186446354082467e-01	1.656616231985763577e-01	2.426080022371423506e-01	1.464559959643012554e-01	7.100093407307153659e-02	2.893188213166966033e-02	7.322291775980392659e-02
1.071082325303279504e+03	2.718789662419072717e-01	1.655108984862514454e-01	2.427700508236662891e-01	1.465544824089496934e-01	7.104220698630581143e-02	2.895751827316372581e-02	7.328587677972912828e-02
1.072533656367376352e+03	2.716397022980182596e-01	1.653604344585039021e-01	2.429318027005091252e-01	1.466527977629670243e-01	7.108341029804092492e-02	2.898312250872000714e-02	7.334872997321421895e-02
1.073984987431472746e+03	2.714008520852249640e-01	1.652102306631589301e-01	2.430932583989035278e-01	1.467509423612559927e-01	7.112454413279573062e-02	2.900869485292497524e-02	7.341147750570937991e-02
1.075436318495569594e+03	2.711624148862646910e-01	1.650602866488318221e-01	2.432544184491230721e-01	1.468489165378764616e-01	7.116560861484275136e-02	2.903423532048860639e-02	7.347411954254615130e-02
1.076887649559666215e+03	2.709243899851258019e-01	1.649106019649266841e-01	2.434152833804840710e-01	1.469467206260484382e-01	7.120660386820877596e-02	2.905974392624360164e-02	7.353665624893614139e-02
1.078338980623762609e+03	2.706867766670456033e-01	1.647611761616350201e-01	2.435758537213476571e-01	1.470443549581553766e-01	7.124753001667545604e-02	2.908522068514458533e-02	7.359908778996977763e-02
1.079790311687859230e+03	2.704495742185082929e-01	1.646120087899340945e-01	2.437361299991215591e-01	1.471418198657471199e-01	7.128838718377986106e-02	2.911066561226735919e-02	7.366141433061511312e-02
1.081241642751955851e+03	2.702127819272424625e-01	1.644630994015857939e-01	2.438961127402620443e-01	1.472391156795433420e-01	7.132917549281511671e-02	2.913607872280809391e-02	7.372363603571649437e-02
1.082692973816052472e+03	2.699763990822190429e-01	1.643144475491351564e-01	2.440558024702758066e-01	1.473362427294364063e-01	7.136989506683090456e-02	2.916146003208259369e-02	7.378575306999345107e-02
1.084144304880149093e+03	2.697404249736489734e-01	1.641660527859088448e-01	2.442151997137219088e-01	1.474332013444945855e-01	7.141054602863411427e-02	2.918680955552550513e-02	7.384776559803941931e-02
1.085595635944245487e+03	2.695048588929812583e-01	1.640179146660138976e-01	2.443743049942135870e-01	1.475299918529651144e-01	7.145112850078937095e-02	2.921212730868956442e-02	7.390967378432058976e-02
1.087046967008342108e+03	2.692697001329003581e-01	1.638700327443362581e-01	2.445331188344202766e-01	1.476266145822772435e-01	7.149164260561967355e-02	2.923741330724484097e-02	7.397147779317471417e-02
1.088498298072438729e+03	2.690349479873244132e-01	1.637224065765394143e-01	2.446916417560693613e-01	1.477230698590453473e-01	7.153208846520690833e-02	2.926266756697797414e-02	7.403317778880995348e-02
1.089949629136535123e+03	2.688006017514028567e-01	1.635750357190629556e-01	2.448498742799480876e-01	1.478193580090718939e-01	7.157246620139244564e-02	2.928789010379142729e-02	7.409477393530375378e-02
1.091400960200631971e+03	2.685666607215140833e-01	1.634279197291212127e-01	2.450078169259055083e-01	1.479154793573504711e-01	7.161277593577772271e-02	2.931308093370273496e-02	7.415626639660166664e-02
1.092852291264728365e+03	2.683331241952635615e-01	1.632810581647019532e-01	2.451654702128542584e-01	1.480114342280688389e-01	7.165301778972477109e-02	2.933824007284376034e-02	7.421765533651625280e-02
1.094303622328825213e+03	2.680999914714815024e-01	1.631344505845648274e-01	2.453228346587724151e-01	1.481072229446118715e-01	7.169319188435686885e-02	2.936336753745995634e-02	7.427894091872597193e-02
1.095754953392921607e+03	2.678672618502205838e-01	1.629880965482402022e-01	2.454799107807054404e-01	1.482028458295644724e-01	7.173329834055897081e-02	2.938846334390961962e-02	7.434012330677411406e-02
1.097206284457018228e+03	2.676349346327540624e-01	1.628419956160276072e-01	2.456366990947678741e-01	1.482983032047146821e-01	7.177333727897841631e-02	2.941352750866316201e-02	7.440120266406766159e-02
1.098657615521114849e+03	2.674030091215732208e-01	1.626961473489944576e-01	2.457932001161453883e-01	1.483935953910563987e-01	7.181330882002535942e-02	2.943856004830237849e-02	7.446217915387627617e-02
1.100108946585211470e+03	2.671714846203855909e-01	1.625505513089746112e-01	2.459494143590964244e-01	1.484887227087925143e-01	7.185321308387346284e-02	2.946356097951971509e-02	7.452305293933118857e-02
1.101560277649308091e+03	2.669403604341125669e-01	1.624052070585670082e-01	2.461053423369541637e-01	1.485836854773376903e-01	7.189305019046034195e-02	2.948853031911754727e-02	7.458382418342421327e-02
1.103011608713404712e+03	2.667096358688872404e-01	1.622601141611344500e-01	2.462609845621282489e-01	1.486784840153212717e-01	7.193282025948817548e-02	2.951346808400746521e-02	7.464449304900667992e-02
1.104462939777501106e+03	2.664793102320524021e-01	1.621152721808020170e-01	2.464163415461067264e-01	1.487731186405901462e-01	7.197252341042427448e-02	2.953837429120953484e-02	7.470505969878842023e-02
1.105914270841597499e+03	2.662493828321582656e-01	1.619706806824559031e-01	2.465714137994577670e-01	1.488675896702116586e-01	7.201215976250156803e-02	2.956324895785161083e-02	7.476552429533678268e-02
1.107365601905694348e+03	2.660198529789603583e-01	1.618263392317418892e-01	2.467262018318315542e-01	1.489618974204763580e-01	7.205172943471921387e-02	2.958809210116860461e-02	7.482588700107557778e-02
1.108816932969790741e+03	2.657907199834174672e-01	1.616822473950640937e-01	2.468807061519619761e-01	1.490560422069009128e-01	7.209123254584313967e-02	2.961290373850178348e-02	7.488614797828416214e-02
1.110268264033887590e+03	2.655619831576893075e-01	1.615384047395835854e-01	2.470349272676686248e-01	1.491500243442309415e-01	7.213066921440657031e-02	2.963768388729806982e-02	7.494630738909646706e-02
1.111719595097984211e+03	2.653336418151345799e-01	1.613948108332170506e-01	2.471888656858583500e-01	1.492438441464436771e-01	7.217003955871058307e-02	2.966243256510932638e-02	7.500636539549999926e-02
1.113170926162080832e+03	2.651056952703087499e-01	1.612514652446354613e-01	2.473425219125272578e-01	1.493375019267508541e-01	7.220934369682467657e-02	2.968714978959168319e-02	7.506632215933489727e-02
1.114622257226177226e+03	2.648781428389620496e-01	1.611083675432626039e-01	2.474958964527624039e-01	1.494309979976014557e-01	7.224858174658725651e-02	2.971183557850480897e-02	7.512617784229301543e-02
1.116073588290273847e+03	2.646509838380370905e-01	1.609655172992739414e-01	2.476489898107435694e-01	1.495243326706844900e-01	7.228775382560623242e-02	2.973648994971125198e-02	7.518593260591702188e-02
1.117524919354370468e+03	2.644242175856670318e-01	1.608229140835951143e-01	2.478018024897450655e-01	1.496175062569316816e-01	7.232686005125951723e-02	2.976111292117572873e-02	7.524558661159942707e-02
1.118976250418467089e+03	2.641978434011733046e-01	1.606805574679006920e-01	2.479543349921375650e-01	1.497105190665202201e-01	7.236590054069558242e-02	2.978570451096444402e-02	7.530514002058173728e-02
1.120427581482563710e+03	2.639718606050636684e-01	1.605384470246127571e-01	2.481065878193897400e-01	1.498033714088753965e-01	7.240487541083401313e-02	2.981026473724441780e-02	7.536459299395355249e-02
1.121878912546660331e+03	2.637462685190298806e-01	1.603965823268996282e-01	2.482585614720701217e-01	1.498960635926734619e-01	7.244378477836599384e-02	2.983479361828279483e-02	7.542394569265165050e-02
1.123330243610756725e+03	2.635210664659458080e-01	1.602549629486745564e-01	2.484102564498488763e-01	1.499885959258441537e-01	7.248262875975487740e-02	2.985929117244617848e-02	7.548319827745916810e-02
1.124781574674853118e+03	2.632962537698650962e-01	1.601135884645943364e-01	2.485616732514994431e-01	1.500809687155734151e-01	7.252140747123669851e-02	2.988375741819995074e-02	7.554235090900472682e-02
1.126232905738949967e+03	2.630718297560193930e-01	1.599724584500580027e-01	2.487128123749004216e-01	1.501731822683060324e-01	7.256012102882071491e-02	2.990819237410760612e-02	7.560140374776157246e-02
1.127684236803046360e+03	2.628477937508159057e-01	1.598315724812054972e-01	2.488636743170372090e-01	1.502652368897483548e-01	7.259876954828992091e-02	2.993259605883008545e-02	7.566035695404677019e-02
1.129135567867143209e+03	2.626241450818356249e-01	1.596909301349164201e-01	2.490142595740038600e-01	1.503571328848707922e-01	7.263735314520157471e-02	2.995696849112510635e-02	7.571921068802033028e-02
1.130586898931239830e+03	2.624008830778311596e-01	1.595505309888085865e-01	2.491645686410046689e-01	1.504488705579104801e-01	7.267587193488776742e-02	2.998130968984651784e-02	7.577796510968447252e-02
1.132038229995336451e+03	2.621780070687246278e-01	1.594103746212368056e-01	2.493146020123560569e-01	1.505404502123738886e-01	7.271432603245585324e-02	3.000561967394362733e-02	7.583662037888275198e-02
1.133489561059432845e+03	2.619555163856054913e-01	1.592704606112916033e-01	2.494643601814881817e-01	1.506318721510394310e-01	7.275271555278907398e-02	3.002989846246055528e-02	7.589517665529929569e-02
1.134940892123529466e+03	2.617334103607285578e-01	1.591307885387977794e-01	2.496138436409466865e-01	1.507231366759599622e-01	7.279104061054698926e-02	3.005414607453557943e-02	7.595363409845803937e-02
1.136392223187626087e+03	2.615116883275121484e-01	1.589913579843131863e-01	2.497630528823944762e-01	1.508142440884653879e-01	7.282930132016603164e-02	3.007836252940049304e-02	7.601199286772188091e-02
1.137843554251722708e+03	2.612903496205356002e-01	1.588521685291274521e-01	2.499119883966133548e-01	1.509051946891651341e-01	7.286749779586004783e-02	3.010254784637995604e-02	7.607025312229202807e-02
1.139294885315819101e+03	2.610693935755374895e-01	1.587132197552606205e-01	2.500606506735058021e-01	1.509959887779508403e-01	7.290563015162077054e-02	3.012670204489084971e-02	7.612841502120715198e-02
1.140746216379915950e+03	2.608488195294136891e-01	1.585745112454618466e-01	2.502090402020966109e-01	1.510866266539986624e-01	7.294369850121835974e-02	3.015082514444164877e-02	7.618647872334269322e-02
1.142197547444012343e+03	2.606286268202149259e-01	1.584360425832082031e-01	2.503571574705346081e-01	1.511771086157719657e-01	7.298170295820187448e-02	3.017491716463176904e-02	7.624444438741014018e-02
1.143648878508108737e+03	2.604088147871452263e-01	1.582978133527031539e-01	2.505050029660944588e-01	1.512674349610236280e-01	7.301964363589984186e-02	3.019897812515095342e-02	7.630231217195625193e-02
1.145100209572205586e+03	2.601893827705593631e-01	1.581598231388756104e-01	2.506525771751780263e-01	1.513576059867987322e-01	7.305752064742072893e-02	3.022300804577862654e-02	7.636008223536239203e-02
1.146551540636302207e+03	2.599703301119613563e-01	1.580220715273782939e-01	2.507998805833165368e-01	1.514476219894368425e-01	7.309533410565342837e-02	3.024700694638327719e-02	7.641775473584380696e-02
1.148002871700398828e+03	2.597516561540019198e-01	1.578845581045866531e-01	2.509469136751718565e-01	1.515374832645745018e-01	7.313308412326779973e-02	3.027097484692183385e-02	7.647532983144894603e-02
1.149454202764495449e+03	2.595333602404767959e-01	1.577472824575975319e-01	2.510936769345384900e-01	1.516271901071477857e-01	7.317077081271516903e-02	3.029491176743902628e-02	7.653280768005876755e-02
1.150905533828591842e+03	2.593154417163244796e-01	1.576102441742278926e-01	2.512401708443449677e-01	1.517167428113945504e-01	7.320839428622882838e-02	3.031881772806679573e-02	7.659018843938607268e-02
1.152356864892688463e+03	2.590978999276245531e-01	1.574734428430134558e-01	2.513863958866556225e-01	1.518061416708569866e-01	7.324595465582453557e-02	3.034269274902366004e-02	7.664747226697479765e-02
1.153808195956785084e+03	2.588807342215952989e-01	1.573368780532076183e-01	2.515323525426722551e-01	1.518953869783839783e-01	7.328345203330097202e-02	3.036653685061410993e-02	7.670465932019941702e-02
1.155259527020881706e+03	2.586639439465918122e-01	1.572005493947799259e-01	2.516780412927358546e-01	1.519844790261334344e-01	7.332088653024031177e-02	3.039035005322798799e-02	7.676174975626427754e-02
1.156710858084978327e+03	2.584475284521040583e-01	1.570644564584149916e-01	2.518234626163282641e-01	1.520734181055747591e-01	7.335825825800865174e-02	3.041413237733990235e-02	7.681874373220295982e-02
1.158162189149074720e+03	2.582314870887548741e-01	1.569285988355111627e-01	2.519686169920736241e-01	1.521622045074912111e-01	7.339556732775655290e-02	3.043788384350859869e-02	7.687564140487761211e-02
1.159613520213171569e+03	2.580158192082978030e-01	1.567929761181792447e-01	2.521135048977402593e-01	1.522508385219821236e-01	7.343281385041952602e-02	3.046160447237637736e-02	7.693244293097836750e-02
1.161064851277267962e+03	2.578005241636152078e-01	1.566575878992412241e-01	2.522581268102422336e-01	1.523393204384653754e-01	7.346999793671847578e-02	3.048529428466848629e-02	7.698914846702273329e-02
1.162516182341364356e+03	2.575856013087162721e-01	1.565224337722290193e-01	2.524024832056410150e-01	1.524276505456796937e-01	7.350711969716028360e-02	3.050895330119253457e-02	7.704575816935499422e-02
1.163967513405461204e+03	2.573710499987350575e-01	1.563875133313832322e-01	2.525465745591469746e-01	1.525158291316869308e-01	7.354417924203816848e-02	3.053258154283788536e-02	7.710227219414558797e-02
1.165418844469557826e+03	2.571568695899283941e-01	1.562528261716519262e-01	2.526904013451212183e-01	1.526038564838744227e-01	7.358117668143231149e-02	3.055617903057507648e-02	7.715869069739053621e-02
1.166870175533654447e+03	2.569430594396739931e-01	1.561183718886892391e-01	2.528339640370770303e-01	1.526917328889572378e-01	7.361811212521024439e-02	3.057974578545523750e-02	7.721501383491086168e-02
1.168321506597751068e+03	2.567296189064685041e-01	1.559841500788543001e-01	2.529772631076816491e-01	1.527794586329805082e-01	7.365498568302734916e-02	3.060328182860948959e-02	7.727124176235203312e-02
1.169772837661847461e+03	2.565165473499253501e-01	1.558501603392098422e-01	2.531202990287578780e-01	1.528670340013215945e-01	7.369179746432735767e-02	3.062678718124838342e-02	7.732737463518338239e-02
1.171224168725944082e+03	2.563038441307730619e-01	1.557164022675210369e-01	2.532630722712854721e-01	1.529544592786925006e-01	7.372854757834286510e-02	3.065026186466130592e-02	7.738341260869759097e-02
1.172675499790040703e+03	2.560915086108528360e-01	1.555828754622542165e-01	2.534055833054030815e-01	1.530417347491420110e-01	7.376523613409573243e-02	3.067370590021590779e-02	7.743935583801010714e-02
1.174126830854137097e+03	2.558795401531171465e-01	1.554495795225755705e-01	2.535478326004094729e-01	1.531288606960579390e-01	7.380186324039761381e-02	3.069711930935753452e-02	7.749520447805861856e-02
1.175578161918233945e+03	2.556679381216273028e-01	1.553165140483500628e-01	2.536898206247656384e-01	1.532158374021693470e-01	7.383842900585045610e-02	3.072050211360865743e-02	7.755095868360253886e-02
1.177029492982330339e+03	2.554567018815517287e-01	1.551836786401399881e-01	2.538315478460958508e-01	1.533026651495488224e-01	7.387493353884690139e-02	3.074385433456829075e-02	7.760661860922245248e-02
1.178480824046426733e+03	2.552458307991640196e-01	1.550510728992038900e-01	2.539730147311895503e-01	1.533893442196145873e-01	7.391137694757082821e-02	3.076717599391144697e-02	7.766218440931965672e-02
1.179932155110523581e+03	2.550353242418408328e-01	1.549186964274953393e-01	2.541142217460030661e-01	1.534758748931327466e-01	7.394775933999776785e-02	3.079046711338855741e-02	7.771765623811562052e-02
1.181383486174620202e+03	2.548251815780601670e-01	1.547865488276615187e-01	2.542551693556608372e-01	1.535622574502195081e-01	7.398408082389545948e-02	3.081372771482492404e-02	7.777303424965149869e-02
1.182834817238716823e+03	2.546154021773991971e-01	1.546546297030421679e-01	2.543958580244571888e-01	1.536484921703432371e-01	7.402034150682422486e-02	3.083695782012015052e-02	7.782831859778764627e-02
1.184286148302813444e+03	2.544059854105324425e-01	1.545229386576683350e-01	2.545362882158581641e-01	1.537345793323267040e-01	7.405654149613746795e-02	3.086015745124760443e-02	7.788350943620310496e-02
1.185737479366910065e+03	2.541969306492298242e-01	1.543914752962611270e-01	2.546764603925024684e-01	1.538205192143492495e-01	7.409268089898218834e-02	3.088332663025385519e-02	7.793860691839518684e-02
1.187188810431006686e+03	2.539882372663546661e-01	1.542602392242303777e-01	2.548163750162036334e-01	1.539063120939487828e-01	7.412875982229936989e-02	3.090646537925811552e-02	7.799361119767896089e-02
1.188640141495103080e+03	2.537799046358619193e-01	1.541292300476735933e-01	2.549560325479512390e-01	1.539919582480240856e-01	7.416477837282452190e-02	3.092957372045171405e-02	7.804852242718680888e-02
1.190091472559199701e+03	2.535719321327961073e-01	1.539984473733746473e-01	2.550954334479127450e-01	1.540774579528368105e-01	7.420073665708806776e-02	3.095265167609753676e-02	7.810334075986799518e-02
1.191542803623296322e+03	2.533643191332893285e-01	1.538678908088025599e-01	2.552345781754347676e-01	1.541628114840136454e-01	7.423663478141588612e-02	3.097569926852948921e-02	7.815806634848820877e-02
1.192994134687392716e+03	2.531570650145595902e-01	1.537375599621103872e-01	2.553734671890448560e-01	1.542480191165483128e-01	7.427247285192971338e-02	3.099871652015196224e-02	7.821269934562909143e-02
1.194445465751489564e+03	2.529501691549086995e-01	1.536074544421338617e-01	2.555121009464527693e-01	1.543330811248038170e-01	7.430825097454757389e-02	3.102170345343929422e-02	7.826723990368786299e-02
1.195896796815585958e+03	2.527436309337203757e-01	1.534775738583902815e-01	2.556504799045524190e-01	1.544179977825144157e-01	7.434396925498432118e-02	3.104466009093522633e-02	7.832168817487686341e-02
1.197348127879682352e+03	2.525374497314583078e-01	1.533479178210772342e-01	2.557886045194230906e-01	1.545027693627876175e-01	7.437962779875206820e-02	3.106758645525238560e-02	7.837604431122315030e-02
1.198799458943779200e+03	2.523316249296643776e-01	1.532184859410714584e-01	2.559264752463311088e-01	1.545873961381064310e-01	7.441522671116057586e-02	3.109048256907175067e-02	7.843030846456808258e-02
1.200250790007875821e+03	2.521261559109567174e-01	1.530892778299276225e-01	2.560640925397313916e-01	1.546718783803311681e-01	7.445076609731778039e-02	3.111334845514212785e-02	7.848448078656694582e-02
1.201702121071972442e+03	2.519210420590277666e-01	1.529602930998770760e-01	2.562014568532688941e-01	1.547562163607016927e-01	7.448624606213022359e-02	3.113618413627961684e-02	7.853856142868852197e-02
1.203153452136069063e+03	2.517162827586423290e-01	1.528315313638267114e-01	2.563385686397802177e-01	1.548404103498392526e-01	7.452166671030352463e-02	3.115898963536710073e-02	7.859255054221470083e-02
1.204604783200165684e+03	2.515118773956357412e-01	1.527029922353577984e-01	2.564754283512949984e-01	1.549244606177486994e-01	7.455702814634275477e-02	3.118176497535372557e-02	7.864644827824013307e-02
1.206056114264262078e+03	2.513078253569120402e-01	1.525746753287246238e-01	2.566120364390375719e-01	1.550083674338203210e-01	7.459233047455296473e-02	3.120451017925437998e-02	7.870025478767184168e-02
1.207507445328358699e+03	2.511041260304420208e-01	1.524465802588535479e-01	2.567483933534286389e-01	1.550921310668319508e-01	7.462757379903960098e-02	3.122722527014918509e-02	7.875397022122883339e-02
1.208958776392455093e+03	2.509007788052614041e-01	1.523187066413415613e-01	2.568844995440863199e-01	1.551757517849508550e-01	7.466275822370897763e-02	3.124991027118298459e-02	7.880759472944173782e-02
1.210410107456551941e+03	2.506977830714687827e-01	1.521910540924552580e-01	2.570203554598279871e-01	1.552592298557357586e-01	7.469788385226865113e-02	3.127256520556482428e-02	7.886112846265250220e-02
1.211861438520648335e+03	2.504951382202240673e-01	1.520636222291296413e-01	2.571559615486718742e-01	1.553425655461388444e-01	7.473295078822791981e-02	3.129519009656746287e-02	7.891457157101400277e-02
1.213312769584745183e+03	2.502928436437462656e-01	1.519364106689668759e-01	2.572913182578382973e-01	1.554257591225076118e-01	7.476795913489826806e-02	3.131778496752685159e-02	7.896792420448967009e-02
1.214764100648841804e+03	2.500908987353118729e-01	1.518094190302352320e-01	2.574264260337512100e-01	1.555088108505869038e-01	7.480290899539379645e-02	3.134034984184164846e-02	7.902118651285321149e-02
1.216215431712937971e+03	2.498893028892529289e-01	1.516826469318676707e-01	2.575612853220397569e-01	1.555917209955208491e-01	7.483780047263163815e-02	3.136288474297269785e-02	7.907435864568827799e-02
1.217666762777034819e+03	2.496880555009550751e-01	1.515560939934608997e-01	2.576958965675399948e-01	1.556744898218547501e-01	7.487263366933241682e-02	3.138538969444256560e-02	7.912744075238810348e-02
1.219118093841131440e+03	2.494871559668558614e-01	1.514297598352741248e-01	2.578302602142959477e-01	1.557571175935369701e-01	7.490740868802069075e-02	3.140786471983499778e-02	7.918043298215519943e-02
1.220569424905228061e+03	2.492866036844427202e-01	1.513036440782278558e-01	2.579643767055613268e-01	1.558396045739209312e-01	7.494212563102536917e-02	3.143030984279449047e-02	7.923333548400107729e-02
1.222020755969324682e+03	2.490863980522512455e-01	1.511777463439027136e-01	2.580982464838009749e-01	1.559219510257669472e-01	7.497678460048017024e-02	3.145272508702573466e-02	7.928614840674588771e-02
1.223472087033421303e+03	2.488865384698633054e-01	1.510520662545383752e-01	2.582318699906925308e-01	1.560041572112441655e-01	7.501138569832400960e-02	3.147511047629316522e-02	7.933887189901817072e-02
1.224923418097517697e+03	2.486870243379051548e-01	1.509266034330322970e-01	2.583652476671273734e-01	1.560862233919323716e-01	7.504592902630149998e-02	3.149746603442048903e-02	7.939150610925452267e-02
1.226374749161614318e+03	2.484878550580456869e-01	1.508013575029384934e-01	2.584983799532127868e-01	1.561681498288239045e-01	7.508041468596331203e-02	3.151979178529016462e-02	7.944405118569933255e-02
1.227826080225710712e+03	2.482890300329945454e-01	1.506763280884666489e-01	2.586312672882728481e-01	1.562499367823255714e-01	7.511484277866661841e-02	3.154208775284293026e-02	7.949650727640451831e-02
1.229277411289807560e+03	2.480905486665002657e-01	1.505515148144806470e-01	2.587639101108502038e-01	1.563315845122604519e-01	7.514921340557559337e-02	3.156435396107736685e-02	7.954887452922919377e-02
1.230728742353903954e+03	2.478924103633484421e-01	1.504269173064975706e-01	2.588963088587074579e-01	1.564130932778697025e-01	7.518352666766173198e-02	3.158659043404937750e-02	7.960115309183943277e-02
1.232180073418000802e+03	2.476946145293599799e-01	1.503025351906865648e-01	2.590284639688286150e-01	1.564944633378144434e-01	7.521778266570434968e-02	3.160879719587171566e-02	7.965334311170804704e-02
1.233631404482097196e+03	2.474971605713892076e-01	1.501783680938676702e-01	2.591603758774205235e-01	1.565756949501775908e-01	7.525198150029097088e-02	3.163097427071353412e-02	7.970544473611423930e-02
1.235082735546193817e+03	2.473000478973221283e-01	1.500544156435105470e-01	2.592920450199142635e-01	1.566567883724657162e-01	7.528612327181777308e-02	3.165312168279990623e-02	7.975745811214342285e-02
1.236534066610290438e+03	2.471032759160745329e-01	1.499306774677334475e-01	2.594234718309668120e-01	1.567377438616107121e-01	7.532020808048997540e-02	3.167523945641136096e-02	7.980938338668691623e-02
1.237985397674387059e+03	2.469068440375901397e-01	1.498071531953021618e-01	2.595546567444622088e-01	1.568185616739717902e-01	7.535423602632231044e-02	3.169732761588342496e-02	7.986122070644176285e-02
1.239436728738483680e+03	2.467107516728388739e-01	1.496838424556286573e-01	2.596856001935132219e-01	1.568992420653370912e-01	7.538820720913941287e-02	3.171938618560614376e-02	7.991297021791042565e-02
1.240888059802580301e+03	2.465149982338150914e-01	1.495607448787700799e-01	2.598163026104625684e-01	1.569797852909255997e-01	7.542212172857622188e-02	3.174141519002362383e-02	7.996463206740062057e-02
1.242339390866676695e+03	2.463195831335356911e-01	1.494378600954276159e-01	2.599467644268845246e-01	1.570601916053888936e-01	7.545597968407843914e-02	3.176341465363360234e-02	8.001620640102503901e-02
1.243790721930773088e+03	2.461245057860383390e-01	1.493151877369452152e-01	2.600769860735864247e-01	1.571404612628128361e-01	7.548978117490291739e-02	3.178538460098695451e-02	8.006769336470118126e-02
1.245242052994869937e+03	2.459297656063797188e-01	1.491927274353086197e-01	2.602069679806097158e-01	1.572205945167194641e-01	7.552352630011806289e-02	3.180732505668725646e-02	8.011909310415105123e-02
1.246693384058966330e+03	2.457353620106336456e-01	1.490704788231441980e-01	2.603367105772317891e-01	1.573005916200686249e-01	7.555721515860427950e-02	3.182923604539033419e-02	8.017040576490103154e-02
1.248144715123063179e+03	2.455412944158894273e-01	1.489484415337177237e-01	2.604662142919671464e-01	1.573804528252597534e-01	7.559084784905435728e-02	3.185111759180382640e-02	8.022163149228164758e-02
1.249596046187159800e+03	2.453475622402498668e-01	1.488266152009333487e-01	2.605954795525689538e-01	1.574601783841336755e-01	7.562442446997388878e-02	3.187296972068672657e-02	8.027277043142737323e-02
1.251047377251256421e+03	2.451541649028297076e-01	1.487049994593324376e-01	2.607245067860303744e-01	1.575397685479742738e-01	7.565794511968171321e-02	3.189479245684891801e-02	8.032382272727640882e-02
1.252498708315352815e+03	2.449611018237536075e-01	1.485835939440924569e-01	2.608532964185860115e-01	1.576192235675102082e-01	7.569140989631026328e-02	3.191658582515076448e-02	8.037478852457050071e-02
1.253950039379449436e+03	2.447683724241546677e-01	1.484623982910257545e-01	2.609818488757132959e-01	1.576985436929166096e-01	7.572481889780600939e-02	3.193834985050265918e-02	8.042566796785477479e-02
1.255401370443546057e+03	2.445759761261723786e-01	1.483414121365786431e-01	2.611101645821339301e-01	1.577777291738168275e-01	7.575817222192988976e-02	3.196008455786457370e-02	8.047646120147756987e-02
1.256852701507642678e+03	2.443839123529509549e-01	1.482206351178300130e-01	2.612382439618152197e-01	1.578567802592840963e-01	7.579146996625764354e-02	3.198178997224562781e-02	8.052716836959020186e-02
1.258304032571739299e+03	2.441921805286376423e-01	1.481000668724904989e-01	2.613660874379715171e-01	1.579356971978433111e-01	7.582471222818028267e-02	3.200346611870366620e-02	8.057778961614682489e-02
1.259755363635835920e+03	2.440007800783808856e-01	1.479797070389012037e-01	2.614936954330656094e-01	1.580144802374724988e-01	7.585789910490446653e-02	3.202511302234482132e-02	8.062832508490429262e-02
1.261206694699932314e+03	2.438097104283284966e-01	1.478595552560325321e-01	2.616210683688100502e-01	1.580931296256047613e-01	7.589103069345293218e-02	3.204673070832308318e-02	8.067877491942192225e-02
1.262658025764028707e+03	2.436189710056260171e-01	1.477396111634832199e-01	2.617482066661687146e-01	1.581716456091297185e-01	7.592410709066482744e-02	3.206831920183984830e-02	8.072913926306145294e-02
1.264109356828125556e+03	2.434285612384149700e-01	1.476198744014791675e-01	2.618751107453579086e-01	1.582500284343952845e-01	7.595712839319616883e-02	3.208987852814355196e-02	8.077941825898675432e-02
1.265560687892221949e+03	2.432384805558308882e-01	1.475003446108723582e-01	2.620017810258480351e-01	1.583282783472092503e-01	7.599009469752024404e-02	3.211140871252918250e-02	8.082961205016377104e-02
1.267012018956318798e+03	2.430487283880019278e-01	1.473810214331396917e-01	2.621282179263648149e-01	1.584063955928410317e-01	7.602300609992800051e-02	3.213290978033788575e-02	8.087972077936037008e-02
1.268463350020415419e+03	2.428593041660468688e-01	1.472619045103819302e-01	2.622544218648907299e-01	1.584843804160231684e-01	7.605586269652837850e-02	3.215438175695655570e-02	8.092974458914620195e-02
1.269914681084511813e+03	2.426702073220734224e-01	1.471429934853225319e-01	2.623803932586661891e-01	1.585622330609530173e-01	7.608866458324881066e-02	3.217582466781740425e-02	8.097968362189249258e-02
1.271366012148608434e+03	2.424814372891764824e-01	1.470242880013067077e-01	2.625061325241912491e-01	1.586399537712943897e-01	7.612141185583555514e-02	3.219723853839753791e-02	8.102953801977198778e-02
1.272817343212705055e+03	2.422929935014364045e-01	1.469057877023002001e-01	2.626316400772266690e-01	1.587175427901791058e-01	7.615410460985409802e-02	3.221862339421857624e-02	8.107930792475885606e-02
1.274268674276801676e+03	2.421048753939173681e-01	1.467874922328881448e-01	2.627569163327955204e-01	1.587950003602086879e-01	7.618674294068952801e-02	3.223997926084620075e-02	8.112899347862848054e-02
1.275720005340898297e+03	2.419170824026655731e-01	1.466694012382741275e-01	2.628819617051842417e-01	1.588723267234558867e-01	7.621932694354696669e-02	3.226130616388975941e-02	8.117859482295738949e-02
1.277171336404994690e+03	2.417296139647074071e-01	1.465515143642790452e-01	2.630067766079443037e-01	1.589495221214662912e-01	7.625185671345192928e-02	3.228260412900188503e-02	8.122811209912311758e-02
1.278622667469091539e+03	2.415424695180479198e-01	1.464338312573398582e-01	2.631313614538934309e-01	1.590265867952599388e-01	7.628433234525071327e-02	3.230387318187804419e-02	8.127754544830415040e-02
1.280073998533187932e+03	2.413556485016688791e-01	1.463163515645087842e-01	2.632557166551168226e-01	1.591035209853328136e-01	7.631675393361081472e-02	3.232511334825618338e-02	8.132689501147975786e-02
1.281525329597284326e+03	2.411691503555273564e-01	1.461990749334519113e-01	2.633798426229688183e-01	1.591803249316585400e-01	7.634912157302127522e-02	3.234632465391628492e-02	8.137616092942991097e-02
1.282976660661381175e+03	2.409829745205536999e-01	1.460820010124484203e-01	2.635037397680739524e-01	1.592569988736897424e-01	7.638143535779311211e-02	3.236750712467998531e-02	8.142534334273519858e-02
1.284427991725477568e+03	2.407971204386500641e-01	1.459651294503892527e-01	2.636274085003282863e-01	1.593335430503598771e-01	7.641369538205967926e-02	3.238866078641018664e-02	8.147444239177674408e-02
1.285879322789574417e+03	2.406115875526885772e-01	1.458484598967761670e-01	2.637508492289010187e-01	1.594099577000845647e-01	7.644590173977698633e-02	3.240978566501064029e-02	8.152345821673608051e-02
1.287330653853671038e+03	2.404263753065096210e-01	1.457319920017206560e-01	2.638740623622356507e-01	1.594862430607631998e-01	7.647805452472421217e-02	3.243088178642557912e-02	8.157239095759509506e-02
1.288781984917767431e+03	2.402414831449201926e-01	1.456157254159428927e-01	2.639970483080512076e-01	1.595623993697804777e-01	7.651015383050399632e-02	3.245194917663930118e-02	8.162124075413593194e-02
1.290233315981864052e+03	2.400569105136922399e-01	1.454996597907705080e-01	2.641198074733437928e-01	1.596384268640079485e-01	7.654219975054285530e-02	3.247298786167578805e-02	8.167000774594092294e-02
