1.001418434226643626e+03	2.838643820037397014e-01	1.730477443800161608e-01	2.346470557099919751e-01	1.416292636045585751e-01	6.897895131408890435e-02	2.769251416646011793e-02	7.014008882112000853e-02
1.003837319333471214e+03	2.834313118943470600e-01	1.727753992818498174e-01	2.349412272529611823e-01	1.418073594576119145e-01	6.905339339556701428e-02	2.773774875952365188e-02	7.025355995811478904e-02
1.006256204440298802e+03	2.829994894440006625e-01	1.725038389815215789e-01	2.352345032099609212e-01	1.419849341966731293e-01	6.912762534577311657e-02	2.778289323518563780e-02	7.036671558686038996e-02
1.008675089547126618e+03	2.825689110477785926e-01	1.722330612100439751e-01	2.355268862548421938e-01	1.421619895696150104e-01	6.920164779654358611e-02	2.782794763051869152e-02	7.047955649063337991e-02
1.011093974653954206e+03	2.821395731112523730e-01	1.719630637050486299e-01	2.358183790533268098e-01	1.423385273165176101e-01	6.927546137759182932e-02	2.787291198385704813e-02	7.059208345238116022e-02
1.013512859760782021e+03	2.817114720504555470e-01	1.716938442107662499e-01	2.361089842630357538e-01	1.425145491697213107e-01	6.934906671651712429e-02	2.791778633478413443e-02	7.070429725469533355e-02
1.015931744867609382e+03	2.812846042918525358e-01	1.714254004780069451e-01	2.363987045335174675e-01	1.426900568538793934e-01	6.942246443881333606e-02	2.796257072412023162e-02	7.081619867978548866e-02
1.018350629974437197e+03	2.808589662723076641e-01	1.711577302641403564e-01	2.366875425062760219e-01	1.428650520860100526e-01	6.949565516787767350e-02	2.800726519391024544e-02	7.092778850945345714e-02
1.020769515081264785e+03	2.804345544390538514e-01	1.708908313330759488e-01	2.369755008147990116e-01	1.430395365755479098e-01	6.956863952501927961e-02	2.805186978741155621e-02	7.103906752506791711e-02
1.023188400188092373e+03	2.800113652496622474e-01	1.706247014552433883e-01	2.372625820845853384e-01	1.432135120243951398e-01	6.964141812946789134e-02	2.809638454908196595e-02	7.115003650753953801e-02
1.025607285294920075e+03	2.795893951720108683e-01	1.703593384075730299e-01	2.375487889331730218e-01	1.433869801269719579e-01	6.971399159838233273e-02	2.814080952456774268e-02	7.126069623729655578e-02
1.028026170401747549e+03	2.791686406842542878e-01	1.700947399734763499e-01	2.378341239701666776e-01	1.435599425702666909e-01	6.978636054685910528e-02	2.818514476069174102e-02	7.137104749426062544e-02
1.030445055508575479e+03	2.787490982747929391e-01	1.698309039428265166e-01	2.381185897972648846e-01	1.437324010338854596e-01	6.985852558794077016e-02	2.822939030544163383e-02	7.148109105782327055e-02
1.032863940615402726e+03	2.783307644422428062e-01	1.695678281119389896e-01	2.384021890082873851e-01	1.439043571901011953e-01	6.993048733262435812e-02	2.827354620795820631e-02	7.159082770682265173e-02
1.035282825722230655e+03	2.779136356954043929e-01	1.693055102835521464e-01	2.386849241892023965e-01	1.440758127039023229e-01	7.000224638986977943e-02	2.831761251852376454e-02	7.170025821952073775e-02
1.037701710829058356e+03	2.774977085532333576e-01	1.690439482668083526e-01	2.389667979181532842e-01	1.442467692330409723e-01	7.007380336660809506e-02	2.836158928855063086e-02	7.180938337358087897e-02
1.040120595935886058e+03	2.770829795448095378e-01	1.687831398772343394e-01	2.392478127654856512e-01	1.444172284280806906e-01	7.014515886774982945e-02	2.840547657056969461e-02	7.191820394604581113e-02
1.042539481042713533e+03	2.766694452093073076e-01	1.685230829367223848e-01	2.395279712937739280e-01	1.445871919324437649e-01	7.021631349619311679e-02	2.844927441821909833e-02	7.202672071331600590e-02
1.044958366149541234e+03	2.762571020959652679e-01	1.682637752735111625e-01	2.398072760578479068e-01	1.447566613824579629e-01	7.028726785283195833e-02	2.849298288623297593e-02	7.213493445112839630e-02
1.047377251256368709e+03	2.758459467640566043e-01	1.680052147221666459e-01	2.400857296048191925e-01	1.449256384074029957e-01	7.035802253656431304e-02	2.853660203043028101e-02	7.224284593453556003e-02
1.049796136363196410e+03	2.754359757828591659e-01	1.677473991235633732e-01	2.403633344741074873e-01	1.450941246295565368e-01	7.042857814430017460e-02	2.858013190770370554e-02	7.235045593788516638e-02
1.052215021470024112e+03	2.750271857316256563e-01	1.674903263248654073e-01	2.406400931974667368e-01	1.452621216642396018e-01	7.049893527096962043e-02	2.862357257600869551e-02	7.245776523479985354e-02
1.054633906576851814e+03	2.746195731995540457e-01	1.672339941795076002e-01	2.409160082990112473e-01	1.454296311198617353e-01	7.056909450953081919e-02	2.866692409435253261e-02	7.256477459815745268e-02
1.057052791683679516e+03	2.742131347857583168e-01	1.669784005471769139e-01	2.411910822952414712e-01	1.455966545979656690e-01	7.063905645097795505e-02	2.871018652278349570e-02	7.267148480007155908e-02
1.059471676790506763e+03	2.738078670992385999e-01	1.667235432937935191e-01	2.414653176950698199e-01	1.457631936932716477e-01	7.070882168434916570e-02	2.875335992238013325e-02	7.277789661187249182e-02
1.061890561897334692e+03	2.734037667588520848e-01	1.664694202914923371e-01	2.417387169998463092e-01	1.459292499937211163e-01	7.077839079673436951e-02	2.879644435524057744e-02	7.288401080408855870e-02
1.064309447004162394e+03	2.730008303932837666e-01	1.662160294186044995e-01	2.420112827033840119e-01	1.460948250805202964e-01	7.084776437328310639e-02	2.883943988447197973e-02	7.298982814642765438e-02
1.066728332110990095e+03	2.725990546410172466e-01	1.659633685596387798e-01	2.422830172919845926e-01	1.462599205281831516e-01	7.091694299721230943e-02	2.888234657417999840e-02	7.309534940775920531e-02
1.069147217217817570e+03	2.721984361503056449e-01	1.657114356052631632e-01	2.425539232444633708e-01	1.464245379045741313e-01	7.098592724981407642e-02	2.892516448945838675e-02	7.320057535609653110e-02
1.071566102324645271e+03	2.717989715791426231e-01	1.654602284522863342e-01	2.428240030321746901e-01	1.465886787709502204e-01	7.105471771046328877e-02	2.896789369637863681e-02	7.330550675857941401e-02
1.073984987431472746e+03	2.714006575952337408e-01	1.652097450036396908e-01	2.430932591190367587e-01	1.467523446820030164e-01	7.112331495662529979e-02	2.901053426197972712e-02	7.341014438145700149e-02
1.076403872538300675e+03	2.710034908759672567e-01	1.649599831683586648e-01	2.433616939615566022e-01	1.469155371859000025e-01	7.119171956386358135e-02	2.905308625425794683e-02	7.351448899007113902e-02
1.078822757645127922e+03	2.706074681083857625e-01	1.647109408615648474e-01	2.436293100088548769e-01	1.470782578243257921e-01	7.125993210584721793e-02	2.909554974215677187e-02	7.361854134883988321e-02
1.081241642751955851e+03	2.702125859891575943e-01	1.644626160044476704e-01	2.438961097026904334e-01	1.472405081325227072e-01	7.132795315435848382e-02	2.913792479555685211e-02	7.372230222124137589e-02
1.083660527858783553e+03	2.698188412245480783e-01	1.642150065242463097e-01	2.441620954774849916e-01	1.474022896393312188e-01	7.139578327930032331e-02	2.918021148526605754e-02	7.382577236979810664e-02
1.086079412965611255e+03	2.694262305303912752e-01	1.639681103542318108e-01	2.444272697603474820e-01	1.475636038672298589e-01	7.146342304870377526e-02	2.922240988300959380e-02	7.392895255606128646e-02
1.088498298072438729e+03	2.690347506320616144e-01	1.637219254336889362e-01	2.446916349710983318e-01	1.477244523323748560e-01	7.153087302873542552e-02	2.926452006142021833e-02	7.403184354059570704e-02
1.090917183179266431e+03	2.686443982644456940e-01	1.634764497078983747e-01	2.449551935222936960e-01	1.478848365446393254e-01	7.159813378370469272e-02	2.930654209402850513e-02	7.413444608296479443e-02
1.093336068286093905e+03	2.682551701719140258e-01	1.632316811281188107e-01	2.452179478192495210e-01	1.480447580076522940e-01	7.166520587607122517e-02	2.934847605525320660e-02	7.423676094171594020e-02
1.095754953392921607e+03	2.678670631082931686e-01	1.629876176515691888e-01	2.454799002600655811e-01	1.482042182188370583e-01	7.173208986645218666e-02	2.939032202039167097e-02	7.433878887436617955e-02
1.098173838499749309e+03	2.674800738368374731e-01	1.627442572414110333e-01	2.457410532356491539e-01	1.483632186694494870e-01	7.179878631362943131e-02	2.943208006561034984e-02	7.444053063738810538e-02
1.100592723606577010e+03	2.670941991302014373e-01	1.625015978667305183e-01	2.460014091297389460e-01	1.485217608446158799e-01	7.186529577455683104e-02	2.947375026793536482e-02	7.454198698619607377e-02
1.103011608713404712e+03	2.667094357704116736e-01	1.622596375025211479e-01	2.462609703189285737e-01	1.486798462233704377e-01	7.193161880436735323e-02	2.951533270524315383e-02	7.464315867513264535e-02
1.105430493820231959e+03	2.663257805488395968e-01	1.620183741296659929e-01	2.465197391726902387e-01	1.488374762786923711e-01	7.199775595638022163e-02	2.955682745625119040e-02	7.474404645745535980e-02
1.107849378927059888e+03	2.659432302661733916e-01	1.617778057349202325e-01	2.467777180533979597e-01	1.489946524775428438e-01	7.206370778210802186e-02	2.959823460050877222e-02	7.484465108532374622e-02
1.110268264033887590e+03	2.655617817323905894e-01	1.615379303108937237e-01	2.470349093163510534e-01	1.491513762809013877e-01	7.212947483126376513e-02	2.963955421838788615e-02	7.494497330978654170e-02
1.112687149140715292e+03	2.651814317667308130e-01	1.612987458560335430e-01	2.472913153097971717e-01	1.493076491438022069e-01	7.219505765176789658e-02	2.968078639107412514e-02	7.504501388076922908e-02
1.115106034247542766e+03	2.648021771976681316e-01	1.610602503746067227e-01	2.475469383749553942e-01	1.494634725153698718e-01	7.226045678975528963e-02	2.972193120055771631e-02	7.514477354706183831e-02
1.117524919354370468e+03	2.644240148628839160e-01	1.608224418766828478e-01	2.478017808460394600e-01	1.496188478388550402e-01	7.232567278958217105e-02	2.976298872962456279e-02	7.524425305630694227e-02
1.119943804461197942e+03	2.640469416092397492e-01	1.605853183781170146e-01	2.480558450502803047e-01	1.497737765516695130e-01	7.239070619383307370e-02	2.980395906184740012e-02	7.534345315498790219e-02
1.122362689568025871e+03	2.636709542927500038e-01	1.603488779005324272e-01	2.483091333079490426e-01	1.499282600854212888e-01	7.245555754332769216e-02	2.984484228157699773e-02	7.544237458841744626e-02
1.124781574674853118e+03	2.632960497785552523e-01	1.601131184713034394e-01	2.485616479323795869e-01	1.500822998659490648e-01	7.252022737712773837e-02	2.988563847393345060e-02	7.554101810072634537e-02
1.127200459781681047e+03	2.629222249408950107e-01	1.598780381235384018e-01	2.488133912299912709e-01	1.502358973133565700e-01	7.258471623254370009e-02	2.992634772479749530e-02	7.563938443485244967e-02
1.129619344888508749e+03	2.625494766630809274e-01	1.596436348960626472e-01	2.490643655003111911e-01	1.503890538420466216e-01	7.264902464514166880e-02	2.996697012080194733e-02	7.573747433252984995e-02
1.132038229995336451e+03	2.621778018374701369e-01	1.594099068334016434e-01	2.493145730359966894e-01	1.505417708607547922e-01	7.271315314875002878e-02	3.000750574932316977e-02	7.583528853427838612e-02
1.134457115102163925e+03	2.618071973654383933e-01	1.591768519857639230e-01	2.495640161228575571e-01	1.506940497725827999e-01	7.277710227546620170e-02	3.004795469847261827e-02	7.593282777939328043e-02
1.136876000208991627e+03	2.614376601573537573e-01	1.589444684090243476e-01	2.498126970398782398e-01	1.508458919750316485e-01	7.284087255566329411e-02	3.008831705708845186e-02	7.603009280593503449e-02
1.139294885315819101e+03	2.610691871325496738e-01	1.587127541647072593e-01	2.500606180592399030e-01	1.509972988600344623e-01	7.290446451799670324e-02	3.012859291472719941e-02	7.612708435071952051e-02
1.141713770422646803e+03	2.607017752192989368e-01	1.584817073199697723e-01	2.503077814463424700e-01	1.511482718139890158e-01	7.296787868941076449e-02	3.016878236165551966e-02	7.622380314930833622e-02
1.144132655529474505e+03	2.603354213547870444e-01	1.582513259475850087e-01	2.505541894598263264e-01	1.512988122177899852e-01	7.303111559514526008e-02	3.020888548884198554e-02	7.632024993599932638e-02
1.146551540636302207e+03	2.599701224850859416e-01	1.580216081259255556e-01	2.507998443515941922e-01	1.514489214468609790e-01	7.309417575874199713e-02	3.024890238794896227e-02	7.641642544381734015e-02
1.148970425743129908e+03	2.596058755651280969e-01	1.577925519389468401e-01	2.510447483668328816e-01	1.515986008711861510e-01	7.315705970205128861e-02	3.028883315132453735e-02	7.651233040450519662e-02
1.151389310849957155e+03	2.592426775586801901e-01	1.575641554761705310e-01	2.512889037440348416e-01	1.517478518553417866e-01	7.321976794523839260e-02	3.032867787199452006e-02	7.660796554851477536e-02
1.153808195956785084e+03	2.588805254383170218e-01	1.573364168326681356e-01	2.515323127150195237e-01	1.518966757585273331e-01	7.328230100678997938e-02	3.036843664365448600e-02	7.670333160499846759e-02
1.156227081063612786e+03	2.585194161853957562e-01	1.571093341090445961e-01	2.517749775049550887e-01	1.520450739345963476e-01	7.334465940352054292e-02	3.040810956066190840e-02	7.679842930180068306e-02
1.158645966170440488e+03	2.581593467900298311e-01	1.568829054114218302e-01	2.520169003323793344e-01	1.521930477320871666e-01	7.340684365057872918e-02	3.044769671802833796e-02	7.689325936544957885e-02
1.161064851277267962e+03	2.578003142510633672e-01	1.566571288514224669e-01	2.522580834092213453e-01	1.523405984942532154e-01	7.346885426145366438e-02	3.048719821141163133e-02	7.698782252114903801e-02
1.163483736384095664e+03	2.574423155760454107e-01	1.564320025461535257e-01	2.524985289408221978e-01	1.524877275590932058e-01	7.353069174798132490e-02	3.052661413710827318e-02	7.708211949277078701e-02
1.165902621490923138e+03	2.570853477812041210e-01	1.562075246181902355e-01	2.527382391259563321e-01	1.526344362593809456e-01	7.359235662035071290e-02	3.056594459204572609e-02	7.717615100284670737e-02
1.168321506597751068e+03	2.567294078914215683e-01	1.559836931955598249e-01	2.529772161568522026e-01	1.527807259226948711e-01	7.365384938711018459e-02	3.060518967377486368e-02	7.726991777256132787e-02
1.170740391704578315e+03	2.563744929402079209e-01	1.557605064117253968e-01	2.532154622192134830e-01	1.529265978714475505e-01	7.371517055517359807e-02	3.064434948046243501e-02	7.736342052174451089e-02
1.173159276811406244e+03	2.560205999696762991e-01	1.555379624055699683e-01	2.534529794922394386e-01	1.530720534229146890e-01	7.377632062982653061e-02	3.068342411088361907e-02	7.745665996886434701e-02
1.175578161918233945e+03	2.556677260305174060e-01	1.553160593213802620e-01	2.536897701486459655e-01	1.532170938892640777e-01	7.383730011473241261e-02	3.072241366441463145e-02	7.754963683102011895e-02
1.177997047025061647e+03	2.553158681819741593e-01	1.550947953088309128e-01	2.539258363546860742e-01	1.533617205775841263e-01	7.389810951193864774e-02	3.076131824102536563e-02	7.764235182393555701e-02
1.180415932131889122e+03	2.549650234918167113e-01	1.548741685229684528e-01	2.541611802701703171e-01	1.535059347899123405e-01	7.395874932188266360e-02	3.080013794127211407e-02	7.773480566195221930e-02
1.182834817238716823e+03	2.546151890363173020e-01	1.546541771241954910e-01	2.543958040484872174e-01	1.536497378232634103e-01	7.401922004339801797e-02	3.083887286629035523e-02	7.782699905802299700e-02
1.185253702345544298e+03	2.542663619002252240e-01	1.544348192782548090e-01	2.546297098366237521e-01	1.537931309696570770e-01	7.407952217372042181e-02	3.087752311778756142e-02	7.791893272370584156e-02
1.187672587452371999e+03	2.539185391767419531e-01	1.542160931562137627e-01	2.548628997751856140e-01	1.539361155161459715e-01	7.413965620849369276e-02	3.091608879803610030e-02	7.801060736915764460e-02
1.190091472559199701e+03	2.535717179674961685e-01	1.539979969344483224e-01	2.550953759984169733e-01	1.540786927448429267e-01	7.419962264177579203e-02	3.095457000986617108e-02	7.810202370312828435e-02
1.192510357666027403e+03	2.532258953825193282e-01	1.537805287946276689e-01	2.553271406342211280e-01	1.542208639329482045e-01	7.425942196604468082e-02	3.099296685665880319e-02	7.819318243295478310e-02
1.194929242772855105e+03	2.528810685402205216e-01	1.535636869236983171e-01	2.555581958041803214e-01	1.543626303527766419e-01	7.431905467220428774e-02	3.103127944233891045e-02	7.828408426455565894e-02
1.197348127879682352e+03	2.525372345673622121e-01	1.533474695138687116e-01	2.557885436235752818e-01	1.545039932717842124e-01	7.437852124959036526e-02	3.106950787136840073e-02	7.837472990242545789e-02
1.199767012986510281e+03	2.521943905990354229e-01	1.531318747625936838e-01	2.560181862014056509e-01	1.546449539525948103e-01	7.443782218597636002e-02	3.110765224873934115e-02	7.846512004962938325e-02
1.202185898093337983e+03	2.518525337786354790e-01	1.529169008725588530e-01	2.562471256404094122e-01	1.547855136530263964e-01	7.449695796757921373e-02	3.114571267996717532e-02	7.855525540779809135e-02
1.204604783200165684e+03	2.515116612578375266e-01	1.527025460516653610e-01	2.564753640370826537e-01	1.549256736261172829e-01	7.455592907906517797e-02	3.118368927108398220e-02	7.864513667712261236e-02
1.207023668306993159e+03	2.511717701965722194e-01	1.524888085130144399e-01	2.567029034816991073e-01	1.550654351201519177e-01	7.461473600355554570e-02	3.122158212863181473e-02	7.873476455634950688e-02
1.209442553413820860e+03	2.508328577630015155e-01	1.522756864748920080e-01	2.569297460583297443e-01	1.552047993786867253e-01	7.467337922263245220e-02	3.125939135965606630e-02	7.882413974277606428e-02
1.211861438520648335e+03	2.504949211334944748e-01	1.520631781607534871e-01	2.571558938448621490e-01	1.553437676405754475e-01	7.473185921634452333e-02	3.129711707169891693e-02	7.891326293224561195e-02
1.214280323627476264e+03	2.501579574926031113e-01	1.518512817992084540e-01	2.573813489130198362e-01	1.554823411399945676e-01	7.479017646321259316e-02	3.133475937279279339e-02	7.900213481914315772e-02
1.216699208734303511e+03	2.498219640330384961e-01	1.516399956240055968e-01	2.576061133283818472e-01	1.556205211064683180e-01	7.484833144023536611e-02	3.137231837145391250e-02	7.909075609639093507e-02
1.219118093841131440e+03	2.494869379556467481e-01	1.514293178740174495e-01	2.578301891504016230e-01	1.557583087648936049e-01	7.490632462289499582e-02	3.140979417667587315e-02	7.917912745544421205e-02
1.221536978947959142e+03	2.491528764693851095e-01	1.512192467932253204e-01	2.580535784324261561e-01	1.558957053355646272e-01	7.496415648516276120e-02	3.144718689792328631e-02	7.926724958628721118e-02
1.223955864054786844e+03	2.488197767912982417e-01	1.510097806307042767e-01	2.582762832217153082e-01	1.560327120341974405e-01	7.502182749950460361e-02	3.148449664512546070e-02	7.935512317742914046e-02
1.226374749161614318e+03	2.484876361464944394e-01	1.508009176406081842e-01	2.584983055594604617e-01	1.561693300719542987e-01	7.507933813688666413e-02	3.152172352867015082e-02	7.944274891590036303e-02
1.228793634268442020e+03	2.481564517681219550e-01	1.505926560821546356e-01	2.587196474808036162e-01	1.563055606554675236e-01	7.513668886678080694e-02	3.155886765939731886e-02	7.953012748724870573e-02
1.231212519375269494e+03	2.478262208973454894e-01	1.503849942196101297e-01	2.589403110148561504e-01	1.564414049868637080e-01	7.519388015717015650e-02	3.159592914859299384e-02	7.961725957553586475e-02
1.233631404482097196e+03	2.474969407833226831e-01	1.501779303222752493e-01	2.591602981847178078e-01	1.565768642637871688e-01	7.525091247455453769e-02	3.163290810798315839e-02	7.970414586333397777e-02
1.236050289588924898e+03	2.471686086831805518e-01	1.499714626644696736e-01	2.593796110074949035e-01	1.567119396794236785e-01	7.530778628395588814e-02	3.166980464972768416e-02	7.979078703172222398e-02
1.238469174695752372e+03	2.468412218619923104e-01	1.497655895255175784e-01	2.595982514943193098e-01	1.568466324225236408e-01	7.536450204892375382e-02	3.170661888641429504e-02	7.987718376028367373e-02
1.240888059802580301e+03	2.465147775927538920e-01	1.495603091897328152e-01	2.598162216503670519e-01	1.569809436774254607e-01	7.542106023154060424e-02	3.174335093105262739e-02	7.996333672710212448e-02
1.243306944909407548e+03	2.461892731563608827e-01	1.493556199464042833e-01	2.600335234748764046e-01	1.571148746240782490e-01	7.547746129242724478e-02	3.178000089706827652e-02	8.004924660875917253e-02
1.245725830016235477e+03	2.458647058415852071e-01	1.491515200897813587e-01	2.602501589611666555e-01	1.572484264380649144e-01	7.553370569074815966e-02	3.181656889829696799e-02	8.013491408033129870e-02
1.248144715123063179e+03	2.455410729450522023e-01	1.489480079190591000e-01	2.604661300966561455e-01	1.573816002906245071e-01	7.558979388421679935e-02	3.185305504897869427e-02	8.022033981538709280e-02
1.250563600229890881e+03	2.452183717712174693e-01	1.487450817383638990e-01	2.606814388628806989e-01	1.575143973486749227e-01	7.564572632910090966e-02	3.188945946375196933e-02	8.030552448598463067e-02
1.252982485336718355e+03	2.448965996323440864e-01	1.485427398567389645e-01	2.608960872355118310e-01	1.576468187748349403e-01	7.570150348022777753e-02	3.192578225764804850e-02	8.039046876266893460e-02
1.255401370443546057e+03	2.445757538484795712e-01	1.483409805881296950e-01	2.611100771843745116e-01	1.577788657274465378e-01	7.575712579098944910e-02	3.196202354608530111e-02	8.047517331446948918e-02
1.257820255550373531e+03	2.442558317474331775e-01	1.481398022513694679e-01	2.613234106734657614e-01	1.579105393605965968e-01	7.581259371334800323e-02	3.199818344486352051e-02	8.055963880889793760e-02
1.260239140657201460e+03	2.439368306647531626e-01	1.479392031701652066e-01	2.615360896609723040e-01	1.580418408241388295e-01	7.586790769784074184e-02	3.203426207015837995e-02	8.064386591194584730e-02
1.262658025764028707e+03	2.436187479437040282e-01	1.477391816730830310e-01	2.617481160992883304e-01	1.581727712637153449e-01	7.592306819358528303e-02	3.207025953851581901e-02	8.072785528808258670e-02
1.265076910870856636e+03	2.433015809352440662e-01	1.475397360935340185e-01	2.619594919350335949e-01	1.583033318207780205e-01	7.597807564828479299e-02	3.210617596684661040e-02	8.081160760025324352e-02
1.267495795977684338e+03	2.429853269980027652e-01	1.473408647697599383e-01	2.621702191090711231e-01	1.584335236326098184e-01	7.603293050823307919e-02	3.214201147242084361e-02	8.089512350987676514e-02
1.269914681084511813e+03	2.426699834982582737e-01	1.471425660448191231e-01	2.623802995565249208e-01	1.585633478323457968e-01	7.608763321831968351e-02	3.217776617286255414e-02	8.097840367684405738e-02
1.272333566191339514e+03	2.423555478099151117e-01	1.469448382665722030e-01	2.625897352067974033e-01	1.586928055489941480e-01	7.614218422203494763e-02	3.221344018614429039e-02	8.106144875951626361e-02
1.274752451298167216e+03	2.420420173144818554e-01	1.467476797876681449e-01	2.627985279835872712e-01	1.588218979074569881e-01	7.619658396147512003e-02	3.224903363058186784e-02	8.114425941472315496e-02
1.277171336404994690e+03	2.417293894010488220e-01	1.465510889655301241e-01	2.630066798049068288e-01	1.589506260285508399e-01	7.625083287734729653e-02	3.228454662482901916e-02	8.122683629776150660e-02
1.279590221511822392e+03	2.414176614662658371e-01	1.463550641623414805e-01	2.632141925830994711e-01	1.590789910290272557e-01	7.630493140897448567e-02	3.231997928787217617e-02	8.130918006239369611e-02
1.282009106618650094e+03	2.411068309143203081e-01	1.461596037450318131e-01	2.634210682248570023e-01	1.592069940215930790e-01	7.635887999430060469e-02	3.235533173902529341e-02	8.139129136084626015e-02
1.284427991725477568e+03	2.407968951569149640e-01	1.459647060852629907e-01	2.636273086312371783e-01	1.593346361149305945e-01	7.641267906989537839e-02	3.239060409792464401e-02	8.147317084380867325e-02
1.286846876832305497e+03	2.404878516132459565e-01	1.457703695594153026e-01	2.638329156976804701e-01	1.594619184137175127e-01	7.646632907095933518e-02	3.242579648452373342e-02	8.155481916043211266e-02
1.289265761939132744e+03	2.401796977099809605e-01	1.455765925485736079e-01	2.640378913140277173e-01	1.595888420186468981e-01	7.651983043132867812e-02	3.246090901908824100e-02	8.163623695832833427e-02
1.291684647045960673e+03	2.398724308812373307e-01	1.453833734385135412e-01	2.642422373645370026e-01	1.597154080264468201e-01	7.657318358348021159e-02	3.249594182219094768e-02	8.171742488356863177e-02
1.294103532152788375e+03	2.395660485685601748e-01	1.451907106196877184e-01	2.644459557279007500e-01	1.598416175298999764e-01	7.662638895853619847e-02	3.253089501470678158e-02	8.179838358068294846e-02
1.296522417259616077e+03	2.392605482209008150e-01	1.449986024872120249e-01	2.646490482772627106e-01	1.599674716178630385e-01	7.667944698626921740e-02	3.256576871780785670e-02	8.187911369265893358e-02
1.298941302366443551e+03	2.389559272945949719e-01	1.448070474408519603e-01	2.648515168802348940e-01	1.600929713752859973e-01	7.673235809510697836e-02	3.260056305295858103e-02	8.195961586094117901e-02
1.301360187473271253e+03	2.386521832533413656e-01	1.446160438850090102e-01	2.650533633989144988e-01	1.602181178832312869e-01	7.678512271213711049e-02	3.263527814191075072e-02	8.203989072543051153e-02
1.303779072580098727e+03	2.383493135681800101e-01	1.444255902287070459e-01	2.652545896899005662e-01	1.603429122188927691e-01	7.683774126311199160e-02	3.266991410669874835e-02	8.211993892448335441e-02
1.306197957686926657e+03	2.380473157174708143e-01	1.442356848855787521e-01	2.654551976043108552e-01	1.604673554556145798e-01	7.689021417245345269e-02	3.270447106963475514e-02	8.219976109491118621e-02
1.308616842793753904e+03	2.377461871868722654e-01	1.440463262738521377e-01	2.656551889877985517e-01	1.605914486629098636e-01	7.694254186325756584e-02	3.273894915330399780e-02	8.227935787198002726e-02
1.311035727900581833e+03	2.374459254693199184e-01	1.438575128163370465e-01	2.658545656805685886e-01	1.607151929064793427e-01	7.699472475729934873e-02	3.277334848056003003e-02	8.235872988941006501e-02
1.313454613007409534e+03	2.371465280650053020e-01	1.436692429404117510e-01	2.660533295173946877e-01	1.608385892482298019e-01	7.704676327503744149e-02	3.280766917452006964e-02	8.243787777937526540e-02
1.315873498114237009e+03	2.368479924813547133e-01	1.434815150780096304e-01	2.662514823276353471e-01	1.609616387462923237e-01	7.709865783561882513e-02	3.284191135856037030e-02	8.251680217250313698e-02
1.318292383221064711e+03	2.365503162330078735e-01	1.432943276656056253e-01	2.664490259352506607e-01	1.610843424550405800e-01	7.715040885688344285e-02	3.287607515631162103e-02	8.259550369787453661e-02
1.320711268327892412e+03	2.362534968417971115e-01	1.431076791442031648e-01	2.666459621588185280e-01	1.612067014251087615e-01	7.720201675536882135e-02	3.291016069165439428e-02	8.267398298302355841e-02
1.323130153434719887e+03	2.359575318367261587e-01	1.429215679593207333e-01	2.668422928115510850e-01	1.613287167034095360e-01	7.725348194631474763e-02	3.294416808871461488e-02	8.275224065393743667e-02
1.325549038541547588e+03	2.356624187539493875e-01	1.427359925609787417e-01	2.670380197013108026e-01	1.614503893331519502e-01	7.730480484366780702e-02	3.297809747185909829e-02	8.283027733505654577e-02
1.327967923648375290e+03	2.353681551367506897e-01	1.425509514036863434e-01	2.672331446306268066e-01	1.615717203538588886e-01	7.735598586008600452e-02	3.301194896569108889e-02	8.290809364927451131e-02
1.330386808755202765e+03	2.350747385355229091e-01	1.423664429464281678e-01	2.674276693967110319e-01	1.616927108013847536e-01	7.740702540694321954e-02	3.304572269504586768e-02	8.298569021793832101e-02
1.332805693862030694e+03	2.347821665077468589e-01	1.421824656526513575e-01	2.676215957914743759e-01	1.618133617079328679e-01	7.745792389433386882e-02	3.307941878498638077e-02	8.306306766084853299e-02
1.335224578968857941e+03	2.344904366179708100e-01	1.419990179902524963e-01	2.678149256015424085e-01	1.619336741020727666e-01	7.750868173107736125e-02	3.311303736079888871e-02	8.314022659625953937e-02
1.337643464075685870e+03	2.341995464377896741e-01	1.418160984315645079e-01	2.680076606082717472e-01	1.620536490087572667e-01	7.755929932472256649e-02	3.314657854798869208e-02	8.321716764087988549e-02
1.340062349182513572e+03	2.339094935458245483e-01	1.416337054533436390e-01	2.681998025877657121e-01	1.621732874493396204e-01	7.760977708155233912e-02	3.318004247227585024e-02	8.329389140987261686e-02
1.342481234289341273e+03	2.336202755277022314e-01	1.414518375367566361e-01	2.683913533108903682e-01	1.622925904415903897e-01	7.766011540658790402e-02	3.321342925959098330e-02	8.337039851685580649e-02
1.344900119396168748e+03	2.333318899760347120e-01	1.412704931673677833e-01	2.685823145432902348e-01	1.624115589997142672e-01	7.771031470359336668e-02	3.324673903607103936e-02	8.344668957390294350e-02
1.347319004502996449e+03	2.330443344903987135e-01	1.410896708351260798e-01	2.687726880454039402e-01	1.625301941343667567e-01	7.776037537508008468e-02	3.327997192805518673e-02	8.352276519154358536e-02
1.349737889609823924e+03	2.327576066773155705e-01	1.409093690343521943e-01	2.689624755724801530e-01	1.626484968526707708e-01	7.781029782231109471e-02	3.331312806208062971e-02	8.359862597876394075e-02
1.352156774716651853e+03	2.324717041502307457e-01	1.407295862637260586e-01	2.691516788745929589e-01	1.627664681582330630e-01	7.786008244530545630e-02	3.334620756487860493e-02	8.367427254300749406e-02
1.354575659823479100e+03	2.321866245294937348e-01	1.405503210262737390e-01	2.693402996966576257e-01	1.628841090511605472e-01	7.790972964284262336e-02	3.337921056337025960e-02	8.374970549017581034e-02
1.356994544930307029e+03	2.319023654423379432e-01	1.403715718293549741e-01	2.695283397784461465e-01	1.630014205280765349e-01	7.795923981246678791e-02	3.341213718466267552e-02	8.382492542462922913e-02
1.359413430037134731e+03	2.316189245228605642e-01	1.401933371846503795e-01	2.697158008546026720e-01	1.631184035821369449e-01	7.800861335049118217e-02	3.344498755604485840e-02	8.389993294918775268e-02
1.361832315143962205e+03	2.313362994120024552e-01	1.400156156081488468e-01	2.699026846546588310e-01	1.632350592030461234e-01	7.805785065200239459e-02	3.347776180498381049e-02	8.397472866513189249e-02
1.364251200250789907e+03	2.310544877575284040e-01	1.398384056201349146e-01	2.700889929030492187e-01	1.633513883770729425e-01	7.810695211086465806e-02	3.351046005912060310e-02	8.404931317220359910e-02
1.366670085357617609e+03	2.307734872140070059e-01	1.396617057451763066e-01	2.702747273191267174e-01	1.634673920870664543e-01	7.815591811972412428e-02	3.354308244626648394e-02	8.412368706860727519e-02
1.369088970464445310e+03	2.304932954427909297e-01	1.394855145121113027e-01	2.704598896171776512e-01	1.635830713124716007e-01	7.820474907001308262e-02	3.357562909439903986e-02	8.419785095101077477e-02
1.371507855571272785e+03	2.302139101119971276e-01	1.393098304540363042e-01	2.706444815064371068e-01	1.636984270293447841e-01	7.825344535195416507e-02	3.360810013165838050e-02	8.427180541454649954e-02
1.373926740678100487e+03	2.299353288964870456e-01	1.391346521082933718e-01	2.708285046911040883e-01	1.638134602103693549e-01	7.830200735456464833e-02	3.364049568634335657e-02	8.434555105281249521e-02
1.376345625784927961e+03	2.296575494778471116e-01	1.389599780164577913e-01	2.710119608703565053e-01	1.639281718248709330e-01	7.835043546566054784e-02	3.367281588690776428e-02	8.441908845787365889e-02
1.378764510891755890e+03	2.293805695443689174e-01	1.387858067243258331e-01	2.711948517383664381e-01	1.640425628388327006e-01	7.839873007186082265e-02	3.370506086195668854e-02	8.449241822026293258e-02
1.381183395998583137e+03	2.291043867910297627e-01	1.386121367819022343e-01	2.713771789843149040e-01	1.641566342149105573e-01	7.844689155859156660e-02	3.373723074024278373e-02	8.456554092898253827e-02
1.383602281105411066e+03	2.288289989194731977e-01	1.384389667433879867e-01	2.715589442924070118e-01	1.642703869124481630e-01	7.849492031009010218e-02	3.376932565066257524e-02	8.463845717150533798e-02
1.386021166212238768e+03	2.285544036379896227e-01	1.382662951671681517e-01	2.717401493418866720e-01	1.643838218874917878e-01	7.854281670940910232e-02	3.380134572225291373e-02	8.471116753377613828e-02
1.388440051319066470e+03	2.282805986614967475e-01	1.380941206157994539e-01	2.719207958070515851e-01	1.644969400928053826e-01	7.859058113842072590e-02	3.383329108418733217e-02	8.478367260021313356e-02
1.390858936425893944e+03	2.280075817115204961e-01	1.379224416559983180e-01	2.721008853572680075e-01	1.646097424778850959e-01	7.863821397782069789e-02	3.386516186577246540e-02	8.485597295370927995e-02
1.393277821532721646e+03	2.277353505161755498e-01	1.377512568586285457e-01	2.722804196569854618e-01	1.647222299889741226e-01	7.868571560713231994e-02	3.389695819644453906e-02	8.492806917563376634e-02
1.395696706639549120e+03	2.274639028101462512e-01	1.375805647986892977e-01	2.724594003657515029e-01	1.648344035690770815e-01	7.873308640471060604e-02	3.392868020576587235e-02	8.499996184583359649e-02
1.398115591746377049e+03	2.271932363346674810e-01	1.374103640553029360e-01	2.726378291382263730e-01	1.649462641579746425e-01	7.878032674774625155e-02	3.396032802342140167e-02	8.507165154263507389e-02
1.400534476853204296e+03	2.269233488375055063e-01	1.372406532117030897e-01	2.728157076241974899e-01	1.650578126922377931e-01	7.882743701226965771e-02	3.399190177921519729e-02	8.514313884284541167e-02
1.402953361960032225e+03	2.266542380729389128e-01	1.370714308552225535e-01	2.729930374685940464e-01	1.651690501052421323e-01	7.887441757315498403e-02	3.402340160306711186e-02	8.521442432175438397e-02
1.405372247066859927e+03	2.263859018017397862e-01	1.369026955772814080e-01	2.731698203115014989e-01	1.652799773271820261e-01	7.892126880412406176e-02	3.405482762500935956e-02	8.528550855313594969e-02
1.407791132173687402e+03	2.261183377911546721e-01	1.367344459733750295e-01	2.733460577881762221e-01	1.653905952850847627e-01	7.896799107775040460e-02	3.408617997518316456e-02	8.535639210924998721e-02
1.410210017280515103e+03	2.258515438148857024e-01	1.365666806430620994e-01	2.735217515290594981e-01	1.655009049028243473e-01	7.901458476546312226e-02	3.411745878383542346e-02	8.542707556084402909e-02
1.412628902387342805e+03	2.255855176530718320e-01	1.363993981899530306e-01	2.736969031597922819e-01	1.656109071011356848e-01	7.906105023755091721e-02	3.414866418131543707e-02	8.549755947715501070e-02
1.415047787494170507e+03	2.253202570922702153e-01	1.362325972216978376e-01	2.738715143012293574e-01	1.657206027976281804e-01	7.910738786316590110e-02	3.417979629807161440e-02	8.556784442591111595e-02
1.417466672600997981e+03	2.250557599254372765e-01	1.360662763499745354e-01	2.740455865694534365e-01	1.658299929067995337e-01	7.915359801032760545e-02	3.421085526464825305e-02	8.563793097333359527e-02
1.419885557707825683e+03	2.247920239519101415e-01	1.359004341904772595e-01	2.742191215757896483e-01	1.659390783400493952e-01	7.919968104592679803e-02	3.424184121168231260e-02	8.570781968413865304e-02
1.422304442814653157e+03	2.245290469773882358e-01	1.357350693629047200e-01	2.743921209268194716e-01	1.660478600056928267e-01	7.924563733572932700e-02	3.427275426990022272e-02	8.577751112153933488e-02
1.424723327921481086e+03	2.242668268139145493e-01	1.355701804909483499e-01	2.745645862243950575e-01	1.661563388089738469e-01	7.929146724438006222e-02	3.430359457011476765e-02	8.584700584724749839e-02
1.427142213028308333e+03	2.240053612798572624e-01	1.354057662022806752e-01	2.747365190656531619e-01	1.662645156520787537e-01	7.933717113540661448e-02	3.433436224322190811e-02	8.591630442147576985e-02
1.429561098135136262e+03	2.237446481998913717e-01	1.352418251285437689e-01	2.749079210430291353e-01	1.663723914341493915e-01	7.938274937122326291e-02	3.436505742019770049e-02	8.598540740293951490e-02
1.431979983241963964e+03	2.234846854049801212e-01	1.350783559053376770e-01	2.750787937442710773e-01	1.664799670512964180e-01	7.942820231313468815e-02	3.439568023209523678e-02	8.605431534885892020e-02
1.434398868348791666e+03	2.232254707323569620e-01	1.349153571722088718e-01	2.752491387524535482e-01	1.665872433966123223e-01	7.947353032133980255e-02	3.442623081004158453e-02	8.612302881496101958e-02
1.436817753455619140e+03	2.229670020255071772e-01	1.347528275726386782e-01	2.754189576459916133e-01	1.666942213601846079e-01	7.951873375493546947e-02	3.445670928523474758e-02	8.619154835548180349e-02
1.439236638562446842e+03	2.227092771341496746e-01	1.345907657540318103e-01	2.755882519986547208e-01	1.668009018291085610e-01	7.956381297192031965e-02	3.448711578894071705e-02	8.625987452316835613e-02
1.441655523669274316e+03	2.224522939142187794e-01	1.344291703677050198e-01	2.757570233795801906e-01	1.669072856875002675e-01	7.960876832919845658e-02	3.451745045249045990e-02	8.632800786928093717e-02
1.444074408776102018e+03	2.221960502278463589e-01	1.342680400688755771e-01	2.759252733532874258e-01	1.670133738165093529e-01	7.965360018258321739e-02	3.454771340727701145e-02	8.639594894359522992e-02
1.446493293882929493e+03	2.219405439433435601e-01	1.341073735166500025e-01	2.760930034796912902e-01	1.671191670943315832e-01	7.969830888680079495e-02	3.457790478475254031e-02	8.646369829440447852e-02
1.448912178989757422e+03	2.216857729351829343e-01	1.339471693740125757e-01	2.762602153141157091e-01	1.672246663962216884e-01	7.974289479549404036e-02	3.460802471642547562e-02	8.653125646852176389e-02
1.451331064096585123e+03	2.214317350839805076e-01	1.337874263078143167e-01	2.764269104073075467e-01	1.673298725945057963e-01	7.978735826122609898e-02	3.463807333385761356e-02	8.659862401128223808e-02
1.453749949203412370e+03	2.211784282764779064e-01	1.336281429887613559e-01	2.765930903054502066e-01	1.674347865585938955e-01	7.983169963548404635e-02	3.466805076866132096e-02	8.666580146654541406e-02
1.456168834310240300e+03	2.209258504055245098e-01	1.334693180914038879e-01	2.767587565501767322e-01	1.675394091549922970e-01	7.987591926868256587e-02	3.469795715249669732e-02	8.673278937669741395e-02
1.458587719417068001e+03	2.206739993700596592e-01	1.333109502941250968e-01	2.769239106785837401e-01	1.676437412473158750e-01	7.992001751016757083e-02	3.472779261706879922e-02	8.679958828265336990e-02
1.461006604523895703e+03	2.204228730750950327e-01	1.331530382791296929e-01	2.770885542232446319e-01	1.677477836963003621e-01	7.996399470821986821e-02	3.475755729412486478e-02	8.686619872385972774e-02
1.463425489630723177e+03	2.201724694316968545e-01	1.329955807324329775e-01	2.772526887122230277e-01	1.678515373598144511e-01	8.000785121005868361e-02	3.478725131545158666e-02	8.693262123829663401e-02
1.465844374737550879e+03	2.199227863569684083e-01	1.328385763438497125e-01	2.774163156690860332e-01	1.679550030928720350e-01	8.005158736184535273e-02	3.481687481287238511e-02	8.699885636248030907e-02
1.468263259844378354e+03	2.196738217740323573e-01	1.326820238069830182e-01	2.775794366129177848e-01	1.680581817476440032e-01	8.009520350868679084e-02	3.484642791824475033e-02	8.706490463146553116e-02
1.470682144951206283e+03	2.194255736120133693e-01	1.325259218192132993e-01	2.777420530583324942e-01	1.681610741734703429e-01	8.013869999463911487e-02	3.487591076345754326e-02	8.713076657884799570e-02
1.473101030058033530e+03	2.191780398060205470e-01	1.323702690816873639e-01	2.779041665154878271e-01	1.682636812168720464e-01	8.018207716271118224e-02	3.490532348042837962e-02	8.719644273676679935e-02
1.475519915164861459e+03	2.189312182971301091e-01	1.322150642993073222e-01	2.780657784900978924e-01	1.683660037215627125e-01	8.022533535486814360e-02	3.493466620110099313e-02	8.726193363590696583e-02
1.477938800271689161e+03	2.186851070323679314e-01	1.320603061807197054e-01	2.782268904834465095e-01	1.684680425284605099e-01	8.026847491203489837e-02	3.496393905744267505e-02	8.732723980550187448e-02
1.480357685378516862e+03	2.184397039646923666e-01	1.319059934383045585e-01	2.783875039924003647e-01	1.685697984756996393e-01	8.031149617409966135e-02	3.499314218144167210e-02	8.739236177333585542e-02
1.482776570485344337e+03	2.181950070529769525e-01	1.317521247881646151e-01	2.785476205094218338e-01	1.686712723986420748e-01	8.035439947991740439e-02	3.502227570510464683e-02	8.745730006574664595e-02
