1.001418434226643626e+03	2.796516687229887443e-01	1.804756339798967713e-01	2.345941470303458121e-01	1.408351015325686184e-01	6.834877765837124586e-02	2.675461004108423482e-02	6.934006103447010183e-02
1.003837319333471214e+03	2.792301710945305770e-01	1.801926255500795049e-01	2.348805338591444247e-01	1.410137171049855864e-01	6.842331575038995695e-02	2.680004220341978410e-02	6.945959443717568405e-02
1.006256204440298802e+03	2.788098786586528099e-01	1.799104178844462276e-01	2.351659188586527893e-01	1.411918746228889576e-01	6.849767225791585090e-02	2.684540520335760086e-02	6.957883251381130618e-02
1.008675089547126618e+03	2.783907879800043284e-01	1.796290086132674713e-01	2.354503068434656565e-01	1.413695751118208832e-01	6.857184753093607810e-02	2.689069890721097755e-02	6.969777501302015787e-02
1.011093974653954206e+03	2.779728956332691014e-01	1.793483953748294668e-01	2.357337025888090187e-01	1.415468195959597997e-01	6.864584191927555756e-02	2.693592318349401910e-02	6.981642170408859649e-02
1.013512859760782021e+03	2.775561982031308772e-01	1.790685758153945928e-01	2.360161108310321887e-01	1.417236090981133789e-01	6.871965577259933622e-02	2.698107790290505889e-02	6.993477237655019996e-02
1.015931744867609382e+03	2.771406922842381548e-01	1.787895475891618791e-01	2.362975362680925784e-01	1.418999446397116726e-01	6.879328944041454563e-02	2.702616293831021713e-02	7.005282683979652258e-02
1.018350629974437197e+03	2.767263744811698789e-01	1.785113083582283433e-01	2.365779835600332892e-01	1.420758272408008116e-01	6.886674327207180368e-02	2.707117816472709090e-02	7.017058492269440118e-02
1.020769515081264785e+03	2.763132414084003008e-01	1.782338557925502998e-01	2.368574573294533747e-01	1.422512579200371496e-01	6.894001761676615825e-02	2.711612345930853110e-02	7.028804647320978372e-02
1.023188400188092373e+03	2.759012896902653944e-01	1.779571875699051953e-01	2.371359621619713032e-01	1.424262376946815734e-01	6.901311282353778109e-02	2.716099870132658925e-02	7.040521135803785857e-02
1.025607285294920075e+03	2.754905159609281617e-01	1.776813013758537507e-01	2.374135026066812870e-01	1.426007675805943953e-01	6.908602924127207889e-02	2.720580377215654766e-02	7.052207946223945645e-02
1.028026170401747549e+03	2.750809168643453817e-01	1.774061949037022967e-01	2.376900831766031175e-01	1.427748485922304134e-01	6.915876721869973487e-02	2.725053855526106752e-02	7.063865068888369736e-02
1.030445055508575479e+03	2.746724890542336373e-01	1.771318658544657199e-01	2.379657083491248104e-01	1.429484817426343035e-01	6.923132710439625082e-02	2.729520293617447579e-02	7.075492495869650789e-02
1.032863940615402726e+03	2.742652291940360088e-01	1.768583119368304646e-01	2.382403825664393682e-01	1.431216680434361510e-01	6.930370924678137812e-02	2.733979680248713878e-02	7.087090220971528631e-02
1.035282825722230655e+03	2.738591339568888783e-01	1.765855308671180068e-01	2.385141102359742693e-01	1.432944085048473148e-01	6.937591399411816018e-02	2.738432004382996415e-02	7.098658239694928540e-02
1.037701710829058356e+03	2.734542000255889005e-01	1.763135203692485498e-01	2.387868957308152962e-01	1.434667041356563477e-01	6.944794169451196097e-02	2.742877255185899657e-02	7.110196549204580996e-02
1.040120595935886058e+03	2.730504240925603066e-01	1.760422781747052190e-01	2.390587433901236458e-01	1.436385559432253323e-01	6.951979269590907728e-02	2.747315422024013132e-02	7.121705148296214594e-02
1.042539481042713533e+03	2.726478028598222636e-01	1.757718020224982580e-01	2.393296575195469345e-01	1.438099649334862173e-01	6.959146734609535090e-02	2.751746494463394588e-02	7.133184037364294350e-02
1.044958366149541234e+03	2.722463330389563452e-01	1.755020896591297508e-01	2.395996423916243456e-01	1.439809321109372375e-01	6.966296599269447554e-02	2.756170462268060783e-02	7.144633218370312344e-02
1.047377251256368709e+03	2.718460113510746679e-01	1.752331388385586497e-01	2.398687022461854779e-01	1.441514584786396658e-01	6.973428898316631763e-02	2.760587315398490074e-02	7.156052694811626536e-02
1.049796136363196410e+03	2.714468345267873617e-01	1.749649473221660534e-01	2.401368412907434746e-01	1.443215450382145382e-01	6.980543666480497345e-02	2.764997044010137142e-02	7.167442471690815831e-02
1.052215021470024112e+03	2.710487993061711509e-01	1.746975128787206510e-01	2.404040637008825476e-01	1.444911927898395732e-01	6.987640938473678454e-02	2.769399638451954318e-02	7.178802555485566672e-02
1.054633906576851814e+03	2.706519024387377126e-01	1.744308332843446940e-01	2.406703736206393385e-01	1.446604027322460351e-01	6.994720748991820058e-02	2.773795089264925740e-02	7.190132954119068942e-02
1.057052791683679516e+03	2.702561406834019242e-01	1.741649063224799676e-01	2.409357751628791178e-01	1.448291758627160974e-01	7.001783132713358671e-02	2.778183387180610184e-02	7.201433676930917016e-02
1.059471676790506763e+03	2.698615108084508885e-01	1.738997297838543454e-01	2.412002724096661832e-01	1.449975131770796233e-01	7.008828124299293361e-02	2.782564523119693614e-02	7.212704734648507643e-02
1.061890561897334692e+03	2.694680095915125695e-01	1.736353014664484551e-01	2.414638694126289009e-01	1.451654156697117504e-01	7.015855758392952612e-02	2.786938488190551094e-02	7.223946139358924934e-02
1.064309447004162394e+03	2.690756338195251507e-01	1.733716191754626768e-01	2.417265701933194733e-01	1.453328843335299492e-01	7.022866069619740359e-02	2.791305273687821192e-02	7.235157904481305524e-02
1.066728332110990095e+03	2.686843802887060595e-01	1.731086807232842251e-01	2.419883787435683775e-01	1.454999201599915803e-01	7.029859092586897285e-02	2.795664871090985243e-02	7.246340044739679742e-02
1.069147217217817570e+03	2.682942458045215472e-01	1.728464839294548416e-01	2.422492990258336143e-01	1.456665241390912302e-01	7.036834861883239922e-02	2.800017272062960139e-02	7.257492576136269358e-02
1.071566102324645271e+03	2.679052271816561581e-01	1.725850266206383488e-01	2.425093349735447656e-01	1.458326972593581849e-01	7.043793412078902527e-02	2.804362468448697368e-02	7.268615515925248849e-02
1.073984987431472746e+03	2.675173212439825310e-01	1.723243066305888693e-01	2.427684904914422792e-01	1.459984405078540159e-01	7.050734777725074787e-02	2.808700452273793502e-02	7.279708882586954921e-02
1.076403872538300675e+03	2.671305248245314234e-01	1.720643218001190189e-01	2.430267694559115621e-01	1.461637548701701372e-01	7.057658993353729815e-02	2.813031215743110394e-02	7.290772695802534564e-02
1.078822757645127922e+03	2.667448347654617913e-01	1.718050699770683754e-01	2.432841757153123285e-01	1.463286413304254741e-01	7.064566093477356312e-02	2.817354751239400587e-02	7.301806976429031648e-02
1.081241642751955851e+03	2.663602479180309235e-01	1.715465490162723927e-01	2.435407130903032014e-01	1.464931008712640759e-01	7.071456112588685172e-02	2.821671051321945553e-02	7.312811746474896790e-02
1.083660527858783553e+03	2.659767611425649103e-01	1.712887567795313981e-01	2.437963853741614284e-01	1.466571344738528127e-01	7.078329085160410539e-02	2.825980108725202611e-02	7.323787029075920496e-02
1.086079412965611255e+03	2.655943713084292224e-01	1.710316911355797553e-01	2.440511963330981859e-01	1.468207431178792099e-01	7.085185045644912250e-02	2.830281916357458433e-02	7.334732848471579858e-02
1.088498298072438729e+03	2.652130752939995673e-01	1.707753499600554725e-01	2.443051497065691080e-01	1.469839277815491174e-01	7.092024028473978281e-02	2.834576467299493308e-02	7.345649229981787709e-02
1.090917183179266431e+03	2.648328699866325242e-01	1.705197311354700040e-01	2.445582492075804859e-01	1.471466894415845439e-01	7.098846068058518866e-02	2.838863754803253731e-02	7.356536199984052560e-02
1.093336068286093905e+03	2.644537522826369003e-01	1.702648325511781358e-01	2.448104985229909436e-01	1.473090290732214924e-01	7.105651198788287548e-02	2.843143772290532625e-02	7.367393785891013236e-02
1.095754953392921607e+03	2.640757190872446425e-01	1.700106521033482587e-01	2.450619013138087832e-01	1.474709476502078231e-01	7.112439455031593916e-02	2.847416513351659975e-02	7.378222016128378746e-02
1.098173838499749309e+03	2.636987673145823052e-01	1.697571876949327263e-01	2.453124612154850004e-01	1.476324461448011438e-01	7.119210871135023266e-02	2.851681971744200045e-02	7.389020920113237301e-02
1.100592723606577010e+03	2.633228938876425174e-01	1.695044372356387385e-01	2.455621818382022759e-01	1.477935255277667281e-01	7.125965481423141012e-02	2.855940141391659359e-02	7.399790528232742803e-02
1.103011608713404712e+03	2.629480957382557271e-01	1.692523986418990323e-01	2.458110667671595251e-01	1.479541867683754064e-01	7.132703320198223451e-02	2.860191016382200926e-02	7.410530871823171883e-02
1.105430493820231959e+03	2.625743698070618359e-01	1.690010698368430431e-01	2.460591195628525907e-01	1.481144308344015392e-01	7.139424421739956617e-02	2.864434590967367827e-02	7.421241983149336197e-02
1.107849378927059888e+03	2.622017130434822207e-01	1.687504487502683448e-01	2.463063437613506601e-01	1.482742586921210748e-01	7.146128820305158724e-02	2.868670859560814093e-02	7.431923895384355550e-02
1.110268264033887590e+03	2.618301224056918119e-01	1.685005333186120335e-01	2.465527428745691030e-01	1.484336713063094948e-01	7.152816550127491513e-02	2.872899816737045642e-02	7.442576642589782132e-02
1.112687149140715292e+03	2.614595948605910603e-01	1.682513214849226391e-01	2.467983203905380341e-01	1.485926696402397607e-01	7.159487645417178525e-02	2.877121457230168849e-02	7.453200259696066143e-02
1.115106034247542766e+03	2.610901273837786807e-01	1.680028111988321193e-01	2.470430797736672401e-01	1.487512546556805093e-01	7.166142140360715063e-02	2.881335775932645366e-02	7.463794782483354484e-02
1.117524919354370468e+03	2.607217169595238415e-01	1.677550004165278275e-01	2.472870244650072491e-01	1.489094273128940549e-01	7.172780069120585078e-02	2.885542767894056990e-02	7.474360247562635007e-02
1.119943804461197942e+03	2.603543605807389083e-01	1.675078871007250891e-01	2.475301578825067628e-01	1.490671885706344457e-01	7.179401465834978069e-02	2.889742428319878181e-02	7.484896692357198567e-02
1.122362689568025871e+03	2.599880552489521324e-01	1.672614692206398079e-01	2.477724834212663152e-01	1.492245393861456326e-01	7.186006364617505970e-02	2.893934752570255509e-02	7.495404155084424425e-02
1.124781574674853118e+03	2.596227979742807834e-01	1.670157447519610705e-01	2.480140044537883504e-01	1.493814807151595814e-01	7.192594799556917273e-02	2.898119736158796464e-02	7.505882674737883453e-02
1.127200459781681047e+03	2.592585857754037271e-01	1.667707116768243902e-01	2.482547243302238582e-01	1.495380135118944409e-01	7.199166804716819468e-02	2.902297374751365219e-02	7.516332291069753591e-02
1.129619344888508749e+03	2.588954156795349459e-01	1.665263679837845623e-01	2.484946463786154303e-01	1.496941387290526004e-01	7.205722414135397325e-02	2.906467664164886014e-02	7.526753044573539220e-02
1.132038229995336451e+03	2.585332847223967279e-01	1.662827116677893513e-01	2.487337739051367902e-01	1.498498573178190796e-01	7.212261661825129788e-02	2.910630600366154522e-02	7.537144976467097246e-02
1.134457115102163925e+03	2.581721899481929094e-01	1.660397407301529016e-01	2.489721101943291326e-01	1.500051702278595855e-01	7.218784581772516584e-02	2.914786179470656505e-02	7.547508128675946282e-02
1.136876000208991627e+03	2.578121284095827304e-01	1.657974531785295080e-01	2.492096585093340200e-01	1.501600784073188477e-01	7.225291207937795113e-02	2.918934397741395140e-02	7.557842543816882530e-02
1.139294885315819101e+03	2.574530971676541879e-01	1.655558470268874982e-01	2.494464220921228381e-01	1.503145828028186748e-01	7.231781574254665668e-02	2.923075251587724938e-02	7.568148265181873224e-02
1.141713770422646803e+03	2.570950932918978915e-01	1.653149202954835306e-01	2.496824041637234204e-01	1.504686843594565115e-01	7.238255714630018045e-02	2.927208737564193988e-02	7.578425336722231787e-02
1.144132655529474505e+03	2.567381138601811386e-01	1.650746710108366433e-01	2.499176079244431470e-01	1.506223840208035791e-01	7.244713662943656762e-02	2.931334852369392105e-02	7.588673803033073317e-02
1.146551540636302207e+03	2.563821559587218246e-01	1.648350972057030239e-01	2.501520365540889634e-01	1.507756827289031265e-01	7.251155453048026278e-02	2.935453592844807641e-02	7.598893709338042091e-02
1.148970425743129908e+03	2.560272166820625195e-01	1.645961969190503915e-01	2.503856932121845125e-01	1.509285814242689039e-01	7.257581118767941764e-02	2.939564955973692981e-02	7.609085101474301338e-02
1.151389310849957155e+03	2.556732931330448766e-01	1.643579681960330441e-01	2.506185810381838519e-01	1.510810810458833864e-01	7.263990693900321260e-02	2.943668938879933500e-02	7.619248025877795039e-02
1.153808195956785084e+03	2.553203824227838203e-01	1.641204090879668231e-01	2.508507031516827301e-01	1.512331825311962474e-01	7.270384212213912289e-02	2.947765538826927975e-02	7.629382529568760896e-02
1.156227081063612786e+03	2.549684816706423995e-01	1.638835176523041892e-01	2.510820626526263366e-01	1.513848868161226935e-01	7.276761707449025396e-02	2.951854753216472810e-02	7.639488660137502829e-02
1.158645966170440488e+03	2.546175880042060302e-01	1.636472919526096581e-01	2.513126626215146375e-01	1.515361948350419097e-01	7.283123213317274636e-02	2.955936579587655974e-02	7.649566465730413267e-02
1.161064851277267962e+03	2.542676985592574046e-01	1.634117300585352928e-01	2.515425061196044365e-01	1.516871075207955333e-01	7.289468763501304183e-02	2.960011015615757538e-02	7.659615995036241076e-02
1.163483736384095664e+03	2.539188104797512890e-01	1.631768300457964171e-01	2.517715961891090481e-01	1.518376258046860439e-01	7.295798391654535753e-02	2.964078059111155405e-02	7.669637297272598186e-02
1.165902621490923138e+03	2.535709209177895995e-01	1.629425899961474966e-01	2.519999358533948075e-01	1.519877506164752645e-01	7.302112131400897987e-02	2.968137708018239729e-02	7.679630422172711857e-02
1.168321506597751068e+03	2.532240270335963661e-01	1.627090079973580183e-01	2.522275281171752481e-01	1.521374828843828630e-01	7.308410016334576653e-02	2.972189960414335294e-02	7.689595419972404533e-02
1.170740391704578315e+03	2.528781259954928640e-01	1.624760821431887048e-01	2.524543759667022269e-01	1.522868235350849087e-01	7.314692080019750964e-02	2.976234814508628077e-02	7.699532341397308244e-02
1.173159276811406244e+03	2.525332149798730774e-01	1.622438105333680047e-01	2.526804823699547176e-01	1.524357734937124009e-01	7.320958355990336841e-02	2.980272268641101507e-02	7.709441237650299650e-02
1.175578161918233945e+03	2.521892911711788865e-01	1.620121912735683067e-01	2.529058502768247729e-01	1.525843336838497988e-01	7.327208877749735727e-02	2.984302321281477599e-02	7.719322160399169630e-02
1.177997047025061647e+03	2.518463517618756420e-01	1.617812224753827910e-01	2.531304826193011559e-01	1.527325050275336049e-01	7.333443678770583396e-02	2.988324971028165702e-02	7.729175161764499646e-02
1.180415932131889122e+03	2.515043939524279071e-01	1.615509022563020869e-01	2.533543823116499727e-01	1.528802884452510891e-01	7.339662792494491828e-02	2.992340216607217510e-02	7.739000294307754602e-02
1.182834817238716823e+03	2.511634149512750880e-01	1.613212287396912914e-01	2.535775522505935853e-01	1.530276848559387615e-01	7.345866252331807733e-02	2.996348056871290036e-02	7.748797611019597742e-02
1.185253702345544298e+03	2.508234119748072311e-01	1.610922000547669874e-01	2.537999953154865262e-01	1.531746951769812071e-01	7.352054091661358592e-02	3.000348490798613460e-02	7.758567165308404012e-02
1.187672587452371999e+03	2.504843822473409864e-01	1.608638143365745954e-01	2.540217143684889711e-01	1.533213203242096145e-01	7.358226343830212568e-02	3.004341517491967636e-02	7.768309010988978802e-02
1.190091472559199701e+03	2.501463230010954608e-01	1.606360697259656412e-01	2.542427122547384344e-01	1.534675612119005272e-01	7.364383042153430092e-02	3.008327136177663813e-02	7.778023202271482084e-02
1.192510357666027403e+03	2.498092314761686528e-01	1.604089643695752743e-01	2.544629918025182458e-01	1.536134187527745665e-01	7.370524219913821007e-02	3.012305346204532247e-02	7.787709793750549614e-02
1.194929242772855105e+03	2.494731049205134998e-01	1.601824964198000634e-01	2.546825558234246389e-01	1.537588938579952103e-01	7.376649910361711415e-02	3.016276147042918493e-02	7.797368840394608425e-02
1.197348127879682352e+03	2.491379405899141475e-01	1.599566640347757918e-01	2.549014071125307868e-01	1.539039874371675443e-01	7.382760146714695271e-02	3.020239538283683856e-02	7.807000397535382441e-02
1.199767012986510281e+03	2.488037357479625789e-01	1.597314653783551419e-01	2.551195484485491161e-01	1.540487003983370407e-01	7.388854962157401229e-02	3.024195519637214863e-02	7.816604520857588223e-02
1.202185898093337983e+03	2.484704876660349393e-01	1.595068986200862404e-01	2.553369825939914017e-01	1.541930336479883368e-01	7.394934389841258116e-02	3.028144090932436555e-02	7.826181266388811120e-02
1.204604783200165684e+03	2.481381936232682772e-01	1.592829619351904813e-01	2.555537122953264184e-01	1.543369880910441805e-01	7.400998462884261775e-02	3.032085252115833754e-02	7.835730690489572936e-02
1.207023668306993159e+03	2.478068509065372016e-01	1.590596535045410986e-01	2.557697402831356492e-01	1.544805646308642366e-01	7.407047214370739152e-02	3.036019003250476495e-02	7.845252849843567522e-02
1.209442553413820860e+03	2.474764568104307338e-01	1.588369715146416283e-01	2.559850692722671073e-01	1.546237641692439491e-01	7.413080677351126246e-02	3.039945344515055867e-02	7.854747801448080935e-02
1.211861438520648335e+03	2.471470086372292985e-01	1.586149141576044252e-01	2.561997019619865479e-01	1.547665876064134860e-01	7.419098884841730801e-02	3.043864276202922284e-02	7.864215602604583688e-02
1.214280323627476264e+03	2.468185036968815194e-01	1.583934796311296245e-01	2.564136410361270157e-01	1.549090358410366575e-01	7.425101869824517198e-02	3.047775798721131038e-02	7.873656310909482592e-02
1.216699208734303511e+03	2.464909393069814325e-01	1.581726661384838251e-01	2.566268891632367821e-01	1.550511097702098884e-01	7.431089665246867759e-02	3.051679912589494101e-02	7.883069984245057171e-02
1.219118093841131440e+03	2.461643127927457542e-01	1.579524718884792456e-01	2.568394489967242844e-01	1.551928102894612194e-01	7.437062304021375969e-02	3.055576618439638167e-02	7.892456680770547350e-02
1.221536978947959142e+03	2.458386214869910102e-01	1.577328950954528242e-01	2.570513231750021776e-01	1.553341382927492520e-01	7.443019819025609163e-02	3.059465917014069641e-02	7.901816458913402119e-02
1.223955864054786844e+03	2.455138627301110543e-01	1.575139339792454019e-01	2.572625143216288324e-01	1.554750946724622607e-01	7.448962243101905911e-02	3.063347809165243782e-02	7.911149377360704449e-02
1.226374749161614318e+03	2.451900338700543913e-01	1.572955867651812667e-01	2.574730250454481117e-01	1.556156803194171379e-01	7.454889609057149813e-02	3.067222295854640790e-02	7.920455495050729433e-02
1.228793634268442020e+03	2.448671322623018065e-01	1.570778516840475314e-01	2.576828579407273723e-01	1.557558961228585892e-01	7.460801949662553001e-02	3.071089378151848140e-02	7.929734871164670351e-02
1.231212519375269494e+03	2.445451552698440223e-01	1.568607269720739272e-01	2.578920155872938547e-01	1.558957429704581621e-01	7.466699297653446588e-02	3.074949057233648461e-02	7.938987565118517387e-02
1.233631404482097196e+03	2.442241002631593272e-01	1.566442108709123759e-01	2.581005005506684657e-01	1.560352217483134130e-01	7.472581685729068335e-02	3.078801334383113320e-02	7.948213636555069572e-02
1.236050289588924898e+03	2.439039646201915101e-01	1.564283016276169225e-01	2.583083153821989497e-01	1.561743333409469636e-01	7.478449146552353100e-02	3.082646210988703936e-02	7.957413145336116045e-02
1.238469174695752372e+03	2.435847457263276561e-01	1.562129974946238897e-01	2.585154626191902838e-01	1.563130786313058629e-01	7.484301712749724667e-02	3.086483688543375029e-02	7.966586151534739424e-02
1.240888059802580301e+03	2.432664409743762468e-01	1.559982967297317280e-01	2.587219447850340748e-01	1.564514585007606151e-01	7.490139416910888970e-02	3.090313768643686981e-02	7.975732715427771846e-02
1.243306944909407548e+03	2.429490477645450952e-01	1.557841975960813641e-01	2.589277643893357350e-01	1.565894738291044863e-01	7.495962291588630089e-02	3.094136452988923217e-02	7.984852897488391166e-02
1.245725830016235477e+03	2.426325635044196127e-01	1.555706983621366613e-01	2.591329239280404928e-01	1.567271254945527270e-01	7.501770369298610408e-02	3.097951743380212425e-02	7.993946758378844830e-02
1.248144715123063179e+03	2.423169856089409935e-01	1.553577973016646574e-01	2.593374258835573487e-01	1.568644143737418228e-01	7.507563682519165227e-02	3.101759641719657734e-02	8.003014358943316697e-02
1.250563600229890881e+03	2.420023115003845371e-01	1.551454926937162471e-01	2.595412727248816442e-01	1.570013413417288006e-01	7.513342263691109857e-02	3.105560150009469000e-02	8.012055760200924304e-02
1.252982485336718355e+03	2.416885386083381104e-01	1.549337828226068081e-01	2.597444669077159096e-01	1.571379072719906178e-01	7.519106145217538395e-02	3.109353270351105855e-02	8.021071023338836870e-02
1.255401370443546057e+03	2.413756643696805260e-01	1.547226659778970226e-01	2.599470108745893793e-01	1.572741130364234130e-01	7.524855359463630822e-02	3.113139004944419017e-02	8.030060209705537633e-02
1.257820255550373531e+03	2.410636862285602255e-01	1.545121404543738086e-01	2.601489070549756755e-01	1.574099595053419509e-01	7.530589938756460100e-02	3.116917356086804092e-02	8.039023380804195817e-02
1.260239140657201460e+03	2.407526016363738808e-01	1.543022045520311969e-01	2.603501578654089932e-01	1.575454475474789284e-01	7.536309915384799274e-02	3.120688326172356072e-02	8.047960598286170442e-02
1.262658025764028707e+03	2.404424080517450768e-01	1.540928565760515678e-01	2.605507657095991192e-01	1.576805780299844750e-01	7.542015321598932731e-02	3.124451917691032157e-02	8.056871923944632086e-02
1.265076910870856636e+03	2.401331029405032735e-01	1.538840948367866945e-01	2.607507329785446193e-01	1.578153518184255699e-01	7.547706189610473015e-02	3.128208133227819432e-02	8.065757419708306786e-02
1.267495795977684338e+03	2.398246837756624339e-01	1.536759176497393409e-01	2.609500620506448598e-01	1.579497697767855147e-01	7.553382551592163763e-02	3.131956975461904630e-02	8.074617147635340664e-02
1.269914681084511813e+03	2.395171480374002071e-01	1.534683233355443044e-01	2.611487552918100308e-01	1.580838327674633781e-01	7.559044439677710392e-02	3.135698447165856384e-02	8.083451169907261702e-02
1.272333566191339514e+03	2.392104932130369177e-01	1.532613102199503474e-01	2.613468150555707803e-01	1.582175416512735522e-01	7.564691885961585816e-02	3.139432551204804356e-02	8.092259548823081683e-02
1.274752451298167216e+03	2.389047167970146379e-01	1.530548766338014344e-01	2.615442436831852957e-01	1.583508972874452525e-01	7.570324922498855580e-02	3.143159290535631895e-02	8.101042346793484172e-02
1.277171336404994690e+03	2.385998162908764264e-01	1.528490209130186905e-01	2.617410435037459404e-01	1.584839005336221851e-01	7.575943581305001617e-02	3.146878668206165575e-02	8.109799626335144340e-02
1.279590221511822392e+03	2.382957892032455671e-01	1.526437413985822500e-01	2.619372168342839480e-01	1.586165522458620747e-01	7.581547894355740447e-02	3.150590687354377223e-02	8.118531450065137600e-02
1.282009106618650094e+03	2.379926330498049747e-01	1.524390364365129924e-01	2.621327659798732834e-01	1.587488532786361373e-01	7.587137893586849702e-02	3.154295351207590109e-02	8.127237880695463434e-02
1.284427991725477568e+03	2.376903453532765997e-01	1.522349043778547240e-01	2.623276932337326173e-01	1.588808044848289414e-01	7.592713610893997433e-02	3.157992663081681667e-02	8.135918981027674690e-02
1.286846876832305497e+03	2.373889236434008621e-01	1.520313435786561085e-01	2.625220008773266889e-01	1.590124067157378807e-01	7.598275078132568638e-02	3.161682626380307032e-02	8.144574813947608183e-02
1.289265761939132744e+03	2.370883654569162502e-01	1.518283523999531537e-01	2.627156911804658379e-01	1.591436608210730352e-01	7.603822327117498725e-02	3.165365244594110089e-02	8.153205442420208282e-02
1.291684647045960673e+03	2.367886683375390322e-01	1.516259292077511978e-01	2.629087664014043146e-01	1.592745676489567275e-01	7.609355389623101429e-02	3.169040521299956725e-02	8.161810929484457355e-02
1.294103532152788375e+03	2.364898298359428830e-01	1.514240723730076177e-01	2.631012287869379240e-01	1.594051280459233277e-01	7.614874297382907831e-02	3.172708460160157673e-02	8.170391338248404745e-02
1.296522417259616077e+03	2.361918475097387615e-01	1.512227802716140934e-01	2.632930805724998380e-01	1.595353428569189214e-01	7.620379082089497047e-02	3.176369064921706620e-02	8.178946731884281784e-02
1.298941302366443551e+03	2.358947189234546771e-01	1.510220512843792884e-01	2.634843239822554084e-01	1.596652129253012531e-01	7.625869775394338024e-02	3.180022339415520399e-02	8.187477173623723681e-02
1.301360187473271253e+03	2.355984416485157051e-01	1.508218837970114745e-01	2.636749612291960920e-01	1.597947390928393663e-01	7.631346408907627166e-02	3.183668287555682652e-02	8.195982726753071879e-02
1.303779072580098727e+03	2.353030132632238924e-01	1.506222762001013515e-01	2.638649945152317100e-01	1.599239221997134919e-01	7.636809014198132906e-02	3.187306913338696507e-02	8.204463454608776352e-02
1.306197957686926657e+03	2.350084313527384672e-01	1.504232268891048385e-01	2.640544260312818747e-01	1.600527630845148819e-01	7.642257622793031946e-02	3.190938220842735873e-02	8.212919420572875606e-02
1.308616842793753904e+03	2.347146935090558828e-01	1.502247342643260875e-01	2.642432579573663065e-01	1.601812625842457261e-01	7.647692266177757991e-02	3.194562214226905061e-02	8.221350688068579382e-02
1.311035727900581833e+03	2.344217973309900283e-01	1.500267967309004968e-01	2.644314924626940400e-01	1.603094215343190410e-01	7.653112975795851869e-02	3.198178897730506037e-02	8.229757320555924904e-02
1.313454613007409534e+03	2.341297404241525215e-01	1.498294126987777530e-01	2.646191317057513537e-01	1.604372407685584201e-01	7.658519783048806095e-02	3.201788275672307060e-02	8.238139381527527505e-02
1.315873498114237009e+03	2.338385204009331420e-01	1.496325805827051214e-01	2.648061778343886452e-01	1.605647211191982282e-01	7.663912719295913611e-02	3.205390352449814101e-02	8.246496934504404797e-02
1.318292383221064711e+03	2.335481348804801516e-01	1.494362988022106542e-01	2.649926329859065288e-01	1.606918634168834348e-01	7.669291815854122063e-02	3.208985132538551277e-02	8.254830043031891051e-02
1.320711268327892412e+03	2.332585814886808384e-01	1.492405657815866760e-01	2.651784992871407676e-01	1.608186684906695862e-01	7.674657103997883922e-02	3.212572620491346842e-02	8.263138770675629297e-02
1.323130153434719887e+03	2.329698578581419766e-01	1.490453799498731580e-01	2.653637788545457066e-01	1.609451371680228615e-01	7.680008614959016322e-02	3.216152820937616397e-02	8.271423181017636961e-02
1.325549038541547588e+03	2.326819616281705361e-01	1.488507397408413147e-01	2.655484737942776508e-01	1.610712702748200720e-01	7.685346379926556726e-02	3.219725738582659980e-02	8.279683337652461728e-02
1.327967923648375290e+03	2.323948904447543928e-01	1.486566435929770891e-01	2.657325862022762997e-01	1.611970686353487447e-01	7.690670430046618600e-02	3.223291378206958463e-02	8.287919304183402613e-02
1.330386808755202765e+03	2.321086419605429829e-01	1.484630899494651102e-01	2.659161181643456273e-01	1.613225330723072060e-01	7.695980796422254022e-02	3.226849744665474806e-02	8.296131144218808762e-02
1.332805693862030694e+03	2.318232138348282900e-01	1.482700772581721782e-01	2.660990717562339292e-01	1.614476644068045808e-01	7.701277510113316294e-02	3.230400842886961554e-02	8.304318921368460116e-02
1.335224578968857941e+03	2.315386037335254166e-01	1.480776039716313608e-01	2.662814490437125925e-01	1.615724634583610708e-01	7.706560602136323934e-02	3.233944677873271806e-02	8.312482699240002215e-02
1.337643464075685870e+03	2.312548093291538487e-01	1.478856685470258114e-01	2.664632520826540341e-01	1.616969310449079822e-01	7.711830103464323294e-02	3.237481254698677119e-02	8.320622541435476749e-02
1.340062349182513572e+03	2.309718283008183326e-01	1.476942694461729211e-01	2.666444829191088051e-01	1.618210679827879750e-01	7.717086045026758101e-02	3.241010578509183337e-02	8.328738511547900680e-02
1.342481234289341273e+03	2.306896583341899454e-01	1.475034051355083031e-01	2.668251435893818080e-01	1.619448750867551745e-01	7.722328457709337624e-02	3.244532654521860987e-02	8.336830673157927252e-02
1.344900119396168748e+03	2.304082971214872488e-01	1.473130740860699450e-01	2.670052361201073476e-01	1.620683531699754487e-01	7.727557372353907605e-02	3.248047488024168733e-02	8.344899089830573602e-02
1.347319004502996449e+03	2.301277423614575823e-01	1.471232747734826096e-01	2.671847625283236272e-01	1.621915030440265471e-01	7.732772819758322591e-02	3.251555084373292798e-02	8.352943825112002507e-02
1.349737889609823924e+03	2.298479917593581334e-01	1.469340056779420700e-01	2.673637248215459672e-01	1.623143255188984613e-01	7.737974830676316862e-02	3.255055448995481521e-02	8.360964942526391552e-02
1.352156774716651853e+03	2.295690430269374249e-01	1.467452652841995109e-01	2.675421249978398031e-01	1.624368214029936752e-01	7.743163435817383700e-02	3.258548587385389633e-02	8.368962505572842547e-02
1.354575659823479100e+03	2.292908938824166354e-01	1.465570520815460964e-01	2.677199650458919611e-01	1.625589915031274146e-01	7.748338665846650486e-02	3.262034505105423227e-02	8.376936577722374211e-02
1.356994544930307029e+03	2.290135420504710584e-01	1.463693645637974550e-01	2.678972469450819349e-01	1.626808366245280080e-01	7.753500551384757966e-02	3.265513207785090966e-02	8.384887222414967589e-02
1.359413430037134731e+03	2.287369852622117006e-01	1.461822012292782746e-01	2.680739726655517741e-01	1.628023575708371917e-01	7.758649123007738124e-02	3.268984701120362935e-02	8.392814503056668374e-02
1.361832315143962205e+03	2.284612212551667132e-01	1.459955605808070933e-01	2.682501441682754728e-01	1.629235551441105267e-01	7.763784411246898998e-02	3.272448990873028096e-02	8.400718483016759996e-02
1.364251200250789907e+03	2.281862477732631012e-01	1.458094411256810607e-01	2.684257634051273045e-01	1.630444301448177313e-01	7.768906446588708103e-02	3.275906082870055913e-02	8.408599225624986684e-02
1.366670085357617609e+03	2.279120625668084599e-01	1.456238413756607564e-01	2.686008323189496005e-01	1.631649833718430975e-01	7.774015259474675865e-02	3.279355983002969072e-02	8.416456794168840350e-02
1.369088970464445310e+03	2.276386633924725733e-01	1.454387598469550902e-01	2.687753528436195860e-01	1.632852156224859075e-01	7.779110880301244590e-02	3.282798697227212043e-02	8.424291251890901611e-02
1.371507855571272785e+03	2.273660480132695116e-01	1.452541950602064535e-01	2.689493269041154933e-01	1.634051276924609608e-01	7.784193339419671898e-02	3.286234231561530744e-02	8.432102661986236314e-02
1.373926740678100487e+03	2.270942141985391738e-01	1.450701455404754814e-01	2.691227564165820096e-01	1.635247203758988799e-01	7.789262667135928020e-02	3.289662592087350124e-02	8.439891087599848962e-02
1.376345625784927961e+03	2.268231597239294406e-01	1.448866098172263972e-01	2.692956432883948925e-01	1.636439944653467204e-01	7.794318893710580620e-02	3.293083784948162146e-02	8.447656591824187489e-02
1.378764510891755890e+03	2.265528823713781059e-01	1.447035864243122749e-01	2.694679894182248625e-01	1.637629507517684990e-01	7.799362049358689319e-02	3.296497816348914478e-02	8.455399237696704928e-02
1.381183395998583137e+03	2.262833799290948911e-01	1.445210738999601341e-01	2.696397966961004977e-01	1.638815900245455814e-01	7.804392164249703001e-02	3.299904692555399172e-02	8.463119088197471052e-02
1.383602281105411066e+03	2.260146501915436257e-01	1.443390707867562850e-01	2.698110670034711278e-01	1.639999130714773212e-01	7.809409268507354340e-02	3.303304419893653837e-02	8.470816206246835345e-02
1.386021166212238768e+03	2.257466909594242899e-01	1.441575756316318957e-01	2.699818022132683404e-01	1.641179206787816980e-01	7.814413392209555720e-02	3.306697004749364899e-02	8.478490654703138563e-02
1.388440051319066470e+03	2.254795000396554450e-01	1.439765869858482816e-01	2.701520041899668767e-01	1.642356136310957615e-01	7.819404565388299311e-02	3.310082453567265298e-02	8.486142496360482568e-02
1.390858936425893944e+03	2.252130752453562479e-01	1.437961034049825004e-01	2.703216747896453609e-01	1.643529927114763256e-01	7.824382818029559927e-02	3.313460772850550240e-02	8.493771793946530702e-02
1.393277821532721646e+03	2.249474143958289929e-01	1.436161234489130023e-01	2.704908158600456414e-01	1.644700587014005788e-01	7.829348180073193719e-02	3.316831969160286692e-02	8.501378610120380319e-02
1.395696706639549120e+03	2.246825153165414035e-01	1.434366456818053082e-01	2.706594292406320212e-01	1.645868123807666950e-01	7.834300681412845191e-02	3.320196049114831210e-02	8.508963007470458917e-02
1.398115591746377049e+03	2.244183758391091188e-01	1.432576686720976045e-01	2.708275167626496560e-01	1.647032545278944993e-01	7.839240351895848669e-02	3.323553019389252627e-02	8.516525048512484097e-02
1.400534476853204296e+03	2.241549938012782350e-01	1.430791909924867267e-01	2.709950802491820632e-01	1.648193859195262734e-01	7.844167221323138095e-02	3.326902886714753343e-02	8.524064795687456841e-02
1.402953361960032225e+03	2.238923670469077365e-01	1.429012112199138373e-01	2.711621215152082986e-01	1.649352073308273103e-01	7.849081319449151273e-02	3.330245657878101034e-02	8.531582311359708903e-02
1.405372247066859927e+03	2.236304934259522037e-01	1.427237279355504929e-01	2.713286423676595227e-01	1.650507195353866641e-01	7.853982675981746597e-02	3.333581339721058967e-02	8.539077657814986289e-02
1.407791132173687402e+03	2.233693707944444939e-01	1.425467397247845158e-01	2.714946446054746776e-01	1.651659233052180098e-01	7.858871320582107300e-02	3.336909939139823256e-02	8.546550897258578527e-02
1.410210017280515103e+03	2.231089970144784218e-01	1.423702451772061728e-01	2.716601300196558322e-01	1.652808194107602546e-01	7.863747282864654020e-02	3.340231463084462893e-02	8.554002091813495134e-02
1.412628902387342805e+03	2.228493699541916062e-01	1.421942428865940744e-01	2.718251003933226939e-01	1.653954086208783703e-01	7.868610592396964309e-02	3.343545918558363250e-02	8.561431303518673985e-02
1.415047787494170507e+03	2.225904874877481787e-01	1.420187314509016308e-01	2.719895575017667322e-01	1.655096917028642256e-01	7.873461278699683819e-02	3.346853312617673049e-02	8.568838594327238267e-02
1.417466672600997981e+03	2.223323474953217693e-01	1.418437094722430347e-01	2.721535031125045800e-01	1.656236694224373640e-01	7.878299371246444416e-02	3.350153652370757573e-02	8.576224026104792286e-02
1.419885557707825683e+03	2.220749478630784646e-01	1.416691755568796895e-01	2.723169389853308253e-01	1.657373425437459191e-01	7.883124899463778146e-02	3.353446944977650501e-02	8.583587660627750582e-02
1.422304442814653157e+03	2.218182864831596546e-01	1.414951283152064976e-01	2.724798668723704131e-01	1.658507118293672533e-01	7.887937892731047840e-02	3.356733197649516831e-02	8.590929559581715613e-02
1.424723327921481086e+03	2.215623612536653242e-01	1.413215663617383433e-01	2.726422885181303823e-01	1.659637780403090679e-01	7.892738380380355523e-02	3.360012417648110955e-02	8.598249784559888753e-02
1.427142213028308333e+03	2.213071700786368445e-01	1.411484883150964098e-01	2.728042056595508247e-01	1.660765419360102357e-01	7.897526391696471637e-02	3.363284612285244446e-02	8.605548397061510424e-02
1.429561098135136262e+03	2.210527108680404307e-01	1.409758927979949117e-01	2.729656200260559551e-01	1.661890042743415785e-01	7.902301955916757326e-02	3.366549788922256620e-02	8.612825458490358521e-02
1.431979983241963964e+03	2.207989815377501552e-01	1.408037784372275503e-01	2.731265333396036277e-01	1.663011658116069491e-01	7.907065102231092268e-02	3.369807954969485791e-02	8.620081030153255164e-02
1.434398868348791666e+03	2.205459800095311840e-01	1.406321438636541910e-01	2.732869473147354622e-01	1.664130273025440920e-01	7.911815859781795579e-02	3.373059117885748165e-02	8.627315173258630343e-02
1.436817753455619140e+03	2.202937042110232335e-01	1.404609877121875960e-01	2.734468636586254164e-01	1.665245895003255594e-01	7.916554257663557803e-02	3.376303285177815333e-02	8.634527948915114715e-02
1.439236638562446842e+03	2.200421520757238070e-01	1.402903086217800743e-01	2.736062840711286359e-01	1.666358531565598211e-01	7.921280324923371530e-02	3.379540464399900107e-02	8.641719418130158759e-02
1.441655523669274316e+03	2.197913215429716516e-01	1.401201052354104359e-01	2.737652102448294156e-01	1.667468190212921253e-01	7.925994090560459227e-02	3.382770663153144425e-02	8.648889641808699125e-02
1.444074408776102018e+03	2.195412105579301887e-01	1.399503762000708362e-01	2.739236438650884953e-01	1.668574878430055808e-01	7.930695583526205239e-02	3.385993889085107955e-02	8.656038680751843017e-02
1.446493293882929493e+03	2.192918170715710546e-01	1.397811201667535641e-01	2.740815866100902998e-01	1.669678603686222118e-01	7.935384832724090565e-02	3.389210149889263640e-02	8.663166595655595603e-02
1.448912178989757422e+03	2.190431390406577250e-01	1.396123357904382467e-01	2.742390401508894571e-01	1.670779373435039017e-01	7.940061867009626240e-02	3.392419453304496013e-02	8.670273447109619336e-02
1.451331064096585123e+03	2.187951744277289445e-01	1.394440217300786655e-01	2.743960061514565951e-01	1.671877195114535308e-01	7.944726715190289501e-02	3.395621807114599516e-02	8.677359295596015487e-02
1.453749949203412370e+03	2.185479212010825456e-01	1.392761766485900443e-01	2.745524862687242496e-01	1.672972076147159759e-01	7.949379406025462724e-02	3.398817219147787921e-02	8.684424201488147310e-02
1.456168834310240300e+03	2.183013773347591557e-01	1.391087992128360595e-01	2.747084821526317167e-01	1.674064023939793033e-01	7.954019968226370974e-02	3.402005697276198892e-02	8.691468225049484020e-02
1.458587719417068001e+03	2.180555408085258773e-01	1.389418880936161282e-01	2.748639954461698509e-01	1.675153045883758518e-01	7.958648430456022327e-02	3.405187249415404099e-02	8.698491426432480855e-02
1.461006604523895703e+03	2.178104096078601615e-01	1.387754419656525295e-01	2.750190277854251408e-01	1.676239149354833424e-01	7.963264821329142651e-02	3.408361883523926966e-02	8.705493865677488285e-02
1.463425489630723177e+03	2.175659817239336269e-01	1.386094595075778868e-01	2.751735807996235628e-01	1.677322341713259890e-01	7.967869169412128416e-02	3.411529607602760417e-02	8.712475602711682032e-02
1.465844374737550879e+03	2.173222551535959612e-01	1.384439394019224279e-01	2.753276561111737131e-01	1.678402630303756637e-01	7.972461503222985635e-02	3.414690429694885315e-02	8.719436697348033338e-02
1.468263259844378354e+03	2.170792278993589619e-01	1.382788803351013562e-01	2.754812553357097182e-01	1.679480022455531185e-01	7.977041851231272962e-02	3.417844357884797929e-02	8.726377209284294501e-02
1.470682144951206283e+03	2.168368979693805210e-01	1.381142809974024444e-01	2.756343800821337009e-01	1.680554525482290951e-01	7.981610241858047572e-02	3.420991400298036694e-02	8.733297198102017711e-02
1.473101030058033530e+03	2.165952633774485547e-01	1.379501400829734326e-01	2.757870319526578018e-01	1.681626146682257128e-01	7.986166703475817974e-02	3.424131565100713148e-02	8.740196723265603040e-02
1.475519915164861459e+03	2.163543221429651831e-01	1.377864562898096501e-01	2.759392125428456466e-01	1.682694893338173847e-01	7.990711264408487113e-02	3.427264860499045634e-02	8.747075844121367239e-02
1.477938800271689161e+03	2.161140722909310197e-01	1.376232283197415529e-01	2.760909234416534797e-01	1.683760772717322884e-01	7.995243952931306575e-02	3.430391294738898561e-02	8.753934619896644453e-02
1.480357685378516862e+03	2.158745118519291573e-01	1.374604548784225388e-01	2.762421662314711313e-01	1.684823792071535598e-01	7.999764797270821071e-02	3.433510876105322351e-02	8.760773109698898053e-02
1.482776570485344337e+03	2.156356388621095133e-01	1.372981346753165965e-01	2.763929424881621522e-01	1.685883958637205415e-01	8.004273825604828196e-02	3.436623612922096171e-02	8.767591372514879633e-02
