1.001418434226643626e+03	2.796416553250839487e-01	1.804910370261504637e-01	2.345950589454447455e-01	1.408370257654537050e-01	6.835064661016918008e-02	2.674567771199284211e-02	6.933889861543082733e-02
1.002869765290740247e+03	2.793885609732825737e-01	1.803212189185487424e-01	2.347670370569191478e-01	1.409442961497319458e-01	6.839540464856881663e-02	2.677288509731037477e-02	6.941059715536414265e-02
1.004321096354836754e+03	2.791359011640853205e-01	1.801516891460621383e-01	2.349386535706246837e-01	1.410514014972138186e-01	6.844009729797546904e-02	2.680006798791144049e-02	6.948218933585292856e-02
1.005772427418933376e+03	2.788836751538729120e-01	1.799824471964061312e-01	2.351099095303848807e-01	1.411583420288622381e-01	6.848472463374417896e-02	2.682722635313633183e-02	6.955367510331914027e-02
1.007223758483029997e+03	2.786318822003296947e-01	1.798134925583372290e-01	2.352808059749171010e-01	1.412651179654594857e-01	6.852928673120425862e-02	2.685436016261717740e-02	6.962505440686089786e-02
1.008675089547126618e+03	2.783805215624404750e-01	1.796448247216499705e-01	2.354513439378708994e-01	1.413717295276065433e-01	6.857378366565969330e-02	2.688146938627660257e-02	6.969632719822163591e-02
1.010126420611223239e+03	2.781295925004884095e-01	1.794764431771737612e-01	2.356215244478656046e-01	1.414781769357228713e-01	6.861821551238939110e-02	2.690855399432642153e-02	6.976749343175944751e-02
1.011577751675319632e+03	2.778790942760516747e-01	1.793083474167699032e-01	2.357913485285278166e-01	1.415844604100459092e-01	6.866258234664744664e-02	2.693561395726632238e-02	6.983855306441683064e-02
1.013029082739416367e+03	2.776290261520010794e-01	1.791405369333284592e-01	2.359608171985286551e-01	1.416905801706309087e-01	6.870688424366344638e-02	2.696264924588255910e-02	6.990950605569076770e-02
1.014480413803512761e+03	2.773793873924972897e-01	1.789730112207653101e-01	2.361299314716203690e-01	1.417965364373505455e-01	6.875112127864264899e-02	2.698965983124666096e-02	6.998035236760301314e-02
1.015931744867609382e+03	2.771301772629882199e-01	1.788057697740191854e-01	2.362986923566728348e-01	1.419023294298944471e-01	6.879529352676623521e-02	2.701664568471413841e-02	7.005109196467075583e-02
1.017383075931706003e+03	2.768813950302062010e-01	1.786388120890485542e-01	2.364671008577097222e-01	1.420079593677691376e-01	6.883940106319146046e-02	2.704360677792318549e-02	7.012172481387757283e-02
1.018834406995802851e+03	2.766330399621653724e-01	1.784721376628287393e-01	2.366351579739442434e-01	1.421134264702976213e-01	6.888344396305183526e-02	2.707054308279339960e-02	7.019225088464463302e-02
1.020285738059899245e+03	2.763851113281590721e-01	1.783057459933489186e-01	2.368028646998146802e-01	1.422187309566191604e-01	6.892742230145726401e-02	2.709745457152451867e-02	7.026267014880228923e-02
1.021737069123995752e+03	2.761376083987571173e-01	1.781396365796091286e-01	2.369702220250195779e-01	1.423238730456889423e-01	6.897133615349421154e-02	2.712434121659515127e-02	7.033298258056178143e-02
1.023188400188092373e+03	2.758905304458031948e-01	1.779738089216175156e-01	2.371372309345525231e-01	1.424288529562780237e-01	6.901518559422570309e-02	2.715120299076149643e-02	7.040318815648749506e-02
1.024639731252188767e+03	2.756438767424122527e-01	1.778082625203872280e-01	2.373038924087367274e-01	1.425336709069728869e-01	6.905897069869154636e-02	2.717803986705609812e-02	7.047328685546920546e-02
1.026091062316285615e+03	2.753976465629678905e-01	1.776429968779336677e-01	2.374702074232592219e-01	1.426383271161754118e-01	6.910269154190831764e-02	2.720485181878659273e-02	7.054327865869484959e-02
1.027542393380382237e+03	2.751518391831196952e-01	1.774780114972714373e-01	2.376361769492049414e-01	1.427428218021024875e-01	6.914634819886950057e-02	2.723163881953446011e-02	7.061316354962345054e-02
1.028993724444478858e+03	2.749064538797807433e-01	1.773133058824116204e-01	2.378018019530900862e-01	1.428471551827859565e-01	6.918994074454550003e-02	2.725840084315378845e-02	7.068294151395834723e-02
1.030445055508575479e+03	2.746614899311248248e-01	1.771488795383588943e-01	2.379670833968956789e-01	1.429513274760723096e-01	6.923346925388366990e-02	2.728513786377002870e-02	7.075261253962064623e-02
1.031896386572671872e+03	2.744169466165841120e-01	1.769847319711086719e-01	2.381320222381005658e-01	1.430553388996226027e-01	6.927693380180831306e-02	2.731184985577876992e-02	7.082217661672307596e-02
1.033347717636768493e+03	2.741728232168463286e-01	1.768208626876443257e-01	2.382966194297140572e-01	1.431591896709122902e-01	6.932033446322077852e-02	2.733853679384451105e-02	7.089163373754393815e-02
1.034799048700865114e+03	2.739291190138523069e-01	1.766572711959342457e-01	2.384608759203084571e-01	1.432628800072308639e-01	6.936367131299941979e-02	2.736519865289945008e-02	7.096098389650150329e-02
1.036250379764961508e+03	2.736858332907936009e-01	1.764939570049292306e-01	2.386247926540512043e-01	1.433664101256819645e-01	6.940694442599951164e-02	2.739183540814226284e-02	7.103022709012850322e-02
1.037701710829058356e+03	2.734429653321096554e-01	1.763309196245596011e-01	2.387883705707367632e-01	1.434697802431829927e-01	6.945015387705337495e-02	2.741844703503689556e-02	7.109936331704697077e-02
1.039153041893154750e+03	2.732005144234854743e-01	1.761681585657324245e-01	2.389516106058182654e-01	1.435729905764651093e-01	6.949329974097025187e-02	2.744503350931136107e-02	7.116839257794337070e-02
1.040604372957251599e+03	2.729584798518490674e-01	1.760056733403288221e-01	2.391145136904387347e-01	1.436760413420729854e-01	6.953638209253626412e-02	2.747159480695653827e-02	7.123731487554388342e-02
1.042055704021347992e+03	2.727168609053687853e-01	1.758434634612011660e-01	2.392770807514621179e-01	1.437789327563647468e-01	6.957940100651444082e-02	2.749813090422498912e-02	7.130613021459002165e-02
1.043507035085444613e+03	2.724756568734509887e-01	1.756815284421704426e-01	2.394393127115042597e-01	1.438816650355117521e-01	6.962235655764457964e-02	2.752464177762975819e-02	7.137483860181448314e-02
1.044958366149541234e+03	2.722348670467374943e-01	1.755198677980234212e-01	2.396012104889631567e-01	1.439842383954985094e-01	6.966524882064327462e-02	2.755112740394318957e-02	7.144344004591722530e-02
1.046409697213637855e+03	2.719944907171031323e-01	1.753584810445101005e-01	2.397627749980492662e-01	1.440866530521225097e-01	6.970807787020376345e-02	2.757758776019576460e-02	7.151193455754177586e-02
1.047861028277734476e+03	2.717545271776531379e-01	1.751973676983408779e-01	2.399240071488155379e-01	1.441889092209941436e-01	6.975084378099589977e-02	2.760402282367490842e-02	7.158032214925186265e-02
1.049312359341831097e+03	2.715149757227208194e-01	1.750365272771840230e-01	2.400849078471869458e-01	1.442910071175365627e-01	6.979354662766606987e-02	2.763043257192383806e-02	7.164860283550816833e-02
1.050763690405927491e+03	2.712758356478649491e-01	1.748759592996628753e-01	2.402454779949901587e-01	1.443929469569854851e-01	6.983618648483709557e-02	2.765681698274038633e-02	7.171677663264543201e-02
1.052215021470024112e+03	2.710371062498675432e-01	1.747156632853533731e-01	2.404057184899825172e-01	1.444947289543891955e-01	6.987876342710817867e-02	2.768317603417585343e-02	7.178484355884974522e-02
1.053666352534120733e+03	2.707987868267311971e-01	1.745556387547813060e-01	2.405656302258810386e-01	1.445963533246083232e-01	6.992127752905472060e-02	2.770950970453384468e-02	7.185280363413601434e-02
1.055117683598217127e+03	2.705608766776766982e-01	1.743958852294196504e-01	2.407252140923911155e-01	1.446978202823157866e-01	6.996372886522828072e-02	2.773581797236912908e-02	7.192065688032577009e-02
1.056569014662313975e+03	2.703233751031407506e-01	1.742364022316861827e-01	2.408844709752347713e-01	1.447991300419966543e-01	7.000611751015646533e-02	2.776210081648649436e-02	7.198840332102517114e-02
1.058020345726410369e+03	2.700862814047732541e-01	1.740771892849405922e-01	2.410434017561791376e-01	1.449002828179480340e-01	7.004844353834280279e-02	2.778835821593960559e-02	7.205604298160310506e-02
1.059471676790506763e+03	2.698495948854351956e-01	1.739182459134821224e-01	2.412020073130639874e-01	1.450012788242789619e-01	7.009070702426663246e-02	2.781459015002987409e-02	7.212357588916973317e-02
1.060923007854603611e+03	2.696133148491962062e-01	1.737595716425469339e-01	2.413602885198296855e-01	1.451021182749102634e-01	7.013290804238296594e-02	2.784079659830531253e-02	7.219100207255511881e-02
1.062374338918700232e+03	2.693774406013318412e-01	1.736011659983056066e-01	2.415182462465445545e-01	1.452028013835745812e-01	7.017504666712241768e-02	2.786697754055943860e-02	7.225832156228803593e-02
1.063825669982796853e+03	2.691419714483217485e-01	1.734430285078604195e-01	2.416758813594320210e-01	1.453033283638160700e-01	7.021712297289095517e-02	2.789313295683012658e-02	7.232553439057515243e-02
1.065277001046893474e+03	2.689069066978467815e-01	1.732851586992430748e-01	2.418331947208976485e-01	1.454036994289903684e-01	7.025913703406989896e-02	2.791926282739850412e-02	7.239264059128026896e-02
1.066728332110990095e+03	2.686722456587867791e-01	1.731275561014120334e-01	2.419901871895557555e-01	1.455039147922645437e-01	7.030108892501571449e-02	2.794536713278784543e-02	7.245964019990387694e-02
1.068179663175086489e+03	2.684379876412184007e-01	1.729702202442500170e-01	2.421468596202559498e-01	1.456039746666169810e-01	7.034297872005988717e-02	2.797144585376245760e-02	7.252653325356288316e-02
1.069630994239183110e+03	2.682041319564125725e-01	1.728131506585615651e-01	2.423032128641094129e-01	1.457038792648371883e-01	7.038480649350878360e-02	2.799749897132657039e-02	7.259331979097051468e-02
1.071082325303279504e+03	2.679706779168321562e-01	1.726563468760704823e-01	2.424592477685149627e-01	1.458036287995257696e-01	7.042657231964348508e-02	2.802352646672325726e-02	7.265999985241651526e-02
1.072533656367376352e+03	2.677376248361296729e-01	1.724998084294174783e-01	2.426149651771846993e-01	1.459032234830943131e-01	7.046827627271971817e-02	2.804952832143332853e-02	7.272657347974745279e-02
1.073984987431472746e+03	2.675049720291449717e-01	1.723435348521575872e-01	2.427703659301697070e-01	1.460026635277652529e-01	7.050991842696756329e-02	2.807550451717424900e-02	7.279304071634733198e-02
1.075436318495569594e+03	2.672727188119028430e-01	1.721875256787577801e-01	2.429254508638854226e-01	1.461019491455718411e-01	7.055149885659144082e-02	2.810145503589905197e-02	7.285940160711826263e-02
1.076887649559666215e+03	2.670408645016107974e-01	1.720317804445946341e-01	2.430802208111367269e-01	1.462010805483579534e-01	7.059301763576984745e-02	2.812737985979525332e-02	7.292565619846151648e-02
1.078338980623762609e+03	2.668094084166566238e-01	1.718762986859516950e-01	2.432346766011427852e-01	1.463000579477780061e-01	7.063447483865528675e-02	2.815327897128377943e-02	7.299180453825857007e-02
1.079790311687859230e+03	2.665783498766062243e-01	1.717210799400172572e-01	2.433888190595618894e-01	1.463988815552969280e-01	7.067587053937407493e-02	2.817915235301790902e-02	7.305784667585253633e-02
1.081241642751955851e+03	2.663476882022011716e-01	1.715661237448819210e-01	2.435426490085158269e-01	1.464975515821899665e-01	7.071720481202614650e-02	2.820499998788218027e-02	7.312378266202965160e-02
1.082692973816052472e+03	2.661174227153565996e-01	1.714114296395360670e-01	2.436961672666142220e-01	1.465960682395426595e-01	7.075847773068490165e-02	2.823082185899134997e-02	7.318961254900104019e-02
1.084144304880149093e+03	2.658875527391588167e-01	1.712569971638677191e-01	2.438493746489786007e-01	1.466944317382506691e-01	7.079968936939710911e-02	2.825661794968932841e-02	7.325533639038461775e-02
1.085595635944245487e+03	2.656580775978630293e-01	1.711028258586599626e-01	2.440022719672661766e-01	1.467926422890197258e-01	7.084083980218267018e-02	2.828238824354811776e-02	7.332095424118716120e-02
1.087046967008342108e+03	2.654289966168912329e-01	1.709489152655886968e-01	2.441548600296935545e-01	1.468907001023655179e-01	7.088192910303443839e-02	2.830813272436677810e-02	7.338646615778665616e-02
1.088498298072438729e+03	2.652003091228296028e-01	1.707952649272203582e-01	2.443071396410601837e-01	1.469886053886135524e-01	7.092295734591809453e-02	2.833385137617036587e-02	7.345187219791474154e-02
1.089949629136535123e+03	2.649720144434266067e-01	1.706418743870094235e-01	2.444591116027715061e-01	1.470863583578990996e-01	7.096392460477196629e-02	2.835954418320890333e-02	7.351717242063936231e-02
1.091400960200631971e+03	2.647441119075906180e-01	1.704887431892961880e-01	2.446107767128621602e-01	1.471839592201670821e-01	7.100483095350686169e-02	2.838521112995632742e-02	7.358236688634761657e-02
1.092852291264728365e+03	2.645166008453876394e-01	1.703358708793044629e-01	2.447621357660187125e-01	1.472814081851719636e-01	7.104567646600583319e-02	2.841085220110947662e-02	7.364745565672879690e-02
1.094303622328825213e+03	2.642894805880391940e-01	1.701832570031391878e-01	2.449131895536022785e-01	1.473787054624776105e-01	7.108646121612408053e-02	2.843646738158705015e-02	7.371243879475748717e-02
1.095754953392921607e+03	2.640627504679199378e-01	1.700309011077842936e-01	2.450639388636710325e-01	1.474758512614572636e-01	7.112718527768875643e-02	2.846205665652858097e-02	7.377731636467702026e-02
1.097206284457018228e+03	2.638364098185556061e-01	1.698788027411002877e-01	2.452143844810024675e-01	1.475728457912934000e-01	7.116784872449873067e-02	2.848762001129341928e-02	7.384208843198300509e-02
1.098657615521114849e+03	2.636104579746207377e-01	1.697269614518220060e-01	2.453645271871154609e-01	1.476696892609776213e-01	7.120845163032450686e-02	2.851315743145971249e-02	7.390675506340696477e-02
1.100108946585211470e+03	2.633848942719363428e-01	1.695753767895563924e-01	2.455143677602920627e-01	1.477663818793104877e-01	7.124899406890797260e-02	2.853866890282340252e-02	7.397131632690030767e-02
1.101560277649308091e+03	2.631597180474679609e-01	1.694240483047802781e-01	2.456639069755993388e-01	1.478629238549016289e-01	7.128947611396223294e-02	2.856415441139720582e-02	7.403577229161829865e-02
1.103011608713404712e+03	2.629349286393233287e-01	1.692729755488380783e-01	2.458131456049107988e-01	1.479593153961693552e-01	7.132989783917144389e-02	2.858961394340960721e-02	7.410012302790432159e-02
1.104462939777501106e+03	2.627105253867502710e-01	1.691221580739395991e-01	2.459620844169276010e-01	1.480555567113407411e-01	7.137025931819063196e-02	2.861504748530387110e-02	7.416436860727421143e-02
1.105914270841597499e+03	2.624865076301343692e-01	1.689715954331577619e-01	2.461107241771999521e-01	1.481516480084514864e-01	7.141056062464548604e-02	2.864045502373703533e-02	7.422850910240082201e-02
1.107365601905694348e+03	2.622628747109969627e-01	1.688212871804265491e-01	2.462590656481478124e-01	1.482475894953458329e-01	7.145080183213220471e-02	2.866583654557892241e-02	7.429254458709873277e-02
1.108816932969790741e+03	2.620396259719928178e-01	1.686712328705385899e-01	2.464071095890817686e-01	1.483433813796763423e-01	7.149098301421728807e-02	2.869119203791115069e-02	7.435647513630909422e-02
1.110268264033887590e+03	2.618167607569081845e-01	1.685214320591431614e-01	2.465548567562236837e-01	1.484390238689039243e-01	7.153110424443737125e-02	2.871652148802614907e-02	7.442030082608459829e-02
1.111719595097984211e+03	2.615942784106585761e-01	1.683718843027438294e-01	2.467023079027270416e-01	1.485345171702976974e-01	7.157116559629901620e-02	2.874182488342616471e-02	7.448402173357476785e-02
1.113170926162080832e+03	2.613721782792864934e-01	1.682225891586965061e-01	2.468494637786972645e-01	1.486298614909348503e-01	7.161116714327855903e-02	2.876710221182231242e-02	7.454763793701116303e-02
1.114622257226177226e+03	2.611504597099594260e-01	1.680735461852071178e-01	2.469963251312116692e-01	1.487250570377005587e-01	7.165110895882190190e-02	2.879235346113357893e-02	7.461114951569293441e-02
1.116073588290273847e+03	2.609291220509677434e-01	1.679247549413294127e-01	2.471428927043395340e-01	1.488201040172879019e-01	7.169099111634433252e-02	2.881757861948586186e-02	7.467455654997244563e-02
1.117524919354370468e+03	2.607081646517223628e-01	1.677762149869630737e-01	2.472891672391617224e-01	1.489150026361976964e-01	7.173081368923034384e-02	2.884277767521099822e-02	7.473785912124103481e-02
1.118976250418467089e+03	2.604875868627529178e-01	1.676279258828513308e-01	2.474351494737903334e-01	1.490097531007384402e-01	7.177057675083342581e-02	2.886795061684581040e-02	7.480105731191497020e-02
1.120427581482563710e+03	2.602673880357055380e-01	1.674798871905788800e-01	2.475808401433880201e-01	1.491043556170262019e-01	7.181028037447591272e-02	2.889309743313114506e-02	7.486415120542153079e-02
1.121878912546660331e+03	2.600475675233406281e-01	1.673320984725699678e-01	2.477262399801873072e-01	1.491988103909845098e-01	7.184992463344876124e-02	2.891821811301091560e-02	7.492714088618518398e-02
1.123330243610756725e+03	2.598281246795308697e-01	1.671845592920860324e-01	2.478713497135096033e-01	1.492931176283442407e-01	7.188950960101138377e-02	2.894331264563116193e-02	7.499002643961399928e-02
1.124781574674853118e+03	2.596090588592591120e-01	1.670372692132236769e-01	2.480161700697841587e-01	1.493872775346435644e-01	7.192903535039144036e-02	2.896838102033909637e-02	7.505280795208618683e-02
1.126232905738949967e+03	2.593903694186164288e-01	1.668902278009127826e-01	2.481607017725668274e-01	1.494812903152277495e-01	7.196850195478468604e-02	2.899342322668215302e-02	7.511548551093671922e-02
1.127684236803046360e+03	2.591720557147997317e-01	1.667434346209141771e-01	2.483049455425585528e-01	1.495751561752491077e-01	7.200790948735474872e-02	2.901843925440706490e-02	7.517805920444406431e-02
1.129135567867143209e+03	2.589541171061099378e-01	1.665968892398176360e-01	2.484489020976239637e-01	1.496688753196668553e-01	7.204725802123296274e-02	2.904342909345891330e-02	7.524052912181725117e-02
1.130586898931239830e+03	2.587365529519498608e-01	1.664505912250399122e-01	2.485925721528095544e-01	1.497624479532470854e-01	7.208654762951816064e-02	2.906839273398020840e-02	7.530289535318281102e-02
1.132038229995336451e+03	2.585193626128219901e-01	1.663045401448226546e-01	2.487359564203618922e-01	1.498558742805625732e-01	7.212577838527649277e-02	2.909333016630995944e-02	7.536515798957207912e-02
1.133489561059432845e+03	2.583025454503268259e-01	1.661587355682302425e-01	2.488790556097454920e-01	1.499491545059927489e-01	7.216495036154121911e-02	2.911824138098273798e-02	7.542731712290845492e-02
1.134940892123529466e+03	2.580861008271602697e-01	1.660131770651479266e-01	2.490218704276607464e-01	1.500422888337235028e-01	7.220406363131258443e-02	2.914312636872776890e-02	7.548937284599493980e-02
1.136392223187626087e+03	2.578700281071120703e-01	1.658678642062796915e-01	2.491644015780614674e-01	1.501352774677471302e-01	7.224311826755759613e-02	2.916798512046801101e-02	7.555132525250171649e-02
1.137843554251722708e+03	2.576543266550634925e-01	1.657227965631463407e-01	2.493066497621725941e-01	1.502281206118622758e-01	7.228211434320977458e-02	2.919281762731924107e-02	7.561317443695389495e-02
1.139294885315819101e+03	2.574389958369855957e-01	1.655779737080833591e-01	2.494486156785074293e-01	1.503208184696737115e-01	7.232105193116902808e-02	2.921762388058914833e-02	7.567492049471934157e-02
1.140746216379915950e+03	2.572240350199367365e-01	1.654333952142389985e-01	2.495903000228849311e-01	1.504133712445923365e-01	7.235993110430148645e-02	2.924240387177641509e-02	7.573656352199671649e-02
1.142197547444012343e+03	2.570094435720609027e-01	1.652890606555723063e-01	2.497317034884467546e-01	1.505057791398350386e-01	7.239875193543925114e-02	2.926715759256983199e-02	7.579810361580358036e-02
1.143648878508108737e+03	2.567952208625855492e-01	1.651449696068510442e-01	2.498728267656742663e-01	1.505980423584245553e-01	7.243751449738024262e-02	2.929188503484738901e-02	7.585954087396459822e-02
1.145100209572205586e+03	2.565813662618197100e-01	1.650011216436498285e-01	2.500136705424053085e-01	1.506901611031893906e-01	7.247621886288801996e-02	2.931658619067537344e-02	7.592087539510002092e-02
1.146551540636302207e+03	2.563678791411519997e-01	1.648575163423480761e-01	2.501542355038508525e-01	1.507821355767637039e-01	7.251486510469154489e-02	2.934126105230748516e-02	7.598210727861401392e-02
1.148002871700398828e+03	2.561547588730483382e-01	1.647141532801281727e-01	2.502945223326115132e-01	1.508739659815872547e-01	7.255345329548502920e-02	2.936590961218395537e-02	7.604323662468343015e-02
1.149454202764495449e+03	2.559420048310502294e-01	1.645710320349733635e-01	2.504345317086940081e-01	1.509656525199052357e-01	7.259198350792776810e-02	2.939053186293064807e-02	7.610426353424643020e-02
1.150905533828591842e+03	2.557296163897728736e-01	1.644281521856658379e-01	2.505742643095273947e-01	1.510571953937681622e-01	7.263045581464390443e-02	2.941512779735817526e-02	7.616518810899139402e-02
1.152356864892688463e+03	2.555175929249026701e-01	1.642855133117849531e-01	2.507137208099791126e-01	1.511485948050318717e-01	7.266887028822228978e-02	2.943969740846103314e-02	7.622601045134587416e-02
1.153808195956785084e+03	2.553059338131957734e-01	1.641431149937051248e-01	2.508529018823709711e-01	1.512398509553572745e-01	7.270722700121624860e-02	2.946424068941671734e-02	7.628673066446568785e-02
1.155259527020881706e+03	2.550946384324759841e-01	1.640009568125940509e-01	2.509918081964950254e-01	1.513309640462102978e-01	7.274552602614342556e-02	2.948875763358485558e-02	7.634734885222412004e-02
1.156710858084978327e+03	2.548837061616326394e-01	1.638590383504106573e-01	2.511304404196293416e-01	1.514219342788618861e-01	7.278376743548557737e-02	2.951324823450634030e-02	7.640786511920126534e-02
1.158162189149074720e+03	2.546731363806187809e-01	1.637173591899033220e-01	2.512687992165536510e-01	1.515127618543877508e-01	7.282195130168840624e-02	2.953771248590244744e-02	7.646827957067341142e-02
1.159613520213171569e+03	2.544629284704491012e-01	1.635759189146078763e-01	2.514068852495645046e-01	1.516034469736683710e-01	7.286007769716137950e-02	2.956215038167399681e-02	7.652859231260260298e-02
1.161064851277267962e+03	2.542530818131980563e-01	1.634347171088458561e-01	2.515446991784908159e-01	1.516939898373887985e-01	7.289814669427749361e-02	2.958656191590048473e-02	7.658880345162634440e-02
1.162516182341364356e+03	2.540435957919979226e-01	1.632937533577224487e-01	2.516822416607091828e-01	1.517843906460386860e-01	7.293615836537313546e-02	2.961094708283923058e-02	7.664891309504728856e-02
1.163967513405461204e+03	2.538344697910368541e-01	1.631530272471248266e-01	2.518195133511587080e-01	1.518746495999120649e-01	7.297411278274790192e-02	2.963530587692452326e-02	7.670892135082316154e-02
1.165418844469557826e+03	2.536257031955568286e-01	1.630125383637200942e-01	2.519565149023560435e-01	1.519647668991072342e-01	7.301201001866439166e-02	2.965963829276677469e-02	7.676882832755671515e-02
1.166870175533654447e+03	2.534172953918519822e-01	1.628722862949534556e-01	2.520932469644103224e-01	1.520547427435268162e-01	7.304985014534801091e-02	2.968394432515166978e-02	7.682863413448587364e-02
1.168321506597751068e+03	2.532092457672664998e-01	1.627322706290464938e-01	2.522297101850377588e-01	1.521445773328774509e-01	7.308763323498682074e-02	2.970822396903933724e-02	7.688833888147385276e-02
1.169772837661847461e+03	2.530015537101926171e-01	1.625924909549952835e-01	2.523659052095762467e-01	1.522342708666698796e-01	7.312535935973132895e-02	2.973247721956349260e-02	7.694794267899951468e-02
1.171224168725944082e+03	2.527942186100687882e-01	1.624529468625684203e-01	2.525018326809997937e-01	1.523238235442186672e-01	7.316302859169430961e-02	2.975670407203062640e-02	7.700744563814772292e-02
1.172675499790040703e+03	2.525872398573779098e-01	1.623136379423053832e-01	2.526374932399330642e-01	1.524132355646422576e-01	7.320064100295062270e-02	2.978090452191915760e-02	7.706684787059990549e-02
1.174126830854137097e+03	2.523806168436453223e-01	1.621745637855145639e-01	2.527728875246652573e-01	1.525025071268628352e-01	7.323819666553707530e-02	2.980507856487859403e-02	7.712614948862463182e-02
1.175578161918233945e+03	2.521743489614368672e-01	1.620357239842715458e-01	2.529080161711645403e-01	1.525916384296061024e-01	7.327569565145213015e-02	2.982922619672873782e-02	7.718535060506831469e-02
1.177029492982330339e+03	2.519684356043569440e-01	1.618971181314172447e-01	2.530428798130919810e-01	1.526806296714013633e-01	7.331313803265583628e-02	2.985334741345883544e-02	7.724445133334602309e-02
1.178480824046426733e+03	2.517628761670467341e-01	1.617587458205561601e-01	2.531774790818152598e-01	1.527694810505813294e-01	7.335052388106959309e-02	2.987744221122677277e-02	7.730345178743239232e-02
1.179932155110523581e+03	2.515576700451822578e-01	1.616206066460545432e-01	2.533118146064226028e-01	1.528581927652820083e-01	7.338785326857596991e-02	2.990151058635825976e-02	7.736235208185261725e-02
1.181383486174620202e+03	2.513528166354724314e-01	1.614827002030386760e-01	2.534458870137363817e-01	1.529467650134426482e-01	7.342512626701852563e-02	2.992555253534600473e-02	7.742115233167358446e-02
1.182834817238716823e+03	2.511483153356574571e-01	1.613450260873929842e-01	2.535796969283266034e-01	1.530351979928056549e-01	7.346234294820165600e-02	2.994956805484892334e-02	7.747985265249499043e-02
1.184286148302813444e+03	2.509441655445066033e-01	1.612075838957582885e-01	2.537132449725245653e-01	1.531234919009163975e-01	7.349950338389039939e-02	2.997355714169131630e-02	7.753845316044073732e-02
1.185737479366910065e+03	2.507403666618165938e-01	1.610703732255301668e-01	2.538465317664358456e-01	1.532116469351232080e-01	7.353660764581021470e-02	2.999751979286207834e-02	7.759695397215024548e-02
1.187188810431006686e+03	2.505369180884094993e-01	1.609333936748570393e-01	2.539795579279538473e-01	1.532996632925772984e-01	7.357365580564687035e-02	3.002145600551388988e-02	7.765535520476993248e-02
1.188640141495103080e+03	2.503338192261312378e-01	1.607966448426385031e-01	2.541123240727725663e-01	1.533875411702326219e-01	7.361064793504622228e-02	3.004536577696242591e-02	7.771365697594483091e-02
1.190091472559199701e+03	2.501310694778493549e-01	1.606601263285235837e-01	2.542448308144000246e-01	1.534752807648457062e-01	7.364758410561404733e-02	3.006924910468555812e-02	7.777185940381017848e-02
1.191542803623296322e+03	2.499286682474514687e-01	1.605238377329089305e-01	2.543770787641707609e-01	1.535628822729757370e-01	7.368446438891586292e-02	3.009310598632256376e-02	7.782996260698321622e-02
1.192994134687392716e+03	2.497266149398431612e-01	1.603877786569371799e-01	2.545090685312587087e-01	1.536503458909843078e-01	7.372128885647677432e-02	3.011693641967334509e-02	7.788796670455500060e-02
1.194445465751489564e+03	2.495249089609463677e-01	1.602519487024951783e-01	2.546408007226902415e-01	1.537376718150354205e-01	7.375805757978125266e-02	3.014074040269763485e-02	7.794587181608235438e-02
1.195896796815585958e+03	2.493235497176974069e-01	1.601163474722122615e-01	2.547722759433563300e-01	1.538248602410953458e-01	7.379477063027302386e-02	3.016451793351421912e-02	7.800367806157985917e-02
1.197348127879682352e+03	2.491225366180452316e-01	1.599809745694585339e-01	2.549034947960253095e-01	1.539119113649325410e-01	7.383142807935479113e-02	3.018826901040016705e-02	7.806138556151197283e-02
1.198799458943779200e+03	2.489218690709494863e-01	1.598458295983432309e-01	2.550344578813549257e-01	1.539988253821175657e-01	7.386802999838815165e-02	3.021199363179003991e-02	7.811899443678518851e-02
1.200250790007875821e+03	2.487215464863788972e-01	1.597109121637128870e-01	2.551651657979049359e-01	1.540856024880229713e-01	7.390457645869341619e-02	3.023569179627512427e-02	7.817650480874034635e-02
1.201702121071972442e+03	2.485215682753092181e-01	1.595762218711498648e-01	2.552956191421492105e-01	1.541722428778233289e-01	7.394106753154937317e-02	3.025936350260267221e-02	7.823391679914491748e-02
1.203153452136069063e+03	2.483219338497215933e-01	1.594417583269703564e-01	2.554258185084878341e-01	1.542587467464949236e-01	7.397750328819319154e-02	3.028300874967512074e-02	7.829123053018552381e-02
1.204604783200165684e+03	2.481226426226007253e-01	1.593075211382229961e-01	2.555557644892590408e-01	1.543451142888158101e-01	7.401388379982018484e-02	3.030662753654933886e-02	7.834844612446041634e-02
1.206056114264262078e+03	2.479236940079329043e-01	1.591735099126870834e-01	2.556854576747512042e-01	1.544313456993657574e-01	7.405020913758365853e-02	3.033021986243586085e-02	7.840556370497203664e-02
1.207507445328358699e+03	2.477250874207044817e-01	1.590397242588707793e-01	2.558148986532144398e-01	1.545174411725260821e-01	7.408647937259477123e-02	3.035378572669812994e-02	7.846258339511978652e-02
1.208958776392455093e+03	2.475268222768998161e-01	1.589061637860097187e-01	2.559440880108725391e-01	1.546034009024795930e-01	7.412269457592232658e-02	3.037732512885175234e-02	7.851950531869271444e-02
1.210410107456551941e+03	2.473288979934996912e-01	1.587728281040650391e-01	2.560730263319345168e-01	1.546892250832104798e-01	7.415885481859257888e-02	3.040083806856372015e-02	7.857632959986241006e-02
1.211861438520648335e+03	2.471313139884794563e-01	1.586397168237220212e-01	2.562017141986059898e-01	1.547749139085042580e-01	7.419496017158916379e-02	3.042432454565169656e-02	7.863305636317585723e-02
1.213312769584745183e+03	2.469340696808071667e-01	1.585068295563882290e-01	2.563301521911008352e-01	1.548604675719476853e-01	7.423101070585280681e-02	3.044778456008325265e-02	7.868968573354848117e-02
1.214764100648841804e+03	2.467371644904419459e-01	1.583741659141920111e-01	2.564583408876523474e-01	1.549458862669286507e-01	7.426700649228122619e-02	3.047121811197511104e-02	7.874621783625719573e-02
1.216215431712937971e+03	2.465405978383320706e-01	1.582417255099808073e-01	2.565862808645244519e-01	1.550311701866361747e-01	7.430294760172896640e-02	3.049462520159243115e-02	7.880265279693354774e-02
1.217666762777034819e+03	2.463443691464133611e-01	1.581095079573195394e-01	2.567139726960231405e-01	1.551163195240601866e-01	7.433883410500718991e-02	3.051800582934805980e-02	7.885899074155698629e-02
1.219118093841131440e+03	2.461484778376072657e-01	1.579775128704889453e-01	2.568414169545072956e-01	1.552013344719915811e-01	7.437466607288355236e-02	3.054135999580179228e-02	7.891523179644804875e-02
1.220569424905228061e+03	2.459529233358192513e-01	1.578457398644840248e-01	2.569686142103995707e-01	1.552862152230220782e-01	7.441044357608199433e-02	3.056468770165965410e-02	7.897137608826187982e-02
1.222020755969324682e+03	2.457577050659368600e-01	1.577141885550124856e-01	2.570955650321977703e-01	1.553709619695440858e-01	7.444616668528263037e-02	3.058798894777315161e-02	7.902742374398155634e-02
1.223472087033421303e+03	2.455628224538281279e-01	1.575828585584929109e-01	2.572222699864850082e-01	1.554555749037507262e-01	7.448183547112152691e-02	3.061126373513856774e-02	7.908337489091164796e-02
1.224923418097517697e+03	2.453682749263398633e-01	1.574517494920534277e-01	2.573487296379408651e-01	1.555400542176357537e-01	7.451745000419056353e-02	3.063451206489623685e-02	7.913922965667180565e-02
1.226374749161614318e+03	2.451740619112956765e-01	1.573208609735300412e-01	2.574749445493519917e-01	1.556244001029933599e-01	7.455301035503728024e-02	3.065773393832979879e-02	7.919498816919039175e-02
1.227826080225710712e+03	2.449801828374944257e-01	1.571901926214648859e-01	2.576009152816225445e-01	1.557086127514182572e-01	7.458851659416471103e-02	3.068092935686552239e-02	7.925065055669820724e-02
1.229277411289807560e+03	2.447866371347085235e-01	1.570597440551048940e-01	2.577266423937845663e-01	1.557926923543054565e-01	7.462396879203120337e-02	3.070409832207154563e-02	7.930621694772235775e-02
1.230728742353903954e+03	2.445934242336820497e-01	1.569295148944000184e-01	2.578521264430087556e-01	1.558766391028503229e-01	7.465936701905026562e-02	3.072724083565719910e-02	7.936168747108000854e-02
1.232180073418000802e+03	2.444005435661290582e-01	1.567995047600017899e-01	2.579773679846144030e-01	1.559604531880483813e-01	7.469471134559038661e-02	3.075035689947228437e-02	7.941706225587238932e-02
1.233631404482097196e+03	2.442079945647320227e-01	1.566697132732617070e-01	2.581023675720794941e-01	1.560441348006953166e-01	7.473000184197492457e-02	3.077344651550636967e-02	7.947234143147881291e-02
1.235082735546193817e+03	2.440157766631398939e-01	1.565401400562296541e-01	2.582271257570515899e-01	1.561276841313869179e-01	7.476523857848192678e-02	3.079650968588807866e-02	7.952752512755062453e-02
1.236534066610290438e+03	2.438238892959665172e-01	1.564107847316524025e-01	2.583516430893569860e-01	1.562111013705189677e-01	7.480042162534394912e-02	3.081954641288438962e-02	7.958261347400544250e-02
1.237985397674387059e+03	2.436323318987889119e-01	1.562816469229720284e-01	2.584759201170114262e-01	1.562943867082871308e-01	7.483555105274787567e-02	3.084255669889995888e-02	7.963760660102132960e-02
1.239436728738483680e+03	2.434411039081455508e-01	1.561527262543243588e-01	2.585999573862294287e-01	1.563775403346870374e-01	7.487062693083483544e-02	3.086554054647638878e-02	7.969250463903103376e-02
1.240888059802580301e+03	2.432502047615346108e-01	1.560240223505375001e-01	2.587237554414345553e-01	1.564605624395140338e-01	7.490564932969999423e-02	3.088849795829157543e-02	7.974730771871633983e-02
1.242339390866676695e+03	2.430596338974123638e-01	1.558955348371302563e-01	2.588473148252690148e-01	1.565434532123632094e-01	7.494061831939241580e-02	3.091142893715898010e-02	7.980201597100240740e-02
1.243790721930773088e+03	2.428693907551914277e-01	1.557672633403105744e-01	2.589706360786033223e-01	1.566262128426293143e-01	7.497553396991486763e-02	3.093433348602697350e-02	7.985662952705226136e-02
1.245242052994869937e+03	2.426794747752390458e-01	1.556392074869740738e-01	2.590937197405457915e-01	1.567088415195067308e-01	7.501039635122375149e-02	3.095721160797812802e-02	7.991114851826126853e-02
1.246693384058966330e+03	2.424898853988754488e-01	1.555113669047025471e-01	2.592165663484523597e-01	1.567913394319893072e-01	7.504520553322883980e-02	3.098006330622854465e-02	7.996557307625179467e-02
1.248144715123063179e+03	2.423006220683721901e-01	1.553837412217623781e-01	2.593391764379357478e-01	1.568737067688704412e-01	7.507996158579319235e-02	3.100288858412718340e-02	8.001990333286769508e-02
1.249596046187159800e+03	2.421116842269504243e-01	1.552563300671030988e-01	2.594615505428751190e-01	1.569559437187428297e-01	7.511466457873300362e-02	3.102568744515516591e-02	8.007413942016916586e-02
1.251047377251256421e+03	2.419230713187792703e-01	1.551291330703559179e-01	2.595836891954251269e-01	1.570380504699986357e-01	7.514931458181740853e-02	3.104845989292511627e-02	8.012828147042737326e-02
1.252498708315352815e+03	2.417347827889740897e-01	1.550021498618321114e-01	2.597055929260253526e-01	1.571200272108292106e-01	7.518391166476837140e-02	3.107120593118048793e-02	8.018232961611930498e-02
1.253950039379449436e+03	2.415468180835948220e-01	1.548753800725216068e-01	2.598272622634092421e-01	1.572018741292251776e-01	7.521845589726051939e-02	3.109392556379488373e-02	8.023628398992269095e-02
1.255401370443546057e+03	2.413591766496444024e-01	1.547488233340915120e-01	2.599486977346135430e-01	1.572835914129762924e-01	7.525294734892100379e-02	3.111661879477140707e-02	8.029014472471084074e-02
1.256852701507642678e+03	2.411718579350670688e-01	1.546224792788845892e-01	2.600698998649870197e-01	1.573651792496714164e-01	7.528738608932929177e-02	3.113928562824198193e-02	8.034391195354767534e-02
1.258304032571739299e+03	2.409848613887465574e-01	1.544963475399178665e-01	2.601908691781996130e-01	1.574466378266984878e-01	7.532177218801712482e-02	3.116192606846670057e-02	8.039758580968277279e-02
1.259755363635835920e+03	2.407981864605047428e-01	1.543704277508810008e-01	2.603116061962511552e-01	1.575279673312443840e-01	7.535610571446824113e-02	3.118454011983316440e-02	8.045116642654644157e-02
1.261206694699932314e+03	2.406118326010996677e-01	1.542447195461350284e-01	2.604321114394804182e-01	1.576091679502949205e-01	7.539038673811836178e-02	3.120712778685581779e-02	8.050465393774489109e-02
1.262658025764028707e+03	2.404257992622241547e-01	1.541192225607107558e-01	2.605523854265736072e-01	1.576902398706348518e-01	7.542461532835492699e-02	3.122968907417531664e-02	8.055804847705544391e-02
1.264109356828125556e+03	2.402400858965039743e-01	1.539939364303073988e-01	2.606724286745732977e-01	1.577711832788477320e-01	7.545879155451704068e-02	3.125222398655785189e-02	8.061135017842177564e-02
1.265560687892221949e+03	2.400546919574964022e-01	1.538688607912909456e-01	2.607922416988868730e-01	1.578519983613158595e-01	7.549291548589526224e-02	3.127473252889451105e-02	8.066455917594922420e-02
1.267012018956318798e+03	2.398696168996884148e-01	1.537439952806929633e-01	2.609118250132952399e-01	1.579326853042202494e-01	7.552698719173148167e-02	3.129721470620065032e-02	8.071767560390018248e-02
1.268463350020415419e+03	2.396848601784951072e-01	1.536193395362090153e-01	2.610311791299609885e-01	1.580132442935406334e-01	7.556100674121879468e-02	3.131967052361521453e-02	8.077069959668949084e-02
1.269914681084511813e+03	2.395004212502581387e-01	1.534948931961971907e-01	2.611503045594372741e-01	1.580936755150553208e-01	7.559497420350133612e-02	3.134209998640013345e-02	8.082363128887992687e-02
1.271366012148608434e+03	2.393162995722439568e-01	1.533706558996768277e-01	2.612692018106758107e-01	1.581739791543411711e-01	7.562888964767414124e-02	3.136450309993964874e-02	8.087647081517772285e-02
1.272817343212705055e+03	2.391324946026424092e-01	1.532466272863268753e-01	2.613878713910355311e-01	1.582541553967736214e-01	7.566275314278302078e-02	3.138687986973971028e-02	8.092921831042813874e-02
1.274268674276801676e+03	2.389490058005648565e-01	1.531228069964847005e-01	2.615063138062903580e-01	1.583342044275265759e-01	7.569656475782438054e-02	3.140923030142731692e-02	8.098187390961110455e-02
1.275720005340898297e+03	2.387658326260428121e-01	1.529991946711444784e-01	2.616245295606379195e-01	1.584141264315723219e-01	7.573032456174511040e-02	3.143155440074990592e-02	8.103443774783683495e-02
1.277171336404994690e+03	2.385829745400260826e-01	1.528757899519558872e-01	2.617425191567070430e-01	1.584939215936815582e-01	7.576403262344247325e-02	3.145385217357470065e-02	8.108690996034162435e-02
1.278622667469091539e+03	2.384004310043814079e-01	1.527525924812226932e-01	2.618602830955663596e-01	1.585735900984233393e-01	7.579768901176391072e-02	3.147612362588810692e-02	8.113929068248360021e-02
1.280073998533187932e+03	2.382182014818907123e-01	1.526296019019012795e-01	2.619778218767319644e-01	1.586531321301650477e-01	7.583129379550689053e-02	3.149836876379508155e-02	8.119158004973850429e-02
1.281525329597284326e+03	2.380362854362494951e-01	1.525068178575993416e-01	2.620951359981754658e-01	1.587325478730721995e-01	7.586484704341887875e-02	3.152058759351850786e-02	8.124377819769561249e-02
1.282976660661381175e+03	2.378546823320653036e-01	1.523842399925744162e-01	2.622122259563319235e-01	1.588118375111086111e-01	7.589834882419706219e-02	3.154278012139857812e-02	8.129588526205359933e-02
1.284427991725477568e+03	2.376733916348561793e-01	1.522618679517325213e-01	2.623290922461073982e-01	1.588910012280362605e-01	7.593179920648834846e-02	3.156494635389218290e-02	8.134790137861656889e-02
1.285879322789574417e+03	2.374924128110489641e-01	1.521397013806267962e-01	2.624457353608871113e-01	1.589700392074152591e-01	7.596519825888910227e-02	3.158708629757228659e-02	8.139982668329001636e-02
1.287330653853671038e+03	2.373117453279776912e-01	1.520177399254560024e-01	2.625621557925427174e-01	1.590489516326037966e-01	7.599854604994507601e-02	3.160919995912733066e-02	8.145166131207688676e-02
1.288781984917767431e+03	2.371313886538821691e-01	1.518959832330633308e-01	2.626783540314403531e-01	1.591277386867581412e-01	7.603184264815129878e-02	3.163128734536058834e-02	8.150340540107366138e-02
1.290233315981864052e+03	2.369513422579062056e-01	1.517744309509349576e-01	2.627943305664477980e-01	1.592064005528325554e-01	7.606508812195189595e-02	3.165334846318961642e-02	8.155505908646656921e-02
