1.001418434226643626e+03	2.840003676868437243e-01	1.728104219181002266e-01	2.347586858379580033e-01	1.416809424951404328e-01	6.897491578785365507e-02	2.766214112729211208e-02	7.011252514678543990e-02
1.002869765290740247e+03	2.837400911757170796e-01	1.726472999533382457e-01	2.349357893475618186e-01	1.417877980110896496e-01	6.901954993405103045e-02	2.768904133201242207e-02	7.018043024620337911e-02
1.004321096354836754e+03	2.834802649411192199e-01	1.724844602482541178e-01	2.351125700341828162e-01	1.418944649388934887e-01	6.906410823545315603e-02	2.771590966576716053e-02	7.024822193630370082e-02
1.005772427418933376e+03	2.832208882018509288e-01	1.723219023128709781e-01	2.352890284737703952e-01	1.420009436590476959e-01	6.910859082875338288e-02	2.774274613725166011e-02	7.031590038642863971e-02
1.007223758483029997e+03	2.829619601780781757e-01	1.721596256580696649e-01	2.354651652412316221e-01	1.421072345510355217e-01	6.915299785037481994e-02	2.776955075530826780e-02	7.038346576587560521e-02
1.008675089547126618e+03	2.827034800913292845e-01	1.719976297955873312e-01	2.356409809104334230e-01	1.422133379933319397e-01	6.919732943647101397e-02	2.779632352892549840e-02	7.045091824389519697e-02
1.010126420611223239e+03	2.824454471644927689e-01	1.718359142380157245e-01	2.358164760542046934e-01	1.423192543634075879e-01	6.924158572292657410e-02	2.782306446723720184e-02	7.051825798968917869e-02
1.011577751675319632e+03	2.821878606218146124e-01	1.716744784987998262e-01	2.359916512443384351e-01	1.424249840377329601e-01	6.928576684535779628e-02	2.784977357952171662e-02	7.058548517240845199e-02
1.013029082739416367e+03	2.819307196888961586e-01	1.715133220922361035e-01	2.361665070515938658e-01	1.425305273917822912e-01	6.932987293911324622e-02	2.787645087520105452e-02	7.065259996115105801e-02
1.014480413803512761e+03	2.816740235926916136e-01	1.713524445334711765e-01	2.363410440456985007e-01	1.426358848000377211e-01	6.937390413927445321e-02	2.790309636384006448e-02	7.071960252496028998e-02
1.015931744867609382e+03	2.814177715615056030e-01	1.711918453385001537e-01	2.365152627953501785e-01	1.427410566359931798e-01	6.941786058065652076e-02	2.792971005514561025e-02	7.078649303282265326e-02
1.017383075931706003e+03	2.811619628249905634e-01	1.710315240241651880e-01	2.366891638682193377e-01	1.428460432721583850e-01	6.946174239780872339e-02	2.795629195896574826e-02	7.085327165366600566e-02
1.018834406995802851e+03	2.809065966141446324e-01	1.708714801081538948e-01	2.368627478309509038e-01	1.429508450800628105e-01	6.950554972501511719e-02	2.798284208528892258e-02	7.091993855635767008e-02
1.020285738059899245e+03	2.806516721613090404e-01	1.707117131089978812e-01	2.370360152491665651e-01	1.430554624302596278e-01	6.954928269629519211e-02	2.800936044424312196e-02	7.098649390970250550e-02
1.021737069123995752e+03	2.803971887001659447e-01	1.705522225460712749e-01	2.372089666874666603e-01	1.431598956923294530e-01	6.959294144540449645e-02	2.803584704609510606e-02	7.105293788244104736e-02
1.023188400188092373e+03	2.801431454657357656e-01	1.703930079395889474e-01	2.373816027094323433e-01	1.432641452348844269e-01	6.963652610583517810e-02	2.806230190124957974e-02	7.111927064324770342e-02
1.024639731252188767e+03	2.798895416943749104e-01	1.702340688106054323e-01	2.375539238776276374e-01	1.433682114255719897e-01	6.968003681081669232e-02	2.808872502024839513e-02	7.118549236072889419e-02
1.026091062316285615e+03	2.796363766237735526e-01	1.700754046810130371e-01	2.377259307536014610e-01	1.434720946310786560e-01	6.972347369331631517e-02	2.811511641376975013e-02	7.125160320342127651e-02
1.027542393380382237e+03	2.793836494929528014e-01	1.699170150735405393e-01	2.378976238978896818e-01	1.435757952171338447e-01	6.976683688603985134e-02	2.814147609262739047e-02	7.131760333978991173e-02
1.028993724444478858e+03	2.791313595422629246e-01	1.697588995117515764e-01	2.380690038700172262e-01	1.436793135485137929e-01	6.981012652143218922e-02	2.816780406776982562e-02	7.138349293822655872e-02
1.030445055508575479e+03	2.788795060133804626e-01	1.696010575200432580e-01	2.382400712285000222e-01	1.437826499890451359e-01	6.985334273167785601e-02	2.819410035027953426e-02	7.144927216704785589e-02
1.031896386572671872e+03	2.786280881493061190e-01	1.694434886236446391e-01	2.384108265308471086e-01	1.438858049016087381e-01	6.989648564870172553e-02	2.822036495137218368e-02	7.151494119449364195e-02
1.033347717636768493e+03	2.783771051943624841e-01	1.692861923486150832e-01	2.385812703335625506e-01	1.439887786481434395e-01	6.993955540416954553e-02	2.824659788239584218e-02	7.158050018872522124e-02
1.034799048700865114e+03	2.781265563941914265e-01	1.691291682218429848e-01	2.387514031921476043e-01	1.440915715896497751e-01	6.998255212948856219e-02	2.827279915483020198e-02	7.164594931782365672e-02
1.036250379764961508e+03	2.778764409957519277e-01	1.689724157710441599e-01	2.389212256611026042e-01	1.441941840861935831e-01	7.002547595580811690e-02	2.829896878028580198e-02	7.171128874978811851e-02
1.037701710829058356e+03	2.776267582473175288e-01	1.688159345247604026e-01	2.390907382939290449e-01	1.442966164969096687e-01	7.006832701402021524e-02	2.832510677050327150e-02	7.177651865253420471e-02
1.039153041893154750e+03	2.773775073984743322e-01	1.686597240123579311e-01	2.392599416431315795e-01	1.443988691800055235e-01	7.011110543476016532e-02	2.835121313735253570e-02	7.184163919389230379e-02
1.040604372957251599e+03	2.771286877001183369e-01	1.685037837640259717e-01	2.394288362602199904e-01	1.445009424927648778e-01	7.015381134840713295e-02	2.837728789283207320e-02	7.190665054160599867e-02
1.042055704021347992e+03	2.768802984044532178e-01	1.683481133107753713e-01	2.395974226957111874e-01	1.446028367915513646e-01	7.019644488508475222e-02	2.840333104906814579e-02	7.197155286333040136e-02
1.043507035085444613e+03	2.766323387649880505e-01	1.681927121844369322e-01	2.397657014991311508e-01	1.447045524318119891e-01	7.023900617466172225e-02	2.842934261831403520e-02	7.203634632663059867e-02
1.044958366149541234e+03	2.763848080365349236e-01	1.680375799176600515e-01	2.399336732190170407e-01	1.448060897680807646e-01	7.028149534675234844e-02	2.845532261294930060e-02	7.210103109898007012e-02
1.046409697213637855e+03	2.761377054752066629e-01	1.678827160439112787e-01	2.401013384029190012e-01	1.449074491539822929e-01	7.032391253071716697e-02	2.848127104547901189e-02	7.216560734775911978e-02
1.047861028277734476e+03	2.758910303384143892e-01	1.677281200974728159e-01	2.402686975974022143e-01	1.450086309422351782e-01	7.036625785566352764e-02	2.850718792853301417e-02	7.223007524025340520e-02
1.049312359341831097e+03	2.756447818848654641e-01	1.675737916134409922e-01	2.404357513480488706e-01	1.451096354846556080e-01	7.040853145044616290e-02	2.853307327486517483e-02	7.229443494365228595e-02
1.050763690405927491e+03	2.753989593745608255e-01	1.674197301277249583e-01	2.406025001994601953e-01	1.452104631321607664e-01	7.045073344366777068e-02	2.855892709735265156e-02	7.235868662504742199e-02
1.052215021470024112e+03	2.751535620687930450e-01	1.672659351770450498e-01	2.407689446952582246e-01	1.453111142347723317e-01	7.049286396367958341e-02	2.858474940899513594e-02	7.242283045143124709e-02
1.053666352534120733e+03	2.749085892301438294e-01	1.671124062989314818e-01	2.409350853780878321e-01	1.454115891416199735e-01	7.053492313858196472e-02	2.861054022291412841e-02	7.248686658969548391e-02
1.055117683598217127e+03	2.746640401224816341e-01	1.669591430317228231e-01	2.411009227896187546e-01	1.455118882009446557e-01	7.057691109622493686e-02	2.863629955235221999e-02	7.255079520662971460e-02
1.056569014662313975e+03	2.744199140109596091e-01	1.668061449145645803e-01	2.412664574705473686e-01	1.456120117601021058e-01	7.061882796420883290e-02	2.866202741067233259e-02	7.261461646891992361e-02
1.058020345726410369e+03	2.741762101620132674e-01	1.666534114874076988e-01	2.414316899605987998e-01	1.457119601655662289e-01	7.066067386988479637e-02	2.868772381135702154e-02	7.267833054314701280e-02
1.059471676790506763e+03	2.739329278433580428e-01	1.665009422910072034e-01	2.415966207985286718e-01	1.458117337629323829e-01	7.070244894035536409e-02	2.871338876800773668e-02	7.274193759578549690e-02
1.060923007854603611e+03	2.736900663239870135e-01	1.663487368669207267e-01	2.417612505221251040e-01	1.459113328969207646e-01	7.074415330247507683e-02	2.873902229434411107e-02	7.280543779320203246e-02
1.062374338918700232e+03	2.734476248741690707e-01	1.661967947575070104e-01	2.419255796682107107e-01	1.460107579113798237e-01	7.078578708285099275e-02	2.876462440420324285e-02	7.286883130165405786e-02
1.063825669982796853e+03	2.732056027654458097e-01	1.660451155059246009e-01	2.420896087726443768e-01	1.461100091492894271e-01	7.082735040784328417e-02	2.879019511153897357e-02	7.293211828728841939e-02
1.065277001046893474e+03	2.729639992706301976e-01	1.658936986561302951e-01	2.422533383703231458e-01	1.462090869527642445e-01	7.086884340356576495e-02	2.881573443042118737e-02	7.299529891614003896e-02
1.066728332110990095e+03	2.727228136638036871e-01	1.657425437528777801e-01	2.424167689951842730e-01	1.463079916630569688e-01	7.091026619588648716e-02	2.884124237503510671e-02	7.305837335413056799e-02
1.068179663175086489e+03	2.724820452203141619e-01	1.655916503417162178e-01	2.425799011802069749e-01	1.464067236205616462e-01	7.095161891042828239e-02	2.886671895968058107e-02	7.312134176706705513e-02
1.069630994239183110e+03	2.722416932167736614e-01	1.654410179689887184e-01	2.427427354574143992e-01	1.465052831648168408e-01	7.099290167256933071e-02	2.889216419877138967e-02	7.318420432064066949e-02
1.071082325303279504e+03	2.720017569310562155e-01	1.652906461818310357e-01	2.429052723578754291e-01	1.466036706345087981e-01	7.103411460744368799e-02	2.891757810683454749e-02	7.324696118042535453e-02
1.072533656367376352e+03	2.717622356422954022e-01	1.651405345281700965e-01	2.430675124117067099e-01	1.467018863674748042e-01	7.107525783994191049e-02	2.894296069850959413e-02	7.330961251187660677e-02
1.073984987431472746e+03	2.715231286308823488e-01	1.649906825567226953e-01	2.432294561480742301e-01	1.467999307007062659e-01	7.111633149471149884e-02	2.896831198854793107e-02	7.337215848033018517e-02
1.075436318495569594e+03	2.712844351784634012e-01	1.648410898169938577e-01	2.433911040951955429e-01	1.468978039703518756e-01	7.115733569615753651e-02	2.899363199181210354e-02	7.343459925100088992e-02
1.076887649559666215e+03	2.710461545679377915e-01	1.646917558592756459e-01	2.435524567803413754e-01	1.469955065117208304e-01	7.119827056844320323e-02	2.901892072327513436e-02	7.349693498898127175e-02
1.078338980623762609e+03	2.708082860834555849e-01	1.645426802346456607e-01	2.437135147298375992e-01	1.470930386592858297e-01	7.123913623549034402e-02	2.904417819801983353e-02	7.355916585924046625e-02
1.079790311687859230e+03	2.705708290104153479e-01	1.643938624949656258e-01	2.438742784690670629e-01	1.471904007466862951e-01	7.127993282097996874e-02	2.906940443123811821e-02	7.362129202662295868e-02
1.081241642751955851e+03	2.703337826354618723e-01	1.642453021928800549e-01	2.440347485224713675e-01	1.472875931067315070e-01	7.132066044835283503e-02	2.909459943823035008e-02	7.368331365584740444e-02
1.082692973816052472e+03	2.700971462464841766e-01	1.640969988818147540e-01	2.441949254135527547e-01	1.473846160714035458e-01	7.136131924081003108e-02	2.911976323440463796e-02	7.374523091150544940e-02
1.084144304880149093e+03	2.698609191326132306e-01	1.639489521159755159e-01	2.443548096648760493e-01	1.474814699718604294e-01	7.140190932131340595e-02	2.914489583527618555e-02	7.380704395806053641e-02
1.085595635944245487e+03	2.696251005842194570e-01	1.638011614503467051e-01	2.445144017980703521e-01	1.475781551384391932e-01	7.144243081258619399e-02	2.916999725646661490e-02	7.386875295984679513e-02
1.087046967008342108e+03	2.693896898929109551e-01	1.636536264406898422e-01	2.446737023338308725e-01	1.476746719006589159e-01	7.148288383711354221e-02	2.919506751370331069e-02	7.393035808106790396e-02
1.088498298072438729e+03	2.691546863515310584e-01	1.635063466435422164e-01	2.448327117919208429e-01	1.477710205872235782e-01	7.152326851714302380e-02	2.922010662281874713e-02	7.399185948579586891e-02
1.089949629136535123e+03	2.689200892541561694e-01	1.633593216162155248e-01	2.449914306911732675e-01	1.478672015260253103e-01	7.156358497468519320e-02	2.924511459974983921e-02	7.405325733797005205e-02
1.091400960200631971e+03	2.686858978960936506e-01	1.632125509167945132e-01	2.451498595494926991e-01	1.479632150441472227e-01	7.160383333151409957e-02	2.927009146053728000e-02	7.411455180139595034e-02
1.092852291264728365e+03	2.684521115738794927e-01	1.630660341041356154e-01	2.453079988838571535e-01	1.480590614678663208e-01	7.164401370916785583e-02	2.929503722132489538e-02	7.417574303974419636e-02
1.094303622328825213e+03	2.682187295852762055e-01	1.629197707378653992e-01	2.454658492103198308e-01	1.481547411226565858e-01	7.168412622894909658e-02	2.931995189835898477e-02	7.423683121654944816e-02
1.095754953392921607e+03	2.679857512292708743e-01	1.627737603783794007e-01	2.456234110440108920e-01	1.482502543331918332e-01	7.172417101192560263e-02	2.934483550798767590e-02	7.429781649520929288e-02
1.097206284457018228e+03	2.677531758060725520e-01	1.626280025868406531e-01	2.457806848991393733e-01	1.483456014233486830e-01	7.176414817893075893e-02	2.936968806666028636e-02	7.435869903898326139e-02
1.098657615521114849e+03	2.675210026171105371e-01	1.624824969251783824e-01	2.459376712889948524e-01	1.484407827162093629e-01	7.180405785056409584e-02	2.939450959092668528e-02	7.441947901099173202e-02
1.100108946585211470e+03	2.672892309650318210e-01	1.623372429560865360e-01	2.460943707259492241e-01	1.485357985340647058e-01	7.184390014719180262e-02	2.941930009743663407e-02	7.448015657421500069e-02
1.101560277649308091e+03	2.670578601536990893e-01	1.621922402430225063e-01	2.462507837214586159e-01	1.486306491984168976e-01	7.188367518894729635e-02	2.944405960293917587e-02	7.454073189149211520e-02
1.103011608713404712e+03	2.668268894881887232e-01	1.620474883502057983e-01	2.464069107860650532e-01	1.487253350299825028e-01	7.192338309573166610e-02	2.946878812428197977e-02	7.460120512552000094e-02
1.104462939777501106e+03	2.665963182747883575e-01	1.619029868426166141e-01	2.465627524293982353e-01	1.488198563486951009e-01	7.196302398721429738e-02	2.949348567841073021e-02	7.466157643885240613e-02
1.105914270841597499e+03	2.663661458209949373e-01	1.617587352859944372e-01	2.467183091601772849e-01	1.489142134737083123e-01	7.200259798283328849e-02	2.951815228236849206e-02	7.472184599389901372e-02
1.107365601905694348e+03	2.661363714355126087e-01	1.616147332468367837e-01	2.468735814862126343e-01	1.490084067233984066e-01	7.204210520179599175e-02	2.954278795329508267e-02	7.478201395292433107e-02
1.108816932969790741e+03	2.659069944282502762e-01	1.614709802923978144e-01	2.470285699144075253e-01	1.491024364153673010e-01	7.208154576307961026e-02	2.956739270842645428e-02	7.484208047804688513e-02
1.110268264033887590e+03	2.656780141103198267e-01	1.613274759906869749e-01	2.471832749507600346e-01	1.491963028664451407e-01	7.212091978543158644e-02	2.959196656509406609e-02	7.490204573123818155e-02
1.111719595097984211e+03	2.654494297940338532e-01	1.611842199104677187e-01	2.473376971003647118e-01	1.492900063926932697e-01	7.216022738737019881e-02	2.961650954072428052e-02	7.496190987432180264e-02
1.113170926162080832e+03	2.652212407929035454e-01	1.610412116212560363e-01	2.474918368674142721e-01	1.493835473094067834e-01	7.219946868718504773e-02	2.964102165283774570e-02	7.502167306897250532e-02
1.114622257226177226e+03	2.649934464216363028e-01	1.608984506933192615e-01	2.476456947552013454e-01	1.494769259311173881e-01	7.223864380293754106e-02	2.966550291904878484e-02	7.508133547671530517e-02
1.116073588290273847e+03	2.647660459961341251e-01	1.607559366976746007e-01	2.477992712661203079e-01	1.495701425715960653e-01	7.227775285246146320e-02	2.968995335706477515e-02	7.514089725892454663e-02
1.117524919354370468e+03	2.645390388334911691e-01	1.606136692060878834e-01	2.479525669016688916e-01	1.496631975438558471e-01	7.231679595336343302e-02	2.971437298468556157e-02	7.520035857682308422e-02
1.118976250418467089e+03	2.643124242519916400e-01	1.604716477910722305e-01	2.481055821624499891e-01	1.497560911601543976e-01	7.235577322302340353e-02	2.973876181980284264e-02	7.525971959148135271e-02
1.120427581482563710e+03	2.640862015711078481e-01	1.603298720258866661e-01	2.482583175481733184e-01	1.498488237319968164e-01	7.239468477859518913e-02	2.976311988039957723e-02	7.531898046381652057e-02
1.121878912546660331e+03	2.638603701114977662e-01	1.601883414845348685e-01	2.484107735576571441e-01	1.499413955701381918e-01	7.243353073700697919e-02	2.978744718454937393e-02	7.537814135459161569e-02
1.123330243610756725e+03	2.636349291950033646e-01	1.600470557417637552e-01	2.485629506888300533e-01	1.500338069845863209e-01	7.247231121496179596e-02	2.981174375041591509e-02	7.543720242441474821e-02
1.124781574674853118e+03	2.634098781446482795e-01	1.599060143730622330e-01	2.487148494387325381e-01	1.501260582846043468e-01	7.251102632893800803e-02	2.983600959625235319e-02	7.549616383373819462e-02
1.126232905738949967e+03	2.631852162846357590e-01	1.597652169546598389e-01	2.488664703035188552e-01	1.502181497787133113e-01	7.254967619518988553e-02	2.986024474040071749e-02	7.555502574285764827e-02
1.127684236803046360e+03	2.629609429403464982e-01	1.596246630635254626e-01	2.490178137784586077e-01	1.503100817746947926e-01	7.258826092974797473e-02	2.988444920129133472e-02	7.561378831191137295e-02
1.129135567867143209e+03	2.627370574383366963e-01	1.594843522773659594e-01	2.491688803579384104e-01	1.504018545795935968e-01	7.262678064841972259e-02	2.990862299744224614e-02	7.567245170087939787e-02
1.130586898931239830e+03	2.625135591063358920e-01	1.593442841746249283e-01	2.493196705354637499e-01	1.504934684997202288e-01	7.266523546678990697e-02	2.993276614745861777e-02	7.573101606958275445e-02
1.132038229995336451e+03	2.622904472732449088e-01	1.592044583344813524e-01	2.494701848036604830e-01	1.505849238406535007e-01	7.270362550022109460e-02	2.995687867003217139e-02	7.578948157768265748e-02
1.133489561059432845e+03	2.620677212691336910e-01	1.590648743368483220e-01	2.496204236542765575e-01	1.506762209072430581e-01	7.274195086385422393e-02	2.998096058394059474e-02	7.584784838467978352e-02
1.134940892123529466e+03	2.618453804252394712e-01	1.589255317623716190e-01	2.497703875781838168e-01	1.507673600036119332e-01	7.278021167260902147e-02	3.000501190804698640e-02	7.590611664991346597e-02
1.136392223187626087e+03	2.616234240739643280e-01	1.587864301924286348e-01	2.499200770653795256e-01	1.508583414331590988e-01	7.281840804118452914e-02	3.002903266129926252e-02	7.596428653256095953e-02
1.137843554251722708e+03	2.614018515488736316e-01	1.586475692091268430e-01	2.500694926049880640e-01	1.509491654985619657e-01	7.285654008405952065e-02	3.005302286272960172e-02	7.602235819163676023e-02
1.139294885315819101e+03	2.611806621846934906e-01	1.585089483953026068e-01	2.502186346852626753e-01	1.510398325017788534e-01	7.289460791549309815e-02	3.007698253145387954e-02	7.608033178599175883e-02
1.140746216379915950e+03	2.609598553173091418e-01	1.583705673345199016e-01	2.503675037935870207e-01	1.511303427440515712e-01	7.293261164952509479e-02	3.010091168667109948e-02	7.613820747431261637e-02
1.142197547444012343e+03	2.607394302837623967e-01	1.582324256110690108e-01	2.505161004164768723e-01	1.512206965259077773e-01	7.297055139997657425e-02	3.012481034766283094e-02	7.619598541512100087e-02
1.143648878508108737e+03	2.605193864222500322e-01	1.580945228099651934e-01	2.506644250395818063e-01	1.513108941471635327e-01	7.300842728045033037e-02	3.014867853379265411e-02	7.625366576677292119e-02
1.145100209572205586e+03	2.602997230721216249e-01	1.579568585169474348e-01	2.508124781476868681e-01	1.514009359069257155e-01	7.304623940433133122e-02	3.017251626450560137e-02	7.631124868745801926e-02
1.146551540636302207e+03	2.600804395738774422e-01	1.578194323184770875e-01	2.509602602247140157e-01	1.514908221035944358e-01	7.308398788478724650e-02	3.019632355932760567e-02	7.636873433519884846e-02
1.148002871700398828e+03	2.598615352691663327e-01	1.576822438017367878e-01	2.511077717537240073e-01	1.515805530348654784e-01	7.312167283476887769e-02	3.022010043786494890e-02	7.642612286785030462e-02
1.149454202764495449e+03	2.596430095007838945e-01	1.575452925546289573e-01	2.512550132169178996e-01	1.516701289977327727e-01	7.315929436701068544e-02	3.024384691980370674e-02	7.648341444309884885e-02
1.150905533828591842e+03	2.594248616126704765e-01	1.574085781657745819e-01	2.514019850956387137e-01	1.517595502884906966e-01	7.319685259403120592e-02	3.026756302490921785e-02	7.654060921846191079e-02
1.152356864892688463e+03	2.592070909499089026e-01	1.572721002245120459e-01	2.515486878703730445e-01	1.518488172027365191e-01	7.323434762813355037e-02	3.029124877302552532e-02	7.659770735128723640e-02
1.153808195956785084e+03	2.589896968587226955e-01	1.571358583208957160e-01	2.516951220207527262e-01	1.519379300353728146e-01	7.327177958140589087e-02	3.031490418407483539e-02	7.665470899875222177e-02
1.155259527020881706e+03	2.587726786864738004e-01	1.569998520456947488e-01	2.518412880255563868e-01	1.520268890806097395e-01	7.330914856572191829e-02	3.033852927805699012e-02	7.671161431786333029e-02
1.156710858084978327e+03	2.585560357816609200e-01	1.568640809903918132e-01	2.519871863627111130e-01	1.521156946319674186e-01	7.334645469274130025e-02	3.036212407504891575e-02	7.676842346545545426e-02
1.158162189149074720e+03	2.583397674939171274e-01	1.567285447471818138e-01	2.521328175092941160e-01	1.522043469822783601e-01	7.338369807391016686e-02	3.038568859520410920e-02	7.682513659819127649e-02
1.159613520213171569e+03	2.581238731740082004e-01	1.565932429089706701e-01	2.522781819415341187e-01	1.522928464236896484e-01	7.342087882046156866e-02	3.040922285875207604e-02	7.688175387256070137e-02
1.161064851277267962e+03	2.579083521738304574e-01	1.564581750693738726e-01	2.524232801348132438e-01	1.523811932476653586e-01	7.345799704341593461e-02	3.043272688599783088e-02	7.693827544488027192e-02
1.162516182341364356e+03	2.576932038464087582e-01	1.563233408227155674e-01	2.525681125636684565e-01	1.524693877449888324e-01	7.349505285358158557e-02	3.045620069732135268e-02	7.699470147129251762e-02
1.163967513405461204e+03	2.574784275458943950e-01	1.561887397640269459e-01	2.527126797017931192e-01	1.525574302057649545e-01	7.353204636155510898e-02	3.047964431317706779e-02	7.705103210776545475e-02
1.165418844469557826e+03	2.572640226275634823e-01	1.560543714890452183e-01	2.528569820220387121e-01	1.526453209194225114e-01	7.356897767772190011e-02	3.050305775409332606e-02	7.710726751009197577e-02
1.166870175533654447e+03	2.570499884478146257e-01	1.559202355942122808e-01	2.530010199964162765e-01	1.527330601747163286e-01	7.360584691225657838e-02	3.052644104067187350e-02	7.716340783388930813e-02
1.168321506597751068e+03	2.568363243641668681e-01	1.557863316766734674e-01	2.531447940960980802e-01	1.528206482597296023e-01	7.364265417512345924e-02	3.054979419358734918e-02	7.721945323459843136e-02
1.169772837661847461e+03	2.566230297352581347e-01	1.556526593342763276e-01	2.532883047914192276e-01	1.529080854618762031e-01	7.367939957607699819e-02	3.057311723358675792e-02	7.727540386748359136e-02
1.171224168725944082e+03	2.564101039208429578e-01	1.555192181655693506e-01	2.534315525518792134e-01	1.529953720679028406e-01	7.371608322466229046e-02	3.059641018148895678e-02	7.733125988763167591e-02
1.172675499790040703e+03	2.561975462817904781e-01	1.553860077698007158e-01	2.535745378461433663e-01	1.530825083638913120e-01	7.375270523021547342e-02	3.061967305818415891e-02	7.738702144995177057e-02
1.174126830854137097e+03	2.559853561800826127e-01	1.552530277469171271e-01	2.537172611420446255e-01	1.531694946352606390e-01	7.378926570186424005e-02	3.064290588463340972e-02	7.744268870917461745e-02
1.175578161918233945e+03	2.557735329788120016e-01	1.551202776975624531e-01	2.538597229065850946e-01	1.532563311667693995e-01	7.382576474852821369e-02	3.066610868186808378e-02	7.749826181985206008e-02
1.177029492982330339e+03	2.555620760421801196e-01	1.549877572230766720e-01	2.540019236059372632e-01	1.533430182425178645e-01	7.386220247891943369e-02	3.068928147098938519e-02	7.755374093635657162e-02
1.178480824046426733e+03	2.553509847354952789e-01	1.548554659254944010e-01	2.541438637054460048e-01	1.534295561459501633e-01	7.389857900154285508e-02	3.071242427316785151e-02	7.760912621288075519e-02
1.179932155110523581e+03	2.551402584251706296e-01	1.547234034075438969e-01	2.542855436696299098e-01	1.535159451598564484e-01	7.393489442469675099e-02	3.073553710964284022e-02	7.766441780343687207e-02
1.181383486174620202e+03	2.549298964787222177e-01	1.545915692726456403e-01	2.544269639621828394e-01	1.536021855663750879e-01	7.397114885647312899e-02	3.075862000172203958e-02	7.771961586185634208e-02
1.182834817238716823e+03	2.547198982647672638e-01	1.544599631249113092e-01	2.545681250459755351e-01	1.536882776469947753e-01	7.400734240475823067e-02	3.078167297078097248e-02	7.777472054178924399e-02
1.184286148302813444e+03	2.545102631530218873e-01	1.543285845691423075e-01	2.547090273830570628e-01	1.537742216825567498e-01	7.404347517723297578e-02	3.080469603826250374e-02	7.782973199670388531e-02
1.185737479366910065e+03	2.543009905142993854e-01	1.541974332108287660e-01	2.548496714346564218e-01	1.538600179532567391e-01	7.407954728137337852e-02	3.082768922567636141e-02	7.788465037988633044e-02
1.187188810431006686e+03	2.540920797205082349e-01	1.540665086561482100e-01	2.549900576611840441e-01	1.539456667386472910e-01	7.411555882445101939e-02	3.085065255459862668e-02	7.793947584443995658e-02
1.188640141495103080e+03	2.538835301446500381e-01	1.539358105119643383e-01	2.551301865222335152e-01	1.540311683176397717e-01	7.415150991353344767e-02	3.087358604667126555e-02	7.799420854328498187e-02
1.190091472559199701e+03	2.536753411608178577e-01	1.538053383858259127e-01	2.552700584765827396e-01	1.541165229685064753e-01	7.418740065548466711e-02	3.089648972360163615e-02	7.804884862915806298e-02
1.191542803623296322e+03	2.534675121441942180e-01	1.536750918859653980e-01	2.554096739821957729e-01	1.542017309688826776e-01	7.422323115696553841e-02	3.091936360716201343e-02	7.810339625461182322e-02
1.192994134687392716e+03	2.532600424710488851e-01	1.535450706212978522e-01	2.555490334962240984e-01	1.542867925957688291e-01	7.425900152443425106e-02	3.094220771918910345e-02	7.815785157201449174e-02
1.194445465751489564e+03	2.530529315187373673e-01	1.534152742014196769e-01	2.556881374750084035e-01	1.543717081255324419e-01	7.429471186414669803e-02	3.096502208158357153e-02	7.821221473354940390e-02
1.195896796815585958e+03	2.528461786656987509e-01	1.532857022366074240e-01	2.558269863740799122e-01	1.544564778339102828e-01	7.433036228215700314e-02	3.098780671630956690e-02	7.826648589121465438e-02
1.197348127879682352e+03	2.526397832914538122e-01	1.531563543378166303e-01	2.559655806481620499e-01	1.545411019960103716e-01	7.436595288431790962e-02	3.101056164539424398e-02	7.832066519682266692e-02
1.198799458943779200e+03	2.524337447766032416e-01	1.530272301166805127e-01	2.561039207511715543e-01	1.546255808863140069e-01	7.440148377628116871e-02	3.103328689092730783e-02	7.837475280199983352e-02
1.200250790007875821e+03	2.522280625028255896e-01	1.528983291855089410e-01	2.562420071362206397e-01	1.547099147786778484e-01	7.443695506349806701e-02	3.105598247506052151e-02	7.842874885818604258e-02
1.201702121071972442e+03	2.520227358528754902e-01	1.527696511572870786e-01	2.563798402556178857e-01	1.547941039463358315e-01	7.447236685121977340e-02	3.107864842000726199e-02	7.848265351663440137e-02
1.203153452136069063e+03	2.518177642105816627e-01	1.526411956456741881e-01	2.565174205608700131e-01	1.548781486619012771e-01	7.450771924449781092e-02	3.110128474804203791e-02	7.853646692841076415e-02
1.204604783200165684e+03	2.516131469608450799e-01	1.525129622650026051e-01	2.566547485026833830e-01	1.549620491973687786e-01	7.454301234818445920e-02	3.112389148150004198e-02	7.859018924439342690e-02
1.206056114264262078e+03	2.514088834896370805e-01	1.523849506302763779e-01	2.567918245309653846e-01	1.550458058241163117e-01	7.457824626693324022e-02	3.114646864277668958e-02	7.864382061527273871e-02
1.207507445328358699e+03	2.512049731839973710e-01	1.522571603571701571e-01	2.569286490948259338e-01	1.551294188129071216e-01	7.461342110519927906e-02	3.116901625432714693e-02	7.869736119155074094e-02
1.208958776392455093e+03	2.510014154320323598e-01	1.521295910620280301e-01	2.570652226425791387e-01	1.552128884338917492e-01	7.464853696723977583e-02	3.119153433866588693e-02	7.875081112354084811e-02
1.210410107456551941e+03	2.507982096229130486e-01	1.520022423618622720e-01	2.572015456217445761e-01	1.552962149566098626e-01	7.468359395711436644e-02	3.121402291836624168e-02	7.880417056136744536e-02
1.211861438520648335e+03	2.505953551468734219e-01	1.518751138743521800e-01	2.573376184790486798e-01	1.553793986499923951e-01	7.471859217868563607e-02	3.123648201605993061e-02	7.885743965496559704e-02
1.213312769584745183e+03	2.503928513952082269e-01	1.517482052178429353e-01	2.574734416604265164e-01	1.554624397823633208e-01	7.475353173561946618e-02	3.125891165443663716e-02	7.891061855408071368e-02
1.214764100648841804e+03	2.501906977602714188e-01	1.516215160113444094e-01	2.576090156110230622e-01	1.555453386214417089e-01	7.478841273138549239e-02	3.128131185624353355e-02	7.896370740826819112e-02
1.216215431712937971e+03	2.499888936354741353e-01	1.514950458745299988e-01	2.577443407751946469e-01	1.556280954343435552e-01	7.482323526925752089e-02	3.130368264428485398e-02	7.901670636689311911e-02
1.217666762777034819e+03	2.497874384152828919e-01	1.513687944277354036e-01	2.578794175965105073e-01	1.557107104875837533e-01	7.485799945231394470e-02	3.132602404142144359e-02	7.906961557912998984e-02
1.219118093841131440e+03	2.495863314952176393e-01	1.512427612919574615e-01	2.580142465177541200e-01	1.557931840470778984e-01	7.489270538343813233e-02	3.134833607057031790e-02	7.912243519396233715e-02
1.220569424905228061e+03	2.493855722718500700e-01	1.511169460888530935e-01	2.581488279809249220e-01	1.558755163781443409e-01	7.492735316531889955e-02	3.137061875470423949e-02	7.917516536018247286e-02
1.222020755969324682e+03	2.491851601428016205e-01	1.509913484407379713e-01	2.582831624272393101e-01	1.559577077455058802e-01	7.496194290045087028e-02	3.139287211685124618e-02	7.922780622639115367e-02
1.223472087033421303e+03	2.489850945067416665e-01	1.508659679705855183e-01	2.584172502971325280e-01	1.560397584132917903e-01	7.499647469113496223e-02	3.141509618009425547e-02	7.928035794099733136e-02
1.224923418097517697e+03	2.487853747633857193e-01	1.507408043020256050e-01	2.585510920302599436e-01	1.561216686450396518e-01	7.503094863947869231e-02	3.143729096757059277e-02	7.933282065221786139e-02
1.226374749161614318e+03	2.485860003134935103e-01	1.506158570593434942e-01	2.586846880654983805e-01	1.562034387036971839e-01	7.506536484739667614e-02	3.145945650247158887e-02	7.938519450807719757e-02
1.227826080225710712e+03	2.483869705588672705e-01	1.504911258674786201e-01	2.588180388409478394e-01	1.562850688516240483e-01	7.509972341661104445e-02	3.148159280804213589e-02	7.943747965640714226e-02
1.229277411289807560e+03	2.481882849023497040e-01	1.503666103520234498e-01	2.589511447939325528e-01	1.563665593505937923e-01	7.513402444865181773e-02	3.150369990758027094e-02	7.948967624484658268e-02
1.230728742353903954e+03	2.479899427478224061e-01	1.502423101392223181e-01	2.590840063610026500e-01	1.564479104617956251e-01	7.516826804485726710e-02	3.152577782443673204e-02	7.954178442084119949e-02
1.232180073418000802e+03	2.477919435002038095e-01	1.501182248559703170e-01	2.592166239779356562e-01	1.565291224458361941e-01	7.520245430637441386e-02	3.154782658201455564e-02	7.959380433164325863e-02
1.233631404482097196e+03	2.475942865654474634e-01	1.499943541298121297e-01	2.593489980797377692e-01	1.566101955627414999e-01	7.523658333415939037e-02	3.156984620376863948e-02	7.964573612431131988e-02
1.235082735546193817e+03	2.473969713505402013e-01	1.498706975889408932e-01	2.594811291006453025e-01	1.566911300719586175e-01	7.527065522897785632e-02	3.159183671320534015e-02	7.969757994571000093e-02
1.236534066610290438e+03	2.471999972635003651e-01	1.497472548621970323e-01	2.596130174741261287e-01	1.567719262323575558e-01	7.530467009140540124e-02	3.161379813388203591e-02	7.974933594250972757e-02
1.237985397674387059e+03	2.470033637133759175e-01	1.496240255790670659e-01	2.597446636328811786e-01	1.568525843022329502e-01	7.533862802182793306e-02	3.163573048940671734e-02	7.980100426118656720e-02
1.239436728738483680e+03	2.468070701102426656e-01	1.495010093696825526e-01	2.598760680088455510e-01	1.569331045393059787e-01	7.537252912044210829e-02	3.165763380343757788e-02	7.985258504802184021e-02
1.240888059802580301e+03	2.466111158652024848e-01	1.493782058648189803e-01	2.600072310331903447e-01	1.570134872007260263e-01	7.540637348725573452e-02	3.167950809968261144e-02	7.990407844910210611e-02
1.242339390866676695e+03	2.464155003903814034e-01	1.492556146958945174e-01	2.601381531363237687e-01	1.570937325430725451e-01	7.544016122208811737e-02	3.170135340189917522e-02	7.995548461031877496e-02
1.243790721930773088e+03	2.462202230989279650e-01	1.491332354949689576e-01	2.602688347478926967e-01	1.571738408223566086e-01	7.547389242457054614e-02	3.172316973389360112e-02	8.000680367736799636e-02
1.245242052994869937e+03	2.460252834050112858e-01	1.490110678947425549e-01	2.603992762967838881e-01	1.572538122940229377e-01	7.550756719414659923e-02	3.174495711952077942e-02	8.005803579575035411e-02
1.246693384058966330e+03	2.458306807238193337e-01	1.488891115285549127e-01	2.605294782111255425e-01	1.573336472129513997e-01	7.554118563007261589e-02	3.176671558268377715e-02	8.010918111077075521e-02
1.248144715123063179e+03	2.456364144715571518e-01	1.487673660303838741e-01	2.606594409182887984e-01	1.574133458334589231e-01	7.557474783141805708e-02	3.178844514733340787e-02	8.016023976753819391e-02
1.249596046187159800e+03	2.454424840654449991e-01	1.486458310348443557e-01	2.607891648448886768e-01	1.574929084093010800e-01	7.560825389706588018e-02	3.181014583746784308e-02	8.021121191096555747e-02
1.251047377251256421e+03	2.452488889237166292e-01	1.485245061771872099e-01	2.609186504167860798e-01	1.575723351936738903e-01	7.564170392571301083e-02	3.183181767713220978e-02	8.026209768576943182e-02
1.252498708315352815e+03	2.450556284656174588e-01	1.484033910932981981e-01	2.610478980590886233e-01	1.576516264392154587e-01	7.567509801587063434e-02	3.185346069041820188e-02	8.031289723646992118e-02
1.253950039379449436e+03	2.448627021114028190e-01	1.482824854196967135e-01	2.611769081961524130e-01	1.577307823980077517e-01	7.570843626586468145e-02	3.187507490146367778e-02	8.036361070739045376e-02
1.255401370443546057e+03	2.446701092823362067e-01	1.481617887935348932e-01	2.613056812515830996e-01	1.578098033215782625e-01	7.574171877383616136e-02	3.189666033445226478e-02	8.041423824265762910e-02
1.256852701507642678e+03	2.444778494006875080e-01	1.480413008525962582e-01	2.614342176482375990e-01	1.578886894609016212e-01	7.577494563774153646e-02	3.191821701361297753e-02	8.046477998620105154e-02
1.258304032571739299e+03	2.442859218897311668e-01	1.479210212352947140e-01	2.615625178082251479e-01	1.579674410664013706e-01	7.580811695535319417e-02	3.193974496321981549e-02	8.051523608175314983e-02
1.259755363635835920e+03	2.440943261737444081e-01	1.478009495806734963e-01	2.616905821529089127e-01	1.580460583879516323e-01	7.584123282425976609e-02	3.196124420759138135e-02	8.056560667284902444e-02
1.261206694699932314e+03	2.439030616780056004e-01	1.476810855284039770e-01	2.618184111029071004e-01	1.581245416748786603e-01	7.587429334186651664e-02	3.198271477109050631e-02	8.061589190282629491e-02
1.262658025764028707e+03	2.437121278287923964e-01	1.475614287187845541e-01	2.619460050780946236e-01	1.582028911759625622e-01	7.590729860539575935e-02	3.200415667812384762e-02	8.066609191482490560e-02
1.264109356828125556e+03	2.435215240533799841e-01	1.474419787927395975e-01	2.620733644976042664e-01	1.582811071394389923e-01	7.594024871188721770e-02	3.202556995314151389e-02	8.071620685178705623e-02
1.265560687892221949e+03	2.433312497800394214e-01	1.473227353918183380e-01	2.622004897798280720e-01	1.583591898130007336e-01	7.597314375819844146e-02	3.204695462063667649e-02	8.076623685645697992e-02
1.267012018956318798e+03	2.431413044380356936e-01	1.472036981581937298e-01	2.623273813424186751e-01	1.584371394437993630e-01	7.600598384100512583e-02	3.206831070514521570e-02	8.081618207138087373e-02
1.268463350020415419e+03	2.429516874576262420e-01	1.470848667346613403e-01	2.624540396022906896e-01	1.585149562784467780e-01	7.603876905680158338e-02	3.208963823124531128e-02	8.086604263890670441e-02
1.269914681084511813e+03	2.427623982700589933e-01	1.469662407646383784e-01	2.625804649756220965e-01	1.585926405630169456e-01	7.607149950190104926e-02	3.211093722355708863e-02	8.091581870118409736e-02
1.271366012148608434e+03	2.425734363075706668e-01	1.468478198921624178e-01	2.627066578778555206e-01	1.586701925430474558e-01	7.610417527243611147e-02	3.213220770674224402e-02	8.096551040016425338e-02
1.272817343212705055e+03	2.423848010033851086e-01	1.467296037618904259e-01	2.628326187236996181e-01	1.587476124635411046e-01	7.613679646435905779e-02	3.215344970550366305e-02	8.101511787759978211e-02
1.274268674276801676e+03	2.421964917917115157e-01	1.466115920190976529e-01	2.629583479271303537e-01	1.588249005689674476e-01	7.616936317344223661e-02	3.217466324458504584e-02	8.106464127504459105e-02
1.275720005340898297e+03	2.420085081077426870e-01	1.464937843096765224e-01	2.630838459013922770e-01	1.589020571032644935e-01	7.620187549527851489e-02	3.219584834877055324e-02	8.111408073385377449e-02
1.277171336404994690e+03	2.418208493876533305e-01	1.463761802801355483e-01	2.632091130590001882e-01	1.589790823098402583e-01	7.623433352528154183e-02	3.221700504288443900e-02	8.116343639518351638e-02
1.278622667469091539e+03	2.416335150685983146e-01	1.462587795775983079e-01	2.633341498117400259e-01	1.590559764315742919e-01	7.626673735868624848e-02	3.223813335179068207e-02	8.121270839999097935e-02
1.280073998533187932e+03	2.414465045887110306e-01	1.461415818498022212e-01	2.634589565706705327e-01	1.591327397108192043e-01	7.629908709054912530e-02	3.225923330039261183e-02	8.126189688903417974e-02
1.281525329597284326e+03	2.412598173871014773e-01	1.460245867450975510e-01	2.635835337461244210e-01	1.592093723894023594e-01	7.633138281574863848e-02	3.228030491363257509e-02	8.131100200287194602e-02
1.282976660661381175e+03	2.410734529038547347e-01	1.459077939124464318e-01	2.637078817477096493e-01	1.592858747086273175e-01	7.636362462898557690e-02	3.230134821649153359e-02	8.136002388186375223e-02
1.284427991725477568e+03	2.408874105800292154e-01	1.457912030014215932e-01	2.638320009843109215e-01	1.593622469092754179e-01	7.639581262478342683e-02	3.232236323398873790e-02	8.140896266616971799e-02
1.285879322789574417e+03	2.407016898576548325e-01	1.456748136622054157e-01	2.639558918640908525e-01	1.594384892316073055e-01	7.642794689748880210e-02	3.234334999118136655e-02	8.145781849575044198e-02
1.287330653853671038e+03	2.405162901797315012e-01	1.455586255455888212e-01	2.640795547944913002e-01	1.595146019153644845e-01	7.646002754127172174e-02	3.236430851316417917e-02	8.150659151036700190e-02
1.288781984917767431e+03	2.403312109902272786e-01	1.454426383029702174e-01	2.642029901822346982e-01	1.595905851997708458e-01	7.649205465012608174e-02	3.238523882506912782e-02	8.155528184958076021e-02
1.290233315981864052e+03	2.401464517340766991e-01	1.453268515863543886e-01	2.643261984333254433e-01	1.596664393235341373e-01	7.652402831786990489e-02	3.240614095206505174e-02	8.160388965275340578e-02
