1.001418434226643626e+03	2.796483855907250238e-01	1.804717437536957625e-01	2.345800101270374416e-01	1.407834306163192606e-01	6.832245450623034011e-02	2.678291428416456482e-02	6.941106112155139007e-02
1.002869765290740247e+03	2.793954374825923237e-01	1.803016628701544499e-01	2.347520676969285514e-01	1.408897759916304115e-01	6.836684670241895134e-02	2.681040509348352543e-02	6.948380416251552505e-02
1.004321096354836754e+03	2.791429234278980376e-01	1.801318711911010229e-01	2.349237693807590399e-01	1.409959536250370293e-01	6.841117208120335580e-02	2.683786890753982537e-02	6.955644138618548300e-02
1.005772427418933376e+03	2.788908426810068342e-01	1.799623682040754347e-01	2.350951162140593464e-01	1.411019637684215455e-01	6.845543072975091015e-02	2.686530570314739352e-02	6.962897269926233978e-02
1.007223758483029997e+03	2.786391944976157609e-01	1.797931533976578067e-01	2.352661092267551990e-01	1.412078066734689386e-01	6.849962273523264866e-02	2.689271545740961125e-02	6.970139801158387050e-02
1.008675089547126618e+03	2.783879781347509130e-01	1.796242262614653473e-01	2.354367494432148544e-01	1.413134825916636250e-01	6.854374818482240894e-02	2.692009814771803913e-02	6.977371723608863374e-02
1.010126420611223239e+03	2.781371928507648250e-01	1.794555862861490214e-01	2.356070378822960887e-01	1.414189917742864622e-01	6.858780716569587432e-02	2.694745375175114366e-02	6.984593028878045839e-02
1.011577751675319632e+03	2.778868379053334170e-01	1.792872329633903306e-01	2.357769755573924930e-01	1.415243344724116670e-01	6.863179976502968571e-02	2.697478224747302741e-02	6.991803708869330503e-02
1.013029082739416367e+03	2.776369125594531084e-01	1.791191657858980657e-01	2.359465634764795483e-01	1.416295109369040961e-01	6.867572607000047014e-02	2.700208361313216621e-02	6.999003755785652980e-02
1.014480413803512761e+03	2.773874160754378759e-01	1.789513842474052818e-01	2.361158026421600331e-01	1.417345214184163593e-01	6.871958616778385542e-02	2.702935782726013925e-02	7.006193162126048146e-02
1.015931744867609382e+03	2.771383477169164777e-01	1.787838878426660227e-01	2.362846940517090988e-01	1.418393661673860995e-01	6.876338014555348488e-02	2.705660486867036973e-02	7.013371920682236194e-02
1.017383075931706003e+03	2.768897067488296226e-01	1.786166760674522680e-01	2.364532386971190114e-01	1.419440454340334390e-01	6.880710809048000420e-02	2.708382471645687933e-02	7.020540024535265600e-02
1.018834406995802851e+03	2.766414924374269724e-01	1.784497484185506577e-01	2.366214375651432555e-01	1.420485594683582320e-01	6.885077008973006230e-02	2.711101734999303223e-02	7.027697467052164415e-02
1.020285738059899245e+03	2.763937040502644216e-01	1.782831043937595783e-01	2.367892916373402212e-01	1.421529085201375386e-01	6.889436623046527042e-02	2.713818274893027571e-02	7.034844241882647065e-02
1.021737069123995752e+03	2.761463408562011557e-01	1.781167434918859427e-01	2.369568018901167528e-01	1.422570928389233491e-01	6.893789659984120299e-02	2.716532089319691201e-02	7.041980342955844741e-02
1.023188400188092373e+03	2.758994021253968754e-01	1.779506652127422761e-01	2.371239692947707811e-01	1.423611126740398913e-01	6.898136128500634290e-02	2.719243176299683887e-02	7.049105764477070490e-02
1.024639731252188767e+03	2.756528871293091321e-01	1.777848690571434687e-01	2.372907948175340676e-01	1.424649682745815216e-01	6.902476037310095736e-02	2.721951533880832136e-02	7.056220500924624550e-02
1.026091062316285615e+03	2.754067951406902748e-01	1.776193545269039165e-01	2.374572794196141146e-01	1.425686598894102819e-01	6.906809395125615425e-02	2.724657160138276024e-02	7.063324547046621882e-02
1.027542393380382237e+03	2.751611254335848411e-01	1.774541211248344685e-01	2.376234240572359657e-01	1.426721877671537075e-01	6.911136210659274415e-02	2.727360053174344295e-02	7.070417897857857181e-02
1.028993724444478858e+03	2.749158772833267816e-01	1.772891683547393460e-01	2.377892296816833395e-01	1.427755521562025787e-01	6.915456492622019946e-02	2.730060211118433278e-02	7.077500548636714295e-02
1.030445055508575479e+03	2.746710499665366290e-01	1.771244957214133386e-01	2.379546972393395687e-01	1.428787533047089220e-01	6.919770249723561362e-02	2.732757632126882677e-02	7.084572494922082575e-02
1.031896386572671872e+03	2.744266427611187775e-01	1.769601027306386132e-01	2.381198276717280404e-01	1.429817914605838458e-01	6.924077490672260471e-02	2.735452314382854494e-02	7.091633732510328747e-02
1.033347717636768493e+03	2.741826549462587082e-01	1.767959888891820486e-01	2.382846219155523304e-01	1.430846668714953751e-01	6.928378224175023303e-02	2.738144256096210205e-02	7.098684257452288204e-02
1.034799048700865114e+03	2.739390858024203235e-01	1.766321537047921553e-01	2.384490809027357827e-01	1.431873797848666752e-01	6.932672458937197413e-02	2.740833455503390026e-02	7.105724066050284060e-02
1.036250379764961508e+03	2.736959346113431724e-01	1.764685966861961608e-01	2.386132055604608948e-01	1.432899304478739977e-01	6.936960203662465019e-02	2.743519910867290093e-02	7.112753154855193383e-02
1.037701710829058356e+03	2.734532006560397299e-01	1.763053173430971232e-01	2.387769968112081753e-01	1.433923191074447101e-01	6.941241467052729208e-02	2.746203620477142768e-02	7.119771520663523146e-02
1.039153041893154750e+03	2.732108832207926774e-01	1.761423151861711278e-01	2.389404555727947244e-01	1.434945460102556025e-01	6.945516257808019567e-02	2.748884582648395553e-02	7.126779160514534750e-02
1.040604372957251599e+03	2.729689815911524042e-01	1.759795897270644283e-01	2.391035827584123696e-01	1.435966114027309171e-01	6.949784584626375605e-02	2.751562795722590701e-02	7.133776071687386588e-02
1.042055704021347992e+03	2.727274950539340659e-01	1.758171404783904768e-01	2.392663792766654696e-01	1.436985155310406270e-01	6.954046456203745452e-02	2.754238258067244483e-02	7.140762251698307139e-02
1.043507035085444613e+03	2.724864228972150304e-01	1.756549669537272873e-01	2.394288460316083833e-01	1.438002586410987160e-01	6.958301881233883157e-02	2.756910968075728177e-02	7.147737698297805531e-02
1.044958366149541234e+03	2.722457644103321583e-01	1.754930686676144935e-01	2.395909839227824967e-01	1.439018409785615127e-01	6.962550868408237670e-02	2.759580924167147689e-02	7.154702409467900148e-02
1.046409697213637855e+03	2.720055188838793048e-01	1.753314451355506287e-01	2.397527938452529150e-01	1.440032627888259698e-01	6.966793426415854307e-02	2.762248124786225584e-02	7.161656383419388872e-02
1.047861028277734476e+03	2.717656856097044882e-01	1.751700958739903502e-01	2.399142766896448786e-01	1.441045243170280266e-01	6.971029563943267893e-02	2.764912568403181392e-02	7.168599618589130418e-02
1.049312359341831097e+03	2.715262638809073925e-01	1.750090204003415251e-01	2.400754333421796505e-01	1.442056258080411102e-01	6.975259289674401453e-02	2.767574253513611915e-02	7.175532113637371479e-02
1.050763690405927491e+03	2.712872529918367026e-01	1.748482182329627599e-01	2.402362646847102934e-01	1.443065675064745257e-01	6.979482612290460741e-02	2.770233178638375690e-02	7.182453867445091900e-02
1.052215021470024112e+03	2.710486522380873287e-01	1.746876888911604864e-01	2.403967715947569750e-01	1.444073496566718739e-01	6.983699540469835709e-02	2.772889342323472603e-02	7.189364879111376228e-02
1.053666352534120733e+03	2.708104609164981857e-01	1.745274318951862691e-01	2.405569549455418288e-01	1.445079725027097750e-01	6.987910082887996421e-02	2.775542743139926966e-02	7.196265147950817176e-02
1.055117683598217127e+03	2.705726783251493073e-01	1.743674467662341410e-01	2.407168156060236763e-01	1.446084362883962304e-01	6.992114248217394523e-02	2.778193379683670250e-02	7.203154673490946847e-02
1.056569014662313975e+03	2.703353037633592360e-01	1.742077330264379109e-01	2.408763544409323332e-01	1.447087412572692355e-01	6.996312045127361934e-02	2.780841250575424861e-02	7.210033455469692931e-02
1.058020345726410369e+03	2.700983365316825813e-01	1.740482901988684716e-01	2.410355723108024428e-01	1.448088876525954471e-01	7.000503482284013701e-02	2.783486354460585482e-02	7.216901493832854342e-02
1.059471676790506763e+03	2.698617759319074105e-01	1.738891178075312183e-01	2.411944700720073387e-01	1.449088757173688513e-01	7.004688568350146693e-02	2.786128690009104236e-02	7.223758788731614311e-02
1.060923007854603611e+03	2.696256212670526398e-01	1.737302153773633562e-01	2.413530485767921840e-01	1.450087056943093478e-01	7.008867311985146620e-02	2.788768255915373764e-02	7.230605340520074309e-02
1.062374338918700232e+03	2.693898718413655913e-01	1.735715824342312363e-01	2.415113086733069736e-01	1.451083778258615287e-01	7.013039721844888108e-02	2.791405050898111695e-02	7.237441149752814329e-02
1.063825669982796853e+03	2.691545269603193846e-01	1.734132185049277741e-01	2.416692512056393405e-01	1.452078923541933742e-01	7.017205806581640337e-02	2.794039073700245110e-02	7.244266217182475376e-02
1.065277001046893474e+03	2.689195859306103276e-01	1.732551231171699790e-01	2.418268770138466972e-01	1.453072495211950310e-01	7.021365574843969892e-02	2.796670323088795013e-02	7.251080543757368324e-02
1.066728332110990095e+03	2.686850480601557511e-01	1.730972957995961237e-01	2.419841869339885987e-01	1.454064495684776470e-01	7.025519035276650559e-02	2.799298797854762530e-02	7.257884130619117469e-02
1.068179663175086489e+03	2.684509126580908456e-01	1.729397360817634399e-01	2.421411817981581616e-01	1.455054927373720663e-01	7.029666196520570343e-02	2.801924496813011645e-02	7.264676979100311016e-02
1.069630994239183110e+03	2.682171790347667173e-01	1.727824434941453713e-01	2.422978624345137055e-01	1.456043792689278027e-01	7.033807067212632935e-02	2.804547418802158520e-02	7.271459090722190433e-02
1.071082325303279504e+03	2.679838465017476690e-01	1.726254175681291025e-01	2.424542296673098674e-01	1.457031094039118457e-01	7.037941655985673062e-02	2.807167562684455275e-02	7.278230467192356445e-02
1.072533656367376352e+03	2.677509143718088680e-01	1.724686578360130618e-01	2.426102843169283541e-01	1.458016833828075787e-01	7.042069971468363498e-02	2.809784927345675490e-02	7.284991110402501413e-02
1.073984987431472746e+03	2.675183819589337375e-01	1.723121638310043946e-01	2.427660271999085573e-01	1.459001014458136958e-01	7.046192022285124867e-02	2.812399511695004226e-02	7.291741022426168062e-02
1.075436318495569594e+03	2.672862485783112918e-01	1.721559350872163552e-01	2.429214591289777792e-01	1.459983638328430922e-01	7.050307817056038207e-02	2.815011314664921452e-02	7.298480205516520714e-02
1.076887649559666215e+03	2.670545135463340269e-01	1.719999711396660580e-01	2.430765809130812083e-01	1.460964707835219756e-01	7.054417364396760315e-02	2.817620335211090676e-02	7.305208662104156758e-02
1.078338980623762609e+03	2.668231761805953117e-01	1.718442715242717855e-01	2.432313933574115628e-01	1.461944225371887007e-01	7.058520672918430772e-02	2.820226572312247229e-02	7.311926394794926454e-02
1.079790311687859230e+03	2.665922357998868342e-01	1.716888357778505736e-01	2.433858972634384277e-01	1.462922193328928810e-01	7.062617751227592833e-02	2.822830024970085852e-02	7.318633406367783256e-02
1.081241642751955851e+03	2.663616917241964921e-01	1.715336634381158243e-01	2.435400934289375374e-01	1.463898614093943618e-01	7.066708607926101837e-02	2.825430692209147249e-02	7.325329699772654968e-02
1.082692973816052472e+03	2.661315432747056176e-01	1.713787540436748913e-01	2.436939826480194471e-01	1.464873490051623872e-01	7.070793251611048880e-02	2.828028573076709143e-02	7.332015278128331537e-02
1.084144304880149093e+03	2.659017897737866454e-01	1.712241071340265819e-01	2.438475657111580652e-01	1.465846823583746017e-01	7.074871690874674768e-02	2.830623666642673522e-02	7.338690144720382003e-02
1.085595635944245487e+03	2.656724305450008372e-01	1.710697222495587422e-01	2.440008434052191033e-01	1.466818617069161612e-01	7.078943934304285368e-02	2.833215971999456309e-02	7.345354302999095031e-02
1.087046967008342108e+03	2.654434649130956725e-01	1.709155989315459534e-01	2.441538165134879146e-01	1.467788872883789009e-01	7.083009990482173890e-02	2.835805488261876339e-02	7.352007756577429165e-02
1.088498298072438729e+03	2.652148922040025725e-01	1.707617367221470617e-01	2.443064858156973052e-01	1.468757593400603634e-01	7.087069867985540395e-02	2.838392214567046073e-02	7.358650509229000547e-02
1.089949629136535123e+03	2.649867117448346798e-01	1.706081351644028188e-01	2.444588520880550675e-01	1.469724780989631330e-01	7.091123575386412692e-02	2.840976150074261269e-02	7.365282564886076189e-02
1.091400960200631971e+03	2.647589228638839165e-01	1.704547938022336062e-01	2.446109161032710699e-01	1.470690438017939750e-01	7.095171121251570012e-02	2.843557293964891000e-02	7.371903927637599163e-02
1.092852291264728365e+03	2.645315248906193739e-01	1.703017121804369649e-01	2.447626786305843183e-01	1.471654566849629753e-01	7.099212514142463903e-02	2.846135645442268713e-02	7.378514601727227673e-02
1.094303622328825213e+03	2.643045171556842599e-01	1.701488898446853193e-01	2.449141404357895180e-01	1.472617169845828189e-01	7.103247762615140515e-02	2.848711203731583638e-02	7.385114591551400487e-02
1.095754953392921607e+03	2.640778989908940111e-01	1.699963263415237014e-01	2.450653022812637749e-01	1.473578249364680681e-01	7.107276875220169821e-02	2.851283968079772191e-02	7.391703901657420417e-02
1.097206284457018228e+03	2.638516697292336288e-01	1.698440212183673914e-01	2.452161649259925191e-01	1.474537807761343577e-01	7.111299860502570680e-02	2.853853937755408687e-02	7.398282536741551674e-02
1.098657615521114849e+03	2.636258287048556248e-01	1.696919740234995311e-01	2.453667291255955674e-01	1.475495847387976733e-01	7.115316727001731734e-02	2.856421112048599179e-02	7.404850501647147754e-02
1.100108946585211470e+03	2.634003752530773568e-01	1.695401843060690139e-01	2.455169956323529079e-01	1.476452370593738239e-01	7.119327483251346178e-02	2.858985490270871468e-02	7.411407801362793202e-02
1.101560277649308091e+03	2.631753087103789190e-01	1.693886516160880984e-01	2.456669651952299305e-01	1.477407379724774983e-01	7.123332137779338213e-02	2.861547071755069643e-02	7.417954441020463419e-02
1.103011608713404712e+03	2.629506284144008665e-01	1.692373755044301320e-01	2.458166385599028780e-01	1.478360877124217931e-01	7.127330699107792267e-02	2.864105855855246865e-02	7.424490425893706669e-02
1.104462939777501106e+03	2.627263337039417168e-01	1.690863555228273585e-01	2.459660164687836603e-01	1.479312865132175470e-01	7.131323175752883603e-02	2.866661841946558167e-02	7.431015761395842745e-02
1.105914270841597499e+03	2.625024239189557851e-01	1.689355912238686697e-01	2.461150996610445840e-01	1.480263346085726739e-01	7.135309576224807548e-02	2.869215029425154287e-02	7.437530453078186610e-02
1.107365601905694348e+03	2.622788984005506863e-01	1.687850821609972740e-01	2.462638888726430275e-01	1.481212322318914698e-01	7.139289909027715653e-02	2.871765417708075849e-02	7.444034506628278980e-02
1.108816932969790741e+03	2.620557564909853920e-01	1.686348278885086427e-01	2.464123848363454772e-01	1.482159796162742238e-01	7.143264182659646300e-02	2.874313006233146853e-02	7.450527927868148825e-02
1.110268264033887590e+03	2.618329975336675663e-01	1.684848279615481226e-01	2.465605882817517858e-01	1.483105769945164965e-01	7.147232405612460870e-02	2.876857794458871284e-02	7.457010722752586973e-02
1.111719595097984211e+03	2.616106208731515115e-01	1.683350819361089101e-01	2.467084999353187924e-01	1.484050245991085648e-01	7.151194586371774353e-02	2.879399781864325561e-02	7.463482897367432201e-02
1.113170926162080832e+03	2.613886258551359476e-01	1.681855893690297754e-01	2.468561205203839981e-01	1.484993226622349505e-01	7.155150733416898445e-02	2.881938967949056185e-02	7.469944457927890635e-02
1.114622257226177226e+03	2.611670118264615148e-01	1.680363498179927861e-01	2.470034507571889359e-01	1.485934714157738090e-01	7.159100855220773552e-02	2.884475352232973577e-02	7.476395410776860706e-02
1.116073588290273847e+03	2.609457781351087191e-01	1.678873628415213370e-01	2.471504913629023470e-01	1.486874710912964304e-01	7.163044960249904947e-02	2.887008934256247994e-02	7.482835762383278910e-02
1.117524919354370468e+03	2.607249241301954901e-01	1.677386279989779017e-01	2.472972430516429954e-01	1.487813219200667947e-01	7.166983056964307264e-02	2.889539713579208219e-02	7.489265519340480848e-02
1.118976250418467089e+03	2.605044491619752378e-01	1.675901448505618674e-01	2.474437065345024556e-01	1.488750241330410173e-01	7.170915153817437881e-02	2.892067689782235398e-02	7.495684688364583070e-02
1.120427581482563710e+03	2.602843525818342441e-01	1.674419129573073983e-01	2.475898825195676223e-01	1.489685779608669880e-01	7.174841259256141413e-02	2.894592862465661387e-02	7.502093276292882973e-02
1.121878912546660331e+03	2.600646337422897747e-01	1.672939318810814369e-01	2.477357717119429148e-01	1.490619836338837323e-01	7.178761381720587254e-02	2.897115231249666051e-02	7.508491290082271175e-02
1.123330243610756725e+03	2.598452919969876374e-01	1.671462011845813167e-01	2.478813748137724260e-01	1.491552413821211898e-01	7.182675529644216850e-02	2.899634795774173532e-02	7.514878736807663329e-02
1.124781574674853118e+03	2.596263267007000164e-01	1.669987204313329310e-01	2.480266925242617104e-01	1.492483514352996310e-01	7.186583711453679857e-02	2.902151555698752328e-02	7.521255623660444423e-02
1.126232905738949967e+03	2.594077372093233635e-01	1.668514891856885674e-01	2.481717255396995170e-01	1.493413140228292690e-01	7.190485935568782794e-02	2.904665510702511555e-02	7.527621957946939446e-02
1.127684236803046360e+03	2.591895228798760664e-01	1.667045070128246875e-01	2.483164745534791884e-01	1.494341293738099263e-01	7.194382210402430755e-02	2.907176660484001030e-02	7.533977747086889609e-02
1.129135567867143209e+03	2.589716830704962280e-01	1.665577734787400677e-01	2.484609402561198943e-01	1.495267977170305629e-01	7.198272544360577452e-02	2.909685004761109264e-02	7.540322998611945216e-02
1.130586898931239830e+03	2.587542171404395019e-01	1.664112881502534946e-01	2.486051233352878365e-01	1.496193192809689987e-01	7.202156945842165536e-02	2.912190543270963550e-02	7.546657720164186289e-02
1.132038229995336451e+03	2.585371244500772048e-01	1.662650505950019619e-01	2.487490244758168989e-01	1.497116942937914419e-01	7.206035423239075255e-02	2.914693275769828298e-02	7.552981919494640428e-02
1.133489561059432845e+03	2.583204043608937628e-01	1.661190603814384215e-01	2.488926443597293536e-01	1.498039229833522668e-01	7.209907984936071712e-02	2.917193202033006513e-02	7.559295604461836737e-02
1.134940892123529466e+03	2.581040562354844914e-01	1.659733170788298684e-01	2.490359836662565107e-01	1.498960055771935973e-01	7.213774639310757686e-02	2.919690321854738480e-02	7.565598783030352825e-02
1.136392223187626087e+03	2.578880794375538188e-01	1.658278202572552040e-01	2.491790430718587579e-01	1.499879423025449465e-01	7.217635394733516729e-02	2.922184635048103926e-02	7.571891463269397882e-02
1.137843554251722708e+03	2.576724733319128435e-01	1.656825694876034316e-01	2.493218232502457388e-01	1.500797333863230221e-01	7.221490259567468761e-02	2.924676141444921759e-02	7.578173653351398531e-02
1.139294885315819101e+03	2.574572372844773360e-01	1.655375643415713249e-01	2.494643248723962536e-01	1.501713790551313099e-01	7.225339242168415943e-02	2.927164840895651876e-02	7.584445361550604114e-02
1.140746216379915950e+03	2.572423706622653516e-01	1.653928043916617352e-01	2.496065486065779937e-01	1.502628795352599356e-01	7.229182350884796882e-02	2.929650733269296634e-02	7.590706596241701687e-02
1.142197547444012343e+03	2.570278728333952878e-01	1.652482892111814261e-01	2.497484951183670254e-01	1.503542350526852478e-01	7.233019594057640833e-02	2.932133818453302662e-02	7.596957365898453218e-02
1.143648878508108737e+03	2.568137431670838300e-01	1.651040183742391310e-01	2.498901650706671085e-01	1.504454458330696520e-01	7.236850980020513580e-02	2.934614096353463028e-02	7.603197679092339734e-02
1.145100209572205586e+03	2.565999810336436759e-01	1.649599914557436375e-01	2.500315591237289303e-01	1.505365121017612773e-01	7.240676517099481346e-02	2.937091566893820782e-02	7.609427544491229045e-02
1.146551540636302207e+03	2.563865858044814261e-01	1.648162080314017619e-01	2.501726779351690633e-01	1.506274340837937820e-01	7.244496213613060842e-02	2.939566230016570081e-02	7.615646970858047649e-02
1.148002871700398828e+03	2.561735568520955297e-01	1.646726676777164056e-01	2.503135221599886995e-01	1.507182120038861595e-01	7.248310077872167911e-02	2.942038085681961471e-02	7.621855967049472047e-02
1.149454202764495449e+03	2.559608935500740090e-01	1.645293699719846403e-01	2.504540924505924138e-01	1.508088460864424607e-01	7.252118118180084227e-02	2.944507133868204396e-02	7.628054542014629791e-02
1.150905533828591842e+03	2.557485952730927381e-01	1.643863144922957376e-01	2.505943894568065100e-01	1.508993365555516275e-01	7.255920342832408720e-02	2.946973374571370749e-02	7.634242704793826884e-02
1.152356864892688463e+03	2.555366613969128897e-01	1.642435008175292255e-01	2.507344138258973953e-01	1.509896836349872706e-01	7.259716760117014556e-02	2.949436807805299807e-02	7.640420464517268251e-02
1.153808195956785084e+03	2.553250912983792142e-01	1.641009285273530849e-01	2.508741662025896213e-01	1.510798875482075032e-01	7.263507378314007501e-02	2.951897433601503168e-02	7.646587830403808739e-02
1.155259527020881706e+03	2.551138843554177082e-01	1.639585972022216676e-01	2.510136472290838139e-01	1.511699485183547187e-01	7.267292205695687068e-02	2.954355252009069344e-02	7.652744811759711052e-02
1.156710858084978327e+03	2.549030399470336716e-01	1.638165064233739199e-01	2.511528575450745482e-01	1.512598667682555353e-01	7.271071250526503493e-02	2.956810263094567653e-02	7.658891417977414795e-02
1.158162189149074720e+03	2.546925574533095427e-01	1.636746557728314677e-01	2.512917977877680009e-01	1.513496425204205464e-01	7.274844521063016101e-02	2.959262466941956285e-02	7.665027658534326327e-02
1.159613520213171569e+03	2.544824362554028996e-01	1.635330448333967013e-01	2.514304685918991589e-01	1.514392759970441815e-01	7.278612025553859999e-02	2.961711863652486190e-02	7.671153542991610008e-02
1.161064851277267962e+03	2.542726757355444067e-01	1.633916731886508600e-01	2.515688705897494160e-01	1.515287674200045953e-01	7.282373772239703058e-02	2.964158453344608798e-02	7.677269080993003036e-02
1.162516182341364356e+03	2.540632752770357050e-01	1.632505404229523394e-01	2.517070044111635596e-01	1.516181170108635290e-01	7.286129769353208441e-02	2.966602236153881994e-02	7.683374282263635835e-02
1.163967513405461204e+03	2.538542342642475802e-01	1.631096461214346094e-01	2.518448706835665907e-01	1.517073249908661992e-01	7.289880025118995743e-02	2.969043212232876441e-02	7.689469156608869094e-02
1.165418844469557826e+03	2.536455520826174648e-01	1.629689898700044937e-01	2.519824700319809319e-01	1.517963915809412423e-01	7.293624547753609078e-02	2.971481381751083992e-02	7.695553713913139138e-02
1.166870175533654447e+03	2.534372281186478282e-01	1.628285712553403097e-01	2.521198030790425260e-01	1.518853170017005205e-01	7.297363345465476825e-02	2.973916744894824701e-02	7.701627964138825500e-02
1.168321506597751068e+03	2.532292617599038453e-01	1.626883898648899540e-01	2.522568704450179888e-01	1.519741014734390938e-01	7.301096426454878330e-02	2.976349301867155239e-02	7.707691917325112940e-02
1.169772837661847461e+03	2.530216523950118424e-01	1.625484452868692364e-01	2.523936727478204856e-01	1.520627452161351090e-01	7.304823798913907817e-02	2.978779052887775558e-02	7.713745583586884003e-02
1.171224168725944082e+03	2.528143994136565764e-01	1.624087371102598820e-01	2.525302106030261062e-01	1.521512484494497719e-01	7.308545471026441087e-02	2.981205998192940076e-02	7.719788973113610175e-02
1.172675499790040703e+03	2.526075022065798481e-01	1.622692649248078933e-01	2.526664846238899642e-01	1.522396113927272920e-01	7.312261450968102205e-02	2.983630138035364698e-02	7.725822096168265263e-02
1.174126830854137097e+03	2.524009601655781143e-01	1.621300283210215243e-01	2.528024954213619058e-01	1.523278342649947437e-01	7.315971746906228812e-02	2.986051472684136260e-02	7.731844963086238753e-02
1.175578161918233945e+03	2.521947726835006565e-01	1.619910268901696426e-01	2.529382436041025528e-01	1.524159172849620658e-01	7.319676366999840200e-02	2.988470002424622671e-02	7.737857584274274170e-02
1.177029492982330339e+03	2.519889391542475821e-01	1.618522602242799535e-01	2.530737297784986795e-01	1.525038606710220623e-01	7.323375319399608174e-02	2.990885727558383056e-02	7.743859970209406030e-02
1.178480824046426733e+03	2.517834589727676597e-01	1.617137279161371399e-01	2.532089545486788662e-01	1.525916646412503741e-01	7.327068612247822355e-02	2.993298648403077550e-02	7.749852131437917624e-02
1.179932155110523581e+03	2.515783315350565985e-01	1.615754295592811696e-01	2.533439185165286545e-01	1.526793294134053958e-01	7.330756253678361034e-02	2.995708765292377784e-02	7.755834078574301571e-02
1.181383486174620202e+03	2.513735562381548272e-01	1.614373647480053797e-01	2.534786222817059786e-01	1.527668552049283035e-01	7.334438251816656484e-02	2.998116078575878418e-02	7.761805822300242574e-02
1.182834817238716823e+03	2.511691324801456626e-01	1.612995330773548674e-01	2.536130664416557656e-01	1.528542422329430550e-01	7.338114614779676914e-02	3.000520588619007625e-02	7.767767373363601568e-02
1.184286148302813444e+03	2.509650596601533112e-01	1.611619341431247132e-01	2.537472515916254778e-01	1.529414907142563618e-01	7.341785350675886224e-02	3.002922295802938971e-02	7.773718742577413743e-02
1.185737479366910065e+03	2.507613371783408152e-01	1.610245675418581213e-01	2.538811783246793796e-01	1.530286008653577168e-01	7.345450467605220413e-02	3.005321200524504327e-02	7.779659940818896280e-02
1.187188810431006686e+03	2.505579644359082203e-01	1.608874328708448931e-01	2.540148472317133033e-01	1.531155729024194501e-01	7.349109973659057049e-02	3.007717303196104364e-02	7.785590979028471359e-02
1.188640141495103080e+03	2.503549408350906336e-01	1.607505297281194567e-01	2.541482589014693039e-01	1.532024070412966732e-01	7.352763876920190289e-02	3.010110604245622504e-02	7.791511868208793323e-02
1.190091472559199701e+03	2.501522657791561133e-01	1.606138577124593125e-01	2.542814139205499258e-01	1.532891034975274180e-01	7.356412185462803122e-02	3.012501104116336800e-02	7.797422619423791113e-02
1.191542803623296322e+03	2.499499386724038652e-01	1.604774164233832567e-01	2.544143128734324133e-01	1.533756624863326090e-01	7.360054907352442388e-02	3.014888803266834241e-02	7.803323243797720410e-02
1.192994134687392716e+03	2.497479589201622163e-01	1.603412054611496884e-01	2.545469563424829218e-01	1.534620842226160353e-01	7.363692050645985476e-02	3.017273702170923319e-02	7.809213752514219953e-02
1.194445465751489564e+03	2.495463259287867275e-01	1.602052244267548331e-01	2.546793449079703953e-01	1.535483689209646008e-01	7.367323623391629217e-02	3.019655801317549029e-02	7.815094156815383108e-02
1.195896796815585958e+03	2.493450391056582505e-01	1.600694729219311607e-01	2.548114791480805552e-01	1.536345167956481572e-01	7.370949633628851028e-02	3.022035101210706134e-02	7.820964468000846104e-02
1.197348127879682352e+03	2.491440978591810129e-01	1.599339505491456370e-01	2.549433596389295009e-01	1.537205280606198377e-01	7.374570089388390870e-02	3.024411602369354163e-02	7.826824697426874866e-02
1.198799458943779200e+03	2.489435015987807309e-01	1.597986569115980859e-01	2.550749869545773096e-01	1.538064029295158341e-01	7.378184998692226271e-02	3.026785305327332753e-02	7.832674856505462968e-02
1.200250790007875821e+03	2.487432497349026383e-01	1.596635916132194133e-01	2.552063616670416923e-01	1.538921416156557032e-01	7.381794369553551505e-02	3.029156210633274920e-02	7.838514956703443448e-02
1.201702121071972442e+03	2.485433416790095718e-01	1.595287542586700247e-01	2.553374843463112609e-01	1.539777443320423933e-01	7.385398209976749839e-02	3.031524318850525174e-02	7.844345009541615898e-02
1.203153452136069063e+03	2.483437768435801107e-01	1.593941444533381602e-01	2.554683555603586287e-01	1.540632112913622453e-01	7.388996527957372717e-02	3.033889630557053824e-02	7.850165026593865225e-02
1.204604783200165684e+03	2.481445546421067461e-01	1.592597618033382012e-01	2.555989758751537888e-01	1.541485427059852420e-01	7.392589331482121717e-02	3.036252146345374062e-02	7.855975019486309552e-02
1.206056114264262078e+03	2.479456744890937980e-01	1.591256059155090608e-01	2.557293458546769926e-01	1.542337387879650079e-01	7.396176628528820796e-02	3.038611866822456611e-02	7.861774999896441185e-02
1.207507445328358699e+03	2.477471358000556678e-01	1.589916763974124903e-01	2.558594660609314619e-01	1.543187997490389762e-01	7.399758427066398248e-02	3.040968792609649238e-02	7.867564979552295334e-02
1.208958776392455093e+03	2.475489379915148946e-01	1.588579728573315253e-01	2.559893370539565449e-01	1.544037258006284441e-01	7.403334735054870053e-02	3.043322924342592092e-02	7.873344970231604956e-02
1.210410107456551941e+03	2.473510804810003794e-01	1.587244949042687370e-01	2.561189593918398733e-01	1.544885171538387392e-01	7.406905560445309344e-02	3.045674262671135488e-02	7.879114983760980573e-02
1.211861438520648335e+03	2.471535626870453306e-01	1.585912421479447332e-01	2.562483336307304072e-01	1.545731740194594417e-01	7.410470911179838083e-02	3.048022808259258018e-02	7.884875032015101204e-02
1.213312769584745183e+03	2.469563840291855716e-01	1.584582141987964377e-01	2.563774603248507034e-01	1.546576966079643289e-01	7.414030795191596523e-02	3.050368561784985375e-02	7.890625126915899734e-02
1.214764100648841804e+03	2.467595439279575698e-01	1.583254106679756468e-01	2.565063400265089055e-01	1.547420851295116528e-01	7.417585220404733504e-02	3.052711523940306731e-02	7.896365280431767719e-02
1.216215431712937971e+03	2.465630418048966599e-01	1.581928311673471421e-01	2.566349732861112898e-01	1.548263397939442509e-01	7.421134194734385625e-02	3.055051695431095643e-02	7.902095504576765739e-02
1.217666762777034819e+03	2.463668770825350185e-01	1.580604753094873305e-01	2.567633606521744216e-01	1.549104608107897130e-01	7.424677726086659213e-02	3.057389076977027817e-02	7.907815811409847628e-02
1.219118093841131440e+03	2.461710491844000259e-01	1.579283427076825785e-01	2.568915026713368133e-01	1.549944483892604918e-01	7.428215822358605336e-02	3.059723669311501665e-02	7.913526213034084711e-02
1.220569424905228061e+03	2.459755575350123236e-01	1.577964329759276585e-01	2.570193998883710251e-01	1.550783027382541257e-01	7.431748491438212867e-02	3.062055473181556770e-02	7.919226721595899743e-02
1.222020755969324682e+03	2.457804015598838987e-01	1.576647457289240550e-01	2.571470528461954896e-01	1.551620240663533767e-01	7.435275741204387667e-02	3.064384489347794088e-02	7.924917349284317514e-02
1.223472087033421303e+03	2.455855806855164747e-01	1.575332805820785775e-01	2.572744620858859466e-01	1.552456125818263699e-01	7.438797579526934545e-02	3.066710718584298584e-02	7.930598108330212670e-02
1.224923418097517697e+03	2.453910943393993460e-01	1.574020371515015837e-01	2.574016281466872114e-01	1.553290684926269261e-01	7.442314014266543376e-02	3.069034161678556305e-02	7.936269011005575580e-02
1.226374749161614318e+03	2.451969419500078795e-01	1.572710150540055918e-01	2.575285515660245550e-01	1.554123920063944786e-01	7.445825053274771066e-02	3.071354819431378405e-02	7.941930069622778199e-02
1.227826080225710712e+03	2.450031229468014882e-01	1.571402139071036430e-01	2.576552328795150837e-01	1.554955833304545176e-01	7.449330704394027669e-02	3.073672692656820304e-02	7.947581296533851036e-02
1.229277411289807560e+03	2.448096367602219103e-01	1.570096333290077195e-01	2.577816726209790077e-01	1.555786426718186732e-01	7.452830975457562512e-02	3.075987782182105015e-02	7.953222704129769838e-02
1.230728742353903954e+03	2.446164828216912945e-01	1.568792729386273010e-01	2.579078713224506880e-01	1.556615702371848819e-01	7.456325874289448929e-02	3.078300088847544039e-02	7.958854304839749205e-02
1.232180073418000802e+03	2.444236605636105064e-01	1.567491323555676996e-01	2.580338295141900162e-01	1.557443662329376366e-01	7.459815408704567608e-02	3.080609613506460343e-02	7.964476111130543157e-02
1.233631404482097196e+03	2.442311694193572413e-01	1.566192112001286718e-01	2.581595477246927950e-01	1.558270308651482361e-01	7.463299586508595485e-02	3.082916357025110646e-02	7.970088135505748461e-02
1.235082735546193817e+03	2.440390088232842758e-01	1.564895090933027810e-01	2.582850264807022289e-01	1.559095643395748687e-01	7.466778415497990484e-02	3.085220320282608050e-02	7.975690390505130178e-02
1.236534066610290438e+03	2.438471782107176633e-01	1.563600256567739266e-01	2.584102663072191941e-01	1.559919668616630006e-01	7.470251903459980414e-02	3.087521504170845713e-02	7.981282888703933320e-02
1.237985397674387059e+03	2.436556770179549580e-01	1.562307605129157617e-01	2.585352677275133404e-01	1.560742386365454315e-01	7.473720058172547698e-02	3.089819909594420169e-02	7.986865642712225044e-02
1.239436728738483680e+03	2.434645046822633274e-01	1.561017132847902500e-01	2.586600312631331944e-01	1.561563798690425997e-01	7.477182887404422440e-02	3.092115537470555009e-02	7.992438665174224355e-02
1.240888059802580301e+03	2.432736606418778591e-01	1.559728835961461668e-01	2.587845574339170951e-01	1.562383907636628322e-01	7.480640398915061606e-02	3.094408388729025239e-02	7.998001968767654013e-02
1.242339390866676695e+03	2.430831443359998401e-01	1.558442710714175450e-01	2.589088467580032971e-01	1.563202715246025665e-01	7.484092600454643474e-02	3.096698464312081650e-02	8.003555566203084115e-02
1.243790721930773088e+03	2.428929552047948692e-01	1.557158753357222591e-01	2.590328997518402954e-01	1.564020223557465172e-01	7.487539499764053752e-02	3.098985765174376225e-02	8.009099470223304817e-02
1.245242052994869937e+03	2.427030926893910812e-01	1.555876960148604715e-01	2.591567169301972062e-01	1.564836434606680649e-01	7.490981104574878646e-02	3.101270292282886157e-02	8.014633693602682407e-02
1.246693384058966330e+03	2.425135562318775084e-01	1.554597327353131331e-01	2.592802988061737590e-01	1.565651350426293387e-01	7.494417422609385426e-02	3.103552046616839602e-02	8.020158249146534801e-02
1.248144715123063179e+03	2.423243452753022498e-01	1.553319851242405403e-01	2.594036458912102883e-01	1.566464973045815501e-01	7.497848461580521040e-02	3.105831029167642129e-02	8.025673149690518149e-02
1.249596046187159800e+03	2.421354592636706105e-01	1.552044528094808917e-01	2.595267586950975591e-01	1.567277304491652423e-01	7.501274229191896847e-02	3.108107240938801433e-02	8.031178408100009269e-02
1.251047377251256421e+03	2.419468976419436035e-01	1.550771354195487894e-01	2.596496377259870370e-01	1.568088346787105403e-01	7.504694733137783069e-02	3.110380682945855513e-02	8.036674037269500581e-02
1.252498708315352815e+03	2.417586598560359512e-01	1.549500325836337677e-01	2.597722834904003797e-01	1.568898101952374557e-01	7.508109981103089359e-02	3.112651356216296697e-02	8.042160050122001969e-02
1.253950039379449436e+03	2.415707453528144200e-01	1.548231439315987945e-01	2.598946964932389303e-01	1.569706572004560818e-01	7.511519980763367577e-02	3.114919261789500515e-02	8.047636459608446813e-02
1.255401370443546057e+03	2.413831535800961547e-01	1.546964690939789944e-01	2.600168772377937088e-01	1.570513758957668704e-01	7.514924739784799301e-02	3.117184400716652842e-02	8.053103278707111901e-02
1.256852701507642678e+03	2.411958839866469029e-01	1.545700077019800112e-01	2.601388262257546269e-01	1.571319664822609374e-01	7.518324265824180563e-02	3.119446774060677038e-02	8.058560520423029006e-02
1.258304032571739299e+03	2.410089360221791821e-01	1.544437593874765646e-01	2.602605439572201473e-01	1.572124291607203406e-01	7.521718566528921845e-02	3.121706382896161786e-02	8.064008197787420062e-02
1.259755363635835920e+03	2.408223091373507541e-01	1.543177237830112014e-01	2.603820309307064429e-01	1.572927641316183844e-01	7.525107649537038368e-02	3.123963228309288576e-02	8.069446323857128178e-02
1.261206694699932314e+03	2.406360027837626814e-01	1.541919005217926852e-01	2.605032876431566669e-01	1.573729715951197594e-01	7.528491522477136211e-02	3.126217311397761628e-02	8.074874911714054193e-02
1.262658025764028707e+03	2.404500164139578289e-01	1.540662892376946369e-01	2.606243145899503344e-01	1.574530517510809857e-01	7.531870192968412314e-02	3.128468633270734683e-02	8.080293974464605733e-02
1.264109356828125556e+03	2.402643494814189484e-01	1.539408895652540632e-01	2.607451122649122599e-01	1.575330047990506910e-01	7.535243668620644764e-02	3.130717195048741963e-02	8.085703525239151812e-02
1.265560687892221949e+03	2.400790014405670691e-01	1.538157011396700247e-01	2.608656811603214942e-01	1.576128309382698323e-01	7.538611957034184463e-02	3.132962997863628085e-02	8.091103577191474661e-02
1.267012018956318798e+03	2.398939717467598598e-01	1.536907235968022201e-01	2.609860217669205951e-01	1.576925303676720014e-01	7.541975065799949585e-02	3.135206042858473124e-02	8.096494143498239593e-02
1.268463350020415419e+03	2.397092598562897692e-01	1.535659565731695153e-01	2.611061345739241757e-01	1.577721032858837302e-01	7.545333002499420016e-02	3.137446331187528775e-02	8.101875237358463488e-02
1.269914681084511813e+03	2.395248652263824440e-01	1.534413997059485557e-01	2.612260200690278422e-01	1.578515498912248516e-01	7.548685774704629037e-02	3.139683864016144799e-02	8.107246871992990211e-02
1.271366012148608434e+03	2.393407873151949250e-01	1.533170526329723782e-01	2.613456787384169644e-01	1.579308703817087212e-01	7.552033389978157762e-02	3.141918642520698940e-02	8.112609060643978520e-02
1.272817343212705055e+03	2.391570255818142032e-01	1.531929149927289957e-01	2.614651110667751688e-01	1.580100649550425784e-01	7.555375855873133761e-02	3.144150667888531009e-02	8.117961816574376099e-02
1.274268674276801676e+03	2.389735794862551388e-01	1.530689864243600928e-01	2.615843175372930540e-01	1.580891338086277964e-01	7.558713179933218562e-02	3.146379941317871409e-02	8.123305153067431061e-02
1.275720005340898297e+03	2.387904484894591561e-01	1.529452665676595546e-01	2.617032986316765730e-01	1.581680771395602980e-01	7.562045369692609043e-02	3.148606464017773832e-02	8.128639083426175693e-02
1.277171336404994690e+03	2.386076320532923567e-01	1.528217550630721344e-01	2.618220548301556927e-01	1.582468951446308059e-01	7.565372432676027714e-02	3.150830237208046558e-02	8.133963620972942121e-02
1.278622667469091539e+03	2.384251296405439091e-01	1.526984515516920660e-01	2.619405866114922210e-01	1.583255880203251198e-01	7.568694376398724111e-02	3.153051262119183767e-02	8.139278779048866874e-02
1.280073998533187932e+03	2.382429407149243561e-01	1.525753556752616480e-01	2.620588944529887443e-01	1.584041559628245333e-01	7.572011208366463686e-02	3.155269539992298228e-02	8.144584571013409324e-02
1.281525329597284326e+03	2.380610647410639491e-01	1.524524670761699952e-01	2.621769788304963433e-01	1.584825991680061108e-01	7.575322936075526425e-02	3.157485072079055377e-02	8.149881010243874291e-02
1.282976660661381175e+03	2.378795011845110385e-01	1.523297853974515670e-01	2.622948402184229755e-01	1.585609178314429379e-01	7.578629567012704071e-02	3.159697859641603240e-02	8.155168110134936033e-02
1.284427991725477568e+03	2.376982495117303251e-01	1.522073102827848079e-01	2.624124790897413573e-01	1.586391121484046485e-01	7.581931108655294571e-02	3.161907903952509286e-02	8.160445884098171954e-02
1.285879322789574417e+03	2.375173091901012501e-01	1.520850413764909259e-01	2.625298959159972356e-01	1.587171823138575633e-01	7.585227568471100690e-02	3.164115206294690341e-02	8.165714345561599086e-02
1.287330653853671038e+03	2.373366796879164131e-01	1.519629783235324216e-01	2.626470911673169373e-01	1.587951285224651066e-01	7.588518953918425847e-02	3.166319767961349452e-02	8.170973507969220284e-02
1.288781984917767431e+03	2.371563604743797959e-01	1.518411207695117837e-01	2.627640653124156955e-01	1.588729509685881114e-01	7.591805272446069952e-02	3.168521590255906489e-02	8.176223384780566261e-02
1.290233315981864052e+03	2.369763510196052081e-01	1.517194683606701566e-01	2.628808188186050332e-01	1.589506498462851802e-01	7.595086531493329407e-02	3.170720674491935703e-02	8.181463989470252884e-02
