1.001418434226643626e+03	2.796565392317241217e-01	1.804604576280355310e-01	2.345819861305689369e-01	1.407886368817677925e-01	6.832437769647556336e-02	2.678533187847846955e-02	6.940267055267318463e-02
1.003837319333471214e+03	2.792352326328688683e-01	1.801770996931293389e-01	2.348685159338986528e-01	1.409659092274838099e-01	6.839838334076356330e-02	2.683114903541613736e-02	6.952371013616323592e-02
1.006256204440298802e+03	2.788151301459710907e-01	1.798945444697398754e-01	2.351540576339191946e-01	1.411427169995619901e-01	6.847220393859286547e-02	2.687689121668044440e-02	6.964445559525815621e-02
1.008675089547126618e+03	2.783962283272492511e-01	1.796127895880262060e-01	2.354386160060404631e-01	1.413190613506158932e-01	6.854583988914736414e-02	2.692255831721361223e-02	6.976490652143083060e-02
1.011093974653954206e+03	2.779785237431505185e-01	1.793318326861516598e-01	2.357221957831290016e-01	1.414949434317064603e-01	6.861929159160808089e-02	2.696815023415674931e-02	6.988506252982119860e-02
1.013512859760782021e+03	2.775620129703131878e-01	1.790516714102426410e-01	2.360048016560990225e-01	1.416703643923066525e-01	6.869255944514231216e-02	2.701366686683357235e-02	7.000492325878628075e-02
1.015931744867609382e+03	2.771466925955300420e-01	1.787723034143474943e-01	2.362864382744942204e-01	1.418453253802674230e-01	6.876564384889230497e-02	2.705910811673423177e-02	7.012448836945794906e-02
1.018350629974437197e+03	2.767325592157111602e-01	1.784937263603961766e-01	2.365671102470599807e-01	1.420198275417853262e-01	6.883854520196364124e-02	2.710447388749918571e-02	7.024375754530816363e-02
1.020769515081264785e+03	2.763196094378477241e-01	1.782159379181600112e-01	2.368468221423064846e-01	1.421938720213711260e-01	6.891126390341333063e-02	2.714976408490317114e-02	7.036273049172180050e-02
1.023188400188092373e+03	2.759078398789753805e-01	1.779389357652119696e-01	2.371255784890625995e-01	1.423674599618201808e-01	6.898380035223768136e-02	2.719497861683924100e-02	7.048140693557662650e-02
1.025607285294920075e+03	2.754972471661383260e-01	1.776627175868873421e-01	2.374033837770210820e-01	1.425405925041835775e-01	6.905615494735992121e-02	2.724011739330288104e-02	7.059978662483058776e-02
1.028026170401747549e+03	2.750878279363533907e-01	1.773872810762448238e-01	2.376802424572747874e-01	1.427132707877407092e-01	6.912832808761770753e-02	2.728518032637619606e-02	7.071786932811616189e-02
1.030445055508575479e+03	2.746795788365745117e-01	1.771126239340279074e-01	2.379561589428443036e-01	1.428854959499727129e-01	6.920032017175060945e-02	2.733016733021216907e-02	7.083565483434159371e-02
1.032863940615402726e+03	2.742724965236572610e-01	1.768387438686267188e-01	2.382311376091971744e-01	1.430572691265372398e-01	6.927213159838742362e-02	2.737507832101899324e-02	7.095314295229902812e-02
1.035282825722230655e+03	2.738665776643238181e-01	1.765656385960401309e-01	2.385051827947587688e-01	1.432285914512438640e-01	6.934376276603347600e-02	2.741991321704446982e-02	7.107033351027934598e-02
1.037701710829058356e+03	2.734618189351277762e-01	1.762933058398383768e-01	2.387782988014149899e-01	1.433994640560306844e-01	6.941521407305797919e-02	2.746467193856048233e-02	7.118722635569360579e-02
1.040120595935886058e+03	2.730582170224197802e-01	1.760217433311258850e-01	2.390504898950067125e-01	1.435698880709417036e-01	6.948648591768132043e-02	2.750935440784754368e-02	7.130382135470096638e-02
1.042539481042713533e+03	2.726557686223127774e-01	1.757509488085045313e-01	2.393217603058166165e-01	1.437398646241050681e-01	6.955757869796241888e-02	2.755396054917939527e-02	7.142011839184307653e-02
1.044958366149541234e+03	2.722544704406477667e-01	1.754809200180373341e-01	2.395921142290480810e-01	1.439093948417122515e-01	6.962849281178618011e-02	2.759849028880769287e-02	7.153611736968461254e-02
1.047377251256368709e+03	2.718543191929598812e-01	1.752116547132121505e-01	2.398615558252961966e-01	1.440784798479977924e-01	6.969922865685099223e-02	2.764294355494674796e-02	7.165181820846011629e-02
1.049796136363196410e+03	2.714553116044443604e-01	1.749431506549061766e-01	2.401300892210117000e-01	1.442471207652200327e-01	6.976978663065633302e-02	2.768732027775835242e-02	7.176722084572687010e-02
1.052215021470024112e+03	2.710574444099229652e-01	1.746754056113505316e-01	2.403977185089572199e-01	1.444153187136423266e-01	6.984016713049043257e-02	2.773162038933665169e-02	7.188232523602369750e-02
1.054633906576851814e+03	2.706607143538103388e-01	1.744084173580950359e-01	2.406644477486561962e-01	1.445830748115152220e-01	6.991037055341819961e-02	2.777584382369310476e-02	7.199713135053563418e-02
1.057052791683679516e+03	2.702651181900810884e-01	1.741421836779736831e-01	2.409302809668347756e-01	1.447503901750590571e-01	6.998039729626909233e-02	2.781999051674150306e-02	7.211163917676452484e-02
1.059471676790506763e+03	2.698706526822364227e-01	1.738767023610700013e-01	2.411952221578566036e-01	1.449172659184473078e-01	7.005024775562526673e-02	2.786406040628305186e-02	7.222584871820501851e-02
1.061890561897334692e+03	2.694773146032714006e-01	1.736119712046831354e-01	2.414592752841508427e-01	1.450837031537905164e-01	7.011992232780984990e-02	2.790805343199153493e-02	7.233975999402639245e-02
1.064309447004162394e+03	2.690851007356422353e-01	1.733479880132939299e-01	2.417224442766330028e-01	1.452497029911208881e-01	7.018942140887532433e-02	2.795196953539852772e-02	7.245337303875976076e-02
1.066728332110990095e+03	2.686940078712339308e-01	1.730847505985314283e-01	2.419847330351195813e-01	1.454152665383773857e-01	7.025874539459209256e-02	2.799580865987870773e-02	7.256668790199062580e-02
1.069147217217817570e+03	2.683040328113275863e-01	1.728222567791398157e-01	2.422461454287357374e-01	1.455803949013913245e-01	7.032789468043729175e-02	2.803957075063518573e-02	7.267970464805684205e-02
1.071566102324645271e+03	2.679151723665688101e-01	1.725605043809453620e-01	2.425066852963166097e-01	1.457450891838727447e-01	7.039686966158366366e-02	2.808325575468496524e-02	7.279242335575170086e-02
1.073984987431472746e+03	2.675274233569353566e-01	1.722994912368238929e-01	2.427663564468023616e-01	1.459093504873969216e-01	7.046567073288866057e-02	2.812686362084441949e-02	7.290484411803221931e-02
1.076403872538300675e+03	2.671407826117057072e-01	1.720392151866684816e-01	2.430251626596267867e-01	1.460731799113917928e-01	7.053429828888377329e-02	2.817039429971486889e-02	7.301696704173235575e-02
1.078822757645127922e+03	2.667552469694272621e-01	1.717796740773574471e-01	2.432831076851000585e-01	1.462365785531254958e-01	7.060275272376394240e-02	2.821384774366820017e-02	7.312879224728133232e-02
1.081241642751955851e+03	2.663708132778850879e-01	1.715208657627225186e-01	2.435401952447850127e-01	1.463995475076946273e-01	7.067103443137724705e-02	2.825722390683259658e-02	7.324031986842667596e-02
1.083660527858783553e+03	2.659874783940704424e-01	1.712627881035174437e-01	2.437964290318678229e-01	1.465620878680128913e-01	7.073914380521471867e-02	2.830052274507827148e-02	7.335155005196218603e-02
1.086079412965611255e+03	2.656052391841500770e-01	1.710054389673867081e-01	2.440518127115226810e-01	1.467242007248000524e-01	7.080708123840041834e-02	2.834374421600335120e-02	7.346248295746046764e-02
1.088498298072438729e+03	2.652240925234351510e-01	1.707488162288346989e-01	2.443063499212707601e-01	1.468858871665715271e-01	7.087484712368162521e-02	2.838688827891975783e-02	7.357311875701023907e-02
1.090917183179266431e+03	2.648440352963504774e-01	1.704929177691949516e-01	2.445600442713334322e-01	1.470471482796283091e-01	7.094244185341921916e-02	2.842995489483919960e-02	7.368345763495809386e-02
1.093336068286093905e+03	2.644650643964042702e-01	1.702377414765998687e-01	2.448128993449800450e-01	1.472079851480471990e-01	7.100986581957832722e-02	2.847294402645922373e-02	7.379349978765477325e-02
1.095754953392921607e+03	2.640871767261573355e-01	1.699832852459503829e-01	2.450649186988702044e-01	1.473683988536715894e-01	7.107711941371905318e-02	2.851585563814932819e-02	7.390324542320578227e-02
1.098173838499749309e+03	2.637103691971932062e-01	1.697295469788862587e-01	2.453161058633906155e-01	1.475283904761025000e-01	7.114420302698748477e-02	2.855868969593716028e-02	7.401269476122648849e-02
1.100592723606577010e+03	2.633346387300878888e-01	1.694765245837563661e-01	2.455664643429865956e-01	1.476879610926900566e-01	7.121111705010685355e-02	2.860144616749477411e-02	7.412184803260125909e-02
1.103011608713404712e+03	2.629599822543799981e-01	1.692242159755892039e-01	2.458159976164884797e-01	1.478471117785253031e-01	7.127786187336883350e-02	2.864412502212495409e-02	7.423070547924692786e-02
1.105430493820231959e+03	2.625863967085413364e-01	1.689726190760639235e-01	2.460647091374329742e-01	1.480058436064324023e-01	7.134443788662513108e-02	2.868672623074763547e-02	7.433926735388032836e-02
1.107849378927059888e+03	2.622138790399466957e-01	1.687217318134812960e-01	2.463126023343792381e-01	1.481641576469610866e-01	7.141084547927917248e-02	2.872924976588634924e-02	7.444753391978987944e-02
1.110268264033887590e+03	2.618424262048449913e-01	1.684715521227350965e-01	2.465596806112201889e-01	1.483220549683796075e-01	7.147708504027797116e-02	2.877169560165478493e-02	7.455550545061112588e-02
1.112687149140715292e+03	2.614720351683296751e-01	1.682220779452836268e-01	2.468059473474888965e-01	1.484795366366677694e-01	7.154315695810420372e-02	2.881406371374339859e-02	7.466318223010620647e-02
1.115106034247542766e+03	2.611027029043098135e-01	1.679733072291215157e-01	2.470514058986602590e-01	1.486366037155104902e-01	7.160906162076846604e-02	2.885635407940609354e-02	7.477056455194711071e-02
1.117524919354370468e+03	2.607344263954810004e-01	1.677252379287517692e-01	2.472960595964478481e-01	1.487932572662916397e-01	7.167479941580170988e-02	2.889856667744697752e-02	7.487765271950279355e-02
1.119943804461197942e+03	2.603672026332965461e-01	1.674778680051580426e-01	2.475399117490962031e-01	1.489494983480880996e-01	7.174037073024780442e-02	2.894070148820718918e-02	7.498444704562995389e-02
1.122362689568025871e+03	2.600010286179387231e-01	1.672311954257769684e-01	2.477829656416685733e-01	1.491053280176640461e-01	7.180577595065630592e-02	2.898275849355178707e-02	7.509094785246746284e-02
1.124781574674853118e+03	2.596359013582904551e-01	1.669852181644710110e-01	2.480252245363300800e-01	1.492607473294657316e-01	7.187101546307543554e-02	2.902473767685673570e-02	7.519715547123438648e-02
1.127200459781681047e+03	2.592718178719067845e-01	1.667399342015012942e-01	2.482666916726266881e-01	1.494157573356164892e-01	7.193608965304512659e-02	2.906663902299593677e-02	7.530307024203153343e-02
1.129619344888508749e+03	2.589087751849865615e-01	1.664953415235007339e-01	2.485073702677595420e-01	1.495703590859117915e-01	7.200099890559033544e-02	2.910846251832833326e-02	7.540869251364649972e-02
1.132038229995336451e+03	2.585467703323446331e-01	1.662514381234473371e-01	2.487472635168554158e-01	1.497245536278149214e-01	7.206574360521438016e-02	2.915020815068510712e-02	7.551402264336203041e-02
1.134457115102163925e+03	2.581858003573834770e-01	1.660082220006378062e-01	2.489863745932325567e-01	1.498783420064525029e-01	7.213032413589264003e-02	2.919187590935692217e-02	7.561906099676792004e-02
1.136876000208991627e+03	2.578258623120657234e-01	1.657656911606611161e-01	2.492247066486628637e-01	1.500317252646106714e-01	7.219474088106622722e-02	2.923346578508125015e-02	7.572380794757596623e-02
1.139294885315819101e+03	2.574669532568862329e-01	1.655238436153726456e-01	2.494622628136295706e-01	1.501847044427313260e-01	7.225899422363589453e-02	2.927497777002977669e-02	7.582826387743837881e-02
1.141713770422646803e+03	2.571090702608447298e-01	1.652826773828682261e-01	2.496990461975812092e-01	1.503372805789084943e-01	7.232308454595609559e-02	2.931641185779587308e-02	7.593242917576921436e-02
1.144132655529474505e+03	2.567522104014182127e-01	1.650421904874584955e-01	2.499350598891817155e-01	1.504894547088851398e-01	7.238701222982915628e-02	2.935776804338211671e-02	7.603630423956905804e-02
1.146551540636302207e+03	2.563963707645338652e-01	1.648023809596433908e-01	2.501703069565563431e-01	1.506412278660500259e-01	7.245077765649966806e-02	2.939904632318792246e-02	7.613988947325273093e-02
1.148970425743129908e+03	2.560415484445416334e-01	1.645632468360868905e-01	2.504047904475342201e-01	1.507926010814350237e-01	7.251438120664893683e-02	2.944024669499722621e-02	7.624318528848002263e-02
1.151389310849957155e+03	2.556877405441875251e-01	1.643247861595919790e-01	2.506385133898868522e-01	1.509435753837124194e-01	7.257782326038959841e-02	2.948136915796623417e-02	7.634619210398942146e-02
1.153808195956785084e+03	2.553349441745864645e-01	1.640869969790756944e-01	2.508714787915630184e-01	1.510941517991924721e-01	7.264110419726046985e-02	2.952241371261125208e-02	7.644891034543471742e-02
1.156227081063612786e+03	2.549831564551957586e-01	1.638498773495443706e-01	2.511036896409201691e-01	1.512443313518213317e-01	7.270422439622134525e-02	2.956338036079658033e-02	7.655134044522461656e-02
1.158645966170440488e+03	2.546323745137881733e-01	1.636134253320691567e-01	2.513351489069522993e-01	1.513941150631789856e-01	7.276718423564815241e-02	2.960426910572248882e-02	7.665348284236495058e-02
1.161064851277267962e+03	2.542825954864256777e-01	1.633776389937616758e-01	2.515658595395141028e-01	1.515435039524775096e-01	7.282998409332804013e-02	2.964507995191326475e-02	7.675533798230395333e-02
1.163483736384095664e+03	2.539338165174328532e-01	1.631425164077497936e-01	2.517958244695419623e-01	1.516924990365594306e-01	7.289262434645475686e-02	2.968581290520531241e-02	7.685690631678000762e-02
1.165902621490923138e+03	2.535860347593709707e-01	1.629080556531537216e-01	2.520250466092714969e-01	1.518411013298963386e-01	7.295510537162402942e-02	2.972646797273533967e-02	7.695818830367226471e-02
1.168321506597751068e+03	2.532392473730113447e-01	1.626742548150620360e-01	2.522535288524515029e-01	1.519893118445877489e-01	7.301742754482913600e-02	2.976704516292862784e-02	7.705918440685378956e-02
1.170740391704578315e+03	2.528934515273096872e-01	1.624411119845080853e-01	2.524812740745551731e-01	1.521371315903599364e-01	7.307959124145661789e-02	2.980754448548734309e-02	7.715989509604738450e-02
1.173159276811406244e+03	2.525486443993801844e-01	1.622086252584464261e-01	2.527082851329875979e-01	1.522845615745651582e-01	7.314159683628206066e-02	2.984796595137894151e-02	7.726032084668388311e-02
1.175578161918233945e+03	2.522048231744695168e-01	1.619767927397297302e-01	2.529345648672902680e-01	1.524316028021809322e-01	7.320344470346602794e-02	2.988830957282462980e-02	7.736046213976308095e-02
1.177997047025061647e+03	2.518619850459314358e-01	1.617456125370853592e-01	2.531601160993429134e-01	1.525782562758094818e-01	7.326513521655010630e-02	2.992857536328792298e-02	7.746031946171695604e-02
1.180415932131889122e+03	2.515201272152010059e-01	1.615150827650924381e-01	2.533849416335614557e-01	1.527245229956775419e-01	7.332666874845303329e-02	2.996876333746322993e-02	7.755989330427551232e-02
1.182834817238716823e+03	2.511792468917693477e-01	1.612852015441591513e-01	2.536090442570934078e-01	1.528704039596359143e-01	7.338804567146700597e-02	3.000887351126455688e-02	7.765918416433481575e-02
1.185253702345544298e+03	2.508393412931581579e-01	1.610559670004998445e-01	2.538324267400107748e-01	1.530159001631595517e-01	7.344926635725401720e-02	3.004890590181424209e-02	7.775819254382752843e-02
1.187672587452371999e+03	2.505004076448947292e-01	1.608273772661126810e-01	2.540550918354990695e-01	1.531610125993477789e-01	7.351033117684240004e-02	3.008886052743179121e-02	7.785691894959567705e-02
1.190091472559199701e+03	2.501624431804865822e-01	1.605994304787571048e-01	2.542770422800443852e-01	1.533057422589243768e-01	7.357124050062335829e-02	3.012873740762275765e-02	7.795536389326569726e-02
1.192510357666027403e+03	2.498254451413966515e-01	1.603721247819318019e-01	2.544982807936167490e-01	1.534500901302380260e-01	7.363199469834769140e-02	3.016853656306772366e-02	7.805352789112568468e-02
1.194929242772855105e+03	2.494894107770184444e-01	1.601454583248524965e-01	2.547188100798516985e-01	1.535940571992628623e-01	7.369259413912258860e-02	3.020825801561129870e-02	7.815141146400489403e-02
1.197348127879682352e+03	2.491543373446513110e-01	1.599194292624300795e-01	2.549386328262284729e-01	1.537376444495992533e-01	7.375303919140854814e-02	3.024790178825125658e-02	7.824901513715533385e-02
1.199767012986510281e+03	2.488202221094756028e-01	1.596940357552488199e-01	2.551577517042458165e-01	1.538808528624745209e-01	7.381333022301633795e-02	3.028746790512769002e-02	7.834633944013548457e-02
1.202185898093337983e+03	2.484870623445283588e-01	1.594692759695447437e-01	2.553761693695947299e-01	1.540236834167438840e-01	7.387346760110413690e-02	3.032695639151224837e-02	7.844338490669619524e-02
1.204604783200165684e+03	2.481548553306786864e-01	1.592451480771841787e-01	2.555938884623293328e-01	1.541661370888915972e-01	7.393345169217464818e-02	3.036636727379746215e-02	7.854015207466838455e-02
1.207023668306993159e+03	2.478235983566035860e-01	1.590216502556423828e-01	2.558109116070346190e-01	1.543082148530321163e-01	7.399328286207246252e-02	3.040570057948611266e-02	7.863664148585307323e-02
1.209442553413820860e+03	2.474932887187636099e-01	1.587987806879822827e-01	2.560272414129918794e-01	1.544499176809114305e-01	7.405296147598139367e-02	3.044495633718067445e-02	7.873285368591312339e-02
1.211861438520648335e+03	2.471639237213788531e-01	1.585765375628334917e-01	2.562428804743416833e-01	1.545912465419084780e-01	7.411248789842192486e-02	3.048413457657284456e-02	7.882878922426711510e-02
1.214280323627476264e+03	2.468355006764049175e-01	1.583549190743713808e-01	2.564578313702444157e-01	1.547322024030368393e-01	7.417186249324876635e-02	3.052323532843312370e-02	7.892444865398495768e-02
1.216699208734303511e+03	2.465080169035088753e-01	1.581339234222962353e-01	2.566720966650384850e-01	1.548727862289462909e-01	7.423108562364852392e-02	3.056225862460047044e-02	7.901983253168552712e-02
1.219118093841131440e+03	2.461814697300455934e-01	1.579135488118126318e-01	2.568856789083961978e-01	1.550129989819246101e-01	7.429015765213731193e-02	3.060120449797201422e-02	7.911494141743606601e-02
1.221536978947959142e+03	2.458558564910340305e-01	1.576937934536088437e-01	2.570985806354770253e-01	1.551528416218994344e-01	7.434907894055871325e-02	3.064007298249286568e-02	7.920977587465342917e-02
1.223955864054786844e+03	2.455311745291335890e-01	1.574746555638365519e-01	2.573108043670791489e-01	1.552923151064404539e-01	7.440784985008151720e-02	3.067886411314595455e-02	7.930433647000713349e-02
1.226374749161614318e+03	2.452074211946205506e-01	1.572561333640903891e-01	2.575223526097883409e-01	1.554314203907612157e-01	7.446647074119774889e-02	3.071757792594196831e-02	7.939862377332408683e-02
1.228793634268442020e+03	2.448845938453647619e-01	1.570382250813880665e-01	2.577332278561246803e-01	1.555701584277215666e-01	7.452494197372068474e-02	3.075621445790933245e-02	7.949263835749516283e-02
1.231212519375269494e+03	2.445626898468062915e-01	1.568209289481501401e-01	2.579434325846873821e-01	1.557085301678298728e-01	7.458326390678293727e-02	3.079477374708428083e-02	7.958638079838328827e-02
1.233631404482097196e+03	2.442417065719321989e-01	1.566042432021801378e-01	2.581529692602973491e-01	1.558465365592453800e-01	7.464143689883470656e-02	3.083325583250097826e-02	7.967985167473344565e-02
1.236050289588924898e+03	2.439216414012533862e-01	1.563881660866449086e-01	2.583618403341373937e-01	1.559841785477807941e-01	7.469946130764198999e-02	3.087166075418170536e-02	7.977305156808404962e-02
1.238469174695752372e+03	2.436024917227816167e-01	1.561726958500548046e-01	2.585700482438908487e-01	1.561214570769046961e-01	7.475733749028493080e-02	3.090998855312714066e-02	7.986598106268011366e-02
1.240888059802580301e+03	2.432842549320066716e-01	1.559578307462443081e-01	2.587775954138779588e-01	1.562583730877443733e-01	7.481506580315618049e-02	3.094823927130665661e-02	7.995864074538797106e-02
1.243306944909407548e+03	2.429669284318733413e-01	1.557435690343525192e-01	2.589844842551900506e-01	1.563949275190885391e-01	7.487264660195942778e-02	3.098641295164873341e-02	8.005103120561149477e-02
1.245725830016235477e+03	2.426505096327587763e-01	1.555299089788039490e-01	2.591907171658221487e-01	1.565311213073900254e-01	7.493008024170787207e-02	3.102450963803140421e-02	8.014315303520985756e-02
1.248144715123063179e+03	2.423349959524498942e-01	1.553168488492892296e-01	2.593962965308035384e-01	1.566669553867688913e-01	7.498736707672286339e-02	3.106252937527278005e-02	8.023500682841686049e-02
1.250563600229890881e+03	2.420203848161206206e-01	1.551043869207461012e-01	2.596012247223261626e-01	1.568024306890153097e-01	7.504450746063255628e-02	3.110047220912164415e-02	8.032659318176166297e-02
1.252982485336718355e+03	2.417066736563096840e-01	1.548925214733404832e-01	2.598055040998715204e-01	1.569375481435926756e-01	7.510150174637064691e-02	3.113833818624809138e-02	8.041791269399101161e-02
1.255401370443546057e+03	2.413938599128980789e-01	1.546812507924475999e-01	2.600091370103354560e-01	1.570723086776406596e-01	7.515835028617513791e-02	3.117612735423426484e-02	8.050896596599291244e-02
1.257820255550373531e+03	2.410819410330868051e-01	1.544705731686333294e-01	2.602121257881515048e-01	1.572067132159785385e-01	7.521505343158718659e-02	3.121383976156510975e-02	8.059975360072160755e-02
1.260239140657201460e+03	2.407709144713746918e-01	1.542604868976354404e-01	2.604144727554121297e-01	1.573407626811084703e-01	7.527161153345005018e-02	3.125147545761924189e-02	8.069027620312403670e-02
1.262658025764028707e+03	2.404607776895362758e-01	1.540509902803452458e-01	2.606161802219882362e-01	1.574744579932187971e-01	7.532802494190801723e-02	3.128903449265985071e-02	8.078053438006765896e-02
1.265076910870856636e+03	2.401515281565997917e-01	1.538420816227890342e-01	2.608172504856471341e-01	1.576078000701874871e-01	7.538429400640543621e-02	3.132651691782565445e-02	8.087052874026955107e-02
1.267495795977684338e+03	2.398431633488252446e-01	1.536337592361099458e-01	2.610176858321687776e-01	1.577407898275856035e-01	7.544041907568579952e-02	3.136392278512197679e-02	8.096025989422679647e-02
1.269914681084511813e+03	2.395356807496824836e-01	1.534260214365496533e-01	2.612174885354602294e-01	1.578734281786809135e-01	7.549640049779086926e-02	3.140125214741180948e-02	8.104972845414822047e-02
1.272333566191339514e+03	2.392290778498295523e-01	1.532188665454302934e-01	2.614166608576687367e-01	1.580057160344414124e-01	7.555223862005985835e-02	3.143850505840698611e-02	8.113893503388742989e-02
1.274752451298167216e+03	2.389233521470909560e-01	1.530122928891365364e-01	2.616152050492926429e-01	1.581376543035390991e-01	7.560793378912868123e-02	3.147568157265939748e-02	8.122788024887697689e-02
1.277171336404994690e+03	2.386185011464360961e-01	1.528062987990976285e-01	2.618131233492915766e-01	1.582692438923536393e-01	7.566348635092927377e-02	3.151278174555230405e-02	8.131656471606381331e-02
1.279590221511822392e+03	2.383145223599576479e-01	1.526008826117696560e-01	2.620104179851943660e-01	1.584004857049761128e-01	7.571889665068885777e-02	3.154980563329166238e-02	8.140498905384598027e-02
1.282009106618650094e+03	2.380114133068503557e-01	1.523960426686178926e-01	2.622070911732057308e-01	1.585313806432129546e-01	7.577416503292934424e-02	3.158675329289753475e-02	8.149315388201044952e-02
1.284427991725477568e+03	2.377091715133895500e-01	1.521917773160990917e-01	2.624031451183114205e-01	1.586619296065898133e-01	7.582929184146680601e-02	3.162362478219557516e-02	8.158105982167207504e-02
1.286846876832305497e+03	2.374077945129097755e-01	1.519880849056441108e-01	2.625985820143817429e-01	1.587921334923553807e-01	7.588427741941097815e-02	3.166042015980853608e-02	8.166870749521377981e-02
1.289265761939132744e+03	2.371072798457838637e-01	1.517849637936405371e-01	2.627934040442739816e-01	1.589219931954855558e-01	7.593912210916466121e-02	3.169713948514790020e-02	8.175609752622782500e-02
1.291684647045960673e+03	2.368076250594016441e-01	1.515824123414152014e-01	2.629876133799329829e-01	1.590515096086874136e-01	7.599382625242344369e-02	3.173378281840550513e-02	8.184323053945813387e-02
1.294103532152788375e+03	2.365088277081490165e-01	1.513804289152171634e-01	2.631812121824905759e-01	1.591806836224032573e-01	7.604839019017523016e-02	3.177035022054525842e-02	8.193010716074382305e-02
1.296522417259616077e+03	2.362108853533869957e-01	1.511790118862005872e-01	2.633742026023634941e-01	1.593095161248147817e-01	7.610281426269990823e-02	3.180684175329492880e-02	8.201672801696364978e-02
1.298941302366443551e+03	2.359137955634308392e-01	1.509781596304076434e-01	2.635665867793500761e-01	1.594380080018472645e-01	7.615709880956905709e-02	3.184325747913795829e-02	8.210309373598162486e-02
1.301360187473271253e+03	2.356175559135292585e-01	1.507778705287515231e-01	2.637583668427251893e-01	1.595661601371737848e-01	7.621124416964571158e-02	3.187959746130537148e-02	8.218920494659358311e-02
1.303779072580098727e+03	2.353221639858437408e-01	1.505781429669998395e-01	2.639495449113347658e-01	1.596939734122194143e-01	7.626525068108411243e-02	3.191586176376771250e-02	8.227506227847485032e-02
1.306197957686926657e+03	2.350276173694279269e-01	1.503789753357576697e-01	2.641401230936878397e-01	1.598214487061656031e-01	7.631911868132951193e-02	3.195205045122708615e-02	8.236066636212877046e-02
1.308616842793753904e+03	2.347339136602070442e-01	1.501803660304509291e-01	2.643301034880483069e-01	1.599485868959545087e-01	7.637284850711807682e-02	3.198816358910919200e-02	8.244601782883638486e-02
1.311035727900581833e+03	2.344410504609575063e-01	1.499823134513098288e-01	2.645194881825247424e-01	1.600753888562932992e-01	7.642644049447673560e-02	3.202420124355546266e-02	8.253111731060691625e-02
1.313454613007409534e+03	2.341490253812863465e-01	1.497848160033524167e-01	2.647082792551593844e-01	1.602018554596586764e-01	7.647989497872315079e-02	3.206016348141525751e-02	8.261596544012927978e-02
1.315873498114237009e+03	2.338578360376110943e-01	1.495878720963681463e-01	2.648964787740158422e-01	1.603279875763012063e-01	7.653321229446569118e-02	3.209605037023809809e-02	8.270056285072452384e-02
1.318292383221064711e+03	2.335674800531394035e-01	1.493914801449015284e-01	2.650840887972652493e-01	1.604537860742498989e-01	7.658639277560339020e-02	3.213186197826595897e-02	8.278491017629913129e-02
1.320711268327892412e+03	2.332779550578490124e-01	1.491956385682359498e-01	2.652711113732719728e-01	1.605792518193165930e-01	7.663943675532598754e-02	3.216759837442564884e-02	8.286900805129930603e-02
1.323130153434719887e+03	2.329892586884675099e-01	1.490003457903775475e-01	2.654575485406774349e-01	1.607043856751006750e-01	7.669234456611404016e-02	3.220325962832120553e-02	8.295285711066605061e-02
1.325549038541547588e+03	2.327013885884523792e-01	1.488056002400390820e-01	2.656434023284829360e-01	1.608291885029934920e-01	7.674511653973903336e-02	3.223884581022636725e-02	8.303645798979113202e-02
1.327967923648375290e+03	2.324143424079710973e-01	1.486114003506240067e-01	2.658286747561317553e-01	1.609536611621830426e-01	7.679775300726343623e-02	3.227435699107710637e-02	8.311981132447399112e-02
1.330386808755202765e+03	2.321281178038810955e-01	1.484177445602105072e-01	2.660133678335898089e-01	1.610778045096585565e-01	7.685025429904096539e-02	3.230979324246419093e-02	8.320291775087934605e-02
1.332805693862030694e+03	2.318427124397101635e-01	1.482246313115357095e-01	2.661974835614251411e-01	1.612016194002151570e-01	7.690262074471668208e-02	3.234515463662585022e-02	8.328577790549572535e-02
1.335224578968857941e+03	2.315581239856366047e-01	1.480320590519799695e-01	2.663810239308866956e-01	1.613251066864586358e-01	7.695485267322732525e-02	3.238044124644046118e-02	8.336839242509473669e-02
1.337643464075685870e+03	2.312743501184695849e-01	1.478400262335511917e-01	2.665639909239816974e-01	1.614482672188099766e-01	7.700695041280147812e-02	3.241565314541926951e-02	8.345076194669126535e-02
1.340062349182513572e+03	2.309913885216295371e-01	1.476485313128691745e-01	2.667463865135521472e-01	1.615711018455102954e-01	7.705891429095990119e-02	3.245079040769922180e-02	8.353288710750418622e-02
1.342481234289341273e+03	2.307092368851286768e-01	1.474575727511502066e-01	2.669282126633502616e-01	1.616936114126254209e-01	7.711074463451580985e-02	3.248585310803580456e-02	8.361476854491818600e-02
1.344900119396168748e+03	2.304278929055515734e-01	1.472671490141916062e-01	2.671094713281130795e-01	1.618157967640507511e-01	7.716244176957529066e-02	3.252084132179595272e-02	8.369640689644609888e-02
1.347319004502996449e+03	2.301473542860356936e-01	1.470772585723562620e-01	2.672901644536356813e-01	1.619376587415160829e-01	7.721400602153756509e-02	3.255575512495102047e-02	8.377780279969203325e-02
1.349737889609823924e+03	2.298676187362521661e-01	1.468878999005575059e-01	2.674702939768438537e-01	1.620591981845903307e-01	7.726543771509543357e-02	3.259059459406980774e-02	8.385895689231526173e-02
1.352156774716651853e+03	2.295886839723864647e-01	1.466990714782438199e-01	2.676498618258655871e-01	1.621804159306863835e-01	7.731673717423570569e-02	3.262535980631160737e-02	8.393986981199484665e-02
1.354575659823479100e+03	2.293105477171192563e-01	1.465107717893837092e-01	2.678288699201015199e-01	1.623013128150660733e-01	7.736790472223961657e-02	3.266005083941934256e-02	8.402054219639491783e-02
1.356994544930307029e+03	2.290332076996074162e-01	1.463229993224506031e-01	2.680073201702948826e-01	1.624218896708448656e-01	7.741894068168328480e-02	3.269466777171272515e-02	8.410097468313065816e-02
1.359413430037134731e+03	2.287566616554647936e-01	1.461357525704079507e-01	2.681852144785999981e-01	1.625421473289969387e-01	7.746984537443825369e-02	3.272921068208150402e-02	8.418116790973495522e-02
1.361832315143962205e+03	2.284809073267434210e-01	1.459490300306942878e-01	2.683625547386503385e-01	1.626620866183599023e-01	7.752061912167193536e-02	3.276367964997874138e-02	8.426112251362580241e-02
1.364251200250789907e+03	2.282059424619144739e-01	1.457628302052082769e-01	2.685393428356253054e-01	1.627817083656398767e-01	7.757126224384816582e-02	3.279807475541413053e-02	8.434083913207422734e-02
1.366670085357617609e+03	2.279317648158495080e-01	1.455771516002940802e-01	2.687155806463164542e-01	1.629010133954162665e-01	7.762177506072784339e-02	3.283239607894737622e-02	8.442031840217296967e-02
1.369088970464445310e+03	2.276583721498016966e-01	1.453919927267265655e-01	2.688912700391926092e-01	1.630200025301468680e-01	7.767215789136935888e-02	3.286664370168164429e-02	8.449956096080578349e-02
1.371507855571272785e+03	2.273857622313870119e-01	1.452073520996967071e-01	2.690664128744644779e-01	1.631386765901727265e-01	7.772241105412931728e-02	3.290081770525703220e-02	8.457856744461728082e-02
1.373926740678100487e+03	2.271139328345657127e-01	1.450232282387969862e-01	2.692410110041481008e-01	1.632570363937231039e-01	7.777253486666312055e-02	3.293491817184410198e-02	8.465733848998345523e-02
1.376345625784927961e+03	2.268428817396237474e-01	1.448396196680068748e-01	2.694150662721276346e-01	1.633750827569205033e-01	7.782252964592557831e-02	3.296894518413746866e-02	8.473587473298284378e-02
1.378764510891755890e+03	2.265726067331542137e-01	1.446565249156784583e-01	2.695885805142171354e-01	1.634928164937856643e-01	7.787239570817158785e-02	3.300289882534942348e-02	8.481417680936818859e-02
1.381183395998583137e+03	2.263031056080388459e-01	1.444739425145220024e-01	2.697615555582220104e-01	1.636102384162425594e-01	7.792213336895684184e-02	3.303677917920363333e-02	8.489224535453872289e-02
1.383602281105411066e+03	2.260343761634297788e-01	1.442918710015917427e-01	2.699339932239993023e-01	1.637273493341233344e-01	7.797174294313848064e-02	3.307058632992886105e-02	8.497008100351308157e-02
1.386021166212238768e+03	2.257664162047311185e-01	1.441103089182715624e-01	2.701058953235171978e-01	1.638441500551734431e-01	7.802122474487582782e-02	3.310432036225274821e-02	8.504768439090268362e-02
1.388440051319066470e+03	2.254992235435806514e-01	1.439292548102608094e-01	2.702772636609139800e-01	1.639606413850566435e-01	7.807057908763109788e-02	3.313798136139563949e-02	8.512505615088571120e-02
1.390858936425893944e+03	2.252327959978317751e-01	1.437487072275602795e-01	2.704481000325563156e-01	1.640768241273599382e-01	7.811980628417020123e-02	3.317156941306445561e-02	8.520219691718161625e-02
1.393277821532721646e+03	2.249671313915352633e-01	1.435686647244580616e-01	2.706184062270962642e-01	1.641926990835987921e-01	7.816890664656343801e-02	3.320508460344664958e-02	8.527910732302619590e-02
1.395696706639549120e+03	2.247022275549211967e-01	1.433891258595156593e-01	2.707881840255281225e-01	1.643082670532219902e-01	7.821788048618634470e-02	3.323852701920412822e-02	8.535578800114715370e-02
1.398115591746377049e+03	2.244380823243810885e-01	1.432100891955540023e-01	2.709574352012447673e-01	1.644235288336168277e-01	7.826672811372041572e-02	3.327189674746732634e-02	8.543223958374017435e-02
1.400534476853204296e+03	2.241746935424496767e-01	1.430315532996396521e-01	2.711261615200923902e-01	1.645384852201141335e-01	7.831544983915401936e-02	3.330519387582923929e-02	8.550846270244553959e-02
1.402953361960032225e+03	2.239120590577872716e-01	1.428535167430709241e-01	2.712943647404252867e-01	1.646531370059933219e-01	7.836404597178313336e-02	3.333841849233953880e-02	8.558445798832518825e-02
1.405372247066859927e+03	2.236501767251618256e-01	1.426759781013642314e-01	2.714620466131598686e-01	1.647674849824874999e-01	7.841251682021221914e-02	3.337157068549874428e-02	8.566022607184033133e-02
1.407791132173687402e+03	2.233890444054311419e-01	1.424989359542403466e-01	2.716292088818277328e-01	1.648815299387884625e-01	7.846086269235511002e-02	3.340465054425242192e-02	8.573576758282946964e-02
1.410210017280515103e+03	2.231286599655252223e-01	1.423223888856108843e-01	2.717958532826284523e-01	1.649952726620518562e-01	7.850908389543582999e-02	3.343765815798545316e-02	8.581108315048696644e-02
1.412628902387342805e+03	2.228690212784286695e-01	1.421463354835646176e-01	2.719619815444813682e-01	1.651087139374021739e-01	7.855718073598950968e-02	3.347059361651629622e-02	8.588617340334202266e-02
1.415047787494170507e+03	2.226101262231628963e-01	1.419707743403541278e-01	2.721275953890769372e-01	1.652218545479379186e-01	7.860515351986327448e-02	3.350345701009136562e-02	8.596103896923809606e-02
1.417466672600997981e+03	2.223519726847688061e-01	1.417957040523822321e-01	2.722926965309275249e-01	1.653346952747367093e-01	7.865300255221716053e-02	3.353624842937941164e-02	8.603568047531283403e-02
1.419885557707825683e+03	2.220945585542891676e-01	1.416211232201886605e-01	2.724572866774173097e-01	1.654472368968601670e-01	7.870072813752503060e-02	3.356896796546594841e-02	8.611009854797839480e-02
1.422304442814653157e+03	2.218378817287513793e-01	1.414470304484368168e-01	2.726213675288517990e-01	1.655594801913592151e-01	7.874833057957551785e-02	3.360161570984773055e-02	8.618429381290219904e-02
1.424723327921481086e+03	2.215819401111498721e-01	1.412734243459004280e-01	2.727849407785069569e-01	1.656714259332790762e-01	7.879581018147294169e-02	3.363419175442725756e-02	8.625826689498813926e-02
1.427142213028308333e+03	2.213267316104290117e-01	1.411003035254503046e-01	2.729480081126771096e-01	1.657830748956643507e-01	7.884316724563833478e-02	3.366669619150738230e-02	8.633201841835819179e-02
1.429561098135136262e+03	2.210722541414657516e-01	1.409276666040413240e-01	2.731105712107229633e-01	1.658944278495641245e-01	7.889040207381031733e-02	3.369912911378587783e-02	8.640554900633438951e-02
1.431979983241963964e+03	2.208185056250525080e-01	1.407555122026991345e-01	2.732726317451184550e-01	1.660054855640370475e-01	7.893751496704615178e-02	3.373149061435012919e-02	8.647885928142133583e-02
1.434398868348791666e+03	2.205654839878799511e-01	1.405838389465073890e-01	2.734341913814977154e-01	1.661162488061564135e-01	7.898450622572270041e-02	3.376378078667178345e-02	8.655194986528888523e-02
1.436817753455619140e+03	2.203131871625200466e-01	1.404126454645945044e-01	2.735952517787007543e-01	1.662267183410151838e-01	7.903137614953743839e-02	3.379599972460152479e-02	8.662482137875543442e-02
1.439236638562446842e+03	2.200616130874089305e-01	1.402419303901208947e-01	2.737558145888190908e-01	1.663368949317312051e-01	7.907812503750943911e-02	3.382814752236382866e-02	8.669747444177149098e-02
1.441655523669274316e+03	2.198107597068300056e-01	1.400716923602660646e-01	2.739158814572408285e-01	1.664467793394521222e-01	7.912475318798042889e-02	3.386022427455180617e-02	8.676990967340363070e-02
1.444074408776102018e+03	2.195606249708970392e-01	1.399019300162157031e-01	2.740754540226948976e-01	1.665563723233605686e-01	7.917126089861580007e-02	3.389223007612205546e-02	8.684212769181881564e-02
1.446493293882929493e+03	2.193112068355373145e-01	1.397326420031490546e-01	2.742345339172951313e-01	1.666656746406791623e-01	7.921764846640565183e-02	3.392416502238957549e-02	8.691412911426907306e-02
1.448912178989757422e+03	2.190625032624747837e-01	1.395638269702261236e-01	2.743931227665833417e-01	1.667746870466755849e-01	7.926391618766581715e-02	3.395602920902270755e-02	8.698591455707656295e-02
1.451331064096585123e+03	2.188145122192133585e-01	1.393954835705750184e-01	2.745512221895727301e-01	1.668834102946677445e-01	7.931006435803895915e-02	3.398782273203811849e-02	8.705748463561895079e-02
1.453749949203412370e+03	2.185672316790203129e-01	1.392276104612793219e-01	2.747088337987900197e-01	1.669918451360286604e-01	7.935609327249558420e-02	3.401954568779583937e-02	8.712883996431515510e-02
1.456168834310240300e+03	2.183206596209094630e-01	1.390602063033656299e-01	2.748659592003172558e-01	1.670999923201916537e-01	7.940200322533519373e-02	3.405119817299434581e-02	8.719998115661141413e-02
1.458587719417068001e+03	2.180747940296247911e-01	1.388932697617909218e-01	2.750225999938333832e-01	1.672078525946553429e-01	7.944779451018724181e-02	3.408278028466564524e-02	8.727090882496765789e-02
1.461006604523895703e+03	2.178296328956237371e-01	1.387267995054301817e-01	2.751787577726553247e-01	1.673154267049886956e-01	7.949346742001232868e-02	3.411429212017044049e-02	8.734162358084432420e-02
1.463425489630723177e+03	2.175851742150608781e-01	1.385607942070639920e-01	2.753344341237782822e-01	1.674227153948360525e-01	7.953902224710325541e-02	3.414573377719330727e-02	8.741212603468931364e-02
1.465844374737550879e+03	2.173414159897714415e-01	1.383952525433661540e-01	2.754896306279158713e-01	1.675297194059221506e-01	7.958445928308612027e-02	3.417710535373794795e-02	8.748241679592538844e-02
1.468263259844378354e+03	2.170983562272549572e-01	1.382301731948913648e-01	2.756443488595397562e-01	1.676364394780572864e-01	7.962977881892144283e-02	3.420840694812243149e-02	8.755249647293784909e-02
1.470682144951206283e+03	2.168559929406589648e-01	1.380655548460630599e-01	2.757985903869187294e-01	1.677428763491420893e-01	7.967498114490524641e-02	3.423963865897451664e-02	8.762236567306247448e-02
1.473101030058033530e+03	2.166143241487626658e-01	1.379013961851611181e-01	2.759523567721574588e-01	1.678490307551727401e-01	7.972006655067026548e-02	3.427080058522699590e-02	8.769202500257385069e-02
1.475519915164861459e+03	2.163733478759608253e-01	1.377376959043097038e-01	2.761056495712347902e-01	1.679549034302459110e-01	7.976503532518694484e-02	3.430189282611308815e-02	8.776147506667386633e-02
1.477938800271689161e+03	2.161330621522475903e-01	1.375744526994652495e-01	2.762584703340414949e-01	1.680604951065637342e-01	7.980988775676466085e-02	3.433291548116184505e-02	8.783071646948058253e-02
1.480357685378516862e+03	2.158934650132003086e-01	1.374116652704042429e-01	2.764108206044179061e-01	1.681658065144388536e-01	7.985462413305284557e-02	3.436386865019360609e-02	8.789974981401739440e-02
1.482776570485344337e+03	2.156545544999635688e-01	1.372493323207113758e-01	2.765627019201907788e-01	1.682708383822993647e-01	7.989924474104212471e-02	3.439475243331552995e-02	8.796857570220241451e-02
