1.001418434226643626e+03	2.796509377880176395e-01	1.804547631281671616e-01	2.345832038351230164e-01	1.407673280070004251e-01	6.831106083513253935e-02	2.681328738427568581e-02	6.941941902200848835e-02
1.003837319333471214e+03	2.792296434520693538e-01	1.801712073256601376e-01	2.348699475162147055e-01	1.409438488967691416e-01	6.838482177565180509e-02	2.685947620810649750e-02	6.954105482525330117e-02
1.006256204440298802e+03	2.788095531178268471e-01	1.798884554047209261e-01	2.351557102578477609e-01	1.411199006286544266e-01	6.845839507370074517e-02	2.690558535403226106e-02	6.966240016294197868e-02
1.008675089547126618e+03	2.783906633358048666e-01	1.796065049949825687e-01	2.354404968210854210e-01	1.412954844144964639e-01	6.853178115132119164e-02	2.695161474142334507e-02	6.978345454061110620e-02
1.011093974653954206e+03	2.779729706668308542e-01	1.793253537340813164e-01	2.357243119229306960e-01	1.414706014646390508e-01	6.860498043071221186e-02	2.699756429177918929e-02	6.990421748875172425e-02
1.013512859760782021e+03	2.775564716820064781e-01	1.790449992676144686e-01	2.360071602369610277e-01	1.416452529878816369e-01	6.867799333421154007e-02	2.704343392871288998e-02	7.002468856233699801e-02
1.015931744867609382e+03	2.771411629626703843e-01	1.787654392490986288e-01	2.362890463939524288e-01	1.418194401914329439e-01	6.875082028427675906e-02	2.708922357793584410e-02	7.014486734035806081e-02
1.018350629974437197e+03	2.767270411003602826e-01	1.784866713399283489e-01	2.365699749824934917e-01	1.419931642808664740e-01	6.882346170346623215e-02	2.713493316724243515e-02	7.026475342536783741e-02
1.020769515081264785e+03	2.763141026967754765e-01	1.782086932093352449e-01	2.368499505495891555e-01	1.421664264600776550e-01	6.889591801441995178e-02	2.718056262649477112e-02	7.038434644303280530e-02
1.023188400188092373e+03	2.759023443637403372e-01	1.779315025343475853e-01	2.371289776012543982e-01	1.423392279312425401e-01	6.896818963984034656e-02	2.722611188760744316e-02	7.050364604169237492e-02
1.025607285294920075e+03	2.754917627231668886e-01	1.776550969997501839e-01	2.374070606030986019e-01	1.425115698947781173e-01	6.904027700247292176e-02	2.727158088453236415e-02	7.062265189192597215e-02
1.028026170401747549e+03	2.750823544070186699e-01	1.773794742980446815e-01	2.376842039808997331e-01	1.426834535493037848e-01	6.911218052508699694e-02	2.731696955324362797e-02	7.074136368612750358e-02
1.030445055508575479e+03	2.746741160572742646e-01	1.771046321294104386e-01	2.379604121211695567e-01	1.428548800916045747e-01	6.918390063045647131e-02	2.736227783172242786e-02	7.085978113808727441e-02
1.032863940615402726e+03	2.742670443258911628e-01	1.768305682016655389e-01	2.382356893717093027e-01	1.430258507165954041e-01	6.925543774134064468e-02	2.740750565994199209e-02	7.097790398258098377e-02
1.035282825722230655e+03	2.738611358747700120e-01	1.765572802302284583e-01	2.385100400421563127e-01	1.431963666172867133e-01	6.932679228046509379e-02	2.745265297985258549e-02	7.109573197496597829e-02
1.037701710829058356e+03	2.734563873757187014e-01	1.762847659380798737e-01	2.387834684045216371e-01	1.433664289847512707e-01	6.939796467050284023e-02	2.749771973536655617e-02	7.121326489078430577e-02
1.040120595935886058e+03	2.730527955104173898e-01	1.760130230557250819e-01	2.390559786937189735e-01	1.435360390080921422e-01	6.946895533405540724e-02	2.754270587234340997e-02	7.133050252537279090e-02
1.042539481042713533e+03	2.726503569703830343e-01	1.757420493211565016e-01	2.393275751080847780e-01	1.437051978744118830e-01	6.953976469363430668e-02	2.758761133857495079e-02	7.144744469347974469e-02
1.044958366149541234e+03	2.722490684569344177e-01	1.754718424798169529e-01	2.395982618098899397e-01	1.438739067687825890e-01	6.961039317164252616e-02	2.763243608377043484e-02	7.156409122888833518e-02
1.047377251256368709e+03	2.718489266811574545e-01	1.752024002845628536e-01	2.398680429258431002e-01	1.440421668742170869e-01	6.968084119035634905e-02	2.767718005954180466e-02	7.168044198404646683e-02
1.049796136363196410e+03	2.714499283638708294e-01	1.749337204956280811e-01	2.401369225475857294e-01	1.442099793716412337e-01	6.975110917190728566e-02	2.772184321938893706e-02	7.179649682970308533e-02
1.052215021470024112e+03	2.710520702355913025e-01	1.746658008805880291e-01	2.404049047321789312e-01	1.443773454398669664e-01	6.982119753826433739e-02	2.776642551868496039e-02	7.191225565455069968e-02
1.054633906576851814e+03	2.706553490364997927e-01	1.743986392143240527e-01	2.406719935025827262e-01	1.445442662555664337e-01	6.989110671121644136e-02	2.781092691466160310e-02	7.202771836487420476e-02
1.057052791683679516e+03	2.702597615164074596e-01	1.741322332789884408e-01	2.409381928481270085e-01	1.447107429932469325e-01	6.996083711235515090e-02	2.785534736639460121e-02	7.214288488420569911e-02
1.059471676790506763e+03	2.698653044347220642e-01	1.738665808639693333e-01	2.412035067249751752e-01	1.448767768252267329e-01	7.003038916305764916e-02	2.789968683478913011e-02	7.225775515298529794e-02
1.061890561897334692e+03	2.694719745604142180e-01	1.736016797658562483e-01	2.414679390565800665e-01	1.450423689216117362e-01	7.009976328446994309e-02	2.794394528256531965e-02	7.237232912822787190e-02
1.064309447004162394e+03	2.690797686719842985e-01	1.733375277884059706e-01	2.417314937341325520e-01	1.452075204502729644e-01	7.016895989749041829e-02	2.798812267424378650e-02	7.248660678319546191e-02
1.066728332110990095e+03	2.686886835574292531e-01	1.730741227425084683e-01	2.419941746170026775e-01	1.453722325768247448e-01	7.023797942275360195e-02	2.803221897613123251e-02	7.260058810707552268e-02
1.069147217217817570e+03	2.682987160142095151e-01	1.728114624461535853e-01	2.422559855331737066e-01	1.455365064646038376e-01	7.030682228061421735e-02	2.807623415630608465e-02	7.271427310466455074e-02
1.071566102324645271e+03	2.679098628492165846e-01	1.725495447243975133e-01	2.425169302796691961e-01	1.457003432746490634e-01	7.037548889113155737e-02	2.812016818460419745e-02	7.282766179605737467e-02
1.073984987431472746e+03	2.675221208787400551e-01	1.722883674093300954e-01	2.427770126229730485e-01	1.458637441656817912e-01	7.044397967405409411e-02	2.816402103260457965e-02	7.294075421634178824e-02
1.076403872538300675e+03	2.671354869284358058e-01	1.720279283400419634e-01	2.430362362994426817e-01	1.460267102940870365e-01	7.051229504880437982e-02	2.820779267361521112e-02	7.305355041529840165e-02
1.078822757645127922e+03	2.667499578332930832e-01	1.717682253625923416e-01	2.432946050157155926e-01	1.461892428138953648e-01	7.058043543446432255e-02	2.825148308265887365e-02	7.316605045710582178e-02
1.081241642751955851e+03	2.663655304376033039e-01	1.715092563299768225e-01	2.435521224491093983e-01	1.463513428767652669e-01	7.064840124976061453e-02	2.829509223645907540e-02	7.327825442005089784e-02
1.083660527858783553e+03	2.659822015949275253e-01	1.712510191020958361e-01	2.438087922480151881e-01	1.465130116319663389e-01	7.071619291305052124e-02	2.833862011342597534e-02	7.339016239624400473e-02
1.086079412965611255e+03	2.655999681680651925e-01	1.709935115457229537e-01	2.440646180322846026e-01	1.466742502263629067e-01	7.078381084230798981e-02	2.838206669364242568e-02	7.350177449133928065e-02
1.088498298072438729e+03	2.652188270290226080e-01	1.707367315344738568e-01	2.443196033936107514e-01	1.468350598043983712e-01	7.085125545510995160e-02	2.842543195885001428e-02	7.361309082425973593e-02
1.090917183179266431e+03	2.648387750589816236e-01	1.704806769487752782e-01	2.445737518959029411e-01	1.469954415080800825e-01	7.091852716862299955e-02	2.846871589243519726e-02	7.372411152692716352e-02
1.093336068286093905e+03	2.644598091482684987e-01	1.702253456758344441e-01	2.448270670756551026e-01	1.471553964769648226e-01	7.098562639959028753e-02	2.851191847941545940e-02	7.383483674399665686e-02
1.095754953392921607e+03	2.640819261963228137e-01	1.699707356096087085e-01	2.450795524423086680e-01	1.473149258481448176e-01	7.105255356431872116e-02	2.855503970642557163e-02	7.394526663259592958e-02
1.098173838499749309e+03	2.637051231116668837e-01	1.697168446507753836e-01	2.453312114786093401e-01	1.474740307562343311e-01	7.111930907866644003e-02	2.859807956170385898e-02	7.405540136206900659e-02
1.100592723606577010e+03	2.633293968118750050e-01	1.694636707067019576e-01	2.455820476409581177e-01	1.476327123333565361e-01	7.118589335803059137e-02	2.864103803507856566e-02	7.416524111372445327e-02
1.103011608713404712e+03	2.629547442235431465e-01	1.692112116914164521e-01	2.458320643597566857e-01	1.477909717091313857e-01	7.125230681733531191e-02	2.868391511795425133e-02	7.427478608058799003e-02
1.105430493820231959e+03	2.625811622822584734e-01	1.689594655255780842e-01	2.460812650397474211e-01	1.479488100106634285e-01	7.131854987102005661e-02	2.872671080329826376e-02	7.438403646715943673e-02
1.107849378927059888e+03	2.622086479325693720e-01	1.687084301364482897e-01	2.463296530603476808e-01	1.481062283625305398e-01	7.138462293302816342e-02	2.876942508562726000e-02	7.449299248917387595e-02
1.110268264033887590e+03	2.618371981279553062e-01	1.684581034578617464e-01	2.465772317759788446e-01	1.482632278867729303e-01	7.145052641679562611e-02	2.881205796099379352e-02	7.460165437336699346e-02
1.112687149140715292e+03	2.614668098307970645e-01	1.682084834301978693e-01	2.468240045163900553e-01	1.484198097028825714e-01	7.151626073524025573e-02	2.885460942697295680e-02	7.471002235724452656e-02
1.115106034247542766e+03	2.610974800123471717e-01	1.679595680003524161e-01	2.470699745869767705e-01	1.485759749277932307e-01	7.158182630075096697e-02	2.889707948264909690e-02	7.481809668885570919e-02
1.117524919354370468e+03	2.607292056527001911e-01	1.677113551217095100e-01	2.473151452690942054e-01	1.487317246758707578e-01	7.164722352517736981e-02	2.893946812860257248e-02	7.492587762657074157e-02
1.119943804461197942e+03	2.603619837407637472e-01	1.674638427541134955e-01	2.475595198203658087e-01	1.488870600589040083e-01	7.171245281981962483e-02	2.898177536689660119e-02	7.503336543886206245e-02
1.122362689568025871e+03	2.599958112742288829e-01	1.672170288638415991e-01	2.478031014749866312e-01	1.490419821860959615e-01	7.177751459541857615e-02	2.902400120106413128e-02	7.514056040408959025e-02
1.124781574674853118e+03	2.596306852595411385e-01	1.669709114235763125e-01	2.480458934440220586e-01	1.491964921640554498e-01	7.184240926214602307e-02	2.906614563609481380e-02	7.524746281028951711e-02
1.127200459781681047e+03	2.592666027118719074e-01	1.667254884123783032e-01	2.482878989157016325e-01	1.493505910967891925e-01	7.190713722959532483e-02	2.910820867842201648e-02	7.535407295496701630e-02
1.129619344888508749e+03	2.589035606550891822e-01	1.664807578156592693e-01	2.485291210557082908e-01	1.495042800856941356e-01	7.197169890677218573e-02	2.915019033590989656e-02	7.546039114489243305e-02
1.132038229995336451e+03	2.585415561217294655e-01	1.662367176251554612e-01	2.487695630074628073e-01	1.496575602295503182e-01	7.203609470208570398e-02	2.919209061784057077e-02	7.556641769590112523e-02
1.134457115102163925e+03	2.581805861529688495e-01	1.659933658389008693e-01	2.490092278924039004e-01	1.498104326245140450e-01	7.210032502333967031e-02	2.923390953490129923e-02	7.567215293269681509e-02
1.136876000208991627e+03	2.578206477985949818e-01	1.657507004612011337e-01	2.492481188102637912e-01	1.499628983641114466e-01	7.216439027772401926e-02	2.927564709917178029e-02	7.577759718865834104e-02
1.139294885315819101e+03	2.574617381169787000e-01	1.655087195026072600e-01	2.494862388393394304e-01	1.501149585392322905e-01	7.222829087180653029e-02	2.931730332411147666e-02	7.588275080564985120e-02
1.141713770422646803e+03	2.571038541750461648e-01	1.652674209798897786e-01	2.497235910367592571e-01	1.502666142381242076e-01	7.229202721152477862e-02	2.935887822454702825e-02	7.598761413383431362e-02
1.144132655529474505e+03	2.567469930482507157e-01	1.650268029160130434e-01	2.499601784387460446e-01	1.504178665463874465e-01	7.235559970217832204e-02	2.940037181665972402e-02	7.609218753149028791e-02
1.146551540636302207e+03	2.563911518205452267e-01	1.647868633401096961e-01	2.501960040608751101e-01	1.505687165469695721e-01	7.241900874842094327e-02	2.944178411797303621e-02	7.619647136483202743e-02
1.148970425743129908e+03	2.560363275843545172e-01	1.645476002874553811e-01	2.504310708983288891e-01	1.507191653201607473e-01	7.248225475425330855e-02	2.948311514734022754e-02	7.630046600783253752e-02
1.151389310849957155e+03	2.556825174405477075e-01	1.643090117994436827e-01	2.506653819261472904e-01	1.508692139435892643e-01	7.254533812301566797e-02	2.952436492493200337e-02	7.640417184204999212e-02
1.153808195956785084e+03	2.553297184984110180e-01	1.640710959235611166e-01	2.508989400994739993e-01	1.510188634922173812e-01	7.260825925738080555e-02	2.956553347222427505e-02	7.650758925645702313e-02
1.156227081063612786e+03	2.549779278756202916e-01	1.638338507133624555e-01	2.511317483537990336e-01	1.511681150383375194e-01	7.267101855934728072e-02	2.960662081198594392e-02	7.661071864727311831e-02
1.158645966170440488e+03	2.546271426982140151e-01	1.635972742284462211e-01	2.513638096051974413e-01	1.513169696515686280e-01	7.273361643023264211e-02	2.964762696826677216e-02	7.671356041779996138e-02
1.161064851277267962e+03	2.542773601005664519e-01	1.633613645344302867e-01	2.515951267505640576e-01	1.514654283988528527e-01	7.279605327066704379e-02	2.968855196638531604e-02	7.681611497825961699e-02
1.163483736384095664e+03	2.539285772253606632e-01	1.631261197029277021e-01	2.518257026678449306e-01	1.516134923444527050e-01	7.285832948058694469e-02	2.972939583291694596e-02	7.691838274563571332e-02
1.165902621490923138e+03	2.535807912235617523e-01	1.628915378115227408e-01	2.520555402162649172e-01	1.517611625499480921e-01	7.292044545922900245e-02	2.977015859568189760e-02	7.702036414351724758e-02
1.168321506597751068e+03	2.532339992543901630e-01	1.626576169437470576e-01	2.522846422365513930e-01	1.519084400742340690e-01	7.298240160512414754e-02	2.981084028373342382e-02	7.712205960194534748e-02
1.170740391704578315e+03	2.528881984852955345e-01	1.624243551890560966e-01	2.525130115511549644e-01	1.520553259735185070e-01	7.304419831609182401e-02	2.985144092734599852e-02	7.722346955726260009e-02
1.173159276811406244e+03	2.525433860919301110e-01	1.621917506428055822e-01	2.527406509644665733e-01	1.522018213013201782e-01	7.310583598923442450e-02	2.989196055800358645e-02	7.732459445196507297e-02
1.175578161918233945e+03	2.521995592581225409e-01	1.619598014062282598e-01	2.529675632630308257e-01	1.523479271084670073e-01	7.316731502093186401e-02	2.993239920838799278e-02	7.742543473455705538e-02
1.177997047025061647e+03	2.518567151758517308e-01	1.617285055864107757e-01	2.531937512157564352e-01	1.524936444430947113e-01	7.322863580683634799e-02	2.997275691236726131e-02	7.752599085940829748e-02
1.180415932131889122e+03	2.515148510452210329e-01	1.614978612962706672e-01	2.534192175741233344e-01	1.526389743506453567e-01	7.328979874186727916e-02	3.001303370498416973e-02	7.762626328661373365e-02
1.182834817238716823e+03	2.511739640744320434e-01	1.612678666545337425e-01	2.536439650723862904e-01	1.527839178738666093e-01	7.335080422020631707e-02	3.005322962244476315e-02	7.772625248185581481e-02
1.185253702345544298e+03	2.508340514797591791e-01	1.610385197857111816e-01	2.538679964277755219e-01	1.529284760528108189e-01	7.341165263529263185e-02	3.009334470210697082e-02	7.782595891626921392e-02
1.187672587452371999e+03	2.504951104855240862e-01	1.608098188200773326e-01	2.540913143406941521e-01	1.530726499248344918e-01	7.347234437981826904e-02	3.013337898246929575e-02	7.792538306630795997e-02
1.190091472559199701e+03	2.501571383240696056e-01	1.605817618936472291e-01	2.543139214949126092e-01	1.532164405245979300e-01	7.353287984572370872e-02	3.017333250315956325e-02	7.802452541361495908e-02
1.192510357666027403e+03	2.498201322357348764e-01	1.603543471481546079e-01	2.545358205577599731e-01	1.533598488840651752e-01	7.359325942419346622e-02	3.021320530492373549e-02	7.812338644489374984e-02
1.194929242772855105e+03	2.494840894688299393e-01	1.601275727310297325e-01	2.547570141803124910e-01	1.535028760325039265e-01	7.365348350565198432e-02	3.025299742961480576e-02	7.822196665178271502e-02
1.197348127879682352e+03	2.491490072796104516e-01	1.599014367953776883e-01	2.549775049975788188e-01	1.536455229964859559e-01	7.371355247975959479e-02	3.029270892018175523e-02	7.832026653073130562e-02
1.199767012986510281e+03	2.488148829322526234e-01	1.596759374999565384e-01	2.551972956286829852e-01	1.537877907998876081e-01	7.377346673540856326e-02	3.033233982065856871e-02	7.841828658287873510e-02
1.202185898093337983e+03	2.484817136988283770e-01	1.594510730091559803e-01	2.554163886770436931e-01	1.539296804638902449e-01	7.383322666071935603e-02	3.037189017615334399e-02	7.851602731393464429e-02
1.204604783200165684e+03	2.481494968592804218e-01	1.592268414929757514e-01	2.556347867305517330e-01	1.540711930069812718e-01	7.389283264303701804e-02	3.041136003283743949e-02	7.861348923406195899e-02
1.207023668306993159e+03	2.478182297013975799e-01	1.590032411270045631e-01	2.558524923617441216e-01	1.542123294449551374e-01	7.395228506892763398e-02	3.045074943793470851e-02	7.871067285776188471e-02
1.209442553413820860e+03	2.474879095207900281e-01	1.587802700923987842e-01	2.560695081279756868e-01	1.543530907909144434e-01	7.401158432417495603e-02	3.049005843971079599e-02	7.880757870376094154e-02
1.211861438520648335e+03	2.471585336208649564e-01	1.585579265758616796e-01	2.562858365715879327e-01	1.544934780552713882e-01	7.407073079377722580e-02	3.052928708746251163e-02	7.890420729489996954e-02
1.214280323627476264e+03	2.468300993128019760e-01	1.583362087696223997e-01	2.565014802200756283e-01	1.546334922457492378e-01	7.412972486194391308e-02	3.056843543150725151e-02	7.900055915802524364e-02
1.216699208734303511e+03	2.465026039155290283e-01	1.581151148714154686e-01	2.567164415862502880e-01	1.547731343673841298e-01	7.418856691209281540e-02	3.060750352317251691e-02	7.909663482388140654e-02
1.219118093841131440e+03	2.461760447556979037e-01	1.578946430844600513e-01	2.569307231684018200e-01	1.549124054225268499e-01	7.424725732684711588e-02	3.064649141478546432e-02	7.919243482700645542e-02
1.221536978947959142e+03	2.458504191676604278e-01	1.576747916174396635e-01	2.571443274504570109e-01	1.550513064108448580e-01	7.430579648803262161e-02	3.068539915966256304e-02	7.928795970562851902e-02
1.223955864054786844e+03	2.455257244934442862e-01	1.574555586844818555e-01	2.573572569021361778e-01	1.551898383293244810e-01	7.436418477667505744e-02	3.072422681209928744e-02	7.938321000156453588e-02
1.226374749161614318e+03	2.452019580827291823e-01	1.572369425051380332e-01	2.575695139791071564e-01	1.553280021722731330e-01	7.442242257299756802e-02	3.076297442735989943e-02	7.947818626012080612e-02
1.228793634268442020e+03	2.448791172928230231e-01	1.570189413043633631e-01	2.577811011231367355e-01	1.554657989313219524e-01	7.448051025641821976e-02	3.080164206166727953e-02	7.957288902999523628e-02
1.231212519375269494e+03	2.445571994886382994e-01	1.568015533124970107e-01	2.579920207622403150e-01	1.556032295954282163e-01	7.453844820554768325e-02	3.084022977219284117e-02	7.966731886318142997e-02
1.233631404482097196e+03	2.442362020426684377e-01	1.565847767652422950e-01	2.582022753108288993e-01	1.557402951508781719e-01	7.459623679818699893e-02	3.087873761704651443e-02	7.976147631487454093e-02
1.236050289588924898e+03	2.439161223349642915e-01	1.563686099036470933e-01	2.584118671698537595e-01	1.558769965812898672e-01	7.465387641132545382e-02	3.091716565526677479e-02	7.985536194337866656e-02
1.238469174695752372e+03	2.435969577531108266e-01	1.561530509740842454e-01	2.586207987269493747e-01	1.560133348676161769e-01	7.471136742113844431e-02	3.095551394681075874e-02	7.994897631001610105e-02
1.240888059802580301e+03	2.432787056922037228e-01	1.559380982282320971e-01	2.588290723565738194e-01	1.561493109881479102e-01	7.476871020298565818e-02	3.099378255254444520e-02	8.004231997903822615e-02
1.243306944909407548e+03	2.429613635548262818e-01	1.557237499230554600e-01	2.590366904201472642e-01	1.562849259185170314e-01	7.482590513140915944e-02	3.103197153423289251e-02	8.013539351753785900e-02
1.245725830016235477e+03	2.426449287510261676e-01	1.555100043207862104e-01	2.592436552661879223e-01	1.564201806317001009e-01	7.488295258013163980e-02	3.107008095453054480e-02	8.022819749536333478e-02
1.248144715123063179e+03	2.423293986982926473e-01	1.552968596889043595e-01	2.594499692304467753e-01	1.565550760980216338e-01	7.493985292205478099e-02	3.110811087697162511e-02	8.032073248503412977e-02
1.250563600229890881e+03	2.420147708215334148e-01	1.550843143001190139e-01	2.596556346360395229e-01	1.566896132851578194e-01	7.499660652925767279e-02	3.114606136596055272e-02	8.041299906165801092e-02
1.252982485336718355e+03	2.417010425530519147e-01	1.548723664323497784e-01	2.598606537935767569e-01	1.568237931581401290e-01	7.505321377299528640e-02	3.118393248676247856e-02	8.050499780284969820e-02
1.255401370443546057e+03	2.413882113325246104e-01	1.546610143687078553e-01	2.600650290012925803e-01	1.569576166793591743e-01	7.510967502369710058e-02	3.122172430549384481e-02	8.059672928865095620e-02
1.257820255550373531e+03	2.410762746069783080e-01	1.544502563974774756e-01	2.602687625451706177e-01	1.570910848085685929e-01	7.516599065096579713e-02	3.125943688911302087e-02	8.068819410145224025e-02
1.260239140657201460e+03	2.407652298307677019e-01	1.542400908120975522e-01	2.604718566990687489e-01	1.572241985028891564e-01	7.522216102357602574e-02	3.129707030541102608e-02	8.077939282591578563e-02
1.262658025764028707e+03	2.404550744655527261e-01	1.540305159111432509e-01	2.606743137248417885e-01	1.573569587168127948e-01	7.527818650947319667e-02	3.133462462300227319e-02	8.087032604889995979e-02
1.265076910870856636e+03	2.401458059802764611e-01	1.538215299983076156e-01	2.608761358724620560e-01	1.574893664022067874e-01	7.533406747577245377e-02	3.137209991131544029e-02	8.096099435938518274e-02
1.267495795977684338e+03	2.398374218511426237e-01	1.536131313823836386e-01	2.610773253801385585e-01	1.576214225083181764e-01	7.538980428875763362e-02	3.140949624058434614e-02	8.105139834840106861e-02
1.269914681084511813e+03	2.395299195615935572e-01	1.534053183772459972e-01	2.612778844744341189e-01	1.577531279817780407e-01	7.544539731388040515e-02	3.144681368183891573e-02	8.114153860895502446e-02
1.272333566191339514e+03	2.392232966022880269e-01	1.531980893018332346e-01	2.614778153703811170e-01	1.578844837666060763e-01	7.550084691575932594e-02	3.148405230689622220e-02	8.123141573596207032e-02
1.274752451298167216e+03	2.389175504710792652e-01	1.529914424801299688e-01	2.616771202715950095e-01	1.580154908042151196e-01	7.555615345817913442e-02	3.152121218835157029e-02	8.132103032617597760e-02
1.277171336404994690e+03	2.386126786729930449e-01	1.527853762411490735e-01	2.618758013703867404e-01	1.581461500334158110e-01	7.561131730408998664e-02	3.155829339956966323e-02	8.141038297812175362e-02
1.279590221511822392e+03	2.383086787202058077e-01	1.525798889189140251e-01	2.620738608478729859e-01	1.582764623904213130e-01	7.566633881560681785e-02	3.159529601467582494e-02	8.149947429202923643e-02
1.282009106618650094e+03	2.380055481320230149e-01	1.523749788524414450e-01	2.622713008740852891e-01	1.584064288088521677e-01	7.572121835400880130e-02	3.163222010854727095e-02	8.158830486976806351e-02
1.284427991725477568e+03	2.377032844348573870e-01	1.521706443857236135e-01	2.624681236080769198e-01	1.585360502197410704e-01	7.577595627973877923e-02	3.166906575680447644e-02	8.167687531478373675e-02
1.286846876832305497e+03	2.374018851622073933e-01	1.519668838677112055e-01	2.626643311980290107e-01	1.586653275515379213e-01	7.583055295240288818e-02	3.170583303580257195e-02	8.176518623203499203e-02
1.289265761939132744e+03	2.371013478546357134e-01	1.517636956522959713e-01	2.628599257813542533e-01	1.587942617301149606e-01	7.588500873077012876e-02	3.174252202262282940e-02	8.185323822793215409e-02
1.291684647045960673e+03	2.368016700597478097e-01	1.515610780982936390e-01	2.630549094848000369e-01	1.589228536787715695e-01	7.593932397277200486e-02	3.177913279506419664e-02	8.194103191027683752e-02
1.294103532152788375e+03	2.365028493321706948e-01	1.513590295694268451e-01	2.632492844245489794e-01	1.590511043182397666e-01	7.599349903550231544e-02	3.181566543163490135e-02	8.202856788820264700e-02
1.296522417259616077e+03	2.362048832335315596e-01	1.511575484343081754e-01	2.634430527063191252e-01	1.591790145666891754e-01	7.604753427521694642e-02	3.185212001154408279e-02	8.211584677211700156e-02
1.298941302366443551e+03	2.359077693324367897e-01	1.509566330664234290e-01	2.636362164254619778e-01	1.593065853397324927e-01	7.610143004733373184e-02	3.188849661469355529e-02	8.220286917364413859e-02
1.301360187473271253e+03	2.356115052044506497e-01	1.507562818441146313e-01	2.638287776670592555e-01	1.594338175504307620e-01	7.615518670643227350e-02	3.192479532166957873e-02	8.228963570556903362e-02
1.303779072580098727e+03	2.353160884320744939e-01	1.505564931505634918e-01	2.640207385060181489e-01	1.595607121092988689e-01	7.620880460625399644e-02	3.196101621373468454e-02	8.237614698178252759e-02
1.306197957686926657e+03	2.350215166047257276e-01	1.503572653737748899e-01	2.642121010071656340e-01	1.596872699243108429e-01	7.626228409970213507e-02	3.199715937281961964e-02	8.246240361722737000e-02
1.308616842793753904e+03	2.347277873187169628e-01	1.501585969065601378e-01	2.644028672253411205e-01	1.598134919009055743e-01	7.631562553884180256e-02	3.203322488151529035e-02	8.254840622784534454e-02
1.311035727900581833e+03	2.344348981772353679e-01	1.499604861465208272e-01	2.645930392054876013e-01	1.599393789419922829e-01	7.636882927490007411e-02	3.206921282306478271e-02	8.263415543052535228e-02
1.313454613007409534e+03	2.341428467903218513e-01	1.497629314960323144e-01	2.647826189827418020e-01	1.600649319479561794e-01	7.642189565826620901e-02	3.210512328135546600e-02	8.271965184305252183e-02
1.315873498114237009e+03	2.338516307748504941e-01	1.495659313622276498e-01	2.649716085825228884e-01	1.601901518166641003e-01	7.647482503849183100e-02	3.214095634091115872e-02	8.280489608405824931e-02
1.318292383221064711e+03	2.335612477545080945e-01	1.493694841569812581e-01	2.651600100206200072e-01	1.603150394434703363e-01	7.652761776429117813e-02	3.217671208688429457e-02	8.288988877297115421e-02
1.320711268327892412e+03	2.332716953597736287e-01	1.491735882968930338e-01	2.653478253032786061e-01	1.604395957212223500e-01	7.658027418354146354e-02	3.221239060504822033e-02	8.297463052996907618e-02
1.323130153434719887e+03	2.329829712278979337e-01	1.489782422032721598e-01	2.655350564272851432e-01	1.605638215402665214e-01	7.663279464328319468e-02	3.224799198178950749e-02	8.305912197593189050e-02
1.325549038541547588e+03	2.326950730028833070e-01	1.487834443021214259e-01	2.657217053800514650e-01	1.606877177884541430e-01	7.668517948972057574e-02	3.228351630410036116e-02	8.314336373239519795e-02
1.327967923648375290e+03	2.324079983354634116e-01	1.485891930241212411e-01	2.659077741396966843e-01	1.608112853511472207e-01	7.673742906822192400e-02	3.231896365957102890e-02	8.322735642150501378e-02
1.330386808755202765e+03	2.321217448830830699e-01	1.483954868046139797e-01	2.660932646751292818e-01	1.609345251112244135e-01	7.678954372332019718e-02	3.235433413638232059e-02	8.331110066597326169e-02
1.332805693862030694e+03	2.318363103098782241e-01	1.482023240835882993e-01	2.662781789461269866e-01	1.610574379490871400e-01	7.684152379871350691e-02	3.238962782329819073e-02	8.339459708903411428e-02
1.335224578968857941e+03	2.315516922866558136e-01	1.480097033056635702e-01	2.664625189034165453e-01	1.611800247426654342e-01	7.689336963726565999e-02	3.242484480965830695e-02	8.347784631440113845e-02
1.337643464075685870e+03	2.312678884908740407e-01	1.478176229200743597e-01	2.666462864887510498e-01	1.613022863674241081e-01	7.694508158100679673e-02	3.245998518537077798e-02	8.356084896622534286e-02
1.340062349182513572e+03	2.309848966066223586e-01	1.476260813806549999e-01	2.668294836349874855e-01	1.614242236963687738e-01	7.699665997113398774e-02	3.249504904090483315e-02	8.364360566905403027e-02
1.342481234289341273e+03	2.307027143246017375e-01	1.474350771458242948e-01	2.670121122661625046e-01	1.615458376000519780e-01	7.704810514801195553e-02	3.253003646728366838e-02	8.372611704779037156e-02
1.344900119396168748e+03	2.304213393421049583e-01	1.472446086785701713e-01	2.671941742975671996e-01	1.616671289465793637e-01	7.709941745117376843e-02	3.256494755607724362e-02	8.380838372765381239e-02
1.347319004502996449e+03	2.301407693629970164e-01	1.470546744464345801e-01	2.673756716358210994e-01	1.617880986016158318e-01	7.715059721932158998e-02	3.259978239939520517e-02	8.389040633414128478e-02
1.349737889609823924e+03	2.298610020976954993e-01	1.468652729214982855e-01	2.675566061789447225e-01	1.619087474283917583e-01	7.720164479032745608e-02	3.263454108987984964e-02	8.397218549298909873e-02
1.352156774716651853e+03	2.295820352631511019e-01	1.466764025803658777e-01	2.677369798164316861e-01	1.620290762877092117e-01	7.725256050123412155e-02	3.266922372069912955e-02	8.405372183013559706e-02
1.354575659823479100e+03	2.293038665828281975e-01	1.464880619041507848e-01	2.679167944293193715e-01	1.621490860379482535e-01	7.730334468825589278e-02	3.270383038553972138e-02	8.413501597168460133e-02
1.356994544930307029e+03	2.290264937866855199e-01	1.463002493784603397e-01	2.680960518902585910e-01	1.622687775350731831e-01	7.735399768677950205e-02	3.273836117860013523e-02	8.421606854386953778e-02
1.359413430037134731e+03	2.287499146111568460e-01	1.461129634933810428e-01	2.682747540635829764e-01	1.623881516326388386e-01	7.740451983136503733e-02	3.277281619458392858e-02	8.429688017301820158e-02
1.361832315143962205e+03	2.284741267991317326e-01	1.459262027434637121e-01	2.684529028053763700e-01	1.625072091817970077e-01	7.745491145574688596e-02	3.280719552869291317e-02	8.437745148551831220e-02
1.364251200250789907e+03	2.281991280999365601e-01	1.457399656277088007e-01	2.686304999635401036e-01	1.626259510313025902e-01	7.750517289283467837e-02	3.284149927662043805e-02	8.445778310778372100e-02
1.366670085357617609e+03	2.279249162693151864e-01	1.455542506495518806e-01	2.688075473778592239e-01	1.627443780275202589e-01	7.755530447471434274e-02	3.287572753454475610e-02	8.453787566622125715e-02
1.369088970464445310e+03	2.276514890694100735e-01	1.453690563168490435e-01	2.689840468800674955e-01	1.628624910144305382e-01	7.760530653264910428e-02	3.290988039912238344e-02	8.461772978719826754e-02
1.371507855571272785e+03	2.273788442687433298e-01	1.451843811418623287e-01	2.691600002939119052e-01	1.629802908336364653e-01	7.765517939708052597e-02	3.294395796748159078e-02	8.469734609701078110e-02
1.373926740678100487e+03	2.271069796421978926e-01	1.450002236412454848e-01	2.693354094352159445e-01	1.630977783243698354e-01	7.770492339762960499e-02	3.297796033721586001e-02	8.477672522185231152e-02
1.376345625784927961e+03	2.268358929709985705e-01	1.448165823360294535e-01	2.695102761119425039e-01	1.632149543234977240e-01	7.775453886309793838e-02	3.301188760637746578e-02	8.485586778778325678e-02
1.378764510891755890e+03	2.265655820426934752e-01	1.446334557516082420e-01	2.696846021242553793e-01	1.633318196655289545e-01	7.780402612146877783e-02	3.304573987347107777e-02	8.493477442070104799e-02
1.381183395998583137e+03	2.262960446511351753e-01	1.444508424177246564e-01	2.698583892645802784e-01	1.634483751826205644e-01	7.785338549990819534e-02	3.307951723744739780e-02	8.501344574631065909e-02
1.383602281105411066e+03	2.260272785964622111e-01	1.442687408684561468e-01	2.700316393176651619e-01	1.635646217045841899e-01	7.790261732476636003e-02	3.311321979769690088e-02	8.509188239009594923e-02
1.386021166212238768e+03	2.257592816850804984e-01	1.440871496422006792e-01	2.702043540606394179e-01	1.636805600588927267e-01	7.795172192157863444e-02	3.314684765404356942e-02	8.517008497729143535e-02
1.388440051319066470e+03	2.254920517296447602e-01	1.439060672816628306e-01	2.703765352630724261e-01	1.637961910706866864e-01	7.800069961506686522e-02	3.318040090673871761e-02	8.524805413285467537e-02
1.390858936425893944e+03	2.252255865490402909e-01	1.437254923338397439e-01	2.705481846870312901e-01	1.639115155627808296e-01	7.804955072914057657e-02	3.321387965645485052e-02	8.532579048143926204e-02
1.393277821532721646e+03	2.249598839683644713e-01	1.435454233500073618e-01	2.707193040871382350e-01	1.640265343556705502e-01	7.809827558689835802e-02	3.324728400427957864e-02	8.540329464736830245e-02
1.395696706639549120e+03	2.246949418189084779e-01	1.433658588857064931e-01	2.708898952106263414e-01	1.641412482675385087e-01	7.814687451062900247e-02	3.328061405170959497e-02	8.548056725460848049e-02
1.398115591746377049e+03	2.244307579381390749e-01	1.431867975007290184e-01	2.710599597973954999e-01	1.642556581142611549e-01	7.819534782181293553e-02	3.331386990064465897e-02	8.555760892674460494e-02
1.400534476853204296e+03	2.241673301696804899e-01	1.430082377591042897e-01	2.712294995800668684e-01	1.643697647094153058e-01	7.824369584112352005e-02	3.334705165338167770e-02	8.563442028695478214e-02
1.402953361960032225e+03	2.239046563632962616e-01	1.428301782290855027e-01	2.713985162840374388e-01	1.644835688642846405e-01	7.829191888842837455e-02	3.338015941260881470e-02	8.571100195798592170e-02
1.405372247066859927e+03	2.236427343748712548e-01	1.426526174831359850e-01	2.715670116275329948e-01	1.645970713878662783e-01	7.834001728279078869e-02	3.341319328139965433e-02	8.578735456213001931e-02
1.407791132173687402e+03	2.233815620663935908e-01	1.424755540979157908e-01	2.717349873216611256e-01	1.647102730868773290e-01	7.838799134247106948e-02	3.344615336320741483e-02	8.586347872120066171e-02
1.410210017280515103e+03	2.231211373059367731e-01	1.422989866542682669e-01	2.719024450704630724e-01	1.648231747657614987e-01	7.843584138492799840e-02	3.347903976185920283e-02	8.593937505651016995e-02
1.412628902387342805e+03	2.228614579676418683e-01	1.421229137372065077e-01	2.720693865709652992e-01	1.649357772266956679e-01	7.848356772682017757e-02	3.351185258155031654e-02	8.601504418884720060e-02
1.415047787494170507e+03	2.226025219316996873e-01	1.419473339359001440e-01	2.722358135132299517e-01	1.650480812695963584e-01	7.853117068400755629e-02	3.354459192683858365e-02	8.609048673845480504e-02
1.417466672600997981e+03	2.223443270843330488e-01	1.417722458436620481e-01	2.724017275804050953e-01	1.651600876921263950e-01	7.857865057155280497e-02	3.357725790263880322e-02	8.616570332500893270e-02
1.419885557707825683e+03	2.220868713177790721e-01	1.415976480579349550e-01	2.725671304487740643e-01	1.652717972897015386e-01	7.862600770372284165e-02	3.360985061421718073e-02	8.624069456759747565e-02
1.422304442814653157e+03	2.218301525302716348e-01	1.414235391802785569e-01	2.727320237878044784e-01	1.653832108554968705e-01	7.867324239399026142e-02	3.364237016718578388e-02	8.631546108469960454e-02
1.424723327921481086e+03	2.215741686260237486e-01	1.412499178163561520e-01	2.728964092601959268e-01	1.654943291804535921e-01	7.872035495503493241e-02	3.367481666749714414e-02	8.639000349416571523e-02
1.427142213028308333e+03	2.213189175152101285e-01	1.410767825759217386e-01	2.730602885219280962e-01	1.656051530532854366e-01	7.876734569874536962e-02	3.370719022143881666e-02	8.646432241319769452e-02
1.429561098135136262e+03	2.210643971139496511e-01	1.409041320728069147e-01	2.732236632223073447e-01	1.657156832604852748e-01	7.881421493622038643e-02	3.373949093562800955e-02	8.653841845832964397e-02
1.431979983241963964e+03	2.208106053442881744e-01	1.407319649249079985e-01	2.733865350040134423e-01	1.658259205863318042e-01	7.886096297777055175e-02	3.377171891700626871e-02	8.661229224540906158e-02
1.434398868348791666e+03	2.205575401341809405e-01	1.405602797541730675e-01	2.735489055031450345e-01	1.659358658128959330e-01	7.890759013291978596e-02	3.380387427283422508e-02	8.668594438957832882e-02
1.436817753455619140e+03	2.203051994174755612e-01	1.403890751865892461e-01	2.737107763492652168e-01	1.660455197200474409e-01	7.895409671040691524e-02	3.383595711068633494e-02	8.675937550525666953e-02
1.439236638562446842e+03	2.200535811338946990e-01	1.402183498521697713e-01	2.738721491654458884e-01	1.661548830854615577e-01	7.900048301818721197e-02	3.386796753844569657e-02	8.683258620612255285e-02
1.441655523669274316e+03	2.198026832290189969e-01	1.400481023849414197e-01	2.740330255683121607e-01	1.662639566846255135e-01	7.904674936343404623e-02	3.389990566429895019e-02	8.690557710509638767e-02
1.444074408776102018e+03	2.195525036542698150e-01	1.398783314229316843e-01	2.741934071680858231e-01	1.663727412908449776e-01	7.909289605254042621e-02	3.393177159673113619e-02	8.697834881432363330e-02
1.446493293882929493e+03	2.193030403668923545e-01	1.397090356081562013e-01	2.743532955686284747e-01	1.664812376752508594e-01	7.913892339112060803e-02	3.396356544452067139e-02	8.705090194515834046e-02
1.448912178989757422e+03	2.190542913299386996e-01	1.395402135866062043e-01	2.745126923674839903e-01	1.665894466068055246e-01	7.918483168401178884e-02	3.399528731673433224e-02	8.712323710814692812e-02
1.451331064096585123e+03	2.188062545122508584e-01	1.393718640082360072e-01	2.746715991559206538e-01	1.666973688523095964e-01	7.923062123527563338e-02	3.402693732272228655e-02	8.719535491301251551e-02
1.453749949203412370e+03	2.185589278884437492e-01	1.392039855269505688e-01	2.748300175189723471e-01	1.668050051764083941e-01	7.927629234819996706e-02	3.405851557211317382e-02	8.726725596863940670e-02
1.456168834310240300e+03	2.183123094388886853e-01	1.390365768005929203e-01	2.749879490354799616e-01	1.669123563415983447e-01	7.932184532530042742e-02	3.409002217480923413e-02	8.733894088305803327e-02
1.458587719417068001e+03	2.180663971496963893e-01	1.388696364909319525e-01	2.751453952781316437e-01	1.670194231082337000e-01	7.936728046832207395e-02	3.412145724098148564e-02	8.741041026343029929e-02
1.461006604523895703e+03	2.178211890127003947e-01	1.387031632636500922e-01	2.753023578135030958e-01	1.671262062345328647e-01	7.941259807824113670e-02	3.415282088106487424e-02	8.748166471603507910e-02
1.463425489630723177e+03	2.175766830254404205e-01	1.385371557883309512e-01	2.754588382020967674e-01	1.672327064765850024e-01	7.945779845526658447e-02	3.418411320575359680e-02	8.755270484625424232e-02
1.465844374737550879e+03	2.173328771911456347e-01	1.383716127384471972e-01	2.756148379983811569e-01	1.673389245883565302e-01	7.950288189884188728e-02	3.421533432599633412e-02	8.762353125855888714e-02
1.468263259844378354e+03	2.170897695187183618e-01	1.382065327913482855e-01	2.757703587508294474e-01	1.674448613216974469e-01	7.954784870764664007e-02	3.424648435299159493e-02	8.769414455649587881e-02
1.470682144951206283e+03	2.168473580227173458e-01	1.380419146282484133e-01	2.759254020019575870e-01	1.675505174263480224e-01	7.959269917959828355e-02	3.427756339818311543e-02	8.776454534267483232e-02
1.473101030058033530e+03	2.166056407233415970e-01	1.378777569342144738e-01	2.760799692883620926e-01	1.676558936499450980e-01	7.963743361185383896e-02	3.430857157325525181e-02	8.783473421875526155e-02
1.475519915164861459e+03	2.163646156464138215e-01	1.377140583981539268e-01	2.762340621407571861e-01	1.677609907380286092e-01	7.968205230081157331e-02	3.433950899012842145e-02	8.790471178543407538e-02
1.477938800271689161e+03	2.161242808233641288e-01	1.375508177128029474e-01	2.763876820840117654e-01	1.678658094340479967e-01	7.972655554211272033e-02	3.437037576095460650e-02	8.797447864243343463e-02
1.480357685378516862e+03	2.158846342912138228e-01	1.373880335747144077e-01	2.765408306371858194e-01	1.679703504793686186e-01	7.977094363064322902e-02	3.440117199811290605e-02	8.804403538848880328e-02
1.482776570485344337e+03	2.156456740925591642e-01	1.372257046842460804e-01	2.766935093135663437e-01	1.680746146132782171e-01	7.981521686053541509e-02	3.443189781420508133e-02	8.811338262133734667e-02
