1.001418434226643626e+03	2.796400781136364477e-01	1.804661356071389222e-01	2.345840708495131599e-01	1.407652265834833383e-01	6.830980946130971176e-02	2.681606795347549199e-02	6.941861143116570543e-02
1.002869765290740247e+03	2.793871215037896927e-01	1.802959238471019132e-01	2.347562602683779531e-01	1.408711686616982706e-01	6.835408306117400634e-02	2.684382905802027222e-02	6.949161359956074202e-02
1.004321096354836754e+03	2.791345989544053441e-01	1.801260017523954593e-01	2.349280958916389050e-01	1.409769416714213852e-01	6.839828901220419699e-02	2.687156125047893487e-02	6.956451146717865242e-02
1.005772427418933376e+03	2.788825097187463409e-01	1.799563688101924186e-01	2.350995787530426873e-01	1.410825458750386563e-01	6.844242740590840424e-02	2.689926451412564742e-02	6.963730492266870242e-02
1.007223758483029997e+03	2.786308530514169379e-01	1.797870245087067331e-01	2.352707098805628949e-01	1.411879815347416300e-01	6.848649833381456609e-02	2.692693883250907999e-02	6.970999385797102543e-02
1.008675089547126618e+03	2.783796282083596529e-01	1.796179683371900704e-01	2.354414902964500345e-01	1.412932489125238167e-01	6.853050188746903637e-02	2.695458418945121185e-02	6.978257816827911075e-02
1.010126420611223239e+03	2.781288344468522689e-01	1.794491997859284094e-01	2.356119210172811507e-01	1.413983482701769712e-01	6.857443815843512758e-02	2.698220056904613792e-02	6.985505775200288869e-02
1.011577751675319632e+03	2.778784710255050028e-01	1.792807183462389042e-01	2.357820030540090650e-01	1.415032798692874294e-01	6.861830723829163980e-02	2.700978795565887186e-02	6.992743251073203770e-02
1.013029082739416367e+03	2.776285372042575639e-01	1.791125235104664981e-01	2.359517374120108646e-01	1.416080439712326666e-01	6.866210921863138972e-02	2.703734633392415251e-02	6.999970234919977718e-02
1.014480413803512761e+03	2.773790322443761003e-01	1.789446147719809532e-01	2.361211250911362247e-01	1.417126408371776891e-01	6.870584419105976726e-02	2.706487568874527821e-02	7.007186717524696573e-02
1.015931744867609382e+03	2.771299554084503125e-01	1.787769916251732705e-01	2.362901670857548986e-01	1.418170707280717036e-01	6.874951224719323684e-02	2.709237600529289941e-02	7.014392689978662943e-02
1.017383075931706003e+03	2.768813059603907334e-01	1.786096535654527473e-01	2.364588643848040961e-01	1.419213339046449252e-01	6.879311347865785242e-02	2.711984726900383905e-02	7.021588143676880944e-02
1.018834406995802851e+03	2.766330831654254530e-01	1.784426000892437858e-01	2.366272179718350854e-01	1.420254306274052192e-01	6.883664797708775873e-02	2.714728946557993031e-02	7.028773070314581206e-02
1.020285738059899245e+03	2.763852862900975094e-01	1.782758306939827009e-01	2.367952288250595727e-01	1.421293611566350201e-01	6.888011583412370631e-02	2.717470258098681965e-02	7.035947461883776399e-02
1.021737069123995752e+03	2.761379146022618358e-01	1.781093448781146116e-01	2.369628979173954708e-01	1.422331257523881953e-01	6.892351714141153884e-02	2.720208660145279067e-02	7.043111310669862568e-02
1.023188400188092373e+03	2.758909673710827626e-01	1.779431421410902492e-01	2.371302262165122243e-01	1.423367246744870751e-01	6.896685199060072213e-02	2.722944151346759836e-02	7.050264609248242664e-02
1.024639731252188767e+03	2.756444438670306862e-01	1.777772219833629597e-01	2.372972146848758568e-01	1.424401581825193996e-01	6.901012047334284527e-02	2.725676730378129645e-02	7.057407350480995878e-02
1.026091062316285615e+03	2.753983433618795718e-01	1.776115839063855950e-01	2.374638642797932964e-01	1.425434265358356267e-01	6.905332268129010798e-02	2.728406395940305429e-02	7.064539527513578887e-02
1.027542393380382237e+03	2.751526651287038994e-01	1.774462274126074601e-01	2.376301759534564517e-01	1.426465299935458231e-01	6.909645870609384954e-02	2.731133146759999464e-02	7.071661133771554864e-02
1.028993724444478858e+03	2.749074084418760555e-01	1.772811520054712597e-01	2.377961506529858438e-01	1.427494688145171664e-01	6.913952863940305005e-02	2.733856981589603483e-02	7.078772162957366887e-02
1.030445055508575479e+03	2.746625725770632243e-01	1.771163571894101008e-01	2.379617893204737378e-01	1.428522432573710865e-01	6.918253257286285929e-02	2.736577899207072798e-02	7.085872609047134951e-02
1.031896386572671872e+03	2.744181568112249447e-01	1.769518424698444670e-01	2.381270928930269704e-01	1.429548535804806564e-01	6.922547059811309800e-02	2.739295898415806604e-02	7.092962466287497381e-02
1.033347717636768493e+03	2.741741604226099471e-01	1.767876073531793324e-01	2.382920623028090545e-01	1.430573000419679552e-01	6.926834280678678679e-02	2.742010978044536265e-02	7.100041729192470286e-02
1.034799048700865114e+03	2.739305826907539321e-01	1.766236513468009972e-01	2.384566984770823128e-01	1.431595828997016262e-01	6.931114929050871676e-02	2.744723136947206307e-02	7.107110392540355592e-02
1.036250379764961508e+03	2.736874228964760181e-01	1.764599739590743677e-01	2.386210023382492607e-01	1.432617024112943227e-01	6.935389014089399229e-02	2.747432374002860278e-02	7.114168451370668500e-02
1.037701710829058356e+03	2.734446803218767985e-01	1.762965746993398197e-01	2.387849748038936570e-01	1.433636588341002938e-01	6.939656544954649064e-02	2.750138688115525212e-02	7.121215900981101021e-02
1.039153041893154750e+03	2.732023542503349556e-01	1.761334530779105068e-01	2.389486167868212219e-01	1.434654524252129137e-01	6.943917530805752969e-02	2.752842078214096794e-02	7.128252736924524380e-02
1.040604372957251599e+03	2.729604439665048732e-01	1.759706086060692232e-01	2.391119291950999093e-01	1.435670834414625729e-01	6.948171980800439684e-02	2.755542543252222434e-02	7.135278955006012225e-02
1.042055704021347992e+03	2.727189487563138615e-01	1.758080407960657676e-01	2.392749129320997648e-01	1.436685521394141241e-01	6.952419904094887804e-02	2.758240082208188518e-02	7.142294551279897152e-02
1.043507035085444613e+03	2.724778679069594367e-01	1.756457491611138622e-01	2.394375688965324211e-01	1.437698587753648838e-01	6.956661309843593932e-02	2.760934694084805907e-02	7.149299522046859146e-02
1.044958366149541234e+03	2.722372007069064903e-01	1.754837332153884877e-01	2.395998979824902064e-01	1.438710036053422736e-01	6.960896207199224195e-02	2.763626377909293025e-02	7.156293863851051484e-02
1.046409697213637855e+03	2.719969464458848463e-01	1.753219924740229696e-01	2.397619010794848071e-01	1.439719868851017659e-01	6.965124605312476846e-02	2.766315132733165177e-02	7.163277573477240534e-02
1.047861028277734476e+03	2.717571044148861525e-01	1.751605264531061468e-01	2.399235790724856543e-01	1.440728088701247467e-01	6.969346513331943493e-02	2.769000957632117635e-02	7.170250647947989941e-02
1.049312359341831097e+03	2.715176739061616606e-01	1.749993346696795959e-01	2.400849328419577822e-01	1.441734698156165451e-01	6.973561940403975867e-02	2.771683851705913221e-02	7.177213084520868425e-02
1.050763690405927491e+03	2.712786542132193390e-01	1.748384166417349672e-01	2.402459632638995757e-01	1.442739699765042682e-01	6.977770895672545659e-02	2.774363814078269208e-02	7.184164880685686705e-02
1.052215021470024112e+03	2.710400446308213196e-01	1.746777718882110142e-01	2.404066712098798242e-01	1.443743096074349419e-01	6.981973388279108517e-02	2.777040843896743175e-02	7.191106034161758032e-02
1.053666352534120733e+03	2.708018444549809556e-01	1.745173999289909850e-01	2.405670575470745809e-01	1.444744889627735951e-01	6.986169427362476370e-02	2.779714940332619899e-02	7.198036542895201728e-02
1.055117683598217127e+03	2.705640529829607122e-01	1.743573002848999021e-01	2.407271231383038002e-01	1.445745082966013173e-01	6.990359022058680039e-02	2.782386102580798951e-02	7.204956405056256452e-02
1.056569014662313975e+03	2.703266695132691133e-01	1.741974724777017869e-01	2.408868688420672532e-01	1.446743678627133711e-01	6.994542181500836009e-02	2.785054329859681932e-02	7.211865619036637864e-02
1.058020345726410369e+03	2.700896933456581328e-01	1.740379160300970229e-01	2.410462955125804163e-01	1.447740679146174991e-01	6.998718914819024306e-02	2.787719621411060070e-02	7.218764183446914340e-02
1.059471676790506763e+03	2.698531237811208627e-01	1.738786304657195247e-01	2.412054039998099142e-01	1.448736087055320920e-01	7.002889231140151105e-02	2.790381976500001457e-02	7.225652097113909045e-02
1.060923007854603611e+03	2.696169601218886824e-01	1.737196153091343231e-01	2.413641951495085203e-01	1.449729904883843845e-01	7.007053139587829382e-02	2.793041394414740031e-02	7.232529359078138098e-02
1.062374338918700232e+03	2.693812016714287605e-01	1.735608700858346787e-01	2.415226698032499619e-01	1.450722135158089010e-01	7.011210649282242913e-02	2.795697874466562816e-02	7.239395968591266772e-02
1.063825669982796853e+03	2.691458477344414457e-01	1.734023943222395281e-01	2.416808287984632264e-01	1.451712780401456515e-01	7.015361769340028308e-02	2.798351415989699248e-02	7.246251925113593451e-02
1.065277001046893474e+03	2.689108976168577136e-01	1.732441875456908753e-01	2.418386729684666725e-01	1.452701843134386051e-01	7.019506508874154282e-02	2.801002018341209807e-02	7.253097228311559952e-02
1.066728332110990095e+03	2.686763506258365020e-01	1.730862492844512102e-01	2.419962031425017257e-01	1.453689325874340521e-01	7.023644876993789810e-02	2.803649680900873603e-02	7.259931878055297938e-02
1.068179663175086489e+03	2.684422060697623236e-01	1.729285790677008716e-01	2.421534201457663238e-01	1.454675231135790225e-01	7.027776882804191716e-02	2.806294403071080135e-02	7.266755874416186423e-02
1.069630994239183110e+03	2.682084632582427131e-01	1.727711764255354387e-01	2.423103247994478349e-01	1.455659561430197591e-01	7.031902535406579779e-02	2.808936184276716180e-02	7.273569217664438424e-02
1.071082325303279504e+03	2.679751215021055621e-01	1.726140408889632050e-01	2.424669179207560310e-01	1.456642319266003016e-01	7.036021843898018768e-02	2.811575023965056860e-02	7.280371908266720926e-02
1.072533656367376352e+03	2.677421801133966217e-01	1.724571719899026800e-01	2.426232003229553680e-01	1.457623507148609332e-01	7.040134817371307419e-02	2.814210921605654961e-02	7.287163946883787324e-02
1.073984987431472746e+03	2.675096384053770038e-01	1.723005692611799256e-01	2.427791728153969875e-01	1.458603127580368197e-01	7.044241464914856310e-02	2.816843876690231993e-02	7.293945334368148736e-02
1.075436318495569594e+03	2.672774956925206835e-01	1.721442322365261679e-01	2.429348362035507469e-01	1.459581183060565390e-01	7.048341795612575456e-02	2.819473888732567171e-02	7.300716071761756409e-02
1.076887649559666215e+03	2.670457512905120012e-01	1.719881604505752171e-01	2.430901912890365280e-01	1.460557676085407208e-01	7.052435818543761892e-02	2.822100957268389859e-02	7.307476160293717438e-02
1.078338980623762609e+03	2.668144045162432199e-01	1.718323534388608853e-01	2.432452388696554335e-01	1.461532609148007977e-01	7.056523542782984493e-02	2.824725081855268202e-02	7.314225601378027131e-02
1.079790311687859230e+03	2.665834546878118605e-01	1.716768107378147112e-01	2.433999797394207631e-01	1.462505984738375897e-01	7.060604977399984050e-02	2.827346262072501573e-02	7.320964396611330527e-02
1.081241642751955851e+03	2.663529011245184819e-01	1.715215318847633508e-01	2.435544146885884609e-01	1.463477805343401106e-01	7.064680131459549761e-02	2.829964497521012326e-02	7.327692547770708886e-02
1.082692973816052472e+03	2.661227431468639604e-01	1.713665164179261069e-01	2.437085445036874243e-01	1.464448073446841803e-01	7.068749014021423471e-02	2.832579787823237549e-02	7.334410056811482836e-02
1.084144304880149093e+03	2.658929800765472140e-01	1.712117638764125704e-01	2.438623699675495082e-01	1.465416791529313145e-01	7.072811634140188652e-02	2.835192132623018738e-02	7.341116925865041887e-02
1.085595635944245487e+03	2.656636112364626490e-01	1.710572738002201776e-01	2.440158918593391957e-01	1.466383962068275315e-01	7.076868000865164932e-02	2.837801531585497361e-02	7.347813157236696147e-02
1.087046967008342108e+03	2.654346359506977171e-01	1.709030457302317119e-01	2.441691109545830185e-01	1.467349587538021027e-01	7.080918123240305395e-02	2.840407984397004190e-02	7.354498753403550249e-02
1.088498298072438729e+03	2.652060535445305844e-01	1.707490792082129727e-01	2.443220280251985899e-01	1.468313670409664984e-01	7.084962010304093893e-02	2.843011490764954172e-02	7.361173717012405027e-02
1.089949629136535123e+03	2.649778633444275777e-01	1.705953737768104439e-01	2.444746438395234700e-01	1.469276213151131660e-01	7.088999671089443733e-02	2.845612050417738181e-02	7.367838050877671685e-02
1.091400960200631971e+03	2.647500646780407418e-01	1.704419289795487402e-01	2.446269591623438655e-01	1.470237218227145315e-01	7.093031114623600530e-02	2.848209663104616166e-02	7.374491757979313722e-02
1.092852291264728365e+03	2.645226568742056750e-01	1.702887443608284146e-01	2.447789747549226347e-01	1.471196688099218330e-01	7.097056349928040908e-02	2.850804328595611670e-02	7.381134841460809670e-02
1.094303622328825213e+03	2.642956392629387530e-01	1.701358194659235712e-01	2.449306913750274872e-01	1.472154625225642055e-01	7.101075386018375346e-02	2.853396046681404979e-02	7.387767304627135267e-02
1.095754953392921607e+03	2.640690111754351310e-01	1.699831538409794229e-01	2.450821097769586288e-01	1.473111032061475700e-01	7.105088231904252427e-02	2.855984817173226262e-02	7.394389150942769218e-02
1.097206284457018228e+03	2.638427719440659680e-01	1.698307470330100155e-01	2.452332307115761834e-01	1.474065911058536626e-01	7.109094896589268631e-02	2.858570639902751134e-02	7.401000384029719770e-02
1.098657615521114849e+03	2.636169209023763726e-01	1.696785985898960070e-01	2.453840549263274773e-01	1.475019264665390628e-01	7.113095389070867025e-02	2.861153514721995195e-02	7.407601007665567949e-02
1.100108946585211470e+03	2.633914573850827390e-01	1.695267080603823084e-01	2.455345831652739064e-01	1.475971095327342497e-01	7.117089718340255389e-02	2.863733441503207161e-02	7.414191025781538547e-02
1.101560277649308091e+03	2.631663807280706924e-01	1.693750749940756972e-01	2.456848161691176091e-01	1.476921405486427141e-01	7.121077893382303514e-02	2.866310420138766177e-02	7.420770442460583594e-02
1.103011608713404712e+03	2.629416902683925361e-01	1.692236989414426240e-01	2.458347546752278623e-01	1.477870197581399314e-01	7.125059923175464105e-02	2.868884450541076339e-02	7.427339261935489434e-02
1.104462939777501106e+03	2.627173853442648643e-01	1.690725794538070204e-01	2.459843994176672821e-01	1.478817474047726399e-01	7.129035816691681182e-02	2.871455532642461575e-02	7.433897488587010161e-02
1.105914270841597499e+03	2.624934652950662861e-01	1.689217160833478559e-01	2.461337511272176648e-01	1.479763237317579527e-01	7.133005582896297103e-02	2.874023666395062598e-02	7.440445126942005216e-02
1.107365601905694348e+03	2.622699294613351495e-01	1.687711083830970571e-01	2.462828105314056881e-01	1.480707489819823863e-01	7.136969230747977622e-02	2.876588851770732133e-02	7.446982181671610301e-02
1.108816932969790741e+03	2.620467771847670435e-01	1.686207559069372031e-01	2.464315783545282523e-01	1.481650233980012221e-01	7.140926769198618906e-02	2.879151088760932911e-02	7.453508657589423547e-02
1.110268264033887590e+03	2.618240078082127997e-01	1.684706582095993332e-01	2.465800553176777377e-01	1.482591472220376183e-01	7.144878207193264275e-02	2.881710377376633242e-02	7.460024559649708342e-02
1.111719595097984211e+03	2.616016206756757723e-01	1.683208148466606435e-01	2.467282421387667901e-01	1.483531206959818882e-01	7.148823553670029252e-02	2.884266717648204317e-02	7.466529892945616975e-02
1.113170926162080832e+03	2.613796151323098393e-01	1.681712253745424324e-01	2.468761395325530794e-01	1.484469440613906399e-01	7.152762817560012754e-02	2.886820109625317515e-02	7.473024662707433707e-02
1.114622257226177226e+03	2.611579905244169608e-01	1.680218893505078526e-01	2.470237482106637239e-01	1.485406175594861933e-01	7.156696007787220759e-02	2.889370553376842746e-02	7.479508874300831722e-02
1.116073588290273847e+03	2.609367461994449577e-01	1.678728063326597186e-01	2.471710688816194379e-01	1.486341414311557751e-01	7.160623133268484430e-02	2.891918048990745060e-02	7.485982533225159219e-02
1.117524919354370468e+03	2.607158815059849588e-01	1.677239758799382585e-01	2.473181022508586235e-01	1.487275159169508809e-01	7.164544202913387949e-02	2.894462596573984386e-02	7.492445645111728281e-02
1.118976250418467089e+03	2.604953957937697351e-01	1.675753975521191430e-01	2.474648490207609630e-01	1.488207412570865529e-01	7.168459225624188025e-02	2.897004196252412830e-02	7.498898215722135663e-02
1.120427581482563710e+03	2.602752884136708134e-01	1.674270709098112375e-01	2.476113098906710108e-01	1.489138176914407141e-01	7.172368210295740343e-02	2.899542848170674064e-02	7.505340250946589131e-02
1.121878912546660331e+03	2.600555587176964223e-01	1.672789955144544372e-01	2.477574855569213974e-01	1.490067454595536411e-01	7.176271165815421849e-02	2.902078552492102018e-02	7.511771756802265720e-02
1.123330243610756725e+03	2.598362060589893829e-01	1.671311709283176405e-01	2.479033767128560328e-01	1.490995248006272145e-01	7.180168101063062747e-02	2.904611309398620958e-02	7.518192739431674154e-02
1.124781574674853118e+03	2.596172297918245553e-01	1.669835967144965017e-01	2.480489840488527831e-01	1.491921559535244191e-01	7.184059024910872948e-02	2.907141119090645223e-02	7.524603205101042247e-02
1.126232905738949967e+03	2.593986292716068953e-01	1.668362724369114314e-01	2.481943082523462019e-01	1.492846391567687059e-01	7.187943946223368519e-02	2.909667981786977567e-02	7.531003160198714019e-02
1.127684236803046360e+03	2.591804038548691791e-01	1.666891976603054881e-01	2.483393500078498184e-01	1.493769746485434091e-01	7.191822873857305065e-02	2.912191897724711667e-02	7.537392611233570405e-02
1.129135567867143209e+03	2.589625528992696157e-01	1.665423719502422684e-01	2.484841099969784528e-01	1.494691626666913298e-01	7.195695816661609734e-02	2.914712867159131165e-02	7.543771564833470777e-02
1.130586898931239830e+03	2.587450757635896270e-01	1.663957948731038805e-01	2.486285888984701153e-01	1.495612034487140418e-01	7.199562783477306271e-02	2.917230890363611134e-02	7.550140027743697246e-02
1.132038229995336451e+03	2.585279718077317379e-01	1.662494659960888077e-01	2.487727873882077945e-01	1.496530972317714758e-01	7.203423783137456737e-02	2.919745967629519198e-02	7.556498006825421165e-02
1.133489561059432845e+03	2.583112403927173562e-01	1.661033848872099650e-01	2.489167061392409397e-01	1.497448442526814472e-01	7.207278824467093503e-02	2.922258099266117348e-02	7.562845509054200166e-02
1.134940892123529466e+03	2.580948808806845518e-01	1.659575511152925065e-01	2.490603458218068611e-01	1.498364447479191008e-01	7.211127916283152639e-02	2.924767285600463063e-02	7.569182541518461316e-02
1.136392223187626087e+03	2.578788926348859478e-01	1.658119642499719659e-01	2.492037071033519624e-01	1.499278989536164675e-01	7.214971067394412851e-02	2.927273526977311469e-02	7.575509111418031460e-02
1.137843554251722708e+03	2.576632750196861665e-01	1.656666238616920639e-01	2.493467906485524743e-01	1.500192071055620746e-01	7.218808286601431645e-02	2.929776823759018545e-02	7.581825226062662015e-02
1.139294885315819101e+03	2.574480274005602198e-01	1.655215295217028204e-01	2.494895971193354378e-01	1.501103694392004473e-01	7.222639582696481486e-02	2.932277176325443283e-02	7.588130892870574573e-02
1.140746216379915950e+03	2.572331491440907891e-01	1.653766808020585566e-01	2.496321271748990211e-01	1.502013861896318025e-01	7.226464964463494289e-02	2.934774585073850195e-02	7.594426119367034267e-02
1.142197547444012343e+03	2.570186396179664490e-01	1.652320772756157297e-01	2.497743814717330313e-01	1.502922575916114389e-01	7.230284440677997582e-02	2.937269050418813213e-02	7.600710913182914807e-02
1.143648878508108737e+03	2.568044981909794466e-01	1.650877185160311844e-01	2.499163606636389534e-01	1.503829838795495977e-01	7.234098020107058991e-02	2.939760572792119928e-02	7.606985282053299602e-02
1.145100209572205586e+03	2.565907242330231486e-01	1.649436040977599605e-01	2.500580654017500182e-01	1.504735652875109631e-01	7.237905711509226570e-02	2.942249152642674101e-02	7.613249233816088424e-02
1.146551540636302207e+03	2.563773171150903751e-01	1.647997335960535437e-01	2.501994963345509082e-01	1.505640020492143294e-01	7.241707523634471899e-02	2.944734790436400601e-02	7.619502776410615186e-02
1.148002871700398828e+03	2.561642762092710690e-01	1.646561065869577012e-01	2.503406541078972980e-01	1.506542943980322125e-01	7.245503465224134576e-02	2.947217486656149993e-02	7.625745917876292079e-02
1.149454202764495449e+03	2.559516008887502414e-01	1.645127226473106774e-01	2.504815393650353106e-01	1.507444425669905719e-01	7.249293545010868089e-02	2.949697241801603476e-02	7.631978666351257878e-02
1.150905533828591842e+03	2.557392905278054740e-01	1.643695813547411955e-01	2.506221527466208077e-01	1.508344467887685891e-01	7.253077771718585698e-02	2.952174056389178167e-02	7.638201030071044284e-02
1.152356864892688463e+03	2.555273445018053646e-01	1.642266822876665144e-01	2.507624948907381524e-01	1.509243072956981957e-01	7.256856154062407693e-02	2.954647930951932039e-02	7.644413017367256147e-02
1.153808195956785084e+03	2.553157621872069738e-01	1.640840250252905141e-01	2.509025664329194161e-01	1.510140243197639065e-01	7.260628700748610054e-02	2.957118866039469898e-02	7.650614636666264179e-02
1.155259527020881706e+03	2.551045429615538818e-01	1.639416091476018078e-01	2.510423680061627527e-01	1.511035980926025146e-01	7.264395420474568932e-02	2.959586862217849709e-02	7.656805896487915708e-02
1.156710858084978327e+03	2.548936862034740791e-01	1.637994342353718824e-01	2.511819002409509949e-01	1.511930288455027860e-01	7.268156321928714858e-02	2.962051920069489266e-02	7.662986805444253757e-02
1.158162189149074720e+03	2.546831912926777464e-01	1.636574998701530725e-01	2.513211637652700281e-01	1.512823168094053761e-01	7.271911413790478618e-02	2.964514040193072172e-02	7.669157372238256942e-02
1.159613520213171569e+03	2.544730576099553665e-01	1.635158056342767841e-01	2.514601592046269429e-01	1.513714622149023858e-01	7.275660704730249617e-02	2.966973223203454857e-02	7.675317605662580756e-02
1.161064851277267962e+03	2.542632845371755046e-01	1.633743511108516067e-01	2.515988871820677431e-01	1.514604652922372785e-01	7.279404203409320373e-02	2.969429469731574636e-02	7.681467514598326607e-02
1.162516182341364356e+03	2.540538714572826429e-01	1.632331358837613988e-01	2.517373483181955529e-01	1.515493262713046574e-01	7.283141918479846266e-02	2.971882780424358120e-02	7.687607108013810864e-02
1.163967513405461204e+03	2.538448177542952378e-01	1.630921595376634003e-01	2.518755432311878262e-01	1.516380453816500440e-01	7.286873858584794195e-02	2.974333155944626841e-02	7.693736394963361647e-02
1.165418844469557826e+03	2.536361228133037216e-01	1.629514216579864838e-01	2.520134725368142758e-01	1.517266228524697391e-01	7.290600032357900939e-02	2.976780596971007400e-02	7.699855384586110074e-02
1.166870175533654447e+03	2.534277860204681709e-01	1.628109218309292117e-01	2.521511368484538052e-01	1.518150589126105454e-01	7.294320448423624592e-02	2.979225104197839175e-02	7.705964086104809263e-02
1.168321506597751068e+03	2.532198067630164195e-01	1.626706596434580598e-01	2.522885367771116605e-01	1.519033537905697673e-01	7.298035115397107087e-02	2.981666678335084461e-02	7.712062508824663043e-02
1.169772837661847461e+03	2.530121844292419486e-01	1.625306346833056137e-01	2.524256729314366954e-01	1.519915077144949611e-01	7.301744041884121461e-02	2.984105320108235496e-02	7.718150662132160222e-02
1.171224168725944082e+03	2.528049184085021106e-01	1.623908465389686251e-01	2.525625459177379128e-01	1.520795209121837965e-01	7.305447236481041329e-02	2.986541030258226675e-02	7.724228555493929671e-02
1.172675499790040703e+03	2.525980080912155201e-01	1.622512947997063193e-01	2.526991563400012852e-01	1.521673936110839731e-01	7.309144707774790917e-02	2.988973809541342966e-02	7.730296198455600953e-02
1.174126830854137097e+03	2.523914528688604997e-01	1.621119790555385631e-01	2.528355047999060745e-01	1.522551260382931371e-01	7.312836464342806209e-02	2.991403658729130041e-02	7.736353600640683004e-02
1.175578161918233945e+03	2.521852521339729147e-01	1.619728988972440054e-01	2.529715918968413191e-01	1.523427184205587426e-01	7.316522514752998863e-02	2.993830578608305121e-02	7.742400771749446964e-02
1.177029492982330339e+03	2.519794052801441198e-01	1.618340539163583836e-01	2.531074182279219875e-01	1.524301709842779129e-01	7.320202867563713189e-02	2.996254569980667457e-02	7.748437721557834001e-02
1.178480824046426733e+03	2.517739117020187933e-01	1.616954437051726645e-01	2.532429843880050213e-01	1.525174839554974404e-01	7.323877531323690071e-02	2.998675633663010209e-02	7.754464459916358965e-02
1.179932155110523581e+03	2.515687707952933283e-01	1.615570678567312957e-01	2.533782909697052665e-01	1.526046575599137034e-01	7.327546514572025327e-02	3.001093770487031284e-02	7.760480996749037630e-02
1.181383486174620202e+03	2.513639819567132783e-01	1.614189259648305119e-01	2.535133385634111280e-01	1.526916920228725549e-01	7.331209825838139182e-02	3.003508981299245900e-02	7.766487342052319498e-02
1.182834817238716823e+03	2.511595445840718588e-01	1.612810176240164484e-01	2.536481277573003346e-01	1.527785875693693785e-01	7.334867473641736024e-02	3.005921266960897426e-02	7.772483505894034472e-02
1.184286148302813444e+03	2.509554580762076159e-01	1.611433424295834194e-01	2.537826591373549268e-01	1.528653444240489212e-01	7.338519466492768317e-02	3.008330628347869948e-02	7.778469498412349248e-02
1.185737479366910065e+03	2.507517218330025388e-01	1.610058999775723365e-01	2.539169332873771889e-01	1.529519628112053775e-01	7.342165812891400523e-02	3.010737066350602925e-02	7.784445329814736192e-02
1.187188810431006686e+03	2.505483352553801168e-01	1.608686898647687380e-01	2.540509507890043039e-01	1.530384429547823055e-01	7.345806521327982730e-02	3.013140581874002716e-02	7.790411010376954715e-02
1.188640141495103080e+03	2.503452977453032857e-01	1.607317116887011788e-01	2.541847122217237853e-01	1.531247850783726272e-01	7.349441600283006248e-02	3.015541175837355148e-02	7.796366550442038190e-02
1.190091472559199701e+03	2.501426087057725400e-01	1.605949650476395374e-01	2.543182181628878546e-01	1.532109894052186838e-01	7.353071058227082790e-02	3.017938849174240518e-02	7.802311960419298920e-02
1.191542803623296322e+03	2.499402675408239072e-01	1.604584495405932676e-01	2.544514691877287071e-01	1.532970561582121805e-01	7.356694903620901449e-02	3.020333602832447895e-02	7.808247250783334481e-02
1.192994134687392716e+03	2.497382736555269489e-01	1.603221647673095940e-01	2.545844658693727225e-01	1.533829855598942138e-01	7.360313144915202332e-02	3.022725437773888385e-02	7.814172432073056285e-02
1.194445465751489564e+03	2.495366264559827352e-01	1.601861103282720133e-01	2.547172087788551198e-01	1.534687778324553553e-01	7.363925790550744643e-02	3.025114354974509784e-02	7.820087514890719516e-02
1.195896796815585958e+03	2.493353253493221233e-01	1.600502858246984905e-01	2.548496984851341685e-01	1.535544331977356236e-01	7.367532848958281699e-02	3.027500355424212961e-02	7.825992509900966954e-02
1.197348127879682352e+03	2.491343697437036209e-01	1.599146908585397098e-01	2.549819355551054545e-01	1.536399518772245676e-01	7.371134328558522075e-02	3.029883440126765470e-02	7.831887427829881121e-02
1.198799458943779200e+03	2.489337590483114149e-01	1.597793250324774927e-01	2.551139205536159804e-01	1.537253340920614053e-01	7.374730237762106011e-02	3.032263610099718287e-02	7.837772279464051695e-02
1.200250790007875821e+03	2.487334926733536233e-01	1.596441879499230776e-01	2.552456540434780430e-01	1.538105800630348574e-01	7.378320584969577656e-02	3.034640866374320803e-02	7.843647075649644307e-02
1.201702121071972442e+03	2.485335700300601580e-01	1.595092792150155092e-01	2.553771365854830000e-01	1.538956900105835079e-01	7.381905378571355925e-02	3.037015209995438253e-02	7.849511827291492938e-02
1.203153452136069063e+03	2.483339905306808926e-01	1.593745984326199183e-01	2.555083687384150926e-01	1.539806641547956101e-01	7.385484626947708131e-02	3.039386642021467411e-02	7.855366545352181207e-02
1.204604783200165684e+03	2.481347535884837752e-01	1.592401452083258562e-01	2.556393510590647122e-01	1.540655027154093915e-01	7.389058338468722231e-02	3.041755163524253319e-02	7.861211240851158355e-02
1.206056114264262078e+03	2.479358586177528023e-01	1.591059191484457958e-01	2.557700841022421678e-01	1.541502059118130541e-01	7.392626521494281844e-02	3.044120775589007413e-02	7.867045924863844131e-02
1.207507445328358699e+03	2.477373050337860760e-01	1.589719198600132999e-01	2.559005684207906750e-01	1.542347739630448578e-01	7.396189184374041270e-02	3.046483479314223905e-02	7.872870608520753100e-02
1.208958776392455093e+03	2.475390922528941662e-01	1.588381469507815225e-01	2.560308045655997899e-01	1.543192070877933697e-01	7.399746335447403289e-02	3.048843275811598946e-02	7.878685303006631446e-02
1.210410107456551941e+03	2.473412196923977791e-01	1.587046000292214876e-01	2.561607930856183435e-01	1.544035055043974369e-01	7.403297983043485853e-02	3.051200166205946668e-02	7.884490019559592389e-02
1.211861438520648335e+03	2.471436867706262863e-01	1.585712787045205352e-01	2.562905345278672087e-01	1.544876694308462972e-01	7.406844135481109592e-02	3.053554151635120076e-02	7.890284769470269632e-02
1.213312769584745183e+03	2.469464929069155601e-01	1.584381825865806837e-01	2.564200294374524569e-01	1.545716990847798844e-01	7.410384801068765903e-02	3.055905233249928826e-02	7.896069564080979153e-02
1.214764100648841804e+03	2.467496375216061411e-01	1.583053112860171030e-01	2.565492783575776814e-01	1.546555946834888562e-01	7.413919988104605840e-02	3.058253412214057693e-02	7.901844414784883752e-02
1.216215431712937971e+03	2.465531200360414066e-01	1.581726644141563942e-01	2.566782818295570423e-01	1.547393564439147606e-01	7.417449704876401262e-02	3.060598689703987116e-02	7.907609333025175657e-02
1.217666762777034819e+03	2.463569398725656834e-01	1.580402415830350626e-01	2.568070403928272571e-01	1.548229845826501472e-01	7.420973959661537889e-02	3.062941066908911672e-02	7.913364330294260507e-02
1.219118093841131440e+03	2.461610964545222213e-01	1.579080424053979081e-01	2.569355545849600908e-01	1.549064793159388997e-01	7.424492760726988938e-02	3.065280545030661316e-02	7.919109418132957989e-02
1.220569424905228061e+03	2.459655892062515836e-01	1.577760664946964708e-01	2.570638249416748455e-01	1.549898408596761812e-01	7.428006116329294306e-02	3.067617125283620891e-02	7.924844608129696932e-02
1.222020755969324682e+03	2.457704175530895652e-01	1.576443134650874489e-01	2.571918519968501293e-01	1.550730694294087941e-01	7.431514034714542527e-02	3.069950808894651370e-02	7.930569911919736759e-02
1.223472087033421303e+03	2.455755809213654439e-01	1.575127829314310612e-01	2.573196362825360128e-01	1.551561652403352920e-01	7.435016524118348569e-02	3.072281597103010062e-02	7.936285341184386166e-02
1.224923418097517697e+03	2.453810787384000380e-01	1.573814745092896039e-01	2.574471783289660198e-01	1.552391285073061455e-01	7.438513592765837179e-02	3.074609491160273239e-02	7.941990907650235687e-02
1.226374749161614318e+03	2.451869104325039572e-01	1.572503878149258127e-01	2.575744786645688400e-01	1.553219594448240204e-01	7.442005248871626233e-02	3.076934492330257384e-02	7.947686623088390245e-02
1.227826080225710712e+03	2.449930754329756599e-01	1.571195224653013367e-01	2.577015378159798198e-01	1.554046582670439436e-01	7.445491500639801752e-02	3.079256601888939737e-02	7.953372499313719757e-02
1.229277411289807560e+03	2.447995731700997324e-01	1.569888780780752391e-01	2.578283563080527863e-01	1.554872251877734701e-01	7.448972356263910966e-02	3.081575821124381970e-02	7.959048548184116667e-02
1.230728742353903954e+03	2.446064030751448903e-01	1.568584542716023322e-01	2.579549346638715934e-01	1.555696604204730160e-01	7.452447823926935944e-02	3.083892151336652468e-02	7.964714781599754878e-02
1.232180073418000802e+03	2.444135645803623136e-01	1.567282506649317897e-01	2.580812734047613355e-01	1.556519641782559693e-01	7.455917911801282494e-02	3.086205593837749311e-02	7.970371211502359776e-02
1.233631404482097196e+03	2.442210571189836477e-01	1.565982668778055364e-01	2.582073730502994491e-01	1.557341366738889121e-01	7.459382628048762121e-02	3.088516149951522211e-02	7.976017849874494914e-02
1.235082735546193817e+03	2.440288801252193107e-01	1.564685025306567223e-01	2.583332341183271486e-01	1.558161781197920648e-01	7.462841980820573984e-02	3.090823821013597913e-02	7.981654708738838977e-02
1.236534066610290438e+03	2.438370330342566616e-01	1.563389572446082509e-01	2.584588571249603617e-01	1.558980887280392580e-01	7.466295978257297961e-02	3.093128608371303531e-02	7.987281800157484957e-02
1.237985397674387059e+03	2.436455152822581127e-01	1.562096306414712810e-01	2.585842425846006098e-01	1.559798687103582937e-01	7.469744628488872440e-02	3.095430513383588822e-02	7.992899136231243484e-02
1.239436728738483680e+03	2.434543263063593532e-01	1.560805223437436440e-01	2.587093910099462768e-01	1.560615182781313059e-01	7.473187939634579058e-02	3.097729537420953680e-02	7.998506729098953105e-02
1.240888059802580301e+03	2.432634655446676009e-01	1.559516319746084290e-01	2.588343029120026006e-01	1.561430376423947886e-01	7.476625919803038534e-02	3.100025681865370072e-02	8.004104590936791941e-02
1.242339390866676695e+03	2.430729324362596866e-01	1.558229591579324003e-01	2.589589788000931092e-01	1.562244270138401225e-01	7.480058577092187078e-02	3.102318948110208835e-02	8.009692733957614330e-02
1.243790721930773088e+03	2.428827264211804171e-01	1.556945035182646653e-01	2.590834191818697230e-01	1.563056866028136316e-01	7.483485919589268065e-02	3.104609337560164384e-02	8.015271170410268042e-02
1.245242052994869937e+03	2.426928469404406319e-01	1.555662646808350091e-01	2.592076245633234688e-01	1.563868166193169429e-01	7.486907955370818157e-02	3.106896851631180123e-02	8.020839912578944797e-02
1.246693384058966330e+03	2.425032934360154824e-01	1.554382422715524792e-01	2.593315954487945829e-01	1.564678172730073480e-01	7.490324692502657589e-02	3.109181491750375934e-02	8.026398972782526620e-02
1.248144715123063179e+03	2.423140653508426279e-01	1.553104359170040805e-01	2.594553323409830581e-01	1.565486887731979415e-01	7.493736139039876287e-02	3.111463259355971844e-02	8.031948363373933586e-02
1.249596046187159800e+03	2.421251621288205147e-01	1.551828452444529716e-01	2.595788357409586911e-01	1.566294313288580653e-01	7.497142303026821386e-02	3.113742155897217603e-02	8.037488096739492383e-02
1.251047377251256421e+03	2.419365832148065165e-01	1.550554698818373267e-01	2.597021061481712412e-01	1.567100451486134471e-01	7.500543192497091671e-02	3.116018182834316697e-02	8.043018185298296541e-02
1.252498708315352815e+03	2.417483280546151581e-01	1.549283094577687259e-01	2.598251440604604223e-01	1.567905304407465894e-01	7.503938815473519541e-02	3.118291341638355224e-02	8.048538641501588875e-02
1.253950039379449436e+03	2.415603960950165330e-01	1.548013636015307670e-01	2.599479499740658395e-01	1.568708874131970743e-01	7.507329179968168231e-02	3.120561633791230083e-02	8.054049477832138371e-02
1.255401370443546057e+03	2.413727867837342778e-01	1.546746319430775396e-01	2.600705243836366476e-01	1.569511162735618970e-01	7.510714293982316547e-02	3.122829060785575067e-02	8.059550706803632336e-02
1.256852701507642678e+03	2.411854995694440451e-01	1.545481141130322089e-01	2.601928677822415437e-01	1.570312172290957431e-01	7.514094165506451928e-02	3.125093624124689745e-02	8.065042340960069944e-02
1.258304032571739299e+03	2.409985339017715888e-01	1.544218097426856562e-01	2.603149806613781481e-01	1.571111904867113218e-01	7.517468802520262117e-02	3.127355325322467988e-02	8.070524392875164099e-02
1.259755363635835920e+03	2.408118892312910708e-01	1.542957184639950075e-01	2.604368635109829411e-01	1.571910362529796434e-01	7.520838212992624061e-02	3.129614165903327194e-02	8.075996875151751631e-02
1.261206694699932314e+03	2.406255650095233123e-01	1.541698399095821903e-01	2.605585168194403112e-01	1.572707547341304635e-01	7.524202404881599748e-02	3.131870147402135429e-02	8.081459800421207651e-02
1.262658025764028707e+03	2.404395606889341008e-01	1.540441737127325184e-01	2.606799410735922140e-01	1.573503461360525324e-01	7.527561386134425103e-02	3.134123271364143426e-02	8.086913181342868240e-02
1.264109356828125556e+03	2.402538757229324418e-01	1.539187195073932757e-01	2.608011367587474982e-01	1.574298106642939010e-01	7.530915164687500274e-02	3.136373539344912420e-02	8.092357030603455903e-02
1.265560687892221949e+03	2.400685095658687263e-01	1.537934769281723568e-01	2.609221043586908984e-01	1.575091485240623645e-01	7.534263748466388244e-02	3.138620952910244760e-02	8.097791360916517522e-02
1.267012018956318798e+03	2.398834616730331215e-01	1.536684456103367957e-01	2.610428443556924161e-01	1.575883599202257401e-01	7.537607145385803731e-02	3.140865513636112438e-02	8.103216185021862306e-02
1.268463350020415419e+03	2.396987315006537944e-01	1.535436251898113780e-01	2.611633572305163131e-01	1.576674450573121999e-01	7.540945363349610409e-02	3.143107223108591169e-02	8.108631515685010838e-02
1.269914681084511813e+03	2.395143185058951907e-01	1.534190153031773363e-01	2.612836434624301041e-01	1.577464041395107153e-01	7.544278410250812583e-02	3.145346082923788228e-02	8.114037365696645521e-02
1.271366012148608434e+03	2.393302221468563973e-01	1.532946155876708516e-01	2.614037035292132716e-01	1.578252373706713618e-01	7.547606293971544089e-02	3.147582094687774446e-02	8.119433747872073504e-02
1.272817343212705055e+03	2.391464418825692828e-01	1.531704256811816378e-01	2.615235379071664257e-01	1.579039449543056250e-01	7.550929022383071065e-02	3.149815260016516211e-02	8.124820675050685448e-02
1.274268674276801676e+03	2.389629771729969154e-01	1.530464452222517757e-01	2.616431470711199081e-01	1.579825270935868997e-01	7.554246603345786404e-02	3.152045580535806774e-02	8.130198160095435111e-02
1.275720005340898297e+03	2.387798274790318143e-01	1.529226738500741034e-01	2.617625314944421744e-01	1.580609839913507397e-01	7.557559044709197260e-02	3.154273057881197551e-02	8.135566215892309216e-02
1.277171336404994690e+03	2.385969922624942285e-01	1.527991112044908839e-01	2.618816916490487867e-01	1.581393158500952190e-01	7.560866354311926441e-02	3.156497693697931511e-02	8.140924855349811196e-02
1.278622667469091539e+03	2.384144709861305000e-01	1.526757569259926117e-01	2.620006280054108516e-01	1.582175228719814863e-01	7.564168539981708239e-02	3.158719489640876565e-02	8.146274091398454653e-02
1.280073998533187932e+03	2.382322631136113422e-01	1.525526106557164863e-01	2.621193410325631801e-01	1.582956052588339324e-01	7.567465609535382887e-02	3.160938447374455479e-02	8.151613936990251275e-02
1.281525329597284326e+03	2.380503681095301194e-01	1.524296720354450796e-01	2.622378311981130583e-01	1.583735632121407444e-01	7.570757570778895162e-02	3.163154568572581343e-02	8.156944405098214002e-02
1.282976660661381175e+03	2.378687854394012091e-01	1.523069407076050596e-01	2.623560989682481859e-01	1.584513969330541561e-01	7.574044431507283293e-02	3.165367854918590962e-02	8.162265508715862983e-02
1.284427991725477568e+03	2.376875145696582814e-01	1.521844163152657192e-01	2.624741448077451134e-01	1.585291066223908918e-01	7.577326199504687276e-02	3.167578308105179624e-02	8.167577260856734300e-02
1.285879322789574417e+03	2.375065549676527166e-01	1.520620985021377547e-01	2.625919691799772360e-01	1.586066924806326106e-01	7.580602882544339172e-02	3.169785929834333105e-02	8.172879674553898410e-02
1.287330653853671038e+03	2.373259061016518567e-01	1.519399869125718783e-01	2.627095725469230647e-01	1.586841547079262393e-01	7.583874488388561708e-02	3.171990721817261744e-02	8.178172762859481359e-02
1.288781984917767431e+03	2.371455674408373127e-01	1.518180811915575135e-01	2.628269553691739424e-01	1.587614935040844444e-01	7.587141024788764121e-02	3.174192685774337996e-02	8.183456538844187389e-02
1.290233315981864052e+03	2.369655384553033262e-01	1.516963809847213240e-01	2.629441181059423704e-01	1.588387090685859371e-01	7.590402499485447707e-02	3.176391823435028433e-02	8.188731015596843743e-02
