1.001418434226643626e+03	2.796364182597182446e-01	1.804576720074894947e-01	2.345967699000771622e-01	1.407630891523399264e-01	6.830530443937263274e-02	2.683717340732895071e-02	6.940357283339536332e-02
1.003837319333471214e+03	2.792149804283097225e-01	1.801740602202728803e-01	2.348837924002790678e-01	1.409393546906211325e-01	6.837903160507678713e-02	2.688369589953603853e-02	6.952508475562611812e-02
1.006256204440298802e+03	2.787947472600496579e-01	1.798912527562219754e-01	2.351698342735586422e-01	1.411151506572516923e-01	6.845257024244542909e-02	2.693013513710499490e-02	6.964630967308943488e-02
1.008675089547126618e+03	2.783757153022930475e-01	1.796092472436542908e-01	2.354549002698605176e-01	1.412904782818424076e-01	6.852592078662096686e-02	2.697649106235058478e-02	6.976724705310002883e-02
1.011093974653954206e+03	2.779578811127287330e-01	1.793280413188891587e-01	2.357389950952838431e-01	1.414653387921922523e-01	6.859908367275295571e-02	2.702276361961513870e-02	6.988789638825985973e-02
1.013512859760782021e+03	2.775412412593407097e-01	1.790476326262056272e-01	2.360221234127104772e-01	1.416397334142481257e-01	6.867205933597964052e-02	2.706895275525319361e-02	7.000825719598413599e-02
1.015931744867609382e+03	2.771257923203707119e-01	1.787680188178008833e-01	2.363042898424232430e-01	1.418136633720661066e-01	6.874484821140937341e-02	2.711505841761616825e-02	7.012832901803549290e-02
1.018350629974437197e+03	2.767115308842799104e-01	1.784891975537488962e-01	2.365854989627136917e-01	1.419871298877740107e-01	6.881745073410208691e-02	2.716108055703710458e-02	7.024811142006616438e-02
1.020769515081264785e+03	2.762984535497122196e-01	1.782111665019598390e-01	2.368657553104802083e-01	1.421601341815357245e-01	6.888986733905068383e-02	2.720701912581543688e-02	7.036760399116780140e-02
1.023188400188092373e+03	2.758865569254563277e-01	1.779339233381395380e-01	2.371450633818162068e-01	1.423326774715162613e-01	6.896209846116255204e-02	2.725287407820182681e-02	7.048680634342928408e-02
1.025607285294920075e+03	2.754758376304092260e-01	1.776574657457495043e-01	2.374234276325886961e-01	1.425047609738485932e-01	6.903414453524114869e-02	2.729864537038301925e-02	7.060571811150183341e-02
1.028026170401747549e+03	2.750662922935394050e-01	1.773817914159674936e-01	2.377008524790074351e-01	1.426763859026013992e-01	6.910600599596773697e-02	2.734433296046678147e-02	7.072433895217183908e-02
1.030445055508575479e+03	2.746579175538502171e-01	1.771068980476482591e-01	2.379773422981849573e-01	1.428475534697479232e-01	6.917768327788317850e-02	2.738993680846686651e-02	7.084266854394070945e-02
1.032863940615402726e+03	2.742507100603438497e-01	1.768327833472848054e-01	2.382529014286871583e-01	1.430182648851361926e-01	6.924917681536986447e-02	2.743545687628802521e-02	7.096070658661221553e-02
1.035282825722230655e+03	2.738446664719852430e-01	1.765594450289700024e-01	2.385275341710750285e-01	1.431885213564600690e-01	6.932048704263400751e-02	2.748089312771107018e-02	7.107845280088667672e-02
1.037701710829058356e+03	2.734397834576662856e-01	1.762868808143586152e-01	2.388012447884377554e-01	1.433583240892312982e-01	6.939161439368789208e-02	2.752624552837799193e-02	7.119590692796226583e-02
1.040120595935886058e+03	2.730360576961702312e-01	1.760150884326296405e-01	2.390740375069168033e-01	1.435276742867527544e-01	6.946255930233248554e-02	2.757151404577710962e-02	7.131306872914307260e-02
1.042539481042713533e+03	2.726334858761363944e-01	1.757440656204490859e-01	2.393459165162218072e-01	1.436965731500923771e-01	6.953332220214021586e-02	2.761669864922830162e-02	7.142993798545392570e-02
1.044958366149541234e+03	2.722320646960250667e-01	1.754738101219330271e-01	2.396168859701378051e-01	1.438650218780582746e-01	6.960390352643795742e-02	2.766179930986824645e-02	7.154651449726175116e-02
1.047377251256368709e+03	2.718317908640825453e-01	1.752043196886111931e-01	2.398869499870243116e-01	1.440330216671744379e-01	6.967430370829030828e-02	2.770681600063573669e-02	7.166279808390356443e-02
1.049796136363196410e+03	2.714326610983064936e-01	1.749355920793907171e-01	2.401561126503063970e-01	1.442005737116575925e-01	6.974452318048314503e-02	2.775174869625704130e-02	7.177878858332074896e-02
1.052215021470024112e+03	2.710346721264114689e-01	1.746676250605202485e-01	2.404243780089575788e-01	1.443676792033945500e-01	6.981456237550731636e-02	2.779659737323132360e-02	7.189448585169963546e-02
1.054633906576851814e+03	2.706378206857945612e-01	1.744004164055546202e-01	2.406917500779751640e-01	1.445343393319206970e-01	6.988442172554269749e-02	2.784136200981609383e-02	7.200988976311827050e-02
1.057052791683679516e+03	2.702421035235014202e-01	1.741339638953195990e-01	2.409582328388476524e-01	1.447005552843989573e-01	6.995410166244252215e-02	2.788604258601271729e-02	7.212500020919927757e-02
1.059471676790506763e+03	2.698475173961923934e-01	1.738682653178770798e-01	2.412238302400145362e-01	1.448663282455996681e-01	7.002360261771789496e-02	2.793063908355200575e-02	7.223981709876864388e-02
1.061890561897334692e+03	2.694540590701087202e-01	1.736033184684906416e-01	2.414885461973188818e-01	1.450316593978811797e-01	7.009292502252263690e-02	2.797515148587981573e-02	7.235434035752037751e-02
1.064309447004162394e+03	2.690617253210392801e-01	1.733391211495914630e-01	2.417523845944523908e-01	1.451965499211709809e-01	7.016206930763847771e-02	2.801957977814273706e-02	7.246856992768699324e-02
1.066728332110990095e+03	2.686705129342872866e-01	1.730756711707442941e-01	2.420153492833933551e-01	1.453610009929477420e-01	7.023103590346033154e-02	2.806392394717381611e-02	7.258250576771556328e-02
1.069147217217817570e+03	2.682804187046369249e-01	1.728129663486141221e-01	2.422774440848375344e-01	1.455250137882239114e-01	7.029982523998209998e-02	2.810818398147834837e-02	7.269614785194948581e-02
1.071566102324645271e+03	2.678914394363207663e-01	1.725510045069329479e-01	2.425386727886220117e-01	1.456885894795288683e-01	7.036843774678254448e-02	2.815235987121970929e-02	7.280949617031561016e-02
1.073984987431472746e+03	2.675035719429871284e-01	1.722897834764667013e-01	2.427990391541421933e-01	1.458517292368929075e-01	7.043687385301157511e-02	2.819645160820525784e-02	7.292255072801681615e-02
1.076403872538300675e+03	2.671168130476671565e-01	1.720293010949828227e-01	2.430585469107622854e-01	1.460144342278314744e-01	7.050513398737671966e-02	2.824045918587229920e-02	7.303531154522988067e-02
1.078822757645127922e+03	2.667311595827429604e-01	1.717695552072178722e-01	2.433171997582187496e-01	1.461767056173304824e-01	7.057321857812999533e-02	2.828438259927407161e-02	7.314777865680849311e-02
1.081241642751955851e+03	2.663466083899151404e-01	1.715105436648456383e-01	2.435750013670177905e-01	1.463385445678317964e-01	7.064112805305491904e-02	2.832822184506584781e-02	7.325995211199155810e-02
1.083660527858783553e+03	2.659631563201709237e-01	1.712522643264452471e-01	2.438319553788259597e-01	1.464999522392193554e-01	7.070886283945386486e-02	2.837197692149103986e-02	7.337183197411629998e-02
1.086079412965611255e+03	2.655808002337525786e-01	1.709947150574697983e-01	2.440880654068546818e-01	1.466609297888059882e-01	7.077642336413571267e-02	2.841564782836740813e-02	7.348341832033650212e-02
1.088498298072438729e+03	2.651995370001254404e-01	1.707378937302152233e-01	2.443433350362387568e-01	1.468214783713207017e-01	7.084381005340373294e-02	2.845923456707328755e-02	7.359471124134553399e-02
1.090917183179266431e+03	2.648193634979467137e-01	1.704817982237893659e-01	2.445977678244083964e-01	1.469815991388963017e-01	7.091102333304374894e-02	2.850273714053391111e-02	7.370571084110419391e-02
1.093336068286093905e+03	2.644402766150341644e-01	1.702264264240813396e-01	2.448513673014557357e-01	1.471412932410578189e-01	7.097806362831259042e-02	2.854615555320777140e-02	7.381641723657321463e-02
1.095754953392921607e+03	2.640622732483349777e-01	1.699717762237313856e-01	2.451041369704950457e-01	1.473005618247110737e-01	7.104493136392674157e-02	2.858948981107306206e-02	7.392683055745041809e-02
1.098173838499749309e+03	2.636853503038948388e-01	1.697178455221005078e-01	2.453560803080173658e-01	1.474594060341321289e-01	7.111162696405137762e-02	2.863273992161416079e-02	7.403695094591236647e-02
1.100592723606577010e+03	2.633095046968272901e-01	1.694646322252408577e-01	2.456072007642395583e-01	1.476178270109567703e-01	7.117815085228948457e-02	2.867590589380819219e-02	7.414677855636062076e-02
1.103011608713404712e+03	2.629347333512829787e-01	1.692121342458661193e-01	2.458575017634476167e-01	1.477758258941707370e-01	7.124450345167142318e-02	2.871898773811163916e-02	7.425631355517224585e-02
1.105430493820231959e+03	2.625610332004194025e-01	1.689603495033221436e-01	2.461069867043345627e-01	1.479334038201004509e-01	7.131068518464458994e-02	2.876198546644702717e-02	7.436555612045467334e-02
1.107849378927059888e+03	2.621884011863703789e-01	1.687092759235580830e-01	2.463556589603327629e-01	1.480905619224038017e-01	7.137669647306338350e-02	2.880489909218967443e-02	7.447450644180479695e-02
1.110268264033887590e+03	2.618168342602161802e-01	1.684589114390973030e-01	2.466035218799413342e-01	1.482473013320616817e-01	7.144253773817947628e-02	2.884772863015449759e-02	7.458316472007237019e-02
1.112687149140715292e+03	2.614463293819535572e-01	1.682092539890090721e-01	2.468505787870478307e-01	1.484036231773699366e-01	7.150820940063223885e-02	2.889047409658288337e-02	7.469153116712733131e-02
1.115106034247542766e+03	2.610768835204658744e-01	1.679603015188801118e-01	2.470968329812452124e-01	1.485595285839314272e-01	7.157371188043940013e-02	2.893313550912962953e-02	7.479960600563120843e-02
1.117524919354370468e+03	2.607084936534934672e-01	1.677120519807865362e-01	2.473422877381434848e-01	1.487150186746488689e-01	7.163904559698804075e-02	2.897571288684995874e-02	7.490738946881259075e-02
1.119943804461197942e+03	2.603411567676041094e-01	1.674645033332659572e-01	2.475869463096765366e-01	1.488700945697176703e-01	7.170421096902571123e-02	2.901820625018656716e-02	7.501488180024640240e-02
1.122362689568025871e+03	2.599748698581638706e-01	1.672176535412899789e-01	2.478308119244040375e-01	1.490247573866194664e-01	7.176920841465182777e-02	2.906061562095678744e-02	7.512208325363702033e-02
1.124781574674853118e+03	2.596096299293078613e-01	1.669715005762366367e-01	2.480738877878085336e-01	1.491790082401158180e-01	7.183403835130929005e-02	2.910294102233976915e-02	7.522899409260515313e-02
1.127200459781681047e+03	2.592454339939110342e-01	1.667260424158633625e-01	2.483161770825878245e-01	1.493328482422423276e-01	7.189870119577629337e-02	2.914518247886375979e-02	7.533561459047849462e-02
1.129619344888508749e+03	2.588822790735595403e-01	1.664812770442800349e-01	2.485576829689427059e-01	1.494862785023030050e-01	7.196319736415840440e-02	2.918734001639344475e-02	7.544194503008595787e-02
1.132038229995336451e+03	2.585201621985218079e-01	1.662372024519220559e-01	2.487984085848602422e-01	1.496393001268653822e-01	7.202752727188078963e-02	2.922941366211733588e-02	7.554798570355547582e-02
1.134457115102163925e+03	2.581590804077201207e-01	1.659938166355241218e-01	2.490383570463923224e-01	1.497919142197552400e-01	7.209169133368072135e-02	2.927140344453526069e-02	7.565373691211538243e-02
1.136876000208991627e+03	2.577990307487019739e-01	1.657511175980936058e-01	2.492775314479300230e-01	1.499441218820523336e-01	7.215568996360019471e-02	2.931330939344588618e-02	7.575919896589917990e-02
1.139294885315819101e+03	2.574400102776119303e-01	1.655091033488847174e-01	2.495159348624735318e-01	1.500959242120860349e-01	7.221952357497885000e-02	2.935513153993432600e-02	7.586437218375377545e-02
1.141713770422646803e+03	2.570820160591633652e-01	1.652677719033724957e-01	2.497535703418979069e-01	1.502473223054314744e-01	7.228319258044704765e-02	2.939686991635983432e-02	7.596925689305104867e-02
1.144132655529474505e+03	2.567250451666105993e-01	1.650271212832270518e-01	2.499904409172143960e-01	1.503983172549058778e-01	7.234669739191906812e-02	2.943852455634352397e-02	7.607385342950268026e-02
1.146551540636302207e+03	2.563690946817206995e-01	1.647871495162882283e-01	2.502265495988279520e-01	1.505489101505652627e-01	7.241003842058668649e-02	2.948009549475619911e-02	7.617816213697818639e-02
1.148970425743129908e+03	2.560141616947460563e-01	1.645478546365402028e-01	2.504618993767905311e-01	1.506991020797013303e-01	7.247321607691273315e-02	2.952158276770621911e-02	7.628218336732622840e-02
1.151389310849957155e+03	2.556602433043963507e-01	1.643092346840865081e-01	2.506964932210503094e-01	1.508488941268387729e-01	7.253623077062494595e-02	2.956298641252746648e-02	7.638591748019897543e-02
1.153808195956785084e+03	2.553073366178116310e-01	1.640712877051249408e-01	2.509303340816971262e-01	1.509982873737328313e-01	7.259908291070997499e-02	2.960430646776734606e-02	7.648936484287952031e-02
1.156227081063612786e+03	2.549554387505345576e-01	1.638340117519229977e-01	2.511634248892040677e-01	1.511472828993669359e-01	7.266177290540758171e-02	2.964554297317488832e-02	7.659252583011237625e-02
1.158645966170440488e+03	2.546045468264833134e-01	1.635974048827933125e-01	2.513957685546652221e-01	1.512958817799507916e-01	7.272430116220503227e-02	2.968669596968890462e-02	7.669540082393688785e-02
1.161064851277267962e+03	2.542546579779244031e-01	1.633614651620692859e-01	2.516273679700296584e-01	1.514440850889187673e-01	7.278666808783160191e-02	2.972776549942619806e-02	7.679799021352359811e-02
1.163483736384095664e+03	2.539057693454458975e-01	1.631261906600810496e-01	2.518582260083317426e-01	1.515918938969282870e-01	7.284887408825327371e-02	2.976875160566988185e-02	7.690029439501344655e-02
1.165902621490923138e+03	2.535578780779305652e-01	1.628915794531312078e-01	2.520883455239180115e-01	1.517393092718587189e-01	7.291091956866760371e-02	2.980965433285773236e-02	7.700231377135986766e-02
1.168321506597751068e+03	2.532109813325287839e-01	1.626576296234713837e-01	2.523177293526702725e-01	1.518863322788103765e-01	7.297280493349878050e-02	2.985047372657062895e-02	7.710404875217352627e-02
1.170740391704578315e+03	2.528650762746326719e-01	1.624243392592783497e-01	2.525463803122253159e-01	1.520329639801037136e-01	7.303453058639280959e-02	2.989120983352105271e-02	7.720549975356989780e-02
1.173159276811406244e+03	2.525201600778488320e-01	1.621917064546307130e-01	2.527743012021913538e-01	1.521792054352789358e-01	7.309609693021283661e-02	2.993186270154167203e-02	7.730666719801947140e-02
1.175578161918233945e+03	2.521762299239728167e-01	1.619597293094854895e-01	2.530014948043607381e-01	1.523250577010955287e-01	7.315750436703463699e-02	2.997243237957397666e-02	7.740755151420060376e-02
1.177997047025061647e+03	2.518332830029622049e-01	1.617284059296552057e-01	2.532279638829197932e-01	1.524705218315322575e-01	7.321875329814231392e-02	3.001291891765700201e-02	7.750815313685495422e-02
1.180415932131889122e+03	2.514913165129109562e-01	1.614977344267847226e-01	2.534537111846549839e-01	1.526155988777873618e-01	7.327984412402401004e-02	3.005332236691610551e-02	7.760847250664548724e-02
1.182834817238716823e+03	2.511503276600234869e-01	1.612677129183286151e-01	2.536787394391560868e-01	1.527602898882787497e-01	7.334077724436793844e-02	3.009364277955182965e-02	7.770851007001693123e-02
1.185253702345544298e+03	2.508103136585883575e-01	1.610383395275285234e-01	2.539030513590161964e-01	1.529045959086446360e-01	7.340155305805835806e-02	3.013388020882882060e-02	7.780826627905873538e-02
1.187672587452371999e+03	2.504712717309530157e-01	1.608096123833906710e-01	2.541266496400287345e-01	1.530485179817441532e-01	7.346217196317188225e-02	3.017403470906480922e-02	7.790774159137045518e-02
1.190091472559199701e+03	2.501331991074979277e-01	1.605815296206634657e-01	2.543495369613810730e-01	1.531920571476584059e-01	7.352263435697374561e-02	3.021410633561970663e-02	7.800693646992945540e-02
1.192510357666027403e+03	2.497960930266112378e-01	1.603540893798156008e-01	2.545717159858454370e-01	1.533352144436914699e-01	7.358294063591433454e-02	3.025409514488470661e-02	7.810585138296102792e-02
1.194929242772855105e+03	2.494599507346632883e-01	1.601272898070138229e-01	2.547931893599669206e-01	1.534779909043717250e-01	7.364309119562581496e-02	3.029400119427150956e-02	7.820448680381075768e-02
1.197348127879682352e+03	2.491247694859813067e-01	1.599011290541012542e-01	2.550139597142484504e-01	1.536203875614532977e-01	7.370308643091882939e-02	3.033382454220157759e-02	7.830284321081912302e-02
1.199767012986510281e+03	2.487905465428243423e-01	1.596756052785755775e-01	2.552340296633329730e-01	1.537624054439176713e-01	7.376292673577937442e-02	3.037356524809549374e-02	7.840092108719841357e-02
1.202185898093337983e+03	2.484572791753582310e-01	1.594507166435676360e-01	2.554534018061826450e-01	1.539040455779755456e-01	7.382261250336583092e-02	3.041322337236236628e-02	7.849872092091170206e-02
1.204604783200165684e+03	2.481249646616305871e-01	1.592264613178198951e-01	2.556720787262553585e-01	1.540453089870687242e-01	7.388214412600596637e-02	3.045279897638929895e-02	7.859624320455407820e-02
1.207023668306993159e+03	2.477936002875459898e-01	1.590028374756654039e-01	2.558900629916789904e-01	1.541861966918723625e-01	7.394152199519428426e-02	3.049229212253097218e-02	7.869348843523592263e-02
1.209442553413820860e+03	2.474631833468413644e-01	1.587798432970064233e-01	2.561073571554223216e-01	1.543267097102970498e-01	7.400074650158927625e-02	3.053170287409922440e-02	7.879045711446829026e-02
1.211861438520648335e+03	2.471337111410612797e-01	1.585574769672936091e-01	2.563239637554636796e-01	1.544668490574914177e-01	7.405981803501091032e-02	3.057103129535277547e-02	7.888714974805029201e-02
1.214280323627476264e+03	2.468051809795334672e-01	1.583357366775052788e-01	2.565398853149569169e-01	1.546066157458447221e-01	7.411873698443817438e-02	3.061027745148696064e-02	7.898356684595848887e-02
1.216699208734303511e+03	2.464775901793444524e-01	1.581146206241264840e-01	2.567551243423950580e-01	1.547460107849894240e-01	7.417750373800674479e-02	3.064944140862356156e-02	7.907970892223832593e-02
1.219118093841131440e+03	2.461509360653152678e-01	1.578941270091287208e-01	2.569696833317710039e-01	1.548850351818041871e-01	7.423611868300677985e-02	3.068852323380071370e-02	7.917557649489742611e-02
1.221536978947959142e+03	2.458252159699772510e-01	1.576742540399492243e-01	2.571835647627364052e-01	1.550236899404167923e-01	7.429458220588079642e-02	3.072752299496286227e-02	7.927117008580074342e-02
1.223955864054786844e+03	2.455004272335479798e-01	1.574549999294710401e-01	2.573967711007574821e-01	1.551619760622073574e-01	7.435289469222161607e-02	3.076644076095078756e-02	7.936649022056777025e-02
1.226374749161614318e+03	2.451765672039073196e-01	1.572363628960025961e-01	2.576093047972690120e-01	1.552998945458115843e-01	7.441105652677049154e-02	3.080527660149172051e-02	7.946153742847138213e-02
1.228793634268442020e+03	2.448536332365734702e-01	1.570183411632577741e-01	2.578211682898254309e-01	1.554374463871241452e-01	7.446906809341526101e-02	3.084403058718951027e-02	7.955631224233859766e-02
1.231212519375269494e+03	2.445316226946793459e-01	1.568009329603360091e-01	2.580323640022502141e-01	1.555746325793021245e-01	7.452692977518858564e-02	3.088270278951484385e-02	7.965081519845310098e-02
1.233631404482097196e+03	2.442105329489487331e-01	1.565841365217024717e-01	2.582428943447828140e-01	1.557114541127687657e-01	7.458464195426640908e-02	3.092129328079556636e-02	7.974504683645949887e-02
1.236050289588924898e+03	2.438903613776728929e-01	1.563679500871685280e-01	2.584527617142230449e-01	1.558479119752171627e-01	7.464220501196629221e-02	3.095980213420705326e-02	7.983900769926932650e-02
1.238469174695752372e+03	2.435711053666869130e-01	1.561523719018721723e-01	2.586619684940737462e-01	1.559840071516141735e-01	7.469961932874603916e-02	3.099822942376264517e-02	7.993269833296866300e-02
1.240888059802580301e+03	2.432527623093464209e-01	1.559374002162585704e-01	2.588705170546810042e-01	1.561197406242043617e-01	7.475688528420229573e-02	3.103657522430415192e-02	8.002611928672755115e-02
1.243306944909407548e+03	2.429353296065043799e-01	1.557230332860608801e-01	2.590784097533724295e-01	1.562551133725140762e-01	7.481400325706928645e-02	3.107483961149243995e-02	8.011927111271084645e-02
1.245725830016235477e+03	2.426188046664878306e-01	1.555092693722810171e-01	2.592856489345932158e-01	1.563901263733557256e-01	7.487097362521760724e-02	3.111302266179805445e-02	8.021215436599087034e-02
1.248144715123063179e+03	2.423031849050747977e-01	1.552961067411706697e-01	2.594922369300404208e-01	1.565247806008318865e-01	7.492779676565311520e-02	3.115112445249194895e-02	8.030476960446152057e-02
1.250563600229890881e+03	2.419884677454713084e-01	1.550835436642122867e-01	2.596981760587947496e-01	1.566590770263399379e-01	7.498447305451585998e-02	3.118914506163623576e-02	8.039711738875397751e-02
1.252982485336718355e+03	2.416746506182885779e-01	1.548715784181003419e-01	2.599034686274509509e-01	1.567930166185763641e-01	7.504100286707918177e-02	3.122708456807504751e-02	8.048919828215392314e-02
1.255401370443546057e+03	2.413617309615201101e-01	1.546602092847226828e-01	2.601081169302458806e-01	1.569266003435413892e-01	7.509738657774875370e-02	3.126494305142542979e-02	8.058101285052020335e-02
1.257820255550373531e+03	2.410497062205189944e-01	1.544494345511417954e-01	2.603121232491846238e-01	1.570598291645436684e-01	7.515362456006186020e-02	3.130272059206832408e-02	8.067256166220512781e-02
1.260239140657201460e+03	2.407385738479753956e-01	1.542392525095764577e-01	2.605154898541652830e-01	1.571927040422050337e-01	7.520971718668659212e-02	3.134041727113958536e-02	8.076384528797599105e-02
1.262658025764028707e+03	2.404283313038939329e-01	1.540296614573833933e-01	2.607182190031011038e-01	1.573252259344653792e-01	7.526566482942120828e-02	3.137803317052111768e-02	8.085486430093818955e-02
1.265076910870856636e+03	2.401189760555712815e-01	1.538206596970388695e-01	2.609203129420414324e-01	1.574573957965875459e-01	7.532146785919356657e-02	3.141556837283201314e-02	8.094561927645968491e-02
1.267495795977684338e+03	2.398105055775738292e-01	1.536122455361207118e-01	2.611217739052904552e-01	1.575892145811622902e-01	7.537712664606055490e-02	3.145302296141980203e-02	8.103611079209677159e-02
1.269914681084511813e+03	2.395029173517154719e-01	1.534044172872901790e-01	2.613226041155246038e-01	1.577206832381134460e-01	7.543264155920768876e-02	3.149039702035173055e-02	8.112633942752135729e-02
1.272333566191339514e+03	2.391962088670353537e-01	1.531971732682740062e-01	2.615228057839078524e-01	1.578518027147030600e-01	7.548801296694866714e-02	3.152769063440616359e-02	8.121630576444940908e-02
1.274752451298167216e+03	2.388903776197759676e-01	1.529905118018466126e-01	2.617223811102055153e-01	1.579825739555366926e-01	7.554324123672508107e-02	3.156490388906395272e-02	8.130601038657077340e-02
1.277171336404994690e+03	2.385854211133608960e-01	1.527844312158124496e-01	2.619213322828963242e-01	1.581129979025685528e-01	7.559832673510613610e-02	3.160203687049997767e-02	8.139545387948030064e-02
1.279590221511822392e+03	2.382813368583731328e-01	1.525789298429881813e-01	2.621196614792829505e-01	1.582430754951071050e-01	7.565326982778841636e-02	3.163908966557468783e-02	8.148463683061020479e-02
1.282009106618650094e+03	2.379781223725332961e-01	1.523740060211853098e-01	2.623173708656006409e-01	1.583728076698203424e-01	7.570807087959582904e-02	3.167606236182567842e-02	8.157355982916365822e-02
1.284427991725477568e+03	2.376757751806776731e-01	1.521696580931926612e-01	2.625144625971246315e-01	1.585021953607414213e-01	7.576273025447942400e-02	3.171295504745944016e-02	8.166222346604960769e-02
1.286846876832305497e+03	2.373742928147367925e-01	1.519658844067591774e-01	2.627109388182755079e-01	1.586312394992740460e-01	7.581724831551740762e-02	3.174976781134303955e-02	8.175062833381883942e-02
1.289265761939132744e+03	2.370736728137138316e-01	1.517626833145764575e-01	2.629068016627240101e-01	1.587599410141983247e-01	7.587162542491519834e-02	3.178650074299596562e-02	8.183877502660111269e-02
1.291684647045960673e+03	2.367739127236630492e-01	1.515600531742618828e-01	2.631020532534926737e-01	1.588883008316763212e-01	7.592586194400545441e-02	3.182315393258197678e-02	8.192666414004354247e-02
1.294103532152788375e+03	2.364750100976684977e-01	1.513579923483413525e-01	2.632966957030577482e-01	1.590163198752578555e-01	7.597995823324824038e-02	3.185972747090103779e-02	8.201429627125014776e-02
1.296522417259616077e+03	2.361769624958227065e-01	1.511564992042324640e-01	2.634907311134485619e-01	1.591439990658862769e-01	7.603391465223123535e-02	3.189622144938130538e-02	8.210167201872238529e-02
1.298941302366443551e+03	2.358797674852053383e-01	1.509555721142276374e-01	2.636841615763454993e-01	1.592713393219044038e-01	7.608773155966988555e-02	3.193263596007118316e-02	8.218879198230093219e-02
1.301360187473271253e+03	2.355834226398622055e-01	1.507552094554772959e-01	2.638769891731773676e-01	1.593983415590602970e-01	7.614140931340783458e-02	3.196897109563145295e-02	8.227565676310842624e-02
1.303779072580098727e+03	2.352879255407841486e-01	1.505554096099732120e-01	2.640692159752162649e-01	1.595250066905133379e-01	7.619494827041711771e-02	3.200522694932742690e-02	8.236226696349335796e-02
1.306197957686926657e+03	2.349932737758859969e-01	1.503561709645319933e-01	2.642608440436719497e-01	1.596513356268401684e-01	7.624834878679864758e-02	3.204140361502118284e-02	8.244862318697496195e-02
1.308616842793753904e+03	2.346994649399857802e-01	1.501574919107784567e-01	2.644518754297843222e-01	1.597773292760407415e-01	7.630161121778256117e-02	3.207750118716387600e-02	8.253472603818914899e-02
1.311035727900581833e+03	2.344064966347838563e-01	1.499593708451293639e-01	2.646423121749149621e-01	1.599029885435444553e-01	7.635473591772878876e-02	3.211351976078808540e-02	8.262057612283545127e-02
1.313454613007409534e+03	2.341143664688420944e-01	1.497618061687769619e-01	2.648321563106370014e-01	1.600283143322162871e-01	7.640772324012749805e-02	3.214945943150022967e-02	8.270617404762496683e-02
1.315873498114237009e+03	2.338230720575633359e-01	1.495647962876728021e-01	2.650214098588240530e-01	1.601533075423629271e-01	7.646057353759969089e-02	3.218532029547304524e-02	8.279152042022923375e-02
1.318292383221064711e+03	2.335326110231707997e-01	1.493683396125116691e-01	2.652100748317375856e-01	1.602779690717390237e-01	7.651328716189781387e-02	3.222110244943812707e-02	8.287661584923011748e-02
1.320711268327892412e+03	2.332429809946874044e-01	1.491724345587154554e-01	2.653981532321133541e-01	1.604022998155534563e-01	7.656586446390635514e-02	3.225680599067849014e-02	8.296146094407058635e-02
1.323130153434719887e+03	2.329541796079156180e-01	1.489770795464171182e-01	2.655856470532463876e-01	1.605263006664756631e-01	7.661830579364260763e-02	3.229243101702126972e-02	8.304605631500647234e-02
1.325549038541547588e+03	2.326662045054168071e-01	1.487822730004448868e-01	2.657725582790746999e-01	1.606499725146418867e-01	7.667061150025734906e-02	3.232797762683039394e-02	8.313040257305912006e-02
1.327967923648375290e+03	2.323790533364912259e-01	1.485880133503063305e-01	2.659588888842622234e-01	1.607733162476615296e-01	7.672278193203557750e-02	3.236344591899936035e-02	8.321450032996891011e-02
1.330386808755202765e+03	2.320927237571576152e-01	1.483942990301727605e-01	2.661446408342800773e-01	1.608963327506236496e-01	7.677481743639738565e-02	3.239883599294406807e-02	8.329835019814965658e-02
1.332805693862030694e+03	2.318072134301331355e-01	1.482011284788634919e-01	2.663298160854868923e-01	1.610190229061033429e-01	7.682671835989871023e-02	3.243414794859570544e-02	8.338195279064394838e-02
1.335224578968857941e+03	2.315225200248134108e-01	1.480085001398302180e-01	2.665144165852084135e-01	1.611413875941681006e-01	7.687848504823230344e-02	3.246938188639366535e-02	8.346530872107919830e-02
1.337643464075685870e+03	2.312386412172523775e-01	1.478164124611416053e-01	2.666984442718151604e-01	1.612634276923844423e-01	7.693011784622853788e-02	3.250453790727856479e-02	8.354841860362470507e-02
1.340062349182513572e+03	2.309555746901425233e-01	1.476248638954678616e-01	2.668819010747996989e-01	1.613851440758243549e-01	7.698161709785640572e-02	3.253961611268528509e-02	8.363128305294931231e-02
1.342481234289341273e+03	2.306733181327949300e-01	1.474338529000653597e-01	2.670647889148526910e-01	1.615065376170717881e-01	7.703298314622447629e-02	3.257461660453609548e-02	8.371390268418010816e-02
1.344900119396168748e+03	2.303918692411196789e-01	1.472433779367613715e-01	2.672471097039376686e-01	1.616276091862292597e-01	7.708421633358190916e-02	3.260953948523380441e-02	8.379627811286180505e-02
1.347319004502996449e+03	2.301112257176059772e-01	1.470534374719388582e-01	2.674288653453649744e-01	1.617483596509244614e-01	7.713531700131948110e-02	3.264438485765497333e-02	8.387840995491681328e-02
1.349737889609823924e+03	2.298313852713027017e-01	1.468640299765214818e-01	2.676100577338644260e-01	1.618687898763168098e-01	7.718628548997064076e-02	3.267915282514321368e-02	8.396029882660627219e-02
1.352156774716651853e+03	2.295523456177986921e-01	1.466751539259584236e-01	2.677906887556575910e-01	1.619889007251040514e-01	7.723712213921261893e-02	3.271384349150251170e-02	8.404194534449170584e-02
1.354575659823479100e+03	2.292741044792034610e-01	1.464868078002093954e-01	2.679707602885281204e-01	1.621086930575290352e-01	7.728782728786755263e-02	3.274845696099060177e-02	8.412335012539740031e-02
1.356994544930307029e+03	2.289966595841276265e-01	1.462989900837299018e-01	2.681502742018921914e-01	1.622281677313862913e-01	7.733840127390360919e-02	3.278299333831240919e-02	8.420451378637357209e-02
1.359413430037134731e+03	2.287200086676636768e-01	1.461116992654562519e-01	2.683292323568670645e-01	1.623473256020286082e-01	7.738884443443622141e-02	3.281745272861354840e-02	8.428543694466029967e-02
1.361832315143962205e+03	2.284441494713665977e-01	1.459249338387908768e-01	2.685076366063391395e-01	1.624661675223738888e-01	7.743915710572923938e-02	3.285183523747386286e-02	8.436612021765202418e-02
1.364251200250789907e+03	2.281690797432348872e-01	1.457386923015877023e-01	2.686854887950312909e-01	1.625846943429118396e-01	7.748933962319615176e-02	3.288614097090104132e-02	8.444656422286281328e-02
1.366670085357617609e+03	2.278947972376911546e-01	1.455529731561374385e-01	2.688627907595685929e-01	1.627029069117105764e-01	7.753939232140141802e-02	3.292037003532425482e-02	8.452676957789229117e-02
1.369088970464445310e+03	2.276212997155633022e-01	1.453677749091530635e-01	2.690395443285440447e-01	1.628208060744235353e-01	7.758931553406166193e-02	3.295452253758786310e-02	8.460673690039227646e-02
1.371507855571272785e+03	2.273485849440654294e-01	1.451830960717554464e-01	2.692157513225825749e-01	1.629383926742961064e-01	7.763910959404704548e-02	3.298859858494517655e-02	8.468646680803403048e-02
1.373926740678100487e+03	2.270766506967788478e-01	1.449989351594587472e-01	2.693914135544049349e-01	1.630556675521723786e-01	7.768877483338253176e-02	3.302259828505228062e-02	8.476595991847613032e-02
1.376345625784927961e+03	2.268054947536333465e-01	1.448152906921562899e-01	2.695665328288899820e-01	1.631726315465020782e-01	7.773831158324925883e-02	3.305652174596187404e-02	8.484521684933306329e-02
1.378764510891755890e+03	2.265351149008882625e-01	1.446321611941061291e-01	2.697411109431369636e-01	1.632892854933471471e-01	7.778772017398598304e-02	3.309036907611719036e-02	8.492423821814426566e-02
1.381183395998583137e+03	2.262655089311139678e-01	1.444495451939169783e-01	2.699151496865260236e-01	1.634056302263886262e-01	7.783700093509034190e-02	3.312414038434597502e-02	8.500302464234406330e-02
1.383602281105411066e+03	2.259966746431729956e-01	1.442674412245338877e-01	2.700886508407788766e-01	1.635216665769335109e-01	7.788615419522032512e-02	3.315783577985448316e-02	8.508157673923190389e-02
1.386021166212238768e+03	2.257286098422015830e-01	1.440858478232243944e-01	2.702616161800178163e-01	1.636373953739214682e-01	7.793518028219577343e-02	3.319145537222155384e-02	8.515989512594339395e-02
1.388440051319066470e+03	2.254613123395910468e-01	1.439047635315643670e-01	2.704340474708246123e-01	1.637528174439317474e-01	7.798407952299971080e-02	3.322499927139273973e-02	8.523798041942180770e-02
1.390858936425893944e+03	2.251947799529693539e-01	1.437241868954240442e-01	2.706059464722982422e-01	1.638679336111898699e-01	7.803285224377989882e-02	3.325846758767445760e-02	8.531583323639019278e-02
1.393277821532721646e+03	2.249290105061828859e-01	1.435441164649542134e-01	2.707773149361118459e-01	1.639827446975745673e-01	7.808149876985030768e-02	3.329186043172818743e-02	8.539345419332405873e-02
1.395696706639549120e+03	2.246640018292778151e-01	1.433645507945724151e-01	2.709481546065692914e-01	1.640972515226245543e-01	7.813001942569260116e-02	3.332517791456478251e-02	8.547084390642460672e-02
1.398115591746377049e+03	2.243997517584820633e-01	1.431854884429490937e-01	2.711184672206606305e-01	1.642114549035453286e-01	7.817841453495767701e-02	3.335842014753874485e-02	8.554800299159247279e-02
1.400534476853204296e+03	2.241362581361869832e-01	1.430069279729940246e-01	2.712882545081169994e-01	1.643253556552161654e-01	7.822668442046720738e-02	3.339158724234260467e-02	8.562493206440204008e-02
1.402953361960032225e+03	2.238735188109292618e-01	1.428288679518424920e-01	2.714575181914647417e-01	1.644389545901967231e-01	7.827482940421520707e-02	3.342467931100132766e-02	8.570163174007629225e-02
1.405372247066859927e+03	2.236115316373727679e-01	1.426513069508419385e-01	2.716262599860788662e-01	1.645522525187340657e-01	7.832284980736957392e-02	3.345769646586677776e-02	8.577810263346208330e-02
1.407791132173687402e+03	2.233502944762906783e-01	1.424742435455382261e-01	2.717944816002358932e-01	1.646652502487694070e-01	7.837074595027371249e-02	3.349063881961221456e-02	8.585434535900600406e-02
1.410210017280515103e+03	2.230898051945473248e-01	1.422976763156623969e-01	2.719621847351657573e-01	1.647779485859449111e-01	7.841851815244813007e-02	3.352350648522686022e-02	8.593036053073073444e-02
1.412628902387342805e+03	2.228300616650804589e-01	1.421216038451171004e-01	2.721293710851034886e-01	1.648903483336107145e-01	7.846616673259199093e-02	3.355629957601050789e-02	8.600614876221186755e-02
1.415047787494170507e+03	2.225710617668834046e-01	1.419460247219633819e-01	2.722960423373396166e-01	1.650024502928315318e-01	7.851369200858485109e-02	3.358901820556813717e-02	8.608171066655516401e-02
1.417466672600997981e+03	2.223128033849871565e-01	1.417709375384073045e-01	2.724622001722706854e-01	1.651142552623936777e-01	7.856109429748821260e-02	3.362166248780464745e-02	8.615704685637440297e-02
1.419885557707825683e+03	2.220552844104428381e-01	1.415963408907867649e-01	2.726278462634484367e-01	1.652257640388117288e-01	7.860837391554724440e-02	3.365423253691955663e-02	8.623215794376953847e-02
1.422304442814653157e+03	2.217985027403039100e-01	1.414222333795583653e-01	2.727929822776287150e-01	1.653369774163354622e-01	7.865553117819240603e-02	3.368672846740183857e-02	8.630704454030545258e-02
1.424723327921481086e+03	2.215424562776086292e-01	1.412486136092842570e-01	2.729576098748197066e-01	1.654478961869566833e-01	7.870256640004112680e-02	3.371915039402472586e-02	8.638170725699108321e-02
1.427142213028308333e+03	2.212871429313625626e-01	1.410754801886190402e-01	2.731217307083295687e-01	1.655585211404159429e-01	7.874947989489954059e-02	3.375149843184058196e-02	8.645614670425896819e-02
1.429561098135136262e+03	2.210325606165210455e-01	1.409028317302969124e-01	2.732853464248134467e-01	1.656688530642095036e-01	7.879627197576413722e-02	3.378377269617583584e-02	8.653036349194527521e-02
1.431979983241963964e+03	2.207787072539717788e-01	1.407306668511186243e-01	2.734484586643199933e-01	1.657788927435960014e-01	7.884294295482353887e-02	3.381597330262595819e-02	8.660435822927026184e-02
1.434398868348791666e+03	2.205255807705175097e-01	1.405589841719386002e-01	2.736110690603369977e-01	1.658886409616033564e-01	7.888949314346016539e-02	3.384810036705045155e-02	8.667813152481908257e-02
1.436817753455619140e+03	2.202731790988586846e-01	1.403877823176521156e-01	2.737731792398368502e-01	1.659980984990355179e-01	7.893592285225196903e-02	3.388015400556793066e-02	8.675168398652306767e-02
1.439236638562446842e+03	2.200215001775762402e-01	1.402170599171825294e-01	2.739347908233212281e-01	1.661072661344792645e-01	7.898223239097423853e-02	3.391213433455119580e-02	8.682501622164140453e-02
1.441655523669274316e+03	2.197705419511144231e-01	1.400468156034685718e-01	2.740959054248653937e-01	1.662161446443109480e-01	7.902842206860129226e-02	3.394404147062240334e-02	8.689812883674313815e-02
1.444074408776102018e+03	2.195203023697637201e-01	1.398770480134515770e-01	2.742565246521613820e-01	1.663247348027033223e-01	7.907449219330826840e-02	3.397587553064822935e-02	8.697102243768969898e-02
1.446493293882929493e+03	2.192707793896436219e-01	1.397077557880630205e-01	2.744166501065616881e-01	1.664330373816322872e-01	7.912044307247285968e-02	3.400763663173512336e-02	8.704369762961766677e-02
1.448912178989757422e+03	2.190219709726857478e-01	1.395389375722117797e-01	2.745762833831214000e-01	1.665410531508836611e-01	7.916627501267715916e-02	3.403932489122454830e-02	8.711615501692202002e-02
1.451331064096585123e+03	2.187738750866169146e-01	1.393705920147717825e-01	2.747354260706403872e-01	1.666487828780599534e-01	7.921198831970939491e-02	3.407094042668832451e-02	8.718839520323962144e-02
1.453749949203412370e+03	2.185264897049421506e-01	1.392027177685694062e-01	2.748940797517048229e-01	1.667562273285869701e-01	7.925758329856572026e-02	3.410248335592398067e-02	8.726041879143327240e-02
1.456168834310240300e+03	2.182798128069279031e-01	1.390353134903711818e-01	2.750522460027284288e-01	1.668633872657207529e-01	7.930306025345203180e-02	3.413395379695013943e-02	8.733222638357593381e-02
1.458587719417068001e+03	2.180338423775852741e-01	1.388683778408713598e-01	2.752099263939924989e-01	1.669702634505541294e-01	7.934841948778578735e-02	3.416535186800197937e-02	8.740381858093536349e-02
1.461006604523895703e+03	2.177885764076532005e-01	1.387019094846795864e-01	2.753671224896865333e-01	1.670768566420234857e-01	7.939366130419783785e-02	3.419667768752667619e-02	8.747519598395911422e-02
1.463425489630723177e+03	2.175440128935818840e-01	1.385359070903087186e-01	2.755238358479474292e-01	1.671831675969154551e-01	7.943878600453416206e-02	3.422793137417895482e-02	8.754635919225986496e-02
1.465844374737550879e+03	2.173001498375161100e-01	1.383703693301625293e-01	2.756800680208987830e-01	1.672891970698736075e-01	7.948379388985779559e-02	3.425911304681667630e-02	8.761730880460104343e-02
1.468263259844378354e+03	2.170569852472786221e-01	1.382052948805235215e-01	2.758358205546894704e-01	1.673949458134051382e-01	7.952868526045059339e-02	3.429022282449636916e-02	8.768804541888280957e-02
1.470682144951206283e+03	2.168145171363538293e-01	1.380406824215409667e-01	2.759910949895317822e-01	1.675004145778874742e-01	7.957346041581510321e-02	3.432126082646894810e-02	8.775856963212841366e-02
1.473101030058033530e+03	2.165727435238711251e-01	1.378765306372187471e-01	2.761458928597391727e-01	1.676056041115750184e-01	7.961811965467638363e-02	3.435222717217534943e-02	8.782888204047070713e-02
1.475519915164861459e+03	2.163316624345885397e-01	1.377128382154032271e-01	2.763002156937637843e-01	1.677105151606056721e-01	7.966266327498390531e-02	3.438312198124225672e-02	8.789898323913915290e-02
1.477938800271689161e+03	2.160912718988765024e-01	1.375496038477714844e-01	2.764540650142328637e-01	1.678151484690075801e-01	7.970709157391332733e-02	3.441394537347788884e-02	8.796887382244700238e-02
1.480357685378516862e+03	2.158515699527013276e-01	1.373868262298192089e-01	2.766074423379854541e-01	1.679195047787056527e-01	7.975140484786838457e-02	3.444469746886777428e-02	8.803855438377881926e-02
1.482776570485344337e+03	2.156125546376092272e-01	1.372245040608489897e-01	2.767603491761085333e-01	1.680235848295281720e-01	7.979560339248280287e-02	3.447537838757060158e-02	8.810802551557833651e-02
