1.001418434226643626e+03	2.796507937737723326e-01	1.804987134306735297e-01	2.345348438498363886e-01	1.411525538729301865e-01	6.792188574227968345e-02	2.682197991615832208e-02	6.941922941407208114e-02
1.002869765290740247e+03	2.793978339389650012e-01	1.803285335246964105e-01	2.347063286205769150e-01	1.412629981353093200e-01	6.796287657676755578e-02	2.684945873136624500e-02	6.949197047204110078e-02
1.004321096354836754e+03	2.791453082353390625e-01	1.801586428525544514e-01	2.348774664282800573e-01	1.413732838569882189e-01	6.800378904936237034e-02	2.687690198789659951e-02	6.956460758930183008e-02
1.005772427418933376e+03	2.788932159121315646e-01	1.799890409045400985e-01	2.350482583527362945e-01	1.414834111162203978e-01	6.804462336978293890e-02	2.690430967559226047e-02	6.963714066871903863e-02
1.007223758483029997e+03	2.786415562199569540e-01	1.798197271719969292e-01	2.352187054670414890e-01	1.415933799926147318e-01	6.808537974685327510e-02	2.693168178480819658e-02	6.970956961645105587e-02
1.008675089547126618e+03	2.783903284108034115e-01	1.796507011473160165e-01	2.353888088376582532e-01	1.417031905671196357e-01	6.812605838850797901e-02	2.695901830640711622e-02	6.978189434191021945e-02
1.010126420611223239e+03	2.781395317380296883e-01	1.794819623239323481e-01	2.355585695244766797e-01	1.418128429220074926e-01	6.816665950179746913e-02	2.698631923175516881e-02	6.985411475772379530e-02
1.011577751675319632e+03	2.778891654563618863e-01	1.793135101963211908e-01	2.357279885808743480e-01	1.419223371408591949e-01	6.820718329289322812e-02	2.701358455271765657e-02	6.992623077969518930e-02
1.013029082739416367e+03	2.776392288218900162e-01	1.791453442599945656e-01	2.358970670537758607e-01	1.420316733085488226e-01	6.824762996709295149e-02	2.704081426165478794e-02	6.999824232676572777e-02
1.014480413803512761e+03	2.773897210920648893e-01	1.789774640114977500e-01	2.360658059837116296e-01	1.421408515112284887e-01	6.828799972882582114e-02	2.706800835141747255e-02	7.007014932097672955e-02
1.015931744867609382e+03	2.771406415256947864e-01	1.788098689484056980e-01	2.362342064048762458e-01	1.422498718363133519e-01	6.832829278165748754e-02	2.709516681534311286e-02	7.014195168743210529e-02
1.017383075931706003e+03	2.768919893829422940e-01	1.786425585693197093e-01	2.364022693451860446e-01	1.423587343724667942e-01	6.836850932829527383e-02	2.712228964725146158e-02	7.021364935426124831e-02
1.018834406995802851e+03	2.766437639253209735e-01	1.784755323738638211e-01	2.365699958263362823e-01	1.424674392095856557e-01	6.840864957059317186e-02	2.714937684144049651e-02	7.028524225258239722e-02
1.020285738059899245e+03	2.763959644156923634e-01	1.783087898626814494e-01	2.367373868638575352e-01	1.425759864387857734e-01	6.844871370955692147e-02	2.717642839268232663e-02	7.035673031646641484e-02
1.021737069123995752e+03	2.761485901182625935e-01	1.781423305374319754e-01	2.369044434671717381e-01	1.426843761523875487e-01	6.848870194534895095e-02	2.720344429621911891e-02	7.042811348290088647e-02
1.023188400188092373e+03	2.759016402985792760e-01	1.779761539007873317e-01	2.370711666396474737e-01	1.427926084439016807e-01	6.852861447729333144e-02	2.723042454775906687e-02	7.049939169175466203e-02
1.024639731252188767e+03	2.756551142235283414e-01	1.778102594564286709e-01	2.372375573786548175e-01	1.429006834080150390e-01	6.856845150388074517e-02	2.725736914347239026e-02	7.057056488574278696e-02
1.026091062316285615e+03	2.754090111613310410e-01	1.776446467090430081e-01	2.374036166756194610e-01	1.430086011405767854e-01	6.860821322277338430e-02	2.728427807998735563e-02	7.064163301039180776e-02
1.027542393380382237e+03	2.751633303815405052e-01	1.774793151643198619e-01	2.375693455160766132e-01	1.431163617385844411e-01	6.864789983080971103e-02	2.731115135438632116e-02	7.071259601400541051e-02
1.028993724444478858e+03	2.749180711550390233e-01	1.773142643289480347e-01	2.377347448797238749e-01	1.432239653001702862e-01	6.868751152400939808e-02	2.733798896420183006e-02	7.078345384763048975e-02
1.030445055508575479e+03	2.746732327540344354e-01	1.771494937106123380e-01	2.378998157404740577e-01	1.433314119245876761e-01	6.872704849757808876e-02	2.736479090741272130e-02	7.085420646502356423e-02
1.031896386572671872e+03	2.744288144520576900e-01	1.769850028179902335e-01	2.380645590665072253e-01	1.434387017121978303e-01	6.876651094591208768e-02	2.739155718244024734e-02	7.092485382261760896e-02
1.033347717636768493e+03	2.741848155239591800e-01	1.768207911607487526e-01	2.382289758203220975e-01	1.435458347644563981e-01	6.880589906260316246e-02	2.741828778814427506e-02	7.099539587948909547e-02
1.034799048700865114e+03	2.739412352459059119e-01	1.766568582495411099e-01	2.383930669587872309e-01	1.436528111839003585e-01	6.884521304044326218e-02	2.744498272381945200e-02	7.106583259732560109e-02
1.036250379764961508e+03	2.736980728953786191e-01	1.764932035960037060e-01	2.385568334331913953e-01	1.437596310741350303e-01	6.888445307142913865e-02	2.747164198919145248e-02	7.113616394039359858e-02
1.037701710829058356e+03	2.734553277511684310e-01	1.763298267127527963e-01	2.387202761892936453e-01	1.438662945398212212e-01	6.892361934676694002e-02	2.749826558441320970e-02	7.120638987550668986e-02
1.039153041893154750e+03	2.732129990933740427e-01	1.761667271133814106e-01	2.388833961673727524e-01	1.439728016866624050e-01	6.896271205687691530e-02	2.752485351006120698e-02	7.127651037199417283e-02
1.040604372957251599e+03	2.729710862033986607e-01	1.760039043124562441e-01	2.390461943022762215e-01	1.440791526213921758e-01	6.900173139139791079e-02	2.755140576713177580e-02	7.134652540166994128e-02
1.042055704021347992e+03	2.727295883639469509e-01	1.758413578255145493e-01	2.392086715234686967e-01	1.441853474517616196e-01	6.904067753919196360e-02	2.757792235703743905e-02	7.141643493880167615e-02
1.043507035085444613e+03	2.724885048590222070e-01	1.756790871690609712e-01	2.393708287550800895e-01	1.442913862865271846e-01	6.907955068834874257e-02	2.760440328160326112e-02	7.148623896008046708e-02
1.044958366149541234e+03	2.722478349739230752e-01	1.755170918605646058e-01	2.395326669159529853e-01	1.443972692354381915e-01	6.911835102619012794e-02	2.763084854306323973e-02	7.155593744459069760e-02
1.046409697213637855e+03	2.720075779952409456e-01	1.753553714184558632e-01	2.396941869196896613e-01	1.445029964092248986e-01	6.915707873927456895e-02	2.765725814405672195e-02	7.162553037378026344e-02
1.047861028277734476e+03	2.717677332108568433e-01	1.751939253621234149e-01	2.398553896746986880e-01	1.446085679195864004e-01	6.919573401340158025e-02	2.768363208762483416e-02	7.169501773143119316e-02
1.049312359341831097e+03	2.715282999099384309e-01	1.750327532119113072e-01	2.400162760842409759e-01	1.447139838791787481e-01	6.923431703361608569e-02	2.770997037720696748e-02	7.176439950363043552e-02
1.050763690405927491e+03	2.712892773829372883e-01	1.748718544891158522e-01	2.401768470464753502e-01	1.448192444016033475e-01	6.927282798421281751e-02	2.773627301663724246e-02	7.183367567874113235e-02
1.052215021470024112e+03	2.710506649215856934e-01	1.747112287159826305e-01	2.403371034545038754e-01	1.449243496013950805e-01	6.931126704874060462e-02	2.776254001014104994e-02	7.190284624737411368e-02
1.053666352534120733e+03	2.708124618188940680e-01	1.745508754157037434e-01	2.404970461964163198e-01	1.450292995940109797e-01	6.934963441000673023e-02	2.778877136233158865e-02	7.197191120235968409e-02
1.055117683598217127e+03	2.705746673691478699e-01	1.743907941124146765e-01	2.406566761553344813e-01	1.451340944958186829e-01	6.938793025008117843e-02	2.781496707820643038e-02	7.204087053871981172e-02
1.056569014662313975e+03	2.703372808679047612e-01	1.742309843311914686e-01	2.408159942094560690e-01	1.452387344240853306e-01	6.942615475030088079e-02	2.784112716314411998e-02	7.210972425364053917e-02
1.058020345726410369e+03	2.701003016119917777e-01	1.740714455980478248e-01	2.409750012320979462e-01	1.453432194969662139e-01	6.946430809127394912e-02	2.786725162290078564e-02	7.217847234644471366e-02
1.059471676790506763e+03	2.698637288995024419e-01	1.739121774399321196e-01	2.411336980917391237e-01	1.454475498334937833e-01	6.950239045288386652e-02	2.789334046360679095e-02	7.224711481856502249e-02
1.060923007854603611e+03	2.696275620297940434e-01	1.737531793847247874e-01	2.412920856520632540e-01	1.455517255535666854e-01	6.954040201429363688e-02	2.791939369176340419e-02	7.231565167351736156e-02
1.062374338918700232e+03	2.693918003034845854e-01	1.735944509612351860e-01	2.414501647720005417e-01	1.456557467779389659e-01	6.957834295394994817e-02	2.794541131423949193e-02	7.238408291687445373e-02
1.063825669982796853e+03	2.691564430224502869e-01	1.734359916991989603e-01	2.416079363057695162e-01	1.457596136282092447e-01	6.961621344958725255e-02	2.797139333826823351e-02	7.245240855623967524e-02
1.065277001046893474e+03	2.689214894898224184e-01	1.732778011292752107e-01	2.417654011029181926e-01	1.458633262268101971e-01	6.965401367823188805e-02	2.799733977144386668e-02	7.252062860122139576e-02
1.066728332110990095e+03	2.686869390099847488e-01	1.731198787830436903e-01	2.419225600083649286e-01	1.459668846969979783e-01	6.969174381620606151e-02	2.802325062171845058e-02	7.258874306340735993e-02
1.068179663175086489e+03	2.684527908885707692e-01	1.729622241930019177e-01	2.420794138624386971e-01	1.460702891628417877e-01	6.972940403913192864e-02	2.804912589739866347e-02	7.265675195633947148e-02
1.069630994239183110e+03	2.682190444324606959e-01	1.728048368925626244e-01	2.422359635009191381e-01	1.461735397492137101e-01	6.976699452193561857e-02	2.807496560714260042e-02	7.272465529548886864e-02
1.071082325303279504e+03	2.679856989497790276e-01	1.726477164160508948e-01	2.423922097550761379e-01	1.462766365817782799e-01	6.980451543885110577e-02	2.810076975995663695e-02	7.279245309823119403e-02
1.072533656367376352e+03	2.677527537498915478e-01	1.724908622987014195e-01	2.425481534517089366e-01	1.463795797869825721e-01	6.984196696342431787e-02	2.812653836519226486e-02	7.286014538382219741e-02
1.073984987431472746e+03	2.675202081434027157e-01	1.723342740766558856e-01	2.427037954131850139e-01	1.464823694920461550e-01	6.987934926851688267e-02	2.815227143254299055e-02	7.292773217337358838e-02
1.075436318495569594e+03	2.672880614421529466e-01	1.721779512869601736e-01	2.428591364574783917e-01	1.465850058249511811e-01	6.991666252631015266e-02	2.817796897204123685e-02	7.299521348982916658e-02
1.076887649559666215e+03	2.670563129592157803e-01	1.720218934675618316e-01	2.430141773982076869e-01	1.466874889144325345e-01	6.995390690830899372e-02	2.820363099405527943e-02	7.306258935794114617e-02
1.078338980623762609e+03	2.668249620088952723e-01	1.718661001573072167e-01	2.431689190446737203e-01	1.467898188899682266e-01	6.999108258534571247e-02	2.822925750928619026e-02	7.312985980424686894e-02
1.079790311687859230e+03	2.665940079067233293e-01	1.717105708959390797e-01	2.433233622018968201e-01	1.468919958817697935e-01	7.002818972758377558e-02	2.825484852876481920e-02	7.319702485704564221e-02
1.081241642751955851e+03	2.663634499694569335e-01	1.715553052240937626e-01	2.434775076706535146e-01	1.469940200207727199e-01	7.006522850452166773e-02	2.828040406384878594e-02	7.326408454637593770e-02
1.082692973816052472e+03	2.661332875150754784e-01	1.714003026832986720e-01	2.436313562475132810e-01	1.470958914386270300e-01	7.010219908499663866e-02	2.830592412621951368e-02	7.333103890399275682e-02
1.084144304880149093e+03	2.659035198627781038e-01	1.712455628159696430e-01	2.437849087248745439e-01	1.471976102676881004e-01	7.013910163718847790e-02	2.833140872787925230e-02	7.339788796334528742e-02
1.085595635944245487e+03	2.656741463329811981e-01	1.710910851654084408e-01	2.439381658910003969e-01	1.472991766410072789e-01	7.017593632862315078e-02	2.835685788114815711e-02	7.346463175955483815e-02
1.087046967008342108e+03	2.654451662473155671e-01	1.709368692758000685e-01	2.440911285300541300e-01	1.474005906923228915e-01	7.021270332617660093e-02	2.838227159866137453e-02	7.353127032939289764e-02
1.088498298072438729e+03	2.652165789286238251e-01	1.707829146922103247e-01	2.442437974221342289e-01	1.475018525560511107e-01	7.024940279607831684e-02	2.840764989336613464e-02	7.359780371125959619e-02
1.089949629136535123e+03	2.649883837009579524e-01	1.706292209605832222e-01	2.443961733433090977e-01	1.476029623672770186e-01	7.028603490391506503e-02	2.843299277851888893e-02	7.366423194516229234e-02
1.091400960200631971e+03	2.647605798895763529e-01	1.704757876277384898e-01	2.445482570656514476e-01	1.477039202617458635e-01	7.032259981463444276e-02	2.845830026768246881e-02	7.373055507269442310e-02
1.092852291264728365e+03	2.645331668209415787e-01	1.703226142413690747e-01	2.447000493572722701e-01	1.478047263758541230e-01	7.035909769254851398e-02	2.848357237472324763e-02	7.379677313701460406e-02
1.094303622328825213e+03	2.643061438227177207e-01	1.701697003500386163e-01	2.448515509823545322e-01	1.479053808466409548e-01	7.039552870133737594e-02	2.850880911380833382e-02	7.386288618282593754e-02
1.095754953392921607e+03	2.640795102237674108e-01	1.700170455031789762e-01	2.450027627011864828e-01	1.480058838117796205e-01	7.043189300405268416e-02	2.853401049940278503e-02	7.392889425635557066e-02
1.097206284457018228e+03	2.638532653541497131e-01	1.698646492510878236e-01	2.451536852701946823e-01	1.481062354095688816e-01	7.046819076312119123e-02	2.855917654626684288e-02	7.399479740533444760e-02
1.098657615521114849e+03	2.636274085451173477e-01	1.697125111449261092e-01	2.453043194419767536e-01	1.482064357789246167e-01	7.050442214034825794e-02	2.858430726945318523e-02	7.406059567897731177e-02
1.100108946585211470e+03	2.634019391291142487e-01	1.695606307367157339e-01	2.454546659653335516e-01	1.483064850593715511e-01	7.054058729692133656e-02	2.860940268430420264e-02	7.412628912796297154e-02
1.101560277649308091e+03	2.631768564397729548e-01	1.694090075793370231e-01	2.456047255853013866e-01	1.484063833910349017e-01	7.057668639341342642e-02	2.863446280644929565e-02	7.419187780441464930e-02
1.103011608713404712e+03	2.629521598119120007e-01	1.692576412265264230e-01	2.457544990431835830e-01	1.485061309146323283e-01	7.061271958978647401e-02	2.865948765180218252e-02	7.425736176188071913e-02
1.104462939777501106e+03	2.627278485815334186e-01	1.691065312328740022e-01	2.459039870765819258e-01	1.486057277714657454e-01	7.064868704539484234e-02	2.868447723655824164e-02	7.432274105531549990e-02
1.105914270841597499e+03	2.625039220858204625e-01	1.689556771538211766e-01	2.460531904194277475e-01	1.487051741034133845e-01	7.068458891898861396e-02	2.870943157719187122e-02	7.438801574106040926e-02
1.107365601905694348e+03	2.622803796631347217e-01	1.688050785456582659e-01	2.462021098020126808e-01	1.488044700529218556e-01	7.072042536871707419e-02	2.873435069045384913e-02	7.445318587682517308e-02
1.108816932969790741e+03	2.620572206530139558e-01	1.686547349655221906e-01	2.463507459510191622e-01	1.489036157629982926e-01	7.075619655213194470e-02	2.875923459336873420e-02	7.451825152166939581e-02
1.110268264033887590e+03	2.618344443961693191e-01	1.685046459713941402e-01	2.464990995895504355e-01	1.490026113772025818e-01	7.079190262619076968e-02	2.878408330323228848e-02	7.458321273598417234e-02
1.111719595097984211e+03	2.616120502344829735e-01	1.683548111220971588e-01	2.466471714371605839e-01	1.491014570396397565e-01	7.082754374726019098e-02	2.880889683760889594e-02	7.464806958147407467e-02
1.113170926162080832e+03	2.613900375110059238e-01	1.682052299772939519e-01	2.467949622098840334e-01	1.492001528949522537e-01	7.086312007111923716e-02	2.883367521432902286e-02	7.471282212113922183e-02
1.114622257226177226e+03	2.611684055699551310e-01	1.680559020974845275e-01	2.469424726202647524e-01	1.492986990883125031e-01	7.089863175296254316e-02	2.885841845148669205e-02	7.477747041925757177e-02
1.116073588290273847e+03	2.609471537567110699e-01	1.679068270440038924e-01	2.470897033773852836e-01	1.493970957654153775e-01	7.093407894740368091e-02	2.888312656743696749e-02	7.484201454136743537e-02
1.117524919354370468e+03	2.607262814178157306e-01	1.677580043790198039e-01	2.472366551868954987e-01	1.494953430724708654e-01	7.096946180847824026e-02	2.890779958079345985e-02	7.490645455425017085e-02
1.118976250418467089e+03	2.605057879009696209e-01	1.676094336655305495e-01	2.473833287510407986e-01	1.495934411561967714e-01	7.100478048964714572e-02	2.893243751042585618e-02	7.497079052591303083e-02
1.120427581482563710e+03	2.602856725550298789e-01	1.674611144673625596e-01	2.475297247686903679e-01	1.496913901638114719e-01	7.104003514379973738e-02	2.895704037545747400e-02	7.503502252557227303e-02
1.121878912546660331e+03	2.600659347300073865e-01	1.673130463491683262e-01	2.476758439353650698e-01	1.497891902430267264e-01	7.107522592325697663e-02	2.898160819526282225e-02	7.509915062363646532e-02
1.123330243610756725e+03	2.598465737770645489e-01	1.671652288764240990e-01	2.478216869432648684e-01	1.498868415420406275e-01	7.111035297977456870e-02	2.900614098946516922e-02	7.516317489168983235e-02
1.124781574674853118e+03	2.596275890485130189e-01	1.670176616154277205e-01	2.479672544812962232e-01	1.499843442095305512e-01	7.114541646454602963e-02	2.903063877793415556e-02	7.522709540247597693e-02
1.126232905738949967e+03	2.594089798978111427e-01	1.668703441332963222e-01	2.481125472350990402e-01	1.500816983946462180e-01	7.118041652820583653e-02	2.905510158078342120e-02	7.529091222988164300e-02
1.127684236803046360e+03	2.591907456795616294e-01	1.667232759979642709e-01	2.482575658870734558e-01	1.501789042470028368e-01	7.121535332083245295e-02	2.907952941836822180e-02	7.535462544892077008e-02
1.129135567867143209e+03	2.589728857495091074e-01	1.665764567781808925e-01	2.484023111164062325e-01	1.502759619166743055e-01	7.125022699195138198e-02	2.910392231128310081e-02	7.541823513571860316e-02
1.130586898931239830e+03	2.587553994645379052e-01	1.664298860435083627e-01	2.485467835990971819e-01	1.503728715541863825e-01	7.128503769053823325e-02	2.912828028035954406e-02	7.548174136749605245e-02
1.132038229995336451e+03	2.585382861826694412e-01	1.662835633643194866e-01	2.486909840079848943e-01	1.504696333105101369e-01	7.131978556502169275e-02	2.915260334666367956e-02	7.554514422255427519e-02
1.133489561059432845e+03	2.583215452630602260e-01	1.661374883117956169e-01	2.488349130127726627e-01	1.505662473370552590e-01	7.135447076328652050e-02	2.917689153149398418e-02	7.560844378025929902e-02
1.134940892123529466e+03	2.581051760659993088e-01	1.659916604579245170e-01	2.489785712800537121e-01	1.506627137856635934e-01	7.138909343267653418e-02	2.920114485637900076e-02	7.567164012102695070e-02
1.136392223187626087e+03	2.578891779529057238e-01	1.658460793754981955e-01	2.491219594733365961e-01	1.507590328086025611e-01	7.142365371999752355e-02	2.922536334307508643e-02	7.573473332630786814e-02
1.137843554251722708e+03	2.576735502863267135e-01	1.657007446381108806e-01	2.492650782530700382e-01	1.508552045585588586e-01	7.145815177152024800e-02	2.924954701356416095e-02	7.579772347857270665e-02
1.139294885315819101e+03	2.574582924299348985e-01	1.655556558201568274e-01	2.494079282766676342e-01	1.509512291886320468e-01	7.149258773298328151e-02	2.927369589005148973e-02	7.586061066129748398e-02
1.140746216379915950e+03	2.572434037485261671e-01	1.654108124968282634e-01	2.495505101985323881e-01	1.510471068523283333e-01	7.152696174959592701e-02	2.929780999496346683e-02	7.592339495894916135e-02
1.142197547444012343e+03	2.570288836080174555e-01	1.652662142441134185e-01	2.496928246700808041e-01	1.511428377035542725e-01	7.156127396604110291e-02	2.932188935094542925e-02	7.598607645697133539e-02
1.143648878508108737e+03	2.568147313754441941e-01	1.651218606387942212e-01	2.498348723397670890e-01	1.512384218966106308e-01	7.159552452647820198e-02	2.934593398085947463e-02	7.604865524177002734e-02
1.145100209572205586e+03	2.566009464189583644e-01	1.649777512584444383e-01	2.499766538531065785e-01	1.513338595861864477e-01	7.162971357454590848e-02	2.936994390778230671e-02	7.611113140069977745e-02
1.146551540636302207e+03	2.563875281078260016e-01	1.648338856814275943e-01	2.501181698526995789e-01	1.514291509273527347e-01	7.166384125336502930e-02	2.939391915500309468e-02	7.617350502204979501e-02
1.148002871700398828e+03	2.561744758124249732e-01	1.646902634868949167e-01	2.502594209782543766e-01	1.515242960755567858e-01	7.169790770554126946e-02	2.941785974602133258e-02	7.623577619503023317e-02
1.149454202764495449e+03	2.559617889042425931e-01	1.645468842547833099e-01	2.504004078666104971e-01	1.516192951866160155e-01	7.173191307316804932e-02	2.944176570454474715e-02	7.629794500975875526e-02
1.150905533828591842e+03	2.557494667558735668e-01	1.644037475658133018e-01	2.505411311517612427e-01	1.517141484167122689e-01	7.176585749782925239e-02	2.946563705448718845e-02	7.636001155724708722e-02
1.152356864892688463e+03	2.555375087410176604e-01	1.642608530014871837e-01	2.506815914648767296e-01	1.518088559223859935e-01	7.179974112060198699e-02	2.948947381996655168e-02	7.642197592938781980e-02
1.153808195956785084e+03	2.553259142344774246e-01	1.641182001440868454e-01	2.508217894343258147e-01	1.519034178605305208e-01	7.183356408205923693e-02	2.951327602530271280e-02	7.648383821894139123e-02
1.155259527020881706e+03	2.551146826121559186e-01	1.639757885766718881e-01	2.509617256856985779e-01	1.519978343883862937e-01	7.186732652227269258e-02	2.953704369501549548e-02	7.654559851952306981e-02
1.156710858084978327e+03	2.549038132510546006e-01	1.638336178830776535e-01	2.511014008418280818e-01	1.520921056635353985e-01	7.190102858081535986e-02	2.956077685382261025e-02	7.660725692559026967e-02
1.158162189149074720e+03	2.546933055292710524e-01	1.636916876479131699e-01	2.512408155228121331e-01	1.521862318438958472e-01	7.193467039676423869e-02	2.958447552663766647e-02	7.666881353242982478e-02
1.159613520213171569e+03	2.544831588259968691e-01	1.635499974565592929e-01	2.513799703460348201e-01	1.522802130877162763e-01	7.196825210870302914e-02	2.960813973856814274e-02	7.673026843614560999e-02
1.161064851277267962e+03	2.542733725215151064e-01	1.634085468951667619e-01	2.515188659261877180e-01	1.523740495535702288e-01	7.200177385472469882e-02	2.963176951491342317e-02	7.679162173364607880e-02
1.162516182341364356e+03	2.540639459971984482e-01	1.632673355506542301e-01	2.516575028752912613e-01	1.524677414003509923e-01	7.203523577243418907e-02	2.965536488116280942e-02	7.685287352263207861e-02
1.163967513405461204e+03	2.538548786355068754e-01	1.631263630107063767e-01	2.517958818027152823e-01	1.525612887872661305e-01	7.206863799895096845e-02	2.967892586299357427e-02	7.691402390158484648e-02
1.165418844469557826e+03	2.536461698199855563e-01	1.629856288637718809e-01	2.519340033151998282e-01	1.526546918738322656e-01	7.210198067091158625e-02	2.970245248626900841e-02	7.697507296975399094e-02
1.166870175533654447e+03	2.534378189352625710e-01	1.628451326990616732e-01	2.520718680168756443e-01	1.527479508198697211e-01	7.213526392447233704e-02	2.972594477703650179e-02	7.703602082714572363e-02
1.168321506597751068e+03	2.532298253670466903e-01	1.627048741065469095e-01	2.522094765092845470e-01	1.528410657854975263e-01	7.216848789531175867e-02	2.974940276152561805e-02	7.709686757451117423e-02
1.169772837661847461e+03	2.530221885021253780e-01	1.625648526769571944e-01	2.523468293913992966e-01	1.529340369311281145e-01	7.220165271863315803e-02	2.977282646614621414e-02	7.715761331333487183e-02
1.171224168725944082e+03	2.528149077283625146e-01	1.624250680017786108e-01	2.524839272596436923e-01	1.530268644174623549e-01	7.223475852916717843e-02	2.979621591748653556e-02	7.721825814582329583e-02
1.172675499790040703e+03	2.526079824346964542e-01	1.622855196732518879e-01	2.526207707079121123e-01	1.531195484054844458e-01	7.226780546117426984e-02	2.981957114231136713e-02	7.727880217489366266e-02
1.174126830854137097e+03	2.524014120111374715e-01	1.621462072843705970e-01	2.527573603275891090e-01	1.532120890564570570e-01	7.230079364844718692e-02	2.984289216756015953e-02	7.733924550416269861e-02
1.175578161918233945e+03	2.521951958487659851e-01	1.620071304288791536e-01	2.528936967075686160e-01	1.533044865319162231e-01	7.233372322431348700e-02	2.986617902034519739e-02	7.739958823793567644e-02
1.177029492982330339e+03	2.519893333397302260e-01	1.618682887012711236e-01	2.530297804342731549e-01	1.533967409936666249e-01	7.236659432163795869e-02	2.988943172794976399e-02	7.745983048119547965e-02
1.178480824046426733e+03	2.517838238772442949e-01	1.617296816967873085e-01	2.531656120916727648e-01	1.534888526037767043e-01	7.239940707282505050e-02	2.991265031782633713e-02	7.751997233959186107e-02
1.179932155110523581e+03	2.515786668555859418e-01	1.615913090114139694e-01	2.533011922613036537e-01	1.535808215245739183e-01	7.243216160982134111e-02	2.993583481759477111e-02	7.758001391943075697e-02
1.181383486174620202e+03	2.513738616700944006e-01	1.614531702418809389e-01	2.534365215222869616e-01	1.536726479186399097e-01	7.246485806411792630e-02	2.995898525504053084e-02	7.763995532766376773e-02
1.182834817238716823e+03	2.511694077171683914e-01	1.613152649856599286e-01	2.535716004513468569e-01	1.537643319488058713e-01	7.249749656675277820e-02	2.998210165811291544e-02	7.769979667187770778e-02
1.184286148302813444e+03	2.509653043942638995e-01	1.611775928409626413e-01	2.537064296228290217e-01	1.538558737781480223e-01	7.253007724831320169e-02	3.000518405492327845e-02	7.775953806028436388e-02
1.185737479366910065e+03	2.507615510998922326e-01	1.610401534067389673e-01	2.538410096087186374e-01	1.539472735699828621e-01	7.256260023893812416e-02	3.002823247374331039e-02	7.781917960171032267e-02
1.187188810431006686e+03	2.505581472336179116e-01	1.609029462826752632e-01	2.539753409786579819e-01	1.540385314878627010e-01	7.259506566832051033e-02	3.005124694300327984e-02	7.787872140558683987e-02
1.188640141495103080e+03	2.503550921960565612e-01	1.607659710691924926e-01	2.541094242999644148e-01	1.541296476955711370e-01	7.262747366570962426e-02	3.007422749129033332e-02	7.793816358193995930e-02
1.190091472559199701e+03	2.501523853888726334e-01	1.606292273674446436e-01	2.542432601376477530e-01	1.542206223571186696e-01	7.265982435991340249e-02	3.009717414734677451e-02	7.799750624138065969e-02
1.191542803623296322e+03	2.499500262147776319e-01	1.604927147793167308e-01	2.543768490544277561e-01	1.543114556367381762e-01	7.269211787930075774e-02	3.012008694006838849e-02	7.805674949509509852e-02
1.192994134687392716e+03	2.497480140775280300e-01	1.603564329074231853e-01	2.545101916107510576e-01	1.544021476988806096e-01	7.272435435180382712e-02	3.014296589850273128e-02	7.811589345483506419e-02
1.194445465751489564e+03	2.495463483819231332e-01	1.602203813551061340e-01	2.546432883648083734e-01	1.544926987082107239e-01	7.275653390492024808e-02	3.016581105184749922e-02	7.817493823290841415e-02
1.195896796815585958e+03	2.493450285338029704e-01	1.600845597264335396e-01	2.547761398725512105e-01	1.545831088296027722e-01	7.278865666571548987e-02	3.018862242944883936e-02	7.823388394216969355e-02
1.197348127879682352e+03	2.491440539400464060e-01	1.599489676261976467e-01	2.549087466877086317e-01	1.546733782281361769e-01	7.282072276082499074e-02	3.021140006079972920e-02	7.829273069601093427e-02
1.198799458943779200e+03	2.489434240085689753e-01	1.598136046599130666e-01	2.550411093618038527e-01	1.547635070690915049e-01	7.285273231645647551e-02	3.023414397553834260e-02	7.835147860835234290e-02
1.200250790007875821e+03	2.487431381483208859e-01	1.596784704338152783e-01	2.551732284441703413e-01	1.548534955179461936e-01	7.288468545839213442e-02	3.025685420344641913e-02	7.841012779363329410e-02
1.201702121071972442e+03	2.485431957692850746e-01	1.595435645548587411e-01	2.553051044819683590e-01	1.549433437403704983e-01	7.291658231199081575e-02	3.027953077444767854e-02	7.846867836680337938e-02
1.203153452136069063e+03	2.483435962824750987e-01	1.594088866307153129e-01	2.554367380202007265e-01	1.550330519022234399e-01	7.294842300219023246e-02	3.030217371860621442e-02	7.852713044331352532e-02
1.204604783200165684e+03	2.481443390999331922e-01	1.592744362697725291e-01	2.555681296017288107e-01	1.551226201695486973e-01	7.298020765350915484e-02	3.032478306612491556e-02	7.858548413910718122e-02
1.206056114264262078e+03	2.479454236347282403e-01	1.591402130811318816e-01	2.556992797672884010e-01	1.552120487085707767e-01	7.301193639004951996e-02	3.034735884734390474e-02	7.864373957061174258e-02
1.207507445328358699e+03	2.477468493009536699e-01	1.590062166746072647e-01	2.558301890555051417e-01	1.553013376856909322e-01	7.304360933549859658e-02	3.036990109273897051e-02	7.870189685472989138e-02
1.208958776392455093e+03	2.475486155137257005e-01	1.588724466607231711e-01	2.559608580029099079e-01	1.553904872674833071e-01	7.307522661313115009e-02	3.039240983292003373e-02	7.875995610883121389e-02
1.210410107456551941e+03	2.473507216891811245e-01	1.587389026507130818e-01	2.560912871439543492e-01	1.554794976206910762e-01	7.310678834581151031e-02	3.041488509862960363e-02	7.881791745074376299e-02
1.211861438520648335e+03	2.471531672444754468e-01	1.586055842565178564e-01	2.562214770110257667e-01	1.555683689122226432e-01	7.313829465599569479e-02	3.043732692074126514e-02	7.887578099874582860e-02
1.213312769584745183e+03	2.469559515977809150e-01	1.584724910907840678e-01	2.563514281344622670e-01	1.556571013091477829e-01	7.316974566573353211e-02	3.045973533025816624e-02	7.893354687155773597e-02
1.214764100648841804e+03	2.467590741682844646e-01	1.583396227668623368e-01	2.564811410425676397e-01	1.557456949786940048e-01	7.320114149667070191e-02	3.048211035831152257e-02	7.899121518833379652e-02
1.216215431712937971e+03	2.465625343761858324e-01	1.582069788988057779e-01	2.566106162616258457e-01	1.558341500882428066e-01	7.323248227005080269e-02	3.050445203615912912e-02	7.904878606865427260e-02
1.217666762777034819e+03	2.463663316426955852e-01	1.580745591013682227e-01	2.567398543159160051e-01	1.559224668053258434e-01	7.326376810671740569e-02	3.052676039518388215e-02	7.910625963251750881e-02
1.219118093841131440e+03	2.461704653900331496e-01	1.579423629900028048e-01	2.568688557277263862e-01	1.560106452976215419e-01	7.329499912711612275e-02	3.054903546689232210e-02	7.916363600033211878e-02
1.220569424905228061e+03	2.459749350414248692e-01	1.578103901808602105e-01	2.569976210173689490e-01	1.560986857329513811e-01	7.332617545129657688e-02	3.057127728291317639e-02	7.922091529290928302e-02
1.222020755969324682e+03	2.457797400211020611e-01	1.576786402907870976e-01	2.571261507031935012e-01	1.561865882792762839e-01	7.335729719891445622e-02	3.059348587499591959e-02	7.927809763145508837e-02
1.223472087033421303e+03	2.455848797542991568e-01	1.575471129373245682e-01	2.572544453016015198e-01	1.562743531046932033e-01	7.338836448923352629e-02	3.061566127500934750e-02	7.933518313756300622e-02
1.224923418097517697e+03	2.453903536672516206e-01	1.574158077387065591e-01	2.573825053270604180e-01	1.563619803774315697e-01	7.341937744112755904e-02	3.063780351494015119e-02	7.939217193320646793e-02
1.226374749161614318e+03	2.451961611871941171e-01	1.572847243138581486e-01	2.575103312921169785e-01	1.564494702658497938e-01	7.345033617308235896e-02	3.065991262689151189e-02	7.944906414073145406e-02
1.227826080225710712e+03	2.450023017423586247e-01	1.571538622823941411e-01	2.576379237074110096e-01	1.565368229384319354e-01	7.348124080319769214e-02	3.068198864308170279e-02	7.950585988284926409e-02
1.229277411289807560e+03	2.448087747619725196e-01	1.570232212646174297e-01	2.577652830816889451e-01	1.566240385637842625e-01	7.351209144918928462e-02	3.070403159584270819e-02	7.956255928262927213e-02
1.230728742353903954e+03	2.446155796762564949e-01	1.568928008815173580e-01	2.578924099218172783e-01	1.567111173106318922e-01	7.354288822839066819e-02	3.072604151761883923e-02	7.961916246349187709e-02
1.232180073418000802e+03	2.444227159164229501e-01	1.567626007547683609e-01	2.580193047327956068e-01	1.567980593478155160e-01	7.357363125775520651e-02	3.074801844096537728e-02	7.967566954920141109e-02
1.233631404482097196e+03	2.442301829146737990e-01	1.566326205067282429e-01	2.581459680177698446e-01	1.568848648442881522e-01	7.360432065385792699e-02	3.076996239854721052e-02	7.973208066385921444e-02
1.235082735546193817e+03	2.440379801041988039e-01	1.565028597604366523e-01	2.582724002780453221e-01	1.569715339691117595e-01	7.363495653289749143e-02	3.079187342313750506e-02	7.978839593189680779e-02
1.236534066610290438e+03	2.438461069191735497e-01	1.563733181396136374e-01	2.583986020130995542e-01	1.570580668914541844e-01	7.366553901069804178e-02	3.081375154761634497e-02	7.984461547806906423e-02
1.237985397674387059e+03	2.436545627947576953e-01	1.562439952686580369e-01	2.585245737205948413e-01	1.571444637805858024e-01	7.369606820271105974e-02	3.083559680496943470e-02	7.990073942744750635e-02
1.239436728738483680e+03	2.434633471670929195e-01	1.561148907726459811e-01	2.586503158963911475e-01	1.572307248058765206e-01	7.372654422401726804e-02	3.085740922828677721e-02	7.995676790541371426e-02
1.240888059802580301e+03	2.432724594733012002e-01	1.559860042773293931e-01	2.587758290345585355e-01	1.573168501367925576e-01	7.375696718932846230e-02	3.087918885076136946e-02	8.001270103765271979e-02
1.242339390866676695e+03	2.430818991514828720e-01	1.558573354091345176e-01	2.589011136273895453e-01	1.574028399428934466e-01	7.378733721298934289e-02	3.090093570568790832e-02	8.006853895014660882e-02
1.243790721930773088e+03	2.428916656407148211e-01	1.557288837951602556e-01	2.590261701654113513e-01	1.574886943938288986e-01	7.381765440897938846e-02	3.092264982646151031e-02	8.012428176916805422e-02
1.245242052994869937e+03	2.427017583810485712e-01	1.556006490631768602e-01	2.591509991373980304e-01	1.575744136593357492e-01	7.384791889091463224e-02	3.094433124657643489e-02	8.017992962127404311e-02
1.246693384058966330e+03	2.425121768135084788e-01	1.554726308416242986e-01	2.592756010303826075e-01	1.576599979092351000e-01	7.387813077204945234e-02	3.096597999962483194e-02	8.023548263329956243e-02
1.248144715123063179e+03	2.423229203800897902e-01	1.553448287596108923e-01	2.593999763296689909e-01	1.577454473134292656e-01	7.390829016527843132e-02	3.098759611929547547e-02	8.029094093235153440e-02
1.249596046187159800e+03	2.421339885237570044e-01	1.552172424469116796e-01	2.595241255188437401e-01	1.578307620418987756e-01	7.393839718313809095e-02	3.100917963937253191e-02	8.034630464580262699e-02
1.251047377251256421e+03	2.419453806884417912e-01	1.550898715339670830e-01	2.596480490797878904e-01	1.579159422646995714e-01	7.396845193780864081e-02	3.103073059373431808e-02	8.040157390128521708e-02
1.252498708315352815e+03	2.417570963190413535e-01	1.549627156518813553e-01	2.597717474926882208e-01	1.580009881519601478e-01	7.399845454111582399e-02	3.105224901635208340e-02	8.045674882668550632e-02
1.253950039379449436e+03	2.415691348614165401e-01	1.548357744324212193e-01	2.598952212360491898e-01	1.580858998738786103e-01	7.402840510453255474e-02	3.107373494128878519e-02	8.051182955013759523e-02
1.255401370443546057e+03	2.413814957623899582e-01	1.547090475080142580e-01	2.600184707867040923e-01	1.581706776007199000e-01	7.405830373918076415e-02	3.109518840269789863e-02	8.056681620001764077e-02
1.256852701507642678e+03	2.411941784697442803e-01	1.545825345117476102e-01	2.601414966198262180e-01	1.582553215028130178e-01	7.408815055583306552e-02	3.111660943482221636e-02	8.062170890493813857e-02
1.258304032571739299e+03	2.410071824322202738e-01	1.544562350773664161e-01	2.602642992089402307e-01	1.583398317505482489e-01	7.411794566491446135e-02	3.113799807199265149e-02	8.067650779374220538e-02
1.259755363635835920e+03	2.408205070995151353e-01	1.543301488392724297e-01	2.603868790259332155e-01	1.584242085143744705e-01	7.414768917650409186e-02	3.115935434862706840e-02	8.073121299549801400e-02
1.261206694699932314e+03	2.406341519222807146e-01	1.542042754325225751e-01	2.605092365410654476e-01	1.585084519647964318e-01	7.417738120033691429e-02	3.118067829922911358e-02	8.078582463949324222e-02
1.262658025764028707e+03	2.404481163521215437e-01	1.540786144928275869e-01	2.606313722229814389e-01	1.585925622723719786e-01	7.420702184580538208e-02	3.120196995838707063e-02	8.084034285522950780e-02
1.264109356828125556e+03	2.402623998415931994e-01	1.539531656565504003e-01	2.607532865387205412e-01	1.586765396077095547e-01	7.423661122196112405e-02	3.122322936077268768e-02	8.089476777241706718e-02
1.265560687892221949e+03	2.400770018442004161e-01	1.538279285607049018e-01	2.608749799537277703e-01	1.587603841414655104e-01	7.426614943751658204e-02	3.124445654114004975e-02	8.094909952096938921e-02
1.267012018956318798e+03	2.398919218143953924e-01	1.537029028429544864e-01	2.609964529318641868e-01	1.588440960443415206e-01	7.429563660084671783e-02	3.126565153432444427e-02	8.100333823099789554e-02
1.268463350020415419e+03	2.397071592075759872e-01	1.535780881416106136e-01	2.611177059354174990e-01	1.589276754870819763e-01	7.432507281999059523e-02	3.128681437524124392e-02	8.105748403280672865e-02
1.269914681084511813e+03	2.395227134800838875e-01	1.534534840956313928e-01	2.612387394251124983e-01	1.590111226404715417e-01	7.435445820265304540e-02	3.130794509888477906e-02	8.111153705688757543e-02
1.271366012148608434e+03	2.393385840892028882e-01	1.533290903446202502e-01	2.613595538601210522e-01	1.590944376753324063e-01	7.438379285620631831e-02	3.132904374032724482e-02	8.116549743391460181e-02
1.272817343212705055e+03	2.391547704931571428e-01	1.532049065288245138e-01	2.614801496980723727e-01	1.591776207625221484e-01	7.441307688769160933e-02	3.135011033471760827e-02	8.121936529473934574e-02
1.274268674276801676e+03	2.389712721511094151e-01	1.530809322891339697e-01	2.616005273950633425e-01	1.592606720729309588e-01	7.444231040382073838e-02	3.137114491728050514e-02	8.127314077038584605e-02
1.275720005340898297e+03	2.387880885231592476e-01	1.529571672670795579e-01	2.617206874056681176e-01	1.593435917774793931e-01	7.447149351097771819e-02	3.139214752331517810e-02	8.132682399204559098e-02
1.277171336404994690e+03	2.386052190703412956e-01	1.528336111048319568e-01	2.618406301829482863e-01	1.594263800471158177e-01	7.450062631522033629e-02	3.141311818819438745e-02	8.138041509107277194e-02
1.278622667469091539e+03	2.384226632546234959e-01	1.527102634452002228e-01	2.619603561784625279e-01	1.595090370528141344e-01	7.452970892228170940e-02	3.143405694736335632e-02	8.143391419897941241e-02
1.280073998533187932e+03	2.382404205389054008e-01	1.525871239316304029e-01	2.620798658422765492e-01	1.595915629655713652e-01	7.455874143757185157e-02	3.145496383633872989e-02	8.148732144743063566e-02
1.281525329597284326e+03	2.380584903870164859e-01	1.524641922082042300e-01	2.621991596229722443e-01	1.596739579564052380e-01	7.458772396617927014e-02	3.147583889070750679e-02	8.154063696823998786e-02
1.282976660661381175e+03	2.378768722637142063e-01	1.523414679196377353e-01	2.623182379676576859e-01	1.597562221963520768e-01	7.461665661287243678e-02	3.149668214612601908e-02	8.159386089336481684e-02
1.284427991725477568e+03	2.376955656346825818e-01	1.522189507112798323e-01	2.624371013219763404e-01	1.598383558564642759e-01	7.464553948210139733e-02	3.151749363831889139e-02	8.164699335490167853e-02
1.285879322789574417e+03	2.375145699665301702e-01	1.520966402291110964e-01	2.625557501301166163e-01	1.599203591078081355e-01	7.467437267799920120e-02	3.153827340307803484e-02	8.170003448508179889e-02
1.287330653853671038e+03	2.373338847267885410e-01	1.519745361197423483e-01	2.626741848348207453e-01	1.600022321214616405e-01	7.470315630438349730e-02	3.155902147626162002e-02	8.175298441626666079e-02
1.288781984917767431e+03	2.371535093839104991e-01	1.518526380304132672e-01	2.627924058773944416e-01	1.600839750685122131e-01	7.473189046475800512e-02	3.157973789379307783e-02	8.180584328094354929e-02
1.290233315981864052e+03	2.369734434072683638e-01	1.517309456089912245e-01	2.629104136977156725e-01	1.601655881200545195e-01	7.476057526231402739e-02	3.160042269166010026e-02	8.185861121172122168e-02
