1.001418434226643626e+03	2.796364230301200404e-01	1.805065768776829283e-01	2.345781395531191804e-01	1.411422574999553481e-01	6.789582558909133814e-02	2.682974549316939281e-02	6.941103195658369918e-02
1.002869765290740247e+03	2.793833462958091873e-01	1.803364508806227229e-01	2.347501929627214545e-01	1.412523532422471639e-01	6.793660330077799792e-02	2.685724472680606559e-02	6.948380859073734206e-02
1.004321096354836754e+03	2.791307039163845594e-01	1.801666141443628577e-01	2.349218986300164735e-01	1.413622892729329839e-01	6.797730376676765218e-02	2.688470768418958420e-02	6.955648258506791359e-02
1.005772427418933376e+03	2.788784951409858937e-01	1.799970661590513388e-01	2.350932576175666644e-01	1.414720656997806303e-01	6.801792718995068598e-02	2.691213436092494693e-02	6.962905383146193727e-02
1.007223758483029997e+03	2.786267192201288267e-01	1.798278064158815859e-01	2.352642709815422062e-01	1.415816826315825505e-01	6.805847377236692863e-02	2.693952475308952765e-02	6.970152222513058271e-02
1.008675089547126618e+03	2.783753754057013974e-01	1.796588344070888799e-01	2.354349397717782344e-01	1.416911401781432989e-01	6.809894371521074685e-02	2.696687885722898539e-02	6.977388766457065516e-02
1.010126420611223239e+03	2.781244629509608823e-01	1.794901496259469209e-01	2.356052650318316566e-01	1.418004384502674631e-01	6.813933721883602690e-02	2.699419667035323281e-02	6.984615005152605693e-02
1.011577751675319632e+03	2.778739811105304103e-01	1.793217515667642759e-01	2.357752477990372186e-01	1.419095775597473130e-01	6.817965448276107343e-02	2.702147818993240469e-02	6.991830929094958180e-02
1.013029082739416367e+03	2.776239291403957421e-01	1.791536397248810475e-01	2.359448891045630159e-01	1.420185576193508659e-01	6.821989570567354999e-02	2.704872341389286464e-02	6.999036529096518133e-02
1.014480413803512761e+03	2.773743062979021068e-01	1.789858135966653219e-01	2.361141899734657823e-01	1.421273787428098956e-01	6.826006108543536399e-02	2.707593234061326723e-02	7.006231796283059199e-02
1.015931744867609382e+03	2.771251118417507597e-01	1.788182726795098376e-01	2.362831514247450138e-01	1.422360410448081924e-01	6.830015081908748231e-02	2.710310496892059939e-02	7.013416722090039246e-02
1.017383075931706003e+03	2.768763450319960961e-01	1.786510164718286553e-01	2.364517744713971192e-01	1.423445446409698778e-01	6.834016510285480239e-02	2.713024129808629809e-02	7.020591298258942181e-02
1.018834406995802851e+03	2.766280051300422649e-01	1.784840444730536602e-01	2.366200601204687115e-01	1.424528896478478301e-01	6.838010413215084293e-02	2.715734132782236451e-02	7.027755516833662786e-02
1.020285738059899245e+03	2.763800913986399488e-01	1.783173561836313425e-01	2.367880093731094537e-01	1.425610761829121664e-01	6.841996810158261499e-02	2.718440505827753734e-02	7.034909370156927633e-02
1.021737069123995752e+03	2.761326031018832006e-01	1.781509511050193839e-01	2.369556232246244620e-01	1.426691043645390844e-01	6.845975720495520167e-02	2.721143249003345893e-02	7.042052850866747926e-02
1.023188400188092373e+03	2.758855395052065007e-01	1.779848287396835205e-01	2.371229026645259863e-01	1.427769743119995105e-01	6.849947163527658756e-02	2.723842362410088674e-02	7.049185951892929236e-02
1.024639731252188767e+03	2.756388998753813158e-01	1.778189885910940737e-01	2.372898486765848136e-01	1.428846861454479977e-01	6.853911158476221066e-02	2.726537846191594977e-02	7.056308666453590950e-02
1.026091062316285615e+03	2.753926834805132673e-01	1.776534301637228697e-01	2.374564622388809221e-01	1.429922399859117621e-01	6.857867724483959759e-02	2.729229700533640154e-02	7.063420988051750948e-02
1.027542393380382237e+03	2.751468895900386902e-01	1.774881529630399357e-01	2.376227443238538295e-01	1.430996359552797748e-01	6.861816880615297098e-02	2.731917925663791477e-02	7.070522910471919997e-02
1.028993724444478858e+03	2.749015174747218015e-01	1.773231564955102812e-01	2.377886958983522481e-01	1.432068741762921038e-01	6.865758645856785691e-02	2.734602521851042106e-02	7.077614427776757200e-02
1.030445055508575479e+03	2.746565664066515922e-01	1.771584402685907333e-01	2.379543179236834893e-01	1.433139547725290341e-01	6.869693039117553968e-02	2.737283489405444026e-02	7.084695534303744879e-02
1.031896386572671872e+03	2.744120356592386067e-01	1.769940037907267449e-01	2.381196113556621197e-01	1.434208778684007146e-01	6.873620079229761370e-02	2.739960828677747220e-02	7.091766224661902318e-02
1.033347717636768493e+03	2.741679245072118354e-01	1.768298465713493139e-01	2.382845771446582828e-01	1.435276435891365832e-01	6.877539784949043833e-02	2.742634540059038506e-02	7.098826493728539744e-02
1.034799048700865114e+03	2.739242322266161600e-01	1.766659681208717358e-01	2.384492162356454947e-01	1.436342520607750695e-01	6.881452174954955092e-02	2.745304623980386258e-02	7.105876336646037295e-02
1.036250379764961508e+03	2.736809580948086351e-01	1.765023679506866339e-01	2.386135295682479951e-01	1.437407034101533532e-01	6.885357267851410779e-02	2.747971080912484793e-02	7.112915748818672557e-02
1.037701710829058356e+03	2.734381013904558788e-01	1.763390455731627671e-01	2.387775180767875149e-01	1.438469977648971776e-01	6.889255082167126953e-02	2.750633911365302914e-02	7.119944725909466143e-02
1.039153041893154750e+03	2.731956613935310196e-01	1.761760005016420050e-01	2.389411826903298230e-01	1.439531352534108577e-01	6.893145636356055872e-02	2.753293115887735232e-02	7.126963263837071683e-02
1.040604372957251599e+03	2.729536373853105879e-01	1.760132322504363023e-01	2.391045243327304670e-01	1.440591160048672881e-01	6.897028948797810644e-02	2.755948695067255219e-02	7.133971358772697724e-02
1.042055704021347992e+03	2.727120286483716849e-01	1.758507403348246179e-01	2.392675439226803757e-01	1.441649401491982008e-01	6.900905037798105157e-02	2.758600649529571389e-02	7.140969007137057400e-02
1.043507035085444613e+03	2.724708344665889848e-01	1.756885242710499451e-01	2.394302423737507957e-01	1.442706078170843120e-01	6.904773921589177355e-02	2.761248979938285900e-02	7.147956205597355561e-02
1.044958366149541234e+03	2.722300541251315709e-01	1.755265835763162863e-01	2.395926205944378662e-01	1.443761191399457466e-01	6.908635618330206951e-02	2.763893686994555246e-02	7.154932951064306434e-02
1.046409697213637855e+03	2.719896869104602710e-01	1.753649177687857386e-01	2.397546794882068066e-01	1.444814742499325455e-01	6.912490146107741484e-02	2.766534771436754414e-02	7.161899240689185986e-02
1.047861028277734476e+03	2.717497321103245489e-01	1.752035263675754684e-01	2.399164199535355202e-01	1.445866732799150345e-01	6.916337522936116811e-02	2.769172234040142427e-02	7.168855071860906480e-02
1.049312359341831097e+03	2.715101890137595619e-01	1.750424088927547972e-01	2.400778428839578649e-01	1.446917163634746373e-01	6.920177766757866500e-02	2.771806075616532056e-02	7.175800442203135454e-02
1.050763690405927491e+03	2.712710569110835523e-01	1.748815648653423149e-01	2.402389491681064804e-01	1.447966036348945773e-01	6.924010895444134006e-02	2.774436297013959177e-02	7.182735349571436889e-02
1.052215021470024112e+03	2.710323350938944609e-01	1.747209938073029378e-01	2.403997396897551986e-01	1.449013352291506629e-01	6.927836926795091776e-02	2.777062899116357342e-02	7.189659792050444309e-02
1.053666352534120733e+03	2.707940228550674844e-01	1.745606952415451052e-01	2.405602153278610378e-01	1.450059112819022666e-01	6.931655878540336768e-02	2.779685882843233730e-02	7.196573767951065792e-02
1.055117683598217127e+03	2.705561194887520227e-01	1.744006686919177540e-01	2.407203769566055862e-01	1.451103319294832772e-01	6.935467768339297068e-02	2.782305249149346835e-02	7.203477275807719515e-02
1.056569014662313975e+03	2.703186242903686254e-01	1.742409136832076266e-01	2.408802254454364133e-01	1.452145973088933284e-01	6.939272613781641286e-02	2.784920999024387625e-02	7.210370314375595668e-02
1.058020345726410369e+03	2.700815365566065496e-01	1.740814297411364120e-01	2.410397616591075654e-01	1.453187075577887788e-01	6.943070432387667135e-02	2.787533133492662088e-02	7.217252882627951671e-02
1.059471676790506763e+03	2.698448555854207065e-01	1.739222163923579145e-01	2.411989864577200882e-01	1.454226628144742184e-01	6.946861241608705273e-02	2.790141653612777245e-02	7.224124979753432374e-02
1.060923007854603611e+03	2.696085806760287196e-01	1.737632731644551953e-01	2.413579006967617735e-01	1.455264632178937534e-01	6.950645058827507883e-02	2.792746560477328902e-02	7.230986605153422175e-02
1.062374338918700232e+03	2.693727111289084264e-01	1.736045995859378799e-01	2.415165052271468216e-01	1.456301089076223743e-01	6.954421901358640024e-02	2.795347855212591479e-02	7.237837758439422120e-02
1.063825669982796853e+03	2.691372462457946035e-01	1.734461951862393547e-01	2.416748008952549209e-01	1.457336000238576290e-01	6.958191786448875149e-02	2.797945538978209926e-02	7.244678439430463079e-02
1.065277001046893474e+03	2.689021853296766906e-01	1.732880594957141029e-01	2.418327885429700785e-01	1.458369367074112133e-01	6.961954731277568420e-02	2.800539612966895103e-02	7.251508648150534198e-02
1.066728332110990095e+03	2.686675276847956262e-01	1.731301920456347898e-01	2.419904690077188669e-01	1.459401190997006159e-01	6.965710752957048058e-02	2.803130078404120554e-02	7.258328384826048807e-02
1.068179663175086489e+03	2.684332726166412386e-01	1.729725923681897370e-01	2.421478431225085048e-01	1.460431473427410143e-01	6.969459868532996982e-02	2.805716936547820659e-02	7.265137649883335325e-02
1.069630994239183110e+03	2.681994194319495817e-01	1.728152599964801750e-01	2.423049117159644661e-01	1.461460215791370587e-01	6.973202094984826127e-02	2.808300188688094695e-02	7.271936443946155904e-02
1.071082325303279504e+03	2.679659674386999368e-01	1.726581944645174949e-01	2.424616756123676442e-01	1.462487419520749343e-01	6.976937449226051913e-02	2.810879836146907423e-02	7.278724767833244513e-02
1.072533656367376352e+03	2.677329159461122599e-01	1.725013953072206396e-01	2.426181356316913784e-01	1.463513086053142842e-01	6.980665948104670948e-02	2.813455880277796264e-02	7.285502622555879715e-02
1.073984987431472746e+03	2.675002642646444051e-01	1.723448620604135506e-01	2.427742925896377857e-01	1.464537216831803823e-01	6.984387608403527792e-02	2.816028322465580908e-02	7.292270009315486579e-02
1.075436318495569594e+03	2.672680117059894056e-01	1.721885942608222808e-01	2.429301472976740095e-01	1.465559813305563897e-01	6.988102446840684101e-02	2.818597164126070143e-02	7.299026929501248318e-02
1.076887649559666215e+03	2.670361575830728085e-01	1.720325914460725525e-01	2.430857005630679968e-01	1.466580876928754995e-01	6.991810480069785005e-02	2.821162406705777018e-02	7.305773384687763716e-02
1.078338980623762609e+03	2.668047012100499549e-01	1.718768531546871758e-01	2.432409531889238863e-01	1.467600409161134434e-01	6.995511724680421317e-02	2.823724051681632263e-02	7.312509376632714275e-02
1.079790311687859230e+03	2.665736419023031489e-01	1.717213789260834123e-01	2.433959059742172304e-01	1.468618411467808027e-01	6.999206197198494517e-02	2.826282100560700838e-02	7.319234907274560498e-02
1.081241642751955851e+03	2.663429789764392708e-01	1.715661683005703653e-01	2.435505597138295231e-01	1.469634885319155149e-01	7.002893914086565086e-02	2.828836554879901599e-02	7.325949978730274259e-02
1.082692973816052472e+03	2.661127117502869455e-01	1.714112208193465103e-01	2.437049151985827833e-01	1.470649832190756290e-01	7.006574891744220268e-02	2.831387416205727314e-02	7.332654593293075340e-02
1.084144304880149093e+03	2.658828395428938229e-01	1.712565360244970580e-01	2.438589732152735001e-01	1.471663253563316731e-01	7.010249146508419626e-02	2.833934686133967457e-02	7.339348753430210981e-02
1.085595635944245487e+03	2.656533616745241355e-01	1.711021134589914561e-01	2.440127345467064945e-01	1.472675150922596043e-01	7.013916694653851702e-02	2.836478366289434463e-02	7.346032461780747924e-02
1.087046967008342108e+03	2.654242774666557558e-01	1.709479526666809468e-01	2.441661999717281151e-01	1.473685525759335924e-01	7.017577552393278184e-02	2.839018458325688957e-02	7.352705721153392215e-02
1.088498298072438729e+03	2.651955862419779208e-01	1.707940531922959582e-01	2.443193702652594612e-01	1.474694379569188307e-01	7.021231735877887792e-02	2.841554963924770860e-02	7.359368534524329819e-02
1.089949629136535123e+03	2.649672873243885118e-01	1.706404145814436613e-01	2.444722461983289408e-01	1.475701713852644315e-01	7.024879261197630731e-02	2.844087884796928783e-02	7.366020905035099153e-02
1.091400960200631971e+03	2.647393800389911123e-01	1.704870363806055278e-01	2.446248285381049103e-01	1.476707530114966527e-01	7.028520144381565637e-02	2.846617222680354262e-02	7.372662835990474728e-02
1.092852291264728365e+03	2.645118637120930649e-01	1.703339181371348598e-01	2.447771180479275943e-01	1.477711829866116544e-01	7.032154401398203747e-02	2.849142979340917037e-02	7.379294330856379924e-02
1.094303622328825213e+03	2.642847376712022522e-01	1.701810593992543197e-01	2.449291154873409482e-01	1.478714614620690315e-01	7.035782048155843349e-02	2.851665156571900686e-02	7.385915393257826145e-02
1.095754953392921607e+03	2.640580012450248759e-01	1.700284597160535149e-01	2.450808216121241334e-01	1.479715885897847916e-01	7.039403100502900079e-02	2.854183756193743454e-02	7.392526026976860287e-02
1.097206284457018228e+03	2.638316537634628478e-01	1.698761186374865562e-01	2.452322371743225482e-01	1.480715645221246657e-01	7.043017574228245536e-02	2.856698780053778045e-02	7.399126235950558017e-02
1.098657615521114849e+03	2.636056945576110699e-01	1.697240357143697254e-01	2.453833629222788304e-01	1.481713894118975583e-01	7.046625485061538963e-02	2.859210230025976268e-02	7.405716024269007325e-02
1.100108946585211470e+03	2.633801229597551585e-01	1.695722104983790335e-01	2.455341996006633054e-01	1.482710634123489413e-01	7.050226848673554758e-02	2.861718108010691611e-02	7.412295396173346207e-02
1.101560277649308091e+03	2.631549383033687795e-01	1.694206425420478335e-01	2.456847479505043508e-01	1.483705866771543036e-01	7.053821680676507222e-02	2.864222415934408045e-02	7.418864356053798959e-02
1.103011608713404712e+03	2.629301399231109282e-01	1.692693313987644887e-01	2.458350087092181779e-01	1.484699593604127676e-01	7.057409996624373905e-02	2.866723155749487453e-02	7.425422908447742998e-02
1.104462939777501106e+03	2.627057271548237649e-01	1.691182766227700418e-01	2.459849826106385862e-01	1.485691816166407053e-01	7.060991812013224511e-02	2.869220329433921565e-02	7.431971058037790956e-02
1.105914270841597499e+03	2.624816993355297279e-01	1.689674777691557439e-01	2.461346703850463280e-01	1.486682536007654098e-01	7.064567142281534540e-02	2.871713938991083195e-02	7.438508809649904685e-02
1.107365601905694348e+03	2.622580558034294240e-01	1.688169343938609179e-01	2.462840727591982526e-01	1.487671754681187952e-01	7.068136002810505858e-02	2.874203986449480955e-02	7.445036168251517594e-02
1.108816932969790741e+03	2.620347958978987979e-01	1.686666460536705436e-01	2.464331904563559217e-01	1.488659473744313178e-01	7.071698408924384505e-02	2.876690473862515696e-02	7.451553138949680577e-02
1.110268264033887590e+03	2.618119189594869112e-01	1.685166123062129540e-01	2.465820241963142534e-01	1.489645694758257866e-01	7.075254375890771552e-02	2.879173403308238344e-02	7.458059726989234306e-02
1.111719595097984211e+03	2.615894243299133337e-01	1.683668327099576145e-01	2.467305746954297496e-01	1.490630419288112574e-01	7.078803918920935356e-02	2.881652776889109466e-02	7.464555937750995407e-02
1.113170926162080832e+03	2.613673113520656455e-01	1.682173068242127367e-01	2.468788426666483626e-01	1.491613648902771760e-01	7.082347053170121032e-02	2.884128596731761959e-02	7.471041776749959284e-02
1.114622257226177226e+03	2.611455793699971606e-01	1.680680342091231128e-01	2.470268288195333617e-01	1.492595385174872724e-01	7.085883793737861314e-02	2.886600864986762702e-02	7.477517249633532093e-02
1.116073588290273847e+03	2.609242277289240963e-01	1.679190144256678396e-01	2.471745338602924780e-01	1.493575629680737593e-01	7.089414155668279094e-02	2.889069583828379750e-02	7.483982362179775194e-02
1.117524919354370468e+03	2.607032557752236301e-01	1.677702470356580988e-01	2.473219584918052716e-01	1.494554384000315039e-01	7.092938153950391345e-02	2.891534755454347114e-02	7.490437120295669049e-02
1.118976250418467089e+03	2.604826628564311242e-01	1.676217316017348247e-01	2.474691034136498879e-01	1.495531649717122824e-01	7.096455803518414429e-02	2.893996382085635422e-02	7.496881530015395145e-02
1.120427581482563710e+03	2.602624483212379047e-01	1.674734676873666783e-01	2.476159693221297864e-01	1.496507428418190067e-01	7.099967119252059700e-02	2.896454465966221553e-02	7.503315597498641520e-02
1.121878912546660331e+03	2.600426115194886534e-01	1.673254548568476330e-01	2.477625569102999414e-01	1.497481721694001455e-01	7.103472115976829093e-02	2.898909009362861389e-02	7.509739329028923549e-02
1.123330243610756725e+03	2.598231518021792419e-01	1.671776926752950032e-01	2.479088668679931273e-01	1.498454531138440904e-01	7.106970808464319056e-02	2.901360014564862561e-02	7.516152731011921384e-02
1.124781574674853118e+03	2.596040685214541233e-01	1.670301807086470858e-01	2.480548998818455364e-01	1.499425858348736873e-01	7.110463211432506425e-02	2.903807483883861021e-02	7.522555809973838215e-02
1.126232905738949967e+03	2.593853610306040558e-01	1.668829185236610224e-01	2.482006566353225918e-01	1.500395704925406581e-01	7.113949339546044026e-02	2.906251419653598303e-02	7.528948572559772401e-02
1.127684236803046360e+03	2.591670286840636606e-01	1.667359056879107460e-01	2.483461378087442051e-01	1.501364072472201883e-01	7.117429207416554882e-02	2.908691824229699824e-02	7.535331025532117366e-02
1.129135567867143209e+03	2.589490708374091454e-01	1.665891417697847043e-01	2.484913440793098116e-01	1.502330962596056529e-01	7.120902829602911155e-02	2.911128699989456656e-02	7.541703175768962875e-02
1.130586898931239830e+03	2.587314868473556406e-01	1.664426263384838622e-01	2.486362761211232675e-01	1.503296376907032050e-01	7.124370220611524196e-02	2.913562049331606951e-02	7.548065030262526842e-02
1.132038229995336451e+03	2.585142760717554777e-01	1.662963589640194251e-01	2.487809346052175241e-01	1.504260317018265292e-01	7.127831394896631811e-02	2.915991874676119797e-02	7.554416596117605187e-02
1.133489561059432845e+03	2.582974378695951923e-01	1.661503392172108684e-01	2.489253201995789422e-01	1.505222784545916515e-01	7.131286366860578596e-02	2.918418178463982188e-02	7.560757880550024457e-02
1.134940892123529466e+03	2.580809716009935806e-01	1.660045666696837174e-01	2.490694335691713557e-01	1.506183781109118047e-01	7.134735150854096264e-02	2.920840963156983924e-02	7.567088890885124985e-02
1.136392223187626087e+03	2.578648766271991466e-01	1.658590408938675487e-01	2.492132753759601083e-01	1.507143308329922382e-01	7.138177761176582592e-02	2.923260231237509443e-02	7.573409634556255154e-02
1.137843554251722708e+03	2.576491523105878811e-01	1.657137614629938804e-01	2.493568462789356455e-01	1.508101367833252215e-01	7.141614212076377588e-02	2.925675985208324795e-02	7.579720119103283693e-02
1.139294885315819101e+03	2.574337980146609306e-01	1.655687279510940635e-01	2.495001469341369682e-01	1.509057961246850765e-01	7.145044517751041047e-02	2.928088227592372597e-02	7.586020352171127246e-02
1.140746216379915950e+03	2.572188131040423764e-01	1.654239399329972549e-01	2.496431779946748364e-01	1.510013090201231811e-01	7.148468692347623166e-02	2.930496960932563524e-02	7.592310341508294591e-02
1.142197547444012343e+03	2.570041969444766816e-01	1.652793969843283639e-01	2.497859401107547783e-01	1.510966756329630289e-01	7.151886749962939327e-02	2.932902187791572995e-02	7.598590094965443353e-02
1.143648878508108737e+03	2.567899489028268034e-01	1.651350986815060540e-01	2.499284339296997948e-01	1.511918961267954276e-01	7.155298704643837937e-02	2.935303910751637171e-02	7.604859620493961692e-02
1.145100209572205586e+03	2.565760683470714731e-01	1.649910446017406884e-01	2.500706600959730075e-01	1.512869706654736135e-01	7.158704570387462718e-02	2.937702132414351380e-02	7.611118926144555541e-02
1.146551540636302207e+03	2.563625546463032534e-01	1.648472343230321935e-01	2.502126192511998637e-01	1.513818994131086448e-01	7.162104361141534425e-02	2.940096855400468542e-02	7.617368020065851120e-02
1.148002871700398828e+03	2.561494071707260956e-01	1.647036674241682819e-01	2.503543120341902850e-01	1.514766825340645995e-01	7.165498090804597875e-02	2.942488082349703493e-02	7.623606910503026579e-02
1.149454202764495449e+03	2.559366252916530082e-01	1.645603434847222879e-01	2.504957390809606221e-01	1.515713201929538845e-01	7.168885773226295333e-02	2.944875815920532450e-02	7.629835605796440878e-02
1.150905533828591842e+03	2.557242083815042255e-01	1.644172620850511968e-01	2.506369010247552764e-01	1.516658125546326286e-01	7.172267422207627419e-02	2.947260058789999415e-02	7.636054114380289026e-02
1.152356864892688463e+03	2.555121558138044313e-01	1.642744228062937017e-01	2.507777984960682383e-01	1.517601597841962136e-01	7.175643051501204295e-02	2.949640813653520849e-02	7.642262444781267039e-02
1.153808195956785084e+03	2.553004669631806500e-01	1.641318252303682335e-01	2.509184321226642367e-01	1.518543620469746114e-01	7.179012674811514894e-02	2.952018083224694153e-02	7.648460605617257713e-02
1.155259527020881706e+03	2.550891412053604146e-01	1.639894689399710170e-01	2.510588025295999448e-01	1.519484195085280265e-01	7.182376305795176719e-02	2.954391870235105119e-02	7.654648605596019173e-02
1.156710858084978327e+03	2.548781779171691020e-01	1.638473535185740737e-01	2.511989103392446854e-01	1.520423323346423439e-01	7.185733958061187032e-02	2.956762177434138841e-02	7.660826453513901180e-02
1.158162189149074720e+03	2.546675764765276018e-01	1.637054785504233334e-01	2.513387561713011920e-01	1.521361006913248548e-01	7.189085645171180983e-02	2.959129007588790980e-02	7.666994158254569758e-02
1.159613520213171569e+03	2.544573362624507618e-01	1.635638436205365809e-01	2.514783406428260926e-01	1.522297247447998991e-01	7.192431380639682792e-02	2.961492363483480758e-02	7.673151728787737380e-02
1.161064851277267962e+03	2.542474566550446680e-01	1.634224483147017626e-01	2.516176643682500602e-01	1.523232046615044799e-01	7.195771177934351392e-02	2.963852247919866040e-02	7.679299174167927844e-02
1.162516182341364356e+03	2.540379370355043687e-01	1.632812922194748495e-01	2.517567279593979079e-01	1.524165406080840723e-01	7.199105050476231615e-02	2.966208663716658409e-02	7.685436503533231434e-02
1.163967513405461204e+03	2.538287767861120425e-01	1.631403749221780608e-01	2.518955320255086283e-01	1.525097327513883771e-01	7.202433011639995664e-02	2.968561613709441022e-02	7.691563726104087839e-02
1.165418844469557826e+03	2.536199752902346671e-01	1.629996960108979209e-01	2.520340771732548224e-01	1.526027812584672128e-01	7.205755074754197076e-02	2.970911100750487158e-02	7.697680851182081563e-02
1.166870175533654447e+03	2.534115319323218540e-01	1.628592550744834000e-01	2.521723640067623506e-01	1.526956862965663519e-01	7.209071253101505261e-02	2.973257127708579806e-02	7.703787888148745655e-02
1.168321506597751068e+03	2.532034460979035173e-01	1.627190517025440541e-01	2.523103931276296508e-01	1.527884480331234140e-01	7.212381559918945584e-02	2.975599697468834376e-02	7.709884846464380714e-02
1.169772837661847461e+03	2.529957171735879307e-01	1.625790854854480827e-01	2.524481651349467781e-01	1.528810666357637849e-01	7.215686008398147777e-02	2.977938812932520371e-02	7.715971735666891929e-02
1.171224168725944082e+03	2.527883445470596180e-01	1.624393560143205240e-01	2.525856806253142794e-01	1.529735422722967586e-01	7.218984611685580477e-02	2.980274477016885137e-02	7.722048565370627504e-02
1.172675499790040703e+03	2.525813276070769664e-01	1.622998628810414234e-01	2.527229401928621222e-01	1.530658751107114302e-01	7.222277382882784369e-02	2.982606692654981434e-02	7.728115345265244851e-02
1.174126830854137097e+03	2.523746657434701723e-01	1.621606056782440020e-01	2.528599444292681797e-01	1.531580653191728092e-01	7.225564335046613662e-02	2.984935462795491878e-02	7.734172085114572603e-02
1.175578161918233945e+03	2.521683583471392431e-01	1.620215839993127682e-01	2.529966939237767720e-01	1.532501130660179622e-01	7.228845481189462296e-02	2.987260790402558250e-02	7.740218794755501786e-02
1.177029492982330339e+03	2.519624048100517766e-01	1.618827974383816315e-01	2.531331892632164848e-01	1.533420185197521546e-01	7.232120834279502641e-02	2.989582678455611833e-02	7.746255484096875588e-02
1.178480824046426733e+03	2.517568045252406850e-01	1.617442455903323473e-01	2.532694310320187103e-01	1.534337818490449923e-01	7.235390407240917254e-02	2.991901129949201682e-02	7.752282163118402736e-02
1.179932155110523581e+03	2.515515568868024743e-01	1.616059280507923523e-01	2.534054198122352997e-01	1.535254032227267029e-01	7.238654212954118150e-02	2.994216147892829472e-02	7.758298841869572249e-02
1.181383486174620202e+03	2.513466612898946351e-01	1.614678444161332660e-01	2.535411561835561045e-01	1.536168828097844719e-01	7.241912264255986886e-02	2.996527735310780885e-02	7.764305530468586236e-02
1.182834817238716823e+03	2.511421171307339772e-01	1.613299942834689193e-01	2.536766407233268517e-01	1.537082207793586675e-01	7.245164573940093833e-02	2.998835895241961855e-02	7.770302239101306574e-02
1.184286148302813444e+03	2.509379238065942985e-01	1.611923772506537178e-01	2.538118740065661849e-01	1.537994173007391496e-01	7.248411154756924379e-02	3.001140630739733070e-02	7.776288978020209908e-02
1.185737479366910065e+03	2.507340807158043861e-01	1.610549929162807259e-01	2.539468566059831511e-01	1.538904725433617171e-01	7.251652019414099593e-02	3.003441944871747260e-02	7.782265757543350981e-02
1.187188810431006686e+03	2.505305872577459070e-01	1.609178408796799742e-01	2.540815890919941311e-01	1.539813866768045270e-01	7.254887180576606587e-02	3.005739840719789599e-02	7.788232588053345395e-02
1.188640141495103080e+03	2.503274428328512990e-01	1.607809207409167107e-01	2.542160720327395484e-01	1.540721598707845419e-01	7.258116650867008079e-02	3.008034321379614642e-02	7.794189479996357917e-02
1.190091472559199701e+03	2.501246468426018277e-01	1.606442321007896246e-01	2.543503059941008559e-01	1.541627922951539775e-01	7.261340442865669986e-02	3.010325389960788467e-02	7.800136443881103276e-02
1.191542803623296322e+03	2.499221986895253100e-01	1.605077745608290696e-01	2.544842915397170224e-01	1.542532841198969162e-01	7.264558569110977915e-02	3.012613049586530811e-02	7.806073490277855298e-02
1.192994134687392716e+03	2.497200977771942276e-01	1.603715477232953990e-01	2.546180292310006865e-01	1.543436355151257822e-01	7.267771042099545331e-02	3.014897303393559297e-02	7.812000629817479613e-02
1.194445465751489564e+03	2.495183435102237279e-01	1.602355511911772168e-01	2.547515196271547544e-01	1.544338466510779551e-01	7.270977874286439768e-02	3.017178154531931916e-02	7.817917873190459443e-02
1.195896796815585958e+03	2.493169352942692929e-01	1.600997845681896570e-01	2.548847632851883316e-01	1.545239176981124118e-01	7.274179078085389605e-02	3.019455606164894376e-02	7.823825231145940806e-02
1.197348127879682352e+03	2.491158725360250459e-01	1.599642474587726348e-01	2.550177607599325991e-01	1.546138488267064515e-01	7.277374665868997783e-02	3.021729661468726402e-02	7.829722714490794377e-02
1.198799458943779200e+03	2.489151546432215589e-01	1.598289394680892095e-01	2.551505126040566895e-01	1.547036402074523087e-01	7.280564649968952751e-02	3.024000323632590123e-02	7.835610334088673190e-02
1.200250790007875821e+03	2.487147810246237156e-01	1.596938602020238074e-01	2.552830193680833415e-01	1.547932920110539623e-01	7.283749042676238017e-02	3.026267595858379497e-02	7.841488100859093924e-02
1.201702121071972442e+03	2.485147510900289625e-01	1.595590092671806126e-01	2.554152816004042759e-01	1.548828044083238042e-01	7.286927856241338930e-02	3.028531481360569738e-02	7.847356025776525135e-02
1.203153452136069063e+03	2.483150642502650329e-01	1.594243862708818738e-01	2.555472998472956836e-01	1.549721775701794479e-01	7.290101102874450845e-02	3.030791983366070558e-02	7.853214119869479648e-02
1.204604783200165684e+03	2.481157199171881433e-01	1.592899908211661553e-01	2.556790746529332137e-01	1.550614116676406751e-01	7.293268794745684513e-02	3.033049105114077326e-02	7.859062394219627767e-02
1.206056114264262078e+03	2.479167175036808002e-01	1.591558225267866999e-01	2.558106065594072942e-01	1.551505068718262159e-01	7.296430943985270090e-02	3.035302849855925703e-02	7.864900859960909096e-02
1.207507445328358699e+03	2.477180564236499960e-01	1.590218809972099023e-01	2.559418961067378429e-01	1.552394633539506130e-01	7.299587562683758357e-02	3.037553220854946612e-02	7.870729528278661014e-02
1.208958776392455093e+03	2.475197360920250444e-01	1.588881658426134491e-01	2.560729438328891994e-01	1.553282812853212513e-01	7.302738662892226118e-02	3.039800221386323303e-02	7.876548410408756862e-02
1.210410107456551941e+03	2.473217559247557484e-01	1.587546766738847925e-01	2.562037502737846140e-01	1.554169608373351386e-01	7.305884256622471873e-02	3.042043854736945982e-02	7.882357517636751076e-02
1.211861438520648335e+03	2.471241153388103184e-01	1.586214131026194851e-01	2.563343159633207358e-01	1.555055021814761573e-01	7.309024355847218435e-02	3.044284124205273376e-02	7.888156861297036804e-02
1.213312769584745183e+03	2.469268137521734574e-01	1.584883747411195420e-01	2.564646414333821012e-01	1.555939054893117901e-01	7.312158972500307219e-02	3.046521033101189796e-02	7.893946452772010458e-02
1.214764100648841804e+03	2.467298505838443068e-01	1.583555612023918591e-01	2.565947272138552337e-01	1.556821709324904546e-01	7.315288118476895307e-02	3.048754584745867052e-02	7.899726303491243218e-02
1.216215431712937971e+03	2.465332252538346425e-01	1.582229721001465195e-01	2.567245738326429105e-01	1.557702986827383396e-01	7.318411805633652512e-02	3.050984782471625328e-02	7.905496424930674726e-02
1.217666762777034819e+03	2.463369371831667098e-01	1.580906070487952952e-01	2.568541818156778178e-01	1.558582889118566017e-01	7.321530045788958441e-02	3.053211629621795792e-02	7.911256828611798464e-02
1.219118093841131440e+03	2.461409857938715029e-01	1.579584656634498707e-01	2.569835516869367065e-01	1.559461417917185899e-01	7.324642850723084297e-02	3.055435129550584938e-02	7.917007526100862391e-02
1.220569424905228061e+03	2.459453705089866271e-01	1.578265475599203993e-01	2.571126839684537702e-01	1.560338574942669032e-01	7.327750232178395495e-02	3.057655285622939284e-02	7.922748529008090401e-02
1.222020755969324682e+03	2.457500907525544676e-01	1.576948523547138659e-01	2.572415791803345231e-01	1.561214361915106152e-01	7.330852201859536232e-02	3.059872101214411444e-02	7.928479848986894063e-02
1.223472087033421303e+03	2.455551459496203015e-01	1.575633796650325047e-01	2.573702378407690672e-01	1.562088780555225542e-01	7.333948771433621006e-02	3.062085579711026559e-02	7.934201497733102404e-02
1.224923418097517697e+03	2.453605355262301335e-01	1.574321291087721619e-01	2.574986604660453593e-01	1.562961832584364719e-01	7.337039952530417797e-02	3.064295724509150110e-02	7.939913486984206958e-02
1.226374749161614318e+03	2.451662589094291134e-01	1.573011003045208245e-01	2.576268475705625338e-01	1.563833519724444066e-01	7.340125756742543750e-02	3.066502539015357812e-02	7.945615828518598489e-02
1.227826080225710712e+03	2.449723155272593433e-01	1.571702928715570102e-01	2.577547996668439478e-01	1.564703843697939079e-01	7.343206195625637256e-02	3.068706026646304819e-02	7.951308534154830077e-02
1.229277411289807560e+03	2.447787048087580741e-01	1.570397064298481582e-01	2.578825172655500042e-01	1.565572806227853997e-01	7.346281280698557792e-02	3.070906190828597004e-02	7.956991615750874658e-02
1.230728742353903954e+03	2.445854261839558175e-01	1.569093406000491853e-01	2.580100008754911411e-01	1.566440409037696546e-01	7.349351023443553843e-02	3.073103034998662941e-02	7.962665085203400606e-02
1.232180073418000802e+03	2.443924790838743755e-01	1.567791950035007931e-01	2.581372510036404333e-01	1.567306653851450182e-01	7.352415435306458580e-02	3.075296562602626918e-02	7.968328954447052859e-02
1.233631404482097196e+03	2.441998629405250087e-01	1.566492692622281080e-01	2.582642681551462482e-01	1.568171542393549112e-01	7.355474527696859166e-02	3.077486777096182652e-02	7.973983235453735441e-02
1.235082735546193817e+03	2.440075771869065491e-01	1.565195629989389881e-01	2.583910528333445700e-01	1.569035076388853034e-01	7.358528311988284110e-02	3.079673681944469429e-02	7.979627940231912020e-02
1.236534066610290438e+03	2.438156212570034842e-01	1.563900758370226074e-01	2.585176055397715444e-01	1.569897257562620774e-01	7.361576799518376735e-02	3.081857280621947554e-02	7.985263080825912019e-02
1.237985397674387059e+03	2.436239945857840705e-01	1.562608074005478187e-01	2.586439267741756365e-01	1.570758087640486689e-01	7.364620001589076981e-02	3.084037576612273790e-02	7.990888669315239501e-02
1.239436728738483680e+03	2.434326966091984734e-01	1.561317573142617932e-01	2.587700170345295647e-01	1.571617568348434579e-01	7.367657929466793487e-02	3.086214573408181672e-02	7.996504717813893159e-02
1.240888059802580301e+03	2.432417267641769076e-01	1.560029252035884106e-01	2.588958768170429026e-01	1.572475701412774096e-01	7.370690594382581229e-02	3.088388274511359027e-02	8.002111238469694632e-02
1.242339390866676695e+03	2.430510844886277777e-01	1.558743106946267332e-01	2.590215066161732360e-01	1.573332488560116038e-01	7.373718007532316376e-02	3.090558683432327591e-02	8.007708243463626530e-02
1.243790721930773088e+03	2.428607692214357350e-01	1.557459134141495893e-01	2.591469069246383761e-01	1.574187931517347649e-01	7.376740180076865605e-02	3.092725803690325737e-02	8.013295745009170468e-02
1.245242052994869937e+03	2.426707804024599846e-01	1.556177329896020201e-01	2.592720782334279050e-01	1.575042032011610416e-01	7.379757123142258179e-02	3.094889638813186697e-02	8.018873755351664523e-02
1.246693384058966330e+03	2.424811174725322871e-01	1.554897690490998352e-01	2.593970210318148895e-01	1.575894791770275360e-01	7.382768847819863589e-02	3.097050192337224422e-02	8.024442286767655141e-02
1.248144715123063179e+03	2.422917798734552097e-01	1.553620212214280871e-01	2.595217358073673153e-01	1.576746212520920010e-01	7.385775365166551143e-02	3.099207467807115618e-02	8.030001351564262924e-02
1.249596046187159800e+03	2.421027670480002392e-01	1.552344891360396550e-01	2.596462230459592457e-01	1.577596295991305630e-01	7.388776686204867605e-02	3.101361468775784558e-02	8.035550962078562287e-02
1.251047377251256421e+03	2.419140784399058941e-01	1.551071724230537463e-01	2.597704832317824786e-01	1.578445043909354195e-01	7.391772821923196790e-02	3.103512198804288594e-02	8.041091130676948640e-02
1.252498708315352815e+03	2.417257134938760599e-01	1.549800707132543975e-01	2.598945168473570932e-01	1.579292458003125343e-01	7.394763783275933033e-02	3.105659661461704010e-02	8.046621869754536083e-02
1.253950039379449436e+03	2.415376716555780456e-01	1.548531836380891147e-01	2.600183243735431637e-01	1.580138540000794733e-01	7.397749581183640788e-02	3.107803860325013615e-02	8.052143191734549565e-02
1.255401370443546057e+03	2.413499523716407247e-01	1.547265108296673186e-01	2.601419062895511947e-01	1.580983291630631837e-01	7.400730226533223932e-02	3.109944798978994673e-02	8.057655109067722587e-02
1.256852701507642678e+03	2.411625550896527859e-01	1.546000519207589852e-01	2.602652630729533345e-01	1.581826714620977459e-01	7.403705730178083977e-02	3.112082481016108237e-02	8.063157634231704618e-02
1.258304032571739299e+03	2.409754792581610128e-01	1.544738065447930908e-01	2.603883951996938673e-01	1.582668810700223194e-01	7.406676102938287987e-02	3.114216910036388120e-02	8.068650779730479616e-02
1.259755363635835920e+03	2.407887243266683130e-01	1.543477743358563081e-01	2.605113031440999816e-01	1.583509581596788396e-01	7.409641355600725399e-02	3.116348089647332301e-02	8.074134558093783165e-02
1.261206694699932314e+03	2.406022897456319698e-01	1.542219549286915625e-01	2.606339873788923178e-01	1.584349029039100465e-01	7.412601498919270393e-02	3.118476023463794683e-02	8.079608981876533480e-02
1.262658025764028707e+03	2.404161749664618930e-01	1.540963479586964779e-01	2.607564483751953488e-01	1.585187154755573202e-01	7.415556543614940099e-02	3.120600715107876497e-02	8.085074063658266585e-02
1.264109356828125556e+03	2.402303794415188154e-01	1.539709530619221001e-01	2.608786866025478712e-01	1.586023960474585714e-01	7.418506500376055579e-02	3.122722168208820828e-02	8.090529816042572875e-02
1.265560687892221949e+03	2.400449026241124606e-01	1.538457698750714253e-01	2.610007025289131088e-01	1.586859447924462707e-01	7.421451379858395869e-02	3.124840386402905762e-02	8.095976251656551714e-02
1.267012018956318798e+03	2.398597439684998500e-01	1.537207980354979853e-01	2.611224966206890929e-01	1.587693618833453113e-01	7.424391192685353413e-02	3.126955373333340643e-02	8.101413383150257719e-02
1.268463350020415419e+03	2.396749029298834710e-01	1.535960371812044589e-01	2.612440693427185434e-01	1.588526474929710386e-01	7.427325949448095044e-02	3.129067132650160260e-02	8.106841223196166457e-02
1.269914681084511813e+03	2.394903789644094450e-01	1.534714869508412849e-01	2.613654211582989162e-01	1.589358017941273071e-01	7.430255660705710474e-02	3.131175668010121454e-02	8.112259784488638770e-02
1.271366012148608434e+03	2.393061715291658620e-01	1.533471469837052736e-01	2.614865525291923953e-01	1.590188249596044823e-01	7.433180336985369119e-02	3.133280983076602161e-02	8.117669079743397575e-02
1.272817343212705055e+03	2.391222800821809769e-01	1.532230169197381919e-01	2.616074639156354964e-01	1.591017171621773585e-01	7.436099988782471359e-02	3.135383081519500098e-02	8.123069121696997741e-02
1.274268674276801676e+03	2.389387040824214326e-01	1.530990963995253751e-01	2.617281557763490030e-01	1.591844785746034663e-01	7.439014626560797039e-02	3.137481967015127993e-02	8.128459923106318152e-02
1.275720005340898297e+03	2.387554429897905395e-01	1.529753850642943946e-01	2.618486285685474035e-01	1.592671093696209905e-01	7.441924260752662279e-02	3.139577643246118516e-02	8.133841496748057953e-02
1.277171336404994690e+03	2.385724962651265824e-01	1.528518825559136707e-01	2.619688827479485504e-01	1.593496097199468553e-01	7.444828901759065198e-02	3.141670113901320893e-02	8.139213855418216126e-02
1.278622667469091539e+03	2.383898633702008774e-01	1.527285885168911117e-01	2.620889187687832078e-01	1.594319797982749753e-01	7.447728559949834404e-02	3.143759382675704456e-02	8.144577011931609933e-02
1.280073998533187932e+03	2.382075437677163010e-01	1.526055025903726992e-01	2.622087370838040998e-01	1.595142197772743686e-01	7.450623245663778871e-02	3.145845453270260800e-02	8.149930979121380870e-02
1.281525329597284326e+03	2.380255369213052918e-01	1.524826244201411551e-01	2.623283381442955697e-01	1.595963298295872135e-01	7.453512969208830885e-02	3.147928329391906643e-02	8.155275769838501998e-02
1.282976660661381175e+03	2.378438422955283238e-01	1.523599536506146934e-01	2.624477224000825171e-01	1.596783101278272110e-01	7.456397740862195922e-02	3.150008014753386681e-02	8.160611396951303331e-02
1.284427991725477568e+03	2.376624593558721021e-01	1.522374899268454929e-01	2.625668902995395571e-01	1.597601608445776700e-01	7.459277570870496976e-02	3.152084513073179911e-02	8.165937873344998599e-02
1.285879322789574417e+03	2.374813875687478149e-01	1.521152328945185317e-01	2.626858422896002354e-01	1.598418821523897027e-01	7.462152469449916115e-02	3.154157828075403180e-02	8.171255211921212014e-02
1.287330653853671038e+03	2.373006264014894395e-01	1.519931821999501165e-01	2.628045788157657436e-01	1.599234742237805595e-01	7.465022446786338806e-02	3.156227963489718208e-02	8.176563425597517532e-02
1.288781984917767431e+03	2.371201753223520781e-01	1.518713374900865776e-01	2.629231003221139118e-01	1.600049372312319085e-01	7.467887513035501024e-02	3.158294923051239295e-02	8.181862527306980881e-02
1.290233315981864052e+03	2.369400338005101248e-01	1.517496984125030202e-01	2.630414072513079238e-01	1.600862713471879750e-01	7.470747678323121088e-02	3.160358710500439650e-02	8.187152529997705763e-02
