1.001418434226643626e+03	2.796191349145137339e-01	1.805177819119929972e-01	2.346245095323553354e-01	1.411305952994740820e-01	6.786961689280943122e-02	2.683545954891183860e-02	6.940290189966338841e-02
1.002869765290740247e+03	2.793659106141133108e-01	1.803477449227849361e-01	2.347972112903013997e-01	1.412402805728487087e-01	6.791017055797131385e-02	2.686296145179253511e-02	6.947572058990861277e-02
1.004321096354836754e+03	2.791131209699564408e-01	1.801779971337069408e-01	2.349695649418883925e-01	1.413498043761128586e-01	6.795064804519641843e-02	2.689042644912122831e-02	6.954843808373856184e-02
1.005772427418933376e+03	2.788607652307830143e-01	1.800085380351339470e-01	2.351415715282002827e-01	1.414591668507321209e-01	6.799104955099286030e-02	2.691785454179424289e-02	6.962105426208434200e-02
1.007223758483029997e+03	2.786088426467088763e-01	1.798393671184785048e-01	2.353132320842492853e-01	1.415683681388590631e-01	6.803137527105991567e-02	2.694524573114298258e-02	6.969356900922224485e-02
1.008675089547126618e+03	2.783573524692222190e-01	1.796704838761872813e-01	2.354845476390290682e-01	1.416774083833240161e-01	6.807162540029271236e-02	2.697260001893011030e-02	6.976598221273544453e-02
1.010126420611223239e+03	2.781062939511806942e-01	1.795018878017376751e-01	2.356555192155677381e-01	1.417862877276260258e-01	6.811180013278693435e-02	2.699991740734572487e-02	6.983829376347608364e-02
1.011577751675319632e+03	2.778556663468079724e-01	1.793335783896345681e-01	2.358261478309797432e-01	1.418950063159236941e-01	6.815189966184351245e-02	2.702719789900363129e-02	6.991050355552780315e-02
1.013029082739416367e+03	2.776054689116903562e-01	1.791655551354069398e-01	2.359964344965177485e-01	1.420035642930264352e-01	6.819192417997327338e-02	2.705444149693756600e-02	6.998261148616857774e-02
1.014480413803512761e+03	2.773557009027739495e-01	1.789978175356044809e-01	2.361663802176239002e-01	1.421119618043854560e-01	6.823187387890151945e-02	2.708164820459749503e-02	7.005461745583406452e-02
1.015931744867609382e+03	2.771063615783611600e-01	1.788303650877943463e-01	2.363359859939804519e-01	1.422201989960851509e-01	6.827174894957263596e-02	2.710881802584593284e-02	7.012652136808120162e-02
1.017383075931706003e+03	2.768574501981074798e-01	1.786631972905579901e-01	2.365052528195600023e-01	1.423282760148343318e-01	6.831154958215461537e-02	2.713595096495427170e-02	7.019832312955222309e-02
1.018834406995802851e+03	2.766089660230183767e-01	1.784963136434876696e-01	2.366741816826752054e-01	1.424361930079577343e-01	6.835127596604359534e-02	2.716304702659915957e-02	7.027002264993915948e-02
1.020285738059899245e+03	2.763609083154462964e-01	1.783297136471834743e-01	2.368427735660279254e-01	1.425439501233874695e-01	6.839092828986832739e-02	2.719010621585889187e-02	7.034161984194854667e-02
1.021737069123995752e+03	2.761132763390871658e-01	1.781633968032499682e-01	2.370110294467580314e-01	1.426515475096546970e-01	6.843050674149464552e-02	2.721712853820983102e-02	7.041311462126664811e-02
1.023188400188092373e+03	2.758660693589773949e-01	1.779973626142930254e-01	2.371789502964916918e-01	1.427589853158811872e-01	6.847001150802989322e-02	2.724411399952286067e-02	7.048450690652488526e-02
1.024639731252188767e+03	2.756192866414910458e-01	1.778316105839166938e-01	2.373465370813890307e-01	1.428662636917712725e-01	6.850944277582729502e-02	2.727106260605986418e-02	7.055579661926578150e-02
1.026091062316285615e+03	2.753729274543360583e-01	1.776661402167200310e-01	2.375137907621915900e-01	1.429733827876035201e-01	6.854880073049039735e-02	2.729797436447021011e-02	7.062698368390915582e-02
1.027542393380382237e+03	2.751269910665518625e-01	1.775009510182939121e-01	2.376807122942690698e-01	1.430803427542227391e-01	6.858808555687732900e-02	2.732484928178728276e-02	7.069806802771876064e-02
1.028993724444478858e+03	2.748814767485058819e-01	1.773360424952180325e-01	2.378473026276657909e-01	1.431871437430320415e-01	6.862729743910511715e-02	2.735168736542504739e-02	7.076904958076914165e-02
1.030445055508575479e+03	2.746363837718903689e-01	1.771714141550576882e-01	2.380135627071465199e-01	1.432937859059847940e-01	6.866643656055401723e-02	2.737848862317462592e-02	7.083992827591301111e-02
1.031896386572671872e+03	2.743917114097197407e-01	1.770070655063608611e-01	2.381794934722420709e-01	1.434002693955769847e-01	6.870550310387173176e-02	2.740525306320088991e-02	7.091070404874877386e-02
1.033347717636768493e+03	2.741474589363271930e-01	1.768429960586549998e-01	2.383450958572942702e-01	1.435065943648393405e-01	6.874449725097760144e-02	2.743198069403909520e-02	7.098137683758856675e-02
1.034799048700865114e+03	2.739036256273617576e-01	1.766792053224441050e-01	2.385103707915005311e-01	1.436127609673297501e-01	6.878341918306689340e-02	2.745867152459154081e-02	7.105194658342654790e-02
1.036250379764961508e+03	2.736602107597853606e-01	1.765156928092056765e-01	2.386753191989580136e-01	1.437187693571254921e-01	6.882226908061485349e-02	2.748532556412424180e-02	7.112241322990747738e-02
1.037701710829058356e+03	2.734172136118697138e-01	1.763524580313876877e-01	2.388399419987073669e-01	1.438246196888159911e-01	6.886104712338096678e-02	2.751194282226363322e-02	7.119277672329571427e-02
1.039153041893154750e+03	2.731746334631934836e-01	1.761895005024056160e-01	2.390042401047760834e-01	1.439303121174951849e-01	6.889975349041295438e-02	2.753852330899330542e-02	7.126303701244451894e-02
1.040604372957251599e+03	2.729324695946388490e-01	1.760268197366395837e-01	2.391682144262212706e-01	1.440358467987542246e-01	6.893838836005089510e-02	2.756506703465074967e-02	7.133319404876560521e-02
1.042055704021347992e+03	2.726907212883891152e-01	1.758644152494312218e-01	2.393318658671720889e-01	1.441412238886742303e-01	6.897695190993133330e-02	2.759157400992413509e-02	7.140324778619912272e-02
1.043507035085444613e+03	2.724493878279254377e-01	1.757022865570809500e-01	2.394951953268718015e-01	1.442464435438189363e-01	6.901544431699124793e-02	2.761804424584911669e-02	7.147319818118381962e-02
1.044958366149541234e+03	2.722084684980238811e-01	1.755404331768448956e-01	2.396582036997194354e-01	1.443515059212276963e-01	6.905386575747206324e-02	2.764447775380565048e-02	7.154304519262767725e-02
1.046409697213637855e+03	2.719679625847525317e-01	1.753788546269321458e-01	2.398208918753110264e-01	1.444564111784083782e-01	6.909221640692365940e-02	2.767087454551485012e-02	7.161278878187873898e-02
1.047861028277734476e+03	2.717278693754685559e-01	1.752175504265017780e-01	2.399832607384802530e-01	1.445611594733303418e-01	6.913049644020825835e-02	2.769723463303585403e-02	7.168242891269623052e-02
1.049312359341831097e+03	2.714881881588154244e-01	1.750565200956600564e-01	2.401453111693390707e-01	1.446657509644175554e-01	6.916870603150442054e-02	2.772355802876272368e-02	7.175196555122209663e-02
1.050763690405927491e+03	2.712489182247196928e-01	1.748957631554576009e-01	2.403070440433174859e-01	1.447701858105416572e-01	6.920684535431088913e-02	2.774984474542135232e-02	7.182139866595273203e-02
1.052215021470024112e+03	2.710100588643883923e-01	1.747352791278865003e-01	2.404684602312034125e-01	1.448744641710152103e-01	6.924491458145047573e-02	2.777609479606642923e-02	7.189072822771101767e-02
1.053666352534120733e+03	2.707716093703060323e-01	1.745750675358775372e-01	2.406295605991817521e-01	1.449785862055850971e-01	6.928291388507389070e-02	2.780230819407837270e-02	7.195995420961874556e-02
1.055117683598217127e+03	2.705335690362317691e-01	1.744151279032974955e-01	2.407903460088732517e-01	1.450825520744256636e-01	6.932084343666361503e-02	2.782848495316034287e-02	7.202907658706923788e-02
1.056569014662313975e+03	2.702959371571967417e-01	1.742554597549463014e-01	2.409508173173730561e-01	1.451863619381322246e-01	6.935870340703761960e-02	2.785462508733523718e-02	7.209809533770022982e-02
1.058020345726410369e+03	2.700587130295006855e-01	1.740960626165542480e-01	2.411109753772887609e-01	1.452900159577146522e-01	6.939649396635316769e-02	2.788072861094273089e-02	7.216701044136714094e-02
1.059471676790506763e+03	2.698218959507097670e-01	1.739369360147792476e-01	2.412708210367781325e-01	1.453935142945907977e-01	6.943421528411057586e-02	2.790679553863633158e-02	7.223582188011659633e-02
1.060923007854603611e+03	2.695854852196531981e-01	1.737780794772042503e-01	2.414303551395864111e-01	1.454968571105801634e-01	6.947186752915690544e-02	2.793282588538044051e-02	7.230452963816014211e-02
1.062374338918700232e+03	2.693494801364208491e-01	1.736194925323343574e-01	2.415895785250833649e-01	1.456000445678975463e-01	6.950945086968964015e-02	2.795881966644745559e-02	7.237313370184833561e-02
1.063825669982796853e+03	2.691138800023601951e-01	1.734611747095942680e-01	2.417484920282999550e-01	1.457030768291467937e-01	6.954696547326039147e-02	2.798477689741491262e-02	7.244163405964505753e-02
1.065277001046893474e+03	2.688786841200736522e-01	1.733031255393255587e-01	2.419070964799645007e-01	1.458059540573146684e-01	6.958441150677853460e-02	2.801069759416259866e-02	7.251003070210212953e-02
1.066728332110990095e+03	2.686438917934156900e-01	1.731453445527839086e-01	2.420653927065386790e-01	1.459086764157646043e-01	6.962178913651485834e-02	2.803658177286973141e-02	7.257832362183413988e-02
1.068179663175086489e+03	2.684095023274902791e-01	1.729878312821367115e-01	2.422233815302531068e-01	1.460112440682307666e-01	6.965909852810504843e-02	2.806242945001213157e-02	7.264651281349361611e-02
1.069630994239183110e+03	2.681755150286478928e-01	1.728305852604602177e-01	2.423810637691424519e-01	1.461136571788119731e-01	6.969633984655336512e-02	2.808824064235942997e-02	7.271459827374640583e-02
1.071082325303279504e+03	2.679419292044828427e-01	1.726736060217370083e-01	2.425384402370804049e-01	1.462159159119657270e-01	6.973351325623618202e-02	2.811401536697230585e-02	7.278258000124727956e-02
1.072533656367376352e+03	2.677087441638306142e-01	1.725168931008534134e-01	2.426955117438142351e-01	1.463180204325023881e-01	6.977061892090546946e-02	2.813975364119972525e-02	7.285045799661586663e-02
1.073984987431472746e+03	2.674759592167650912e-01	1.723604460335968758e-01	2.428522790949989296e-01	1.464199709055793719e-01	6.980765700369233329e-02	2.816545548267619312e-02	7.291823226241285483e-02
1.075436318495569594e+03	2.672435736745959467e-01	1.722042643566534526e-01	2.430087430922311387e-01	1.465217674966952932e-01	6.984462766711045656e-02	2.819112090931907497e-02	7.298590280311634260e-02
1.076887649559666215e+03	2.670115868498657008e-01	1.720483476076051788e-01	2.431649045330825654e-01	1.466234103716843318e-01	6.988153107305956901e-02	2.821674993932586986e-02	7.305346962509849662e-02
1.078338980623762609e+03	2.667799980563473339e-01	1.718926953249275968e-01	2.433207642111333557e-01	1.467248996967105146e-01	6.991836738282888875e-02	2.824234259117155976e-02	7.312093273660251469e-02
1.079790311687859230e+03	2.665488066090412334e-01	1.717373070479871477e-01	2.434763229160049058e-01	1.468262356382622202e-01	6.995513675710052226e-02	2.826789888360595193e-02	7.318829214771972735e-02
1.081241642751955851e+03	2.663180118241729177e-01	1.715821823170388116e-01	2.436315814333925023e-01	1.469274183631466002e-01	6.999183935595287842e-02	2.829341883565105256e-02	7.325554787036697713e-02
1.082692973816052472e+03	2.660876130191902056e-01	1.714273206732234434e-01	2.437865405450974354e-01	1.470284480384839998e-01	7.002847533886397136e-02	2.831890246659844734e-02	7.332269991826428912e-02
1.084144304880149093e+03	2.658576095127603844e-01	1.712727216585653578e-01	2.439412010290590849e-01	1.471293248317027125e-01	7.006504486471480664e-02	2.834434979600670632e-02	7.338974830691270823e-02
1.085595635944245487e+03	2.656280006247679903e-01	1.711183848159699150e-01	2.440955636593864497e-01	1.472300489105335397e-01	7.010154809179269808e-02	2.836976084369882689e-02	7.345669305357239998e-02
1.087046967008342108e+03	2.653987856763116993e-01	1.709643096892209668e-01	2.442496292063895680e-01	1.473306204430043787e-01	7.013798517779452901e-02	2.839513562975966299e-02	7.352353417724095952e-02
1.088498298072438729e+03	2.651699639897021066e-01	1.708104958229784975e-01	2.444033984366104639e-01	1.474310395974351429e-01	7.017435627983012458e-02	2.842047417453340621e-02	7.359027169863201212e-02
1.089949629136535123e+03	2.649415348884588406e-01	1.706569427627760704e-01	2.445568721128539846e-01	1.475313065424324332e-01	7.021066155442536039e-02	2.844577649862105317e-02	7.365690564015396624e-02
1.091400960200631971e+03	2.647134976973082310e-01	1.705036500550186074e-01	2.447100509942180258e-01	1.476314214468843755e-01	7.024690115752552089e-02	2.847104262287792134e-02	7.372343602588903033e-02
1.092852291264728365e+03	2.644858517421803668e-01	1.703506172469798075e-01	2.448629358361238684e-01	1.477313844799555964e-01	7.028307524449844967e-02	2.849627256841117534e-02	7.378986288157245166e-02
1.094303622328825213e+03	2.642585963502068203e-01	1.701978438867998711e-01	2.450155273903458775e-01	1.478311958110821722e-01	7.031918397013774136e-02	2.852146635657735324e-02	7.385618623457193554e-02
1.095754953392921607e+03	2.640317308497179272e-01	1.700453295234830575e-01	2.451678264050410894e-01	1.479308556099664940e-01	7.035522748866593346e-02	2.854662400897994487e-02	7.392240611386736993e-02
1.097206284457018228e+03	2.638052545702402329e-01	1.698930737068953256e-01	2.453198336247785216e-01	1.480303640465725490e-01	7.039120595373762890e-02	2.857174554746695627e-02	7.398852255003063316e-02
1.098657615521114849e+03	2.635791668424939393e-01	1.697410759877620301e-01	2.454715497905680943e-01	1.481297212911208416e-01	7.042711951844263241e-02	2.859683099412850538e-02	7.405453557520576269e-02
1.100108946585211470e+03	2.633534669983904619e-01	1.695893359176655624e-01	2.456229756398894404e-01	1.482289275140836193e-01	7.046296833530907300e-02	2.862188037129444890e-02	7.412044522308919303e-02
1.101560277649308091e+03	2.631281543710298765e-01	1.694378530490429913e-01	2.457741119067201052e-01	1.483279828861800431e-01	7.049875255630648485e-02	2.864689370153200576e-02	7.418625152891034080e-02
1.103011608713404712e+03	2.629032282946981436e-01	1.692866269351838149e-01	2.459249593215639407e-01	1.484268875783714692e-01	7.053447233284883267e-02	2.867187100764340135e-02	7.425195452941224517e-02
1.104462939777501106e+03	2.626786881048648881e-01	1.691356571302275735e-01	2.460755186114788051e-01	1.485256417618567859e-01	7.057012781579762029e-02	2.869681231266356033e-02	7.431755426283258303e-02
1.105914270841597499e+03	2.624545331381809565e-01	1.689849431891616849e-01	2.462257905001042635e-01	1.486242456080676400e-01	7.060571915546484667e-02	2.872171763985776130e-02	7.438305076888472589e-02
1.107365601905694348e+03	2.622307627324753643e-01	1.688344846678190014e-01	2.463757757076889265e-01	1.487226992886640231e-01	7.064124650161608676e-02	2.874658701271936428e-02	7.444844408873908803e-02
1.108816932969790741e+03	2.620073762267535744e-01	1.686842811228757566e-01	2.465254749511174848e-01	1.488210029755294983e-01	7.067671000347340582e-02	2.877142045496751746e-02	7.451373426500466912e-02
1.110268264033887590e+03	2.617843729611943893e-01	1.685343321118490389e-01	2.466748889439375758e-01	1.489191568407668698e-01	7.071210980971839866e-02	2.879621799054489853e-02	7.457892134171073550e-02
1.111719595097984211e+03	2.615617522771478964e-01	1.683846371930948493e-01	2.468240183963863188e-01	1.490171610566936033e-01	7.074744606849503459e-02	2.882097964361547346e-02	7.464400536428880684e-02
1.113170926162080832e+03	2.613395135171326378e-01	1.682351959258056584e-01	2.469728640154165988e-01	1.491150157958374967e-01	7.078271892741271054e-02	2.884570543856226910e-02	7.470898637955465660e-02
1.114622257226177226e+03	2.611176560248334999e-01	1.680860078700083526e-01	2.471214265047231018e-01	1.492127212309322382e-01	7.081792853354902662e-02	2.887039539998514925e-02	7.477386443569074281e-02
1.116073588290273847e+03	2.608961791450991052e-01	1.679370725865617642e-01	2.472697065647682380e-01	1.493102775349130218e-01	7.085307503345281144e-02	2.889504955269864284e-02	7.483863958222856938e-02
1.117524919354370468e+03	2.606750822239393695e-01	1.677883896371548389e-01	2.474177048928075384e-01	1.494076848809124392e-01	7.088815857314684221e-02	2.891966792172975115e-02	7.490331187003143598e-02
1.118976250418467089e+03	2.604543646085231146e-01	1.676399585843041107e-01	2.475654221829149959e-01	1.495049434422561219e-01	7.092317929813084232e-02	2.894425053231578643e-02	7.496788135127725738e-02
1.120427581482563710e+03	2.602340256471755708e-01	1.674917789913518418e-01	2.477128591260082668e-01	1.496020533924585505e-01	7.095813735338422912e-02	2.896879740990222427e-02	7.503234807944161866e-02
1.121878912546660331e+03	2.600140646893761009e-01	1.673438504224635803e-01	2.478600164098732628e-01	1.496990149052189190e-01	7.099303288336890339e-02	2.899330858014059070e-02	7.509671210928099694e-02
1.123330243610756725e+03	2.597944810857557019e-01	1.671961724426261620e-01	2.480068947191889084e-01	1.497958281544169989e-01	7.102786603203210813e-02	2.901778406888634240e-02	7.516097349681610806e-02
1.124781574674853118e+03	2.595752741880946179e-01	1.670487446176456003e-01	2.481534947355514276e-01	1.498924933141091431e-01	7.106263694280920418e-02	2.904222390219675723e-02	7.522513229931557244e-02
1.126232905738949967e+03	2.593564433493199539e-01	1.669015665141448668e-01	2.482998171374985463e-01	1.499890105585240940e-01	7.109734575862636241e-02	2.906662810632886992e-02	7.528918857527962250e-02
1.127684236803046360e+03	2.591379879235033434e-01	1.667546376995618362e-01	2.484458626005331405e-01	1.500853800620591816e-01	7.113199262190340877e-02	2.909099670773740778e-02	7.535314238442397672e-02
1.129135567867143209e+03	2.589199072658585066e-01	1.666079577421471503e-01	2.485916317971471612e-01	1.501816019992763263e-01	7.116657767455639161e-02	2.911532973307273328e-02	7.541699378766397732e-02
1.130586898931239830e+03	2.587022007327389739e-01	1.664615262109621074e-01	2.487371253968449769e-01	1.502776765448980700e-01	7.120110105800048217e-02	2.913962720917880750e-02	7.548074284709888060e-02
1.132038229995336451e+03	2.584848676816356439e-01	1.663153426758766373e-01	2.488823440661664388e-01	1.503736038738037184e-01	7.123556291315250033e-02	2.916388916309118826e-02	7.554438962599623053e-02
1.133489561059432845e+03	2.582679074711745626e-01	1.661694067075671633e-01	2.490272884687100285e-01	1.504693841610255933e-01	7.126996338043363466e-02	2.918811562203501436e-02	7.560793418877648220e-02
1.134940892123529466e+03	2.580513194611143146e-01	1.660237178775145761e-01	2.491719592651556181e-01	1.505650175817451197e-01	7.130430259977210694e-02	2.921230661342302456e-02	7.567137660099775009e-02
1.136392223187626087e+03	2.578351030123440246e-01	1.658782757580021527e-01	2.493163571132868683e-01	1.506605043112893005e-01	7.133858071060583672e-02	2.923646216485357996e-02	7.573471692934077848e-02
1.137843554251722708e+03	2.576192574868808594e-01	1.657330799221135575e-01	2.494604826680136833e-01	1.507558445251267754e-01	7.137279785188499481e-02	2.926058230410871763e-02	7.579795524159396725e-02
1.139294885315819101e+03	2.574037822478678073e-01	1.655881299437307885e-01	2.496043365813943038e-01	1.508510383988642123e-01	7.140695416207461232e-02	2.928466705915219737e-02	7.586109160663866147e-02
1.140746216379915950e+03	2.571886766595711804e-01	1.654434253975321234e-01	2.497479195026572063e-01	1.509460861082427552e-01	7.144104977915723131e-02	2.930871645812758303e-02	7.592412609443451033e-02
1.142197547444012343e+03	2.569739400873785606e-01	1.652989658589900934e-01	2.498912320782227803e-01	1.510409878291343322e-01	7.147508484063540279e-02	2.933273052935632050e-02	7.598705877600504810e-02
1.143648878508108737e+03	2.567595718977963570e-01	1.651547509043695960e-01	2.500342749517248664e-01	1.511357437375381862e-01	7.150905948353424024e-02	2.935670930133584683e-02	7.604988972342342779e-02
1.145100209572205586e+03	2.565455714584475300e-01	1.650107801107257577e-01	2.501770487640320173e-01	1.512303540095772947e-01	7.154297384440397312e-02	2.938065280273770633e-02	7.611261900979826578e-02
1.146551540636302207e+03	2.563319381380693707e-01	1.648670530559020464e-01	2.503195541532685087e-01	1.513248188214948164e-01	7.157682805932248649e-02	2.940456106240568399e-02	7.617524670925961139e-02
1.148002871700398828e+03	2.561186713065111697e-01	1.647235693185282734e-01	2.504617917548352946e-01	1.514191383496508170e-01	7.161062226389776353e-02	2.942843410935394588e-02	7.623777289694523562e-02
1.149454202764495449e+03	2.559057703347321633e-01	1.645803284780185394e-01	2.506037622014307131e-01	1.515133127705187155e-01	7.164435659327041128e-02	2.945227197276519687e-02	7.630019764898682277e-02
1.150905533828591842e+03	2.556932345947988128e-01	1.644373301145694577e-01	2.507454661230709703e-01	1.516073422606819543e-01	7.167803118211610314e-02	2.947607468198885222e-02	7.636252104249648121e-02
1.152356864892688463e+03	2.554810634598830843e-01	1.642945738091580177e-01	2.508869041471102346e-01	1.517012269968306126e-01	7.171164616464807684e-02	2.949984226653924041e-02	7.642474315555339293e-02
1.153808195956785084e+03	2.552692563042598950e-01	1.641520591435398080e-01	2.510280768982611210e-01	1.517949671557581592e-01	7.174520167461950759e-02	2.952357475609379209e-02	7.648686406719044928e-02
1.155259527020881706e+03	2.550578125033049481e-01	1.640097857002469350e-01	2.511689849986142309e-01	1.518885629143581495e-01	7.177869784532595054e-02	2.954727218049125678e-02	7.654888385738128909e-02
1.156710858084978327e+03	2.548467314334925127e-01	1.638677530625863021e-01	2.513096290676579692e-01	1.519820144496209502e-01	7.181213480960779716e-02	2.957093456972993695e-02	7.661080260702722577e-02
1.158162189149074720e+03	2.546360124723933138e-01	1.637259608146375001e-01	2.514500097222983621e-01	1.520753219386306032e-01	7.184551269985256505e-02	2.959456195396591854e-02	7.667262039794442430e-02
1.159613520213171569e+03	2.544256549986722016e-01	1.635844085412510307e-01	2.515901275768779310e-01	1.521684855585615781e-01	7.187883164799735436e-02	2.961815436351133979e-02	7.673433731285127235e-02
1.161064851277267962e+03	2.542156583920859303e-01	1.634430958280462809e-01	2.517299832431951767e-01	1.522615054866756634e-01	7.191209178553116532e-02	2.964171182883265643e-02	7.679595343535580709e-02
1.162516182341364356e+03	2.540060220334809937e-01	1.633020222614098571e-01	2.518695773305235086e-01	1.523543819003188859e-01	7.194529324349725752e-02	2.966523438054892089e-02	7.685746884994326678e-02
1.163967513405461204e+03	2.537967453047914601e-01	1.631611874284935593e-01	2.520089104456299522e-01	1.524471149769183187e-01	7.197843615249546745e-02	2.968872204943008575e-02	7.691888364196383665e-02
1.165418844469557826e+03	2.535878275890368072e-01	1.630205909172124656e-01	2.521479831927939119e-01	1.525397048939791944e-01	7.201152064268451225e-02	2.971217486639530017e-02	7.698019789762046428e-02
1.166870175533654447e+03	2.533792682703197574e-01	1.628802323162432397e-01	2.522867961738254339e-01	1.526321518290817969e-01	7.204454684378432117e-02	2.973559286251124811e-02	7.704141170395685523e-02
1.168321506597751068e+03	2.531710667338240017e-01	1.627401112150221596e-01	2.524253499880836915e-01	1.527244559598784635e-01	7.207751488507825599e-02	2.975897606899046907e-02	7.710252514884562147e-02
1.169772837661847461e+03	2.529632223658120904e-01	1.626002272037433138e-01	2.525636452324949155e-01	1.528166174640906705e-01	7.211042489541545641e-02	2.978232451718971358e-02	7.716353832097647136e-02
1.171224168725944082e+03	2.527557345536233235e-01	1.624605798733567419e-01	2.527016825015704904e-01	1.529086365195061470e-01	7.214327700321303272e-02	2.980563823860830908e-02	7.722445130984456618e-02
1.172675499790040703e+03	2.525486026856716415e-01	1.623211688155667132e-01	2.528394623874245517e-01	1.530005133039758491e-01	7.217607133645832784e-02	2.982891726488651196e-02	7.728526420573902933e-02
1.174126830854137097e+03	2.523418261514433492e-01	1.621819936228297843e-01	2.529769854797915274e-01	1.530922479954112680e-01	7.220880802271113785e-02	2.985216162780391508e-02	7.734597709973156654e-02
1.175578161918233945e+03	2.521354043414951174e-01	1.620430538883530502e-01	2.531142523660439569e-01	1.531838407717815154e-01	7.224148718910590461e-02	2.987537135927783444e-02	7.740659008366516936e-02
1.177029492982330339e+03	2.519293366474515961e-01	1.619043492060923684e-01	2.532512636312093668e-01	1.532752918111104923e-01	7.227410896235396398e-02	2.989854649136173062e-02	7.746710325014302678e-02
1.178480824046426733e+03	2.517236224620037488e-01	1.617658791707505261e-01	2.533880198579874787e-01	1.533666012914741139e-01	7.230667346874565526e-02	2.992168705624361630e-02	7.752751669251746469e-02
1.179932155110523581e+03	2.515182611789062439e-01	1.616276433777754373e-01	2.535245216267670854e-01	1.534577693909977003e-01	7.233918083415252775e-02	2.994479308624449845e-02	7.758783050487903787e-02
1.181383486174620202e+03	2.513132521929757335e-01	1.614896414233584765e-01	2.536607695156431475e-01	1.535487962878530899e-01	7.237163118402953343e-02	2.996786461381683447e-02	7.764804478204576088e-02
1.182834817238716823e+03	2.511085949000885775e-01	1.613518729044325917e-01	2.537967641004329478e-01	1.536396821602560303e-01	7.240402464341705313e-02	2.999090167154297784e-02	7.770815961955243600e-02
1.184286148302813444e+03	2.509042886971786235e-01	1.612143374186705835e-01	2.539325059546929109e-01	1.537304271864635141e-01	7.243636133694313084e-02	3.001390429213364811e-02	7.776817511364013391e-02
1.185737479366910065e+03	2.507003329822353743e-01	1.610770345644834400e-01	2.540679956497349234e-01	1.538210315447711418e-01	7.246864138882552764e-02	3.003687250842642514e-02	7.782809136124568816e-02
1.187188810431006686e+03	2.504967271543018237e-01	1.609399639410184490e-01	2.542032337546420995e-01	1.539114954135105406e-01	7.250086492287387274e-02	3.005980635338423995e-02	7.788790845999143952e-02
1.188640141495103080e+03	2.502934706134722909e-01	1.608031251481575608e-01	2.543382208362853225e-01	1.540018189710467555e-01	7.253303206249166191e-02	3.008270586009387931e-02	7.794762650817493865e-02
1.190091472559199701e+03	2.500905627608904225e-01	1.606665177865156391e-01	2.544729574593387889e-01	1.540920023957757234e-01	7.256514293067840848e-02	3.010557106176450087e-02	7.800724560475895408e-02
1.191542803623296322e+03	2.498880029987470552e-01	1.605301414574387131e-01	2.546074441862957727e-01	1.541820458661216919e-01	7.259719765003165570e-02	3.012840199172616210e-02	7.806676584936141083e-02
1.192994134687392716e+03	2.496857907302783008e-01	1.603939957630022839e-01	2.547416815774841692e-01	1.542719495605347768e-01	7.262919634274907221e-02	3.015119868342837350e-02	7.812618734224550943e-02
1.194445465751489564e+03	2.494839253597633810e-01	1.602580803060096870e-01	2.548756701910819267e-01	1.543617136574885473e-01	7.266113913063039498e-02	3.017396117043863457e-02	7.818551018430992816e-02
1.195896796815585958e+03	2.492824062925226014e-01	1.601223946899902328e-01	2.550094105831325342e-01	1.544513383354774450e-01	7.269302613507953870e-02	3.019668948644100778e-02	7.824473447707924745e-02
1.197348127879682352e+03	2.490812329349152698e-01	1.599869385191976523e-01	2.551429033075597874e-01	1.545408237730144518e-01	7.272485747710653869e-02	3.021938366523468575e-02	7.830386032269430474e-02
1.198799458943779200e+03	2.488804046943377812e-01	1.598517113986084037e-01	2.552761489161829433e-01	1.546301701486286762e-01	7.275663327732959096e-02	3.024204374073257914e-02	7.836288782390271601e-02
1.200250790007875821e+03	2.486799209792215082e-01	1.597167129339199243e-01	2.554091479587317082e-01	1.547193776408629928e-01	7.278835365597700890e-02	3.026466974695992546e-02	7.842181708404961926e-02
1.201702121071972442e+03	2.484797811990308303e-01	1.595819427315490480e-01	2.555419009828607257e-01	1.548084464282717121e-01	7.282001873288918015e-02	3.028726171805287345e-02	7.848064820706830702e-02
1.203153452136069063e+03	2.482799847642610247e-01	1.594474003986302568e-01	2.556744085341644546e-01	1.548973766894181925e-01	7.285162862752053714e-02	3.030981968825711970e-02	7.853938129747110863e-02
1.204604783200165684e+03	2.480805310864363511e-01	1.593130855430140713e-01	2.558066711561912121e-01	1.549861686028726482e-01	7.288318345894150008e-02	3.033234369192653462e-02	7.859801646034039746e-02
1.206056114264262078e+03	2.478814195781080254e-01	1.591789977732653849e-01	2.559386893904577742e-01	1.550748223472097620e-01	7.291468334584039201e-02	3.035483376352179560e-02	7.865655380131957031e-02
1.207507445328358699e+03	2.476826496528521382e-01	1.590451366986618820e-01	2.560704637764635860e-01	1.551633381010065760e-01	7.294612840652538177e-02	3.037728993760904425e-02	7.871499342660415177e-02
1.208958776392455093e+03	2.474842207252678228e-01	1.589115019291923170e-01	2.562019948517044177e-01	1.552517160428400766e-01	7.297751875892634355e-02	3.039971224885854376e-02	7.877333544293316225e-02
1.210410107456551941e+03	2.472861322109751736e-01	1.587780930755549602e-01	2.563332831516867416e-01	1.553399563512852799e-01	7.300885452059679981e-02	3.042210073204335702e-02	7.883157995758034720e-02
1.211861438520648335e+03	2.470883835266131923e-01	1.586449097491559324e-01	2.564643292099413330e-01	1.554280592049127052e-01	7.304013580871580869e-02	3.044445542203802132e-02	7.888972707834564224e-02
1.213312769584745183e+03	2.468909740898379834e-01	1.585119515621076225e-01	2.565951335580368697e-01	1.555160247822865438e-01	7.307136274008975418e-02	3.046677635381723342e-02	7.894777691354669391e-02
1.214764100648841804e+03	2.466939033193206732e-01	1.583792181272270227e-01	2.567256967255934219e-01	1.556038532619622716e-01	7.310253543115428909e-02	3.048906356245457278e-02	7.900572957201043578e-02
1.216215431712937971e+03	2.464971706347454661e-01	1.582467090580342017e-01	2.568560192402961073e-01	1.556915448224847343e-01	7.313365399797613908e-02	3.051131708312120397e-02	7.906358516306490059e-02
1.217666762777034819e+03	2.463007754568077023e-01	1.581144239687506392e-01	2.569861016279080812e-01	1.557790996423859542e-01	7.316471855625493459e-02	3.053353695108458610e-02	7.912134379653090743e-02
1.219118093841131440e+03	2.461047172072118872e-01	1.579823624742976718e-01	2.571159444122838589e-01	1.558665179001830492e-01	7.319572922132505655e-02	3.055572320170723416e-02	7.917900558271404043e-02
1.220569424905228061e+03	2.459089953086697478e-01	1.578505241902949663e-01	2.572455481153823609e-01	1.559537997743763171e-01	7.322668610815742662e-02	3.057787587044543537e-02	7.923657063239654408e-02
1.222020755969324682e+03	2.457136091848983184e-01	1.577189087330588546e-01	2.573749132572798470e-01	1.560409454434470988e-01	7.325758933136129747e-02	3.059999499284801749e-02	7.929403905682946840e-02
1.223472087033421303e+03	2.455185582606179695e-01	1.575875157196007792e-01	2.575040403561824620e-01	1.561279550858557796e-01	7.328843900518608456e-02	3.062208060455509639e-02	7.935141096772477254e-02
1.224923418097517697e+03	2.453238419615505206e-01	1.574563447676258221e-01	2.576329299284392249e-01	1.562148288800398743e-01	7.331923524352308708e-02	3.064413274129687212e-02	7.940868647724755314e-02
1.226374749161614318e+03	2.451294597144172416e-01	1.573253954955310396e-01	2.577615824885545193e-01	1.563015670044120564e-01	7.334997815990729197e-02	3.066615143889238337e-02	7.946586569800845323e-02
1.227826080225710712e+03	2.449354109469370488e-01	1.571946675224039913e-01	2.578899985492004165e-01	1.563881696373581320e-01	7.338066786751909487e-02	3.068813673324831751e-02	7.952294874305596006e-02
1.229277411289807560e+03	2.447416950878244513e-01	1.570641604680211023e-01	2.580181786212292216e-01	1.564746369572352913e-01	7.341130447918607638e-02	3.071008866035780313e-02	7.957993572586900821e-02
1.230728742353903954e+03	2.445483115667877738e-01	1.569338739528462201e-01	2.581461232136854078e-01	1.565609691423700822e-01	7.344188810738470907e-02	3.073200725629923052e-02	7.963682676034947172e-02
1.232180073418000802e+03	2.443552598145271870e-01	1.568038075980290602e-01	2.582738328338180511e-01	1.566471663710565787e-01	7.347241886424210611e-02	3.075389255723505466e-02	7.969362196081486438e-02
1.233631404482097196e+03	2.441625392627328195e-01	1.566739610254036519e-01	2.584013079870925989e-01	1.567332288215544656e-01	7.350289686153767266e-02	3.077574459941064336e-02	7.975032144199108164e-02
1.235082735546193817e+03	2.439701493440828428e-01	1.565443338574868670e-01	2.585285491772027489e-01	1.568191566720873453e-01	7.353332221070488228e-02	3.079756341915309767e-02	7.980692531900518416e-02
1.236534066610290438e+03	2.437780894922416397e-01	1.564149257174768382e-01	2.586555569060824400e-01	1.569049501008407677e-01	7.356369502283291451e-02	3.081934905287011736e-02	7.986343370737836178e-02
1.237985397674387059e+03	2.435863591418578333e-01	1.562857362292514873e-01	2.587823316739171764e-01	1.569906092859605640e-01	7.359401540866833402e-02	3.084110153704883867e-02	7.991984672301884196e-02
1.239436728738483680e+03	2.433949577285625665e-01	1.561567650173670829e-01	2.589088739791560179e-01	1.570761344055509323e-01	7.362428347861676992e-02	3.086282090825471364e-02	7.997616448221499252e-02
1.240888059802580301e+03	2.432038846889674477e-01	1.560280117070566297e-01	2.590351843185227931e-01	1.571615256376728276e-01	7.365449934274458099e-02	3.088450720313038259e-02	8.003238710162845215e-02
1.242339390866676695e+03	2.430131394606627471e-01	1.558994759242284533e-01	2.591612631870274797e-01	1.572467831603421295e-01	7.368466311078049336e-02	3.090616045839454651e-02	8.008851469828733027e-02
1.243790721930773088e+03	2.428227214822156754e-01	1.557711572954647294e-01	2.592871110779773058e-01	1.573319071515279499e-01	7.371477489211718248e-02	3.092778071084088809e-02	8.014454738957947633e-02
1.245242052994869937e+03	2.426326301931683027e-01	1.556430554480199291e-01	2.594127284829882418e-01	1.574168977891508836e-01	7.374483479581302181e-02	3.094936799733693025e-02	8.020048529324586006e-02
1.246693384058966330e+03	2.424428650340358649e-01	1.555151700098194312e-01	2.595381158919958242e-01	1.575017552510814267e-01	7.377484293059359544e-02	3.097092235482298839e-02	8.025632852737402123e-02
1.248144715123063179e+03	2.422534254463048486e-01	1.553875006094580513e-01	2.596632737932661472e-01	1.575864797151382279e-01	7.380479940485330792e-02	3.099244382031106360e-02	8.031207721039151926e-02
1.249596046187159800e+03	2.420643108724312154e-01	1.552600468761984598e-01	2.597882026734067429e-01	1.576710713590864510e-01	7.383470432665702188e-02	3.101393243088377757e-02	8.036773146105956334e-02
1.251047377251256421e+03	2.418755207558384301e-01	1.551328084399698770e-01	2.599129030173772392e-01	1.577555303606361647e-01	7.386455780374162616e-02	3.103538822369331096e-02	8.042329139846662867e-02
1.252498708315352815e+03	2.416870545409157689e-01	1.550057849313664915e-01	2.600373753085000739e-01	1.578398568974407057e-01	7.389435994351760406e-02	3.105681123596033474e-02	8.047875714202225306e-02
1.253950039379449436e+03	2.414989116730164587e-01	1.548789759816462108e-01	2.601616200284710412e-01	1.579240511470951513e-01	7.392411085307061536e-02	3.107820150497298331e-02	8.053412881145072255e-02
1.255401370443546057e+03	2.413110915984558180e-01	1.547523812227289963e-01	2.602856376573698949e-01	1.580081132871347105e-01	7.395381063916303677e-02	3.109955906808580320e-02	8.058940652678497907e-02
1.256852701507642678e+03	2.411235937645094807e-01	1.546260002871955308e-01	2.604094286736703401e-01	1.580920434950330578e-01	7.398345940823550237e-02	3.112088396271871227e-02	8.064459040836058357e-02
1.258304032571739299e+03	2.409364176194115359e-01	1.544998328082858308e-01	2.605329935542507469e-01	1.581758419482009737e-01	7.401305726640843019e-02	3.114217622635600397e-02	8.069968057680966533e-02
1.259755363635835920e+03	2.407495626123527799e-01	1.543738784198977476e-01	2.606563327744040870e-01	1.582595088239846792e-01	7.404260431948357646e-02	3.116343589654530996e-02	8.075467715305501004e-02
1.261206694699932314e+03	2.405630281934788839e-01	1.542481367565856076e-01	2.607794468078480365e-01	1.583430442996643928e-01	7.407210067294554834e-02	3.118466301089660442e-02	8.080958025830417557e-02
1.262658025764028707e+03	2.403768138138885624e-01	1.541226074535587132e-01	2.609023361267350238e-01	1.584264485524528032e-01	7.410154643196328883e-02	3.120585760708120479e-02	8.086439001404367721e-02
1.264109356828125556e+03	2.401909189256318800e-01	1.539972901466800381e-01	2.610250012016619992e-01	1.585097217594935992e-01	7.413094170139161720e-02	3.122701972283078303e-02	8.091910654203329778e-02
1.265560687892221949e+03	2.400053429817082806e-01	1.538721844724648125e-01	2.611474425016806489e-01	1.585928640978600257e-01	7.416028658577264454e-02	3.124814939593637680e-02	8.097372996430041159e-02
1.267012018956318798e+03	2.398200854360651169e-01	1.537472900680790511e-01	2.612696604943065548e-01	1.586758757445534407e-01	7.418958118933734192e-02	3.126924666424742150e-02	8.102826040313430844e-02
1.268463350020415419e+03	2.396351457435955401e-01	1.536226065713382216e-01	2.613916556455292972e-01	1.587587568765018720e-01	7.421882561600691430e-02	3.129031156567078226e-02	8.108269798108068416e-02
1.269914681084511813e+03	2.394505233601368632e-01	1.534981336207057734e-01	2.615134284198217252e-01	1.588415076705585738e-01	7.424801996939435489e-02	3.131134413816979295e-02	8.113704282093618658e-02
1.271366012148608434e+03	2.392662177424688397e-01	1.533738708552919161e-01	2.616349792801496710e-01	1.589241283035006946e-01	7.427716435280584673e-02	3.133234441976331941e-02	8.119129504574296163e-02
1.272817343212705055e+03	2.390822283483118871e-01	1.532498179148521211e-01	2.617563086879811651e-01	1.590066189520278617e-01	7.430625886924217827e-02	3.135331244852478799e-02	8.124545477878329647e-02
1.274268674276801676e+03	2.388985546363251999e-01	1.531259744397857891e-01	2.618774171032957065e-01	1.590889797927607929e-01	7.433530362140024217e-02	3.137424826258126964e-02	8.129952214357431817e-02
1.275720005340898297e+03	2.387151960661051675e-01	1.530023400711348069e-01	2.619983049845935885e-01	1.591712110022399651e-01	7.436429871167443695e-02	3.139515190011255702e-02	8.135349726386276181e-02
1.277171336404994690e+03	2.385321520981835142e-01	1.528789144505822706e-01	2.621189727889051690e-01	1.592533127569243367e-01	7.439324424215804088e-02	3.141602339935022775e-02	8.140738026361976631e-02
1.278622667469091539e+03	2.383494221940255786e-01	1.527556972204511254e-01	2.622394209717995861e-01	1.593352852331898772e-01	7.442214031464466917e-02	3.143686279857673543e-02	8.146117126703580902e-02
1.280073998533187932e+03	2.381670058160285652e-01	1.526326880237028061e-01	2.623596499873938614e-01	1.594171286073284011e-01	7.445098703062966172e-02	3.145767013612451451e-02	8.151487039851557093e-02
1.281525329597284326e+03	2.379849024275198510e-01	1.525098865039358487e-01	2.624796602883620600e-01	1.594988430555462078e-01	7.447978449131145706e-02	3.147844545037506436e-02	8.156847778267296845e-02
1.282976660661381175e+03	2.378031114927552092e-01	1.523872923053845307e-01	2.625994523259436719e-01	1.595804287539627775e-01	7.450853279759298009e-02	3.149918877975808884e-02	8.162199354432618514e-02
1.284427991725477568e+03	2.376216324769170607e-01	1.522649050729177056e-01	2.627190265499527166e-01	1.596618858786095774e-01	7.453723205008302988e-02	3.151990016275058037e-02	8.167541780849280064e-02
1.285879322789574417e+03	2.374404648461128642e-01	1.521427244520371924e-01	2.628383834087862359e-01	1.597432146054288127e-01	7.456588234909759805e-02	3.154057963787593177e-02	8.172875070038491951e-02
1.287330653853671038e+03	2.372596080673731733e-01	1.520207500888766661e-01	2.629575233494327313e-01	1.598244151102720667e-01	7.459448379466129819e-02	3.156122724370312438e-02	8.178199234540445284e-02
1.288781984917767431e+03	2.370790616086501656e-01	1.518989816302002416e-01	2.630764468174810466e-01	1.599054875688992461e-01	7.462303648650865651e-02	3.158184301884579825e-02	8.183514286913830260e-02
1.290233315981864052e+03	2.368988249388158107e-01	1.517774187234011696e-01	2.631951542571285829e-01	1.599864321569772485e-01	7.465154052408545793e-02	3.160242700196146115e-02	8.188820239735374040e-02
