1.001418434226643626e+03	2.840888590162942151e-01	1.726632476691763174e-01	2.348357172163020590e-01	1.417210259221421687e-01	6.895732015196623377e-02	2.763901415193012120e-02	7.009481587215600495e-02
1.003837319333471214e+03	2.836550249412865266e-01	1.723919365695750494e-01	2.351313133329908378e-01	1.418989551800360072e-01	6.903161324438296387e-02	2.768351258941926379e-02	7.020764414227646799e-02
1.006256204440298802e+03	2.832224411644186368e-01	1.721214075356974627e-01	2.354260139051012890e-01	1.420763596496844861e-01	6.910569587406054093e-02	2.772792364750523847e-02	7.032015822349950429e-02
1.008675089547126618e+03	2.827911040723571356e-01	1.718516583062398573e-01	2.357198215850296041e-01	1.422532410945595294e-01	6.917956866954300121e-02	2.777224737067822066e-02	7.043235890155979950e-02
1.011093974653954206e+03	2.823610100622813146e-01	1.715826866264888728e-01	2.360127390172294115e-01	1.424296012703832326e-01	6.925323225736043642e-02	2.781648380445041549e-02	7.054424696177349907e-02
1.013512859760782021e+03	2.819321555418518588e-01	1.713144902483017540e-01	2.363047688382381717e-01	1.426054419251794603e-01	6.932668726203621012e-02	2.786063299534651330e-02	7.065582318901320047e-02
1.015931744867609382e+03	2.815045369291798161e-01	1.710470669300867552e-01	2.365959136767034621e-01	1.427807647993251938e-01	6.939993430609420200e-02	2.790469499089425626e-02	7.076708836768352828e-02
1.018350629974437197e+03	2.810781506527954554e-01	1.707804144367833510e-01	2.368861761534091781e-01	1.429555716256012410e-01	6.947297401006595485e-02	2.794866983961503959e-02	7.087804328169701462e-02
1.020769515081264785e+03	2.806529931516173471e-01	1.705145305398430289e-01	2.371755588813015125e-01	1.431298641292425011e-01	6.954580699249780784e-02	2.799255759101457880e-02	7.098868871445046524e-02
1.023188400188092373e+03	2.802290608749216094e-01	1.702494130172095277e-01	2.374640644655148791e-01	1.433036440279877310e-01	6.961843386995807126e-02	2.803635829557367051e-02	7.109902544880175590e-02
1.025607285294920075e+03	2.798063502823111004e-01	1.699850596532997138e-01	2.377516955033977808e-01	1.434769130321288111e-01	6.969085525704399320e-02	2.808007200473897763e-02	7.120905426704690622e-02
1.028026170401747549e+03	2.793848578436846086e-01	1.697214682389840690e-01	2.380384545845384836e-01	1.436496728445596505e-01	6.976307176638889274e-02	2.812369877091390816e-02	7.131877595089765320e-02
1.030445055508575479e+03	2.789645800392064889e-01	1.694586365715674559e-01	2.383243442907905796e-01	1.438219251608245652e-01	6.983508400866920984e-02	2.816723864744953565e-02	7.142819128145938556e-02
1.032863940615402726e+03	2.785455133592762977e-01	1.691965624547700220e-01	2.386093671962983553e-01	1.439936716691661289e-01	6.990689259261138877e-02	2.821069168863561683e-02	7.153730103920943884e-02
1.035282825722230655e+03	2.781276543044982064e-01	1.689352436987078820e-01	2.388935258675221884e-01	1.441649140505726900e-01	6.997849812499890021e-02	2.825405794969161610e-02	7.164610600397580686e-02
1.037701710829058356e+03	2.777109993856508030e-01	1.686746781198741330e-01	2.391768228632637772e-01	1.443356539788253345e-01	7.004990121067918019e-02	2.829733748675784463e-02	7.175460695491618635e-02
1.040120595935886058e+03	2.772955451236570057e-01	1.684148635411199524e-01	2.394592607346911761e-01	1.445058931205445985e-01	7.012110245257052732e-02	2.834053035688664443e-02	7.186280467049740994e-02
1.042539481042713533e+03	2.768812880495538642e-01	1.681557977916354751e-01	2.397408420253639150e-01	1.446756331352364033e-01	7.019210245166890294e-02	2.838363661803360374e-02	7.197069992847522635e-02
1.044958366149541234e+03	2.764682247044627506e-01	1.678974787069309194e-01	2.400215692712577287e-01	1.448448756753378530e-01	7.026290180705488386e-02	2.842665632904887996e-02	7.207829350587445505e-02
1.047377251256368709e+03	2.760563516395592720e-01	1.676399041288177960e-01	2.403014450007893432e-01	1.450136223862626139e-01	7.033350111590036535e-02	2.846958954966855720e-02	7.218558617896950191e-02
1.049796136363196410e+03	2.756456654160437392e-01	1.673830719053901461e-01	2.405804717348412058e-01	1.451818749064456016e-01	7.040390097347541676e-02	2.851243634050608031e-02	7.229257872326519396e-02
1.052215021470024112e+03	2.752361626051113008e-01	1.671269798910058613e-01	2.408586519867859932e-01	1.453496348673876115e-01	7.047410197315501224e-02	2.855519676304370258e-02	7.239927191347794722e-02
1.054633906576851814e+03	2.748278397879224122e-01	1.668716259462679485e-01	2.411359882625109530e-01	1.455169038936990900e-01	7.054410470642571984e-02	2.859787087962406896e-02	7.250566652351736474e-02
1.057052791683679516e+03	2.744206935555731364e-01	1.666170079380059343e-01	2.414124830604422733e-01	1.456836836031439875e-01	7.061390976289246002e-02	2.864045875344178177e-02	7.261176332646797349e-02
1.059471676790506763e+03	2.740147205090660565e-01	1.663631237392574624e-01	2.416881388715694245e-01	1.458499756066828634e-01	7.068351773028513918e-02	2.868296044853508794e-02	7.271756309457154399e-02
1.061890561897334692e+03	2.736099172592807993e-01	1.661099712292496422e-01	2.419629581794690565e-01	1.460157815085157129e-01	7.075292919446525552e-02	2.872537602977757662e-02	7.282306659920953495e-02
1.064309447004162394e+03	2.732062804269448364e-01	1.658575482933808132e-01	2.422369434603291460e-01	1.461811029061243772e-01	7.082214473943257427e-02	2.876770556286996003e-02	7.292827461088589869e-02
1.066728332110990095e+03	2.728038066426041741e-01	1.656058528232020877e-01	2.425100971829728391e-01	1.463459413903146766e-01	7.089116494733165019e-02	2.880994911433189948e-02	7.303318789921030285e-02
1.069147217217817570e+03	2.724024925465945990e-01	1.653548827163991153e-01	2.427824218088822372e-01	1.465102985452579054e-01	7.095999039845840572e-02	2.885210675149391460e-02	7.313780723288151875e-02
1.071566102324645271e+03	2.720023347890125343e-01	1.651046358767737365e-01	2.430539197922220729e-01	1.466741759485321595e-01	7.102862167126669513e-02	2.889417854248930301e-02	7.324213337967123982e-02
1.073984987431472746e+03	2.716033300296862851e-01	1.648551102142258862e-01	2.433245935798633020e-01	1.468375751711632482e-01	7.109705934237475766e-02	2.893616455624615363e-02	7.334616710640808057e-02
1.076403872538300675e+03	2.712054749381471730e-01	1.646063036447355521e-01	2.435944456114066126e-01	1.470004977776652177e-01	7.116530398657168466e-02	2.897806486247941210e-02	7.344990917896200566e-02
1.078822757645127922e+03	2.708087661936010027e-01	1.643582140903445954e-01	2.438634783192057953e-01	1.471629453260804854e-01	7.123335617682388654e-02	2.901987953168298773e-02	7.355336036222895335e-02
1.081241642751955851e+03	2.704132004848993076e-01	1.641108394791387370e-01	2.441316941283909470e-01	1.473249193680195579e-01	7.130121648428151826e-02	2.906160863512192646e-02	7.365652142011579195e-02
1.083660527858783553e+03	2.700187745105109283e-01	1.638641777452297943e-01	2.443990954568916463e-01	1.474864214487005276e-01	7.136888547828482143e-02	2.910325224482462544e-02	7.375939311552549837e-02
1.086079412965611255e+03	2.696254849784935903e-01	1.636182268287375008e-01	2.446656847154602410e-01	1.476474531069881801e-01	7.143636372637054976e-02	2.914481043357512041e-02	7.386197621034276684e-02
1.088498298072438729e+03	2.692333286064654829e-01	1.633729846757719373e-01	2.449314643076945242e-01	1.478080158754325191e-01	7.150365179427828344e-02	2.918628327490541824e-02	7.396427146541971476e-02
1.090917183179266431e+03	2.688423021215773923e-01	1.631284492384156570e-01	2.451964366300609377e-01	1.479681112803073739e-01	7.157075024595671575e-02	2.922767084308787802e-02	7.406627964056197722e-02
1.093336068286093905e+03	2.684524022604841131e-01	1.628846184747059223e-01	2.454606040719169713e-01	1.481277408416482588e-01	7.163765964356999527e-02	2.926897321312766156e-02	7.416800149451502344e-02
1.095754953392921607e+03	2.680636257693165825e-01	1.626414903486171071e-01	2.457239690155342271e-01	1.482869060732901201e-01	7.170438054750388757e-02	2.931019046075521162e-02	7.426943778495077864e-02
1.098173838499749309e+03	2.676759694036540682e-01	1.623990628300430172e-01	2.459865338361207354e-01	1.484456084829046674e-01	7.177091351637210348e-02	2.935132266241881685e-02	7.437058926845448170e-02
1.100592723606577010e+03	2.672894299284959696e-01	1.621573338947795706e-01	2.462483009018436031e-01	1.486038495720373998e-01	7.183725910702246087e-02	2.939236989527719418e-02	7.447145670051175115e-02
1.103011608713404712e+03	2.669040041182341172e-01	1.619163015245069503e-01	2.465092725738513291e-01	1.487616308361442430e-01	7.190341787454310185e-02	2.943333223719214395e-02	7.457204083549605345e-02
1.105430493820231959e+03	2.665196887566254613e-01	1.616759637067723965e-01	2.467694512062961754e-01	1.489189537646278816e-01	7.196939037226855740e-02	2.947420976672126408e-02	7.467234242665624078e-02
1.107849378927059888e+03	2.661364806367637614e-01	1.614363184349728031e-01	2.470288391463563993e-01	1.490758198408739521e-01	7.203517715178597847e-02	2.951500256311068854e-02	7.477236222610442185e-02
1.110268264033887590e+03	2.657543765610525521e-01	1.611973637083373156e-01	2.472874387342582636e-01	1.492322305422865703e-01	7.210077876294118671e-02	2.955571070628789862e-02	7.487210098480417964e-02
1.112687149140715292e+03	2.653733733411776097e-01	1.609590975319101780e-01	2.475452523032981300e-01	1.493881873403238858e-01	7.216619575384479457e-02	2.959633427685459325e-02	7.497155945255878917e-02
1.115106034247542766e+03	2.649934677980794739e-01	1.607215179165333296e-01	2.478022821798644415e-01	1.495436917005330268e-01	7.223142867087820052e-02	2.963687335607956622e-02	7.507073837799990712e-02
1.117524919354370468e+03	2.646146567619262480e-01	1.604846228788294471e-01	2.480585306834595105e-01	1.496987450825850441e-01	7.229647805869965360e-02	2.967732802589169092e-02	7.516963850857640017e-02
1.119943804461197942e+03	2.642369370720863420e-01	1.602484104411846799e-01	2.483140001267212793e-01	1.498533489403092445e-01	7.236134446025024869e-02	2.971769836887292252e-02	7.526826059054329832e-02
1.122362689568025871e+03	2.638603055771014394e-01	1.600128786317317198e-01	2.485686928154450526e-01	1.500075047217273860e-01	7.242602841675992165e-02	2.975798446825133822e-02	7.536660536895119222e-02
1.124781574674853118e+03	2.634847591346594631e-01	1.597780254843325920e-01	2.488226110486049247e-01	1.501612138690876785e-01	7.249053046775340292e-02	2.979818640789426085e-02	7.546467358763571387e-02
1.127200459781681047e+03	2.631102946115674857e-01	1.595438490385620300e-01	2.490757571183755126e-01	1.503144778188982289e-01	7.255485115105611560e-02	2.983830427230140317e-02	7.556246598920723923e-02
1.129619344888508749e+03	2.627369088837251399e-01	1.593103473396902670e-01	2.493281333101531327e-01	1.504672980019604589e-01	7.261899100280011510e-02	2.987833814659807824e-02	7.565998331504084073e-02
1.132038229995336451e+03	2.623645988360976400e-01	1.590775184386663543e-01	2.495797419025772013e-01	1.506196758434019123e-01	7.268295055742994559e-02	2.991828811652844783e-02	7.575722630526646184e-02
1.134457115102163925e+03	2.619933613626891922e-01	1.588453603921013424e-01	2.498305851675515499e-01	1.507716127627092284e-01	7.274673034770852420e-02	2.995815426844882987e-02	7.585419569875928580e-02
1.136876000208991627e+03	2.616231933665162379e-01	1.586138712622515712e-01	2.500806653702654092e-01	1.509231101737603942e-01	7.281033090472298352e-02	2.999793668932103363e-02	7.595089223313031268e-02
1.139294885315819101e+03	2.612540917595810863e-01	1.583830491170019061e-01	2.503299847692145308e-01	1.510741694848569960e-01	7.287375275789044482e-02	3.003763546670575393e-02	7.604731664471715835e-02
1.141713770422646803e+03	2.608860534628453798e-01	1.581528920298492236e-01	2.505785456162223368e-01	1.512247920987560557e-01	7.293699643496381890e-02	3.007725068875603466e-02	7.614346966857503396e-02
1.144132655529474505e+03	2.605190754062038372e-01	1.579233980798856463e-01	2.508263501564604314e-01	1.513749794127016712e-01	7.300006246203756544e-02	3.011678244421073236e-02	7.623935203846794739e-02
1.146551540636302207e+03	2.601531545284578306e-01	1.576945653517822787e-01	2.510734006284698894e-01	1.515247328184562703e-01	7.306295136355343833e-02	3.015623082238806998e-02	7.633496448686005742e-02
1.148970425743129908e+03	2.597882877772891841e-01	1.574663919357725261e-01	2.513196992641816285e-01	1.516740537023318347e-01	7.312566366230624504e-02	3.019559591317920455e-02	7.643030774490727763e-02
1.151389310849957155e+03	2.594244721092342498e-01	1.572388759276356907e-01	2.515652482889370045e-01	1.518229434452205706e-01	7.318819987944946703e-02	3.023487780704186417e-02	7.652538254244903304e-02
1.153808195956785084e+03	2.590617044896577625e-01	1.570120154286807068e-01	2.518100499215086274e-01	1.519714034226256061e-01	7.325056053450096361e-02	3.027407659499401632e-02	7.662018960800026646e-02
1.156227081063612786e+03	2.586999818927266381e-01	1.567858085457297379e-01	2.520541063741207344e-01	1.521194350046911337e-01	7.331274614534862011e-02	3.031319236860759159e-02	7.671472966874350041e-02
1.158645966170440488e+03	2.583393013013844386e-01	1.565602533911019112e-01	2.522974198524696732e-01	1.522670395562324697e-01	7.337475722825596847e-02	3.035222522000224910e-02	7.680900345052125988e-02
1.161064851277267962e+03	2.579796597073255038e-01	1.563353480825970532e-01	2.525399925557440528e-01	1.524142184367659747e-01	7.343659429786780768e-02	3.039117524183916966e-02	7.690301167782848113e-02
1.163483736384095664e+03	2.576210541109690277e-01	1.561110907434796469e-01	2.527818266766449495e-01	1.525609730005384190e-01	7.349825786721574106e-02	3.043004252731492179e-02	7.699675507380526751e-02
1.165902621490923138e+03	2.572634815214336346e-01	1.558874795024626503e-01	2.530229244014064460e-01	1.527073045965563480e-01	7.355974844772378285e-02	3.046882717015535549e-02	7.709023436022975628e-02
1.168321506597751068e+03	2.569069389565117878e-01	1.556645124936913427e-01	2.532632879098152268e-01	1.528532145686151145e-01	7.362106654921386772e-02	3.050752926460955153e-02	7.718345025751108257e-02
1.170740391704578315e+03	2.565514234426441997e-01	1.554421878567274484e-01	2.535029193752308396e-01	1.529987042553276888e-01	7.368221267991134638e-02	3.054614890544378805e-02	7.727640348468264864e-02
1.173159276811406244e+03	2.561969320148945184e-01	1.552205037365330664e-01	2.537418209646055689e-01	1.531437749901532197e-01	7.374318734645049500e-02	3.058468618793558358e-02	7.736909475939546255e-02
1.175578161918233945e+03	2.558434617169239034e-01	1.549994582834547940e-01	2.539799948385045303e-01	1.532884281014253169e-01	7.380399105388001091e-02	3.062314120786775729e-02	7.746152479791169887e-02
1.177997047025061647e+03	2.554910096009657683e-01	1.547790496532079063e-01	2.542174431511248778e-01	1.534326649123801678e-01	7.386462430566839710e-02	3.066151406152255524e-02	7.755369431509838429e-02
1.180415932131889122e+03	2.551395727278008563e-01	1.545592760068603133e-01	2.544541680503160097e-01	1.535764867411844037e-01	7.392508760370945786e-02	3.069980484567579743e-02	7.764560402442123588e-02
1.182834817238716823e+03	2.547891481667318159e-01	1.543401355108171003e-01	2.546901716775990532e-01	1.537198949009627169e-01	7.398538144832762786e-02	3.073801365759107687e-02	7.773725463793869361e-02
1.185253702345544298e+03	2.544397329955583875e-01	1.541216263368046235e-01	2.549254561681861819e-01	1.538628906998253110e-01	7.404550633828339834e-02	3.077614059501400032e-02	7.782864686629613338e-02
1.187672587452371999e+03	2.540913243005524236e-01	1.539037466618548566e-01	2.551600236510004893e-01	1.540054754408949622e-01	7.410546277077870170e-02	3.081418575616647407e-02	7.791978141872012154e-02
1.190091472559199701e+03	2.537439191764329638e-01	1.536864946682897637e-01	2.553938762486950287e-01	1.541476504223341371e-01	7.416525124146217118e-02	3.085214923974102449e-02	7.801065900301296097e-02
1.192510357666027403e+03	2.533975147263414773e-01	1.534698685437057564e-01	2.556270160776722977e-01	1.542894169373715263e-01	7.422487224443451159e-02	3.089003114489516019e-02	7.810128032554725097e-02
1.194929242772855105e+03	2.530521080618171048e-01	1.532538664809581785e-01	2.558594452481035564e-01	1.544307762743288293e-01	7.428432627225380058e-02	3.092783157124578963e-02	7.819164609126072474e-02
1.197348127879682352e+03	2.527076963027721779e-01	1.530384866781457631e-01	2.560911658639477562e-01	1.545717297166467885e-01	7.434361381594077611e-02	3.096555061886364923e-02	7.828175700365114231e-02
1.199767012986510281e+03	2.523642765774674057e-01	1.528237273385952000e-01	2.563221800229708580e-01	1.547122785429113911e-01	7.440273536498399898e-02	3.100318838826780776e-02	7.837161376477130847e-02
1.202185898093337983e+03	2.520218460224876722e-01	1.526095866708457871e-01	2.565524898167648726e-01	1.548524240268799035e-01	7.446169140734520964e-02	3.104074498042017766e-02	7.846121707522432653e-02
1.204604783200165684e+03	2.516804017827173334e-01	1.523960628886341928e-01	2.567820973307665677e-01	1.549921674375062119e-01	7.452048242946447687e-02	3.107822049672009229e-02	7.855056763415894927e-02
1.207023668306993159e+03	2.513399410113161814e-01	1.521831542108789403e-01	2.570110046442767859e-01	1.551315100389666357e-01	7.457910891626540195e-02	3.111561503899890405e-02	7.863966613926502702e-02
1.209442553413820860e+03	2.510004608696947415e-01	1.519708588616652811e-01	2.572392138304789300e-01	1.552704530906849623e-01	7.463757135116023955e-02	3.115292870951464482e-02	7.872851328676906679e-02
1.211861438520648335e+03	2.506619585274906803e-01	1.517591750702300679e-01	2.574667269564576699e-01	1.554089978473575939e-01	7.469587021605514354e-02	3.119016161094669004e-02	7.881710977143008279e-02
1.214280323627476264e+03	2.503244311625441587e-01	1.515481010709464615e-01	2.576935460832178726e-01	1.555471455589783614e-01	7.475400599135523239e-02	3.122731384639049895e-02	7.890545628653537757e-02
1.216699208734303511e+03	2.499878759608739898e-01	1.513376351033089706e-01	2.579196732657029201e-01	1.556848974708633093e-01	7.481197915596972392e-02	3.126438551935237231e-02	7.899355352389657303e-02
1.219118093841131440e+03	2.496522901166537689e-01	1.511277754119183525e-01	2.581451105528136392e-01	1.558222548236750105e-01	7.486979018731700075e-02	3.130137673374425167e-02	7.908140217384576620e-02
1.221536978947959142e+03	2.493176708321877821e-01	1.509185202464665421e-01	2.583698599874265089e-01	1.559592188534469626e-01	7.492743956132971728e-02	3.133828759387855684e-02	7.916900292523174065e-02
1.223955864054786844e+03	2.489840153178873305e-01	1.507098678617217191e-01	2.585939236064119795e-01	1.560957907916075971e-01	7.498492775245982345e-02	3.137511820446305805e-02	7.925635646541633050e-02
1.226374749161614318e+03	2.486513207922469160e-01	1.505018165175134315e-01	2.588173034406529571e-01	1.562319718650042599e-01	7.504225523368361628e-02	3.141186867059579668e-02	7.934346348027096485e-02
1.228793634268442020e+03	2.483195844818205100e-01	1.502943644787176625e-01	2.590400015150630675e-01	1.563677632959267760e-01	7.509942247650670810e-02	3.144853909776004069e-02	7.943032465417322607e-02
1.231212519375269494e+03	2.479888036211980729e-01	1.500875100152420094e-01	2.592620198486048078e-01	1.565031663021310970e-01	7.515642995096907808e-02	3.148512959181926779e-02	7.951694067000363020e-02
1.233631404482097196e+03	2.476589754529819054e-01	1.498812514020109732e-01	2.594833604543078098e-01	1.566381820968626715e-01	7.521327812565002657e-02	3.152164025901219024e-02	7.960331220914244887e-02
1.236050289588924898e+03	2.473300972277631682e-01	1.496755869189511923e-01	2.597040253392866593e-01	1.567728118888794542e-01	7.526996746767307400e-02	3.155807120594781440e-02	7.968943995146665626e-02
1.238469174695752372e+03	2.470021662040986499e-01	1.494705148509767045e-01	2.599240165047590478e-01	1.569070568824750267e-01	7.532649844271097073e-02	3.159442253960055569e-02	7.977532457534704247e-02
1.240888059802580301e+03	2.466751796484872583e-01	1.492660334879743200e-01	2.601433359460639250e-01	1.570409182775013568e-01	7.538287151499056815e-02	3.163069436730534673e-02	7.986096675764531305e-02
1.243306944909407548e+03	2.463491348353467891e-01	1.490621411247890493e-01	2.603619856526788179e-01	1.571743972693913638e-01	7.543908714729768983e-02	3.166688679675282170e-02	7.994636717371146617e-02
1.245725830016235477e+03	2.460240290469909441e-01	1.488588360612095873e-01	2.605799676082382055e-01	1.573074950491814561e-01	7.549514580098209970e-02	3.170299993598454241e-02	8.003152649738116964e-02
1.248144715123063179e+03	2.456998595736059332e-01	1.486561166019536862e-01	2.607972837905509489e-01	1.574402128035337634e-01	7.555104793596226220e-02	3.173903389338818964e-02	8.011644540097324907e-02
1.250563600229890881e+03	2.453766237132276595e-01	1.484539810566537499e-01	2.610139361716179995e-01	1.575725517147582300e-01	7.560679401073019945e-02	3.177498877769290714e-02	8.020112455528727313e-02
1.252982485336718355e+03	2.450543187717185989e-01	1.482524277398424573e-01	2.612299267176501072e-01	1.577045129608346252e-01	7.566238448235637626e-02	3.181086469796456234e-02	8.028556462960129148e-02
1.255401370443546057e+03	2.447329420627449570e-01	1.480514549709383010e-01	2.614452573890853060e-01	1.578360977154342759e-01	7.571781980649441857e-02	3.184666176360111123e-02	8.036976629166964203e-02
1.257820255550373531e+03	2.444124909077538266e-01	1.478510610742313214e-01	2.616599301406064004e-01	1.579673071479416324e-01	7.577310043738592904e-02	3.188238008432797005e-02	8.045373020772084161e-02
1.260239140657201460e+03	2.440929626359505111e-01	1.476512443788688123e-01	2.618739469211585069e-01	1.580981424234757793e-01	7.582822682786524715e-02	3.191801977019345649e-02	8.053745704245561521e-02
1.262658025764028707e+03	2.437743545842756265e-01	1.474520032188410268e-01	2.620873096739661512e-01	1.582286047029116960e-01	7.588319942936422313e-02	3.195358093156421692e-02	8.062094745904498094e-02
1.265076910870856636e+03	2.434566640973826745e-01	1.472533359329669667e-01	2.623000203365509209e-01	1.583586951429013789e-01	7.593801869191689480e-02	3.198906367912071613e-02	8.070420211912843200e-02
1.267495795977684338e+03	2.431398885276153665e-01	1.470552408648802545e-01	2.625120808407483963e-01	1.584884148958947692e-01	7.599268506416421987e-02	3.202446812385276176e-02	8.078722168281227134e-02
1.269914681084511813e+03	2.428240252349851691e-01	1.468577163630150340e-01	2.627234931127254147e-01	1.586177651101606245e-01	7.604719899335879441e-02	3.205979437705503560e-02	8.087000680866794633e-02
1.272333566191339514e+03	2.425090715871489333e-01	1.466607607805918700e-01	2.629342590729974449e-01	1.587467469298071143e-01	7.610156092536946026e-02	3.209504255032272213e-02	8.095255815373052222e-02
1.274752451298167216e+03	2.421950249593864124e-01	1.464643724756037324e-01	2.631443806364451854e-01	1.588753614948023585e-01	7.615577130468600964e-02	3.213021275554706763e-02	8.103487637349726658e-02
1.277171336404994690e+03	2.418818827345780575e-01	1.462685498108020066e-01	2.633538597123320502e-01	1.590036099409947723e-01	7.620983057442382025e-02	3.216530510491107803e-02	8.111696212192626154e-02
1.279590221511822392e+03	2.415696423031828410e-01	1.460732911536825329e-01	2.635626982043206556e-01	1.591314934001331893e-01	7.626373917632842114e-02	3.220031971088517520e-02	8.119881605143521031e-02
1.282009106618650094e+03	2.412583010632159686e-01	1.458785948764717566e-01	2.637708980104900292e-01	1.592590129998870119e-01	7.631749755078016950e-02	3.223525668622291562e-02	8.128043881290016037e-02
1.284427991725477568e+03	2.409478564202269524e-01	1.456844593561127110e-01	2.639784610233522621e-01	1.593861698638660562e-01	7.637110613679880255e-02	3.227011614395677158e-02	8.136183105565444884e-02
1.286846876832305497e+03	2.406383057872775177e-01	1.454908829742514176e-01	2.641853891298692747e-01	1.595129651116402869e-01	7.642456537204796174e-02	3.230489819739385676e-02	8.144299342748766157e-02
1.289265761939132744e+03	2.403296465849195374e-01	1.452978641172229246e-01	2.643916842114696908e-01	1.596393998587594398e-01	7.647787569283981401e-02	3.233960296011177682e-02	8.152392657464474501e-02
1.291684647045960673e+03	2.400218762411732987e-01	1.451054011760376794e-01	2.645973481440653252e-01	1.597654752167725067e-01	7.653103753413952048e-02	3.237423054595445909e-02	8.160463114182513189e-02
1.294103532152788375e+03	2.397149921915057158e-01	1.449134925463678170e-01	2.648023827980676148e-01	1.598911922932470531e-01	7.658405132956977446e-02	3.240878106902801703e-02	8.168510777218189467e-02
1.296522417259616077e+03	2.394089918788083471e-01	1.447221366285334765e-01	2.650067900384046604e-01	1.600165521917883693e-01	7.663691751141529784e-02	3.244325464369669093e-02	8.176535710732113493e-02
1.298941302366443551e+03	2.391038727533759123e-01	1.445313318274892289e-01	2.652105717245368810e-01	1.601415560120584836e-01	7.668963651062735143e-02	3.247765138457874012e-02	8.184537978730130336e-02
1.301360187473271253e+03	2.387996322728846710e-01	1.443410765528104489e-01	2.654137297104743887e-01	1.602662048497951741e-01	7.674220875682810639e-02	3.251197140654243228e-02	8.192517645063267240e-02
1.303779072580098727e+03	2.384962679023706345e-01	1.441513692186798534e-01	2.656162658447926428e-01	1.603904997968306212e-01	7.679463467831519619e-02	3.254621482470204663e-02	8.200474773427683661e-02
1.306197957686926657e+03	2.381937771142083882e-01	1.439622082438739847e-01	2.658181819706490479e-01	1.605144419411101420e-01	7.684691470206607422e-02	3.258038175441391182e-02	8.208409427364632416e-02
1.308616842793753904e+03	2.378921573880893314e-01	1.437735920517497490e-01	2.660194799257990517e-01	1.606380323667106480e-01	7.689904925374245470e-02	3.261447231127242302e-02	8.216321670260424981e-02
1.311035727900581833e+03	2.375914062110006109e-01	1.435855190702310658e-01	2.662201615426124657e-01	1.607612721538589362e-01	7.695103875769467028e-02	3.264848661110617001e-02	8.224211565346403741e-02
1.313454613007409534e+03	2.372915210772036099e-01	1.433979877317954066e-01	2.664202286480894522e-01	1.608841623789500630e-01	7.700288363696611293e-02	3.268242476997403057e-02	8.232079175698925333e-02
1.315873498114237009e+03	2.369924994882128266e-01	1.432109964734605556e-01	2.666196830638768445e-01	1.610067041145653299e-01	7.705458431329754998e-02	3.271628690416134716e-02	8.239924564239346771e-02
1.318292383221064711e+03	2.366943389527746133e-01	1.430245437367713424e-01	2.668185266062839123e-01	1.611288984294903803e-01	7.710614120713146780e-02	3.275007313017608279e-02	8.247747793734012955e-02
1.320711268327892412e+03	2.363970369868461374e-01	1.428386279677862913e-01	2.670167610862984042e-01	1.612507463887329073e-01	7.715755473761640171e-02	3.278378356474503236e-02	8.255548926794270548e-02
1.323130153434719887e+03	2.361005911135742874e-01	1.426532476170645214e-01	2.672143883096025907e-01	1.613722490535405563e-01	7.720882532261127973e-02	3.281741832481004095e-02	8.263328025876459648e-02
1.325549038541547588e+03	2.358049988632746896e-01	1.424684011396525340e-01	2.674114100765890290e-01	1.614934074814183274e-01	7.725995337868968305e-02	3.285097752752429850e-02	8.271085153281934610e-02
1.327967923648375290e+03	2.355102577734108360e-01	1.422840869950710851e-01	2.676078281823762173e-01	1.616142227261462005e-01	7.731093932114413425e-02	3.288446129024862746e-02	8.278820371157086244e-02
1.330386808755202765e+03	2.352163653885731009e-01	1.421003036473021119e-01	2.678036444168245822e-01	1.617346958377964272e-01	7.736178356399034395e-02	3.291786973054779131e-02	8.286533741493357086e-02
1.332805693862030694e+03	2.349233192604581744e-01	1.419170495647756880e-01	2.679988605645521327e-01	1.618548278627507941e-01	7.741248651997151287e-02	3.295120296618684469e-02	8.294225326127281639e-02
1.335224578968857941e+03	2.346311169478480230e-01	1.417343232203570058e-01	2.681934784049500031e-01	1.619746198437177209e-01	7.746304860056249519e-02	3.298446111512751827e-02	8.301895186740518295e-02
1.337643464075685870e+03	2.343397560165894622e-01	1.415521230913334427e-01	2.683874997121981631e-01	1.620940728197491909e-01	7.751347021597404519e-02	3.301764429552462438e-02	8.309543384859899295e-02
1.340062349182513572e+03	2.340492340395734505e-01	1.413704476594016268e-01	2.685809262552809051e-01	1.622131878262577931e-01	7.756375177515702213e-02	3.305075262572249734e-02	8.317169981857469585e-02
1.342481234289341273e+03	2.337595485967144948e-01	1.411892954106544751e-01	2.687737597980021098e-01	1.623319658950333200e-01	7.761389368580655368e-02	3.308378622425143384e-02	8.324775038950549266e-02
1.344900119396168748e+03	2.334706972749303056e-01	1.410086648355684535e-01	2.689660020990012335e-01	1.624504080542595319e-01	7.766389635436624084e-02	3.311674520982419573e-02	8.332358617201789108e-02
1.347319004502996449e+03	2.331826776681212021e-01	1.408285544289907265e-01	2.691576549117681849e-01	1.625685153285305329e-01	7.771376018603226576e-02	3.314962970133252668e-02	8.339920777519241324e-02
1.349737889609823924e+03	2.328954873771497958e-01	1.406489626901262779e-01	2.693487199846588132e-01	1.626862887388674239e-01	7.776348558475754125e-02	3.318243981784369662e-02	8.347461580656422020e-02
1.352156774716651853e+03	2.326091240098208668e-01	1.404698881225253937e-01	2.695391990609102839e-01	1.628037293027343735e-01	7.781307295325583240e-02	3.321517567859706005e-02	8.354981087212393076e-02
1.354575659823479100e+03	2.323235851808607977e-01	1.402913292340707829e-01	2.697290938786561787e-01	1.629208380340549656e-01	7.786252269300590612e-02	3.324783740300066293e-02	8.362479357631842636e-02
1.356994544930307029e+03	2.320388685118976446e-01	1.401132845369649216e-01	2.699184061709417048e-01	1.630376159432282701e-01	7.791183520425551401e-02	3.328042511062785647e-02	8.369956452205173925e-02
1.359413430037134731e+03	2.317549716314409314e-01	1.399357525477176178e-01	2.701071376657389611e-01	1.631540640371447193e-01	7.796101088602558349e-02	3.331293892121395955e-02	8.377412431068591292e-02
1.361832315143962205e+03	2.314718921748615266e-01	1.397587317871332446e-01	2.702952900859617591e-01	1.632701833192020391e-01	7.801005013611422845e-02	3.334537895465292112e-02	8.384847354204194581e-02
1.364251200250789907e+03	2.311896277843717706e-01	1.395822207802982495e-01	2.704828651494809444e-01	1.633859747893210979e-01	7.805895335110075994e-02	3.337774533099401725e-02	8.392261281440088760e-02
1.366670085357617609e+03	2.309081761090054086e-01	1.394062180565686371e-01	2.706698645691390515e-01	1.635014394439614216e-01	7.810772092634975239e-02	3.341003817043860374e-02	8.399654272450485237e-02
1.369088970464445310e+03	2.306275348045977447e-01	1.392307221495575065e-01	2.708562900527655137e-01	1.636165782761368481e-01	7.815635325601508199e-02	3.344225759333683407e-02	8.407026386755810099e-02
1.371507855571272785e+03	2.303477015337658529e-01	1.390557315971227559e-01	2.710421433031915406e-01	1.637313922754309314e-01	7.820485073304388191e-02	3.347440372018446048e-02	8.414377683722822077e-02
1.373926740678100487e+03	2.300686739658887869e-01	1.388812449413544536e-01	2.712274260182646612e-01	1.638458824280122628e-01	7.825321374918052519e-02	3.350647667161964216e-02	8.421708222564730506e-02
1.376345625784927961e+03	2.297904497770878463e-01	1.387072607285625703e-01	2.714121398908638794e-01	1.639600497166497639e-01	7.830144269497063547e-02	3.353847656841974639e-02	8.429018062341321615e-02
1.378764510891755890e+03	2.295130266502070360e-01	1.385337775092647661e-01	2.715962866089139949e-01	1.640738951207277863e-01	7.834953795976498658e-02	3.357040353149823297e-02	8.436307261959083426e-02
1.381183395998583137e+03	2.292364022747932495e-01	1.383607938381740121e-01	2.717798678554007585e-01	1.641874196162612098e-01	7.839749993172351328e-02	3.360225768190150397e-02	8.443575880171340364e-02
1.383602281105411066e+03	2.289605743470770338e-01	1.381883082741863222e-01	2.719628853083850828e-01	1.643006241759103481e-01	7.844532899781915536e-02	3.363403914080583673e-02	8.450823975578389269e-02
1.386021166212238768e+03	2.286855405699528831e-01	1.380163193803685961e-01	2.721453406410179188e-01	1.644135097689957969e-01	7.849302554384182673e-02	3.366574802951428219e-02	8.458051606627640939e-02
1.388440051319066470e+03	2.284112986529598932e-01	1.378448257239464347e-01	2.723272355215545781e-01	1.645260773615132011e-01	7.854058995440230118e-02	3.369738446945363952e-02	8.465258831613765855e-02
1.390858936425893944e+03	2.281378463122624989e-01	1.376738258762920109e-01	2.725085716133694436e-01	1.646383279161479085e-01	7.858802261293608427e-02	3.372894858217140301e-02	8.472445708678838505e-02
1.393277821532721646e+03	2.278651812706310176e-01	1.375033184129118846e-01	2.726893505749703461e-01	1.647502623922894871e-01	7.863532390170725750e-02	3.376044048933280611e-02	8.479612295812496980e-02
1.395696706639549120e+03	2.275933012574225534e-01	1.373333019134351241e-01	2.728695740600127762e-01	1.648618817460462405e-01	7.868249420181239184e-02	3.379186031271779606e-02	8.486758650852094243e-02
1.398115591746377049e+03	2.273222040085616513e-01	1.371637749616011204e-01	2.730492437173144271e-01	1.649731869302595022e-01	7.872953389318435025e-02	3.382320817421811954e-02	8.493884831482861886e-02
1.400534476853204296e+03	2.270518872665212851e-01	1.369947361452476253e-01	2.732283611908696841e-01	1.650841788945180688e-01	7.877644335459607627e-02	3.385448419583437368e-02	8.500990895238071110e-02
1.402953361960032225e+03	2.267823487803038163e-01	1.368261840562988718e-01	2.734069281198633350e-01	1.651948585851721885e-01	7.882322296366449377e-02	3.388568849967310559e-02	8.508076899499202039e-02
1.405372247066859927e+03	2.265135863054218990e-01	1.366581172907535280e-01	2.735849461386853365e-01	1.653052269453477441e-01	7.886987309685419834e-02	3.391682120794393268e-02	8.515142901496115801e-02
1.407791132173687402e+03	2.262455976038795225e-01	1.364905344486729288e-01	2.737624168769446920e-01	1.654152849149603255e-01	7.891639412948135701e-02	3.394788244295667001e-02	8.522188958307228002e-02
1.410210017280515103e+03	2.259783804441531929e-01	1.363234341341691414e-01	2.739393419594836065e-01	1.655250334307291071e-01	7.896278643571735811e-02	3.397887232711851307e-02	8.529215126859689133e-02
1.412628902387342805e+03	2.257119326011729765e-01	1.361568149553932516e-01	2.741157230063915873e-01	1.656344734261905316e-01	7.900905038859265539e-02	3.400979098293121367e-02	8.536221463929560827e-02
1.415047787494170507e+03	2.254462518563037643e-01	1.359906755245234855e-01	2.742915616330195427e-01	1.657436058317122152e-01	7.905518636000047339e-02	3.404063853298829045e-02	8.543208026142005973e-02
1.417466672600997981e+03	2.251813359973265649e-01	1.358250144577535234e-01	2.744668594499937164e-01	1.658524315745065758e-01	7.910119472070051283e-02	3.407141509997225343e-02	8.550174869971476077e-02
1.419885557707825683e+03	2.249171828184197974e-01	1.356598303752807877e-01	2.746416180632295090e-01	1.659609515786443501e-01	7.914707584032269760e-02	3.410212080665186302e-02	8.557122051741898605e-02
1.422304442814653157e+03	2.246537901201406395e-01	1.354951219012947294e-01	2.748158390739454671e-01	1.660691667650680825e-01	7.919283008737090790e-02	3.413275577587941700e-02	8.564049627626878214e-02
1.424723327921481086e+03	2.243911557094064868e-01	1.353308876639652270e-01	2.749895240786772721e-01	1.661770780516055868e-01	7.923845782922656067e-02	3.416332013058802353e-02	8.570957653649885488e-02
1.427142213028308333e+03	2.241292773994765508e-01	1.351671262954309838e-01	2.751626746692913406e-01	1.662846863529831576e-01	7.928395943215237052e-02	3.419381399378895042e-02	8.577846185684465108e-02
1.429561098135136262e+03	2.238681530099331796e-01	1.350038364317879824e-01	2.753352924329987017e-01	1.663919925808388656e-01	7.932933526129601343e-02	3.422423748856893988e-02	8.584715279454438464e-02
1.431979983241963964e+03	2.236077803666636776e-01	1.348410167130778825e-01	2.755073789523686534e-01	1.664989976437356300e-01	7.937458568069370723e-02	3.425459073808757859e-02	8.591564990534103496e-02
1.434398868348791666e+03	2.233481573018417377e-01	1.346786657832766132e-01	2.756789358053423067e-01	1.666057024471744030e-01	7.941971105327387537e-02	3.428487386557469568e-02	8.598395374348447029e-02
1.436817753455619140e+03	2.230892816539093437e-01	1.345167822902827715e-01	2.758499645652466303e-01	1.667121078936071032e-01	7.946471174086081057e-02	3.431508699432776061e-02	8.605206486173361258e-02
1.439236638562446842e+03	2.228311512675584805e-01	1.343553648859063532e-01	2.760204668008077178e-01	1.668182148824494671e-01	7.950958810417821376e-02	3.434523024770930189e-02	8.611998381135854697e-02
1.441655523669274316e+03	2.225737639937128698e-01	1.341944122258572347e-01	2.761904440761642765e-01	1.669240243100939269e-01	7.955434050285282999e-02	3.437530374914435360e-02	8.618771114214267282e-02
1.444074408776102018e+03	2.223171176895098189e-01	1.340339229697339041e-01	2.763598979508812281e-01	1.670295370699223236e-01	7.959896929541800115e-02	3.440530762211794352e-02	8.625524740238493804e-02
1.446493293882929493e+03	2.220612102182824010e-01	1.338738957810119978e-01	2.765288299799633087e-01	1.671347540523185626e-01	7.964347483931726035e-02	3.443524199017257426e-02	8.632259313890203178e-02
1.448912178989757422e+03	2.218060394495410814e-01	1.337143293270331990e-01	2.766972417138683360e-01	1.672396761446813540e-01	7.968785749090784298e-02	3.446510697690572528e-02	8.638974889703068816e-02
1.451331064096585123e+03	2.215516032589559814e-01	1.335552222789937182e-01	2.768651346985204209e-01	1.673443042314365081e-01	7.973211760546428106e-02	3.449490270596738267e-02	8.645671522062990666e-02
1.453749949203412370e+03	2.212978995283388928e-01	1.333965733119333585e-01	2.770325104753236234e-01	1.674486391940495089e-01	7.977625553718191431e-02	3.452462930105759664e-02	8.652349265208326978e-02
1.456168834310240300e+03	2.210449261456253756e-01	1.332383811047241351e-01	2.771993705811751640e-01	1.675526819110378096e-01	7.982027163918037349e-02	3.455428688592405984e-02	8.659008173230126060e-02
1.458587719417068001e+03	2.207926810048570498e-01	1.330806443400591177e-01	2.773657165484784137e-01	1.676564332579832395e-01	7.986416626350711923e-02	3.458387558435969261e-02	8.665648300072359422e-02
1.461006604523895703e+03	2.205411620061636657e-01	1.329233617044413007e-01	2.775315499051563828e-01	1.677598941075440220e-01	7.990793976114091146e-02	3.461339552020024218e-02	8.672269699532164644e-02
1.463425489630723177e+03	2.202903670557456173e-01	1.327665318881726675e-01	2.776968721746647661e-01	1.678630653294671260e-01	7.995159248199532054e-02	3.464284681732192339e-02	8.678872425260075740e-02
1.465844374737550879e+03	2.200402940658560957e-01	1.326101535853428937e-01	2.778616848760050440e-01	1.679659477906001452e-01	7.999512477492212725e-02	3.467222959963908724e-02	8.685456530760270188e-02
1.468263259844378354e+03	2.197909409547835757e-01	1.324542254938185226e-01	2.780259895237376377e-01	1.680685423549034829e-01	8.003853698771484781e-02	3.470154399110185472e-02	8.692022069390811789e-02
1.470682144951206283e+03	2.195423056468343292e-01	1.322987463152317800e-01	2.781897876279949000e-01	1.681708498834620924e-01	8.008182946711212002e-02	3.473079011569383395e-02	8.698569094363892140e-02
1.473101030058033530e+03	2.192943860723147731e-01	1.321437147549698043e-01	2.783530806944941594e-01	1.682728712344974953e-01	8.012500255880114497e-02	3.475996809742981641e-02	8.705097658746083211e-02
1.475519915164861459e+03	2.190471801675141217e-01	1.319891295221635730e-01	2.785158702245504325e-01	1.683746072633794111e-01	8.016805660742111483e-02	3.478907806035351491e-02	8.711607815458585757e-02
1.477938800271689161e+03	2.188006858746869843e-01	1.318349893296769937e-01	2.786781577150897471e-01	1.684760588226376088e-01	8.021099195656659908e-02	3.481812012853529453e-02	8.718099617277473568e-02
1.480357685378516862e+03	2.185549011420360455e-01	1.316812928940961636e-01	2.788399446586618535e-01	1.685772267619734532e-01	8.025380894879093063e-02	3.484709442606995222e-02	8.724573116833954367e-02
1.482776570485344337e+03	2.183098239236947180e-01	1.315280389357184609e-01	2.790012325434528262e-01	1.686781119282715624e-01	8.029650792560963368e-02	3.487600107707451019e-02	8.731028366614626557e-02
