1.301360187473271253e+03	2.389928870450989118e-01	1.445461076125129085e-01	2.618187058579291571e-01	1.619394436292802275e-01	7.726158740620410470e-02	3.270359254539676602e-02	8.273767590354617896e-02
1.306197957686926657e+03	2.383867278183890714e-01	1.441665794640142051e-01	2.622052447890212412e-01	1.621976823313548699e-01	7.737060303880918810e-02	3.277426198098123966e-02	8.289890057739836282e-02
1.311035727900581833e+03	2.377840478090113563e-01	1.437892300366645226e-01	2.625894345888508674e-01	1.624544428104934823e-01	7.747901486029244722e-02	3.284461959919322827e-02	8.305921029546224632e-02
1.315873498114237009e+03	2.371848270055843810e-01	1.434140467955797305e-01	2.629712900982608681e-01	1.627097336002551464e-01	7.758682612248224419e-02	3.291466624114714606e-02	8.321861013665865503e-02
1.320711268327892412e+03	2.365890455122825475e-01	1.430410172783050937e-01	2.633508260589753625e-01	1.629635631823342645e-01	7.769404006057809009e-02	3.298440275275732469e-02	8.337710515473553685e-02
1.325549038541547588e+03	2.359966835481631664e-01	1.426701290943926947e-01	2.637280571143079122e-01	1.632159399869588801e-01	7.780065989322942910e-02	3.305382998461208616e-02	8.353470037830404427e-02
1.330386808755202765e+03	2.354077214464974643e-01	1.423013699249813524e-01	2.641029978098644593e-01	1.634668723932838630e-01	7.790668882261390926e-02	3.312294879184954355e-02	8.369140081087764194e-02
1.335224578968857941e+03	2.348221396541056161e-01	1.419347275223789839e-01	2.644756625942406014e-01	1.637163687297785164e-01	7.801213003451540340e-02	3.319176003403517816e-02	8.384721143091394824e-02
1.340062349182513572e+03	2.342399187306956621e-01	1.415701897096477424e-01	2.648460658197137607e-01	1.639644372746091316e-01	7.811698669840150266e-02	3.326026457504110273e-02	8.400213719185938011e-02
1.344900119396168748e+03	2.336610393482065617e-01	1.412077443801912358e-01	2.652142217429303006e-01	1.642110862560161311e-01	7.822126196750071869e-02	3.332846328292696225e-02	8.415618302219639302e-02
1.349737889609823924e+03	2.330854822901548551e-01	1.408473794973447157e-01	2.655801445255872029e-01	1.644563238526865478e-01	7.832495897887918612e-02	3.339635702982260423e-02	8.430935382549326063e-02
1.354575659823479100e+03	2.325132284509854597e-01	1.404890830939671265e-01	2.659438482351088040e-01	1.647001581941213988e-01	7.842808085351707370e-02	3.346394669181225467e-02	8.446165448045621360e-02
1.359413430037134731e+03	2.319442588354262702e-01	1.401328432720361783e-01	2.663053468453184247e-01	1.649425973609983664e-01	7.853063069638455129e-02	3.353123314882047734e-02	8.461308984098407648e-02
1.364251200250789907e+03	2.313785545578464498e-01	1.397786482022453092e-01	2.666646542371047257e-01	1.651836493855299015e-01	7.863261159651747934e-02	3.359821728449958328e-02	8.476366473622490294e-02
1.369088970464445310e+03	2.308160968416186898e-01	1.394264861236035324e-01	2.670217841990832341e-01	1.654233222518165791e-01	7.873402662709257094e-02	3.366489998611875423e-02	8.491338397063498411e-02
1.373926740678100487e+03	2.302568670184851618e-01	1.390763453430373109e-01	2.673767504282527629e-01	1.656616238961963472e-01	7.883487884550235969e-02	3.373128214445463013e-02	8.506225232403975822e-02
1.378764510891755890e+03	2.297008465279273270e-01	1.387282142349950398e-01	2.677295665306470007e-01	1.658985622075889177e-01	7.893517129342969563e-02	3.379736465368351345e-02	8.521027455169680187e-02
1.383602281105411066e+03	2.291480169165393543e-01	1.383820812410536949e-01	2.680802460219811056e-01	1.661341450278364940e-01	7.903490699692192201e-02	3.386314841127505831e-02	8.535745538436072255e-02
1.388440051319066470e+03	2.285983598374053127e-01	1.380379348695279784e-01	2.684288023282932478e-01	1.663683801520398631e-01	7.913408896646469126e-02	3.392863431788750717e-02	8.550379952834974429e-02
1.393277821532721646e+03	2.280518570494801112e-01	1.376957636950817132e-01	2.687752487865815998e-01	1.666012753288907688e-01	7.923272019705544789e-02	3.399382327726437752e-02	8.564931166561423614e-02
1.398115591746377049e+03	2.275084904169740740e-01	1.373555563583416239e-01	2.691195986454364975e-01	1.668328382610000660e-01	7.933080366827660601e-02	3.405871619613263374e-02	8.579399645380678119e-02
1.402953361960032225e+03	2.269682419087410696e-01	1.370173015655133109e-01	2.694618650656674386e-01	1.670630766052221272e-01	7.942834234436826901e-02	3.412331398410232974e-02	8.593785852635381362e-02
1.407791132173687402e+03	2.264310935976702743e-01	1.366809880879994721e-01	2.698020611209258068e-01	1.672919979729753925e-01	7.952533917430072707e-02	3.418761755356768822e-02	8.608090249252896287e-02
1.412628902387342805e+03	2.258970276600817395e-01	1.363466047620207622e-01	2.701401997983226555e-01	1.675196099305593378e-01	7.962179709184662169e-02	3.425162781960955360e-02	8.622313293752763286e-02
1.417466672600997981e+03	2.253660263751252613e-01	1.360141404882383720e-01	2.704762939990418835e-01	1.677459199994675854e-01	7.971771901565265217e-02	3.431534569989931616e-02	8.636455442254321879e-02
1.422304442814653157e+03	2.248380721241829694e-01	1.356835842313791896e-01	2.708103565389487488e-01	1.679709356566975731e-01	7.981310784931114344e-02	3.437877211460415444e-02	8.650517148484448970e-02
1.427142213028308333e+03	2.243131473902753859e-01	1.353549250198630982e-01	2.711424001491938296e-01	1.681946643350567816e-01	7.990796648143115577e-02	3.444190798629370026e-02	8.664498863785433103e-02
1.431979983241963964e+03	2.237912347574710636e-01	1.350281519454325230e-01	2.714724374768123227e-01	1.684171134234654088e-01	8.000229778570928929e-02	3.450475423984800116e-02	8.678401037122969452e-02
1.436817753455619140e+03	2.232723169102995286e-01	1.347032541627841140e-01	2.718004810853188458e-01	1.686382902672559081e-01	8.009610462100026640e-02	3.456731180236687767e-02	8.692224115094270009e-02
1.441655523669274316e+03	2.227563766331679684e-01	1.343802208892026506e-01	2.721265434552979090e-01	1.688582021684691126e-01	8.018938983138708398e-02	3.462958160308054339e-02	8.705968541936288940e-02
1.446493293882929493e+03	2.222433968097811408e-01	1.340590414041971101e-01	2.724506369849898912e-01	1.690768563861470564e-01	8.028215624625095748e-02	3.469156457326156434e-02	8.719634759534042323e-02
1.451331064096585123e+03	2.217333604225648069e-01	1.337397050491388739e-01	2.727727739908721305e-01	1.692942601366229927e-01	8.037440668034082081e-02	3.475326164613806723e-02	8.733223207429045842e-02
1.456168834310240300e+03	2.212262505520924127e-01	1.334222012269021818e-01	2.730929667082362400e-01	1.695104205938079422e-01	8.046614393384275699e-02	3.481467375680827314e-02	8.746734322827831587e-02
1.461006604523895703e+03	2.207220503765154607e-01	1.331065194015064457e-01	2.734112272917609276e-01	1.697253448894745220e-01	8.055737079244881804e-02	3.487580184215621076e-02	8.760168540610570320e-02
1.465844374737550879e+03	2.202207431709969632e-01	1.327926490977610341e-01	2.737275678160802084e-01	1.699390401135376649e-01	8.064809002742581723e-02	3.493664684076875498e-02	8.773526293339765914e-02
1.470682144951206283e+03	2.197223123071482542e-01	1.324805799009119434e-01	2.740420002763474527e-01	1.701515133143325365e-01	8.073830439568366324e-02	3.499720969285383815e-02	8.786808011269041374e-02
1.475519915164861459e+03	2.192267412524693260e-01	1.321703014562906342e-01	2.743545365887953835e-01	1.703627714988895647e-01	8.082801663984347240e-02	3.505749134015983398e-02	8.800014122351995649e-02
1.480357685378516862e+03	2.187340135697922738e-01	1.318618034689647833e-01	2.746651885912915203e-01	1.705728216332066394e-01	8.091722948830536166e-02	3.511749272589623910e-02	8.813145052251143696e-02
1.485195455592172038e+03	2.182441129167279892e-01	1.315550757033914497e-01	2.749739680438896827e-01	1.707816706425186182e-01	8.100594565531597790e-02	3.517721479465545087e-02	8.826201224346909291e-02
1.490033225805827215e+03	2.177570230451164046e-01	1.312501079830717676e-01	2.752808866293773304e-01	1.709893254115643357e-01	8.109416784103565257e-02	3.523665849233572483e-02	8.839183059746701099e-02
1.494870996019482618e+03	2.172727278004794871e-01	1.309468901902083315e-01	2.755859559538186843e-01	1.711957927848506700e-01	8.118189873160543135e-02	3.529582476606531183e-02	8.852090977294034546e-02
1.499708766233137567e+03	2.167912111214780058e-01	1.306454122653639971e-01	2.758891875470934063e-01	1.714010795669141940e-01	8.126914099921364598e-02	3.535471456412771218e-02	8.864925393577721691e-02
1.504546536446793198e+03	2.163124570393710200e-01	1.303456642071231242e-01	2.761905928634321716e-01	1.716051925225803854e-01	8.135589730216233328e-02	3.541332883588804714e-02	8.877686722941113828e-02
1.509384306660448374e+03	2.158364496774788366e-01	1.300476360717544577e-01	2.764901832819470773e-01	1.718081383772201709e-01	8.144217028493329347e-02	3.547166853172054740e-02	8.890375377491382958e-02
1.514222076874103550e+03	2.153631732506490204e-01	1.297513179728763955e-01	2.767879701071588316e-01	1.720099238170041955e-01	8.152796257825389858e-02	3.552973460293714497e-02	8.902991767108871246e-02
1.519059847087758726e+03	2.148926120647255411e-01	1.294567000811239210e-01	2.770839645695197251e-01	1.722105554891545376e-01	8.161327679916269284e-02	3.558752800171712666e-02	8.915536299456462699e-02
1.523897617301414357e+03	2.144247505160210565e-01	1.291637726238176465e-01	2.773781778259325481e-01	1.724100400021942869e-01	8.169811555107454881e-02	3.564504968103789084e-02	8.928009379989015892e-02
1.528735387515069533e+03	2.139595730907923321e-01	1.288725258846347421e-01	2.776706209602657904e-01	1.726083839261945974e-01	8.178248142384572650e-02	3.570230059460672428e-02	8.940411411962816135e-02
1.533573157728724709e+03	2.134970643647186583e-01	1.285829502032818095e-01	2.779613049838649541e-01	1.728055937930195740e-01	8.186637699383858546e-02	3.575928169679362667e-02	8.952742796445078977e-02
1.538410927942380113e+03	2.130372090023834319e-01	1.282950359751697522e-01	2.782502408360598145e-01	1.730016760965690792e-01	8.194980482398600552e-02	3.581599394256520380e-02	8.965003932323473146e-02
1.543248698156035516e+03	2.125799917567587627e-01	1.280087736510904795e-01	2.785374393846679619e-01	1.731966372930189568e-01	8.203276746385557150e-02	3.587243828741951829e-02	8.977195216315678183e-02
1.548086468369690692e+03	2.121253974686929389e-01	1.277241537368955238e-01	2.788229114264946795e-01	1.733904838010596194e-01	8.211526744971349434e-02	3.592861568732198807e-02	8.989317042978971217e-02
1.552924238583346096e+03	2.116734110664011681e-01	1.274411667931766856e-01	2.791066676878291020e-01	1.735832220021319983e-01	8.219730730458826851e-02	3.598452709864227717e-02	9.001369804719834555e-02
1.557762008797001272e+03	2.112240175649592322e-01	1.271598034349482598e-01	2.793887188249364328e-01	1.737748582406619113e-01	8.227888953833403796e-02	3.604017347809213706e-02	9.013353891803586870e-02
1.562599779010656675e+03	2.107772020657997514e-01	1.268800543313315377e-01	2.796690754245463317e-01	1.739653988242920168e-01	8.236001664769368458e-02	3.609555578266424036e-02	9.025269692364029650e-02
1.567437549224311852e+03	2.103329497562121397e-01	1.266019102052407252e-01	2.799477480043381927e-01	1.741548500241119346e-01	8.244069111636176395e-02	3.615067496957195120e-02	9.037117592413115852e-02
1.572275319437967255e+03	2.098912459088447535e-01	1.263253618330710815e-01	2.802247470134221485e-01	1.743432180748863414e-01	8.252091541504705252e-02	3.620553199619008095e-02	9.048897975850637987e-02
1.577113089651622431e+03	2.094520758812103700e-01	1.260504000443886941e-01	2.805000828328170770e-01	1.745305091752811788e-01	8.260069200153491442e-02	3.626012781999651824e-02	9.060611224473910652e-02
1.581950859865277607e+03	2.090154251151944698e-01	1.257770157216221152e-01	2.807737657759243888e-01	1.747167294880877797e-01	8.268002332074934901e-02	3.631446339851483740e-02	9.072257717987489145e-02
1.586788630078933011e+03	2.085812791365664609e-01	1.255051997997558011e-01	2.810458060889988174e-01	1.749018851404453567e-01	8.275891180481487197e-02	3.636853968925776032e-02	9.083837834012871426e-02
1.591626400292587959e+03	2.081496235544935680e-01	1.252349432660254391e-01	2.813162139516153237e-01	1.750859822240615205e-01	8.283735987311804938e-02	3.642235764967157591e-02	9.095351948098231998e-02
1.596464170506243590e+03	2.077204440610578295e-01	1.249662371596148708e-01	2.815849994771326692e-01	1.752690267954309378e-01	8.291536993236882369e-02	3.647591823708139225e-02	9.106800433728132194e-02
1.601301940719898766e+03	2.072937264307757876e-01	1.246990725713550269e-01	2.818521727131533261e-01	1.754510248760521585e-01	8.299294437666161761e-02	3.652922240863730463e-02	9.118183662333265160e-02
1.606139710933553943e+03	2.068694565201209257e-01	1.244334406434245144e-01	2.821177436419803342e-01	1.756319824526428597e-01	8.307008558753607719e-02	3.658227112126140324e-02	9.129502003300175861e-02
1.610977481147209119e+03	2.064476202670490479e-01	1.241693325690519101e-01	2.823817221810702716e-01	1.758119054773532308e-01	8.314679593403775937e-02	3.663506533159565509e-02	9.140755823980999117e-02
1.615815251360864750e+03	2.060282036905264347e-01	1.239067395922199277e-01	2.826441181834831728e-01	1.759907998679775820e-01	8.322307777277831997e-02	3.668760599595062566e-02	9.151945489703179615e-02
1.620653021574519926e+03	2.056111928900605512e-01	1.236456530073711674e-01	2.829049414383290051e-01	1.761686715081644539e-01	8.329893344799566002e-02	3.673989407025502613e-02	9.163071363779201617e-02
1.625490791788175102e+03	2.051965740452338371e-01	1.233860641591157659e-01	2.831642016712105914e-01	1.763455262476247565e-01	8.337436529161373899e-02	3.679193051000606562e-02	9.174133807516313133e-02
1.630328562001830505e+03	2.047843334152399108e-01	1.231279644419406849e-01	2.834219085446635922e-01	1.765213699023386040e-01	8.344937562330212444e-02	3.684371627022066387e-02	9.185133180226233429e-02
1.635166332215485909e+03	2.043744573384226326e-01	1.228713452999205674e-01	2.836780716585928785e-01	1.766962082547603452e-01	8.352396675053538888e-02	3.689525230538745482e-02	9.196069839234861931e-02
1.640004102429141085e+03	2.039669322318179712e-01	1.226161982264305644e-01	2.839327005507058521e-01	1.768700470540220948e-01	8.359814096865210431e-02	3.694653956941953282e-02	9.206944139891976020e-02
1.644841872642796488e+03	2.035617445906982292e-01	1.223625147638606192e-01	2.841858046969425455e-01	1.770428920161354891e-01	8.367190056091375339e-02	3.699757901560803142e-02	9.217756435580913565e-02
1.649679642856451665e+03	2.031588809881193225e-01	1.221102865033315277e-01	2.844373935119023367e-01	1.772147488241922197e-01	8.374524779856333534e-02	3.704837159657649315e-02	9.228507077728258234e-02
1.654517413070107068e+03	2.027583280744703897e-01	1.218595050844126088e-01	2.846874763492674987e-01	1.773856231285628193e-01	8.381818494088368043e-02	3.709891826423592637e-02	9.239196415813491492e-02
1.659355183283762244e+03	2.023600725770263453e-01	1.216101621948411232e-01	2.849360625022238080e-01	1.775555205470938369e-01	8.389071423525562565e-02	3.714921996974068774e-02	9.249824797378643215e-02
1.664192953497417420e+03	2.019641012995026241e-01	1.213622495702432191e-01	2.851831612038778774e-01	1.777244466653039590e-01	8.396283791721584344e-02	3.719927766344507253e-02	9.260392568037929817e-02
1.669030723711072824e+03	2.015704011216129521e-01	1.211157589938565704e-01	2.854287816276713241e-01	1.778924070365781596e-01	8.403455821051453167e-02	3.724909229486066814e-02	9.270900071487368777e-02
1.673868493924728000e+03	2.011789589986295035e-01	1.208706822962546529e-01	2.856729328877919971e-01	1.780594071823607405e-01	8.410587732717278442e-02	3.729866481261439465e-02	9.281347649514376519e-02
1.678706264138383403e+03	2.007897619609456397e-01	1.206270113550726303e-01	2.859156240395821502e-01	1.782254525923467614e-01	8.417679746753978232e-02	3.734799616440729469e-02	9.291735642007355189e-02
1.683544034352038352e+03	2.004027971136411734e-01	1.203847380947348222e-01	2.861568640799433405e-01	1.783905487246722488e-01	8.424732082034971925e-02	3.739708729697402423e-02	9.302064386965250287e-02
1.688381804565693983e+03	2.000180516360502980e-01	1.201438544861837682e-01	2.863966619477384956e-01	1.785547010061027950e-01	8.431744956277849312e-02	3.744593915604302325e-02	9.312334220507095806e-02
1.693219574779349159e+03	1.996355127813318475e-01	1.199043525466108595e-01	2.866350265241912054e-01	1.787179148322208810e-01	8.438718586050018844e-02	3.749455268629740823e-02	9.322545476881537174e-02
1.698057344993004335e+03	1.992551678760422773e-01	1.196662243391886510e-01	2.868719666332816831e-01	1.788801955676120325e-01	8.445653186774325361e-02	3.754292883133653058e-02	9.332698488476330601e-02
1.702895115206659511e+03	1.988770043197110315e-01	1.194294619728046153e-01	2.871074910421398396e-01	1.790415485460492284e-01	8.452548972734655330e-02	3.759106853363817363e-02	9.342793585827822989e-02
1.707732885420315142e+03	1.985010095844182698e-01	1.191940576017964659e-01	2.873416084614359156e-01	1.792019790706763649e-01	8.459406157081510169e-02	3.763897273452148501e-02	9.352831097630402712e-02
1.712570655633970318e+03	1.981271712143753694e-01	1.189600034256891731e-01	2.875743275457673387e-01	1.793614924141903044e-01	8.466224951837564294e-02	3.768664237411051277e-02	9.362811350745929573e-02
1.717408425847625494e+03	1.977554768255075646e-01	1.187272916889332980e-01	2.878056568940437487e-01	1.795200938190213702e-01	8.473005567903185709e-02	3.773407839129840069e-02	9.372734670213142549e-02
1.722246196061280898e+03	1.973859141050392507e-01	1.184959146806450203e-01	2.880356050498681375e-01	1.796777884975131190e-01	8.479748215061949645e-02	3.778128172371222199e-02	9.382601379257041185e-02
1.727083966274936301e+03	1.970184708110815086e-01	1.182658647343476227e-01	2.882641805019162118e-01	1.798345816321002544e-01	8.486453101986125847e-02	3.782825330767844441e-02	9.392411799298235053e-02
1.731921736488591478e+03	1.966531347722221823e-01	1.180371342277145297e-01	2.884913916843120929e-01	1.799904783754858184e-01	8.493120436242131144e-02	3.787499407818902680e-02	9.402166249962271016e-02
1.736759506702246881e+03	1.962898938871183441e-01	1.178097155823137759e-01	2.887172469770016292e-01	1.801454838508166345e-01	8.499750424295975104e-02	3.792150496886814021e-02	9.411865049088938284e-02
1.741597276915902057e+03	1.959287361240910352e-01	1.175836012633539873e-01	2.889417547061230440e-01	1.802996031518580566e-01	8.506343271518673754e-02	3.796778691193943706e-02	9.421508512741538777e-02
1.746435047129557461e+03	1.955696495207224772e-01	1.173587837794319577e-01	2.891649231443744750e-01	1.804528413431671363e-01	8.512899182191639713e-02	3.801384083819402820e-02	9.431096955216121402e-02
1.751272817343212637e+03	1.952126221834556141e-01	1.171352556822815305e-01	2.893867605113791819e-01	1.806052034602648182e-01	8.519418359512057060e-02	3.805966767695891789e-02	9.440630689050706625e-02
1.756110587556867813e+03	1.948576422871957925e-01	1.169130095665240204e-01	2.896072749740479790e-01	1.807566945098067757e-01	8.525901005598228444e-02	3.810526835606613955e-02	9.450110025034466621e-02
1.760948357770523216e+03	1.945046980749152166e-01	1.166920380694201897e-01	2.898264746469387809e-01	1.809073194697532749e-01	8.532347321494899994e-02	3.815064380182240505e-02	9.459535272216879065e-02
1.765786127984178393e+03	1.941537778572591522e-01	1.164723338706234873e-01	2.900443675926137055e-01	1.810570832895377624e-01	8.538757507178565409e-02	3.819579493897934386e-02	9.468906737916853167e-02
1.770623898197833569e+03	1.938048700121549617e-01	1.162538896919348558e-01	2.902609618219935128e-01	1.812059908902343419e-01	8.545131761562745065e-02	3.824072269070430408e-02	9.478224727731819621e-02
1.775461668411488745e+03	1.934579629844229154e-01	1.160366982970589683e-01	2.904762652947093238e-01	1.813540471647242247e-01	8.551470282503247089e-02	3.828542797855168794e-02	9.487489545546799741e-02
1.780299438625144376e+03	1.931130452853897506e-01	1.158207524913617836e-01	2.906902859194521183e-01	1.815012569778608476e-01	8.557773266803400669e-02	3.832991172243487704e-02	9.496701493543421857e-02
1.785137208838799552e+03	1.927701054925040347e-01	1.156060451216297108e-01	2.909030315543189582e-01	1.816476251666341579e-01	8.564040910219275493e-02	3.837417484059865019e-02	9.505860872208933554e-02
1.789974979052454728e+03	1.924291322489541101e-01	1.153925690758299122e-01	2.911145100071576008e-01	1.817931565403335670e-01	8.570273407464870652e-02	3.841821824959217035e-02	9.514967980345154230e-02
1.794812749266109904e+03	1.920901142632881475e-01	1.151803172828722577e-01	2.913247290359075592e-01	1.819378558807100144e-01	8.576470952217285504e-02	3.846204286424247804e-02	9.524023115077420720e-02
1.799650519479765535e+03	1.917530403090363933e-01	1.149692827123725419e-01	2.915336963489397748e-01	1.820817279421368673e-01	8.582633737121869721e-02	3.850564959762853290e-02	9.533026571863471854e-02
1.804488289693420711e+03	1.914178992243356081e-01	1.147594583744170893e-01	2.917414196053926823e-01	1.822247774517697649e-01	8.588761953797346971e-02	3.854903936105572027e-02	9.541978644502323303e-02
1.809326059907075887e+03	1.910846799115555883e-01	1.145508373193287327e-01	2.919479064155066639e-01	1.823670091097054080e-01	8.594855792840923325e-02	3.859221306403090579e-02	9.550879625143099405e-02
1.814163830120731291e+03	1.907533713369283235e-01	1.143434126374342080e-01	2.921531643409556178e-01	1.825084275891394048e-01	8.600915443833369312e-02	3.863517161423796892e-02	9.559729804293827515e-02
1.819001600334386467e+03	1.904239625301786254e-01	1.141371774588328669e-01	2.923572008951763612e-01	1.826490375365230068e-01	8.606941095344078363e-02	3.867791591751386371e-02	9.568529470830200445e-02
1.823839370548041643e+03	1.900964425841575878e-01	1.139321249531666941e-01	2.925600235436951468e-01	1.827888435717187898e-01	8.612932934936112783e-02	3.872044687782509598e-02	9.577278912004311140e-02
1.828677140761696819e+03	1.897708006544774895e-01	1.137282483293917679e-01	2.927616397044524588e-01	1.829278502881555024e-01	8.618891149171213628e-02	3.876276539724476944e-02	9.585978413453340174e-02
1.833514910975352450e+03	1.894470259591494732e-01	1.135255408355509282e-01	2.929620567481251436e-01	1.830660622529816373e-01	8.624815923614809199e-02	3.880487237593003430e-02	9.594628259208218268e-02
1.838352681189008081e+03	1.891251077782230006e-01	1.133239957585479019e-01	2.931612819984457663e-01	1.832034840072184478e-01	8.630707442840979127e-02	3.884676871210003546e-02	9.603228731702251331e-02
1.843190451402663257e+03	1.888050354534274167e-01	1.131236064239226902e-01	2.933593227325204666e-01	1.833401200659113828e-01	8.636565890437417070e-02	3.888845530201433254e-02	9.611780111779702485e-02
1.848028221616318433e+03	1.884867983878156239e-01	1.129243661956281508e-01	2.935561861811436524e-01	1.834759749182811872e-01	8.642391449010357329e-02	3.892993303995175708e-02	9.620282678704351886e-02
1.852865991829973609e+03	1.881703860454098376e-01	1.127262684758081196e-01	2.937518795291111373e-01	1.836110530278736164e-01	8.648184300189488971e-02	3.897120281818972076e-02	9.628736710168010748e-02
1.857703762043628785e+03	1.878557879508495065e-01	1.125293067045765733e-01	2.939464099155305599e-01	1.837453588327083442e-01	8.653944624632847749e-02	3.901226552698396077e-02	9.637142482299000668e-02
1.862541532257283961e+03	1.875429936890411209e-01	1.123334743597983187e-01	2.941397844341294143e-01	1.838788967454269285e-01	8.659672602031687205e-02	3.905312205454876395e-02	9.645500269670601035e-02
1.867379302470939592e+03	1.872319929048100740e-01	1.121387649568707373e-01	2.943320101335614725e-01	1.840116711534398319e-01	8.665368411115317859e-02	3.909377328703757953e-02	9.653810345309457586e-02
1.872217072684594768e+03	1.869227753025546612e-01	1.119451720485069302e-01	2.945230940177102630e-01	1.841436864190725831e-01	8.671032229655943613e-02	3.913422010852406208e-02	9.662072980703952096e-02
1.877054842898249490e+03	1.866153306459020778e-01	1.117526892245201686e-01	2.947130430459907191e-01	1.842749468797108825e-01	8.676664234473469017e-02	3.917446340098355156e-02	9.670288445812540157e-02
1.881892613111905121e+03	1.863096487573663307e-01	1.115613101116093991e-01	2.949018641336487168e-01	1.844054568479448764e-01	8.682264601440273233e-02	3.921450404427499065e-02	9.678457009072052863e-02
1.886730383325560297e+03	1.860057195180080947e-01	1.113710283731462192e-01	2.950895641520580592e-01	1.845352206117125693e-01	8.687833505485990926e-02	3.925434291612318188e-02	9.686578937405952716e-02
1.891568153539215928e+03	1.857035328670967322e-01	1.111818377089630050e-01	2.952761499290158520e-01	1.846642424344423494e-01	8.693371120602241819e-02	3.929398089210151684e-02	9.694654496232565921e-02
1.896405923752871104e+03	1.854030788017742015e-01	1.109937318551422469e-01	2.954616282490352130e-01	1.847925265551944307e-01	8.698877619847367182e-02	3.933341884561507296e-02	9.702683949473270286e-02
1.901243693966526507e+03	1.851043473767208514e-01	1.108067045838071196e-01	2.956460058536361513e-01	1.849200771888017125e-01	8.704353175351120520e-02	3.937265764788411976e-02	9.710667559560642870e-02
1.906081464180181683e+03	1.848073287038231038e-01	1.106207497029132875e-01	2.958292894416342245e-01	1.850468985260096400e-01	8.709797958319355493e-02	3.941169816792799291e-02	9.718605587446582650e-02
1.910919234393836859e+03	1.845120129518434404e-01	1.104358610560419590e-01	2.960114856694270880e-01	1.851729947336150373e-01	8.715212139038690242e-02	3.945054127254937065e-02	9.726498292610381846e-02
1.915757004607492036e+03	1.842183903460917205e-01	1.102520325221940933e-01	2.961926011512793222e-01	1.852983699546043583e-01	8.720595886881142567e-02	3.948918782631891111e-02	9.734345933066773648e-02
1.920594774821147894e+03	1.839264511680989700e-01	1.100692580155857858e-01	2.963726424596046516e-01	1.854230283082910491e-01	8.725949370308756781e-02	3.952763869156029203e-02	9.742148765373928598e-02
1.925432545034802843e+03	1.836361857552926413e-01	1.098875314854448892e-01	2.965516161252464422e-01	1.855469738904517718e-01	8.731272756878198649e-02	3.956589472833555582e-02	9.749907044641430154e-02
1.930270315248458019e+03	1.833475845006741212e-01	1.097068469158088561e-01	2.967295286377562014e-01	1.856702107734621021e-01	8.736566213245340606e-02	3.960395679443091954e-02	9.757621024538198906e-02
1.935108085462113195e+03	1.830606378524977651e-01	1.095271983253236214e-01	2.969063864456699120e-01	1.857927430064313934e-01	8.741829905169819226e-02	3.964182574534283465e-02	9.765290957300386265e-02
1.939945855675768371e+03	1.827753363139521248e-01	1.093485797670437909e-01	2.970821959567824244e-01	1.859145746153366141e-01	8.747063997519577416e-02	3.967950243426447005e-02	9.772917093739233452e-02
1.944783625889424002e+03	1.824916704428426739e-01	1.091709853282339521e-01	2.972569635384201270e-01	1.860357096031555746e-01	8.752268654275378867e-02	3.971698771207250039e-02	9.780499683248888854e-02
1.949621396103079178e+03	1.822096308512768104e-01	1.089944091301711243e-01	2.974306955177110634e-01	1.861561519499992101e-01	8.757444038535315556e-02	3.975428242731429695e-02	9.788038973814183752e-02
1.954459166316734354e+03	1.819292082053503012e-01	1.088188453279483187e-01	2.976033981818538288e-01	1.862759056132430868e-01	8.762590312519281943e-02	3.979138742619536817e-02	9.795535212018385840e-02
1.959296936530389530e+03	1.816503932248355879e-01	1.086442881102793329e-01	2.977750777783839120e-01	1.863949745276581027e-01	8.767707637573438073e-02	3.982830355256725130e-02	9.802988643050898621e-02
1.964134706744044706e+03	1.813731766828723946e-01	1.084707316993046289e-01	2.979457405154384286e-01	1.865133626055406058e-01	8.772796174174647688e-02	3.986503164791561915e-02	9.810399510714939986e-02
1.968972476957700337e+03	1.810975494056592805e-01	1.082981703503983067e-01	2.981153925620191325e-01	1.866310737368413741e-01	8.777856081934903854e-02	3.990157255134874764e-02	9.817768057435163898e-02
1.973810247171355968e+03	1.808235022721478014e-01	1.081265983519762858e-01	2.982840400482530963e-01	1.867481117892940690e-01	8.782887519605721283e-02	3.993792709958637888e-02	9.825094524265268192e-02
1.978648017385010689e+03	1.805510262137380029e-01	1.079560100253055266e-01	2.984516890656516708e-01	1.868644806085428267e-01	8.787890645082520324e-02	3.997409612694878545e-02	9.832379150895548259e-02
1.983485787598666320e+03	1.802801122139756906e-01	1.077863997243144051e-01	2.986183456673679459e-01	1.869801840182691022e-01	8.792865615408998470e-02	4.001008046534620943e-02	9.839622175660416026e-02
1.988323557812321269e+03	1.800107513082516708e-01	1.076177618354041549e-01	2.987840158684517688e-01	1.870952258203177898e-01	8.797812586781454669e-02	4.004588094426862754e-02	9.846823835545892578e-02
1.993161328025976900e+03	1.797429345835025172e-01	1.074500907772613784e-01	2.989487056461035963e-01	1.872096097948224569e-01	8.802731714553126141e-02	4.008149839077575216e-02	9.853984366197050815e-02
1.997999098239632076e+03	1.794766531779132812e-01	1.072833810006717792e-01	2.991124209399257383e-01	1.873233397003300493e-01	8.807623153238484937e-02	4.011693362948739322e-02	9.861104001925431739e-02
2.002836868453287707e+03	1.792118982806217287e-01	1.071176269883348797e-01	2.992751676521726578e-01	1.874364192739246260e-01	8.812487056517526174e-02	4.015218748257409070e-02	9.868182975716413563e-02
2.007674638666942428e+03	1.789486611314244080e-01	1.069528232546797242e-01	2.994369516479989390e-01	1.875488522313504824e-01	8.817323577240022969e-02	4.018726076974803857e-02	9.875221519236557222e-02
2.012512408880597604e+03	1.786869330204844397e-01	1.067889643456818721e-01	2.995977787557055350e-01	1.876606422671344976e-01	8.822132867429784142e-02	4.022215430825427929e-02	9.882219862840900537e-02
2.017350179094252780e+03	1.784267052880408599e-01	1.066260448386812665e-01	2.997576547669842384e-01	1.877717930547078973e-01	8.826915078288873062e-02	4.025686891286223146e-02	9.889178235580227405e-02
2.022187949307908411e+03	1.781679693241199625e-01	1.064640593422012532e-01	2.999165854371607653e-01	1.878823082465269634e-01	8.831670360201815395e-02	4.029140539585742559e-02	9.896096865208300897e-02
2.027025719521564042e+03	1.779107165682478064e-01	1.063030024957686143e-01	3.000745764854358955e-01	1.879921914741933264e-01	8.836398862739786031e-02	4.032576456703357987e-02	9.902975978189047790e-02
2.031863489735218764e+03	1.776549385091650002e-01	1.061428689697347105e-01	3.002316335951244475e-01	1.881014463485735366e-01	8.841100734664782135e-02	4.035994723368489107e-02	9.909815799703718120e-02
2.036701259948874394e+03	1.774006266845425950e-01	1.059836534650975132e-01	3.003877624138934221e-01	1.882100764599176912e-01	8.845776123933767054e-02	4.039395420059864461e-02	9.916616553658003097e-02
2.041539030162529116e+03	1.771477726807000885e-01	1.058253507133248145e-01	3.005429685539975915e-01	1.883180853779776176e-01	8.850425177702807289e-02	4.042778627004805364e-02	9.923378462689125268e-02
2.046376800376184747e+03	1.768963681323246218e-01	1.056679554761785211e-01	3.006972575925141444e-01	1.884254766521241964e-01	8.855048042331184477e-02	4.046144424178536869e-02	9.930101748172878717e-02
2.051214570589840150e+03	1.766464047221922018e-01	1.055114625455396971e-01	3.008506350715750566e-01	1.885322538114641011e-01	8.859644863385481017e-02	4.049492891303522329e-02	9.936786630230645678e-02
2.056052340803495554e+03	1.763978741808902018e-01	1.053558667432348689e-01	3.010031064985981830e-01	1.886384203649557056e-01	8.864215785643665690e-02	4.052824107848827101e-02	9.943433327736368732e-02
2.060890111017150957e+03	1.761507682865417757e-01	1.052011629208633170e-01	3.011546773465165749e-01	1.887439798015245473e-01	8.868760953099143196e-02	4.056138153029505145e-02	9.950042058323493865e-02
2.065727881230805451e+03	1.759050788645316887e-01	1.050473459596251852e-01	3.013053530540062419e-01	1.888489355901777911e-01	8.873280508964795366e-02	4.059435105806005750e-02	9.956613038391876058e-02
2.070565651444461309e+03	1.756607977872337578e-01	1.048944107701508255e-01	3.014551390257121932e-01	1.889532911801183601e-01	8.877774595676996006e-02	4.062715044883614957e-02	9.963146483114641849e-02
2.075403421658116713e+03	1.754179169737399291e-01	1.047423522923309758e-01	3.016040406324731471e-01	1.890570500008580679e-01	8.882243354899616028e-02	4.065978048711908766e-02	9.969642606445032473e-02
2.080241191871772116e+03	1.751764283895907992e-01	1.045911654951479919e-01	3.017520632115441304e-01	1.891602154623304166e-01	8.886686927528003599e-02	4.069224195484238277e-02	9.976101621123198426e-02
2.085078962085427065e+03	1.749363240465079683e-01	1.044408453765080097e-01	3.018992120668179124e-01	1.892627909550023968e-01	8.891105453692950411e-02	4.072453563137234250e-02	9.982523738682956560e-02
2.089916732299082469e+03	1.746975960021275864e-01	1.042913869630741341e-01	3.020454924690449960e-01	1.893647798499860369e-01	8.895499072764632975e-02	4.075666229350335956e-02	9.988909169458526360e-02
2.094754502512737417e+03	1.744602363597357875e-01	1.041427853101005996e-01	3.021909096560514985e-01	1.894661854991488148e-01	8.899867923356546973e-02	4.078862271545338758e-02	9.995258122591219041e-02
2.099592272726392821e+03	1.742242372680053442e-01	1.039950355012677907e-01	3.023354688329560336e-01	1.895670112352238756e-01	8.904212143329408302e-02	4.082041766885970147e-02	1.000157080603609333e-01
2.104430042940048224e+03	1.739895909207341551e-01	1.038481326485183737e-01	3.024791751723848177e-01	1.896672603719192773e-01	8.908531869795049962e-02	4.085204792277483121e-02	1.000784742656858767e-01
2.109267813153704083e+03	1.737562895565849252e-01	1.037020718918942319e-01	3.026220338146851652e-01	1.897669362040267926e-01	8.912827239120298117e-02	4.088351424366270387e-02	1.001408818979109827e-01
2.114105583367359031e+03	1.735243254588267059e-01	1.035568483993744709e-01	3.027640498681379855e-01	1.898660420075300448e-01	8.917098386930820408e-02	4.091481739539503532e-02	1.002029330013954056e-01
2.118943353581013525e+03	1.732936909550776006e-01	1.034124573667142832e-01	3.029052284091678926e-01	1.899645810397118662e-01	8.921345448114967325e-02	4.094595813924789551e-02	1.002646296088986339e-01
2.123781123794669384e+03	1.730643784170492194e-01	1.032688940172847569e-01	3.030455744825526487e-01	1.900625565392613514e-01	8.925568556827594147e-02	4.097693723389848885e-02	1.003259737416453967e-01
2.128618894008324787e+03	1.728363802602925214e-01	1.031261536019136699e-01	3.031850931016308870e-01	1.901599717263798839e-01	8.929767846493857908e-02	4.100775543542214963e-02	1.003869674093901543e-01
2.133456664221980191e+03	1.726096889439449611e-01	1.029842313987271440e-01	3.033237892485080578e-01	1.902568298028868288e-01	8.933943449813003257e-02	4.103841349728952481e-02	1.004476126104812683e-01
2.138294434435635139e+03	1.723842969704794670e-01	1.028431227129921605e-01	3.034616678742614315e-01	1.903531339523246158e-01	8.938095498762130275e-02	4.106891217036394426e-02	1.005079113319248263e-01
2.143132204649290543e+03	1.721601968854545028e-01	1.027028228769602813e-01	3.035987338991434359e-01	1.904488873400629612e-01	8.942224124599945645e-02	4.109925220289899206e-02	1.005678655494481877e-01
2.147969974862945492e+03	1.719373812772658217e-01	1.025633272497118303e-01	3.037349922127831614e-01	1.905440931134027571e-01	8.946329457870487445e-02	4.112943434053628611e-02	1.006274772275630586e-01
2.152807745076601350e+03	1.717158427768995799e-01	1.024246312170013218e-01	3.038704476743873117e-01	1.906387544016792668e-01	8.950411628406844400e-02	4.115945932630342419e-02	1.006867483196284135e-01
2.157645515290255844e+03	1.714955740576868393e-01	1.022867301911036808e-01	3.040051051129390447e-01	1.907328743163646534e-01	8.954470765334854310e-02	4.118932790061211047e-02	1.007456807679128902e-01
2.162483285503912157e+03	1.712765678350595400e-01	1.021496196106613102e-01	3.041389693273956474e-01	1.908264559511699821e-01	8.958506997076776113e-02	4.121904080125646935e-02	1.008042765036570310e-01
2.167321055717567106e+03	1.710588168663078890e-01	1.020132949405321010e-01	3.042720450868848237e-01	1.909195023821467219e-01	8.962520451354956397e-02	4.124859876341156750e-02	1.008625374471350533e-01
2.172158825931222509e+03	1.708423139503391919e-01	1.018777516716383169e-01	3.044043371308997048e-01	1.910120166677874154e-01	8.966511255195475094e-02	4.127800251963205380e-02	1.009204655077163559e-01
2.176996596144877003e+03	1.706270519274378783e-01	1.017429853208163260e-01	3.045358501694922504e-01	1.911040018491259318e-01	8.970479534931770360e-02	4.130725279985100751e-02	1.009780625839267199e-01
2.181834366358532861e+03	1.704130236790271924e-01	1.016089914306672337e-01	3.046665888834655944e-01	1.911954609498372204e-01	8.974425416208250961e-02	4.133635033137899456e-02	1.010353305635091070e-01
2.186672136572187810e+03	1.702002221274322435e-01	1.014757655694083494e-01	3.047965579245646150e-01	1.912863969763362870e-01	8.978349023983889232e-02	4.136529583890320022e-02	1.010922713234841813e-01
2.191509906785843214e+03	1.699886402356440562e-01	1.013433033307255260e-01	3.049257619156660049e-01	1.913768129178768096e-01	8.982250482535795999e-02	4.139409004448681151e-02	1.011488867302105521e-01
2.196347676999498617e+03	1.697782710070855072e-01	1.012116003336264169e-01	3.050542054509660095e-01	1.914667117466489210e-01	8.986129915462784390e-02	4.142273366756851760e-02	1.012051786394445457e-01
2.201185447213154021e+03	1.695691074853782343e-01	1.010806522222944537e-01	3.051818930961672782e-01	1.915560964178767145e-01	8.989987445688905898e-02	4.145122742496218371e-02	1.012611488963998663e-01
2.206023217426809424e+03	1.693611427541110437e-01	1.009504546659438229e-01	3.053088293886647153e-01	1.916449698699149717e-01	8.993823195466982279e-02	4.147957203085668454e-02	1.013167993358066871e-01
2.210860987640464373e+03	1.691543699366097053e-01	1.008210033586751236e-01	3.054350188377297215e-01	1.917333350243455026e-01	8.997637286382112465e-02	4.150776819681588348e-02	1.013721317819706730e-01
2.215698757854119776e+03	1.689487821957079972e-01	1.006922940193320237e-01	3.055604659246929922e-01	1.918211947860727629e-01	9.001429839355164220e-02	4.153581663177878525e-02	1.014271480488315308e-01
2.220536528067775180e+03	1.687443727335200538e-01	1.005643223913585821e-01	3.056851751031265385e-01	1.919085520434190006e-01	9.005200974646250522e-02	4.156371804205982040e-02	1.014818499400212126e-01
2.225374298281430583e+03	1.685411347912141034e-01	1.004370842426575705e-01	3.058091507990238767e-01	1.919954096682189582e-01	9.008950811858190688e-02	4.159147313134927554e-02	1.015362392489219806e-01
2.230212068495085077e+03	1.683390616487875358e-01	1.003105753654494336e-01	3.059323974109794952e-01	1.920817705159138244e-01	9.012679469939950672e-02	4.161908260071389004e-02	1.015903177587239997e-01
2.235049838708740936e+03	1.681381466248431378e-01	1.001847915761322344e-01	3.060549193103666021e-01	1.921676374256447994e-01	9.016387067190070881e-02	4.164654714859756385e-02	1.016440872424826669e-01
2.239887608922396339e+03	1.679383830763667984e-01	1.000597287151422932e-01	3.061767208415140384e-01	1.922530132203460473e-01	9.020073721260075950e-02	4.167386747082224563e-02	1.016975494631756211e-01
2.244725379136052197e+03	1.677397643985063247e-01	9.993538264681571526e-02	3.062978063218815272e-01	1.923379007068371782e-01	9.023739549157866469e-02	4.170104426058891811e-02	1.017507061737594615e-01
2.249563149349706237e+03	1.675422840243517564e-01	9.981174925925061225e-02	3.064181800422343116e-01	1.924223026759150912e-01	9.027384667251102390e-02	4.172807820847879157e-02	1.018035591172261473e-01
2.254400919563362095e+03	1.673459354247166520e-01	9.968882446417026699e-02	3.065378462668160719e-01	1.925062219024455124e-01	9.031009191270558678e-02	4.175497000245450424e-02	1.018561100266591468e-01
2.259238689777017044e+03	1.671507121079209013e-01	9.956660419678696472e-02	3.066568092335207329e-01	1.925896611454536722e-01	9.034613236313472628e-02	4.178172032786159340e-02	1.019083606252891433e-01
2.264076459990672902e+03	1.669566076195748150e-01	9.944508441566664303e-02	3.067750731540632159e-01	1.926726231482147333e-01	9.038196916846871765e-02	4.180832986743000107e-02	1.019603126265495596e-01
