1.001418434226643626e+03	2.795755385005981863e-01	1.805498260729531679e-01	2.347256579275494026e-01	1.411046926105025690e-01	6.781643747396899624e-02	2.684078146403541185e-02	6.938706595011069622e-02
1.002869765290740247e+03	2.793219221616338732e-01	1.803800703933808314e-01	2.348999129165290634e-01	1.412133640973380899e-01	6.785650635645076867e-02	2.686823578655163358e-02	6.945998828783420120e-02
1.004321096354836754e+03	2.790687413164735786e-01	1.802106035420703856e-01	2.350738210152483743e-01	1.413218680814148087e-01	6.789650105999733842e-02	2.689565220716879854e-02	6.953281277734524313e-02
1.005772427418933376e+03	2.788159952119062535e-01	1.800414250111682102e-01	2.352473832111326990e-01	1.414302047807158846e-01	6.793642176972214397e-02	2.692303073590787341e-02	6.960553927916544870e-02
1.007223758483029997e+03	2.785636830961023547e-01	1.798725342938365945e-01	2.354206004861728596e-01	1.415383744132777399e-01	6.797626867000421125e-02	2.695037138315841546e-02	6.967816765716636218e-02
1.008675089547126618e+03	2.783118042186104035e-01	1.797039308842505456e-01	2.355934738169710996e-01	1.416463771971862018e-01	6.801604194449242802e-02	2.697767415967520718e-02	6.975069777853265540e-02
1.010126420611223239e+03	2.780603578303536549e-01	1.795356142775946795e-01	2.357660041747866864e-01	1.417542133505730328e-01	6.805574177610965170e-02	2.700493907657490478e-02	6.982312951372590670e-02
1.011577751675319632e+03	2.778093431836270999e-01	1.793675839700601404e-01	2.359381925255810142e-01	1.418618830916119622e-01	6.809536834705696984e-02	2.703216614533274567e-02	6.989546273644858809e-02
1.013029082739416367e+03	2.775587595320940792e-01	1.791998394588413812e-01	2.361100398300623182e-01	1.419693866385151881e-01	6.813492183881776632e-02	2.705935537777924907e-02	6.996769732360855198e-02
1.014480413803512761e+03	2.773086061307830086e-01	1.790323802421331933e-01	2.362815470437300003e-01	1.420767242095297700e-01	6.817440243216191242e-02	2.708650678609694773e-02	7.003983315528378162e-02
1.015931744867609382e+03	2.770588822360842696e-01	1.788652058191276262e-01	2.364527151169182884e-01	1.421838960229339643e-01	6.821381030714980531e-02	2.711362038281716486e-02	7.011187011468750230e-02
1.017383075931706003e+03	2.768095871057469903e-01	1.786983156900108505e-01	2.366235449948399794e-01	1.422909022970338944e-01	6.825314564313646193e-02	2.714069618081678750e-02	7.018380808813366734e-02
1.018834406995802851e+03	2.765607199988758813e-01	1.785317093559602442e-01	2.367940376176291550e-01	1.423977432501598583e-01	6.829240861877557134e-02	2.716773419331507469e-02	7.025564696500284645e-02
1.020285738059899245e+03	2.763122801759280711e-01	1.783653863191413391e-01	2.369641939203839809e-01	1.425044191006630545e-01	6.833159941202342214e-02	2.719473443387049674e-02	7.032738663770832233e-02
1.021737069123995752e+03	2.760642668987098869e-01	1.781993460827047959e-01	2.371340148332087838e-01	1.426109300669120283e-01	6.837071820014295476e-02	2.722169691637758501e-02	7.039902700166265903e-02
1.023188400188092373e+03	2.758166794303738567e-01	1.780335881507835172e-01	2.373035012812558520e-01	1.427172763672893419e-01	6.840976515970771665e-02	2.724862165506382675e-02	7.047056795524453410e-02
1.024639731252188767e+03	2.755695170354154344e-01	1.778681120284896222e-01	2.374726541847669015e-01	1.428234582201883818e-01	6.844874046660576195e-02	2.727550866448655645e-02	7.054200939976593143e-02
1.026091062316285615e+03	2.753227789796700575e-01	1.777029172219115327e-01	2.376414744591140438e-01	1.429294758440098623e-01	6.848764429604357884e-02	2.730235795952988195e-02	7.061335123943966730e-02
1.027542393380382237e+03	2.750764645303098721e-01	1.775380032381110029e-01	2.378099630148403087e-01	1.430353294571586609e-01	6.852647682254994765e-02	2.732916955540164172e-02	7.068459338134722159e-02
1.028993724444478858e+03	2.748305729558406796e-01	1.773733695851202607e-01	2.379781207576999180e-01	1.431410192780405988e-01	6.856523821997981272e-02	2.735594346763037601e-02	7.075573573540694383e-02
1.030445055508575479e+03	2.745851035260990503e-01	1.772090157719392045e-01	2.381459485886981975e-01	1.432465455250592767e-01	6.860392866151804325e-02	2.738267971206232235e-02	7.082677821434250898e-02
1.031896386572671872e+03	2.743400555122489370e-01	1.770449413085323775e-01	2.383134474041309070e-01	1.433519084166128832e-01	6.864254831968331916e-02	2.740937830485843177e-02	7.089772073365172012e-02
1.033347717636768493e+03	2.740954281867790110e-01	1.768811457058262204e-01	2.384806180956233201e-01	1.434571081710910578e-01	6.868109736633185025e-02	2.743603926249140942e-02	7.096856321157567205e-02
1.034799048700865114e+03	2.738512208234993306e-01	1.767176284757061566e-01	2.386474615501689989e-01	1.435621450068719218e-01	6.871957597266115103e-02	2.746266260174278287e-02	7.103930556906817850e-02
1.036250379764961508e+03	2.736074326975383442e-01	1.765543891310139002e-01	2.388139786501680961e-01	1.436670191423189413e-01	6.875798430921374604e-02	2.748924833969998080e-02	7.110994772976549083e-02
1.037701710829058356e+03	2.733640630853401143e-01	1.763914271855444860e-01	2.389801702734653532e-01	1.437717307957779023e-01	6.879632254588088913e-02	2.751579649375344300e-02	7.118048961995637747e-02
1.039153041893154750e+03	2.731211112646610428e-01	1.762287421540436050e-01	2.391460372933875422e-01	1.438762801855739959e-01	6.883459085190618554e-02	2.754230708159375110e-02	7.125093116855248099e-02
1.040604372957251599e+03	2.728785765145670394e-01	1.760663335522047734e-01	2.393115805787809081e-01	1.439806675300088767e-01	6.887278939588933890e-02	2.756878012120877325e-02	7.132127230705891108e-02
1.042055704021347992e+03	2.726364581154304689e-01	1.759042008966666959e-01	2.394768009940479725e-01	1.440848930473576928e-01	6.891091834578964848e-02	2.759521563088084342e-02	7.139151296954528159e-02
1.043507035085444613e+03	2.723947553489272644e-01	1.757423437050102955e-01	2.396416993991841438e-01	1.441889569558662820e-01	6.894897786892971447e-02	2.762161362918394772e-02	7.146165309261687248e-02
1.044958366149541234e+03	2.721534674980340407e-01	1.755807614957562435e-01	2.398062766498137988e-01	1.442928594737483139e-01	6.898696813199897693e-02	2.764797413498094186e-02	7.153169261538627755e-02
1.046409697213637855e+03	2.719125938470248749e-01	1.754194537883620730e-01	2.399705335972261711e-01	1.443966008191823747e-01	6.902488930105726839e-02	2.767429716742078605e-02	7.160163147944505202e-02
1.047861028277734476e+03	2.716721336814686416e-01	1.752584201032195421e-01	2.401344710884108780e-01	1.445001812103094141e-01	6.906274154153832501e-02	2.770058274593580408e-02	7.167146962883599870e-02
1.049312359341831097e+03	2.714320862882260155e-01	1.750976599616519969e-01	2.402980899660930869e-01	1.446036008652297478e-01	6.910052501825332538e-02	2.772683089023895292e-02	7.174120701002541234e-02
1.050763690405927491e+03	2.711924509554466955e-01	1.749371728859116515e-01	2.404613910687683764e-01	1.447068600020004758e-01	6.913823989539435999e-02	2.775304162032113039e-02	7.181084357187587919e-02
1.052215021470024112e+03	2.709532269725661857e-01	1.747769583991769793e-01	2.406243752307370976e-01	1.448099588386328462e-01	6.917588633653787289e-02	2.777921495644847596e-02	7.188037926561907653e-02
1.053666352534120733e+03	2.707144136303032966e-01	1.746170160255500481e-01	2.407870432821387630e-01	1.449128975930895069e-01	6.921346450464814504e-02	2.780535091915972701e-02	7.194981404482914122e-02
1.055117683598217127e+03	2.704760102206569261e-01	1.744573452900539390e-01	2.409493960489857145e-01	1.450156764832818412e-01	6.925097456208065272e-02	2.783144952926357163e-02	7.201914786539601043e-02
1.056569014662313975e+03	2.702380160369035056e-01	1.742979457186301095e-01	2.411114343531967352e-01	1.451182957270675811e-01	6.928841667058546760e-02	2.785751080783601535e-02	7.208838068549928979e-02
1.058020345726410369e+03	2.700004303735938915e-01	1.741388168381358126e-01	2.412731590126302450e-01	1.452207555422480034e-01	6.932579099131065681e-02	2.788353477621779292e-02	7.215751246558223253e-02
1.059471676790506763e+03	2.697632525265508674e-01	1.739799581763415703e-01	2.414345708411172187e-01	1.453230561465655435e-01	6.936309768480559967e-02	2.790952145601178352e-02	7.222654316832603782e-02
1.060923007854603611e+03	2.695264817928659795e-01	1.738213692619285378e-01	2.415956706484937155e-01	1.454251977577012411e-01	6.940033691102434621e-02	2.793547086908044347e-02	7.229547275862438505e-02
1.062374338918700232e+03	2.692901174708968726e-01	1.736630496244859767e-01	2.417564592406331314e-01	1.455271805932723539e-01	6.943750882932886448e-02	2.796138303754325954e-02	7.236430120355824558e-02
1.063825669982796853e+03	2.690541588602644030e-01	1.735049987945087580e-01	2.419169374194782562e-01	1.456290048708297480e-01	6.947461359849234352e-02	2.798725798377423371e-02	7.243302847237093056e-02
1.065277001046893474e+03	2.688186052618500299e-01	1.733472163033948632e-01	2.420771059830729433e-01	1.457306708078555391e-01	6.951165137670248240e-02	2.801309573039937120e-02	7.250165453644341618e-02
1.066728332110990095e+03	2.685834559777928732e-01	1.731897016834428038e-01	2.422369657255933340e-01	1.458321786217608163e-01	6.954862232156468205e-02	2.803889630029419294e-02	7.257017936926991875e-02
1.068179663175086489e+03	2.683487103114870487e-01	1.730324544678491783e-01	2.423965174373790554e-01	1.459335285298832274e-01	6.958552659010529273e-02	2.806465971658127917e-02	7.263860294643365023e-02
1.069630994239183110e+03	2.681143675675786708e-01	1.728754741907061743e-01	2.425557619049638902e-01	1.460347207494845090e-01	6.962236433877479203e-02	2.809038600262780613e-02	7.270692524558294845e-02
1.071082325303279504e+03	2.678804270519634656e-01	1.727187603869990706e-01	2.427146999111063908e-01	1.461357554977482931e-01	6.965913572345092120e-02	2.811607518204312789e-02	7.277514624640751828e-02
1.072533656367376352e+03	2.676468880717837728e-01	1.725623125926039336e-01	2.428733322348199108e-01	1.462366329917779151e-01	6.969584089944191874e-02	2.814172727867635809e-02	7.284326593061499211e-02
1.073984987431472746e+03	2.674137499354258818e-01	1.724061303442850079e-01	2.430316596514026650e-01	1.463373534485939709e-01	6.973248002148958735e-02	2.816734231661396914e-02	7.291128428190771227e-02
1.075436318495569594e+03	2.671810119525172555e-01	1.722502131796923852e-01	2.431896829324672604e-01	1.464379170851322631e-01	6.976905324377241646e-02	2.819292032017743643e-02	7.297920128595976330e-02
1.076887649559666215e+03	2.669486734339240330e-01	1.720945606373595893e-01	2.433474028459700067e-01	1.465383241182414420e-01	6.980556071990866307e-02	2.821846131392086524e-02	7.304701693039412913e-02
1.078338980623762609e+03	2.667167336917481424e-01	1.719391722567011060e-01	2.435048201562400871e-01	1.466385747646810067e-01	6.984200260295946039e-02	2.824396532262865925e-02	7.311473120476026655e-02
1.079790311687859230e+03	2.664851920393245810e-01	1.717840475780101073e-01	2.436619356240083134e-01	1.467386692411189741e-01	6.987837904543181544e-02	2.826943237131318912e-02	7.318234410051177585e-02
1.081241642751955851e+03	2.662540477912188619e-01	1.716291861424559806e-01	2.438187500064355473e-01	1.468386077641298804e-01	6.991469019928166218e-02	2.829486248521249914e-02	7.324985561098432130e-02
1.082692973816052472e+03	2.660233002632242938e-01	1.714745874920820257e-01	2.439752640571410669e-01	1.469383905501926435e-01	6.995093621591687294e-02	2.832025568978801741e-02	7.331726573137378744e-02
1.084144304880149093e+03	2.657929487723593720e-01	1.713202511698031227e-01	2.441314785262305165e-01	1.470380178156885098e-01	6.998711724620025609e-02	2.834561201072227990e-02	7.338457445871472695e-02
1.085595635944245487e+03	2.655629926368649474e-01	1.711661767194032624e-01	2.442873941603236065e-01	1.471374897768989443e-01	7.002323344045248421e-02	2.837093147391669956e-02	7.345178179185882228e-02
1.087046967008342108e+03	2.653334311762018394e-01	1.710123636855334084e-01	2.444430117025815918e-01	1.472368066500036599e-01	7.005928494845506393e-02	2.839621410548929734e-02	7.351888773145381917e-02
1.088498298072438729e+03	2.651042637110480604e-01	1.708588116137091384e-01	2.445983318927344996e-01	1.473359686510786748e-01	7.009527191945329194e-02	2.842145993177251639e-02	7.358589227992251569e-02
1.089949629136535123e+03	2.648754895632962070e-01	1.707055200503082015e-01	2.447533554671079692e-01	1.474349759960941475e-01	7.013119450215915540e-02	2.844666897931100863e-02	7.365279544144197332e-02
1.091400960200631971e+03	2.646471080560508504e-01	1.705524885425684367e-01	2.449080831586500084e-01	1.475338289009126558e-01	7.016705284475414917e-02	2.847184127485944197e-02	7.371959722192304720e-02
1.092852291264728365e+03	2.644191185136260391e-01	1.703997166385853024e-01	2.450625156969574725e-01	1.476325275812871152e-01	7.020284709489225949e-02	2.849697684538035625e-02	7.378629762898998579e-02
1.094303622328825213e+03	2.641915202615425784e-01	1.702472038873098226e-01	2.452166538083021263e-01	1.477310722528588915e-01	7.023857739970278125e-02	2.852207571804198441e-02	7.385289667196032193e-02
1.095754953392921607e+03	2.639643126265254214e-01	1.700949498385461445e-01	2.453704982156567627e-01	1.478294631311559970e-01	7.027424390579307956e-02	2.854713792021613961e-02	7.391939436182497214e-02
1.097206284457018228e+03	2.637374949365012822e-01	1.699429540429493457e-01	2.455240496387207094e-01	1.479277004315911470e-01	7.030984675925151806e-02	2.857216347947608842e-02	7.398579071122846074e-02
1.098657615521114849e+03	2.635110665205958602e-01	1.697912160520232694e-01	2.456773087939454481e-01	1.480257843694599285e-01	7.034538610565016503e-02	2.859715242359444493e-02	7.405208573444947706e-02
1.100108946585211470e+03	2.632850267091313978e-01	1.696397354181182759e-01	2.458302763945597325e-01	1.481237151599390234e-01	7.038086209004762450e-02	2.862210478054109594e-02	7.411827944738144658e-02
1.101560277649308091e+03	2.630593748336241822e-01	1.694885116944290226e-01	2.459829531505945965e-01	1.482214930180844048e-01	7.041627485699179789e-02	2.864702057848111938e-02	7.418437186751354606e-02
1.103011608713404712e+03	2.628341102267818807e-01	1.693375444349922709e-01	2.461353397689080569e-01	1.483191181588295326e-01	7.045162455052257633e-02	2.867189984577274073e-02	7.425036301391164939e-02
1.104462939777501106e+03	2.626092322225010989e-01	1.691868331946846937e-01	2.462874369532097041e-01	1.484165907969836329e-01	7.048691131417458844e-02	2.869674261096528955e-02	7.431625290719964805e-02
1.105914270841597499e+03	2.623847401558648817e-01	1.690363775292207660e-01	2.464392454040849612e-01	1.485139111472300044e-01	7.052213529097996203e-02	2.872154890279717335e-02	7.438204156954089652e-02
1.107365601905694348e+03	2.621606333631400498e-01	1.688861769951504888e-01	2.465907658190191476e-01	1.486110794241242983e-01	7.055729662347094699e-02	2.874631875019386870e-02	7.444772902461986586e-02
1.108816932969790741e+03	2.619369111817749785e-01	1.687362311498573353e-01	2.467419988924211549e-01	1.487080958420926857e-01	7.059239545368259372e-02	2.877105218226594374e-02	7.451331529762394990e-02
1.110268264033887590e+03	2.617135729503968777e-01	1.685865395515560583e-01	2.468929453156473164e-01	1.488049606154304150e-01	7.062743192315545926e-02	2.879574922830707012e-02	7.457880041522550740e-02
1.111719595097984211e+03	2.614906180088092391e-01	1.684371017592905806e-01	2.470436057770245553e-01	1.489016739583000071e-01	7.066240617293816084e-02	2.882040991779205932e-02	7.464418440556404299e-02
1.113170926162080832e+03	2.612680456979897259e-01	1.682879173329318301e-01	2.471939809618737549e-01	1.489982360847297294e-01	7.069731834359004041e-02	2.884503428037491976e-02	7.470946729822862398e-02
1.114622257226177226e+03	2.610458553600873421e-01	1.681389858331757414e-01	2.473440715525325184e-01	1.490946472086119023e-01	7.073216857518380141e-02	2.886962234588692777e-02	7.477464912424036658e-02
1.116073588290273847e+03	2.608240463384201568e-01	1.679903068215410356e-01	2.474938782283780669e-01	1.491909075437014287e-01	7.076695700730800676e-02	2.889417414433470901e-02	7.483972991603525526e-02
1.117524919354370468e+03	2.606026179774726392e-01	1.678418798603671658e-01	2.476434016658496107e-01	1.492870173036141279e-01	7.080168377906974342e-02	2.891868970589833374e-02	7.490470970744704526e-02
1.118976250418467089e+03	2.603815696228936605e-01	1.676937045128122916e-01	2.477926425384707199e-01	1.493829767018251542e-01	7.083634902909709263e-02	2.894316906092943287e-02	7.496958853369029008e-02
1.120427581482563710e+03	2.601609006214935516e-01	1.675457803428511416e-01	2.479416015168715293e-01	1.494787859516676087e-01	7.087095289554171118e-02	2.896761223994932452e-02	7.503436643134368811e-02
1.121878912546660331e+03	2.599406103212421049e-01	1.673981069152730150e-01	2.480902792688104708e-01	1.495744452663309576e-01	7.090549551608134327e-02	2.899201927364715783e-02	7.509904343833345708e-02
1.123330243610756725e+03	2.597206980712659097e-01	1.672506837956796721e-01	2.482386764591960338e-01	1.496699548588595885e-01	7.093997702792231852e-02	2.901639019287805682e-02	7.516361959391695824e-02
1.124781574674853118e+03	2.595011632218458542e-01	1.671035105504833362e-01	2.483867937501083034e-01	1.497653149421511731e-01	7.097439756780199449e-02	2.904072502866130931e-02	7.522809493866648711e-02
1.126232905738949967e+03	2.592820051244151824e-01	1.669565867469046117e-01	2.485346318008201660e-01	1.498605257289554737e-01	7.100875727199131016e-02	2.906502381217853162e-02	7.529246951445318914e-02
1.127684236803046360e+03	2.590632231315564415e-01	1.668099119529705965e-01	2.486821912678184587e-01	1.499555874318727333e-01	7.104305627629718678e-02	2.908928657477188526e-02	7.535674336443114185e-02
1.129135567867143209e+03	2.588448165969997605e-01	1.666634857375127177e-01	2.488294728048248139e-01	1.500505002633522600e-01	7.107729471606494265e-02	2.911351334794227974e-02	7.542091653302170073e-02
1.130586898931239830e+03	2.586267848756199639e-01	1.665173076701648158e-01	2.489764770628163371e-01	1.501452644356911781e-01	7.111147272618076332e-02	2.913770416334758931e-02	7.548498906589783120e-02
1.132038229995336451e+03	2.584091273234345176e-01	1.663713773213610914e-01	2.491232046900462849e-01	1.502398801610328460e-01	7.114559044107410246e-02	2.916185905280090779e-02	7.554896100996873198e-02
1.133489561059432845e+03	2.581918432976009758e-01	1.662256942623342171e-01	2.492696563320641878e-01	1.503343476513656629e-01	7.117964799472002724e-02	2.918597804826879652e-02	7.561283241336458349e-02
1.134940892123529466e+03	2.579749321564148157e-01	1.660802580651133120e-01	2.494158326317360286e-01	1.504286671185215973e-01	7.121364552064163300e-02	2.921006118186954617e-02	7.567660332542147650e-02
1.136392223187626087e+03	2.577583932593069949e-01	1.659350683025219153e-01	2.495617342292642260e-01	1.505228387741750218e-01	7.124758315191240254e-02	2.923410848587145935e-02	7.574027379666641024e-02
1.137843554251722708e+03	2.575422259668415093e-01	1.657901245481762376e-01	2.497073617622073138e-01	1.506168628298412415e-01	7.128146102115852367e-02	2.925811999269115060e-02	7.580384387880252650e-02
1.139294885315819101e+03	2.573264296407131724e-01	1.656454263764829127e-01	2.498527158654995917e-01	1.507107394968752456e-01	7.131527926056120681e-02	2.928209573489184286e-02	7.586731362469449624e-02
1.140746216379915950e+03	2.571110036437455060e-01	1.655009733626373603e-01	2.499977971714704428e-01	1.508044689864704857e-01	7.134903800185905809e-02	2.930603574518168830e-02	7.593068308835396185e-02
1.142197547444012343e+03	2.568959473398879090e-01	1.653567650826216484e-01	2.501426063098636243e-01	1.508980515096575992e-01	7.138273737635032756e-02	2.932994005641211335e-02	7.599395232492527075e-02
1.143648878508108737e+03	2.566812600942138811e-01	1.652128011132026619e-01	2.502871439078562243e-01	1.509914872773030770e-01	7.141637751489521291e-02	2.935380870157614647e-02	7.605712139067126454e-02
1.145100209572205586e+03	2.564669412729184139e-01	1.650690810319302426e-01	2.504314105900775633e-01	1.510847765001082088e-01	7.144995854791812151e-02	2.937764171380678399e-02	7.612019034295917919e-02
1.146551540636302207e+03	2.562529902433158258e-01	1.649256044171351077e-01	2.505754069786277904e-01	1.511779193886076955e-01	7.148348060540990478e-02	2.940143912637535953e-02	7.618315924024679497e-02
1.148002871700398828e+03	2.560394063738373749e-01	1.647823708479272120e-01	2.507191336930966186e-01	1.512709161531685109e-01	7.151694381693012026e-02	2.942520097268993759e-02	7.624602814206869750e-02
1.149454202764495449e+03	2.558261890340291500e-01	1.646393799041936945e-01	2.508625913505812544e-01	1.513637670039888194e-01	7.155034831160926589e-02	2.944892728629370030e-02	7.630879710902259416e-02
1.150905533828591842e+03	2.556133375945496278e-01	1.644966311665970182e-01	2.510057805657049390e-01	1.514564721510967271e-01	7.158369421815095890e-02	2.947261810086334796e-02	7.637146620275585274e-02
1.152356864892688463e+03	2.554008514271674524e-01	1.643541242165731942e-01	2.511487019506348228e-01	1.515490318043490880e-01	7.161698166483415617e-02	2.949627345020754132e-02	7.643403548595219255e-02
1.153808195956785084e+03	2.551887299047593816e-01	1.642118586363298105e-01	2.512913561150997288e-01	1.516414461734304775e-01	7.165021077951531925e-02	2.951989336826531599e-02	7.649650502231845894e-02
1.155259527020881706e+03	2.549769724013076222e-01	1.640698340088442009e-01	2.514337436664078607e-01	1.517337154678520261e-01	7.168338168963060697e-02	2.954347788910454201e-02	7.655887487657157819e-02
1.156710858084978327e+03	2.547655782918981093e-01	1.639280499178617234e-01	2.515758652094643999e-01	1.518258398969502265e-01	7.171649452219802656e-02	2.956702704692036610e-02	7.662114511442559561e-02
1.158162189149074720e+03	2.545545469527177862e-01	1.637865059478937901e-01	2.517177213467886587e-01	1.519178196698860450e-01	7.174954940381948754e-02	2.959054087603369201e-02	7.668331580257889413e-02
1.159613520213171569e+03	2.543438777610528279e-01	1.636452016842160906e-01	2.518593126785315106e-01	1.520096549956436727e-01	7.178254646068309153e-02	2.961401941088966094e-02	7.674538700870152386e-02
1.161064851277267962e+03	2.541335700952859211e-01	1.635041367128668155e-01	2.520006398024921546e-01	1.521013460830296093e-01	7.181548581856508906e-02	2.963746268605614576e-02	7.680735880142267047e-02
1.162516182341364356e+03	2.539236233348945437e-01	1.633633106206447694e-01	2.521417033141351016e-01	1.521928931406714147e-01	7.184836760283208612e-02	2.966087073622225220e-02	7.686923125031824844e-02
1.163967513405461204e+03	2.537140368604485219e-01	1.632227229951076775e-01	2.522825038066068837e-01	1.522842963770168756e-01	7.188119193844304256e-02	2.968424359619683400e-02	7.693100442589859145e-02
1.165418844469557826e+03	2.535048100536077542e-01	1.630823734245702705e-01	2.524230418707526513e-01	1.523755560003329512e-01	7.191395894995140925e-02	2.970758130090703220e-02	7.699267839959636484e-02
1.166870175533654447e+03	2.532959422971202135e-01	1.629422614981025641e-01	2.525633180951324941e-01	1.524666722187046908e-01	7.194666876150714041e-02	2.973088388539679369e-02	7.705425324375449192e-02
1.168321506597751068e+03	2.530874329748196705e-01	1.628023868055280821e-01	2.527033330660378163e-01	1.525576452400343175e-01	7.197932149685880299e-02	2.975415138482545227e-02	7.711572903161424686e-02
1.169772837661847461e+03	2.528792814716234183e-01	1.626627489374221081e-01	2.528430873675073798e-01	1.526484752720401739e-01	7.201191727935551956e-02	2.977738383446626447e-02	7.717710583730351404e-02
1.171224168725944082e+03	2.526714871735303847e-01	1.625233474851098814e-01	2.529825815813430689e-01	1.527391625222558891e-01	7.204445623194905002e-02	2.980058126970499752e-02	7.723838373582508909e-02
1.172675499790040703e+03	2.524640494676185787e-01	1.623841820406648762e-01	2.531218162871260446e-01	1.528297071980292965e-01	7.207693847719581770e-02	2.982374372603851034e-02	7.729956280304517424e-02
1.174126830854137097e+03	2.522569677420433698e-01	1.622452521969070249e-01	2.532607920622322317e-01	1.529201095065216565e-01	7.210936413725881067e-02	2.984687123907334497e-02	7.736064311568192908e-02
1.175578161918233945e+03	2.520502413860349344e-01	1.621065575474009701e-01	2.533995094818477511e-01	1.530103696547065184e-01	7.214173333390966336e-02	2.986996384452434913e-02	7.742162475129420185e-02
1.177029492982330339e+03	2.518438697898963685e-01	1.619680976864543986e-01	2.535379691189844631e-01	1.531004878493689714e-01	7.217404618853054399e-02	2.989302157821327813e-02	7.748250778827033003e-02
1.178480824046426733e+03	2.516378523450014670e-01	1.618298722091162656e-01	2.536761715444952325e-01	1.531904642971047559e-01	7.220630282211616680e-02	2.991604447606742087e-02	7.754329230581709365e-02
1.179932155110523581e+03	2.514321884437926147e-01	1.616918807111750733e-01	2.538141173270888062e-01	1.532802992043192924e-01	7.223850335527569333e-02	2.993903257411826418e-02	7.760397838394872405e-02
1.181383486174620202e+03	2.512268774797785098e-01	1.615541227891571785e-01	2.539518070333449118e-01	1.533699927772268767e-01	7.227064790823470308e-02	2.996198590850011889e-02	7.766456610347612088e-02
1.182834817238716823e+03	2.510219188475323326e-01	1.614165980403251544e-01	2.540892412277291901e-01	1.534595452218497635e-01	7.230273660083706699e-02	2.998490451544878407e-02	7.772505554599606903e-02
1.184286148302813444e+03	2.508173119426894693e-01	1.612793060626759589e-01	2.542264204726076837e-01	1.535489567440173897e-01	7.233476955254689034e-02	3.000778843130023563e-02	7.778544679388064986e-02
1.185737479366910065e+03	2.506130561619455133e-01	1.611422464549392697e-01	2.543633453282616030e-01	1.536382275493654581e-01	7.236674688245038622e-02	3.003063769248927664e-02	7.784573993026674965e-02
1.187188810431006686e+03	2.504091509030537677e-01	1.610054188165759848e-01	2.545000163529014814e-01	1.537273578433352439e-01	7.239866870925773523e-02	3.005345233554826759e-02	7.790593503904565120e-02
1.188640141495103080e+03	2.502055955648239127e-01	1.608688227477763633e-01	2.546364341026816636e-01	1.538163478311725951e-01	7.243053515130504216e-02	3.007623239710579752e-02	7.796603220485276431e-02
1.190091472559199701e+03	2.500023895471190638e-01	1.607324578494583323e-01	2.547725991317145167e-01	1.539051977179273223e-01	7.246234632655608465e-02	3.009897791388541771e-02	7.802603151305738394e-02
1.191542803623296322e+03	2.497995322508542448e-01	1.605963237232660434e-01	2.549085119920842524e-01	1.539939077084523378e-01	7.249410235260418667e-02	3.012168892270435105e-02	7.808593304975269822e-02
1.192994134687392716e+03	2.495970230779942511e-01	1.604604199715679858e-01	2.550441732338609713e-01	1.540824780074028233e-01	7.252580334667411976e-02	3.014436546047223608e-02	7.814573690174575482e-02
1.194445465751489564e+03	2.493948614315513734e-01	1.603247461974554589e-01	2.551795834051144851e-01	1.541709088192355359e-01	7.255744942562383781e-02	3.016700756418985718e-02	7.820544315654764933e-02
1.195896796815585958e+03	2.491930467155835660e-01	1.601893020047409077e-01	2.553147430519277505e-01	1.542592003482080865e-01	7.258904070594635050e-02	3.018961527094790251e-02	7.826505190236368592e-02
1.197348127879682352e+03	2.489915783351922263e-01	1.600540869979563130e-01	2.554496527184105803e-01	1.543473527983780791e-01	7.262057730377148579e-02	3.021218861792574276e-02	7.832456322808380167e-02
1.198799458943779200e+03	2.487904556965202241e-01	1.599191007823514976e-01	2.555843129467131325e-01	1.544353663736025006e-01	7.265205933486769407e-02	3.023472764239017868e-02	7.838397722327296313e-02
1.200250790007875821e+03	2.485896782067498478e-01	1.597843429638926283e-01	2.557187242770390112e-01	1.545232412775369712e-01	7.268348691464381062e-02	3.025723238169424414e-02	7.844329397816168781e-02
1.201702121071972442e+03	2.483892452741007506e-01	1.596498131492604666e-01	2.558528872476584781e-01	1.546109777136349395e-01	7.271486015815083193e-02	3.027970287327598140e-02	7.850251358363671828e-02
1.203153452136069063e+03	2.481891563078279517e-01	1.595155109458488429e-01	2.559868023949214977e-01	1.546985758851471826e-01	7.274617918008366435e-02	3.030213915465724411e-02	7.856163613123172407e-02
1.204604783200165684e+03	2.479894107182197827e-01	1.593814359617630461e-01	2.561204702532707822e-01	1.547860359951209186e-01	7.277744409478285881e-02	3.032454126344252821e-02	7.862066171311815621e-02
1.206056114264262078e+03	2.477900079165958613e-01	1.592475878058182137e-01	2.562538913552543929e-01	1.548733582463992509e-01	7.280865501623637326e-02	3.034690923731777831e-02	7.867959042209615728e-02
1.207507445328358699e+03	2.475909473153051210e-01	1.591139660875377504e-01	2.563870662315386184e-01	1.549605428416204744e-01	7.283981205808125192e-02	3.036924311404920473e-02	7.873842235158561020e-02
1.208958776392455093e+03	2.473922283277237844e-01	1.589805704171517453e-01	2.565199954109204095e-01	1.550475899832173821e-01	7.287091533360537388e-02	3.039154293148215238e-02	7.879715759561724264e-02
1.210410107456551941e+03	2.471938503682533095e-01	1.588474004055953903e-01	2.566526794203398687e-01	1.551344998734166813e-01	7.290196495574911839e-02	3.041380872753992812e-02	7.885579624882380068e-02
1.211861438520648335e+03	2.469958128523184471e-01	1.587144556645074533e-01	2.567851187848927963e-01	1.552212727142383286e-01	7.293296103710704414e-02	3.043604054022265581e-02	7.891433840643138908e-02
1.213312769584745183e+03	2.467981151963652975e-01	1.585817358062286131e-01	2.569173140278426803e-01	1.553079087074948628e-01	7.296390368992963782e-02	3.045823840760616269e-02	7.897278416425086711e-02
1.214764100648841804e+03	2.466007568178592013e-01	1.584492404438000157e-01	2.570492656706330759e-01	1.553944080547908779e-01	7.299479302612486842e-02	3.048040236784083090e-02	7.903113361866928588e-02
1.216215431712937971e+03	2.464037371352828520e-01	1.583169691909617205e-01	2.571809742328992066e-01	1.554807709575223573e-01	7.302562915725997750e-02	3.050253245915050815e-02	7.908938686664152007e-02
1.217666762777034819e+03	2.462070555681342421e-01	1.581849216621510901e-01	2.573124402324804549e-01	1.555669976168761182e-01	7.305641219456301960e-02	3.052462871983137663e-02	7.914754400568187187e-02
1.219118093841131440e+03	2.460107115369249142e-01	1.580530974725012361e-01	2.574436641854316310e-01	1.556530882338292010e-01	7.308714224892451372e-02	3.054669118825087057e-02	7.920560513385586920e-02
1.220569424905228061e+03	2.458147044631776301e-01	1.579214962378395481e-01	2.575746466060350737e-01	1.557390430091482314e-01	7.311781943089910862e-02	3.056871990284658683e-02	7.926357034977203619e-02
1.222020755969324682e+03	2.456190337694247605e-01	1.577901175746861950e-01	2.577053880068120306e-01	1.558248621433889758e-01	7.314844385070716493e-02	3.059071490212519895e-02	7.932143975257388568e-02
1.223472087033421303e+03	2.454236988792061758e-01	1.576589611002525149e-01	2.578358888985341490e-01	1.559105458368957031e-01	7.317901561823639267e-02	3.061267622466139204e-02	7.937921344193187012e-02
1.224923418097517697e+03	2.452286992170672753e-01	1.575280264324395163e-01	2.579661497902351330e-01	1.559960942898006575e-01	7.320953484304339176e-02	3.063460390909678727e-02	7.943689151803547122e-02
1.226374749161614318e+03	2.450340342085571277e-01	1.573973131898364908e-01	2.580961711892215682e-01	1.560815077020234753e-01	7.324000163435530342e-02	3.065649799413890791e-02	7.949447408158538675e-02
1.227826080225710712e+03	2.448397032802265283e-01	1.572668209917193194e-01	2.582259536010844125e-01	1.561667862732707968e-01	7.327041610107130898e-02	3.067835851856011431e-02	7.955196123378580064e-02
1.229277411289807560e+03	2.446457058596259726e-01	1.571365494580491129e-01	2.583554975297101541e-01	1.562519302030355439e-01	7.330077835176425360e-02	3.070018552119658031e-02	7.960935307633669467e-02
1.230728742353903954e+03	2.444520413753037968e-01	1.570064982094707129e-01	2.584848034772915804e-01	1.563369396905965880e-01	7.333108849468220058e-02	3.072197904094726290e-02	7.966664971142624341e-02
1.232180073418000802e+03	2.442587092568043183e-01	1.568766668673110820e-01	2.586138719443387135e-01	1.564218149350180831e-01	7.336134663774993014e-02	3.074373911677286131e-02	7.972385124172334803e-02
1.233631404482097196e+03	2.440657089346658370e-01	1.567470550535779439e-01	2.587427034296898576e-01	1.565065561351491330e-01	7.339155288857053538e-02	3.076546578769483870e-02	7.978095777037023939e-02
1.235082735546193817e+03	2.438730398404187760e-01	1.566176623909582843e-01	2.588712984305218123e-01	1.565911634896231808e-01	7.342170735442687945e-02	3.078715909279438820e-02	7.983796940097501182e-02
1.236534066610290438e+03	2.436807014065837107e-01	1.564884885028169359e-01	2.589996574423610309e-01	1.566756371968575645e-01	7.345181014228317762e-02	3.080881907121145458e-02	7.989488623760448993e-02
1.237985397674387059e+03	2.434886930666695926e-01	1.563595330131949124e-01	2.591277809590936121e-01	1.567599774550531011e-01	7.348186135878644054e-02	3.083044576214373153e-02	7.995170838477695663e-02
1.239436728738483680e+03	2.432970142551717507e-01	1.562307955468082432e-01	2.592556694729760691e-01	1.568441844621935310e-01	7.351186111026804249e-02	3.085203920484569720e-02	8.000843594745504772e-02
1.240888059802580301e+03	2.431056644075699769e-01	1.561022757290462248e-01	2.593833234746454330e-01	1.569282584160451854e-01	7.354180950274516460e-02	3.087359943862763231e-02	8.006506903103875750e-02
1.242339390866676695e+03	2.429146429603268320e-01	1.559739731859702272e-01	2.595107434531296886e-01	1.570121995141563753e-01	7.357170664192226595e-02	3.089512650285465220e-02	8.012160774135837493e-02
1.243790721930773088e+03	2.427239493508855928e-01	1.558458875443120284e-01	2.596379298958576554e-01	1.570960079538571141e-01	7.360155263319256846e-02	3.091662043694575965e-02	8.017805218466771133e-02
1.245242052994869937e+03	2.425335830176683360e-01	1.557180184314725935e-01	2.597648832886693127e-01	1.571796839322586181e-01	7.363134758163952798e-02	3.093808128037289773e-02	8.023440246763714756e-02
1.246693384058966330e+03	2.423435434000742461e-01	1.555903654755204923e-01	2.598916041158255696e-01	1.572632276462528345e-01	7.366109159203827750e-02	3.095950907265998531e-02	8.029065869734701433e-02
1.248144715123063179e+03	2.421538299384776993e-01	1.554629283051904842e-01	2.600180928600182018e-01	1.573466392925121360e-01	7.369078476885704276e-02	3.098090385338201844e-02	8.034682098128081984e-02
1.249596046187159800e+03	2.419644420742263491e-01	1.553357065498821299e-01	2.601443500023795097e-01	1.574299190674888771e-01	7.372042721625864103e-02	3.100226566216411281e-02	8.040288942731868560e-02
1.251047377251256421e+03	2.417753792496392939e-01	1.552086998396583761e-01	2.602703760224923668e-01	1.575130671674149219e-01	7.375001903810184112e-02	3.102359453868060862e-02	8.045886414373085160e-02
1.252498708315352815e+03	2.415866409080052735e-01	1.550819078052441957e-01	2.603961713983993786e-01	1.575960837883013943e-01	7.377956033794279278e-02	3.104489052265414425e-02	8.051474523917107051e-02
1.253950039379449436e+03	2.413982264935807531e-01	1.549553300780250609e-01	2.605217366066127083e-01	1.576789691259381510e-01	7.380905121903644228e-02	3.106615365385476113e-02	8.057053282267039040e-02
1.255401370443546057e+03	2.412101354515881202e-01	1.548289662900456387e-01	2.606470721221234577e-01	1.577617233758934201e-01	7.383849178433794791e-02	3.108738397209900514e-02	8.062622700363070161e-02
1.256852701507642678e+03	2.410223672282139351e-01	1.547028160740083202e-01	2.607721784184109381e-01	1.578443467335135797e-01	7.386788213650404000e-02	3.110858151724902806e-02	8.068182789181851944e-02
1.258304032571739299e+03	2.408349212706069609e-01	1.545768790632718881e-01	2.608970559674519407e-01	1.579268393939226023e-01	7.389722237789439485e-02	3.112974632921172713e-02	8.073733559735875309e-02
1.259755363635835920e+03	2.406477970268764144e-01	1.544511548918501842e-01	2.610217052397302839e-01	1.580092015520218884e-01	7.392651261057306411e-02	3.115087844793784991e-02	8.079275023072862716e-02
1.261206694699932314e+03	2.404609939460901624e-01	1.543256431944105278e-01	2.611461267042454182e-01	1.580914334024897394e-01	7.395575293630976543e-02	3.117197791342114083e-02	8.084807190275160316e-02
1.262658025764028707e+03	2.402745114782729174e-01	1.542003436062725497e-01	2.612703208285216405e-01	1.581735351397811351e-01	7.398494345658128413e-02	3.119304476569747034e-02	8.090330072459132882e-02
1.264109356828125556e+03	2.400883490744043502e-01	1.540752557634067210e-01	2.613942880786173650e-01	1.582555069581273732e-01	7.401408427257280542e-02	3.121407904484399531e-02	8.095843680774575390e-02
1.265560687892221949e+03	2.399025061864173414e-01	1.539503793024329659e-01	2.615180289191335050e-01	1.583373490515357085e-01	7.404317548517926062e-02	3.123508079097829515e-02	8.101348026404125990e-02
1.267012018956318798e+03	2.397169822671962325e-01	1.538257138606193841e-01	2.616415438132225768e-01	1.584190616137891028e-01	7.407221719500665935e-02	3.125605004425754258e-02	8.106843120562685912e-02
1.268463350020415419e+03	2.395317767705749112e-01	1.537012590758808639e-01	2.617648332225974150e-01	1.585006448384458366e-01	7.410120950237335247e-02	3.127698684487768138e-02	8.112328974496836598e-02
1.269914681084511813e+03	2.393468891513351737e-01	1.535770145867775827e-01	2.618878976075396103e-01	1.585820989188392593e-01	7.413015250731147532e-02	3.129789123307257642e-02	8.117805599484280432e-02
1.271366012148608434e+03	2.391623188652048093e-01	1.534529800325138971e-01	2.620107374269083356e-01	1.586634240480774283e-01	7.415904630956808574e-02	3.131876324911321563e-02	8.123273006833274523e-02
1.272817343212705055e+03	2.389780653688558520e-01	1.533291550529368996e-01	2.621333531381487281e-01	1.587446204190428589e-01	7.418789100860662122e-02	3.133960293330688429e-02	8.128731207882074206e-02
1.274268674276801676e+03	2.387941281199028043e-01	1.532055392885349754e-01	2.622557451973001608e-01	1.588256882243922752e-01	7.421668670360809239e-02	3.136041032599637401e-02	8.134180213998384867e-02
1.275720005340898297e+03	2.386105065769009437e-01	1.530821323804366363e-01	2.623779140590050130e-01	1.589066276565562763e-01	7.424543349347238752e-02	3.138118546755917088e-02	8.139620036578809614e-02
1.277171336404994690e+03	2.384272001993444912e-01	1.529589339704090500e-01	2.624998601765165529e-01	1.589874389077390038e-01	7.427413147681956318e-02	3.140192839840667133e-02	8.145050687048320526e-02
1.278622667469091539e+03	2.382442084476648347e-01	1.528359437008568467e-01	2.626215840017071534e-01	1.590681221699180303e-01	7.430278075199107934e-02	3.142263915898339116e-02	8.150472176859720197e-02
1.280073998533187932e+03	2.380615307832287530e-01	1.527131612148206474e-01	2.627430859850767297e-01	1.591486776348439436e-01	7.433138141705107615e-02	3.144331778976618141e-02	8.155884517493112995e-02
1.281525329597284326e+03	2.378791666683367778e-01	1.525905861559758991e-01	2.628643665757605663e-01	1.592291054940401795e-01	7.435993356978763680e-02	3.146396433126348591e-02	8.161287720455390193e-02
1.282976660661381175e+03	2.376971155662213897e-01	1.524682181686314864e-01	2.629854262215371996e-01	1.593094059388027728e-01	7.438843730771402263e-02	3.148457882401453634e-02	8.166681797279706778e-02
1.284427991725477568e+03	2.375153769410451310e-01	1.523460568977283713e-01	2.631062653688366892e-01	1.593895791602000511e-01	7.441689272806985278e-02	3.150516130858861674e-02	8.172066759524976298e-02
1.285879322789574417e+03	2.373339502578990512e-01	1.522241019888383728e-01	2.632268844627481674e-01	1.594696253490724414e-01	7.444529992782245031e-02	3.152571182558429330e-02	8.177442618775361549e-02
1.287330653853671038e+03	2.371528349828009308e-01	1.521023530881628893e-01	2.633472839470278881e-01	1.595495446960322472e-01	7.447365900366795244e-02	3.154623041562868574e-02	8.182809386639776361e-02
1.288781984917767431e+03	2.369720305826935880e-01	1.519808098425314835e-01	2.634674642641066100e-01	1.596293373914633718e-01	7.450197005203258727e-02	3.156671711937670405e-02	8.188167074751395713e-02
1.290233315981864052e+03	2.367915365254429638e-01	1.518594718994007442e-01	2.635874258550976457e-01	1.597090036255212064e-01	7.453023316907382567e-02	3.158717197751034073e-02	8.193515694767163071e-02
