1.001418434226643626e+03	2.795758082455404026e-01	1.805449646984554901e-01	2.347440759847903569e-01	1.411055570922550850e-01	6.780472266020372285e-02	2.684276234304396047e-02	6.938210897543028999e-02
1.003837319333471214e+03	2.791532692376025859e-01	1.802622428116151532e-01	2.350347584756780350e-01	1.412863204368606240e-01	6.787131702604999595e-02	2.688847523208724027e-02	6.950361677982563879e-02
1.006256204440298802e+03	2.787319387565593831e-01	1.799803223675535691e-01	2.353244804686858149e-01	1.414666150325391003e-01	6.793770669295130793e-02	2.693408240949557789e-02	6.962485427193458587e-02
1.008675089547126618e+03	2.783118133205174094e-01	1.796992010204709611e-01	2.356132464702091478e-01	1.416464419463062396e-01	6.800389250510120720e-02	2.697958393063902213e-02	6.974582080647540039e-02
1.011093974653954206e+03	2.778928894582154419e-01	1.794188764323501606e-01	2.359010609458583874e-01	1.418258022448825040e-01	6.806987530117068752e-02	2.702497985360786600e-02	6.986651576363431260e-02
1.013512859760782021e+03	2.774751637089829526e-01	1.791393462729168329e-01	2.361879283210286951e-01	1.420046969946542059e-01	6.813565591436088198e-02	2.707027023917099595e-02	6.998693854860478514e-02
1.015931744867609382e+03	2.770586326226983087e-01	1.788606082196000091e-01	2.364738529814608969e-01	1.421831272616357056e-01	6.820123517245511857e-02	2.711545515073472343e-02	7.010708859113456981e-02
1.018350629974437197e+03	2.766432927597477498e-01	1.785826599574932005e-01	2.367588392737936531e-01	1.423610941114320516e-01	6.826661389787040679e-02	2.716053465430214031e-02	7.022696534508010568e-02
1.020769515081264785e+03	2.762291406909844205e-01	1.783054991793157629e-01	2.370428915061066344e-01	1.425385986092025381e-01	6.833179290770842462e-02	2.720550881843298088e-02	7.034656828796859163e-02
1.023188400188092373e+03	2.758161729976877918e-01	1.780291235853745380e-01	2.373260139484552889e-01	1.427156418196248167e-01	6.839677301380581165e-02	2.725037771420399033e-02	7.046589692056715037e-02
1.025607285294920075e+03	2.754043862715231938e-01	1.777535308835261896e-01	2.376082108333971432e-01	1.428922248068598411e-01	6.846155502278399030e-02	2.729514141516978590e-02	7.058495076645927846e-02
1.028026170401747549e+03	2.749937771145020138e-01	1.774787187891396223e-01	2.378894863565095830e-01	1.430683486345173394e-01	6.852613973609843201e-02	2.733979999732418648e-02	7.070372937162827665e-02
1.030445055508575479e+03	2.745843421389417838e-01	1.772046850250589001e-01	2.381698446768995836e-01	1.432440143656220910e-01	6.859052795008729886e-02	2.738435353906206945e-02	7.082223230404771641e-02
1.032863940615402726e+03	2.741760779674265458e-01	1.769314273215666089e-01	2.384492899177055591e-01	1.434192230625807307e-01	6.865472045601964113e-02	2.742880212114166133e-02	7.094045915327865104e-02
1.035282825722230655e+03	2.737689812327679939e-01	1.766589434163471639e-01	2.387278261665909118e-01	1.435939757871494415e-01	6.871871804014298424e-02	2.747314582664732094e-02	7.105840953007358518e-02
1.037701710829058356e+03	2.733630485779661168e-01	1.763872310544510325e-01	2.390054574762301154e-01	1.437682736004018691e-01	6.878252148373044383e-02	2.751738474095278761e-02	7.117608306598700862e-02
1.040120595935886058e+03	2.729582766561706730e-01	1.761162879882589016e-01	2.392821878647869716e-01	1.439421175626981186e-01	6.884613156312731352e-02	2.756151895168488727e-02	7.129347941299252200e-02
1.042539481042713533e+03	2.725546621306427220e-01	1.758461119774464287e-01	2.395580213163852612e-01	1.441155087336540297e-01	6.890954904979700035e-02	2.760554854868770003e-02	7.141059824310622139e-02
1.044958366149541234e+03	2.721522016747163764e-01	1.755767007889491305e-01	2.398329617815722625e-01	1.442884481721112555e-01	6.897277471036671048e-02	2.764947362398715094e-02	7.152743924801649444e-02
1.047377251256368709e+03	2.717508919717611660e-01	1.753080521969276051e-01	2.401070131777745253e-01	1.444609369361077589e-01	6.903580930667239934e-02	2.769329427175608316e-02	7.164400213871989498e-02
1.049796136363196410e+03	2.713507297151437903e-01	1.750401639827333100e-01	2.403801793897469008e-01	1.446329760828491406e-01	6.909865359580330546e-02	2.773701058827975421e-02	7.176028664516316546e-02
1.052215021470024112e+03	2.709517116081913146e-01	1.747730339348745054e-01	2.406524642700143268e-01	1.448045666686802735e-01	6.916130833014599855e-02	2.778062267192174181e-02	7.187629251589125468e-02
1.054633906576851814e+03	2.705538343641535337e-01	1.745066598489823928e-01	2.409238716393063695e-01	1.449757097490576851e-01	6.922377425742796964e-02	2.782413062309031793e-02	7.199201951770109464e-02
1.057052791683679516e+03	2.701570947061662231e-01	1.742410395277778357e-01	2.411944052869856581e-01	1.451464063785224134e-01	6.928605212076063835e-02	2.786753454420522191e-02	7.210746743530134506e-02
1.059471676790506763e+03	2.697614893672144465e-01	1.739761707810381364e-01	2.414640689714687705e-01	1.453166576106734720e-01	6.934814265868201322e-02	2.791083453966485342e-02	7.222263607097768878e-02
1.061890561897334692e+03	2.693670150900959737e-01	1.737120514255642567e-01	2.417328664206410127e-01	1.454864644981417043e-01	6.941004660519878300e-02	2.795403071581388163e-02	7.233752524426377561e-02
1.064309447004162394e+03	2.689736686273850319e-01	1.734486792851483716e-01	2.420008013322646478e-01	1.456558280925644155e-01	6.947176468982797781e-02	2.799712318091127430e-02	7.245213479161771719e-02
1.066728332110990095e+03	2.685814467413964457e-01	1.731860521905415340e-01	2.422678773743804082e-01	1.458247494445602810e-01	6.953329763763817228e-02	2.804011204509869806e-02	7.256646456610388318e-02
1.069147217217817570e+03	2.681903462041498321e-01	1.729241679794218389e-01	2.425340981857030676e-01	1.459932296037049215e-01	6.959464616929025849e-02	2.808299742036936275e-02	7.268051443708015147e-02
1.071566102324645271e+03	2.678003637973339623e-01	1.726630244963627547e-01	2.427994673760106581e-01	1.461612696185068394e-01	6.965581100107769152e-02	2.812577942053720581e-02	7.279428428989029309e-02
1.073984987431472746e+03	2.674114963122715127e-01	1.724026195928018146e-01	2.430639885265275801e-01	1.463288705363840203e-01	6.971679284496637430e-02	2.816845816120651380e-02	7.290777402556160303e-02
1.076403872538300675e+03	2.670237405498839256e-01	1.721429511270093637e-01	2.433276651903018006e-01	1.464960334036408685e-01	6.977759240863409818e-02	2.821103375974190475e-02	7.302098356050748529e-02
1.078822757645127922e+03	2.666370933206566041e-01	1.718840169640579729e-01	2.435905008925758619e-01	1.466627592654457246e-01	6.983821039550948406e-02	2.825350633523868518e-02	7.313391282623514511e-02
1.081241642751955851e+03	2.662515514446040510e-01	1.716258149757917961e-01	2.438524991311525891e-01	1.468290491658088281e-01	6.989864750481054878e-02	2.829587600849360618e-02	7.324656176905811056e-02
1.083660527858783553e+03	2.658671117512356186e-01	1.713683430407962616e-01	2.441136633767546638e-01	1.469949041475605844e-01	6.995890443158285510e-02	2.833814290197595592e-02	7.335893034981359750e-02
1.086079412965611255e+03	2.654837710795211470e-01	1.711115990443682344e-01	2.443739970733787015e-01	1.471603252523306371e-01	7.001898186673718993e-02	2.838030713979904432e-02	7.347101854358463469e-02
1.088498298072438729e+03	2.651015262778569359e-01	1.708555808784860408e-01	2.446335036386438622e-01	1.473253135205269959e-01	7.007888049708689560e-02	2.842236884769204150e-02	7.358282633942676842e-02
1.090917183179266431e+03	2.647203742040321051e-01	1.706002864417801579e-01	2.448921864641350199e-01	1.474898699913158584e-01	7.013860100538472919e-02	2.846432815297217714e-02	7.369435374009951356e-02
1.093336068286093905e+03	2.643403117251946766e-01	1.703457136395039317e-01	2.451500489157404095e-01	1.476539957026017369e-01	7.019814407035938897e-02	2.850618518451728672e-02	7.380560076180218976e-02
1.095754953392921607e+03	2.639613357178182684e-01	1.700918603835045728e-01	2.454070943339842215e-01	1.478176916910080851e-01	7.025751036675155492e-02	2.854794007273870129e-02	7.391656743391419870e-02
1.098173838499749309e+03	2.635834430676690099e-01	1.698387245921944011e-01	2.456633260343540348e-01	1.479809589918583135e-01	7.031670056534962410e-02	2.858959294955450495e-02	7.402725379873974221e-02
1.100592723606577010e+03	2.632066306697722902e-01	1.695863041905224244e-01	2.459187473076228925e-01	1.481437986391571648e-01	7.037571533302498794e-02	2.863114394836310805e-02	7.413765991125678689e-02
1.103011608713404712e+03	2.628308954283801180e-01	1.693345971099459724e-01	2.461733614201665199e-01	1.483062116655725626e-01	7.043455533276693492e-02	2.867259320401716396e-02	7.424778583887028938e-02
1.105430493820231959e+03	2.624562342569384810e-01	1.690836012884027739e-01	2.464271716142758806e-01	1.484681991024178749e-01	7.049322122371722010e-02	2.871394085279782224e-02	7.435763166116948764e-02
1.107849378927059888e+03	2.620826440780547051e-01	1.688333146702830911e-01	2.466801811084643470e-01	1.486297619796344283e-01	7.055171366120421839e-02	2.875518703238931148e-02	7.446719746968939735e-02
1.110268264033887590e+03	2.617101218234654247e-01	1.685837352064022132e-01	2.469323930977705139e-01	1.487909013257745217e-01	7.061003329677668916e-02	2.879633188185385176e-02	7.457648336767626340e-02
1.112687149140715292e+03	2.613386644340043863e-01	1.683348608539730895e-01	2.471838107540561824e-01	1.489516181679848561e-01	7.066818077823719402e-02	2.883737554160685501e-02	7.468548946985692494e-02
1.115106034247542766e+03	2.609682688595705846e-01	1.680866895765792679e-01	2.474344372262996250e-01	1.491119135319901590e-01	7.072615674967518140e-02	2.887831815339248279e-02	7.479421590221217719e-02
1.117524919354370468e+03	2.605989320590966773e-01	1.678392193441479441e-01	2.476842756408845492e-01	1.492717884420773633e-01	7.078396185149968267e-02	2.891915986025950236e-02	7.490266280175382485e-02
1.119943804461197942e+03	2.602306510005172879e-01	1.675924481329232607e-01	2.479333291018843144e-01	1.494312439210800370e-01	7.084159672047160572e-02	2.895990080653744816e-02	7.501083031630560727e-02
1.122362689568025871e+03	2.598634226607377529e-01	1.673463739254399951e-01	2.481816006913420136e-01	1.495902809903631447e-01	7.089906198973576490e-02	2.900054113781307466e-02	7.511871860428780134e-02
1.124781574674853118e+03	2.594972440256030910e-01	1.671009947104971638e-01	2.484290934695460029e-01	1.497489006698082548e-01	7.095635828885252239e-02	2.904108100090714573e-02	7.522632783450539096e-02
1.127200459781681047e+03	2.591321120898667507e-01	1.668563084831320431e-01	2.486758104753012677e-01	1.499071039777989667e-01	7.101348624382906871e-02	2.908152054385149815e-02	7.533365818593990015e-02
1.129619344888508749e+03	2.587680238571600788e-01	1.666123132445943844e-01	2.489217547261966812e-01	1.500648919312068119e-01	7.107044647715039798e-02	2.912185991586638961e-02	7.544070984754470965e-02
1.132038229995336451e+03	2.584049763399615673e-01	1.663690070023206569e-01	2.491669292188680440e-01	1.502222655453772648e-01	7.112723960780993615e-02	2.916209926733817626e-02	7.554748301804381505e-02
1.134457115102163925e+03	2.580429665595662114e-01	1.661263877699087899e-01	2.494113369292569882e-01	1.503792258341163646e-01	7.118386625133980850e-02	2.920223874979722967e-02	7.565397790573404058e-02
1.136876000208991627e+03	2.576819915460555332e-01	1.658844535670927767e-01	2.496549808128661341e-01	1.505357738096773645e-01	7.124032701984084337e-02	2.924227851589618343e-02	7.576019472829058354e-02
1.139294885315819101e+03	2.573220483382672175e-01	1.656432024197177499e-01	2.498978638050101397e-01	1.506919104827478817e-01	7.129662252201218742e-02	2.928221871938841564e-02	7.586613371257577842e-02
1.141713770422646803e+03	2.569631339837653572e-01	1.654026323597150849e-01	2.501399888210628641e-01	1.508476368624373787e-01	7.135275336318062933e-02	2.932205951510684708e-02	7.597179509445121937e-02
1.144132655529474505e+03	2.566052455388103115e-01	1.651627414250778636e-01	2.503813587567008669e-01	1.510029539562646739e-01	7.140872014532964607e-02	2.936180105894299619e-02	7.607717911859300519e-02
1.146551540636302207e+03	2.562483800683293955e-01	1.649235276598361721e-01	2.506219764881432166e-01	1.511578627701461730e-01	7.146452346712804660e-02	2.940144350782629076e-02	7.618228603831010692e-02
1.148970425743129908e+03	2.558925346458872374e-01	1.646849891140330369e-01	2.508618448723873851e-01	1.513123643083839343e-01	7.152016392395835198e-02	2.944098701970367798e-02	7.628711611536588555e-02
1.151389310849957155e+03	2.555377063536563575e-01	1.644471238437003047e-01	2.511009667474415341e-01	1.514664595736543440e-01	7.157564210794493953e-02	2.948043175351947737e-02	7.639166961980251025e-02
1.153808195956785084e+03	2.551838922823884692e-01	1.642099299108345789e-01	2.513393449325536655e-01	1.516201495669969590e-01	7.163095860798178449e-02	2.951977786919549734e-02	7.649594682976851301e-02
1.156227081063612786e+03	2.548310895313848357e-01	1.639734053833737104e-01	2.515769822284367740e-01	1.517734352878036819e-01	7.168611400975992420e-02	2.955902552761140514e-02	7.659994803134914654e-02
1.158645966170440488e+03	2.544792952084678483e-01	1.637375483351730387e-01	2.518138814174907814e-01	1.519263177338080473e-01	7.174110889579468631e-02	2.959817489058537421e-02	7.670367351839975367e-02
1.161064851277267962e+03	2.541285064299521057e-01	1.635023568459821053e-01	2.520500452640211386e-01	1.520787979010749524e-01	7.179594384545251451e-02	2.963722612085495020e-02	7.680712359238184295e-02
1.163483736384095664e+03	2.537787203206159914e-01	1.632678290014213662e-01	2.522854765144538769e-01	1.522308767839906096e-01	7.185061943497762782e-02	2.967617938205818762e-02	7.691029856220199523e-02
1.165902621490923138e+03	2.534299340136731971e-01	1.630339628929592388e-01	2.525201778975476041e-01	1.523825553752526651e-01	7.190513623751836059e-02	2.971503483871502579e-02	7.701319874405358756e-02
1.168321506597751068e+03	2.530821446507445782e-01	1.628007566178891752e-01	2.527541521246020606e-01	1.525338346658606514e-01	7.195949482315314172e-02	2.975379265620890432e-02	7.711582446126112600e-02
1.170740391704578315e+03	2.527353493818298436e-01	1.625682082793069305e-01	2.529874018896639543e-01	1.526847156451067167e-01	7.201369575891629349e-02	2.979245300076863168e-02	7.721817604412729852e-02
1.173159276811406244e+03	2.523895453652797438e-01	1.623363159860880811e-01	2.532199298697288548e-01	1.528351993005664933e-01	7.206773960882351115e-02	2.983101603945046559e-02	7.732025382978253980e-02
1.175578161918233945e+03	2.520447297677681497e-01	1.621050778528655145e-01	2.534517387249409226e-01	1.529852866180902993e-01	7.212162693389709278e-02	2.986948194012044311e-02	7.742205816203731605e-02
1.177997047025061647e+03	2.517008997642645185e-01	1.618744920000072529e-01	2.536828310987888635e-01	1.531349785817945064e-01	7.217535829219086374e-02	2.990785087143695703e-02	7.752358939123676906e-02
1.180415932131889122e+03	2.513580525380061936e-01	1.616445565535944706e-01	2.539132096182994403e-01	1.532842761740532134e-01	7.222893423881486530e-02	2.994612300283351625e-02	7.762484787411795539e-02
1.182834817238716823e+03	2.510161852804710936e-01	1.614152696453994562e-01	2.541428768942278760e-01	1.534331803754900858e-01	7.228235532595979340e-02	2.998429850450178361e-02	7.772583397366951419e-02
1.185253702345544298e+03	2.506752951913504557e-01	1.611866294128638522e-01	2.543718355212452042e-01	1.535816921649704458e-01	7.233562210292110439e-02	3.002237754737479766e-02	7.782654805899369421e-02
1.187672587452371999e+03	2.503353794785216913e-01	1.609586339990771442e-01	2.546000880781229547e-01	1.537298125195935283e-01	7.238873511612296807e-02	3.006036030311043730e-02	7.792699050517076786e-02
1.190091472559199701e+03	2.499964353580213794e-01	1.607312815527550676e-01	2.548276371279151742e-01	1.538775424146851534e-01	7.244169490914190157e-02	3.009824694407508064e-02	7.802716169312577665e-02
1.192510357666027403e+03	2.496584600540184273e-01	1.605045702282182629e-01	2.550544852181373945e-01	1.540248828237902601e-01	7.249450202273015342e-02	3.013603764332750679e-02	7.812706200949752489e-02
1.194929242772855105e+03	2.493214507987872863e-01	1.602784981853713486e-01	2.552806348809431580e-01	1.541718347186659677e-01	7.254715699483889335e-02	3.017373257460299538e-02	7.822669184650990482e-02
1.197348127879682352e+03	2.489854048326815006e-01	1.600530635896815490e-01	2.555060886332977121e-01	1.543183990692746921e-01	7.259966036064108286e-02	3.021133191229762038e-02	7.832605160184533122e-02
1.199767012986510281e+03	2.486503194041071452e-01	1.598282646121581274e-01	2.557308489771494275e-01	1.544645768437775402e-01	7.265201265255412377e-02	3.024883583145278679e-02	7.842514167852041029e-02
1.202185898093337983e+03	2.483161917694964860e-01	1.596040994293313198e-01	2.559549183995979416e-01	1.546103690085277316e-01	7.270421440026232640e-02	3.028624450773993726e-02	7.852396248476375962e-02
1.204604783200165684e+03	2.479830191932818340e-01	1.593805662232320453e-01	2.561782993730607472e-01	1.547557765280645203e-01	7.275626613073910010e-02	3.032355811744548435e-02	7.862251443389582650e-02
1.207023668306993159e+03	2.476507989478694272e-01	1.591576631813711729e-01	2.564009943554363402e-01	1.549008003651068943e-01	7.280816836826885241e-02	3.036077683745591962e-02	7.872079794421095456e-02
1.209442553413820860e+03	2.473195283136135070e-01	1.589353884967192876e-01	2.566230057902655903e-01	1.550454414805479686e-01	7.285992163446874947e-02	3.039790084524315525e-02	7.881881343886130986e-02
1.211861438520648335e+03	2.469892045787905055e-01	1.587137403676865122e-01	2.568443361068904474e-01	1.551897008334490735e-01	7.291152644831022656e-02	3.043493031885001476e-02	7.891656134574288883e-02
1.214280323627476264e+03	2.466598250395732328e-01	1.584927169981024120e-01	2.570649877206100387e-01	1.553335793810342591e-01	7.296298332614023496e-02	3.047186543687595978e-02	7.901404209738348283e-02
1.216699208734303511e+03	2.463313870000054528e-01	1.582723165971960388e-01	2.572849630328351012e-01	1.554770780786851048e-01	7.301429278170228077e-02	3.050870637846296932e-02	7.911125613083262731e-02
1.219118093841131440e+03	2.460038877719763484e-01	1.580525373795761135e-01	2.575042644312395268e-01	1.556201978799353902e-01	7.306545532615726923e-02	3.054545332328164470e-02	7.920820388755335506e-02
1.221536978947959142e+03	2.456773246751951523e-01	1.578333775652112636e-01	2.577228942899096320e-01	1.557629397364661827e-01	7.311647146810409947e-02	3.058210645151745663e-02	7.930488581331586462e-02
1.223955864054786844e+03	2.453516950371660288e-01	1.576148353794106782e-01	2.579408549694915953e-01	1.559053045981010077e-01	7.316734171360005090e-02	3.061866594385721785e-02	7.940130235809304826e-02
1.226374749161614318e+03	2.450269961931627882e-01	1.573969090528044845e-01	2.581581488173365635e-01	1.560472934128012135e-01	7.321806656618097542e-02	3.065513198147570492e-02	7.949745397595786578e-02
1.228793634268442020e+03	2.447032254862041012e-01	1.571795968213244576e-01	2.583747781676434263e-01	1.561889071266614470e-01	7.326864652688128143e-02	3.069150474602247783e-02	7.959334112498238356e-02
1.231212519375269494e+03	2.443803802670285741e-01	1.569628969261848694e-01	2.585907453415997037e-01	1.563301466839052967e-01	7.331908209425364031e-02	3.072778441960887647e-02	7.968896426713865944e-02
1.233631404482097196e+03	2.440584578940698524e-01	1.567468076138634203e-01	2.588060526475201018e-01	1.564710130268811561e-01	7.336937376438859570e-02	3.076397118479516982e-02	7.978432386820133448e-02
1.236050289588924898e+03	2.437374557334322511e-01	1.565313271360822267e-01	2.590207023809833475e-01	1.566115070960581723e-01	7.341952203093386753e-02	3.080006522457790635e-02	7.987942039765186242e-02
1.238469174695752372e+03	2.434173711588659417e-01	1.563164537497890028e-01	2.592346968249668593e-01	1.567516298300223876e-01	7.346952738511354497e-02	3.083606672237740667e-02	7.997425432858447369e-02
1.240888059802580301e+03	2.430982015517427208e-01	1.561021857171384364e-01	2.594480382499791404e-01	1.568913821654730756e-01	7.351939031574700190e-02	3.087197586202545391e-02	8.006882613761381884e-02
1.243306944909407548e+03	2.427799443010316138e-01	1.558885213054733709e-01	2.596607289141907304e-01	1.570307650372190778e-01	7.356911130926765963e-02	3.090779282775312983e-02	8.016313630478402730e-02
1.245725830016235477e+03	2.424625968032747825e-01	1.556754587873065698e-01	2.598727710635628796e-01	1.571697793781754171e-01	7.361869084974155542e-02	3.094351780417881753e-02	8.025718531347955653e-02
1.248144715123063179e+03	2.421461564625633223e-01	1.554629964403021480e-01	2.600841669319746141e-01	1.573084261193599676e-01	7.366812941888570276e-02	3.097915097629637404e-02	8.035097365033749828e-02
1.250563600229890881e+03	2.418306206905133371e-01	1.552511325472573089e-01	2.602949187413473586e-01	1.574467061898904008e-01	7.371742749608625744e-02	3.101469252946345567e-02	8.044450180516149462e-02
1.252982485336718355e+03	2.415159869062420972e-01	1.550398653960842754e-01	2.605050287017686705e-01	1.575846205169810221e-01	7.376658555841654474e-02	3.105014264938999943e-02	8.053777027083700024e-02
1.255401370443546057e+03	2.412022525363442804e-01	1.548291932797921655e-01	2.607144990116133099e-01	1.577221700259399673e-01	7.381560408065479528e-02	3.108550152212687448e-02	8.063077954324820995e-02
1.257820255550373531e+03	2.408894150148682134e-01	1.546191144964690622e-01	2.609233318576628657e-01	1.578593556401665376e-01	7.386448353530185307e-02	3.112076933405467580e-02	8.072353012119637405e-02
1.260239140657201460e+03	2.405774717832924181e-01	1.544096273492641946e-01	2.611315294152238842e-01	1.579961782811484250e-01	7.391322439259852273e-02	3.115594627187267054e-02	8.081602250631947371e-02
1.262658025764028707e+03	2.402664202905021307e-01	1.542007301463700908e-01	2.613390938482438308e-01	1.581326388684593243e-01	7.396182712054290287e-02	3.119103252258791092e-02	8.090825720301343671e-02
1.265076910870856636e+03	2.399562579927659589e-01	1.539924212010051197e-01	2.615460273094255550e-01	1.582687383197564912e-01	7.401029218490738637e-02	3.122602827350445809e-02	8.100023471835464395e-02
1.267495795977684338e+03	2.396469823537126231e-01	1.537846988313958108e-01	2.617523319403402549e-01	1.584044775507785774e-01	7.405862004925570230e-02	3.126093371221280726e-02	8.109195556202379584e-02
1.269914681084511813e+03	2.393385908443078636e-01	1.535775613607595069e-01	2.619580098715386107e-01	1.585398574753434098e-01	7.410681117495949988e-02	3.129574902657940305e-02	8.118342024623123598e-02
1.272333566191339514e+03	2.390310809428312921e-01	1.533710071172869893e-01	2.621630632226603641e-01	1.586748790053460201e-01	7.415486602121500181e-02	3.133047440473635259e-02	8.127462928564344047e-02
1.274752451298167216e+03	2.387244501348535775e-01	1.531650344341252135e-01	2.623674941025423424e-01	1.588095430507568406e-01	7.420278504505938011e-02	3.136511003507121143e-02	8.136558319731089506e-02
1.277171336404994690e+03	2.384186959132134909e-01	1.529596416493602395e-01	2.625713046093247627e-01	1.589438505196197615e-01	7.425056870138695142e-02	3.139965610621699849e-02	8.145628250059723519e-02
1.279590221511822392e+03	2.381138157779952025e-01	1.527548271060001628e-01	2.627744968305563145e-01	1.590778023180505762e-01	7.429821744296527530e-02	3.143411280704225957e-02	8.154672771710959334e-02
1.282009106618650094e+03	2.378098072365056881e-01	1.525505891519581547e-01	2.629770728432974658e-01	1.592113993502353719e-01	7.434573172045100264e-02	3.146848032664133904e-02	8.163691937063027870e-02
1.284427991725477568e+03	2.375066678032520529e-01	1.523469261400357266e-01	2.631790347142224928e-01	1.593446425184290860e-01	7.439311198240571021e-02	3.150275885432473472e-02	8.172685798704955318e-02
1.286846876832305497e+03	2.372043949999192158e-01	1.521438364279057431e-01	2.633803844997196220e-01	1.594775327229542017e-01	7.444035867531133277e-02	3.153694857960961245e-02	8.181654409429965635e-02
1.289265761939132744e+03	2.369029863553473725e-01	1.519413183780959353e-01	2.635811242459904502e-01	1.596100708621994435e-01	7.448747224358569230e-02	3.157104969221045249e-02	8.190597822229002400e-02
1.291684647045960673e+03	2.366024394055099012e-01	1.517393703579723307e-01	2.637812559891473119e-01	1.597422578326186393e-01	7.453445312959772195e-02	3.160506238202981377e-02	8.199516090284365843e-02
1.294103532152788375e+03	2.363027516934911310e-01	1.515379907397226833e-01	2.639807817553094238e-01	1.598740945287297766e-01	7.458130177368255120e-02	3.163898683914925097e-02	8.208409266963452577e-02
1.296522417259616077e+03	2.360039207694642205e-01	1.513371779003401252e-01	2.641797035606979760e-01	1.600055818431139754e-01	7.462801861415650773e-02	3.167282325382032165e-02	8.217277405812625779e-02
1.298941302366443551e+03	2.357059441906691200e-01	1.511369302216068744e-01	2.643780234117293904e-01	1.601367206664146003e-01	7.467460408733186950e-02	3.170657181645572531e-02	8.226120560551175576e-02
1.301360187473271253e+03	2.354088195213908108e-01	1.509372460900780533e-01	2.645757433051076357e-01	1.602675118873366500e-01	7.472105862753151972e-02	3.174023271762062282e-02	8.234938785065405720e-02
1.303779072580098727e+03	2.351125443329374065e-01	1.507381238970654236e-01	2.647728652279150441e-01	1.603979563926459240e-01	7.476738266710351855e-02	3.177380614802399056e-02	8.243732133402809081e-02
1.306197957686926657e+03	2.348171162036184756e-01	1.505395620386214550e-01	2.649693911577017391e-01	1.605280550671686068e-01	7.481357663643536937e-02	3.180729229851016193e-02	8.252500659766356939e-02
1.308616842793753904e+03	2.345225327187233366e-01	1.503415589155233933e-01	2.651653230625742319e-01	1.606578087937906851e-01	7.485964096396829914e-02	3.184069136005047290e-02	8.261244418508890963e-02
1.311035727900581833e+03	2.342287914704996310e-01	1.501441129332573288e-01	2.653606629012822404e-01	1.607872184534576698e-01	7.490557607621128877e-02	3.187400352373497697e-02	8.269963464127617903e-02
1.313454613007409534e+03	2.339358900581318124e-01	1.499472225020023475e-01	2.655554126233046763e-01	1.609162849251741523e-01	7.495138239775508970e-02	3.190722898076436137e-02	8.278657851258687528e-02
1.315873498114237009e+03	2.336438260877197470e-01	1.497508860366150163e-01	2.657495741689341884e-01	1.610450090860036931e-01	7.499706035128586579e-02	3.194036792244191875e-02	8.287327634671898258e-02
1.318292383221064711e+03	2.333525971722573977e-01	1.495551019566134787e-01	2.659431494693605402e-01	1.611733918110686559e-01	7.504261035759897391e-02	3.197342054016564378e-02	8.295972869265466620e-02
1.320711268327892412e+03	2.330622009316118404e-01	1.493598686861621894e-01	2.661361404467531555e-01	1.613014339735501235e-01	7.508803283561243935e-02	3.200638702542044078e-02	8.304593610060910513e-02
1.323130153434719887e+03	2.327726349925018923e-01	1.491651846540562598e-01	2.663285490143421086e-01	1.614291364446880095e-01	7.513332820238036169e-02	3.203926756977045626e-02	8.313189912198021281e-02
1.325549038541547588e+03	2.324838969884772677e-01	1.489710482937061375e-01	2.665203770764980606e-01	1.615565000937810025e-01	7.517849687310611262e-02	3.207206236485151546e-02	8.321761830929923220e-02
1.327967923648375290e+03	2.321959845598975947e-01	1.487774580431222848e-01	2.667116265288111965e-01	1.616835257881868992e-01	7.522353926115549205e-02	3.210477160236364230e-02	8.330309421618226073e-02
1.330386808755202765e+03	2.319088953539114317e-01	1.485844123448999410e-01	2.669022992581690512e-01	1.618102143933227988e-01	7.526845577806970389e-02	3.213739547406374575e-02	8.338832739728267718e-02
1.332805693862030694e+03	2.316226270244357843e-01	1.483919096462039955e-01	2.670923971428332266e-01	1.619365667726654356e-01	7.531324683357824845e-02	3.216993417175832704e-02	8.347331840824434579e-02
1.335224578968857941e+03	2.313371772321351216e-01	1.481999483987539445e-01	2.672819220525149975e-01	1.620625837877515962e-01	7.535791283561157905e-02	3.220238788729636731e-02	8.355806780565583347e-02
1.337643464075685870e+03	2.310525436444008651e-01	1.480085270588087643e-01	2.674708758484499738e-01	1.621882662981785350e-01	7.540245419031378626e-02	3.223475681256226383e-02	8.364257614700525145e-02
1.340062349182513572e+03	2.307687239353309605e-01	1.478176440871520336e-01	2.676592603834717088e-01	1.623136151616045575e-01	7.544687130205503245e-02	3.226704113946892577e-02	8.372684399063613780e-02
1.342481234289341273e+03	2.304857157857092553e-01	1.476272979490771964e-01	2.678470775020843631e-01	1.624386312337497695e-01	7.549116457344393072e-02	3.229924105995090472e-02	8.381087189570399221e-02
1.344900119396168748e+03	2.302035168829853207e-01	1.474374871143726562e-01	2.680343290405338696e-01	1.625633153683964938e-01	7.553533440533975740e-02	3.233135676595767088e-02	8.389466042213368502e-02
1.347319004502996449e+03	2.299221249212539675e-01	1.472482100573070385e-01	2.682210168268790440e-01	1.626876684173901855e-01	7.557938119686463674e-02	3.236338844944695869e-02	8.397821013057762962e-02
1.349737889609823924e+03	2.296415376012352072e-01	1.470594652566146188e-01	2.684071426810609728e-01	1.628116912306402098e-01	7.562330534541544802e-02	3.239533630237823036e-02	8.406152158237474581e-02
1.352156774716651853e+03	2.293617526302540455e-01	1.468712511954808342e-01	2.685927084149716260e-01	1.629353846561207297e-01	7.566710724667574661e-02	3.242720051670623660e-02	8.414459533951013093e-02
1.354575659823479100e+03	2.290827677222203873e-01	1.466835663615276286e-01	2.687777158325219684e-01	1.630587495398716225e-01	7.571078729462751844e-02	3.245898128437465363e-02	8.422743196457556369e-02
1.356994544930307029e+03	2.288045805976091362e-01	1.464964092467991030e-01	2.689621667297084073e-01	1.631817867259994781e-01	7.575434588156286508e-02	3.249067879730980352e-02	8.431003202073059088e-02
1.359413430037134731e+03	2.285271889834402936e-01	1.463097783477471381e-01	2.691460628946787947e-01	1.633044970566786547e-01	7.579778339809552234e-02	3.252229324741451322e-02	8.439239607166454382e-02
1.361832315143962205e+03	2.282505906132590301e-01	1.461236721652171555e-01	2.693294061077975976e-01	1.634268813721524161e-01	7.584110023317221227e-02	3.255382482656201532e-02	8.447452468155906835e-02
1.364251200250789907e+03	2.279747832271160346e-01	1.459380892044337963e-01	2.695121981417100687e-01	1.635489405107340699e-01	7.588429677408405072e-02	3.258527372658997362e-02	8.455641841505147360e-02
1.366670085357617609e+03	2.276997645715478913e-01	1.457530279749869317e-01	2.696944407614054184e-01	1.636706753088082444e-01	7.592737340647770505e-02	3.261664013929457123e-02	8.463807783719869138e-02
1.369088970464445310e+03	2.274255323995573175e-01	1.455684869908174250e-01	2.698761357242794312e-01	1.637920866008321097e-01	7.597033051436648254e-02	3.264792425642470269e-02	8.471950351344201269e-02
1.371507855571272785e+03	2.271520844705937903e-01	1.453844647702031145e-01	2.700572847801958054e-01	1.639131752193368208e-01	7.601316848014133543e-02	3.267912626967623552e-02	8.480069600957232390e-02
1.373926740678100487e+03	2.268794185505340621e-01	1.452009598357449638e-01	2.702378896715473267e-01	1.640339419949287947e-01	7.605588768458174109e-02	3.271024637068639662e-02	8.488165589169617553e-02
1.376345625784927961e+03	2.266075324116627043e-01	1.450179707143530727e-01	2.704179521333154868e-01	1.641543877562912090e-01	7.609848850686644350e-02	3.274128475102817959e-02	8.496238372620230905e-02
1.378764510891755890e+03	2.263364238326528721e-01	1.448354959372328554e-01	2.705974738931299917e-01	1.642745133301856120e-01	7.614097132458418071e-02	3.277224160220489763e-02	8.504288007972901631e-02
1.381183395998583137e+03	2.260660905985471536e-01	1.446535340398713843e-01	2.707764566713269372e-01	1.643943195414531711e-01	7.618333651374419035e-02	3.280311711564478511e-02	8.512314551913192917e-02
1.383602281105411066e+03	2.257965305007381407e-01	1.444720835620235122e-01	2.709549021810064295e-01	1.645138072130165885e-01	7.622558444878668737e-02	3.283391148269567544e-02	8.520318061145251698e-02
1.386021166212238768e+03	2.255277413369496942e-01	1.442911430476983836e-01	2.711328121280895953e-01	1.646329771658815999e-01	7.626771550259325849e-02	3.286462489461977610e-02	8.528298592388720845e-02
1.388440051319066470e+03	2.252597209112176257e-01	1.441107110451458062e-01	2.713101882113747587e-01	1.647518302191386119e-01	7.630973004649714564e-02	3.289525754258854073e-02	8.536256202375699931e-02
1.390858936425893944e+03	2.249924670338709354e-01	1.439307861068427341e-01	2.714870321225925642e-01	1.648703671899646173e-01	7.635162845029333512e-02	3.292580961767756220e-02	8.544190947847773998e-02
1.393277821532721646e+03	2.247259775215129096e-01	1.437513667894797786e-01	2.716633455464608216e-01	1.649885888936247769e-01	7.639341108224870225e-02	3.295628131086159041e-02	8.552102885553090894e-02
1.395696706639549120e+03	2.244602501970021369e-01	1.435724516539478302e-01	2.718391301607385735e-01	1.651064961434743905e-01	7.643507830911196177e-02	3.298667281300961956e-02	8.559992072243503836e-02
1.398115591746377049e+03	2.241952828894341054e-01	1.433940392653247908e-01	2.720143876362789426e-01	1.652240897509606454e-01	7.647663049612353492e-02	3.301698431488003099e-02	8.567858564671756993e-02
1.400534476853204296e+03	2.239310734341221631e-01	1.432161281928621688e-01	2.721891196370820887e-01	1.653413705256246979e-01	7.651806800702534717e-02	3.304721600711583995e-02	8.575702419588737691e-02
1.402953361960032225e+03	2.236676196725791710e-01	1.430387170099720329e-01	2.723633278203467789e-01	1.654583392751034776e-01	7.655939120407054266e-02	3.307736808023998415e-02	8.583523693740774396e-02
1.405372247066859927e+03	2.234049194524988513e-01	1.428618042942136346e-01	2.725370138365218464e-01	1.655749968051317134e-01	7.660060044803303214e-02	3.310744072465070936e-02	8.591322443866988845e-02
1.407791132173687402e+03	2.231429706277373859e-01	1.426853886272805294e-01	2.727101793293567056e-01	1.656913439195440707e-01	7.664169609821705476e-02	3.313743413061701060e-02	8.599098726696696726e-02
1.410210017280515103e+03	2.228817710582949863e-01	1.425094685949873929e-01	2.728828259359508679e-01	1.658073814202771223e-01	7.668267851246660105e-02	3.316734848827415649e-02	8.606852598946862498e-02
1.412628902387342805e+03	2.226213186102975194e-01	1.423340427872570868e-01	2.730549552868036800e-01	1.659231101073714298e-01	7.672354804717466947e-02	3.319718398761926925e-02	8.614584117319611101e-02
1.415047787494170507e+03	2.223616111559783282e-01	1.421591097981076968e-01	2.732265690058626739e-01	1.660385307789738196e-01	7.676430505729261999e-02	3.322694081850699477e-02	8.622293338499763260e-02
1.417466672600997981e+03	2.221026465736599120e-01	1.419846682256396264e-01	2.733976687105716952e-01	1.661536442313395756e-01	7.680494989633923630e-02	3.325661917064522827e-02	8.629980319152451285e-02
1.419885557707825683e+03	2.218444227477359421e-01	1.418107166720228574e-01	2.735682560119181983e-01	1.662684512588344377e-01	7.684548291640987128e-02	3.328621923359088852e-02	8.637645115920758454e-02
1.422304442814653157e+03	2.215869375686530807e-01	1.416372537434841816e-01	2.737383325144800428e-01	1.663829526539371273e-01	7.688590446818538426e-02	3.331574119674579615e-02	8.645287785423418081e-02
1.424723327921481086e+03	2.213301889328929406e-01	1.414642780502944064e-01	2.739078998164718448e-01	1.664971492072415127e-01	7.692621490094105063e-02	3.334518524935259354e-02	8.652908384252547269e-02
1.427142213028308333e+03	2.210741747429542658e-01	1.412917882067557251e-01	2.740769595097903299e-01	1.666110417074589956e-01	7.696641456255540192e-02	3.337455158049071335e-02	8.660506968971436181e-02
1.429561098135136262e+03	2.208188929073349738e-01	1.411197828311892277e-01	2.742455131800596302e-01	1.667246309414207595e-01	7.700650379951895497e-02	3.340384037907248582e-02	8.668083596112376166e-02
1.431979983241963964e+03	2.205643413405143916e-01	1.409482605459221882e-01	2.744135624066755819e-01	1.668379176940802955e-01	7.704648295694287163e-02	3.343305183383920437e-02	8.675638322174526740e-02
1.434398868348791666e+03	2.203105179629353538e-01	1.407772199772756305e-01	2.745811087628498570e-01	1.669509027485157615e-01	7.708635237856750755e-02	3.346218613335730924e-02	8.683171203621838086e-02
1.436817753455619140e+03	2.200574207009867722e-01	1.406066597555518660e-01	2.747481538156530401e-01	1.670635868859325079e-01	7.712611240677094693e-02	3.349124346601466823e-02	8.690682296880999913e-02
1.439236638562446842e+03	2.198050474869857052e-01	1.404365785150221702e-01	2.749146991260578154e-01	1.671759708856653814e-01	7.716576338257741252e-02	3.352022402001682971e-02	8.698171658339441670e-02
1.441655523669274316e+03	2.195533962591600941e-01	1.402669748939143757e-01	2.750807462489809896e-01	1.672880555251814727e-01	7.720530564566556453e-02	3.354912798338341440e-02	8.705639344343374386e-02
1.444074408776102018e+03	2.193024649616310551e-01	1.400978475344005769e-01	2.752462967333255128e-01	1.673998415800825312e-01	7.724473953437684115e-02	3.357795554394454179e-02	8.713085411195865826e-02
1.446493293882929493e+03	2.190522515443954488e-01	1.399291950825849173e-01	2.754113521220213912e-01	1.675113298241075188e-01	7.728406538572359097e-02	3.360670688933726363e-02	8.720509915154953107e-02
1.448912178989757422e+03	2.188027539633086160e-01	1.397610161884913771e-01	2.755759139520669865e-01	1.676225210291353296e-01	7.732328353539716370e-02	3.363538220700216380e-02	8.727912912431806669e-02
1.451331064096585123e+03	2.185539701800669476e-01	1.395933095060516715e-01	2.757399837545688182e-01	1.677334159651872603e-01	7.736239431777602871e-02	3.366398168417990971e-02	8.735294459188915062e-02
1.453749949203412370e+03	2.183058981621905925e-01	1.394260736930930944e-01	2.759035630547814200e-01	1.678440154004297857e-01	7.740139806593365757e-02	3.369250550790792165e-02	8.742654611538325238e-02
1.456168834310240300e+03	2.180585358830064990e-01	1.392593074113265550e-01	2.760666533721469196e-01	1.679543201011772513e-01	7.744029511164647606e-02	3.372095386501707676e-02	8.749993425539900893e-02
1.458587719417068001e+03	2.178118813216309013e-01	1.390930093263344491e-01	2.762292562203335633e-01	1.680643308318944540e-01	7.747908578540166347e-02	3.374932694212844780e-02	8.757310957199630763e-02
1.461006604523895703e+03	2.175659324629525826e-01	1.389271781075589185e-01	2.763913731072741853e-01	1.681740483551994736e-01	7.751777041640486865e-02	3.377762492565015984e-02	8.764607262467961901e-02
1.463425489630723177e+03	2.173206872976155835e-01	1.387618124282897492e-01	2.765530055352040106e-01	1.682834734318664205e-01	7.755634933258793995e-02	3.380584800177423299e-02	8.771882397238181528e-02
1.465844374737550879e+03	2.170761438220024930e-01	1.385969109656526310e-01	2.767141550006982365e-01	1.683926068208282112e-01	7.759482286061651635e-02	3.383399635647352244e-02	8.779136417344814147e-02
1.468263259844378354e+03	2.168323000382172960e-01	1.384324724005974172e-01	2.768748229947088912e-01	1.685014492791793161e-01	7.763319132589756311e-02	3.386207017549865833e-02	8.786369378562068622e-02
1.470682144951206283e+03	2.165891539540686084e-01	1.382684954178861891e-01	2.770350110026013613e-01	1.686100015621786463e-01	7.767145505258683802e-02	3.389006964437510372e-02	8.793581336602310228e-02
1.473101030058033530e+03	2.163467035830530238e-01	1.381049787060816825e-01	2.771947205041906948e-01	1.687182644232523288e-01	7.770961436359630214e-02	3.391799494840022633e-02	8.800772347114566019e-02
1.475519915164861459e+03	2.161049469443381832e-01	1.379419209575355743e-01	2.773539529737769627e-01	1.688262386139967042e-01	7.774766958060147504e-02	3.394584627264041199e-02	8.807942465683063493e-02
1.477938800271689161e+03	2.158638820627461763e-01	1.377793208683768811e-01	2.775127098801808412e-01	1.689339248841810470e-01	7.778562102404869283e-02	3.397362380192826131e-02	8.815091747825802571e-02
1.480357685378516862e+03	2.156235069687369721e-01	1.376171771385003850e-01	2.776709926867783063e-01	1.690413239817506463e-01	7.782346901316229693e-02	3.400132772085980026e-02	8.822220248993151159e-02
1.482776570485344337e+03	2.153838196983917930e-01	1.374554884715551151e-01	2.778288028515351060e-01	1.691484366528295813e-01	7.786121386595183658e-02	3.402895821379176705e-02	8.829328024566476807e-02
