1.301360187473271253e+03	2.355448924082037820e-01	1.508758942415217574e-01	2.607053127340877019e-01	1.615089142117529519e-01	7.658960142063397925e-02	3.233988014163218655e-02	8.243550484188658101e-02
1.306197957686926657e+03	2.349556654912048070e-01	1.504753905459033925e-01	2.610821835588160167e-01	1.617698003332314061e-01	7.670215017855515349e-02	3.241623962933734560e-02	8.259857026267085345e-02
1.311035727900581833e+03	2.343698239808565953e-01	1.500771098405767057e-01	2.614568901797288403e-01	1.620291610341685895e-01	7.681408410955527233e-02	3.249224218994550828e-02	8.276068866488747733e-02
1.315873498114237009e+03	2.337873484537079660e-01	1.496810396987003355e-01	2.618294455264319476e-01	1.622870058694602102e-01	7.692540608484234321e-02	3.256788859466901165e-02	8.292186577190716057e-02
1.320711268327892412e+03	2.332082195978505412e-01	1.492871677640481287e-01	2.621998624360126207e-01	1.625433443233582353e-01	7.703611897592264890e-02	3.264317963143842372e-02	8.308210727108836235e-02
1.325549038541547588e+03	2.326324182122689044e-01	1.488954817505852568e-01	2.625681536543522099e-01	1.627981858100307766e-01	7.714622565414058775e-02	3.271811610443497997e-02	8.324141881390621778e-02
1.330386808755202765e+03	2.320599252061948670e-01	1.485059694420473864e-01	2.629343318373892902e-01	1.630515396741292200e-01	7.725572899023523676e-02	3.279269883363323396e-02	8.339980601608971977e-02
1.335224578968857941e+03	2.314907215984665090e-01	1.481186186915230130e-01	2.632984095523349666e-01	1.633034151913613508e-01	7.736463185391313779e-02	3.286692865435367900e-02	8.355727445776632567e-02
1.340062349182513572e+03	2.309247885168911607e-01	1.477334174210389039e-01	2.636603992788440487e-01	1.635538215690697517e-01	7.747293711343650191e-02	3.294080641682498034e-02	8.371382968361366916e-02
1.344900119396168748e+03	2.303621071976128254e-01	1.473503536211484000e-01	2.640203134101441473e-01	1.638027679468138376e-01	7.758064763522651286e-02	3.301433298575572745e-02	8.386947720301757281e-02
1.349737889609823924e+03	2.298026589844837375e-01	1.469694153505228251e-01	2.643781642541255250e-01	1.640502633969550816e-01	7.768776628348078583e-02	3.308750923991532478e-02	8.402422249023576428e-02
1.354575659823479100e+03	2.292464253284399178e-01	1.465905907355458115e-01	2.647339640343933098e-01	1.642963169252441291e-01	7.779429591980484282e-02	3.316033607172387543e-02	8.417807098456714376e-02
1.359413430037134731e+03	2.286933877868809195e-01	1.462138679699105104e-01	2.650877248912848483e-01	1.645409374714093265e-01	7.790023940285698001e-02	3.323281438685079386e-02	8.433102809052568649e-02
1.364251200250789907e+03	2.281435280230533769e-01	1.458392353142196340e-01	2.654394588828536961e-01	1.647841339097456115e-01	7.800559958800587501e-02	3.330494510382197432e-02	8.448309917801886948e-02
1.369088970464445310e+03	2.275968278054387173e-01	1.454666810955883571e-01	2.657891779858225778e-01	1.650259150497033200e-01	7.811037932700069797e-02	3.337672915363522341e-02	8.463428958253016443e-02
1.373926740678100487e+03	2.270532690071445092e-01	1.450961937072500485e-01	2.661368940965062602e-01	1.652662896364761325e-01	7.821458146765325470e-02	3.344816747938390150e-02	8.478460460530494458e-02
1.378764510891755890e+03	2.265128336052998348e-01	1.447277616081647789e-01	2.664826190317067245e-01	1.655052663515877431e-01	7.831820885353163453e-02	3.351926103588845351e-02	8.493404951353987486e-02
1.383602281105411066e+03	2.259755036804543538e-01	1.443613733226303264e-01	2.668263645295819719e-01	1.657428538134765594e-01	7.842126432366497424e-02	3.359001078933568363e-02	8.508262954057511929e-02
1.388440051319066470e+03	2.254412614159810591e-01	1.439970174398962632e-01	2.671681422504895154e-01	1.659790605780781247e-01	7.852375071225914382e-02	3.366041771692561413e-02	8.523034988608918505e-02
1.393277821532721646e+03	2.249100890974829181e-01	1.436346826137804289e-01	2.675079637778062791e-01	1.662138951394047381e-01	7.862567084842274345e-02	3.373048280652574116e-02	8.537721571629613981e-02
1.398115591746377049e+03	2.243819691122028726e-01	1.432743575622880128e-01	2.678458406187257390e-01	1.664473659301218822e-01	7.872702755590314794e-02	3.380020705633251382e-02	8.552323216414479956e-02
1.402953361960032225e+03	2.238568839484377238e-01	1.429160310672334677e-01	2.681817842050344125e-01	1.666794813221212646e-01	7.882782365283240444e-02	3.386959147453988406e-02	8.566840432951981776e-02
1.407791132173687402e+03	2.233348161949555155e-01	1.425596919738648938e-01	2.685158058938673098e-01	1.669102496270899738e-01	7.892806195148233117e-02	3.393863707901475374e-02	8.581273727944428720e-02
1.412628902387342805e+03	2.228157485404163585e-01	1.422053291904908368e-01	2.688479169684445669e-01	1.671396790970755275e-01	7.902774525802890027e-02	3.400734489697921498e-02	8.595623604828370179e-02
1.417466672600997981e+03	2.222996637727968350e-01	1.418529316881098068e-01	2.691781286387900929e-01	1.673677779250466735e-01	7.912687637232529436e-02	3.407571596469936154e-02	8.609890563795108420e-02
1.422304442814653157e+03	2.217865447788180122e-01	1.415024885000422672e-01	2.695064520424322319e-01	1.675945542454495285e-01	7.922545808768352571e-02	3.414375132718056038e-02	8.624075101811300159e-02
1.427142213028308333e+03	2.212763745433766194e-01	1.411539887215649269e-01	2.698328982450887148e-01	1.678200161347590813e-01	7.932349319066420157e-02	3.421145203786912087e-02	8.638177712639648342e-02
1.431979983241963964e+03	2.207691361489798054e-01	1.408074215095477255e-01	2.701574782413351250e-01	1.680441716120257278e-01	7.942098446087436647e-02	3.427881915836004240e-02	8.652198886859638338e-02
1.436817753455619140e+03	2.202648127751832552e-01	1.404627760820930105e-01	2.704802029552589859e-01	1.682670286394166992e-01	7.951793467077294952e-02	3.434585375811095159e-02	8.666139111888331026e-02
1.441655523669274316e+03	2.197633876980326917e-01	1.401200417181772961e-01	2.708010832410994717e-01	1.684885951227522993e-01	7.961434658548373344e-02	3.441255691416182649e-02	8.679998872001186416e-02
1.446493293882929493e+03	2.192648442895084870e-01	1.397792077572952429e-01	2.711201298838732954e-01	1.687088789120369525e-01	7.971022296261555395e-02	3.447892971086068126e-02	8.693778648352896987e-02
1.451331064096585123e+03	2.187691660169739372e-01	1.394402635991060513e-01	2.714373535999878850e-01	1.689278878019846442e-01	7.980556655208946581e-02	3.454497323959481586e-02	8.707478918998234896e-02
1.456168834310240300e+03	2.182763364426265340e-01	1.391031987030822703e-01	2.717527650378421811e-01	1.691456295325390324e-01	7.990038009597265345e-02	3.461068859852771407e-02	8.721100158912886702e-02
1.461006604523895703e+03	2.177863392229523742e-01	1.387680025881607992e-01	2.720663747784152209e-01	1.693621117893878703e-01	7.999466632831897517e-02	3.467607689234136065e-02	8.734642840014271437e-02
1.465844374737550879e+03	2.172991581081840373e-01	1.384346648323961648e-01	2.723781933358439544e-01	1.695773422044720979e-01	8.008842797501589117e-02	3.474113923198390158e-02	8.748107431182332305e-02
1.470682144951206283e+03	2.168147769417616277e-01	1.381031750726160745e-01	2.726882311579897911e-01	1.697913283564889131e-01	8.018166775363748389e-02	3.480587673442255697e-02	8.761494398280296469e-02
1.475519915164861459e+03	2.163331796597968426e-01	1.377735230040793291e-01	2.729964986269948213e-01	1.700040777713894558e-01	8.027438837330345967e-02	3.487029052240165489e-02	8.774804204175379319e-02
1.480357685378516862e+03	2.158543502905402311e-01	1.374456983801358723e-01	2.733030060598283795e-01	1.702155979228707205e-01	8.036659253454402074e-02	3.493438172420568893e-02	8.788037308759444333e-02
1.485195455592172038e+03	2.153782729538515905e-01	1.371196910118888945e-01	2.736077637088235037e-01	1.704258962328617510e-01	8.045828292917027447e-02	3.499815147342732330e-02	8.801194168969599108e-02
1.490033225805827215e+03	2.149049318606734704e-01	1.367954907678593512e-01	2.739107817622049024e-01	1.706349800720041998e-01	8.054946224015013811e-02	3.506160090874017865e-02	8.814275238808716439e-02
1.494870996019482618e+03	2.144343113125076472e-01	1.364730875736525351e-01	2.742120703446073171e-01	1.708428567601270320e-01	8.064013314148946177e-02	3.512473117367641978e-02	8.827280969365902674e-02
1.499708766233137567e+03	2.139663957008949291e-01	1.361524714116268409e-01	2.745116395175861146e-01	1.710495335667157890e-01	8.073029829811836922e-02	3.518754341640889516e-02	8.840211808836856422e-02
1.504546536446793198e+03	2.135011695068975146e-01	1.358336323205644736e-01	2.748094992801194403e-01	1.712550177113760230e-01	8.081996036578245612e-02	3.525003878953791164e-02	8.853068202544168985e-02
1.509384306660448374e+03	2.130386173005849038e-01	1.355165603953445153e-01	2.751056595691023787e-01	1.714593163642911811e-01	8.090912199093895640e-02	3.531221844988240849e-02	8.865850592957520704e-02
1.514222076874103550e+03	2.125787237405223629e-01	1.352012457866179906e-01	2.754001302598337309e-01	1.716624366466747709e-01	8.099778581065736338e-02	3.537408355827553058e-02	8.878559419713782930e-02
1.519059847087758726e+03	2.121214735732626089e-01	1.348876787004848199e-01	2.756929211664955193e-01	1.718643856312171703e-01	8.108595445252478329e-02	3.543563527936444135e-02	8.891195119637025635e-02
1.523897617301414357e+03	2.116668516328403526e-01	1.345758493981731030e-01	2.759840420426251661e-01	1.720651703425267187e-01	8.117363053455561861e-02	3.549687478141443780e-02	8.903758126758420932e-02
1.528735387515069533e+03	2.112148428402697287e-01	1.342657481957203192e-01	2.762735025815812318e-01	1.722647977575654799e-01	8.126081666510548418e-02	3.555780323611705540e-02	8.916248872336038356e-02
1.533573157728724709e+03	2.107654322030447225e-01	1.339573654636564415e-01	2.765613124170022696e-01	1.724632748060793141e-01	8.134751544278928659e-02	3.561842181840233629e-02	8.928667784874531888e-02
1.538410927942380113e+03	2.103186048146425680e-01	1.336506916266891609e-01	2.768474811232595756e-01	1.726606083710229556e-01	8.143372945640334204e-02	3.567873170625496942e-02	8.941015290144713190e-02
1.543248698156035516e+03	2.098743458540297258e-01	1.333457171633911642e-01	2.771320182159034973e-01	1.728568052889794260e-01	8.151946128485137999e-02	3.573873408053437201e-02	8.953291811203015205e-02
1.548086468369690692e+03	2.094326405851710260e-01	1.330424326058891049e-01	2.774149331521040818e-01	1.730518723505743706e-01	8.160471349707427990e-02	3.579843012479856645e-02	8.965497768410828072e-02
1.552924238583346096e+03	2.089934743565415032e-01	1.327408285395549059e-01	2.776962353310856724e-01	1.732458163008849528e-01	8.168948865198358278e-02	3.585782102513179748e-02	8.977633579453728196e-02
1.557762008797001272e+03	2.085568326006409512e-01	1.324408956026986717e-01	2.779759340945560653e-01	1.734386438398439478e-01	8.177378929839845823e-02	3.591690796997582674e-02	8.989699659360574080e-02
1.562599779010656675e+03	2.081227008335116424e-01	1.321426244862637100e-01	2.782540387271301707e-01	1.736303616226383129e-01	8.185761797498622427e-02	3.597569214996479414e-02	9.001696420522482811e-02
1.567437549224311852e+03	2.076910646542583228e-01	1.318460059335233026e-01	2.785305584567482895e-01	1.738209762601031216e-01	8.194097721020611458e-02	3.603417475776366646e-02	9.013624272711688590e-02
1.572275319437967255e+03	2.072619097445714265e-01	1.315510307397795009e-01	2.788055024550895045e-01	1.740104943191101983e-01	8.202386952225641792e-02	3.609235698791008612e-02	9.025483623100256925e-02
1.577113089651622431e+03	2.068352218682527888e-01	1.312576897520637831e-01	2.790788798379797986e-01	1.741989223229519768e-01	8.210629741902468470e-02	3.615024003665968239e-02	9.037274876278691971e-02
1.581950859865277607e+03	2.064109868707441342e-01	1.309659738688395136e-01	2.793506996657955654e-01	1.743862667517206144e-01	8.218826339804105596e-02	3.620782510183465086e-02	9.048998434274407865e-02
1.586788630078933011e+03	2.059891906786584237e-01	1.306758740397062080e-01	2.796209709438621238e-01	1.745725340426821370e-01	8.226976994643450669e-02	3.626511338267564277e-02	9.060654696570057121e-02
1.591626400292587959e+03	2.055698192993136164e-01	1.303873812651057396e-01	2.798897026228477913e-01	1.747577305906460043e-01	8.235081954089204515e-02	3.632210607969687394e-02	9.072244060121752163e-02
1.596464170506243590e+03	2.051528588202694847e-01	1.301004865960302959e-01	2.801569035991534617e-01	1.749418627483299016e-01	8.243141464762070159e-02	3.637880439454434234e-02	9.083766919377136984e-02
1.601301940719898766e+03	2.047382954088667328e-01	1.298151811337321382e-01	2.804225827152979078e-01	1.751249368267200623e-01	8.251155772231218155e-02	3.643520952985716821e-02	9.095223666293335285e-02
1.606139710933553943e+03	2.043261153117690299e-01	1.295314560294351658e-01	2.806867487602984212e-01	1.753069590954270951e-01	8.259125121011022530e-02	3.649132268913193866e-02	9.106614690354769559e-02
1.610977481147209119e+03	2.039163048545075685e-01	1.292493024840482008e-01	2.809494104700477335e-01	1.754879357830371467e-01	8.267049754558049302e-02	3.654714507659005684e-02	9.117940378590840000e-02
1.615815251360864750e+03	2.035088504410282884e-01	1.289687117478801048e-01	2.812105765276866065e-01	1.756678730774589581e-01	8.274929915268292024e-02	3.660267789704797076e-02	9.129201115593475746e-02
1.620653021574519926e+03	2.031037385532416528e-01	1.286896751203566447e-01	2.814702555639725379e-01	1.758467771262663959e-01	8.282765844474655748e-02	3.665792235579032332e-02	9.140397283534551498e-02
1.625490791788175102e+03	2.027009557505751181e-01	1.284121839497390227e-01	2.817284561576445245e-01	1.760246540370367652e-01	8.290557782444661628e-02	3.671287965844583639e-02	9.151529262183179247e-02
1.630328562001830505e+03	2.023004886695280169e-01	1.281362296328441286e-01	2.819851868357839964e-01	1.762015098776850697e-01	8.298305968378390240e-02	3.676755101086601196e-02	9.162597428922854281e-02
1.635166332215485909e+03	2.019023240232290795e-01	1.278618036147666781e-01	2.822404560741723079e-01	1.763773506767938870e-01	8.306010640406644163e-02	3.682193761900651174e-02	9.173602158768479065e-02
1.640004102429141085e+03	2.015064486009967015e-01	1.275888973886026845e-01	2.824942722976439002e-01	1.765521824239395243e-01	8.313672035589315945e-02	3.687604068881120134e-02	9.184543824383255284e-02
1.644841872642796488e+03	2.011128492679013224e-01	1.273175024951749834e-01	2.827466438804368543e-01	1.767260110700137887e-01	8.321290389913968411e-02	3.692986142609880340e-02	9.195422796095430173e-02
1.649679642856451665e+03	2.007215129643308005e-01	1.270476105227602848e-01	2.829975791465389467e-01	1.768988425275421494e-01	8.328865938294616189e-02	3.698340103645208349e-02	9.206239441914931820e-02
1.654517413070107068e+03	2.003324267055577590e-01	1.267792131068177786e-01	2.832470863700312647e-01	1.770706826709977644e-01	8.336398914570704310e-02	3.703666072510954782e-02	9.216994127549858751e-02
1.659355183283762244e+03	1.999455775813100411e-01	1.265123019297195450e-01	2.834951737754275447e-01	1.772415373371118985e-01	8.343889551506265823e-02	3.708964169685967371e-02	9.227687216422840455e-02
1.664192953497417420e+03	1.995609527553430240e-01	1.262468687204824913e-01	2.837418495380108485e-01	1.774114123251805120e-01	8.351338080789275087e-02	3.714234515593742292e-02	9.238319069687275786e-02
1.669030723711072824e+03	1.991785394650147645e-01	1.259829052545019812e-01	2.839871217841665740e-01	1.775803133973671566e-01	8.358744733031171770e-02	3.719477230592325295e-02	9.248890046243433971e-02
1.673868493924728000e+03	1.987983250208635588e-01	1.257204033532870469e-01	2.842309985917128579e-01	1.777482462790021256e-01	8.366109737766554144e-02	3.724692434964436971e-02	9.259400502754423778e-02
1.678706264138383403e+03	1.984202968061878347e-01	1.254593548841971828e-01	2.844734879902272584e-01	1.779152166588783002e-01	8.373433323453048638e-02	3.729880248907830459e-02	9.269850793662043342e-02
1.683544034352038352e+03	1.980444422766284018e-01	1.251997517601807497e-01	2.847145979613705524e-01	1.780812301895431382e-01	8.380715717471329262e-02	3.735040792525872594e-02	9.280241271202492592e-02
1.688381804565693983e+03	1.976707489597533951e-01	1.249415859395149320e-01	2.849543364392077560e-01	1.782462924875874988e-01	8.387957146125302188e-02	3.740174185818343627e-02	9.290572285421973275e-02
1.693219574779349159e+03	1.972992044546452439e-01	1.246848494255472783e-01	2.851927113105260925e-01	1.784104091339308584e-01	8.395157834642442973e-02	3.745280548672452747e-02	9.300844184192139097e-02
1.698057344993004335e+03	1.969297964314901950e-01	1.244295342664387960e-01	2.854297304151496850e-01	1.785735856741033356e-01	8.402318007174276737e-02	3.750360000854065928e-02	9.311057313225440391e-02
1.702895115206659511e+03	1.965625126311702775e-01	1.241756325549085715e-01	2.856654015462520291e-01	1.787358276185242456e-01	8.409437886796997108e-02	3.755412661999141949e-02	9.321212016090331398e-02
1.707732885420315142e+03	1.961973408648574335e-01	1.239231364279799186e-01	2.858997324506652449e-01	1.788971404427776024e-01	8.416517695512230890e-02	3.760438651605371024e-02	9.331308634226363752e-02
1.712570655633970318e+03	1.958342690136101183e-01	1.236720380667281072e-01	2.861327308291864435e-01	1.790575295878842899e-01	8.423557654247934567e-02	3.765438089024012586e-02	9.341347506959146729e-02
1.717408425847625494e+03	1.954732850279720935e-01	1.234223296960294952e-01	2.863644043368817615e-01	1.792170004605711242e-01	8.430557982859418487e-02	3.770411093451934287e-02	9.351328971515185384e-02
1.722246196061280898e+03	1.951143769275737738e-01	1.231740035843122694e-01	2.865947605833876199e-01	1.793755584335368636e-01	8.437518900130494548e-02	3.775357783923835586e-02	9.361253363036610431e-02
1.727083966274936301e+03	1.947575328007355444e-01	1.229270520433085601e-01	2.868238071332088190e-01	1.795332088457151920e-01	8.444440623774748800e-02	3.780278279304665617e-02	9.371121014595763798e-02
1.731921736488591478e+03	1.944027408040735760e-01	1.226814674278081801e-01	2.870515515060150791e-01	1.796899570025346782e-01	8.451323370436931992e-02	3.785172698282227022e-02	9.380932257209681491e-02
1.736759506702246881e+03	1.940499891621078055e-01	1.224372421354137097e-01	2.872780011769339725e-01	1.798458081761757643e-01	8.458167355694455602e-02	3.790041159359958806e-02	9.390687419854455709e-02
1.741597276915902057e+03	1.936992661668723026e-01	1.221943686062970380e-01	2.875031635768418581e-01	1.800007676058249517e-01	8.464972794059012762e-02	3.794883780849898219e-02	9.400386829479469297e-02
1.746435047129557461e+03	1.933505601775276916e-01	1.219528393229575014e-01	2.877270460926524831e-01	1.801548404979260998e-01	8.471739898978286609e-02	3.799700680865818886e-02	9.410030811021519170e-02
1.751272817343212637e+03	1.930038596199759870e-01	1.217126468099812286e-01	2.879496560676025330e-01	1.803080320264288938e-01	8.478468882837776610e-02	3.804491977316540319e-02	9.419619687418830101e-02
1.756110587556867813e+03	1.926591529864774277e-01	1.214737836338021515e-01	2.881710008015354041e-01	1.804603473330346208e-01	8.485159956962716465e-02	3.809257787899405362e-02	9.429153779624929732e-02
1.760948357770523216e+03	1.923164288352697815e-01	1.212362424024642088e-01	2.883910875511824234e-01	1.806117915274391417e-01	8.491813331620093330e-02	3.813998230093924163e-02	9.438633406622437549e-02
1.765786127984178393e+03	1.919756757901896482e-01	1.210000157653851882e-01	2.886099235304414035e-01	1.807623696875733377e-01	8.498429216020751686e-02	3.818713421155579824e-02	9.448058885436717846e-02
1.770623898197833569e+03	1.916368825402959553e-01	1.207650964131218307e-01	2.888275159106532541e-01	1.809120868598408094e-01	8.505007818321595747e-02	3.823403478109792253e-02	9.457430531149431385e-02
1.775461668411488745e+03	1.913000378394958123e-01	1.205314770771362259e-01	2.890438718208761526e-01	1.810609480593530496e-01	8.511549345627872354e-02	3.828068517746040927e-02	9.466748656911971871e-02
1.780299438625144376e+03	1.909651305061721149e-01	1.202991505295638586e-01	2.892589983481574922e-01	1.812089582701620627e-01	8.518054003995538526e-02	3.832708656612137527e-02	9.476013573958785852e-02
1.785137208838799552e+03	1.906321494228137292e-01	1.200681095829828210e-01	2.894729025378035003e-01	1.813561224454905974e-01	8.524521998433710890e-02	3.837324011008651226e-02	9.485225591620596863e-02
1.789974979052454728e+03	1.903010835356475638e-01	1.198383470901843856e-01	2.896855913936469129e-01	1.815024455079596033e-01	8.530953532907192827e-02	3.841914696983480398e-02	9.494385017337500510e-02
1.794812749266109904e+03	1.899719218542728627e-01	1.196098559439451037e-01	2.898970718783123734e-01	1.816479323498137177e-01	8.537348810339075167e-02	3.846480830326570732e-02	9.503492156671969338e-02
1.799650519479765535e+03	1.896446534512974125e-01	1.193826290768000287e-01	2.901073509134796669e-01	1.817925878331439205e-01	8.543708032613410441e-02	3.851022526564772813e-02	9.512547313321739750e-02
1.804488289693420711e+03	1.893192674619761373e-01	1.191566594608174379e-01	2.903164353801446218e-01	1.819364167901081908e-01	8.550031400577959295e-02	3.855539900956840571e-02	9.521550789132594839e-02
1.809326059907075887e+03	1.889957530838514144e-01	1.189319401073748034e-01	2.905243321188783479e-01	1.820794240231497219e-01	8.556319114046996577e-02	3.860033068488565033e-02	9.530502884111044515e-02
1.814163830120731291e+03	1.886740995763959428e-01	1.187084640669360674e-01	2.907310479300842521e-01	1.822216143052127202e-01	8.562571371804190978e-02	3.864502143868044776e-02	9.539403896436900177e-02
1.819001600334386467e+03	1.883542962606571392e-01	1.184862244288303473e-01	2.909365895742528907e-01	1.823629923799562902e-01	8.568788371605541576e-02	3.868947241521085434e-02	9.548254122475736960e-02
1.823839370548041643e+03	1.880363325189039758e-01	1.182652143210317086e-01	2.911409637722151000e-01	1.825035629619658484e-01	8.574970310182376820e-02	3.873368475586726201e-02	9.557053856791269952e-02
1.828677140761696819e+03	1.877201977942755118e-01	1.180454269099405068e-01	2.913441772053927403e-01	1.826433307369624559e-01	8.581117383244409036e-02	3.877765959912897464e-02	9.565803392157615215e-02
1.833514910975352450e+03	1.874058815904318664e-01	1.178268554001658114e-01	2.915462365160476077e-01	1.827823003620100695e-01	8.587229785482844435e-02	3.882139808052201269e-02	9.574503019571456441e-02
1.838352681189008081e+03	1.870933734712068586e-01	1.176094930343091899e-01	2.917471483075291805e-01	1.829204764657205162e-01	8.593307710573550029e-02	3.886490133257810425e-02	9.583153028264106144e-02
1.843190451402663257e+03	1.867826630602626992e-01	1.173933330927496993e-01	2.919469191445189793e-01	1.830578636484567201e-01	8.599351351180267722e-02	3.890817048479488366e-02	9.591753705713475242e-02
1.848028221616318433e+03	1.864737400407467383e-01	1.171783688934302237e-01	2.921455555532742610e-01	1.831944664825335967e-01	8.605360898957885307e-02	3.895120666359729034e-02	9.600305337655942739e-02
1.852865991829973609e+03	1.861665941549502934e-01	1.169645937916450051e-01	2.923430640218694365e-01	1.833302895124169496e-01	8.611336544555740768e-02	3.899401099230007106e-02	9.608808208098118531e-02
1.857703762043628785e+03	1.858612152039692544e-01	1.167520011798283824e-01	2.925394510004355464e-01	1.834653372549206463e-01	8.617278477620980703e-02	3.903658459107143403e-02	9.617262599328522954e-02
1.862541532257283961e+03	1.855575930473666035e-01	1.165405844873448893e-01	2.927347229013980701e-01	1.835996141994016007e-01	8.623186886801967321e-02	3.907892857689779231e-02	9.625668791929169188e-02
1.867379302470939592e+03	1.852557176028371555e-01	1.163303371802803798e-01	2.929288860997127375e-01	1.837331248079528967e-01	8.629061959751715971e-02	3.912104406354961067e-02	9.634027064787042960e-02
1.872217072684594768e+03	1.849555788458738803e-01	1.161212527612345696e-01	2.931219469330998417e-01	1.838658735155951074e-01	8.634903883131377078e-02	3.916293216154827922e-02	9.642337695105496209e-02
1.877054842898249490e+03	1.846571668094364460e-01	1.159133247691146590e-01	2.933139117022765530e-01	1.839978647304656434e-01	8.640712842613761102e-02	3.920459397813406965e-02	9.650600958415543607e-02
1.881892613111905121e+03	1.843604715836214547e-01	1.157065467789302748e-01	2.935047866711876230e-01	1.841291028340063807e-01	8.646489022886891251e-02	3.924603061723508368e-02	9.658817128587073031e-02
1.886730383325560297e+03	1.840654833153347325e-01	1.155009124015894673e-01	2.936945780672342021e-01	1.842595921811493176e-01	8.652232607657596442e-02	3.928724317943722150e-02	9.666986477839958902e-02
1.891568153539215928e+03	1.837721922079653958e-01	1.152964152836959411e-01	2.938832920815011573e-01	1.843893371005006498e-01	8.657943779655136174e-02	3.932823276195507312e-02	9.675109276755090859e-02
1.896405923752871104e+03	1.834805885210618881e-01	1.150930491073475642e-01	2.940709348689825586e-01	1.845183418945229858e-01	8.663622720634857333e-02	3.936900045860388525e-02	9.683185794285303905e-02
1.901243693966526507e+03	1.831906625700096547e-01	1.148908075899359588e-01	2.942575125488055554e-01	1.846466108397158135e-01	8.669269611381877350e-02	3.940954735977234002e-02	9.691216297766236387e-02
1.906081464180181683e+03	1.829024047257110375e-01	1.146896844839471741e-01	2.944430312044526987e-01	1.847741481867942459e-01	8.674884631714804839e-02	3.944987455239637453e-02	9.699201052927086675e-02
1.910919234393836859e+03	1.826158054142666687e-01	1.144896735767637341e-01	2.946274968839822650e-01	1.849009581608663244e-01	8.680467960489476886e-02	3.948998311993382609e-02	9.707140323901287948e-02
1.915757004607492036e+03	1.823308551166589742e-01	1.142907686904676423e-01	2.948109156002473585e-01	1.850270449616081836e-01	8.686019775602729642e-02	3.952987414233998659e-02	9.715034373237098342e-02
1.920594774821147894e+03	1.820475443684373140e-01	1.140929636816445936e-01	2.949932933311134042e-01	1.851524127634381900e-01	8.691540253996191123e-02	3.956954869604405178e-02	9.722883461908103653e-02
1.925432545034802843e+03	1.817658637594048721e-01	1.138962524411893662e-01	2.951746360196736418e-01	1.852770657156889156e-01	8.697029571660096214e-02	3.960900785392642426e-02	9.730687849323636784e-02
1.930270315248458019e+03	1.814858039333076267e-01	1.137006288941122961e-01	2.953549495744634545e-01	1.854010079427779734e-01	8.702487903637123878e-02	3.964825268529679342e-02	9.738447793339115310e-02
1.935108085462113195e+03	1.812073555875248487e-01	1.135060869993468335e-01	2.955342398696731987e-01	1.855242435443770210e-01	8.707915424026255180e-02	3.968728425587311759e-02	9.746163550266297160e-02
1.939945855675768371e+03	1.809305094727615137e-01	1.133126207495582932e-01	2.957125127453591462e-01	1.856467765955791827e-01	8.713312305986653516e-02	3.972610362776136245e-02	9.753835374883454423e-02
1.944783625889424002e+03	1.806552563927424082e-01	1.131202241709536732e-01	2.958897740076530947e-01	1.857686111470651935e-01	8.718678721741557336e-02	3.976471185943602354e-02	9.761463520445459729e-02
1.949621396103079178e+03	1.803815872039081503e-01	1.129288913230925978e-01	2.960660294289704786e-01	1.858897512252679629e-01	8.724014842582195062e-02	3.980311000572144681e-02	9.769048238693801844e-02
1.954459166316734354e+03	1.801094928151126817e-01	1.127386162986992457e-01	2.962412847482169820e-01	1.860102008325354439e-01	8.729320838871715282e-02	3.984129911777389149e-02	9.776589779866518004e-02
1.959296936530389530e+03	1.798389641873227307e-01	1.125493932234755690e-01	2.964155456709938186e-01	1.861299639472923373e-01	8.734596880049129430e-02	3.987928024306433561e-02	9.784088392708047144e-02
1.964134706744044706e+03	1.795699923333189951e-01	1.123612162559153860e-01	2.965888178698012356e-01	1.862490445242001857e-01	8.739843134633268340e-02	3.991705442536201687e-02	9.791544324479002637e-02
1.968972476957700337e+03	1.793025683173988805e-01	1.121740795871196822e-01	2.967611069842407967e-01	1.863674464943161635e-01	8.745059770226758233e-02	3.995462270471867444e-02	9.798957820965879806e-02
1.973810247171355968e+03	1.790366832550811249e-01	1.119879774406128958e-01	2.969324186212161099e-01	1.864851737652502561e-01	8.750246953519998094e-02	3.999198611745349158e-02	9.806329126490670456e-02
1.978648017385010689e+03	1.787723283128120066e-01	1.118029040721603140e-01	2.971027583551324458e-01	1.866022302213214135e-01	8.755404850295157859e-02	4.002914569613870432e-02	9.813658483920416342e-02
1.983485787598666320e+03	1.785094947076732996e-01	1.116188537695865235e-01	2.972721317280944686e-01	1.867186197237119261e-01	8.760533625430179383e-02	4.006610246958591803e-02	9.820946134676675210e-02
1.988323557812321269e+03	1.782481737070919781e-01	1.114358208525948329e-01	2.974405442501028007e-01	1.868343461106208303e-01	8.765633442902791284e-02	4.010285746283306918e-02	9.828192318744927158e-02
1.993161328025976900e+03	1.779883566285512808e-01	1.112537996725878470e-01	2.976080013992495887e-01	1.869494131974157314e-01	8.770704465794529336e-02	4.013941169713200474e-02	9.835397274683892188e-02
1.997999098239632076e+03	1.777300348393039131e-01	1.110727846124889978e-01	2.977745086219121262e-01	1.870638247767834328e-01	8.775746856294765197e-02	4.017576618993671383e-02	9.842561239634790848e-02
2.002836868453287707e+03	1.774731997560864971e-01	1.108927700865651039e-01	2.979400713329451444e-01	1.871775846188792058e-01	8.780760775704744836e-02	4.021192195489214222e-02	9.849684449330520231e-02
2.007674638666942428e+03	1.772178428448358545e-01	1.107137505402499833e-01	2.981046949158724924e-01	1.872906964714748657e-01	8.785746384441626977e-02	4.024788000182368680e-02	9.856767138104761961e-02
2.012512408880597604e+03	1.769639556204069264e-01	1.105357204499690660e-01	2.982683847230764296e-01	1.874031640601056536e-01	8.790703842042527083e-02	4.028364133672719671e-02	9.863809538901024965e-02
2.017350179094252780e+03	1.767115296462922203e-01	1.103586743229650474e-01	2.984311460759865309e-01	1.875149910882155380e-01	8.795633307168569670e-02	4.031920696175959884e-02	9.870811883281616073e-02
2.022187949307908411e+03	1.764605565343428384e-01	1.101826066971244578e-01	2.985929842652668142e-01	1.876261812373017646e-01	8.800534937608947561e-02	4.035457787523007156e-02	9.877774401436535678e-02
2.027025719521564042e+03	1.762110279444914496e-01	1.100075121408053136e-01	2.987539045510016478e-01	1.877367381670577984e-01	8.805408890284970036e-02	4.038975507159180828e-02	9.884697322192310953e-02
2.031863489735218764e+03	1.759629355844763154e-01	1.098333852526657273e-01	2.989139121628802687e-01	1.878466655155153486e-01	8.810255321254126248e-02	4.042473954143428749e-02	9.891580873020765219e-02
2.036701259948874394e+03	1.757162712095673152e-01	1.096602206614934738e-01	2.990730123003805252e-01	1.879559668991849786e-01	8.815074385714145866e-02	4.045953227147607717e-02	9.898425280047705443e-02
2.041539030162529116e+03	1.754710266222934412e-01	1.094880130260365986e-01	2.992312101329507867e-01	1.880646459131956882e-01	8.819866238007058323e-02	4.049413424455817340e-02	9.905230768061558388e-02
2.046376800376184747e+03	1.752271936721718215e-01	1.093167570348349410e-01	2.993885108001907991e-01	1.881727061314334426e-01	8.824631031623256239e-02	4.052854643963788028e-02	9.911997560521935979e-02
2.051214570589840150e+03	1.749847642554382410e-01	1.091464474060526296e-01	2.995449194120316516e-01	1.882801511066782840e-01	8.829368919205554667e-02	4.056276983178310619e-02	9.918725879568129900e-02
2.056052340803495554e+03	1.747437303147794108e-01	1.089770788873115764e-01	2.997004410489138571e-01	1.883869843707405844e-01	8.834080052553253126e-02	4.059680539216722894e-02	9.925415946027554837e-02
2.060890111017150957e+03	1.745040838390665150e-01	1.088086462555259010e-01	2.998550807619648206e-01	1.884932094345960485e-01	8.838764582626190691e-02	4.063065408806441903e-02	9.932067979424108461e-02
2.065727881230805451e+03	1.742658168630905613e-01	1.086411443167372981e-01	3.000088435731749215e-01	1.885988297885196618e-01	8.843422659548803855e-02	4.066431688284539298e-02	9.938682197986485611e-02
2.070565651444461309e+03	1.740289214672990359e-01	1.084745679059513218e-01	3.001617344755721506e-01	1.887038489022185017e-01	8.848054432614183007e-02	4.069779473597369412e-02	9.945258818656421695e-02
2.075403421658116713e+03	1.737933897775341963e-01	1.083089118869746542e-01	3.003137584333959720e-01	1.888082702249637146e-01	8.852660050288116422e-02	4.073108860300232725e-02	9.951798057096877814e-02
2.080241191871772116e+03	1.735592139647727794e-01	1.081441711522533322e-01	3.004649203822697956e-01	1.889120971857209674e-01	8.857239660213139798e-02	4.076419943557096220e-02	9.958300127700157878e-02
2.085078962085427065e+03	1.733263862448672921e-01	1.079803406227117790e-01	3.006152252293723959e-01	1.890153331932803993e-01	8.861793409212584405e-02	4.079712818140342201e-02	9.964765243595968824e-02
2.089916732299082469e+03	1.730948988782887998e-01	1.078174152475928765e-01	3.007646778536080534e-01	1.891179816363850741e-01	8.866321443294603033e-02	4.082987578430569142e-02	9.971193616659423942e-02
2.094754502512737417e+03	1.728647441698710485e-01	1.076553900042989259e-01	3.009132831057756974e-01	1.892200458838588784e-01	8.870823907656215368e-02	4.086244318416432791e-02	9.977585457518982348e-02
2.099592272726392821e+03	1.726359144685562230e-01	1.074942598982334407e-01	3.010610458087366048e-01	1.893215292847328646e-01	8.875300946687322834e-02	4.089483131694520573e-02	9.983940975564326026e-02
2.104430042940048224e+03	1.724084021671420663e-01	1.073340199626439811e-01	3.012079707575817111e-01	1.894224351683710672e-01	8.879752703974738703e-02	4.092704111469274569e-02	9.990260378954185505e-02
2.109267813153704083e+03	1.721821997020304973e-01	1.071746652584657233e-01	3.013540627197969779e-01	1.895227668445951252e-01	8.884179322306197391e-02	4.095907350552947107e-02	9.996543874624103099e-02
2.114105583367359031e+03	1.719572995529777548e-01	1.070161908741660561e-01	3.014993264354280389e-01	1.896225276038080165e-01	8.888580943674366519e-02	4.099092941365594517e-02	1.000279166829413924e-01
2.118943353581013525e+03	1.717336942428456525e-01	1.068585919255900241e-01	3.016437666172439025e-01	1.897217207171165987e-01	8.892957709280842338e-02	4.102260975935109050e-02	1.000900396447652330e-01
2.123781123794669384e+03	1.715113763373547207e-01	1.067018635558065892e-01	3.017873879508992663e-01	1.898203494364535671e-01	8.897309759540147911e-02	4.105411545897284797e-02	1.001518096648324335e-01
2.128618894008324787e+03	1.712903384448384303e-01	1.065460009349558645e-01	3.019301950950959990e-01	1.899184169946982192e-01	8.901637234083717432e-02	4.108544742495923857e-02	1.002132287643359015e-01
2.133456664221980191e+03	1.710705732159990555e-01	1.063909992600971938e-01	3.020721926817434566e-01	1.900159266057963869e-01	8.905940271763868044e-02	4.111660656582970252e-02	1.002742989526163447e-01
2.138294434435635139e+03	1.708520733436646177e-01	1.062368537550580638e-01	3.022133853161177997e-01	1.901128814648793131e-01	8.910219010657773053e-02	4.114759378618680630e-02	1.003350222272365033e-01
2.143132204649290543e+03	1.706348315625476342e-01	1.060835596702838224e-01	3.023537775770201996e-01	1.902092847483817795e-01	8.914473588071418486e-02	4.117840998671828956e-02	1.003954005740549382e-01
2.147969974862945492e+03	1.704188406490049768e-01	1.059311122826885054e-01	3.024933740169338803e-01	1.903051396141593743e-01	8.918704140543555481e-02	4.120905606419939665e-02	1.004554359672992225e-01
2.152807745076601350e+03	1.702040934207991185e-01	1.057795068955060952e-01	3.026321791621805479e-01	1.904004492016046490e-01	8.922910803849637418e-02	4.123953291149556888e-02	1.005151303696385501e-01
2.157645515290255844e+03	1.699905827368609623e-01	1.056287388381430964e-01	3.027701975130754897e-01	1.904952166317625817e-01	8.927093713005752884e-02	4.126984141756540048e-02	1.005744857322558722e-01
2.162483285503912157e+03	1.697783014970537796e-01	1.054788034660315843e-01	3.029074335440815058e-01	1.905894450074451241e-01	8.931253002272547536e-02	4.129998246746392765e-02	1.006335039949195487e-01
2.167321055717567106e+03	1.695672426419386758e-01	1.053296961604832382e-01	3.030438917039623425e-01	1.906831374133448886e-01	8.935388805159127923e-02	4.132995694234616740e-02	1.006921870860543605e-01
2.172158825931222509e+03	1.693573991525413047e-01	1.051814123285442354e-01	3.031795764159346818e-01	1.907762969161478916e-01	8.939501254426968080e-02	4.135976571947099639e-02	1.007505369228121200e-01
2.176996596144877003e+03	1.691487640501199985e-01	1.050339474028509079e-01	3.033144920778194642e-01	1.908689265646456579e-01	8.943590482093792537e-02	4.138940967220525874e-02	1.008085554111417398e-01
2.181834366358532861e+03	1.689413303959351742e-01	1.048872968414862189e-01	3.034486430621918251e-01	1.909610293898462430e-01	8.947656619437453773e-02	4.141888967002819305e-02	1.008662444458587742e-01
2.186672136572187810e+03	1.687350912910199896e-01	1.047414561278371264e-01	3.035820337165305860e-01	1.910526084050846729e-01	8.951699796999804115e-02	4.144820657853605372e-02	1.009236059107144895e-01
2.191509906785843214e+03	1.685300398759526641e-01	1.045964207704526694e-01	3.037146683633662470e-01	1.911436666061324674e-01	8.955720144590544052e-02	4.147736125944710001e-02	1.009806416784643779e-01
2.196347676999498617e+03	1.683261693306296047e-01	1.044521863029028996e-01	3.038465513004286467e-01	1.912342069713062198e-01	8.959717791291062217e-02	4.150635457060672384e-02	1.010373536109362980e-01
2.201185447213154021e+03	1.681234728740401696e-01	1.043087482836386748e-01	3.039776868007929012e-01	1.913242324615756496e-01	8.963692865458272596e-02	4.153518736599290384e-02	1.010937435590980316e-01
2.206023217426809424e+03	1.679219437640426804e-01	1.041661022958520755e-01	3.041080791130251759e-01	1.914137460206706554e-01	8.967645494728425370e-02	4.156386049572186048e-02	1.011498133631243412e-01
2.210860987640464373e+03	1.677215752971416562e-01	1.040242439473378355e-01	3.042377324613270151e-01	1.915027505751876191e-01	8.971575806020920529e-02	4.159237480605396803e-02	1.012055648524636670e-01
2.215698757854119776e+03	1.675223608082663240e-01	1.038831688703554385e-01	3.043666510456790042e-01	1.915912490346950992e-01	8.975483925542093733e-02	4.162073113939988855e-02	1.012609998459042260e-01
2.220536528067775180e+03	1.673242936705504891e-01	1.037428727214919633e-01	3.044948390419832673e-01	1.916792442918384409e-01	8.979369978789000784e-02	4.164893033432692099e-02	1.013161201516397658e-01
2.225374298281430583e+03	1.671273672951135714e-01	1.036033511815257768e-01	3.046223006022053537e-01	1.917667392224440548e-01	8.983234090553181284e-02	4.167697322556559308e-02	1.013709275673347204e-01
2.230212068495085077e+03	1.669315751308429185e-01	1.034645999552909756e-01	3.047490398545150136e-01	1.918537366856225002e-01	8.987076384924413963e-02	4.170486064401641990e-02	1.014254238801889502e-01
2.235049838708740936e+03	1.667369106641774235e-01	1.033266147715426325e-01	3.048750609034260872e-01	1.919402395238711256e-01	8.990896985294456745e-02	4.173259341675693290e-02	1.014796108670021207e-01
2.239887608922396339e+03	1.665433674188924185e-01	1.031893913828227649e-01	3.050003678299357257e-01	1.920262505631758765e-01	8.994696014360775704e-02	4.176017236704884783e-02	1.015334902942374995e-01
2.244725379136052197e+03	1.663509389558855966e-01	1.030529255653270387e-01	3.051249646916624481e-01	1.921117726131124082e-01	8.998473594130258768e-02	4.178759831434547545e-02	1.015870639180853768e-01
2.249563149349706237e+03	1.661596188729643764e-01	1.029172131187723049e-01	3.052488555229834200e-01	1.921968084669464782e-01	9.002229845922914142e-02	4.181487207429932657e-02	1.016403334845260159e-01
2.254400919563362095e+03	1.659694008046343761e-01	1.027822498662648298e-01	3.053720443351708447e-01	1.922813609017334502e-01	9.005964890375554865e-02	4.184199445876984197e-02	1.016933007293921859e-01
2.259238689777017044e+03	1.657802784218892489e-01	1.026480316541693028e-01	3.054945351165277989e-01	1.923654326784173807e-01	9.009678847445473648e-02	4.186896627583138603e-02	1.017459673784312235e-01
2.264076459990672902e+03	1.655922454320014892e-01	1.025145543519785651e-01	3.056163318325226808e-01	1.924490265419292190e-01	9.013371836414101057e-02	4.189578832978137213e-02	1.017983351473667475e-01
