1.001418434226643626e+03	2.795293518481075656e-01	1.805809969217855859e-01	2.348377978412718448e-01	1.410831234767977727e-01	6.775935173785666010e-02	2.683973113923043829e-02	6.936964703466930171e-02
1.003837319333471214e+03	2.791060834880399466e-01	1.802988374686650408e-01	2.351311899633231617e-01	1.412620822068069992e-01	6.782519732506119003e-02	2.688527014399941240e-02	6.949133940382352936e-02
1.006256204440298802e+03	2.786840262670459700e-01	1.800174779792066138e-01	2.354236341462387361e-01	1.414405463458690559e-01	6.789084235595246875e-02	2.693070205233644501e-02	6.961277085307003565e-02
1.008675089547126618e+03	2.782631766872971646e-01	1.797369161226566869e-01	2.357151346753356413e-01	1.416185172510177614e-01	6.795628763927093197e-02	2.697602694574831317e-02	6.973394067839282229e-02
1.011093974653954206e+03	2.778435312616798769e-01	1.794571495758744140e-01	2.360056957984449089e-01	1.417959962759924308e-01	6.802153397861347706e-02	2.702124490812592497e-02	6.985484820098826486e-02
1.013512859760782021e+03	2.774250865137536937e-01	1.791781760232941112e-01	2.362953217264231465e-01	1.419729847712382642e-01	6.808658217248175770e-02	2.706635602570668306e-02	6.997549276682168973e-02
1.015931744867609382e+03	2.770078389777093641e-01	1.788999931568881485e-01	2.365840166336562189e-01	1.421494840839072349e-01	6.815143301432986800e-02	2.711136038703731641e-02	7.009587374619125066e-02
1.018350629974437197e+03	2.765917851983279996e-01	1.786225986761301732e-01	2.368717846585549347e-01	1.423254955578587555e-01	6.821608729261163795e-02	2.715625808293718052e-02	7.021599053329878604e-02
1.020769515081264785e+03	2.761769217309398283e-01	1.783459902879585002e-01	2.371586299040432944e-01	1.425010205336608160e-01	6.828054579082722120e-02	2.720104920646202948e-02	7.033584254582773976e-02
1.023188400188092373e+03	2.757632451413836727e-01	1.780701657067401134e-01	2.374445564380391060e-01	1.426760603485910106e-01	6.834480928756933582e-02	2.724573385286821817e-02	7.045542922452792400e-02
1.025607285294920075e+03	2.753507520059664260e-01	1.777951226542348606e-01	2.377295682939270793e-01	1.428506163366377590e-01	6.840887855656895000e-02	2.729031211957736250e-02	7.057475003280702652e-02
1.028026170401747549e+03	2.749394389114226955e-01	1.775208588595599546e-01	2.380136694710245360e-01	1.430246898285017221e-01	6.847275436674032933e-02	2.733478410614146453e-02	7.069380445632880705e-02
1.030445055508575479e+03	2.745293024548752236e-01	1.772473720591549451e-01	2.382968639350401541e-01	1.431982821515972448e-01	6.853643748222577881e-02	2.737914991420844352e-02	7.081259200261781628e-02
1.032863940615402726e+03	2.741203392437949193e-01	1.769746599967468026e-01	2.385791556185253570e-01	1.433713946300539666e-01	6.859992866243976029e-02	2.742340964748812490e-02	7.093111220067056799e-02
1.035282825722230655e+03	2.737125458959620561e-01	1.767027204233156679e-01	2.388605484213188745e-01	1.435440285847185971e-01	6.866322866211262144e-02	2.746756341171864915e-02	7.104936460057302561e-02
1.037701710829058356e+03	2.733059190394265259e-01	1.764315510970605183e-01	2.391410462109845037e-01	1.437161853331567207e-01	6.872633823133367237e-02	2.751161131463328649e-02	7.116734877312434759e-02
1.040120595935886058e+03	2.729004553124693699e-01	1.761611497833653894e-01	2.394206528232416809e-01	1.438878661896547673e-01	6.878925811559401249e-02	2.755555346592771307e-02	7.128506430946669747e-02
1.042539481042713533e+03	2.724961513635640320e-01	1.758915142547659016e-01	2.396993720623900037e-01	1.440590724652220933e-01	6.885198905582870510e-02	2.759938997722764797e-02	7.140251082072127109e-02
1.044958366149541234e+03	2.720930038513382221e-01	1.756226422909159812e-01	2.399772077017268135e-01	1.442298054675931196e-01	6.891453178845861893e-02	2.764312096205692737e-02	7.151968793763002763e-02
1.047377251256368709e+03	2.716910094445356139e-01	1.753545316785550257e-01	2.402541634839583662e-01	1.444000665012297457e-01	6.897688704543164517e-02	2.768674653580599151e-02	7.163659531020342974e-02
1.049796136363196410e+03	2.712901648219780415e-01	1.750871802114751519e-01	2.405302431216047865e-01	1.445698568673235984e-01	6.903905555426363694e-02	2.773026681570073607e-02	7.175323260737385966e-02
1.052215021470024112e+03	2.708904666725279742e-01	1.748205856904890554e-01	2.408054502973988320e-01	1.447391778637986681e-01	6.910103803807877976e-02	2.777368192077179707e-02	7.186959951665473911e-02
1.054633906576851814e+03	2.704919116950511015e-01	1.745547459233978138e-01	2.410797886646781352e-01	1.449080307853138350e-01	6.916283521564961512e-02	2.781699197182417940e-02	7.198569574380517255e-02
1.057052791683679516e+03	2.700944965983792523e-01	1.742896587249591622e-01	2.413532618477719216e-01	1.450764169232655887e-01	6.922444780143646725e-02	2.786019709140730855e-02	7.210152101250009993e-02
1.059471676790506763e+03	2.696982181012735347e-01	1.740253219168561571e-01	2.416258734423813725e-01	1.452443375657908597e-01	6.928587650562664790e-02	2.790329740378544657e-02	7.221707506400583398e-02
1.061890561897334692e+03	2.693030729323874772e-01	1.737617333276657572e-01	2.418976270159543251e-01	1.454117939977699614e-01	6.934712203417305043e-02	2.794629303490847941e-02	7.233235765686084340e-02
1.064309447004162394e+03	2.689090578302308354e-01	1.734988907928281254e-01	2.421685261080542273e-01	1.455787875008293653e-01	6.940818508883238314e-02	2.798918411238307535e-02	7.244736856656182333e-02
1.066728332110990095e+03	2.685161695431333984e-01	1.732367921546158485e-01	2.424385742307233471e-01	1.457453193533451152e-01	6.946906636720306949e-02	2.803197076544421823e-02	7.256210758525492854e-02
1.069147217217817570e+03	2.681244048292087401e-01	1.729754352621035163e-01	2.427077748688403203e-01	1.459113908304457141e-01	6.952976656276256551e-02	2.807465312492708406e-02	7.267657452143191921e-02
1.071566102324645271e+03	2.677337604563188589e-01	1.727148179711377463e-01	2.429761314804725347e-01	1.460770032040155930e-01	6.959028636490438569e-02	2.811723132323930632e-02	7.279076919963144154e-02
1.073984987431472746e+03	2.673442332020382617e-01	1.724549381443071794e-01	2.432436474972226870e-01	1.462421577426983588e-01	6.965062645897475424e-02	2.815970549433356035e-02	7.290469146014509627e-02
1.076403872538300675e+03	2.669558198536190474e-01	1.721957936509128928e-01	2.435103263245702587e-01	1.464068557119002356e-01	6.971078752630871511e-02	2.820207577368050514e-02	7.301834115872830877e-02
1.078822757645127922e+03	2.665685172079553245e-01	1.719373823669391177e-01	2.437761713422078591e-01	1.465710983737936179e-01	6.977077024426595053e-02	2.824434229824209289e-02	7.313171816631597322e-02
1.081241642751955851e+03	2.661823220715488492e-01	1.716797021750241237e-01	2.440411859043721265e-01	1.467348869873206507e-01	6.983057528626623878e-02	2.828650520644517691e-02	7.324482236874280128e-02
1.083660527858783553e+03	2.657972312604739984e-01	1.714227509644312142e-01	2.443053733401698291e-01	1.468982228081969210e-01	6.989020332182441231e-02	2.832856463815550813e-02	7.335765366646816721e-02
1.086079412965611255e+03	2.654132416003432970e-01	1.711665266310201383e-01	2.445687369538988298e-01	1.470611070889152050e-01	6.994965501658503837e-02	2.837052073465201260e-02	7.347021197430549100e-02
1.088498298072438729e+03	2.650303499262734452e-01	1.709110270772189188e-01	2.448312800253641397e-01	1.472235410787493537e-01	7.000893103235668324e-02	2.841237363860142293e-02	7.358249722115603464e-02
1.090917183179266431e+03	2.646485530828509569e-01	1.706562502119954583e-01	2.450930058101893072e-01	1.473855260237580678e-01	7.006803202714573242e-02	2.845412349403323923e-02	7.369450934974719480e-02
1.093336068286093905e+03	2.642678479240985756e-01	1.704021939508297001e-01	2.453539175401227568e-01	1.475470631667890331e-01	7.012695865519003036e-02	2.849577044631499551e-02	7.380624831637484784e-02
1.095754953392921607e+03	2.638882313134413016e-01	1.701488562156860118e-01	2.456140184233398249e-01	1.477081537474828898e-01	7.018571156699193736e-02	2.853731464212785895e-02	7.391771409065017728e-02
1.098173838499749309e+03	2.635097001236730851e-01	1.698962349349855128e-01	2.458733116447398281e-01	1.478687990022774235e-01	7.024429140935116445e-02	2.857875622944250696e-02	7.402890665525051206e-02
1.100592723606577010e+03	2.631322512369236311e-01	1.696443280435790679e-01	2.461318003662388565e-01	1.480290001644116726e-01	7.030269882539723347e-02	2.862009535749536135e-02	7.413982600567423087e-02
1.103011608713404712e+03	2.627558815446253693e-01	1.693931334827201707e-01	2.463894877270579320e-01	1.481887584639302313e-01	7.036093445462152096e-02	2.866133217676510372e-02	7.425047214999982992e-02
1.105430493820231959e+03	2.623805879474803149e-01	1.691426492000380477e-01	2.466463768440069204e-01	1.483480751276875786e-01	7.041899893290902435e-02	2.870246683894946832e-02	7.436084510864882091e-02
1.107849378927059888e+03	2.620063673554275940e-01	1.688928731495112356e-01	2.469024708117641131e-01	1.485069513793524365e-01	7.047689289256979517e-02	2.874349949694238876e-02	7.447094491415262585e-02
1.110268264033887590e+03	2.616332166876109699e-01	1.686438032914410745e-01	2.471577727031513960e-01	1.486653884394123215e-01	7.053461696236991429e-02	2.878443030481138767e-02	7.458077161092317720e-02
1.112687149140715292e+03	2.612611328723463688e-01	1.683954375924256175e-01	2.474122855694054213e-01	1.488233875251779026e-01	7.059217176756228673e-02	2.882525941777528203e-02	7.469032525502745934e-02
1.115106034247542766e+03	2.608901128470896835e-01	1.681477740253335962e-01	2.476660124404446162e-01	1.489809498507876639e-01	7.064955792991702010e-02	2.886598699218216948e-02	7.479960591396561664e-02
1.117524919354370468e+03	2.605201535584051875e-01	1.679008105692786912e-01	2.479189563251320283e-01	1.491380766272125402e-01	7.070677606775145618e-02	2.890661318548769579e-02	7.490861366645278074e-02
1.119943804461197942e+03	2.601512519619334496e-01	1.676545452095939692e-01	2.481711202115343406e-01	1.492947690622606349e-01	7.076382679595995262e-02	2.894713815623361705e-02	7.501734860220447831e-02
1.122362689568025871e+03	2.597834050223595814e-01	1.674089759378065145e-01	2.484225070671768898e-01	1.494510283605819112e-01	7.082071072604326223e-02	2.898756206402661184e-02	7.512581082172559155e-02
1.124781574674853118e+03	2.594166097133823734e-01	1.671641007516123378e-01	2.486731198392948816e-01	1.496068557236729657e-01	7.087742846613766246e-02	2.902788506951740205e-02	7.523400043610278809e-02
1.127200459781681047e+03	2.590508630176824867e-01	1.669199176548512298e-01	2.489229614550805547e-01	1.497622523498819136e-01	7.093398062104373791e-02	2.906810733438011315e-02	7.534191756680036489e-02
1.129619344888508749e+03	2.586861619268917556e-01	1.666764246574821140e-01	2.491720348219270686e-01	1.499172194344133568e-01	7.099036779225484373e-02	2.910822902129191550e-02	7.544956234545942275e-02
1.132038229995336451e+03	2.583225034415620458e-01	1.664336197755583724e-01	2.494203428276682566e-01	1.500717581693332414e-01	7.104659057798530519e-02	2.914825029391291886e-02	7.555693491370045478e-02
1.134457115102163925e+03	2.579598845711345567e-01	1.661915010312035035e-01	2.496678883408149918e-01	1.502258697435739088e-01	7.110264957319827051e-02	2.918817131686635494e-02	7.566403542292909901e-02
1.136876000208991627e+03	2.575983023339094014e-01	1.659500664525868086e-01	2.499146742107879182e-01	1.503795553429391474e-01	7.115854536963328592e-02	2.922799225571898196e-02	7.577086403414516613e-02
1.139294885315819101e+03	2.572377537570149642e-01	1.657093140738994663e-01	2.501607032681467668e-01	1.505328161501093553e-01	7.121427855583359334e-02	2.926771327696177025e-02	7.587742091775474818e-02
1.141713770422646803e+03	2.568782358763779805e-01	1.654692419353305521e-01	2.504059783248162030e-01	1.506856533446465363e-01	7.126984971717309492e-02	2.930733454799082718e-02	7.598370625338551898e-02
1.144132655529474505e+03	2.565197457366931721e-01	1.652298480830433347e-01	2.506505021743079542e-01	1.508380681029996007e-01	7.132525943588303996e-02	2.934685623708857202e-02	7.608972022970504623e-02
1.146551540636302207e+03	2.561622803913934932e-01	1.649911305691518504e-01	2.508942775919400514e-01	1.509900615985096950e-01	7.138050829107846218e-02	2.938627851340514657e-02	7.619546304424208716e-02
1.148970425743129908e+03	2.558058369026201539e-01	1.647530874516974497e-01	2.511373073350526841e-01	1.511416350014152532e-01	7.143559685878429766e-02	2.942560154694009306e-02	7.630093490321085414e-02
1.151389310849957155e+03	2.554504123411933669e-01	1.645157167946256493e-01	2.513795941432205305e-01	1.512927894788575200e-01	7.149052571196125305e-02	2.946482550852424359e-02	7.640613602133825011e-02
1.153808195956785084e+03	2.550960037865825369e-01	1.642790166677632890e-01	2.516211407384622012e-01	1.514435261948857692e-01	7.154529542053132685e-02	2.950395056980188030e-02	7.651106662169389339e-02
1.156227081063612786e+03	2.547426083268772845e-01	1.640429851467953837e-01	2.518619498254461297e-01	1.515938463104628819e-01	7.159990655140319182e-02	2.954297690321307929e-02	7.661572693552298752e-02
1.158645966170440488e+03	2.543902230587580249e-01	1.638076203132426689e-01	2.521020240916941879e-01	1.517437509834705933e-01	7.165435966849716121e-02	2.958190468197632872e-02	7.672011720208195273e-02
1.161064851277267962e+03	2.540388450874673243e-01	1.635729202544389527e-01	2.523413662077815256e-01	1.518932413687150706e-01	7.170865533277000214e-02	2.962073408007136546e-02	7.682423766847681912e-02
1.163483736384095664e+03	2.536884715267806456e-01	1.633388830635087996e-01	2.525799788275333579e-01	1.520423186179324648e-01	7.176279410223940225e-02	2.965946527222222337e-02	7.692808858950422879e-02
1.165902621490923138e+03	2.533390994989779821e-01	1.631055068393453267e-01	2.528178645882194764e-01	1.521909838797944337e-01	7.181677653200828348e-02	2.969809843388051054e-02	7.703167022749518589e-02
1.168321506597751068e+03	2.529907261348151026e-01	1.628727896865882208e-01	2.530550261107453180e-01	1.523392382999136652e-01	7.187060317428867195e-02	2.973663374120891559e-02	7.713498285216130457e-02
1.170740391704578315e+03	2.526433485734954076e-01	1.626407297156016729e-01	2.532914659998403706e-01	1.524870830208496231e-01	7.192427457842556771e-02	2.977507137106491508e-02	7.723802674044362437e-02
1.173159276811406244e+03	2.522969639626415073e-01	1.624093250424528123e-01	2.535271868442438015e-01	1.526345191821140701e-01	7.197779129092032879e-02	2.981341150098471698e-02	7.734080217636403465e-02
1.175578161918233945e+03	2.519515694582670218e-01	1.621785737888900014e-01	2.537621912168870342e-01	1.527815479201768967e-01	7.203115385545395821e-02	2.985165430916739138e-02	7.744330945087909979e-02
1.177997047025061647e+03	2.516071622247487150e-01	1.619484740823213254e-01	2.539964816750741594e-01	1.529281703684717553e-01	7.208436281291005776e-02	2.988979997445922673e-02	7.754554886173624373e-02
1.180415932131889122e+03	2.512637394347988495e-01	1.617190240557934977e-01	2.542300607606590712e-01	1.530743876574017781e-01	7.213741870139758761e-02	2.992784867633829088e-02	7.764752071333247407e-02
1.182834817238716823e+03	2.509212982694371541e-01	1.614902218479705165e-01	2.544629310002204936e-01	1.532202009143454613e-01	7.219032205627343157e-02	2.996580059489919318e-02	7.774922531657540992e-02
1.185253702345544298e+03	2.505798359179635670e-01	1.612620656031127364e-01	2.546950949052338431e-01	1.533656112636624103e-01	7.224307341016455997e-02	3.000365591083804795e-02	7.785066298874655788e-02
1.187672587452371999e+03	2.502393495779304811e-01	1.610345534710559134e-01	2.549265549722413704e-01	1.535106198266991406e-01	7.229567329299017853e-02	3.004141480543764606e-02	7.795183405336697513e-02
1.190091472559199701e+03	2.498998364551159035e-01	1.608076836071906379e-01	2.551573136830188049e-01	1.536552277217950735e-01	7.234812223198341941e-02	3.007907746055280690e-02	7.805273884006508345e-02
1.192510357666027403e+03	2.495612937634960338e-01	1.605814541724414901e-01	2.553873735047402227e-01	1.537994360642882807e-01	7.240042075171301827e-02	3.011664405859593857e-02	7.815337768444678701e-02
1.194929242772855105e+03	2.492237187252182573e-01	1.603558633332467509e-01	2.556167368901402503e-01	1.539432459665215358e-01	7.245256937410460285e-02	3.015411478252278538e-02	7.825375092796767185e-02
1.197348127879682352e+03	2.488871085705742781e-01	1.601309092615380847e-01	2.558454062776738258e-01	1.540866585378480869e-01	7.250456861846185652e-02	3.019148981581837310e-02	7.835385891780739798e-02
1.199767012986510281e+03	2.485514605379734732e-01	1.599065901347201946e-01	2.560733840916737947e-01	1.542296748846377907e-01	7.255641900148737666e-02	3.022876934248313469e-02	7.845370200674615935e-02
1.202185898093337983e+03	2.482167718739161921e-01	1.596829041356508938e-01	2.563006727425059528e-01	1.543722961102830527e-01	7.260812103730340805e-02	3.026595354701920940e-02	7.855328055304322543e-02
1.204604783200165684e+03	2.478830398329671669e-01	1.594598494526211219e-01	2.565272746267220350e-01	1.545145233152047937e-01	7.265967523747231260e-02	3.030304261441695013e-02	7.865259492031755062e-02
1.207023668306993159e+03	2.475502616777293108e-01	1.592374242793351546e-01	2.567531921272102058e-01	1.546563575968585291e-01	7.271108211101676155e-02	3.034003673014159380e-02	7.875164547743034038e-02
1.209442553413820860e+03	2.472184346788174059e-01	1.590156268148908425e-01	2.569784276133436629e-01	1.547978000497403916e-01	7.276234216443987213e-02	3.037693608012011909e-02	7.885043259836961582e-02
1.211861438520648335e+03	2.468875561148320130e-01	1.587944552637601536e-01	2.572029834411265758e-01	1.549388517653933206e-01	7.281345590174499727e-02	3.041374085072827069e-02	7.894895666213666563e-02
1.214280323627476264e+03	2.465576232723333538e-01	1.585739078357696341e-01	2.574268619533384705e-01	1.550795138324130018e-01	7.286442382445532107e-02	3.045045122877777441e-02	7.904721805263448253e-02
1.216699208734303511e+03	2.462286334458155534e-01	1.583539827460812566e-01	2.576500654796761158e-01	1.552197873364540848e-01	7.291524643163337094e-02	3.048706740150370492e-02	7.914521715855803163e-02
1.219118093841131440e+03	2.459005839376809943e-01	1.581346782151730468e-01	2.578725963368933005e-01	1.553596733602362334e-01	7.296592421990016897e-02	3.052358955655204084e-02	7.924295437328636449e-02
1.221536978947959142e+03	2.455734720582143649e-01	1.579159924688201544e-01	2.580944568289390006e-01	1.554991729835504266e-01	7.301645768345428611e-02	3.056001788196737595e-02	7.934043009477657893e-02
1.223955864054786844e+03	2.452472951255575129e-01	1.576979237380758125e-01	2.583156492470929932e-01	1.556382872832649811e-01	7.306684731409068823e-02	3.059635256618080043e-02	7.943764472545947197e-02
1.226374749161614318e+03	2.449220504656837438e-01	1.574804702592524641e-01	2.585361758700998602e-01	1.557770173333318242e-01	7.311709360121933232e-02	3.063259379799794860e-02	7.953459867213713563e-02
1.228793634268442020e+03	2.445977354123728131e-01	1.572636302739031655e-01	2.587560389643007719e-01	1.559153642047927113e-01	7.316719703188366564e-02	3.066874176658721321e-02	7.963129234588203764e-02
1.231212519375269494e+03	2.442743473071855298e-01	1.570474020288029071e-01	2.589752407837637160e-01	1.560533289657853595e-01	7.321715809077879167e-02	3.070479666146810546e-02	7.972772616193803119e-02
1.233631404482097196e+03	2.439518834994388319e-01	1.568317837759300726e-01	2.591937835704114512e-01	1.561909126815497761e-01	7.326697726026960844e-02	3.074075867249977459e-02	7.982390053962289123e-02
1.236050289588924898e+03	2.436303413461808620e-01	1.566167737724481202e-01	2.594116695541480166e-01	1.563281164144344759e-01	7.331665502040866922e-02	3.077662798986971135e-02	7.991981590223258547e-02
1.238469174695752372e+03	2.433097182121661539e-01	1.564023702806872640e-01	2.596289009529829106e-01	1.564649412239026705e-01	7.336619184895383505e-02	3.081240480408255905e-02	8.001547267694709975e-02
1.240888059802580301e+03	2.429900114698308466e-01	1.561885715681264053e-01	2.598454799731537146e-01	1.566013881665387075e-01	7.341558822138584406e-02	3.084808930594912235e-02	8.011087129473785928e-02
1.243306944909407548e+03	2.426712184992682042e-01	1.559753759073748414e-01	2.600614088092472742e-01	1.567374582960542606e-01	7.346484461092561702e-02	3.088368168657550095e-02	8.020601219027681528e-02
1.245725830016235477e+03	2.423533366882039686e-01	1.557627815761545853e-01	2.602766896443187150e-01	1.568731526632945739e-01	7.351396148855138257e-02	3.091918213735236551e-02	8.030089580184696096e-02
1.248144715123063179e+03	2.420363634319721569e-01	1.555507868572823249e-01	2.604913246500086266e-01	1.570084723162449014e-01	7.356293932301570526e-02	3.095459084994441404e-02	8.039552257125442969e-02
1.250563600229890881e+03	2.417202961334907196e-01	1.553393900386517701e-01	2.607053159866591363e-01	1.571434183000368079e-01	7.361177858086226378e-02	3.098990801627994271e-02	8.048989294374199466e-02
1.252982485336718355e+03	2.414051322032373936e-01	1.551285894132159726e-01	2.609186658034275963e-01	1.572779916569544134e-01	7.366047972644250430e-02	3.102513382854055896e-02	8.058400736790420626e-02
1.255401370443546057e+03	2.410908690592256098e-01	1.549183832789698401e-01	2.611313762383993820e-01	1.574121934264408884e-01	7.370904322193205793e-02	3.106026847915106109e-02	8.067786629560383393e-02
1.257820255550373531e+03	2.407775041269805960e-01	1.547087699389326498e-01	2.613434494186985257e-01	1.575460246451046709e-01	7.375746952734707484e-02	3.109531216076943938e-02	8.077147018188976513e-02
1.260239140657201460e+03	2.404650348395155346e-01	1.544997477011306464e-01	2.615548874605970187e-01	1.576794863467258778e-01	7.380575910056036415e-02	3.113026506627700890e-02	8.086481948491633376e-02
1.262658025764028707e+03	2.401534586373077762e-01	1.542913148785798882e-01	2.617656924696223353e-01	1.578125795622627725e-01	7.385391239731732560e-02	3.116512738876871247e-02	8.095791466586398089e-02
1.265076910870856636e+03	2.398427729682752751e-01	1.540834697892691507e-01	2.619758665406638487e-01	1.579453053198580093e-01	7.390192987125178414e-02	3.119989932154351026e-02	8.105075618886131705e-02
1.267495795977684338e+03	2.395329752877530527e-01	1.538762107561427173e-01	2.621854117580770804e-01	1.580776646448451006e-01	7.394981197390160244e-02	3.123458105809494290e-02	8.114334452090844751e-02
1.269914681084511813e+03	2.392240630584696048e-01	1.536695361070835320e-01	2.623943301957871732e-01	1.582096585597548566e-01	7.399755915472418233e-02	3.126917279210180561e-02	8.123568013180174074e-02
1.272333566191339514e+03	2.389160337505238929e-01	1.534634441748963796e-01	2.626026239173905874e-01	1.583412880843216575e-01	7.404517186111182758e-02	3.130367471741894725e-02	8.132776349405969329e-02
1.274752451298167216e+03	2.386088848413618346e-01	1.532579332972910380e-01	2.628102949762547991e-01	1.584725542354900318e-01	7.409265053840682902e-02	3.133808702806822888e-02	8.141959508285025182e-02
1.277171336404994690e+03	2.383026138157532392e-01	1.530530018168655970e-01	2.630173454156178314e-01	1.586034580274209571e-01	7.413999562991657744e-02	3.137240991822956571e-02	8.151117537591927309e-02
1.279590221511822392e+03	2.379972181657689090e-01	1.528486480810899717e-01	2.632237772686851773e-01	1.587340004714983543e-01	7.418720757692837120e-02	3.140664358223212854e-02	8.160250485352020522e-02
1.282009106618650094e+03	2.376926953907575191e-01	1.526448704422892488e-01	2.634295925587260001e-01	1.588641825763354443e-01	7.423428681872418222e-02	3.144078821454566325e-02	8.169358399834505957e-02
1.284427991725477568e+03	2.373890429973228855e-01	1.524416672576275056e-01	2.636347932991677800e-01	1.589940053477813253e-01	7.428123379259517212e-02	3.147484400977191427e-02	8.178441329545649285e-02
1.286846876832305497e+03	2.370862584993013167e-01	1.522390368890912948e-01	2.638393814936897952e-01	1.591234697889272187e-01	7.432804893385618061e-02	3.150881116263617304e-02	8.187499323222111047e-02
1.289265761939132744e+03	2.367843394177386596e-01	1.520369777034734915e-01	2.640433591363150478e-01	1.592525769001130465e-01	7.437473267585996417e-02	3.154268986797897911e-02	8.196532429824389399e-02
1.291684647045960673e+03	2.364832832808681784e-01	1.518354880723571665e-01	2.642467282115009142e-01	1.593813276789338984e-01	7.442128545001133744e-02	3.157648032074788363e-02	8.205540698530371102e-02
1.294103532152788375e+03	2.361830876240877120e-01	1.516345663720995995e-01	2.644494906942287948e-01	1.595097231202463883e-01	7.446770768578116206e-02	3.161018271598937251e-02	8.214524178729008808e-02
1.296522417259616077e+03	2.358837499899376078e-01	1.514342109838161254e-01	2.646516485500922111e-01	1.596377642161751764e-01	7.451399981072022449e-02	3.164379724884090056e-02	8.223482920014089925e-02
1.298941302366443551e+03	2.355852679280781847e-01	1.512344202933643689e-01	2.648532037353840130e-01	1.597654519561194086e-01	7.456016225047296109e-02	3.167732411452300195e-02	8.232416972178124848e-02
1.301360187473271253e+03	2.352876389952677783e-01	1.510351926913284515e-01	2.650541581971818106e-01	1.598927873267591560e-01	7.460619542879101673e-02	3.171076350833155338e-02	8.241326385206339256e-02
1.303779072580098727e+03	2.349908607553405637e-01	1.508365265730032545e-01	2.652545138734329067e-01	1.600197713120619925e-01	7.465209976754669241e-02	3.174411562563014821e-02	8.250211209270764956e-02
1.306197957686926657e+03	2.346949307791845740e-01	1.506384203383787646e-01	2.654542726930374519e-01	1.601464048932892681e-01	7.469787568674626788e-02	3.177738066184252613e-02	8.259071494724438967e-02
1.308616842793753904e+03	2.343998466447197726e-01	1.504408723921245028e-01	2.656534365759308791e-01	1.602726890490027145e-01	7.474352360454317168e-02	3.181055881244520406e-02	8.267907292095705296e-02
1.311035727900581833e+03	2.341056059368762376e-01	1.502438811435740651e-01	2.658520074331648386e-01	1.603986247550709121e-01	7.478904393725106792e-02	3.184365027296011397e-02	8.276718652082608318e-02
1.313454613007409534e+03	2.338122062475724849e-01	1.500474450067097454e-01	2.660499871669874672e-01	1.605242129846756460e-01	7.483443709935670707e-02	3.187665523894742114e-02	8.285505625547391617e-02
1.315873498114237009e+03	2.335196451756937908e-01	1.498515624001471314e-01	2.662473776709219364e-01	1.606494547083185398e-01	7.487970350353279070e-02	3.190957390599838406e-02	8.294268263511087036e-02
1.318292383221064711e+03	2.332279203270706258e-01	1.496562317471199499e-01	2.664441808298445014e-01	1.607743508938273558e-01	7.492484356065058637e-02	3.194240646972838771e-02	8.303006617148203650e-02
1.320711268327892412e+03	2.329370293144572279e-01	1.494614514754649126e-01	2.666403985200611615e-01	1.608989025063626288e-01	7.496985767979250093e-02	3.197515312577001861e-02	8.311720737781504165e-02
1.323130153434719887e+03	2.326469697575102025e-01	1.492672200176065056e-01	2.668360326093833224e-01	1.610231105084239944e-01	7.501474626826450109e-02	3.200781406976626470e-02	8.320410676876877076e-02
1.325549038541547588e+03	2.323577392827671506e-01	1.490735358105420294e-01	2.670310849572024581e-01	1.611469758598567392e-01	7.505950973160838147e-02	3.204038949736382619e-02	8.329076486038296256e-02
1.327967923648375290e+03	2.320693355236256583e-01	1.488803972958267774e-01	2.672255574145637191e-01	1.612704995178582124e-01	7.510414847361397694e-02	3.207287960420646816e-02	8.337718217002869359e-02
1.330386808755202765e+03	2.317817561203220633e-01	1.486878029195589646e-01	2.674194518242386520e-01	1.613936824369843759e-01	7.514866289633119478e-02	3.210528458592857431e-02	8.346335921635976429e-02
1.332805693862030694e+03	2.314949987199103332e-01	1.484957511323650170e-01	2.676127700207965310e-01	1.615165255691562163e-01	7.519305340008199112e-02	3.213760463814867990e-02	8.354929651926489009e-02
1.335224578968857941e+03	2.312090609762411653e-01	1.483042403893849170e-01	2.678055138306753569e-01	1.616390298636661560e-01	7.523732038347212547e-02	3.216983995646317124e-02	8.363499459982076667e-02
1.337643464075685870e+03	2.309239405499411424e-01	1.481132691502574927e-01	2.679976850722514681e-01	1.617611962671845760e-01	7.528146424340291520e-02	3.220199073644006843e-02	8.372045398024595408e-02
1.340062349182513572e+03	2.306396351083919438e-01	1.479228358791057907e-01	2.681892855559083189e-01	1.618830257237662829e-01	7.532548537508283737e-02	3.223405717361286366e-02	8.380567518385562131e-02
1.342481234289341273e+03	2.303561423257096674e-01	1.477329390445226431e-01	2.683803170841039809e-01	1.620045191748569202e-01	7.536938417203900564e-02	3.226603946347451207e-02	8.389065873501701243e-02
1.344900119396168748e+03	2.300734598827240684e-01	1.475435771195561796e-01	2.685707814514384228e-01	1.621256775592994914e-01	7.541316102612849459e-02	3.229793780147144355e-02	8.397540515910573156e-02
1.347319004502996449e+03	2.297915854669580760e-01	1.473547485816954772e-01	2.687606804447193465e-01	1.622465018133407155e-01	7.545681632754967783e-02	3.232975238299772014e-02	8.405991498246287441e-02
1.349737889609823924e+03	2.295105167726073647e-01	1.471664519128562665e-01	2.689500158430274124e-01	1.623669928706375498e-01	7.550035046485328860e-02	3.236148340338923513e-02	8.414418873235278429e-02
1.352156774716651853e+03	2.292302515005199270e-01	1.469786855993666375e-01	2.691387894177805218e-01	1.624871516622636292e-01	7.554376382495352205e-02	3.239313105791805092e-02	8.422822693692171014e-02
1.354575659823479100e+03	2.289507873581757558e-01	1.467914481319528841e-01	2.693270029327969328e-01	1.626069791167156220e-01	7.558705679313898473e-02	3.242469554178677160e-02	8.431203012515707529e-02
1.356994544930307029e+03	2.286721220596666104e-01	1.466047380057255434e-01	2.695146581443580991e-01	1.627264761599197807e-01	7.563022975308344997e-02	3.245617705012301957e-02	8.439559882684759262e-02
1.359413430037134731e+03	2.283942533256758667e-01	1.464185537201651843e-01	2.697017568012702315e-01	1.628456437152382696e-01	7.567328308685668248e-02	3.248757577797399543e-02	8.447893357254397662e-02
1.361832315143962205e+03	2.281171788834584768e-01	1.462328937791084194e-01	2.698883006449251387e-01	1.629644827034756605e-01	7.571621717493497161e-02	3.251889192030112119e-02	8.456203489352040470e-02
1.364251200250789907e+03	2.278408964668208470e-01	1.460477566907341929e-01	2.700742914093605118e-01	1.630829940428853986e-01	7.575903239621172014e-02	3.255012567197478057e-02	8.464490332173675580e-02
1.366670085357617609e+03	2.275654038161010195e-01	1.458631409675497370e-01	2.702597308213191551e-01	1.632011786491760208e-01	7.580172912800781093e-02	3.258127722776910096e-02	8.472753938980139010e-02
1.369088970464445310e+03	2.272906986781487726e-01	1.456790451263769437e-01	2.704446206003072173e-01	1.633190374355178165e-01	7.584430774608200143e-02	3.261234678235683943e-02	8.480994363093469213e-02
1.371507855571272785e+03	2.270167788063058856e-01	1.454954676883385145e-01	2.706289624586522558e-01	1.634365713125490727e-01	7.588676862464102668e-02	3.264333453030435900e-02	8.489211657893321050e-02
1.373926740678100487e+03	2.267436419603864051e-01	1.453124071788443883e-01	2.708127581015600804e-01	1.635537811883825410e-01	7.592911213634986889e-02	3.267424066606663263e-02	8.497405876813447778e-02
1.376345625784927961e+03	2.264712859066570216e-01	1.451298621275781131e-01	2.709960092271708754e-01	1.636706679686117938e-01	7.597133865234169392e-02	3.270506538398239987e-02	8.505577073338251026e-02
1.378764510891755890e+03	2.261997084178174466e-01	1.449478310684833571e-01	2.711787175266149874e-01	1.637872325563175802e-01	7.601344854222781555e-02	3.273580887826931657e-02	8.513725300999389067e-02
1.381183395998583137e+03	2.259289072729810666e-01	1.447663125397503914e-01	2.713608846840673272e-01	1.639034758520744040e-01	7.605544217410750707e-02	3.276647134301926417e-02	8.521850613372439209e-02
1.383602281105411066e+03	2.256588802576554864e-01	1.445853050838027121e-01	2.715425123768017701e-01	1.640193987539566856e-01	7.609731991457778510e-02	3.279705297219363130e-02	8.529953064073636515e-02
1.386021166212238768e+03	2.253896251637230730e-01	1.444048072472836897e-01	2.717236022752440583e-01	1.641350021575451734e-01	7.613908212874305470e-02	3.282755395961875489e-02	8.538032706756659707e-02
1.388440051319066470e+03	2.251211397894218591e-01	1.442248175810432187e-01	2.719041560430250359e-01	1.642502869559334111e-01	7.618072918022465723e-02	3.285797449898141681e-02	8.546089595109480908e-02
1.390858936425893944e+03	2.248534219393262812e-01	1.440453346401246448e-01	2.720841753370321081e-01	1.643652540397339823e-01	7.622226143117034891e-02	3.288831478382435447e-02	8.554123782851275060e-02
1.393277821532721646e+03	2.245864694243280002e-01	1.438663569837513312e-01	2.722636618074608106e-01	1.644799042970849778e-01	7.626367924226370998e-02	3.291857500754191007e-02	8.562135323729377911e-02
1.395696706639549120e+03	2.243202800616169446e-01	1.436878831753137520e-01	2.724426170978654360e-01	1.645942386136562130e-01	7.630498297273338726e-02	3.294875536337571464e-02	8.570124271516312009e-02
1.398115591746377049e+03	2.240548516746622143e-01	1.435099117823563364e-01	2.726210428452089385e-01	1.647082578726556390e-01	7.634617298036240618e-02	3.297885604441044144e-02	8.578090680006855706e-02
1.400534476853204296e+03	2.237901820931933738e-01	1.433324413765645622e-01	2.727989406799123939e-01	1.648219629548356713e-01	7.638724962149713582e-02	3.300887724356964953e-02	8.586034603015174627e-02
1.402953361960032225e+03	2.235262691531813561e-01	1.431554705337519107e-01	2.729763122259037389e-01	1.649353547384995178e-01	7.642821325105648989e-02	3.303881915361163435e-02	8.593956094371996146e-02
1.405372247066859927e+03	2.232631106968198109e-01	1.429789978338469603e-01	2.731531591006656767e-01	1.650484340995074239e-01	7.646906422254078073e-02	3.306868196712543090e-02	8.601855207921854651e-02
1.407791132173687402e+03	2.230007045725064529e-01	1.428030218608806190e-01	2.733294829152834171e-01	1.651612019112830843e-01	7.650980288804061502e-02	3.309846587652680305e-02	8.609731997520368718e-02
1.410210017280515103e+03	2.227390486348242993e-01	1.426275412029733847e-01	2.735052852744913054e-01	1.652736590448198595e-01	7.655042959824569226e-02	3.312817107405435779e-02	8.617586517031573801e-02
1.412628902387342805e+03	2.224781407445231840e-01	1.424525544523224663e-01	2.736805677767195077e-01	1.653858063686871049e-01	7.659094470245352004e-02	3.315779775176566635e-02	8.625418820325318758e-02
1.415047787494170507e+03	2.222179787685012731e-01	1.422780602051892385e-01	2.738553320141393632e-01	1.654976447490364155e-01	7.663134854857799050e-02	3.318734610153348946e-02	8.633228961274687363e-02
1.417466672600997981e+03	2.219585605797865513e-01	1.421040570618865850e-01	2.740295795727086259e-01	1.656091750496079817e-01	7.667164148315798455e-02	3.321681631504203730e-02	8.641016993753491970e-02
1.419885557707825683e+03	2.216998840575184482e-01	1.419305436267662979e-01	2.742033120322160955e-01	1.657203981317368069e-01	7.671182385136580961e-02	3.324620858378334737e-02	8.648782971633796335e-02
1.422304442814653157e+03	2.214419470869295747e-01	1.417575185082066147e-01	2.743765309663255270e-01	1.658313148543589521e-01	7.675189599701560950e-02	3.327552309905359995e-02	8.656526948783492548e-02
1.424723327921481086e+03	2.211847475593275159e-01	1.415849803185997569e-01	2.745492379426192620e-01	1.659419260740177815e-01	7.679185826257163561e-02	3.330476005194964173e-02	8.664248979063925160e-02
1.427142213028308333e+03	2.209282833720765948e-01	1.414129276743394392e-01	2.747214345226410281e-01	1.660522326448702068e-01	7.683171098915653197e-02	3.333391963336545388e-02	8.671949116327556939e-02
1.429561098135136262e+03	2.206725524285797768e-01	1.412413591958086301e-01	2.748931222619384052e-01	1.661622354186929607e-01	7.687145451655950923e-02	3.336300203398875203e-02	8.679627414415681808e-02
1.431979983241963964e+03	2.204175526382606276e-01	1.410702735073672276e-01	2.750643027101045690e-01	1.662719352448887855e-01	7.691108918324432442e-02	3.339200744429759310e-02	8.687283927156176644e-02
1.434398868348791666e+03	2.201632819165453836e-01	1.408996692373395976e-01	2.752349774108198144e-01	1.663813329704926236e-01	7.695061532635744106e-02	3.342093605455704469e-02	8.694918708361303039e-02
1.436817753455619140e+03	2.199097381848449384e-01	1.407295450180026664e-01	2.754051479018922999e-01	1.664904294401778340e-01	7.699003328173585625e-02	3.344978805481595152e-02	8.702531811825546526e-02
1.439236638562446842e+03	2.196569193705369960e-01	1.405598994855735973e-01	2.755748157152983491e-01	1.665992254962624652e-01	7.702934338391502489e-02	3.347856363490370191e-02	8.710123291323493278e-02
1.441655523669274316e+03	2.194048234069483627e-01	1.403907312801976615e-01	2.757439823772224741e-01	1.667077219787153064e-01	7.706854596613663122e-02	3.350726298442709833e-02	8.717693200607759541e-02
1.444074408776102018e+03	2.191534482333371836e-01	1.402220390459362753e-01	2.759126494080963998e-01	1.668159197251621317e-01	7.710764136035634653e-02	3.353588629276724881e-02	8.725241593406946050e-02
1.446493293882929493e+03	2.189027917948752622e-01	1.400538214307549822e-01	2.760808183226384771e-01	1.669238195708919181e-01	7.714662989725144804e-02	3.356443374907649296e-02	8.732768523423647955e-02
1.448912178989757422e+03	2.186528520426304079e-01	1.398860770865113790e-01	2.762484906298915965e-01	1.670314223488628957e-01	7.718551190622842395e-02	3.359290554227546688e-02	8.740274044332489722e-02
1.451331064096585123e+03	2.184036269335490610e-01	1.397188046689432916e-01	2.764156678332613803e-01	1.671387288897087375e-01	7.722428771543049519e-02	3.362130186105007773e-02	8.747758209778203065e-02
1.453749949203412370e+03	2.181551144304385015e-01	1.395520028376569521e-01	2.765823514305537079e-01	1.672457400217447765e-01	7.726295765174504004e-02	3.364962289384869354e-02	8.755221073373747886e-02
1.456168834310240300e+03	2.179073125019497792e-01	1.393856702561150629e-01	2.767485429140115194e-01	1.673524565709739731e-01	7.730152204081104650e-02	3.367786882887926353e-02	8.762662688698460989e-02
1.458587719417068001e+03	2.176602191225600613e-01	1.392198055916250843e-01	2.769142437703516757e-01	1.674588793610931325e-01	7.733998120702634260e-02	3.370603985410650094e-02	8.770083109296247792e-02
1.461006604523895703e+03	2.174138322725555628e-01	1.390544075153275494e-01	2.770794554808010401e-01	1.675650092134989833e-01	7.737833547355493780e-02	3.373413615724917686e-02	8.777482388673805980e-02
1.463425489630723177e+03	2.171681499380141711e-01	1.388894747021843235e-01	2.772441795211321169e-01	1.676708469472943108e-01	7.741658516233412834e-02	3.376215792577740710e-02	8.784860580298885224e-02
1.465844374737550879e+03	2.169231701107882937e-01	1.387250058309669465e-01	2.774084173616985782e-01	1.677763933792940365e-01	7.745473059408167216e-02	3.379010534691000156e-02	8.792217737598582994e-02
1.468263259844378354e+03	2.166788907884877047e-01	1.385609995842451703e-01	2.775721704674699031e-01	1.678816493240311847e-01	7.749277208830285257e-02	3.381797860761189684e-02	8.799553913957673668e-02
1.470682144951206283e+03	2.164353099744624753e-01	1.383974546483752455e-01	2.777354402980660164e-01	1.679866155937630723e-01	7.753070996329744502e-02	3.384577789459154024e-02	8.806869162716968180e-02
1.473101030058033530e+03	2.161924256777860709e-01	1.382343697134886251e-01	2.778982283077912618e-01	1.680912929984773319e-01	7.756854453616671141e-02	3.387350339429842649e-02	8.814163537171709750e-02
1.475519915164861459e+03	2.159502359132383920e-01	1.380717434734802795e-01	2.780605359456681525e-01	1.681956823458979067e-01	7.760627612282020027e-02	3.390115529292063445e-02	8.821437090570001527e-02
1.477938800271689161e+03	2.157087387012886492e-01	1.379095746259975108e-01	2.782223646554706775e-01	1.682997844414911293e-01	7.764390503798263010e-02	3.392873377638237764e-02	8.828689876111261992e-02
1.480357685378516862e+03	2.154679320680789045e-01	1.377478618724283788e-01	2.783837158757571650e-01	1.684036000884716888e-01	7.768143159520059238e-02	3.395623903034165891e-02	8.835921946944721994e-02
1.482776570485344337e+03	2.152278140454070010e-01	1.375866039178905709e-01	2.785445910399027558e-01	1.685071300878087652e-01	7.771885610684928225e-02	3.398367124018794594e-02	8.843133356167935666e-02
