1.001418434226643626e+03	2.794589587217519711e-01	1.806425813770243805e-01	2.348619940878161616e-01	1.411078092758223657e-01	6.772056777805779415e-02	2.685358667982313749e-02	6.935450207942249479e-02
1.002869765290740247e+03	2.792042698179776350e-01	1.804736780054787826e-01	2.350387087926806007e-01	1.412148134229829766e-01	6.775985121083798191e-02	2.688120067463133436e-02	6.942747807512898717e-02
1.004321096354836754e+03	2.789500193917953674e-01	1.803050615180057104e-01	2.352150846479026391e-01	1.413216288197260140e-01	6.779906557994236360e-02	2.690877764890807836e-02	6.950036239343809763e-02
1.005772427418933376e+03	2.786962066797631365e-01	1.801367314147904741e-01	2.353911225695439757e-01	1.414282558049683725e-01	6.783821104787988998e-02	2.693631761119510623e-02	6.957315487157733624e-02
1.007223758483029997e+03	2.784428309198495044e-01	1.799686871969946589e-01	2.355668234688694240e-01	1.415346947169712766e-01	6.787728777656482082e-02	2.696382057037340421e-02	6.964585535009520934e-02
1.008675089547126618e+03	2.781898913514304073e-01	1.798009283667532376e-01	2.357421882523861589e-01	1.416409458933418353e-01	6.791629592731991683e-02	2.699128653566028671e-02	6.971846367282649726e-02
1.010126420611223239e+03	2.779373872152854918e-01	1.796334544271717126e-01	2.359172178218823523e-01	1.417470096710347349e-01	6.795523566087957601e-02	2.701871551660650281e-02	6.979097968685794851e-02
1.011577751675319632e+03	2.776853177535953954e-01	1.794662648823232287e-01	2.360919130744655314e-01	1.418528863863538214e-01	6.799410713739290069e-02	2.704610752309337049e-02	6.986340324249412648e-02
1.013029082739416367e+03	2.774336822099379152e-01	1.792993592372458256e-01	2.362662749026005204e-01	1.419585763749535989e-01	6.803291051642680609e-02	2.707346256532991088e-02	6.993573419322381135e-02
1.014480413803512761e+03	2.771824798292851222e-01	1.791327369979395789e-01	2.364403041941471606e-01	1.420640799718408953e-01	6.807164595696907350e-02	2.710078065385002413e-02	7.000797239568652686e-02
1.015931744867609382e+03	2.769317098580001413e-01	1.789663976713637694e-01	2.366140018323975303e-01	1.421693975113764441e-01	6.811031361743133394e-02	2.712806179950967567e-02	7.008011770963955278e-02
1.017383075931706003e+03	2.766813715438335985e-01	1.788003407654341348e-01	2.367873686961129986e-01	1.422745293272764111e-01	6.814891365565216297e-02	2.715530601348408596e-02	7.015216999792514563e-02
1.018834406995802851e+03	2.764314641359206792e-01	1.786345657890200389e-01	2.369604056595606967e-01	1.423794757526139210e-01	6.818744622890009210e-02	2.718251330726497578e-02	7.022412912643810623e-02
1.020285738059899245e+03	2.761819868847779635e-01	1.784690722519418904e-01	2.371331135925499323e-01	1.424842371198207502e-01	6.822591149387652321e-02	2.720968369265780451e-02	7.029599496409372206e-02
1.021737069123995752e+03	2.759329390423000405e-01	1.783038596649682006e-01	2.373054933604679950e-01	1.425888137606887429e-01	6.826430960671875381e-02	2.723681718177902583e-02	7.036776738279591770e-02
1.023188400188092373e+03	2.756843198617563440e-01	1.781389275398130023e-01	2.374775458243158499e-01	1.426932060063714203e-01	6.830264072300291922e-02	2.726391378705338153e-02	7.043944625740579391e-02
1.024639731252188767e+03	2.754361285977883211e-01	1.779742753891330187e-01	2.376492718407433868e-01	1.427974141873854796e-01	6.834090499774686522e-02	2.729097352121120923e-02	7.051103146571044422e-02
1.026091062316285615e+03	2.751883645064058248e-01	1.778099027265251375e-01	2.378206722620843372e-01	1.429014386336124043e-01	6.837910258541314568e-02	2.731799639728574314e-02	7.058252288839209077e-02
1.027542393380382237e+03	2.749410268449843930e-01	1.776458090665235523e-01	2.379917479363910238e-01	1.430052796742999899e-01	6.841723363991188134e-02	2.734498242861047035e-02	7.065392040899746984e-02
1.028993724444478858e+03	2.746941148722617521e-01	1.774819939245972922e-01	2.381624997074684447e-01	1.431089376380637324e-01	6.845529831460360481e-02	2.737193162881649058e-02	7.072522391390756447e-02
1.030445055508575479e+03	2.744476278483348741e-01	1.773184568171473907e-01	2.383329284149084681e-01	1.432124128528884655e-01	6.849329676230217490e-02	2.739884401182988635e-02	7.079643329230762838e-02
1.031896386572671872e+03	2.742015650346570355e-01	1.771551972615043602e-01	2.385030348941234446e-01	1.433157056461298595e-01	6.853122913527756599e-02	2.742571959186912434e-02	7.086754843615750143e-02
1.033347717636768493e+03	2.739559256940344301e-01	1.769922147759256104e-01	2.386728199763795688e-01	1.434188163445159758e-01	6.856909558525869919e-02	2.745255838344247065e-02	7.093856924016214704e-02
1.034799048700865114e+03	2.737107090906233386e-01	1.768295088795927006e-01	2.388422844888299368e-01	1.435217452741486266e-01	6.860689626343630110e-02	2.747936040134541305e-02	7.100949560174259212e-02
1.036250379764961508e+03	2.734659144899269645e-01	1.766670790926088974e-01	2.390114292545472696e-01	1.436244927605049848e-01	6.864463132046562388e-02	2.750612566065813169e-02	7.108032742100707513e-02
1.037701710829058356e+03	2.732215411587923248e-01	1.765049249359965100e-01	2.391802550925564708e-01	1.437270591284390275e-01	6.868230090646923469e-02	2.753285417674294216e-02	7.115106460072241623e-02
1.039153041893154750e+03	2.729775883654073643e-01	1.763430459316944199e-01	2.393487628178666837e-01	1.438294447021831179e-01	6.871990517103980511e-02	2.755954596524181135e-02	7.122170704628583149e-02
1.040604372957251599e+03	2.727340553792976796e-01	1.761814416025553887e-01	2.395169532415032110e-01	1.439316498053492821e-01	6.875744426324284508e-02	2.758620104207383517e-02	7.129225466569685810e-02
1.042055704021347992e+03	2.724909414713237443e-01	1.760201114723436988e-01	2.396848271705390165e-01	1.440336747609308743e-01	6.879491833161935355e-02	2.761281942343278215e-02	7.136270736952968208e-02
1.043507035085444613e+03	2.722482459136778554e-01	1.758590550657324336e-01	2.398523854081260620e-01	1.441355198913039926e-01	6.883232752418860789e-02	2.763940112578461630e-02	7.143306507090561863e-02
1.044958366149541234e+03	2.720059679798810803e-01	1.756982719083012012e-01	2.400196287535262540e-01	1.442371855182289220e-01	6.886967198845078686e-02	2.766594616586506156e-02	7.150332768546592555e-02
1.046409697213637855e+03	2.717641069447802593e-01	1.755377615265334978e-01	2.401865580021422253e-01	1.443386719628515502e-01	6.890695187138967670e-02	2.769245456067718353e-02	7.157349513134488028e-02
1.047861028277734476e+03	2.715226620845451189e-01	1.753775234478141820e-01	2.403531739455476712e-01	1.444399795457049218e-01	6.894416731947530796e-02	2.771892632748896440e-02	7.164356732914310688e-02
1.049312359341831097e+03	2.712816326766651631e-01	1.752175572004272264e-01	2.405194773715175482e-01	1.445411085867105705e-01	6.898131847866660615e-02	2.774536148383092288e-02	7.171354420190119427e-02
1.050763690405927491e+03	2.710410179999470093e-01	1.750578623135529699e-01	2.406854690640578831e-01	1.446420594051801567e-01	6.901840549441401462e-02	2.777176004749373761e-02	7.178342567507346728e-02
1.052215021470024112e+03	2.708008173345111680e-01	1.748984383172659252e-01	2.408511498034354159e-01	1.447428323198166056e-01	6.905542851166208973e-02	2.779812203652588451e-02	7.185321167650214613e-02
1.053666352534120733e+03	2.705610299617892123e-01	1.747392847425322249e-01	2.410165203662069100e-01	1.448434276487158279e-01	6.909238767485209598e-02	2.782444746923130527e-02	7.192290213639170038e-02
1.055117683598217127e+03	2.703216551645208354e-01	1.745804011212072626e-01	2.411815815252482120e-01	1.449438457093679966e-01	6.912928312792455954e-02	2.785073636416707937e-02	7.199249698728339697e-02
1.056569014662313975e+03	2.700826922267509644e-01	1.744217869860332226e-01	2.413463340497829512e-01	1.450440868186590182e-01	6.916611501432184950e-02	2.787698874014110650e-02	7.206199616403020924e-02
1.058020345726410369e+03	2.698441404338270955e-01	1.742634418706368038e-01	2.415107787054111832e-01	1.451441512928718369e-01	6.920288347699071752e-02	2.790320461620982018e-02	7.213139960377189241e-02
1.059471676790506763e+03	2.696059990723959632e-01	1.741053653095267495e-01	2.416749162541375895e-01	1.452440394476880725e-01	6.923958865838478194e-02	2.792938401167591872e-02	7.220070724591029498e-02
1.060923007854603611e+03	2.693682674304009317e-01	1.739475568380915160e-01	2.418387474543995386e-01	1.453437515981892136e-01	6.927623070046713682e-02	2.795552694608610667e-02	7.226991903208494772e-02
1.062374338918700232e+03	2.691309447970791635e-01	1.737900159925968857e-01	2.420022730610946748e-01	1.454432880588581722e-01	6.931280974471275280e-02	2.798163343922883614e-02	7.233903490614893017e-02
1.063825669982796853e+03	2.688940304629586775e-01	1.736327423101836909e-01	2.421654938256085077e-01	1.455426491435805325e-01	6.934932593211098895e-02	2.800770351113209683e-02	7.240805481414480660e-02
1.065277001046893474e+03	2.686575237198556843e-01	1.734757353288654824e-01	2.423284104958418061e-01	1.456418351656460775e-01	6.938577940316804915e-02	2.803373718206119206e-02	7.247697870428103373e-02
1.066728332110990095e+03	2.684214238608714775e-01	1.733189945875261428e-01	2.424910238162373000e-01	1.457408464377500934e-01	6.942217029790946625e-02	2.805973447251654609e-02	7.254580652690839626e-02
1.068179663175086489e+03	2.681857301803896587e-01	1.731625196259176380e-01	2.426533345278065745e-01	1.458396832719947855e-01	6.945849875588250288e-02	2.808569540323153230e-02	7.261453823449676159e-02
1.069630994239183110e+03	2.679504419740735277e-01	1.730063099846577135e-01	2.428153433681565776e-01	1.459383459798906379e-01	6.949476491615853846e-02	2.811161999517030122e-02	7.268317378161209819e-02
1.071082325303279504e+03	2.677155585388632519e-01	1.728503652052276462e-01	2.429770510715158205e-01	1.460368348723578569e-01	6.953096891733556717e-02	2.813750826952562262e-02	7.275171312489361886e-02
1.072533656367376352e+03	2.674810791729728132e-01	1.726946848299699411e-01	2.431384583687604684e-01	1.461351502597276752e-01	6.956711089754051558e-02	2.816336024771676563e-02	7.282015622303120161e-02
1.073984987431472746e+03	2.672470031758876208e-01	1.725392684020860268e-01	2.432995659874399863e-01	1.462332924517436572e-01	6.960319099443164348e-02	2.818917595138737894e-02	7.288850303674307418e-02
1.075436318495569594e+03	2.670133298483614026e-01	1.723841154656340913e-01	2.434603746518028689e-01	1.463312617575631691e-01	6.963920934520090311e-02	2.821495540240338135e-02	7.295675352875360953e-02
1.076887649559666215e+03	2.667800584924135965e-01	1.722292255655268889e-01	2.436208850828217587e-01	1.464290584857586841e-01	6.967516608657624289e-02	2.824069862285086968e-02	7.302490766377144060e-02
1.078338980623762609e+03	2.665471884113266299e-01	1.720745982475293534e-01	2.437810979982186488e-01	1.465266829443191143e-01	6.971106135482403598e-02	2.826640563503404410e-02	7.309296540846771384e-02
1.079790311687859230e+03	2.663147189096430334e-01	1.719202330582564608e-01	2.439410141124896680e-01	1.466241354406511987e-01	6.974689528575132857e-02	2.829207646147316804e-02	7.316092673145463410e-02
1.081241642751955851e+03	2.660826492931629983e-01	1.717661295451711756e-01	2.441006341369297283e-01	1.467214162815808076e-01	6.978266801470812963e-02	2.831771112490249695e-02	7.322879160326413450e-02
1.082692973816052472e+03	2.658509788689413234e-01	1.716122872565820912e-01	2.442599587796569771e-01	1.468185257733543025e-01	6.981837967658974242e-02	2.834330964826826948e-02	7.329655999632679608e-02
1.084144304880149093e+03	2.656197069452849169e-01	1.714587057416412375e-01	2.444189887456368615e-01	1.469154642216398965e-01	6.985403040583904044e-02	2.836887205472667442e-02	7.336423188495098946e-02
1.085595635944245487e+03	2.653888328317499101e-01	1.713053845503419714e-01	2.445777247367061646e-01	1.470122319315288473e-01	6.988962033644870175e-02	2.839439836764187652e-02	7.343180724530216918e-02
1.087046967008342108e+03	2.651583558391391593e-01	1.711523232335168676e-01	2.447361674515967367e-01	1.471088292075369008e-01	6.992514960196347107e-02	2.841988861058399388e-02	7.349928605538244564e-02
1.088498298072438729e+03	2.649282752794996365e-01	1.709995213428355254e-01	2.448943175859589483e-01	1.472052563536056236e-01	6.996061833548240794e-02	2.844534280732714804e-02	7.356666829501028182e-02
1.089949629136535123e+03	2.646985904661193767e-01	1.708469784308024320e-01	2.450521758323851162e-01	1.473015136731036234e-01	6.999602666966106557e-02	2.847076098184750381e-02	7.363395394580042608e-02
1.091400960200631971e+03	2.644693007135252572e-01	1.706946940507547972e-01	2.452097428804324852e-01	1.473976014688279379e-01	7.003137473671375290e-02	2.849614315832131942e-02	7.370114299114403911e-02
1.092852291264728365e+03	2.642404053374799999e-01	1.705426677568604998e-01	2.453670194166461260e-01	1.474935200430052551e-01	7.006666266841569957e-02	2.852148936112302094e-02	7.376823541618900137e-02
1.094303622328825213e+03	2.640119036549797293e-01	1.703908991041160059e-01	2.455240061245816952e-01	1.475892696972933016e-01	7.010189059610522078e-02	2.854679961482328027e-02	7.383523120782044258e-02
1.095754953392921607e+03	2.637837949842511964e-01	1.702393876483441204e-01	2.456807036848278614e-01	1.476848507327820914e-01	7.013705865068593781e-02	2.857207394418712076e-02	7.390213035464140989e-02
1.097206284457018228e+03	2.635560786447492809e-01	1.700881329461920999e-01	2.458371127750284824e-01	1.477802634499952583e-01	7.017216696262887354e-02	2.859731237417201255e-02	7.396893284695381376e-02
1.098657615521114849e+03	2.633287539571542712e-01	1.699371345551294599e-01	2.459932340699048370e-01	1.478755081488912215e-01	7.020721566197461738e-02	2.862251492992600940e-02	7.403563867673942922e-02
1.100108946585211470e+03	2.631018202433694220e-01	1.697863920334458931e-01	2.461490682412773578e-01	1.479705851288645735e-01	7.024220487833544857e-02	2.864768163678588567e-02	7.410224783764120249e-02
1.101560277649308091e+03	2.628752768265181228e-01	1.696359049402493824e-01	2.463046159580873640e-01	1.480654946887474122e-01	7.027713474089750112e-02	2.867281252027528010e-02	7.416876032494469639e-02
1.103011608713404712e+03	2.626491230309415115e-01	1.694856728354639241e-01	2.464598778864184880e-01	1.481602371268104790e-01	7.031200537842277609e-02	2.869790760610286748e-02	7.423517613555974393e-02
1.104462939777501106e+03	2.624233581821956984e-01	1.693356952798276138e-01	2.466148546895180205e-01	1.482548127407644911e-01	7.034681691925127878e-02	2.872296692016052325e-02	7.430149526800217119e-02
1.105914270841597499e+03	2.621979816070494351e-01	1.691859718348906749e-01	2.467695470278178371e-01	1.483492218277614183e-01	7.038156949130312812e-02	2.874799048852153330e-02	7.436771772237586731e-02
1.107365601905694348e+03	2.619729926334811720e-01	1.690365020630132664e-01	2.469239555589554658e-01	1.484434646843957040e-01	7.041626322208059674e-02	2.877297833743878638e-02	7.443384350035488206e-02
1.108816932969790741e+03	2.617483905906770603e-01	1.688872855273637064e-01	2.470780809377947085e-01	1.485375416067055421e-01	7.045089823867009549e-02	2.879793049334298388e-02	7.449987260516580112e-02
1.110268264033887590e+03	2.615241748090278984e-01	1.687383217919163070e-01	2.472319238164461530e-01	1.486314528901741538e-01	7.048547466774431058e-02	2.882284698284088426e-02	7.456580504157026001e-02
1.111719595097984211e+03	2.613003446201266899e-01	1.685896104214494040e-01	2.473854848442874899e-01	1.487251988297310090e-01	7.051999263556420205e-02	2.884772783271353364e-02	7.463164081584761078e-02
1.113170926162080832e+03	2.610768993567664786e-01	1.684411509815434693e-01	2.475387646679836906e-01	1.488187797197530471e-01	7.055445226798098823e-02	2.887257306991452416e-02	7.469737993577776902e-02
1.114622257226177226e+03	2.608538383529372950e-01	1.682929430385790293e-01	2.476917639315070196e-01	1.489121958540659818e-01	7.058885369043818581e-02	2.889738272156825230e-02	7.476302241062421361e-02
1.116073588290273847e+03	2.606311609438239918e-01	1.681449861597348328e-01	2.478444832761566297e-01	1.490054475259454669e-01	7.062319702797358045e-02	2.892215681496821886e-02	7.482856825111722232e-02
1.117524919354370468e+03	2.604088664658037455e-01	1.679972799129857419e-01	2.479969233405783513e-01	1.490985350281184008e-01	7.065748240522121137e-02	2.894689537757530115e-02	7.489401746943721849e-02
1.118976250418467089e+03	2.601869542564433924e-01	1.678498238671009002e-01	2.481490847607840111e-01	1.491914586527640363e-01	7.069170994641332806e-02	2.897159843701606341e-02	7.495937007919821482e-02
1.120427581482563710e+03	2.599654236544969299e-01	1.677026175916417894e-01	2.483009681701707771e-01	1.492842186915153690e-01	7.072587977538233317e-02	2.899626602108108103e-02	7.502462609543154859e-02
1.121878912546660331e+03	2.597442739999033523e-01	1.675556606569602869e-01	2.484525741995402270e-01	1.493768154354602196e-01	7.075999201556282259e-02	2.902089815772325790e-02	7.508978553456975569e-02
1.123330243610756725e+03	2.595235046337835971e-01	1.674089526341967504e-01	2.486039034771170830e-01	1.494692491751424546e-01	7.079404678999336176e-02	2.904549487505616798e-02	7.515484841443047237e-02
1.124781574674853118e+03	2.593031148984387135e-01	1.672624930952781308e-01	2.487549566285681413e-01	1.495615202005633471e-01	7.082804422131851185e-02	2.907005620135242122e-02	7.521981475420064234e-02
1.126232905738949967e+03	2.590831041373470311e-01	1.671162816129160011e-01	2.489057342770207293e-01	1.496536288011826032e-01	7.086198443179073103e-02	2.909458216504200861e-02	7.528468457442082096e-02
1.127684236803046360e+03	2.588634716951617176e-01	1.669703177606047806e-01	2.490562370430812467e-01	1.497455752659196115e-01	7.089586754327223406e-02	2.911907279471069240e-02	7.534945789696963214e-02
1.129135567867143209e+03	2.586442169177086137e-01	1.668246011126197914e-01	2.492064655448531785e-01	1.498373598831547471e-01	7.092969367723689356e-02	2.914352811909839275e-02	7.541413474504837788e-02
1.130586898931239830e+03	2.584253391519834020e-01	1.666791312440153994e-01	2.493564203979552751e-01	1.499289829407304542e-01	7.096346295477211352e-02	2.916794816709757793e-02	7.547871514316582819e-02
1.132038229995336451e+03	2.582068377461494979e-01	1.665339077306230431e-01	2.495061022155395380e-01	1.500204447259524398e-01	7.099717549658070281e-02	2.919233296775168920e-02	7.554319911712310820e-02
1.133489561059432845e+03	2.579887120495356068e-01	1.663889301490495964e-01	2.496555116083088721e-01	1.501117455255909228e-01	7.103083142298272090e-02	2.921668255025355529e-02	7.560758669399876564e-02
1.134940892123529466e+03	2.577709614126331150e-01	1.662441980766753424e-01	2.498046491845346273e-01	1.502028856258818268e-01	7.106443085391730974e-02	2.924099694394382068e-02	7.567187790213403265e-02
1.136392223187626087e+03	2.575535851870938697e-01	1.660997110916522801e-01	2.499535155500741401e-01	1.502938653125278634e-01	7.109797390894452562e-02	2.926527617830940869e-02	7.573607277111808755e-02
1.137843554251722708e+03	2.573365827257276250e-01	1.659554687729020706e-01	2.501021113083879421e-01	1.503846848706997807e-01	7.113146070724717107e-02	2.928952028298196369e-02	7.580017133177367750e-02
1.139294885315819101e+03	2.571199533824998218e-01	1.658114707001144272e-01	2.502504370605568296e-01	1.504753445850375848e-01	7.116489136763259893e-02	2.931372928773632799e-02	7.586417361614264387e-02
1.140746216379915950e+03	2.569036965125292560e-01	1.656677164537452007e-01	2.503984934052990163e-01	1.505658447396515387e-01	7.119826600853446097e-02	2.933790322248901183e-02	7.592807965747178089e-02
1.142197547444012343e+03	2.566878114720853588e-01	1.655242056150146857e-01	2.505462809389866208e-01	1.506561856181235504e-01	7.123158474801459528e-02	2.936204211729668417e-02	7.599188949019874961e-02
1.143648878508108737e+03	2.564722976185863645e-01	1.653809377659055946e-01	2.506938002556626799e-01	1.507463675035081441e-01	7.126484770376471933e-02	2.938614600235468430e-02	7.605560314993811688e-02
1.145100209572205586e+03	2.562571543105963690e-01	1.652379124891615036e-01	2.508410519470573585e-01	1.508363906783336816e-01	7.129805499310822026e-02	2.941021490799553342e-02	7.611922067346760246e-02
1.146551540636302207e+03	2.560423809078236079e-01	1.650951293682849375e-01	2.509880366026045473e-01	1.509262554246036114e-01	7.133120673300188952e-02	2.943424886468743937e-02	7.618274209871438163e-02
1.148002871700398828e+03	2.558279767711172936e-01	1.649525879875355927e-01	2.511347548094579052e-01	1.510159620237974953e-01	7.136430304003769931e-02	2.945824790303284632e-02	7.624616746474155438e-02
1.149454202764495449e+03	2.556139412624662821e-01	1.648102879319286451e-01	2.512812071525070134e-01	1.511055107568721467e-01	7.139734403044450950e-02	2.948221205376698115e-02	7.630949681173478105e-02
1.150905533828591842e+03	2.554002737449959648e-01	1.646682287872329453e-01	2.514273942143933627e-01	1.511949019042628795e-01	7.143032982008984400e-02	2.950614134775639968e-02	7.637273018098901523e-02
1.152356864892688463e+03	2.551869735829662700e-01	1.645264101399692425e-01	2.515733165755259515e-01	1.512841357458845626e-01	7.146326052448148669e-02	2.953003581599755040e-02	7.643586761489531978e-02
1.153808195956785084e+03	2.549740401417693869e-01	1.643848315774084634e-01	2.517189748140971073e-01	1.513732125611327861e-01	7.149613625876934109e-02	2.955389548961536231e-02	7.649890915692796056e-02
1.155259527020881706e+03	2.547614727879272123e-01	1.642434926875700196e-01	2.518643695060979737e-01	1.514621326288849990e-01	7.152895713774697073e-02	2.957772039986181559e-02	7.656185485163144455e-02
1.156710858084978327e+03	2.545492708890892963e-01	1.641023930592200031e-01	2.520095012253336653e-01	1.515508962275016192e-01	7.156172327585340331e-02	2.960151057811455377e-02	7.662470474460784942e-02
1.158162189149074720e+03	2.543374338140305113e-01	1.639615322818694931e-01	2.521543705434388660e-01	1.516395036348272274e-01	7.159443478717469889e-02	2.962526605587547865e-02	7.668745888250412535e-02
1.159613520213171569e+03	2.541259609326487201e-01	1.638209099457728080e-01	2.522989780298925400e-01	1.517279551281915384e-01	7.162709178544571231e-02	2.964898686476936940e-02	7.675011731299970219e-02
1.161064851277267962e+03	2.539148516159625002e-01	1.636805256419259225e-01	2.524433242520331966e-01	1.518162509844106223e-01	7.165969438405166148e-02	2.967267303654251218e-02	7.681268008479399945e-02
1.162516182341364356e+03	2.537041052361088123e-01	1.635403789620645532e-01	2.525874097750734903e-01	1.519043914797880701e-01	7.169224269602983424e-02	2.969632460306134702e-02	7.687514724759425544e-02
1.163967513405461204e+03	2.534937211663409462e-01	1.634004694986626594e-01	2.527312351621150976e-01	1.519923768901159933e-01	7.172473683407119827e-02	2.971994159631109397e-02	7.693751885210341201e-02
1.165418844469557826e+03	2.532836987810260232e-01	1.632607968449306390e-01	2.528748009741631497e-01	1.520802074906761614e-01	7.175717691052198310e-02	2.974352404839441730e-02	7.699979495000804086e-02
1.166870175533654447e+03	2.530740374556428307e-01	1.631213605948137191e-01	2.530181077701406656e-01	1.521678835562411680e-01	7.178956303738534550e-02	2.976707199153011060e-02	7.706197559396653352e-02
1.168321506597751068e+03	2.528647365667797686e-01	1.629821603429902621e-01	2.531611561069029848e-01	1.522554053610754854e-01	7.182189532632295148e-02	2.979058545805174721e-02	7.712406083759724973e-02
1.169772837661847461e+03	2.526557954921322957e-01	1.628431956848700179e-01	2.533039465392518119e-01	1.523427731789364914e-01	7.185417388865658617e-02	2.981406448040637910e-02	7.718605073546690176e-02
1.171224168725944082e+03	2.524472136105008757e-01	1.627044662165925970e-01	2.534464796199492609e-01	1.524299872830757463e-01	7.188639883536970809e-02	2.983750909115323591e-02	7.724794534307906357e-02
1.172675499790040703e+03	2.522389903017887569e-01	1.625659715350257772e-01	2.535887558997319546e-01	1.525170479462399087e-01	7.191857027710908679e-02	2.986091932296242382e-02	7.730974471686265226e-02
1.174126830854137097e+03	2.520311249469996961e-01	1.624277112377637555e-01	2.537307759273246255e-01	1.526039554406718735e-01	7.195068832418630156e-02	2.988429520861364194e-02	7.737144891416068704e-02
1.175578161918233945e+03	2.518236169282359049e-01	1.622896849231256766e-01	2.538725402494538264e-01	1.526907100381118820e-01	7.198275308657932359e-02	2.990763678099490896e-02	7.743305799321908989e-02
1.177029492982330339e+03	2.516164656286956069e-01	1.621518921901538290e-01	2.540140494108616975e-01	1.527773120097985771e-01	7.201476467393405634e-02	2.993094407310129684e-02	7.749457201317552779e-02
1.178480824046426733e+03	2.514096704326709841e-01	1.620143326386121740e-01	2.541553039543192338e-01	1.528637616264701127e-01	7.204672319556590376e-02	2.995421711803366444e-02	7.755599103404851868e-02
1.179932155110523581e+03	2.512032307255459562e-01	1.618770058689846247e-01	2.542963044206394962e-01	1.529500591583652647e-01	7.207862876046125522e-02	2.997745594899742932e-02	7.761731511672652351e-02
1.181383486174620202e+03	2.509971458937942379e-01	1.617399114824734641e-01	2.544370513486911012e-01	1.530362048752243187e-01	7.211048147727903979e-02	3.000066059930130841e-02	7.767854432295719092e-02
1.182834817238716823e+03	2.507914153249765632e-01	1.616030490809977349e-01	2.545775452754110990e-01	1.531221990462902915e-01	7.214228145435223893e-02	3.002383110235611052e-02	7.773967871533669916e-02
1.184286148302813444e+03	2.505860384077390757e-01	1.614664182671916304e-01	2.547177867358179082e-01	1.532080419403100136e-01	7.217402879968937146e-02	3.004696749167349440e-02	7.780071835729922280e-02
1.185737479366910065e+03	2.503810145318111080e-01	1.613300186444029671e-01	2.548577762630243604e-01	1.532937338255351278e-01	7.220572362097597841e-02	3.007006980086476822e-02	7.786166331310646893e-02
1.187188810431006686e+03	2.501763430880026839e-01	1.611938498166914646e-01	2.549975143882503015e-01	1.533792749697231173e-01	7.223736602557614961e-02	3.009313806363968918e-02	7.792251364783735201e-02
1.188640141495103080e+03	2.499720234682027142e-01	1.610579113888272740e-01	2.551370016408353036e-01	1.534646656401384701e-01	7.226895612053395312e-02	3.011617231380526657e-02	7.798326942737775214e-02
1.190091472559199701e+03	2.497680550653766651e-01	1.609222029662894515e-01	2.552762385482512109e-01	1.535499061035536239e-01	7.230049401257489239e-02	3.013917258526457518e-02	7.804393071841039808e-02
1.191542803623296322e+03	2.495644372735645045e-01	1.607867241552641824e-01	2.554152256361143514e-01	1.536349966262499922e-01	7.233197980810747441e-02	3.016213891201557917e-02	7.810449758840479206e-02
1.192994134687392716e+03	2.493611694878784535e-01	1.606514745626433927e-01	2.555539634281980277e-01	1.537199374740192137e-01	7.236341361322451426e-02	3.018507132814997329e-02	7.816497010560734260e-02
1.194445465751489564e+03	2.491582511045010717e-01	1.605164537960231674e-01	2.556924524464446180e-01	1.538047289121638739e-01	7.239479553370467557e-02	3.020796986785202060e-02	7.822534833903145579e-02
1.195896796815585958e+03	2.489556815206829532e-01	1.603816614637021687e-01	2.558306932109778442e-01	1.538893712054988927e-01	7.242612567501384435e-02	3.023083456539739367e-02	7.828563235844782087e-02
1.197348127879682352e+03	2.487534601347407004e-01	1.602470971746801087e-01	2.559686862401143737e-01	1.539738646183522464e-01	7.245740414230661397e-02	3.025366545515204009e-02	7.834582223437483450e-02
1.198799458943779200e+03	2.485515863460547314e-01	1.601127605386561681e-01	2.561064320503761427e-01	1.540582094145661884e-01	7.248863104042764516e-02	3.027646257157105836e-02	7.840591803806899740e-02
1.200250790007875821e+03	2.483500595550673096e-01	1.599786511660275801e-01	2.562439311565017364e-01	1.541424058574982492e-01	7.251980647391312318e-02	3.029922594919755643e-02	7.846591984151540800e-02
1.201702121071972442e+03	2.481488791632802948e-01	1.598447686678879098e-01	2.563811840714584345e-01	1.542264542100221791e-01	7.255093054699210398e-02	3.032195562266154845e-02	7.852582771741856149e-02
1.203153452136069063e+03	2.479480445732532290e-01	1.597111126560257777e-01	2.565181913064532027e-01	1.543103547345291426e-01	7.258200336358794358e-02	3.034465162667883409e-02	7.858564173919295459e-02
1.204604783200165684e+03	2.477475551886010596e-01	1.595776827429231104e-01	2.566549533709448494e-01	1.543941076929285228e-01	7.261302502731967201e-02	3.036731399604991610e-02	7.864536198095396780e-02
1.206056114264262078e+03	2.475474104139922804e-01	1.594444785417537536e-01	2.567914707726549617e-01	1.544777133466490593e-01	7.264399564150339494e-02	3.038994276565889358e-02	7.870498851750878933e-02
1.207507445328358699e+03	2.473476096551466274e-01	1.593114996663819727e-01	2.569277440175792293e-01	1.545611719566399034e-01	7.267491530915359821e-02	3.041253797047238291e-02	7.876452142434745007e-02
1.208958776392455093e+03	2.471481523188332197e-01	1.591787457313609266e-01	2.570637736099986026e-01	1.546444837833715058e-01	7.270578413298456333e-02	3.043509964553844926e-02	7.882396077763387243e-02
1.210410107456551941e+03	2.469490378128683661e-01	1.590462163519311967e-01	2.571995600524904502e-01	1.547276490868367826e-01	7.273660221541171367e-02	3.045762782598553445e-02	7.888330665419709953e-02
1.211861438520648335e+03	2.467502655461135397e-01	1.589139111440192875e-01	2.573351038459394946e-01	1.548106681265518925e-01	7.276736965855291894e-02	3.048012254702139184e-02	7.894255913152260773e-02
1.213312769584745183e+03	2.465518349284733512e-01	1.587818297242361010e-01	2.574704054895486371e-01	1.548935411615575408e-01	7.279808656422989688e-02	3.050258384393204555e-02	7.900171828774359140e-02
1.214764100648841804e+03	2.463537453708934954e-01	1.586499717098755757e-01	2.576054654808497824e-01	1.549762684504196464e-01	7.282875303396944833e-02	3.052501175208073569e-02	7.906078420163251130e-02
1.216215431712937971e+03	2.461559962853587247e-01	1.585183367189130221e-01	2.577402843157144963e-01	1.550588502512305900e-01	7.285936916900485893e-02	3.054740630690689143e-02	7.911975695259255981e-02
1.217666762777034819e+03	2.459585870848908506e-01	1.583869243700039287e-01	2.578748624883646645e-01	1.551412868216101304e-01	7.288993507027720364e-02	3.056976754392510751e-02	7.917863662064930641e-02
1.219118093841131440e+03	2.457615171835466072e-01	1.582557342824822966e-01	2.580092004913828729e-01	1.552235784187063483e-01	7.292045083843658182e-02	3.059209549872410339e-02	7.923742328644244048e-02
1.220569424905228061e+03	2.455647859964156798e-01	1.581247660763591967e-01	2.581432988157228436e-01	1.553057252991967008e-01	7.295091657384351891e-02	3.061439020696573796e-02	7.929611703121754174e-02
1.222020755969324682e+03	2.453683929396187902e-01	1.579940193723214648e-01	2.582771579507199267e-01	1.553877277192889372e-01	7.298133237657018768e-02	3.063665170438397214e-02	7.935471793681793395e-02
1.223472087033421303e+03	2.451723374303056147e-01	1.578634937917300918e-01	2.584107783841011474e-01	1.554695859347221265e-01	7.301169834640168499e-02	3.065888002678390442e-02	7.941322608567667751e-02
1.224923418097517697e+03	2.449766188866527306e-01	1.577331889566188639e-01	2.585441606019953653e-01	1.555513002007676282e-01	7.304201458283732240e-02	3.068107521004076119e-02	7.947164156080856190e-02
1.226374749161614318e+03	2.447812367278616452e-01	1.576031044896929467e-01	2.586773050889433767e-01	1.556328707722301197e-01	7.307228118509193071e-02	3.070323729009891492e-02	7.952996444580227864e-02
1.227826080225710712e+03	2.445861903741568533e-01	1.574732400143274424e-01	2.588102123279079625e-01	1.557142979034484565e-01	7.310249825209706731e-02	3.072536630297091967e-02	7.958819482481256646e-02
1.229277411289807560e+03	2.443914792467838659e-01	1.573435951545659739e-01	2.589428828002833805e-01	1.557955818482967270e-01	7.313266588250230682e-02	3.074746228473652920e-02	7.964633278255252302e-02
1.230728742353903954e+03	2.441971027680071016e-01	1.572141695351191859e-01	2.590753169859058014e-01	1.558767228601851684e-01	7.316278417467644846e-02	3.076952527154174638e-02	7.970437840428593046e-02
1.232180073418000802e+03	2.440030603611079985e-01	1.570849627813634963e-01	2.592075153630623574e-01	1.559577211920611384e-01	7.319285322670876504e-02	3.079155529959786905e-02	7.976233177581971978e-02
1.233631404482097196e+03	2.438093514503830994e-01	1.569559745193395139e-01	2.593394784085013005e-01	1.560385770964101970e-01	7.322287313641029360e-02	3.081355240518053248e-02	7.982019298349642134e-02
1.235082735546193817e+03	2.436159754611419426e-01	1.568272043757507894e-01	2.594712065974412174e-01	1.561192908252568845e-01	7.325284400131494567e-02	3.083551662462878998e-02	7.987796211418679571e-02
1.236534066610290438e+03	2.434229318197051739e-01	1.566986519779623166e-01	2.596027004035805774e-01	1.561998626301657755e-01	7.328276591868085332e-02	3.085744799434416222e-02	7.993563925528246461e-02
1.237985397674387059e+03	2.432302199534027431e-01	1.565703169539991724e-01	2.597339602991072249e-01	1.562802927622423954e-01	7.331263898549146563e-02	3.087934655078972135e-02	7.999322449468863894e-02
1.239436728738483680e+03	2.430378392905716833e-01	1.564421989325451012e-01	2.598649867547074277e-01	1.563605814721342191e-01	7.334246329845682533e-02	3.090121233048917504e-02	8.005071792081694393e-02
1.240888059802580301e+03	2.428457892605543345e-01	1.563142975429412107e-01	2.599957802395752582e-01	1.564407290100315595e-01	7.337223895401473461e-02	3.092304537002594708e-02	8.010811962257827212e-02
1.242339390866676695e+03	2.426540692936963173e-01	1.561866124151845281e-01	2.601263412214218640e-01	1.565207356256685389e-01	7.340196604833196248e-02	3.094484570604228227e-02	8.016542968937574731e-02
1.243790721930773088e+03	2.424626788213447570e-01	1.560591431799266404e-01	2.602566701664842941e-01	1.566006015683241159e-01	7.343164467730539657e-02	3.096661337523834087e-02	8.022264821109773014e-02
1.245242052994869937e+03	2.422716172758461461e-01	1.559318894684723622e-01	2.603867675395344916e-01	1.566803270868228348e-01	7.346127493656326446e-02	3.098834841437131740e-02	8.027977527811090697e-02
1.246693384058966330e+03	2.420808840905445403e-01	1.558048509127782921e-01	2.605166338038883422e-01	1.567599124295359359e-01	7.349085692146622995e-02	3.101005086025454549e-02	8.033681098125347586e-02
1.248144715123063179e+03	2.418904786997796152e-01	1.556780271454515086e-01	2.606462694214143339e-01	1.568393578443822156e-01	7.352039072710864209e-02	3.103172074975663400e-02	8.039375541182834650e-02
1.249596046187159800e+03	2.417004005388848353e-01	1.555514177997483205e-01	2.607756748525426049e-01	1.569186635788290263e-01	7.354987644831961768e-02	3.105335811980058230e-02	8.045060866159639557e-02
1.251047377251256421e+03	2.415106490441852882e-01	1.554250225095726579e-01	2.609048505562732712e-01	1.569978298798930250e-01	7.357931417966424859e-02	3.107496300736293030e-02	8.050737082276997192e-02
1.252498708315352815e+03	2.413212236529961585e-01	1.552988409094750166e-01	2.610337969901851407e-01	1.570768569941412840e-01	7.360870401544472585e-02	3.109653544947289447e-02	8.056404198800616590e-02
1.253950039379449436e+03	2.411321238036205350e-01	1.551728726346508491e-01	2.611625146104444850e-01	1.571557451676921791e-01	7.363804604970142220e-02	3.111807548321151098e-02	8.062062225040041163e-02
1.255401370443546057e+03	2.409433489353476066e-01	1.550471173209395093e-01	2.612910038718130878e-01	1.572344946462163051e-01	7.366734037621411324e-02	3.113958314571080299e-02	8.067711170347999228e-02
1.256852701507642678e+03	2.407548984884508025e-01	1.549215746048226983e-01	2.614192652276569606e-01	1.573131056749373091e-01	7.369658708850300444e-02	3.116105847415293756e-02	8.073351044119771169e-02
1.258304032571739299e+03	2.405667719041858776e-01	1.547962441234232156e-01	2.615472991299545025e-01	1.573915784986328892e-01	7.372578627982992461e-02	3.118250150576938606e-02	8.078981855792558009e-02
1.259755363635835920e+03	2.403789686247890245e-01	1.546711255145036545e-01	2.616751060293048825e-01	1.574699133616357383e-01	7.375493804319940838e-02	3.120391227784012622e-02	8.084603614844856900e-02
1.261206694699932314e+03	2.401914880934751251e-01	1.545462184164650976e-01	2.618026863749358668e-01	1.575481105078343491e-01	7.378404247135980643e-02	3.122529082769278860e-02	8.090216330795842181e-02
1.262658025764028707e+03	2.400043297544356136e-01	1.544215224683457843e-01	2.619300406147123672e-01	1.576261701806740134e-01	7.381309965680434015e-02	3.124663719270186560e-02	8.095820013204751975e-02
1.264109356828125556e+03	2.398174930528368942e-01	1.542970373098197234e-01	2.620571691951441018e-01	1.577040926231577100e-01	7.384210969177225359e-02	3.126795141028790304e-02	8.101414671670288670e-02
1.265560687892221949e+03	2.396309774348183153e-01	1.541727625811955826e-01	2.621840725613939216e-01	1.577818780778469931e-01	7.387107266824986807e-02	3.128923351791669527e-02	8.107000315830016623e-02
1.267012018956318798e+03	2.394447823474903925e-01	1.540486979234151899e-01	2.623107511572853046e-01	1.578595267868628804e-01	7.389998867797165083e-02	3.131048355309848374e-02	8.112576955359768194e-02
1.268463350020415419e+03	2.392589072389329219e-01	1.539248429780523120e-01	2.624372054253105713e-01	1.579370389918867412e-01	7.392885781242132526e-02	3.133170155338720064e-02	8.118144599973056708e-02
1.269914681084511813e+03	2.390733515581930646e-01	1.538011973873113780e-01	2.625634358066384344e-01	1.580144149341612958e-01	7.395768016283288393e-02	3.135288755637964664e-02	8.123703259420497758e-02
1.271366012148608434e+03	2.388881147552837092e-01	1.536777607940262580e-01	2.626894427411216593e-01	1.580916548544913369e-01	7.398645582019168498e-02	3.137404159971472761e-02	8.129252943489231886e-02
1.272817343212705055e+03	2.387031962811814456e-01	1.535545328416588196e-01	2.628152266673049464e-01	1.581687589932447846e-01	7.401518487523552070e-02	3.139516372107271219e-02	8.134793662002354209e-02
1.274268674276801676e+03	2.385185955878248443e-01	1.534315131742978178e-01	2.629407880224320926e-01	1.582457275903535188e-01	7.404386741845560282e-02	3.141625395817442684e-02	8.140325424818355138e-02
1.275720005340898297e+03	2.383343121281124577e-01	1.533087014366575351e-01	2.630661272424539288e-01	1.583225608853141564e-01	7.407250354009768667e-02	3.143731234878052727e-02	8.145848241830558334e-02
1.277171336404994690e+03	2.381503453559012939e-01	1.531860972740764770e-01	2.631912447620355366e-01	1.583992591171891062e-01	7.410109333016304256e-02	3.145833893069073517e-02	8.151362122966575308e-02
1.278622667469091539e+03	2.379666947260047349e-01	1.530637003325161782e-01	2.633161410145635761e-01	1.584758225246073737e-01	7.412963687840952443e-02	3.147933374174309573e-02	8.156867078187746145e-02
1.280073998533187932e+03	2.377833596941909267e-01	1.529415102585599262e-01	2.634408164321537793e-01	1.585522513457653937e-01	7.415813427435258287e-02	3.150029681981324214e-02	8.162363117488614928e-02
1.281525329597284326e+03	2.376003397171807252e-01	1.528195266994114565e-01	2.635652714456581114e-01	1.586285458184280295e-01	7.418658560726626439e-02	3.152122820281362536e-02	8.167850250896380171e-02
1.282976660661381175e+03	2.374176342526461703e-01	1.526977493028937594e-01	2.636895064846719317e-01	1.587047061799292946e-01	7.421499096618425217e-02	3.154212792869283410e-02	8.173328488470377184e-02
1.284427991725477568e+03	2.372352427592084589e-01	1.525761777174478029e-01	2.638135219775412654e-01	1.587807326671733243e-01	7.424335043990083760e-02	3.156299603543483850e-02	8.178797840301543776e-02
1.285879322789574417e+03	2.370531646964363082e-01	1.524548115921313673e-01	2.639373183513696319e-01	1.588566255166352637e-01	7.427166411697201653e-02	3.158383256105830317e-02	8.184258316511908160e-02
1.287330653853671038e+03	2.368713995248440951e-01	1.523336505766176019e-01	2.640608960320253162e-01	1.589323849643620168e-01	7.429993208571634977e-02	3.160463754361583777e-02	8.189709927254071320e-02
1.288781984917767431e+03	2.366899467058900530e-01	1.522126943211940253e-01	2.641842554441481972e-01	1.590080112459732742e-01	7.432815443421604551e-02	3.162541102119331704e-02	8.195152682710700465e-02
1.290233315981864052e+03	2.365088057019745227e-01	1.520919424767611106e-01	2.643073970111567417e-01	1.590835045966622618e-01	7.435633125031790303e-02	3.164615303190915913e-02	8.200586593094023879e-02
