1.301360187473271253e+03	2.355555200283415418e-01	1.508651290691744307e-01	2.606712286576619020e-01	1.615633743397565936e-01	7.659175666638110003e-02	3.233111284320587531e-02	8.242187839519680981e-02
1.306197957686926657e+03	2.349676222594622443e-01	1.504633957757156582e-01	2.610476521233467406e-01	1.618245176167486254e-01	7.670463788229024693e-02	3.240740796608539837e-02	8.258476637606933235e-02
1.311035727900581833e+03	2.343831234416516585e-01	1.500638743132971242e-01	2.614219218458028737e-01	1.620841271538391859e-01	7.681689707061320482e-02	3.248334676670124044e-02	8.274670940781296558e-02
1.315873498114237009e+03	2.338020037682198016e-01	1.496665525830651600e-01	2.617940506183689120e-01	1.623422125525000870e-01	7.692853720435798015e-02	3.255893002873811587e-02	8.290771324446823132e-02
1.320711268327892412e+03	2.332242435491824195e-01	1.492714185523344173e-01	2.621640511395988971e-01	1.625987833467542887e-01	7.703956125772183638e-02	3.263415855206948379e-02	8.306778360205686884e-02
1.325549038541547588e+03	2.326498232105526087e-01	1.488784602542115310e-01	2.625319360149053205e-01	1.628538490035454922e-01	7.714997220546393475e-02	3.270903315229438391e-02	8.322692615874496824e-02
1.330386808755202765e+03	2.320787232936374067e-01	1.484876657872216121e-01	2.628977177581299784e-01	1.631074189231225546e-01	7.725977302230523092e-02	3.278355466028510384e-02	8.338514655501637340e-02
1.335224578968857941e+03	2.315109244543398503e-01	1.480990233149374335e-01	2.632614087930486013e-01	1.633595024394371431e-01	7.736896668235465624e-02	3.285772392174528961e-02	8.354245039385528593e-02
1.340062349182513572e+03	2.309464074624660024e-01	1.477125210656112797e-01	2.636230214548115347e-01	1.636101088205534348e-01	7.747755615856023736e-02	3.293154179677835330e-02	8.369884324093739003e-02
1.344900119396168748e+03	2.303851532010372516e-01	1.473281473318091839e-01	2.639825679913248568e-01	1.638592472690684476e-01	7.758554442218421054e-02	3.300500915946573410e-02	8.385433062482856859e-02
1.349737889609823924e+03	2.298271426656075533e-01	1.469458904700476076e-01	2.643400605645746526e-01	1.641069269225420013e-01	7.769293444230104817e-02	3.307812689745479040e-02	8.400891803719058581e-02
1.354575659823479100e+03	2.292723569635853609e-01	1.465657389004329791e-01	2.646955112518985520e-01	1.643531568539350340e-01	7.779972918531725956e-02	3.315089591155605947e-02	8.416261093299298723e-02
1.359413430037134731e+03	2.287207773135605249e-01	1.461876811063033410e-01	2.650489320472060317e-01	1.645979460720557452e-01	7.790593161451232762e-02	3.322331711534955156e-02	8.431541473073066173e-02
1.364251200250789907e+03	2.281723850446358837e-01	1.458117056338725792e-01	2.654003348621519764e-01	1.648413035220118450e-01	7.801154468959967114e-02	3.329539143479992580e-02	8.446733481264634413e-02
1.369088970464445310e+03	2.276271615957633221e-01	1.454378010918769559e-01	2.657497315272643879e-01	1.650832380856688819e-01	7.811657136630671683e-02	3.336711980788026333e-02	8.461837652495769746e-02
1.373926740678100487e+03	2.270850885150846599e-01	1.450659561512241680e-01	2.660971337930303493e-01	1.653237585821130951e-01	7.822101459597355366e-02	3.343850318420413942e-02	8.476854517808823930e-02
1.378764510891755890e+03	2.265461474592768421e-01	1.446961595446445703e-01	2.664425533309411898e-01	1.655628737681187068e-01	7.832487732516910106e-02	3.350954252466593897e-02	8.491784604690183480e-02
1.383602281105411066e+03	2.260103201929017369e-01	1.443284000663447864e-01	2.667860017345000667e-01	1.658005923386184077e-01	7.842816249532416628e-02	3.358023880108896436e-02	8.506628437094015949e-02
1.388440051319066470e+03	2.254775885877599029e-01	1.439626665716636222e-01	2.671274905201930783e-01	1.660369229271766445e-01	7.853087304238080824e-02	3.365059299588136349e-02	8.521386535466281276e-02
1.393277821532721646e+03	2.249479346222491849e-01	1.435989479767301458e-01	2.674670311284274016e-01	1.662718741064652117e-01	7.863301189645710565e-02	3.372060610169954481e-02	8.536059416768963792e-02
1.398115591746377049e+03	2.244213403807271967e-01	1.432372332581242080e-01	2.678046349244358471e-01	1.665054543887402871e-01	7.873458198152685772e-02	3.379027912111887133e-02	8.550647594504491578e-02
1.402953361960032225e+03	2.238977880528781328e-01	1.428775114525388523e-01	2.681403131991521027e-01	1.667376722263207711e-01	7.883558621511360665e-02	3.385961306631157797e-02	8.565151578740314020e-02
1.407791132173687402e+03	2.233772599330836051e-01	1.425197716564451100e-01	2.684740771700567796e-01	1.669685360120668760e-01	7.893602750799827428e-02	3.392860895873160004e-02	8.579571876133597341e-02
1.412628902387342805e+03	2.228597384197977260e-01	1.421640030257590170e-01	2.688059379819958128e-01	1.671980540798593540e-01	7.903590876393995490e-02	3.399726782880617415e-02	8.593908989956013100e-02
1.417466672600997981e+03	2.223452060149261611e-01	1.418101947755105452e-01	2.691359067079737710e-01	1.674262347050780864e-01	7.913523287940937845e-02	3.406559071563412811e-02	8.608163420118607190e-02
1.422304442814653157e+03	2.218336453232090666e-01	1.414583361795148930e-01	2.694639943499219092e-01	1.676530861050803400e-01	7.923400274333444737e-02	3.413357866669059631e-02	8.622335663196691036e-02
1.427142213028308333e+03	2.213250390516081356e-01	1.411084165700454973e-01	2.697902118394434612e-01	1.678786164396779412e-01	7.933222123685731986e-02	3.420123273753802873e-02	8.636426212454775819e-02
1.431979983241963964e+03	2.208193700086973910e-01	1.407604253375096537e-01	2.701145700385368387e-01	1.681028338116131171e-01	7.942989123310274791e-02	3.426855399154341009e-02	8.650435557871491432e-02
1.436817753455619140e+03	2.203166211040580857e-01	1.404143519301257192e-01	2.704370797402979032e-01	1.683257462670329219e-01	7.952701559695711520e-02	3.433554349960149521e-02	8.664364186164487391e-02
1.441655523669274316e+03	2.198167753476769626e-01	1.400701858536025080e-01	2.707577516696023645e-01	1.685473617959616643e-01	7.962359718485770288e-02	3.440220233986383130e-02	8.678212580815305999e-02
1.446493293882929493e+03	2.193198158493489536e-01	1.397279166708206843e-01	2.710765964837695274e-01	1.687676883327714206e-01	7.971963884459194738e-02	3.446853159747365752e-02	8.691981222094194437e-02
1.451331064096585123e+03	2.188257258180829612e-01	1.393875340015161557e-01	2.713936247732082196e-01	1.689867337566499927e-01	7.981514341510609345e-02	3.453453236430634177e-02	8.705670587084841927e-02
1.456168834310240300e+03	2.183344885615118025e-01	1.390490275219654903e-01	2.717088470620455110e-01	1.692045058920666478e-01	7.991011372632306209e-02	3.460020573871528532e-02	8.719281149709044720e-02
1.461006604523895703e+03	2.178460874853055673e-01	1.387123869646731122e-01	2.720222738087396119e-01	1.694210125092348862e-01	8.000455259896910309e-02	3.466555282528326065e-02	8.732813380751271171e-02
1.465844374737550879e+03	2.173605060925888344e-01	1.383776021180606053e-01	2.723339154066773959e-01	1.696362613245725459e-01	8.009846284440880204e-02	3.473057473457891176e-02	8.746267747883119947e-02
1.470682144951206283e+03	2.168777279833613014e-01	1.380446628261578212e-01	2.726437821847572107e-01	1.698502600011585761e-01	8.019184726448831679e-02	3.479527258291845865e-02	8.759644715687658900e-02
1.475519915164861459e+03	2.163977368539220514e-01	1.377135589882959310e-01	2.729518844079581452e-01	1.700630161491871462e-01	8.028470865138635781e-02	3.485964749213234931e-02	8.772944745683636247e-02
1.480357685378516862e+03	2.159205164962973156e-01	1.373842805588023075e-01	2.732582322778956407e-01	1.702745373264178963e-01	8.037704978747267637e-02	3.492370058933690069e-02	8.786168296349558537e-02
1.485195455592172038e+03	2.154460507976719841e-01	1.370568175466972960e-01	2.735628359333651116e-01	1.704848310386232191e-01	8.046887344517379692e-02	3.498743300671064427e-02	8.799315823147621507e-02
1.490033225805827215e+03	2.149743237398242801e-01	1.367311600153928997e-01	2.738657054508732980e-01	1.706939047400317100e-01	8.056018238684571620e-02	3.505084588127548029e-02	8.812387778547489670e-02
1.494870996019482618e+03	2.145053193985640705e-01	1.364072980823931303e-01	2.741668508451579611e-01	1.709017658337683709e-01	8.065097936465331907e-02	3.511394035468230063e-02	8.825384612049917699e-02
1.499708766233137567e+03	2.140390219431745622e-01	1.360852219189962742e-01	2.744662820696973093e-01	1.711084216722908169e-01	8.074126712045610887e-02	3.517671757300126073e-02	8.838306770210209440e-02
1.504546536446793198e+03	2.135754156358573574e-01	1.357649217499989625e-01	2.747640090172084881e-01	1.713138795578219298e-01	8.083104838570025208e-02	3.523917868651634672e-02	8.851154696661507615e-02
1.509384306660448374e+03	2.131144848311810613e-01	1.354463878534019894e-01	2.750600415201367444e-01	1.715181467427786821e-01	8.092032588131657656e-02	3.530132484952430705e-02	8.863928832137905889e-02
1.514222076874103550e+03	2.126562139755329428e-01	1.351296105601179354e-01	2.753543893511344876e-01	1.717212304301971026e-01	8.100910231762427360e-02	3.536315722013783774e-02	8.876629614497381915e-02
1.519059847087758726e+03	2.122005876065741758e-01	1.348145802536804272e-01	2.756470622235318024e-01	1.719231377741533007e-01	8.109738039424015110e-02	3.542467696009285461e-02	8.889257478744562457e-02
1.523897617301414357e+03	2.117475903526982450e-01	1.345012873699552580e-01	2.759380697917981906e-01	1.721238758801807156e-01	8.118516279999324348e-02	3.548588523455982469e-02	8.901812857053285899e-02
1.528735387515069533e+03	2.112972069324927649e-01	1.341897223968531450e-01	2.762274216519957082e-01	1.723234518056831754e-01	8.127245221284448706e-02	3.554678321195915008e-02	8.914296178788987113e-02
1.533573157728724709e+03	2.108494221542042690e-01	1.338798758740442907e-01	2.765151273422247757e-01	1.725218725603443193e-01	8.135925129981141923e-02	3.560737206378034730e-02	8.926707870530888045e-02
1.538410927942380113e+03	2.104042209152065523e-01	1.335717383926744994e-01	2.768011963430618838e-01	1.727191451065326344e-01	8.144556271689752658e-02	3.566765296440510546e-02	8.939048356094009273e-02
1.543248698156035516e+03	2.099615882014720381e-01	1.332653005950830971e-01	2.770856380779904704e-01	1.729152763597027742e-01	8.153138910902628378e-02	3.572762709093406375e-02	8.951318056550963687e-02
1.548086468369690692e+03	2.095215090870463648e-01	1.329605531745223779e-01	2.773684619138242491e-01	1.731102731887927404e-01	8.161673310997959174e-02	3.578729562301723177e-02	8.963517390253580852e-02
1.552924238583346096e+03	2.090839687335261932e-01	1.326574868748789104e-01	2.776496771611244307e-01	1.733041424166171796e-01	8.170159734234039295e-02	3.584665974268806676e-02	8.975646772854317668e-02
1.557762008797001272e+03	2.086489523895399545e-01	1.323560924903962599e-01	2.779292930746103951e-01	1.734968908202565163e-01	8.178598441743946401e-02	3.590572063420099241e-02	8.987706617327484437e-02
1.562599779010656675e+03	2.082164453902320134e-01	1.320563608653994303e-01	2.782073188535635899e-01	1.736885251314421175e-01	8.186989693530614953e-02	3.596447948387242882e-02	8.999697333990265558e-02
1.567437549224311852e+03	2.077864331567496614e-01	1.317582828940210005e-01	2.784837636422265450e-01	1.738790520369375425e-01	8.195333748462287071e-02	3.602293747992520861e-02	9.011619330523551463e-02
1.572275319437967255e+03	2.073589011957334416e-01	1.314618495199287029e-01	2.787586365301951141e-01	1.740684781789158531e-01	8.203630864268333933e-02	3.608109581233623353e-02	9.023473011992566573e-02
1.577113089651622431e+03	2.069338350988102482e-01	1.311670517360547517e-01	2.790319465528058873e-01	1.742568101553327031e-01	8.211881297535429669e-02	3.613895567268751025e-02	9.035258780867301553e-02
1.581950859865277607e+03	2.065112205420896185e-01	1.308738805843265018e-01	2.793037026915180521e-01	1.744440545202958215e-01	8.220085303704061097e-02	3.619651825402026707e-02	9.046977037042749914e-02
1.586788630078933011e+03	2.060910432856631613e-01	1.305823271553989695e-01	2.795739138742902585e-01	1.746302177844303583e-01	8.228243137065376078e-02	3.625378475069224865e-02	9.058628177858954467e-02
1.591626400292587959e+03	2.056732891731067325e-01	1.302923825883887943e-01	2.798425889759524887e-01	1.748153064152403735e-01	8.236355050758337182e-02	3.631075635823809850e-02	9.070212598120847014e-02
1.596464170506243590e+03	2.052579441309857200e-01	1.300040380706095622e-01	2.801097368185729297e-01	1.749993268374665234e-01	8.244421296767190377e-02	3.636743427323270439e-02	9.081730690117902072e-02
1.601301940719898766e+03	2.048449941683633535e-01	1.297172848373089049e-01	2.803753661718206835e-01	1.751822854334397495e-01	8.252442125919214055e-02	3.642381969315754142e-02	9.093182843643593527e-02
1.606139710933553943e+03	2.044344253763118180e-01	1.294321141714070700e-01	2.806394857533238141e-01	1.753641885434314429e-01	8.260417787882770591e-02	3.647991381626987384e-02	9.104569446014662559e-02
1.610977481147209119e+03	2.040262239274264477e-01	1.291485174032367678e-01	2.809021042290228976e-01	1.755450424659994180e-01	8.268348531165610471e-02	3.653571784147484347e-02	9.115890882090187108e-02
1.615815251360864750e+03	2.036203760753425296e-01	1.288664859102849058e-01	2.811632302135207984e-01	1.757248534583305266e-01	8.276234603113458155e-02	3.659123296820029902e-02	9.127147534290466768e-02
1.620653021574519926e+03	2.032168681542554922e-01	1.285860111169354336e-01	2.814228722704281149e-01	1.759036277365793044e-01	8.284076249908836620e-02	3.664646039627438012e-02	9.138339782615721718e-02
1.625490791788175102e+03	2.028156865784434271e-01	1.283070844942138244e-01	2.816810389127048508e-01	1.760813714762030358e-01	8.291873716570144492e-02	3.670140132580580750e-02	9.149468004664595977e-02
1.630328562001830505e+03	2.024168178417927733e-01	1.280296975595331122e-01	2.819377386029980337e-01	1.762580908122931833e-01	8.299627246950962156e-02	3.675605695706676140e-02	9.160532575652481635e-02
1.635166332215485909e+03	2.020202485173268336e-01	1.277538418764412043e-01	2.821929797539762252e-01	1.764337918399031258e-01	8.307337083739595174e-02	3.681042849037837600e-02	9.171533868429654346e-02
1.640004102429141085e+03	2.016259652567370109e-01	1.274795090543698051e-01	2.824467707286597573e-01	1.766084806143723984e-01	8.315003468458823099e-02	3.686451712599877334e-02	9.182472253499231185e-02
1.644841872642796488e+03	2.012339547899168191e-01	1.272066907483845044e-01	2.826991198407480255e-01	1.767821631516473257e-01	8.322626641465867559e-02	3.691832406401353989e-02	9.193348099034946708e-02
1.649679642856451665e+03	2.008442039244988098e-01	1.269353786589365873e-01	2.829500353549429525e-01	1.769548454285982952e-01	8.330206841952561558e-02	3.697185050422870101e-02	9.204161770898740269e-02
1.654517413070107068e+03	2.004566995453941625e-01	1.266655645316161760e-01	2.831995254872696766e-01	1.771265333833333955e-01	8.337744307945715860e-02	3.702509764606603387e-02	9.214913632658182363e-02
1.659355183283762244e+03	2.000714286143350229e-01	1.263972401569065929e-01	2.834475984053934083e-01	1.772972329155088345e-01	8.345239276307662990e-02	3.707806668846079512e-02	9.225604045603710834e-02
1.664192953497417420e+03	1.996883781694196447e-01	1.261303973699403336e-01	2.836942622289340687e-01	1.774669498866357220e-01	8.352691982737002474e-02	3.713075882976168973e-02	9.236233368765704721e-02
1.669030723711072824e+03	1.993075353246601122e-01	1.258650280502562890e-01	2.839395250297765405e-01	1.776356901203837435e-01	8.360102661769497345e-02	3.718317526763315062e-02	9.246801958931373522e-02
1.673868493924728000e+03	1.989288872695330057e-01	1.256011241215584939e-01	2.841833948323793657e-01	1.778034594028814752e-01	8.367471546779153835e-02	3.723531719895981085e-02	9.257310170661485482e-02
1.678706264138383403e+03	1.985524212685325640e-01	1.253386775514759854e-01	2.844258796140796131e-01	1.779702634830133412e-01	8.374798869979460658e-02	3.728718581975316165e-02	9.267758356306932122e-02
1.683544034352038352e+03	1.981781246607263458e-01	1.250776803513242441e-01	2.846669873053952471e-01	1.781361080727134616e-01	8.382084862424776794e-02	3.733878232506036149e-02	9.278146866025110961e-02
1.688381804565693983e+03	1.978059848593140824e-01	1.248181245758679531e-01	2.849067257903247774e-01	1.783009988472562535e-01	8.389329754011881635e-02	3.739010790887515451e-02	9.288476047796156987e-02
1.693219574779349159e+03	1.974359893511884734e-01	1.245600023230849229e-01	2.851451029066437992e-01	1.784649414455440064e-01	8.396533773481656970e-02	3.744116376405078744e-02	9.298746247439003410e-02
1.698057344993004335e+03	1.970681256964993411e-01	1.243033057339315434e-01	2.853821264461994800e-01	1.786279414703911550e-01	8.403697148420911922e-02	3.749195108221503592e-02	9.308957808627293939e-02
1.702895115206659511e+03	1.967023815282196164e-01	1.240480269921094142e-01	2.856178041552021041e-01	1.787900044888057205e-01	8.410820105264341096e-02	3.754247105368713894e-02	9.319111072905116033e-02
1.707732885420315142e+03	1.963387445517146279e-01	1.237941583238333920e-01	2.858521437345141192e-01	1.789511360322675049e-01	8.417902869296617352e-02	3.759272486739675956e-02	9.329206379702596752e-02
1.712570655633970318e+03	1.959772025443134447e-01	1.235416919976008443e-01	2.860851528399366295e-01	1.791113415970035372e-01	8.424945664654592825e-02	3.764271371080477047e-02	9.339244066351336249e-02
1.717408425847625494e+03	1.956177433548830502e-01	1.232906203239622633e-01	2.863168390824936127e-01	1.792706266442603835e-01	8.431948714329638717e-02	3.769243876982596164e-02	9.349224468099683050e-02
1.722246196061280898e+03	1.952603549034050423e-01	1.230409356552931016e-01	2.865472100287135282e-01	1.794289966005736814e-01	8.438912240170078072e-02	3.774190122875362152e-02	9.359147918127866395e-02
1.727083966274936301e+03	1.949050251805546363e-01	1.227926303855669532e-01	2.867762732009090376e-01	1.795864568580347320e-01	8.445836462883744844e-02	3.779110227018585982e-02	9.369014747562980083e-02
1.731921736488591478e+03	1.945517422472824998e-01	1.225456969501299426e-01	2.870040360774536170e-01	1.797430127745542616e-01	8.452721602040635940e-02	3.784004307495374836e-02	9.378825285493803954e-02
1.736759506702246881e+03	1.942004942343988627e-01	1.223001278254764179e-01	2.872305060930567810e-01	1.798986696741235458e-01	8.459567876075672899e-02	3.788872482205117576e-02	9.388579858985501847e-02
1.741597276915902057e+03	1.938512693421601540e-01	1.220559155290258518e-01	2.874556906390364208e-01	1.800534328470725087e-01	8.466375502291552391e-02	3.793714868856644384e-02	9.398278793094157202e-02
1.746435047129557461e+03	1.935040558398582744e-01	1.218130526189010049e-01	2.876795970635894206e-01	1.802073075503254074e-01	8.473144696861702185e-02	3.798531584961551549e-02	9.407922410881179587e-02
1.751272817343212637e+03	1.931588420654120064e-01	1.215715316937073104e-01	2.879022326720598879e-01	1.803602990076536294e-01	8.479875674833309285e-02	3.803322747827692085e-02	9.417511033427564127e-02
1.756110587556867813e+03	1.928156164249611171e-01	1.213313453923135082e-01	2.881236047272051071e-01	1.805124124099258820e-01	8.486568650130445202e-02	3.808088474552825953e-02	9.427044979848012152e-02
1.760948357770523216e+03	1.924743673924629028e-01	1.210924863936335000e-01	2.883437204494597728e-01	1.806636529153559934e-01	8.493223835557274504e-02	3.812828882018431259e-02	9.436524567304922784e-02
1.765786127984178393e+03	1.921350835092907605e-01	1.208549474164093418e-01	2.885625870171981133e-01	1.808140256497477449e-01	8.499841442801329972e-02	3.817544086883672277e-02	9.445950111022238804e-02
1.770623898197833569e+03	1.917977533838358672e-01	1.206187212189955837e-01	2.887802115669937386e-01	1.809635357067375383e-01	8.506421682436879350e-02	3.822234205579513183e-02	9.455321924299170400e-02
1.775461668411488745e+03	1.914623656911104421e-01	1.203838005991446497e-01	2.889966011938777668e-01	1.811121881480343143e-01	8.512964763928348999e-02	3.826899354302991385e-02	9.464640318523784290e-02
1.780299438625144376e+03	1.911289091723538947e-01	1.201501783937934803e-01	2.892117629515946198e-01	1.812599880036572797e-01	8.519470895633821095e-02	3.831539649011631021e-02	9.473905603186456859e-02
1.785137208838799552e+03	1.907973726346412491e-01	1.199178474788513693e-01	2.894257038528566528e-01	1.814069402721708857e-01	8.525940284808604386e-02	3.836155205418003561e-02	9.483118085893205151e-02
1.789974979052454728e+03	1.904677449504937614e-01	1.196868007689889241e-01	2.896384308695960641e-01	1.815530499209176696e-01	8.532373137608857683e-02	3.840746138984427183e-02	9.492278072378898535e-02
1.794812749266109904e+03	1.901400150574920067e-01	1.194570312174282611e-01	2.898499509332151947e-01	1.816983218862485705e-01	8.538769659095277187e-02	3.845312564917811177e-02	9.501385866520330181e-02
1.799650519479765535e+03	1.898141719578911035e-01	1.192285318157342983e-01	2.900602709348352182e-01	1.818427610737510247e-01	8.545130053236844880e-02	3.849854598164631492e-02	9.510441770349178925e-02
1.804488289693420711e+03	1.894902047182384641e-01	1.190012955936071704e-01	2.902693977255427771e-01	1.819863723584746185e-01	8.551454522914625489e-02	3.854372353406040896e-02	9.519446084064842051e-02
1.809326059907075887e+03	1.891681024689936819e-01	1.187753156186759085e-01	2.904773381166348978e-01	1.821291605851547424e-01	8.557743269925614793e-02	3.858865945053113755e-02	9.528399106047157063e-02
1.814163830120731291e+03	1.888478544041507501e-01	1.185505849962931318e-01	2.906840988798620740e-01	1.822711305684336369e-01	8.563996494986646224e-02	3.863335487242215011e-02	9.537301132868991616e-02
1.819001600334386467e+03	1.885294497808624181e-01	1.183270968693309610e-01	2.908896867476694625e-01	1.824122870930796336e-01	8.570214397738340484e-02	3.867781093830498229e-02	9.546152459308732130e-02
1.823839370548041643e+03	1.882128779190669343e-01	1.181048444179779444e-01	2.910941084134366363e-01	1.825526349142038984e-01	8.576397176749092632e-02	3.872202878391530628e-02	9.554953378362651684e-02
1.828677140761696819e+03	1.878981282011170373e-01	1.178838208595372194e-01	2.912973705317157269e-01	1.826921787574752043e-01	8.582545029519114688e-02	3.876600954211036065e-02	9.563704181257152992e-02
1.833514910975352450e+03	1.875851900714110565e-01	1.176640194482257568e-01	2.914994797184670694e-01	1.828309233193325389e-01	8.588658152484507369e-02	3.880975434282755987e-02	9.572405157460919800e-02
1.838352681189008081e+03	1.872740530360262057e-01	1.174454334749745893e-01	2.917004425512942367e-01	1.829688732671956031e-01	8.594736741021379023e-02	3.885326431304431116e-02	9.581056594696944761e-02
1.843190451402663257e+03	1.869647066623541798e-01	1.172280562672303322e-01	2.919002655696767978e-01	1.831060332396734214e-01	8.600780989449996472e-02	3.889654057673901100e-02	9.589658778954447682e-02
1.848028221616318433e+03	1.866571405787388338e-01	1.170118811887576327e-01	2.920989552752013552e-01	1.832424078467705941e-01	8.606791091038969166e-02	3.893958425485308933e-02	9.598211994500693844e-02
1.852865991829973609e+03	1.863513444741161651e-01	1.167969016394427711e-01	2.922965181317914163e-01	1.833780016700919391e-01	8.612767238009470805e-02	3.898239646525421959e-02	9.606716523892699922e-02
1.857703762043628785e+03	1.860473080976561833e-01	1.165831110550982763e-01	2.924929605659351561e-01	1.835128192630447741e-01	8.618709621539484556e-02	3.902497832270061806e-02	9.615172647988833032e-02
1.862541532257283961e+03	1.857450212584072502e-01	1.163705029072687747e-01	2.926882889669122356e-01	1.836468651510396177e-01	8.624618431768084348e-02	3.906733093880637719e-02	9.623580645960315427e-02
1.867379302470939592e+03	1.854444738249421964e-01	1.161590707030376174e-01	2.928825096870183442e-01	1.837801438316886971e-01	8.630493857799739765e-02	3.910945542200786051e-02	9.631940795302616765e-02
1.872217072684594768e+03	1.851456557250069079e-01	1.159488079848349229e-01	2.930756290417886323e-01	1.839126597750027070e-01	8.636336087708643139e-02	3.915135287753113147e-02	9.640253371846756181e-02
1.877054842898249490e+03	1.848485569451707444e-01	1.157397083302462992e-01	2.932676533102195338e-01	1.840444174235856545e-01	8.642145308543068560e-02	3.919302440736039533e-02	9.648518649770489175e-02
1.881892613111905121e+03	1.845531675304792618e-01	1.155317653518229265e-01	2.934585887349892563e-01	1.841754211928278429e-01	8.647921706329747549e-02	3.923447111020739175e-02	9.656736901609412616e-02
1.886730383325560297e+03	1.842594775841087107e-01	1.153249726968924305e-01	2.936484415226759959e-01	1.843056754710971357e-01	8.653665466078262758e-02	3.927569408148178648e-02	9.664908398267962886e-02
1.891568153539215928e+03	1.839674772670228942e-01	1.151193240473710327e-01	2.938372178439757065e-01	1.844351846199282496e-01	8.659376771785469440e-02	3.931669441326252762e-02	9.673033409030321050e-02
1.896405923752871104e+03	1.836771567976320241e-01	1.149148131195764366e-01	2.940249238339178173e-01	1.845639529742104656e-01	8.665055806439928010e-02	3.935747319427009699e-02	9.681112201571226428e-02
1.901243693966526507e+03	1.833885064514534091e-01	1.147114336640419480e-01	2.942115655920794492e-01	1.846919848423734523e-01	8.670702752026356042e-02	3.939803150983969826e-02	9.689145041966688854e-02
1.906081464180181683e+03	1.831015165607743633e-01	1.145091794653315953e-01	2.943971491827984677e-01	1.848192845065715351e-01	8.676317789530091362e-02	3.943837044189531932e-02	9.697132194704612129e-02
1.910919234393836859e+03	1.828161775143172518e-01	1.143080443418561798e-01	2.945816806353849793e-01	1.849458562228660785e-01	8.681901098941578743e-02	3.947849106892472454e-02	9.705073922695335586e-02
1.915757004607492036e+03	1.825324797569061186e-01	1.141080221456902827e-01	2.947651659443312200e-01	1.850717042214062580e-01	8.687452859260853810e-02	3.951839446595525190e-02	9.712970487282066023e-02
1.920594774821147894e+03	1.822504137891357845e-01	1.139091067623904663e-01	2.949476110695204434e-01	1.851968327066081665e-01	8.692973248502058881e-02	3.955808170453049832e-02	9.720822148251243022e-02
1.925432545034802843e+03	1.819699701670424719e-01	1.137112921108142660e-01	2.951290219364339773e-01	1.853212458573324506e-01	8.698462443697943525e-02	3.959755385268778211e-02	9.728629163842800187e-02
1.930270315248458019e+03	1.816911395017768438e-01	1.135145721429401955e-01	2.953094044363572812e-01	1.854449478270601137e-01	8.703920620904398442e-02	3.963681197493650749e-02	9.736391790760348663e-02
1.935108085462113195e+03	1.814139124592786534e-01	1.133189408436888757e-01	2.954887644265843383e-01	1.855679427440667939e-01	8.709347955204986558e-02	3.967585713223720917e-02	9.744110284181266290e-02
1.939945855675768371e+03	1.811382797599535299e-01	1.131243922307449551e-01	2.956671077306210482e-01	1.856902347115955421e-01	8.714744620715476897e-02	3.971469038198150586e-02	9.751784897766710425e-02
1.944783625889424002e+03	1.808642321783515416e-01	1.129309203543801543e-01	2.958444401383866773e-01	1.858118278080279906e-01	8.720110790588390948e-02	3.975331277797271995e-02	9.759415883671547498e-02
1.949621396103079178e+03	1.805917605428478401e-01	1.127385192972770872e-01	2.960207674064148087e-01	1.859327260870539678e-01	8.725446637017555962e-02	3.979172537040729513e-02	9.767003492554192368e-02
1.954459166316734354e+03	1.803208557353251362e-01	1.125471831743542206e-01	2.961960952580521833e-01	1.860529335778397242e-01	8.730752331242654096e-02	3.982992920585694263e-02	9.774547973586376892e-02
1.959296936530389530e+03	1.800515086908580087e-01	1.123569061325916940e-01	2.963704293836567083e-01	1.861724542851945774e-01	8.736028043553779876e-02	3.986792532725150218e-02	9.782049574462821362e-02
1.964134706744044706e+03	1.797837103973993211e-01	1.121676823508580972e-01	2.965437754407939663e-01	1.862912921897360019e-01	8.741273943296004600e-02	3.990571477386255228e-02	9.789508541410850417e-02
1.968972476957700337e+03	1.795174518954681941e-01	1.119795060397381359e-01	2.967161390544327815e-01	1.864094512480534149e-01	8.746490198873929645e-02	3.994329858128763816e-02	9.796925119199907661e-02
1.973810247171355968e+03	1.792527242778401142e-01	1.117923714413613517e-01	2.968875258171387865e-01	1.865269353928705465e-01	8.751676977756252251e-02	3.998067778143525597e-02	9.804299551151003655e-02
1.978648017385010689e+03	1.789895186892387358e-01	1.116062728292316758e-01	2.970579412892674909e-01	1.866437485332061719e-01	8.756834446480324385e-02	4.001785340251045459e-02	9.811632079146084817e-02
1.983485787598666320e+03	1.787278263260295985e-01	1.114212045080579111e-01	2.972273909991558494e-01	1.867598945545337341e-01	8.761962770656714361e-02	4.005482646900113131e-02	9.818922943637331535e-02
1.988323557812321269e+03	1.784676384359155932e-01	1.112371608135851592e-01	2.973958804433122216e-01	1.868753773189394118e-01	8.767062114973765696e-02	4.009159800166491733e-02	9.826172383656368858e-02
1.993161328025976900e+03	1.782089463176345090e-01	1.110541361124271764e-01	2.975634150866056649e-01	1.869902006652789106e-01	8.772132643202146252e-02	4.012816901751676407e-02	9.833380636823420284e-02
1.997999098239632076e+03	1.779517413206578857e-01	1.108721248018995492e-01	2.977300003624536173e-01	1.871043684093326998e-01	8.777174518199411246e-02	4.016454052981704992e-02	9.840547939356374119e-02
2.002836868453287707e+03	1.776960148448922250e-01	1.106911213098539237e-01	2.978956416730085266e-01	1.872178843439602502e-01	8.782187901914544070e-02	4.020071354806038777e-02	9.847674526079783219e-02
2.007674638666942428e+03	1.774417583403815335e-01	1.105111200945129574e-01	2.980603443893434235e-01	1.873307522392527458e-01	8.787172955392505425e-02	4.023668907796495303e-02	9.854760630433789803e-02
2.012512408880597604e+03	1.771889633070120595e-01	1.103321156443063250e-01	2.982241138516357193e-01	1.874429758426844894e-01	8.792129838778768580e-02	4.027246812146243610e-02	9.861806484482986412e-02
2.017350179094252780e+03	1.769376212942182780e-01	1.101541024777074329e-01	2.983869553693506149e-01	1.875545588792631446e-01	8.797058711323854641e-02	4.030805167668851524e-02	9.868812318925204718e-02
2.022187949307908411e+03	1.766877239006911238e-01	1.099770751430712012e-01	2.985488742214227331e-01	1.876655050516786716e-01	8.801959731387859476e-02	4.034344073797395402e-02	9.875778363100225221e-02
2.027025719521564042e+03	1.764392627740878350e-01	1.098010282184726238e-01	2.987098756564369184e-01	1.877758180404508759e-01	8.806833056444977881e-02	4.037863629583614972e-02	9.882704844998435600e-02
2.031863489735218764e+03	1.761922296107432395e-01	1.096259563115461744e-01	2.988699648928076491e-01	1.878855015040759580e-01	8.811678843088008306e-02	4.041363933697131317e-02	9.889591991269408577e-02
2.036701259948874394e+03	1.759466161553831232e-01	1.094518540593261841e-01	2.990291471189575612e-01	1.879945590791717025e-01	8.816497247032870077e-02	4.044845084424711357e-02	9.896440027230414549e-02
2.041539030162529116e+03	1.757024142008391798e-01	1.092787161280878994e-01	2.991874274934945288e-01	1.881029943806214466e-01	8.821288423123085920e-02	4.048307179669584366e-02	9.903249176874877324e-02
2.046376800376184747e+03	1.754596155877655717e-01	1.091065372131896638e-01	2.993448111453880234e-01	1.882108110017168823e-01	8.826052525334282528e-02	4.051750316950808450e-02	9.910019662880753533e-02
2.051214570589840150e+03	1.752182122043573209e-01	1.089353120389156687e-01	2.995013031741437515e-01	1.883180125142997763e-01	8.830789706778661985e-02	4.055174593402687683e-02	9.916751706618852358e-02
2.056052340803495554e+03	1.749781959860704506e-01	1.087650353583197727e-01	2.996569086499777934e-01	1.884246024689024135e-01	8.835500119709473188e-02	4.058580105774236418e-02	9.923445528161094209e-02
2.060890111017150957e+03	1.747395589153434015e-01	1.085957019530700146e-01	2.998116326139895760e-01	1.885305843948869020e-01	8.840183915525473557e-02	4.061966950428690798e-02	9.930101346288697228e-02
2.065727881230805451e+03	1.745022930213206425e-01	1.084273066332940710e-01	2.999654800783330133e-01	1.886359618005833405e-01	8.844841244775368538e-02	4.065335223343066046e-02	9.936719378500312450e-02
2.070565651444461309e+03	1.742663903795775293e-01	1.082598442374254621e-01	3.001184560263875367e-01	1.887407381734269585e-01	8.849472257162258049e-02	4.068685020107758177e-02	9.943299841020092344e-02
2.075403421658116713e+03	1.740318431118469955e-01	1.080933096320506326e-01	3.002705654129275148e-01	1.888449169800940353e-01	8.854077101548056550e-02	4.072016435926191502e-02	9.949842948805692755e-02
2.080241191871772116e+03	1.737986433857478252e-01	1.079276977117568925e-01	3.004218131642906742e-01	1.889485016666367923e-01	8.858655925957910349e-02	4.075329565614507765e-02	9.956348915556220702e-02
2.085078962085427065e+03	1.735667834145145361e-01	1.077630033989810387e-01	3.005722041785455767e-01	1.890514956586171191e-01	8.863208877584596856e-02	4.078624503601301771e-02	9.962817953720128072e-02
2.089916732299082469e+03	1.733362554567289548e-01	1.075992216438589888e-01	3.007217433256578198e-01	1.891539023612394121e-01	8.867736102792914132e-02	4.081901343927391013e-02	9.969250274503027587e-02
2.094754502512737417e+03	1.731070518160532090e-01	1.074363474240760535e-01	3.008704354476555154e-01	1.892557251594820522e-01	8.872237747124063489e-02	4.085160180245631795e-02	9.975646087875472690e-02
2.099592272726392821e+03	1.728791648409645498e-01	1.072743757447180979e-01	3.010182853587933804e-01	1.893569674182281337e-01	8.876713955300005732e-02	4.088401105820775594e-02	9.982005602580659720e-02
2.104430042940048224e+03	1.726525869244915357e-01	1.071133016381235203e-01	3.011652978457159957e-01	1.894576324823949443e-01	8.881164871227814617e-02	4.091624213529358040e-02	9.988329026142085676e-02
2.109267813153704083e+03	1.724273105039520471e-01	1.069531201637359402e-01	3.013114776676200646e-01	1.895577236770625840e-01	8.885590638004009501e-02	4.094829595859632299e-02	9.994616564871149078e-02
2.114105583367359031e+03	1.722033280606925232e-01	1.067938264079578009e-01	3.014568295564156175e-01	1.896572443076015024e-01	8.889991397918889371e-02	4.098017344911536464e-02	1.000086842387468145e-01
2.118943353581013525e+03	1.719806321198290300e-01	1.066354154840045976e-01	3.016013582168861618e-01	1.897561976597990085e-01	8.894367292460830798e-02	4.101187552396697716e-02	1.000708480706244130e-01
2.123781123794669384e+03	1.717592152499898273e-01	1.064778825317601180e-01	3.017450683268478318e-01	1.898545869999847258e-01	8.898718462320584499e-02	4.104340309638475348e-02	1.001326591715454017e-01
2.128618894008324787e+03	1.715390700630593512e-01	1.063212227176322106e-01	3.018879645373075404e-01	1.899524155751553534e-01	8.903045047395558020e-02	4.107475707572028761e-02	1.001941195568881587e-01
2.133456664221980191e+03	1.713201892139238625e-01	1.061654312344095241e-01	3.020300514726202978e-01	1.900496866130980400e-01	8.907347186794077609e-02	4.110593836744434737e-02	1.002552312302815857e-01
2.138294434435635139e+03	1.711025654002184260e-01	1.060105033011188858e-01	3.021713337306454750e-01	1.901464033225131744e-01	8.911625018839640366e-02	4.113694787314824824e-02	1.003159961836778136e-01
2.143132204649290543e+03	1.708861913620756956e-01	1.058564341628835254e-01	3.023118158829017355e-01	1.902425688931360659e-01	8.915878681075144196e-02	4.116778649054559508e-02	1.003764163974242840e-01
2.147969974862945492e+03	1.706710598818759195e-01	1.057032190907820496e-01	3.024515024747218006e-01	1.903381864958575975e-01	8.920108310267110818e-02	4.119845511347437761e-02	1.004364938403354834e-01
2.152807745076601350e+03	1.704571637839984999e-01	1.055508533817081790e-01	3.025903980254052716e-01	1.904332592828441861e-01	8.924314042409886572e-02	4.122895463189931581e-02	1.004962304697639836e-01
2.157645515290255844e+03	1.702444959345751907e-01	1.053993323582311237e-01	3.027285070283714519e-01	1.905277903876565759e-01	8.928496012729833509e-02	4.125928593191457300e-02	1.005556282316710376e-01
2.162483285503912157e+03	1.700330492412445160e-01	1.052486513684569164e-01	3.028658339513105036e-01	1.906217829253679108e-01	8.932654355689492731e-02	4.128944989574671182e-02	1.006146890606967603e-01
2.167321055717567106e+03	1.698228166529079097e-01	1.050988057858903146e-01	3.030023832363340497e-01	1.907152399926808350e-01	8.936789204991749114e-02	4.131944740175796243e-02	1.006734148802296697e-01
2.172158825931222509e+03	1.696137911594871039e-01	1.049497910092975494e-01	3.031381593001246655e-01	1.908081646680437338e-01	8.940900693583961334e-02	4.134927932444978915e-02	1.007318076024757841e-01
2.176996596144877003e+03	1.694059657916830441e-01	1.048016024625697956e-01	3.032731665340845928e-01	1.909005600117659462e-01	8.944988953662090514e-02	4.137894653446669985e-02	1.007898691285272486e-01
2.181834366358532861e+03	1.691993336207362197e-01	1.046542355945872527e-01	3.034074093044835108e-01	1.909924290661324520e-01	8.949054116674801107e-02	4.140844989860037462e-02	1.008476013484304323e-01
2.186672136572187810e+03	1.689938877581885768e-01	1.045076858790841418e-01	3.035408919526051408e-01	1.910837748555173354e-01	8.953096313327556233e-02	4.143779027979398871e-02	1.009050061412535976e-01
2.191509906785843214e+03	1.687896213556464575e-01	1.043619488145143132e-01	3.036736187948933519e-01	1.911746003864965293e-01	8.957115673586678317e-02	4.146696853714687547e-02	1.009620853751540259e-01
2.196347676999498617e+03	1.685865276045455108e-01	1.042170199239176032e-01	3.038055941230971002e-01	1.912649086479598082e-01	8.961112326683416673e-02	4.149598552591939743e-02	1.010188409074447291e-01
2.201185447213154021e+03	1.683845997359164348e-01	1.040728947547869543e-01	3.039368222044145362e-01	1.913547026112218663e-01	8.965086401117977610e-02	4.152484209753803945e-02	1.010752745846606460e-01
2.206023217426809424e+03	1.681838310201525244e-01	1.039295688789360905e-01	3.040673072816363343e-01	1.914439852301325629e-01	8.969038024663548991e-02	4.155353909960080028e-02	1.011313882426244232e-01
2.210860987640464373e+03	1.679842147667784669e-01	1.037870378923681364e-01	3.041970535732878567e-01	1.915327594411863621e-01	8.972967324370297038e-02	4.158207737588277136e-02	1.011871837065116270e-01
2.215698757854119776e+03	1.677857443242203872e-01	1.036452974151447631e-01	3.043260652737708738e-01	1.916210281636308854e-01	8.976874426569361742e-02	4.161045776634197946e-02	1.012426627909156773e-01
2.220536528067775180e+03	1.675884130795774751e-01	1.035043430912560569e-01	3.044543465535038962e-01	1.917087942995749916e-01	8.980759456876816205e-02	4.163868110712542342e-02	1.012978272999121993e-01
2.225374298281430583e+03	1.673922144583948335e-01	1.033641705884912054e-01	3.045819015590620626e-01	1.917960607340955248e-01	8.984622540197624574e-02	4.166674823057536087e-02	1.013526790271229300e-01
2.230212068495085077e+03	1.671971419244377977e-01	1.032247755983097676e-01	3.047087344133160847e-01	1.918828303353437570e-01	8.988463800729573627e-02	4.169465996523577522e-02	1.014072197557792099e-01
2.235049838708740936e+03	1.670031889794674207e-01	1.030861538357136092e-01	3.048348492155702472e-01	1.919691059546508316e-01	8.992283361967187694e-02	4.172241713585906481e-02	1.014614512587851125e-01
2.239887608922396339e+03	1.668103491630174573e-01	1.029483010391196302e-01	3.049602500416995210e-01	1.920548904266324852e-01	8.996081346705624149e-02	4.175002056341292622e-02	1.015153752987799363e-01
2.244725379136052197e+03	1.666186160521725690e-01	1.028112129702331012e-01	3.050849409442860094e-01	1.921401865692929090e-01	8.999857877044556420e-02	4.177747106508748753e-02	1.015689936282005296e-01
2.249563149349706237e+03	1.664279832613480004e-01	1.026748854139217237e-01	3.052089259527545062e-01	1.922249971841280825e-01	9.003613074392037563e-02	4.180476945430252472e-02	1.016223079893429498e-01
2.254400919563362095e+03	1.662384444420702545e-01	1.025393141780903267e-01	3.053322090735072214e-01	1.923093250562281642e-01	9.007347059468341632e-02	4.183191654071496957e-02	1.016753201144238311e-01
2.259238689777017044e+03	1.660499932827594616e-01	1.024044950935562304e-01	3.054547942900574520e-01	1.923931729543792157e-01	9.011059952309791177e-02	4.185891313022659099e-02	1.017280317256413213e-01
2.264076459990672902e+03	1.658626235085128298e-01	1.022704240139253457e-01	3.055766855631628642e-01	1.924765436311641487e-01	9.014751872272568078e-02	4.188576002499175277e-02	1.017804445352355480e-01
