1.001418434226643626e+03	2.794268389575942368e-01	1.806704806730296264e-01	2.348539824835637613e-01	1.410905700025282261e-01	6.771409395674522769e-02	2.689885106038150675e-02	6.934518286587458558e-02
1.002869765290740247e+03	2.791718700619399418e-01	1.805018314182373074e-01	2.350305981654622622e-01	1.411968219356488086e-01	6.775359291402877071e-02	2.692721302856430216e-02	6.941807247583585416e-02
1.004321096354836754e+03	2.789173408255403164e-01	1.803334681704663600e-01	2.352068750880277337e-01	1.413028794260497156e-01	6.779302550767035696e-02	2.695554003698921036e-02	6.949087094497360950e-02
1.005772427418933376e+03	2.786632504801968002e-01	1.801653904319926724e-01	2.353828141692386744e-01	1.414087428652834322e-01	6.783239188092453353e-02	2.698383206481462515e-02	6.956357810726665480e-02
1.007223758483029997e+03	2.784095982591432983e-01	1.799975977060644383e-01	2.355584163222564364e-01	1.415144126439036865e-01	6.787169217657072762e-02	2.701208909174274836e-02	6.963619380003610582e-02
1.008675089547126618e+03	2.781563833970427946e-01	1.798300894968993813e-01	2.357336824554646382e-01	1.416198891514692249e-01	6.791092653691556402e-02	2.704031109801544736e-02	6.970871786391047431e-02
1.010126420611223239e+03	2.779036051299838550e-01	1.796628653096818407e-01	2.359086134725077721e-01	1.417251727765475589e-01	6.795009510379521056e-02	2.706849806441014722e-02	6.978115014279120953e-02
1.011577751675319632e+03	2.776512626954772411e-01	1.794959246505599126e-01	2.360832102723298687e-01	1.418302639067186843e-01	6.798919801857765399e-02	2.709664997223571598e-02	6.985349048381857273e-02
1.013029082739416367e+03	2.773993553324527461e-01	1.793292670266426192e-01	2.362574737492125765e-01	1.419351629285786343e-01	6.802823542216503150e-02	2.712476680332842269e-02	6.992573873733765044e-02
1.014480413803512761e+03	2.771478822812555864e-01	1.791628919459971325e-01	2.364314047928129381e-01	1.420398702277433090e-01	6.806720745499586500e-02	2.715284854004786780e-02	6.999789475686497842e-02
1.015931744867609382e+03	2.768968427836432378e-01	1.789967989176459995e-01	2.366050042882008320e-01	1.421443861888520566e-01	6.810611425704730937e-02	2.718089516527300367e-02	7.006995839905531820e-02
1.017383075931706003e+03	2.766462360827818823e-01	1.788309874515642273e-01	2.367782731158960541e-01	1.422487111955712813e-01	6.814495596783745612e-02	2.720890666239811004e-02	7.014192952366872513e-02
1.018834406995802851e+03	2.763960614232433000e-01	1.786654570586767299e-01	2.369512121519050940e-01	1.423528456305981627e-01	6.818373272642754002e-02	2.723688301532887004e-02	7.021380799353806046e-02
1.020285738059899245e+03	2.761463180510015381e-01	1.785002072508553861e-01	2.371238222677575502e-01	1.424567898756640416e-01	6.822244467142417335e-02	2.726482420847841162e-02	7.028559367453675322e-02
1.021737069123995752e+03	2.758970052134293582e-01	1.783352375409164026e-01	2.372961043305421569e-01	1.425605443115381676e-01	6.826109194098151089e-02	2.729273022676341823e-02	7.035728643554682582e-02
1.023188400188092373e+03	2.756481221592953501e-01	1.781705474426175939e-01	2.374680592029425608e-01	1.426641093180312514e-01	6.829967467280352589e-02	2.732060105560022920e-02	7.042888614842733597e-02
1.024639731252188767e+03	2.753996681387603784e-01	1.780061364706556348e-01	2.376396877432727373e-01	1.427674852739989342e-01	6.833819300414611941e-02	2.734843668090099905e-02	7.050039268798304060e-02
1.026091062316285615e+03	2.751516424033745301e-01	1.778420041406634788e-01	2.378109908055120458e-01	1.428706725573452851e-01	6.837664707181932700e-02	2.737623708906986031e-02	7.057180593193337903e-02
1.027542393380382237e+03	2.749040442060736722e-01	1.776781499692075272e-01	2.379819692393400077e-01	1.429736715450263818e-01	6.841503701218946965e-02	2.740400226699911748e-02	7.064312576088180307e-02
1.028993724444478858e+03	2.746568728011762328e-01	1.775145734737851033e-01	2.381526238901707504e-01	1.430764826130537237e-01	6.845336296118133268e-02	2.743173220206547580e-02	7.071435205828537074e-02
1.030445055508575479e+03	2.744101274443803140e-01	1.773512741728217879e-01	2.383229555991870918e-01	1.431791061364977580e-01	6.849162505428020575e-02	2.745942688212627686e-02	7.078548471042456214e-02
1.031896386572671872e+03	2.741638073927600283e-01	1.771882515856686990e-01	2.384929652033745406e-01	1.432815424894913203e-01	6.852982342653413106e-02	2.748708629551577590e-02	7.085652360637355318e-02
1.033347717636768493e+03	2.739179119047625566e-01	1.770255052325999945e-01	2.386626535355544920e-01	1.433837920452329939e-01	6.856795821255588785e-02	2.751471043104143296e-02	7.092746863797062817e-02
1.034799048700865114e+03	2.736724402402050949e-01	1.768630346348102622e-01	2.388320214244176454e-01	1.434858551759906342e-01	6.860602954652518515e-02	2.754229927798024224e-02	7.099831969978895319e-02
1.036250379764961508e+03	2.734273916602713572e-01	1.767008393144118006e-01	2.390010696945568391e-01	1.435877322531046718e-01	6.864403756219070174e-02	2.756985282607506138e-02	7.106907668910761311e-02
1.037701710829058356e+03	2.731827654275087447e-01	1.765389187944322036e-01	2.391697991664996081e-01	1.436894236469914987e-01	6.868198239287214013e-02	2.759737106553099978e-02	7.113973950588292627e-02
1.039153041893154750e+03	2.729385608058249035e-01	1.763772725988117518e-01	2.393382106567405188e-01	1.437909297271468823e-01	6.871986417146230819e-02	2.762485398701179304e-02	7.121030805272006436e-02
1.040604372957251599e+03	2.726947770604848942e-01	1.762159002524008311e-01	2.395063049777730046e-01	1.438922508621492402e-01	6.875768303042915919e-02	2.765230158163622942e-02	7.128078223484488052e-02
1.042055704021347992e+03	2.724514134581078606e-01	1.760548012809574903e-01	2.396740829381213134e-01	1.439933874196630825e-01	6.879543910181787347e-02	2.767971384097460061e-02	7.135116196007608436e-02
1.043507035085444613e+03	2.722084692666640326e-01	1.758939752111448318e-01	2.398415453423717036e-01	1.440943397664422032e-01	6.883313251725278747e-02	2.770709075704514898e-02	7.142144713879769458e-02
1.044958366149541234e+03	2.719659437554716175e-01	1.757334215705285418e-01	2.400086929912036426e-01	1.441951082683329832e-01	6.887076340793947538e-02	2.773443232231056002e-02	7.149163768393163032e-02
1.046409697213637855e+03	2.717238361951936909e-01	1.755731398875744476e-01	2.401755266814206702e-01	1.442956932902777212e-01	6.890833190466674751e-02	2.776173852967448244e-02	7.156173351091074664e-02
1.047861028277734476e+03	2.714821458578352553e-01	1.754131296916459914e-01	2.403420472059807911e-01	1.443960951963178807e-01	6.894583813780860715e-02	2.778900937247805875e-02	7.163173453765200871e-02
1.049312359341831097e+03	2.712408720167398535e-01	1.752533905130017611e-01	2.405082553540269785e-01	1.444963143495973101e-01	6.898328223732623499e-02	2.781624484449648008e-02	7.170164068452998529e-02
1.050763690405927491e+03	2.710000139465868485e-01	1.750939218827931021e-01	2.406741519109170391e-01	1.445963511123655176e-01	6.902066433276997370e-02	2.784344493993557573e-02	7.177145187435056417e-02
1.052215021470024112e+03	2.707595709233884262e-01	1.749347233330616480e-01	2.408397376582532834e-01	1.446962058459807798e-01	6.905798455328125696e-02	2.787060965342841312e-02	7.184116803232491744e-02
1.053666352534120733e+03	2.705195422244862091e-01	1.747757943967368222e-01	2.410050133739119471e-01	1.447958789109134725e-01	6.909524302759456615e-02	2.789773898003191852e-02	7.191078908604377207e-02
1.055117683598217127e+03	2.702799271285487026e-01	1.746171346076336173e-01	2.411699798320725285e-01	1.448953706667491514e-01	6.913243988403933171e-02	2.792483291522353597e-02	7.198031496545190255e-02
1.056569014662313975e+03	2.700407249155678535e-01	1.744587435004499865e-01	2.413346378032465156e-01	1.449946814721917443e-01	6.916957525054191758e-02	2.795189145489789320e-02	7.204974560282284557e-02
1.058020345726410369e+03	2.698019348668564965e-01	1.743006206107645673e-01	2.414989880543062239e-01	1.450938116850666870e-01	6.920664925462746697e-02	2.797891459536349518e-02	7.211908093273386444e-02
1.059471676790506763e+03	2.695635562650450234e-01	1.741427654750343501e-01	2.416630313485129689e-01	1.451927616623240325e-01	6.924366202342181753e-02	2.800590233333944551e-02	7.218832089204123281e-02
1.060923007854603611e+03	2.693255883940784412e-01	1.739851776305922360e-01	2.418267684455452649e-01	1.452915317600416978e-01	6.928061368365338868e-02	2.803285466595217823e-02	7.225746541985561544e-02
1.062374338918700232e+03	2.690880305392138183e-01	1.738278566156446492e-01	2.419902001015267201e-01	1.453901223334283788e-01	6.931750436165509677e-02	2.805977159073221733e-02	7.232651445751787922e-02
1.063825669982796853e+03	2.688508819870169542e-01	1.736708019692693727e-01	2.421533270690536532e-01	1.454885337368267695e-01	6.935433418336613143e-02	2.808665310561097098e-02	7.239546794857495970e-02
1.065277001046893474e+03	2.686141420253594370e-01	1.735140132314131056e-01	2.423161500972223492e-01	1.455867663237165044e-01	6.939110327433388459e-02	2.811349920891751189e-02	7.246432583875601907e-02
1.066728332110990095e+03	2.683778099434159237e-01	1.733574899428891036e-01	2.424786699316563432e-01	1.456848204467173502e-01	6.942781175971575458e-02	2.814030989937542707e-02	7.253308807594893715e-02
1.068179663175086489e+03	2.681418850316611424e-01	1.732012316453750145e-01	2.426408873145329825e-01	1.457826964575921480e-01	6.946445976428099189e-02	2.816708517609963630e-02	7.260175461017687182e-02
1.069630994239183110e+03	2.679063665818671169e-01	1.730452378814105185e-01	2.428028029846104052e-01	1.458803947072498941e-01	6.950104741241253103e-02	2.819382503859328357e-02	7.267032539357515253e-02
1.071082325303279504e+03	2.676712538870998359e-01	1.728895081943950252e-01	2.429644176772535746e-01	1.459779155457487099e-01	6.953757482810879464e-02	2.822052948674461451e-02	7.273880038036835416e-02
1.072533656367376352e+03	2.674365462417170325e-01	1.727340421285854521e-01	2.431257321244606195e-01	1.460752593222988116e-01	6.957404213498545598e-02	2.824719852082387822e-02	7.280717952684766237e-02
1.073984987431472746e+03	2.672022429413648537e-01	1.725788392290939777e-01	2.432867470548886746e-01	1.461724263852656192e-01	6.961044945627727076e-02	2.827383214148027069e-02	7.287546279134832217e-02
1.075436318495569594e+03	2.669683432829750291e-01	1.724238990418857642e-01	2.434474631938795541e-01	1.462694170821725037e-01	6.964679691483986745e-02	2.830043034973887123e-02	7.294365013422743349e-02
1.076887649559666215e+03	2.667348465647622069e-01	1.722692211137767659e-01	2.436078812634850654e-01	1.463662317597039242e-01	6.968308463315148193e-02	2.832699314699762411e-02	7.301174151784194100e-02
1.078338980623762609e+03	2.665017520862211775e-01	1.721148049924315082e-01	2.437680019824922939e-01	1.464628707637082583e-01	6.971931273331473389e-02	2.835352053502431316e-02	7.307973690652677656e-02
1.079790311687859230e+03	2.662690591481236546e-01	1.719606502263608117e-01	2.439278260664485276e-01	1.465593344392008279e-01	6.975548133705836151e-02	2.838001251595359542e-02	7.314763626657327933e-02
1.081241642751955851e+03	2.660367670525159434e-01	1.718067563649196827e-01	2.440873542276860153e-01	1.466556231303666191e-01	6.979159056573899789e-02	2.840646909228401740e-02	7.321543956620778226e-02
1.082692973816052472e+03	2.658048751027157208e-01	1.716531229583051210e-01	2.442465871753464746e-01	1.467517371805633908e-01	6.982764054034280854e-02	2.843289026687506604e-02	7.328314677557046242e-02
1.084144304880149093e+03	2.655733826033096490e-01	1.714997495575538433e-01	2.444055256154052946e-01	1.468476769323243947e-01	6.986363138148733720e-02	2.845927604294424054e-02	7.335075786669434383e-02
1.085595635944245487e+03	2.653422888601500995e-01	1.713466357145402852e-01	2.445641702506957393e-01	1.469434427273612620e-01	6.989956320942312951e-02	2.848562642406414491e-02	7.341827281348448087e-02
1.087046967008342108e+03	2.651115931803528225e-01	1.711937809819743250e-01	2.447225217809326503e-01	1.470390349065668900e-01	6.993543614403543995e-02	2.851194141415959796e-02	7.348569159169747456e-02
1.088498298072438729e+03	2.648812948722939487e-01	1.710411849133991469e-01	2.448805809027361780e-01	1.471344538100182731e-01	6.997125030484592501e-02	2.853822101750476056e-02	7.355301417892101679e-02
1.089949629136535123e+03	2.646513932456072693e-01	1.708888470631891865e-01	2.450383483096550963e-01	1.472296997769793059e-01	7.000700581101436393e-02	2.856446523872028381e-02	7.362024055455375360e-02
1.091400960200631971e+03	2.644218876111815164e-01	1.707367669865479110e-01	2.451958246921901174e-01	1.473247731459036147e-01	7.004270278134028249e-02	2.859067408277047098e-02	7.368737069978532894e-02
1.092852291264728365e+03	2.641927772811576980e-01	1.705849442395057924e-01	2.453530107378167346e-01	1.474196742544373606e-01	7.007834133426460443e-02	2.861684755496048463e-02	7.375440459757658107e-02
1.094303622328825213e+03	2.639640615689262115e-01	1.704333783789181989e-01	2.455099071310082037e-01	1.475144034394218762e-01	7.011392158787131679e-02	2.864298566093352941e-02	7.382134223263996098e-02
1.095754953392921607e+03	2.637357397891242350e-01	1.702820689624632011e-01	2.456665145532579142e-01	1.476089610368966076e-01	7.014944365988914909e-02	2.866908840666809039e-02	7.388818359142011738e-02
1.097206284457018228e+03	2.635078112576330067e-01	1.701310155486396303e-01	2.458228336831017879e-01	1.477033473821018073e-01	7.018490766769315548e-02	2.869515579847517137e-02	7.395492866207474536e-02
1.098657615521114849e+03	2.632802752915751054e-01	1.699802176967649403e-01	2.459788651961406225e-01	1.477975628094812255e-01	7.022031372830636609e-02	2.872118784299555055e-02	7.402157743445549054e-02
1.100108946585211470e+03	2.630531312093117857e-01	1.698296749669731542e-01	2.461346097650618514e-01	1.478916076526849144e-01	7.025566195840135530e-02	2.874718454719707439e-02	7.408812990008917243e-02
1.101560277649308091e+03	2.628263783304402024e-01	1.696793869202127825e-01	2.462900680596613601e-01	1.479854822445718920e-01	7.029095247430190707e-02	2.877314591837194097e-02	7.415458605215914656e-02
1.103011608713404712e+03	2.626000159757909680e-01	1.695293531182448798e-01	2.464452407468651907e-01	1.480791869172128350e-01	7.032618539198454144e-02	2.879907196413403203e-02	7.422094588548677763e-02
1.104462939777501106e+03	2.623740434674252664e-01	1.693795731236409086e-01	2.466001284907507196e-01	1.481727220018927704e-01	7.036136082708019379e-02	2.882496269241623110e-02	7.428720939651319022e-02
1.105914270841597499e+03	2.621484601286321880e-01	1.692300464997807397e-01	2.467547319525679461e-01	1.482660878291137407e-01	7.039647889487567201e-02	2.885081811146779363e-02	7.435337658328117216e-02
1.107365601905694348e+03	2.619232652839263986e-01	1.690807728108507102e-01	2.469090517907604754e-01	1.483592847285974958e-01	7.043153971031532179e-02	2.887663822985170325e-02	7.441944744541721668e-02
1.108816932969790741e+03	2.616984582590450303e-01	1.689317516218415416e-01	2.470630886609862242e-01	1.484523130292881299e-01	7.046654338800252548e-02	2.890242305644207324e-02	7.448542198411380044e-02
1.110268264033887590e+03	2.614740383809455726e-01	1.687829824985463967e-01	2.472168432161381546e-01	1.485451730593546349e-01	7.050149004220129800e-02	2.892817260042153393e-02	7.455130020211178654e-02
1.111719595097984211e+03	2.612500049778028743e-01	1.686344650075588258e-01	2.473703161063647016e-01	1.486378651461936484e-01	7.053637978683778564e-02	2.895388687127867233e-02	7.461708210368296623e-02
1.113170926162080832e+03	2.610263573790065905e-01	1.684861987162709074e-01	2.475235079790898129e-01	1.487303896164319794e-01	7.057121273550180651e-02	2.897956587880547163e-02	7.468276769461290598e-02
1.114622257226177226e+03	2.608030949151587952e-01	1.683381831928711658e-01	2.476764194790333218e-01	1.488227467959292172e-01	7.060598900144840484e-02	2.900520963309476119e-02	7.474835698218383617e-02
1.116073588290273847e+03	2.605802169180712058e-01	1.681904180063427401e-01	2.478290512482304864e-01	1.489149370097803404e-01	7.064070869759930815e-02	2.903081814453769421e-02	7.481384997515773405e-02
1.117524919354370468e+03	2.603577227207626854e-01	1.680429027264613018e-01	2.479814039260519465e-01	1.490069605823182153e-01	7.067537193654448158e-02	2.905639142382124632e-02	7.487924668375962878e-02
1.118976250418467089e+03	2.601356116574566335e-01	1.678956369237932511e-01	2.481334781492231523e-01	1.490988178371162598e-01	7.070997883054361277e-02	2.908192948192571750e-02	7.494454711966098970e-02
1.120427581482563710e+03	2.599138830635783770e-01	1.677486201696936352e-01	2.482852745518436266e-01	1.491905090969908865e-01	7.074452949152758297e-02	2.910743233012226538e-02	7.500975129596330893e-02
1.121878912546660331e+03	2.596925362757526168e-01	1.676018520363043995e-01	2.484367937654062553e-01	1.492820346840041390e-01	7.077902403109997964e-02	2.913289997997044189e-02	7.507485922718190596e-02
1.123330243610756725e+03	2.594715706318010962e-01	1.674553320965523617e-01	2.485880364188162162e-01	1.493733949194661070e-01	7.081346256053851207e-02	2.915833244331575078e-02	7.513987092922980171e-02
1.124781574674853118e+03	2.592509854707397698e-01	1.673090599241472964e-01	2.487390031384098255e-01	1.494645901239375074e-01	7.084784519079652398e-02	2.918372973228722939e-02	7.520478641940174513e-02
1.126232905738949967e+03	2.590307801327764170e-01	1.671630350935801590e-01	2.488896945479732170e-01	1.495556206172321267e-01	7.088217203250445075e-02	2.920909185929504784e-02	7.526960571635851749e-02
1.127684236803046360e+03	2.588109539593082542e-01	1.670172571801211148e-01	2.490401112687606611e-01	1.496464867184193748e-01	7.091644319597120716e-02	2.923441883702809774e-02	7.533432884011126429e-02
1.129135567867143209e+03	2.585915062929191599e-01	1.668717257598176240e-01	2.491902539195132160e-01	1.497371887458266992e-01	7.095065879118570007e-02	2.925971067845163642e-02	7.539895581200602159e-02
1.130586898931239830e+03	2.583724364773772875e-01	1.667264404094926655e-01	2.493401231164765475e-01	1.498277270170420561e-01	7.098481892781820235e-02	2.928496739680492081e-02	7.546348665470843653e-02
1.132038229995336451e+03	2.581537438576326227e-01	1.665814007067428493e-01	2.494897194734191082e-01	1.499181018489163797e-01	7.101892371522181002e-02	2.931018900559885856e-02	7.552792139218852951e-02
1.133489561059432845e+03	2.579354277798143746e-01	1.664366062299365290e-01	2.496390436016499292e-01	1.500083135575660531e-01	7.105297326243384393e-02	2.933537551861368706e-02	7.559226004970578949e-02
1.134940892123529466e+03	2.577174875912286445e-01	1.662920565582119703e-01	2.497880961100363006e-01	1.500983624583752396e-01	7.108696767817720974e-02	2.936052694989666270e-02	7.565650265379418593e-02
1.136392223187626087e+03	2.574999226403559272e-01	1.661477512714756022e-01	2.499368776050212293e-01	1.501882488659982973e-01	7.112090707086188290e-02	2.938564331375976765e-02	7.572064923224752775e-02
1.137843554251722708e+03	2.572827322768485026e-01	1.660036899504000740e-01	2.500853886906408974e-01	1.502779730943623326e-01	7.115479154858624089e-02	2.941072462477741997e-02	7.578469981410486389e-02
1.139294885315819101e+03	2.570659158515281040e-01	1.658598721764224515e-01	2.502336299685417043e-01	1.503675354566694489e-01	7.118862121913845098e-02	2.943577089778422196e-02	7.584865442963599491e-02
1.140746216379915950e+03	2.568494727163834757e-01	1.657162975317424680e-01	2.503816020379975305e-01	1.504569362653991882e-01	7.122239618999784416e-02	2.946078214787270153e-02	7.591251311032726212e-02
1.142197547444012343e+03	2.566334022245678192e-01	1.655729655993207206e-01	2.505293054959263355e-01	1.505461758323108357e-01	7.125611656833633067e-02	2.948575839039107443e-02	7.597627588886733674e-02
1.143648878508108737e+03	2.564177037303966289e-01	1.654298759628768101e-01	2.506767409369072830e-01	1.506352544684458339e-01	7.128978246101964900e-02	2.951069964094104464e-02	7.603994279913325882e-02
1.145100209572205586e+03	2.562023765893449712e-01	1.652870282068875929e-01	2.508239089531969501e-01	1.507241724841301977e-01	7.132339397460882302e-02	2.953560591537557692e-02	7.610351387617646235e-02
1.146551540636302207e+03	2.559874201580452091e-01	1.651444219165854044e-01	2.509708101347460363e-01	1.508129301889766238e-01	7.135695121536143881e-02	2.956047722979672845e-02	7.616698915620916110e-02
1.148002871700398828e+03	2.557728337942845598e-01	1.650020566779563380e-01	2.511174450692155169e-01	1.509015278918870995e-01	7.139045428923304626e-02	2.958531360055346310e-02	7.623036867659066518e-02
1.149454202764495449e+03	2.555586168570026517e-01	1.648599320777383581e-01	2.512638143419928527e-01	1.509899659010549844e-01	7.142390330187840808e-02	2.961011504423949336e-02	7.629365247581391951e-02
1.150905533828591842e+03	2.553447687062892490e-01	1.647180477034196344e-01	2.514099185362080324e-01	1.510782445239674809e-01	7.145729835865287372e-02	2.963488157769114326e-02	7.635684059349220898e-02
1.152356864892688463e+03	2.551312887033819199e-01	1.645764031432367658e-01	2.515557582327494490e-01	1.511663640674077713e-01	7.149063956461365610e-02	2.965961321798520761e-02	7.641993307034589122e-02
1.153808195956785084e+03	2.549181762106633164e-01	1.644349979861730870e-01	2.517013340102794428e-01	1.512543248374574878e-01	7.152392702452120554e-02	2.968430998243685309e-02	7.648292994818933765e-02
1.155259527020881706e+03	2.547054305916591765e-01	1.642938318219568650e-01	2.518466464452500664e-01	1.513421271394987111e-01	7.155716084284041711e-02	2.970897188859749488e-02	7.654583126991804098e-02
1.156710858084978327e+03	2.544930512110357701e-01	1.641529042410596329e-01	2.519916961119183507e-01	1.514297712782165517e-01	7.159034112374196290e-02	2.973359895425273236e-02	7.660863707949573664e-02
1.158162189149074720e+03	2.542810374345977342e-01	1.640122148346944142e-01	2.521364835823619033e-01	1.515172575576012037e-01	7.162346797110359653e-02	2.975819119742026397e-02	7.667134742194170460e-02
1.159613520213171569e+03	2.540693886292853532e-01	1.638717631948140574e-01	2.522810094264938408e-01	1.516045862809501099e-01	7.165654148851140215e-02	2.978274863634783678e-02	7.673396234331826549e-02
1.161064851277267962e+03	2.538581041631726154e-01	1.637315489141095148e-01	2.524252742120778326e-01	1.516917577508704040e-01	7.168956177926108508e-02	2.980727128951119256e-02	7.679648189071826281e-02
1.162516182341364356e+03	2.536471834054646046e-01	1.635915715860081221e-01	2.525692785047431999e-01	1.517787722692809649e-01	7.172252894635920695e-02	2.983175917561205204e-02	7.685890611225278113e-02
1.163967513405461204e+03	2.534366257264953348e-01	1.634518308046719881e-01	2.527130228679994040e-01	1.518656301374147477e-01	7.175544309252443465e-02	2.985621231357608180e-02	7.692123505703894748e-02
1.165418844469557826e+03	2.532264304977255298e-01	1.633123261649961633e-01	2.528565078632508123e-01	1.519523316558208936e-01	7.178830432018884489e-02	2.988063072255090630e-02	7.698346877518784381e-02
1.166870175533654447e+03	2.530165970917398477e-01	1.631730572626071962e-01	2.529997340498112979e-01	1.520388771243669224e-01	7.182111273149910380e-02	2.990501442190411294e-02	7.704560731779258598e-02
1.168321506597751068e+03	2.528071248822451600e-01	1.630340236938611909e-01	2.531427019849185056e-01	1.521252668422408694e-01	7.185386842831772980e-02	2.992936343122127793e-02	7.710765073691636107e-02
1.169772837661847461e+03	2.525980132440679427e-01	1.628952250558423631e-01	2.532854122237480077e-01	1.522115011079535896e-01	7.188657151222431485e-02	2.995367777030400261e-02	7.716959908558088110e-02
1.171224168725944082e+03	2.523892615531518335e-01	1.627566609463613201e-01	2.534278653194277919e-01	1.522975802193407835e-01	7.191922208451671794e-02	2.997795745916797053e-02	7.723145241775461467e-02
1.172675499790040703e+03	2.521808691865558560e-01	1.626183309639533392e-01	2.535700618230519177e-01	1.523835044735652455e-01	7.195182024621236960e-02	3.000220251804100111e-02	7.729321078834140712e-02
1.174126830854137097e+03	2.519728355224516436e-01	1.624802347078768139e-01	2.537120022836943378e-01	1.524692741671188623e-01	7.198436609804935438e-02	3.002641296736114837e-02	7.735487425316904531e-02
1.175578161918233945e+03	2.517651599401212748e-01	1.623423717781115605e-01	2.538536872484229989e-01	1.525548895958248885e-01	7.201685974048770145e-02	3.005058882777477541e-02	7.741644286897798877e-02
1.177029492982330339e+03	2.515578418199553856e-01	1.622047417753572918e-01	2.539951172623131637e-01	1.526403510548400011e-01	7.204930127371052262e-02	3.007473012013466701e-02	7.747791669341023979e-02
1.178480824046426733e+03	2.513508805434502835e-01	1.620673443010317849e-01	2.541362928684611777e-01	1.527256588386563529e-01	7.208169079762524745e-02	3.009883686549813531e-02	7.753929578499829667e-02
1.179932155110523581e+03	2.511442754932063925e-01	1.619301789572695771e-01	2.542772146079975704e-01	1.528108132411037656e-01	7.211402841186476120e-02	3.012290908512516713e-02	7.760058020315416250e-02
1.181383486174620202e+03	2.509380260529253670e-01	1.617932453469200504e-01	2.544178830201004882e-01	1.528958145553517278e-01	7.214631421578861226e-02	3.014694680047656436e-02	7.766177000815861764e-02
1.182834817238716823e+03	2.507321316074083151e-01	1.616565430735460440e-01	2.545582986420089067e-01	1.529806630739115325e-01	7.217854830848412229e-02	3.017095003321208085e-02	7.772286526115042282e-02
1.184286148302813444e+03	2.505265915425533563e-01	1.615200717414221609e-01	2.546984620090356199e-01	1.530653590886383864e-01	7.221073078876763529e-02	3.019491880518862179e-02	7.778386602411574424e-02
1.185737479366910065e+03	2.503214052453534566e-01	1.613838309555331585e-01	2.548383736545800637e-01	1.531499028907333249e-01	7.224286175518555841e-02	3.021885313845840484e-02	7.784477235987759258e-02
1.187188810431006686e+03	2.501165721038941525e-01	1.612478203215724770e-01	2.549780341101413050e-01	1.532342947707453773e-01	7.227494130601563871e-02	3.024275305526715266e-02	7.790558433208549793e-02
1.188640141495103080e+03	2.499120915073515803e-01	1.611120394459405192e-01	2.551174439053304766e-01	1.533185350185736207e-01	7.230696953926799009e-02	3.026661857805231295e-02	7.796630200520515697e-02
1.190091472559199701e+03	2.497079628459898948e-01	1.609764879357432066e-01	2.552566035678837109e-01	1.534026239234691225e-01	7.233894655268631457e-02	3.029044972944126488e-02	7.802692544450823275e-02
1.191542803623296322e+03	2.495041855111593265e-01	1.608411653987903422e-01	2.553955136236742973e-01	1.534865617740370503e-01	7.237087244374892925e-02	3.031424653224955648e-02	7.808745471606227950e-02
1.192994134687392716e+03	2.493007588952939613e-01	1.607060714435940840e-01	2.555341745967253386e-01	1.535703488582385867e-01	7.240274730967000139e-02	3.033800900947914922e-02	7.814788988672075054e-02
1.194445465751489564e+03	2.490976823919095196e-01	1.605712056793673903e-01	2.556725870092216857e-01	1.536539854633930113e-01	7.243457124740060316e-02	3.036173718431666238e-02	7.820823102411307570e-02
1.195896796815585958e+03	2.488949553956012195e-01	1.604365677160223824e-01	2.558107513815222611e-01	1.537374718761796710e-01	7.246634435362982185e-02	3.038543108013165225e-02	7.826847819663486361e-02
1.197348127879682352e+03	2.486925773020416119e-01	1.603021571641690124e-01	2.559486682321722717e-01	1.538208083826400063e-01	7.249806672478585623e-02	3.040909072047488781e-02	7.832863147343825660e-02
1.198799458943779200e+03	2.484905475079783044e-01	1.601679736351133698e-01	2.560863380779148657e-01	1.539039952681794388e-01	7.252973845703714062e-02	3.043271612907664028e-02	7.838869092442221631e-02
1.200250790007875821e+03	2.482888654112319349e-01	1.600340167408560998e-01	2.562237614337029568e-01	1.539870328175693692e-01	7.256135964629344126e-02	3.045630732984498656e-02	7.844865662022314223e-02
1.201702121071972442e+03	2.480875304106939794e-01	1.599002860940910986e-01	2.563609388127112698e-01	1.540699213149492319e-01	7.259293038820691102e-02	3.047986434686411963e-02	7.850852863220533773e-02
1.203153452136069063e+03	2.478865419063246145e-01	1.597667813082038479e-01	2.564978707263475544e-01	1.541526610438282985e-01	7.262445077817318573e-02	3.050338720439269014e-02	7.856830703245179515e-02
1.204604783200165684e+03	2.476858992991505526e-01	1.596335019972698333e-01	2.566345576842644083e-01	1.542352522870877318e-01	7.265592091133242503e-02	3.052687592686212023e-02	7.862799189375491160e-02
1.206056114264262078e+03	2.474856019912629601e-01	1.595004477760532391e-01	2.567710001943706022e-01	1.543176953269824181e-01	7.268734088257043646e-02	3.055033053887496602e-02	7.868758328960734350e-02
1.207507445328358699e+03	2.472856493858152649e-01	1.593676182600053115e-01	2.569071987628425147e-01	1.543999904451429372e-01	7.271871078651970244e-02	3.057375106520329039e-02	7.874708129419299985e-02
1.208958776392455093e+03	2.470860408870210745e-01	1.592350130652628870e-01	2.570431538941351235e-01	1.544821379225775337e-01	7.275003071756042106e-02	3.059713753078700804e-02	7.880648598237802172e-02
1.210410107456551941e+03	2.468867759001520668e-01	1.591026318086469493e-01	2.571788660909932189e-01	1.545641380396739484e-01	7.278130076982160246e-02	3.062048996073228960e-02	7.886579742970201146e-02
1.211861438520648335e+03	2.466878538315359082e-01	1.589704741076611305e-01	2.573143358544625059e-01	1.546459910762013612e-01	7.281252103718206803e-02	3.064380838030994827e-02	7.892501571236919256e-02
1.213312769584745183e+03	2.464892740885540889e-01	1.588385395804901290e-01	2.574495636839006507e-01	1.547276973113121956e-01	7.284369161327151898e-02	3.066709281495384742e-02	7.898414090723973602e-02
1.214764100648841804e+03	2.462910360796398690e-01	1.587068278459984327e-01	2.575845500769877727e-01	1.548092570235441445e-01	7.287481259147154944e-02	3.069034329025931498e-02	7.904317309182114226e-02
1.216215431712937971e+03	2.460931392142761964e-01	1.585753385237287094e-01	2.577192955297375465e-01	1.548906704908218634e-01	7.290588406491665951e-02	3.071355983198157183e-02	7.910211234425974791e-02
1.217666762777034819e+03	2.458955829029935702e-01	1.584440712339003909e-01	2.578538005365075825e-01	1.549719379904589966e-01	7.293690612649533778e-02	3.073674246603417051e-02	7.916095874333230198e-02
1.219118093841131440e+03	2.456983665573679865e-01	1.583130255974082579e-01	2.579880655900100850e-01	1.550530597991599535e-01	7.296787886885099106e-02	3.075989121848744789e-02	7.921971236843758368e-02
1.220569424905228061e+03	2.455014895900190230e-01	1.581822012358209406e-01	2.581220911813224550e-01	1.551340361930217127e-01	7.299880238438304081e-02	3.078300611556697777e-02	7.927837329958818680e-02
1.222020755969324682e+03	2.453049514146074805e-01	1.580515977713794207e-01	2.582558777998975041e-01	1.552148674475358203e-01	7.302967676524783902e-02	3.080608718365205126e-02	7.933694161740229012e-02
1.223472087033421303e+03	2.451087514458335503e-01	1.579212148269957816e-01	2.583894259335735577e-01	1.552955538375900002e-01	7.306050210335973683e-02	3.082913444927414676e-02	7.939541740309558060e-02
1.224923418097517697e+03	2.449128890994346497e-01	1.577910520262515159e-01	2.585227360685852793e-01	1.553760956374701796e-01	7.309127849039206981e-02	3.085214793911542769e-02	7.945380073847325975e-02
1.226374749161614318e+03	2.447173637921834233e-01	1.576611089933964149e-01	2.586558086895729969e-01	1.554564931208621548e-01	7.312200601777808784e-02	3.087512768000725411e-02	7.951209170592203612e-02
1.227826080225710712e+03	2.445221749418856894e-01	1.575313853533467923e-01	2.587886442795933606e-01	1.555367465608534783e-01	7.315268477671202363e-02	3.089807369892867348e-02	7.957029038840236768e-02
1.229277411289807560e+03	2.443273219673783858e-01	1.574018807316843183e-01	2.589212433201288355e-01	1.556168562299352354e-01	7.318331485814998094e-02	3.092098602300496699e-02	7.962839686944059303e-02
1.230728742353903954e+03	2.441328042885276273e-01	1.572725947546545489e-01	2.590536062910978599e-01	1.556968224000038481e-01	7.321389635281098929e-02	3.094386467950617503e-02	7.968641123312129870e-02
1.232180073418000802e+03	2.439386213262265402e-01	1.571435270491655378e-01	2.591857336708643378e-01	1.557766453423627961e-01	7.324442935117789211e-02	3.096670969584562616e-02	7.974433356407963081e-02
1.233631404482097196e+03	2.437447725023932921e-01	1.570146772427862825e-01	2.593176259362475200e-01	1.558563253277245042e-01	7.327491394349838760e-02	3.098952109957851461e-02	7.980216394749384268e-02
1.235082735546193817e+03	2.435512572399692044e-01	1.568860449637455301e-01	2.594492835625316074e-01	1.559358626262120073e-01	7.330535021978590304e-02	3.101229891840044661e-02	7.985990246907767598e-02
1.236534066610290438e+03	2.433580749629164763e-01	1.567576298409303071e-01	2.595807070234750769e-01	1.560152575073607550e-01	7.333573826982063559e-02	3.103504318014602831e-02	7.991754921507314424e-02
1.237985397674387059e+03	2.431652250962164918e-01	1.566294315038845308e-01	2.597118967913202847e-01	1.560945102401203044e-01	7.336607818315039886e-02	3.105775391278743289e-02	7.997510427224305274e-02
1.239436728738483680e+03	2.429727070658675991e-01	1.565014495828075392e-01	2.598428533368026816e-01	1.561736210928561797e-01	7.339637004909164986e-02	3.108043114443301280e-02	8.003256772786385143e-02
1.240888059802580301e+03	2.427805202988831956e-01	1.563736837085529241e-01	2.599735771291602493e-01	1.562525903333515653e-01	7.342661395673036329e-02	3.110307490332589464e-02	8.008993966971843237e-02
1.242339390866676695e+03	2.425886642232897294e-01	1.562461335126269502e-01	2.601040686361425491e-01	1.563314182288088883e-01	7.345680999492300300e-02	3.112568521784258094e-02	8.014722018608899656e-02
1.243790721930773088e+03	2.423971382681248121e-01	1.561187986271872774e-01	2.602343283240198812e-01	1.564101050458517883e-01	7.348695825229742407e-02	3.114826211649159363e-02	8.020440936575005952e-02
1.245242052994869937e+03	2.422059418634349981e-01	1.559916786850416015e-01	2.603643566575922774e-01	1.564886510505265893e-01	7.351705881725378866e-02	3.117080562791209319e-02	8.026150729796151240e-02
1.246693384058966330e+03	2.420150744402741194e-01	1.558647733196463214e-01	2.604941541001986050e-01	1.565670565083042143e-01	7.354711177796549593e-02	3.119331578087253254e-02	8.031851407246165531e-02
1.248144715123063179e+03	2.418245354307010930e-01	1.557380821651050684e-01	2.606237211137252263e-01	1.566453216840817120e-01	7.357711722238011176e-02	3.121579260426929694e-02	8.037542977946045275e-02
1.249596046187159800e+03	2.416343242677780612e-01	1.556116048561675402e-01	2.607530581586149365e-01	1.567234468421841165e-01	7.360707523822020149e-02	3.123823612712536141e-02	8.043225450963273349e-02
1.251047377251256421e+03	2.414444403855685317e-01	1.554853410282280024e-01	2.608821656938757338e-01	1.568014322463659738e-01	7.363698591298431517e-02	3.126064637858898265e-02	8.048898835411154307e-02
1.252498708315352815e+03	2.412548832191351300e-01	1.553592903173240392e-01	2.610110441770892020e-01	1.568792781598130903e-01	7.366684933394784807e-02	3.128302338793235993e-02	8.054563140448148251e-02
1.253950039379449436e+03	2.410656522045379335e-01	1.552334523601351657e-01	2.611396940644195031e-01	1.569569848451441985e-01	7.369666558816388713e-02	3.130536718455034090e-02	8.060218375277219960e-02
1.255401370443546057e+03	2.408767467788324457e-01	1.551078267939814959e-01	2.612681158106215928e-01	1.570345525644125939e-01	7.372643476246416860e-02	3.132767779795908591e-02	8.065864549145192186e-02
1.256852701507642678e+03	2.406881663800676530e-01	1.549824132568224655e-01	2.613963098690496034e-01	1.571119815791078567e-01	7.375615694345992457e-02	3.134995525779481901e-02	8.071501671342096174e-02
1.258304032571739299e+03	2.404999104472841376e-01	1.548572113872555278e-01	2.615242766916655581e-01	1.571892721501574053e-01	7.378583221754277111e-02	3.137219959381252338e-02	8.077129751200545771e-02
1.259755363635835920e+03	2.403119784205120513e-01	1.547322208245147102e-01	2.616520167290471433e-01	1.572664245379282177e-01	7.381546067088556873e-02	3.139441083588465770e-02	8.082748798095101828e-02
1.261206694699932314e+03	2.401243697407693389e-01	1.546074412084694483e-01	2.617795304303965342e-01	1.573434390022283857e-01	7.384504238944326893e-02	3.141658901399990711e-02	8.088358821441653246e-02
1.262658025764028707e+03	2.399370838500597403e-01	1.544828721796231985e-01	2.619068182435479453e-01	1.574203158023088356e-01	7.387457745895383010e-02	3.143873415826192036e-02	8.093959830696799418e-02
1.264109356828125556e+03	2.397501201913707913e-01	1.543585133791121333e-01	2.620338806149761779e-01	1.574970551968648824e-01	7.390406596493903635e-02	3.146084629888807466e-02	8.099551835357240992e-02
1.265560687892221949e+03	2.395634782086721870e-01	1.542343644487039478e-01	2.621607179898042816e-01	1.575736574440378679e-01	7.393350799270535789e-02	3.148292546620819893e-02	8.105134844959176188e-02
1.267012018956318798e+03	2.393771573469135883e-01	1.541104250307963885e-01	2.622873308118117697e-01	1.576501228014167144e-01	7.396290362734476986e-02	3.150497169066339420e-02	8.110708869077705441e-02
1.268463350020415419e+03	2.391911570520229291e-01	1.539866947684161158e-01	2.624137195234423348e-01	1.577264515260395905e-01	7.399225295373565436e-02	3.152698500280477073e-02	8.116273917326230491e-02
1.269914681084511813e+03	2.390054767709045014e-01	1.538631733052173156e-01	2.625398845658116764e-01	1.578026438743954929e-01	7.402155605654360537e-02	3.154896543329226838e-02	8.121829999355884011e-02
1.271366012148608434e+03	2.388201159514369842e-01	1.537398602854805341e-01	2.626658263787154390e-01	1.578787001024258008e-01	7.405081302022227530e-02	3.157091301289342844e-02	8.127377124854939794e-02
1.272817343212705055e+03	2.386350740424715566e-01	1.536167553541112618e-01	2.627915454006363727e-01	1.579546204655258301e-01	7.408002392901419375e-02	3.159282777248220014e-02	8.132915303548238217e-02
1.274268674276801676e+03	2.384503504938302043e-01	1.534938581566387683e-01	2.629170420687527154e-01	1.580304052185465269e-01	7.410918886695158636e-02	3.161470974303776105e-02	8.138444545196625579e-02
1.275720005340898297e+03	2.382659447563036381e-01	1.533711683392147418e-01	2.630423168189451322e-01	1.581060546157958824e-01	7.413830791785723517e-02	3.163655895564334436e-02	8.143964859596389272e-02
1.277171336404994690e+03	2.380818562816496287e-01	1.532486855486121791e-01	2.631673700858042642e-01	1.581815689110405709e-01	7.416738116534521419e-02	3.165837544148504545e-02	8.149476256578698508e-02
1.278622667469091539e+03	2.378980845225909246e-01	1.531264094322239144e-01	2.632922023026384450e-01	1.582569483575075042e-01	7.419640869282181916e-02	3.168015923185069083e-02	8.154978746009053370e-02
1.280073998533187932e+03	2.377146289328136153e-01	1.530043396380615650e-01	2.634168139014809173e-01	1.583321932078853578e-01	7.422539058348627539e-02	3.170191035812865848e-02	8.160472337786747743e-02
1.281525329597284326e+03	2.375314889669651597e-01	1.528824758147540874e-01	2.635412053130971044e-01	1.584073037143260698e-01	7.425432692033158422e-02	3.172362885180673997e-02	8.165957041844321140e-02
1.282976660661381175e+03	2.373486640806525272e-01	1.527608176115467231e-01	2.636653769669916603e-01	1.584822801284464511e-01	7.428321778614532800e-02	3.174531474447100932e-02	8.171432868147028572e-02
1.284427991725477568e+03	2.371661537304404488e-01	1.526393646782996105e-01	2.637893292914160193e-01	1.585571227013296836e-01	7.431206326351046110e-02	3.176696806780467119e-02	8.176899826692314577e-02
1.285879322789574417e+03	2.369839573738495020e-01	1.525181166654866471e-01	2.639130627133752793e-01	1.586318316835267916e-01	7.434086343480604542e-02	3.178858885358698538e-02	8.182357927509283091e-02
1.287330653853671038e+03	2.368020744693543622e-01	1.523970732241941295e-01	2.640365776586352520e-01	1.587064073250582241e-01	7.436961838220812471e-02	3.181017713369209410e-02	8.187807180658188133e-02
1.288781984917767431e+03	2.366205044763818877e-01	1.522762340061196429e-01	2.641598745517296232e-01	1.587808498754152975e-01	7.439832818769048783e-02	3.183173294008797422e-02	8.193247596229914775e-02
1.290233315981864052e+03	2.364392468553093429e-01	1.521555986635707292e-01	2.642829538159667813e-01	1.588551595835617503e-01	7.442699293302537655e-02	3.185325630483528542e-02	8.198679184345476767e-02
