1.001418434226643626e+03	2.793541667258784278e-01	1.807332040427937492e-01	2.348419533931997982e-01	1.411065147590984670e-01	6.767993447124250050e-02	2.695597444211831131e-02	6.932825216538529567e-02
1.002869765290740247e+03	2.790985344012577585e-01	1.805651409977860611e-01	2.350184113352106474e-01	1.412123640593641594e-01	6.771925118634777863e-02	2.698531715473265202e-02	6.940098086501748920e-02
1.004321096354836754e+03	2.788433443710779946e-01	1.803973619726481903e-01	2.351945306475472230e-01	1.413180147688874455e-01	6.775850242076962571e-02	2.701462633150637782e-02	6.947361948727970304e-02
1.005772427418933376e+03	2.785885958577547505e-01	1.802298664743739454e-01	2.353703122520920399e-01	1.414234673639720996e-01	6.779768828705913519e-02	2.704390190486064688e-02	6.954616785960400505e-02
1.007223758483029997e+03	2.783342880851868983e-01	1.800626540109204199e-01	2.355457570658694155e-01	1.415287223190850596e-01	6.783680889757028043e-02	2.707314380827643627e-02	6.961862581280815754e-02
1.008675089547126618e+03	2.780804202787526269e-01	1.798957240912052169e-01	2.357208660010850221e-01	1.416337801068672797e-01	6.787586436446028937e-02	2.710235197628560119e-02	6.969099318106057595e-02
1.010126420611223239e+03	2.778269916653060001e-01	1.797290762251036178e-01	2.358956399651649660e-01	1.417386411981445271e-01	6.791485479969003314e-02	2.713152634446199668e-02	6.976326980184549553e-02
1.011577751675319632e+03	2.775740014731728489e-01	1.795627099234455848e-01	2.360700798607946183e-01	1.418433060619379849e-01	6.795378031502437299e-02	2.716066684941270681e-02	6.983545551592852674e-02
1.013029082739416367e+03	2.773214489321472187e-01	1.793966246980131796e-01	2.362441865859569723e-01	1.419477751654749653e-01	6.799264102203254889e-02	2.718977342876929132e-02	6.990755016732252969e-02
1.014480413803512761e+03	2.770693332734874281e-01	1.792308200615375935e-01	2.364179610339708359e-01	1.420520489741993464e-01	6.803143703208849868e-02	2.721884602117913624e-02	6.997955360325383567e-02
1.015931744867609382e+03	2.768176537299125717e-01	1.790652955276963998e-01	2.365914040935285512e-01	1.421561279517821741e-01	6.807016845637128832e-02	2.724788456629685662e-02	7.005146567412880165e-02
1.017383075931706003e+03	2.765664095355987451e-01	1.789000506111108335e-01	2.367645166487333530e-01	1.422600125601319043e-01	6.810883540586544493e-02	2.727688900477576867e-02	7.012328623350061463e-02
1.018834406995802851e+03	2.763155999261752704e-01	1.787350848273429327e-01	2.369372995791363123e-01	1.423637032594048391e-01	6.814743799136134539e-02	2.730585927825943116e-02	7.019501513803651227e-02
1.020285738059899245e+03	2.760652241387211436e-01	1.785703976928929571e-01	2.371097537597732785e-01	1.424672005080152570e-01	6.818597632345550774e-02	2.733479532937323903e-02	7.026665224748528116e-02
1.021737069123995752e+03	2.758152814117612039e-01	1.784059887251965015e-01	2.372818800612009893e-01	1.425705047626457667e-01	6.822445051255106307e-02	2.736369710171609321e-02	7.033819742464501867e-02
1.023188400188092373e+03	2.755657709852628590e-01	1.782418574426219426e-01	2.374536793495332365e-01	1.426736164782571592e-01	6.826286066885800530e-02	2.739256453985214682e-02	7.040965053533133899e-02
1.024639731252188767e+03	2.753166921006319212e-01	1.780780033644676075e-01	2.376251524864766151e-01	1.427765361080986783e-01	6.830120690239364911e-02	2.742139758930258256e-02	7.048101144834567622e-02
1.026091062316285615e+03	2.750680440007095551e-01	1.779144260109591646e-01	2.377963003293656896e-01	1.428792641037177902e-01	6.833948932298293533e-02	2.745019619653748036e-02	7.055228003544414261e-02
1.027542393380382237e+03	2.748198259297682244e-01	1.777511249032469320e-01	2.379671237311982990e-01	1.429818009149702585e-01	6.837770804025879168e-02	2.747896030896774741e-02	7.062345617130648401e-02
1.028993724444478858e+03	2.745720371335084731e-01	1.775880995634033510e-01	2.381376235406700848e-01	1.430841469900297758e-01	6.841586316366252141e-02	2.750768987493710030e-02	7.069453973350543763e-02
1.030445055508575479e+03	2.743246768590552054e-01	1.774253495144201553e-01	2.383078006022089357e-01	1.431863027753978446e-01	6.845395480244412245e-02	2.753638484371409567e-02	7.076553060247636751e-02
1.031896386572671872e+03	2.740777443549541892e-01	1.772628742802059010e-01	2.384776557560091825e-01	1.432882687159134083e-01	6.849198306566267602e-02	2.756504516548425460e-02	7.083642866148716355e-02
1.033347717636768493e+03	2.738312388711683365e-01	1.771006733855833848e-01	2.386471898380652101e-01	1.433900452547624549e-01	6.852994806218669355e-02	2.759367079134223549e-02	7.090723379660847370e-02
1.034799048700865114e+03	2.735851596590745949e-01	1.769387463562868690e-01	2.388164036802050694e-01	1.434916328334876201e-01	6.856784990069446362e-02	2.762226167328405910e-02	7.097794589668419973e-02
1.036250379764961508e+03	2.733395059714600062e-01	1.767770927189597219e-01	2.389852981101235341e-01	1.435930318919975968e-01	6.860568868967439893e-02	2.765081776419938894e-02	7.104856485330229843e-02
1.037701710829058356e+03	2.730942770625185978e-01	1.766157120011516979e-01	2.391538739514150469e-01	1.436942428685765716e-01	6.864346453742539711e-02	2.767933901786390552e-02	7.111909056076581859e-02
1.039153041893154750e+03	2.728494721878475526e-01	1.764546037313165505e-01	2.393221320236061933e-01	1.437952661998936343e-01	6.868117755205721542e-02	2.770782538893168737e-02	7.118952291606428506e-02
1.040604372957251599e+03	2.726050906044440447e-01	1.762937674388093123e-01	2.394900731421879814e-01	1.438961023210119650e-01	6.871882784149078993e-02	2.773627683292770318e-02	7.125986181884529092e-02
1.042055704021347992e+03	2.723611315707017977e-01	1.761332026538839357e-01	2.396576981186478716e-01	1.439967516653981316e-01	6.875641551345858249e-02	2.776469330624032478e-02	7.133010717138639489e-02
1.043507035085444613e+03	2.721175943464075875e-01	1.759729089076907116e-01	2.398250077605013075e-01	1.440972146649311114e-01	6.879394067550501091e-02	2.779307476611391631e-02	7.140025887856733811e-02
1.044958366149541234e+03	2.718744781927377452e-01	1.758128857322738270e-01	2.399920028713232734e-01	1.441974917499115327e-01	6.883140343498667102e-02	2.782142117064147560e-02	7.147031684784244110e-02
1.046409697213637855e+03	2.716317823722549374e-01	1.756531326605688115e-01	2.401586842507792141e-01	1.442975833490706405e-01	6.886880389907278077e-02	2.784973247875733443e-02	7.154028098921333401e-02
1.047861028277734476e+03	2.713895061489045024e-01	1.754936492264000947e-01	2.403250526946559551e-01	1.443974898895792336e-01	6.890614217474548553e-02	2.787800865022991084e-02	7.161015121520190874e-02
1.049312359341831097e+03	2.711476487880114528e-01	1.753344349644786471e-01	2.404911089948921221e-01	1.444972117970565739e-01	6.894341836880023278e-02	2.790624964565452393e-02	7.167992744082356260e-02
1.050763690405927491e+03	2.709062095562769223e-01	1.751754894103994264e-01	2.406568539396085060e-01	1.445967494955792132e-01	6.898063258784606355e-02	2.793445542644626411e-02	7.174960958356067786e-02
1.052215021470024112e+03	2.706651877217748914e-01	1.750168121006390187e-01	2.408222883131379832e-01	1.446961034076898467e-01	6.901778493830600103e-02	2.796262595483290508e-02	7.181919756333642046e-02
1.053666352534120733e+03	2.704245825539488002e-01	1.748584025725531954e-01	2.409874128960551865e-01	1.447952739544059175e-01	6.905487552641743909e-02	2.799076119384789896e-02	7.188869130248864980e-02
1.055117683598217127e+03	2.701843933236083295e-01	1.747002603643745544e-01	2.411522284652059256e-01	1.448942615552282764e-01	6.909190445823237825e-02	2.801886110732338883e-02	7.195809072574424481e-02
1.056569014662313975e+03	2.699446193029260144e-01	1.745423850152100775e-01	2.413167357937363589e-01	1.449930666281498415e-01	6.912887183961784199e-02	2.804692565988331152e-02	7.202739576019359657e-02
1.058020345726410369e+03	2.697052597654341355e-01	1.743847760650387713e-01	2.414809356511219418e-01	1.450916895896641190e-01	6.916577777625622370e-02	2.807495481693652109e-02	7.209660633526535078e-02
1.059471676790506763e+03	2.694663139860210554e-01	1.742274330547093908e-01	2.416448288031959879e-01	1.451901308547736136e-01	6.920262237364557811e-02	2.810294854467000614e-02	7.216572238270137218e-02
1.060923007854603611e+03	2.692277812409286653e-01	1.740703555259379698e-01	2.418084160121779513e-01	1.452883908369982935e-01	6.923940573709998214e-02	2.813090681004211044e-02	7.223474383653206987e-02
1.062374338918700232e+03	2.689896608077482765e-01	1.739135430213055444e-01	2.419716980367017656e-01	1.453864699483839451e-01	6.927612797174990955e-02	2.815882958077584389e-02	7.230367063305173647e-02
1.063825669982796853e+03	2.687519519654181788e-01	1.737569950842557942e-01	2.421346756318434879e-01	1.454843685995104163e-01	6.931278918254252241e-02	2.818671682535223502e-02	7.237250271079440078e-02
1.065277001046893474e+03	2.685146539942198651e-01	1.736007112590928214e-01	2.422973495491489437e-01	1.455820871994999155e-01	6.934938947424203193e-02	2.821456851300372520e-02	7.244124001050969430e-02
1.066728332110990095e+03	2.682777661757752008e-01	1.734446910909787642e-01	2.424597205366610941e-01	1.456796261560252270e-01	6.938592895143004535e-02	2.824238461370763217e-02	7.250988247513906471e-02
1.068179663175086489e+03	2.680412877930430926e-01	1.732889341259314653e-01	2.426217893389470692e-01	1.457769858753176773e-01	6.942240771850587133e-02	2.827016509817964485e-02	7.257843004979218360e-02
1.069630994239183110e+03	2.678052181303162693e-01	1.731334399108223066e-01	2.427835566971251746e-01	1.458741667621753779e-01	6.945882587968686683e-02	2.829790993786738401e-02	7.264688268172360408e-02
1.071082325303279504e+03	2.675695564732182841e-01	1.729782079933739614e-01	2.429450233488913147e-01	1.459711692199710809e-01	6.949518353900878409e-02	2.832561910494400120e-02	7.271524032030958484e-02
1.072533656367376352e+03	2.673343021087000726e-01	1.728232379221580073e-01	2.431061900285453881e-01	1.460679936506602827e-01	6.953148080032611755e-02	2.835329257230184696e-02	7.278350291702524733e-02
1.073984987431472746e+03	2.670994543250372888e-01	1.726685292465927613e-01	2.432670574670175445e-01	1.461646404547890521e-01	6.956771776731238144e-02	2.838093031354615298e-02	7.285167042542181615e-02
1.075436318495569594e+03	2.668650124118266409e-01	1.725140815169410868e-01	2.434276263918938865e-01	1.462611100315019119e-01	6.960389454346049831e-02	2.840853230298880094e-02	7.291974280110423423e-02
1.076887649559666215e+03	2.666309756599830605e-01	1.723598942843081183e-01	2.435878975274422820e-01	1.463574027785495002e-01	6.964001123208313215e-02	2.843609851564212962e-02	7.298772000170888896e-02
1.078338980623762609e+03	2.663973433617367603e-01	1.722059671006390402e-01	2.437478715946376218e-01	1.464535190922964247e-01	6.967606793631296591e-02	2.846362892721276266e-02	7.305560198688154649e-02
1.079790311687859230e+03	2.661641148106299037e-01	1.720522995187169502e-01	2.439075493111870774e-01	1.465494593677290347e-01	6.971206475910307621e-02	2.849112351409552671e-02	7.312338871825556363e-02
1.081241642751955851e+03	2.659312893015136070e-01	1.718988910921606383e-01	2.440669313915550809e-01	1.466452239984628036e-01	6.974800180322725252e-02	2.851858225336739022e-02	7.319108015943030787e-02
1.082692973816052472e+03	2.656988661305448862e-01	1.717457413754224504e-01	2.442260185469880829e-01	1.467408133767501566e-01	6.978387917128031637e-02	2.854600512278145097e-02	7.325867627594973008e-02
1.084144304880149093e+03	2.654668445951836042e-01	1.715928499237860672e-01	2.443848114855389220e-01	1.468362278934878251e-01	6.981969696567845440e-02	2.857339210076097202e-02	7.332617703528118702e-02
1.085595635944245487e+03	2.652352239941895840e-01	1.714402162933643392e-01	2.445433109120911941e-01	1.469314679382243694e-01	6.985545528865957920e-02	2.860074316639348718e-02	7.339358240679444423e-02
1.087046967008342108e+03	2.650040036276192779e-01	1.712878400410972890e-01	2.447015175283833721e-01	1.470265338991676718e-01	6.989115424228360685e-02	2.862805829942490290e-02	7.346089236174094261e-02
1.088498298072438729e+03	2.647731827968228813e-01	1.711357207247497791e-01	2.448594320330325369e-01	1.471214261631922093e-01	6.992679392843277608e-02	2.865533748025370434e-02	7.352810687323317607e-02
1.089949629136535123e+03	2.645427608044415568e-01	1.709838579029095418e-01	2.450170551215580528e-01	1.472161451158463807e-01	6.996237444881203693e-02	2.868258068992516133e-02	7.359522591622433274e-02
1.091400960200631971e+03	2.643127369544042149e-01	1.708322511349849582e-01	2.451743874864049932e-01	1.473106911413598064e-01	6.999789590494930047e-02	2.870978791012560039e-02	7.366224946748815838e-02
1.092852291264728365e+03	2.640831105519246269e-01	1.706808999812031158e-01	2.453314298169672891e-01	1.474050646226505723e-01	7.003335839819584130e-02	2.873695912317671478e-02	7.372917750559891681e-02
1.094303622328825213e+03	2.638538809034982613e-01	1.705298040026075324e-01	2.454881827996107935e-01	1.474992659413323637e-01	7.006876202972654732e-02	2.876409431202991973e-02	7.379601001091162793e-02
1.095754953392921607e+03	2.636250473168997299e-01	1.703789627610562130e-01	2.456446471176959856e-01	1.475932954777215700e-01	7.010410690054028060e-02	2.879119346026075971e-02	7.386274696554247232e-02
1.097206284457018228e+03	2.633966091011795130e-01	1.702283758192195406e-01	2.458008234516006474e-01	1.476871536108443628e-01	7.013939311146019651e-02	2.881825655206335726e-02	7.392938835334939007e-02
1.098657615521114849e+03	2.631685655666611279e-01	1.700780427405781670e-01	2.459567124787421233e-01	1.477808407184438011e-01	7.017462076313403518e-02	2.884528357224487582e-02	7.399593415991287393e-02
1.100108946585211470e+03	2.629409160249381872e-01	1.699279630894210413e-01	2.461123148735996080e-01	1.478743571769866316e-01	7.020978995603449624e-02	2.887227450622007960e-02	7.406238437251692897e-02
1.101560277649308091e+03	2.627136597888716785e-01	1.697781364308433572e-01	2.462676313077359624e-01	1.479677033616703663e-01	7.024490079045950242e-02	2.889922934000588653e-02	7.412873898013024043e-02
1.103011608713404712e+03	2.624867961725867449e-01	1.696285623307444423e-01	2.464226624498196405e-01	1.480608796464301102e-01	7.027995336653256042e-02	2.892614806021600454e-02	7.419499797338750813e-02
1.104462939777501106e+03	2.622603244914701315e-01	1.694792403558258720e-01	2.465774089656461165e-01	1.481538864039453340e-01	7.031494778420306624e-02	2.895303065405556431e-02	7.426116134457098894e-02
1.105914270841597499e+03	2.620342440621670765e-01	1.693301700735893311e-01	2.467318715181594235e-01	1.482467240056467850e-01	7.034988414324659656e-02	2.897987710931583527e-02	7.432722908759215041e-02
1.107365601905694348e+03	2.618085542025784251e-01	1.691813510523346720e-01	2.468860507674731919e-01	1.483393928217230373e-01	7.038476254326525572e-02	2.900668741436897291e-02	7.439320119797362962e-02
1.108816932969790741e+03	2.615832542318581311e-01	1.690327828611579986e-01	2.470399473708917437e-01	1.484318932211274034e-01	7.041958308368798103e-02	2.903346155816277294e-02	7.445907767283121981e-02
1.110268264033887590e+03	2.613583434704099262e-01	1.688844650699495020e-01	2.471935619829308262e-01	1.485242255715844284e-01	7.045434586377087582e-02	2.906019953021552610e-02	7.452485851085613455e-02
1.111719595097984211e+03	2.611338212398848779e-01	1.687363972493917119e-01	2.473468952553383449e-01	1.486163902395965242e-01	7.048905098259747315e-02	2.908690132061085912e-02	7.459054371229742464e-02
1.113170926162080832e+03	2.609096868631784472e-01	1.685885789709573312e-01	2.474999478371146810e-01	1.487083875904504915e-01	7.052369853907911046e-02	2.911356691999264501e-02	7.465613327894453366e-02
1.114622257226177226e+03	2.606859396644276017e-01	1.684410098069074324e-01	2.476527203745329531e-01	1.488002179882240983e-01	7.055828863195520717e-02	2.914019631955995851e-02	7.472162721411006181e-02
1.116073588290273847e+03	2.604625789690080961e-01	1.682936893302894032e-01	2.478052135111590559e-01	1.488918817957925744e-01	7.059282135979356998e-02	2.916678951106203496e-02	7.478702552261266845e-02
1.117524919354370468e+03	2.602396041035315299e-01	1.681466171149350874e-01	2.479574278878717286e-01	1.489833793748348012e-01	7.062729682099076756e-02	2.919334648679331248e-02	7.485232821076015508e-02
1.118976250418467089e+03	2.600170143958429603e-01	1.679997927354588139e-01	2.481093641428820384e-01	1.490747110858400282e-01	7.066171511377235259e-02	2.921986723958848106e-02	7.491753528633274262e-02
1.120427581482563710e+03	2.597948091750177380e-01	1.678532157672555092e-01	2.482610229117529488e-01	1.491658772881139239e-01	7.069607633619319487e-02	2.924635176281759757e-02	7.498264675856645967e-02
1.121878912546660331e+03	2.595729877713590095e-01	1.677068857864988105e-01	2.484124048274188590e-01	1.492568783397849874e-01	7.073038058613785595e-02	2.927280005038119734e-02	7.504766263813669736e-02
1.123330243610756725e+03	2.593515495163947193e-01	1.675608023701391225e-01	2.485635105202044781e-01	1.493477145978107656e-01	7.076462796132085287e-02	2.929921209670549934e-02	7.511258293714200007e-02
1.124781574674853118e+03	2.591304937428750566e-01	1.674149650959017299e-01	2.487143406178441429e-01	1.494383864179841259e-01	7.079881855928693568e-02	2.932558789673759755e-02	7.517740766908788397e-02
1.126232905738949967e+03	2.589098197847697347e-01	1.672693735422849104e-01	2.488648957455004695e-01	1.495288941549393069e-01	7.083295247741144829e-02	2.935192744594073214e-02	7.524213684887093301e-02
1.127684236803046360e+03	2.586895269772651607e-01	1.671240272885581024e-01	2.490151765257830330e-01	1.496192381621580803e-01	7.086702981290059211e-02	2.937823074028956052e-02	7.530677049276300605e-02
1.129135567867143209e+03	2.584696146567619368e-01	1.669789259147599902e-01	2.491651835787668801e-01	1.497094187919758845e-01	7.090105066279175916e-02	2.940449777626548758e-02	7.537130861839561047e-02
1.130586898931239830e+03	2.582500821608718078e-01	1.668340690016967276e-01	2.493149175220109315e-01	1.497994363955878483e-01	7.093501512395383735e-02	2.943072855085203735e-02	7.543575124474435900e-02
1.132038229995336451e+03	2.580309288284155511e-01	1.666894561309399392e-01	2.494643789705760784e-01	1.498892913230546187e-01	7.096892329308750191e-02	2.945692306153023868e-02	7.550009839211369034e-02
1.133489561059432845e+03	2.578121539994195355e-01	1.665450868848250554e-01	2.496135685370431956e-01	1.499789839233085509e-01	7.100277526672553463e-02	2.948308130627406987e-02	7.556435008212164517e-02
1.134940892123529466e+03	2.575937570151137779e-01	1.664009608464493972e-01	2.497624868315310165e-01	1.500685145441594814e-01	7.103657114123312910e-02	2.950920328354591712e-02	7.562850633768489206e-02
1.136392223187626087e+03	2.573757372179287795e-01	1.662570775996703443e-01	2.499111344617138131e-01	1.501578835323006955e-01	7.107031101280816832e-02	2.953528899229209900e-02	7.569256718300373943e-02
1.137843554251722708e+03	2.571580939514931941e-01	1.661134367291035030e-01	2.500595120328388266e-01	1.502470912333146447e-01	7.110399497748154385e-02	2.956133843193839081e-02	7.575653264354748062e-02
1.139294885315819101e+03	2.569408265606311081e-01	1.659700378201210136e-01	2.502076201477438921e-01	1.503361379916788032e-01	7.113762313111748892e-02	2.958735160238560799e-02	7.582040274603976671e-02
1.140746216379915950e+03	2.567239343913592098e-01	1.658268804588496070e-01	2.503554594068742589e-01	1.504250241507714692e-01	7.117119556941377267e-02	2.961332850400521730e-02	7.588417751844411807e-02
1.142197547444012343e+03	2.565074167908845681e-01	1.656839642321688566e-01	2.505030304083000758e-01	1.505137500528773709e-01	7.120471238790217205e-02	2.963926913763497567e-02	7.594785698994967194e-02
1.143648878508108737e+03	2.562912731076015249e-01	1.655412887277094569e-01	2.506503337477330451e-01	1.506023160391934679e-01	7.123817368194861055e-02	2.966517350457462468e-02	7.601144119095694374e-02
1.145100209572205586e+03	2.560755026910895849e-01	1.653988535338514754e-01	2.507973700185431309e-01	1.506907224498344744e-01	7.127157954675354679e-02	2.969104160658158839e-02	7.607493015306382445e-02
1.146551540636302207e+03	2.558601048921105847e-01	1.652566582397223538e-01	2.509441398117754352e-01	1.507789696238385768e-01	7.130493007735223820e-02	2.971687344586672677e-02	7.613832390905170278e-02
1.148002871700398828e+03	2.556450790626060288e-01	1.651147024351954651e-01	2.510906437161664062e-01	1.508670578991728461e-01	7.133822536861506025e-02	2.974266902509012378e-02	7.620162249287167067e-02
1.149454202764495449e+03	2.554304245556947017e-01	1.649729857108881703e-01	2.512368823181602151e-01	1.509549876127389278e-01	7.137146551524779781e-02	2.976842834735688240e-02	7.626482593963092305e-02
1.150905533828591842e+03	2.552161407256700043e-01	1.648315076581600425e-01	2.513828562019250201e-01	1.510427591003784265e-01	7.140465061179193662e-02	2.979415141621299945e-02	7.632793428557919924e-02
1.152356864892688463e+03	2.550022269279973997e-01	1.646902678691112842e-01	2.515285659493688986e-01	1.511303726968783734e-01	7.143778075262492699e-02	2.981983823564120922e-02	7.639094756809554354e-02
1.153808195956785084e+03	2.547886825193119709e-01	1.645492659365808685e-01	2.516740121401557784e-01	1.512178287359766393e-01	7.147085603196055847e-02	2.984548881005693113e-02	7.645386582567495481e-02
1.155259527020881706e+03	2.545755068574157010e-01	1.644085014541449008e-01	2.518191953517210369e-01	1.513051275503672910e-01	7.150387654384918190e-02	2.987110314430419314e-02	7.651668909791536910e-02
1.156710858084978327e+03	2.543626993012750304e-01	1.642679740161148705e-01	2.519641161592874323e-01	1.513922694717060868e-01	7.153684238217802860e-02	2.989668124365161411e-02	7.657941742550461450e-02
1.158162189149074720e+03	2.541502592110185255e-01	1.641276832175359024e-01	2.521087751358801476e-01	1.514792548306155284e-01	7.156975364067151568e-02	2.992222311378840705e-02	7.664205085020767139e-02
1.159613520213171569e+03	2.539381859479340475e-01	1.639876286541851746e-01	2.522531728523423333e-01	1.515660839566903006e-01	7.160261041289152362e-02	2.994772876082042387e-02	7.670458941485386317e-02
1.161064851277267962e+03	2.537264788744664767e-01	1.638478099225700313e-01	2.523973098773504287e-01	1.516527571785025175e-01	7.163541279223770153e-02	2.997319819126622112e-02	7.676703316332431082e-02
1.162516182341364356e+03	2.535151373542151587e-01	1.637082266199265113e-01	2.525411867774288721e-01	1.517392748236068012e-01	7.166816087194774476e-02	2.999863141205316719e-02	7.682938214053942894e-02
1.163967513405461204e+03	2.533041607519313509e-01	1.635688783442175998e-01	2.526848041169653114e-01	1.518256372185455283e-01	7.170085474509770018e-02	3.002402843051356698e-02	7.689163639244663007e-02
1.165418844469557826e+03	2.530935484335158914e-01	1.634297646941313964e-01	2.528281624582253140e-01	1.519118446888539642e-01	7.173349450460224375e-02	3.004938925438083511e-02	7.695379596600808447e-02
1.166870175533654447e+03	2.528832997660165338e-01	1.632908852690797274e-01	2.529712623613669109e-01	1.519978975590653147e-01	7.176608024321495805e-02	3.007471389178567947e-02	7.701586090918856320e-02
1.168321506597751068e+03	2.526734141176257831e-01	1.631522396691962862e-01	2.531141043844553074e-01	1.520837961527158333e-01	7.179861205352866538e-02	3.010000235125232654e-02	7.707783127094351705e-02
1.169772837661847461e+03	2.524638908576780638e-01	1.630138274953350785e-01	2.532566890834770934e-01	1.521695407923498167e-01	7.183109002797567755e-02	3.012525464169477432e-02	7.713970710120721108e-02
1.171224168725944082e+03	2.522547293566476112e-01	1.628756483490687301e-01	2.533990170123546770e-01	1.522551317995245734e-01	7.186351425882810118e-02	3.015047077241307660e-02	7.720148845088094236e-02
1.172675499790040703e+03	2.520459289861458063e-01	1.627377018326868485e-01	2.535410887229603838e-01	1.523405694948155031e-01	7.189588483819811526e-02	3.017565075308965145e-02	7.726317537182139650e-02
1.174126830854137097e+03	2.518374891189190112e-01	1.625999875491944413e-01	2.536829047651303348e-01	1.524258541978208148e-01	7.192820185803829036e-02	3.020079459378562786e-02	7.732476791682918460e-02
1.175578161918233945e+03	2.516294091288458490e-01	1.624625051023102229e-01	2.538244656866785465e-01	1.525109862271666616e-01	7.196046541014179676e-02	3.022590230493720637e-02	7.738626613963736633e-02
1.177029492982330339e+03	2.514216883909350386e-01	1.623252540964651158e-01	2.539657720334105306e-01	1.525959659005118041e-01	7.199267558614277918e-02	3.025097389735206810e-02	7.744767009490023668e-02
1.178480824046426733e+03	2.512143262813227862e-01	1.621882341368005020e-01	2.541068243491371170e-01	1.526807935345526057e-01	7.202483247751657880e-02	3.027600938220579782e-02	7.750897983818208492e-02
1.179932155110523581e+03	2.510073221772707308e-01	1.620514448291666965e-01	2.542476231756878313e-01	1.527654694450276129e-01	7.205693617558008024e-02	3.030100877103832774e-02	7.757019542594612016e-02
1.181383486174620202e+03	2.508006754571631136e-01	1.619148857801213925e-01	2.543881690529244954e-01	1.528499939467225510e-01	7.208898677149193357e-02	3.032597207575044376e-02	7.763131691554353564e-02
1.182834817238716823e+03	2.505943855005045573e-01	1.617785565969279415e-01	2.545284625187541616e-01	1.529343673534749315e-01	7.212098435625284576e-02	3.035089930860027790e-02	7.769234436520267018e-02
1.184286148302813444e+03	2.503884516879180122e-01	1.616424568875538814e-01	2.546685041091426571e-01	1.530185899781787429e-01	7.215292902070592762e-02	3.037579048219985270e-02	7.775327783401823900e-02
1.185737479366910065e+03	2.501828734011420918e-01	1.615065862606693547e-01	2.548082943581275739e-01	1.531026621327891968e-01	7.218482085553688810e-02	3.040064560951164993e-02	7.781411738194064787e-02
1.187188810431006686e+03	2.499776500230285470e-01	1.613709443256454157e-01	2.549478337978309805e-01	1.531865841283272800e-01	7.221665995127435345e-02	3.042546470384520016e-02	7.787486306976555694e-02
1.188640141495103080e+03	2.497727809375403785e-01	1.612355306925526421e-01	2.550871229584725786e-01	1.532703562748844450e-01	7.224844639829018644e-02	3.045024777885370348e-02	7.793551495912338922e-02
1.190091472559199701e+03	2.495682655297491170e-01	1.611003449721594705e-01	2.552261623683821923e-01	1.533539788816271898e-01	7.228018028679970841e-02	3.047499484853068152e-02	7.799607311246900543e-02
1.191542803623296322e+03	2.493641031858327695e-01	1.609653867759306412e-01	2.553649525540123699e-01	1.534374522568014154e-01	7.231186170686200454e-02	3.049970592720663981e-02	7.805653759307146222e-02
1.192994134687392716e+03	2.491602932930733205e-01	1.608306557160257277e-01	2.555034940399510957e-01	1.535207767077372831e-01	7.234349074838018756e-02	3.052438102954578916e-02	7.811690846500392305e-02
1.194445465751489564e+03	2.489568352398544571e-01	1.606961514052974993e-01	2.556417873489339465e-01	1.536039525408533502e-01	7.237506750110171694e-02	3.054902017054274624e-02	7.817718579313365224e-02
1.195896796815585958e+03	2.487537284156592365e-01	1.605618734572904494e-01	2.557798330018565269e-01	1.536869800616612602e-01	7.240659205461863479e-02	3.057362336551930002e-02	7.823736964311200914e-02
1.197348127879682352e+03	2.485509722110678943e-01	1.604278214862392693e-01	2.559176315177864036e-01	1.537698595747701014e-01	7.243806449836785732e-02	3.059819063012118867e-02	7.829746008136469204e-02
1.198799458943779200e+03	2.483485660177554566e-01	1.602939951070672664e-01	2.560551834139755401e-01	1.538525913838908188e-01	7.246948492163143851e-02	3.062272198031490422e-02	7.835745717508198205e-02
1.200250790007875821e+03	2.481465092284894647e-01	1.601603939353849482e-01	2.561924892058719538e-01	1.539351757918404895e-01	7.250085341353688928e-02	3.064721743238451798e-02	7.841736099220912581e-02
1.201702121071972442e+03	2.479448012371277266e-01	1.600270175874884404e-01	2.563295494071315961e-01	1.540176131005468463e-01	7.253217006305741343e-02	3.067167700292853377e-02	7.847717160143675985e-02
1.203153452136069063e+03	2.477434414386160133e-01	1.598938656803579883e-01	2.564663645296303418e-01	1.540999036110524134e-01	7.256343495901219909e-02	3.069610070885677583e-02	7.853688907219152915e-02
1.204604783200165684e+03	2.475424292289858386e-01	1.597609378316564577e-01	2.566029350834754252e-01	1.541820476235188642e-01	7.259464819006669623e-02	3.072048856738728018e-02	7.859651347462670579e-02
1.206056114264262078e+03	2.473417640053521827e-01	1.596282336597279194e-01	2.567392615770169306e-01	1.542640454372313230e-01	7.262580984473283874e-02	3.074484059604323458e-02	7.865604487961290470e-02
1.207507445328358699e+03	2.471414451659112166e-01	1.594957527835959843e-01	2.568753445168593386e-01	1.543458973506025012e-01	7.265692001136941913e-02	3.076915681264992194e-02	7.871548335872893820e-02
1.208958776392455093e+03	2.469414721099381094e-01	1.593634948229625259e-01	2.570111844078730168e-01	1.544276036611769432e-01	7.268797877818226894e-02	3.079343723533170193e-02	7.877482898425279545e-02
1.210410107456551941e+03	2.467418442377847798e-01	1.592314593982060988e-01	2.571467817532051559e-01	1.545091646656351903e-01	7.271898623322457789e-02	3.081768188250902027e-02	7.883408182915258022e-02
1.211861438520648335e+03	2.465425609508776206e-01	1.590996461303804677e-01	2.572821370542910935e-01	1.545905806597979437e-01	7.274994246439717149e-02	3.084189077289541808e-02	7.889324196707765691e-02
1.213312769584745183e+03	2.463436216517153055e-01	1.589680546412131634e-01	2.574172508108654722e-01	1.546718519386302004e-01	7.278084755944873308e-02	3.086606392549459330e-02	7.895230947234986585e-02
1.214764100648841804e+03	2.461450257438666800e-01	1.588366845531040406e-01	2.575521235209730087e-01	1.547529787962452497e-01	7.281170160597615071e-02	3.089020135959747240e-02	7.901128441995472484e-02
1.216215431712937971e+03	2.459467726319683745e-01	1.587055354891238057e-01	2.576867556809793736e-01	1.548339615259088364e-01	7.284250469142471152e-02	3.091430309477929267e-02	7.907016688553289430e-02
1.217666762777034819e+03	2.457488617217227778e-01	1.585746070730124913e-01	2.578211477855820721e-01	1.549148004200431583e-01	7.287325690308842085e-02	3.093836915089674330e-02	7.912895694537160074e-02
1.219118093841131440e+03	2.455512924198957059e-01	1.584438989291782063e-01	2.579553003278210466e-01	1.549954957702308900e-01	7.290395832811025212e-02	3.096239954808508929e-02	7.918765467639614364e-02
1.220569424905228061e+03	2.453540641343142092e-01	1.583134106826955545e-01	2.580892137990891677e-01	1.550760478672190690e-01	7.293460905348241041e-02	3.098639430675534032e-02	7.924626015616154096e-02
1.222020755969324682e+03	2.451571762738646021e-01	1.581831419593041910e-01	2.582228886891428932e-01	1.551564570009232591e-01	7.296520916604663787e-02	3.101035344759144399e-02	7.930477346284425799e-02
1.223472087033421303e+03	2.449606282484900477e-01	1.580530923854074898e-01	2.583563254861125924e-01	1.552367234604313251e-01	7.299575875249442181e-02	3.103427699154748948e-02	7.936319467523396398e-02
1.224923418097517697e+03	2.447644194691885600e-01	1.579232615880710178e-01	2.584895246765127608e-01	1.553168475340073462e-01	7.302625789936731393e-02	3.105816495984494580e-02	7.942152387272541358e-02
1.226374749161614318e+03	2.445685493480106998e-01	1.577936491950212017e-01	2.586224867452524001e-01	1.553968295090955576e-01	7.305670669305713849e-02	3.108201737396990710e-02	7.947976113531043940e-02
1.227826080225710712e+03	2.443730172980575488e-01	1.576642548346439132e-01	2.587552121756450663e-01	1.554766696723241803e-01	7.308710521980635311e-02	3.110583425567037957e-02	7.953790654356991674e-02
1.229277411289807560e+03	2.441778227334785167e-01	1.575350781359829977e-01	2.588877014494188611e-01	1.555563683095092242e-01	7.311745356570821530e-02	3.112961562695357523e-02	7.959596017866595041e-02
1.230728742353903954e+03	2.439829650694692043e-01	1.574061187287389973e-01	2.590199550467264245e-01	1.556359257056584011e-01	7.314775181670710169e-02	3.115336151008322313e-02	7.965392212233397828e-02
1.232180073418000802e+03	2.437884437222692380e-01	1.572773762432675415e-01	2.591519734461549818e-01	1.557153421449747333e-01	7.317800005859875778e-02	3.117707192757692217e-02	7.971179245687516624e-02
1.233631404482097196e+03	2.435942581091602166e-01	1.571488503105782086e-01	2.592837571247357809e-01	1.557946179108604667e-01	7.320819837703057553e-02	3.120074690220349389e-02	7.976957126514862273e-02
1.235082735546193817e+03	2.434004076484635459e-01	1.570205405623329720e-01	2.594153065579540285e-01	1.558737532859207076e-01	7.323834685750182927e-02	3.122438645698038390e-02	7.982725863056390481e-02
1.236534066610290438e+03	2.432068917595383017e-01	1.568924466308448673e-01	2.595466222197585493e-01	1.559527485519671408e-01	7.326844558536396712e-02	3.124799061517103543e-02	7.988485463707348244e-02
1.237985397674387059e+03	2.430137098627792036e-01	1.567645681490766607e-01	2.596777045825712227e-01	1.560316039900217777e-01	7.329849464582084695e-02	3.127155940028234632e-02	7.994235936916536944e-02
1.239436728738483680e+03	2.428208613796143944e-01	1.566369047506393775e-01	2.598085541172962531e-01	1.561103198803205916e-01	7.332849412392901389e-02	3.129509283606209807e-02	7.999977291185569883e-02
1.240888059802580301e+03	2.426283457325034976e-01	1.565094560697910531e-01	2.599391712933298848e-01	1.561888965023170983e-01	7.335844410459797793e-02	3.131859094649641628e-02	8.005709535068147864e-02
1.242339390866676695e+03	2.424361623449354242e-01	1.563822217414352900e-01	2.600695565785695607e-01	1.562673341346860478e-01	7.338834467259044980e-02	3.134205375580727954e-02	8.011432677169340322e-02
1.243790721930773088e+03	2.422443106414262914e-01	1.562552014011199253e-01	2.601997104394230265e-01	1.563456330553269213e-01	7.341819591252259081e-02	3.136548128845000755e-02	8.017146726144869229e-02
1.245242052994869937e+03	2.420527900475173966e-01	1.561283946850357263e-01	2.603296333408176566e-01	1.564237935413676228e-01	7.344799790886431812e-02	3.138887356911079091e-02	8.022851690700405491e-02
1.246693384058966330e+03	2.418615999897731073e-01	1.560018012300149748e-01	2.604593257462091693e-01	1.565018158691678651e-01	7.347775074593948519e-02	3.141223062270424166e-02	8.028547579590870897e-02
1.248144715123063179e+03	2.416707398957788355e-01	1.558754206735301628e-01	2.605887881175911192e-01	1.565797003143228616e-01	7.350745450792624258e-02	3.143555247437096467e-02	8.034234401619740062e-02
1.249596046187159800e+03	2.414802091941389839e-01	1.557492526536926603e-01	2.607180209155032791e-01	1.566574471516666844e-01	7.353710927885721838e-02	3.145883914947512905e-02	8.039912165638364583e-02
1.251047377251256421e+03	2.412900073144748636e-01	1.556232968092513547e-01	2.608470245990407999e-01	1.567350566552758451e-01	7.356671514261983735e-02	3.148209067360208807e-02	8.045580880545286084e-02
1.252498708315352815e+03	2.411001336874226963e-01	1.554975527795913470e-01	2.609757996258628143e-01	1.568125290984726528e-01	7.359627218295648754e-02	3.150530707255599222e-02	8.051240555285571476e-02
1.253950039379449436e+03	2.409105877446314492e-01	1.553720202047326193e-01	2.611043464522011526e-01	1.568898647538287117e-01	7.362578048346488102e-02	3.152848837235744384e-02	8.056891198850146818e-02
1.255401370443546057e+03	2.407213689187609751e-01	1.552466987253287023e-01	2.612326655328690017e-01	1.569670638931683071e-01	7.365524012759820660e-02	3.155163459924115177e-02	8.062532820275136736e-02
1.256852701507642678e+03	2.405324766434799033e-01	1.551215879826654265e-01	2.613607573212692325e-01	1.570441267875718472e-01	7.368465119866550450e-02	3.157474577965362073e-02	8.068165428641216330e-02
1.258304032571739299e+03	2.403439103534635857e-01	1.549966876186595344e-01	2.614886222694031703e-01	1.571210537073791103e-01	7.371401377983181902e-02	3.159782194025084756e-02	8.073789033072967247e-02
1.259755363635835920e+03	2.401556694843921813e-01	1.548719972758574037e-01	2.616162608278786439e-01	1.571978449221926588e-01	7.374332795411850383e-02	3.162086310789602450e-02	8.079403642738236524e-02
1.261206694699932314e+03	2.399677534729485195e-01	1.547475165974337985e-01	2.617436734459184788e-01	1.572745007008812257e-01	7.377259380440344405e-02	3.164386930965730482e-02	8.085009266847505149e-02
1.262658025764028707e+03	2.397801617568162125e-01	1.546232452271904811e-01	2.618708605713686577e-01	1.573510213115828504e-01	7.380181141342134765e-02	3.166684057280555464e-02	8.090605914653266340e-02
1.264109356828125556e+03	2.395928937746776288e-01	1.544991828095549913e-01	2.619978226507065910e-01	1.574274070217083488e-01	7.383098086376399527e-02	3.168977692481209085e-02	8.096193595449402425e-02
1.265560687892221949e+03	2.394059489662118401e-01	1.543753289895793690e-01	2.621245601290492222e-01	1.575036580979444212e-01	7.386010223788046225e-02	3.171267839334652311e-02	8.101772318570577003e-02
1.267012018956318798e+03	2.392193267720927607e-01	1.542516834129387393e-01	2.622510734501609653e-01	1.575797748062570391e-01	7.388917561807736845e-02	3.173554500627452646e-02	8.107342093391621540e-02
1.268463350020415419e+03	2.390330266339869558e-01	1.541282457259302296e-01	2.623773630564616988e-01	1.576557574118944427e-01	7.391820108651916965e-02	3.175837679165569027e-02	8.112902929326941404e-02
1.269914681084511813e+03	2.388470479945519198e-01	1.540050155754715822e-01	2.625034293890345927e-01	1.577316061793905821e-01	7.394717872522839353e-02	3.178117377774133945e-02	8.118454835829917726e-02
1.271366012148608434e+03	2.386613902974339674e-01	1.538819926090998769e-01	2.626292728876341021e-01	1.578073213725681712e-01	7.397610861608586164e-02	3.180393599297241802e-02	8.123997822392318990e-02
1.272817343212705055e+03	2.384760529872662627e-01	1.537591764749702827e-01	2.627548939906937386e-01	1.578829032545417954e-01	7.400499084083096701e-02	3.182666346597737284e-02	8.129531898543722324e-02
1.274268674276801676e+03	2.382910355096668764e-01	1.536365668218548364e-01	2.628802931353333983e-01	1.579583520877212433e-01	7.403382548106193783e-02	3.184935622557002327e-02	8.135057073850934795e-02
1.275720005340898297e+03	2.381063373112369264e-01	1.535141632991412208e-01	2.630054707573674655e-01	1.580336681338143368e-01	7.406261261823607334e-02	3.187201430074748654e-02	8.140573357917420261e-02
1.277171336404994690e+03	2.379219578395584955e-01	1.533919655568312945e-01	2.631304272913121967e-01	1.581088516538302624e-01	7.409135233366993811e-02	3.189463772068813763e-02	8.146080760382740094e-02
1.278622667469091539e+03	2.377378965431928282e-01	1.532699732455401198e-01	2.632551631703931583e-01	1.581839029080825687e-01	7.412004470853972293e-02	3.191722651474949990e-02	8.151579290921989740e-02
1.280073998533187932e+03	2.375541528716782202e-01	1.531481860164945197e-01	2.633796788265527766e-01	1.582588221561922193e-01	7.414868982388138352e-02	3.193978071246626055e-02	8.157068959245246387e-02
1.281525329597284326e+03	2.373707262755282432e-01	1.530266035215320231e-01	2.635039746904574987e-01	1.583336096570906459e-01	7.417728776059095974e-02	3.196230034354823751e-02	8.162549775097020788e-02
1.282976660661381175e+03	2.371876162062298288e-01	1.529052254130993660e-01	2.636280511915055635e-01	1.584082656690227742e-01	7.420583859942476990e-02	3.198478543787834638e-02	8.168021748255716030e-02
1.284427991725477568e+03	2.370048221162411872e-01	1.527840513442514925e-01	2.637519087578338306e-01	1.584827904495499928e-01	7.423434242099970215e-02	3.200723602551065750e-02	8.173484888533091852e-02
1.285879322789574417e+03	2.368223434589900311e-01	1.526630809686502499e-01	2.638755478163251067e-01	1.585571842555531796e-01	7.426279930579345046e-02	3.202965213666839756e-02	8.178939205773730348e-02
1.287330653853671038e+03	2.366401796888716602e-01	1.525423139405631956e-01	2.639989687926153628e-01	1.586314473432356154e-01	7.429120933414473660e-02	3.205203380174199979e-02	8.184384709854514162e-02
1.288781984917767431e+03	2.364583302612470184e-01	1.524217499148622368e-01	2.641221721111007836e-01	1.587055799681259816e-01	7.431957258625356000e-02	3.207438105128716799e-02	8.189821410684100522e-02
1.290233315981864052e+03	2.362767946324408341e-01	1.523013885470226036e-01	2.642451581949444850e-01	1.587795823850812194e-01	7.434788914218148914e-02	3.209669391602295446e-02	8.195249318202411926e-02
