1.001418434226643626e+03	2.793623396389289804e-01	1.807220864479718858e-01	2.348440421588989246e-01	1.411110444844120848e-01	6.767547322472067250e-02	2.695940258701568643e-02	6.932561145776806877e-02
1.003837319333471214e+03	2.789365732949978804e-01	1.804420833375584565e-01	2.351379417981855069e-01	1.412873884914924161e-01	6.774093938278234750e-02	2.700830252521602137e-02	6.944677116948373696e-02
1.006256204440298802e+03	2.785120338536847817e-01	1.801628686101041654e-01	2.354309022992952527e-01	1.414631817526251223e-01	6.780622396967582455e-02	2.705710905670530297e-02	6.956768045762593000e-02
1.008675089547126618e+03	2.780887177230099705e-01	1.798844399860600740e-01	2.357229279103539576e-01	1.416384264634406864e-01	6.787132750517453628e-02	2.710582187458171130e-02	6.968833853709545390e-02
1.011093974653954206e+03	2.776666213223951685e-01	1.796067951932881490e-01	2.360140228423794895e-01	1.418131248055151949e-01	6.793625050753607231e-02	2.715444068002267897e-02	6.980874464857962647e-02
1.013512859760782021e+03	2.772457410826151825e-01	1.793299319670247083e-01	2.363041912697824154e-01	1.419872789465081997e-01	6.800099349350692546e-02	2.720296518217146450e-02	6.992889805810756365e-02
1.015931744867609382e+03	2.768260734457494432e-01	1.790538480498442275e-01	2.365934373308589411e-01	1.421608910402988868e-01	6.806555697832726570e-02	2.725139509802516208e-02	7.004879805661255732e-02
1.018350629974437197e+03	2.764076148651344877e-01	1.787785411916234801e-01	2.368817651282766057e-01	1.423339632271206356e-01	6.812994147573553372e-02	2.729973015232418920e-02	7.016844395950158630e-02
1.020769515081264785e+03	2.759903618053162755e-01	1.785040091495060099e-01	2.371691787295522047e-01	1.425064976336940792e-01	6.819414749797324260e-02	2.734797007744316222e-02	7.028783510623161368e-02
1.023188400188092373e+03	2.755743107420031701e-01	1.782302496878669373e-01	2.374556821675226914e-01	1.426784963733584710e-01	6.825817555578955753e-02	2.739611461328319078e-02	7.040697085989264248e-02
1.025607285294920075e+03	2.751594581620189772e-01	1.779572605782781813e-01	2.377412794408086116e-01	1.428499615462016648e-01	6.832202615844600035e-02	2.744416350716555666e-02	7.052585060679762707e-02
1.028026170401747549e+03	2.747458005632568701e-01	1.776850395994738208e-01	2.380259745142708216e-01	1.430208952391884281e-01	6.838569981372107087e-02	2.749211651372675258e-02	7.064447375607880997e-02
1.030445055508575479e+03	2.743333344546330377e-01	1.774135845373160381e-01	2.383097713194598788e-01	1.431912995262873689e-01	6.844919702791484040e-02	2.753997339481488449e-02	7.076283973929052562e-02
1.032863940615402726e+03	2.739220563560409993e-01	1.771428931847610633e-01	2.385926737550587706e-01	1.433611764685963075e-01	6.851251830585355918e-02	2.758773391938738884e-02	7.088094801001845746e-02
1.035282825722230655e+03	2.735119627983062518e-01	1.768729633418257563e-01	2.388746856873188718e-01	1.435305281144661771e-01	6.857566415089423606e-02	2.763539786341008553e-02	7.099879804349518153e-02
1.037701710829058356e+03	2.731030503231410833e-01	1.766037928155542447e-01	2.391558109504892671e-01	1.436993564996234818e-01	6.863863506492916267e-02	2.768296500975752500e-02	7.111638933622173309e-02
1.040120595935886058e+03	2.726953154831000536e-01	1.763353794199850333e-01	2.394360533472395802e-01	1.438676636472913939e-01	6.870143154839050692e-02	2.773043514811460511e-02	7.123372140559537657e-02
1.042539481042713533e+03	2.722887548415351966e-01	1.760677209761182527e-01	2.397154166490761407e-01	1.440354515683093806e-01	6.876405410025475395e-02	2.777780807487948561e-02	7.135079378954332918e-02
1.044958366149541234e+03	2.718833649725523327e-01	1.758008153118834627e-01	2.399939045967521001e-01	1.442027222612513038e-01	6.882650321804731353e-02	2.782508359306771345e-02	7.146760604616235468e-02
1.047377251256368709e+03	2.714791424609669934e-01	1.755346602621073726e-01	2.402715209006711372e-01	1.443694777125424378e-01	6.888877939784691928e-02	2.787226151221762135e-02	7.158415775336411657e-02
1.049796136363196410e+03	2.710760839022608448e-01	1.752692536684822278e-01	2.405482692412852230e-01	1.445357198965749324e-01	6.895088313429012516e-02	2.791934164829692686e-02	7.170044850852627660e-02
1.052215021470024112e+03	2.706741859025389441e-01	1.750045933795342790e-01	2.408241532694859743e-01	1.447014507758218604e-01	6.901281492057577405e-02	2.796632382361053867e-02	7.181647792814917219e-02
1.054633906576851814e+03	2.702734450784864961e-01	1.747406772505924466e-01	2.410991766069905118e-01	1.448666723009501001e-01	6.907457524846939700e-02	2.801320786670956006e-02	7.193224564751801720e-02
1.057052791683679516e+03	2.698738580573263879e-01	1.744775031437576229e-01	2.413733428467210451e-01	1.450313864109318562e-01	6.913616460830766808e-02	2.805999361230145442e-02	7.204775132037050112e-02
1.059471676790506763e+03	2.694754214767769440e-01	1.742150689278717246e-01	2.416466555531790739e-01	1.451955950331548784e-01	6.919758348900276190e-02	2.810668090116137316e-02	7.216299461856985620e-02
1.061890561897334692e+03	2.690781319850098496e-01	1.739533724784874946e-01	2.419191182628135373e-01	1.453593000835313176e-01	6.925883237804676684e-02	2.815326958004464239e-02	7.227797523178298988e-02
1.064309447004162394e+03	2.686819862406086279e-01	1.736924116778383320e-01	2.421907344843838295e-01	1.455225034666054740e-01	6.931991176151604261e-02	2.819975950160036327e-02	7.239269286716397411e-02
1.066728332110990095e+03	2.682869809125272287e-01	1.734321844148083158e-01	2.424615076993167917e-01	1.456852070756601558e-01	6.938082212407556404e-02	2.824615052428613646e-02	7.250714724904253061e-02
1.069147217217817570e+03	2.678931126800486728e-01	1.731726885849027286e-01	2.427314413620588196e-01	1.458474127928218733e-01	6.944156394898322315e-02	2.829244251228388643e-02	7.262133811861753996e-02
1.071566102324645271e+03	2.675003782327444735e-01	1.729139220902186636e-01	2.430005389004221972e-01	1.460091224891648942e-01	6.950213771809420071e-02	2.833863533541677165e-02	7.273526523365553276e-02
1.073984987431472746e+03	2.671087742704340018e-01	1.726558828394158807e-01	2.432688037159265737e-01	1.461703380248138562e-01	6.956254391186524055e-02	2.838472886906718423e-02	7.284892836819398254e-02
1.076403872538300675e+03	2.667182975031442416e-01	1.723985687476879969e-01	2.435362391841349450e-01	1.463310612490454632e-01	6.962278300935891007e-02	2.843072299409578688e-02	7.296232731224940038e-02
1.078822757645127922e+03	2.663289446510697100e-01	1.721419777367337867e-01	2.438028486549847773e-01	1.464912940003888497e-01	6.968285548824791620e-02	2.847661759676160809e-02	7.307546187153016182e-02
1.081241642751955851e+03	2.659407124445326009e-01	1.718861077347288990e-01	2.440686354531140245e-01	1.466510381067248348e-01	6.974276182481931041e-02	2.852241256864318161e-02	7.318833186715389960e-02
1.083660527858783553e+03	2.655535976239437046e-01	1.716309566762977690e-01	2.443336028781823432e-01	1.468102953853839820e-01	6.980250249397872142e-02	2.856810780656069901e-02	7.330093713536953159e-02
1.086079412965611255e+03	2.651675969397628840e-01	1.713765225024855843e-01	2.445977542051872844e-01	1.469690676432436338e-01	6.986207796925460178e-02	2.861370321249915444e-02	7.341327752728371570e-02
1.088498298072438729e+03	2.647827071524599396e-01	1.711228031607306965e-01	2.448610926847758773e-01	1.471273566768236951e-01	6.992148872280241900e-02	2.865919869353251298e-02	7.352535290859171790e-02
1.090917183179266431e+03	2.643989250324764728e-01	1.708697966048371986e-01	2.451236215435513566e-01	1.472851642723814469e-01	6.998073522540883273e-02	2.870459416174885384e-02	7.363716315931267964e-02
1.093336068286093905e+03	2.640162473601869730e-01	1.706175007949476685e-01	2.453853439843755591e-01	1.474424922060051657e-01	7.003981794649589976e-02	2.874988953417646417e-02	7.374870817352910390e-02
1.095754953392921607e+03	2.636346709258608478e-01	1.703659136975162747e-01	2.456462631866664081e-01	1.475993422437067715e-01	7.009873735412514018e-02	2.879508473271091482e-02	7.385998785913051867e-02
1.098173838499749309e+03	2.632541925296242868e-01	1.701150332852818525e-01	2.459063823066912347e-01	1.477557161415132547e-01	7.015749391500179788e-02	2.884017968404307269e-02	7.397100213756138687e-02
1.100592723606577010e+03	2.628748089814229583e-01	1.698648575372414815e-01	2.461657044778553516e-01	1.479116156455571873e-01	7.021608809447890676e-02	2.888517431958804310e-02	7.408175094357304091e-02
1.103011608713404712e+03	2.624965171009839837e-01	1.696153844386241449e-01	2.464242328109866320e-01	1.480670424921662343e-01	7.027452035656135687e-02	2.893006857541505564e-02	7.419223422497955855e-02
1.105430493820231959e+03	2.621193137177791899e-01	1.693666119808645010e-01	2.466819703946157571e-01	1.482219984079514441e-01	7.033279116391007169e-02	2.897486239217822446e-02	7.430245194241770490e-02
1.107849378927059888e+03	2.617431956709880270e-01	1.691185381615771532e-01	2.469389202952520512e-01	1.483764851098947346e-01	7.039090097784601874e-02	2.901955571504824527e-02	7.441240406911069083e-02
1.110268264033887590e+03	2.613681598094607650e-01	1.688711609845307271e-01	2.471950855576552086e-01	1.485305043054352403e-01	7.044885025835433134e-02	2.906414849364495276e-02	7.452209059063569230e-02
1.112687149140715292e+03	2.609942029916819672e-01	1.686244784596225010e-01	2.474504692051033017e-01	1.486840576925548274e-01	7.050663946408830540e-02	2.910864068197076271e-02	7.463151150469528317e-02
1.115106034247542766e+03	2.606213220857342416e-01	1.683784886028530658e-01	2.477050742396562921e-01	1.488371469598623875e-01	7.056426905237346558e-02	2.915303223834498844e-02	7.474066682089247626e-02
1.117524919354370468e+03	2.602495139692622139e-01	1.681331894363012613e-01	2.479589036424159898e-01	1.489897737866774652e-01	7.062173947921157602e-02	2.919732312533901072e-02	7.484955656050938655e-02
1.119943804461197942e+03	2.598787755294367230e-01	1.678885789880991963e-01	2.482119603737818481e-01	1.491419398431127197e-01	7.067905119928463709e-02	2.924151330971226995e-02	7.495818075628955801e-02
1.122362689568025871e+03	2.595091036629191272e-01	1.676446552924074906e-01	2.484642473737031232e-01	1.492936467901554709e-01	7.073620466595890999e-02	2.928560276234912219e-02	7.506653945222371838e-02
1.124781574674853118e+03	2.591404952758260549e-01	1.674014163893908780e-01	2.487157675619270925e-01	1.494448962797484126e-01	7.079320033128884415e-02	2.932959145819649324e-02	7.517463270333914205e-02
1.127200459781681047e+03	2.587729472836942657e-01	1.671588603251937810e-01	2.489665238382437473e-01	1.495956899548693819e-01	7.085003864602106016e-02	2.937347937620236188e-02	7.528246057549227432e-02
1.129619344888508749e+03	2.584064566114454564e-01	1.669169851519162195e-01	2.492165190827268229e-01	1.497460294496101296e-01	7.090672005959833268e-02	2.941726649925503062e-02	7.539002314516488057e-02
1.132038229995336451e+03	2.580410201933517333e-01	1.666757889275897742e-01	2.494657561559710246e-01	1.498959163892543689e-01	7.096324502016344848e-02	2.946095281412320147e-02	7.549732049926333177e-02
1.134457115102163925e+03	2.576766349730011396e-01	1.664352697161537442e-01	2.497142378993258971e-01	1.500453523903547415e-01	7.101961397456320324e-02	2.950453831139682875e-02	7.560435273492134567e-02
1.136876000208991627e+03	2.573132979032631829e-01	1.661954255874317499e-01	2.499619671351262506e-01	1.501943390608090345e-01	7.107582736835227344e-02	2.954802298542872838e-02	7.571111995930575322e-02
1.139294885315819101e+03	2.569510059462547513e-01	1.659562546171080288e-01	2.502089466669190632e-01	1.503428779999355647e-01	7.113188564579706052e-02	2.959140683427698149e-02	7.581762228942552639e-02
1.141713770422646803e+03	2.565897560733064187e-01	1.657177548867043992e-01	2.504551792796870235e-01	1.504909707985475908e-01	7.118778924987967383e-02	2.963468985964805985e-02	7.592385985194387288e-02
1.144132655529474505e+03	2.562295452649284155e-01	1.654799244835570560e-01	2.507006677400688277e-01	1.506386190390269775e-01	7.124353862230169143e-02	2.967787206684071449e-02	7.602983278299342562e-02
1.146551540636302207e+03	2.558703705107774340e-01	1.652427615007936168e-01	2.509454147965759496e-01	1.507858242953970807e-01	7.129913420348807374e-02	2.972095346469058250e-02	7.613554122799438828e-02
1.148970425743129908e+03	2.555122288096231542e-01	1.650062640373105016e-01	2.511894231798067478e-01	1.509325881333945796e-01	7.135457643259096594e-02	2.976393406551552934e-02	7.624098534147566442e-02
1.151389310849957155e+03	2.551551171693153264e-01	1.647704301977502284e-01	2.514326956026566307e-01	1.510789121105408084e-01	7.140986574749354221e-02	2.980681388506169899e-02	7.634616528689888715e-02
1.153808195956785084e+03	2.547990326067505751e-01	1.645352580924790975e-01	2.516752347605258344e-01	1.512247977762120610e-01	7.146500258481380818e-02	2.984959294245027525e-02	7.645108123648539089e-02
1.156227081063612786e+03	2.544439721478399252e-01	1.643007458375648211e-01	2.519170433315238711e-01	1.513702466717092021e-01	7.151998737990840349e-02	2.989227126012494740e-02	7.655573337104586151e-02
1.158645966170440488e+03	2.540899328274762170e-01	1.640668915547544571e-01	2.521581239766705895e-01	1.515152603303264733e-01	7.157482056687636263e-02	2.993484886380002805e-02	7.666012187981290082e-02
1.161064851277267962e+03	2.537369116895017429e-01	1.638336933714525379e-01	2.523984793400947946e-01	1.516598402774195220e-01	7.162950257856290359e-02	2.997732578240929965e-02	7.676424696027625560e-02
1.163483736384095664e+03	2.533849057866761068e-01	1.636011494206991712e-01	2.526381120492295906e-01	1.518039880304727363e-01	7.168403384656317490e-02	3.001970204805551670e-02	7.686810881802073891e-02
1.165902621490923138e+03	2.530339121806443048e-01	1.633692578411485297e-01	2.528770247150053385e-01	1.519477050991656364e-01	7.173841480122600256e-02	3.006197769596053587e-02	7.697170766656678820e-02
1.168321506597751068e+03	2.526839279419048623e-01	1.631380167770472289e-01	2.531152199320388374e-01	1.520909929854388221e-01	7.179264587165762324e-02	3.010415276441614010e-02	7.707504372721371566e-02
1.170740391704578315e+03	2.523349501497782477e-01	1.629074243782130949e-01	2.533527002788207305e-01	1.522338531835588649e-01	7.184672748572538958e-02	3.014622729473550450e-02	7.717811722888535952e-02
1.173159276811406244e+03	2.519869758923755643e-01	1.626774788000139860e-01	2.535894683178996356e-01	1.523762871801828123e-01	7.190066007006148951e-02	3.018820133120527632e-02	7.728092840797844143e-02
1.175578161918233945e+03	2.516400022665671865e-01	1.624481782033466715e-01	2.538255265960634999e-01	1.525182964544216091e-01	7.195444405006660993e-02	3.023007492103831073e-02	7.738347750821325532e-02
1.177997047025061647e+03	2.512940263779518402e-01	1.622195207546159867e-01	2.540608776445186789e-01	1.526598824779031582e-01	7.200807984991366983e-02	3.027184811432701017e-02	7.748576478048688210e-02
1.180415932131889122e+03	2.509490453408254051e-01	1.619915046257141555e-01	2.542955239790657962e-01	1.528010467148343543e-01	7.206156789255142858e-02	3.031352096399727789e-02	7.758779048272880507e-02
1.182834817238716823e+03	2.506050562781506064e-01	1.617641279940000010e-01	2.545294681002737702e-01	1.529417906220627288e-01	7.211490859970816347e-02	3.035509352576309244e-02	7.768955487975885699e-02
1.185253702345544298e+03	2.502620563215261495e-01	1.615373890422786562e-01	2.547627124936506782e-01	1.530821156491372625e-01	7.216810239189529186e-02	3.039656585808166514e-02	7.779105824314751227e-02
1.187672587452371999e+03	2.499200426111564399e-01	1.613112859587811643e-01	2.549952596298124541e-01	1.532220232383684211e-01	7.222114968841106264e-02	3.043793802210919414e-02	7.789230085107845536e-02
1.190091472559199701e+03	2.495790122958213841e-01	1.610858169371442161e-01	2.552271119646490338e-01	1.533615148248878846e-01	7.227405090734408122e-02	3.047921008165720494e-02	7.799328298821345262e-02
1.192510357666027403e+03	2.492389625328463865e-01	1.608609801763902225e-01	2.554582719394877244e-01	1.535005918367071120e-01	7.232680646557697324e-02	3.052038210314944947e-02	7.809400494555940320e-02
1.194929242772855105e+03	2.488998904880724283e-01	1.606367738809072188e-01	2.556887419812550744e-01	1.536392556947756838e-01	7.237941677878995117e-02	3.056145415557940531e-02	7.819446702033759633e-02
1.197348127879682352e+03	2.485617933358262033e-01	1.604131962604292416e-01	2.559185245026353583e-01	1.537775078130387829e-01	7.243188226146442255e-02	3.060242631046830586e-02	7.829466951585503653e-02
1.199767012986510281e+03	2.482246682588908071e-01	1.601902455300165118e-01	2.561476219022276180e-01	1.539153495984941222e-01	7.248420332688650103e-02	3.064329864182373242e-02	7.839461274137804470e-02
1.202185898093337983e+03	2.478885124484761782e-01	1.599679199100360327e-01	2.563760365646997053e-01	1.540527824512483435e-01	7.253638038715062852e-02	3.068407122609876844e-02	7.849429701200780207e-02
1.204604783200165684e+03	2.475533231041898430e-01	1.597462176261419953e-01	2.566037708609404944e-01	1.541898077645723897e-01	7.258841385316304462e-02	3.072474414215167413e-02	7.859372264855796208e-02
1.207023668306993159e+03	2.472190974340079672e-01	1.595251369092566818e-01	2.568308271482099836e-01	1.543264269249569054e-01	7.264030413464538094e-02	3.076531747120610227e-02	7.869288997743438541e-02
1.209442553413820860e+03	2.468858326542462955e-01	1.593046759955512037e-01	2.570572077702868441e-01	1.544626413121664155e-01	7.269205164013814446e-02	3.080579129681184150e-02	7.879179933051670692e-02
1.211861438520648335e+03	2.465535259895313691e-01	1.590848331264264615e-01	2.572829150576141366e-01	1.545984522992932819e-01	7.274365677700422861e-02	3.084616570480608333e-02	7.889045104504194272e-02
1.214280323627476264e+03	2.462221746727720206e-01	1.588656065484941593e-01	2.575079513274426413e-01	1.547338612528110502e-01	7.279511995143243819e-02	3.088644078327518888e-02	7.898884546349001223e-02
1.216699208734303511e+03	2.458917759451307861e-01	1.586469945135581538e-01	2.577323188839725221e-01	1.548688695326269904e-01	7.284644156844093110e-02	3.092661662251697946e-02	7.908698293347116159e-02
1.219118093841131440e+03	2.455623270559955662e-01	1.584289952785957467e-01	2.579560200184926044e-01	1.550034784921342501e-01	7.289762203188068779e-02	3.096669331500350592e-02	7.918486380761520504e-02
1.221536978947959142e+03	2.452338252629515936e-01	1.582116071057388940e-01	2.581790570095175985e-01	1.551376894782635074e-01	7.294866174443900841e-02	3.100667095534434536e-02	7.928248844346259816e-02
1.223955864054786844e+03	2.449062678317532049e-01	1.579948282622560818e-01	2.584014321229238242e-01	1.552715038315338192e-01	7.299956110764292683e-02	3.104654964025034200e-02	7.937985720335739848e-02
1.226374749161614318e+03	2.445796520362960302e-01	1.577786570205336747e-01	2.586231476120823269e-01	1.554049228861030807e-01	7.305032052186267999e-02	3.108632946849787179e-02	7.947697045434186369e-02
1.228793634268442020e+03	2.442539751585893759e-01	1.575630916580579299e-01	2.588442057179906608e-01	1.555379479698179301e-01	7.310094038631510804e-02	3.112601054089354086e-02	7.957382856805295113e-02
1.231212519375269494e+03	2.439292344887284136e-01	1.573481304573968176e-01	2.590646086694023409e-01	1.556705804042630703e-01	7.315142109906705437e-02	3.116559296023939732e-02	7.967043192062037149e-02
1.233631404482097196e+03	2.436054273248668134e-01	1.571337717061819239e-01	2.592843586829547409e-01	1.558028215048101184e-01	7.320176305703883501e-02	3.120507683129856991e-02	7.976678089256647453e-02
1.236050289588924898e+03	2.432825509731895430e-01	1.569200136970906601e-01	2.595034579632950478e-01	1.559346725806657619e-01	7.325196665600752777e-02	3.124446226076138880e-02	7.986287586870767508e-02
1.238469174695752372e+03	2.429606027478854180e-01	1.567068547278284152e-01	2.597219087032041074e-01	1.560661349349196647e-01	7.330203229061041381e-02	3.128374935721192629e-02	7.995871723805765552e-02
1.240888059802580301e+03	2.426395799711202894e-01	1.564942931011109317e-01	2.599397130837193259e-01	1.561972098645916240e-01	7.335196035434836392e-02	3.132293823109503356e-02	8.005430539373202536e-02
1.243306944909407548e+03	2.423194799730100379e-01	1.562823271246465973e-01	2.601568732742549073e-01	1.563278986606783660e-01	7.340175123958915526e-02	3.136202899468376604e-02	8.014964073285471557e-02
1.245725830016235477e+03	2.420003000915937341e-01	1.560709551111192361e-01	2.603733914327209242e-01	1.564582026081997035e-01	7.345140533757084367e-02	3.140102176204727369e-02	8.024472365646580230e-02
1.248144715123063179e+03	2.416820376728071595e-01	1.558601753781704291e-01	2.605892697056405583e-01	1.565881229862442769e-01	7.350092303840509433e-02	3.143991664901912148e-02	8.033955456943091267e-02
1.250563600229890881e+03	2.413646900704561615e-01	1.556499862483824437e-01	2.608045102282653405e-01	1.567176610680148796e-01	7.355030473108047084e-02	3.147871377316599495e-02	8.043413388035221268e-02
1.252982485336718355e+03	2.410482546461903686e-01	1.554403860492610534e-01	2.610191151246895047e-01	1.568468181208731438e-01	7.359955080346577971e-02	3.151741325375689157e-02	8.052846200148076894e-02
1.255401370443546057e+03	2.407327287694768503e-01	1.552313731132183849e-01	2.612330865079619535e-01	1.569755954063838110e-01	7.364866164231340107e-02	3.155601521173266588e-02	8.062253934863043703e-02
1.257820255550373531e+03	2.404181098175740272e-01	1.550229457775560427e-01	2.614464264801971138e-01	1.571039941803586415e-01	7.369763763326252215e-02	3.159451976967599107e-02	8.071636634109317920e-02
1.260239140657201460e+03	2.401043951755057471e-01	1.548151023844481222e-01	2.616591371326840720e-01	1.572320156928996016e-01	7.374647916084246801e-02	3.163292705178176456e-02	8.080994340155581157e-02
1.262658025764028707e+03	2.397915822360353333e-01	1.546078412809245572e-01	2.618712205459939879e-01	1.573596611884418850e-01	7.379518660847592115e-02	3.167123718382786751e-02	8.090327095601808349e-02
1.265076910870856636e+03	2.394796683996398279e-01	1.544011608188543827e-01	2.620826787900863430e-01	1.574869319057962957e-01	7.384376035848222442e-02	3.170945029314631985e-02	8.099634943371222806e-02
1.267495795977684338e+03	2.391686510744845395e-01	1.541950593549291926e-01	2.622935139244135239e-01	1.576138290781911311e-01	7.389220079208061454e-02	3.174756650859484469e-02	8.108917926702377543e-02
1.269914681084511813e+03	2.388585276763972864e-01	1.539895352506465698e-01	2.625037279980238503e-01	1.577403539333138427e-01	7.394050828939348341e-02	3.178558596052880741e-02	8.118176089141374008e-02
1.272333566191339514e+03	2.385492956288433331e-01	1.537845868722937936e-01	2.627133230496633276e-01	1.578665076933520595e-01	7.398868322944955611e-02	3.182350878077352258e-02	8.127409474534209866e-02
1.274752451298167216e+03	2.382409523628998549e-01	1.535802125909313809e-01	2.629223011078756223e-01	1.579922915750342216e-01	7.403672599018712441e-02	3.186133510259692853e-02	8.136618127019255853e-02
1.277171336404994690e+03	2.379334953172309863e-01	1.533764107823770428e-01	2.631306641911012600e-01	1.581177067896698540e-01	7.408463694845729419e-02	3.189906506068266451e-02	8.145802091019856139e-02
1.279590221511822392e+03	2.376269219380627851e-01	1.531731798271893930e-01	2.633384143077748263e-01	1.582427545431893678e-01	7.413241648002712181e-02	3.193669879110347387e-02	8.154961411237066082e-02
1.282009106618650094e+03	2.373212296791583076e-01	1.529705181106520706e-01	2.635455534564211111e-01	1.583674360361833899e-01	7.418006495958284763e-02	3.197423643129498200e-02	8.164096132642495451e-02
1.284427991725477568e+03	2.370164160017928234e-01	1.527684240227576429e-01	2.637520836257498114e-01	1.584917524639417319e-01	7.422758276073304629e-02	3.201167812002980728e-02	8.173206300471276553e-02
1.286846876832305497e+03	2.367124783747291406e-01	1.525668959581918671e-01	2.639580067947490671e-01	1.586157050164920812e-01	7.427497025601180469e-02	3.204902399739207458e-02	8.182291960215160032e-02
1.289265761939132744e+03	2.364094142741931803e-01	1.523659323163178148e-01	2.641633249327773325e-01	1.587392948786379432e-01	7.432222781688188618e-02	3.208627420475220621e-02	8.191353157615721692e-02
1.291684647045960673e+03	2.361072211838494417e-01	1.521655315011602450e-01	2.643680399996545805e-01	1.588625232299965828e-01	7.436935581373783910e-02	3.212342888474210845e-02	8.200389938657681732e-02
1.294103532152788375e+03	2.358058965947766594e-01	1.519656919213898671e-01	2.645721539457516203e-01	1.589853912450362727e-01	7.441635461590916101e-02	3.216048818123067032e-02	8.209402349562339163e-02
1.296522417259616077e+03	2.355054380054436847e-01	1.517664119903079645e-01	2.647756687120784158e-01	1.591079000931133192e-01	7.446322459166342111e-02	3.219745223929958156e-02	8.218390436781120023e-02
1.298941302366443551e+03	2.352058429216853652e-01	1.515676901258309339e-01	2.649785862303714601e-01	1.592300509385086160e-01	7.450996610820936894e-02	3.223432120521950439e-02	8.227354246989231068e-02
1.301360187473271253e+03	2.349071088566785925e-01	1.513695247504748265e-01	2.651809084231793734e-01	1.593518449404638937e-01	7.455657953170004293e-02	3.227109522642655770e-02	8.236293827079424479e-02
1.303779072580098727e+03	2.346092333309182931e-01	1.511719142913401093e-01	2.653826372039478909e-01	1.594732832532175237e-01	7.460306522723586520e-02	3.230777445149913413e-02	8.245209224155868044e-02
1.306197957686926657e+03	2.343122138721938641e-01	1.509748571800965111e-01	2.655837744771033515e-01	1.595943670260399905e-01	7.464942355886773628e-02	3.234435903013496705e-02	8.254100485528113873e-02
1.308616842793753904e+03	2.340160480155653033e-01	1.507783518529678402e-01	2.657843221381349652e-01	1.597150974032689463e-01	7.469565488960007438e-02	3.238084911312863468e-02	8.262967658705183682e-02
1.311035727900581833e+03	2.337207333033398671e-01	1.505823967507168848e-01	2.659842820736763036e-01	1.598354755243439340e-01	7.474175958139392395e-02	3.241724485234923070e-02	8.271810791389738737e-02
1.313454613007409534e+03	2.334262672850485609e-01	1.503869903186306478e-01	2.661836561615854024e-01	1.599555025238408867e-01	7.478773799517000886e-02	3.245354640071845820e-02	8.280629931472359428e-02
1.315873498114237009e+03	2.331326475174226587e-01	1.501921310065052195e-01	2.663824462710238650e-01	1.600751795315059900e-01	7.483359049081171610e-02	3.248975391218895253e-02	8.289425127025919215e-02
1.318292383221064711e+03	2.328398715643706374e-01	1.499978172686310396e-01	2.665806542625347442e-01	1.601945076722894046e-01	7.487931742716824601e-02	3.252586754172289568e-02	8.298196426300059880e-02
1.320711268327892412e+03	2.325479369969550292e-01	1.498040475637782976e-01	2.667782819881196477e-01	1.603134880663786566e-01	7.492491916205749891e-02	3.256188744527097750e-02	8.306943877715750046e-02
1.323130153434719887e+03	2.322568413933693010e-01	1.496108203551820004e-01	2.669753312913145105e-01	1.604321218292314999e-01	7.497039605226922532e-02	3.259781377975159294e-02	8.315667529859949170e-02
1.325549038541547588e+03	2.319665823389150394e-01	1.494181341105276783e-01	2.671718040072644240e-01	1.605504100716086124e-01	7.501574845356794030e-02	3.263364670303035148e-02	8.324367431480357571e-02
1.327967923648375290e+03	2.316771574259790245e-01	1.492259873019365912e-01	2.673677019627976326e-01	1.606683538996059868e-01	7.506097672069597659e-02	3.266938637389985717e-02	8.333043631480258062e-02
1.330386808755202765e+03	2.313885642540105536e-01	1.490343784059514343e-01	2.675630269764982527e-01	1.607859544146867381e-01	7.510608120737642668e-02	3.270503295205978017e-02	8.341696178913442228e-02
1.332805693862030694e+03	2.311008004294988205e-01	1.488433059035219053e-01	2.677577808587782160e-01	1.609032127137129675e-01	7.515106226631615427e-02	3.274058659809717109e-02	8.350325122979233849e-02
1.335224578968857941e+03	2.308138635659504334e-01	1.486527682799904937e-01	2.679519654119480454e-01	1.610201298889769317e-01	7.519592024920877804e-02	3.277604747346705982e-02	8.358930513017583108e-02
1.337643464075685870e+03	2.305277512838668497e-01	1.484627640250781311e-01	2.681455824302869106e-01	1.611367070282320735e-01	7.524065550673758596e-02	3.281141574047336668e-02	8.367512398504264870e-02
1.340062349182513572e+03	2.302424612107221991e-01	1.482732916328700079e-01	2.683386337001115729e-01	1.612529452147238584e-01	7.528526838857853287e-02	3.284669156225000775e-02	8.376070829046142197e-02
1.342481234289341273e+03	2.299579909809409406e-01	1.480843496018016681e-01	2.685311209998443860e-01	1.613688455272199729e-01	7.532975924340311324e-02	3.288187510274227093e-02	8.384605854376522838e-02
1.344900119396168748e+03	2.296743382358757968e-01	1.478959364346447425e-01	2.687230461000806869e-01	1.614844090400406051e-01	7.537412841888140036e-02	3.291696652668850420e-02	8.393117524350586500e-02
1.347319004502996449e+03	2.293915006237856602e-01	1.477080506384930714e-01	2.689144107636547987e-01	1.615996368230881164e-01	7.541837626168486353e-02	3.295196599960201200e-02	8.401605888940910649e-02
1.349737889609823924e+03	2.291094757998136389e-01	1.475206907247489097e-01	2.691052167457055888e-01	1.617145299418765170e-01	7.546250311748935180e-02	3.298687368775318762e-02	8.410070998233049044e-02
1.352156774716651853e+03	2.288282614259652403e-01	1.473338552091089382e-01	2.692954657937408625e-01	1.618290894575606931e-01	7.550650933097796669e-02	3.302168975815194391e-02	8.418512902421204647e-02
1.354575659823479100e+03	2.285478551710865835e-01	1.471475426115506913e-01	2.694851596477011446e-01	1.619433164269652448e-01	7.555039524584396260e-02	3.305641437853033132e-02	8.426931651803974688e-02
1.356994544930307029e+03	2.282682547108427218e-01	1.469617514563186789e-01	2.696743000400224632e-01	1.620572119026132130e-01	7.559416120479363344e-02	3.309104771732544054e-02	8.435327296780162354e-02
1.359413430037134731e+03	2.279894577276960765e-01	1.467764802719108141e-01	2.698628886956980777e-01	1.621707769327543347e-01	7.563780754954922692e-02	3.312558994366254089e-02	8.443699887844673124e-02
1.361832315143962205e+03	2.277114619108849825e-01	1.465917275910648687e-01	2.700509273323400961e-01	1.622840125613929652e-01	7.568133462085173402e-02	3.316004122733840626e-02	8.452049475584479110e-02
1.364251200250789907e+03	2.274342649564022045e-01	1.464074919507449279e-01	2.702384176602394827e-01	1.623969198283160276e-01	7.572474275846381719e-02	3.319440173880493228e-02	8.460376110674645844e-02
1.366670085357617609e+03	2.271578645669737051e-01	1.462237718921280127e-01	2.704253613824257330e-01	1.625094997691204080e-01	7.576803230117264143e-02	3.322867164915292715e-02	8.468679843874440949e-02
1.369088970464445310e+03	2.268822584520373553e-01	1.460405659605906459e-01	2.706117601947257145e-01	1.626217534152402111e-01	7.581120358679271920e-02	3.326285113009618682e-02	8.476960726023501091e-02
1.371507855571272785e+03	2.266074443277218686e-01	1.458578727056955571e-01	2.707976157858216215e-01	1.627336817939735725e-01	7.585425695216872766e-02	3.329694035395575763e-02	8.485218808038079430e-02
1.373926740678100487e+03	2.263334199168257344e-01	1.456756906811783880e-01	2.709829298373081508e-01	1.628452859285095256e-01	7.589719273317836745e-02	3.333093949364439312e-02	8.493454140907341632e-02
1.376345625784927961e+03	2.260601829487962067e-01	1.454940184449345364e-01	2.711677040237492342e-01	1.629565668379542587e-01	7.594001126473511054e-02	3.336484872265129548e-02	8.501666775689745159e-02
1.378764510891755890e+03	2.257877311597084602e-01	1.453128545590059995e-01	2.713519400127334391e-01	1.630675255373573995e-01	7.598271288079107288e-02	3.339866821502700256e-02	8.509856763509471289e-02
1.381183395998583137e+03	2.255160622922449398e-01	1.451321975895682737e-01	2.715356394649294791e-01	1.631781630377378001e-01	7.602529791433980388e-02	3.343239814536855259e-02	8.518024155552922361e-02
1.383602281105411066e+03	2.252451740956744608e-01	1.449520461069173372e-01	2.717188040341402822e-01	1.632884803461092660e-01	7.606776669741907582e-02	3.346603868880480143e-02	8.526169003065284246e-02
1.386021166212238768e+03	2.249750643258316696e-01	1.447723986854567990e-01	2.719014353673566697e-01	1.633984784655058975e-01	7.611011956111361776e-02	3.349959002098195499e-02	8.534291357347149887e-02
1.388440051319066470e+03	2.247057307450965047e-01	1.445932539036848541e-01	2.720835351048102591e-01	1.635081583950072914e-01	7.615235683555790502e-02	3.353305231804934450e-02	8.542391269751198335e-02
1.390858936425893944e+03	2.244371711223737409e-01	1.444146103441814322e-01	2.722651048800258100e-01	1.636175211297633825e-01	7.619447884993900411e-02	3.356642575664536138e-02	8.550468791678934866e-02
1.393277821532721646e+03	2.241693832330726721e-01	1.442364665935955970e-01	2.724461463198727951e-01	1.637265676610191734e-01	7.623648593249923722e-02	3.359971051388362800e-02	8.558523974577497695e-02
1.395696706639549120e+03	2.239023648590867666e-01	1.440588212426325565e-01	2.726266610446163585e-01	1.638352989761390766e-01	7.627837841053894397e-02	3.363290676733929341e-02	8.566556869936507723e-02
1.398115591746377049e+03	2.236361137887735162e-01	1.438816728860412009e-01	2.728066506679675540e-01	1.639437160586311448e-01	7.632015661041921528e-02	3.366601469503561345e-02	8.574567529284986278e-02
1.400534476853204296e+03	2.233706278169342863e-01	1.437050201226013346e-01	2.729861167971328051e-01	1.640518198881710521e-01	7.636182085756468285e-02	3.369903447543066283e-02	8.582556004188326981e-02
1.402953361960032225e+03	2.231059047447941646e-01	1.435288615551112146e-01	2.731650610328634210e-01	1.641596114406257689e-01	7.640337147646616978e-02	3.373196628740424835e-02	8.590522346245309249e-02
1.405372247066859927e+03	2.228419423799822552e-01	1.433531957903749765e-01	2.733434849695033919e-01	1.642670916880770993e-01	7.644480879068343837e-02	3.376481031024501644e-02	8.598466607085186730e-02
1.407791132173687402e+03	2.225787385365115278e-01	1.431780214391902284e-01	2.735213901950376836e-01	1.643742615988448841e-01	7.648613312284788246e-02	3.379756672363774112e-02	8.606388838364813221e-02
1.410210017280515103e+03	2.223162910347591670e-01	1.430033371163355327e-01	2.736987782911389777e-01	1.644811221375101218e-01	7.652734479466523354e-02	3.383023570765078536e-02	8.614289091765825468e-02
1.412628902387342805e+03	2.220545977014468375e-01	1.428291414405581661e-01	2.738756508332145789e-01	1.645876742649377000e-01	7.656844412691823920e-02	3.386281744272373606e-02	8.622167418991873167e-02
1.415047787494170507e+03	2.217936563696210062e-01	1.426554330345618238e-01	2.740520093904523780e-01	1.646939189382991553e-01	7.660943143946935541e-02	3.389531210965524011e-02	8.630023871765908627e-02
1.417466672600997981e+03	2.215334648786332905e-01	1.424822105249943516e-01	2.742278555258658712e-01	1.647998571110949051e-01	7.665030705126341104e-02	3.392771988959100704e-02	8.637858501827522240e-02
1.419885557707825683e+03	2.212740210741211133e-01	1.423094725424355333e-01	2.744031907963396244e-01	1.649054897331765079e-01	7.669107128033024467e-02	3.396004096401195049e-02	8.645671360930314020e-02
1.422304442814653157e+03	2.210153228079881627e-01	1.421372177213848786e-01	2.745780167526731819e-01	1.650108177507686458e-01	7.673172444378743851e-02	3.399227551472255165e-02	8.653462500839333160e-02
1.424723327921481086e+03	2.207573679383851850e-01	1.419654447002497155e-01	2.747523349396247538e-01	1.651158421064908288e-01	7.677226685784285798e-02	3.402442372383935459e-02	8.661231973328552269e-02
1.427142213028308333e+03	2.205001543296905286e-01	1.417941521213330058e-01	2.749261468959547372e-01	1.652205637393790449e-01	7.681269883779737184e-02	3.405648577377963504e-02	8.668979830178394352e-02
1.429561098135136262e+03	2.202436798524911310e-01	1.416233386308213826e-01	2.750994541544680705e-01	1.653249835849070204e-01	7.685302069804746117e-02	3.408846184725022183e-02	8.676706123173297258e-02
1.431979983241963964e+03	2.199879423835632841e-01	1.414530028787732430e-01	2.752722582420566999e-01	1.654291025750074251e-01	7.689323275208782837e-02	3.412035212723653343e-02	8.684410904099332251e-02
1.434398868348791666e+03	2.197329398058535943e-01	1.412831435191068408e-01	2.754445606797407131e-01	1.655329216380928281e-01	7.693333531251402013e-02	3.415215679699167700e-02	8.692094224741861441e-02
1.436817753455619140e+03	2.194786700084601361e-01	1.411137592095884352e-01	2.756163629827100281e-01	1.656364416990764310e-01	7.697332869102506414e-02	3.418387604002579711e-02	8.699756136883238233e-02
1.439236638562446842e+03	2.192251308866133563e-01	1.409448486118204946e-01	2.757876666603646942e-01	1.657396636793926903e-01	7.701321319842600877e-02	3.421551004009553559e-02	8.707396692300554963e-02
1.441655523669274316e+03	2.189723203416573949e-01	1.407764103912299836e-01	2.759584732163548049e-01	1.658425884970176345e-01	7.705298914463055981e-02	3.424705898119365099e-02	8.715015942763428003e-02
1.444074408776102018e+03	2.187202362810312939e-01	1.406084432170566223e-01	2.761287841486206318e-01	1.659452170664890702e-01	7.709265683866364793e-02	3.427852304753876284e-02	8.722613940031828661e-02
1.446493293882929493e+03	2.184688766182502906e-01	1.404409457623412016e-01	2.762986009494314277e-01	1.660475502989265939e-01	7.713221658866399599e-02	3.430990242356530412e-02	8.730190735853950168e-02
1.448912178989757422e+03	2.182182392728871656e-01	1.402739167039141754e-01	2.764679251054240616e-01	1.661495891020514093e-01	7.717166870188672811e-02	3.434119729391357789e-02	8.737746381964116293e-02
1.451331064096585123e+03	2.179683221705538132e-01	1.401073547223838645e-01	2.766367580976414886e-01	1.662513343802059507e-01	7.721101348470588155e-02	3.437240784341995953e-02	8.745280930080734372e-02
1.453749949203412370e+03	2.177191232428827283e-01	1.399412585021250766e-01	2.768051014015702194e-01	1.663527870343733395e-01	7.725025124261696019e-02	3.440353425710725860e-02	8.752794431904277472e-02
1.456168834310240300e+03	2.174706404275084382e-01	1.397756267312675882e-01	2.769729564871778460e-01	1.664539479621966189e-01	7.728938228023951584e-02	3.443457672017521259e-02	8.760286939115313753e-02
1.458587719417068001e+03	2.172228716680494609e-01	1.396104581016848201e-01	2.771403248189496793e-01	1.665548180579979332e-01	7.732840690131967398e-02	3.446553541799114023e-02	8.767758503372567735e-02
1.461006604523895703e+03	2.169758149140897652e-01	1.394457513089823741e-01	2.773072078559252751e-01	1.666553982127974010e-01	7.736732540873261788e-02	3.449641053608067109e-02	8.775209176311021819e-02
1.463425489630723177e+03	2.167294681211608121e-01	1.392815050524867093e-01	2.774736070517345721e-01	1.667556893143318231e-01	7.740613810448518373e-02	3.452720226011870425e-02	8.782639009540052499e-02
1.465844374737550879e+03	2.164838292507232365e-01	1.391177180352339005e-01	2.776395238546330857e-01	1.668556922470733617e-01	7.744484528971831705e-02	3.455791077592042931e-02	8.790048054641599884e-02
1.468263259844378354e+03	2.162388962701488060e-01	1.389543889639584251e-01	2.778049597075373245e-01	1.669554078922478868e-01	7.748344726470958455e-02	3.458853626943249326e-02	8.797436363168381623e-02
1.470682144951206283e+03	2.159946671527026019e-01	1.387915165490819225e-01	2.779699160480593734e-01	1.670548371278532118e-01	7.752194432887569986e-02	3.461907892672433373e-02	8.804803986642126268e-02
1.473101030058033530e+03	2.157511398775248390e-01	1.386290995047020080e-01	2.781343943085411996e-01	1.671539808286772177e-01	7.756033678077499383e-02	3.464953893397959561e-02	8.812150976551856585e-02
1.475519915164861459e+03	2.155083124296132135e-01	1.384671365485812544e-01	2.782983959160886811e-01	1.672528398663157556e-01	7.759862491810991247e-02	3.467991647748770029e-02	8.819477384352192306e-02
1.477938800271689161e+03	2.152661827998049726e-01	1.383056264021360615e-01	2.784619222926049686e-01	1.673514151091904101e-01	7.763680903772948727e-02	3.471021174363553286e-02	8.826783261461700059e-02
1.480357685378516862e+03	2.150247489847592341e-01	1.381445677904256653e-01	2.786249748548237370e-01	1.674497074225660409e-01	7.767488943563180537e-02	3.474042491889927503e-02	8.834068659261264111e-02
1.482776570485344337e+03	2.147840089869393621e-01	1.379839594421412297e-01	2.787875550143418257e-01	1.675477176685683522e-01	7.771286640696645209e-02	3.477055618983630747e-02	8.841333629092489044e-02
