1.001418434226643626e+03	2.792110020290486938e-01	1.808450890682725132e-01	2.349056858210553378e-01	1.412284317766745456e-01	6.762473131917734470e-02	2.692116692964780997e-02	6.926389305583774414e-02
1.003837319333471214e+03	2.787827103132689555e-01	1.805671107195176983e-01	2.352010240328103463e-01	1.414061866047074956e-01	6.768935453590126106e-02	2.696985172701385838e-02	6.938376206649436717e-02
1.006256204440298802e+03	2.783556595571852754e-01	1.802899106209720492e-01	2.354954150325785922e-01	1.415833819503813373e-01	6.775380532772988518e-02	2.701845003618668500e-02	6.950337747468014749e-02
1.008675089547126618e+03	2.779298461115142227e-01	1.800134865297702558e-01	2.357888628259089681e-01	1.417600203917696866e-01	6.781808416786312688e-02	2.706696146789495938e-02	6.962273850499266226e-02
1.011093974653954206e+03	2.775052663387771457e-01	1.797378362101875737e-01	2.360813713863358643e-01	1.419361044853888199e-01	6.788219152837883519e-02	2.711538564246857019e-02	6.974184440817708663e-02
1.013512859760782021e+03	2.770819166132456601e-01	1.794629574336070177e-01	2.363729446557988889e-01	1.421116367664622404e-01	6.794612788023272898e-02	2.716372218969545504e-02	6.986069446067187660e-02
1.015931744867609382e+03	2.766597933208885252e-01	1.791888479784866928e-01	2.366635865450562870e-01	1.422866197491817475e-01	6.800989369325835532e-02	2.721197074868043561e-02	6.997928796416184871e-02
1.018350629974437197e+03	2.762388928593185744e-01	1.789155056303273483e-01	2.369533009340918928e-01	1.424610559269646470e-01	6.807348943616699233e-02	2.726013096770604771e-02	7.009762424513826806e-02
1.020769515081264785e+03	2.758192116377403136e-01	1.786429281816404036e-01	2.372420916725160867e-01	1.426349477727077431e-01	6.813691557654773245e-02	2.730820250409530386e-02	7.021570265446616665e-02
1.023188400188092373e+03	2.754007460768974624e-01	1.783711134319160840e-01	2.375299625799604242e-01	1.428082977390373876e-01	6.820017258086752410e-02	2.735618502407638486e-02	7.033352256695851734e-02
1.025607285294920075e+03	2.749834926090215514e-01	1.781000591875918915e-01	2.378169174464661861e-01	1.429811082585562276e-01	6.826326091447131039e-02	2.740407820264924993e-02	7.045108338095736056e-02
1.028026170401747549e+03	2.745674476777805184e-01	1.778297632620214619e-01	2.381029600328673224e-01	1.431533817440867051e-01	6.832618104158215411e-02	2.745188172345408226e-02	7.056838451792155076e-02
1.030445055508575479e+03	2.741526077382279158e-01	1.775602234754435349e-01	2.383880940711673169e-01	1.433251205889107260e-01	6.838893342530143193e-02	2.749959527864161840e-02	7.068542542202121970e-02
1.032863940615402726e+03	2.737389692567523958e-01	1.772914376549513116e-01	2.386723232649103077e-01	1.434963271670066098e-01	6.845151852760913980e-02	2.754721856874526795e-02	7.080220555973869290e-02
1.035282825722230655e+03	2.733265287110278052e-01	1.770234036344620066e-01	2.389556512895466833e-01	1.436670038332821531e-01	6.851393680936411490e-02	2.759475130255504075e-02	7.091872441947595640e-02
1.037701710829058356e+03	2.729152825899632817e-01	1.767561192546866500e-01	2.392380817927929892e-01	1.438371529238048063e-01	6.857618873030438267e-02	2.764219319699324010e-02	7.103498151116834081e-02
1.040120595935886058e+03	2.725052273936546254e-01	1.764895823631002503e-01	2.395196183949863944e-01	1.440067767560285761e-01	6.863827474904750370e-02	2.768954397699191494e-02	7.115097636590442254e-02
1.042539481042713533e+03	2.720963596333347279e-01	1.762237908139120679e-01	2.398002646894338841e-01	1.441758776290178456e-01	6.870019532309101784e-02	2.773680337537199128e-02	7.126670853555210072e-02
1.044958366149541234e+03	2.716886758313256101e-01	1.759587424680363055e-01	2.400800242427559850e-01	1.443444578236679765e-01	6.876195090881287442e-02	2.778397113272415564e-02	7.138217759239071092e-02
1.047377251256368709e+03	2.712821725209902946e-01	1.756944351930628534e-01	2.403589005952252999e-01	1.445125196029229120e-01	6.882354196147189018e-02	2.783104699729135878e-02	7.149738312874899526e-02
1.049796136363196410e+03	2.708768462466848992e-01	1.754308668632285073e-01	2.406368972611000467e-01	1.446800652119898389e-01	6.888496893520826281e-02	2.787803072485300210e-02	7.161232475664904007e-02
1.052215021470024112e+03	2.704726935637116747e-01	1.751680353593881578e-01	2.409140177289523510e-01	1.448470968785507129e-01	6.894623228304416762e-02	2.792492207861073730e-02	7.172700210745577842e-02
1.054633906576851814e+03	2.700697110382718757e-01	1.749059385689864798e-01	2.411902654619915709e-01	1.450136168129710912e-01	6.900733245688434048e-02	2.797172082907587246e-02	7.184141483153232144e-02
1.057052791683679516e+03	2.696678952474191870e-01	1.746445743860297606e-01	2.414656438983829589e-01	1.451796272085059403e-01	6.906826990751666062e-02	2.801842675395835661e-02	7.195556259790074349e-02
1.059471676790506763e+03	2.692672427790134826e-01	1.743839407110577555e-01	2.417401564515611612e-01	1.453451302415025848e-01	6.912904508461284458e-02	2.806503963805731180e-02	7.206944509390840470e-02
1.061890561897334692e+03	2.688677502316752510e-01	1.741240354511161825e-01	2.420138065105393033e-01	1.455101280716008805e-01	6.918965843672916782e-02	2.811155927315312983e-02	7.218306202489960244e-02
1.064309447004162394e+03	2.684694142147397433e-01	1.738648565197291607e-01	2.422865974402130529e-01	1.456746228419307232e-01	6.925011041130714473e-02	2.815798545790106425e-02	7.229641311389263525e-02
1.066728332110990095e+03	2.680722313482120089e-01	1.736064018368717599e-01	2.425585325816604909e-01	1.458386166793067262e-01	6.931040145467431968e-02	2.820431799772630740e-02	7.240949810126193209e-02
1.069147217217817570e+03	2.676761982627219871e-01	1.733486693289431335e-01	2.428296152524370144e-01	1.460021116944202890e-01	6.937053201204503028e-02	2.825055670472056968e-02	7.252231674442548293e-02
1.071566102324645271e+03	2.672813115994802646e-01	1.730916569287396789e-01	2.430998487468660485e-01	1.461651099820288902e-01	6.943050252752129559e-02	2.829670139754008468e-02	7.263486881753715430e-02
1.073984987431472746e+03	2.668875680102337222e-01	1.728353625754282530e-01	2.433692363363254840e-01	1.463276136211430767e-01	6.949031344409362099e-02	2.834275190130507160e-02	7.274715411118419517e-02
1.076403872538300675e+03	2.664949641572218475e-01	1.725797842145198602e-01	2.436377812695293410e-01	1.464896246752104836e-01	6.954996520364190027e-02	2.838870804750057500e-02	7.285917243208939187e-02
1.078822757645127922e+03	2.661034967131331030e-01	1.723249197978434510e-01	2.439054867728057963e-01	1.466511451922976328e-01	6.960945824693631767e-02	2.843456967387874429e-02	7.297092360281828838e-02
1.081241642751955851e+03	2.657131623610620164e-01	1.720707672835199153e-01	2.441723560503705204e-01	1.468121772052692064e-01	6.966879301363833321e-02	2.848033662436243174e-02	7.308240746149091693e-02
1.083660527858783553e+03	2.653239577944662142e-01	1.718173246359361306e-01	2.444383922845960733e-01	1.469727227319646556e-01	6.972796994230161249e-02	2.852600874895019900e-02	7.319362386149839972e-02
1.086079412965611255e+03	2.649358797171239566e-01	1.715645898257196211e-01	2.447035986362773030e-01	1.471327837753725609e-01	6.978698947037309530e-02	2.857158590362262121e-02	7.330457267122400533e-02
1.088498298072438729e+03	2.645489248430918927e-01	1.713125608297129954e-01	2.449679782448927479e-01	1.472923623238027169e-01	6.984585203419395316e-02	2.861706795024993033e-02	7.341525377376882655e-02
1.090917183179266431e+03	2.641630898966632057e-01	1.710612356309487159e-01	2.452315342288620970e-01	1.474514603510555799e-01	6.990455806900071345e-02	2.866245475650092828e-02	7.352566706668180185e-02
1.093336068286093905e+03	2.637783716123259792e-01	1.708106122186241749e-01	2.454942696857995710e-01	1.476100798165895234e-01	6.996310800892631410e-02	2.870774619575321845e-02	7.363581246169420558e-02
1.095754953392921607e+03	2.633947667347219523e-01	1.705606885880767976e-01	2.457561876927639444e-01	1.477682226656860109e-01	7.002150228700118606e-02	2.875294214700467241e-02	7.374568988445838469e-02
1.098173838499749309e+03	2.630122720186055529e-01	1.703114627407595338e-01	2.460172913065043765e-01	1.479258908296120500e-01	7.007974133515447457e-02	2.879804249478614547e-02	7.385529927429082542e-02
1.100592723606577010e+03	2.626308842288031520e-01	1.700629326842161837e-01	2.462775835637028288e-01	1.480830862257808966e-01	7.013782558421513547e-02	2.884304712907542756e-02	7.396464058391927221e-02
1.103011608713404712e+03	2.622506001401727072e-01	1.698150964320573608e-01	2.465370674812128460e-01	1.482398107579103730e-01	7.019575546391312870e-02	2.888795594521240129e-02	7.407371377923402389e-02
1.105430493820231959e+03	2.618714165375635727e-01	1.695679520039363175e-01	2.467957460562945349e-01	1.483960663161790205e-01	7.025353140288070897e-02	2.893276884381539016e-02	7.418251883904329602e-02
1.107849378927059888e+03	2.614933302157767536e-01	1.693214974255249639e-01	2.470536222668462956e-01	1.485518547773800879e-01	7.031115382865352204e-02	2.897748573069868633e-02	7.429105575483252455e-02
1.110268264033887590e+03	2.611163379795252704e-01	1.690757307284902200e-01	2.473106990716329723e-01	1.487071780050734926e-01	7.036862316767200642e-02	2.902210651679123024e-02	7.439932453052756911e-02
1.112687149140715292e+03	2.607404366433949683e-01	1.688306499504705072e-01	2.475669794105106181e-01	1.488620378497358121e-01	7.042593984528262852e-02	2.906663111805646293e-02	7.450732518226176049e-02
1.115106034247542766e+03	2.603656230318054376e-01	1.685862531350522109e-01	2.478224662046479010e-01	1.490164361489079714e-01	7.048310428573911768e-02	2.911105945541326775e-02	7.461505773814687548e-02
1.117524919354370468e+03	2.599918939789712669e-01	1.683425383317465884e-01	2.480771623567441797e-01	1.491703747273411818e-01	7.054011691220390956e-02	2.915539145465804657e-02	7.472252223804762283e-02
1.119943804461197942e+03	2.596192463288636842e-01	1.680995035959667316e-01	2.483310707512443594e-01	1.493238553971407701e-01	7.059697814674940897e-02	2.919962704638788889e-02	7.482971873335998725e-02
1.122362689568025871e+03	2.592476769351722554e-01	1.678571469890045853e-01	2.485841942545505834e-01	1.494768799579080654e-01	7.065368841035943315e-02	2.924376616592483380e-02	7.493664728679307052e-02
1.124781574674853118e+03	2.588771826612670801e-01	1.676154665780082986e-01	2.488365357152307056e-01	1.496294501968804813e-01	7.071024812293054407e-02	2.928780875324117627e-02	7.504330797215454096e-02
1.127200459781681047e+03	2.585077603801608781e-01	1.673744604359596599e-01	2.490880979642238202e-01	1.497815678890694890e-01	7.076665770327350558e-02	2.933175475288584549e-02	7.514970087413963551e-02
1.129619344888508749e+03	2.581394069744717967e-01	1.671341266416516702e-01	2.493388838150424613e-01	1.499332347973969248e-01	7.082291756911465730e-02	2.937560411391180668e-02	7.525582608812345087e-02
1.132038229995336451e+03	2.577721193363861074e-01	1.668944632796663941e-01	2.495888960639721377e-01	1.500844526728293271e-01	7.087902813709745509e-02	2.941935678980449331e-02	7.536168371995680126e-02
1.134457115102163925e+03	2.574058943676212907e-01	1.666554684403527553e-01	2.498381374902675922e-01	1.502352232545105803e-01	7.093498982278387266e-02	2.946301273841124904e-02	7.546727388576529583e-02
1.136876000208991627e+03	2.570407289793895100e-01	1.664171402198046656e-01	2.500866108563464252e-01	1.503855482698925883e-01	7.099080304065591429e-02	2.950657192187175829e-02	7.557259671175173277e-02
1.139294885315819101e+03	2.566766200923608632e-01	1.661794767198392364e-01	2.503343189079796915e-01	1.505354294348643929e-01	7.104646820411712749e-02	2.955003430654946570e-02	7.567765233400174096e-02
1.141713770422646803e+03	2.563135646366275777e-01	1.659424760479751848e-01	2.505812643744797508e-01	1.506848684538794059e-01	7.110198572549415730e-02	2.959339986296394623e-02	7.578244089829255792e-02
1.144132655529474505e+03	2.559515595516677067e-01	1.657061363174112401e-01	2.508274499688852299e-01	1.508338670200809750e-01	7.115735601603818961e-02	2.963666856572425706e-02	7.588696255990497186e-02
1.146551540636302207e+03	2.555906017863096569e-01	1.654704556470049659e-01	2.510728783881434611e-01	1.509824268154263127e-01	7.121257948592664422e-02	2.967984039346319158e-02	7.599121748343838634e-02
1.148970425743129908e+03	2.552306882986965508e-01	1.652354321612514720e-01	2.513175523132900047e-01	1.511305495108086483e-01	7.126765654426470142e-02	2.972291532877250481e-02	7.609520584262879916e-02
1.151389310849957155e+03	2.548718160562510882e-01	1.650010639902623477e-01	2.515614744096256739e-01	1.512782367661778260e-01	7.132258759908685630e-02	2.976589335813901310e-02	7.619892782016986221e-02
1.153808195956785084e+03	2.545139820356404070e-01	1.647673492697447895e-01	2.518046473268911734e-01	1.514254902306592654e-01	7.137737305735859794e-02	2.980877447188162027e-02	7.630238360753682780e-02
1.156227081063612786e+03	2.541571832227413896e-01	1.645342861409809232e-01	2.520470736994384064e-01	1.515723115426713397e-01	7.143201332497799150e-02	2.985155866408922484e-02	7.640557340481339554e-02
1.158645966170440488e+03	2.538014166126060789e-01	1.643018727508069876e-01	2.522887561464001727e-01	1.517187023300411719e-01	7.148650880677734354e-02	2.989424593255950863e-02	7.650849742052139024e-02
1.161064851277267962e+03	2.534466792094272614e-01	1.640701072515929893e-01	2.525296972718569788e-01	1.518646642101187938e-01	7.154085990652486737e-02	2.993683627873857528e-02	7.661115587145331252e-02
1.163483736384095664e+03	2.530929680265041615e-01	1.638389878012223022e-01	2.527698996650010188e-01	1.520101987898899443e-01	7.159506702692630675e-02	2.997932970766146316e-02	7.671354898250745680e-02
1.165902621490923138e+03	2.527402800862090237e-01	1.636085125630713788e-01	2.530093659002988216e-01	1.521553076660872861e-01	7.164913056962673998e-02	3.002172622789348391e-02	7.681567698652599918e-02
1.168321506597751068e+03	2.523886124199528624e-01	1.633786797059897378e-01	2.532480985376500682e-01	1.522999924253000403e-01	7.170305093521214812e-02	3.006402585147238682e-02	7.691754012413551389e-02
1.170740391704578315e+03	2.520379620681521549e-01	1.631494874042800081e-01	2.534861001225454658e-01	1.524442546440823443e-01	7.175682852321120520e-02	3.010622859385135922e-02	7.701913864359022366e-02
1.173159276811406244e+03	2.516883260801957567e-01	1.629209338376779170e-01	2.537233731862213459e-01	1.525880958890600547e-01	7.181046373209699907e-02	3.014833447384281800e-02	7.712047280061784527e-02
1.175578161918233945e+03	2.513397015144114843e-01	1.626930171913328060e-01	2.539599202458126537e-01	1.527315177170360250e-01	7.186395695928879390e-02	3.019034351356299564e-02	7.722154285826791920e-02
1.177997047025061647e+03	2.509920854380334743e-01	1.624657356557879517e-01	2.541957438045032158e-01	1.528745216750942992e-01	7.191730860115373714e-02	3.023225573837731370e-02	7.732234908676266505e-02
1.180415932131889122e+03	2.506454749271692650e-01	1.622390874269611094e-01	2.544308463516741226e-01	1.530171093007025307e-01	7.197051905300867747e-02	3.027407117684653010e-02	7.742289176335032108e-02
1.182834817238716823e+03	2.502998670667676562e-01	1.620130707061250563e-01	2.546652303630499437e-01	1.531592821218134282e-01	7.202358870912191346e-02	3.031578986067366699e-02	7.752317117216085685e-02
1.185253702345544298e+03	2.499552589505861511e-01	1.617876836998885515e-01	2.548988983008425580e-01	1.533010416569644541e-01	7.207651796271502542e-02	3.035741182465164292e-02	7.762318760406410056e-02
1.187672587452371999e+03	2.496116476811589546e-01	1.615629246201771563e-01	2.551318526138932063e-01	1.534423894153765788e-01	7.212930720596463785e-02	3.039893710661168910e-02	7.772294135653018410e-02
1.190091472559199701e+03	2.492690303697651100e-01	1.613387916842142777e-01	2.553640957378124354e-01	1.535833268970514531e-01	7.218195683000427909e-02	3.044036574737248382e-02	7.782243273349234713e-02
1.192510357666027403e+03	2.489274041363966905e-01	1.611152831145022390e-01	2.555956300951178206e-01	1.537238555928674699e-01	7.223446722492618544e-02	3.048169779068999816e-02	7.792166204521193407e-02
1.194929242772855105e+03	2.485867661097274639e-01	1.608923971388035445e-01	2.558264580953698575e-01	1.538639769846744665e-01	7.228683877978316075e-02	3.052293328320808061e-02	7.802062960814569459e-02
1.197348127879682352e+03	2.482471134270813895e-01	1.606701319901223113e-01	2.560565821353059102e-01	1.540036925453872052e-01	7.233907188259042220e-02	3.056407227440968710e-02	7.811933574481524922e-02
1.199767012986510281e+03	2.479084432344015876e-01	1.604484859066856450e-01	2.562860045989722724e-01	1.541430037390775776e-01	7.239116692032743217e-02	3.060511481656888119e-02	7.821778078367870590e-02
1.202185898093337983e+03	2.475707526862193919e-01	1.602274571319253771e-01	2.565147278578540080e-01	1.542819120210656425e-01	7.244312427893979944e-02	3.064606096470343446e-02	7.831596505900446925e-02
1.204604783200165684e+03	2.472340389456234577e-01	1.600070439144595236e-01	2.567427542710031818e-01	1.544204188380094989e-01	7.249494434334120829e-02	3.068691077652815902e-02	7.841388891074703438e-02
1.207023668306993159e+03	2.468982991842293140e-01	1.597872445080744386e-01	2.569700861851653695e-01	1.545585256279939368e-01	7.254662749741520866e-02	3.072766431240887483e-02	7.851155268442491786e-02
1.209442553413820860e+03	2.465635305821487488e-01	1.595680571717063012e-01	2.571967259349042245e-01	1.546962338206178122e-01	7.259817412401720071e-02	3.076832163531703634e-02	7.860895673100065650e-02
1.211861438520648335e+03	2.462297303279598615e-01	1.593494801694234908e-01	2.574226758427240469e-01	1.548335448370805056e-01	7.264958460497630832e-02	3.080888281078500435e-02	7.870610140676269351e-02
1.214280323627476264e+03	2.458968956186767252e-01	1.591315117704085458e-01	2.576479382191908529e-01	1.549704600902671314e-01	7.270085932109729421e-02	3.084934790686194930e-02	7.880298707320931850e-02
1.216699208734303511e+03	2.455650236597195502e-01	1.589141502489404278e-01	2.578725153630518352e-01	1.551069809848324432e-01	7.275199865216254447e-02	3.088971699407039306e-02	7.889961409693448113e-02
1.219118093841131440e+03	2.452341116648851238e-01	1.586973938843768694e-01	2.580964095613527132e-01	1.552431089172841006e-01	7.280300297693396983e-02	3.092999014536335772e-02	7.899598284951556137e-02
1.221536978947959142e+03	2.449041568563170013e-01	1.584812409611368045e-01	2.583196230895535295e-01	1.553788452760643257e-01	7.285387267315489301e-02	3.097016743608212164e-02	7.909209370740293010e-02
1.223955864054786844e+03	2.445751564644762788e-01	1.582656897686828268e-01	2.585421582116433359e-01	1.555141914416308946e-01	7.290460811755213044e-02	3.101024894391458606e-02	7.918794705181146643e-02
1.226374749161614318e+03	2.442471077281123670e-01	1.580507386015040094e-01	2.587640171802523814e-01	1.556491487865368506e-01	7.295520968583783794e-02	3.105023474885423504e-02	7.928354326861380974e-02
1.228793634268442020e+03	2.439200078942338201e-01	1.578363857590983910e-01	2.589852022367634121e-01	1.557837186755092473e-01	7.300567775271156468e-02	3.109012493315966782e-02	7.937888274823537427e-02
1.231212519375269494e+03	2.435938542180795807e-01	1.576226295459560445e-01	2.592057156114208616e-01	1.559179024655268919e-01	7.305601269186216828e-02	3.112991958131471407e-02	7.947396588555118158e-02
1.233631404482097196e+03	2.432686439630901420e-01	1.574094682715418414e-01	2.594255595234389866e-01	1.560517015058970058e-01	7.310621487596984103e-02	3.116961877998912847e-02	7.956879307978440008e-02
1.236050289588924898e+03	2.429443744008789596e-01	1.571969002502785484e-01	2.596447361811082266e-01	1.561851171383310255e-01	7.315628467670809432e-02	3.120922261799982320e-02	7.966336473440656374e-02
1.238469174695752372e+03	2.426210428112041129e-01	1.569849238015299242e-01	2.598632477819000641e-01	1.563181506970192092e-01	7.320622246474574324e-02	3.124873118627267271e-02	7.975768125703946998e-02
1.240888059802580301e+03	2.422986464819399111e-01	1.567735372495839552e-01	2.600810965125701091e-01	1.564508035087045779e-01	7.325602860974893271e-02	3.128814457780485642e-02	7.985174305935874295e-02
1.243306944909407548e+03	2.419771827090489713e-01	1.565627389236361189e-01	2.602982845492605724e-01	1.565830768927554961e-01	7.330570348038316364e-02	3.132746288762774250e-02	7.994555055699900659e-02
1.245725830016235477e+03	2.416566487965540744e-01	1.563525271577727860e-01	2.605148140576003524e-01	1.567149721612376978e-01	7.335524744431526356e-02	3.136668621277027835e-02	8.003910416946059814e-02
1.248144715123063179e+03	2.413370420565103813e-01	1.561429002909547614e-01	2.607306871928042891e-01	1.568464906189851737e-01	7.340466086821544056e-02	3.140581465222294644e-02	8.013240432001796087e-02
1.250563600229890881e+03	2.410183598089778445e-01	1.559338566670007697e-01	2.609459060997710300e-01	1.569776335636702269e-01	7.345394411775930943e-02	3.144484830690221638e-02	8.022545143562949399e-02
1.252982485336718355e+03	2.407005993819936740e-01	1.557253946345712181e-01	2.611604729131791203e-01	1.571084022858725560e-01	7.350309755762995945e-02	3.148378727961547580e-02	8.031824594684890128e-02
1.255401370443546057e+03	2.403837581115449151e-01	1.555175125471518205e-01	2.613743897575820374e-01	1.572387980691474785e-01	7.355212155151996667e-02	3.152263167502650926e-02	8.041078828773814968e-02
1.257820255550373531e+03	2.400678333415413590e-01	1.553102087630376105e-01	2.615876587475018944e-01	1.573688221900933770e-01	7.360101646213342008e-02	3.156138159962143530e-02	8.050307889578174614e-02
1.260239140657201460e+03	2.397528224237883143e-01	1.551034816453166487e-01	2.618002819875219767e-01	1.574984759184180350e-01	7.364978265118805878e-02	3.160003716167517074e-02	8.059511821180259661e-02
1.262658025764028707e+03	2.394387227179597122e-01	1.548973295618542856e-01	2.620122615723776138e-01	1.576277605170044449e-01	7.369842047941720098e-02	3.163859847121832519e-02	8.068690667987916953e-02
1.265076910870856636e+03	2.391255315915713775e-01	1.546917508852769796e-01	2.622235995870461078e-01	1.577566772419754793e-01	7.374693030657193671e-02	3.167706564000460218e-02	8.077844474726419977e-02
1.267495795977684338e+03	2.388132464199543559e-01	1.544867439929566710e-01	2.624342981068352731e-01	1.578852273427580055e-01	7.379531249142311233e-02	3.171543878147867895e-02	8.086973286430458596e-02
1.269914681084511813e+03	2.385018645862283238e-01	1.542823072669949613e-01	2.626443591974707559e-01	1.580134120621458360e-01	7.384356739176346773e-02	3.175371801074450967e-02	8.096077148436284232e-02
1.272333566191339514e+03	2.381913834812752484e-01	1.540784390942074589e-01	2.628537849151822980e-01	1.581412326363622334e-01	7.389169536440963471e-02	3.179190344453409339e-02	8.105156106373971603e-02
1.274752451298167216e+03	2.378818005037132144e-01	1.538751378661082359e-01	2.630625773067884476e-01	1.582686902951214447e-01	7.393969676520428802e-02	3.182999520117674175e-02	8.114210206159824801e-02
1.277171336404994690e+03	2.375731130598702223e-01	1.536724019788943407e-01	2.632707384097806580e-01	1.583957862616894030e-01	7.398757194901821321e-02	3.186799340056871432e-02	8.123239493988901327e-02
1.279590221511822392e+03	2.372653185637582374e-01	1.534702298334302550e-01	2.634782702524057774e-01	1.585225217529437902e-01	7.403532126975237437e-02	3.190589816414331203e-02	8.132244016327673519e-02
1.282009106618650094e+03	2.369584144370474044e-01	1.532686198352326834e-01	2.636851748537475393e-01	1.586488979794332954e-01	7.408294508034002357e-02	3.194370961484146315e-02	8.141223819906807935e-02
1.284427991725477568e+03	2.366523981090402629e-01	1.530675703944552324e-01	2.638914542238068317e-01	1.587749161454359847e-01	7.413044373274878251e-02	3.198142787708262852e-02	8.150178951714065478e-02
1.286846876832305497e+03	2.363472670166461564e-01	1.528670799258732005e-01	2.640971103635814110e-01	1.589005774490171996e-01	7.417781757798279363e-02	3.201905307673618556e-02	8.159109458987338914e-02
1.289265761939132744e+03	2.360430186043558087e-01	1.526671468488685901e-01	2.643021452651435621e-01	1.590258830820864833e-01	7.422506696608477395e-02	3.205658534109322860e-02	8.168015389207783361e-02
1.291684647045960673e+03	2.357396503242160934e-01	1.524677695874148975e-01	2.645065609117176475e-01	1.591508342304538692e-01	7.427219224613812454e-02	3.209402479883879944e-02	8.176896790093089729e-02
1.294103532152788375e+03	2.354371596358046381e-01	1.522689465700622080e-01	2.647103592777559355e-01	1.592754320738855034e-01	7.431919376626905382e-02	3.213137158002440236e-02	8.185753709590855298e-02
1.296522417259616077e+03	2.351355440062048718e-01	1.520706762299224024e-01	2.649135423290138736e-01	1.593996777861585168e-01	7.436607187364870086e-02	3.216862581604106736e-02	8.194586195872077816e-02
1.298941302366443551e+03	2.348348009099810452e-01	1.518729570046541966e-01	2.651161120226240842e-01	1.595235725351152878e-01	7.441282691449525866e-02	3.220578763959269786e-02	8.203394297324759221e-02
1.301360187473271253e+03	2.345349278291533890e-01	1.516757873364485421e-01	2.653180703071692514e-01	1.596471174827168160e-01	7.445945923407606970e-02	3.224285718466983475e-02	8.212178062547610680e-02
1.303779072580098727e+03	2.342359222531734952e-01	1.514791656720138602e-01	2.655194191227545630e-01	1.597703137850956800e-01	7.450596917670972152e-02	3.227983458652382287e-02	8.220937540343883909e-02
1.306197957686926657e+03	2.339377816788995590e-01	1.512830904625614981e-01	2.657201604010782092e-01	1.598931625926082178e-01	7.455235708576822551e-02	3.231671998164131754e-02	8.229672779715291320e-02
1.308616842793753904e+03	2.336405036105720090e-01	1.510875601637911014e-01	2.659202960655021042e-01	1.600156650498859856e-01	7.459862330367912631e-02	3.235351350771917267e-02	8.238383829856038565e-02
1.311035727900581833e+03	2.333440855597891384e-01	1.508925732358762373e-01	2.661198280311207753e-01	1.601378222958867448e-01	7.464476817192763902e-02	3.239021530363966894e-02	8.247070740146957013e-02
1.313454613007409534e+03	2.330485250454829571e-01	1.506981281434500441e-01	2.663187582048296975e-01	1.602596354639446996e-01	7.469079203105871700e-02	3.242682550944618602e-02	8.255733560149745853e-02
1.315873498114237009e+03	2.327538195938948784e-01	1.505042233555907993e-01	2.665170884853925726e-01	1.603811056818200131e-01	7.473669522067927229e-02	3.246334426631910380e-02	8.264372339601301631e-02
1.318292383221064711e+03	2.324599667385519319e-01	1.503108573458077080e-01	2.667148207635079982e-01	1.605022340717479346e-01	7.478247807946027115e-02	3.249977171655214769e-02	8.272987128408154645e-02
1.320711268327892412e+03	2.321669640202427554e-01	1.501180285920268032e-01	2.669119569218749155e-01	1.606230217504871771e-01	7.482814094513884351e-02	3.253610800352902538e-02	8.281577976640999705e-02
1.323130153434719887e+03	2.318748089869938078e-01	1.499257355765766797e-01	2.671084988352572798e-01	1.607434698293676578e-01	7.487368415452047565e-02	3.257235327170045214e-02	8.290144934529314336e-02
1.325549038541547588e+03	2.315834991940457221e-01	1.497339767861745052e-01	2.673044483705478980e-01	1.608635794143378484e-01	7.491910804348107800e-02	3.260850766656144678e-02	8.298688052456092146e-02
1.327967923648375290e+03	2.312930322038298514e-01	1.495427507119120314e-01	2.674998073868316562e-01	1.609833516060112657e-01	7.496441294696921942e-02	3.264457133462900923e-02	8.307207380952635889e-02
1.330386808755202765e+03	2.310034055859446489e-01	1.493520558492416883e-01	2.676945777354474698e-01	1.611027874997126019e-01	7.500959919900818118e-02	3.268054442342013116e-02	8.315702970693468477e-02
1.332805693862030694e+03	2.307146169171325201e-01	1.491618906979627068e-01	2.678887612600495127e-01	1.612218881855231878e-01	7.505466713269814960e-02	3.271642708143003564e-02	8.324174872491325872e-02
1.335224578968857941e+03	2.304266637812564245e-01	1.489722537622073517e-01	2.680823597966683347e-01	1.613406547483258457e-01	7.509961708021833937e-02	3.275221945811086777e-02	8.332623137292224924e-02
1.337643464075685870e+03	2.301395437692768942e-01	1.487831435504270994e-01	2.682753751737699255e-01	1.614590882678494932e-01	7.514444937282913073e-02	3.278792170385058657e-02	8.341047816170632512e-02
1.340062349182513572e+03	2.298532544792289412e-01	1.485945585753790099e-01	2.684678092123152227e-01	1.615771898187126354e-01	7.518916434087423439e-02	3.282353396995223160e-02	8.349448960324712399e-02
1.342481234289341273e+03	2.295677935161991867e-01	1.484064973541121546e-01	2.686596637258181763e-01	1.616949604704669974e-01	7.523376231378285650e-02	3.285905640861346011e-02	8.357826621071659523e-02
1.344900119396168748e+03	2.292831584923031019e-01	1.482189584079540434e-01	2.688509405204029812e-01	1.618124012876399898e-01	7.527824362007179415e-02	3.289448917290636876e-02	8.366180849843107836e-02
1.347319004502996449e+03	2.289993470266622200e-01	1.480319402624971636e-01	2.690416413948611418e-01	1.619295133297772304e-01	7.532260858734762810e-02	3.292983241675768308e-02	8.374511698180633901e-02
1.349737889609823924e+03	2.287163567453815993e-01	1.478454414475854073e-01	2.692317681407071506e-01	1.620462976514840114e-01	7.536685754230880441e-02	3.296508629492914122e-02	8.382819217731320161e-02
1.352156774716651853e+03	2.284341852815273410e-01	1.476594604973009983e-01	2.694213225422340541e-01	1.621627553024667379e-01	7.541099081074789656e-02	3.300025096299823851e-02	8.391103460243415357e-02
1.354575659823479100e+03	2.281528302751041348e-01	1.474739959499508368e-01	2.696103063765675212e-01	1.622788873275734789e-01	7.545500871755363159e-02	3.303532657733921490e-02	8.399364477562058784e-02
1.356994544930307029e+03	2.278722893730330545e-01	1.472890463480534817e-01	2.697987214137201883e-01	1.623946947668343244e-01	7.549891158671312441e-02	3.307031329510434076e-02	8.407602321625087805e-02
1.359413430037134731e+03	2.275925602291293537e-01	1.471046102383259391e-01	2.699865694166445063e-01	1.625101786555010197e-01	7.554269974131400112e-02	3.310521127420546633e-02	8.415817044458914764e-02
1.361832315143962205e+03	2.273136405040803165e-01	1.469206861716703394e-01	2.701738521412853089e-01	1.626253400240862679e-01	7.558637350354650841e-02	3.314002067329584883e-02	8.424008698174477450e-02
1.364251200250789907e+03	2.270355278654232478e-01	1.467372727031611701e-01	2.703605713366316610e-01	1.627401798984025871e-01	7.562993319470572018e-02	3.317474165175226392e-02	8.432177334963267268e-02
1.366670085357617609e+03	2.267582199875237126e-01	1.465543683920319529e-01	2.705467287447679836e-01	1.628546992996005305e-01	7.567337913519366077e-02	3.320937436965731848e-02	8.440323007093422647e-02
1.369088970464445310e+03	2.264817145515535812e-01	1.463719718016625038e-01	2.707323261009242921e-01	1.629688992442065165e-01	7.571671164452144220e-02	3.324391898778211729e-02	8.448445766905890442e-02
1.371507855571272785e+03	2.262060092454694360e-01	1.461900814995658882e-01	2.709173651335264332e-01	1.630827807441603550e-01	7.575993104131142908e-02	3.327837566756911697e-02	8.456545666810665052e-02
1.373926740678100487e+03	2.259311017639909491e-01	1.460086960573756254e-01	2.711018475642452130e-01	1.631963448068521061e-01	7.580303764329937577e-02	3.331274457111524367e-02	8.464622759283083053e-02
1.376345625784927961e+03	2.256569898085792614e-01	1.458278140508328657e-01	2.712857751080447466e-01	1.633095924351586070e-01	7.584603176733659136e-02	3.334702586115527445e-02	8.472677096860194157e-02
1.378764510891755890e+03	2.253836710874156657e-01	1.456474340597737060e-01	2.714691494732308086e-01	1.634225246274795817e-01	7.588891372939206292e-02	3.338121970104548225e-02	8.480708732137193229e-02
1.381183395998583137e+03	2.251111433153802910e-01	1.454675546681163945e-01	2.716519723614979620e-01	1.635351423777732793e-01	7.593168384455460662e-02	3.341532625474747525e-02	8.488717717763917536e-02
1.383602281105411066e+03	2.248394042140308413e-01	1.452881744638487571e-01	2.718342454679765763e-01	1.636474466755916402e-01	7.597434242703501872e-02	3.344934568681230680e-02	8.496704106441405058e-02
1.386021166212238768e+03	2.245684515115813074e-01	1.451092920390156527e-01	2.720159704812787349e-01	1.637594385061152402e-01	7.601688979016822667e-02	3.348327816236482818e-02	8.504667950918515240e-02
1.388440051319066470e+03	2.242982829428811498e-01	1.449309059897063712e-01	2.721971490835443652e-01	1.638711188501874583e-01	7.605932624641539852e-02	3.351712384708824266e-02	8.512609303988610820e-02
1.390858936425893944e+03	2.240288962493942604e-01	1.447530149160421720e-01	2.723777829504857584e-01	1.639824886843486984e-01	7.610165210736613561e-02	3.355088290720893013e-02	8.520528218486311811e-02
1.393277821532721646e+03	2.237602891791778958e-01	1.445756174221639323e-01	2.725578737514324779e-01	1.640935489808698078e-01	7.614386768374055425e-02	3.358455550948145213e-02	8.528424747284284180e-02
1.395696706639549120e+03	2.234924594868622216e-01	1.443987121162196574e-01	2.727374231493752688e-01	1.642043007077854111e-01	7.618597328539149227e-02	3.361814182117384142e-02	8.536298943290109020e-02
1.398115591746377049e+03	2.232254049336293011e-01	1.442222976103522125e-01	2.729164328010094120e-01	1.643147448289264956e-01	7.622796922130659070e-02	3.365164201005303030e-02	8.544150859443197521e-02
1.400534476853204296e+03	2.229591232871926121e-01	1.440463725206870271e-01	2.730949043567775791e-01	1.644248823039530238e-01	7.626985579961045869e-02	3.368505624437057033e-02	8.551980548711766994e-02
1.402953361960032225e+03	2.226936123217766739e-01	1.438709354673199381e-01	2.732728394609124645e-01	1.645347140883858528e-01	7.631163332756681072e-02	3.371838469284853951e-02	8.559788064089868254e-02
1.405372247066859927e+03	2.224288698180962864e-01	1.436959850743049216e-01	2.734502397514783079e-01	1.646442411336384859e-01	7.635330211158058988e-02	3.375162752466562971e-02	8.567573458594474056e-02
1.407791132173687402e+03	2.221648935633364075e-01	1.435215199696420474e-01	2.736271068604124723e-01	1.647534643870482429e-01	7.639486245720011892e-02	3.378478490944347712e-02	8.575336785262614725e-02
1.410210017280515103e+03	2.219016813511318353e-01	1.433475387852653771e-01	2.738034424135663558e-01	1.648623847919072904e-01	7.643631466911918193e-02	3.381785701723323545e-02	8.583078097148566510e-02
1.412628902387342805e+03	2.216392309815470030e-01	1.431740401570308630e-01	2.739792480307454703e-01	1.649710032874930898e-01	7.647765905117924479e-02	3.385084401850223246e-02	8.590797447321096847e-02
1.415047787494170507e+03	2.213775402610558274e-01	1.430010227247045240e-01	2.741545253257496317e-01	1.650793208090987063e-01	7.651889590637150906e-02	3.388374608412095257e-02	8.598494888860763741e-02
1.417466672600997981e+03	2.211166070025217811e-01	1.428284851319504278e-01	2.743292759064122066e-01	1.651873382880626739e-01	7.656002553683906309e-02	3.391656338535015830e-02	8.606170474857247066e-02
1.419885557707825683e+03	2.208564290251779638e-01	1.426564260263187278e-01	2.745035013746389141e-01	1.652950566517984443e-01	7.660104824387900524e-02	3.394929609382818514e-02	8.613824258406754808e-02
1.422304442814653157e+03	2.205970041546070626e-01	1.424848440592339782e-01	2.746772033264465729e-01	1.654024768238235299e-01	7.664196432794455338e-02	3.398194438155848623e-02	8.621456292609457062e-02
1.424723327921481086e+03	2.203383302227217844e-01	1.423137378859833102e-01	2.748503833520007933e-01	1.655095997237884531e-01	7.668277408864722366e-02	3.401450842089730198e-02	8.629066630566979701e-02
1.427142213028308333e+03	2.200804050677450385e-01	1.421431061657045525e-01	2.750230430356539468e-01	1.656164262675051957e-01	7.672347782475888445e-02	3.404698838454157939e-02	8.636655325379939685e-02
1.429561098135136262e+03	2.198232265341903968e-01	1.419729475613747405e-01	2.751951839559818036e-01	1.657229573669753708e-01	7.676407583421392122e-02	3.407938444551703028e-02	8.644222430145528935e-02
1.431979983241963964e+03	2.195667924728424703e-01	1.418032607397983202e-01	2.753668076858205582e-01	1.658291939304180618e-01	7.680456841411129054e-02	3.411169677716636983e-02	8.651767997955144007e-02
1.434398868348791666e+03	2.193111007407375912e-01	1.416340443715956299e-01	2.755379157923028566e-01	1.659351368622973832e-01	7.684495586071669881e-02	3.414392555313777722e-02	8.659292081892060178e-02
1.436817753455619140e+03	2.190561492011442180e-01	1.414652971311912144e-01	2.757085098368938225e-01	1.660407870633497096e-01	7.688523846946467011e-02	3.417607094737345336e-02	8.666794735029145769e-02
1.439236638562446842e+03	2.188019357235438389e-01	1.412970176968024738e-01	2.758785913754261965e-01	1.661461454306105978e-01	7.692541653496072496e-02	3.420813313409846318e-02	8.674276010426625050e-02
1.441655523669274316e+03	2.185484581836116269e-01	1.411292047504281444e-01	2.760481619581355850e-01	1.662512128574413495e-01	7.696549035098337876e-02	3.424011228780963340e-02	8.681735961129882773e-02
1.444074408776102018e+03	2.182957144631972601e-01	1.409618569778367803e-01	2.762172231296949332e-01	1.663559902335553786e-01	7.700546021048634837e-02	3.427200858326470700e-02	8.689174640167310337e-02
1.446493293882929493e+03	2.180437024503059928e-01	1.407949730685554290e-01	2.763857764292487196e-01	1.664604784450442188e-01	7.704532640560059209e-02	3.430382219547160189e-02	8.696592100548186655e-02
1.448912178989757422e+03	2.177924200390795595e-01	1.406285517158583631e-01	2.765538233904468735e-01	1.665646783744031412e-01	7.708508922763646076e-02	3.433555329967789838e-02	8.703988395260613131e-02
1.451331064096585123e+03	2.175418651297772177e-01	1.404625916167557276e-01	2.767213655414778040e-01	1.666685909005566901e-01	7.712474896708573779e-02	3.436720207136041705e-02	8.711363577269479186e-02
1.453749949203412370e+03	2.172920356287569854e-01	1.402970914719822160e-01	2.768884044051019844e-01	1.667722168988838294e-01	7.716430591362374858e-02	3.439876868621499773e-02	8.718717699514462460e-02
1.456168834310240300e+03	2.170429294484567673e-01	1.401320499859859958e-01	2.770549414986840930e-01	1.668755572412427557e-01	7.720376035611152543e-02	3.443025332014645196e-02	8.726050814908080377e-02
1.458587719417068001e+03	2.167945445073757582e-01	1.399674658669174399e-01	2.772209783342255984e-01	1.669786127959954347e-01	7.724311258259779212e-02	3.446165614925862652e-02	8.733362976333772232e-02
1.461006604523895703e+03	2.165468787300557640e-01	1.398033378266180515e-01	2.773865164183966225e-01	1.670813844280320259e-01	7.728236288032114265e-02	3.449297734984463348e-02	8.740654236644017361e-02
1.463425489630723177e+03	2.162999300470625497e-01	1.396396645806093628e-01	2.775515572525673602e-01	1.671838729987948080e-01	7.732151153571206748e-02	3.452421709837726060e-02	8.747924648658493563e-02
1.465844374737550879e+03	2.160536963949675482e-01	1.394764448480819152e-01	2.777161023328394429e-01	1.672860793663020484e-01	7.736055883439507674e-02	3.455537557149950673e-02	8.755174265162270208e-02
1.468263259844378354e+03	2.158081757163292924e-01	1.393136773518842131e-01	2.778801531500768585e-01	1.673880043851714849e-01	7.739950506119072648e-02	3.458645294601523507e-02	8.762403138904036048e-02
1.470682144951206283e+03	2.155633659596750962e-01	1.391513608185118434e-01	2.780437111899362046e-01	1.674896489066435290e-01	7.743835050011774190e-02	3.461744939888005551e-02	8.769611322594365876e-02
1.473101030058033530e+03	2.153192650794828189e-01	1.389894939780964567e-01	2.782067779328971091e-01	1.675910137786043030e-01	7.747709543439508517e-02	3.464836510719224161e-02	8.776798868904012174e-02
1.475519915164861459e+03	2.150758710361626858e-01	1.388280755643949704e-01	2.783693548542918172e-01	1.676920998456083167e-01	7.751574014644405097e-02	3.467920024818387653e-02	8.783965830462243940e-02
1.477938800271689161e+03	2.148331817960390799e-01	1.386671043147786608e-01	2.785314434243349457e-01	1.677929079489010322e-01	7.755428491789027878e-02	3.470995499921210314e-02	8.791112259855207722e-02
1.480357685378516862e+03	2.145911953313324738e-01	1.385065789702224492e-01	2.786930451081524596e-01	1.678934389264410965e-01	7.759273002956584842e-02	3.474062953775047813e-02	8.798238209624327510e-02
1.482776570485344337e+03	2.143499096201414988e-01	1.383464982752941053e-01	2.788541613658108709e-01	1.679936936129222680e-01	7.763107576151134781e-02	3.477122404138055511e-02	8.805343732264732381e-02
