1.001418434226643626e+03	2.792197744656578773e-01	1.808430238847414939e-01	2.348851132526668661e-01	1.412174103679493531e-01	6.763407267578223914e-02	2.692189652234418945e-02	6.927870883057213325e-02
1.002869765290740247e+03	2.789628013571381904e-01	1.806760417161371313e-01	2.350621640611316732e-01	1.413240894207095089e-01	6.767294060037687409e-02	2.695113774315660224e-02	6.935082510106416187e-02
1.004321096354836754e+03	2.787062751088283385e-01	1.805093402564133531e-01	2.352388739714454113e-01	1.414305661326213381e-01	6.771174615750007175e-02	2.698034766825847461e-02	6.942285070464711272e-02
1.005772427418933376e+03	2.784501949315490443e-01	1.803429190198300724e-01	2.354152438676131165e-01	1.415368410503759222e-01	6.775048944995437639e-02	2.700952621273676121e-02	6.949478546765483489e-02
1.007223758483029997e+03	2.781945600376509731e-01	1.801767775215817324e-01	2.355912746292621041e-01	1.416429147180555959e-01	6.778917058039309051e-02	2.703867329291952809e-02	6.956662921985101722e-02
1.008675089547126618e+03	2.779393696410110137e-01	1.800109152777946142e-01	2.357669671316768578e-01	1.417487876771525435e-01	6.782778965132035820e-02	2.706778882636507594e-02	6.963838179439353626e-02
1.010126420611223239e+03	2.776846229570278379e-01	1.798453318055243666e-01	2.359423222458333635e-01	1.418544604665869235e-01	6.786634676509110953e-02	2.709687273185109116e-02	6.971004302779927608e-02
1.011577751675319632e+03	2.774303192026179032e-01	1.796800266227532028e-01	2.361173408384334982e-01	1.419599336227250208e-01	6.790484202391115776e-02	2.712592492936392874e-02	6.978161275990918400e-02
1.013029082739416367e+03	2.771764575962114563e-01	1.795149992483874024e-01	2.362920237719388084e-01	1.420652076793973428e-01	6.794327552983718543e-02	2.715494534008795757e-02	6.985309083385365936e-02
1.014480413803512761e+03	2.769230373577483140e-01	1.793502492022546191e-01	2.364663719046041779e-01	1.421702831679164392e-01	6.798164738477685543e-02	2.718393388639500641e-02	6.992447709601840033e-02
1.015931744867609382e+03	2.766700577086738666e-01	1.791857760051014381e-01	2.366403860905109957e-01	1.422751606170944705e-01	6.801995769048878315e-02	2.721289049183388958e-02	6.999577139601041720e-02
1.017383075931706003e+03	2.764175178719349701e-01	1.790215791785907118e-01	2.368140671796001295e-01	1.423798405532609168e-01	6.805820654858259211e-02	2.724181508112004033e-02	7.006697358662448971e-02
1.018834406995802851e+03	2.761654170719762269e-01	1.788576582452989505e-01	2.369874160177047051e-01	1.424843235002798691e-01	6.809639406051898325e-02	2.727070758012517873e-02	7.013808352380988820e-02
1.020285738059899245e+03	2.759137545347357667e-01	1.786940127287139080e-01	2.371604334465822750e-01	1.425886099795674877e-01	6.813452032760976274e-02	2.729956791586713241e-02	7.020910106663741379e-02
1.021737069123995752e+03	2.756625294876411947e-01	1.785306421532319998e-01	2.373331203039471260e-01	1.426927005101089607e-01	6.817258545101789746e-02	2.732839601649968489e-02	7.028002607726682727e-02
1.023188400188092373e+03	2.754117411596059828e-01	1.783675460441557503e-01	2.375054774235018651e-01	1.427965956084754906e-01	6.821058953175752892e-02	2.735719181130254196e-02	7.035085842091448605e-02
1.024639731252188767e+03	2.751613887810252512e-01	1.782047239276914052e-01	2.376775056349688386e-01	1.429002957888412806e-01	6.824853267069408425e-02	2.738595523067136051e-02	7.042159796582136977e-02
1.026091062316285615e+03	2.749114715837718825e-01	1.780421753309463506e-01	2.378492057641216351e-01	1.430038015630001602e-01	6.828641496854427617e-02	2.741468620610786749e-02	7.049224458322139730e-02
1.027542393380382237e+03	2.746619888011927468e-01	1.778798997819266980e-01	2.380205786328156714e-01	1.431071134403822387e-01	6.832423652587617247e-02	2.744338467021006228e-02	7.056279814731000743e-02
1.028993724444478858e+03	2.744129396681046495e-01	1.777178968095347034e-01	2.381916250590190576e-01	1.432102319280703084e-01	6.836199744310925142e-02	2.747205055666250562e-02	7.063325853521312814e-02
1.030445055508575479e+03	2.741643234207907232e-01	1.775561659435665185e-01	2.383623458568427111e-01	1.433131575308161376e-01	6.839969782051447122e-02	2.750068380022666417e-02	7.070362562695632624e-02
1.031896386572671872e+03	2.739161392969964304e-01	1.773947067147096102e-01	2.385327418365706387e-01	1.434158907510567349e-01	6.843733775821433940e-02	2.752928433673136957e-02	7.077389930543438734e-02
1.033347717636768493e+03	2.736683865359258450e-01	1.772335186545403451e-01	2.387028138046896619e-01	1.435184320889303644e-01	6.847491735618287112e-02	2.755785210306332250e-02	7.084407945638107607e-02
1.034799048700865114e+03	2.734210643782375993e-01	1.770726012955216866e-01	2.388725625639188388e-01	1.436207820422925052e-01	6.851243671424581128e-02	2.758638703715769747e-02	7.091416596833925723e-02
1.036250379764961508e+03	2.731741720660416095e-01	1.769119541710006960e-01	2.390419889132389120e-01	1.437229411067315610e-01	6.854989593208056509e-02	2.761488907798880996e-02	7.098415873263125286e-02
1.037701710829058356e+03	2.729277088428946896e-01	1.767515768152062017e-01	2.392110936479210637e-01	1.438249097755846251e-01	6.858729510921633687e-02	2.764335816556088773e-02	7.105405764332956009e-02
1.039153041893154750e+03	2.726816739537972767e-01	1.765914687632464397e-01	2.393798775595558370e-01	1.439266885399529960e-01	6.862463434503415782e-02	2.767179424089887679e-02	7.112386259722777715e-02
1.040604372957251599e+03	2.724360666451894897e-01	1.764316295511066390e-01	2.395483414360815022e-01	1.440282778887175819e-01	6.866191373876695536e-02	2.770019724603936181e-02	7.119357349381180700e-02
1.042055704021347992e+03	2.721908861649474098e-01	1.762720587156467733e-01	2.397164860618122562e-01	1.441296783085542210e-01	6.869913338949965032e-02	2.772856712402153173e-02	7.126319023523144947e-02
1.043507035085444613e+03	2.719461317623795282e-01	1.761127557945991184e-01	2.398843122174662279e-01	1.442308902839488649e-01	6.873629339616918466e-02	2.775690381887824590e-02	7.133271272627213222e-02
1.044958366149541234e+03	2.717018026882229154e-01	1.759537203265659489e-01	2.400518206801930676e-01	1.443319142972125935e-01	6.877339385756464640e-02	2.778520727562714537e-02	7.140214087432696088e-02
1.046409697213637855e+03	2.714578981946396685e-01	1.757949518510173725e-01	2.402190122236014802e-01	1.444327508284965478e-01	6.881043487232728351e-02	2.781347744026187521e-02	7.147147458936907449e-02
1.047861028277734476e+03	2.712144175352131370e-01	1.756364499082888053e-01	2.403858876177863979e-01	1.445334003558067792e-01	6.884741653895060098e-02	2.784171425974333106e-02	7.154071378392426461e-02
1.049312359341831097e+03	2.709713599649444804e-01	1.754782140395788614e-01	2.405524476293557923e-01	1.446338633550189046e-01	6.888433895578047195e-02	2.786991768199102368e-02	7.160985837304376100e-02
1.050763690405927491e+03	2.707287247402490049e-01	1.753202437869470498e-01	2.407186930214575138e-01	1.447341402998926496e-01	6.892120222101515148e-02	2.789808765587448863e-02	7.167890827427741973e-02
1.052215021470024112e+03	2.704865111189523885e-01	1.751625386933114426e-01	2.408846245538057429e-01	1.448342316620864212e-01	6.895800643270541541e-02	2.792622413120477570e-02	7.174786340764710557e-02
1.053666352534120733e+03	2.702447183602872394e-01	1.750050983024464824e-01	2.410502429827071080e-01	1.449341379111715455e-01	6.899475168875458808e-02	2.795432705872599732e-02	7.181672369562028257e-02
1.055117683598217127e+03	2.700033457248896540e-01	1.748479221589807620e-01	2.412155490610867203e-01	1.450338595146465070e-01	6.903143808691863947e-02	2.798239639010696722e-02	7.188548906308393771e-02
1.056569014662313975e+03	2.697623924747954982e-01	1.746910098083946927e-01	2.413805435385139309e-01	1.451333969379510758e-01	6.906806572480629625e-02	2.801043207793289108e-02	7.195415943731875430e-02
1.058020345726410369e+03	2.695218578734369652e-01	1.745343607970184507e-01	2.415452271612277269e-01	1.452327506444802963e-01	6.910463469987908336e-02	2.803843407569713009e-02	7.202273474797347974e-02
1.059471676790506763e+03	2.692817411856390231e-01	1.743779746720295898e-01	2.417096006721621559e-01	1.453319210955983931e-01	6.914114510945143510e-02	2.806640233779303037e-02	7.209121492703952916e-02
1.060923007854603611e+03	2.690420416776158619e-01	1.742218509814510152e-01	2.418736648109711673e-01	1.454309087506525378e-01	6.917759705069076448e-02	2.809433681950582878e-02	7.215959990882596375e-02
1.062374338918700232e+03	2.688027586169675076e-01	1.740659892741487080e-01	2.420374203140537028e-01	1.455297140669864764e-01	6.921399062061757423e-02	2.812223747700462462e-02	7.222788962993455242e-02
1.063825669982796853e+03	2.685638912726763250e-01	1.739103890998295876e-01	2.422008679145780108e-01	1.456283374999541302e-01	6.925032591610549848e-02	2.815010426733439639e-02	7.229608402923519417e-02
1.065277001046893474e+03	2.683254389151035757e-01	1.737550500090392636e-01	2.423640083425061820e-01	1.457267795029330570e-01	6.928660303388144148e-02	2.817793714840811578e-02	7.236418304784146549e-02
1.066728332110990095e+03	2.680874008159860877e-01	1.735999715531599819e-01	2.425268423246182137e-01	1.458250405273377182e-01	6.932282207052564704e-02	2.820573607899890325e-02	7.243218662908652850e-02
1.068179663175086489e+03	2.678497762484325917e-01	1.734451532844084876e-01	2.426893705845359628e-01	1.459231210226328013e-01	6.935898312247180952e-02	2.823350101873225992e-02	7.250009471849917786e-02
1.069630994239183110e+03	2.676125644869204456e-01	1.732905947558338877e-01	2.428515938427469045e-01	1.460210214363462100e-01	6.939508628600712936e-02	2.826123192807835846e-02	7.256790726378017919e-02
1.071082325303279504e+03	2.673757648072922488e-01	1.731362955213154309e-01	2.430135128166275027e-01	1.461187422140822756e-01	6.943113165727242408e-02	2.828892876834440337e-02	7.263562421477878783e-02
1.072533656367376352e+03	2.671393764867525666e-01	1.729822551355605365e-01	2.431751282204666631e-01	1.462162837995345521e-01	6.946711933226221158e-02	2.831659150166705025e-02	7.270324552346951741e-02
1.073984987431472746e+03	2.669033988038643779e-01	1.728284731541026020e-01	2.433364407654886319e-01	1.463136466344985842e-01	6.950304940682487664e-02	2.834422009100488055e-02	7.277077114392914436e-02
1.075436318495569594e+03	2.666678310385458550e-01	1.726749491332989495e-01	2.434974511598759772e-01	1.464108311588848133e-01	6.953892197666265707e-02	2.837181450013095269e-02	7.283820103231393450e-02
1.076887649559666215e+03	2.664326724720669226e-01	1.725216826303288264e-01	2.436581601087921545e-01	1.465078378107309287e-01	6.957473713733183796e-02	2.839937469362540864e-02	7.290553514683703606e-02
1.078338980623762609e+03	2.661979223870461486e-01	1.723686732031911306e-01	2.438185683144040994e-01	1.466046670262146356e-01	6.961049498424277948e-02	2.842690063686813262e-02	7.297277344774616425e-02
1.079790311687859230e+03	2.659635800674473027e-01	1.722159204107025776e-01	2.439786764759042659e-01	1.467013192396658394e-01	6.964619561266005565e-02	2.845439229603149642e-02	7.303991589730150780e-02
1.081241642751955851e+03	2.657296447985759702e-01	1.720634238124955084e-01	2.441384852895329138e-01	1.467977948835791357e-01	6.968183911770255146e-02	2.848184963807312911e-02	7.310696245975377427e-02
1.082692973816052472e+03	2.654961158670765542e-01	1.719111829690159465e-01	2.442979954485997030e-01	1.468940943886259398e-01	6.971742559434357389e-02	2.850927263072876305e-02	7.317391310132249915e-02
1.084144304880149093e+03	2.652629925609286121e-01	1.717591974415214051e-01	2.444572076435056196e-01	1.469902181836666710e-01	6.975295513741094910e-02	2.853666124250515967e-02	7.324076779017453520e-02
1.085595635944245487e+03	2.650302741694441355e-01	1.716074667920791108e-01	2.446161225617640989e-01	1.470861666957626046e-01	6.978842784158711954e-02	2.856401544267305956e-02	7.330752649640281948e-02
1.087046967008342108e+03	2.647979599832637754e-01	1.714559905835638387e-01	2.447747408880226738e-01	1.471819403501879731e-01	6.982384380140924107e-02	2.859133520126020539e-02	7.337418919200523748e-02
1.088498298072438729e+03	2.645660492943540665e-01	1.713047683796558585e-01	2.449330633040836813e-01	1.472775395704417623e-01	6.985920311126932181e-02	2.861862048904442041e-02	7.344075585086382030e-02
1.089949629136535123e+03	2.643345413960039858e-01	1.711537997448391024e-01	2.450910904889253839e-01	1.473729647782593688e-01	6.989450586541430532e-02	2.864587127754676318e-02	7.350722644872401124e-02
1.091400960200631971e+03	2.641034355828217328e-01	1.710030842443990562e-01	2.452488231187225920e-01	1.474682163936243684e-01	6.992975215794618171e-02	2.867308753902470322e-02	7.357360096317426545e-02
1.092852291264728365e+03	2.638727311507317319e-01	1.708526214444208990e-01	2.454062618668670925e-01	1.475632948347799511e-01	6.996494208282208471e-02	2.870026924646538330e-02	7.363987937362570513e-02
1.094303622328825213e+03	2.636424273969714127e-01	1.707024109117874222e-01	2.455634074039881043e-01	1.476582005182404123e-01	7.000007573385445825e-02	2.872741637357892688e-02	7.370606166129212156e-02
1.095754953392921607e+03	2.634125236200878795e-01	1.705524522141771415e-01	2.457202603979722899e-01	1.477529338588025876e-01	7.003515320471109806e-02	2.875452889479178376e-02	7.377214780917003278e-02
1.097206284457018228e+03	2.631830191199350799e-01	1.704027449200624100e-01	2.458768215139837954e-01	1.478474952695570388e-01	7.007017458891531825e-02	2.878160678524015886e-02	7.383813780201906041e-02
1.098657615521114849e+03	2.629539131976703081e-01	1.702532885987073086e-01	2.460330914144840120e-01	1.479418851618992670e-01	7.010513997984602064e-02	2.880865002076350018e-02	7.390403162634240353e-02
1.100108946585211470e+03	2.627252051557515400e-01	1.701040828201658694e-01	2.461890707592511440e-01	1.480361039455408700e-01	7.014004947073783358e-02	2.883565857789799000e-02	7.396982927036752087e-02
1.101560277649308091e+03	2.624968942979340469e-01	1.699551271552800780e-01	2.463447602053996932e-01	1.481301520285205342e-01	7.017490315468123685e-02	2.886263243387015426e-02	7.403553072402706270e-02
1.103011608713404712e+03	2.622689799292671764e-01	1.698064211756781516e-01	2.465001604073995822e-01	1.482240298172148585e-01	7.020970112462265877e-02	2.888957156659047176e-02	7.410113597893991377e-02
1.104462939777501106e+03	2.620414613560916317e-01	1.696579644537722920e-01	2.466552720170953616e-01	1.483177377163493738e-01	7.024444347336461503e-02	2.891647595464707371e-02	7.416664502839243056e-02
1.105914270841597499e+03	2.618143378860363080e-01	1.695097565627570746e-01	2.468100956837250559e-01	1.484112761290091453e-01	7.027913029356579189e-02	2.894334557729947438e-02	7.423205786731991440e-02
1.107365601905694348e+03	2.615876088280150169e-01	1.693617970766074510e-01	2.469646320539388984e-01	1.485046454566495422e-01	7.031376167774118502e-02	2.897018041447236431e-02	7.429737449228820956e-02
1.108816932969790741e+03	2.613612734922237668e-01	1.692140855700769719e-01	2.471188817718179553e-01	1.485978460991067285e-01	7.034833771826222437e-02	2.899698044674945199e-02	7.436259490147549556e-02
1.110268264033887590e+03	2.611353311901375429e-01	1.690666216186958171e-01	2.472728454788924723e-01	1.486908784546082107e-01	7.038285850735691296e-02	2.902374565536734036e-02	7.442771909465428770e-02
1.111719595097984211e+03	2.609097812345073653e-01	1.689194047987689351e-01	2.474265238141600265e-01	1.487837429197833017e-01	7.041732413710991012e-02	2.905047602220948988e-02	7.449274707317354860e-02
1.113170926162080832e+03	2.606846229393572911e-01	1.687724346873742676e-01	2.475799174141037895e-01	1.488764398896733621e-01	7.045173469946265643e-02	2.907717152980019218e-02	7.455767883994104950e-02
1.114622257226177226e+03	2.604598556199813619e-01	1.686257108623608336e-01	2.477330269127102913e-01	1.489689697577421257e-01	7.048609028621349859e-02	2.910383216129861991e-02	7.462251439940585651e-02
1.116073588290273847e+03	2.602354785929407721e-01	1.684792329023469815e-01	2.478858529414871836e-01	1.490613329158859135e-01	7.052039098901785596e-02	2.913045790049292871e-02	7.468725375754096951e-02
1.117524919354370468e+03	2.600114911760607606e-01	1.683330003867184732e-01	2.480383961294809203e-01	1.491535297544435701e-01	7.055463689938830385e-02	2.915704873179437301e-02	7.475189692182618306e-02
1.118976250418467089e+03	2.597878926884277240e-01	1.681870128956267640e-01	2.481906571032941045e-01	1.492455606622066777e-01	7.058882810869469837e-02	2.918360464023151205e-02	7.481644390123110000e-02
1.120427581482563710e+03	2.595646824503863859e-01	1.680412700099870871e-01	2.483426364871027803e-01	1.493374260264292708e-01	7.062296470816432914e-02	2.921012561144444714e-02	7.488089470619825605e-02
1.121878912546660331e+03	2.593418597835366324e-01	1.678957713114767325e-01	2.484943349026736414e-01	1.494291262328379111e-01	7.065704678888201640e-02	2.923661163167909360e-02	7.494524934862652199e-02
1.123330243610756725e+03	2.591194240107307922e-01	1.677505163825332157e-01	2.486457529693808510e-01	1.495206616656413745e-01	7.069107444179026367e-02	2.926306268778152211e-02	7.500950784185453357e-02
1.124781574674853118e+03	2.588973744560707502e-01	1.676055048063525288e-01	2.487968913042229446e-01	1.496120327075403100e-01	7.072504775768938268e-02	2.928947876719234164e-02	7.507367020064435736e-02
1.126232905738949967e+03	2.586757104449047828e-01	1.674607361668872807e-01	2.489477505218395392e-01	1.497032397397368986e-01	7.075896682723759046e-02	2.931585985794110671e-02	7.513773644116535089e-02
1.127684236803046360e+03	2.584544313038251162e-01	1.673162100488450599e-01	2.490983312345278200e-01	1.497942831419444565e-01	7.079283174095116205e-02	2.934220594864081141e-02	7.520170658097809213e-02
1.129135567867143209e+03	2.582335363606647061e-01	1.671719260376865468e-01	2.492486340522588883e-01	1.498851632923968447e-01	7.082664258920459699e-02	2.936851702848239376e-02	7.526558063901853113e-02
1.130586898931239830e+03	2.580130249444945179e-01	1.670278837196238209e-01	2.493986595826939712e-01	1.499758805678579054e-01	7.086039946223070263e-02	2.939479308722929563e-02	7.532935863558226641e-02
1.132038229995336451e+03	2.577928963856206956e-01	1.668840826816186118e-01	2.495484084312005746e-01	1.500664353436307885e-01	7.089410245012071898e-02	2.942103411521208509e-02	7.539304059230900190e-02
1.133489561059432845e+03	2.575731500155815645e-01	1.667405225113805234e-01	2.496978812008683879e-01	1.501568279935672212e-01	7.092775164282451306e-02	2.944724010332309266e-02	7.545662653216712867e-02
1.134940892123529466e+03	2.573537851671451882e-01	1.665972027973654235e-01	2.498470784925251043e-01	1.502470588900766124e-01	7.096134713015062045e-02	2.947341104301112041e-02	7.552011647943843164e-02
1.136392223187626087e+03	2.571348011743060380e-01	1.664541231287734735e-01	2.499960009047520193e-01	1.503371284041352673e-01	7.099488900176648132e-02	2.949954692627617878e-02	7.558351045970304605e-02
1.137843554251722708e+03	2.569161973722827175e-01	1.663112830955476573e-01	2.501446490338996020e-01	1.504270369052954082e-01	7.102837734719849583e-02	2.952564774566426506e-02	7.564680849982444166e-02
1.139294885315819101e+03	2.566979730975146867e-01	1.661686822883719772e-01	2.502930234741028714e-01	1.505167847616940557e-01	7.106181225583220462e-02	2.955171349426220090e-02	7.571001062793464298e-02
1.140746216379915950e+03	2.564801276876598202e-01	1.660263202986697606e-01	2.504411248172965787e-01	1.506063723400620502e-01	7.109519381691239981e-02	2.957774416569249401e-02	7.577311687341954649e-02
1.142197547444012343e+03	2.562626604815915754e-01	1.658841967186018840e-01	2.505889536532304729e-01	1.506958000057327940e-01	7.112852211954324988e-02	2.960373975410826586e-02	7.583612726690439065e-02
1.143648878508108737e+03	2.560455708193961066e-01	1.657423111410651906e-01	2.507365105694840390e-01	1.507850681226511058e-01	7.116179725268850786e-02	2.962970025418819320e-02	7.589904184023937850e-02
1.145100209572205586e+03	2.558288580423698222e-01	1.656006631596908529e-01	2.508837961514815418e-01	1.508741770533817972e-01	7.119501930517156685e-02	2.965562566113151208e-02	7.596186062648543902e-02
1.146551540636302207e+03	2.556125214930160539e-01	1.654592523688425132e-01	2.510308109825067913e-01	1.509631271591183876e-01	7.122818836567564038e-02	2.968151597065304959e-02	7.602458365990009959e-02
1.148002871700398828e+03	2.553965605150430029e-01	1.653180783636147566e-01	2.511775556437172985e-01	1.510519187996916257e-01	7.126130452274388738e-02	2.970737117897832152e-02	7.608721097592356652e-02
1.149454202764495449e+03	2.551809744533606872e-01	1.651771407398314184e-01	2.513240307141592633e-01	1.511405523335779266e-01	7.129436786477957866e-02	2.973319128283863008e-02	7.614974261116484733e-02
1.150905533828591842e+03	2.549657626540782207e-01	1.650364390940439185e-01	2.514702367707817299e-01	1.512290281179079487e-01	7.132737848004619408e-02	2.975897627946624477e-02	7.621217860338809491e-02
1.152356864892688463e+03	2.547509244645012050e-01	1.648959730235296517e-01	2.516161743884505197e-01	1.513173465084748093e-01	7.136033645666757519e-02	2.978472616658959030e-02	7.627451899149904901e-02
1.153808195956785084e+03	2.545364592331290088e-01	1.647557421262902388e-01	2.517618441399624984e-01	1.514055078597424386e-01	7.139324188262810567e-02	2.981044094242850384e-02	7.633676381553156087e-02
1.155259527020881706e+03	2.543223663096520482e-01	1.646157460010500284e-01	2.519072465960596752e-01	1.514935125248538517e-01	7.142609484577283618e-02	2.983612060568949925e-02	7.639891311663435380e-02
1.156710858084978327e+03	2.541086450449492884e-01	1.644759842472544864e-01	2.520523823254427476e-01	1.515813608556391967e-01	7.145889543380755382e-02	2.986176515556110064e-02	7.646096693705786707e-02
1.158162189149074720e+03	2.538952947910854685e-01	1.643364564650683923e-01	2.521972518947850350e-01	1.516690532026240268e-01	7.149164373429904573e-02	2.988737459170918986e-02	7.652292532014116910e-02
1.159613520213171569e+03	2.536823149013082701e-01	1.641971622553743682e-01	2.523418558687458013e-01	1.517565899150371267e-01	7.152433983467515466e-02	2.991294891427241642e-02	7.658478831029909284e-02
1.161064851277267962e+03	2.534697047300460970e-01	1.640581012197712407e-01	2.524861948099840769e-01	1.518439713408187008e-01	7.155698382222497322e-02	2.993848812385762823e-02	7.664655595300946811e-02
1.162516182341364356e+03	2.532574636329051332e-01	1.639192729605724874e-01	2.526302692791717042e-01	1.519311978266281726e-01	7.158957578409896882e-02	2.996399222153534395e-02	7.670822829480040961e-02
1.163967513405461204e+03	2.530455909666667891e-01	1.637806770808045431e-01	2.527740798350065488e-01	1.520182697178520392e-01	7.162211580730910854e-02	2.998946120883527050e-02	7.676980538323786851e-02
1.165418844469557826e+03	2.528340860892852593e-01	1.636423131842052459e-01	2.529176270342259336e-01	1.521051873586117265e-01	7.165460397872902565e-02	3.001489508774184481e-02	7.683128726691314248e-02
1.166870175533654447e+03	2.526229483598846914e-01	1.635041808752222825e-01	2.530609114316191843e-01	1.521919510917712770e-01	7.168704038509417231e-02	3.004029386068983107e-02	7.689267399543067705e-02
1.168321506597751068e+03	2.524121771387566326e-01	1.633662797590117177e-01	2.532039335800409519e-01	1.522785612589450943e-01	7.171942511300197221e-02	3.006565753055992496e-02	7.695396561939582547e-02
1.169772837661847461e+03	2.522017717873576426e-01	1.632286094414361621e-01	2.533466940304236470e-01	1.523650182005053533e-01	7.175175824891195930e-02	3.009098610067443072e-02	7.701516219040285827e-02
1.171224168725944082e+03	2.519917316683066844e-01	1.630911695290633845e-01	2.534891933317902635e-01	1.524513222555898828e-01	7.178403987914588891e-02	3.011627957479295209e-02	7.707626376102301446e-02
1.172675499790040703e+03	2.517820561453822381e-01	1.629539596291647852e-01	2.536314320312668680e-01	1.525374737621093546e-01	7.181627008988797356e-02	3.014153795710812489e-02	7.713727038479273324e-02
1.174126830854137097e+03	2.515727445835202469e-01	1.628169793497138140e-01	2.537734106740948681e-01	1.526234730567549713e-01	7.184844896718491081e-02	3.016676125224137042e-02	7.719818211620189941e-02
1.175578161918233945e+03	2.513637963488111748e-01	1.626802282993842774e-01	2.539151298036438353e-01	1.527093204750056277e-01	7.188057659694616075e-02	3.019194946523872172e-02	7.725899901068232489e-02
1.177029492982330339e+03	2.511552108084976198e-01	1.625437060875489781e-01	2.540565899614232181e-01	1.527950163511353765e-01	7.191265306494397380e-02	3.021710260156664288e-02	7.731972112459625790e-02
1.178480824046426733e+03	2.509469873309719823e-01	1.624074123242781609e-01	2.541977916870946097e-01	1.528805610182207286e-01	7.194467845681364049e-02	3.024222066710789344e-02	7.738034851522505864e-02
1.179932155110523581e+03	2.507391252857735231e-01	1.622713466203379862e-01	2.543387355184837939e-01	1.529659548081477027e-01	7.197665285805361635e-02	3.026730366815746920e-02	7.744088124075791668e-02
1.181383486174620202e+03	2.505316240435864206e-01	1.621355085871888646e-01	2.544794219915926803e-01	1.530511980516191251e-01	7.200857635402561907e-02	3.029235161141850124e-02	7.750131936028079038e-02
1.182834817238716823e+03	2.503244829762366619e-01	1.619998978369841247e-01	2.546198516406109613e-01	1.531362910781617626e-01	7.204044902995485056e-02	3.031736450399825575e-02	7.756166293376537402e-02
1.184286148302813444e+03	2.501177014566900447e-01	1.618645139825684309e-01	2.547600249979279363e-01	1.532212342161332064e-01	7.207227097093008017e-02	3.034234235340414060e-02	7.762191202205813434e-02
1.185737479366910065e+03	2.499112788590494849e-01	1.617293566374762293e-01	2.548999425941440022e-01	1.533060277927290049e-01	7.210404226190388066e-02	3.036728516753973289e-02	7.768206668686958305e-02
1.187188810431006686e+03	2.497052145585525462e-01	1.615944254159303317e-01	2.550396049580823110e-01	1.533906721339895751e-01	7.213576298769271145e-02	3.039219295470086540e-02	7.774212699076354927e-02
1.188640141495103080e+03	2.494995079315690534e-01	1.614597199328403898e-01	2.551790126167998718e-01	1.534751675648070857e-01	7.216743323297711288e-02	3.041706572357173038e-02	7.780209299714660465e-02
1.190091472559199701e+03	2.492941583555985663e-01	1.613252398038014790e-01	2.553181660955991528e-01	1.535595144089322295e-01	7.219905308230183116e-02	3.044190348322101461e-02	7.786196477025759954e-02
1.191542803623296322e+03	2.490891652092679653e-01	1.611909846450924610e-01	2.554570659180389613e-01	1.536437129889811071e-01	7.223062262007595713e-02	3.046670624309807951e-02	7.792174237515724078e-02
1.192994134687392716e+03	2.488845278723290921e-01	1.610569540736745964e-01	2.555957126059459350e-01	1.537277636264418879e-01	7.226214193057316215e-02	3.049147401302915519e-02	7.798142587771787759e-02
1.194445465751489564e+03	2.486802457256561683e-01	1.609231477071901284e-01	2.557341066794252549e-01	1.538116666416815825e-01	7.229361109793173978e-02	3.051620680321358303e-02	7.804101534461323209e-02
1.195896796815585958e+03	2.484763181512435748e-01	1.607895651639607848e-01	2.558722486568714150e-01	1.538954223539525101e-01	7.232503020615488332e-02	3.054090462422007560e-02	7.810051084330844884e-02
1.197348127879682352e+03	2.482727445322032711e-01	1.606562060629862509e-01	2.560101390549793798e-01	1.539790310813990148e-01	7.235639933911072741e-02	3.056556748698302170e-02	7.815991244205004740e-02
1.198799458943779200e+03	2.480695242527624356e-01	1.605230700239427544e-01	2.561477783887550763e-01	1.540624931410639886e-01	7.238771858053257013e-02	3.059019540279880878e-02	7.821922020985605517e-02
1.200250790007875821e+03	2.478666566982612174e-01	1.603901566671816492e-01	2.562851671715261626e-01	1.541458088488952549e-01	7.241898801401901176e-02	3.061478838332218691e-02	7.827843421650625133e-02
1.201702121071972442e+03	2.476641412551501276e-01	1.602574656137279729e-01	2.564223059149523531e-01	1.542289785197520913e-01	7.245020772303410739e-02	3.063934644056266407e-02	7.833755453253246626e-02
1.203153452136069063e+03	2.474619773109877907e-01	1.601249964852789476e-01	2.565591951290360773e-01	1.543120024674115298e-01	7.248137779090754740e-02	3.066386958688091177e-02	7.839658122920899197e-02
1.204604783200165684e+03	2.472601642544385581e-01	1.599927489042026474e-01	2.566958353221325817e-01	1.543948810045747688e-01	7.251249830083476844e-02	3.068835783498522624e-02	7.845551437854317300e-02
1.206056114264262078e+03	2.470587014752702038e-01	1.598607224935364446e-01	2.568322270009605335e-01	1.544776144428734177e-01	7.254356933587714773e-02	3.071281119792800343e-02	7.851435405326591399e-02
1.207507445328358699e+03	2.468575883643514823e-01	1.597289168769857326e-01	2.569683706706119009e-01	1.545602030928756865e-01	7.257459097896215572e-02	3.073722968910225922e-02	7.857310032682242318e-02
1.208958776392455093e+03	2.466568243136498251e-01	1.595973316789223995e-01	2.571042668345620563e-01	1.546426472640926864e-01	7.260556331288352261e-02	3.076161332223814604e-02	7.863175327336301146e-02
1.210410107456551941e+03	2.464564087162289807e-01	1.594659665243833846e-01	2.572399159946799352e-01	1.547249472649844249e-01	7.263648642030134939e-02	3.078596211139953548e-02	7.869031296773396078e-02
1.211861438520648335e+03	2.462563409662467673e-01	1.593348210390694852e-01	2.573753186512378055e-01	1.548071034029660231e-01	7.266736038374234374e-02	3.081027607098062171e-02	7.874877948546848971e-02
1.213312769584745183e+03	2.460566204589526573e-01	1.592038948493436912e-01	2.575104753029210936e-01	1.548891159844137666e-01	7.269818528559990334e-02	3.083455521570252489e-02	7.880715290277787166e-02
1.214764100648841804e+03	2.458572465906855020e-01	1.590731875822299357e-01	2.576453864468382648e-01	1.549709853146709615e-01	7.272896120813432397e-02	3.085879956060996396e-02	7.886543329654252532e-02
1.216215431712937971e+03	2.456582187588712551e-01	1.589426988654116801e-01	2.577800525785303165e-01	1.550527116980541242e-01	7.275968823347295222e-02	3.088300912106792251e-02	7.892362074430327168e-02
1.217666762777034819e+03	2.454595363620206416e-01	1.588124283272305259e-01	2.579144741919803252e-01	1.551342954378585881e-01	7.279036644361031039e-02	3.090718391275837015e-02	7.898171532425270203e-02
1.219118093841131440e+03	2.452611987997269094e-01	1.586823755966848548e-01	2.580486517796232171e-01	1.552157368363646928e-01	7.282099592040831848e-02	3.093132395167699084e-02	7.903971711522655985e-02
1.220569424905228061e+03	2.450632054726634701e-01	1.585525403034283298e-01	2.581825858323548162e-01	1.552970361948433631e-01	7.285157674559639140e-02	3.095542925412994584e-02	7.909762619669521988e-02
1.222020755969324682e+03	2.448655557825817064e-01	1.584229220777687575e-01	2.583162768395413922e-01	1.553781938135620211e-01	7.288210900077164711e-02	3.097949983673067148e-02	7.915544264875531977e-02
1.223472087033421303e+03	2.446682491323086683e-01	1.582935205506664778e-01	2.584497252890288199e-01	1.554592099917903036e-01	7.291259276739903150e-02	3.100353571639669070e-02	7.921316655212141955e-02
1.224923418097517697e+03	2.444712849257448528e-01	1.581643353537331986e-01	2.585829316671520162e-01	1.555400850278056690e-01	7.294302812681151271e-02	3.102753691034646280e-02	7.927079798811774436e-02
1.226374749161614318e+03	2.442746625678618999e-01	1.580353661192304693e-01	2.587158964587434329e-01	1.556208192188991979e-01	7.297341516021021990e-02	3.105150343609625399e-02	7.932833703866999653e-02
1.227826080225710712e+03	2.440783814647003724e-01	1.579066124800684590e-01	2.588486201471427162e-01	1.557014128613810056e-01	7.300375394866462364e-02	3.107543531145702184e-02	7.938578378629733423e-02
1.229277411289807560e+03	2.438824410233674522e-01	1.577780740698044859e-01	2.589811032142052549e-01	1.557818662505859875e-01	7.303404457311266085e-02	3.109933255453136564e-02	7.944313831410430848e-02
1.230728742353903954e+03	2.436868406520349140e-01	1.576497505226418794e-01	2.591133461403110627e-01	1.558621796808792870e-01	7.306428711436095680e-02	3.112319518371044549e-02	7.950040070577298057e-02
1.232180073418000802e+03	2.434915797599367104e-01	1.575216414734283421e-01	2.592453494043737705e-01	1.559423534456617078e-01	7.309448165308495005e-02	3.114702321767097437e-02	7.955757104555506720e-02
1.233631404482097196e+03	2.432966577573668077e-01	1.573937465576549233e-01	2.593771134838491199e-01	1.560223878373751816e-01	7.312462826982904507e-02	3.117081667537222045e-02	7.961464941826414121e-02
1.235082735546193817e+03	2.431020740556770199e-01	1.572660654114544643e-01	2.595086388547439005e-01	1.561022831475082362e-01	7.315472704500677881e-02	3.119457557605301648e-02	7.967163590926802652e-02
1.236534066610290438e+03	2.429078280672747336e-01	1.571385976716003774e-01	2.596399259916240543e-01	1.561820396666012967e-01	7.318477805890102883e-02	3.121829993922882462e-02	7.972853060448109597e-02
1.237985397674387059e+03	2.427139192056207984e-01	1.570113429755053414e-01	2.597709753676235023e-01	1.562616576842520144e-01	7.321478139166412435e-02	3.124198978468881518e-02	7.978533359035681893e-02
1.239436728738483680e+03	2.425203468852273059e-01	1.568843009612199135e-01	2.599017874544525264e-01	1.563411374891205408e-01	7.324473712331802666e-02	3.126564513249294880e-02	7.984204495388022571e-02
1.240888059802580301e+03	2.423271105216553423e-01	1.567574712674312809e-01	2.600323627224058187e-01	1.564204793689347728e-01	7.327464533375450950e-02	3.128926600296911414e-02	7.989866478256059390e-02
1.242339390866676695e+03	2.421342095315129894e-01	1.566308535334618723e-01	2.601627016403713633e-01	1.564996836104955713e-01	7.330450610273529788e-02	3.131285241671027259e-02	7.995519316442410707e-02
1.243790721930773088e+03	2.419416433324529381e-01	1.565044473992681928e-01	2.602928046758379854e-01	1.565787504996818402e-01	7.333431950989224846e-02	3.133640439457163057e-02	8.001163018800661053e-02
1.245242052994869937e+03	2.417494113431705449e-01	1.563782525054394079e-01	2.604226722949040118e-01	1.566576803214558000e-01	7.336408563472750222e-02	3.135992195766783980e-02	8.006797594234649207e-02
1.246693384058966330e+03	2.415575129834015289e-01	1.562522684931960115e-01	2.605523049622847642e-01	1.567364733598678728e-01	7.339380455661366487e-02	3.138340512737020777e-02	8.012423051697750709e-02
1.248144715123063179e+03	2.413659476739199172e-01	1.561264950043887156e-01	2.606817031413212193e-01	1.568151298980619279e-01	7.342347635479395951e-02	3.140685392530394998e-02	8.018039400192186750e-02
1.249596046187159800e+03	2.411747148365358528e-01	1.560009316814970348e-01	2.608108672939873918e-01	1.568936502182801951e-01	7.345310110838240703e-02	3.143026837334545603e-02	8.023646648768323342e-02
1.251047377251256421e+03	2.409838138940934571e-01	1.558755781676280094e-01	2.609397978808984941e-01	1.569720346018682045e-01	7.348267889636397876e-02	3.145364849361956955e-02	8.029244806523978817e-02
1.252498708315352815e+03	2.407932442704687481e-01	1.557504341065149567e-01	2.610684953613187642e-01	1.570502833292797829e-01	7.351220979759473528e-02	3.147699430849691671e-02	8.034833882603754918e-02
1.253950039379449436e+03	2.406030053905675592e-01	1.556254991425161938e-01	2.611969601931690144e-01	1.571283966800818832e-01	7.354169389080206232e-02	3.150030584059122091e-02	8.040413886198351234e-02
1.255401370443546057e+03	2.404130966803233183e-01	1.555007729206138167e-01	2.613251928330342366e-01	1.572063749329596083e-01	7.357113125458475400e-02	3.152358311275669372e-02	8.045984826543904622e-02
1.256852701507642678e+03	2.402235175666950218e-01	1.553762550864122571e-01	2.614531937361714853e-01	1.572842183657208182e-01	7.360052196741327657e-02	3.154682614808535651e-02	8.051546712921325843e-02
1.258304032571739299e+03	2.400342674776650975e-01	1.552519452861372551e-01	2.615809633565172043e-01	1.573619272553010429e-01	7.362986610762982387e-02	3.157003496990451463e-02	8.057099554655647311e-02
1.259755363635835920e+03	2.398453458422373785e-01	1.551278431666344715e-01	2.617085021466948880e-01	1.574395018777682009e-01	7.365916375344856715e-02	3.159320960177413457e-02	8.062643361115374996e-02
1.261206694699932314e+03	2.396567520904349102e-01	1.550039483753683500e-01	2.618358105580222417e-01	1.575169425083274011e-01	7.368841498295575221e-02	3.161635006748427651e-02	8.068178141711844498e-02
1.262658025764028707e+03	2.394684856532980077e-01	1.548802605604206184e-01	2.619628890405186761e-01	1.575942494213254663e-01	7.371761987410997696e-02	3.163945639105263108e-02	8.073703905898593769e-02
1.264109356828125556e+03	2.392805459628820353e-01	1.547567793704893169e-01	2.620897380429127455e-01	1.576714228902557358e-01	7.374677850474224694e-02	3.166252859672192416e-02	8.079220663170731676e-02
1.265560687892221949e+03	2.390929324522555188e-01	1.546335044548874382e-01	2.622163580126490312e-01	1.577484631877625887e-01	7.377589095255615570e-02	3.168556670895748134e-02	8.084728423064310721e-02
1.267012018956318798e+03	2.389056445554978980e-01	1.545104354635417065e-01	2.623427493958955248e-01	1.578253705856461075e-01	7.380495729512812075e-02	3.170857075244473688e-02	8.090227195155724749e-02
1.268463350020415419e+03	2.387186817076975831e-01	1.543875720469913559e-01	2.624689126375507886e-01	1.579021453548665188e-01	7.383397760990750847e-02	3.173154075208679814e-02	8.095716989061089996e-02
1.269914681084511813e+03	2.385320433449499289e-01	1.542649138563867983e-01	2.625948481812507285e-01	1.579787877655487449e-01	7.386295197421678671e-02	3.175447673300201695e-02	8.101197814435642797e-02
1.271366012148608434e+03	2.383457289043550975e-01	1.541424605434886519e-01	2.627205564693759210e-01	1.580552980869869562e-01	7.389188046525170528e-02	3.177737872052156104e-02	8.106669680973145609e-02
1.272817343212705055e+03	2.381597378240161156e-01	1.540202117606662424e-01	2.628460379430584970e-01	1.581316765876489838e-01	7.392076316008147630e-02	3.180024674018706171e-02	8.112132598405298600e-02
1.274268674276801676e+03	2.379740695430368203e-01	1.538981671608965485e-01	2.629712930421887473e-01	1.582079235351806501e-01	7.394960013564894075e-02	3.182308081774821995e-02	8.117586576501148454e-02
1.275720005340898297e+03	2.377887235015198053e-01	1.537763263977628969e-01	2.630963222054221173e-01	1.582840391964102367e-01	7.397839146877070726e-02	3.184588097916047494e-02	8.123031625066517991e-02
1.277171336404994690e+03	2.376036991405643950e-01	1.536546891254539082e-01	2.632211258701860346e-01	1.583600238373528146e-01	7.400713723613734640e-02	3.186864725058265874e-02	8.128467753943424690e-02
1.278622667469091539e+03	2.374189959022647567e-01	1.535332549987620532e-01	2.633457044726864593e-01	1.584358777232146021e-01	7.403583751431357107e-02	3.189137965837474109e-02	8.133894973009521412e-02
1.280073998533187932e+03	2.372346132297077637e-01	1.534120236730827369e-01	2.634700584479146568e-01	1.585116011183971552e-01	7.406449237973836142e-02	3.191407822909546332e-02	8.139313292177528802e-02
1.281525329597284326e+03	2.370505505669710244e-01	1.532909948044127724e-01	2.635941882296537475e-01	1.585871942865017536e-01	7.409310190872514523e-02	3.193674298950014562e-02	8.144722721394685727e-02
1.282976660661381175e+03	2.368668073591209400e-01	1.531701680493495477e-01	2.637180942504852021e-01	1.586626574903334252e-01	7.412166617746204778e-02	3.195937396653839024e-02	8.150123270642192774e-02
1.284427991725477568e+03	2.366833830522107329e-01	1.530495430650895272e-01	2.638417769417953362e-01	1.587379909919053866e-01	7.415018526201193338e-02	3.198197118735186806e-02	8.155514949934675184e-02
1.285879322789574417e+03	2.365002770932783105e-01	1.529291195094272526e-01	2.639652367337818051e-01	1.588131950524430125e-01	7.417865923831264141e-02	3.200453467927211887e-02	8.160897769319637451e-02
1.287330653853671038e+03	2.363174889303444881e-01	1.528088970407540104e-01	2.640884740554600429e-01	1.588882699323880821e-01	7.420708818217715275e-02	3.202706446981833099e-02	8.166271738876934583e-02
1.288781984917767431e+03	2.361350180124109355e-01	1.526888753180568881e-01	2.642114893346694249e-01	1.589632158914028315e-01	7.423547216929374248e-02	3.204956058669521796e-02	8.171636868718244739e-02
1.290233315981864052e+03	2.359528637894581504e-01	1.525690540009173313e-01	2.643342829980795394e-01	1.590380331883740062e-01	7.426381127522618808e-02	3.207202305779081192e-02	8.176993168986544658e-02
