1.001418434226643626e+03	2.791184550515327656e-01	1.809210590054753376e-01	2.349458448614527017e-01	1.412035887236350318e-01	6.767937643452594243e-02	2.689297171191569469e-02	6.923870421117209184e-02
1.002869765290740247e+03	2.788604033418999872e-01	1.807548893015267222e-01	2.351238317892089535e-01	1.413094240361388865e-01	6.771926004861181236e-02	2.692194849112236610e-02	6.931024299120082388e-02
1.004321096354836754e+03	2.786028015719701489e-01	1.805889980139568363e-01	2.353014761468429084e-01	1.414150540241214116e-01	6.775908664883906196e-02	2.695089485603098522e-02	6.938168873794825497e-02
1.005772427418933376e+03	2.783456489459261718e-01	1.804233846621491610e-01	2.354787787652248832e-01	1.415204793276766959e-01	6.779885629598501884e-02	2.697981071384983678e-02	6.945304128889782935e-02
1.007223758483029997e+03	2.780889446695180567e-01	1.802580487663931474e-01	2.356557404714572923e-01	1.416257005831225713e-01	6.783856905099604206e-02	2.700869597318019191e-02	6.952430048504226745e-02
1.008675089547126618e+03	2.778326879500581104e-01	1.800929898478815794e-01	2.358323620889046235e-01	1.417307184230316430e-01	6.787822497498484375e-02	2.703755054400312080e-02	6.959546617084565179e-02
1.010126420611223239e+03	2.775768779964165600e-01	1.799282074287082978e-01	2.360086444372228032e-01	1.418355334762620434e-01	6.791782412922778289e-02	2.706637433766642328e-02	6.966653819420567939e-02
1.011577751675319632e+03	2.773215140190168349e-01	1.797637010318657580e-01	2.361845883323883399e-01	1.419401463679881292e-01	6.795736657516225632e-02	2.709516726687166699e-02	6.973751640641652483e-02
1.013029082739416367e+03	2.770665952298312917e-01	1.795994701812427263e-01	2.363601945867275511e-01	1.420445577197305964e-01	6.799685237438406193e-02	2.712392924566135385e-02	6.980840066213191142e-02
1.014480413803512761e+03	2.768121208423766078e-01	1.794355144016218373e-01	2.365354640089449567e-01	1.421487681493864841e-01	6.803628158864474806e-02	2.715266018940619072e-02	6.987919081932864040e-02
1.015931744867609382e+03	2.765580900717093948e-01	1.792718332186773178e-01	2.367103974041518399e-01	1.422527782712589561e-01	6.807565427984908768e-02	2.718136001479248484e-02	6.994988673927038381e-02
1.017383075931706003e+03	2.763045021344217589e-01	1.791084261589726001e-01	2.368849955738943358e-01	1.423565886960865834e-01	6.811497051005256653e-02	2.721002863980963998e-02	7.002048828647197687e-02
1.018834406995802851e+03	2.760513562486368033e-01	1.789452927499580182e-01	2.370592593161812978e-01	1.424602000310727923e-01	6.815423034145874637e-02	2.723866598373779133e-02	7.009099532866398807e-02
1.020285738059899245e+03	2.757986516340044658e-01	1.787824325199685593e-01	2.372331894255118589e-01	1.425636128799145086e-01	6.819343383641689182e-02	2.726727196713551668e-02	7.016140773675762221e-02
1.021737069123995752e+03	2.755463875116970218e-01	1.786198449982215331e-01	2.374067866929028270e-01	1.426668278428309677e-01	6.823258105741940305e-02	2.729584651182768301e-02	7.023172538481001204e-02
1.023188400188092373e+03	2.752945631044047547e-01	1.784575297148141837e-01	2.375800519059158011e-01	1.427698455165919977e-01	6.827167206709947034e-02	2.732438954089338665e-02	7.030194814998985686e-02
1.024639731252188767e+03	2.750431776363317371e-01	1.782954862007216090e-01	2.377529858486838732e-01	1.428726664945462743e-01	6.831070692822850676e-02	2.735290097865402531e-02	7.037207591254344974e-02
1.026091062316285615e+03	2.747922303331915561e-01	1.781337139877943176e-01	2.379255893019383561e-01	1.429752913666490766e-01	6.834968570371387220e-02	2.738138075066144997e-02	7.044210855576089891e-02
1.027542393380382237e+03	2.745417204222028729e-01	1.779722126087560641e-01	2.380978630430349574e-01	1.430777207194900702e-01	6.838860845659644472e-02	2.740982878368624157e-02	7.051204596594284890e-02
1.028993724444478858e+03	2.742916471320854810e-01	1.778109815972016561e-01	2.382698078459799806e-01	1.431799551363205358e-01	6.842747525004830300e-02	2.743824500570608144e-02	7.058188803236745135e-02
1.030445055508575479e+03	2.740420096930558658e-01	1.776500204875946232e-01	2.384414244814561101e-01	1.432819951970806804e-01	6.846628614737032548e-02	2.746662934589424315e-02	7.065163464725769671e-02
1.031896386572671872e+03	2.737928073368230963e-01	1.774893288152650517e-01	2.386127137168479462e-01	1.433838414784263382e-01	6.850504121198994212e-02	2.749498173460816070e-02	7.072128570574903739e-02
1.033347717636768493e+03	2.735440392965846623e-01	1.773289061164073643e-01	2.387836763162674014e-01	1.434854945537557269e-01	6.854374050745885849e-02	2.752330210337813193e-02	7.079084110585738554e-02
1.034799048700865114e+03	2.732957048070223660e-01	1.771687519280781831e-01	2.389543130405788474e-01	1.435869549932358713e-01	6.858238409745075204e-02	2.755159038489610190e-02	7.086030074844741622e-02
1.036250379764961508e+03	2.730478031042981035e-01	1.770088657881940530e-01	2.391246246474239279e-01	1.436882233638287487e-01	6.862097204575905163e-02	2.757984651300454670e-02	7.092966453720113418e-02
1.037701710829058356e+03	2.728003334260498125e-01	1.768492472355293887e-01	2.392946118912460951e-01	1.437893002293172129e-01	6.865950441629473100e-02	2.760807042268547534e-02	7.099893237858680151e-02
1.039153041893154750e+03	2.725532950113875863e-01	1.766898958097141981e-01	2.394642755233152287e-01	1.438901861503306678e-01	6.869798127308412994e-02	2.763626205004950792e-02	7.106810418182823996e-02
1.040604372957251599e+03	2.723066871008892886e-01	1.765308110512319451e-01	2.396336162917516166e-01	1.439908816843706307e-01	6.873640268026673383e-02	2.766442133232507525e-02	7.113717985887429984e-02
1.042055704021347992e+03	2.720605089365966678e-01	1.763719925014174406e-01	2.398026349415500469e-01	1.440913873858359062e-01	6.877476870209306425e-02	2.769254820784769131e-02	7.120615932436877293e-02
1.043507035085444613e+03	2.718147597620113598e-01	1.762134397024547605e-01	2.399713322146034278e-01	1.441917038060476219e-01	6.881307940292252789e-02	2.772064261604933327e-02	7.127504249562052752e-02
1.044958366149541234e+03	2.715694388220909472e-01	1.760551521973750533e-01	2.401397088497263244e-01	1.442918314932740143e-01	6.885133484722132102e-02	2.774870449744793605e-02	7.134382929257390704e-02
1.046409697213637855e+03	2.713245453632449067e-01	1.758971295300544579e-01	2.403077655826782177e-01	1.443917709927550197e-01	6.888953509956036170e-02	2.777673379363694572e-02	7.141251963777958678e-02
1.047861028277734476e+03	2.710800786333305568e-01	1.757393712452119949e-01	2.404755031461866255e-01	1.444915228467266166e-01	6.892768022461318034e-02	2.780473044727498413e-02	7.148111345636552760e-02
1.049312359341831097e+03	2.708360378816493941e-01	1.755818768884074843e-01	2.406429222699698056e-01	1.445910875944448892e-01	6.896577028715389357e-02	2.783269440207563131e-02	7.154961067600836000e-02
1.050763690405927491e+03	2.705924223589430411e-01	1.754246460060394086e-01	2.408100236807595440e-01	1.446904657722100085e-01	6.900380535205520582e-02	2.786062560279724612e-02	7.161801122690497623e-02
1.052215021470024112e+03	2.703492313173893047e-01	1.752676781453429977e-01	2.409768081023234698e-01	1.447896579133899631e-01	6.904178548428634155e-02	2.788852399523292919e-02	7.168631504174446945e-02
1.053666352534120733e+03	2.701064640105982906e-01	1.751109728543879529e-01	2.411432762554872877e-01	1.448886645484439295e-01	6.907971074891114394e-02	2.791638952620053779e-02	7.175452205568029485e-02
1.055117683598217127e+03	2.698641196936087394e-01	1.749545296820766427e-01	2.413094288581567604e-01	1.449874862049456425e-01	6.911758121108606268e-02	2.794422214353282224e-02	7.182263220630277778e-02
1.056569014662313975e+03	2.696221976228839745e-01	1.747983481781418824e-01	2.414752666253394964e-01	1.450861234076064044e-01	6.915539693605819715e-02	2.797202179606762817e-02	7.189064543361184390e-02
1.058020345726410369e+03	2.693806970563082381e-01	1.746424278931449081e-01	2.416407902691666554e-01	1.451845766782980107e-01	6.919315798916338134e-02	2.799978843363820635e-02	7.195856167999001296e-02
1.059471676790506763e+03	2.691396172531828057e-01	1.744867683784734058e-01	2.418060004989140976e-01	1.452828465360753440e-01	6.923086443582432414e-02	2.802752200706358152e-02	7.202638089017573964e-02
1.060923007854603611e+03	2.688989574742223776e-01	1.743313691863396242e-01	2.419708980210238114e-01	1.453809334971988554e-01	6.926851634154865267e-02	2.805522246813904261e-02	7.209410301123693465e-02
1.062374338918700232e+03	2.686587169815510268e-01	1.741762298697780986e-01	2.421354835391247573e-01	1.454788380751567967e-01	6.930611377192709421e-02	2.808288976962669548e-02	7.216172799254480519e-02
1.063825669982796853e+03	2.684188950386988126e-01	1.740213499826439025e-01	2.422997577540536296e-01	1.455765607806872586e-01	6.934365679263160276e-02	2.811052386524609883e-02	7.222925578574797278e-02
1.065277001046893474e+03	2.681794909105978397e-01	1.738667290796105103e-01	2.424637213638755340e-01	1.456741021218000975e-01	6.938114546941354099e-02	2.813812470966500778e-02	7.229668634474677169e-02
1.066728332110990095e+03	2.679405038635785385e-01	1.737123667161679097e-01	2.426273750639044158e-01	1.457714626037984740e-01	6.941857986810186232e-02	2.816569225849017283e-02	7.236401962566792190e-02
1.068179663175086489e+03	2.677019331653660572e-01	1.735582624486206316e-01	2.427907195467232104e-01	1.458686427293004184e-01	6.945596005460134836e-02	2.819322646825823259e-02	7.243125558683934095e-02
1.069630994239183110e+03	2.674637780850767643e-01	1.734044158340857789e-01	2.429537555022038553e-01	1.459656429982600367e-01	6.949328609489074937e-02	2.822072729642670016e-02	7.249839418876530273e-02
1.071082325303279504e+03	2.672260378932144187e-01	1.732508264304910006e-01	2.431164836175271904e-01	1.460624639079886600e-01	6.953055805502114661e-02	2.824819470136501198e-02	7.256543539410177657e-02
1.072533656367376352e+03	2.669887118616664501e-01	1.730974937965727156e-01	2.432789045772024983e-01	1.461591059531756887e-01	6.956777600111409277e-02	2.827562864234567028e-02	7.263237916763208568e-02
1.073984987431472746e+03	2.667517992637005730e-01	1.729444174918740307e-01	2.434410190630871551e-01	1.462555696259092708e-01	6.960493999935998821e-02	2.830302907953545846e-02	7.269922547624273201e-02
1.075436318495569594e+03	2.665152993739610676e-01	1.727915970767429366e-01	2.436028277544057541e-01	1.463518554156968965e-01	6.964205011601633244e-02	2.833039597398673975e-02	7.276597428889952646e-02
1.076887649559666215e+03	2.662792114684652822e-01	1.726390321123303095e-01	2.437643313277692847e-01	1.464479638094857150e-01	6.967910641740600319e-02	2.835772928762882519e-02	7.283262557662389947e-02
1.078338980623762609e+03	2.660435348245999698e-01	1.724867221605880518e-01	2.439255304571940342e-01	1.465438952916826576e-01	6.971610896991567441e-02	2.838502898325943533e-02	7.289917931246954474e-02
1.079790311687859230e+03	2.658082687211179018e-01	1.723346667842671764e-01	2.440864258141203502e-01	1.466396503441743937e-01	6.975305783999408149e-02	2.841229502453622782e-02	7.296563547149921558e-02
1.081241642751955851e+03	2.655734124381342043e-01	1.721828655469159752e-01	2.442470180674312374e-01	1.467352294463472318e-01	6.978995309415043924e-02	2.843952737596840141e-02	7.303199403076178486e-02
1.082692973816052472e+03	2.653389652571230828e-01	1.720313180128781039e-01	2.444073078834708146e-01	1.468306330751066313e-01	6.982679479895277652e-02	2.846672600290837268e-02	7.309825496926952715e-02
1.084144304880149093e+03	2.651049264609139922e-01	1.718800237472906667e-01	2.445672959260623835e-01	1.469258617048967430e-01	6.986358302102636808e-02	2.849389087154353961e-02	7.316441826797565051e-02
1.085595635944245487e+03	2.648712953336883613e-01	1.717289823160823847e-01	2.447269828565267202e-01	1.470209158077195877e-01	6.990031782705215246e-02	2.852102194888811448e-02	7.323048390975203659e-02
1.087046967008342108e+03	2.646380711609762626e-01	1.715781932859718473e-01	2.448863693336997827e-01	1.471157958531542076e-01	6.993699928376512220e-02	2.854811920277501927e-02	7.329645187936717488e-02
1.088498298072438729e+03	2.644052532296526925e-01	1.714276562244654856e-01	2.450454560139504745e-01	1.472105023083756514e-01	6.997362745795282502e-02	2.857518260184786427e-02	7.336232216346443014e-02
1.089949629136535123e+03	2.641728408279344076e-01	1.712773706998559076e-01	2.452042435511983531e-01	1.473050356381735981e-01	7.001020241645375397e-02	2.860221211555300652e-02	7.342809475054039303e-02
1.091400960200631971e+03	2.639408332453764272e-01	1.711273362812198717e-01	2.453627325969308659e-01	1.473993963049710920e-01	7.004672422615590421e-02	2.862920771413165338e-02	7.349376963092356385e-02
1.092852291264728365e+03	2.637092297728686474e-01	1.709775525384167605e-01	2.455209238002207806e-01	1.474935847688428614e-01	7.008319295399521864e-02	2.865616936861207706e-02	7.355934679675310561e-02
1.094303622328825213e+03	2.634780297026322882e-01	1.708280190420864708e-01	2.456788178077430329e-01	1.475876014875336928e-01	7.011960866695408912e-02	2.868309705080185693e-02	7.362482624195805514e-02
1.095754953392921607e+03	2.632472323282168958e-01	1.706787353636477489e-01	2.458364152637917965e-01	1.476814469164764720e-01	7.015597143205987152e-02	2.870999073328022247e-02	7.369020796223643699e-02
1.097206284457018228e+03	2.630168369444968457e-01	1.705297010752963860e-01	2.459937168102972471e-01	1.477751215088100867e-01	7.019228131638352575e-02	2.873685038939045172e-02	7.375549195503487698e-02
1.098657615521114849e+03	2.627868428476679563e-01	1.703809157500034144e-01	2.461507230868422436e-01	1.478686257153972727e-01	7.022853838703801976e-02	2.876367599323232868e-02	7.382067821952820186e-02
1.100108946585211470e+03	2.625572493352440473e-01	1.702323789615133309e-01	2.463074347306785927e-01	1.479619599848422951e-01	7.026474271117701120e-02	2.879046751965471176e-02	7.388576675659939974e-02
1.101560277649308091e+03	2.623280557060540530e-01	1.700840902843424041e-01	2.464638523767435641e-01	1.480551247635082390e-01	7.030089435599339021e-02	2.881722494424809877e-02	7.395075756881967777e-02
1.103011608713404712e+03	2.620992612602384142e-01	1.699360492937767309e-01	2.466199766576759045e-01	1.481481204955344411e-01	7.033699338871786388e-02	2.884394824333732718e-02	7.401565066042878338e-02
1.104462939777501106e+03	2.618708652992458585e-01	1.697882555658705717e-01	2.467758082038319367e-01	1.482409476228536971e-01	7.037303987661758242e-02	2.887063739397429871e-02	7.408044603731549216e-02
1.105914270841597499e+03	2.616428671258302363e-01	1.696407086774446571e-01	2.469313476433013799e-01	1.483336065852091656e-01	7.040903388699477905e-02	2.889729237393078715e-02	7.414514370699834545e-02
1.107365601905694348e+03	2.614152660440474119e-01	1.694934082060844116e-01	2.470865956019230592e-01	1.484260978201712711e-01	7.044497548718538227e-02	2.892391316169129825e-02	7.420974367860649901e-02
1.108816932969790741e+03	2.611880613592516553e-01	1.693463537301381217e-01	2.472415527033005600e-01	1.485184217631543568e-01	7.048086474455772521e-02	2.895049973644600594e-02	7.427424596286082148e-02
1.110268264033887590e+03	2.609612523780929227e-01	1.691995448287153536e-01	2.473962195688175214e-01	1.486105788474333667e-01	7.051670172651114399e-02	2.897705207808375441e-02	7.433865057205518712e-02
1.111719595097984211e+03	2.607348384085132476e-01	1.690529810816850664e-01	2.475505968176530125e-01	1.487025695041601370e-01	7.055248650047468706e-02	2.900357016718509845e-02	7.440295752003793506e-02
1.113170926162080832e+03	2.605088187597437432e-01	1.689066620696740850e-01	2.477046850667966871e-01	1.487943941623796895e-01	7.058821913390585234e-02	2.903005398501544779e-02	7.446716682219356453e-02
1.114622257226177226e+03	2.602831927423016056e-01	1.687605873740652407e-01	2.478584849310637439e-01	1.488860532490464128e-01	7.062389969428924108e-02	2.905650351351822883e-02	7.453127849542454109e-02
1.116073588290273847e+03	2.600579596679866157e-01	1.686147565769957613e-01	2.480119970231098037e-01	1.489775471890400216e-01	7.065952824913532271e-02	2.908291873530814697e-02	7.459529255813329707e-02
1.117524919354370468e+03	2.598331188498784194e-01	1.684691692613555225e-01	2.481652219534456749e-01	1.490688764051812387e-01	7.069510486597913035e-02	2.910929963366447326e-02	7.465920903020452359e-02
1.118976250418467089e+03	2.596086696023329199e-01	1.683238250107853828e-01	2.483181603304518703e-01	1.491600413182477547e-01	7.073062961237906732e-02	2.913564619252442464e-02	7.472302793298749024e-02
1.120427581482563710e+03	2.593846112409797788e-01	1.681787234096755179e-01	2.484708127603931782e-01	1.492510423469896319e-01	7.076610255591560261e-02	2.916195839647658244e-02	7.478674928927867005e-02
1.121878912546660331e+03	2.591609430827186977e-01	1.680338640431636998e-01	2.486231798474329568e-01	1.493418799081447090e-01	7.080152376419009130e-02	2.918823623075438370e-02	7.485037312330447556e-02
1.123330243610756725e+03	2.589376644457167531e-01	1.678892464971336318e-01	2.487752621936472619e-01	1.494325544164539776e-01	7.083689330482355329e-02	2.921447968122965408e-02	7.491389946070411976e-02
1.124781574674853118e+03	2.587147746494052880e-01	1.677448703582134493e-01	2.489270603990390851e-01	1.495230662846765979e-01	7.087221124545549367e-02	2.924068873440622759e-02	7.497732832851281004e-02
1.126232905738949967e+03	2.584922730144768033e-01	1.676007352137738049e-01	2.490785750615520655e-01	1.496134159236051087e-01	7.090747765374268152e-02	2.926686337741357669e-02	7.504065975514495612e-02
1.127684236803046360e+03	2.582701588628817935e-01	1.674568406519264530e-01	2.492298067770844505e-01	1.497036037420801102e-01	7.094269259735798416e-02	2.929300359800055681e-02	7.510389377037766934e-02
1.129135567867143209e+03	2.580484315178259158e-01	1.673131862615224452e-01	2.493807561395027517e-01	1.497936301470051690e-01	7.097785614398925691e-02	2.931910938452916837e-02	7.516703040533424807e-02
1.130586898931239830e+03	2.578270903037669926e-01	1.671697716321506044e-01	2.495314237406554281e-01	1.498834955433613891e-01	7.101296836133808021e-02	2.934518072596838112e-02	7.523006969246810727e-02
1.132038229995336451e+03	2.576061345464119023e-01	1.670265963541358312e-01	2.496818101703860426e-01	1.499732003342217623e-01	7.104802931711876046e-02	2.937121761188802790e-02	7.529301166554659697e-02
1.133489561059432845e+03	2.573855635727136937e-01	1.668836600185375219e-01	2.498319160165468622e-01	1.500627449207658226e-01	7.108303907905710872e-02	2.939722003245274010e-02	7.535585635963522322e-02
1.134940892123529466e+03	2.571653767108683653e-01	1.667409622171479588e-01	2.499817418650119027e-01	1.501521297022936352e-01	7.111799771488937216e-02	2.942318797841594544e-02	7.541860381108178579e-02
1.136392223187626087e+03	2.569455732903123679e-01	1.665985025424906452e-01	2.501312882996900022e-01	1.502413550762400352e-01	7.115290529236108219e-02	2.944912144111391447e-02	7.548125405750089056e-02
1.137843554251722708e+03	2.567261526417193296e-01	1.664562805878188056e-01	2.502805559025378379e-01	1.503304214381885606e-01	7.118776187922606913e-02	2.947502041245986248e-02	7.554380713775851741e-02
1.139294885315819101e+03	2.565071140969970576e-01	1.663142959471136939e-01	2.504295452535728050e-01	1.504193291818853861e-01	7.122256754324525485e-02	2.950088488493811043e-02	7.560626309195674077e-02
1.140746216379915950e+03	2.562884569892848741e-01	1.661725482150830380e-01	2.505782569308855345e-01	1.505080786992529507e-01	7.125732235218566746e-02	2.952671485159828399e-02	7.566862196141867225e-02
1.142197547444012343e+03	2.560701806529506741e-01	1.660310369871594582e-01	2.507266915106527438e-01	1.505966703804036966e-01	7.129202637381938656e-02	2.955251030604957863e-02	7.573088378867347259e-02
1.143648878508108737e+03	2.558522844235878169e-01	1.658897618594989687e-01	2.508748495671496159e-01	1.506851046136534755e-01	7.132667967592244695e-02	2.957827124245508352e-02	7.579304861744158572e-02
1.145100209572205586e+03	2.556347676380124612e-01	1.657487224289792005e-01	2.510227316727621227e-01	1.507733817855350655e-01	7.136128232627386714e-02	2.960399765552612639e-02	7.585511649262008382e-02
1.146551540636302207e+03	2.554176296342606789e-01	1.656079182931981253e-01	2.511703383979994597e-01	1.508615022808112716e-01	7.139583439265456688e-02	2.962968954051670503e-02	7.591708746026813726e-02
1.148002871700398828e+03	2.552008697515853464e-01	1.654673490504722511e-01	2.513176703115060362e-01	1.509494664824882204e-01	7.143033594284642351e-02	2.965534689321793621e-02	7.597896156759276209e-02
1.149454202764495449e+03	2.549844873304537574e-01	1.653270142998351788e-01	2.514647279800735213e-01	1.510372747718282671e-01	7.146478704463118947e-02	2.968096970995258779e-02	7.604073886293452600e-02
1.150905533828591842e+03	2.547684817125443479e-01	1.651869136410360206e-01	2.516115119686529455e-01	1.511249275283630122e-01	7.149918776578960411e-02	2.970655798756962826e-02	7.610241939575353165e-02
1.152356864892688463e+03	2.545528522407440875e-01	1.650470466745378728e-01	2.517580228403662468e-01	1.512124251299060695e-01	7.153353817410031124e-02	2.973211172343885253e-02	7.616400321661553896e-02
1.153808195956785084e+03	2.543375982591457030e-01	1.649074130015163731e-01	2.519042611565184830e-01	1.512997679525658057e-01	7.156783833733897093e-02	2.975763091544553901e-02	7.622549037717815668e-02
1.155259527020881706e+03	2.541227191130448482e-01	1.647680122238579792e-01	2.520502274766088235e-01	1.513869563707578580e-01	7.160208832327724648e-02	2.978311556198515869e-02	7.628688093017721439e-02
1.156710858084978327e+03	2.539082141489370503e-01	1.646288439441585816e-01	2.521959223583424836e-01	1.514739907572175970e-01	7.163628819968190231e-02	2.980856566195813281e-02	7.634817492941331496e-02
1.158162189149074720e+03	2.536940827145155453e-01	1.644899077657220321e-01	2.523413463576421045e-01	1.515608714830125603e-01	7.167043803431381865e-02	2.983398121476464951e-02	7.640937242973845633e-02
1.159613520213171569e+03	2.534803241586678357e-01	1.643512032925583954e-01	2.524865000286588557e-01	1.516475989175546657e-01	7.170453789492711727e-02	2.985936222029950127e-02	7.647047348704279213e-02
1.161064851277267962e+03	2.532669378314733599e-01	1.642127301293827557e-01	2.526313839237838144e-01	1.517341734286124511e-01	7.173858784926818999e-02	2.988470867894699179e-02	7.653147815824161426e-02
1.162516182341364356e+03	2.530539230842007159e-01	1.640744878816134955e-01	2.527759985936589571e-01	1.518205953823228982e-01	7.177258796507483829e-02	2.991002059157588100e-02	7.659238650126237724e-02
1.163967513405461204e+03	2.528412792693048305e-01	1.639364761553709082e-01	2.529203445871882616e-01	1.519068651432035899e-01	7.180653831007532961e-02	2.993529795953437517e-02	7.665319857503193057e-02
1.165418844469557826e+03	2.526290057404241840e-01	1.637986945574755882e-01	2.530644224515485874e-01	1.519929830741644228e-01	7.184043895198755081e-02	2.996054078464516213e-02	7.671391443946376509e-02
1.166870175533654447e+03	2.524171018523783117e-01	1.636611426954470982e-01	2.532082327322003890e-01	1.520789495365193478e-01	7.187428995851811997e-02	2.998574906920049160e-02	7.677453415544552295e-02
1.168321506597751068e+03	2.522055669611648621e-01	1.635238201775023881e-01	2.533517759728984853e-01	1.521647648899981109e-01	7.190809139736149824e-02	3.001092281595730757e-02	7.683505778482656312e-02
1.169772837661847461e+03	2.519944004239572100e-01	1.633867266125543505e-01	2.534950527157028288e-01	1.522504294927576052e-01	7.194184333619915717e-02	3.003606202813241186e-02	7.689548539040570729e-02
1.171224168725944082e+03	2.517836015991014587e-01	1.632498616102104061e-01	2.536380635009886642e-01	1.523359437013933892e-01	7.197554584269870437e-02	3.006116670939767282e-02	7.695581703591897194e-02
1.172675499790040703e+03	2.515731698461139976e-01	1.631132247807709212e-01	2.537808088674573526e-01	1.524213078709510394e-01	7.200919898451303702e-02	3.008623686387528612e-02	7.701605278602766114e-02
1.174126830854137097e+03	2.513631045256787266e-01	1.629768157352279034e-01	2.539232893521464751e-01	1.525065223549372517e-01	7.204280282927957857e-02	3.011127249613308049e-02	7.707619270630636232e-02
1.175578161918233945e+03	2.511534049996445583e-01	1.628406340852633361e-01	2.540655054904399357e-01	1.525915875053311110e-01	7.207635744461934890e-02	3.013627361117985140e-02	7.713623686323116402e-02
1.177029492982330339e+03	2.509440706310225866e-01	1.627046794432480126e-01	2.542074578160786191e-01	1.526765036725950819e-01	7.210986289813625660e-02	3.016124021446075359e-02	7.719618532416802625e-02
1.178480824046426733e+03	2.507351007839836998e-01	1.625689514222397880e-01	2.543491468611698281e-01	1.527612712056859168e-01	7.214331925741621077e-02	3.018617231185271102e-02	7.725603815736119262e-02
1.179932155110523581e+03	2.505264948238558609e-01	1.624334496359824409e-01	2.544905731561975526e-01	1.528458904520654527e-01	7.217672659002637159e-02	3.021106990965989961e-02	7.731579543192176884e-02
1.181383486174620202e+03	2.503182521171213870e-01	1.622981736989040080e-01	2.546317372300325177e-01	1.529303617577114360e-01	7.221008496351434547e-02	3.023593301460924393e-02	7.737545721781639851e-02
1.182834817238716823e+03	2.501103720314144518e-01	1.621631232261154520e-01	2.547726396099417312e-01	1.530146854671282086e-01	7.224339444540742172e-02	3.026076163384597978e-02	7.743502358585607759e-02
1.184286148302813444e+03	2.499028539355186429e-01	1.620282978334092738e-01	2.549132808215981427e-01	1.530988619233570880e-01	7.227665510321179543e-02	3.028555577492923409e-02	7.749449460768509379e-02
1.185737479366910065e+03	2.496956971993642416e-01	1.618936971372580136e-01	2.550536613890904691e-01	1.531828914679870535e-01	7.230986700441181803e-02	3.031031544582764303e-02	7.755387035577000765e-02
1.187188810431006686e+03	2.494889011940256418e-01	1.617593207548129464e-01	2.551937818349325204e-01	1.532667744411650157e-01	7.234303021646922016e-02	3.033504065491504989e-02	7.761315090338884171e-02
1.188640141495103080e+03	2.492824652917189077e-01	1.616251683039025278e-01	2.553336426800729142e-01	1.533505111816060307e-01	7.237614480682236229e-02	3.035973141096618561e-02	7.767233632462029747e-02
1.190091472559199701e+03	2.490763888657990810e-01	1.614912394030311449e-01	2.554732444439041794e-01	1.534341020266036526e-01	7.240921084288556853e-02	3.038438772315242564e-02	7.773142669433315277e-02
1.191542803623296322e+03	2.488706712907578222e-01	1.613575336713776176e-01	2.556125876442721379e-01	1.535175473120399259e-01	7.244222839204832176e-02	3.040900960103758155e-02	7.779042208817577020e-02
1.192994134687392716e+03	2.486653119422208569e-01	1.612240507287938662e-01	2.557516727974851745e-01	1.536008473723954604e-01	7.247519752167454199e-02	3.043359705457370640e-02	7.784932258256561932e-02
1.194445465751489564e+03	2.484603101969453109e-01	1.610907901958034405e-01	2.558905004183231746e-01	1.536840025407593957e-01	7.250811829910194795e-02	3.045815009409697308e-02	7.790812825467899327e-02
1.195896796815585958e+03	2.482556654328174073e-01	1.609577516936002428e-01	2.560290710200466835e-01	1.537670131488391434e-01	7.254099079164129382e-02	3.048266873032356994e-02	7.796683918244083633e-02
1.197348127879682352e+03	2.480513770288498843e-01	1.608249348440470572e-01	2.561673851144060099e-01	1.538498795269702679e-01	7.257381506657568926e-02	3.050715297434563461e-02	7.802545544451462700e-02
1.198799458943779200e+03	2.478474443651794423e-01	1.606923392696743003e-01	2.563054432116498305e-01	1.539326020041260901e-01	7.260659119115990545e-02	3.053160283762721555e-02	7.808397712029242765e-02
1.200250790007875821e+03	2.476438668230644402e-01	1.605599645936785225e-01	2.564432458205340715e-01	1.540151809079272349e-01	7.263931923261972290e-02	3.055601833200030301e-02	7.814240428988493414e-02
1.201702121071972442e+03	2.474406437848822859e-01	1.604278104399210203e-01	2.565807934483307351e-01	1.540976165646513185e-01	7.267199925815122363e-02	3.058039946966085304e-02	7.820073703411173360e-02
1.203153452136069063e+03	2.472377746341270222e-01	1.602958764329266983e-01	2.567180866008364482e-01	1.541799092992422737e-01	7.270463133492013896e-02	3.060474626316488783e-02	7.825897543449164551e-02
1.204604783200165684e+03	2.470352587554069390e-01	1.601641621978824592e-01	2.568551257823811773e-01	1.542620594353196206e-01	7.273721553006119722e-02	3.062905872542458913e-02	7.831711957323307660e-02
1.206056114264262078e+03	2.468330955344420763e-01	1.600326673606360384e-01	2.569919114958365003e-01	1.543440672951878756e-01	7.276975191067749926e-02	3.065333686970447835e-02	7.837516953322461177e-02
1.207507445328358699e+03	2.466312843580617531e-01	1.599013915476944769e-01	2.571284442426242656e-01	1.544259331998456275e-01	7.280224054383981069e-02	3.067758070961757941e-02	7.843312539802557715e-02
1.208958776392455093e+03	2.464298246142022919e-01	1.597703343862229564e-01	2.572647245227246415e-01	1.545076574689947246e-01	7.283468149658597901e-02	3.070179025912165779e-02	7.849098725185679748e-02
1.210410107456551941e+03	2.462287156919044928e-01	1.596394955040433827e-01	2.574007528346847762e-01	1.545892404210492677e-01	7.286707483592030909e-02	3.072596553251546320e-02	7.854875517959138131e-02
1.211861438520648335e+03	2.460279569813112466e-01	1.595088745296330546e-01	2.575365296756265687e-01	1.546706823731445746e-01	7.289942062881291096e-02	3.075010654443502411e-02	7.860642926674561715e-02
1.213312769584745183e+03	2.458275478736652031e-01	1.593784710921233028e-01	2.576720555412553293e-01	1.547519836411460348e-01	7.293171894219910301e-02	3.077421330984997025e-02	7.866400959947002225e-02
1.214764100648841804e+03	2.456274877613063845e-01	1.592482848212982693e-01	2.578073309258672730e-01	1.548331445396579631e-01	7.296396984297881527e-02	3.079828584405989306e-02	7.872149626454039151e-02
1.216215431712937971e+03	2.454277760376696316e-01	1.591183153475935474e-01	2.579423563223579019e-01	1.549141653820322595e-01	7.299617339801597882e-02	3.082232416269073058e-02	7.877888934934901277e-02
1.217666762777034819e+03	2.452284120972825499e-01	1.589885623020947103e-01	2.580771322222297770e-01	1.549950464803770411e-01	7.302832967413792897e-02	3.084632828169119392e-02	7.883618894189592385e-02
1.219118093841131440e+03	2.450293953357629007e-01	1.588590253165362565e-01	2.582116591156003449e-01	1.550757881455653020e-01	7.306043873813482248e-02	3.087029821732921800e-02	7.889339513078030830e-02
1.220569424905228061e+03	2.448307251498163528e-01	1.587297040233000833e-01	2.583459374912098760e-01	1.551563906872433785e-01	7.309250065675906849e-02	3.089423398618845740e-02	7.895050800519196055e-02
1.222020755969324682e+03	2.446324009372341235e-01	1.586005980554144046e-01	2.584799678364289588e-01	1.552368544138393314e-01	7.312451549672475959e-02	3.091813560516479611e-02	7.900752765490282048e-02
1.223472087033421303e+03	2.444344220968906745e-01	1.584717070465521960e-01	2.586137506372663819e-01	1.553171796325713561e-01	7.315648332470706117e-02	3.094200309146289893e-02	7.906445417025857736e-02
1.224923418097517697e+03	2.442367880287413529e-01	1.583430306310301128e-01	2.587472863783766286e-01	1.553973666494560812e-01	7.318840420734175345e-02	3.096583646259280093e-02	7.912128764217046806e-02
1.226374749161614318e+03	2.440394981338201152e-01	1.582145684438071298e-01	2.588805755430671485e-01	1.554774157693166736e-01	7.322027821122457925e-02	3.098963573636651439e-02	7.917802816210703365e-02
1.227826080225710712e+03	2.438425518142371684e-01	1.580863201204831814e-01	2.590136186133062401e-01	1.555573272957911091e-01	7.325210540291071659e-02	3.101340093089467384e-02	7.923467582208604254e-02
1.229277411289807560e+03	2.436459484731767489e-01	1.579582852972980234e-01	2.591464160697302122e-01	1.556371015313401940e-01	7.328388584891426527e-02	3.103713206458321230e-02	7.929123071466648298e-02
1.230728742353903954e+03	2.434496875148947082e-01	1.578304636111298176e-01	2.592789683916506549e-01	1.557167387772554756e-01	7.331561961570774721e-02	3.106082915613006534e-02	7.934769293294061110e-02
1.232180073418000802e+03	2.432537683447164034e-01	1.577028546994939384e-01	2.594112760570618792e-01	1.557962393336673745e-01	7.334730676972149588e-02	3.108449222452190977e-02	7.940406257052606831e-02
1.233631404482097196e+03	2.430581903690343104e-01	1.575754582005416959e-01	2.595433395426478551e-01	1.558756034995529283e-01	7.337894737734319828e-02	3.110812128903091972e-02	7.946033972155820690e-02
1.235082735546193817e+03	2.428629529953057198e-01	1.574482737530590315e-01	2.596751593237896505e-01	1.559548315727435353e-01	7.341054150491733987e-02	3.113171636921156435e-02	7.951652448068229073e-02
1.236534066610290438e+03	2.426680556320505999e-01	1.573213009964652964e-01	2.598067358745722588e-01	1.560339238499327819e-01	7.344208921874474660e-02	3.115527748489743676e-02	7.957261694304598731e-02
1.237985397674387059e+03	2.424734976888492377e-01	1.571945395708119753e-01	2.599380696677918712e-01	1.561128806266841307e-01	7.347359058508202978e-02	3.117880465619809333e-02	7.962861720429176282e-02
1.239436728738483680e+03	2.422792785763400736e-01	1.570679891167814646e-01	2.600691611749624821e-01	1.561917021974384701e-01	7.350504567014114199e-02	3.120229790349595203e-02	7.968452536054949908e-02
1.240888059802580301e+03	2.420853977062174256e-01	1.569416492756857684e-01	2.602000108663231615e-01	1.562703888555216081e-01	7.353645454008884974e-02	3.122575724744318382e-02	7.974034150842908286e-02
1.242339390866676695e+03	2.418918544912292967e-01	1.568155196894652770e-01	2.603306192108446049e-01	1.563489408931518221e-01	7.356781726104626162e-02	3.124918270895865602e-02	7.979606574501314775e-02
1.243790721930773088e+03	2.416986483451751266e-01	1.566896000006875178e-01	2.604609866762361281e-01	1.564273586014472417e-01	7.359913389908832870e-02	3.127257430922490700e-02	7.985169816784981611e-02
1.245242052994869937e+03	2.415057786829035991e-01	1.565638898525459621e-01	2.605911137289522173e-01	1.565056422704332595e-01	7.363040452024342819e-02	3.129593206968512425e-02	7.990723887494557975e-02
1.246693384058966330e+03	2.413132449203104213e-01	1.564383888888587204e-01	2.607210008341991903e-01	1.565837921890496642e-01	7.366162919049282221e-02	3.131925601204017806e-02	7.996268796475826390e-02
1.248144715123063179e+03	2.411210464743360482e-01	1.563130967540673211e-01	2.608506484559420247e-01	1.566618086451579406e-01	7.369280797577026920e-02	3.134254615824565854e-02	8.001804553618999116e-02
1.249596046187159800e+03	2.409291827629637395e-01	1.561880130932356281e-01	2.609800570569106304e-01	1.567396919255485410e-01	7.372394094196151049e-02	3.136580253050895439e-02	8.007331168858031201e-02
1.251047377251256421e+03	2.407376532052170892e-01	1.560631375520483421e-01	2.611092270986065111e-01	1.568174423159477970e-01	7.375502815490385389e-02	3.138902515128634552e-02	8.012848652169933528e-02
1.252498708315352815e+03	2.405464572211581109e-01	1.559384697768100569e-01	2.612381590413092591e-01	1.568950601010250523e-01	7.378606968038570191e-02	3.141221404328015110e-02	8.018357013574095582e-02
1.253950039379449436e+03	2.403555942318848226e-01	1.558140094144438437e-01	2.613668533440827169e-01	1.569725455643996848e-01	7.381706558414617703e-02	3.143536922943587081e-02	8.023856263131617927e-02
1.255401370443546057e+03	2.401650636595293042e-01	1.556897561124901685e-01	2.614953104647815274e-01	1.570498989886479069e-01	7.384801593187459434e-02	3.145849073293935372e-02	8.029346410944644685e-02
1.256852701507642678e+03	2.399748649272554213e-01	1.555657095191055883e-01	2.616235308600572962e-01	1.571271206553097599e-01	7.387892078921008687e-02	3.148157857721402275e-02	8.034827467155712666e-02
1.258304032571739299e+03	2.397849974592566324e-01	1.554418692830616400e-01	2.617515149853649192e-01	1.572042108448958309e-01	7.390978022174118922e-02	3.150463278591808525e-02	8.040299441947101888e-02
1.259755363635835920e+03	2.395954606807540466e-01	1.553182350537435641e-01	2.618792632949685784e-01	1.572811698368940525e-01	7.394059429500540737e-02	3.152765338294181985e-02	8.045762345540188876e-02
1.261206694699932314e+03	2.394062540179941467e-01	1.551948064811491390e-01	2.620067762419480140e-01	1.573579979097763093e-01	7.397136307448881620e-02	3.155064039240482177e-02	8.051216188194819379e-02
1.262658025764028707e+03	2.392173768982466253e-01	1.550715832158874874e-01	2.621340542782045757e-01	1.574346953410051819e-01	7.400208662562560158e-02	3.157359383865334518e-02	8.056660980208671385e-02
1.264109356828125556e+03	2.390288287498023856e-01	1.549485649091777995e-01	2.622610978544671623e-01	1.575112624070404421e-01	7.403276501379774110e-02	3.159651374625759013e-02	8.062096731916638948e-02
1.265560687892221949e+03	2.388406090019714600e-01	1.548257512128483337e-01	2.623879074202982720e-01	1.575876993833455753e-01	7.406339830433453231e-02	3.161940014000910737e-02	8.067523453690216007e-02
1.267012018956318798e+03	2.386527170850807344e-01	1.547031417793350849e-01	2.625144834240999980e-01	1.576640065443943028e-01	7.409398656251227344e-02	3.164225304491813384e-02	8.072941155936888546e-02
1.268463350020415419e+03	2.384651524304720049e-01	1.545807362616805902e-01	2.626408263131196907e-01	1.577401841636769941e-01	7.412452985355379165e-02	3.166507248621102527e-02	8.078349849099528135e-02
1.269914681084511813e+03	2.382779144704998409e-01	1.544585343135329303e-01	2.627669365334558971e-01	1.578162325137069666e-01	7.415502824262810988e-02	3.168785848932766797e-02	8.083749543655799341e-02
1.271366012148608434e+03	2.380910026385294753e-01	1.543365355891442858e-01	2.628928145300640229e-01	1.578921518660267587e-01	7.418548179485009997e-02	3.171061107991894612e-02	8.089140250117572706e-02
1.272817343212705055e+03	2.379044163689347513e-01	1.542147397433700218e-01	2.630184607467623836e-01	1.579679424912145691e-01	7.421589057528003852e-02	3.173333028384419524e-02	8.094521979030336323e-02
1.274268674276801676e+03	2.377181550970960955e-01	1.540931464316673272e-01	2.631438756262374223e-01	1.580436046588901966e-01	7.424625464892330162e-02	3.175601612716871802e-02	8.099894740972622686e-02
1.275720005340898297e+03	2.375322182593984366e-01	1.539717553100941883e-01	2.632690596100497049e-01	1.581191386377213681e-01	7.427657408072993461e-02	3.177866863616127246e-02	8.105258546555434152e-02
1.277171336404994690e+03	2.373466052932290404e-01	1.538505660353081672e-01	2.633940131386393602e-01	1.581945446954298173e-01	7.430684893559437454e-02	3.180128783729165715e-02	8.110613406421685045e-02
1.278622667469091539e+03	2.371613156369756503e-01	1.537295782645652087e-01	2.635187366513315754e-01	1.582698230987972243e-01	7.433707927835504770e-02	3.182387375722824790e-02	8.115959331245634067e-02
1.280073998533187932e+03	2.369763487300243221e-01	1.536087916557186128e-01	2.636432305863420367e-01	1.583449741136713496e-01	7.436726517379399493e-02	3.184642642283561087e-02	8.121296331732338891e-02
1.281525329597284326e+03	2.367917040127574535e-01	1.534882058672177030e-01	2.637674953807825906e-01	1.584199980049718071e-01	7.439740668663660794e-02	3.186894586117208078e-02	8.126624418617106604e-02
1.282976660661381175e+03	2.366073809265515915e-01	1.533678205581068543e-01	2.638915314706664628e-01	1.584948950366961429e-01	7.442750388155121299e-02	3.189143209948740176e-02	8.131943602664952475e-02
1.284427991725477568e+03	2.364233789137757391e-01	1.532476353880242725e-01	2.640153392909138086e-01	1.585696654719256082e-01	7.445755682314876556e-02	3.191388516522039587e-02	8.137253894670062881e-02
1.285879322789574417e+03	2.362396974177889963e-01	1.531276500172008004e-01	2.641389192753567094e-01	1.586443095728308772e-01	7.448756557598253114e-02	3.193630508599662465e-02	8.142555305455270731e-02
1.287330653853671038e+03	2.360563358829387282e-01	1.530078641064589184e-01	2.642622718567446682e-01	1.587188276006778753e-01	7.451753020454772447e-02	3.195869188962609936e-02	8.147847845871526717e-02
1.288781984917767431e+03	2.358732937545585384e-01	1.528882773172114129e-01	2.643853974667497719e-01	1.587932198158334696e-01	7.454745077328120417e-02	3.198104560410097719e-02	8.153131526797383066e-02
1.290233315981864052e+03	2.356905704789663270e-01	1.527688893114604873e-01	2.645082965359720206e-01	1.588674864777710749e-01	7.457732734656118134e-02	3.200336625759331310e-02	8.158406359138484221e-02
