1.001418434226643626e+03	2.842599268694822601e-01	1.723945852187267203e-01	2.349865203407913161e-01	1.417853567975708995e-01	6.893362825250430592e-02	2.758024958409229996e-02	7.005973293680065050e-02
1.002869765290740247e+03	2.839991633363593282e-01	1.722321587324548431e-01	2.351647701461387074e-01	1.418921193462993613e-01	6.897814098619310663e-02	2.760652704357673126e-02	7.012712040894633625e-02
1.004321096354836754e+03	2.837388510295668076e-01	1.720700133578419999e-01	2.353426975365048301e-01	1.419986915691722473e-01	6.902257775642280102e-02	2.763277384182260057e-02	7.019439490863714493e-02
1.005772427418933376e+03	2.834789891662493067e-01	1.719081486069679587e-01	2.355203030811967302e-01	1.421050738499032851e-01	6.906693869836266764e-02	2.765898999056539895e-02	7.026155660672316061e-02
1.007223758483029997e+03	2.832195769649177852e-01	1.717465639927653609e-01	2.356975873485099571e-01	1.422112665712071955e-01	6.911122394693397508e-02	2.768517550164433308e-02	7.032860567398994955e-02
1.008675089547126618e+03	2.829606136454473342e-01	1.715852590290180557e-01	2.358745509057306733e-01	1.423172701148035790e-01	6.915543363681039835e-02	2.771133038700174939e-02	7.039554228115675605e-02
1.010126420611223239e+03	2.827020984290746219e-01	1.714242332303598237e-01	2.360511943191374584e-01	1.424230848614208012e-01	6.919956790241849065e-02	2.773745465868258583e-02	7.046236659887475384e-02
1.011577751675319632e+03	2.824440305383955074e-01	1.712634861122726004e-01	2.362275181540032798e-01	1.425287111908000448e-01	6.924362687793814142e-02	2.776354832883382376e-02	7.052907879772511712e-02
1.013029082739416367e+03	2.821864091973626532e-01	1.711030171910851438e-01	2.364035229745974076e-01	1.426341494816990574e-01	6.928761069730300648e-02	2.778961140970393276e-02	7.059567904821734130e-02
1.014480413803512761e+03	2.819292336312828606e-01	1.709428259839714803e-01	2.365792093441873578e-01	1.427394001118961753e-01	6.933151949420096605e-02	2.781564391364233294e-02	7.066216752078742502e-02
1.015931744867609382e+03	2.816725030668151275e-01	1.707829120089493224e-01	2.367545778250406963e-01	1.428444634581939598e-01	6.937535340207458268e-02	2.784164585309884324e-02	7.072854438579614933e-02
1.017383075931706003e+03	2.814162167319678165e-01	1.706232747848785425e-01	2.369296289784271481e-01	1.429493398964231388e-01	6.941911255412155923e-02	2.786761724062313678e-02	7.079480981352734292e-02
1.018834406995802851e+03	2.811603738560965460e-01	1.704639138314598401e-01	2.371043633646203463e-01	1.430540298014464640e-01	6.946279708329514135e-02	2.789355808886421345e-02	7.086096397418617521e-02
1.020285738059899245e+03	2.809049736699015809e-01	1.703048286692330771e-01	2.372787815428997749e-01	1.431585335471623477e-01	6.950640712230467255e-02	2.791946841056983791e-02	7.092700703789746319e-02
1.021737069123995752e+03	2.806500154054256124e-01	1.701460188195758338e-01	2.374528840715526279e-01	1.432628515065087482e-01	6.954994280361589953e-02	2.794534821858602261e-02	7.099293917470402004e-02
1.023188400188092373e+03	2.803954982960513154e-01	1.699874838047019110e-01	2.376266715078757807e-01	1.433669840514667504e-01	6.959340425945151343e-02	2.797119752585648308e-02	7.105876055456496199e-02
1.024639731252188767e+03	2.801414215764989613e-01	1.698292231476599135e-01	2.378001444081776217e-01	1.434709315530644513e-01	6.963679162179159388e-02	2.799701634542211756e-02	7.112447134735411236e-02
1.026091062316285615e+03	2.798877844828239203e-01	1.696712363723316130e-01	2.379733033277799947e-01	1.435746943813805687e-01	6.968010502237401149e-02	2.802280469042045530e-02	7.119007172285829466e-02
1.027542393380382237e+03	2.796345862524144410e-01	1.695135230034305052e-01	2.381461488210199484e-01	1.436782729055480490e-01	6.972334459269489970e-02	2.804856257408514658e-02	7.125556185077584759e-02
1.028993724444478858e+03	2.793818261239893741e-01	1.693560825665004210e-01	2.383186814412516785e-01	1.437816674937578976e-01	6.976651046400908496e-02	2.807429000974542496e-02	7.132094190071495976e-02
1.030445055508575479e+03	2.791295033375955637e-01	1.691989145879139733e-01	2.384909017408484710e-01	1.438848785132625929e-01	6.980960276733054470e-02	2.809998701082559031e-02	7.138621204219210148e-02
1.031896386572671872e+03	2.788776171346057375e-01	1.690420185948710574e-01	2.386628102712043953e-01	1.439879063303798334e-01	6.985262163343285147e-02	2.812565359084448144e-02	7.145137244463049819e-02
1.033347717636768493e+03	2.786261667577158985e-01	1.688853941153974358e-01	2.388344075827363577e-01	1.440907513104961180e-01	6.989556719284960307e-02	2.815128976341495226e-02	7.151642327735857618e-02
1.034799048700865114e+03	2.783751514509430480e-01	1.687290406783431562e-01	2.390056942248858229e-01	1.441934138180702429e-01	6.993843957587486670e-02	2.817689554224335133e-02	7.158136470960843600e-02
1.036250379764961508e+03	2.781245704596231327e-01	1.685729578133812190e-01	2.391766707461206731e-01	1.442958942166369385e-01	6.998123891256362306e-02	2.820247094112902225e-02	7.164619691051435368e-02
1.037701710829058356e+03	2.778744230304082685e-01	1.684171450510060786e-01	2.393473376939370956e-01	1.443981928688103100e-01	7.002396533273221035e-02	2.822801597396376941e-02	7.171092004911129580e-02
1.039153041893154750e+03	2.776247084112646868e-01	1.682616019225320614e-01	2.395176956148613590e-01	1.445003101362873910e-01	7.006661896595875461e-02	2.825353065473135486e-02	7.177553429433344845e-02
1.040604372957251599e+03	2.773754258514701809e-01	1.681063279600920612e-01	2.396877450544518118e-01	1.446022463798516677e-01	7.010919994158358592e-02	2.827901499750698142e-02	7.184003981501273228e-02
1.042055704021347992e+03	2.771265746016121079e-01	1.679513226966359851e-01	2.398574865573004922e-01	1.447040019593764937e-01	7.015170838870973813e-02	2.830446901645678956e-02	7.190443677987738702e-02
1.043507035085444613e+03	2.768781539135848346e-01	1.677965856659293098e-01	2.400269206670350708e-01	1.448055772338285585e-01	7.019414443620332344e-02	2.832989272583734050e-02	7.196872535755052813e-02
1.044958366149541234e+03	2.766301630405875178e-01	1.676421164025516664e-01	2.401960479263206827e-01	1.449069725612713300e-01	7.023650821269401823e-02	2.835528613999512351e-02	7.203290571654874519e-02
1.046409697213637855e+03	2.763826012371214946e-01	1.674879144418953414e-01	2.403648688768617037e-01	1.450081882988684123e-01	7.027879984657545154e-02	2.838064927336603899e-02	7.209697802528068633e-02
1.047861028277734476e+03	2.761354677589883955e-01	1.673339793201638614e-01	2.405333840594035821e-01	1.451092248028869880e-01	7.032101946600567699e-02	2.840598214047490924e-02	7.216094245204573987e-02
1.049312359341831097e+03	2.758887618632875904e-01	1.671803105743705775e-01	2.407015940137346988e-01	1.452100824287012037e-01	7.036316719890760296e-02	2.843128475593498239e-02	7.222479916503257713e-02
1.050763690405927491e+03	2.756424828084140244e-01	1.670269077423370829e-01	2.408694992786880318e-01	1.453107615307954736e-01	7.040524317296938117e-02	2.845655713444740845e-02	7.228854833231783406e-02
1.052215021470024112e+03	2.753966298540557744e-01	1.668737703626919644e-01	2.410371003921430999e-01	1.454112624627678374e-01	7.044724751564492016e-02	2.848179929080077444e-02	7.235219012186483445e-02
1.053666352534120733e+03	2.751512022611919406e-01	1.667208979748693032e-01	2.412043978910276831e-01	1.455115855773333466e-01	7.048918035415423222e-02	2.850701123987058744e-02	7.241572470152214669e-02
1.055117683598217127e+03	2.749061992920901476e-01	1.665682901191071486e-01	2.413713923113196269e-01	1.456117312263272567e-01	7.053104181548394691e-02	2.853219299661880273e-02	7.247915223902240411e-02
1.056569014662313975e+03	2.746616202103043247e-01	1.664159463364461300e-01	2.415380841880486740e-01	1.457116997607083297e-01	7.057283202638765796e-02	2.855734457609331381e-02	7.254247290198093112e-02
1.058020345726410369e+03	2.744174642806725961e-01	1.662638661687281250e-01	2.417044740552981852e-01	1.458114915305621373e-01	7.061455111338642288e-02	2.858246599342747357e-02	7.260568685789448029e-02
1.059471676790506763e+03	2.741737307693147829e-01	1.661120491585947045e-01	2.418705624462068882e-01	1.459111068851043358e-01	7.065619920276915156e-02	2.860755726383960862e-02	7.266879427413998338e-02
1.060923007854603611e+03	2.739304189436302384e-01	1.659604948494858012e-01	2.420363498929707924e-01	1.460105461726837472e-01	7.069777642059306422e-02	2.863261840263253699e-02	7.273179531797328845e-02
1.062374338918700232e+03	2.736875280722956272e-01	1.658092027856382378e-01	2.422018369268448823e-01	1.461098097407857177e-01	7.073928289268409386e-02	2.865764942519308245e-02	7.279469015652789698e-02
1.063825669982796853e+03	2.734450574252624833e-01	1.656581725120843118e-01	2.423670240781448104e-01	1.462088979360352814e-01	7.078071874463733038e-02	2.868265034699158875e-02	7.285747895681381203e-02
1.065277001046893474e+03	2.732030062737551557e-01	1.655074035746504080e-01	2.425319118762487292e-01	1.463078111042002138e-01	7.082208410181740910e-02	2.870762118358144432e-02	7.292016188571626145e-02
1.066728332110990095e+03	2.729613738902684772e-01	1.653568955199556101e-01	2.426965008495990672e-01	1.464065495901943625e-01	7.086337908935901042e-02	2.873256195059860699e-02	7.298273910999451830e-02
1.068179663175086489e+03	2.727201595485654884e-01	1.652066478954101747e-01	2.428607915257042504e-01	1.465051137380807000e-01	7.090460383216722062e-02	2.875747266376112860e-02	7.304521079628070734e-02
1.069630994239183110e+03	2.724793625236751615e-01	1.650566602492142543e-01	2.430247844311404504e-01	1.466035038910744326e-01	7.094575845491797594e-02	2.878235333886867628e-02	7.310757711107868095e-02
1.071082325303279504e+03	2.722389820918902914e-01	1.649069321303564817e-01	2.431884800915533884e-01	1.467017203915461088e-01	7.098684308205850668e-02	2.880720399180206406e-02	7.316983822076281174e-02
1.072533656367376352e+03	2.719990175307651636e-01	1.647574630886124158e-01	2.433518790316599456e-01	1.467997635810247559e-01	7.102785783780772577e-02	2.883202463852278102e-02	7.323199429157689622e-02
1.073984987431472746e+03	2.717594681191132233e-01	1.646082526745433483e-01	2.435149817752500778e-01	1.468976338002008775e-01	7.106880284615667287e-02	2.885681529507253332e-02	7.329404548963296129e-02
1.075436318495569594e+03	2.715203331370051321e-01	1.644593004394947766e-01	2.436777888451883423e-01	1.469953313889295898e-01	7.110967823086893069e-02	2.888157597757276193e-02	7.335599198091020956e-02
1.076887649559666215e+03	2.712816118657661590e-01	1.643106059355950721e-01	2.438403007634158404e-01	1.470928566862335640e-01	7.115048411548102747e-02	2.890630670222418125e-02	7.341783393125389523e-02
1.078338980623762609e+03	2.710433035879744046e-01	1.641621687157540366e-01	2.440025180509517444e-01	1.471902100303061345e-01	7.119122062330292267e-02	2.893100748530633148e-02	7.347957150637418611e-02
1.079790311687859230e+03	2.708054075874581912e-01	1.640139883336615978e-01	2.441644412278952125e-01	1.472873917585142411e-01	7.123188787741834005e-02	2.895567834317709643e-02	7.354120487184516441e-02
1.081241642751955851e+03	2.705679231492940096e-01	1.638660643437862829e-01	2.443260708134269155e-01	1.473844022074014826e-01	7.127248600068525342e-02	2.898031929227225592e-02	7.360273419310370269e-02
1.082692973816052472e+03	2.703308495598043537e-01	1.637183963013739696e-01	2.444874073258108682e-01	1.474812417126910025e-01	7.131301511573624741e-02	2.900493034910502782e-02	7.366415963544840906e-02
1.084144304880149093e+03	2.700941861065555560e-01	1.635709837624464702e-01	2.446484512823961510e-01	1.475779106092885151e-01	7.135347534497900324e-02	2.902951153026561010e-02	7.372548136403865582e-02
1.085595635944245487e+03	2.698579320783552893e-01	1.634238262838001721e-01	2.448092031996184914e-01	1.476744092312852474e-01	7.139386681059663176e-02	2.905406285242072631e-02	7.378669954389341368e-02
1.087046967008342108e+03	2.696220867652507902e-01	1.632769234230045108e-01	2.449696635930021793e-01	1.477707379119608255e-01	7.143418963454820081e-02	2.907858433231317805e-02	7.384781433989039134e-02
1.088498298072438729e+03	2.693866494585263616e-01	1.631302747384008323e-01	2.451298329771615103e-01	1.478668969837861336e-01	7.147444393856901279e-02	2.910307598676138696e-02	7.390882591676489755e-02
1.089949629136535123e+03	2.691516194507012627e-01	1.629838797891008662e-01	2.452897118658026454e-01	1.479628867784263668e-01	7.151462984417114588e-02	2.912753783265894722e-02	7.396973443910893897e-02
1.091400960200631971e+03	2.689169960355276001e-01	1.628377381349854214e-01	2.454493007717252206e-01	1.480587076267437241e-01	7.155474747264380098e-02	2.915196988697418487e-02	7.403054007137016557e-02
1.092852291264728365e+03	2.686827785079881625e-01	1.626918493367029706e-01	2.456086002068241514e-01	1.481543598588004607e-01	7.159479694505371805e-02	2.917637216674970335e-02	7.409124297785095459e-02
1.094303622328825213e+03	2.684489661642940339e-01	1.625462129556683732e-01	2.457676106820911865e-01	1.482498438038615529e-01	7.163477838224562022e-02	2.920074468910194981e-02	7.415184332270743917e-02
1.095754953392921607e+03	2.682155583018826506e-01	1.624008285540614049e-01	2.459263327076166017e-01	1.483451597903976127e-01	7.167469190484260233e-02	2.922508747122076408e-02	7.421234126994853686e-02
1.097206284457018228e+03	2.679825542194156918e-01	1.622556956948254525e-01	2.460847667925908921e-01	1.484403081460877183e-01	7.171453763324653341e-02	2.924940053036894846e-02	7.427273698343500596e-02
1.098657615521114849e+03	2.677499532167764706e-01	1.621108139416662097e-01	2.462429134453064661e-01	1.485352891978222178e-01	7.175431568763848689e-02	2.927368388388181322e-02	7.433303062687859897e-02
1.100108946585211470e+03	2.675177545950683244e-01	1.619661828590502339e-01	2.464007731731593653e-01	1.486301032717054493e-01	7.179402618797915692e-02	2.929793754916676027e-02	7.439322236384102172e-02
1.101560277649308091e+03	2.672859576566121165e-01	1.618218020122036971e-01	2.465583464826507643e-01	1.487247506930585994e-01	7.183366925400921921e-02	2.932216154370282865e-02	7.445331235773314238e-02
1.103011608713404712e+03	2.670545617049441822e-01	1.616776709671109147e-01	2.467156338793888015e-01	1.488192317864223957e-01	7.187324500524980286e-02	2.934635588504027129e-02	7.451330077181406164e-02
1.104462939777501106e+03	2.668235660448142199e-01	1.615337892905131523e-01	2.468726358680900790e-01	1.489135468755599101e-01	7.191275356100285121e-02	2.937052059080012476e-02	7.457318776919019676e-02
1.105914270841597499e+03	2.665929699821830701e-01	1.613901565499071267e-01	2.470293529525814102e-01	1.490076962834591678e-01	7.195219504035159364e-02	2.939465567867376866e-02	7.463297351281444891e-02
1.107365601905694348e+03	2.663627728242206061e-01	1.612467723135437569e-01	2.471857856358014860e-01	1.491016803323360618e-01	7.199156956216085090e-02	2.941876116642250932e-02	7.469265816548532888e-02
1.108816932969790741e+03	2.661329738793037358e-01	1.611036361504268599e-01	2.473419344198024006e-01	1.491954993436368504e-01	7.203087724507753475e-02	2.944283707187714955e-02	7.475224188984612439e-02
1.110268264033887590e+03	2.659035724570140147e-01	1.609607476303117346e-01	2.474977998057514561e-01	1.492891536380409057e-01	7.207011820753099485e-02	2.946688341293756189e-02	7.481172484838403969e-02
1.111719595097984211e+03	2.656745678681356471e-01	1.608181063237038022e-01	2.476533822939326890e-01	1.493826435354634885e-01	7.210929256773344898e-02	2.949090020757225844e-02	7.487110720342937675e-02
1.113170926162080832e+03	2.654459594246534326e-01	1.606757118018574404e-01	2.478086823837484798e-01	1.494759693550582469e-01	7.214840044368038552e-02	2.951488747381798144e-02	7.493038911715474426e-02
1.114622257226177226e+03	2.652177464397505458e-01	1.605335636367745122e-01	2.479637005737212463e-01	1.495691314152199636e-01	7.218744195315097978e-02	2.953884522977928001e-02	7.498957075157418328e-02
1.116073588290273847e+03	2.649899282278064816e-01	1.603916614012030895e-01	2.481184373614950811e-01	1.496621300335871652e-01	7.222641721370844092e-02	2.956277349362808338e-02	7.504865226854241789e-02
1.117524919354370468e+03	2.647625041043949468e-01	1.602500046686360924e-01	2.482728932438373060e-01	1.497549655270447033e-01	7.226532634270046995e-02	2.958667228360328458e-02	7.510763382975409186e-02
1.118976250418467089e+03	2.645354733862814722e-01	1.601085930133100410e-01	2.484270687166401648e-01	1.498476382117263361e-01	7.230416945725966216e-02	2.961054161801033799e-02	7.516651559674289440e-02
1.120427581482563710e+03	2.643088353914218591e-01	1.599674260102037227e-01	2.485809642749223225e-01	1.499401484030174758e-01	7.234294667430385406e-02	2.963438151522083952e-02	7.522529773088089400e-02
1.121878912546660331e+03	2.640825894389596251e-01	1.598265032350367765e-01	2.487345804128306137e-01	1.500324964155575480e-01	7.238165811053659526e-02	2.965819199367210335e-02	7.528398039337773351e-02
1.123330243610756725e+03	2.638567348492241171e-01	1.596858242642685277e-01	2.488879176236415414e-01	1.501246825632427118e-01	7.242030388244746764e-02	2.968197307186676639e-02	7.534256374527993627e-02
1.124781574674853118e+03	2.636312709437282908e-01	1.595453886750965999e-01	2.490409763997629422e-01	1.502167071592283021e-01	7.245888410631255716e-02	2.970572476837236853e-02	7.540104794747003181e-02
1.126232905738949967e+03	2.634061970451668233e-01	1.594051960454555827e-01	2.491937572327355688e-01	1.503085705159313834e-01	7.249739889819482863e-02	2.972944710182095704e-02	7.545943316066598683e-02
1.127684236803046360e+03	2.631815124774137260e-01	1.592652459540157550e-01	2.493462606132347270e-01	1.504002729450334142e-01	7.253584837394447260e-02	2.975314009090867032e-02	7.551771954542037257e-02
1.129135567867143209e+03	2.629572165655205129e-01	1.591255379801818914e-01	2.494984870310717473e-01	1.504918147574825227e-01	7.257423264919939110e-02	2.977680375439533539e-02	7.557590726211972643e-02
1.130586898931239830e+03	2.627333086357141467e-01	1.589860717040917359e-01	2.496504369751956776e-01	1.505831962634961718e-01	7.261255183938550295e-02	2.980043811110407240e-02	7.563399647098381640e-02
1.132038229995336451e+03	2.625097880153947072e-01	1.588468467066148915e-01	2.498021109336948931e-01	1.506744177725636014e-01	7.265080605971722949e-02	2.982404317992088175e-02	7.569198733206496110e-02
1.133489561059432845e+03	2.622866540331335039e-01	1.587078625693514877e-01	2.499535093937985675e-01	1.507654795934482428e-01	7.268899542519778600e-02	2.984761897979425899e-02	7.574988000524732201e-02
1.134940892123529466e+03	2.620639060186710778e-01	1.585691188746307934e-01	2.501046328418783382e-01	1.508563820341902451e-01	7.272712005061969520e-02	2.987116552973478542e-02	7.580767465024625118e-02
1.136392223187626087e+03	2.618415433029150363e-01	1.584306152055100780e-01	2.502554817634498607e-01	1.509471254021088615e-01	7.276518005056505090e-02	2.989468284881473953e-02	7.586537142660763899e-02
1.137843554251722708e+03	2.616195652179378328e-01	1.582923511457731969e-01	2.504060566431743351e-01	1.510377100038049758e-01	7.280317553940600372e-02	2.991817095616769104e-02	7.592297049370724804e-02
1.139294885315819101e+03	2.613979710969751014e-01	1.581543262799293692e-01	2.505563579648601436e-01	1.511281361451634053e-01	7.284110663130514973e-02	2.994162987098812276e-02	7.598047201075004697e-02
1.140746216379915950e+03	2.611767602744232697e-01	1.580165401932118463e-01	2.507063862114644603e-01	1.512184041313553717e-01	7.287897344021584956e-02	2.996505961253102465e-02	7.603787613676959989e-02
1.142197547444012343e+03	2.609559320858376719e-01	1.578789924715766624e-01	2.508561418650945840e-01	1.513085142668409155e-01	7.291677607988268639e-02	2.998846020011152261e-02	7.609518303062742794e-02
1.143648878508108737e+03	2.607354858679304388e-01	1.577416827017014134e-01	2.510056254070097692e-01	1.513984668553712276e-01	7.295451466384184069e-02	3.001183165310446210e-02	7.615239285101237099e-02
1.145100209572205586e+03	2.605154209585685554e-01	1.576046104709838969e-01	2.511548373176226145e-01	1.514882621999910084e-01	7.299218930542145101e-02	3.003517399094405085e-02	7.620950575644001856e-02
1.146551540636302207e+03	2.602957366967716957e-01	1.574677753675408631e-01	2.513037780765006168e-01	1.515779006030409659e-01	7.302980011774203029e-02	3.005848723312344942e-02	7.626652190525208541e-02
1.148002871700398828e+03	2.600764324227102797e-01	1.573311769802067106e-01	2.514524481623678365e-01	1.516673823661599529e-01	7.306734721371686836e-02	3.008177139919440343e-02	7.632344145561575921e-02
1.149454202764495449e+03	2.598575074777033644e-01	1.571948148985322924e-01	2.516008480531062852e-01	1.517567077902874373e-01	7.310483070605236500e-02	3.010502650876684810e-02	7.638026456552322874e-02
1.150905533828591842e+03	2.596389612042167561e-01	1.570586887127836395e-01	2.517489782257575359e-01	1.518458771756658054e-01	7.314225070724848787e-02	3.012825258150854391e-02	7.643699139279100385e-02
1.152356864892688463e+03	2.594207929458609008e-01	1.569227980139406009e-01	2.518968391565244436e-01	1.519348908218426664e-01	7.317960732959907788e-02	3.015144963714468107e-02	7.649362209505940202e-02
1.153808195956785084e+03	2.592030020473888863e-01	1.567871423936957054e-01	2.520444313207723108e-01	1.520237490276730996e-01	7.321690068519227934e-02	3.017461769545750835e-02	7.655015682979195157e-02
1.155259527020881706e+03	2.589855878546943324e-01	1.566517214444527739e-01	2.521917551930307200e-01	1.521124520913220701e-01	7.325413088591095634e-02	3.019775677628595140e-02	7.660659575427489210e-02
1.156710858084978327e+03	2.587685497148095037e-01	1.565165347593258927e-01	2.523388112469949762e-01	1.522010003102665654e-01	7.329129804343298416e-02	3.022086689952525884e-02	7.666293902561654994e-02
1.158162189149074720e+03	2.585518869759033111e-01	1.563815819321378309e-01	2.524855999555274400e-01	1.522893939812979269e-01	7.332840226923173499e-02	3.024394808512659294e-02	7.671918680074686636e-02
1.159613520213171569e+03	2.583355989872792025e-01	1.562468625574190417e-01	2.526321217906594141e-01	1.523776334005240984e-01	7.336544367457636939e-02	3.026700035309667913e-02	7.677533923641682856e-02
1.161064851277267962e+03	2.581196850993733305e-01	1.561123762304063300e-01	2.527783772235923654e-01	1.524657188633719018e-01	7.340242237053230812e-02	3.029002372349744870e-02	7.683139648919797005e-02
1.162516182341364356e+03	2.579041446637523327e-01	1.559781225470415200e-01	2.529243667246995342e-01	1.525536506645892021e-01	7.343933846796153742e-02	3.031301821644563979e-02	7.688735871548184331e-02
1.163967513405461204e+03	2.576889770331116103e-01	1.558441011039704560e-01	2.530700907635274333e-01	1.526414290982471833e-01	7.347619207752302539e-02	3.033598385211244697e-02	7.694322607147953408e-02
1.165418844469557826e+03	2.574741815612729967e-01	1.557103114985414483e-01	2.532155498087974022e-01	1.527290544577424858e-01	7.351298330967306893e-02	3.035892065072315696e-02	7.699899871322109235e-02
1.166870175533654447e+03	2.572597576031831479e-01	1.555767533288042181e-01	2.533607443284071059e-01	1.528165270357995376e-01	7.354971227466573780e-02	3.038182863255677046e-02	7.705467679655515767e-02
1.168321506597751068e+03	2.570457045149113218e-01	1.554434261935087047e-01	2.535056747894319229e-01	1.529038471244725528e-01	7.358637908255319382e-02	3.040470781794565869e-02	7.711026047714834852e-02
1.169772837661847461e+03	2.568320216536473799e-01	1.553103296921036491e-01	2.536503416581266657e-01	1.529910150151478632e-01	7.362298384318607947e-02	3.042755822727518517e-02	7.716574991048491539e-02
1.171224168725944082e+03	2.566187083777000666e-01	1.551774634247354845e-01	2.537947453999267466e-01	1.530780309985460830e-01	7.365952666621389255e-02	3.045037988098334841e-02	7.722114525186611622e-02
1.172675499790040703e+03	2.564057640464947330e-01	1.550448269922471423e-01	2.539388864794501210e-01	1.531648953647241074e-01	7.369600766108540257e-02	3.047317279956042804e-02	7.727644665640991117e-02
1.174126830854137097e+03	2.561931880205716161e-01	1.549124199961766368e-01	2.540827653604982306e-01	1.532516084030774717e-01	7.373242693704898376e-02	3.049593700354862047e-02	7.733165427905039357e-02
1.175578161918233945e+03	2.559809796615836186e-01	1.547802420387560385e-01	2.542263825060578908e-01	1.533381704023422942e-01	7.376878460315298980e-02	3.051867251354169544e-02	7.738676827453738749e-02
1.177029492982330339e+03	2.557691383322947543e-01	1.546482927229101967e-01	2.543697383783027344e-01	1.534245816505974969e-01	7.380508076824614239e-02	3.054137935018462827e-02	7.744178879743601751e-02
1.178480824046426733e+03	2.555576633965777056e-01	1.545165716522554633e-01	2.545128334385944879e-01	1.535108424352669421e-01	7.384131554097791983e-02	3.056405753417324594e-02	7.749671600212623690e-02
1.179932155110523581e+03	2.553465542194122140e-01	1.543850784310984714e-01	2.546556681474846373e-01	1.535969530431214314e-01	7.387748902979889010e-02	3.058670708625389062e-02	7.755155004280243902e-02
1.181383486174620202e+03	2.551358101668831369e-01	1.542538126644349972e-01	2.547982429647157598e-01	1.536829137602809536e-01	7.391360134296111328e-02	3.060932802722305182e-02	7.760629107347301325e-02
1.182834817238716823e+03	2.549254306061781716e-01	1.541227739579486000e-01	2.549405583492232452e-01	1.537687248722166278e-01	7.394965258851850243e-02	3.063192037792701952e-02	7.766093924795994252e-02
1.184286148302813444e+03	2.547154149055862460e-01	1.539919619180096233e-01	2.550826147591364057e-01	1.538543866637527568e-01	7.398564287432722597e-02	3.065448415926156148e-02	7.771549471989837310e-02
1.185737479366910065e+03	2.545057624344954639e-01	1.538613761516738343e-01	2.552244126517801415e-01	1.539398994190690761e-01	7.402157230804601307e-02	3.067701939217153118e-02	7.776995764273623990e-02
1.187188810431006686e+03	2.542964725633912182e-01	1.537310162666811475e-01	2.553659524836763284e-01	1.540252634217026129e-01	7.405744099713655604e-02	3.069952609765056600e-02	7.782432816973386402e-02
1.188640141495103080e+03	2.540875446638542479e-01	1.536008818714546531e-01	2.555072347105454833e-01	1.541104789545497677e-01	7.409324904886391283e-02	3.072200429674071948e-02	7.787860645396357806e-02
1.190091472559199701e+03	2.538789781085585839e-01	1.534709725750991460e-01	2.556482597873079299e-01	1.541955462998684523e-01	7.412899657029684009e-02	3.074445401053213511e-02	7.793279264830932362e-02
1.191542803623296322e+03	2.536707722712697732e-01	1.533412879874001267e-01	2.557890281680853528e-01	1.542804657392800316e-01	7.416468366830814007e-02	3.076687526016268562e-02	7.798688690546630442e-02
1.192994134687392716e+03	2.534629265268429910e-01	1.532118277188225519e-01	2.559295403062023522e-01	1.543652375537712673e-01	7.420031044957506317e-02	3.078926806681765022e-02	7.804088937794058378e-02
1.194445465751489564e+03	2.532554402512208758e-01	1.530825913805094751e-01	2.560697966541877757e-01	1.544498620236964548e-01	7.423587702057968252e-02	3.081163245172937118e-02	7.809480021804875161e-02
1.195896796815585958e+03	2.530483128214320310e-01	1.529535785842811579e-01	2.562097976637761620e-01	1.545343394287793659e-01	7.427138348760921327e-02	3.083396843617691382e-02	7.814861957791754965e-02
1.197348127879682352e+03	2.528415436155886931e-01	1.528247889426335993e-01	2.563495437859092951e-01	1.546186700481151644e-01	7.430682995675644276e-02	3.085627604148573691e-02	7.820234760948356623e-02
1.198799458943779200e+03	2.526351320128850664e-01	1.526962220687374527e-01	2.564890354707373143e-01	1.547028541601724871e-01	7.434221653392003581e-02	3.087855528902735958e-02	7.825598446449280599e-02
1.200250790007875821e+03	2.524290773935953802e-01	1.525678775764368611e-01	2.566282731676206019e-01	1.547868920427953598e-01	7.437754332480490949e-02	3.090080620021901786e-02	7.830953029450045400e-02
1.201702121071972442e+03	2.522233791390718904e-01	1.524397550802482348e-01	2.567672573251308377e-01	1.548707839732051117e-01	7.441281043492263547e-02	3.092302879652334899e-02	7.836298525087047329e-02
1.203153452136069063e+03	2.520180366317432141e-01	1.523118541953590865e-01	2.569059883910527753e-01	1.549545302280023740e-01	7.444801796959175932e-02	3.094522309944805136e-02	7.841634948477529954e-02
1.204604783200165684e+03	2.518130492551122201e-01	1.521841745376268096e-01	2.570444668123852971e-01	1.550381310831690507e-01	7.448316603393814739e-02	3.096738913054555148e-02	7.846962314719557741e-02
1.206056114264262078e+03	2.516084163937541418e-01	1.520567157235775124e-01	2.571826930353430241e-01	1.551215868140700949e-01	7.451825473289543089e-02	3.098952691141269172e-02	7.852280638891977194e-02
1.207507445328358699e+03	2.514041374333148560e-01	1.519294773704048807e-01	2.573206675053578141e-01	1.552048976954556181e-01	7.455328417120528350e-02	3.101163646369039378e-02	7.857589936054386326e-02
1.208958776392455093e+03	2.512002117605088847e-01	1.518024590959689835e-01	2.574583906670799283e-01	1.552880640014626945e-01	7.458825445341780991e-02	3.103371780906333255e-02	7.862890221247111067e-02
1.210410107456551941e+03	2.509966387631175078e-01	1.516756605187951079e-01	2.575958629643796960e-01	1.553710860056172482e-01	7.462316568389192051e-02	3.105577096925962385e-02	7.868181509491170567e-02
1.211861438520648335e+03	2.507934178299869865e-01	1.515490812580724544e-01	2.577330848403488472e-01	1.554539639808359408e-01	7.465801796679566449e-02	3.107779596605048794e-02	7.873463815788248055e-02
1.213312769584745183e+03	2.505905483510265652e-01	1.514227209336532487e-01	2.578700567373017338e-01	1.555366981994281417e-01	7.469281140610660452e-02	3.109979282124993721e-02	7.878737155120668634e-02
1.214764100648841804e+03	2.503880297172066394e-01	1.512965791660512427e-01	2.580067790967769947e-01	1.556192889330977880e-01	7.472754610561214983e-02	3.112176155671445704e-02	7.884001542451363198e-02
1.216215431712937971e+03	2.501858613205570347e-01	1.511706555764407989e-01	2.581432523595389439e-01	1.557017364529450776e-01	7.476222216890994476e-02	3.114370219434269005e-02	7.889256992723846229e-02
1.217666762777034819e+03	2.499840425541649258e-01	1.510449497866556412e-01	2.582794769655786804e-01	1.557840410294685507e-01	7.479683969940822963e-02	3.116561475607511345e-02	7.894503520862188040e-02
1.219118093841131440e+03	2.497825728121731148e-01	1.509194614191876616e-01	2.584154533541156984e-01	1.558662029325667830e-01	7.483139880032613211e-02	3.118749926389371638e-02	7.899741141770988406e-02
1.220569424905228061e+03	2.495814514897781999e-01	1.507941900971858373e-01	2.585511819635993858e-01	1.559482224315402732e-01	7.486589957469412526e-02	3.120935573982170849e-02	7.904969870335350202e-02
1.222020755969324682e+03	2.493806779832285769e-01	1.506691354444549824e-01	2.586866632317101344e-01	1.560300997950933299e-01	7.490034212535429115e-02	3.123118420592317993e-02	7.910189721420853026e-02
1.223472087033421303e+03	2.491802516898227460e-01	1.505442970854546370e-01	2.588218975953610057e-01	1.561118352913358209e-01	7.493472655496068169e-02	3.125298468430281335e-02	7.915400709873535168e-02
1.224923418097517697e+03	2.489801720079073966e-01	1.504196746452979849e-01	2.589568854906988404e-01	1.561934291877849212e-01	7.496905296597972113e-02	3.127475719710556823e-02	7.920602850519864457e-02
1.226374749161614318e+03	2.487804383368755201e-01	1.502952677497506051e-01	2.590916273531058134e-01	1.562748817513671118e-01	7.500332146069055295e-02	3.129650176651634086e-02	7.925796158166710514e-02
1.227826080225710712e+03	2.485810500771646891e-01	1.501710760252293053e-01	2.592261236172008765e-01	1.563561932484197892e-01	7.503753214118534520e-02	3.131821841475970758e-02	7.930980647601332256e-02
1.229277411289807560e+03	2.483820066302551144e-01	1.500470990988010400e-01	2.593603747168409801e-01	1.564373639446931807e-01	7.507168510936966521e-02	3.133990716409959520e-02	7.936156333591347367e-02
1.230728742353903954e+03	2.481833073986679239e-01	1.499233365981818278e-01	2.594943810851223498e-01	1.565183941053520100e-01	7.510578046696285426e-02	3.136156803683894795e-02	7.941323230884714257e-02
1.232180073418000802e+03	2.479849517859632202e-01	1.497997881517354746e-01	2.596281431543822071e-01	1.565992839949773840e-01	7.513981831549833290e-02	3.138320105531947068e-02	7.946481354209708470e-02
1.233631404482097196e+03	2.477869391967383317e-01	1.496764533884724635e-01	2.597616613561996579e-01	1.566800338775684309e-01	7.517379875632397568e-02	3.140480624192129588e-02	7.951630718274899090e-02
1.235082735546193817e+03	2.475892690366259807e-01	1.495533319380488724e-01	2.598949361213975795e-01	1.567606440165441595e-01	7.520772189060247193e-02	3.142638361906269218e-02	7.956771337769137642e-02
1.236534066610290438e+03	2.473919407122924519e-01	1.494304234307652079e-01	2.600279678800436756e-01	1.568411146747451523e-01	7.524158781931164497e-02	3.144793320919974516e-02	7.961903227361528945e-02
1.237985397674387059e+03	2.471949536314357321e-01	1.493077274975652957e-01	2.601607570614517528e-01	1.569214461144353145e-01	7.527539664324481294e-02	3.146945503482610762e-02	7.967026401701414462e-02
1.239436728738483680e+03	2.469983072027837900e-01	1.491852437700351419e-01	2.602933040941832754e-01	1.570016385973036777e-01	7.530914846301110799e-02	3.149094911847265255e-02	7.972140875418354256e-02
1.240888059802580301e+03	2.468020008360927164e-01	1.490629718804017123e-01	2.604256094060486415e-01	1.570816923844659263e-01	7.534284337903592033e-02	3.151241548270717480e-02	7.977246663122107562e-02
1.242339390866676695e+03	2.466060339421449199e-01	1.489409114615319329e-01	2.605576734241086267e-01	1.571616077364663411e-01	7.537648149156109256e-02	3.153385415013414128e-02	7.982343779402614747e-02
1.243790721930773088e+03	2.464104059327473784e-01	1.488190621469315245e-01	2.606894965746754389e-01	1.572413849132793806e-01	7.541006290064537765e-02	3.155526514339435790e-02	7.987432238829980657e-02
1.245242052994869937e+03	2.462151162207297239e-01	1.486974235707438363e-01	2.608210792833143832e-01	1.573210241743113191e-01	7.544358770616473031e-02	3.157664848516467809e-02	7.992512055954455186e-02
1.246693384058966330e+03	2.460201642199425776e-01	1.485759953677487921e-01	2.609524219748451390e-01	1.574005257784021339e-01	7.547705600781269564e-02	3.159800419815773226e-02	7.997583245306420785e-02
1.248144715123063179e+03	2.458255493452557172e-01	1.484547771733616406e-01	2.610835250733428703e-01	1.574798899838270316e-01	7.551046790510071438e-02	3.161933230512162241e-02	8.002645821396371650e-02
1.249596046187159800e+03	2.456312710125562460e-01	1.483337686236320674e-01	2.612143890021397796e-01	1.575591170482981695e-01	7.554382349735845603e-02	3.164063282883963074e-02	8.007699798714899841e-02
1.251047377251256421e+03	2.454373286387468156e-01	1.482129693552428629e-01	2.613450141838264962e-01	1.576382072289662928e-01	7.557712288373417964e-02	3.166190579212994211e-02	8.012745191732678629e-02
1.252498708315352815e+03	2.452437216417438504e-01	1.480923790055089229e-01	2.614754010402531859e-01	1.577171607824224553e-01	7.561036616319510850e-02	3.168315121784534560e-02	8.017782014900454168e-02
1.253950039379449436e+03	2.450504494404758538e-01	1.479719972123760829e-01	2.616055499925310501e-01	1.577959779646996019e-01	7.564355343452769387e-02	3.170436912887295011e-02	8.022810282649021907e-02
1.255401370443546057e+03	2.448575114548815768e-01	1.478518236144199804e-01	2.617354614610335473e-01	1.578746590312743170e-01	7.567668479633800349e-02	3.172555954813392060e-02	8.027830009389216870e-02
1.256852701507642678e+03	2.446649071059081304e-01	1.477318578508451108e-01	2.618651358653977246e-01	1.579532042370683509e-01	7.570976034705206859e-02	3.174672249858314504e-02	8.032841209511898395e-02
1.258304032571739299e+03	2.444726358155093482e-01	1.476120995614835230e-01	2.619945736245256618e-01	1.580316138364503409e-01	7.574278018491618913e-02	3.176785800320901937e-02	8.037843897387943193e-02
1.259755363635835920e+03	2.442806970066440375e-01	1.474925483867938480e-01	2.621237751565856366e-01	1.581098880832373377e-01	7.577574440799729472e-02	3.178896608503311433e-02	8.042838087368224531e-02
1.261206694699932314e+03	2.440890901032741478e-01	1.473732039678601058e-01	2.622527408790135683e-01	1.581880272306965263e-01	7.580865311418329144e-02	3.181004676710990492e-02	8.047823793783602520e-02
1.262658025764028707e+03	2.438978145303630218e-01	1.472540659463907053e-01	2.623814712085141831e-01	1.582660315315467248e-01	7.584150640118333953e-02	3.183110007252651363e-02	8.052801030944914396e-02
1.264109356828125556e+03	2.437068697138736195e-01	1.471351339647172796e-01	2.625099665610622912e-01	1.583439012379601607e-01	7.587430436652825572e-02	3.185212602440240515e-02	8.057769813142960647e-02
1.265560687892221949e+03	2.435162550807669080e-01	1.470164076657936025e-01	2.626382273519043964e-01	1.584216366015638311e-01	7.590704710757086027e-02	3.187312464588912264e-02	8.062730154648495295e-02
1.267012018956318798e+03	2.433259700589998908e-01	1.468978866931944793e-01	2.627662539955596954e-01	1.584992378734412788e-01	7.593973472148622672e-02	3.189409596017002413e-02	8.067682069712213411e-02
1.268463350020415419e+03	2.431360140775239709e-01	1.467795706911146636e-01	2.628940469058215212e-01	1.585767053041340635e-01	7.597236730527205661e-02	3.191503999045997714e-02	8.072625572564745555e-02
1.269914681084511813e+03	2.429463865662832567e-01	1.466614593043678028e-01	2.630216064957586197e-01	1.586540391436434549e-01	7.600494495574905418e-02	3.193595676000512973e-02	8.077560677416641133e-02
1.271366012148608434e+03	2.427570869562127864e-01	1.465435521783853834e-01	2.631489331777162599e-01	1.587312396414318205e-01	7.603746776956124553e-02	3.195684629208258437e-02	8.082487398458362837e-02
1.272817343212705055e+03	2.425681146792367238e-01	1.464258489592155099e-01	2.632760273633179549e-01	1.588083070464243740e-01	7.606993584317621460e-02	3.197770861000018283e-02	8.087405749860276938e-02
1.274268674276801676e+03	2.423794691682667202e-01	1.463083492935219054e-01	2.634028894634663498e-01	1.588852416070106188e-01	7.610234927288557494e-02	3.199854373709618005e-02	8.092315745772646340e-02
1.275720005340898297e+03	2.421911498572001109e-01	1.461910528285828570e-01	2.635295198883445544e-01	1.589620435710458746e-01	7.613470815480523346e-02	3.201935169673903597e-02	8.097217400325619485e-02
1.277171336404994690e+03	2.420031561809181941e-01	1.460739592122900776e-01	2.636559190474176972e-01	1.590387131858528869e-01	7.616701258487568182e-02	3.204013251232708942e-02	8.102110727629224796e-02
1.278622667469091539e+03	2.418154875752845379e-01	1.459570680931476794e-01	2.637820873494339802e-01	1.591152506982233539e-01	7.619926265886239891e-02	3.206088620728834299e-02	8.106995741773356801e-02
1.280073998533187932e+03	2.416281434771433145e-01	1.458403791202710909e-01	2.639080252024259554e-01	1.591916563544194252e-01	7.623145847235612838e-02	3.208161280508015079e-02	8.111872456827780298e-02
1.281525329597284326e+03	2.414411233243174693e-01	1.457238919433859192e-01	2.640337330137119687e-01	1.592679304001752005e-01	7.626360012077326722e-02	3.210231232918898947e-02	8.116740886842112312e-02
1.282976660661381175e+03	2.412544265556069989e-01	1.456076062128269510e-01	2.641592111898971584e-01	1.593440730806982841e-01	7.629568769935610173e-02	3.212298480313018761e-02	8.121601045845823486e-02
1.284427991725477568e+03	2.410680526107873978e-01	1.454915215795370975e-01	2.642844601368750101e-01	1.594200846406712557e-01	7.632772130317322379e-02	3.214363025044764816e-02	8.126452947848226971e-02
1.285879322789574417e+03	2.408820009306077703e-01	1.453756376950662010e-01	2.644094802598285221e-01	1.594959653242532249e-01	7.635970102711979457e-02	3.216424869471361248e-02	8.131296606838474272e-02
1.287330653853671038e+03	2.406962709567891934e-01	1.452599542115701470e-01	2.645342719632314821e-01	1.595717153750812745e-01	7.639162696591793311e-02	3.218484015952837590e-02	8.136132036785552468e-02
1.288781984917767431e+03	2.405108621320230788e-01	1.451444707818096147e-01	2.646588356508495776e-01	1.596473350362719590e-01	7.642349921411695224e-02	3.220540466852003791e-02	8.140959251638273109e-02
1.290233315981864052e+03	2.403257738999693416e-01	1.450291870591492172e-01	2.647831717257418394e-01	1.597228245504227484e-01	7.645531786609378877e-02	3.222594224534425233e-02	8.145778265325273604e-02
