1.001418434226643626e+03	2.790665288961459156e-01	1.809610234826332376e-01	2.349732710994168472e-01	1.411982700713287631e-01	6.770029705467339731e-02	2.687648193678132680e-02	6.922412745873300632e-02
1.002869765290740247e+03	2.788079204301806557e-01	1.807952773361541920e-01	2.351517087435931186e-01	1.413037755529607808e-01	6.774058236992437643e-02	2.690530763625504154e-02	6.929542793064445705e-02
1.004321096354836754e+03	2.785497635709671682e-01	1.806298084024109962e-01	2.353298034863313959e-01	1.414090749800105129e-01	6.778081183556053380e-02	2.693410362157807811e-02	6.936663410285384690e-02
1.005772427418933376e+03	2.782920575190248602e-01	1.804646162036318280e-01	2.355075561347163560e-01	1.415141690328463597e-01	6.782098549312867708e-02	2.696286979570480455e-02	6.943774582065963263e-02
1.007223758483029997e+03	2.780348014764575937e-01	1.802997002629367629e-01	2.356849674923260363e-01	1.416190583874792908e-01	6.786110338454540147e-02	2.699160606304847401e-02	6.950876293291895214e-02
1.008675089547126618e+03	2.777779946469493555e-01	1.801350601043354982e-01	2.358620383592596181e-01	1.417237437156008695e-01	6.790116555209238514e-02	2.702031232946699307e-02	6.957968529200782293e-02
1.010126420611223239e+03	2.775216362357592059e-01	1.799706952527251325e-01	2.360387695321648494e-01	1.418282256846211398e-01	6.794117203841171237e-02	2.704898850224882884e-02	6.965051275378175699e-02
1.011577751675319632e+03	2.772657254497166157e-01	1.798066052338878340e-01	2.362151618042654388e-01	1.419325049577057352e-01	6.798112288650119683e-02	2.707763449009905482e-02	6.972124517753675033e-02
1.013029082739416367e+03	2.770102614972170252e-01	1.796427895744886205e-01	2.363912159653879796e-01	1.420365821938130158e-01	6.802101813970978794e-02	2.710625020312550093e-02	6.979188242597071656e-02
1.014480413803512761e+03	2.767552435882167927e-01	1.794792478020731108e-01	2.365669328019887607e-01	1.421404580477306501e-01	6.806085784173307451e-02	2.713483555282506648e-02	6.986242436514525367e-02
1.015931744867609382e+03	2.765006709342287539e-01	1.793159794450651656e-01	2.367423130971801626e-01	1.422441331701118916e-01	6.810064203660874671e-02	2.716339045207014427e-02	6.993287086444786860e-02
1.017383075931706003e+03	2.762465427483176694e-01	1.791529840327648337e-01	2.369173576307569140e-01	1.423476082075115223e-01	6.814037076871211351e-02	2.719191481509516256e-02	7.000322179655454891e-02
1.018834406995802851e+03	2.759928582450953405e-01	1.789902610953459927e-01	2.370920671792220713e-01	1.424508838024214907e-01	6.818004408275175898e-02	2.722040855748326244e-02	7.007347703739279232e-02
1.020285738059899245e+03	2.757396166407164451e-01	1.788278101638542672e-01	2.372664425158127477e-01	1.425539605933061338e-01	6.821966202376510136e-02	2.724887159615311388e-02	7.014363646610491387e-02
1.021737069123995752e+03	2.754868171528735421e-01	1.786656307702046975e-01	2.374404844105254819e-01	1.426568392146371766e-01	6.825922463711411869e-02	2.727730384934582558e-02	7.021369996501179711e-02
1.023188400188092373e+03	2.752344590007930192e-01	1.785037224471796302e-01	2.376141936301416624e-01	1.427595202969282329e-01	6.829873196848106065e-02	2.730570523661200039e-02	7.028366741957699226e-02
1.024639731252188767e+03	2.749825414052302630e-01	1.783420847284265809e-01	2.377875709382522296e-01	1.428620044667692213e-01	6.833818406386416022e-02	2.733407567879889838e-02	7.035353871837123074e-02
1.026091062316285615e+03	2.747310635884653296e-01	1.781807171484559860e-01	2.379606170952826005e-01	1.429642923468601723e-01	6.837758096957352594e-02	2.736241509803772481e-02	7.042331375303725882e-02
1.027542393380382237e+03	2.744800247742985033e-01	1.780196192426390656e-01	2.381333328585170106e-01	1.430663845560450065e-01	6.841692273222689524e-02	2.739072341773104297e-02	7.049299241825505991e-02
1.028993724444478858e+03	2.742294241880458006e-01	1.778587905472057695e-01	2.383057189821229938e-01	1.431682817093447579e-01	6.845620939874555444e-02	2.741900056254029105e-02	7.056257461170739598e-02
1.030445055508575479e+03	2.739792610565346953e-01	1.776982305992426125e-01	2.384777762171751692e-01	1.432699844179906035e-01	6.849544101635031412e-02	2.744724645837342755e-02	7.063206023404576539e-02
1.031896386572671872e+03	2.737295346080997893e-01	1.775379389366903982e-01	2.386495053116791387e-01	1.433714932894565586e-01	6.853461763255738748e-02	2.747546103237268056e-02	7.070144918885666596e-02
1.033347717636768493e+03	2.734802440725782602e-01	1.773779150983423314e-01	2.388209070105950516e-01	1.434728089274918406e-01	6.857373929517449063e-02	2.750364421290243597e-02	7.077074138262824665e-02
1.034799048700865114e+03	2.732313886813057535e-01	1.772181586238417705e-01	2.389919820558607799e-01	1.435739319321530094e-01	6.861280605229680418e-02	2.753179592953718807e-02	7.083993672471727843e-02
1.036250379764961508e+03	2.729829676671121086e-01	1.770586690536802288e-01	2.391627311864152894e-01	1.436748628998356647e-01	6.865181795230315687e-02	2.755991611304967059e-02	7.090903512731645819e-02
1.037701710829058356e+03	2.727349802643168619e-01	1.768994459291952648e-01	2.393331551382212596e-01	1.437756024233060037e-01	6.869077504385207034e-02	2.758800469539904321e-02	7.097803650542205967e-02
1.039153041893154750e+03	2.724874257087252505e-01	1.767404887925683732e-01	2.395032546442879273e-01	1.438761510917319353e-01	6.872967737587794279e-02	2.761606160971921339e-02	7.104694077680191733e-02
1.040604372957251599e+03	2.722403032376238818e-01	1.765817971868229308e-01	2.396730304346933738e-01	1.439765094907140275e-01	6.876852499758728809e-02	2.764408679030725888e-02	7.111574786196378506e-02
1.042055704021347992e+03	2.719936120897765708e-01	1.764233706558222536e-01	2.398424832366068682e-01	1.440766782023159831e-01	6.880731795845496102e-02	2.767208017261196459e-02	7.118445768412393071e-02
1.043507035085444613e+03	2.717473515054202315e-01	1.762652087442673488e-01	2.400116137743107669e-01	1.441766578050951431e-01	6.884605630822039635e-02	2.770004169322247065e-02	7.125307016917618863e-02
1.044958366149541234e+03	2.715015207262604369e-01	1.761073109976951379e-01	2.401804227692224403e-01	1.442764488741323792e-01	6.888474009688401456e-02	2.772797128985701395e-02	7.132158524566116486e-02
1.046409697213637855e+03	2.712561189954676433e-01	1.759496769624762369e-01	2.403489109399156998e-01	1.443760519810618481e-01	6.892336937470348868e-02	2.775586890135177398e-02	7.139000284473590030e-02
1.047861028277734476e+03	2.710111455576730277e-01	1.757923061858130132e-01	2.405170790021423088e-01	1.444754676941004401e-01	6.896194419219019156e-02	2.778373446764983296e-02	7.145832290014376975e-02
1.049312359341831097e+03	2.707665996589642687e-01	1.756351982157375868e-01	2.406849276688530770e-01	1.445746965780770610e-01	6.900046460010557381e-02	2.781156792979024364e-02	7.152654534818479737e-02
1.050763690405927491e+03	2.705224805468816052e-01	1.754783526011098327e-01	2.408524576502188430e-01	1.446737391944614426e-01	6.903893064945766656e-02	2.783936922989717691e-02	7.159467012768606919e-02
1.052215021470024112e+03	2.702787874704136728e-01	1.753217688916154371e-01	2.410196696536512362e-01	1.447725961013927864e-01	6.907734239149758426e-02	2.786713831116919421e-02	7.166269717997271471e-02
1.053666352534120733e+03	2.700355196799936741e-01	1.751654466377638442e-01	2.411865643838232431e-01	1.448712678537081855e-01	6.911569987771602752e-02	2.789487511786860677e-02	7.173062644883902716e-02
1.055117683598217127e+03	2.697926764274951594e-01	1.750093853908863961e-01	2.413531425426896360e-01	1.449697550029707405e-01	6.915400315983985524e-02	2.792257959531093542e-02	7.179845788051987532e-02
1.056569014662313975e+03	2.695502569662283632e-01	1.748535847031342516e-01	2.415194048295070117e-01	1.450680580974972878e-01	6.919225228982872622e-02	2.795025168985447450e-02	7.186619142366250379e-02
1.058020345726410369e+03	2.693082605509358185e-01	1.746980441274764984e-01	2.416853519408539153e-01	1.451661776823861549e-01	6.923044731987171296e-02	2.797789134888995291e-02	7.193382702929854156e-02
1.059471676790506763e+03	2.690666864377889711e-01	1.745427632176982935e-01	2.418509845706504902e-01	1.452641142995442780e-01	6.926858830238394327e-02	2.800549852083027841e-02	7.200136465081637127e-02
1.060923007854603611e+03	2.688255338843838493e-01	1.743877415283987820e-01	2.420163034101781852e-01	1.453618684877144018e-01	6.930667529000332505e-02	2.803307315510039643e-02	7.206880424393373452e-02
1.062374338918700232e+03	2.685848021497372895e-01	1.742329786149892923e-01	2.421813091480990165e-01	1.454594407825018920e-01	6.934470833558732672e-02	2.806061520212722871e-02	7.213614576667061462e-02
1.063825669982796853e+03	2.683444904942832165e-01	1.740784740336913383e-01	2.423460024704750249e-01	1.455568317164012138e-01	6.938268749220967424e-02	2.808812461332971244e-02	7.220338917932250800e-02
1.065277001046893474e+03	2.681045981798685918e-01	1.739242273415348705e-01	2.425103840607870376e-01	1.456540418188222996e-01	6.942061281315721477e-02	2.811560134110893672e-02	7.227053444443376495e-02
1.066728332110990095e+03	2.678651244697497491e-01	1.737702380963562221e-01	2.426744545999537650e-01	1.457510716161165565e-01	6.945848435192671089e-02	2.814304533883836210e-02	7.233758152677143005e-02
1.068179663175086489e+03	2.676260686285883983e-01	1.736165058567962216e-01	2.428382147663502577e-01	1.458479216316027616e-01	6.949630216222174584e-02	2.817045656085413741e-02	7.240453039329923512e-02
1.069630994239183110e+03	2.673874299224481832e-01	1.734630301822984444e-01	2.430016652358266416e-01	1.459445923855925697e-01	6.953406629794960103e-02	2.819783496244549631e-02	7.247138101315185599e-02
1.071082325303279504e+03	2.671492076187904630e-01	1.733098106331072141e-01	2.431648066817262144e-01	1.460410843954159377e-01	6.957177681321816132e-02	2.822518049984526836e-02	7.253813335760951608e-02
1.072533656367376352e+03	2.669114009864709258e-01	1.731568467702659098e-01	2.433276397749036812e-01	1.461373981754460760e-01	6.960943376233294511e-02	2.825249313022044906e-02	7.260478740007274279e-02
1.073984987431472746e+03	2.666740092957358144e-01	1.730041381556148561e-01	2.434901651837431680e-01	1.462335342371244851e-01	6.964703719979400964e-02	2.827977281166286702e-02	7.267134311603749841e-02
1.075436318495569594e+03	2.664370318182179842e-01	1.728516843517897139e-01	2.436523835741759569e-01	1.463294930889854073e-01	6.968458718029305055e-02	2.830701950317996568e-02	7.273780048307051938e-02
1.076887649559666215e+03	2.662004678269336289e-01	1.726994849222196204e-01	2.438142956096981118e-01	1.464252752366804466e-01	6.972208375871037644e-02	2.833423316468561617e-02	7.280415948078484967e-02
1.078338980623762609e+03	2.659643165962781164e-01	1.725475394311251076e-01	2.439759019513879912e-01	1.465208811830024938e-01	6.975952699011210567e-02	2.836141375699106904e-02	7.287042009081574900e-02
1.079790311687859230e+03	2.657285774020227143e-01	1.723958474435166310e-01	2.441372032579234574e-01	1.466163114279099011e-01	6.979691692974716866e-02	2.838856124179596138e-02	7.293658229679680916e-02
1.081241642751955851e+03	2.654932495213108146e-01	1.722444085251924606e-01	2.442982001855991403e-01	1.467115664685500198e-01	6.983425363304450462e-02	2.841567558167941432e-02	7.300264608433625069e-02
1.082692973816052472e+03	2.652583322326543813e-01	1.720932222427371816e-01	2.444588933883432569e-01	1.468066467992828195e-01	6.987153715561021661e-02	2.844275674009122401e-02	7.306861144099355276e-02
1.084144304880149093e+03	2.650238248159301757e-01	1.719422881635196132e-01	2.446192835177345148e-01	1.469015529117041197e-01	6.990876755322475433e-02	2.846980468134310827e-02	7.313447835625630500e-02
1.085595635944245487e+03	2.647897265523765920e-01	1.717916058556911429e-01	2.447793712230186824e-01	1.469962852946686827e-01	6.994594488184016634e-02	2.849681937060005721e-02	7.320024682151722584e-02
1.087046967008342108e+03	2.645560367245897160e-01	1.716411748881840060e-01	2.449391571511251031e-01	1.470908444343130561e-01	6.998306919757737998e-02	2.852380077387177762e-02	7.326591683005159727e-02
1.088498298072438729e+03	2.643227546165198283e-01	1.714909948307093424e-01	2.450986419466830712e-01	1.471852308140781662e-01	7.002014055672339810e-02	2.855074885800416504e-02	7.333148837699469957e-02
1.089949629136535123e+03	2.640898795134680177e-01	1.713410652537555867e-01	2.452578262520379859e-01	1.472794449147317442e-01	7.005715901572871773e-02	2.857766359067092504e-02	7.339696145931969007e-02
1.091400960200631971e+03	2.638574107020826842e-01	1.711913857285866647e-01	2.454167107072672827e-01	1.473734872143906416e-01	7.009412463120456849e-02	2.860454494036520495e-02	7.346233607581560687e-02
1.092852291264728365e+03	2.636253474703559307e-01	1.710419558272402163e-01	2.455752959501964761e-01	1.474673581885427576e-01	7.013103745992035898e-02	2.863139287639136082e-02	7.352761222706560851e-02
1.094303622328825213e+03	2.633936891076201769e-01	1.708927751225258473e-01	2.457335826164147030e-01	1.475610583100688267e-01	7.016789755880102619e-02	2.865820736885675568e-02	7.359278991542543558e-02
1.095754953392921607e+03	2.631624349045446620e-01	1.707438431880234642e-01	2.458915713392903768e-01	1.476545880492639851e-01	7.020470498492446809e-02	2.868498838866366529e-02	7.365786914500219162e-02
1.097206284457018228e+03	2.629315841531321141e-01	1.705951595980814139e-01	2.460492627499866192e-01	1.477479478738592811e-01	7.024145979551896235e-02	2.871173590750124988e-02	7.372284992163319339e-02
1.098657615521114849e+03	2.627011361467151973e-01	1.704467239278149027e-01	2.462066574774765260e-01	1.478411382490428250e-01	7.027816204796069610e-02	2.873844989783758824e-02	7.378773225286514026e-02
1.100108946585211470e+03	2.624710901799531815e-01	1.702985357531042188e-01	2.463637561485582661e-01	1.479341596374807166e-01	7.031481179977119855e-02	2.876513033291181257e-02	7.385251614793350572e-02
1.101560277649308091e+03	2.622414455488286111e-01	1.701505946505929567e-01	2.465205593878700696e-01	1.480270124993379732e-01	7.035140910861489849e-02	2.879177718672628825e-02	7.391720161774210929e-02
1.103011608713404712e+03	2.620122015506438085e-01	1.700029001976864629e-01	2.466770678179051324e-01	1.481196972922990684e-01	7.038795403229666792e-02	2.881839043403888745e-02	7.398178867484288268e-02
1.104462939777501106e+03	2.617833574840176536e-01	1.698554519725500034e-01	2.468332820590262433e-01	1.482122144715883327e-01	7.042444662875939343e-02	2.884497005035531816e-02	7.404627733341594131e-02
1.105914270841597499e+03	2.615549126488821430e-01	1.697082495541072100e-01	2.469892027294804948e-01	1.483045644899902149e-01	7.046088695608157537e-02	2.887151601192155040e-02	7.411066760924971131e-02
1.107365601905694348e+03	2.613268663464791142e-01	1.695612925220382483e-01	2.471448304454135492e-01	1.483967477978693217e-01	7.049727507247494085e-02	2.889802829571628401e-02	7.417495951972144508e-02
1.108816932969790741e+03	2.610992178793570817e-01	1.694145804567782354e-01	2.473001658208839881e-01	1.484887648431902629e-01	7.053361103628208451e-02	2.892450687944349633e-02	7.423915308377779243e-02
1.110268264033887590e+03	2.608719665513676289e-01	1.692681129395155748e-01	2.474552094678774961e-01	1.485806160715373303e-01	7.056989490597417869e-02	2.895095174152506959e-02	7.430324832191564921e-02
1.111719595097984211e+03	2.606451116676624102e-01	1.691218895521903187e-01	2.476099619963209042e-01	1.486723019261340095e-01	7.060612674014861423e-02	2.897736286109347734e-02	7.436724525616315862e-02
1.113170926162080832e+03	2.604186525346899317e-01	1.689759098774924195e-01	2.477644240140960130e-01	1.487638228478622704e-01	7.064230659752676611e-02	2.900374021798453675e-02	7.443114391006103170e-02
1.114622257226177226e+03	2.601925884601919425e-01	1.688301734988601199e-01	2.479185961270534699e-01	1.488551792752815794e-01	7.067843453695171752e-02	2.903008379273024422e-02	7.449494430864388173e-02
1.116073588290273847e+03	2.599669187532007153e-01	1.686846800004784264e-01	2.480724789390262586e-01	1.489463716446480235e-01	7.071451061738598387e-02	2.905639356655166650e-02	7.455864647842187776e-02
1.117524919354370468e+03	2.597416427240354375e-01	1.685394289672773049e-01	2.482260730518433545e-01	1.490374003899330169e-01	7.075053489790937566e-02	2.908266952135187683e-02	7.462225044736259250e-02
1.118976250418467089e+03	2.595167596842991586e-01	1.683944199849301826e-01	2.483793790653430200e-01	1.491282659428418422e-01	7.078650743771677800e-02	2.910891163970900225e-02	7.468575624487294728e-02
1.120427581482563710e+03	2.592922689468758479e-01	1.682496526398522263e-01	2.485323975773860439e-01	1.492189687328321912e-01	7.082242829611594404e-02	2.913511990486930547e-02	7.474916390178146242e-02
1.121878912546660331e+03	2.590681698259266752e-01	1.681051265191988164e-01	2.486851291838688416e-01	1.493095091871322888e-01	7.085829753252538554e-02	2.916129430074033621e-02	7.481247345032060458e-02
1.123330243610756725e+03	2.588444616368875129e-01	1.679608412108638538e-01	2.488375744787366950e-01	1.493998877307591011e-01	7.089411520647227738e-02	2.918743481188414840e-02	7.487568492410939802e-02
1.124781574674853118e+03	2.586211436964652166e-01	1.678167963034782606e-01	2.489897340539963255e-01	1.494901047865361265e-01	7.092988137759030642e-02	2.921354142351057989e-02	7.493879835813614665e-02
1.126232905738949967e+03	2.583982153226349054e-01	1.676729913864083155e-01	2.491416084997288838e-01	1.495801607751113260e-01	7.096559610561763154e-02	2.923961412147059805e-02	7.500181378874132276e-02
1.127684236803046360e+03	2.581756758346367420e-01	1.675294260497540155e-01	2.492931984041025228e-01	1.496700561149744702e-01	7.100125945039477415e-02	2.926565289224970431e-02	7.506473125360074716e-02
1.129135567867143209e+03	2.579535245529728238e-01	1.673860998843476611e-01	2.494445043533848883e-01	1.497597912224747918e-01	7.103687147186263373e-02	2.929165772296140127e-02	7.512755079170886641e-02
1.130586898931239830e+03	2.577317607994040194e-01	1.672430124817520791e-01	2.495955269319555248e-01	1.498493665118381113e-01	7.107243223006046162e-02	2.931762860134071169e-02	7.519027244336218274e-02
1.132038229995336451e+03	2.575103838969470815e-01	1.671001634342592079e-01	2.497462667223182831e-01	1.499387823951839893e-01	7.110794178512383490e-02	2.934356551573778088e-02	7.525289625014294770e-02
1.133489561059432845e+03	2.572893931698714276e-01	1.669575523348884039e-01	2.498967243051133935e-01	1.500280392825426856e-01	7.114340019728274123e-02	2.936946845511152412e-02	7.531542225490291120e-02
1.134940892123529466e+03	2.570687879436963641e-01	1.668151787773849981e-01	2.500469002591296230e-01	1.501171375818718678e-01	7.117880752685955270e-02	2.939533740902331577e-02	7.537785050174736212e-02
1.136392223187626087e+03	2.568485675451877559e-01	1.666730423562186592e-01	2.501967951613161545e-01	1.502060776990734037e-01	7.121416383426716623e-02	2.942117236763077195e-02	7.544018103601923819e-02
1.137843554251722708e+03	2.566287313023551397e-01	1.665311426665819217e-01	2.503464095867944383e-01	1.502948600380096533e-01	7.124946918000703289e-02	2.944697332168157503e-02	7.550241390428341637e-02
1.139294885315819101e+03	2.564092785444488931e-01	1.663894793043885767e-01	2.504957441088699333e-01	1.503834850005199286e-01	7.128472362466729828e-02	2.947274026250734300e-02	7.556454915431129460e-02
1.140746216379915950e+03	2.561902086019569036e-01	1.662480518662721174e-01	2.506447992990438189e-01	1.504719529864365912e-01	7.131992722892090131e-02	2.949847318201758231e-02	7.562658683506535973e-02
1.142197547444012343e+03	2.559715208066020153e-01	1.661068599495843234e-01	2.507935757270243760e-01	1.505602643936011509e-01	7.135508005352374228e-02	2.952417207269366836e-02	7.568852699668400519e-02
1.143648878508108737e+03	2.557532144913388095e-01	1.659659031523936235e-01	2.509420739607385320e-01	1.506484196178800861e-01	7.139018215931285105e-02	2.954983692758291619e-02	7.575036969046654300e-02
1.145100209572205586e+03	2.555352889903506064e-01	1.658251810734836240e-01	2.510902945663430197e-01	1.507364190531805814e-01	7.142523360720454129e-02	2.957546774029266509e-02	7.581211496885825740e-02
1.146551540636302207e+03	2.553177436390469124e-01	1.656846933123516108e-01	2.512382381082357563e-01	1.508242630914661264e-01	7.146023445819264797e-02	2.960106450498446728e-02	7.587376288543576375e-02
1.148002871700398828e+03	2.551005777740599778e-01	1.655444394692069943e-01	2.513859051490668906e-01	1.509119521227720306e-01	7.149518477334670941e-02	2.962662721636827312e-02	7.593531349489239524e-02
1.149454202764495449e+03	2.548837907332424102e-01	1.654044191449698387e-01	2.515332962497496272e-01	1.509994865352205784e-01	7.153008461381027416e-02	2.965215586969673425e-02	7.599676685302385326e-02
1.150905533828591842e+03	2.546673818556638991e-01	1.652646319412693632e-01	2.516804119694713848e-01	1.510868667150363220e-01	7.156493404079909693e-02	2.967765046075950333e-02	7.605812301671388553e-02
1.152356864892688463e+03	2.544513504816085514e-01	1.651250774604424154e-01	2.518272528657042320e-01	1.511740930465610144e-01	7.159973311559943154e-02	2.970311098587762044e-02	7.611938204392021401e-02
1.153808195956785084e+03	2.542356959525719495e-01	1.649857553055320836e-01	2.519738194942161003e-01	1.512611659122685415e-01	7.163448189956631018e-02	2.972853744189794117e-02	7.618054399366061546e-02
1.155259527020881706e+03	2.540204176112583201e-01	1.648466650802860867e-01	2.521201124090808876e-01	1.513480856927796603e-01	7.166918045412193350e-02	2.975392982618762019e-02	7.624160892599907147e-02
1.156710858084978327e+03	2.538055148015777029e-01	1.647078063891554145e-01	2.522661321626892827e-01	1.514348527668765432e-01	7.170382884075388041e-02	2.977928813662864688e-02	7.630257690203211263e-02
1.158162189149074720e+03	2.535909868686431201e-01	1.645691788372927733e-01	2.524118793057589794e-01	1.515214675115174048e-01	7.173842712101358154e-02	2.980461237161242255e-02	7.636344798387532939e-02
1.159613520213171569e+03	2.533768331587677447e-01	1.644307820305511703e-01	2.525573543873451121e-01	1.516079303018506852e-01	7.177297535651457061e-02	2.982990253003440020e-02	7.642422223464996611e-02
1.161064851277267962e+03	2.531630530194622364e-01	1.642926155754823592e-01	2.527025579548503043e-01	1.516942415112293163e-01	7.180747360893091624e-02	2.985515861128876236e-02	7.648489971846970936e-02
1.162516182341364356e+03	2.529496457994316327e-01	1.641546790793356470e-01	2.528474905540351036e-01	1.517804015112248495e-01	7.184192193999566767e-02	2.988038061526316833e-02	7.654548050042762897e-02
1.163967513405461204e+03	2.527366108485729623e-01	1.640169721500560618e-01	2.529921527290274752e-01	1.518664106716413331e-01	7.187632041149918938e-02	2.990556854233352921e-02	7.660596464658316063e-02
1.165418844469557826e+03	2.525239475179720805e-01	1.638794943962831874e-01	2.531365450223334035e-01	1.519522693605291908e-01	7.191066908528764845e-02	2.993072239335883844e-02	7.666635222394935223e-02
1.166870175533654447e+03	2.523116551599013935e-01	1.637422454273497197e-01	2.532806679748461076e-01	1.520379779441988488e-01	7.194496802326143248e-02	2.995584216967606128e-02	7.672664330048013792e-02
1.168321506597751068e+03	2.520997331278166942e-01	1.636052248532798570e-01	2.534245221258563108e-01	1.521235367872343924e-01	7.197921728737362301e-02	2.998092787309505555e-02	7.678683794505783422e-02
1.169772837661847461e+03	2.518881807763544423e-01	1.634684322847879956e-01	2.535681080130615106e-01	1.522089462525069437e-01	7.201341693962851065e-02	3.000597950589355481e-02	7.684693622748071939e-02
1.171224168725944082e+03	2.516769974613295435e-01	1.633318673332773696e-01	2.537114261725758046e-01	1.522942067011880396e-01	7.204756704208002682e-02	3.003099707081217928e-02	7.690693821845073774e-02
1.172675499790040703e+03	2.514661825397320194e-01	1.631955296108384135e-01	2.538544771389392718e-01	1.523793184927627609e-01	7.208166765683032828e-02	3.005598057104951273e-02	7.696684398956137041e-02
1.174126830854137097e+03	2.512557353697245643e-01	1.630594187302475406e-01	2.539972614451275201e-01	1.524642819850428599e-01	7.211571884602828442e-02	3.008093001025722441e-02	7.702665361328563109e-02
1.175578161918233945e+03	2.510456553106401034e-01	1.629235343049657003e-01	2.541397796225607353e-01	1.525490975341797228e-01	7.214972067186802007e-02	3.010584539253522568e-02	7.708636716296413116e-02
1.177029492982330339e+03	2.508359417229786836e-01	1.627878759491369343e-01	2.542820322011132284e-01	1.526337654946771372e-01	7.218367319658748615e-02	3.013072672242686836e-02	7.714598471279338066e-02
1.178480824046426733e+03	2.506265939684050315e-01	1.626524432775869611e-01	2.544240197091222067e-01	1.527182862194041701e-01	7.221757648246704409e-02	3.015557400491420889e-02	7.720550633781407546e-02
1.179932155110523581e+03	2.504176114097459993e-01	1.625172359058218718e-01	2.545657426733971551e-01	1.528026600596076590e-01	7.225143059182805028e-02	3.018038724541328988e-02	7.726493211389966198e-02
1.181383486174620202e+03	2.502089934109876790e-01	1.623822534500266035e-01	2.547072016192288846e-01	1.528868873649246174e-01	7.228523558703145446e-02	3.020516644976949105e-02	7.732426211774484637e-02
1.182834817238716823e+03	2.500007393372730702e-01	1.622474955270636343e-01	2.548483970703982471e-01	1.529709684833948091e-01	7.231899153047641193e-02	3.022991162425290451e-02	7.738349642685445062e-02
1.184286148302813444e+03	2.497928485548991939e-01	1.621129617544716794e-01	2.549893295491847955e-01	1.530549037614729324e-01	7.235269848459896513e-02	3.025462277555377583e-02	7.744263511953217161e-02
1.185737479366910065e+03	2.495853204313145668e-01	1.619786517504641643e-01	2.551299995763759987e-01	1.531386935440406660e-01	7.238635651187062814e-02	3.027929991077795563e-02	7.750167827486956207e-02
1.187188810431006686e+03	2.493781543351166752e-01	1.618445651339279201e-01	2.552704076712754011e-01	1.532223381744189095e-01	7.241996567479708213e-02	3.030394303744241360e-02	7.756062597273515047e-02
1.188640141495103080e+03	2.491713496360492830e-01	1.617107015244218238e-01	2.554105543517116161e-01	1.533058379943795790e-01	7.245352603591689866e-02	3.032855216347080454e-02	7.761947829376360242e-02
1.190091472559199701e+03	2.489649057049999614e-01	1.615770605421754935e-01	2.555504401340464860e-01	1.533891933441573763e-01	7.248703765780013797e-02	3.035312729718905173e-02	7.767823531934510417e-02
1.191542803623296322e+03	2.487588219139974244e-01	1.614436418080877622e-01	2.556900655331839634e-01	1.534724045624616950e-01	7.252050060304712775e-02	3.037766844732098237e-02	7.773689713161471837e-02
1.192994134687392716e+03	2.485530976362090583e-01	1.613104449437255394e-01	2.558294310625779389e-01	1.535554719864880291e-01	7.255391493428714478e-02	3.040217562298402204e-02	7.779546381344196182e-02
1.194445465751489564e+03	2.483477322459382575e-01	1.611774695713222572e-01	2.559685372342409559e-01	1.536383959519296294e-01	7.258728071417716587e-02	3.042664883368488560e-02	7.785393544842049429e-02
1.195896796815585958e+03	2.481427251186220651e-01	1.610447153137767040e-01	2.561073845587522602e-01	1.537211767929887452e-01	7.262059800540064669e-02	3.045108808931535141e-02	7.791231212085789060e-02
1.197348127879682352e+03	2.479380756308284250e-01	1.609121817946515265e-01	2.562459735452657927e-01	1.538038148423881424e-01	7.265386687066620330e-02	3.047549340014806332e-02	7.797059391576541265e-02
1.198799458943779200e+03	2.477337831602538787e-01	1.607798686381720354e-01	2.563843047015185728e-01	1.538863104313820396e-01	7.268708737270646036e-02	3.049986477683235345e-02	7.802878091884817013e-02
1.200250790007875821e+03	2.475298470857209832e-01	1.606477754692247628e-01	2.565223785338384688e-01	1.539686638897674043e-01	7.272025957427681597e-02	3.052420223039012739e-02	7.808687321649504520e-02
1.201702121071972442e+03	2.473262667871757026e-01	1.605159019133562126e-01	2.566601955471519703e-01	1.540508755458947499e-01	7.275338353815420656e-02	3.054850577221177380e-02	7.814487089576899193e-02
1.203153452136069063e+03	2.471230416456850765e-01	1.603842475967714731e-01	2.567977562449924589e-01	1.541329457266792102e-01	7.278645932713598277e-02	3.057277541405210852e-02	7.820277404439732183e-02
1.204604783200165684e+03	2.469201710434346664e-01	1.602528121463329402e-01	2.569350611295075359e-01	1.542148747576112255e-01	7.281948700403871599e-02	3.059701116802639176e-02	7.826058275076214210e-02
1.206056114264262078e+03	2.467176543637261132e-01	1.601215951895590128e-01	2.570721107014671269e-01	1.542966629627672281e-01	7.285246663169699100e-02	3.062121304660633120e-02	7.831829710389080768e-02
1.207507445328358699e+03	2.465154909909746117e-01	1.599905963546227605e-01	2.572089054602709202e-01	1.543783106648202730e-01	7.288539827296230955e-02	3.064538106261615116e-02	7.837591719344655372e-02
1.208958776392455093e+03	2.463136803107066342e-01	1.598598152703505915e-01	2.573454459039559161e-01	1.544598181850505292e-01	7.291828199070192473e-02	3.066951522922870682e-02	7.843344310971925304e-02
1.210410107456551941e+03	2.461122217095572939e-01	1.597292515662210310e-01	2.574817325292040326e-01	1.545411858433556607e-01	7.295111784779773068e-02	3.069361555996160534e-02	7.849087494361621509e-02
1.211861438520648335e+03	2.459111145752680139e-01	1.595989048723632786e-01	2.576177658313495433e-01	1.546224139582611790e-01	7.298390590714518011e-02	3.071768206867339299e-02	7.854821278665305440e-02
1.213312769584745183e+03	2.457103582966840838e-01	1.594687748195561250e-01	2.577535463043862385e-01	1.547035028469306017e-01	7.301664623165210477e-02	3.074171476955976298e-02	7.860545673094475327e-02
1.214764100648841804e+03	2.455099522637522735e-01	1.593388610392264537e-01	2.578890744409750302e-01	1.547844528251756113e-01	7.304933888423770227e-02	3.076571367714980160e-02	7.866260686919679390e-02
1.216215431712937971e+03	2.453098958675184182e-01	1.592091631634481308e-01	2.580243507324510577e-01	1.548652642074660746e-01	7.308198392783146757e-02	3.078967880630226195e-02	7.871966329469627655e-02
1.217666762777034819e+03	2.451101885001250313e-01	1.590796808249405614e-01	2.581593756688309038e-01	1.549459373069400348e-01	7.311458142537204108e-02	3.081361017220189333e-02	7.877662610130327370e-02
1.219118093841131440e+03	2.449108295548089176e-01	1.589504136570675241e-01	2.582941497388195895e-01	1.550264724354134260e-01	7.314713143980625110e-02	3.083750779035578787e-02	7.883349538344226748e-02
1.220569424905228061e+03	2.447118184258987306e-01	1.588213612938358943e-01	2.584286734298179011e-01	1.551068699033899823e-01	7.317963403408801748e-02	3.086137167658974806e-02	7.889027123609354542e-02
1.222020755969324682e+03	2.445131545088127245e-01	1.586925233698943116e-01	2.585629472279290519e-01	1.551871300200708403e-01	7.321208927117733856e-02	3.088520184704474092e-02	7.894695375478485988e-02
1.223472087033421303e+03	2.443148372000563395e-01	1.585638995205318758e-01	2.586969716179658985e-01	1.552672530933641160e-01	7.324449721403926417e-02	3.090899831817330717e-02	7.900354303558303204e-02
1.224923418097517697e+03	2.441168658972197869e-01	1.584354893816771193e-01	2.588307470834576574e-01	1.553472394298944792e-01	7.327685792564292422e-02	3.093276110673608484e-02	7.906003917508576395e-02
1.226374749161614318e+03	2.439192399989759119e-01	1.583072925898964811e-01	2.589642741066567333e-01	1.554270893350123972e-01	7.330917146896051562e-02	3.095649022979829815e-02	7.911644227041345068e-02
1.227826080225710712e+03	2.437219589050776125e-01	1.581793087823931687e-01	2.590975531685456024e-01	1.555068031128036821e-01	7.334143790696624754e-02	3.098018570472633668e-02	7.917275241920115891e-02
1.229277411289807560e+03	2.435250220163556745e-01	1.580515375970058534e-01	2.592305847488431958e-01	1.555863810660986224e-01	7.337365730263549490e-02	3.100384754918431018e-02	7.922896971959061951e-02
1.230728742353903954e+03	2.433284287347164121e-01	1.579239786722075878e-01	2.593633693260119499e-01	1.556658234964811427e-01	7.340582971894372977e-02	3.102747578113069366e-02	7.928509427022234490e-02
1.232180073418000802e+03	2.431321784631393645e-01	1.577966316471043073e-01	2.594959073772639124e-01	1.557451307042978239e-01	7.343795521886561928e-02	3.105107041881494459e-02	7.934112617022781588e-02
1.233631404482097196e+03	2.429362706056750199e-01	1.576694961614338586e-01	2.596281993785678477e-01	1.558243029886670350e-01	7.347003386537405423e-02	3.107463148077420356e-02	7.939706551922180722e-02
1.235082735546193817e+03	2.427407045674424835e-01	1.575425718555645005e-01	2.597602458046550655e-01	1.559033406474877315e-01	7.350206572143927475e-02	3.109815898583000171e-02	7.945291241729468545e-02
1.236534066610290438e+03	2.425454797546272578e-01	1.574158583704938774e-01	2.598920471290264156e-01	1.559822439774484204e-01	7.353405085002785724e-02	3.112165295308498905e-02	7.950866696500495656e-02
1.237985397674387059e+03	2.423505955744788831e-01	1.572893553478477147e-01	2.600236038239581715e-01	1.560610132740357925e-01	7.356598931410188169e-02	3.114511340191972177e-02	7.956432926337164702e-02
1.239436728738483680e+03	2.421560514353087723e-01	1.571630624298785694e-01	2.601549163605085258e-01	1.561396488315434095e-01	7.359788117661801576e-02	3.116854035198945300e-02	7.961989941386708736e-02
1.240888059802580301e+03	2.419618467464879075e-01	1.570369792594646374e-01	2.602859852085238623e-01	1.562181509430803916e-01	7.362972650052658496e-02	3.119193382322096517e-02	7.967537751840947369e-02
1.242339390866676695e+03	2.417679809184445361e-01	1.569111054801086147e-01	2.604168108366449741e-01	1.562965199005798556e-01	7.366152534877073998e-02	3.121529383580943715e-02	7.973076367935569286e-02
1.243790721930773088e+03	2.415744533626620616e-01	1.567854407359362823e-01	2.605473937123130024e-01	1.563747559948074628e-01	7.369327778428552689e-02	3.123862041021533212e-02	7.978605799949417543e-02
1.245242052994869937e+03	2.413812634916767397e-01	1.566599846716955069e-01	2.606777343017758208e-01	1.564528595153695800e-01	7.372498386999710995e-02	3.126191356716132019e-02	7.984126058203781795e-02
1.246693384058966330e+03	2.411884107190754023e-01	1.565347369327548810e-01	2.608078330700936975e-01	1.565308307507218555e-01	7.375664366882182799e-02	3.128517332762922876e-02	7.989637153061698860e-02
1.248144715123063179e+03	2.409958944594933206e-01	1.564096971651026680e-01	2.609376904811456233e-01	1.566086699881772126e-01	7.378825724366543104e-02	3.130839971285701018e-02	7.995139094927258827e-02
1.249596046187159800e+03	2.408037141286119842e-01	1.562848650153454699e-01	2.610673069976350846e-01	1.566863775139141490e-01	7.381982465742220612e-02	3.133159274433576502e-02	8.000631894244923659e-02
1.251047377251256421e+03	2.406118691431568535e-01	1.561602401307070342e-01	2.611966830810959483e-01	1.567639536129846467e-01	7.385134597297411674e-02	3.135475244380675486e-02	8.006115561498851341e-02
1.252498708315352815e+03	2.404203589208952219e-01	1.560358221590271988e-01	2.613258191918982343e-01	1.568413985693224155e-01	7.388282125319008131e-02	3.137787883325848792e-02	8.011590107212224199e-02
1.253950039379449436e+03	2.402291828806340790e-01	1.559116107487605873e-01	2.614547157892539442e-01	1.569187126657505815e-01	7.391425056092512658e-02	3.140097193492379785e-02	8.017055541946585540e-02
1.255401370443546057e+03	2.400383404422177236e-01	1.557876055489753886e-01	2.615833733312228349e-01	1.569958961839896805e-01	7.394563395901951330e-02	3.142403177127695707e-02	8.022511876301187395e-02
1.256852701507642678e+03	2.398478310265258484e-01	1.556638062093523012e-01	2.617117922747180803e-01	1.570729494046654018e-01	7.397697151029809792e-02	3.144705836503083191e-02	8.027959120912345203e-02
1.258304032571739299e+03	2.396576540554712365e-01	1.555402123801832848e-01	2.618399730755118227e-01	1.571498726073163321e-01	7.400826327756944434e-02	3.147005173913404452e-02	8.033397286452789721e-02
1.259755363635835920e+03	2.394678089519976238e-01	1.554168237123703389e-01	2.619679161882408347e-01	1.572266660704015884e-01	7.403950932362506065e-02	3.149301191676817657e-02	8.038826383631042516e-02
1.261206694699932314e+03	2.392782951400775349e-01	1.552936398574244758e-01	2.620956220664121261e-01	1.573033300713084504e-01	7.407070971123871916e-02	3.151593892134498670e-02	8.044246423190785922e-02
1.262658025764028707e+03	2.390891120447102280e-01	1.551706604674642775e-01	2.622230911624081617e-01	1.573798648863597716e-01	7.410186450316558204e-02	3.153883277650367661e-02	8.049657415910237146e-02
1.264109356828125556e+03	2.389002590919195312e-01	1.550478851952151182e-01	2.623503239274926901e-01	1.574562707908215287e-01	7.413297376214160461e-02	3.156169350610813634e-02	8.055059372601544587e-02
1.265560687892221949e+03	2.387117357087516212e-01	1.549253136940076658e-01	2.624773208118157397e-01	1.575325480589102045e-01	7.416403755088266103e-02	3.158452113424429358e-02	8.060452304110179989e-02
1.267012018956318798e+03	2.385235413232729973e-01	1.548029456177769103e-01	2.626040822644194472e-01	1.576086969638000046e-01	7.419505593208390593e-02	3.160731568521740059e-02	8.065836221314337529e-02
1.268463350020415419e+03	2.383356753645683446e-01	1.546807806210608871e-01	2.627306087332428319e-01	1.576847177776302122e-01	7.422602896841902498e-02	3.163007718354939740e-02	8.071211135124337077e-02
1.269914681084511813e+03	2.381481372627384796e-01	1.545588183589996500e-01	2.628569006651274020e-01	1.577606107715123496e-01	7.425695672253954105e-02	3.165280565397630280e-02	8.076577056482044104e-02
1.271366012148608434e+03	2.379609264488981579e-01	1.544370584873339947e-01	2.629829585058223174e-01	1.578363762155372274e-01	7.428783925707406477e-02	3.167550112144561225e-02	8.081933996360288197e-02
1.272817343212705055e+03	2.377740423551740478e-01	1.543155006624044034e-01	2.631087826999894963e-01	1.579120143787821340e-01	7.431867663462768392e-02	3.169816361111370967e-02	8.087281965762288527e-02
1.274268674276801676e+03	2.375874844147026765e-01	1.541941445411498524e-01	2.632343736912087784e-01	1.579875255293177461e-01	7.434946891778118627e-02	3.172079314834332087e-02	8.092620975721087628e-02
1.275720005340898297e+03	2.374012520616282651e-01	1.540729897811067284e-01	2.633597319219830313e-01	1.580629099342150401e-01	7.438021616909047673e-02	3.174338975870102941e-02	8.097951037298990740e-02
1.277171336404994690e+03	2.372153447311007024e-01	1.539520360404076083e-01	2.634848578337433134e-01	1.581381678595522866e-01	7.441091845108581404e-02	3.176595346795470926e-02	8.103272161587009303e-02
1.278622667469091539e+03	2.370297618592735189e-01	1.538312829777802315e-01	2.636097518668534812e-01	1.582132995704217671e-01	7.444157582627122793e-02	3.178848430207109610e-02	8.108584359704314182e-02
1.280073998533187932e+03	2.368445028833018329e-01	1.537107302525462238e-01	2.637344144606157958e-01	1.582883053309364907e-01	7.447218835712382523e-02	3.181098228721332410e-02	8.113887642797697197e-02
1.281525329597284326e+03	2.366595672413402407e-01	1.535903775246202085e-01	2.638588460532751978e-01	1.583631854042370224e-01	7.450275610609310983e-02	3.183344744973847645e-02	8.119182022041027125e-02
1.282976660661381175e+03	2.364749543725407910e-01	1.534702244545083638e-01	2.639830470820244690e-01	1.584379400524980330e-01	7.453327913560044149e-02	3.185587981619521225e-02	8.124467508634723723e-02
1.284427991725477568e+03	2.362906637170509583e-01	1.533502707033075341e-01	2.641070179830092846e-01	1.585125695369347942e-01	7.456375750803830027e-02	3.187827941332133791e-02	8.129744113805234540e-02
1.285879322789574417e+03	2.361066947160116725e-01	1.532305159327040645e-01	2.642307591913325981e-01	1.585870741178099230e-01	7.459419128576973146e-02	3.190064626804148262e-02	8.135011848804513113e-02
1.287330653853671038e+03	2.359230468115551538e-01	1.531109598049726350e-01	2.643542711410596935e-01	1.586614540544395990e-01	7.462458053112769329e-02	3.192298040746473220e-02	8.140270724909509648e-02
1.288781984917767431e+03	2.357397194468031087e-01	1.529916019829752338e-01	2.644775542652227918e-01	1.587357096052000871e-01	7.465492530641446023e-02	3.194528185888233229e-02	8.145520753421658933e-02
1.290233315981864052e+03	2.355567120658645097e-01	1.528724421301599079e-01	2.646006089958258811e-01	1.588098410275341210e-01	7.468522567390102618e-02	3.196755064976537775e-02	8.150761945666383512e-02
