1.301360187473271253e+03	2.355302066537831029e-01	1.508537882915024497e-01	2.602444473256548263e-01	1.620597324104161574e-01	7.655490545894977350e-02	3.218840577038333678e-02	8.256851408902045331e-02
1.306197957686926657e+03	2.349455855117538738e-01	1.504489852962656582e-01	2.606157630827900529e-01	1.623256573939978187e-01	7.666695392031409872e-02	3.226347430764411883e-02	8.273358048694441635e-02
1.311035727900581833e+03	2.343643751166513411e-01	1.500463899532472611e-01	2.609849520431706260e-01	1.625900299046396658e-01	7.677835428100966697e-02	3.233820559045634535e-02	8.289769311053508949e-02
1.315873498114237009e+03	2.337865542848798217e-01	1.496459912463759534e-01	2.613520276555736932e-01	1.628528587426723018e-01	7.688911060188186042e-02	3.241260014729968608e-02	8.306085732102666541e-02
1.320711268327892412e+03	2.332121019882064661e-01	1.492477781943225557e-01	2.617170032530595769e-01	1.631141526612440440e-01	7.699922691992241996e-02	3.248665852758000211e-02	8.322307845537492421e-02
1.325549038541547588e+03	2.326409973522019226e-01	1.488517398508245049e-01	2.620798920549562983e-01	1.633739203666282613e-01	7.710870724794265108e-02	3.256038130106453377e-02	8.338436182609182401e-02
1.330386808755202765e+03	2.320732196547035664e-01	1.484578653049984098e-01	2.624407071687725468e-01	1.636321705185223851e-01	7.721755557428715278e-02	3.263376905732976591e-02	8.354471272109621760e-02
1.335224578968857941e+03	2.315087483243002398e-01	1.480661436816413934e-01	2.627994615920424826e-01	1.638889117303388432e-01	7.732577586258536362e-02	3.270682240522172768e-02	8.370413640357998730e-02
1.340062349182513572e+03	2.309475629388385853e-01	1.476765641415214436e-01	2.631561682141064229e-01	1.641441525694885273e-01	7.743337205153819069e-02	3.277954197232843536e-02	8.386263811188840456e-02
1.344900119396168748e+03	2.303896432239505299e-01	1.472891158816565238e-01	2.635108398178299671e-01	1.643979015576571834e-01	7.754034805473740410e-02	3.285192840446402029e-02	8.402022305941438118e-02
1.349737889609823924e+03	2.298349690516012511e-01	1.469037881355833020e-01	2.638634890812652234e-01	1.646501671710750847e-01	7.764670776051524337e-02	3.292398236516443782e-02	8.417689643450541881e-02
1.354575659823479100e+03	2.292835204386574621e-01	1.465205701736154720e-01	2.642141285792571903e-01	1.649009578407805987e-01	7.775245503182233453e-02	3.299570453519423685e-02	8.433266340038268749e-02
1.359413430037134731e+03	2.287352775454755960e-01	1.461394513030916387e-01	2.645627707849974586e-01	1.651502819528777588e-01	7.785759370613154484e-02	3.306709561206424425e-02	8.448752909507169229e-02
1.364251200250789907e+03	2.281902206745096973e-01	1.457604208686134606e-01	2.649094280715285077e-01	1.653981478487882850e-01	7.796212759536624848e-02	3.313815630955992825e-02	8.464149863134379226e-02
1.369088970464445310e+03	2.276483302689383537e-01	1.453834682522739119e-01	2.652541127132005405e-01	1.656445638254984698e-01	7.806606048585086610e-02	3.320888735728001057e-02	8.479457709666780862e-02
1.373926740678100487e+03	2.271095869113104460e-01	1.450085828738758853e-01	2.655968368870835206e-01	1.658895381358011234e-01	7.816939613828238764e-02	3.327928950018522319e-02	8.494676955317137512e-02
1.378764510891755890e+03	2.265739713222096052e-01	1.446357541911415800e-01	2.659376126743366320e-01	1.661330789885329118e-01	7.827213828772092152e-02	3.334936349815686291e-02	8.509808103761146159e-02
1.383602281105411066e+03	2.260414643589367389e-01	1.442649716999128140e-01	2.662764520615365504e-01	1.663751945488073092e-01	7.837429064359817399e-02	3.341911012556501165e-02	8.524851656135337685e-02
1.388440051319066470e+03	2.255120470142103484e-01	1.438962249343422040e-01	2.666133669419675223e-01	1.666158929382434983e-01	7.847585688974223483e-02	3.348853017084607586e-02	8.539808111035797344e-02
1.393277821532721646e+03	2.249857004148847484e-01	1.435295034670756587e-01	2.669483691168743622e-01	1.668551822351914959e-01	7.857684068441762870e-02	3.355762443608947126e-02	8.554677964517651279e-02
1.398115591746377049e+03	2.244624058206850514e-01	1.431647969094263506e-01	2.672814702966798128e-01	1.670930704749535312e-01	7.867724566037917477e-02	3.362639373663325881e-02	8.569461710095267748e-02
1.402953361960032225e+03	2.239421446229594437e-01	1.428020949115401950e-01	2.676126821021691526e-01	1.673295656500021489e-01	7.877707542493883608e-02	3.369483890066848897e-02	8.584159838743152249e-02
1.407791132173687402e+03	2.234248983434480584e-01	1.424413871625533901e-01	2.679420160656421634e-01	1.675646757101949547e-01	7.887633356004433716e-02	3.376296076885209468e-02	8.598772838897475457e-02
1.412628902387342805e+03	2.229106486330681147e-01	1.420826633907417147e-01	2.682694836320345111e-01	1.677984085629865563e-01	7.897502362236867579e-02	3.383076019392804168e-02	8.613301196458207631e-02
1.417466672600997981e+03	2.223993772707151817e-01	1.417259133636619706e-01	2.685950961600104825e-01	1.680307720736375354e-01	7.907314914340941858e-02	3.389823804035665966e-02	8.627745394791833111e-02
1.422304442814653157e+03	2.218910661620804303e-01	1.413711268882860694e-01	2.689188649230271899e-01	1.682617740654206995e-01	7.917071362959737790e-02	3.396539518395191165e-02	8.642105914734596328e-02
1.427142213028308333e+03	2.213856973384829840e-01	1.410182938111272377e-01	2.692408011103720744e-01	1.684914223198249461e-01	7.926772056241336573e-02	3.403223251152642792e-02	8.656383234596255749e-02
1.431979983241963964e+03	2.208832529557181179e-01	1.406674040183593100e-01	2.695609158281754847e-01	1.687197245767566856e-01	7.936417339851267738e-02	3.409875092054410334e-02	8.670577830164316602e-02
1.436817753455619140e+03	2.203837152929199739e-01	1.403184474359285561e-01	2.698792201003981650e-01	1.689466885347391256e-01	7.946007556985640319e-02	3.416495131878014013e-02	8.684690174708714627e-02
1.441655523669274316e+03	2.198870667514393473e-01	1.399714140296586251e-01	2.701957248697954839e-01	1.691723218511092808e-01	7.955543048384908222e-02	3.423083462398837651e-02	8.698720738986928658e-02
1.446493293882929493e+03	2.193932898537357956e-01	1.396262938053486891e-01	2.705104409988594028e-01	1.693966321422131771e-01	7.965024152348194886e-02	3.429640176357567211e-02	8.712669991249477608e-02
1.451331064096585123e+03	2.189023672422841238e-01	1.392830768088649251e-01	2.708233792707385734e-01	1.696196269835991144e-01	7.974451204748139732e-02	3.436165367428326012e-02	8.726538397245807432e-02
1.456168834310240300e+03	2.184142816784948038e-01	1.389417531262254479e-01	2.711345503901380072e-01	1.698413139102091240e-01	7.983824539046191493e-02	3.442659130187485095e-02	8.740326420230527804e-02
1.461006604523895703e+03	2.179290160416484101e-01	1.386023128836787188e-01	2.714439649841989266e-01	1.700617004165689283e-01	7.993144486308324803e-02	3.449121560083145965e-02	8.754034520969974920e-02
1.465844374737550879e+03	2.174465533278432672e-01	1.382647462477760991e-01	2.717516336033591884e-01	1.702807939569760676e-01	8.002411375221124556e-02	3.455552753405267963e-02	8.767663157749090719e-02
1.470682144951206283e+03	2.169668766489566691e-01	1.379290434254379083e-01	2.720575667221958316e-01	1.704986019456868895e-01	8.011625532108186676e-02	3.461952807256431230e-02	8.781212786378593538e-02
1.475519915164861459e+03	2.164899692316192004e-01	1.375951946640138202e-01	2.723617747402497513e-01	1.707151317571018734e-01	8.020787280946817255e-02	3.468321819523229738e-02	8.794683860202426318e-02
1.480357685378516862e+03	2.160158144162018790e-01	1.372631902513372915e-01	2.726642679828334970e-01	1.709303907259497324e-01	8.029896943384974561e-02	3.474659888848264516e-02	8.808076830105460164e-02
1.485195455592172038e+03	2.155443956558160679e-01	1.369330205157743841e-01	2.729650567018225837e-01	1.711443861474702399e-01	8.038954838758433086e-02	3.480967114602741275e-02	8.821392144521436607e-02
1.490033225805827215e+03	2.150756965153257927e-01	1.366046758262672023e-01	2.732641510764312054e-01	1.713571252775958897e-01	8.047961284108134938e-02	3.487243596859650185e-02	8.834630249441141614e-02
1.494870996019482618e+03	2.146097006703724108e-01	1.362781465923715296e-01	2.735615612139728481e-01	1.715686153331325847e-01	8.056916594197698067e-02	3.493489436367514661e-02	8.847791588420790554e-02
1.499708766233137567e+03	2.141463919064111598e-01	1.359534232642895801e-01	2.738572971506060272e-01	1.717788634919388546e-01	8.065821081531052150e-02	3.499704734524707039e-02	8.860876602590611606e-02
1.504546536446793198e+03	2.136857541177600295e-01	1.356304963328975599e-01	2.741513688520661463e-01	1.719878768931045465e-01	8.074675056370189674e-02	3.505889593354306888e-02	8.873885730663610971e-02
1.509384306660448374e+03	2.132277713066597080e-01	1.353093563297677882e-01	2.744437862143835893e-01	1.721956626371282661e-01	8.083478826752987789e-02	3.512044115479500545e-02	8.886819408944511556e-02
1.514222076874103550e+03	2.127724275823456024e-01	1.349899938271864330e-01	2.747345590645884350e-01	1.724022277860940422e-01	8.092232698511109268e-02	3.518168404099504543e-02	8.899678071338860963e-02
1.519059847087758726e+03	2.123197071601307384e-01	1.346723994381661682e-01	2.750236971614031245e-01	1.726075793638470468e-01	8.100936975287929831e-02	3.524262562966008067e-02	8.912462149362278263e-02
1.523897617301414357e+03	2.118695943605001242e-01	1.343565638164542220e-01	2.753112101959217517e-01	1.728117243561684280e-01	8.109591958556501556e-02	3.530326696360117089e-02	8.925172072149852032e-02
1.528735387515069533e+03	2.114220736082157437e-01	1.340424776565358189e-01	2.755971077922783619e-01	1.730146697109496701e-01	8.118197947637512124e-02	3.536360909069793251e-02	8.937808266465654961e-02
1.533573157728724709e+03	2.109771294314326806e-01	1.337301316936331808e-01	2.758813995083033710e-01	1.732164223383657331e-01	8.126755239717245449e-02	3.542365306367781935e-02	8.950371156712393084e-02
1.538410927942380113e+03	2.105347464608254837e-01	1.334195167037002527e-01	2.761640948361685499e-01	1.734169891110478867e-01	8.135264129865525662e-02	3.548339993990010099e-02	8.962861164941157699e-02
1.543248698156035516e+03	2.100949094287253016e-01	1.331106235034131280e-01	2.764452032030215167e-01	1.736163768642556560e-01	8.143724911053609739e-02	3.554285078114453877e-02	8.975278710861286924e-02
1.548086468369690692e+03	2.096576031682670371e-01	1.328034429501563085e-01	2.767247339716096266e-01	1.738145923960480455e-01	8.152137874172039889e-02	3.560200665340458592e-02	8.987624211850311906e-02
1.552924238583346096e+03	2.092228126125467991e-01	1.324979659420050526e-01	2.770026964408933146e-01	1.740116424674543749e-01	8.160503308048444593e-02	3.566086862668507718e-02	8.999898082964004342e-02
1.557762008797001272e+03	2.087905227937891517e-01	1.321941834177035868e-01	2.772790998466502788e-01	1.742075338026442266e-01	8.168821499465257763e-02	3.571943777480429683e-02	9.012100736946494772e-02
1.562599779010656675e+03	2.083607188425242174e-01	1.318920863566398205e-01	2.775539533620692834e-01	1.744022730890969763e-01	8.177092733177375450e-02	3.577771517520034888e-02	9.024232584240467203e-02
1.567437549224311852e+03	2.079333859867745493e-01	1.315916657788158695e-01	2.778272660983349129e-01	1.745958669777707417e-01	8.185317291929709860e-02	3.583570190874170447e-02	9.036294032997421732e-02
1.572275319437967255e+03	2.075085095512512745e-01	1.312929127448153599e-01	2.780990471052033342e-01	1.747883220832706364e-01	8.193495456474662875e-02	3.589339905954189169e-02	9.048285489087998235e-02
1.577113089651622431e+03	2.070860749565596182e-01	1.309958183557669020e-01	2.783693053715691201e-01	1.749796449840167190e-01	8.201627505589488554e-02	3.595080771477825177e-02	9.060207356112356947e-02
1.581950859865277607e+03	2.066660677184139205e-01	1.307003737533043164e-01	2.786380498260234151e-01	1.751698422224111928e-01	8.209713716093550162e-02	3.600792896451460168e-02	9.072060035410604850e-02
1.586788630078933011e+03	2.062484734468612579e-01	1.304065701195233351e-01	2.789052893374038278e-01	1.753589203050053558e-01	8.217754362865471729e-02	3.606476390152781736e-02	9.083843926073269237e-02
1.591626400292587959e+03	2.058332778455143064e-01	1.301143986769350280e-01	2.791710327153359983e-01	1.755468857026657170e-01	8.225749718860157766e-02	3.612131362113822630e-02	9.095559424951811522e-02
1.596464170506243590e+03	2.054204667107928650e-01	1.298238506884160925e-01	2.794352887107676153e-01	1.757337448507399480e-01	8.233700055125697803e-02	3.617757922104369861e-02	9.107206926669178526e-02
1.601301940719898766e+03	2.050100259311740114e-01	1.295349174571560624e-01	2.796980660164940513e-01	1.759195041492222222e-01	8.241605640820144629e-02	3.623356180115745728e-02	9.118786823630371796e-02
1.606139710933553943e+03	2.046019414864508890e-01	1.292475903266013804e-01	2.799593732676771141e-01	1.761041699629180834e-01	8.249466743228150989e-02	3.628926246344937184e-02	9.130299506033065504e-02
1.610977481147209119e+03	2.041961994469996267e-01	1.289618606803965006e-01	2.802192190423558604e-01	1.762877486216089806e-01	8.257283627777488311e-02	3.634468231179089487e-02	9.141745361878221565e-02
1.615815251360864750e+03	2.037927859730547797e-01	1.286777199423223550e-01	2.804776118619508596e-01	1.764702464202160814e-01	8.265056558055407232e-02	3.639982245180335696e-02	9.153124776980747779e-02
1.620653021574519926e+03	2.033916873139927639e-01	1.283951595762317377e-01	2.807345601917605182e-01	1.766516696189640301e-01	8.272785795824875998e-02	3.645468399070962706e-02	9.164438134980150419e-02
1.625490791788175102e+03	2.029928898076233390e-01	1.281141710859820815e-01	2.809900724414515771e-01	1.768320244435439836e-01	8.280471601040662044e-02	3.650926803718919367e-02	9.175685817351210416e-02
1.630328562001830505e+03	2.025963798794889470e-01	1.278347460153655968e-01	2.812441569655422247e-01	1.770113170852763151e-01	8.288114231865277570e-02	3.656357570123636158e-02	9.186868203414660927e-02
1.635166332215485909e+03	2.022021440421717664e-01	1.275568759480369407e-01	2.814968220638788821e-01	1.771895537012728450e-01	8.295713944684782182e-02	3.661760809402173078e-02	9.197985670347884335e-02
1.640004102429141085e+03	2.018101688946085659e-01	1.272805525074379995e-01	2.817480759821064940e-01	1.773667404145988225e-01	8.303270994124424542e-02	3.667136632775674226e-02	9.209038593195593980e-02
1.644841872642796488e+03	2.014204411214129409e-01	1.270057673567208112e-01	2.819979269121328236e-01	1.775428833144342133e-01	8.310785633064146638e-02	3.672485151556131866e-02	9.220027344880520059e-02
1.649679642856451665e+03	2.010329474922050719e-01	1.267325121986676295e-01	2.822463829925863088e-01	1.777179884562348489e-01	8.318258112653935388e-02	3.677806477133446772e-02	9.230952296214106623e-02
1.654517413070107068e+03	2.006476748609487548e-01	1.264607787756088786e-01	2.824934523092681449e-01	1.778920618618929361e-01	8.325688682329024370e-02	3.683100720962788344e-02	9.241813815907184981e-02
1.659355183283762244e+03	2.002646101652955923e-01	1.261905588693389701e-01	2.827391428955984831e-01	1.780651095198973466e-01	8.333077589824941511e-02	3.688367994552237822e-02	9.252612270580649889e-02
1.664192953497417420e+03	1.998837404259363737e-01	1.259218443010297062e-01	2.829834627330566343e-01	1.782371373854933772e-01	8.340425081192411050e-02	3.693608409450718083e-02	9.263348024776126011e-02
1.669030723711072824e+03	1.995050527459593381e-01	1.256546269311418218e-01	2.832264197516162207e-01	1.784081513808420394e-01	8.347731400812102853e-02	3.698822077236199601e-02	9.274021440966614960e-02
1.673868493924728000e+03	1.991285343102155714e-01	1.253888986593343080e-01	2.834680218301740551e-01	1.785781573951792378e-01	8.354996791409222134e-02	3.704009109504178415e-02	9.284632879567139563e-02
1.678706264138383403e+03	1.987541723846906749e-01	1.251246514243718189e-01	2.837082767969744679e-01	1.787471612849741709e-01	8.362221494067965943e-02	3.709169617856419854e-02	9.295182698945360367e-02
1.683544034352038352e+03	1.983819543158838739e-01	1.248618772040301778e-01	2.839471924300274175e-01	1.789151688740875101e-01	8.369405748245813126e-02	3.714303713889965247e-02	9.305671255432185207e-02
1.688381804565693983e+03	1.980118675301928699e-01	1.246005680149998573e-01	2.841847764575224367e-01	1.790821859539291350e-01	8.376549791787672727e-02	3.719411509186395376e-02	9.316098903332357961e-02
1.693219574779349159e+03	1.976438995333059390e-01	1.243407159127879191e-01	2.844210365582366395e-01	1.792482182836156179e-01	8.383653860939874192e-02	3.724493115301343721e-02	9.326465994935019543e-02
1.698057344993004335e+03	1.972780379095999681e-01	1.240823129916178574e-01	2.846559803619383988e-01	1.794132715901269326e-01	8.390718190364021556e-02	3.729548643754257431e-02	9.336772880524250862e-02
1.702895115206659511e+03	1.969142703215449874e-01	1.238253513843280418e-01	2.848896154497854161e-01	1.795773515684631338e-01	8.397743013150688052e-02	3.734578206018399765e-02	9.347019908389599119e-02
1.707732885420315142e+03	1.965525845091147805e-01	1.235698232622683135e-01	2.851219493547186845e-01	1.797404638818003719e-01	8.404728560832971929e-02	3.739581913511089151e-02	9.357207424836566645e-02
1.712570655633970318e+03	1.961929682892038784e-01	1.233157208351950418e-01	2.853529895618514001e-01	1.799026141616465457e-01	8.411675063399895458e-02	3.744559877584170693e-02	9.367335774197080300e-02
1.717408425847625494e+03	1.958354095550502438e-01	1.230630363511646536e-01	2.855827435088534871e-01	1.800638080079966785e-01	8.418582749309666546e-02	3.749512209514717365e-02	9.377405298839937287e-02
1.722246196061280898e+03	1.954798962756642555e-01	1.228117620964255946e-01	2.858112185863310728e-01	1.802240509894876275e-01	8.425451845502797410e-02	3.754439020495951851e-02	9.387416339181216263e-02
1.727083966274936301e+03	1.951264164952633273e-01	1.225618903953088756e-01	2.860384221382021863e-01	1.803833486435526545e-01	8.432282577415071978e-02	3.759340421628389051e-02	9.397369233694656543e-02
1.731921736488591478e+03	1.947749583327123557e-01	1.223134136101172303e-01	2.862643614620674626e-01	1.805417064765752200e-01	8.439075168990378684e-02	3.764216523911192297e-02	9.407264318922017865e-02
1.736759506702246881e+03	1.944255099809699683e-01	1.220663241410129135e-01	2.864890438095771819e-01	1.806991299640427207e-01	8.445829842693394762e-02	3.769067438233743295e-02	9.417101929483398526e-02
1.741597276915902057e+03	1.940780597065402957e-01	1.218206144259040974e-01	2.867124763867933690e-01	1.808556245506995619e-01	8.452546819522141486e-02	3.773893275367413980e-02	9.426882398087525761e-02
1.746435047129557461e+03	1.937325958489303224e-01	1.215762769403301163e-01	2.869346663545483955e-01	1.810111956506998410e-01	8.459226319020388130e-02	3.778694145957545159e-02	9.436606055542010041e-02
1.751272817343212637e+03	1.933891068201127050e-01	1.213333041973454485e-01	2.871556208287991407e-01	1.811658486477596419e-01	8.465868559289925488e-02	3.783470160515620129e-02	9.446273230763568840e-02
1.756110587556867813e+03	1.930475811039940037e-01	1.210916887474024484e-01	2.873753468809771006e-01	1.813195888953088863e-01	8.472473757002711714e-02	3.788221429411635366e-02	9.455884250788211542e-02
1.760948357770523216e+03	1.927080072558881585e-01	1.208514231782330250e-01	2.875938515383348326e-01	1.814724217166426845e-01	8.479042127412862728e-02	3.792948062866660641e-02	9.465439440781396596e-02
1.765786127984178393e+03	1.923703739019952952e-01	1.206125001147291681e-01	2.878111417842885156e-01	1.816243524050722702e-01	8.485573884368531605e-02	3.797650170945587877e-02	9.474939124048141481e-02
1.770623898197833569e+03	1.920346697388856105e-01	1.203749122188224191e-01	2.880272245587562341e-01	1.817753862240755192e-01	8.492069240323639467e-02	3.802327863550061110e-02	9.484383622043104922e-02
1.775461668411488745e+03	1.917008835329883920e-01	1.201386521893623160e-01	2.882421067584930441e-01	1.819255284074469958e-01	8.498528406349489805e-02	3.806981250411587553e-02	9.493773254380628857e-02
1.780299438625144376e+03	1.913690041200860614e-01	1.199037127619938942e-01	2.884557952374221523e-01	1.820747841594476113e-01	8.504951592146242634e-02	3.811610441084825607e-02	9.503108338844740155e-02
1.785137208838799552e+03	1.910390204048133256e-01	1.196700867090342013e-01	2.886682968069623212e-01	1.822231586549536153e-01	8.511339006054266521e-02	3.816215544941046339e-02	9.512389191399120425e-02
1.789974979052454728e+03	1.907109213601608788e-01	1.194377668393478836e-01	2.888796182363519982e-01	1.823706570396053939e-01	8.517690855065365718e-02	3.820796671161761499e-02	9.521616126197028629e-02
1.794812749266109904e+03	1.903846960269842403e-01	1.192067459982219246e-01	2.890897662529698930e-01	1.825172844299557118e-01	8.524007344833881006e-02	3.825353928732519448e-02	9.530789455591194559e-02
1.799650519479765535e+03	1.900603335135172267e-01	1.189770170672395794e-01	2.892987475426516131e-01	1.826630459136173723e-01	8.530288679687665632e-02	3.829887426436862086e-02	9.539909490143659576e-02
1.804488289693420711e+03	1.897378229948900319e-01	1.187485729641534066e-01	2.895065687500037455e-01	1.828079465494105715e-01	8.536535062638943294e-02	3.834397272850448291e-02	9.548976538635590983e-02
1.809326059907075887e+03	1.894171537126521643e-01	1.185214066427576901e-01	2.897132364787138870e-01	1.829519913675097531e-01	8.542746695395043999e-02	3.838883576335323788e-02	9.557990908077046432e-02
1.814163830120731291e+03	1.890983149742996583e-01	1.182955110927598891e-01	2.899187572918574540e-01	1.830951853695898524e-01	8.548923778369019177e-02	3.843346445034351300e-02	9.566952903716705037e-02
1.819001600334386467e+03	1.887812961528070876e-01	1.180708793396516160e-01	2.901231377122017729e-01	1.832375335289721796e-01	8.555066510690147175e-02	3.847785986865789876e-02	9.575862829051549896e-02
1.823839370548041643e+03	1.884660866861638528e-01	1.178475044445787406e-01	2.903263842225065061e-01	1.833790407907699982e-01	8.561175090214311056e-02	3.852202309518019258e-02	9.584720985836514551e-02
1.828677140761696819e+03	1.881526760769149098e-01	1.176253795042109945e-01	2.905285032658207478e-01	1.835197120720331865e-01	8.567249713534272337e-02	3.856595520444409952e-02	9.593527674094085023e-02
1.833514910975352450e+03	1.878410538917056338e-01	1.174044976506108950e-01	2.907295012457776773e-01	1.836595522618928722e-01	8.573290575989830908e-02	3.860965726858339025e-02	9.602283192123865774e-02
1.838352681189008081e+03	1.875312097608312911e-01	1.171848520511021285e-01	2.909293845268857703e-01	1.837985662217052618e-01	8.579297871677867005e-02	3.865313035728337732e-02	9.610987836512092930e-02
1.843190451402663257e+03	1.872231333777906181e-01	1.169664359081372396e-01	2.911281594348166801e-01	1.839367587851951091e-01	8.585271793462273537e-02	3.869637553773379313e-02	9.619641902141114198e-02
1.848028221616318433e+03	1.869168144988432867e-01	1.167492424591650285e-01	2.913258322566911196e-01	1.840741347585986842e-01	8.591212532983791283e-02	3.873939387458299327e-02	9.628245682198831312e-02
1.852865991829973609e+03	1.866122429425718654e-01	1.165332649764971445e-01	2.915224092413604695e-01	1.842106989208063539e-01	8.597120280669721948e-02	3.878218642989347126e-02	9.636799468188081419e-02
1.857703762043628785e+03	1.863094085894475560e-01	1.163184967671744841e-01	2.917178965996868878e-01	1.843464560235043848e-01	8.602995225743545471e-02	3.882475426309865002e-02	9.645303549935993481e-02
1.862541532257283961e+03	1.860083013814000374e-01	1.161049311728330202e-01	2.919123005048195885e-01	1.844814107913165802e-01	8.608837556234426314e-02	3.886709843096091549e-02	9.653758215603296111e-02
1.867379302470939592e+03	1.857089113213913067e-01	1.158925615695691330e-01	2.921056270924688447e-01	1.846155679219450840e-01	8.614647458986623985e-02	3.890921998753091998e-02	9.662163751693576830e-02
1.872217072684594768e+03	1.854112284729933224e-01	1.156813813678046893e-01	2.922978824611772164e-01	1.847489320863109907e-01	8.620425119668796710e-02	3.895111998410805132e-02	9.670520443062512184e-02
1.877054842898249490e+03	1.851152429599693949e-01	1.154713840121515817e-01	2.924890726725875023e-01	1.848815079286943441e-01	8.626170722783202405e-02	3.899279946920206769e-02	9.678828572927036800e-02
1.881892613111905121e+03	1.848209449658597958e-01	1.152625629812761288e-01	2.926792037517090272e-01	1.850133000668734984e-01	8.631884451674803893e-02	3.903425948849598148e-02	9.687088422874484683e-02
1.886730383325560297e+03	1.845283247335704202e-01	1.150549117877629202e-01	2.928682816871802652e-01	1.851443130922641178e-01	8.637566488540282528e-02	3.907550108480996320e-02	9.695300272871677782e-02
1.891568153539215928e+03	1.842373725649659455e-01	1.148484239779785226e-01	2.930563124315295753e-01	1.852745515700575940e-01	8.643217014436938017e-02	3.911652529806643186e-02	9.703464401273977080e-02
1.896405923752871104e+03	1.839480788204659600e-01	1.146430931319348395e-01	2.932433019014331066e-01	1.854040200393590188e-01	8.648836209291518862e-02	3.915733316525620705e-02	9.711581084834286504e-02
1.901243693966526507e+03	1.836604339186450885e-01	1.144389128631521646e-01	2.934292559779700937e-01	1.855327230133245742e-01	8.654424251908932053e-02	3.919792572040574352e-02	9.719650598712017975e-02
1.906081464180181683e+03	1.833744283358366145e-01	1.142358768185220697e-01	2.936141805068758770e-01	1.856606649792984787e-01	8.659981319980873671e-02	3.923830399454538570e-02	9.727673216482003726e-02
1.910919234393836859e+03	1.830900526057394895e-01	1.140339786781700698e-01	2.937980812987921464e-01	1.857878503989492391e-01	8.665507590094372048e-02	3.927846901567866311e-02	9.735649210143380861e-02
1.915757004607492036e+03	1.828072973190289219e-01	1.138332121553180115e-01	2.939809641295154652e-01	1.859142837084056810e-01	8.671003237740231018e-02	3.931842180875261272e-02	9.743578850128414848e-02
1.920594774821147894e+03	1.825261531229703804e-01	1.136335709961463630e-01	2.941628347402423516e-01	1.860399693183922287e-01	8.676468437321389893e-02	3.935816339562903804e-02	9.751462405311293880e-02
1.925432545034802843e+03	1.822466107210369834e-01	1.134350489796563666e-01	2.943436988378128061e-01	1.861649116143636318e-01	8.681903362161196014e-02	3.939769479505675354e-02	9.759300143016871876e-02
1.930270315248458019e+03	1.819686608725302468e-01	1.132376399175318987e-01	2.945235620949513411e-01	1.862891149566393290e-01	8.687308184511585707e-02	3.943701702264477277e-02	9.767092329029372633e-02
1.935108085462113195e+03	1.816922943922040790e-01	1.130413376540013309e-01	2.947024301505057342e-01	1.864125836805372582e-01	8.692683075561183359e-02	3.947613109083644017e-02	9.774839227601045399e-02
1.939945855675768371e+03	1.814175021498920237e-01	1.128461360656993345e-01	2.948803086096832282e-01	1.865353220965070558e-01	8.698028205443317229e-02	3.951503800888443718e-02	9.782541101460782984e-02
1.944783625889424002e+03	1.811442750701378890e-01	1.126520290615284081e-01	2.950572030442847327e-01	1.866573344902627274e-01	8.703343743243956154e-02	3.955373878282669037e-02	9.790198211822698227e-02
1.949621396103079178e+03	1.808726041318293454e-01	1.124590105825205577e-01	2.952331189929370825e-01	1.867786251229149042e-01	8.708629857009546338e-02	3.959223441546312616e-02	9.797810818394644961e-02
1.954459166316734354e+03	1.806024803678347723e-01	1.122670746016987270e-01	2.954080619613225767e-01	1.868991982311024314e-01	8.713886713754794011e-02	3.963052590633331373e-02	9.805379179386712607e-02
1.959296936530389530e+03	1.803338948646432682e-01	1.120762151239383247e-01	2.955820374224066849e-01	1.870190580271235414e-01	8.719114479470344015e-02	3.966861425169493360e-02	9.812903551519662482e-02
1.964134706744044706e+03	1.800668387620075750e-01	1.118864261858286552e-01	2.957550508166638670e-01	1.871382086990663607e-01	8.724313319130393152e-02	3.970650044450303034e-02	9.820384190033334959e-02
1.968972476957700337e+03	1.798013032525901944e-01	1.116977018555344037e-01	2.959271075523006722e-01	1.872566544109390829e-01	8.729483396700227216e-02	3.974418547439009797e-02	9.827821348695005288e-02
1.973810247171355968e+03	1.795372795816124190e-01	1.115100362326570393e-01	2.960982130054774508e-01	1.873743993027993382e-01	8.734624875143666423e-02	3.978167032764692163e-02	9.835215279807694999e-02
1.978648017385010689e+03	1.792747590465062490e-01	1.113234234480963425e-01	2.962683725205276231e-01	1.874914474908833117e-01	8.739737916430455333e-02	3.981895598720421037e-02	9.842566234218451393e-02
1.983485787598666320e+03	1.790137329965694191e-01	1.111378576639118765e-01	2.964375914101750054e-01	1.876078030677341135e-01	8.744822681543562570e-02	3.985604343261497234e-02	9.849874461326571518e-02
1.988323557812321269e+03	1.787541928326231710e-01	1.109533330731846540e-01	2.966058749557495267e-01	1.877234701023296759e-01	8.749879330486416695e-02	3.989293364003760473e-02	9.857140209091792837e-02
1.993161328025976900e+03	1.784961300066728318e-01	1.107698438998786505e-01	2.967732284074002802e-01	1.878384526402102350e-01	8.754908022290062986e-02	3.992962758221973996e-02	9.864363724042435333e-02
1.997999098239632076e+03	1.782395360215715263e-01	1.105873843987025956e-01	2.969396569843071321e-01	1.879527547036049517e-01	8.759908915020253595e-02	3.996612622848276508e-02	9.871545251283510292e-02
2.002836868453287707e+03	1.779844024306862504e-01	1.104059488549717361e-01	2.971051658748907198e-01	1.880663802915585048e-01	8.764882165784464163e-02	4.000243054470703497e-02	9.878685034504776363e-02
2.007674638666942428e+03	1.777307208375669134e-01	1.102255315844697936e-01	2.972697602370195646e-01	1.881793333800566015e-01	8.769827930738834099e-02	4.003854149331777940e-02	9.885783315988762310e-02
2.012512408880597604e+03	1.774784828956182670e-01	1.100461269333109227e-01	2.974334451982165173e-01	1.882916179221512665e-01	8.774746365095059675e-02	4.007446003327163470e-02	9.892840336618735630e-02
2.017350179094252780e+03	1.772276803077741936e-01	1.098677292778019593e-01	2.975962258558626505e-01	1.884032378480855197e-01	8.779637623127194146e-02	4.011018712004388309e-02	9.899856335886648984e-02
2.022187949307908411e+03	1.769783048261748815e-01	1.096903330243046010e-01	2.977581072773990978e-01	1.885141970654175547e-01	8.784501858178393741e-02	4.014572370561624720e-02	9.906831551901026933e-02
2.027025719521564042e+03	1.767303482518464974e-01	1.095139326090979748e-01	2.979190945005282254e-01	1.886244994591443624e-01	8.789339222667597040e-02	4.018107073846537147e-02	9.913766221394820777e-02
2.031863489735218764e+03	1.764838024343837186e-01	1.093385224982411225e-01	2.980791925334118075e-01	1.887341488918245491e-01	8.794149868096136358e-02	4.021622916355185873e-02	9.920660579733217577e-02
2.036701259948874394e+03	1.762386592716344291e-01	1.091640971874358462e-01	2.982384063548682018e-01	1.888431492037012660e-01	8.798933945054288053e-02	4.025119992230993121e-02	9.927514860921410333e-02
2.041539030162529116e+03	1.759949107093872755e-01	1.089906512018897211e-01	2.983967409145674154e-01	1.889515042128237510e-01	8.803691603227752072e-02	4.028598395263768145e-02	9.934329297612327914e-02
2.046376800376184747e+03	1.757525487410616372e-01	1.088181790961791490e-01	2.985542011332248391e-01	1.890592177151690922e-01	8.808422991404084301e-02	4.032058218888785739e-02	9.941104121114319181e-02
2.051214570589840150e+03	1.755115654074001497e-01	1.086466754541127872e-01	2.987107919027929825e-01	1.891662934847629651e-01	8.813128257479047045e-02	4.035499556185919573e-02	9.947839561398802433e-02
2.056052340803495554e+03	1.752719527961634494e-01	1.084761348885951437e-01	2.988665180866517668e-01	1.892727352737999524e-01	8.817807548462913703e-02	4.038922499878837280e-02	9.954535847107873203e-02
2.060890111017150957e+03	1.750337030418276651e-01	1.083065520414903116e-01	2.990213845197970399e-01	1.893785468127635041e-01	8.822461010486705446e-02	4.042327142334239953e-02	9.961193205561862107e-02
2.065727881230805451e+03	1.747968083252840754e-01	1.081379215834860630e-01	2.991753960090272613e-01	1.894837318105450918e-01	8.827088788808372388e-02	4.045713575561157849e-02	9.967811862766870479e-02
2.070565651444461309e+03	1.745612608735413185e-01	1.079702382139580835e-01	2.993285573331295191e-01	1.895882939545629753e-01	8.831691027818916462e-02	4.049081891210296741e-02	9.974392043422242171e-02
2.075403421658116713e+03	1.743270529594297957e-01	1.078034966608345524e-01	2.994808732430626064e-01	1.896922369108804407e-01	8.836267871048451850e-02	4.052432180573434933e-02	9.980933970928020094e-02
2.080241191871772116e+03	1.740941769013084617e-01	1.076376916804608203e-01	2.996323484621394861e-01	1.897955643243233737e-01	8.840819461172212679e-02	4.055764534582866759e-02	9.987437867392348623e-02
2.085078962085427065e+03	1.738626250627739178e-01	1.074728180574646003e-01	2.997829876862082021e-01	1.898982798185974152e-01	8.845345940016501041e-02	4.059079043810895349e-02	9.993903953638828830e-02
2.089916732299082469e+03	1.736323898523717824e-01	1.073088706046211871e-01	2.999327955838306803e-01	1.900003869964045633e-01	8.849847448564586438e-02	4.062375798469371885e-02	1.000033244921385567e-01
2.094754502512737417e+03	1.734034637233103082e-01	1.071458441627191199e-01	3.000817767964605864e-01	1.901018894395591907e-01	8.854324126962538621e-02	4.065654888409277884e-02	1.000672357239389965e-01
2.099592272726392821e+03	1.731758391731763047e-01	1.069837336004260120e-01	3.002299359386192412e-01	1.902027907091035364e-01	8.858776114525017398e-02	4.068916403120356046e-02	1.001307754019274965e-01
2.104430042940048224e+03	1.729495087436530298e-01	1.068225338141548519e-01	3.003772775980707577e-01	1.903030943454226409e-01	8.863203549740999998e-02	4.072160431730782043e-02	1.001939456836872661e-01
2.109267813153704083e+03	1.727244650202404419e-01	1.066622397279304024e-01	3.005238063359947365e-01	1.904028038683588941e-01	8.867606570279464029e-02	4.075387063006878641e-02	1.002567487143184444e-01
2.114105583367359031e+03	1.725007006319775882e-01	1.065028462932560566e-01	3.006695266871585726e-01	1.905019227773257773e-01	8.871985312995013528e-02	4.078596385352873527e-02	1.003191866265094323e-01
2.118943353581013525e+03	1.722782082511671864e-01	1.063443484889810275e-01	3.008144431600874302e-01	1.906004545514213278e-01	8.876339913933449510e-02	4.081788486810696004e-02	1.003812615406078496e-01
2.123781123794669384e+03	1.720569805931020657e-01	1.061867413211676214e-01	3.009585602372335522e-01	1.906984026495409379e-01	8.880670508337301650e-02	4.084963455059813231e-02	1.004429755646909506e-01
2.128618894008324787e+03	1.718370104157939393e-01	1.060300198229592317e-01	3.011018823751436813e-01	1.907957705104895707e-01	8.884977230651293356e-02	4.088121377417106017e-02	1.005043307946358322e-01
2.133456664221980191e+03	1.716182905197041475e-01	1.058741790544483335e-01	3.012444140046253716e-01	1.908925615530936148e-01	8.889260214527772153e-02	4.091262340836784167e-02	1.005653293141891974e-01
2.138294434435635139e+03	1.714008137474764548e-01	1.057192141025450199e-01	3.013861595309116903e-01	1.909887791763121012e-01	8.893519592832088705e-02	4.094386431910335827e-02	1.006259731950366609e-01
2.143132204649290543e+03	1.711845729836718455e-01	1.055651200808457313e-01	3.015271233338251977e-01	1.910844267593473367e-01	8.897755497647910627e-02	4.097493736866513608e-02	1.006862644968718190e-01
2.147969974862945492e+03	1.709695611545053728e-01	1.054118921295024852e-01	3.016673097679395954e-01	1.911795076617550659e-01	8.901968060282519635e-02	4.100584341571358871e-02	1.007462052674648334e-01
2.152807745076601350e+03	1.707557712275848960e-01	1.052595254150923976e-01	3.018067231627410973e-01	1.912740252235541616e-01	8.906157411272030977e-02	4.103658331528257236e-02	1.008057975427306685e-01
2.157645515290255844e+03	1.705431962116518430e-01	1.051080151304875504e-01	3.019453678227878024e-01	1.913679827653357313e-01	8.910323680386582346e-02	4.106715791878030875e-02	1.008650433467969953e-01
2.162483285503912157e+03	1.703318291563238884e-01	1.049573564947253040e-01	3.020832480278681231e-01	1.914613835883716142e-01	8.914466996635476981e-02	4.109756807399059936e-02	1.009239446920716515e-01
2.167321055717567106e+03	1.701216631518396027e-01	1.048075447528788590e-01	3.022203680331579934e-01	1.915542309747225447e-01	8.918587488272275432e-02	4.112781462507439367e-02	1.009825035793097819e-01
2.172158825931222509e+03	1.699126913288049046e-01	1.046585751759283450e-01	3.023567320693762994e-01	1.916465281873455939e-01	8.922685282799845685e-02	4.115789841257168347e-02	1.010407219976805909e-01
2.176996596144877003e+03	1.697049068579414566e-01	1.045104430606321605e-01	3.024923443429400338e-01	1.917382784702011400e-01	8.926760506975366105e-02	4.118782027340365387e-02	1.010986019248337475e-01
2.181834366358532861e+03	1.694983029498368932e-01	1.043631437293988107e-01	3.026272090361172284e-01	1.918294850483594494e-01	8.930813286815292296e-02	4.121758104087517444e-02	1.011561453269653743e-01
2.186672136572187810e+03	1.692928728546968797e-01	1.042166725301590519e-01	3.027613303071792217e-01	1.919201511281066197e-01	8.934843747600271224e-02	4.124718154467758163e-02	1.012133541588837587e-01
2.191509906785843214e+03	1.690886098620990596e-01	1.040710248362385071e-01	3.028947122905518152e-01	1.920102798970498847e-01	8.938852013880019265e-02	4.127662261089170420e-02	1.012702303640746204e-01
2.196347676999498617e+03	1.688855073007487495e-01	1.039261960462306011e-01	3.030273590969649322e-01	1.920998745242226968e-01	8.942838209478155831e-02	4.130590506199124934e-02	1.013267758747660313e-01
2.201185447213154021e+03	1.686835585382364111e-01	1.037821815838699674e-01	3.031592748136011095e-01	1.921889381601890046e-01	8.946802457496992600e-02	4.133502971684636235e-02	1.013829926119930447e-01
2.206023217426809424e+03	1.684827569807968994e-01	1.036389768979062986e-01	3.032904635042431574e-01	1.922774739371471975e-01	8.950744880322288044e-02	4.136399739072752629e-02	1.014388824856618659e-01
2.210860987640464373e+03	1.682830960730705427e-01	1.034965774619784201e-01	3.034209292094203758e-01	1.923654849690334401e-01	8.954665599627956163e-02	4.139280889530969759e-02	1.014944473946137460e-01
2.215698757854119776e+03	1.680845692978658046e-01	1.033549787744890147e-01	3.035506759465538829e-01	1.924529743516245617e-01	8.958564736380733584e-02	4.142146503867667751e-02	1.015496892266885137e-01
2.220536528067775180e+03	1.678871701759237778e-01	1.032141763584796396e-01	3.036797077101004994e-01	1.925399451626402803e-01	8.962442410844816132e-02	4.144996662532574039e-02	1.016046098587876645e-01
2.225374298281430583e+03	1.676908922656842882e-01	1.030741657615061452e-01	3.038080284716959123e-01	1.926264004618451209e-01	8.966298742586445436e-02	4.147831445617253948e-02	1.016592111569372403e-01
2.230212068495085077e+03	1.674957291630539413e-01	1.029349425555145942e-01	3.039356421802963393e-01	1.927123432911497791e-01	8.970133850478459459e-02	4.150650932855614456e-02	1.017134949763502660e-01
2.235049838708740936e+03	1.673016745011753625e-01	1.027965023367176239e-01	3.040625527623194713e-01	1.927977766747117072e-01	8.973947852704813877e-02	4.153455203624444037e-02	1.017674631614888525e-01
2.239887608922396339e+03	1.671087219501985743e-01	1.026588407254710733e-01	3.041887641217841387e-01	1.928827036190356725e-01	8.977740866765052119e-02	4.156244336943965001e-02	1.018211175461259804e-01
2.244725379136052197e+03	1.669168652170535949e-01	1.025219533661512611e-01	3.043142801404488673e-01	1.929671271130733723e-01	8.981513009478746257e-02	4.159018411478410115e-02	1.018744599534068956e-01
2.249563149349706237e+03	1.667260980452250629e-01	1.023858359270325563e-01	3.044391046779497123e-01	1.930510501283227154e-01	8.985264396989899038e-02	4.161777505536622818e-02	1.019274921959102409e-01
2.254400919563362095e+03	1.665364142145280835e-01	1.022504841001654341e-01	3.045632415719366493e-01	1.931344756189267431e-01	8.988995144771308454e-02	4.164521697072674083e-02	1.019802160757087434e-01
2.259238689777017044e+03	1.663478075408859891e-01	1.021158936012549479e-01	3.046866946382090768e-01	1.932174065217717451e-01	8.992705367628900381e-02	4.167251063686502888e-02	1.020326333844296524e-01
2.264076459990672902e+03	1.661602718761093500e-01	1.019820601695397150e-01	3.048094676708505979e-01	1.932998457565850703e-01	8.996395179706018208e-02	4.169965682624572623e-02	1.020847459033148025e-01
