1.001418434226643626e+03	2.790388768628375149e-01	1.809776130629709157e-01	2.350023325097739535e-01	1.412090169559140906e-01	6.769460050363063086e-02	2.686838198896310606e-02	6.920917811561975996e-02
1.003837319333471214e+03	2.786075243948283320e-01	1.807019554346677992e-01	2.353002715871236328e-01	1.413846992117152312e-01	6.776166380300820136e-02	2.691626289824528007e-02	6.932762267012154700e-02
1.006256204440298802e+03	2.781774278043950277e-01	1.804270651284197724e-01	2.355972592914514219e-01	1.415598103917520001e-01	6.782857251627627537e-02	2.696406282028663420e-02	6.944580204712884342e-02
1.008675089547126618e+03	2.777485833867793796e-01	1.801529399438957790e-01	2.358932992459902844e-01	1.417343537085885563e-01	6.789532683257905321e-02	2.701178129825561325e-02	6.956371558362124674e-02
1.011093974653954206e+03	2.773209874494993454e-01	1.798795776875447838e-01	2.361883950490047124e-01	1.419083323390361029e-01	6.796192694406245904e-02	2.705941788669014372e-02	6.968136264387231327e-02
1.013512859760782021e+03	2.768946363122859466e-01	1.796069761725676561e-01	2.364825502741184915e-01	1.420817494246921775e-01	6.802837304580872102e-02	2.710697215131049539e-02	6.979874261892633769e-02
1.015931744867609382e+03	2.764695263070207631e-01	1.793351332188892477e-01	2.367757684706370269e-01	1.422546080724711726e-01	6.809466533577210323e-02	2.715444366883514038e-02	6.991585492608433372e-02
1.018350629974437197e+03	2.760456537776742048e-01	1.790640466531308317e-01	2.370680531638643673e-01	1.424269113551261956e-01	6.816080401471574790e-02	2.720183202679951617e-02	7.003269900839902140e-02
1.020769515081264785e+03	2.756230150802441159e-01	1.787937143085823744e-01	2.373594078554148168e-01	1.425986623117624918e-01	6.822678928614957228e-02	2.724913682337766832e-02	7.014927433417880720e-02
1.023188400188092373e+03	2.752016065826954905e-01	1.785241340251756403e-01	2.376498360235196616e-01	1.427698639483426790e-01	6.829262135626922026e-02	2.729635766720674150e-02	7.026558039650042387e-02
1.025607285294920075e+03	2.747814246649001868e-01	1.782553036494569920e-01	2.379393411233286793e-01	1.429405192381835166e-01	6.835830043389611033e-02	2.734349417721423925e-02	7.038161671273021613e-02
1.028026170401747549e+03	2.743624657185775306e-01	1.779872210345606331e-01	2.382279265872065399e-01	1.431106311224447925e-01	6.842382673041844110e-02	2.739054598244804531e-02	7.049738282405391965e-02
1.030445055508575479e+03	2.739447261472358619e-01	1.777198840401821300e-01	2.385155958250246011e-01	1.432802025106102162e-01	6.848920045973323767e-02	2.743751272190912346e-02	7.061287829501466939e-02
1.032863940615402726e+03	2.735282023661140260e-01	1.774532905325519605e-01	2.388023522244476504e-01	1.434492362809606514e-01	6.855442183818943880e-02	2.748439404438688879e-02	7.072810271305920993e-02
1.035282825722230655e+03	2.731128908021237534e-01	1.771874383844093959e-01	2.390881991512160687e-01	1.436177352810394381e-01	6.861949108453180290e-02	2.753118960829718104e-02	7.084305568809215470e-02
1.037701710829058356e+03	2.726987878937926491e-01	1.769223254749766050e-01	2.393731399494232470e-01	1.437857023281103597e-01	6.868440841984599365e-02	2.757789908152280881e-02	7.095773685203808634e-02
1.040120595935886058e+03	2.722858900912077385e-01	1.766579496899328139e-01	2.396571779417885351e-01	1.439531402096081714e-01	6.874917406750444271e-02	2.762452214125663344e-02	7.107214585841135912e-02
1.042539481042713533e+03	2.718741938559594562e-01	1.763943089213888538e-01	2.399403164299256097e-01	1.441200516835818013e-01	6.881378825311318392e-02	2.767105847384713352e-02	7.118628238189363133e-02
1.044958366149541234e+03	2.714636956610861351e-01	1.761314010678618203e-01	2.402225586946065139e-01	1.442864394791303628e-01	6.887825120445965899e-02	2.771750777464642573e-02	7.130014611791876677e-02
1.047377251256368709e+03	2.710543919910191613e-01	1.758692240342498714e-01	2.405039079960212822e-01	1.444523062968321447e-01	6.894256315146130021e-02	2.776386974786069009e-02	7.141373678226520250e-02
1.049796136363196410e+03	2.706462793415287393e-01	1.756077757318073584e-01	2.407843675740334588e-01	1.446176548091666625e-01	6.900672432611514029e-02	2.781014410640296475e-02	7.152705411065536645e-02
1.052215021470024112e+03	2.702393542196698806e-01	1.753470540781199294e-01	2.410639406484311742e-01	1.447824876609299094e-01	6.907073496244815758e-02	2.785633057174828620e-02	7.164009785836235322e-02
1.054633906576851814e+03	2.698336131437291119e-01	1.750870569970801316e-01	2.413426304191743921e-01	1.449468074696428077e-01	6.913459529646859281e-02	2.790242887379111580e-02	7.175286779982349705e-02
1.057052791683679516e+03	2.694290526431717403e-01	1.748277824188629037e-01	2.416204400666379370e-01	1.451106168259532481e-01	6.919830556611798744e-02	2.794843875070502845e-02	7.186536372826082819e-02
1.059471676790506763e+03	2.690256692585892839e-01	1.745692282799013173e-01	2.418973727518506367e-01	1.452739182940314400e-01	6.926186601122413800e-02	2.799435994880463893e-02	7.197758545530823227e-02
1.061890561897334692e+03	2.686234595416479576e-01	1.743113925228626793e-01	2.421734316167304391e-01	1.454367144119588784e-01	6.932527687345486911e-02	2.804019222240967599e-02	7.208953281064525709e-02
1.064309447004162394e+03	2.682224200550368809e-01	1.740542730966246066e-01	2.424486197843158664e-01	1.455990076921112597e-01	6.938853839627247277e-02	2.808593533371126980e-02	7.220120564163737265e-02
1.066728332110990095e+03	2.678225473724176742e-01	1.737978679562513229e-01	2.427229403589935552e-01	1.457608006215349861e-01	6.945165082488913288e-02	2.813158905264031076e-02	7.231260381298272588e-02
1.069147217217817570e+03	2.674238380783736657e-01	1.735421750629702331e-01	2.429963964267222443e-01	1.459220956623177301e-01	6.951461440622293264e-02	2.817715315673791771e-02	7.242372720636505723e-02
1.071566102324645271e+03	2.670262887683599873e-01	1.732871923841484696e-01	2.432689910552528201e-01	1.460828952519530044e-01	6.957742938885476403e-02	2.822262743102792876e-02	7.253457572011282051e-02
1.073984987431472746e+03	2.666298960486541691e-01	1.730329178932698275e-01	2.435407272943452550e-01	1.462432018036987635e-01	6.964009602298587565e-02	2.826801166789147390e-02	7.264514926886446455e-02
1.076403872538300675e+03	2.662346565363070683e-01	1.727793495699116166e-01	2.438116081759815756e-01	1.464030177069303718e-01	6.970261456039625325e-02	2.831330566694344880e-02	7.275544778323946027e-02
1.078822757645127922e+03	2.658405668590941295e-01	1.725264853997220682e-01	2.440816367145756394e-01	1.465623453274878252e-01	6.976498525440366638e-02	2.835850923491102515e-02	7.286547120951540613e-02
1.081241642751955851e+03	2.654476236554674240e-01	1.722743233743974089e-01	2.443508159071793862e-01	1.467211870080173675e-01	6.982720835982338115e-02	2.840362218551403112e-02	7.297521950931079582e-02
1.083660527858783553e+03	2.650558235745075208e-01	1.720228614916594345e-01	2.446191487336858983e-01	1.468795450683076376e-01	6.988928413292867792e-02	2.844864433934724685e-02	7.308469265927335090e-02
1.086079412965611255e+03	2.646651632758765804e-01	1.717720977552331663e-01	2.448866381570289907e-01	1.470374218056204052e-01	6.995121283141200741e-02	2.849357552376456312e-02	7.319389065077408496e-02
1.088498298072438729e+03	2.642756394297711142e-01	1.715220301748246190e-01	2.451532871233796929e-01	1.471948194950160604e-01	7.001299471434675736e-02	2.853841557276497187e-02	7.330281348960665522e-02
1.090917183179266431e+03	2.638872487168755776e-01	1.712726567660986521e-01	2.454190985623396493e-01	1.473517403896736633e-01	7.007463004214978253e-02	2.858316432688035383e-02	7.341146119569220974e-02
1.093336068286093905e+03	2.634999878283164620e-01	1.710239755506571813e-01	2.456840753871311067e-01	1.475081867212061359e-01	7.013611907654457300e-02	2.862782163306505645e-02	7.351983380278938329e-02
1.095754953392921607e+03	2.631138534656163319e-01	1.707759845560173628e-01	2.459482204947841810e-01	1.476641606999702094e-01	7.019746208052501935e-02	2.867238734458721003e-02	7.362793135820962231e-02
1.098173838499749309e+03	2.627288423406484719e-01	1.705286818155900552e-01	2.462115367663209875e-01	1.478196645153714295e-01	7.025865931831976052e-02	2.871686132092176463e-02	7.373575392253742256e-02
1.100592723606577010e+03	2.623449511755924224e-01	1.702820653686582253e-01	2.464740270669366351e-01	1.479747003361643887e-01	7.031971105535733679e-02	2.876124342764521669e-02	7.384330156935571543e-02
1.103011608713404712e+03	2.619621767028889048e-01	1.700361332603556597e-01	2.467356942461776670e-01	1.481292703107478514e-01	7.038061755823180055e-02	2.880553353633201474e-02	7.395057438497608382e-02
1.105430493820231959e+03	2.615805156651959118e-01	1.697908835416457873e-01	2.469965411381173093e-01	1.482833765674555493e-01	7.044137909466892389e-02	2.884973152445258204e-02	7.405757246817383510e-02
1.107849378927059888e+03	2.611999648153449649e-01	1.695463142693006686e-01	2.472565705615282217e-01	1.484370212148420354e-01	7.050199593349308624e-02	2.889383727527297663e-02	7.416429592992780651e-02
1.110268264033887590e+03	2.608205209162977600e-01	1.693024235058801508e-01	2.475157853200521951e-01	1.485902063419640151e-01	7.056246834459468931e-02	2.893785067775611966e-02	7.427074489316484729e-02
1.112687149140715292e+03	2.604421807411028134e-01	1.690592093197108292e-01	2.477741882023673237e-01	1.487429340186572635e-01	7.062279659889814099e-02	2.898177162646458846e-02	7.437691949250885282e-02
1.115106034247542766e+03	2.600649410728528843e-01	1.688166697848656750e-01	2.480317819823524561e-01	1.488952062958090738e-01	7.068298096833043609e-02	2.902560002146495691e-02	7.448281987403432280e-02
1.117524919354370468e+03	2.596887987046428981e-01	1.685748029811434123e-01	2.482885694192490389e-01	1.490470252056261824e-01	7.074302172579020886e-02	2.906933576823365201e-02	7.458844619502431883e-02
1.119943804461197942e+03	2.593137504395278126e-01	1.683336069940481461e-01	2.485445532578204331e-01	1.491983927618987793e-01	7.080291914511747942e-02	2.911297877756427108e-02	7.469379862373283496e-02
1.122362689568025871e+03	2.589397930904805967e-01	1.680930799147691002e-01	2.487997362285086500e-01	1.493493109602598845e-01	7.086267350106376095e-02	2.915652896547640122e-02	7.479887733915130399e-02
1.124781574674853118e+03	2.585669234803513739e-01	1.678532198401605502e-01	2.490541210475885892e-01	1.494997817784410044e-01	7.092228506926281928e-02	2.919998625312584389e-02	7.490368253077946126e-02
1.127200459781681047e+03	2.581951384418263995e-01	1.676140248727217563e-01	2.493077104173198055e-01	1.496498071765233195e-01	7.098175412620186253e-02	2.924335056671630365e-02	7.500821439840017757e-02
1.129619344888508749e+03	2.578244348173870937e-01	1.673754931205772012e-01	2.495605070260960012e-01	1.497993890971851538e-01	7.104108094919331373e-02	2.928662183741242639e-02	7.511247315185848317e-02
1.132038229995336451e+03	2.574548094592700731e-01	1.671376226974566892e-01	2.498125135485920467e-01	1.499485294659452239e-01	7.110026581634705523e-02	2.932980000125423939e-02	7.521645901084440811e-02
1.134457115102163925e+03	2.570862592294267390e-01	1.669004117226757511e-01	2.500637326459088094e-01	1.500972301914023921e-01	7.115930900654314495e-02	2.937288499907293737e-02	7.532017220467993046e-02
1.136876000208991627e+03	2.567187809994841419e-01	1.666638583211162705e-01	2.503141669657154567e-01	1.502454931654712278e-01	7.121821079940501842e-02	2.941587677640801132e-02	7.542361297210956050e-02
1.139294885315819101e+03	2.563523716507050687e-01	1.664279606232069719e-01	2.505638191423898431e-01	1.503933202636140165e-01	7.127697147527321808e-02	2.945877528342565402e-02	7.552678156109486618e-02
1.141713770422646803e+03	2.559870280739492965e-01	1.661927167649041859e-01	2.508126917971563730e-01	1.505407133450691326e-01	7.133559131517949736e-02	2.950158047483850132e-02	7.562967822861263456e-02
1.144132655529474505e+03	2.556227471696346787e-01	1.659581248876725867e-01	2.510607875382220855e-01	1.506876742530755819e-01	7.139407060082146594e-02	2.954429230982659818e-02	7.573230324045664152e-02
1.146551540636302207e+03	2.552595258476987317e-01	1.657241831384662911e-01	2.513081089609101038e-01	1.508342048150940751e-01	7.145240961453769302e-02	2.958691075195965178e-02	7.583465687104312680e-02
1.148970425743129908e+03	2.548973610275603319e-01	1.654908896697098730e-01	2.515546586477915292e-01	1.509803068430246864e-01	7.151060863928312972e-02	2.962943576912047475e-02	7.593673940321961358e-02
1.151389310849957155e+03	2.545362496380820239e-01	1.652582426392795456e-01	2.518004391688150045e-01	1.511259821334208775e-01	7.156866795860516994e-02	2.967186733342968424e-02	7.603855112807732242e-02
1.153808195956785084e+03	2.541761886175323282e-01	1.650262402104843706e-01	2.520454530814341121e-01	1.512712324677003839e-01	7.162658785661997485e-02	2.971420542117154256e-02	7.614009234476692978e-02
1.156227081063612786e+03	2.538171749135484934e-01	1.647948805520477733e-01	2.522897029307330508e-01	1.514160596123523828e-01	7.168436861798926918e-02	2.975645001272100160e-02	7.624136336031771266e-02
1.158645966170440488e+03	2.534592054830992480e-01	1.645641618380890014e-01	2.525331912495504261e-01	1.515604653191417184e-01	7.174201052789758171e-02	2.979860109247189914e-02	7.634236448945985742e-02
1.161064851277267962e+03	2.531022772924482744e-01	1.643340822481046681e-01	2.527759205586007085e-01	1.517044513253097970e-01	7.179951387202986035e-02	2.984065864876627241e-02	7.644309605445008537e-02
1.163483736384095664e+03	2.527463873171177378e-01	1.641046399669505995e-01	2.530178933665944707e-01	1.518480193537721235e-01	7.185687893654953140e-02	2.988262267382480256e-02	7.654355838490047026e-02
1.165902621490923138e+03	2.523915325418519262e-01	1.638758331848234884e-01	2.532591121703557380e-01	1.519911711133130061e-01	7.191410600807690567e-02	2.992449316367835552e-02	7.664375181761028111e-02
1.168321506597751068e+03	2.520377099605812798e-01	1.636476600972429640e-01	2.534995794549389503e-01	1.521339082987769875e-01	7.197119537366798714e-02	2.996627011810059846e-02	7.674367669640089207e-02
1.170740391704578315e+03	2.516849165763869189e-01	1.634201189050335234e-01	2.537392976937428157e-01	1.522762325912573045e-01	7.202814732079372562e-02	3.000795354054168820e-02	7.684333337195375924e-02
1.173159276811406244e+03	2.513331494014648948e-01	1.631932078143066289e-01	2.539782693486230536e-01	1.524181456582813510e-01	7.208496213731947766e-02	3.004954343806300748e-02	7.694272220165131182e-02
1.175578161918233945e+03	2.509824054570913843e-01	1.629669250364430000e-01	2.542164968700034167e-01	1.525596491539932542e-01	7.214164011148506417e-02	3.009103982127293853e-02	7.704184354942070212e-02
1.177997047025061647e+03	2.506326817735874957e-01	1.627412687880749054e-01	2.544539826969847152e-01	1.527007447193335088e-01	7.219818153188505006e-02	3.013244270426362198e-02	7.714069778558046986e-02
1.180415932131889122e+03	2.502839753902847408e-01	1.625162372910686770e-01	2.546907292574523973e-01	1.528414339822158907e-01	7.225458668744937085e-02	3.017375210454875320e-02	7.723928528668998206e-02
1.182834817238716823e+03	2.499362833554904240e-01	1.622918287725069186e-01	2.549267389681826868e-01	1.529817185577014849e-01	7.231085586742438953e-02	3.021496804300234304e-02	7.733760643540155133e-02
1.185253702345544298e+03	2.495896027264536965e-01	1.620680414646714362e-01	2.551620142349465548e-01	1.531216000481699646e-01	7.236698936135424476e-02	3.025609054379844662e-02	7.743566162031542688e-02
1.187672587452371999e+03	2.492439305693314733e-01	1.618448736050257797e-01	2.553965574526125826e-01	1.532610800434883180e-01	7.242298745906257385e-02	3.029711963435184965e-02	7.753345123583720022e-02
1.190091472559199701e+03	2.488992639591547096e-01	1.616223234361980066e-01	2.556303710052481026e-01	1.534001601211766597e-01	7.247885045063452714e-02	3.033805534525968114e-02	7.763097568203805587e-02
1.192510357666027403e+03	2.485555999797950666e-01	1.614003892059636680e-01	2.558634572662186746e-01	1.535388418465717664e-01	7.253457862639914322e-02	3.037889771024396973e-02	7.772823536451740900e-02
1.194929242772855105e+03	2.482129357239314660e-01	1.611790691672287112e-01	2.560958185982863955e-01	1.536771267729877544e-01	7.259017227691202945e-02	3.041964676609508478e-02	7.782523069426819373e-02
1.197348127879682352e+03	2.478712682930172273e-01	1.609583615780124655e-01	2.563274573537064893e-01	1.538150164418744248e-01	7.264563169293843103e-02	3.046030255261607603e-02	7.792196208754445519e-02
1.199767012986510281e+03	2.475305947972472054e-01	1.607382647014309884e-01	2.565583758743223974e-01	1.539525123829730280e-01	7.270095716543643893e-02	3.050086511256792227e-02	7.801842996573157829e-02
1.202185898093337983e+03	2.471909123555252330e-01	1.605187768056801079e-01	2.567885764916595925e-01	1.540896161144696408e-01	7.275614898554073895e-02	3.054133449161560224e-02	7.811463475521870925e-02
1.204604783200165684e+03	2.468522180954317857e-01	1.602998961640188513e-01	2.570180615270177826e-01	1.542263291431460459e-01	7.281120744454647187e-02	3.058171073827503986e-02	7.821057688727366120e-02
1.207023668306993159e+03	2.465145091531917854e-01	1.600816210547528207e-01	2.572468332915621159e-01	1.543626529645284184e-01	7.286613283389345441e-02	3.062199390386089598e-02	7.830625679792008187e-02
1.209442553413820860e+03	2.461777826736427921e-01	1.598639497612176497e-01	2.574748940864128310e-01	1.544985890630335978e-01	7.292092544515078878e-02	3.066218404243516854e-02	7.840167492781681402e-02
1.211861438520648335e+03	2.458420358102031966e-01	1.596468805717626283e-01	2.577022462027330207e-01	1.546341389121129173e-01	7.297558557000152768e-02	3.070228121075660802e-02	7.849683172213961502e-02
1.214280323627476264e+03	2.455072657248408008e-01	1.594304117797343823e-01	2.579288919218163390e-01	1.547693039743941734e-01	7.303011350022793613e-02	3.074228546823095515e-02	7.859172763046491650e-02
1.216699208734303511e+03	2.451734695880414538e-01	1.592145416834605254e-01	2.581548335151720996e-01	1.549040857018209316e-01	7.308450952769672548e-02	3.078219687686193154e-02	7.868636310665584610e-02
1.219118093841131440e+03	2.448406445787778829e-01	1.589992685862335886e-01	2.583800732446099868e-01	1.550384855357899994e-01	7.313877394434474544e-02	3.082201550120303168e-02	7.878073860875028922e-02
1.221536978947959142e+03	2.445087878844790508e-01	1.587845907962947556e-01	2.586046133623231547e-01	1.551725049072865403e-01	7.319290704216489807e-02	3.086174140831006094e-02	7.887485459885106021e-02
1.223955864054786844e+03	2.441778967009992640e-01	1.585705066268180419e-01	2.588284561109700510e-01	1.553061452370173012e-01	7.324690911319234332e-02	3.090137466769443675e-02	7.896871154301808582e-02
1.226374749161614318e+03	2.438479682325876696e-01	1.583570143958942245e-01	2.590516037237554081e-01	1.554394079355415070e-01	7.330078044949088489e-02	3.094091535127722892e-02	7.906230991116257323e-02
1.228793634268442020e+03	2.435189996918580568e-01	1.581441124265150766e-01	2.592740584245096236e-01	1.555722944033999799e-01	7.335452134313967532e-02	3.098036353334389370e-02	7.915565017694321803e-02
1.231212519375269494e+03	2.431909882997587147e-01	1.579317990465574084e-01	2.594958224277671976e-01	1.557048060312420379e-01	7.340813208622018471e-02	3.101971929049979204e-02	7.924873281766423028e-02
1.233631404482097196e+03	2.428639312855424559e-01	1.577200725887675514e-01	2.597168979388440602e-01	1.558369441999504779e-01	7.346161297080337771e-02	3.105898270162634270e-02	7.934155831417531723e-02
1.236050289588924898e+03	2.425378258867369186e-01	1.575089313907455935e-01	2.599372871539136209e-01	1.559687102807648107e-01	7.351496428893715407e-02	3.109815384783790396e-02	7.943412715077359521e-02
1.238469174695752372e+03	2.422126693491150895e-01	1.572983737949298910e-01	2.601569922600818208e-01	1.561001056354023031e-01	7.356818633263398355e-02	3.113723281243934576e-02	7.952643981510716664e-02
1.240888059802580301e+03	2.418884589266657725e-01	1.570883981485815262e-01	2.603760154354611278e-01	1.562311316161773267e-01	7.362127939385886000e-02	3.117621968088426024e-02	7.961849679808066793e-02
1.243306944909407548e+03	2.415651918815645838e-01	1.568790028037689577e-01	2.605943588492434237e-01	1.563617895661187640e-01	7.367424376451743584e-02	3.121511454073386607e-02	7.971029859376248250e-02
1.245725830016235477e+03	2.412428654841447528e-01	1.566701861173526444e-01	2.608120246617717797e-01	1.564920808190856660e-01	7.372707973644439250e-02	3.125391748161654437e-02	7.980184569929364702e-02
1.248144715123063179e+03	2.409214770128685068e-01	1.564619464509697522e-01	2.610290150246113994e-01	1.566220066998811611e-01	7.377978760139197734e-02	3.129262859518802675e-02	7.989313861479861723e-02
1.250563600229890881e+03	2.406010237542982322e-01	1.562542821710190266e-01	2.612453320806191193e-01	1.567515685243644208e-01	7.383236765101887367e-02	3.133124797509221487e-02	7.998417784329757418e-02
1.252982485336718355e+03	2.402815030030680254e-01	1.560471916486455279e-01	2.614609779640124643e-01	1.568807675995611273e-01	7.388482017687920955e-02	3.136977571692260713e-02	8.007496389062043751e-02
1.255401370443546057e+03	2.399629120618554934e-01	1.558406732597257260e-01	2.616759548004375380e-01	1.570096052237720530e-01	7.393714547041180252e-02	3.140821191818434638e-02	8.016549726532240516e-02
1.257820255550373531e+03	2.396452482413534424e-01	1.556347253848524570e-01	2.618902647070356360e-01	1.571380826866801417e-01	7.398934382292957079e-02	3.144655667825686785e-02	8.025577847860125569e-02
1.260239140657201460e+03	2.393285088602420396e-01	1.554293464093199351e-01	2.621039097925091932e-01	1.572662012694558131e-01	7.404141552560922213e-02	3.148481009835713690e-02	8.034580804421601052e-02
1.262658025764028707e+03	2.390126912451608632e-01	1.552245347231090700e-01	2.623168921571869538e-01	1.573939622448606024e-01	7.409336086948108135e-02	3.152297228150348352e-02	8.043558647840730325e-02
1.265076910870856636e+03	2.386977927306813962e-01	1.550202887208725067e-01	2.625292138930878094e-01	1.575213668773493836e-01	7.414518014541920943e-02	3.156104333247998495e-02	8.052511429981908109e-02
1.267495795977684338e+03	2.383838106592793549e-01	1.548166068019199149e-01	2.627408770839841368e-01	1.576484164231709562e-01	7.419687364413155017e-02	3.159902335780143123e-02	8.061439202942194404e-02
1.269914681084511813e+03	2.380707423813075430e-01	1.546134873702034451e-01	2.629518838054641927e-01	1.577751121304669657e-01	7.424844165615045177e-02	3.163691246567885279e-02	8.070342019043785786e-02
1.272333566191339514e+03	2.377585852549684853e-01	1.544109288343031017e-01	2.631622361249931208e-01	1.579014552393694926e-01	7.429988447182325761e-02	3.167471076598556146e-02	8.079219930826628260e-02
1.274752451298167216e+03	2.374473366462876156e-01	1.542089296074121429e-01	2.633719361019739025e-01	1.580274469820970862e-01	7.435120238130313308e-02	3.171241837022378135e-02	8.088072991041170279e-02
1.277171336404994690e+03	2.371369939290861872e-01	1.540074881073227042e-01	2.635809857878068652e-01	1.581530885830491895e-01	7.440239567454004499e-02	3.175003539149175852e-02	8.096901252641260094e-02
1.279590221511822392e+03	2.368275544849547387e-01	1.538066027564114202e-01	2.637893872259486905e-01	1.582783812588994254e-01	7.445346464127197694e-02	3.178756194445143263e-02	8.105704768777172164e-02
1.282009106618650094e+03	2.365190157032264207e-01	1.536062719816249367e-01	2.639971424519705345e-01	1.584033262186869961e-01	7.450440957101624184e-02	3.182499814529658050e-02	8.114483592788765409e-02
1.284427991725477568e+03	2.362113749809505725e-01	1.534064942144658938e-01	2.642042534936152043e-01	1.585279246639073603e-01	7.455523075306103031e-02	3.186234411172154252e-02	8.123237778198777459e-02
1.286846876832305497e+03	2.359046297228665490e-01	1.532072678909784103e-01	2.644107223708537235e-01	1.586521777886007734e-01	7.460592847645708403e-02	3.189959996289033067e-02	8.131967378706239646e-02
1.289265761939132744e+03	2.355987773413775743e-01	1.530085914517342882e-01	2.646165510959411771e-01	1.587760867794400232e-01	7.465650303000959109e-02	3.193676581940634723e-02	8.140672448180030774e-02
1.291684647045960673e+03	2.352938152565245689e-01	1.528104633418185532e-01	2.648217416734714447e-01	1.588996528158167221e-01	7.470695470227019241e-02	3.197384180328247116e-02	8.149353040652533575e-02
1.294103532152788375e+03	2.349897408959605860e-01	1.526128820108157147e-01	2.650262961004317130e-01	1.590228770699260441e-01	7.475728378152922404e-02	3.201082803791174131e-02	8.158009210313432735e-02
1.296522417259616077e+03	2.346865516949249442e-01	1.524158459127955556e-01	2.652302163662557666e-01	1.591457607068505198e-01	7.480749055580794560e-02	3.204772464803840037e-02	8.166641011503626701e-02
1.298941302366443551e+03	2.343842450962176915e-01	1.522193535062995318e-01	2.654335044528768339e-01	1.592683048846422478e-01	7.485757531285119892e-02	3.208453175972945243e-02	8.175248498709247746e-02
1.301360187473271253e+03	2.340828185501742376e-01	1.520234032543265890e-01	2.656361623347796019e-01	1.593905107544041633e-01	7.490753834011996959e-02	3.212124950034665749e-02	8.183831726555808317e-02
1.303779072580098727e+03	2.337822695146400120e-01	1.518279936243196737e-01	2.658381919790519521e-01	1.595123794603698353e-01	7.495737992478422596e-02	3.215787799851899803e-02	8.192390749802455630e-02
1.306197957686926657e+03	2.334825954549453464e-01	1.516331230881517167e-01	2.660395953454351980e-01	1.596339121399821537e-01	7.500710035371589701e-02	3.219441738411554788e-02	8.200925623336337289e-02
1.308616842793753904e+03	2.331837938438804103e-01	1.514387901221121713e-01	2.662403743863742678e-01	1.597551099239709060e-01	7.505669991348194736e-02	3.223086778821877829e-02	8.209436402167073765e-02
1.311035727900581833e+03	2.328858621616703706e-01	1.512449932068933023e-01	2.664405310470671640e-01	1.598759739364289389e-01	7.510617889033766037e-02	3.226722934309832896e-02	8.217923141421344668e-02
1.313454613007409534e+03	2.325887978959506608e-01	1.510517308275765858e-01	2.666400672655134807e-01	1.599965052948875421e-01	7.515553757022000458e-02	3.230350218218514674e-02	8.226385896337576331e-02
1.315873498114237009e+03	2.322925985417422234e-01	1.508590014736191920e-01	2.668389849725626983e-01	1.601167051103904171e-01	7.520477623874123607e-02	3.233968644004605458e-02	8.234824722260730701e-02
1.318292383221064711e+03	2.319972616014272238e-01	1.506668036388407461e-01	2.670372860919614788e-01	1.602365744875664799e-01	7.525389518118244525e-02	3.237578225235875073e-02	8.243239674637199699e-02
1.320711268327892412e+03	2.317027845847244583e-01	1.504751358214096169e-01	2.672349725404004617e-01	1.603561145247019426e-01	7.530289468248746454e-02	3.241178975588718258e-02	8.251630809009792566e-02
1.323130153434719887e+03	2.314091650086652907e-01	1.502839965238297604e-01	2.674320462275607269e-01	1.604753263138108954e-01	7.535177502725677601e-02	3.244770908845730911e-02	8.259998181012835616e-02
1.325549038541547588e+03	2.311164003975693659e-01	1.500933842529273976e-01	2.676285090561589808e-01	1.605942109407050844e-01	7.540053649974154393e-02	3.248354038893323803e-02	8.268341846367349701e-02
1.327967923648375290e+03	2.308244882830207678e-01	1.499032975198377193e-01	2.678243629219929645e-01	1.607127694850625510e-01	7.544917938383785549e-02	3.251928379719382783e-02	8.276661860876338705e-02
1.330386808755202765e+03	2.305334262038440385e-01	1.497137348399918133e-01	2.680196097139858069e-01	1.608310030204953278e-01	7.549770396308098930e-02	3.255493945410953271e-02	8.284958280420157140e-02
1.332805693862030694e+03	2.302432117060804473e-01	1.495246947331033693e-01	2.682142513142297680e-01	1.609489126146159965e-01	7.554611052063991972e-02	3.259050750151973319e-02	8.293231160951977654e-02
1.335224578968857941e+03	2.299538423429643152e-01	1.493361757231557729e-01	2.684082895980298145e-01	1.610664993291033853e-01	7.559439933931184907e-02	3.262598808221037205e-02	8.301480558493348760e-02
1.337643464075685870e+03	2.296653156748995894e-01	1.491481763383889492e-01	2.686017264339461419e-01	1.611837642197671838e-01	7.564257070151687856e-02	3.266138133989193726e-02	8.309706529129830266e-02
1.340062349182513572e+03	2.293776292694363339e-01	1.489606951112864563e-01	2.687945636838365848e-01	1.613007083366116146e-01	7.569062488929283183e-02	3.269668741917784727e-02	8.317909129006732794e-02
1.342481234289341273e+03	2.290907807012475261e-01	1.487737305785624964e-01	2.689868032028981393e-01	1.614173327238983269e-01	7.573856218429013409e-02	3.273190646556314864e-02	8.326088414324919751e-02
1.344900119396168748e+03	2.288047675521058533e-01	1.485872812811490917e-01	2.691784468397083740e-01	1.615336384202080700e-01	7.578638286776689936e-02	3.276703862540356060e-02	8.334244441336713383e-02
1.347319004502996449e+03	2.285195874108605640e-01	1.484013457641832900e-01	2.693694964362659539e-01	1.616496264585016718e-01	7.583408722058403162e-02	3.280208404589485260e-02	8.342377266341867437e-02
1.349737889609823924e+03	2.282352378734146814e-01	1.482159225769942856e-01	2.695599538280307739e-01	1.617652978661799912e-01	7.588167552320046472e-02	3.283704287505254116e-02	8.350486945683635587e-02
1.352156774716651853e+03	2.279517165427020486e-01	1.480310102730907074e-01	2.697498208439637613e-01	1.618806536651430927e-01	7.592914805566855496e-02	3.287191526169197520e-02	8.358573535744899530e-02
1.354575659823479100e+03	2.276690210286646532e-01	1.478466074101481009e-01	2.699390993065657884e-01	1.619956948718485612e-01	7.597650509762952920e-02	3.290670135540863656e-02	8.366637092944388676e-02
1.356994544930307029e+03	2.273871489482299224e-01	1.476627125499961057e-01	2.701277910319167530e-01	1.621104224973686780e-01	7.602374692830905778e-02	3.294140130655887760e-02	8.374677673732976169e-02
1.359413430037134731e+03	2.271060979252883805e-01	1.474793242586059649e-01	2.703158978297134363e-01	1.622248375474472093e-01	7.607087382651289698e-02	3.297601526624085316e-02	8.382695334590041514e-02
1.361832315143962205e+03	2.268258655906711108e-01	1.472964411060779799e-01	2.705034215033074174e-01	1.623389410225550000e-01	7.611788607062271172e-02	3.301054338627583407e-02	8.390690132019913705e-02
1.364251200250789907e+03	2.265464495821274682e-01	1.471140616666289924e-01	2.706903638497424325e-01	1.624527339179448193e-01	7.616478393859187068e-02	3.304498581918979827e-02	8.398662122548375408e-02
1.366670085357617609e+03	2.262678475443029025e-01	1.469321845185800335e-01	2.708767266597911227e-01	1.625662172237056224e-01	7.621156770794150492e-02	3.307934271819532035e-02	8.406611362719258740e-02
1.369088970464445310e+03	2.259900571287169202e-01	1.467508082443438333e-01	2.710625117179914501e-01	1.626793919248156750e-01	7.625823765575649726e-02	3.311361423717376629e-02	8.414537909091091006e-02
1.371507855571272785e+03	2.257130759937410747e-01	1.465699314304125256e-01	2.712477208026827236e-01	1.627922590011952053e-01	7.630479405868165199e-02	3.314780053065772419e-02	8.422441818233813993e-02
1.373926740678100487e+03	2.254369018045769835e-01	1.463895526673453240e-01	2.714323556860411268e-01	1.629048194277580852e-01	7.635123719291798949e-02	3.318190175381379586e-02	8.430323146725575423e-02
1.376345625784927961e+03	2.251615322332346514e-01	1.462096705497563376e-01	2.716164181341146899e-01	1.630170741744629004e-01	7.639756733421901314e-02	3.321591806242560341e-02	8.438181951149582860e-02
1.378764510891755890e+03	2.248869649585108488e-01	1.460302836763023027e-01	2.717999099068581503e-01	1.631290242063631324e-01	7.644378475788719818e-02	3.324984961287711510e-02	8.446018288091024229e-02
1.381183395998583137e+03	2.246131976659673235e-01	1.458513906496704260e-01	2.719828327581673699e-01	1.632406704836567024e-01	7.648988973877045294e-02	3.328369656213620020e-02	8.453832214134045231e-02
1.383602281105411066e+03	2.243402280479095123e-01	1.456729900765662555e-01	2.721651884359130857e-01	1.633520139617348765e-01	7.653588255125877426e-02	3.331745906773846827e-02	8.461623785858798930e-02
1.386021166212238768e+03	2.240680538033650582e-01	1.454950805677016623e-01	2.723469786819742167e-01	1.634630555912303107e-01	7.658176346928090295e-02	3.335113728777138603e-02	8.469393059838545290e-02
1.388440051319066470e+03	2.237966726380625215e-01	1.453176607377827945e-01	2.725282052322712811e-01	1.635737963180644294e-01	7.662753276630107635e-02	3.338473138085861630e-02	8.477140092636825663e-02
1.390858936425893944e+03	2.235260822644102308e-01	1.451407292054979759e-01	2.727088698167991487e-01	1.636842370834941662e-01	7.667319071531590591e-02	3.341824150614466915e-02	8.484864940804684452e-02
1.393277821532721646e+03	2.232562804014750768e-01	1.449642845935060209e-01	2.728889741596591811e-01	1.637943788241580656e-01	7.671873758885135175e-02	3.345166782327969879e-02	8.492567660877949065e-02
1.395696706639549120e+03	2.229872647749616688e-01	1.447883255284241055e-01	2.730685199790913731e-01	1.639042224721216356e-01	7.676417365895962797e-02	3.348501049240469596e-02	8.500248309374573707e-02
1.398115591746377049e+03	2.227190331171913229e-01	1.446128506408159986e-01	2.732475089875059382e-01	1.640137689549220346e-01	7.680949919721637154e-02	3.351826967413676361e-02	8.507906942792034521e-02
1.400534476853204296e+03	2.224515831670812460e-01	1.444378585651802660e-01	2.734259428915145618e-01	1.641230191956122852e-01	7.685471447471775575e-02	3.355144552955475340e-02	8.515543617604781623e-02
1.402953361960032225e+03	2.221849126701237742e-01	1.442633479399385299e-01	2.736038233919614315e-01	1.642319741128046573e-01	7.689981976207781178e-02	3.358453822018506868e-02	8.523158390261745265e-02
1.405372247066859927e+03	2.219190193783658338e-01	1.440893174074235894e-01	2.737811521839536022e-01	1.643406346207134383e-01	7.694481532942561153e-02	3.361754790798771042e-02	8.530751317183887794e-02
1.407791132173687402e+03	2.216539010503882634e-01	1.439157656138679853e-01	2.739579309568914156e-01	1.644490016291973722e-01	7.698970144640276958e-02	3.365047475534259369e-02	8.538322454761823610e-02
1.410210017280515103e+03	2.213895554512855246e-01	1.437426912093921483e-01	2.741341613944984212e-01	1.645570760438010705e-01	7.703447838216086196e-02	3.368331892503600988e-02	8.545871859353468269e-02
1.412628902387342805e+03	2.211259803526451351e-01	1.435700928479928806e-01	2.743098451748506861e-01	1.646648587657961182e-01	7.707914640535891426e-02	3.371608058024739424e-02	8.553399587281759753e-02
1.415047787494170507e+03	2.208631735325275458e-01	1.433979691875317541e-01	2.744849839704063266e-01	1.647723506922216252e-01	7.712370578416102851e-02	3.374875988453623910e-02	8.560905694832413038e-02
1.417466672600997981e+03	2.206011327754459073e-01	1.432263188897237027e-01	2.746595794480344299e-01	1.648795527159239716e-01	7.716815678623406560e-02	3.378135700182925694e-02	8.568390238251732960e-02
1.419885557707825683e+03	2.203398558723458356e-01	1.430551406201254760e-01	2.748336332690434203e-01	1.649864657255962208e-01	7.721249967874532771e-02	3.381387209640774466e-02	8.575853273744468708e-02
1.422304442814653157e+03	2.200793406205855673e-01	1.428844330481241764e-01	2.750071470892094805e-01	1.650930906058167280e-01	7.725673472836037947e-02	3.384630533289518378e-02	8.583294857471714112e-02
1.424723327921481086e+03	2.198195848239159200e-01	1.427141948469258237e-01	2.751801225588048627e-01	1.651994282370874978e-01	7.730086220124092466e-02	3.387865687624499328e-02	8.590715045548860673e-02
1.427142213028308333e+03	2.195605862924605300e-01	1.425444246935441417e-01	2.753525613226250890e-01	1.653054794958719043e-01	7.734488236304266906e-02	3.391092689172850450e-02	8.598113894043586669e-02
1.429561098135136262e+03	2.193023428426958410e-01	1.423751212687890955e-01	2.755244650200165957e-01	1.654112452546315781e-01	7.738879547891334976e-02	3.394311554492314420e-02	8.605491458973900387e-02
1.431979983241963964e+03	2.190448522974317302e-01	1.422062832572558166e-01	2.756958352849040450e-01	1.655167263818632939e-01	7.743260181349077842e-02	3.397522300170081888e-02	8.612847796306216663e-02
1.434398868348791666e+03	2.187881124857917470e-01	1.420379093473130849e-01	2.758666737458167484e-01	1.656219237421349411e-01	7.747630163090088451e-02	3.400724942821645863e-02	8.620182961953479217e-02
1.436817753455619140e+03	2.185321212431935445e-01	1.418699982310923091e-01	2.760369820259155893e-01	1.657268381961211068e-01	7.751989519475599444e-02	3.403919499089676920e-02	8.627497011773331559e-02
1.439236638562446842e+03	2.182768764113295346e-01	1.417025486044763694e-01	2.762067617430191135e-01	1.658314706006382977e-01	7.756338276815290256e-02	3.407105985642919221e-02	8.634790001566317041e-02
1.441655523669274316e+03	2.180223758381474863e-01	1.415355591670884594e-01	2.763760145096296750e-01	1.659358218086794678e-01	7.760676461367126133e-02	3.410284419175099030e-02	8.642061987074130258e-02
1.444074408776102018e+03	2.177686173778311529e-01	1.413690286222809567e-01	2.765447419329589707e-01	1.660398926694481581e-01	7.765004099337187438e-02	3.413454816403856812e-02	8.649313023977897585e-02
1.446493293882929493e+03	2.175155988907812310e-01	1.412029556771244587e-01	2.767129456149536870e-01	1.661436840283921634e-01	7.769321216879505887e-02	3.416617194069695301e-02	8.656543167896509072e-02
1.448912178989757422e+03	2.172633182435961263e-01	1.410373390423967088e-01	2.768806271523206464e-01	1.662471967272368123e-01	7.773627840095911901e-02	3.419771568934942135e-02	8.663752474384975311e-02
1.451331064096585123e+03	2.170117733090529688e-01	1.408721774325717435e-01	2.770477881365518980e-01	1.663504316040175235e-01	7.777923995035881943e-02	3.422917957782735388e-02	8.670940998932828714e-02
1.453749949203412370e+03	2.167609619660885167e-01	1.407074695658087626e-01	2.772144301539493094e-01	1.664533894931122804e-01	7.782209707696392809e-02	3.426056377416019511e-02	8.678108796962559490e-02
1.456168834310240300e+03	2.165108820997803663e-01	1.405432141639414156e-01	2.773805547856490472e-01	1.665560712252733278e-01	7.786485004021782841e-02	3.429186844656564870e-02	8.685255923828094637e-02
1.458587719417068001e+03	2.162615316013281608e-01	1.403794099524668382e-01	2.775461636076458904e-01	1.666584776276586466e-01	7.790749909903615933e-02	3.432309376343996299e-02	8.692382434813294978e-02
1.461006604523895703e+03	2.160129083680347450e-01	1.402160556605349107e-01	2.777112581908169897e-01	1.667606095238629293e-01	7.795004451180549687e-02	3.435423989334843164e-02	8.699488385130509094e-02
1.463425489630723177e+03	2.157650103032875410e-01	1.400531500209374058e-01	2.778758401009459589e-01	1.668624677339480833e-01	7.799248653638209128e-02	3.438530700501604698e-02	8.706573829919146690e-02
1.465844374737550879e+03	2.155178353165399796e-01	1.398906917700972197e-01	2.780399108987461898e-01	1.669640530744733731e-01	7.803482543009068739e-02	3.441629526731827815e-02	8.713638824244283876e-02
1.468263259844378354e+03	2.152713813232929319e-01	1.397286796480578797e-01	2.782034721398841115e-01	1.670653663585252025e-01	7.807706144972331730e-02	3.444720484927205062e-02	8.720683423095314246e-02
1.470682144951206283e+03	2.150256462450762796e-01	1.395671123984724704e-01	2.783665253750024493e-01	1.671664083957462577e-01	7.811919485153821785e-02	3.447803592002681577e-02	8.727707681384615224e-02
1.473101030058033530e+03	2.147806280094305686e-01	1.394059887685933641e-01	2.785290721497428734e-01	1.672671799923646785e-01	7.816122589125873432e-02	3.450878864885584263e-02	8.734711653946264365e-02
1.475519915164861459e+03	2.145363245498886351e-01	1.392453075092613957e-01	2.786911140047686475e-01	1.673676819512223690e-01	7.820315482407229346e-02	3.453946320514758583e-02	8.741695395534773705e-02
1.477938800271689161e+03	2.142927338059574804e-01	1.390850673748954269e-01	2.788526524757872216e-01	1.674679150718031972e-01	7.824498190462947367e-02	3.457005975839726186e-02	8.748658960823857411e-02
1.480357685378516862e+03	2.140498537230999809e-01	1.389252671234817160e-01	2.790136890935723257e-01	1.675678801502608339e-01	7.828670738704296417e-02	3.460057847819852234e-02	8.755602404405228578e-02
1.482776570485344337e+03	2.138076822527168463e-01	1.387659055165634259e-01	2.791742253839860077e-01	1.676675779794460086e-01	7.832833152488670458e-02	3.463101953423527307e-02	8.762525780787432106e-02
