1.001418434226643626e+03	2.789518273529805192e-01	1.810452961159110252e-01	2.350448870301007076e-01	1.412099986229270743e-01	6.771806748740434589e-02	2.683660531779950148e-02	6.919331807258663480e-02
1.003837319333471214e+03	2.785189067646003935e-01	1.807708580001637644e-01	2.353440792576332596e-01	1.413851552811525858e-01	6.778576188153818960e-02	2.688400071664990079e-02	6.931123809797162805e-02
1.006256204440298802e+03	2.780872502076888186e-01	1.804971814375896932e-01	2.356423210366098420e-01	1.415597381687797862e-01	6.785330240288128811e-02	2.693131995013670413e-02	6.942888679602361723e-02
1.008675089547126618e+03	2.776568539448758810e-01	1.802242642517407900e-01	2.359396158278151689e-01	1.417337507128446639e-01	6.792068916586248284e-02	2.697856251758150997e-02	6.954626357898922862e-02
1.011093974653954206e+03	2.772277142512992731e-01	1.799521042727785514e-01	2.362359670698621905e-01	1.419071962987928370e-01	6.798792228964840867e-02	2.702572793035772081e-02	6.966336788697069515e-02
1.013512859760782021e+03	2.767998274145366255e-01	1.796806993374478190e-01	2.365313781794855519e-01	1.420800782711519605e-01	6.805500189804314370e-02	2.707281571168765333e-02	6.978019918735693661e-02
1.015931744867609382e+03	2.763731897345388377e-01	1.794100472890506615e-01	2.368258525518295576e-01	1.422523999341926970e-01	6.812192811938971859e-02	2.711982539644300708e-02	6.989675697426529777e-02
1.018350629974437197e+03	2.759477975235640201e-01	1.791401459774207838e-01	2.371193935607313341e-01	1.424241645525780864e-01	6.818870108647329120e-02	2.716675653094863599e-02	7.001304076799365339e-02
1.020769515081264785e+03	2.755236471061122128e-01	1.788709932588979368e-01	2.374120045589989958e-01	1.425953753520019796e-01	6.825532093642615317e-02	2.721360867278956736e-02	7.012905011448294923e-02
1.023188400188092373e+03	2.751007348188608259e-01	1.786025869963026036e-01	2.377036888786849822e-01	1.427660355198162312e-01	6.832178781063440176e-02	2.726038139062119878e-02	7.024478458478954079e-02
1.025607285294920075e+03	2.746790570106006912e-01	1.783349250589108537e-01	2.379944498313545098e-01	1.429361482056471788e-01	6.838810185464619384e-02	2.730707426398264887e-02	7.036024377456762124e-02
1.028026170401747549e+03	2.742586100421730011e-01	1.780680053224293902e-01	2.382842907083494721e-01	1.431057165220015193e-01	6.845426321808181780e-02	2.735368688311316451e-02	7.047542730356132212e-02
1.030445055508575479e+03	2.738393902864066920e-01	1.778018256689707921e-01	2.385732147810477044e-01	1.432747435448615547e-01	6.852027205454515324e-02	2.740021884877158823e-02	7.059033481510616770e-02
1.032863940615402726e+03	2.734213941280566607e-01	1.775363839870289784e-01	2.388612253011176134e-01	1.434432323142705301e-01	6.858612852153693484e-02	2.744666977205878489e-02	7.070496597564010499e-02
1.035282825722230655e+03	2.730046179637424797e-01	1.772716781714548384e-01	2.391483255007685882e-01	1.436111858349076176e-01	6.865183278036943171e-02	2.749303927424300020e-02	7.081932047422356824e-02
1.037701710829058356e+03	2.725890582018881680e-01	1.770077061234319460e-01	2.394345185929969144e-01	1.437786070766530477e-01	6.871738499608268103e-02	2.753932698658811962e-02	7.093339802206857780e-02
1.040120595935886058e+03	2.721747112626619058e-01	1.767444657504527172e-01	2.397198077718274978e-01	1.439454989751435543e-01	6.878278533736224831e-02	2.758553255018472705e-02	7.104719835207667922e-02
1.042539481042713533e+03	2.717615735779173036e-01	1.764819549662945131e-01	2.400041962125512851e-01	1.441118644323182985e-01	6.884803397645838929e-02	2.763165561578398086e-02	7.116072121838558362e-02
1.044958366149541234e+03	2.713496415911340609e-01	1.762201716909959359e-01	2.402876870719586611e-01	1.442777063169553564e-01	6.891313108910682161e-02	2.767769584363419244e-02	7.127396639592431526e-02
1.047377251256368709e+03	2.709389117573606232e-01	1.759591138508333763e-01	2.405702834885688479e-01	1.444430274651989921e-01	6.897807685445070391e-02	2.772365290332013885e-02	7.138693367997668571e-02
1.049796136363196410e+03	2.705293805431563392e-01	1.756987793782977536e-01	2.408519885828551976e-01	1.446078306810777703e-01	6.904287145496419698e-02	2.776952647360499127e-02	7.149962288575303915e-02
1.052215021470024112e+03	2.701210444265348398e-01	1.754391662120713680e-01	2.411328054574667923e-01	1.447721187370140661e-01	6.910751507637731550e-02	2.781531624227484914e-02	7.161203384797004690e-02
1.054633906576851814e+03	2.697138998969076384e-01	1.751802722970048631e-01	2.414127371974458813e-01	1.449358943743244699e-01	6.917200790760212603e-02	2.786102190598584508e-02	7.172416642043837054e-02
1.057052791683679516e+03	2.693079434550286755e-01	1.749220955840945779e-01	2.416917868704420436e-01	1.450991603037117550e-01	6.923635014066029103e-02	2.790664317011376169e-02	7.183602047565808280e-02
1.059471676790506763e+03	2.689031716129389182e-01	1.746646340304597034e-01	2.419699575269222136e-01	1.452619192057484909e-01	6.930054197061191745e-02	2.795217974860611868e-02	7.194759590442181829e-02
1.061890561897334692e+03	2.684995808939120154e-01	1.744078855993199395e-01	2.422472522003774331e-01	1.454241737313521909e-01	6.936458359548565433e-02	2.799763136383668152e-02	7.205889261542526569e-02
1.064309447004162394e+03	2.680971678324001184e-01	1.741518482599730966e-01	2.425236739075258274e-01	1.455859265022524662e-01	6.942847521621012263e-02	2.804299774646239196e-02	7.216991053488512609e-02
1.066728332110990095e+03	2.676959289739806458e-01	1.738965199877729739e-01	2.427992256485122236e-01	1.457471801114499921e-01	6.949221703654646920e-02	2.808827863528262289e-02	7.228064960616417678e-02
1.069147217217817570e+03	2.672958608753030485e-01	1.736418987641073219e-01	2.430739104071042433e-01	1.459079371236678691e-01	6.955580926302226685e-02	2.813347377710075786e-02	7.239110978940350993e-02
1.071566102324645271e+03	2.668969601040366846e-01	1.733879825763759985e-01	2.433477311508851770e-01	1.460682000757949628e-01	6.961925210486646920e-02	2.817858292658803263e-02	7.250129106116168232e-02
1.073984987431472746e+03	2.664992232388187499e-01	1.731347694179692365e-01	2.436206908314434427e-01	1.462279714773217498e-01	6.968254577394564220e-02	2.822360584614962836e-02	7.261119341406062355e-02
1.076403872538300675e+03	2.661026468692027080e-01	1.728822572882459663e-01	2.438927923845587986e-01	1.463872538107689469e-01	6.974569048470131982e-02	2.826854230579295413e-02	7.272081685643833060e-02
1.078822757645127922e+03	2.657072275956077201e-01	1.726304441925126387e-01	2.441640387303855297e-01	1.465460495321083967e-01	6.980868645408846995e-02	2.831339208299808383e-02	7.283016141200812643e-02
1.081241642751955851e+03	2.653129620292681290e-01	1.723793281420016865e-01	2.444344327736323597e-01	1.467043610711770696e-01	6.987153390151507049e-02	2.835815496259034424e-02	7.293922711952427473e-02
1.083660527858783553e+03	2.649198467921832778e-01	1.721289071538505966e-01	2.447039774037394200e-01	1.468621908320837943e-01	6.993423304878279567e-02	2.840283073661495697e-02	7.304801403245408942e-02
1.086079412965611255e+03	2.645278785170684377e-01	1.718791792510806771e-01	2.449726754950520280e-01	1.470195411936090768e-01	6.999678412002879879e-02	2.844741920421376205e-02	7.315652221865601157e-02
1.088498298072438729e+03	2.641370538473056251e-01	1.716301424625764904e-01	2.452405299069917721e-01	1.471764145095983689e-01	7.005918734166850792e-02	2.849192017150394690e-02	7.326475176006409795e-02
1.090917183179266431e+03	2.637473694368950294e-01	1.713817948230647592e-01	2.455075434842244053e-01	1.473328131093480653e-01	7.012144294233946251e-02	2.853633345145878061e-02	7.337270275237824102e-02
1.093336068286093905e+03	2.633588219504070516e-01	1.711341343730940490e-01	2.457737190568252406e-01	1.474887392979854495e-01	7.018355115284617696e-02	2.858065886379027726e-02	7.348037530476041190e-02
1.095754953392921607e+03	2.629714080629346196e-01	1.708871591590142569e-01	2.460390594404414932e-01	1.476441953568418120e-01	7.024551220610601721e-02	2.862489623483380555e-02	7.358776953953664879e-02
1.098173838499749309e+03	2.625851244600459489e-01	1.706408672329561838e-01	2.463035674364519312e-01	1.477991835438194068e-01	7.030732633709602108e-02	2.866904539743456506e-02	7.369488559190458254e-02
1.100592723606577010e+03	2.621999678377379683e-01	1.703952566528114387e-01	2.465672458321238603e-01	1.479537060937519688e-01	7.036899378280074557e-02	2.871310619083593946e-02	7.380172360964676326e-02
1.103011608713404712e+03	2.618159349023898019e-01	1.701503254822122058e-01	2.468300974007675008e-01	1.481077652187592908e-01	7.043051478216097450e-02	2.875707846056966763e-02	7.390828375284920482e-02
1.105430493820231959e+03	2.614330223707170830e-01	1.699060717905114259e-01	2.470921249018877830e-01	1.482613631085955563e-01	7.049188957602348093e-02	2.880096205834779821e-02	7.401456619362546674e-02
1.107849378927059888e+03	2.610512269697262688e-01	1.696624936527629524e-01	2.473533310813334773e-01	1.484145019309920099e-01	7.055311840709155291e-02	2.884475684195644471e-02	7.412057111584585689e-02
1.110268264033887590e+03	2.606705454366697317e-01	1.694195891497017881e-01	2.476137186714439109e-01	1.485671838319933824e-01	7.061420151987657379e-02	2.888846267515124411e-02	7.422629871487190778e-02
1.112687149140715292e+03	2.602909745190009616e-01	1.691773563677245462e-01	2.478732903911933516e-01	1.487194109362890149e-01	7.067513916065036594e-02	2.893207942755454329e-02	7.433174919729582109e-02
1.115106034247542766e+03	2.599125109743302131e-01	1.689357933988698823e-01	2.481320489463326451e-01	1.488711853475381819e-01	7.073593157739845039e-02	2.897560697455425077e-02	7.443692278068496371e-02
1.117524919354370468e+03	2.595351515703809286e-01	1.686948983407992597e-01	2.483899970295288806e-01	1.490225091486897524e-01	7.079657901977418066e-02	2.901904519720435380e-02	7.454181969333117941e-02
1.119943804461197942e+03	2.591588930849458849e-01	1.684546692967777148e-01	2.486471373205025315e-01	1.491733844022966882e-01	7.085708173905366780e-02	2.906239398212706257e-02	7.464644017400492992e-02
1.122362689568025871e+03	2.587837323058444494e-01	1.682151043756545949e-01	2.489034724861622361e-01	1.493238131508248800e-01	7.091743998809155181e-02	2.910565322141653311e-02	7.475078447171419616e-02
1.124781574674853118e+03	2.584096660308796145e-01	1.679762016918446010e-01	2.491590051807375528e-01	1.494737974169571271e-01	7.097765402127761969e-02	2.914882281254417215e-02	7.485485284546780638e-02
1.127200459781681047e+03	2.580366910677953651e-01	1.677379593653089696e-01	2.494137380459093278e-01	1.496233392038916477e-01	7.103772409449413128e-02	2.919190265826549641e-02	7.495864556404349677e-02
1.129619344888508749e+03	2.576648042342352118e-01	1.675003755215366541e-01	2.496676737109381483e-01	1.497724404956355670e-01	7.109765046507403319e-02	2.923489266652849056e-02	7.506216290576034345e-02
1.132038229995336451e+03	2.572940023577001134e-01	1.672634482915255627e-01	2.499208147927903523e-01	1.499211032572936031e-01	7.115743339175981119e-02	2.927779275038348145e-02	7.516540515825552438e-02
1.134457115102163925e+03	2.569242822755073430e-01	1.670271758117640448e-01	2.501731638962622073e-01	1.500693294353517560e-01	7.121707313466321687e-02	2.932060282789446942e-02	7.526837261826536951e-02
1.136876000208991627e+03	2.565556408347496320e-01	1.667915562242124061e-01	2.504247236141020072e-01	1.502171209579561129e-01	7.127656995522568817e-02	2.936332282205189603e-02	7.537106559141069917e-02
1.139294885315819101e+03	2.561880748922542028e-01	1.665565876762845621e-01	2.506754965271300595e-01	1.503644797351870455e-01	7.133592411617949158e-02	2.940595266068685154e-02	7.547348439198618697e-02
1.141713770422646803e+03	2.558215813145429118e-01	1.663222683208297470e-01	2.509254852043569239e-01	1.505114076593287997e-01	7.139513588150954437e-02	2.944849227638668063e-02	7.557562934275380284e-02
1.144132655529474505e+03	2.554561569777920593e-01	1.660885963161143342e-01	2.511746922030993479e-01	1.506579066051343951e-01	7.145420551641602780e-02	2.949094160641193771e-02	7.567750077474030834e-02
1.146551540636302207e+03	2.550917987677928656e-01	1.658555698258039057e-01	2.514231200690946744e-01	1.508039784300860831e-01	7.151313328727762486e-02	2.953330059261471269e-02	7.577909902703849898e-02
1.148970425743129908e+03	2.547285035799120578e-01	1.656231870189451005e-01	2.516707713366134191e-01	1.509496249746515306e-01	7.157191946161546581e-02	2.957556918135829938e-02	7.588042444661242947e-02
1.151389310849957155e+03	2.543662683190531792e-01	1.653914460699479061e-01	2.519176485285695710e-01	1.510948480625355639e-01	7.163056430805768426e-02	2.961774732343812680e-02	7.598147738810628882e-02
1.153808195956785084e+03	2.540050898996174533e-01	1.651603451585678117e-01	2.521637541566295049e-01	1.512396495009276642e-01	7.168906809630470889e-02	2.965983497400403665e-02	7.608225821365706409e-02
1.156227081063612786e+03	2.536449652454659809e-01	1.649298824698881838e-01	2.524090907213191182e-01	1.513840310807453293e-01	7.174743109709516564e-02	2.970183209248377157e-02	7.618276729271070136e-02
1.158645966170440488e+03	2.532858912898812709e-01	1.647000561943026686e-01	2.526536607121289690e-01	1.515279945768733538e-01	7.180565358217234906e-02	2.974373864250773672e-02	7.628300500184195809e-02
1.161064851277267962e+03	2.529278649755297148e-01	1.644708645274977066e-01	2.528974666076179156e-01	1.516715417483989470e-01	7.186373582425145679e-02	2.978555459183497567e-02	7.638297172457760020e-02
1.163483736384095664e+03	2.525708832544241722e-01	1.642423056704351292e-01	2.531405108755152011e-01	1.518146743388430753e-01	7.192167809698726821e-02	2.982727991228035364e-02	7.648266785122311007e-02
1.165902621490923138e+03	2.522149430878866117e-01	1.640143778293349786e-01	2.533827959728206514e-01	1.519573940763878084e-01	7.197948067494253088e-02	2.986891457964290647e-02	7.658209377869280854e-02
1.168321506597751068e+03	2.518600414465114179e-01	1.637870792156581323e-01	2.536243243459032626e-01	1.520997026740998626e-01	7.203714383355694362e-02	2.991045857363539701e-02	7.668124991034314109e-02
1.170740391704578315e+03	2.515061753101288100e-01	1.635604080460893450e-01	2.538650984305987901e-01	1.522416018301503970e-01	7.209466784911663928e-02	2.995191187781495734e-02	7.678013665580925295e-02
1.173159276811406244e+03	2.511533416677684816e-01	1.633343625425200396e-01	2.541051206523046724e-01	1.523830932280310357e-01	7.215205299872427813e-02	2.999327447951490727e-02	7.687875443084478400e-02
1.175578161918233945e+03	2.508015375176235739e-01	1.631089409320315708e-01	2.543443934260745665e-01	1.525241785367664471e-01	7.220929956026969632e-02	3.003454636977763437e-02	7.697710365716473047e-02
1.177997047025061647e+03	2.504507598670148716e-01	1.628841414468781834e-01	2.545829191567108296e-01	1.526648594111231494e-01	7.226640781240115108e-02	3.007572754328860509e-02	7.707518476229138771e-02
1.180415932131889122e+03	2.501010057323555524e-01	1.626599623244704695e-01	2.548207002388555020e-01	1.528051374918149019e-01	7.232337803449699620e-02	3.011681799831143064e-02	7.717299817940329043e-02
1.182834817238716823e+03	2.497522721391156886e-01	1.624364018073584659e-01	2.550577390570801795e-01	1.529450144057047656e-01	7.238021050663800970e-02	3.015781773662397705e-02	7.727054434718709508e-02
1.185253702345544298e+03	2.494045561217874407e-01	1.622134581432151390e-01	2.552940379859740538e-01	1.530844917660035831e-01	7.243690550958013785e-02	3.019872676345551621e-02	7.736782370969236267e-02
1.187672587452371999e+03	2.490578547238503637e-01	1.619911295848198707e-01	2.555295993902308438e-01	1.532235711724652116e-01	7.249346332472782206e-02	3.023954508742490027e-02	7.746483671618915878e-02
1.190091472559199701e+03	2.487121649977369897e-01	1.617694143900420822e-01	2.557644256247345038e-01	1.533622542115785914e-01	7.254988423410776988e-02	3.028027272047973881e-02	7.756158382102844306e-02
1.192510357666027403e+03	2.483674840047985222e-01	1.615483108218248032e-01	2.559985190346432127e-01	1.535005424567564558e-01	7.260616852034329494e-02	3.032090967783656124e-02	7.765806548350528971e-02
1.194929242772855105e+03	2.480238088152710019e-01	1.613278171481684065e-01	2.562318819554721405e-01	1.536384374685209886e-01	7.266231646662905941e-02	3.036145597792193340e-02	7.775428216772460599e-02
1.197348127879682352e+03	2.476811365082415561e-01	1.611079316421143437e-01	2.564645167131754389e-01	1.537759407946863166e-01	7.271832835670637152e-02	3.040191164231456286e-02	7.785023434246959861e-02
1.199767012986510281e+03	2.473394641716149811e-01	1.608886525817292412e-01	2.566964256242260656e-01	1.539130539705379497e-01	7.277420447483884391e-02	3.044227669568829245e-02	7.794592248107284904e-02
1.202185898093337983e+03	2.469987889020804905e-01	1.606699782500886353e-01	2.569276109956950549e-01	1.540497785190093893e-01	7.282994510578864877e-02	3.048255116575607562e-02	7.804134706128985910e-02
1.204604783200165684e+03	2.466591078050787422e-01	1.604519069352611793e-01	2.571580751253296215e-01	1.541861159508555457e-01	7.288555053479310597e-02	3.052273508321480533e-02	7.813650856517509458e-02
1.207023668306993159e+03	2.463204179947691141e-01	1.602344369302926286e-01	2.573878203016294886e-01	1.543220677648234340e-01	7.294102104754177085e-02	3.056282848169107266e-02	7.823140747896049907e-02
1.209442553413820860e+03	2.459827165939971749e-01	1.600175665331901032e-01	2.576168488039225490e-01	1.544576354478200131e-01	7.299635693015397997e-02	3.060283139768777208e-02	7.832604429293639481e-02
1.211861438520648335e+03	2.456460007342622931e-01	1.598012940469063503e-01	2.578451629024390290e-01	1.545928204750771640e-01	7.305155846915675766e-02	3.064274387053160173e-02	7.842041950133474271e-02
1.214280323627476264e+03	2.453102675556857182e-01	1.595856177793240072e-01	2.580727648583849287e-01	1.547276243103140048e-01	7.310662595146318055e-02	3.068256594232139645e-02	7.851453360221463673e-02
1.216699208734303511e+03	2.449755142069786062e-01	1.593705360432401130e-01	2.582996569240139650e-01	1.548620484058964852e-01	7.316155966435122782e-02	3.072229765787730035e-02	7.860838709735019914e-02
1.219118093841131440e+03	2.446417378454104619e-01	1.591560471563505386e-01	2.585258413426984592e-01	1.549960942029942335e-01	7.321635989544282574e-02	3.076193906469076172e-02	7.870198049212057123e-02
1.221536978947959142e+03	2.443089356367776910e-01	1.589421494412345537e-01	2.587513203489995584e-01	1.551297631317350434e-01	7.327102693268355837e-02	3.080149021287532235e-02	7.879531429540215237e-02
1.223955864054786844e+03	2.439771047553723204e-01	1.587288412253393954e-01	2.589760961687358476e-01	1.552630566113565036e-01	7.332556106432257248e-02	3.084095115511822915e-02	7.888838901946296223e-02
1.226374749161614318e+03	2.436462423839511060e-01	1.585161208409650857e-01	2.592001710190514063e-01	1.553959760503553778e-01	7.337996257889296825e-02	3.088032194663280910e-02	7.898120517985912636e-02
1.228793634268442020e+03	2.433163457137046126e-01	1.583039866252489714e-01	2.594235471084823663e-01	1.555285228466342928e-01	7.343423176519253692e-02	3.091960264511161779e-02	7.907376329533337411e-02
1.231212519375269494e+03	2.429874119442267943e-01	1.580924369201508750e-01	2.596462266370230254e-01	1.556606983876462624e-01	7.348836891226488699e-02	3.095879331068035131e-02	7.916606388771560421e-02
1.233631404482097196e+03	2.426594382834843799e-01	1.578814700724376630e-01	2.598682117961905180e-01	1.557925040505364622e-01	7.354237430938084796e-02	3.099789400585248322e-02	7.925810748182540721e-02
1.236050289588924898e+03	2.423324219477868968e-01	1.576710844336684514e-01	2.600895047690887640e-01	1.559239412022820626e-01	7.359624824602038762e-02	3.103690479548466136e-02	7.934989460537653083e-02
1.238469174695752372e+03	2.420063601617565008e-01	1.574612783601795629e-01	2.603101077304714184e-01	1.560550111998294243e-01	7.364999101185472352e-02	3.107582574673280543e-02	7.944142578888328809e-02
1.240888059802580301e+03	2.416812501582982498e-01	1.572520502130695663e-01	2.605300228468039325e-01	1.561857153902292406e-01	7.370360289672892029e-02	3.111465692900893323e-02	7.953270156556885295e-02
1.243306944909407548e+03	2.413570891785704331e-01	1.570433983581845105e-01	2.607492522763245613e-01	1.563160551107694030e-01	7.375708419064477828e-02	3.115339841393864259e-02	7.962372247127531832e-02
1.245725830016235477e+03	2.410338744719552895e-01	1.568353211661031865e-01	2.609677981691046478e-01	1.564460316891055913e-01	7.381043518374393042e-02	3.119205027531933919e-02	7.971448904437564154e-02
1.248144715123063179e+03	2.407116032960295859e-01	1.566278170121222779e-01	2.611856626671080761e-01	1.565756464433898931e-01	7.386365616629148034e-02	3.123061258907908547e-02	7.980500182568728285e-02
1.250563600229890881e+03	2.403902729165356134e-01	1.564208842762417895e-01	2.614028479042495023e-01	1.567049006823970358e-01	7.391674742865983472e-02	3.126908543323615036e-02	7.989526135838770360e-02
1.252982485336718355e+03	2.400698806073523484e-01	1.562145213431505864e-01	2.616193560064522527e-01	1.568337957056488707e-01	7.396970926131289648e-02	3.130746888785919391e-02	7.998526818793143256e-02
1.255401370443546057e+03	2.397504236504668096e-01	1.560087266022116836e-01	2.618351890917049452e-01	1.569623328035366083e-01	7.402254195479045229e-02	3.134576303502808331e-02	8.007502286196888086e-02
1.257820255550373531e+03	2.394318993359454140e-01	1.558034984474479245e-01	2.620503492701177217e-01	1.570905132574411112e-01	7.407524579969311518e-02	3.138396795879536821e-02	8.016452593026682227e-02
1.260239140657201460e+03	2.391143049619055827e-01	1.555988352775274641e-01	2.622648386439770385e-01	1.572183383398511602e-01	7.412782108666729486e-02	3.142208374514837699e-02	8.025377794463041392e-02
1.262658025764028707e+03	2.387976378344878470e-01	1.553947354957496141e-01	2.624786593078005659e-01	1.573458093144798620e-01	7.418026810639068158e-02	3.146011048197188548e-02	8.034277945882685457e-02
1.265076910870856636e+03	2.384818952678275372e-01	1.551911975100303542e-01	2.626918133483903683e-01	1.574729274363791676e-01	7.423258714955784099e-02	3.149804825901143801e-02	8.043153102851056946e-02
1.267495795977684338e+03	2.381670745840271386e-01	1.549882197328882882e-01	2.629043028448860841e-01	1.575996939520524220e-01	7.428477850686619754e-02	3.153589716783721658e-02	8.052003321114990786e-02
1.269914681084511813e+03	2.378531731131285354e-01	1.547858005814303495e-01	2.631161298688169947e-01	1.577261100995651089e-01	7.433684246900233716e-02	3.157365730180853453e-02	8.060828656595540875e-02
1.272333566191339514e+03	2.375401881930855608e-01	1.545839384773378122e-01	2.633272964841532615e-01	1.578521771086538461e-01	7.438877932662844861e-02	3.161132875603885756e-02	8.069629165380938496e-02
1.274752451298167216e+03	2.372281171697366298e-01	1.543826318468522196e-01	2.635378047473569407e-01	1.579778962008336896e-01	7.444058937036916734e-02	3.164891162736143543e-02	8.078404903719714480e-02
1.277171336404994690e+03	2.369169573967774556e-01	1.541818791207613393e-01	2.637476567074315548e-01	1.581032685895033540e-01	7.449227289079858594e-02	3.168640601429546094e-02	8.087155928013939343e-02
1.279590221511822392e+03	2.366067062357342932e-01	1.539816787343853688e-01	2.639568544059718302e-01	1.582282954800490749e-01	7.454383017842761139e-02	3.172381201701276326e-02	8.095882294812624391e-02
1.282009106618650094e+03	2.362973610559368498e-01	1.537820291275629192e-01	2.641653998772118261e-01	1.583529780699466649e-01	7.459526152369147511e-02	3.176112973730504940e-02	8.104584060805242185e-02
1.284427991725477568e+03	2.359889192344915843e-01	1.535829287446373037e-01	2.643732951480731730e-01	1.584773175488618513e-01	7.464656721693761765e-02	3.179835927855171468e-02	8.113261282815391329e-02
1.286846876832305497e+03	2.356813781562552834e-01	1.533843760344427154e-01	2.645805422382125349e-01	1.586013150987490294e-01	7.469774754841373987e-02	3.183550074568809729e-02	8.121914017794580609e-02
1.289265761939132744e+03	2.353747352138085558e-01	1.531863694502905437e-01	2.647871431600677394e-01	1.587249718939484355e-01	7.474880280825607626e-02	3.187255424517430186e-02	8.130542322816156076e-02
1.291684647045960673e+03	2.350689878074296302e-01	1.529889074499557466e-01	2.649930999189041292e-01	1.588482891012817921e-01	7.479973328647798736e-02	3.190951988496450176e-02	8.139146255069339142e-02
1.294103532152788375e+03	2.347641333450680989e-01	1.527919884956633056e-01	2.651984145128599146e-01	1.589712678801463164e-01	7.485053927295876042e-02	3.194639777447672718e-02	8.147725871853397916e-02
1.296522417259616077e+03	2.344601692423192441e-01	1.525956110540744870e-01	2.654030889329910270e-01	1.590939093826071737e-01	7.490122105743256264e-02	3.198318802456318749e-02	8.156281230571937879e-02
1.298941302366443551e+03	2.341570929223979747e-01	1.523997735962735744e-01	2.656071251633150831e-01	1.592162147534886552e-01	7.495177892947771370e-02	3.201989074748100988e-02	8.164812388727309134e-02
1.301360187473271253e+03	2.338549018161132087e-01	1.522044745977543523e-01	2.658105251808549618e-01	1.593381851304635777e-01	7.500221317850618019e-02	3.205650605686347770e-02	8.173319403915130232e-02
1.303779072580098727e+03	2.335535933618424487e-01	1.520097125384067271e-01	2.660132909556821579e-01	1.594598216441414917e-01	7.505252409375320899e-02	3.209303406769174055e-02	8.181802333818928574e-02
1.306197957686926657e+03	2.332531650055061634e-01	1.518154859025033776e-01	2.662154244509588596e-01	1.595811254181554728e-01	7.510271196426722418e-02	3.212947489626699626e-02	8.190261236204894602e-02
1.308616842793753904e+03	2.329536142005428356e-01	1.516217931786864592e-01	2.664169276229800820e-01	1.597020975692472478e-01	7.515277707889997383e-02	3.216582866018304759e-02	8.198696168916742855e-02
1.311035727900581833e+03	2.326549384078835936e-01	1.514286328599544207e-01	2.666178024212147446e-01	1.598227392073512942e-01	7.520271972629681556e-02	3.220209547829938623e-02	8.207107189870678499e-02
1.313454613007409534e+03	2.323571350959273418e-01	1.512360034436487921e-01	2.668180507883468056e-01	1.599430514356774136e-01	7.525254019488721025e-02	3.223827547071467930e-02	8.215494357050476260e-02
1.315873498114237009e+03	2.320602017405159478e-01	1.510439034314411400e-01	2.670176746603152851e-01	1.600630353507919157e-01	7.530223877287547940e-02	3.227436875874064443e-02	8.223857728502659281e-02
1.318292383221064711e+03	2.317641358249093453e-01	1.508523313293198553e-01	2.672166759663540669e-01	1.601826920426976664e-01	7.535181574823170136e-02	3.231037546487643825e-02	8.232197362331786228e-02
1.320711268327892412e+03	2.314689348397611923e-01	1.506612856475772755e-01	2.674150566290311448e-01	1.603020225949128574e-01	7.540127140868282951e-02	3.234629571278333643e-02	8.240513316695824431e-02
1.323130153434719887e+03	2.311745962830942525e-01	1.504707649007965553e-01	2.676128185642875357e-01	1.604210280845482228e-01	7.545060604170394924e-02	3.238212962725994792e-02	8.248805649801636830e-02
1.325549038541547588e+03	2.308811176602760806e-01	1.502807676078388999e-01	2.678099636814752493e-01	1.605397095823835607e-01	7.549981993450975704e-02	3.241787733421770679e-02	8.257074419900556350e-02
1.327967923648375290e+03	2.305884964839948759e-01	1.500912922918305470e-01	2.680064938833952581e-01	1.606580681529424792e-01	7.554891337404626150e-02	3.245353896065687749e-02	8.265319685284056028e-02
1.330386808755202765e+03	2.302967302742354172e-01	1.499023374801499442e-01	2.682024110663346339e-01	1.607761048545662541e-01	7.559788664698262328e-02	3.248911463464285165e-02	8.273541504279516290e-02
1.332805693862030694e+03	2.300058165582549996e-01	1.497139017044150922e-01	2.683977171201034628e-01	1.608938207394865483e-01	7.564674003970313365e-02	3.252460448528286807e-02	8.281739935246075490e-02
1.335224578968857941e+03	2.297157528705597029e-01	1.495259835004706661e-01	2.685924139280713163e-01	1.610112168538967992e-01	7.569547383829941523e-02	3.256000864270314210e-02	8.289915036570577600e-02
1.337643464075685870e+03	2.294265367528806887e-01	1.493385814083753593e-01	2.687865033672030557e-01	1.611282942380225514e-01	7.574408832856280305e-02	3.259532723802627263e-02	8.298066866663597607e-02
1.340062349182513572e+03	2.291381657541505246e-01	1.491516939723893653e-01	2.689799873080943038e-01	1.612450539261908733e-01	7.579258379597685058e-02	3.263056040334910701e-02	8.306195483955565451e-02
1.342481234289341273e+03	2.288506374304798419e-01	1.489653197409616381e-01	2.691728676150064170e-01	1.613614969468981364e-01	7.584096052571001612e-02	3.266570827172091129e-02	8.314300946892962119e-02
1.344900119396168748e+03	2.285639493451338544e-01	1.487794572667173187e-01	2.693651461459013463e-01	1.614776243228775165e-01	7.588921880260852959e-02	3.270077097712190822e-02	8.322383313934610116e-02
1.347319004502996449e+03	2.282780990685091549e-01	1.485941051064453844e-01	2.695568247524755545e-01	1.615934370711645529e-01	7.593735891118942594e-02	3.273574865444216914e-02	8.330442643548031934e-02
1.349737889609823924e+03	2.279930841781106221e-01	1.484092618210860470e-01	2.697479052801939892e-01	1.617089362031625399e-01	7.598538113563363394e-02	3.277064143946080421e-02	8.338478994205893169e-02
1.352156774716651853e+03	2.277089022585284950e-01	1.482249259757183746e-01	2.699383895683232781e-01	1.618241227247061154e-01	7.603328575977938431e-02	3.280544946882554824e-02	8.346492424382534470e-02
1.354575659823479100e+03	2.274255509014152798e-01	1.480410961395479674e-01	2.701282794499649809e-01	1.619389976361244043e-01	7.608107306711557605e-02	3.284017288003265866e-02	8.354482992550560372e-02
1.356994544930307029e+03	2.271430277054631297e-01	1.478577708858946071e-01	2.703175767520880068e-01	1.620535619323029142e-01	7.612874334077550376e-02	3.287481181140709807e-02	8.362450757177516958e-02
1.359413430037134731e+03	2.268613302763810846e-01	1.476749487921799886e-01	2.705062832955608121e-01	1.621678166027445411e-01	7.617629686353054319e-02	3.290936640208310532e-02	8.370395776722637515e-02
1.361832315143962205e+03	2.265804562268726174e-01	1.474926284399154242e-01	2.706944008951831515e-01	1.622817626316294948e-01	7.622373391778405893e-02	3.294383679198500253e-02	8.378318109633668687e-02
1.364251200250789907e+03	2.263004031766129853e-01	1.473108084146897145e-01	2.708819313597178313e-01	1.623954009978745283e-01	7.627105478556545082e-02	3.297822312180838378e-02	8.386217814343747967e-02
1.366670085357617609e+03	2.260211687522270807e-01	1.471294873061569641e-01	2.710688764919216842e-01	1.625087326751910310e-01	7.631825974852433914e-02	3.301252553300154657e-02	8.394094949268372796e-02
1.369088970464445310e+03	2.257427505872670881e-01	1.469486637080245628e-01	2.712552380885759340e-01	1.626217586321422881e-01	7.636534908792488863e-02	3.304674416774730505e-02	8.401949572802426547e-02
1.371507855571272785e+03	2.254651463221903906e-01	1.467683362180409734e-01	2.714410179405172263e-01	1.627344798321998798e-01	7.641232308464018796e-02	3.308087916894499048e-02	8.409781743317269742e-02
1.373926740678100487e+03	2.251883536043375045e-01	1.465885034379837970e-01	2.716262178326671606e-01	1.628468972337991372e-01	7.645918201914693457e-02	3.311493068019282643e-02	8.417591519157906210e-02
1.376345625784927961e+03	2.249123700879101240e-01	1.464091639736477546e-01	2.718108395440620995e-01	1.629590117903938207e-01	7.650592617152002228e-02	3.314889884577056772e-02	8.425378958640196425e-02
1.378764510891755890e+03	2.246371934339493615e-01	1.462303164348328632e-01	2.719948848478829229e-01	1.630708244505098548e-01	7.655255582142740656e-02	3.318278381062240295e-02	8.433144120048155501e-02
1.381183395998583137e+03	2.243628213103139590e-01	1.460519594353323625e-01	2.721783555114834496e-01	1.631823361577983411e-01	7.659907124812509460e-02	3.321658572034013462e-02	8.440887061631294208e-02
1.383602281105411066e+03	2.240892513916587780e-01	1.458740915929210291e-01	2.723612532964195809e-01	1.632935478510876837e-01	7.664547273045216325e-02	3.325030472114667152e-02	8.448607841602030766e-02
1.386021166212238768e+03	2.238164813594130942e-01	1.456967115293432424e-01	2.725435799584776664e-01	1.634044604644348531e-01	7.669176054682597110e-02	3.328394095987972229e-02	8.456306518133160921e-02
1.388440051319066470e+03	2.235445089017593645e-01	1.455198178703012157e-01	2.727253372477024262e-01	1.635150749271760684e-01	7.673793497523745399e-02	3.331749458397582908e-02	8.463983149355382152e-02
1.390858936425893944e+03	2.232733317136116891e-01	1.453434092454433946e-01	2.729065269084247070e-01	1.636253921639763964e-01	7.678399629324654529e-02	3.335096574145458848e-02	8.471637793354878931e-02
1.393277821532721646e+03	2.230029474965947722e-01	1.451674842883526328e-01	2.730871506792893477e-01	1.637354130948788511e-01	7.682994477797773503e-02	3.338435458090319163e-02	8.479270508170963505e-02
1.395696706639549120e+03	2.227333539590226064e-01	1.449920416365345632e-01	2.732672102932818814e-01	1.638451386353526884e-01	7.687578070611561509e-02	3.341766125146115179e-02	8.486881351793769401e-02
1.398115591746377049e+03	2.224645488158775997e-01	1.448170799314060508e-01	2.734467074777556239e-01	1.639545696963407850e-01	7.692150435390077146e-02	3.345088590280533708e-02	8.494470382162000455e-02
1.400534476853204296e+03	2.221965297887895097e-01	1.446425978182835637e-01	2.736256439544584307e-01	1.640637071843065731e-01	7.696711599712552365e-02	3.348402868513522534e-02	8.502037657160731177e-02
1.402953361960032225e+03	2.219292946060146265e-01	1.444685939463716262e-01	2.738040214395589533e-01	1.641725520012799755e-01	7.701261591112992799e-02	3.351708974915836720e-02	8.509583234619262637e-02
1.405372247066859927e+03	2.216628410024149842e-01	1.442950669687513843e-01	2.739818416436725634e-01	1.642811050449028976e-01	7.705800437079783627e-02	3.355006924607614044e-02	8.517107172309025531e-02
1.407791132173687402e+03	2.213971667194377657e-01	1.441220155423691140e-01	2.741591062718872207e-01	1.643893672084738022e-01	7.710328165055307936e-02	3.358296732756969882e-02	8.524609527941534592e-02
1.410210017280515103e+03	2.211322695050945975e-01	1.439494383280248424e-01	2.743358170237890636e-01	1.644973393809918139e-01	7.714844802435567861e-02	3.361578414578616364e-02	8.532090359166387417e-02
1.412628902387342805e+03	2.208681471139411212e-01	1.437773339903608838e-01	2.745119755934875561e-01	1.646050224471999890e-01	7.719350376569825145e-02	3.364851985332503043e-02	8.539549723569321571e-02
1.415047787494170507e+03	2.206047973070565937e-01	1.436057011978506270e-01	2.746875836696405226e-01	1.647124172876280046e-01	7.723844914760244484e-02	3.368117460322481160e-02	8.546987678670309174e-02
1.417466672600997981e+03	2.203422178520235697e-01	1.434345386227871277e-01	2.748626429354787959e-01	1.648195247786342355e-01	7.728328444261550745e-02	3.371374854894986645e-02	8.554404281921700048e-02
1.419885557707825683e+03	2.200804065229076401e-01	1.432638449412718951e-01	2.750371550688309186e-01	1.649263457924471099e-01	7.732800992280687569e-02	3.374624184437750168e-02	8.561799590706410668e-02
1.422304442814653157e+03	2.198193611002373093e-01	1.430936188332036785e-01	2.752111217421472911e-01	1.650328811972058829e-01	7.737262585976496798e-02	3.377865464378521781e-02	8.569173662336156128e-02
1.424723327921481086e+03	2.195590793709840671e-01	1.429238589822673100e-01	2.753845446225242632e-01	1.651391318570008815e-01	7.741713252459395123e-02	3.381098710183819828e-02	8.576526554049730688e-02
1.427142213028308333e+03	2.192995591285420987e-01	1.427545640759223800e-01	2.755574253717276711e-01	1.652450986319130011e-01	7.746153018791067379e-02	3.384323937357702067e-02	8.583858323011320235e-02
1.429561098135136262e+03	2.190407981727086895e-01	1.425857328053923290e-01	2.757297656462164848e-01	1.653507823780526742e-01	7.750581911984162631e-02	3.387541161440551368e-02	8.591169026308868861e-02
1.431979983241963964e+03	2.187827943096643801e-01	1.424173638656532626e-01	2.759015670971663448e-01	1.654561839475983120e-01	7.754999959002006893e-02	3.390750398007888466e-02	8.598458720952480150e-02
1.434398868348791666e+03	2.185255453519530933e-01	1.422494559554229876e-01	2.760728313704923220e-01	1.655613041888340520e-01	7.759407186758313091e-02	3.393951662669195124e-02	8.605727463872851757e-02
1.436817753455619140e+03	2.182690491184626491e-01	1.420820077771499379e-01	2.762435601068719548e-01	1.656661439461870888e-01	7.763803622116909053e-02	3.397144971066765745e-02	8.612975311919765509e-02
1.439236638562446842e+03	2.180133034344050869e-01	1.419150180370022385e-01	2.764137549417678974e-01	1.657707040602643678e-01	7.768189291891468284e-02	3.400330338874570785e-02	8.620202321860605255e-02
1.441655523669274316e+03	2.177583061312973745e-01	1.417484854448567422e-01	2.765834175054503463e-01	1.658749853678886665e-01	7.772564222845244897e-02	3.403507781797144444e-02	8.627408550378906638e-02
1.444074408776102018e+03	2.175040550469417577e-01	1.415824087142881771e-01	2.767525494230191341e-01	1.659789887021342891e-01	7.776928441690830751e-02	3.406677315568486242e-02	8.634594054072958214e-02
1.446493293882929493e+03	2.172505480254066923e-01	1.414167865625582388e-01	2.769211523144259335e-01	1.660827148923621766e-01	7.781281975089897329e-02	3.409838955950982020e-02	8.641758889454430326e-02
1.448912178989757422e+03	2.169977829170073869e-01	1.412516177106049042e-01	2.770892277944959625e-01	1.661861647642543793e-01	7.785624849652968138e-02	3.412992718734342984e-02	8.648903112947042837e-02
1.451331064096585123e+03	2.167457575782868462e-01	1.410869008830314131e-01	2.772567774729495782e-01	1.662893391398482523e-01	7.789957091939181399e-02	3.416138619734562093e-02	8.656026780885263394e-02
1.453749949203412370e+03	2.164944698719966365e-01	1.409226348080957203e-01	2.774238029544238149e-01	1.663922388375699835e-01	7.794278728456070782e-02	3.419276674792888493e-02	8.663129949513043160e-02
1.456168834310240300e+03	2.162439176670780117e-01	1.407588182176996439e-01	2.775903058384934785e-01	1.664948646722676229e-01	7.798589785659346130e-02	3.422406899774814437e-02	8.670212674982588630e-02
1.458587719417068001e+03	2.159940988386428173e-01	1.405954498473782344e-01	2.777562877196921298e-01	1.665972174552437790e-01	7.802890289952683911e-02	3.425529310569087188e-02	8.677275013353159816e-02
1.461006604523895703e+03	2.157450112679547838e-01	1.404325284362891446e-01	2.779217501875331231e-01	1.666992979942876763e-01	7.807180267687524600e-02	3.428643923086729245e-02	8.684317020589904512e-02
1.463425489630723177e+03	2.154966528424107353e-01	1.402700527272019437e-01	2.780866948265299787e-01	1.668011070937067408e-01	7.811459745162877000e-02	3.431750753260078002e-02	8.691338752562727255e-02
1.465844374737550879e+03	2.152490214555217996e-01	1.401080214664877088e-01	2.782511232162173664e-01	1.669026455543579091e-01	7.815728748625125344e-02	3.434849817041841363e-02	8.698340265045179098e-02
1.468263259844378354e+03	2.150021150068948950e-01	1.399464334041082281e-01	2.784150369311707007e-01	1.670039141736782973e-01	7.819987304267848882e-02	3.437941130404170709e-02	8.705321613713389028e-02
1.470682144951206283e+03	2.147559314022140786e-01	1.397852872936057034e-01	2.785784375410268465e-01	1.671049137457155387e-01	7.824235438231641471e-02	3.441024709337742876e-02	8.712282854145021738e-02
1.473101030058033530e+03	2.145104685532221167e-01	1.396245818920920923e-01	2.787413266105037701e-01	1.672056450611576206e-01	7.828473176603942263e-02	3.444100569850865046e-02	8.719224041818256221e-02
1.475519915164861459e+03	2.142657243777020826e-01	1.394643159602388383e-01	2.789037056994204122e-01	1.673061089073623053e-01	7.832700545418867788e-02	3.447168727968589336e-02	8.726145232110808780e-02
1.477938800271689161e+03	2.140216967994589825e-01	1.393044882622662684e-01	2.790655763627161723e-01	1.674063060683861626e-01	7.836917570657055132e-02	3.450229199731847524e-02	8.733046480298965741e-02
1.480357685378516862e+03	2.137783837483015204e-01	1.391450975659334066e-01	2.792269401504706150e-01	1.675062373250131020e-01	7.841124278245506507e-02	3.453282001196588541e-02	8.739927841556660582e-02
1.482776570485344337e+03	2.135357831600238343e-01	1.389861426425275381e-01	2.793877986079225106e-01	1.676059034547826565e-01	7.845320694057443534e-02	3.456327148432947194e-02	8.746789370954567711e-02
