1.001418434226643626e+03	2.789105787573470385e-01	1.810825045554683155e-01	2.350487120749320258e-01	1.412006174872580400e-01	6.774280086447670435e-02	2.681949072568146769e-02	6.919529553454450976e-02
1.002869765290740247e+03	2.786502794184185783e-01	1.809180757946159679e-01	2.352284769205490178e-01	1.413055802351600720e-01	6.778376406136060739e-02	2.684779146611803238e-02	6.926603210348590556e-02
1.004321096354836754e+03	2.783904369855304539e-01	1.807539204982682168e-01	2.354078992879623522e-01	1.414103354683889369e-01	6.782467167053865542e-02	2.687606565108985671e-02	6.933667043792964002e-02
1.005772427418933376e+03	2.781310506465584087e-01	1.805900381979072822e-01	2.355869799207574444e-01	1.415148839519676238e-01	6.786552370411964852e-02	2.690431316670121448e-02	6.940721041169654881e-02
1.007223758483029997e+03	2.778721195910162090e-01	1.804264284258673690e-01	2.357657195596766786e-01	1.416192264451552052e-01	6.790632017501842255e-02	2.693253390067489386e-02	6.947765190229938936e-02
1.008675089547126618e+03	2.776136430100506480e-01	1.802630907153326412e-01	2.359441189426426388e-01	1.417233637015042624e-01	6.794706109694564899e-02	2.696072774233568975e-02	6.954799479089665559e-02
1.010126420611223239e+03	2.773556200964359397e-01	1.801000246003351679e-01	2.361221788047805081e-01	1.418272964689176185e-01	6.798774648439787072e-02	2.698889458259408694e-02	6.961823896224701713e-02
1.011577751675319632e+03	2.770980500445684447e-01	1.799372296157530915e-01	2.362998998784405225e-01	1.419310254897043211e-01	6.802837635264757932e-02	2.701703431393009253e-02	6.968838430466418876e-02
1.013029082739416367e+03	2.768409320504614524e-01	1.797747052973084625e-01	2.364772828932202031e-01	1.420345515006352921e-01	6.806895071773334804e-02	2.704514683037723827e-02	6.975843070997229944e-02
1.014480413803512761e+03	2.765842653117399075e-01	1.796124511815652414e-01	2.366543285759861448e-01	1.421378752329982287e-01	6.810946959645020060e-02	2.707323202750672522e-02	6.982837807346185810e-02
1.015931744867609382e+03	2.763280490276350809e-01	1.794504668059275776e-01	2.368310376508958315e-01	1.422409974126519483e-01	6.814993300633997997e-02	2.710128980241175226e-02	6.989822629384616348e-02
1.017383075931706003e+03	2.760722823989795183e-01	1.792887517086375893e-01	2.370074108394189805e-01	1.423439187600801514e-01	6.819034096568188374e-02	2.712932005369200067e-02	6.996797527321828303e-02
1.018834406995802851e+03	2.758169646282019327e-01	1.791273054287734201e-01	2.371834488603588031e-01	1.424466399904446012e-01	6.823069349348302726e-02	2.715732268143825415e-02	7.003762491700837867e-02
1.020285738059899245e+03	2.755620949193218761e-01	1.789661275062476020e-01	2.373591524298730160e-01	1.425491618136379146e-01	6.827099060946922870e-02	2.718529758721719911e-02	7.010717513394168487e-02
1.021737069123995752e+03	2.753076724779447981e-01	1.788052174818047235e-01	2.375345222614945739e-01	1.426514849343354652e-01	6.831123233407575268e-02	2.721324467405635342e-02	7.017662583599686144e-02
1.023188400188092373e+03	2.750536965112571064e-01	1.786445748970197367e-01	2.377095590661522928e-01	1.427536100520470641e-01	6.835141868843827573e-02	2.724116384642916514e-02	7.024597693836487355e-02
1.024639731252188767e+03	2.748001662280209478e-01	1.784841992942960143e-01	2.378842635521910553e-01	1.428555378611678917e-01	6.839154969438389353e-02	2.726905501024025347e-02	7.031522835940837157e-02
1.026091062316285615e+03	2.745470808385694350e-01	1.783240902168634345e-01	2.380586364253920451e-01	1.429572690510290678e-01	6.843162537442225302e-02	2.729691807281080587e-02	7.038438002062140375e-02
1.027542393380382237e+03	2.742944395548014280e-01	1.781642472087764939e-01	2.382326783889925359e-01	1.430588043059473902e-01	6.847164575173668444e-02	2.732475294286410353e-02	7.045343184658980906e-02
1.028993724444478858e+03	2.740422415901769271e-01	1.780046698149123363e-01	2.384063901437056543e-01	1.431601443052748779e-01	6.851161085017561103e-02	2.735255953051122027e-02	7.052238376495180427e-02
1.030445055508575479e+03	2.737904861597119655e-01	1.778453575809690324e-01	2.385797723877398357e-01	1.432612897234476490e-01	6.855152069424391703e-02	2.738033774723683603e-02	7.059123570635926492e-02
1.031896386572671872e+03	2.735391724799738911e-01	1.776863100534635254e-01	2.387528258168180595e-01	1.433622412300341598e-01	6.859137530909441283e-02	2.740808750588520637e-02	7.065998760443928384e-02
1.033347717636768493e+03	2.732882997690764260e-01	1.775275267797299106e-01	2.389255511241969721e-01	1.434629994897832495e-01	6.863117472051943890e-02	2.743580872064628820e-02	7.072863939575627090e-02
1.034799048700865114e+03	2.730378672466750589e-01	1.773690073079175478e-01	2.390979490006856500e-01	1.435635651626713527e-01	6.867091895494255305e-02	2.746350130704196604e-02	7.079719101977444140e-02
1.036250379764961508e+03	2.727878741339621049e-01	1.772107511869892016e-01	2.392700201346643907e-01	1.436639389039493786e-01	6.871060803941031470e-02	2.749116518191246569e-02	7.086564241882072068e-02
1.037701710829058356e+03	2.725383196536622643e-01	1.770527579667191542e-01	2.394417652121030304e-01	1.437641213641890348e-01	6.875024200158413867e-02	2.751880026340286153e-02	7.093399353804813456e-02
1.039153041893154750e+03	2.722892030300274047e-01	1.768950271976914845e-01	2.396131849165793470e-01	1.438641131893288461e-01	6.878982086973224608e-02	2.754640647094973305e-02	7.100224432539951891e-02
1.040604372957251599e+03	2.720405234888325086e-01	1.767375584312982362e-01	2.397842799292970173e-01	1.439639150207193685e-01	6.882934467272165679e-02	2.757398372526797745e-02	7.107039473157183984e-02
1.042055704021347992e+03	2.717922802573706220e-01	1.765803512197373915e-01	2.399550509291036027e-01	1.440635274951681533e-01	6.886881344001043181e-02	2.760153194833771945e-02	7.113844470998066660e-02
1.043507035085444613e+03	2.715444725644485247e-01	1.764234051160114558e-01	2.401254985925080632e-01	1.441629512449842387e-01	6.890822720163976289e-02	2.762905106339138064e-02	7.120639421672524116e-02
1.044958366149541234e+03	2.712970996403817336e-01	1.762667196739253206e-01	2.402956235936984652e-01	1.442621868980220323e-01	6.894758598822635365e-02	2.765654099490084256e-02	7.127424321055390866e-02
1.046409697213637855e+03	2.710501607169905069e-01	1.761102944480845700e-01	2.404654266045591904e-01	1.443612350777248032e-01	6.898688983095477290e-02	2.768400166856480049e-02	7.134199165282990862e-02
1.047861028277734476e+03	2.708036550275950138e-01	1.759541289938938713e-01	2.406349082946881157e-01	1.444600964031678980e-01	6.902613876156989126e-02	2.771143301129617292e-02	7.140963950749758260e-02
1.049312359341831097e+03	2.705575818070108940e-01	1.757982228675549485e-01	2.408040693314135172e-01	1.445587714891011510e-01	6.906533281236947042e-02	2.773883495120968434e-02	7.147718674104898418e-02
1.050763690405927491e+03	2.703119402915446501e-01	1.756425756260648896e-01	2.409729103798108063e-01	1.446572609459910730e-01	6.910447201619680790e-02	2.776620741760956260e-02	7.154463332249086371e-02
1.052215021470024112e+03	2.700667297189895955e-01	1.754871868272145641e-01	2.411414321027192664e-01	1.447555653800625675e-01	6.914355640643336798e-02	2.779355034097734031e-02	7.161197922331198618e-02
1.053666352534120733e+03	2.698219493286210247e-01	1.753320560295866803e-01	2.413096351607584011e-01	1.448536853933402313e-01	6.918258601699167620e-02	2.782086365295979857e-02	7.167922441745094853e-02
1.055117683598217127e+03	2.695775983611921056e-01	1.751771827925540648e-01	2.414775202123440878e-01	1.449516215836891275e-01	6.922156088230813076e-02	2.784814728635704242e-02	7.174636888126424694e-02
1.056569014662313975e+03	2.693336760589294943e-01	1.750225666762779686e-01	2.416450879137048147e-01	1.450493745448552529e-01	6.926048103733596639e-02	2.787540117511065965e-02	7.181341259349471873e-02
1.058020345726410369e+03	2.690901816655288381e-01	1.748682072417064026e-01	2.418123389188975014e-01	1.451469448665053952e-01	6.929934651753823227e-02	2.790262525429202528e-02	7.188035553524046994e-02
1.059471676790506763e+03	2.688471144261508350e-01	1.747141040505723053e-01	2.419792738798232090e-01	1.452443331342667954e-01	6.933815735888100573e-02	2.792981946009071362e-02	7.194719768992402509e-02
1.060923007854603611e+03	2.686044735874165701e-01	1.745602566653918497e-01	2.421458934462428214e-01	1.453415399297662836e-01	6.937691359782643952e-02	2.795698372980303520e-02	7.201393904326187922e-02
1.062374338918700232e+03	2.683622583974034081e-01	1.744066646494628336e-01	2.423121982657923668e-01	1.454385658306689699e-01	6.941561527132611431e-02	2.798411800182066742e-02	7.208057958323446646e-02
1.063825669982796853e+03	2.681204681056409966e-01	1.742533275668627646e-01	2.424781889839983107e-01	1.455354114107165753e-01	6.945426241681432189e-02	2.801122221561942391e-02	7.214711930005635043e-02
1.065277001046893474e+03	2.678791019631067694e-01	1.741002449824474996e-01	2.426438662442926553e-01	1.456320772397653174e-01	6.949285507220148705e-02	2.803829631174812459e-02	7.221355818614687283e-02
1.066728332110990095e+03	2.676381592222218941e-01	1.739474164618492746e-01	2.428092306880277884e-01	1.457285638838234920e-01	6.953139327586761731e-02	2.806534023181758014e-02	7.227989623610107939e-02
1.068179663175086489e+03	2.673976391368472205e-01	1.737948415714750949e-01	2.429742829544913607e-01	1.458248719050886100e-01	6.956987706665583582e-02	2.809235391848967020e-02	7.234613344666099288e-02
1.069630994239183110e+03	2.671575409622788944e-01	1.736425198785052082e-01	2.431390236809208016e-01	1.459210018619840621e-01	6.960830648386605313e-02	2.811933731546656032e-02	7.241226981668726081e-02
1.071082325303279504e+03	2.669178639552446386e-01	1.734904509508911896e-01	2.433034535025179468e-01	1.460169543091955069e-01	6.964668156724862502e-02	2.814629036747999871e-02	7.247830534713102513e-02
1.072533656367376352e+03	2.666786073738993679e-01	1.733386343573544985e-01	2.434675730524631376e-01	1.461127297977068695e-01	6.968500235699809364e-02	2.817321302028074140e-02	7.254424004100627765e-02
1.073984987431472746e+03	2.664397704778213027e-01	1.731870696673847021e-01	2.436313829619296267e-01	1.462083288748358967e-01	6.972326889374701187e-02	2.820010522062806405e-02	7.261007390336236822e-02
1.075436318495569594e+03	2.662013525280079174e-01	1.730357564512379487e-01	2.437948838600973722e-01	1.463037520842694617e-01	6.976148121855987871e-02	2.822696691627940221e-02	7.267580694125697072e-02
1.076887649559666215e+03	2.659633527868720537e-01	1.728846942799351916e-01	2.439580763741670821e-01	1.463989999660982588e-01	6.979963937292704701e-02	2.825379805598006097e-02	7.274143916372922958e-02
1.078338980623762609e+03	2.657257705182378138e-01	1.727338827252607178e-01	2.441209611293738146e-01	1.464940730568514426e-01	6.983774339875876980e-02	2.828059858945305635e-02	7.280697058177339198e-02
1.079790311687859230e+03	2.654886049873363962e-01	1.725833213597603444e-01	2.442835387490006893e-01	1.465889718895306837e-01	6.987579333837933004e-02	2.830736846738906437e-02	7.287240120831253720e-02
1.081241642751955851e+03	2.652518554608027102e-01	1.724330097567398912e-01	2.444458098543921820e-01	1.466836969936439472e-01	6.991378923452112870e-02	2.833410764143642208e-02	7.293773105817279168e-02
1.082692973816052472e+03	2.650155212066710453e-01	1.722829474902635716e-01	2.446077750649676141e-01	1.467782488952389386e-01	6.995173113031896706e-02	2.836081606419128473e-02	7.300296014805773837e-02
1.084144304880149093e+03	2.647796014943712417e-01	1.721331341351524657e-01	2.447694349982341422e-01	1.468726281169360770e-01	6.998961906930430132e-02	2.838749368918785931e-02	7.306808849652314530e-02
1.085595635944245487e+03	2.645440955947250261e-01	1.719835692669827165e-01	2.449307902697998307e-01	1.469668351779613302e-01	7.002745309539959440e-02	2.841414047088871436e-02	7.313311612395202721e-02
1.087046967008342108e+03	2.643090027799420705e-01	1.718342524620841139e-01	2.450918414933866696e-01	1.470608705941785221e-01	7.006523325291270921e-02	2.844075636467521817e-02	7.319804305252995691e-02
1.088498298072438729e+03	2.640743223236161064e-01	1.716851832975384573e-01	2.452525892808431474e-01	1.471547348781213627e-01	7.010295958653146864e-02	2.846734132683805679e-02	7.326286930622061266e-02
1.089949629136535123e+03	2.638400535007212055e-01	1.715363613511779184e-01	2.454130342421570743e-01	1.472484285390252279e-01	7.014063214131810442e-02	2.849389531456784572e-02	7.332759491074178348e-02
1.091400960200631971e+03	2.636061955876080609e-01	1.713877862015835973e-01	2.455731769854679059e-01	1.473419520828584683e-01	7.017825096270384477e-02	2.852041828594584563e-02	7.339221989354145770e-02
1.092852291264728365e+03	2.633727478620000451e-01	1.712394574280838022e-01	2.457330181170792327e-01	1.474353060123534398e-01	7.021581609648364086e-02	2.854691019993476492e-02	7.345674428377428622e-02
1.094303622328825213e+03	2.631397096029898242e-01	1.710913746107525502e-01	2.458925582414708544e-01	1.475284908270372564e-01	7.025332758881080997e-02	2.857337101636962806e-02	7.352116811227832338e-02
1.095754953392921607e+03	2.629070800910351946e-01	1.709435373304080963e-01	2.460517979613111861e-01	1.476215070232621551e-01	7.029078548619183131e-02	2.859980069594879673e-02	7.358549141155201756e-02
1.097206284457018228e+03	2.626748586079558079e-01	1.707959451686112406e-01	2.462107378774689714e-01	1.477143550942356665e-01	7.032818983548121128e-02	2.862619920022501166e-02	7.364971421573146548e-02
1.098657615521114849e+03	2.624430444369292292e-01	1.706485977076638016e-01	2.463693785890252730e-01	1.478070355300502570e-01	7.036554068387634864e-02	2.865256649159656638e-02	7.371383656056793021e-02
1.100108946585211470e+03	2.622116368624875515e-01	1.705014945306072005e-01	2.465277206932852128e-01	1.478995488177128337e-01	7.040283807891244139e-02	2.867890253329855726e-02	7.377785848340565056e-02
1.101560277649308091e+03	2.619806351705135095e-01	1.703546352212207682e-01	2.466857647857895464e-01	1.479918954411739429e-01	7.044008206845754627e-02	2.870520728939422034e-02	7.384178002315990030e-02
1.103011608713404712e+03	2.617500386482369823e-01	1.702080193640204409e-01	2.468435114603262925e-01	1.480840758813565528e-01	7.047727270070756889e-02	2.873148072476635478e-02	7.390560122029526946e-02
1.104462939777501106e+03	2.615198465842315523e-01	1.700616465442569003e-01	2.470009613089419187e-01	1.481760906161846414e-01	7.051441002418147586e-02	2.875772280510881587e-02	7.396932211680422309e-02
1.105914270841597499e+03	2.612900582684106188e-01	1.699155163479143804e-01	2.471581149219527762e-01	1.482679401206113690e-01	7.055149408771634045e-02	2.878393349691813277e-02	7.403294275618592379e-02
1.107365601905694348e+03	2.610606729920242342e-01	1.697696283617089741e-01	2.473149728879562304e-01	1.483596248666471107e-01	7.058852494046263804e-02	2.881011276748516453e-02	7.409646318342527627e-02
1.108816932969790741e+03	2.608316900476552180e-01	1.696239821730871622e-01	2.474715357938416238e-01	1.484511453233870737e-01	7.062550263187947208e-02	2.883626058488686361e-02	7.415988344497224938e-02
1.110268264033887590e+03	2.606031087292158821e-01	1.694785773702243703e-01	2.476278042248012401e-01	1.485425019570386918e-01	7.066242721172998065e-02	2.886237691797812616e-02	7.422320358872139257e-02
1.111719595097984211e+03	2.603749283319444774e-01	1.693334135420233866e-01	2.477837787643412115e-01	1.486336952309486592e-01	7.069929873007660404e-02	2.888846173638369430e-02	7.428642366399161590e-02
1.113170926162080832e+03	2.601471481524018081e-01	1.691884902781129740e-01	2.479394599942920385e-01	1.487247256056297984e-01	7.073611723727660228e-02	2.891451501049017644e-02	7.434954372150626156e-02
1.114622257226177226e+03	2.599197674884676790e-01	1.690438071688462607e-01	2.480948484948193866e-01	1.488155935387875661e-01	7.077288278397746157e-02	2.894053671143811610e-02	7.441256381337328640e-02
1.116073588290273847e+03	2.596927856393372869e-01	1.688993638052993795e-01	2.482499448444344392e-01	1.489062994853462552e-01	7.080959542111249505e-02	2.896652681111415439e-02	7.447548399306576361e-02
1.117524919354370468e+03	2.594662019055182234e-01	1.687551597792699143e-01	2.484047496200043892e-01	1.489968438974750287e-01	7.084625519989631859e-02	2.899248528214327242e-02	7.453830431540264811e-02
1.118976250418467089e+03	2.592400155888268110e-01	1.686111946832754838e-01	2.485592633967625142e-01	1.490872272246136498e-01	7.088286217182061810e-02	2.901841209788109596e-02	7.460102483652968075e-02
1.120427581482563710e+03	2.590142259923847723e-01	1.684674681105522154e-01	2.487134867483186129e-01	1.491774499134977672e-01	7.091941638864972253e-02	2.904430723240629050e-02	7.466364561390051446e-02
1.121878912546660331e+03	2.587888324206158441e-01	1.683239796550533296e-01	2.488674202466688856e-01	1.492675124081843108e-01	7.095591790241632946e-02	2.907017066051303250e-02	7.472616670625813196e-02
1.123330243610756725e+03	2.585638341792425576e-01	1.681807289114477244e-01	2.490210644622059821e-01	1.493574151500762504e-01	7.099236676541736957e-02	2.909600235770354662e-02	7.478858817361648537e-02
1.124781574674853118e+03	2.583392305752827411e-01	1.680377154751184765e-01	2.491744199637288826e-01	1.494471585779472145e-01	7.102876303020970450e-02	2.912180230018071581e-02	7.485091007724221923e-02
1.126232905738949967e+03	2.581150209170463006e-01	1.678949389421613703e-01	2.493274873184525564e-01	1.495367431279660542e-01	7.106510674960607454e-02	2.914757046484077116e-02	7.491313247963682365e-02
1.127684236803046360e+03	2.578912045141319997e-01	1.677523989093835377e-01	2.494802670920178156e-01	1.496261692337208238e-01	7.110139797667101857e-02	2.917330682926605120e-02	7.497525544451877355e-02
1.129135567867143209e+03	2.576677806774240742e-01	1.676100949743019597e-01	2.496327598485006682e-01	1.497154373262427340e-01	7.113763676471675235e-02	2.919901137171783748e-02	7.503727903680600109e-02
1.130586898931239830e+03	2.574447487190890671e-01	1.674680267351420504e-01	2.497849661504219776e-01	1.498045478340298275e-01	7.117382316729925495e-02	2.922468407112925604e-02	7.509920332259861775e-02
1.132038229995336451e+03	2.572221079525724430e-01	1.673261937908362973e-01	2.499368865587567601e-01	1.498935011830703490e-01	7.120995723821425816e-02	2.925032490709824143e-02	7.516102836916169205e-02
1.133489561059432845e+03	2.569998576925955902e-01	1.671845957410227068e-01	2.500885216329434835e-01	1.499822977968659210e-01	7.124603903149338835e-02	2.927593385988060126e-02	7.522275424490837414e-02
1.134940892123529466e+03	2.567779972551524348e-01	1.670432321860435554e-01	2.502398719308932540e-01	1.500709380964543871e-01	7.128206860140028078e-02	2.930151091038310160e-02	7.528438101938310367e-02
1.136392223187626087e+03	2.565565259575063317e-01	1.669021027269438906e-01	2.503909380089988646e-01	1.501594225004325156e-01	7.131804600242674930e-02	2.932705604015665990e-02	7.534590876324513686e-02
1.137843554251722708e+03	2.563354431181868454e-01	1.667612069654700324e-01	2.505417204221439542e-01	1.502477514249785651e-01	7.135397128928901156e-02	2.935256923138959695e-02	7.540733754825218460e-02
1.139294885315819101e+03	2.561147480569866963e-01	1.666205445040683797e-01	2.506922197237117511e-01	1.503359252838743498e-01	7.138984451692396982e-02	2.937805046690093735e-02	7.546866744724418929e-02
1.140746216379915950e+03	2.558944400949584308e-01	1.664801149458839113e-01	2.508424364655940653e-01	1.504239444885271948e-01	7.142566574048551942e-02	2.940349973013380025e-02	7.552989853412742094e-02
1.142197547444012343e+03	2.556745185544114785e-01	1.663399178947587154e-01	2.509923711981998373e-01	1.505118094479918900e-01	7.146143501534085729e-02	2.942891700514883510e-02	7.559103088385873970e-02
1.143648878508108737e+03	2.554549827589088773e-01	1.661999529552307953e-01	2.511420244704640203e-01	1.505995205689920069e-01	7.149715239706692926e-02	2.945430227661774425e-02	7.565206457242998339e-02
1.145100209572205586e+03	2.552358320332644981e-01	1.660602197325324603e-01	2.512913968298560174e-01	1.506870782559412703e-01	7.153281794144680794e-02	2.947965552981684362e-02	7.571299967685247989e-02
1.146551540636302207e+03	2.550170657035394917e-01	1.659207178325891041e-01	2.514404888223881751e-01	1.507744829109647078e-01	7.156843170446619551e-02	2.950497675062071015e-02	7.577383627514197584e-02
1.148002871700398828e+03	2.547986830970396799e-01	1.657814468620178450e-01	2.515893009926242208e-01	1.508617349339193836e-01	7.160399374230989877e-02	2.953026592549587784e-02	7.583457444630348210e-02
1.149454202764495449e+03	2.545806835423122250e-01	1.656424064281260267e-01	2.517378338836874785e-01	1.509488347224152427e-01	7.163950411135841523e-02	2.955552304149459616e-02	7.589521427031645229e-02
1.150905533828591842e+03	2.543630663691425764e-01	1.655035961389100252e-01	2.518860880372691402e-01	1.510357826718353447e-01	7.167496286818453299e-02	2.958074808624867533e-02	7.595575582812012783e-02
1.152356864892688463e+03	2.541458309085516953e-01	1.653650156030537499e-01	2.520340639936367033e-01	1.511225791753561254e-01	7.171037006954988913e-02	2.960594104796334183e-02	7.601619920159892463e-02
1.153808195956785084e+03	2.539289764927928905e-01	1.652266644299272835e-01	2.521817622916415202e-01	1.512092246239675752e-01	7.174572577240170834e-02	2.963110191541120167e-02	7.607654447356823613e-02
1.155259527020881706e+03	2.537125024553488206e-01	1.650885422295856886e-01	2.523291834687271806e-01	1.512957194064928901e-01	7.178103003386943071e-02	2.965623067792624162e-02	7.613679172776012527e-02
1.156710858084978327e+03	2.534964081309285522e-01	1.649506486127675087e-01	2.524763280609374494e-01	1.513820639096080389e-01	7.181628291126153363e-02	2.968132732539789306e-02	7.619694104880943286e-02
1.158162189149074720e+03	2.532806928554646175e-01	1.648129831908934084e-01	2.526231966029237053e-01	1.514682585178613872e-01	7.185148446206225670e-02	2.970639184826516510e-02	7.625699252223987201e-02
1.159613520213171569e+03	2.530653559661100171e-01	1.646755455760650355e-01	2.527697896279531564e-01	1.515543036136926536e-01	7.188663474392838204e-02	2.973142423751080898e-02	7.631694623445040015e-02
1.161064851277267962e+03	2.528503968012353886e-01	1.645383353810634386e-01	2.529161076679162790e-01	1.516401995774520062e-01	7.192173381468620896e-02	2.975642448465556228e-02	7.637680227270163269e-02
1.162516182341364356e+03	2.526358147004258425e-01	1.644013522193479571e-01	2.530621512533344775e-01	1.517259467874189915e-01	7.195678173232825103e-02	2.978139258175244858e-02	7.643656072510261745e-02
1.163967513405461204e+03	2.524216090044783534e-01	1.642645957050547223e-01	2.532079209133676345e-01	1.518115456198209090e-01	7.199177855501032175e-02	2.980632852138112923e-02	7.649622168059753979e-02
1.165418844469557826e+03	2.522077790553987064e-01	1.641280654529953809e-01	2.533534171758215492e-01	1.518969964488514623e-01	7.202672434104841204e-02	2.983123229664230366e-02	7.655578522895274685e-02
1.166870175533654447e+03	2.519943241963987779e-01	1.639917610786559010e-01	2.534986405671553755e-01	1.519822996466888287e-01	7.206161914891569265e-02	2.985610390115217214e-02	7.661525146074384118e-02
1.168321506597751068e+03	2.517812437718934815e-01	1.638556821981950462e-01	2.536435916124887835e-01	1.520674555835137831e-01	7.209646303723951655e-02	2.988094332903696096e-02	7.667462046734295489e-02
1.169772837661847461e+03	2.515685371274979376e-01	1.637198284284433203e-01	2.537882708356095085e-01	1.521524646275275450e-01	7.213125606479850460e-02	2.990575057492748587e-02	7.673389234090624567e-02
1.171224168725944082e+03	2.513562036100248087e-01	1.635841993869014133e-01	2.539326787589802348e-01	1.522373271449694032e-01	7.216599829051965898e-02	2.993052563395377785e-02	7.679306717436133745e-02
1.172675499790040703e+03	2.511442425674812462e-01	1.634487946917390355e-01	2.540768159037457008e-01	1.523220435001343132e-01	7.220068977347539330e-02	2.995526850173975755e-02	7.685214506139520507e-02
1.174126830854137097e+03	2.509326533490662259e-01	1.633136139617936411e-01	2.542206827897399712e-01	1.524066140553901327e-01	7.223533057288077097e-02	2.997997917439797211e-02	7.691112609644192022e-02
1.175578161918233945e+03	2.507214353051677724e-01	1.631786568165690399e-01	2.543642799354933759e-01	1.524910391711947200e-01	7.226992074809070188e-02	3.000465764852436323e-02	7.697001037467073037e-02
1.177029492982330339e+03	2.505105877873599618e-01	1.630439228762342041e-01	2.545076078582391710e-01	1.525753192061130303e-01	7.230446035859708354e-02	3.002930392119311856e-02	7.702879799197422106e-02
1.178480824046426733e+03	2.503001101484005342e-01	1.629094117616219084e-01	2.546506670739204226e-01	1.526594545168337425e-01	7.233894946402612269e-02	3.005391798995153685e-02	7.708748904495660303e-02
1.179932155110523581e+03	2.500900017422277299e-01	1.627751230942274530e-01	2.547934580971969454e-01	1.527434454581859669e-01	7.237338812413560141e-02	3.007849985281497301e-02	7.714608363092213816e-02
1.181383486174620202e+03	2.498802619239577916e-01	1.626410564962074978e-01	2.549359814414520753e-01	1.528272923831557051e-01	7.240777639881218475e-02	3.010304950826182130e-02	7.720458184786375966e-02
1.182834817238716823e+03	2.496708900498821604e-01	1.625072115903786196e-01	2.550782376187989975e-01	1.529109956429020312e-01	7.244211434806877015e-02	3.012756695522853315e-02	7.726298379445173392e-02
1.184286148302813444e+03	2.494618854774647287e-01	1.623735880002161736e-01	2.552202271400875744e-01	1.529945555867732176e-01	7.247640203204182285e-02	3.015205219310471835e-02	7.732128957002261382e-02
1.185737479366910065e+03	2.492532475653391200e-01	1.622401853498529611e-01	2.553619505149107294e-01	1.530779725623227783e-01	7.251063951098886406e-02	3.017650522172827393e-02	7.737949927456809485e-02
1.187188810431006686e+03	2.490449756733061071e-01	1.621070032640779535e-01	2.555034082516109972e-01	1.531612469153251221e-01	7.254482684528586189e-02	3.020092604138055123e-02	7.743761300872423203e-02
1.188640141495103080e+03	2.488370691623308095e-01	1.619740413683351532e-01	2.556446008572867967e-01	1.532443789897912356e-01	7.257896409542465010e-02	3.022531465278157498e-02	7.749563087376067083e-02
1.190091472559199701e+03	2.486295273945399731e-01	1.618412992887221791e-01	2.557855288377988145e-01	1.533273691279840589e-01	7.261305132201048562e-02	3.024967105708534221e-02	7.755355297156997507e-02
1.191542803623296322e+03	2.484223497332195274e-01	1.617087766519890724e-01	2.559261926977764445e-01	1.534102176704339460e-01	7.264708858575955053e-02	3.027399525587512116e-02	7.761137940465719087e-02
1.192994134687392716e+03	2.482155355428116716e-01	1.615764730855371312e-01	2.560665929406236718e-01	1.534929249559536524e-01	7.268107594749652345e-02	3.029828725115880916e-02	7.766911027612947993e-02
1.194445465751489564e+03	2.480090841889123765e-01	1.614443882174174949e-01	2.562067300685254012e-01	1.535754913216534345e-01	7.271501346815209543e-02	3.032254704536436335e-02	7.772674568968580833e-02
1.195896796815585958e+03	2.478029950382687474e-01	1.613125216763300895e-01	2.563466045824536188e-01	1.536579171029556767e-01	7.274890120876068011e-02	3.034677464133523489e-02	7.778428574960692676e-02
1.197348127879682352e+03	2.475972674587764155e-01	1.611808730916222954e-01	2.564862169821733873e-01	1.537402026336098237e-01	7.278273923045791571e-02	3.037097004232589686e-02	7.784173056074530916e-02
1.198799458943779200e+03	2.473919008194769564e-01	1.610494420932876702e-01	2.566255677662486745e-01	1.538223482457067304e-01	7.281652759447841683e-02	3.039513325199734786e-02	7.789908022851527170e-02
1.200250790007875821e+03	2.471868944905551702e-01	1.609182283119648671e-01	2.567646574320484043e-01	1.539043542696931777e-01	7.285026636215347073e-02	3.041926427441274394e-02	7.795633485888325831e-02
1.201702121071972442e+03	2.469822478433365276e-01	1.607872313789362184e-01	2.569034864757524517e-01	1.539862210343860560e-01	7.288395559490869202e-02	3.044336311403298898e-02	7.801349455835816793e-02
1.203153452136069063e+03	2.467779602502848113e-01	1.606564509261266815e-01	2.570420553923571383e-01	1.540679488669863539e-01	7.291759535426180217e-02	3.046742977571243599e-02	7.807055943398186204e-02
1.204604783200165684e+03	2.465740310849993122e-01	1.605258865861024786e-01	2.571803646756813388e-01	1.541495380930932857e-01	7.295118570182040907e-02	3.049146426469459895e-02	7.812752959331971392e-02
1.206056114264262078e+03	2.463704597222123871e-01	1.603955379920699864e-01	2.573184148183718656e-01	1.542309890367179193e-01	7.298472669927975887e-02	3.051546658660789571e-02	7.818440514445137990e-02
1.207507445328358699e+03	2.461672455377868773e-01	1.602654047778744872e-01	2.574562063119093525e-01	1.543123020202969431e-01	7.301821840842057099e-02	3.053943674746146739e-02	7.824118619596154289e-02
1.208958776392455093e+03	2.459643879087135832e-01	1.601354865779988923e-01	2.575937396466138063e-01	1.543934773647061831e-01	7.305166089110691485e-02	3.056337475364099762e-02	7.829787285693087795e-02
1.210410107456551941e+03	2.457618862131087933e-01	1.600057830275627424e-01	2.577310153116499913e-01	1.544745153892739808e-01	7.308505420928401719e-02	3.058728061190461867e-02	7.835446523692712884e-02
1.211861438520648335e+03	2.455597398302117595e-01	1.598762937623207092e-01	2.578680337950331469e-01	1.545554164117944052e-01	7.311839842497620812e-02	3.061115432937881395e-02	7.841096344599622625e-02
1.213312769584745183e+03	2.453579481403821705e-01	1.597470184186616515e-01	2.580047955836343720e-01	1.546361807485404360e-01	7.315169360028481171e-02	3.063499591355439353e-02	7.846736759465350319e-02
1.214764100648841804e+03	2.451565105250976540e-01	1.596179566336072275e-01	2.581413011631858434e-01	1.547168087142768433e-01	7.318493979738611988e-02	3.065880537228248340e-02	7.852367779387514624e-02
1.216215431712937971e+03	2.449554263669513621e-01	1.594891080448108400e-01	2.582775510182864775e-01	1.547973006222731762e-01	7.321813707852931064e-02	3.068258271377057381e-02	7.857989415508957742e-02
1.217666762777034819e+03	2.447546950496494733e-01	1.593604722905563875e-01	2.584135456324069824e-01	1.548776567843163365e-01	7.325128550603447752e-02	3.070632794657859529e-02	7.863601679016908597e-02
1.219118093841131440e+03	2.445543159580086390e-01	1.592320490097570707e-01	2.585492854878951863e-01	1.549578775107232353e-01	7.328438514229064504e-02	3.073004107961503639e-02	7.869204581142147381e-02
1.220569424905228061e+03	2.443542884779537905e-01	1.591038378419543098e-01	2.586847710659812005e-01	1.550379631103532274e-01	7.331743604975372863e-02	3.075372212213310294e-02	7.874798133158186775e-02
1.222020755969324682e+03	2.441546119965154749e-01	1.589758384273163294e-01	2.588200028467826930e-01	1.551179138906205734e-01	7.335043829094471668e-02	3.077737108372691210e-02	7.880382346380454539e-02
1.223472087033421303e+03	2.439552859018274678e-01	1.588480504066372700e-01	2.589549813093097730e-01	1.551977301575064583e-01	7.338339192844765824e-02	3.080098797432771068e-02	7.885957232165495545e-02
1.224923418097517697e+03	2.437563095831244142e-01	1.587204734213358004e-01	2.590897069314702095e-01	1.552774122155711478e-01	7.341629702490778953e-02	3.082457280420016280e-02	7.891522801910176577e-02
1.226374749161614318e+03	2.435576824307393862e-01	1.585931071134540349e-01	2.592241801900745379e-01	1.553569603679659794e-01	7.344915364302968819e-02	3.084812558393863410e-02	7.897079067050903622e-02
1.227826080225710712e+03	2.433594038361015233e-01	1.584659511256563957e-01	2.593584015608407789e-01	1.554363749164452413e-01	7.348196184557539978e-02	3.087164632446353849e-02	7.902626039062851659e-02
1.229277411289807560e+03	2.431614731917336181e-01	1.583390051012283084e-01	2.594923715183994339e-01	1.555156561613777744e-01	7.351472169536261980e-02	3.089513503701772634e-02	7.908163729459197211e-02
1.230728742353903954e+03	2.429638898912496459e-01	1.582122686840752579e-01	2.596260905362984817e-01	1.555948044017586851e-01	7.354743325526284792e-02	3.091859173316287984e-02	7.913692149790364783e-02
1.232180073418000802e+03	2.427666533293525719e-01	1.580857415187214288e-01	2.597595590870082627e-01	1.556738199352207808e-01	7.358009658819965326e-02	3.094201642477596367e-02	7.919211311643281626e-02
1.233631404482097196e+03	2.425697629018319645e-01	1.579594232503086226e-01	2.598927776419259206e-01	1.557527030580459215e-01	7.361271175714687032e-02	3.096540912404570356e-02	7.924721226640643601e-02
1.235082735546193817e+03	2.423732180055614693e-01	1.578333135245951480e-01	2.600257466713806198e-01	1.558314540651763169e-01	7.364527882512687806e-02	3.098876984346911681e-02	7.930221906440189372e-02
1.236534066610290438e+03	2.421770180384966165e-01	1.577074119879546266e-01	2.601584666446379313e-01	1.559100732502256281e-01	7.367779785520889302e-02	3.101209859584803594e-02	7.935713362733974596e-02
1.237985397674387059e+03	2.419811623996724892e-01	1.575817182873748834e-01	2.602909380299044395e-01	1.559885609054900146e-01	7.371026891050717900e-02	3.103539539428571900e-02	7.941195607247671095e-02
1.239436728738483680e+03	2.417856504892013925e-01	1.574562320704567531e-01	2.604231612943326835e-01	1.560669173219590700e-01	7.374269205417945117e-02	3.105866025218344956e-02	7.946668651739864642e-02
1.240888059802580301e+03	2.415904817082704381e-01	1.573309529854129696e-01	2.605551369040254861e-01	1.561451427893265909e-01	7.377506734942516908e-02	3.108189318323718864e-02	7.952132508001358291e-02
1.242339390866676695e+03	2.413956554591394077e-01	1.572058806810670284e-01	2.606868653240405620e-01	1.562232375960012909e-01	7.380739485948394074e-02	3.110509420143426143e-02	7.957587187854495148e-02
1.243790721930773088e+03	2.412011711451382823e-01	1.570810148068520207e-01	2.608183470183951247e-01	1.563012020291173754e-01	7.383967464763381561e-02	3.112826332105006477e-02	7.963032703152482517e-02
1.245242052994869937e+03	2.410070281706651052e-01	1.569563550128095508e-01	2.609495824500700500e-01	1.563790363745450329e-01	7.387190677718974419e-02	3.115140055664482321e-02	7.968469065778721605e-02
1.246693384058966330e+03	2.408132259411836229e-01	1.568319009495885707e-01	2.610805720810146502e-01	1.564567409169008161e-01	7.390409131150196820e-02	3.117450592306036244e-02	7.973896287646153880e-02
1.248144715123063179e+03	2.406197638632210090e-01	1.567076522684443252e-01	2.612113163721507814e-01	1.565343159395579387e-01	7.393622831395445238e-02	3.119757943541692433e-02	7.979314380696608811e-02
1.249596046187159800e+03	2.404266413443656714e-01	1.565836086212371026e-01	2.613418157833775068e-01	1.566117617246563509e-01	7.396831784796335796e-02	3.122062110910999236e-02	7.984723356900158553e-02
1.251047377251256421e+03	2.402338577932648933e-01	1.564597696604312360e-01	2.614720707735749272e-01	1.566890785531129537e-01	7.400035997697547441e-02	3.124363095980718305e-02	7.990123228254490673e-02
1.252498708315352815e+03	2.400414126196226683e-01	1.563361350390938542e-01	2.616020818006089543e-01	1.567662667046314240e-01	7.403235476446672070e-02	3.126660900344514077e-02	7.995514006784279482e-02
1.253950039379449436e+03	2.398493052341975074e-01	1.562127044108939378e-01	2.617318493213351416e-01	1.568433264577121511e-01	7.406430227394066035e-02	3.128955525622646727e-02	8.000895704540564313e-02
1.255401370443546057e+03	2.396575350488000800e-01	1.560894774301011256e-01	2.618613737916032358e-01	1.569202580896619792e-01	7.409620256892700263e-02	3.131246973461669636e-02	8.006268333600143061e-02
1.256852701507642678e+03	2.394661014762910767e-01	1.559664537515844662e-01	2.619906556662610075e-01	1.569970618766038661e-01	7.412805571298018703e-02	3.133535245534125463e-02	8.011631906064967112e-02
1.258304032571739299e+03	2.392750039305790444e-01	1.558436330308116402e-01	2.621196953991585810e-01	1.570737380934864869e-01	7.415986176967791221e-02	3.135820343538252286e-02	8.016986434061544597e-02
1.259755363635835920e+03	2.390842418266180547e-01	1.557210149238474617e-01	2.622484934431522641e-01	1.571502870140936703e-01	7.419162080261972048e-02	3.138102269197686617e-02	8.022331929740357526e-02
1.261206694699932314e+03	2.388938145804055668e-01	1.555985990873530733e-01	2.623770502501091006e-01	1.572267089110538363e-01	7.422333287542554059e-02	3.140381024261171966e-02	8.027668405275273367e-02
1.262658025764028707e+03	2.387037216089803460e-01	1.554763851785847806e-01	2.625053662709104230e-01	1.573030040558492104e-01	7.425499805173439716e-02	3.142656610502268799e-02	8.032995872862980224e-02
1.264109356828125556e+03	2.385139623304200762e-01	1.553543728553928860e-01	2.626334419554560151e-01	1.573791727188250666e-01	7.428661639520293958e-02	3.144929029719067959e-02	8.038314344722410909e-02
1.265560687892221949e+03	2.383245361638393622e-01	1.552325617762206345e-01	2.627612777526678323e-01	1.574552151691987478e-01	7.431818796950413752e-02	3.147198283733908947e-02	8.043623833094193376e-02
1.267012018956318798e+03	2.381354425293875365e-01	1.551109516001031308e-01	2.628888741104944970e-01	1.575311316750687973e-01	7.434971283832593481e-02	3.149464374393096816e-02	8.048924350240090064e-02
1.268463350020415419e+03	2.379466808482464391e-01	1.549895419866662849e-01	2.630162314759145192e-01	1.576069225034238130e-01	7.438119106536994485e-02	3.151727303566625310e-02	8.054215908442456662e-02
1.269914681084511813e+03	2.377582505426282522e-01	1.548683325961256185e-01	2.631433502949405701e-01	1.576825879201512459e-01	7.441262271435007680e-02	3.153987073147902775e-02	8.059498520003707811e-02
1.271366012148608434e+03	2.375701510357735025e-01	1.547473230892853491e-01	2.632702310126230349e-01	1.577581281900461707e-01	7.444400784899130041e-02	3.156243685053475301e-02	8.064772197245775875e-02
1.272817343212705055e+03	2.373823817519488122e-01	1.546265131275371130e-01	2.633968740730540103e-01	1.578335435768200012e-01	7.447534653302835539e-02	3.158497141222761651e-02	8.070036952509594685e-02
1.274268674276801676e+03	2.371949421164448180e-01	1.545059023728590775e-01	2.635232799193710229e-01	1.579088343431089003e-01	7.450663883020447464e-02	3.160747443617781260e-02	8.075292798154576346e-02
1.275720005340898297e+03	2.370078315555740056e-01	1.543854904878147472e-01	2.636494489937605268e-01	1.579840007504824673e-01	7.453788480427017693e-02	3.162994594222893335e-02	8.080539746558101921e-02
1.277171336404994690e+03	2.368210494966686286e-01	1.542652771355519647e-01	2.637753817374619003e-01	1.580590430594519535e-01	7.456908451898199008e-02	3.165238595044532477e-02	8.085777810115013509e-02
1.278622667469091539e+03	2.366345953680786540e-01	1.541452619798017454e-01	2.639010785907709433e-01	1.581339615294787282e-01	7.460023803810127141e-02	3.167479448110948476e-02	8.091007001237116025e-02
1.280073998533187932e+03	2.364484685991695423e-01	1.540254446848773051e-01	2.640265399930434298e-01	1.582087564189823548e-01	7.463134542539298644e-02	3.169717155471950959e-02	8.096227332352690098e-02
1.281525329597284326e+03	2.362626686203203319e-01	1.539058249156729785e-01	2.641517663826988827e-01	1.582834279853488069e-01	7.466240674462451543e-02	3.171951719198654041e-02	8.101438815905998014e-02
1.282976660661381175e+03	2.360771948629213912e-01	1.537864023376631362e-01	2.642767581972240709e-01	1.583579764849386562e-01	7.469342205956450154e-02	3.174183141383223050e-02	8.106641464356807714e-02
1.284427991725477568e+03	2.358920467593725034e-01	1.536671766169011022e-01	2.644015158731765069e-01	1.584324021730948717e-01	7.472439143398169892e-02	3.176411424138625428e-02	8.111835290179916780e-02
1.285879322789574417e+03	2.357072237430806461e-01	1.535481474200181273e-01	2.645260398461879991e-01	1.585067053041508134e-01	7.475531493164380703e-02	3.178636569598383699e-02	8.117020305864684759e-02
1.287330653853671038e+03	2.355227252484579925e-01	1.534293144142223897e-01	2.646503305509682047e-01	1.585808861314380869e-01	7.478619261631636039e-02	3.180858579916333306e-02	8.122196523914572419e-02
1.288781984917767431e+03	2.353385507109199137e-01	1.533106772672978291e-01	2.647743884213079046e-01	1.586549449072942597e-01	7.481702455176160449e-02	3.183077457266373506e-02	8.127363956846685167e-02
1.290233315981864052e+03	2.351546995668829243e-01	1.531922356476032310e-01	2.648982138900825012e-01	1.587288818830704940e-01	7.484781080173737167e-02	3.185293203842232829e-02	8.132522617191323411e-02
