1.001418434226643626e+03	2.788604669823112614e-01	1.811222534765584702e-01	2.350722840973106798e-01	1.412104985522230627e-01	6.774613639800500242e-02	2.679817339246330296e-02	6.919018710083596480e-02
1.002869765290740247e+03	2.785996182041437508e-01	1.809582650737112663e-01	2.352524883208761963e-01	1.413154519657643937e-01	6.778711108772463023e-02	2.682627567922837852e-02	6.926078966825914562e-02
1.004321096354836754e+03	2.783392281218103337e-01	1.807945488882806706e-01	2.354323506048536518e-01	1.414201971015749959e-01	6.782802976463664368e-02	2.685435281998856810e-02	6.933129269856293242e-02
1.005772427418933376e+03	2.780792959184174573e-01	1.806311044549368250e-01	2.356118716740388253e-01	1.415247347407160294e-01	6.786889244319412040e-02	2.688240469332907334e-02	6.940169607507552796e-02
1.007223758483029997e+03	2.778198207787292984e-01	1.804679313091891724e-01	2.357910522505681228e-01	1.416290656582149809e-01	6.790969913865503582e-02	2.691043117949691241e-02	6.947199968485433252e-02
1.008675089547126618e+03	2.775608018891621565e-01	1.803050289873847079e-01	2.359698930539400885e-01	1.417331906231272531e-01	6.795044986707178547e-02	2.693843216038400989e-02	6.954220341863781574e-02
1.010126420611223239e+03	2.773022384377788474e-01	1.801423970267059527e-01	2.361483948010368039e-01	1.418371103985968662e-01	6.799114464528112356e-02	2.696640751951050533e-02	6.961230717079777697e-02
1.011577751675319632e+03	2.770441296142833187e-01	1.799800349651689280e-01	2.363265582061445935e-01	1.419408257419166319e-01	6.803178349089387955e-02	2.699435714200821429e-02	6.968231083929239678e-02
1.013029082739416367e+03	2.767864746100148210e-01	1.798179423416214617e-01	2.365043839809750637e-01	1.420443374045876894e-01	6.807236642228504941e-02	2.702228091460423878e-02	6.975221432561962143e-02
1.014480413803512761e+03	2.765292726179430782e-01	1.796561186957411071e-01	2.366818728346855860e-01	1.421476461323782359e-01	6.811289345858388689e-02	2.705017872560477529e-02	6.982201753477129680e-02
1.015931744867609382e+03	2.762725228326623483e-01	1.794945635680333940e-01	2.368590254738995871e-01	1.422507526653817855e-01	6.815336461966411963e-02	2.707805046487907208e-02	6.989172037518771863e-02
1.017383075931706003e+03	2.760162244503863715e-01	1.793332764998297468e-01	2.370358426027266707e-01	1.423536577380747903e-01	6.819377992613423478e-02	2.710589602384352870e-02	6.996132275871272399e-02
1.018834406995802851e+03	2.757603766689428748e-01	1.791722570332858755e-01	2.372123249227824637e-01	1.424563620793735108e-01	6.823413939932795880e-02	2.713371529544600369e-02	7.003082460054937952e-02
1.020285738059899245e+03	2.755049786877684093e-01	1.790115047113796654e-01	2.373884731332083498e-01	1.425588664126904159e-01	6.827444306129482055e-02	2.716150817415024371e-02	7.010022581921611373e-02
1.021737069123995752e+03	2.752500297079031322e-01	1.788510190779094566e-01	2.375642879306908706e-01	1.426611714559899158e-01	6.831469093479067278e-02	2.718927455592048265e-02	7.016952633650344606e-02
1.023188400188092373e+03	2.749955289319854779e-01	1.786907996774922402e-01	2.377397700094808775e-01	1.427632779218434012e-01	6.835488304326860221e-02	2.721701433820620034e-02	7.023872607743118779e-02
1.024639731252188767e+03	2.747414755642471618e-01	1.785308460555616594e-01	2.379149200614126269e-01	1.428651865174838109e-01	6.839501941086965908e-02	2.724472741992702354e-02	7.030782497020610089e-02
1.026091062316285615e+03	2.744878688105077957e-01	1.783711577583662333e-01	2.380897387759225992e-01	1.429668979448596167e-01	6.843510006241390609e-02	2.727241370145780386e-02	7.037682294618012591e-02
1.027542393380382237e+03	2.742347078781698366e-01	1.782117343329676917e-01	2.382642268400680940e-01	1.430684129006881133e-01	6.847512502339138385e-02	2.730007308461382398e-02	7.044571993980915103e-02
1.028993724444478858e+03	2.739819919762138123e-01	1.780525753272388656e-01	2.384383849385455778e-01	1.431697320765082104e-01	6.851509431995335409e-02	2.732770547263616012e-02	7.051451588861207265e-02
1.030445055508575479e+03	2.737297203151929925e-01	1.778936802898621883e-01	2.386122137537089460e-01	1.432708561587327234e-01	6.855500797890344555e-02	2.735531077017718665e-02	7.058321073313054972e-02
1.031896386572671872e+03	2.734778921072284485e-01	1.777350487703276694e-01	2.387857139655875094e-01	1.433717858286998603e-01	6.859486602768911923e-02	2.738288888328625423e-02	7.065180441688916069e-02
1.033347717636768493e+03	2.732265065660041681e-01	1.775766803189312293e-01	2.389588862519037016e-01	1.434725217627244032e-01	6.863466849439305018e-02	2.741043971939547547e-02	7.072029688635599054e-02
1.034799048700865114e+03	2.729755629067620593e-01	1.774185744867728398e-01	2.391317312880907597e-01	1.435730646321482784e-01	6.867441540772470376e-02	2.743796318730568756e-02	7.078868809090370362e-02
1.036250379764961508e+03	2.727250603462970657e-01	1.772607308257547754e-01	2.393042497473101826e-01	1.436734151033904339e-01	6.871410679701192570e-02	2.746545919717253287e-02	7.085697798277112991e-02
1.037701710829058356e+03	2.724749981029521706e-01	1.771031488885799476e-01	2.394764423004688558e-01	1.437735738379963546e-01	6.875374269219274026e-02	2.749292766049268866e-02	7.092516651702525377e-02
1.039153041893154750e+03	2.722253753966139000e-01	1.769458282287499906e-01	2.396483096162361215e-01	1.438735414926869682e-01	6.879332312380710690e-02	2.752036849009023914e-02	7.099325365152364675e-02
1.040604372957251599e+03	2.719761914487071608e-01	1.767887684005635118e-01	2.398198523610606536e-01	1.439733187194070785e-01	6.883284812298891275e-02	2.754778160010318624e-02	7.106123934687741395e-02
1.042055704021347992e+03	2.717274454821906882e-01	1.766319689591145659e-01	2.399910711991871115e-01	1.440729061653731879e-01	6.887231772145788189e-02	2.757516690597009226e-02	7.112912356641444556e-02
1.043507035085444613e+03	2.714791367215522166e-01	1.764754294602906282e-01	2.401619667926725432e-01	1.441723044731207382e-01	6.891173195151176212e-02	2.760252432441685083e-02	7.119690627614327916e-02
1.044958366149541234e+03	2.712312643928038169e-01	1.763191494607709575e-01	2.403325398014027614e-01	1.442715142805510997e-01	6.895109084601845628e-02	2.762985377344360019e-02	7.126458744471723949e-02
1.046409697213637855e+03	2.709838277234771220e-01	1.761631285180250694e-01	2.405027908831085526e-01	1.443705362209778964e-01	6.899039443840829233e-02	2.765715517231177867e-02	7.133216704339913339e-02
1.047861028277734476e+03	2.707368259426189416e-01	1.760073661903108211e-01	2.406727206933813867e-01	1.444693709231727741e-01	6.902964276266640442e-02	2.768442844153128427e-02	7.139964504602620832e-02
1.049312359341831097e+03	2.704902582807863776e-01	1.758518620366726348e-01	2.408423298856894323e-01	1.445680190114106978e-01	6.906883585332519726e-02	2.771167350284780423e-02	7.146702142897568000e-02
1.050763690405927491e+03	2.702441239700422160e-01	1.756966156169400550e-01	2.410116191113930162e-01	1.446664811055149713e-01	6.910797374545678273e-02	2.773889027923021056e-02	7.153429617113059302e-02
1.052215021470024112e+03	2.699984222439505976e-01	1.755416264917258329e-01	2.411805890197600832e-01	1.447647578209014518e-01	6.914705647466569405e-02	2.776607869485814631e-02	7.160146925384608396e-02
1.053666352534120733e+03	2.697531523375722440e-01	1.753868942224243443e-01	2.413492402579815732e-01	1.448628497686224315e-01	6.918608407708153052e-02	2.779323867510970561e-02	7.166854066091604691e-02
1.055117683598217127e+03	2.695083134874603492e-01	1.752324183712098693e-01	2.415175734711862976e-01	1.449607575554101579e-01	6.922505658935169948e-02	2.782037014654922813e-02	7.173551037854027090e-02
1.056569014662313975e+03	2.692639049316555289e-01	1.750781985010350095e-01	2.416855893024560942e-01	1.450584817837197726e-01	6.926397404863438023e-02	2.784747303691524623e-02	7.180237839529182708e-02
1.058020345726410369e+03	2.690199259096820450e-01	1.749242341756288566e-01	2.418532883928404820e-01	1.451560230517716654e-01	6.930283649259134926e-02	2.787454727510852923e-02	7.186914470208495553e-02
1.059471676790506763e+03	2.687763756625428102e-01	1.747705249594954657e-01	2.420206713813713162e-01	1.452533819535936910e-01	6.934164395938104131e-02	2.790159279118026303e-02	7.193580929214332675e-02
1.060923007854603611e+03	2.685332534327152243e-01	1.746170704179122180e-01	2.421877389050772211e-01	1.453505590790625523e-01	6.938039648765165213e-02	2.792860951632032684e-02	7.200237216096863624e-02
1.062374338918700232e+03	2.682905584641471219e-01	1.744638701169280159e-01	2.423544915989979953e-01	1.454475550139451290e-01	6.941909411653428286e-02	2.795559738284572604e-02	7.206883330630958762e-02
1.063825669982796853e+03	2.680482900022517767e-01	1.743109236233618409e-01	2.425209300961985726e-01	1.455443703399390554e-01	6.945773688563626480e-02	2.798255632418910135e-02	7.213519272813125049e-02
1.065277001046893474e+03	2.678064472939042928e-01	1.741582305048010038e-01	2.426870550277831495e-01	1.456410056347129112e-01	6.949632483503435931e-02	2.800948627488736992e-02	7.220145042858479301e-02
1.066728332110990095e+03	2.675650295874367757e-01	1.740057903295995634e-01	2.428528670229089803e-01	1.457374614719461892e-01	6.953485800526824911e-02	2.803638717057049118e-02	7.226760641197754742e-02
1.068179663175086489e+03	2.673240361326345571e-01	1.738536026668767165e-01	2.430183667088000876e-01	1.458337384213685972e-01	6.957333643733400186e-02	2.806325894795032305e-02	7.233366068474349209e-02
1.069630994239183110e+03	2.670834661807316990e-01	1.737016670865151047e-01	2.431835547107608353e-01	1.459298370487989716e-01	6.961176017267756144e-02	2.809010154480962029e-02	7.239961325541399706e-02
1.071082325303279504e+03	2.668433189844066633e-01	1.735499831591593434e-01	2.433484316521892510e-01	1.460257579161839958e-01	6.965012925318843362e-02	2.811691489999110227e-02	7.246546413458901381e-02
1.072533656367376352e+03	2.666035937977784820e-01	1.733985504562142455e-01	2.435129981545903766e-01	1.461215015816361151e-01	6.968844372119335773e-02	2.814369895338667341e-02	7.253121333490851474e-02
1.073984987431472746e+03	2.663642898764024269e-01	1.732473685498434057e-01	2.436772548375893133e-01	1.462170685994714781e-01	6.972670361945004780e-02	2.817045364592671991e-02	7.259686087102434904e-02
1.075436318495569594e+03	2.661254064772658467e-01	1.730964370129675634e-01	2.438412023189442113e-01	1.463124595202471012e-01	6.976490899114101696e-02	2.819717891956953840e-02	7.266240675957240380e-02
1.076887649559666215e+03	2.658869428587843364e-01	1.729457554192628810e-01	2.440048412145591483e-01	1.464076748907978676e-01	6.980305987986752669e-02	2.822387471729084080e-02	7.272785101914509831e-02
1.078338980623762609e+03	2.656488982807972965e-01	1.727953233431596403e-01	2.441681721384967307e-01	1.465027152542729971e-01	6.984115632964352227e-02	2.825054098307339459e-02	7.279319367026422516e-02
1.079790311687859230e+03	2.654112720045639917e-01	1.726451403598403822e-01	2.443311957029907500e-01	1.465975811501722403e-01	6.987919838488966529e-02	2.827717766189674978e-02	7.285843473535408288e-02
1.081241642751955851e+03	2.651740632927597763e-01	1.724952060452385472e-01	2.444939125184585615e-01	1.466922731143815162e-01	6.991718609042744947e-02	2.830378469972706992e-02	7.292357423871495548e-02
1.082692973816052472e+03	2.649372714094718750e-01	1.723455199760368373e-01	2.446563231935134086e-01	1.467867916792084670e-01	6.995511949147338593e-02	2.833036204350708118e-02	7.298861220649688342e-02
1.084144304880149093e+03	2.647008956201953311e-01	1.721960817296656621e-01	2.448184283349765789e-01	1.468811373734172365e-01	6.999299863363322993e-02	2.835690964114609067e-02	7.305354866667380931e-02
1.085595635944245487e+03	2.644649351918294533e-01	1.720468908843016398e-01	2.449802285478893671e-01	1.469753107222631638e-01	7.003082356289627719e-02	2.838342744151012981e-02	7.311838364901797338e-02
1.087046967008342108e+03	2.642293893926733750e-01	1.718979470188659875e-01	2.451417244355250658e-01	1.470693122475270342e-01	7.006859432562970169e-02	2.840991539441219474e-02	7.318311718507464203e-02
1.088498298072438729e+03	2.639942574924225571e-01	1.717492497130230500e-01	2.453029165994007055e-01	1.471631424675489130e-01	7.010631096857306011e-02	2.843637345060257698e-02	7.324774930813708618e-02
1.089949629136535123e+03	2.637595387621646803e-01	1.716007985471787733e-01	2.454638056392887957e-01	1.472568018972617576e-01	7.014397353883271291e-02	2.846280156175929124e-02	7.331228005322196206e-02
1.091400960200631971e+03	2.635252324743759811e-01	1.714525931024791228e-01	2.456243921532286767e-01	1.473502910482243078e-01	7.018158208387639818e-02	2.848919968047859685e-02	7.337670945704492798e-02
1.092852291264728365e+03	2.632913379029170886e-01	1.713046329608085838e-01	2.457846767375380659e-01	1.474436104286542537e-01	7.021913665152788864e-02	2.851556776026561990e-02	7.344103755799652467e-02
1.094303622328825213e+03	2.630578543230295274e-01	1.711569177047887746e-01	2.459446599868243544e-01	1.475367605434603491e-01	7.025663728996160706e-02	2.854190575552506895e-02	7.350526439611837493e-02
1.095754953392921607e+03	2.628247810113318317e-01	1.710094469177767251e-01	2.461043424939955981e-01	1.476297418942746631e-01	7.029408404769742214e-02	2.856821362155203756e-02	7.356939001307974402e-02
1.097206284457018228e+03	2.625921172458158814e-01	1.708622201838635168e-01	2.462637248502717591e-01	1.477225549794842774e-01	7.033147697359537487e-02	2.859449131452291432e-02	7.363341445215423886e-02
1.098657615521114849e+03	2.623598623058429058e-01	1.707152370878728120e-01	2.464228076451956129e-01	1.478152002942628163e-01	7.036881611685061322e-02	2.862073879148634495e-02	7.369733775819685417e-02
1.100108946585211470e+03	2.621280154721399303e-01	1.705684972153592438e-01	2.465815914666434905e-01	1.479076783306013665e-01	7.040610152698824342e-02	2.864695601035434011e-02	7.376115997762135168e-02
1.101560277649308091e+03	2.618965760267960574e-01	1.704220001526070005e-01	2.467400769008359918e-01	1.479999895773393137e-01	7.044333325385832012e-02	2.867314292989342484e-02	7.382488115837783360e-02
1.103011608713404712e+03	2.616655432532588033e-01	1.702757454866284104e-01	2.468982645323485603e-01	1.480921345201947348e-01	7.048051134763090586e-02	2.869929950971590593e-02	7.388850134993060759e-02
1.104462939777501106e+03	2.614349164363303779e-01	1.701297328051623314e-01	2.470561549441220861e-01	1.481841136417945126e-01	7.051763585879110285e-02	2.872542571027120878e-02	7.395202060323634308e-02
1.105914270841597499e+03	2.612046948621640219e-01	1.699839616966727918e-01	2.472137487174730919e-01	1.482759274217040346e-01	7.055470683813423738e-02	2.875152149283729391e-02	7.401543897072242195e-02
1.107365601905694348e+03	2.609748778182605644e-01	1.698384317503474905e-01	2.473710464321041413e-01	1.483675763364567801e-01	7.059172433676101643e-02	2.877758681951219505e-02	7.407875650626565001e-02
1.108816932969790741e+03	2.607454645934645932e-01	1.696931425560963824e-01	2.475280486661138868e-01	1.484590608595833527e-01	7.062868840607279541e-02	2.880362165320560566e-02	7.414197326517119047e-02
1.110268264033887590e+03	2.605164544779611790e-01	1.695480937045501235e-01	2.476847559960071443e-01	1.485503814616402907e-01	7.066559909776691517e-02	2.882962595763055927e-02	7.420508930415165016e-02
1.111719595097984211e+03	2.602878467632717685e-01	1.694032847870586833e-01	2.478411689967048859e-01	1.486415386102387104e-01	7.070245646383198357e-02	2.885559969729520682e-02	7.426810468130659593e-02
1.113170926162080832e+03	2.600596407422512413e-01	1.692587153956899293e-01	2.479972882415540369e-01	1.487325327700724231e-01	7.073926055654335132e-02	2.888154283749464965e-02	7.433101945610218197e-02
1.114622257226177226e+03	2.598318357090841912e-01	1.691143851232281836e-01	2.481531143023371633e-01	1.488233644029458291e-01	7.077601142845856008e-02	2.890745534430286950e-02	7.439383368935105489e-02
1.116073588290273847e+03	2.596044309592812627e-01	1.689702935631727243e-01	2.483086477492821298e-01	1.489140339678016733e-01	7.081270913241283216e-02	2.893333718456475231e-02	7.445654744319255003e-02
1.117524919354370468e+03	2.593774257896758195e-01	1.688264403097363975e-01	2.484638891510716763e-01	1.490045419207481348e-01	7.084935372151462962e-02	2.895918832588816050e-02	7.451916078107308217e-02
1.118976250418467089e+03	2.591508194984205038e-01	1.686828249578442573e-01	2.486188390748528543e-01	1.490948887150861935e-01	7.088594524914131056e-02	2.898500873663610242e-02	7.458167376772675827e-02
1.120427581482563710e+03	2.589246113849836828e-01	1.685394471031320396e-01	2.487734980862462142e-01	1.491850748013360262e-01	7.092248376893477146e-02	2.901079838591898163e-02	7.464408646915630940e-02
1.121878912546660331e+03	2.586988007501461184e-01	1.683963063419448014e-01	2.489278667493552144e-01	1.492751006272637349e-01	7.095896933479714508e-02	2.903655724358691903e-02	7.470639895261411978e-02
1.123330243610756725e+03	2.584733868959974701e-01	1.682534022713355337e-01	2.490819456267753251e-01	1.493649666379073815e-01	7.099540200088658159e-02	2.906228528022214430e-02	7.476861128658360278e-02
1.124781574674853118e+03	2.582483691259331304e-01	1.681107344890637456e-01	2.492357352796029657e-01	1.494546732756029117e-01	7.103178182161305754e-02	2.908798246713147073e-02	7.483072354076077126e-02
1.126232905738949967e+03	2.580237467446505617e-01	1.679683025935940210e-01	2.493892362674445806e-01	1.495442209800098288e-01	7.106810885163419855e-02	2.911364877633884976e-02	7.489273578603600212e-02
1.127684236803046360e+03	2.577995190581461316e-01	1.678261061840946589e-01	2.495424491484254936e-01	1.496336101881364788e-01	7.110438314585129649e-02	2.913928418057797759e-02	7.495464809447605070e-02
1.129135567867143209e+03	2.575756853737116714e-01	1.676841448604363127e-01	2.496953744791985952e-01	1.497228413343652531e-01	7.114060475940509054e-02	2.916488865328501628e-02	7.501646053930623170e-02
1.130586898931239830e+03	2.573522449999312567e-01	1.675424182231905201e-01	2.498480128149529744e-01	1.498119148504772347e-01	7.117677374767192311e-02	2.919046216859133222e-02	7.507817319489294705e-02
1.132038229995336451e+03	2.571291972466777653e-01	1.674009258736284533e-01	2.500003647094227177e-01	1.499008311656769288e-01	7.121289016625970136e-02	2.921600470131635596e-02	7.513978613672624152e-02
1.133489561059432845e+03	2.569065414251098800e-01	1.672596674137193651e-01	2.501524307148953463e-01	1.499895907066163547e-01	7.124895407100398370e-02	2.924151622696047684e-02	7.520129944140276079e-02
1.134940892123529466e+03	2.566842768476685910e-01	1.671186424461293951e-01	2.503042113822199766e-01	1.500781938974193319e-01	7.128496551796414948e-02	2.926699672169803812e-02	7.526271318660873733e-02
1.136392223187626087e+03	2.564624028280738655e-01	1.669778505742201269e-01	2.504557072608158963e-01	1.501666411597050443e-01	7.132092456341958264e-02	2.929244616237036691e-02	7.532402745110332309e-02
1.137843554251722708e+03	2.562409186813217610e-01	1.668372914020471998e-01	2.506069188986808083e-01	1.502549329126116884e-01	7.135683126386582753e-02	2.931786452647891852e-02	7.538524231470206116e-02
1.139294885315819101e+03	2.560198237236809282e-01	1.666969645343588935e-01	2.507578468423988238e-01	1.503430695728196764e-01	7.139268567601093907e-02	2.934325179217843471e-02	7.544635785826055152e-02
1.140746216379915950e+03	2.557991172726894469e-01	1.665568695765949903e-01	2.509084916371488450e-01	1.504310515545747295e-01	7.142848785677173573e-02	2.936860793827022684e-02	7.550737416365836674e-02
1.142197547444012343e+03	2.555787986471517170e-01	1.664170061348852203e-01	2.510588538267120029e-01	1.505188792697106370e-01	7.146423786327016359e-02	2.939393294419546943e-02	7.556829131378309250e-02
1.143648878508108737e+03	2.553588671671353505e-01	1.662773738160479853e-01	2.512089339534802068e-01	1.506065531276717939e-01	7.149993575282968805e-02	2.941922679002860128e-02	7.562910939251463183e-02
1.145100209572205586e+03	2.551393221539678957e-01	1.661379722275890536e-01	2.513587325584636378e-01	1.506940735355355998e-01	7.153558158297174119e-02	2.944448945647078208e-02	7.568982848470964808e-02
1.146551540636302207e+03	2.549201629302336736e-01	1.659988009777001172e-01	2.515082501812984095e-01	1.507814408980343579e-01	7.157117541141216899e-02	2.946972092484338723e-02	7.575044867618627165e-02
1.148002871700398828e+03	2.547013888197708908e-01	1.658598596752575705e-01	2.516574873602543949e-01	1.508686556175772853e-01	7.160671729605776192e-02	2.949492117708161706e-02	7.581097005370884823e-02
1.149454202764495449e+03	2.544829991476683095e-01	1.657211479298211498e-01	2.518064446322429428e-01	1.509557180942719679e-01	7.164220729500284102e-02	2.952009019572811310e-02	7.587139270497308963e-02
1.150905533828591842e+03	2.542649932402623603e-01	1.655826653516325464e-01	2.519551225328240940e-01	1.510426287259458988e-01	7.167764546652576063e-02	2.954522796392669570e-02	7.593171671859115512e-02
1.152356864892688463e+03	2.540473704251338671e-01	1.654444115516141844e-01	2.521035215962141307e-01	1.511293879081674618e-01	7.171303186908564720e-02	2.957033446541609822e-02	7.599194218407716306e-02
1.153808195956785084e+03	2.538301300311051056e-01	1.653063861413677782e-01	2.522516423552930709e-01	1.512159960342670528e-01	7.174836656131901302e-02	2.959540968452381918e-02	7.605206919183271630e-02
1.155259527020881706e+03	2.536132713882367495e-01	1.651685887331732216e-01	2.523994853416119399e-01	1.513024534953575639e-01	7.178364960203646727e-02	2.962045360616001252e-02	7.611209783313260813e-02
1.156710858084978327e+03	2.533967938278249288e-01	1.650310189399870897e-01	2.525470510853997652e-01	1.513887606803550889e-01	7.181888105021949631e-02	2.964546621581143349e-02	7.617202820011080566e-02
1.158162189149074720e+03	2.531806966823980098e-01	1.648936763754413615e-01	2.526943401155709035e-01	1.514749179759990461e-01	7.185406096501724404e-02	2.967044749953545030e-02	7.623186038574653045e-02
1.159613520213171569e+03	2.529649792857138757e-01	1.647565606538422267e-01	2.528413529597322573e-01	1.515609257668722731e-01	7.188918940574326455e-02	2.969539744395411837e-02	7.629159448385053333e-02
1.161064851277267962e+03	2.527496409727568172e-01	1.646196713901686703e-01	2.529880901441898811e-01	1.516467844354209282e-01	7.192426643187248281e-02	2.972031603624829266e-02	7.635123058905150806e-02
1.162516182341364356e+03	2.525346810797344244e-01	1.644830082000712235e-01	2.531345521939562526e-01	1.517324943619741129e-01	7.195929210303804446e-02	2.974520326415183713e-02	7.641076879678272704e-02
1.163967513405461204e+03	2.523200989440749775e-01	1.643465706998707421e-01	2.532807396327569904e-01	1.518180559247632178e-01	7.199426647902822107e-02	2.977005911594585510e-02	7.647020920326874638e-02
1.165418844469557826e+03	2.521058939044239500e-01	1.642103585065569915e-01	2.534266529830376258e-01	1.519034694999412405e-01	7.202918961978344026e-02	2.979488358045298546e-02	7.652955190551244402e-02
1.166870175533654447e+03	2.518920653006418431e-01	1.640743712377874530e-01	2.535722927659705417e-01	1.519887354616017705e-01	7.206406158539320483e-02	2.981967664703176826e-02	7.658879700128203016e-02
1.168321506597751068e+03	2.516786124738007446e-01	1.639386085118861025e-01	2.537176595014613567e-01	1.520738541817978351e-01	7.209888243609324787e-02	2.984443830557105548e-02	7.664794458909832131e-02
1.169772837661847461e+03	2.514655347661814977e-01	1.638030699478419394e-01	2.538627537081555863e-01	1.521588260305605511e-01	7.213365223226246570e-02	2.986916854648446681e-02	7.670699476822212537e-02
1.171224168725944082e+03	2.512528315212709806e-01	1.636677551653079044e-01	2.540075759034454150e-01	1.522436513759174437e-01	7.216837103442011458e-02	2.989386736070492184e-02	7.676594763864186266e-02
1.172675499790040703e+03	2.510405020837591650e-01	1.635326637845995468e-01	2.541521266034758586e-01	1.523283305839107649e-01	7.220303890322293805e-02	2.991853473967920687e-02	7.682480330106125632e-02
1.174126830854137097e+03	2.508285457995361178e-01	1.633977954266937482e-01	2.542964063231512029e-01	1.524128640186155348e-01	7.223765589946233578e-02	2.994317067536261118e-02	7.688356185688718925e-02
1.175578161918233945e+03	2.506169620156895039e-01	1.632631497132274734e-01	2.544404155761415542e-01	1.524972520421574163e-01	7.227222208406153259e-02	2.996777516021359791e-02	7.694222340821772754e-02
1.177029492982330339e+03	2.504057500805014214e-01	1.631287262664965210e-01	2.545841548748888350e-01	1.525814950147302840e-01	7.230673751807284444e-02	2.999234818718854445e-02	7.700078805783029667e-02
1.178480824046426733e+03	2.501949093434457372e-01	1.629945247094543026e-01	2.547276247306133334e-01	1.526655932946138494e-01	7.234120226267494458e-02	3.001688974973652085e-02	7.705925590917001022e-02
1.179932155110523581e+03	2.499844391551853950e-01	1.628605446657105660e-01	2.548708256533195327e-01	1.527495472381908137e-01	7.237561637917018509e-02	3.004139984179413428e-02	7.711762706633809583e-02
1.181383486174620202e+03	2.497743388675693899e-01	1.627267857595300626e-01	2.550137581518023278e-01	1.528333571999640761e-01	7.240997992898190461e-02	3.006587845778040807e-02	7.717590163408055703e-02
1.182834817238716823e+03	2.495646078336301588e-01	1.625932476158314932e-01	2.551564227336531321e-01	1.529170235325736371e-01	7.244429297365179155e-02	3.009032559259171638e-02	7.723407971777682124e-02
1.184286148302813444e+03	2.493552454075807501e-01	1.624599298601860919e-01	2.552988199052657059e-01	1.530005465868133907e-01	7.247855557483728894e-02	3.011474124159677773e-02	7.729216142342874851e-02
1.185737479366910065e+03	2.491462509448121310e-01	1.623268321188165442e-01	2.554409501718422626e-01	1.530839267116476110e-01	7.251276779430899933e-02	3.013912540063168333e-02	7.735014685764954323e-02
1.187188810431006686e+03	2.489376238018904119e-01	1.621939540185956263e-01	2.555828140373991308e-01	1.531671642542274669e-01	7.254692969394817281e-02	3.016347806599498776e-02	7.740803612765299879e-02
1.188640141495103080e+03	2.487293633365540990e-01	1.620612951870450402e-01	2.557244120047727498e-01	1.532502595599072315e-01	7.258104133574416750e-02	3.018779923444283100e-02	7.746582934124270070e-02
1.190091472559199701e+03	2.485214689077114847e-01	1.619288552523341917e-01	2.558657445756251092e-01	1.533332129722603243e-01	7.261510278179197919e-02	3.021208890318412971e-02	7.752352660680156271e-02
1.191542803623296322e+03	2.483139398754378446e-01	1.617966338432789419e-01	2.560068122504498556e-01	1.534160248330952159e-01	7.264911409428975730e-02	3.023634706987579288e-02	7.758112803328129359e-02
1.192994134687392716e+03	2.481067756009728287e-01	1.616646305893404689e-01	2.561476155285776213e-01	1.534986954824712202e-01	7.268307533553641786e-02	3.026057373261801034e-02	7.763863373019212755e-02
1.194445465751489564e+03	2.478999754467177408e-01	1.615328451206239635e-01	2.562881549081816868e-01	1.535812252587139271e-01	7.271698656792918714e-02	3.028476888994955166e-02	7.769604380759266571e-02
1.195896796815585958e+03	2.476935387762327911e-01	1.614012770678774078e-01	2.564284308862835871e-01	1.536636144984307728e-01	7.275084785396128406e-02	3.030893254084314828e-02	7.775335837607974532e-02
1.197348127879682352e+03	2.474874649542346816e-01	1.612699260624904651e-01	2.565684439587583854e-01	1.537458635365261117e-01	7.278465925621956101e-02	3.033306468470089653e-02	7.781057754677861427e-02
1.198799458943779200e+03	2.472817533465936635e-01	1.611387917364932587e-01	2.567081946203404463e-01	1.538279727062164537e-01	7.281842083738218618e-02	3.035716532134971959e-02	7.786770143133303623e-02
1.200250790007875821e+03	2.470764033203311782e-01	1.610078737225550394e-01	2.568476833646284319e-01	1.539099423390452859e-01	7.285213266021633993e-02	3.038123445103685719e-02	7.792473014189567337e-02
1.201702121071972442e+03	2.468714142436171655e-01	1.608771716539831309e-01	2.569869106840907413e-01	1.539917727648978940e-01	7.288579478757595265e-02	3.040527207442541777e-02	7.798166379111851065e-02
1.203153452136069063e+03	2.466667854857673148e-01	1.607466851647216810e-01	2.571258770700710072e-01	1.540734643120160174e-01	7.291940728239951208e-02	3.042927819258996538e-02	7.803850249214336343e-02
1.204604783200165684e+03	2.464625164172406235e-01	1.606164138893505233e-01	2.572645830127929245e-01	1.541550173070122265e-01	7.295297020770778740e-02	3.045325280701214471e-02	7.809524635859262098e-02
1.206056114264262078e+03	2.462586064096368155e-01	1.604863574630839285e-01	2.574030290013656908e-01	1.542364320748842998e-01	7.298648362660170585e-02	3.047719591957636157e-02	7.815189550456000389e-02
1.207507445328358699e+03	2.460550548356936762e-01	1.603565155217693827e-01	2.575412155237892797e-01	1.543177089390293244e-01	7.301994760226016012e-02	3.050110753256549470e-02	7.820845004460150185e-02
1.208958776392455093e+03	2.458518610692845829e-01	1.602268877018865889e-01	2.576791430669588823e-01	1.543988482212577951e-01	7.305336219793788499e-02	3.052498764865665265e-02	7.826491009372638086e-02
1.210410107456551941e+03	2.456490244854158955e-01	1.600974736405460230e-01	2.578168121166707349e-01	1.544798502418074371e-01	7.308672747696337568e-02	3.054883627091696530e-02	7.832127576738834307e-02
1.211861438520648335e+03	2.454465444602244306e-01	1.599682729754880184e-01	2.579542231576264499e-01	1.545607153193569727e-01	7.312004350273675068e-02	3.057265340279943441e-02	7.837754718147674216e-02
1.213312769584745183e+03	2.452444203709749082e-01	1.598392853450813778e-01	2.580913766734383441e-01	1.546414437710395828e-01	7.315331033872776723e-02	3.059643904813881543e-02	7.843372445230797907e-02
1.214764100648841804e+03	2.450426515960575646e-01	1.597105103883224020e-01	2.582282731466341019e-01	1.547220359124565625e-01	7.318652804847371185e-02	3.062019321114752349e-02	7.848980769661693946e-02
1.216215431712937971e+03	2.448412375149854880e-01	1.595819477448335577e-01	2.583649130586616605e-01	1.548024920576903940e-01	7.321969669557745752e-02	3.064391589641160193e-02	7.854579703154859760e-02
1.217666762777034819e+03	2.446401775083921759e-01	1.594535970548623671e-01	2.585012968898942054e-01	1.548828125193180971e-01	7.325281634370543749e-02	3.066760710888672553e-02	7.860169257464968973e-02
1.219118093841131440e+03	2.444394709580291480e-01	1.593254579592803533e-01	2.586374251196346119e-01	1.549629976084241911e-01	7.328588705658567459e-02	3.069126685389422793e-02	7.865749444386048450e-02
1.220569424905228061e+03	2.442391172467632543e-01	1.591975300995816800e-01	2.587732982261203851e-01	1.550430476346135178e-01	7.331890889800593558e-02	3.071489513711718813e-02	7.871320275750673390e-02
1.222020755969324682e+03	2.440391157585744542e-01	1.590698131178822639e-01	2.589089166865281011e-01	1.551229629060240922e-01	7.335188193181167715e-02	3.073849196459653779e-02	7.876881763429161021e-02
1.223472087033421303e+03	2.438394658785531244e-01	1.589423066569183307e-01	2.590442809769782362e-01	1.552027437293397039e-01	7.338480622190428349e-02	3.076205734272722397e-02	7.882433919328780958e-02
1.224923418097517697e+03	2.436401669928978386e-01	1.588150103600454444e-01	2.591793915725397746e-01	1.552823904098023788e-01	7.341768183223909561e-02	3.078559127825438238e-02	7.887976755392978045e-02
1.226374749161614318e+03	2.434412184889128417e-01	1.586879238712373963e-01	2.593142489472344270e-01	1.553619032512248699e-01	7.345050882682360727e-02	3.080909377826957993e-02	7.893510283600600752e-02
1.227826080225710712e+03	2.432426197550055236e-01	1.585610468350849567e-01	2.594488535740414603e-01	1.554412825560026745e-01	7.348328726971568858e-02	3.083256485020707469e-02	7.899034515965140668e-02
1.229277411289807560e+03	2.430443701806841439e-01	1.584343788967947919e-01	2.595832059249019719e-01	1.555205286251263586e-01	7.351601722502169867e-02	3.085600450184010704e-02	7.904549464533980330e-02
1.230728742353903954e+03	2.428464691565553613e-01	1.583079197021882711e-01	2.597173064707233858e-01	1.555996417581934355e-01	7.354869875689473702e-02	3.087941274127724636e-02	7.910055141387652144e-02
1.232180073418000802e+03	2.426489160743218743e-01	1.581816688977003837e-01	2.598511556813837275e-01	1.556786222534202180e-01	7.358133192953289492e-02	3.090278957695876197e-02	7.915551558639108420e-02
1.233631404482097196e+03	2.424517103267800067e-01	1.580556261303786847e-01	2.599847540257360645e-01	1.557574704076536698e-01	7.361391680717753461e-02	3.092613501765302184e-02	7.921038728432998333e-02
1.235082735546193817e+03	2.422548513078173482e-01	1.579297910478820177e-01	2.601181019716126697e-01	1.558361865163828963e-01	7.364645345411151289e-02	3.094944907245293642e-02	7.926516662944957381e-02
1.236534066610290438e+03	2.420583384124104231e-01	1.578041632984794329e-01	2.602511999858295177e-01	1.559147708737506910e-01	7.367894193465752972e-02	3.097273175077243715e-02	7.931985374380894072e-02
1.237985397674387059e+03	2.418621710366221644e-01	1.576787425310491320e-01	2.603840485341902822e-01	1.559932237725649429e-01	7.371138231317644895e-02	3.099598306234299314e-02	7.937444874976304354e-02
1.239436728738483680e+03	2.416663485775998321e-01	1.575535283950773024e-01	2.605166480814903873e-01	1.560715455043098498e-01	7.374377465406561916e-02	3.101920301721013476e-02	7.942895176995584672e-02
1.240888059802580301e+03	2.414708704335724321e-01	1.574285205406570354e-01	2.606489990915215604e-01	1.561497363591571319e-01	7.377611902175724989e-02	3.104239162573006403e-02	7.948336292731349173e-02
1.242339390866676695e+03	2.412757360038485788e-01	1.573037186184871039e-01	2.607811020270756064e-01	1.562277966259769946e-01	7.380841548071680192e-02	3.106554889856622675e-02	7.953768234503766354e-02
1.243790721930773088e+03	2.410809446888139695e-01	1.571791222798710197e-01	2.609129573499485710e-01	1.563057265923490646e-01	7.384066409544140508e-02	3.108867484668598885e-02	7.959191014659894314e-02
1.245242052994869937e+03	2.408864958899292474e-01	1.570547311767158116e-01	2.610445655209448490e-01	1.563835265445732425e-01	7.387286493045820690e-02	3.111176948135729523e-02	7.964604645573032660e-02
1.246693384058966330e+03	2.406923890097276975e-01	1.569305449615309156e-01	2.611759269998809585e-01	1.564611967676803328e-01	7.390501805032290150e-02	3.113483281414537729e-02	7.970009139642078577e-02
1.248144715123063179e+03	2.404986234518128319e-01	1.568065632874271476e-01	2.613070422455897601e-01	1.565387375454426466e-01	7.393712351961816143e-02	3.115786485690950208e-02	7.975404509290892618e-02
1.249596046187159800e+03	2.403051986208560864e-01	1.566827858081155378e-01	2.614379117159242871e-01	1.566161491603844658e-01	7.396918140295209720e-02	3.118086562179973528e-02	7.980790766967671424e-02
1.251047377251256421e+03	2.401121139225947665e-01	1.565592121779062762e-01	2.615685358677615202e-01	1.566934318937925619e-01	7.400119176495675855e-02	3.120383512125375278e-02	7.986167925144325996e-02
1.252498708315352815e+03	2.399193687638296046e-01	1.564358420517075743e-01	2.616989151570063843e-01	1.567705860257261885e-01	7.403315467028666330e-02	3.122677336799366613e-02	7.991535996315878021e-02
1.253950039379449436e+03	2.397269625524224568e-01	1.563126750850246383e-01	2.618290500385955788e-01	1.568476118350274062e-01	7.406507018361735417e-02	3.124968037502289311e-02	7.996894992999852014e-02
1.255401370443546057e+03	2.395348946972941928e-01	1.561897109339585032e-01	2.619589409665011859e-01	1.569245095993311856e-01	7.409693836964387215e-02	3.127255615562304220e-02	8.002244927735679969e-02
1.256852701507642678e+03	2.393431646084223929e-01	1.560669492552050064e-01	2.620885883937346672e-01	1.570012795950752049e-01	7.412875929307942424e-02	3.129540072335085937e-02	8.007585813084117099e-02
1.258304032571739299e+03	2.391517716968390717e-01	1.559443897060537043e-01	2.622179927723504722e-01	1.570779220975098422e-01	7.416053301865389857e-02	3.131821409203516121e-02	8.012917661626663135e-02
1.259755363635835920e+03	2.389607153746285406e-01	1.558220319443866797e-01	2.623471545534495908e-01	1.571544373807077510e-01	7.419225961111250434e-02	3.134099627577382335e-02	8.018240485964986397e-02
1.261206694699932314e+03	2.387699950549250771e-01	1.556998756286776531e-01	2.624760741871836056e-01	1.572308257175736856e-01	7.422393913521438402e-02	3.136374728893079333e-02	8.023554298720364519e-02
1.262658025764028707e+03	2.385796101519108980e-01	1.555779204179907893e-01	2.626047521227577453e-01	1.573070873798539382e-01	7.425557165573123952e-02	3.138646714613314154e-02	8.028859112533122400e-02
1.264109356828125556e+03	2.383895600808137449e-01	1.554561659719795597e-01	2.627331888084349365e-01	1.573832226381457755e-01	7.428715723744598598e-02	3.140915586226812606e-02	8.034154940062081252e-02
1.265560687892221949e+03	2.381998442579047748e-01	1.553346119508858814e-01	2.628613846915394126e-01	1.574592317619069592e-01	7.431869594515147504e-02	3.143181345248027836e-02	8.039441793984024309e-02
1.267012018956318798e+03	2.380104621004964782e-01	1.552132580155388131e-01	2.629893402184598217e-01	1.575351150194647942e-01	7.435018784364912092e-02	3.145443993216855832e-02	8.044719686993154206e-02
1.268463350020415419e+03	2.378214130269403204e-01	1.550921038273536390e-01	2.631170558346530575e-01	1.576108726780253710e-01	7.438163299774762371e-02	3.147703531698348850e-02	8.049988631800564232e-02
1.269914681084511813e+03	2.376326964566247701e-01	1.549711490483307308e-01	2.632445319846476450e-01	1.576865050036827254e-01	7.441303147226172032e-02	3.149959962282433690e-02	8.055248641133719301e-02
1.271366012148608434e+03	2.374443118099729411e-01	1.548503933410546318e-01	2.633717691120472937e-01	1.577620122614277198e-01	7.444438333201086611e-02	3.152213286583632063e-02	8.060499727735941089e-02
1.272817343212705055e+03	2.372562585084405651e-01	1.547298363686927247e-01	2.634987676595341166e-01	1.578373947151568701e-01	7.447568864181799975e-02	3.154463506240786502e-02	8.065741904365900106e-02
1.274268674276801676e+03	2.370685359745138276e-01	1.546094777949944821e-01	2.636255280688721836e-01	1.579126526276812825e-01	7.450694746650836364e-02	3.156710622916784198e-02	8.070975183797114705e-02
1.275720005340898297e+03	2.368811436317072583e-01	1.544893172842901619e-01	2.637520507809107406e-01	1.579877862607353134e-01	7.453815987090824102e-02	3.158954638298287071e-02	8.076199578817451485e-02
1.277171336404994690e+03	2.366940809045614824e-01	1.543693545014899193e-01	2.638783362355877626e-01	1.580627958749851458e-01	7.456932591984377634e-02	3.161195554095462545e-02	8.081415102228645120e-02
1.278622667469091539e+03	2.365073472186412229e-01	1.542495891120826412e-01	2.640043848719328956e-01	1.581376817300373661e-01	7.460044567813974015e-02	3.163433372041719871e-02	8.086621766845809856e-02
1.280073998533187932e+03	2.363209420005331074e-01	1.541300207821350576e-01	2.641301971280711203e-01	1.582124440844473456e-01	7.463151921061840499e-02	3.165668093893442975e-02	8.091819585496967671e-02
1.281525329597284326e+03	2.361348646778436977e-01	1.540106491782905762e-01	2.642557734412256942e-01	1.582870831957276514e-01	7.466254658209839357e-02	3.167899721429732335e-02	8.097008571022579204e-02
1.282976660661381175e+03	2.359491146791971028e-01	1.538914739677681720e-01	2.643811142477217602e-01	1.583615993203563443e-01	7.469352785739348521e-02	3.170128256452146159e-02	8.102188736275080239e-02
1.284427991725477568e+03	2.357636914342332302e-01	1.537724948183615548e-01	2.645062199829889549e-01	1.584359927137851121e-01	7.472446310131154734e-02	3.172353700784445729e-02	8.107360094118423732e-02
1.285879322789574417e+03	2.355785943736054544e-01	1.536537113984379477e-01	2.646310910815652395e-01	1.585102636304474011e-01	7.475535237865338356e-02	3.174576056272339353e-02	8.112522657427631567e-02
1.287330653853671038e+03	2.353938229289786743e-01	1.535351233769371437e-01	2.647557279770994532e-01	1.585844123237664383e-01	7.478619575421163734e-02	3.176795324783232566e-02	8.117676439088347684e-02
1.288781984917767431e+03	2.352093765330271480e-01	1.534167304233704787e-01	2.648801311023549210e-01	1.586584390461631411e-01	7.481699329276969568e-02	3.179011508205980413e-02	8.122821451996399544e-02
1.290233315981864052e+03	2.350252546194325221e-01	1.532985322078197765e-01	2.650043008892121188e-01	1.587323440490640281e-01	7.484774505910066211e-02	3.181224608450641117e-02	8.127957709057369307e-02
