1.001418434226643626e+03	2.788124819814308264e-01	1.811607829227316613e-01	2.350950466073971346e-01	1.412260023144916998e-01	6.774253099470455008e-02	2.677597326731077226e-02	6.918718191164030529e-02
1.002869765290740247e+03	2.785511045816280173e-01	1.809972255972435717e-01	2.352756858556611930e-01	1.413310474639576930e-01	6.778338777536471738e-02	2.680386693866310469e-02	6.925768178718864909e-02
1.004321096354836754e+03	2.782901876367929184e-01	1.808339392735517359e-01	2.354559838695916285e-01	1.414358833632075318e-01	6.782418792598395030e-02	2.683173704569341220e-02	6.932808088488578990e-02
1.005772427418933376e+03	2.780297303250405805e-01	1.806709234894840199e-01	2.356359413565468075e-01	1.415405108029807180e-01	6.786493147045849494e-02	2.685958345854681448e-02	6.939837909664950399e-02
1.007223758483029997e+03	2.777697318261641013e-01	1.805081777836956836e-01	2.358155590213894814e-01	1.416449305678399162e-01	6.790561843338907555e-02	2.688740604906815490e-02	6.946857631816051593e-02
1.008675089547126618e+03	2.775101913216289073e-01	1.803457016956674375e-01	2.359948375665068820e-01	1.417491434362347369e-01	6.794624884007155474e-02	2.691520469078492739e-02	6.953867244881248300e-02
1.010126420611223239e+03	2.772511079945669255e-01	1.801834947657037223e-01	2.361737776918306775e-01	1.418531501805647965e-01	6.798682271648773257e-02	2.694297925889041836e-02	6.960866739166259032e-02
1.011577751675319632e+03	2.769924810297711981e-01	1.800215565349307101e-01	2.363523800948567621e-01	1.419569515672422788e-01	6.802734008929617326e-02	2.697072963022695974e-02	6.967856105338277040e-02
1.013029082739416367e+03	2.767343096136898883e-01	1.798598865452945283e-01	2.365306454706646855e-01	1.420605483567535798e-01	6.806780098582326799e-02	2.699845568326941780e-02	6.974835334421149169e-02
1.014480413803512761e+03	2.764765929344207285e-01	1.796984843395595388e-01	2.367085745119370532e-01	1.421639413037203703e-01	6.810820543405418648e-02	2.702615729810879316e-02	6.981804417790611617e-02
1.015931744867609382e+03	2.762193301817057467e-01	1.795373494613063392e-01	2.368861679089784844e-01	1.422671311569600749e-01	6.814855346262420344e-02	2.705383435643601842e-02	6.988763347169586748e-02
1.017383075931706003e+03	2.759625205469255493e-01	1.793764814549300146e-01	2.370634263497345684e-01	1.423701186595455193e-01	6.818884510080983063e-02	2.708148674152591195e-02	6.995712114623532651e-02
1.018834406995802851e+03	2.757061632230937143e-01	1.792158798656384444e-01	2.372403505198104057e-01	1.424729045488639656e-01	6.822908037852028207e-02	2.710911433822129832e-02	7.002650712555850976e-02
1.020285738059899245e+03	2.754502574048516839e-01	1.790555442394503316e-01	2.374169411024892040e-01	1.425754895566756775e-01	6.826925932628893912e-02	2.713671703291728465e-02	7.009579133703351672e-02
1.021737069123995752e+03	2.751948022884630474e-01	1.788954741231934820e-01	2.375931987787502642e-01	1.426778744091715123e-01	6.830938197526491285e-02	2.716429471354569330e-02	7.016497371131770466e-02
1.023188400188092373e+03	2.749397970718083783e-01	1.787356690645030277e-01	2.377691242272872152e-01	1.427800598270302090e-01	6.834944835720473122e-02	2.719184726955966788e-02	7.023405418231340458e-02
1.024639731252188767e+03	2.746852409543797946e-01	1.785761286118197344e-01	2.379447181245256948e-01	1.428820465254747873e-01	6.838945850446404018e-02	2.721937459191841116e-02	7.030303268712416453e-02
1.026091062316285615e+03	2.744311331372757956e-01	1.784168523143880303e-01	2.381199811446410297e-01	1.429838352143285307e-01	6.842941244998952677e-02	2.724687657307210686e-02	7.037190916601157586e-02
1.027542393380382237e+03	2.741774728231958780e-01	1.782578397222544797e-01	2.382949139595756660e-01	1.430854265980701923e-01	6.846931022731081451e-02	2.727435310694696635e-02	7.044068356235251571e-02
1.028993724444478858e+03	2.739242592164354284e-01	1.780990903862659513e-01	2.384695172390562945e-01	1.431868213758886732e-01	6.850915187053256694e-02	2.730180408893043836e-02	7.050935582259708345e-02
1.030445055508575479e+03	2.736714915228805056e-01	1.779406038580677862e-01	2.386437916506110868e-01	1.432880202417371740e-01	6.854893741432654952e-02	2.732922941585657142e-02	7.057792589622678692e-02
1.031896386572671872e+03	2.734191689500026778e-01	1.777823796901021325e-01	2.388177378595862377e-01	1.433890238843865128e-01	6.858866689392385807e-02	2.735662898599152890e-02	7.064639373571351966e-02
1.033347717636768493e+03	2.731672907068538048e-01	1.776244174356062244e-01	2.389913565291628961e-01	1.434898329874781664e-01	6.862834034510725822e-02	2.738400269901922549e-02	7.071475929647884351e-02
1.034799048700865114e+03	2.729158560040612080e-01	1.774667166486107450e-01	2.391646483203734574e-01	1.435904482295764228e-01	6.866795780420355266e-02	2.741135045602714065e-02	7.078302253685382628e-02
1.036250379764961508e+03	2.726648640538226753e-01	1.773092768839379385e-01	2.393376138921178287e-01	1.436908702842202845e-01	6.870751930807608709e-02	2.743867215949225002e-02	7.085118341803930964e-02
1.037701710829058356e+03	2.724143140699010202e-01	1.771520976972000005e-01	2.395102539011796372e-01	1.437910998199744550e-01	6.874702489411722850e-02	2.746596771326711636e-02	7.091924190406684314e-02
1.039153041893154750e+03	2.721642052676196966e-01	1.769951786447974129e-01	2.396825690022420519e-01	1.438911375004800486e-01	6.878647460024113480e-02	2.749323702256611587e-02	7.098719796175979868e-02
1.040604372957251599e+03	2.719145368638573035e-01	1.768385192839172226e-01	2.398545598479036034e-01	1.439909839845046335e-01	6.882586846487642740e-02	2.752047999395179287e-02	7.105505156069526207e-02
1.042055704021347992e+03	2.716653080770430329e-01	1.766821191725312934e-01	2.400262270886936444e-01	1.440906399259917203e-01	6.886520652695898859e-02	2.754769653532136015e-02	7.112280267316614668e-02
1.043507035085444613e+03	2.714165181271518956e-01	1.765259778693947790e-01	2.401975713730877815e-01	1.441901059741096391e-01	6.890448882592488389e-02	2.757488655589334856e-02	7.119045127414391771e-02
1.044958366149541234e+03	2.711681662356995037e-01	1.763700949340442359e-01	2.403685933475231129e-01	1.442893827733000289e-01	6.894371540170329826e-02	2.760204996619436066e-02	7.125799734124167728e-02
1.046409697213637855e+03	2.709202516257375182e-01	1.762144699267962356e-01	2.405392936564132444e-01	1.443884709633257435e-01	6.898288629470968047e-02	2.762918667804598744e-02	7.132544085467777684e-02
1.047861028277734476e+03	2.706727735218489306e-01	1.760591024087454770e-01	2.407096729421631387e-01	1.444873711793181748e-01	6.902200154583877645e-02	2.765629660455183950e-02	7.139278179723980433e-02
1.049312359341831097e+03	2.704257311501431782e-01	1.759039919417632603e-01	2.408797318451839364e-01	1.445860840518240764e-01	6.906106119645792629e-02	2.768337966008471707e-02	7.146002015424904319e-02
1.050763690405927491e+03	2.701791237382514810e-01	1.757491380884957655e-01	2.410494710039073063e-01	1.446846102068519435e-01	6.910006528840027806e-02	2.771043576027390140e-02	7.152715591352536151e-02
1.052215021470024112e+03	2.699329505153222342e-01	1.755945404123625264e-01	2.412188910548000997e-01	1.447829502659178091e-01	6.913901386395820969e-02	2.773746482199257457e-02	7.159418906535253146e-02
1.053666352534120733e+03	2.696872107120163453e-01	1.754401984775547096e-01	2.413879926323782843e-01	1.448811048460905693e-01	6.917790696587677868e-02	2.776446676334538496e-02	7.166111960244393730e-02
1.055117683598217127e+03	2.694419035605024049e-01	1.752861118490334769e-01	2.415567763692212655e-01	1.449790745600367803e-01	6.921674463734717175e-02	2.779144150365609953e-02	7.172794751990879680e-02
1.056569014662313975e+03	2.691970282944524118e-01	1.751322800925285139e-01	2.417252428959855703e-01	1.450768600160650401e-01	6.925552692200032112e-02	2.781838896345541559e-02	7.179467281521863253e-02
1.058020345726410369e+03	2.689525841490371105e-01	1.749787027745362822e-01	2.418933928414188084e-01	1.451744618181697866e-01	6.929425386390064556e-02	2.784530906446889414e-02	7.186129548817433987e-02
1.059471676790506763e+03	2.687085703609214948e-01	1.748253794623183810e-01	2.420612268323731331e-01	1.452718805660747348e-01	6.933292550753968053e-02	2.787220172960496248e-02	7.192781554087346318e-02
1.060923007854603611e+03	2.684649861682600891e-01	1.746723097239001321e-01	2.422287454938187867e-01	1.453691168552757040e-01	6.937154189782991642e-02	2.789906688294311807e-02	7.199423297767805485e-02
1.062374338918700232e+03	2.682218308106928406e-01	1.745194931280688588e-01	2.423959494488573119e-01	1.454661712770830562e-01	6.941010308009870622e-02	2.792590444972219144e-02	7.206054780518282576e-02
1.063825669982796853e+03	2.679791035293404011e-01	1.743669292443722763e-01	2.425628393187348464e-01	1.455630444186637173e-01	6.944860910008217314e-02	2.795271435632873044e-02	7.212676003218365661e-02
1.065277001046893474e+03	2.677368035667997415e-01	1.742146176431171034e-01	2.427294157228549465e-01	1.456597368630826450e-01	6.948706000391924320e-02	2.797949653028554071e-02	7.219286966964656715e-02
1.066728332110990095e+03	2.674949301671400992e-01	1.740625578953672037e-01	2.428956792787915764e-01	1.457562491893437950e-01	6.952545583814573327e-02	2.800625090024029887e-02	7.225887673067710182e-02
1.068179663175086489e+03	2.672534825758981492e-01	1.739107495729422526e-01	2.430616306023018758e-01	1.458525819724308947e-01	6.956379664968850851e-02	2.803297739595429772e-02	7.232478123048986796e-02
1.069630994239183110e+03	2.670124600400739512e-01	1.737591922484160722e-01	2.432272703073386499e-01	1.459487357833474386e-01	6.960208248585965374e-02	2.805967594829130232e-02	7.239058318637875411e-02
1.071082325303279504e+03	2.667718618081266757e-01	1.736078854951151329e-01	2.433925990060628042e-01	1.460447111891565175e-01	6.964031339435082513e-02	2.808634648920651719e-02	7.245628261768731482e-02
1.072533656367376352e+03	2.665316871299702184e-01	1.734568288871169706e-01	2.435576173088557506e-01	1.461405087530200375e-01	6.967848942322754646e-02	2.811298895173566098e-02	7.252187954577951623e-02
1.073984987431472746e+03	2.662919352569689813e-01	1.733060219992486606e-01	2.437223258243315649e-01	1.462361290342376607e-01	6.971661062092364414e-02	2.813960326998415570e-02	7.258737399401096746e-02
1.075436318495569594e+03	2.660526054419338204e-01	1.731554644070852911e-01	2.438867251593489494e-01	1.463315725882851359e-01	6.975467703623569604e-02	2.816618937911642348e-02	7.265276598770031846e-02
1.076887649559666215e+03	2.658136969391174942e-01	1.730051556869483531e-01	2.440508159190231674e-01	1.464268399668524068e-01	6.979268871831763310e-02	2.819274721534527350e-02	7.271805555410125466e-02
1.078338980623762609e+03	2.655752090042109437e-01	1.728550954159043529e-01	2.442145987067378676e-01	1.465219317178811098e-01	6.983064571667528531e-02	2.821927671592142778e-02	7.278324272237458870e-02
1.079790311687859230e+03	2.653371408943386300e-01	1.727052831717632297e-01	2.443780741241567134e-01	1.466168483856019333e-01	6.986854808116106652e-02	2.824577781912312319e-02	7.284832752356083796e-02
1.081241642751955851e+03	2.650994918680549817e-01	1.725557185330767185e-01	2.445412427712348735e-01	1.467115905105712548e-01	6.990639586196870092e-02	2.827225046424582458e-02	7.291330999055309348e-02
1.082692973816052472e+03	2.648622611853399533e-01	1.724064010791371004e-01	2.447041052462304578e-01	1.468061586297075560e-01	6.994418910962799107e-02	2.829869459159203848e-02	7.297819015807026355e-02
1.084144304880149093e+03	2.646254481075950293e-01	1.722573303899755659e-01	2.448666621457157855e-01	1.469005532763274779e-01	6.998192787499965539e-02	2.832511014246125516e-02	7.304296806263055331e-02
1.085595635944245487e+03	2.643890518976392823e-01	1.721085060463605765e-01	2.450289140645885155e-01	1.469947749801813197e-01	7.001961220927030438e-02	2.835149705913993234e-02	7.310764374252538833e-02
1.087046967008342108e+03	2.641530718197050986e-01	1.719599276297966717e-01	2.451908615960826376e-01	1.470888242674883439e-01	7.005724216394730586e-02	2.837785528489164197e-02	7.317221723779356035e-02
1.088498298072438729e+03	2.639175071394345706e-01	1.718115947225227202e-01	2.453525053317794358e-01	1.471827016609715821e-01	7.009481779085388609e-02	2.840418476394727249e-02	7.323668859019577537e-02
1.089949629136535123e+03	2.636823571238752772e-01	1.716635069075105324e-01	2.455138458616182850e-01	1.472764076798921962e-01	7.013233914212410602e-02	2.843048544149534909e-02	7.330105784318940998e-02
1.091400960200631971e+03	2.634476210414764541e-01	1.715156637684635277e-01	2.456748837739073099e-01	1.473699428400836731e-01	7.016980627019811512e-02	2.845675726367244418e-02	7.336532504190369786e-02
1.092852291264728365e+03	2.632132981620847745e-01	1.713680648898150416e-01	2.458356196553338202e-01	1.474633076539854648e-01	7.020721922781725244e-02	2.848300017755367453e-02	7.342949023311512446e-02
1.094303622328825213e+03	2.629793877569409632e-01	1.712207098567269381e-01	2.459960540909749693e-01	1.475565026306763783e-01	7.024457806801934212e-02	2.850921413114331643e-02	7.349355346522316867e-02
1.095754953392921607e+03	2.627458890986756335e-01	1.710735982550881940e-01	2.461561876643079128e-01	1.476495282759074934e-01	7.028188284413393327e-02	2.853539907336548678e-02	7.355751478822637746e-02
1.097206284457018228e+03	2.625128014613053451e-01	1.709267296715134832e-01	2.463160209572200776e-01	1.477423850921347759e-01	7.031913360977772032e-02	2.856155495405493169e-02	7.362137425369864874e-02
1.098657615521114849e+03	2.622801241202289413e-01	1.707801036933415950e-01	2.464755545500192380e-01	1.478350735785514125e-01	7.035633041884992167e-02	2.858768172394790183e-02	7.368513191476588897e-02
1.100108946585211470e+03	2.620478563522238291e-01	1.706337199086340461e-01	2.466347890214435901e-01	1.479275942311196745e-01	7.039347332552768621e-02	2.861377933467312493e-02	7.374878782608289274e-02
1.101560277649308091e+03	2.618159974354419273e-01	1.704875779061737484e-01	2.467937249486715778e-01	1.480199475426024758e-01	7.043056238426168014e-02	2.863984773874286155e-02	7.381234204381056929e-02
1.103011608713404712e+03	2.615845466494060578e-01	1.703416772754633990e-01	2.469523629073316073e-01	1.481121340025946254e-01	7.046759764977163221e-02	2.866588688954404066e-02	7.387579462559341892e-02
1.104462939777501106e+03	2.613535032750063380e-01	1.701960176067242037e-01	2.471107034715119000e-01	1.482041540975536642e-01	7.050457917704189281e-02	2.869189674132951312e-02	7.393914563053727296e-02
1.105914270841597499e+03	2.611228665944961835e-01	1.700505984908943502e-01	2.472687472137699294e-01	1.482960083108305072e-01	7.054150702131717354e-02	2.871787724920935383e-02	7.400239511918732527e-02
1.107365601905694348e+03	2.608926358914887556e-01	1.699054195196275929e-01	2.474264947051418861e-01	1.483876971226995856e-01	7.057838123809820341e-02	2.874382836914227135e-02	7.406554315350648288e-02
1.108816932969790741e+03	2.606628104509534638e-01	1.697604802852919204e-01	2.475839465151521146e-01	1.484792210103887955e-01	7.061520188313753776e-02	2.876975005792710427e-02	7.412858979685385541e-02
1.110268264033887590e+03	2.604333895592119696e-01	1.696157803809680842e-01	2.477411032118223000e-01	1.485705804481089742e-01	7.065196901243531169e-02	2.879564227319438702e-02	7.419153511396368861e-02
1.111719595097984211e+03	2.602043725039348554e-01	1.694713194004482393e-01	2.478979653616807388e-01	1.486617759070833211e-01	7.068868268223514606e-02	2.882150497339802317e-02	7.425437917092440887e-02
1.113170926162080832e+03	2.599757585741377386e-01	1.693270969382345281e-01	2.480545335297712761e-01	1.487528078555761246e-01	7.072534294902005358e-02	2.884733811780701082e-02	7.431712203515798698e-02
1.114622257226177226e+03	2.597475470601778857e-01	1.691831125895375543e-01	2.482108082796624371e-01	1.488436767589215448e-01	7.076194986950833099e-02	2.887314166649726510e-02	7.437976377539955164e-02
1.116073588290273847e+03	2.595197372537507707e-01	1.690393659502752444e-01	2.483667901734561423e-01	1.489343830795518409e-01	7.079850350064967324e-02	2.889891558034353783e-02	7.444230446167732218e-02
1.117524919354370468e+03	2.592923284478860779e-01	1.688958566170712661e-01	2.485224797717965894e-01	1.490249272770254318e-01	7.083500389962110733e-02	2.892465982101138575e-02	7.450474416529261068e-02
1.118976250418467089e+03	2.590653199369445936e-01	1.687525841872536958e-01	2.486778776338789132e-01	1.491153098080544859e-01	7.087145112382316203e-02	2.895037435094922548e-02	7.456708295880029591e-02
1.120427581482563710e+03	2.588387110166145422e-01	1.686095482588536587e-01	2.488329843174578448e-01	1.492055311265324813e-01	7.090784523087596825e-02	2.897605913338049607e-02	7.462932091598939444e-02
1.121878912546660331e+03	2.586125009839079225e-01	1.684667484306039964e-01	2.489878003788560668e-01	1.492955916835611851e-01	7.094418627861542870e-02	2.900171413229585618e-02	7.469145811186389539e-02
1.123330243610756725e+03	2.583866891371573993e-01	1.683241843019377959e-01	2.491423263729727056e-01	1.493854919274775206e-01	7.098047432508951260e-02	2.902733931244549578e-02	7.475349462262387279e-02
1.124781574674853118e+03	2.581612747760125282e-01	1.681818554729871407e-01	2.492965628532917699e-01	1.494752323038800734e-01	7.101670942855443924e-02	2.905293463933148954e-02	7.481543052564681995e-02
1.126232905738949967e+03	2.579362572014365917e-01	1.680397615445816673e-01	2.494505103718901995e-01	1.495648132556554044e-01	7.105289164747104202e-02	2.907850007920024724e-02	7.487726589946916422e-02
1.127684236803046360e+03	2.577116357157028248e-01	1.678979021182471776e-01	2.496041694794461363e-01	1.496542352230038897e-01	7.108902104050110471e-02	2.910403559903503024e-02	7.493900082376812877e-02
1.129135567867143209e+03	2.574874096223914166e-01	1.677562767962045009e-01	2.497575407252469459e-01	1.497434986434654225e-01	7.112509766650379484e-02	2.912954116654856498e-02	7.500063537934366364e-02
1.130586898931239830e+03	2.572635782263859028e-01	1.676148851813678009e-01	2.499106246571971834e-01	1.498326039519449204e-01	7.116112158453202774e-02	2.915501675017567740e-02	7.506216964810075165e-02
1.132038229995336451e+03	2.570401408338698346e-01	1.674737268773436594e-01	2.500634218218265592e-01	1.499215515807372778e-01	7.119709285382905262e-02	2.918046231906605212e-02	7.512360371303183904e-02
1.133489561059432845e+03	2.568170967523234482e-01	1.673328014884293280e-01	2.502159327642977105e-01	1.500103419595523735e-01	7.123301153382489981e-02	2.920587784307703341e-02	7.518493765819955765e-02
1.134940892123529466e+03	2.565944452905203899e-01	1.671921086196116180e-01	2.503681580284138342e-01	1.500989755155395511e-01	7.126887768413291135e-02	2.923126329276650934e-02	7.524617156871954426e-02
1.136392223187626087e+03	2.563721857585242736e-01	1.670516478765655399e-01	2.505200981566265694e-01	1.501874526733120441e-01	7.130469136454645196e-02	2.925661863938585489e-02	7.530730553074360678e-02
1.137843554251722708e+03	2.561503174676856287e-01	1.669114188656529996e-01	2.506717536900432419e-01	1.502757738549709288e-01	7.134045263503548118e-02	2.928194385487295492e-02	7.536833963144308479e-02
1.139294885315819101e+03	2.559288397306384577e-01	1.667714211939214097e-01	2.508231251684346352e-01	1.503639394801289664e-01	7.137616155574322274e-02	2.930723891184529306e-02	7.542927395899229337e-02
1.140746216379915950e+03	2.557077518612969058e-01	1.666316544691024137e-01	2.509742131302423740e-01	1.504519499659341952e-01	7.141181818698290329e-02	2.933250378359310295e-02	7.549010860255232769e-02
1.142197547444012343e+03	2.554870531748522078e-01	1.664921182996105808e-01	2.511250181125861403e-01	1.505398057270931345e-01	7.144742258923453271e-02	2.935773844407259248e-02	7.555084365225497867e-02
1.143648878508108737e+03	2.552667429877694683e-01	1.663528122945420462e-01	2.512755406512708900e-01	1.506275071758939044e-01	7.148297482314167062e-02	2.938294286789922688e-02	7.561147919918688454e-02
1.145100209572205586e+03	2.550468206177842201e-01	1.662137360636733174e-01	2.514257812807942916e-01	1.507150547222290138e-01	7.151847494950823447e-02	2.940811703034108826e-02	7.567201533537389058e-02
1.146551540636302207e+03	2.548272853838995378e-01	1.660748892174598035e-01	2.515757405343535535e-01	1.508024487736178421e-01	7.155392302929543258e-02	2.943326090731229402e-02	7.573245215376554762e-02
1.148002871700398828e+03	2.546081366063825957e-01	1.659362713670347322e-01	2.517254189438526968e-01	1.508896897352290378e-01	7.158931912361861383e-02	2.945837447536648127e-02	7.579278974821987425e-02
1.149454202764495449e+03	2.543893736067617817e-01	1.657978821242076517e-01	2.518748170399092157e-01	1.509767780099024737e-01	7.162466329374424234e-02	2.948345771169034665e-02	7.585302821348831326e-02
1.150905533828591842e+03	2.541709957078233661e-01	1.656597211014632087e-01	2.520239353518612946e-01	1.510637139981712285e-01	7.165995560108687212e-02	2.950851059409726959e-02	7.591316764520079918e-02
1.152356864892688463e+03	2.539530022336083936e-01	1.655217879119599833e-01	2.521727744077744693e-01	1.511504980982830426e-01	7.169519610720610781e-02	2.953353310102095966e-02	7.597320813985104782e-02
1.153808195956785084e+03	2.537353925094097962e-01	1.653840821695290175e-01	2.523213347344483992e-01	1.512371307062217729e-01	7.173038487380374584e-02	2.955852521150922549e-02	7.603314979478213720e-02
1.155259527020881706e+03	2.535181658617688405e-01	1.652466034886726498e-01	2.524696168574234734e-01	1.513236122157285146e-01	7.176552196272077688e-02	2.958348690521774363e-02	7.609299270817206085e-02
1.156710858084978327e+03	2.533013216184726857e-01	1.651093514845632659e-01	2.526176213009874716e-01	1.514099430183224460e-01	7.180060743593452699e-02	2.960841816240392457e-02	7.615273697901968342e-02
1.158162189149074720e+03	2.530848591085507193e-01	1.649723257730418835e-01	2.527653485881822815e-01	1.514961235033216724e-01	7.183564135555582653e-02	2.963331896392082387e-02	7.621238270713072416e-02
1.159613520213171569e+03	2.528687776622719485e-01	1.648355259706170972e-01	2.529127992408101155e-01	1.515821540578634885e-01	7.187062378382616523e-02	2.965818929121111919e-02	7.627192999310397625e-02
1.161064851277267962e+03	2.526530766111416693e-01	1.646989516944636633e-01	2.530599737794400617e-01	1.516680350669247779e-01	7.190555478311491666e-02	2.968302912630116017e-02	7.633137893831765108e-02
1.162516182341364356e+03	2.524377552878986908e-01	1.645626025624212230e-01	2.532068727234144112e-01	1.517537669133419420e-01	7.194043441591660426e-02	2.970783845179502183e-02	7.639072964491601392e-02
1.163967513405461204e+03	2.522228130265121715e-01	1.644264781929931640e-01	2.533534965908548209e-01	1.518393499778308287e-01	7.197526274484815356e-02	2.973261725086869672e-02	7.644998221579603348e-02
1.165418844469557826e+03	2.520082491621786214e-01	1.642905782053452612e-01	2.534998458986688075e-01	1.519247846390062717e-01	7.201003983264624153e-02	2.975736550726427315e-02	7.650913675459430907e-02
1.166870175533654447e+03	2.517940630313191819e-01	1.641549022193045382e-01	2.536459211625556320e-01	1.520100712734014370e-01	7.204476574216459039e-02	2.978208320528420369e-02	7.656819336567416423e-02
1.168321506597751068e+03	2.515802539715764063e-01	1.640194498553579072e-01	2.537917228970124062e-01	1.520952102554870844e-01	7.207944053637141413e-02	2.980677032978563262e-02	7.662715215411279590e-02
1.169772837661847461e+03	2.513668213218114289e-01	1.638842207346509761e-01	2.539372516153404757e-01	1.521802019576905529e-01	7.211406427834675392e-02	2.983142686617476502e-02	7.668601322568870116e-02
1.171224168725944082e+03	2.511537644221010224e-01	1.637492144789868542e-01	2.540825078296508610e-01	1.522650467504145233e-01	7.214863703127991079e-02	2.985605280040128442e-02	7.674477668686927045e-02
1.172675499790040703e+03	2.509410826137346007e-01	1.636144307108248208e-01	2.542274920508704739e-01	1.523497450020555588e-01	7.218315885846701696e-02	2.988064811895284681e-02	7.680344264479839478e-02
1.174126830854137097e+03	2.507287752392114433e-01	1.634798690532792143e-01	2.543722047887480020e-01	1.524342970790225626e-01	7.221762982330844072e-02	2.990521280884961969e-02	7.686201120728441971e-02
1.175578161918233945e+03	2.505168416422378086e-01	1.633455291301181278e-01	2.545166465518596266e-01	1.525187033457548746e-01	7.225204998930628841e-02	2.992974685763885936e-02	7.692048248278808564e-02
1.177029492982330339e+03	2.503052811677240475e-01	1.632114105657621606e-01	2.546608178476147399e-01	1.526029641647403678e-01	7.228641942006207299e-02	2.995425025338955757e-02	7.697885658041074552e-02
1.178480824046426733e+03	2.500940931617817165e-01	1.630775129852832239e-01	2.548047191822616075e-01	1.526870798965331566e-01	7.232073817927418824e-02	2.997872298468714711e-02	7.703713360988269365e-02
1.179932155110523581e+03	2.498832769717206359e-01	1.629438360144034315e-01	2.549483510608929193e-01	1.527710508997713046e-01	7.235500633073559118e-02	3.000316504062821785e-02	7.709531368155160547e-02
1.181383486174620202e+03	2.496728319460462808e-01	1.628103792794936833e-01	2.550917139874516737e-01	1.528548775311941166e-01	7.238922393833140123e-02	3.002757641081533688e-02	7.715339690637117165e-02
1.182834817238716823e+03	2.494627574344568111e-01	1.626771424075726391e-01	2.552348084647363402e-01	1.529385601456594856e-01	7.242339106603659649e-02	3.005195708535188942e-02	7.721138339588985711e-02
1.184286148302813444e+03	2.492530527878404067e-01	1.625441250263053861e-01	2.553776349944064106e-01	1.530220990961609906e-01	7.245750777791371000e-02	3.007630705483696834e-02	7.726927326223977099e-02
1.185737479366910065e+03	2.490437173582722152e-01	1.624113267640022729e-01	2.555201940769878943e-01	1.531054947338446326e-01	7.249157413811052608e-02	3.010062631036032957e-02	7.732706661812580040e-02
1.187188810431006686e+03	2.488347504990118253e-01	1.622787472496177441e-01	2.556624862118785368e-01	1.531887474080255995e-01	7.252559021085787372e-02	3.012491484349737528e-02	7.738476357681470241e-02
1.188640141495103080e+03	2.486261515645004083e-01	1.621463861127491468e-01	2.558045118973531484e-01	1.532718574662048361e-01	7.255955606046735062e-02	3.014917264630419952e-02	7.744236425212452923e-02
1.190091472559199701e+03	2.484179199103579427e-01	1.620142429836354814e-01	2.559462716305690444e-01	1.533548252540852808e-01	7.259347175132919994e-02	3.017339971131268589e-02	7.749986875841398393e-02
1.191542803623296322e+03	2.482100548933805773e-01	1.618823174931562081e-01	2.560877659075708745e-01	1.534376511155881306e-01	7.262733734791006202e-02	3.019759603152563643e-02	7.755727721057212309e-02
1.192994134687392716e+03	2.480025558715377720e-01	1.617506092728300815e-01	2.562289952232960633e-01	1.535203353928687731e-01	7.266115291475089277e-02	3.022176160041196297e-02	7.761458972400803180e-02
1.194445465751489564e+03	2.477954222039696897e-01	1.616191179548140677e-01	2.563699600715796945e-01	1.536028784263326619e-01	7.269491851646478486e-02	3.024589641190191316e-02	7.767180641464067892e-02
1.195896796815585958e+03	2.475886532509843918e-01	1.614878431719019292e-01	2.565106609451598407e-01	1.536852805546509715e-01	7.272863421773498316e-02	3.027000046038235206e-02	7.772892739888898062e-02
1.197348127879682352e+03	2.473822483740552580e-01	1.613567845575232806e-01	2.566510983356821152e-01	1.537675421147760846e-01	7.276230008331267818e-02	3.029407374069208181e-02	7.778595279366186388e-02
1.198799458943779200e+03	2.471762069358182379e-01	1.612259417457423405e-01	2.567912727337050005e-01	1.538496634419568854e-01	7.279591617801506320e-02	3.031811624811720646e-02	7.784288271634855205e-02
1.200250790007875821e+03	2.469705283000691587e-01	1.610953143712565983e-01	2.569311846287046786e-01	1.539316448697540529e-01	7.282948256672326648e-02	3.034212797838655926e-02	7.789971728480890589e-02
1.201702121071972442e+03	2.467652118317611998e-01	1.609649020693958987e-01	2.570708345090796376e-01	1.540134867300548827e-01	7.286299931438036670e-02	3.036610892766714032e-02	7.795645661736395893e-02
1.203153452136069063e+03	2.465602568970021169e-01	1.608347044761211375e-01	2.572102228621557796e-01	1.540951893530883576e-01	7.289646648598946399e-02	3.039005909255962715e-02	7.801310083278656382e-02
1.204604783200165684e+03	2.463556628630516332e-01	1.607047212280230952e-01	2.573493501741909717e-01	1.541767530674396092e-01	7.292988414661166763e-02	3.041397847009391989e-02	7.806965005029208038e-02
1.206056114264262078e+03	2.461514290983188857e-01	1.605749519623213273e-01	2.574882169303798207e-01	1.542581782000646551e-01	7.296325236136419479e-02	3.043786705772472470e-02	7.812610438952931335e-02
1.207507445328358699e+03	2.459475549723597887e-01	1.604453963168629427e-01	2.576268236148583912e-01	1.543394650763046938e-01	7.299657119541848316e-02	3.046172485332717533e-02	7.818246397057142250e-02
1.208958776392455093e+03	2.457440398558744521e-01	1.603160539301215215e-01	2.577651707107087020e-01	1.544206140199003152e-01	7.302984071399831745e-02	3.048555185519252406e-02	7.823872891390708240e-02
1.210410107456551941e+03	2.455408831207044340e-01	1.601869244411959214e-01	2.579032586999633891e-01	1.545016253530056838e-01	7.306306098237795588e-02	3.050934806202383609e-02	7.829489934043168398e-02
1.211861438520648335e+03	2.453380841398304646e-01	1.600580074898091398e-01	2.580410880636102022e-01	1.545824993962023330e-01	7.309623206588031219e-02	3.053311347293174646e-02	7.835097537143866087e-02
1.213312769584745183e+03	2.451356422873696428e-01	1.599293027163071756e-01	2.581786592815965564e-01	1.546632364685131267e-01	7.312935402987512379e-02	3.055684808743025505e-02	7.840695712861095457e-02
1.214764100648841804e+03	2.449335569385729938e-01	1.598008097616578638e-01	2.583159728328339177e-01	1.547438368874156644e-01	7.316242693977717537e-02	3.058055190543257709e-02	7.846284473401254900e-02
1.216215431712937971e+03	2.447318274698229157e-01	1.596725282674497648e-01	2.584530291952021885e-01	1.548243009688561045e-01	7.319545086104453646e-02	3.060422492724699725e-02	7.851863831008015771e-02
1.217666762777034819e+03	2.445304532586305701e-01	1.595444578758909993e-01	2.585898288455543148e-01	1.549046290272621806e-01	7.322842585917682667e-02	3.062786715357279296e-02	7.857433797961495270e-02
1.219118093841131440e+03	2.443294336836334957e-01	1.594165982298081652e-01	2.587263722597200610e-01	1.549848213755567194e-01	7.326135199971345324e-02	3.065147858549617868e-02	7.862994386577454309e-02
1.220569424905228061e+03	2.441287681245929431e-01	1.592889489726451169e-01	2.588626599125108396e-01	1.550648783251705187e-01	7.329422934823193181e-02	3.067505922448631947e-02	7.868545609206488434e-02
1.222020755969324682e+03	2.439284559623915438e-01	1.591615097484619101e-01	2.589986922777237632e-01	1.551448001860553372e-01	7.332705797034622108e-02	3.069860907239134115e-02	7.874087478233238180e-02
1.223472087033421303e+03	2.437284965790307567e-01	1.590342802019336643e-01	2.591344698281456971e-01	1.552245872666967730e-01	7.335983793170501588e-02	3.072212813143440635e-02	7.879620006075611915e-02
1.224923418097517697e+03	2.435288893576282865e-01	1.589072599783494522e-01	2.592699930355576998e-01	1.553042398741268648e-01	7.339256929799013729e-02	3.074561640420981831e-02	7.885143205184012849e-02
1.226374749161614318e+03	2.433296336824157802e-01	1.587804487236111339e-01	2.594052623707389649e-01	1.553837583139366096e-01	7.342525213491489511e-02	3.076907389367917675e-02	7.890657088040585465e-02
1.227826080225710712e+03	2.431307289387362458e-01	1.586538460842323028e-01	2.595402783034708172e-01	1.554631428902884804e-01	7.345788650822251964e-02	3.079250060316754412e-02	7.896161667158457798e-02
1.229277411289807560e+03	2.429321745130416377e-01	1.585274517073370359e-01	2.596750413025409321e-01	1.555423939059285554e-01	7.349047248368451024e-02	3.081589653635967083e-02	7.901656955081003131e-02
1.230728742353903954e+03	2.427339697928905804e-01	1.584012652406590338e-01	2.598095518357474432e-01	1.556215116621988415e-01	7.352301012709912265e-02	3.083926169729623440e-02	7.907142964381114192e-02
1.232180073418000802e+03	2.425361141669456211e-01	1.582752863325401771e-01	2.599438103699026614e-01	1.557004964590491258e-01	7.355549950428982853e-02	3.086259609037015142e-02	7.912619707660480117e-02
1.233631404482097196e+03	2.423386070249710644e-01	1.581495146319297773e-01	2.600778173708370722e-01	1.557793485950489942e-01	7.358794068110374731e-02	3.088589972032287564e-02	7.918087197548875911e-02
1.235082735546193817e+03	2.421414477578304747e-01	1.580239497883832445e-01	2.602115733034034983e-01	1.558580683673995160e-01	7.362033372341018900e-02	3.090917259224078284e-02	7.923545446703457451e-02
1.236534066610290438e+03	2.419446357574843443e-01	1.578985914520610045e-01	2.603450786314805976e-01	1.559366560719449291e-01	7.365267869709911375e-02	3.093241471155155214e-02	7.928994467808075930e-02
1.237985397674387059e+03	2.417481704169876233e-01	1.577734392737274449e-01	2.604783338179768593e-01	1.560151120031842142e-01	7.368497566807971633e-02	3.095562608402058907e-02	7.934434273572586738e-02
1.239436728738483680e+03	2.415520511304873330e-01	1.576484929047498040e-01	2.606113393248343235e-01	1.560934364542824748e-01	7.371722470227892732e-02	3.097880671574750402e-02	7.939864876732183330e-02
1.240888059802580301e+03	2.413562772932203171e-01	1.575237519970971167e-01	2.607440956130326892e-01	1.561716297170821777e-01	7.374942586563999758e-02	3.100195661316258733e-02	7.945286290046726929e-02
1.242339390866676695e+03	2.411608483015106885e-01	1.573992162033391040e-01	2.608766031425925891e-01	1.562496920821143664e-01	7.378157922412108272e-02	3.102507578302335714e-02	7.950698526300091495e-02
1.243790721930773088e+03	2.409657635527677477e-01	1.572748851766450351e-01	2.610088623725794199e-01	1.563276238386097361e-01	7.381368484369385530e-02	3.104816423241112122e-02	7.956101598299515631e-02
1.245242052994869937e+03	2.407710224454833459e-01	1.571507585707827559e-01	2.611408737611071174e-01	1.564054252745095130e-01	7.384574279034208932e-02	3.107122196872756301e-02	7.961495518874965593e-02
1.246693384058966330e+03	2.405766243792297754e-01	1.570268360401173846e-01	2.612726377653417642e-01	1.564830966764763354e-01	7.387775313006032796e-02	3.109424899969136236e-02	7.966880300878502463e-02
1.248144715123063179e+03	2.403825687546573553e-01	1.569031172396105622e-01	2.614041548415050875e-01	1.565606383299049664e-01	7.390971592885249575e-02	3.111724533333488918e-02	7.972255957183661812e-02
1.249596046187159800e+03	2.401888549734920997e-01	1.567796018248190648e-01	2.615354254448781224e-01	1.566380505189328143e-01	7.394163125273062187e-02	3.114021097800085194e-02	7.977622500684838913e-02
1.251047377251256421e+03	2.399954824385334418e-01	1.566562894518938875e-01	2.616664500298047091e-01	1.567153335264505343e-01	7.397349916771348011e-02	3.116314594233905375e-02	7.982979944296686448e-02
1.252498708315352815e+03	2.398024505536519857e-01	1.565331797775791345e-01	2.617972290496948795e-01	1.567924876341123541e-01	7.400531973982532596e-02	3.118605023530313103e-02	7.988328300953512207e-02
1.253950039379449436e+03	2.396097587237871473e-01	1.564102724592109916e-01	2.619277629570285204e-01	1.568695131223463712e-01	7.403709303509456441e-02	3.120892386614733741e-02	7.993667583608693450e-02
1.255401370443546057e+03	2.394174063549448783e-01	1.562875671547166445e-01	2.620580522033587600e-01	1.569464102703647390e-01	7.406881911955255637e-02	3.123176684442336912e-02	7.998997805234095426e-02
1.256852701507642678e+03	2.392253928541954455e-01	1.561650635226130845e-01	2.621880972393152431e-01	1.570231793561736311e-01	7.410049805923227262e-02	3.125457917997720436e-02	8.004318978819494057e-02
1.258304032571739299e+03	2.390337176296710997e-01	1.560427612220062765e-01	2.623178985146078501e-01	1.570998206565833444e-01	7.413212992016715575e-02	3.127736088294597039e-02	8.009631117372016662e-02
1.259755363635835920e+03	2.388423800905639383e-01	1.559206599125898818e-01	2.624474564780295283e-01	1.571763344472180135e-01	7.416371476838982957e-02	3.130011196375487303e-02	8.014934233915577133e-02
1.261206694699932314e+03	2.386513796471235183e-01	1.557987592546443423e-01	2.625767715774601219e-01	1.572527210025254918e-01	7.419525266993094725e-02	3.132283243311411586e-02	8.020228341490330537e-02
1.262658025764028707e+03	2.384607157106548025e-01	1.556770589090357426e-01	2.627058442598693144e-01	1.573289805957868992e-01	7.422674369081795620e-02	3.134552230201585743e-02	8.025513453152123555e-02
1.264109356828125556e+03	2.382703876935156617e-01	1.555555585372148941e-01	2.628346749713200703e-01	1.574051134991263090e-01	7.425818789707394618e-02	3.136818158173121374e-02	8.030789581971967128e-02
1.265560687892221949e+03	2.380803950091149590e-01	1.554342578012160581e-01	2.629632641569719098e-01	1.574811199835200459e-01	7.428958535471649749e-02	3.139081028380726751e-02	8.036056741035502160e-02
1.267012018956318798e+03	2.378907370719101355e-01	1.553131563636560575e-01	2.630916122610839625e-01	1.575570003188061508e-01	7.432093612975654295e-02	3.141340842006414696e-02	8.041314943442479102e-02
1.268463350020415419e+03	2.377014132974051008e-01	1.551922538877332503e-01	2.632197197270181865e-01	1.576327547736935397e-01	7.435224028819717446e-02	3.143597600259206981e-02	8.046564202306244473e-02
1.269914681084511813e+03	2.375124231021479571e-01	1.550715500372263911e-01	2.633475869972426997e-01	1.577083836157713581e-01	7.438349789603261597e-02	3.145851304374845669e-02	8.051804530753234324e-02
1.271366012148608434e+03	2.373237659037288894e-01	1.549510444764936323e-01	2.634752145133346102e-01	1.577838871115178621e-01	7.441470901924705783e-02	3.148101955615508624e-02	8.057035941922469080e-02
1.272817343212705055e+03	2.371354411207779456e-01	1.548307368704714970e-01	2.636026027159834029e-01	1.578592655263094668e-01	7.444587372381360202e-02	3.150349555269520846e-02	8.062258448965066437e-02
1.274268674276801676e+03	2.369474481729629545e-01	1.547106268846737964e-01	2.637297520449939370e-01	1.579345191244296842e-01	7.447699207569317970e-02	3.152594104651078311e-02	8.067472065043751472e-02
1.275720005340898297e+03	2.367597864809871944e-01	1.545907141851907418e-01	2.638566629392892771e-01	1.580096481690778099e-01	7.450806414083345486e-02	3.154835605099964163e-02	8.072676803332376472e-02
1.277171336404994690e+03	2.365724554665873669e-01	1.544709984386876400e-01	2.639833358369140237e-01	1.580846529223777219e-01	7.453908998516788065e-02	3.157074057981278103e-02	8.077872677015446312e-02
1.278622667469091539e+03	2.363854545525314321e-01	1.543514793124040885e-01	2.641097711750372001e-01	1.581595336453864298e-01	7.457006967461451974e-02	3.159309464685158136e-02	8.083059699287656330e-02
1.280073998533187932e+03	2.361987831626164713e-01	1.542321564741529760e-01	2.642359693899551387e-01	1.582342905981026782e-01	7.460100327507515616e-02	3.161541826626510648e-02	8.088237883353426028e-02
1.281525329597284326e+03	2.360124407216665499e-01	1.541130295923192894e-01	2.643619309170945342e-01	1.583089240394752739e-01	7.463189085243419896e-02	3.163771145244744648e-02	8.093407242426446657e-02
1.282976660661381175e+03	2.358264266555304967e-01	1.539940983358591142e-01	2.644876561910153301e-01	1.583834342274116069e-01	7.466273247255772461e-02	3.165997422003503925e-02	8.098567789729235744e-02
1.284427991725477568e+03	2.356407403910799336e-01	1.538753623742987742e-01	2.646131456454137720e-01	1.584578214187856993e-01	7.469352820129253334e-02	3.168220658390404065e-02	8.103719538492690222e-02
1.285879322789574417e+03	2.354553813562071385e-01	1.537568213777336656e-01	2.647383997131249056e-01	1.585320858694465596e-01	7.472427810446508056e-02	3.170440855916770162e-02	8.108862501955657609e-02
1.287330653853671038e+03	2.352703489798228242e-01	1.536384750168273139e-01	2.648634188261258515e-01	1.586062278342262322e-01	7.475498224788060253e-02	3.172658016117380769e-02	8.113996693364501633e-02
1.288781984917767431e+03	2.350856426918542241e-01	1.535203229628102906e-01	2.649882034155383037e-01	1.586802475669478185e-01	7.478564069732214492e-02	3.174872140550211164e-02	8.119122125972676185e-02
1.290233315981864052e+03	2.349012619232428434e-01	1.534023648874792423e-01	2.651127539116316378e-01	1.587541453204333042e-01	7.481625351854964689e-02	3.177083230796178687e-02	8.124238813040314533e-02
