1.001418434226643626e+03	2.787668504562388350e-01	1.811980910979985038e-01	2.351161113635581723e-01	1.412458850186327775e-01	6.773347228137599485e-02	2.675315166302827397e-02	6.918643811887562056e-02
1.002869765290740247e+03	2.785049682250838043e-01	1.810349552199356782e-01	2.352971665777565113e-01	1.413511149506490039e-01	6.777409778451759514e-02	2.678082724231634765e-02	6.925686999944924427e-02
1.004321096354836754e+03	2.782435481722481119e-01	1.808720891552687560e-01	2.354778814026021461e-01	1.414561346150014498e-01	6.781466570640826141e-02	2.680848098472887395e-02	6.932719996345057534e-02
1.005772427418933376e+03	2.779825894707119716e-01	1.807094924449504370e-01	2.356582565296902188e-01	1.415609448058680053e-01	6.785517608666742639e-02	2.683611275144107133e-02	6.939742791037906144e-02
1.007223758483029997e+03	2.777220912951539611e-01	1.805471646307495459e-01	2.358382926482627262e-01	1.416655463112172775e-01	6.789562896544355797e-02	2.686372240535866290e-02	6.946755374352252266e-02
1.008675089547126618e+03	2.774620528219452487e-01	1.803851052552490619e-01	2.360179904452275323e-01	1.417699399128730942e-01	6.793602438340684557e-02	2.689130981110086568e-02	6.953757736990565097e-02
1.010126420611223239e+03	2.772024732291436533e-01	1.802233138618443975e-01	2.361973506051771865e-01	1.418741263865785918e-01	6.797636238174177559e-02	2.691887483498349096e-02	6.960749870023920371e-02
1.011577751675319632e+03	2.769433516964879272e-01	1.800617899947417333e-01	2.363763738104074641e-01	1.419781065020593036e-01	6.801664300213981773e-02	2.694641734500227356e-02	6.967731764886979373e-02
1.013029082739416367e+03	2.766846874053917604e-01	1.799005331989559919e-01	2.365550607409357409e-01	1.420818810230858320e-01	6.805686628679234740e-02	2.697393721081631224e-02	6.974703413373030403e-02
1.014480413803512761e+03	2.764264795389383411e-01	1.797395430203092836e-01	2.367334120745191173e-01	1.421854507075354657e-01	6.809703227838344308e-02	2.700143430373172851e-02	6.981664807629089919e-02
1.015931744867609382e+03	2.761687272818743044e-01	1.795788190054290745e-01	2.369114284866723763e-01	1.422888163074535195e-01	6.813714102008286422e-02	2.702890849668545745e-02	6.988615940151064743e-02
1.017383075931706003e+03	2.759114298206043481e-01	1.794183607017464099e-01	2.370891106506857193e-01	1.423919785691136197e-01	6.817719255553919555e-02	2.705635966422920147e-02	6.995556803778976707e-02
1.018834406995802851e+03	2.756545863431855148e-01	1.792581676574941663e-01	2.372664592376421688e-01	1.424949382330776004e-01	6.821718692887289437e-02	2.708378768251357149e-02	7.002487391692234497e-02
1.020285738059899245e+03	2.753981960393215855e-01	1.790982394217053575e-01	2.374434749164351099e-01	1.425976960342544841e-01	6.825712418466951814e-02	2.711119242927235648e-02	7.009407697404983206e-02
1.021737069123995752e+03	2.751422581003575840e-01	1.789385755442114700e-01	2.376201583537851658e-01	1.427002527019590461e-01	6.829700436797303542e-02	2.713857378380698029e-02	7.016317714761491353e-02
1.023188400188092373e+03	2.748867717192742810e-01	1.787791755756406031e-01	2.377965102142573783e-01	1.428026089599696014e-01	6.833682752427920615e-02	2.716593162697110084e-02	7.023217437931607299e-02
1.024639731252188767e+03	2.746317360906826988e-01	1.786200390674157756e-01	2.379725311602777227e-01	1.429047655265850703e-01	6.837659369952898969e-02	2.719326584115534795e-02	7.030106861406269780e-02
1.026091062316285615e+03	2.743771504108186710e-01	1.784611655717532608e-01	2.381482218521497607e-01	1.430067231146816276e-01	6.841630294010210556e-02	2.722057631027224173e-02	7.036985979993064244e-02
1.027542393380382237e+03	2.741230138775375691e-01	1.783025546416610041e-01	2.383235829480709334e-01	1.431084824317684911e-01	6.845595529281058023e-02	2.724786291974124960e-02	7.043854788811848566e-02
1.028993724444478858e+03	2.738693256903089179e-01	1.781442058309366250e-01	2.384986151041488256e-01	1.432100441800432389e-01	6.849555080489243275e-02	2.727512555647400305e-02	7.050713283290421796e-02
1.030445055508575479e+03	2.736160850502110664e-01	1.779861186941660844e-01	2.386733189744170147e-01	1.433114090564465148e-01	6.853508952400545751e-02	2.730236410885963222e-02	7.057561459160251183e-02
1.031896386572671872e+03	2.733632911599258586e-01	1.778282927867217977e-01	2.388476952108508355e-01	1.434125777527159584e-01	6.857457149822097919e-02	2.732957846675029487e-02	7.064399312452250557e-02
1.033347717636768493e+03	2.731109432237335821e-01	1.776707276647609968e-01	2.390217444633832289e-01	1.435135509554397448e-01	6.861399677601777436e-02	2.735676852144680940e-02	7.071226839492610050e-02
1.034799048700865114e+03	2.728590404475075282e-01	1.775134228852240648e-01	2.391954673799199516e-01	1.436143293461094039e-01	6.865336540627600681e-02	2.738393416568445440e-02	7.078044036898678559e-02
1.036250379764961508e+03	2.726075820387089954e-01	1.773563780058329542e-01	2.393688646063548697e-01	1.437149136011721673e-01	6.869267743827127404e-02	2.741107529361888964e-02	7.084850901574897553e-02
1.037701710829058356e+03	2.723565672063822940e-01	1.771995925850894382e-01	2.395419367865851690e-01	1.438153043920824825e-01	6.873193292166865365e-02	2.743819180081225398e-02	7.091647430708782063e-02
1.039153041893154750e+03	2.721059951611493610e-01	1.770430661822735285e-01	2.397146845625260925e-01	1.439155023853532778e-01	6.877113190651690244e-02	2.746528358421936392e-02	7.098433621766955803e-02
1.040604372957251599e+03	2.718558651152048755e-01	1.768867983574418379e-01	2.398871085741258735e-01	1.440155082426065047e-01	6.881027444324266940e-02	2.749235054217406826e-02	7.105209472491232081e-02
1.042055704021347992e+03	2.716061762823111514e-01	1.767307886714258869e-01	2.400592094593800574e-01	1.441153226206230153e-01	6.884936058264481962e-02	2.751939257437574504e-02	7.111974980894741893e-02
1.043507035085444613e+03	2.713569278777933635e-01	1.765750366858306053e-01	2.402309878543461841e-01	1.442149461713921055e-01	6.888839037588874448e-02	2.754640958187590943e-02	7.118730145258114761e-02
1.044958366149541234e+03	2.711081191185344408e-01	1.764195419630326112e-01	2.404024443931578603e-01	1.443143795421603093e-01	6.892736387450081048e-02	2.757340146706498477e-02	7.125474964125705357e-02
1.046409697213637855e+03	2.708597492229701253e-01	1.762643040661786009e-01	2.405735797080388039e-01	1.444136233754798326e-01	6.896628113036287755e-02	2.760036813365919148e-02	7.132209436301861771e-02
1.047861028277734476e+03	2.706118174110840879e-01	1.761093225591839062e-01	2.407443944293169991e-01	1.445126783092562373e-01	6.900514219570678953e-02	2.762730948668754710e-02	7.138933560847243731e-02
1.049312359341831097e+03	2.703643229044033203e-01	1.759545970067306342e-01	2.409148891854381858e-01	1.446115449767959027e-01	6.904394712310904514e-02	2.765422543247904666e-02	7.145647337075194949e-02
1.050763690405927491e+03	2.701172649259929170e-01	1.758001269742662520e-01	2.410850646029796818e-01	1.447102240068525447e-01	6.908269596548542724e-02	2.768111587864990897e-02	7.152350764548137674e-02
1.052215021470024112e+03	2.698706427004515795e-01	1.756459120280020325e-01	2.412549213066636222e-01	1.448087160236736504e-01	6.912138877608581256e-02	2.770798073409100684e-02	7.159043843074042179e-02
1.053666352534120733e+03	2.696244554539068972e-01	1.754919517349113334e-01	2.414244599193705043e-01	1.449070216470460803e-01	6.916002560848888425e-02	2.773481990895537708e-02	7.165726572702911523e-02
1.055117683598217127e+03	2.693787024140104069e-01	1.753382456627282093e-01	2.415936810621521214e-01	1.450051414923413107e-01	6.919860651659705264e-02	2.776163331464587616e-02	7.172398953723328752e-02
1.056569014662313975e+03	2.691333828099330416e-01	1.751847933799456636e-01	2.417625853542447190e-01	1.451030761705602024e-01	6.923713155463137592e-02	2.778842086380296436e-02	7.179060986659041577e-02
1.058020345726410369e+03	2.688884958723604668e-01	1.750315944558141767e-01	2.419311734130817071e-01	1.452008262883771328e-01	6.927560077712646702e-02	2.781518247029259733e-02	7.185712672265583134e-02
1.059471676790506763e+03	2.686440408334885288e-01	1.748786484603401803e-01	2.420994458543065386e-01	1.452983924481837941e-01	6.931401423892563640e-02	2.784191804919424612e-02	7.192354011526946866e-02
1.060923007854603611e+03	2.684000169270183700e-01	1.747259549642845022e-01	2.422674032917851439e-01	1.453957752481324917e-01	6.935237199517589601e-02	2.786862751678902822e-02	7.198985005652293323e-02
1.062374338918700232e+03	2.681564233881522652e-01	1.745735135391607851e-01	2.424350463376183928e-01	1.454929752821787770e-01	6.939067410132315761e-02	2.789531079054795998e-02	7.205605656072699983e-02
1.063825669982796853e+03	2.679132594535888479e-01	1.744213237572339315e-01	2.426023756021543354e-01	1.455899931401238301e-01	6.942892061310740326e-02	2.792196778912033397e-02	7.212215964437955484e-02
1.065277001046893474e+03	2.676705243615186136e-01	1.742693851915186609e-01	2.427693916940005248e-01	1.456868294076563153e-01	6.946711158655799467e-02	2.794859843232220392e-02	7.218815932613387165e-02
1.066728332110990095e+03	2.674282173516195349e-01	1.741176974157779556e-01	2.429360952200357582e-01	1.457834846663936534e-01	6.950524707798894086e-02	2.797520264112498059e-02	7.225405562676734395e-02
1.068179663175086489e+03	2.671863376650523980e-01	1.739662600045214780e-01	2.431024867854221505e-01	1.458799594939231004e-01	6.954332714399429072e-02	2.800178033764413529e-02	7.231984856915055215e-02
1.069630994239183110e+03	2.669448845444567509e-01	1.738150725330041280e-01	2.432685669936168193e-01	1.459762544638419646e-01	6.958135184144356722e-02	2.802833144512803867e-02	7.238553817821676006e-02
1.071082325303279504e+03	2.667038572339461844e-01	1.736641345772245992e-01	2.434343364463834036e-01	1.460723701457979085e-01	6.961932122747721552e-02	2.805485588794689664e-02	7.245112448093178614e-02
1.072533656367376352e+03	2.664632549791041138e-01	1.735134457139236586e-01	2.435997957438037487e-01	1.461683071055282779e-01	6.965723535950217593e-02	2.808135359158177649e-02	7.251660750626424956e-02
1.073984987431472746e+03	2.662230770269793934e-01	1.733630055205828691e-01	2.437649454842890362e-01	1.462640659048994041e-01	6.969509429518738752e-02	2.810782448261377534e-02	7.258198728515613540e-02
1.075436318495569594e+03	2.659833226260820416e-01	1.732128135754230913e-01	2.439297862645911363e-01	1.463596471019452117e-01	6.973289809245952764e-02	2.813426848871326130e-02	7.264726385049379009e-02
1.076887649559666215e+03	2.657439910263789673e-01	1.730628694574027626e-01	2.440943186798136544e-01	1.464550512509055213e-01	6.977064680949861264e-02	2.816068553862926052e-02	7.271243723707929152e-02
1.078338980623762609e+03	2.655050814792896952e-01	1.729131727462167589e-01	2.442585433234229220e-01	1.465502789022639363e-01	6.980834050473373742e-02	2.818707556217891000e-02	7.277750748160209671e-02
1.079790311687859230e+03	2.652665932376821467e-01	1.727637230222946740e-01	2.444224607872588495e-01	1.466453306027852566e-01	6.984597923683891207e-02	2.821343849023704234e-02	7.284247462261110584e-02
1.081241642751955851e+03	2.650285255558684772e-01	1.726145198667993763e-01	2.445860716615456676e-01	1.467402068955525607e-01	6.988356306472885693e-02	2.823977425472585373e-02	7.290733870048711485e-02
1.082692973816052472e+03	2.647908776896009120e-01	1.724655628616257041e-01	2.447493765349025019e-01	1.468349083200037597e-01	6.992109204755486696e-02	2.826608278860467949e-02	7.297209975741547616e-02
1.084144304880149093e+03	2.645536488960674171e-01	1.723168515893988562e-01	2.449123759943538925e-01	1.469294354119678458e-01	6.995856624470075946e-02	2.829236402585988408e-02	7.303675783735925908e-02
1.085595635944245487e+03	2.643168384338877575e-01	1.721683856334729756e-01	2.450750706253401745e-01	1.470237887037006697e-01	6.999598571577886341e-02	2.831861790149483096e-02	7.310131298603263217e-02
1.087046967008342108e+03	2.640804455631094450e-01	1.720201645779297073e-01	2.452374610117276643e-01	1.471179687239204670e-01	7.003335052062599486e-02	2.834484435151995996e-02	7.316576525087462035e-02
1.088498298072438729e+03	2.638444695452035194e-01	1.718721880075768094e-01	2.453995477358189847e-01	1.472119759978427755e-01	7.007066071929958506e-02	2.837104331294296525e-02	7.323011468102323673e-02
1.089949629136535123e+03	2.636089096430604961e-01	1.717244555079466273e-01	2.455613313783628904e-01	1.473058110472152127e-01	7.010791637207375304e-02	2.839721472375905317e-02	7.329436132728982256e-02
1.091400960200631971e+03	2.633737651209865360e-01	1.715769666652947334e-01	2.457228125185643153e-01	1.473994743903516424e-01	7.014511753943546146e-02	2.842335852294133533e-02	7.335850524213384516e-02
1.092852291264728365e+03	2.631390352446992265e-01	1.714297210665984561e-01	2.458839917340941428e-01	1.474929665421661484e-01	7.018226428208079737e-02	2.844947465043125290e-02	7.342254647963791792e-02
1.094303622328825213e+03	2.629047192813236955e-01	1.712827182995554365e-01	2.460448696010989478e-01	1.475862880142064515e-01	7.021935666091108641e-02	2.847556304712915709e-02	7.348648509548313945e-02
1.095754953392921607e+03	2.626708164993887817e-01	1.711359579525823238e-01	2.462054466942105169e-01	1.476794393146872164e-01	7.025639473702928461e-02	2.850162365488495206e-02	7.355032114692484912e-02
1.097206284457018228e+03	2.624373261688228709e-01	1.709894396148132212e-01	2.463657235865554240e-01	1.477724209485227480e-01	7.029337857173627302e-02	2.852765641648882106e-02	7.361405469276853519e-02
1.098657615521114849e+03	2.622042475609502321e-01	1.708431628760983811e-01	2.465257008497643842e-01	1.478652334173593819e-01	7.033030822652730496e-02	2.855366127566207057e-02	7.367768579334613155e-02
1.100108946585211470e+03	2.619715799484870211e-01	1.706971273270027623e-01	2.466853790539815239e-01	1.479578772196076530e-01	7.036718376308830070e-02	2.857963817704803344e-02	7.374121451049259202e-02
1.101560277649308091e+03	2.617393226055372835e-01	1.705513325588045581e-01	2.468447587678736510e-01	1.480503528504740207e-01	7.040400524329241960e-02	2.860558706620308644e-02	7.380464090752282547e-02
1.103011608713404712e+03	2.615074748075894018e-01	1.704057781634940594e-01	2.470038405586391650e-01	1.481426608019922320e-01	7.044077272919650745e-02	2.863150788958774770e-02	7.386796504920875583e-02
1.104462939777501106e+03	2.612760358315120990e-01	1.702604637337719329e-01	2.471626249920171325e-01	1.482348015630542692e-01	7.047748628303765472e-02	2.865740059455785041e-02	7.393118700175689562e-02
1.105914270841597499e+03	2.610450049555507746e-01	1.701153888630480282e-01	2.473211126322962528e-01	1.483267756194411313e-01	7.051414596722981043e-02	2.868326512935581024e-02	7.399430683278600263e-02
1.107365601905694348e+03	2.608143814593236742e-01	1.699705531454399898e-01	2.474793040423235446e-01	1.484185834538531978e-01	7.055075184436035429e-02	2.870910144310198989e-02	7.405732461130513922e-02
1.108816932969790741e+03	2.605841646238178932e-01	1.698259561757717861e-01	2.476371997835130068e-01	1.485102255459402332e-01	7.058730397718677996e-02	2.873490948578613646e-02	7.412024040769193967e-02
1.110268264033887590e+03	2.603543537313862677e-01	1.696815975495724604e-01	2.477948004158543049e-01	1.486017023723311681e-01	7.062380242863343371e-02	2.876068920825888831e-02	7.418305429367123838e-02
1.111719595097984211e+03	2.601249480657431001e-01	1.695374768630747153e-01	2.479521064979212375e-01	1.486930144066632431e-01	7.066024726178819770e-02	2.878644056222338585e-02	7.424576634229385075e-02
1.113170926162080832e+03	2.598959469119607180e-01	1.693935937132135527e-01	2.481091185868801174e-01	1.487841621196112907e-01	7.069663853989931190e-02	2.881216350022696576e-02	7.430837662791574261e-02
1.114622257226177226e+03	2.596673495564657541e-01	1.692499476976248585e-01	2.482658372384981271e-01	1.488751459789164067e-01	7.073297632637219612e-02	2.883785797565291409e-02	7.437088522617739395e-02
1.116073588290273847e+03	2.594391552870355944e-01	1.691065384146441808e-01	2.484222630071515614e-01	1.489659664494143443e-01	7.076926068476624421e-02	2.886352394271232344e-02	7.443329221398337081e-02
1.117524919354370468e+03	2.592113633927947136e-01	1.689633654633052318e-01	2.485783964458338213e-01	1.490566239930636583e-01	7.080549167879181260e-02	2.888916135643601960e-02	7.449559766948231354e-02
1.118976250418467089e+03	2.589839731642110676e-01	1.688204284433386104e-01	2.487342381061637131e-01	1.491471190689735160e-01	7.084166937230707006e-02	2.891477017266655403e-02	7.455780167204704989e-02
1.120427581482563710e+03	2.587569838930924293e-01	1.686777269551705816e-01	2.488897885383931641e-01	1.492374521334310922e-01	7.087779382931497230e-02	2.894035034805029702e-02	7.461990430225499960e-02
1.121878912546660331e+03	2.585303948725830581e-01	1.685352605999214659e-01	2.490450482914153552e-01	1.493276236399289636e-01	7.091386511396031989e-02	2.896590184002959326e-02	7.468190564186881486e-02
1.123330243610756725e+03	2.583042053971599250e-01	1.683930289794045854e-01	2.492000179127721871e-01	1.494176340391918656e-01	7.094988329052670517e-02	2.899142460683499373e-02	7.474380577381728452e-02
1.124781574674853118e+03	2.580784147626293268e-01	1.682510316961247920e-01	2.493546979486623294e-01	1.495074837792033373e-01	7.098584842343366730e-02	2.901691860747756743e-02	7.480560478217650189e-02
1.126232905738949967e+03	2.578530222661234439e-01	1.681092683532770804e-01	2.495090889439485760e-01	1.495971733052320896e-01	7.102176057723376401e-02	2.904238380174128942e-02	7.486730275215121300e-02
1.127684236803046360e+03	2.576280272060967880e-01	1.679677385547455326e-01	2.496631914421655329e-01	1.496867030598579840e-01	7.105761981660965731e-02	2.906782015017549820e-02	7.492889977005645630e-02
1.129135567867143209e+03	2.574034288823224825e-01	1.678264419051016809e-01	2.498170059855271130e-01	1.497760734829978735e-01	7.109342620637140731e-02	2.909322761408742949e-02	7.499039592329936887e-02
1.130586898931239830e+03	2.571792265958894874e-01	1.676853780096034252e-01	2.499705331149337517e-01	1.498652850119309432e-01	7.112917981145355784e-02	2.911860615553480899e-02	7.505179130036136737e-02
1.132038229995336451e+03	2.569554196491984910e-01	1.675445464741936175e-01	2.501237733699798738e-01	1.499543380813239679e-01	7.116488069691243035e-02	2.914395573731854219e-02	7.511308599078035664e-02
1.133489561059432845e+03	2.567320073459588570e-01	1.674039469054988127e-01	2.502767272889610539e-01	1.500432331232563476e-01	7.120052892792341770e-02	2.916927632297544939e-02	7.517428008513332705e-02
1.134940892123529466e+03	2.565089889911851828e-01	1.672635789108279092e-01	2.504293954088810947e-01	1.501319705672445604e-01	7.123612456977823637e-02	2.919456787677109089e-02	7.523537367501909046e-02
1.136392223187626087e+03	2.562863638911939690e-01	1.671234420981709268e-01	2.505817782654592984e-01	1.502205508402667256e-01	7.127166768788227580e-02	2.921983036369264417e-02	7.529636685304127997e-02
1.137843554251722708e+03	2.560641313536001773e-01	1.669835360761976473e-01	2.507338763931372672e-01	1.503089743667865852e-01	7.130715834775200324e-02	2.924506374944186443e-02	7.535725971279153002e-02
1.139294885315819101e+03	2.558422906873139557e-01	1.668438604542564208e-01	2.508856903250858972e-01	1.503972415687774289e-01	7.134259661501235472e-02	2.927026800042810406e-02	7.541805234883292020e-02
1.140746216379915950e+03	2.556208412025373633e-01	1.667044148423727223e-01	2.510372205932122625e-01	1.504853528657456863e-01	7.137798255539411219e-02	2.929544308376140146e-02	7.547874485668357170e-02
1.142197547444012343e+03	2.553997822107609283e-01	1.665651988512479864e-01	2.511884677281662204e-01	1.505733086747543248e-01	7.141331623473140544e-02	2.932058896724563588e-02	7.553933733280049356e-02
1.143648878508108737e+03	2.551791130247607065e-01	1.664262120922584409e-01	2.513394322593474062e-01	1.506611094104458315e-01	7.144859771895920031e-02	2.934570561937175845e-02	7.559982987456363712e-02
1.145100209572205586e+03	2.549588329585946167e-01	1.662874541774536363e-01	2.514901147149116722e-01	1.507487554850650835e-01	7.148382707411080061e-02	2.937079300931107195e-02	7.566022258026013081e-02
1.146551540636302207e+03	2.547389413275994441e-01	1.661489247195551411e-01	2.516405156217776939e-01	1.508362473084819688e-01	7.151900436631541957e-02	2.939585110690857636e-02	7.572051554906873705e-02
1.148002871700398828e+03	2.545194374483875088e-01	1.660106233319555702e-01	2.517906355056334089e-01	1.509235852882138129e-01	7.155412966179576506e-02	2.942087988267639773e-02	7.578070888104451730e-02
1.149454202764495449e+03	2.543003206388436133e-01	1.658725496287170031e-01	2.519404748909425673e-01	1.510107698294472500e-01	7.158920302686562487e-02	2.944587930778725868e-02	7.584080267710363588e-02
1.150905533828591842e+03	2.540815902181216002e-01	1.657347032245699570e-01	2.520900343009510602e-01	1.510978013350603999e-01	7.162422452792747973e-02	2.947084935406801831e-02	7.590079703900846908e-02
1.152356864892688463e+03	2.538632455066414106e-01	1.655970837349119706e-01	2.522393142576930813e-01	1.511846802056442673e-01	7.165919423147022738e-02	2.949578999399329188e-02	7.596069206935279761e-02
1.153808195956785084e+03	2.536452858260857535e-01	1.654596907758064395e-01	2.523883152819974551e-01	1.512714068395241973e-01	7.169411220406683716e-02	2.952070120067908435e-02	7.602048787154719323e-02
1.155259527020881706e+03	2.534277104993972185e-01	1.653225239639813937e-01	2.525370378934939652e-01	1.513579816327811078e-01	7.172897851237206024e-02	2.954558294787655234e-02	7.608018454980473855e-02
1.156710858084978327e+03	2.532105188507746685e-01	1.651855829168281664e-01	2.526854826106190721e-01	1.514444049792723623e-01	7.176379322312020914e-02	2.957043520996576608e-02	7.613978220912674677e-02
1.158162189149074720e+03	2.529937102056707410e-01	1.650488672524002554e-01	2.528336499506222412e-01	1.515306772706524752e-01	7.179855640312290954e-02	2.959525796194956149e-02	7.619928095528875900e-02
1.159613520213171569e+03	2.527772838907883513e-01	1.649123765894119631e-01	2.529815404295719383e-01	1.516167988963936231e-01	7.183326811926689370e-02	2.962005117944744789e-02	7.625868089482673584e-02
1.161064851277267962e+03	2.525612392340776391e-01	1.647761105472372589e-01	2.531291545623611805e-01	1.517027702438059344e-01	7.186792843851184942e-02	2.964481483868956421e-02	7.631798213502337391e-02
1.162516182341364356e+03	2.523455755647330823e-01	1.646400687459085854e-01	2.532764928627139756e-01	1.517885916980575289e-01	7.190253742788826896e-02	2.966954891651070458e-02	7.637718478389463050e-02
1.163967513405461204e+03	2.521302922131902768e-01	1.645042508061155262e-01	2.534235558431905955e-01	1.518742636421942793e-01	7.193709515449531189e-02	2.969425339034439254e-02	7.643628895017642866e-02
1.165418844469557826e+03	2.519153885111229396e-01	1.643686563492036123e-01	2.535703440151934052e-01	1.519597864571595736e-01	7.197160168549869563e-02	2.971892823821701765e-02	7.649529474331150103e-02
1.166870175533654447e+03	2.517008637914400215e-01	1.642332849971731845e-01	2.537168578889728021e-01	1.520451605218135771e-01	7.200605708812868322e-02	2.974357343874202766e-02	7.655420227343645578e-02
1.168321506597751068e+03	2.514867173882825435e-01	1.640981363726780329e-01	2.538630979736325455e-01	1.521303862129525231e-01	7.204046142967798771e-02	2.976818897111416923e-02	7.661301165136898128e-02
1.169772837661847461e+03	2.512729486370205989e-01	1.639632100990243146e-01	2.540090647771354737e-01	1.522154639053276415e-01	7.207481477749973220e-02	2.979277481510378411e-02	7.667172298859520341e-02
1.171224168725944082e+03	2.510595568742506889e-01	1.638285058001693606e-01	2.541547588063087226e-01	1.523003939716640609e-01	7.210911719900553463e-02	2.981733095105117831e-02	7.673033639725722332e-02
1.172675499790040703e+03	2.508465414377922253e-01	1.636940231007202318e-01	2.543001805668497761e-01	1.523851767826792381e-01	7.214336876166345391e-02	2.984185735986102234e-02	7.678885199014082175e-02
1.174126830854137097e+03	2.506339016666850883e-01	1.635597616259328591e-01	2.544453305633311291e-01	1.524698127071015263e-01	7.217756953299606093e-02	2.986635402299680705e-02	7.684726988066332976e-02
1.175578161918233945e+03	2.504216369011863508e-01	1.634257210017106554e-01	2.545902092992061161e-01	1.525543021116881337e-01	7.221171958057855111e-02	2.989082092247537584e-02	7.690559018286161064e-02
1.177029492982330339e+03	2.502097464827676698e-01	1.632919008546032946e-01	2.547348172768139074e-01	1.526386453612433580e-01	7.224581897203675995e-02	2.991525804086147058e-02	7.696381301138029152e-02
1.178480824046426733e+03	2.499982297541121778e-01	1.631583008118055456e-01	2.548791549973849491e-01	1.527228428186362397e-01	7.227986777504537275e-02	2.993966536126235756e-02	7.702193848146002275e-02
1.179932155110523581e+03	2.497870860591115960e-01	1.630249205011561897e-01	2.550232229610460144e-01	1.528068948448182973e-01	7.231386605732605111e-02	2.996404286732251218e-02	7.707996670892602875e-02
1.181383486174620202e+03	2.495763147428633755e-01	1.628917595511366612e-01	2.551670216668253111e-01	1.528908017988407642e-01	7.234781388664554558e-02	2.998839054321832120e-02	7.713789781017668656e-02
1.182834817238716823e+03	2.493659151516678663e-01	1.627588175908700474e-01	2.553105516126576435e-01	1.529745640378720184e-01	7.238171133081393316e-02	3.001270837365284730e-02	7.719573190217232650e-02
1.184286148302813444e+03	2.491558866330255140e-01	1.626260942501196738e-01	2.554538132953893537e-01	1.530581819172144586e-01	7.241555845768278543e-02	3.003699634385067346e-02	7.725346910242417153e-02
1.185737479366910065e+03	2.489462285356339732e-01	1.624935891592882431e-01	2.555968072107833167e-01	1.531416557903215181e-01	7.244935533514344772e-02	3.006125443955276130e-02	7.731110952898335997e-02
1.187188810431006686e+03	2.487369402093852766e-01	1.623613019494163090e-01	2.557395338535238261e-01	1.532249860088143179e-01	7.248310203112527661e-02	3.008548264701135441e-02	7.736865330043024569e-02
1.188640141495103080e+03	2.485280210053630312e-01	1.622292322521814434e-01	2.558819937172214787e-01	1.533081729224981538e-01	7.251679861359387747e-02	3.010968095298496155e-02	7.742610053586368446e-02
1.190091472559199701e+03	2.483194702758396433e-01	1.620973796998967931e-01	2.560241872944180042e-01	1.533912168793787889e-01	7.255044515054945298e-02	3.013384934473337107e-02	7.748345135489058400e-02
1.191542803623296322e+03	2.481112873742734870e-01	1.619657439255100806e-01	2.561661150765910389e-01	1.534741182256787184e-01	7.258404171002508232e-02	3.015798781001269649e-02	7.754070587761549560e-02
1.192994134687392716e+03	2.479034716553062401e-01	1.618343245626023830e-01	2.563077775541589554e-01	1.535568773058530734e-01	7.261758836008506968e-02	3.018209633707049505e-02	7.759786422463038624e-02
1.194445465751489564e+03	2.476960224747600803e-01	1.617031212453869105e-01	2.564491752164852478e-01	1.536394944626054970e-01	7.265108516882334833e-02	3.020617491464093474e-02	7.765492651700461879e-02
1.195896796815585958e+03	2.474889391896348823e-01	1.615721336087080628e-01	2.565903085518833615e-01	1.537219700369037156e-01	7.268453220436174589e-02	3.023022353193995440e-02	7.771189287627489062e-02
1.197348127879682352e+03	2.472822211581055252e-01	1.614413612880400695e-01	2.567311780476214111e-01	1.538043043679951372e-01	7.271792953484848554e-02	3.025424217866055573e-02	7.776876342443549139e-02
1.198799458943779200e+03	2.470758677395192282e-01	1.613108039194858234e-01	2.568717841899264553e-01	1.538864977934220057e-01	7.275127722845654843e-02	3.027823084496806053e-02	7.782553828392854700e-02
1.200250790007875821e+03	2.468698782943926917e-01	1.611804611397759379e-01	2.570121274639891595e-01	1.539685506490367506e-01	7.278457535338214712e-02	3.030218952149545120e-02	7.788221757763449937e-02
1.201702121071972442e+03	2.466642521844096270e-01	1.610503325862673862e-01	2.571522083539682368e-01	1.540504632690167797e-01	7.281782397784315741e-02	3.032611819933876338e-02	7.793880142886261408e-02
1.203153452136069063e+03	2.464589887724178974e-01	1.609204178969425858e-01	2.572920273429948335e-01	1.541322359858794955e-01	7.285102317007757788e-02	3.035001687005249235e-02	7.799528996134170999e-02
1.204604783200165684e+03	2.462540874224269094e-01	1.607907167104080104e-01	2.574315849131767475e-01	1.542138691304968667e-01	7.288417299834205887e-02	3.037388552564506197e-02	7.805168329921095827e-02
1.206056114264262078e+03	2.460495474996049481e-01	1.606612286658931910e-01	2.575708815456030920e-01	1.542953630321099445e-01	7.291727353091040364e-02	3.039772415857433865e-02	7.810798156701075079e-02
1.207507445328358699e+03	2.458453683702765402e-01	1.605319534032496054e-01	2.577099177203481806e-01	1.543767180183432675e-01	7.295032483607205576e-02	3.042153276174317314e-02	7.816418488967384615e-02
1.208958776392455093e+03	2.456415494019197898e-01	1.604028905629494572e-01	2.578486939164761349e-01	1.544579344152190725e-01	7.298332698213071124e-02	3.044531132849499777e-02	7.822029339251647395e-02
1.210410107456551941e+03	2.454380899631638524e-01	1.602740397860847044e-01	2.579872106120448261e-01	1.545390125471713672e-01	7.301628003740284756e-02	3.046905985260945152e-02	7.827630720122963348e-02
1.211861438520648335e+03	2.452349894237861594e-01	1.601454007143656988e-01	2.581254682841102044e-01	1.546199527370597515e-01	7.304918407021632198e-02	3.049277832829807092e-02	7.833222644187054495e-02
1.213312769584745183e+03	2.450322471547099201e-01	1.600169729901202709e-01	2.582634674087301851e-01	1.547007553061833518e-01	7.308203914890895603e-02	3.051646675019999144e-02	7.838805124085404530e-02
1.214764100648841804e+03	2.448298625280015683e-01	1.598887562562925913e-01	2.584012084609690341e-01	1.547814205742942539e-01	7.311484534182718931e-02	3.054012511337769742e-02	7.844378172494438639e-02
1.216215431712937971e+03	2.446278349168680977e-01	1.597607501564418941e-01	2.585386919149012530e-01	1.548619488596111315e-01	7.314760271732465013e-02	3.056375341331283788e-02	7.849941802124683898e-02
1.217666762777034819e+03	2.444261636956545081e-01	1.596329543347415614e-01	2.586759182436154658e-01	1.549423404788325409e-01	7.318031134376089264e-02	3.058735164590204239e-02	7.855496025719961584e-02
1.219118093841131440e+03	2.442248482398413911e-01	1.595053684359778734e-01	2.588128879192187481e-01	1.550225957471500771e-01	7.321297128950000899e-02	3.061091980745280633e-02	7.861040856056582260e-02
1.220569424905228061e+03	2.440238879260421268e-01	1.593779921055489268e-01	2.589496014128400136e-01	1.551027149782614190e-01	7.324558262290932487e-02	3.063445789467939342e-02	7.866576305942550584e-02
1.222020755969324682e+03	2.438232821320005239e-01	1.592508249894636074e-01	2.590860591946345104e-01	1.551826984843832913e-01	7.327814541235810886e-02	3.065796590469879040e-02	7.872102388216790925e-02
1.223472087033421303e+03	2.436230302365882949e-01	1.591238667343404245e-01	2.592222617337871515e-01	1.552625465762642598e-01	7.331065972621630955e-02	3.068144383502669631e-02	7.877619115748364653e-02
1.224923418097517697e+03	2.434231316198025019e-01	1.589971169874064005e-01	2.593582094985166231e-01	1.553422595631973047e-01	7.334312563285325104e-02	3.070489168357354651e-02	7.883126501435715194e-02
1.226374749161614318e+03	2.432235856627630310e-01	1.588705753964959888e-01	2.594939029560791588e-01	1.554218377530323936e-01	7.337554320063641167e-02	3.072830944864058528e-02	7.888624558205920012e-02
1.227826080225710712e+03	2.430243917477102056e-01	1.587442416100500464e-01	2.596293425727721482e-01	1.555012814521888331e-01	7.340791249793018891e-02	3.075169712891594534e-02	7.894113299013941210e-02
1.229277411289807560e+03	2.428255492580021768e-01	1.586181152771146130e-01	2.597645288139380226e-01	1.555805909656675645e-01	7.344023359309466426e-02	3.077505472347081064e-02	7.899592736841902496e-02
1.230728742353903954e+03	2.426270575781124816e-01	1.584921960473398839e-01	2.598994621439676966e-01	1.556597665970631539e-01	7.347250655448442358e-02	3.079838223175556181e-02	7.905062884698363379e-02
1.232180073418000802e+03	2.424289160936276277e-01	1.583664835709791552e-01	2.600341430263045650e-01	1.557388086485760326e-01	7.350473145044733592e-02	3.082167965359600484e-02	7.910523755617612784e-02
1.233631404482097196e+03	2.422311241912446789e-01	1.582409774988877138e-01	2.601685719234476668e-01	1.558177174210240712e-01	7.353690834932344322e-02	3.084494698918959985e-02	7.915975362658962677e-02
1.235082735546193817e+03	2.420336812587687014e-01	1.581156774825217826e-01	2.603027492969557377e-01	1.558964932138545423e-01	7.356903731944375302e-02	3.086818423910175219e-02	7.921417718906055561e-02
1.236534066610290438e+03	2.418365866851103774e-01	1.579905831739373823e-01	2.604366756074503186e-01	1.559751363251556389e-01	7.360111842912908653e-02	3.089139140426211752e-02	7.926850837466191402e-02
1.237985397674387059e+03	2.416398398602835895e-01	1.578656942257892215e-01	2.605703513146195305e-01	1.560536470516680208e-01	7.363315174668899621e-02	3.091456848596095194e-02	7.932274731469644846e-02
1.239436728738483680e+03	2.414434401754030901e-01	1.577410102913297807e-01	2.607037768772216824e-01	1.561320256887961389e-01	7.366513734042058614e-02	3.093771548584549336e-02	7.937689414069001859e-02
1.240888059802580301e+03	2.412473870226819472e-01	1.576165310244081186e-01	2.608369527530882137e-01	1.562102725306195317e-01	7.369707527860751284e-02	3.096083240591637753e-02	7.943094898438508855e-02
1.242339390866676695e+03	2.410516797954292412e-01	1.574922560794688176e-01	2.609698793991275800e-01	1.562883878699040108e-01	7.372896562951876398e-02	3.098391924852408538e-02	7.948491197773424610e-02
1.243790721930773088e+03	2.408563178880476774e-01	1.573681851115509012e-01	2.611025572713285836e-01	1.563663719981125688e-01	7.376080846140772862e-02	3.100697601636542497e-02	7.953878325289384654e-02
1.245242052994869937e+03	2.406613006960311996e-01	1.572443177762869182e-01	2.612349868247634266e-01	1.564442252054163707e-01	7.379260384251104532e-02	3.103000271248004815e-02	7.959256294221769834e-02
1.246693384058966330e+03	2.404666276159626581e-01	1.571206537299016659e-01	2.613671685135914302e-01	1.565219477807055504e-01	7.382435184104757520e-02	3.105299934024698463e-02	7.964625117825087364e-02
1.248144715123063179e+03	2.402722980455114232e-01	1.569971926292111630e-01	2.614991027910620325e-01	1.565995400115998415e-01	7.385605252521738884e-02	3.107596590338124534e-02	7.969984809372364365e-02
1.249596046187159800e+03	2.400783113834309979e-01	1.568739341316218172e-01	2.616307901095182298e-01	1.566770021844592076e-01	7.388770596320072548e-02	3.109890240593040159e-02	7.975335382154535857e-02
1.251047377251256421e+03	2.398846670295567973e-01	1.567508778951290371e-01	2.617622309203997411e-01	1.567543345843942781e-01	7.391931222315700767e-02	3.112180885227126131e-02	7.980676849479860502e-02
1.252498708315352815e+03	2.396913643848036790e-01	1.566280235783164831e-01	2.618934256742461164e-01	1.568315374952767016e-01	7.395087137322386983e-02	3.114468524710651415e-02	7.986009224673326634e-02
1.253950039379449436e+03	2.394984028511637497e-01	1.565053708403548738e-01	2.620243748207002343e-01	1.569086111997493871e-01	7.398238348151611743e-02	3.116753159546144583e-02	7.991332521076079110e-02
1.255401370443546057e+03	2.393057818317040064e-01	1.563829193410008755e-01	2.621550788085111328e-01	1.569855559792366628e-01	7.401384861612479715e-02	3.119034790268067348e-02	7.996646752044843376e-02
1.256852701507642678e+03	2.391135007305640880e-01	1.562606687405961592e-01	2.622855380855372287e-01	1.570623721139542683e-01	7.404526684511626711e-02	3.121313417442490856e-02	8.001951930951367586e-02
1.258304032571739299e+03	2.389215589529537775e-01	1.561386187000664005e-01	2.624157530987495379e-01	1.571390598829192631e-01	7.407663823653119761e-02	3.123589041666775118e-02	8.007248071181870264e-02
1.259755363635835920e+03	2.387299559051510589e-01	1.560167688809200592e-01	2.625457242942345060e-01	1.572156195639599074e-01	7.410796285838371078e-02	3.125861663569251547e-02	8.012535186136486576e-02
1.261206694699932314e+03	2.385386909944995082e-01	1.558951189452475183e-01	2.626754521171972834e-01	1.572920514337254050e-01	7.413924077866036744e-02	3.128131283808908286e-02	8.017813289228735429e-02
1.262658025764028707e+03	2.383477636294063506e-01	1.557736685557200018e-01	2.628049370119646677e-01	1.573683557676955058e-01	7.417047206531937609e-02	3.130397903075078647e-02	8.023082393884985175e-02
1.264109356828125556e+03	2.381571732193398239e-01	1.556524173755884644e-01	2.629341794219881567e-01	1.574445328401899158e-01	7.420165678628960759e-02	3.132661522087131639e-02	8.028342513543927639e-02
1.265560687892221949e+03	2.379669191748272905e-01	1.555313650686826754e-01	2.630631797898466129e-01	1.575205829243778999e-01	7.423279500946979026e-02	3.134922141594165962e-02	8.033593661656064644e-02
1.267012018956318798e+03	2.377770009074527680e-01	1.554105112994101090e-01	2.631919385572496495e-01	1.575965062922874693e-01	7.426388680272755227e-02	3.137179762374707470e-02	8.038835851683197309e-02
1.268463350020415419e+03	2.375874178298548189e-01	1.552898557327548612e-01	2.633204561650401843e-01	1.576723032148147075e-01	7.429493223389865841e-02	3.139434385236408720e-02	8.044069097097922283e-02
1.269914681084511813e+03	2.373981693557242756e-01	1.551693980342768175e-01	2.634487330531976590e-01	1.577479739617328736e-01	7.432593137078606638e-02	3.141686011015751290e-02	8.049293411383137697e-02
1.271366012148608434e+03	2.372092548998020745e-01	1.550491378701104872e-01	2.635767696608404820e-01	1.578235188017013957e-01	7.435688428115913573e-02	3.143934640577750184e-02	8.054508808031553280e-02
1.272817343212705055e+03	2.370206738778768973e-01	1.549290749069639761e-01	2.637045664262292477e-01	1.578989380022748357e-01	7.438779103275285076e-02	3.146180274815661704e-02	8.059715300545212957e-02
1.274268674276801676e+03	2.368324257067832284e-01	1.548092088121180432e-01	2.638321237867694569e-01	1.579742318299117987e-01	7.441865169326694618e-02	3.148422914650696874e-02	8.064912902435014685e-02
1.275720005340898297e+03	2.366445098043988837e-01	1.546895392534249902e-01	2.639594421790141809e-01	1.580494005499836485e-01	7.444946633036511607e-02	3.150662561031729314e-02	8.070101627220245544e-02
1.277171336404994690e+03	2.364569255896430688e-01	1.545700658993078014e-01	2.640865220386669487e-01	1.581244444267831950e-01	7.448023501167419513e-02	3.152899214935014210e-02	8.075281488428116827e-02
1.278622667469091539e+03	2.362696724824740191e-01	1.544507884187589497e-01	2.642133638005845220e-01	1.581993637235332428e-01	7.451095780478343700e-02	3.155132877363908683e-02	8.080452499593315796e-02
1.280073998533187932e+03	2.360827499038870292e-01	1.543317064813395367e-01	2.643399678987795598e-01	1.582741587023951402e-01	7.454163477724372322e-02	3.157363549348590065e-02	8.085614674257550483e-02
1.281525329597284326e+03	2.358961572759120662e-01	1.542128197571782100e-01	2.644663347664232833e-01	1.583488296244771887e-01	7.457226599656675836e-02	3.159591231945777651e-02	8.090768025969112542e-02
1.282976660661381175e+03	2.357098940216117433e-01	1.540941279169701361e-01	2.645924648358482512e-01	1.584233767498428869e-01	7.460285153022436222e-02	3.161815926238463470e-02	8.095912568282437327e-02
1.284427991725477568e+03	2.355239595650792106e-01	1.539756306319760570e-01	2.647183585385509130e-01	1.584978003375192568e-01	7.463339144564772043e-02	3.164037633335638894e-02	8.101048314757677837e-02
1.285879322789574417e+03	2.353383533314359621e-01	1.538573275740212909e-01	2.648440163051944407e-01	1.585721006455050042e-01	7.466388581022663506e-02	3.166256354372024018e-02	8.106175278960280062e-02
1.287330653853671038e+03	2.351530747468296711e-01	1.537392184154946495e-01	2.649694385656110596e-01	1.586462779307784288e-01	7.469433469130884462e-02	3.168472090507803290e-02	8.111293474460565256e-02
1.288781984917767431e+03	2.349681232384321916e-01	1.536213028293475780e-01	2.650946257488048241e-01	1.587203324493055845e-01	7.472473815619926074e-02	3.170684842928361835e-02	8.116402914833321935e-02
1.290233315981864052e+03	2.347834982344373378e-01	1.535035804890929889e-01	2.652195782829543380e-01	1.587942644560481620e-01	7.475509627215931596e-02	3.172894612844021772e-02	8.121503613657393705e-02
