1.001418434226643626e+03	2.787882490703931238e-01	1.811758677947849505e-01	2.351223732519968634e-01	1.412516451698010156e-01	6.771759411060664091e-02	2.676415874214030724e-02	6.918011185998527990e-02
1.003837319333471214e+03	2.783523441543942489e-01	1.809038442203075858e-01	2.354240132493586601e-01	1.414270233370605589e-01	6.778496528955570144e-02	2.681042791049014634e-02	6.929738183854131095e-02
1.006256204440298802e+03	2.779177196289335239e-01	1.806325708402727881e-01	2.357247089882133495e-01	1.416018199487310558e-01	6.785217707365931439e-02	2.685663465463544036e-02	6.941436886526274053e-02
1.008675089547126618e+03	2.774843716816464689e-01	1.803620455272308409e-01	2.360244636544528984e-01	1.417760386234572789e-01	6.791922966821702101e-02	2.690277835241815935e-02	6.953107249228557274e-02
1.011093974653954206e+03	2.770522965131775872e-01	1.800922661600281860e-01	2.363232804161526091e-01	1.419496829331045873e-01	6.798612328206297961e-02	2.694885839475343395e-02	6.964749230042888151e-02
1.013512859760782021e+03	2.766214903371055911e-01	1.798232306237845524e-01	2.366211624238073463e-01	1.421227564035684177e-01	6.805285812748100571e-02	2.699487418541486952e-02	6.976362789854652358e-02
1.015931744867609382e+03	2.761919493798691838e-01	1.795549368098700860e-01	2.369181128105636303e-01	1.422952625155688433e-01	6.811943442012119432e-02	2.704082514082340599e-02	6.987947892289200769e-02
1.018350629974437197e+03	2.757636698806937847e-01	1.792873826158828121e-01	2.372141346924469540e-01	1.424672047054303947e-01	6.818585237891822137e-02	2.708671068983977553e-02	6.999504503649643661e-02
1.020769515081264785e+03	2.753366480915192538e-01	1.790205659456260978e-01	2.375092311685849666e-01	1.426385863658475028e-01	6.825211222601113015e-02	2.713253027356042277e-02	7.011032592855903633e-02
1.023188400188092373e+03	2.749108802769285598e-01	1.787544847090863920e-01	2.378034053214262422e-01	1.428094108466354817e-01	6.831821418666467194e-02	2.717828334511684235e-02	7.022532131385023080e-02
1.025607285294920075e+03	2.744863627140770035e-01	1.784891368224111041e-01	2.380966602169550250e-01	1.429796814554678275e-01	6.838415848919224271e-02	2.722396936947827847e-02	7.034003093212691515e-02
1.028026170401747549e+03	2.740630916926225513e-01	1.782245202078866497e-01	2.383889989049018943e-01	1.431494014585998342e-01	6.844994536488015202e-02	2.726958782325774808e-02	7.045445454755962233e-02
1.030445055508575479e+03	2.736410635146568904e-01	1.779606327939164956e-01	2.386804244189501822e-01	1.433185740815786646e-01	6.851557504791341846e-02	2.731513819452128372e-02	7.056859194817152736e-02
1.032863940615402726e+03	2.732202744946373163e-01	1.776974725149997048e-01	2.389709397769387011e-01	1.434872025099405146e-01	6.858104777530300844e-02	2.736061998260038569e-02	7.068244294528881755e-02
1.035282825722230655e+03	2.728007209593193982e-01	1.774350373117093149e-01	2.392605479810606950e-01	1.436552898898945940e-01	6.864636378681444884e-02	2.740603269790758620e-02	7.079600737300241475e-02
1.037701710829058356e+03	2.723823992476905320e-01	1.771733251306710222e-01	2.395492520180586837e-01	1.438228393289945894e-01	6.871152332489779968e-02	2.745137586175511527e-02	7.090928508764074434e-02
1.040120595935886058e+03	2.719653057109040484e-01	1.769123339245418369e-01	2.398370548594159213e-01	1.439898538967978314e-01	6.877652663461897298e-02	2.749664900617656421e-02	7.102227596725325942e-02
1.042539481042713533e+03	2.715494367122143760e-01	1.766520616519892672e-01	2.401239594615440787e-01	1.441563366255121659e-01	6.884137396359238381e-02	2.754185167375154328e-02	7.113497991110462326e-02
1.044958366149541234e+03	2.711347886269125929e-01	1.763925062776701969e-01	2.404099687659675133e-01	1.443222905106307241e-01	6.890606556191489207e-02	2.758698341743323623e-02	7.124739683917927224e-02
1.047377251256368709e+03	2.707213578422632549e-01	1.761336657722100962e-01	2.406950856995038190e-01	1.444877185115552576e-01	6.897060168210102094e-02	2.763204380037884156e-02	7.135952669169615126e-02
1.049796136363196410e+03	2.703091407574411131e-01	1.758755381121825390e-01	2.409793131744412675e-01	1.446526235522078707e-01	6.903498257901939661e-02	2.767703239578282390e-02	7.147136942863345499e-02
1.052215021470024112e+03	2.698981337834694405e-01	1.756181212800885516e-01	2.412626540887127247e-01	1.448170085216312630e-01	6.909920850983042317e-02	2.772194878671293064e-02	7.158292502926315304e-02
1.054633906576851814e+03	2.694883333431585259e-01	1.753614132643363244e-01	2.415451113260662364e-01	1.449808762745782575e-01	6.916327973392520645e-02	2.776679256594893550e-02	7.169419349169510458e-02
1.057052791683679516e+03	2.690797358710447229e-01	1.751054120592208108e-01	2.418266877562326445e-01	1.451442296320902825e-01	6.922719651286556031e-02	2.781156333582404661e-02	7.180517483243049892e-02
1.059471676790506763e+03	2.686723378133309414e-01	1.748501156649039101e-01	2.421073862350899275e-01	1.453070713820649451e-01	6.929095911032524813e-02	2.785626070806895838e-02	7.191586908592469130e-02
1.061890561897334692e+03	2.682661356278267517e-01	1.745955220873942337e-01	2.423872096048242941e-01	1.454694042798137243e-01	6.935456779203232058e-02	2.790088430365846028e-02	7.202627630415882332e-02
1.064309447004162394e+03	2.678611257838899307e-01	1.743416293385273153e-01	2.426661606940886118e-01	1.456312310486089778e-01	6.941802282571260529e-02	2.794543375266059573e-02	7.213639655622050562e-02
1.066728332110990095e+03	2.674573047623683975e-01	1.740884354359460151e-01	2.429442423181575883e-01	1.457925543802209012e-01	6.948132448103419567e-02	2.798990869408831891e-02	7.224622992789304921e-02
1.069147217217817570e+03	2.670546690555427594e-01	1.738359384030807031e-01	2.432214572790802609e-01	1.459533769354448007e-01	6.954447302955314714e-02	2.803430877575357680e-02	7.235577652125321779e-02
1.071566102324645271e+03	2.666532151670692463e-01	1.735841362691299405e-01	2.434978083658294323e-01	1.461137013446185962e-01	6.960746874466007539e-02	2.807863365412383017e-02	7.246503645427733453e-02
1.073984987431472746e+03	2.662529396119239222e-01	1.733330270690409958e-01	2.437732983544484144e-01	1.462735302081307476e-01	6.967031190152796205e-02	2.812288299418090956e-02	7.257400986045552116e-02
1.076403872538300675e+03	2.658538389163466187e-01	1.730826088434907484e-01	2.440479300081952740e-01	1.464328660969189677e-01	6.973300277706076522e-02	2.816705646928220966e-02	7.268269688841395848e-02
1.078822757645127922e+03	2.654559096177862010e-01	1.728328796388663990e-01	2.443217060776839422e-01	1.465917115529596637e-01	6.979554164984319575e-02	2.821115376102416306e-02	7.279109770154497394e-02
1.081241642751955851e+03	2.650591482648460007e-01	1.725838375072465680e-01	2.445946293010231865e-01	1.467500690897486082e-01	6.985792880009139560e-02	2.825517455910796227e-02	7.289921247764483136e-02
1.083660527858783553e+03	2.646635514172299142e-01	1.723354805063823103e-01	2.448667024039527240e-01	1.469079411927725343e-01	6.992016450960458762e-02	2.829911856120748137e-02	7.300704140855898694e-02
1.086079412965611255e+03	2.642691156456892232e-01	1.720878066996784639e-01	2.451379280999768373e-01	1.470653303199722928e-01	6.998224906171762738e-02	2.834298547283936598e-02	7.311458469983476982e-02
1.088498298072438729e+03	2.638758375319694705e-01	1.718408141561748315e-01	2.454083090904956577e-01	1.472222389021974887e-01	7.004418274125452648e-02	2.838677500723525010e-02	7.322184257038134858e-02
1.090917183179266431e+03	2.634837136687587789e-01	1.715945009505276397e-01	2.456778480649339791e-01	1.473786693436526241e-01	7.010596583448286401e-02	2.843048688521607192e-02	7.332881525213666429e-02
1.093336068286093905e+03	2.630927406596356155e-01	1.713488651629911097e-01	2.459465477008675738e-01	1.475346240223354422e-01	7.016759862906907230e-02	2.847412083506845049e-02	7.343550298974139967e-02
1.095754953392921607e+03	2.627029151190178324e-01	1.711039048793990824e-01	2.462144106641475372e-01	1.476901052904668610e-01	7.022908141403458315e-02	2.851767659242306421e-02	7.354190604021970668e-02
1.098173838499749309e+03	2.623142336721120405e-01	1.708596181911468115e-01	2.464814396090219129e-01	1.478451154749133578e-01	7.029041447971287604e-02	2.856115390013504521e-02	7.364802467266658159e-02
1.100592723606577010e+03	2.619266929548635936e-01	1.706160031951726996e-01	2.467476371782553468e-01	1.479996568776014709e-01	7.035159811770734517e-02	2.860455250816628867e-02	7.375385916794187369e-02
1.103011608713404712e+03	2.615402896139064626e-01	1.703730579939404244e-01	2.470130060032467156e-01	1.481537317759247796e-01	7.041263262084988817e-02	2.864787217346972600e-02	7.385940981837062214e-02
1.105430493820231959e+03	2.611550203065146070e-01	1.701307806954208413e-01	2.472775487041441733e-01	1.483073424231434734e-01	7.047351828316050781e-02	2.869111265987543680e-02	7.396467692744962408e-02
1.107849378927059888e+03	2.607708817005528479e-01	1.698891694130741092e-01	2.475412678899585883e-01	1.484604910487766771e-01	7.053425539980751058e-02	2.873427373797865156e-02	7.406966080956021992e-02
1.110268264033887590e+03	2.603878704744290173e-01	1.696482222658320937e-01	2.478041661586745659e-01	1.486131798589875874e-01	7.059484426706859328e-02	2.877735518502956558e-02	7.417436178968715710e-02
1.112687149140715292e+03	2.600059833170459966e-01	1.694079373780806030e-01	2.480662460973597216e-01	1.487654110369614757e-01	7.065528518229262367e-02	2.882035678482493257e-02	7.427878020314318541e-02
1.115106034247542766e+03	2.596252169277545319e-01	1.691683128796418745e-01	2.483275102822717351e-01	1.489171867432771135e-01	7.071557844386226754e-02	2.886327832760143472e-02	7.438291639529966137e-02
1.117524919354370468e+03	2.592455680163062715e-01	1.689293469057570607e-01	2.485879612789636262e-01	1.490685091162711473e-01	7.077572435115721261e-02	2.890611960993076657e-02	7.448677072132256494e-02
1.119943804461197942e+03	2.588670333028075810e-01	1.686910375970688825e-01	2.488476016423871728e-01	1.492193802723959795e-01	7.083572320451825277e-02	2.894888043461642940e-02	7.459034354591433102e-02
1.122362689568025871e+03	2.584896095176734132e-01	1.684533830996043646e-01	2.491064339169944131e-01	1.493698023065712643e-01	7.089557530521196915e-02	2.899156061059220135e-02	7.469363524306099622e-02
1.124781574674853118e+03	2.581132934015820113e-01	1.682163815647576000e-01	2.493644606368373429e-01	1.495197772925286883e-01	7.095528095539616054e-02	2.903415995282224160e-02	7.479664619578459128e-02
1.127200459781681047e+03	2.577380817054295559e-01	1.679800311492726517e-01	2.496216843256657825e-01	1.496693072831509208e-01	7.101484045808596768e-02	2.907667828220280790e-02	7.489937679590097375e-02
1.129619344888508749e+03	2.573639711902856453e-01	1.677443300152265393e-01	2.498781074970236327e-01	1.498183943108040705e-01	7.107425411712060825e-02	2.911911542546557347e-02	7.500182744378260102e-02
1.132038229995336451e+03	2.569909586273490532e-01	1.675092763300123910e-01	2.501337326543431883e-01	1.499670403876643687e-01	7.113352223713079181e-02	2.916147121508249479e-02	7.510399854812642439e-02
1.134457115102163925e+03	2.566190407979037080e-01	1.672748682663224573e-01	2.503885622910381747e-01	1.501152475060386904e-01	7.119264512350682861e-02	2.920374548917221286e-02	7.520589052572664024e-02
1.136876000208991627e+03	2.562482144932755057e-01	1.670411040021314297e-01	2.506425988905945923e-01	1.502630176386795802e-01	7.125162308236733522e-02	2.924593809140796710e-02	7.530750380125229848e-02
1.139294885315819101e+03	2.558784765147889551e-01	1.668079817206798432e-01	2.508958449266605051e-01	1.504103527390942829e-01	7.131045642052849520e-02	2.928804887092698733e-02	7.540883880702962949e-02
1.141713770422646803e+03	2.555098236737246564e-01	1.665754996104573116e-01	2.511483028631339431e-01	1.505572547418484175e-01	7.136914544547401373e-02	2.933007768224136017e-02	7.550989598282899229e-02
1.144132655529474505e+03	2.551422527912769467e-01	1.663436558651861519e-01	2.513999751542492778e-01	1.507037255628640438e-01	7.142769046532566890e-02	2.937202438515028324e-02	7.561067577565633302e-02
1.146551540636302207e+03	2.547757606985120438e-01	1.661124486838048975e-01	2.516508642446621535e-01	1.508497670997123452e-01	7.148609178881437654e-02	2.941388884465379397e-02	7.571117863954911209e-02
1.148970425743129908e+03	2.544103442363263023e-01	1.658818762704519778e-01	2.519009725695329771e-01	1.509953812319012045e-01	7.154434972525189340e-02	2.945567093086782010e-02	7.581140503537657505e-02
1.151389310849957155e+03	2.540460002554051910e-01	1.656519368344494259e-01	2.521503025546087962e-01	1.511405698211572557e-01	7.160246458450307550e-02	2.949737051894062503e-02	7.591135543064427005e-02
1.153808195956785084e+03	2.536827256161824362e-01	1.654226285902866134e-01	2.523988566163040681e-01	1.512853347117033287e-01	7.166043667695864983e-02	2.953898748897058543e-02	7.601103029930285360e-02
1.156227081063612786e+03	2.533205171887994989e-01	1.651939497576043470e-01	2.526466371617795970e-01	1.514296777305304265e-01	7.171826631350859682e-02	2.958052172592528714e-02	7.611043012156075427e-02
1.158645966170440488e+03	2.529593718530653845e-01	1.649658985611785755e-01	2.528936465890204710e-01	1.515736006876652053e-01	7.177595380551597681e-02	2.962197311956190141e-02	7.620955538370109694e-02
1.161064851277267962e+03	2.525992864984167863e-01	1.647384732309045974e-01	2.531398872869122796e-01	1.517171053764323208e-01	7.183349946479135328e-02	2.966334156434885169e-02	7.630840657790244341e-02
1.163483736384095664e+03	2.522402580238788383e-01	1.645116720017811007e-01	2.533853616353166638e-01	1.518601935737122766e-01	7.189090360356775733e-02	2.970462695938871217e-02	7.640698420206330777e-02
1.165902621490923138e+03	2.518822833380256476e-01	1.642854931138943708e-01	2.536300720051449797e-01	1.520028670401946669e-01	7.194816653447599908e-02	2.974582920834234478e-02	7.650528875963065467e-02
1.168321506597751068e+03	2.515253593589418246e-01	1.640599348124024970e-01	2.538740207584308517e-01	1.521451275206267550e-01	7.200528857052064524e-02	2.978694821935425410e-02	7.660332075943182550e-02
1.170740391704578315e+03	2.511694830141838475e-01	1.638349953475198018e-01	2.541172102484015594e-01	1.522869767440575839e-01	7.206227002505641299e-02	2.982798390497911137e-02	7.670108071551036411e-02
1.173159276811406244e+03	2.508146512407417039e-01	1.636106729745011312e-01	2.543596428195483150e-01	1.524284164240778394e-01	7.211911121176503570e-02	2.986893618210945123e-02	7.679856914696514547e-02
1.175578161918233945e+03	2.504608609850013656e-01	1.633869659536263397e-01	2.546013208076952639e-01	1.525694482590553847e-01	7.217581244463257273e-02	2.990980497190453419e-02	7.689578657779312654e-02
1.177997047025061647e+03	2.501081092027069297e-01	1.631638725501849130e-01	2.548422465400671522e-01	1.527100739323665468e-01	7.223237403792721889e-02	2.995059019972031583e-02	7.699273353673546927e-02
1.180415932131889122e+03	2.497563928589234539e-01	1.629413910344605088e-01	2.550824223353561626e-01	1.528502951126232967e-01	7.228879630617759955e-02	2.999129179504054360e-02	7.708941055712698054e-02
1.182834817238716823e+03	2.494057089280001249e-01	1.627195196817156353e-01	2.553218505037873065e-01	1.529901134538963481e-01	7.234507956415137109e-02	3.003190969140894298e-02	7.718581817674884105e-02
1.185253702345544298e+03	2.490560543935333992e-01	1.624982567721763860e-01	2.555605333471830387e-01	1.531295305959343711e-01	7.240122412683441810e-02	3.007244382636246188e-02	7.728195693768449837e-02
1.187672587452371999e+03	2.487074262483306708e-01	1.622776005910172570e-01	2.557984731590267069e-01	1.532685481643791536e-01	7.245723030941036980e-02	3.011289414136558706e-02	7.737782738617876577e-02
1.190091472559199701e+03	2.483598214943742444e-01	1.620575494283460760e-01	2.560356722245248906e-01	1.534071677709770709e-01	7.251309842724054655e-02	3.015326058174570487e-02	7.747343007249994640e-02
1.192510357666027403e+03	2.480132371427855031e-01	1.618381015791888755e-01	2.562721328206686300e-01	1.535453910137867528e-01	7.256882879584435064e-02	3.019354309662946809e-02	7.756876555080489954e-02
1.194929242772855105e+03	2.476676702137892705e-01	1.616192553434749324e-01	2.565078572162938220e-01	1.536832194773829485e-01	7.262442173088003161e-02	3.023374163888016553e-02	7.766383437900728492e-02
1.197348127879682352e+03	2.473231177366786160e-01	1.614010090260218078e-01	2.567428476721407837e-01	1.538206547330570051e-01	7.267987754812585410e-02	3.027385616503608726e-02	7.775863711864836048e-02
1.199767012986510281e+03	2.469795767497798555e-01	1.611833609365204700e-01	2.569771064409120953e-01	1.539576983390135989e-01	7.273519656346168205e-02	3.031388663524986482e-02	7.785317433477097204e-02
1.202185898093337983e+03	2.466370443004178292e-01	1.609663093895205566e-01	2.572106357673306087e-01	1.540943518405639701e-01	7.279037909285086816e-02	3.035383301322875857e-02	7.794744659579595780e-02
1.204604783200165684e+03	2.462955174448813733e-01	1.607498527044155801e-01	2.574434378881956254e-01	1.542306167703159092e-01	7.284542545232258748e-02	3.039369526617588524e-02	7.804145447340157804e-02
1.207023668306993159e+03	2.459549932483890977e-01	1.605339892054283291e-01	2.576755150324386290e-01	1.543664946483603029e-01	7.290033595795449017e-02	3.043347336473237186e-02	7.813519854240544293e-02
1.209442553413820860e+03	2.456154687850554130e-01	1.603187172215960188e-01	2.579068694211777979e-01	1.545019869824541536e-01	7.295511092585577062e-02	3.047316728292041865e-02	7.822867938064903548e-02
1.211861438520648335e+03	2.452769411378570019e-01	1.601040350867560247e-01	2.581375032677721837e-01	1.546370952682008248e-01	7.300975067215051406e-02	3.051277699808723973e-02	7.832189756888487120e-02
1.214280323627476264e+03	2.449394073985990128e-01	1.598899411395311998e-01	2.583674187778743359e-01	1.547718209892267049e-01	7.306425551296144572e-02	3.055230249084990926e-02	7.841485369066610034e-02
1.216699208734303511e+03	2.446028646678820029e-01	1.596764337233154696e-01	2.585966181494827043e-01	1.549061656173549573e-01	7.311862576439397132e-02	3.059174374504106120e-02	7.850754833223856644e-02
1.219118093841131440e+03	2.442673100550691034e-01	1.594635111862594823e-01	2.588251035729927096e-01	1.550401306127761059e-01	7.317286174252063402e-02	3.063110074765541813e-02	7.859998208243532125e-02
1.221536978947959142e+03	2.439327406782529351e-01	1.592511718812562316e-01	2.590528772312475358e-01	1.551737174242157624e-01	7.322696376336577939e-02	3.067037348879719100e-02	7.869215553257337403e-02
1.223955864054786844e+03	2.435991536642233279e-01	1.590394141659268457e-01	2.592799412995876462e-01	1.553069274890992169e-01	7.328093214289065072e-02	3.070956196162826640e-02	7.878406927635286938e-02
1.226374749161614318e+03	2.432665461484349312e-01	1.588282364026063209e-01	2.595062979458998553e-01	1.554397622337133078e-01	7.333476719697872015e-02	3.074866616231724040e-02	7.887572390975843006e-02
1.228793634268442020e+03	2.429349152749752105e-01	1.586176369583294221e-01	2.597319493306654015e-01	1.555722230733653788e-01	7.338846924142136685e-02	3.078768608998921213e-02	7.896712003096274801e-02
1.231212519375269494e+03	2.426042581965325295e-01	1.584076142048165825e-01	2.599568976070076864e-01	1.557043114125394034e-01	7.344203859190388817e-02	3.082662174667637547e-02	7.905825824023231252e-02
1.233631404482097196e+03	2.422745720743645081e-01	1.581981665184597208e-01	2.601811449207385718e-01	1.558360286450495014e-01	7.349547556399171899e-02	3.086547313726938080e-02	7.914913913983534499e-02
1.236050289588924898e+03	2.419458540782667422e-01	1.579892922803085020e-01	2.604046934104048416e-01	1.559673761541905956e-01	7.354878047311701195e-02	3.090424026946944971e-02	7.923976333395164884e-02
1.238469174695752372e+03	2.416181013865414118e-01	1.577809898760561824e-01	2.606275452073330556e-01	1.560983553128867107e-01	7.360195363456552287e-02	3.094292315374123914e-02	7.933013142858467981e-02
1.240888059802580301e+03	2.412913111859665005e-01	1.575732576960258147e-01	2.608497024356746796e-01	1.562289674838362730e-01	7.365499536346364895e-02	3.098152180326643745e-02	7.942024403147542044e-02
1.243306944909407548e+03	2.409654806717648756e-01	1.573660941351564535e-01	2.610711672124497174e-01	1.563592140196553293e-01	7.370790597476596651e-02	3.102003623389807188e-02	7.951010175201835006e-02
1.245725830016235477e+03	2.406406070475737569e-01	1.571594975929893334e-01	2.612919416475901202e-01	1.564890962630179072e-01	7.376068578324278258e-02	3.105846646411552711e-02	7.959970520117928827e-02
1.248144715123063179e+03	2.403166875254144352e-01	1.569534664736541851e-01	2.615120278439824197e-01	1.566186155467942098e-01	7.381333510346817228e-02	3.109681251498028209e-02	7.968905499141500093e-02
1.250563600229890881e+03	2.399937193256618806e-01	1.567479991858554966e-01	2.617314278975098052e-01	1.567477731941862018e-01	7.386585424980809944e-02	3.113507441009229562e-02	7.977815173659486003e-02
1.252982485336718355e+03	2.396716996770150154e-01	1.565430941428589684e-01	2.619501438970936458e-01	1.568765705188608639e-01	7.391824353640896739e-02	3.117325217554709968e-02	7.986699605192405793e-02
1.255401370443546057e+03	2.393506258164668221e-01	1.563387497624778855e-01	2.621681779247340693e-01	1.570050088250813658e-01	7.397050327718621143e-02	3.121134583989353464e-02	7.995558855386876440e-02
1.257820255550373531e+03	2.390304949892747277e-01	1.561349644670596559e-01	2.623855320555502080e-01	1.571330894078356299e-01	7.402263378581336317e-02	3.124935543409214714e-02	8.004392986008283806e-02
1.260239140657201460e+03	2.387113044489312941e-01	1.559317366834724050e-01	2.626022083578201660e-01	1.572608135529628970e-01	7.407463537571121193e-02	3.128728099147423669e-02	8.013202058933639738e-02
1.262658025764028707e+03	2.383930514571349080e-01	1.557290648430913471e-01	2.628182088930196558e-01	1.573881825372780985e-01	7.412650836003720212e-02	3.132512254770151994e-02	8.021986136144591828e-02
1.265076910870856636e+03	2.380757332837608597e-01	1.555269473817856019e-01	2.630335357158606890e-01	1.575151976286939537e-01	7.417825305167514982e-02	3.136288014072641933e-02	8.030745279720599705e-02
1.267495795977684338e+03	2.377593472068323666e-01	1.553253827399048437e-01	2.632481908743296017e-01	1.576418600863410679e-01	7.422986976322508423e-02	3.140055381075296248e-02	8.039479551832266757e-02
1.269914681084511813e+03	2.374438905124920673e-01	1.551243693622660069e-01	2.634621764097245245e-01	1.577681711606858939e-01	7.428135880699344995e-02	3.143814360019830251e-02	8.048189014734835611e-02
1.272333566191339514e+03	2.371293604949734346e-01	1.549239056981400464e-01	2.636754943566920750e-01	1.578941320936467496e-01	7.433272049498335088e-02	3.147564955365481087e-02	8.056873730761816843e-02
1.274752451298167216e+03	2.368157544565725192e-01	1.547239902012387813e-01	2.638881467432637740e-01	1.580197441187077279e-01	7.438395513888518273e-02	3.151307171785274613e-02	8.065533762318786992e-02
1.277171336404994690e+03	2.365030697076197230e-01	1.545246213297018778e-01	2.641001355908920711e-01	1.581450084610308282e-01	7.443506305006733492e-02	3.155041014162351942e-02	8.074169171877323969e-02
1.279590221511822392e+03	2.361913035664519322e-01	1.543257975460836096e-01	2.643114629144857619e-01	1.582699263375659249e-01	7.448604453956721161e-02	3.158766487586350813e-02	8.082780021969072914e-02
1.282009106618650094e+03	2.358804533593847064e-01	1.541275173173398405e-01	2.645221307224445706e-01	1.583944989571590134e-01	7.453689991808239157e-02	3.162483597349842468e-02	8.091366375179978587e-02
1.284427991725477568e+03	2.355705164206845503e-01	1.539297791148151462e-01	2.647321410166939004e-01	1.585187275206586255e-01	7.458762949596202396e-02	3.166192348944821960e-02	8.099928294144626006e-02
1.286846876832305497e+03	2.352614900925415753e-01	1.537325814142298519e-01	2.649414957927187508e-01	1.586426132210203288e-01	7.463823358319837675e-02	3.169892748059256748e-02	8.108465841540732355e-02
1.289265761939132744e+03	2.349533717250421039e-01	1.535359226956670708e-01	2.651501970395969687e-01	1.587661572434095336e-01	7.468871248941860719e-02	3.173584800573683168e-02	8.116979080083763787e-02
1.291684647045960673e+03	2.346461586761415807e-01	1.533398014435598811e-01	2.653582467400326661e-01	1.588893607653024398e-01	7.473906652387675431e-02	3.177268512557857721e-02	8.125468072521688234e-02
1.294103532152788375e+03	2.343398483116375386e-01	1.531442161466785856e-01	2.655656468703885276e-01	1.590122249565853740e-01	7.478929599544581475e-02	3.180943890267456942e-02	8.133932881629836464e-02
1.296522417259616077e+03	2.340344380051428419e-01	1.529491652981178895e-01	2.657723994007182289e-01	1.591347509796524062e-01	7.483940121261015155e-02	3.184610940140829988e-02	8.142373570205904687e-02
1.298941302366443551e+03	2.337299251380589027e-01	1.527546473952841877e-01	2.659785062947979672e-01	1.592569399895012450e-01	7.488938248345791693e-02	3.188269668795799816e-02	8.150790201065066798e-02
1.301360187473271253e+03	2.334263070995493128e-01	1.525606609398829638e-01	2.661839695101579917e-01	1.593787931338276620e-01	7.493924011567378030e-02	3.191920083026515004e-02	8.159182837035208746e-02
1.303779072580098727e+03	2.331235812865132817e-01	1.523672044379060508e-01	2.663887909981135227e-01	1.595003115531180848e-01	7.498897441653173956e-02	3.195562189800346675e-02	8.167551540952275313e-02
1.306197957686926657e+03	2.328217451035596297e-01	1.521742763996191683e-01	2.665929727037953390e-01	1.596214963807408849e-01	7.503858569288819613e-02	3.199195996254833307e-02	8.175896375655737625e-02
1.308616842793753904e+03	2.325207959629804477e-01	1.519818753395493216e-01	2.667965165661798088e-01	1.597423487430359446e-01	7.508807425117508538e-02	3.202821509694672719e-02	8.184217403984159200e-02
1.311035727900581833e+03	2.322207312847254790e-01	1.517899997764723119e-01	2.669994245181186998e-01	1.598628697594027814e-01	7.513744039739327085e-02	3.206438737588761245e-02	8.192514688770875797e-02
1.313454613007409534e+03	2.319215484963760843e-01	1.515986482334003294e-01	2.672016984863687661e-01	1.599830605423871177e-01	7.518668443710599392e-02	3.210047687567275237e-02	8.200788292839787663e-02
1.315873498114237009e+03	2.316232450331197068e-01	1.514078192375694909e-01	2.674033403916205032e-01	1.601029221977661732e-01	7.523580667543255940e-02	3.213648367418797669e-02	8.209038279001247551e-02
1.318292383221064711e+03	2.313258183377243926e-01	1.512175113204275168e-01	2.676043521485271803e-01	1.602224558246322927e-01	7.528480741704218770e-02	3.217240785087489147e-02	8.217264710048048648e-02
1.320711268327892412e+03	2.310292658605133664e-01	1.510277230176213237e-01	2.678047356657327627e-01	1.603416625154753805e-01	7.533368696614795024e-02	3.220824948670301252e-02	8.225467648751522143e-02
1.323130153434719887e+03	2.307335850593398019e-01	1.508384528689848403e-01	2.680044928459002218e-01	1.604605433562637518e-01	7.538244562650087133e-02	3.224400866414232902e-02	8.233647157857720833e-02
1.325549038541547588e+03	2.304387733995618137e-01	1.506496994185266558e-01	2.682036255857390694e-01	1.605790994265238747e-01	7.543108370138421059e-02	3.227968546713626263e-02	8.241803300083706818e-02
1.327967923648375290e+03	2.301448283540174500e-01	1.504614612144179742e-01	2.684021357760326687e-01	1.606973317994185857e-01	7.547960149360787019e-02	3.231527998107504990e-02	8.249936138113929396e-02
1.330386808755202765e+03	2.298517474029998231e-01	1.502737368089803183e-01	2.686000253016652128e-01	1.608152415418241110e-01	7.552799930550292695e-02	3.235079229276954099e-02	8.258045734596690390e-02
1.332805693862030694e+03	2.295595280342325184e-01	1.500865247586735118e-01	2.687972960416484813e-01	1.609328297144056175e-01	7.557627743891630334e-02	3.238622249042536622e-02	8.266132152140701073e-02
1.335224578968857941e+03	2.292681677428450027e-01	1.498998236240834114e-01	2.689939498691480413e-01	1.610500973716919026e-01	7.562443619520560489e-02	3.242157066361751189e-02	8.274195453311736226e-02
1.337643464075685870e+03	2.289776640313480327e-01	1.497136319699101381e-01	2.691899886515094487e-01	1.611670455621483367e-01	7.567247587523401320e-02	3.245683690326528481e-02	8.282235700629356212e-02
1.340062349182513572e+03	2.286880144096096468e-01	1.495279483649558649e-01	2.693854142502839499e-01	1.612836753282490820e-01	7.572039677936545643e-02	3.249202130160760982e-02	8.290252956563726183e-02
1.342481234289341273e+03	2.283992163948307397e-01	1.493427713821129377e-01	2.695802285212539062e-01	1.613999877065477595e-01	7.576819920745969661e-02	3.252712395217878527e-02	8.298247283532513008e-02
1.344900119396168748e+03	2.281112675115210542e-01	1.491580995983519675e-01	2.697744333144580509e-01	1.615159837277470867e-01	7.581588345886774993e-02	3.256214494978450918e-02	8.306218743897862689e-02
1.347319004502996449e+03	2.278241652914753668e-01	1.489739315947098686e-01	2.699680304742161918e-01	1.616316644167674621e-01	7.586344983242730711e-02	3.259708439047832862e-02	8.314167399963451333e-02
1.349737889609823924e+03	2.275379072737495068e-01	1.487902659562781171e-01	2.701610218391542473e-01	1.617470307928142448e-01	7.591089862645826469e-02	3.263194237153843602e-02	8.322093313971629103e-02
1.352156774716651853e+03	2.272524910046367919e-01	1.486071012721909002e-01	2.703534092422279489e-01	1.618620838694440622e-01	7.595823013875843688e-02	3.266671899144479169e-02	8.329996548100618292e-02
1.354575659823479100e+03	2.269679140376444082e-01	1.484244361356134023e-01	2.705451945107474332e-01	1.619768246546299251e-01	7.600544466659937826e-02	3.270141434985660706e-02	8.337877164461797441e-02
1.356994544930307029e+03	2.266841739334699013e-01	1.482422691437298989e-01	2.707363794664008338e-01	1.620912541508254257e-01	7.605254250672230376e-02	3.273602854759014025e-02	8.345735225097059007e-02
1.359413430037134731e+03	2.264012682599779724e-01	1.480605988977322651e-01	2.709269659252779294e-01	1.622053733550276600e-01	7.609952395533409186e-02	3.277056168659689406e-02	8.353570791976228094e-02
1.361832315143962205e+03	2.261191945921771362e-01	1.478794240028082907e-01	2.711169556978932915e-01	1.623191832588393169e-01	7.614638930810337103e-02	3.280501386994205681e-02	8.361383926994560289e-02
1.364251200250789907e+03	2.258379505121965725e-01	1.476987430681299396e-01	2.713063505892095439e-01	1.624326848485297681e-01	7.619313886015686987e-02	3.283938520178331100e-02	8.369174691970300561e-02
1.366670085357617609e+03	2.255575336092633387e-01	1.475185547068419700e-01	2.714951523986599558e-01	1.625458791050949925e-01	7.623977290607569790e-02	3.287367578734997492e-02	8.376943148642311543e-02
1.369088970464445310e+03	2.252779414796792223e-01	1.473388575360501940e-01	2.716833629201712008e-01	1.626587670043166400e-01	7.628629173989180667e-02	3.290788573292240810e-02	8.384689358667762882e-02
1.371507855571272785e+03	2.249991717267980917e-01	1.471596501768100418e-01	2.718709839421855623e-01	1.627713495168201518e-01	7.633269565508453425e-02	3.294201514581175660e-02	8.392413383619887202e-02
1.373926740678100487e+03	2.247212219610032757e-01	1.469809312541152102e-01	2.720580172476831926e-01	1.628836276081319645e-01	7.637898494457728837e-02	3.297606413434003153e-02	8.400115284985798514e-02
1.376345625784927961e+03	2.244440897996849704e-01	1.468026993968860328e-01	2.722444646142039293e-01	1.629956022387356596e-01	7.642515990073425747e-02	3.301003280782039556e-02	8.407795124164370304e-02
1.378764510891755890e+03	2.241677728672177294e-01	1.466249532379582388e-01	2.724303278138688889e-01	1.631072743641273359e-01	7.647122081535726035e-02	3.304392127653785899e-02	8.415452962464166353e-02
1.381183395998583137e+03	2.238922687949381207e-01	1.464476914140716013e-01	2.726156086134019496e-01	1.632186449348700108e-01	7.651716797968272088e-02	3.307772965173015611e-02	8.423088861101442337e-02
1.383602281105411066e+03	2.236175752211225776e-01	1.462709125658584464e-01	2.728003087741512345e-01	1.633297148966472434e-01	7.656300168437864262e-02	3.311145804556900329e-02	8.430702881198193221e-02
1.386021166212238768e+03	2.233436897909651941e-01	1.460946153378325507e-01	2.729844300521097056e-01	1.634404851903157874e-01	7.660872221954176386e-02	3.314510657114155823e-02	8.438295083780260331e-02
1.388440051319066470e+03	2.230706101565556876e-01	1.459187983783777898e-01	2.731679741979363696e-01	1.635509567519574659e-01	7.665432987469475434e-02	3.317867534243220534e-02	8.445865529775496705e-02
1.390858936425893944e+03	2.227983339768574989e-01	1.457434603397369521e-01	2.733509429569767057e-01	1.636611305129302141e-01	7.669982493878350904e-02	3.321216447430459795e-02	8.453414280011974091e-02
1.393277821532721646e+03	2.225268589176859213e-01	1.455685998780005819e-01	2.735333380692833161e-01	1.637710073999183447e-01	7.674520770017453919e-02	3.324557408248395712e-02	8.460941395216255156e-02
1.395696706639549120e+03	2.222561826516864236e-01	1.453942156530957375e-01	2.737151612696359648e-01	1.638805883349818693e-01	7.679047844665241873e-02	3.327890428353966895e-02	8.468446936011708726e-02
1.398115591746377049e+03	2.219863028583129727e-01	1.452203063287750562e-01	2.738964142875616736e-01	1.639898742356052652e-01	7.683563746541732797e-02	3.331215519486808996e-02	8.475930962916873590e-02
1.400534476853204296e+03	2.217172172238065231e-01	1.450468705726054852e-01	2.740770988473547609e-01	1.640988660147452427e-01	7.688068504308269435e-02	3.334532693467565090e-02	8.483393536343877828e-02
1.402953361960032225e+03	2.214489234411735341e-01	1.448739070559574293e-01	2.742572166680962154e-01	1.642075645808778739e-01	7.692562146567288872e-02	3.337841962196220341e-02	8.490834716596901144e-02
1.405372247066859927e+03	2.211814192101646814e-01	1.447014144539935376e-01	2.744367694636734023e-01	1.643159708380450557e-01	7.697044701862099103e-02	3.341143337650460954e-02	8.498254563870683009e-02
1.407791132173687402e+03	2.209147022372535962e-01	1.445293914456578510e-01	2.746157589427995482e-01	1.644240856859000566e-01	7.701516198676666702e-02	3.344436831884058103e-02	8.505653138249077982e-02
1.410210017280515103e+03	2.206487702356157710e-01	1.443578367136648943e-01	2.747941868090326145e-01	1.645319100197524254e-01	7.705976665435411432e-02	3.347722457025273379e-02	8.513030499703652665e-02
1.412628902387342805e+03	2.203836209251073264e-01	1.441867489444886852e-01	2.749720547607945598e-01	1.646394447306122888e-01	7.710426130502999464e-02	3.351000225275290595e-02	8.520386708092331229e-02
1.415047787494170507e+03	2.201192520322441948e-01	1.440161268283519092e-01	2.751493644913898806e-01	1.647466907052339002e-01	7.714864622184158804e-02	3.354270148906672577e-02	8.527721823158081194e-02
1.417466672600997981e+03	2.198556612901812757e-01	1.438459690592151230e-01	2.753261176890245410e-01	1.648536488261583832e-01	7.719292168723491943e-02	3.357532240261836692e-02	8.535035904527639439e-02
1.419885557707825683e+03	2.195928464386915080e-01	1.436762743347658189e-01	2.755023160368244017e-01	1.649603199717559476e-01	7.723708798305292667e-02	3.360786511751555350e-02	8.542329011710278475e-02
1.422304442814653157e+03	2.193308052241453587e-01	1.435070413564077663e-01	2.756779612128535950e-01	1.650667050162674954e-01	7.728114539053379528e-02	3.364032975853480101e-02	8.549601204096617113e-02
1.424723327921481086e+03	2.190695353994900341e-01	1.433382688292502982e-01	2.758530548901325652e-01	1.651728048298453932e-01	7.732509419030929310e-02	3.367271645110683775e-02	8.556852540957461672e-02
1.427142213028308333e+03	2.188090347242290512e-01	1.431699554620974313e-01	2.760275987366563877e-01	1.652786202785938297e-01	7.736893466240316042e-02	3.370502532130226214e-02	8.564083081442697143e-02
1.429561098135136262e+03	2.185493009644018381e-01	1.430020999674373738e-01	2.762015944154124214e-01	1.653841522246083939e-01	7.741266708622961124e-02	3.373725649581746366e-02	8.571292884580200555e-02
1.431979983241963964e+03	2.182903318925633329e-01	1.428347010614318680e-01	2.763750435843982944e-01	1.654894015260150453e-01	7.745629174059184829e-02	3.376941010196065490e-02	8.578482009274808473e-02
1.434398868348791666e+03	2.180321252877638338e-01	1.426677574639054202e-01	2.765479478966392790e-01	1.655943690370086929e-01	7.749980890368070308e-02	3.380148626763818109e-02	8.585650514307299752e-02
1.436817753455619140e+03	2.177746789355286816e-01	1.425012678983349768e-01	2.767203090002059995e-01	1.656990556078908328e-01	7.754321885307322026e-02	3.383348512134103092e-02	8.592798458333433809e-02
1.439236638562446842e+03	2.175179906278383313e-01	1.423352310918390984e-01	2.768921285382317521e-01	1.658034620851069063e-01	7.758652186573147813e-02	3.386540679213149996e-02	8.599925899883002767e-02
1.441655523669274316e+03	2.172620581631082293e-01	1.421696457751676912e-01	2.770634081489293798e-01	1.659075893112830213e-01	7.762971821800124239e-02	3.389725140963010391e-02	8.607032897358936341e-02
1.444074408776102018e+03	2.170068793461689405e-01	1.420045106826913761e-01	2.772341494656088701e-01	1.660114381252619786e-01	7.767280818561093925e-02	3.392901910400266535e-02	8.614119509036423372e-02
1.446493293882929493e+03	2.167524519882463030e-01	1.418398245523911638e-01	2.774043541166938964e-01	1.661150093621389101e-01	7.771579204367042026e-02	3.396071000594757389e-02	8.621185793062072222e-02
1.448912178989757422e+03	2.164987739069417771e-01	1.416755861258478522e-01	2.775740237257387499e-01	1.662183038532963619e-01	7.775867006666996317e-02	3.399232424668328922e-02	8.628231807453101698e-02
1.451331064096585123e+03	2.162458429262126003e-01	1.415117941482318675e-01	2.777431599114450478e-01	1.663213224264387113e-01	7.780144252847925879e-02	3.402386195793595525e-02	8.635257610096563896e-02
1.453749949203412370e+03	2.159936568763523024e-01	1.413484473682926901e-01	2.779117642876782757e-01	1.664240659056261951e-01	7.784410970234645344e-02	3.405532327192725695e-02	8.642263258748589250e-02
1.456168834310240300e+03	2.157422135939712216e-01	1.411855445383487784e-01	2.780798384634842191e-01	1.665265351113084380e-01	7.788667186089726080e-02	3.408670832136243001e-02	8.649248811033673212e-02
1.458587719417068001e+03	2.154915109219769920e-01	1.410230844142770501e-01	2.782473840431053946e-01	1.666287308603573436e-01	7.792912927613408758e-02	3.411801723941847164e-02	8.656214324443975427e-02
1.461006604523895703e+03	2.152415467095552537e-01	1.408610657555026957e-01	2.784144026259970928e-01	1.667306539660996234e-01	7.797148221943527024e-02	3.414925015973247630e-02	8.663159856338663312e-02
1.463425489630723177e+03	2.149923188121503903e-01	1.406994873249890199e-01	2.785808958068436980e-01	1.668323052383488547e-01	7.801373096155425624e-02	3.418040721639021423e-02	8.670085463943266735e-02
1.465844374737550879e+03	2.147438250914462110e-01	1.405383478892271165e-01	2.787468651755743432e-01	1.669336854834368444e-01	7.805587577261897947e-02	3.421148854391482808e-02	8.676991204349070175e-02
1.468263259844378354e+03	2.144960634153469936e-01	1.403776462182258489e-01	2.789123123173791186e-01	1.670347955042449095e-01	7.809791692213115255e-02	3.424249427725570283e-02	8.683877134512527074e-02
1.470682144951206283e+03	2.142490316579583332e-01	1.402173810855015801e-01	2.790772388127245596e-01	1.671356361002342417e-01	7.813985467896565618e-02	3.427342455177753017e-02	8.690743311254701953e-02
1.473101030058033530e+03	2.140027276995681849e-01	1.400575512680681811e-01	2.792416462373696340e-01	1.672362080674762441e-01	7.818168931136994237e-02	3.430427950324949071e-02	8.697589791260725012e-02
1.475519915164861459e+03	2.137571494266280736e-01	1.398981555464267612e-01	2.794055361623807854e-01	1.673365121986820914e-01	7.822342108696359042e-02	3.433505926783465140e-02	8.704416631079293920e-02
1.477938800271689161e+03	2.135122947317341091e-01	1.397391927045558702e-01	2.795689101541479760e-01	1.674365492832320945e-01	7.826505027273775172e-02	3.436576398207946692e-02	8.711223887122172826e-02
1.480357685378516862e+03	2.132681615136083619e-01	1.395806615299013120e-01	2.797317697743993969e-01	1.675363201072044006e-01	7.830657713505471962e-02	3.439639378290345467e-02	8.718011615663731617e-02
1.482776570485344337e+03	2.130247476770801562e-01	1.394225608133662364e-01	2.798941165802173447e-01	1.676358254534035808e-01	7.834800193964755466e-02	3.442694880758905007e-02	8.724779872840505990e-02
