1.001418434226643626e+03	2.881366793355202294e-01	1.727474586250666022e-01	2.335192807281937510e-01	1.409820028324007546e-01	6.918035600349814462e-02	2.688108107005090022e-02	6.855314140526583278e-02
1.003837319333471214e+03	2.877081168699442415e-01	1.724862249563598737e-01	2.338148845647161911e-01	1.411600927126679117e-01	6.925325709224060267e-02	2.691568887019128026e-02	6.866173493387618676e-02
1.006256204440298802e+03	2.872807433795603882e-01	1.722257160905549256e-01	2.341096473431404645e-01	1.413376671383690109e-01	6.932595316784768980e-02	2.695021030303695192e-02	6.877006257748688456e-02
1.008675089547126618e+03	2.868545555594544383e-01	1.719659300126253620e-01	2.344035714099333700e-01	1.415147277469474274e-01	6.939844484007147429e-02	2.698464560368068338e-02	6.887812482728361552e-02
1.011093974653954206e+03	2.864295501139380584e-01	1.717068647131722581e-01	2.346966591050338169e-01	1.416912761696848821e-01	6.947073271664450100e-02	2.701899500656410394e-02	6.898592217495870538e-02
1.013512859760782021e+03	2.860057237565226673e-01	1.714485181884085052e-01	2.349889127618714213e-01	1.418673140317308901e-01	6.954281740328793759e-02	2.705325874547952203e-02	6.909345511269535112e-02
1.015931744867609382e+03	2.855830732098935121e-01	1.711908884401427411e-01	2.352803347073844642e-01	1.420428429521320701e-01	6.961469950371970694e-02	2.708743705357173626e-02	6.920072413315211945e-02
1.018350629974437197e+03	2.851615952058835779e-01	1.709339734757636398e-01	2.355709272620379047e-01	1.422178645438614275e-01	6.968637961966246686e-02	2.712153016333983258e-02	6.930772972944750088e-02
1.020769515081264785e+03	2.847412864854479975e-01	1.706777713082241188e-01	2.358606927398416986e-01	1.423923804138471638e-01	6.975785835085164532e-02	2.715553830663899187e-02	6.941447239514475509e-02
1.023188400188092373e+03	2.843221437986382383e-01	1.704222799560256019e-01	2.361496334483685344e-01	1.425663921630016262e-01	6.982913629504340636e-02	2.718946171468228368e-02	6.952095262423668709e-02
1.025607285294920075e+03	2.839041639045763454e-01	1.701674974432023923e-01	2.364377516887719299e-01	1.427399013862498955e-01	6.990021404802256033e-02	2.722330061804246332e-02	6.962717091113078405e-02
1.028026170401747549e+03	2.834873435714294621e-01	1.699134217993059359e-01	2.367250497558041344e-01	1.429129096725582360e-01	6.997109220361041881e-02	2.725705524665374135e-02	6.973312775063440772e-02
1.030445055508575479e+03	2.830716795763842386e-01	1.696600510593893330e-01	2.370115299378339202e-01	1.430854186049624333e-01	7.004177135367269103e-02	2.729072582981356687e-02	6.983882363794009784e-02
1.032863940615402726e+03	2.826571687056214643e-01	1.694073832639917121e-01	2.372971945168644292e-01	1.432574297605958835e-01	7.011225208812725540e-02	2.732431259618441077e-02	6.994425906861111153e-02
1.035282825722230655e+03	2.822438077542904766e-01	1.691554164591228537e-01	2.375820457685509091e-01	1.434289447107175708e-01	7.018253499495190340e-02	2.735781577379553173e-02	7.004943453856700419e-02
1.037701710829058356e+03	2.818315935264841254e-01	1.689041486962475636e-01	2.378660859622184487e-01	1.435999650207399059e-01	7.025262066019205554e-02	2.739123559004473865e-02	7.015435054406940485e-02
1.040120595935886058e+03	2.814205228352134047e-01	1.686535780322704070e-01	2.381493173608795477e-01	1.437704922502563154e-01	7.032250966796846359e-02	2.742457227170014972e-02	7.025900758170798566e-02
1.042539481042713533e+03	2.810105925023821394e-01	1.684037025295203327e-01	2.384317422212517690e-01	1.439405279530687476e-01	7.039220260048482947e-02	2.745782604490196177e-02	7.036340614838643148e-02
1.044958366149541234e+03	2.806017993587623383e-01	1.681545202557352681e-01	2.387133627937753633e-01	1.441100736772148450e-01	7.046170003803545190e-02	2.749099713516416771e-02	7.046754674130871476e-02
1.047377251256368709e+03	2.801941402439688256e-01	1.679060292840469648e-01	2.389941813226306444e-01	1.442791309649952558e-01	7.053100255901272042e-02	2.752408576737632936e-02	7.057142985796538426e-02
1.049796136363196410e+03	2.797876120064343164e-01	1.676582276929656778e-01	2.392742000457555307e-01	1.444477013530005571e-01	7.060011073991469266e-02	2.755709216580531917e-02	7.067505599612000644e-02
1.052215021470024112e+03	2.793822115033847142e-01	1.674111135663650385e-01	2.395534211948628645e-01	1.446157863721380665e-01	7.066902515535257445e-02	2.759001655409703754e-02	7.077842565379581508e-02
1.054633906576851814e+03	2.789779356008141309e-01	1.671646849934668722e-01	2.398318469954579257e-01	1.447833875476585153e-01	7.073774637805814447e-02	2.762285915527815452e-02	7.088153932926238854e-02
1.057052791683679516e+03	2.785747811734604062e-01	1.669189400688260716e-01	2.401094796668555020e-01	1.449505063991824438e-01	7.080627497889119271e-02	2.765562019175782718e-02	7.098439752102257694e-02
1.059471676790506763e+03	2.781727451047802946e-01	1.666738768923157199e-01	2.403863214221974298e-01	1.451171444407268196e-01	7.087461152684686183e-02	2.768829988532943084e-02	7.108700072779947088e-02
1.061890561897334692e+03	2.777718242869248733e-01	1.664294935691118249e-01	2.406623744684696364e-01	1.452833031807309605e-01	7.094275658906300241e-02	2.772089845717226955e-02	7.118934944852352287e-02
1.064309447004162394e+03	2.773720156207150622e-01	1.661857882096785533e-01	2.409376410065191820e-01	1.454489841220827084e-01	7.101071073082747265e-02	2.775341612785327955e-02	7.129144418231980751e-02
1.066728332110990095e+03	2.769733160156172547e-01	1.659427589297532424e-01	2.412121232310716901e-01	1.456141887621443531e-01	7.107847451558541030e-02	2.778585311732874666e-02	7.139328542849543435e-02
1.069147217217817570e+03	2.765757223897187811e-01	1.657004038503314958e-01	2.414858233307481117e-01	1.457789185927782227e-01	7.114604850494643529e-02	2.781820964494600631e-02	7.149487368652701624e-02
1.071566102324645271e+03	2.761792316697038729e-01	1.654587210976524170e-01	2.417587434880819064e-01	1.459431751003723854e-01	7.121343325869186613e-02	2.785048592944513665e-02	7.159620945604837361e-02
1.073984987431472746e+03	2.757838407908293488e-01	1.652177088031837326e-01	2.420308858795360285e-01	1.461069597658661012e-01	7.128062933478181151e-02	2.788268218896064812e-02	7.169729323683828037e-02
1.076403872538300675e+03	2.753895466969002448e-01	1.649773651036070821e-01	2.423022526755197470e-01	1.462702740647749688e-01	7.134763728936240057e-02	2.791479864102316966e-02	7.179812552880827925e-02
1.078822757645127922e+03	2.749963463402460007e-01	1.647376881408033622e-01	2.425728460404055764e-01	1.464331194672162662e-01	7.141445767677273571e-02	2.794683550256113827e-02	7.189870683199078849e-02
1.081241642751955851e+03	2.746042366816962566e-01	1.644986760618380173e-01	2.428426681325460967e-01	1.465954974379337639e-01	7.148109104955205351e-02	2.797879298990247482e-02	7.199903764652722249e-02
1.083660527858783553e+03	2.742132146905569834e-01	1.642603270189463838e-01	2.431117211042907456e-01	1.467574094363226223e-01	7.154753795844663589e-02	2.801067131877625280e-02	7.209911847265622342e-02
1.086079412965611255e+03	2.738232773445867241e-01	1.640226391695191466e-01	2.433800071020025269e-01	1.469188569164541214e-01	7.161379895241686000e-02	2.804247070431436367e-02	7.219894981070203166e-02
1.088498298072438729e+03	2.734344216299726682e-01	1.637856106760879060e-01	2.436475282660747199e-01	1.470798413271002247e-01	7.167987457864410938e-02	2.807419136105319263e-02	7.229853216106299496e-02
1.090917183179266431e+03	2.730466445413068932e-01	1.635492397063104120e-01	2.439142867309474216e-01	1.472403641117579487e-01	7.174576538253769897e-02	2.810583350293525962e-02	7.239786602420021644e-02
1.093336068286093905e+03	2.726599430815625502e-01	1.633135244329564084e-01	2.441802846251243386e-01	1.474004267086736764e-01	7.181147190774171685e-02	2.813739734331089162e-02	7.249695190062623029e-02
1.095754953392921607e+03	2.722743142620707157e-01	1.630784630338931174e-01	2.444455240711891353e-01	1.475600305508672216e-01	7.187699469614189374e-02	2.816888309493986026e-02	7.259579029089391344e-02
1.098173838499749309e+03	2.718897551024963555e-01	1.628440536920707782e-01	2.447100071858220316e-01	1.477191770661558934e-01	7.194233428787237539e-02	2.820029096999302973e-02	7.269438169558534169e-02
1.100592723606577010e+03	2.715062626308152871e-01	1.626102945955084367e-01	2.449737360798162900e-01	1.478778676771783096e-01	7.200749122132253655e-02	2.823162118005399443e-02	7.279272661530100663e-02
1.103011608713404712e+03	2.711238338832903660e-01	1.623771839372795955e-01	2.452367128580944799e-01	1.480361038014181008e-01	7.207246603314368394e-02	2.826287393612072346e-02	7.289082555064889390e-02
1.105430493820231959e+03	2.707424659044485038e-01	1.621447199154980312e-01	2.454989396197249929e-01	1.481938868512275298e-01	7.213725925825574536e-02	2.829404944860718085e-02	7.298867900223386662e-02
1.107849378927059888e+03	2.703621557470572423e-01	1.619129007333034720e-01	2.457604184579382234e-01	1.483512182338508623e-01	7.220187142985401429e-02	2.832514792734495274e-02	7.308628747064699338e-02
1.110268264033887590e+03	2.699829004721016612e-01	1.616817245988476370e-01	2.460211514601430005e-01	1.485080993514477365e-01	7.226630307941572795e-02	2.835616958158488146e-02	7.318365145645515379e-02
1.112687149140715292e+03	2.696046971487610078e-01	1.614511897252798867e-01	2.462811407079426029e-01	1.486645316011162843e-01	7.233055473670668700e-02	2.838711461999866847e-02	7.328077146019063015e-02
1.115106034247542766e+03	2.692275428543859928e-01	1.612212943307333723e-01	2.465403882771511346e-01	1.488205163749161397e-01	7.239462692978779201e-02	2.841798325068049455e-02	7.337764798234086561e-02
1.117524919354370468e+03	2.688514346744754202e-01	1.609920366383107704e-01	2.467988962378095119e-01	1.489760550598914490e-01	7.245852018502167702e-02	2.844877568114862268e-02	7.347428152333830564e-02
1.119943804461197942e+03	2.684763697026535945e-01	1.607634148760704873e-01	2.470566666542016454e-01	1.491311490380935190e-01	7.252223502707913494e-02	2.847949211834700789e-02	7.357067258355035055e-02
1.122362689568025871e+03	2.681023450406472275e-01	1.605354272770125601e-01	2.473137015848703990e-01	1.492857996866035764e-01	7.258577197894561239e-02	2.851013276864688972e-02	7.366682166326947445e-02
1.124781574674853118e+03	2.677293577982627348e-01	1.603080720790647506e-01	2.475700030826336606e-01	1.494400083775551391e-01	7.264913156192770449e-02	2.854069783784839859e-02	7.376272926270330266e-02
1.127200459781681047e+03	2.673574050933635871e-01	1.600813475250687790e-01	2.478255731946002460e-01	1.495937764781565260e-01	7.271231429565949700e-02	2.857118753118212395e-02	7.385839588196493888e-02
1.129619344888508749e+03	2.669864840518474391e-01	1.598552518627664176e-01	2.480804139621858584e-01	1.497471053507130057e-01	7.277532069810899173e-02	2.860160205331073111e-02	7.395382202106332015e-02
1.132038229995336451e+03	2.666165918076235930e-01	1.596297833447856140e-01	2.483345274211288534e-01	1.498999963526490287e-01	7.283815128558443486e-02	2.863194160833051199e-02	7.404900817989373829e-02
1.134457115102163925e+03	2.662477255025906819e-01	1.594049402286268902e-01	2.485879156015061153e-01	1.500524508365300991e-01	7.290080657274068676e-02	2.866220639977298118e-02	7.414395485822837528e-02
1.136876000208991627e+03	2.658798822866139111e-01	1.591807207766495202e-01	2.488405805277488780e-01	1.502044701500847290e-01	7.296328707258545321e-02	2.869239663060644055e-02	7.423866255570697736e-02
1.139294885315819101e+03	2.655130593175027420e-01	1.589571232560578196e-01	2.490925242186584065e-01	1.503560556362261436e-01	7.302559329648555808e-02	2.872251250323755098e-02	7.433313177182768183e-02
1.141713770422646803e+03	2.651472537609886881e-01	1.587341459388876830e-01	2.493437486874216236e-01	1.505072086330739578e-01	7.308772575417321615e-02	2.875255421951289012e-02	7.442736300593782994e-02
1.144132655529474505e+03	2.647824627907028883e-01	1.585117871019927349e-01	2.495942559416268747e-01	1.506579304739756320e-01	7.314968495375218094e-02	2.878252198072052057e-02	7.452135675722504349e-02
1.146551540636302207e+03	2.644186835881540132e-01	1.582900450270310067e-01	2.498440479832794159e-01	1.508082224875278154e-01	7.321147140170394807e-02	2.881241598759153380e-02	7.461511352470817648e-02
1.148970425743129908e+03	2.640559133427058947e-01	1.580689180004512806e-01	2.500931268088169568e-01	1.509580859975977185e-01	7.327308560289386152e-02	2.884223644030160794e-02	7.470863380722858604e-02
1.151389310849957155e+03	2.636941492515556540e-01	1.578484043134796289e-01	2.503414944091253980e-01	1.511075223233441234e-01	7.333452806057724760e-02	2.887198353847255858e-02	7.480191810344134773e-02
1.153808195956785084e+03	2.633333885197115531e-01	1.576285022621059795e-01	2.505891527695538468e-01	1.512565327792384784e-01	7.339579927640550727e-02	2.890165748117386538e-02	7.489496691180662358e-02
1.156227081063612786e+03	2.629736283599712898e-01	1.574092101470707383e-01	2.508361038699306045e-01	1.514051186750857148e-01	7.345689975043211140e-02	2.893125846692421593e-02	7.498778073058115501e-02
1.158645966170440488e+03	2.626148659928996820e-01	1.571905262738513831e-01	2.510823496845780989e-01	1.515532813160450909e-01	7.351782998111870693e-02	2.896078669369305317e-02	7.508036005780975575e-02
1.161064851277267962e+03	2.622570986468072962e-01	1.569724489526491407e-01	2.513278921823283163e-01	1.517010220026508704e-01	7.357859046534102887e-02	2.899024235890208454e-02	7.517270539131698515e-02
1.163483736384095664e+03	2.619003235577282984e-01	1.567549764983757477e-01	2.515727333265382892e-01	1.518483420308327780e-01	7.363918169839492323e-02	2.901962565942681552e-02	7.526481722869886315e-02
1.165902621490923138e+03	2.615445379693989159e-01	1.565381072306401833e-01	2.518168750751050844e-01	1.519952426919364552e-01	7.369960417400223118e-02	2.904893679159806577e-02	7.535669606731471015e-02
1.168321506597751068e+03	2.611897391332357876e-01	1.563218394737353467e-01	2.520603193804812348e-01	1.521417252727438885e-01	7.375985838431678432e-02	2.907817595120348875e-02	7.544834240427907013e-02
1.170740391704578315e+03	2.608359243083143708e-01	1.561061715566250396e-01	2.523030681896897831e-01	1.522877910554933933e-01	7.381994481993015000e-02	2.910734333348908437e-02	7.553975673645368927e-02
1.173159276811406244e+03	2.604830907613474578e-01	1.558911018129307824e-01	2.525451234443394366e-01	1.524334413178998482e-01	7.387986396987759885e-02	2.913643913316070130e-02	7.563093956043961952e-02
1.175578161918233945e+03	2.601312357666636932e-01	1.556766285809187134e-01	2.527864870806395547e-01	1.525786773331746504e-01	7.393961632164389175e-02	2.916546354438554964e-02	7.572189137256941927e-02
1.177997047025061647e+03	2.597803566061860359e-01	1.554627502034864328e-01	2.530271610294153595e-01	1.527235003700455340e-01	7.399920236116906691e-02	2.919441676079368581e-02	7.581261266889935402e-02
1.180415932131889122e+03	2.594304505694107199e-01	1.552494650281501243e-01	2.532671472161227566e-01	1.528679116927763038e-01	7.405862257285421302e-02	2.922329897547951832e-02	7.590310394520183301e-02
1.182834817238716823e+03	2.590815149533857165e-01	1.550367714070315373e-01	2.535064475608634349e-01	1.530119125611865138e-01	7.411787743956718688e-02	2.925211038100329966e-02	7.599336569695777643e-02
1.185253702345544298e+03	2.587335470626896949e-01	1.548246676968449420e-01	2.537450639783996875e-01	1.531555042306709802e-01	7.417696744264838660e-02	2.928085116939260074e-02	7.608339841934921854e-02
1.187672587452371999e+03	2.583865442094107068e-01	1.546131522588843066e-01	2.539829983781692890e-01	1.532986879522192092e-01	7.423589306191638593e-02	2.930952153214380282e-02	7.617320260725179981e-02
1.190091472559199701e+03	2.580405037131252577e-01	1.544022234590104181e-01	2.542202526643003169e-01	1.534414649724346602e-01	7.429465477567359644e-02	2.933812166022357545e-02	7.626277875522759209e-02
1.192510357666027403e+03	2.576954229008772135e-01	1.541918796676380876e-01	2.544568287356260283e-01	1.535838365335539801e-01	7.435325306071191576e-02	2.936665174407034756e-02	7.635212735751777113e-02
1.194929242772855105e+03	2.573512991071567613e-01	1.539821192597231880e-01	2.546927284856995710e-01	1.537258038734661270e-01	7.441168839231836196e-02	2.939511197359577846e-02	7.644124890803552508e-02
1.197348127879682352e+03	2.570081296738796484e-01	1.537729406147500810e-01	2.549279538028085823e-01	1.538673682257312714e-01	7.446996124428056918e-02	2.942350253818622544e-02	7.653014390035894898e-02
1.199767012986510281e+03	2.566659119503661990e-01	1.535643421167187939e-01	2.551625065699899553e-01	1.540085308195996983e-01	7.452807208889244972e-02	2.945182362670419746e-02	7.661881282772413371e-02
1.202185898093337983e+03	2.563246432933204977e-01	1.533563221541323074e-01	2.553963886650442716e-01	1.541492928800306528e-01	7.458602139695963418e-02	2.948007542748982274e-02	7.670725618301817150e-02
1.204604783200165684e+03	2.559843210668098501e-01	1.531488791199839550e-01	2.556296019605507897e-01	1.542896556277109643e-01	7.464380963780503642e-02	2.950825812836229897e-02	7.679547445877242529e-02
1.207023668306993159e+03	2.556449426422439664e-01	1.529420114117448215e-01	2.558621483238816552e-01	1.544296202790736150e-01	7.470143727927426591e-02	2.953637191662133663e-02	7.688346814715568689e-02
1.209442553413820860e+03	2.553065053983543109e-01	1.527357174313510868e-01	2.560940296172162789e-01	1.545691880463161416e-01	7.475890478774110948e-02	2.956441697904861957e-02	7.697123773996762675e-02
1.211861438520648335e+03	2.549690067211737854e-01	1.525299955851916467e-01	2.563252476975563243e-01	1.547083601374191764e-01	7.481621262811299911e-02	2.959239350190922060e-02	7.705878372863207704e-02
1.214280323627476264e+03	2.546324440040158565e-01	1.523248442840952899e-01	2.565558044167394747e-01	1.548471377561644879e-01	7.487336126383635493e-02	2.962030167095307254e-02	7.714610660419062016e-02
1.216699208734303511e+03	2.542968146474544611e-01	1.521202619433186243e-01	2.567857016214543098e-01	1.549855221021533003e-01	7.493035115690192816e-02	2.964814167141636286e-02	7.723320685729610779e-02
1.219118093841131440e+03	2.539621160593034666e-01	1.519162469825333095e-01	2.570149411532544059e-01	1.551235143708242781e-01	7.498718276785025505e-02	2.967591368802299789e-02	7.732008497820631876e-02
1.221536978947959142e+03	2.536283456545963544e-01	1.517127978258138166e-01	2.572435248485728243e-01	1.552611157534715125e-01	7.504385655577691661e-02	2.970361790498600094e-02	7.740674145677763074e-02
1.223955864054786844e+03	2.532955008555660137e-01	1.515099129016250490e-01	2.574714545387359887e-01	1.553983274372623680e-01	7.510037297833782599e-02	2.973125450600895905e-02	7.749317678245884466e-02
1.226374749161614318e+03	2.529635790916245353e-01	1.513075906428099915e-01	2.576987320499782297e-01	1.555351506052552457e-01	7.515673249175452986e-02	2.975882367428742126e-02	7.757939144428505074e-02
1.228793634268442020e+03	2.526325777993430610e-01	1.511058294865773866e-01	2.579253592034559950e-01	1.556715864364172641e-01	7.521293555081944027e-02	2.978632559251030709e-02	7.766538593087153608e-02
1.231212519375269494e+03	2.523024944224316890e-01	1.509046278744895775e-01	2.581513378152617277e-01	1.558076361056418280e-01	7.526898260890112213e-02	2.981376044286133953e-02	7.775116073040781728e-02
1.233631404482097196e+03	2.519733264117193783e-01	1.507039842524501294e-01	2.583766696964381326e-01	1.559433007837660312e-01	7.532487411794937249e-02	2.984112840702042579e-02	7.783671633065165907e-02
1.236050289588924898e+03	2.516450712251340760e-01	1.505038970706917834e-01	2.586013566529921648e-01	1.560785816375881430e-01	7.538061052850050792e-02	2.986842966616507639e-02	7.792205321892330117e-02
1.238469174695752372e+03	2.513177263276828444e-01	1.503043647837641883e-01	2.588254004859092405e-01	1.562134798298848160e-01	7.543619228968248547e-02	2.989566440097179631e-02	7.800717188209962960e-02
1.240888059802580301e+03	2.509912891914318211e-01	1.501053858505219663e-01	2.590488029911668932e-01	1.563479965194283505e-01	7.549161984922003743e-02	2.992283279161747286e-02	7.809207280660844519e-02
1.243306944909407548e+03	2.506657572954865132e-01	1.499069587341123888e-01	2.592715659597490396e-01	1.564821328610036255e-01	7.554689365343973673e-02	2.994993501778077730e-02	7.817675647842288467e-02
1.245725830016235477e+03	2.503411281259721455e-01	1.497090819019634700e-01	2.594936911776595800e-01	1.566158900054252789e-01	7.560201414727515945e-02	2.997697125864353523e-02	7.826122338305577242e-02
1.248144715123063179e+03	2.500173991760138992e-01	1.495117538257719203e-01	2.597151804259365537e-01	1.567492690995545002e-01	7.565698177427188087e-02	3.000394169289212140e-02	7.834547400555418040e-02
1.250563600229890881e+03	2.496945679457171774e-01	1.493149729814911286e-01	2.599360354806655726e-01	1.568822712863158775e-01	7.571179697659249919e-02	3.003084649871883005e-02	7.842950883049391864e-02
1.252982485336718355e+03	2.493726319421481763e-01	1.491187378493193660e-01	2.601562581129941987e-01	1.570148977047141625e-01	7.576646019502171481e-02	3.005768585382325234e-02	7.851332834197417843e-02
1.255401370443546057e+03	2.490515886793144007e-01	1.489230469136876289e-01	2.603758500891450445e-01	1.571471494898508403e-01	7.582097186897131247e-02	3.008445993541365368e-02	7.859693302361231426e-02
1.257820255550373531e+03	2.487314356781449298e-01	1.487278986632479816e-01	2.605948131704298176e-01	1.572790277729406716e-01	7.587533243648503234e-02	3.011116892020831992e-02	7.868032335853847314e-02
1.260239140657201460e+03	2.484121704664713493e-01	1.485332915908615936e-01	2.608131491132629765e-01	1.574105336813282352e-01	7.592954233424364929e-02	3.013781298443694162e-02	7.876349982939047367e-02
1.262658025764028707e+03	2.480937905790081832e-01	1.483392241935869438e-01	2.610308596691754413e-01	1.575416683385041094e-01	7.598360199756980238e-02	3.016439230384196368e-02	7.884646291830872677e-02
1.265076910870856636e+03	2.477762935573336878e-01	1.481456949726681072e-01	2.612479465848279725e-01	1.576724328641213868e-01	7.603751186043294918e-02	3.019090705367993496e-02	7.892921310693110093e-02
1.267495795977684338e+03	2.474596769498705606e-01	1.479527024335229035e-01	2.614644116020248821e-01	1.578028283740116611e-01	7.609127235545420920e-02	3.021735740872287176e-02	7.901175087638803718e-02
1.269914681084511813e+03	2.471439383118667621e-01	1.477602450857313232e-01	2.616802564577275225e-01	1.579328559802012366e-01	7.614488391391122102e-02	3.024374354325959358e-02	7.909407670729753925e-02
1.272333566191339514e+03	2.468290752053764470e-01	1.475683214430237034e-01	2.618954828840675542e-01	1.580625167909270878e-01	7.619834696574299959e-02	3.027006563109707268e-02	7.917619107976035797e-02
1.274752451298167216e+03	2.465150851992407022e-01	1.473769300232692092e-01	2.621100926083607674e-01	1.581918119106528187e-01	7.625166193955475180e-02	3.029632384556177338e-02	7.925809447335518954e-02
1.277171336404994690e+03	2.462019658690688395e-01	1.471860693484641491e-01	2.623240873531202388e-01	1.583207424400844554e-01	7.630482926262260879e-02	3.032251835950098770e-02	7.933978736713391544e-02
1.279590221511822392e+03	2.458897147972191333e-01	1.469957379447204560e-01	2.625374688360697650e-01	1.584493094761862675e-01	7.635784936089846930e-02	3.034864934528416769e-02	7.942127023961693955e-02
1.282009106618650094e+03	2.455783295727800020e-01	1.468059343422540852e-01	2.627502387701571851e-01	1.585775141121963938e-01	7.641072265901469041e-02	3.037471697480425420e-02	7.950254356878855289e-02
1.284427991725477568e+03	2.452678077915512178e-01	1.466166570753735521e-01	2.629623988635675924e-01	1.587053574376424969e-01	7.646344958028884753e-02	3.040072141947900569e-02	7.958360783209243727e-02
1.286846876832305497e+03	2.449581470560250052e-01	1.464279046824684682e-01	2.631739508197367128e-01	1.588328405383571118e-01	7.651603054672845294e-02	3.042666285025231315e-02	7.966446350642705787e-02
1.289265761939132744e+03	2.446493449753673610e-01	1.462396757059979957e-01	2.633848963373641716e-01	1.589599644964932168e-01	7.656846597903557705e-02	3.045254143759551502e-02	7.974511106814130557e-02
1.291684647045960673e+03	2.443413991653992368e-01	1.460519686924795779e-01	2.635952371104263725e-01	1.590867303905395547e-01	7.662075629661156684e-02	3.047835735150872249e-02	7.982555099303009771e-02
1.294103532152788375e+03	2.440343072485780807e-01	1.458647821924774213e-01	2.638049748281899864e-01	1.592131392953357871e-01	7.667290191756165330e-02	3.050411076152211715e-02	7.990578375633003438e-02
1.296522417259616077e+03	2.437280668539790751e-01	1.456781147605912818e-01	2.640141111752248859e-01	1.593391922820878714e-01	7.672490325869958661e-02	3.052980183669726927e-02	7.998580983271511013e-02
1.298941302366443551e+03	2.434226756172766515e-01	1.454919649554450856e-01	2.642226478314171900e-01	1.594648904183828542e-01	7.677676073555227132e-02	3.055543074562843547e-02	8.006562969629256454e-02
1.301360187473271253e+03	2.431181311807260603e-01	1.453063313396756318e-01	2.644305864719824206e-01	1.595902347682041922e-01	7.682847476236426276e-02	3.058099765644384932e-02	8.014524382059867724e-02
1.303779072580098727e+03	2.428144311931448307e-01	1.451212124799213243e-01	2.646379287674783809e-01	1.597152263919464354e-01	7.688004575210240221e-02	3.060650273680702929e-02	8.022465267859466009e-02
1.306197957686926657e+03	2.425115733098944792e-01	1.449366069468110418e-01	2.648446763838182005e-01	1.598398663464302705e-01	7.693147411646032718e-02	3.063194615391806944e-02	8.030385674266266038e-02
1.308616842793753904e+03	2.422095551928621360e-01	1.447525133149528964e-01	2.650508309822831587e-01	1.599641556849172586e-01	7.698276026586298171e-02	3.065732807451492306e-02	8.038285648460168076e-02
1.311035727900581833e+03	2.419083745104422811e-01	1.445689301629230761e-01	2.652563942195357294e-01	1.600880954571244075e-01	7.703390460947111273e-02	3.068264866487468642e-02	8.046165237562374895e-02
1.313454613007409534e+03	2.416080289375185097e-01	1.443858560732547425e-01	2.654613677476322930e-01	1.602116867092389096e-01	7.708490755518576654e-02	3.070790809081488590e-02	8.054024488634994872e-02
1.315873498114237009e+03	2.413085161554453517e-01	1.442032896324269287e-01	2.656657532140359601e-01	1.603349304839327139e-01	7.713576950965274348e-02	3.073310651769474780e-02	8.061863448680663125e-02
1.318292383221064711e+03	2.410098338520301753e-01	1.440212294308535201e-01	2.658695522616294493e-01	1.604578278203768193e-01	7.718649087826701116e-02	3.075824411041648207e-02	8.069682164642159872e-02
1.320711268327892412e+03	2.407119797215150625e-01	1.438396740628721526e-01	2.660727665287277999e-01	1.605803797542559030e-01	7.723707206517717305e-02	3.078332103342654516e-02	8.077480683402042672e-02
1.323130153434719887e+03	2.404149514645588792e-01	1.436586221267332208e-01	2.662753976490910279e-01	1.607025873177825026e-01	7.728751347328981225e-02	3.080833745071689944e-02	8.085259051782273110e-02
1.325549038541547588e+03	2.401187467882192894e-01	1.434780722245890539e-01	2.664774472519366721e-01	1.608244515397111996e-01	7.733781550427390461e-02	3.083329352582630037e-02	8.093017316543860140e-02
1.327967923648375290e+03	2.398233634059347141e-01	1.432980229624828683e-01	2.666789169619528388e-01	1.609459734453528856e-01	7.738797855856519026e-02	3.085818942184153507e-02	8.100755524386497874e-02
1.330386808755202765e+03	2.395287990375066234e-01	1.431184729503378050e-01	2.668798083993104697e-01	1.610671540565888349e-01	7.743800303537047569e-02	3.088302530139868871e-02	8.108473721948215862e-02
1.332805693862030694e+03	2.392350514090816338e-01	1.429394208019461876e-01	2.670801231796759434e-01	1.611879943918846370e-01	7.748788933267200529e-02	3.090780132668438651e-02	8.116171955805029370e-02
1.335224578968857941e+03	2.389421182531337728e-01	1.427608651349586422e-01	2.672798629142236204e-01	1.613084954663042969e-01	7.753763784723169405e-02	3.093251765943706016e-02	8.123850272470600764e-02
1.337643464075685870e+03	2.386499973084467707e-01	1.425828045708732172e-01	2.674790292096485000e-01	1.614286582915239465e-01	7.758724897459549907e-02	3.095717446094817596e-02	8.131508718395899504e-02
1.340062349182513572e+03	2.383586863200964079e-01	1.424052377350247534e-01	2.676776236681783772e-01	1.615484838758457498e-01	7.763672310909759677e-02	3.098177189206348728e-02	8.139147339968866302e-02
1.342481234289341273e+03	2.380681830394328347e-01	1.422281632565740028e-01	2.678756478875867209e-01	1.616679732242115863e-01	7.768606064386472665e-02	3.100631011318427319e-02	8.146766183514091153e-02
1.344900119396168748e+03	2.377784852240631130e-01	1.420515797684969717e-01	2.680731034612046093e-01	1.617871273382166519e-01	7.773526197082031297e-02	3.103078928426856661e-02	8.154365295292485827e-02
1.347319004502996449e+03	2.374895906378335919e-01	1.418754859075742059e-01	2.682699919779332198e-01	1.619059472161231972e-01	7.778432748068876690e-02	3.105520956483239642e-02	8.161944721500967448e-02
1.349737889609823924e+03	2.372014970508125042e-01	1.416998803143801611e-01	2.684663150222563743e-01	1.620244338528738226e-01	7.783325756299963594e-02	3.107957111395100863e-02	8.169504508272142085e-02
1.352156774716651853e+03	2.369142022392726199e-01	1.415247616332726555e-01	2.686620741742526408e-01	1.621425882401051344e-01	7.788205260609176728e-02	3.110387409026009117e-02	8.177044701674000826e-02
1.354575659823479100e+03	2.366277039856737596e-01	1.413501285123820728e-01	2.688572710096075458e-01	1.622604113661609837e-01	7.793071299711749889e-02	3.112811865195700203e-02	8.184565347709608918e-02
1.356994544930307029e+03	2.363420000786455588e-01	1.411759796036009540e-01	2.690519070996258422e-01	1.623779042161058173e-01	7.797923912204675345e-02	3.115230495680198011e-02	8.192066492316810167e-02
1.359413430037134731e+03	2.360570883129701203e-01	1.410023135625734503e-01	2.692459840112436664e-01	1.624950677717378333e-01	7.802763136567120172e-02	3.117643316211936300e-02	8.199548181367927180e-02
1.361832315143962205e+03	2.357729664895649446e-01	1.408291290486848035e-01	2.694395033070409728e-01	1.626119030116023323e-01	7.807589011160832870e-02	3.120050342479879432e-02	8.207010460669478258e-02
1.364251200250789907e+03	2.354896324154655551e-01	1.406564247250508271e-01	2.696324665452531910e-01	1.627284109110046229e-01	7.812401574230554147e-02	3.122451590129643809e-02	8.214453375961880410e-02
1.366670085357617609e+03	2.352070839038086780e-01	1.404841992585074972e-01	2.698248752797835492e-01	1.628445924420231228e-01	7.817200863904419372e-02	3.124847074763618948e-02	8.221876972919175963e-02
1.369088970464445310e+03	2.349253187738147841e-01	1.403124513196006284e-01	2.700167310602152315e-01	1.629604485735223485e-01	7.821986918194369365e-02	3.127236811941085798e-02	8.229281297148745289e-02
1.371507855571272785e+03	2.346443348507714355e-01	1.401411795825752427e-01	2.702080354318231459e-01	1.630759802711657935e-01	7.826759774996550068e-02	3.129620817178337122e-02	8.236666394191044516e-02
1.373926740678100487e+03	2.343641299660160493e-01	1.399703827253655219e-01	2.703987899355861924e-01	1.631911884974287241e-01	7.831519472091713618e-02	3.131999105948798240e-02	8.244032309519326585e-02
1.376345625784927961e+03	2.340847019569192167e-01	1.398000594295842336e-01	2.705889961081989203e-01	1.633060742116110298e-01	7.836266047145618030e-02	3.134371693683144638e-02	8.251379088539383122e-02
1.378764510891755890e+03	2.338060486668674942e-01	1.396302083805125438e-01	2.707786554820836855e-01	1.634206383698498244e-01	7.840999537709431033e-02	3.136738595769421323e-02	8.258706776589276599e-02
1.381183395998583137e+03	2.335281679452469727e-01	1.394608282670897759e-01	2.709677695854023072e-01	1.635348819251321584e-01	7.845719981220114492e-02	3.139099827553162164e-02	8.266015418939089143e-02
1.383602281105411066e+03	2.332510576474261244e-01	1.392919177819031129e-01	2.711563399420681142e-01	1.636488058273074808e-01	7.850427415000828246e-02	3.141455404337506474e-02	8.273305060790668575e-02
1.386021166212238768e+03	2.329747156347393156e-01	1.391234756211774393e-01	2.713443680717576578e-01	1.637624110231002683e-01	7.855121876261320080e-02	3.143805341383316271e-02	8.280575747277377219e-02
1.388440051319066470e+03	2.326991397744700429e-01	1.389555004847650710e-01	2.715318554899225911e-01	1.638756984561224317e-01	7.859803402098317071e-02	3.146149653909296323e-02	8.287827523463850432e-02
1.390858936425893944e+03	2.324243279398342799e-01	1.387879910761356805e-01	2.717188037078013263e-01	1.639886690668856672e-01	7.864472029495912786e-02	3.148488357092108642e-02	8.295060434345756517e-02
1.393277821532721646e+03	2.321502780099639340e-01	1.386209461023661660e-01	2.719052142324307475e-01	1.641013237928137525e-01	7.869127795325960018e-02	3.150821466066492521e-02	8.302274524849556636e-02
1.395696706639549120e+03	2.318769878698902220e-01	1.384543642741305480e-01	2.720910885666580348e-01	1.642136635682548418e-01	7.873770736348455201e-02	3.153148995925378339e-02	8.309469839832275828e-02
1.398115591746377049e+03	2.316044554105272379e-01	1.382882443056899502e-01	2.722764282091520438e-01	1.643256893244936512e-01	7.878400889211915892e-02	3.155470961720002743e-02	8.316646424081272637e-02
1.400534476853204296e+03	2.313326785286554943e-01	1.381225849148824680e-01	2.724612346544151853e-01	1.644374019897635320e-01	7.883018290453777666e-02	3.157787378460027994e-02	8.323804322314011517e-02
1.402953361960032225e+03	2.310616551269054908e-01	1.379573848231132327e-01	2.726455093927949713e-01	1.645488024892585999e-01	7.887622976500760497e-02	3.160098261113654383e-02	8.330943579177846336e-02
1.405372247066859927e+03	2.307913831137413940e-01	1.377926427553443356e-01	2.728292539104954506e-01	1.646598917451457811e-01	7.892214983669255945e-02	3.162403624607736802e-02	8.338064239249801113e-02
1.407791132173687402e+03	2.305218604034447172e-01	1.376283574400850862e-01	2.730124696895888103e-01	1.647706706765766915e-01	7.896794348165706023e-02	3.164703483827901315e-02	8.345166347036357679e-02
1.410210017280515103e+03	2.302530849160980275e-01	1.374645276093818536e-01	2.731951582080268670e-01	1.648811401996994330e-01	7.901361106086977892e-02	3.166997853618654796e-02	8.352249946973244743e-02
1.412628902387342805e+03	2.299850545775687372e-01	1.373011519988083518e-01	2.733773209396526127e-01	1.649913012276706115e-01	7.905915293420738565e-02	3.169286748783504276e-02	8.359315083425228332e-02
1.415047787494170507e+03	2.297177673194930048e-01	1.371382293474555925e-01	2.735589593542113729e-01	1.651011546706669386e-01	7.910456946045828219e-02	3.171570184085068661e-02	8.366361800685918892e-02
1.417466672600997981e+03	2.294512210792594431e-01	1.369757583979222537e-01	2.737400749173625192e-01	1.652107014358970838e-01	7.914986099732629343e-02	3.173848174245191833e-02	8.373390142977560346e-02
1.419885557707825683e+03	2.291854137999932428e-01	1.368137378963046880e-01	2.739206690906906272e-01	1.653199424276131646e-01	7.919502790143442827e-02	3.176120733945057145e-02	8.380400154450844130e-02
1.422304442814653157e+03	2.289203434305399354e-01	1.366521665921872630e-01	2.741007433317168562e-01	1.654288785471224599e-01	7.924007052832851561e-02	3.178387877825298441e-02	8.387391879184714905e-02
1.424723327921481086e+03	2.286560079254496003e-01	1.364910432386325367e-01	2.742802990939103291e-01	1.655375106927988449e-01	7.928498923248090968e-02	3.180649620486115242e-02	8.394365361186181818e-02
1.427142213028308333e+03	2.283924052449607389e-01	1.363303665921715979e-01	2.744593378266992345e-01	1.656458397600943655e-01	7.932978436729407057e-02	3.182905976487383076e-02	8.401320644390129766e-02
1.429561098135136262e+03	2.281295333549845372e-01	1.361701354127942687e-01	2.746378609754823175e-01	1.657538666415505624e-01	7.937445628510429729e-02	3.185156960348767274e-02	8.408257772659145923e-02
1.431979983241963964e+03	2.278673902270888785e-01	1.360103484639395011e-01	2.748158699816398709e-01	1.658615922268098786e-01	7.941900533718530830e-02	3.187402586549831912e-02	8.415176789783339328e-02
1.434398868348791666e+03	2.276059738384826059e-01	1.358510045124857180e-01	2.749933662825448377e-01	1.659690174026269838e-01	7.946343187375184969e-02	3.189642869530154301e-02	8.422077739480161862e-02
1.436817753455619140e+03	2.273452821719997019e-01	1.356921023287412098e-01	2.751703513115742461e-01	1.660761430528799321e-01	7.950773624396327566e-02	3.191877823689433930e-02	8.428960665394238938e-02
1.439236638562446842e+03	2.270853132160836896e-01	1.355336406864345311e-01	2.753468264981201452e-01	1.661829700585814307e-01	7.955191879592714288e-02	3.194107463387604873e-02	8.435825611097208521e-02
1.441655523669274316e+03	2.268260649647718119e-01	1.353756183627048970e-01	2.755227932676006519e-01	1.662894992978899977e-01	7.959597987670279096e-02	3.196331802944944733e-02	8.442672620087549040e-02
1.444074408776102018e+03	2.265675354176794887e-01	1.352180341380927464e-01	2.756982530414710530e-01	1.663957316461208702e-01	7.963991983230489513e-02	3.198550856642184970e-02	8.449501735790419799e-02
1.446493293882929493e+03	2.263097225799846623e-01	1.350608867965301108e-01	2.758732072372348521e-01	1.665016679757572449e-01	7.968373900770692186e-02	3.200764638720621225e-02	8.456313001557504150e-02
1.448912178989757422e+03	2.260526244624123660e-01	1.349041751253312882e-01	2.760476572684547047e-01	1.666073091564611586e-01	7.972743774684475093e-02	3.202973163382223654e-02	8.463106460666855457e-02
1.451331064096585123e+03	2.257962390812190967e-01	1.347478979151831846e-01	2.762216045447634105e-01	1.667126560550843128e-01	7.977101639262011712e-02	3.205176444789744478e-02	8.469882156322743050e-02
1.453749949203412370e+03	2.255405644581774394e-01	1.345920539601360710e-01	2.763950504718749035e-01	1.668177095356791206e-01	7.981447528690410742e-02	3.207374497066828312e-02	8.476640131655507893e-02
1.456168834310240300e+03	2.252855986205606620e-01	1.344366420575940912e-01	2.765679964515949663e-01	1.669224704595093089e-01	7.985781477054069988e-02	3.209567334298119717e-02	8.483380429721409932e-02
1.458587719417068001e+03	2.250313396011272282e-01	1.342816610083058804e-01	2.767404438818322210e-01	1.670269396850608268e-01	7.990103518335010813e-02	3.211754970529370756e-02	8.490103093502493481e-02
1.461006604523895703e+03	2.247777854381057261e-01	1.341271096163552390e-01	2.769123941566090652e-01	1.671311180680525588e-01	7.994413686413234799e-02	3.213937419767553400e-02	8.496808165906445665e-02
1.463425489630723177e+03	2.245249341751792971e-01	1.339729866891518906e-01	2.770838486660722189e-01	1.672350064614467613e-01	7.998712015067056813e-02	3.216114695980962224e-02	8.503495689766456256e-02
1.465844374737550879e+03	2.242727838614705926e-01	1.338192910374220168e-01	2.772548087965036601e-01	1.673386057154599149e-01	8.002998537973454729e-02	3.218286813099322657e-02	8.510165707841092775e-02
1.468263259844378354e+03	2.240213325515265363e-01	1.336660214751991260e-01	2.774252759303314497e-01	1.674419166775731049e-01	8.007273288708405268e-02	3.220453785013900616e-02	8.516818262814161711e-02
1.470682144951206283e+03	2.237705783053030584e-01	1.335131768198147273e-01	2.775952514461403342e-01	1.675449401925425963e-01	8.011536300747226780e-02	3.222615625577606585e-02	8.523453397294583622e-02
1.473101030058033530e+03	2.235205191881501907e-01	1.333607558918891989e-01	2.777647367186822924e-01	1.676476771024102419e-01	8.015787607464912312e-02	3.224772348605104560e-02	8.530071153816275176e-02
1.475519915164861459e+03	2.232711532707968016e-01	1.332087575153225456e-01	2.779337331188875826e-01	1.677501282465138910e-01	8.020027242136469614e-02	3.226923967872916826e-02	8.536671574838017307e-02
1.477938800271689161e+03	2.230224786293357186e-01	1.330571805172852118e-01	2.781022420138749562e-01	1.678522944614976864e-01	8.024255237937255592e-02	3.229070497119528732e-02	8.543254702743346973e-02
1.480357685378516862e+03	2.227744933452086573e-01	1.329060237282089496e-01	2.782702647669624829e-01	1.679541765813223897e-01	8.028471627943307987e-02	3.231211950045497633e-02	8.549820579840430868e-02
1.482776570485344337e+03	2.225271955051913997e-01	1.327552859817777986e-01	2.784378027376781528e-01	1.680557754372755674e-01	8.032676445131679832e-02	3.233348340313554892e-02	8.556369248361962720e-02
