1.301360187473271253e+03	2.355818251750632364e-01	1.507791027321706834e-01	2.600834348901809312e-01	1.621990875475332883e-01	7.652960432043287575e-02	3.206142217331022642e-02	8.276552316101543072e-02
1.306197957686926657e+03	2.349994600448099547e-01	1.503722249365394004e-01	2.604518151239622603e-01	1.624672819540173563e-01	7.664095508506800491e-02	3.213521833171319175e-02	8.293304452359646917e-02
1.311035727900581833e+03	2.344204786956454178e-01	1.499675840106205471e-01	2.608180383342167952e-01	1.627339406601618632e-01	7.675164618656807325e-02	3.220870217626067844e-02	8.309960993623333181e-02
1.315873498114237009e+03	2.338448596168520854e-01	1.495651691434913555e-01	2.611821183794118539e-01	1.629990724318319262e-01	7.686168189606511214e-02	3.228187378955082315e-02	8.326522474250355743e-02
1.320711268327892412e+03	2.332725814829252897e-01	1.491649695340128146e-01	2.615440690038301486e-01	1.632626859819027443e-01	7.697106645542872716e-02	3.235473328168920332e-02	8.342989425991777230e-02
1.325549038541547588e+03	2.327036231508136932e-01	1.487669743921839483e-01	2.619039038392582674e-01	1.635247899707707731e-01	7.707980407719509930e-02	3.242728078965181199e-02	8.359362377983309278e-02
1.330386808755202765e+03	2.321379636572220850e-01	1.483711729404503799e-01	2.622616364066203132e-01	1.637853930068487451e-01	7.718789894452414424e-02	3.249951647666075166e-02	8.375641856738032243e-02
1.335224578968857941e+03	2.315755822159742128e-01	1.479775544149680711e-01	2.626172801175591931e-01	1.640445036470455920e-01	7.729535521118277575e-02	3.257144053157240426e-02	8.391828386140456897e-02
1.340062349182513572e+03	2.310164582154345114e-01	1.475861080668237346e-01	2.629708482759687271e-01	1.643021303972321823e-01	7.740217700155176128e-02	3.264305316827779274e-02	8.407922487441814308e-02
1.344900119396168748e+03	2.304605712159871200e-01	1.471968231632130308e-01	2.633223540794790152e-01	1.645582817126934605e-01	7.750836841065436578e-02	3.271435462511476655e-02	8.423924679256500347e-02
1.349737889609823924e+03	2.299079009475704649e-01	1.468096889885776857e-01	2.636718106208978396e-01	1.648129659985679007e-01	7.761393350420491000e-02	3.278534516429184448e-02	8.439835477559606836e-02
1.354575659823479100e+03	2.293584273072663826e-01	1.464246948457028907e-01	2.640192308896091578e-01	1.650661916102748317e-01	7.771887631867537005e-02	3.285602507132338868e-02	8.455655395685469922e-02
1.359413430037134731e+03	2.288121303569418952e-01	1.460418300567757344e-01	2.643646277729324590e-01	1.653179668539304370e-01	7.782320086137860249e-02	3.292639465447593644e-02	8.471384944327164934e-02
1.364251200250789907e+03	2.282689903209427773e-01	1.456610839644064403e-01	2.647080140574437634e-01	1.655682999867529870e-01	7.792691111056654352e-02	3.299645424422534279e-02	8.487024631536893571e-02
1.369088970464445310e+03	2.277289875838370281e-01	1.452824459326124973e-01	2.650494024302605944e-01	1.658171992174578002e-01	7.803001101554217500e-02	3.306620419272456729e-02	8.502574962727202368e-02
1.373926740678100487e+03	2.271921026882074424e-01	1.449059053477678438e-01	2.653888054802931995e-01	1.660646727066427131e-01	7.813250449678382781e-02	3.313564487328189007e-02	8.518036440672975551e-02
1.378764510891755890e+03	2.266583163324917549e-01	1.445314516195170818e-01	2.657262356994618546e-01	1.663107285671642510e-01	7.823439544608079554e-02	3.320477667984925163e-02	8.533409565514167572e-02
1.383602281105411066e+03	2.261276093688691924e-01	1.441590741816564936e-01	2.660617054838843032e-01	1.665553748645052512e-01	7.833568772667902358e-02	3.327360002652061249e-02	8.548694834759189287e-02
1.388440051319066470e+03	2.255999628011922109e-01	1.437887624929821140e-01	2.663952271350324419e-01	1.667986196171342417e-01	7.843638517343606842e-02	3.334211534704003416e-02	8.563892743288965825e-02
1.393277821532721646e+03	2.250753577829623653e-01	1.434205060381066876e-01	2.667268128608616951e-01	1.670404707968570490e-01	7.853649159298414784e-02	3.341032309431933578e-02	8.579003783361555113e-02
1.398115591746377049e+03	2.245537756153490605e-01	1.430542943282453738e-01	2.670564747769122449e-01	1.672809363291610785e-01	7.863601076390065725e-02	3.347822373996508366e-02	8.594028444617336782e-02
1.402953361960032225e+03	2.240351977452501864e-01	1.426901169019719195e-01	2.673842249073850597e-01	1.675200240935524887e-01	7.873494643688523642e-02	3.354581777381476088e-02	8.608967214084717323e-02
1.407791132173687402e+03	2.235196057633934141e-01	1.423279633259457166e-01	2.677100751861932193e-01	1.677577419238868439e-01	7.883330233494269257e-02	3.361310570348190196e-02	8.623820576186307096e-02
1.412628902387342805e+03	2.230069814024772945e-01	1.419678231956107151e-01	2.680340374579888163e-01	1.679940976086933269e-01	7.893108215357100277e-02	3.368008805391004695e-02	8.638589012745559459e-02
1.417466672600997981e+03	2.224973065353510748e-01	1.416096861358670800e-01	2.683561234791679295e-01	1.682290988914931229e-01	7.902828956095407642e-02	3.374676536693529266e-02	8.653273002993817908e-02
1.422304442814653157e+03	2.219905631732322637e-01	1.412535418017160094e-01	2.686763449188535047e-01	1.684627534711118924e-01	7.912492819815822309e-02	3.381313820085730254e-02	8.667873023577758740e-02
1.427142213028308333e+03	2.214867334639608887e-01	1.408993798788790719e-01	2.689947133598571405e-01	1.686950690019868859e-01	7.922100167933227022e-02	3.387920713001860151e-02	8.682389548567188975e-02
1.431979983241963964e+03	2.209857996902896971e-01	1.405471900843922872e-01	2.693112402996213350e-01	1.689260530944690086e-01	7.931651359191062289e-02	3.394497274439196161e-02	8.696823049463191235e-02
1.436817753455619140e+03	2.204877442682090516e-01	1.401969621671759203e-01	2.696259371511420255e-01	1.691557133151196934e-01	7.941146749681872452e-02	3.401043564917580198e-02	8.711173995206566989e-02
1.441655523669274316e+03	2.199925497453063539e-01	1.398486859085807110e-01	2.699388152438725874e-01	1.693840571870033895e-01	7.950586692868069627e-02	3.407559646439731194e-02	8.725442852186587883e-02
1.446493293882929493e+03	2.195001987991581915e-01	1.395023511229111501e-01	2.702498858246103475e-01	1.696110921899752211e-01	7.959971539602871127e-02	3.414045582452331085e-02	8.739630084249995490e-02
1.451331064096585123e+03	2.190106742357550706e-01	1.391579476579264396e-01	2.705591600583657774e-01	1.698368257609646492e-01	7.969301638151374267e-02	3.420501437807853956e-02	8.753736152710271667e-02
1.456168834310240300e+03	2.185239589879576783e-01	1.388154653953198592e-01	2.708666490292148121e-01	1.700612652942548320e-01	7.978577334211728322e-02	3.426927278727134180e-02	8.767761516357115703e-02
1.461006604523895703e+03	2.180400361139837873e-01	1.384748942511770942e-01	2.711723637411357912e-01	1.702844181417582647e-01	7.987798970936391130e-02	3.433323172762656889e-02	8.781706631466157376e-02
1.465844374737550879e+03	2.175588887959253870e-01	1.381362241764143295e-01	2.714763151188303580e-01	1.705062916132884243e-01	7.996966888953439823e-02	3.439689188762555527e-02	8.795571951808849043e-02
1.470682144951206283e+03	2.170805003382948462e-01	1.377994451571964707e-01	2.717785140085302031e-01	1.707268929768281374e-01	8.006081426387887112e-02	3.446025396835303289e-02	8.809357928662545079e-02
1.475519915164861459e+03	2.166048541665994698e-01	1.374645472153361581e-01	2.720789711787887644e-01	1.709462294587941189e-01	8.015142918883018386e-02	3.452331868315087343e-02	8.823065010820747844e-02
1.480357685378516862e+03	2.161319338259444223e-01	1.371315204086741013e-01	2.723776973212593822e-01	1.711643082442985686e-01	8.024151699621703826e-02	3.458608675727846415e-02	8.836693644603502151e-02
1.485195455592172038e+03	2.156617229796619351e-01	1.368003548314416784e-01	2.726747030514602987e-01	1.713811364774073809e-01	8.033108099347671671e-02	3.464855892757975203e-02	8.850244273867935441e-02
1.490033225805827215e+03	2.151942054079676869e-01	1.364710406146053268e-01	2.729699989095256130e-01	1.715967212613954962e-01	8.042012446386728741e-02	3.471073594215658836e-02	8.863717340018918700e-02
1.494870996019482618e+03	2.147293650066424975e-01	1.361435679261945586e-01	2.732635953609449109e-01	1.718110696589990882e-01	8.050865066667914349e-02	3.477261856004849883e-02	8.877113282019849505e-02
1.499708766233137567e+03	2.142671857857393336e-01	1.358179269716132953e-01	2.735555027972899067e-01	1.720241886926650587e-01	8.059666283744565396e-02	3.483420755091857363e-02	8.890432536403533592e-02
1.504546536446793198e+03	2.138076518683150462e-01	1.354941079939346871e-01	2.738457315369294820e-01	1.722360853447978957e-01	8.068416418815291258e-02	3.489550369474547775e-02	8.903675537283167740e-02
1.509384306660448374e+03	2.133507474891854772e-01	1.351721012741812500e-01	2.741342918257328454e-01	1.724467665580037834e-01	8.077115790744830714e-02	3.495650778152142868e-02	8.916842716363410082e-02
1.514222076874103550e+03	2.128964569937044637e-01	1.348518971315890991e-01	2.744211938377622007e-01	1.726562392353322428e-01	8.085764716084803405e-02	3.501722061095603050e-02	8.929934502951512865e-02
1.519059847087758726e+03	2.124447648365654084e-01	1.345334859238580816e-01	2.747064476759538687e-01	1.728645102405154121e-01	8.094363509094319731e-02	3.507764299218582571e-02	8.942951323968548194e-02
1.523897617301414357e+03	2.119956555806248033e-01	1.342168580473874495e-01	2.749900633727893617e-01	1.730715863982047464e-01	8.102912481760468633e-02	3.513777574348951604e-02	8.955893603960669858e-02
1.528735387515069533e+03	2.115491138957479311e-01	1.339020039374978210e-01	2.752720508909560770e-01	1.732774744942056910e-01	8.111411943818651327e-02	3.519761969200875529e-02	8.968761765110448703e-02
1.533573157728724709e+03	2.111051245576751612e-01	1.335889140686399301e-01	2.755524201239977211e-01	1.734821812757099957e-01	8.119862202772767934e-02	3.525717567347431275e-02	8.981556227248242708e-02
1.538410927942380113e+03	2.106636724469093114e-01	1.332775789545903034e-01	2.758311808969553525e-01	1.736857134515260304e-01	8.128263563915245904e-02	3.531644453193761440e-02	8.994277407863612850e-02
1.543248698156035516e+03	2.102247425476228282e-01	1.329679891486343080e-01	2.761083429669988210e-01	1.738880776923068527e-01	8.136616330346913006e-02	3.537542711950750901e-02	9.006925722116770894e-02
1.548086468369690692e+03	2.097883199465847281e-01	1.326601352437372094e-01	2.763839160240491588e-01	1.740892806307763330e-01	8.144920802996696851e-02	3.543412429609219677e-02	9.019501582850056320e-02
1.552924238583346096e+03	2.093543898321066909e-01	1.323540078727033498e-01	2.766579096913915903e-01	1.742893288619534187e-01	8.153177280641156488e-02	3.549253692914620256e-02	9.032005400599439626e-02
1.557762008797001272e+03	2.089229374930079153e-01	1.320495977083238348e-01	2.769303335262799926e-01	1.744882289433743738e-01	8.161386059923844694e-02	3.555066589342226885e-02	9.044437583606038111e-02
1.562599779010656675e+03	2.084939483175980712e-01	1.317468954635132861e-01	2.772011970205331410e-01	1.746859873953132414e-01	8.169547435374484301e-02	3.560851207072816826e-02	9.056798537827651097e-02
1.567437549224311852e+03	2.080674077926781829e-01	1.314458918914357122e-01	2.774705096011219063e-01	1.748826107010004460e-01	8.177661699427977993e-02	3.566607634968827628e-02	9.069088666950299304e-02
1.572275319437967255e+03	2.076433015025588857e-01	1.311465777856199444e-01	2.777382806307489016e-01	1.750781053068397597e-01	8.185729142443222417e-02	3.572335962550982763e-02	9.081308372399772566e-02
1.577113089651622431e+03	2.072216151280955876e-01	1.308489439800652465e-01	2.780045194084199700e-01	1.752724776226233794e-01	8.193750052721754384e-02	3.578036279975377321e-02	9.093458053353180304e-02
1.581950859865277607e+03	2.068023344457403656e-01	1.305529813493367386e-01	2.782692351700076228e-01	1.754657340217455064e-01	8.201724716526201386e-02	3.583708678011018889e-02	9.105538106750492300e-02
1.586788630078933011e+03	2.063854453266097400e-01	1.302586808086517445e-01	2.785324370888072609e-01	1.756578808414142046e-01	8.209653418098548927e-02	3.589353248017809750e-02	9.117548927306085016e-02
1.591626400292587959e+03	2.059709337355686842e-01	1.299660333139566193e-01	2.787941342760858476e-01	1.758489243828616766e-01	8.217536439678226057e-02	3.594970081924966226e-02	9.129490907520267096e-02
1.596464170506243590e+03	2.055587857303295130e-01	1.296750298619950836e-01	2.790543357816230308e-01	1.760388709115529859e-01	8.225374061520007718e-02	3.600559272209865463e-02	9.141364437690800704e-02
1.601301940719898766e+03	2.051489874605663677e-01	1.293856614903675928e-01	2.793130505942457154e-01	1.762277266573932799e-01	8.233166561911715864e-02	3.606120911877315482e-02	9.153169905924407601e-02
1.606139710933553943e+03	2.047415251670439973e-01	1.290979192775826012e-01	2.795702876423549754e-01	1.764154978149334585e-01	8.240914217191751268e-02	3.611655094439233937e-02	9.164907698148251625e-02
1.610977481147209119e+03	2.043363851807610265e-01	1.288117943430996948e-01	2.798260557944466376e-01	1.766021905435744277e-01	8.248617301766425491e-02	3.617161913894734876e-02	9.176578198121408680e-02
1.615815251360864750e+03	2.039335539221073801e-01	1.285272778473648125e-01	2.800803638596250367e-01	1.767878109677698539e-01	8.256276088127117996e-02	3.622641464710611714e-02	9.188181787446313142e-02
1.620653021574519926e+03	2.035330179000352235e-01	1.282443609918380856e-01	2.803332205881102768e-01	1.769723651772276696e-01	8.263890846867240347e-02	3.628093841802215030e-02	9.199718845580173721e-02
1.625490791788175102e+03	2.031347637112433935e-01	1.279630350190143206e-01	2.805846346717388307e-01	1.771558592271099408e-01	8.271461846699022791e-02	3.633519140514707840e-02	9.211189749846372676e-02
1.630328562001830505e+03	2.027387780393748729e-01	1.276832912124362951e-01	2.808346147444583663e-01	1.773382991382316531e-01	8.278989354470107920e-02	3.638917456604704587e-02	9.222594875445828955e-02
1.635166332215485909e+03	2.023450476542269505e-01	1.274051208967013071e-01	2.810831693828156341e-01	1.775196908972578869e-01	8.286473635179969488e-02	3.644288886222274426e-02	9.233934595468339113e-02
1.640004102429141085e+03	2.019535594109739818e-01	1.271285154374611204e-01	2.813303071064392480e-01	1.777000404568999103e-01	8.293914951996150808e-02	3.649633525893311581e-02	9.245209280903875226e-02
1.644841872642796488e+03	2.015643002494023062e-01	1.268534662414154135e-01	2.815760363785157483e-01	1.778793537361098021e-01	8.301313566270314415e-02	3.654951472502261656e-02	9.256419300653863369e-02
1.649679642856451665e+03	2.011772571931569609e-01	1.265799647562990682e-01	2.818203656062603368e-01	1.780576366202738514e-01	8.308669737554127965e-02	3.660242823275198371e-02	9.267565021542414905e-02
1.654517413070107068e+03	2.007924173490002462e-01	1.263080024708635452e-01	2.820633031413816161e-01	1.782348949614048494e-01	8.315983723614958634e-02	3.665507675763243767e-02	9.278646808327535578e-02
1.659355183283762244e+03	2.004097679060813653e-01	1.260375709148523760e-01	2.823048572805408329e-01	1.784111345783329083e-01	8.323255780451396801e-02	3.670746127826328420e-02	9.289665023712287417e-02
1.664192953497417420e+03	2.000292961352176380e-01	1.257686616589710760e-01	2.825450362658057379e-01	1.785863612568951986e-01	8.330486162308606279e-02	3.675958277617279168e-02	9.300620028355911784e-02
1.669030723711072824e+03	1.996509893881859288e-01	1.255012663148516172e-01	2.827838482850989488e-01	1.787605807501244370e-01	8.337675121693506608e-02	3.681144223566238521e-02	9.311512180884917722e-02
1.673868493924728000e+03	1.992748350970253990e-01	1.252353765350118497e-01	2.830213014726410403e-01	1.789337987784362094e-01	8.344822909389773558e-02	3.686304064365400479e-02	9.322341837904137007e-02
1.678706264138383403e+03	1.989008207733500844e-01	1.249709840128096217e-01	2.832574039093881391e-01	1.791060210298151267e-01	8.351929774472682810e-02	3.691437898954060687e-02	9.333109354007718128e-02
1.683544034352038352e+03	1.985289340076719089e-01	1.247080804823922501e-01	2.834921636234651321e-01	1.792772531599997055e-01	8.358995964323778782e-02	3.696545826503977450e-02	9.343815081790105004e-02
1.688381804565693983e+03	1.981591624687336073e-01	1.244466577186411210e-01	2.837255885905930475e-01	1.794475007926663590e-01	8.366021724645375524e-02	3.701627946405030428e-02	9.354459371856940764e-02
1.693219574779349159e+03	1.977914939028512786e-01	1.241867075371118068e-01	2.839576867345119937e-01	1.796167695196120295e-01	8.373007299474904963e-02	3.706684358251186723e-02	9.365042572835963197e-02
1.698057344993004335e+03	1.974259161332664048e-01	1.239282217939698810e-01	2.841884659273990477e-01	1.797850649009357094e-01	8.379952931199093069e-02	3.711715161826748682e-02	9.375565031387826653e-02
1.702895115206659511e+03	1.970624170595072500e-01	1.236711923859223627e-01	2.844179339902813686e-01	1.799523924652189633e-01	8.386858860567980578e-02	3.716720457092895918e-02	9.386027092216900347e-02
1.707732885420315142e+03	1.967009846567592812e-01	1.234156112501451630e-01	2.846460986934449267e-01	1.801187577097053405e-01	8.393725326708782741e-02	3.721700344174502795e-02	9.396429098082004217e-02
1.712570655633970318e+03	1.963416069752444704e-01	1.231614703642065489e-01	2.848729677568383467e-01	1.802841661004786766e-01	8.400552567139600579e-02	3.726654923347241799e-02	9.406771389807111472e-02
1.717408425847625494e+03	1.959842721396093390e-01	1.229087617459868748e-01	2.850985488504720333e-01	1.804486230726402296e-01	8.407340817782965603e-02	3.731584295024949899e-02	9.417054306291999799e-02
1.722246196061280898e+03	1.956289683483213027e-01	1.226574774535946627e-01	2.853228495948131327e-01	1.806121340304849276e-01	8.414090312979240205e-02	3.736488559747264820e-02	9.427278184522858151e-02
1.727083966274936301e+03	1.952756838730735633e-01	1.224076095852790341e-01	2.855458775611762756e-01	1.807747043476764237e-01	8.420801285499870947e-02	3.741367818167525006e-02	9.437443359582843583e-02
1.731921736488591478e+03	1.949244070581981347e-01	1.221591502793388656e-01	2.857676402721095466e-01	1.809363393674212062e-01	8.427473966560480867e-02	3.746222171040923532e-02	9.447550164662589511e-02
1.736759506702246881e+03	1.945751263200865833e-01	1.219120917140286559e-01	2.859881452017764558e-01	1.810970444026416826e-01	8.434108585833832716e-02	3.751051719212921548e-02	9.457598931070673731e-02
1.741597276915902057e+03	1.942278301466188462e-01	1.216664261074612841e-01	2.862073997763339150e-01	1.812568247361480978e-01	8.440705371462625672e-02	3.755856563607899018e-02	9.467589988244028143e-02
1.746435047129557461e+03	1.938825070965994324e-01	1.214221457175075902e-01	2.864254113743057717e-01	1.814156856208095359e-01	8.447264550072165756e-02	3.760636805218058043e-02	9.477523663758308237e-02
1.751272817343212637e+03	1.935391457992013120e-01	1.211792428416932077e-01	2.866421873269524578e-01	1.815736322797240065e-01	8.453786346782894701e-02	3.765392545092562798e-02	9.487400283338211227e-02
1.756110587556867813e+03	1.931977349534168831e-01	1.209377098170925230e-01	2.868577349186366421e-01	1.817306699063873654e-01	8.460270985222766160e-02	3.770123884326912617e-02	9.497220170867745614e-02
1.760948357770523216e+03	1.928582633275163494e-01	1.206975390202199433e-01	2.870720613871850513e-01	1.818868036648613740e-01	8.466718687539499799e-02	3.774830924052547526e-02	9.506983648400448017e-02
1.765786127984178393e+03	1.925207197585128427e-01	1.204587228669186105e-01	2.872851739242461844e-01	1.820420386899406773e-01	8.473129674412693824e-02	3.779513765426680688e-02	9.516691036169556972e-02
1.770623898197833569e+03	1.921850931516346783e-01	1.202212538122465757e-01	2.874970796756446401e-01	1.821963800873189487e-01	8.479504165065797350e-02	3.784172509622352187e-02	9.526342652598139560e-02
1.775461668411488745e+03	1.918513724798039111e-01	1.199851243503606280e-01	2.877077857417311701e-01	1.823498329337538693e-01	8.485842377277962034e-02	3.788807257818700702e-02	9.535938814309151412e-02
1.780299438625144376e+03	1.915195467831220244e-01	1.197503270143978893e-01	2.879172991777296242e-01	1.825024022772313292e-01	8.492144527395757703e-02	3.793418111191449588e-02	9.545479836135474516e-02
1.785137208838799552e+03	1.911896051683616427e-01	1.195168543763550639e-01	2.881256269940798420e-01	1.826540931371286314e-01	8.498410830344757527e-02	3.798005170903605288e-02	9.554966031129881465e-02
1.789974979052454728e+03	1.908615368084645991e-01	1.192846990469657587e-01	2.883327761567772707e-01	1.828049105043767220e-01	8.504641499641002467e-02	3.802568538096362527e-02	9.564397710574965017e-02
1.794812749266109904e+03	1.905353309420464436e-01	1.190538536755756382e-01	2.885387535877086407e-01	1.829548593416214231e-01	8.510836747402333868e-02	3.807108313880208650e-02	9.573775183993009363e-02
1.799650519479765535e+03	1.902109768729067785e-01	1.188243109500157907e-01	2.887435661649845886e-01	1.831039445833839152e-01	8.516996784359610884e-02	3.811624599326229879e-02	9.583098759155816992e-02
1.804488289693420711e+03	1.898884639695455068e-01	1.185960635964741217e-01	2.889472207232688938e-01	1.832521711362201378e-01	8.523121819867800208e-02	3.816117495457615333e-02	9.592368742094485590e-02
1.809326059907075887e+03	1.895677816646850755e-01	1.183691043793650699e-01	2.891497240541039959e-01	1.833995438788792731e-01	8.529212061916945087e-02	3.820587103241348398e-02	9.601585437109130816e-02
1.814163830120731291e+03	1.892489194547983811e-01	1.181434261011976433e-01	2.893510829062332923e-01	1.835460676624615650e-01	8.535267717143021904e-02	3.825033523580092382e-02	9.610749146778566065e-02
1.819001600334386467e+03	1.889318668996420592e-01	1.179190216024417343e-01	2.895513039859204940e-01	1.836917473105747489e-01	8.541288990838678818e-02	3.829456857304255196e-02	9.619860171969928098e-02
1.823839370548041643e+03	1.886166136217956035e-01	1.176958837613930470e-01	2.897503939572654841e-01	1.838365876194901216e-01	8.547276086963850883e-02	3.833857205164237919e-02	9.628918811848252712e-02
1.828677140761696819e+03	1.883031493062054529e-01	1.174740054940364431e-01	2.899483594425168453e-01	1.839805933582973896e-01	8.553229208156276631e-02	3.838234667822865154e-02	9.637925363886007402e-02
1.833514910975352450e+03	1.879914636997347954e-01	1.172533797539079548e-01	2.901452070223816682e-01	1.841237692690587124e-01	8.559148555741889763e-02	3.842589345847987475e-02	9.646880123872568491e-02
1.838352681189008081e+03	1.876815466107180919e-01	1.170339995319554932e-01	2.903409432363320830e-01	1.842661200669618582e-01	8.565034329745105368e-02	3.846921339705254572e-02	9.655783385923648321e-02
1.843190451402663257e+03	1.873733879085210108e-01	1.168158578563981975e-01	2.905355745829085734e-01	1.844076504404724981e-01	8.570886728899002049e-02	3.851230749751062554e-02	9.664635442490678019e-02
1.848028221616318433e+03	1.870669775231051102e-01	1.165989477925847145e-01	2.907291075200204578e-01	1.845483650514856411e-01	8.576705950655386101e-02	3.855517676225658080e-02	9.673436584370138924e-02
1.852865991829973609e+03	1.867623054445975428e-01	1.163832624428502022e-01	2.909215484652435402e-01	1.846882685354762632e-01	8.582492191194761311e-02	3.859782219246416651e-02	9.682187100712842664e-02
1.857703762043628785e+03	1.864593617228655353e-01	1.161687949463724029e-01	2.911129037961147081e-01	1.848273655016488271e-01	8.588245645436187736e-02	3.864024478801270090e-02	9.690887279033170987e-02
1.862541532257283961e+03	1.861581364670952532e-01	1.159555384790266347e-01	2.913031798504235881e-01	1.849656605330863846e-01	8.593966507047036407e-02	3.868244554742297087e-02	9.699537405218251751e-02
1.867379302470939592e+03	1.858586198453758831e-01	1.157434862532397274e-01	2.914923829265015365e-01	1.851031581868983478e-01	8.599654968452649650e-02	3.872442546779466394e-02	9.708137763537104392e-02
1.872217072684594768e+03	1.855608020842875738e-01	1.155326315178432234e-01	2.916805192835076332e-01	1.852398629943678154e-01	8.605311220845894560e-02	3.876618554474528522e-02	9.716688636649720157e-02
1.877054842898249490e+03	1.852646734684942897e-01	1.153229675579255931e-01	2.918675951417121772e-01	1.853757794610977894e-01	8.610935454196619321e-02	3.880772677235060780e-02	9.725190305616104869e-02
1.881892613111905121e+03	1.849702243403407442e-01	1.151144876946837287e-01	2.920536166827770730e-01	1.855109120671567247e-01	8.616527857261013779e-02	3.884905014308653176e-02	9.733643049905271738e-02
1.886730383325560297e+03	1.846774450994537464e-01	1.149071852852736192e-01	2.922385900500341083e-01	1.856452652672231918e-01	8.622088617590875637e-02	3.889015664777238646e-02	9.742047147404182816e-02
1.891568153539215928e+03	1.843863262023476834e-01	1.147010537226603871e-01	2.924225213487599562e-01	1.857788434907297337e-01	8.627617921542772572e-02	3.893104727551564836e-02	9.750402874426647437e-02
1.896405923752871104e+03	1.840968581620340827e-01	1.144960864354676172e-01	2.926054166464491790e-01	1.859116511420058349e-01	8.633115954287126637e-02	3.897172301365800506e-02	9.758710505722160977e-02
1.901243693966526507e+03	1.838090315476353653e-01	1.142922768878260747e-01	2.927872819730840681e-01	1.860436926004202240e-01	8.638582899817191796e-02	3.901218484772282780e-02	9.766970314484715865e-02
1.906081464180181683e+03	1.835228369840024576e-01	1.140896185792218548e-01	2.929681233214022629e-01	1.861749722205222057e-01	8.644018940957949593e-02	3.905243376136390693e-02	9.775182572361547362e-02
1.910919234393836859e+03	1.832382651513362326e-01	1.138881050443441290e-01	2.931479466471619277e-01	1.863054943321823531e-01	8.649424259374910440e-02	3.909247073631551272e-02	9.783347549461841874e-02
1.915757004607492036e+03	1.829553067848130321e-01	1.136877298529321428e-01	2.933267578694042643e-01	1.864352632407322297e-01	8.654799035582827482e-02	3.913229675234374677e-02	9.791465514365396694e-02
1.920594774821147894e+03	1.826739526742136299e-01	1.134884866096220885e-01	2.935045628707137477e-01	1.865642832271035001e-01	8.660143448954324419e-02	3.917191278719912850e-02	9.799536734131228388e-02
1.925432545034802843e+03	1.823941936635562755e-01	1.132903689537932135e-01	2.936813674974758648e-01	1.866925585479660699e-01	8.665457677728438668e-02	3.921131981657043769e-02	9.807561474306139560e-02
1.930270315248458019e+03	1.821160206507329848e-01	1.130933705594139582e-01	2.938571775601322988e-01	1.868200934358656140e-01	8.670741899019075716e-02	3.925051881403971571e-02	9.815539998933237031e-02
1.935108085462113195e+03	1.818394245871497172e-01	1.128974851348873987e-01	2.940319988334341161e-01	1.869468920993601624e-01	8.675996288823378810e-02	3.928951075103850193e-02	9.823472570560401462e-02
1.939945855675768371e+03	1.815643964773698826e-01	1.127027064228966619e-01	2.942058370566924541e-01	1.870729587231561020e-01	8.681221022030025103e-02	3.932829659680520118e-02	9.831359450248719489e-02
1.944783625889424002e+03	1.812909273787612907e-01	1.125090282002499387e-01	2.943786979340268228e-01	1.871982974682431800e-01	8.686416272427427421e-02	3.936687731834362380e-02	9.839200897580856198e-02
1.949621396103079178e+03	1.810190084011467637e-01	1.123164442777252747e-01	2.945505871346114635e-01	1.873229124720290073e-01	8.691582212711868038e-02	3.940525388038261523e-02	9.846997170669391508e-02
1.954459166316734354e+03	1.807486307064576914e-01	1.121249484999151808e-01	2.947215102929189867e-01	1.874468078484725353e-01	8.696719014495545019e-02	3.944342724533676098e-02	9.854748526165114930e-02
1.959296936530389530e+03	1.804797855083911384e-01	1.119345347450711597e-01	2.948914730089623459e-01	1.875699876882168937e-01	8.701826848314535290e-02	3.948139837326825746e-02	9.862455219265256479e-02
1.964134706744044706e+03	1.802124640720701998e-01	1.117451969249479427e-01	2.950604808485342567e-01	1.876924560587216184e-01	8.706905883636696653e-02	3.951916822184974726e-02	9.870117503721698160e-02
1.968972476957700337e+03	1.799466577137072698e-01	1.115569289846477102e-01	2.952285393434445626e-01	1.878142170043938519e-01	8.711956288869483755e-02	3.955673774632825074e-02	9.877735631849117459e-02
1.973810247171355968e+03	1.796823578002707811e-01	1.113697249024642594e-01	2.953956539917557134e-01	1.879352745467189889e-01	8.716978231367680796e-02	3.959410789949007609e-02	9.885309854533100293e-02
1.978648017385010689e+03	1.794195557491548021e-01	1.111835786897270584e-01	2.955618302580156898e-01	1.880556326843905446e-01	8.721971877441078713e-02	3.963127963162674933e-02	9.892840421238199844e-02
1.983485787598666320e+03	1.791582430278515770e-01	1.109984843906452467e-01	2.957270735734893186e-01	1.881752953934392736e-01	8.726937392362060786e-02	3.966825389050195744e-02	9.900327580015964857e-02
1.988323557812321269e+03	1.788984111536273680e-01	1.108144360821517738e-01	2.958913893363872560e-01	1.882942666273616228e-01	8.731874940373127170e-02	3.970503162131935881e-02	9.907771577512901329e-02
1.993161328025976900e+03	1.786400516932008797e-01	1.106314278737474122e-01	2.960547829120930285e-01	1.884125503172472405e-01	8.736784684694344494e-02	3.974161376669144846e-02	9.915172658978417541e-02
1.997999098239632076e+03	1.783831562624248468e-01	1.104494539073449105e-01	2.962172596333882413e-01	1.885301503719060967e-01	8.741666787530723293e-02	3.977800126660926971e-02	9.922531068272701094e-02
2.002836868453287707e+03	1.781277165259702588e-01	1.102685083571131319e-01	2.963788248006755666e-01	1.886470706779945772e-01	8.746521410079532988e-02	3.981419505841304884e-02	9.929847047874566790e-02
2.007674638666942428e+03	1.778737241970134164e-01	1.100885854293213867e-01	2.965394836821999558e-01	1.887633151001411047e-01	8.751348712537533603e-02	3.985019607676376641e-02	9.937120838889258734e-02
2.012512408880597604e+03	1.776211710369258734e-01	1.099096793621838347e-01	2.966992415142679640e-01	1.888788874810708729e-01	8.756148854108156132e-02	3.988600525361551963e-02	9.944352681056202459e-02
2.017350179094252780e+03	1.773700488549669607e-01	1.097317844257039848e-01	2.968581035014647429e-01	1.889937916417298580e-01	8.760921993008605191e-02	3.992162351818883542e-02	9.951542812756722367e-02
2.022187949307908411e+03	1.771203495079790025e-01	1.095548949215193746e-01	2.970160748168699238e-01	1.891080313814084424e-01	8.765668286476901994e-02	3.995705179694475362e-02	9.958691471021714758e-02
2.027025719521564042e+03	1.768720649000851131e-01	1.093790051827465415e-01	2.971731606022711136e-01	1.892216104778638996e-01	8.770387890778852391e-02	3.999229101355974980e-02	9.965798891539273674e-02
2.031863489735218764e+03	1.766251869823897980e-01	1.092041095738259249e-01	2.973293659683755585e-01	1.893345326874424916e-01	8.775080961214966335e-02	4.002734208890147694e-02	9.972865308662277883e-02
2.036701259948874394e+03	1.763797077526818857e-01	1.090302024903671979e-01	2.974846959950203651e-01	1.894468017452006769e-01	8.779747652127296853e-02	4.006220594100530497e-02	9.979890955415933462e-02
2.041539030162529116e+03	1.761356192551399302e-01	1.088572783589948217e-01	2.976391557313803338e-01	1.895584213650259031e-01	8.784388116906227673e-02	4.009688348505163064e-02	9.986876063505283063e-02
2.046376800376184747e+03	1.758929135800403332e-01	1.086853316371936967e-01	2.977927501961747936e-01	1.896693952397563998e-01	8.789002507997194236e-02	4.013137563334392977e-02	9.993820863322658288e-02
2.051214570589840150e+03	1.756515828634677978e-01	1.085143568131552161e-01	2.979454843778720496e-01	1.897797270413004722e-01	8.793590976907343648e-02	4.016568329528758668e-02	1.000072558395510708e-01
2.056052340803495554e+03	1.754116192870280866e-01	1.083443484056235417e-01	2.980973632348924984e-01	1.898894204207551284e-01	8.798153674212136344e-02	4.019980737736945919e-02	1.000759045319176144e-01
2.060890111017150957e+03	1.751730150775632211e-01	1.081753009637421437e-01	2.982483916958096337e-01	1.899984790085239295e-01	8.802690749561881134e-02	4.023374878313810271e-02	1.001441569753118571e-01
2.065727881230805451e+03	1.749357625068691247e-01	1.080072090669007001e-01	2.983985746595498312e-01	1.901069064144343124e-01	8.807202351688223074e-02	4.026750841318480628e-02	1.002120154218866382e-01
2.070565651444461309e+03	1.746998538914154298e-01	1.078400673245823171e-01	2.985479169955903567e-01	1.902147062278541079e-01	8.811688628410563329e-02	4.030108716512521838e-02	1.002794821110345597e-01
2.075403421658116713e+03	1.744652815920676725e-01	1.076738703762110394e-01	2.986964235441553206e-01	1.903218820178074755e-01	8.816149726642424911e-02	4.033448593358168743e-02	1.003465592694601782e-01
2.080241191871772116e+03	1.742320380138115410e-01	1.075086128909997218e-01	2.988440991164106331e-01	1.904284373330902003e-01	8.820585792397758751e-02	4.036770561016628234e-02	1.004132491112517123e-01
2.085078962085427065e+03	1.740001156054795384e-01	1.073442895677982761e-01	2.989909484946567386e-01	1.905343757023842677e-01	8.824996970797197027e-02	4.040074708346445137e-02	1.004795538379523873e-01
2.089916732299082469e+03	1.737695068594798387e-01	1.071808951349423056e-01	2.991369764325203517e-01	1.906397006343718559e-01	8.829383406074256535e-02	4.043361123901931253e-02	1.005454756386313792e-01
2.094754502512737417e+03	1.735402043115271409e-01	1.070184243501020593e-01	2.992821876551441385e-01	1.907444156178486061e-01	8.833745241581472674e-02	4.046629895931658921e-02	1.006110166899543967e-01
2.099592272726392821e+03	1.733122005403756882e-01	1.068568720001318723e-01	2.994265868593749547e-01	1.908485241218363659e-01	8.838082619796487627e-02	4.049881112377011483e-02	1.006761791562537783e-01
2.104430042940048224e+03	1.730854881675543966e-01	1.066962329009198962e-01	2.995701787139509187e-01	1.909520295956952385e-01	8.842395682328088591e-02	4.053114860870800362e-02	1.007409651895982833e-01
2.109267813153704083e+03	1.728600598571041758e-01	1.065365018972383865e-01	2.997129678596864300e-01	1.910549354692348822e-01	8.846684569922190489e-02	4.056331228735935573e-02	1.008053769298624947e-01
2.114105583367359031e+03	1.726359083153171103e-01	1.063776738625942520e-01	2.998549589096559664e-01	1.911572451528253946e-01	8.850949422467760397e-02	4.059530302984157291e-02	1.008694165047957364e-01
2.118943353581013525e+03	1.724130262904777777e-01	1.062197436990802019e-01	2.999961564493763833e-01	1.912589620375073629e-01	8.855190379002697565e-02	4.062712170314820848e-02	1.009330860300907129e-01
2.123781123794669384e+03	1.721914065726064536e-01	1.060627063372261980e-01	3.001365650369877680e-01	1.913600894951015263e-01	8.859407577719660698e-02	4.065876917113741412e-02	1.009963876094517043e-01
2.128618894008324787e+03	1.719710419932043710e-01	1.059065567358514481e-01	3.002761892034325197e-01	1.914606308783174671e-01	8.863601155971843892e-02	4.069024629452090008e-02	1.010593233346624154e-01
2.133456664221980191e+03	1.717519254250008676e-01	1.057512898819168712e-01	3.004150334526338173e-01	1.915605895208621623e-01	8.867771250278702611e-02	4.072155393085342273e-02	1.011218952856533931e-01
2.138294434435635139e+03	1.715340497817025300e-01	1.055969007903778956e-01	3.005531022616714787e-01	1.916599687375474259e-01	8.871917996331629697e-02	4.075269293452281338e-02	1.011841055305690990e-01
2.143132204649290543e+03	1.713174080177440328e-01	1.054433845040379375e-01	3.006904000809573763e-01	1.917587718243970452e-01	8.876041528999589758e-02	4.078366415674053447e-02	1.012459561258346463e-01
2.147969974862945492e+03	1.711019931280410855e-01	1.052907360934021708e-01	3.008269313344091311e-01	1.918570020587533342e-01	8.880141982334693873e-02	4.081446844553266590e-02	1.013074491162220675e-01
2.152807745076601350e+03	1.708877981477451569e-01	1.051389506565319348e-01	3.009627004196223643e-01	1.919546626993828276e-01	8.884219489577736828e-02	4.084510664573146738e-02	1.013685865349163023e-01
2.157645515290255844e+03	1.706748161519998086e-01	1.049880233188995315e-01	3.010977117080415599e-01	1.920517569865816399e-01	8.888274183163680231e-02	4.087557959896737786e-02	1.014293704035807292e-01
2.162483285503912157e+03	1.704630402556991109e-01	1.048379492332436463e-01	3.012319695451298185e-01	1.921482881422800770e-01	8.892306194727092605e-02	4.090588814366147297e-02	1.014898027324224045e-01
2.167321055717567106e+03	1.702524636132477232e-01	1.046887235794251442e-01	3.013654782505371110e-01	1.922442593701467195e-01	8.896315655107545073e-02	4.093603311501842895e-02	1.015498855202568856e-01
2.172158825931222509e+03	1.700430794183227512e-01	1.045403415642834344e-01	3.014982421182670347e-01	1.923396738556919505e-01	8.900302694354959854e-02	4.096601534501989605e-02	1.016096207545727353e-01
2.176996596144877003e+03	1.698348809036372975e-01	1.043927984214934046e-01	3.016302654168429020e-01	1.924345347663706796e-01	8.904267441734911581e-02	4.099583566241831595e-02	1.016690104115956228e-01
2.181834366358532861e+03	1.696278613407057323e-01	1.042460894114228681e-01	3.017615523894716101e-01	1.925288452516848436e-01	8.908210025733893922e-02	4.102549489273122491e-02	1.017280564563520784e-01
2.186672136572187810e+03	1.694220140396107133e-01	1.041002098209904830e-01	3.018921072542070649e-01	1.926226084432850483e-01	8.912130574064523747e-02	4.105499385823591085e-02	1.017867608427328596e-01
2.191509906785843214e+03	1.692173323487719261e-01	1.039551549635241851e-01	3.020219342041117749e-01	1.927158274550716532e-01	8.916029213670724485e-02	4.108433337796452839e-02	1.018451255135560257e-01
2.196347676999498617e+03	1.690138096547162960e-01	1.038109201786203695e-01	3.021510374074176108e-01	1.928085053832954421e-01	8.919906070732844250e-02	4.111351426769958850e-02	1.019031524006296097e-01
2.201185447213154021e+03	1.688114393818499759e-01	1.036675008320033370e-01	3.022794210076850119e-01	1.929006453066576254e-01	8.923761270672758705e-02	4.114253733996992707e-02	1.019608434248139434e-01
2.206023217426809424e+03	1.686102149922319715e-01	1.035248923153854750e-01	3.024070891239611925e-01	1.929922502864092060e-01	8.927594938158903148e-02	4.117140340404693705e-02	1.020182004960836636e-01
2.210860987640464373e+03	1.684101299853494049e-01	1.033830900463279800e-01	3.025340458509368502e-01	1.930833233664498993e-01	8.931407197111276841e-02	4.120011326594127943e-02	1.020752255135893016e-01
2.215698757854119776e+03	1.682111778978941097e-01	1.032420894681020107e-01	3.026602952591022078e-01	1.931738675734264998e-01	8.935198170706415421e-02	4.122866772839995503e-02	1.021319203657185537e-01
2.220536528067775180e+03	1.680133523035411414e-01	1.031018860495505757e-01	3.027858413949012228e-01	1.932638859168305523e-01	8.938967981382303640e-02	4.125706759090368853e-02	1.021882869301572877e-01
2.225374298281430583e+03	1.678166468127286759e-01	1.029624752849508246e-01	3.029106882808850210e-01	1.933533813890956077e-01	8.942716750843263118e-02	4.128531364966472189e-02	1.022443270739501059e-01
2.230212068495085077e+03	1.676210550724392123e-01	1.028238526938770464e-01	3.030348399158640516e-01	1.934423569656938402e-01	8.946444600064792918e-02	4.131340669762495477e-02	1.023000426535605745e-01
2.235049838708740936e+03	1.674265707659828573e-01	1.026860138210641260e-01	3.031583002750590783e-01	1.935308156052322481e-01	8.950151649298375423e-02	4.134134752445440403e-02	1.023554355149311479e-01
2.239887608922396339e+03	1.672331876127815808e-01	1.025489542362716111e-01	3.032810733102512257e-01	1.936187602495480498e-01	8.953838018076239191e-02	4.136913691655001030e-02	1.024105074935427878e-01
2.244725379136052197e+03	1.670408993681551379e-01	1.024126695341484455e-01	3.034031629499304716e-01	1.937061938238039127e-01	8.957503825216082960e-02	4.139677565703477058e-02	1.024652604144740825e-01
2.249563149349706237e+03	1.668496998231085160e-01	1.022771553340980633e-01	3.035245730994436952e-01	1.937931192365821842e-01	8.961149188825769107e-02	4.142426452575719009e-02	1.025196960924603107e-01
2.254400919563362095e+03	1.666595828041208538e-01	1.021424072801443012e-01	3.036453076411406160e-01	1.938795393799791211e-01	8.964774226307974103e-02	4.145160429929106022e-02	1.025738163319519086e-01
2.259238689777017044e+03	1.664705421729356927e-01	1.020084210407977560e-01	3.037653704345198435e-01	1.939654571296980379e-01	8.968379054364801484e-02	4.147879575093554871e-02	1.026276229271727292e-01
2.264076459990672902e+03	1.662825718263526986e-01	1.018751923089227379e-01	3.038847653163727625e-01	1.940508753451423984e-01	8.971963789002355971e-02	4.150583965071553277e-02	1.026811176621779675e-01
