1.001418434226643626e+03	2.787167045775085783e-01	1.812354009838957059e-01	2.351531916827314106e-01	1.412901488494932578e-01	6.769658609690920592e-02	2.672518995404676509e-02	6.918277785512241818e-02
1.003837319333471214e+03	2.782794830205134740e-01	1.809645048352771235e-01	2.354558881823859418e-01	1.414663142178313182e-01	6.776301006073205679e-02	2.677082846498865173e-02	6.929997121797878967e-02
1.006256204440298802e+03	2.778435496436059693e-01	1.806943535648088961e-01	2.357576448461496388e-01	1.416418950794731679e-01	6.782926624253038383e-02	2.681641318252542261e-02	6.941687744061386667e-02
1.008675089547126618e+03	2.774089005948894293e-01	1.804249450685490863e-01	2.360584647591590091e-01	1.418168950300100206e-01	6.789535500519995603e-02	2.686194341574912881e-02	6.953349612615071507e-02
1.011093974653954206e+03	2.769755320357128459e-01	1.801562772487201591e-01	2.363583509902148216e-01	1.419913176188560278e-01	6.796127671262375269e-02	2.690741848709415907e-02	6.964982690648556518e-02
1.013512859760782021e+03	2.765434401405931220e-01	1.798883480136874158e-01	2.366573065919963803e-01	1.421651663500540508e-01	6.802703172963144029e-02	2.695283773212622108e-02	6.976586944161877746e-02
1.015931744867609382e+03	2.761126210971386885e-01	1.796211552779370946e-01	2.369553346012716055e-01	1.423384446830659456e-01	6.809262042195965425e-02	2.699820049933481653e-02	6.988162341899961660e-02
1.018350629974437197e+03	2.756830711059738981e-01	1.793546969620549991e-01	2.372524380391032583e-01	1.425111560335482197e-01	6.815804315621307174e-02	2.704350614992915777e-02	6.999708855288482023e-02
1.020769515081264785e+03	2.752547863806645845e-01	1.790889709927051265e-01	2.375486199110507235e-01	1.426833037741128130e-01	6.822330029982628941e-02	2.708875405763740835e-02	7.011226458371047632e-02
1.023188400188092373e+03	2.748277631476440663e-01	1.788239753026085455e-01	2.378438832073682119e-01	1.428548912350737221e-01	6.828839222102647821e-02	2.713394360850926793e-02	7.022715127747711228e-02
1.025607285294920075e+03	2.744019976461407051e-01	1.785597078305221908e-01	2.381382309031988276e-01	1.430259217051794707e-01	6.835331928879684327e-02	2.717907420072179780e-02	7.034174842514755166e-02
1.028026170401747549e+03	2.739774861281056850e-01	1.782961665212181024e-01	2.384316659587651377e-01	1.431963984323319228e-01	6.841808187284072196e-02	2.722414524438841396e-02	7.045605584205745509e-02
1.030445055508575479e+03	2.735542248581420144e-01	1.780333493254625810e-01	2.387241913195557452e-01	1.433663246242913303e-01	6.848268034354655642e-02	2.726915616137103038e-02	7.057007336733815694e-02
1.032863940615402726e+03	2.731322101134345259e-01	1.777712541999956486e-01	2.390158099165084760e-01	1.435357034493684458e-01	6.854711507195342113e-02	2.731410638509528671e-02	7.068380086335164514e-02
1.035282825722230655e+03	2.727114381836802659e-01	1.775098791075104543e-01	2.393065246661898737e-01	1.437045380371032854e-01	6.861138642971746637e-02	2.735899536036880131e-02	7.079723821513725368e-02
1.037701710829058356e+03	2.722919053710201598e-01	1.772492220166330679e-01	2.395963384709712540e-01	1.438728314789315121e-01	6.867549478907880589e-02	2.740382254320237673e-02	7.091038532987017917e-02
1.040120595935886058e+03	2.718736079899711222e-01	1.769892809019021629e-01	2.398852542192014548e-01	1.440405868288379687e-01	6.873944052282929262e-02	2.744858740063415431e-02	7.102324213633121053e-02
1.042539481042713533e+03	2.714565423673591105e-01	1.767300537437489771e-01	2.401732747853759509e-01	1.442078071039981646e-01	6.880322400428087737e-02	2.749328941055662751e-02	7.113580858438760257e-02
1.044958366149541234e+03	2.710407048422531218e-01	1.764715385284774674e-01	2.404604030303031104e-01	1.443744952854076058e-01	6.886684560723457804e-02	2.753792806154646208e-02	7.124808464448495471e-02
1.047377251256368709e+03	2.706260917658997456e-01	1.762137332482442698e-01	2.407466418012668419e-01	1.445406543184995229e-01	6.893030570595012896e-02	2.758250285269710569e-02	7.136007030714970611e-02
1.049796136363196410e+03	2.702126995016583821e-01	1.759566359010392711e-01	2.410319939321864668e-01	1.447062871137506646e-01	6.899360467511629624e-02	2.762701329345411752e-02	7.147176558250212253e-02
1.052215021470024112e+03	2.698005244249374046e-01	1.757002444906658190e-01	2.413164622437732887e-01	1.448713965472762932e-01	6.905674288982177611e-02	2.767145890345316592e-02	7.158317049977953872e-02
1.054633906576851814e+03	2.693895629231311539e-01	1.754445570267214871e-01	2.416000495436841367e-01	1.450359854614133859e-01	6.911972072552663438e-02	2.771583921236065937e-02	7.169428510686975953e-02
1.057052791683679516e+03	2.689798113955573777e-01	1.751895715245785912e-01	2.418827586266722174e-01	1.452000566652936198e-01	6.918253855803443986e-02	2.776015375971695176e-02	7.180510946985409204e-02
1.059471676790506763e+03	2.685712662533951689e-01	1.749352860053650649e-01	2.421645922747347468e-01	1.453636129354049789e-01	6.924519676346495289e-02	2.780440209478211161e-02	7.191564367256021717e-02
1.061890561897334692e+03	2.681639239196245139e-01	1.746816984959453645e-01	2.424455532572579453e-01	1.455266570161435069e-01	6.930769571822727182e-02	2.784858377638415455e-02	7.202588781612444258e-02
1.064309447004162394e+03	2.677577808289655081e-01	1.744288070289015113e-01	2.427256443311592571e-01	1.456891916203542081e-01	6.937003579899374273e-02	2.789269837276974612e-02	7.213584201856321210e-02
1.066728332110990095e+03	2.673528334278186813e-01	1.741766096425142463e-01	2.430048682410268501e-01	1.458512194298622056e-01	6.943221738267425780e-02	2.793674546145731227e-02	7.224550641435369125e-02
1.069147217217817570e+03	2.669490781742058783e-01	1.739251043807442110e-01	2.432832277192563675e-01	1.460127430959939077e-01	6.949424084639109489e-02	2.798072462909251268e-02	7.235488115402324838e-02
1.071566102324645271e+03	2.665465115377120831e-01	1.736742892932134907e-01	2.435607254861852644e-01	1.461737652400884047e-01	6.955610656745436771e-02	2.802463547130603846e-02	7.246396640374762332e-02
1.073984987431472746e+03	2.661451299994272990e-01	1.734241624351869349e-01	2.438373642502242866e-01	1.463342884539993449e-01	6.961781492333800336e-02	2.806847759257371025e-02	7.257276234495761702e-02
1.076403872538300675e+03	2.657449300518898161e-01	1.731747218675538103e-01	2.441131467079868667e-01	1.464943153005875964e-01	6.967936629165603912e-02	2.811225060607881049e-02	7.268126917395417719e-02
1.078822757645127922e+03	2.653459081990293122e-01	1.729259656568095105e-01	2.443880755444158004e-01	1.466538483142045823e-01	6.974076105013971016e-02	2.815595413357662238e-02	7.278948710153160251e-02
1.081241642751955851e+03	2.649480609561109534e-01	1.726778918750373482e-01	2.446621534329073977e-01	1.468128900011667626e-01	6.980199957661473165e-02	2.819958780526115455e-02	7.289741635260883756e-02
1.083660527858783553e+03	2.645513848496802156e-01	1.724304985998904305e-01	2.449353830354336625e-01	1.469714428402210948e-01	6.986308224897926078e-02	2.824315125963398204e-02	7.300505716586851157e-02
1.086079412965611255e+03	2.641558764175079288e-01	1.721837839145736737e-01	2.452077670026620304e-01	1.471295092830021412e-01	6.992400944518226136e-02	2.828664414337520375e-02	7.311240979340380419e-02
1.088498298072438729e+03	2.637615322085363201e-01	1.719377459078260117e-01	2.454793079740725803e-01	1.472870917544805702e-01	6.998478154320231237e-02	2.833006611121642940e-02	7.321947450037276373e-02
1.090917183179266431e+03	2.633683487828251124e-01	1.716923826739024661e-01	2.457500085780734977e-01	1.474441926534031944e-01	7.004539892102686072e-02	2.837341682581583785e-02	7.332625156465998051e-02
1.093336068286093905e+03	2.629763227114986224e-01	1.714476923125564933e-01	2.460198714321140956e-01	1.476008143527250960e-01	7.010586195663200126e-02	2.841669595763518172e-02	7.343274127654553229e-02
1.095754953392921607e+03	2.625854505766930802e-01	1.712036729290223880e-01	2.462888991427956697e-01	1.477569592000335386e-01	7.016617102796252059e-02	2.845990318481878001e-02	7.353894393838103505e-02
1.098173838499749309e+03	2.621957289715047823e-01	1.709603226339978244e-01	2.465570943059805509e-01	1.479126295179642170e-01	7.022632651291260686e-02	2.850303819307441547e-02	7.364485986427260489e-02
1.100592723606577010e+03	2.618071544999385769e-01	1.707176395436263983e-01	2.468244595068989355e-01	1.480678276046097086e-01	7.028632878930672623e-02	2.854610067555613320e-02	7.375048937977056462e-02
1.103011608713404712e+03	2.614197237768568494e-01	1.704756217794803352e-01	2.470909973202537191e-01	1.482225557339203192e-01	7.034617823488108213e-02	2.858909033274889544e-02	7.385583282156588103e-02
1.105430493820231959e+03	2.610334334279290625e-01	1.702342674685432267e-01	2.473567103103235520e-01	1.483768161560976573e-01	7.040587522726542147e-02	2.863200687235506817e-02	7.396089053719306916e-02
1.107849378927059888e+03	2.606482800895820184e-01	1.699935747431929600e-01	2.476216010310637039e-01	1.485306110979809358e-01	7.046542014396521558e-02	2.867485000918268759e-02	7.406566288473956372e-02
1.110268264033887590e+03	2.602642604089500655e-01	1.697535417411846215e-01	2.478856720262053448e-01	1.486839427634260302e-01	7.052481336234422971e-02	2.871761946503551682e-02	7.417015023256119666e-02
1.112687149140715292e+03	2.598813710438265256e-01	1.695141666056335927e-01	2.481489258293529954e-01	1.488368133336776256e-01	7.058405525960752269e-02	2.876031496860482345e-02	7.427435295900394752e-02
1.115106034247542766e+03	2.594996086626148446e-01	1.692754474849985924e-01	2.484113649640798394e-01	1.489892249677345348e-01	7.064314621278475204e-02	2.880293625536285360e-02	7.437827145213164737e-02
1.117524919354370468e+03	2.591189699442807970e-01	1.690373825330649671e-01	2.486729919440216763e-01	1.491411798027082458e-01	7.070208659871385359e-02	2.884548306745800608e-02	7.448190610945946977e-02
1.119943804461197942e+03	2.587394515783049131e-01	1.687999699089279826e-01	2.489338092729690699e-01	1.492926799541749172e-01	7.076087679402517927e-02	2.888795515361164412e-02	7.458525733769333366e-02
1.122362689568025871e+03	2.583610502646352391e-01	1.685632077769762260e-01	2.491938194449576094e-01	1.494437275165208523e-01	7.081951717512578737e-02	2.893035226901653073e-02	7.468832555247487126e-02
1.124781574674853118e+03	2.579837627136407630e-01	1.683270943068749526e-01	2.494530249443567549e-01	1.495943245632816998e-01	7.087800811818427416e-02	2.897267417523684968e-02	7.479111117813186382e-02
1.127200459781681047e+03	2.576075856460652291e-01	1.680916276735498205e-01	2.497114282459569623e-01	1.497444731474753543e-01	7.093634999911584138e-02	2.901492064010980157e-02	7.489361464743417296e-02
1.129619344888508749e+03	2.572325157929813422e-01	1.678568060571703768e-01	2.499690318150553370e-01	1.498941753019288337e-01	7.099454319356766907e-02	2.905709143764875421e-02	7.499583640135490392e-02
1.132038229995336451e+03	2.568585498957453028e-01	1.676226276431338202e-01	2.502258381075395666e-01	1.500434330395991334e-01	7.105258807690473244e-02	2.909918634794787448e-02	7.509777688883682856e-02
1.134457115102163925e+03	2.564856847059520661e-01	1.673890906220487917e-01	2.504818495699703274e-01	1.501922483538881137e-01	7.111048502419579920e-02	2.914120515708827283e-02	7.519943656656385977e-02
1.136876000208991627e+03	2.561139169853906550e-01	1.671561931897192210e-01	2.507370686396626636e-01	1.503406232189518632e-01	7.116823441019981544e-02	2.918314765704561886e-02	7.530081589873745262e-02
1.139294885315819101e+03	2.557432435060000286e-01	1.669239335471282559e-01	2.509914977447651463e-01	1.504885595900040951e-01	7.122583660935261074e-02	2.922501364559917242e-02	7.540191535685791813e-02
1.141713770422646803e+03	2.553736610498255066e-01	1.666923099004223585e-01	2.512451393043383940e-01	1.506360594036143252e-01	7.128329199575382524e-02	2.926680292624225799e-02	7.550273541951058043e-02
1.144132655529474505e+03	2.550051664089752479e-01	1.664613204608952901e-01	2.514979957284316225e-01	1.507831245780003049e-01	7.134060094315421152e-02	2.930851530809409911e-02	7.560327657215648589e-02
1.146551540636302207e+03	2.546377563855774517e-01	1.662309634449724016e-01	2.517500694181579735e-01	1.509297570133154021e-01	7.139776382494318618e-02	2.935015060581305790e-02	7.570353930692777511e-02
1.148970425743129908e+03	2.542714277917377808e-01	1.660012370741947574e-01	2.520013627657687882e-01	1.510759585919305426e-01	7.145478101413664518e-02	2.939170863951118956e-02	7.580352412242748195e-02
1.151389310849957155e+03	2.539061774494970614e-01	1.657721395752034532e-01	2.522518781547263833e-01	1.512217311787111551e-01	7.151165288336515380e-02	2.943318923467014639e-02	7.590323152353387059e-02
1.153808195956785084e+03	2.535420021907895949e-01	1.655436691797240456e-01	2.525016179597751598e-01	1.513670766212888708e-01	7.156837980486226158e-02	2.947459222205836213e-02	7.600266202120882497e-02
1.156227081063612786e+03	2.531788988574016352e-01	1.653158241245510918e-01	2.527505845470123247e-01	1.515119967503286702e-01	7.162496215045320580e-02	2.951591743764952341e-02	7.610181613231069286e-02
1.158645966170440488e+03	2.528168643009301997e-01	1.650886026515324956e-01	2.529987802739565028e-01	1.516564933797907577e-01	7.168140029154380921e-02	2.955716472254231106e-02	7.620069437941107138e-02
1.161064851277267962e+03	2.524558953827426011e-01	1.648620030075542142e-01	2.532462074896156823e-01	1.518005683071878831e-01	7.173769459910965540e-02	2.959833392288135911e-02	7.629929729061579735e-02
1.163483736384095664e+03	2.520959889739357029e-01	1.646360234445248816e-01	2.534928685345537169e-01	1.519442233138381115e-01	7.179384544368554166e-02	2.963942488977945253e-02	7.639762539938979580e-02
1.165902621490923138e+03	2.517371419552961176e-01	1.644106622193605982e-01	2.537387657409559405e-01	1.520874601651127367e-01	7.184985319535514003e-02	2.968043747924089745e-02	7.649567924438577249e-02
1.168321506597751068e+03	2.513793512172604605e-01	1.641859175939696103e-01	2.539839014326934485e-01	1.522302806106800299e-01	7.190571822374088040e-02	2.972137155208610590e-02	7.659345936927676457e-02
1.170740391704578315e+03	2.510226136598756597e-01	1.639617878352372382e-01	2.542282779253861036e-01	1.523726863847442992e-01	7.196144089799418053e-02	2.976222697387729405e-02	7.669096632259246593e-02
1.173159276811406244e+03	2.506669261927603198e-01	1.637382712150108610e-01	2.544718975264650962e-01	1.525146792062807843e-01	7.201702158678575938e-02	2.980300361484534977e-02	7.678820065755904978e-02
1.175578161918233945e+03	2.503122857350656982e-01	1.635153660100849005e-01	2.547147625352335631e-01	1.526562607792663062e-01	7.207246065829628345e-02	2.984370134981781386e-02	7.688516293194261331e-02
1.177997047025061647e+03	2.499586892154373186e-01	1.632930705021857221e-01	2.549568752429270391e-01	1.527974327929057519e-01	7.212775848020724911e-02	2.988432005814796108e-02	7.698185370789617510e-02
1.180415932131889122e+03	2.496061335719769458e-01	1.630713829779569246e-01	2.551982379327719652e-01	1.529381969218543968e-01	7.218291541969196201e-02	2.992485962364496016e-02	7.707827355181001705e-02
1.182834817238716823e+03	2.492546157522046724e-01	1.628503017289444632e-01	2.554388528800442537e-01	1.530785548264363694e-01	7.223793184340687734e-02	2.996531993450510592e-02	7.717442303416539862e-02
1.185253702345544298e+03	2.489041327130214754e-01	1.626298250515818555e-01	2.556787223521260199e-01	1.532185081528590620e-01	7.229280811748306501e-02	3.000570088324409912e-02	7.727030272939153233e-02
1.187672587452371999e+03	2.485546814206719690e-01	1.624099512471756102e-01	2.559178486085617599e-01	1.533580585334237967e-01	7.234754460751786909e-02	3.004600236663036369e-02	7.736591321572576507e-02
1.190091472559199701e+03	2.482062588507074341e-01	1.621906786218904051e-01	2.561562339011133616e-01	1.534972075867326591e-01	7.240214167856687255e-02	3.008622428561935278e-02	7.746125507507699293e-02
1.192510357666027403e+03	2.478588619879493748e-01	1.619720054867347658e-01	2.563938804738145616e-01	1.536359569178915585e-01	7.245659969513594534e-02	3.012636654528888860e-02	7.755632889289197640e-02
1.194929242772855105e+03	2.475124878264529649e-01	1.617539301575462440e-01	2.566307905630241248e-01	1.537743081187098459e-01	7.251091902117356991e-02	3.016642905477546696e-02	7.765113525802484762e-02
1.197348127879682352e+03	2.471671333694710482e-01	1.615364509549772620e-01	2.568669663974783579e-01	1.539122627678961575e-01	7.256510002006327786e-02	3.020641172721151568e-02	7.774567476260943466e-02
1.199767012986510281e+03	2.468227956294184455e-01	1.613195662044805134e-01	2.571024101983427346e-01	1.540498224312508435e-01	7.261914305461636410e-02	3.024631447966361422e-02	7.783994800193454189e-02
1.202185898093337983e+03	2.464794716278362885e-01	1.611032742362946968e-01	2.573371241792625774e-01	1.541869886618550123e-01	7.267304848706473974e-02	3.028613723307165689e-02	7.793395557432208909e-02
1.204604783200165684e+03	2.461371583953568809e-01	1.608875733854302492e-01	2.575711105464130735e-01	1.543237630002561311e-01	7.272681667905393776e-02	3.032587991218892165e-02	7.802769808100790128e-02
1.207023668306993159e+03	2.457958529716686435e-01	1.606724619916551078e-01	2.578043714985482904e-01	1.544601469746502975e-01	7.278044799163638223e-02	3.036554244552304785e-02	7.812117612602532957e-02
1.209442553413820860e+03	2.454555524054814475e-01	1.604579383994805541e-01	2.580369092270495823e-01	1.545961421010614567e-01	7.283394278526469923e-02	3.040512476527789179e-02	7.821439031609149495e-02
1.211861438520648335e+03	2.451162537544921416e-01	1.602440009581470870e-01	2.582687259159730520e-01	1.547317498835171501e-01	7.288730141978537469e-02	3.044462680729629125e-02	7.830734126049607169e-02
1.214280323627476264e+03	2.447779540853502744e-01	1.600306480216103222e-01	2.584998237420965128e-01	1.548669718142213769e-01	7.294052425443238452e-02	3.048404851100365229e-02	7.840002957099266589e-02
1.216699208734303511e+03	2.444406504736242047e-01	1.598178779485270595e-01	2.587302048749654526e-01	1.550018093737242642e-01	7.299361164782112998e-02	3.052338981935240336e-02	7.849245586169271982e-02
1.219118093841131440e+03	2.441043400037673783e-01	1.596056891022413216e-01	2.589598714769381638e-01	1.551362640310887664e-01	7.304656395794249801e-02	3.056265067876727873e-02	7.858462074896180316e-02
1.221536978947959142e+03	2.437690197690847715e-01	1.593940798507704759e-01	2.591888257032307075e-01	1.552703372440544516e-01	7.309938154215707418e-02	3.060183103909143096e-02	7.867652485131824969e-02
1.223955864054786844e+03	2.434346868716998069e-01	1.591830485667913020e-01	2.594170697019605454e-01	1.554040304591983723e-01	7.315206475718948054e-02	3.064093085353332413e-02	7.876816878933426413e-02
1.226374749161614318e+03	2.431013384225211849e-01	1.589725936276263352e-01	2.596446056141899494e-01	1.555373451120930783e-01	7.320461395912288005e-02	3.067995007861445619e-02	7.885955318553920790e-02
1.228793634268442020e+03	2.427689715412102989e-01	1.587627134152299890e-01	2.598714355739683568e-01	1.556702826274617979e-01	7.325702950339367525e-02	3.071888867411784463e-02	7.895067866432517456e-02
1.231212519375269494e+03	2.424375833561484561e-01	1.585534063161749552e-01	2.600975617083743918e-01	1.558028444193310380e-01	7.330931174478630408e-02	3.075774660303727190e-02	7.904154585185470261e-02
1.233631404482097196e+03	2.421071710044047642e-01	1.583446707216386584e-01	2.603229861375571663e-01	1.559350318911802979e-01	7.336146103742817448e-02	3.079652383152730113e-02	7.913215537597073634e-02
1.236050289588924898e+03	2.417777316317039904e-01	1.581365050273894068e-01	2.605477109747768583e-01	1.560668464360894514e-01	7.341347773478479333e-02	3.083522032885403427e-02	7.922250786610857132e-02
1.238469174695752372e+03	2.414492623923946701e-01	1.579289076337731801e-01	2.607717383264446243e-01	1.561982894368830477e-01	7.346536218965499243e-02	3.087383606734660224e-02	7.931260395320995082e-02
1.240888059802580301e+03	2.411217604494174938e-01	1.577218769456999459e-01	2.609950702921621235e-01	1.563293622662727256e-01	7.351711475416626562e-02	3.091237102234936987e-02	7.940244426963917468e-02
1.243306944909407548e+03	2.407952229742738315e-01	1.575154113726302540e-01	2.612177089647603756e-01	1.564600662869965186e-01	7.356873577977025846e-02	3.095082517217485202e-02	7.949202944910106761e-02
1.245725830016235477e+03	2.404696471469944807e-01	1.573095093285618307e-01	2.614396564303378412e-01	1.565904028519561342e-01	7.362022561723845226e-02	3.098919849805734789e-02	7.958136012656101543e-02
1.248144715123063179e+03	2.401450301561086909e-01	1.571041692320163941e-01	2.616609147682982806e-01	1.567203733043517622e-01	7.367158461665784808e-02	3.102749098410721718e-02	7.967043693816686090e-02
1.250563600229890881e+03	2.398213691986134100e-01	1.568993895060261656e-01	2.618814860513877796e-01	1.568499789778143583e-01	7.372281312742691439e-02	3.106570261726588136e-02	7.975926052117256193e-02
1.252982485336718355e+03	2.394986614799425595e-01	1.566951685781207970e-01	2.621013723457311650e-01	1.569792211965357898e-01	7.377391149825152095e-02	3.110383338726146682e-02	7.984783151386373734e-02
1.255401370443546057e+03	2.391769042139366697e-01	1.564915048803141306e-01	2.623205757108683644e-01	1.571081012753966777e-01	7.382488007714112233e-02	3.114188328656509672e-02	7.993615055548504433e-02
1.257820255550373531e+03	2.388560946228126258e-01	1.562883968490909325e-01	2.625390981997896556e-01	1.572366205200919909e-01	7.387571921140498321e-02	3.117985231034783866e-02	8.002421828616909649e-02
1.260239140657201460e+03	2.385362299371337480e-01	1.560858429253939861e-01	2.627569418589708050e-01	1.573647802272545582e-01	7.392642924764845913e-02	3.121774045643828724e-02	8.011203534686731076e-02
1.262658025764028707e+03	2.382173073957798981e-01	1.558838415546108802e-01	2.629741087284075962e-01	1.574925816845762216e-01	7.397701053176955477e-02	3.125554772528076758e-02	8.019960237928225322e-02
1.265076910870856636e+03	2.378993242459178370e-01	1.556823911865611865e-01	2.631906008416497467e-01	1.576200261709271300e-01	7.402746340895548227e-02	3.129327411989413915e-02	8.028692002580167797e-02
1.267495795977684338e+03	2.375822777429718036e-01	1.554814902754833028e-01	2.634064202258344922e-01	1.577471149564729225e-01	7.407778822367931670e-02	3.133091964583124833e-02	8.037398892943413420e-02
1.269914681084511813e+03	2.372661651505942604e-01	1.552811372800216583e-01	2.636215689017197272e-01	1.578738493027896928e-01	7.412798531969677640e-02	3.136848431113890834e-02	8.046080973374618306e-02
1.272333566191339514e+03	2.369509837406366948e-01	1.550813306632138344e-01	2.638360488837164786e-01	1.580002304629773424e-01	7.417805504004319761e-02	3.140596812631853141e-02	8.054738308280107173e-02
1.274752451298167216e+03	2.366367307931208919e-01	1.548820688924777700e-01	2.640498621799211576e-01	1.581262596817705757e-01	7.422799772703045362e-02	3.144337110428730570e-02	8.063370962109893403e-02
1.277171336404994690e+03	2.363234035962101798e-01	1.546833504395988823e-01	2.642630107921473126e-01	1.582519381956482563e-01	7.427781372224409595e-02	3.148069326033993420e-02	8.071978999351843431e-02
1.279590221511822392e+03	2.360109994461806748e-01	1.544851737807173830e-01	2.644754967159568260e-01	1.583772672329408493e-01	7.432750336654052326e-02	3.151793461211094965e-02	8.080562484525991018e-02
1.282009106618650094e+03	2.356995156473931652e-01	1.542875373963156493e-01	2.646873219406907229e-01	1.585022480139359202e-01	7.437706700004430294e-02	3.155509517953756365e-02	8.089121482178980582e-02
1.284427991725477568e+03	2.353889495122648001e-01	1.540904397712054286e-01	2.648984884494997583e-01	1.586268817509818851e-01	7.442650496214556211e-02	3.159217498482309178e-02	8.097656056878653474e-02
1.286846876832305497e+03	2.350792983612409459e-01	1.538938793945154593e-01	2.651089982193745032e-01	1.587511696485900958e-01	7.447581759149746183e-02	3.162917405240085050e-02	8.106166273208771644e-02
1.289265761939132744e+03	2.347705595227675690e-01	1.536978547596787037e-01	2.653188532211747108e-01	1.588751129035349818e-01	7.452500522601375466e-02	3.166609240889864396e-02	8.114652195763864817e-02
1.291684647045960673e+03	2.344627303332633139e-01	1.535023643644199132e-01	2.655280554196589593e-01	1.589987127049526106e-01	7.457406820286645310e-02	3.170293008310370864e-02	8.123113889144209510e-02
1.294103532152788375e+03	2.341558081370920252e-01	1.533074067107431659e-01	2.657366067735130177e-01	1.591219702344376374e-01	7.462300685848358150e-02	3.173968710592824094e-02	8.131551417950939886e-02
1.296522417259616077e+03	2.338497902865354083e-01	1.531129803049193494e-01	2.659445092353788787e-01	1.592448866661383966e-01	7.467182152854701105e-02	3.177636351037534113e-02	8.139964846781266861e-02
1.298941302366443551e+03	2.335446741417657734e-01	1.529190836574739476e-01	2.661517647518825691e-01	1.593674631668506037e-01	7.472051254799039199e-02	3.181295933150550537e-02	8.148354240223831813e-02
1.301360187473271253e+03	2.332404570708189184e-01	1.527257152831744402e-01	2.663583752636619062e-01	1.594897008961093654e-01	7.476908025099715527e-02	3.184947460640359662e-02	8.156719662854174102e-02
1.303779072580098727e+03	2.329371364495673447e-01	1.525328737010181734e-01	2.665643427053941417e-01	1.596116010062796076e-01	7.481752497099854182e-02	3.188590937414627347e-02	8.165061179230304056e-02
1.306197957686926657e+03	2.326347096616933896e-01	1.523405574342201196e-01	2.667696690058228293e-01	1.597331646426450313e-01	7.486584704067185403e-02	3.192226367576990465e-02	8.173378853888406403e-02
1.308616842793753904e+03	2.323331740986626925e-01	1.521487650102004707e-01	2.669743560877846367e-01	1.598543929434955158e-01	7.491404679193858218e-02	3.195853755423894854e-02	8.181672751338633920e-02
1.311035727900581833e+03	2.320325271596976324e-01	1.519574949605726200e-01	2.671784058682358243e-01	1.599752870402132432e-01	7.496212455596282243e-02	3.199473105441479059e-02	8.189942936061028744e-02
1.313454613007409534e+03	2.317327662517511822e-01	1.517667458211308662e-01	2.673818202582782244e-01	1.600958480573570208e-01	7.501008066314962530e-02	3.203084422302501094e-02	8.198189472501531128e-02
1.315873498114237009e+03	2.314338887894805685e-01	1.515765161318384235e-01	2.675846011631849986e-01	1.602160771127455752e-01	7.505791544314341368e-02	3.206687710863310309e-02	8.206412425068108918e-02
1.318292383221064711e+03	2.311358921952214873e-01	1.513868044368153476e-01	2.677867504824263389e-01	1.603359753175390978e-01	7.510562922482658110e-02	3.210282976160867829e-02	8.214611858126967536e-02
1.320711268327892412e+03	2.308387738989619298e-01	1.511976092843264341e-01	2.679882701096942266e-01	1.604555437763197645e-01	7.515322233631806237e-02	3.213870223409798221e-02	8.222787835998882078e-02
1.323130153434719887e+03	2.305425313383166752e-01	1.510089292267692840e-01	2.681891619329276333e-01	1.605747835871706442e-01	7.520069510497201515e-02	3.217449457999495971e-02	8.230940422955605740e-02
1.325549038541547588e+03	2.302471619585016449e-01	1.508207628206623130e-01	2.683894278343368356e-01	1.606936958417534422e-01	7.524804785737655710e-02	3.221020685491266661e-02	8.239069683216385109e-02
1.327967923648375290e+03	2.299526632123083114e-01	1.506331086266328723e-01	2.685890696904277841e-01	1.608122816253849396e-01	7.529528091935258627e-02	3.224583911615511167e-02	8.247175680944562881e-02
1.330386808755202765e+03	2.296590325600786353e-01	1.504459652094053690e-01	2.687880893720263620e-01	1.609305420171120438e-01	7.534239461595260146e-02	3.228139142268947326e-02	8.255258480244274943e-02
1.332805693862030694e+03	2.293662674696796411e-01	1.502593311377893870e-01	2.689864887443016994e-01	1.610484780897857571e-01	7.538938927145967528e-02	3.231686383511876703e-02	8.263318145157227956e-02
1.335224578968857941e+03	2.290743654164784648e-01	1.500732049846680294e-01	2.691842696667897661e-01	1.611660909101338690e-01	7.543626520938645497e-02	3.235225641565486754e-02	8.271354739659575461e-02
1.337643464075685870e+03	2.287833238833174576e-01	1.498875853269859004e-01	2.693814339934166302e-01	1.612833815388323710e-01	7.548302275247421866e-02	3.238756922809191141e-02	8.279368327658866156e-02
1.340062349182513572e+03	2.284931403604893441e-01	1.497024707457376425e-01	2.695779835725214402e-01	1.614003510305757616e-01	7.552966222269194563e-02	3.242280233778009613e-02	8.287358972991086536e-02
1.342481234289341273e+03	2.282038123457125200e-01	1.495178598259561398e-01	2.697739202468790176e-01	1.615170004341462684e-01	7.557618394123553907e-02	3.245795581159983956e-02	8.295326739417777095e-02
1.344900119396168748e+03	2.279153373441066832e-01	1.493337511567008058e-01	2.699692458537221729e-01	1.616333307924817386e-01	7.562258822852703510e-02	3.249302971793634892e-02	8.303271690623226231e-02
1.347319004502996449e+03	2.276277128681682138e-01	1.491501433310461477e-01	2.701639622247641315e-01	1.617493431427426687e-01	7.566887540421393665e-02	3.252802412665448811e-02	8.311193890211750201e-02
1.349737889609823924e+03	2.273409364377460551e-01	1.489670349460699705e-01	2.703580711862202390e-01	1.618650385163778460e-01	7.571504578716846401e-02	3.256293910907403361e-02	8.319093401705042468e-02
1.352156774716651853e+03	2.270550055800174272e-01	1.487844246028419970e-01	2.705515745588301102e-01	1.619804179391892418e-01	7.576109969548702749e-02	3.259777473794530506e-02	8.326970288539597975e-02
1.354575659823479100e+03	2.267699178294638740e-01	1.486023109064123771e-01	2.707444741578784453e-01	1.620954824313955989e-01	7.580703744648965847e-02	3.263253108742510122e-02	8.334824614064210990e-02
1.356994544930307029e+03	2.264856707278472825e-01	1.484206924658000304e-01	2.709367717932169572e-01	1.622102330076949928e-01	7.585285935671948199e-02	3.266720823305299670e-02	8.342656441537542322e-02
1.359413430037134731e+03	2.262022618241861516e-01	1.482395678939814887e-01	2.711284692692850218e-01	1.623246706773266435e-01	7.589856574194230043e-02	3.270180625172799255e-02	8.350465834125761488e-02
1.361832315143962205e+03	2.259196886747319444e-01	1.480589358078792384e-01	2.713195683851306050e-01	1.624387964441313392e-01	7.594415691714621885e-02	3.273632522168545833e-02	8.358252854900244389e-02
1.364251200250789907e+03	2.256379488429453295e-01	1.478787948283505904e-01	2.715100709344309138e-01	1.625526113066112499e-01	7.598963319654122861e-02	3.277076522247443502e-02	8.366017566835352859e-02
1.366670085357617609e+03	2.253570398994728663e-01	1.476991435801761898e-01	2.716999787055128235e-01	1.626661162579885189e-01	7.603499489355892982e-02	3.280512633493524316e-02	8.373760032806269737e-02
1.369088970464445310e+03	2.250769594221237180e-01	1.475199806920488299e-01	2.718892934813730844e-01	1.627793122862629949e-01	7.608024232085230931e-02	3.283940864117739639e-02	8.381480315586893604e-02
1.371507855571272785e+03	2.247977049958463369e-01	1.473413047965620726e-01	2.720780170396983055e-01	1.628922003742690472e-01	7.612537579029549084e-02	3.287361222455788268e-02	8.389178477847809845e-02
1.373926740678100487e+03	2.245192742127054275e-01	1.471631145301992294e-01	2.722661511528847167e-01	1.630047814997315492e-01	7.617039561298356853e-02	3.290773716965967460e-02	8.396854582154304747e-02
1.376345625784927961e+03	2.242416646718589091e-01	1.469854085333220095e-01	2.724536975880578749e-01	1.631170566353207507e-01	7.621530209923255139e-02	3.294178356227057264e-02	8.404508690964451745e-02
1.378764510891755890e+03	2.239648739795349897e-01	1.468081854501593897e-01	2.726406581070922597e-01	1.632290267487065405e-01	7.626009555857919675e-02	3.297575148936239542e-02	8.412140866627254576e-02
1.381183395998583137e+03	2.236888997490093789e-01	1.466314439287965399e-01	2.728270344666300917e-01	1.633406928026115978e-01	7.630477629978099641e-02	3.300964103907038510e-02	8.419751171380834842e-02
1.383602281105411066e+03	2.234137396005827780e-01	1.464551826211637764e-01	2.730128284181008169e-01	1.634520557548638509e-01	7.634934463081623213e-02	3.304345230067295969e-02	8.427339667350693120e-02
1.386021166212238768e+03	2.231393911615581205e-01	1.462794001830254043e-01	2.731980417077399248e-01	1.635631165584481572e-01	7.639380085888396177e-02	3.307718536457172898e-02	8.434906416548008934e-02
1.388440051319066470e+03	2.228658520662181730e-01	1.461040952739687815e-01	2.733826760766074893e-01	1.636738761615569304e-01	7.643814529040414418e-02	3.311084032227178120e-02	8.442451480868003177e-02
1.390858936425893944e+03	2.225931199558032758e-01	1.459292665573934389e-01	2.735667332606069868e-01	1.637843355076401830e-01	7.648237823101772248e-02	3.314441726636228186e-02	8.449974922088346330e-02
1.393277821532721646e+03	2.223211924784889160e-01	1.457549127004998668e-01	2.737502149905035598e-01	1.638944955354547095e-01	7.652649998558681832e-02	3.317791629049728075e-02	8.457476801867622185e-02
1.395696706639549120e+03	2.220500672893637173e-01	1.455810323742788015e-01	2.739331229919421684e-01	1.640043571791124644e-01	7.657051085819491232e-02	3.321133748937688673e-02	8.464957181743837378e-02
1.398115591746377049e+03	2.217797420504074024e-01	1.454076242535003172e-01	2.741154589854657986e-01	1.641139213681283016e-01	7.661441115214710773e-02	3.324468095872859519e-02	8.472416123132980870e-02
1.400534476853204296e+03	2.215102144304686993e-01	1.452346870167029735e-01	2.742972246865333363e-01	1.642231890274667705e-01	7.665820116997033862e-02	3.327794679528897626e-02	8.479853687327625067e-02
1.402953361960032225e+03	2.212414821052436087e-01	1.450622193461829357e-01	2.744784218055373870e-01	1.643321610775883013e-01	7.670188121341374454e-02	3.331113509678553658e-02	8.487269935495586615e-02
1.405372247066859927e+03	2.209735427572536715e-01	1.448902199279832603e-01	2.746590520478215391e-01	1.644408384344947793e-01	7.674545158344898976e-02	3.334424596191890716e-02	8.494664928678619109e-02
1.407791132173687402e+03	2.207063940758241527e-01	1.447186874518831823e-01	2.748391171136984612e-01	1.645492220097741487e-01	7.678891258027058242e-02	3.337727949034522551e-02	8.502038727791152994e-02
1.410210017280515103e+03	2.204400337570627810e-01	1.445476206113872619e-01	2.750186186984667769e-01	1.646573127106445433e-01	7.683226450329633250e-02	3.341023578265879534e-02	8.509391393619085420e-02
1.412628902387342805e+03	2.201744595038379604e-01	1.443770181037148104e-01	2.751975584924282181e-01	1.647651114399976413e-01	7.687550765116782370e-02	3.344311494037498222e-02	8.516722986818597851e-02
1.415047787494170507e+03	2.199096690257576758e-01	1.442068786297892036e-01	2.753759381809047224e-01	1.648726190964413807e-01	7.691864232175077420e-02	3.347591706591334509e-02	8.524033567915033360e-02
1.417466672600997981e+03	2.196456600391480662e-01	1.440372008942272797e-01	2.755537594442555305e-01	1.649798365743419259e-01	7.696166881213561961e-02	3.350864226258098294e-02	8.531323197301798889e-02
1.419885557707825683e+03	2.193824302670322746e-01	1.438679836053287364e-01	2.757310239578938393e-01	1.650867647638652180e-01	7.700458741863802636e-02	3.354129063455617982e-02	8.538591935239311925e-02
1.422304442814653157e+03	2.191199774391094091e-01	1.436992254750655285e-01	2.759077333923032893e-01	1.651934045510176086e-01	7.704739843679944689e-02	3.357386228687218171e-02	8.545839841853988816e-02
1.424723327921481086e+03	2.188582992917334769e-01	1.435309252190714591e-01	2.760838894130546173e-01	1.652997568176861054e-01	7.709010216138767468e-02	3.360635732540129955e-02	8.553066977137266380e-02
1.427142213028308333e+03	2.185973935678926228e-01	1.433630815566315497e-01	2.762594936808221990e-01	1.654058224416777856e-01	7.713269888639749661e-02	3.363877585683914401e-02	8.560273400944659605e-02
1.429561098135136262e+03	2.183372580171880628e-01	1.431956932106716318e-01	2.764345478513997589e-01	1.655116022967588751e-01	7.717518890505133122e-02	3.367111798868914485e-02	8.567459172994858208e-02
1.431979983241963964e+03	2.180778903958137116e-01	1.430287589077480215e-01	2.766090535757170787e-01	1.656170972526929408e-01	7.721757250979986720e-02	3.370338382924725762e-02	8.574624352868855104e-02
1.434398868348791666e+03	2.178192884665352269e-01	1.428622773780368616e-01	2.767830124998557628e-01	1.657223081752787486e-01	7.725984999232281270e-02	3.373557348758689928e-02	8.581769000009112358e-02
1.436817753455619140e+03	2.175614499986696371e-01	1.426962473553240185e-01	2.769564262650652253e-01	1.658272359263874285e-01	7.730202164352954763e-02	3.376768707354406429e-02	8.588893173718757656e-02
1.439236638562446842e+03	2.173043727680648018e-01	1.425306675769945630e-01	2.771292965077782333e-01	1.659318813639991119e-01	7.734408775355995636e-02	3.379972469770267662e-02	8.595996933160814091e-02
1.441655523669274316e+03	2.170480545570791509e-01	1.423655367840225561e-01	2.773016248596268940e-01	1.660362453422389861e-01	7.738604861178512151e-02	3.383168647138012214e-02	8.603080337357463248e-02
1.444074408776102018e+03	2.167924931545612832e-01	1.422008537209607515e-01	2.774734129474579758e-01	1.661403287114129323e-01	7.742790450680811509e-02	3.386357250661302387e-02	8.610143445189333278e-02
1.446493293882929493e+03	2.165376863558298448e-01	1.420366171359303542e-01	2.776446623933485069e-01	1.662441323180423314e-01	7.746965572646490050e-02	3.389538291614315607e-02	8.617186315394827212e-02
1.448912178989757422e+03	2.162836319626532666e-01	1.418728257806107507e-01	2.778153748146211521e-01	1.663476570048988135e-01	7.751130255782508194e-02	3.392711781340359417e-02	8.624209006569472091e-02
1.451331064096585123e+03	2.160303277832298918e-01	1.417094784102294058e-01	2.779855518238592005e-01	1.664509036110380091e-01	7.755284528719280646e-02	3.395877731250505210e-02	8.631211577165301407e-02
1.453749949203412370e+03	2.157777716321679917e-01	1.415465737835515936e-01	2.781551950289218866e-01	1.665538729718332445e-01	7.759428420010767991e-02	3.399036152822238616e-02	8.638194085490262519e-02
1.456168834310240300e+03	2.155259613304658373e-01	1.413841106628703492e-01	2.783243060329593788e-01	1.666565659190082926e-01	7.763561958134562735e-02	3.402187057598133474e-02	8.645156589707654604e-02
1.458587719417068001e+03	2.152748947054919371e-01	1.412220878139963942e-01	2.784928864344278221e-01	1.667589832806700423e-01	7.767685171491983676e-02	3.405330457184538306e-02	8.652099147835598525e-02
1.461006604523895703e+03	2.150245695909652754e-01	1.410605040062479776e-01	2.786609378271038828e-01	1.668611258813404719e-01	7.771798088408171656e-02	3.408466363250283598e-02	8.659021817746515026e-02
1.463425489630723177e+03	2.147749838269358835e-01	1.408993580124409395e-01	2.788284618001000137e-01	1.669629945419881245e-01	7.775900737132183937e-02	3.411594787525411288e-02	8.665924657166652889e-02
1.465844374737550879e+03	2.145261352597650217e-01	1.407386486088785804e-01	2.789954599378783318e-01	1.670645900800593053e-01	7.779993145837095503e-02	3.414715741799912579e-02	8.672807723675617086e-02
1.468263259844378354e+03	2.142780217421058619e-01	1.405783745753417802e-01	2.791619338202658840e-01	1.671659133095086680e-01	7.784075342620098981e-02	3.417829237922491437e-02	8.679671074705945510e-02
1.470682144951206283e+03	2.140306411328840031e-01	1.404185346950790059e-01	2.793278850224687471e-01	1.672669650408293851e-01	7.788147355502605951e-02	3.420935287799340557e-02	8.686514767542688475e-02
1.473101030058033530e+03	2.137839912972783751e-01	1.402591277547964310e-01	2.794933151150865713e-01	1.673677460810829853e-01	7.792209212430353804e-02	3.424033903392938866e-02	8.693338859323025691e-02
1.475519915164861459e+03	2.135380701067016995e-01	1.401001525446479434e-01	2.796582256641266806e-01	1.674682572339285525e-01	7.796260941273511214e-02	3.427125096720858022e-02	8.700143407035899890e-02
1.477938800271689161e+03	2.132928754387814763e-01	1.399416078582254586e-01	2.798226182310183940e-01	1.675684992996517575e-01	7.800302569826784993e-02	3.430208879854594606e-02	8.706928467521671267e-02
1.480357685378516862e+03	2.130484051773409715e-01	1.397834924925488165e-01	2.799864943726270705e-01	1.676684730751933083e-01	7.804334125809531120e-02	3.433285264918414098e-02	8.713694097471801070e-02
1.482776570485344337e+03	2.128046572123801217e-01	1.396258052480563172e-01	2.801498556412680974e-01	1.677681793541769550e-01	7.808355636865862981e-02	3.436354264088205268e-02	8.720440353428543512e-02
