1.001418434226643626e+03	2.786843163578822669e-01	1.812676895701448299e-01	2.351499156136588331e-01	1.412944333421715659e-01	6.770564140920662388e-02	2.670636749696198714e-02	6.919163620968066253e-02
1.002869765290740247e+03	2.784215178255448619e-01	1.811053505299968780e-01	2.353316778939622822e-01	1.414003026173682454e-01	6.774552229544109072e-02	2.673358032040874452e-02	6.926204851698462839e-02
1.004321096354836754e+03	2.781591847813666973e-01	1.809432790381353962e-01	2.355131016300624769e-01	1.415059604778655111e-01	6.778534166836359953e-02	2.676077513376115546e-02	6.933235727015193972e-02
1.005772427418933376e+03	2.778973163881099939e-01	1.807814746414948270e-01	2.356941874893694333e-01	1.416114077070370070e-01	6.782509961277577437e-02	2.678795178036588384e-02	6.940256238055389493e-02
1.007223758483029997e+03	2.776359118102715295e-01	1.806199368878059208e-01	2.358749361371530462e-01	1.417166450822274215e-01	6.786479621355961944e-02	2.681511010533382811e-02	6.947266376335543836e-02
1.008675089547126618e+03	2.773749702140765327e-01	1.804586653255942086e-01	2.360553482365600475e-01	1.418216733748153824e-01	6.790443155567491007e-02	2.684224995552356510e-02	6.954266133746214718e-02
1.010126420611223239e+03	2.771144907674724656e-01	1.802976595041781149e-01	2.362354244486309096e-01	1.419264933502757953e-01	6.794400572415651429e-02	2.686937117952500551e-02	6.961255502546793983e-02
1.011577751675319632e+03	2.768544726401231948e-01	1.801369189736674870e-01	2.364151654323164709e-01	1.420311057682412392e-01	6.798351880411182546e-02	2.689647362764316374e-02	6.968234475360339519e-02
1.013029082739416367e+03	2.765949150034027748e-01	1.799764432849616791e-01	2.365945718444944224e-01	1.421355113825630012e-01	6.802297088071813935e-02	2.692355715188212220e-02	6.975203045168475169e-02
1.014480413803512761e+03	2.763358170303895633e-01	1.798162319897479988e-01	2.367736443399855450e-01	1.422397109413710281e-01	6.806236203922010064e-02	2.695062160592914119e-02	6.982161205306350316e-02
1.015931744867609382e+03	2.760771778958606149e-01	1.796562846405001246e-01	2.369523835715697802e-01	1.423437051871335457e-01	6.810169236492723266e-02	2.697766684513890068e-02	6.989108949457667475e-02
1.017383075931706003e+03	2.758189967762855743e-01	1.794966007904763017e-01	2.371307901900021886e-01	1.424474948567157340e-01	6.814096194321142552e-02	2.700469272651794678e-02	6.996046271649770942e-02
1.018834406995802851e+03	2.755612728498207931e-01	1.793371799937178157e-01	2.373088648440286330e-01	1.425510806814379861e-01	6.818017085950449363e-02	2.703169910870923537e-02	7.002973166248789572e-02
1.020285738059899245e+03	2.753040052963038886e-01	1.791780218050472440e-01	2.374866081804012374e-01	1.426544633871333345e-01	6.821931919929573318e-02	2.705868585197687345e-02	7.009889627954860036e-02
1.021737069123995752e+03	2.750471932972476941e-01	1.790191257800669289e-01	2.376640208438937918e-01	1.427576436942041838e-01	6.825840704812956294e-02	2.708565281819097850e-02	7.016795651797384792e-02
1.023188400188092373e+03	2.747908360358345958e-01	1.788604914751572572e-01	2.378411034773168231e-01	1.428606223176787371e-01	6.829743449160313729e-02	2.711259987081270084e-02	7.023691233130370526e-02
1.024639731252188767e+03	2.745349326969113712e-01	1.787021184474751057e-01	2.380178567215326391e-01	1.429633999672663414e-01	6.833640161536402857e-02	2.713952687487938484e-02	7.030576367627813794e-02
1.026091062316285615e+03	2.742794824669829712e-01	1.785440062549522311e-01	2.381942812154701772e-01	1.430659773474124707e-01	6.837530850510789571e-02	2.716643369698988272e-02	7.037451051279146330e-02
1.027542393380382237e+03	2.740244845342072466e-01	1.783861544562935497e-01	2.383703775961394933e-01	1.431683551573530999e-01	6.841415524657626368e-02	2.719332020529001068e-02	7.044315280384744193e-02
1.028993724444478858e+03	2.737699380883895084e-01	1.782285626109756937e-01	2.385461464986463609e-01	1.432705340911683833e-01	6.845294192555420598e-02	2.722018626945812286e-02	7.051169051551485489e-02
1.030445055508575479e+03	2.735158423209768652e-01	1.780712302792453461e-01	2.387215885562064543e-01	1.433725148378357517e-01	6.849166862786819354e-02	2.724703176069087976e-02	7.058012361688366376e-02
1.031896386572671872e+03	2.732621964250530056e-01	1.779141570221175750e-01	2.388967044001595597e-01	1.434742980812823698e-01	6.853033543938384653e-02	2.727385655168909281e-02	7.064845208002172583e-02
1.033347717636768493e+03	2.730089995953324800e-01	1.777573424013744741e-01	2.390714946599834523e-01	1.435758845004370676e-01	6.856894244600381105e-02	2.730066051664374951e-02	7.071667587993209214e-02
1.034799048700865114e+03	2.727562510281557606e-01	1.776007859795633026e-01	2.392459599633077472e-01	1.436772747692817154e-01	6.860748973366563586e-02	2.732744353122215988e-02	7.078479499451080514e-02
1.036250379764961508e+03	2.725039499214835792e-01	1.774444873199951256e-01	2.394201009359275267e-01	1.437784695569019611e-01	6.864597738833962126e-02	2.735420547255422788e-02	7.085280940450519593e-02
1.037701710829058356e+03	2.722520954748915978e-01	1.772884459867432039e-01	2.395939182018167191e-01	1.438794695275373015e-01	6.868440549602673750e-02	2.738094621921887892e-02	7.092071909347280600e-02
1.039153041893154750e+03	2.720006868895655794e-01	1.771326615446413566e-01	2.397674123831415871e-01	1.439802753406308755e-01	6.872277414275662633e-02	2.740766565123059495e-02	7.098852404774069758e-02
1.040604372957251599e+03	2.717497233682956703e-01	1.769771335592825456e-01	2.399405841002737183e-01	1.440808876508783698e-01	6.876108341458553319e-02	2.743436365002610219e-02	7.105622425636540229e-02
1.042055704021347992e+03	2.714992041154716262e-01	1.768218615970172103e-01	2.401134339718032085e-01	1.441813071082765907e-01	6.879933339759426725e-02	2.746104009845117336e-02	7.112381971109331402e-02
1.043507035085444613e+03	2.712491283370774275e-01	1.766668452249517685e-01	2.402859626145513461e-01	1.442815343581714260e-01	6.883752417788627231e-02	2.748769488074755477e-02	7.119131040632159513e-02
1.044958366149541234e+03	2.709994952406862279e-01	1.765120840109472289e-01	2.404581706435834354e-01	1.443815700413052516e-01	6.887565584158568399e-02	2.751432788254002532e-02	7.125869633905956846e-02
1.046409697213637855e+03	2.707503040354553581e-01	1.763575775236173870e-01	2.406300586722212864e-01	1.444814147938638382e-01	6.891372847483534514e-02	2.754093899082359770e-02	7.132597750889056731e-02
1.047861028277734476e+03	2.705015539321212747e-01	1.762033253323274928e-01	2.408016273120557049e-01	1.445810692475227865e-01	6.895174216379493237e-02	2.756752809395080633e-02	7.139315391793435439e-02
1.049312359341831097e+03	2.702532441429944532e-01	1.760493270071927796e-01	2.409728771729587049e-01	1.446805340294932407e-01	6.898969699463909644e-02	2.759409508161915839e-02	7.146022557080995707e-02
1.050763690405927491e+03	2.700053738819545024e-01	1.758955821190767432e-01	2.411438088630956655e-01	1.447798097625672686e-01	6.902759305355558872e-02	2.762063984485866458e-02	7.152719247459897456e-02
1.052215021470024112e+03	2.697579423644452246e-01	1.757420902395898654e-01	2.413144229889372938e-01	1.448788970651627428e-01	6.906543042674338773e-02	2.764716227601953305e-02	7.159405463880934295e-02
1.053666352534120733e+03	2.695109488074697857e-01	1.755888509410880038e-01	2.414847201552714762e-01	1.449777965513676381e-01	6.910320920041095050e-02	2.767366226875993956e-02	7.166081207533959996e-02
1.055117683598217127e+03	2.692643924295856639e-01	1.754358637966708934e-01	2.416547009652150468e-01	1.450765088309838580e-01	6.914092946077440849e-02	2.770013971803395383e-02	7.172746479844355205e-02
1.056569014662313975e+03	2.690182724509000423e-01	1.752831283801807027e-01	2.418243660202252510e-01	1.451750345095705330e-01	6.917859129405581897e-02	2.772659452007955258e-02	7.179401282469546897e-02
1.058020345726410369e+03	2.687725880930647571e-01	1.751306442662005636e-01	2.419937159201114019e-01	1.452733741884869312e-01	6.921619478648136092e-02	2.775302657240676790e-02	7.186045617295561128e-02
1.059471676790506763e+03	2.685273385792718015e-01	1.749784110300530160e-01	2.421627512630459000e-01	1.453715284649348127e-01	6.925374002427966968e-02	2.777943577378592585e-02	7.192679486433628533e-02
1.060923007854603611e+03	2.682825231342483296e-01	1.748264282477986487e-01	2.423314726455756407e-01	1.454694979320003689e-01	6.929122709368014388e-02	2.780582202423603766e-02	7.199302892216824512e-02
1.062374338918700232e+03	2.680381409842522156e-01	1.746746954962345721e-01	2.424998806626330328e-01	1.455672831786954946e-01	6.932865608091125231e-02	2.783218522501325343e-02	7.205915837196767704e-02
1.063825669982796853e+03	2.677941913570671129e-01	1.745232123528929480e-01	2.426679759075467679e-01	1.456648847899989774e-01	6.936602707219889641e-02	2.785852527859946498e-02	7.212518324140339276e-02
1.065277001046893474e+03	2.675506734819979027e-01	1.743719783960395453e-01	2.428357589720528398e-01	1.457623033468968821e-01	6.940334015376474486e-02	2.788484208869098854e-02	7.219110356026461894e-02
1.066728332110990095e+03	2.673075865898662529e-01	1.742209932046723531e-01	2.430032304463051185e-01	1.458595394264226575e-01	6.944059541182465156e-02	2.791113556018740005e-02	7.225691936042906438e-02
1.068179663175086489e+03	2.670649299130058441e-01	1.740702563585200535e-01	2.431703909188858426e-01	1.459565936016967158e-01	6.947779293258705968e-02	2.793740559918041211e-02	7.232263067583155625e-02
1.069630994239183110e+03	2.668227026852577621e-01	1.739197674380406344e-01	2.433372409768162214e-01	1.460534664419656237e-01	6.951493280225146121e-02	2.796365211294291747e-02	7.238823754243287056e-02
1.071082325303279504e+03	2.665809041419661130e-01	1.737695260244199458e-01	2.435037812055665940e-01	1.461501585126408209e-01	6.955201510700677325e-02	2.798987500991809846e-02	7.245373999818911781e-02
1.072533656367376352e+03	2.663395335199735814e-01	1.736195316995702564e-01	2.436700121890665871e-01	1.462466703753369790e-01	6.958903993302989477e-02	2.801607419970866472e-02	7.251913808302146158e-02
1.073984987431472746e+03	2.660985900576167684e-01	1.734697840461288387e-01	2.438359345097154129e-01	1.463430025879098040e-01	6.962600736648415223e-02	2.804224959306618123e-02	7.258443183878623972e-02
1.075436318495569594e+03	2.658580729947219168e-01	1.733202826474565805e-01	2.440015487483916667e-01	1.464391557044935344e-01	6.966291749351780083e-02	2.806840110188048992e-02	7.264962130924541850e-02
1.076887649559666215e+03	2.656179815726004145e-01	1.731710270876365421e-01	2.441668554844631522e-01	1.465351302755379947e-01	6.969977040026258119e-02	2.809452863916925974e-02	7.271470654003751866e-02
1.078338980623762609e+03	2.653783150340443542e-01	1.730220169514725959e-01	2.443318552957967904e-01	1.466309268478451500e-01	6.973656617283222059e-02	2.812063211906758869e-02	7.277968757864880511e-02
1.079790311687859230e+03	2.651390726233223138e-01	1.728732518244878447e-01	2.444965487587680564e-01	1.467265459646054371e-01	6.977330489732108676e-02	2.814671145681777939e-02	7.284456447438493465e-02
1.081241642751955851e+03	2.649002535861750829e-01	1.727247312929235112e-01	2.446609364482705828e-01	1.468219881654334869e-01	6.980998665980271689e-02	2.817276656875912499e-02	7.290933727834292277e-02
1.082692973816052472e+03	2.646618571698111100e-01	1.725764549437373285e-01	2.448250189377256525e-01	1.469172539864035953e-01	6.984661154632841595e-02	2.819879737231785477e-02	7.297400604338348529e-02
1.084144304880149093e+03	2.644238826229024508e-01	1.724284223646022352e-01	2.449887967990913296e-01	1.470123439600846682e-01	6.988317964292588280e-02	2.822480378599715595e-02	7.303857082410367130e-02
1.085595635944245487e+03	2.641863291955804938e-01	1.722806331439049876e-01	2.451522706028717857e-01	1.471072586155749984e-01	6.991969103559790566e-02	2.825078572936726845e-02	7.310303167680998193e-02
1.087046967008342108e+03	2.639491961394316299e-01	1.721330868707447725e-01	2.453154409181263484e-01	1.472019984785363778e-01	6.995614581032094659e-02	2.827674312305572188e-02	7.316738865949168336e-02
1.088498298072438729e+03	2.637124827074930900e-01	1.719857831349317634e-01	2.454783083124784937e-01	1.472965640712280699e-01	6.999254405304386473e-02	2.830267588873761064e-02	7.323164183179460551e-02
1.089949629136535123e+03	2.634761881542489470e-01	1.718387215269858992e-01	2.456408733521247834e-01	1.473909559125402280e-01	7.002888584968659791e-02	2.832858394912600442e-02	7.329579125499514902e-02
1.091400960200631971e+03	2.632403117356256206e-01	1.716919016381353580e-01	2.458031366018434971e-01	1.474851745180270901e-01	7.006517128613888590e-02	2.835446722796242103e-02	7.335983699197472230e-02
1.092852291264728365e+03	2.630048527089881572e-01	1.715453230603153356e-01	2.459650986250035143e-01	1.475792203999397034e-01	7.010140044825896588e-02	2.838032565000740692e-02	7.342377910719438683e-02
1.094303622328825213e+03	2.627698103331360668e-01	1.713989853861666302e-01	2.461267599835728626e-01	1.476730940672583425e-01	7.013757342187237898e-02	2.840615914103120088e-02	7.348761766667001594e-02
1.095754953392921607e+03	2.625351838682988825e-01	1.712528882090342541e-01	2.462881212381271556e-01	1.477667960257244562e-01	7.017369029277066572e-02	2.843196762780447404e-02	7.355135273794760620e-02
1.097206284457018228e+03	2.623009725761325517e-01	1.711070311229661300e-01	2.464491829478579477e-01	1.478603267778725028e-01	7.020975114671018646e-02	2.845775103808918446e-02	7.361498439007899131e-02
1.098657615521114849e+03	2.620671757197152174e-01	1.709614137227117303e-01	2.466099456705811710e-01	1.479536868230611202e-01	7.024575606941091399e-02	2.848350930062947678e-02	7.367851269359783350e-02
1.100108946585211470e+03	2.618337925635433328e-01	1.708160356037207173e-01	2.467704099627453240e-01	1.480468766575042394e-01	7.028170514655522616e-02	2.850924234514271710e-02	7.374193772049592033e-02
1.101560277649308091e+03	2.616008223735275529e-01	1.706708963621417496e-01	2.469305763794394648e-01	1.481398967743016715e-01	7.031759846378674017e-02	2.853495010231056964e-02	7.380525954419979440e-02
1.103011608713404712e+03	2.613682644169888492e-01	1.705259955948209005e-01	2.470904454744013434e-01	1.482327476634694163e-01	7.035343610670918846e-02	2.856063250377018428e-02	7.386847823954768855e-02
1.104462939777501106e+03	2.611361179626546236e-01	1.703813328993005194e-01	2.472500178000254234e-01	1.483254298119696113e-01	7.038921816088521133e-02	2.858628948210544668e-02	7.393159388276676625e-02
1.105914270841597499e+03	2.609043822806547674e-01	1.702369078738179276e-01	2.474092939073705144e-01	1.484179437037402016e-01	7.042494471183528837e-02	2.861192097083833583e-02	7.399460655145057020e-02
1.107365601905694348e+03	2.606730566425178863e-01	1.700927201173039194e-01	2.475682743461677660e-01	1.485102898197242505e-01	7.046061584503662822e-02	2.863752690442033372e-02	7.405751632453684563e-02
1.108816932969790741e+03	2.604421403211673036e-01	1.699487692293816521e-01	2.477269596648281336e-01	1.486024686378989712e-01	7.049623164592201674e-02	2.866310721822393909e-02	7.412032328228569666e-02
1.110268264033887590e+03	2.602116325909171746e-01	1.698050548103651469e-01	2.478853504104502059e-01	1.486944806333042046e-01	7.053179219987879001e-02	2.868866184853424706e-02	7.418302750625786757e-02
1.111719595097984211e+03	2.599815327274690446e-01	1.696615764612582622e-01	2.480434471288274767e-01	1.487863262780710905e-01	7.056729759224775189e-02	2.871419073254060511e-02	7.424562907929345423e-02
1.113170926162080832e+03	2.597518400079075751e-01	1.695183337837530280e-01	2.482012503644559775e-01	1.488780060414497675e-01	7.060274790832210545e-02	2.873969380832836623e-02	7.430812808549086546e-02
1.114622257226177226e+03	2.595225537106971569e-01	1.693753263802285636e-01	2.483587606605414388e-01	1.489695203898374065e-01	7.063814323334645373e-02	2.876517101487069752e-02	7.437052461018593685e-02
1.116073588290273847e+03	2.592936731156779695e-01	1.692325538537498286e-01	2.485159785590067005e-01	1.490608697868054389e-01	7.067348365251577280e-02	2.879062229202047213e-02	7.443281873993148889e-02
1.117524919354370468e+03	2.590651975040623722e-01	1.690900158080662352e-01	2.486729046004987620e-01	1.491520546931267566e-01	7.070876925097434318e-02	2.881604758050225826e-02	7.449501056247700981e-02
1.118976250418467089e+03	2.588371261584310745e-01	1.689477118476103434e-01	2.488295393243960263e-01	1.492430755668024689e-01	7.074400011381482001e-02	2.884144682190432907e-02	7.455710016674872709e-02
1.120427581482563710e+03	2.586094583627295829e-01	1.688056415774966679e-01	2.489858832688151835e-01	1.493339328630886031e-01	7.077917632607720611e-02	2.886681995867081477e-02	7.461908764282983164e-02
1.121878912546660331e+03	2.583821934022644817e-01	1.686638046035202620e-01	2.491419369706182885e-01	1.494246270345221395e-01	7.081429797274792215e-02	2.889216693409386860e-02	7.468097308194100725e-02
1.123330243610756725e+03	2.581553305636997697e-01	1.685222005321556638e-01	2.492977009654195331e-01	1.495151585309471010e-01	7.084936513875883524e-02	2.891748769230595428e-02	7.474275657642118209e-02
1.124781574674853118e+03	2.579288691350532514e-01	1.683808289705554240e-01	2.494531757875921019e-01	1.496055277995401445e-01	7.088437790898630131e-02	2.894278217827216809e-02	7.480443821970862717e-02
1.126232905738949967e+03	2.577028084056930957e-01	1.682396895265488856e-01	2.496083619702748890e-01	1.496957352848360956e-01	7.091933636825027698e-02	2.896805033778264774e-02	7.486601810632217968e-02
1.127684236803046360e+03	2.574771476663339498e-01	1.680987818086410179e-01	2.497632600453790486e-01	1.497857814287528455e-01	7.095424060131336197e-02	2.899329211744505058e-02	7.492749633184274394e-02
1.129135567867143209e+03	2.572518862090338310e-01	1.679581054260110007e-01	2.499178705435947112e-01	1.498756666706163310e-01	7.098909069287992479e-02	2.901850746467710476e-02	7.498887299289512531e-02
1.130586898931239830e+03	2.570270233271901295e-01	1.678176599885111142e-01	2.500721939943974514e-01	1.499653914471849869e-01	7.102388672759520072e-02	2.904369632769922965e-02	7.505014818712994751e-02
1.132038229995336451e+03	2.568025583155362779e-01	1.676774451066654070e-01	2.502262309260546158e-01	1.500549561926741438e-01	7.105862879004441746e-02	2.906885865552720841e-02	7.511132201320595836e-02
1.133489561059432845e+03	2.565784904701383096e-01	1.675374603916684746e-01	2.503799818656318732e-01	1.501443613387800358e-01	7.109331696475190698e-02	2.909399439796495415e-02	7.517239457077246056e-02
1.134940892123529466e+03	2.563548190883913058e-01	1.673977054553842103e-01	2.505334473389993488e-01	1.502336073147035322e-01	7.112795133618030063e-02	2.911910350559732130e-02	7.523336596045199220e-02
1.136392223187626087e+03	2.561315434690159543e-01	1.672581799103445288e-01	2.506866278708378970e-01	1.503226945471736464e-01	7.116253198872964092e-02	2.914418592978300013e-02	7.529423628382329869e-02
1.137843554251722708e+03	2.559086629120552181e-01	1.671188833697482001e-01	2.508395239846452629e-01	1.504116234604708224e-01	7.119705900673659049e-02	2.916924162264745296e-02	7.535500564340448515e-02
1.139294885315819101e+03	2.556861767188706724e-01	1.669798154474595731e-01	2.509921362027421887e-01	1.505003944764498058e-01	7.123153247447358560e-02	2.919427053707595449e-02	7.541567414263630753e-02
1.140746216379915950e+03	2.554640841921392846e-01	1.668409757580072705e-01	2.511444650462784645e-01	1.505890080145625698e-01	7.126595247614803119e-02	2.921927262670665632e-02	7.547624188586585237e-02
1.142197547444012343e+03	2.552423846358498616e-01	1.667023639165831350e-01	2.512965110352388676e-01	1.506774644918806860e-01	7.130031909590152372e-02	2.924424784592374177e-02	7.553670897833029974e-02
1.143648878508108737e+03	2.550210773553001076e-01	1.665639795390408684e-01	2.514482746884490472e-01	1.507657643231176126e-01	7.133463241780906017e-02	2.926919614985062229e-02	7.559707552614092219e-02
1.145100209572205586e+03	2.548001616570926275e-01	1.664258222418948385e-01	2.515997565235812417e-01	1.508539079206506761e-01	7.136889252587827470e-02	2.929411749434322060e-02	7.565734163626738895e-02
1.146551540636302207e+03	2.545796368491320960e-01	1.662878916423188858e-01	2.517509570571603295e-01	1.509418956945428880e-01	7.140309950404868933e-02	2.931901183598329547e-02	7.571750741652212568e-02
1.148002871700398828e+03	2.543595022406217598e-01	1.661501873581451016e-01	2.519018768045693246e-01	1.510297280525644270e-01	7.143725343619088120e-02	2.934387913207184284e-02	7.577757297554496563e-02
1.149454202764495449e+03	2.541397571420601076e-01	1.660127090078626355e-01	2.520525162800551500e-01	1.511174054002139000e-01	7.147135440610585810e-02	2.936871934062254205e-02	7.583753842278805057e-02
1.150905533828591842e+03	2.539204008652377609e-01	1.658754562106164732e-01	2.522028759967340772e-01	1.512049281407395751e-01	7.150540249752426747e-02	2.939353242035528183e-02	7.589740386850081511e-02
1.152356864892688463e+03	2.537014327232339217e-01	1.657384285862061601e-01	2.523529564665974445e-01	1.512922966751600318e-01	7.153939779410570243e-02	2.941831833068972099e-02	7.595716942371524838e-02
1.153808195956785084e+03	2.534828520304134858e-01	1.656016257550847193e-01	2.525027582005169857e-01	1.513795114022848387e-01	7.157334037943796634e-02	2.944307703173892898e-02	7.601683520023136409e-02
1.155259527020881706e+03	2.532646581024233789e-01	1.654650473383574016e-01	2.526522817082502703e-01	1.514665727187349820e-01	7.160723033703639273e-02	2.946780848430308880e-02	7.607640131060278144e-02
1.156710858084978327e+03	2.530468502561897814e-01	1.653286929577805209e-01	2.528015274984460881e-01	1.515534810189629322e-01	7.164106775034317920e-02	2.949251264986322077e-02	7.613586786812259755e-02
1.158162189149074720e+03	2.528294278099146308e-01	1.651925622357602041e-01	2.529504960786498335e-01	1.516402366952727121e-01	7.167485270272666575e-02	2.951718949057500346e-02	7.619523498680934315e-02
1.159613520213171569e+03	2.526123900830726243e-01	1.650566547953511709e-01	2.530991879553085022e-01	1.517268401378395193e-01	7.170858527748071032e-02	2.954183896926264319e-02	7.625450278139322968e-02
1.161064851277267962e+03	2.523957363964079437e-01	1.649209702602557337e-01	2.532476036337761305e-01	1.518132917347292943e-01	7.174226555782399484e-02	2.956646104941277817e-02	7.631367136730249356e-02
1.162516182341364356e+03	2.521794660719310910e-01	1.647855082548224381e-01	2.533957436183188472e-01	1.518995918719180382e-01	7.177589362689942853e-02	2.959105569516846251e-02	7.637274086065000411e-02
1.163967513405461204e+03	2.519635784329158912e-01	1.646502684040449249e-01	2.535436084121200362e-01	1.519857409333108811e-01	7.180946956777346790e-02	2.961562287132318838e-02	7.643171137821992700e-02
1.165418844469557826e+03	2.517480728038962723e-01	1.645152503335608196e-01	2.536911985172851103e-01	1.520717393007609552e-01	7.184299346343546444e-02	2.964016254331498443e-02	7.649058303745469301e-02
1.166870175533654447e+03	2.515329485106631013e-01	1.643804536696505392e-01	2.538385144348467848e-01	1.521575873540881030e-01	7.187646539679715119e-02	2.966467467722053511e-02	7.654935595644210555e-02
1.168321506597751068e+03	2.513182048802612978e-01	1.642458780392359874e-01	2.539855566647698515e-01	1.522432854710974170e-01	7.190988545069190718e-02	2.968915923974937629e-02	7.660803025390257315e-02
1.169772837661847461e+03	2.511038412409865583e-01	1.641115230698796112e-01	2.541323257059559526e-01	1.523288340275973929e-01	7.194325370787428564e-02	2.971361619823814984e-02	7.666660604917653610e-02
1.171224168725944082e+03	2.508898569223823038e-01	1.639773883897830964e-01	2.542788220562486878e-01	1.524142333974181363e-01	7.197657025101927841e-02	2.973804552064489293e-02	7.672508346221211528e-02
1.172675499790040703e+03	2.506762512552370148e-01	1.638434736277862291e-01	2.544250462124381107e-01	1.524994839524291823e-01	7.200983516272185803e-02	2.976244717554337935e-02	7.678346261355280256e-02
1.174126830854137097e+03	2.504630235715805120e-01	1.637097784133657585e-01	2.545709986702656691e-01	1.525845860625572592e-01	7.204304852549633931e-02	2.978682113211751983e-02	7.684174362432548422e-02
1.175578161918233945e+03	2.502501732046817362e-01	1.635763023766342306e-01	2.547166799244287572e-01	1.526695400958036908e-01	7.207621042177585202e-02	2.981116736015582830e-02	7.689992661622849224e-02
1.177029492982330339e+03	2.500376994890451399e-01	1.634430451483387947e-01	2.548620904685853228e-01	1.527543464182618549e-01	7.210932093391173026e-02	2.983548583004589846e-02	7.695801171151980813e-02
1.178480824046426733e+03	2.498256017604079948e-01	1.633100063598602325e-01	2.550072307953585860e-01	1.528390053941342253e-01	7.214238014417306832e-02	2.985977651276897071e-02	7.701599903300557215e-02
1.179932155110523581e+03	2.496138793557373392e-01	1.631771856432115420e-01	2.551521013963413687e-01	1.529235173857493302e-01	7.217538813474602688e-02	2.988403937989452669e-02	7.707388870402857861e-02
1.181383486174620202e+03	2.494025316132270353e-01	1.630445826310370216e-01	2.552967027621007579e-01	1.530078827535784891e-01	7.220834498773347210e-02	2.990827440357492553e-02	7.713168084845700712e-02
1.182834817238716823e+03	2.491915578722949109e-01	1.629121969566110217e-01	2.554410353821824908e-01	1.530921018562524938e-01	7.224125078515435117e-02	2.993248155654012338e-02	7.718937559067334808e-02
1.184286148302813444e+03	2.489809574735797060e-01	1.627800282538367505e-01	2.555850997451153406e-01	1.531761750505779840e-01	7.227410560894317881e-02	2.995666081209239634e-02	7.724697305556336990e-02
1.185737479366910065e+03	2.487707297589382138e-01	1.626480761572453859e-01	2.557288963384155012e-01	1.532601026915535736e-01	7.230690954094957934e-02	2.998081214410114673e-02	7.730447336850532203e-02
1.187188810431006686e+03	2.485608740714423948e-01	1.625163403019946884e-01	2.558724256485908066e-01	1.533438851323860874e-01	7.233966266293777314e-02	3.000493552699773012e-02	7.736187665535926294e-02
1.188640141495103080e+03	2.483513897553765448e-01	1.623848203238679455e-01	2.560156881611450608e-01	1.534275227245062989e-01	7.237236505658607710e-02	3.002903093577034832e-02	7.741918304245645754e-02
1.190091472559199701e+03	2.481422761562343260e-01	1.622535158592728899e-01	2.561586843605824226e-01	1.535110158175846951e-01	7.240501680348639113e-02	3.005309834595897359e-02	7.747639265658906593e-02
1.191542803623296322e+03	2.479335326207159074e-01	1.621224265452405888e-01	2.563014147304111812e-01	1.535943647595471029e-01	7.243761798514380956e-02	3.007713773365033177e-02	7.753350562499983223e-02
1.192994134687392716e+03	2.477251584967252451e-01	1.619915520194242786e-01	2.564438797531483072e-01	1.536775698965899273e-01	7.247016868297606607e-02	3.010114907547293064e-02	7.759052207537202317e-02
1.194445465751489564e+03	2.475171531333671404e-01	1.618608919200981711e-01	2.565860799103232837e-01	1.537606315731954720e-01	7.250266897831314505e-02	3.012513234859210201e-02	7.764744213581942223e-02
1.195896796815585958e+03	2.473095158809444638e-01	1.617304458861565375e-01	2.567280156824823245e-01	1.538435501321469834e-01	7.253511895239676821e-02	3.014908753070513758e-02	7.770426593487647637e-02
1.197348127879682352e+03	2.471022460909553242e-01	1.616002135571124321e-01	2.568696875491923715e-01	1.539263259145435270e-01	7.256751868638000591e-02	3.017301460003642827e-02	7.776099360148862327e-02
1.198799458943779200e+03	2.468953431160902934e-01	1.614701945730967203e-01	2.570110959890449243e-01	1.540089592598146984e-01	7.259986826132680537e-02	3.019691353533267286e-02	7.781762526500266008e-02
1.200250790007875821e+03	2.466888063102296580e-01	1.613403885748567468e-01	2.571522414796600930e-01	1.540914505057352779e-01	7.263216775821158822e-02	3.022078431585811104e-02	7.787416105515737597e-02
1.201702121071972442e+03	2.464826350284405887e-01	1.612107952037555303e-01	2.572931244976904286e-01	1.541737999884395249e-01	7.266441725791877859e-02	3.024462692138981182e-02	7.793060110207421232e-02
1.203153452136069063e+03	2.462768286269744478e-01	1.610814141017704038e-01	2.574337455188249746e-01	1.542560080424356106e-01	7.269661684124245626e-02	3.026844133221299679e-02	7.798694553624806181e-02
1.204604783200165684e+03	2.460713864632640413e-01	1.609522449114920151e-01	2.575741050177928759e-01	1.543380750006196345e-01	7.272876658888589863e-02	3.029222752911640143e-02	7.804319448853820618e-02
1.206056114264262078e+03	2.458663078959207604e-01	1.608232872761233556e-01	2.577142034683672089e-01	1.544200011942895578e-01	7.276086658146119213e-02	3.031598549338770585e-02	7.809934809015937895e-02
1.207507445328358699e+03	2.456615922847321387e-01	1.606945408394784003e-01	2.578540413433687561e-01	1.545017869531591370e-01	7.279291689948884370e-02	3.033971520680896206e-02	7.815540647267295304e-02
1.208958776392455093e+03	2.454572389906588270e-01	1.605660052459812748e-01	2.579936191146697810e-01	1.545834326053715235e-01	7.282491762339737829e-02	3.036341665165208717e-02	7.821136976797829488e-02
1.210410107456551941e+03	2.452532473758321785e-01	1.604376801406650066e-01	2.581329372531976918e-01	1.546649384775128089e-01	7.285686883352296417e-02	3.038708981067440515e-02	7.826723810830411854e-02
1.211861438520648335e+03	2.450496168035513900e-01	1.603095651691705259e-01	2.582719962289385385e-01	1.547463048946253750e-01	7.288877061010907987e-02	3.041073466711421286e-02	7.832301162620008972e-02
1.213312769584745183e+03	2.448463466382808373e-01	1.601816599777455830e-01	2.584107965109407323e-01	1.548275321802212445e-01	7.292062303330607009e-02	3.043435120468638427e-02	7.837869045452845740e-02
1.214764100648841804e+03	2.446434362456474942e-01	1.600539642132434992e-01	2.585493385673185984e-01	1.549086206562950152e-01	7.295242618317085426e-02	3.045793940757803367e-02	7.843427472645586596e-02
1.216215431712937971e+03	2.444408849924382954e-01	1.599264775231223346e-01	2.586876228652559284e-01	1.549895706433369325e-01	7.298418013966651019e-02	3.048149926044417882e-02	7.848976457544518115e-02
1.217666762777034819e+03	2.442386922465974441e-01	1.597991995554437217e-01	2.588256498710094222e-01	1.550703824603457681e-01	7.301588498266195493e-02	3.050503074840349438e-02	7.854516013524753815e-02
1.219118093841131440e+03	2.440368573772238037e-01	1.596721299588717558e-01	2.589634200499123518e-01	1.551510564248413659e-01	7.304754079193159777e-02	3.052853385703405836e-02	7.860046153989448670e-02
1.220569424905228061e+03	2.438353797545682600e-01	1.595452683826718843e-01	2.591009338663776140e-01	1.552315928528773259e-01	7.307914764715503497e-02	3.055200857236915410e-02	7.865566892369015017e-02
1.222020755969324682e+03	2.436342587500311963e-01	1.594186144767099356e-01	2.592381917839016170e-01	1.553119920590533276e-01	7.311070562791664729e-02	3.057545488089311730e-02	7.871078242120359281e-02
1.223472087033421303e+03	2.434334937361598006e-01	1.592921678914510641e-01	2.593751942650672215e-01	1.553922543565275372e-01	7.314221481370535016e-02	3.059887276953720744e-02	7.876580216726125627e-02
1.224923418097517697e+03	2.432330840866455957e-01	1.591659282779585849e-01	2.595119417715473498e-01	1.554723800570286529e-01	7.317367528391421905e-02	3.062226222567552419e-02	7.882072829693952121e-02
1.226374749161614318e+03	2.430330291763218020e-01	1.590398952878929462e-01	2.596484347641082602e-01	1.555523694708680071e-01	7.320508711784021183e-02	3.064562323712094472e-02	7.887556094555731034e-02
1.227826080225710712e+03	2.428333283811607013e-01	1.589140685735107583e-01	2.597846737026126007e-01	1.556322229069515284e-01	7.323645039468384965e-02	3.066895579212111644e-02	7.893030024866887207e-02
1.229277411289807560e+03	2.426339810782713324e-01	1.587884477876636558e-01	2.599206590460230171e-01	1.557119406727913713e-01	7.326776519354889772e-02	3.069225987935447417e-02	7.898494634205664722e-02
1.230728742353903954e+03	2.424349866458967440e-01	1.586630325837972144e-01	2.600563912524050947e-01	1.557915230745177682e-01	7.329903159344211550e-02	3.071553548792629179e-02	7.903949936172417756e-02
1.232180073418000802e+03	2.422363444634114404e-01	1.585378226159500636e-01	2.601918707789306895e-01	1.558709704168903809e-01	7.333024967327288202e-02	3.073878260736478615e-02	7.909395944388922239e-02
1.233631404482097196e+03	2.420380539113190232e-01	1.584128175387525816e-01	2.603270980818809810e-01	1.559502830033098197e-01	7.336141951185300158e-02	3.076200122761721736e-02	7.914832672497680577e-02
1.235082735546193817e+03	2.418401143712496648e-01	1.582880170074260628e-01	2.604620736166496364e-01	1.560294611358289951e-01	7.339254118789638459e-02	3.078519133904606200e-02	7.920260134161259680e-02
1.236534066610290438e+03	2.416425252259574996e-01	1.581634206777816076e-01	2.605967978377459748e-01	1.561085051151641645e-01	7.342361478001875608e-02	3.080835293242520714e-02	7.925678343061613729e-02
1.237985397674387059e+03	2.414452858593182094e-01	1.580390282062190677e-01	2.607312711987980203e-01	1.561874152407060623e-01	7.345464036673743369e-02	3.083148599893616865e-02	7.931087312899434694e-02
1.239436728738483680e+03	2.412483956563266363e-01	1.579148392497259912e-01	2.608654941525554993e-01	1.562661918105308634e-01	7.348561802647099461e-02	3.085459053016434763e-02	7.936487057393498690e-02
1.240888059802580301e+03	2.410518540030940904e-01	1.577908534658765682e-01	2.609994671508928943e-01	1.563448351214110077e-01	7.351654783753909517e-02	3.087766651809533205e-02	7.941877590280035926e-02
1.242339390866676695e+03	2.408556602868460739e-01	1.576670705128307703e-01	2.611331906448122742e-01	1.564233454688258584e-01	7.354742987816216548e-02	3.090071395511121213e-02	7.947258925312097877e-02
1.243790721930773088e+03	2.406598138959197830e-01	1.575434900493331292e-01	2.612666650844466254e-01	1.565017231469723880e-01	7.357826422646115971e-02	3.092373283398694786e-02	7.952631076258932785e-02
1.245242052994869937e+03	2.404643142197617489e-01	1.574201117347116541e-01	2.613998909190624054e-01	1.565799684487756693e-01	7.360905096045733398e-02	3.094672314788673301e-02	7.957994056905384750e-02
1.246693384058966330e+03	2.402691606489252563e-01	1.572969352288770273e-01	2.615328685970627065e-01	1.566580816658991737e-01	7.363979015807202433e-02	3.096968489036044242e-02	7.963347881051281718e-02
1.248144715123063179e+03	2.400743525750681229e-01	1.571739601923214102e-01	2.616655985659899208e-01	1.567360630887551509e-01	7.367048189712635531e-02	3.099261805534006889e-02	7.968692562510842903e-02
1.249596046187159800e+03	2.398798893909501184e-01	1.570511862861175278e-01	2.617980812725287931e-01	1.568139130065147879e-01	7.370112625534105955e-02	3.101552263713620861e-02	7.974028115112098691e-02
1.251047377251256421e+03	2.396857704904306607e-01	1.569286131719175026e-01	2.619303171625091964e-01	1.568916317071181732e-01	7.373172331033624183e-02	3.103839863043457090e-02	7.979354552696310554e-02
1.252498708315352815e+03	2.394919952684663733e-01	1.568062405119520220e-01	2.620623066809089630e-01	1.569692194772844274e-01	7.376227313963115706e-02	3.106124603029253306e-02	7.984671889117402055e-02
1.253950039379449436e+03	2.392985631211087538e-01	1.566840679690291727e-01	2.621940502718564936e-01	1.570466766025213901e-01	7.379277582064398822e-02	3.108406483213569868e-02	7.989980138241398189e-02
1.255401370443546057e+03	2.391054734455017872e-01	1.565620952065334692e-01	2.623255483786338660e-01	1.571240033671355008e-01	7.382323143069166593e-02	3.110685503175450450e-02	7.995279313945873045e-02
1.256852701507642678e+03	2.389127256398796140e-01	1.564403218884249103e-01	2.624568014436790553e-01	1.572012000542414301e-01	7.385364004698960483e-02	3.112961662530086895e-02	8.000569430119405800e-02
1.258304032571739299e+03	2.387203191035641159e-01	1.563187476792378128e-01	2.625878099085892647e-01	1.572782669457715443e-01	7.388400174665156472e-02	3.115234960928483718e-02	8.005850500661043645e-02
1.259755363635835920e+03	2.385282532369626673e-01	1.561973722440799794e-01	2.627185742141229796e-01	1.573552043224854813e-01	7.391431660668942860e-02	3.117505398057127466e-02	8.011122539479774429e-02
1.261206694699932314e+03	2.383365274415656931e-01	1.560761952486315329e-01	2.628490948002033534e-01	1.574320124639794483e-01	7.394458470401298056e-02	3.119772973637660249e-02	8.016385560494000695e-02
1.262658025764028707e+03	2.381451411199444201e-01	1.559552163591441110e-01	2.629793721059200395e-01	1.575086916486954924e-01	7.397480611542975315e-02	3.122037687426552910e-02	8.021639577631027584e-02
1.264109356828125556e+03	2.379540936757485736e-01	1.558344352424396451e-01	2.631094065695323558e-01	1.575852421539306880e-01	7.400498091764486086e-02	3.124299539214783067e-02	8.026884604826566016e-02
1.265560687892221949e+03	2.377633845137039903e-01	1.557138515659095279e-01	2.632391986284717822e-01	1.576616642558461845e-01	7.403510918726077805e-02	3.126558528827517308e-02	8.032120656024219207e-02
1.267012018956318798e+03	2.375730130396103978e-01	1.555934649975134754e-01	2.633687487193445698e-01	1.577379582294761440e-01	7.406519100077717244e-02	3.128814656123792004e-02	8.037347745174998337e-02
1.268463350020415419e+03	2.373829786603390557e-01	1.554732752057786660e-01	2.634980572779340724e-01	1.578141243487367340e-01	7.409522643459076630e-02	3.131067920996200710e-02	8.042565886236842376e-02
1.269914681084511813e+03	2.371932807838306179e-01	1.553532818597986309e-01	2.636271247392033557e-01	1.578901628864348428e-01	7.412521556499511444e-02	3.133318323370583303e-02	8.047775093174128203e-02
1.271366012148608434e+03	2.370039188190926627e-01	1.552334846292323933e-01	2.637559515372980279e-01	1.579660741142767943e-01	7.415515846818049317e-02	3.135565863205717202e-02	8.052975379957215407e-02
1.272817343212705055e+03	2.368148921761975556e-01	1.551138831843034138e-01	2.638845381055482386e-01	1.580418583028769808e-01	7.418505522023371990e-02	3.137810540493010669e-02	8.058166760561973063e-02
1.274268674276801676e+03	2.366262002662801733e-01	1.549944771957984246e-01	2.640128848764714542e-01	1.581175157217663829e-01	7.421490589713800046e-02	3.140052355256199579e-02	8.063349248969325922e-02
1.275720005340898297e+03	2.364378425015357110e-01	1.548752663350668468e-01	2.641409922817749001e-01	1.581930466394010082e-01	7.424471057477274871e-02	3.142291307551049045e-02	8.068522859164801997e-02
1.277171336404994690e+03	2.362498182952172676e-01	1.547562502740193746e-01	2.642688607523578370e-01	1.582684513231702172e-01	7.427446932891348941e-02	3.144527397465051582e-02	8.073687605138095413e-02
1.278622667469091539e+03	2.360621270616338196e-01	1.546374286851273372e-01	2.643964907183142254e-01	1.583437300394050506e-01	7.430418223523170551e-02	3.146760625117137056e-02	8.078843500882622319e-02
1.280073998533187932e+03	2.358747682161478620e-01	1.545188012414215051e-01	2.645238826089346129e-01	1.584188830533863890e-01	7.433384936929464393e-02	3.148990990657374311e-02	8.083990560395097613e-02
1.281525329597284326e+03	2.356877411751732432e-01	1.544003676164912298e-01	2.646510368527091872e-01	1.584939106293529743e-01	7.436347080656524611e-02	3.151218494266683906e-02	8.089128797675110283e-02
1.282976660661381175e+03	2.355010453561729722e-01	1.542821274844833612e-01	2.647779538773294972e-01	1.585688130305095422e-01	7.439304662240198152e-02	3.153443136156550142e-02	8.094258226724695970e-02
1.284427991725477568e+03	2.353146801776570263e-01	1.541640805201013875e-01	2.649046341096912283e-01	1.586435905190347051e-01	7.442257689205870885e-02	3.155664916568734490e-02	8.099378861547941455e-02
1.285879322789574417e+03	2.351286450591801303e-01	1.540462263986043800e-01	2.650310779758962565e-01	1.587182433560888339e-01	7.445206169068460667e-02	3.157883835774993875e-02	8.104490716150566931e-02
1.287330653853671038e+03	2.349429394213395084e-01	1.539285647958061054e-01	2.651572859012550909e-01	1.587927718018217471e-01	7.448150109332396518e-02	3.160099894076800336e-02	8.109593804539536044e-02
1.288781984917767431e+03	2.347575626857728859e-01	1.538110953880739706e-01	2.652832583102890940e-01	1.588671761153805095e-01	7.451089517491614467e-02	3.162313091805061399e-02	8.114688140722653431e-02
1.290233315981864052e+03	2.345725142751561854e-01	1.536938178523281351e-01	2.654089956267327022e-01	1.589414565549170377e-01	7.454024401029542279e-02	3.164523429319845982e-02	8.119773738708188637e-02
