1.001418434226643626e+03	2.786534392587492470e-01	1.812904350205520043e-01	2.351739306335477453e-01	1.413318150185608468e-01	6.767274625967341362e-02	2.668593697670715303e-02	6.919169683191565834e-02
1.003837319333471214e+03	2.782150499167085345e-01	1.810205962178354500e-01	2.354774064469837280e-01	1.415091097135842135e-01	6.773793201735747727e-02	2.673090910552671645e-02	6.930899658170985855e-02
1.006256204440298802e+03	2.777779562150372028e-01	1.807514972092977290e-01	2.357799465840606234e-01	1.416858215311160019e-01	6.780293464153962224e-02	2.677583674674922573e-02	6.942600707190560438e-02
1.008675089547126618e+03	2.773421542648463745e-01	1.804831359131667812e-01	2.360815540652709821e-01	1.418619539984130873e-01	6.786775466114738919e-02	2.682071914807131197e-02	6.954272794879004516e-02
1.011093974653954206e+03	2.769076401906754303e-01	1.802155102537274789e-01	2.363822318957483348e-01	1.420375105981094566e-01	6.793239260370748100e-02	2.686555557061515165e-02	6.965915888712256865e-02
1.013512859760782021e+03	2.764744101304132395e-01	1.799486181613005609e-01	2.366819830654652290e-01	1.422124947689928642e-01	6.799684899534721993e-02	2.691034528872478931e-02	6.977529958946189492e-02
1.015931744867609382e+03	2.760424602352205548e-01	1.796824575722218986e-01	2.369808105494276007e-01	1.423869099067666955e-01	6.806112436079601868e-02	2.695508758976575617e-02	6.989114978550725610e-02
1.018350629974437197e+03	2.756117866694534069e-01	1.794170264288216243e-01	2.372787173078650946e-01	1.425607593647972848e-01	6.812521922338678204e-02	2.699978177392790488e-02	7.000670923145357882e-02
1.020769515081264785e+03	2.751823856105873878e-01	1.791523226794038137e-01	2.375757062864179425e-01	1.427340464548474130e-01	6.818913410505750283e-02	2.704442715403141198e-02	7.012197770936019758e-02
1.023188400188092373e+03	2.747542532491428213e-01	1.788883442782259470e-01	2.378717804163198724e-01	1.429067744477954260e-01	6.825286952635281623e-02	2.708902305533589933e-02	7.023695502653294620e-02
1.025607285294920075e+03	2.743273857886109335e-01	1.786250891854785361e-01	2.381669426145774648e-01	1.430789465743411981e-01	6.831642600642558183e-02	2.713356881535261556e-02	7.035164101491933608e-02
1.028026170401747549e+03	2.739017794453809662e-01	1.783625553672651964e-01	2.384611957841462071e-01	1.432505660256984115e-01	6.837980406303864611e-02	2.717806378365961867e-02	7.046603553051655755e-02
1.030445055508575479e+03	2.734774304486679575e-01	1.781007407955824962e-01	2.387545428141028825e-01	1.434216359542739572e-01	6.844300421256643840e-02	2.722250732171991455e-02	7.058013845279190179e-02
1.032863940615402726e+03	2.730543350404416869e-01	1.778396434483001665e-01	2.390469865798145743e-01	1.435921594743343466e-01	6.850602696999671948e-02	2.726689880270250638e-02	7.069394968411557567e-02
1.035282825722230655e+03	2.726324894753558437e-01	1.775792613091413119e-01	2.393385299431045055e-01	1.437621396626596326e-01	6.856887284893238566e-02	2.731123761130628894e-02	7.080746914920553470e-02
1.037701710829058356e+03	2.722118900206791925e-01	1.773195923676628427e-01	2.396291757524145194e-01	1.439315795591848413e-01	6.863154236159328681e-02	2.735552314358674630e-02	7.092069679458404274e-02
1.040120595935886058e+03	2.717925329562260739e-01	1.770606346192359348e-01	2.399189268429644251e-01	1.441004821676296344e-01	6.869403601881808596e-02	2.739975480678541811e-02	7.103363258804581970e-02
1.042539481042713533e+03	2.713744145742891800e-01	1.768023860650266565e-01	2.402077860369082607e-01	1.442688504561157048e-01	6.875635433006607733e-02	2.744393201916205463e-02	7.114627651813745790e-02
1.044958366149541234e+03	2.709575311795718866e-01	1.765448447119767894e-01	2.404957561434874214e-01	1.444366873577727084e-01	6.881849780341918466e-02	2.748805420982944336e-02	7.125862859364795465e-02
1.047377251256368709e+03	2.705418790891220837e-01	1.762880085727846768e-01	2.407828399591809831e-01	1.446039957713328716e-01	6.888046694558386251e-02	2.753212081859085156e-02	7.137068884311005557e-02
1.049796136363196410e+03	2.701274546322666725e-01	1.760318756658862116e-01	2.410690402678527799e-01	1.447707785617143028e-01	6.894226226189306694e-02	2.757613129578004654e-02	7.148245731431222827e-02
1.052215021470024112e+03	2.697142541505465063e-01	1.757764440154359620e-01	2.413543598408961488e-01	1.449370385605933953e-01	6.900388425630839262e-02	2.762008510210382101e-02	7.159393407382104446e-02
1.054633906576851814e+03	2.693022739976524971e-01	1.755217116512883813e-01	2.416388014373753723e-01	1.451027785669663228e-01	6.906533343142196024e-02	2.766398170848702667e-02	7.170511920651373439e-02
1.057052791683679516e+03	2.688915105393621663e-01	1.752676766089791005e-01	2.419223678041644843e-01	1.452680013477002097e-01	6.912661028845858147e-02	2.770782059592002966e-02	7.181601281512073331e-02
1.059471676790506763e+03	2.684819601534767508e-01	1.750143369297065266e-01	2.422050616760836883e-01	1.454327096380738094e-01	6.918771532727788220e-02	2.775160125530857017e-02	7.192661501977803962e-02
1.061890561897334692e+03	2.680736192297595855e-01	1.747616906603132458e-01	2.424868857760328344e-01	1.455969061423080524e-01	6.924864904637638430e-02	2.779532318732599178e-02	7.203692595758909301e-02
1.064309447004162394e+03	2.676664841698744857e-01	1.745097358532678167e-01	2.427678428151223977e-01	1.457605935340867964e-01	6.930941194288972595e-02	2.783898590226776756e-02	7.214694578219602028e-02
1.066728332110990095e+03	2.672605513873255179e-01	1.742584705666464784e-01	2.430479354928021252e-01	1.459237744570675288e-01	6.937000451259481282e-02	2.788258891990833335e-02	7.225667466336013756e-02
1.069147217217817570e+03	2.668558173073965478e-01	1.740078928641150824e-01	2.433271664969868520e-01	1.460864515253828266e-01	6.943042724991205228e-02	2.792613176936011715e-02	7.236611278655140367e-02
1.071566102324645271e+03	2.664522783670923434e-01	1.737580008149109401e-01	2.436055385041802634e-01	1.462486273241322132e-01	6.949068064790762944e-02	2.796961398893482026e-02	7.247526035254664434e-02
1.073984987431472746e+03	2.660499310150798435e-01	1.735087924938250870e-01	2.438830541795960483e-01	1.464103044098649109e-01	6.955076519829571369e-02	2.801303512600682513e-02	7.258411757703646383e-02
1.076403872538300675e+03	2.656487717116299274e-01	1.732602659811843804e-01	2.441597161772768587e-01	1.465714853110535731e-01	6.961068139144080402e-02	2.805639473687874044e-02	7.269268469024060819e-02
1.078822757645127922e+03	2.652487969285602931e-01	1.730124193628337914e-01	2.444355271402109675e-01	1.467321725285591905e-01	6.967042971636003279e-02	2.809969238664905208e-02	7.280096193653158576e-02
1.081241642751955851e+03	2.648500031491783924e-01	1.727652507301188078e-01	2.447104897004467039e-01	1.468923685360872533e-01	6.973001066072551102e-02	2.814292764908181074e-02	7.290894957406636456e-02
1.083660527858783553e+03	2.644523868682255863e-01	1.725187581798679759e-01	2.449846064792046696e-01	1.470520757806354772e-01	6.978942471086667376e-02	2.818610010647835257e-02	7.301664787442609106e-02
1.086079412965611255e+03	2.640559445918211900e-01	1.722729398143753587e-01	2.452578800869879838e-01	1.472112966829331460e-01	6.984867235177270872e-02	2.822920934955099048e-02	7.312405712226344168e-02
1.088498298072438729e+03	2.636606728374076281e-01	1.720277937413832448e-01	2.455303131236901415e-01	1.473700336378723774e-01	6.990775406709491546e-02	2.827225497729869003e-02	7.323117761495777367e-02
1.090917183179266431e+03	2.632665681336960328e-01	1.717833180740649945e-01	2.458019081787012061e-01	1.475282890149311743e-01	6.996667033914916178e-02	2.831523659688463604e-02	7.333800966227756180e-02
1.093336068286093905e+03	2.628736270206121772e-01	1.715395109310078048e-01	2.460726678310116988e-01	1.476860651585888140e-01	7.002542164891832621e-02	2.835815382351569020e-02	7.344455358605027351e-02
1.095754953392921607e+03	2.624818460492431837e-01	1.712963704361957218e-01	2.463425946493146834e-01	1.478433643887333837e-01	7.008400847605476824e-02	2.840100628032373592e-02	7.355080971983929405e-02
1.098173838499749309e+03	2.620912217817848444e-01	1.710538947189926273e-01	2.466116911921058530e-01	1.480001890010618770e-01	7.014243129888279860e-02	2.844379359824880313e-02	7.365677840862791537e-02
1.100592723606577010e+03	2.617017507914892738e-01	1.708120819141253910e-01	2.468799600077818679e-01	1.481565412674727689e-01	7.020069059440123271e-02	2.848651541592402484e-02	7.376246000851016671e-02
1.103011608713404712e+03	2.613134296626130615e-01	1.705709301616670504e-01	2.471474036347366954e-01	1.483124234364512906e-01	7.025878683828586102e-02	2.852917137956234236e-02	7.386785488638838992e-02
1.105430493820231959e+03	2.609262549903662576e-01	1.703304376070201576e-01	2.474140246014562006e-01	1.484678377334477106e-01	7.031672050489200243e-02	2.857176114284494875e-02	7.397296341967733724e-02
1.107849378927059888e+03	2.605402233808615242e-01	1.700906024009001538e-01	2.476798254266111554e-01	1.486227863612485378e-01	7.037449206725705786e-02	2.861428436681142523e-02	7.407778599601473613e-02
1.110268264033887590e+03	2.601553314510638981e-01	1.698514226993187992e-01	2.479448086191481659e-01	1.487772715003408408e-01	7.043210199710311925e-02	2.865674071975159512e-02	7.418232301297818243e-02
1.112687149140715292e+03	2.597715758287410526e-01	1.696128966635676860e-01	2.482089766783792395e-01	1.489312953092698788e-01	7.048955076483952309e-02	2.869912987709898056e-02	7.428657487780822299e-02
1.115106034247542766e+03	2.593889531524142256e-01	1.693750224602019738e-01	2.484723320940694924e-01	1.490848599249901540e-01	7.054683883956545942e-02	2.874145152132590378e-02	7.439054200713741960e-02
1.117524919354370468e+03	2.590074600713090924e-01	1.691377982610240693e-01	2.487348773465234142e-01	1.492379674632098308e-01	7.060396668907260864e-02	2.878370534184019128e-02	7.449422482672543588e-02
1.119943804461197942e+03	2.586270932453078597e-01	1.689012222430673338e-01	2.489966149066693002e-01	1.493906200187291311e-01	7.066093477984775051e-02	2.882589103488343574e-02	7.459762377119984189e-02
1.122362689568025871e+03	2.582478493449011370e-01	1.686652925885800403e-01	2.492575472361424627e-01	1.495428196657721531e-01	7.071774357707541481e-02	2.886800830343079147e-02	7.470073928380262240e-02
1.124781574674853118e+03	2.578697250511406969e-01	1.684300074850092199e-01	2.495176767873665269e-01	1.496945684583128877e-01	7.077439354464057364e-02	2.891005685709232761e-02	7.480357181614230577e-02
1.127200459781681047e+03	2.574927170555924572e-01	1.681953651249848969e-01	2.497770060036337003e-01	1.498458684303949073e-01	7.083088514513129208e-02	2.895203641201581080e-02	7.490612182795144958e-02
1.129619344888508749e+03	2.571168220602899623e-01	1.679613637063039067e-01	2.500355373191830988e-01	1.499967215964455314e-01	7.088721883984140659e-02	2.899394669079102121e-02	7.500838978684953862e-02
1.132038229995336451e+03	2.567420367776883094e-01	1.677280014319142143e-01	2.502932731592780180e-01	1.501471299515841351e-01	7.094339508877324507e-02	2.903578742235546004e-02	7.511037616811107320e-02
1.134457115102163925e+03	2.563683579306184623e-01	1.674952765098991769e-01	2.505502159402816509e-01	1.502970954719245189e-01	7.099941435064031914e-02	2.907755834190152433e-02	7.521208145443872284e-02
1.136876000208991627e+03	2.559957822522421766e-01	1.672631871534618342e-01	2.508063680697314446e-01	1.504466201148722260e-01	7.105527708287004418e-02	2.911925919078502123e-02	7.531350613574165631e-02
1.139294885315819101e+03	2.556243064860069247e-01	1.670317315809092817e-01	2.510617319464120700e-01	1.505957058194160036e-01	7.111098374160648716e-02	2.916088971643511843e-02	7.541465070891853473e-02
1.141713770422646803e+03	2.552539273856015978e-01	1.668009080156370727e-01	2.513163099604273087e-01	1.507443545064142409e-01	7.116653478171311442e-02	2.920244967226558533e-02	7.551551567764550055e-02
1.144132655529474505e+03	2.548846417149124299e-01	1.665707146861139520e-01	2.515701044932703301e-01	1.508925680788759383e-01	7.122193065677552559e-02	2.924393881758742542e-02	7.561610155216884344e-02
1.146551540636302207e+03	2.545164462479794776e-01	1.663411498258662302e-01	2.518231179178929691e-01	1.510403484222366810e-01	7.127717181910420141e-02	2.928535691752275766e-02	7.571640884910214864e-02
1.148970425743129908e+03	2.541493377689532096e-01	1.661122116734625731e-01	2.520753525987736166e-01	1.511876974046295896e-01	7.133225871973733478e-02	2.932670374292003015e-02	7.581643809122809441e-02
1.151389310849957155e+03	2.537833130720518193e-01	1.658838984724987087e-01	2.523268108919838881e-01	1.513346168771513567e-01	7.138719180844357859e-02	2.936797907027045851e-02	7.591618980730457933e-02
1.153808195956785084e+03	2.534183689615184809e-01	1.656562084715823002e-01	2.525774951452544603e-01	1.514811086741232882e-01	7.144197153372480735e-02	2.940918268162574442e-02	7.601566453187524885e-02
1.156227081063612786e+03	2.530545022515794384e-01	1.654291399243176253e-01	2.528274076980392970e-01	1.516271746133477927e-01	7.149659834281894832e-02	2.945031436451699819e-02	7.611486280508412972e-02
1.158645966170440488e+03	2.526917097664022060e-01	1.652026910892908096e-01	2.530765508815788767e-01	1.517728164963600967e-01	7.155107268170279866e-02	2.949137391187486856e-02	7.621378517249456641e-02
1.161064851277267962e+03	2.523299883400539900e-01	1.649768602300545339e-01	2.533249270189623648e-01	1.519180361086754916e-01	7.160539499509481487e-02	2.953236112195086263e-02	7.631243218491208513e-02
1.163483736384095664e+03	2.519693348164606661e-01	1.647516456151133235e-01	2.535725384251891201e-01	1.520628352200320277e-01	7.165956572645792999e-02	2.957327579823982450e-02	7.641080439821126835e-02
1.165902621490923138e+03	2.516097460493663673e-01	1.645270455179085045e-01	2.538193874072279255e-01	1.522072155846287411e-01	7.171358531800244018e-02	2.961411774940356928e-02	7.650890237316657072e-02
1.168321506597751068e+03	2.512512189022926279e-01	1.643030582168034937e-01	2.540654762640768838e-01	1.523511789413598272e-01	7.176745421068873865e-02	2.965488678919563081e-02	7.660672667528688196e-02
1.170740391704578315e+03	2.508937502484987481e-01	1.640796819950690877e-01	2.543108072868206504e-01	1.524947270140443178e-01	7.182117284423024384e-02	2.969558273638713691e-02	7.670427787465385061e-02
1.173159276811406244e+03	2.505373369709418263e-01	1.638569151408686975e-01	2.545553827586879425e-01	1.526378615116517901e-01	7.187474165709621665e-02	2.973620541469376710e-02	7.680155654576382995e-02
1.175578161918233945e+03	2.501819759622374018e-01	1.636347559472438040e-01	2.547992049551070504e-01	1.527805841285239108e-01	7.192816108651463314e-02	2.977675465270378241e-02	7.689856326737344594e-02
1.177997047025061647e+03	2.498276641246206242e-01	1.634132027120992758e-01	2.550422761437613484e-01	1.529228965445920130e-01	7.198143156847500168e-02	2.981723028380712723e-02	7.699529862234857913e-02
1.180415932131889122e+03	2.494743983699072021e-01	1.631922537381889915e-01	2.552845985846432519e-01	1.530648004255908134e-01	7.203455353773126346e-02	2.985763214612555116e-02	7.709176319751687156e-02
1.182834817238716823e+03	2.491221756194550996e-01	1.629719073331013512e-01	2.555261745301072307e-01	1.532062974232682451e-01	7.208752742780463740e-02	2.989796008244377176e-02	7.718795758352353653e-02
1.185253702345544298e+03	2.487709928041264007e-01	1.627521618092448996e-01	2.557670062249224330e-01	1.533473891755915419e-01	7.214035367098653451e-02	2.993821394014162598e-02	7.728388237469042965e-02
1.187672587452371999e+03	2.484208468642494227e-01	1.625330154838339480e-01	2.560070959063237561e-01	1.534880773069496052e-01	7.219303269834140280e-02	2.997839357112722786e-02	7.737953816887838121e-02
1.190091472559199701e+03	2.480717347495812741e-01	1.623144666788744195e-01	2.562464458040629167e-01	1.536283634283517330e-01	7.224556493970962778e-02	3.001849883177111489e-02	7.747492556735265101e-02
1.192510357666027403e+03	2.477236534192704676e-01	1.620965137211494989e-01	2.564850581404576335e-01	1.537682491376229088e-01	7.229795082371039128e-02	3.005852958284132084e-02	7.757004517465147797e-02
1.194929242772855105e+03	2.473765998418200329e-01	1.618791549422055331e-01	2.567229351304409213e-01	1.539077360195955091e-01	7.235019077774458574e-02	3.009848568943940955e-02	7.766489759845762730e-02
1.197348127879682352e+03	2.470305709950509354e-01	1.616623886783380148e-01	2.569600789816089415e-01	1.540468256462975416e-01	7.240228522799771471e-02	3.013836702093745587e-02	7.775948344947286595e-02
1.199767012986510281e+03	2.466855638660656325e-01	1.614462132705774544e-01	2.571964918942686307e-01	1.541855195771377196e-01	7.245423459944279332e-02	3.017817345091589401e-02	7.785380334129539392e-02
1.202185898093337983e+03	2.463415754512117417e-01	1.612306270646753081e-01	2.574321760614838861e-01	1.543238193590869001e-01	7.250603931584322093e-02	3.021790485710233731e-02	7.794785789030007905e-02
1.204604783200165684e+03	2.459986027560465693e-01	1.610156284110902669e-01	2.576671336691215841e-01	1.544617265268567741e-01	7.255769979975570938e-02	3.025756112131120987e-02	7.804164771552141167e-02
1.207023668306993159e+03	2.456566427953011944e-01	1.608012156649741009e-01	2.579013668958963779e-01	1.545992426030750044e-01	7.260921647253318345e-02	3.029714212938429407e-02	7.813517343853924879e-02
1.209442553413820860e+03	2.453156925928453858e-01	1.605873871861580593e-01	2.581348779134156057e-01	1.547363690984573659e-01	7.266058975432768130e-02	3.033664777113214556e-02	7.822843568336712572e-02
1.211861438520648335e+03	2.449757491816524080e-01	1.603741413391389925e-01	2.583676688862222015e-01	1.548731075119768874e-01	7.271182006409326881e-02	3.037607794027631300e-02	7.832143507634327373e-02
1.214280323627476264e+03	2.446368096037643547e-01	1.601614764930656132e-01	2.585997419718379375e-01	1.550094593310299418e-01	7.276290781958898168e-02	3.041543253439241493e-02	7.841417224602405256e-02
1.216699208734303511e+03	2.442988709102574263e-01	1.599493910217248682e-01	2.588310993208058353e-01	1.551454260315995037e-01	7.281385343738169813e-02	3.045471145485403527e-02	7.850664782307996414e-02
1.219118093841131440e+03	2.439619301612077906e-01	1.597378833035282830e-01	2.590617430767313545e-01	1.552810090784153552e-01	7.286465733284905322e-02	3.049391460677742735e-02	7.859886244019409496e-02
1.221536978947959142e+03	2.436259844256574714e-01	1.595269517214983612e-01	2.592916753763235271e-01	1.554162099251116813e-01	7.291531992018242259e-02	3.053304189896699841e-02	7.869081673196287596e-02
1.223955864054786844e+03	2.432910307815805695e-01	1.593165946632551788e-01	2.595208983494353694e-01	1.555510300143816416e-01	7.296584161238971189e-02	3.057209324386157834e-02	7.878251133479925727e-02
1.226374749161614318e+03	2.429570663158496513e-01	1.591068105210028394e-01	2.597494141191032946e-01	1.556854707781294422e-01	7.301622282129846542e-02	3.061106855748146893e-02	7.887394688683814492e-02
1.228793634268442020e+03	2.426240881242023861e-01	1.588975976915159571e-01	2.599772248015863596e-01	1.558195336376197171e-01	7.306646395755860002e-02	3.064996775937622875e-02	7.896512402784398865e-02
1.231212519375269494e+03	2.422920933112086006e-01	1.586889545761264730e-01	2.602043325064045676e-01	1.559532200036241600e-01	7.311656543064543046e-02	3.068879077257323160e-02	7.905604339912072898e-02
1.233631404482097196e+03	2.419610789902372217e-01	1.584808795807102211e-01	2.604307393363767820e-01	1.560865312765656321e-01	7.316652764886258375e-02	3.072753752352692241e-02	7.914670564342370096e-02
1.236050289588924898e+03	2.416310422834237748e-01	1.582733711156736889e-01	2.606564473876581411e-01	1.562194688466599646e-01	7.321635101934489964e-02	3.076620794206883988e-02	7.923711140487373072e-02
1.238469174695752372e+03	2.413019803216378545e-01	1.580664275959406950e-01	2.608814587497766402e-01	1.563520340940548481e-01	7.326603594806134490e-02	3.080480196135829477e-02	7.932726132887334136e-02
1.240888059802580301e+03	2.409738902444510111e-01	1.578600474409393717e-01	2.611057755056692686e-01	1.564842283889668062e-01	7.331558283981794155e-02	3.084331951783380460e-02	7.941715606202479072e-02
1.243306944909407548e+03	2.406467692001047487e-01	1.576542290745888697e-01	2.613293997317178152e-01	1.566160530918153659e-01	7.336499209826072287e-02	3.088176055116517715e-02	7.950679625205023249e-02
1.245725830016235477e+03	2.403206143454786337e-01	1.574489709252864245e-01	2.615523334977838954e-01	1.567475095533552298e-01	7.341426412587863382e-02	3.092012500420628779e-02	7.959618254771379242e-02
1.248144715123063179e+03	2.399954228460589589e-01	1.572442714258941721e-01	2.617745788672436458e-01	1.568785991148058112e-01	7.346339932400640371e-02	3.095841282294851948e-02	7.968531559874539316e-02
1.250563600229890881e+03	2.396711918759071858e-01	1.570401290137262429e-01	2.619961378970216415e-01	1.570093231079789098e-01	7.351239809282754389e-02	3.099662395647487592e-02	7.977419605576652195e-02
1.252982485336718355e+03	2.393479186176289131e-01	1.568365421305358276e-01	2.622170126376246468e-01	1.571396828554038061e-01	7.356126083137724814e-02	3.103475835691471216e-02	7.986282457021784409e-02
1.255401370443546057e+03	2.390256002623428189e-01	1.566335092225021319e-01	2.624372051331745337e-01	1.572696796704504962e-01	7.360998793754527925e-02	3.107281597939914181e-02	7.995120179428848173e-02
1.257820255550373531e+03	2.387042340096501292e-01	1.564310287402178035e-01	2.626567174214413658e-01	1.573993148574506507e-01	7.365857980807889727e-02	3.111079678201702711e-02	8.003932838084702739e-02
1.260239140657201460e+03	2.383838170676038926e-01	1.562290991386757755e-01	2.628755515338749849e-01	1.575285897118164080e-01	7.370703683858581545e-02	3.114870072577162821e-02	8.012720498337434771e-02
1.262658025764028707e+03	2.380643466526786434e-01	1.560277188772567492e-01	2.630937094956372069e-01	1.576575055201573650e-01	7.375535942353707297e-02	3.118652777453784219e-02	8.021483225589789989e-02
1.265076910870856636e+03	2.377458199897403146e-01	1.558268864197163428e-01	2.633111933256329640e-01	1.577860635603953732e-01	7.380354795626996312e-02	3.122427789502004239e-02	8.030221085292776895e-02
1.267495795977684338e+03	2.374282343120162897e-01	1.556266002341724908e-01	2.635280050365408910e-01	1.579142651018773935e-01	7.385160282899093376e-02	3.126195105671050745e-02	8.038934142939424543e-02
1.269914681084511813e+03	2.371115868610654820e-01	1.554268587930926759e-01	2.637441466348441343e-01	1.580421114054864351e-01	7.389952443277854333e-02	3.129954723184842635e-02	8.047622464058695746e-02
1.272333566191339514e+03	2.367958748867488861e-01	1.552276605732814674e-01	2.639596201208602166e-01	1.581696037237507457e-01	7.394731315758630574e-02	3.133706639537951061e-02	8.056286114209550153e-02
1.274752451298167216e+03	2.364810956472001013e-01	1.550290040558679472e-01	2.641744274887704025e-01	1.582967433009507818e-01	7.399496939224564640e-02	3.137450852491611292e-02	8.064925158975159991e-02
1.277171336404994690e+03	2.361672464087961054e-01	1.548308877262931094e-01	2.643885707266492857e-01	1.584235313732247352e-01	7.404249352446878873e-02	3.141187360069794265e-02	8.073539663957263190e-02
1.279590221511822392e+03	2.358543244461281385e-01	1.546333100742974809e-01	2.646020518164932112e-01	1.585499691686720336e-01	7.408988594085165469e-02	3.144916160555333295e-02	8.082129694770665007e-02
1.282009106618650094e+03	2.355423270419730319e-01	1.544362695939086594e-01	2.648148727342490294e-01	1.586760579074551758e-01	7.413714702687677904e-02	3.148637252486100047e-02	8.090695317037879808e-02
1.284427991725477568e+03	2.352312514872642035e-01	1.542397647834289343e-01	2.650270354498418524e-01	1.588017988018998461e-01	7.418427716691619600e-02	3.152350634651240185e-02	8.099236596383901921e-02
1.286846876832305497e+03	2.349210950810634024e-01	1.540437941454229631e-01	2.652385419272027534e-01	1.589271930565932522e-01	7.423127674423433964e-02	3.156056306087456215e-02	8.107753598431112485e-02
1.289265761939132744e+03	2.346118551305322320e-01	1.538483561867054206e-01	2.654493941242963562e-01	1.590522418684809092e-01	7.427814614099093049e-02	3.159754266075341655e-02	8.116246388794316757e-02
1.291684647045960673e+03	2.343035289509038388e-01	1.536534494183287303e-01	2.656595939931474804e-01	1.591769464269617018e-01	7.432488573824388989e-02	3.163444514135770741e-02	8.124715033075910475e-02
1.294103532152788375e+03	2.339961138654551021e-01	1.534590723555708802e-01	2.658691434798678421e-01	1.593013079139813659e-01	7.437149591595219877e-02	3.167127050026331825e-02	8.133159596861164187e-02
1.296522417259616077e+03	2.336896072054786555e-01	1.532652235179232936e-01	2.660780445246825332e-01	1.594253275041245532e-01	7.441797705297877041e-02	3.170801873737818383e-02	8.141580145713638028e-02
1.298941302366443551e+03	2.333840063102551043e-01	1.530719014290785607e-01	2.662862990619556114e-01	1.595490063647050094e-01	7.446432952709342024e-02	3.174468985490756789e-02	8.149976745170706138e-02
1.301360187473271253e+03	2.330793085270256304e-01	1.528791046169184487e-01	2.664939090202159688e-01	1.596723456558546417e-01	7.451055371497562752e-02	3.178128385731992384e-02	8.158349460739208747e-02
1.303779072580098727e+03	2.327755112109645974e-01	1.526868316135017167e-01	2.667008763221825340e-01	1.597953465306107268e-01	7.455664999221749134e-02	3.181780075131317859e-02	8.166698357891205573e-02
1.306197957686926657e+03	2.324726117251521007e-01	1.524950809550522091e-01	2.669072028847894740e-01	1.599180101350020089e-01	7.460261873332654781e-02	3.185424054578148145e-02	8.175023502059848568e-02
1.308616842793753904e+03	2.321706074405471276e-01	1.523038511819468088e-01	2.671128906192104524e-01	1.600403376081330209e-01	7.464846031172872598e-02	3.189060325178243172e-02	8.183324958635364299e-02
1.311035727900581833e+03	2.318694957359606068e-01	1.521131408387035311e-01	2.673179414308834434e-01	1.601623300822674068e-01	7.469417509977112346e-02	3.192688888250470869e-02	8.191602792961139023e-02
1.313454613007409534e+03	2.315692739980284576e-01	1.519229484739695601e-01	2.675223572195345456e-01	1.602839886829093563e-01	7.473976346872490684e-02	3.196309745323621526e-02	8.199857070329907849e-02
1.315873498114237009e+03	2.312699396211851388e-01	1.517332726405093701e-01	2.677261398792021296e-01	1.604053145288842075e-01	7.478522578878818439e-02	3.199922898133258919e-02	8.208087855980046588e-02
1.318292383221064711e+03	2.309714900076371702e-01	1.515441118951929844e-01	2.679292912982598196e-01	1.605263087324173554e-01	7.483056242908885103e-02	3.203528348618617932e-02	8.216295215091971860e-02
1.320711268327892412e+03	2.306739225673365978e-01	1.513554647989840962e-01	2.681318133594403630e-01	1.606469723992119680e-01	7.487577375768740551e-02	3.207126098919545198e-02	8.224479212784620297e-02
1.323130153434719887e+03	2.303772347179549873e-01	1.511673299169283835e-01	2.683337079398581126e-01	1.607673066285255081e-01	7.492086014157985085e-02	3.210716151373479293e-02	8.232639914112044321e-02
1.325549038541547588e+03	2.300814238848573612e-01	1.509797058181416296e-01	2.685349769110321749e-01	1.608873125132448123e-01	7.496582194670052546e-02	3.214298508512473257e-02	8.240777384060080091e-02
1.327967923648375290e+03	2.297864875010761920e-01	1.507925910757982879e-01	2.687356221389085587e-01	1.610069911399602260e-01	7.501065953792490637e-02	3.217873173060259440e-02	8.248891687543126461e-02
1.330386808755202765e+03	2.294924230072857008e-01	1.506059842671196025e-01	2.689356454838825461e-01	1.611263435890382123e-01	7.505537327907249590e-02	3.221440147929349740e-02	8.256982889401000281e-02
1.332805693862030694e+03	2.291992278517762660e-01	1.504198839733621451e-01	2.691350488008205644e-01	1.612453709346928499e-01	7.509996353290965265e-02	3.224999436218178861e-02	8.265051054395884667e-02
1.335224578968857941e+03	2.289068994904287502e-01	1.502342887798060744e-01	2.693338339390820568e-01	1.613640742450563603e-01	7.514443066115236713e-02	3.228551041208287814e-02	8.273096247209356380e-02
1.337643464075685870e+03	2.286154353866893252e-01	1.500491972757439230e-01	2.695320027425409104e-01	1.614824545822483304e-01	7.518877502446913441e-02	3.232094966361537952e-02	8.281118532439503410e-02
1.340062349182513572e+03	2.283248330115441593e-01	1.498646080544686898e-01	2.697295570496067163e-01	1.616005130024437686e-01	7.523299698248375744e-02	3.235631215317375659e-02	8.289117974598125826e-02
1.342481234289341273e+03	2.280350898434942153e-01	1.496805197132626830e-01	2.699264986932455868e-01	1.617182505559401628e-01	7.527709689377815039e-02	3.239159791890119239e-02	8.297094638108004627e-02
1.344900119396168748e+03	2.277462033685304921e-01	1.494969308533859453e-01	2.701228295010013603e-01	1.618356682872233998e-01	7.532107511589522519e-02	3.242680700066293692e-02	8.305048587300260798e-02
1.347319004502996449e+03	2.274581710801090173e-01	1.493138400800648746e-01	2.703185512950160296e-01	1.619527672350326852e-01	7.536493200534155612e-02	3.246193944001996706e-02	8.312979886411785146e-02
1.349737889609823924e+03	2.271709904791262002e-01	1.491312460024808995e-01	2.705136658920498371e-01	1.620695484324242430e-01	7.540866791759032184e-02	3.249699528020301431e-02	8.320888599582740297e-02
1.352156774716651853e+03	2.268846590738942126e-01	1.489491472337591549e-01	2.707081751035019246e-01	1.621860129068342093e-01	7.545228320708403935e-02	3.253197456608693944e-02	8.328774790854143184e-02
1.354575659823479100e+03	2.265991743801164804e-01	1.487675423909571304e-01	2.709020807354299287e-01	1.623021616801404166e-01	7.549577822723733955e-02	3.256687734416544022e-02	8.336638524165512765e-02
1.356994544930307029e+03	2.263145339208634255e-01	1.485864300950535122e-01	2.710953845885698543e-01	1.624179957687231779e-01	7.553915333043981217e-02	3.260170366252613389e-02	8.344479863352588511e-02
1.359413430037134731e+03	2.260307352265481795e-01	1.484058089709368589e-01	2.712880884583558361e-01	1.625335161835250730e-01	7.558240886805875358e-02	3.263645357082592402e-02	8.352298872145116904e-02
1.361832315143962205e+03	2.257477758349025199e-01	1.482256776473944715e-01	2.714801941349391234e-01	1.626487239301099286e-01	7.562554519044192847e-02	3.267112712026676302e-02	8.360095614164705924e-02
1.364251200250789907e+03	2.254656532909528333e-01	1.480460347571012358e-01	2.716717034032076206e-01	1.627636200087206608e-01	7.566856264692040090e-02	3.270572436357167823e-02	8.367870152922740612e-02
1.366670085357617609e+03	2.251843651469963015e-01	1.478668789366085201e-01	2.718626180428045380e-01	1.628782054143363411e-01	7.571146158581124053e-02	3.274024535496114496e-02	8.375622551818368011e-02
1.369088970464445310e+03	2.249039089625770871e-01	1.476882088263331005e-01	2.720529398281475997e-01	1.629924811367283177e-01	7.575424235442036747e-02	3.277469015012979270e-02	8.383352874136541788e-02
1.371507855571272785e+03	2.246242823044628245e-01	1.475100230705459758e-01	2.722426705284474169e-01	1.631064481605154215e-01	7.579690529904521690e-02	3.280905880622340259e-02	8.391061183046127914e-02
1.373926740678100487e+03	2.243454827466210277e-01	1.473323203173615981e-01	2.724318119077261402e-01	1.632201074652183670e-01	7.583945076497757010e-02	3.284335138181621733e-02	8.398747541598065858e-02
1.376345625784927961e+03	2.240675078701955258e-01	1.471550992187266871e-01	2.726203657248353895e-01	1.633334600253132096e-01	7.588187909650628837e-02	3.287756793688854234e-02	8.406412012723589455e-02
1.378764510891755890e+03	2.237903552634834814e-01	1.469783584304092949e-01	2.728083337334749059e-01	1.634465068102840812e-01	7.592419063692001924e-02	3.291170853280468711e-02	8.414054659232513000e-02
1.381183395998583137e+03	2.235140225219119092e-01	1.468020966119879811e-01	2.729957176822099818e-01	1.635592487846749821e-01	7.596638572850997195e-02	3.294577323229113536e-02	8.421675543811557585e-02
1.383602281105411066e+03	2.232385072480148058e-01	1.466263124268408768e-01	2.731825193144897801e-01	1.636716869081408787e-01	7.600846471257266534e-02	3.297976209941507614e-02	8.429274729022745438e-02
1.386021166212238768e+03	2.229638070514100845e-01	1.464510045421348328e-01	2.733687403686645423e-01	1.637838221354978030e-01	7.605042792941263397e-02	3.301367519956318469e-02	8.436852277301840064e-02
1.388440051319066470e+03	2.226899195487767602e-01	1.462761716288145941e-01	2.735543825780033522e-01	1.638956554167725344e-01	7.609227571834514814e-02	3.304751259942066005e-02	8.444408250956840500e-02
1.390858936425893944e+03	2.224168423638321346e-01	1.461018123615920594e-01	2.737394476707113999e-01	1.640071876972510612e-01	7.613400841769896177e-02	3.308127436695061652e-02	8.451942712166517213e-02
1.393277821532721646e+03	2.221445731273093138e-01	1.459279254189354280e-01	2.739239373699470792e-01	1.641184199175267366e-01	7.617562636481899074e-02	3.311496057137366250e-02	8.459455722979017378e-02
1.395696706639549120e+03	2.218731094769343659e-01	1.457545094830586252e-01	2.741078533938392514e-01	1.642293530135473523e-01	7.621712989606906075e-02	3.314857128314782631e-02	8.466947345310496531e-02
1.398115591746377049e+03	2.216024490574041994e-01	1.455815632399104220e-01	2.742911974555038435e-01	1.643399879166615452e-01	7.625851934683459954e-02	3.318210657394867619e-02	8.474417640943811281e-02
1.400534476853204296e+03	2.213325895203640536e-01	1.454090853791639437e-01	2.744739712630608897e-01	1.644503255536648445e-01	7.629979505152530150e-02	3.321556651664978738e-02	8.481866671527252266e-02
1.402953361960032225e+03	2.210635285243853221e-01	1.452370745942059282e-01	2.746561765196511296e-01	1.645603668468444691e-01	7.634095734357788932e-02	3.324895118530338256e-02	8.489294498573324299e-02
1.405372247066859927e+03	2.207952637349433755e-01	1.450655295821262347e-01	2.748378149234523282e-01	1.646701127140237364e-01	7.638200655545872297e-02	3.328226065512130544e-02	8.496701183457569528e-02
1.407791132173687402e+03	2.205277928243955521e-01	1.448944490437071575e-01	2.750188881676958186e-01	1.647795640686058605e-01	7.642294301866654760e-02	3.331549500245618856e-02	8.504086787417430848e-02
1.410210017280515103e+03	2.202611134719592578e-01	1.447238316834129901e-01	2.751993979406824886e-01	1.648887218196170013e-01	7.646376706373513021e-02	3.334865430478287096e-02	8.511451371551165268e-02
1.412628902387342805e+03	2.199952233636900678e-01	1.445536762093795058e-01	2.753793459257992682e-01	1.649975868717485361e-01	7.650447902023595204e-02	3.338173864068013502e-02	8.518794996816786425e-02
1.415047787494170507e+03	2.197301201924599934e-01	1.443839813334034661e-01	2.755587338015348942e-01	1.651061601253988875e-01	7.654507921678088689e-02	3.341474808981259592e-02	8.526117724031058442e-02
1.417466672600997981e+03	2.194658016579359161e-01	1.442147457709321845e-01	2.757375632414956756e-01	1.652144424767146014e-01	7.658556798102483798e-02	3.344768273291286176e-02	8.533419613868520326e-02
1.419885557707825683e+03	2.192022654665579384e-01	1.440459682410530906e-01	2.759158359144214256e-01	1.653224348176308978e-01	7.662594563966838856e-02	3.348054265176396427e-02	8.540700726860553371e-02
1.422304442814653157e+03	2.189395093315180396e-01	1.438776474664833771e-01	2.760935534842010042e-01	1.654301380359115003e-01	7.666621251846046647e-02	3.351332792918194914e-02	8.547961123394484662e-02
1.424723327921481086e+03	2.186775309727385930e-01	1.437097821735596748e-01	2.762707176098878614e-01	1.655375530151879659e-01	7.670636894220099478e-02	3.354603864899878551e-02	8.555200863712728032e-02
1.427142213028308333e+03	2.184163281168511328e-01	1.435423710922277274e-01	2.764473299457153033e-01	1.656446806349984313e-01	7.674641523474352856e-02	3.357867489604541428e-02	8.562420007911955566e-02
1.429561098135136262e+03	2.181558984971752879e-01	1.433754129560320667e-01	2.766233921411120900e-01	1.657515217708256383e-01	7.678635171899786394e-02	3.361123675613507389e-02	8.569618615942307949e-02
1.431979983241963964e+03	2.178962398536975764e-01	1.432089065021057428e-01	2.767989058407172021e-01	1.658580772941346537e-01	7.682617871693271649e-02	3.364372431604680663e-02	8.576796747606638127e-02
1.434398868348791666e+03	2.176373499330503947e-01	1.430428504711601378e-01	2.769738726843953280e-01	1.659643480724097564e-01	7.686589654957827478e-02	3.367613766350925630e-02	8.583954462559789667e-02
1.436817753455619140e+03	2.173792264884912562e-01	1.428772436074748353e-01	2.771482943072514638e-01	1.660703349691909914e-01	7.690550553702887870e-02	3.370847688718456997e-02	8.591091820307904248e-02
1.439236638562446842e+03	2.171218672798817806e-01	1.427120846588873504e-01	2.773221723396461225e-01	1.661760388441100578e-01	7.694500599844558697e-02	3.374074207665259811e-02	8.598208880207758309e-02
1.441655523669274316e+03	2.168652700736671268e-01	1.425473723767828882e-01	2.774955084072098233e-01	1.662814605529256973e-01	7.698439825205881382e-02	3.377293332239526824e-02	8.605305701466139934e-02
1.444074408776102018e+03	2.166094326428553152e-01	1.423831055160845460e-01	2.776683041308579680e-01	1.663866009475586660e-01	7.702368261517091030e-02	3.380505071578115972e-02	8.612382343139243779e-02
1.446493293882929493e+03	2.163543527669966604e-01	1.422192828352429328e-01	2.778405611268052189e-01	1.664914608761260406e-01	7.706285940415877334e-02	3.383709434905030761e-02	8.619438864132106248e-02
1.448912178989757422e+03	2.161000282321632326e-01	1.420559030962262326e-01	2.780122810065801531e-01	1.665960411829751353e-01	7.710192893447641305e-02	3.386906431529915912e-02	8.626475323198057321e-02
1.451331064096585123e+03	2.158464568309285958e-01	1.418929650645102680e-01	2.781834653770395849e-01	1.667003427087168921e-01	7.714089152065752020e-02	3.390096070846576604e-02	8.633491778938212624e-02
1.453749949203412370e+03	2.155936363623474628e-01	1.417304675090684252e-01	2.783541158403828875e-01	1.668043662902587709e-01	7.717974747631811683e-02	3.393278362331517833e-02	8.640488289800986321e-02
1.456168834310240300e+03	2.153415646319354615e-01	1.415684092023615781e-01	2.785242339941661482e-01	1.669081127608372517e-01	7.721849711415902651e-02	3.396453315542499046e-02	8.647464914081626208e-02
1.458587719417068001e+03	2.150902394516489569e-01	1.414067889203283745e-01	2.786938214313161577e-01	1.670115829500496696e-01	7.725714074596852499e-02	3.399620940117108886e-02	8.654421709921783501e-02
1.461006604523895703e+03	2.148396586398651498e-01	1.412456054423752161e-01	2.788628797401448423e-01	1.671147776838858845e-01	7.729567868262485208e-02	3.402781245771362151e-02	8.661358735309104828e-02
1.463425489630723177e+03	2.145898200213619822e-01	1.410848575513663494e-01	2.790314105043627535e-01	1.672176977847592283e-01	7.733411123409876520e-02	3.405934242298309239e-02	8.668276048076843654e-02
1.465844374737550879e+03	2.143407214272982642e-01	1.409245440336140964e-01	2.791994153030932235e-01	1.673203440715372303e-01	7.737243870945610669e-02	3.409079939566669881e-02	8.675173705903502230e-02
1.468263259844378354e+03	2.140923606951939118e-01	1.407646636788689176e-01	2.793668957108859652e-01	1.674227173595717044e-01	7.741066141686035740e-02	3.412218347519479361e-02	8.682051766312497143e-02
1.470682144951206283e+03	2.138447356689102685e-01	1.406052152803097810e-01	2.795338532977310053e-01	1.675248184607284752e-01	7.744877966357512078e-02	3.415349476172755555e-02	8.688910286671838734e-02
1.473101030058033530e+03	2.135978441986303156e-01	1.404461976345343088e-01	2.797002896290720075e-01	1.676266481834169653e-01	7.748679375596667640e-02	3.418473335614182623e-02	8.695749324193843832e-02
1.475519915164861459e+03	2.133516841408392151e-01	1.402876095415490354e-01	2.798662062658200944e-01	1.677282073326188117e-01	7.752470399950656121e-02	3.421589936001812049e-02	8.702568935934866523e-02
1.477938800271689161e+03	2.131062533583047980e-01	1.401294498047597481e-01	2.800316047643670592e-01	1.678294967099166202e-01	7.756251069877399817e-02	3.424699287562780331e-02	8.709369178795045574e-02
1.480357685378516862e+03	2.128615497200581075e-01	1.399717172309617175e-01	2.801964866765990769e-01	1.679305171135219987e-01	7.760021415745844975e-02	3.427801400592041942e-02	8.716150109518075451e-02
1.482776570485344337e+03	2.126175711013741643e-01	1.398144106303300938e-01	2.803608535499096943e-01	1.680312693383032296e-01	7.763781467836214367e-02	3.430896285451122407e-02	8.722911784690999537e-02
