1.001418434226643626e+03	2.786135290014538635e-01	1.813307564856707355e-01	2.351616507948425250e-01	1.413319261021221407e-01	6.769464338105700418e-02	2.665919758708470283e-02	6.920829664747460419e-02
1.002869765290740247e+03	2.783499398193839958e-01	1.811691501337596988e-01	2.353437256369392272e-01	1.414384594488567182e-01	6.773395596740805491e-02	2.668590307160660993e-02	6.927886592175128144e-02
1.004321096354836754e+03	2.780868192300025021e-01	1.810078091437507253e-01	2.355254630869558496e-01	1.415447819256086537e-01	6.777320112391797824e-02	2.671259445677253569e-02	6.934933103269733112e-02
1.005772427418933376e+03	2.778241663869146505e-01	1.808467330680236240e-01	2.357068638037403685e-01	1.416508943010572619e-01	6.781237896973843493e-02	2.673927157097449533e-02	6.941969189925681349e-02
1.007223758483029997e+03	2.775619804454846906e-01	1.806859214597408836e-01	2.358879284440731083e-01	1.417567973381162749e-01	6.785148962380664617e-02	2.676593424437739496e-02	6.948994844410656679e-02
1.008675089547126618e+03	2.773002605628300810e-01	1.805253738728461455e-01	2.360686576626830346e-01	1.418624917939932395e-01	6.789053320484590703e-02	2.679258230890324208e-02	6.956010059360391573e-02
1.010126420611223239e+03	2.770390058978150494e-01	1.803650898620623166e-01	2.362490521122639908e-01	1.419679784202479145e-01	6.792950983136593346e-02	2.681921559821549145e-02	6.963014827773487958e-02
1.011577751675319632e+03	2.767782156110446534e-01	1.802050689828902375e-01	2.364291124434905189e-01	1.420732579628501691e-01	6.796841962166330631e-02	2.684583394770357137e-02	6.970009143006312968e-02
1.013029082739416367e+03	2.765178888648587296e-01	1.800453107916068496e-01	2.366088393050337080e-01	1.421783311622373258e-01	6.800726269382195710e-02	2.687243719446752097e-02	6.976992998767951593e-02
1.014480413803512761e+03	2.762580248233260649e-01	1.798858148452635586e-01	2.367882333435768483e-01	1.422831987533705600e-01	6.804603916571354272e-02	2.689902517730279052e-02	6.983966389115228712e-02
1.015931744867609382e+03	2.759986226522383457e-01	1.797265807016847627e-01	2.369672952038306413e-01	1.423878614657909936e-01	6.808474915499787561e-02	2.692559773668518758e-02	6.990929308447792201e-02
1.017383075931706003e+03	2.757396815191041073e-01	1.795676079194661046e-01	2.371460255285486318e-01	1.424923200236749565e-01	6.812339277912339564e-02	2.695215471475596522e-02	6.997881751503257086e-02
1.018834406995802851e+03	2.754812005931432384e-01	1.794088960579730274e-01	2.373244249585420851e-01	1.425965751458886932e-01	6.816197015532757253e-02	2.697869595530704226e-02	7.004823713352405223e-02
1.020285738059899245e+03	2.752231790452809301e-01	1.792504446773390547e-01	2.375024941326949190e-01	1.427006275460425688e-01	6.820048140063732223e-02	2.700522130376636215e-02	7.011755189394455745e-02
1.021737069123995752e+03	2.749656160481420697e-01	1.790922533384641802e-01	2.376802336879783872e-01	1.428044779325444436e-01	6.823892663186942320e-02	2.703173060718340112e-02	7.018676175352385471e-02
1.023188400188092373e+03	2.747085107760453004e-01	1.789343216030134243e-01	2.378576442594655393e-01	1.429081270086525746e-01	6.827730596563097443e-02	2.705822371421480813e-02	7.025586667268315932e-02
1.024639731252188767e+03	2.744518624049976374e-01	1.787766490334150860e-01	2.380347264803456819e-01	1.430115754725279908e-01	6.831561951831972845e-02	2.708470047511017317e-02	7.032486661498951741e-02
1.026091062316285615e+03	2.741956701126885831e-01	1.786192351928592992e-01	2.382114809819384227e-01	1.431148240172860908e-01	6.835386740612466039e-02	2.711116074169793444e-02	7.039376154711080025e-02
1.027542393380382237e+03	2.739399330784846320e-01	1.784620796452964786e-01	2.383879083937077981e-01	1.432178733310479624e-01	6.839204974502624546e-02	2.713760436737143109e-02	7.046255143877128146e-02
1.028993724444478858e+03	2.736846504834238303e-01	1.783051819554356265e-01	2.385640093432759568e-01	1.433207240969907315e-01	6.843016665079694472e-02	2.716403120707505323e-02	7.053123626270771385e-02
1.030445055508575479e+03	2.734298215102098917e-01	1.781485416887429452e-01	2.387397844564370375e-01	1.434233769933978275e-01	6.846821823900160753e-02	2.719044111729055843e-02	7.059981599462598900e-02
1.031896386572671872e+03	2.731754453432072016e-01	1.779921584114402267e-01	2.389152343571705750e-01	1.435258326937081941e-01	6.850620462499787400e-02	2.721683395602348884e-02	7.066829061315839378e-02
1.033347717636768493e+03	2.729215211684348774e-01	1.778360316905032157e-01	2.390903596676548781e-01	1.436280918665653328e-01	6.854412592393657744e-02	2.724320958278972707e-02	7.073666009982133851e-02
1.034799048700865114e+03	2.726680481735617723e-01	1.776801610936603049e-01	2.392651610082802693e-01	1.437301551758655427e-01	6.858198225076221621e-02	2.726956785860218391e-02	7.080492443897361265e-02
1.036250379764961508e+03	2.724150255479009797e-01	1.775245461893908139e-01	2.394396389976621298e-01	1.438320232808058818e-01	6.861977372021328681e-02	2.729590864595760752e-02	7.087308361777522325e-02
1.037701710829058356e+03	2.721624524824042823e-01	1.773691865469235462e-01	2.396137942526537223e-01	1.439336968359313240e-01	6.865750044682276954e-02	2.732223180882350014e-02	7.094113762614673302e-02
1.039153041893154750e+03	2.719103281696572671e-01	1.772140817362352627e-01	2.397876273883590981e-01	1.440351764911815546e-01	6.869516254491844776e-02	2.734853721262517356e-02	7.100908645672909802e-02
1.040604372957251599e+03	2.716586518038736076e-01	1.770592313280491548e-01	2.399611390181455584e-01	1.441364628919372393e-01	6.873276012862337969e-02	2.737482472423291568e-02	7.107693010484400498e-02
1.042055704021347992e+03	2.714074225808902896e-01	1.769046348938334290e-01	2.401343297536562005e-01	1.442375566790656538e-01	6.877029331185628702e-02	2.740109421194929923e-02	7.114466856845470810e-02
1.043507035085444613e+03	2.711566396981621718e-01	1.767502920057996973e-01	2.403072002048221578e-01	1.443384584889659816e-01	6.880776220833195733e-02	2.742734554549656339e-02	7.121230184812740727e-02
1.044958366149541234e+03	2.709063023547568227e-01	1.765962022369015338e-01	2.404797509798747845e-01	1.444391689536139445e-01	6.884516693156164657e-02	2.745357859600415854e-02	7.127982994699308406e-02
1.046409697213637855e+03	2.706564097513493028e-01	1.764423651608330035e-01	2.406519826853577848e-01	1.445396887006061559e-01	6.888250759485348151e-02	2.747979323599638798e-02	7.134725287070982358e-02
1.047861028277734476e+03	2.704069610902175569e-01	1.762887803520271635e-01	2.408238959261389256e-01	1.446400183532037254e-01	6.891978431131286220e-02	2.750598933938015397e-02	7.141457062742559425e-02
1.049312359341831097e+03	2.701579555752367523e-01	1.761354473856546199e-01	2.409954913054219439e-01	1.447401585303754457e-01	6.895699719384285054e-02	2.753216678143283538e-02	7.148178322774147164e-02
1.050763690405927491e+03	2.699093924118748933e-01	1.759823658376220568e-01	2.411667694247580651e-01	1.448401098468406756e-01	6.899414635514455885e-02	2.755832543879026611e-02	7.154889068467548685e-02
1.052215021470024112e+03	2.696612708071871034e-01	1.758295352845706816e-01	2.413377308840574664e-01	1.449398729131115837e-01	6.903123190771759399e-02	2.758446518943483486e-02	7.161589301362671078e-02
1.053666352534120733e+03	2.694135899698114067e-01	1.756769553038749487e-01	2.415083762816006840e-01	1.450394483355349484e-01	6.906825396386040428e-02	2.761058591268367862e-02	7.168279023233996294e-02
1.055117683598217127e+03	2.691663491099632877e-01	1.755246254736409217e-01	2.416787062140497711e-01	1.451388367163334303e-01	6.910521263567070971e-02	2.763668748917700799e-02	7.174958236087085328e-02
1.056569014662313975e+03	2.689195474394310836e-01	1.753725453727049410e-01	2.418487212764595384e-01	1.452380386536466228e-01	6.914210803504584890e-02	2.766276980086651918e-02	7.181626942155139304e-02
1.058020345726410369e+03	2.686731841715711000e-01	1.752207145806321531e-01	2.420184220622882132e-01	1.453370547415713809e-01	6.917894027368320931e-02	2.768883273100392409e-02	7.188285143895593865e-02
1.059471676790506763e+03	2.684272585213026696e-01	1.750691326777150669e-01	2.421878091634085683e-01	1.454358855702018449e-01	6.921570946308062966e-02	2.771487616412958779e-02	7.194932843986755200e-02
1.060923007854603611e+03	2.681817697051034899e-01	1.749177992449721386e-01	2.423568831701184423e-01	1.455345317256689364e-01	6.925241571453674694e-02	2.774089998606125290e-02	7.201570045324491576e-02
1.062374338918700232e+03	2.679367169410048488e-01	1.747667138641463558e-01	2.425256446711513414e-01	1.456329937901795768e-01	6.928905913915139880e-02	2.776690408388289913e-02	7.208196751018956794e-02
1.063825669982796853e+03	2.676920994485867400e-01	1.746158761177037388e-01	2.426940942536870427e-01	1.457312723420552403e-01	6.932563984782605382e-02	2.779288834593367924e-02	7.214812964391352501e-02
1.065277001046893474e+03	2.674479164489734773e-01	1.744652855888320364e-01	2.428622325033616691e-01	1.458293679557702838e-01	6.936215795126413064e-02	2.781885266179696600e-02	7.221418688970746014e-02
1.066728332110990095e+03	2.672041671648286987e-01	1.743149418614392265e-01	2.430300600042781811e-01	1.459272812019898058e-01	6.939861355997141434e-02	2.784479692228949282e-02	7.228013928490911733e-02
1.068179663175086489e+03	2.669608508203510921e-01	1.741648445201521844e-01	2.431975773390163409e-01	1.460250126476069776e-01	6.943500678425645889e-02	2.787072101945061234e-02	7.234598686887225294e-02
1.069630994239183110e+03	2.667179666412693995e-01	1.740149931503152669e-01	2.433647850886426767e-01	1.461225628557800693e-01	6.947133773423094794e-02	2.789662484653163479e-02	7.241172968293593804e-02
1.071082325303279504e+03	2.664755138548381419e-01	1.738653873379888137e-01	2.435316838327203914e-01	1.462199323859690592e-01	6.950760651981008342e-02	2.792250829798526707e-02	7.247736777039416600e-02
1.072533656367376352e+03	2.662334916898328463e-01	1.737160266699479816e-01	2.436982741493191607e-01	1.463171217939717716e-01	6.954381325071296027e-02	2.794837126945515227e-02	7.254290117646602920e-02
1.073984987431472746e+03	2.659918993765457707e-01	1.735669107336811068e-01	2.438645566150247357e-01	1.464141316319597652e-01	6.957995803646298272e-02	2.797421365776550650e-02	7.260832994826608988e-02
1.075436318495569594e+03	2.657507361467811857e-01	1.734180391173884284e-01	2.440305318049484917e-01	1.465109624485135820e-01	6.961604098638814186e-02	2.800003536091085973e-02	7.267365413477527847e-02
1.076887649559666215e+03	2.655100012338509896e-01	1.732694114099808114e-01	2.441962002927368924e-01	1.466076147886578862e-01	6.965206220962152917e-02	2.802583627804585559e-02	7.273887378681202776e-02
1.078338980623762609e+03	2.652696938725703779e-01	1.731210272010781925e-01	2.443615626505806770e-01	1.467040891938959646e-01	6.968802181510162785e-02	2.805161630947517956e-02	7.280398895700392059e-02
1.079790311687859230e+03	2.650298132992534028e-01	1.729728860810083868e-01	2.445266194492242140e-01	1.468003862022440875e-01	6.972391991157270152e-02	2.807737535664357395e-02	7.286899969975957347e-02
1.081241642751955851e+03	2.647903587517084767e-01	1.728249876408055330e-01	2.446913712579746047e-01	1.468965063482652600e-01	6.975975660758519659e-02	2.810311332212593258e-02	7.293390607124093650e-02
1.082692973816052472e+03	2.645513294692340978e-01	1.726773314722089836e-01	2.448558186447105933e-01	1.469924501631027502e-01	6.979553201149606145e-02	2.812883010961747532e-02	7.299870812933598185e-02
1.084144304880149093e+03	2.643127246926144647e-01	1.725299171676617505e-01	2.450199621758915314e-01	1.470882181745132578e-01	6.983124623146917676e-02	2.815452562392404406e-02	7.306340593363169766e-02
1.085595635944245487e+03	2.640745436641153687e-01	1.723827443203092002e-01	2.451838024165662322e-01	1.471838109068995815e-01	6.986689937547568841e-02	2.818019977095246112e-02	7.312799954538738711e-02
1.087046967008342108e+03	2.638367856274796974e-01	1.722358125239977500e-01	2.453473399303815194e-01	1.472792288813430661e-01	6.990249155129441005e-02	2.820585245770098823e-02	7.319248902750842556e-02
1.088498298072438729e+03	2.635994498279233822e-01	1.720891213732735070e-01	2.455105752795909979e-01	1.473744726156356599e-01	6.993802286651215616e-02	2.823148359224986192e-02	7.325687444452028130e-02
1.089949629136535123e+03	2.633625355121309020e-01	1.719426704633809366e-01	2.456735090250634912e-01	1.474695426243116114e-01	6.997349342852417220e-02	2.825709308375191908e-02	7.332115586254282780e-02
1.091400960200631971e+03	2.631260419282513974e-01	1.717964593902615578e-01	2.458361417262913684e-01	1.475644394186787223e-01	7.000890334453438446e-02	2.828268084242331962e-02	7.338533334926509999e-02
1.092852291264728365e+03	2.628899683258943965e-01	1.716504877505524995e-01	2.459984739413990096e-01	1.476591635068494335e-01	7.004425272155589965e-02	2.830824677953431776e-02	7.344940697392030038e-02
1.094303622328825213e+03	2.626543139561255402e-01	1.715047551415853910e-01	2.461605062271509381e-01	1.477537153937714398e-01	7.007954166641131022e-02	2.833379080740017208e-02	7.351337680726106882e-02
1.095754953392921607e+03	2.624190780714626414e-01	1.713592611613848071e-01	2.463222391389600086e-01	1.478480955812580266e-01	7.011477028573302739e-02	2.835931283937207642e-02	7.357724292153525192e-02
1.097206284457018228e+03	2.621842599258714102e-01	1.712140054086672136e-01	2.464836732308952894e-01	1.479423045680181847e-01	7.014993868596369753e-02	2.838481278982822251e-02	7.364100539046179728e-02
1.098657615521114849e+03	2.619498587747616791e-01	1.710689874828393575e-01	2.466448090556902228e-01	1.480363428496860312e-01	7.018504697335654907e-02	2.841029057416491130e-02	7.370466428920711965e-02
1.100108946585211470e+03	2.617158738749829627e-01	1.709242069839971290e-01	2.468056471647503691e-01	1.481302109188503413e-01	7.022009525397576724e-02	2.843574610878776138e-02	7.376821969436155035e-02
1.101560277649308091e+03	2.614823044848206823e-01	1.707796635129243679e-01	2.469661881081612054e-01	1.482239092650834700e-01	7.025508363369678544e-02	2.846117931110299024e-02	7.383167168391635560e-02
1.103011608713404712e+03	2.612491498639922249e-01	1.706353566710913650e-01	2.471264324346956753e-01	1.483174383749701064e-01	7.029001221820674328e-02	2.848659009950877535e-02	7.389502033724092145e-02
1.104462939777501106e+03	2.610164092736427799e-01	1.704912860606536407e-01	2.472863806918220442e-01	1.484107987321356681e-01	7.032488111300480571e-02	2.851197839338669507e-02	7.395826573506016077e-02
1.105914270841597499e+03	2.607840819763415086e-01	1.703474512844506961e-01	2.474460334257111982e-01	1.485039908172743339e-01	7.035969042340248225e-02	2.853734411309323538e-02	7.402140795943233653e-02
1.107365601905694348e+03	2.605521672360776031e-01	1.702038519460046251e-01	2.476053911812441388e-01	1.485970151081768831e-01	7.039444025452404330e-02	2.856268717995138692e-02	7.408444709372714876e-02
1.108816932969790741e+03	2.603206643182562341e-01	1.700604876495190043e-01	2.477644545020193656e-01	1.486898720797580620e-01	7.042913071130681157e-02	2.858800751624231834e-02	7.414738322260402970e-02
1.110268264033887590e+03	2.600895724896948868e-01	1.699173579998774219e-01	2.479232239303600094e-01	1.487825622040838680e-01	7.046376189850160621e-02	2.861330504519710161e-02	7.421021643199084139e-02
1.111719595097984211e+03	2.598588910186194201e-01	1.697744626026423675e-01	2.480817000073212431e-01	1.488750859503983892e-01	7.049833392067300641e-02	2.863857969098853803e-02	7.427294680906273983e-02
1.113170926162080832e+03	2.596286191746601246e-01	1.696318010640538998e-01	2.482398832726971927e-01	1.489674437851503663e-01	7.053284688219975396e-02	2.866383137872305018e-02	7.433557444222133048e-02
1.114622257226177226e+03	2.593987562288480597e-01	1.694893729910282587e-01	2.483977742650280152e-01	1.490596361720195051e-01	7.056730088727510009e-02	2.868906003443262923e-02	7.439809942107418472e-02
1.116073588290273847e+03	2.591693014536110562e-01	1.693471779911568109e-01	2.485553735216068372e-01	1.491516635719424555e-01	7.060169603990716636e-02	2.871426558506688306e-02	7.446052183641453659e-02
1.117524919354370468e+03	2.589402541227702192e-01	1.692052156727046897e-01	2.487126815784866385e-01	1.492435264431385689e-01	7.063603244391923608e-02	2.873944795848513284e-02	7.452284178020124328e-02
1.118976250418467089e+03	2.587116135115359317e-01	1.690634856446095180e-01	2.488696989704870799e-01	1.493352252411353498e-01	7.067031020295018451e-02	2.876460708344857550e-02	7.458505934553905092e-02
1.120427581482563710e+03	2.584833788965042456e-01	1.689219875164802709e-01	2.490264262312011645e-01	1.494267604187936305e-01	7.070452942045478417e-02	2.878974288961255387e-02	7.464717462665911019e-02
1.121878912546660331e+03	2.582555495556531078e-01	1.687807208985958041e-01	2.491828638930018991e-01	1.495181324263324396e-01	7.073869019970406569e-02	2.881485530751885099e-02	7.470918771889968613e-02
1.123330243610756725e+03	2.580281247683386403e-01	1.686396854019038827e-01	2.493390124870488445e-01	1.496093417113535939e-01	7.077279264378565082e-02	2.883994426858806776e-02	7.477109871868721502e-02
1.124781574674853118e+03	2.578011038152916434e-01	1.684988806380197102e-01	2.494948725432946657e-01	1.497003887188662064e-01	7.080683685560407170e-02	2.886500970511208033e-02	7.483290772351754161e-02
1.126232905738949967e+03	2.575744859786137653e-01	1.683583062192248458e-01	2.496504445904915437e-01	1.497912738913106390e-01	7.084082293788122875e-02	2.889005155024656352e-02	7.489461483193740610e-02
1.127684236803046360e+03	2.573482705417738381e-01	1.682179617584659281e-01	2.498057291561975035e-01	1.498819976685823452e-01	7.087475099315658500e-02	2.891506973800355221e-02	7.495622014352620877e-02
1.129135567867143209e+03	2.571224567896044921e-01	1.680778468693534256e-01	2.499607267667827148e-01	1.499725604880555452e-01	7.090862112378762405e-02	2.894006420324411050e-02	7.501772375887796884e-02
1.130586898931239830e+03	2.568970440082984918e-01	1.679379611661603877e-01	2.501154379474357925e-01	1.500629627846065128e-01	7.094243343195012763e-02	2.896503488167103540e-02	7.507912577958357481e-02
1.132038229995336451e+03	2.566720314854048501e-01	1.677983042638213074e-01	2.502698632221697639e-01	1.501532049906365573e-01	7.097618801963853641e-02	2.898998170982162656e-02	7.514042630821321511e-02
1.133489561059432845e+03	2.564474185098258308e-01	1.676588757779308159e-01	2.504240031138282863e-01	1.502432875360949771e-01	7.100988498866631082e-02	2.901490462506054260e-02	7.520162544829903095e-02
1.134940892123529466e+03	2.562232043718128405e-01	1.675196753247424897e-01	2.505778581440918362e-01	1.503332108485015972e-01	7.104352444066625027e-02	2.903980356557269230e-02	7.526272330431810209e-02
1.136392223187626087e+03	2.559993883629633205e-01	1.673807025211677124e-01	2.507314288334832053e-01	1.504229753529690017e-01	7.107710647709081231e-02	2.906467847035621929e-02	7.532371998167551597e-02
1.137843554251722708e+03	2.557759697762171380e-01	1.672419569847743426e-01	2.508847157013737728e-01	1.505125814722247657e-01	7.111063119921251507e-02	2.908952927921551121e-02	7.538461558668772822e-02
1.139294885315819101e+03	2.555529479058530895e-01	1.671034383337856033e-01	2.510377192659892787e-01	1.506020296266332437e-01	7.114409870812420100e-02	2.911435593275429889e-02	7.544541022656615914e-02
1.140746216379915950e+03	2.553303220474852919e-01	1.669651461870788611e-01	2.511904400444153196e-01	1.506913202342171632e-01	7.117750910473939763e-02	2.913915837236881121e-02	7.550610400940097056e-02
1.142197547444012343e+03	2.551080914980599634e-01	1.668270801641843493e-01	2.513428785526035103e-01	1.507804537106791076e-01	7.121086248979270616e-02	2.916393654024098184e-02	7.556669704414507860e-02
1.143648878508108737e+03	2.548862555558521481e-01	1.666892398852841684e-01	2.514950353053767018e-01	1.508694304694225552e-01	7.124415896384003744e-02	2.918869037933172900e-02	7.562718944059837467e-02
1.145100209572205586e+03	2.546648135204617192e-01	1.665516249712108154e-01	2.516469108164348101e-01	1.509582509215729174e-01	7.127739862725905595e-02	2.921341983337427325e-02	7.568758130939214068e-02
1.146551540636302207e+03	2.544437646928106034e-01	1.664142350434462958e-01	2.517985055983602005e-01	1.510469154759981059e-01	7.131058158024940197e-02	2.923812484686753518e-02	7.574787276197365860e-02
1.148002871700398828e+03	2.542231083751391174e-01	1.662770697241206241e-01	2.519498201626231837e-01	1.511354245393291273e-01	7.134370792283310780e-02	2.926280536506958158e-02	7.580806391059108362e-02
1.149454202764495449e+03	2.540028438710026371e-01	1.661401286360109364e-01	2.521008550195873998e-01	1.512237785159803449e-01	7.137677775485490317e-02	2.928746133399112023e-02	7.586815486827845623e-02
1.150905533828591842e+03	2.537829704852683776e-01	1.660034114025401575e-01	2.522516106785152035e-01	1.513119778081694622e-01	7.140979117598254822e-02	2.931209270038907799e-02	7.592814574884092227e-02
1.152356864892688463e+03	2.535634875241118968e-01	1.658669176477757801e-01	2.524020876475730479e-01	1.514000228159374239e-01	7.144274828570715274e-02	2.933669941176020660e-02	7.598803666684020297e-02
1.153808195956785084e+03	2.533443942950139305e-01	1.657306469964288376e-01	2.525522864338365925e-01	1.514879139371679007e-01	7.147564918334349537e-02	2.936128141633475783e-02	7.604782773758016201e-02
1.155259527020881706e+03	2.531256901067570064e-01	1.655945990738526274e-01	2.527022075432957537e-01	1.515756515676069116e-01	7.150849396803038438e-02	2.938583866307021772e-02	7.610751907709267794e-02
1.156710858084978327e+03	2.529073742694223914e-01	1.654587735060415732e-01	2.528518514808601458e-01	1.516632361008818097e-01	7.154128273873097688e-02	2.941037110164507543e-02	7.616711080212358598e-02
1.158162189149074720e+03	2.526894460943865384e-01	1.653231699196300863e-01	2.530012187503637988e-01	1.517506679285204052e-01	7.157401559423307025e-02	2.943487868245268230e-02	7.622660303011891125e-02
1.159613520213171569e+03	2.524719048943181443e-01	1.651877879418913730e-01	2.531503098545704877e-01	1.518379474399697282e-01	7.160669263314950461e-02	2.945936135659512137e-02	7.628599587921124081e-02
1.161064851277267962e+03	2.522547499831745976e-01	1.650526272007362683e-01	2.532991252951783956e-01	1.519250750226145974e-01	7.163931395391837098e-02	2.948381907587717052e-02	7.634528946820622053e-02
1.162516182341364356e+03	2.520379806761990915e-01	1.649176873247120978e-01	2.534476655728253314e-01	1.520120510617959664e-01	7.167187965480345535e-02	2.950825179280028299e-02	7.640448391656934346e-02
1.163967513405461204e+03	2.518215962899174043e-01	1.647829679430015681e-01	2.535959311870933375e-01	1.520988759408292978e-01	7.170438983389451626e-02	2.953265946055664420e-02	7.646357934441284920e-02
1.165418844469557826e+03	2.516055961421345133e-01	1.646484686854215729e-01	2.537439226365135747e-01	1.521855500410224105e-01	7.173684458910757622e-02	2.955704203302327721e-02	7.652257587248283144e-02
1.166870175533654447e+03	2.513899795519313751e-01	1.645141891824220270e-01	2.538916404185710962e-01	1.522720737416932701e-01	7.176924401818526866e-02	2.958139946475618273e-02	7.658147362214641485e-02
1.168321506597751068e+03	2.511747458396623722e-01	1.643801290650847846e-01	2.540390850297096215e-01	1.523584474201877814e-01	7.180158821869718488e-02	2.960573171098455220e-02	7.664027271537926511e-02
1.169772837661847461e+03	2.509598943269516491e-01	1.642462879651224450e-01	2.541862569653361437e-01	1.524446714518969959e-01	7.183387728804012384e-02	2.963003872760502228e-02	7.669897327475316828e-02
1.171224168725944082e+03	2.507454243366900593e-01	1.641126655148772706e-01	2.543331567198254817e-01	1.525307462102745704e-01	7.186611132343853625e-02	2.965432047117596420e-02	7.675757542342377671e-02
1.172675499790040703e+03	2.505313351930321675e-01	1.639792613473199656e-01	2.544797847865247764e-01	1.526166720668536703e-01	7.189829042194469111e-02	2.967857689891184592e-02	7.681607928511854921e-02
1.174126830854137097e+03	2.503176262213931969e-01	1.638460750960487045e-01	2.546261416577582093e-01	1.527024493912639835e-01	7.193041468043910591e-02	2.970280796867763237e-02	7.687448498412485787e-02
1.175578161918233945e+03	2.501042967484459756e-01	1.637131063952877719e-01	2.547722278248313321e-01	1.527880785512483464e-01	7.196248419563083809e-02	2.972701363898323443e-02	7.693279264527816408e-02
1.177029492982330339e+03	2.498913461021177451e-01	1.635803548798867302e-01	2.549180437780355635e-01	1.528735599126792855e-01	7.199449906405776256e-02	2.975119386897799936e-02	7.699100239395055556e-02
1.178480824046426733e+03	2.496787736115873568e-01	1.634478201853189760e-01	2.550635900066525186e-01	1.529588938395753939e-01	7.202645938208693255e-02	2.977534861844526384e-02	7.704911435603917225e-02
1.179932155110523581e+03	2.494665786072820246e-01	1.633155019476808800e-01	2.552088669989584502e-01	1.530440806941174847e-01	7.205836524591487102e-02	2.979947784779694159e-02	7.710712865795507631e-02
1.181383486174620202e+03	2.492547604208743828e-01	1.631833998036905098e-01	2.553538752422282454e-01	1.531291208366646062e-01	7.209021675156790376e-02	2.982358151806815266e-02	7.716504542661195565e-02
1.182834817238716823e+03	2.490433183852796273e-01	1.630515133906866310e-01	2.554986152227399776e-01	1.532140146257698898e-01	7.212201399490246467e-02	2.984765959091192564e-02	7.722286478941529919e-02
1.184286148302813444e+03	2.488322518346523238e-01	1.629198423466275136e-01	2.556430874257789587e-01	1.532987624181962050e-01	7.215375707160540109e-02	2.987171202859391708e-02	7.728058687425148898e-02
1.185737479366910065e+03	2.486215601043836321e-01	1.627883863100898221e-01	2.557872923356419026e-01	1.533833645689317293e-01	7.218544607719430684e-02	2.989573879398717965e-02	7.733821180947712814e-02
1.187188810431006686e+03	2.484112425310982808e-01	1.626571449202676434e-01	2.559312304356411438e-01	1.534678214312052424e-01	7.221708110701779981e-02	2.991973985056699259e-02	7.739573972390852152e-02
1.188640141495103080e+03	2.482012984526515698e-01	1.625261178169712384e-01	2.560749022081087456e-01	1.535521333565012247e-01	7.224866225625585503e-02	2.994371516240572351e-02	7.745317074681123959e-02
1.190091472559199701e+03	2.479917272081265112e-01	1.623953046406259038e-01	2.562183081344002189e-01	1.536363006945750675e-01	7.228018961992012381e-02	2.996766469416773174e-02	7.751050500788995989e-02
1.191542803623296322e+03	2.477825281378309985e-01	1.622647050322710560e-01	2.563614486948989080e-01	1.537203237934677558e-01	7.231166329285423910e-02	2.999158841110433071e-02	7.756774263727823915e-02
1.192994134687392716e+03	2.475737005832946702e-01	1.621343186335589825e-01	2.565043243690195984e-01	1.538042029995207172e-01	7.234308336973410691e-02	3.001548627904877115e-02	7.762488376552864611e-02
1.194445465751489564e+03	2.473652438872663561e-01	1.620041450867538424e-01	2.566469356352126807e-01	1.538879386573902830e-01	7.237444994506823936e-02	3.003935826441127624e-02	7.768192852360283895e-02
1.195896796815585958e+03	2.471571573937109134e-01	1.618741840347305005e-01	2.567892829709679248e-01	1.539715311100620931e-01	7.240576311319801839e-02	3.006320433417413590e-02	7.773887704286190636e-02
1.197348127879682352e+03	2.469494404478064786e-01	1.617444351209735565e-01	2.569313668528183658e-01	1.540549806988653903e-01	7.243702296829805654e-02	3.008702445588682176e-02	7.779572945505680570e-02
1.198799458943779200e+03	2.467420923959417478e-01	1.616148979895760673e-01	2.570731877563440237e-01	1.541382877634871196e-01	7.246822960437647454e-02	3.011081859766115074e-02	7.785248589231887062e-02
1.200250790007875821e+03	2.465351125857129233e-01	1.614855722852386599e-01	2.572147461561757886e-01	1.542214526419858067e-01	7.249938311527523438e-02	3.013458672816648337e-02	7.790914648715056845e-02
1.201702121071972442e+03	2.463285003659210215e-01	1.613564576532683925e-01	2.573560425259990292e-01	1.543044756708054632e-01	7.253048359467037520e-02	3.015832881662497758e-02	7.796571137241627147e-02
1.203153452136069063e+03	2.461222550865690972e-01	1.612275537395775338e-01	2.574970773385571454e-01	1.543873571847891868e-01	7.256153113607240190e-02	3.018204483280687717e-02	7.802218068133319473e-02
1.204604783200165684e+03	2.459163760988593850e-01	1.610988601906827578e-01	2.576378510656557874e-01	1.544700975171926505e-01	7.259252583282654880e-02	3.020573474702582459e-02	7.807855454746252810e-02
1.206056114264262078e+03	2.457108627551904956e-01	1.609703766537038394e-01	2.577783641781656865e-01	1.545526969996975919e-01	7.262346777811305720e-02	3.022939853013424313e-02	7.813483310470055454e-02
1.207507445328358699e+03	2.455057144091546961e-01	1.608421027763627109e-01	2.579186171460268184e-01	1.546351559624249139e-01	7.265435706494752233e-02	3.025303615351872949e-02	7.819101648727001808e-02
1.208958776392455093e+03	2.453009304155351622e-01	1.607140382069823514e-01	2.580586104382517343e-01	1.547174747339478962e-01	7.268519378618117088e-02	3.027664758909550877e-02	7.824710482971153347e-02
1.210410107456551941e+03	2.450965101303032301e-01	1.605861825944857602e-01	2.581983445229291685e-01	1.547996536413050739e-01	7.271597803450118025e-02	3.030023280930589646e-02	7.830309826687509300e-02
1.211861438520648335e+03	2.448924529106155656e-01	1.604585355883947906e-01	2.583378198672272585e-01	1.548816930100131439e-01	7.274670990243095603e-02	3.032379178711185064e-02	7.835899693391185084e-02
1.213312769584745183e+03	2.446887581148116109e-01	1.603310968388292346e-01	2.584770369373972643e-01	1.549635931640795383e-01	7.277738948233043736e-02	3.034732449599149978e-02	7.841480096626579632e-02
1.214764100648841804e+03	2.444854251024107250e-01	1.602038659965056844e-01	2.586159961987769540e-01	1.550453544260151639e-01	7.280801686639641612e-02	3.037083090993476092e-02	7.847051049966570491e-02
1.216215431712937971e+03	2.442824532341095756e-01	1.600768427127364224e-01	2.587546981157938242e-01	1.551269771168466705e-01	7.283859214666280057e-02	3.039431100343896117e-02	7.852612567011714451e-02
1.217666762777034819e+03	2.440798418717794460e-01	1.599500266394285330e-01	2.588931431519685411e-01	1.552084615561288294e-01	7.286911541500092071e-02	3.041776475150451478e-02	7.858164661389459293e-02
1.219118093841131440e+03	2.438775903784634880e-01	1.598234174290826815e-01	2.590313317699183271e-01	1.552898080619566912e-01	7.289958676311987518e-02	3.044119212963062107e-02	7.863707346753368022e-02
1.220569424905228061e+03	2.436756981183741400e-01	1.596970147347922253e-01	2.591692644313600136e-01	1.553710169509776584e-01	7.293000628256673945e-02	3.046459311381101778e-02	7.869240636782351417e-02
1.222020755969324682e+03	2.434741644568904351e-01	1.595708182102419936e-01	2.593069415971136493e-01	1.554520885384033657e-01	7.296037406472694054e-02	3.048796768052975531e-02	7.874764545179913089e-02
1.223472087033421303e+03	2.432729887605554198e-01	1.594448275097073708e-01	2.594443637271053316e-01	1.555330231380215311e-01	7.299069020082450676e-02	3.051131580675701255e-02	7.880279085673405626e-02
1.224923418097517697e+03	2.430721703970734060e-01	1.593190422880532420e-01	2.595815312803707031e-01	1.556138210622075302e-01	7.302095478192238698e-02	3.053463746994494396e-02	7.885784272013295071e-02
1.226374749161614318e+03	2.428717087353074178e-01	1.591934622007329381e-01	2.597184447150580056e-01	1.556944826219361089e-01	7.305116789892272811e-02	3.055793264802356829e-02	7.891280117972442054e-02
1.227826080225710712e+03	2.426716031452766376e-01	1.590680869037871814e-01	2.598551044884310213e-01	1.557750081267927356e-01	7.308132964256718045e-02	3.058120131939667460e-02	7.896766637345381534e-02
1.229277411289807560e+03	2.424718529981536863e-01	1.589429160538430863e-01	2.599915110568724042e-01	1.558553978849848975e-01	7.311144010343713362e-02	3.060444346293779774e-02	7.902243843947620583e-02
1.230728742353903954e+03	2.422724576662621532e-01	1.588179493081130766e-01	2.601276648758868992e-01	1.559356522033533143e-01	7.314149937195410511e-02	3.062765905798618335e-02	7.907711751614947271e-02
1.232180073418000802e+03	2.420734165230739865e-01	1.586931863243939145e-01	2.602635664001039517e-01	1.560157713873831231e-01	7.317150753837997623e-02	3.065084808434282229e-02	7.913170374202747881e-02
1.233631404482097196e+03	2.418747289432068570e-01	1.585686267610656730e-01	2.603992160832809821e-01	1.560957557412146757e-01	7.320146469281726964e-02	3.067401052226649896e-02	7.918619725585325508e-02
1.235082735546193817e+03	2.416763943024217154e-01	1.584442702770906541e-01	2.605346143783064394e-01	1.561756055676545574e-01	7.323137092520948244e-02	3.069714635246988468e-02	7.924059819655245029e-02
1.236534066610290438e+03	2.414784119776201554e-01	1.583201165320123893e-01	2.606697617372026876e-01	1.562553211681862453e-01	7.326122632534130819e-02	3.072025555611564498e-02	7.929490670322672519e-02
1.237985397674387059e+03	2.412807813468418883e-01	1.581961651859546958e-01	2.608046586111288367e-01	1.563349028429808218e-01	7.329103098283901163e-02	3.074333811481260934e-02	7.934912291514727156e-02
1.239436728738483680e+03	2.410835017892623555e-01	1.580724158996205386e-01	2.609393054503837406e-01	1.564143508909074110e-01	7.332078498717066461e-02	3.076639401061193740e-02	7.940324697174849788e-02
1.240888059802580301e+03	2.408865726851899813e-01	1.579488683342910871e-01	2.610737027044088832e-01	1.564936656095437251e-01	7.335048842764640975e-02	3.078942322600334430e-02	7.945727901262170101e-02
1.242339390866676695e+03	2.406899934160638688e-01	1.578255221518247153e-01	2.612078508217912653e-01	1.565728472951861683e-01	7.338014139341882125e-02	3.081242574391135358e-02	7.951121917750895995e-02
1.243790721930773088e+03	2.404937633644511907e-01	1.577023770146559478e-01	2.613417502502661249e-01	1.566518962428602724e-01	7.340974397348314084e-02	3.083540154769156411e-02	7.956506760629691866e-02
1.245242052994869937e+03	2.402978819140447475e-01	1.575794325857944600e-01	2.614754014367198232e-01	1.567308127463307166e-01	7.343929625667751371e-02	3.085835062112696550e-02	7.961882443901087403e-02
1.246693384058966330e+03	2.401023484496604965e-01	1.574566885288241347e-01	2.616088048271926758e-01	1.568095970981113196e-01	7.346879833168340479e-02	3.088127294842428136e-02	7.967248981580879463e-02
1.248144715123063179e+03	2.399071623572350820e-01	1.573341445079018963e-01	2.617419608668815623e-01	1.568882495894749207e-01	7.349825028702576535e-02	3.090416851421033326e-02	7.972606387697556141e-02
1.249596046187159800e+03	2.397123230238233926e-01	1.572118001877569060e-01	2.618748700001428120e-01	1.569667705104631772e-01	7.352765221107336602e-02	3.092703730352844640e-02	7.977954676291706959e-02
1.251047377251256421e+03	2.395178298375960357e-01	1.570896552336894236e-01	2.620075326704947027e-01	1.570451601498963345e-01	7.355700419203907436e-02	3.094987930183488653e-02	7.983293861415471926e-02
1.252498708315352815e+03	2.393236821878370613e-01	1.569677093115698641e-01	2.621399493206204023e-01	1.571234187953827466e-01	7.358630631798013244e-02	3.097269449499530369e-02	7.988623957131969766e-02
1.253950039379449436e+03	2.391298794649413528e-01	1.568459620878378258e-01	2.622721203923703004e-01	1.572015467333284511e-01	7.361555867679846210e-02	3.099548286928124202e-02	7.993944977514753913e-02
1.255401370443546057e+03	2.389364210604123795e-01	1.567244132295010361e-01	2.624040463267650058e-01	1.572795442489464957e-01	7.364476135624088704e-02	3.101824441136664251e-02	7.999256936647265726e-02
1.256852701507642678e+03	2.387433063668596422e-01	1.566030624041343799e-01	2.625357275639978449e-01	1.573574116262662914e-01	7.367391444389949362e-02	3.104097910832439092e-02	8.004559848622304352e-02
1.258304032571739299e+03	2.385505347779963703e-01	1.564819092798789835e-01	2.626671645434371927e-01	1.574351491481428833e-01	7.370301802721183904e-02	3.106368694762291771e-02	8.009853727541493829e-02
1.259755363635835920e+03	2.383581056886370786e-01	1.563609535254410488e-01	2.627983577036293594e-01	1.575127570962659151e-01	7.373207219346127050e-02	3.108636791712276679e-02	8.015138587514766821e-02
1.261206694699932314e+03	2.381660184946952086e-01	1.562401948100911042e-01	2.629293074823009224e-01	1.575902357511688445e-01	7.376107702977720282e-02	3.110902200507325438e-02	8.020414442659852539e-02
1.262658025764028707e+03	2.379742725931808245e-01	1.561196328036628111e-01	2.630600143163615012e-01	1.576675853922377690e-01	7.379003262313536815e-02	3.113164920010912107e-02	8.025681307101768802e-02
1.264109356828125556e+03	2.377828673821980876e-01	1.559992671765521588e-01	2.631904786419059228e-01	1.577448062977203080e-01	7.381893906035812136e-02	3.115424949124721496e-02	8.030939194972332162e-02
1.265560687892221949e+03	2.375918022609430635e-01	1.558790975997162709e-01	2.633207008942169969e-01	1.578218987447343458e-01	7.384779642811470368e-02	3.117682286788321308e-02	8.036188120409656910e-02
1.267012018956318798e+03	2.374010766297012798e-01	1.557591237446726840e-01	2.634506815077677366e-01	1.578988630092767187e-01	7.387660481292154802e-02	3.119936931978836009e-02	8.041428097557683230e-02
1.268463350020415419e+03	2.372106898898454219e-01	1.556393452834982094e-01	2.635804209162240230e-01	1.579756993662318199e-01	7.390536430114250099e-02	3.122188883710624169e-02	8.046659140565697033e-02
1.269914681084511813e+03	2.370206414438330300e-01	1.555197618888279065e-01	2.637099195524468809e-01	1.580524080893799810e-01	7.393407497898915604e-02	3.124438141034957192e-02	8.051881263587863657e-02
1.271366012148608434e+03	2.368309306952041671e-01	1.554003732338543331e-01	2.638391778484948658e-01	1.581289894514061323e-01	7.396273693252108927e-02	3.126684703039703250e-02	8.057094480782758805e-02
1.272817343212705055e+03	2.366415570485790321e-01	1.552811789923263519e-01	2.639681962356265066e-01	1.582054437239078515e-01	7.399135024764612323e-02	3.128928568849009134e-02	8.062298806312925836e-02
1.274268674276801676e+03	2.364525199096558228e-01	1.551621788385482703e-01	2.640969751443026925e-01	1.582817711774037739e-01	7.401991501012064600e-02	3.131169737622990085e-02	8.067494254344417803e-02
1.275720005340898297e+03	2.362638186852082101e-01	1.550433724473788688e-01	2.642255150041888379e-01	1.583579720813416691e-01	7.404843130554986108e-02	3.133408208557419278e-02	8.072680839046360302e-02
1.277171336404994690e+03	2.360754527830833394e-01	1.549247594942304851e-01	2.643538162441574357e-01	1.584340467041066014e-01	7.407689921938805100e-02	3.135643980883418697e-02	8.077858574590517093e-02
1.278622667469091539e+03	2.358874216121993050e-01	1.548063396550678761e-01	2.644818792922901673e-01	1.585099953130288675e-01	7.410531883693884103e-02	3.137877053867157290e-02	8.083027475150862673e-02
1.280073998533187932e+03	2.356997245825429299e-01	1.546881126064074963e-01	2.646097045758803445e-01	1.585858181743919348e-01	7.413369024335551838e-02	3.140107426809544272e-02	8.088187554903156218e-02
1.281525329597284326e+03	2.355123611051677113e-01	1.545700780253163042e-01	2.647372925214349637e-01	1.586615155534403243e-01	7.416201352364125421e-02	3.142335099045934221e-02	8.093338828024533582e-02
1.282976660661381175e+03	2.353253305921912397e-01	1.544522355894110688e-01	2.648646435546771483e-01	1.587370877143872705e-01	7.419028876264939509e-02	3.144560069945824543e-02	8.098481308693088188e-02
1.284427991725477568e+03	2.351386324567932840e-01	1.543345849768571476e-01	2.649917581005482026e-01	1.588125349204224657e-01	7.421851604508371281e-02	3.146782338912562649e-02	8.103615011087476894e-02
1.285879322789574417e+03	2.349522661132132928e-01	1.542171258663677380e-01	2.651186365832100544e-01	1.588878574337197203e-01	7.424669545549870964e-02	3.149001905383053829e-02	8.108739949386518930e-02
1.287330653853671038e+03	2.347662309767482580e-01	1.540998579372028221e-01	2.652452794260472535e-01	1.589630555154443736e-01	7.427482707829985431e-02	3.151218768827469124e-02	8.113856137768804544e-02
1.288781984917767431e+03	2.345805264637505216e-01	1.539827808691682232e-01	2.653716870516690807e-01	1.590381294257608158e-01	7.430291099774387342e-02	3.153432928748959446e-02	8.118963590412314746e-02
1.290233315981864052e+03	2.343951519916256110e-01	1.538658943426147174e-01	2.654978598819119906e-01	1.591130794238399260e-01	7.433094729793897348e-02	3.155644384683366915e-02	8.124062321494032735e-02
