1.001418434226643626e+03	2.785981565559333406e-01	1.813405756814663594e-01	2.351626819099625620e-01	1.413323777594833464e-01	6.770609409011735247e-02	2.664587234416077033e-02	6.921424165858126865e-02
1.003837319333471214e+03	2.781587320329966806e-01	1.810717039632616654e-01	2.354659085268313579e-01	1.415097710744360193e-01	6.777189489485811735e-02	2.669006821125260998e-02	6.933192129606850773e-02
1.006256204440298802e+03	2.777206099193748057e-01	1.808035668664765006e-01	2.357681988067362733e-01	1.416865787406691723e-01	6.783750739014141051e-02	2.673422747446925832e-02	6.944931080183751326e-02
1.008675089547126618e+03	2.772837862934007802e-01	1.805361623284740535e-01	2.360695557975203696e-01	1.418628043013429318e-01	6.790293213079223733e-02	2.677834932796898174e-02	6.956640982020553809e-02
1.011093974653954206e+03	2.768482572469640468e-01	1.802694882926229591e-01	2.363699825310760227e-01	1.420384512559430545e-01	6.796816966997126785e-02	2.682243297948792154e-02	6.968321802363955375e-02
1.013512859760782021e+03	2.764140188854326552e-01	1.800035427082760930e-01	2.366694820235542562e-01	1.422135230610171719e-01	6.803322055918049893e-02	2.686647765014196082e-02	6.979973511210223192e-02
1.015931744867609382e+03	2.759810673275758242e-01	1.797383235307497551e-01	2.369680572755696324e-01	1.423880231308976285e-01	6.809808534826877757e-02	2.691048257423169290e-02	6.991596081241158167e-02
1.018350629974437197e+03	2.755493987054881688e-01	1.794738287213027972e-01	2.372657112724016470e-01	1.425619548384108037e-01	6.816276458543740757e-02	2.695444699905037017e-02	7.003189487761368737e-02
1.020769515081264785e+03	2.751190091645143165e-01	1.792100562471160563e-01	2.375624469841918773e-01	1.427353215155734156e-01	6.822725881724564512e-02	2.699837018469487815e-02	7.014753708636868590e-02
1.023188400188092373e+03	2.746898948631745219e-01	1.789470040812717877e-01	2.378582673661373548e-01	1.429081264542760854e-01	6.829156858861626378e-02	2.704225140387960316e-02	7.026288724234926175e-02
1.025607285294920075e+03	2.742620519730915030e-01	1.786846702027332645e-01	2.381531753586801081e-01	1.430803729069541619e-01	6.835569444284098073e-02	2.708608994175317614e-02	7.037794517365168756e-02
1.028026170401747549e+03	2.738354766789172778e-01	1.784230525963247382e-01	2.384471738876932367e-01	1.432520640872465001e-01	6.841963692158589683e-02	2.712988509571806484e-02	7.049271073221909101e-02
1.030445055508575479e+03	2.734101651782620546e-01	1.781621492527112882e-01	2.387402658646631259e-01	1.434232031706417498e-01	6.848339656489695060e-02	2.717363617525292777e-02	7.060718379327671212e-02
1.032863940615402726e+03	2.729861136816227329e-01	1.779019581683787266e-01	2.390324541868683039e-01	1.435937932951130425e-01	6.854697391120527505e-02	2.721734250173769853e-02	7.072136425477891508e-02
1.035282825722230655e+03	2.725633184123132935e-01	1.776424773456140027e-01	2.393237417375547738e-01	1.437638375617409925e-01	6.861036949733262391e-02	2.726100340828137292e-02	7.083525203686762139e-02
1.037701710829058356e+03	2.721417756063949089e-01	1.773837047924854693e-01	2.396141313861079314e-01	1.439333390353251529e-01	6.867358385849660352e-02	2.730461823955244310e-02	7.094884708134212292e-02
1.040120595935886058e+03	2.717214815126079985e-01	1.771256385228232588e-01	2.399036259882211253e-01	1.441023007449844240e-01	6.873661752831605742e-02	2.734818635161189587e-02	7.106214935113984443e-02
1.042539481042713533e+03	2.713024323923040049e-01	1.768682765561999937e-01	2.401922283860610519e-01	1.442707256847463315e-01	6.879947103881633996e-02	2.739170711174881284e-02	7.117515882982802800e-02
1.044958366149541234e+03	2.708846245193787805e-01	1.766116169179113848e-01	2.404799414084299036e-01	1.444386168141255922e-01	6.886214492043452040e-02	2.743517989831844792e-02	7.128787552110590897e-02
1.047377251256368709e+03	2.704680541802060301e-01	1.763556576389571640e-01	2.407667678709244641e-01	1.446059770586920479e-01	6.892463970202469814e-02	2.747860410058279926e-02	7.140029944831739750e-02
1.049796136363196410e+03	2.700527176735718626e-01	1.761003967560220151e-01	2.410527105760919553e-01	1.447728093106282754e-01	6.898695591086309586e-02	2.752197911855359946e-02	7.151243065397384913e-02
1.052215021470024112e+03	2.696386113106102322e-01	1.758458323114565347e-01	2.413377723135831376e-01	1.449391164292768153e-01	6.904909407265334698e-02	2.756530436283768579e-02	7.162426919928686908e-02
1.054633906576851814e+03	2.692257314147386560e-01	1.755919623532586904e-01	2.416219558603022177e-01	1.451049012416777972e-01	6.911105471153157487e-02	2.760857925448475386e-02	7.173581516371088651e-02
1.057052791683679516e+03	2.688140743215949313e-01	1.753387849350548644e-01	2.419052639805541194e-01	1.452701665430964351e-01	6.917283835007152770e-02	2.765180322483738046e-02	7.184706864449531827e-02
1.059471676790506763e+03	2.684036363789743529e-01	1.750862981160814513e-01	2.421876994261888127e-01	1.454349150975408622e-01	6.923444550928971319e-02	2.769497571538335687e-02	7.195802975624604469e-02
1.061890561897334692e+03	2.679944139467678732e-01	1.748344999611662898e-01	2.424692649367427288e-01	1.455991496382708639e-01	6.929587670865040849e-02	2.773809617761023583e-02	7.206869863049621128e-02
1.064309447004162394e+03	2.675864033969004852e-01	1.745833885407104824e-01	2.427499632395778428e-01	1.457628728682969776e-01	6.935713246607079496e-02	2.778116407286208497e-02	7.217907541528591209e-02
1.066728332110990095e+03	2.671796011132708815e-01	1.743329619306699663e-01	2.430297970500177596e-01	1.459260874608708236e-01	6.941821329792594031e-02	2.782417887219839833e-02	7.228916027475082440e-02
1.069147217217817570e+03	2.667740034916911696e-01	1.740832182125375271e-01	2.433087690714813289e-01	1.460887960599662472e-01	6.947911971905379458e-02	2.786714005625514495e-02	7.239895338871935038e-02
1.071566102324645271e+03	2.663696069398275856e-01	1.738341554733247030e-01	2.435868819956138465e-01	1.462510012807519411e-01	6.953985224276021393e-02	2.791004711510789577e-02	7.250845495231844628e-02
1.073984987431472746e+03	2.659664078771415419e-01	1.735857718055439647e-01	2.438641385024154229e-01	1.464127057100553797e-01	6.960041138082383172e-02	2.795289954813701822e-02	7.261766517558752854e-02
1.076403872538300675e+03	2.655644027348315062e-01	1.733380653071908417e-01	2.441405412603673553e-01	1.465739119068183161e-01	6.966079764350109615e-02	2.799569686389489012e-02	7.272658428310069256e-02
1.078822757645127922e+03	2.651635879557756592e-01	1.730910340817261306e-01	2.444160929265557225e-01	1.467346224025440904e-01	6.972101153953111363e-02	2.803843857997510847e-02	7.283521251359678650e-02
1.081241642751955851e+03	2.647639599944747735e-01	1.728446762380585200e-01	2.446907961467928994e-01	1.468948397017368346e-01	6.978105357614054760e-02	2.808112422288365842e-02	7.294355011961740909e-02
1.083660527858783553e+03	2.643655153169955363e-01	1.725989898905268827e-01	2.449646535557366278e-01	1.470545662823326827e-01	6.984092425904847579e-02	2.812375332791199056e-02	7.305159736715245711e-02
1.086079412965611255e+03	2.639682504009150943e-01	1.723539731588829560e-01	2.452376677770068680e-01	1.472138045961231545e-01	6.990062409247128905e-02	2.816632543901202712e-02	7.315935453529326393e-02
1.088498298072438729e+03	2.635721617352657087e-01	1.721096241682740224e-01	2.455098414233004289e-01	1.473725570691709896e-01	6.996015357912745147e-02	2.820884010867299660e-02	7.326682191589303783e-02
1.090917183179266431e+03	2.631772458204799658e-01	1.718659410492257011e-01	2.457811770965036835e-01	1.475308261022184597e-01	7.001951322024230207e-02	2.825129689780012110e-02	7.337399981323446119e-02
1.093336068286093905e+03	2.627834991683365984e-01	1.716229219376248227e-01	2.460516773878026753e-01	1.476886140710881590e-01	7.007870351555287036e-02	2.829369537559511469e-02	7.348088854370446454e-02
1.095754953392921607e+03	2.623909183019070279e-01	1.713805649747023874e-01	2.463213448777916981e-01	1.478459233270768003e-01	7.013772496331258099e-02	2.833603511943843731e-02	7.358748843547577301e-02
1.098173838499749309e+03	2.619994997555020744e-01	1.711388683070166616e-01	2.465901821365795443e-01	1.480027561973417116e-01	7.019657806029602765e-02	2.837831571477330075e-02	7.369379982819539154e-02
1.100592723606577010e+03	2.616092400746195534e-01	1.708978300864363586e-01	2.468581917238936718e-01	1.481591149852805045e-01	7.025526330180367762e-02	2.842053675499139898e-02	7.379982307267951569e-02
1.103011608713404712e+03	2.612201358158920961e-01	1.706574484701238459e-01	2.471253761891828160e-01	1.483150019709039147e-01	7.031378118166656255e-02	2.846269784132033839e-02	7.390555853061508973e-02
1.105430493820231959e+03	2.608321835470357453e-01	1.704177216205184642e-01	2.473917380717172709e-01	1.484704194112018427e-01	7.037213219225094130e-02	2.850479858271268846e-02	7.401100657426774865e-02
1.107849378927059888e+03	2.604453798467985526e-01	1.701786477053199576e-01	2.476572799006876158e-01	1.486253695405029551e-01	7.043031682446296293e-02	2.854683859573672183e-02	7.411616758619588019e-02
1.110268264033887590e+03	2.600597213049104517e-01	1.699402248974720975e-01	2.479220041953014708e-01	1.487798545708277076e-01	7.048833556775328801e-02	2.858881750446872969e-02	7.422104195897090417e-02
1.112687149140715292e+03	2.596752045220328542e-01	1.697024513751461405e-01	2.481859134648785048e-01	1.489338766922351232e-01	7.054618891012168214e-02	2.863073494038692948e-02	7.432563009490347761e-02
1.115106034247542766e+03	2.592918261097090782e-01	1.694653253217245081e-01	2.484490102089435826e-01	1.490874380731633531e-01	7.060387733812163724e-02	2.867259054226693402e-02	7.442993240577559788e-02
1.117524919354370468e+03	2.589095826903153874e-01	1.692288449257845773e-01	2.487112969173184140e-01	1.492405408607641037e-01	7.066140133686495128e-02	2.871438395607874700e-02	7.453394931257847911e-02
1.119943804461197942e+03	2.585284708970120304e-01	1.689930083810826100e-01	2.489727760702113435e-01	1.493931871812311796e-01	7.071876139002622463e-02	2.875611483488527825e-02	7.463768124525599346e-02
1.122362689568025871e+03	2.581484873736951680e-01	1.687578138865375443e-01	2.492334501383055290e-01	1.495453791401230303e-01	7.077595797984743975e-02	2.879778283874232306e-02	7.474112864245366361e-02
1.124781574674853118e+03	2.577696287749488557e-01	1.685232596462150900e-01	2.494933215828455397e-01	1.496971188226796368e-01	7.083299158714247146e-02	2.883938763460002982e-02	7.484429195127309531e-02
1.127200459781681047e+03	2.573918917659980266e-01	1.682893438693117416e-01	2.497523928557223993e-01	1.498484082941336781e-01	7.088986269130154172e-02	2.888092889620578682e-02	7.494717162703161406e-02
1.129619344888508749e+03	2.570152730226611948e-01	1.680560647701389854e-01	2.500106663995568801e-01	1.499992496000162601e-01	7.094657177029575768e-02	2.892240630400852094e-02	7.504976813302714767e-02
1.132038229995336451e+03	2.566397692313042156e-01	1.678234205681075064e-01	2.502681446477817984e-01	1.501496447664570910e-01	7.100311930068148314e-02	2.896381954506440856e-02	7.515208194030828515e-02
1.134457115102163925e+03	2.562653770887940441e-01	1.675914094877115346e-01	2.505248300247220339e-01	1.502995958004794130e-01	7.105950575760482113e-02	2.900516831294392556e-02	7.525411352744905413e-02
1.136876000208991627e+03	2.558920933024530497e-01	1.673600297585132179e-01	2.507807249456737719e-01	1.504491046902896312e-01	7.111573161480606864e-02	2.904645230764028169e-02	7.535586338032883302e-02
1.139294885315819101e+03	2.555199145900137747e-01	1.671292796151270243e-01	2.510358318169821357e-01	1.505981734055618082e-01	7.117179734462404650e-02	2.908767123547914210e-02	7.545733199191693996e-02
1.141713770422646803e+03	2.551488376795740809e-01	1.668991572972043924e-01	2.512901530361171809e-01	1.507468038977171354e-01	7.122770341800051253e-02	2.912882480902969848e-02	7.555851986206185700e-02
1.144132655529474505e+03	2.547788593095525744e-01	1.666696610494181885e-01	2.515436909917490027e-01	1.508949981001985463e-01	7.128345030448456077e-02	2.916991274701698222e-02	7.565942749728508943e-02
1.146551540636302207e+03	2.544099762286444744e-01	1.664407891214476076e-01	2.517964480638207325e-01	1.510427579287402788e-01	7.133903847223686812e-02	2.921093477423547524e-02	7.576005541057952153e-02
1.148970425743129908e+03	2.540421851957780364e-01	1.662125397679626027e-01	2.520484266236212578e-01	1.511900852816328300e-01	7.139446838803414908e-02	2.925189062146394195e-02	7.586040412121214382e-02
1.151389310849957155e+03	2.536754829800710875e-01	1.659849112486090350e-01	2.522996290338557768e-01	1.513369820399831644e-01	7.144974051727336073e-02	2.929278002538151723e-02	7.596047415453111018e-02
1.153808195956785084e+03	2.533098663607880052e-01	1.657579018279932981e-01	2.525500576487154092e-01	1.514834500679703155e-01	7.150485532397604649e-02	2.933360272848495667e-02	7.606026604177695827e-02
1.156227081063612786e+03	2.529453321272972510e-01	1.655315097756674680e-01	2.527997148139459194e-01	1.516294912130966288e-01	7.155981327079261045e-02	2.937435847900711494e-02	7.615978031989810437e-02
1.158645966170440488e+03	2.525818770790288492e-01	1.653057333661141493e-01	2.530486028669143850e-01	1.517751073064343148e-01	7.161461481900655013e-02	2.941504703083655872e-02	7.625901753137021011e-02
1.161064851277267962e+03	2.522194980254328645e-01	1.650805708787316806e-01	2.532967241366757549e-01	1.519203001628679217e-01	7.166926042853874468e-02	2.945566814343837311e-02	7.635797822401960144e-02
1.163483736384095664e+03	2.518581917859375463e-01	1.648560205978193416e-01	2.535440809440374088e-01	1.520650715813324505e-01	7.172375055795160437e-02	2.949622158177605744e-02	7.645666295085058739e-02
1.165902621490923138e+03	2.514979551899080290e-01	1.646320808125623647e-01	2.537906756016228838e-01	1.522094233450473066e-01	7.177808566445335881e-02	2.953670711623454168e-02	7.655507226987660896e-02
1.168321506597751068e+03	2.511387850766055307e-01	1.644087498170173633e-01	2.540365104139345465e-01	1.523533572217460885e-01	7.183226620390217865e-02	2.957712452254433397e-02	7.665320674395496858e-02
1.170740391704578315e+03	2.507806782951471636e-01	1.641860259100977049e-01	2.542815876774151551e-01	1.524968749639024068e-01	7.188629263081042220e-02	2.961747358170670891e-02	7.675106694062543145e-02
1.173159276811406244e+03	2.504236317044651883e-01	1.639639073955589110e-01	2.545259096805082555e-01	1.526399783089517903e-01	7.194016539834871549e-02	2.965775407991998180e-02	7.684865343195218523e-02
1.175578161918233945e+03	2.500676421732672683e-01	1.637423925819840309e-01	2.547694787037176334e-01	1.527826689795096227e-01	7.199388495835014334e-02	2.969796580850682030e-02	7.694596679436947750e-02
1.177997047025061647e+03	2.497127065799970846e-01	1.635214797827692357e-01	2.550122970196657679e-01	1.529249486835854432e-01	7.204745176131437112e-02	2.973810856384258641e-02	7.704300760853054209e-02
1.180415932131889122e+03	2.493588218127947842e-01	1.633011673161094413e-01	2.552543668931511744e-01	1.530668191147932233e-01	7.210086625641172475e-02	2.977818214728469859e-02	7.713977645916000880e-02
1.182834817238716823e+03	2.490059847694582051e-01	1.630814535049838754e-01	2.554956905812047485e-01	1.532082819525583672e-01	7.215412889148734021e-02	2.981818636510299644e-02	7.723627393490949122e-02
1.185253702345544298e+03	2.486541923574041024e-01	1.628623366771420333e-01	2.557362703331453879e-01	1.533493388623207443e-01	7.220724011306517420e-02	2.985812102841106652e-02	7.733250062821653281e-02
1.187672587452371999e+03	2.483034414936298728e-01	1.626438151650890507e-01	2.559761083906345602e-01	1.534899914957343348e-01	7.226020036635211197e-02	2.989798595309857421e-02	7.742845713516653683e-02
1.190091472559199701e+03	2.479537291046754466e-01	1.624258873060719088e-01	2.562152069877297045e-01	1.536302414908636282e-01	7.231301009524200574e-02	2.993778095976449768e-02	7.752414405535791586e-02
1.192510357666027403e+03	2.476050521265854010e-01	1.622085514420651131e-01	2.564535683509370778e-01	1.537700904723761919e-01	7.236566974231967153e-02	2.997750587365136110e-02	7.761956199177028060e-02
1.194929242772855105e+03	2.472574075048717124e-01	1.619918059197567317e-01	2.566911946992634919e-01	1.539095400517323242e-01	7.241817974886495535e-02	3.001716052458033857e-02	7.771471155063547354e-02
1.197348127879682352e+03	2.469107921944763695e-01	1.617756490905343514e-01	2.569280882442674940e-01	1.540485918273711008e-01	7.247054055485668833e-02	3.005674474688729489e-02	7.780959334131161420e-02
1.199767012986510281e+03	2.465652031597344584e-01	1.615600793104712274e-01	2.571642511901093275e-01	1.541872473848934499e-01	7.252275259897672521e-02	3.009625837935973186e-02	7.790420797615998927e-02
1.202185898093337983e+03	2.462206373743376364e-01	1.613450949403122392e-01	2.573996857336000033e-01	1.543255082972419534e-01	7.257481631861385785e-02	3.013570126517459147e-02	7.799855607042462113e-02
1.204604783200165684e+03	2.458770918212975498e-01	1.611306943454602347e-01	2.576343940642502606e-01	1.544633761248774828e-01	7.262673214986781201e-02	3.017507325183693342e-02	7.809263824211469529e-02
1.207023668306993159e+03	2.455345634929098075e-01	1.609168758959621248e-01	2.578683783643177518e-01	1.546008524159529773e-01	7.267850052755316093e-02	3.021437419111948353e-02	7.818645511188954123e-02
1.209442553413820860e+03	2.451930493907183151e-01	1.607036379664952275e-01	2.581016408088545044e-01	1.547379387064841127e-01	7.273012188520325272e-02	3.025360393900302161e-02	7.828000730294637499e-02
1.211861438520648335e+03	2.448525465254793865e-01	1.604909789363536399e-01	2.583341835657526064e-01	1.548746365205170838e-01	7.278159665507412390e-02	3.029276235561759179e-02	7.837329544091041489e-02
1.214280323627476264e+03	2.445130519171265782e-01	1.602788971894345271e-01	2.585660087957896702e-01	1.550109473702934171e-01	7.283292526814844070e-02	3.033184930518451755e-02	7.846632015372770330e-02
1.216699208734303511e+03	2.441745625947355225e-01	1.600673911142245498e-01	2.587971186526737966e-01	1.551468727564121741e-01	7.288410815413930155e-02	3.037086465595926002e-02	7.855908207156021839e-02
1.219118093841131440e+03	2.438370755964892889e-01	1.598564591037865412e-01	2.590275152830871508e-01	1.552824141679891579e-01	7.293514574149415064e-02	3.040980828017502552e-02	7.865158182668351150e-02
1.221536978947959142e+03	2.435005879696434672e-01	1.596460995557458518e-01	2.592572008267295391e-01	1.554175730828135371e-01	7.298603845739864981e-02	3.044868005398718505e-02	7.874382005338660673e-02
1.223955864054786844e+03	2.431650967704921118e-01	1.594363108722769984e-01	2.594861774163607637e-01	1.555523509675016958e-01	7.303678672778045333e-02	3.048747985741844663e-02	7.883579738787430125e-02
1.226374749161614318e+03	2.428305990643335188e-01	1.592270914600903697e-01	2.597144471778427000e-01	1.556867492776486117e-01	7.308739097731310752e-02	3.052620757430479434e-02	7.892751446817161676e-02
1.228793634268442020e+03	2.424970919254363921e-01	1.590184397304188757e-01	2.599420122301803748e-01	1.558207694579765434e-01	7.313785162941981166e-02	3.056486309224216297e-02	7.901897193403056852e-02
1.231212519375269494e+03	2.421645724370062036e-01	1.588103540990046803e-01	2.601688746855624901e-01	1.559544129424811909e-01	7.318816910627722050e-02	3.060344630253386891e-02	7.911017042683904377e-02
1.233631404482097196e+03	2.418330376911517199e-01	1.586028329860860453e-01	2.603950366494017232e-01	1.560876811545754694e-01	7.323834382881926064e-02	3.064195710013872462e-02	7.920111058953180350e-02
1.236050289588924898e+03	2.415024847888519177e-01	1.583958748163840358e-01	2.606205002203738075e-01	1.562205755072307023e-01	7.328837621674086367e-02	3.068039538361991281e-02	7.929179306650353809e-02
1.238469174695752372e+03	2.411729108399229549e-01	1.581894780190895855e-01	2.608452674904563340e-01	1.563530974031156207e-01	7.333826668850175479e-02	3.071876105509453031e-02	7.938221850352403242e-02
1.240888059802580301e+03	2.408443129629855017e-01	1.579836410278503689e-01	2.610693405449668325e-01	1.564852482347328932e-01	7.338801566133013043e-02	3.075705402018383966e-02	7.947238754765524604e-02
1.243306944909407548e+03	2.405166882854322674e-01	1.577783622807577280e-01	2.612927214626005190e-01	1.566170293845532968e-01	7.343762355122648855e-02	3.079527418796419030e-02	7.956230084717035023e-02
1.245725830016235477e+03	2.401900339433954423e-01	1.575736402203337938e-01	2.615154123154672106e-01	1.567484422251477494e-01	7.348709077296725067e-02	3.083342147091862329e-02	7.965195905147474942e-02
1.248144715123063179e+03	2.398643470817150014e-01	1.573694732935184970e-01	2.617374151691277406e-01	1.568794881193171231e-01	7.353641774010853671e-02	3.087149578488912471e-02	7.974136281102886525e-02
1.250563600229890881e+03	2.395396248539064521e-01	1.571658599516568000e-01	2.619587320826297638e-01	1.570101684202197256e-01	7.358560486498980091e-02	3.090949704902956272e-02	7.983051277727279404e-02
1.252982485336718355e+03	2.392158644221294428e-01	1.569627986504857353e-01	2.621793651085433385e-01	1.571404844714968663e-01	7.363465255873752335e-02	3.094742518575919685e-02	7.991940960255279613e-02
1.255401370443546057e+03	2.388930629571561493e-01	1.567602878501216934e-01	2.623993162929956768e-01	1.572704376073961186e-01	7.368356123126888757e-02	3.098528012071690568e-02	8.000805394004946447e-02
1.257820255550373531e+03	2.385712176383399941e-01	1.565583260150476830e-01	2.626185876757054505e-01	1.574000291528926676e-01	7.373233129129544428e-02	3.102306178271596951e-02	8.009644644370765565e-02
1.260239140657201460e+03	2.382503256535846992e-01	1.563569116141006743e-01	2.628371812900166526e-01	1.575292604238085203e-01	7.378096314632669184e-02	3.106077010369951222e-02	8.018458776816811406e-02
1.262658025764028707e+03	2.379303841993133106e-01	1.561560431204588595e-01	2.630550991629319046e-01	1.576581327269298005e-01	7.382945720267374001e-02	3.109840501869651913e-02	8.027247856870067810e-02
1.265076910870856636e+03	2.376113904804375287e-01	1.559557190116291625e-01	2.632723433151453740e-01	1.577866473601221842e-01	7.387781386545294593e-02	3.113596646577845503e-02	8.036011950113915170e-02
1.267495795977684338e+03	2.372933417103272602e-01	1.557559377694346103e-01	2.634889157610751376e-01	1.579148056124441146e-01	7.392603353858946680e-02	3.117345438601648935e-02	8.044751122181775793e-02
1.269914681084511813e+03	2.369762351107803366e-01	1.555566978800017597e-01	2.637048185088949892e-01	1.580426087642584632e-01	7.397411662482086814e-02	3.121086872343926608e-02	8.053465438750909144e-02
1.272333566191339514e+03	2.366600679119923722e-01	1.553579978337484291e-01	2.639200535605661924e-01	1.581700580873421913e-01	7.402206352570069037e-02	3.124820942499128770e-02	8.062154965536361129e-02
1.274752451298167216e+03	2.363448373525267876e-01	1.551598361253710701e-01	2.641346229118682887e-01	1.582971548449942090e-01	7.406987464160200152e-02	3.128547644049180926e-02	8.070819768285056317e-02
1.277171336404994690e+03	2.360305406792851945e-01	1.549622112538324437e-01	2.643485285524297956e-01	1.584239002921414285e-01	7.411755037172100546e-02	3.132266972259433596e-02	8.079459912770048380e-02
1.279590221511822392e+03	2.357171751474777810e-01	1.547651217223493247e-01	2.645617724657582936e-01	1.585502956754432091e-01	7.416509111408048360e-02	3.135978922674663438e-02	8.088075464784895419e-02
1.282009106618650094e+03	2.354047380205938067e-01	1.545685660383801507e-01	2.647743566292704021e-01	1.586763422333938856e-01	7.421249726553340309e-02	3.139683491115127095e-02	8.096666490138182404e-02
1.284427991725477568e+03	2.350932265703725710e-01	1.543725427136127260e-01	2.649862830143207004e-01	1.588020411964237155e-01	7.425976922176638628e-02	3.143380673672672987e-02	8.105233054648176838e-02
1.286846876832305497e+03	2.347826380767743248e-01	1.541770502639521478e-01	2.651975535862313715e-01	1.589273937869982445e-01	7.430690737730323570e-02	3.147070466706900632e-02	8.113775224137628750e-02
1.289265761939132744e+03	2.344729698279513497e-01	1.539820872095084836e-01	2.654081703043201235e-01	1.590524012197158388e-01	7.435391212550838957e-02	3.150752866841372013e-02	8.122293064428677545e-02
1.291684647045960673e+03	2.341642191202193135e-01	1.537876520745846132e-01	2.656181351219286113e-01	1.591770647014038587e-01	7.440078385859040522e-02	3.154427870959876368e-02	8.130786641337904574e-02
1.294103532152788375e+03	2.338563832580287105e-01	1.535937433876643776e-01	2.658274499864504148e-01	1.593013854312131383e-01	7.444752296760548393e-02	3.158095476202742169e-02	8.139256020671507830e-02
1.296522417259616077e+03	2.335494595539365503e-01	1.534003596814001447e-01	2.660361168393582942e-01	1.594253646007108838e-01	7.449412984246084335e-02	3.161755679963200449e-02	8.147701268220590431e-02
1.298941302366443551e+03	2.332434453285781029e-01	1.532074994926011513e-01	2.662441376162312801e-01	1.595490033939721830e-01	7.454060487191818685e-02	3.165408479883791842e-02	8.156122449756579573e-02
1.301360187473271253e+03	2.329383379106389484e-01	1.530151613622213469e-01	2.664515142467815401e-01	1.596723029876699063e-01	7.458694844359714526e-02	3.169053873852829828e-02	8.164519631026748159e-02
1.303779072580098727e+03	2.326341346368270002e-01	1.528233438353474305e-01	2.666582486548805253e-01	1.597952645511632463e-01	7.463316094397871858e-02	3.172691860000904224e-02	8.172892877749868279e-02
1.306197957686926657e+03	2.323308328518447763e-01	1.526320454611870547e-01	2.668643427585853933e-01	1.599178892465848156e-01	7.467924275840862047e-02	3.176322436697432555e-02	8.181242255611961833e-02
1.308616842793753904e+03	2.320284299083619772e-01	1.524412647930569464e-01	2.670697984701644878e-01	1.600401782289262165e-01	7.472519427110071999e-02	3.179945602547259303e-02	8.189567830262163561e-02
1.311035727900581833e+03	2.317269231669879526e-01	1.522510003883709995e-01	2.672746176961226516e-01	1.601621326461225014e-01	7.477101586514038611e-02	3.183561356387298868e-02	8.197869667308699260e-02
1.313454613007409534e+03	2.314263099962445003e-01	1.520612508086286174e-01	2.674788023372267065e-01	1.602837536391349404e-01	7.481670792248792945e-02	3.187169697283222247e-02	8.206147832314956980e-02
1.315873498114237009e+03	2.311265877725386941e-01	1.518720146194028342e-01	2.676823542885297114e-01	1.604050423420327331e-01	7.486227082398187738e-02	3.190770624526189508e-02	8.214402390795669251e-02
1.318292383221064711e+03	2.308277538801360440e-01	1.516832903903288232e-01	2.678852754393958868e-01	1.605259998820731948e-01	7.490770494934237411e-02	3.194364137629623207e-02	8.222633408213195216e-02
1.320711268327892412e+03	2.305298057111335452e-01	1.514950766950919625e-01	2.680875676735244850e-01	1.606466273797808042e-01	7.495301067717452526e-02	3.197950236326027595e-02	8.230840949973894372e-02
1.323130153434719887e+03	2.302327406654331721e-01	1.513073721114163717e-01	2.682892328689738259e-01	1.607669259490250024e-01	7.499818838497167295e-02	3.201528920563845998e-02	8.239025081424601604e-02
1.325549038541547588e+03	2.299365561507151767e-01	1.511201752210533100e-01	2.684902728981848341e-01	1.608868966970967151e-01	7.504323844911878205e-02	3.205100190504361901e-02	8.247185867849200769e-02
1.327967923648375290e+03	2.296412495824119437e-01	1.509334846097696026e-01	2.686906896280045753e-01	1.610065407247835145e-01	7.508816124489568755e-02	3.208664046518640983e-02	8.255323374465274588e-02
1.330386808755202765e+03	2.293468183836815388e-01	1.507472988673360936e-01	2.688904849197088498e-01	1.611258591264437823e-01	7.513295714648043910e-02	3.212220489184515471e-02	8.263437666420865579e-02
1.332805693862030694e+03	2.290532599853816464e-01	1.505616165875161283e-01	2.690896606290253401e-01	1.612448529900797622e-01	7.517762652695253456e-02	3.215769519283599026e-02	8.271528808791304976e-02
1.335224578968857941e+03	2.287605718260437571e-01	1.503764363680543115e-01	2.692882186061560934e-01	1.613635233974090866e-01	7.522216975829622287e-02	3.219311137798354372e-02	8.279596866576140191e-02
1.337643464075685870e+03	2.284687513518472435e-01	1.501917568106648226e-01	2.694861606957996703e-01	1.614818714239355801e-01	7.526658721140375152e-02	3.222845345909189363e-02	8.287641904696145534e-02
1.340062349182513572e+03	2.281777960165936314e-01	1.500075765210202028e-01	2.696834887371730716e-01	1.615998981390187883e-01	7.531087925607862776e-02	3.226372144991592611e-02	8.295663987990409272e-02
1.342481234289341273e+03	2.278877032816811199e-01	1.498238941087400855e-01	2.698802045640337766e-01	1.617176046059422834e-01	7.535504626103886605e-02	3.229891536613312131e-02	8.303663181213505329e-02
1.344900119396168748e+03	2.275984706160791293e-01	1.496407081873796230e-01	2.700763100047010590e-01	1.618349918819811939e-01	7.539908859392019380e-02	3.233403522531563129e-02	8.311639549032745489e-02
1.347319004502996449e+03	2.273100954963030440e-01	1.494580173744185225e-01	2.702718068820772479e-01	1.619520610184683185e-01	7.544300662127929880e-02	3.236908104690280202e-02	8.319593156025505143e-02
1.349737889609823924e+03	2.270225754063889823e-01	1.492758202912495835e-01	2.704666970136688775e-01	1.620688130608596011e-01	7.548680070859696556e-02	3.240405285217398679e-02	8.327524066676625369e-02
1.352156774716651853e+03	2.267359078378688442e-01	1.490941155631677340e-01	2.706609822116075037e-01	1.621852490487981358e-01	7.553047122028137828e-02	3.243895066422174817e-02	8.335432345375887175e-02
1.354575659823479100e+03	2.264500902897453316e-01	1.489129018193586507e-01	2.708546642826701878e-01	1.623013700161776429e-01	7.557401851967127104e-02	3.247377450792540698e-02	8.343318056415567618e-02
1.356994544930307029e+03	2.261651202684672457e-01	1.487321776928876849e-01	2.710477450283000356e-01	1.624171769912046703e-01	7.561744296903905038e-02	3.250852440992492431e-02	8.351181263988051440e-02
1.359413430037134731e+03	2.258809952879047289e-01	1.485519418206888986e-01	2.712402262446262924e-01	1.625326709964598215e-01	7.566074492959402875e-02	3.254320039859514430e-02	8.359022032183523188e-02
1.361832315143962205e+03	2.255977128693248124e-01	1.483721928435538517e-01	2.714321097224841606e-01	1.626478530489582353e-01	7.570392476148554706e-02	3.257780250402035616e-02	8.366840424987719016e-02
1.364251200250789907e+03	2.253152705413669632e-01	1.481929294061206381e-01	2.716233972474348390e-01	1.627627241602088992e-01	7.574698282380612491e-02	3.261233075796917541e-02	8.374636506279753423e-02
1.366670085357617609e+03	2.250336658400188539e-01	1.480141501568629225e-01	2.718140905997847856e-01	1.628772853362731865e-01	7.578991947459459699e-02	3.264678519386979283e-02	8.382410339830004276e-02
1.369088970464445310e+03	2.247528963085920761e-01	1.478358537480788937e-01	2.720041915546053124e-01	1.629915375778225317e-01	7.583273507083927722e-02	3.268116584678549402e-02	8.390161989298058898e-02
1.371507855571272785e+03	2.244729594976981601e-01	1.476580388358804674e-01	2.721937018817516263e-01	1.631054818801950801e-01	7.587542996848099797e-02	3.271547275339052596e-02	8.397891518230726771e-02
1.373926740678100487e+03	2.241938529652246492e-01	1.474807040801823510e-01	2.723826233458817581e-01	1.632191192334516705e-01	7.591800452241626029e-02	3.274970595194626882e-02	8.405598990060113296e-02
1.376345625784927961e+03	2.239155742763112300e-01	1.473038481446910519e-01	2.725709577064755473e-01	1.633324506224307082e-01	7.596045908650034262e-02	3.278386548227773395e-02	8.413284468101749070e-02
1.378764510891755890e+03	2.236381210033260292e-01	1.471274696968942475e-01	2.727587067178529612e-01	1.634454770268023993e-01	7.600279401355038156e-02	3.281795138575031856e-02	8.420948015552776056e-02
1.381183395998583137e+03	2.233614907258420490e-01	1.469515674080499046e-01	2.729458721291927459e-01	1.635581994211221246e-01	7.604500965534838341e-02	3.285196370524692128e-02	8.428589695490196210e-02
1.383602281105411066e+03	2.230856810306137139e-01	1.467761399531755107e-01	2.731324556845506346e-01	1.636706187748828978e-01	7.608710636264440219e-02	3.288590248514530745e-02	8.436209570869168672e-02
1.386021166212238768e+03	2.228106895115533614e-01	1.466011860110374154e-01	2.733184591228772220e-01	1.637827360525672127e-01	7.612908448515950943e-02	3.291976777129577980e-02	8.443807704521362478e-02
1.388440051319066470e+03	2.225365137697080942e-01	1.464267042641400340e-01	2.735038841780363383e-01	1.638945522136980026e-01	7.617094437158884734e-02	3.295355961099915437e-02	8.451384159153368936e-02
1.390858936425893944e+03	2.222631514132366037e-01	1.462526933987152722e-01	2.736887325788223135e-01	1.640060682128887393e-01	7.621268636960470966e-02	3.298727805298499322e-02	8.458938997345151478e-02
1.393277821532721646e+03	2.219906000573861615e-01	1.460791521047118680e-01	2.738730060489777962e-01	1.641172849998930039e-01	7.625431082585955311e-02	3.302092314739012852e-02	8.466472281548559353e-02
1.395696706639549120e+03	2.217188573244695815e-01	1.459060790757847614e-01	2.740567063072113507e-01	1.642282035196531154e-01	7.629581808598895343e-02	3.305449494573746427e-02	8.473984074085887108e-02
1.398115591746377049e+03	2.214479208438424607e-01	1.457334730092846031e-01	2.742398350672143326e-01	1.643388247123481749e-01	7.633720849461471392e-02	3.308799350091505553e-02	8.481474437148478485e-02
1.400534476853204296e+03	2.211777882518804472e-01	1.455613326062471236e-01	2.744223940376783744e-01	1.644491495134411951e-01	7.637848239534779371e-02	3.312141886715544437e-02	8.488943432795371946e-02
1.402953361960032225e+03	2.209084571919566198e-01	1.453896565713827249e-01	2.746043849223120947e-01	1.645591788537258959e-01	7.641964013079131923e-02	3.315477110001528033e-02	8.496391122952012820e-02
1.405372247066859927e+03	2.206399253144189498e-01	1.452184436130659340e-01	2.747858094198582513e-01	1.646689136593722791e-01	7.646068204254354017e-02	3.318805025635517686e-02	8.503817569408991806e-02
1.407791132173687402e+03	2.203721902765678475e-01	1.450476924433250492e-01	2.749666692241101162e-01	1.647783548519720920e-01	7.650160847120084096e-02	3.322125639431982441e-02	8.511222833820826505e-02
1.410210017280515103e+03	2.201052497426339294e-01	1.448774017778316214e-01	2.751469660239281301e-01	1.648875033485832087e-01	7.654241975636064121e-02	3.325438957331841583e-02	8.518606977704801242e-02
1.412628902387342805e+03	2.198391013837557306e-01	1.447075703358901844e-01	2.753267015032565546e-01	1.649963600617734838e-01	7.658311623662442114e-02	3.328744985400524520e-02	8.525970062439837405e-02
1.415047787494170507e+03	2.195737428779576395e-01	1.445381968404278183e-01	2.755058773411392381e-01	1.651049258996640789e-01	7.662369824960060805e-02	3.332043729826058426e-02	8.533312149265402657e-02
1.417466672600997981e+03	2.193091719101278037e-01	1.443692800179838809e-01	2.756844952117362135e-01	1.652132017659719843e-01	7.666416613190751850e-02	3.335335196917182249e-02	8.540633299280470103e-02
1.419885557707825683e+03	2.190453861719963147e-01	1.442008185986996815e-01	2.758625567843397408e-01	1.653211885600519848e-01	7.670452021917628649e-02	3.338619393101482230e-02	8.547933573442510757e-02
1.422304442814653157e+03	2.187823833621132530e-01	1.440328113163082957e-01	2.760400637233897947e-01	1.654288871769380997e-01	7.674476084605376391e-02	3.341896324923555178e-02	8.555213032566522102e-02
1.424723327921481086e+03	2.185201611858270943e-01	1.438652569081242949e-01	2.762170176884901629e-01	1.655362985073841886e-01	7.678488834620547654e-02	3.345165999043189092e-02	8.562471737324094112e-02
1.427142213028308333e+03	2.182587173552629767e-01	1.436981541150334774e-01	2.763934203344238227e-01	1.656434234379042802e-01	7.682490305231844119e-02	3.348428422233570151e-02	8.569709748242523850e-02
1.429561098135136262e+03	2.179980495893012460e-01	1.435315016814828759e-01	2.765692733111689283e-01	1.657502628508120135e-01	7.686480529610410783e-02	3.351683601379514682e-02	8.576927125703946719e-02
1.431979983241963964e+03	2.177381556135559448e-01	1.433652983554705440e-01	2.767445782639138541e-01	1.658568176242598002e-01	7.690459540830121843e-02	3.354931543475721256e-02	8.584123929944517672e-02
1.434398868348791666e+03	2.174790331603534133e-01	1.431995428885353416e-01	2.769193368330725158e-01	1.659630886322772114e-01	7.694427371867866572e-02	3.358172255625044289e-02	8.591300221053614627e-02
1.436817753455619140e+03	2.172206799687111667e-01	1.430342340357469988e-01	2.770935506542995808e-01	1.660690767448087801e-01	7.698384055603835208e-02	3.361405745036791237e-02	8.598456058973089067e-02
1.439236638562446842e+03	2.169630937843166352e-01	1.428693705556959570e-01	2.772672213585056777e-01	1.661747828277515271e-01	7.702329624821807608e-02	3.364632019025041304e-02	8.605591503496537453e-02
1.441655523669274316e+03	2.167062723595060414e-01	1.427049512104835161e-01	2.774403505718721630e-01	1.662802077429917369e-01	7.706264112209432193e-02	3.367851085006982881e-02	8.612706614268603178e-02
1.444074408776102018e+03	2.164502134532435562e-01	1.425409747657116477e-01	2.776129399158661082e-01	1.663853523484411789e-01	7.710187550358514608e-02	3.371062950501278049e-02	8.619801450784325692e-02
1.446493293882929493e+03	2.161949148311002322e-01	1.423774399904731702e-01	2.777849910072549555e-01	1.664902174980729677e-01	7.714099971765295272e-02	3.374267623126440963e-02	8.626876072388496575e-02
1.448912178989757422e+03	2.159403742652332980e-01	1.422143456573417841e-01	2.779565054581213390e-01	1.665948040419568676e-01	7.718001408830731103e-02	3.377465110599242593e-02	8.633930538275064182e-02
1.451331064096585123e+03	2.156865895343654249e-01	1.420516905423621357e-01	2.781274848758774620e-01	1.666991128262939603e-01	7.721891893860778622e-02	3.380655420733130051e-02	8.640964907486557711e-02
1.453749949203412370e+03	2.154335584237640489e-01	1.418894734250400191e-01	2.782979308632795856e-01	1.668031446934511164e-01	7.725771459066674285e-02	3.383838561436671583e-02	8.647979238913544586e-02
1.456168834310240300e+03	2.151812787252207759e-01	1.417276930883324126e-01	2.784678450184425169e-01	1.669069004819946633e-01	7.729640136565210651e-02	3.387014540712018212e-02	8.654973591294105872e-02
1.458587719417068001e+03	2.149297482370310097e-01	1.415663483186377913e-01	2.786372289348535425e-01	1.670103810267238031e-01	7.733497958379015325e-02	3.390183366653384822e-02	8.661948023213351944e-02
1.461006604523895703e+03	2.146789647639736065e-01	1.414054379057863020e-01	2.788060842013870277e-01	1.671135871587034194e-01	7.737344956436828514e-02	3.393345047445549961e-02	8.668902593102950638e-02
1.463425489630723177e+03	2.144289261172903915e-01	1.412449606430299376e-01	2.789744124023181837e-01	1.672165197052965790e-01	7.741181162573777808e-02	3.396499591362379250e-02	8.675837359240698432e-02
1.465844374737550879e+03	2.141796301146660642e-01	1.410849153270328782e-01	2.791422151173372224e-01	1.673191794901963958e-01	7.745006608531655734e-02	3.399647006765358498e-02	8.682752379750091620e-02
1.468263259844378354e+03	2.139310745802081304e-01	1.409253007578618322e-01	2.793094939215631234e-01	1.674215673334576715e-01	7.748821325959191764e-02	3.402787302102155964e-02	8.689647712599946061e-02
1.470682144951206283e+03	2.136832573444266692e-01	1.407661157389762108e-01	2.794762503855575120e-01	1.675236840515278713e-01	7.752625346412328478e-02	3.405920485905193640e-02	8.696523415604023866e-02
1.473101030058033530e+03	2.134361762442145150e-01	1.406073590772185522e-01	2.796424860753383701e-01	1.676255304572779048e-01	7.756418701354496348e-02	3.409046566790244204e-02	8.703379546420698942e-02
1.475519915164861459e+03	2.131898291228273012e-01	1.404490295828050295e-01	2.798082025523937477e-01	1.677271073600322404e-01	7.760201422156877415e-02	3.412165553455039774e-02	8.710216162552626706e-02
1.477938800271689161e+03	2.129442138298636988e-01	1.402911260693156525e-01	2.799734013736951965e-01	1.678284155655988819e-01	7.763973540098687010e-02	3.415277454677900087e-02	8.717033321346449870e-02
1.480357685378516862e+03	2.126993282212456537e-01	1.401336473536848315e-01	2.801380840917113701e-01	1.679294558762986500e-01	7.767735086367434649e-02	3.418382279316378725e-02	8.723831079992519499e-02
1.482776570485344337e+03	2.124551701591986808e-01	1.399765922561918563e-01	2.803022522544214024e-01	1.680302290909942986e-01	7.771486092059198825e-02	3.421480036305928757e-02	8.730609495524639663e-02
