1.001418434226643626e+03	2.785825450720030294e-01	1.813596859927906202e-01	2.351505879133315990e-01	1.413285222004629360e-01	6.771900521012921836e-02	2.663548277422075200e-02	6.922417083676804528e-02
1.002869765290740247e+03	2.783186049582458965e-01	1.811984168884028246e-01	2.353324906446250531e-01	1.414350430935691905e-01	6.775863224202986757e-02	2.666190303629484976e-02	6.929490913653855999e-02
1.004321096354836754e+03	2.780551348417962809e-01	1.810374120368199724e-01	2.355140556471388147e-01	1.415413523187229461e-01	6.779819111314679125e-02	2.668831084393056413e-02	6.936554319815092795e-02
1.005772427418933376e+03	2.777921338721368594e-01	1.808766709927968064e-01	2.356952835863486972e-01	1.416474506466919858e-01	6.783768194414281638e-02	2.671470601884204377e-02	6.943607293874705377e-02
1.007223758483029997e+03	2.775296012005182278e-01	1.807161933118679453e-01	2.358761751255842587e-01	1.417533388425777918e-01	6.787710485546323558e-02	2.674108838452599057e-02	6.950649827916879908e-02
1.008675089547126618e+03	2.772675359799524064e-01	1.805559785503461356e-01	2.360567309260460933e-01	1.418590176658722224e-01	6.791645996733623736e-02	2.676745776624616865e-02	6.957681914390694000e-02
1.010126420611223239e+03	2.770059373652071222e-01	1.803960262653207525e-01	2.362369516468226238e-01	1.419644878705136060e-01	6.795574739977336409e-02	2.679381399101806935e-02	6.964703546105065202e-02
1.011577751675319632e+03	2.767448045127995915e-01	1.802363360146559679e-01	2.364168379449069213e-01	1.420697502049422800e-01	6.799496727256992834e-02	2.682015688759368729e-02	6.971714716223778585e-02
1.013029082739416367e+03	2.764841365809906915e-01	1.800769073569892242e-01	2.365963904752132474e-01	1.421748054121554916e-01	6.803411970530548469e-02	2.684648628644646998e-02	6.978715418260557357e-02
1.014480413803512761e+03	2.762239327297789093e-01	1.799177398517295134e-01	2.367756098905934303e-01	1.422796542297616040e-01	6.807320481734423223e-02	2.687280201975638869e-02	6.985705646074202857e-02
1.015931744867609382e+03	2.759641921208946802e-01	1.797588330590558225e-01	2.369544968418531850e-01	1.423842973900338316e-01	6.811222272783545861e-02	2.689910392139513787e-02	6.992685393863799781e-02
1.017383075931706003e+03	2.757049139177941699e-01	1.796001865399154962e-01	2.371330519777679058e-01	1.424887356199633082e-01	6.815117355571398416e-02	2.692539182691149405e-02	6.999654656163971367e-02
1.018834406995802851e+03	2.754460972856539458e-01	1.794417998560225713e-01	2.373112759450985432e-01	1.425929696413116010e-01	6.819005741970060597e-02	2.695166557351679273e-02	7.006613427840195640e-02
1.020285738059899245e+03	2.751877413913648707e-01	1.792836725698562228e-01	2.374891693886073130e-01	1.426970001706627800e-01	6.822887443830247256e-02	2.697792500007054409e-02	7.013561704084182724e-02
1.021737069123995752e+03	2.749298454035264960e-01	1.791258042446590704e-01	2.376667329510729898e-01	1.428008279194745989e-01	6.826762472981361130e-02	2.700416994706617349e-02	7.020499480409304882e-02
1.023188400188092373e+03	2.746724084924414000e-01	1.789681944444357631e-01	2.378439672733063392e-01	1.429044535941294269e-01	6.830630841231523365e-02	2.703040025661691478e-02	7.027426752646086239e-02
1.024639731252188767e+03	2.744154298301095807e-01	1.788108427339511752e-01	2.380208729941650780e-01	1.430078778959845143e-01	6.834492560367626257e-02	2.705661577244179369e-02	7.034343516937749397e-02
1.026091062316285615e+03	2.741589085902227940e-01	1.786537486787289353e-01	2.381974507505687788e-01	1.431111015214216742e-01	6.838347642155370720e-02	2.708281633985178821e-02	7.041249769735812014e-02
1.027542393380382237e+03	2.739028439481590582e-01	1.784969118450499270e-01	2.383737011775137471e-01	1.432141251618964939e-01	6.842196098339310695e-02	2.710900180573606877e-02	7.048145507795743059e-02
1.028993724444478858e+03	2.736472350809769916e-01	1.783403317999505133e-01	2.385496249080873987e-01	1.433169495039869068e-01	6.846037940642894781e-02	2.713517201854840147e-02	7.055030728172666243e-02
1.030445055508575479e+03	2.733920811674104279e-01	1.781840081112211482e-01	2.387252225734828315e-01	1.434195752294413206e-01	6.849873180768509262e-02	2.716132682829365194e-02	7.061905428217124525e-02
1.031896386572671872e+03	2.731373813878630874e-01	1.780279403474048505e-01	2.389004948030130082e-01	1.435220030152263015e-01	6.853701830397518346e-02	2.718746608651442451e-02	7.068769605570895953e-02
1.033347717636768493e+03	2.728831349244028592e-01	1.778721280777953440e-01	2.390754422241246624e-01	1.436242335335734810e-01	6.857523901190307192e-02	2.721358964627781929e-02	7.075623258162853924e-02
1.034799048700865114e+03	2.726293409607567497e-01	1.777165708724359749e-01	2.392500654624124812e-01	1.437262674520261574e-01	6.861339404786323537e-02	2.723969736216230730e-02	7.082466384204882948e-02
1.036250379764961508e+03	2.723759986823053869e-01	1.775612683021177973e-01	2.394243651416326224e-01	1.438281054334853981e-01	6.865148352804119336e-02	2.726578909024472003e-02	7.089298982187855480e-02
1.037701710829058356e+03	2.721231072760777470e-01	1.774062199383782679e-01	2.395983418837164258e-01	1.439297481362555864e-01	6.868950756841393779e-02	2.729186468808738469e-02	7.096121050877635117e-02
1.039153041893154750e+03	2.718706659307457141e-01	1.772514253534995810e-01	2.397719963087837913e-01	1.440311962140893576e-01	6.872746628475029373e-02	2.731792401472533938e-02	7.102932589311156120e-02
1.040604372957251599e+03	2.716186738366192510e-01	1.770968841205071698e-01	2.399453290351564461e-01	1.441324503162322856e-01	6.876535979261140519e-02	2.734396693065369380e-02	7.109733596792530697e-02
1.042055704021347992e+03	2.713671301856408480e-01	1.769425958131683185e-01	2.401183406793711284e-01	1.442335110874669313e-01	6.880318820735110974e-02	2.736999329781508034e-02	7.116524072889215957e-02
1.043507035085444613e+03	2.711160341713804156e-01	1.767885600059904971e-01	2.402910318561924663e-01	1.443343791681563348e-01	6.884095164411632717e-02	2.739600297958725075e-02	7.123304017428226664e-02
1.044958366149541234e+03	2.708653849890303444e-01	1.766347762742199456e-01	2.404634031786257731e-01	1.444350551942872596e-01	6.887865021784751740e-02	2.742199584077074578e-02	7.130073430492388231e-02
1.046409697213637855e+03	2.706151818354002314e-01	1.764812441938402032e-01	2.406354552579299533e-01	1.445355397975128520e-01	6.891628404327905522e-02	2.744797174757670349e-02	7.136832312416652169e-02
1.047861028277734476e+03	2.703654239089117728e-01	1.763279633415704983e-01	2.408071887036296876e-01	1.446358336051947469e-01	6.895385323493963270e-02	2.747393056761477520e-02	7.143580663784436513e-02
1.049312359341831097e+03	2.701161104095939902e-01	1.761749332948644442e-01	2.409786041235281173e-01	1.447359372404448674e-01	6.899135790715268945e-02	2.749987216988114200e-02	7.150318485424028703e-02
1.050763690405927491e+03	2.698672405390779572e-01	1.760221536319083457e-01	2.411497021237189176e-01	1.448358513221666699e-01	6.902879817403681506e-02	2.752579642474665272e-02	7.157045778405020375e-02
1.052215021470024112e+03	2.696188135005920250e-01	1.758696239316198673e-01	2.413204833085983714e-01	1.449355764650960277e-01	6.906617414950610989e-02	2.755170320394504518e-02	7.163762544034807389e-02
1.053666352534120733e+03	2.693708284989567714e-01	1.757173437736466448e-01	2.414909482808774710e-01	1.450351132798415876e-01	6.910348594727061533e-02	2.757759238056130616e-02	7.170468783855103723e-02
1.055117683598217127e+03	2.691232847405801709e-01	1.755653127383646483e-01	2.416610976415936585e-01	1.451344623729247663e-01	6.914073368083677174e-02	2.760346382902010773e-02	7.177164499638521988e-02
1.056569014662313975e+03	2.688761814334527656e-01	1.754135304068767942e-01	2.418309319901225107e-01	1.452336243468192456e-01	6.917791746350770987e-02	2.762931742507435812e-02	7.183849693385190027e-02
1.058020345726410369e+03	2.686295177871427797e-01	1.752619963610115295e-01	2.420004519241892860e-01	1.453325997999900532e-01	6.921503740838370888e-02	2.765515304579386699e-02	7.190524367319404975e-02
1.059471676790506763e+03	2.683832930127911798e-01	1.751107101833213053e-01	2.421696580398803866e-01	1.454313893269323088e-01	6.925209362836259874e-02	2.768097056955409405e-02	7.197188523886338674e-02
1.060923007854603611e+03	2.681375063231071221e-01	1.749596714570812450e-01	2.423385509316546282e-01	1.455299935182093607e-01	6.928908623614016271e-02	2.770676987602500863e-02	7.203842165748769455e-02
1.062374338918700232e+03	2.678921569323631235e-01	1.748088797662876448e-01	2.425071311923543693e-01	1.456284129604907829e-01	6.932601534421047040e-02	2.773255084616004298e-02	7.210485295783879145e-02
1.063825669982796853e+03	2.676472440563902877e-01	1.746583346956565586e-01	2.426753994132165859e-01	1.457266482365896787e-01	6.936288106486634963e-02	2.775831336218516701e-02	7.217117917080057010e-02
1.065277001046893474e+03	2.674027669125737527e-01	1.745080358306223822e-01	2.428433561838838350e-01	1.458246999254997345e-01	6.939968351019973336e-02	2.778405730758802192e-02	7.223740032933773092e-02
1.066728332110990095e+03	2.671587247198478066e-01	1.743579827573363827e-01	2.430110020924149405e-01	1.459225686024319957e-01	6.943642279210206214e-02	2.780978256710718577e-02	7.230351646846480684e-02
1.068179663175086489e+03	2.669151166986915569e-01	1.742081750626653935e-01	2.431783377252956235e-01	1.460202548388509214e-01	6.947309902226468659e-02	2.783548902672151187e-02	7.236952762521547955e-02
1.069630994239183110e+03	2.666719420711240462e-01	1.740586123341902602e-01	2.433453636674492437e-01	1.461177592025103000e-01	6.950971231217922819e-02	2.786117657363958167e-02	7.243543383861243690e-02
1.071082325303279504e+03	2.664292000607000332e-01	1.739092941602046472e-01	2.435120805022470414e-01	1.462150822574887488e-01	6.954626277313796789e-02	2.788684509628924085e-02	7.250123514963749405e-02
1.072533656367376352e+03	2.661868898925049964e-01	1.737602201297133997e-01	2.436784888115184622e-01	1.463122245642247132e-01	6.958275051623429019e-02	2.791249448430722577e-02	7.256693160120214481e-02
1.073984987431472746e+03	2.659450107931509710e-01	1.736113898324312954e-01	2.438445891755613160e-01	1.464091866795512453e-01	6.961917565236301619e-02	2.793812462852889728e-02	7.263252323811848765e-02
1.075436318495569594e+03	2.657035619907719415e-01	1.734628028587816007e-01	2.440103821731520184e-01	1.465059691567303368e-01	6.965553829222076443e-02	2.796373542097804407e-02	7.269801010707045708e-02
1.076887649559666215e+03	2.654625427150194561e-01	1.733144587998947939e-01	2.441758683815553610e-01	1.466025725454867812e-01	6.969183854630643660e-02	2.798932675485680047e-02	7.276339225658551291e-02
1.078338980623762609e+03	2.652219521970580751e-01	1.731663572476070390e-01	2.443410483765344754e-01	1.466989973920418688e-01	6.972807652492148123e-02	2.801489852453563009e-02	7.282866973700657942e-02
1.079790311687859230e+03	2.649817896695610409e-01	1.730184977944589086e-01	2.445059227323604367e-01	1.467952442391465828e-01	6.976425233817035165e-02	2.804045062554342410e-02	7.289384260046442854e-02
1.081241642751955851e+03	2.647420543667058368e-01	1.728708800336939688e-01	2.446704920218220058e-01	1.468913136261144614e-01	6.980036609596085295e-02	2.806598295455766182e-02	7.295891090085034059e-02
1.082692973816052472e+03	2.645027455241700243e-01	1.727235035592574464e-01	2.448347568162350663e-01	1.469872060888541554e-01	6.983641790800457216e-02	2.809149540939468587e-02	7.302387469378918139e-02
1.084144304880149093e+03	2.642638623791266905e-01	1.725763679657947858e-01	2.449987176854521442e-01	1.470829221599015690e-01	6.987240788381715584e-02	2.811698788900003632e-02	7.308873403661271528e-02
1.085595635944245487e+03	2.640254041702402854e-01	1.724294728486505113e-01	2.451623751978715682e-01	1.471784623684517512e-01	6.990833613271878189e-02	2.814246029343888886e-02	7.315348898833337610e-02
1.087046967008342108e+03	2.637873701376621804e-01	1.722828178038665892e-01	2.453257299204466557e-01	1.472738272403903148e-01	6.994420276383450652e-02	2.816791252388656241e-02	7.321813960961831569e-02
1.088498298072438729e+03	2.635497595230267276e-01	1.721364024281813176e-01	2.454887824186949841e-01	1.473690172983246061e-01	6.998000788609465284e-02	2.819334448261913775e-02	7.328268596276370228e-02
1.089949629136535123e+03	2.633125715694467628e-01	1.719902263190278557e-01	2.456515332567072163e-01	1.474640330616145689e-01	7.001575160823513000e-02	2.821875607300413508e-02	7.334712811166951840e-02
1.091400960200631971e+03	2.630758055215095537e-01	1.718442890745328910e-01	2.458139829971559831e-01	1.475588750464031929e-01	7.005143403879786346e-02	2.824414719949126448e-02	7.341146612181446984e-02
1.092852291264728365e+03	2.628394606252724142e-01	1.716985902935153907e-01	2.459761322013048757e-01	1.476535437656466276e-01	7.008705528613115576e-02	2.826951776760329785e-02	7.347570006023140810e-02
1.094303622328825213e+03	2.626035361282589853e-01	1.715531295754852137e-01	2.461379814290168555e-01	1.477480397291441871e-01	7.012261545839006127e-02	2.829486768392698234e-02	7.353982999548293320e-02
1.095754953392921607e+03	2.623680312794545721e-01	1.714079065206417507e-01	2.462995312387630531e-01	1.478423634435677148e-01	7.015811466353671921e-02	2.832019685610405804e-02	7.360385599763732967e-02
1.097206284457018228e+03	2.621329453293025358e-01	1.712629207298727585e-01	2.464607821876311500e-01	1.479365154124908099e-01	7.019355300934077002e-02	2.834550519282233449e-02	7.366777813824489096e-02
1.098657615521114849e+03	2.618982775296997967e-01	1.711181718047528333e-01	2.466217348313338442e-01	1.480304961364177774e-01	7.022893060337971616e-02	2.837079260380687487e-02	7.373159649031438279e-02
1.100108946585211470e+03	2.616640271339931711e-01	1.709736593475422728e-01	2.467823897242171771e-01	1.481243061128121874e-01	7.026424755303926906e-02	2.839605899981121825e-02	7.379531112828996431e-02
1.101560277649308091e+03	2.614301933969749858e-01	1.708293829611856052e-01	2.469427474192686101e-01	1.482179458361252145e-01	7.029950396551372382e-02	2.842130429260871644e-02	7.385892212802834533e-02
1.103011608713404712e+03	2.611967755748793585e-01	1.706853422493105066e-01	2.471028084681253234e-01	1.483114157978234759e-01	7.033469994780630619e-02	2.844652839498392968e-02	7.392242956677617938e-02
1.104462939777501106e+03	2.609637729253780902e-01	1.705415368162263856e-01	2.472625734210821824e-01	1.484047164864168988e-01	7.036983560672961657e-02	2.847173122072408843e-02	7.398583352314783146e-02
1.105914270841597499e+03	2.607311847075766686e-01	1.703979662669229955e-01	2.474220428270996475e-01	1.484978483874858923e-01	7.040491104890587992e-02	2.849691268461065560e-02	7.404913407710338180e-02
1.107365601905694348e+03	2.604990101820102155e-01	1.702546302070692685e-01	2.475812172338116846e-01	1.485908119837086871e-01	7.043992638076738977e-02	2.852207270241094092e-02	7.411233130992687934e-02
1.108816932969790741e+03	2.602672486106399896e-01	1.701115282430120113e-01	2.477400971875334534e-01	1.486836077548880086e-01	7.047488170855682743e-02	2.854721119086978814e-02	7.417542530420496993e-02
1.110268264033887590e+03	2.600358992568491123e-01	1.699686599817746835e-01	2.478986832332690515e-01	1.487762361779775278e-01	7.050977713832765059e-02	2.857232806770134900e-02	7.423841614380570497e-02
1.111719595097984211e+03	2.598049613854387374e-01	1.698260250310558994e-01	2.480569759147192022e-01	1.488686977271082290e-01	7.054461277594445412e-02	2.859742325158093346e-02	7.430130391385761368e-02
1.113170926162080832e+03	2.595744342626242762e-01	1.696836229992284006e-01	2.482149757742885543e-01	1.489609928736143618e-01	7.057938872708330313e-02	2.862249666213690508e-02	7.436408870072916399e-02
1.114622257226177226e+03	2.593443171560317340e-01	1.695414534953377239e-01	2.483726833530933431e-01	1.490531220860590589e-01	7.061410509723210771e-02	2.864754821994266662e-02	7.442677059200832057e-02
1.116073588290273847e+03	2.591146093346936019e-01	1.693995161291008134e-01	2.485300991909684676e-01	1.491450858302598437e-01	7.064876199169096982e-02	2.867257784650871152e-02	7.448934967648251915e-02
1.117524919354370468e+03	2.588853100690451381e-01	1.692578105109049103e-01	2.486872238264750956e-01	1.492368845693136659e-01	7.068335951557254415e-02	2.869758546427474480e-02	7.455182604411876579e-02
1.118976250418467089e+03	2.586564186309207591e-01	1.691163362518062208e-01	2.488440577969075751e-01	1.493285187636218814e-01	7.071789777380239894e-02	2.872257099660187329e-02	7.461419978604408310e-02
1.120427581482563710e+03	2.584279342935502100e-01	1.689750929635286669e-01	2.490006016383006782e-01	1.494199888709148161e-01	7.075237687111939067e-02	2.874753436776485843e-02	7.467647099452615067e-02
1.121878912546660331e+03	2.581998563315547890e-01	1.688340802584626932e-01	2.491568558854365956e-01	1.495112953462761074e-01	7.078679691207598323e-02	2.877247550294444525e-02	7.473863976295422318e-02
1.123330243610756725e+03	2.579721840209436290e-01	1.686932977496638786e-01	2.493128210718519033e-01	1.496024386421668517e-01	7.082115800103860881e-02	2.879739432821974351e-02	7.480070618582029818e-02
1.124781574674853118e+03	2.577449166391100888e-01	1.685527450508518543e-01	2.494684977298443906e-01	1.496934192084493909e-01	7.085546024218800087e-02	2.882229077056069899e-02	7.486267035870050601e-02
1.126232905738949967e+03	2.575180534648280894e-01	1.684124217764089715e-01	2.496238863904799432e-01	1.497842374924109599e-01	7.088970373951959669e-02	2.884716475782060641e-02	7.492453237823674950e-02
1.127684236803046360e+03	2.572915937782484508e-01	1.682723275413791353e-01	2.497789875835992324e-01	1.498748939387869739e-01	7.092388859684384261e-02	2.887201621872869522e-02	7.498629234211855177e-02
1.129135567867143209e+03	2.570655368608952274e-01	1.681324619614665561e-01	2.499338018378243764e-01	1.499653889897842041e-01	7.095801491778655490e-02	2.889684508288278830e-02	7.504795034906519557e-02
1.130586898931239830e+03	2.568398819956621004e-01	1.679928246530343616e-01	2.500883296805656020e-01	1.500557230851035373e-01	7.099208280578929442e-02	2.892165128074200217e-02	7.510950649880802910e-02
1.132038229995336451e+03	2.566146284668088806e-01	1.678534152331036533e-01	2.502425716380274889e-01	1.501458966619626245e-01	7.102609236410965809e-02	2.894643474361954794e-02	7.517096089207306320e-02
1.133489561059432845e+03	2.563897755599578443e-01	1.677142333193520907e-01	2.503965282352157429e-01	1.502359101551182519e-01	7.106004369582166746e-02	2.897119540367554258e-02	7.523231363056374910e-02
1.134940892123529466e+03	2.561653225620902918e-01	1.675752785301126979e-01	2.505501999959434123e-01	1.503257639968885173e-01	7.109393690381611564e-02	2.899593319390993823e-02	7.529356481694396419e-02
1.136392223187626087e+03	2.559412687615428283e-01	1.674365504843727537e-01	2.507035874428371613e-01	1.504154586171746466e-01	7.112777209080088647e-02	2.902064804815546184e-02	7.535471455482126157e-02
1.137843554251722708e+03	2.557176134480040330e-01	1.672980488017724587e-01	2.508566910973435982e-01	1.505049944434827536e-01	7.116154935930134318e-02	2.904533990107065547e-02	7.541576294873031383e-02
1.139294885315819101e+03	2.554943559125107955e-01	1.671597731026037426e-01	2.510095114797353255e-01	1.505943719009452397e-01	7.119526881166059196e-02	2.907000868813295127e-02	7.547671010411656500e-02
1.140746216379915950e+03	2.552714954474450404e-01	1.670217230078091530e-01	2.511620491091171026e-01	1.506835914123420272e-01	7.122893055003991225e-02	2.909465434563181935e-02	7.553755612732014624e-02
1.142197547444012343e+03	2.550490313465301750e-01	1.668838981389806075e-01	2.513143045034318956e-01	1.507726533981215977e-01	7.126253467641902040e-02	2.911927681066196413e-02	7.559830112555988857e-02
1.143648878508108737e+03	2.548269629048277030e-01	1.667462981183581161e-01	2.514662781794669288e-01	1.508615582764216423e-01	7.129608129259649985e-02	2.914387602111659023e-02	7.565894520691768266e-02
1.145100209572205586e+03	2.546052894187335602e-01	1.666089225688287545e-01	2.516179706528594018e-01	1.509503064630897951e-01	7.132957050019003709e-02	2.916845191568071330e-02	7.571948848032288015e-02
1.146551540636302207e+03	2.543840101859750624e-01	1.664717711139253042e-01	2.517693824381024292e-01	1.510388983717038391e-01	7.136300240063685185e-02	2.919300443382454729e-02	7.577993105553706976e-02
1.148002871700398828e+03	2.541631245056072408e-01	1.663348433778251978e-01	2.519205140485509253e-01	1.511273344135919128e-01	7.139637709519397468e-02	2.921753351579692640e-02	7.584027304313895046e-02
1.149454202764495449e+03	2.539426316780096227e-01	1.661981389853492419e-01	2.520713659964270992e-01	1.512156149978523823e-01	7.142969468493860774e-02	2.924203910261879633e-02	7.590051455450937123e-02
1.150905533828591842e+03	2.537225310048828453e-01	1.660616575619605073e-01	2.522219387928262280e-01	1.513037405313735762e-01	7.146295527076845788e-02	2.926652113607676117e-02	7.596065570181666227e-02
1.152356864892688463e+03	2.535028217892452695e-01	1.659253987337631076e-01	2.523722329477224302e-01	1.513917114188533253e-01	7.149615895340208360e-02	2.929097955871667880e-02	7.602069659800209100e-02
1.153808195956785084e+03	2.532835033354297605e-01	1.657893621275010332e-01	2.525222489699739392e-01	1.514795280628181973e-01	7.152930583337920034e-02	2.931541431383731869e-02	7.608063735676555417e-02
1.155259527020881706e+03	2.530645749490801899e-01	1.656535473705570416e-01	2.526719873673284877e-01	1.515671908636426479e-01	7.156239601106105519e-02	2.933982534548406490e-02	7.614047809255138077e-02
1.156710858084978327e+03	2.528460359371484945e-01	1.655179540909514080e-01	2.528214486464292476e-01	1.516547002195678950e-01	7.159542958663071832e-02	2.936421259844268494e-02	7.620021892053439883e-02
1.158162189149074720e+03	2.526278856078910118e-01	1.653825819173407874e-01	2.529706333128197704e-01	1.517420565267206534e-01	7.162840666009345769e-02	2.938857601823313681e-02	7.625985995660612693e-02
1.159613520213171569e+03	2.524101232708654274e-01	1.652474304790171045e-01	2.531195418709492051e-01	1.518292601791315644e-01	7.166132733127701659e-02	2.941291555110343847e-02	7.631940131736120181e-02
1.161064851277267962e+03	2.521927482369275553e-01	1.651124994059062490e-01	2.532681748241779607e-01	1.519163115687536536e-01	7.169419169983198836e-02	2.943723114402359980e-02	7.637884312008397236e-02
1.162516182341364356e+03	2.519757598182281177e-01	1.649777883285671320e-01	2.534165326747825353e-01	1.520032110854802887e-01	7.172699986523213556e-02	2.946152274467957535e-02	7.643818548273519087e-02
1.163967513405461204e+03	2.517591573282093598e-01	1.648432968781903818e-01	2.535646159239609565e-01	1.520899591171632759e-01	7.175975192677472303e-02	2.948579030146730035e-02	7.649742852393896786e-02
1.165418844469557826e+03	2.515429400816021066e-01	1.647090246865972607e-01	2.537124250718376106e-01	1.521765560496305403e-01	7.179244798358082325e-02	2.951003376348675447e-02	7.655657236296989354e-02
1.166870175533654447e+03	2.513271073944224332e-01	1.645749713862385000e-01	2.538599606174683498e-01	1.522630022667036120e-01	7.182508813459567709e-02	2.953425308053609158e-02	7.661561711974025635e-02
1.168321506597751068e+03	2.511116585839686111e-01	1.644411366101931893e-01	2.540072230588456548e-01	1.523492981502151400e-01	7.185767247858898532e-02	2.955844820310581447e-02	7.667456291478753905e-02
1.169772837661847461e+03	2.508965929688178331e-01	1.643075199921675000e-01	2.541542128929034083e-01	1.524354440800259891e-01	7.189020111415526937e-02	2.958261908237299134e-02	7.673340986926198426e-02
1.171224168725944082e+03	2.506819098688231051e-01	1.641741211664938249e-01	2.543009306155216143e-01	1.525214404340423935e-01	7.192267413971417667e-02	2.960676567019553812e-02	7.679215810491432648e-02
1.172675499790040703e+03	2.504676086051101924e-01	1.640409397681293624e-01	2.544473767215315596e-01	1.526072875882327484e-01	7.195509165351081371e-02	2.963088791910652511e-02	7.685080774408378779e-02
1.174126830854137097e+03	2.502536885000745670e-01	1.639079754326551452e-01	2.545935517047204777e-01	1.526929859166441528e-01	7.198745375361603749e-02	2.965498578230855650e-02	7.690935890968611521e-02
1.175578161918233945e+03	2.500401488773781877e-01	1.637752277962749026e-01	2.547394560578361000e-01	1.527785357914190900e-01	7.201976053792683019e-02	2.967905921366817412e-02	7.696781172520182623e-02
1.177029492982330339e+03	2.498269890619465028e-01	1.636426964958138108e-01	2.548850902725915413e-01	1.528639375828116653e-01	7.205201210416661839e-02	2.970310816771033063e-02	7.702616631466463470e-02
1.178480824046426733e+03	2.496142083799653966e-01	1.635103811687175501e-01	2.550304548396699622e-01	1.529491916592038425e-01	7.208420854988550897e-02	2.972713259961290086e-02	7.708442280264997393e-02
1.179932155110523581e+03	2.494018061588781365e-01	1.633782814530510830e-01	2.551755502487288996e-01	1.530342983871213758e-01	7.211634997246073320e-02	2.975113246520122434e-02	7.714258131426372789e-02
1.181383486174620202e+03	2.491897817273823201e-01	1.632463969874975718e-01	2.553203769884050400e-01	1.531192581312496304e-01	7.214843646909688268e-02	2.977510772094271729e-02	7.720064197513103188e-02
1.182834817238716823e+03	2.489781344154269049e-01	1.631147274113572410e-01	2.554649355463187166e-01	1.532040712544492644e-01	7.218046813682625629e-02	2.979905832394151577e-02	7.725860491138530906e-02
1.184286148302813444e+03	2.487668635542091833e-01	1.629832723645462667e-01	2.556092264090781274e-01	1.532887381177717723e-01	7.221244507250919320e-02	2.982298423193317435e-02	7.731647024965744575e-02
1.185737479366910065e+03	2.485559684761718124e-01	1.628520314875957498e-01	2.557532500622839988e-01	1.533732590804748330e-01	7.224436737283433663e-02	2.984688540327938219e-02	7.737423811706503618e-02
1.187188810431006686e+03	2.483454485149997892e-01	1.627210044216504670e-01	2.558970069905338596e-01	1.534576345000374098e-01	7.227623513431900848e-02	2.987076179696277270e-02	7.743190864120186312e-02
1.188640141495103080e+03	2.481353030056175080e-01	1.625901908084678993e-01	2.560404976774262042e-01	1.535418647321748764e-01	7.230804845330950081e-02	2.989461337258172632e-02	7.748948195012743401e-02
1.190091472559199701e+03	2.479255312841859016e-01	1.624595902904170386e-01	2.561837226055649896e-01	1.536259501308538389e-01	7.233980742598140889e-02	2.991844009034524618e-02	7.754695817235669753e-02
1.191542803623296322e+03	2.477161326880993886e-01	1.623292025104774161e-01	2.563266822565636871e-01	1.537098910483069292e-01	7.237151214833990875e-02	2.994224191106786837e-02	7.760433743684991281e-02
1.192994134687392716e+03	2.475071065559830696e-01	1.621990271122378258e-01	2.564693771110495568e-01	1.537936878350472658e-01	7.240316271622009026e-02	2.996601879616461045e-02	7.766161987300265745e-02
1.194445465751489564e+03	2.472984522276897024e-01	1.620690637398954081e-01	2.566118076486678667e-01	1.538773408398829701e-01	7.243475922528731792e-02	2.998977070764597894e-02	7.771880561063591875e-02
1.195896796815585958e+03	2.470901690442968424e-01	1.619393120382544848e-01	2.567539743480856673e-01	1.539608504099314046e-01	7.246630177103746684e-02	3.001349760811298714e-02	7.777589477998632372e-02
1.197348127879682352e+03	2.468822563481040677e-01	1.618097716527254482e-01	2.568958776869962879e-01	1.540442168906332732e-01	7.249779044879726964e-02	3.003719946075225633e-02	7.783288751169660513e-02
1.198799458943779200e+03	2.466747134826299259e-01	1.616804422293237620e-01	2.570375181421230004e-01	1.541274406257667207e-01	7.252922535372462176e-02	3.006087622933111686e-02	7.788978393680608125e-02
1.200250790007875821e+03	2.464675397926092415e-01	1.615513234146687405e-01	2.571788961892232384e-01	1.542105219574610719e-01	7.256060658080891457e-02	3.008452787819277871e-02	7.794658418674121902e-02
1.201702121071972442e+03	2.462607346239902295e-01	1.614224148559826877e-01	2.573200123030924269e-01	1.542934612262104876e-01	7.259193422487132674e-02	3.010815437225152630e-02	7.800328839330655795e-02
1.203153452136069063e+03	2.460542973239316367e-01	1.612937162010895376e-01	2.574608669575678133e-01	1.543762587708877587e-01	7.262320838056511574e-02	3.013175567698796534e-02	7.805989668867545361e-02
1.204604783200165684e+03	2.458482272407998548e-01	1.611652270984141322e-01	2.576014606255324080e-01	1.544589149287574348e-01	7.265442914237595085e-02	3.015533175844429745e-02	7.811640920538119592e-02
1.206056114264262078e+03	2.456425237241663118e-01	1.610369471969808064e-01	2.577417937789188707e-01	1.545414300354892856e-01	7.268559660462221850e-02	3.017888258321963987e-02	7.817282607630812730e-02
1.207507445328358699e+03	2.454371861248045295e-01	1.609088761464125827e-01	2.578818668887131738e-01	1.546238044251713462e-01	7.271671086145534146e-02	3.020240811846539031e-02	7.822914743468284415e-02
1.208958776392455093e+03	2.452322137946873204e-01	1.607810135969298948e-01	2.580216804249585993e-01	1.547060384303231007e-01	7.274777200686002865e-02	3.022590833188062293e-02	7.828537341406564820e-02
1.210410107456551941e+03	2.450276060869841510e-01	1.606533591993497267e-01	2.581612348567589588e-01	1.547881323819081667e-01	7.277878013465466367e-02	3.024938319170750178e-02	7.834150414834201159e-02
1.211861438520648335e+03	2.448233623560582550e-01	1.605259126050843921e-01	2.583005306522828115e-01	1.548700866093472295e-01	7.280973533849152690e-02	3.027283266672678788e-02	7.839753977171415311e-02
1.213312769584745183e+03	2.446194819574639412e-01	1.603986734661405344e-01	2.584395682787666848e-01	1.549519014405305595e-01	7.284063771185718406e-02	3.029625672625332888e-02	7.845348041869282252e-02
1.214764100648841804e+03	2.444159642479439010e-01	1.602716414351181839e-01	2.585783482025190150e-01	1.550335772018304470e-01	7.287148734807272210e-02	3.031965534013160088e-02	7.850932622408911266e-02
1.216215431712937971e+03	2.442128085854264330e-01	1.601448161652094804e-01	2.587168708889235336e-01	1.551151142181138032e-01	7.290228434029408233e-02	3.034302847873131259e-02	7.856507732300639646e-02
1.217666762777034819e+03	2.440100143290227508e-01	1.600181973101978128e-01	2.588551368024426536e-01	1.551965128127540672e-01	7.293302878151233792e-02	3.036637611294301306e-02	7.862073385083236110e-02
1.219118093841131440e+03	2.438075808390242072e-01	1.598917845244567093e-01	2.589931464066213551e-01	1.552777733076436684e-01	7.296372076455404088e-02	3.038969821417374789e-02	7.867629594323126418e-02
1.220569424905228061e+03	2.436055074768997686e-01	1.597655774629487269e-01	2.591309001640903498e-01	1.553588960232057392e-01	7.299436038208149957e-02	3.041299475434275368e-02	7.873176373613609280e-02
1.222020755969324682e+03	2.434037936052932394e-01	1.596395757812245353e-01	2.592683985365696886e-01	1.554398812784062167e-01	7.302494772659302857e-02	3.043626570587719057e-02	7.878713736574101401e-02
1.223472087033421303e+03	2.432024385880205419e-01	1.595137791354218348e-01	2.594056419848719264e-01	1.555207293907654720e-01	7.305548289042336496e-02	3.045951104170790263e-02	7.884241696849386694e-02
1.224923418097517697e+03	2.430014417900671631e-01	1.593881871822641627e-01	2.595426309689057853e-01	1.556014406763699953e-01	7.308596596574386262e-02	3.048273073526520938e-02	7.889760268108872432e-02
1.226374749161614318e+03	2.428008025775854895e-01	1.592627995790601991e-01	2.596793659476793192e-01	1.556820154498837760e-01	7.311639704456279754e-02	3.050592476047474938e-02	7.895269464045856500e-02
1.227826080225710712e+03	2.426005203178920877e-01	1.591376159837023518e-01	2.598158473793032996e-01	1.557624540245599598e-01	7.314677621872572866e-02	3.052909309175334471e-02	7.900769298376812688e-02
1.229277411289807560e+03	2.424005943794652063e-01	1.590126360546659512e-01	2.599520757209943800e-01	1.558427567122519786e-01	7.317710357991576153e-02	3.055223570400489655e-02	7.906259784840671823e-02
1.230728742353903954e+03	2.422010241319421386e-01	1.588878594510082232e-01	2.600880514290783707e-01	1.559229238234247084e-01	7.320737921965383976e-02	3.057535257261631556e-02	7.911740937198129264e-02
1.232180073418000802e+03	2.420018089461165312e-01	1.587632858323671792e-01	2.602237749589935700e-01	1.560029556671655437e-01	7.323760322929905031e-02	3.059844367345350771e-02	7.917212769230942693e-02
1.233631404482097196e+03	2.418029481939358849e-01	1.586389148589606168e-01	2.603592467652939280e-01	1.560828525511954723e-01	7.326777570004887330e-02	3.062150898285736014e-02	7.922675294741264584e-02
1.235082735546193817e+03	2.416044412484989190e-01	1.585147461915851208e-01	2.604944673016519885e-01	1.561626147818798160e-01	7.329789672293959835e-02	3.064454847763978251e-02	7.928128527550952487e-02
1.236534066610290438e+03	2.414062874840531003e-01	1.583907794916150635e-01	2.606294370208623312e-01	1.562422426642388895e-01	7.332796638884643559e-02	3.066756213507976225e-02	7.933572481500925089e-02
1.237985397674387059e+03	2.412084862759919235e-01	1.582670144210014951e-01	2.607641563748441804e-01	1.563217365019587413e-01	7.335798478848397364e-02	3.069054993291947878e-02	7.939007170450491924e-02
1.239436728738483680e+03	2.410110370008525238e-01	1.581434506422712549e-01	2.608986258146451798e-01	1.564010965974017009e-01	7.338795201240638777e-02	3.071351184936042117e-02	7.944432608276717767e-02
1.240888059802580301e+03	2.408139390363130405e-01	1.580200878185258340e-01	2.610328457904439459e-01	1.564803232516166764e-01	7.341786815100777297e-02	3.073644786305955445e-02	7.949848808873787032e-02
1.242339390866676695e+03	2.406171917611900912e-01	1.578969256134404864e-01	2.611668167515528993e-01	1.565594167643494794e-01	7.344773329452239374e-02	3.075935795312551707e-02	7.955255786152370945e-02
1.243790721930773088e+03	2.404207945554363568e-01	1.577739636912631471e-01	2.613005391464218730e-01	1.566383774340531776e-01	7.347754753302500330e-02	3.078224209911483225e-02	7.960653554039018309e-02
1.245242052994869937e+03	2.402247468001378894e-01	1.576512017168134605e-01	2.614340134226405543e-01	1.567172055578980039e-01	7.350731095643109336e-02	3.080510028102817835e-02	7.966042126475537943e-02
1.246693384058966330e+03	2.400290478775118086e-01	1.575286393554817255e-01	2.615672400269415943e-01	1.567959014317815147e-01	7.353702365449726885e-02	3.082793247930666267e-02	7.971421517418403324e-02
1.248144715123063179e+03	2.398336971709036369e-01	1.574062762732279241e-01	2.617002194052034936e-01	1.568744653503383879e-01	7.356668571682145608e-02	3.085073867482814730e-02	7.976791740838158618e-02
1.249596046187159800e+03	2.396386940647849406e-01	1.572841121365807782e-01	2.618329520024534895e-01	1.569528976069502757e-01	7.359629723284322189e-02	3.087351884890358542e-02	7.982152810718834424e-02
1.251047377251256421e+03	2.394440379447508593e-01	1.571621466126366384e-01	2.619654382628704425e-01	1.570311984937555472e-01	7.362585829184405128e-02	3.089627298327339913e-02	7.987504741057373236e-02
1.252498708315352815e+03	2.392497281975175527e-01	1.570403793690585970e-01	2.620976786297875005e-01	1.571093683016588638e-01	7.365536898294765267e-02	3.091900106010388866e-02	7.992847545863060454e-02
1.253950039379449436e+03	2.390557642109198688e-01	1.569188100740754599e-01	2.622296735456950967e-01	1.571874073203406719e-01	7.368482939512020768e-02	3.094170306198366222e-02	7.998181239156966493e-02
1.255401370443546057e+03	2.388621453739087630e-01	1.567974383964807483e-01	2.623614234522436139e-01	1.572653158382666394e-01	7.371423961717073203e-02	3.096437897192009722e-02	8.003505834971397226e-02
1.256852701507642678e+03	2.386688710765490495e-01	1.566762640056316991e-01	2.624929287902462161e-01	1.573430941426970375e-01	7.374359973775125587e-02	3.098702877333583613e-02	8.008821347349344422e-02
1.258304032571739299e+03	2.384759407100167372e-01	1.565552865714483211e-01	2.626241899996815121e-01	1.574207425196959276e-01	7.377290984535718465e-02	3.100965245006531007e-02	8.014127790343955615e-02
1.259755363635835920e+03	2.382833536665968366e-01	1.564345057644122849e-01	2.627552075196962766e-01	1.574982612541403204e-01	7.380217002832757667e-02	3.103224998635127629e-02	8.019425178018001199e-02
1.261206694699932314e+03	2.380911093396808897e-01	1.563139212555661739e-01	2.628859817886079475e-01	1.575756506297291415e-01	7.383138037484539284e-02	3.105482136684139735e-02	8.024713524443359558e-02
1.262658025764028707e+03	2.378992071237645001e-01	1.561935327165122900e-01	2.630165132439076792e-01	1.576529109289924180e-01	7.386054097293780207e-02	3.107736657658485141e-02	8.029992843700499427e-02
1.264109356828125556e+03	2.377076464144450008e-01	1.560733398194117938e-01	2.631468023222626740e-01	1.577300424332999385e-01	7.388965191047645875e-02	3.109988560102895996e-02	8.035263149877973354e-02
1.265560687892221949e+03	2.375164266084191234e-01	1.559533422369836775e-01	2.632768494595187359e-01	1.578070454228701625e-01	7.391871327517776646e-02	3.112237842601584328e-02	8.040524457071922260e-02
1.267012018956318798e+03	2.373255471034805553e-01	1.558335396425038211e-01	2.634066550907031568e-01	1.578839201767788247e-01	7.394772515460321105e-02	3.114484503777911056e-02	8.045776779385582778e-02
1.268463350020415419e+03	2.371350072985175805e-01	1.557139317098039377e-01	2.635362196500269927e-01	1.579606669729677337e-01	7.397668763615959653e-02	3.116728542294056395e-02	8.051020130928804308e-02
1.269914681084511813e+03	2.369448065935107761e-01	1.555945181132707966e-01	2.636655435708878947e-01	1.580372860882530706e-01	7.400560080709930877e-02	3.118969956850694766e-02	8.056254525817566070e-02
1.271366012148608434e+03	2.367549443895306527e-01	1.554752985278450017e-01	2.637946272858722185e-01	1.581137777983340209e-01	7.403446475452066244e-02	3.121208746186670407e-02	8.061479978173517746e-02
1.272817343212705055e+03	2.365654200887353231e-01	1.553562726290202700e-01	2.639234712267579663e-01	1.581901423778010463e-01	7.406327956536809531e-02	3.123444909078677140e-02	8.066696502123504864e-02
1.274268674276801676e+03	2.363762330943681433e-01	1.552374400928422660e-01	2.640520758245167854e-01	1.582663801001442105e-01	7.409204532643252905e-02	3.125678444340938833e-02	8.071904111799116377e-02
1.275720005340898297e+03	2.361873828107554085e-01	1.551188005959077965e-01	2.641804415093170211e-01	1.583424912377613958e-01	7.412076212435157740e-02	3.127909350824895768e-02	8.077102821336235028e-02
1.277171336404994690e+03	2.359988686433040772e-01	1.550003538153637561e-01	2.643085687105255488e-01	1.584184760619663512e-01	7.414943004560986539e-02	3.130137627418889262e-02	8.082292644874596033e-02
1.278622667469091539e+03	2.358106899984994675e-01	1.548820994289062114e-01	2.644364578567106605e-01	1.584943348429968257e-01	7.417804917653930685e-02	3.132363273047852198e-02	8.087473596557344380e-02
1.280073998533187932e+03	2.356228462839028981e-01	1.547640371147794291e-01	2.645641093756441742e-01	1.585700678500224781e-01	7.420661960331932649e-02	3.134586286672999544e-02	8.092645690530607394e-02
1.281525329597284326e+03	2.354353369081495229e-01	1.546461665517749329e-01	2.646915236943039873e-01	1.586456753511527595e-01	7.423514141197720684e-02	3.136806667291525130e-02	8.097808940943072853e-02
1.282976660661381175e+03	2.352481612809458889e-01	1.545284874192305313e-01	2.648187012388762973e-01	1.587211576134448243e-01	7.426361468838833801e-02	3.139024413936294944e-02	8.102963361945564325e-02
1.284427991725477568e+03	2.350613188130677988e-01	1.544109993970294026e-01	2.649456424347579331e-01	1.587965149029111345e-01	7.429203951827646757e-02	3.141239525675548067e-02	8.108108967690635938e-02
1.285879322789574417e+03	2.348748089163580355e-01	1.542937021655990948e-01	2.650723477065587419e-01	1.588717474845271760e-01	7.432041598721396414e-02	3.143452001612598995e-02	8.113245772332162986e-02
1.287330653853671038e+03	2.346886310037240853e-01	1.541765954059106658e-01	2.651988174781039209e-01	1.589468556222390083e-01	7.434874418062215051e-02	3.145661840885539268e-02	8.118373790024942249e-02
1.288781984917767431e+03	2.345027844891359181e-01	1.540596787994776562e-01	2.653250521724361266e-01	1.590218395789708694e-01	7.437702418377155344e-02	3.147869042666946726e-02	8.123493034924302025e-02
1.290233315981864052e+03	2.343172687876236560e-01	1.539429520283552011e-01	2.654510522118180282e-01	1.590966996166325309e-01	7.440525608178213957e-02	3.150073606163590612e-02	8.128603521185706615e-02
