1.001418434226643626e+03	2.785548348823483900e-01	1.813869167452027420e-01	2.351355298934261762e-01	1.413236513308981368e-01	6.774374117758145963e-02	2.661240855373209896e-02	6.924291741651596166e-02
1.002869765290740247e+03	2.782905795058451814e-01	1.812259675248410473e-01	2.353171881246579611e-01	1.414301636815294971e-01	6.778369233225664536e-02	2.663854309672577386e-02	6.931386573384883121e-02
1.004321096354836754e+03	2.780267954426831611e-01	1.810652814807347522e-01	2.354985082038209554e-01	1.415364635900161205e-01	6.782357458118266902e-02	2.666466679005100732e-02	6.938470991121627185e-02
1.005772427418933376e+03	2.777634818384329130e-01	1.809048581698882441e-01	2.356794908061283222e-01	1.416425518267566130e-01	6.786338804655561718e-02	2.669077944919702114e-02	6.945544986274616861e-02
1.007223758483029997e+03	2.775006378404393792e-01	1.807446971500842325e-01	2.358601366045363634e-01	1.417484291566360188e-01	6.790313285035087798e-02	2.671688089143969477e-02	6.952608550621838801e-02
1.008675089547126618e+03	2.772382625978155324e-01	1.805847979798818337e-01	2.360404462697626715e-01	1.418540963390793330e-01	6.794280911432359904e-02	2.674297093582645585e-02	6.959661676301553968e-02
1.010126420611223239e+03	2.769763552614368796e-01	1.804251602186150161e-01	2.362204204703041988e-01	1.419595541281042650e-01	6.798241696000907608e-02	2.676904940316131645e-02	6.966704355807426530e-02
1.011577751675319632e+03	2.767149149839350786e-01	1.802657834263909353e-01	2.364000598724551039e-01	1.420648032723734189e-01	6.802195650872334964e-02	2.679511611599000656e-02	6.973736581983715210e-02
1.013029082739416367e+03	2.764539409196925535e-01	1.801066671640882133e-01	2.365793651403242659e-01	1.421698445152461410e-01	6.806142788156348267e-02	2.682117089858529133e-02	6.980758348020517368e-02
1.014480413803512761e+03	2.761934322248361662e-01	1.799478109933552172e-01	2.367583369358528256e-01	1.422746785948295900e-01	6.810083119940811558e-02	2.684721357693239246e-02	6.987769647449079691e-02
1.015931744867609382e+03	2.759333880572317765e-01	1.797892144766085054e-01	2.369369759188313662e-01	1.423793062440295298e-01	6.814016658291784101e-02	2.687324397871453455e-02	6.994770474137156080e-02
1.017383075931706003e+03	2.756738075764783580e-01	1.796308771770311619e-01	2.371152827469168722e-01	1.424837281906001785e-01	6.817943415253567563e-02	2.689926193329863352e-02	7.001760822284426589e-02
1.018834406995802851e+03	2.754146899439022245e-01	1.794727986585711033e-01	2.372932580756496879e-01	1.425879451571939738e-01	6.821863402848749036e-02	2.692526727172111015e-02	7.008740686417967714e-02
1.020285738059899245e+03	2.751560343225513128e-01	1.793149784859394413e-01	2.374709025584700040e-01	1.426919578614103956e-01	6.825776633078244060e-02	2.695125982667382139e-02	7.015710061387783747e-02
1.021737069123995752e+03	2.748978398771897980e-01	1.791574162246089286e-01	2.376482168467343170e-01	1.427957670158447601e-01	6.829683117921342417e-02	2.697723943249012019e-02	7.022668942362390865e-02
1.023188400188092373e+03	2.746401057742923202e-01	1.790001114408122374e-01	2.378252015897318883e-01	1.428993733281359035e-01	6.833582869335748378e-02	2.700320592513105744e-02	7.029617324824440072e-02
1.024639731252188767e+03	2.743828311820382115e-01	1.788430637015404889e-01	2.380018574347005644e-01	1.430027775010139501e-01	6.837475899257627887e-02	2.702915914217167079e-02	7.036555204566419253e-02
1.026091062316285615e+03	2.741260152703063335e-01	1.786862725745414771e-01	2.381781850268427370e-01	1.431059802323470798e-01	6.841362219601646033e-02	2.705509892278744333e-02	7.043482577686381585e-02
1.027542393380382237e+03	2.738696572106693594e-01	1.785297376283181969e-01	2.383541850093411352e-01	1.432089822151881853e-01	6.845241842261019782e-02	2.708102510774082483e-02	7.050399440583741961e-02
1.028993724444478858e+03	2.736137561763883896e-01	1.783734584321272076e-01	2.385298580233742582e-01	1.433117841378208357e-01	6.849114779107548512e-02	2.710693753936791947e-02	7.057305789955121977e-02
1.030445055508575479e+03	2.733583113424074562e-01	1.782174345559770223e-01	2.387052047081317796e-01	1.434143866838046844e-01	6.852981041991666744e-02	2.713283606156528457e-02	7.064201622790236557e-02
1.031896386572671872e+03	2.731033218853482492e-01	1.780616655706265539e-01	2.388802257008297014e-01	1.435167905320206827e-01	6.856840642742480230e-02	2.715872051977680224e-02	7.071086936367840248e-02
1.033347717636768493e+03	2.728487869835046764e-01	1.779061510475835606e-01	2.390549216367253704e-01	1.436189963567154892e-01	6.860693593167813131e-02	2.718459076098074176e-02	7.077961728251716544e-02
1.034799048700865114e+03	2.725947058168377013e-01	1.777508905591030364e-01	2.392292931491322716e-01	1.437210048275456009e-01	6.864539905054249658e-02	2.721044663367687064e-02	7.084825996286715777e-02
1.036250379764961508e+03	2.723410775669697359e-01	1.775958836781857120e-01	2.394033408694347664e-01	1.438228166096210126e-01	6.868379590167171533e-02	2.723628798787371824e-02	7.091679738594849902e-02
1.037701710829058356e+03	2.720879014171795895e-01	1.774411299785764173e-01	2.395770654271024980e-01	1.439244323635484046e-01	6.872212660250807958e-02	2.726211467507592620e-02	7.098522953571421990e-02
1.039153041893154750e+03	2.718351765523974728e-01	1.772866290347626383e-01	2.397504674497047683e-01	1.440258527454737203e-01	6.876039127028273079e-02	2.728792654827173411e-02	7.105355639881211216e-02
1.040604372957251599e+03	2.715829021591994463e-01	1.771323804219728515e-01	2.399235475629247494e-01	1.441270784071246036e-01	6.879859002201606233e-02	2.731372346192055545e-02	7.112177796454695333e-02
1.042055704021347992e+03	2.713310774258024805e-01	1.769783837161751083e-01	2.400963063905733885e-01	1.442281099958521162e-01	6.883672297451813582e-02	2.733950527194068184e-02	7.118989422484338359e-02
1.043507035085444613e+03	2.710797015420591816e-01	1.768246384940754534e-01	2.402687445546033695e-01	1.443289481546720654e-01	6.887479024438916686e-02	2.736527183569708449e-02	7.125790517420897696e-02
1.044958366149541234e+03	2.708287736994529626e-01	1.766711443331164255e-01	2.404408626751227407e-01	1.444295935223060823e-01	6.891279194801987196e-02	2.739102301198931277e-02	7.132581080969792320e-02
1.046409697213637855e+03	2.705782930910927697e-01	1.765179008114755033e-01	2.406126613704084594e-01	1.445300467332220340e-01	6.895072820159189875e-02	2.741675866103952114e-02	7.139361113087512589e-02
1.047861028277734476e+03	2.703282589117082524e-01	1.763649075080635786e-01	2.407841412569197981e-01	1.446303084176741027e-01	6.898859912107825620e-02	2.744247864448058974e-02	7.146130613978075863e-02
1.049312359341831097e+03	2.700786703576444903e-01	1.762121640025235969e-01	2.409553029493115006e-01	1.447303792017425039e-01	6.902640482224371710e-02	2.746818282534434913e-02	7.152889584089514030e-02
1.050763690405927491e+03	2.698295266268573855e-01	1.760596698752289191e-01	2.411261470604470492e-01	1.448302597073727049e-01	6.906414542064519269e-02	2.749387106804990558e-02	7.159638024110417942e-02
1.052215021470024112e+03	2.695808269189084450e-01	1.759074247072818231e-01	2.412966742014114041e-01	1.449299505524142273e-01	6.910182103163220457e-02	2.751954323839208433e-02	7.166375934966516537e-02
1.053666352534120733e+03	2.693325704349601724e-01	1.757554280805121161e-01	2.414668849815238272e-01	1.450294523506591438e-01	6.913943177034724552e-02	2.754519920352994575e-02	7.173103317817296209e-02
1.055117683598217127e+03	2.690847563777708507e-01	1.756036795774756076e-01	2.416367800083506490e-01	1.451287657118800478e-01	6.917697775172620966e-02	2.757083883197542981e-02	7.179820174052665982e-02
1.056569014662313975e+03	2.688373839516899899e-01	1.754521787814525835e-01	2.418063598877176201e-01	1.452278912418677181e-01	6.921445909049879497e-02	2.759646199358208388e-02	7.186526505289662914e-02
1.058020345726410369e+03	2.685904523626535534e-01	1.753009252764464732e-01	2.419756252237224015e-01	1.453268295424682832e-01	6.925187590118889180e-02	2.762206855953389800e-02	7.193222313369193599e-02
1.059471676790506763e+03	2.683439608181789615e-01	1.751499186471821845e-01	2.421445766187466375e-01	1.454255812116201640e-01	6.928922829811501316e-02	2.764765840233423394e-02	7.199907600352818682e-02
1.060923007854603611e+03	2.680979085273604845e-01	1.749991584791049104e-01	2.423132146734682246e-01	1.455241468433904617e-01	6.932651639539066935e-02	2.767323139579484434e-02	7.206582368519577619e-02
1.062374338918700232e+03	2.678522947008645239e-01	1.748486443583784078e-01	2.424815399868730792e-01	1.456225270280110673e-01	6.936374030692477044e-02	2.769878741502499603e-02	7.213246620362849526e-02
1.063825669982796853e+03	2.676071185509248940e-01	1.746983758718837765e-01	2.426495531562670727e-01	1.457207223519142725e-01	6.940090014642207039e-02	2.772432633642069044e-02	7.219900358587255651e-02
1.065277001046893474e+03	2.673623792913382702e-01	1.745483526072178493e-01	2.428172547772876888e-01	1.458187333977681854e-01	6.943799602738351395e-02	2.774984803765396732e-02	7.226543586105590999e-02
1.066728332110990095e+03	2.671180761374593593e-01	1.743985741526918043e-01	2.429846454439155146e-01	1.459165607445117030e-01	6.947502806310663914e-02	2.777535239766230901e-02	7.233176306035808689e-02
1.068179663175086489e+03	2.668742083061964032e-01	1.742490400973298881e-01	2.431517257484857031e-01	1.460142049673890385e-01	6.951199636668600745e-02	2.780083929663813846e-02	7.239798521698027900e-02
1.069630994239183110e+03	2.666307750160066825e-01	1.740997500308677504e-01	2.433184962816992980e-01	1.461116666379839168e-01	6.954890105101356468e-02	2.782630861601839700e-02	7.246410236611584843e-02
1.071082325303279504e+03	2.663877754868918535e-01	1.739507035437511950e-01	2.434849576326343357e-01	1.462089463242535747e-01	6.958574222877905724e-02	2.785176023847422619e-02	7.253011454492118426e-02
1.072533656367376352e+03	2.661452089403935628e-01	1.738019002271347091e-01	2.436511103887569474e-01	1.463060445905621787e-01	6.962252001247042077e-02	2.787719404790074337e-02	7.259602179248690612e-02
1.073984987431472746e+03	2.659030745995888401e-01	1.736533396728800194e-01	2.438169551359321841e-01	1.464029619977139929e-01	6.965923451437415481e-02	2.790260992940687967e-02	7.266182414980941473e-02
1.075436318495569594e+03	2.656613716890856569e-01	1.735050214735547880e-01	2.439824924584349242e-01	1.464996991029862694e-01	6.969588584657575303e-02	2.792800776930532552e-02	7.272752165976284489e-02
1.076887649559666215e+03	2.654200994350183751e-01	1.733569452224310858e-01	2.441477229389604764e-01	1.465962564601616114e-01	6.973247412096005016e-02	2.795338745510256642e-02	7.279311436707130989e-02
1.078338980623762609e+03	2.651792570650437497e-01	1.732091105134841436e-01	2.443126471586351545e-01	1.466926346195603081e-01	6.976899944921165220e-02	2.797874887548900541e-02	7.285860231828153455e-02
1.079790311687859230e+03	2.649388438083359332e-01	1.730615169413908527e-01	2.444772656970266300e-01	1.467888341280719766e-01	6.980546194281524175e-02	2.800409192032914107e-02	7.292398556173572410e-02
1.081241642751955851e+03	2.646988588955827559e-01	1.729141641015284059e-01	2.446415791321544519e-01	1.468848555291870361e-01	6.984186171305609148e-02	2.802941648065188085e-02	7.298926414754489111e-02
1.082692973816052472e+03	2.644593015589807861e-01	1.727670515899730197e-01	2.448055880405000384e-01	1.469806993630280167e-01	6.987819887102036942e-02	2.805472244864088555e-02	7.305443812756244604e-02
1.084144304880149093e+03	2.642201710322314434e-01	1.726201790034983530e-01	2.449692929970169741e-01	1.470763661663801736e-01	6.991447352759548595e-02	2.808000971762503878e-02	7.311950755535810698e-02
1.085595635944245487e+03	2.639814665505365032e-01	1.724735459395743686e-01	2.451326945751407249e-01	1.471718564727222123e-01	6.995068579347059334e-02	2.810527818206897191e-02	7.318447248619217027e-02
1.087046967008342108e+03	2.637431873505940438e-01	1.723271519963657517e-01	2.452957933467987683e-01	1.472671708122563206e-01	6.998683577913686338e-02	2.813052773756369654e-02	7.324933297699004475e-02
1.088498298072438729e+03	2.635053326705939503e-01	1.721809967727307711e-01	2.454585898824202250e-01	1.473623097119381165e-01	7.002292359488793139e-02	2.815575828081727863e-02	7.331408908631720234e-02
1.089949629136535123e+03	2.632679017502139174e-01	1.720350798682198368e-01	2.456210847509454898e-01	1.474572736955061525e-01	7.005894935082024322e-02	2.818096970964563408e-02	7.337874087435426740e-02
1.091400960200631971e+03	2.630308938306150091e-01	1.718894008830740006e-01	2.457832785198358350e-01	1.475520632835112533e-01	7.009491315683345769e-02	2.820616192296337629e-02	7.344328840287255022e-02
1.092852291264728365e+03	2.627943081544379389e-01	1.717439594182238738e-01	2.459451717550828198e-01	1.476466789933454926e-01	7.013081512263077966e-02	2.823133482077475054e-02	7.350773173520989967e-02
1.094303622328825213e+03	2.625581439657984073e-01	1.715987550752880453e-01	2.461067650212176161e-01	1.477411213392706701e-01	7.016665535771940410e-02	2.825648830416465154e-02	7.357207093624672234e-02
1.095754953392921607e+03	2.623224005102834377e-01	1.714537874565719711e-01	2.462680588813202509e-01	1.478353908324469279e-01	7.020243397141086306e-02	2.828162227528970354e-02	7.363630607238241810e-02
1.097206284457018228e+03	2.620870770349468248e-01	1.713090561650665034e-01	2.464290538970287381e-01	1.479294879809605889e-01	7.023815107282135872e-02	2.830673663736944096e-02	7.370043721151207927e-02
1.098657615521114849e+03	2.618521727883055816e-01	1.711645608044465583e-01	2.465897506285481544e-01	1.480234132898521349e-01	7.027380677087222138e-02	2.833183129467754455e-02	7.376446442300342576e-02
1.100108946585211470e+03	2.616176870203353877e-01	1.710203009790698947e-01	2.467501496346594103e-01	1.481171672611435730e-01	7.030940117429020086e-02	2.835690615253314353e-02	7.382838777767408711e-02
1.101560277649308091e+03	2.613836189824669254e-01	1.708762762939756152e-01	2.469102514727282149e-01	1.482107503938656090e-01	7.034493439160791062e-02	2.838196111729221829e-02	7.389220734776912047e-02
1.103011608713404712e+03	2.611499679275818275e-01	1.707324863548831118e-01	2.470700566987138469e-01	1.483041631840846808e-01	7.038040653116416079e-02	2.840699609633907594e-02	7.395592320693890331e-02
1.104462939777501106e+03	2.609167331100085696e-01	1.705889307681905109e-01	2.472295658671776475e-01	1.483974061249295762e-01	7.041581770110430516e-02	2.843201099807786056e-02	7.401953543021712323e-02
1.105914270841597499e+03	2.606839137855185284e-01	1.704456091409735918e-01	2.473887795312916527e-01	1.484904797066177173e-01	7.045116800938065749e-02	2.845700573192419189e-02	7.408304409399923962e-02
1.107365601905694348e+03	2.604515092113222074e-01	1.703025210809842316e-01	2.475476982428470030e-01	1.485833844164814455e-01	7.048645756375282456e-02	2.848198020829681779e-02	7.414644927602105640e-02
1.108816932969790741e+03	2.602195186460650733e-01	1.701596661966493784e-01	2.477063225522622980e-01	1.486761207389936390e-01	7.052168647178810867e-02	2.850693433860937778e-02	7.420975105533769711e-02
1.110268264033887590e+03	2.599879413498238367e-01	1.700170440970695807e-01	2.478646530085919508e-01	1.487686891557934432e-01	7.055685484086185455e-02	2.853186803526223947e-02	7.427294951230267728e-02
1.111719595097984211e+03	2.597567765841025111e-01	1.698746543920177376e-01	2.480226901595342370e-01	1.488610901457114721e-01	7.059196277815782405e-02	2.855678121163435570e-02	7.433604472854740686e-02
1.113170926162080832e+03	2.595260236118286934e-01	1.697324966919378508e-01	2.481804345514393995e-01	1.489533241847949829e-01	7.062701039066854314e-02	2.858167378207526060e-02	7.439903678696084544e-02
1.114622257226177226e+03	2.592956816973495116e-01	1.695905706079437192e-01	2.483378867293177250e-01	1.490453917463324396e-01	7.066199778519567654e-02	2.860654566189707593e-02	7.446192577166942106e-02
1.116073588290273847e+03	2.590657501064280166e-01	1.694488757518177180e-01	2.484950472368473717e-01	1.491372933008782709e-01	7.069692506835038859e-02	2.863139676736660769e-02	7.452471176801724051e-02
1.117524919354370468e+03	2.588362281062391856e-01	1.693074117360093833e-01	2.486519166163822236e-01	1.492290293162770454e-01	7.073179234655371794e-02	2.865622701569751907e-02	7.458739486254653550e-02
1.118976250418467089e+03	2.586071149653663692e-01	1.691661781736343573e-01	2.488084954089596068e-01	1.493206002576874802e-01	7.076659972603689674e-02	2.868103632504255193e-02	7.464997514297828929e-02
1.120427581482563710e+03	2.583784099537975720e-01	1.690251746784729447e-01	2.489647841543079776e-01	1.494120065876063108e-01	7.080134731284179472e-02	2.870582461448582465e-02	7.471245269819318247e-02
1.121878912546660331e+03	2.581501123429214006e-01	1.688844008649688921e-01	2.491207833908544722e-01	1.495032487658917164e-01	7.083603521282116899e-02	2.873059180403518889e-02	7.477482761821281632e-02
1.123330243610756725e+03	2.579222214055235107e-01	1.687438563482282772e-01	2.492764936557323174e-01	1.495943272497867460e-01	7.087066353163913590e-02	2.875533781461465932e-02	7.483709999418096392e-02
1.124781574674853118e+03	2.576947364157831655e-01	1.686035407440180378e-01	2.494319154847884079e-01	1.496852424939422443e-01	7.090523237477143470e-02	2.878006256805690222e-02	7.489926991834534864e-02
1.126232905738949967e+03	2.574676566492692942e-01	1.684634536687648898e-01	2.495870494125905226e-01	1.497759949504398058e-01	7.093974184750581613e-02	2.880476598709577618e-02	7.496133748403942254e-02
1.127684236803046360e+03	2.572409813829368286e-01	1.683235947395540777e-01	2.497418959724345411e-01	1.498665850688142565e-01	7.097419205494241712e-02	2.882944799535896649e-02	7.502330278566442245e-02
1.129135567867143209e+03	2.570147098951232612e-01	1.681839635741279593e-01	2.498964556963516603e-01	1.499570132960760804e-01	7.100858310199412160e-02	2.885410851736064028e-02	7.508516591867177292e-02
1.130586898931239830e+03	2.567888414655448703e-01	1.680445597908850064e-01	2.500507291151154998e-01	1.500472800767335413e-01	7.104291509338687971e-02	2.887874747849420581e-02	7.514692697954555856e-02
1.132038229995336451e+03	2.565633753752931678e-01	1.679053830088783894e-01	2.502047167582490128e-01	1.501373858528146088e-01	7.107718813366005473e-02	2.890336480502510297e-02	7.520858606578526007e-02
1.133489561059432845e+03	2.563383109068312904e-01	1.677664328478148670e-01	2.503584191540316195e-01	1.502273310638885251e-01	7.111140232716681164e-02	2.892796042408365270e-02	7.527014327588880949e-02
1.134940892123529466e+03	2.561136473439905026e-01	1.676277089280535371e-01	2.505118368295059517e-01	1.503171161470874817e-01	7.114555777807446413e-02	2.895253426365799326e-02	7.533159870933567315e-02
1.136392223187626087e+03	2.558893839719668106e-01	1.674892108706045879e-01	2.506649703104845694e-01	1.504067415371275751e-01	7.117965459036480758e-02	2.897708625258705803e-02	7.539295246657029548e-02
1.137843554251722708e+03	2.556655200773170766e-01	1.673509382971280213e-01	2.508178201215567893e-01	1.504962076663300674e-01	7.121369286783443830e-02	2.900161632055361233e-02	7.545420464898573709e-02
1.139294885315819101e+03	2.554420549479556324e-01	1.672128908299326533e-01	2.509703867860953452e-01	1.505855149646421753e-01	7.124767271409519764e-02	2.902612439807733882e-02	7.551535535890741002e-02
1.140746216379915950e+03	2.552189878731511152e-01	1.670750680919746434e-01	2.511226708262628837e-01	1.506746638596575261e-01	7.128159423257443561e-02	2.905061041650800618e-02	7.557640469957715990e-02
1.142197547444012343e+03	2.549963181435226378e-01	1.669374697068564395e-01	2.512746727630185140e-01	1.507636547766366963e-01	7.131545752651537173e-02	2.907507430801868284e-02	7.563735277513747302e-02
1.143648878508108737e+03	2.547740450510364019e-01	1.668000952988255847e-01	2.514263931161242471e-01	1.508524881385272798e-01	7.134926269897745588e-02	2.909951600559899237e-02	7.569819969061589160e-02
1.145100209572205586e+03	2.545521678890023121e-01	1.666629444927734405e-01	2.515778324041513248e-01	1.509411643659839819e-01	7.138300985283671518e-02	2.912393544304844525e-02	7.575894555190959556e-02
1.146551540636302207e+03	2.543306859520707008e-01	1.665260169142340485e-01	2.517289911444865469e-01	1.510296838773883266e-01	7.141669909078611489e-02	2.914833255496982606e-02	7.581959046577027572e-02
1.148002871700398828e+03	2.541095985362286092e-01	1.663893121893828819e-01	2.518798698533385449e-01	1.511180470888681682e-01	7.145033051533583590e-02	2.917270727676262929e-02	7.588013453978910416e-02
1.149454202764495449e+03	2.538889049387967334e-01	1.662528299450357905e-01	2.520304690457438879e-01	1.512062544143172038e-01	7.148390422881367723e-02	2.919705954461653680e-02	7.594057788238192663e-02
1.150905533828591842e+03	2.536686044584259281e-01	1.661165698086476405e-01	2.521807892355731329e-01	1.512943062654141246e-01	7.151742033336541682e-02	2.922138929550496811e-02	7.600092060277463535e-02
1.152356864892688463e+03	2.534486963950936533e-01	1.659805314083111771e-01	2.523308309355369317e-01	1.513822030516415174e-01	7.155087893095508911e-02	2.924569646717868968e-02	7.606116281098877774e-02
1.153808195956785084e+03	2.532291800501009216e-01	1.658447143727559969e-01	2.524805946571921922e-01	1.514699451803046548e-01	7.158428012336534585e-02	2.926998099815945886e-02	7.612130461782727620e-02
1.155259527020881706e+03	2.530100547260690225e-01	1.657091183313471605e-01	2.526300809109475187e-01	1.515575330565502865e-01	7.161762401219780305e-02	2.929424282773371996e-02	7.618134613486036988e-02
1.156710858084978327e+03	2.527913197269358592e-01	1.655737429140842210e-01	2.527792902060695401e-01	1.516449670833848185e-01	7.165091069887338793e-02	2.931848189594638693e-02	7.624128747441170917e-02
1.158162189149074720e+03	2.525729743579530617e-01	1.654385877515998360e-01	2.529282230506884055e-01	1.517322476616926319e-01	7.168414028463269971e-02	2.934269814359462270e-02	7.630112874954469993e-02
1.159613520213171569e+03	2.523550179256824899e-01	1.653036524751588243e-01	2.530768799518035572e-01	1.518193751902542354e-01	7.171731287053627335e-02	2.936689151222172250e-02	7.636087007404890326e-02
1.161064851277267962e+03	2.521374497379929580e-01	1.651689367166568057e-01	2.532252614152895598e-01	1.519063500657639454e-01	7.175042855746498194e-02	2.939106194411100770e-02	7.642051156242671284e-02
1.162516182341364356e+03	2.519202691040571818e-01	1.650344401086192569e-01	2.533733679459015953e-01	1.519931726828477048e-01	7.178348744612034205e-02	2.941520938227980622e-02	7.648005332988014326e-02
1.163967513405461204e+03	2.517034753343485032e-01	1.649001622842001247e-01	2.535212000472807925e-01	1.520798434340805139e-01	7.181648963702486066e-02	2.943933377047344355e-02	7.653949549229785432e-02
1.165418844469557826e+03	2.514870677406373933e-01	1.647661028771808533e-01	2.536687582219600556e-01	1.521663627100038330e-01	7.184943523052234049e-02	2.946343505315932032e-02	7.659883816624224462e-02
1.166870175533654447e+03	2.512710456359887878e-01	1.646322615219691365e-01	2.538160429713694488e-01	1.522527308991426798e-01	7.188232432677826855e-02	2.948751317552101778e-02	7.665808146893673958e-02
1.168321506597751068e+03	2.510554083347584231e-01	1.644986378535978622e-01	2.539630547958412476e-01	1.523389483880225881e-01	7.191515702578010760e-02	2.951156808345244825e-02	7.671722551825335690e-02
1.169772837661847461e+03	2.508401551525899498e-01	1.643652315077238357e-01	2.541097941946157124e-01	1.524250155611865110e-01	7.194793342733761532e-02	2.953559972355207161e-02	7.677627043270024432e-02
1.171224168725944082e+03	2.506252854064117130e-01	1.642320421206267533e-01	2.542562616658461394e-01	1.525109328012113907e-01	7.198065363108320514e-02	2.955960804311716025e-02	7.683521633140953655e-02
1.172675499790040703e+03	2.504107984144336441e-01	1.640990693292080638e-01	2.544024577066039128e-01	1.525967004887246459e-01	7.201331773647227930e-02	2.958359299013807800e-02	7.689406333412526773e-02
1.174126830854137097e+03	2.501966934961439848e-01	1.639663127709897472e-01	2.545483828128839998e-01	1.526823190024204635e-01	7.204592584278352030e-02	2.960755451329264223e-02	7.695281156119149202e-02
1.175578161918233945e+03	2.499829699723064846e-01	1.638337720841132883e-01	2.546940374796097251e-01	1.527677887190760364e-01	7.207847804911927947e-02	2.963149256194052769e-02	7.701146113354055689e-02
1.177029492982330339e+03	2.497696271649570143e-01	1.637014469073384826e-01	2.548394222006379883e-01	1.528531100135674392e-01	7.211097445440582676e-02	2.965540708611769105e-02	7.707001217268145965e-02
1.178480824046426733e+03	2.495566643974006515e-01	1.635693368800422987e-01	2.549845374687643718e-01	1.529382832588855323e-01	7.214341515739375321e-02	2.967929803653087187e-02	7.712846480068845378e-02
1.179932155110523581e+03	2.493440809942086001e-01	1.634374416422178233e-01	2.551293837757277472e-01	1.530233088261515606e-01	7.217580025665826238e-02	2.970316536455211778e-02	7.718681914018978019e-02
1.181383486174620202e+03	2.491318762812151366e-01	1.633057608344730682e-01	2.552739616122156607e-01	1.531081870846326964e-01	7.220812985059947564e-02	2.972700902221336872e-02	7.724507531435645391e-02
1.182834817238716823e+03	2.489200495855145578e-01	1.631742940980299983e-01	2.554182714678687738e-01	1.531929184017574719e-01	7.224040403744277916e-02	2.975082896220107229e-02	7.730323344689128684e-02
1.184286148302813444e+03	2.487086002354581271e-01	1.630430410747231440e-01	2.555623138312857479e-01	1.532775031431307944e-01	7.227262291523915694e-02	2.977462513785085821e-02	7.736129366201804913e-02
1.185737479366910065e+03	2.484975275606511880e-01	1.629120014069988243e-01	2.557060891900280741e-01	1.533619416725492401e-01	7.230478658186552388e-02	2.979839750314224392e-02	7.741925608447074170e-02
1.187188810431006686e+03	2.482868308919501388e-01	1.627811747379138418e-01	2.558495980306247919e-01	1.534462343520157368e-01	7.233689513502497559e-02	2.982214601269338530e-02	7.747712083948300743e-02
1.188640141495103080e+03	2.480765095614592686e-01	1.626505607111343454e-01	2.559928408385770404e-01	1.535303815417544127e-01	7.236894867224720473e-02	2.984587062175587946e-02	7.753488805277770901e-02
1.190091472559199701e+03	2.478665629025280370e-01	1.625201589709348859e-01	2.561358180983627220e-01	1.536143836002252794e-01	7.240094729088876468e-02	2.986957128620959870e-02	7.759255785055657606e-02
1.191542803623296322e+03	2.476569902497480213e-01	1.623899691621971675e-01	2.562785302934411091e-01	1.536982408841384984e-01	7.243289108813341648e-02	2.989324796255756964e-02	7.765013035949008824e-02
1.192994134687392716e+03	2.474477909389499464e-01	1.622599909304090759e-01	2.564209779062573413e-01	1.537819537484688692e-01	7.246478016099239250e-02	2.991690060792090780e-02	7.770760570670742773e-02
1.194445465751489564e+03	2.472389643072007703e-01	1.621302239216634578e-01	2.565631614182466991e-01	1.538655225464699294e-01	7.249661460630479892e-02	2.994052918003376612e-02	7.776498401978655661e-02
1.195896796815585958e+03	2.470305096928008814e-01	1.620006677826571762e-01	2.567050813098392670e-01	1.539489476296879988e-01	7.252839452073790716e-02	2.996413363723835280e-02	7.782226542674443304e-02
1.197348127879682352e+03	2.468224264352809894e-01	1.618713221606898900e-01	2.568467380604642636e-01	1.540322293479760851e-01	7.256012000078743140e-02	2.998771393847996652e-02	7.787945005602738002e-02
1.198799458943779200e+03	2.466147138753994883e-01	1.617421867036631100e-01	2.569881321485543713e-01	1.541153680495076228e-01	7.259179114277784783e-02	3.001127004330209069e-02	7.793653803650153755e-02
1.200250790007875821e+03	2.464073713551393485e-01	1.616132610600789499e-01	2.571292640515498995e-01	1.541983640807901568e-01	7.262340804286276930e-02	3.003480191184152576e-02	7.799352949744349506e-02
1.201702121071972442e+03	2.462003982177053685e-01	1.614845448790391269e-01	2.572701342459032259e-01	1.542812177866786649e-01	7.265497079702520900e-02	3.005830950482353200e-02	7.805042456853102106e-02
1.203153452136069063e+03	2.459937938075213160e-01	1.613560378102439352e-01	2.574107432070829038e-01	1.543639295103891029e-01	7.268647950107789968e-02	3.008179278355705560e-02	7.810722337983386221e-02
1.204604783200165684e+03	2.457875574702271526e-01	1.612277395039911909e-01	2.575510914095778259e-01	1.544464995935115326e-01	7.271793425066364058e-02	3.010525170992997546e-02	7.816392606180476432e-02
1.206056114264262078e+03	2.455816885526760085e-01	1.610996496111750109e-01	2.576911793269013318e-01	1.545289283760232224e-01	7.274933514125557499e-02	3.012868624640436740e-02	7.822053274527050737e-02
1.207507445328358699e+03	2.453761864029316009e-01	1.609717677832848415e-01	2.578310074315954270e-01	1.546112161963015541e-01	7.278068226815752328e-02	3.015209635601184129e-02	7.827704356142317632e-02
1.208958776392455093e+03	2.451710503702652644e-01	1.608440936724044035e-01	2.579705761952346688e-01	1.546933633911370398e-01	7.281197572650427441e-02	3.017548200234888151e-02	7.833345864181144591e-02
1.210410107456551941e+03	2.449662798051532586e-01	1.607166269312106099e-01	2.581098860884302182e-01	1.547753702957457289e-01	7.284321561126190503e-02	3.019884314957227422e-02	7.838977811833197640e-02
1.211861438520648335e+03	2.447618740592739928e-01	1.605893672129725114e-01	2.582489375808337262e-01	1.548572372437820865e-01	7.287440201722811262e-02	3.022217976239450696e-02	7.844600212322100363e-02
1.213312769584745183e+03	2.445578324855051666e-01	1.604623141715502410e-01	2.583877311411414412e-01	1.549389645673513172e-01	7.290553503903246524e-02	3.024549180607926865e-02	7.850213078904604014e-02
1.214764100648841804e+03	2.443541544379210506e-01	1.603354674613939601e-01	2.585262672370980397e-01	1.550205525970215770e-01	7.293661477113679015e-02	3.026877924643692208e-02	7.855816424869756232e-02
1.216215431712937971e+03	2.441508392717897935e-01	1.602088267375427755e-01	2.586645463355004004e-01	1.551020016618365194e-01	7.296764130783542357e-02	3.029204204982008722e-02	7.861410263538094745e-02
1.217666762777034819e+03	2.439478863435706468e-01	1.600823916556237125e-01	2.588025689022014353e-01	1.551833120893270079e-01	7.299861474325555766e-02	3.031528018311919689e-02	7.866994608260843846e-02
1.219118093841131440e+03	2.437452950109112726e-01	1.599561618718506606e-01	2.589403354021138082e-01	1.552644842055233565e-01	7.302953517135749029e-02	3.033849361375811141e-02	7.872569472419126135e-02
1.220569424905228061e+03	2.435430646326450232e-01	1.598301370430234292e-01	2.590778462992139319e-01	1.553455183349670699e-01	7.306040268593497200e-02	3.036168230968978518e-02	7.878134869423181197e-02
1.222020755969324682e+03	2.433411945687882216e-01	1.597043168265264435e-01	2.592151020565452435e-01	1.554264148007226953e-01	7.309121738061552520e-02	3.038484623939192650e-02	7.883690812711595386e-02
1.223472087033421303e+03	2.431396841805374687e-01	1.595787008803280227e-01	2.593521031362223117e-01	1.555071739243892581e-01	7.312197934886072170e-02	3.040798537186274395e-02	7.889237315750544099e-02
1.224923418097517697e+03	2.429385328302670066e-01	1.594532888629791589e-01	2.594888499994342790e-01	1.555877960261119741e-01	7.315268868396648805e-02	3.043109967661668247e-02	7.894774392033039601e-02
1.226374749161614318e+03	2.427377398815260545e-01	1.593280804336124346e-01	2.596253431064483586e-01	1.556682814245935187e-01	7.318334547906343857e-02	3.045418912368022882e-02	7.900302055078198271e-02
1.227826080225710712e+03	2.425373046990360326e-01	1.592030752519411618e-01	2.597615829166134982e-01	1.557486304371054064e-01	7.321394982711712518e-02	3.047725368358771697e-02	7.905820318430507865e-02
1.229277411289807560e+03	2.423372266486881477e-01	1.590782729782581895e-01	2.598975698883639329e-01	1.558288433794990935e-01	7.324450182092837047e-02	3.050029332737718910e-02	7.911329195659105862e-02
1.230728742353903954e+03	2.421375050975405063e-01	1.589536732734350699e-01	2.600333044792227377e-01	1.559089205662171074e-01	7.327500155313358687e-02	3.052330802658629813e-02	7.916828700357074478e-02
1.232180073418000802e+03	2.419381394138157282e-01	1.588292757989207549e-01	2.601687871458050472e-01	1.559888623103039551e-01	7.330544911620504034e-02	3.054629775324821384e-02	7.922318846140737059e-02
1.233631404482097196e+03	2.417391289668981424e-01	1.587050802167408459e-01	2.603040183438217192e-01	1.560686689234170588e-01	7.333584460245116954e-02	3.056926247988758089e-02	7.927799646648966969e-02
1.235082735546193817e+03	2.415404731273312344e-01	1.585810861894964008e-01	2.604389985280826103e-01	1.561483407158373860e-01	7.336618810401687729e-02	3.059220217951651166e-02	7.933271115542514518e-02
1.236534066610290438e+03	2.413421712668151475e-01	1.584572933803629902e-01	2.605737281525000171e-01	1.562278779964802744e-01	7.339647971288387751e-02	3.061511682563060333e-02	7.938733266503322783e-02
1.237985397674387059e+03	2.411442227582040465e-01	1.583337014530896703e-01	2.607082076700921180e-01	1.563072810729057849e-01	7.342671952087090337e-02	3.063800639220498959e-02	7.944186113233872581e-02
1.239436728738483680e+03	2.409466269755034251e-01	1.582103100719979283e-01	2.608424375329859157e-01	1.563865502513292205e-01	7.345690761963405424e-02	3.066087085369042717e-02	7.949629669456527437e-02
1.240888059802580301e+03	2.407493832938677747e-01	1.580871189019807110e-01	2.609764181924207893e-01	1.564656858366315351e-01	7.348704410066712878e-02	3.068371018500939615e-02	7.955063948912888261e-02
1.242339390866676695e+03	2.405524910895978086e-01	1.579641276085014812e-01	2.611101500987518254e-01	1.565446881323694361e-01	7.351712905530184694e-02	3.070652436155225928e-02	7.960488965363154978e-02
1.243790721930773088e+03	2.403559497401381029e-01	1.578413358575930237e-01	2.612436337014527044e-01	1.566235574407856546e-01	7.354716257470819696e-02	3.072931335917343174e-02	7.965904732585503412e-02
1.245242052994869937e+03	2.401597586240744320e-01	1.577187433158566687e-01	2.613768694491191980e-01	1.567022940628189087e-01	7.357714474989469899e-02	3.075207715418759244e-02	7.971311264375460781e-02
1.246693384058966330e+03	2.399639171211313537e-01	1.575963496504610706e-01	2.615098577894721665e-01	1.567808982981138688e-01	7.360707567170873822e-02	3.077481572336591281e-02	7.976708574545299246e-02
1.248144715123063179e+03	2.397684246121696006e-01	1.574741545291414024e-01	2.616425991693606123e-01	1.568593704450310100e-01	7.363695543083682848e-02	3.079752904393233057e-02	7.982096676923432221e-02
1.249596046187159800e+03	2.395732804791836090e-01	1.573521576201982464e-01	2.617750940347649546e-01	1.569377108006563826e-01	7.366678411780490376e-02	3.082021709355984088e-02	7.987475585353821794e-02
1.251047377251256421e+03	2.393784841052990220e-01	1.572303585924965941e-01	2.619073428307999718e-01	1.570159196608111873e-01	7.369656182297862346e-02	3.084287985036682223e-02	7.992845313695388920e-02
1.252498708315352815e+03	2.391840348747703016e-01	1.571087571154649587e-01	2.620393460017179099e-01	1.570939973200614903e-01	7.372628863656366383e-02	3.086551729291339696e-02	7.998205875821444433e-02
1.253950039379449436e+03	2.389899321729780646e-01	1.569873528590942091e-01	2.621711039909114249e-01	1.571719440717276317e-01	7.375596464860598167e-02	3.088812940019780920e-02	8.003557285619108952e-02
1.255401370443546057e+03	2.387961753864268344e-01	1.568661454939367095e-01	2.623026172409165802e-01	1.572497602078934964e-01	7.378558994899217516e-02	3.091071615165284434e-02	8.008899556988757773e-02
1.256852701507642678e+03	2.386027639027424041e-01	1.567451346911052923e-01	2.624338861934160105e-01	1.573274460194159785e-01	7.381516462744967810e-02	3.093327752714225554e-02	8.014232703843461592e-02
1.258304032571739299e+03	2.384096971106695051e-01	1.566243201222723702e-01	2.625649112892414205e-01	1.574050017959341408e-01	7.384468877354713467e-02	3.095581350695725265e-02	8.019556740108449433e-02
1.259755363635835920e+03	2.382169744000692813e-01	1.565037014596687981e-01	2.626956929683769149e-01	1.574824278258782351e-01	7.387416247669463532e-02	3.097832407181297723e-02	8.024871679720557704e-02
1.261206694699932314e+03	2.380245951619169575e-01	1.563832783760829293e-01	2.628262316699615520e-01	1.575597243964788896e-01	7.390358582614399430e-02	3.100080920284505395e-02	8.030177536627708390e-02
1.262658025764028707e+03	2.378325587882993142e-01	1.562630505448597551e-01	2.629565278322925637e-01	1.576368917937758796e-01	7.393295891098909667e-02	3.102326888160611765e-02	8.035474324788380307e-02
1.264109356828125556e+03	2.376408646724123552e-01	1.561430176398997671e-01	2.630865818928278532e-01	1.577139303026271477e-01	7.396228182016614805e-02	3.104570309006240286e-02	8.040762058171092852e-02
1.265560687892221949e+03	2.374495122085589494e-01	1.560231793356580965e-01	2.632163942881887708e-01	1.577908402067174365e-01	7.399155464245396607e-02	3.106811181059036114e-02	8.046040750753899462e-02
1.267012018956318798e+03	2.372585007921462763e-01	1.559035353071435703e-01	2.633459654541632777e-01	1.578676217885671140e-01	7.402077746647424406e-02	3.109049502597327486e-02	8.051310416523881075e-02
1.268463350020415419e+03	2.370678298196836342e-01	1.557840852299175460e-01	2.634752958257083888e-01	1.579442753295406399e-01	7.404995038069187019e-02	3.111285271939792998e-02	8.056571069476654856e-02
1.269914681084511813e+03	2.368774986887798584e-01	1.556648287800932173e-01	2.636043858369528925e-01	1.580208011098551968e-01	7.407907347341520510e-02	3.113518487445129934e-02	8.061822723615884312e-02
1.271366012148608434e+03	2.366875067981411840e-01	1.555457656343343931e-01	2.637332359212002375e-01	1.580971994085891286e-01	7.410814683279635939e-02	3.115749147511725700e-02	8.067065392952794955e-02
1.272817343212705055e+03	2.364978535475686927e-01	1.554268954698547478e-01	2.638618465109310307e-01	1.581734705036901834e-01	7.413717054683145735e-02	3.117977250577331008e-02	8.072299091505705237e-02
1.274268674276801676e+03	2.363085383379561200e-01	1.553082179644166838e-01	2.639902180378058683e-01	1.582496146719840069e-01	7.416614470336094223e-02	3.120202795118736869e-02	8.077523833299554701e-02
1.275720005340898297e+03	2.361195605712873569e-01	1.551897327963304984e-01	2.641183509326677226e-01	1.583256321891821361e-01	7.419506939006986768e-02	3.122425779651454014e-02	8.082739632365441851e-02
1.277171336404994690e+03	2.359309196506342576e-01	1.550714396444533849e-01	2.642462456255448289e-01	1.584015233298902425e-01	7.422394469448816146e-02	3.124646202729392669e-02	8.087946502740174515e-02
1.278622667469091539e+03	2.357426149801541970e-01	1.549533381881884331e-01	2.643739025456532388e-01	1.584772883676161537e-01	7.425277070399088908e-02	3.126864062944548217e-02	8.093144458465814650e-02
1.280073998533187932e+03	2.355546459650878777e-01	1.548354281074837135e-01	2.645013221213991517e-01	1.585529275747778744e-01	7.428154750579858689e-02	3.129079358926686871e-02	8.098333513589242583e-02
1.281525329597284326e+03	2.353670120117568876e-01	1.547177090828313617e-01	2.646285047803817458e-01	1.586284412227113860e-01	7.431027518697749801e-02	3.131292089343035157e-02	8.103513682161717080e-02
1.282976660661381175e+03	2.351797125275615630e-01	1.546001807952666063e-01	2.647554509493955655e-01	1.587038295816785849e-01	7.433895383443986371e-02	3.133502252897971130e-02	8.108684978238447916e-02
1.284427991725477568e+03	2.349927469209785735e-01	1.544828429263668257e-01	2.648821610544330185e-01	1.587790929208749147e-01	7.436758353494421492e-02	3.135709848332716293e-02	8.113847415878171210e-02
1.285879322789574417e+03	2.348061146015586464e-01	1.543656951582504933e-01	2.650086355206868194e-01	1.588542315084371659e-01	7.439616437509560809e-02	3.137914874425035139e-02	8.119001009142734482e-02
1.287330653853671038e+03	2.346198149799243182e-01	1.542487371735764556e-01	2.651348747725525978e-01	1.589292456114509700e-01	7.442469644134597218e-02	3.140117329988931227e-02	8.124145772096681706e-02
1.288781984917767431e+03	2.344338474677677142e-01	1.541319686555427670e-01	2.652608792336312860e-01	1.590041354959584041e-01	7.445317981999428902e-02	3.142317213874348814e-02	8.129281718806852242e-02
1.290233315981864052e+03	2.342482114778481617e-01	1.540153892878858843e-01	2.653866493267314497e-01	1.590789014269654578e-01	7.448161459718698196e-02	3.144514524966876556e-02	8.134408863341978380e-02
