1.001418434226643626e+03	2.784921330507992843e-01	1.814590882341707290e-01	2.350722273513814464e-01	1.413289351064230537e-01	6.782011205637786255e-02	2.662818288777185974e-02	6.919932131277692355e-02
1.002869765290740247e+03	2.782271579084900637e-01	1.812989964844581858e-01	2.352525962984534091e-01	1.414359463259900473e-01	6.786108818017341782e-02	2.665492605181057212e-02	6.926928875032549449e-02
1.004321096354836754e+03	2.779626575167934432e-01	1.811391648323310566e-01	2.354326204350005725e-01	1.415427456439492249e-01	6.790199309357426716e-02	2.668166549631241502e-02	6.933915298174024577e-02
1.005772427418933376e+03	2.776986310117651735e-01	1.809795928393669873e-01	2.356123004820640521e-01	1.416493337935534058e-01	6.794282692349098984e-02	2.670840094769701481e-02	6.940891400176363302e-02
1.007223758483029997e+03	2.774350775312333650e-01	1.808202800679253597e-01	2.357916371584041493e-01	1.417557115033808990e-01	6.798358979660402979e-02	2.673513213479718903e-02	6.947857180735622640e-02
1.008675089547126618e+03	2.771719962147931593e-01	1.806612260811455428e-01	2.359706311805160328e-01	1.418618794973748598e-01	6.802428183936420902e-02	2.676185878884156447e-02	6.954812639766581872e-02
1.010126420611223239e+03	2.769093862038012888e-01	1.805024304429453386e-01	2.361492832626450322e-01	1.419678384948822036e-01	6.806490317799314405e-02	2.678858064343731318e-02	6.961757777399689429e-02
1.011577751675319632e+03	2.766472466413706366e-01	1.803438927180190110e-01	2.363275941168020422e-01	1.420735892106922693e-01	6.810545393848371765e-02	2.681529743455300999e-02	6.968692593978055572e-02
1.013029082739416367e+03	2.763855766723648522e-01	1.801856124718359542e-01	2.365055644527784828e-01	1.421791323550750108e-01	6.814593424660057852e-02	2.684200890050159050e-02	6.975617090054481162e-02
1.014480413803512761e+03	2.761243754433930775e-01	1.800275892706387493e-01	2.366831949781613986e-01	1.422844686338189391e-01	6.818634422788054372e-02	2.686871478192343066e-02	6.982531266388516955e-02
1.015931744867609382e+03	2.758636421028046737e-01	1.798698226814416934e-01	2.368604863983479747e-01	1.423895987482686754e-01	6.822668400763305663e-02	2.689541482176953380e-02	6.989435123943567307e-02
1.017383075931706003e+03	2.756033758006838918e-01	1.797123122720289956e-01	2.370374394165604970e-01	1.424945233953620882e-01	6.826695371094071429e-02	2.692210876528482524e-02	6.996328663884021637e-02
1.018834406995802851e+03	2.753435756888446551e-01	1.795550576109532781e-01	2.372140547338605909e-01	1.425992432676671806e-01	6.830715346265961441e-02	2.694879635999156489e-02	7.003211887572434458e-02
1.020285738059899245e+03	2.750842409208253958e-01	1.793980582675337165e-01	2.373903330491635433e-01	1.427037590534185607e-01	6.834728338741989651e-02	2.697547735567287427e-02	7.010084796566723453e-02
1.021737069123995752e+03	2.748253706518838380e-01	1.792413138118546523e-01	2.375662750592525130e-01	1.428080714365535797e-01	6.838734360962614445e-02	2.700215150435634343e-02	7.016947392617413348e-02
1.023188400188092373e+03	2.745669640389917232e-01	1.790848238147638438e-01	2.377418814587925477e-01	1.429121810967482475e-01	6.842733425345785825e-02	2.702881856029778346e-02	7.023799677664920027e-02
1.024639731252188767e+03	2.743090202408299261e-01	1.789285878478707459e-01	2.379171529403444341e-01	1.430160887094526767e-01	6.846725544286987042e-02	2.705547827996506588e-02	7.030641653836851301e-02
1.026091062316285615e+03	2.740515384177832359e-01	1.787726054835450662e-01	2.380920901943783807e-01	1.431197949459261931e-01	6.850710730159284556e-02	2.708213042202207294e-02	7.037473323445354867e-02
1.027542393380382237e+03	2.737945177319351386e-01	1.786168762949150168e-01	2.382666939092875358e-01	1.432233004732722248e-01	6.854688995313365507e-02	2.710877474731275549e-02	7.044294688984495401e-02
1.028993724444478858e+03	2.735379573470632097e-01	1.784613998558658432e-01	2.384409647714016145e-01	1.433266059544728022e-01	6.858660352077589062e-02	2.713541101884530196e-02	7.051105753127663578e-02
1.030445055508575479e+03	2.732818564286336738e-01	1.783061757410380754e-01	2.386149034649999168e-01	1.434297120484227805e-01	6.862624812758029436e-02	2.716203900177639047e-02	7.057906518725015621e-02
1.031896386572671872e+03	2.730262141437965751e-01	1.781512035258260573e-01	2.387885106723246775e-01	1.435326194099636743e-01	6.866582389638514750e-02	2.718865846339558676e-02	7.064696988800953092e-02
1.033347717636768493e+03	2.727710296613809482e-01	1.779964827863762811e-01	2.389617870735939731e-01	1.436353286899172410e-01	6.870533094980676991e-02	2.721526917310980107e-02	7.071477166551620730e-02
1.034799048700865114e+03	2.725163021518896000e-01	1.778420130995858883e-01	2.391347333470146552e-01	1.437378405351187327e-01	6.874476941023993648e-02	2.724187090242787684e-02	7.078247055342450078e-02
1.036250379764961508e+03	2.722620307874945578e-01	1.776877940431009772e-01	2.393073501687949522e-01	1.438401555884498695e-01	6.878413939985832115e-02	2.726846342494527661e-02	7.085006658705719773e-02
1.037701710829058356e+03	2.720082147420319618e-01	1.775338251953151592e-01	2.394796382131572643e-01	1.439422744888713968e-01	6.882344104061492718e-02	2.729504651632885803e-02	7.091755980338161625e-02
1.039153041893154750e+03	2.717548531909972365e-01	1.773801061353678932e-01	2.396515981523504590e-01	1.440441978714555038e-01	6.886267445424251732e-02	2.732161995430177487e-02	7.098495024098580575e-02
1.040604372957251599e+03	2.715019453115403159e-01	1.772266364431429597e-01	2.398232306566623062e-01	1.441459263674178815e-01	6.890183976225408569e-02	2.734818351862845776e-02	7.105223794005513516e-02
1.042055704021347992e+03	2.712494902824609810e-01	1.770734156992669339e-01	2.399945363944316346e-01	1.442474606041493912e-01	6.894093708594321857e-02	2.737473699109969905e-02	7.111942294234922801e-02
1.043507035085444613e+03	2.709974872842039195e-01	1.769204434851076591e-01	2.401655160320605165e-01	1.443488012052475400e-01	6.897996654638458014e-02	2.740128015551784868e-02	7.118650529117902248e-02
1.044958366149541234e+03	2.707459354988538958e-01	1.767677193827726367e-01	2.403361702340260919e-01	1.444499487905477331e-01	6.901892826443437046e-02	2.742781279768210026e-02	7.125348503138424772e-02
1.046409697213637855e+03	2.704948341101312548e-01	1.766152429751075281e-01	2.405064996628924756e-01	1.445509039761539993e-01	6.905782236073068625e-02	2.745433470537388468e-02	7.132036220931119164e-02
1.047861028277734476e+03	2.702441823033872037e-01	1.764630138456946273e-01	2.406765049793224698e-01	1.446516673744696890e-01	6.909664895569402054e-02	2.748084566834232967e-02	7.138713687279064912e-02
1.049312359341831097e+03	2.699939792655990378e-01	1.763110315788513627e-01	2.408461868420891105e-01	1.447522395942278384e-01	6.913540816952759571e-02	2.750734547828987547e-02	7.145380907111620328e-02
1.050763690405927491e+03	2.697442241853654776e-01	1.761592957596287146e-01	2.410155459080872420e-01	1.448526212405210345e-01	6.917410012221787696e-02	2.753383392885792522e-02	7.152037885502279813e-02
1.052215021470024112e+03	2.694949162529021169e-01	1.760078059738097167e-01	2.411845828323447294e-01	1.449528129148313638e-01	6.921272493353496091e-02	2.756031081561263751e-02	7.158684627666554723e-02
1.053666352534120733e+03	2.692460546600368709e-01	1.758565618079080128e-01	2.413532982680337835e-01	1.450528152150596939e-01	6.925128272303301968e-02	2.758677593603079542e-02	7.165321138959880598e-02
1.055117683598217127e+03	2.689976386002054243e-01	1.757055628491663302e-01	2.415216928664820628e-01	1.451526287355550671e-01	6.928977361005068947e-02	2.761322908948575863e-02	7.171947424875554922e-02
1.056569014662313975e+03	2.687496672684466237e-01	1.755548086855549528e-01	2.416897672771836925e-01	1.452522540671436491e-01	6.932819771371152850e-02	2.763967007723354061e-02	7.178563491042692923e-02
1.058020345726410369e+03	2.685021398613978150e-01	1.754042989057701951e-01	2.418575221478101445e-01	1.453516917971572064e-01	6.936655515292440566e-02	2.766609870239895158e-02	7.185169343224218075e-02
1.059471676790506763e+03	2.682550555772906797e-01	1.752540330992329864e-01	2.420249581242210068e-01	1.454509425094617503e-01	6.940484604638393062e-02	2.769251476996185610e-02	7.191764987314870627e-02
1.060923007854603611e+03	2.680084136159464059e-01	1.751040108560873720e-01	2.421920758504746696e-01	1.455500067844855971e-01	6.944307051257091190e-02	2.771891808674350685e-02	7.198350429339242518e-02
1.062374338918700232e+03	2.677622131787714688e-01	1.749542317671990699e-01	2.423588759688388716e-01	1.456488851992472910e-01	6.948122866975270373e-02	2.774530846139297569e-02	7.204925675449845579e-02
1.063825669982796853e+03	2.675164534687531903e-01	1.748046954241538609e-01	2.425253591198012204e-01	1.457475783273833037e-01	6.951932063598369183e-02	2.777168570437368519e-02	7.211490731925185305e-02
1.065277001046893474e+03	2.672711336904553536e-01	1.746554014192563398e-01	2.426915259420794335e-01	1.458460867391752347e-01	6.955734652910562643e-02	2.779804962795002013e-02	7.218045605167877632e-02
1.066728332110990095e+03	2.670262530500134845e-01	1.745063493455282500e-01	2.428573770726317194e-01	1.459444110015772622e-01	6.959530646674813581e-02	2.782440004617403248e-02	7.224590301702783768e-02
1.068179663175086489e+03	2.667818107551310769e-01	1.743575387967071788e-01	2.430229131466667969e-01	1.460425516782427879e-01	6.963320056632907318e-02	2.785073677487224716e-02	7.231124828175160280e-02
1.069630994239183110e+03	2.665378060150747075e-01	1.742089693672449757e-01	2.431881347976539154e-01	1.461405093295512214e-01	6.967102894505491917e-02	2.787705963163253017e-02	7.237649191348842492e-02
1.071082325303279504e+03	2.662942380406700948e-01	1.740606406523064198e-01	2.433530426573330130e-01	1.462382845126343756e-01	6.970879171992122592e-02	2.790336843579108161e-02	7.244163398104448703e-02
1.072533656367376352e+03	2.660511060442976028e-01	1.739125522477677765e-01	2.435176373557242646e-01	1.463358777814026401e-01	6.974648900771303339e-02	2.792966300841949467e-02	7.250667455437598274e-02
1.073984987431472746e+03	2.658084092398880216e-01	1.737647037502152159e-01	2.436819195211380185e-01	1.464332896865707945e-01	6.978412092500525798e-02	2.795594317231189785e-02	7.257161370457168581e-02
1.075436318495569594e+03	2.655661468429182936e-01	1.736170947569435075e-01	2.438458897801843162e-01	1.465305207756839312e-01	6.982168758816308107e-02	2.798220875197219432e-02	7.263645150383553351e-02
1.076887649559666215e+03	2.653243180704074611e-01	1.734697248659546887e-01	2.440095487577825517e-01	1.466275715931427137e-01	6.985918911334240700e-02	2.800845957360140193e-02	7.270118802546968184e-02
1.078338980623762609e+03	2.650829221409121139e-01	1.733225936759563990e-01	2.441728970771708251e-01	1.467244426802287727e-01	6.989662561649023775e-02	2.803469546508505217e-02	7.276582334385750528e-02
1.079790311687859230e+03	2.648419582745226153e-01	1.731757007863606035e-01	2.443359353599153516e-01	1.468211345751296026e-01	6.993399721334504771e-02	2.806091625598069669e-02	7.283035753444697114e-02
1.081241642751955851e+03	2.646014256928586050e-01	1.730290457972822049e-01	2.444986642259197596e-01	1.469176478129633479e-01	6.997130401943724154e-02	2.808712177750546934e-02	7.289479067373424992e-02
1.082692973816052472e+03	2.643613236190651139e-01	1.728826283095375727e-01	2.446610842934340557e-01	1.470139829258034492e-01	7.000854615008954285e-02	2.811331186252376962e-02	7.295912283924739505e-02
1.084144304880149093e+03	2.641216512778080672e-01	1.727364479246432105e-01	2.448231961790640343e-01	1.471101404427028747e-01	7.004572372041735495e-02	2.813948634553502248e-02	7.302335410953035566e-02
1.085595635944245487e+03	2.638824078952706209e-01	1.725905042448142301e-01	2.449850004977799367e-01	1.472061208897183227e-01	7.008283684532920499e-02	2.816564506266149709e-02	7.308748456412710037e-02
1.087046967008342108e+03	2.636435926991488321e-01	1.724447968729631020e-01	2.451464978629255553e-01	1.473019247899340078e-01	7.011988563952714637e-02	2.819178785163622622e-02	7.315151428356601870e-02
1.088498298072438729e+03	2.634052049186476618e-01	1.722993254126981566e-01	2.453076888862270044e-01	1.473975526634854483e-01	7.015687021750711960e-02	2.821791455179101585e-02	7.321544334934447507e-02
1.089949629136535123e+03	2.631672437844768675e-01	1.721540894683222800e-01	2.454685741778014074e-01	1.474930050275828353e-01	7.019379069355939638e-02	2.824402500404451719e-02	7.327927184391354321e-02
1.091400960200631971e+03	2.629297085288470615e-01	1.720090886448315259e-01	2.456291543461655569e-01	1.475882823965344037e-01	7.023064718176888488e-02	2.827011905089040281e-02	7.334299985066300431e-02
1.092852291264728365e+03	2.626925983854656588e-01	1.718643225479136172e-01	2.457894299982444908e-01	1.476833852817693582e-01	7.026743979601567103e-02	2.829619653638560176e-02	7.340662745390642840e-02
1.094303622328825213e+03	2.624559125895329359e-01	1.717197907839467241e-01	2.459494017393799303e-01	1.477783141918607990e-01	7.030416864997528215e-02	2.832225730613862832e-02	7.347015473886651937e-02
1.095754953392921607e+03	2.622196503777379784e-01	1.715754929599981049e-01	2.461090701733386621e-01	1.478730696325483152e-01	7.034083385711911718e-02	2.834830120729798369e-02	7.353358179166065434e-02
1.097206284457018228e+03	2.619838109882549060e-01	1.714314286838225232e-01	2.462684359023208647e-01	1.479676521067603834e-01	7.037743553071489078e-02	2.837432808854065472e-02	7.359690869928654788e-02
1.098657615521114849e+03	2.617483936607388206e-01	1.712875975638612214e-01	2.464274995269682966e-01	1.480620621146366833e-01	7.041397378382695249e-02	2.840033780006066821e-02	7.366013554960816612e-02
1.100108946585211470e+03	2.615133976363218093e-01	1.711439992092402274e-01	2.465862616463725399e-01	1.481563001535500523e-01	7.045044872931671698e-02	2.842633019355773547e-02	7.372326243134172397e-02
1.101560277649308091e+03	2.612788221576092806e-01	1.710006332297692722e-01	2.467447228580830210e-01	1.482503667181282736e-01	7.048686047984303871e-02	2.845230512222596264e-02	7.378628943404198781e-02
1.103011608713404712e+03	2.610446664686759122e-01	1.708574992359403188e-01	2.469028837581148383e-01	1.483442623002758365e-01	7.052320914786261441e-02	2.847826244074266877e-02	7.384921664808863362e-02
1.104462939777501106e+03	2.608109298150618760e-01	1.707145968389261748e-01	2.470607449409569778e-01	1.484379873891953361e-01	7.055949484563034391e-02	2.850420200525725922e-02	7.391204416467282712e-02
1.105914270841597499e+03	2.605776114437690638e-01	1.705719256505793535e-01	2.472183069995798899e-01	1.485315424714086507e-01	7.059571768519974644e-02	2.853012367338015123e-02	7.397477207578401215e-02
1.107365601905694348e+03	2.603447106032570901e-01	1.704294852834304097e-01	2.473755705254433446e-01	1.486249280307780640e-01	7.063187777842332149e-02	2.855602730417183821e-02	7.403740047419679615e-02
1.108816932969790741e+03	2.601122265434396841e-01	1.702872753506869952e-01	2.475325361085041476e-01	1.487181445485270814e-01	7.066797523695295125e-02	2.858191275813197485e-02	7.409992945345801607e-02
1.110268264033887590e+03	2.598801585156809146e-01	1.701452954662322214e-01	2.476892043372236896e-01	1.488111925032611638e-01	7.070401017224028917e-02	2.860777989718855593e-02	7.416235910787404018e-02
1.111719595097984211e+03	2.596485057727911938e-01	1.700035452446234663e-01	2.478455757985755514e-01	1.489040723709882663e-01	7.073998269553709306e-02	2.863362858468717145e-02	7.422468953249815315e-02
1.113170926162080832e+03	2.594172675690237795e-01	1.698620243010911246e-01	2.480016510780528871e-01	1.489967846251390171e-01	7.077589291789568304e-02	2.865945868538033459e-02	7.428692082311806610e-02
1.114622257226177226e+03	2.591864431600709451e-01	1.697207322515371652e-01	2.481574307596758899e-01	1.490893297365870063e-01	7.081174095016926073e-02	2.868527006541689295e-02	7.434905307624374571e-02
1.116073588290273847e+03	2.589560318030603159e-01	1.695796687125338542e-01	2.483129154259990923e-01	1.491817081736686035e-01	7.084752690301229783e-02	2.871106259233148494e-02	7.441108638909525730e-02
1.117524919354370468e+03	2.587260327565510942e-01	1.694388333013225334e-01	2.484681056581186376e-01	1.492739204022028310e-01	7.088325088688095243e-02	2.873683613503411061e-02	7.447302085959077445e-02
1.118976250418467089e+03	2.584964452805305068e-01	1.692982256358122051e-01	2.486230020356794135e-01	1.493659668855109313e-01	7.091891301203340214e-02	2.876259056379972326e-02	7.453485658633476896e-02
1.120427581482563710e+03	2.582672686364100856e-01	1.691578453345783106e-01	2.487776051368822405e-01	1.494578480844357682e-01	7.095451338853024648e-02	2.878832575025794954e-02	7.459659366860640906e-02
1.121878912546660331e+03	2.580385020870219481e-01	1.690176920168613428e-01	2.489319155384909221e-01	1.495495644573611727e-01	7.099005212623488159e-02	2.881404156738283373e-02	7.465823220634797142e-02
1.123330243610756725e+03	2.578101448966153009e-01	1.688777653025656800e-01	2.490859338158391556e-01	1.496411164602308719e-01	7.102552933481384723e-02	2.883973788948267919e-02	7.471977230015354465e-02
1.124781574674853118e+03	2.575821963308527751e-01	1.687380648122582261e-01	2.492396605428375267e-01	1.497325045465675297e-01	7.106094512373722916e-02	2.886541459218995229e-02	7.478121405125778831e-02
1.126232905738949967e+03	2.573546556568069299e-01	1.685985901671671616e-01	2.493930962919803096e-01	1.498237291674915372e-01	7.109629960227903389e-02	2.889107155245125916e-02	7.484255756152483063e-02
1.127684236803046360e+03	2.571275221429564772e-01	1.684593409891805837e-01	2.495462416343523782e-01	1.499147907717393313e-01	7.113159287951754950e-02	2.891670864851738840e-02	7.490380293343734674e-02
1.129135567867143209e+03	2.569007950591828404e-01	1.683203169008453681e-01	2.496990971396357839e-01	1.500056898056821297e-01	7.116682506433572031e-02	2.894232575993341966e-02	7.496495027008578949e-02
1.130586898931239830e+03	2.566744736767666568e-01	1.681815175253657813e-01	2.498516633761165007e-01	1.500964267133439722e-01	7.120199626542149385e-02	2.896792276752891554e-02	7.502599967515770352e-02
1.132038229995336451e+03	2.564485572683842252e-01	1.680429424866022314e-01	2.500039409106910582e-01	1.501870019364198727e-01	7.123710659126825107e-02	2.899349955340816201e-02	7.508695125292720596e-02
1.133489561059432845e+03	2.562230451081039528e-01	1.679045914090700475e-01	2.501559303088729536e-01	1.502774159142938049e-01	7.127215615017511163e-02	2.901905600094049908e-02	7.514780510824459192e-02
1.134940892123529466e+03	2.559979364713829142e-01	1.677664639179382022e-01	2.503076321347993405e-01	1.503676690840563546e-01	7.130714505024732253e-02	2.904459199475069656e-02	7.520856134652612046e-02
1.136392223187626087e+03	2.557732306350632423e-01	1.676285596390280075e-01	2.504590469512373296e-01	1.504577618805224559e-01	7.134207339939664660e-02	2.907010742070940609e-02	7.526922007374382828e-02
1.137843554251722708e+03	2.555489268773689093e-01	1.674908781988119488e-01	2.506101753195902893e-01	1.505476947362487938e-01	7.137694130534168180e-02	2.909560216592368964e-02	7.532978139641560711e-02
1.139294885315819101e+03	2.553250244779020628e-01	1.673534192244123531e-01	2.507610177999042289e-01	1.506374680815510958e-01	7.141174887560829132e-02	2.912107611872759641e-02	7.539024542159528108e-02
1.140746216379915950e+03	2.551015227176395839e-01	1.672161823436001671e-01	2.509115749508741833e-01	1.507270823445212848e-01	7.144649621752989510e-02	2.914652916867281965e-02	7.545061225686293394e-02
1.142197547444012343e+03	2.548784208789299788e-01	1.670791671847937643e-01	2.510618473298502074e-01	1.508165379510444937e-01	7.148118343824790000e-02	2.917196120651940200e-02	7.551088201031520841e-02
1.143648878508108737e+03	2.546557182454895485e-01	1.669423733770576124e-01	2.512118354928434272e-01	1.509058353248159678e-01	7.151581064471199123e-02	2.919737212422652758e-02	7.557105479055586938e-02
1.145100209572205586e+03	2.544334141023992801e-01	1.668058005501011354e-01	2.513615399945324791e-01	1.509949748873576636e-01	7.155037794368057646e-02	2.922276181494337655e-02	7.563113070668640858e-02
1.146551540636302207e+03	2.542115077361014053e-01	1.666694483342773259e-01	2.515109613882693385e-01	1.510839570580349012e-01	7.158488544172107726e-02	2.924813017300000387e-02	7.569110986829684362e-02
1.148002871700398828e+03	2.539899984343959582e-01	1.665333163605817735e-01	2.516601002260850928e-01	1.511727822540727406e-01	7.161933324521033151e-02	2.927347709389833963e-02	7.575099238545657254e-02
1.149454202764495449e+03	2.537688854864377230e-01	1.663974042606512216e-01	2.518089570586962700e-01	1.512614508905722466e-01	7.165372146033489875e-02	2.929880247430321702e-02	7.581077836870532549e-02
1.150905533828591842e+03	2.535481681827325140e-01	1.662617116667623740e-01	2.519575324355103341e-01	1.513499633805265587e-01	7.168805019309149040e-02	2.932410621203347320e-02	7.587046792904426906e-02
1.152356864892688463e+03	2.533278458151339563e-01	1.661262382118307290e-01	2.521058269046316247e-01	1.514383201348369623e-01	7.172231954928727504e-02	2.934938820605309875e-02	7.593006117792727716e-02
1.153808195956785084e+03	2.531079176768404881e-01	1.659909835294094138e-01	2.522538410128673525e-01	1.515265215623286810e-01	7.175652963454026700e-02	2.937464835646248426e-02	7.598955822725225739e-02
1.155259527020881706e+03	2.528883830623916973e-01	1.658559472536877966e-01	2.524015753057328726e-01	1.516145680697666698e-01	7.179068055427965944e-02	2.939988656448967730e-02	7.604895918935250521e-02
1.156710858084978327e+03	2.526692412676653232e-01	1.657211290194904596e-01	2.525490303274577353e-01	1.517024600618710473e-01	7.182477241374617127e-02	2.942510273248175393e-02	7.610826417698837720e-02
1.158162189149074720e+03	2.524504915898738711e-01	1.655865284622758948e-01	2.526962066209910152e-01	1.517901979413325830e-01	7.185880531799243576e-02	2.945029676389620404e-02	7.616747330333888122e-02
1.159613520213171569e+03	2.522321333275613364e-01	1.654521452181352825e-01	2.528431047280069732e-01	1.518777821088279911e-01	7.189277937188331968e-02	2.947546856329241391e-02	7.622658668199346066e-02
1.161064851277267962e+03	2.520141657805999857e-01	1.653179789237914088e-01	2.529897251889108301e-01	1.519652129630351678e-01	7.192669468009629807e-02	2.950061803632318333e-02	7.628560442694390376e-02
1.162516182341364356e+03	2.517965882501873032e-01	1.651840292165973612e-01	2.531360685428436508e-01	1.520524909006480963e-01	7.196055134712178725e-02	2.952574508972632267e-02	7.634452665257626669e-02
1.163967513405461204e+03	2.515794000388425489e-01	1.650502957345353350e-01	2.532821353276882848e-01	1.521396163163917792e-01	7.199434947726351952e-02	2.955084963131628800e-02	7.640335347366299101e-02
1.165418844469557826e+03	2.513626004504037059e-01	1.649167781162155511e-01	2.534279260800744171e-01	1.522265896030371435e-01	7.202808917463886240e-02	2.957593156997588221e-02	7.646208500535509045e-02
1.166870175533654447e+03	2.511461887900244272e-01	1.647834760008749511e-01	2.535734413353841754e-01	1.523134111514154732e-01	7.206177054317919328e-02	2.960099081564803933e-02	7.652072136317444873e-02
1.168321506597751068e+03	2.509301643641704271e-01	1.646503890283760041e-01	2.537186816277571255e-01	1.524000813504330920e-01	7.209539368663021863e-02	2.962602727932761928e-02	7.657926266300618678e-02
1.169772837661847461e+03	2.507145264806169838e-01	1.645175168392056519e-01	2.538636474900955453e-01	1.524866005870855745e-01	7.212895870855237646e-02	2.965104087305329983e-02	7.663770902109119654e-02
1.171224168725944082e+03	2.504992744484452194e-01	1.643848590744740878e-01	2.540083394540698647e-01	1.525729692464722342e-01	7.216246571232111384e-02	2.967603150989951005e-02	7.669606055401866074e-02
1.172675499790040703e+03	2.502844075780392141e-01	1.642524153759134242e-01	2.541527580501234951e-01	1.526591877118100571e-01	7.219591480112727555e-02	2.970099910396842985e-02	7.675431737871879490e-02
1.174126830854137097e+03	2.500699251810830637e-01	1.641201853858768045e-01	2.542969038074779919e-01	1.527452563644478289e-01	7.222930607797745095e-02	2.972594357038202406e-02	7.681247961245554756e-02
1.175578161918233945e+03	2.498558265705574377e-01	1.639881687473369876e-01	2.544407772541382728e-01	1.528311755838800412e-01	7.226263964569427933e-02	2.975086482527416337e-02	7.687054737281956429e-02
1.177029492982330339e+03	2.496421110607367211e-01	1.638563651038852376e-01	2.545843789168975024e-01	1.529169457477605465e-01	7.229591560691683849e-02	2.977576278578276600e-02	7.692852077772108221e-02
1.178480824046426733e+03	2.494287779671859606e-01	1.637247740997302969e-01	2.547277093213420329e-01	1.530025672319163255e-01	7.232913406410096391e-02	2.980063737004204003e-02	7.698639994538303277e-02
1.179932155110523581e+03	2.492158266067576455e-01	1.635933953796970541e-01	2.548707689918565111e-01	1.530880404103610037e-01	7.236229511951962345e-02	2.982548849717472222e-02	7.704418499433410283e-02
1.181383486174620202e+03	2.490032562975887653e-01	1.634622285892255167e-01	2.550135584516283749e-01	1.531733656553082579e-01	7.239539887526318107e-02	2.985031608728443836e-02	7.710187604340211498e-02
1.182834817238716823e+03	2.487910663590978122e-01	1.633312733743695899e-01	2.551560782226530155e-01	1.532585433371851102e-01	7.242844543323981310e-02	2.987512006144805651e-02	7.715947321170719964e-02
1.184286148302813444e+03	2.485792561119817001e-01	1.632005293817959390e-01	2.552983288257386629e-01	1.533435738246451130e-01	7.246143489517581360e-02	2.989990034170814104e-02	7.721697661865530027e-02
1.185737479366910065e+03	2.483678248782126841e-01	1.630699962587828233e-01	2.554403107805107709e-01	1.534284574845814486e-01	7.249436736261595515e-02	2.992465685106542039e-02	7.727438638393162307e-02
1.187188810431006686e+03	2.481567719810355566e-01	1.629396736532189582e-01	2.555820246054170131e-01	1.535131946821398363e-01	7.252724293692378033e-02	2.994938951347134518e-02	7.733170262749423929e-02
1.188640141495103080e+03	2.479460967449644837e-01	1.628095612136024328e-01	2.557234708177318905e-01	1.535977857807314939e-01	7.256006171928200410e-02	2.997409825382067391e-02	7.738892546956774310e-02
1.190091472559199701e+03	2.477357984957800907e-01	1.626796585890395164e-01	2.558646499335615054e-01	1.536822311420456832e-01	7.259282381069280532e-02	2.999878299794412131e-02	7.744605503063699270e-02
1.191542803623296322e+03	2.475258765605265476e-01	1.625499654292434926e-01	2.560055624678479469e-01	1.537665311260625889e-01	7.262552931197814587e-02	3.002344367260105160e-02	7.750309143144097634e-02
1.192994134687392716e+03	2.473163302675085162e-01	1.624204813845336326e-01	2.561462089343737869e-01	1.538506860910656970e-01	7.265817832378018704e-02	3.004808020547223776e-02	7.756003479296667835e-02
1.194445465751489564e+03	2.471071589462882911e-01	1.622912061058339739e-01	2.562865898457670211e-01	1.539346963936541191e-01	7.269077094656152538e-02	3.007269252515265903e-02	7.761688523644309778e-02
1.195896796815585958e+03	2.468983619276828856e-01	1.621621392446721543e-01	2.564267057135052319e-01	1.540185623887551092e-01	7.272330728060558136e-02	3.009728056114435724e-02	7.767364288333530875e-02
1.197348127879682352e+03	2.466899385437611170e-01	1.620332804531784132e-01	2.565665570479201407e-01	1.541022844296360828e-01	7.275578742601693238e-02	3.012184424384932446e-02	7.773030785533857623e-02
1.198799458943779200e+03	2.464818881278405815e-01	1.619046293840844530e-01	2.567061443582020486e-01	1.541858628679168286e-01	7.278821148272160424e-02	3.014638350456247742e-02	7.778688027437265229e-02
1.200250790007875821e+03	2.462742100144848789e-01	1.617761856907221629e-01	2.568454681524040550e-01	1.542692980535814440e-01	7.282057955046747355e-02	3.017089827546465958e-02	7.784336026257603069e-02
1.201702121071972442e+03	2.460669035395007809e-01	1.616479490270226749e-01	2.569845289374465547e-01	1.543525903349902695e-01	7.285289172882451758e-02	3.019538848961568142e-02	7.789974794230029864e-02
1.203153452136069063e+03	2.458599680399352061e-01	1.615199190475151703e-01	2.571233272191215113e-01	1.544357400588916018e-01	7.288514811718518893e-02	3.021985408094743711e-02	7.795604343610465503e-02
1.204604783200165684e+03	2.456534028540724446e-01	1.613920954073257974e-01	2.572618635020968436e-01	1.545187475704334623e-01	7.291734881476476249e-02	3.024429498425704882e-02	7.801224686675038711e-02
1.206056114264262078e+03	2.454472073214313543e-01	1.612644777621765890e-01	2.574001382899205881e-01	1.546016132131751430e-01	7.294949392060161297e-02	3.026871113520006665e-02	7.806835835719545813e-02
1.207507445328358699e+03	2.452413807827624748e-01	1.611370657683843244e-01	2.575381520850248962e-01	1.546843373290986423e-01	7.298158353355757577e-02	3.029310247028373093e-02	7.812437803058920605e-02
1.208958776392455093e+03	2.450359225800451402e-01	1.610098590828593079e-01	2.576759053887305861e-01	1.547669202586202108e-01	7.301361775231826612e-02	3.031746892686026582e-02	7.818030601026705606e-02
1.210410107456551941e+03	2.448308320564848151e-01	1.608828573631045367e-01	2.578133987012510286e-01	1.548493623406014819e-01	7.304559667539339829e-02	3.034181044312021097e-02	7.823614241974534422e-02
1.211861438520648335e+03	2.446261085565101523e-01	1.607560602672143679e-01	2.579506325216964213e-01	1.549316639123607675e-01	7.307752040111711866e-02	3.036612695808583312e-02	7.829188738271619652e-02
1.213312769584745183e+03	2.444217514257703006e-01	1.606294674538735756e-01	2.580876073480775634e-01	1.550138253096840779e-01	7.310938902764832492e-02	3.039041841160455490e-02	7.834754102304244960e-02
1.214764100648841804e+03	2.442177600111320457e-01	1.605030785823561290e-01	2.582243236773102968e-01	1.550958468668362511e-01	7.314120265297102685e-02	3.041468474434244965e-02	7.840310346475266867e-02
1.216215431712937971e+03	2.440141336606771183e-01	1.603768933125241658e-01	2.583607820052192805e-01	1.551777289165716944e-01	7.317296137489461005e-02	3.043892589777777088e-02	7.845857483203627636e-02
1.217666762777034819e+03	2.438108717236992795e-01	1.602509113048269374e-01	2.584969828265419878e-01	1.552594717901454036e-01	7.320466529105415510e-02	3.046314181419453038e-02	7.851395524923858449e-02
1.219118093841131440e+03	2.436079735507017952e-01	1.601251322202997263e-01	2.586329266349327027e-01	1.553410758173235096e-01	7.323631449891084000e-02	3.048733243667613516e-02	7.856924484085611726e-02
1.220569424905228061e+03	2.434054384933944937e-01	1.599995557205626806e-01	2.587686139229665727e-01	1.554225413263940203e-01	7.326790909575216226e-02	3.051149770909904191e-02	7.862444373153182342e-02
1.222020755969324682e+03	2.432032659046911849e-01	1.598741814678198425e-01	2.589040451821432165e-01	1.555038686441773399e-01	7.329944917869235521e-02	3.053563757612648769e-02	7.867955204605042718e-02
1.223472087033421303e+03	2.430014551387068289e-01	1.597490091248579547e-01	2.590392209028906656e-01	1.555850580960367602e-01	7.333093484467261003e-02	3.055975198320224490e-02	7.873456990933380695e-02
1.224923418097517697e+03	2.428000055507548993e-01	1.596240383550454611e-01	2.591741415745694166e-01	1.556661100058887304e-01	7.336236619046150598e-02	3.058384087654443875e-02	7.878949744643647113e-02
1.226374749161614318e+03	2.425989164973446355e-01	1.594992688223314525e-01	2.593088076854759283e-01	1.557470246962132654e-01	7.339374331265519080e-02	3.060790420313938207e-02	7.884433478254107563e-02
1.227826080225710712e+03	2.423981873361783501e-01	1.593747001912445838e-01	2.594432197228466186e-01	1.558278024880640489e-01	7.342506630767785258e-02	3.063194191073547942e-02	7.889908204295401073e-02
1.229277411289807560e+03	2.421978174261488759e-01	1.592503321268919636e-01	2.595773781728615281e-01	1.559084437010785917e-01	7.345633527178187239e-02	3.065595394783716607e-02	7.895373935310098790e-02
1.230728742353903954e+03	2.419978061273366787e-01	1.591261642949581279e-01	2.597112835206479287e-01	1.559889486534881964e-01	7.348755030104828223e-02	3.067994026369888494e-02	7.900830683852283487e-02
1.232180073418000802e+03	2.417981528010074155e-01	1.590021963617039569e-01	2.598449362502842086e-01	1.560693176621280043e-01	7.351871149138701489e-02	3.070390080831912616e-02	7.906278462487115188e-02
1.233631404482097196e+03	2.415988568096091027e-01	1.588784279939657040e-01	2.599783368448034260e-01	1.561495510424467104e-01	7.354981893853722308e-02	3.072783553243447693e-02	7.911717283790417610e-02
1.235082735546193817e+03	2.413999175167696187e-01	1.587548588591537746e-01	2.601114857861969165e-01	1.562296491085164440e-01	7.358087273806759865e-02	3.075174438751374431e-02	7.917147160348265988e-02
1.236534066610290438e+03	2.412013342872940391e-01	1.586314886252518097e-01	2.602443835554180129e-01	1.563096121730424004e-01	7.361187298537666401e-02	3.077562732575210222e-02	7.922568104756576302e-02
1.237985397674387059e+03	2.410031064871618889e-01	1.585083169608155762e-01	2.603770306323854311e-01	1.563894405473724714e-01	7.364281977569313298e-02	3.079948430006530444e-02	7.927980129620700034e-02
1.239436728738483680e+03	2.408052334835246722e-01	1.583853435349719951e-01	2.605094274959869338e-01	1.564691345415067381e-01	7.367371320407618829e-02	3.082331526408388714e-02	7.933383247555036988e-02
1.240888059802580301e+03	2.406077146447032633e-01	1.582625680174179206e-01	2.606415746240829390e-01	1.565486944641069356e-01	7.370455336541581470e-02	3.084712017214748594e-02	7.938777471182634216e-02
1.242339390866676695e+03	2.404105493401852978e-01	1.581399900784193346e-01	2.607734724935099058e-01	1.566281206225059175e-01	7.373534035443304879e-02	3.087089897929913215e-02	7.944162813134809931e-02
1.243790721930773088e+03	2.402137369406225076e-01	1.580176093888100430e-01	2.609051215800837764e-01	1.567074133227167876e-01	7.376607426568038139e-02	3.089465164127961488e-02	7.949539286050760767e-02
1.245242052994869937e+03	2.400172768178282789e-01	1.578954256199909256e-01	2.610365223586034733e-01	1.567865728694421423e-01	7.379675519354199353e-02	3.091837811452189527e-02	7.954906902577198180e-02
1.246693384058966330e+03	2.398211683447749876e-01	1.577734384439286319e-01	2.611676753028545073e-01	1.568655995660832581e-01	7.382738323223411725e-02	3.094207835614554147e-02	7.960265675367969584e-02
1.248144715123063179e+03	2.396254108955914730e-01	1.576516475331546652e-01	2.612985808856119752e-01	1.569444937147491947e-01	7.385795847580529927e-02	3.096575232395120530e-02	7.965615617083696143e-02
1.249596046187159800e+03	2.394300038455604851e-01	1.575300525607644109e-01	2.614292395786442791e-01	1.570232556162656501e-01	7.388848101813673408e-02	3.098939997641514399e-02	7.970956740391413331e-02
1.251047377251256421e+03	2.392349465711162138e-01	1.574086532004160266e-01	2.615596518527162906e-01	1.571018855701838968e-01	7.391895095294254148e-02	3.101302127268379394e-02	7.976289057964210116e-02
1.252498708315352815e+03	2.390402384498416521e-01	1.572874491263293872e-01	2.616898181775927923e-01	1.571803838747896642e-01	7.394936837377014127e-02	3.103661617256836189e-02	7.981612582480882012e-02
1.253950039379449436e+03	2.388458788604662375e-01	1.571664400132851414e-01	2.618197390220417531e-01	1.572587508271118817e-01	7.397973337400047533e-02	3.106018463653946113e-02	7.986927326625586909e-02
1.255401370443546057e+03	2.386518671828631033e-01	1.570456255366236564e-01	2.619494148538375478e-01	1.573369867229313934e-01	7.401004604684836841e-02	3.108372662572179632e-02	7.992233303087502294e-02
1.256852701507642678e+03	2.384582027980467756e-01	1.569250053722439642e-01	2.620788461397641766e-01	1.574150918567894242e-01	7.404030648536280568e-02	3.110724210188888297e-02	7.997530524560489407e-02
1.258304032571739299e+03	2.382648850881706193e-01	1.568045791966027891e-01	2.622080333456185963e-01	1.574930665219962944e-01	7.407051478242722420e-02	3.113073102745778434e-02	8.002819003742756010e-02
1.259755363635835920e+03	2.380719134365243683e-01	1.566843466867134937e-01	2.623369769362140502e-01	1.575709110106398303e-01	7.410067103075988759e-02	3.115419336548393495e-02	8.008098753336535813e-02
1.261206694699932314e+03	2.378792872275315995e-01	1.565643075201451351e-01	2.624656773753828443e-01	1.576486256135936903e-01	7.413077532291409422e-02	3.117762907965594341e-02	8.013369786047760956e-02
1.262658025764028707e+03	2.376870058467472901e-01	1.564444613750213542e-01	2.625941351259800105e-01	1.577262106205258030e-01	7.416082775127852411e-02	3.120103813429047149e-02	8.018632114585748372e-02
1.264109356828125556e+03	2.374950686808553757e-01	1.563248079300194604e-01	2.627223506498860828e-01	1.578036663199065548e-01	7.419082840807754431e-02	3.122442049432714098e-02	8.023885751662879207e-02
1.265560687892221949e+03	2.373034751176663626e-01	1.562053468643693765e-01	2.628503244080102053e-01	1.578809929990170058e-01	7.422077738537148639e-02	3.124777612532347176e-02	8.029130709994297677e-02
1.267012018956318798e+03	2.371122245461147471e-01	1.560860778578526398e-01	2.629780568602937407e-01	1.579581909439569942e-01	7.425067477505699343e-02	3.127110499344985806e-02	8.034367002297596039e-02
1.268463350020415419e+03	2.369213163562566560e-01	1.559670005908013468e-01	2.631055484657126020e-01	1.580352604396532135e-01	7.428052066886726978e-02	3.129440706548460016e-02	8.039594641292523158e-02
1.269914681084511813e+03	2.367307499392674874e-01	1.558481147440972381e-01	2.632327996822809157e-01	1.581122017698672055e-01	7.431031515837237256e-02	3.131768230880892928e-02	8.044813639700677810e-02
1.271366012148608434e+03	2.365405246874393297e-01	1.557294199991707262e-01	2.633598109670537424e-01	1.581890152172032438e-01	7.434005833497955851e-02	3.134093069140211907e-02	8.050024010245221406e-02
1.272817343212705055e+03	2.363506399941787683e-01	1.556109160379997580e-01	2.634865827761301293e-01	1.582657010631162153e-01	7.436975028993356163e-02	3.136415218183658676e-02	8.055225765650590730e-02
1.274268674276801676e+03	2.361610952540043051e-01	1.554926025431089265e-01	2.636131155646562751e-01	1.583422595879193928e-01	7.439939111431684293e-02	3.138734674927307761e-02	8.060418918642209274e-02
1.275720005340898297e+03	2.359718898625439987e-01	1.553744791975685269e-01	2.637394097868282494e-01	1.584186910707922336e-01	7.442898089904996517e-02	3.141051436345582842e-02	8.065603481946205522e-02
1.277171336404994690e+03	2.357830232165331885e-01	1.552565456849934467e-01	2.638654658958951571e-01	1.584949957897879569e-01	7.445851973489184261e-02	3.143365499470782143e-02	8.070779468289142333e-02
1.278622667469091539e+03	2.355944947138120527e-01	1.551388016895422495e-01	2.639912843441620249e-01	1.585711740218411492e-01	7.448800771244003249e-02	3.145676861392603108e-02	8.075946890397735223e-02
1.280073998533187932e+03	2.354063037533231650e-01	1.550212468959161205e-01	2.641168655829925771e-01	1.586472260427753966e-01	7.451744492213104032e-02	3.147985519257674031e-02	8.081105760998590071e-02
1.281525329597284326e+03	2.352184497351092196e-01	1.549038809893579782e-01	2.642422100628122883e-01	1.587231521273106405e-01	7.454683145424062518e-02	3.150291470269084293e-02	8.086256092817936669e-02
1.282976660661381175e+03	2.350309320603107266e-01	1.547867036556514753e-01	2.643673182331112148e-01	1.587989525490706155e-01	7.457616739888404955e-02	3.152594711685924311e-02	8.091397898581362269e-02
1.284427991725477568e+03	2.348437501311635422e-01	1.546697145811199992e-01	2.644921905424468811e-01	1.588746275805902886e-01	7.460545284601639848e-02	3.154895240822821328e-02	8.096531191013560391e-02
1.285879322789574417e+03	2.346569033509966207e-01	1.545529134526256176e-01	2.646168274384470553e-01	1.589501774933230194e-01	7.463468788543294041e-02	3.157193055049488384e-02	8.101655982838071313e-02
1.287330653853671038e+03	2.344703911242297101e-01	1.544362999575682460e-01	2.647412293678126916e-01	1.590256025576479160e-01	7.466387260676927984e-02	3.159488151790265653e-02	8.106772286777032266e-02
1.288781984917767431e+03	2.342842128563709381e-01	1.543198737838846202e-01	2.648653967763204831e-01	1.591009030428769677e-01	7.469300709950173200e-02	3.161780528523672196e-02	8.111880115550933190e-02
1.290233315981864052e+03	2.340983679540145357e-01	1.542036346200472974e-01	2.649893301088259712e-01	1.591760792172620398e-01	7.472209145294761434e-02	3.164070182781960477e-02	8.116979481878366931e-02
