1.301360187473271253e+03	2.356637649894063047e-01	1.507394559862731132e-01	2.601069750967354155e-01	1.622057997987541578e-01	7.653436468261587411e-02	3.191593612317796674e-02	8.283370332273795600e-02
1.306197957686926657e+03	2.350831184082942671e-01	1.503316392170787885e-01	2.604753082901571370e-01	1.624747215887426544e-01	7.664589830248096092e-02	3.198799440284585266e-02	8.300131979010116900e-02
1.311035727900581833e+03	2.345058191036658857e-01	1.499260862808016737e-01	2.608414697690234485e-01	1.627421027547082955e-01	7.675676491971798743e-02	3.205978037759165539e-02	8.316797679419185574e-02
1.315873498114237009e+03	2.339318459423901653e-01	1.495227860494481031e-01	2.612054736889435902e-01	1.630079520708773988e-01	7.686696890529111370e-02	3.213129354349083394e-02	8.333367979925962454e-02
1.320711268327892412e+03	2.333611779881120118e-01	1.491217273950312394e-01	2.615673340857029294e-01	1.632722782602510359e-01	7.697651460077155339e-02	3.220253343140692254e-02	8.349843423842516488e-02
1.325549038541547588e+03	2.327937944973988982e-01	1.487228991918707333e-01	2.619270648771347410e-01	1.635350899949749026e-01	7.708540631821418632e-02	3.227349960627563796e-02	8.366224551383180663e-02
1.330386808755202765e+03	2.322296749160071838e-01	1.483262903187963222e-01	2.622846798649283717e-01	1.637963958967025568e-01	7.719364834006524345e-02	3.234419166640243454e-02	8.382511899679878642e-02
1.335224578968857941e+03	2.316687988752640925e-01	1.479318896612587253e-01	2.626401927363775646e-01	1.640562045369524380e-01	7.730124491909851070e-02	3.241460924277336786e-02	8.398706002797617920e-02
1.340062349182513572e+03	2.311111461885607954e-01	1.475396861133519144e-01	2.629936170660716610e-01	1.643145244374586422e-01	7.740820027837796991e-02	3.248475199837883021e-02	8.414807391750117604e-02
1.344900119396168748e+03	2.305566968479530743e-01	1.471496685797489545e-01	2.633449663175327360e-01	1.645713640705159519e-01	7.751451861124467047e-02	3.255461962754996330e-02	8.430816594515558315e-02
1.349737889609823924e+03	2.300054310208661246e-01	1.467618259775553824e-01	2.636942538448021067e-01	1.648267318593195085e-01	7.762020408132594418e-02	3.262421185530740841e-02	8.446734136052447273e-02
1.354575659823479100e+03	2.294573290468989446e-01	1.463761472380832040e-01	2.640414928939770478e-01	1.650806361782990450e-01	7.772526082256500657e-02	3.269352843672217179e-02	8.462560538315551384e-02
1.359413430037134731e+03	2.289123714347258420e-01	1.459926213085477043e-01	2.643866966047023759e-01	1.653330853534480394e-01	7.782969293926950138e-02	3.276256915628828620e-02	8.478296320271917763e-02
1.364251200250789907e+03	2.283705388590910601e-01	1.456112371536908145e-01	2.647298780116171257e-01	1.655840876626482050e-01	7.793350450617715641e-02	3.283133382730708816e-02	8.493941997916951148e-02
1.369088970464445310e+03	2.278318121578933042e-01	1.452319837573330663e-01	2.650710500457599816e-01	1.658336513359891795e-01	7.803669956853724610e-02	3.289982229128280561e-02	8.509498084290542663e-02
1.373926740678100487e+03	2.272961723293576708e-01	1.448548501238572095e-01	2.654102255359342966e-01	1.660817845560838280e-01	7.813928214220644541e-02	3.296803441732926165e-02	8.524965089493223569e-02
1.378764510891755890e+03	2.267636005292909540e-01	1.444798252796257176e-01	2.657474172100360299e-01	1.663284954583794106e-01	7.824125621375789541e-02	3.303597010158739605e-02	8.540343520702357860e-02
1.383602281105411066e+03	2.262340780684183872e-01	1.441068982743347604e-01	2.660826376963443263e-01	1.665737921314643932e-01	7.834262574060220363e-02	3.310362926665348648e-02	8.555633882188339034e-02
1.388440051319066470e+03	2.257075864097984053e-01	1.437360581823071415e-01	2.664158995247787876e-01	1.668176826173715377e-01	7.844339465111936638e-02	3.317101186101779203e-02	8.570836675330792409e-02
1.393277821532721646e+03	2.251841071663128746e-01	1.433672941037262005e-01	2.667472151281228832e-01	1.670601749118771628e-01	7.854356684480058581e-02	3.323811785851335521e-02	8.585952398634792704e-02
1.398115591746377049e+03	2.246636220982302368e-01	1.430005951658130658e-01	2.670765968432167181e-01	1.673012769647967135e-01	7.864314619239902437e-02	3.330494725777485843e-02	8.600981547747041378e-02
1.402953361960032225e+03	2.241461131108393179e-01	1.426359505239492009e-01	2.674040569121191591e-01	1.675409966802768602e-01	7.874213653608867769e-02	3.337150008170729903e-02	8.615924615472052295e-02
1.407791132173687402e+03	2.236315622521506397e-01	1.422733493627465762e-01	2.677296074832418160e-01	1.677793419170842404e-01	7.884054168963051945e-02	3.343777637696424693e-02	8.630782091788299915e-02
1.412628902387342805e+03	2.231199517106637609e-01	1.419127808970669646e-01	2.680532606124553796e-01	1.680163204888909245e-01	7.893836543854519661e-02	3.350377621343555989e-02	8.645554463864334183e-02
1.417466672600997981e+03	2.226112638131977350e-01	1.415542343729927488e-01	2.683750282641693130e-01	1.682519401645567181e-01	7.903561154029162261e-02	3.356949968374432769e-02	8.660242216074873212e-02
1.422304442814653157e+03	2.221054810227829357e-01	1.411976990687507094e-01	2.686949223123871189e-01	1.684862086684083826e-01	7.913228372445070546e-02	3.363494690275289911e-02	8.674845830016840453e-02
1.427142213028308333e+03	2.216025859366119455e-01	1.408431642955906837e-01	2.690129545417374035e-01	1.687191336805159980e-01	7.922838569291373867e-02	3.370011800707776312e-02	8.689365784525360237e-02
1.431979983241963964e+03	2.211025612840473997e-01	1.404906193986207585e-01	2.693291366484812932e-01	1.689507228369665770e-01	7.932392112007488616e-02	3.376501315461322150e-02	8.703802555689703346e-02
1.436817753455619140e+03	2.206053899246851191e-01	1.401400537576006911e-01	2.696434802414981458e-01	1.691809837301345987e-01	7.941889365302721993e-02	3.382963252406354787e-02	8.718156616869179865e-02
1.441655523669274316e+03	2.201110548464705607e-01	1.397914567876950842e-01	2.699559968432501678e-01	1.694099239089501829e-01	7.951330691176188015e-02	3.389397631448359122e-02	8.732428438708965401e-02
1.446493293882929493e+03	2.196195391638663674e-01	1.394448179401878152e-01	2.702666978907261042e-01	1.696375508791645448e-01	7.960716448936985823e-02	3.395804474482758128e-02	8.746618489155878751e-02
1.451331064096585123e+03	2.191308261160700710e-01	1.391001267031590494e-01	2.705755947363659986e-01	1.698638721036129229e-01	7.970046995224613906e-02	3.402183805350606632e-02	8.760727233474083220e-02
1.456168834310240300e+03	2.186448990652794522e-01	1.387573726021265885e-01	2.708826986489662469e-01	1.700888950024752044e-01	7.979322684029559187e-02	3.408535649795074729e-02	8.774755134260726896e-02
1.461006604523895703e+03	2.181617414950043909e-01	1.384165452006527464e-01	2.711880208145671656e-01	1.703126269535338855e-01	7.988543866714063746e-02	3.414860035418711137e-02	8.788702651461512139e-02
1.465844374737550879e+03	2.176813370084236254e-01	1.380776341009177233e-01	2.714915723373230172e-01	1.705350752924301161e-01	7.997710892032992847e-02	3.421156991641473993e-02	8.802570242386188737e-02
1.470682144951206283e+03	2.172036693267847263e-01	1.377406289442613396e-01	2.717933642403548289e-01	1.707562473129170533e-01	8.006824106154820930e-02	3.427426549659506883e-02	8.816358361723979076e-02
1.475519915164861459e+03	2.167287222878458153e-01	1.374055194116940160e-01	2.720934074665871671e-01	1.709761502671114375e-01	8.015883852682671729e-02	3.433668742404657331e-02	8.830067461558925579e-02
1.480357685378516862e+03	2.162564798443578906e-01	1.370722952243779158e-01	2.723917128795695364e-01	1.711947913657428100e-01	8.024890472675411113e-02	3.439883604504716252e-02	8.843697991385154888e-02
1.485195455592172038e+03	2.157869260625861207e-01	1.367409461440800555e-01	2.726882912642821233e-01	1.714121777784006206e-01	8.033844304668755210e-02	3.446071172244367237e-02	8.857250398122074042e-02
1.490033225805827215e+03	2.153200451208689969e-01	1.364114619735977696e-01	2.729831533279275524e-01	1.716283166337794763e-01	8.042745684696397945e-02	3.452231483526837369e-02	8.870725126129479221e-02
1.494870996019482618e+03	2.148558213082137902e-01	1.360838325571581131e-01	2.732763097007078201e-01	1.718432150199221409e-01	8.051594946311095569e-02	3.458364577836229442e-02	8.884122617222579843e-02
1.499708766233137567e+03	2.143942390229274797e-01	1.357580477807918129e-01	2.735677709365885169e-01	1.720568799844608976e-01	8.060392420605738684e-02	3.464470496200530020e-02	8.897443310686947715e-02
1.504546536446793198e+03	2.139352827712818761e-01	1.354340975726829321e-01	2.738575475140490600e-01	1.722693185348567746e-01	8.069138436234368772e-02	3.470549281155276694e-02	8.910687643293384308e-02
1.509384306660448374e+03	2.134789371662113577e-01	1.351119719034953592e-01	2.741456498368202710e-01	1.724805376386369660e-01	8.077833319433126713e-02	3.476600976707878293e-02	8.923856049312693661e-02
1.514222076874103550e+03	2.130251869260428865e-01	1.347916607866764815e-01	2.744320882346102941e-01	1.726905442236305321e-01	8.086477394041127753e-02	3.482625628302568610e-02	8.936948960530380348e-02
1.519059847087758726e+03	2.125740168732565549e-01	1.344731542787395984e-01	2.747168729638176377e-01	1.728993451782022683e-01	8.095070981521242104e-02	3.488623282785990876e-02	8.949966806261260011e-02
1.523897617301414357e+03	2.121254119332761090e-01	1.341564424795254895e-01	2.750000142082330568e-01	1.731069473514846302e-01	8.103614400980786725e-02	3.494593988373395632e-02	8.962910013363983852e-02
1.528735387515069533e+03	2.116793571332882817e-01	1.338415155324439443e-01	2.752815220797303342e-01	1.733133575536082438e-01	8.112107969192093593e-02	3.500537794615442982e-02	8.975779006255477088e-02
1.533573157728724709e+03	2.112358376010899375e-01	1.335283636246961114e-01	2.755614066189456812e-01	1.735185825559305839e-01	8.120552000612969723e-02	3.506454752365604360e-02	8.988574206925294130e-02
1.538410927942380113e+03	2.107948385639621669e-01	1.332169769874785858e-01	2.758396777959467583e-01	1.737226290912629034e-01	8.128946807407022579e-02	3.512344913748142311e-02	9.001296034949886338e-02
1.543248698156035516e+03	2.103563453475706946e-01	1.329073458961697596e-01	2.761163455108916476e-01	1.739255038540957754e-01	8.137292699463861967e-02	3.518208332126667587e-02	9.013944907506778181e-02
1.548086468369690692e+03	2.099203433748911274e-01	1.325994606704989642e-01	2.763914195946772789e-01	1.741272135008227750e-01	8.145589984419149276e-02	3.524045062073259682e-02	9.026521239388671236e-02
1.552924238583346096e+03	2.094868181651589611e-01	1.322933116746997095e-01	2.766649098095785297e-01	1.743277646499627465e-01	8.153838967674507943e-02	3.529855159338141785e-02	9.039025443017446870e-02
1.557762008797001272e+03	2.090557553328431240e-01	1.319888893176469624e-01	2.769368258498775548e-01	1.745271638823804872e-01	8.162039952417285416e-02	3.535638680819899737e-02	9.051457928458089830e-02
1.562599779010656675e+03	2.086271405866423345e-01	1.316861840529792160e-01	2.772071773424842345e-01	1.747254177415059340e-01	8.170193239640147209e-02	3.541395684536238070e-02	9.063819103432529944e-02
1.567437549224311852e+03	2.082009597285034708e-01	1.313851863792066255e-01	2.774759738475473525e-01	1.749225327335517666e-01	8.178299128160526621e-02	3.547126229595258529e-02	9.076109373333390851e-02
1.572275319437967255e+03	2.077771986526615322e-01	1.310858868398047106e-01	2.777432248590570030e-01	1.751185153277295681e-01	8.186357914639899591e-02	3.552830376167261106e-02	9.088329141237656839e-02
1.577113089651622431e+03	2.073558433447003357e-01	1.307882760232952357e-01	2.780089398054387262e-01	1.753133719564645976e-01	8.194369893602899968e-02	3.558508185457049527e-02	9.100478807920257818e-02
1.581950859865277607e+03	2.069368798806331955e-01	1.304923445633139334e-01	2.782731280501392068e-01	1.755071090156090363e-01	8.202335357456264076e-02	3.564159719676735644e-02	9.112558771867561302e-02
1.586788630078933011e+03	2.065202944260029205e-01	1.301980831386662096e-01	2.785357988922037564e-01	1.756997328646538736e-01	8.210254596507600422e-02	3.569785042019037874e-02	9.124569429290786682e-02
1.591626400292587959e+03	2.061060732350009084e-01	1.299054824733709979e-01	2.787969615668459689e-01	1.758912498269392666e-01	8.218127898983995649e-02	3.575384216631061901e-02	9.136511174139333447e-02
1.596464170506243590e+03	2.056942026496040854e-01	1.296145333366933439e-01	2.790566252460096597e-01	1.760816661898637892e-01	8.225955551050437298e-02	3.580957308588551824e-02	9.148384398114024763e-02
1.601301940719898766e+03	2.052846690987299161e-01	1.293252265431662495e-01	2.793147990389233115e-01	1.762709882050920163e-01	8.233737836828067258e-02	3.586504383870614543e-02	9.160189490680270552e-02
1.606139710933553943e+03	2.048774590974080934e-01	1.290375529526019693e-01	2.795714919926471365e-01	1.764592220887609142e-01	8.241475038412254817e-02	3.592025509334893785e-02	9.171926839081145921e-02
1.610977481147209119e+03	2.044725592459689933e-01	1.287515034700936756e-01	2.798267130926125890e-01	1.766463740216849543e-01	8.249167435890496225e-02	3.597520752693203483e-02	9.183596828350382157e-02
1.615815251360864750e+03	2.040699562292482283e-01	1.284670690460072429e-01	2.800804712631556614e-01	1.768324501495597001e-01	8.256815307360133860e-02	3.602990182487599696e-02	9.195199841325284174e-02
1.620653021574519926e+03	2.036696368158065207e-01	1.281842406759642616e-01	2.803327753680422973e-01	1.770174565831643121e-01	8.264418928945904685e-02	3.608433868066889677e-02	9.206736258659563299e-02
1.625490791788175102e+03	2.032715878571647872e-01	1.279030094008160312e-01	2.805836342109879755e-01	1.772013993985626923e-01	8.271978574817301366e-02	3.613851879563562824e-02	9.218206458836088191e-02
1.630328562001830505e+03	2.028757962870538500e-01	1.276233663066093094e-01	2.808330565361698006e-01	1.773842846373033522e-01	8.279494517205762683e-02	3.619244287871156013e-02	9.229610818179555254e-02
1.635166332215485909e+03	2.024822491206781094e-01	1.273453025245440684e-01	2.810810510287331532e-01	1.775661183066178928e-01	8.286967026421689086e-02	3.624611164622017906e-02	9.240949710869079958e-02
1.640004102429141085e+03	2.020909334539931490e-01	1.270688092309235628e-01	2.813276263152911238e-01	1.777469063796185689e-01	8.294396370871276458e-02	3.629952582165488911e-02	9.252223508950703501e-02
1.644841872642796488e+03	2.017018364629965532e-01	1.267938776470969309e-01	2.815727909644183957e-01	1.779266547954942712e-01	8.301782817073177778e-02	3.635268613546480815e-02	9.263432582349832856e-02
1.649679642856451665e+03	2.013149454030315200e-01	1.265204990393951068e-01	2.818165534871387989e-01	1.781053694597054260e-01	8.309126629674991327e-02	3.640559332484446381e-02	9.274577298883587839e-02
1.654517413070107068e+03	2.009302476081031297e-01	1.262486647190596001e-01	2.820589223374067034e-01	1.782830562441778122e-01	8.316428071469571248e-02	3.645824813352736143e-02	9.285658024273082956e-02
1.659355183283762244e+03	2.005477304902066882e-01	1.259783660421651408e-01	2.822999059125830823e-01	1.784597209874949630e-01	8.323687403411170194e-02	3.651065131158336835e-02	9.296675122155620419e-02
1.664192953497417420e+03	2.001673815386677824e-01	1.257095944095361906e-01	2.825395125539055807e-01	1.786353694950895410e-01	8.330904884631408491e-02	3.656280361521982436e-02	9.307628954096815177e-02
1.669030723711072824e+03	1.997891883194938545e-01	1.254423412666573756e-01	2.827777505469531438e-01	1.788100075394334354e-01	8.338080772455067069e-02	3.661470580658632984e-02	9.318519879602642220e-02
1.673868493924728000e+03	1.994131384747368230e-01	1.251765981035784792e-01	2.830146281221047055e-01	1.789836408602267503e-01	8.345215322415726333e-02	3.666635865358314900e-02	9.329348256131403394e-02
1.678706264138383403e+03	1.990392197218664450e-01	1.249123564548142162e-01	2.832501534549932698e-01	1.791562751645857099e-01	8.352308788271219087e-02	3.671776292967317279e-02	9.340114439105622057e-02
1.683544034352038352e+03	1.986674198531540869e-01	1.246496078992386097e-01	2.834843346669539965e-01	1.793279161272292310e-01	8.359361422018932175e-02	3.676891941369732353e-02	9.350818781923862788e-02
1.688381804565693983e+03	1.982977267350666817e-01	1.243883440599747592e-01	2.837171798254674582e-01	1.794985693906646085e-01	8.366373473910936054e-02	3.681982888969347750e-02	9.361461635972483097e-02
1.693219574779349159e+03	1.979301283076705942e-01	1.241285566042798355e-01	2.839486969445977338e-01	1.796682405653718395e-01	8.373345192468950593e-02	3.687049214671869052e-02	9.372043350637299097e-02
1.698057344993004335e+03	1.975646125840448408e-01	1.238702372434256904e-01	2.841788939854254514e-01	1.798369352299869772e-01	8.380276824499152677e-02	3.692090997867478186e-02	9.382564273315187331e-02
1.702895115206659511e+03	1.972011676497038846e-01	1.236133777325753025e-01	2.844077788564760012e-01	1.800046589314844014e-01	8.387168615106820047e-02	3.697108318413713790e-02	9.393024749425613051e-02
1.707732885420315142e+03	1.968397816620292284e-01	1.233579698706551570e-01	2.846353594141430299e-01	1.801714171853578683e-01	8.394020807710825260e-02	3.702101256618679781e-02	9.403425122422082172e-02
1.712570655633970318e+03	1.964804428497098077e-01	1.231040055002237954e-01	2.848616434631065508e-01	1.803372154758004775e-01	8.400833644057954797e-02	3.707069893224562707e-02	9.413765733803532154e-02
1.717408425847625494e+03	1.961231395121910137e-01	1.228514765073368542e-01	2.850866387567474458e-01	1.805020592558839176e-01	8.407607364237096315e-02	3.712014309391462041e-02	9.424046923125639630e-02
1.722246196061280898e+03	1.957678600191318508e-01	1.226003748214085504e-01	2.853103529975564157e-01	1.806659539477359910e-01	8.414342206693251058e-02	3.716934586681524405e-02	9.434269028012062797e-02
1.727083966274936301e+03	1.954145928098703910e-01	1.223506924150698921e-01	2.855327938375392116e-01	1.808289049427176665e-01	8.421038408241408868e-02	3.721830807043380318e-02	9.444432384165615812e-02
1.731921736488591478e+03	1.950633263928967798e-01	1.221024213040238920e-01	2.857539688786165932e-01	1.809909176015988552e-01	8.427696204080267761e-02	3.726703052796870308e-02	9.454537325379373802e-02
1.736759506702246881e+03	1.947140493453339560e-01	1.218555535468977269e-01	2.859738856730207335e-01	1.811519972547330493e-01	8.434315827805802246e-02	3.731551406618068001e-02	9.464584183547705698e-02
1.741597276915902057e+03	1.943667503124258955e-01	1.216100812450921359e-01	2.861925517236869054e-01	1.813121492022310988e-01	8.440897511424690081e-02	3.736375951524582156e-02	9.474573288677244631e-02
1.746435047129557461e+03	1.940214180070329864e-01	1.213659965426281823e-01	2.864099744846410056e-01	1.814713787141337964e-01	8.447441485367597480e-02	3.741176770861141809e-02	9.484504968897786159e-02
1.751272817343212637e+03	1.936780412091342607e-01	1.211232916259915721e-01	2.866261613613830805e-01	1.816296910305836010e-01	8.453947978502303340e-02	3.745953948285457580e-02	9.494379550473117102e-02
1.756110587556867813e+03	1.933366087653368148e-01	1.208819587239745447e-01	2.868411197112662459e-01	1.817870913619952511e-01	8.460417218146702723e-02	3.750707567754350130e-02	9.504197357811784708e-02
1.760948357770523216e+03	1.929971095883915022e-01	1.206419901075155010e-01	2.870548568438726633e-01	1.819435848892254348e-01	8.466849430081661854e-02	3.755437713510149933e-02	9.513958713477796425e-02
1.765786127984178393e+03	1.926595326567153987e-01	1.204033780895366335e-01	2.872673800213843553e-01	1.820991767637413217e-01	8.473244838563734338e-02	3.760144470067355860e-02	9.523663938201251677e-02
1.770623898197833569e+03	1.923238670139203466e-01	1.201661150247795018e-01	2.874786964589509664e-01	1.822538721077882062e-01	8.479603666337739987e-02	3.764827922199553284e-02	9.533313350888912574e-02
1.775461668411488745e+03	1.919901017683477706e-01	1.199301933096388190e-01	2.876888133250532498e-01	1.824076760145562914e-01	8.485926134649207642e-02	3.769488154926579210e-02	9.542907268634703843e-02
1.780299438625144376e+03	1.916582260926095183e-01	1.196956053819943355e-01	2.878977377418628358e-01	1.825605935483463060e-01	8.492212463256698651e-02	3.774125253501948302e-02	9.552446006730160033e-02
1.785137208838799552e+03	1.913282292231343606e-01	1.194623437210413225e-01	2.881054767855986132e-01	1.827126297447340397e-01	8.498462870443977690e-02	3.778739303400510674e-02	9.561929878674790828e-02
1.789974979052454728e+03	1.910001004597202678e-01	1.192304008471192639e-01	2.883120374868788915e-01	1.828637896107343230e-01	8.504677573032069782e-02	3.783330390306357399e-02	9.571359196186408902e-02
1.794812749266109904e+03	1.906738291650924289e-01	1.189997693215393421e-01	2.885174268310705115e-01	1.830140781249637305e-01	8.510856786391181317e-02	3.787898600100964713e-02	9.580734269211363396e-02
1.799650519479765535e+03	1.903494047644662401e-01	1.187704417464103962e-01	2.887216517586341236e-01	1.831635002378023125e-01	8.517000724452498950e-02	3.792444018851560961e-02	9.590055405934741484e-02
1.804488289693420711e+03	1.900268167451161228e-01	1.185424107644637709e-01	2.889247191654657487e-01	1.833120608715546329e-01	8.523109599719862206e-02	3.796966732799735011e-02	9.599322912790486662e-02
1.809326059907075887e+03	1.897060546559487804e-01	1.183156690588769017e-01	2.891266359032354516e-01	1.834597649206095860e-01	8.529183623281309801e-02	3.801466828350257010e-02	9.608537094471469864e-02
1.814163830120731291e+03	1.893871081070822027e-01	1.180902093530959845e-01	2.893274087797221839e-01	1.836066172515995187e-01	8.535223004820509385e-02	3.805944392060132270e-02	9.617698253939482855e-02
1.819001600334386467e+03	1.890699667694291097e-01	1.178660244106574939e-01	2.895270445591450748e-01	1.837526227035582160e-01	8.541227952628065168e-02	3.810399510627862640e-02	9.626806692435192769e-02
1.823839370548041643e+03	1.887546203742853645e-01	1.176431070350088814e-01	2.897255499624922237e-01	1.838977860880781079e-01	8.547198673612707576e-02	3.814832270882923676e-02	9.635862709488020317e-02
1.828677140761696819e+03	1.884410587129229375e-01	1.174214500693283730e-01	2.899229316678453294e-01	1.840421121894666168e-01	8.553135373312359402e-02	3.819242759775458990e-02	9.644866602925963872e-02
1.833514910975352450e+03	1.881292716361875617e-01	1.172010463963441274e-01	2.901191963107017102e-01	1.841856057649013390e-01	8.559038255905099257e-02	3.823631064366169591e-02	9.653818668885363885e-02
1.838352681189008081e+03	1.878192490541006621e-01	1.169818889381526311e-01	2.903143504842929379e-01	1.843282715445846154e-01	8.564907524219997348e-02	3.827997271816416247e-02	9.662719201820606230e-02
1.843190451402663257e+03	1.875109809354658930e-01	1.167639706560364005e-01	2.905084007399001966e-01	1.844701142318970477e-01	8.570743379747851332e-02	3.832341469378516136e-02	9.671568494513779757e-02
1.848028221616318433e+03	1.872044573074798102e-01	1.165472845502812799e-01	2.907013535871669219e-01	1.846111385035501262e-01	8.576546022651802825e-02	3.836663744386235170e-02	9.680366838084250580e-02
1.852865991829973609e+03	1.868996682553464850e-01	1.163318236599931443e-01	2.908932154944081083e-01	1.847513490097379973e-01	8.582315651777844279e-02	3.840964184245478086e-02	9.689114521998209995e-02
1.857703762043628785e+03	1.865966039218966144e-01	1.161175810629141714e-01	2.910839928889166761e-01	1.848907503742883984e-01	8.588052464665221764e-02	3.845242876425162409e-02	9.697811834078136350e-02
1.862541532257283961e+03	1.862952545072102672e-01	1.159045498752387798e-01	2.912736921572668947e-01	1.850293471948127322e-01	8.593756657556729517e-02	3.849499908448282548e-02	9.706459060512222237e-02
1.867379302470939592e+03	1.859956102682435997e-01	1.156927232514292497e-01	2.914623196456151977e-01	1.851671440428550586e-01	8.599428425408897625e-02	3.853735367883155682e-02	9.715056485863733660e-02
1.872217072684594768e+03	1.856976615184595947e-01	1.154820943840309255e-01	2.916498816599975008e-01	1.853041454640405317e-01	8.605067961902078399e-02	3.857949342334848070e-02	9.723604393080316488e-02
1.877054842898249490e+03	1.854013986274622161e-01	1.152726565034874612e-01	2.918363844666240769e-01	1.854403559782226985e-01	8.610675459450425895e-02	3.862141919436779675e-02	9.732103063503247387e-02
1.881892613111905121e+03	1.851068120206343093e-01	1.150644028779556627e-01	2.920218342921717114e-01	1.855757800796302426e-01	8.616251109211779668e-02	3.866313186842498806e-02	9.740552776876629237e-02
1.886730383325560297e+03	1.848138921787792210e-01	1.148573268131203307e-01	2.922062373240728594e-01	1.857104222370125901e-01	8.621795101097440295e-02	3.870463232217633692e-02	9.748953811356531052e-02
1.891568153539215928e+03	1.845226296377657227e-01	1.146514216520089779e-01	2.923895997108020839e-01	1.858442868937848769e-01	8.627307623781857449e-02	3.874592143232008512e-02	9.757306443520077921e-02
1.896405923752871104e+03	1.842330149881765688e-01	1.144466807748064918e-01	2.925719275621598836e-01	1.859773784681719444e-01	8.632788864712212518e-02	3.878700007551924567e-02	9.765610948374482680e-02
1.901243693966526507e+03	1.839450388749601095e-01	1.142430975986699071e-01	2.927532269495541351e-01	1.861097013533516142e-01	8.638239010117905459e-02	3.882786912832605214e-02	9.773867599366024839e-02
1.906081464180181683e+03	1.836586919970855103e-01	1.140406655775430406e-01	2.929335039062783141e-01	1.862412599175970740e-01	8.643658245019947284e-02	3.886852946710801782e-02	9.782076668388975382e-02
1.910919234393836859e+03	1.833739651072011090e-01	1.138393782019713474e-01	2.931127644277873867e-01	1.863720585044184586e-01	8.649046753240263730e-02	3.890898196797554220e-02	9.790238425794471622e-02
1.915757004607492036e+03	1.830908490112957143e-01	1.136392289989168747e-01	2.932910144719715340e-01	1.865021014327035709e-01	8.654404717410897618e-02	3.894922750671105799e-02	9.798353140399342076e-02
1.920594774821147894e+03	1.828093345683633464e-01	1.134402115315733539e-01	2.934682599594268804e-01	1.866313929968579366e-01	8.659732318983127952e-02	3.898926695869973230e-02	9.806421079494863358e-02
1.925432545034802843e+03	1.825294126900707803e-01	1.132423193991813765e-01	2.936445067737236680e-01	1.867599374669438872e-01	8.665029738236493251e-02	3.902910119886159046e-02	9.814442508855489300e-02
1.930270315248458019e+03	1.822510743404282263e-01	1.130455462368439995e-01	2.938197607616723772e-01	1.868877390888189216e-01	8.670297154287730235e-02	3.906873110158520790e-02	9.822417692747509310e-02
1.935108085462113195e+03	1.819743105354627855e-01	1.128498857153423934e-01	2.939940277335871266e-01	1.870148020842732073e-01	8.675534745099620915e-02	3.910815754066274130e-02	9.830346893937667863e-02
1.939945855675768371e+03	1.816991123428949029e-01	1.126553315409518224e-01	2.941673134635467979e-01	1.871411306511664430e-01	8.680742687489755027e-02	3.914738138922641691e-02	9.838230373701722931e-02
1.944783625889424002e+03	1.814254708818175965e-01	1.124618774552580414e-01	2.943396236896535512e-01	1.872667289635637777e-01	8.685921157139203652e-02	3.918640351968645519e-02	9.846068391832962785e-02
1.949621396103079178e+03	1.811533773223785726e-01	1.122695172349738313e-01	2.945109641142896195e-01	1.873916011718710084e-01	8.691070328601119277e-02	3.922522480367025138e-02	9.853861206650667282e-02
1.954459166316734354e+03	1.808828228854647557e-01	1.120782446917560488e-01	2.946813404043707729e-01	1.875157514029689720e-01	8.696190375309231779e-02	3.926384611196303415e-02	9.861609075008526126e-02
1.959296936530389530e+03	1.806137988423899554e-01	1.118880536720229107e-01	2.948507581915985609e-01	1.876391837603472723e-01	8.701281469586284734e-02	3.930226831444973146e-02	9.869312252302996080e-02
1.964134706744044706e+03	1.803462965145847252e-01	1.116989380567718904e-01	2.950192230727094467e-01	1.877619023242370344e-01	8.706343782652373187e-02	3.934049228005820353e-02	9.876970992481619305e-02
1.968972476957700337e+03	1.800803072732891363e-01	1.115108917613977096e-01	2.951867406097224977e-01	1.878839111517431326e-01	8.711377484633209267e-02	3.937851887670373863e-02	9.884585548051293136e-02
1.973810247171355968e+03	1.798158225392478271e-01	1.113239087355111373e-01	2.953533163301840236e-01	1.880052142769755019e-01	8.716382744568308694e-02	3.941634897123479087e-02	9.892156170086480182e-02
1.978648017385010689e+03	1.795528337824078002e-01	1.111379829627579807e-01	2.955189557274108814e-01	1.881258157111797835e-01	8.721359730419095402e-02	3.945398342937991853e-02	9.899683108237389284e-02
1.983485787598666320e+03	1.792913325216184406e-01	1.109531084606387163e-01	2.956836642607307830e-01	1.882457194428671099e-01	8.726308609076927070e-02	3.949142311569602687e-02	9.907166610738085688e-02
1.988323557812321269e+03	1.790313103243341974e-01	1.107692792803284809e-01	2.958474473557212714e-01	1.883649294379432793e-01	8.731229546371056804e-02	3.952866889351769331e-02	9.914606924414573474e-02
1.993161328025976900e+03	1.787727588063194317e-01	1.105864895064977010e-01	2.960103104044460309e-01	1.884834496398370141e-01	8.736122707076497684e-02	3.956572162490776257e-02	9.922004294692823856e-02
1.997999098239632076e+03	1.785156696313557889e-01	1.104047332571332501e-01	2.961722587656895334e-01	1.886012839696278032e-01	8.740988254921833178e-02	3.960258217060897562e-02	9.929358965606746579e-02
2.002836868453287707e+03	1.782600345109516260e-01	1.102240046833600912e-01	2.963332977651891298e-01	1.887184363261726339e-01	8.745826352596947073e-02	3.963925138999684766e-02	9.936671179806136345e-02
2.007674638666942428e+03	1.780058452040540473e-01	1.100442979692634743e-01	2.964934326958656441e-01	1.888349105862321964e-01	8.750637161760670135e-02	3.967573014103357304e-02	9.943941178564549843e-02
2.012512408880597604e+03	1.777530935167628556e-01	1.098656073317117871e-01	2.966526688180517457e-01	1.889507106045963669e-01	8.755420843048372648e-02	3.971201928022305427e-02	9.951169201787157803e-02
2.017350179094252780e+03	1.775017713020470012e-01	1.096879270201799178e-01	2.968110113597181576e-01	1.890658402142089689e-01	8.760177556079475070e-02	3.974811966256698581e-02	9.958355488018530433e-02
2.022187949307908411e+03	1.772518704594628625e-01	1.095112513165733409e-01	2.969684655166981990e-01	1.891803032262917295e-01	8.764907459464889306e-02	3.978403214152200634e-02	9.965500274450396490e-02
2.027025719521564042e+03	1.770033829348750531e-01	1.093355745350526320e-01	2.971250364529104404e-01	1.892941034304676529e-01	8.769610710814396137e-02	3.981975756895787810e-02	9.972603796929346842e-02
2.031863489735218764e+03	1.767563007201789493e-01	1.091608910218588024e-01	2.972807293005787499e-01	1.894072445948835337e-01	8.774287466743944941e-02	3.985529679511668616e-02	9.979666289964490844e-02
2.036701259948874394e+03	1.765106158530254932e-01	1.089871951551391327e-01	2.974355491604516732e-01	1.895197304663320259e-01	8.778937882882895116e-02	3.989065066857300917e-02	9.986687986735083566e-02
2.041539030162529116e+03	1.762663204165482167e-01	1.088144813447737419e-01	2.975895011020186498e-01	1.896315647703726848e-01	8.783562113881189515e-02	3.992582003619511710e-02	9.993669119098085030e-02
2.046376800376184747e+03	1.760234065390918479e-01	1.086427440322027121e-01	2.977425901637253958e-01	1.897427512114525927e-01	8.788160313416454317e-02	3.996080574310709177e-02	1.000060991759570000e-01
2.051214570589840150e+03	1.757818663939433868e-01	1.084719776902540317e-01	2.978948213531869560e-01	1.898532934730260413e-01	8.792732634201042008e-02	3.999560863265191196e-02	1.000751061146285398e-01
2.056052340803495554e+03	1.755416921990647083e-01	1.083021768229721210e-01	2.980461996473986463e-01	1.899631952176738525e-01	8.797279227989006356e-02	4.003022954635549607e-02	1.001437142863463720e-01
2.060890111017150957e+03	1.753028762168274690e-01	1.081333359654469695e-01	2.981967299929463855e-01	1.900724600872217285e-01	8.801800245583013549e-02	4.006466932389156355e-02	1.002119259575370569e-01
2.065727881230805451e+03	1.750654107537497062e-01	1.079654496836440908e-01	2.983464173062136959e-01	1.901810917028580739e-01	8.806295836841192270e-02	4.009892880304751633e-02	1.002797433817763234e-01
2.070565651444461309e+03	1.748292881602343529e-01	1.077985125742351447e-01	2.984952664735882610e-01	1.902890936652510689e-01	8.810766150683917164e-02	4.013300881969111139e-02	1.003471687998622464e-01
2.075403421658116713e+03	1.745945008303096957e-01	1.076325192644292106e-01	2.986432823516659285e-01	1.903964695546651320e-01	8.815211335100542334e-02	4.016691020773803522e-02	1.004142044398878691e-01
2.080241191871772116e+03	1.743610412013716637e-01	1.074674644118048111e-01	2.987904697674536592e-01	1.905032229310766878e-01	8.819631537156058521e-02	4.020063379912035273e-02	1.004808525173135902e-01
2.085078962085427065e+03	1.741289017539277839e-01	1.073033427041426568e-01	2.989368335185700332e-01	1.906093573342892422e-01	8.824026902997701705e-02	4.023418042375570547e-02	1.005471152350389391e-01
2.089916732299082469e+03	1.738980750113431617e-01	1.071401488592590989e-01	2.990823783734447017e-01	1.907148762840479295e-01	8.828397577861500645e-02	4.026755090951743277e-02	1.006129947834740745e-01
2.094754502512737417e+03	1.736685535395879887e-01	1.069778776248403174e-01	2.992271090715161175e-01	1.908197832801532545e-01	8.832743706078756418e-02	4.030074608220542143e-02	1.006784933406108112e-01
2.099592272726392821e+03	1.734403299469870485e-01	1.068165237782772170e-01	2.993710303234271008e-01	1.909240818025742248e-01	8.837065431082483102e-02	4.033376676551780893e-02	1.007436130720932438e-01
2.104430042940048224e+03	1.732133968839708049e-01	1.066560821265010728e-01	2.995141468112196281e-01	1.910277753115609267e-01	8.841362895413766576e-02	4.036661378102341519e-02	1.008083561312879545e-01
2.109267813153704083e+03	1.729877470428281550e-01	1.064965475058198968e-01	2.996564631885273999e-01	1.911308672477562698e-01	8.845636240728096955e-02	4.039928794813494456e-02	1.008727246593538324e-01
2.114105583367359031e+03	1.727633731574610143e-01	1.063379147817556380e-01	2.997979840807669660e-01	1.912333610323072863e-01	8.849885607801612208e-02	4.043179008408295805e-02	1.009367207853115178e-01
2.118943353581013525e+03	1.725402680031404845e-01	1.061801788488819925e-01	2.999387140853271294e-01	1.913352600669758208e-01	8.854111136537312632e-02	4.046412100389057409e-02	1.010003466261123611e-01
2.123781123794669384e+03	1.723184243962647133e-01	1.060233346306630325e-01	3.000786577717573511e-01	1.914365677342482752e-01	8.858312965971208708e-02	4.049628152034889100e-02	1.010636042867070622e-01
2.128618894008324787e+03	1.720978351941182538e-01	1.058673770792925989e-01	3.002178196819543232e-01	1.915372873974451329e-01	8.862491234278416230e-02	4.052827244399309636e-02	1.011264958601139075e-01
2.133456664221980191e+03	1.718784932946332278e-01	1.057123011755344288e-01	3.003562043303464324e-01	1.916374224008295379e-01	8.866646078779197304e-02	4.056009458307930499e-02	1.011890234274865491e-01
2.138294434435635139e+03	1.716603916361520155e-01	1.055581019285630334e-01	3.004938162040777794e-01	1.917369760697154313e-01	8.870777635944956940e-02	4.059174874356209078e-02	1.012511890581814789e-01
2.143132204649290543e+03	1.714435231971914719e-01	1.054047743758053518e-01	3.006306597631900335e-01	1.918359517105751033e-01	8.874886041404171644e-02	4.062323572907264313e-02	1.013129948098250716e-01
2.147969974862945492e+03	1.712278809962088089e-01	1.052523135827831274e-01	3.007667394408030659e-01	1.919343526111458587e-01	8.878971429948284699e-02	4.065455634089759629e-02	1.013744427283801708e-01
2.152807745076601350e+03	1.710134580913687807e-01	1.051007146429560751e-01	3.009020596432936401e-01	1.920321820405364588e-01	8.883033935537537618e-02	4.068571137795855275e-02	1.014355348482124941e-01
2.157645515290255844e+03	1.708002475803128972e-01	1.049499726775658670e-01	3.010366247504738801e-01	1.921294432493326210e-01	8.887073691306754397e-02	4.071670163679221716e-02	1.014962731921564415e-01
2.162483285503912157e+03	1.705882425999294683e-01	1.048000828354807012e-01	3.011704391157665750e-01	1.922261394697021841e-01	8.891090829571077214e-02	4.074752791153107845e-02	1.015566597715806402e-01
2.167321055717567106e+03	1.703774363261257863e-01	1.046510402930409117e-01	3.013035070663808712e-01	1.923222739154994698e-01	8.895085481831653540e-02	4.077819099388484830e-02	1.016166965864530591e-01
2.172158825931222509e+03	1.701678219736013076e-01	1.045028402539050216e-01	3.014358329034850792e-01	1.924178497823691159e-01	8.899057778781271910e-02	4.080869167312239226e-02	1.016763856254057907e-01
2.176996596144877003e+03	1.699593927956226935e-01	1.043554779488968381e-01	3.015674209023791463e-01	1.925128702478494103e-01	8.903007850309954674e-02	4.083903073605427841e-02	1.017357288657994574e-01
2.181834366358532861e+03	1.697521420838000172e-01	1.042089486358531436e-01	3.016982753126651873e-01	1.926073384714749315e-01	8.906935825510493843e-02	4.086920896701592282e-02	1.017947282737872161e-01
2.186672136572187810e+03	1.695460631678644969e-01	1.040632475994722611e-01	3.018284003584167929e-01	1.927012575948785222e-01	8.910841832683952246e-02	4.089922714785129004e-02	1.018533858043784573e-01
2.191509906785843214e+03	1.693411494154477004e-01	1.039183701511632724e-01	3.019578002383471738e-01	1.927946307418929861e-01	8.914725999345103624e-02	4.092908605789714882e-02	1.019117034015020185e-01
2.196347676999498617e+03	1.691373942318621648e-01	1.037743116288960821e-01	3.020864791259758042e-01	1.928874610186517846e-01	8.918588452227840802e-02	4.095878647396789668e-02	1.019696829980691749e-01
2.201185447213154021e+03	1.689347910598833213e-01	1.036310673970522039e-01	3.022144411697937905e-01	1.929797515136896513e-01	8.922429317290528350e-02	4.098832917034087725e-02	1.020273265160361598e-01
2.206023217426809424e+03	1.687333333795328905e-01	1.034886328462763794e-01	3.023416904934280169e-01	1.930715052980420954e-01	8.926248719721316394e-02	4.101771491874230124e-02	1.020846358664664472e-01
2.210860987640464373e+03	1.685330147078636653e-01	1.033470033933288484e-01	3.024682311958038494e-01	1.931627254253447390e-01	8.930046783943403066e-02	4.104694448833359072e-02	1.021416129495925362e-01
2.215698757854119776e+03	1.683338285987454885e-01	1.032061744809385090e-01	3.025940673513067836e-01	1.932534149319320160e-01	8.933823633620262272e-02	4.107601864569831313e-02	1.021982596548774713e-01
2.220536528067775180e+03	1.681357686426528386e-01	1.030661415776566864e-01	3.027192030099428166e-01	1.933435768369351770e-01	8.937579391660817330e-02	4.110493815482956642e-02	1.022545778610759598e-01
2.225374298281430583e+03	1.679388284664535269e-01	1.029269001777118470e-01	3.028436421974972093e-01	1.934332141423797113e-01	8.941314180224582686e-02	4.113370377711787762e-02	1.023105694362952262e-01
2.230212068495085077e+03	1.677430017331988654e-01	1.027884458008648527e-01	3.029673889156924149e-01	1.935223298332825748e-01	8.945028120726750132e-02	4.116231627133956628e-02	1.023662362380553803e-01
2.235049838708740936e+03	1.675482821419150004e-01	1.026507739922652013e-01	3.030904471423449542e-01	1.936109268777483905e-01	8.948721333843245862e-02	4.119077639364559368e-02	1.024215801133495779e-01
2.239887608922396339e+03	1.673546634273957168e-01	1.025138803223078487e-01	3.032128208315203466e-01	1.936990082270653446e-01	8.952393939515734811e-02	4.121908489755083532e-02	1.024766028987037642e-01
2.244725379136052197e+03	1.671621393599963812e-01	1.023777603864908931e-01	3.033345139136875424e-01	1.937865768158006097e-01	8.956046056956590284e-02	4.124724253392388074e-02	1.025313064202360708e-01
2.249563149349706237e+03	1.669707037454292442e-01	1.022424098052738817e-01	3.034555302958719114e-01	1.938736355618949636e-01	8.959677804653824740e-02	4.127525005097720801e-02	1.025856924937158660e-01
2.254400919563362095e+03	1.667803504245600477e-01	1.021078242239370354e-01	3.035758738618070107e-01	1.939601873667571863e-01	8.963289300375967827e-02	4.130310819425784402e-02	1.026397629246225685e-01
2.259238689777017044e+03	1.665910732732057142e-01	1.019739993124411104e-01	3.036955484720853526e-01	1.940462351153576237e-01	8.966880661176919454e-02	4.133081770663839249e-02	1.026935195082039481e-01
2.264076459990672902e+03	1.664028662019334803e-01	1.018409307652880236e-01	3.038145579643078964e-01	1.941317816763215021e-01	8.970452003400755658e-02	4.135837932830855462e-02	1.027469640295342740e-01
