1.001418434226643626e+03	2.784528787489288781e-01	1.815342197536514435e-01	2.349210796062031759e-01	1.413118193349104934e-01	6.792113636891797257e-02	2.666102738793016749e-02	6.919783879915861191e-02
1.002869765290740247e+03	2.781874524489177936e-01	1.813750382224115221e-01	2.350984139050725230e-01	1.414196552674621410e-01	6.796354374905241857e-02	2.668850632462402284e-02	6.926739008216027671e-02
1.004321096354836754e+03	2.779225040853757767e-01	1.812161129963271444e-01	2.352753930999689769e-01	1.415272825541874779e-01	6.800587680371110444e-02	2.671598611248424127e-02	6.933684434764597615e-02
1.005772427418933376e+03	2.776580327847544272e-01	1.810574436415672839e-01	2.354520180697385889e-01	1.416347018044541439e-01	6.804813566608147735e-02	2.674346639174518536e-02	6.940620164135967440e-02
1.007223758483029997e+03	2.773940376752518366e-01	1.808990297251195645e-01	2.356282896901989443e-01	1.417419136247224931e-01	6.809032046910838687e-02	2.677094680608494218e-02	6.947546200921470017e-02
1.008675089547126618e+03	2.771305178868080366e-01	1.807408708147883181e-01	2.358042088341502640e-01	1.418489186185633300e-01	6.813243134549457070e-02	2.679842700259556579e-02	6.954462549730079657e-02
1.010126420611223239e+03	2.768674725511006129e-01	1.805829664791927247e-01	2.359797763713864793e-01	1.419557173866754507e-01	6.817446842770120974e-02	2.682590663175359047e-02	6.961369215189085191e-02
1.011577751675319632e+03	2.766049008015400434e-01	1.804253162877647310e-01	2.361549931687065285e-01	1.420623105269030462e-01	6.821643184794826120e-02	2.685338534739080754e-02	6.968266201944750549e-02
1.013029082739416367e+03	2.763428017732654784e-01	1.802679198107471625e-01	2.363298600899252644e-01	1.421686986342531600e-01	6.825832173821502757e-02	2.688086280666531977e-02	6.975153514662955911e-02
1.014480413803512761e+03	2.760811746031399116e-01	1.801107766191918647e-01	2.365043779958848347e-01	1.422748823009127028e-01	6.830013823024067010e-02	2.690833867003284557e-02	6.982031158029813889e-02
1.015931744867609382e+03	2.758200184297462387e-01	1.799538862849575926e-01	2.366785477444656727e-01	1.423808621162659382e-01	6.834188145552455573e-02	2.693581260121830426e-02	6.988899136752275976e-02
1.017383075931706003e+03	2.755593323933822614e-01	1.797972483807082078e-01	2.368523701905977386e-01	1.424866386669111917e-01	6.838355154532682612e-02	2.696328426718763716e-02	6.995757455558725135e-02
1.018834406995802851e+03	2.752991156360569125e-01	1.796408624799107345e-01	2.370258461862715937e-01	1.425922125366779203e-01	6.842514863066882780e-02	2.699075333811990635e-02	7.002606119199528134e-02
1.020285738059899245e+03	2.750393673014852602e-01	1.794847281568335007e-01	2.371989765805496975e-01	1.426975843066435046e-01	6.846667284233359796e-02	2.701821948737962928e-02	7.009445132447601756e-02
1.021737069123995752e+03	2.747800865350846777e-01	1.793288449865441114e-01	2.373717622195774812e-01	1.428027545551499300e-01	6.850812431086630849e-02	2.704568239148937014e-02	7.016274500098937383e-02
1.023188400188092373e+03	2.745212724839700136e-01	1.791732125449076451e-01	2.375442039465945343e-01	1.429077238578204678e-01	6.854950316657475173e-02	2.707314173010259145e-02	7.023094226973124188e-02
1.024639731252188767e+03	2.742629242969497616e-01	1.790178304085847660e-01	2.377163026019457059e-01	1.430124927875760787e-01	6.859080953952979842e-02	2.710059718597672071e-02	7.029904317913847345e-02
1.026091062316285615e+03	2.740050411245212314e-01	1.788626981550296424e-01	2.378880590230924019e-01	1.431170619146519829e-01	6.863204355956582792e-02	2.712804844494650855e-02	7.036704777789376530e-02
1.027542393380382237e+03	2.737476221188665515e-01	1.787078153624883092e-01	2.380594740446235202e-01	1.432214318066137027e-01	6.867320535628128331e-02	2.715549519589758112e-02	7.043495611493030828e-02
1.028993724444478858e+03	2.734906664338484505e-01	1.785531816099967251e-01	2.382305484982669141e-01	1.433256030283735494e-01	6.871429505903903223e-02	2.718293713074024925e-02	7.050276823943636695e-02
1.030445055508575479e+03	2.732341732250057054e-01	1.783987964773787460e-01	2.384012832129001891e-01	1.434295761422064996e-01	6.875531279696686648e-02	2.721037394438356738e-02	7.057048420085967888e-02
1.031896386572671872e+03	2.729781416495491442e-01	1.782446595452444604e-01	2.385716790145621380e-01	1.435333517077662657e-01	6.879625869895798773e-02	2.723780533470959372e-02	7.063810404891170125e-02
1.033347717636768493e+03	2.727225708663572057e-01	1.780907703949881904e-01	2.387417367264636214e-01	1.436369302821012828e-01	6.883713289367138222e-02	2.726523100254792456e-02	7.070562783357169090e-02
1.034799048700865114e+03	2.724674600359717203e-01	1.779371286087867432e-01	2.389114571689989475e-01	1.437403124196703630e-01	6.887793550953238975e-02	2.729265065165041929e-02	7.077305560509070115e-02
1.036250379764961508e+03	2.722128083205940241e-01	1.777837337695974407e-01	2.390808411597567518e-01	1.438434986723584885e-01	6.891866667473307839e-02	2.732006398866618224e-02	7.084038741399538430e-02
1.037701710829058356e+03	2.719586148840802964e-01	1.776305854611563428e-01	2.392498895135312109e-01	1.439464895894923824e-01	6.895932651723273021e-02	2.734747072311672841e-02	7.090762331109164152e-02
1.039153041893154750e+03	2.717048788919378399e-01	1.774776832679763328e-01	2.394186030423332001e-01	1.440492857178559682e-01	6.899991516475828535e-02	2.737487056737143362e-02	7.097476334746827265e-02
1.040604372957251599e+03	2.714515995113205848e-01	1.773250267753454512e-01	2.395869825554012567e-01	1.441518876017059136e-01	6.904043274480479997e-02	2.740226323662313737e-02	7.104180757450029304e-02
1.042055704021347992e+03	2.711987759110250362e-01	1.771726155693249261e-01	2.397550288592125711e-01	1.442542957827867567e-01	6.908087938463587652e-02	2.742964844886401632e-02	7.110875604385225035e-02
1.043507035085444613e+03	2.709464072614861663e-01	1.770204492367474236e-01	2.399227427574943672e-01	1.443565108003462827e-01	6.912125521128416328e-02	2.745702592486164162e-02	7.117560880748144414e-02
1.044958366149541234e+03	2.706944927347733065e-01	1.768685273652151335e-01	2.400901250512346152e-01	1.444585331911505122e-01	6.916156035155174298e-02	2.748439538813527913e-02	7.124236591764090964e-02
1.046409697213637855e+03	2.704430315045860955e-01	1.767168495430980479e-01	2.402571765386931901e-01	1.445603634894987999e-01	6.920179493201061849e-02	2.751175656493235616e-02	7.130902742688234597e-02
1.047861028277734476e+03	2.701920227462503710e-01	1.765654153595321296e-01	2.404238980154129457e-01	1.446620022272387673e-01	6.924195907900315694e-02	2.753910918420519188e-02	7.137559338805891940e-02
1.049312359341831097e+03	2.699414656367139509e-01	1.764142244044175356e-01	2.405902902742305116e-01	1.447634499337810687e-01	6.928205291864253379e-02	2.756645297758789429e-02	7.144206385432796957e-02
1.050763690405927491e+03	2.696913593545427479e-01	1.762632762684168408e-01	2.407563541052875344e-01	1.448647071361142125e-01	6.932207657681312141e-02	2.759378767937347571e-02	7.150843887915354913e-02
1.052215021470024112e+03	2.694417030799167168e-01	1.761125705429530675e-01	2.409220902960415023e-01	1.449657743588191328e-01	6.936203017917105806e-02	2.762111302649118347e-02	7.157471851630886617e-02
1.053666352534120733e+03	2.691924959946256912e-01	1.759621068202081584e-01	2.410874996312765695e-01	1.450666521240838169e-01	6.940191385114456712e-02	2.764842875848401785e-02	7.164090281987868514e-02
1.055117683598217127e+03	2.689437372820656647e-01	1.758118846931210622e-01	2.412525828931147143e-01	1.451673409517177382e-01	6.944172771793448440e-02	2.767573461748645131e-02	7.170699184426149175e-02
1.056569014662313975e+03	2.686954261272344602e-01	1.756619037553859841e-01	2.414173408610264526e-01	1.452678413591661777e-01	6.948147190451460509e-02	2.770303034820234891e-02	7.177298564417167182e-02
1.058020345726410369e+03	2.684475617167277894e-01	1.755121636014506381e-01	2.415817743118418570e-01	1.453681538615246016e-01	6.952114653563221114e-02	2.773031569788308309e-02	7.183888427464150961e-02
1.059471676790506763e+03	2.682001432387356443e-01	1.753626638265144144e-01	2.417458840197613534e-01	1.454682789715527336e-01	6.956075173580850146e-02	2.775759041630583915e-02	7.190468779102315855e-02
1.060923007854603611e+03	2.679531698830380781e-01	1.752134040265267423e-01	2.419096707563665738e-01	1.455682171996887375e-01	6.960028762933896662e-02	2.778485425575212206e-02	7.197039624899044530e-02
1.062374338918700232e+03	2.677066408410010423e-01	1.750643837981852580e-01	2.420731352906312084e-01	1.456679690540632621e-01	6.963975434029388845e-02	2.781210697098644366e-02	7.203600970454057673e-02
1.063825669982796853e+03	2.674605553055729446e-01	1.749156027389341117e-01	2.422362783889317195e-01	1.457675350405132630e-01	6.967915199251874248e-02	2.783934831923519371e-02	7.210152821399574974e-02
1.065277001046893474e+03	2.672149124712803747e-01	1.747670604469621358e-01	2.423991008150582216e-01	1.458669156625958807e-01	6.971848070963461430e-02	2.786657806016571912e-02	7.216695183400476110e-02
1.066728332110990095e+03	2.669697115342244409e-01	1.746187565212011794e-01	2.425616033302251950e-01	1.459661114216021793e-01	6.975774061503869916e-02	2.789379595586556279e-02	7.223228062154442297e-02
1.068179663175086489e+03	2.667249516920767727e-01	1.744706905613244707e-01	2.427237866930821442e-01	1.460651228165708304e-01	6.979693183190466277e-02	2.792100177082189674e-02	7.229751463392088129e-02
1.069630994239183110e+03	2.664806321440756909e-01	1.743228621677446466e-01	2.428856516597244497e-01	1.461639503443016574e-01	6.983605448318312703e-02	2.794819527190113909e-02	7.236265392877096192e-02
1.071082325303279504e+03	2.662367520910222662e-01	1.741752709416123646e-01	2.430471989837039160e-01	1.462625944993691529e-01	6.987510869160205862e-02	2.797537622832873758e-02	7.242769856406325313e-02
1.072533656367376352e+03	2.659933107352766002e-01	1.740279164848142490e-01	2.432084294160394844e-01	1.463610557741358009e-01	6.991409457966721308e-02	2.800254441166915437e-02	7.249264859809929906e-02
1.073984987431472746e+03	2.657503072807538835e-01	1.738807983999715034e-01	2.433693437052278086e-01	1.464593346587654832e-01	6.995301226966256503e-02	2.802969959580599302e-02	7.255750408951454344e-02
1.075436318495569594e+03	2.655077409329207883e-01	1.737339162904379952e-01	2.435299425972539678e-01	1.465574316412366351e-01	6.999186188365075223e-02	2.805684155692233020e-02	7.262226509727928714e-02
1.076887649559666215e+03	2.652656108987915817e-01	1.735872697602986181e-01	2.436902268356019308e-01	1.466553472073554021e-01	7.003064354347346421e-02	2.808397007348120006e-02	7.268693168069954857e-02
1.078338980623762609e+03	2.650239163869241299e-01	1.734408584143676268e-01	2.438501971612651864e-01	1.467530818407687676e-01	7.006935737075190018e-02	2.811108492620626939e-02	7.275150389941784090e-02
1.079790311687859230e+03	2.647826566074164556e-01	1.732946818581869719e-01	2.440098543127571795e-01	1.468506360229774599e-01	7.010800348688715766e-02	2.813818589806265161e-02	7.281598181341385201e-02
1.081241642751955851e+03	2.645418307719027418e-01	1.731487396980244953e-01	2.441691990261218581e-01	1.469480102333488580e-01	7.014658201306070429e-02	2.816527277423791498e-02	7.288036548300511064e-02
1.082692973816052472e+03	2.643014380935498897e-01	1.730030315408724040e-01	2.443282320349441650e-01	1.470452049491298152e-01	7.018509307023475252e-02	2.819234534212325047e-02	7.294465496884745825e-02
1.084144304880149093e+03	2.640614777870533003e-01	1.728575569944455770e-01	2.444869540703603905e-01	1.471422206454593984e-01	7.022353677915271764e-02	2.821940339129479572e-02	7.300885033193557638e-02
1.085595635944245487e+03	2.638219490686335988e-01	1.727123156671798165e-01	2.446453658610686643e-01	1.472390577953814894e-01	7.026191326033959239e-02	2.824644671349512901e-02	7.307295163360345847e-02
1.087046967008342108e+03	2.635828511560328602e-01	1.725673071682302939e-01	2.448034681333392804e-01	1.473357168698573305e-01	7.030022263410244665e-02	2.827347510261492627e-02	7.313695893552464578e-02
1.088498298072438729e+03	2.633441832685106676e-01	1.724225311074698286e-01	2.449612616110250773e-01	1.474321983377781531e-01	7.033846502053071881e-02	2.830048835467476043e-02	7.320087229971254661e-02
1.089949629136535123e+03	2.631059446268408375e-01	1.722779870954872505e-01	2.451187470155716808e-01	1.475285026659774734e-01	7.037664053949677090e-02	2.832748626780708448e-02	7.326469178852068609e-02
1.091400960200631971e+03	2.628681344533073116e-01	1.721336747435857906e-01	2.452759250660279666e-01	1.476246303192433884e-01	7.041474931065620779e-02	2.835446864223836044e-02	7.332841746464277555e-02
1.092852291264728365e+03	2.626307519717008820e-01	1.719895936637813871e-01	2.454327964790560535e-01	1.477205817603309546e-01	7.045279145344833516e-02	2.838143528027133738e-02	7.339204939111285131e-02
1.094303622328825213e+03	2.623937964073154161e-01	1.718457434688011320e-01	2.455893619689417939e-01	1.478163574499741784e-01	7.049076708709656192e-02	2.840838598626747868e-02	7.345558763130526081e-02
1.095754953392921607e+03	2.621572669869441374e-01	1.717021237720816329e-01	2.457456222476048224e-01	1.479119578468982565e-01	7.052867633060881658e-02	2.843532056662956276e-02	7.351903224893464872e-02
1.097206284457018228e+03	2.619211629388761842e-01	1.715587341877672367e-01	2.459015780246087135e-01	1.480073834078315387e-01	7.056651930277794971e-02	2.846223882978442254e-02	7.358238330805585981e-02
1.098657615521114849e+03	2.616854834928929452e-01	1.714155743307086699e-01	2.460572300071711405e-01	1.481026345875174344e-01	7.060429612218216411e-02	2.848914058616582728e-02	7.364564087306375850e-02
1.100108946585211470e+03	2.614502278802643964e-01	1.712726438164612341e-01	2.462125789001740339e-01	1.481977118387263204e-01	7.064200690718538955e-02	2.851602564819752383e-02	7.370880500869306240e-02
1.101560277649308091e+03	2.612153953337457701e-01	1.711299422612833077e-01	2.463676254061735182e-01	1.482926156122672812e-01	7.067965177593775461e-02	2.854289383027641680e-02	7.377187578001802304e-02
1.103011608713404712e+03	2.609809850875735582e-01	1.709874692821346520e-01	2.465223702254100979e-01	1.483873463569998219e-01	7.071723084637593360e-02	2.856974494875589091e-02	7.383485325245213449e-02
1.104462939777501106e+03	2.607469963774624588e-01	1.708452244966748856e-01	2.466768140558185385e-01	1.484819045198455256e-01	7.075474423622359066e-02	2.859657882192929990e-02	7.389773749174781414e-02
1.105914270841597499e+03	2.605134284406016021e-01	1.707032075232618462e-01	2.468309575930378308e-01	1.485762905457995997e-01	7.079219206299174061e-02	2.862339527001356299e-02	7.396052856399587538e-02
1.107365601905694348e+03	2.602802805156510524e-01	1.705614179809500919e-01	2.469848015304212663e-01	1.486705048779423111e-01	7.082957444397923463e-02	2.865019411513292785e-02	7.402322653562513899e-02
1.108816932969790741e+03	2.600475518427383115e-01	1.704198554894892359e-01	2.471383465590462070e-01	1.487645479574505325e-01	7.086689149627307949e-02	2.867697518130286546e-02	7.408583147340186414e-02
1.110268264033887590e+03	2.598152416634546547e-01	1.702785196693223924e-01	2.472915933677239664e-01	1.488584202236088727e-01	7.090414333674889547e-02	2.870373829441410715e-02	7.414834344442923497e-02
1.111719595097984211e+03	2.595833492208520221e-01	1.701374101415846218e-01	2.474445426430096351e-01	1.489521221138210838e-01	7.094133008207129110e-02	2.873048328221680311e-02	7.421076251614668051e-02
1.113170926162080832e+03	2.593518737594392998e-01	1.699965265281012938e-01	2.475971950692119616e-01	1.490456540636212468e-01	7.097845184869427948e-02	2.875720997430485093e-02	7.427308875632926410e-02
1.114622257226177226e+03	2.591208145251787665e-01	1.698558684513866712e-01	2.477495513284030393e-01	1.491390165066847906e-01	7.101550875286168074e-02	2.878391820210031080e-02	7.433532223308694786e-02
1.116073588290273847e+03	2.588901707654829298e-01	1.697154355346422727e-01	2.479016121004280759e-01	1.492322098748395942e-01	7.105250091060752449e-02	2.881060779883799772e-02	7.439746301486387103e-02
1.117524919354370468e+03	2.586599417292107517e-01	1.695752274017552630e-01	2.480533780629150808e-01	1.493252345980770057e-01	7.108942843775641063e-02	2.883727859955018819e-02	7.445951117043757284e-02
1.118976250418467089e+03	2.584301266666647057e-01	1.694352436772969539e-01	2.482048498912844403e-01	1.494180911045626670e-01	7.112629144992398122e-02	2.886393044105143788e-02	7.452146676891810428e-02
1.120427581482563710e+03	2.582007248295868362e-01	1.692954839865213890e-01	2.483560282587586876e-01	1.495107798206473937e-01	7.116309006251725355e-02	2.889056316192358323e-02	7.458332987974719552e-02
1.121878912546660331e+03	2.579717354711557054e-01	1.691559479553635115e-01	2.485069138363720231e-01	1.496033011708779170e-01	7.119982439073500868e-02	2.891717660250079855e-02	7.464510057269738152e-02
1.123330243610756725e+03	2.577431578459828398e-01	1.690166352104380265e-01	2.486575072929798069e-01	1.496956555780075970e-01	7.123649454956826332e-02	2.894377060485485778e-02	7.470677891787096125e-02
1.124781574674853118e+03	2.575149912101094563e-01	1.688775453790374859e-01	2.488078092952682452e-01	1.497878434630069422e-01	7.127310065380060289e-02	2.897034501278044835e-02	7.476836498569912337e-02
1.126232905738949967e+03	2.572872348210031301e-01	1.687386780891310389e-01	2.489578205077637163e-01	1.498798652450743230e-01	7.130964281800858395e-02	2.899689967178066541e-02	7.482985884694084988e-02
1.127684236803046360e+03	2.570598879375542434e-01	1.686000329693627953e-01	2.491075415928422909e-01	1.499717213416463524e-01	7.134612115656209508e-02	2.902343442905261015e-02	7.489126057268188918e-02
1.129135567867143209e+03	2.568329498200729866e-01	1.684616096490503812e-01	2.492569732107390856e-01	1.500634121684083500e-01	7.138253578362485641e-02	2.904994913347309568e-02	7.495257023433363197e-02
1.130586898931239830e+03	2.566064197302855288e-01	1.683234077581833577e-01	2.494061160195576443e-01	1.501549381393046390e-01	7.141888681315468335e-02	2.907644363558450906e-02	7.501378790363202875e-02
1.132038229995336451e+03	2.563802969313311308e-01	1.681854269274217495e-01	2.495549706752794306e-01	1.502462996665488992e-01	7.145517435890397229e-02	2.910291778758075307e-02	7.507491365263643801e-02
1.133489561059432845e+03	2.561545806877588705e-01	1.680476667880945740e-01	2.497035378317729037e-01	1.503374971606343258e-01	7.149139853442003367e-02	2.912937144329334066e-02	7.513594755372837719e-02
1.134940892123529466e+03	2.559292702655239782e-01	1.679101269721982870e-01	2.498518181408030114e-01	1.504285310303437595e-01	7.152755945304546670e-02	2.915580445817759353e-02	7.519688967961038473e-02
1.136392223187626087e+03	2.557043649319848400e-01	1.677728071123953668e-01	2.499998122520402100e-01	1.505194016827598180e-01	7.156365722791861728e-02	2.918221668929895513e-02	7.525774010330470165e-02
1.137843554251722708e+03	2.554798639558995554e-01	1.676357068420127605e-01	2.501475208130698458e-01	1.506101095232749709e-01	7.159969197197392499e-02	2.920860799531943205e-02	7.531849889815200871e-02
1.139294885315819101e+03	2.552557666074229958e-01	1.674988257950405512e-01	2.502949444694010928e-01	1.507006549556013653e-01	7.163566379794227001e-02	2.923497823648412222e-02	7.537916613781019126e-02
1.140746216379915950e+03	2.550320721581030292e-01	1.673621636061302376e-01	2.504420838644763059e-01	1.507910383817807620e-01	7.167157281835144500e-02	2.926132727460789215e-02	7.543974189625288207e-02
1.142197547444012343e+03	2.548087798808779114e-01	1.672257199105934844e-01	2.505889396396799862e-01	1.508812602021943894e-01	7.170741914552644647e-02	2.928765497306215493e-02	7.550022624776821234e-02
1.143648878508108737e+03	2.545858890500725114e-01	1.670894943444005687e-01	2.507355124343478292e-01	1.509713208155726849e-01	7.174320289158993280e-02	2.931396119676174875e-02	7.556061926695731290e-02
1.145100209572205586e+03	2.543633989413953134e-01	1.669534865441789639e-01	2.508818028857758842e-01	1.510612206190049822e-01	7.177892416846254342e-02	2.934024581215192995e-02	7.562092102873302357e-02
1.146551540636302207e+03	2.541413088319353641e-01	1.668176961472117303e-01	2.510278116292292139e-01	1.511509600079491977e-01	7.181458308786332900e-02	2.936650868719548751e-02	7.568113160831836661e-02
1.148002871700398828e+03	2.539196180001588865e-01	1.666821227914363213e-01	2.511735392979510539e-01	1.512405393762412953e-01	7.185017976131012618e-02	2.939274969135995813e-02	7.574125108124511729e-02
1.149454202764495449e+03	2.536983257259060043e-01	1.665467661154429180e-01	2.513189865231718056e-01	1.513299591161048618e-01	7.188571430011991836e-02	2.941896869560494537e-02	7.580127952335230512e-02
1.150905533828591842e+03	2.534774312903879112e-01	1.664116257584730973e-01	2.514641539341177512e-01	1.514192196181605721e-01	7.192118681540921044e-02	2.944516557236955684e-02	7.586121701078474278e-02
1.152356864892688463e+03	2.532569339761834293e-01	1.662767013604183608e-01	2.516090421580197689e-01	1.515083212714355143e-01	7.195659741809443122e-02	2.947134019555992801e-02	7.592106361999143016e-02
1.153808195956785084e+03	2.530368330672358446e-01	1.661419925618186910e-01	2.517536518201224371e-01	1.515972644633726274e-01	7.199194621889229428e-02	2.949749244053688491e-02	7.598081942772405561e-02
1.155259527020881706e+03	2.528171278488501317e-01	1.660074990038611920e-01	2.518979835436925274e-01	1.516860495798398045e-01	7.202723332832015879e-02	2.952362218410366224e-02	7.604048451103544159e-02
1.156710858084978327e+03	2.525978176076892345e-01	1.658732203283785622e-01	2.520420379500277752e-01	1.517746770051391914e-01	7.206245885669643192e-02	2.954972930449377075e-02	7.610005894727792097e-02
1.158162189149074720e+03	2.523789016317715683e-01	1.657391561778477629e-01	2.521858156584656507e-01	1.518631471220163176e-01	7.209762291414097135e-02	2.957581368135893743e-02	7.615954281410168558e-02
1.159613520213171569e+03	2.521603792104674668e-01	1.656053061953885186e-01	2.523293172863920186e-01	1.519514603116692564e-01	7.213272561057536281e-02	2.960187519575716714e-02	7.621893618945323190e-02
1.161064851277267962e+03	2.519422496344961293e-01	1.654716700247620409e-01	2.524725434492494647e-01	1.520396169537573949e-01	7.216776705572337802e-02	2.962791373014087709e-02	7.627823915157370960e-02
1.162516182341364356e+03	2.517245121959229004e-01	1.653382473103694461e-01	2.526154947605462331e-01	1.521276174264107606e-01	7.220274735911133557e-02	2.965392916834516668e-02	7.633745177899720069e-02
1.163967513405461204e+03	2.515071661881557175e-01	1.652050376972505064e-01	2.527581718318644977e-01	1.522154621062386248e-01	7.223766663006844779e-02	2.967992139557615663e-02	7.639657415054909584e-02
1.165418844469557826e+03	2.512902109059424460e-01	1.650720408310821508e-01	2.529005752728690215e-01	1.523031513683384686e-01	7.227252497772718165e-02	2.970589029839943232e-02	7.645560634534433186e-02
1.166870175533654447e+03	2.510736456453674381e-01	1.649392563581771609e-01	2.530427056913154837e-01	1.523906855863048637e-01	7.230732251102367503e-02	2.973183576472859801e-02	7.651454844278576806e-02
1.168321506597751068e+03	2.508574697038488677e-01	1.648066839254826998e-01	2.531845636930590282e-01	1.524780651322380221e-01	7.234205933869808369e-02	2.975775768381390407e-02	7.657340052256238205e-02
1.169772837661847461e+03	2.506416823801354554e-01	1.646743231805789520e-01	2.533261498820625346e-01	1.525652903767526214e-01	7.237673556929491436e-02	2.978365594623098508e-02	7.663216266464753512e-02
1.171224168725944082e+03	2.504262829743035268e-01	1.645421737716778188e-01	2.534674648604050007e-01	1.526523616889862989e-01	7.241135131116344104e-02	2.980953044386969869e-02	7.669083494929726519e-02
1.172675499790040703e+03	2.502112707877537923e-01	1.644102353476214751e-01	2.536085092282898135e-01	1.527392794366083661e-01	7.244590667245802418e-02	2.983538106992303027e-02	7.674941745704849660e-02
1.174126830854137097e+03	2.499966451232088216e-01	1.642785075578808707e-01	2.537492835840531868e-01	1.528260439858281639e-01	7.248040176113855482e-02	2.986120771887611561e-02	7.680791026871720828e-02
1.175578161918233945e+03	2.497824052847096021e-01	1.641469900525546477e-01	2.538897885241722108e-01	1.529126557014036381e-01	7.251483668497073209e-02	2.988701028649534686e-02	7.686631346539669896e-02
1.177029492982330339e+03	2.495685505776127078e-01	1.640156824823675585e-01	2.540300246432731224e-01	1.529991149466496392e-01	7.254921155152646572e-02	2.991278866981757212e-02	7.692462712845575534e-02
1.178480824046426733e+03	2.493550803085873568e-01	1.638845844986691891e-01	2.541699925341395216e-01	1.530854220834463320e-01	7.258352646818422294e-02	2.993854276713936793e-02	7.698285133953683412e-02
1.179932155110523581e+03	2.491419937856123867e-01	1.637536957534325710e-01	2.543096927877203095e-01	1.531715774722474666e-01	7.261778154212944481e-02	2.996427247800642971e-02	7.704098618055423009e-02
1.181383486174620202e+03	2.489292903179733396e-01	1.636230158992528771e-01	2.544491259931379035e-01	1.532575814720885943e-01	7.265197688035485157e-02	2.998997770320302805e-02	7.709903173369221652e-02
1.182834817238716823e+03	2.487169692162595203e-01	1.634925445893460338e-01	2.545882927376963978e-01	1.533434344405952554e-01	7.268611258966078958e-02	3.001565834474155883e-02	7.715698808140322718e-02
1.184286148302813444e+03	2.485050297923609985e-01	1.633622814775474164e-01	2.547271936068894460e-01	1.534291367339911116e-01	7.272018877665567538e-02	3.004131430585218684e-02	7.721485530640598283e-02
1.185737479366910065e+03	2.482934713594657505e-01	1.632322262183104056e-01	2.548658291844081991e-01	1.535146887071060229e-01	7.275420554775624549e-02	3.006694549097256933e-02	7.727263349168363160e-02
1.187188810431006686e+03	2.480822932320566887e-01	1.631023784667052501e-01	2.550042000521493546e-01	1.536000907133840410e-01	7.278816300918800053e-02	3.009255180573766272e-02	7.733032272048181999e-02
1.188640141495103080e+03	2.478714947259088586e-01	1.629727378784175673e-01	2.551423067902229835e-01	1.536853431048913754e-01	7.282206126698552440e-02	3.011813315696961271e-02	7.738792307630687484e-02
1.190091472559199701e+03	2.476610751580864411e-01	1.628433041097470946e-01	2.552801499769604132e-01	1.537704462323244148e-01	7.285590042699285895e-02	3.014368945266773445e-02	7.744543464292388824e-02
1.191542803623296322e+03	2.474510338469398385e-01	1.627140768176062735e-01	2.554177301889221097e-01	1.538554004450173873e-01	7.288968059486383710e-02	3.016922060199858646e-02	7.750285750435476073e-02
1.192994134687392716e+03	2.472413701121029261e-01	1.625850556595191398e-01	2.555550480009055048e-01	1.539402060909503822e-01	7.292340187606244362e-02	3.019472651528608970e-02	7.756019174487635559e-02
1.194445465751489564e+03	2.470320832744900275e-01	1.624562402936197691e-01	2.556921039859525457e-01	1.540248635167569824e-01	7.295706437586320370e-02	3.022020710400177140e-02	7.761743744901855591e-02
1.195896796815585958e+03	2.468231726562931938e-01	1.623276303786511388e-01	2.558288987153576888e-01	1.541093730677320084e-01	7.299066819935150219e-02	3.024566228075506111e-02	7.767459470156236334e-02
1.197348127879682352e+03	2.466146375809792346e-01	1.621992255739637678e-01	2.559654327586752820e-01	1.541937350878391788e-01	7.302421345142391662e-02	3.027109195928368371e-02	7.773166358753789973e-02
1.198799458943779200e+03	2.464064773732869973e-01	1.620710255395143573e-01	2.561017066837275036e-01	1.542779499197187709e-01	7.305770023678863356e-02	3.029649605444411503e-02	7.778864419222257520e-02
1.200250790007875821e+03	2.461986913592244808e-01	1.619430299358645964e-01	2.562377210566119667e-01	1.543620179046950591e-01	7.309112865996574004e-02	3.032187448220213452e-02	7.784553660113907592e-02
1.201702121071972442e+03	2.459912788660659211e-01	1.618152384241797470e-01	2.563734764417089917e-01	1.544459393827839477e-01	7.312449882528759826e-02	3.034722715962344386e-02	7.790234090005342116e-02
1.203153452136069063e+03	2.457842392223490990e-01	1.616876506662275337e-01	2.565089734016894329e-01	1.545297146927003817e-01	7.315781083689920639e-02	3.037255400486436191e-02	7.795905717497304821e-02
1.204604783200165684e+03	2.455775717578725093e-01	1.615602663243765891e-01	2.566442124975222838e-01	1.546133441718657298e-01	7.319106479875853166e-02	3.039785493716260986e-02	7.801568551214482783e-02
1.206056114264262078e+03	2.453712758036925567e-01	1.614330850615955382e-01	2.567791942884816159e-01	1.546968281564152226e-01	7.322426081463685732e-02	3.042312987682814843e-02	7.807222599805313523e-02
1.207507445328358699e+03	2.451653506921207537e-01	1.613061065414513606e-01	2.569139193321546277e-01	1.547801669812052250e-01	7.325739898811914341e-02	3.044837874523411564e-02	7.812867871941786557e-02
1.208958776392455093e+03	2.449597957567209716e-01	1.611793304281083639e-01	2.570483881844485841e-01	1.548633609798204525e-01	7.329047942260438764e-02	3.047360146480783405e-02	7.818504376319244942e-02
1.210410107456551941e+03	2.447546103323065825e-01	1.610527563863267397e-01	2.571826013995986426e-01	1.549464104845813262e-01	7.332350222130590289e-02	3.049879795902187690e-02	7.824132121656192373e-02
1.211861438520648335e+03	2.445497937549379053e-01	1.609263840814614821e-01	2.573165595301746822e-01	1.550293158265509952e-01	7.335646748725173361e-02	3.052396815238521410e-02	7.829751116694096125e-02
1.213312769584745183e+03	2.443453453619191806e-01	1.608002131794609435e-01	2.574502631270889075e-01	1.551120773355425808e-01	7.338937532328501656e-02	3.054911197043444840e-02	7.835361370197187203e-02
1.214764100648841804e+03	2.441412644917960728e-01	1.606742433468656694e-01	2.575837127396030657e-01	1.551946953401261708e-01	7.342222583206421682e-02	3.057422933972510012e-02	7.840962890952264674e-02
1.216215431712937971e+03	2.439375504843527553e-01	1.605484742508071494e-01	2.577169089153356074e-01	1.552771701676359251e-01	7.345501911606358569e-02	3.059932018782296828e-02	7.846555687768494436e-02
1.217666762777034819e+03	2.437342026806093020e-01	1.604229055590065678e-01	2.578498522002688476e-01	1.553595021441769863e-01	7.348775527757342441e-02	3.062438444329557835e-02	7.852139769477217701e-02
1.219118093841131440e+03	2.435312204228189392e-01	1.602975369397735272e-01	2.579825431387562373e-01	1.554416915946325306e-01	7.352043441870050045e-02	3.064942203570368562e-02	7.857715144931746998e-02
1.220569424905228061e+03	2.433286030544652701e-01	1.601723680620048273e-01	2.581149822735294141e-01	1.555237388426705669e-01	7.355305664136829735e-02	3.067443289559284442e-02	7.863281823007173266e-02
1.222020755969324682e+03	2.431263499202596934e-01	1.600473985951831324e-01	2.582471701457052515e-01	1.556056442107507654e-01	7.358562204731744494e-02	3.069941695448506064e-02	7.868839812600159078e-02
1.223472087033421303e+03	2.429244603661386837e-01	1.599226282093759166e-01	2.583791072947929091e-01	1.556874080201313959e-01	7.361813073810601071e-02	3.072437414487051016e-02	7.874389122628754067e-02
1.224923418097517697e+03	2.427229337392609598e-01	1.597980565752340765e-01	2.585107942587009933e-01	1.557690305908759343e-01	7.365058281510983296e-02	3.074930440019930933e-02	7.879929762032185370e-02
1.226374749161614318e+03	2.425217693880050429e-01	1.596736833639908759e-01	2.586422315737443856e-01	1.558505122418599176e-01	7.368297837952286766e-02	3.077420765487336521e-02	7.885461739770660561e-02
1.227826080225710712e+03	2.423209666619664249e-01	1.595495082474604476e-01	2.587734197746511255e-01	1.559318532907775223e-01	7.371531753235753548e-02	3.079908384423829873e-02	7.890985064825176143e-02
1.229277411289807560e+03	2.421205249119549874e-01	1.594255308980367936e-01	2.589043593945695165e-01	1.560130540541482258e-01	7.374760037444506866e-02	3.082393290457542331e-02	7.896499746197313541e-02
1.230728742353903954e+03	2.419204434899923650e-01	1.593017509886925087e-01	2.590350509650748423e-01	1.560941148473234397e-01	7.377982700643583025e-02	3.084875477309379291e-02	7.902005792909042037e-02
1.232180073418000802e+03	2.417207217493091698e-01	1.591781681929775594e-01	2.591654950161763615e-01	1.561750359844929215e-01	7.381199752879961939e-02	3.087354938792231593e-02	7.907503214002524483e-02
1.233631404482097196e+03	2.415213590443425762e-01	1.590547821850181176e-01	2.592956920763239692e-01	1.562558177786914082e-01	7.384411204182607380e-02	3.089831668810192472e-02	7.912992018539911909e-02
1.235082735546193817e+03	2.413223547307335182e-01	1.589315926395152845e-01	2.594256426724150244e-01	1.563364605418050557e-01	7.387617064562494729e-02	3.092305661357781441e-02	7.918472215603154785e-02
1.236534066610290438e+03	2.411237081653241632e-01	1.588085992317438688e-01	2.595553473298011782e-01	1.564169645845777390e-01	7.390817344012645673e-02	3.094776910519176499e-02	7.923943814293800403e-02
1.237985397674387059e+03	2.409254187061553032e-01	1.586858016375513047e-01	2.596848065722948684e-01	1.564973302166176028e-01	7.394012052508162902e-02	3.097245410467448778e-02	7.929406823732793042e-02
1.239436728738483680e+03	2.407274857124636347e-01	1.585631995333564026e-01	2.598140209221763142e-01	1.565775577464032509e-01	7.397201200006263411e-02	3.099711155463806544e-02	7.934861253060286612e-02
1.240888059802580301e+03	2.405299085446793717e-01	1.584407925961480723e-01	2.599429909001997330e-01	1.566576474812901298e-01	7.400384796446309033e-02	3.102174139856844412e-02	7.940307111435433718e-02
1.242339390866676695e+03	2.403326865644235533e-01	1.583185805034842686e-01	2.600717170256003907e-01	1.567375997275166633e-01	7.403562851749841134e-02	3.104634358081796372e-02	7.945744408036201079e-02
1.243790721930773088e+03	2.401358191345053517e-01	1.581965629334906864e-01	2.602001998161008189e-01	1.568174147902106075e-01	7.406735375820615308e-02	3.107091804659800963e-02	7.951173152059166915e-02
1.245242052994869937e+03	2.399393056189197959e-01	1.580747395648596787e-01	2.603284397879175316e-01	1.568970929733950748e-01	7.409902378544630519e-02	3.109546474197164706e-02	7.956593352719328049e-02
1.246693384058966330e+03	2.397431453828449133e-01	1.579531100768490348e-01	2.604564374557676865e-01	1.569766345799947505e-01	7.413063869790162408e-02	3.111998361384637340e-02	7.962005019249900062e-02
1.248144715123063179e+03	2.395473377926392866e-01	1.578316741492807596e-01	2.605841933328751359e-01	1.570560399118420269e-01	7.416219859407799375e-02	3.114447460996690523e-02	7.967408160902127168e-02
1.249596046187159800e+03	2.393518822158396397e-01	1.577104314625400183e-01	2.607117079309772545e-01	1.571353092696828879e-01	7.419370357230473112e-02	3.116893767890802081e-02	7.972802786945082376e-02
1.251047377251256421e+03	2.391567780211582006e-01	1.575893816975738604e-01	2.608389817603310457e-01	1.572144429531830701e-01	7.422515373073493294e-02	3.119337277006748246e-02	7.978188906665473201e-02
1.252498708315352815e+03	2.389620245784800645e-01	1.574685245358901087e-01	2.609660153297199692e-01	1.572934412609339194e-01	7.425654916734573951e-02	3.121777983365899706e-02	7.983566529367448761e-02
1.253950039379449436e+03	2.387676212588608071e-01	1.573478596595561940e-01	2.610928091464597700e-01	1.573723044904584700e-01	7.428788997993875098e-02	3.124215882070522157e-02	7.988935664372408263e-02
1.255401370443546057e+03	2.385735674345239588e-01	1.572273867511979062e-01	2.612193637164051396e-01	1.574510329382171891e-01	7.431917626614026329e-02	3.126650968303086586e-02	7.994296321018801166e-02
1.256852701507642678e+03	2.383798624788584508e-01	1.571071054939984502e-01	2.613456795439557667e-01	1.575296268996138060e-01	7.435040812340165672e-02	3.129083237325581968e-02	7.999648508661937052e-02
1.258304032571739299e+03	2.381865057664162011e-01	1.569870155716970861e-01	2.614717571320628320e-01	1.576080866690013071e-01	7.438158564899965963e-02	3.131512684478834213e-02	8.004992236673794115e-02
1.259755363635835920e+03	2.379934966729095047e-01	1.568671166685881024e-01	2.615975969822350033e-01	1.576864125396875427e-01	7.441270894003675085e-02	3.133939305181829976e-02	8.010327514442823482e-02
1.261206694699932314e+03	2.378008345752086750e-01	1.567474084695195946e-01	2.617231995945447087e-01	1.577646048039410553e-01	7.444377809344140950e-02	3.136363094931048784e-02	8.015654351373761866e-02
1.262658025764028707e+03	2.376085188513394342e-01	1.566278906598924103e-01	2.618485654676342422e-01	1.578426637529967425e-01	7.447479320596844810e-02	3.138784049299796208e-02	8.020972756887434496e-02
1.264109356828125556e+03	2.374165488804806656e-01	1.565085629256589006e-01	2.619736950987220370e-01	1.579205896770615181e-01	7.450575437419937330e-02	3.141202163937546754e-02	8.026282740420567774e-02
1.265560687892221949e+03	2.372249240429616102e-01	1.563894249533219483e-01	2.620985889836086047e-01	1.579983828653199474e-01	7.453666169454264967e-02	3.143617434569288827e-02	8.031584311425600531e-02
1.267012018956318798e+03	2.370336437202597568e-01	1.562704764299336635e-01	2.622232476166826420e-01	1.580760436059399088e-01	7.456751526323406043e-02	3.146029856994876639e-02	8.036877479370484190e-02
1.268463350020415419e+03	2.368427072949982892e-01	1.561517170430943569e-01	2.623476714909270813e-01	1.581535721860779786e-01	7.459831517633702669e-02	3.148439427088386977e-02	8.042162253738507904e-02
1.269914681084511813e+03	2.366521141509435322e-01	1.560331464809514013e-01	2.624718610979250299e-01	1.582309688918850932e-01	7.462906152974287111e-02	3.150846140797480821e-02	8.047438644028100108e-02
1.271366012148608434e+03	2.364618636730025925e-01	1.559147644321980386e-01	2.625958169278658216e-01	1.583082340085119888e-01	7.465975441917119260e-02	3.153249994142772600e-02	8.052706659752638385e-02
1.272817343212705055e+03	2.362719552472209994e-01	1.557965705860724359e-01	2.627195394695509001e-01	1.583853678201145865e-01	7.469039394017018552e-02	3.155650983217198752e-02	8.057966310440270452e-02
1.274268674276801676e+03	2.360823882607802349e-01	1.556785646323563532e-01	2.628430292103995924e-01	1.584623706098595708e-01	7.472098018811688946e-02	3.158049104185397388e-02	8.063217605633718477e-02
1.275720005340898297e+03	2.358931621019952907e-01	1.555607462613742276e-01	2.629662866364553264e-01	1.585392426599295801e-01	7.475151325821756398e-02	3.160444353283090035e-02	8.068460554890095893e-02
1.277171336404994690e+03	2.357042761603123371e-01	1.554431151639918685e-01	2.630893122323910704e-01	1.586159842515285912e-01	7.478199324550799387e-02	3.162836726816470323e-02	8.073695167780721438e-02
1.278622667469091539e+03	2.355157298263063359e-01	1.553256710316156253e-01	2.632121064815155509e-01	1.586925956648872760e-01	7.481242024485378062e-02	3.165226221161593356e-02	8.078921453890933191e-02
1.280073998533187932e+03	2.353275224916785424e-01	1.552084135561909162e-01	2.633346698657786922e-01	1.587690771792682198e-01	7.484279435095067545e-02	3.167612832763776198e-02	8.084139422819903997e-02
1.281525329597284326e+03	2.351396535492542295e-01	1.550913424302015065e-01	2.634570028657775009e-01	1.588454290729711949e-01	7.487311565832488469e-02	3.169996558136996961e-02	8.089349084180456895e-02
1.282976660661381175e+03	2.349521223929803282e-01	1.549744573466681485e-01	2.635791059607618392e-01	1.589216516233383503e-01	7.490338426133337502e-02	3.172377393863302919e-02	8.094550447598877763e-02
1.284427991725477568e+03	2.347649284179228746e-01	1.548577579991476660e-01	2.637009796286401420e-01	1.589977451067594028e-01	7.493360025416420656e-02	3.174755336592224170e-02	8.099743522714739075e-02
1.285879322789574417e+03	2.345780710202649832e-01	1.547412440817317048e-01	2.638226243459848019e-01	1.590737097986767157e-01	7.496376373083679656e-02	3.177130383040185219e-02	8.104928319180712548e-02
1.287330653853671038e+03	2.343915495973041552e-01	1.546249152890457057e-01	2.639440405880382201e-01	1.591495459735903784e-01	7.499387478520229411e-02	3.179502529989931131e-02	8.110104846662390121e-02
1.288781984917767431e+03	2.342053635474501683e-01	1.545087713162478782e-01	2.640652288287181904e-01	1.592252539050633964e-01	7.502393351094382989e-02	3.181871774289950217e-02	8.115273114838097990e-02
1.290233315981864052e+03	2.340195122702226072e-01	1.543928118590281173e-01	2.641861895406233951e-01	1.593008338657266043e-01	7.505394000157684931e-02	3.184238112853904346e-02	8.120433133398725911e-02
