1.001418434226643626e+03	2.784581605555460082e-01	1.815250910379525295e-01	2.349311856115910424e-01	1.413176570880498861e-01	6.791740560847617236e-02	2.666850413995264929e-02	6.918199595813254166e-02
1.003837319333471214e+03	2.780160698852165990e-01	1.812598793704182365e-01	2.352267428004951311e-01	1.414972732433322222e-01	6.798801852048876049e-02	2.671442582095412410e-02	6.929759035879576312e-02
1.006256204440298802e+03	2.775753048682713109e-01	1.809953792714852905e-01	2.355213145684169895e-01	1.416763115271582885e-01	6.805842532438362291e-02	2.676034818103845137e-02	6.941291625894691064e-02
1.008675089547126618e+03	2.771358614708877566e-01	1.807315887346789551e-01	2.358149049438552081e-01	1.418547747677962600e-01	6.812862663521489226e-02	2.680626956133805999e-02	6.952797388592978078e-02
1.011093974653954206e+03	2.766977356726745829e-01	1.804685057598137965e-01	2.361075179326975748e-01	1.420326657708209928e-01	6.819862306617177627e-02	2.685218832984182305e-02	6.964276346768033532e-02
1.013512859760782021e+03	2.762609234666135172e-01	1.802061283529690361e-01	2.363991575183505556e-01	1.422099873193427289e-01	6.826841522858466405e-02	2.689810288100041163e-02	6.975728523283991622e-02
1.015931744867609382e+03	2.758254208590020795e-01	1.799444545264638484e-01	2.366898276618692176e-01	1.423867421742332218e-01	6.833800373193117672e-02	2.694401163533783478e-02	6.987153941086349240e-02
1.018350629974437197e+03	2.753912238693958514e-01	1.796834822988326863e-01	2.369795323020877087e-01	1.425629330743500289e-01	6.840738918384227374e-02	2.698991303906904740e-02	6.998552623212324353e-02
1.020769515081264785e+03	2.749583285305521319e-01	1.794232096948010224e-01	2.372682753557501245e-01	1.427385627367581955e-01	6.847657219010830354e-02	2.703580556372352575e-02	7.009924592800757803e-02
1.023188400188092373e+03	2.745267308883729274e-01	1.791636347452610356e-01	2.375560607176415984e-01	1.429136338569501063e-01	6.854555335468491550e-02	2.708168770577469922e-02	7.021269873101555758e-02
1.025607285294920075e+03	2.740964270018492743e-01	1.789047554872474632e-01	2.378428922607198903e-01	1.430881491090627844e-01	6.861433327969916618e-02	2.712755798627515536e-02	7.032588487484717210e-02
1.028026170401747549e+03	2.736674129430049507e-01	1.786465699639134541e-01	2.381287738362470041e-01	1.432621111460932739e-01	6.868291256545538959e-02	2.717341495049751046e-02	7.043880459448927100e-02
1.030445055508575479e+03	2.732396847968414644e-01	1.783890762245066985e-01	2.384137092739212482e-01	1.434355226001119143e-01	6.875129181044119242e-02	2.721925716758082092e-02	7.055145812629752544e-02
1.032863940615402726e+03	2.728132386612825422e-01	1.781322723243456141e-01	2.386977023820092136e-01	1.436083860824732550e-01	6.881947161133332436e-02	2.726508323018249011e-02	7.066384570807444920e-02
1.035282825722230655e+03	2.723880706471196178e-01	1.778761563247955313e-01	2.389807569474781401e-01	1.437807041840249156e-01	6.888745256300358999e-02	2.731089175413553907e-02	7.077596757914353387e-02
1.037701710829058356e+03	2.719641768779573199e-01	1.776207262932452402e-01	2.392628767361281161e-01	1.439524794753145320e-01	6.895523525852471913e-02	2.735668137811115078e-02	7.088782398041976185e-02
1.040120595935886058e+03	2.715415534901592376e-01	1.773659803030834814e-01	2.395440654927246116e-01	1.441237145067943703e-01	6.902282028917619550e-02	2.740245076328641852e-02	7.099941515447651119e-02
1.042539481042713533e+03	2.711201966327943524e-01	1.771119164336755758e-01	2.398243269411306777e-01	1.442944118090239980e-01	6.909020824445001596e-02	2.744819859301718401e-02	7.111074134560894933e-02
1.044958366149541234e+03	2.707001024675834699e-01	1.768585327703402210e-01	2.401036647844393690e-01	1.444645738928710121e-01	6.915739971205660253e-02	2.749392357251592353e-02	7.122180279989412388e-02
1.047377251256368709e+03	2.702812671688462065e-01	1.766058274043262599e-01	2.403820827051061093e-01	1.446342032497093255e-01	6.922439527793050607e-02	2.753962442853450168e-02	7.133259976524772283e-02
1.049796136363196410e+03	2.698636869234482538e-01	1.763537984327898378e-01	2.406595843650808919e-01	1.448033023516159812e-01	6.929119552623612399e-02	2.758529990905184137e-02	7.144313249147779543e-02
1.052215021470024112e+03	2.694473579307486433e-01	1.761024439587714485e-01	2.409361734059402016e-01	1.449718736515654971e-01	6.935780103937345953e-02	2.763094878296631224e-02	7.155340123033522570e-02
1.054633906576851814e+03	2.690322764025478430e-01	1.758517620911730639e-01	2.412118534490191313e-01	1.451399195836225731e-01	6.942421239798383936e-02	2.767656983979282712e-02	7.166340623556147205e-02
1.057052791683679516e+03	2.686184385630359661e-01	1.756017509447356795e-01	2.414866280955431932e-01	1.453074425631325772e-01	6.949043018095554802e-02	2.772216188936452511e-02	7.177314776293325371e-02
1.059471676790506763e+03	2.682058406487412561e-01	1.753524086400165827e-01	2.417605009267596861e-01	1.454744449869101175e-01	6.955645496542950390e-02	2.776772376153899269e-02	7.188262607030458662e-02
1.061890561897334692e+03	2.677944789084789057e-01	1.751037333033670096e-01	2.420334755040690899e-01	1.456409292334259198e-01	6.962228732680490750e-02	2.781325430590893613e-02	7.199184141764602973e-02
1.064309447004162394e+03	2.673843496033000422e-01	1.748557230669098295e-01	2.423055553691560449e-01	1.458068976629913194e-01	6.968792783874480645e-02	2.785875239151721500e-02	7.210079406708151673e-02
1.066728332110990095e+03	2.669754490064414343e-01	1.746083760685173958e-01	2.425767440441201905e-01	1.459723526179414199e-01	6.975337707318171598e-02	2.790421690657621592e-02	7.220948428292243981e-02
1.069147217217817570e+03	2.665677734032750323e-01	1.743616904517892863e-01	2.428470450316066176e-01	1.461372964228158378e-01	6.981863560032317007e-02	2.794964675819140362e-02	7.231791233169945765e-02
1.071566102324645271e+03	2.661613190912581750e-01	1.741156643660305425e-01	2.431164618149358192e-01	1.463017313845379197e-01	6.988370398865727251e-02	2.799504087208908032e-02	7.242607848219191624e-02
1.073984987431472746e+03	2.657560823798839067e-01	1.738702959662296599e-01	2.433849978582336981e-01	1.464656597925919623e-01	6.994858280495822034e-02	2.804039819234821138e-02	7.253398300545503552e-02
1.076403872538300675e+03	2.653520595906315727e-01	1.736255834130369657e-01	2.436526566065606858e-01	1.466290839191986273e-01	7.001327261429179938e-02	2.808571768113628242e-02	7.264162617484479223e-02
1.078822757645127922e+03	2.649492470569179137e-01	1.733815248727427760e-01	2.439194414860408056e-01	1.467920060194884413e-01	7.007777398002085212e-02	2.813099831844910470e-02	7.274900826604081827e-02
1.081241642751955851e+03	2.645476411240481052e-01	1.731381185172560788e-01	2.441853559039903199e-01	1.469544283316736866e-01	7.014208746381073167e-02	2.817623910185452704e-02	7.285612955706716187e-02
1.083660527858783553e+03	2.641472381491677401e-01	1.728953625240830516e-01	2.444504032490457113e-01	1.471163530772183203e-01	7.020621362563475576e-02	2.822143904623995725e-02	7.296299032831105036e-02
1.086079412965611255e+03	2.637480345012141458e-01	1.726532550763056895e-01	2.447145868912913858e-01	1.472777824610062292e-01	7.027015302377957739e-02	2.826659718356366174e-02	7.306959086253986269e-02
1.088498298072438729e+03	2.633500265608689772e-01	1.724117943625607385e-01	2.449779101823867933e-01	1.474387186715075959e-01	7.033390621485066663e-02	2.831171256260976016e-02	7.317593144491607582e-02
1.090917183179266431e+03	2.629532107205102553e-01	1.721709785770184353e-01	2.452403764556931598e-01	1.475991638809436568e-01	7.039747375377755634e-02	2.835678424874685244e-02	7.328201236301058741e-02
1.093336068286093905e+03	2.625575833841655160e-01	1.719308059193616900e-01	2.455019890263998028e-01	1.477591202454497377e-01	7.046085619381928233e-02	2.840181132369025765e-02	7.338783390681422047e-02
1.095754953392921607e+03	2.621631409674644031e-01	1.716912745947651309e-01	2.457627511916495033e-01	1.479185899052364306e-01	7.052405408656968466e-02	2.844679288526773264e-02	7.349339636874761827e-02
1.098173838499749309e+03	2.617698798975922059e-01	1.714523828138744266e-01	2.460226662306638779e-01	1.480775749847491329e-01	7.058706798196270893e-02	2.849172804718870175e-02	7.359870004366948770e-02
1.100592723606577010e+03	2.613777966132432296e-01	1.712141287927854971e-01	2.462817374048678898e-01	1.482360775928260599e-01	7.064989842827770761e-02	2.853661593881685887e-02	7.370374522888334390e-02
1.103011608713404712e+03	2.609868875645747766e-01	1.709765107530240580e-01	2.465399679580137782e-01	1.483940998228543418e-01	7.071254597214469972e-02	2.858145570494614179e-02	7.380853222414278381e-02
1.105430493820231959e+03	2.605971492131612388e-01	1.707395269215251365e-01	2.467973611163045700e-01	1.485516437529247891e-01	7.077501115854958891e-02	2.862624650558000597e-02	7.391306133165523318e-02
1.107849378927059888e+03	2.602085780319483010e-01	1.705031755306128660e-01	2.470539200885170095e-01	1.487087114459845760e-01	7.083729453083943695e-02	2.867098751571392837e-02	7.401733285608437518e-02
1.110268264033887590e+03	2.598211705052079767e-01	1.702674548179801406e-01	2.473096480661236274e-01	1.488653049499887859e-01	7.089939663072766796e-02	2.871567792512115178e-02	7.412134710455124675e-02
1.112687149140715292e+03	2.594349231284929780e-01	1.700323630266683816e-01	2.475645482234145600e-01	1.490214262980499860e-01	7.096131799829917541e-02	2.876031693814148568e-02	7.422510438663403043e-02
1.115106034247542766e+03	2.590498324085923620e-01	1.697978984050477480e-01	2.478186237176184803e-01	1.491770775085864142e-01	7.102305917201562346e-02	2.880490377347330253e-02	7.432860501436665268e-02
1.117524919354370468e+03	2.586658948634869004e-01	1.695640592067970687e-01	2.480718776890229738e-01	1.493322605854685570e-01	7.108462068872047068e-02	2.884943766396848991e-02	7.443184930223613327e-02
1.119943804461197942e+03	2.582831070223046144e-01	1.693308436908841086e-01	2.483243132610944426e-01	1.494869775181641158e-01	7.114600308364413261e-02	2.889391785643043858e-02	7.453483756717876885e-02
1.122362689568025871e+03	2.579014654252767547e-01	1.690982501215457512e-01	2.485759335405970660e-01	1.496412302818815043e-01	7.120720689040911655e-02	2.893834361141498640e-02	7.463757012857538675e-02
1.124781574674853118e+03	2.575209666236942807e-01	1.688662767682685140e-01	2.488267416177113167e-01	1.497950208377117898e-01	7.126823264103510081e-02	2.898271420303421414e-02	7.474004730824529430e-02
1.127200459781681047e+03	2.571416071798641734e-01	1.686349219057689808e-01	2.490767405661517830e-01	1.499483511327689422e-01	7.132908086594398622e-02	2.902702891876314875e-02	7.484226943043946478e-02
1.129619344888508749e+03	2.567633836670660807e-01	1.684041838139744007e-01	2.493259334432842977e-01	1.501012231003290287e-01	7.138975209396493382e-02	2.907128705924923173e-02	7.494423682183252999e-02
1.132038229995336451e+03	2.563862926695094635e-01	1.681740607780033425e-01	2.495743232902423447e-01	1.502536386599674090e-01	7.145024685233943018e-02	2.911548793812456654e-02	7.504594981151394006e-02
1.134457115102163925e+03	2.560103307822907404e-01	1.679445510881465708e-01	2.498219131320429109e-01	1.504055997176947934e-01	7.151056566672625570e-02	2.915963088182090338e-02	7.514740873097826290e-02
1.136876000208991627e+03	2.556354946113509330e-01	1.677156530398478673e-01	2.500687059777014776e-01	1.505571081660918020e-01	7.157070906120653608e-02	2.920371522938725040e-02	7.524861391411455380e-02
1.139294885315819101e+03	2.552617807734332001e-01	1.674873649336850734e-01	2.503147048203465119e-01	1.507081658844419136e-01	7.163067755828864125e-02	2.924774033231017020e-02	7.534956569719487851e-02
1.141713770422646803e+03	2.548891858960409262e-01	1.672596850753511610e-01	2.505599126373330710e-01	1.508587747388632216e-01	7.169047167891316741e-02	2.929170555433665071e-02	7.545026441886218405e-02
1.144132655529474505e+03	2.545177066173959224e-01	1.670326117756353312e-01	2.508043323903559885e-01	1.510089365824385521e-01	7.175009194245791921e-02	2.933561027129950871e-02	7.555071042011721194e-02
1.146551540636302207e+03	2.541473395863967366e-01	1.668061433504045010e-01	2.510479670255618134e-01	1.511586532553443885e-01	7.180953886674276698e-02	2.937945387094533650e-02	7.565090404430485638e-02
1.148970425743129908e+03	2.537780814625777426e-01	1.665802781205844851e-01	2.512908194736606649e-01	1.513079265849782973e-01	7.186881296803457331e-02	2.942323575276489453e-02	7.575084563709970353e-02
1.151389310849957155e+03	2.534099289160676727e-01	1.663550144121415664e-01	2.515328926500371431e-01	1.514567583860848832e-01	7.192791476105205029e-02	2.946695532782595342e-02	7.585053554649107133e-02
1.153808195956785084e+03	2.530428786275489839e-01	1.661303505560640936e-01	2.517741894548601311e-01	1.516051504608806888e-01	7.198684475897063062e-02	2.951061201860853689e-02	7.594997412276721649e-02
1.156227081063612786e+03	2.526769272882172235e-01	1.659062848883440522e-01	2.520147127731925951e-01	1.517531045991774297e-01	7.204560347342733873e-02	2.955420525884248570e-02	7.604916171849911144e-02
1.158645966170440488e+03	2.523120715997406727e-01	1.656828157499589116e-01	2.522544654751000537e-01	1.519006225785040909e-01	7.210419141452557856e-02	2.959773449334740514e-02	7.614809868852347174e-02
1.161064851277267962e+03	2.519483082742201008e-01	1.654599414868534457e-01	2.524934504157587134e-01	1.520477061642276917e-01	7.216260909083996311e-02	2.964119917787483988e-02	7.624678538992545052e-02
1.163483736384095664e+03	2.515856340341489639e-01	1.652376604499216917e-01	2.527316704355624943e-01	1.521943571096726067e-01	7.222085700942110220e-02	2.968459877895273866e-02	7.634522218202061117e-02
1.165902621490923138e+03	2.512240456123737142e-01	1.650159709949889641e-01	2.529691283602297780e-01	1.523405771562386934e-01	7.227893567580033485e-02	2.972793277373210474e-02	7.644340942633653935e-02
1.168321506597751068e+03	2.508635397520543875e-01	1.647948714827939809e-01	2.532058270009091006e-01	1.524863680335183103e-01	7.233684559399455871e-02	2.977120064983585987e-02	7.654134748659391363e-02
1.170740391704578315e+03	2.505041132066252452e-01	1.645743602789711824e-01	2.534417691542841244e-01	1.526317314594116958e-01	7.239458726651087916e-02	2.981440190520982803e-02	7.663903672868713213e-02
1.173159276811406244e+03	2.501457627397556949e-01	1.643544357540329126e-01	2.536769576026780548e-01	1.527766691402415167e-01	7.245216119435143876e-02	2.985753604797585642e-02	7.673647752066456440e-02
1.175578161918233945e+03	2.497884851253117378e-01	1.641350962833519056e-01	2.539113951141572789e-01	1.529211827708657767e-01	7.250956787701799688e-02	2.990060259628699729e-02	7.683367023270834539e-02
1.177997047025061647e+03	2.494322771473171663e-01	1.639163402471437436e-01	2.541450844426340616e-01	1.530652740347897556e-01	7.256680781251668988e-02	2.994360107818475059e-02	7.693061523711380856e-02
1.180415932131889122e+03	2.490771355999151782e-01	1.636981660304495101e-01	2.543780283279687970e-01	1.532089446042767811e-01	7.262388149736269394e-02	2.998653103145834664e-02	7.702731290826861366e-02
1.182834817238716823e+03	2.487230572873304624e-01	1.634805720231183312e-01	2.546102294960713719e-01	1.533521961404575307e-01	7.268078942658484642e-02	3.002939200350597873e-02	7.712376362263141660e-02
1.185253702345544298e+03	2.483700390238309796e-01	1.632635566197902510e-01	2.548416906590016406e-01	1.534950302934383337e-01	7.273753209373032269e-02	3.007218355119802358e-02	7.721996775871033114e-02
1.187672587452371999e+03	2.480180776336902981e-01	1.630471182198790780e-01	2.550724145150697342e-01	1.536374487024084190e-01	7.279410999086916023e-02	3.011490524074216663e-02	7.731592569704108520e-02
1.190091472559199701e+03	2.476671699511501790e-01	1.628312552275551495e-01	2.553024037489347031e-01	1.537794529957456080e-01	7.285052360859900489e-02	3.015755664755045973e-02	7.741163782016481643e-02
1.192510357666027403e+03	2.473173128203830784e-01	1.626159660517286221e-01	2.555316610317034387e-01	1.539210447911213420e-01	7.290677343604953786e-02	3.020013735610821773e-02	7.750710451260565959e-02
1.194929242772855105e+03	2.469685030954551774e-01	1.624012491060323471e-01	2.557601890210281503e-01	1.540622256956041269e-01	7.296285996088716641e-02	3.024264695984477114e-02	7.760232616084811186e-02
1.197348127879682352e+03	2.466207376402894114e-01	1.621871028088052169e-01	2.559879903612033991e-01	1.542029973057621739e-01	7.301878366931949249e-02	3.028508506100604028e-02	7.769730315331414838e-02
1.199767012986510281e+03	2.462740133286286104e-01	1.619735255830753451e-01	2.562150676832623541e-01	1.543433612077647066e-01	7.307454504609989243e-02	3.032745127052888234e-02	7.779203588034006023e-02
1.202185898093337983e+03	2.459283270439992786e-01	1.617605158565434131e-01	2.564414236050722717e-01	1.544833189774823812e-01	7.313014457453199946e-02	3.036974520791719742e-02	7.788652473415327848e-02
1.204604783200165684e+03	2.455836756796750675e-01	1.615480720615662391e-01	2.566670607314293640e-01	1.546228721805863182e-01	7.318558273647422785e-02	3.041196650111978664e-02	7.798077010884876814e-02
1.207023668306993159e+03	2.452400561386406663e-01	1.613361926351401521e-01	2.568919816541528345e-01	1.547620223726464406e-01	7.324086001234425547e-02	3.045411478640990682e-02	7.807477240036543586e-02
1.209442553413820860e+03	2.448974653335559137e-01	1.611248760188847828e-01	2.571161889521783039e-01	1.549007710992282849e-01	7.329597688112347853e-02	3.049618970826650788e-02	7.816853200646239896e-02
1.211861438520648335e+03	2.445559001867201043e-01	1.609141206590265216e-01	2.573396851916502914e-01	1.550391198959891748e-01	7.335093382036148024e-02	3.053819091925712159e-02	7.826204932669500458e-02
1.214280323627476264e+03	2.442153576300363782e-01	1.607039250063824476e-01	2.575624729260141410e-01	1.551770702887731168e-01	7.340573130618044395e-02	3.058011807992240191e-02	7.835532476239075172e-02
1.216699208734303511e+03	2.438758346049763881e-01	1.604942875163440918e-01	2.577845546961074485e-01	1.553146237937047536e-01	7.346036981327959403e-02	3.062197085866225424e-02	7.844835871662513005e-02
1.219118093841131440e+03	2.435373280625452164e-01	1.602852066488615612e-01	2.580059330302502119e-01	1.554517819172820947e-01	7.351484981493958126e-02	3.066374893162354329e-02	7.854115159419745862e-02
1.221536978947959142e+03	2.431998349632462364e-01	1.600766808684273290e-01	2.582266104443347587e-01	1.555885461564685823e-01	7.356917178302690985e-02	3.070545198258940039e-02	7.863370380160641937e-02
1.223955864054786844e+03	2.428633522770465292e-01	1.598687086440604144e-01	2.584465894419148979e-01	1.557249179987838517e-01	7.362333618799825341e-02	3.074707970287002615e-02	7.872601574702565996e-02
1.226374749161614318e+03	2.425278769833421055e-01	1.596612884492905893e-01	2.586658725142940707e-01	1.558608989223936869e-01	7.367734349890485424e-02	3.078863179119502302e-02	7.881808784027935499e-02
1.228793634268442020e+03	2.421934060709235725e-01	1.594544187621425024e-01	2.588844621406130586e-01	1.559964903961988114e-01	7.373119418339683928e-02	3.083010795360723380e-02	7.890992049281764231e-02
1.231212519375269494e+03	2.418599365379418553e-01	1.592480980651202194e-01	2.591023607879369695e-01	1.561316938799229281e-01	7.378488870772756392e-02	3.087150790335803710e-02	7.900151411769203158e-02
1.233631404482097196e+03	2.415274653918742798e-01	1.590423248451914018e-01	2.593195709113415570e-01	1.562665108241995671e-01	7.383842753675795567e-02	3.091283136080407931e-02	7.909286912953077120e-02
1.236050289588924898e+03	2.411959896494904887e-01	1.588370975937720142e-01	2.595360949539984863e-01	1.564009426706581829e-01	7.389181113396071920e-02	3.095407805330546366e-02	7.918398594451425687e-02
1.238469174695752372e+03	2.408655063368188298e-01	1.586324148067105866e-01	2.597519353472605430e-01	1.565349908520092259e-01	7.394503996142470781e-02	3.099524771512533750e-02	7.927486498035039852e-02
1.240888059802580301e+03	2.405360124891128548e-01	1.584282749842731430e-01	2.599670945107455666e-01	1.566686567921281859e-01	7.399811447985912838e-02	3.103634008733084648e-02	7.936550665624987622e-02
1.243306944909407548e+03	2.402075051508179571e-01	1.582246766311277142e-01	2.601815748524199945e-01	1.568019419061390529e-01	7.405103514859781577e-02	3.107735491769546624e-02	7.945591139290160421e-02
1.245725830016235477e+03	2.398799813755382315e-01	1.580216182563292382e-01	2.603953787686816845e-01	1.569348476004962800e-01	7.410380242560346553e-02	3.111829196060269739e-02	7.954607961244801462e-02
1.248144715123063179e+03	2.395534382260033346e-01	1.578190983733043229e-01	2.606085086444419607e-01	1.570673752730665229e-01	7.415641676747188049e-02	3.115915097695106176e-02	7.963601173846049375e-02
1.250563600229890881e+03	2.392278727740357880e-01	1.576171154998362856e-01	2.608209668532072700e-01	1.571995263132089926e-01	7.420887862943612023e-02	3.119993173406041334e-02	7.972570819591473512e-02
1.252982485336718355e+03	2.389032821005182827e-01	1.574156681580499983e-01	2.610327557571596180e-01	1.573313021018551416e-01	7.426118846537073381e-02	3.124063400557954354e-02	7.981516941116625907e-02
1.255401370443546057e+03	2.385796632953611218e-01	1.572147548743971501e-01	2.612438777072370599e-01	1.574627040115874066e-01	7.431334672779593697e-02	3.128125757139505608e-02	7.990439581192590457e-02
1.257820255550373531e+03	2.382570134574699683e-01	1.570143741796411752e-01	2.614543350432128044e-01	1.575937334067171181e-01	7.436535386788171997e-02	3.132180221754148758e-02	7.999338782723533492e-02
1.260239140657201460e+03	2.379353296947136487e-01	1.568145246088427092e-01	2.616641300937742054e-01	1.577243916433616333e-01	7.441721033545210806e-02	3.136226773611264923e-02	8.008214588744266837e-02
1.262658025764028707e+03	2.376146091238921509e-01	1.566152047013447401e-01	2.618732651766007558e-01	1.578546800695204422e-01	7.446891657898915828e-02	3.140265392517421761e-02	8.017067042417812262e-02
1.265076910870856636e+03	2.372948488707048165e-01	1.564164130007579812e-01	2.620817425984417470e-01	1.579846000251506066e-01	7.452047304563716446e-02	3.144296058867748767e-02	8.025896187032981188e-02
1.267495795977684338e+03	2.369760460697185600e-01	1.562181480549463264e-01	2.622895646551928195e-01	1.581141528422413123e-01	7.457188018120676498e-02	3.148318753637431577e-02	8.034702066001948861e-02
1.269914681084511813e+03	2.366581978643364503e-01	1.560204084160123073e-01	2.624967336319725675e-01	1.582433398448876427e-01	7.462313843017895354e-02	3.152333458373326319e-02	8.043484722857845159e-02
1.272333566191339514e+03	2.363413014067664020e-01	1.558231926402827705e-01	2.627032518031974795e-01	1.583721623493634101e-01	7.467424823570924242e-02	3.156340155185680812e-02	8.052244201252357902e-02
1.274752451298167216e+03	2.360253538579898114e-01	1.556264992882943343e-01	2.629091214326573223e-01	1.585006216641933752e-01	7.472521003963168706e-02	3.160338826739976514e-02	8.060980544953336158e-02
1.277171336404994690e+03	2.357103523877306928e-01	1.554303269247793440e-01	2.631143447735893037e-01	1.586287190902245514e-01	7.477602428246292454e-02	3.164329456248879402e-02	8.069693797842406036e-02
1.279590221511822392e+03	2.353962941744246473e-01	1.552346741186514112e-01	2.633189240687516253e-01	1.587564559206968429e-01	7.482669140340621194e-02	3.168312027464296327e-02	8.078384003912601752e-02
1.282009106618650094e+03	2.350831764051882766e-01	1.550395394429913698e-01	2.635228615504964789e-01	1.588838334413127107e-01	7.487721184035546484e-02	3.172286524669546554e-02	8.087051207266000852e-02
1.284427991725477568e+03	2.347709962757884572e-01	1.548449214750331759e-01	2.637261594408424892e-01	1.590108529303062845e-01	7.492758602989925409e-02	3.176252932671635998e-02	8.095695452111374701e-02
1.286846876832305497e+03	2.344597509906119481e-01	1.546508187961498637e-01	2.639288199515466560e-01	1.591375156585116690e-01	7.497781440732476099e-02	3.180211236793636931e-02	8.104316782761848692e-02
1.289265761939132744e+03	2.341494377626352208e-01	1.544572299918396119e-01	2.641308452841752419e-01	1.592638228894304175e-01	7.502789740662182960e-02	3.184161422867171770e-02	8.112915243632572160e-02
1.291684647045960673e+03	2.338400538133942330e-01	1.542641536517118661e-01	2.643322376301744381e-01	1.593897758792982844e-01	7.507783546048686640e-02	3.188103477225000953e-02	8.121490879238404959e-02
1.294103532152788375e+03	2.335315963729544253e-01	1.540715883694734334e-01	2.645329991709404194e-01	1.595153758771514219e-01	7.512762900032680935e-02	3.192037386693706569e-02	8.130043734191615135e-02
1.296522417259616077e+03	2.332240626798809946e-01	1.538795327429147985e-01	2.647331320778885666e-01	1.596406241248915503e-01	7.517727845626306915e-02	3.195963138586480762e-02	8.138573853199590480e-02
1.298941302366443551e+03	2.329174499812091403e-01	1.536879853738963853e-01	2.649326385125222449e-01	1.597655218573507119e-01	7.522678425713545669e-02	3.199880720696009900e-02	8.147081281062557023e-02
1.301360187473271253e+03	2.326117555324145880e-01	1.534969448683349558e-01	2.651315206265010826e-01	1.598900703023551362e-01	7.527614683050608269e-02	3.203790121287454495e-02	8.155566062671319727e-02
1.303779072580098727e+03	2.323069765973840295e-01	1.533064098361899830e-01	2.653297805617084171e-01	1.600142706807884119e-01	7.532536660266328510e-02	3.207691329091526267e-02	8.164028243005014285e-02
1.306197957686926657e+03	2.320031104483861184e-01	1.531163788914502166e-01	2.655274204503183522e-01	1.601381242066541588e-01	7.537444399862545941e-02	3.211584333297654720e-02	8.172467867128868635e-02
1.308616842793753904e+03	2.317001543660421325e-01	1.529268506521201387e-01	2.657244424148621498e-01	1.602616320871377287e-01	7.542337944214499990e-02	3.215469123547252950e-02	8.180884980191986677e-02
1.311035727900581833e+03	2.313981056392971636e-01	1.527378237402066408e-01	2.659208485682940659e-01	1.603847955226674338e-01	7.547217335571206054e-02	3.219345689927070875e-02	8.189279627425138930e-02
1.313454613007409534e+03	2.310969615653912235e-01	1.525492967817057566e-01	2.661166410140567984e-01	1.605076157069749987e-01	7.552082616055849629e-02	3.223214022962635206e-02	8.197651854138578165e-02
1.315873498114237009e+03	2.307967194498305452e-01	1.523612684065892842e-01	2.663118218461460462e-01	1.606300938271555678e-01	7.556933827666165171e-02	3.227074113611783784e-02	8.206001705719850881e-02
1.318292383221064711e+03	2.304973766063589669e-01	1.521737372487916296e-01	2.665063931491745697e-01	1.607522310637266860e-01	7.561771012274817738e-02	3.230925953258288047e-02	8.214329227631653185e-02
1.320711268327892412e+03	2.301989303569297318e-01	1.519867019461967061e-01	2.667003569984359723e-01	1.608740285906869738e-01	7.566594211629781852e-02	3.234769533705553896e-02	8.222634465409674187e-02
1.323130153434719887e+03	2.299013780316769839e-01	1.518001611406248619e-01	2.668937154599675954e-01	1.609954875755739423e-01	7.571403467354724526e-02	3.238604847170413470e-02	8.230917464660474081e-02
1.325549038541547588e+03	2.296047169688877065e-01	1.516141134778197230e-01	2.670864705906131342e-01	1.611166091795213917e-01	7.576198820949381352e-02	3.242431886277002268e-02	8.239178271059367786e-02
1.327967923648375290e+03	2.293089445149737449e-01	1.514285576074353989e-01	2.672786244380845888e-01	1.612373945573159773e-01	7.580980313789935365e-02	3.246250644050715367e-02	8.247416930348325237e-02
1.330386808755202765e+03	2.290140580244438562e-01	1.512434921830235202e-01	2.674701790410235480e-01	1.613578448574532753e-01	7.585747987129386194e-02	3.250061113912244837e-02	8.255633488333899428e-02
1.332805693862030694e+03	2.287200548598760652e-01	1.510589158620203598e-01	2.676611364290620854e-01	1.614779612221931282e-01	7.590501882097934472e-02	3.253863289671699022e-02	8.263827990885155850e-02
1.335224578968857941e+03	2.284269323918898809e-01	1.508748273057340661e-01	2.678514986228834327e-01	1.615977447876145445e-01	7.595242039703342662e-02	3.257657165522803017e-02	8.272000483931624126e-02
1.337643464075685870e+03	2.281346879991189569e-01	1.506912251793319224e-01	2.680412676342811551e-01	1.617171966836699337e-01	7.599968500831316698e-02	3.261442736037174078e-02	8.280151013461270471e-02
1.340062349182513572e+03	2.278433190681837250e-01	1.505081081518277464e-01	2.682304454662190474e-01	1.618363180342387297e-01	7.604681306245870964e-02	3.265219996158674060e-02	8.288279625518485405e-02
1.342481234289341273e+03	2.275528229936641111e-01	1.503254748960691778e-01	2.684190341128896429e-01	1.619551099571803765e-01	7.609380496589701615e-02	3.268988941197840947e-02	8.296386366202079810e-02
1.344900119396168748e+03	2.272631971780724180e-01	1.501433240887251885e-01	2.686070355597725001e-01	1.620735735643868969e-01	7.614066112384551555e-02	3.272749566826394646e-02	8.304471281663308724e-02
1.347319004502996449e+03	2.269744390318264027e-01	1.499616544102735927e-01	2.687944517836920455e-01	1.621917099618346847e-01	7.618738194031574040e-02	3.276501869071810763e-02	8.312534418103906253e-02
1.349737889609823924e+03	2.266865459732223809e-01	1.497804645449884453e-01	2.689812847528746387e-01	1.623095202496359357e-01	7.623396781811704603e-02	3.280245844311975578e-02	8.320575821774142677e-02
1.352156774716651853e+03	2.263995154284085265e-01	1.495997531809278858e-01	2.691675364270055271e-01	1.624270055220894682e-01	7.628041915886021873e-02	3.283981489269911097e-02	8.328595538970892664e-02
1.354575659823479100e+03	2.261133448313582539e-01	1.494195190099216475e-01	2.693532087572849676e-01	1.625441668677307661e-01	7.632673636296112563e-02	3.287708801008566023e-02	8.336593616035722909e-02
1.356994544930307029e+03	2.258280316238437946e-01	1.492397607275587346e-01	2.695383036864840709e-01	1.626610053693818836e-01	7.637291982964432291e-02	3.291427776925680282e-02	8.344570099352999204e-02
1.359413430037134731e+03	2.255435732554097183e-01	1.490604770331753481e-01	2.697228231490000905e-01	1.627775221042004339e-01	7.641896995694665018e-02	3.295138414748721017e-02	8.352525035348010163e-02
1.361832315143962205e+03	2.252599671833468153e-01	1.488816666298426739e-01	2.699067690709110456e-01	1.628937181437283555e-01	7.646488714172083867e-02	3.298840712529882424e-02	8.360458470485103433e-02
1.364251200250789907e+03	2.249772108726658393e-01	1.487033282243546417e-01	2.700901433700301224e-01	1.630095945539398183e-01	7.651067177963909172e-02	3.302534668641152193e-02	8.368370451265851051e-02
1.366670085357617609e+03	2.246953017960717225e-01	1.485254605272159911e-01	2.702729479559596304e-01	1.631251523952889082e-01	7.655632426519663747e-02	3.306220281769448044e-02	8.376261024227214802e-02
1.369088970464445310e+03	2.244142374339374579e-01	1.483480622526301418e-01	2.704551847301441270e-01	1.632403927227567275e-01	7.660184499171535100e-02	3.309897550911818087e-02	8.384130235939747655e-02
1.371507855571272785e+03	2.241340152742784531e-01	1.481711321184873420e-01	2.706368555859235969e-01	1.633553165858978029e-01	7.664723435134719598e-02	3.313566475370705033e-02	8.391978133005796592e-02
1.373926740678100487e+03	2.238546328127268004e-01	1.479946688463527615e-01	2.708179624085856330e-01	1.634699250288861871e-01	7.669249273507786069e-02	3.317227054749272153e-02	8.399804762057737351e-02
1.376345625784927961e+03	2.235760875525059643e-01	1.478186711614545013e-01	2.709985070754174497e-01	1.635842190905610616e-01	7.673762053273024131e-02	3.320879288946794461e-02	8.407610169756213336e-02
1.378764510891755890e+03	2.232983770044051353e-01	1.476431377926718524e-01	2.711784914557575088e-01	1.636981998044717002e-01	7.678261813296795302e-02	3.324523178154112357e-02	8.415394402788400896e-02
1.381183395998583137e+03	2.230214986867539717e-01	1.474680674725236396e-01	2.713579174110464787e-01	1.638118681989220726e-01	7.682748592329881332e-02	3.328158722849142853e-02	8.423157507866289861e-02
1.383602281105411066e+03	2.227454501253974817e-01	1.472934589371563963e-01	2.715367867948778602e-01	1.639252252970148926e-01	7.687222429007836699e-02	3.331785923792455334e-02	8.430899531724980744e-02
1.386021166212238768e+03	2.224702288536708206e-01	1.471193109263327081e-01	2.717151014530481690e-01	1.640382721166953051e-01	7.691683361851334166e-02	3.335404782022900055e-02	8.438620521120998585e-02
1.388440051319066470e+03	2.221958324123744777e-01	1.469456221834196663e-01	2.718928632236067844e-01	1.641510096707939625e-01	7.696131429266513113e-02	3.339015298853303948e-02	8.446320522830624844e-02
1.390858936425893944e+03	2.219222583497492962e-01	1.467723914553773490e-01	2.720700739369050214e-01	1.642634389670697415e-01	7.700566669545320930e-02	3.342617475866215687e-02	8.453999583648250105e-02
1.393277821532721646e+03	2.216495042214517985e-01	1.465996174927471640e-01	2.722467354156452024e-01	1.643755610082519303e-01	7.704989120865864127e-02	3.346211314909713908e-02	8.461657750384737886e-02
1.395696706639549120e+03	2.213775675905295115e-01	1.464272990496405524e-01	2.724228494749289520e-01	1.644873767920819740e-01	7.709398821292748338e-02	3.349796818093268153e-02	8.469295069865809267e-02
1.398115591746377049e+03	2.211064460273964860e-01	1.462554348837274698e-01	2.725984179223052140e-01	1.645988873113547746e-01	7.713795808777414165e-02	3.353373987783656029e-02	8.476911588930448327e-02
1.400534476853204296e+03	2.208361371098088444e-01	1.460840237562251176e-01	2.727734425578180466e-01	1.647100935539596855e-01	7.718180121158492446e-02	3.356942826600935181e-02	8.484507354429317305e-02
1.402953361960032225e+03	2.205666384228404109e-01	1.459130644318865633e-01	2.729479251740534740e-01	1.648209965029207580e-01	7.722551796162129001e-02	3.360503337414470076e-02	8.492082413223193960e-02
1.405372247066859927e+03	2.202979475588585923e-01	1.457425556789895271e-01	2.731218675561865594e-01	1.649315971364368472e-01	7.726910871402330183e-02	3.364055523339008757e-02	8.499636812181422807e-02
1.407791132173687402e+03	2.200300621175002858e-01	1.455724962693250302e-01	2.732952714820275353e-01	1.650418964279212197e-01	7.731257384381305664e-02	3.367599387730817184e-02	8.507170598180387178e-02
1.410210017280515103e+03	2.197629797056477319e-01	1.454028849781864585e-01	2.734681387220678217e-01	1.651518953460405781e-01	7.735591372489797335e-02	3.371134934183861454e-02	8.514683818101995150e-02
1.412628902387342805e+03	2.194966979374048666e-01	1.452337205843582668e-01	2.736404710395256568e-01	1.652615948547538904e-01	7.739912873007416538e-02	3.374662166526039980e-02	8.522176518832187686e-02
1.415047787494170507e+03	2.192312144340732849e-01	1.450650018701049038e-01	2.738122701903912271e-01	1.653709959133506380e-01	7.744221923102979910e-02	3.378181088815471883e-02	8.529648747259455099e-02
1.417466672600997981e+03	2.189665268241287599e-01	1.448967276211599042e-01	2.739835379234712986e-01	1.654800994764887012e-01	7.748518559834842445e-02	3.381691705336829779e-02	8.537100550273375721e-02
1.419885557707825683e+03	2.187026327431974837e-01	1.447288966267148425e-01	2.741542759804336260e-01	1.655889064942319133e-01	7.752802820151229179e-02	3.385194020597723230e-02	8.544531974763171223e-02
1.422304442814653157e+03	2.184395298340327252e-01	1.445615076794083131e-01	2.743244860958511389e-01	1.656974179120871693e-01	7.757074740890565479e-02	3.388688039325130075e-02	8.551943067616281369e-02
1.424723327921481086e+03	2.181772157464913486e-01	1.443945595753151623e-01	2.744941699972453519e-01	1.658056346710410356e-01	7.761334358781812881e-02	3.392173766461877016e-02	8.559333875716941542e-02
1.427142213028308333e+03	2.179156881375105548e-01	1.442280511139356070e-01	2.746633294051293861e-01	1.659135577075961099e-01	7.765581710444786900e-02	3.395651207163166013e-02	8.566704445944797741e-02
1.429561098135136262e+03	2.176549446710848157e-01	1.440619810981842719e-01	2.748319660330513781e-01	1.660211879538069923e-01	7.769816832390495642e-02	3.399120366793146469e-02	8.574054825173524352e-02
1.431979983241963964e+03	2.173949830182426157e-01	1.438963483343797811e-01	2.750000815876364468e-01	1.661285263373157572e-01	7.774039761021463157e-02	3.402581250921535988e-02	8.581385060269457188e-02
1.434398868348791666e+03	2.171358008570235532e-01	1.437311516322336835e-01	2.751676777686289377e-01	1.662355737813870915e-01	7.778250532632052794e-02	3.406033865320283460e-02	8.588695198090251504e-02
1.436817753455619140e+03	2.168773958724554141e-01	1.435663898048400444e-01	2.753347562689342776e-01	1.663423312049431835e-01	7.782449183408794713e-02	3.409478215960279335e-02	8.595985285483548344e-02
1.439236638562446842e+03	2.166197657565314683e-01	1.434020616686646210e-01	2.755013187746601644e-01	1.664487995225980843e-01	7.786635749430710629e-02	3.412914309008105440e-02	8.603255369285663090e-02
1.441655523669274316e+03	2.163629082081876542e-01	1.432381660435344262e-01	2.756673669651577563e-01	1.665549796446917641e-01	7.790810266669631612e-02	3.416342150822836155e-02	8.610505496320285113e-02
1.444074408776102018e+03	2.161068209332800971e-01	1.430747017526271259e-01	2.758329025130623058e-01	1.666608724773237515e-01	7.794972770990526989e-02	3.419761747952872882e-02	8.617735713397192687e-02
1.446493293882929493e+03	2.158515016445624601e-01	1.429116676224605476e-01	2.759979270843332388e-01	1.667664789223865796e-01	7.799123298151819372e-02	3.423173107132827797e-02	8.624946067310991504e-02
1.448912178989757422e+03	2.155969480616636846e-01	1.427490624828822163e-01	2.761624423382945115e-01	1.668717998775987033e-01	7.803261883805703847e-02	3.426576235280447136e-02	8.632136604839858729e-02
1.451331064096585123e+03	2.153431579110655358e-01	1.425868851670590021e-01	2.763264499276739117e-01	1.669768362365370851e-01	7.807388563498472711e-02	3.429971139493576821e-02	8.639307372744313429e-02
1.453749949203412370e+03	2.150901289260805094e-01	1.424251345114666834e-01	2.764899514986425277e-01	1.670815888886696410e-01	7.811503372670826340e-02	3.433357827047163469e-02	8.646458417765988391e-02
1.456168834310240300e+03	2.148378588468296269e-01	1.422638093558795946e-01	2.766529486908535507e-01	1.671860587193870207e-01	7.815606346658193759e-02	3.436736305390304669e-02	8.653589786626432467e-02
1.458587719417068001e+03	2.145863454202203424e-01	1.421029085433604677e-01	2.768154431374810209e-01	1.672902466100343044e-01	7.819697520691047676e-02	3.440106582143330483e-02	8.660701526025917085e-02
1.461006604523895703e+03	2.143355863999247546e-01	1.419424309202500512e-01	2.769774364652578535e-01	1.673941534379422835e-01	7.823776929895215337e-02	3.443468665094929354e-02	8.667793682642264963e-02
1.463425489630723177e+03	2.140855795463575129e-01	1.417823753361570072e-01	2.771389302945141409e-01	1.674977800764584079e-01	7.827844609292196332e-02	3.446822562199308021e-02	8.674866303129691314e-02
1.465844374737550879e+03	2.138363226266542794e-01	1.416227406439476977e-01	2.772999262392144559e-01	1.676011273949773450e-01	7.831900593799477617e-02	3.450168281573394446e-02	8.681919434117653378e-02
1.468263259844378354e+03	2.135878134146499685e-01	1.414635256997360258e-01	2.774604259069952672e-01	1.677041962589713997e-01	7.835944918230837442e-02	3.453505831494071976e-02	8.688953122209727709e-02
1.470682144951206283e+03	2.133400496908569866e-01	1.413047293628734158e-01	2.776204308992019643e-01	1.678069875300204072e-01	7.839977617296658985e-02	3.456835220395459984e-02	8.695967413982497174e-02
1.473101030058033530e+03	2.130930292424440819e-01	1.411463504959387938e-01	2.777799428109254953e-01	1.679095020658414594e-01	7.843998725604242606e-02	3.460156456866220198e-02	8.702962355984446285e-02
1.475519915164861459e+03	2.128467498632146404e-01	1.409883879647285398e-01	2.779389632310385605e-01	1.680117407203181867e-01	7.848008277658112541e-02	3.463469549646906037e-02	8.709937994734877342e-02
1.477938800271689161e+03	2.126012093535854242e-01	1.408308406382464406e-01	2.780974937422319715e-01	1.681137043435299294e-01	7.852006307860324996e-02	3.466774507627345958e-02	8.716894376722839066e-02
1.480357685378516862e+03	2.123564055205653667e-01	1.406737073886939471e-01	2.782555359210500678e-01	1.682153937817804090e-01	7.855992850510772063e-02	3.470071339844061492e-02	8.723831548406073277e-02
1.482776570485344337e+03	2.121123361777344507e-01	1.405169870914602104e-01	2.784130913379262995e-01	1.683168098776261501e-01	7.859967939807489812e-02	3.473360055477719283e-02	8.730749556209968509e-02
