1.001418434226643626e+03	2.784501021922292652e-01	1.815493055604871231e-01	2.348647823406856405e-01	1.412998547562946683e-01	6.794572655828987062e-02	2.666799486736487479e-02	6.922223372434889443e-02
1.002869765290740247e+03	2.781846522630538332e-01	1.813903103911619630e-01	2.350410259519439271e-01	1.414079203489991277e-01	6.798850113985392685e-02	2.669562914636286477e-02	6.929196075832463886e-02
1.004321096354836754e+03	2.779196808644118777e-01	1.812315705996182247e-01	2.352169122982849248e-01	1.415157784035072919e-01	6.803120061476101987e-02	2.672326516863778381e-02	6.936159205047918996e-02
1.005772427418933376e+03	2.776551871203983834e-01	1.810730857531621107e-01	2.353924423255123188e-01	1.416234294723807408e-01	6.807382511776544076e-02	2.675090255886736212e-02	6.943112765161395250e-02
1.007223758483029997e+03	2.773911701568479438e-01	1.809148554199363212e-01	2.355676169759357841e-01	1.417308741058504462e-01	6.811637478337567719e-02	2.677854094538080487e-02	6.950056761237334568e-02
1.008675089547126618e+03	2.771276291013299864e-01	1.807568791689178611e-01	2.357424371883824754e-01	1.418381128518305112e-01	6.815884974585496858e-02	2.680617996012585671e-02	6.956991198325856995e-02
1.010126420611223239e+03	2.768645630831450544e-01	1.805991565699158474e-01	2.359169038982085742e-01	1.419451462559317423e-01	6.820125013922172241e-02	2.683381923863616125e-02	6.963916081464109620e-02
1.011577751675319632e+03	2.766019712333199765e-01	1.804416871935694555e-01	2.360910180373108069e-01	1.420519748614751387e-01	6.824357609724999996e-02	2.686145841999897782e-02	6.970831415677578025e-02
1.013029082739416367e+03	2.763398526846039260e-01	1.802844706113458095e-01	2.362647805341380469e-01	1.421585992095054374e-01	6.828582775347007139e-02	2.688909714682318278e-02	6.977737205981371371e-02
1.014480413803512761e+03	2.760782065714639799e-01	1.801275063955377898e-01	2.364381923137029717e-01	1.422650198388042964e-01	6.832800524116874885e-02	2.691673506520760734e-02	6.984633457381479726e-02
1.015931744867609382e+03	2.758170320300808442e-01	1.799707941192621730e-01	2.366112542975938038e-01	1.423712372859036734e-01	6.837010869339001096e-02	2.694437182470968417e-02	6.991520174875996696e-02
1.017383075931706003e+03	2.755563281983447466e-01	1.798143333564573287e-01	2.367839674039861342e-01	1.424772520850989266e-01	6.841213824293536361e-02	2.697200707831438199e-02	6.998397363456318465e-02
1.018834406995802851e+03	2.752960942158511615e-01	1.796581236818812488e-01	2.369563325476546911e-01	1.425830647684618868e-01	6.845409402236438123e-02	2.699964048240346970e-02	7.005265028108313696e-02
1.020285738059899245e+03	2.750363292238966473e-01	1.795021646711093544e-01	2.371283506399852192e-01	1.426886758658539034e-01	6.849597616399516475e-02	2.702727169672506161e-02	7.012123173813460120e-02
1.021737069123995752e+03	2.747770323654745162e-01	1.793464559005325809e-01	2.373000225889863313e-01	1.427940859049386668e-01	6.853778479990479955e-02	2.705490038436346098e-02	7.018971805549963083e-02
1.023188400188092373e+03	2.745182027852706708e-01	1.791909969473552688e-01	2.374713492993015540e-01	1.428992954111950320e-01	6.857952006192977179e-02	2.708252621170930546e-02	7.025810928293839408e-02
1.024639731252188767e+03	2.742598396296594965e-01	1.790357873895930263e-01	2.376423316722212076e-01	1.430043049079298134e-01	6.862118208166659294e-02	2.711014884843000392e-02	7.032640547019984589e-02
1.026091062316285615e+03	2.740019420466998090e-01	1.788808268060707862e-01	2.378129706056944792e-01	1.431091149162903031e-01	6.866277099047210508e-02	2.713776796744044734e-02	7.039460666703199754e-02
1.027542393380382237e+03	2.737445091861305801e-01	1.787261147764207803e-01	2.379832669943415246e-01	1.432137259552769826e-01	6.870428691946400823e-02	2.716538324487400430e-02	7.046271292319203350e-02
1.028993724444478858e+03	2.734875401993667743e-01	1.785716508810803460e-01	2.381532217294654863e-01	1.433181385417558740e-01	6.874572999952135999e-02	2.719299436005382514e-02	7.053072428845623409e-02
1.030445055508575479e+03	2.732310342394952962e-01	1.784174347012900397e-01	2.383228356990646779e-01	1.434223531904709747e-01	6.878710036128497796e-02	2.722060099546438558e-02	7.059864081262948177e-02
1.031896386572671872e+03	2.729749904612708833e-01	1.782634658190916099e-01	2.384921097878446861e-01	1.435263704140565810e-01	6.882839813515795324e-02	2.724820283672331825e-02	7.066646254555471185e-02
1.033347717636768493e+03	2.727194080211122196e-01	1.781097438173258884e-01	2.386610448772305271e-01	1.436301907230494446e-01	6.886962345130608065e-02	2.727579957255353571e-02	7.073418953712198864e-02
1.034799048700865114e+03	2.724642860770974950e-01	1.779562682796308748e-01	2.388296418453789149e-01	1.437338146259010130e-01	6.891077643965833055e-02	2.730339089475560324e-02	7.080182183727741496e-02
1.036250379764961508e+03	2.722096237889605752e-01	1.778030387904396825e-01	2.389979015671904183e-01	1.438372426289893924e-01	6.895185722990733457e-02	2.733097649818036143e-02	7.086935949603183349e-02
1.037701710829058356e+03	2.719554203180870044e-01	1.776500549349785685e-01	2.391658249143217563e-01	1.439404752366314488e-01	6.899286595150976031e-02	2.735855608070185060e-02	7.093680256346925062e-02
1.039153041893154750e+03	2.717016748275097315e-01	1.774973162992649345e-01	2.393334127551980384e-01	1.440435129510945489e-01	6.903380273368689424e-02	2.738612934319046427e-02	7.100415108975505207e-02
1.040604372957251599e+03	2.714483864819054459e-01	1.773448224701052456e-01	2.395006659550250605e-01	1.441463562726085224e-01	6.907466770542496082e-02	2.741369598948637312e-02	7.107140512514405206e-02
1.042055704021347992e+03	2.711955544475902480e-01	1.771925730350931982e-01	2.396675853758016284e-01	1.442490056993773473e-01	6.911546099547570543e-02	2.744125572637320931e-02	7.113856471998832032e-02
1.043507035085444613e+03	2.709431778925158740e-01	1.770405675826076941e-01	2.398341718763318253e-01	1.443514617275907519e-01	6.915618273235676905e-02	2.746880826355197272e-02	7.120562992474470387e-02
1.044958366149541234e+03	2.706912559862656997e-01	1.768888057018108695e-01	2.400004263122374193e-01	1.444537248514359551e-01	6.919683304435214621e-02	2.749635331361522522e-02	7.127260078998225168e-02
1.046409697213637855e+03	2.704397879000506877e-01	1.767372869826461523e-01	2.401663495359700751e-01	1.445557955631089908e-01	6.923741205951268463e-02	2.752389059202150351e-02	7.133947736638947268e-02
1.047861028277734476e+03	2.701887728067054462e-01	1.765860110158362362e-01	2.403319423968238722e-01	1.446576743528263376e-01	6.927791990565647373e-02	2.755141981706999213e-02	7.140625970478121920e-02
1.049312359341831097e+03	2.699382098806843988e-01	1.764349773928811926e-01	2.404972057409475172e-01	1.447593617088361040e-01	6.931835671036937208e-02	2.757894070987541510e-02	7.147294785610562584e-02
1.050763690405927491e+03	2.696880982980576769e-01	1.762841857060565842e-01	2.406621404113567786e-01	1.448608581174293808e-01	6.935872260100534037e-02	2.760645299434320507e-02	7.153954187145061816e-02
1.052215021470024112e+03	2.694384372365076219e-01	1.761336355484113825e-01	2.408267472479469207e-01	1.449621640629514541e-01	6.939901770468703823e-02	2.763395639714486332e-02	7.160604180205035196e-02
1.053666352534120733e+03	2.691892258753242895e-01	1.759833265137661640e-01	2.409910270875049998e-01	1.450632800278129353e-01	6.943924214830615727e-02	2.766145064769357301e-02	7.167244769929155546e-02
1.055117683598217127e+03	2.689404633954020629e-01	1.758332581967111674e-01	2.411549807637222154e-01	1.451642064925007525e-01	6.947939605852387901e-02	2.768893547812005876e-02	7.173875961471951057e-02
1.056569014662313975e+03	2.686921489792355455e-01	1.756834301926043229e-01	2.413186091072064554e-01	1.452649439355891969e-01	6.951947956177137455e-02	2.771641062324865096e-02	7.180497760004396490e-02
1.058020345726410369e+03	2.684442818109159523e-01	1.755338420975693647e-01	2.414819129454946200e-01	1.453654928337508589e-01	6.955949278425022086e-02	2.774387582057358595e-02	7.187110170714490487e-02
1.059471676790506763e+03	2.681968610761268357e-01	1.753844935084939716e-01	2.416448931030648339e-01	1.454658536617674247e-01	6.959943585193280324e-02	2.777133081023551442e-02	7.193713198807803744e-02
1.060923007854603611e+03	2.679498859621407547e-01	1.752353840230278514e-01	2.418075504013491028e-01	1.455660268925403900e-01	6.963930889056282880e-02	2.779877533499826303e-02	7.200306849508021634e-02
1.062374338918700232e+03	2.677033556578150009e-01	1.750865132395807156e-01	2.419698856587455815e-01	1.456660129971018569e-01	6.967911202565574280e-02	2.782620914022579731e-02	7.206891128057467399e-02
1.063825669982796853e+03	2.674572693535881007e-01	1.749378807573206407e-01	2.421318996906308418e-01	1.457658124446251091e-01	6.971884538249911722e-02	2.785363197385937878e-02	7.213466039717610079e-02
1.065277001046893474e+03	2.672116262414760413e-01	1.747894861761720431e-01	2.422935933093724736e-01	1.458654257024351031e-01	6.975850908615315038e-02	2.788104358639497543e-02	7.220031589769553004e-02
1.066728332110990095e+03	2.669664255150682175e-01	1.746413290968137355e-01	2.424549673243412418e-01	1.459648532360190432e-01	6.979810326145106936e-02	2.790844373086085947e-02	7.226587783514509811e-02
1.068179663175086489e+03	2.667216663695239909e-01	1.744934091206772064e-01	2.426160225419236594e-01	1.460640955090367343e-01	6.983762803299960187e-02	2.793583216279542369e-02	7.233134626274263790e-02
1.069630994239183110e+03	2.664773480015687479e-01	1.743457258499446771e-01	2.427767597655340615e-01	1.461631529833309628e-01	6.987708352517936483e-02	2.796320864022519559e-02	7.239672123391617531e-02
1.071082325303279504e+03	2.662334696094902364e-01	1.741982788875472976e-01	2.429371797956272894e-01	1.462620261189377380e-01	6.991646986214537784e-02	2.799057292364306310e-02	7.246200280230820356e-02
1.072533656367376352e+03	2.659900303931346244e-01	1.740510678371632314e-01	2.430972834297107366e-01	1.463607153740965616e-01	6.995578716782738238e-02	2.801792477598671199e-02	7.252719102177990207e-02
1.073984987431472746e+03	2.657470295539032246e-01	1.739040923032158792e-01	2.432570714623568109e-01	1.464592212052604203e-01	6.999503556593036913e-02	2.804526396261725063e-02	7.259228594641513321e-02
1.075436318495569594e+03	2.655044662947484979e-01	1.737573518908719639e-01	2.434165446852152304e-01	1.465575440671060825e-01	7.003421517993498047e-02	2.807259025129803243e-02	7.265728763052431427e-02
1.076887649559666215e+03	2.652623398201702232e-01	1.736108462060397817e-01	2.435757038870253466e-01	1.466556844125438963e-01	7.007332613309789904e-02	2.809990341217369347e-02	7.272219612864823379e-02
1.078338980623762609e+03	2.650206493362122773e-01	1.734645748553673150e-01	2.437345498536283295e-01	1.467536426927277537e-01	7.011236854845238897e-02	2.812720321774936708e-02	7.278701149556164596e-02
1.079790311687859230e+03	2.647793940504584720e-01	1.733185374462404282e-01	2.438930833679795740e-01	1.468514193570651105e-01	7.015134254880855957e-02	2.815448944287008565e-02	7.285173378627678165e-02
1.081241642751955851e+03	2.645385731720292788e-01	1.731727335867811746e-01	2.440513052101608016e-01	1.469490148532266727e-01	7.019024825675396206e-02	2.818176186470039771e-02	7.291636305604670687e-02
1.082692973816052472e+03	2.642981859115779986e-01	1.730271628858457700e-01	2.442092161573924947e-01	1.470464296271561389e-01	7.022908579465388101e-02	2.820902026270414795e-02	7.298089936036861181e-02
1.084144304880149093e+03	2.640582314812871534e-01	1.728818249530229556e-01	2.443668169840458870e-01	1.471436641230798870e-01	7.026785528465184782e-02	2.823626441862446892e-02	7.304534275498687779e-02
1.085595635944245487e+03	2.638187090948649338e-01	1.727367193986321103e-01	2.445241084616552596e-01	1.472407187835166331e-01	7.030655684867005706e-02	2.826349411646392890e-02	7.310969329589614429e-02
1.087046967008342108e+03	2.635796179675415907e-01	1.725918458337215577e-01	2.446810913589302361e-01	1.473375940492869796e-01	7.034519060840971338e-02	2.829070914246488086e-02	7.317395103934414002e-02
1.088498298072438729e+03	2.633409573160657713e-01	1.724472038700666510e-01	2.448377664417677735e-01	1.474342903595227960e-01	7.038375668535153118e-02	2.831790928508999550e-02	7.323811604183454171e-02
1.089949629136535123e+03	2.631027263587010223e-01	1.723027931201682184e-01	2.449941344732644022e-01	1.475308081516767400e-01	7.042225520075617862e-02	2.834509433500296063e-02	7.330218836012954153e-02
1.091400960200631971e+03	2.628649243152221815e-01	1.721586131972504818e-01	2.451501962137283275e-01	1.476271478615316379e-01	7.046068627566458298e-02	2.837226408504936112e-02	7.336616805125248386e-02
1.092852291264728365e+03	2.626275504069117694e-01	1.720146637152595859e-01	2.453059524206914754e-01	1.477233099232097002e-01	7.049905003089848576e-02	2.839941833023774259e-02	7.343005517249025227e-02
1.094303622328825213e+03	2.623906038565565479e-01	1.718709442888616823e-01	2.454614038489216499e-01	1.478192947691818193e-01	7.053734658706074800e-02	2.842655686772083481e-02	7.349384978139567037e-02
1.095754953392921607e+03	2.621540838884440228e-01	1.717274545334411540e-01	2.456165512504344950e-01	1.479151028302767290e-01	7.057557606453583599e-02	2.845367949677696587e-02	7.355755193578966677e-02
1.097206284457018228e+03	2.619179897283588354e-01	1.715841940650990050e-01	2.457713953745055413e-01	1.480107345356901360e-01	7.061373858349023758e-02	2.848078601879161856e-02	7.362116169376346775e-02
1.098657615521114849e+03	2.616823206035791549e-01	1.714411625006510009e-01	2.459259369676823070e-01	1.481061903129937407e-01	7.065183426387283694e-02	2.850787623723918460e-02	7.368467911368059564e-02
1.100108946585211470e+03	2.614470757428734027e-01	1.712983594576259760e-01	2.460801767737960943e-01	1.482014705881442296e-01	7.068986322541535861e-02	2.853494995766486450e-02	7.374810425417881177e-02
1.101560277649308091e+03	2.612122543764966998e-01	1.711557845542640288e-01	2.462341155339741461e-01	1.482965757854923516e-01	7.072782558763281158e-02	2.856200698766674095e-02	7.381143717417198991e-02
1.103011608713404712e+03	2.609778557361872586e-01	1.710134374095149679e-01	2.463877539866513311e-01	1.483915063277915503e-01	7.076572146982379463e-02	2.858904713687801871e-02	7.387467793285183715e-02
1.104462939777501106e+03	2.607438790551629970e-01	1.708713176430364244e-01	2.465410928675822178e-01	1.484862626362070115e-01	7.080355099107106531e-02	2.861607021694941716e-02	7.393782658968954535e-02
1.105914270841597499e+03	2.605103235681182627e-01	1.707294248751922983e-01	2.466941329098529256e-01	1.485808451303242961e-01	7.084131427024181749e-02	2.864307604153171899e-02	7.400088320443735934e-02
1.107365601905694348e+03	2.602771885112201700e-01	1.705877587270508422e-01	2.468468748438928106e-01	1.486752542281581102e-01	7.087901142598815318e-02	2.867006442625849583e-02	7.406384783713007569e-02
1.108816932969790741e+03	2.600444731221052685e-01	1.704463188203831081e-01	2.469993193974865386e-01	1.487694903461608820e-01	7.091664257674747118e-02	2.869703518872896916e-02	7.412672054808641664e-02
1.110268264033887590e+03	2.598121766398759913e-01	1.703051047776613092e-01	2.471514672957856040e-01	1.488635538992314211e-01	7.095420784074291110e-02	2.872398814849104823e-02	7.418950139791034848e-02
1.111719595097984211e+03	2.595802983050974899e-01	1.701641162220570158e-01	2.473033192613202091e-01	1.489574453007234123e-01	7.099170733598370031e-02	2.875092312702449623e-02	7.425219044749227504e-02
1.113170926162080832e+03	2.593488373597942487e-01	1.700233527774394349e-01	2.474548760140108938e-01	1.490511649624539359e-01	7.102914118026562584e-02	2.877783994772426662e-02	7.431478775801024506e-02
1.114622257226177226e+03	2.591177930474462543e-01	1.698828140683738830e-01	2.476061382711803593e-01	1.491447132947118226e-01	7.106650949117140903e-02	2.880473843588398850e-02	7.437729339093093750e-02
1.116073588290273847e+03	2.588871646129861648e-01	1.697424997201199826e-01	2.477571067475650146e-01	1.492380907062660633e-01	7.110381238607109411e-02	2.883161841867959083e-02	7.443970740801071628e-02
1.117524919354370468e+03	2.586569513027957012e-01	1.696024093586300518e-01	2.479077821553266336e-01	1.493312976043741358e-01	7.114104998212249231e-02	2.885847972515307933e-02	7.450202987129650456e-02
1.118976250418467089e+03	2.584271523647023727e-01	1.694625426105474952e-01	2.480581652040639018e-01	1.494243343947902758e-01	7.117822239627154268e-02	2.888532218619645556e-02	7.456426084312661740e-02
1.120427581482563710e+03	2.581977670479759235e-01	1.693228991032049990e-01	2.482082566008240732e-01	1.495172014817735262e-01	7.121532974525274229e-02	2.891214563453579217e-02	7.462640038613156668e-02
1.121878912546660331e+03	2.579687946033253354e-01	1.691834784646230050e-01	2.483580570501144058e-01	1.496098992680961470e-01	7.125237214558954868e-02	2.893894990471544346e-02	7.468844856323471337e-02
1.123330243610756725e+03	2.577402342828953308e-01	1.690442803235081004e-01	2.485075672539136249e-01	1.497024281550515257e-01	7.128934971359474071e-02	2.896573483308238425e-02	7.475040543765289203e-02
1.124781574674853118e+03	2.575120853402629861e-01	1.689053043092512418e-01	2.486567879116834967e-01	1.497947885424622261e-01	7.132626256537089038e-02	2.899250025777072234e-02	7.481227107289697975e-02
1.126232905738949967e+03	2.572843470304346791e-01	1.687665500519262285e-01	2.488057197203801529e-01	1.498869808286880378e-01	7.136311081681069590e-02	2.901924601868630105e-02	7.487404553277240971e-02
1.127684236803046360e+03	2.570570186098426468e-01	1.686280171822880369e-01	2.489543633744654982e-01	1.499790054106339421e-01	7.139989458359739805e-02	2.904597195749148916e-02	7.493572888137951804e-02
1.129135567867143209e+03	2.568300993363416551e-01	1.684897053317712112e-01	2.491027195659185622e-01	1.500708626837578274e-01	7.143661398120521033e-02	2.907267791759007153e-02	7.499732118311396023e-02
1.130586898931239830e+03	2.566035884692058899e-01	1.683516141324881976e-01	2.492507889842467683e-01	1.501625530420785948e-01	7.147326912489966599e-02	2.909936374411229570e-02	7.505882250266703026e-02
1.132038229995336451e+03	2.563774852691255712e-01	1.682137432172278457e-01	2.493985723164973689e-01	1.502540768781837344e-01	7.150986012973800654e-02	2.912602928390002621e-02	7.512023290502581330e-02
1.133489561059432845e+03	2.561517889982038998e-01	1.680760922194537155e-01	2.495460702472684922e-01	1.503454345832371253e-01	7.154638711056965361e-02	2.915267438549206877e-02	7.518155245547344934e-02
1.134940892123529466e+03	2.559264989199535600e-01	1.679386607733024117e-01	2.496932834587204664e-01	1.504366265469866404e-01	7.158285018203652816e-02	2.917929889910959515e-02	7.524278121958918875e-02
1.136392223187626087e+03	2.557016142992936669e-01	1.678014485135822242e-01	2.498402126305868942e-01	1.505276531577719457e-01	7.161924945857346680e-02	2.920590267664168946e-02	7.530391926324846164e-02
1.137843554251722708e+03	2.554771344025466573e-01	1.676644550757712682e-01	2.499868584401858940e-01	1.506185148025319387e-01	7.165558505440862425e-02	2.923248557163105402e-02	7.536496665262290562e-02
1.139294885315819101e+03	2.552530584974347927e-01	1.675276800960160406e-01	2.501332215624311739e-01	1.507092118668122982e-01	7.169185708356384801e-02	2.925904743925983667e-02	7.542592345418031030e-02
1.140746216379915950e+03	2.550293858530772173e-01	1.673911232111299219e-01	2.502793026698429957e-01	1.507997447347730335e-01	7.172806565985506699e-02	2.928558813633554483e-02	7.548678973468449238e-02
1.142197547444012343e+03	2.548061157399867382e-01	1.672547840585913714e-01	2.504251024325592212e-01	1.508901137891958677e-01	7.176421089689269395e-02	2.931210752127713301e-02	7.554756556119518462e-02
1.143648878508108737e+03	2.545832474300666060e-01	1.671186622765425955e-01	2.505706215183464147e-01	1.509803194114916480e-01	7.180029290808200015e-02	2.933860545410118398e-02	7.560825100106778607e-02
1.145100209572205586e+03	2.543607801966072945e-01	1.669827575037877987e-01	2.507158605926105843e-01	1.510703619817076737e-01	7.183631180662353177e-02	2.936508179640822530e-02	7.566884612195308446e-02
1.146551540636302207e+03	2.541387133142835597e-01	1.668470693797917681e-01	2.508608203184082286e-01	1.511602418785349122e-01	7.187226770551344290e-02	2.939153641136915338e-02	7.572935099179702034e-02
1.148002871700398828e+03	2.539170460591511636e-01	1.667115975446782361e-01	2.510055013564571613e-01	1.512499594793154101e-01	7.190816071754392580e-02	2.941796916371179627e-02	7.578976567884029847e-02
1.149454202764495449e+03	2.536957777086435994e-01	1.665763416392284646e-01	2.511499043651473917e-01	1.513395151600493704e-01	7.194399095530358557e-02	2.944437991970756327e-02	7.585009025161797147e-02
1.150905533828591842e+03	2.534749075415693720e-01	1.664413013048794687e-01	2.512940300005517269e-01	1.514289092954022586e-01	7.197975853117781486e-02	2.947076854715825409e-02	7.591032477895905128e-02
1.152356864892688463e+03	2.532544348381084443e-01	1.663064761837226568e-01	2.514378789164367078e-01	1.515181422587120186e-01	7.201546355734918248e-02	2.949713491538294777e-02	7.597046932998594015e-02
1.153808195956785084e+03	2.530343588798095178e-01	1.661718659185022484e-01	2.515814517642732673e-01	1.516072144219960949e-01	7.205110614579782191e-02	2.952347889520502353e-02	7.603052397411395880e-02
1.155259527020881706e+03	2.528146789495865909e-01	1.660374701526138308e-01	2.517247491932471659e-01	1.516961261559583996e-01	7.208668640830180607e-02	2.954980035893928214e-02	7.609048878105079128e-02
1.156710858084978327e+03	2.525953943317161832e-01	1.659032885301026938e-01	2.518677718502700946e-01	1.517848778299962786e-01	7.212220445643750810e-02	2.957609918037921656e-02	7.615036382079579114e-02
1.158162189149074720e+03	2.523765043118341711e-01	1.657693206956624421e-01	2.520105203799897775e-01	1.518734698122075066e-01	7.215766040158004546e-02	2.960237523478432761e-02	7.621014916363939851e-02
1.159613520213171569e+03	2.521580081769326798e-01	1.656355662946333851e-01	2.521529954248008520e-01	1.519619024693970866e-01	7.219305435490355749e-02	2.962862839886762356e-02	7.626984488016243235e-02
1.161064851277267962e+03	2.519399052153570850e-01	1.655020249730010939e-01	2.522951976248550832e-01	1.520501761670841057e-01	7.222838642738169113e-02	2.965485855078317523e-02	7.632945104123534108e-02
1.162516182341364356e+03	2.517221947168028495e-01	1.653686963773949026e-01	2.524371276180720769e-01	1.521382912695085077e-01	7.226365672978792010e-02	2.968106557011380986e-02	7.638896771801742536e-02
1.163967513405461204e+03	2.515048759723126914e-01	1.652355801550863812e-01	2.525787860401496054e-01	1.522262481396378930e-01	7.229886537269589186e-02	2.970724933785889171e-02	7.644839498195610261e-02
1.165418844469557826e+03	2.512879482742734760e-01	1.651026759539878375e-01	2.527201735245739878e-01	1.523140471391740969e-01	7.233401246647985783e-02	2.973340973642222759e-02	7.650773290478594946e-02
1.166870175533654447e+03	2.510714109164131624e-01	1.649699834226509287e-01	2.528612907026302481e-01	1.524016886285599892e-01	7.236909812131506192e-02	2.975954664960005214e-02	7.656698155852795229e-02
1.168321506597751068e+03	2.508552631937978616e-01	1.648375022102650522e-01	2.530021382034127742e-01	1.524891729669859697e-01	7.240412244717803203e-02	2.978565996256915538e-02	7.662614101548850809e-02
1.169772837661847461e+03	2.506395044028287833e-01	1.647052319666559850e-01	2.531427166538352536e-01	1.525765005123966012e-01	7.243908555384703796e-02	2.981174956187507621e-02	7.668521134825853625e-02
1.171224168725944082e+03	2.504241338412392937e-01	1.645731723422843018e-01	2.532830266786412210e-01	1.526636716214970768e-01	7.247398755090241063e-02	2.983781533542042078e-02	7.674419262971250710e-02
1.172675499790040703e+03	2.502091508080920845e-01	1.644413229882440153e-01	2.534230689004137171e-01	1.527506866497598259e-01	7.250882854772697228e-02	2.986385717245327101e-02	7.680308493300738726e-02
1.174126830854137097e+03	2.499945546037759259e-01	1.643096835562609659e-01	2.535628439395857803e-01	1.528375459514307588e-01	7.254360865350631404e-02	2.988987496355570081e-02	7.686188833158166811e-02
1.175578161918233945e+03	2.497803445300029179e-01	1.641782536986916285e-01	2.537023524144507158e-01	1.529242498795359284e-01	7.257832797722925389e-02	2.991586860063237541e-02	7.692060289915425564e-02
1.177029492982330339e+03	2.495665198898054660e-01	1.640470330685214473e-01	2.538415949411716999e-01	1.530107987858876084e-01	7.261298662768815582e-02	2.994183797689927914e-02	7.697922870972342957e-02
1.178480824046426733e+03	2.493530799875333381e-01	1.639160213193633642e-01	2.539805721337919930e-01	1.530971930210908161e-01	7.264758471347931845e-02	2.996778298687251610e-02	7.703776583756567764e-02
1.179932155110523581e+03	2.491400241288508344e-01	1.637852181054565426e-01	2.541192846042449327e-01	1.531834329345495294e-01	7.268212234300333585e-02	2.999370352635721132e-02	7.709621435723455762e-02
1.181383486174620202e+03	2.489273516207337889e-01	1.636546230816648684e-01	2.542577329623638138e-01	1.532695188744728487e-01	7.271659962446549996e-02	3.001959949243649881e-02	7.715457434355957322e-02
1.182834817238716823e+03	2.487150617714666556e-01	1.635242359034754789e-01	2.543959178158916590e-01	1.533554511878813809e-01	7.275101666587606430e-02	3.004547078346064826e-02	7.721284587164491120e-02
1.184286148302813444e+03	2.485031538906396498e-01	1.633940562269973751e-01	2.545338397704913769e-01	1.534412302206131506e-01	7.278537357505072969e-02	3.007131729903622305e-02	7.727102901686828951e-02
1.185737479366910065e+03	2.482916272891458054e-01	1.632640837089599506e-01	2.546714994297551438e-01	1.535268563173299294e-01	7.281967045961093565e-02	3.009713894001536660e-02	7.732912385487963891e-02
1.187188810431006686e+03	2.480804812791781722e-01	1.631343180067116316e-01	2.548088973952143954e-01	1.536123298215231747e-01	7.285390742698427680e-02	3.012293560848517890e-02	7.738713046159985398e-02
1.188640141495103080e+03	2.478697151742269011e-01	1.630047587782184892e-01	2.549460342663495971e-01	1.536976510755201641e-01	7.288808458440478033e-02	3.014870720775718674e-02	7.744504891321957185e-02
1.190091472559199701e+03	2.476593282890763303e-01	1.628754056820627405e-01	2.550829106405996249e-01	1.537828204204899074e-01	7.292220203891335017e-02	3.017445364235689029e-02	7.750287928619777056e-02
1.191542803623296322e+03	2.474493199398023202e-01	1.627462583774414162e-01	2.552195271133716470e-01	1.538678381964492248e-01	7.295625989735810002e-02	3.020017481801340678e-02	7.756062165726046453e-02
1.192994134687392716e+03	2.472396894437691173e-01	1.626173165241649732e-01	2.553558842780506155e-01	1.539527047422685757e-01	7.299025826639471415e-02	3.022587064164919748e-02	7.761827610339937233e-02
1.194445465751489564e+03	2.470304361196267173e-01	1.624885797826558509e-01	2.554919827260088705e-01	1.540374203956779153e-01	7.302419725248680826e-02	3.025154102136989528e-02	7.767584270187048723e-02
1.195896796815585958e+03	2.468215592873080622e-01	1.623600478139471115e-01	2.556278230466154655e-01	1.541219854932726618e-01	7.305807696190627643e-02	3.027718586645421206e-02	7.773332153019274493e-02
1.197348127879682352e+03	2.466130582680261252e-01	1.622317202796810520e-01	2.557634058272458266e-01	1.542064003705193864e-01	7.309189750073365188e-02	3.030280508734392239e-02	7.779071266614658031e-02
1.198799458943779200e+03	2.464049323842710804e-01	1.621035968421078166e-01	2.558987316532909673e-01	1.542906653617616974e-01	7.312565897485849564e-02	3.032839859563395829e-02	7.784801618777248411e-02
1.200250790007875821e+03	2.461971809598076100e-01	1.619756771640840642e-01	2.560338011081670917e-01	1.543747808002259025e-01	7.315936148997970179e-02	3.035396630406254556e-02	7.790523217336955963e-02
1.201702121071972442e+03	2.459898033196720457e-01	1.618479609090715254e-01	2.561686147733246988e-01	1.544587470180267263e-01	7.319300515160589993e-02	3.037950812650147547e-02	7.796236070149406561e-02
1.203153452136069063e+03	2.457827987901695932e-01	1.617204477411357255e-01	2.563031732282580188e-01	1.545425643461729726e-01	7.322659006505577439e-02	3.040502397794641806e-02	7.801940185095794511e-02
1.204604783200165684e+03	2.455761666988715008e-01	1.615931373249445691e-01	2.564374770505141177e-01	1.546262331145731306e-01	7.326011633545846669e-02	3.043051377450733952e-02	7.807635570082731291e-02
1.206056114264262078e+03	2.453699063746124231e-01	1.614660293257669799e-01	2.565715268157022222e-01	1.547097536520410377e-01	7.329358406775386692e-02	3.045597743339899938e-02	7.813322233042090115e-02
1.207507445328358699e+03	2.451640171474875618e-01	1.613391234094715687e-01	2.567053230975027689e-01	1.547931262863013191e-01	7.332699336669298851e-02	3.048141487293151014e-02	7.819000181930860216e-02
1.208958776392455093e+03	2.449584983488499457e-01	1.612124192425253566e-01	2.568388664676766742e-01	1.548763513439950501e-01	7.336034433683835676e-02	3.050682601250099754e-02	7.824669424730987255e-02
1.210410107456551941e+03	2.447533493113076275e-01	1.610859164919922204e-01	2.569721574960743271e-01	1.549594291506850852e-01	7.339363708256432806e-02	3.053221077258033711e-02	7.830329969449223437e-02
1.211861438520648335e+03	2.445485693687211304e-01	1.609596148255318382e-01	2.571051967506444713e-01	1.550423600308616368e-01	7.342687170805740904e-02	3.055756907470996361e-02	7.835981824116959593e-02
1.213312769584745183e+03	2.443441578562005612e-01	1.608335139113981072e-01	2.572379847974434752e-01	1.551251443079476044e-01	7.346004831731670071e-02	3.058290084148876029e-02	7.841624996790080848e-02
1.214764100648841804e+03	2.441401141101028627e-01	1.607076134184379779e-01	2.573705222006439919e-01	1.552077823043040428e-01	7.349316701415414821e-02	3.060820599656501051e-02	7.847259495548794539e-02
1.216215431712937971e+03	2.439364374680292047e-01	1.605819130160900665e-01	2.575028095225441183e-01	1.552902743412353792e-01	7.352622790219492943e-02	3.063348446462745012e-02	7.852885328497477557e-02
1.217666762777034819e+03	2.437331272688223194e-01	1.604564123743832948e-01	2.576348473235759995e-01	1.553726207389948821e-01	7.355923108487781581e-02	3.065873617139639601e-02	7.858502503764509817e-02
1.219118093841131440e+03	2.435301828525636980e-01	1.603311111639357245e-01	2.577666361623150437e-01	1.554548218167897677e-01	7.359217666545550540e-02	3.068396104361491641e-02	7.864111029502117434e-02
1.220569424905228061e+03	2.433276035605709264e-01	1.602060090559530581e-01	2.578981765954881378e-01	1.555368778927866402e-01	7.362506474699496983e-02	3.070915900904010870e-02	7.869710913886200643e-02
1.222020755969324682e+03	2.431253887353951038e-01	1.600811057222273626e-01	2.580294691779829175e-01	1.556187892841164877e-01	7.365789543237778736e-02	3.073432999643443964e-02	7.875302165116171427e-02
1.223472087033421303e+03	2.429235377208180668e-01	1.599564008351359867e-01	2.581605144628560944e-01	1.557005563068800391e-01	7.369066882430050369e-02	3.075947393555715503e-02	7.880884791414792534e-02
1.224923418097517697e+03	2.427220498618498090e-01	1.598318940676399236e-01	2.582913130013423930e-01	1.557821792761528157e-01	7.372338502527497894e-02	3.078459075715576573e-02	7.886458801028004006e-02
1.226374749161614318e+03	2.425209245047257323e-01	1.597075850932828389e-01	2.584218653428628776e-01	1.558636585059903212e-01	7.375604413762870681e-02	3.080968039295759950e-02	7.892024202224759422e-02
1.227826080225710712e+03	2.423201609969040937e-01	1.595834735861895448e-01	2.585521720350337227e-01	1.559449943094329827e-01	7.378864626350520317e-02	3.083474277566143965e-02	7.897581003296856583e-02
1.229277411289807560e+03	2.421197586870633967e-01	1.594595592210648893e-01	2.586822336236747621e-01	1.560261869985113126e-01	7.382119150486432524e-02	3.085977783892920531e-02	7.903129212558765437e-02
1.230728742353903954e+03	2.419197169250996149e-01	1.593358416731922300e-01	2.588120506528178710e-01	1.561072368842509606e-01	7.385367996348256303e-02	3.088478551737772540e-02	7.908668838347462926e-02
1.232180073418000802e+03	2.417200350621237226e-01	1.592123206184324902e-01	2.589416236647152925e-01	1.561881442766775152e-01	7.388611174095344181e-02	3.090976574657059231e-02	7.914199889022255352e-02
1.233631404482097196e+03	2.415207124504589742e-01	1.590889957332225768e-01	2.590709531998482973e-01	1.562689094848217219e-01	7.391848693868784126e-02	3.093471846301003303e-02	7.919722372964613233e-02
1.235082735546193817e+03	2.413217484436384064e-01	1.589658666945742982e-01	2.592000397969354553e-01	1.563495328167241460e-01	7.395080565791435634e-02	3.095964360412890859e-02	7.925236298577993665e-02
1.236534066610290438e+03	2.411231423964022014e-01	1.588429331800730593e-01	2.593288839929410172e-01	1.564300145794402241e-01	7.398306799967957481e-02	3.098454110828273780e-02	7.930741674287675180e-02
1.237985397674387059e+03	2.409248936646949946e-01	1.587201948678766128e-01	2.594574863230828532e-01	1.565103550790450937e-01	7.401527406484849358e-02	3.100941091474179734e-02	7.936238508540575942e-02
1.239436728738483680e+03	2.407270016056634321e-01	1.585976514367136991e-01	2.595858473208411676e-01	1.565905546206383114e-01	7.404742395410481015e-02	3.103425296368332240e-02	7.941726809805083054e-02
1.240888059802580301e+03	2.405294655776535340e-01	1.584753025658829362e-01	2.597139675179664375e-01	1.566706135083488494e-01	7.407951776795125565e-02	3.105906719618370740e-02	7.947206586570880471e-02
1.242339390866676695e+03	2.403322849402081407e-01	1.583531479352514870e-01	2.598418474444876836e-01	1.567505320453397577e-01	7.411155560670994180e-02	3.108385355421083157e-02	7.952677847348769979e-02
1.243790721930773088e+03	2.401354590540643874e-01	1.582311872252538387e-01	2.599694876287204082e-01	1.568303105338128278e-01	7.414353757052266625e-02	3.110861198061640881e-02	7.958140600670500497e-02
1.245242052994869937e+03	2.399389872811510394e-01	1.581094201168905811e-01	2.600968885972748113e-01	1.569099492750133940e-01	7.417546375935134273e-02	3.113334241912842429e-02	7.963594855088586277e-02
1.246693384058966330e+03	2.397428689845861327e-01	1.579878462917271298e-01	2.602240508750638948e-01	1.569894485692350516e-01	7.420733427297819540e-02	3.115804481434362311e-02	7.969040619176136209e-02
1.248144715123063179e+03	2.395471035286742267e-01	1.578664654318925054e-01	2.603509749853114008e-01	1.570688087158241819e-01	7.423914921100620290e-02	3.118271911172007527e-02	7.974477901526676182e-02
1.249596046187159800e+03	2.393516902789041001e-01	1.577452772200781672e-01	2.604776614495595832e-01	1.571480300131846697e-01	7.427090867285937592e-02	3.120736525756976840e-02	7.979906710753967292e-02
1.251047377251256421e+03	2.391566286019460308e-01	1.576242813395366538e-01	2.606041107876773122e-01	1.572271127587824835e-01	7.430261275778309027e-02	3.123198319905131498e-02	7.985327055491839299e-02
1.252498708315352815e+03	2.389619178656493537e-01	1.575034774740805554e-01	2.607303235178680678e-01	1.573060572491501996e-01	7.433426156484443381e-02	3.125657288416265611e-02	7.990738944394000509e-02
1.253950039379449436e+03	2.387675574390400179e-01	1.573828653080810713e-01	2.608563001566774342e-01	1.573848637798915540e-01	7.436585519293256730e-02	3.128113426173389361e-02	7.996142386133872626e-02
1.255401370443546057e+03	2.385735466923180059e-01	1.572624445264670101e-01	2.609820412190012040e-01	1.574635326456859385e-01	7.439739374075896028e-02	3.130566728142012561e-02	8.001537389404402012e-02
1.256852701507642678e+03	2.383798849968549183e-01	1.571422148147234299e-01	2.611075472180929835e-01	1.575420641402928978e-01	7.442887730685782133e-02	3.133017189369436545e-02	8.006923962917886217e-02
1.258304032571739299e+03	2.381865717251913372e-01	1.570221758588904726e-01	2.612328186655719087e-01	1.576204585565565697e-01	7.446030598958634783e-02	3.135464804984052639e-02	8.012302115405800507e-02
1.259755363635835920e+03	2.379936062510345784e-01	1.569023273455622813e-01	2.613578560714304166e-01	1.576987161864100984e-01	7.449167988712512845e-02	3.137909570194645503e-02	8.017671855618613286e-02
1.261206694699932314e+03	2.378009879492560819e-01	1.567826689618856129e-01	2.614826599440418509e-01	1.577768373208800479e-01	7.452299909747836515e-02	3.140351480289700625e-02	8.023033192325607077e-02
1.262658025764028707e+03	2.376087161958888583e-01	1.566632003955587549e-01	2.616072307901680105e-01	1.578548222500907039e-01	7.455426371847433120e-02	3.142790530636721535e-02	8.028386134314707823e-02
1.264109356828125556e+03	2.374167903681252689e-01	1.565439213348303327e-01	2.617315691149667556e-01	1.579326712632685425e-01	7.458547384776557931e-02	3.145226716681547713e-02	8.033730690392298923e-02
1.265560687892221949e+03	2.372252098443143609e-01	1.564248314684980601e-01	2.618556754219995009e-01	1.580103846487463659e-01	7.461662958282931635e-02	3.147660033947682207e-02	8.039066869383046376e-02
1.267012018956318798e+03	2.370339740039595633e-01	1.563059304859077403e-01	2.619795502132386544e-01	1.580879626939677707e-01	7.464773102096775026e-02	3.150090478035624114e-02	8.044394680129719755e-02
1.268463350020415419e+03	2.368430822277161896e-01	1.561872180769517671e-01	2.621031939890752227e-01	1.581654056854912838e-01	7.467877825930833990e-02	3.152518044622203836e-02	8.049714131493009017e-02
1.269914681084511813e+03	2.366525338973890225e-01	1.560686939320682920e-01	2.622266072483259158e-01	1.582427139089946089e-01	7.470977139480421136e-02	3.154942729459925960e-02	8.055025232351355202e-02
1.271366012148608434e+03	2.364623283959298994e-01	1.559503577422397813e-01	2.623497904882409748e-01	1.583198876492788454e-01	7.474071052423440775e-02	3.157364528376319091e-02	8.060327991600764463e-02
1.272817343212705055e+03	2.362724651074353255e-01	1.558322091989920721e-01	2.624727442045111658e-01	1.583969271902727349e-01	7.477159574420426391e-02	3.159783437273287060e-02	8.065622418154631823e-02
1.274268674276801676e+03	2.360829434171440033e-01	1.557142479943930402e-01	2.625954688912750523e-01	1.584738328150366304e-01	7.480242715114567009e-02	3.162199452126467775e-02	8.070908520943566311e-02
1.275720005340898297e+03	2.358937627114344737e-01	1.555964738210515175e-01	2.627179650411263223e-01	1.585506048057668815e-01	7.483320484131740502e-02	3.164612568984599000e-02	8.076186308915210554e-02
1.277171336404994690e+03	2.357049223778227010e-01	1.554788863721161540e-01	2.628402331451211160e-01	1.586272434437997758e-01	7.486392891080549672e-02	3.167022783968884841e-02	8.081455791034058977e-02
1.278622667469091539e+03	2.355164218049597413e-01	1.553614853412741970e-01	2.629622736927850757e-01	1.587037490096155079e-01	7.489459945552350006e-02	3.169430093272374016e-02	8.086716976281285718e-02
1.280073998533187932e+03	2.353282603826293284e-01	1.552442704227504078e-01	2.630840871721205620e-01	1.587801217828424816e-01	7.492521657121285761e-02	3.171834493159335355e-02	8.091969873654564216e-02
1.281525329597284326e+03	2.351404375017455139e-01	1.551272413113058968e-01	2.632056740696135377e-01	1.588563620422611677e-01	7.495578035344313550e-02	3.174235979964643017e-02	8.097214492167893740e-02
1.282976660661381175e+03	2.349529525543501973e-01	1.550103977022369850e-01	2.633270348702410057e-01	1.589324700658081846e-01	7.498629089761243982e-02	3.176634550093167947e-02	8.102450840851413427e-02
1.284427991725477568e+03	2.347658049336109054e-01	1.548937392913740108e-01	2.634481700574777263e-01	1.590084461305802110e-01	7.501674829894765251e-02	3.179030200019172109e-02	8.107678928751234360e-02
1.285879322789574417e+03	2.345789940338184609e-01	1.547772657750802749e-01	2.635690801133033778e-01	1.590842905128379559e-01	7.504715265250480605e-02	3.181422926285706193e-02	8.112898764929259154e-02
1.287330653853671038e+03	2.343925192503845401e-01	1.546609768502509308e-01	2.636897655182093292e-01	1.591600034880101544e-01	7.507750405316933329e-02	3.183812725504017033e-02	8.118110358463005716e-02
1.288781984917767431e+03	2.342063799798393131e-01	1.545448722143117348e-01	2.638102267512059118e-01	1.592355853306973157e-01	7.510780259565644212e-02	3.186199594352952941e-02	8.123313718445430986e-02
1.290233315981864052e+03	2.340205756198291687e-01	1.544289515652180200e-01	2.639304642898287478e-01	1.593110363146757469e-01	7.513804837451140695e-02	3.188583529578381537e-02	8.128508853984756088e-02
