1.301360187473271253e+03	2.392874359681088636e-01	1.441006754855238270e-01	2.619471020753926238e-01	1.620562460033049823e-01	7.730451428129306302e-02	3.259236538744091083e-02	8.271166079890576728e-02
1.306197957686926657e+03	2.386796045062092031e-01	1.437237138033793660e-01	2.623343024730939166e-01	1.623147856299659297e-01	7.741335250799047385e-02	3.266155040867157328e-02	8.287269067065956840e-02
1.311035727900581833e+03	2.380752622336962665e-01	1.433489162836539543e-01	2.627191466146015508e-01	1.625718389349133930e-01	7.752158640753351038e-02	3.273043878811700280e-02	8.303281073745438778e-02
1.315873498114237009e+03	2.374743890800815882e-01	1.429762704751161573e-01	2.631016493437561832e-01	1.628274145013005325e-01	7.762921924637981863e-02	3.279903135179925572e-02	8.319202600153660643e-02
1.320711268327892412e+03	2.368769650907293078e-01	1.426057639984369407e-01	2.634818254059300147e-01	1.630815208612124145e-01	7.773625427435534863e-02	3.286732892853493765e-02	8.335034144077124729e-02
1.325549038541547588e+03	2.362829704261830144e-01	1.422373845457711727e-01	2.638596894487247324e-01	1.633341664960282769e-01	7.784269472472817031e-02	3.293533234985612790e-02	8.350776200867868204e-02
1.330386808755202765e+03	2.356923853614963926e-01	1.418711198803419282e-01	2.642352560226642888e-01	1.635853598367790207e-01	7.794854381428216461e-02	3.300304244993219893e-02	8.366429263447419662e-02
1.335224578968857941e+03	2.351051902855678111e-01	1.415069578360269864e-01	2.646085395818823516e-01	1.638351092645002616e-01	7.805380474339022878e-02	3.307046006549264200e-02	8.381993822310986053e-02
1.340062349182513572e+03	2.345213657004790453e-01	1.411448863169478540e-01	2.649795544848049800e-01	1.640834231105812169e-01	7.815848069608737070e-02	3.313758603575080175e-02	8.397470365531883862e-02
1.344900119396168748e+03	2.339408922208377206e-01	1.407848932970613698e-01	2.653483149948280273e-01	1.643303096571090138e-01	7.826257484014351173e-02	3.320442120232856842e-02	8.412859378766192331e-02
1.349737889609823924e+03	2.333637505731235573e-01	1.404269668197535015e-01	2.657148352809896030e-01	1.645757771372091394e-01	7.836609032713598433e-02	3.327096640918197901e-02	8.428161345257637049e-02
1.354575659823479100e+03	2.327899215950387513e-01	1.400710949974356967e-01	2.660791294186375944e-01	1.648198337353816434e-01	7.846903029252186301e-02	3.333722250252776909e-02	8.443376745842683107e-02
1.359413430037134731e+03	2.322193862348619631e-01	1.397172660111436482e-01	2.664412113900920809e-01	1.650624875878334841e-01	7.857139785570993462e-02	3.340319033077078503e-02	8.458506058955823914e-02
1.364251200250789907e+03	2.316521255508062205e-01	1.393654681101382520e-01	2.668010950853028640e-01	1.653037467828071261e-01	7.867319612013246033e-02	3.346887074443232607e-02	8.473549760635076811e-02
1.369088970464445310e+03	2.310881207103806234e-01	1.390156896115092300e-01	2.671587943025024448e-01	1.655436193609050310e-01	7.877442817331678504e-02	3.353426459607936061e-02	8.488508324527660465e-02
1.373926740678100487e+03	2.305273529897556295e-01	1.386679188997808065e-01	2.675143227488531172e-01	1.657821133154108451e-01	7.887509708695648880e-02	3.359937274025463771e-02	8.503382221895858240e-02
1.378764510891755890e+03	2.299698037731323363e-01	1.383221444265197997e-01	2.678676940410904539e-01	1.660192365926066727e-01	7.897520591698253822e-02	3.366419603340766592e-02	8.518171921623050868e-02
1.383602281105411066e+03	2.294154545521153443e-01	1.379783547099462382e-01	2.682189217061616837e-01	1.662549970920870201e-01	7.907475770363404932e-02	3.372873533382653860e-02	8.532877890219915662e-02
1.388440051319066470e+03	2.288642869250892553e-01	1.376365383345458659e-01	2.685680191818583529e-01	1.664894026670692417e-01	7.917375547152881443e-02	3.379299150157061976e-02	8.547500591830788086e-02
1.393277821532721646e+03	2.283162825965990295e-01	1.372966839506853387e-01	2.689149998174454881e-01	1.667224611247006549e-01	7.927220222973362096e-02	3.385696539840411801e-02	8.562040488240181546e-02
1.398115591746377049e+03	2.277714233767338115e-01	1.369587802742294746e-01	2.692598768742852644e-01	1.669541802263622698e-01	7.937010097183438972e-02	3.392065788773040297e-02	8.576498038879437624e-02
1.402953361960032225e+03	2.272296911805143926e-01	1.366228160861609198e-01	2.696026635264566207e-01	1.671845676879694098e-01	7.946745467600600799e-02	3.398406983452725849e-02	8.590873700833540072e-02
1.407791132173687402e+03	2.266910680272844203e-01	1.362887802322017561e-01	2.699433728613694350e-01	1.674136311802691679e-01	7.956426630508191267e-02	3.404720210528285745e-02	8.605167928848045378e-02
1.412628902387342805e+03	2.261555360401051040e-01	1.359566616224376634e-01	2.702820178803747586e-01	1.676413783291346993e-01	7.966053880662350706e-02	3.411005556793265253e-02	8.619381175336156276e-02
1.417466672600997981e+03	2.256230774451534471e-01	1.356264492309442182e-01	2.706186114993702763e-01	1.678678167158565993e-01	7.975627511298932770e-02	3.417263109179696084e-02	8.633513890385907663e-02
1.422304442814653157e+03	2.250936745711240305e-01	1.352981320954152467e-01	2.709531665494011032e-01	1.680929538774313114e-01	7.985147814140394762e-02	3.423492954751942291e-02	8.647566521767481584e-02
1.427142213028308333e+03	2.245673098486342945e-01	1.349716993167936196e-01	2.712856957772561972e-01	1.683167973068465939e-01	7.994615079402672686e-02	3.429695180700621793e-02	8.661539514940623519e-02
1.431979983241963964e+03	2.240439658096334274e-01	1.346471400589039080e-01	2.716162118460602737e-01	1.685393544533641819e-01	8.004029595802025776e-02	3.435869874336607011e-02	8.675433313062176632e-02
1.436817753455619140e+03	2.235236250868146424e-01	1.343244435480875354e-01	2.719447273358611139e-01	1.687606327227997860e-01	8.013391650561862978e-02	3.442017123085101132e-02	8.689248356993718725e-02
1.441655523669274316e+03	2.230062704130308660e-01	1.340035990728397908e-01	2.722712547442128206e-01	1.689806394778001486e-01	8.022701529419547228e-02	3.448137014479791401e-02	8.702985085309292157e-02
1.446493293882929493e+03	2.224918846207138423e-01	1.336845959834492004e-01	2.725958064867542996e-01	1.691993820381177127e-01	8.031959516633174756e-02	3.454229636157078731e-02	8.716643934303232311e-02
1.451331064096585123e+03	2.219804506412969003e-01	1.333674236916388978e-01	2.729183948977835783e-01	1.694168676808825158e-01	8.041165894988334950e-02	3.460295075850383650e-02	8.730225337998087642e-02
1.456168834310240300e+03	2.214719515046406628e-01	1.330520716702100481e-01	2.732390322308278496e-01	1.696331036408714743e-01	8.050320945804849415e-02	3.466333421384521635e-02	8.743729728152613290e-02
1.461006604523895703e+03	2.209663703384626421e-01	1.327385294526876314e-01	2.735577306592091307e-01	1.698480971107754200e-01	8.059424948943481881e-02	3.472344760670156155e-02	8.757157534269865984e-02
1.465844374737550879e+03	2.204636903677696658e-01	1.324267866329680299e-01	2.738745022766056469e-01	1.700618552414633611e-01	8.068478182812634236e-02	3.478329181698323197e-02	8.770509183605353087e-02
1.470682144951206283e+03	2.199638949142941335e-01	1.321168328649687251e-01	2.741893590976091644e-01	1.702743851422446331e-01	8.077480924375018967e-02	3.484286772535025861e-02	8.783785101175276000e-02
1.475519915164861459e+03	2.194669673959330491e-01	1.318086578622802429e-01	2.745023130582777138e-01	1.704856938811284417e-01	8.086433449154303843e-02	3.490217621315902519e-02	8.796985709764829076e-02
1.480357685378516862e+03	2.189728913261909105e-01	1.315022513978199581e-01	2.748133760166849293e-01	1.706957884850812401e-01	8.095336031241742725e-02	3.496121816240962965e-02	8.810111429936566541e-02
1.485195455592172038e+03	2.184816503136253474e-01	1.311976033034880640e-01	2.751225597534643352e-01	1.709046759402818583e-01	8.104188943302784165e-02	3.501999445569400210e-02	8.823162680038838801e-02
1.490033225805827215e+03	2.179932280612963680e-01	1.308947034698253742e-01	2.754298759723500245e-01	1.711123631923741895e-01	8.112992456583645318e-02	3.507850597614460553e-02	8.836139876214282873e-02
1.494870996019482618e+03	2.175076083662186299e-01	1.305935418456733443e-01	2.757353363007135072e-01	1.713188571467178789e-01	8.121746840917885846e-02	3.513675360738394149e-02	8.849043432408362775e-02
1.499708766233137567e+03	2.170247751188170704e-01	1.302941084378360093e-01	2.760389522900960069e-01	1.715241646686369026e-01	8.130452364732942971e-02	3.519473823347461783e-02	8.861873760377975140e-02
1.504546536446793198e+03	2.165447123023855613e-01	1.299963933107438074e-01	2.763407354167369823e-01	1.717282925836658147e-01	8.139109295056651261e-02	3.525246073887017967e-02	8.874631269700092306e-02
1.509384306660448374e+03	2.160674039925489509e-01	1.297003865861195149e-01	2.766406970820986522e-01	1.719312476777940246e-01	8.147717897523742980e-02	3.530992200836656492e-02	8.887316367780462301e-02
1.514222076874103550e+03	2.155928343567278804e-01	1.294060784426462052e-01	2.769388486133868010e-01	1.721330366977081028e-01	8.156278436382319308e-02	3.536712292705419813e-02	8.899929459862336578e-02
1.519059847087758726e+03	2.151209876536072374e-01	1.291134591156368194e-01	2.772352012640671437e-01	1.723336663510320887e-01	8.164791174500313220e-02	3.542406438027072973e-02	8.912470949035258827e-02
1.523897617301414357e+03	2.146518482326073007e-01	1.288225188967060952e-01	2.775297662143783040e-01	1.725331433065656062e-01	8.173256373371916295e-02	3.548074725355449682e-02	8.924941236243875975e-02
1.528735387515069533e+03	2.141854005333582722e-01	1.285332481334441057e-01	2.778225545718406853e-01	1.727314741945202847e-01	8.181674293123991637e-02	3.553717243259851138e-02	8.937340720296792218e-02
1.533573157728724709e+03	2.137216290851776113e-01	1.282456372290918523e-01	2.781135773717617887e-01	1.729286656067541839e-01	8.190045192522468764e-02	3.559334080320514238e-02	8.949669797875450805e-02
1.538410927942380113e+03	2.132605185065505893e-01	1.279596766422188003e-01	2.784028455777370348e-01	1.731247240970043288e-01	8.198369328978709347e-02	3.564925325124141536e-02	8.961928863543047741e-02
1.543248698156035516e+03	2.128020535046140083e-01	1.276753568864020805e-01	2.786903700821480312e-01	1.733196561811173320e-01	8.206646958555854909e-02	3.570491066259488810e-02	8.974118309753481570e-02
1.548086468369690692e+03	2.123462188746425561e-01	1.273926685299079375e-01	2.789761617066558452e-01	1.735134683372784037e-01	8.214878335975157875e-02	3.576031392313022000e-02	8.986238526860314269e-02
1.552924238583346096e+03	2.118929994995386590e-01	1.271116021953746789e-01	2.792602312026912781e-01	1.737061670062383656e-01	8.223063714622280695e-02	3.581546391864624118e-02	8.998289903125766820e-02
1.557762008797001272e+03	2.114423803493248044e-01	1.268321485594977316e-01	2.795425892519412536e-01	1.738977585915390811e-01	8.231203346553585265e-02	3.587036153483370154e-02	9.010272824729730068e-02
1.562599779010656675e+03	2.109943464806393054e-01	1.265542983527163101e-01	2.798232464668316544e-01	1.740882494597369434e-01	8.239297482502394576e-02	3.592500765723355416e-02	9.022187675778797766e-02
1.567437549224311852e+03	2.105488830362346186e-01	1.262780423589022483e-01	2.801022133910066603e-01	1.742776459406248368e-01	8.247346371885229399e-02	3.597940317119589781e-02	9.034034838315317673e-02
1.572275319437967255e+03	2.101059752444788264e-01	1.260033714150503026e-01	2.803795004998039242e-01	1.744659543274523217e-01	8.255350262808038020e-02	3.603354896183940531e-02	9.045814692326456519e-02
1.577113089651622431e+03	2.096656084188601166e-01	1.257302764109705095e-01	2.806551182007268608e-01	1.746531808771442651e-01	8.263309402072385734e-02	3.608744591401139706e-02	9.057527615753269146e-02
1.581950859865277607e+03	2.092277679574937321e-01	1.254587482889822359e-01	2.809290768339131605e-01	1.748393318105176952e-01	8.271224035181637402e-02	3.614109491224843512e-02	9.069173984499805108e-02
1.586788630078933011e+03	2.087924393426323078e-01	1.251887780436101161e-01	2.812013866725995292e-01	1.750244133124971846e-01	8.279094406347113633e-02	3.619449684073753476e-02	9.080754172442190297e-02
1.591626400292587959e+03	2.083596081401787870e-01	1.249203567212814892e-01	2.814720579235833187e-01	1.752084315323285679e-01	8.286920758494224770e-02	3.624765258327786177e-02	9.092268551437747426e-02
1.596464170506243590e+03	2.079292599992021706e-01	1.246534754200260553e-01	2.817411007276804935e-01	1.753913925837910781e-01	8.294703333268586831e-02	3.630056302324305428e-02	9.103717491334102629e-02
1.601301940719898766e+03	2.075013806514562353e-01	1.243881252891769207e-01	2.820085251601803233e-01	1.755733025454080942e-01	8.302442371042108304e-02	3.635322904354402335e-02	9.115101359978308726e-02
1.606139710933553943e+03	2.070759559109009440e-01	1.241242975290735434e-01	2.822743412312965217e-01	1.757541674606561133e-01	8.310138110919070009e-02	3.640565152659230863e-02	9.126420523225962922e-02
1.610977481147209119e+03	2.066529716732266875e-01	1.238619833907663309e-01	2.825385588866151654e-01	1.759339933381724730e-01	8.317790790742168872e-02	3.645783135426403088e-02	9.137675344950332845e-02
1.615815251360864750e+03	2.062324139153813851e-01	1.236011741757231108e-01	2.828011880075391171e-01	1.761127861519615201e-01	8.325400647098549212e-02	3.650976940786426067e-02	9.148866187051485355e-02
1.620653021574519926e+03	2.058142686951001665e-01	1.233418612355371841e-01	2.830622384117290613e-01	1.762905518415991135e-01	8.332967915325810437e-02	3.656146656809200479e-02	9.159993409465404246e-02
1.625490791788175102e+03	2.053985221504380232e-01	1.230840359716371402e-01	2.833217198535416537e-01	1.764672963124361005e-01	8.340492829517993922e-02	3.661292371500565052e-02	9.171057370173114898e-02
1.630328562001830505e+03	2.049851604993048748e-01	1.228276898349983243e-01	2.835796420244641736e-01	1.766430254357999607e-01	8.347975622531543516e-02	3.666414172798896504e-02	9.182058425209797814e-02
1.635166332215485909e+03	2.045741700390037165e-01	1.225728143258560249e-01	2.838360145535454571e-01	1.768177450491953406e-01	8.355416525991254950e-02	3.671512148571755979e-02	9.192996928673909107e-02
1.640004102429141085e+03	2.041655371457712365e-01	1.223194009934204102e-01	2.840908470078244985e-01	1.769914609565029773e-01	8.362815770296197493e-02	3.676586386612588908e-02	9.203873232736276000e-02
1.644841872642796488e+03	2.037592482743211253e-01	1.220674414355929216e-01	2.843441488927553329e-01	1.771641789281774293e-01	8.370173584625612007e-02	3.681636974637471360e-02	9.214687687649208980e-02
1.649679642856451665e+03	2.033552899573900230e-01	1.218169272986845825e-01	2.845959296526287541e-01	1.773359047014433920e-01	8.377490196944795131e-02	3.686664000281907744e-02	9.225440641755588977e-02
1.654517413070107068e+03	2.029536488052863519e-01	1.215678502771357222e-01	2.848461986709912019e-01	1.775066439804906249e-01	8.384765834010952934e-02	3.691667551097676386e-02	9.236132441497943435e-02
1.659355183283762244e+03	2.025543115054413978e-01	1.213202021132375047e-01	2.850949652710600968e-01	1.776764024366677130e-01	8.392000721379046235e-02	3.696647714549723684e-02	9.246763431427526547e-02
1.664192953497417420e+03	2.021572648219633894e-01	1.210739745968549691e-01	2.853422387161363982e-01	1.778451857086742749e-01	8.399195083407598461e-02	3.701604578013101970e-02	9.257333954213374516e-02
1.669030723711072824e+03	2.017624955951937971e-01	1.208291595651517503e-01	2.855880282100139445e-01	1.780129994027521423e-01	8.406349143264495172e-02	3.706538228769960808e-02	9.267844350651353869e-02
1.673868493924728000e+03	2.013699907412666301e-01	1.205857489023164086e-01	2.858323428973862379e-01	1.781798490928750978e-01	8.413463122932758609e-02	3.711448754006579226e-02	9.278294959673198672e-02
1.678706264138383403e+03	2.009797372516699820e-01	1.203437345392903146e-01	2.860751918642492342e-01	1.783457403209374181e-01	8.420537243216295875e-02	3.716336240810445835e-02	9.288686118355529708e-02
1.683544034352038352e+03	2.005917221928102678e-01	1.201031084534971149e-01	2.863165841383022991e-01	1.785106785969411969e-01	8.427571723745637400e-02	3.721200776167384733e-02	9.299018161928858384e-02
1.688381804565693983e+03	2.002059327055788762e-01	1.198638626685738784e-01	2.865565286893451136e-01	1.786746693991823065e-01	8.434566782983640709e-02	3.726042446958727911e-02	9.309291423786578146e-02
1.693219574779349159e+03	1.998223560049216529e-01	1.196259892541036568e-01	2.867950344296725240e-01	1.788377181744353617e-01	8.441522638231178932e-02	3.730861339958528589e-02	9.319506235493937862e-02
1.698057344993004335e+03	1.994409793794104935e-01	1.193894803253497255e-01	2.870321102144658409e-01	1.789998303381372668e-01	8.448439505632814039e-02	3.735657541830818273e-02	9.329662926796994382e-02
1.702895115206659511e+03	1.990617901908176834e-01	1.191543280429913504e-01	2.872677648421817498e-01	1.791610112745696815e-01	8.455317600182439552e-02	3.740431139126917243e-02	9.339761825631548442e-02
1.707732885420315142e+03	1.986847758736927094e-01	1.189205246128610532e-01	2.875020070549380580e-01	1.793212663370402637e-01	8.462157135728905211e-02	3.745182218282770009e-02	9.349803258132070860e-02
1.712570655633970318e+03	1.983099239349413456e-01	1.186880622856833906e-01	2.877348455388964443e-01	1.794806008480628323e-01	8.468958324981620822e-02	3.749910865616342542e-02	9.359787548640589872e-02
1.717408425847625494e+03	1.979372219534075716e-01	1.184569333568153970e-01	2.879662889246426549e-01	1.796390200995362507e-01	8.475721379516143461e-02	3.754617167325048632e-02	9.369715019715577076e-02
1.722246196061280898e+03	1.975666575794573221e-01	1.182271301659884033e-01	2.881963457875640344e-01	1.797965293529222575e-01	8.482446509779728583e-02	3.759301209483223438e-02	9.379585992140801465e-02
1.727083966274936301e+03	1.971982185345653726e-01	1.179986450970513523e-01	2.884250246482238378e-01	1.799531338394220747e-01	8.489133925096885303e-02	3.763963078039637283e-02	9.389400784934166799e-02
1.731921736488591478e+03	1.968318926109041134e-01	1.177714705777156839e-01	2.886523339727332660e-01	1.801088387601520180e-01	8.495783833674880325e-02	3.768602858815048307e-02	9.399159715356518452e-02
1.736759506702246881e+03	1.964676676709348480e-01	1.175455990793016769e-01	2.888782821731201711e-01	1.802636492863179674e-01	8.502396442609246041e-02	3.773220637499801605e-02	9.408863098920444701e-02
1.741597276915902057e+03	1.961055316470015353e-01	1.173210231164863310e-01	2.891028776076955964e-01	1.804175705593885626e-01	8.508971957889255311e-02	3.777816499651458909e-02	9.418511249399036389e-02
1.746435047129557461e+03	1.957454725409269181e-01	1.170977352470526228e-01	2.893261285814174855e-01	1.805706076912676483e-01	8.515510584403372663e-02	3.782390530692477520e-02	9.428104478834632707e-02
1.751272817343212637e+03	1.953874784236109274e-01	1.168757280716402058e-01	2.895480433462516157e-01	1.807227657644652485e-01	8.522012525944692996e-02	3.786942815907919785e-02	9.437643097547539217e-02
1.756110587556867813e+03	1.950315374346313635e-01	1.166549942334976914e-01	2.897686301015297006e-01	1.808740498322678192e-01	8.528477985216353918e-02	3.791473440443208359e-02	9.447127414144725066e-02
1.760948357770523216e+03	1.946776377818471016e-01	1.164355264182362071e-01	2.899878969943055496e-01	1.810244649189073074e-01	8.534907163836925881e-02	3.795982489301915480e-02	9.456557735528486885e-02
1.765786127984178393e+03	1.943257677410033801e-01	1.162173173535846066e-01	2.902058521197076746e-01	1.811740160197289895e-01	8.541300262345785654e-02	3.800470047343590396e-02	9.465934366905096042e-02
1.770623898197833569e+03	1.939759156553396147e-01	1.160003598091458588e-01	2.904225035212901762e-01	1.813227081013586706e-01	8.547657480208467606e-02	3.804936199281624271e-02	9.475257611793416745e-02
1.775461668411488745e+03	1.936280699351992096e-01	1.157846465961550747e-01	2.906378591913803544e-01	1.814705461018683574e-01	8.553979015821985832e-02	3.809381029681156716e-02	9.484527772033489457e-02
1.780299438625144376e+03	1.932822190576420074e-01	1.155701705672387558e-01	2.908519270714245430e-01	1.816175349309414044e-01	8.560265066520152122e-02	3.813804622957007312e-02	9.493745147795105976e-02
1.785137208838799552e+03	1.929383515660585413e-01	1.153569246161755824e-01	2.910647150523305027e-01	1.817636794700362712e-01	8.566515828578850911e-02	3.818207063371657772e-02	9.502910037586334568e-02
1.789974979052454728e+03	1.925964560697869532e-01	1.151449016776585205e-01	2.912762309748082590e-01	1.819089845725494758e-01	8.572731497221315611e-02	3.822588435033261178e-02	9.512022738262038146e-02
1.794812749266109904e+03	1.922565212437319371e-01	1.149340947270583585e-01	2.914864826297075551e-01	1.820534550639775484e-01	8.578912266623363314e-02	3.826948821893687291e-02	9.521083545032343887e-02
1.799650519479765535e+03	1.919185358279858478e-01	1.147244967801885757e-01	2.916954777583536940e-01	1.821970957420778192e-01	8.585058329918628106e-02	3.831288307746603949e-02	9.530092751471107293e-02
1.804488289693420711e+03	1.915824886274522521e-01	1.145161008930716262e-01	2.919032240528801614e-01	1.823399113770285407e-01	8.591169879203756909e-02	3.835606976225593157e-02	9.539050649524326297e-02
1.809326059907075887e+03	1.912483685114712284e-01	1.143089001617065420e-01	2.921097291565594167e-01	1.824819067115877602e-01	8.597247105543594226e-02	3.839904910802301868e-02	9.547957529518540098e-02
1.814163830120731291e+03	1.909161644134474145e-01	1.141028877218379090e-01	2.923150006641310750e-01	1.826230864612513327e-01	8.603290198976340508e-02	3.844182194784625389e-02	9.556813680169194691e-02
1.819001600334386467e+03	1.905858653304796924e-01	1.138980567487261619e-01	2.925190461221274796e-01	1.827634553144100726e-01	8.609299348518695272e-02	3.848438911314924771e-02	9.565619388588976479e-02
1.823839370548041643e+03	1.902574603229934824e-01	1.136944004569192812e-01	2.927218730291973325e-01	1.829030179325056849e-01	8.615274742170969668e-02	3.852675143368277516e-02	9.574374940296119518e-02
1.828677140761696819e+03	1.899309385143747031e-01	1.134919121000257103e-01	2.929234888364264378e-01	1.830417789501861681e-01	8.621216566922190738e-02	3.856890973750762286e-02	9.583080619222680840e-02
1.833514910975352450e+03	1.896062890906063114e-01	1.132905849704887308e-01	2.931239009476569457e-01	1.831797429754600526e-01	8.627125008755177904e-02	3.861086485097771359e-02	9.591736707722785249e-02
1.838352681189008081e+03	1.892835012999066202e-01	1.130904123993620308e-01	2.933231167198032674e-01	1.833169145898495001e-01	8.633000252651595874e-02	3.865261759872359870e-02	9.600343486580843744e-02
1.843190451402663257e+03	1.889625644523700021e-01	1.128913877560866058e-01	2.935211434631663785e-01	1.834532983485429314e-01	8.638842482596992278e-02	3.869416880363624883e-02	9.608901235019731701e-02
1.848028221616318433e+03	1.886434679196092867e-01	1.126935044482690329e-01	2.937179884417457920e-01	1.835888987805465722e-01	8.644651881585811715e-02	3.873551928685116386e-02	9.617410230708949015e-02
1.852865991829973609e+03	1.883262011344006559e-01	1.124967559214608975e-01	2.939136588735490330e-01	1.837237203888348602e-01	8.650428631626387588e-02	3.877666986773276037e-02	9.625870749772737212e-02
1.857703762043628785e+03	1.880107535903304539e-01	1.123011356589396770e-01	2.941081619308989481e-01	1.838577676505003256e-01	8.656172913745921460e-02	3.881762136385912693e-02	9.634283066798174366e-02
1.862541532257283961e+03	1.876971148414437740e-01	1.121066371814907342e-01	2.943015047407390727e-01	1.839910450169022771e-01	8.661884907995427707e-02	3.885837459100700830e-02	9.642647454843232546e-02
1.867379302470939592e+03	1.873852745018956822e-01	1.119132540471906440e-01	2.944936943849362221e-01	1.841235569138149619e-01	8.667564793454668459e-02	3.889893036313715746e-02	9.650964185444806109e-02
1.872217072684594768e+03	1.870752222456037728e-01	1.117209798511918095e-01	2.946847379005816947e-01	1.842553077415744200e-01	8.673212748237069114e-02	3.893928949237992349e-02	9.659233528626708087e-02
1.877054842898249490e+03	1.867669478059033050e-01	1.115298082255083284e-01	2.948746422802894229e-01	1.843863018752247562e-01	8.678828949494600542e-02	3.897945278902115868e-02	9.667455752907636035e-02
1.881892613111905121e+03	1.864604409752040892e-01	1.113397328388029683e-01	2.950634144724927355e-01	1.845165436646635515e-01	8.684413573422654353e-02	3.901942106148842404e-02	9.675631125309099023e-02
1.886730383325560297e+03	1.861556916046493149e-01	1.111507473961756420e-01	2.952510613817384555e-01	1.846460374347862476e-01	8.689966795264891797e-02	3.905919511633747232e-02	9.683759911363323813e-02
1.891568153539215928e+03	1.858526896037765164e-01	1.109628456389528256e-01	2.954375898689792224e-01	1.847747874856298378e-01	8.695488789318073231e-02	3.909877575823897389e-02	9.691842375121122177e-02
1.896405923752871104e+03	1.855514249401803706e-01	1.107760213444784481e-01	2.956230067518633708e-01	1.849027980925157244e-01	8.700979728936861224e-02	3.913816378996559653e-02	9.699878779159723519e-02
1.901243693966526507e+03	1.852518876391775760e-01	1.105902683259057800e-01	2.958073188050232560e-01	1.850300735061914947e-01	8.706439786538613945e-02	3.917736001237931420e-02	9.707869384590579742e-02
1.906081464180181683e+03	1.849540677834736191e-01	1.104055804319906964e-01	2.959905327603609138e-01	1.851566179529722245e-01	8.711869133608149407e-02	3.921636522441895867e-02	9.715814451067138202e-02
1.910919234393836859e+03	1.846579555128314287e-01	1.102219515468860628e-01	2.961726553073322221e-01	1.852824356348807544e-01	8.717267940702497220e-02	3.925518022308811805e-02	9.723714236792573018e-02
1.915757004607492036e+03	1.843635410237420280e-01	1.100393755899373160e-01	2.963536930932284541e-01	1.854075307297871344e-01	8.722636377455617041e-02	3.929380580344322971e-02	9.731568998527496961e-02
1.920594774821147894e+03	1.840708145690970743e-01	1.098578465154792932e-01	2.965336527234563313e-01	1.855319073915471517e-01	8.727974612583112857e-02	3.933224275858197838e-02	9.739378991597628932e-02
1.925432545034802843e+03	1.837797664578632861e-01	1.096773583126341295e-01	2.967125407618158017e-01	1.856555697501405255e-01	8.733282813886915352e-02	3.937049187963192337e-02	9.747144469901440622e-02
1.930270315248458019e+03	1.834903870547587579e-01	1.094979050051104602e-01	2.968903637307758747e-01	1.857785219118076592e-01	8.738561148259947620e-02	3.940855395573943099e-02	9.754865685917755991e-02
1.935108085462113195e+03	1.832026667799312170e-01	1.093194806510036643e-01	2.970671281117485685e-01	1.859007679591860862e-01	8.743809781690772831e-02	3.944642977405878048e-02	9.762542890713327148e-02
1.939945855675768371e+03	1.829165961086379466e-01	1.091420793425973701e-01	2.972428403453606371e-01	1.860223119514457790e-01	8.749028879268214154e-02	3.948412011974161001e-02	9.770176333950379710e-02
1.944783625889424002e+03	1.826321655709279568e-01	1.089656952061660578e-01	2.974175068317238546e-01	1.861431579244239853e-01	8.754218605185967728e-02	3.952162577592654991e-02	9.777766263894112353e-02
1.949621396103079178e+03	1.823493657513255428e-01	1.087903224017787995e-01	2.975911339307029668e-01	1.862633098907590934e-01	8.759379122747183721e-02	3.955894752372910578e-02	9.785312927420181106e-02
1.954459166316734354e+03	1.820681872885160646e-01	1.086159551231042353e-01	2.977637279621817012e-01	1.863827718400236921e-01	8.764510594369030738e-02	3.959608614223183304e-02	9.792816570022133682e-02
1.959296936530389530e+03	1.817886208750331967e-01	1.084425875972165193e-01	2.979352952063271665e-01	1.865015477388569931e-01	8.769613181587243567e-02	3.963304240847467796e-02	9.800277435818822991e-02
1.964134706744044706e+03	1.815106572569483434e-01	1.082702140844025301e-01	2.981058419038521423e-01	1.866196415310963641e-01	8.774687045060644563e-02	3.966981709744561713e-02	9.807695767561779021e-02
1.968972476957700337e+03	1.812342872335616084e-01	1.080988288779701351e-01	2.982753742562757604e-01	1.867370571379082245e-01	8.779732344575653935e-02	3.970641098207147723e-02	9.815071806642554353e-02
1.973810247171355968e+03	1.809595016570946235e-01	1.079284263040575648e-01	2.984438984261820194e-01	1.868537984579180522e-01	8.784749239050770875e-02	3.974282483320902559e-02	9.822405793100032201e-02
1.978648017385010689e+03	1.806862914323852654e-01	1.077590007214439954e-01	2.986114205374765240e-01	1.869698693673397250e-01	8.789737886541043599e-02	3.977905941963627567e-02	9.829697965627702538e-02
1.983485787598666320e+03	1.804146475165838981e-01	1.075905465213610052e-01	2.987779466756420033e-01	1.870852737201041949e-01	8.794698444242507462e-02	3.981511550804402860e-02	9.836948561580907691e-02
1.988323557812321269e+03	1.801445609188516983e-01	1.074230581273054319e-01	2.989434828879907746e-01	1.872000153479871365e-01	8.799631068496618913e-02	3.985099386302759505e-02	9.844157816984046294e-02
1.993161328025976900e+03	1.798760227000604506e-01	1.072565299948529949e-01	2.991080351839166540e-01	1.873140980607362061e-01	8.804535914794657525e-02	3.988669524707878083e-02	9.851325966537759216e-02
1.997999098239632076e+03	1.796090239724942583e-01	1.070909566114732758e-01	2.992716095351444783e-01	1.874275256461973294e-01	8.809413137782115544e-02	3.992222042057807369e-02	9.858453243626068285e-02
2.002836868453287707e+03	1.793435558995528645e-01	1.069263324963456024e-01	2.994342118759779625e-01	1.875403018704403790e-01	8.814262891263062449e-02	3.995757014178705907e-02	9.865539880323483113e-02
2.007674638666942428e+03	1.790796096954568317e-01	1.067626522001760420e-01	2.995958481035456145e-01	1.876524304778839913e-01	8.819085328204488705e-02	3.999274516684100944e-02	9.872586107402089861e-02
2.012512408880597604e+03	1.788171766249542216e-01	1.065999103050155050e-01	2.997565240780455387e-01	1.877639151914199389e-01	8.823880600740643954e-02	4.002774624974171636e-02	9.879592154338587284e-02
2.017350179094252780e+03	1.785562480030292443e-01	1.064381014240788070e-01	2.999162456229876872e-01	1.878747597125364766e-01	8.828648860177337743e-02	4.006257414235050995e-02	9.886558249321301950e-02
2.022187949307908411e+03	1.782968151946124624e-01	1.062772202015648954e-01	3.000750185254350555e-01	1.879849677214411874e-01	8.833390256996227763e-02	4.009722959438153517e-02	9.893484619257167378e-02
2.027025719521564042e+03	1.780388696142924665e-01	1.061172613124780617e-01	3.002328485362427690e-01	1.880945428771829964e-01	8.838104940859094205e-02	4.013171335339511120e-02	9.900371489778671263e-02
2.031863489735218764e+03	1.777824027260296591e-01	1.059582194624501261e-01	3.003897413702957819e-01	1.882034888177735454e-01	8.842793060612090528e-02	4.016602616479141713e-02	9.907219085250763835e-02
2.036701259948874394e+03	1.775274060428713718e-01	1.058000893875637727e-01	3.005457027067444664e-01	1.883118091603079580e-01	8.847454764289967855e-02	4.020016877180432324e-02	9.914027628777744017e-02
2.041539030162529116e+03	1.772738711266687028e-01	1.056428658541768706e-01	3.007007381892393139e-01	1.884195075010847154e-01	8.852090199120292435e-02	4.023414191549539581e-02	9.920797342210105341e-02
2.046376800376184747e+03	1.770217895877950476e-01	1.054865436587477390e-01	3.008548534261631935e-01	1.885265874157250054e-01	8.856699511527638125e-02	4.026794633474811008e-02	9.927528446151354102e-02
2.051214570589840150e+03	1.767711530848662116e-01	1.053311176276615496e-01	3.010080539908622788e-01	1.886330524592912949e-01	8.861282847137756657e-02	4.030158276626225750e-02	9.934221159964787273e-02
2.056052340803495554e+03	1.765219533244622718e-01	1.051765826170575763e-01	3.011603454218755860e-01	1.887389061664053180e-01	8.865840350781735435e-02	4.033505194454856113e-02	9.940875701780242657e-02
2.060890111017150957e+03	1.762741820608507981e-01	1.050229335126576929e-01	3.013117332231625145e-01	1.888441520513652605e-01	8.870372166500130329e-02	4.036835460192339520e-02	9.947492288500819901e-02
2.065727881230805451e+03	1.760278310957118786e-01	1.048701652295955661e-01	3.014622228643290547e-01	1.889487936082623887e-01	8.874878437547085996e-02	4.040149146850380291e-02	9.954071135809562654e-02
2.070565651444461309e+03	1.757828922778647274e-01	1.047182727122470819e-01	3.016118197808523305e-01	1.890528343110970400e-01	8.879359306394428442e-02	4.043446327220259762e-02	9.960612458176115735e-02
2.075403421658116713e+03	1.755393575029958464e-01	1.045672509340616063e-01	3.017605293743035322e-01	1.891562776138936419e-01	8.883814914735749246e-02	4.046727073872369990e-02	9.967116468863337908e-02
2.080241191871772116e+03	1.752972187133886584e-01	1.044170948973943136e-01	3.019083570125695171e-01	1.892591269508156204e-01	8.888245403490457885e-02	4.049991459155761336e-02	9.973583379933896598e-02
2.085078962085427065e+03	1.750564678976548882e-01	1.042677996333394030e-01	3.020553080300723559e-01	1.893613857362790864e-01	8.892650912807829877e-02	4.053239555197706706e-02	9.980013402256822375e-02
2.089916732299082469e+03	1.748170970904673327e-01	1.041193602015644121e-01	3.022013877279877692e-01	1.894630573650662453e-01	8.897031582071027178e-02	4.056471433903291457e-02	9.986406745514031513e-02
2.094754502512737417e+03	1.745790983722943779e-01	1.039717716901453204e-01	3.023466013744622871e-01	1.895641452124380288e-01	8.901387549901100538e-02	4.059687166955006782e-02	9.992763618206819409e-02
2.099592272726392821e+03	1.743424638691357942e-01	1.038250292154027504e-01	3.024909542048280220e-01	1.896646526342460892e-01	8.905718954160975198e-02	4.062886825812369457e-02	9.999084227662316526e-02
2.104430042940048224e+03	1.741071857522603350e-01	1.036791279217390560e-01	3.026344514218167747e-01	1.897645829670440987e-01	8.910025931959418555e-02	4.066070481711557549e-02	1.000536878003992353e-01
2.109267813153704083e+03	1.738732562379446123e-01	1.035340629814763685e-01	3.027770981957721985e-01	1.898639395281986053e-01	8.914308619654988386e-02	4.069238205665056535e-02	1.001161748033769922e-01
2.114105583367359031e+03	1.736406675872137206e-01	1.033898295946955592e-01	3.029188996648607968e-01	1.899627256159989452e-01	8.918567152859958880e-02	4.072390068461326923e-02	1.001783053239873461e-01
2.118943353581013525e+03	1.734094121055830828e-01	1.032464229890761587e-01	3.030598609352811446e-01	1.900609445097668493e-01	8.922801666444236945e-02	4.075526140664483682e-02	1.002400813891747844e-01
2.123781123794669384e+03	1.731794821428020159e-01	1.031038384197372204e-01	3.031999870814718889e-01	1.901585994699651894e-01	8.927012294539252157e-02	4.078646492613995783e-02	1.003015050144603904e-01
2.128618894008324787e+03	1.729508700925988240e-01	1.029620711690790447e-01	3.033392831463180839e-01	1.902556937383063085e-01	8.931199170541834209e-02	4.081751194424397544e-02	1.003625782040045988e-01
2.133456664221980191e+03	1.727235683924270848e-01	1.028211165466258875e-01	3.034777541413564150e-01	1.903522305378594348e-01	8.935362427118065387e-02	4.084840315985016623e-02	1.004233029506695352e-01
2.138294434435635139e+03	1.724975695232136841e-01	1.026809698888695443e-01	3.036154050469785370e-01	1.904482130731578182e-01	8.939502196207121942e-02	4.087913926959715893e-02	1.004836812360811044e-01
2.143132204649290543e+03	1.722728660091081554e-01	1.025416265591138770e-01	3.037522408126336892e-01	1.905436445303050896e-01	8.943618609025094646e-02	4.090972096786651274e-02	1.005437150306907751e-01
2.147969974862945492e+03	1.720494504172336014e-01	1.024030819473201598e-01	3.038882663570290910e-01	1.906385280770809265e-01	8.947711796068785750e-02	4.094014894678046218e-02	1.006034062938369888e-01
2.152807745076601350e+03	1.718273153574387535e-01	1.022653314699533966e-01	3.040234865683295040e-01	1.907328668630463298e-01	8.951781887119501790e-02	4.097042389619971747e-02	1.006627569738063194e-01
2.157645515290255844e+03	1.716064534820520293e-01	1.021283705698295130e-01	3.041579063043552966e-01	1.908266640196480957e-01	8.955829011246815852e-02	4.100054650372154941e-02	1.007217690078943406e-01
2.162483285503912157e+03	1.713868574856363958e-01	1.019921947159634357e-01	3.042915303927791193e-01	1.909199226603228994e-01	8.959853296812314571e-02	4.103051745467788808e-02	1.007804443224661201e-01
2.167321055717567106e+03	1.711685201047460358e-01	1.018567994034180052e-01	3.044243636313210266e-01	1.910126458806004623e-01	8.963854871473327102e-02	4.106033743213362980e-02	1.008387848330164344e-01
2.172158825931222509e+03	1.709514341176843477e-01	1.017221801531538738e-01	3.045564107879428217e-01	1.911048367582066088e-01	8.967833862186644356e-02	4.109000711688504809e-02	1.008967924442297076e-01
2.176996596144877003e+03	1.707355923442631651e-01	1.015883325118801112e-01	3.046876766010402360e-01	1.911964983531652396e-01	8.971790395212210500e-02	4.111952718745835733e-02	1.009544690500396025e-01
2.181834366358532861e+03	1.705209876455637819e-01	1.014552520519058365e-01	3.048181657796343869e-01	1.912876337079000011e-01	8.975724596116799181e-02	4.114889832010839438e-02	1.010118165336883339e-01
2.186672136572187810e+03	1.703076129236988645e-01	1.013229343709925873e-01	3.049478830035619037e-01	1.913782458473354264e-01	8.979636589777675870e-02	4.117812118881744587e-02	1.010688367677857052e-01
2.191509906785843214e+03	1.700954611215760859e-01	1.011913750922076305e-01	3.050768329236633325e-01	1.914683377789972440e-01	8.983526500386240787e-02	4.120719646529421437e-02	1.011255316143677419e-01
2.196347676999498617e+03	1.698845252226629521e-01	1.010605698637780936e-01	3.052050201619707082e-01	1.915579124931124089e-01	8.987394451451652388e-02	4.123612481897286075e-02	1.011819029249551166e-01
2.201185447213154021e+03	1.696747982507531838e-01	1.009305143589458303e-01	3.053324493118935168e-01	1.916469729627082730e-01	8.991240565804432816e-02	4.126490691701224789e-02	1.012379525406113118e-01
2.206023217426809424e+03	1.694662732697341523e-01	1.008012042758234111e-01	3.054591249384034923e-01	1.917355221437114232e-01	8.995064965600062246e-02	4.129354342429522595e-02	1.012936822920003505e-01
2.210860987640464373e+03	1.692589433833560364e-01	1.006726353372505989e-01	3.055850515782181920e-01	1.918235629750458249e-01	8.998867772322553804e-02	4.132203500342813973e-02	1.013490939994443202e-01
2.215698757854119776e+03	1.690528017350018952e-01	1.005448032906519074e-01	3.057102337399832948e-01	1.919110983787305769e-01	9.002649106788003508e-02	4.135038231474034293e-02	1.014041894729806187e-01
2.220536528067775180e+03	1.688478415074594619e-01	1.004177039078948952e-01	3.058346759044534569e-01	1.919981312599767787e-01	9.006409089148130487e-02	4.137858601628391364e-02	1.014589705124188113e-01
2.225374298281430583e+03	1.686440559226940195e-01	1.002913329851492508e-01	3.059583825246722788e-01	1.920846645072842029e-01	9.010147838893800554e-02	4.140664676383346010e-02	1.015134389073973215e-01
2.230212068495085077e+03	1.684414382416225819e-01	1.001656863427467653e-01	3.060813580261509403e-01	1.921707009925371912e-01	9.013865474858531734e-02	4.143456521088605821e-02	1.015675964374397056e-01
2.235049838708740936e+03	1.682399817638895734e-01	1.000407598250420554e-01	3.062036068070451145e-01	1.922562435711000772e-01	9.017562115221977592e-02	4.146234200866126540e-02	1.016214448720106911e-01
2.239887608922396339e+03	1.680396798276437009e-01	9.991654930027413228e-02	3.063251332383313819e-01	1.923412950819121114e-01	9.021237877513399450e-02	4.148997780610128028e-02	1.016749859705719378e-01
2.244725379136052197e+03	1.678405258093159658e-01	9.979305066042870598e-02	3.064459416639821465e-01	1.924258583475817186e-01	9.024892878615126124e-02	4.151747324987119236e-02	1.017282214826375347e-01
2.249563149349706237e+03	1.676425131233991728e-01	9.967025982110142013e-02	3.065660364011392747e-01	1.925099361744803395e-01	9.028527234765978959e-02	4.154482898435937765e-02	1.017811531478290815e-01
2.254400919563362095e+03	1.674456352222287447e-01	9.954817272136171069e-02	3.066854217402866234e-01	1.925935313528357451e-01	9.032141061564702422e-02	4.157204565167795657e-02	1.018337826959306441e-01
2.259238689777017044e+03	1.672498855957645081e-01	9.942678532361758081e-02	3.068041019454212925e-01	1.926766466568246572e-01	9.035734473973364156e-02	4.159912389166338376e-02	1.018861118469433086e-01
2.264076459990672902e+03	1.670552577713741160e-01	9.930609361348111119e-02	3.069220812542240440e-01	1.927592848446650076e-01	9.039307586320742549e-02	4.162606434187712118e-02	1.019381423111395124e-01
