1.301360187473271253e+03	2.355969766070244997e-01	1.508087422816783707e-01	2.601355057667301685e-01	1.617491577498457733e-01	7.652268420986980957e-02	3.186941156996316721e-02	8.331752181458573769e-02
1.306197957686926657e+03	2.350163099767333397e-01	1.504014669807456628e-01	2.605049966035365427e-01	1.620124654230531425e-01	7.663460232084462476e-02	3.194114314568238799e-02	8.348901554910177769e-02
1.311035727900581833e+03	2.344390018173290735e-01	1.499964412299520100e-01	2.608723329933660962e-01	1.622742289972811947e-01	7.674585772500690239e-02	3.201261298891962259e-02	8.365952424784255104e-02
1.315873498114237009e+03	2.338650306368786069e-01	1.495936542309965478e-01	2.612375290251454096e-01	1.625344574643235729e-01	7.685645474712422820e-02	3.208382049218228699e-02	8.382905340304677710e-02
1.320711268327892412e+03	2.332943751482778327e-01	1.491930951788576487e-01	2.616005986619776569e-01	1.627931597632787664e-01	7.696639768423019223e-02	3.215476508355153556e-02	8.399760847952375542e-02
1.325549038541547588e+03	2.327270142652972662e-01	1.487947532641684112e-01	2.619615557433008224e-01	1.630503447809153739e-01	7.707569080538176354e-02	3.222544622595438502e-02	8.416519491467940040e-02
1.330386808755202765e+03	2.321629270987445870e-01	1.483986176754989172e-01	2.623204139869712570e-01	1.633060213520328152e-01	7.718433835145367683e-02	3.229586341644983399e-02	8.433181811854641163e-02
1.335224578968857941e+03	2.316020929527400629e-01	1.480046776015482846e-01	2.626771869912769009e-01	1.635601982598175463e-01	7.729234453496723611e-02	3.236601618552868709e-02	8.449748347381877411e-02
1.340062349182513572e+03	2.310444913211009421e-01	1.476129222332502877e-01	2.630318882368834488e-01	1.638128842361949722e-01	7.739971353995092618e-02	3.243590409642681943e-02	8.466219633589015803e-02
1.344900119396168748e+03	2.304901018838317051e-01	1.472233407657948523e-01	2.633845310887160673e-01	1.640640879621766968e-01	7.750644952183075032e-02	3.250552674445151419e-02	8.482596203289603787e-02
1.349737889609823924e+03	2.299389045037159851e-01	1.468359224005687802e-01	2.637351287977807712e-01	1.643138180682038596e-01	7.761255660734799056e-02	3.257488375632059535e-02	8.498878586575958627e-02
1.354575659823479100e+03	2.293908792230075488e-01	1.464506563470183986e-01	2.640836945029279015e-01	1.645620831344861701e-01	7.771803889450254466e-02	3.264397478951406445e-02	8.515067310824095403e-02
1.359413430037134731e+03	2.288460062602163947e-01	1.460675318244368526e-01	2.644302412325598151e-01	1.648088916913368340e-01	7.782290045251977206e-02	3.271279953163794274e-02	8.531162900698993634e-02
1.364251200250789907e+03	2.283042660069875274e-01	1.456865380636786222e-01	2.647747819062865604e-01	1.650542522195035111e-01	7.792714532183936393e-02	3.278135769980008996e-02	8.547165878160187247e-02
1.369088970464445310e+03	2.277656390250686613e-01	1.453076643088039022e-01	2.651173293365312045e-01	1.652981731504953589e-01	7.803077751412421104e-02	3.284964903999767344e-02	8.563076762467650149e-02
1.373926740678100487e+03	2.272301060433645492e-01	1.449308998186553399e-01	2.654578962300873091e-01	1.655406628669062186e-01	7.813380101228814545e-02	3.291767332651610034e-02	8.578896070187981560e-02
1.378764510891755890e+03	2.266976479550746604e-01	1.445562338683691606e-01	2.657964951896307770e-01	1.657817297027340819e-01	7.823621977054087684e-02	3.298543036133912143e-02	8.594624315200873055e-02
1.383602281105411066e+03	2.261682458149116837e-01	1.441836557508235361e-01	2.661331387151881778e-01	1.660213819436968385e-01	7.833803771444883268e-02	3.305291997356986367e-02	8.610262008705843462e-02
1.388440051319066470e+03	2.256418808363982453e-01	1.438131547780258646e-01	2.664678392055634948e-01	1.662596278275443873e-01	7.843925874101062568e-02	3.312014201886260417e-02	8.625809659229220772e-02
1.393277821532721646e+03	2.251185343892390389e-01	1.434447202824413181e-01	2.668006089597249053e-01	1.664964755443673339e-01	7.853988671874609362e-02	3.318709637886503583e-02	8.641267772631378019e-02
1.398115591746377049e+03	2.245981879967663686e-01	1.430783416182649093e-01	2.671314601781538123e-01	1.667319332369020801e-01	7.863992548779762115e-02	3.325378296067075384e-02	8.656636852114195368e-02
1.402953361960032225e+03	2.240808233334561361e-01	1.427140081626387391e-01	2.674604049641576275e-01	1.669660090008327769e-01	7.873937886004288289e-02	3.332020169628185924e-02	8.671917398228753959e-02
1.407791132173687402e+03	2.235664222225123843e-01	1.423517093168164827e-01	2.677874553251473611e-01	1.671987108850896409e-01	7.883825061921806432e-02	3.338635254208136699e-02	8.687109908883230980e-02
1.412628902387342805e+03	2.230549666335180647e-01	1.419914345072771644e-01	2.681126231738824583e-01	1.674300468921443019e-01	7.893654452105042241e-02	3.345223547831529393e-02	8.702214879350998744e-02
1.417466672600997981e+03	2.225464386801498662e-01	1.416331731867895016e-01	2.684359203296832197e-01	1.676600249783018470e-01	7.903426429339975579e-02	3.351785050858418352e-02	8.717232802278927772e-02
1.422304442814653157e+03	2.220408206179549371e-01	1.412769148354293125e-01	2.687573585196135206e-01	1.678886530539898669e-01	7.913141363640756321e-02	3.358319765934390799e-02	8.732164167695856405e-02
1.427142213028308333e+03	2.215380948421876717e-01	1.409226489615508504e-01	2.690769493796331124e-01	1.681159389840443941e-01	7.922799622265358499e-02	3.364827697941555340e-02	8.747009463021247766e-02
1.431979983241963964e+03	2.210382438857043941e-01	1.405703651027142842e-01	2.693947044557230552e-01	1.683418905879929262e-01	7.932401569731867275e-02	3.371308853950415879e-02	8.761769173074006323e-02
1.436817753455619140e+03	2.205412504169144694e-01	1.402200528265706569e-01	2.697106352049834510e-01	1.685665156403345077e-01	7.941947567835369592e-02	3.377763243172627466e-02	8.776443780081454038e-02
1.441655523669274316e+03	2.200470972377853995e-01	1.398717017317056832e-01	2.700247529967055304e-01	1.687898218708169251e-01	7.951437975665358315e-02	3.384190876914598689e-02	8.791033763688453628e-02
1.446493293882929493e+03	2.195557672819006823e-01	1.395253014484442167e-01	2.703370691134190928e-01	1.690118169647112367e-01	7.960873149623626244e-02	3.390591768531937833e-02	8.805539600966677538e-02
1.451331064096585123e+03	2.190672436125686573e-01	1.391808416396164982e-01	2.706475947519159098e-01	1.692325085630836667e-01	7.970253443442566754e-02	3.396965933384721303e-02	8.819961766424005978e-02
1.456168834310240300e+03	2.185815094209805076e-01	1.388383120012875449e-01	2.709563410242503134e-01	1.694519042630644179e-01	7.979579208203867180e-02	3.403313388793568345e-02	8.834300732014055413e-02
1.461006604523895703e+03	2.180985480244157226e-01	1.384977022634511501e-01	2.712633189587179139e-01	1.696700116181144025e-01	7.988850792357515829e-02	3.409634153996507488e-02	8.848556967145830565e-02
1.465844374737550879e+03	2.176183428644942741e-01	1.381590021906896615e-01	2.715685395008125003e-01	1.698868381382891424e-01	7.998068541741114312e-02	3.415928250106619463e-02	8.862730938693483274e-02
1.470682144951206283e+03	2.171408775054728679e-01	1.378222015828008684e-01	2.718720135141632355e-01	1.701023912905001989e-01	8.007232799599435513e-02	3.422195700070442687e-02	8.876823111006182376e-02
1.475519915164861459e+03	2.166661356325847720e-01	1.374872902753929704e-01	2.721737517814518670e-01	1.703166784987741877e-01	8.016343906604195269e-02	3.428436528627127472e-02	8.890833945918079351e-02
1.480357685378516862e+03	2.161941010504214722e-01	1.371542581404488759e-01	2.724737650053108418e-01	1.705297071445094070e-01	8.025402200874016956e-02	3.434650762268320195e-02	8.904763902758382199e-02
1.485195455592172038e+03	2.157247576813547674e-01	1.368230950868612461e-01	2.727720638092034910e-01	1.707414845667301062e-01	8.034408017994539020e-02	3.440838429198774667e-02	8.918613438361501500e-02
1.490033225805827215e+03	2.152580895639981673e-01	1.364937910609386185e-01	2.730686587382863406e-01	1.709520180623385899e-01	8.043361691038650174e-02	3.446999559297660859e-02	8.932383007077294990e-02
1.494870996019482618e+03	2.147940808517063704e-01	1.361663360468844397e-01	2.733635602602543235e-01	1.711613148863647405e-01	8.052263550586832852e-02	3.453134184080575847e-02	8.946073060781375985e-02
1.499708766233137567e+03	2.143327158111114350e-01	1.358407200672493986e-01	2.736567787661699502e-01	1.713693822522138477e-01	8.061113924747562165e-02	3.459242336662231299e-02	8.959684048885513397e-02
1.504546536446793198e+03	2.138739788206945047e-01	1.355169331833584179e-01	2.739483245712763249e-01	1.715762273319118014e-01	8.069913139177772865e-02	3.465324051719811949e-02	8.973216418348077539e-02
1.509384306660448374e+03	2.134178543693922847e-01	1.351949654957129987e-01	2.742382079157948960e-01	1.717818572563484525e-01	8.078661517103349898e-02	3.471379365456987720e-02	8.986670613684573372e-02
1.514222076874103550e+03	2.129643270552367407e-01	1.348748071443698626e-01	2.745264389657081638e-01	1.719862791155188086e-01	8.087359379339631449e-02	3.477408315568573938e-02	9.000047076978213989e-02
1.519059847087758726e+03	2.125133815840272444e-01	1.345564483092968056e-01	2.748130278135286209e-01	1.721894999587623154e-01	8.096007044311902268e-02	3.483410941205822287e-02	9.013346247890556551e-02
1.523897617301414357e+03	2.120650027680340555e-01	1.342398792107066252e-01	2.750979844790532036e-01	1.723915267949999441e-01	8.104604828075877287e-02	3.489387282942332802e-02	9.026568563672186796e-02
1.528735387515069533e+03	2.116191755247322226e-01	1.339250901093697321e-01	2.753813189101046999e-01	1.725923665929695316e-01	8.113153044338128339e-02	3.495337382740579257e-02	9.039714459173457672e-02
1.533573157728724709e+03	2.111758848755649343e-01	1.336120713069064991e-01	2.756630409832597217e-01	1.727920262814591490e-01	8.121652004476470621e-02	3.501261283919031297e-02	9.052784366855251563e-02
1.538410927942380113e+03	2.107351159447351518e-01	1.333008131460598489e-01	2.759431605045647995e-01	1.729905127495384998e-01	8.130102017560285332e-02	3.507159031119867071e-02	9.065778716799802184e-02
1.543248698156035516e+03	2.102968539580252205e-01	1.329913060109491063e-01	2.762216872102392640e-01	1.731878328467886530e-01	8.138503390370765977e-02	3.513030670277264567e-02	9.078697936721537298e-02
1.548086468369690692e+03	2.098610842416429034e-01	1.326835403273053382e-01	2.764986307673670818e-01	1.733839933835298608e-01	8.146856427421066138e-02	3.518876248586257777e-02	9.091542451977954742e-02
1.552924238583346096e+03	2.094277922210937282e-01	1.323775065626893455e-01	2.767740007745766451e-01	1.735790011310475722e-01	8.155161430976375081e-02	3.524695814472156297e-02	9.104312685580535913e-02
1.557762008797001272e+03	2.089969634200781468e-01	1.320731952266927245e-01	2.770478067627099028e-01	1.737728628218168647e-01	8.163418701073855976e-02	3.530489417560511017e-02	9.117009058205670369e-02
1.562599779010656675e+03	2.085685834594130650e-01	1.317705968711226638e-01	2.773200581954799460e-01	1.739655851497250438e-01	8.171628535542505012e-02	3.536257108647615499e-02	9.129631988205609561e-02
1.567437549224311852e+03	2.081426380559772416e-01	1.314697020901710867e-01	2.775907644701187671e-01	1.741571747702925499e-01	8.179791230022856463e-02	3.541998939671541641e-02	9.142181891619441392e-02
1.572275319437967255e+03	2.077191130216795023e-01	1.311705015205686387e-01	2.778599349180139733e-01	1.743476383008924213e-01	8.187907077986586457e-02	3.547714963683691602e-02	9.154659182184073096e-02
1.577113089651622431e+03	2.072979942624488536e-01	1.308729858417242986e-01	2.781275788053364506e-01	1.745369823209678151e-01	8.195976370755966856e-02	3.553405234820865982e-02	9.167064271345227999e-02
1.581950859865277607e+03	2.068792677772464950e-01	1.305771457758510556e-01	2.783937053336574263e-01	1.747252133722482781e-01	8.203999397523184522e-02	3.559069808277824654e-02	9.179397568268463092e-02
1.586788630078933011e+03	2.064629196570985648e-01	1.302829720880779862e-01	2.786583236405566488e-01	1.749123379589642147e-01	8.211976445369521815e-02	3.564708740280352062e-02	9.191659479850181058e-02
1.591626400292587959e+03	2.060489360841489259e-01	1.299904555865494526e-01	2.789214428002212420e-01	1.750983625480599937e-01	8.219907799284378869e-02	3.570322088058799220e-02	9.203850410728654785e-02
1.596464170506243590e+03	2.056373033307318521e-01	1.296995871225121999e-01	2.791830718240354003e-01	1.752832935694054184e-01	8.227793742184148773e-02	3.575909909822106575e-02	9.215970763295050494e-02
1.601301940719898766e+03	2.052280077584636708e-01	1.294103575903899905e-01	2.794432196611616459e-01	1.754671374160058084e-01	8.235634554930940099e-02	3.581472264732293159e-02	9.228020937704453641e-02
1.606139710933553943e+03	2.048210358173525869e-01	1.291227579278471926e-01	2.797018951991133151e-01	1.756499004442104717e-01	8.243430516351134274e-02	3.587009212879406495e-02	9.240001331886896208e-02
1.610977481147209119e+03	2.044163740449269351e-01	1.288367791158409881e-01	2.799591072643191070e-01	1.758315889739200388e-01	8.251181903253786143e-02	3.592520815256924210e-02	9.251912341558374275e-02
1.615815251360864750e+03	2.040140090653802807e-01	1.285524121786633667e-01	2.802148646226789719e-01	1.760122092887920486e-01	8.258888990448857992e-02	3.598007133737603225e-02	9.263754360231861440e-02
1.620653021574519926e+03	2.036139275887337563e-01	1.282696481839724068e-01	2.804691759801126727e-01	1.761917676364453678e-01	8.266552050765289816e-02	3.603468231049759135e-02	9.275527779228320835e-02
1.625490791788175102e+03	2.032161164100143580e-01	1.279884782428142298e-01	2.807220499831002414e-01	1.763702702286632229e-01	8.274171355068901668e-02	3.608904170753984147e-02	9.287232987687694952e-02
1.630328562001830505e+03	2.028205624084495895e-01	1.277088935096352129e-01	2.809734952192152746e-01	1.765477232415947617e-01	8.281747172280128078e-02	3.614315017220277870e-02	9.298870372579895460e-02
1.635166332215485909e+03	2.024272525466771500e-01	1.274308851822853472e-01	2.812235202176504023e-01	1.767241328159553648e-01	8.289279769391583175e-02	3.619700835605599298e-02	9.310440318715776375e-02
1.640004102429141085e+03	2.020361738699696652e-01	1.271544445020128256e-01	2.814721334497359284e-01	1.768995050572256811e-01	8.296769411485453716e-02	3.625061691831826804e-02	9.321943208758094734e-02
1.644841872642796488e+03	2.016473135054740462e-01	1.268795627534501924e-01	2.817193433294514771e-01	1.770738460358493860e-01	8.304216361750720032e-02	3.630397652564114341e-02	9.333379423232440741e-02
1.649679642856451665e+03	2.012606586614647808e-01	1.266062312645927779e-01	2.819651582139303669e-01	1.772471617874295802e-01	8.311620881500211833e-02	3.635708785189642467e-02	9.344749340538176241e-02
1.654517413070107068e+03	2.008761966266109644e-01	1.263344414067690824e-01	2.822095864039579349e-01	1.774194583129239666e-01	8.318983230187489142e-02	3.640995157796763498e-02	9.356053336959330169e-02
1.659355183283762244e+03	2.004939147692567092e-01	1.260641845946041673e-01	2.824526361444625877e-01	1.775907415788388621e-01	8.326303665423549771e-02	3.646256839154517204e-02	9.367291786675485676e-02
1.664192953497417420e+03	2.001138005367142370e-01	1.257954522859755508e-01	2.826943156250008027e-01	1.777610175174219875e-01	8.333582442993361927e-02	3.651493898692529522e-02	9.378465061772640887e-02
1.669030723711072824e+03	1.997358414545698513e-01	1.255282359819626936e-01	2.829346329802358007e-01	1.779302920268538701e-01	8.340819816872241388e-02	3.656706406481275567e-02	9.389573532254050225e-02
1.673868493924728000e+03	1.993600251260016776e-01	1.252625272267897938e-01	2.831735962904102788e-01	1.780985709714383580e-01	8.348016039242039943e-02	3.661894433212703470e-02	9.400617566051036600e-02
1.678706264138383403e+03	1.989863392311096157e-01	1.249983176077623520e-01	2.834112135818125378e-01	1.782658601817917188e-01	8.355171360507175626e-02	3.667058050181214168e-02	9.411597529033779996e-02
1.683544034352038352e+03	1.986147715262565061e-01	1.247355987551978379e-01	2.836474928272372797e-01	1.784321654550306835e-01	8.362286029310486701e-02	3.672197329264993010e-02	9.422513785022082478e-02
1.688381804565693983e+03	1.982453098434206196e-01	1.244743623423505974e-01	2.838824419464402449e-01	1.785974925549594639e-01	8.369360292548920499e-02	3.677312342907684134e-02	9.433366695796099877e-02
1.693219574779349159e+03	1.978779420895589725e-01	1.242146000853312227e-01	2.841160688065873519e-01	1.787618472122553814e-01	8.376394395389061276e-02	3.682403164100401388e-02	9.444156621107049898e-02
1.698057344993004335e+03	1.975126562459812163e-01	1.239563037430207876e-01	2.843483812226981766e-01	1.789252351246535255e-01	8.383388581282477658e-02	3.687469866364070925e-02	9.454883918687886912e-02
1.702895115206659511e+03	1.971494403677337415e-01	1.236994651169799619e-01	2.845793869580843238e-01	1.790876619571304118e-01	8.390343091980916046e-02	3.692512523732105478e-02	9.465548944263946218e-02
1.707732885420315142e+03	1.967882825829937177e-01	1.234440760513533936e-01	2.848090937247818588e-01	1.792491333420864197e-01	8.397258167551323316e-02	3.697531210733392276e-02	9.476152051563561940e-02
1.712570655633970318e+03	1.964291710924731260e-01	1.231901284327694274e-01	2.850375091839787989e-01	1.794096548795271751e-01	8.404134046390711321e-02	3.702526002375602920e-02	9.486693592328643287e-02
1.717408425847625494e+03	1.960720941688317565e-01	1.229376141902355779e-01	2.852646409464378863e-01	1.795692321372439060e-01	8.410970965240856245e-02	3.707496974128809269e-02	9.497173916325228615e-02
1.722246196061280898e+03	1.957170401560998640e-01	1.226865252950296303e-01	2.854904965729133104e-01	1.797278706509927437e-01	8.417769159202839746e-02	3.712444201909409491e-02	9.507593371353997846e-02
1.727083966274936301e+03	1.953639974691094017e-01	1.224368537605868418e-01	2.857150835745637107e-01	1.798855759246728858e-01	8.424528861751427733e-02	3.717367762064346243e-02	9.517952303260748814e-02
1.731921736488591478e+03	1.950129545929341623e-01	1.221885916423832708e-01	2.859384094133589072e-01	1.800423534305039541e-01	8.431250304749297875e-02	3.722267731355628773e-02	9.528251055946847237e-02
1.736759506702246881e+03	1.946639000823383869e-01	1.219417310378154984e-01	2.861604815024832438e-01	1.801982086092021040e-01	8.437933718461103350e-02	3.727144186945139520e-02	9.538489971379636445e-02
1.741597276915902057e+03	1.943168225612332822e-01	1.216962640860768524e-01	2.863813072067333820e-01	1.803531468701552454e-01	8.444579331567386715e-02	3.731997206379725207e-02	9.548669389602804092e-02
1.746435047129557461e+03	1.939717107221421155e-01	1.214521829680303422e-01	2.866008938429118191e-01	1.805071735915973474e-01	8.451187371178341123e-02	3.736826867576573119e-02	9.558789648746719714e-02
1.751272817343212637e+03	1.936285533256725810e-01	1.212094799060783878e-01	2.868192486802155217e-01	1.806602941207814395e-01	8.457758062847413327e-02	3.741633248808858697e-02	9.568851085038734827e-02
1.756110587556867813e+03	1.932873391999971324e-01	1.209681471640295658e-01	2.870363789406205068e-01	1.808125137741520838e-01	8.464291630584766524e-02	3.746416428691664441e-02	9.578854032813437225e-02
1.760948357770523216e+03	1.929480572403405592e-01	1.207281770469624677e-01	2.872522917992619829e-01	1.809638378375165446e-01	8.470788296870590539e-02	3.751176486168168039e-02	9.588798824522877517e-02
1.765786127984178393e+03	1.926106964084747242e-01	1.204895619010869362e-01	2.874669943848103260e-01	1.811142715662150404e-01	8.477248282668260748e-02	3.755913500496089324e-02	9.598685790746745716e-02
1.770623898197833569e+03	1.922752457322204345e-01	1.202522941136025675e-01	2.876804937798419504e-01	1.812638201852903308e-01	8.483671807437354051e-02	3.760627551234397431e-02	9.608515260202514507e-02
1.775461668411488745e+03	1.919416943049562507e-01	1.200163661125549230e-01	2.878927970212074583e-01	1.814124888896558874e-01	8.490059089146530236e-02	3.765318718230268452e-02	9.618287559755540894e-02
1.780299438625144376e+03	1.916100312851337639e-01	1.197817703666892858e-01	2.881039111003945163e-01	1.815602828442635652e-01	8.496410344286256522e-02	3.769987081606294976e-02	9.628003014429128981e-02
1.785137208838799552e+03	1.912802458957994223e-01	1.195484993853022648e-01	2.883138429638872346e-01	1.817072071842701086e-01	8.502725787881403041e-02	3.774632721747937791e-02	9.637661947414545571e-02
1.789974979052454728e+03	1.909523274241228530e-01	1.193165457180913325e-01	2.885225995135217159e-01	1.818532670152028796e-01	8.509005633503692601e-02	3.779255719291219062e-02	9.647264680081006627e-02
1.794812749266109904e+03	1.906262652209312347e-01	1.190859019550023490e-01	2.887301876068371631e-01	1.819984674131245317e-01	8.515250093284017219e-02	3.783856155110654207e-02	9.656811531985606822e-02
1.799650519479765535e+03	1.903020487002496375e-01	1.188565607260752555e-01	2.889366140574237685e-01	1.821428134247968511e-01	8.521459377924618661e-02	3.788434110307413449e-02	9.666302820883224123e-02
1.804488289693420711e+03	1.899796673388474688e-01	1.186285147012879487e-01	2.891418856352666600e-01	1.822863100678438486e-01	8.527633696711135747e-02	3.792989666197711662e-02	9.675738862736366075e-02
1.809326059907075887e+03	1.896591106757906098e-01	1.184017565903986158e-01	2.893460090670857410e-01	1.824289623309137132e-01	8.533773257524517042e-02	3.797522904301429275e-02	9.685119971724986954e-02
1.814163830120731291e+03	1.893403683119989633e-01	1.181762791427864168e-01	2.895489910366726982e-01	1.825707751738400164e-01	8.539878266852803101e-02	3.802033906330944818e-02	9.694446460256253562e-02
1.819001600334386467e+03	1.890234299098095261e-01	1.179520751472906415e-01	2.897508381852233472e-01	1.827117535278021399e-01	8.545948929802781036e-02	3.806522754180193674e-02	9.703718638974273558e-02
1.823839370548041643e+03	1.887082851925450944e-01	1.177291374320487138e-01	2.899515571116675350e-01	1.828519022954845918e-01	8.551985450111511400e-02	3.810989529913934304e-02	9.712936816769776605e-02
1.828677140761696819e+03	1.883949239440877721e-01	1.175074588643326146e-01	2.901511543729948794e-01	1.829912263512357140e-01	8.557988030157732962e-02	3.815434315757227496e-02	9.722101300789758038e-02
1.833514910975352450e+03	1.880833360084578632e-01	1.172870323503843876e-01	2.903496364845773448e-01	1.831297305412254162e-01	8.563956870973131463e-02	3.819857194085123087e-02	9.731212396447068425e-02
1.838352681189008081e+03	1.877735112893976210e-01	1.170678508352502450e-01	2.905470099204881529e-01	1.832674196836020508e-01	8.569892172253501528e-02	3.824258247412546524e-02	9.740270407429973964e-02
1.843190451402663257e+03	1.874654397499598557e-01	1.168499073026138813e-01	2.907432811138178086e-01	1.834042985686484828e-01	8.575794132369776723e-02	3.828637558384387352e-02	9.749275635711664167e-02
1.848028221616318433e+03	1.871591114121013144e-01	1.166331947746286485e-01	2.909384564569865717e-01	1.835403719589374094e-01	8.581662948378937505e-02	3.832995209765784755e-02	9.758228381559716502e-02
1.852865991829973609e+03	1.868545163562806699e-01	1.164177063117489003e-01	2.911325423020537650e-01	1.836756445894856815e-01	8.587498816034815075e-02	3.837331284432603934e-02	9.767128943545515252e-02
1.857703762043628785e+03	1.865516447210610884e-01	1.162034350125604881e-01	2.913255449610239189e-01	1.838101211679078195e-01	8.593301929798764782e-02	3.841645865362104673e-02	9.775977618553634285e-02
1.862541532257283961e+03	1.862504867027172384e-01	1.159903740136105227e-01	2.915174707061496950e-01	1.839438063745690022e-01	8.599072482850229904e-02	3.845939035623793106e-02	9.784774701791168483e-02
1.867379302470939592e+03	1.859510325548465459e-01	1.157785164892363994e-01	2.917083257702318688e-01	1.840767048627368618e-01	8.604810667097191612e-02	3.850210878370461526e-02	9.793520486797023528e-02
1.872217072684594768e+03	1.856532725879847801e-01	1.155678556513941857e-01	2.918981163469160922e-01	1.842088212587326135e-01	8.610516673186507930e-02	3.854461476829402350e-02	9.802215265451159898e-02
1.877054842898249490e+03	1.853571971692258291e-01	1.153583847494864950e-01	2.920868485909871026e-01	1.843401601620815178e-01	8.616190690514141659e-02	3.858690914293807367e-02	9.810859327983793843e-02
1.881892613111905121e+03	1.850627967218453906e-01	1.151500970701897913e-01	2.922745286186591573e-01	1.844707261456624003e-01	8.621832907235274512e-02	3.862899274114333509e-02	9.819452962984555333e-02
1.886730383325560297e+03	1.847700617249287136e-01	1.149429859372812363e-01	2.924611625078644694e-01	1.846005237558563938e-01	8.627443510274318550e-02	3.867086639690844180e-02	9.827996457411597442e-02
1.891568153539215928e+03	1.844789827130023374e-01	1.147370447114651193e-01	2.926467562985379800e-01	1.847295575126949585e-01	8.633022685334822144e-02	3.871253094464318506e-02	9.836490096600668254e-02
1.896405923752871104e+03	1.841895502756693836e-01	1.145322667901989555e-01	2.928313159928999654e-01	1.848578319100070422e-01	8.638570616909266309e-02	3.875398721908925037e-02	9.844934164274128652e-02
1.901243693966526507e+03	1.839017550572488446e-01	1.143286456075192636e-01	2.930148475557353138e-01	1.849853514155655743e-01	8.644087488288761112e-02	3.879523605524257818e-02	9.853328942549936798e-02
1.906081464180181683e+03	1.836155877564184247e-01	1.141261746338670807e-01	2.931973569146705261e-01	1.851121204712330715e-01	8.649573481572633837e-02	3.883627828827737605e-02	9.861674711950578487e-02
1.910919234393836859e+03	1.833310391258608230e-01	1.139248473759132407e-01	2.933788499604474964e-01	1.852381434931065496e-01	8.655028777677924168e-02	3.887711475347160189e-02	9.869971751411957261e-02
1.915757004607492036e+03	1.830480999719138191e-01	1.137246573763835006e-01	2.935593325471952397e-01	1.853634248716616861e-01	8.660453556348778059e-02	3.891774628613410558e-02	9.878220338292240110e-02
1.920594774821147894e+03	1.827667611542234394e-01	1.135255982138835412e-01	2.937388104926981769e-01	1.854879689718961777e-01	8.665847996165740308e-02	3.895817372153322078e-02	9.886420748380662926e-02
1.925432545034802843e+03	1.824870135854008146e-01	1.133276635027238716e-01	2.939172895786625328e-01	1.856117801334722928e-01	8.671212274554947197e-02	3.899839789482686947e-02	9.894573255906279063e-02
1.930270315248458019e+03	1.822088482306821466e-01	1.131308468927446076e-01	2.940947755509797368e-01	1.857348626708588968e-01	8.676546567797230325e-02	3.903841964099412365e-02	9.902678133546681527e-02
1.935108085462113195e+03	1.819322561075920053e-01	1.129351420691404179e-01	2.942712741199877136e-01	1.858572208734724229e-01	8.681851051037120515e-02	3.907823979476824500e-02	9.910735652436662713e-02
1.939945855675768371e+03	1.816572282856096787e-01	1.127405427522853026e-01	2.944467909607290101e-01	1.859788590058173985e-01	8.687125898291768455e-02	3.911785919057109845e-02	9.918746082176845003e-02
1.944783625889424002e+03	1.813837558858388821e-01	1.125470426975575117e-01	2.946213317132070908e-01	1.860997813076260554e-01	8.692371282459755710e-02	3.915727866244899519e-02	9.926709690842255851e-02
1.949621396103079178e+03	1.811118300806801584e-01	1.123546356951645175e-01	2.947949019826399120e-01	1.862199919939971915e-01	8.697587375329829396e-02	3.919649904400990259e-02	9.934626744990869562e-02
1.954459166316734354e+03	1.808414420935067768e-01	1.121633155699681555e-01	2.949675073397109437e-01	1.863394952555344486e-01	8.702774347589542492e-02	3.923552116836197257e-02	9.942497509672093559e-02
1.959296936530389530e+03	1.805725831983430729e-01	1.119730761813099162e-01	2.951391533208183038e-01	1.864582952584837860e-01	8.707932368833803949e-02	3.927434586805341604e-02	9.950322248435218564e-02
1.964134706744044706e+03	1.803052447195459262e-01	1.117839114228362934e-01	2.953098454283209495e-01	1.865763961448701769e-01	8.713061607573344136e-02	3.931297397501370972e-02	9.958101223337825769e-02
1.968972476957700337e+03	1.800394180314891790e-01	1.115958152223245070e-01	2.954795891307830380e-01	1.866938020326336933e-01	8.718162231243094251e-02	3.935140632049601017e-02	9.965834694954145423e-02
1.973810247171355968e+03	1.797750945582506643e-01	1.114087815415083366e-01	2.956483898632156215e-01	1.868105170157648154e-01	8.723234406210478298e-02	3.938964373502090721e-02	9.973522922383373790e-02
1.978648017385010689e+03	1.795122657733020100e-01	1.112228043759042884e-01	2.958162530273165669e-01	1.869265451644390452e-01	8.728278297783620410e-02	3.942768704832133597e-02	9.981166163257945700e-02
1.983485787598666320e+03	1.792509231992012175e-01	1.110378777546380258e-01	2.959831839917076990e-01	1.870418905251508557e-01	8.733294070219471683e-02	3.946553708928876580e-02	9.988764673751768242e-02
1.988323557812321269e+03	1.789910584072877953e-01	1.108539957402710358e-01	2.961491880921701125e-01	1.871565571208468615e-01	8.738281886731857906e-02	3.950319468592054101e-02	9.996318708588405877e-02
1.993161328025976900e+03	1.787326630173805275e-01	1.106711524286276976e-01	2.963142706318773745e-01	1.872705489510583243e-01	8.743241909499439857e-02	3.954066066526844975e-02	1.000382852104922393e-01
1.997999098239632076e+03	1.784757286974778256e-01	1.104893419486227546e-01	2.964784368816261728e-01	1.873838699920330475e-01	8.748174299673594501e-02	3.957793585338834769e-02	1.001129436298148906e-01
2.002836868453287707e+03	1.782202471634606877e-01	1.103085584620890069e-01	2.966416920800653001e-01	1.874965241968663821e-01	8.753079217386226796e-02	3.961502107529103756e-02	1.001871648480643223e-01
2.007674638666942428e+03	1.779662101787978234e-01	1.101287961636055190e-01	2.968040414339221944e-01	1.876085154956318446e-01	8.757956821757491295e-02	3.965191715489418262e-02	1.002609513552725762e-01
2.012512408880597604e+03	1.777136095542535821e-01	1.099500492803261592e-01	2.969654901182276485e-01	1.877198477955107081e-01	8.762807270903445744e-02	3.968862491497531647e-02	1.003343056273711537e-01
2.017350179094252780e+03	1.774624371475980178e-01	1.097723120718086254e-01	2.971260432765386872e-01	1.878305249809211486e-01	8.767630721943622807e-02	3.972514517712594923e-02	1.004072301262703831e-01
2.022187949307908411e+03	1.772126848633194807e-01	1.095955788298438732e-01	2.972857060211586688e-01	1.879405509136466423e-01	8.772427331008536555e-02	3.976147876170675610e-02	1.004797272999382179e-01
2.027025719521564042e+03	1.769643446523393726e-01	1.094198438782860439e-01	2.974444834333562770e-01	1.880499294329637527e-01	8.777197253247100150e-02	3.979762648780375833e-02	1.005517995824787431e-01
2.031863489735218764e+03	1.767174085117294013e-01	1.092451015728828079e-01	2.976023805635821251e-01	1.881586643557691119e-01	8.781940642833985233e-02	3.983358917318553100e-02	1.006234493942102098e-01
2.036701259948874394e+03	1.764718684844308050e-01	1.090713463011062645e-01	2.977594024316831955e-01	1.882667594767057917e-01	8.786657652976900823e-02	3.986936763426145863e-02	1.006946791417425852e-01
2.041539030162529116e+03	1.762277166589759636e-01	1.088985724819842987e-01	2.979155540271158920e-01	1.883742185682891479e-01	8.791348435923808380e-02	3.990496268604089986e-02	1.007654912180548368e-01
2.046376800376184747e+03	1.759849451692122868e-01	1.087267745659324519e-01	2.980708403091569814e-01	1.884810453810317477e-01	8.796013142970054988e-02	3.994037514209341361e-02	1.008358880025716775e-01
2.051214570589840150e+03	1.757435461940280441e-01	1.085559470345864308e-01	2.982252662071125382e-01	1.885872436435678534e-01	8.800651924465451026e-02	3.997560581450985279e-02	1.009058718612398931e-01
2.056052340803495554e+03	1.755035119570803881e-01	1.083860844006349911e-01	2.983788366205250009e-01	1.886928170627772128e-01	8.805264929821268738e-02	4.001065551386445707e-02	1.009754451466043645e-01
2.060890111017150957e+03	1.752648347265255424e-01	1.082171812076535150e-01	2.985315564193788407e-01	1.887977693239080712e-01	8.809852307517179737e-02	4.004552504917781308e-02	1.010446101978835359e-01
2.065727881230805451e+03	1.750275068147509605e-01	1.080492320299380610e-01	2.986834304443038435e-01	1.889021040906997129e-01	8.814414205108120348e-02	4.008021522788074442e-02	1.011133693410446038e-01
2.070565651444461309e+03	1.747915205781095105e-01	1.078822314723400511e-01	2.988344635067770039e-01	1.890058250055042244e-01	8.818950769231101439e-02	4.011472685577909675e-02	1.011817248888782217e-01
2.075403421658116713e+03	1.745568684166557416e-01	1.077161741701015280e-01	2.989846603893226984e-01	1.891089356894076479e-01	8.823462145611939145e-02	4.014906073701936945e-02	1.012496791410727875e-01
2.080241191871772116e+03	1.743235427738841214e-01	1.075510547886909807e-01	2.991340258457106382e-01	1.892114397423505789e-01	8.827948479071930088e-02	4.018321767405522854e-02	1.013172343842883988e-01
2.085078962085427065e+03	1.740915361364689384e-01	1.073868680236398504e-01	2.992825646011527119e-01	1.893133407432479876e-01	8.832409913534465529e-02	4.021719846761483141e-02	1.013843928922302934e-01
2.089916732299082469e+03	1.738608410340066746e-01	1.072236086003795497e-01	2.994302813524977180e-01	1.894146422501084837e-01	8.836846592031573355e-02	4.025100391666900507e-02	1.014511569257220136e-01
2.094754502512737417e+03	1.736314500387597104e-01	1.070612712740792033e-01	2.995771807684247667e-01	1.895153478001530833e-01	8.841258656710411501e-02	4.028463481840023619e-02	1.015175287327781117e-01
2.099592272726392821e+03	1.734033557654022506e-01	1.068998508294839167e-01	2.997232674896345150e-01	1.896154609099329480e-01	8.845646248839679482e-02	4.031809196817243146e-02	1.015835105486764117e-01
2.104430042940048224e+03	1.731765508707680534e-01	1.067393420807537519e-01	2.998685461290390708e-01	1.897149850754469846e-01	8.850009508816000792e-02	4.035137615950148277e-02	1.016491045960299239e-01
2.109267813153704083e+03	1.729510280535997424e-01	1.065797398713033695e-01	3.000130212719504530e-01	1.898139237722585582e-01	8.854348576170210927e-02	4.038448818402659568e-02	1.017143130848584126e-01
2.114105583367359031e+03	1.727267800543002274e-01	1.064210390736422124e-01	3.001566974762672757e-01	1.899122804556115651e-01	8.858663589573614883e-02	4.041742883148238819e-02	1.017791382126594368e-01
2.118943353581013525e+03	1.725037996546856522e-01	1.062632345892154384e-01	3.002995792726595448e-01	1.900100585605460357e-01	8.862954686844169705e-02	4.045019888967168326e-02	1.018435821644791267e-01
2.123781123794669384e+03	1.722820796777404240e-01	1.061063213482455331e-01	3.004416711647524552e-01	1.901072615020129586e-01	8.867222004952617087e-02	4.048279914443910638e-02	1.019076471129825301e-01
2.128618894008324787e+03	1.720616129873734357e-01	1.059502943095744359e-01	3.005829776293081901e-01	1.902038926749886616e-01	8.871465680028554901e-02	4.051523037964534224e-02	1.019713352185235289e-01
2.133456664221980191e+03	1.718423924881766207e-01	1.057951484605065551e-01	3.007235031164064432e-01	1.902999554545884986e-01	8.875685847366454606e-02	4.054749337714209922e-02	1.020346486292143945e-01
2.138294434435635139e+03	1.716244111251846727e-01	1.056408788166522672e-01	3.008632520496232199e-01	1.903954531961798702e-01	8.879882641431631474e-02	4.057958891674780244e-02	1.020975894809950379e-01
2.143132204649290543e+03	1.714076618836368748e-01	1.054874804217722090e-01	3.010022288262083068e-01	1.904903892354947725e-01	8.884056195866139871e-02	4.061151777622391823e-02	1.021601598977017189e-01
2.147969974862945492e+03	1.711921377887402063e-01	1.053349483476222342e-01	3.011404378172612972e-01	1.905847668887417079e-01	8.888206643494638015e-02	4.064328073125197949e-02	1.022223619911355047e-01
2.152807745076601350e+03	1.709778319054341966e-01	1.051832776937990099e-01	3.012778833679058965e-01	1.906785894527169012e-01	8.892334116330180560e-02	4.067487855541123548e-02	1.022841978611302993e-01
2.157645515290255844e+03	1.707647373381576683e-01	1.050324635875863472e-01	3.014145697974631166e-01	1.907718602049150169e-01	8.896438745579970941e-02	4.070631202015698169e-02	1.023456695956205253e-01
2.162483285503912157e+03	1.705528472306166443e-01	1.048825011838022681e-01	3.015505013996227501e-01	1.908645824036393490e-01	8.900520661651055432e-02	4.073758189479949332e-02	1.024067792707083341e-01
2.167321055717567106e+03	1.703421547655540047e-01	1.047333856646465861e-01	3.016856824426137895e-01	1.909567592881111775e-01	8.904579994155965850e-02	4.076868894648358332e-02	1.024675289507305936e-01
2.172158825931222509e+03	1.701326531645210027e-01	1.045851122395494437e-01	3.018201171693727369e-01	1.910483940785789592e-01	8.908616871918313695e-02	4.079963394016877104e-02	1.025279206883254052e-01
2.176996596144877003e+03	1.699243356876497524e-01	1.044376761450203500e-01	3.019538097977114144e-01	1.911394899764264077e-01	8.912631422978332940e-02	4.083041763861004758e-02	1.025879565244982167e-01
2.181834366358532861e+03	1.697171956334276033e-01	1.042910726444980229e-01	3.020867645204827756e-01	1.912300501642804351e-01	8.916623774598375629e-02	4.086104080233923797e-02	1.026476384886876869e-01
2.186672136572187810e+03	1.695112263384730422e-01	1.041452970282009116e-01	3.022189855057457186e-01	1.913200778061183438e-01	8.920594053268353363e-02	4.089150418964691142e-02	1.027069685988310915e-01
2.191509906785843214e+03	1.693064211773129824e-01	1.040003446129783987e-01	3.023504768969282885e-01	1.914095760473743524e-01	8.924542384711130205e-02	4.092180855656489535e-02	1.027659488614293681e-01
2.196347676999498617e+03	1.691027735621614958e-01	1.038562107421627384e-01	3.024812428129896591e-01	1.914985480150457331e-01	8.928468893887878122e-02	4.095195465684932368e-02	1.028245812716118562e-01
2.201185447213154021e+03	1.689002769427001560e-01	1.037128907854217158e-01	3.026112873485810040e-01	1.915869968177982552e-01	8.932373705003367192e-02	4.098194324196421240e-02	1.028828678132005792e-01
2.206023217426809424e+03	1.686989248058596291e-01	1.035703801386119588e-01	3.027406145742047028e-01	1.916749255460711288e-01	8.936256941511228069e-02	4.101177506106561121e-02	1.029408104587743178e-01
2.210860987640464373e+03	1.684987106756028197e-01	1.034286742236330409e-01	3.028692285363724923e-01	1.917623372721813380e-01	8.940118726119156145e-02	4.104145086098625467e-02	1.029984111697321431e-01
2.215698757854119776e+03	1.682996281127094595e-01	1.032877684882822222e-01	3.029971332577624521e-01	1.918492350504274191e-01	8.943959180794067154e-02	4.107097138622071986e-02	1.030556718963567403e-01
2.220536528067775180e+03	1.681016707145621125e-01	1.031476584061099960e-01	3.031243327373743246e-01	1.919356219171926836e-01	8.947778426767223625e-02	4.110033737891111150e-02	1.031125945778773034e-01
2.225374298281430583e+03	1.679048321149333722e-01	1.030083394762761895e-01	3.032508309506840027e-01	1.920215008910478860e-01	8.951576584539298886e-02	4.112954957883326046e-02	1.031691811425320821e-01
2.230212068495085077e+03	1.677091059837746978e-01	1.028698072234069671e-01	3.033766318497966852e-01	1.921068749728534197e-01	8.955353773885407764e-02	4.115860872338334558e-02	1.032254335076306095e-01
2.235049838708740936e+03	1.675144860270064151e-01	1.027320571974523894e-01	3.035017393635987548e-01	1.921917471458608195e-01	8.959110113860087321e-02	4.118751554756505673e-02	1.032813535796155979e-01
2.239887608922396339e+03	1.673209659863091614e-01	1.025950849735447895e-01	3.036261573979082140e-01	1.922761203758138193e-01	8.962845722802238735e-02	4.121627078397719496e-02	1.033369432541243749e-01
2.244725379136052197e+03	1.671285396389166622e-01	1.024588861518577754e-01	3.037498898356245647e-01	1.923599976110487719e-01	8.966560718340027547e-02	4.124487516280174459e-02	1.033922044160501125e-01
2.249563149349706237e+03	1.669372007974098959e-01	1.023234563574660638e-01	3.038729405368768566e-01	1.924433817825946524e-01	8.970255217395733949e-02	4.127332941179242404e-02	1.034471389396026536e-01
2.254400919563362095e+03	1.667469433095123132e-01	1.021887912402058701e-01	3.039953133391710138e-01	1.925262758042723954e-01	8.973929336190569761e-02	4.130163425626359741e-02	1.035017486883689497e-01
2.259238689777017044e+03	1.665577610578866941e-01	1.020548864745361578e-01	3.041170120575357183e-01	1.926086825727937601e-01	8.977583190249453782e-02	4.132979041907974826e-02	1.035560355153732626e-01
2.264076459990672902e+03	1.663696479599330869e-01	1.019217377594004437e-01	3.042380404846671826e-01	1.926906049678596689e-01	8.981216894405737172e-02	4.135779862064523082e-02	1.036100012631369499e-01
