1.001418434226643626e+03	2.784494991857247581e-01	1.815633047895090502e-01	2.348173371487900507e-01	1.412815552812335396e-01	6.797056100844323101e-02	2.667967122092453069e-02	6.923807136507287296e-02
1.002869765290740247e+03	2.781840433277188995e-01	1.814044870615238725e-01	2.349926574851622374e-01	1.413897421504884400e-01	6.801370954151779447e-02	2.670751449680552544e-02	6.930784593648124658e-02
1.004321096354836754e+03	2.779190664007486489e-01	1.812459238687597618e-01	2.351676187001334462e-01	1.414977231173543681e-01	6.805678217516056283e-02	2.673535990498351889e-02	6.937752583255765715e-02
1.005772427418933376e+03	2.776545675272237279e-01	1.810876147796073032e-01	2.353422217999358024e-01	1.416054986788206627e-01	6.809977904567846019e-02	2.676320705447359644e-02	6.944711111395843184e-02
1.007223758483029997e+03	2.773905458312894146e-01	1.809295593633091226e-01	2.355164677869134304e-01	1.417130693300018562e-01	6.814270028912955413e-02	2.679105555822291346e-02	6.951660184083165162e-02
1.008675089547126618e+03	2.771270004388224906e-01	1.807717571899579156e-01	2.356903576595333893e-01	1.418204355641490555e-01	6.818554604132356922e-02	2.681890503307302054e-02	6.958599807283846750e-02
1.010126420611223239e+03	2.768639304774270227e-01	1.806142078304940335e-01	2.358638924123965808e-01	1.419275978726615151e-01	6.822831643782231725e-02	2.684675509972258775e-02	6.965529986917387562e-02
1.011577751675319632e+03	2.766013350764299772e-01	1.804569108567033175e-01	2.360370730362489344e-01	1.420345567450978230e-01	6.827101161394018292e-02	2.687460538269053137e-02	6.972450728858710367e-02
1.013029082739416367e+03	2.763392133668773343e-01	1.802998658412147681e-01	2.362099005179928157e-01	1.421413126691871698e-01	6.831363170474466506e-02	2.690245551027953264e-02	6.979362038940162272e-02
1.014480413803512761e+03	2.760775644815295360e-01	1.801430723574983794e-01	2.363823758406982112e-01	1.422478661308403947e-01	6.835617684505679303e-02	2.693030511453993817e-02	6.986263922953458994e-02
1.015931744867609382e+03	2.758163875548577115e-01	1.799865299798629470e-01	2.365544999836144413e-01	1.423542176141610605e-01	6.839864716945166789e-02	2.695815383123405934e-02	6.993156386651598611e-02
1.017383075931706003e+03	2.755556817230392364e-01	1.798302382834537083e-01	2.367262739221815404e-01	1.424603676014563891e-01	6.844104281225885100e-02	2.698600129980086026e-02	7.000039435750725347e-02
1.018834406995802851e+03	2.752954461239538464e-01	1.796741968442502890e-01	2.368976986280421915e-01	1.425663165732480864e-01	6.848336390756291914e-02	2.701384716332096841e-02	7.006913075931953117e-02
1.020285738059899245e+03	2.750356798971791972e-01	1.795184052390643714e-01	2.370687750690534668e-01	1.426720650082831110e-01	6.852561058920392245e-02	2.704169106848213627e-02	7.013777312843152978e-02
1.021737069123995752e+03	2.747763821839872556e-01	1.793628630455375295e-01	2.372395042092987627e-01	1.427776133835443051e-01	6.856778299077784244e-02	2.706953266554500484e-02	7.020632152100698964e-02
1.023188400188092373e+03	2.745175521273396368e-01	1.792075698421390917e-01	2.374098870090998181e-01	1.428829621742610245e-01	6.860988124563709156e-02	2.709737160830925570e-02	7.027477599291173660e-02
1.024639731252188767e+03	2.742591888718839965e-01	1.790525252081637819e-01	2.375799244250289266e-01	1.429881118539194917e-01	6.865190548689097116e-02	2.712520755408011006e-02	7.034313659973036315e-02
1.026091062316285615e+03	2.740012915639495894e-01	1.788977287237297764e-01	2.377496174099209825e-01	1.430930628942733707e-01	6.869385584740612949e-02	2.715304016363519896e-02	7.041140339678252091e-02
1.027542393380382237e+03	2.737438593515434948e-01	1.787431799697763724e-01	2.379189669128859708e-01	1.431978157653540085e-01	6.873573245980706126e-02	2.718086910119176317e-02	7.047957643913886627e-02
1.028993724444478858e+03	2.734868913843464533e-01	1.785888785280617952e-01	2.380879738793211797e-01	1.433023709354806219e-01	6.877753545647656563e-02	2.720869403437420689e-02	7.054765578163660344e-02
1.030445055508575479e+03	2.732303868137089253e-01	1.784348239811612002e-01	2.382566392509237740e-01	1.434067288712705668e-01	6.881926496955621808e-02	2.723651463418198804e-02	7.061564147889480558e-02
1.031896386572671872e+03	2.729743447926469280e-01	1.782810159124642302e-01	2.384249639657032849e-01	1.435108900376492469e-01	6.886092113094680056e-02	2.726433057495784504e-02	7.068353358532913910e-02
1.033347717636768493e+03	2.727187644758380936e-01	1.781274539061731832e-01	2.385929489579943219e-01	1.436148548978601891e-01	6.890250407230882890e-02	2.729214153435636364e-02	7.075133215516647700e-02
1.034799048700865114e+03	2.724636450196178394e-01	1.779741375473006537e-01	2.387605951584690633e-01	1.437186239134750076e-01	6.894401392506299686e-02	2.731994719331286639e-02	7.081903724245906806e-02
1.036250379764961508e+03	2.722089855819750936e-01	1.778210664216674786e-01	2.389279034941502178e-01	1.438221975444030631e-01	6.898545082039062026e-02	2.734774723601261781e-02	7.088664890109837302e-02
1.037701710829058356e+03	2.719547853225486311e-01	1.776682401159005997e-01	2.390948748884237918e-01	1.439255762489013435e-01	6.902681488923409492e-02	2.737554134986037307e-02	7.095416718482865093e-02
1.039153041893154750e+03	2.717010434026229659e-01	1.775156582174308717e-01	2.392615102610518296e-01	1.440287604835840951e-01	6.906810626229738237e-02	2.740332922545020422e-02	7.102159214726010139e-02
1.040604372957251599e+03	2.714477589851244099e-01	1.773633203144910631e-01	2.394278105281855418e-01	1.441317507034323708e-01	6.910932507004650949e-02	2.743111055653569760e-02	7.108892384188181257e-02
1.042055704021347992e+03	2.711949312346171870e-01	1.772112259961136638e-01	2.395937766023782389e-01	1.442345473618036056e-01	6.915047144270995705e-02	2.745888504000039768e-02	7.115616232207434833e-02
1.043507035085444613e+03	2.709425593172994917e-01	1.770593748521287758e-01	2.397594093925983216e-01	1.443371509104409978e-01	6.919154551027913158e-02	2.748665237582859425e-02	7.122330764112203005e-02
1.044958366149541234e+03	2.706906424009997147e-01	1.769077664731620869e-01	2.399247098042425197e-01	1.444395617994828351e-01	6.923254740250885109e-02	2.751441226707641158e-02	7.129035985222489935e-02
1.046409697213637855e+03	2.704391796551722793e-01	1.767564004506327335e-01	2.400896787391489096e-01	1.445417804774718762e-01	6.927347724891777525e-02	2.754216441984318198e-02	7.135731900851052800e-02
1.047861028277734476e+03	2.701881702508940886e-01	1.766052763767511635e-01	2.402543170956102370e-01	1.446438073913644817e-01	6.931433517878889117e-02	2.756990854324310389e-02	7.142418516304531451e-02
1.049312359341831097e+03	2.699376133608604733e-01	1.764543938445171101e-01	2.404186257683870176e-01	1.447456429865398020e-01	6.935512132116994355e-02	2.759764434937722610e-02	7.149095836884568345e-02
1.050763690405927491e+03	2.696875081593813617e-01	1.763037524477175377e-01	2.405826056487209430e-01	1.448472877068088249e-01	6.939583580487392045e-02	2.762537155330568872e-02	7.155763867888895180e-02
1.052215021470024112e+03	2.694378538223773933e-01	1.761533517809245886e-01	2.407462576243482033e-01	1.449487419944233135e-01	6.943647875847944184e-02	2.765308987302026941e-02	7.162422614612391769e-02
1.053666352534120733e+03	2.691886495273763669e-01	1.760031914394934449e-01	2.409095825795128099e-01	1.450500062900847709e-01	6.947705031033127310e-02	2.768079902941718989e-02	7.169072082348118546e-02
1.055117683598217127e+03	2.689398944535091318e-01	1.758532710195603588e-01	2.410725813949800289e-01	1.451510810329533219e-01	6.951755058854075520e-02	2.770849874627022424e-02	7.175712276388321320e-02
1.056569014662313975e+03	2.686915877815057585e-01	1.757035901180405701e-01	2.412352549480497321e-01	1.452519666606564563e-01	6.955797972098624882e-02	2.773618875020403968e-02	7.182343202025419371e-02
1.058020345726410369e+03	2.684437286936920963e-01	1.755541483326261976e-01	2.413976041125699690e-01	1.453526636092977165e-01	6.959833783531359230e-02	2.776386877066788078e-02	7.188964864552953304e-02
1.059471676790506763e+03	2.681963163739856104e-01	1.754049452617844340e-01	2.415596297589503449e-01	1.454531723134653842e-01	6.963862505893653188e-02	2.779153853990943765e-02	7.195577269266523190e-02
1.060923007854603611e+03	2.679493500078918844e-01	1.752559805047552155e-01	2.417213327541756496e-01	1.455534932062410303e-01	6.967884151903717960e-02	2.781919779294904707e-02	7.202180421464694782e-02
1.062374338918700232e+03	2.677028287825007347e-01	1.751072536615495001e-01	2.418827139618193178e-01	1.456536267192080070e-01	6.971898734256648522e-02	2.784684626755411230e-02	7.208774326449883529e-02
1.063825669982796853e+03	2.674567518864824356e-01	1.749587643329469644e-01	2.420437742420570304e-01	1.457535732824599417e-01	6.975906265624462477e-02	2.787448370421381078e-02	7.215358989529213618e-02
1.065277001046893474e+03	2.672111185100842223e-01	1.748105121204942825e-01	2.422045144516802861e-01	1.458533333246090080e-01	6.979906758656147236e-02	2.790210984611403086e-02	7.221934416015358960e-02
1.066728332110990095e+03	2.669659278451263495e-01	1.746624966265029333e-01	2.423649354441099191e-01	1.459529072727943633e-01	6.983900225977705822e-02	2.792972443911257915e-02	7.228500611227357819e-02
1.068179663175086489e+03	2.667211790849985387e-01	1.745147174540472579e-01	2.425250380694099483e-01	1.460522955526903366e-01	6.987886680192201272e-02	2.795732723171464110e-02	7.235057580491406626e-02
1.069630994239183110e+03	2.664768714246560366e-01	1.743671742069625163e-01	2.426848231743009010e-01	1.461514985885145890e-01	6.991866133879794110e-02	2.798491797504846362e-02	7.241605329141632963e-02
1.071082325303279504e+03	2.662330040606161741e-01	1.742198664898428895e-01	2.428442916021737175e-01	1.462505168030362179e-01	6.995838599597795082e-02	2.801249642284132230e-02	7.248143862520843583e-02
1.072533656367376352e+03	2.659895761909547574e-01	1.740727939080394249e-01	2.430034441931032685e-01	1.463493506175838621e-01	6.999804089880702629e-02	2.804006233139568621e-02	7.254673185981262706e-02
1.073984987431472746e+03	2.657465870153021270e-01	1.739259560676582328e-01	2.431622817838620387e-01	1.464480004520536949e-01	7.003762617240251453e-02	2.806761545956565004e-02	7.261193304885231459e-02
1.075436318495569594e+03	2.655040357348397717e-01	1.737793525755584600e-01	2.433208052079338102e-01	1.465464667249173070e-01	7.007714194165451382e-02	2.809515556873359854e-02	7.267704224605908703e-02
1.076887649559666215e+03	2.652619215522965535e-01	1.736329830393501805e-01	2.434790152955273734e-01	1.466447498532295335e-01	7.011658833122635937e-02	2.812268242278708266e-02	7.274205950527935782e-02
1.078338980623762609e+03	2.650202436719452104e-01	1.734868470673927299e-01	2.436369128735901279e-01	1.467428502526364753e-01	7.015596546555501190e-02	2.815019578809595940e-02	7.280698488048088779e-02
1.079790311687859230e+03	2.647790012995985820e-01	1.733409442687925683e-01	2.437944987658219320e-01	1.468407683373829653e-01	7.019527346885148789e-02	2.817769543348972935e-02	7.287181842575912727e-02
1.081241642751955851e+03	2.645381936426061675e-01	1.731952742534014211e-01	2.439517737926885088e-01	1.469385045203204232e-01	7.023451246510137302e-02	2.820518113023512408e-02	7.293656019534336399e-02
1.082692973816052472e+03	2.642978199098504621e-01	1.730498366318143078e-01	2.441087387714354351e-01	1.470360592129144883e-01	7.027368257806514140e-02	2.823265265201389818e-02	7.300121024360264887e-02
1.084144304880149093e+03	2.640578793117432932e-01	1.729046310153676824e-01	2.442653945161016582e-01	1.471334328252525414e-01	7.031278393127866899e-02	2.826010977490084342e-02	7.306576862505165249e-02
1.085595635944245487e+03	2.638183710602226006e-01	1.727596570161374911e-01	2.444217418375331519e-01	1.472306257660511986e-01	7.035181664805360835e-02	2.828755227734202835e-02	7.313023539435620224e-02
1.087046967008342108e+03	2.635792943687484402e-01	1.726149142469372566e-01	2.445777815433967661e-01	1.473276384426638608e-01	7.039078085147787434e-02	2.831497994013325303e-02	7.319461060633877802e-02
1.088498298072438729e+03	2.633406484522997637e-01	1.724704023213162463e-01	2.447335144381936889e-01	1.474244712610880415e-01	7.042967666441599106e-02	2.834239254639870503e-02	7.325889431598374413e-02
1.089949629136535123e+03	2.631024325273706999e-01	1.723261208535575018e-01	2.448889413232732681e-01	1.475211246259726938e-01	7.046850420950960536e-02	2.836978988156983739e-02	7.332308657844249788e-02
1.091400960200631971e+03	2.628646458119672236e-01	1.721820694586759237e-01	2.450440629968465844e-01	1.476175989406255940e-01	7.050726360917787539e-02	2.839717173336445133e-02	7.338718744903842406e-02
1.092852291264728365e+03	2.626272875256034922e-01	1.720382477524164955e-01	2.451988802540001622e-01	1.477138946070204462e-01	7.054595498561787303e-02	2.842453789176597675e-02	7.345119698327162716e-02
1.094303622328825213e+03	2.623903568892983484e-01	1.718946553512523956e-01	2.453533938867095143e-01	1.478100120258041827e-01	7.058457846080504194e-02	2.845188814900296084e-02	7.351511523682362215e-02
1.095754953392921607e+03	2.621538531255719895e-01	1.717512918723830273e-01	2.455076046838528259e-01	1.479059515963040139e-01	7.062313415649361381e-02	2.847922229952877179e-02	7.357894226556183082e-02
1.097206284457018228e+03	2.619177754584423590e-01	1.716081569337322976e-01	2.456615134312245818e-01	1.480017137165345331e-01	7.066162219421699697e-02	2.850654014000147604e-02	7.364267812554387005e-02
1.098657615521114849e+03	2.616821231134216497e-01	1.714652501539466467e-01	2.458151209115491120e-01	1.480972987832047116e-01	7.070004269528823437e-02	2.853384146926392362e-02	7.370632287302178454e-02
1.100108946585211470e+03	2.614468953175130839e-01	1.713225711523932993e-01	2.459684279044942190e-01	1.481927071917248651e-01	7.073839578080043378e-02	2.856112608832403477e-02	7.376987656444607133e-02
1.101560277649308091e+03	2.612120912992072497e-01	1.711801195491583216e-01	2.461214351866847228e-01	1.482879393362136478e-01	7.077668157162714246e-02	2.858839380033527042e-02	7.383333925646960727e-02
1.103011608713404712e+03	2.609777102884787148e-01	1.710378949650449287e-01	2.462741435317160055e-01	1.483829956095047697e-01	7.081490018842277745e-02	2.861564441057729349e-02	7.389671100595143760e-02
1.104462939777501106e+03	2.607437515167826958e-01	1.708958970215714579e-01	2.464265537101675285e-01	1.484778764031539633e-01	7.085305175162308344e-02	2.864287772643680369e-02	7.395999186996037034e-02
1.105914270841597499e+03	2.605102142170516166e-01	1.707541253409697590e-01	2.465786664896163216e-01	1.485725821074455888e-01	7.089113638144552143e-02	2.867009355738859774e-02	7.402318190577850121e-02
1.107365601905694348e+03	2.602770976236916667e-01	1.706125795461832240e-01	2.467304826346505275e-01	1.486671131113994904e-01	7.092915419788962950e-02	2.869729171497677200e-02	7.408628117090461374e-02
1.108816932969790741e+03	2.600444009725793593e-01	1.704712592608651212e-01	2.468820029068827804e-01	1.487614698027775462e-01	7.096710532073755018e-02	2.872447201279612616e-02	7.414928972305742660e-02
1.110268264033887590e+03	2.598121235010583674e-01	1.703301641093765695e-01	2.470332280649638335e-01	1.488556525680903853e-01	7.100498986955433578e-02	2.875163426647373011e-02	7.421220762017867456e-02
1.111719595097984211e+03	2.595802644479359711e-01	1.701892937167850117e-01	2.471841588645957155e-01	1.489496617926037991e-01	7.104280796368844797e-02	2.877877829365071624e-02	7.427503492043617539e-02
1.113170926162080832e+03	2.593488230534798378e-01	1.700486477088622994e-01	2.473347960585453031e-01	1.490434978603454030e-01	7.108055972227209085e-02	2.880590391396416899e-02	7.433777168222670262e-02
1.114622257226177226e+03	2.591177985594146360e-01	1.699082257120828054e-01	2.474851403966576990e-01	1.491371611541110198e-01	7.111824526422171056e-02	2.883301094902926062e-02	7.440041796417873332e-02
1.116073588290273847e+03	2.588871902089185384e-01	1.697680273536218420e-01	2.476351926258693603e-01	1.492306520554711469e-01	7.115586470823828669e-02	2.886009922242151887e-02	7.446297382515512653e-02
1.117524919354370468e+03	2.586569972466202239e-01	1.696280522613537456e-01	2.477849534902216988e-01	1.493239709447773123e-01	7.119341817280785967e-02	2.888716855965927158e-02	7.452543932425566287e-02
1.118976250418467089e+03	2.584272189185953250e-01	1.694883000638502391e-01	2.479344237308742371e-01	1.494171182011683752e-01	7.123090577620187769e-02	2.891421878818626820e-02	7.458781452081948704e-02
1.120427581482563710e+03	2.581978544723631530e-01	1.693487703903785169e-01	2.480836040861178204e-01	1.495100942025767710e-01	7.126832763647759916e-02	2.894124973735446443e-02	7.465009947442742544e-02
1.121878912546660331e+03	2.579689031568835889e-01	1.692094628708996906e-01	2.482324952913879390e-01	1.496028993257348949e-01	7.130568387147852294e-02	2.896826123840695599e-02	7.471229424490423432e-02
1.123330243610756725e+03	2.577403642225534197e-01	1.690703771360667906e-01	2.483810980792778289e-01	1.496955339461811252e-01	7.134297459883479076e-02	2.899525312446109976e-02	7.477439889232070924e-02
1.124781574674853118e+03	2.575122369212036189e-01	1.689315128172232672e-01	2.485294131795516837e-01	1.497879984382660401e-01	7.138019993596357582e-02	2.902222523049178063e-02	7.483641347699569735e-02
1.126232905738949967e+03	2.572845205060957374e-01	1.687928695464011863e-01	2.486774413191578936e-01	1.498802931751585243e-01	7.141736000006948526e-02	2.904917739331482757e-02	7.489833805949799861e-02
1.127684236803046360e+03	2.570572142319185183e-01	1.686544469563194260e-01	2.488251832222420079e-01	1.499724185288517642e-01	7.145445490814499034e-02	2.907610945157062046e-02	7.496017270064825322e-02
1.129135567867143209e+03	2.568303173547850649e-01	1.685162446803820102e-01	2.489726396101598349e-01	1.500643748701693536e-01	7.149148477697081505e-02	2.910302124570782190e-02	7.502191746152066243e-02
1.130586898931239830e+03	2.566038291322292331e-01	1.683782623526764166e-01	2.491198112014905430e-01	1.501561625687711510e-01	7.152844972311631078e-02	2.912991261796726503e-02	7.508357240344458450e-02
1.132038229995336451e+03	2.563777488232028001e-01	1.682404996079717996e-01	2.492666987120495392e-01	1.502477819931592740e-01	7.156534986293990042e-02	2.915678341236600107e-02	7.514513758800610288e-02
1.133489561059432845e+03	2.561520756880719119e-01	1.681029560817174362e-01	2.494133028549016251e-01	1.503392335106839839e-01	7.160218531258942531e-02	2.918363347468152028e-02	7.520661307704951115e-02
1.134940892123529466e+03	2.559268089886139741e-01	1.679656314100407832e-01	2.495596243403737369e-01	1.504305174875494866e-01	7.163895618800260323e-02	2.921046265243606999e-02	7.526799893267867303e-02
1.136392223187626087e+03	2.557019479880146551e-01	1.678285252297460617e-01	2.497056638760680458e-01	1.505216342888197056e-01	7.167566260490736141e-02	2.923727079488116012e-02	7.532929521725828526e-02
1.137843554251722708e+03	2.554774919508644992e-01	1.676916371783124249e-01	2.498514221668745872e-01	1.506125842784241387e-01	7.171230467882230841e-02	2.926405775298220741e-02	7.539050199341512659e-02
1.139294885315819101e+03	2.552534401431558186e-01	1.675549668938922376e-01	2.499968999149842219e-01	1.507033678191634918e-01	7.174888252505705333e-02	2.929082337940331834e-02	7.545161932403918192e-02
1.140746216379915950e+03	2.550297918322795288e-01	1.674185140153094942e-01	2.501420978199014322e-01	1.507939852727153140e-01	7.178539625871264984e-02	2.931756752849221104e-02	7.551264727228465534e-02
1.142197547444012343e+03	2.548065462870220399e-01	1.672822781820581528e-01	2.502870165784570333e-01	1.508844369996397705e-01	7.182184599468197095e-02	2.934429005626528267e-02	7.557358590157096934e-02
1.143648878508108737e+03	2.545837027775622041e-01	1.671462590343004428e-01	2.504316568848208302e-01	1.509747233593850824e-01	7.185823184765011140e-02	2.937099082039282619e-02	7.563443527558366686e-02
1.145100209572205586e+03	2.543612605754679290e-01	1.670104562128651993e-01	2.505760194305144406e-01	1.510648447102931891e-01	7.189455393209476242e-02	2.939766968018436497e-02	7.569519545827517459e-02
1.146551540636302207e+03	2.541392189536932911e-01	1.668748693592462806e-01	2.507201049044238128e-01	1.511548014096051884e-01	7.193081236228662800e-02	2.942432649657414356e-02	7.575586651386560788e-02
1.148002871700398828e+03	2.539175771865754827e-01	1.667394981156008205e-01	2.508639139928118267e-01	1.512445938134668877e-01	7.196700725228978579e-02	2.945096113210673994e-02	7.581644850684340908e-02
1.149454202764495449e+03	2.536963345498314260e-01	1.666043421247476730e-01	2.510074473793307837e-01	1.513342222769341050e-01	7.200313871596211723e-02	2.947757345092281642e-02	7.587694150196599985e-02
1.150905533828591842e+03	2.534754903205548859e-01	1.664694010301658034e-01	2.511507057450351188e-01	1.514236871539781926e-01	7.203920686695564068e-02	2.950416331874500947e-02	7.593734556426026683e-02
1.152356864892688463e+03	2.532550437772133622e-01	1.663346744759925666e-01	2.512936897683935578e-01	1.515129887974913936e-01	7.207521181871695548e-02	2.953073060286393742e-02	7.599766075902306128e-02
1.153808195956785084e+03	2.530349941996450913e-01	1.662001621070222090e-01	2.514364001253018843e-01	1.516021275592921158e-01	7.211115368448760277e-02	2.955727517212435387e-02	7.605788715182162929e-02
1.155259527020881706e+03	2.528153408690557713e-01	1.660658635687040918e-01	2.515788374890950418e-01	1.516911037901302328e-01	7.214703257730442632e-02	2.958379689691140527e-02	7.611802480849388930e-02
1.156710858084978327e+03	2.525960830680158420e-01	1.659317785071412754e-01	2.517210025305596788e-01	1.517799178396922466e-01	7.218284861000000274e-02	2.961029564913705489e-02	7.617807379514877908e-02
1.158162189149074720e+03	2.523772200804570986e-01	1.657979065690888265e-01	2.518628959179462501e-01	1.518685700566066721e-01	7.221860189520301621e-02	2.963677130222656941e-02	7.623803417816643613e-02
1.159613520213171569e+03	2.521587511916698610e-01	1.656642474019521805e-01	2.520045183169815628e-01	1.519570607884490332e-01	7.225429254533861922e-02	2.966322373110520660e-02	7.629790602419839196e-02
1.161064851277267962e+03	2.519406756882999199e-01	1.655308006537855869e-01	2.521458703908807109e-01	1.520453903817471364e-01	7.228992067262883514e-02	2.968965281218496552e-02	7.635768940016766926e-02
1.162516182341364356e+03	2.517229928583455956e-01	1.653975659732906112e-01	2.522869528003592321e-01	1.521335591819861222e-01	7.232548638909293282e-02	2.971605842335148934e-02	7.641738437326880962e-02
1.163967513405461204e+03	2.515057019911545177e-01	1.652645430098144130e-01	2.524277662036455427e-01	1.522215675336134610e-01	7.236098980654780133e-02	2.974244044395107228e-02	7.647699101096785967e-02
1.165418844469557826e+03	2.512888023774208501e-01	1.651317314133482761e-01	2.525683112564928168e-01	1.523094157800441439e-01	7.239643103660835244e-02	2.976879875477779838e-02	7.653650938100238499e-02
1.166870175533654447e+03	2.510722933091822928e-01	1.649991308345259977e-01	2.527085886121909208e-01	1.523971042636654838e-01	7.243181019068788140e-02	2.979513323806079125e-02	7.659593955138126187e-02
1.168321506597751068e+03	2.508561740798169182e-01	1.648667409246223348e-01	2.528485989215785157e-01	1.524846333258422226e-01	7.246712737999845555e-02	2.982144377745157143e-02	7.665528159038456635e-02
1.169772837661847461e+03	2.506404439840403398e-01	1.647345613355514493e-01	2.529883428330551021e-01	1.525720033069214721e-01	7.250238271555126124e-02	2.984773025801155943e-02	7.671453556656335215e-02
1.171224168725944082e+03	2.504251023179028812e-01	1.646025917198653543e-01	2.531278209925927891e-01	1.526592145462374039e-01	7.253757630815702018e-02	2.987399256619966553e-02	7.677370154873938701e-02
1.172675499790040703e+03	2.502101483787864122e-01	1.644708317307524426e-01	2.532670340437481182e-01	1.527462673821163852e-01	7.257270826842636413e-02	2.990023058985998017e-02	7.683277960600484735e-02
1.174126830854137097e+03	2.499955814654014341e-01	1.643392810220357658e-01	2.534059826276739424e-01	1.528331621518816408e-01	7.260777870677018186e-02	2.992644421820962394e-02	7.689176980772195746e-02
1.175578161918233945e+03	2.497814008777842487e-01	1.642079392481717026e-01	2.535446673831313058e-01	1.529198991918579997e-01	7.264278773340002160e-02	2.995263334182666354e-02	7.695067222352255931e-02
1.177029492982330339e+03	2.495676059172941275e-01	1.640768060642483483e-01	2.536830889465009342e-01	1.530064788373768359e-01	7.267773545832843796e-02	2.997879785263816640e-02	7.700948692330772394e-02
1.178480824046426733e+03	2.493541958866100361e-01	1.639458811259839610e-01	2.538212479517950038e-01	1.530929014227805918e-01	7.271262199136939441e-02	3.000493764390834220e-02	7.706821397724722411e-02
1.179932155110523581e+03	2.491411700897281922e-01	1.638151640897254346e-01	2.539591450306688536e-01	1.531791672814276639e-01	7.274744744213861025e-02	3.003105261022680217e-02	7.712685345577897922e-02
1.181383486174620202e+03	2.489285278319587902e-01	1.636846546124469393e-01	2.540967808124324212e-01	1.532652767456969267e-01	7.278221192005396301e-02	3.005714264749692610e-02	7.718540542960855566e-02
1.182834817238716823e+03	2.487162684199233642e-01	1.635543523517481723e-01	2.542341559240618443e-01	1.533512301469923955e-01	7.281691553433580766e-02	3.008320765292433682e-02	7.724386996970850072e-02
1.184286148302813444e+03	2.485043911615518186e-01	1.634242569658531097e-01	2.543712709902110625e-01	1.534370278157479173e-01	7.285155839400740685e-02	3.010924752500546142e-02	7.730224714731770419e-02
1.185737479366910065e+03	2.482928953660794857e-01	1.632943681136083403e-01	2.545081266332228642e-01	1.535226700814316114e-01	7.288614060789523619e-02	3.013526216351622086e-02	7.736053703394069059e-02
1.187188810431006686e+03	2.480817803440444336e-01	1.631646854544815672e-01	2.546447234731408216e-01	1.536081572725504218e-01	7.292066228462942834e-02	3.016125146950080285e-02	7.741873970134692529e-02
1.188640141495103080e+03	2.478710454072844682e-01	1.630352086485602758e-01	2.547810621277201704e-01	1.536934897166547243e-01	7.295512353264406447e-02	3.018721534526053532e-02	7.747685522157003735e-02
1.190091472559199701e+03	2.476606898689344138e-01	1.629059373565501512e-01	2.549171432124394121e-01	1.537786677403427116e-01	7.298952446017759055e-02	3.021315369434289175e-02	7.753488366690701461e-02
1.191542803623296322e+03	2.474507130434231983e-01	1.627768712397735795e-01	2.550529673405114162e-01	1.538636916692648904e-01	7.302386517527317822e-02	3.023906642153053465e-02	7.759282510991741266e-02
1.192994134687392716e+03	2.472411142464710221e-01	1.626480099601682050e-01	2.551885351228945220e-01	1.539485618281284385e-01	7.305814578577905782e-02	3.026495343283051517e-02	7.765067962342242502e-02
1.194445465751489564e+03	2.470318927950865828e-01	1.625193531802855418e-01	2.553238471683039745e-01	1.540332785407016458e-01	7.309236639934893476e-02	3.029081463546354561e-02	7.770844728050400885e-02
1.195896796815585958e+03	2.468230480075642719e-01	1.623909005632893920e-01	2.554589040832225821e-01	1.541178421298182444e-01	7.312652712344226702e-02	3.031664993785335160e-02	7.776612815450402449e-02
1.197348127879682352e+03	2.466145792034813433e-01	1.622626517729544859e-01	2.555937064719124296e-01	1.542022529173817658e-01	7.316062806532475093e-02	3.034245924961617019e-02	7.782372231902318083e-02
1.198799458943779200e+03	2.464064857036951939e-01	1.621346064736649828e-01	2.557282549364252033e-01	1.542865112243698156e-01	7.319466933206857095e-02	3.036824248155026509e-02	7.788122984792007764e-02
1.200250790007875821e+03	2.461987668303404486e-01	1.620067643304130556e-01	2.558625500766136263e-01	1.543706173708382645e-01	7.322865103055284375e-02	3.039399954562561207e-02	7.793865081531023420e-02
1.201702121071972442e+03	2.459914219068262964e-01	1.618791250087974753e-01	2.559965924901420609e-01	1.544545716759257170e-01	7.326257326746389575e-02	3.041973035497363628e-02	7.799598529556497906e-02
1.203153452136069063e+03	2.457844502578337420e-01	1.617516881750220847e-01	2.561303827724976112e-01	1.545383744578574248e-01	7.329643614929569340e-02	3.044543482387703295e-02	7.805323336331043693e-02
1.204604783200165684e+03	2.455778512093127475e-01	1.616244534958944934e-01	2.562639215170007811e-01	1.546220260339497277e-01	7.333023978235019003e-02	3.047111286775970942e-02	7.811039509342637688e-02
1.206056114264262078e+03	2.453716240884795396e-01	1.614974206388245515e-01	2.563972093148162434e-01	1.547055267206140783e-01	7.336398427273764511e-02	3.049676440317679316e-02	7.816747056104511593e-02
1.207507445328358699e+03	2.451657682238139457e-01	1.613705892718230450e-01	2.565302467549636645e-01	1.547888768333612053e-01	7.339766972637699893e-02	3.052238934780472993e-02	7.822445984155036725e-02
1.208958776392455093e+03	2.449602829450565344e-01	1.612439590635001696e-01	2.566630344243282513e-01	1.548720766868051657e-01	7.343129624899627506e-02	3.054798762043148264e-02	7.828136301057606050e-02
1.210410107456551941e+03	2.447551675832059237e-01	1.611175296830641979e-01	2.567955729076715210e-01	1.549551265946675083e-01	7.346486394613287174e-02	3.057355914094681340e-02	7.833818014400516228e-02
1.211861438520648335e+03	2.445504214705160329e-01	1.609913008003200363e-01	2.569278627876416254e-01	1.550380268697812980e-01	7.349837292313396442e-02	3.059910383033263501e-02	7.839491131796839929e-02
1.213312769584745183e+03	2.443460439404936124e-01	1.608652720856678375e-01	2.570599046447840652e-01	1.551207778240950574e-01	7.353182328515681099e-02	3.062462161065346647e-02	7.845155660884310656e-02
1.214764100648841804e+03	2.441420343278951910e-01	1.607394432101016679e-01	2.571916990575521256e-01	1.552033797686768468e-01	7.356521513716916816e-02	3.065011240504697185e-02	7.850811609325189511e-02
1.216215431712937971e+03	2.439383919687246050e-01	1.606138138452080366e-01	2.573232466023174791e-01	1.552858330137182330e-01	7.359854858394958288e-02	3.067557613771455804e-02	7.856458984806137524e-02
1.217666762777034819e+03	2.437351162002302785e-01	1.604883836631645078e-01	2.574545478533800669e-01	1.553681378685382031e-01	7.363182373008779480e-02	3.070101273391209404e-02	7.862097795038089365e-02
1.219118093841131440e+03	2.435322063609025034e-01	1.603631523367384237e-01	2.575856033829789782e-01	1.554502946415870224e-01	7.366504067998504157e-02	3.072642211994068909e-02	7.867728047756113174e-02
1.220569424905228061e+03	2.433296617904708303e-01	1.602381195392854618e-01	2.577164137613023875e-01	1.555323036404502313e-01	7.369819953785447519e-02	3.075180422313754033e-02	7.873349750719284279e-02
1.222020755969324682e+03	2.431274818299013485e-01	1.601132849447482465e-01	2.578469795564978240e-01	1.556141651718525032e-01	7.373130040772142568e-02	3.077715897186689142e-02	7.878962911710546413e-02
1.223472087033421303e+03	2.429256658213940490e-01	1.599886482276550725e-01	2.579773013346826072e-01	1.556958795416613917e-01	7.376434339342380353e-02	3.080248629551104664e-02	7.884567538536571552e-02
1.224923418097517697e+03	2.427242131083802434e-01	1.598642090631184065e-01	2.581073796599536174e-01	1.557774470548912160e-01	7.379732859861244665e-02	3.082778612446146829e-02	7.890163639027625297e-02
1.226374749161614318e+03	2.425231230355198442e-01	1.597399671268336929e-01	2.582372150943976208e-01	1.558588680157069195e-01	7.383025612675146732e-02	3.085305839010996087e-02	7.895751221037417000e-02
1.227826080225710712e+03	2.423223949486987827e-01	1.596159220950779112e-01	2.583668081981011500e-01	1.559401427274275942e-01	7.386312608111858524e-02	3.087830302483992456e-02	7.901330292442965142e-02
1.229277411289807560e+03	2.421220281950263731e-01	1.594920736447082710e-01	2.584961595291607184e-01	1.560212714925304778e-01	7.389593856480548839e-02	3.090351996201768855e-02	7.906900861144451620e-02
1.230728742353903954e+03	2.419220221228327028e-01	1.593684214531608523e-01	2.586252696436925902e-01	1.561022546126545896e-01	7.392869368071816605e-02	3.092870913598390337e-02	7.912462935065073255e-02
1.232180073418000802e+03	2.417223760816660239e-01	1.592449651984492731e-01	2.587541390958426057e-01	1.561830923886044220e-01	7.396139153157726964e-02	3.095387048204504762e-02	7.918016522150894687e-02
1.233631404482097196e+03	2.415230894222901437e-01	1.591217045591633017e-01	2.588827684377961735e-01	1.562637851203535211e-01	7.399403221991841806e-02	3.097900393646496608e-02	7.923561630370704045e-02
1.235082735546193817e+03	2.413241614966818438e-01	1.589986392144676908e-01	2.590111582197880957e-01	1.563443331070482611e-01	7.402661584809260009e-02	3.100410943645650827e-02	7.929098267715854742e-02
1.236534066610290438e+03	2.411255916580283820e-01	1.588757688441007065e-01	2.591393089901121161e-01	1.564247366470114253e-01	7.405914251826647976e-02	3.102918692017321914e-02	7.934626442200123919e-02
1.237985397674387059e+03	2.409273792607246889e-01	1.587530931283729074e-01	2.592672212951308008e-01	1.565049960377457583e-01	7.409161233242272937e-02	3.105423632670113385e-02	7.940146161859555629e-02
1.239436728738483680e+03	2.407295236603710642e-01	1.586306117481657285e-01	2.593948956792850868e-01	1.565851115759376022e-01	7.412402539236041810e-02	3.107925759605060026e-02	7.945657434752305404e-02
1.240888059802580301e+03	2.405320242137704290e-01	1.585083243849303436e-01	2.595223326851039403e-01	1.566650835574604217e-01	7.415638179969528954e-02	3.110425066914821249e-02	7.951160268958487598e-02
1.242339390866676695e+03	2.403348802789259386e-01	1.583862307206861664e-01	2.596495328532139046e-01	1.567449122773783565e-01	7.418868165586015029e-02	3.112921548782879300e-02	7.956654672580018572e-02
1.243790721930773088e+03	2.401380912150382074e-01	1.582643304380196847e-01	2.597764967223485932e-01	1.568245980299496634e-01	7.422092506210518914e-02	3.115415199482744410e-02	7.962140653740464036e-02
1.245242052994869937e+03	2.399416563825030047e-01	1.581426232200830728e-01	2.599032248293582370e-01	1.569041411086303239e-01	7.425311211949831014e-02	3.117906013377167232e-02	7.967618220584873900e-02
1.246693384058966330e+03	2.397455751429085624e-01	1.580211087505931089e-01	2.600297177092188994e-01	1.569835418060773757e-01	7.428524292892550729e-02	3.120393984917358560e-02	7.973087381279629626e-02
1.248144715123063179e+03	2.395498468590331609e-01	1.578997867138296207e-01	2.601559758950419132e-01	1.570628004141524092e-01	7.431731759109114210e-02	3.122879108642214949e-02	7.978548144012283239e-02
1.249596046187159800e+03	2.393544708948425470e-01	1.577786567946344032e-01	2.602819999180834842e-01	1.571419172239250373e-01	7.434933620651833219e-02	3.125361379177551968e-02	7.984000516991396346e-02
1.251047377251256421e+03	2.391594466154874365e-01	1.576577186784097750e-01	2.604077903077533507e-01	1.572208925256761702e-01	7.438129887554924269e-02	3.127840791235342310e-02	7.989444508446379156e-02
1.252498708315352815e+03	2.389647733873010160e-01	1.575369720511174965e-01	2.605333475916247754e-01	1.572997266089015411e-01	7.441320569834546095e-02	3.130317339612961880e-02	7.994880126627323946e-02
1.253950039379449436e+03	2.387704505777964448e-01	1.574164165992773812e-01	2.606586722954430946e-01	1.573784197623149805e-01	7.444505677488832962e-02	3.132791019192442822e-02	8.000307379804851016e-02
1.255401370443546057e+03	2.385764775556643846e-01	1.572960520099660753e-01	2.607837649431350990e-01	1.574569722738516919e-01	7.447685220497923808e-02	3.135261824939732794e-02	8.005726276269936603e-02
1.256852701507642678e+03	2.383828536907704743e-01	1.571758779708157805e-01	2.609086260568180826e-01	1.575353844306716655e-01	7.450859208823996938e-02	3.137729751903956671e-02	8.011136824333757456e-02
1.258304032571739299e+03	2.381895783541529699e-01	1.570558941700130051e-01	2.610332561568088905e-01	1.576136565191630090e-01	7.454027652411308880e-02	3.140194795216692814e-02	8.016539032327518743e-02
1.259755363635835920e+03	2.379966509180200529e-01	1.569361002962973428e-01	2.611576557616329675e-01	1.576917888249450284e-01	7.457190561186223532e-02	3.142656950091246570e-02	8.021932908602288914e-02
1.261206694699932314e+03	2.378040707557477207e-01	1.568164960389601958e-01	2.612818253880332398e-01	1.577697816328716141e-01	7.460347945057239916e-02	3.145116211821935570e-02	8.027318461528841487e-02
1.262658025764028707e+03	2.376118372418769276e-01	1.566970810878435816e-01	2.614057655509789413e-01	1.578476352270344885e-01	7.463499813915032421e-02	3.147572575783379872e-02	8.032695699497480191e-02
1.264109356828125556e+03	2.374199497521114754e-01	1.565778551333388557e-01	2.615294767636746065e-01	1.579253498907663700e-01	7.466646177632484116e-02	3.150026037429796977e-02	8.038064630917875208e-02
1.265560687892221949e+03	2.372284076633153771e-01	1.564588178663854079e-01	2.616529595375687856e-01	1.580029259066441927e-01	7.469787046064713110e-02	3.152476592294305852e-02	8.043425264218893866e-02
1.267012018956318798e+03	2.370372103535104691e-01	1.563399689784695790e-01	2.617762143823627596e-01	1.580803635564922149e-01	7.472922429049112802e-02	3.154924235988233044e-02	8.048777607848441040e-02
1.268463350020415419e+03	2.368463572018740804e-01	1.562213081616234678e-01	2.618992418060192562e-01	1.581576631213852391e-01	7.476052336405376864e-02	3.157368964200425732e-02	8.054121670273280131e-02
1.269914681084511813e+03	2.366558475887365065e-01	1.561028351084234600e-01	2.620220423147713862e-01	1.582348248816516645e-01	7.479176777935542253e-02	3.159810772696574482e-02	8.059457459978867921e-02
1.271366012148608434e+03	2.364656808955786227e-01	1.559845495119892844e-01	2.621446164131308598e-01	1.583118491168767350e-01	7.482295763424010038e-02	3.162249657318535329e-02	8.064784985469192202e-02
1.272817343212705055e+03	2.362758565050294690e-01	1.558664510659826530e-01	2.622669646038968128e-01	1.583887361059054810e-01	7.485409302637587026e-02	3.164685613983662937e-02	8.070104255266594140e-02
1.274268674276801676e+03	2.360863738008639467e-01	1.557485394646060950e-01	2.623890873881642993e-01	1.584654861268458559e-01	7.488517405325513521e-02	3.167118638684147253e-02	8.075415277911604517e-02
1.275720005340898297e+03	2.358972321680002926e-01	1.556308144026017637e-01	2.625109852653326747e-01	1.585420994570717890e-01	7.491620081219499405e-02	3.169548727486355688e-02	8.080718061962771648e-02
1.277171336404994690e+03	2.357084309924977750e-01	1.555132755752502149e-01	2.626326587331143103e-01	1.586185763732262666e-01	7.494717340033750508e-02	3.171975876530181565e-02	8.086012615996490682e-02
1.278622667469091539e+03	2.355199696615543348e-01	1.553959226783692138e-01	2.627541082875425871e-01	1.586949171512242740e-01	7.497809191465006073e-02	3.174400082028396020e-02	8.091298948606837071e-02
1.280073998533187932e+03	2.353318475635041152e-01	1.552787554083126520e-01	2.628753344229803890e-01	1.587711220662558487e-01	7.500895645192570682e-02	3.176821340266010318e-02	8.096577068405393096e-02
1.281525329597284326e+03	2.351440640878152410e-01	1.551617734619691324e-01	2.629963376321287072e-01	1.588471913927889945e-01	7.503976710878346168e-02	3.179239647599636093e-02	8.101846984021079945e-02
1.282976660661381175e+03	2.349566186250873212e-01	1.550449765367610255e-01	2.631171184060345225e-01	1.589231254045727071e-01	7.507052398166859375e-02	3.181655000456861532e-02	8.107108704099985630e-02
1.284427991725477568e+03	2.347695105670491444e-01	1.549283643306431923e-01	2.632376772340992432e-01	1.589989243746399161e-01	7.510122716685299626e-02	3.184067395335618555e-02	8.112362237305195678e-02
1.285879322789574417e+03	2.345827393065564592e-01	1.548119365421017357e-01	2.633580146040865877e-01	1.590745885753103717e-01	7.513187676043546481e-02	3.186476828803570110e-02	8.117607592316623821e-02
1.287330653853671038e+03	2.343963042375894201e-01	1.546956928701529732e-01	2.634781310021312439e-01	1.591501182781935864e-01	7.516247285834208591e-02	3.188883297497491220e-02	8.122844777830837137e-02
1.288781984917767431e+03	2.342102047552503952e-01	1.545796330143421604e-01	2.635980269127463638e-01	1.592255137541916665e-01	7.519301555632644518e-02	3.191286798122663915e-02	8.128073802560890904e-02
1.290233315981864052e+03	2.340244402557616343e-01	1.544637566747423807e-01	2.637177028188320005e-01	1.593007752735022264e-01	7.522350494997005754e-02	3.193687327452270075e-02	8.133294675236156512e-02
