1.001418434226643626e+03	2.784503753178482199e-01	1.815771154213848271e-01	2.347976412338598218e-01	1.412606462577254973e-01	6.799628881407702996e-02	2.669904631031098929e-02	6.921888664449228623e-02
1.002869765290740247e+03	2.781849092480407348e-01	1.814184768584739815e-01	2.349725213058107276e-01	1.413688007894495224e-01	6.803981805589405518e-02	2.672715921191720981e-02	6.928831453011245756e-02
1.004321096354836754e+03	2.779199222314651663e-01	1.812600921451854308e-01	2.351470399890502883e-01	1.414767524030671464e-01	6.808327058804639065e-02	2.675527349505335550e-02	6.935764914783094925e-02
1.005772427418933376e+03	2.776554133904988730e-01	1.811019608506451994e-01	2.353211983193006507e-01	1.415845015649539462e-01	6.812664654836171618e-02	2.678338875622383874e-02	6.942689056971451667e-02
1.007223758483029997e+03	2.773913818492511063e-01	1.809440825448384305e-01	2.354949973283262110e-01	1.416920487398323214e-01	6.816994607441613507e-02	2.681150459625645729e-02	6.949603886677813147e-02
1.008675089547126618e+03	2.771278267335586798e-01	1.807864567986071092e-01	2.356684380439405813e-01	1.417993943907815413e-01	6.821316930353461816e-02	2.683962062025653864e-02	6.956509410901973167e-02
1.010126420611223239e+03	2.768647471709818619e-01	1.806290831836478428e-01	2.358415214900135282e-01	1.419065389792480147e-01	6.825631637279148956e-02	2.686773643756164634e-02	6.963405636545433319e-02
1.011577751675319632e+03	2.766021422908003236e-01	1.804719612725094458e-01	2.360142486864784672e-01	1.420134829650552266e-01	6.829938741901095400e-02	2.689585166169683808e-02	6.970292570414737821e-02
1.013029082739416367e+03	2.763400112240089190e-01	1.803150906385908303e-01	2.361866206493398734e-01	1.421202268064137020e-01	6.834238257876756872e-02	2.692396591033047182e-02	6.977170219224732017e-02
1.014480413803512761e+03	2.760783531033135785e-01	1.801584708561385362e-01	2.363586383906810529e-01	1.422267709599307484e-01	6.838530198838671526e-02	2.695207880523054975e-02	6.984038589601748725e-02
1.015931744867609382e+03	2.758171670631274219e-01	1.800021015002446489e-01	2.365303029186722750e-01	1.423331158806202812e-01	6.842814578394508518e-02	2.698018997222159654e-02	6.990897688086733508e-02
1.017383075931706003e+03	2.755564522395663185e-01	1.798459821468445241e-01	2.367016152375790161e-01	1.424392620219125660e-01	6.847091410127116584e-02	2.700829904114204413e-02	6.997747521138301952e-02
1.018834406995802851e+03	2.752962077704451116e-01	1.796901123727144278e-01	2.368725763477704249e-01	1.425452098356636277e-01	6.851360707594572608e-02	2.703640564580214040e-02	7.004588095135719228e-02
1.020285738059899245e+03	2.750364327952734556e-01	1.795344917554693442e-01	2.370431872457279820e-01	1.426509597721648259e-01	6.855622484330234356e-02	2.706450942394238515e-02	7.011419416381831082e-02
1.021737069123995752e+03	2.747771264552518189e-01	1.793791198735608106e-01	2.372134489240544097e-01	1.427565122801522368e-01	6.859876753842775177e-02	2.709261001719243458e-02	7.018241491105910168e-02
1.023188400188092373e+03	2.745182878932674320e-01	1.792239963062746133e-01	2.373833623714829422e-01	1.428618678068159786e-01	6.864123529616247832e-02	2.712070707103051218e-02	7.025054325466463523e-02
1.024639731252188767e+03	2.742599162538902346e-01	1.790691206337285124e-01	2.375529285728863738e-01	1.429670267978094544e-01	6.868362825110121972e-02	2.714880023474332271e-02	7.031857925553954003e-02
1.026091062316285615e+03	2.740020106833688240e-01	1.789144924368700762e-01	2.377221485092867181e-01	1.430719896972584282e-01	6.872594653759332706e-02	2.717688916138642774e-02	7.038652297393480084e-02
1.027542393380382237e+03	2.737445703296265687e-01	1.787601112974745166e-01	2.378910231578648671e-01	1.431767569477703228e-01	6.876819028974334724e-02	2.720497350774509285e-02	7.045437446947389049e-02
1.028993724444478858e+03	2.734875943422575562e-01	1.786059767981423574e-01	2.380595534919704437e-01	1.432813289904428800e-01	6.881035964141138384e-02	2.723305293429562415e-02	7.052213380117827723e-02
1.030445055508575479e+03	2.732310818725227630e-01	1.784520885222973530e-01	2.382277404811317667e-01	1.433857062648733194e-01	6.885245472621369378e-02	2.726112710516714541e-02	7.058980102749244645e-02
1.031896386572671872e+03	2.729750320733458357e-01	1.782984460541841842e-01	2.383955850910661478e-01	1.434898892091670819e-01	6.889447567752310375e-02	2.728919568810382265e-02	7.065737620630829774e-02
1.033347717636768493e+03	2.727194440993093161e-01	1.781450489788662939e-01	2.385630882836902444e-01	1.435938782599466002e-01	6.893642262846944035e-02	2.731725835442757114e-02	7.072485939498897312e-02
1.034799048700865114e+03	2.724643171066506997e-01	1.779918968822237213e-01	2.387302510171305236e-01	1.436976738523600139e-01	6.897829571194007137e-02	2.734531477900116817e-02	7.079225065039225495e-02
1.036250379764961508e+03	2.722096502532582729e-01	1.778389893509509379e-01	2.388970742457340868e-01	1.438012764200896632e-01	6.902009506058030819e-02	2.737336464019181001e-02	7.085955002889331167e-02
1.037701710829058356e+03	2.719554426986677265e-01	1.776863259725546262e-01	2.390635589200792166e-01	1.439046863953607480e-01	6.906182080679394708e-02	2.740140761983513376e-02	7.092675758640697159e-02
1.039153041893154750e+03	2.717016936040576591e-01	1.775339063353515712e-01	2.392297059869866738e-01	1.440079042089497385e-01	6.910347308274367162e-02	2.742944340319960345e-02	7.099387337840951107e-02
1.040604372957251599e+03	2.714484021322460250e-01	1.773817300284663556e-01	2.393955163895305771e-01	1.441109302901926736e-01	6.914505202035153841e-02	2.745747167895136107e-02	7.106089745995990137e-02
1.042055704021347992e+03	2.711955674476862477e-01	1.772297966418293902e-01	2.395609910670497555e-01	1.442137650669936266e-01	6.918655775129946284e-02	2.748549213911946620e-02	7.112782988572058374e-02
1.043507035085444613e+03	2.709431887164631125e-01	1.770781057661746372e-01	2.397261309551591002e-01	1.443164089658327265e-01	6.922799040702964923e-02	2.751350447906156585e-02	7.119467070997774483e-02
1.044958366149541234e+03	2.706912651062893249e-01	1.769266569930374733e-01	2.398909369857610274e-01	1.444188624117745956e-01	6.926935011874507664e-02	2.754150839742993198e-02	7.126141998666118971e-02
1.046409697213637855e+03	2.704397957865011803e-01	1.767754499147526082e-01	2.400554100870571361e-01	1.445211258284762046e-01	6.931063701740997063e-02	2.756950359613792936e-02	7.132807776936361810e-02
1.047861028277734476e+03	2.701887799280551783e-01	1.766244841244518915e-01	2.402195511835599484e-01	1.446231996381950602e-01	6.935185123375021965e-02	2.759748978032684416e-02	7.139464411135958144e-02
1.049312359341831097e+03	2.699382167035238034e-01	1.764737592160622315e-01	2.403833611961047056e-01	1.447250842617970323e-01	6.939299289825386075e-02	2.762546665833312889e-02	7.146111906562394034e-02
1.050763690405927491e+03	2.696881052870920281e-01	1.763232747843034853e-01	2.405468410418614145e-01	1.448267801187643755e-01	6.943406214117155140e-02	2.765343394165599086e-02	7.152750268484982243e-02
1.052215021470024112e+03	2.694384448545534827e-01	1.761730304246862944e-01	2.407099916343468371e-01	1.449282876272034726e-01	6.947505909251701361e-02	2.768139134492539691e-02	7.159379502146624719e-02
1.053666352534120733e+03	2.691892345833063471e-01	1.760230257335100024e-01	2.408728138834366483e-01	1.450296072038525508e-01	6.951598388206746415e-02	2.770933858587040083e-02	7.165999612765533433e-02
1.055117683598217127e+03	2.689404736523499651e-01	1.758732603078605461e-01	2.410353086953777590e-01	1.451307392640895089e-01	6.955683663936411409e-02	2.773727538528788367e-02	7.172610605536895723e-02
1.056569014662313975e+03	2.686921612422809580e-01	1.757237337456083459e-01	2.411974769728006673e-01	1.452316842219394111e-01	6.959761749371258521e-02	2.776520146701162012e-02	7.179212485634518803e-02
1.058020345726410369e+03	2.684442965352892840e-01	1.755744456454062796e-01	2.413593196147317821e-01	1.453324424900820921e-01	6.963832657418340955e-02	2.779311655788171270e-02	7.185805258212420166e-02
1.059471676790506763e+03	2.681968787151547962e-01	1.754253956066875453e-01	2.415208375166060795e-01	1.454330144798597624e-01	6.967896400961241798e-02	2.782102038771437982e-02	7.192388928406383275e-02
1.060923007854603611e+03	2.679499069672433564e-01	1.752765832296635518e-01	2.416820315702795929e-01	1.455334006012842241e-01	6.971952992860125375e-02	2.784891268927207342e-02	7.198963501335477189e-02
1.062374338918700232e+03	2.677033804785030613e-01	1.751280081153219481e-01	2.418429026640422919e-01	1.456336012630444487e-01	6.976002445951777486e-02	2.787679319823396090e-02	7.205528982103534541e-02
1.063825669982796853e+03	2.674572984374606888e-01	1.749796698654245142e-01	2.420034516826306548e-01	1.457336168725137659e-01	6.980044773049651208e-02	2.790466165316673672e-02	7.212085375800600384e-02
1.065277001046893474e+03	2.672116600342178683e-01	1.748315680825050511e-01	2.421636795072405202e-01	1.458334478357572184e-01	6.984079986943916851e-02	2.793251779549573918e-02	7.218632687504336620e-02
1.066728332110990095e+03	2.669664644604473613e-01	1.746837023698674107e-01	2.423235870155401317e-01	1.459330945575386673e-01	6.988108100401496658e-02	2.796036136947643511e-02	7.225170922281394514e-02
1.068179663175086489e+03	2.667217109093897309e-01	1.745360723315833862e-01	2.424831750816829889e-01	1.460325574413279537e-01	6.992129126166120312e-02	2.798819212216620972e-02	7.231700085188751126e-02
1.069630994239183110e+03	2.664773985758491226e-01	1.743886775724908245e-01	2.426424445763208926e-01	1.461318368893079200e-01	6.996143076958359630e-02	2.801600980339645497e-02	7.238220181275015208e-02
1.071082325303279504e+03	2.662335266561902114e-01	1.742415176981913227e-01	2.428013963666171282e-01	1.462309333023815716e-01	7.000149965475682690e-02	2.804381416574502212e-02	7.244731215581701189e-02
1.072533656367376352e+03	2.659900943483340940e-01	1.740945923150484798e-01	2.429600313162594283e-01	1.463298470801788487e-01	7.004149804392487133e-02	2.807160496450894147e-02	7.251233193144457356e-02
1.073984987431472746e+03	2.657471008517547917e-01	1.739479010301857032e-01	2.431183502854732670e-01	1.464285786210636764e-01	7.008142606360151516e-02	2.809938195767745436e-02	7.257726118994280162e-02
1.075436318495569594e+03	2.655045453674758638e-01	1.738014434514842665e-01	2.432763541310352662e-01	1.465271283221407095e-01	7.012128384007081106e-02	2.812714490590538172e-02	7.264209998158689674e-02
1.076887649559666215e+03	2.652624270980665222e-01	1.736552191875813389e-01	2.434340437062862961e-01	1.466254965792622433e-01	7.016107149938746734e-02	2.815489357248673191e-02	7.270684835662866163e-02
1.078338980623762609e+03	2.650207452476380787e-01	1.735092278478679306e-01	2.435914198611448256e-01	1.467236837870347366e-01	7.020078916737730601e-02	2.818262772332867649e-02	7.277150636530767269e-02
1.079790311687859230e+03	2.647794990218405586e-01	1.733634690424869229e-01	2.437484834421203839e-01	1.468216903388257499e-01	7.024043696963769290e-02	2.821034712692574095e-02	7.283607405786216016e-02
1.081241642751955851e+03	2.645386876278589816e-01	1.732179423823310138e-01	2.439052352923270217e-01	1.469195166267703578e-01	7.028001503153799567e-02	2.823805155433434938e-02	7.290055148453948586e-02
1.082692973816052472e+03	2.642983102744096979e-01	1.730726474790408864e-01	2.440616762514967453e-01	1.470171630417778375e-01	7.031952347822001403e-02	2.826574077914759467e-02	7.296493869560648216e-02
1.084144304880149093e+03	2.640583661717369468e-01	1.729275839450031549e-01	2.442178071559928942e-01	1.471146299735381358e-01	7.035896243459838217e-02	2.829341457747034175e-02	7.302923574135938845e-02
1.085595635944245487e+03	2.638188545316095257e-01	1.727827513933483661e-01	2.443736288388238809e-01	1.472119178105283643e-01	7.039833202536104062e-02	2.832107272789456676e-02	7.309344267213357949e-02
1.087046967008342108e+03	2.635797745673167380e-01	1.726381494379490844e-01	2.445291421296565959e-01	1.473090269400191832e-01	7.043763237496965257e-02	2.834871501147498418e-02	7.315755953831305780e-02
1.088498298072438729e+03	2.633411254936654511e-01	1.724937776934179767e-01	2.446843478548300921e-01	1.474059577480812122e-01	7.047686360766003411e-02	2.837634121170493767e-02	7.322158639033955752e-02
1.089949629136535123e+03	2.631029065269763767e-01	1.723496357751057584e-01	2.448392468373691011e-01	1.475027106195912763e-01	7.051602584744259827e-02	2.840395111449257534e-02	7.328552327872155103e-02
1.091400960200631971e+03	2.628651168850804076e-01	1.722057232990993891e-01	2.449938398969978282e-01	1.475992859382387612e-01	7.055511921810278531e-02	2.843154450813725753e-02	7.334937025404285327e-02
1.092852291264728365e+03	2.626277557873152868e-01	1.720620398822200470e-01	2.451481278501534411e-01	1.476956840865316922e-01	7.059414384320146507e-02	2.845912118330623172e-02	7.341312736697117036e-02
1.094303622328825213e+03	2.623908224545220547e-01	1.719185851420212408e-01	2.453021115099999205e-01	1.477919054458030346e-01	7.063309984607539505e-02	2.848668093301159193e-02	7.347679466826612105e-02
1.095754953392921607e+03	2.621543161090417740e-01	1.717753586967868951e-01	2.454557916864415767e-01	1.478879503962167441e-01	7.067198734983762276e-02	2.851422355258744629e-02	7.354037220878736902e-02
1.097206284457018228e+03	2.619182359747118660e-01	1.716323601655293796e-01	2.456091691861368997e-01	1.479838193167738181e-01	7.071080647737792990e-02	2.854174883966735868e-02	7.360386003950218636e-02
1.098657615521114849e+03	2.616825812768627801e-01	1.714895891679877049e-01	2.457622448125122427e-01	1.480795125853183181e-01	7.074955735136323476e-02	2.856925659416203328e-02	7.366725821149307241e-02
1.100108946585211470e+03	2.614473512423146073e-01	1.713470453246255798e-01	2.459150193657756167e-01	1.481750305785433652e-01	7.078824009423809183e-02	2.859674661823723152e-02	7.373056677596492858e-02
1.101560277649308091e+03	2.612125450993734166e-01	1.712047282566294404e-01	2.460674936429302906e-01	1.482703736719971077e-01	7.082685482822498324e-02	2.862421871629194925e-02	7.379378578425219160e-02
1.103011608713404712e+03	2.609781620778282019e-01	1.710626375859067294e-01	2.462196684377886968e-01	1.483655422400885215e-01	7.086540167532486001e-02	2.865167269493680904e-02	7.385691528782560578e-02
1.104462939777501106e+03	2.607442014089472182e-01	1.709207729350838423e-01	2.463715445409860871e-01	1.484605366560932393e-01	7.090388075731748896e-02	2.867910836297268840e-02	7.391995533829887055e-02
1.105914270841597499e+03	2.605106623254746512e-01	1.707791339275044340e-01	2.465231227399943825e-01	1.485553572921594068e-01	7.094229219576193846e-02	2.870652553136959079e-02	7.398290598743510749e-02
1.107365601905694348e+03	2.602775440616273417e-01	1.706377201872273375e-01	2.466744038191358290e-01	1.486500045193133446e-01	7.098063611199692535e-02	2.873392401324573880e-02	7.404576728715302203e-02
1.108816932969790741e+03	2.600448458530912332e-01	1.704965313390248427e-01	2.468253885595969310e-01	1.487444787074653219e-01	7.101891262714130071e-02	2.876130362384688235e-02	7.410853928953296810e-02
1.110268264033887590e+03	2.598125669370183188e-01	1.703555670083809759e-01	2.469760777394420515e-01	1.488387802254151626e-01	7.105712186209439674e-02	2.878866418052584281e-02	7.417122204682274900e-02
1.111719595097984211e+03	2.595807065520228663e-01	1.702148268214893345e-01	2.471264721336272341e-01	1.489329094408579357e-01	7.109526393753652640e-02	2.881600550272225489e-02	7.423381561144329344e-02
1.113170926162080832e+03	2.593492639381785314e-01	1.700743104052514498e-01	2.472765725140140258e-01	1.490268667203893949e-01	7.113333897392934424e-02	2.884332741194256880e-02	7.429632003599412338e-02
1.114622257226177226e+03	2.591182383370146947e-01	1.699340173872749826e-01	2.474263796493831047e-01	1.491206524295115576e-01	7.117134709151624883e-02	2.887062973174020497e-02	7.435873537325861371e-02
1.116073588290273847e+03	2.588876289915133522e-01	1.697939473958717804e-01	2.475758943054481298e-01	1.492142669326382565e-01	7.120928841032282686e-02	2.889791228769597251e-02	7.442106167620905766e-02
1.117524919354370468e+03	2.586574351461056187e-01	1.696541000600561566e-01	2.477251172448694805e-01	1.493077105931004955e-01	7.124716305015729723e-02	2.892517490739865763e-02	7.448329899801167664e-02
1.118976250418467089e+03	2.584276560466687300e-01	1.695144750095429476e-01	2.478740492272678564e-01	1.494009837731518631e-01	7.128497113061085799e-02	2.895241742042584457e-02	7.454544739203129711e-02
1.120427581482563710e+03	2.581982909405223792e-01	1.693750718747458750e-01	2.480226910092381554e-01	1.494940868339738882e-01	7.132271277105811658e-02	2.897963965832493424e-02	7.460750691183599959e-02
1.121878912546660331e+03	2.579693390764257743e-01	1.692358902867756032e-01	2.481710433443631014e-01	1.495870201356814533e-01	7.136038809065751998e-02	2.900684145459434329e-02	7.466947761120153182e-02
1.123330243610756725e+03	2.577407997045742527e-01	1.690969298774380458e-01	2.483191069832269282e-01	1.496797840373279009e-01	7.139799720835174335e-02	2.903402264466491828e-02	7.473135954411552762e-02
1.124781574674853118e+03	2.575126720765958943e-01	1.689581902792325618e-01	2.484668826734290348e-01	1.497723788969104741e-01	7.143554024286813409e-02	2.906118306588156147e-02	7.479315276478172569e-02
1.126232905738949967e+03	2.572849554455484133e-01	1.688196711253500404e-01	2.486143711595976968e-01	1.498648050713753122e-01	7.147301731271905878e-02	2.908832255748501280e-02	7.485485732762379996e-02
1.127684236803046360e+03	2.570576490659161051e-01	1.686813720496713187e-01	2.487615731834036947e-01	1.499570629166227242e-01	7.151042853620238893e-02	2.911544096059385037e-02	7.491647328728928690e-02
1.129135567867143209e+03	2.568307521936062376e-01	1.685432926867652947e-01	2.489084894835738582e-01	1.500491527875123521e-01	7.154777403140182013e-02	2.914253811818666093e-02	7.497800069865320771e-02
1.130586898931239830e+03	2.566042640859460544e-01	1.684054326718872341e-01	2.490551207959047497e-01	1.501410750378680825e-01	7.158505391618734393e-02	2.916961387508442208e-02	7.503943961682155162e-02
1.132038229995336451e+03	2.563781840016796099e-01	1.682677916409768548e-01	2.492014678532762928e-01	1.502328300204833211e-01	7.162226830821562251e-02	2.919666807793303356e-02	7.510079009713468978e-02
1.133489561059432845e+03	2.561525112009645500e-01	1.681303692306568565e-01	2.493475313856651499e-01	1.503244180871258218e-01	7.165941732493039118e-02	2.922370057518606373e-02	7.516205219517060887e-02
1.134940892123529466e+03	2.559272449453687814e-01	1.679931650782310049e-01	2.494933121201584614e-01	1.504158395885427379e-01	7.169650108356287466e-02	2.925071121708765209e-02	7.522322596674804740e-02
1.136392223187626087e+03	2.557023844978674187e-01	1.678561788216823003e-01	2.496388107809671408e-01	1.505070948744655357e-01	7.173351970113216181e-02	2.927769985565559924e-02	7.528431146792946560e-02
1.137843554251722708e+03	2.554779291228396199e-01	1.677194100996714232e-01	2.497840280894396137e-01	1.505981842936148229e-01	7.177047329444564971e-02	2.930466634466463022e-02	7.534530875502383485e-02
1.139294885315819101e+03	2.552538780860655887e-01	1.675828585515349023e-01	2.499289647640750567e-01	1.506891081937053734e-01	7.180736198009940452e-02	2.933161053962983489e-02	7.540621788458945485e-02
1.140746216379915950e+03	2.550302306547229669e-01	1.674465238172835324e-01	2.500736215205368596e-01	1.507798669214508169e-01	7.184418587447857774e-02	2.935853229779026088e-02	7.546703891343649329e-02
1.142197547444012343e+03	2.548069860973842249e-01	1.673104055376004873e-01	2.502179990716662528e-01	1.508704608225685251e-01	7.188094509375779484e-02	2.938543147809270090e-02	7.552777189862946994e-02
1.143648878508108737e+03	2.545841436840132754e-01	1.671745033538397651e-01	2.503620981274953250e-01	1.509608902417841902e-01	7.191763975390155772e-02	2.941230794117563954e-02	7.558841689748964365e-02
1.145100209572205586e+03	2.543617026859624208e-01	1.670388169080243568e-01	2.505059193952606234e-01	1.510511555228367941e-01	7.195426997066464714e-02	2.943916154935333901e-02	7.564897396759724668e-02
1.146551540636302207e+03	2.541396623759690221e-01	1.669033458428446082e-01	2.506494635794163650e-01	1.511412570084831319e-01	7.199083585959251130e-02	2.946599216660012940e-02	7.570944316679362185e-02
1.148002871700398828e+03	2.539180220281528899e-01	1.667680898016565549e-01	2.507927313816478154e-01	1.512311950405024474e-01	7.202733753602164057e-02	2.949279965853483093e-02	7.576982455318324872e-02
1.149454202764495449e+03	2.536967809180126765e-01	1.666330484284802571e-01	2.509357235008843334e-01	1.513209699597011515e-01	7.206377511508001155e-02	2.951958389240534261e-02	7.583011818513564484e-02
1.150905533828591842e+03	2.534759383224231000e-01	1.664982213679980783e-01	2.510784406333128604e-01	1.514105821059173740e-01	7.210014871168743400e-02	2.954634473707338713e-02	7.589032412128721150e-02
1.152356864892688463e+03	2.532554935196318358e-01	1.663636082655530479e-01	2.512208834723908546e-01	1.515000318180254602e-01	7.213645844055595335e-02	2.957308206299941178e-02	7.595044242054291295e-02
1.153808195956785084e+03	2.530354457892564080e-01	1.662292087671471408e-01	2.513630527088596134e-01	1.515893194339405503e-01	7.217270441619025312e-02	2.959979574222764559e-02	7.601047314207791394e-02
1.155259527020881706e+03	2.528157944122810807e-01	1.660950225194396945e-01	2.515049490307573188e-01	1.516784452906230762e-01	7.220888675288804348e-02	2.962648564837130558e-02	7.607041634533905083e-02
1.156710858084978327e+03	2.525965386710540272e-01	1.659610491697457446e-01	2.516465731234320269e-01	1.517674097240831188e-01	7.224500556474042212e-02	2.965315165659794527e-02	7.613027209004628870e-02
1.158162189149074720e+03	2.523776778492841655e-01	1.658272883660343588e-01	2.517879256695548240e-01	1.518562130693849321e-01	7.228106096563231830e-02	2.967979364361495939e-02	7.619004043619402589e-02
1.159613520213171569e+03	2.521592112320381052e-01	1.656937397569269443e-01	2.519290073491328719e-01	1.519448556606513290e-01	7.231705306924282595e-02	2.970641148765524112e-02	7.624972144405232910e-02
1.161064851277267962e+03	2.519411381057370392e-01	1.655604029916957209e-01	2.520698188395222306e-01	1.520333378310679551e-01	7.235298198904560607e-02	2.973300506846296432e-02	7.630931517416804366e-02
1.162516182341364356e+03	2.517234577581541344e-01	1.654272777202620837e-01	2.522103608154408483e-01	1.521216599128877300e-01	7.238884783830930314e-02	2.975957426727952534e-02	7.636882168736588983e-02
1.163967513405461204e+03	2.515061694784111457e-01	1.652943635931948818e-01	2.523506339489814954e-01	1.522098222374350662e-01	7.242465073009787813e-02	2.978611896682962362e-02	7.642824104474939262e-02
1.165418844469557826e+03	2.512892725569754737e-01	1.651616602617089480e-01	2.524906389096244763e-01	1.522978251351101708e-01	7.246039077727106648e-02	2.981263905130747058e-02	7.648757330770182550e-02
1.166870175533654447e+03	2.510727662856575004e-01	1.650291673776633494e-01	2.526303763642505640e-01	1.523856689353932092e-01	7.249606809248466954e-02	2.983913440636313391e-02	7.654681853788693202e-02
1.168321506597751068e+03	2.508566499576072029e-01	1.648968845935598615e-01	2.527698469771538226e-01	1.524733539668486626e-01	7.253168278819101256e-02	2.986560491908905879e-02	7.660597679724967524e-02
1.169772837661847461e+03	2.506409228673115996e-01	1.647648115625413856e-01	2.529090514100540976e-01	1.525608805571293802e-01	7.256723497663926381e-02	2.989205047800665843e-02	7.666504814801695933e-02
1.171224168725944082e+03	2.504255843105913648e-01	1.646329479383902838e-01	2.530479903221098947e-01	1.526482490329807706e-01	7.260272476987589263e-02	2.991847097305309205e-02	7.672403265269805983e-02
1.172675499790040703e+03	2.502106335845982743e-01	1.645012933755269080e-01	2.531866643699309249e-01	1.527354597202449094e-01	7.263815227974497468e-02	2.994486629556814689e-02	7.678293037408523425e-02
1.174126830854137097e+03	2.499960699878120696e-01	1.643698475290079342e-01	2.533250742075908168e-01	1.528225129438645913e-01	7.267351761788860831e-02	2.997123633828125550e-02	7.684174137525411064e-02
1.175578161918233945e+03	2.497818928200376543e-01	1.642386100545247529e-01	2.534632204866394400e-01	1.529094090278875495e-01	7.270882089574730311e-02	2.999758099529864497e-02	7.690046571956399291e-02
1.177029492982330339e+03	2.495681013824021244e-01	1.641075806084020261e-01	2.536011038561157838e-01	1.529961482954702856e-01	7.274406222456032689e-02	3.002390016209061097e-02	7.695910347065819390e-02
1.178480824046426733e+03	2.493546949773517429e-01	1.639767588475960491e-01	2.537387249625600583e-01	1.530827310688821774e-01	7.277924171536610809e-02	3.005019373547891323e-02	7.701765469246428519e-02
1.179932155110523581e+03	2.491416729086493032e-01	1.638461444296931413e-01	2.538760844500262959e-01	1.531691576695095036e-01	7.281435947900259664e-02	3.007646161362430293e-02	7.707611944919416647e-02
1.181383486174620202e+03	2.489290344813710476e-01	1.637157370129082856e-01	2.540131829600946189e-01	1.532554284178593018e-01	7.284941562610763865e-02	3.010270369601416793e-02	7.713449780534420430e-02
1.182834817238716823e+03	2.487167790019038371e-01	1.635855362560833248e-01	2.541500211318838409e-01	1.533415436335633375e-01	7.288441026711936499e-02	3.012891988345029609e-02	7.719278982569523218e-02
1.184286148302813444e+03	2.485049057779423198e-01	1.634555418186856013e-01	2.542865996020635122e-01	1.534275036353819899e-01	7.291934351227655209e-02	3.015511007803676688e-02	7.725099557531249495e-02
1.185737479366910065e+03	2.482934141184860166e-01	1.633257533608064027e-01	2.544229190048660771e-01	1.535133087412081099e-01	7.295421547161902442e-02	3.018127418316795055e-02	7.730911511954563498e-02
1.187188810431006686e+03	2.480823033338365180e-01	1.631961705431594079e-01	2.545589799720993640e-01	1.535989592680709059e-01	7.298902625498797370e-02	3.020741210351663569e-02	7.736714852402847009e-02
1.188640141495103080e+03	2.478715727355946252e-01	1.630667930270791877e-01	2.546947831331584644e-01	1.536844555321396910e-01	7.302377597202634740e-02	3.023352374502225395e-02	7.742509585467874378e-02
1.190091472559199701e+03	2.476612216366574915e-01	1.629376204745195678e-01	2.548303291150380012e-01	1.537697978487277406e-01	7.305846473217927906e-02	3.025960901487926083e-02	7.748295717769800028e-02
1.191542803623296322e+03	2.474512493512157907e-01	1.628086525480522961e-01	2.549656185423441190e-01	1.538549865322960675e-01	7.309309264469433798e-02	3.028566782152557202e-02	7.754073255957111277e-02
1.192994134687392716e+03	2.472416551947509977e-01	1.626798889108654889e-01	2.551006520373065301e-01	1.539400218964570854e-01	7.312765981862204279e-02	3.031170007463115240e-02	7.759842206706599188e-02
1.194445465751489564e+03	2.470324384840324738e-01	1.625513292267620480e-01	2.552354302197905045e-01	1.540249042539783564e-01	7.316216636281609731e-02	3.033770568508669871e-02	7.765602576723316941e-02
1.195896796815585958e+03	2.468235985371146912e-01	1.624229731601582738e-01	2.553699537073084724e-01	1.541096339167862816e-01	7.319661238593387631e-02	3.036368456499244015e-02	7.771354372740528482e-02
1.197348127879682352e+03	2.466151346733344851e-01	1.622948203760822550e-01	2.555042231150324583e-01	1.541942111959697936e-01	7.323099799643667529e-02	3.038963662764704657e-02	7.777097601519661341e-02
1.198799458943779200e+03	2.464070462133081951e-01	1.621668705401724808e-01	2.556382390558053497e-01	1.542786364017840195e-01	7.326532330259016845e-02	3.041556178753663381e-02	7.782832269850246953e-02
1.200250790007875821e+03	2.461993324789289728e-01	1.620391233186763702e-01	2.557720021401529986e-01	1.543629098436537228e-01	7.329958841246472789e-02	3.044145996032388696e-02	7.788558384549858216e-02
1.201702121071972442e+03	2.459919927933639505e-01	1.619115783784487173e-01	2.559055129762958791e-01	1.544470318301771616e-01	7.333379343393579830e-02	3.046733106283727732e-02	7.794275952464048418e-02
1.203153452136069063e+03	2.457850264810514940e-01	1.617842353869503591e-01	2.560387721701605779e-01	1.545310026691294192e-01	7.336793847468427165e-02	3.049317501306039041e-02	7.799984980466276308e-02
1.204604783200165684e+03	2.455784328676984818e-01	1.616570940122465383e-01	2.561717803253916736e-01	1.546148226674661230e-01	7.340202364219682030e-02	3.051899173012135452e-02	7.805685475457833922e-02
1.206056114264262078e+03	2.453722112802775301e-01	1.615301539230055705e-01	2.563045380433630616e-01	1.546984921313267758e-01	7.343604904376628550e-02	3.054478113428236302e-02	7.811377444367768874e-02
1.207507445328358699e+03	2.451663610470243282e-01	1.614034147884973736e-01	2.564370459231897770e-01	1.547820113660384467e-01	7.347001478649205219e-02	3.057054314692931457e-02	7.817060894152803863e-02
1.208958776392455093e+03	2.449608814974347515e-01	1.612768762785919963e-01	2.565693045617391532e-01	1.548653806761191021e-01	7.350392097728036811e-02	3.059627769056152968e-02	7.822735831797245076e-02
1.210410107456551941e+03	2.447557719622623640e-01	1.611505380637582308e-01	2.567013145536422569e-01	1.549486003652811306e-01	7.353776772284473240e-02	3.062198468878157831e-02	7.828402264312898928e-02
1.211861438520648335e+03	2.445510317735155315e-01	1.610243998150621414e-01	2.568330764913057118e-01	1.550316707364347291e-01	7.357155512970624256e-02	3.064766406628520803e-02	7.834060198738973524e-02
1.213312769584745183e+03	2.443466602644548402e-01	1.608984612041655382e-01	2.569645909649224125e-01	1.551145920916914001e-01	7.360528330419394138e-02	3.067331574885135206e-02	7.839709642141982904e-02
1.214764100648841804e+03	2.441426567695902661e-01	1.607727219033247557e-01	2.570958585624831816e-01	1.551973647323671712e-01	7.363895235244521942e-02	3.069893966333224825e-02	7.845350601615645736e-02
1.216215431712937971e+03	2.439390206246786208e-01	1.606471815853890428e-01	2.572268798697879277e-01	1.552799889589860649e-01	7.367256238040613414e-02	3.072453573764363788e-02	7.850983084280782620e-02
1.217666762777034819e+03	2.437357511667208321e-01	1.605218399237993698e-01	2.573576554704566921e-01	1.553624650712834010e-01	7.370611349383175692e-02	3.075010390075507555e-02	7.856607097285209229e-02
1.219118093841131440e+03	2.435328477339592512e-01	1.603966965925867072e-01	2.574881859459409728e-01	1.554447933682091831e-01	7.373960579828656159e-02	3.077564408268030835e-02	7.862222647803628062e-02
1.220569424905228061e+03	2.433303096658749887e-01	1.602717512663709432e-01	2.576184718755345493e-01	1.555269741479312628e-01	7.377303939914474362e-02	3.080115621446774879e-02	7.867829743037506318e-02
1.222020755969324682e+03	2.431281363031852494e-01	1.601470036203592462e-01	2.577485138363846406e-01	1.556090077078387257e-01	7.380641440159062261e-02	3.082664022819106911e-02	7.873428390214971817e-02
1.223472087033421303e+03	2.429263269878408071e-01	1.600224533303448160e-01	2.578783124035029517e-01	1.556908943445450832e-01	7.383973091061894756e-02	3.085209605693983378e-02	7.879018596590682544e-02
1.224923418097517697e+03	2.427248810630232290e-01	1.598981000727054125e-01	2.580078681497764981e-01	1.557726343538915481e-01	7.387298903103524383e-02	3.087752363481025691e-02	7.884600369445712853e-02
1.226374749161614318e+03	2.425237978731422106e-01	1.597739435244020234e-01	2.581371816459784307e-01	1.558542280309501427e-01	7.390618886745624339e-02	3.090292289689603594e-02	7.890173716087424405e-02
1.227826080225710712e+03	2.423230767638331340e-01	1.596499833629774767e-01	2.582662534607789717e-01	1.559356756700270297e-01	7.393933052431012065e-02	3.092829377927926518e-02	7.895738643849338489e-02
1.229277411289807560e+03	2.421227170819542640e-01	1.595262192665550804e-01	2.583950841607560722e-01	1.560169775646655654e-01	7.397241410583693666e-02	3.095363621902143952e-02	7.901295160091008352e-02
1.230728742353903954e+03	2.419227181755842782e-01	1.594026509138371794e-01	2.585236743104060708e-01	1.560981340076495194e-01	7.400543971608894434e-02	3.097895015415454145e-02	7.906843272197885963e-02
1.232180073418000802e+03	2.417230793940196298e-01	1.592792779841039064e-01	2.586520244721546846e-01	1.561791452910061273e-01	7.403840745893096320e-02	3.100423552367220781e-02	7.912382987581187410e-02
1.233631404482097196e+03	2.415238000877718560e-01	1.591561001572116829e-01	2.587801352063673344e-01	1.562600117060093108e-01	7.407131743804067081e-02	3.102949226752099027e-02	7.917914313677756888e-02
1.235082735546193817e+03	2.413248796085651626e-01	1.590331171135920263e-01	2.589080070713596360e-01	1.563407335431826473e-01	7.410416975690901908e-02	3.105472032659167825e-02	7.923437257949922374e-02
1.236534066610290438e+03	2.411263173093337320e-01	1.589103285342501060e-01	2.590356406234082809e-01	1.564213110923025063e-01	7.413696451884052574e-02	3.107991964271071203e-02	7.928951827885362402e-02
1.237985397674387059e+03	2.409281125442191140e-01	1.587877341007633558e-01	2.591630364167611389e-01	1.565017446424010195e-01	7.416970182695369063e-02	3.110509015863168955e-02	7.934458030996953404e-02
1.239436728738483680e+03	2.407302646685677838e-01	1.586653334952803085e-01	2.592901950036476943e-01	1.565820344817692722e-01	7.420238178418125941e-02	3.113023181802692177e-02	7.939955874822632320e-02
1.240888059802580301e+03	2.405327730389285601e-01	1.585431264005190410e-01	2.594171169342896488e-01	1.566621808979601349e-01	7.423500449327061212e-02	3.115534456547908518e-02	7.945445366925245334e-02
1.242339390866676695e+03	2.403356370130499964e-01	1.584211124997660092e-01	2.595438027569111905e-01	1.567421841777913716e-01	7.426757005678409629e-02	3.118042834647295411e-02	7.950926514892396602e-02
1.243790721930773088e+03	2.401388559498777997e-01	1.582992914768746595e-01	2.596702530177490420e-01	1.568220446073484986e-01	7.430007857709935992e-02	3.120548310738720243e-02	7.956399326336303923e-02
1.245242052994869937e+03	2.399424292095524713e-01	1.581776630162641528e-01	2.597964682610626741e-01	1.569017624719878379e-01	7.433253015640972627e-02	3.123050879548627118e-02	7.961863808893637762e-02
1.246693384058966330e+03	2.397463561534066701e-01	1.580562268029179485e-01	2.599224490291449086e-01	1.569813380563394589e-01	7.436492489672451300e-02	3.125550535891233328e-02	7.967319970225372749e-02
1.248144715123063179e+03	2.395506361439626586e-01	1.579349825223825832e-01	2.600481958623314105e-01	1.570607716443099822e-01	7.439726289986937913e-02	3.128047274667731387e-02	7.972767818016628094e-02
1.249596046187159800e+03	2.393552685449298612e-01	1.578139298607663943e-01	2.601737092990110134e-01	1.571400635190855766e-01	7.442954426748663033e-02	3.130541090865499032e-02	7.978207359976510760e-02
1.251047377251256421e+03	2.391602527212023099e-01	1.576930685047381875e-01	2.602989898756358778e-01	1.572192139631348462e-01	7.446176910103560753e-02	3.133031979557316521e-02	7.983638603837961423e-02
1.252498708315352815e+03	2.389655880388562303e-01	1.575723981415257657e-01	2.604240381267313165e-01	1.572982232582116058e-01	7.449393750179301998e-02	3.135519935900589472e-02	7.989061557357582388e-02
1.253950039379449436e+03	2.387712738651474043e-01	1.574519184589149856e-01	2.605488545849055648e-01	1.573770916853577673e-01	7.452604957085323667e-02	3.138004955136583507e-02	7.994476228315486321e-02
1.255401370443546057e+03	2.385773095685088385e-01	1.573316291452481752e-01	2.606734397808598280e-01	1.574558195249061987e-01	7.455810540912868878e-02	3.140487032589658889e-02	7.999882624515131102e-02
1.256852701507642678e+03	2.383836945185481837e-01	1.572115298894230240e-01	2.607977942433981067e-01	1.575344070564834720e-01	7.459010511735016113e-02	3.142966163666519042e-02	8.005280753783149128e-02
1.258304032571739299e+03	2.381904280860453749e-01	1.570916203808911948e-01	2.609219184994366891e-01	1.576128545590127217e-01	7.462204879606711139e-02	3.145442343855460454e-02	8.010670623969190496e-02
1.259755363635835920e+03	2.379975096429501058e-01	1.569719003096570753e-01	2.610458130740141991e-01	1.576911623107163374e-01	7.465393654564807246e-02	3.147915568725632302e-02	8.016052242945750916e-02
1.261206694699932314e+03	2.378049385623792755e-01	1.568523693662766116e-01	2.611694784903009214e-01	1.577693305891187669e-01	7.468576846628094401e-02	3.150385833926303003e-02	8.021425618608002406e-02
1.262658025764028707e+03	2.376127142186147123e-01	1.567330272418559212e-01	2.612929152696087942e-01	1.578473596710492644e-01	7.471754465797332545e-02	3.152853135186130945e-02	8.026790758873629528e-02
1.264109356828125556e+03	2.374208359871006202e-01	1.566138736280500710e-01	2.614161239314004570e-01	1.579252498326446097e-01	7.474926522055284905e-02	3.155317468312444917e-02	8.032147671682655921e-02
1.265560687892221949e+03	2.372293032444411920e-01	1.564949082170618011e-01	2.615391049932992429e-01	1.580030013493518015e-01	7.478093025366754076e-02	3.157778829190528713e-02	8.037496364997273601e-02
1.267012018956318798e+03	2.370381153683982223e-01	1.563761307016404145e-01	2.616618589710982823e-01	1.580806144959306936e-01	7.481253985678609775e-02	3.160237213782912669e-02	8.042836846801673656e-02
1.268463350020415419e+03	2.368472717378886372e-01	1.562575407750802781e-01	2.617843863787701619e-01	1.581580895464567982e-01	7.484409412919824922e-02	3.162692618128673527e-02	8.048169125101871380e-02
1.269914681084511813e+03	2.366567717329819964e-01	1.561391381312197957e-01	2.619066877284760841e-01	1.582354267743238396e-01	7.487559317001511727e-02	3.165145038342736389e-02	8.053493207925532804e-02
1.271366012148608434e+03	2.364666147348982728e-01	1.560209224644401593e-01	2.620287635305753038e-01	1.583126264522463633e-01	7.490703707816949442e-02	3.167594470615187757e-02	8.058809103321801226e-02
1.272817343212705055e+03	2.362768001260052986e-01	1.559028934696639335e-01	2.621506142936343986e-01	1.583896888522624835e-01	7.493842595241620441e-02	3.170040911210592754e-02	8.064116819361125121e-02
1.274268674276801676e+03	2.360873272898164343e-01	1.557850508423540559e-01	2.622722405244362065e-01	1.584666142457364091e-01	7.496975989133242146e-02	3.172484356467316496e-02	8.069416364135074959e-02
1.275720005340898297e+03	2.358981956109881539e-01	1.556673942785124498e-01	2.623936427279894845e-01	1.585434029033610526e-01	7.500103899331800328e-02	3.174924802796853796e-02	8.074707745756175281e-02
1.277171336404994690e+03	2.357094044753177409e-01	1.555499234746789139e-01	2.625148214075375130e-01	1.586200550951605559e-01	7.503226335659581026e-02	3.177362246683163721e-02	8.079990972357724288e-02
1.278622667469091539e+03	2.355209532697408459e-01	1.554326381279297342e-01	2.626357770645674772e-01	1.586965710904929550e-01	7.506343307921202468e-02	3.179796684682013874e-02	8.085266052093614819e-02
1.280073998533187932e+03	2.353328413823291276e-01	1.553155379358767962e-01	2.627565101988194041e-01	1.587729511580526498e-01	7.509454825903649766e-02	3.182228113420324661e-02	8.090532993138162265e-02
1.281525329597284326e+03	2.351450682022879213e-01	1.551986225966659749e-01	2.628770213082949891e-01	1.588491955658729304e-01	7.512560899376305446e-02	3.184656529595521202e-02	8.095791803685921384e-02
1.282976660661381175e+03	2.349576331199538515e-01	1.550818918089763021e-01	2.629973108892667000e-01	1.589253045813285581e-01	7.515661538090982752e-02	3.187081929974894950e-02	8.101042491951507274e-02
1.284427991725477568e+03	2.347705355267925564e-01	1.549653452720184676e-01	2.631173794362866025e-01	1.590012784711382077e-01	7.518756751781958958e-02	3.189504311394966013e-02	8.106285066169421905e-02
1.285879322789574417e+03	2.345837748153962177e-01	1.548489826855338758e-01	2.632372274421950209e-01	1.590771175013669381e-01	7.521846550166007284e-02	3.191923670760853787e-02	8.111519534593865377e-02
1.287330653853671038e+03	2.343973503794812840e-01	1.547328037497932851e-01	2.633568553981295857e-01	1.591528219374287179e-01	7.524930942942426038e-02	3.194340005045652464e-02	8.116745905498563840e-02
1.288781984917767431e+03	2.342112616138862791e-01	1.546168081655956150e-01	2.634762637935337826e-01	1.592283920440888678e-01	7.528009939793076088e-02	3.196753311289811383e-02	8.121964187176591854e-02
1.290233315981864052e+03	2.340255079145692474e-01	1.545009956342669466e-01	2.635954531161655567e-01	1.593038280854664757e-01	7.531083550382407232e-02	3.199163586600523718e-02	8.127174387940178102e-02
