1.001418434226643626e+03	2.784565256904289465e-01	1.815720969230083803e-01	2.347924065361767509e-01	1.412673407741084630e-01	6.799722729793614140e-02	2.670625718717367300e-02	6.920814559086609086e-02
1.003837319333471214e+03	2.780143869035948678e-01	1.813078756325187668e-01	2.350833800848311506e-01	1.414478009839129913e-01	6.806974380482638809e-02	2.675323042003427063e-02	6.932358216998003864e-02
1.006256204440298802e+03	2.775735771039927191e-01	1.810443583862339501e-01	2.353733490842136455e-01	1.416277019014651473e-01	6.814204634278786532e-02	2.680020577783044991e-02	6.943876140317474521e-02
1.008675089547126618e+03	2.771340922376726024e-01	1.807815431928677941e-01	2.356623183664856014e-01	1.418070455863797708e-01	6.821413557969967234e-02	2.684718140566435055e-02	6.955368363092871709e-02
1.011093974653954206e+03	2.766959282639794293e-01	1.805194280677680785e-01	2.359502927330041633e-01	1.419858340869457058e-01	6.828601218104210502e-02	2.689415548229366973e-02	6.966834918466535687e-02
1.013512859760782021e+03	2.762590811555005743e-01	1.802580110328868279e-01	2.362372769543995277e-01	1.421640694402369343e-01	6.835767680990995077e-02	2.694112621952081052e-02	6.978275838724384839e-02
1.015931744867609382e+03	2.758235468980131944e-01	1.799972901167509465e-01	2.365232757706589861e-01	1.423417536722225984e-01	6.842913012702554754e-02	2.698809186159491919e-02	6.989691155343230600e-02
1.018350629974437197e+03	2.753893214904323816e-01	1.797372633544327969e-01	2.368082938912162150e-01	1.425188887978747765e-01	6.850037279075177343e-02	2.703505068462652011e-02	7.001080899036399297e-02
1.020769515081264785e+03	2.749564009447592605e-01	1.794779287875211959e-01	2.370923359950469766e-01	1.426954768212749802e-01	6.857140545710482815e-02	2.708200099601442909e-02	7.012445099797683101e-02
1.023188400188092373e+03	2.745247812860292513e-01	1.792192844640920490e-01	2.373754067307698168e-01	1.428715197357189048e-01	6.864222877976688952e-02	2.712894113388461537e-02	7.023783786943696428e-02
1.025607285294920075e+03	2.740944585522608334e-01	1.789613284386795400e-01	2.376575107167521184e-01	1.430470195238196796e-01	6.871284341009870067e-02	2.717586946654078003e-02	7.035096989154683567e-02
1.028026170401747549e+03	2.736654287944043640e-01	1.787040587722470986e-01	2.379386525412210962e-01	1.432219781576094253e-01	6.878324999715193511e-02	2.722278439192634542e-02	7.046384734513819192e-02
1.030445055508575479e+03	2.732376880762912852e-01	1.784474735321588124e-01	2.382188367623794267e-01	1.433963975986393691e-01	6.885344918768149247e-02	2.726968433709754322e-02	7.057647050545051703e-02
1.032863940615402726e+03	2.728112324745831652e-01	1.781915707921506165e-01	2.384980679085254573e-01	1.435702797980787093e-01	6.892344162615765546e-02	2.731656775770741757e-02	7.068883964249543517e-02
1.035282825722230655e+03	2.723860580787215713e-01	1.779363486323018995e-01	2.387763504781775237e-01	1.437436266968115106e-01	6.899322795477809411e-02	2.736343313750040640e-02	7.080095502140737462e-02
1.037701710829058356e+03	2.719621609908778326e-01	1.776818051390070263e-01	2.390536889402025966e-01	1.439164402255327380e-01	6.906280881347973133e-02	2.741027898781725827e-02	7.091281690278114502e-02
1.040120595935886058e+03	2.715395373259030798e-01	1.774279384049471109e-01	2.393300877339483157e-01	1.440887223048424315e-01	6.913218483995058061e-02	2.745710384711012170e-02	7.102442554299662203e-02
1.042539481042713533e+03	2.711181832112785628e-01	1.771747465290618995e-01	2.396055512693792133e-01	1.442604748453387709e-01	6.920135666964140342e-02	2.750390628046743210e-02	7.113578119453105308e-02
1.044958366149541234e+03	2.706980947870660792e-01	1.769222276165216823e-01	2.398800839272158258e-01	1.444316997477097519e-01	6.927032493577717220e-02	2.755068487914848901e-02	7.124688410625942825e-02
1.047377251256368709e+03	2.702792682058588469e-01	1.766703797786994545e-01	2.401536900590775236e-01	1.446023989028233925e-01	6.933909026936856124e-02	2.759743826012739376e-02	7.135773452374324921e-02
1.049796136363196410e+03	2.698616996327326545e-01	1.764192011331431609e-01	2.404263739876281725e-01	1.447725741918169662e-01	6.940765329922322924e-02	2.764416506564621595e-02	7.146833268950802953e-02
1.052215021470024112e+03	2.694453852451970111e-01	1.761686898035480786e-01	2.406981400067247645e-01	1.449422274861845439e-01	6.947601465195701875e-02	2.769086396277710763e-02	7.157867884330991470e-02
1.054633906576851814e+03	2.690303212331465743e-01	1.759188439197293397e-01	2.409689923815688251e-01	1.451113606478635631e-01	6.954417495200508614e-02	2.773753364299318125e-02	7.168877322239185224e-02
1.057052791683679516e+03	2.686165037988130222e-01	1.756696616175945636e-01	2.412389353488603450e-01	1.452799755293201767e-01	6.961213482163280952e-02	2.778417282174793640e-02	7.179861606172951993e-02
1.059471676790506763e+03	2.682039291567170358e-01	1.754211410391166570e-01	2.415079731169541555e-01	1.454480739736333517e-01	6.967989488094671058e-02	2.783078023806306867e-02	7.190820759426740094e-02
1.061890561897334692e+03	2.677925935336203378e-01	1.751732803323067522e-01	2.417761098660186070e-01	1.456156578145776370e-01	6.974745574790522373e-02	2.787735465412441785e-02	7.201754805114540803e-02
1.064309447004162394e+03	2.673824931684783412e-01	1.749260776511872284e-01	2.420433497481963847e-01	1.457827288767050145e-01	6.981481803832932653e-02	2.792389485488588896e-02	7.212663766191619585e-02
1.066728332110990095e+03	2.669736243123927988e-01	1.746795311557649277e-01	2.423096968877671842e-01	1.459492889754255007e-01	6.988198236591315615e-02	2.797039964768118295e-02	7.223547665475360535e-02
1.069147217217817570e+03	2.665659832285646735e-01	1.744336390120045377e-01	2.425751553813124406e-01	1.461153399170866674e-01	6.994894934223443161e-02	2.801686786184311856e-02	7.234406525665246224e-02
1.071566102324645271e+03	2.661595661922472877e-01	1.741883993918020290e-01	2.428397292978816402e-01	1.462808834990519946e-01	7.001571957676484825e-02	2.806329834833039619e-02	7.245240369362006272e-02
1.073984987431472746e+03	2.657543694906998599e-01	1.739438104729583157e-01	2.431034226791604080e-01	1.464459215097782541e-01	7.008229367688036116e-02	2.810968997936162672e-02	7.256049219085952684e-02
1.076403872538300675e+03	2.653503894231409310e-01	1.736998704391528592e-01	2.433662395396396783e-01	1.466104557288917254e-01	7.014867224787134370e-02	2.815604164805645890e-02	7.266833097294538024e-02
1.078822757645127922e+03	2.649476223007022901e-01	1.734565774799178006e-01	2.436281838667866961e-01	1.467744879272635528e-01	7.021485589295264895e-02	2.820235226808365248e-02	7.277592026399166969e-02
1.081241642751955851e+03	2.645460644463833444e-01	1.732139297906118980e-01	2.438892596212170749e-01	1.469380198670838522e-01	7.028084521327365719e-02	2.824862077331590643e-02	7.288326028781257071e-02
1.083660527858783553e+03	2.641457121950050446e-01	1.729719255723946580e-01	2.441494707368679351e-01	1.471010533019349864e-01	7.034664080792812912e-02	2.829484611749134501e-02	7.299035126807616736e-02
1.086079412965611255e+03	2.637465618931646438e-01	1.727305630322007457e-01	2.444088211211721262e-01	1.472635899768638956e-01	7.041224327396405913e-02	2.834102727388145698e-02	7.309719342845130696e-02
1.088498298072438729e+03	2.633486098991905666e-01	1.724898403827144489e-01	2.446673146552334477e-01	1.474256316284532353e-01	7.047765320639337583e-02	2.838716323496538047e-02	7.320378699274782131e-02
1.090917183179266431e+03	2.629518525830971121e-01	1.722497558423442265e-01	2.449249551940026193e-01	1.475871799848918753e-01	7.054287119820158714e-02	2.843325301211037034e-02	7.331013218505047502e-02
1.093336068286093905e+03	2.625562863265399893e-01	1.720103076351975624e-01	2.451817465664541118e-01	1.477482367660442886e-01	7.060789784035732819e-02	2.847929563525829558e-02	7.341622922984671062e-02
1.095754953392921607e+03	2.621619075227717421e-01	1.717714939910557626e-01	2.454376925757635330e-01	1.479088036835189135e-01	7.067273372182186764e-02	2.852529015261810394e-02	7.352207835214837062e-02
1.098173838499749309e+03	2.617687125765973954e-01	1.715333131453490312e-01	2.456927969994856242e-01	1.480688824407359327e-01	7.073737942955847513e-02	2.857123563036401831e-02	7.362767977760781291e-02
1.100592723606577010e+03	2.613766979043303795e-01	1.712957633391317402e-01	2.459470635897327839e-01	1.482284747329939423e-01	7.080183554854169170e-02	2.861713115233940896e-02	7.373303373262836413e-02
1.103011608713404712e+03	2.609858599337487317e-01	1.710588428190576160e-01	2.462004960733539527e-01	1.483875822475358153e-01	7.086610266176661399e-02	2.866297581976619616e-02	7.383814044446944391e-02
1.105430493820231959e+03	2.605961951040512981e-01	1.708225498373552587e-01	2.464530981521138864e-01	1.485462066636137335e-01	7.093018135025802584e-02	2.870876875095966507e-02	7.394300014134649879e-02
1.107849378927059888e+03	2.602076998658146012e-01	1.705868826518038006e-01	2.467048735028726514e-01	1.487043496525533581e-01	7.099407219307946049e-02	2.875450908104856471e-02	7.404761305252589854e-02
1.110268264033887590e+03	2.598203706809494307e-01	1.703518395257086759e-01	2.469558257777653421e-01	1.488620128778171681e-01	7.105777576734222112e-02	2.880019596170036930e-02	7.415197940841512791e-02
1.112687149140715292e+03	2.594342040226579327e-01	1.701174187278773897e-01	2.472059586043818258e-01	1.490191979950670764e-01	7.112129264821427654e-02	2.884582856085162947e-02	7.425609944064814893e-02
1.115106034247542766e+03	2.590491963753909777e-01	1.698836185325956760e-01	2.474552755859467656e-01	1.491759066522261590e-01	7.118462340892912910e-02	2.889140606244324644e-02	7.435997338216633612e-02
1.117524919354370468e+03	2.586653442348054166e-01	1.696504372196036281e-01	2.477037803014994211e-01	1.493321404895396054e-01	7.124776862079455764e-02	2.893692766616060008e-02	7.446360146729504026e-02
1.119943804461197942e+03	2.582826441077220037e-01	1.694178730740720229e-01	2.479514763060734206e-01	1.494879011396350321e-01	7.131072885320133281e-02	2.898239258717840924e-02	7.456698393181605822e-02
1.122362689568025871e+03	2.579010925120829856e-01	1.691859243865787843e-01	2.481983671308766182e-01	1.496431902275818515e-01	7.137350467363189066e-02	2.902780005591024809e-02	7.467012101303584226e-02
1.124781574674853118e+03	2.575206859769106904e-01	1.689545894530855852e-01	2.484444562834705328e-01	1.497980093709499749e-01	7.143609664766882583e-02	2.907314931776257619e-02	7.477301294985004565e-02
1.127200459781681047e+03	2.571414210422653945e-01	1.687238665749146160e-01	2.486897472479495663e-01	1.499523601798679606e-01	7.149850533900344030e-02	2.911843963289320603e-02	7.487565998280407142e-02
1.129619344888508749e+03	2.567632942592040779e-01	1.684937540587253813e-01	2.489342434851201658e-01	1.501062442570801903e-01	7.156073130944409777e-02	2.916367027597413855e-02	7.497806235415017950e-02
1.132038229995336451e+03	2.563863021897392347e-01	1.682642502164918008e-01	2.491779484326794858e-01	1.502596631980033792e-01	7.162277511892467530e-02	2.920884053595863492e-02	7.508022030790097168e-02
1.134457115102163925e+03	2.560104414067977396e-01	1.680353533654793674e-01	2.494208655053936075e-01	1.504126185907826707e-01	7.168463732551277889e-02	2.925394971585244114e-02	7.518213408987951818e-02
1.136876000208991627e+03	2.556357084941801028e-01	1.678070618282224147e-01	2.496629980952756733e-01	1.505651120163466472e-01	7.174631848541800083e-02	2.929899713248911367e-02	7.528380394776626461e-02
1.139294885315819101e+03	2.552621000465195578e-01	1.675793739325015241e-01	2.499043495717631069e-01	1.507171450484618980e-01	7.180781915300007978e-02	2.934398211630930356e-02	7.538523013114271920e-02
1.141713770422646803e+03	2.548896126692421493e-01	1.673522880113211264e-01	2.501449232818946933e-01	1.508687192537870037e-01	7.186913988077696380e-02	2.938890401114396464e-02	7.548641289153222578e-02
1.144132655529474505e+03	2.545182429785262102e-01	1.671258024028872691e-01	2.503847225504869378e-01	1.510198361919256604e-01	7.193028121943292885e-02	2.943376217400137107e-02	7.558735248243772520e-02
1.146551540636302207e+03	2.541479876012623929e-01	1.668999154505853844e-01	2.506237506803099535e-01	1.511704974154793324e-01	7.199124371782644749e-02	2.947855597485789236e-02	7.568804915937672739e-02
1.148970425743129908e+03	2.537788431750138129e-01	1.666746255029582235e-01	2.508620109522626818e-01	1.513207044700992376e-01	7.205202792299818249e-02	2.952328479645240783e-02	7.578850317991363272e-02
1.151389310849957155e+03	2.534108063479766915e-01	1.664499309136841243e-01	2.510995066255473085e-01	1.514704588945375574e-01	7.211263438017880001e-02	2.956794803408435007e-02	7.588871480368936107e-02
1.153808195956785084e+03	2.530438737789406645e-01	1.662258300415551115e-01	2.513362409378435136e-01	1.516197622206983675e-01	7.217306363279678283e-02	2.961254509541521793e-02	7.598868429244855227e-02
1.156227081063612786e+03	2.526780421372498697e-01	1.660023212504553591e-01	2.515722171054813328e-01	1.517686159736876261e-01	7.223331622248617412e-02	2.965707540027356579e-02	7.608841191006428251e-02
1.158645966170440488e+03	2.523133081027637004e-01	1.657794029093397348e-01	2.518074383236138525e-01	1.519170216718628286e-01	7.229339268909419636e-02	2.970153838046334441e-02	7.618789792256056015e-02
1.161064851277267962e+03	2.519496683658182246e-01	1.655570733922123450e-01	2.520419077663888507e-01	1.520649808268819680e-01	7.235329357068895351e-02	2.974593347957556200e-02	7.628714259813244858e-02
1.163483736384095664e+03	2.515871196271873278e-01	1.653353310781053020e-01	2.522756285871195492e-01	1.522124949437519414e-01	7.241301940356693889e-02	2.979026015280315798e-02	7.638614620716416281e-02
1.165902621490923138e+03	2.512256585980444656e-01	1.651141743510578519e-01	2.525086039184550324e-01	1.523595655208763167e-01	7.247257072226057084e-02	2.983451786675906867e-02	7.648490902224502896e-02
1.168321506597751068e+03	2.508652819999245831e-01	1.648936016000951410e-01	2.527408368725492793e-01	1.525061940501027669e-01	7.253194805954563118e-02	2.987870609929738422e-02	7.658343131818345917e-02
1.170740391704578315e+03	2.505059865646858674e-01	1.646736112192075940e-01	2.529723305412296952e-01	1.526523820167697554e-01	7.259115194644866209e-02	2.992282433933755870e-02	7.668171337201910853e-02
1.173159276811406244e+03	2.501477690344719451e-01	1.644542016073300694e-01	2.532030879961644776e-01	1.527981308997527488e-01	7.265018291225436298e-02	2.996687208669158303e-02	7.677975546303307530e-02
1.175578161918233945e+03	2.497906261616743007e-01	1.642353711683213757e-01	2.534331122890294274e-01	1.529434421715099579e-01	7.270904148451279303e-02	3.001084885189412438e-02	7.687755787275635244e-02
1.177997047025061647e+03	2.494345547088948067e-01	1.640171183109437325e-01	2.536624064516734833e-01	1.530883172981274132e-01	7.276772818904668483e-02	3.005475415603545142e-02	7.697512088497669713e-02
1.180415932131889122e+03	2.490795514489085039e-01	1.637994414488425643e-01	2.538909734962836451e-01	1.532327577393637341e-01	7.282624354995866078e-02	3.009858753059726708e-02	7.707244478574382107e-02
1.182834817238716823e+03	2.487256131646265189e-01	1.635823390005262667e-01	2.541188164155487872e-01	1.533767649486942886e-01	7.288458808963826918e-02	3.014234851729119188e-02	7.716952986337294318e-02
1.185253702345544298e+03	2.483727366490590394e-01	1.633658093893460839e-01	2.543459381828223620e-01	1.535203403733547411e-01	7.294276232876914512e-02	3.018603666790002291e-02	7.726637640844695454e-02
1.187672587452371999e+03	2.480209187052787034e-01	1.631498510434762073e-01	2.545723417522843257e-01	1.536634854543843520e-01	7.300076678633607430e-02	3.022965154412158781e-02	7.736298471381712616e-02
1.190091472559199701e+03	2.476701561463841572e-01	1.629344623958940141e-01	2.547980300591019542e-01	1.538062016266687204e-01	7.305860197963193192e-02	3.027319271741522183e-02	7.745935507460238734e-02
1.192510357666027403e+03	2.473204457954635838e-01	1.627196418843602499e-01	2.550230060195899928e-01	1.539484903189818066e-01	7.311626842426462158e-02	3.031665976885075317e-02	7.755548778818739664e-02
1.194929242772855105e+03	2.469717844855585931e-01	1.625053879513995159e-01	2.552472725313690849e-01	1.540903529540279260e-01	7.317376663416404192e-02	3.036005228896001412e-02	7.765138315421922510e-02
1.197348127879682352e+03	2.466241690596282787e-01	1.622916990442808127e-01	2.554708324735238123e-01	1.542317909484828831e-01	7.323109712158884510e-02	3.040336987759077736e-02	7.774704147460301251e-02
1.199767012986510281e+03	2.462775963705133020e-01	1.620785736149982503e-01	2.556936887067592923e-01	1.543728057130349662e-01	7.328826039713332019e-02	3.044661214376308614e-02	7.784246305349620809e-02
1.202185898093337983e+03	2.459320632809003371e-01	1.618660101202517299e-01	2.559158440735571638e-01	1.545133986524251657e-01	7.334525696973408226e-02	3.048977870552794719e-02	7.793764819730196469e-02
1.204604783200165684e+03	2.455875666632866550e-01	1.616540070214279867e-01	2.561373013983298530e-01	1.546535711654873912e-01	7.340208734667683088e-02	3.053286918982831347e-02	7.803259721466138110e-02
1.207023668306993159e+03	2.452441033999447628e-01	1.614425627845814670e-01	2.563580634875745057e-01	1.547933246451877465e-01	7.345875203360298367e-02	3.057588323236233585e-02	7.812731041644464802e-02
1.209442553413820860e+03	2.449016703828874042e-01	1.612316758804155370e-01	2.565781331300250878e-01	1.549326604786638584e-01	7.351525153451632377e-02	3.061882047744884927e-02	7.822178811574144464e-02
1.211861438520648335e+03	2.445602645138325593e-01	1.610213447842637757e-01	2.567975130968040420e-01	1.550715800472634021e-01	7.357158635178955020e-02	3.066168057789498899e-02	7.831603062785015557e-02
1.214280323627476264e+03	2.442198827041686671e-01	1.608115679760712680e-01	2.570162061415726118e-01	1.552100847265825700e-01	7.362775698617086972e-02	3.070446319486598921e-02	7.841003827026644946e-02
1.216699208734303511e+03	2.438805218749200976e-01	1.606023439403762021e-01	2.572342150006801664e-01	1.553481758865036810e-01	7.368376393679039460e-02	3.074716799775705292e-02	7.850381136267088611e-02
1.219118093841131440e+03	2.435421789567126793e-01	1.603936711662913572e-01	2.574515423933118607e-01	1.554858548912328442e-01	7.373960770116667895e-02	3.078979466406726873e-02	7.859735022691577422e-02
1.221536978947959142e+03	2.432048508897394767e-01	1.601855481474858955e-01	2.576681910216361282e-01	1.556231230993370407e-01	7.379528877521308872e-02	3.083234287927556772e-02	7.869065518701126583e-02
1.223955864054786844e+03	2.428685346237267895e-01	1.599779733821671268e-01	2.578841635709503421e-01	1.557599818637807054e-01	7.385080765324417151e-02	3.087481233671864056e-02	7.878372656911071525e-02
1.226374749161614318e+03	2.425332271179000132e-01	1.597709453730625229e-01	2.580994627098256444e-01	1.558964325319620314e-01	7.390616482798195719e-02	3.091720273747080097e-02	7.887656470149545518e-02
1.228793634268442020e+03	2.421989253409501663e-01	1.595644626274017042e-01	2.583140910902507748e-01	1.560324764457490243e-01	7.396136079056228607e-02	3.095951379022575736e-02	7.896916991455875390e-02
1.231212519375269494e+03	2.418656262710000837e-01	1.593585236568985930e-01	2.585280513477743458e-01	1.561681149415148351e-01	7.401639603054105399e-02	3.100174521118024412e-02	7.906154254078931465e-02
1.233631404482097196e+03	2.415333268955710821e-01	1.591531269777338164e-01	2.587413461016465632e-01	1.563033493501730931e-01	7.407127103590036010e-02	3.104389672391951946e-02	7.915368291475408102e-02
1.236050289588924898e+03	2.412020242115496538e-01	1.589482711105369150e-01	2.589539779549593357e-01	1.564381809972126836e-01	7.412598629305473807e-02	3.108596805930461879e-02	7.924559137308058443e-02
1.238469174695752372e+03	2.408717152251544924e-01	1.587439545803689123e-01	2.591659494947855524e-01	1.565726112027322481e-01	7.418054228685722062e-02	3.112795895536142957e-02	7.933726825443870867e-02
1.240888059802580301e+03	2.405423969519032978e-01	1.585401759167048563e-01	2.593772632923172505e-01	1.567066412814741572e-01	7.423493950060551516e-02	3.116986915717145923e-02	7.942871389952198269e-02
1.243306944909407548e+03	2.402140664165803019e-01	1.583369336534166394e-01	2.595879219030025054e-01	1.568402725428584277e-01	7.428917841604797123e-02	3.121169841676432744e-02	7.951992865102842922e-02
1.245725830016235477e+03	2.398867206532033225e-01	1.581342263287556504e-01	2.597979278666811553e-01	1.569735062910159740e-01	7.434325951338964511e-02	3.125344649301194100e-02	7.961091285364092773e-02
1.248144715123063179e+03	2.395603567049915394e-01	1.579320524853357888e-01	2.600072837077196941e-01	1.571063438248218036e-01	7.439718327129822562e-02	3.129511315152430639e-02	7.970166685400721651e-02
1.250563600229890881e+03	2.392349716243330204e-01	1.577304106701164499e-01	2.602159919351447748e-01	1.572387864379277411e-01	7.445095016691005707e-02	3.133669816454695556e-02	7.979219100071947846e-02
1.252982485336718355e+03	2.389105624727526911e-01	1.575292994343856778e-01	2.604240550427758261e-01	1.573708354187947911e-01	7.450456067583594022e-02	3.137820131085995029e-02	7.988248564429362153e-02
1.255401370443546057e+03	2.385871263208801663e-01	1.573287173337432066e-01	2.606314755093561697e-01	1.575024920507252235e-01	7.455801527216709967e-02	3.141962237567846178e-02	7.997255113714810126e-02
1.257820255550373531e+03	2.382646602484180254e-01	1.571286629280840841e-01	2.608382557986835271e-01	1.576337576118943817e-01	7.461131442848095707e-02	3.146096115055486975e-02	8.006238783358259059e-02
1.260239140657201460e+03	2.379431613441100601e-01	1.569291347815818249e-01	2.610443983597388051e-01	1.577646333753821573e-01	7.466445861584694588e-02	3.150221743328238122e-02	8.015199608975620560e-02
1.262658025764028707e+03	2.376226267057096608e-01	1.567301314626721453e-01	2.612499056268146602e-01	1.578951206092039927e-01	7.471744830383224290e-02	3.154339102780009257e-02	8.024137626366557863e-02
1.265076910870856636e+03	2.373030534399485081e-01	1.565316515440363654e-01	2.614547800196420080e-01	1.580252205763418571e-01	7.477028396050755532e-02	3.158448174409953652e-02	8.033052871512259829e-02
1.267495795977684338e+03	2.369844386625052091e-01	1.563336936025851998e-01	2.616590239435159226e-01	1.581549345347747215e-01	7.482296605245279675e-02	3.162548939813262378e-02	8.041945380573191360e-02
1.269914681084511813e+03	2.366667794979742667e-01	1.561362562194427428e-01	2.618626397894204816e-01	1.582842637375088124e-01	7.487549504476270767e-02	3.166641381172102115e-02	8.050815189886835477e-02
1.272333566191339514e+03	2.363500730798351046e-01	1.559393379799301760e-01	2.620656299341522777e-01	1.584132094326074214e-01	7.492787140105251764e-02	3.170725481246687572e-02	8.059662335965397939e-02
1.274752451298167216e+03	2.360343165504211194e-01	1.557429374735498362e-01	2.622679967404431545e-01	1.585417728632207146e-01	7.498009558346355186e-02	3.174801223366491287e-02	8.068486855493500753e-02
1.277171336404994690e+03	2.357195070608891774e-01	1.555470532939693951e-01	2.624697425570814424e-01	1.586699552676149594e-01	7.503216805266875455e-02	3.178868591421582512e-02	8.077288785325872911e-02
1.279590221511822392e+03	2.354056417711889448e-01	1.553516840390059550e-01	2.626708697190323627e-01	1.587977578792017230e-01	7.508408926787826787e-02	3.182927569854102773e-02	8.086068162485000876e-02
1.282009106618650094e+03	2.350927178500325787e-01	1.551568283106103951e-01	2.628713805475573206e-01	1.589251819265665444e-01	7.513585968684488581e-02	3.186978143649864259e-02	8.094825024158786020e-02
1.284427991725477568e+03	2.347807324748644453e-01	1.549624847148517448e-01	2.630712773503323110e-01	1.590522286334974666e-01	7.518747976586953596e-02	3.191020298330076582e-02	8.103559407698188166e-02
1.286846876832305497e+03	2.344696828318310056e-01	1.547686518619016960e-01	2.632705624215649354e-01	1.591788992190133478e-01	7.523894995980670575e-02	3.195054019943199125e-02	8.112271350614851106e-02
1.289265761939132744e+03	2.341595661157507557e-01	1.545753283660191157e-01	2.634692380421103097e-01	1.593051948973917831e-01	7.529027072206988247e-02	3.199079295056911354e-02	8.120960890578722557e-02
1.291684647045960673e+03	2.338503795300846122e-01	1.543825128455347251e-01	2.636673064795864163e-01	1.594311168781968047e-01	7.534144250463689629e-02	3.203096110750206643e-02	8.129628065415671345e-02
1.294103532152788375e+03	2.335421202869059354e-01	1.541902039228358889e-01	2.638647699884879017e-01	1.595566663663063600e-01	7.539246575805523543e-02	3.207104454605602673e-02	8.138272913105094875e-02
1.296522417259616077e+03	2.332347856068711367e-01	1.539984002243514061e-01	2.640616308102989307e-01	1.596818445619394289e-01	7.544334093144744458e-02	3.211104314701466317e-02	8.146895471777521047e-02
1.298941302366443551e+03	2.329283727191902575e-01	1.538071003805364656e-01	2.642578911736054303e-01	1.598066526606830573e-01	7.549406847251628749e-02	3.215095679604455109e-02	8.155495779712208793e-02
1.301360187473271253e+03	2.326228788615976040e-01	1.536163030258577145e-01	2.644535532942056122e-01	1.599310918535190307e-01	7.554464882755011768e-02	3.219078538362066949e-02	8.164073875334745822e-02
1.303779072580098727e+03	2.323183012803226033e-01	1.534260067987782417e-01	2.646486193752196625e-01	1.600551633268501583e-01	7.559508244142804090e-02	3.223052880495304306e-02	8.172629797214639447e-02
1.306197957686926657e+03	2.320146372300608273e-01	1.532362103417428956e-01	2.648430916071990437e-01	1.601788682625266413e-01	7.564536975762510551e-02	3.227018695991443892e-02	8.181163584062917105e-02
1.308616842793753904e+03	2.317118839739450153e-01	1.530469123011634625e-01	2.650369721682338531e-01	1.603022078378719129e-01	7.569551121821750661e-02	3.230975975296912495e-02	8.189675274729719956e-02
1.311035727900581833e+03	2.314100387835164030e-01	1.528581113274041503e-01	2.652302632240597924e-01	1.604251832257083676e-01	7.574550726388766531e-02	3.234924709310268987e-02	8.198164908201899248e-02
1.313454613007409534e+03	2.311090989386960504e-01	1.526698060747668229e-01	2.654229669281639725e-01	1.605477955943828139e-01	7.579535833392943289e-02	3.238864889375288325e-02	8.206632523600618234e-02
1.315873498114237009e+03	2.308090617277563095e-01	1.524819952014767610e-01	2.656150854218893298e-01	1.606700461077917308e-01	7.584506486625305910e-02	3.242796507274149642e-02	8.215078160178954092e-02
1.318292383221064711e+03	2.305099244472924025e-01	1.522946773696681466e-01	2.658066208345389314e-01	1.607919359254062208e-01	7.589462729739034075e-02	3.246719555220718006e-02	8.223501857319502617e-02
1.320711268327892412e+03	2.302116844021942776e-01	1.521078512453699072e-01	2.659975752834782825e-01	1.609134662022969064e-01	7.594404606249959000e-02	3.250634025853930964e-02	8.231903654531994019e-02
1.323130153434719887e+03	2.299143389056185205e-01	1.519215154984912830e-01	2.661879508742376332e-01	1.610346380891583828e-01	7.599332159537065812e-02	3.254539912231277365e-02	8.240283591450910106e-02
1.325549038541547588e+03	2.296178852789601821e-01	1.517356688028077827e-01	2.663777497006122319e-01	1.611554527323335317e-01	7.604245432842991759e-02	3.258437207822371257e-02	8.248641707833107017e-02
1.327967923648375290e+03	2.293223208518250233e-01	1.515503098359471668e-01	2.665669738447626891e-01	1.612759112738376688e-01	7.609144469274518874e-02	3.262325906502620138e-02	8.256978043555449065e-02
1.330386808755202765e+03	2.290276429620017595e-01	1.513654372793754033e-01	2.667556253773137875e-01	1.613960148513824966e-01	7.614029311803066635e-02	3.266206002546987591e-02	8.265292638612448117e-02
1.332805693862030694e+03	2.287338489554344712e-01	1.511810498183828733e-01	2.669437063574521818e-01	1.615157645983996693e-01	7.618900003265183241e-02	3.270077490623839872e-02	8.273585533113909929e-02
1.335224578968857941e+03	2.284409361861949872e-01	1.509971461420703820e-01	2.671312188330237647e-01	1.616351616440643568e-01	7.623756586363027166e-02	3.273940365788887558e-02	8.281856767282590182e-02
1.337643464075685870e+03	2.281489020164556014e-01	1.508137249433355864e-01	2.673181648406294797e-01	1.617542071133184767e-01	7.628599103664858438e-02	3.277794623479211855e-02	8.290106381451868567e-02
1.340062349182513572e+03	2.278577438164618163e-01	1.506307849188592007e-01	2.675045464057207445e-01	1.618729021268937029e-01	7.633427597605514647e-02	3.281640259507376256e-02	8.298334416063417318e-02
1.342481234289341273e+03	2.275674589645050871e-01	1.504483247690915071e-01	2.676903655426934314e-01	1.619912478013344204e-01	7.638242110486896663e-02	3.285477270055624927e-02	8.306540911664893334e-02
1.344900119396168748e+03	2.272780448468959547e-01	1.502663431982387554e-01	2.678756242549812927e-01	1.621092452490202340e-01	7.643042684478436322e-02	3.289305651670164365e-02	8.314725908907634466e-02
1.347319004502996449e+03	2.269894988579370387e-01	1.500848389142497574e-01	2.680603245351483310e-01	1.622268955781886179e-01	7.647829361617577981e-02	3.293125401255525553e-02	8.322889448544378010e-02
1.349737889609823924e+03	2.267018183998963377e-01	1.499038106288025640e-01	2.682444683649804484e-01	1.623441998929569807e-01	7.652602183810247594e-02	3.296936516069007284e-02	8.331031571426973648e-02
1.352156774716651853e+03	2.264150008829804717e-01	1.497232570572910870e-01	2.684280577155757630e-01	1.624611592933448145e-01	7.657361192831321772e-02	3.300738993715199299e-02	8.339152318504126915e-02
1.354575659823479100e+03	2.261290437253081487e-01	1.495431769188120263e-01	2.686110945474345368e-01	1.625777748752956220e-01	7.662106430325095474e-02	3.304532832140586601e-02	8.347251730819142679e-02
1.356994544930307029e+03	2.258439443528837687e-01	1.493635689361515750e-01	2.687935808105481050e-01	1.626940477306984822e-01	7.666837937805746905e-02	3.308318029628223855e-02	8.355329849507693585e-02
1.359413430037134731e+03	2.255597001995710837e-01	1.491844318357724297e-01	2.689755184444864722e-01	1.628099789474096448e-01	7.671555756657796876e-02	3.312094584792494439e-02	8.363386715795594062e-02
1.361832315143962205e+03	2.252763087070669967e-01	1.490057643478008009e-01	2.691569093784859090e-01	1.629255696092738182e-01	7.676259928136575095e-02	3.315862496573936807e-02	8.371422370996584039e-02
1.364251200250789907e+03	2.249937673248753600e-01	1.488275652060133958e-01	2.693377555315348282e-01	1.630408207961452638e-01	7.680950493368672582e-02	3.319621764234145789e-02	8.379436856510145970e-02
1.366670085357617609e+03	2.247120735102812739e-01	1.486498331478246782e-01	2.695180588124592158e-01	1.631557335839087519e-01	7.685627493352395478e-02	3.323372387350752993e-02	8.387430213819312141e-02
1.369088970464445310e+03	2.244312247283248851e-01	1.484725669142740456e-01	2.696978211200072306e-01	1.632703090445004057e-01	7.690290968958221618e-02	3.327114365812466890e-02	8.395402484488509454e-02
1.371507855571272785e+03	2.241512184517757966e-01	1.482957652500130341e-01	2.698770443429330257e-01	1.633845482459281850e-01	7.694940960929251561e-02	3.330847699814194068e-02	8.403353710161402812e-02
1.373926740678100487e+03	2.238720521611074210e-01	1.481194269032928279e-01	2.700557303600793491e-01	1.634984522522924533e-01	7.699577509881652682e-02	3.334572389852221569e-02	8.411283932558763499e-02
1.376345625784927961e+03	2.235937233444714178e-01	1.479435506259515476e-01	2.702338810404599778e-01	1.636120221238061279e-01	7.704200656305108807e-02	3.338288436719473451e-02	8.419193193476350034e-02
1.378764510891755890e+03	2.233162294976722140e-01	1.477681351734017878e-01	2.704114982433406533e-01	1.637252589168147476e-01	7.708810440563265698e-02	3.341995841500829123e-02	8.427081534782809857e-02
1.381183395998583137e+03	2.230395681241417738e-01	1.475931793046181273e-01	2.705885838183194614e-01	1.638381636838164568e-01	7.713406902894168193e-02	3.345694605568511754e-02	8.434948998417585164e-02
1.383602281105411066e+03	2.227637367349142306e-01	1.474186817821248607e-01	2.707651396054067683e-01	1.639507374734816836e-01	7.717990083410705693e-02	3.349384730577538438e-02	8.442795626388850672e-02
1.386021166212238768e+03	2.224887328486009896e-01	1.472446413719835367e-01	2.709411674351037691e-01	1.640629813306728191e-01	7.722560022101042365e-02	3.353066218461237674e-02	8.450621460771456928e-02
1.388440051319066470e+03	2.222145539913655266e-01	1.470710568437808285e-01	2.711166691284808139e-01	1.641748962964635628e-01	7.727116758829058463e-02	3.356739071426827203e-02	8.458426543704894440e-02
1.390858936425893944e+03	2.219411976968986011e-01	1.468979269706162660e-01	2.712916464972544017e-01	1.642864834081582126e-01	7.731660333334781920e-02	3.360403291951053611e-02	8.466210917391274460e-02
1.393277821532721646e+03	2.216686615063934440e-01	1.467252505290902176e-01	2.714661013438637860e-01	1.643977436993107333e-01	7.736190785234817180e-02	3.364058882775896459e-02	8.473974624093330577e-02
1.395696706639549120e+03	2.213969429685210266e-01	1.465530262992918165e-01	2.716400354615466362e-01	1.645086781997437964e-01	7.740708154022776788e-02	3.367705846904330003e-02	8.481717706132430035e-02
1.398115591746377049e+03	2.211260396394055527e-01	1.463812530647869148e-01	2.718134506344141443e-01	1.646192879355674876e-01	7.745212479069707445e-02	3.371344187596143904e-02	8.489440205886605861e-02
1.400534476853204296e+03	2.208559490825998672e-01	1.462099296126061765e-01	2.719863486375251882e-01	1.647295739291979588e-01	7.749703799624516054e-02	3.374973908363823605e-02	8.497142165788609813e-02
1.402953361960032225e+03	2.205866688690611699e-01	1.460390547332331701e-01	2.721587312369597167e-01	1.648395371993759684e-01	7.754182154814392991e-02	3.378595012968488992e-02	8.504823628323979201e-02
1.405372247066859927e+03	2.203181965771266737e-01	1.458686272205927392e-01	2.723306001898915807e-01	1.649491787611852556e-01	7.758647583645229828e-02	3.382207505415886495e-02	8.512484636029121754e-02
1.407791132173687402e+03	2.200505297924894854e-01	1.456986458720390676e-01	2.725019572446605309e-01	1.650584996260705539e-01	7.763100125002039831e-02	3.385811389952444322e-02	8.520125231489417139e-02
1.410210017280515103e+03	2.197836661081743748e-01	1.455291094883440772e-01	2.726728041408434944e-01	1.651675008018557989e-01	7.767539817649374290e-02	3.389406671061371418e-02	8.527745457337342072e-02
1.412628902387342805e+03	2.195176031245140436e-01	1.453600168736858544e-01	2.728431426093250733e-01	1.652761832927620578e-01	7.771966700231738856e-02	3.392993353458822331e-02	8.535345356250600979e-02
1.415047787494170507e+03	2.192523384491250338e-01	1.451913668356369647e-01	2.730129743723673785e-01	1.653845480994252104e-01	7.776380811274007099e-02	3.396571442090107890e-02	8.542924970950292740e-02
1.417466672600997981e+03	2.189878696968840244e-01	1.450231581851531282e-01	2.731823011436792514e-01	1.654925962189134903e-01	7.780782189181829900e-02	3.400140942125962074e-02	8.550484344199078823e-02
1.419885557707825683e+03	2.187241944899041557e-01	1.448553897365616183e-01	2.733511246284848206e-01	1.656003286447451928e-01	7.785170872242043461e-02	3.403701858958858850e-02	8.558023518799376395e-02
1.422304442814653157e+03	2.184613104575113540e-01	1.446880603075499649e-01	2.735194465235911143e-01	1.657077463669058282e-01	7.789546898623078697e-02	3.407254198199382439e-02	8.565542537591570860e-02
1.424723327921481086e+03	2.181992152362209891e-01	1.445211687191546301e-01	2.736872685174550068e-01	1.658148503718653854e-01	7.793910306375365082e-02	3.410797965672644760e-02	8.573041443452240895e-02
1.427142213028308333e+03	2.179379064697143931e-01	1.443547137957497117e-01	2.738545922902499430e-01	1.659216416425954854e-01	7.798261133431737269e-02	3.414333167414756315e-02	8.580520279292408459e-02
1.429561098135136262e+03	2.176773818088154622e-01	1.441886943650357578e-01	2.740214195139313857e-01	1.660281211585861449e-01	7.802599417607830601e-02	3.417859809669343552e-02	8.587979088055802679e-02
1.431979983241963964e+03	2.174176389114676755e-01	1.440231092580286087e-01	2.741877518523020973e-01	1.661342898958627634e-01	7.806925196602486350e-02	3.421377898884114810e-02	8.595417912717137621e-02
1.434398868348791666e+03	2.171586754427106969e-01	1.438579573090482677e-01	2.743535909610764212e-01	1.662401488270026928e-01	7.811238507998145841e-02	3.424887441707474139e-02	8.602836796280420584e-02
1.436817753455619140e+03	2.169004890746576708e-01	1.436932373557079645e-01	2.745189384879440642e-01	1.663456989211518355e-01	7.815539389261251524e-02	3.428388444985182998e-02	8.610235781777263175e-02
1.439236638562446842e+03	2.166430774864720188e-01	1.435289482389030258e-01	2.746837960726332684e-01	1.664509411440410203e-01	7.819827877742632771e-02	3.431880915757065664e-02	8.617614912265222915e-02
1.441655523669274316e+03	2.163864383643447631e-01	1.433650888028000225e-01	2.748481653469731500e-01	1.665558764580023499e-01	7.824104010677906951e-02	3.435364861253763918e-02	8.624974230826154553e-02
1.444074408776102018e+03	2.161305694014717949e-01	1.432016578948259455e-01	2.750120479349556502e-01	1.666605058219853830e-01	7.828367825187863838e-02	3.438840288893530578e-02	8.632313780564582206e-02
1.446493293882929493e+03	2.158754682980310591e-01	1.430386543656572973e-01	2.751754454527968186e-01	1.667648301915730935e-01	7.832619358278859745e-02	3.442307206279075077e-02	8.639633604606092310e-02
1.448912178989757422e+03	2.156211327611602113e-01	1.428760770692093229e-01	2.753383595089972657e-01	1.668688505189978855e-01	7.836858646843201937e-02	3.445765621194445821e-02	8.646933746095737672e-02
1.451331064096585123e+03	2.153675605049339692e-01	1.427139248626253520e-01	2.755007917044022259e-01	1.669725677531573582e-01	7.841085727659531657e-02	3.449215541601960422e-02	8.654214248196465120e-02
1.453749949203412370e+03	2.151147492503418523e-01	1.425521966062661405e-01	2.756627436322610092e-01	1.670759828396300439e-01	7.845300637393212706e-02	3.452656975639174092e-02	8.661475154087558415e-02
1.456168834310240300e+03	2.148626967252657838e-01	1.423908911636992125e-01	2.758242168782855663e-01	1.671790967206908951e-01	7.849503412596708918e-02	3.456089931615893840e-02	8.668716506963096424e-02
1.458587719417068001e+03	2.146114006644579686e-01	1.422300074016883409e-01	2.759852130207089971e-01	1.672819103353267445e-01	7.853694089709968573e-02	3.459514418011230830e-02	8.675938350030436286e-02
1.461006604523895703e+03	2.143608588095187728e-01	1.420695441901830003e-01	2.761457336303429488e-01	1.673844246192517093e-01	7.857872705060799101e-02	3.462930443470695063e-02	8.683140726508706275e-02
1.463425489630723177e+03	2.141110689088746855e-01	1.419095004023079587e-01	2.763057802706345156e-01	1.674866405049223739e-01	7.862039294865245942e-02	3.466338016803328925e-02	8.690323679627322273e-02
1.465844374737550879e+03	2.138620287177563084e-01	1.417498749143527859e-01	2.764653544977229149e-01	1.675885589215529159e-01	7.866193895227965860e-02	3.469737146978880277e-02	8.697487252624511167e-02
1.468263259844378354e+03	2.136137359981765682e-01	1.415906666057616670e-01	2.766244578604953319e-01	1.676901807951300671e-01	7.870336542142605807e-02	3.473127843125017183e-02	8.704631488745864787e-02
1.470682144951206283e+03	2.133661885189089558e-01	1.414318743591229388e-01	2.767830919006419865e-01	1.677915070484280735e-01	7.874467271492166520e-02	3.476510114524578032e-02	8.711756431242904941e-02
1.473101030058033530e+03	2.131193840554658492e-01	1.412734970601588758e-01	2.769412581527114225e-01	1.678925386010233223e-01	7.878586119049381387e-02	3.479883970612856342e-02	8.718862123371662332e-02
1.475519915164861459e+03	2.128733203900768922e-01	1.411155335977155589e-01	2.770989581441639094e-01	1.679932763693092190e-01	7.882693120477078652e-02	3.483249420974932065e-02	8.725948608391279060e-02
1.477938800271689161e+03	2.126279953116673727e-01	1.409579828637526344e-01	2.772561933954257873e-01	1.680937212665105929e-01	7.886788311328551959e-02	3.486606475343031336e-02	8.733015929562625013e-02
1.480357685378516862e+03	2.123834066158370171e-01	1.408008437533332380e-01	2.774129654199422035e-01	1.681938742026982403e-01	7.890871727047923945e-02	3.489955143593926473e-02	8.740064130146923960e-02
1.482776570485344337e+03	2.121395521048384525e-01	1.406441151646139476e-01	2.775692757242299025e-01	1.682937360848031916e-01	7.894943402970509838e-02	3.493295435746371358e-02	8.747093253404414348e-02
