1.301360187473271253e+03	2.356274453829443338e-01	1.508295091643100660e-01	2.603332071948319393e-01	1.613709257428076471e-01	7.656387496716948737e-02	3.187684379892906372e-02	8.339819374870380275e-02
1.306197957686926657e+03	2.350472157661392392e-01	1.504224433631068947e-01	2.607052449713803677e-01	1.616291074519246029e-01	7.667643563773722526e-02	3.194860002583035929e-02	8.357095278357766499e-02
1.311035727900581833e+03	2.344703372624016013e-01	1.500176253303497631e-01	2.610751260039863575e-01	1.618857482299811690e-01	7.678834579419038797e-02	3.202010006906168271e-02	8.374271730972539241e-02
1.315873498114237009e+03	2.338967884584280121e-01	1.496150442843618145e-01	2.614428637188454529e-01	1.621408582736583170e-01	7.689960913752484639e-02	3.209134324281778805e-02	8.391349288406016460e-02
1.320711268327892412e+03	2.333265481464685820e-01	1.492146894351612241e-01	2.618084714319457995e-01	1.623944476979358731e-01	7.701022935626575250e-02	3.216232889653315025e-02	8.408328503538610443e-02
1.325549038541547588e+03	2.327595953202517554e-01	1.488165499869513186e-01	2.621719623510881947e-01	1.626465265367498247e-01	7.712021012602746084e-02	3.223305641419133005e-02	8.425209926443660846e-02
1.330386808755202765e+03	2.321959091710331935e-01	1.484206151405116636e-01	2.625333495778237602e-01	1.628971047436612030e-01	7.722955510910223254e-02	3.230352521364759227e-02	8.441994104391686848e-02
1.335224578968857941e+03	2.316354690837647001e-01	1.480268740954927831e-01	2.628926461093135658e-01	1.631461921925344838e-01	7.733826795407644505e-02	3.237373474596440259e-02	8.458681581855016784e-02
1.340062349182513572e+03	2.310782546333789156e-01	1.476353160526185093e-01	2.632498648401148111e-01	1.633937986782244556e-01	7.744635229547247590e-02	3.244368449475949767e-02	8.475272900512793861e-02
1.344900119396168748e+03	2.305242455811860047e-01	1.472459302157991534e-01	2.636050185638967869e-01	1.636399339172698031e-01	7.755381175341534428e-02	3.251337397556618158e-02	8.491768599256330208e-02
1.349737889609823924e+03	2.299734218713786194e-01	1.468587057941583007e-01	2.639581199750911655e-01	1.638846075485926035e-01	7.766064993332225108e-02	3.258280273520559878e-02	8.508169214194812036e-02
1.354575659823479100e+03	2.294257636276409440e-01	1.464736320039770057e-01	2.643091816704786767e-01	1.641278291342019580e-01	7.776687042561429564e-02	3.265197035117067825e-02	8.524475278661311495e-02
1.359413430037134731e+03	2.288812511498589386e-01	1.460906980705576064e-01	2.646582161507172737e-01	1.643696081599012315e-01	7.787247680544888417e-02	3.272087643102147836e-02	8.540687323219128824e-02
1.364251200250789907e+03	2.283398649109279477e-01	1.457098932300105731e-01	2.650052358218132342e-01	1.646099540359975966e-01	7.797747263247167826e-02	3.278952061179161298e-02	8.556805875668413441e-02
1.369088970464445310e+03	2.278015855536545120e-01	1.453312067309668609e-01	2.653502529965388601e-01	1.648488760980128531e-01	7.808186145058736150e-02	3.285790255940559262e-02	8.572831461053077862e-02
1.373926740678100487e+03	2.272663938877491074e-01	1.449546278362183749e-01	2.656932798957998276e-01	1.650863836073950819e-01	7.818564678774785059e-02	3.292602196810676812e-02	8.588764601667980836e-02
1.378764510891755890e+03	2.267342708869068413e-01	1.445801458242896576e-01	2.660343286499539661e-01	1.653224857522299085e-01	7.828883215575724308e-02	3.299387855989562718e-02	8.604605817066361684e-02
1.383602281105411066e+03	2.262051976859730529e-01	1.442077499909423244e-01	2.663734113000844617e-01	1.655571916479509353e-01	7.839142105009253014e-02	3.306147208397827719e-02	8.620355624067529976e-02
1.388440051319066470e+03	2.256791555781910152e-01	1.438374296506156058e-01	2.667105397992297067e-01	1.657905103380485912e-01	7.849341694973926975e-02	3.312880231622482990e-02	8.636014536764781424e-02
1.393277821532721646e+03	2.251561260125290176e-01	1.434691741378047447e-01	2.670457260135721822e-01	1.660224507947766770e-01	7.859482331704135960e-02	3.319586905863747966e-02	8.651583066533542754e-02
1.398115591746377049e+03	2.246360905910838035e-01	1.431029728083794972e-01	2.673789817235876498e-01	1.662530219198562753e-01	7.869564359756424377e-02	3.326267213882810880e-02	8.667061722039727523e-02
1.402953361960032225e+03	2.241190310665585328e-01	1.427388150408453182e-01	2.677103186251578726e-01	1.664822325451763008e-01	7.879588121997074812e-02	3.332921140950513561e-02	8.682451009248291773e-02
1.407791132173687402e+03	2.236049293398118532e-01	1.423766902375486754e-01	2.680397483306476425e-01	1.667100914334904982e-01	7.889553959590890619e-02	3.339548674796952166e-02	8.697751431431982594e-02
1.412628902387342805e+03	2.230937674574763885e-01	1.420165878258289327e-01	2.683672823699478904e-01	1.669366072791100553e-01	7.899462211991120641e-02	3.346149805561962620e-02	8.712963489180279575e-02
1.417466672600997981e+03	2.225855276096442292e-01	1.416584972591187208e-01	2.686929321914877100e-01	1.671617887085919685e-01	7.909313216930449753e-02	3.352724525746481055e-02	8.728087680408490312e-02
1.422304442814653157e+03	2.220801921276166213e-01	1.413024080179944297e-01	2.690167091632154062e-01	1.673856442814223300e-01	7.919107310413012191e-02	3.359272830164759804e-02	8.743124500367030483e-02
1.427142213028308333e+03	2.215777434817166047e-01	1.409483096111787681e-01	2.693386245735505669e-01	1.676081824906945905e-01	7.928844826707365234e-02	3.365794715897416078e-02	8.758074441650849640e-02
1.431979983241963964e+03	2.210781642791615764e-01	1.405961915764972481e-01	2.696586896323089899e-01	1.678294117637822713e-01	7.938526098340376036e-02	3.372290182245303580e-02	8.772937994209004109e-02
1.436817753455619140e+03	2.205814372619946395e-01	1.402460434817898727e-01	2.699769154716010755e-01	1.680493404630059862e-01	7.948151456091973044e-02	3.378759230684187653e-02	8.787715645354379768e-02
1.441655523669274316e+03	2.200875453050721020e-01	1.398978549257800796e-01	2.702933131467057382e-01	1.682679768862945791e-01	7.957721228990705109e-02	3.385201864820207990e-02	8.802407879773536947e-02
1.446493293882929493e+03	2.195964714141056540e-01	1.395516155389023849e-01	2.706078936369199495e-01	1.684853292678402392e-01	7.967235744310081913e-02	3.391618090346112946e-02	8.817015179536684399e-02
1.451331064096585123e+03	2.191081987237572803e-01	1.392073149840899748e-01	2.709206678463860762e-01	1.687014057787471488e-01	7.976695327565637428e-02	3.398007914998251583e-02	8.831538024107772611e-02
1.456168834310240300e+03	2.186227104957850220e-01	1.388649429575240235e-01	2.712316466048971253e-01	1.689162145276737748e-01	7.986100302512695592e-02	3.404371348514308865e-02	8.845976890354703692e-02
1.461006604523895703e+03	2.181399901172384748e-01	1.385244891893459840e-01	2.715408406686821707e-01	1.691297635614687489e-01	7.995450991144777142e-02	3.410708402591768051e-02	8.860332252559628696e-02
1.465844374737550879e+03	2.176600210987013340e-01	1.381859434443341583e-01	2.718482607211710200e-01	1.693420608657997262e-01	8.004747713692633715e-02	3.417019090847091267e-02	8.874604582429364286e-02
1.470682144951206283e+03	2.171827870725807907e-01	1.378492955225460725e-01	2.721539173737409500e-01	1.695531143657758311e-01	8.013990788623866213e-02	3.423303428775596041e-02	8.888794349105888504e-02
1.475519915164861459e+03	2.167082717914407819e-01	1.375145352599276005e-01	2.724578211664452909e-01	1.697629319265630543e-01	8.023180532643091334e-02	3.429561433712025736e-02	8.902902019176930914e-02
1.480357685378516862e+03	2.162364591263790381e-01	1.371816525288903632e-01	2.727599825687244128e-01	1.699715213539927938e-01	8.032317260692635463e-02	3.435793124791790970e-02	8.916928056686632131e-02
1.485195455592172038e+03	2.157673330654454324e-01	1.368506372388582082e-01	2.730604119801011143e-01	1.701788903951634846e-01	8.041401285953723999e-02	3.441998522912876474e-02	8.930872923146297715e-02
1.490033225805827215e+03	2.153008777121008244e-01	1.365214793367844348e-01	2.733591197308594123e-01	1.703850467390352064e-01	8.050432919848131419e-02	3.448177650698399516e-02	8.944737077545200643e-02
1.494870996019482618e+03	2.148370772837149001e-01	1.361941688076402923e-01	2.736561160827091777e-01	1.705899980170172414e-01	8.059412472040285158e-02	3.454330532459803232e-02	8.958520976361469823e-02
1.499708766233137567e+03	2.143759161101018995e-01	1.358686956748760277e-01	2.739514112294358372e-01	1.707937518035486935e-01	8.068340250439767769e-02	3.460457194160684175e-02	8.972225073573023013e-02
1.504546536446793198e+03	2.139173786320927861e-01	1.355450500008558157e-01	2.742450152975364208e-01	1.709963156166719456e-01	8.077216561204236811e-02	3.466557663381229087e-02	8.985849820668560806e-02
1.509384306660448374e+03	2.134614494001426666e-01	1.352232218872669312e-01	2.745369383468425628e-01	1.711976969185992903e-01	8.086041708742691680e-02	3.472631969283263009e-02	8.999395666658618897e-02
1.514222076874103550e+03	2.130081130729726269e-01	1.349032014755047471e-01	2.748271903711310138e-01	1.713979031162723154e-01	8.094815995719110979e-02	3.478680142575887868e-02	9.012863058086657830e-02
1.519059847087758726e+03	2.125573544162445982e-01	1.345849789470336400e-01	2.751157812987213291e-01	1.715969415619146288e-01	8.103539723056409072e-02	3.484702215481707416e-02	9.026252439040198527e-02
1.523897617301414357e+03	2.121091583012681137e-01	1.342685445237259967e-01	2.754027209930626774e-01	1.717948195535771716e-01	8.112213189940711833e-02	3.490698221703625315e-02	9.039564251161998076e-02
1.528735387515069533e+03	2.116635097037383173e-01	1.339538884681786557e-01	2.756880192533093243e-01	1.719915443356771212e-01	8.120836693825921049e-02	3.496668196392205274e-02	9.052798933661267144e-02
1.533573157728724709e+03	2.112203937025037559e-01	1.336410010840086704e-01	2.759716858148848484e-01	1.721871230995294932e-01	8.129410530438563320e-02	3.502612176113591852e-02	9.065956923324899885e-02
1.538410927942380113e+03	2.107797954783632854e-01	1.333298727161288388e-01	2.762537303500369745e-01	1.723815629838721941e-01	8.137934993782892923e-02	3.508530198817963464e-02	9.079038654528753804e-02
1.543248698156035516e+03	2.103417003128911222e-01	1.330204937510036101e-01	2.765341624683814170e-01	1.725748710753840787e-01	8.146410376146244470e-02	3.514422303808535653e-02	9.092044559248939339e-02
1.548086468369690692e+03	2.099060935872892053e-01	1.327128546168864776e-01	2.768129917174368959e-01	1.727670544091964855e-01	8.154836968104617334e-02	3.520288531711078528e-02	9.104975067073139972e-02
1.552924238583346096e+03	2.094729607812656214e-01	1.324069457840391373e-01	2.770902275831510497e-01	1.729581199693979998e-01	8.163215058528471013e-02	3.526128924443956009e-02	9.117830605211939277e-02
1.557762008797001272e+03	2.090422874719388702e-01	1.321027577649334928e-01	2.773658794904165781e-01	1.731480746895325828e-01	8.171544934588741149e-02	3.531943525188672994e-02	9.130611598510178506e-02
1.562599779010656675e+03	2.086140593327666659e-01	1.318002811144367292e-01	2.776399568035802790e-01	1.733369254530912340e-01	8.179826881763024859e-02	3.537732378360922830e-02	9.143318469458314168e-02
1.567437549224311852e+03	2.081882621324986915e-01	1.314995064299807059e-01	2.779124688269423160e-01	1.735246790939970751e-01	8.188061183841967294e-02	3.543495529582122577e-02	9.155951638203786713e-02
1.572275319437967255e+03	2.077648817341525012e-01	1.312004243517155833e-01	2.781834248052487690e-01	1.737113423970842729e-01	8.196248122935803626e-02	3.549233025651436779e-02	9.168511522562400318e-02
1.577113089651622431e+03	2.073439040940119049e-01	1.309030255626488781e-01	2.784528339241760797e-01	1.738969220985703001e-01	8.204387979481060633e-02	3.554944914518271687e-02	9.180998538029705447e-02
1.581950859865277607e+03	2.069253152606471413e-01	1.306073007887700588e-01	2.787207053108076704e-01	1.740814248865222846e-01	8.212481032247415103e-02	3.560631245255237859e-02	9.193413097792384192e-02
1.586788630078933011e+03	2.065091013739560888e-01	1.303132407991615394e-01	2.789870480341041792e-01	1.742648574013170026e-01	8.220527558344679908e-02	3.566292068031572809e-02	9.205755612739627280e-02
1.591626400292587959e+03	2.060952486642257109e-01	1.300208364060964628e-01	2.792518711053661451e-01	1.744472262360946546e-01	8.228527833229924704e-02	3.571927434087013298e-02	9.218026491474522188e-02
1.596464170506243590e+03	2.056837434512137075e-01	1.297300784651239380e-01	2.795151834786905320e-01	1.746285379372069235e-01	8.236482130714714578e-02	3.577537395706113788e-02	9.230226140325424600e-02
1.601301940719898766e+03	2.052745721432487902e-01	1.294409578751418988e-01	2.797769940514200915e-01	1.748087990046589268e-01	8.244390722972462504e-02	3.583122006193002057e-02	9.242354963357325703e-02
1.606139710933553943e+03	2.048677212363499700e-01	1.291534655784584151e-01	2.800373116645873961e-01	1.749880158925452567e-01	8.252253880545887266e-02	3.588681319846562245e-02	9.254413362383213937e-02
1.610977481147209119e+03	2.044631773133636088e-01	1.288675925608417927e-01	2.802961451033516571e-01	1.751661950094803577e-01	8.260071872354560196e-02	3.594215391936041865e-02	9.266401736975420078e-02
1.615815251360864750e+03	2.040609270431179567e-01	1.285833298515598466e-01	2.805535030974307675e-01	1.753433427190232152e-01	8.267844965702551840e-02	3.599724278677073758e-02	9.278320484476955399e-02
1.620653021574519926e+03	2.036609571795948148e-01	1.283006685234087674e-01	2.808093943215268506e-01	1.755194653400962979e-01	8.275573426286152168e-02	3.605208037208111616e-02	9.290170000012831775e-02
1.625490791788175102e+03	2.032632545611171293e-01	1.280195996927321056e-01	2.810638273957464239e-01	1.756945691473990601e-01	8.283257518201674052e-02	3.610666725567258928e-02	9.301950676501365145e-02
1.630328562001830505e+03	2.028678061095530727e-01	1.277401145194302645e-01	2.813168108860153449e-01	1.758686603718159769e-01	8.290897503953324754e-02	3.616100402669502473e-02	9.313662904665465092e-02
1.635166332215485909e+03	2.024745988295351962e-01	1.274622042069608052e-01	2.815683533044885944e-01	1.760417452008193606e-01	8.298493644461134300e-02	3.621509128284328832e-02	9.325307073043895278e-02
1.640004102429141085e+03	2.020836198076945145e-01	1.271858600023298425e-01	2.818184631099546200e-01	1.762138297788665153e-01	8.306046199068950475e-02	3.626892963013728793e-02	9.336883568002529721e-02
1.644841872642796488e+03	2.016948562119093291e-01	1.269110731960751137e-01	2.820671487082347939e-01	1.763849202077920897e-01	8.313555425552489331e-02	3.632251968270575754e-02	9.348392773745566042e-02
1.649679642856451665e+03	2.013082952905679568e-01	1.266378351222410825e-01	2.823144184525782641e-01	1.765550225471950174e-01	8.321021580127423156e-02	3.637586206257374666e-02	9.359835072326734562e-02
1.654517413070107068e+03	2.009239243718451418e-01	1.263661371583460757e-01	2.825602806440521975e-01	1.767241428148205729e-01	8.328444917457521190e-02	3.642895739945377354e-02	9.371210843660467138e-02
1.659355183283762244e+03	2.005417308629919571e-01	1.260959707253420659e-01	2.828047435319269720e-01	1.768922869869373748e-01	8.335825690662823639e-02	3.648180633054060040e-02	9.382520465533050746e-02
1.664192953497417420e+03	2.001617022496380571e-01	1.258273272875674309e-01	2.830478153140572606e-01	1.770594609987095336e-01	8.343164151327855937e-02	3.653440950030945045e-02	9.393764313613746364e-02
1.669030723711072824e+03	1.997838260951069478e-01	1.255601983526927756e-01	2.832895041372587297e-01	1.772256707445640234e-01	8.350460549509866603e-02	3.658676756031778443e-02	9.404942761465885648e-02
1.673868493924728000e+03	1.994080900397432188e-01	1.252945754716602300e-01	2.835298180976805194e-01	1.773909220785531704e-01	8.357715133747097014e-02	3.663888116901046349e-02	9.416056180557930144e-02
1.678706264138383403e+03	1.990344818002513227e-01	1.250304502386165306e-01	2.837687652411734485e-01	1.775552208147126443e-01	8.364928151067069217e-02	3.669075099152829117e-02	9.427104940274505518e-02
1.683544034352038352e+03	1.986629891690460115e-01	1.247678142908401067e-01	2.840063535636542236e-01	1.777185727274147864e-01	8.372099846994895955e-02	3.674237769951985144e-02	9.438089407927408026e-02
1.688381804565693983e+03	1.982936000136139298e-01	1.245066593086623929e-01	2.842425910114658727e-01	1.778809835517175253e-01	8.379230465561607333e-02	3.679376197095661494e-02	9.449009948766566580e-02
1.693219574779349159e+03	1.979263022758857848e-01	1.242469770153837583e-01	2.844774854817339604e-01	1.780424589837086846e-01	8.386320249312487207e-02	3.684490448995125789e-02	9.459866925990978448e-02
1.698057344993004335e+03	1.975610839716191169e-01	1.239887591771840075e-01	2.847110448227194723e-01	1.782030046808460166e-01	8.393369439315419289e-02	3.689580594657913132e-02	9.470660700759618578e-02
1.702895115206659511e+03	1.971979331897911747e-01	1.237319976030280544e-01	2.849432768341677025e-01	1.783626262622930170e-01	8.400378275169240183e-02	3.694646703670283194e-02	9.481391632202301745e-02
1.707732885420315142e+03	1.968368380920017813e-01	1.234766841445667229e-01	2.851741892676534773e-01	1.785213293092503262e-01	8.407346995012102142e-02	3.699688846179983309e-02	9.492060077430505838e-02
1.712570655633970318e+03	1.964777869118856934e-01	1.232228106960329278e-01	2.854037898269232154e-01	1.786791193652832455e-01	8.414275835529823333e-02	3.704707092879314795e-02	9.502666391548174329e-02
1.717408425847625494e+03	1.961207679545344806e-01	1.229703691941335664e-01	2.856320861682329904e-01	1.788360019366450060e-01	8.421165031964251979e-02	3.709701514988491405e-02	9.513210927662474337e-02
1.722246196061280898e+03	1.957657695959271749e-01	1.227193516179372196e-01	2.858590859006837626e-01	1.789919824925958747e-01	8.428014818121616625e-02	3.714672184239291991e-02	9.523694036894507498e-02
1.727083966274936301e+03	1.954127802823701632e-01	1.224697499887578561e-01	2.860847965865527254e-01	1.791470664657187351e-01	8.434825426380875013e-02	3.719619172858998346e-02	9.534116068389998644e-02
1.731921736488591478e+03	1.950617885299452958e-01	1.222215563700346785e-01	2.863092257416219311e-01	1.793012592522302828e-01	8.441597087702053248e-02	3.724542553554616858e-02	9.544477369329930350e-02
1.736759506702246881e+03	1.947127829239665431e-01	1.219747628672085277e-01	2.865323808355033641e-01	1.794545662122887519e-01	8.448330031634575243e-02	3.729442399497374938e-02	9.554778284941149724e-02
1.741597276915902057e+03	1.943657521184447290e-01	1.217293616275946372e-01	2.867542692919609060e-01	1.796069926702978659e-01	8.455024486325581068e-02	3.734318784307498473e-02	9.565019158506925245e-02
1.746435047129557461e+03	1.940206848355602032e-01	1.214853448402523212e-01	2.869748984892293575e-01	1.797585439152069031e-01	8.461680678528227251e-02	3.739171782039246023e-02	9.575200331377474450e-02
1.751272817343212637e+03	1.936775698651432565e-01	1.212427047358512894e-01	2.871942757603301866e-01	1.799092252008072379e-01	8.468298833609980147e-02	3.744001467166219871e-02	9.585322142980434723e-02
1.756110587556867813e+03	1.933363960641618085e-01	1.210014335865352980e-01	2.874124083933846108e-01	1.800590417460253556e-01	8.474879175560880162e-02	3.748807914566930355e-02	9.595384930831310499e-02
1.760948357770523216e+03	1.929971523562166169e-01	1.207615237057827057e-01	2.876293036319238494e-01	1.802079987352123158e-01	8.481421927001800420e-02	3.753591199510620396e-02	9.605389030543864948e-02
1.765786127984178393e+03	1.926598277310434815e-01	1.205229674482645313e-01	2.878449686751957670e-01	1.803561013184296902e-01	8.487927309192674907e-02	3.758351397643339836e-02	9.615334775840472803e-02
1.770623898197833569e+03	1.923244112440224973e-01	1.202857572096998895e-01	2.880594106784695740e-01	1.805033546117322807e-01	8.494395542040707181e-02	3.763088584974270262e-02	9.625222498562434337e-02
1.775461668411488745e+03	1.919908920156937204e-01	1.200498854267090937e-01	2.882726367533372525e-01	1.806497636974473131e-01	8.500826844108559655e-02	3.767802837862293391e-02	9.635052528680243533e-02
1.780299438625144376e+03	1.916592592312797161e-01	1.198153445766644565e-01	2.884846539680124278e-01	1.807953336244504106e-01	8.507221432622513735e-02	3.772494233002801622e-02	9.644825194303813243e-02
1.785137208838799552e+03	1.913295021402144080e-01	1.195821271775387995e-01	2.886954693476266320e-01	1.809400694084384309e-01	8.513579523480610534e-02	3.777162847414744506e-02	9.654540821692653152e-02
1.789974979052454728e+03	1.910016100556780616e-01	1.193502257877522427e-01	2.889050898745223472e-01	1.810839760321989178e-01	8.519901331260759658e-02	3.781808758427906980e-02	9.664199735266007507e-02
1.794812749266109904e+03	1.906755723541384284e-01	1.191196330060167174e-01	2.891135224885445498e-01	1.812270584458766931e-01	8.526187069228818860e-02	3.786432043670419356e-02	9.673802257612955369e-02
1.799650519479765535e+03	1.903513784748978310e-01	1.188903414711789536e-01	2.893207740873284806e-01	1.813693215672370906e-01	8.532436949346651478e-02	3.791032781056492135e-02	9.683348709502448415e-02
1.804488289693420711e+03	1.900290179196459650e-01	1.186623438620615228e-01	2.895268515265858600e-01	1.815107702819264424e-01	8.538651182280151963e-02	3.795611048774375634e-02	9.692839409893325153e-02
1.809326059907075887e+03	1.897084802520182800e-01	1.184356328973024536e-01	2.897317616203878843e-01	1.816514094437294280e-01	8.544829977407236710e-02	3.800166925274532648e-02	9.702274675944261295e-02
1.814163830120731291e+03	1.893897550971599675e-01	1.182102013351933323e-01	2.899355111414463337e-01	1.817912438748233994e-01	8.550973542825807128e-02	3.804700489258033141e-02	9.711654823023690986e-02
1.819001600334386467e+03	1.890728321412952773e-01	1.179860419735158789e-01	2.901381068213919612e-01	1.819302783660301237e-01	8.557082085361682189e-02	3.809211819665157123e-02	9.720980164719669747e-02
1.823839370548041643e+03	1.887577011313019415e-01	1.177631476493772172e-01	2.903395553510506599e-01	1.820685176770644731e-01	8.563155810576496274e-02	3.813700995664204285e-02	9.730251012849704118e-02
1.828677140761696819e+03	1.884443518742909829e-01	1.175415112390441053e-01	2.905398633807170228e-01	1.822059665367803394e-01	8.569194922775556778e-02	3.818168096640515985e-02	9.739467677470524387e-02
1.833514910975352450e+03	1.881327742371911027e-01	1.173211256577756934e-01	2.907390375204257915e-01	1.823426296434138838e-01	8.575199625015678118e-02	3.822613202185692893e-02	9.748630466887822643e-02
1.838352681189008081e+03	1.878229581463383702e-01	1.171019838596555340e-01	2.909370843402211970e-01	1.824785116648240668e-01	8.581170119112979666e-02	3.827036392087012490e-02	9.757739687665935302e-02
1.843190451402663257e+03	1.875148935870702416e-01	1.168840788374223283e-01	2.911340103704236904e-01	1.826136172387305412e-01	8.587106605650639268e-02	3.831437746317046394e-02	9.766795644637485396e-02
1.848028221616318433e+03	1.872085706033246033e-01	1.166674036222999783e-01	2.913298221018945089e-01	1.827479509729488250e-01	8.593009283986614844e-02	3.835817345023464359e-02	9.775798640912980453e-02
1.852865991829973609e+03	1.869039792972431169e-01	1.164519512838266269e-01	2.915245259862984661e-01	1.828815174456230042e-01	8.598878352261338232e-02	3.840175268519032542e-02	9.784748977890356247e-02
1.857703762043628785e+03	1.866011098287789494e-01	1.162377149296831003e-01	2.917181284363640770e-01	1.830143212054560209e-01	8.604714007405360465e-02	3.844511597271797754e-02	9.793646955264487253e-02
1.862541532257283961e+03	1.862999524153091113e-01	1.160246877055203796e-01	2.919106358261414624e-01	1.831463667719371025e-01	8.610516445146959574e-02	3.848826411895452798e-02	9.802492871036640187e-02
1.867379302470939592e+03	1.860004973312507637e-01	1.158128627947866696e-01	2.921020544912589778e-01	1.832776586355671922e-01	8.616285860019724796e-02	3.853119793139885008e-02	9.811287021523881768e-02
1.872217072684594768e+03	1.857027349076818545e-01	1.156022334185538569e-01	2.922923907291768986e-01	1.834082012580816046e-01	8.622022445370081112e-02	3.857391821881901717e-02	9.820029701368453157e-02
1.877054842898249490e+03	1.854066555319655307e-01	1.153927928353432608e-01	2.924816507994391634e-01	1.835379990726705990e-01	8.627726393364792967e-02	3.861642579116130597e-02	9.828721203547080565e-02
1.881892613111905121e+03	1.851122496473788792e-01	1.151845343409510919e-01	2.926698409239236187e-01	1.836670564841972886e-01	8.633397894998420807e-02	3.865872145946095545e-02	9.837361819380252559e-02
1.886730383325560297e+03	1.848195077527453323e-01	1.149774512682734673e-01	2.928569672870897089e-01	1.837953778694135787e-01	8.639037140100742918e-02	3.870080603575454942e-02	9.845951838541446011e-02
1.891568153539215928e+03	1.845284204020709029e-01	1.147715369871310093e-01	2.930430360362245579e-01	1.839229675771736350e-01	8.644644317344127304e-02	3.874268033299414771e-02	9.854491549066307643e-02
1.896405923752871104e+03	1.842389782041840562e-01	1.145667849040932079e-01	2.932280532816865515e-01	1.840498299286451311e-01	8.650219614250881373e-02	3.878434516496299944e-02	9.862981237361788389e-02
1.901243693966526507e+03	1.839511718223793557e-01	1.143631884623024508e-01	2.934120250971476995e-01	1.841759692175184426e-01	8.655763217200544701e-02	3.882580134619290774e-02	9.871421188215233344e-02
1.906081464180181683e+03	1.836649919740648007e-01	1.141607411412978723e-01	2.935949575198336658e-01	1.843013897102134535e-01	8.661275311437151292e-02	3.886704969188319037e-02	9.879811684803421756e-02
1.910919234393836859e+03	1.833804294304120786e-01	1.139594364568390639e-01	2.937768565507618002e-01	1.844260956460844758e-01	8.666756081076448792e-02	3.890809101782116003e-02	9.888153008701569546e-02
1.915757004607492036e+03	1.830974750160109799e-01	1.137592679607295765e-01	2.939577281549776711e-01	1.845500912376228375e-01	8.672205709113074701e-02	3.894892614030419364e-02	9.896445439892276319e-02
1.920594774821147894e+03	1.828161196085267282e-01	1.135602292406404507e-01	2.941375782617894896e-01	1.846733806706575831e-01	8.677624377427697877e-02	3.898955587606328654e-02	9.904689256774430739e-02
1.925432545034802843e+03	1.825363541383605848e-01	1.133623139199335800e-01	2.943164127650005901e-01	1.847959681045540370e-01	8.683012266794112866e-02	3.902998104218812631e-02	9.912884736172074274e-02
1.930270315248458019e+03	1.822581695883138952e-01	1.131655156574851301e-01	2.944942375231406895e-01	1.849178576724104239e-01	8.688369556886302303e-02	3.907020245605359599e-02	9.921032153343209425e-02
1.935108085462113195e+03	1.819815569932550781e-01	1.129698281475090271e-01	2.946710583596943711e-01	1.850390534812524634e-01	8.693696426285438261e-02	3.911022093524776921e-02	9.929131781988576044e-02
1.939945855675768371e+03	1.817065074397899160e-01	1.127752451193803768e-01	2.948468810633289028e-01	1.851595596122259657e-01	8.698993052486876654e-02	3.915003729750127226e-02	9.937183894260366579e-02
1.944783625889424002e+03	1.814330120659347345e-01	1.125817603374591330e-01	2.950217113881195008e-01	1.852793801207876512e-01	8.704259611907071148e-02	3.918965236061809632e-02	9.945188760770908021e-02
1.949621396103079178e+03	1.811610620607924937e-01	1.123893676009138365e-01	2.951955550537730955e-01	1.853985190368939995e-01	8.709496279890477366e-02	3.922906694240776287e-02	9.953146650601291112e-02
1.954459166316734354e+03	1.808906486642321010e-01	1.121980607435454219e-01	2.953684177458507087e-01	1.855169803651881555e-01	8.714703230716398796e-02	3.926828186061882137e-02	9.961057831309966248e-02
1.959296936530389530e+03	1.806217631665703316e-01	1.120078336336113589e-01	2.955403051159875005e-01	1.856347680851851700e-01	8.719880637605800788e-02	3.930729793287372070e-02	9.968922568941276929e-02
1.964134706744044706e+03	1.803543969082566367e-01	1.118186801736499453e-01	2.957112227821117045e-01	1.857518861514552977e-01	8.725028672728071810e-02	3.934611597660497839e-02	9.976741128033961292e-02
1.968972476957700337e+03	1.800885412795607821e-01	1.116305943003047946e-01	2.958811763286615104e-01	1.858683384938055738e-01	8.730147507207755564e-02	3.938473680899261253e-02	9.984513771629602297e-02
1.973810247171355968e+03	1.798241877202631511e-01	1.114435699841496846e-01	2.960501713068009466e-01	1.859841290174595041e-01	8.735237311131235916e-02	3.942316124690288526e-02	9.992240761281040440e-02
1.978648017385010689e+03	1.795613277193477131e-01	1.112576012295136835e-01	2.962182132346329877e-01	1.860992616032352831e-01	8.740298253553378804e-02	3.946139010682823967e-02	9.999922357060729572e-02
1.983485787598666320e+03	1.792999528146976829e-01	1.110726820743064835e-01	2.963853075974122175e-01	1.862137401077220145e-01	8.745330502504143622e-02	3.949942420482856209e-02	1.000755881756905941e-01
1.988323557812321269e+03	1.790400545927937348e-01	1.108888065898443048e-01	2.965514598477552721e-01	1.863275683634544322e-01	8.750334224995139076e-02	3.953726435647352683e-02	1.001515039994263778e-01
1.993161328025976900e+03	1.787816246884147142e-01	1.107059688806758535e-01	2.967166754058499500e-01	1.864407501790858179e-01	8.755309587026145757e-02	3.957491137678621068e-02	1.002269735986250909e-01
1.997999098239632076e+03	1.785246547843409026e-01	1.105241630844089329e-01	2.968809596596624356e-01	1.865532893395594749e-01	8.760256753591597056e-02	3.961236608018790795e-02	1.003019995156234495e-01
2.002836868453287707e+03	1.782691366110596420e-01	1.103433833715373596e-01	2.970443179651434673e-01	1.866651896062784532e-01	8.765175888687022632e-02	3.964962928044399315e-02	1.003765842783659323e-01
2.007674638666942428e+03	1.780150619464735406e-01	1.101636239452682686e-01	2.972067556464327298e-01	1.867764547172734990e-01	8.770067155315440510e-02	3.968670179061098424e-02	1.004507304004856882e-01
2.012512408880597604e+03	1.777624226156109544e-01	1.099848790413498895e-01	2.973682779960613032e-01	1.868870883873699207e-01	8.774930715493724220e-02	3.972358442298474374e-02	1.005244403813850967e-01
2.017350179094252780e+03	1.775112104903386889e-01	1.098071429278997813e-01	2.975288902751535569e-01	1.869970943083523462e-01	8.779766730258914409e-02	3.976027798904969990e-02	1.005977167063159539e-01
2.022187949307908411e+03	1.772614174890773109e-01	1.096304099052335668e-01	2.976885977136267125e-01	1.871064761491283979e-01	8.784575359674495765e-02	3.979678329942922671e-02	1.006705618464590890e-01
2.027025719521564042e+03	1.770130355765183461e-01	1.094546743056940968e-01	2.978474055103892959e-01	1.872152375558905346e-01	8.789356762836636472e-02	3.983310116383699528e-02	1.007429782590036488e-01
2.031863489735218764e+03	1.767660567633441149e-01	1.092799304934811561e-01	2.980053188335380354e-01	1.873233821522765907e-01	8.794111097880384642e-02	3.986923239102948407e-02	1.008149683872259367e-01
2.036701259948874394e+03	1.765204731059493715e-01	1.091061728644817236e-01	2.981623428205537607e-01	1.874309135395288706e-01	8.798838521985827277e-02	3.990517778875940502e-02	1.008865346605677948e-01
2.041539030162529116e+03	1.762762767061653579e-01	1.089333958461006363e-01	2.983184825784948591e-01	1.875378352966515505e-01	8.803539191384203433e-02	3.994093816373019828e-02	1.009576794947145972e-01
2.046376800376184747e+03	1.760334597109859678e-01	1.087615938970920154e-01	2.984737431841902322e-01	1.876441509805668872e-01	8.808213261363982693e-02	3.997651432155151230e-02	1.010284052916727571e-01
2.051214570589840150e+03	1.757920143122958523e-01	1.085907615073910260e-01	2.986281296844308097e-01	1.877498641262699552e-01	8.812860886276902006e-02	4.001190706669566222e-02	1.010987144398469012e-01
2.056052340803495554e+03	1.755519327466008028e-01	1.084208931979463164e-01	2.987816470961588977e-01	1.878549782469820240e-01	8.817482219543965050e-02	4.004711720245503898e-02	1.011686093141165588e-01
2.060890111017150957e+03	1.753132072947600484e-01	1.082519835205530689e-01	2.989343004066569720e-01	1.879594968343022976e-01	8.822077413661395806e-02	4.008214553090046900e-02	1.012380922759124058e-01
2.065727881230805451e+03	1.750758302817206347e-01	1.080840270576865769e-01	2.990860945737350285e-01	1.880634233583586834e-01	8.826646620206565763e-02	4.011699285284049676e-02	1.013071656732922321e-01
2.070565651444461309e+03	1.748397940762536906e-01	1.079170184223363776e-01	2.992370345259157127e-01	1.881667612679570056e-01	8.831189989843869770e-02	4.015165996778160412e-02	1.013758318410162979e-01
2.075403421658116713e+03	1.746050910906926934e-01	1.077509522578411760e-01	2.993871251626193386e-01	1.882695139907288318e-01	8.835707672330567197e-02	4.018614767388931780e-02	1.014440931006224123e-01
2.080241191871772116e+03	1.743717137806737594e-01	1.075858232377241569e-01	2.995363713543467421e-01	1.883716849332782162e-01	8.840199816522582854e-02	4.022045676795018426e-02	1.015119517605005683e-01
2.085078962085427065e+03	1.741396546448777671e-01	1.074216260655291300e-01	2.996847779428611358e-01	1.884732774813269174e-01	8.844666570380274595e-02	4.025458804533463969e-02	1.015794101159671475e-01
2.089916732299082469e+03	1.739089062247742290e-01	1.072583554746571743e-01	2.998323497413685201e-01	1.885742949998584495e-01	8.849108080974160684e-02	4.028854229996070568e-02	1.016464704493387355e-01
2.094754502512737417e+03	1.736794611043672998e-01	1.070960062282039355e-01	2.999790915346971509e-01	1.886747408332609677e-01	8.853524494490598584e-02	4.032232032425858703e-02	1.017131350300055082e-01
2.099592272726392821e+03	1.734513119099433121e-01	1.069345731187976989e-01	3.001250080794750086e-01	1.887746183054686833e-01	8.857915956237448485e-02	4.035592290913601887e-02	1.017794061145042561e-01
2.104430042940048224e+03	1.732244513098203931e-01	1.067740509684379363e-01	3.002701041043068786e-01	1.888739307201021678e-01	8.862282610649672987e-02	4.038935084394448122e-02	1.018452859465909244e-01
2.109267813153704083e+03	1.729988720140996084e-01	1.066144346283346422e-01	3.004143843099493782e-01	1.889726813606076028e-01	8.866624601294917363e-02	4.042260491644621145e-02	1.019107767573128875e-01
2.114105583367359031e+03	1.727745667744180758e-01	1.064557189787483094e-01	3.005578533694855392e-01	1.890708734903945309e-01	8.870942070879045405e-02	4.045568591278196624e-02	1.019758807650806565e-01
2.118943353581013525e+03	1.725515283837037450e-01	1.062978989288305004e-01	3.007005159284972806e-01	1.891685103529726075e-01	8.875235161251643357e-02	4.048859461743960220e-02	1.020406001757393488e-01
2.123781123794669384e+03	1.723297496759318426e-01	1.061409694164653084e-01	3.008423766052373827e-01	1.892655951720872143e-01	8.879504013411471108e-02	4.052133181322339212e-02	1.021049371826396324e-01
2.128618894008324787e+03	1.721092235258831205e-01	1.059849254081111913e-01	3.009834399907998503e-01	1.893621311518537687e-01	8.883748767511900901e-02	4.055389828122409751e-02	1.021688939667083490e-01
2.133456664221980191e+03	1.718899428489036318e-01	1.058297618986438204e-01	3.011237106492894444e-01	1.894581214768910060e-01	8.887969562866303297e-02	4.058629480078976975e-02	1.022324726965187225e-01
2.138294434435635139e+03	1.716719006006663661e-01	1.056754739111993024e-01	3.012631931179892142e-01	1.895535693124530408e-01	8.892166537953395677e-02	4.061852214949730755e-02	1.022956755283602193e-01
2.143132204649290543e+03	1.714550897769342719e-01	1.055220564970183461e-01	3.014018919075279745e-01	1.896484778045605391e-01	8.896339830422562989e-02	4.065058110312465278e-02	1.023585046063079235e-01
2.147969974862945492e+03	1.712395034133252225e-01	1.053695047352910807e-01	3.015398115020457848e-01	1.897428500801304208e-01	8.900489577099139626e-02	4.068247243562377741e-02	1.024209620622916483e-01
2.152807745076601350e+03	1.710251345850782034e-01	1.052178137330024021e-01	3.016769563593585390e-01	1.898366892471048395e-01	8.904615913989652465e-02	4.071419691909429484e-02	1.024830500161645203e-01
2.157645515290255844e+03	1.708119764068214141e-01	1.050669786247782900e-01	3.018133309111214468e-01	1.899299983945787751e-01	8.908718976287029190e-02	4.074575532375776521e-02	1.025447705757713546e-01
2.162483285503912157e+03	1.706000220323417860e-01	1.049169945727326109e-01	3.019489395629911255e-01	1.900227805929268765e-01	8.912798898375776102e-02	4.077714841793267375e-02	1.026061258370164764e-01
2.167321055717567106e+03	1.703892646543560541e-01	1.047678567663147264e-01	3.020837866947870820e-01	1.901150388939288893e-01	8.916855813837117062e-02	4.080837696801005443e-02	1.026671178839312915e-01
2.172158825931222509e+03	1.701796975042833560e-01	1.046195604221578368e-01	3.022178766606515299e-01	1.902067763308944726e-01	8.920889855454092188e-02	4.083944173842975200e-02	1.027277487887414131e-01
2.176996596144877003e+03	1.699713138520192457e-01	1.044721007839279903e-01	3.023512137892083174e-01	1.902979959187865444e-01	8.924901155216635740e-02	4.087034349165732244e-02	1.027880206119334422e-01
2.181834366358532861e+03	1.697641070057116230e-01	1.043254731221738146e-01	3.024838023837209122e-01	1.903887006543439619e-01	8.928889844326602654e-02	4.090108298816157173e-02	1.028479354023213582e-01
2.186672136572187810e+03	1.695580703115375509e-01	1.041796727341769424e-01	3.026156467222487767e-01	1.904788935162030350e-01	8.932856053202777036e-02	4.093166098639266365e-02	1.029074951971125085e-01
2.191509906785843214e+03	1.693531971534819880e-01	1.040346949438032825e-01	3.027467510578034093e-01	1.905685774650180409e-01	8.936799911485832082e-02	4.096207824276085208e-02	1.029667020219733331e-01
2.196347676999498617e+03	1.691494809531177701e-01	1.038905351013548056e-01	3.028771196185026660e-01	1.906577554435808786e-01	8.940721548043267797e-02	4.099233551161583083e-02	1.030255578910946046e-01
2.201185447213154021e+03	1.689469151693871185e-01	1.037471885834222035e-01	3.030067566077243590e-01	1.907464303769394742e-01	8.944621090974308464e-02	4.102243354522659008e-02	1.030840648072563759e-01
2.206023217426809424e+03	1.687454932983844802e-01	1.036046507927382426e-01	3.031356662042586914e-01	1.908346051725156589e-01	8.948498667614768198e-02	4.105237309376192495e-02	1.031422247618925120e-01
2.210860987640464373e+03	1.685452088731408393e-01	1.034629171580318252e-01	3.032638525624596904e-01	1.909222827202217421e-01	8.952354404541881805e-02	4.108215490527143687e-02	1.032000397351548748e-01
2.215698757854119776e+03	1.683460554634094442e-01	1.033219831338826888e-01	3.033913198123954214e-01	1.910094658925762245e-01	8.956188427579109268e-02	4.111177972566713162e-02	1.032575116959772304e-01
2.220536528067775180e+03	1.681480266754529496e-01	1.031818442005769942e-01	3.035180720599975346e-01	1.910961575448186789e-01	8.960000861800894445e-02	4.114124829870553779e-02	1.033146426021386427e-01
2.225374298281430583e+03	1.679511161518316975e-01	1.030424958639634958e-01	3.036441133872093134e-01	1.911823605150236860e-01	8.963791831537409882e-02	4.117056136597034566e-02	1.033714344003266450e-01
2.230212068495085077e+03	1.677553175711937183e-01	1.029039336553104755e-01	3.037694478521332786e-01	1.912680776242136893e-01	8.967561460379247507e-02	4.119971966685560122e-02	1.034278890262000233e-01
2.235049838708740936e+03	1.675606246480657313e-01	1.027661531311634679e-01	3.038940794891772934e-01	1.913533116764712938e-01	8.971309871182095441e-02	4.122872393854938589e-02	1.034840084044511416e-01
2.239887608922396339e+03	1.673670311326456994e-01	1.026291498732035679e-01	3.040180123091997255e-01	1.914380654590503439e-01	8.975037186071375961e-02	4.125757491601801663e-02	1.035397944488681277e-01
2.244725379136052197e+03	1.671745308105966055e-01	1.024929194881065569e-01	3.041412502996541645e-01	1.915223417424862795e-01	8.978743526446847367e-02	4.128627333199071797e-02	1.035952490623964911e-01
2.249563149349706237e+03	1.669831175028415327e-01	1.023574576074027520e-01	3.042637974247323074e-01	1.916061432807056042e-01	8.982429012987182271e-02	4.131481991694479355e-02	1.036503741372005044e-01
2.254400919563362095e+03	1.667927850653600774e-01	1.022227598873375470e-01	3.043856576255065671e-01	1.916894728111344925e-01	8.986093765654508403e-02	4.134321539909131815e-02	1.037051715547242930e-01
2.259238689777017044e+03	1.666035273889860113e-01	1.020888220087325937e-01	3.045068348200713482e-01	1.917723330548065375e-01	8.989737903698921673e-02	4.137146050436120437e-02	1.037596431857524260e-01
2.264076459990672902e+03	1.664153383992063029e-01	1.019556396768478562e-01	3.046273329036836564e-01	1.918547267164697201e-01	8.993361545662968692e-02	4.139955595639184527e-02	1.038137908904702977e-01
