1.001418434226643626e+03	2.784552198113313670e-01	1.815999935629981632e-01	2.347764061368169675e-01	1.412609607288339841e-01	6.800756783016624618e-02	2.669198919771015657e-02	6.920786273183962556e-02
1.002869765290740247e+03	2.781897818076462525e-01	1.814416769755242409e-01	2.349508886832494259e-01	1.413699849984540180e-01	6.805081009207465670e-02	2.671996123239867016e-02	6.927689621034921474e-02
1.004321096354836754e+03	2.779248228251871566e-01	1.812836131383722404e-01	2.351250072166334582e-01	1.414788141846760883e-01	6.809397221553875612e-02	2.674793441472844702e-02	6.934583600456026287e-02
1.005772427418933376e+03	2.776603419877278212e-01	1.811258016222354605e-01	2.352987627877224652e-01	1.415874486389289699e-01	6.813705440384987266e-02	2.677590834341891587e-02	6.941468221581285902e-02
1.007223758483029997e+03	2.773963384207548399e-01	1.809682419986669566e-01	2.354721564434492098e-01	1.416958887120008115e-01	6.818005685943757943e-02	2.680388262165444430e-02	6.948343494373250551e-02
1.008675089547126618e+03	2.771328112514638287e-01	1.808109338400773758e-01	2.356451892269268156e-01	1.418041347540401065e-01	6.822297978387577289e-02	2.683185685703326148e-02	6.955209428627924517e-02
1.010126420611223239e+03	2.768697596087555945e-01	1.806538767197325701e-01	2.358178621774496553e-01	1.419121871145570535e-01	6.826582337788877908e-02	2.685983066151710272e-02	6.962066033979569246e-02
1.011577751675319632e+03	2.766071826232320841e-01	1.804970702117515147e-01	2.359901763304950439e-01	1.420200461424248328e-01	6.830858784135739048e-02	2.688780365138150261e-02	6.968913319905400972e-02
1.013029082739416367e+03	2.763450794271926081e-01	1.803405138911040595e-01	2.361621327177253205e-01	1.421277121858807169e-01	6.835127337332480568e-02	2.691577544716679260e-02	6.975751295730200918e-02
1.014480413803512761e+03	2.760834491546299563e-01	1.801842073336086258e-01	2.363337323669899848e-01	1.422351855925274300e-01	6.839388017200254133e-02	2.694374567362972650e-02	6.982579970630804767e-02
1.015931744867609382e+03	2.758222909412264556e-01	1.800281501159300135e-01	2.365049763023285012e-01	1.423424667093342033e-01	6.843640843477626079e-02	2.697171395969576516e-02	6.989399353640517176e-02
1.017383075931706003e+03	2.755616039243499737e-01	1.798723418155771248e-01	2.366758655439733516e-01	1.424495558826381347e-01	6.847885835821157507e-02	2.699967993841200301e-02	6.996209453653422228e-02
1.018834406995802851e+03	2.753013872430503106e-01	1.797167820109009106e-01	2.368464011083534493e-01	1.425564534581452991e-01	6.852123013805971885e-02	2.702764324690072953e-02	7.003010279428593943e-02
1.020285738059899245e+03	2.750416400380552573e-01	1.795614702810919561e-01	2.370165840080979136e-01	1.426631597809321084e-01	6.856352396926329584e-02	2.705560352631359439e-02	7.009801839594226314e-02
1.021737069123995752e+03	2.747823614517665991e-01	1.794064062061783982e-01	2.371864152520401225e-01	1.427696751954463661e-01	6.860574004596178832e-02	2.708356042178638318e-02	7.016584142651670353e-02
1.023188400188092373e+03	2.745235506282565074e-01	1.792515893670237059e-01	2.373558958452222645e-01	1.428760000455085166e-01	6.864787856149721923e-02	2.711151358239441422e-02	7.023357196979376771e-02
1.024639731252188767e+03	2.742652067132635429e-01	1.790970193453244319e-01	2.375250267888997791e-01	1.429821346743129495e-01	6.868993970841955066e-02	2.713946266110850089e-02	7.030121010836763717e-02
1.026091062316285615e+03	2.740073288541889918e-01	1.789426957236080196e-01	2.376938090805467141e-01	1.430880794244290821e-01	6.873192367849217943e-02	2.716740731475150369e-02	7.036875592367992927e-02
1.027542393380382237e+03	2.737499162000928132e-01	1.787886180852306661e-01	2.378622437138608881e-01	1.431938346378025528e-01	6.877383066269737721e-02	2.719534720395546529e-02	7.043620949605661208e-02
1.028993724444478858e+03	2.734929679016901982e-01	1.786347860143750466e-01	2.380303316787696077e-01	1.432994006557565814e-01	6.881566085124148080e-02	2.722328199311929708e-02	7.050357090474415611e-02
1.030445055508575479e+03	2.732364831113473502e-01	1.784811990960482320e-01	2.381980739614355247e-01	1.434047778189929401e-01	6.885741443356034608e-02	2.725121135036703487e-02	7.057084022794488098e-02
1.031896386572671872e+03	2.729804609830781548e-01	1.783278569160794413e-01	2.383654715442627692e-01	1.435099664675933695e-01	6.889909159832446894e-02	2.727913494750662526e-02	7.063801754285148338e-02
1.033347717636768493e+03	2.727249006725400715e-01	1.781747590611178489e-01	2.385325254059035560e-01	1.436149669410205221e-01	6.894069253344423109e-02	2.730705245998924988e-02	7.070510292568084332e-02
1.034799048700865114e+03	2.724698013370304706e-01	1.780219051186305024e-01	2.386992365212647627e-01	1.437197795781194054e-01	6.898221742607495155e-02	2.733496356686920467e-02	7.077209645170703944e-02
1.036250379764961508e+03	2.722151621354829687e-01	1.778692946769000194e-01	2.388656058615149791e-01	1.438244047171183537e-01	6.902366646262210470e-02	2.736286795076427886e-02	7.083899819529365649e-02
1.037701710829058356e+03	2.719609822284634881e-01	1.777169273250226167e-01	2.390316343940916688e-01	1.439288426956303601e-01	6.906503982874620529e-02	2.739076529781665770e-02	7.090580822992535726e-02
1.039153041893154750e+03	2.717072607781668148e-01	1.775648026529057233e-01	2.391973230827087182e-01	1.440330938506541592e-01	6.910633770936792930e-02	2.741865529765432491e-02	7.097252662823874680e-02
1.040604372957251599e+03	2.714539969484126014e-01	1.774129202512660097e-01	2.393626728873639309e-01	1.441371585185754478e-01	6.914756028867292958e-02	2.744653764335297161e-02	7.103915346205255665e-02
1.042055704021347992e+03	2.712011899046417596e-01	1.772612797116271954e-01	2.395276847643471319e-01	1.442410370351680515e-01	6.918870775011683183e-02	2.747441203139838403e-02	7.110568880239710732e-02
1.043507035085444613e+03	2.709488388139128512e-01	1.771098806263178838e-01	2.396923596662481615e-01	1.443447297355950620e-01	6.922978027642998078e-02	2.750227816164935515e-02	7.117213271954316023e-02
1.044958366149541234e+03	2.706969428448982029e-01	1.769587225884694526e-01	2.398566985419653685e-01	1.444482369544100864e-01	6.927077804962232521e-02	2.753013573730100222e-02	7.123848528303007577e-02
1.046409697213637855e+03	2.704455011678802978e-01	1.768078051920138893e-01	2.400207023367139092e-01	1.445515590255583571e-01	6.931170125098810864e-02	2.755798446484862552e-02	7.130474656169329128e-02
1.047861028277734476e+03	2.701945129547481672e-01	1.766571280316817094e-01	2.401843719920347953e-01	1.446546962823778704e-01	6.935255006111061549e-02	2.758582405405198695e-02	7.137091662369129952e-02
1.049312359341831097e+03	2.699439773789937269e-01	1.765066907029998189e-01	2.403477084458036095e-01	1.447576490576005792e-01	6.939332465986682019e-02	2.761365421790006047e-02	7.143699553653186374e-02
1.050763690405927491e+03	2.696938936157079469e-01	1.763564928022893774e-01	2.405107126322396649e-01	1.448604176833536150e-01	6.943402522643198072e-02	2.764147467257622656e-02	7.150298336709767777e-02
1.052215021470024112e+03	2.694442608415772988e-01	1.762065339266636887e-01	2.406733854819154417e-01	1.449630024911603143e-01	6.947465193928425986e-02	2.766928513742391085e-02	7.156888018167151255e-02
1.053666352534120733e+03	2.691950782348803139e-01	1.760568136740261747e-01	2.408357279217659408e-01	1.450654038119414402e-01	6.951520497620923555e-02	2.769708533491264252e-02	7.163468604596065492e-02
1.055117683598217127e+03	2.689463449754836977e-01	1.759073316430681821e-01	2.409977408750983152e-01	1.451676219760163478e-01	6.955568451430439725e-02	2.772487499060459146e-02	7.170040102512087454e-02
1.056569014662313975e+03	2.686980602448387212e-01	1.757580874332669296e-01	2.411594252616018896e-01	1.452696573131040947e-01	6.959609072998357293e-02	2.775265383312145590e-02	7.176602518377976636e-02
1.058020345726410369e+03	2.684502232259778354e-01	1.756090806448834252e-01	2.413207819973578472e-01	1.453715101523246067e-01	6.963642379898132839e-02	2.778042159411182876e-02	7.183155858605955180e-02
1.059471676790506763e+03	2.682028331035107849e-01	1.754603108789604127e-01	2.414818119948496378e-01	1.454731808221998990e-01	6.967668389635742199e-02	2.780817800821893532e-02	7.189700129559940811e-02
1.060923007854603611e+03	2.679558890636211665e-01	1.753117777373202069e-01	2.416425161629731366e-01	1.455746696506549920e-01	6.971687119650102349e-02	2.783592281304879748e-02	7.196235337557720102e-02
1.062374338918700232e+03	2.677093902940628767e-01	1.751634808225627227e-01	2.418028954070470804e-01	1.456759769650192715e-01	6.975698587313505783e-02	2.786365574913878332e-02	7.202761488873073159e-02
1.063825669982796853e+03	2.674633359841565028e-01	1.750154197380633658e-01	2.419629506288236143e-01	1.457771030920275990e-01	6.979702809932042396e-02	2.789137655992656242e-02	7.209278589737849741e-02
1.065277001046893474e+03	2.672177253247857154e-01	1.748675940879709789e-01	2.421226827264990333e-01	1.458780483578213105e-01	6.983699804746022755e-02	2.791908499171942212e-02	7.215786646343985700e-02
1.066728332110990095e+03	2.669725575083938263e-01	1.747200034772057875e-01	2.422820925947246351e-01	1.459788130879494661e-01	6.987689588930395823e-02	2.794678079366399656e-02	7.222285664845486119e-02
1.068179663175086489e+03	2.667278317289801248e-01	1.745726475114574017e-01	2.424411811246176829e-01	1.460793976073699318e-01	6.991672179595156966e-02	2.797446371771636353e-02	7.228775651360350163e-02
1.069630994239183110e+03	2.664835471820964363e-01	1.744255257971826512e-01	2.425999492037723693e-01	1.461798022404505182e-01	6.995647593785762897e-02	2.800213351861247785e-02	7.235256611972452900e-02
1.071082325303279504e+03	2.662397030648435692e-01	1.742786379416036979e-01	2.427583977162711959e-01	1.462800273109700622e-01	6.999615848483534131e-02	2.802978995383901412e-02	7.241728552733377178e-02
1.072533656367376352e+03	2.659962985758677068e-01	1.741319835527059268e-01	2.429165275426961312e-01	1.463800731421196488e-01	7.003576960606060220e-02	2.805743278360454604e-02	7.248191479664209402e-02
1.073984987431472746e+03	2.657533329153571322e-01	1.739855622392359469e-01	2.430743395601401013e-01	1.464799400565036103e-01	7.007530947007593880e-02	2.808506177081107960e-02	7.254645398757283981e-02
1.075436318495569594e+03	2.655108052850385092e-01	1.738393736106995380e-01	2.432318346422185362e-01	1.465796283761407470e-01	7.011477824479452059e-02	2.811267668102595055e-02	7.261090315977884735e-02
1.076887649559666215e+03	2.652687148881734958e-01	1.736934172773597629e-01	2.433890136590809439e-01	1.466791384224653272e-01	7.015417609750397576e-02	2.814027728245403065e-02	7.267526237265911626e-02
1.078338980623762609e+03	2.650270609295552471e-01	1.735476928502347471e-01	2.435458774774226509e-01	1.467784705163283632e-01	7.019350319487038803e-02	2.816786334591032601e-02	7.273953168537493352e-02
1.079790311687859230e+03	2.647858426155049738e-01	1.734021999410958748e-01	2.437024269604965987e-01	1.468776249779984999e-01	7.023275970294204362e-02	2.819543464479284944e-02	7.280371115686574968e-02
1.081241642751955851e+03	2.645450591538686114e-01	1.732569381624657345e-01	2.438586629681252782e-01	1.469766021271632916e-01	7.027194578715326156e-02	2.822299095505587108e-02	7.286780084586451378e-02
1.082692973816052472e+03	2.643047097540130452e-01	1.731119071276161214e-01	2.440145863567127205e-01	1.470754022829302288e-01	7.031106161232823781e-02	2.825053205518346378e-02	7.293180081091268918e-02
1.084144304880149093e+03	2.640647936268230023e-01	1.729671064505660660e-01	2.441701979792565147e-01	1.471740257638279314e-01	7.035010734268470900e-02	2.827805772616338170e-02	7.299571111037496396e-02
1.085595635944245487e+03	2.638253099846973315e-01	1.728225357460798361e-01	2.443254986853599653e-01	1.472724728878070655e-01	7.038908314183765780e-02	2.830556775146124762e-02	7.305953180245339240e-02
1.087046967008342108e+03	2.635862580415459511e-01	1.726781946296650216e-01	2.444804893212443597e-01	1.473707439722416468e-01	7.042798917280305993e-02	2.833306191699505247e-02	7.312326294520132830e-02
1.088498298072438729e+03	2.633476370127860733e-01	1.725340827175705360e-01	2.446351707297612643e-01	1.474688393339300130e-01	7.046682559800147849e-02	2.836054001110996717e-02	7.318690459653701130e-02
1.089949629136535123e+03	2.631094461153391517e-01	1.723901996267847014e-01	2.447895437504047644e-01	1.475667592890959057e-01	7.050559257926171386e-02	2.838800182455344240e-02	7.325045681425665367e-02
1.091400960200631971e+03	2.628716845676271063e-01	1.722465449750331945e-01	2.449436092193240933e-01	1.476645041533896641e-01	7.054429027782430084e-02	2.841544715045061717e-02	7.331391965604734662e-02
1.092852291264728365e+03	2.626343515895693259e-01	1.721031183807772702e-01	2.450973679693358998e-01	1.477620742418891686e-01	7.058291885434515855e-02	2.844287578428001881e-02	7.337729317949952257e-02
1.094303622328825213e+03	2.623974464025789488e-01	1.719599194632116523e-01	2.452508208299369330e-01	1.478594698691010345e-01	7.062147846889905989e-02	2.847028752384954398e-02	7.344057744211913985e-02
1.095754953392921607e+03	2.621609682295598653e-01	1.718169478422627849e-01	2.454039686273166154e-01	1.479566913489616664e-01	7.065996928098310093e-02	2.849768216927273459e-02	7.350377250133954821e-02
1.097206284457018228e+03	2.619249162949031096e-01	1.716742031385867229e-01	2.455568121843696161e-01	1.480537389948383409e-01	7.069839144952025367e-02	2.852505952294533478e-02	7.356687841453296572e-02
1.098657615521114849e+03	2.616892898244835286e-01	1.715316849735673832e-01	2.457093523207087293e-01	1.481506131195302334e-01	7.073674513286264121e-02	2.855241938952211497e-02	7.362989523902174760e-02
1.100108946585211470e+03	2.614540880456565630e-01	1.713893929693144358e-01	2.458615898526774479e-01	1.482473140352695284e-01	7.077503048879509040e-02	2.857976157589397354e-02	7.369282303208925244e-02
1.101560277649308091e+03	2.612193101872550272e-01	1.712473267486616102e-01	2.460135255933628695e-01	1.483438420537225300e-01	7.081324767453842095e-02	2.860708589116530906e-02	7.375566185099051431e-02
1.103011608713404712e+03	2.609849554795853899e-01	1.711054859351647528e-01	2.461651603526084364e-01	1.484401974859907158e-01	7.085139684675280380e-02	2.863439214663165977e-02	7.381841175296255386e-02
1.104462939777501106e+03	2.607510231544248880e-01	1.709638701530997451e-01	2.463164949370269252e-01	1.485363806426117372e-01	7.088947816154105019e-02	2.866168015575760314e-02	7.388107279523437043e-02
1.105914270841597499e+03	2.605175124450179736e-01	1.708224790274608662e-01	2.464675301500132143e-01	1.486323918335606120e-01	7.092749177445195619e-02	2.868894973415490879e-02	7.394364503503678132e-02
1.107365601905694348e+03	2.602844225860732608e-01	1.706813121839587666e-01	2.466182667917573568e-01	1.487282313682506130e-01	7.096543784048349457e-02	2.871620069956094812e-02	7.400612852961185872e-02
1.108816932969790741e+03	2.600517528137600842e-01	1.705403692490186640e-01	2.467687056592574868e-01	1.488238995555344613e-01	7.100331651408609002e-02	2.874343287181735374e-02	7.406852333622214457e-02
1.110268264033887590e+03	2.598195023657052238e-01	1.703996498497784007e-01	2.469188475463328925e-01	1.489193967037053812e-01	7.104112794916578322e-02	2.877064607284894257e-02	7.413082951215964334e-02
1.111719595097984211e+03	2.595876704809896851e-01	1.702591536140866668e-01	2.470686932436369221e-01	1.490147231204981271e-01	7.107887229908746440e-02	2.879784012664285409e-02	7.419304711475449565e-02
1.113170926162080832e+03	2.593562564001456461e-01	1.701188801705011133e-01	2.472182435386701405e-01	1.491098791130899825e-01	7.111654971667795422e-02	2.882501485922794870e-02	7.425517620138344377e-02
1.114622257226177226e+03	2.591252593651528491e-01	1.699788291482864644e-01	2.473674992157934294e-01	1.492048649881018707e-01	7.115416035422918173e-02	2.885217009865444215e-02	7.431721682947799168e-02
1.116073588290273847e+03	2.588946786194356586e-01	1.698390001774127689e-01	2.475164610562409495e-01	1.492996810515994643e-01	7.119170436350123754e-02	2.887930567497375492e-02	7.437916905653242650e-02
1.117524919354370468e+03	2.586645134078596753e-01	1.696993928885534852e-01	2.476651298381333799e-01	1.493943276090941574e-01	7.122918189572546854e-02	2.890642142021863231e-02	7.444103294011149285e-02
1.118976250418467089e+03	2.584347629767286270e-01	1.695600069130836496e-01	2.478135063364911017e-01	1.494888049655440365e-01	7.126659310160753102e-02	2.893351716838344148e-02	7.450280853785794244e-02
1.120427581482563710e+03	2.582054265737812049e-01	1.694208418830780716e-01	2.479615913232471325e-01	1.495831134253551020e-01	7.130393813133038827e-02	2.896059275540473210e-02	7.456449590749972267e-02
1.121878912546660331e+03	2.579765034481877328e-01	1.692818974313095581e-01	2.481093855672604764e-01	1.496772532923821564e-01	7.134121713455732205e-02	2.898764801914200176e-02	7.462609510685709602e-02
1.123330243610756725e+03	2.577479928505471696e-01	1.691431731912470260e-01	2.482568898343291697e-01	1.497712248699299420e-01	7.137843026043490247e-02	2.901468279935867992e-02	7.468760619384944011e-02
1.124781574674853118e+03	2.575198940328836672e-01	1.690046687970538641e-01	2.484041048872035473e-01	1.498650284607540850e-01	7.141557765759590226e-02	2.904169693770334432e-02	7.474902922650182580e-02
1.126232905738949967e+03	2.572922062486437955e-01	1.688663838835858522e-01	2.485510314855993996e-01	1.499586643670622610e-01	7.145265947416229446e-02	2.906869027769110395e-02	7.481036426295152586e-02
1.127684236803046360e+03	2.570649287526929894e-01	1.687283180863896614e-01	2.486976703862111004e-01	1.500521328905150276e-01	7.148967585774805567e-02	2.909566266468526299e-02	7.487161136145409346e-02
1.129135567867143209e+03	2.568380608013127731e-01	1.685904710417008567e-01	2.488440223427249021e-01	1.501454343322270457e-01	7.152662695546208038e-02	2.912261394587911320e-02	7.493277058038945448e-02
1.130586898931239830e+03	2.566116016521972076e-01	1.684528423864422586e-01	2.489900881058320081e-01	1.502385689927680790e-01	7.156351291391108149e-02	2.914954397027799335e-02	7.499384197826769460e-02
1.132038229995336451e+03	2.563855505644500044e-01	1.683154317582220005e-01	2.491358684232418685e-01	1.503315371721638538e-01	7.160033387920232417e-02	2.917645258868151181e-02	7.505482561373470751e-02
1.133489561059432845e+03	2.561599067985815825e-01	1.681782387953320301e-01	2.492813640396953079e-01	1.504243391698972532e-01	7.163708999694652635e-02	2.920333965366598422e-02	7.511572154557759340e-02
1.134940892123529466e+03	2.559346696165056834e-01	1.680412631367460552e-01	2.494265756969777370e-01	1.505169752849093157e-01	7.167378141226055099e-02	2.923020501956707234e-02	7.517652983272990475e-02
1.136392223187626087e+03	2.557098382815362059e-01	1.679045044221180172e-01	2.495715041339322260e-01	1.506094458156002069e-01	7.171040826977026494e-02	2.925704854246258604e-02	7.523725053427673948e-02
1.137843554251722708e+03	2.554854120583845423e-01	1.677679622917802593e-01	2.497161500864728823e-01	1.507017510598302190e-01	7.174697071361316181e-02	2.928387008015551074e-02	7.529788370945966758e-02
1.139294885315819101e+03	2.552613902131560253e-01	1.676316363867416948e-01	2.498605142875978957e-01	1.507938913149208526e-01	7.178346888744115140e-02	2.931066949215720835e-02	7.535842941768140790e-02
1.140746216379915950e+03	2.550377720133471526e-01	1.674955263486862522e-01	2.500045974674026117e-01	1.508858668776557610e-01	7.181990293442326589e-02	2.933744663967079863e-02	7.541888771851039397e-02
1.142197547444012343e+03	2.548145567278423673e-01	1.673596318199709609e-01	2.501484003530928257e-01	1.509776780442818600e-01	7.185627299724828276e-02	2.936420138557473136e-02	7.547925867168521485e-02
1.143648878508108737e+03	2.545917436269111156e-01	1.672239524436243963e-01	2.502919236689978288e-01	1.510693251105101609e-01	7.189257921812738927e-02	2.939093359440653197e-02	7.553954233711883404e-02
1.145100209572205586e+03	2.543693319822046828e-01	1.670884878633447923e-01	2.504351681365835636e-01	1.511608083715169637e-01	7.192882173879683316e-02	2.941764313234673800e-02	7.559973877490268335e-02
1.146551540636302207e+03	2.541473210667532512e-01	1.669532377234985432e-01	2.505781344744656414e-01	1.512521281219447455e-01	7.196500070052051778e-02	2.944432986720300210e-02	7.565984804531050711e-02
1.148002871700398828e+03	2.539257101549628470e-01	1.668182016691182601e-01	2.507208233984226098e-01	1.513432846559032152e-01	7.200111624409259725e-02	2.947099366839436504e-02	7.571987020880227570e-02
1.149454202764495449e+03	2.537044985226122873e-01	1.666833793459012725e-01	2.508632356214088865e-01	1.514342782669702292e-01	7.203716850984004383e-02	2.949763440693569522e-02	7.577980532602769659e-02
1.150905533828591842e+03	2.534836854468502931e-01	1.665487704002078240e-01	2.510053718535677492e-01	1.515251092481929296e-01	7.207315763762518757e-02	2.952425195542233288e-02	7.583965345782976708e-02
1.152356864892688463e+03	2.532632702061922703e-01	1.664143744790594348e-01	2.511472328022445466e-01	1.516157778920886601e-01	7.210908376684822818e-02	2.955084618801484542e-02	7.589941466524816049e-02
1.153808195956785084e+03	2.530432520805174224e-01	1.662801912301371809e-01	2.512888191719995779e-01	1.517062844906458818e-01	7.214494703644976081e-02	2.957741698042400114e-02	7.595908900952233478e-02
1.155259527020881706e+03	2.528236303510659200e-01	1.661462203017800288e-01	2.514301316646211371e-01	1.517966293353252838e-01	7.218074758491330178e-02	2.960396420989586455e-02	7.601867655209469665e-02
1.156710858084978327e+03	2.526044043004356254e-01	1.660124613429831697e-01	2.515711709791383366e-01	1.518868127170607263e-01	7.221648555026771721e-02	2.963048775519707204e-02	7.607817735461354369e-02
1.158162189149074720e+03	2.523855732125794282e-01	1.658789140033964105e-01	2.517119378118343742e-01	1.519768349262602403e-01	7.225216107008962385e-02	2.965698749660027056e-02	7.613759147893581214e-02
1.159613520213171569e+03	2.521671363728020254e-01	1.657455779333224799e-01	2.518524328562591341e-01	1.520666962528070265e-01	7.228777428150592876e-02	2.968346331586968825e-02	7.619691898712986633e-02
1.161064851277267962e+03	2.519490930677571461e-01	1.656124527837153360e-01	2.519926568032421765e-01	1.521563969860603160e-01	7.232332532119618851e-02	2.970991509624689580e-02	7.625615994147805221e-02
1.162516182341364356e+03	2.517314425854446092e-01	1.654795382061785558e-01	2.521326103409057828e-01	1.522459374148565359e-01	7.235881432539496838e-02	2.973634272243667193e-02	7.631531440447905656e-02
1.163967513405461204e+03	2.515141842152071594e-01	1.653468338529637538e-01	2.522722941546773345e-01	1.523353178275101416e-01	7.239424142989427102e-02	2.976274608059307006e-02	7.637438243885040501e-02
1.165418844469557826e+03	2.512973172477279693e-01	1.652143393769688329e-01	2.524117089273026360e-01	1.524245385118147000e-01	7.242960677004584014e-02	2.978912505830560997e-02	7.643336410753054366e-02
1.166870175533654447e+03	2.510808409750272530e-01	1.650820544317364580e-01	2.525508553388584598e-01	1.525135997550437494e-01	7.246491048076357522e-02	2.981547954458559774e-02	7.649225947368104572e-02
1.168321506597751068e+03	2.508647546904596570e-01	1.649499786714523908e-01	2.526897340667653147e-01	1.526025018439518544e-01	7.250015269652576588e-02	2.984180942985261223e-02	7.655106860068855434e-02
1.169772837661847461e+03	2.506490576887113741e-01	1.648181117509438798e-01	2.528283457858000460e-01	1.526912450647756325e-01	7.253533355137746497e-02	2.986811460592115122e-02	7.660979155216673941e-02
1.171224168725944082e+03	2.504337492657968678e-01	1.646864533256780505e-01	2.529666911681086594e-01	1.527798297032345043e-01	7.257045317893272285e-02	2.989439496598736770e-02	7.666842839195804615e-02
1.172675499790040703e+03	2.502188287190567073e-01	1.645550030517603235e-01	2.531047708832190879e-01	1.528682560445318861e-01	7.260551171237687729e-02	2.992065040461599004e-02	7.672697918413537432e-02
1.174126830854137097e+03	2.500042953471539042e-01	1.644237605859327767e-01	2.532425855980535712e-01	1.529565243733560509e-01	7.264050928446882938e-02	2.994688081772737404e-02	7.678544399300375745e-02
1.175578161918233945e+03	2.497901484500716085e-01	1.642927255855726187e-01	2.533801359769413120e-01	1.530446349738810996e-01	7.267544602754322236e-02	2.997308610258465206e-02	7.684382288310177833e-02
1.177029492982330339e+03	2.495763873291099721e-01	1.641618977086905240e-01	2.535174226816311882e-01	1.531325881297678770e-01	7.271032207351270371e-02	2.999926615778107306e-02	7.690211591920298462e-02
1.178480824046426733e+03	2.493630112868834015e-01	1.640312766139291611e-01	2.536544463713039654e-01	1.532203841241650544e-01	7.274513755387007619e-02	3.002542088322743621e-02	7.696032316631722103e-02
1.179932155110523581e+03	2.491500196273176981e-01	1.639008619605614447e-01	2.537912077025850643e-01	1.533080232397099896e-01	7.277989259969057378e-02	3.005155018013965992e-02	7.701844468969187840e-02
1.181383486174620202e+03	2.489374116556472005e-01	1.637706534084891474e-01	2.539277073295568843e-01	1.533955057585296988e-01	7.281458734163391566e-02	3.007765395102648953e-02	7.707648055481294835e-02
1.182834817238716823e+03	2.487251866784120358e-01	1.636406506182412623e-01	2.540639459037711823e-01	1.534828319622417447e-01	7.284922190994654045e-02	3.010373209967732999e-02	7.713443082740613355e-02
1.184286148302813444e+03	2.485133440034552055e-01	1.635108532509724211e-01	2.541999240742615629e-01	1.535700021319553188e-01	7.288379643446370182e-02	3.012978453115019994e-02	7.719229557343779136e-02
1.185737479366910065e+03	2.483018829399198379e-01	1.633812609684613948e-01	2.543356424875556354e-01	1.536570165482720740e-01	7.291831104461157786e-02	3.015581115175981070e-02	7.725007485911583593e-02
1.187188810431006686e+03	2.480908027982463571e-01	1.632518734331095123e-01	2.544711017876874481e-01	1.537438754912871797e-01	7.295276586940942221e-02	3.018181186906577704e-02	7.730776875089048761e-02
1.188640141495103080e+03	2.478801028901697345e-01	1.631226903079391610e-01	2.546063026162094789e-01	1.538305792405901262e-01	7.298716103747160400e-02	3.020778659186093215e-02	7.736537731545506391e-02
1.190091472559199701e+03	2.476697825287166310e-01	1.629937112565922053e-01	2.547412456122053470e-01	1.539171280752658078e-01	7.302149667700971736e-02	3.023373523015977435e-02	7.742290061974659021e-02
1.191542803623296322e+03	2.474598410282027039e-01	1.628649359433284316e-01	2.548759314123015818e-01	1.540035222738953269e-01	7.305577291583460753e-02	3.025965769518703177e-02	7.748033873094641033e-02
1.192994134687392716e+03	2.472502777042297484e-01	1.627363640330241612e-01	2.550103606506796683e-01	1.540897621145570495e-01	7.308998988135839703e-02	3.028555389936633813e-02	7.753769171648061675e-02
1.194445465751489564e+03	2.470410918736830608e-01	1.626079951911705845e-01	2.551445339590886485e-01	1.541758478748274652e-01	7.312414770059658120e-02	3.031142375630902289e-02	7.759495964402056412e-02
1.195896796815585958e+03	2.468322828547286074e-01	1.624798290838723458e-01	2.552784519668565566e-01	1.542617798317821587e-01	7.315824650016997110e-02	3.033726718080302989e-02	7.765214258148320225e-02
1.197348127879682352e+03	2.466238499668102213e-01	1.623518653778459886e-01	2.554121153009029088e-01	1.543475582619967534e-01	7.319228640630673355e-02	3.036308408880191920e-02	7.770924059703135378e-02
1.198799458943779200e+03	2.464157925306469654e-01	1.622241037404184849e-01	2.555455245857504165e-01	1.544331834415477167e-01	7.322626754484432010e-02	3.038887439741402158e-02	7.776625375907399162e-02
1.200250790007875821e+03	2.462081098682303848e-01	1.620965438395257086e-01	2.556786804435368099e-01	1.545186556460135530e-01	7.326019004123152101e-02	3.041463802489166243e-02	7.782318213626636394e-02
1.201702121071972442e+03	2.460008013028217588e-01	1.619691853437109086e-01	2.558115834940269395e-01	1.546039751504754145e-01	7.329405402053033869e-02	3.044037489062051405e-02	7.788002579751011900e-02
1.203153452136069063e+03	2.457938661589493812e-01	1.618420279221233771e-01	2.559442343546246557e-01	1.546891422295182672e-01	7.332785960741795839e-02	3.046608491510905195e-02	7.793678481195336072e-02
1.204604783200165684e+03	2.455873037624059230e-01	1.617150712445167837e-01	2.560766336403842436e-01	1.547741571572316677e-01	7.336160692618866330e-02	3.049176801997812922e-02	7.799345924899062088e-02
1.206056114264262078e+03	2.453811134402456295e-01	1.615883149812478714e-01	2.562087819640225250e-01	1.548590202072107624e-01	7.339529610075577748e-02	3.051742412795062018e-02	7.805004917826280364e-02
1.207507445328358699e+03	2.451752945207817391e-01	1.614617588032749018e-01	2.563406799359304045e-01	1.549437316525572039e-01	7.342892725465353931e-02	3.054305316284120636e-02	7.810655466965704674e-02
1.208958776392455093e+03	2.449698463335836796e-01	1.613354023821561012e-01	2.564723281641845265e-01	1.550282917658799831e-01	7.346250051103897505e-02	3.056865504954624571e-02	7.816297579330654111e-02
1.210410107456551941e+03	2.447647682094745702e-01	1.612092453900483835e-01	2.566037272545588221e-01	1.551127008192964563e-01	7.349601599269377228e-02	3.059422971403374589e-02	7.821931261959032267e-02
1.211861438520648335e+03	2.445600594805283357e-01	1.610832874997058517e-01	2.567348778105362217e-01	1.551969590844331504e-01	7.352947382202612570e-02	3.061977708333342776e-02	7.827556521913296705e-02
1.213312769584745183e+03	2.443557194800672072e-01	1.609575283844782712e-01	2.568657804333199790e-01	1.552810668324267895e-01	7.356287412107267998e-02	3.064529708552690690e-02	7.833173366280427041e-02
1.214764100648841804e+03	2.441517475426590311e-01	1.608319677183096819e-01	2.569964357218452733e-01	1.553650243339251558e-01	7.359621701150018125e-02	3.067078964973795133e-02	7.838781802171883306e-02
1.216215431712937971e+03	2.439481430041146037e-01	1.607066051757369551e-01	2.571268442727906445e-01	1.554488318590879214e-01	7.362950261460744772e-02	3.069625470612286078e-02	7.844381836723568480e-02
1.217666762777034819e+03	2.437449052014850071e-01	1.605814404318883504e-01	2.572570066805893174e-01	1.555324896775876486e-01	7.366273105132710441e-02	3.072169218586091530e-02	7.849973477095774366e-02
1.219118093841131440e+03	2.435420334730590830e-01	1.604564731624821550e-01	2.573869235374405262e-01	1.556159980586106217e-01	7.369590244222740116e-02	3.074710202114492100e-02	7.855556730473135796e-02
1.220569424905228061e+03	2.433395271583607411e-01	1.603317030438251578e-01	2.575165954333207829e-01	1.556993572708578744e-01	7.372901690751394732e-02	3.077248414517187031e-02	7.861131604064568179e-02
1.222020755969324682e+03	2.431373855981462939e-01	1.602071297528113170e-01	2.576460229559952020e-01	1.557825675825458833e-01	7.376207456703154364e-02	3.079783849213366467e-02	7.866698105103213379e-02
1.223472087033421303e+03	2.429356081344019591e-01	1.600827529669203442e-01	2.577752066910284912e-01	1.558656292614076788e-01	7.379507554026587535e-02	3.082316499720796216e-02	7.872256240846367548e-02
1.224923418097517697e+03	2.427341941103412226e-01	1.599585723642162338e-01	2.579041472217963871e-01	1.559485425746935938e-01	7.382801994634530240e-02	3.084846359654907014e-02	7.877806018575417291e-02
1.226374749161614318e+03	2.425331428704021741e-01	1.598345876233460139e-01	2.580328451294964243e-01	1.560313077891722078e-01	7.386090790404253870e-02	3.087373422727897332e-02	7.883347445595767500e-02
1.227826080225710712e+03	2.423324537602450091e-01	1.597107984235381084e-01	2.581613009931591485e-01	1.561139251711312903e-01	7.389373953177642840e-02	3.089897682747840685e-02	7.888880529236759476e-02
1.229277411289807560e+03	2.421321261267493918e-01	1.595872044446011440e-01	2.582895153896592189e-01	1.561963949863786338e-01	7.392651494761356967e-02	3.092419133617805432e-02	7.894405276851597375e-02
1.230728742353903954e+03	2.419321593180119578e-01	1.594638053669225619e-01	2.584174888937260106e-01	1.562787175002429141e-01	7.395923426927010491e-02	3.094937769334979785e-02	7.899921695817259393e-02
1.232180073418000802e+03	2.417325526833436766e-01	1.593406008714671473e-01	2.585452220779549393e-01	1.563608929775746059e-01	7.399189761411331667e-02	3.097453583989808260e-02	7.905429793534413108e-02
1.233631404482097196e+03	2.415333055732673539e-01	1.592175906397757246e-01	2.586727155128180078e-01	1.564429216827468438e-01	7.402450509916336241e-02	3.099966571765134030e-02	7.910929577427321113e-02
1.235082735546193817e+03	2.413344173395150505e-01	1.590947743539636861e-01	2.587999697666746868e-01	1.565248038796564212e-01	7.405705684109489817e-02	3.102476726935349607e-02	7.916421054943753588e-02
1.236534066610290438e+03	2.411358873350255283e-01	1.589721516967197990e-01	2.589269854057826836e-01	1.566065398317245672e-01	7.408955295623870230e-02	3.104984043865558624e-02	7.921904233554888375e-02
1.237985397674387059e+03	2.409377149139417251e-01	1.588497223513047618e-01	2.590537629943086007e-01	1.566881298018978352e-01	7.412199356058335464e-02	3.107488517010741774e-02	7.927379120755205510e-02
1.239436728738483680e+03	2.407398994316083118e-01	1.587274860015497058e-01	2.591803030943387043e-01	1.567695740526489356e-01	7.415437876977683251e-02	3.109990140914933518e-02	7.932845724062392856e-02
1.240888059802580301e+03	2.405424402445689447e-01	1.586054423318551121e-01	2.593066062658894166e-01	1.568508728459776791e-01	7.418670869912816213e-02	3.112488910210405718e-02	7.938304051017230911e-02
1.242339390866676695e+03	2.403453367105641003e-01	1.584835910271892856e-01	2.594326730669178627e-01	1.569320264434118928e-01	7.421898346360895904e-02	3.114984819616858913e-02	7.943754109183497059e-02
1.243790721930773088e+03	2.401485881885281892e-01	1.583619317730870502e-01	2.595585040533325283e-01	1.570130351060081975e-01	7.425120317785507962e-02	3.117477863940621222e-02	7.949195906147840662e-02
1.245242052994869937e+03	2.399521940385873631e-01	1.582404642556484720e-01	2.596840997790034189e-01	1.570938990943529512e-01	7.428336795616813371e-02	3.119968038073855227e-02	7.954629449519674822e-02
1.246693384058966330e+03	2.397561536220568501e-01	1.581191881615374439e-01	2.598094607957728286e-01	1.571746186685630264e-01	7.431547791251712221e-02	3.122455336993771799e-02	7.960054746931059799e-02
1.248144715123063179e+03	2.395604663014385127e-01	1.579981031779804923e-01	2.599345876534654987e-01	1.572551940882867816e-01	7.434753316053993588e-02	3.124939755761853635e-02	7.965471806036586444e-02
1.249596046187159800e+03	2.393651314404184050e-01	1.578772089927652778e-01	2.600594808998989427e-01	1.573356256127048380e-01	7.437953381354495130e-02	3.127421289523081571e-02	7.970880634513248519e-02
1.251047377251256421e+03	2.391701484038642744e-01	1.577565052942393742e-01	2.601841410808936050e-01	1.574159135005310239e-01	7.441147998451252965e-02	3.129899933505173037e-02	7.976281240060324740e-02
1.252498708315352815e+03	2.389755165578230645e-01	1.576359917713089642e-01	2.603085687402833526e-01	1.574960580100131236e-01	7.444337178609657102e-02	3.132375683017824680e-02	7.981673630399248320e-02
1.253950039379449436e+03	2.387812352695184992e-01	1.575156681134375902e-01	2.604327644199253555e-01	1.575760593989338765e-01	7.447520933062598547e-02	3.134848533451963654e-02	7.987057813273483464e-02
1.255401370443546057e+03	2.385873039073486412e-01	1.573955340106447942e-01	2.605567286597103571e-01	1.576559179246117548e-01	7.450699273010627510e-02	3.137318480279004812e-02	7.992433796448390748e-02
1.256852701507642678e+03	2.383937218408833936e-01	1.572755891535047579e-01	2.606804619975726656e-01	1.577356338439018513e-01	7.453872209622094958e-02	3.139785519050116575e-02	7.997801587711099447e-02
1.258304032571739299e+03	2.382004884408621403e-01	1.571558332331450536e-01	2.608039649695002571e-01	1.578152074131966565e-01	7.457039754033308043e-02	3.142249645395490260e-02	8.003161194870368755e-02
1.259755363635835920e+03	2.380076030791912489e-01	1.570362659412454787e-01	2.609272381095446014e-01	1.578946388884269747e-01	7.460201917348670275e-02	3.144710855023620522e-02	8.008512625756455949e-02
1.261206694699932314e+03	2.378150651289415995e-01	1.569168869700365287e-01	2.610502819498307647e-01	1.579739285250628122e-01	7.463358710640834170e-02	3.147169143720589257e-02	8.013855888220978996e-02
1.262658025764028707e+03	2.376228739643463928e-01	1.567976960122983709e-01	2.611730970205670133e-01	1.580530765781141822e-01	7.466510144950842809e-02	3.149624507349358532e-02	8.019190990136770836e-02
1.264109356828125556e+03	2.374310289607984570e-01	1.566786927613594560e-01	2.612956838500548606e-01	1.581320833021319372e-01	7.469656231288279713e-02	3.152076941849067671e-02	8.024517939397746158e-02
1.265560687892221949e+03	2.372395294948480005e-01	1.565598769110952138e-01	2.614180429646987824e-01	1.582109489512086020e-01	7.472796980631404851e-02	3.154526443234340061e-02	8.029836743918755682e-02
1.267012018956318798e+03	2.370483749442002241e-01	1.564412481559268320e-01	2.615401748890158751e-01	1.582896737789792896e-01	7.475932403927303127e-02	3.156973007594591346e-02	8.035147411635441828e-02
1.268463350020415419e+03	2.368575646877129348e-01	1.563228061908200628e-01	2.616620801456455148e-01	1.583682580386224503e-01	7.479062512092024551e-02	3.159416631093350802e-02	8.040449950504090226e-02
1.269914681084511813e+03	2.366670981053939082e-01	1.562045507112838072e-01	2.617837592553590720e-01	1.584467019828608714e-01	7.482187316010725786e-02	3.161857309967582713e-02	8.045744368501490940e-02
1.271366012148608434e+03	2.364769745783989741e-01	1.560864814133689771e-01	2.619052127370694594e-01	1.585250058639623150e-01	7.485306826537801994e-02	3.164295040527017461e-02	8.051030673624780254e-02
1.272817343212705055e+03	2.362871934890292402e-01	1.559685979936673017e-01	2.620264411078405131e-01	1.586031699337404066e-01	7.488421054497043650e-02	3.166729819153488168e-02	8.056308873891296352e-02
1.274268674276801676e+03	2.360977542207289004e-01	1.558509001493099400e-01	2.621474448828966519e-01	1.586811944435556343e-01	7.491530010681753116e-02	3.169161642300272891e-02	8.061578977338430818e-02
1.275720005340898297e+03	2.359086561580829300e-01	1.557333875779663979e-01	2.622682245756322028e-01	1.587590796443160146e-01	7.494633705854898686e-02	3.171590506491444444e-02	8.066840992023470436e-02
1.277171336404994690e+03	2.357198986868145607e-01	1.556160599778431963e-01	2.623887806976208936e-01	1.588368257864778976e-01	7.497732150749239488e-02	3.174016408321222310e-02	8.072094926023451467e-02
1.278622667469091539e+03	2.355314811937830877e-01	1.554989170476825944e-01	2.625091137586250123e-01	1.589144331200469940e-01	7.500825356067468419e-02	3.176439344453336339e-02	8.077340787434995895e-02
1.280073998533187932e+03	2.353434030669815380e-01	1.553819584867614789e-01	2.626292242666046772e-01	1.589919018945789853e-01	7.503913332482342602e-02	3.178859311620389760e-02	8.082578584374165709e-02
1.281525329597284326e+03	2.351556636955341451e-01	1.552651839948901158e-01	2.627491127277273297e-01	1.590692323591804958e-01	7.506996090636817998e-02	3.181276306623233990e-02	8.087808324976301921e-02
1.282976660661381175e+03	2.349682624696942668e-01	1.551485932724109562e-01	2.628687796463766158e-01	1.591464247625098694e-01	7.510073641144179857e-02	3.183690326330345516e-02	8.093030017395866360e-02
1.284427991725477568e+03	2.347811987808419154e-01	1.550321860201973045e-01	2.629882255251617118e-01	1.592234793527779191e-01	7.513145994588178722e-02	3.186101367677209029e-02	8.098243669806289013e-02
1.285879322789574417e+03	2.345944720214814538e-01	1.549159619396522636e-01	2.631074508649262622e-01	1.593003963777489262e-01	7.516213161523156716e-02	3.188509427665706109e-02	8.103449290399802885e-02
1.287330653853671038e+03	2.344080815852393473e-01	1.547999207327074300e-01	2.632264561647577050e-01	1.593771760847413066e-01	7.519275152474179380e-02	3.190914503363511540e-02	8.108646887387287172e-02
1.288781984917767431e+03	2.342220268668618877e-01	1.546840621018217843e-01	2.633452419219957652e-01	1.594538187206284707e-01	7.522331977937167513e-02	3.193316591903491708e-02	8.113836468998107676e-02
1.290233315981864052e+03	2.340363072622127505e-01	1.545683857499804137e-01	2.634638086322418915e-01	1.595303245318397123e-01	7.525383648379019297e-02	3.195715690483110633e-02	8.119018043479957203e-02
