1.001418434226643626e+03	2.784608922577171408e-01	1.815906935693027413e-01	2.347780757212870606e-01	1.412665740688097415e-01	6.800450035259594794e-02	2.669539429599469826e-02	6.920386973398906516e-02
1.003837319333471214e+03	2.780187979658844677e-01	1.813269133989061366e-01	2.350686434774309219e-01	1.414482153130859898e-01	6.807652454699861244e-02	2.674204965001833814e-02	6.931885564737189087e-02
1.006256204440298802e+03	2.775780324581306746e-01	1.810638348388776131e-01	2.353582016826569201e-01	1.416293151974768738e-01	6.814832673704430965e-02	2.678870711295227094e-02	6.943358197255765363e-02
1.008675089547126618e+03	2.771385916866066501e-01	1.808014559042128155e-01	2.356467551942407479e-01	1.418098753462336548e-01	6.821990785602820295e-02	2.683536484785158105e-02	6.954804916452264618e-02
1.011093974653954206e+03	2.767004716166387990e-01	1.805397746165288142e-01	2.359343088398257737e-01	1.419898973786755669e-01	6.829126883070664455e-02	2.688202105180160020e-02	6.966225766551914500e-02
1.013512859760782021e+03	2.762636682266785271e-01	1.802787890040351004e-01	2.362208674174426648e-01	1.421693829092056660e-01	6.836241058137428050e-02	2.692867395527138302e-02	6.977620790568869746e-02
1.015931744867609382e+03	2.758281775082525034e-01	1.800184971015047486e-01	2.365064356955371982e-01	1.423483335473267053e-01	6.843333402193996218e-02	2.697532182148169866e-02	6.988990030365352379e-02
1.018350629974437197e+03	2.753939954659124223e-01	1.797588969502458001e-01	2.367910184130062046e-01	1.425267508976566511e-01	6.850404006000135326e-02	2.702196294578716740e-02	7.000333526708679699e-02
1.020769515081264785e+03	2.749611181171852659e-01	1.794999865980725917e-01	2.370746202792410606e-01	1.427046365599445032e-01	6.857452959691821837e-02	2.706859565507215362e-02	7.011651319326256404e-02
1.023188400188092373e+03	2.745295414925241206e-01	1.792417640992771122e-01	2.373572459741788709e-01	1.428819921290858663e-01	6.864480352788458750e-02	2.711521830716010634e-02	7.022943446958576641e-02
1.025607285294920075e+03	2.740992616352582179e-01	1.789842275146006079e-01	2.376389001483604491e-01	1.430588191951383537e-01	6.871486274199969935e-02	2.716182929023596565e-02	7.034209947410312302e-02
1.028026170401747549e+03	2.736702746015445276e-01	1.787273749112050780e-01	2.379195874229950713e-01	1.432351193433372694e-01	6.878470812233770937e-02	2.720842702228128823e-02	7.045450857599552807e-02
1.030445055508575479e+03	2.732425764603180207e-01	1.784712043626451583e-01	2.381993123900317810e-01	1.434108941541108184e-01	6.885434054601632936e-02	2.725500995052183503e-02	7.056666213605247706e-02
1.032863940615402726e+03	2.728161632932436520e-01	1.782157139488397546e-01	2.384780796122367708e-01	1.435861452030956775e-01	6.892376088426431513e-02	2.730157655088722574e-02	7.067856050712903460e-02
1.035282825722230655e+03	2.723910311946672325e-01	1.779609017560440376e-01	2.387558936232765661e-01	1.437608740611521774e-01	6.899297000248789946e-02	2.734812532748239627e-02	7.079020403458614885e-02
1.037701710829058356e+03	2.719671762715673569e-01	1.777067658768214098e-01	2.390327589278070375e-01	1.439350822943795682e-01	6.906196876033604548e-02	2.739465481207056102e-02	7.090159305671449308e-02
1.040120595935886058e+03	2.715445946435071090e-01	1.774533044100156387e-01	2.393086800015675475e-01	1.441087714641312856e-01	6.913075801176474244e-02	2.744116356356735703e-02	7.101272790514279176e-02
1.042539481042713533e+03	2.711232824425862664e-01	1.772005154607230737e-01	2.395836612914801766e-01	1.442819431270299657e-01	6.919933860510027457e-02	2.748765016754592047e-02	7.112360890523074242e-02
1.044958366149541234e+03	2.707032358133934502e-01	1.769483971402649736e-01	2.398577072157540568e-01	1.444545988349826837e-01	6.926771138310143516e-02	2.753411323575262817e-02	7.123423637644722695e-02
1.047377251256368709e+03	2.702844509129585515e-01	1.766969475661599176e-01	2.401308221639938956e-01	1.446267401351958026e-01	6.933587718302072767e-02	2.758055140563318852e-02	7.134461063273431214e-02
1.049796136363196410e+03	2.698669239107054363e-01	1.764461648620963552e-01	2.404030104973133852e-01	1.447983685701901557e-01	6.940383683666470627e-02	2.762696333986886313e-02	7.145473198285744176e-02
1.052215021470024112e+03	2.694506509884047607e-01	1.761960471579053500e-01	2.406742765484523316e-01	1.449694856778158403e-01	6.947159117045324794e-02	2.767334772592256256e-02	7.156460073074218109e-02
1.054633906576851814e+03	2.690356283401271753e-01	1.759465925895333238e-01	2.409446246218979182e-01	1.451400929912670112e-01	6.953914100547797794e-02	2.771970327559455244e-02	7.167421717579824936e-02
1.057052791683679516e+03	2.686218521721964181e-01	1.756977992990149395e-01	2.412140589940098556e-01	1.453101920390968416e-01	6.960648715755976546e-02	2.776602872458755131e-02	7.178358161323082631e-02
1.059471676790506763e+03	2.682093187031429071e-01	1.754496654344461226e-01	2.414825839131487795e-01	1.454797843452322048e-01	6.967363043730530336e-02	2.781232283208096706e-02	7.189269433433990997e-02
1.061890561897334692e+03	2.677980241636573888e-01	1.752021891499572215e-01	2.417502035998082555e-01	1.456488714289883857e-01	6.974057165016284143e-02	2.785858438031406370e-02	7.200155562680800314e-02
1.064309447004162394e+03	2.673879647965448636e-01	1.749553686056863899e-01	2.420169222467499215e-01	1.458174548050837072e-01	6.980731159647703132e-02	2.790481217417783641e-02	7.211016577497643409e-02
1.066728332110990095e+03	2.669791368566785672e-01	1.747092019677528030e-01	2.422827440191415715e-01	1.459855359836541300e-01	6.987385107154296671e-02	2.795100504081536250e-02	7.221852506011075534e-02
1.069147217217817570e+03	2.665715366109544515e-01	1.744636874082302613e-01	2.425476730546980153e-01	1.461531164702678520e-01	6.994019086565941845e-02	2.799716182923044430e-02	7.232663376065562311e-02
1.071566102324645271e+03	2.661651603382457210e-01	1.742188231051209624e-01	2.428117134638247965e-01	1.463201977659396857e-01	7.000633176418116776e-02	2.804328140990432899e-02	7.243449215247942108e-02
1.073984987431472746e+03	2.657600043293573133e-01	1.739746072423290491e-01	2.430748693297642149e-01	1.464867813671455465e-01	7.007227454757068708e-02	2.808936267442031440e-02	7.254210050910896157e-02
1.076403872538300675e+03	2.653560648869810468e-01	1.737310380096347140e-01	2.433371447087438189e-01	1.466528687658368579e-01	7.013801999144890498e-02	2.813540453509603273e-02	7.264945910195470813e-02
1.078822757645127922e+03	2.649533383256506558e-01	1.734881136026681925e-01	2.435985436301270346e-01	1.468184614494548179e-01	7.020356886664533280e-02	2.818140592462326302e-02	7.275656820052672780e-02
1.081241642751955851e+03	2.645518209716972158e-01	1.732458322228838665e-01	2.438590700965660163e-01	1.469835609009447486e-01	7.026892193924737240e-02	2.822736579571503632e-02	7.286342807264173382e-02
1.083660527858783553e+03	2.641515091632046230e-01	1.730041920775346187e-01	2.441187280841561891e-01	1.471481685987702515e-01	7.033407997064891615e-02	2.827328312075991223e-02	7.297003898462145477e-02
1.086079412965611255e+03	2.637523992499654080e-01	1.727631913796462970e-01	2.443775215425926794e-01	1.473122860169274462e-01	7.039904371759821144e-02	2.831915689148321175e-02	7.307640120148270468e-02
1.088498298072438729e+03	2.633544875934366591e-01	1.725228283479922631e-01	2.446354543953284666e-01	1.474759146249589870e-01	7.046381393224507295e-02	2.836498611861507785e-02	7.318251498711944580e-02
1.090917183179266431e+03	2.629577705666961140e-01	1.722831012070680234e-01	2.448925305397341989e-01	1.476390558879682458e-01	7.052839136218734539e-02	2.841076983156516980e-02	7.328838060447687153e-02
1.093336068286093905e+03	2.625622445543987493e-01	1.720440081870662496e-01	2.451487538472590100e-01	1.478017112666332178e-01	7.059277675051670031e-02	2.845650707810383831e-02	7.339399831571818966e-02
1.095754953392921607e+03	2.621679059527332045e-01	1.718055475238515484e-01	2.454041281635931104e-01	1.479638822172206214e-01	7.065697083586383598e-02	2.850219692404964283e-02	7.349936838238400882e-02
1.098173838499749309e+03	2.617747511693785389e-01	1.715677174589356480e-01	2.456586573088313796e-01	1.481255701915996925e-01	7.072097435244292796e-02	2.854783845296305841e-02	7.360449106554474430e-02
1.100592723606577010e+03	2.613827766234613215e-01	1.713305162394527237e-01	2.459123450776379283e-01	1.482867766372560625e-01	7.078478803009549680e-02	2.859343076584621238e-02	7.370936662594620992e-02
1.103011608713404712e+03	2.609919787455128870e-01	1.710939421181346398e-01	2.461651952394120213e-01	1.484475029973056637e-01	7.084841259433365124e-02	2.863897298084851217e-02	7.381399532414863185e-02
1.105430493820231959e+03	2.606023539774264819e-01	1.708579933532865247e-01	2.464172115384543893e-01	1.486077507105083573e-01	7.091184876638273460e-02	2.868446423297802902e-02	7.391837742065944517e-02
1.107849378927059888e+03	2.602138987724150199e-01	1.706226682087624569e-01	2.466683976941348999e-01	1.487675212112818390e-01	7.097509726322322188e-02	2.872990367381852983e-02	7.402251317605985925e-02
1.110268264033887590e+03	2.598266095949690602e-01	1.703879649539412344e-01	2.469187574010606179e-01	1.489268159297151006e-01	7.103815879763229757e-02	2.877529047125196998e-02	7.412640285112556682e-02
1.112687149140715292e+03	2.594404829208143970e-01	1.701538818637022277e-01	2.471682943292443368e-01	1.490856362915821409e-01	7.110103407822458699e-02	2.882062380918636729e-02	7.423004670694173524e-02
1.115106034247542766e+03	2.590555152368707037e-01	1.699204172184015094e-01	2.474170121242741660e-01	1.492439837183555384e-01	7.116372380949241572e-02	2.886590288728890785e-02	7.433344500501255780e-02
1.117524919354370468e+03	2.586717030412095109e-01	1.696875693038480126e-01	2.476649144074831443e-01	1.494018596272199406e-01	7.122622869184558336e-02	2.891112692072417972e-02	7.443659800736539267e-02
1.119943804461197942e+03	2.582890428430132390e-01	1.694553364112798832e-01	2.479120047761193546e-01	1.495592654310855529e-01	7.128854942165047115e-02	2.895629513989740611e-02	7.453950597664987798e-02
1.122362689568025871e+03	2.579075311625336209e-01	1.692237168373409428e-01	2.481582868035163703e-01	1.497162025386015727e-01	7.135068669126867769e-02	2.900140679020256351e-02	7.464216917623205105e-02
1.124781574674853118e+03	2.575271645310509561e-01	1.689927088840572911e-01	2.484037640392640356e-01	1.498726723541695394e-01	7.141264118909505798e-02	2.904646113177527730e-02	7.474458787028366580e-02
1.127200459781681047e+03	2.571479394908332550e-01	1.687623108588139909e-01	2.486484400093793290e-01	1.500286762779566296e-01	7.147441359959536000e-02	2.909145743925037678e-02	7.484676232386695827e-02
1.129619344888508749e+03	2.567698525950953825e-01	1.685325210743319757e-01	2.488923182164773096e-01	1.501842157059089800e-01	7.153600460334316735e-02	2.913639500152403333e-02	7.494869280301498515e-02
1.132038229995336451e+03	2.563929004079592011e-01	1.683033378486450682e-01	2.491354021399421470e-01	1.503392920297648983e-01	7.159741487705652274e-02	2.918127312152032915e-02	7.505037957480756305e-02
1.134457115102163925e+03	2.560170795044128256e-01	1.680747595050771925e-01	2.493776952360981514e-01	1.504939066370680478e-01	7.165864509363401025e-02	2.922609111596220430e-02	7.515182290744323867e-02
1.136876000208991627e+03	2.556423864702708215e-01	1.678467843722194486e-01	2.496192009383807475e-01	1.506480609111806312e-01	7.171969592219019918e-02	2.927084831514664698e-02	7.525302307030710958e-02
1.139294885315819101e+03	2.552688179021343484e-01	1.676194107839077962e-01	2.498599226575072274e-01	1.508017562312963245e-01	7.178056802809082426e-02	2.931554406272406793e-02	7.535398033403498119e-02
1.141713770422646803e+03	2.548963704073516356e-01	1.673926370792002682e-01	2.500998637816473913e-01	1.509549939724534884e-01	7.184126207298738298e-02	2.936017771548173061e-02	7.545469497057362418e-02
1.144132655529474505e+03	2.545250406039783475e-01	1.671664616023549599e-01	2.503390276765940503e-01	1.511077755055481031e-01	7.190177871485130268e-02	2.940474864313116776e-02	7.555516725323761784e-02
1.146551540636302207e+03	2.541548251207382814e-01	1.669408827028076303e-01	2.505774176859331681e-01	1.512601021973466742e-01	7.196211860800762194e-02	2.944925622809949767e-02	7.565539745676269634e-02
1.148970425743129908e+03	2.537857205969846763e-01	1.667158987351496924e-01	2.508150371312135030e-01	1.514119754104991666e-01	7.202228240316825569e-02	2.949369986532453247e-02	7.575538585735575037e-02
1.151389310849957155e+03	2.534177236826609669e-01	1.664915080591063967e-01	2.510518893121161943e-01	1.515633965035518838e-01	7.208227074746480223e-02	2.953807896205363354e-02	7.585513273274167856e-02
1.153808195956785084e+03	2.530508310382622583e-01	1.662677090395148216e-01	2.512879775066237942e-01	1.517143668309602622e-01	7.214208428448096178e-02	2.958239293764619235e-02	7.595463836220717191e-02
1.156227081063612786e+03	2.526850393347969126e-01	1.660445000463025012e-01	2.515233049711887436e-01	1.518648877431016397e-01	7.220172365428453864e-02	2.962664122337966763e-02	7.605390302664147284e-02
1.158645966170440488e+03	2.523203452537479130e-01	1.658218794544655816e-01	2.517578749409016825e-01	1.520149605862879394e-01	7.226118949345888831e-02	2.967082326225912656e-02	7.615292700857440034e-02
1.161064851277267962e+03	2.519567454870351719e-01	1.655998456440476163e-01	2.519916906296585934e-01	1.521645867027783261e-01	7.232048243513417018e-02	2.971493850883018262e-02	7.625171059221146075e-02
1.163483736384095664e+03	2.515942367369771726e-01	1.653783970001182768e-01	2.522247552303282792e-01	1.523137674307919465e-01	7.237960310901803140e-02	2.975898642899528143e-02	7.635025406346648835e-02
1.165902621490923138e+03	2.512328157162534992e-01	1.651575319127521202e-01	2.524570719149184517e-01	1.524625041045205021e-01	7.243855214142598531e-02	2.980296649983324442e-02	7.644855770999157973e-02
1.168321506597751068e+03	2.508724791478673111e-01	1.649372487770076612e-01	2.526886438347417108e-01	1.526107980541406006e-01	7.249733015531134583e-02	2.984687820942200781e-02	7.654662182120477998e-02
1.170740391704578315e+03	2.505132237651074845e-01	1.647175459929063612e-01	2.529194741205804120e-01	1.527586506058265514e-01	7.255593777029482883e-02	2.989072105666448070e-02	7.664444668831522922e-02
1.173159276811406244e+03	2.501550463115119749e-01	1.644984219654120339e-01	2.531495658828514794e-01	1.529060630817624944e-01	7.261437560269370928e-02	2.993449455111747010e-02	7.674203260434613039e-02
1.175578161918233945e+03	2.497979435408304305e-01	1.642798751044101113e-01	2.533789222117697748e-01	1.530530368001550567e-01	7.267264426555071488e-02	2.997819821282362088e-02	7.683937986415552424e-02
1.177997047025061647e+03	2.494419122169874159e-01	1.640619038246871053e-01	2.536075461775113005e-01	1.531995730752456486e-01	7.273074436866246162e-02	3.002183157214624240e-02	7.693648876445505214e-02
1.180415932131889122e+03	2.490869491140457748e-01	1.638445065459102901e-01	2.538354408303752363e-01	1.533456732173227588e-01	7.278867651860757015e-02	3.006539416960706326e-02	7.703335960382655390e-02
1.182834817238716823e+03	2.487330510161700203e-01	1.636276816926074407e-01	2.540626092009454773e-01	1.534913385327341950e-01	7.284644131877440754e-02	3.010888555572673736e-02	7.712999268273690312e-02
1.185253702345544298e+03	2.483802147175901975e-01	1.634114276941466271e-01	2.542890543002514492e-01	1.536365703238994906e-01	7.290403936938850971e-02	3.015230529086814978e-02	7.722638830355084416e-02
1.187672587452371999e+03	2.480284370225655233e-01	1.631957429847162300e-01	2.545147791199274256e-01	1.537813698893218117e-01	7.296147126753969869e-02	3.019565294508238726e-02	7.732254677054216374e-02
1.190091472559199701e+03	2.476777147453485262e-01	1.629806260033051513e-01	2.547397866323720117e-01	1.539257385236003917e-01	7.301873760720872797e-02	3.023892809795736963e-02	7.741846838990312785e-02
1.192510357666027403e+03	2.473280447101492696e-01	1.627660751936829131e-01	2.549640797909056289e-01	1.540696775174425215e-01	7.307583897929377514e-02	3.028213033846904531e-02	7.751415346975215614e-02
1.194929242772855105e+03	2.469794237510996304e-01	1.625520890043800348e-01	2.551876615299282780e-01	1.542131881576755403e-01	7.313277597163649058e-02	3.032525926483512976e-02	7.760960232014017801e-02
1.197348127879682352e+03	2.466318487122178549e-01	1.623386658886686040e-01	2.554105347650755253e-01	1.543562717272590201e-01	7.318954916904775454e-02	3.036831448437133513e-02	7.770481525305522608e-02
1.199767012986510281e+03	2.462853164473732537e-01	1.621258043045426811e-01	2.556327023933738785e-01	1.544989295052966449e-01	7.324615915333312910e-02	3.041129561334999717e-02	7.779979258242573914e-02
1.202185898093337983e+03	2.459398238202511744e-01	1.619135027146992312e-01	2.558541672933952738e-01	1.546411627670481459e-01	7.330260650331799077e-02	3.045420227686111703e-02	7.789453462412242180e-02
1.204604783200165684e+03	2.455953677043179462e-01	1.617017595865188062e-01	2.560749323254103982e-01	1.547829727839411806e-01	7.335889179487239953e-02	3.049703410867571005e-02	7.798904169595881342e-02
1.207023668306993159e+03	2.452519449827861020e-01	1.614905733920465047e-01	2.562950003315416780e-01	1.549243608235833514e-01	7.341501560093559309e-02	3.053979075111145497e-02	7.808331411769056651e-02
1.209442553413820860e+03	2.449095525485798230e-01	1.612799426079731535e-01	2.565143741359141583e-01	1.550653281497738345e-01	7.347097849154024529e-02	3.058247185490058084e-02	7.817735221101348997e-02
1.211861438520648335e+03	2.445681873043002996e-01	1.610698657156163227e-01	2.567330565448066038e-01	1.552058760225152045e-01	7.352678103383643304e-02	3.062507707905992582e-02	7.827115629956046816e-02
1.214280323627476264e+03	2.442278461621917030e-01	1.608603412009017020e-01	2.569510503468009355e-01	1.553460056980252857e-01	7.358242379211521467e-02	3.066760609076318173e-02	7.836472670889728376e-02
1.216699208734303511e+03	2.438885260441068514e-01	1.606513675543445041e-01	2.571683583129306117e-01	1.554857184287486427e-01	7.363790732783212500e-02	3.071005856521522373e-02	7.845806376651728864e-02
1.219118093841131440e+03	2.435502238814732656e-01	1.604429432710310632e-01	2.573849831968285096e-01	1.556250154633684601e-01	7.369323219963022642e-02	3.075243418552852520e-02	7.855116780183518665e-02
1.221536978947959142e+03	2.432129366152594729e-01	1.602350668506002940e-01	2.576009277348733084e-01	1.557638980468179501e-01	7.374839896336291001e-02	3.079473264260156051e-02	7.864403914617974778e-02
1.223955864054786844e+03	2.428766611959412014e-01	1.600277367972256504e-01	2.578161946463348730e-01	1.559023674202920928e-01	7.380340817211650251e-02	3.083695363499924444e-02	7.873667813278564798e-02
1.226374749161614318e+03	2.425413945834679341e-01	1.598209516195968072e-01	2.580307866335191380e-01	1.560404248212590717e-01	7.385826037623255402e-02	3.087909686883528321e-02	7.882908509678442088e-02
1.228793634268442020e+03	2.422071337472297414e-01	1.596147098309017853e-01	2.582447063819111044e-01	1.561780714834717643e-01	7.391295612332982046e-02	3.092116205765644069e-02	7.892126037519454906e-02
1.231212519375269494e+03	2.418738756660238076e-01	1.594090099488088830e-01	2.584579565603176143e-01	1.563153086369793165e-01	7.396749595832607937e-02	3.096314892232870236e-02	7.901320430691080587e-02
1.233631404482097196e+03	2.415416173280216794e-01	1.592038504954489397e-01	2.586705398210084050e-01	1.564521375081383836e-01	7.402188042345972385e-02	3.100505719092523996e-02	7.910491723269277853e-02
1.236050289588924898e+03	2.412103557307362089e-01	1.589992299973977119e-01	2.588824587998567739e-01	1.565885593196246206e-01	7.407611005831088447e-02	3.104688659861619404e-02	7.919639949515266952e-02
1.238469174695752372e+03	2.408800878809889967e-01	1.587951469856581366e-01	2.590937161164785785e-01	1.567245752904440348e-01	7.413018539982256516e-02	3.108863688756023994e-02	7.928765143874250132e-02
1.240888059802580301e+03	2.405508107948776675e-01	1.585915999956429845e-01	2.593043143743704038e-01	1.568601866359442265e-01	7.418410698232141831e-02	3.113030780679785364e-02	7.937867340974054386e-02
1.243306944909407548e+03	2.402225214977436463e-01	1.583885875671573462e-01	2.595142561610466747e-01	1.569953945678256857e-01	7.423787533753828383e-02	3.117189911214630210e-02	7.946946575623721476e-02
1.245725830016235477e+03	2.398952170241397397e-01	1.581861082443814237e-01	2.597235440481759361e-01	1.571302002941529774e-01	7.429149099462845074e-02	3.121341056609630571e-02	7.956002882812032717e-02
1.248144715123063179e+03	2.395688944177981061e-01	1.579841605758534051e-01	2.599321805917158557e-01	1.572646050193659828e-01	7.434495448019177999e-02	3.125484193771030372e-02	7.965036297705982427e-02
1.250563600229890881e+03	2.392435507315983645e-01	1.577827431144523118e-01	2.601401683320466729e-01	1.573986099442909459e-01	7.439826631829257741e-02	3.129619300252237807e-02	7.974046855649198629e-02
1.252982485336718355e+03	2.389191830275356199e-01	1.575818544173810953e-01	2.603475097941048144e-01	1.575322162661517422e-01	7.445142703047917532e-02	3.133746354243970023e-02	7.983034592160315190e-02
1.255401370443546057e+03	2.385957883766889331e-01	1.573814930461497619e-01	2.605542074875140113e-01	1.576654251785808147e-01	7.450443713580338911e-02	3.137865334564556019e-02	7.991999542931289835e-02
1.257820255550373531e+03	2.382733638591897352e-01	1.571816575665587190e-01	2.607602639067164163e-01	1.577982378716302203e-01	7.455729715083961318e-02	3.141976220650390811e-02	8.000941743825681907e-02
1.260239140657201460e+03	2.379519065641905740e-01	1.569823465486817893e-01	2.609656815311020561e-01	1.579306555317827043e-01	7.461000758970388891e-02	3.146078992546536696e-02	8.009861230876900995e-02
1.262658025764028707e+03	2.376314135898338065e-01	1.567835585668501119e-01	2.611704628251376170e-01	1.580626793419626364e-01	7.466256896407259813e-02	3.150173630897474403e-02	8.018758040286390332e-02
1.265076910870856636e+03	2.373118820432204290e-01	1.565852921996352676e-01	2.613746102384938430e-01	1.581943104815468348e-01	7.471498178320103156e-02	3.154260116937993713e-02	8.027632208421801863e-02
1.267495795977684338e+03	2.369933090403793519e-01	1.563875460298332354e-01	2.615781262061719903e-01	1.583255501263755860e-01	7.476724655394174912e-02	3.158338432484228409e-02	8.036483771815117194e-02
1.269914681084511813e+03	2.366756917062363685e-01	1.561903186444479619e-01	2.617810131486292824e-01	1.584563994487633853e-01	7.481936378076266270e-02	3.162408559924827223e-02	8.045312767160739398e-02
1.272333566191339514e+03	2.363590271745837079e-01	1.559936086346752349e-01	2.619832734719032552e-01	1.585868596175098177e-01	7.487133396576503563e-02	3.166470482212263571e-02	8.054119231313566774e-02
1.274752451298167216e+03	2.360433125880493643e-01	1.557974145958866130e-01	2.621849095677349362e-01	1.587169317979103267e-01	7.492315760870117691e-02	3.170524182854275730e-02	8.062903201287022203e-02
1.277171336404994690e+03	2.357285450980668162e-01	1.556017351276134386e-01	2.623859238136910799e-01	1.588466171517669279e-01	7.497483520699199655e-02	3.174569645905438858e-02	8.071664714251072792e-02
1.279590221511822392e+03	2.354147218648447726e-01	1.554065688335310447e-01	2.625863185732854599e-01	1.589759168373989229e-01	7.502636725574438059e-02	3.178606855958868160e-02	8.080403807530212035e-02
1.282009106618650094e+03	2.351018400573370581e-01	1.552119143214428787e-01	2.627860961960988284e-01	1.591048320096535573e-01	7.507775424776831630e-02	3.182635798138045563e-02	8.089120518601429499e-02
1.284427991725477568e+03	2.347898968532126096e-01	1.550177702032648486e-01	2.629852590178981542e-01	1.592333638199166512e-01	7.512899667359390632e-02	3.186656458088771987e-02	8.097814885092152748e-02
1.286846876832305497e+03	2.344788894388256661e-01	1.548241350950097517e-01	2.631838093607544726e-01	1.593615134161232016e-01	7.518009502148810530e-02	3.190668821971241048e-02	8.106486944778176773e-02
1.289265761939132744e+03	2.341688150091862097e-01	1.546310076167717318e-01	2.633817495331599590e-01	1.594892819427680131e-01	7.523104977747135935e-02	3.194672876452233495e-02	8.115136735581575389e-02
1.291684647045960673e+03	2.338596707679301834e-01	1.544383863927108469e-01	2.635790818301439464e-01	1.596166705409160780e-01	7.528186142533405123e-02	3.198668608697428917e-02	8.123764295568591809e-02
1.294103532152788375e+03	2.335514539272902090e-01	1.542462700510378315e-01	2.637758085333877789e-01	1.597436803482131795e-01	7.533253044665275122e-02	3.202656006363831936e-02	8.132369662947526445e-02
1.296522417259616077e+03	2.332441617080662777e-01	1.540546572239988032e-01	2.639719319113385532e-01	1.598703124988962998e-01	7.538305732080621824e-02	3.206635057592315680e-02	8.140952876066599730e-02
1.298941302366443551e+03	2.329377913395965227e-01	1.538635465478601361e-01	2.641674542193223063e-01	1.599965681238040838e-01	7.543344252499141478e-02	3.210605751000271402e-02	8.149513973411813550e-02
1.301360187473271253e+03	2.326323400597282709e-01	1.536729366628934446e-01	2.643623776996555375e-01	1.601224483503870810e-01	7.548368653423917496e-02	3.214568075674375386e-02	8.158052993604800185e-02
1.303779072580098727e+03	2.323278051147890377e-01	1.534828262133604848e-01	2.645567045817563967e-01	1.602479543027183484e-01	7.553378982142977538e-02	3.218522021163455066e-02	8.166569975400664316e-02
1.306197957686926657e+03	2.320241837595578838e-01	1.532932138474984440e-01	2.647504370822542086e-01	1.603730871015035531e-01	7.558375285730835336e-02	3.222467577471468253e-02	8.175064957685809763e-02
1.308616842793753904e+03	2.317214732572366875e-01	1.531040982175050635e-01	2.649435774050983849e-01	1.604978478640913253e-01	7.563357611050014473e-02	3.226404735050583672e-02	8.183537979475771773e-02
1.311035727900581833e+03	2.314196708794215573e-01	1.529154779795239283e-01	2.651361277416664497e-01	1.606222377044835281e-01	7.568326004752556901e-02	3.230333484794364191e-02	8.191989079913046534e-02
1.313454613007409534e+03	2.311187739060746316e-01	1.527273517936298952e-01	2.653280902708706201e-01	1.607462577333454157e-01	7.573280513281510640e-02	3.234253818031049971e-02	8.200418298264899875e-02
1.315873498114237009e+03	2.308187796254956015e-01	1.525397183238144938e-01	2.655194671592637223e-01	1.608699090580158753e-01	7.578221182872410533e-02	3.238165726516942927e-02	8.208825673921192612e-02
1.318292383221064711e+03	2.305196853342937058e-01	1.523525762379714654e-01	2.657102605611442181e-01	1.609931927825175857e-01	7.583148059554738196e-02	3.242069202429886249e-02	8.217211246392192026e-02
1.320711268327892412e+03	2.302214883373596699e-01	1.521659242078825247e-01	2.659004726186599554e-01	1.611161100075669816e-01	7.588061189153365305e-02	3.245964238362842452e-02	8.225575055306391659e-02
1.323130153434719887e+03	2.299241859478377281e-01	1.519797609092029267e-01	2.660901054619111417e-01	1.612386618305845509e-01	7.592960617289987169e-02	3.249850827317560253e-02	8.233917140408325563e-02
1.325549038541547588e+03	2.296277754870980348e-01	1.517940850214473114e-01	2.662791612090523730e-01	1.613608493457047155e-01	7.597846389384535493e-02	3.253728962698342053e-02	8.242237541556386715e-02
1.327967923648375290e+03	2.293322542847088530e-01	1.516088952279755764e-01	2.664676419663934981e-01	1.614826736437859067e-01	7.602718550656581420e-02	3.257598638305894689e-02	8.250536298720644035e-02
1.330386808755202765e+03	2.290376196784091045e-01	1.514241902159788322e-01	2.666555498284998160e-01	1.616041358124205574e-01	7.607577146126720535e-02	3.261459848331272476e-02	8.258813451980673292e-02
1.332805693862030694e+03	2.287438690140808362e-01	1.512399686764654139e-01	2.668428868782913299e-01	1.617252369359450104e-01	7.612422220617948154e-02	3.265312587349911838e-02	8.267069041523372741e-02
1.335224578968857941e+03	2.284509996457221581e-01	1.510562293042471693e-01	2.670296551871404467e-01	1.618459780954494553e-01	7.617253818757011019e-02	3.269156850315748514e-02	8.275303107640807898e-02
1.337643464075685870e+03	2.281590089354198214e-01	1.508729707979253321e-01	2.672158568149697322e-01	1.619663603687878095e-01	7.622071984975758996e-02	3.272992632555420112e-02	8.283515690728039671e-02
1.340062349182513572e+03	2.278678942533222951e-01	1.506901918598770318e-01	2.674014938103480010e-01	1.620863848305875987e-01	7.626876763512471791e-02	3.276819929762553318e-02	8.291706831280969137e-02
1.342481234289341273e+03	2.275776529776128154e-01	1.505078911962416111e-01	2.675865682105857957e-01	1.622060525522596441e-01	7.631668198413173176e-02	3.280638737992132986e-02	8.299876569894192035e-02
1.344900119396168748e+03	2.272882824944825464e-01	1.503260675169069416e-01	2.677710820418297555e-01	1.623253646020080543e-01	7.636446333532942443e-02	3.284449053654955875e-02	8.308024947258850490e-02
1.347319004502996449e+03	2.269997801981039065e-01	1.501447195354961017e-01	2.679550373191563750e-01	1.624443220448398284e-01	7.641211212537196706e-02	3.288250873512159334e-02	8.316152004160502764e-02
1.349737889609823924e+03	2.267121434906038402e-01	1.499638459693537762e-01	2.681384360466645411e-01	1.625629259425745987e-01	7.645962878902971827e-02	3.292044194669829088e-02	8.324257781476993023e-02
1.352156774716651853e+03	2.264253697820375610e-01	1.497834455395330167e-01	2.683212802175676259e-01	1.626811773538543449e-01	7.650701375920186675e-02	3.295829014573688209e-02	8.332342320176337747e-02
1.354575659823479100e+03	2.261394564903620175e-01	1.496035169707819190e-01	2.685035718142839700e-01	1.627990773341530251e-01	7.655426746692897688e-02	3.299605331003858943e-02	8.340405661314614916e-02
1.356994544930307029e+03	2.258544010414096637e-01	1.494240589915304118e-01	2.686853128085272546e-01	1.629166269357862906e-01	7.660139034140529823e-02	3.303373142069700175e-02	8.348447846033874020e-02
1.359413430037134731e+03	2.255702008688623694e-01	1.492450703338772666e-01	2.688665051613954859e-01	1.630338272079208950e-01	7.664838280999113074e-02	3.307132446204714971e-02	8.356468915560040511e-02
1.361832315143962205e+03	2.252868534142253298e-01	1.490665497335767753e-01	2.690471508234593134e-01	1.631506791965844638e-01	7.669524529822492609e-02	3.310883242161540008e-02	8.364468911200843848e-02
1.364251200250789907e+03	2.250043561268011416e-01	1.488884959300260102e-01	2.692272517348496819e-01	1.632671839446749040e-01	7.674197822983529205e-02	3.314625529006996751e-02	8.372447874343751095e-02
1.366670085357617609e+03	2.247227064636641292e-01	1.487109076662518625e-01	2.694068098253442067e-01	1.633833424919699795e-01	7.678858202675292732e-02	3.318359306117215496e-02	8.380405846453919949e-02
1.369088970464445310e+03	2.244419018896345042e-01	1.485337836888980800e-01	2.695858270144529945e-01	1.634991558751366370e-01	7.683505710912240383e-02	3.322084573172831568e-02	8.388342869072151764e-02
1.371507855571272785e+03	2.241619398772527472e-01	1.483571227482125832e-01	2.697643052115034079e-01	1.636146251277406649e-01	7.688140389531385177e-02	3.325801330154247448e-02	8.396258983812864007e-02
1.373926740678100487e+03	2.238828179067542667e-01	1.481809235980348083e-01	2.699422463157244989e-01	1.637297512802558808e-01	7.692762280193449209e-02	3.329509577336960124e-02	8.404154232362080756e-02
1.376345625784927961e+03	2.236045334660438644e-01	1.480051849957829679e-01	2.701196522163298863e-01	1.638445353600736509e-01	7.697371424384011340e-02	3.333209315286957825e-02	8.412028656475425969e-02
1.378764510891755890e+03	2.233270840506705601e-01	1.478299057024415886e-01	2.702965247926005232e-01	1.639589783915121890e-01	7.701967863414636850e-02	3.336900544856179901e-02	8.419882297976137575e-02
1.381183395998583137e+03	2.230504671638023906e-01	1.476550844825489095e-01	2.704728659139658542e-01	1.640730813958259093e-01	7.706551638423998762e-02	3.340583267178039856e-02	8.427715198753088499e-02
1.383602281105411066e+03	2.227746803162013733e-01	1.474807201041845039e-01	2.706486774400853057e-01	1.641868453912146697e-01	7.711122790378996394e-02	3.344257483663011510e-02	8.435527400758834060e-02
1.386021166212238768e+03	2.224997210261985270e-01	1.473068113389570111e-01	2.708239612209278335e-01	1.643002713928330139e-01	7.715681360075847539e-02	3.347923195994279705e-02	8.443318946007656589e-02
1.388440051319066470e+03	2.222255868196690021e-01	1.471333569619916459e-01	2.709987190968513038e-01	1.644133604127994974e-01	7.720227388141183422e-02	3.351580406123449291e-02	8.451089876573639192e-02
1.390858936425893944e+03	2.219522752300074064e-01	1.469603557519180981e-01	2.711729528986809856e-01	1.645261134602057362e-01	7.724760915033124231e-02	3.355229116266315176e-02	8.458840234588749230e-02
1.393277821532721646e+03	2.216797837981030472e-01	1.467878064908584024e-01	2.713466644477871559e-01	1.646385315411257322e-01	7.729281981042351868e-02	3.358869328898689971e-02	8.466570062240928729e-02
1.395696706639549120e+03	2.214081100723154782e-01	1.466157079644146988e-01	2.715198555561621485e-01	1.647506156586248938e-01	7.733790626293167436e-02	3.362501046752294775e-02	8.474279401772218112e-02
1.398115591746377049e+03	2.211372516084499362e-01	1.464440589616572974e-01	2.716925280264963494e-01	1.648623668127691955e-01	7.738286890744537627e-02	3.366124272810698537e-02	8.481968295476881303e-02
1.400534476853204296e+03	2.208672059697331935e-01	1.462728582751126327e-01	2.718646836522538579e-01	1.649737860006342538e-01	7.742770814191134165e-02	3.369739010305324717e-02	8.489636785699540555e-02
1.402953361960032225e+03	2.205979707267890777e-01	1.461021047007514673e-01	2.720363242177467611e-01	1.650848742163144034e-01	7.747242436264364929e-02	3.373345262711507919e-02	8.497284914833345970e-02
1.405372247066859927e+03	2.203295434576144907e-01	1.459317970379769291e-01	2.722074514982094628e-01	1.651956324509316065e-01	7.751701796433391189e-02	3.376943033744600475e-02	8.504912725318149180e-02
1.407791132173687402e+03	2.200619217475553446e-01	1.457619340896127713e-01	2.723780672598715702e-01	1.653060616926445570e-01	7.756148934006133755e-02	3.380532327356144257e-02	8.512520259638689524e-02
1.410210017280515103e+03	2.197951031892825258e-01	1.455925146618916310e-01	2.725481732600304463e-01	1.654161629266576450e-01	7.760583888130277719e-02	3.384113147730086896e-02	8.520107560322805196e-02
1.412628902387342805e+03	2.195290853827681354e-01	1.454235375644434003e-01	2.727177712471229309e-01	1.655259371352298114e-01	7.765006697794260559e-02	3.387685499279053519e-02	8.527674669939652730e-02
1.415047787494170507e+03	2.192638659352617037e-01	1.452550016102835961e-01	2.728868629607963947e-01	1.656353852976835683e-01	7.769417401828253300e-02	3.391249386640671215e-02	8.535221631097950068e-02
1.417466672600997981e+03	2.189994424612664581e-01	1.450869056158018144e-01	2.730554501319790162e-01	1.657445083904137140e-01	7.773816038905126402e-02	3.394804814673941379e-02	8.542748486444229350e-02
1.419885557707825683e+03	2.187358125825159261e-01	1.449192484007502946e-01	2.732235344829494483e-01	1.658533073868963537e-01	7.778202647541426762e-02	3.398351788455666184e-02	8.550255278661107738e-02
1.422304442814653157e+03	2.184729739279502869e-01	1.447520287882323731e-01	2.733911177274055970e-01	1.659617832576976149e-01	7.782577266098314461e-02	3.401890313276921540e-02	8.557742050465579065e-02
1.424723327921481086e+03	2.182109241336931682e-01	1.445852456046913259e-01	2.735582015705330106e-01	1.660699369704824180e-01	7.786939932782521723e-02	3.405420394639577242e-02	8.565208844607315186e-02
1.427142213028308333e+03	2.179496608430281923e-01	1.444188976798987945e-01	2.737247877090722703e-01	1.661777694900233859e-01	7.791290685647278558e-02	3.408942038252871232e-02	8.572655703866990939e-02
1.429561098135136262e+03	2.176891817063759116e-01	1.442529838469437387e-01	2.738908778313860481e-01	1.662852817782094206e-01	7.795629562593246742e-02	3.412455250030023424e-02	8.580082671054616028e-02
1.431979983241963964e+03	2.174294843812706879e-01	1.440875029422212239e-01	2.740564736175252758e-01	1.663924747940544457e-01	7.799956601369432974e-02	3.415960036084904339e-02	8.587489789007893282e-02
1.434398868348791666e+03	2.171705665323377388e-01	1.439224538054212077e-01	2.742215767392944259e-01	1.664993494937061780e-01	7.804271839574108971e-02	3.419456402728739824e-02	8.594877100590589403e-02
1.436817753455619140e+03	2.169124258312701004e-01	1.437578352795174652e-01	2.743861888603166821e-01	1.666059068304547031e-01	7.808575314655699651e-02	3.422944356466871979e-02	8.602244648690919593e-02
1.439236638562446842e+03	2.166550599568059232e-01	1.435936462107566536e-01	2.745503116360982210e-01	1.667121477547410802e-01	7.812867063913692123e-02	3.426423903995555464e-02	8.609592476219952994e-02
1.441655523669274316e+03	2.163984665947057129e-01	1.434298854486472374e-01	2.747139467140914393e-01	1.668180732141660572e-01	7.817147124499508604e-02	3.429895052198801003e-02	8.616920626110034787e-02
1.444074408776102018e+03	2.161426434377296812e-01	1.432665518459486642e-01	2.748770957337583476e-01	1.669236841534984250e-01	7.821415533417390431e-02	3.433357808145266754e-02	8.624229141313220770e-02
1.446493293882929493e+03	2.158875881856152368e-01	1.431036442586604562e-01	2.750397603266325763e-01	1.670289815146837886e-01	7.825672327525264038e-02	3.436812179085185076e-02	8.631518064799732770e-02
1.448912178989757422e+03	2.156332985450545026e-01	1.429411615460113860e-01	2.752019421163813262e-01	1.671339662368529488e-01	7.829917543535606927e-02	3.440258172447334395e-02	8.638787439556427916e-02
1.451331064096585123e+03	2.153797722296718342e-01	1.427791025704487904e-01	2.753636427188662084e-01	1.672386392563304791e-01	7.834151218016298379e-02	3.443695795836053397e-02	8.646037308585287351e-02
1.453749949203412370e+03	2.151270069600018098e-01	1.426174661976278568e-01	2.755248637422040292e-01	1.673430015066431076e-01	7.838373387391467384e-02	3.447125057028297551e-02	8.653267714901914653e-02
1.456168834310240300e+03	2.148750004634668032e-01	1.424562512964009098e-01	2.756856067868264648e-01	1.674470539185281825e-01	7.842584087942330862e-02	3.450545963970729629e-02	8.660478701534063406e-02
1.458587719417068001e+03	2.146237504743549740e-01	1.422954567388068914e-01	2.758458734455391248e-01	1.675507974199420824e-01	7.846783355808023552e-02	3.453958524776856720e-02	8.667670311520167536e-02
1.461006604523895703e+03	2.143732547337981742e-01	1.421350814000608143e-01	2.760056653035807273e-01	1.676542329360685979e-01	7.850971226986422358e-02	3.457362747724205404e-02	8.674842587907893865e-02
1.463425489630723177e+03	2.141235109897501321e-01	1.419751241585432144e-01	2.761649839386807193e-01	1.677573613893272864e-01	7.855147737334963742e-02	3.460758641251530238e-02	8.681995573752718243e-02
1.465844374737550879e+03	2.138745169969645255e-01	1.418155838957898263e-01	2.763238309211170640e-01	1.678601836993818264e-01	7.859312922571452809e-02	3.464146213956067338e-02	8.689129312116503079e-02
1.468263259844378354e+03	2.136262705169731380e-01	1.416564594964810908e-01	2.764822078137731953e-01	1.679627007831482333e-01	7.863466818274859882e-02	3.467525474590820583e-02	8.696243846066099847e-02
1.470682144951206283e+03	2.133787693180643763e-01	1.414977498484318308e-01	2.766401161721940838e-01	1.680649135548032691e-01	7.867609459886125423e-02	3.470896432061885972e-02	8.703339218671973798e-02
1.473101030058033530e+03	2.131320111752615654e-01	1.413394538425810365e-01	2.767975575446423586e-01	1.681668229257925473e-01	7.871740882708938569e-02	3.474259095425816235e-02	8.710415473006828668e-02
1.475519915164861459e+03	2.128859938703013821e-01	1.411815703729815963e-01	2.769545334721535412e-01	1.682684298048389149e-01	7.875861121910522622e-02	3.477613473887013890e-02	8.717472652144264700e-02
1.477938800271689161e+03	2.126407151916125116e-01	1.410240983367900269e-01	2.771110454885902796e-01	1.683697350979505014e-01	7.879970212522408035e-02	3.480959576795165933e-02	8.724510799157438046e-02
1.480357685378516862e+03	2.123961729342943028e-01	1.408670366342565095e-01	2.772670951206970824e-01	1.684707397084289349e-01	7.884068189441199859e-02	3.484297413642713920e-02	8.731529957117747931e-02
1.482776570485344337e+03	2.121523649000954526e-01	1.407103841687145640e-01	2.774226838881535540e-01	1.685714445368775849e-01	7.888155087429338241e-02	3.487626994062352492e-02	8.738530169093533528e-02
