1.001418434226643626e+03	2.784608252465951561e-01	1.816098397664246133e-01	2.347737569965215321e-01	1.412123251029045179e-01	6.802987497068806177e-02	2.669533587171899619e-02	6.921804204484315048e-02
1.002869765290740247e+03	2.781954295391761423e-01	1.814516677970615943e-01	2.349482719561855615e-01	1.413207096764047821e-01	6.807346129477029328e-02	2.672333600773884113e-02	6.928712372835879596e-02
1.004321096354836754e+03	2.779305125900059514e-01	1.812937481533884732e-01	2.351224233153017540e-01	1.414289006117497305e-01	6.811696661785751616e-02	2.675133747610686230e-02	6.935611123528570565e-02
1.005772427418933376e+03	2.776660735236878841e-01	1.811360804071864006e-01	2.352962121195626144e-01	1.415368982575478940e-01	6.816039114468147586e-02	2.677933987058473200e-02	6.942500467644500961e-02
1.007223758483029997e+03	2.774021114665353727e-01	1.809786641310925370e-01	2.354696394109336288e-01	1.416447029617723397e-01	6.820373507910901245e-02	2.680734278949279195e-02	6.949380416076030020e-02
1.008675089547126618e+03	2.771386255465681514e-01	1.808214988985978877e-01	2.356427062276521822e-01	1.417523150717620584e-01	6.824699862414820850e-02	2.683534583565724135e-02	6.956250979531022893e-02
1.010126420611223239e+03	2.768756148935084815e-01	1.806645842840450822e-01	2.358154136042267535e-01	1.418597349342231306e-01	6.829018198195456468e-02	2.686334861635809521e-02	6.963112168537995139e-02
1.011577751675319632e+03	2.766130786387769325e-01	1.805079198626262094e-01	2.359877625714366656e-01	1.419669628952298923e-01	6.833328535383703661e-02	2.689135074327783995e-02	6.969963993451153139e-02
1.013029082739416367e+03	2.763510159154889401e-01	1.803515052103805139e-01	2.361597541563323355e-01	1.420739993002262391e-01	6.837630894026405781e-02	2.691935183245077259e-02	6.976806464455329038e-02
1.014480413803512761e+03	2.760894258584506433e-01	1.801953399041923420e-01	2.363313893822357181e-01	1.421808444940268201e-01	6.841925294086952103e-02	2.694735150421305458e-02	6.983639591570807437e-02
1.015931744867609382e+03	2.758283076041551096e-01	1.800394235217888106e-01	2.365026692687414722e-01	1.422874988208181757e-01	6.846211755445864855e-02	2.697534938315341788e-02	6.990463384658049395e-02
1.017383075931706003e+03	2.755676602907785600e-01	1.798837556417377248e-01	2.366735948317182370e-01	1.423939626241600143e-01	6.850490297901386250e-02	2.700334509806457187e-02	6.997277853422315119e-02
1.018834406995802851e+03	2.753074830581764276e-01	1.797283358434453304e-01	2.368441670833104362e-01	1.425002362469864059e-01	6.854760941170044697e-02	2.703133828189521748e-02	7.004083007418183959e-02
1.020285738059899245e+03	2.750477750478795280e-01	1.795731637071541487e-01	2.370143870319403046e-01	1.426063200316070034e-01	6.859023704887239059e-02	2.705932857170276554e-02	7.010878856053989749e-02
1.021737069123995752e+03	2.747885354030902838e-01	1.794182388139407835e-01	2.371842556823106074e-01	1.427122143197082083e-01	6.863278608607796538e-02	2.708731560860665188e-02	7.017665408596146515e-02
1.023188400188092373e+03	2.745297632686790057e-01	1.792635607457137847e-01	2.373537740354073611e-01	1.428179194523543361e-01	6.867525671806536114e-02	2.711529903774228395e-02	7.024442674173385359e-02
1.024639731252188767e+03	2.742714577911797291e-01	1.791091290852114271e-01	2.375229430885031079e-01	1.429234357699888935e-01	6.871764913878820880e-02	2.714327850821562568e-02	7.031210661780903926e-02
1.026091062316285615e+03	2.740136181187867725e-01	1.789549434159995178e-01	2.376917638351603579e-01	1.430287636124357442e-01	6.875996354141107603e-02	2.717125367305837577e-02	7.037969380284420096e-02
1.027542393380382237e+03	2.737562434013508517e-01	1.788010033224693152e-01	2.378602372652355579e-01	1.431339033189002463e-01	6.880220011831489346e-02	2.719922418918373219e-02	7.044718838424139651e-02
1.028993724444478858e+03	2.734993327903753602e-01	1.786473083898353076e-01	2.380283643648833380e-01	1.432388552279704741e-01	6.884435906110235315e-02	2.722718971734277085e-02	7.051459044818640665e-02
1.030445055508575479e+03	2.732428854390123729e-01	1.784938582041331323e-01	2.381961461165608973e-01	1.433436196776184390e-01	6.888644056060318210e-02	2.725514992208138976e-02	7.058190007968663526e-02
1.031896386572671872e+03	2.729869005020590378e-01	1.783406523522172715e-01	2.383635834990328606e-01	1.434481970052012278e-01	6.892844480687951303e-02	2.728310447169781522e-02	7.064911736260831576e-02
1.033347717636768493e+03	2.727313771359539674e-01	1.781876904217589985e-01	2.385306774873764135e-01	1.435525875474622237e-01	6.897037198923100521e-02	2.731105303820070135e-02	7.071624237971278759e-02
1.034799048700865114e+03	2.724763144987730756e-01	1.780349720012442960e-01	2.386974290529867426e-01	1.436567916405321610e-01	6.901222229620004867e-02	2.733899529726773608e-02	7.078327521269202338e-02
1.036250379764961508e+03	2.722217117502263029e-01	1.778824966799715523e-01	2.388638391635825309e-01	1.437608096199304852e-01	6.905399591557694061e-02	2.736693092820485437e-02	7.085021594220336505e-02
1.037701710829058356e+03	2.719675680516536742e-01	1.777302640480496188e-01	2.390299087832121194e-01	1.438646418205663524e-01	6.909569303440485366e-02	2.739485961390591973e-02	7.091706464790345499e-02
1.039153041893154750e+03	2.717138825660217472e-01	1.775782736963954778e-01	2.391956388722595306e-01	1.439682885767399334e-01	6.913731383898492899e-02	2.742278104081298518e-02	7.098382140848147337e-02
1.040604372957251599e+03	2.714606544579193925e-01	1.774265252167323281e-01	2.393610303874510459e-01	1.440717502221434410e-01	6.917885851488121685e-02	2.745069489887705383e-02	7.105048630169159829e-02
1.042055704021347992e+03	2.712078828935546859e-01	1.772750182015872811e-01	2.395260842818619229e-01	1.441750270898624342e-01	6.922032724692564476e-02	2.747860088151935637e-02	7.111705940438475815e-02
1.043507035085444613e+03	2.709555670407510219e-01	1.771237522442893064e-01	2.396908015049233065e-01	1.442781195123769011e-01	6.926172021922279154e-02	2.750649868559312816e-02	7.118354079253966238e-02
1.044958366149541234e+03	2.707037060689433394e-01	1.769727269389671231e-01	2.398551830024293896e-01	1.443810278215624521e-01	6.930303761515485550e-02	2.753438801134588942e-02	7.124993054129311054e-02
1.046409697213637855e+03	2.704522991491745132e-01	1.768219418805471732e-01	2.400192297165449073e-01	1.444837523486913744e-01	6.934427961738628965e-02	2.756226856238221459e-02	7.131622872496966303e-02
1.047861028277734476e+03	2.702013454540917459e-01	1.766713966647513179e-01	2.401829425858128253e-01	1.445862934244339648e-01	6.938544640786865891e-02	2.759014004562698741e-02	7.138243541711063178e-02
1.049312359341831097e+03	2.699508441579428486e-01	1.765210908880949503e-01	2.403463225451620555e-01	1.446886513788595563e-01	6.942653816784528920e-02	2.761800217128911050e-02	7.144855069050237706e-02
1.050763690405927491e+03	2.697007944365725218e-01	1.763710241478847751e-01	2.405093705259156167e-01	1.447908265414376283e-01	6.946755507785590256e-02	2.764585465282571458e-02	7.151457461720400755e-02
1.052215021470024112e+03	2.694511954674189691e-01	1.762211960422167822e-01	2.406720874557988776e-01	1.448928192410390559e-01	6.950849731774119689e-02	2.767369720690679782e-02	7.158050726857442814e-02
1.053666352534120733e+03	2.692020464295100113e-01	1.760716061699741652e-01	2.408344742589481335e-01	1.449946298059372474e-01	6.954936506664745333e-02	2.770152955338034753e-02	7.164634871529876325e-02
1.055117683598217127e+03	2.689533465034595894e-01	1.759222541308251841e-01	2.409965318559190994e-01	1.450962585638091717e-01	6.959015850303104656e-02	2.772935141523787464e-02	7.171209902741416953e-02
1.056569014662313975e+03	2.687050948714642118e-01	1.757731395252210560e-01	2.411582611636957640e-01	1.451977058417366628e-01	6.963087780466289956e-02	2.775716251858043049e-02	7.177775827433506561e-02
1.058020345726410369e+03	2.684572907172992351e-01	1.756242619543940953e-01	2.413196630956996602e-01	1.452989719662074186e-01	6.967152314863292450e-02	2.778496259258501563e-02	7.184332652487779303e-02
1.059471676790506763e+03	2.682099332263153113e-01	1.754756210203554656e-01	2.414807385617987745e-01	1.454000572631161392e-01	6.971209471135439428e-02	2.781275136947143969e-02	7.190880384728462471e-02
1.060923007854603611e+03	2.679630215854348352e-01	1.753272163258931537e-01	2.416414884683170394e-01	1.455009620577657758e-01	6.975259266856831397e-02	2.784052858446959752e-02	7.197419030924738503e-02
1.062374338918700232e+03	2.677165549831485025e-01	1.751790474745699711e-01	2.418019137180438538e-01	1.456016866748685579e-01	6.979301719534773685e-02	2.786829397578716172e-02	7.203948597793030650e-02
1.063825669982796853e+03	2.674705326095115354e-01	1.750311140707214719e-01	2.419620152102438526e-01	1.457022314385471029e-01	6.983336846610199711e-02	2.789604728457767760e-02	7.210469091999251179e-02
1.065277001046893474e+03	2.672249536561401295e-01	1.748834157194538996e-01	2.421217938406665660e-01	1.458025966723356104e-01	6.987364665458098423e-02	2.792378825490905714e-02	7.216980520160987123e-02
1.066728332110990095e+03	2.669798173162082344e-01	1.747359520266421606e-01	2.422812505015566054e-01	1.459027826991809718e-01	6.991385193387932018e-02	2.795151663373248579e-02	7.223482888849640238e-02
1.068179663175086489e+03	2.667351227844434458e-01	1.745887225989279090e-01	2.424403860816636835e-01	1.460027898414437975e-01	6.995398447644045337e-02	2.797923217085170750e-02	7.229976204592511446e-02
1.069630994239183110e+03	2.664908692571241744e-01	1.744417270437173539e-01	2.425992014662528562e-01	1.461026184208997492e-01	6.999404445406086361e-02	2.800693461889268432e-02	7.236460473874843646e-02
1.071082325303279504e+03	2.662470559320756491e-01	1.742949649691792613e-01	2.427576975371150692e-01	1.462022687587403169e-01	7.003403203789408671e-02	2.803462373327365864e-02	7.242935703141804848e-02
1.072533656367376352e+03	2.660036820086665310e-01	1.741484359842430663e-01	2.429158751725775667e-01	1.463017411755742347e-01	7.007394739845476672e-02	2.806229927217557957e-02	7.249401898800428290e-02
1.073984987431472746e+03	2.657607466878055269e-01	1.740021396985968194e-01	2.430737352475146329e-01	1.464010359914284798e-01	7.011379070562263893e-02	2.808996099651287284e-02	7.255859067221509529e-02
1.075436318495569594e+03	2.655182491719378368e-01	1.738560757226850773e-01	2.432312786333582222e-01	1.465001535257493270e-01	7.015356212864649887e-02	2.811760866990461669e-02	7.262307214741452188e-02
1.076887649559666215e+03	2.652761886650414902e-01	1.737102436677070427e-01	2.433885061981090336e-01	1.465990940974034873e-01	7.019326183614818526e-02	2.814524205864604028e-02	7.268746347664076235e-02
1.078338980623762609e+03	2.650345643726243483e-01	1.735646431456145389e-01	2.435454188063473635e-01	1.466978580246792729e-01	7.023288999612638250e-02	2.817286093168040045e-02	7.275176472262366578e-02
1.079790311687859230e+03	2.647933755017202184e-01	1.734192737691100106e-01	2.437020173192444017e-01	1.467964456252875971e-01	7.027244677596058975e-02	2.820046506057116362e-02	7.281597594780198079e-02
1.081241642751955851e+03	2.645526212608854677e-01	1.732741351516445538e-01	2.438583025945733063e-01	1.468948572163631672e-01	7.031193234241482626e-02	2.822805421947458676e-02	7.288009721434007826e-02
1.082692973816052472e+03	2.643123008601958590e-01	1.731292269074158896e-01	2.440142754867204444e-01	1.469930931144654562e-01	7.035134686164153106e-02	2.825562818511258290e-02	7.294412858414421608e-02
1.084144304880149093e+03	2.640724135112427207e-01	1.729845486513665598e-01	2.441699368466969944e-01	1.470911536355798965e-01	7.039069049918524057e-02	2.828318673674595080e-02	7.300807011887854026e-02
1.085595635944245487e+03	2.638329584271300043e-01	1.728400999991817899e-01	2.443252875221503806e-01	1.471890390951189620e-01	7.042996341998636334e-02	2.831072965614791700e-02	7.307192187998051702e-02
1.087046967008342108e+03	2.635939348224703438e-01	1.726958805672875741e-01	2.444803283573757369e-01	1.472867498079232229e-01	7.046916578838482992e-02	2.833825672757801437e-02	7.313568392867611512e-02
1.088498298072438729e+03	2.633553419133822793e-01	1.725518899728489264e-01	2.446350601933277302e-01	1.473842860882623729e-01	7.050829776812377048e-02	2.836576773775625199e-02	7.319935632599451625e-02
1.089949629136535123e+03	2.631171789174862052e-01	1.724081278337675494e-01	2.447894838676322460e-01	1.474816482498364500e-01	7.054735952235316465e-02	2.839326247583762522e-02	7.326293913278249248e-02
1.091400960200631971e+03	2.628794450539015393e-01	1.722645937686803075e-01	2.449436002145983227e-01	1.475788366057768641e-01	7.058635121363339426e-02	2.842074073338691706e-02	7.332643240971843668e-02
1.092852291264728365e+03	2.626421395432429473e-01	1.721212873969570623e-01	2.450974100652298371e-01	1.476758514686473400e-01	7.062527300393879603e-02	2.844820230435381181e-02	7.338983621732597662e-02
1.094303622328825213e+03	2.624052616076173461e-01	1.719782083386987570e-01	2.452509142472376891e-01	1.477726931504451668e-01	7.066412505466128369e-02	2.847564698504830710e-02	7.345315061598728379e-02
1.095754953392921607e+03	2.621688104706201838e-01	1.718353562147355851e-01	2.454041135850517363e-01	1.478693619626021971e-01	7.070290752661370637e-02	2.850307457411642778e-02	7.351637566595599360e-02
1.097206284457018228e+03	2.619327853573323317e-01	1.716927306466250747e-01	2.455570088998329237e-01	1.479658582159859570e-01	7.074162058003344300e-02	2.853048487251619997e-02	7.357951142736984806e-02
1.098657615521114849e+03	2.616971854943168085e-01	1.715503312566501737e-01	2.457096010094854399e-01	1.480621822209006455e-01	7.078026437458578846e-02	2.855787768349397210e-02	7.364255796026294987e-02
1.100108946585211470e+03	2.614620101096152838e-01	1.714081576678172236e-01	2.458618907286689859e-01	1.481583342870883002e-01	7.081883906936732587e-02	2.858525281256094064e-02	7.370551532457775279e-02
1.101560277649308091e+03	2.612272584327447467e-01	1.712662095038542664e-01	2.460138788688110145e-01	1.482543147237297132e-01	7.085734482290938219e-02	2.861261006747003316e-02	7.376838358017662189e-02
1.103011608713404712e+03	2.609929296946945088e-01	1.711244863892090184e-01	2.461655662381190823e-01	1.483501238394456245e-01	7.089578179318133111e-02	2.863994925819300305e-02	7.383116278685325495e-02
1.104462939777501106e+03	2.607590231279224291e-01	1.709829879490470383e-01	2.463169536415932281e-01	1.484457619422977215e-01	7.093415013759396537e-02	2.866727019689783648e-02	7.389385300434359038e-02
1.105914270841597499e+03	2.605255379663520277e-01	1.708417138092498955e-01	2.464680418810383244e-01	1.485412293397897487e-01	7.097245001300271638e-02	2.869457269792640916e-02	7.395645429233668744e-02
1.107365601905694348e+03	2.602924734453690991e-01	1.707006635964132268e-01	2.466188317550766784e-01	1.486365263388684521e-01	7.101068157571092943e-02	2.872185657777240678e-02	7.401896671048498189e-02
1.108816932969790741e+03	2.600598288018183268e-01	1.705598369378449330e-01	2.467693240591604942e-01	1.487316532459247165e-01	7.104884498147319427e-02	2.874912165505950218e-02	7.408139031841455557e-02
1.110268264033887590e+03	2.598276032740002850e-01	1.704192334615632354e-01	2.469195195855843628e-01	1.488266103667946483e-01	7.108694038549845384e-02	2.877636775051981358e-02	7.414372517573494803e-02
1.111719595097984211e+03	2.595957961016677196e-01	1.702788527962949550e-01	2.470694191234979464e-01	1.489213980067605192e-01	7.112496794245322385e-02	2.880359468697257438e-02	7.420597134204873213e-02
1.113170926162080832e+03	2.593644065260228837e-01	1.701386945714735699e-01	2.472190234589185520e-01	1.490160164705518764e-01	7.116292780646477079e-02	2.883080228930307368e-02	7.426812887696086773e-02
1.114622257226177226e+03	2.591334337897139850e-01	1.699987584172374944e-01	2.473683333747437874e-01	1.491104660623465694e-01	7.120082013112417896e-02	2.885799038444186032e-02	7.433019784008776387e-02
1.116073588290273847e+03	2.589028771368318549e-01	1.698590439644280248e-01	2.475173496507641901e-01	1.492047470857718328e-01	7.123864506948951458e-02	2.888515880134415528e-02	7.439217829106602176e-02
1.117524919354370468e+03	2.586727358129071175e-01	1.697195508445877299e-01	2.476660730636760233e-01	1.492988598439052572e-01	7.127640277408887892e-02	2.891230737096952066e-02	7.445407028956106676e-02
1.118976250418467089e+03	2.584430090649065814e-01	1.695802786899585912e-01	2.478145043870939868e-01	1.493928046392758446e-01	7.131409339692347527e-02	2.893943592626175773e-02	7.451587389527537797e-02
1.120427581482563710e+03	2.582136961412303533e-01	1.694412271334801157e-01	2.479626443915639300e-01	1.494865817738650626e-01	7.135171708947057878e-02	2.896654430212904779e-02	7.457758916795656501e-02
1.121878912546660331e+03	2.579847962917084514e-01	1.693023958087875591e-01	2.481104938445756469e-01	1.495801915491078160e-01	7.138927400268663126e-02	2.899363233542430474e-02	7.463921616740520903e-02
1.123330243610756725e+03	2.577563087675978082e-01	1.691637843502101224e-01	2.482580535105757547e-01	1.496736342658936403e-01	7.142676428701015545e-02	2.902069986492577039e-02	7.470075495348243999e-02
1.124781574674853118e+03	2.575282328215788286e-01	1.690253923927692026e-01	2.484053241509802945e-01	1.497669102245674788e-01	7.146418809236469716e-02	2.904774673131782503e-02	7.476220558611727796e-02
1.126232905738949967e+03	2.573005677077526698e-01	1.688872195721766445e-01	2.485523065241877494e-01	1.498600197249309596e-01	7.150154556816176732e-02	2.907477277717201991e-02	7.482356812531382184e-02
1.127684236803046360e+03	2.570733126816376335e-01	1.687492655248327977e-01	2.486990013855918669e-01	1.499529630662432000e-01	7.153883686330377023e-02	2.910177784692830061e-02	7.488484263115811890e-02
1.129135567867143209e+03	2.568464670001662786e-01	1.686115298878248514e-01	2.488454094875943157e-01	1.500457405472220007e-01	7.157606212618683461e-02	2.912876178687650447e-02	7.494602916382490931e-02
1.130586898931239830e+03	2.566200299216823133e-01	1.684740122989250299e-01	2.489915315796178141e-01	1.501383524660447333e-01	7.161322150470368630e-02	2.915572444513799683e-02	7.500712778358413491e-02
1.132038229995336451e+03	2.563940007059373194e-01	1.683367123965888446e-01	2.491373684081187589e-01	1.502307991203494786e-01	7.165031514624653486e-02	2.918266567164757089e-02	7.506813855080721187e-02
1.133489561059432845e+03	2.561683786140877550e-01	1.681996298199534279e-01	2.492829207166002425e-01	1.503230808072358871e-01	7.168734319770980745e-02	2.920958531813552111e-02	7.512906152597312315e-02
1.134940892123529466e+03	2.559431629086918458e-01	1.680627642088355633e-01	2.494281892456247651e-01	1.504151978232663445e-01	7.172430580549292445e-02	2.923648323810992475e-02	7.518989676967435809e-02
1.136392223187626087e+03	2.557183528537064765e-01	1.679261152037301585e-01	2.495731747328273076e-01	1.505071504644669156e-01	7.176120311550314435e-02	2.926335928683914192e-02	7.525064434262261626e-02
1.137843554251722708e+03	2.554939477144840265e-01	1.677896824458083580e-01	2.497178779129280157e-01	1.505989390263283434e-01	7.179803527315825606e-02	2.929021332133447883e-02	7.531130430565428913e-02
1.139294885315819101e+03	2.552699467577694836e-01	1.676534655769159055e-01	2.498622995177451622e-01	1.506905638038070205e-01	7.183480242338927124e-02	2.931704520033307643e-02	7.537187671973585856e-02
1.140746216379915950e+03	2.550463492516970576e-01	1.675174642395714231e-01	2.500064402762079974e-01	1.507820250913260995e-01	7.187150471064319979e-02	2.934385478428096217e-02	7.543236164596904547e-02
1.142197547444012343e+03	2.548231544657875713e-01	1.673816780769645518e-01	2.501503009143696277e-01	1.508733231827763810e-01	7.190814227888563115e-02	2.937064193531632728e-02	7.549275914559575029e-02
1.143648878508108737e+03	2.546003616709449635e-01	1.672461067329543694e-01	2.502938821554198112e-01	1.509644583715173682e-01	7.194471527160344049e-02	2.939740651725293585e-02	7.555306928000296574e-02
1.145100209572205586e+03	2.543779701394535131e-01	1.671107498520676138e-01	2.504371847196978362e-01	1.510554309503782944e-01	7.198122383180741157e-02	2.942414839556378725e-02	7.561329211072731482e-02
1.146551540636302207e+03	2.541559791449748973e-01	1.669756070794971292e-01	2.505802093247053719e-01	1.511462412116590104e-01	7.201766810203487357e-02	2.945086743736489293e-02	7.567342769945963055e-02
1.148002871700398828e+03	2.539343879625448053e-01	1.668406780610999507e-01	2.507229566851192359e-01	1.512368894471310676e-01	7.205404822435222678e-02	2.947756351139927886e-02	7.573347610804923025e-02
1.149454202764495449e+03	2.537131958685701627e-01	1.667059624433957499e-01	2.508654275128043842e-01	1.513273759480387171e-01	7.209036434035757945e-02	2.950423648802114746e-02	7.579343739850809281e-02
1.150905533828591842e+03	2.534924021408260786e-01	1.665714598735650864e-01	2.510076225168264563e-01	1.514177010050998529e-01	7.212661659118324575e-02	2.953088623918019573e-02	7.585331163301488322e-02
1.152356864892688463e+03	2.532720060584530142e-01	1.664371699994477982e-01	2.511495424034647095e-01	1.515078649085070117e-01	7.216280511749832705e-02	2.955751263840614845e-02	7.591309887391881062e-02
1.153808195956785084e+03	2.530520069019535079e-01	1.663030924695412249e-01	2.512911878762247864e-01	1.515978679479283442e-01	7.219893005951118214e-02	2.958411556079341628e-02	7.597279918374334751e-02
1.155259527020881706e+03	2.528324039531893441e-01	1.661692269329987093e-01	2.514325596358514825e-01	1.516877104125085862e-01	7.223499155697193919e-02	2.961069488298595162e-02	7.603241262518981025e-02
1.156710858084978327e+03	2.526131964953786113e-01	1.660355730396277374e-01	2.515736583803414028e-01	1.517773925908701416e-01	7.227098974917491037e-02	2.963725048316225713e-02	7.609193926114078688e-02
1.158162189149074720e+03	2.523943838130927042e-01	1.659021304398884122e-01	2.517144848049556738e-01	1.518669147711138867e-01	7.230692477496113157e-02	2.966378224102055039e-02	7.615137915466342611e-02
1.159613520213171569e+03	2.521759651922534373e-01	1.657688987848917883e-01	2.518550396022328219e-01	1.519562772408203088e-01	7.234279677272073550e-02	2.969029003776411241e-02	7.621073236901262926e-02
1.161064851277267962e+03	2.519579399201298253e-01	1.656358777263981785e-01	2.519953234620012639e-01	1.520454802870503386e-01	7.237860588039536636e-02	2.971677375608676799e-02	7.626999896763403397e-02
1.162516182341364356e+03	2.517403072853354740e-01	1.655030669168155999e-01	2.521353370713921294e-01	1.521345241963464046e-01	7.241435223548060851e-02	2.974323328015854306e-02	7.632917901416699791e-02
1.163967513405461204e+03	2.515230665778255825e-01	1.653704660091980527e-01	2.522750811148515848e-01	1.522234092547335160e-01	7.245003597502833181e-02	2.976966849561145725e-02	7.638827257244729108e-02
1.165418844469557826e+03	2.513062170888937796e-01	1.652380746572439663e-01	2.524145562741538229e-01	1.523121357477199567e-01	7.248565723564902308e-02	2.979607928952549695e-02	7.644727970650980198e-02
1.166870175533654447e+03	2.510897581111695143e-01	1.651058925152945334e-01	2.525537632284133305e-01	1.524007039602984781e-01	7.252121615351422856e-02	2.982246555041471667e-02	7.650620048059106337e-02
1.168321506597751068e+03	2.508736889386150581e-01	1.649739192383321007e-01	2.526927026540977117e-01	1.524891141769471048e-01	7.255671286435871892e-02	2.984882716821347926e-02	7.656503495913168089e-02
1.169772837661847461e+03	2.506580088665226747e-01	1.648421544819786144e-01	2.528313752250399560e-01	1.525773666816302720e-01	7.259214750348291778e-02	2.987516403426288686e-02	7.662378320677860899e-02
1.171224168725944082e+03	2.504427171915113992e-01	1.647105979024939271e-01	2.529697816124510945e-01	1.526654617577996031e-01	7.262752020575517775e-02	2.990147604129730213e-02	7.668244528838738527e-02
1.172675499790040703e+03	2.502278132115245968e-01	1.645792491567742710e-01	2.531079224849327458e-01	1.527533996883949918e-01	7.266283110561394532e-02	2.992776308343105679e-02	7.674102126902419829e-02
1.174126830854137097e+03	2.500132962258269087e-01	1.644481079023506764e-01	2.532457985084894947e-01	1.528411807558455460e-01	7.269808033707012007e-02	2.995402505614527464e-02	7.679951121396787206e-02
1.175578161918233945e+03	2.497991655350012552e-01	1.643171737973873059e-01	2.533834103465410492e-01	1.529288052420704480e-01	7.273326803370926130e-02	2.998026185627484380e-02	7.685791518871168404e-02
1.177029492982330339e+03	2.495854204409462263e-01	1.641864465006800111e-01	2.535207586599350083e-01	1.530162734284800097e-01	7.276839432869376678e-02	3.000647338199553468e-02	7.691623325896525254e-02
1.178480824046426733e+03	2.493720602468731395e-01	1.640559256716545844e-01	2.536578441069591294e-01	1.531035855959765879e-01	7.280345935476510710e-02	3.003265953281122544e-02	7.697446549065611876e-02
1.179932155110523581e+03	2.491590842573030706e-01	1.639256109703653430e-01	2.537946673433533196e-01	1.531907420249554452e-01	7.283846324424600449e-02	3.005882020954129749e-02	7.703261194993135663e-02
1.181383486174620202e+03	2.489464917780642161e-01	1.637955020574935194e-01	2.539312290223223467e-01	1.532777429953058879e-01	7.287340612904259773e-02	3.008495531430814551e-02	7.709067270315904385e-02
1.182834817238716823e+03	2.487342821162890072e-01	1.636655985943456515e-01	2.540675297945479971e-01	1.533645887864120427e-01	7.290828814064657937e-02	3.011106475052480885e-02	7.714864781692964968e-02
1.184286148302813444e+03	2.485224545804112783e-01	1.635359002428521114e-01	2.542035703082010101e-01	1.534512796771538290e-01	7.294310941013736060e-02	3.013714842288275214e-02	7.720653735805735329e-02
1.185737479366910065e+03	2.483110084801634365e-01	1.634064066655655234e-01	2.543393512089536235e-01	1.535378159459079572e-01	7.297787006818412525e-02	3.016320623733975692e-02	7.726434139358123732e-02
1.187188810431006686e+03	2.480999431265737409e-01	1.632771175256592100e-01	2.544748731399915087e-01	1.536241978705487898e-01	7.301257024504800852e-02	3.018923810110795553e-02	7.732205999076642577e-02
1.188640141495103080e+03	2.478892578319634998e-01	1.631480324869257204e-01	2.546101367420258166e-01	1.537104257284493680e-01	7.304721007058415094e-02	3.021524392264196904e-02	7.737969321710512494e-02
1.190091472559199701e+03	2.476789519099442116e-01	1.630191512137751653e-01	2.547451426533055563e-01	1.537964997964822722e-01	7.308178967424373840e-02	3.024122361162718750e-02	7.743724114031755312e-02
1.191542803623296322e+03	2.474690246754148448e-01	1.628904733712338571e-01	2.548798915096293083e-01	1.538824203510205380e-01	7.311630918507611154e-02	3.026717707896815421e-02	7.749470382835287052e-02
1.192994134687392716e+03	2.472594754445591181e-01	1.627619986249427553e-01	2.550143839443573812e-01	1.539681876679386829e-01	7.315076873173077809e-02	3.029310423677708530e-02	7.755208134938992859e-02
1.194445465751489564e+03	2.470503035348426135e-01	1.626337266411558291e-01	2.551486205884236913e-01	1.540538020226135396e-01	7.318516844245945285e-02	3.031900499836249693e-02	7.760937377183803332e-02
1.195896796815585958e+03	2.468415082650102232e-01	1.625056570867387529e-01	2.552826020703479193e-01	1.541392636899251711e-01	7.321950844511802836e-02	3.034487927821795036e-02	7.766658116433759751e-02
1.197348127879682352e+03	2.466330889550832628e-01	1.623777896291671852e-01	2.554163290162470012e-01	1.542245729442579261e-01	7.325378886716860105e-02	3.037072699201092893e-02	7.772370359576066812e-02
1.198799458943779200e+03	2.464250449263567511e-01	1.622501239365255199e-01	2.555498020498472855e-01	1.543097300595012156e-01	7.328800983568146965e-02	3.039654805657178785e-02	7.778074113521149524e-02
1.200250790007875821e+03	2.462173755013968013e-01	1.621226596775051376e-01	2.556830217924961901e-01	1.543947353090505403e-01	7.332217147733709195e-02	3.042234238988286016e-02	7.783769385202696234e-02
1.201702121071972442e+03	2.460100800040376512e-01	1.619953965214031288e-01	2.558159888631739709e-01	1.544795889658082400e-01	7.335627391842798606e-02	3.044810991106766673e-02	7.789456181577690541e-02
1.203153452136069063e+03	2.458031577593792205e-01	1.618683341381207119e-01	2.559487038785054902e-01	1.545642913021846587e-01	7.339031728486072881e-02	3.047385054038020610e-02	7.795134509626450159e-02
1.204604783200165684e+03	2.455966080937843077e-01	1.617414721981618175e-01	2.560811674527718185e-01	1.546488425900988672e-01	7.342430170215787089e-02	3.049956419919437958e-02	7.800804376352642178e-02
1.206056114264262078e+03	2.453904303348758698e-01	1.616148103726315344e-01	2.562133801979219472e-01	1.547332431009796894e-01	7.345822729545982421e-02	3.052525080999352047e-02	7.806465788783310822e-02
1.207507445328358699e+03	2.451846238115343024e-01	1.614883483332347491e-01	2.563453427235843907e-01	1.548174931057664516e-01	7.349209418952673545e-02	3.055091029636002736e-02	7.812118753968880225e-02
1.208958776392455093e+03	2.449791878538949697e-01	1.613620857522746199e-01	2.564770556370786769e-01	1.549015928749100934e-01	7.352590250874044275e-02	3.057654258296508415e-02	7.817763278983165531e-02
1.210410107456551941e+03	2.447741217933451785e-01	1.612360223026511608e-01	2.566085195434267274e-01	1.549855426783739165e-01	7.355965237710627991e-02	3.060214759555851885e-02	7.823399370923370122e-02
1.211861438520648335e+03	2.445694249625218752e-01	1.611101576578597427e-01	2.567397350453646809e-01	1.550693427856346118e-01	7.359334391825497756e-02	3.062772526095873180e-02	7.829027036910088388e-02
1.213312769584745183e+03	2.443650966953087866e-01	1.609844914919897618e-01	2.568707027433538292e-01	1.551529934656830645e-01	7.362697725544443961e-02	3.065327550704273832e-02	7.834646284087283530e-02
1.214764100648841804e+03	2.441611363268337831e-01	1.608590234797230845e-01	2.570014232355926076e-01	1.552364949870252697e-01	7.366055251156163053e-02	3.067879826273631899e-02	7.840257119622279225e-02
1.216215431712937971e+03	2.439575431934662975e-01	1.607337532963326876e-01	2.571318971180271973e-01	1.553198476176833320e-01	7.369406980912439342e-02	3.070429345800424967e-02	7.845859550705734653e-02
1.217666762777034819e+03	2.437543166328146604e-01	1.606086806176811599e-01	2.572621249843633495e-01	1.554030516251962146e-01	7.372752927028319858e-02	3.072976102384063907e-02	7.851453584551622289e-02
1.219118093841131440e+03	2.435514559837234916e-01	1.604838051202193971e-01	2.573921074260775987e-01	1.554861072766207664e-01	7.376093101682296149e-02	3.075520089225936352e-02	7.857039228397191821e-02
1.220569424905228061e+03	2.433489605862710348e-01	1.603591264809851313e-01	2.575218450324280317e-01	1.555690148385324711e-01	7.379427517016483307e-02	3.078061299628459535e-02	7.862616489502938233e-02
1.222020755969324682e+03	2.431468297817666047e-01	1.602346443776014595e-01	2.576513383904660559e-01	1.556517745770264194e-01	7.382756185136797600e-02	3.080599726994143195e-02	7.868185375152558780e-02
1.223472087033421303e+03	2.429450629127479777e-01	1.601103584882755115e-01	2.577805880850468356e-01	1.557343867577183072e-01	7.386079118113124398e-02	3.083135364824659067e-02	7.873745892652907197e-02
1.224923418097517697e+03	2.427436593229787554e-01	1.599862684917970623e-01	2.579095946988408938e-01	1.558168516457451858e-01	7.389396327979502743e-02	3.085668206719922174e-02	7.879298049333946508e-02
1.226374749161614318e+03	2.425426183574457828e-01	1.598623740675370608e-01	2.580383588123448257e-01	1.558991695057662941e-01	7.392707826734287724e-02	3.088198246377182182e-02	7.884841852548696295e-02
1.227826080225710712e+03	2.423419393623565954e-01	1.597386748954463531e-01	2.581668810038924566e-01	1.559813406019640580e-01	7.396013626340326719e-02	3.090725477590119605e-02	7.890377309673167472e-02
1.229277411289807560e+03	2.421416216851368652e-01	1.596151706560541561e-01	2.582951618496656110e-01	1.560633651980450065e-01	7.399313738725132872e-02	3.093249894247954504e-02	7.895904428106310935e-02
1.230728742353903954e+03	2.419416646744277088e-01	1.594918610304668638e-01	2.584232019237049927e-01	1.561452435572405761e-01	7.402608175781047462e-02	3.095771490334561435e-02	7.901423215269944011e-02
1.232180073418000802e+03	2.417420676800833279e-01	1.593687457003664376e-01	2.585510017979210651e-01	1.562269759423079440e-01	7.405896949365413373e-02	3.098290259927596185e-02	7.906933678608683846e-02
1.233631404482097196e+03	2.415428300531682615e-01	1.592458243480092128e-01	2.586785620421048204e-01	1.563085626155309993e-01	7.409180071300736081e-02	3.100806197197626679e-02	7.912435825589872462e-02
1.235082735546193817e+03	2.413439511459549713e-01	1.591230966562245386e-01	2.588058832239386042e-01	1.563900038387212033e-01	7.412457553374855734e-02	3.103319296407277064e-02	7.917929663703497656e-02
1.236534066610290438e+03	2.411454303119212605e-01	1.590005623084133346e-01	2.589329659090066071e-01	1.564712998732183946e-01	7.415729407341108137e-02	3.105829551910375269e-02	7.923415200462120833e-02
1.237985397674387059e+03	2.409472669057476923e-01	1.588782209885467311e-01	2.590598106608056339e-01	1.565524509798917330e-01	7.418995644918485732e-02	3.108336958151113050e-02	7.928892443400782641e-02
1.239436728738483680e+03	2.407494602833151476e-01	1.587560723811648478e-01	2.591864180407556506e-01	1.566334574191405593e-01	7.422256277791805523e-02	3.110841509663212281e-02	7.934361400076922477e-02
1.240888059802580301e+03	2.405520098017022712e-01	1.586341161713752668e-01	2.593127886082103317e-01	1.567143194508952286e-01	7.425511317611861728e-02	3.113343201069098884e-02	7.939822078070285505e-02
1.242339390866676695e+03	2.403549148191830021e-01	1.585123520448518120e-01	2.594389229204676073e-01	1.567950373346180259e-01	7.428760775995597865e-02	3.115842027079084725e-02	7.945274484982832452e-02
1.243790721930773088e+03	2.401581746952239360e-01	1.583907796878332441e-01	2.595648215327799879e-01	1.568756113293039434e-01	7.432004664526253856e-02	3.118337982490559934e-02	7.950718628438638302e-02
1.245242052994869937e+03	2.399617887904819946e-01	1.582693987871217900e-01	2.596904849983651675e-01	1.569560416934816238e-01	7.435242994753527013e-02	3.120831062187188684e-02	7.956154516083793760e-02
1.246693384058966330e+03	2.397657564668018437e-01	1.581482090300819210e-01	2.598159138684160707e-01	1.570363286852142215e-01	7.438475778193733012e-02	3.123321261138115382e-02	7.961582155586306719e-02
1.248144715123063179e+03	2.395700770872134511e-01	1.580272101046391042e-01	2.599411086921115110e-01	1.571164725621002622e-01	7.441703026329957171e-02	3.125808574397179879e-02	7.967001554635994021e-02
1.249596046187159800e+03	2.393747500159295327e-01	1.579064016992783037e-01	2.600660700166261274e-01	1.571964735812744207e-01	7.444924750612208486e-02	3.128292997102136153e-02	7.972412720944377362e-02
1.251047377251256421e+03	2.391797746183432494e-01	1.577857835030427869e-01	2.601907983871408758e-01	1.572763319994084363e-01	7.448140962457576453e-02	3.130774524473881743e-02	7.977815662244568118e-02
1.252498708315352815e+03	2.389851502610255696e-01	1.576653552055328200e-01	2.603152943468529101e-01	1.573560480727120015e-01	7.451351673250380947e-02	3.133253151815693083e-02	7.983210386291156313e-02
1.253950039379449436e+03	2.387908763117229383e-01	1.575451164969043083e-01	2.604395584369859074e-01	1.574356220569335385e-01	7.454556894342324880e-02	3.135728874512468123e-02	7.988596900860098216e-02
1.255401370443546057e+03	2.385969521393547510e-01	1.574250670678675468e-01	2.605635911968000040e-01	1.575150542073611715e-01	7.457756637052639914e-02	3.138201688029976927e-02	7.993975213748596986e-02
1.256852701507642678e+03	2.384033771140108837e-01	1.573052066096859158e-01	2.606873931636019548e-01	1.575943447788233642e-01	7.460950912668244672e-02	3.140671587914118518e-02	7.999345332774986106e-02
1.258304032571739299e+03	2.382101506069493890e-01	1.571855348141746045e-01	2.608109648727549579e-01	1.576734940256900031e-01	7.464139732443884900e-02	3.143138569790185355e-02	8.004707265778600311e-02
1.259755363635835920e+03	2.380172719905939427e-01	1.570660513736993058e-01	2.609343068576885361e-01	1.577525022018730072e-01	7.467323107602283350e-02	3.145602629362134750e-02	8.010061020619660410e-02
1.261206694699932314e+03	2.378247406385315121e-01	1.569467559811749680e-01	2.610574196499085842e-01	1.578313695608274669e-01	7.470501049334289656e-02	3.148063762411865141e-02	8.015406605179142829e-02
1.262658025764028707e+03	2.376325559255098863e-01	1.568276483300644897e-01	2.611803037790071946e-01	1.579100963555521986e-01	7.473673568799019118e-02	3.150521964798502772e-02	8.020744027358650552e-02
1.264109356828125556e+03	2.374407172274353162e-01	1.567087281143774713e-01	2.613029597726721498e-01	1.579886828385907438e-01	7.476840677124002577e-02	3.152977232457692541e-02	8.026073295080286829e-02
1.265560687892221949e+03	2.372492239213700449e-01	1.565899950286689379e-01	2.614253881566968585e-01	1.580671292620321466e-01	7.480002385405323806e-02	3.155429561400896477e-02	8.031394416286523341e-02
1.267012018956318798e+03	2.370580753855299483e-01	1.564714487680380905e-01	2.615475894549901814e-01	1.581454358775118418e-01	7.483158704707770781e-02	3.157878947714699153e-02	8.036707398940066971e-02
1.268463350020415419e+03	2.368672709992821479e-01	1.563530890281270291e-01	2.616695641895857571e-01	1.582236029362124319e-01	7.486309646064968903e-02	3.160325387560115884e-02	8.042012251023719638e-02
1.269914681084511813e+03	2.366768101431427074e-01	1.562349155051195315e-01	2.617913128806518275e-01	1.583016306888645752e-01	7.489455220479523945e-02	3.162768877171912019e-02	8.047308980540249235e-02
1.271366012148608434e+03	2.364866921987740511e-01	1.561169278957397766e-01	2.619128360465004524e-01	1.583795193857477634e-01	7.492595438923163598e-02	3.165209412857930560e-02	8.052597595512250850e-02
1.272817343212705055e+03	2.362969165489828272e-01	1.559991258972511508e-01	2.620341342035973908e-01	1.584572692766911817e-01	7.495730312336876255e-02	3.167646990998416318e-02	8.057878103982001050e-02
1.274268674276801676e+03	2.361074825777174091e-01	1.558815092074549991e-01	2.621552078665712604e-01	1.585348806110745690e-01	7.498859851631042850e-02	3.170081608045356020e-02	8.063150514011323267e-02
1.275720005340898297e+03	2.359183896700655925e-01	1.557640775246892928e-01	2.622760575482231404e-01	1.586123536378289955e-01	7.501984067685579793e-02	3.172513260521820505e-02	8.068414833681442078e-02
1.277171336404994690e+03	2.357296372122521799e-01	1.556468305478276026e-01	2.623966837595357315e-01	1.586896886054376676e-01	7.505102971350076368e-02	3.174941945021312467e-02	8.073671071092841656e-02
1.278622667469091539e+03	2.355412245916367608e-01	1.555297679762776553e-01	2.625170870096826259e-01	1.587668857619368434e-01	7.508216573443922404e-02	3.177367658207121831e-02	8.078919234365120050e-02
1.280073998533187932e+03	2.353531511967112966e-01	1.554128895099802510e-01	2.626372678060377441e-01	1.588439453549165270e-01	7.511324884756445663e-02	3.179790396811686681e-02	8.084159331636842083e-02
1.281525329597284326e+03	2.351654164170977057e-01	1.552961948494079314e-01	2.627572266541844392e-01	1.589208676315213842e-01	7.514427916047052014e-02	3.182210157635959047e-02	8.089391371065393632e-02
1.282976660661381175e+03	2.349780196435457824e-01	1.551796836955640080e-01	2.628769640579246003e-01	1.589976528384516030e-01	7.517525678045344772e-02	3.184626937548778319e-02	8.094615360826833139e-02
1.284427991725477568e+03	2.347909602679305874e-01	1.550633557499810633e-01	2.629964805192878119e-01	1.590743012219635599e-01	7.520618181451269035e-02	3.187040733486249527e-02	8.099831309115740341e-02
1.285879322789574417e+03	2.346042376832503107e-01	1.549472107147199240e-01	2.631157765385403469e-01	1.591508130278707356e-01	7.523705436935231028e-02	3.189451542451124388e-02	8.105039224145070553e-02
1.287330653853671038e+03	2.344178512836240236e-01	1.548312482923683842e-01	2.632348526141943812e-01	1.592271885015445754e-01	7.526787455138236882e-02	3.191859361512194848e-02	8.110239114145996464e-02
1.288781984917767431e+03	2.342318004642892082e-01	1.547154681860400949e-01	2.633537092430165982e-01	1.593034278879151000e-01	7.529864246672016148e-02	3.194264187803683847e-02	8.115430987367762417e-02
1.290233315981864052e+03	2.340460846215995649e-01	1.545998700993732877e-01	2.634723469200374590e-01	1.593795314314719880e-01	7.532935822119153635e-02	3.196666018524650654e-02	8.120614852077526202e-02
