1.001418434226643626e+03	2.784763577269218637e-01	1.816256314447314557e-01	2.347666742462125866e-01	1.411184097334899079e-01	6.806922928019577823e-02	2.670430822739472757e-02	6.923938934074769236e-02
1.002869765290740247e+03	2.782111021341502899e-01	1.814677010800596346e-01	2.349412353454527758e-01	1.412255398113070604e-01	6.811344863350682344e-02	2.673239173613963307e-02	6.930858125907776723e-02
1.004321096354836754e+03	2.779463245795522619e-01	1.813100223302047675e-01	2.351154338600459082e-01	1.413324791108545864e-01	6.815758546272039642e-02	2.676047668887108349e-02	6.937767796744497006e-02
1.005772427418933376e+03	2.776820241899561337e-01	1.811525947688623628e-01	2.352892708245995501e-01	1.414392279751041925e-01	6.820163997483570661e-02	2.678856267118454385e-02	6.944667959515153643e-02
1.007223758483029997e+03	2.774182000938932857e-01	1.809954179705767496e-01	2.354627472701807389e-01	1.415457867464031683e-01	6.824561237598290864e-02	2.681664927341145463e-02	6.951558626924569939e-02
1.008675089547126618e+03	2.771548514215942949e-01	1.808384915107390800e-01	2.356358642243113477e-01	1.416521557664756348e-01	6.828950287142937503e-02	2.684473609056301294e-02	6.958439811458126678e-02
1.010126420611223239e+03	2.768919773049851041e-01	1.806818149655850525e-01	2.358086227109635336e-01	1.417583353764237108e-01	6.833331166558592740e-02	2.687282272227476537e-02	6.965311525387597735e-02
1.011577751675319632e+03	2.766295768776832475e-01	1.805253879121928307e-01	2.359810237505558794e-01	1.418643259167286230e-01	6.837703896201301201e-02	2.690090877275195733e-02	6.972173780776855234e-02
1.013029082739416367e+03	2.763676492749938540e-01	1.803692099284809336e-01	2.361530683599501745e-01	1.419701277272520656e-01	6.842068496342681994e-02	2.692899385071566287e-02	6.979026589487456744e-02
1.014480413803512761e+03	2.761061936339059830e-01	1.802132805932060988e-01	2.363247575524485278e-01	1.420757411472372278e-01	6.846424987170535159e-02	2.695707756934964325e-02	6.985869963184122844e-02
1.015931744867609382e+03	2.758452090930887945e-01	1.800575994859611451e-01	2.364960923377908142e-01	1.421811665153101256e-01	6.850773388789437035e-02	2.698515954624795821e-02	6.992703913340084232e-02
1.017383075931706003e+03	2.755846947928877189e-01	1.799021661871727795e-01	2.366670737221529541e-01	1.422864041694806569e-01	6.855113721221336998e-02	2.701323940336330248e-02	6.999528451242334470e-02
1.018834406995802851e+03	2.753246498753205707e-01	1.797469802780994885e-01	2.368377027081452202e-01	1.423914544471438781e-01	6.859446004406137554e-02	2.704131676695605349e-02	7.006343587996749500e-02
1.020285738059899245e+03	2.750650734840739409e-01	1.795920413408295668e-01	2.370079802948113767e-01	1.424963176850811697e-01	6.863770258202281371e-02	2.706939126754402333e-02	7.013149334533116952e-02
1.021737069123995752e+03	2.748059647644993109e-01	1.794373489582788139e-01	2.371779074776280138e-01	1.426009942194613744e-01	6.868086502387318881e-02	2.709746253985291162e-02	7.019945701610047495e-02
1.023188400188092373e+03	2.745473228636093888e-01	1.792829027141885079e-01	2.373474852485042974e-01	1.427054843858419630e-01	6.872394756658478654e-02	2.712553022276742096e-02	7.026732699819783490e-02
1.024639731252188767e+03	2.742891469300741125e-01	1.791287021931231849e-01	2.375167145957821635e-01	1.428097885191703109e-01	6.876695040633232225e-02	2.715359395928305941e-02	7.033510339592909111e-02
1.026091062316285615e+03	2.740314361142170418e-01	1.789747469804686963e-01	2.376855965042372065e-01	1.429139069537847528e-01	6.880987373849847821e-02	2.718165339645859865e-02	7.040278631202956383e-02
1.027542393380382237e+03	2.737741895680117499e-01	1.788210366624299053e-01	2.378541319550793454e-01	1.430178400234157488e-01	6.885271775767938529e-02	2.720970818536918787e-02	7.047037584770907137e-02
1.028993724444478858e+03	2.735174064450777709e-01	1.786675708260287709e-01	2.380223219259542944e-01	1.431215880611871882e-01	6.889548265769017410e-02	2.723775798106009213e-02	7.053787210269607533e-02
1.030445055508575479e+03	2.732610859006772142e-01	1.785143490591020732e-01	2.381901673909454509e-01	1.432251513996174175e-01	6.893816863157024855e-02	2.726580244250106921e-02	7.060527517528084052e-02
1.031896386572671872e+03	2.730052270917108226e-01	1.783613709502994416e-01	2.383576693205758934e-01	1.433285303706204605e-01	6.898077587158873980e-02	2.729384123254137776e-02	7.067258516235762345e-02
1.033347717636768493e+03	2.727498291767142535e-01	1.782086360890811072e-01	2.385248286818108521e-01	1.434317253055070740e-01	6.902330456924973823e-02	2.732187401786538225e-02	7.073980215946595873e-02
1.034799048700865114e+03	2.724948913158545261e-01	1.780561440657160155e-01	2.386916464380604841e-01	1.435347365349860516e-01	6.906575491529749755e-02	2.734990046894874433e-02	7.080692626083108510e-02
1.036250379764961508e+03	2.722404126709261352e-01	1.779038944712795223e-01	2.388581235491830657e-01	1.436375643891653342e-01	6.910812709972168066e-02	2.737792026001523854e-02	7.087395755940346931e-02
1.037701710829058356e+03	2.719863924053474991e-01	1.777518868976514510e-01	2.390242609714884059e-01	1.437402091975530927e-01	6.915042131176245277e-02	2.740593306899412676e-02	7.094089614689742807e-02
1.039153041893154750e+03	2.717328296841571844e-01	1.776001209375139833e-01	2.391900596577416771e-01	1.438426712890588932e-01	6.919263773991558841e-02	2.743393857747811193e-02	7.100774211382901435e-02
1.040604372957251599e+03	2.714797236740103537e-01	1.774485961843495496e-01	2.393555205571673838e-01	1.439449509919948911e-01	6.923477657193750912e-02	2.746193647068185389e-02	7.107449554955291848e-02
1.042055704021347992e+03	2.712270735431750457e-01	1.772973122324386641e-01	2.395206446154538316e-01	1.440470486340769407e-01	6.927683799485019611e-02	2.748992643740104380e-02	7.114115654229868912e-02
1.043507035085444613e+03	2.709748784615285677e-01	1.771462686768580652e-01	2.396854327747577618e-01	1.441489645424258170e-01	6.931882219494620023e-02	2.751790816997202321e-02	7.120772517920610778e-02
1.044958366149541234e+03	2.707231376005535539e-01	1.769954651134784673e-01	2.398498859737092648e-01	1.442506990435681313e-01	6.936072935779348525e-02	2.754588136423194097e-02	7.127420154635973060e-02
1.046409697213637855e+03	2.704718501333347458e-01	1.768449011389625625e-01	2.400140051474171088e-01	1.443522524634377191e-01	6.940255966824027123e-02	2.757384571947944438e-02	7.134058572882277793e-02
1.047861028277734476e+03	2.702210152345552174e-01	1.766945763507629663e-01	2.401777912274740412e-01	1.444536251273765837e-01	6.944431331041980848e-02	2.760180093843587687e-02	7.140687781067016349e-02
1.049312359341831097e+03	2.699706320804926007e-01	1.765444903471201643e-01	2.403412451419627283e-01	1.445548173601362008e-01	6.948599046775515153e-02	2.762974672720699965e-02	7.147307787502081566e-02
1.050763690405927491e+03	2.697206998490156993e-01	1.763946427270604300e-01	2.405043678154616393e-01	1.446558294858784899e-01	6.952759132296379430e-02	2.765768279524524753e-02	7.153918600406934669e-02
1.052215021470024112e+03	2.694712177195808245e-01	1.762450330903937989e-01	2.406671601690513473e-01	1.447566618281770079e-01	6.956911605806240240e-02	2.768560885531241855e-02	7.160520227911687519e-02
1.053666352534120733e+03	2.692221848732279654e-01	1.760956610377120701e-01	2.408296231203209958e-01	1.448573147100180314e-01	6.961056485437133734e-02	2.771352462344290821e-02	7.167112678060132136e-02
1.055117683598217127e+03	2.689736004925776802e-01	1.759465261703866412e-01	2.409917575833750158e-01	1.449577884538018058e-01	6.965193789251923617e-02	2.774142981890740517e-02	7.173695958812689732e-02
1.056569014662313975e+03	2.687254637618269881e-01	1.757976280905666211e-01	2.411535644688400370e-01	1.450580833813434611e-01	6.969323535244759116e-02	2.776932416417706231e-02	7.180270078049291738e-02
1.058020345726410369e+03	2.684777738667462055e-01	1.756489664011766927e-01	2.413150446838721597e-01	1.451581998138742891e-01	6.973445741341512127e-02	2.779720738488814305e-02	7.186835043572208093e-02
1.059471676790506763e+03	2.682305299946752264e-01	1.755005407059151423e-01	2.414761991321641155e-01	1.452581380720427695e-01	6.977560425400228250e-02	2.782507920980712562e-02	7.193390863108800604e-02
1.060923007854603611e+03	2.679837313345200256e-01	1.753523506092518613e-01	2.416370287139531225e-01	1.453578984759157089e-01	6.981667605211561156e-02	2.785293937079625498e-02	7.199937544314213844e-02
1.062374338918700232e+03	2.677373770767489947e-01	1.752043957164262922e-01	2.417975343260284349e-01	1.454574813449793780e-01	6.985767298499206968e-02	2.788078760277954565e-02	7.206475094774010548e-02
1.063825669982796853e+03	2.674914664133895004e-01	1.750566756334453744e-01	2.419577168617394192e-01	1.455568869981405389e-01	6.989859522920338630e-02	2.790862364370923568e-02	7.213003522006738999e-02
1.065277001046893474e+03	2.672459985380244429e-01	1.749091899670816574e-01	2.421175772110036595e-01	1.456561157537275830e-01	6.993944296066029187e-02	2.793644723453265685e-02	7.219522833466453238e-02
1.066728332110990095e+03	2.670009726457886479e-01	1.747619383248712188e-01	2.422771162603153949e-01	1.457551679294917246e-01	6.998021635461672274e-02	2.796425811915953866e-02	7.226033036545159716e-02
1.068179663175086489e+03	2.667563879333654797e-01	1.746149203151116658e-01	2.424363348927538742e-01	1.458540438426079444e-01	7.002091558567406782e-02	2.799205604442973200e-02	7.232534138575215377e-02
1.069630994239183110e+03	2.665122435989829563e-01	1.744681355468602202e-01	2.425952339879923203e-01	1.459527438096761554e-01	7.006154082778522085e-02	2.801984076008135968e-02	7.239026146831668840e-02
1.071082325303279504e+03	2.662685388424108623e-01	1.743215836299316646e-01	2.427538144223064798e-01	1.460512681467223683e-01	7.010209225425878543e-02	2.804761201871935200e-02	7.245509068534550234e-02
1.072533656367376352e+03	2.660252728649567522e-01	1.741752641748963992e-01	2.429120770685837538e-01	1.461496171691996360e-01	7.014257003776307176e-02	2.807536957578439865e-02	7.251982910851101360e-02
1.073984987431472746e+03	2.657824448694628416e-01	1.740291767930783884e-01	2.430700227963324966e-01	1.462477911919892182e-01	7.018297435033019060e-02	2.810311318952229617e-02	7.258447680897955889e-02
1.075436318495569594e+03	2.655400540603023996e-01	1.738833210965533282e-01	2.432276524716911748e-01	1.463457905294017203e-01	7.022330536335995299e-02	2.813084262095368396e-02	7.264903385743272379e-02
1.076887649559666215e+03	2.652980996433763616e-01	1.737376966981465931e-01	2.433849669574379149e-01	1.464436154951780644e-01	7.026356324762393635e-02	2.815855763384416191e-02	7.271350032408807618e-02
1.078338980623762609e+03	2.650565808261095557e-01	1.735923032114312647e-01	2.435419671130000796e-01	1.465412664024906830e-01	7.030374817326930093e-02	2.818625799467477933e-02	7.277787627871946941e-02
1.079790311687859230e+03	2.648154968174478707e-01	1.734471402507262727e-01	2.436986537944639541e-01	1.466387435639444903e-01	7.034386030982273108e-02	2.821394347261291929e-02	7.284216179067690144e-02
1.081241642751955851e+03	2.645748468278543708e-01	1.733022074310943128e-01	2.438550278545848493e-01	1.467360472915780478e-01	7.038389982619429330e-02	2.824161383948352658e-02	7.290635692890576336e-02
1.082692973816052472e+03	2.643346300693060202e-01	1.731575043683400428e-01	2.440110901427968160e-01	1.468331778968646195e-01	7.042386689068119709e-02	2.826926886974070324e-02	7.297046176196576861e-02
1.084144304880149093e+03	2.640948457552903528e-01	1.730130306790081118e-01	2.441668415052229146e-01	1.469301356907131428e-01	7.046376167097162524e-02	2.829690834043966860e-02	7.303447635804932725e-02
1.085595635944245487e+03	2.638554931008020299e-01	1.728687859803811067e-01	2.443222827846855127e-01	1.470269209834694502e-01	7.050358433414845305e-02	2.832453203120907301e-02	7.309840078499953153e-02
1.087046967008342108e+03	2.636165713223393992e-01	1.727247698904778028e-01	2.444774148207164988e-01	1.471235340849172957e-01	7.054333504669296762e-02	2.835213972422362741e-02	7.316223511032766968e-02
1.088498298072438729e+03	2.633780796379011080e-01	1.725809820280511109e-01	2.446322384495678293e-01	1.472199753042792991e-01	7.058301397448850378e-02	2.837973120417711451e-02	7.322597940123030946e-02
1.089949629136535123e+03	2.631400172669828841e-01	1.724374220125862722e-01	2.447867545042221038e-01	1.473162449502181670e-01	7.062262128282414952e-02	2.840730625825570871e-02	7.328963372460599313e-02
1.091400960200631971e+03	2.629023834305740381e-01	1.722940894642988607e-01	2.449409638144032786e-01	1.474123433308376641e-01	7.066215713639834028e-02	2.843486467611163263e-02	7.335319814707150221e-02
1.092852291264728365e+03	2.626651773511541332e-01	1.721509840041329509e-01	2.450948672065872969e-01	1.475082707536836957e-01	7.070162169932239782e-02	2.846240624983714662e-02	7.341667273497767821e-02
1.094303622328825213e+03	2.624283982526898762e-01	1.720081052537591193e-01	2.452484655040130801e-01	1.476040275257453627e-01	7.074101513512411066e-02	2.848993077393885409e-02	7.348005755442493792e-02
1.095754953392921607e+03	2.621920453606313428e-01	1.718654528355727240e-01	2.454017595266934360e-01	1.476996139534559882e-01	7.078033760675125907e-02	2.851743804531231552e-02	7.354335267127833087e-02
1.097206284457018228e+03	2.619561179019089248e-01	1.717230263726917949e-01	2.455547500914261327e-01	1.477950303426942558e-01	7.081958927657505676e-02	2.854492786321698866e-02	7.360655815118222201e-02
1.098657615521114849e+03	2.617206151049301099e-01	1.715808254889553963e-01	2.457074380118049739e-01	1.478902769987851251e-01	7.085877030639363416e-02	2.857240002925146710e-02	7.366967405957464132e-02
1.100108946585211470e+03	2.614855361995759853e-01	1.714388498089215729e-01	2.458598240982310390e-01	1.479853542265009980e-01	7.089788085743546631e-02	2.859985434732902759e-02	7.373270046170118941e-02
1.101560277649308091e+03	2.612508804171981280e-01	1.712970989578655734e-01	2.460119091579239803e-01	1.480802623300626897e-01	7.093692109036274507e-02	2.862729062365346189e-02	7.379563742262872095e-02
1.103011608713404712e+03	2.610166469906151088e-01	1.711555725617778800e-01	2.461636939949332914e-01	1.481750016131404557e-01	7.097589116527476538e-02	2.865470866669522776e-02	7.385848500725854249e-02
1.104462939777501106e+03	2.607828351541093825e-01	1.710142702473625154e-01	2.463151794101498537e-01	1.482695723788551578e-01	7.101479124171122814e-02	2.868210828716785676e-02	7.392124328033933267e-02
1.105914270841597499e+03	2.605494441434239028e-01	1.708731916420350438e-01	2.464663662013172885e-01	1.483639749297791244e-01	7.105362147865554312e-02	2.870948929800467425e-02	7.398391230647972938e-02
1.107365601905694348e+03	2.603164731957589573e-01	1.707323363739208233e-01	2.466172551630436416e-01	1.484582095679373437e-01	7.109238203453815963e-02	2.873685151433578999e-02	7.404649215016058383e-02
1.108816932969790741e+03	2.600839215497688928e-01	1.705917040718531730e-01	2.467678470868129026e-01	1.485522765948084079e-01	7.113107306723975842e-02	2.876419475346537677e-02	7.410898287574683996e-02
1.110268264033887590e+03	2.598517884455588955e-01	1.704512943653713752e-01	2.469181427609966895e-01	1.486461763113255119e-01	7.116969473409445746e-02	2.879151883484919530e-02	7.417138454749920562e-02
1.111719595097984211e+03	2.596200731246816606e-01	1.703111068847191212e-01	2.470681429708660726e-01	1.487399090178776195e-01	7.120824719189308705e-02	2.881882358007241754e-02	7.423369722958539363e-02
1.113170926162080832e+03	2.593887748301343943e-01	1.701711412608424012e-01	2.472178484986032043e-01	1.488334750143103236e-01	7.124673059688624299e-02	2.884610881282770670e-02	7.429592098609116846e-02
1.114622257226177226e+03	2.591578928063553167e-01	1.700313971253879231e-01	2.473672601233131985e-01	1.489268745999269838e-01	7.128514510478749233e-02	2.887337435889355403e-02	7.435805588103101826e-02
1.116073588290273847e+03	2.589274262992206088e-01	1.698918741107011687e-01	2.475163786210360373e-01	1.490201080734897265e-01	7.132349087077649585e-02	2.890062004611287927e-02	7.442010197835859098e-02
1.117524919354370468e+03	2.586973745560412485e-01	1.697525718498246461e-01	2.476652047647584787e-01	1.491131757332204155e-01	7.136176804950203345e-02	2.892784570437187744e-02	7.448205934197681122e-02
1.118976250418467089e+03	2.584677368255598462e-01	1.696134899764960569e-01	2.478137393244259634e-01	1.492060778768017626e-01	7.139997679508511275e-02	2.895505116557912234e-02	7.454392803574771964e-02
1.120427581482563710e+03	2.582385123579472586e-01	1.694746281251465203e-01	2.479619830669547165e-01	1.492988148013781879e-01	7.143811726112196669e-02	2.898223626364492336e-02	7.460570812350206249e-02
1.121878912546660331e+03	2.580097004047997022e-01	1.693359859308987692e-01	2.481099367562436264e-01	1.493913868035570414e-01	7.147618960068705118e-02	2.900940083446091819e-02	7.466739966904857584e-02
1.123330243610756725e+03	2.577813002191353120e-01	1.691975630295654009e-01	2.482576011531863747e-01	1.494837941794094349e-01	7.151419396633607040e-02	2.903654471587990143e-02	7.472900273618308942e-02
1.124781574674853118e+03	2.575533110553913652e-01	1.690593590576471850e-01	2.484049770156835923e-01	1.495760372244713532e-01	7.155213051010887726e-02	2.906366774769589961e-02	7.479051738869729737e-02
1.126232905738949967e+03	2.573257321694207844e-01	1.689213736523310638e-01	2.485520650986549618e-01	1.496681162337445692e-01	7.158999938353247106e-02	2.909076977162448202e-02	7.485194369038726536e-02
1.127684236803046360e+03	2.570985628184891403e-01	1.687836064514885159e-01	2.486988661540512902e-01	1.497600315016977823e-01	7.162780073762381461e-02	2.911785063128327633e-02	7.491328170506177109e-02
1.129135567867143209e+03	2.568718022612715424e-01	1.686460570936739456e-01	2.488453809308666942e-01	1.498517833222674789e-01	7.166553472289279025e-02	2.914491017217275479e-02	7.497453149655033955e-02
1.130586898931239830e+03	2.566454497578495308e-01	1.685087252181227124e-01	2.489916101751509514e-01	1.499433719888590144e-01	7.170320148934503091e-02	2.917194824165720429e-02	7.503569312871109787e-02
1.132038229995336451e+03	2.564195045697079678e-01	1.683716104647494660e-01	2.491375546300215182e-01	1.500347977943476130e-01	7.174080118648473725e-02	2.919896468894593936e-02	7.509676666543835255e-02
1.133489561059432845e+03	2.561939659597318175e-01	1.682347124741463973e-01	2.492832150356759369e-01	1.501260610310793386e-01	7.177833396331750881e-02	2.922595936507473013e-02	7.515775217066990310e-02
1.134940892123529466e+03	2.559688331922033155e-01	1.680980308875815454e-01	2.494285921294039088e-01	1.502171619908720668e-01	7.181579996835313340e-02	2.925293212288742478e-02	7.521864970839428621e-02
1.136392223187626087e+03	2.557441055327986379e-01	1.679615653469970216e-01	2.495736866455996739e-01	1.503081009650165112e-01	7.185319934960829324e-02	2.927988281701781811e-02	7.527945934265767303e-02
1.137843554251722708e+03	2.555197822485849590e-01	1.678253154950073156e-01	2.497184993157743615e-01	1.503988782442772232e-01	7.189053225460940999e-02	2.930681130387170416e-02	7.534018113757057211e-02
1.139294885315819101e+03	2.552958626080175097e-01	1.676892809748976032e-01	2.498630308685681201e-01	1.504894941188935353e-01	7.192779883039528144e-02	2.933371744160914382e-02	7.540081515731433814e-02
1.140746216379915950e+03	2.550723458809361910e-01	1.675534614306219694e-01	2.500072820297625231e-01	1.505799488785806162e-01	7.196499922351981549e-02	2.936060109012692682e-02	7.546136146614752793e-02
1.142197547444012343e+03	2.548492313385627983e-01	1.674178565068017432e-01	2.501512535222928379e-01	1.506702428125303583e-01	7.200213358005463915e-02	2.938746211104124526e-02	7.552182012841197889e-02
1.143648878508108737e+03	2.546265182534978577e-01	1.672824658487238603e-01	2.502949460662602932e-01	1.507603762094124333e-01	7.203920204559188800e-02	2.941430036767055806e-02	7.558219120853873485e-02
1.145100209572205586e+03	2.544042058997177391e-01	1.671472891023390028e-01	2.504383603789445134e-01	1.508503493573751797e-01	7.207620476524667641e-02	2.944111572501865656e-02	7.564247477105380535e-02
1.146551540636302207e+03	2.541822935525716032e-01	1.670123259142600736e-01	2.505814971748157594e-01	1.509401625440467687e-01	7.211314188365981759e-02	2.946790804975791059e-02	7.570267088058367511e-02
1.148002871700398828e+03	2.539607804887781817e-01	1.668775759317604468e-01	2.507243571655472514e-01	1.510298160565359538e-01	7.215001354500036324e-02	2.949467721021270875e-02	7.576277960186071636e-02
1.149454202764495449e+03	2.537396659864230575e-01	1.667430388027723309e-01	2.508669410600273819e-01	1.511193101814332085e-01	7.218681989296819868e-02	2.952142307634309654e-02	7.582280099972832366e-02
1.150905533828591842e+03	2.535189493249555004e-01	1.666087141758851031e-01	2.510092495643722610e-01	1.512086452048115592e-01	7.222356107079656862e-02	2.954814551972857750e-02	7.588273513914599311e-02
1.152356864892688463e+03	2.532986297851855251e-01	1.664746017003435330e-01	2.511512833819379287e-01	1.512978214122277509e-01	7.226023722125458904e-02	2.957484441355212601e-02	7.594258208519409636e-02
1.153808195956785084e+03	2.530787066492810045e-01	1.663407010260462837e-01	2.512930432133325676e-01	1.513868390887229964e-01	7.229684848664981456e-02	2.960151963258434923e-02	7.600234190307862681e-02
1.155259527020881706e+03	2.528591792007645611e-01	1.662070118035441357e-01	2.514345297564288262e-01	1.514756985188240312e-01	7.233339500883065321e-02	2.962817105316783300e-02	7.606201465813565432e-02
1.156710858084978327e+03	2.526400467245106807e-01	1.660735336840384602e-01	2.515757437063761981e-01	1.515643999865441127e-01	7.236987692918890602e-02	2.965479855320167848e-02	7.612160041583573844e-02
1.158162189149074720e+03	2.524213085067427698e-01	1.659402663193794147e-01	2.517166857556132897e-01	1.516529437753839638e-01	7.240629438866211243e-02	2.968140201212620885e-02	7.618109924178809167e-02
1.159613520213171569e+03	2.522029638350302139e-01	1.658072093620645004e-01	2.518573565938799219e-01	1.517413301683326610e-01	7.244264752773607596e-02	2.970798131090781474e-02	7.624051120174465956e-02
1.161064851277267962e+03	2.519850119982853798e-01	1.656743624652368130e-01	2.519977569082297308e-01	1.518295594478686616e-01	7.247893648644722353e-02	2.973453633202401136e-02	7.629983636160400651e-02
1.162516182341364356e+03	2.517674522867607845e-01	1.655417252826834329e-01	2.521378873830420475e-01	1.519176318959608030e-01	7.251516140438502012e-02	2.976106695944862393e-02	7.635907478741507659e-02
1.163967513405461204e+03	2.515502839920462641e-01	1.654092974688338435e-01	2.522777487000343322e-01	1.520055477940691069e-01	7.255132242069431414e-02	2.978757307863716050e-02	7.641822654538081572e-02
1.165418844469557826e+03	2.513335064070656433e-01	1.652770786787583213e-01	2.524173415382743313e-01	1.520933074231458348e-01	7.258741967407773832e-02	2.981405457651234089e-02	7.647729170186161329e-02
1.166870175533654447e+03	2.511171188260744591e-01	1.651450685681662145e-01	2.525566665741922900e-01	1.521809110636364593e-01	7.262345330279793010e-02	2.984051134144977135e-02	7.653627032337870228e-02
1.168321506597751068e+03	2.509011205446566306e-01	1.650132667934045283e-01	2.526957244815930537e-01	1.522683589954805516e-01	7.265942344467998804e-02	2.986694326326379614e-02	7.659516247661729560e-02
1.169772837661847461e+03	2.506855108597215720e-01	1.648816730114562312e-01	2.528345159316683910e-01	1.523556514981126986e-01	7.269533023711366448e-02	2.989335023319348444e-02	7.665396822842975022e-02
1.171224168725944082e+03	2.504702890695016393e-01	1.647502868799386733e-01	2.529730415930090404e-01	1.524427888504635287e-01	7.273117381705572482e-02	2.991973214388878380e-02	7.671268764583843991e-02
1.172675499790040703e+03	2.502554544735489106e-01	1.646191080571019483e-01	2.531113021316168110e-01	1.525297713309606007e-01	7.276695432103212624e-02	2.994608888939681926e-02	7.677132079603862791e-02
1.174126830854137097e+03	2.500410063727325216e-01	1.644881362018274229e-01	2.532492982109167401e-01	1.526165992175293196e-01	7.280267188514036314e-02	2.997242036514834174e-02	7.682986774640111760e-02
1.175578161918233945e+03	2.498269440692358068e-01	1.643573709736261546e-01	2.533870304917690275e-01	1.527032727875939910e-01	7.283832664505159038e-02	2.999872646794431857e-02	7.688832856447494479e-02
1.177029492982330339e+03	2.496132668665534682e-01	1.642268120326372538e-01	2.535244996324812483e-01	1.527897923180785433e-01	7.287391873601288539e-02	3.002500709594267334e-02	7.694670331798973695e-02
1.178480824046426733e+03	2.493999740694885781e-01	1.640964590396263301e-01	2.536617062888204543e-01	1.528761580854077207e-01	7.290944829284948248e-02	3.005126214864518516e-02	7.700499207485811404e-02
1.179932155110523581e+03	2.491870649841500251e-01	1.639663116559839928e-01	2.537986511140247758e-01	1.529623703655077771e-01	7.294491544996684063e-02	3.007749152688448530e-02	7.706319490317796450e-02
1.181383486174620202e+03	2.489745389179494617e-01	1.638363695437242973e-01	2.539353347588158560e-01	1.530484294338075313e-01	7.298032034135290558e-02	3.010369513281123399e-02	7.712131187123455467e-02
1.182834817238716823e+03	2.487623951795986110e-01	1.637066323654831346e-01	2.540717578714106195e-01	1.531343355652392824e-01	7.301566310058019149e-02	3.012987286988142235e-02	7.717934304750255492e-02
1.184286148302813444e+03	2.485506330791064089e-01	1.635770997845167607e-01	2.542079210975331516e-01	1.532200890342397259e-01	7.305094386080795976e-02	3.015602464284381293e-02	7.723728850064799645e-02
1.185737479366910065e+03	2.483392519277762833e-01	1.634477714647002700e-01	2.543438250804265222e-01	1.533056901147508699e-01	7.308616275478430069e-02	3.018215035772748439e-02	7.729514829953013089e-02
1.187188810431006686e+03	2.481282510382033235e-01	1.633186470705260407e-01	2.544794704608648317e-01	1.533911390802208952e-01	7.312131991484818738e-02	3.020824992182957053e-02	7.735292251320304013e-02
1.188640141495103080e+03	2.479176297242714488e-01	1.631897262671021531e-01	2.546148578771649240e-01	1.534764362036052654e-01	7.315641547293162683e-02	3.023432324370306165e-02	7.741061121091744046e-02
1.190091472559199701e+03	2.477073873011507443e-01	1.630610087201509739e-01	2.547499879651983212e-01	1.535615817573673381e-01	7.319144956056171381e-02	3.026037023314478644e-02	7.746821446212207030e-02
1.191542803623296322e+03	2.474975230852947128e-01	1.629324940960076573e-01	2.548848613584026590e-01	1.536465760134796132e-01	7.322642230886261538e-02	3.028639080118348051e-02	7.752573233646527229e-02
1.192994134687392716e+03	2.472880363944373605e-01	1.628041820616185076e-01	2.550194786877938991e-01	1.537314192434243998e-01	7.326133384855766650e-02	3.031238486006802152e-02	7.758316490379625618e-02
1.194445465751489564e+03	2.470789265475905883e-01	1.626760722845395635e-01	2.551538405819775979e-01	1.538161117181948145e-01	7.329618430997138223e-02	3.033835232325575795e-02	7.764051223416644498e-02
1.195896796815585958e+03	2.468701928650414434e-01	1.625481644329351827e-01	2.552879476671608416e-01	1.539006537082957260e-01	7.333097382303144229e-02	3.036429310540095586e-02	7.769777439783059902e-02
1.197348127879682352e+03	2.466618346683493446e-01	1.624204581755763765e-01	2.554218005671637370e-01	1.539850454837446148e-01	7.336570251727064784e-02	3.039020712234341212e-02	7.775495146524798173e-02
1.198799458943779200e+03	2.464538512803433612e-01	1.622929531818394777e-01	2.555553999034312351e-01	1.540692873140724617e-01	7.340037052182898925e-02	3.041609429109712673e-02	7.781204350708334494e-02
1.200250790007875821e+03	2.462462420251196327e-01	1.621656491217046414e-01	2.556887462950445111e-01	1.541533794683246916e-01	7.343497796545549183e-02	3.044195452983913114e-02	7.786905059420791420e-02
1.201702121071972442e+03	2.460390062280383705e-01	1.620385456657542911e-01	2.558218403587322887e-01	1.542373222150621448e-01	7.346952497651025593e-02	3.046778775789842769e-02	7.792597279770020757e-02
1.203153452136069063e+03	2.458321432157214714e-01	1.619116424851717029e-01	2.559546827088828302e-01	1.543211158223617707e-01	7.350401168296631649e-02	3.049359389574502963e-02	7.798281018884688220e-02
1.204604783200165684e+03	2.456256523160496308e-01	1.617849392517395346e-01	2.560872739575550949e-01	1.544047605578176829e-01	7.353843821241158596e-02	3.051937286497912599e-02	7.803956283914340042e-02
1.206056114264262078e+03	2.454195328581597335e-01	1.616584356378383547e-01	2.562196147144900626e-01	1.544882566885420749e-01	7.357280469205075557e-02	3.054512458832037147e-02	7.809623082029473751e-02
1.207507445328358699e+03	2.452137841724421619e-01	1.615321313164453099e-01	2.563517055871222805e-01	1.545716044811660250e-01	7.360711124870718269e-02	3.057084898959724212e-02	7.815281420421590908e-02
1.208958776392455093e+03	2.450084055905381586e-01	1.614060259611324599e-01	2.564835471805912426e-01	1.546548042018403568e-01	7.364135800882477823e-02	3.059654599373657149e-02	7.820931306303251229e-02
1.210410107456551941e+03	2.448033964453370792e-01	1.612801192460655286e-01	2.566151400977526031e-01	1.547378561162367494e-01	7.367554509846985233e-02	3.062221552675311112e-02	7.826572746908118383e-02
1.211861438520648335e+03	2.445987560709738939e-01	1.611544108460024050e-01	2.567464849391893900e-01	1.548207604895483480e-01	7.370967264333294633e-02	3.064785751573927478e-02	7.832205749490990521e-02
1.213312769584745183e+03	2.443944838028263566e-01	1.610289004362916720e-01	2.568775823032233285e-01	1.549035175864908465e-01	7.374374076873067840e-02	3.067347188885492446e-02	7.837830321327840521e-02
1.214764100648841804e+03	2.441905789775124513e-01	1.609035876928711917e-01	2.570084327859259998e-01	1.549861276713032643e-01	7.377774959960757550e-02	3.069905857531730897e-02	7.843446469715838198e-02
1.216215431712937971e+03	2.439870409328878387e-01	1.607784722922667719e-01	2.571390369811301091e-01	1.550685910077488627e-01	7.381169926053787744e-02	3.072461750539108236e-02	7.849054201973368339e-02
1.217666762777034819e+03	2.437838690080431359e-01	1.606535539115906408e-01	2.572693954804401995e-01	1.551509078591160884e-01	7.384558987572731326e-02	3.075014861037841940e-02	7.854653525440045969e-02
1.219118093841131440e+03	2.435810625433012799e-01	1.605288322285400582e-01	2.573995088732442538e-01	1.552330784882192949e-01	7.387942156901490531e-02	3.077565182260924223e-02	7.860244447476724683e-02
1.220569424905228061e+03	2.433786208802149742e-01	1.604043069213960115e-01	2.575293777467242973e-01	1.553151031573997976e-01	7.391319446387469017e-02	3.080112707543154402e-02	7.865826975465498028e-02
1.222020755969324682e+03	2.431765433615641347e-01	1.602799776690216893e-01	2.576590026858674998e-01	1.553969821285266506e-01	7.394690868341753653e-02	3.082657430320180636e-02	7.871401116809695342e-02
1.223472087033421303e+03	2.429748293313531704e-01	1.601558441508611763e-01	2.577883842734772779e-01	1.554787156629975076e-01	7.398056435039286616e-02	3.085199344127551729e-02	7.876966878933876204e-02
1.224923418097517697e+03	2.427734781348085402e-01	1.600319060469379828e-01	2.579175230901838423e-01	1.555603040217395927e-01	7.401416158719036076e-02	3.087738442599777949e-02	7.882524269283816554e-02
1.226374749161614318e+03	2.425724891183760334e-01	1.599081630378537122e-01	2.580464197144554661e-01	1.556417474652104505e-01	7.404770051584168289e-02	3.090274719469402603e-02	7.888073295326487877e-02
1.227826080225710712e+03	2.423718616297182715e-01	1.597846148047867010e-01	2.581750747226089771e-01	1.557230462533989168e-01	7.408118125802222453e-02	3.092808168566080207e-02	7.893613964550036388e-02
1.229277411289807560e+03	2.421715950177121823e-01	1.596612610294906309e-01	2.583034886888206372e-01	1.558042006458258966e-01	7.411460393505277244e-02	3.095338783815667488e-02	7.899146284463752499e-02
1.230728742353903954e+03	2.419716886324463634e-01	1.595381013942930581e-01	2.584316621851368012e-01	1.558852109015452791e-01	7.414796866790115959e-02	3.097866559239320638e-02	7.904670262598043062e-02
1.232180073418000802e+03	2.417721418252185561e-01	1.594151355820942195e-01	2.585595957814848522e-01	1.559660772791448269e-01	7.418127557718399989e-02	3.100391488952602276e-02	7.910185906504389741e-02
1.233631404482097196e+03	2.415729539485330923e-01	1.592923632763655617e-01	2.586872900456834157e-01	1.560468000367469799e-01	7.421452478316829804e-02	3.102913567164598124e-02	7.915693223755308761e-02
1.235082735546193817e+03	2.413741243560984517e-01	1.591697841611484088e-01	2.588147455434532951e-01	1.561273794320097441e-01	7.424771640577308707e-02	3.105432788177041326e-02	7.921192221944305112e-02
1.236534066610290438e+03	2.411756524028245419e-01	1.590473979210526023e-01	2.589419628384279082e-01	1.562078157221274965e-01	7.428085056457112145e-02	3.107949146383446465e-02	7.926682908685825368e-02
1.237985397674387059e+03	2.409775374448204222e-01	1.589252042412552246e-01	2.590689424921637785e-01	1.562881091638319564e-01	7.431392737879045918e-02	3.110462636268251230e-02	7.932165291615199398e-02
1.239436728738483680e+03	2.407797788393915284e-01	1.588032028074991830e-01	2.591956850641510823e-01	1.563682600133929346e-01	7.434694696731605768e-02	3.112973252405966743e-02	7.937639378388587630e-02
1.240888059802580301e+03	2.405823759450374522e-01	1.586813933060918502e-01	2.593221911118238632e-01	1.564482685266192497e-01	7.437990944869141141e-02	3.115480989460336914e-02	7.943105176682917212e-02
1.242339390866676695e+03	2.403853281214491378e-01	1.585597754239038426e-01	2.594484611905704674e-01	1.565281349588595328e-01	7.441281494112013395e-02	3.117985842183505427e-02	7.948562694195815403e-02
1.243790721930773088e+03	2.401886347295065782e-01	1.584383488483676328e-01	2.595744958537441471e-01	1.566078595650030880e-01	7.444566356246754002e-02	3.120487805415190705e-02	7.954011938645542956e-02
1.245242052994869937e+03	2.399922951312763730e-01	1.583171132674761616e-01	2.597002956526729411e-01	1.566874425994807529e-01	7.447845543026217208e-02	3.122986874081869896e-02	7.959452917770923341e-02
1.246693384058966330e+03	2.397963086900090635e-01	1.581960683697816727e-01	2.598258611366701110e-01	1.567668843162657588e-01	7.451119066169739624e-02	3.125483043195970839e-02	7.964885639331265033e-02
1.248144715123063179e+03	2.396006747701367179e-01	1.580752138443942689e-01	2.599511928530443550e-01	1.568461849688745358e-01	7.454386937363298438e-02	3.127976307855068888e-02	7.970310111106282402e-02
1.249596046187159800e+03	2.394053927372706281e-01	1.579545493809806633e-01	2.600762913471098559e-01	1.569253448103675730e-01	7.457649168259654349e-02	3.130466663241095876e-02	7.975726340896015232e-02
1.251047377251256421e+03	2.392104619581986169e-01	1.578340746697628749e-01	2.602011571621964392e-01	1.570043640933503071e-01	7.460905770478518106e-02	3.132954104619555674e-02	7.981134336520744055e-02
1.252498708315352815e+03	2.390158818008827624e-01	1.577137894015169517e-01	2.603257908396595099e-01	1.570832430699738436e-01	7.464156755606686511e-02	3.135438627338743567e-02	7.986534105820901341e-02
1.253950039379449436e+03	2.388216516344568996e-01	1.575936932675716107e-01	2.604501929188903220e-01	1.571619819919358729e-01	7.467402135198206170e-02	3.137920226828978809e-02	7.991925656656979904e-02
1.255401370443546057e+03	2.386277708292240951e-01	1.574737859598070167e-01	2.605743639373256926e-01	1.572405811104815310e-01	7.470641920774515055e-02	3.140398898601841349e-02	7.997308996909441303e-02
1.256852701507642678e+03	2.384342387566543153e-01	1.573540671706535055e-01	2.606983044304579944e-01	1.573190406764042315e-01	7.473876123824593765e-02	3.142874638249414793e-02	8.002684134478621480e-02
1.258304032571739299e+03	2.382410547893819841e-01	1.572345365930901684e-01	2.608220149318449810e-01	1.573973609400463880e-01	7.477104755805115410e-02	3.145347441443541864e-02	8.008051077284625285e-02
1.259755363635835920e+03	2.380482183012035402e-01	1.571151939206438253e-01	2.609454959731197232e-01	1.574755421513004128e-01	7.480327828140583002e-02	3.147817303935079858e-02	8.013409833267230720e-02
1.261206694699932314e+03	2.378557286670750226e-01	1.569960388473875257e-01	2.610687480840002128e-01	1.575535845596093276e-01	7.483545352223484881e-02	3.150284221553168590e-02	8.018760410385782078e-02
1.262658025764028707e+03	2.376635852631097390e-01	1.568770710679393832e-01	2.611917717922992432e-01	1.576314884139678463e-01	7.486757339414436274e-02	3.152748190204504586e-02	8.024102816619084477e-02
1.264109356828125556e+03	2.374717874665757678e-01	1.567582902774612985e-01	2.613145676239341242e-01	1.577092539629229573e-01	7.489963801042319458e-02	3.155209205872619438e-02	8.029437059965299772e-02
1.265560687892221949e+03	2.372803346558935433e-01	1.566396961716577385e-01	2.614371361029360630e-01	1.577868814545749787e-01	7.493164748404428088e-02	3.157667264617166486e-02	8.034763148441825820e-02
1.267012018956318798e+03	2.370892262106336634e-01	1.565212884467744314e-01	2.615594777514600455e-01	1.578643711365781410e-01	7.496360192766611530e-02	3.160122362573218602e-02	8.040081090085191007e-02
1.268463350020415419e+03	2.368984615115142522e-01	1.564030667995971735e-01	2.616815930897942732e-01	1.579417232561416695e-01	7.499550145363412246e-02	3.162574495950563197e-02	8.045390892950940454e-02
1.269914681084511813e+03	2.367080399403987956e-01	1.562850309274504967e-01	2.618034826363695999e-01	1.580189380600303395e-01	7.502734617398204575e-02	3.165023661033014579e-02	8.050692565113512500e-02
1.271366012148608434e+03	2.365179608802937261e-01	1.561671805281965864e-01	2.619251469077689687e-01	1.580960157945654754e-01	7.505913620043337675e-02	3.167469854177723532e-02	8.055986114666124909e-02
1.272817343212705055e+03	2.363282237153459253e-01	1.560495153002338653e-01	2.620465864187370153e-01	1.581729567056256724e-01	7.509087164440268747e-02	3.169913071814500077e-02	8.061271549720651353e-02
1.274268674276801676e+03	2.361388278308405309e-01	1.559320349424958840e-01	2.621678016821892276e-01	1.582497610386476850e-01	7.512255261699700426e-02	3.172353310445139019e-02	8.066548878407500678e-02
1.275720005340898297e+03	2.359497726131985496e-01	1.558147391544500715e-01	2.622887932092213270e-01	1.583264290386271478e-01	7.515417922901720948e-02	3.174790566642755191e-02	8.071818108875493392e-02
1.277171336404994690e+03	2.357610574499744427e-01	1.556976276360964861e-01	2.624095615091184275e-01	1.584029609501195202e-01	7.518575159095935989e-02	3.177224837051119410e-02	8.077079249291732599e-02
1.278622667469091539e+03	2.355726817298539610e-01	1.555807000879666224e-01	2.625301070893645838e-01	1.584793570172407517e-01	7.521726981301603276e-02	3.179656118384006219e-02	8.082332307841476327e-02
1.280073998533187932e+03	2.353846448426515914e-01	1.554639562111222451e-01	2.626504304556515623e-01	1.585556174836681431e-01	7.524873400507764432e-02	3.182084407424544403e-02	8.087577292728014011e-02
1.281525329597284326e+03	2.351969461793084748e-01	1.553473957071540845e-01	2.627705321118882775e-01	1.586317425926411506e-01	7.528014427673380971e-02	3.184509701024575840e-02	8.092814212172527721e-02
1.282976660661381175e+03	2.350095851318898532e-01	1.552310182781806713e-01	2.628904125602096742e-01	1.587077325869622468e-01	7.531150073727460592e-02	3.186931996104018505e-02	8.098043074413965869e-02
1.284427991725477568e+03	2.348225610935829322e-01	1.551148236268471703e-01	2.630100723009857200e-01	1.587835877089976422e-01	7.534280349569195956e-02	3.189351289650236426e-02	8.103263887708908597e-02
1.285879322789574417e+03	2.346358734586945216e-01	1.549988114563241592e-01	2.631295118328308424e-01	1.588593082006781176e-01	7.537405266068084031e-02	3.191767578717413789e-02	8.108476660331431773e-02
1.287330653853671038e+03	2.344495216226487322e-01	1.548829814703064911e-01	2.632487316526122001e-01	1.589348943034998018e-01	7.540524834064063486e-02	3.194180860425938767e-02	8.113681400572973768e-02
1.288781984917767431e+03	2.342635049819846993e-01	1.547673333730119338e-01	2.633677322554591194e-01	1.590103462585250316e-01	7.543639064367638203e-02	3.196591131961790122e-02	8.118878116742193896e-02
1.290233315981864052e+03	2.340778229343543071e-01	1.546518668691802545e-01	2.634865141347716433e-01	1.590856643063831011e-01	7.546747967760007725e-02	3.198998390575925888e-02	8.124066817164839194e-02
