1.301360187473271253e+03	2.356626814093504829e-01	1.508373778099597606e-01	2.603207347833312313e-01	1.612597269855592097e-01	7.657437667233002454e-02	3.188240690314225051e-02	8.346269543602258256e-02
1.306197957686926657e+03	2.350829205673859723e-01	1.504305291376829279e-01	2.606922305962312558e-01	1.615169927779388503e-01	7.668668664503353050e-02	3.195408571802553499e-02	8.363655455739751887e-02
1.311035727900581833e+03	2.345065024347755822e-01	1.500259277981979555e-01	2.610615655360718490e-01	1.617727330828039878e-01	7.679835205992979752e-02	3.202550826489058283e-02	8.380941082302585665e-02
1.315873498114237009e+03	2.339334057085906415e-01	1.496235629824384239e-01	2.614287531706878109e-01	1.620269580002576537e-01	7.690937643652961953e-02	3.209667385099027048e-02	8.398126985020112900e-02
1.320711268327892412e+03	2.333636092912583782e-01	1.492234238725884676e-01	2.617938069604139883e-01	1.622796775442601203e-01	7.701976328459993193e-02	3.216758181920015974e-02	8.415213722737456548e-02
1.325549038541547588e+03	2.327970922863936698e-01	1.488254996446637113e-01	2.621567402596568508e-01	1.625309016436086995e-01	7.712951610383640688e-02	3.223823154732728680e-02	8.432201851420896566e-02
1.330386808755202765e+03	2.322338339947617736e-01	1.484297794709870388e-01	2.625175663184144415e-01	1.627806401429137961e-01	7.723863838355100875e-02	3.230862244743133715e-02	8.449091924163615319e-02
1.335224578968857941e+03	2.316738139103670657e-01	1.480362525225626114e-01	2.628762982837457018e-01	1.630289028035701582e-01	7.734713360237412128e-02	3.237875396515790816e-02	8.465884491191794092e-02
1.340062349182513572e+03	2.311170117166634064e-01	1.476449079713516854e-01	2.632329492011931671e-01	1.632756993047226324e-01	7.745500522797046927e-02	3.244862557908369249e-02	8.482580099871046830e-02
1.344900119396168748e+03	2.305634072828818548e-01	1.472557349924544234e-01	2.635875320161610857e-01	1.635210392442248140e-01	7.756225671676839073e-02	3.251823680007324274e-02	8.499179294713173072e-02
1.349737889609823924e+03	2.300129806604719607e-01	1.468687227662004990e-01	2.639400595752512957e-01	1.637649321395905910e-01	7.766889151370194588e-02	3.258758717064713650e-02	8.515682617383214803e-02
1.354575659823479100e+03	2.294657120796522454e-01	1.464838604801522726e-01	2.642905446275590209e-01	1.640073874289374456e-01	7.777491305196533589e-02	3.265667626436125071e-02	8.532090606706803360e-02
1.359413430037134731e+03	2.289215819460662937e-01	1.461011373310235617e-01	2.646389998259308096e-01	1.642484144719209005e-01	7.788032475277913147e-02	3.272550368519699243e-02	8.548403798677790821e-02
1.364251200250789907e+03	2.283805708375407639e-01	1.457205425265170606e-01	2.649854377281864459e-01	1.644880225506599458e-01	7.798513002516788140e-02	3.279406906696218094e-02	8.564622726466136760e-02
1.369088970464445310e+03	2.278426595009417632e-01	1.453420652870833496e-01	2.653298707983064442e-01	1.647262208706524456e-01	7.808933226574873987e-02	3.286237207270246291e-02	8.580747920426048947e-02
1.373926740678100487e+03	2.273078288491259813e-01	1.449656948476047980e-01	2.656723114075871250e-01	1.649630185616805522e-01	7.819293485853057168e-02	3.293041239412293486e-02	8.596779908104369705e-02
1.378764510891755890e+03	2.267760599579837499e-01	1.445914204590064978e-01	2.660127718357649385e-01	1.651984246787055743e-01	7.829594117472325754e-02	3.299818975101988933e-02	8.612719214249181521e-02
1.383602281105411066e+03	2.262473340635702823e-01	1.442192313897973088e-01	2.663512642721104773e-01	1.654324482027521859e-01	7.839835457255669993e-02	3.306570389072242822e-02	8.628566360818637482e-02
1.388440051319066470e+03	2.257216325593224548e-01	1.438491169275434300e-01	2.666878008164954017e-01	1.656650980417814223e-01	7.850017839710937695e-02	3.313295458754374895e-02	8.644321866989994330e-02
1.393277821532721646e+03	2.251989369933581064e-01	1.434810663802771613e-01	2.670223934804317745e-01	1.658963830315526022e-01	7.860141598014579178e-02	3.319994164224194383e-02	8.659986249168838413e-02
1.398115591746377049e+03	2.246792290658547464e-01	1.431150690778429380e-01	2.673550541880863607e-01	1.661263119364738694e-01	7.870207063996274843e-02	3.326666488149009060e-02	8.675560020998503152e-02
1.402953361960032225e+03	2.241624906265052009e-01	1.427511143731834131e-01	2.676857947772699475e-01	1.663548934504410493e-01	7.880214568124410679e-02	3.333312415735556478e-02	8.691043693369658596e-02
1.407791132173687402e+03	2.236487036720474775e-01	1.423891916435671423e-01	2.680146270004035158e-01	1.665821361976653203e-01	7.890164439492351744e-02	3.339931934678824765e-02	8.706437774430066112e-02
1.412628902387342805e+03	2.231378503438662397e-01	1.420292902917607847e-01	2.683415625254624293e-01	1.668080487334887285e-01	7.900057005805512234e-02	3.346525035111757446e-02	8.721742769594496847e-02
1.417466672600997981e+03	2.226299129256635589e-01	1.416713997471472919e-01	2.686666129368987521e-01	1.670326395451884882e-01	7.909892593369165226e-02	3.353091709555823530e-02	8.736959181554793119e-02
1.422304442814653157e+03	2.221248738411962798e-01	1.413155094667923328e-01	2.689897897365430279e-01	1.672559170527692374e-01	7.919671527076993511e-02	3.359631952872436239e-02	8.752087510290079697e-02
1.427142213028308333e+03	2.216227156520781394e-01	1.409616089364607860e-01	2.693111043444869068e-01	1.674778896097438019e-01	7.929394130400335694e-02	3.366145762215204396e-02	8.767128253077094424e-02
1.431979983241963964e+03	2.211234210556440316e-01	1.406096876715853539e-01	2.696305680999465659e-01	1.676985655039023859e-01	7.939060725378108141e-02	3.372633136983003294e-02	8.782081904500657621e-02
1.436817753455619140e+03	2.206269728828744725e-01	1.402597352181888801e-01	2.699481922621078667e-01	1.679179529580699382e-01	7.948671632607384741e-02	3.379094078773849097e-02	8.796948956464251124e-02
1.441655523669274316e+03	2.201333540963782975e-01	1.399117411537619537e-01	2.702639880109547477e-01	1.681360601308522218e-01	7.958227171234596997e-02	3.385528591339562188e-02	8.811729898200713895e-02
1.446493293882929493e+03	2.196425477884312860e-01	1.395656950880980740e-01	2.705779664480803537e-01	1.683528951173702826e-01	7.967727658947361402e-02	3.391936680541204896e-02	8.826425216283034780e-02
1.451331064096585123e+03	2.191545371790692975e-01	1.392215866640869881e-01	2.708901385974819553e-01	1.685684659499836757e-01	7.977173411966867467e-02	3.398318354305282507e-02	8.841035394635257672e-02
1.456168834310240300e+03	2.186693056142335057e-01	1.388794055584688381e-01	2.712005154063412693e-01	1.687827805990022856e-01	7.986564745040856950e-02	3.404673622580692283e-02	8.855560914543453288e-02
1.461006604523895703e+03	2.181868365639665908e-01	1.385391414825498102e-01	2.715091077457888469e-01	1.689958469733872926e-01	7.995901971437130440e-02	3.411002497296405922e-02	8.870002254666800590e-02
1.465844374737550879e+03	2.177071136206573942e-01	1.382007841828809536e-01	2.718159264116546958e-01	1.692076729214408437e-01	8.005185402937592398e-02	3.417304992319875750e-02	8.884359891048736191e-02
1.470682144951206283e+03	2.172301204973331179e-01	1.378643234419017760e-01	2.721209821252048022e-01	1.694182662314849819e-01	8.014415349832799962e-02	3.423581123416152838e-02	8.898634297128177328e-02
1.475519915164861459e+03	2.167558410259971535e-01	1.375297490785495069e-01	2.724242855338643854e-01	1.696276346325297779e-01	8.023592120917004411e-02	3.429830908207693457e-02	8.912825943750816993e-02
1.480357685378516862e+03	2.162842591560109329e-01	1.371970509488358858e-01	2.727258472119281629e-01	1.698357857949308880e-01	8.032716023483664480e-02	3.436054366134863591e-02	8.926935299180481509e-02
1.485195455592172038e+03	2.158153589525183269e-01	1.368662189463920875e-01	2.730256776612581260e-01	1.700427273310367304e-01	8.041787363321425963e-02	3.442251518417108191e-02	8.940962829110540855e-02
1.490033225805827215e+03	2.153491245949113453e-01	1.365372430029833939e-01	2.733237873119691574e-01	1.702484667958250875e-01	8.050806444710528753e-02	3.448422388014783790e-02	8.954908996675385591e-02
1.494870996019482618e+03	2.148855403753357762e-01	1.362101130889946665e-01	2.736201865231033259e-01	1.704530116875299373e-01	8.059773570419651034e-02	3.454566999591645454e-02	8.968774262461935709e-02
1.499708766233137567e+03	2.144245906972349625e-01	1.358848192138877031e-01	2.739148855832920781e-01	1.706563694482578497e-01	8.068689041703164255e-02	3.460685379477968643e-02	8.982559084521210546e-02
1.504546536446793198e+03	2.139662600739310749e-01	1.355613514266315045e-01	2.742078947114084952e-01	1.708585474645950009e-01	8.077553158298771130e-02	3.466777555634303204e-02	8.996263918379927838e-02
1.509384306660448374e+03	2.135105331272420803e-01	1.352396998161066732e-01	2.744992240572078912e-01	1.710595530682041121e-01	8.086366218425547481e-02	3.472843557615843540e-02	9.009889217052143018e-02
1.514222076874103550e+03	2.130573945861337359e-01	1.349198545114846104e-01	2.747888837019588637e-01	1.712593935364121189e-01	8.095128518782340743e-02	3.478883416537409401e-02	9.023435431050924604e-02
1.519059847087758726e+03	2.126068292854049746e-01	1.346018056825826481e-01	2.750768836590642419e-01	1.714580760927882919e-01	8.103840354546522351e-02	3.484897165039019945e-02	9.036903008400047621e-02
1.523897617301414357e+03	2.121588221644058192e-01	1.342855435401963948e-01	2.753632338746717645e-01	1.716556079077133645e-01	8.112502019373094009e-02	3.490884837252057615e-02	9.050292394645724492e-02
1.528735387515069533e+03	2.117133582657867996e-01	1.339710583364092378e-01	2.756479442282758763e-01	1.718519960989394191e-01	8.121113805394114538e-02	3.496846468766010713e-02	9.063604032868347038e-02
1.533573157728724709e+03	2.112704227342786234e-01	1.336583403648810564e-01	2.759310245333103651e-01	1.720472477321410565e-01	8.129676003218459790e-02	3.502782096595782185e-02	9.076838363694256229e-02
1.538410927942380113e+03	2.108300008155013228e-01	1.333473799611159805e-01	2.762124845377316174e-01	1.722413698214577127e-01	8.138188901931875385e-02	3.508691759149554917e-02	9.089995825307520261e-02
1.543248698156035516e+03	2.103920778548016290e-01	1.330381675027104416e-01	2.764923339245937695e-01	1.724343693300275371e-01	8.146652789097338920e-02	3.514575496197212129e-02	9.103076853461725126e-02
1.548086468369690692e+03	2.099566392961181582e-01	1.327306934095824342e-01	2.767705823126150322e-01	1.726262531705127778e-01	8.155067950755703898e-02	3.520433348839293458e-02	9.116081881491780448e-02
1.552924238583346096e+03	2.095236706808728533e-01	1.324249481441821807e-01	2.770472392567359665e-01	1.728170282056169516e-01	8.163434671426621214e-02	3.526265359476479094e-02	9.129011340325721147e-02
1.557762008797001272e+03	2.090931576468883502e-01	1.321209222116855320e-01	2.773223142486698212e-01	1.730067012485939915e-01	8.171753234109722930e-02	3.532071571779606817e-02	9.141865658496521607e-02
1.562599779010656675e+03	2.086650859273300185e-01	1.318186061601703818e-01	2.775958167174448210e-01	1.731952790637492912e-01	8.180023920286068340e-02	3.537852030660189329e-02	9.154645262153909835e-02
1.567437549224311852e+03	2.082394413496723995e-01	1.315179905807769278e-01	2.778677560299390725e-01	1.733827683669331987e-01	8.188247009919835673e-02	3.543606782241447151e-02	9.167350575076173291e-02
1.572275319437967255e+03	2.078162098346884867e-01	1.312190661078522502e-01	2.781381414914082528e-01	1.735691758260267115e-01	8.196422781460245555e-02	3.549335873829834870e-02	9.179982018681968892e-02
1.577113089651622431e+03	2.073953773954620439e-01	1.309218234190800967e-01	2.784069823460055271e-01	1.737545080614196491e-01	8.204551511843724554e-02	3.555039353887053111e-02	9.192540012042120512e-02
1.581950859865277607e+03	2.069769301364213776e-01	1.306262532355961237e-01	2.786742877772948046e-01	1.739387716464816103e-01	8.212633476496275509e-02	3.560717272002544842e-02	9.205024971891415109e-02
1.586788630078933011e+03	2.065608542523943991e-01	1.303323463220897593e-01	2.789400669087571671e-01	1.741219731080256572e-01	8.220668949336079612e-02	3.566369678866467691e-02	9.217437312640382185e-02
1.591626400292587959e+03	2.061471360276840303e-01	1.300400934868922165e-01	2.792043288042904137e-01	1.743041189267650892e-01	8.228658202776277519e-02	3.571996626243120754e-02	9.229777446387064932e-02
1.596464170506243590e+03	2.057357618351635109e-01	1.297494855820523207e-01	2.794670824687017219e-01	1.744852155377629999e-01	8.236601507727969729e-02	3.577598166944837704e-02	9.242045782928770548e-02
1.601301940719898766e+03	2.053267181353908011e-01	1.294605135033999599e-01	2.797283368481948140e-01	1.746652693308753668e-01	8.244499133603389041e-02	3.583174354806329537e-02	9.254242729773815013e-02
1.606139710933553943e+03	2.049199914757415808e-01	1.291731681905977369e-01	2.799881008308499619e-01	1.748442866511872307e-01	8.252351348319270086e-02	3.588725244659465158e-02	9.266368692153240105e-02
1.610977481147209119e+03	2.045155684895601511e-01	1.288874406271815487e-01	2.802463832470982186e-01	1.750222737994425737e-01	8.260158418300375671e-02	3.594250892308489820e-02	9.278424073032517927e-02
1.615815251360864750e+03	2.041134358953278216e-01	1.286033218405903678e-01	2.805031928701893773e-01	1.751992370324677306e-01	8.267920608483209088e-02	3.599751354505675155e-02	9.290409273123224898e-02
1.620653021574519926e+03	2.037135804958481178e-01	1.283208029021856156e-01	2.807585384166546572e-01	1.753751825635884443e-01	8.275638182319866587e-02	3.605226688927382767e-02	9.302324690894706039e-02
1.625490791788175102e+03	2.033159891774484196e-01	1.280398749272607106e-01	2.810124285467631156e-01	1.755501165630409810e-01	8.283311401782066097e-02	3.610676954150549706e-02	9.314170722585704554e-02
1.630328562001830505e+03	2.029206489091971988e-01	1.277605290750410683e-01	2.812648718649725654e-01	1.757240451583770846e-01	8.290940527365307788e-02	3.616102209629577791e-02	9.325947762215967829e-02
1.635166332215485909e+03	2.025275467421367992e-01	1.274827565486750525e-01	2.815158769203751632e-01	1.758969744348629627e-01	8.298525818093184514e-02	3.621502515673625383e-02	9.337656201597833994e-02
1.640004102429141085e+03	2.021366698085311497e-01	1.272065485952161568e-01	2.817654522071373346e-01	1.760689104358728885e-01	8.306067531521825476e-02	3.626877933424293987e-02	9.349296430347776854e-02
1.644841872642796488e+03	2.017480053211275492e-01	1.269318965055968584e-01	2.820136061649343717e-01	1.762398591632765854e-01	8.313565923744470343e-02	3.632228524833702038e-02	9.360868835897936946e-02
1.649679642856451665e+03	2.013615405724327734e-01	1.266587916145944792e-01	2.822603471793805885e-01	1.764098265778214769e-01	8.321021249396169661e-02	3.637554352642939637e-02	9.372373803507604018e-02
1.654517413070107068e+03	2.009772629340025318e-01	1.263872253007893576e-01	2.825056835824533152e-01	1.765788185995093296e-01	8.328433761658601830e-02	3.642855480360901455e-02	9.383811716274687020e-02
1.659355183283762244e+03	2.005951598557440541e-01	1.261171889865156381e-01	2.827496236529127294e-01	1.767468411079677060e-01	8.335803712265009435e-02	3.648131972243488785e-02	9.395182955147134141e-02
1.664192953497417420e+03	2.002152188652315257e-01	1.258486741378051499e-01	2.829921756167163571e-01	1.769138999428159220e-01	8.343131351505242432e-02	3.653383893273174504e-02	9.406487898934333403e-02
1.669030723711072824e+03	1.998374275670337652e-01	1.255816722643244843e-01	2.832333476474290790e-01	1.770800009040262024e-01	8.350416928230899871e-02	3.658611309138924683e-02	9.417726924318470250e-02
1.673868493924728000e+03	1.994617736420539467e-01	1.253161749193056895e-01	2.834731478666283055e-01	1.772451497522795349e-01	8.357660689860581249e-02	3.663814286216474092e-02	9.428900405865850431e-02
1.678706264138383403e+03	1.990882448468808130e-01	1.250521736994707200e-01	2.837115843443045460e-01	1.774093522093168340e-01	8.364862882385223908e-02	3.668992891548947949e-02	9.440008716038184033e-02
1.683544034352038352e+03	1.987168290131514636e-01	1.247896602449501957e-01	2.839486650992576466e-01	1.775726139582851359e-01	8.372023750373540352e-02	3.674147192827822983e-02	9.451052225203844526e-02
1.688381804565693983e+03	1.983475140469247167e-01	1.245286262391963605e-01	2.841843980994881447e-01	1.777349406440791035e-01	8.379143536977531892e-02	3.679277258374224341e-02	9.462031301649070913e-02
1.693219574779349159e+03	1.979802879280653238e-01	1.242690634088907814e-01	2.844187912625847359e-01	1.778963378736779233e-01	8.386222483938088335e-02	3.684383157120554170e-02	9.472946311589146295e-02
1.698057344993004335e+03	1.976151387096384271e-01	1.240109635238468566e-01	2.846518524561073571e-01	1.780568112164775951e-01	8.393260831590669546e-02	3.689464958592440086e-02	9.483797619179533400e-02
1.702895115206659511e+03	1.972520545173141182e-01	1.237543183969075922e-01	2.848835894979659389e-01	1.782163662046187813e-01	8.400258818871056410e-02	3.694522732891007688e-02	9.494585586526964327e-02
1.707732885420315142e+03	1.968910235487815741e-01	1.234991198838384929e-01	2.851140101567949392e-01	1.783750083333104086e-01	8.407216683321171169e-02	3.699556550675464628e-02	9.505310573700496979e-02
1.712570655633970318e+03	1.965320340731727400e-01	1.232453598832161656e-01	2.853431221523242689e-01	1.785327430611488020e-01	8.414134661094968548e-02	3.704566483145996236e-02	9.515972938742518761e-02
1.717408425847625494e+03	1.961750744304952276e-01	1.229930303363126476e-01	2.855709331557456654e-01	1.786895758104326271e-01	8.421012986964385161e-02	3.709552602026959522e-02	9.526573037679726685e-02
1.722246196061280898e+03	1.958201330310738730e-01	1.227421232269756551e-01	2.857974507900756800e-01	1.788455119674738636e-01	8.427851894325355531e-02	3.714514979550383872e-02	9.537111224534047804e-02
1.727083966274936301e+03	1.954671983550013425e-01	1.224926305815050437e-01	2.860226826305144465e-01	1.790005568829045879e-01	8.434651615203872521e-02	3.719453688439758321e-02	9.547587851333524944e-02
1.731921736488591478e+03	1.951162589515968993e-01	1.222445444685255761e-01	2.862466362048007862e-01	1.791547158719798694e-01	8.441412380262114379e-02	3.724368801894116510e-02	9.558003268123156648e-02
1.736759506702246881e+03	1.947673034388733015e-01	1.219978569988562078e-01	2.864693189935636486e-01	1.793079942148767258e-01	8.448134418804610635e-02	3.729260393572400578e-02	9.568357822975695481e-02
1.741597276915902057e+03	1.944203205030119175e-01	1.217525603253760552e-01	2.866907384306700557e-01	1.794603971569893042e-01	8.454817958784460741e-02	3.734128537578106088e-02	9.578651862002399153e-02
1.746435047129557461e+03	1.940752988978453331e-01	1.215086466428873108e-01	2.869109019035687713e-01	1.796119299092202304e-01	8.461463226809591565e-02	3.738973308444206584e-02	9.588885729363744170e-02
1.751272817343212637e+03	1.937322274443475378e-01	1.212661081879750358e-01	2.871298167536312507e-01	1.797625976482683796e-01	8.468070448149064844e-02	3.743794781118344600e-02	9.599059767280078426e-02
1.756110587556867813e+03	1.933910950301316045e-01	1.210249372388641359e-01	2.873474902764888150e-01	1.799124055169130376e-01	8.474639846739408233e-02	3.748593030948291910e-02	9.609174316042250197e-02
1.760948357770523216e+03	1.930518906089541964e-01	1.207851261152738664e-01	2.875639297223662183e-01	1.800613586242943986e-01	8.481171645190999087e-02	3.753368133667676215e-02	9.619229714022167754e-02
1.765786127984178393e+03	1.927146032002273190e-01	1.205466671782695343e-01	2.877791422964119383e-01	1.802094620461907049e-01	8.487666064794464893e-02	3.758120165381958339e-02	9.629226297683340929e-02
1.770623898197833569e+03	1.923792218885364835e-01	1.203095528301118267e-01	2.879931351590254707e-01	1.803567208252919996e-01	8.494123325527125346e-02	3.762849202554670314e-02	9.639164401591346354e-02
1.775461668411488745e+03	1.920457358231657807e-01	1.200737755141041418e-01	2.882059154261806810e-01	1.805031399714703833e-01	8.500543646059455227e-02	3.767555321993900502e-02	9.649044358424269108e-02
1.780299438625144376e+03	1.917141342176290619e-01	1.198393277144373659e-01	2.884174901697466598e-01	1.806487244620471888e-01	8.506927243761579216e-02	3.772238600839027123e-02	9.658866498983090243e-02
1.785137208838799552e+03	1.913844063492075587e-01	1.196062019560329703e-01	2.886278664178050790e-01	1.807934792420566594e-01	8.513274334709784730e-02	3.776899116547691171e-02	9.668631152202021573e-02
1.789974979052454728e+03	1.910565415584934423e-01	1.193743908043840146e-01	2.888370511549643305e-01	1.809374092245067400e-01	8.519585133693056977e-02	3.781536946883010814e-02	9.678338645158804376e-02
1.794812749266109904e+03	1.907305292489392956e-01	1.191438868653944133e-01	2.890450513226708318e-01	1.810805192906365935e-01	8.525859854219637601e-02	3.786152169901027542e-02	9.687989303084949821e-02
1.799650519479765535e+03	1.904063588864133849e-01	1.189146827852164828e-01	2.892518738195170580e-01	1.812228142901711470e-01	8.532098708523591646e-02	3.790744863938384779e-02	9.697583449375941911e-02
1.804488289693420711e+03	1.900840199987606505e-01	1.186867712500870031e-01	2.894575255015469639e-01	1.813642990415724465e-01	8.538301907571398119e-02	3.795315107600234772e-02	9.707121405601386310e-02
1.809326059907075887e+03	1.897635021753689422e-01	1.184601449861616834e-01	2.896620131825580202e-01	1.815049783322883747e-01	8.544469661068544719e-02	3.799862979748361985e-02	9.716603491515113378e-02
1.814163830120731291e+03	1.894447950667408065e-01	1.182347967593482679e-01	2.898653436344008072e-01	1.816448569189982043e-01	8.550602177466146148e-02	3.804388559489535471e-02	9.726030025065234008e-02
1.819001600334386467e+03	1.891278883840702418e-01	1.180107193751384481e-01	2.900675235872753888e-01	1.817839395278554315e-01	8.556699663967554104e-02	3.808891926164072184e-02	9.735401322404148294e-02
1.823839370548041643e+03	1.888127718988248382e-01	1.177879056784384149e-01	2.902685597300250775e-01	1.819222308547278066e-01	8.562762326534996415e-02	3.813373159334614015e-02	9.744717697898502839e-02
1.828677140761696819e+03	1.884994354423326635e-01	1.175663485533984254e-01	2.904684587104274796e-01	1.820597355654345051e-01	8.568790369896205072e-02	3.817832338775114381e-02	9.753979464139106437e-02
1.833514910975352450e+03	1.881878689053740061e-01	1.173460409232412460e-01	2.906672271354825421e-01	1.821964582959808565e-01	8.574783997551051196e-02	3.822269544460028118e-02	9.763186931950790237e-02
1.838352681189008081e+03	1.878780622377778375e-01	1.171269757500897485e-01	2.908648715716983801e-01	1.823324036527901593e-01	8.580743411778191110e-02	3.826684856553710240e-02	9.772340410402226285e-02
1.843190451402663257e+03	1.875700054480229917e-01	1.169091460347935069e-01	2.910613985453739394e-01	1.824675762129329415e-01	8.586668813641708253e-02	3.831078355400005520e-02	9.781440206815693317e-02
1.848028221616318433e+03	1.872636886028437309e-01	1.166925448167546037e-01	2.912568145428793831e-01	1.826019805243538074e-01	8.592560402997753699e-02	3.835450121512042065e-02	9.790486626776795376e-02
1.852865991829973609e+03	1.869591018268397797e-01	1.164771651737527974e-01	2.914511260109339252e-01	1.827356211060955915e-01	8.598418378501185289e-02	3.839800235562213643e-02	9.799479974144138794e-02
1.857703762043628785e+03	1.866562353020905507e-01	1.162630002217699410e-01	2.916443393568807774e-01	1.828685024485211807e-01	8.604242937612206765e-02	3.844128778372350730e-02	9.808420551058948111e-02
1.862541532257283961e+03	1.863550792677737267e-01	1.160500431148138029e-01	2.918364609489599304e-01	1.830006290135327840e-01	8.610034276603004133e-02	3.848435830904082394e-02	9.817308657954648687e-02
1.867379302470939592e+03	1.860556240197878131e-01	1.158382870447413199e-01	2.920274971165784383e-01	1.831320052347887584e-01	8.615792590564369524e-02	3.852721474249377193e-02	9.826144593566382701e-02
1.872217072684594768e+03	1.857578599103787698e-01	1.156277252410814887e-01	2.922174541505780931e-01	1.832626355179183819e-01	8.621518073412322292e-02	3.856985789621269339e-02	9.834928654940502946e-02
1.877054842898249490e+03	1.854617773477705567e-01	1.154183509708576610e-01	2.924063383035007679e-01	1.833925242407338785e-01	8.627210917894725939e-02	3.861228858344759041e-02	9.843661137443995846e-02
1.881892613111905121e+03	1.851673667957995650e-01	1.152101575384096577e-01	2.925941557898514844e-01	1.835216757534405552e-01	8.632871315597889783e-02	3.865450761847890465e-02	9.852342334773861454e-02
1.886730383325560297e+03	1.848746187735526569e-01	1.150031382852153145e-01	2.927809127863590377e-01	1.836500943788444418e-01	8.638499456953166455e-02	3.869651581652999717e-02	9.860972538966457368e-02
1.891568153539215928e+03	1.845835238550090074e-01	1.147972865897120692e-01	2.929666154322342897e-01	1.837777844125578208e-01	8.644095531243532748e-02	3.873831399368131423e-02	9.869552040406781579e-02
1.896405923752871104e+03	1.842940726686855824e-01	1.145925958671180495e-01	2.931512698294264085e-01	1.839047501232025927e-01	8.649659726610160748e-02	3.877990296678626020e-02	9.878081127837709530e-02
1.901243693966526507e+03	1.840062558972859474e-01	1.143890595692531736e-01	2.933348820428765547e-01	1.840309957526115592e-01	8.655192230058976477e-02	3.882128355338867326e-02	9.886560088369192312e-02
1.906081464180181683e+03	1.837200642773528236e-01	1.141866711843600724e-01	2.935174581007693462e-01	1.841565255160274306e-01	8.660693227467207433e-02	3.886245657164192485e-02	9.894989207487393801e-02
1.910919234393836859e+03	1.834354885989236961e-01	1.139854242369248705e-01	2.936990039947824926e-01	1.842813436022998907e-01	8.666162903589906541e-02	3.890342284022959424e-02	9.903368769063797261e-02
1.915757004607492036e+03	1.831525197051899201e-01	1.137853122874980111e-01	2.938795256803340417e-01	1.844054541740807185e-01	8.671601442066473320e-02	3.894418317828769738e-02	9.911699055364243949e-02
1.920594774821147894e+03	1.828711484921591302e-01	1.135863289325150377e-01	2.940590290768272941e-01	1.845288613680166889e-01	8.677009025427144528e-02	3.898473840532849788e-02	9.919980347057946735e-02
1.925432545034802843e+03	1.825913659083206186e-01	1.133884678041174043e-01	2.942375200678939429e-01	1.846515692949406984e-01	8.682385835099477867e-02	3.902508934116577510e-02	9.928212923226435727e-02
1.930270315248458019e+03	1.823131629543140453e-01	1.131917225699733409e-01	2.944150045016349360e-01	1.847735820400608353e-01	8.687732051414813472e-02	3.906523680584158414e-02	9.936397061372474748e-02
1.935108085462113195e+03	1.820365306826009777e-01	1.129960869330988993e-01	2.945914881908594518e-01	1.848949036631474530e-01	8.693047853614715992e-02	3.910518161955451460e-02	9.944533037428915367e-02
1.939945855675768371e+03	1.817614601971397625e-01	1.128015546316790824e-01	2.947669769133215434e-01	1.850155381987187431e-01	8.698333419857398607e-02	3.914492460258933021e-02	9.952621125767513455e-02
1.944783625889424002e+03	1.814879426530629780e-01	1.126081194388890705e-01	2.949414764119552834e-01	1.851354896562238950e-01	8.703588927224131799e-02	3.918446657524808641e-02	9.960661599207699946e-02
1.949621396103079178e+03	1.812159692563579949e-01	1.124157751627158919e-01	2.951149923951070231e-01	1.852547620202250056e-01	8.708814551725620190e-02	3.922380835778255942e-02	9.968654729025296091e-02
1.954459166316734354e+03	1.809455312635502855e-01	1.122245156457799681e-01	2.952875305367670955e-01	1.853733592505766581e-01	8.714010468308362733e-02	3.926295077032811859e-02	9.976600784961195401e-02
1.959296936530389530e+03	1.806766199813895357e-01	1.120343347651572424e-01	2.954590964767980776e-01	1.854912852826041403e-01	8.719176850861000416e-02	3.930189463283890322e-02	9.984500035229984527e-02
1.964134706744044706e+03	1.804092267665385330e-01	1.118452264322014056e-01	2.956296958211621639e-01	1.856085440272797205e-01	8.724313872220626487e-02	3.934064076502433172e-02	9.992352746528533614e-02
1.968972476957700337e+03	1.801433430252646906e-01	1.116571845923665374e-01	2.957993341421463196e-01	1.857251393713972298e-01	8.729421704179082808e-02	3.937918998628692213e-02	1.000015918404452558e-01
1.973810247171355968e+03	1.798789602131341536e-01	1.114702032250299707e-01	2.959680169785855464e-01	1.858410751777450076e-01	8.734500517489231231e-02	3.941754311566135482e-02	1.000791961146494935e-01
1.978648017385010689e+03	1.796160698347086249e-01	1.112842763433156273e-01	2.961357498360842055e-01	1.859563552852770696e-01	8.739550481871201371e-02	3.945570097175486041e-02	1.001563429098454722e-01
1.983485787598666320e+03	1.793546634432446052e-01	1.110993979939176313e-01	2.963025381872359532e-01	1.860709835092827502e-01	8.744571766018607861e-02	3.949366437268878732e-02	1.002330348331420956e-01
1.988323557812321269e+03	1.790947326403951878e-01	1.109155622569244215e-01	2.964683874718413437e-01	1.861849636415546516e-01	8.749564537604752334e-02	3.953143413604139761e-02	1.003092744768933342e-01
1.993161328025976900e+03	1.788362690759145168e-01	1.107327632456432259e-01	2.966333030971239904e-01	1.862982994505550383e-01	8.754528963288792098e-02	3.956901107879189777e-02	1.003850644187812696e-01
1.997999098239632076e+03	1.785792644473641888e-01	1.105509951064249791e-01	2.967972904379447829e-01	1.864109946815806218e-01	8.759465208721889384e-02	3.960639601726561460e-02	1.004604072218987509e-01
2.002836868453287707e+03	1.783237104998224298e-01	1.103702520184897118e-01	2.969603548370146617e-01	1.865230530569257916e-01	8.764373438553330065e-02	3.964358976708032278e-02	1.005353054348316066e-01
2.007674638666942428e+03	1.780695990255955485e-01	1.101905281937524406e-01	2.971225016051051715e-01	1.866344782760443466e-01	8.769253816436616000e-02	3.968059314309375224e-02	1.006097615917403570e-01
2.012512408880597604e+03	1.778169218639316651e-01	1.100118178766494870e-01	2.972837360212579050e-01	1.867452740157097280e-01	8.774106505035532411e-02	3.971740695935219168e-02	1.006837782124415243e-01
2.017350179094252780e+03	1.775656709007364664e-01	1.098341153439653661e-01	2.974440633329918371e-01	1.868554439301736425e-01	8.778931666030190262e-02	3.975403202904016081e-02	1.007573578024884842e-01
2.022187949307908411e+03	1.773158380682917645e-01	1.096574149046601887e-01	2.976034887565090492e-01	1.869649916513234089e-01	8.783729460123035349e-02	3.979046916443124138e-02	1.008305028532518882e-01
2.027025719521564042e+03	1.770674153449755817e-01	1.094817108996975902e-01	2.977620174768991768e-01	1.870739207888377220e-01	8.788500047044831009e-02	3.982671917683991425e-02	1.009032158419996550e-01
2.031863489735218764e+03	1.768203947549848998e-01	1.093069977018731875e-01	2.979196546483416919e-01	1.871822349303410571e-01	8.793243585560622799e-02	3.986278287657448599e-02	1.009754992319764205e-01
2.036701259948874394e+03	1.765747683680603253e-01	1.091332697156436465e-01	2.980764053943071312e-01	1.872899376415565476e-01	8.797960233475655978e-02	3.989866107289100072e-02	1.010473554724827666e-01
2.041539030162529116e+03	1.763305282992128353e-01	1.089605213769563319e-01	2.982322748077562147e-01	1.873970324664576970e-01	8.802650147641286060e-02	3.993435457394821364e-02	1.011187869989537830e-01
2.046376800376184747e+03	1.760876667084528557e-01	1.087887471530794709e-01	2.983872679513377979e-01	1.875035229274185089e-01	8.807313483960843570e-02	3.996986418676352903e-02	1.011897962330373518e-01
2.051214570589840150e+03	1.758461758005208930e-01	1.086179415424330108e-01	2.985413898575851044e-01	1.876094125253623124e-01	8.811950397395477974e-02	4.000519071716993752e-02	1.012603855826719329e-01
2.056052340803495554e+03	1.756060478246206369e-01	1.084480990744200596e-01	2.986946455291103475e-01	1.877147047399093382e-01	8.816561041969971091e-02	4.004033496977391776e-02	1.013305574421639460e-01
2.060890111017150957e+03	1.753672750741538666e-01	1.082792143092588810e-01	2.988470399387979648e-01	1.878194030295229910e-01	8.821145570778521350e-02	4.007529774791427496e-02	1.014003141922647372e-01
2.065727881230805451e+03	1.751298498864572728e-01	1.081112818378156398e-01	2.989985780299965201e-01	1.879235108316545666e-01	8.825704135990501686e-02	4.011007985362190914e-02	1.014696582002470315e-01
2.070565651444461309e+03	1.748937646425412495e-01	1.079442962814376461e-01	2.991492647167085517e-01	1.880270315628870537e-01	8.830236888856177191e-02	4.014468208758052020e-02	1.015385918199811360e-01
2.075403421658116713e+03	1.746590117668307129e-01	1.077782522917874047e-01	2.992991048837795875e-01	1.881299686190774367e-01	8.834743979712407491e-02	4.017910524908821501e-02	1.016071173920105458e-01
2.080241191871772116e+03	1.744255837269074738e-01	1.076131445506771783e-01	2.994481033870852738e-01	1.882323253754977499e-01	8.839225557988311666e-02	4.021335013601994718e-02	1.016752372436272173e-01
2.085078962085427065e+03	1.741934730332548309e-01	1.074489677699042300e-01	2.995962650537173921e-01	1.883341051869750760e-01	8.843681772210899850e-02	4.024741754479093520e-02	1.017429536889464387e-01
2.089916732299082469e+03	1.739626722390037739e-01	1.072857166910869270e-01	2.997435946821682129e-01	1.884353113880301023e-01	8.848112770010681249e-02	4.028130827032080918e-02	1.018102690289812567e-01
2.094754502512737417e+03	1.737331739396811014e-01	1.071233860855012182e-01	2.998900970425134038e-01	1.885359472930146496e-01	8.852518698127241625e-02	4.031502310599872213e-02	1.018771855517164593e-01
2.099592272726392821e+03	1.735049707729592050e-01	1.069619707539180009e-01	3.000357768765936628e-01	1.886360161962478688e-01	8.856899702414787467e-02	4.034856284364918277e-02	1.019437055321821828e-01
2.104430042940048224e+03	1.732780554184076838e-01	1.068014655264411389e-01	3.001806388981951845e-01	1.887355213721514657e-01	8.861255927847658254e-02	4.038192827349879749e-02	1.020098312325271595e-01
2.109267813153704083e+03	1.730524205972467089e-01	1.066418652623461472e-01	3.003246877932283510e-01	1.888344660753835114e-01	8.865587518525813726e-02	4.041512018414375462e-02	1.020755649020914507e-01
2.114105583367359031e+03	1.728280590721021637e-01	1.064831648499195288e-01	3.004679282199052559e-01	1.889328535409712795e-01	8.869894617680287863e-02	4.044813936251807907e-02	1.021409087774788338e-01
2.118943353581013525e+03	1.726049636467622550e-01	1.063253592062989306e-01	3.006103648089160085e-01	1.890306869844430859e-01	8.874177367678615092e-02	4.048098659386274722e-02	1.022058650826288412e-01
2.123781123794669384e+03	1.723831271659361231e-01	1.061684432773138953e-01	3.007520021636034824e-01	1.891279696019585732e-01	8.878435910030220424e-02	4.051366266169547509e-02	1.022704360288882591e-01
2.128618894008324787e+03	1.721625425150137556e-01	1.060124120373274331e-01	3.008928448601370098e-01	1.892247045704383845e-01	8.882670385391780443e-02	4.054616834778128343e-02	1.023346238150823623e-01
2.133456664221980191e+03	1.719432026198279007e-01	1.058572604890781893e-01	3.010328974476844666e-01	1.893208950476924224e-01	8.886880933572562091e-02	4.057850443210381242e-02	1.023984306275856765e-01
2.138294434435635139e+03	1.717251004464172559e-01	1.057029836635234032e-01	3.011721644485833571e-01	1.894165441725472465e-01	8.891067693539718431e-02	4.061067169283735789e-02	1.024618586403923531e-01
2.143132204649290543e+03	1.715082290007915455e-01	1.055495766196825336e-01	3.013106503585105123e-01	1.895116550649721676e-01	8.895230803423560817e-02	4.064267090631960150e-02	1.025249100151861825e-01
2.147969974862945492e+03	1.712925813286980126e-01	1.053970344444817020e-01	3.014483596466505100e-01	1.896062308262046470e-01	8.899370400522803315e-02	4.067450284702504859e-02	1.025875869014101910e-01
2.152807745076601350e+03	1.710781505153895488e-01	1.052453522525987617e-01	3.015852967558629305e-01	1.897002745388741973e-01	8.903486621309769644e-02	4.070616828753914618e-02	1.026498914363358494e-01
2.157645515290255844e+03	1.708649296853942123e-01	1.050945251863091706e-01	3.017214661028483347e-01	1.897937892671257287e-01	8.907579601435569594e-02	4.073766799853308085e-02	1.027118257451318933e-01
2.162483285503912157e+03	1.706529120022866330e-01	1.049445484153324892e-01	3.018568720783129100e-01	1.898867780567415342e-01	8.911649475735257397e-02	4.076900274873925673e-02	1.027733919409327679e-01
2.167321055717567106e+03	1.704420906684604442e-01	1.047954171366797527e-01	3.019915190471320066e-01	1.899792439352624707e-01	8.915696378232942920e-02	4.080017330492739097e-02	1.028345921249066847e-01
2.172158825931222509e+03	1.702324589249027409e-01	1.046471265745014395e-01	3.021254113485126735e-01	1.900711899121080017e-01	8.919720442146877870e-02	4.083118043188128932e-02	1.028954283863232899e-01
2.176996596144877003e+03	1.700240100509695373e-01	1.044996719799363150e-01	3.022585532961544197e-01	1.901626189786955468e-01	8.923721799894523965e-02	4.086202489237618363e-02	1.029559028026209716e-01
2.181834366358532861e+03	1.698167373641630284e-01	1.043530486309608291e-01	3.023909491784097514e-01	1.902535341085583864e-01	8.927700583097568365e-02	4.089270744715679806e-02	1.030160174394737366e-01
2.186672136572187810e+03	1.696106342199101835e-01	1.042072518322394309e-01	3.025226032584424907e-01	1.903439382574631800e-01	8.931656922586928005e-02	4.092322885491590789e-02	1.030757743508578239e-01
2.191509906785843214e+03	1.694056940113426724e-01	1.040622769149754379e-01	3.026535197743856487e-01	1.904338343635260389e-01	8.935590948407712286e-02	4.095358987227357833e-02	1.031351755791178187e-01
2.196347676999498617e+03	1.692019101690785121e-01	1.039181192367629042e-01	3.027837029394978563e-01	1.905232253473279624e-01	8.939502789824166351e-02	4.098379125375693766e-02	1.031942231550324468e-01
2.201185447213154021e+03	1.689992761610047689e-01	1.037747741814389196e-01	3.029131569423189618e-01	1.906121141120292739e-01	8.943392575324571325e-02	4.101383375178058177e-02	1.032529190978800221e-01
2.206023217426809424e+03	1.687977854920618970e-01	1.036322371589368380e-01	3.030418859468241854e-01	1.907005035434831131e-01	8.947260432626123750e-02	4.104371811662747838e-02	1.033112654155034782e-01
2.210860987640464373e+03	1.685974317040293824e-01	1.034905036051402272e-01	3.031698940925771080e-01	1.907883965103482349e-01	8.951106488679777540e-02	4.107344509643049563e-02	1.033692641043750943e-01
2.215698757854119776e+03	1.683982083753126913e-01	1.033495689817374857e-01	3.032971854948818269e-01	1.908757958642003649e-01	8.954930869675070682e-02	4.110301543715441652e-02	1.034269171496607909e-01
2.220536528067775180e+03	1.682001091207317445e-01	1.032094287760772361e-01	3.034237642449342798e-01	1.909627044396433881e-01	8.958733701044901965e-02	4.113242988257854310e-02	1.034842265252841204e-01
2.225374298281430583e+03	1.680031275913105304e-01	1.030700785010244813e-01	3.035496344099715138e-01	1.910491250544191777e-01	8.962515107470296616e-02	4.116168917427980023e-02	1.035411941939898689e-01
2.230212068495085077e+03	1.678072574740682998e-01	1.029315136948174142e-01	3.036748000334210662e-01	1.911350605095167299e-01	8.966275212885124746e-02	4.119079405161636676e-02	1.035978221074072697e-01
2.235049838708740936e+03	1.676124924918117320e-01	1.027937299209250865e-01	3.037992651350484574e-01	1.912205135892803831e-01	8.970014140480805920e-02	4.121974525171181319e-02	1.036541122061129389e-01
2.239887608922396339e+03	1.674188264029287110e-01	1.026567227679056893e-01	3.039230337111038516e-01	1.913054870615173153e-01	8.973732012710976258e-02	4.124854350943973902e-02	1.037100664196933947e-01
2.244725379136052197e+03	1.672262530011833226e-01	1.025204878492656513e-01	3.040461097344679398e-01	1.913899836776040975e-01	8.977428951296127779e-02	4.127718955740893730e-02	1.037656866668072303e-01
2.249563149349706237e+03	1.670347661155120456e-01	1.023850208033193487e-01	3.041684971547966021e-01	1.914740061725923315e-01	8.981105077228219991e-02	4.130568412594894795e-02	1.038209748552469391e-01
2.254400919563362095e+03	1.668443596098213300e-01	1.022503172930497445e-01	3.042901998986643486e-01	1.915575572653137604e-01	8.984760510775258169e-02	4.133402794309622846e-02	1.038759328820004491e-01
2.259238689777017044e+03	1.666550273827862860e-01	1.021163730059696101e-01	3.044112218697069827e-01	1.916406396584842964e-01	8.988395371485846663e-02	4.136222173458065088e-02	1.039305626333122262e-01
2.264076459990672902e+03	1.664667633676508163e-01	1.019831836539834558e-01	3.045315669487633214e-01	1.917232560388073270e-01	8.992009778193713054e-02	4.139026622381255377e-02	1.039848659847440460e-01
