1.001418434226643626e+03	2.784891110362628930e-01	1.816161242975226908e-01	2.346725248595653568e-01	1.409557180062041559e-01	6.830732064948084881e-02	2.677087061120044312e-02	6.918833053945581957e-02
1.002869765290740247e+03	2.782241942594932960e-01	1.814582935804500696e-01	2.348455746763777885e-01	1.410623483898901243e-01	6.835260794666496442e-02	2.680000673441480796e-02	6.925697441240119545e-02
1.004321096354836754e+03	2.779597546050819878e-01	1.813007137111412037e-01	2.350182591590029291e-01	1.411687893516018755e-01	6.839781483397397444e-02	2.682913895574389612e-02	6.932552938314640034e-02
1.005772427418933376e+03	2.776957912015777241e-01	1.811433842637576452e-01	2.351905794468640842e-01	1.412750412298186542e-01	6.844294145758052228e-02	2.685826685472608374e-02	6.939399554536752890e-02
1.007223758483029997e+03	2.774323031792385597e-01	1.809863048133400765e-01	2.353625366749329817e-01	1.413811043625034236e-01	6.848798796328951777e-02	2.688739001667413142e-02	6.946237298971356944e-02
1.008675089547126618e+03	2.771692896700276298e-01	1.808294749358058673e-01	2.355341319737208061e-01	1.414869790870983690e-01	6.853295449654435434e-02	2.691650803258683125e-02	6.953066180390829465e-02
1.010126420611223239e+03	2.769067498076095424e-01	1.806728942079467159e-01	2.357053664692700667e-01	1.415926657405208178e-01	6.857784120243284876e-02	2.694562049906231577e-02	6.959886207284983473e-02
1.011577751675319632e+03	2.766446827273458808e-01	1.805165622074260123e-01	2.358762412831474919e-01	1.416981646591594091e-01	6.862264822569288936e-02	2.697472701821296628e-02	6.966697387870741942e-02
1.013029082739416367e+03	2.763830875662918740e-01	1.803604785127765897e-01	2.360467575324376455e-01	1.418034761788704856e-01	6.866737571071772350e-02	2.700382719758190331e-02	6.973499730101580252e-02
1.014480413803512761e+03	2.761219634631918995e-01	1.802046427033981713e-01	2.362169163297378194e-01	1.419086006349748463e-01	6.871202380156109235e-02	2.703292065006102085e-02	6.980293241676718830e-02
1.015931744867609382e+03	2.758613095584757091e-01	1.800490543595548720e-01	2.363867187831533989e-01	1.420135383622546099e-01	6.875659264194206033e-02	2.706200699381052302e-02	6.987077930050078489e-02
1.017383075931706003e+03	2.756011249942547647e-01	1.798937130623728675e-01	2.365561659962942542e-01	1.421182896949504115e-01	6.880108237524963644e-02	2.709108585217994206e-02	6.993853802439008172e-02
1.018834406995802851e+03	2.753414089143180199e-01	1.797386183938379234e-01	2.367252590682718261e-01	1.422228549667587105e-01	6.884549314454711799e-02	2.712015685363060313e-02	7.000620865832778150e-02
1.020285738059899245e+03	2.750821604641279783e-01	1.795837699367929252e-01	2.368939990936971829e-01	1.423272345108294312e-01	6.888982509257630948e-02	2.714921963165951857e-02	7.007379127000862296e-02
1.021737069123995752e+03	2.748233787908170855e-01	1.794291672749354360e-01	2.370623871626797996e-01	1.424314286597636592e-01	6.893407836176144998e-02	2.717827382472465594e-02	7.014128592500992743e-02
1.023188400188092373e+03	2.745650630431834549e-01	1.792748099928152816e-01	2.372304243608267804e-01	1.425354377456116428e-01	6.897825309421301565e-02	2.720731907617157663e-02	7.020869268687020270e-02
1.024639731252188767e+03	2.743072123716874255e-01	1.791206976758321356e-01	2.373981117692432752e-01	1.426392620998708782e-01	6.902234943173135573e-02	2.723635503416140316e-02	7.027601161716548472e-02
1.026091062316285615e+03	2.740498259284472882e-01	1.789668299102330495e-01	2.375654504645332565e-01	1.427429020534843052e-01	6.906636751581007871e-02	2.726538135160007370e-02	7.034324277558386129e-02
1.027542393380382237e+03	2.737929028672355658e-01	1.788132062831100932e-01	2.377324415188010742e-01	1.428463579368389469e-01	6.911030748763932752e-02	2.729439768606891845e-02	7.041038621999791414e-02
1.028993724444478858e+03	2.735364423434752945e-01	1.786598263823978572e-01	2.378990859996536478e-01	1.429496300797642727e-01	6.915416948810898523e-02	2.732340369975643640e-02	7.047744200653531521e-02
1.030445055508575479e+03	2.732804435142359711e-01	1.785066897968711208e-01	2.380653849702033531e-01	1.430527188115310322e-01	6.919795365781154783e-02	2.735239905939133506e-02	7.054441018964749399e-02
1.031896386572671872e+03	2.730249055382296675e-01	1.783537961161423824e-01	2.382313394890714364e-01	1.431556244608500061e-01	6.924166013704506628e-02	2.738138343617675316e-02	7.061129082217650066e-02
1.033347717636768493e+03	2.727698275758075885e-01	1.782011449306594164e-01	2.383969506103921221e-01	1.432583473558710629e-01	6.928528906581578328e-02	2.741035650572565263e-02	7.067808395542016231e-02
1.034799048700865114e+03	2.725152087889558539e-01	1.780487358317028868e-01	2.385622193838172755e-01	1.433608878241821871e-01	6.932884058384079784e-02	2.743931794799738325e-02	7.074478963919536567e-02
1.036250379764961508e+03	2.722610483412918336e-01	1.778965684113840706e-01	2.387271468545215103e-01	1.434632461928086744e-01	6.937231483055049386e-02	2.746826744723536440e-02	7.081140792189978550e-02
1.037701710829058356e+03	2.720073453980604294e-01	1.777446422626422773e-01	2.388917340632079889e-01	1.435654227882123823e-01	6.941571194509095488e-02	2.749720469190585978e-02	7.087793885057182275e-02
1.039153041893154750e+03	2.717540991261301331e-01	1.775929569792426277e-01	2.390559820461146678e-01	1.436674179362912307e-01	6.945903206632619842e-02	2.752612937463786574e-02	7.094438247094903005e-02
1.040604372957251599e+03	2.715013086939893072e-01	1.774415121557735009e-01	2.392198918350210979e-01	1.437692319623785353e-01	6.950227533284036863e-02	2.755504119216401621e-02	7.101073882752488575e-02
1.042055704021347992e+03	2.712489732717423552e-01	1.772903073876443136e-01	2.393834644572556958e-01	1.438708651912427305e-01	6.954544188293981799e-02	2.758393984526257350e-02	7.107700796360412465e-02
1.043507035085444613e+03	2.709970920311062237e-01	1.771393422710829946e-01	2.395467009357034605e-01	1.439723179470869252e-01	6.958853185465509184e-02	2.761282503870040456e-02	7.114318992135641728e-02
1.044958366149541234e+03	2.707456641454062951e-01	1.769886164031337916e-01	2.397096022888142997e-01	1.440735905535486250e-01	6.963154538574282959e-02	2.764169648117696318e-02	7.120928474186874468e-02
1.046409697213637855e+03	2.704946887895728902e-01	1.768381293816547184e-01	2.398721695306113844e-01	1.441746833336995659e-01	6.967448261368761053e-02	2.767055388526925425e-02	7.127529246519616335e-02
1.047861028277734476e+03	2.702441651401372713e-01	1.766878808053153060e-01	2.400344036707005857e-01	1.442755966100456033e-01	6.971734367570371627e-02	2.769939696737774848e-02	7.134121313041136281e-02
1.049312359341831097e+03	2.699940923752283117e-01	1.765378702735942440e-01	2.401963057142797175e-01	1.443763307045265454e-01	6.976012870873679605e-02	2.772822544767324093e-02	7.140704677565272440e-02
1.050763690405927491e+03	2.697444696745683879e-01	1.763880973867769930e-01	2.403578766621486118e-01	1.444768859385163473e-01	6.980283784946547665e-02	2.775703905004462194e-02	7.147279343817110331e-02
1.052215021470024112e+03	2.694952962194699930e-01	1.762385617459534815e-01	2.405191175107192769e-01	1.445772626328229726e-01	6.984547123430295823e-02	2.778583750204755703e-02	7.153845315437530605e-02
1.053666352534120733e+03	2.692465711928317962e-01	1.760892629530158293e-01	2.406800292520265838e-01	1.446774611076885875e-01	6.988802899939849933e-02	2.781462053485404123e-02	7.160402595987624963e-02
1.055117683598217127e+03	2.689982937791350337e-01	1.759402006106557947e-01	2.408406128737393959e-01	1.447774816827897271e-01	6.993051128063881849e-02	2.784338788320282060e-02	7.166951188952994101e-02
1.056569014662313975e+03	2.687504631644399011e-01	1.757913743223627756e-01	2.410008693591718931e-01	1.448773246772375178e-01	6.997291821364952369e-02	2.787213928535065346e-02	7.173491097747927703e-02
1.058020345726410369e+03	2.685030785363818340e-01	1.756427836924211727e-01	2.411607996872951465e-01	1.449769904095779272e-01	7.001524993379645845e-02	2.790087448302442513e-02	7.180022325719455367e-02
1.059471676790506763e+03	2.682561390841678994e-01	1.754944283259083082e-01	2.413204048327493023e-01	1.450764791977920409e-01	7.005750657618693700e-02	2.792959322137405359e-02	7.186544876151294836e-02
1.060923007854603611e+03	2.680096439985729662e-01	1.753463078286920662e-01	2.414796857658559615e-01	1.451757913592963967e-01	7.009968827567103489e-02	2.795829524892620016e-02	7.193058752267678102e-02
1.062374338918700232e+03	2.677635924719364291e-01	1.751984218074285338e-01	2.416386434526306970e-01	1.452749272109434553e-01	7.014179516684275473e-02	2.798698031753875035e-02	7.199563957237078982e-02
1.063825669982796853e+03	2.675179836981581016e-01	1.750507698695598080e-01	2.417972788547960994e-01	1.453738870690219342e-01	7.018382738404119192e-02	2.801564818235610307e-02	7.206060494175817177e-02
1.065277001046893474e+03	2.672728168726950515e-01	1.749033516233115537e-01	2.419555929297949326e-01	1.454726712492572793e-01	7.022578506135170040e-02	2.804429860176513994e-02	7.212548366151574908e-02
1.066728332110990095e+03	2.670280911925576595e-01	1.747561666776909495e-01	2.421135866308036511e-01	1.455712800668121920e-01	7.026766833260690570e-02	2.807293133735200980e-02	7.219027576186806683e-02
1.068179663175086489e+03	2.667838058563061776e-01	1.746092146424842173e-01	2.422712609067461664e-01	1.456697138362870458e-01	7.030947733138777356e-02	2.810154615385955859e-02	7.225498127262042214e-02
1.069630994239183110e+03	2.665399600640472322e-01	1.744624951282545133e-01	2.424286167023077532e-01	1.457679728717205803e-01	7.035121219102469237e-02	2.813014281914552953e-02	7.231960022319106063e-02
1.071082325303279504e+03	2.662965530174299378e-01	1.743160077463395685e-01	2.425856549579494259e-01	1.458660574865904003e-01	7.039287304459836137e-02	2.815872110414141885e-02	7.238413264264227653e-02
1.072533656367376352e+03	2.660535839196426777e-01	1.741697521088494682e-01	2.427423766099222335e-01	1.459639679938134760e-01	7.043446002494076208e-02	2.818728078281202559e-02	7.244857855971072180e-02
1.073984987431472746e+03	2.658110519754092738e-01	1.740237278286644873e-01	2.428987825902820530e-01	1.460617047057469475e-01	7.047597326463614364e-02	2.821582163211565353e-02	7.251293800283674373e-02
1.075436318495569594e+03	2.655689563909856554e-01	1.738779345194327308e-01	2.430548738269045494e-01	1.461592679341886802e-01	7.051741289602189711e-02	2.824434343196499664e-02	7.257721100019286220e-02
1.076887649559666215e+03	2.653272963741560853e-01	1.737323717955679969e-01	2.432106512434999424e-01	1.462566579903778752e-01	7.055877905118936033e-02	2.827284596518862825e-02	7.264139757971140032e-02
1.078338980623762609e+03	2.650860711342298282e-01	1.735870392722475286e-01	2.433661157596287428e-01	1.463538751849958741e-01	7.060007186198478946e-02	2.830132901749314936e-02	7.270549776911131024e-02
1.079790311687859230e+03	2.648452798820376541e-01	1.734419365654098211e-01	2.435212682907168247e-01	1.464509198281667979e-01	7.064129146001010828e-02	2.832979237742591985e-02	7.276951159592408291e-02
1.081241642751955851e+03	2.646049218299280081e-01	1.732970632917523734e-01	2.436761097480713845e-01	1.465477922294582680e-01	7.068243797662372707e-02	2.835823583633842807e-02	7.283343908751897799e-02
1.082692973816052472e+03	2.643649961917639568e-01	1.731524190687295517e-01	2.438306410388965118e-01	1.466444926978821284e-01	7.072351154294133357e-02	2.838665918835022242e-02	7.289728027112744868e-02
1.084144304880149093e+03	2.641255021829193028e-01	1.730080035145503958e-01	2.439848630663093154e-01	1.467410215418952779e-01	7.076451228983665631e-02	2.841506223031345021e-02	7.296103517386676174e-02
1.085595635944245487e+03	2.638864390202753651e-01	1.728638162481763441e-01	2.441387767293559663e-01	1.468373790694003922e-01	7.080544034794222785e-02	2.844344476177794456e-02	7.302470382276292360e-02
1.087046967008342108e+03	2.636478059222173154e-01	1.727198568893192065e-01	2.442923829230280452e-01	1.469335655877467006e-01	7.084629584765009258e-02	2.847180658495688035e-02	7.308828624477291258e-02
1.088498298072438729e+03	2.634096021086309025e-01	1.725761250584389173e-01	2.444456825382788079e-01	1.470295814037307913e-01	7.088707891911254222e-02	2.850014750469296448e-02	7.315178246680617558e-02
1.089949629136535123e+03	2.631718268008990669e-01	1.724326203767413135e-01	2.445986764620398934e-01	1.471254268235974438e-01	7.092778969224279584e-02	2.852846732842518815e-02	7.321519251574538922e-02
1.091400960200631971e+03	2.629344792218979987e-01	1.722893424661761652e-01	2.447513655772379504e-01	1.472211021530403785e-01	7.096842829671570763e-02	2.855676586615607873e-02	7.327851641846670760e-02
1.092852291264728365e+03	2.626975585959943627e-01	1.721462909494348437e-01	2.449037507628113730e-01	1.473166076972032001e-01	7.100899486196840527e-02	2.858504293041948599e-02	7.334175420185920502e-02
1.094303622328825213e+03	2.624610641490415230e-01	1.720034654499483229e-01	2.450558328937272323e-01	1.474119437606801475e-01	7.104948951720099770e-02	2.861329833624886784e-02	7.340490589284380529e-02
1.095754953392921607e+03	2.622249951083759911e-01	1.718608655918849593e-01	2.452076128409982902e-01	1.475071106475169813e-01	7.108991239137713025e-02	2.864153190114606881e-02	7.346797151839144779e-02
1.097206284457018228e+03	2.619893507028144275e-01	1.717184910001484377e-01	2.453590914717000415e-01	1.476021086612118449e-01	7.113026361322472013e-02	2.866974344505059460e-02	7.353095110554082325e-02
1.098657615521114849e+03	2.617541301626499228e-01	1.715763413003756621e-01	2.455102696489879499e-01	1.476969381047160690e-01	7.117054331123651156e-02	2.869793279030936548e-02	7.359384468141541569e-02
1.100108946585211470e+03	2.615193327196487227e-01	1.714344161189345628e-01	2.456611482321147677e-01	1.477915992804351430e-01	7.121075161367070028e-02	2.872609976164692755e-02	7.365665227324001696e-02
1.101560277649308091e+03	2.612849576070470081e-01	1.712927150829221257e-01	2.458117280764478829e-01	1.478860924902295482e-01	7.125088864855151638e-02	2.875424418613612559e-02	7.371937390835665849e-02
1.103011608713404712e+03	2.610510040595472314e-01	1.711512378201622275e-01	2.459620100334866943e-01	1.479804180354157006e-01	7.129095454366984885e-02	2.878236589316925109e-02	7.378200961423998783e-02
1.104462939777501106e+03	2.608174713133148970e-01	1.710099839592035265e-01	2.461119949508801807e-01	1.480745762167666735e-01	7.133094942658380067e-02	2.881046471442960319e-02	7.384455941851218730e-02
1.105914270841597499e+03	2.605843586059753969e-01	1.708689531293175190e-01	2.462616836724445535e-01	1.481685673345133347e-01	7.137087342461925776e-02	2.883854048386349025e-02	7.390702334895728198e-02
1.107365601905694348e+03	2.603516651766104584e-01	1.707281449604963475e-01	2.464110770381807702e-01	1.482623916883450688e-01	7.141072666487045806e-02	2.886659303765268247e-02	7.396940143353501751e-02
1.108816932969790741e+03	2.601193902657548129e-01	1.705875590834507738e-01	2.465601758842923541e-01	1.483560495774107757e-01	7.145050927420056042e-02	2.889462221418724261e-02	7.403169370039421049e-02
1.110268264033887590e+03	2.598875331153930879e-01	1.704471951296082088e-01	2.467089810432030461e-01	1.484495413003197317e-01	7.149022137924215814e-02	2.892262785403880779e-02	7.409390017788566873e-02
1.111719595097984211e+03	2.596560929689563091e-01	1.703070527311106586e-01	2.468574933435745966e-01	1.485428671551425883e-01	7.152986310639780632e-02	2.895060979993424599e-02	7.415602089457452861e-02
1.113170926162080832e+03	2.594250690713186258e-01	1.701671315208124757e-01	2.470057136103247231e-01	1.486360274394121772e-01	7.156943458184063245e-02	2.897856789672972194e-02	7.421805587925231484e-02
1.114622257226177226e+03	2.591944606687942021e-01	1.700274311322786669e-01	2.471536426646448736e-01	1.487290224501245928e-01	7.160893593151480829e-02	2.900650199138514115e-02	7.428000516094843131e-02
1.116073588290273847e+03	2.589642670091337195e-01	1.698879511997826719e-01	2.473012813240182406e-01	1.488218524837398860e-01	7.164836728113602171e-02	2.903441193293899297e-02	7.434186876894123552e-02
1.117524919354370468e+03	2.587344873415211577e-01	1.697486913583043378e-01	2.474486304022376626e-01	1.489145178361832300e-01	7.168772875619208729e-02	2.906229757248354403e-02	7.440364673276872454e-02
1.118976250418467089e+03	2.585051209165707409e-01	1.696096512435280868e-01	2.475956907094235271e-01	1.490070188028457532e-01	7.172702048194337654e-02	2.909015876314041682e-02	7.446533908223884612e-02
1.120427581482563710e+03	2.582761669863234966e-01	1.694708304918407793e-01	2.477424630520418392e-01	1.490993556785854546e-01	7.176624258342334528e-02	2.911799536003652211e-02	7.452694584743928263e-02
1.121878912546660331e+03	2.580476248042440357e-01	1.693322287403297710e-01	2.478889482329222904e-01	1.491915287577282034e-01	7.180539518543906097e-02	2.914580722028034532e-02	7.458846705874705441e-02
1.123330243610756725e+03	2.578194936252173886e-01	1.691938456267809421e-01	2.480351470512761058e-01	1.492835383340685995e-01	7.184447841257163292e-02	2.917359420293857974e-02	7.464990274683749871e-02
1.124781574674853118e+03	2.575917727055457296e-01	1.690556807896766989e-01	2.481810603027143625e-01	1.493753847008709168e-01	7.188349238917675355e-02	2.920135616901309641e-02	7.471125294269312378e-02
1.126232905738949967e+03	2.573644613029453243e-01	1.689177338681940865e-01	2.483266887792657529e-01	1.494670681508702137e-01	7.192243723938514244e-02	2.922909298141826775e-02	7.477251767761189383e-02
1.127684236803046360e+03	2.571375586765431431e-01	1.687800045022027906e-01	2.484720332693947376e-01	1.495585889762730547e-01	7.196131308710300434e-02	2.925680450495859314e-02	7.483369698321536145e-02
1.129135567867143209e+03	2.569110640868736972e-01	1.686424923322631664e-01	2.486170945580197522e-01	1.496499474687585096e-01	7.200012005601261200e-02	2.928449060630666789e-02	7.489479089145627266e-02
1.130586898931239830e+03	2.566849767958759854e-01	1.685051969996242960e-01	2.487618734265310549e-01	1.497411439194792360e-01	7.203885826957262539e-02	2.931215115398145415e-02	7.495579943462599148e-02
1.132038229995336451e+03	2.564592960668903299e-01	1.683681181462221288e-01	2.489063706528088504e-01	1.498321786190622562e-01	7.207752785101868842e-02	2.933978601832687438e-02	7.501672264536150825e-02
1.133489561059432845e+03	2.562340211646550459e-01	1.682312554146775385e-01	2.490505870112413589e-01	1.499230518576099846e-01	7.211612892336380365e-02	2.936739507149070671e-02	7.507756055665218420e-02
1.134940892123529466e+03	2.560091513553033882e-01	1.680946084482944081e-01	2.491945232727428572e-01	1.500137639247011712e-01	7.215466160939881801e-02	2.939497818740378215e-02	7.513831320184620466e-02
1.136392223187626087e+03	2.557846859063604983e-01	1.679581768910576312e-01	2.493381802047715812e-01	1.501043151093918449e-01	7.219312603169288078e-02	2.942253524175946280e-02	7.519898061465667138e-02
1.137843554251722708e+03	2.555606240867401846e-01	1.678219603876313915e-01	2.494815585713479611e-01	1.501947057002162578e-01	7.223152231259390155e-02	2.945006611199344274e-02	7.525956282916745899e-02
1.139294885315819101e+03	2.553369651667419249e-01	1.676859585833571087e-01	2.496246591330723019e-01	1.502849359851878008e-01	7.226985057422898040e-02	2.947757067726379174e-02	7.532005987983875217e-02
1.140746216379915950e+03	2.551137084180473691e-01	1.675501711242516623e-01	2.497674826471430187e-01	1.503750062518000030e-01	7.230811093850487981e-02	2.950504881843130783e-02	7.538047180151240256e-02
1.142197547444012343e+03	2.548908531137178413e-01	1.674145976570054761e-01	2.499100298673744003e-01	1.504649167870274751e-01	7.234630352710841317e-02	2.953250041804013001e-02	7.544079862941686920e-02
1.143648878508108737e+03	2.546683985281907314e-01	1.672792378289806314e-01	2.500523015442147057e-01	1.505546678773268254e-01	7.238442846150695831e-02	2.955992536029863546e-02	7.550104039917206189e-02
1.145100209572205586e+03	2.544463439372767755e-01	1.671440912882091179e-01	2.501942984247638724e-01	1.506442598086376039e-01	7.242248586294884605e-02	2.958732353106057963e-02	7.556119714679378208e-02
1.146551540636302207e+03	2.542246886181566135e-01	1.670091576833907521e-01	2.503360212527914741e-01	1.507336928663833009e-01	7.246047585246381817e-02	2.961469481780652085e-02	7.562126890869802498e-02
1.148002871700398828e+03	2.540034318493782362e-01	1.668744366638916232e-01	2.504774707687545399e-01	1.508229673354722078e-01	7.249839855086342988e-02	2.964203910962547386e-02	7.568125572170501802e-02
1.149454202764495449e+03	2.537825729108534878e-01	1.667399278797420392e-01	2.506186477098153453e-01	1.509120835002984162e-01	7.253625407874149389e-02	2.966935629719684442e-02	7.574115762304300947e-02
1.150905533828591842e+03	2.535621110838550685e-01	1.666056309816347780e-01	2.507595528098590099e-01	1.510010416447427617e-01	7.257404255647452451e-02	2.969664627277258245e-02	7.580097465035183502e-02
1.152356864892688463e+03	2.533420456510138696e-01	1.664715456209233113e-01	2.509001867995115376e-01	1.510898420521737950e-01	7.261176410422214011e-02	2.972390893015959545e-02	7.586070684168627620e-02
1.153808195956785084e+03	2.531223758963154769e-01	1.663376714496199726e-01	2.510405504061573034e-01	1.511784850054486151e-01	7.264941884192752108e-02	2.975114416470240122e-02	7.592035423551923845e-02
1.155259527020881706e+03	2.529031011050974498e-01	1.662040081203940423e-01	2.511806443539566502e-01	1.512669707869139790e-01	7.268700688931777065e-02	2.977835187326600269e-02	7.597991687074466538e-02
1.156710858084978327e+03	2.526842205640462136e-01	1.660705552865700541e-01	2.513204693638635967e-01	1.513552996784071070e-01	7.272452836590438674e-02	2.980553195421899171e-02	7.603939478668023111e-02
1.158162189149074720e+03	2.524657335611941167e-01	1.659373126021259914e-01	2.514600261536433234e-01	1.514434719612565983e-01	7.276198339098366441e-02	2.983268430741691304e-02	7.609878802306993539e-02
1.159613520213171569e+03	2.522476393859163779e-01	1.658042797216915665e-01	2.515993154378897700e-01	1.515314879162835415e-01	7.279937208363707057e-02	2.985980883418579493e-02	7.615809662008644898e-02
1.161064851277267962e+03	2.520299373289281997e-01	1.656714563005463048e-01	2.517383379280427880e-01	1.516193478238022641e-01	7.283669456273175746e-02	2.988690543730595020e-02	7.621732061833323690e-02
1.162516182341364356e+03	2.518126266822817150e-01	1.655388419946179079e-01	2.518770943324060152e-01	1.517070519636214143e-01	7.287395094692088182e-02	2.991397402099594746e-02	7.627646005884659852e-02
1.163967513405461204e+03	2.515957067393629898e-01	1.654064364604803383e-01	2.520155853561639181e-01	1.517946006150447669e-01	7.291114135464402124e-02	2.994101449089684244e-02	7.633551498309747163e-02
1.165418844469557826e+03	2.513791767948893030e-01	1.652742393553523204e-01	2.521538117013991664e-01	1.518819940568722771e-01	7.294826590412764600e-02	2.996802675405657590e-02	7.639448543299305616e-02
1.166870175533654447e+03	2.511630361449058157e-01	1.651422503370953143e-01	2.522917740671098974e-01	1.519692325674009969e-01	7.298532471338543826e-02	2.999501071891459009e-02	7.645337145087829911e-02
1.168321506597751068e+03	2.509472840867831289e-01	1.650104690642119898e-01	2.524294731492267019e-01	1.520563164244258525e-01	7.302231790021876390e-02	3.002196629528665686e-02	7.651217307953721292e-02
1.169772837661847461e+03	2.507319199192139525e-01	1.648788951958443938e-01	2.525669096406301661e-01	1.521432459052407260e-01	7.305924558221710274e-02	3.004889339434987927e-02	7.657089036219406897e-02
1.171224168725944082e+03	2.505169429422102745e-01	1.647475283917722577e-01	2.527040842311676916e-01	1.522300212866393998e-01	7.309610787675831223e-02	3.007579192862791170e-02	7.662952334251441067e-02
1.172675499790040703e+03	2.503023524571005853e-01	1.646163683124112209e-01	2.528409976076705923e-01	1.523166428449163889e-01	7.313290490100921026e-02	3.010266181197636046e-02	7.668807206460587222e-02
1.174126830854137097e+03	2.500881477665269914e-01	1.644854146188112209e-01	2.529776504539709703e-01	1.524031108558678849e-01	7.316963677192581117e-02	3.012950295956837166e-02	7.674653657301895582e-02
1.175578161918233945e+03	2.498743281744421063e-01	1.643546669726547726e-01	2.531140434509187020e-01	1.524894255947927546e-01	7.320630360625386690e-02	3.015631528788039611e-02	7.680491691274761445e-02
1.177029492982330339e+03	2.496608929861064141e-01	1.642241250362551919e-01	2.532501772763982029e-01	1.525755873364934290e-01	7.324290552052910297e-02	3.018309871467815542e-02	7.686321312922969606e-02
1.178480824046426733e+03	2.494478415080852440e-01	1.640937884725550133e-01	2.533860526053452467e-01	1.526615963552767352e-01	7.327944263107780132e-02	3.020985315900277107e-02	7.692142526834733207e-02
1.179932155110523581e+03	2.492351730482460226e-01	1.639636569451242698e-01	2.535216701097637859e-01	1.527474529249548962e-01	7.331591505401702236e-02	3.023657854115707061e-02	7.697955337642704843e-02
1.181383486174620202e+03	2.490228869157553038e-01	1.638337301181587713e-01	2.536570304587423275e-01	1.528331573188465298e-01	7.335232290525510457e-02	3.026327478269208102e-02	7.703759750023993214e-02
1.182834817238716823e+03	2.488109824210759935e-01	1.637040076564785229e-01	2.537921343184709189e-01	1.529187098097773423e-01	7.338866630049203921e-02	3.028994180639367137e-02	7.709555768700154799e-02
1.184286148302813444e+03	2.485994588759646018e-01	1.635744892255260041e-01	2.539269823522570801e-01	1.530041106700812947e-01	7.342494535521981724e-02	3.031657953626937241e-02	7.715343398437179978e-02
1.185737479366910065e+03	2.483883155934682174e-01	1.634451744913645865e-01	2.540615752205428457e-01	1.530893601716013241e-01	7.346116018472285958e-02	3.034318789753536263e-02	7.721122644045470829e-02
1.187188810431006686e+03	2.481775518879218712e-01	1.633160631206768409e-01	2.541959135809209180e-01	1.531744585856903429e-01	7.349731090407837786e-02	3.036976681660362096e-02	7.726893510379799490e-02
1.188640141495103080e+03	2.479671670749455659e-01	1.631871547807628442e-01	2.543299980881507660e-01	1.532594061832121268e-01	7.353339762815679082e-02	3.039631622106922504e-02	7.732656002339263757e-02
1.190091472559199701e+03	2.477571604714416398e-01	1.630584491395386526e-01	2.544638293941751672e-01	1.533442032345422867e-01	7.356942047162209897e-02	3.042283603969782660e-02	7.738410124867228790e-02
1.191542803623296322e+03	2.475475313955918522e-01	1.629299458655346367e-01	2.545974081481362505e-01	1.534288500095690455e-01	7.360537954893221768e-02	3.044932620241324120e-02	7.744155882951261893e-02
1.192994134687392716e+03	2.473382791668546632e-01	1.628016446278938711e-01	2.547307349963917056e-01	1.535133467776942928e-01	7.364127497433947678e-02	3.047578664028525314e-02	7.749893281623057573e-02
1.194445465751489564e+03	2.471294031059624863e-01	1.626735450963705254e-01	2.548638105825305478e-01	1.535976938078343346e-01	7.367710686189088420e-02	3.050221728551750708e-02	7.755622325958350105e-02
1.195896796815585958e+03	2.469209025349188014e-01	1.625456469413282812e-01	2.549966355473893276e-01	1.536818913684208920e-01	7.371287532542858401e-02	3.052861807143558703e-02	7.761343021076819171e-02
1.197348127879682352e+03	2.467127767769955460e-01	1.624179498337386673e-01	2.551292105290680068e-01	1.537659397274020179e-01	7.374858047859020327e-02	3.055498893247522371e-02	7.767055372141988545e-02
1.198799458943779200e+03	2.465050251567302009e-01	1.622904534451795611e-01	2.552615361629456681e-01	1.538498391522429565e-01	7.378422243480922682e-02	3.058132980417065105e-02	7.772759384361119239e-02
1.200250790007875821e+03	2.462976469999232643e-01	1.621631574478335225e-01	2.553936130816962802e-01	1.539335899099270044e-01	7.381980130731539969e-02	3.060764062314309461e-02	7.778455062985081825e-02
1.201702121071972442e+03	2.460906416336352820e-01	1.620360615144862959e-01	2.555254419153044076e-01	1.540171922669564819e-01	7.385531720913510179e-02	3.063392132708940563e-02	7.784142413308237085e-02
1.203153452136069063e+03	2.458840083861842940e-01	1.619091653185252000e-01	2.556570232910806983e-01	1.541006464893535655e-01	7.389077025309168101e-02	3.066017185477083046e-02	7.789821440668298624e-02
1.204604783200165684e+03	2.456777465871430588e-01	1.617824685339375734e-01	2.557883578336775932e-01	1.541839528426612038e-01	7.392616055180591117e-02	3.068639214600191178e-02	7.795492150446198254e-02
1.206056114264262078e+03	2.454718555673363611e-01	1.616559708353091929e-01	2.559194461651045915e-01	1.542671115919440061e-01	7.396148821769628345e-02	3.071258214163952519e-02	7.801154548065927785e-02
1.207507445328358699e+03	2.452663346588382920e-01	1.615296718978228019e-01	2.560502889047435726e-01	1.543501230017891024e-01	7.399675336297943662e-02	3.073874178357203710e-02	7.806808638994394700e-02
1.208958776392455093e+03	2.450611831949695563e-01	1.614035713972565012e-01	2.561808866693644493e-01	1.544329873363071426e-01	7.403195609967047619e-02	3.076487101470860852e-02	7.812454428741252843e-02
1.210410107456551941e+03	2.448564005102948082e-01	1.612776690099821941e-01	2.563112400731398788e-01	1.545157048591329629e-01	7.406709653958341855e-02	3.079096977896859585e-02	7.818091922858740050e-02
1.211861438520648335e+03	2.446519859406199315e-01	1.611519644129641160e-01	2.564413497276608611e-01	1.545982758334267237e-01	7.410217479433148235e-02	3.081703802127110786e-02	7.823721126941503290e-02
1.213312769584745183e+03	2.444479388229894856e-01	1.610264572837572794e-01	2.565712162419515052e-01	1.546807005218745479e-01	7.413719097532753266e-02	3.084307568752466672e-02	7.829342046626421026e-02
1.214764100648841804e+03	2.442442584956838747e-01	1.609011473005060311e-01	2.567008402224840724e-01	1.547629791866896309e-01	7.417214519378442783e-02	3.086908272461698008e-02	7.834954687592415867e-02
1.216215431712937971e+03	2.440409442982169053e-01	1.607760341419423866e-01	2.568302222731940199e-01	1.548451120896129907e-01	7.420703756071533874e-02	3.089505908040486235e-02	7.840559055560267221e-02
1.217666762777034819e+03	2.438379955713329272e-01	1.606511174873847259e-01	2.569593629954947112e-01	1.549270994919142996e-01	7.424186818693415124e-02	3.092100470370424611e-02	7.846155156292412836e-02
1.219118093841131440e+03	2.436354116570043638e-01	1.605263970167360998e-01	2.570882629882921266e-01	1.550089416543928011e-01	7.427663718305586860e-02	3.094691954428031161e-02	7.851742995592753127e-02
1.220569424905228061e+03	2.434331918984290188e-01	1.604018724104828708e-01	2.572169228479997960e-01	1.550906388373782807e-01	7.431134465949691681e-02	3.097280355283775141e-02	7.857322579306445787e-02
1.222020755969324682e+03	2.432313356400274129e-01	1.602775433496932134e-01	2.573453431685530646e-01	1.551721913007318432e-01	7.434599072647558871e-02	3.099865668101110458e-02	7.862893913319690675e-02
1.223472087033421303e+03	2.430298422274402848e-01	1.601534095160155602e-01	2.574735245414237483e-01	1.552535993038466899e-01	7.438057549401229374e-02	3.102447888135525383e-02	7.868457003559523044e-02
1.224923418097517697e+03	2.428287110075258715e-01	1.600294705916772142e-01	2.576014675556348443e-01	1.553348631056492568e-01	7.441509907193000206e-02	3.105027010733599213e-02	7.874011855993590103e-02
1.226374749161614318e+03	2.426279413283573827e-01	1.599057262594829332e-01	2.577291727977744085e-01	1.554159829645997137e-01	7.444956156985461926e-02	3.107603031332069679e-02	7.879558476629933139e-02
1.227826080225710712e+03	2.424275325392203639e-01	1.597821762028132087e-01	2.578566408520102105e-01	1.554969591386931860e-01	7.448396309721527775e-02	3.110175945456914240e-02	7.885096871516757144e-02
1.229277411289807560e+03	2.422274839906101984e-01	1.596588201056231560e-01	2.579838723001038892e-01	1.555777918854603925e-01	7.451830376324478089e-02	3.112745748722437963e-02	7.890627046742205997e-02
1.230728742353903954e+03	2.420277950342294704e-01	1.595356576524408210e-01	2.581108677214251079e-01	1.556584814619685619e-01	7.455258367697988053e-02	3.115312436830373552e-02	7.896149008434125149e-02
1.232180073418000802e+03	2.418284650229854116e-01	1.594126885283658479e-01	2.582376276929653214e-01	1.557390281248223485e-01	7.458680294726172111e-02	3.117876005568991429e-02	7.901662762759824321e-02
1.233631404482097196e+03	2.416294933109873755e-01	1.592899124190680638e-01	2.583641527893520973e-01	1.558194321301645535e-01	7.462096168273611718e-02	3.120436450812218848e-02	7.907168315925844349e-02
1.235082735546193817e+03	2.414308792535441728e-01	1.591673290107859240e-01	2.584904435828629388e-01	1.558996937336770694e-01	7.465505999185395591e-02	3.122993768518769753e-02	7.912665674177705999e-02
1.236534066610290438e+03	2.412326222071616566e-01	1.590449379903252358e-01	2.586165006434389957e-01	1.559798131905817953e-01	7.468909798287157176e-02	3.125547954731284356e-02	7.918154843799667109e-02
1.237985397674387059e+03	2.410347215295401413e-01	1.589227390450576594e-01	2.587423245386989978e-01	1.560597907556414143e-01	7.472307576385105177e-02	3.128099005575476349e-02	7.923635831114474171e-02
1.239436728738483680e+03	2.408371765795719599e-01	1.588007318629192643e-01	2.588679158339526887e-01	1.561396266831601987e-01	7.475699344266063806e-02	3.130646917259292256e-02	7.929108642483109759e-02
1.240888059802580301e+03	2.406399867173387441e-01	1.586789161324092812e-01	2.589932750922146476e-01	1.562193212269848974e-01	7.479085112697503313e-02	3.133191686072078069e-02	7.934573284304541341e-02
1.242339390866676695e+03	2.404431513041090929e-01	1.585572915425885188e-01	2.591184028742175016e-01	1.562988746405056806e-01	7.482464892427581615e-02	3.135733308383756301e-02	7.940029763015460373e-02
1.243790721930773088e+03	2.402466697023360465e-01	1.584358577830780601e-01	2.592432997384258031e-01	1.563782871766567772e-01	7.485838694185174835e-02	3.138271780644010661e-02	7.945478085090024178e-02
1.245242052994869937e+03	2.400505412756544776e-01	1.583146145440579022e-01	2.593679662410489639e-01	1.564575590879175304e-01	7.489206528679911989e-02	3.140807099381481143e-02	7.950918257039599202e-02
1.246693384058966330e+03	2.398547653888786491e-01	1.581935615162654851e-01	2.594924029360548001e-01	1.565366906263131186e-01	7.492568406602216624e-02	3.143339261202966056e-02	7.956350285412490397e-02
1.248144715123063179e+03	2.396593414079998818e-01	1.580726983909944150e-01	2.596166103751826326e-01	1.566156820434153885e-01	7.495924338623334571e-02	3.145868262792633763e-02	7.961774176793684488e-02
1.249596046187159800e+03	2.394642687001838355e-01	1.579520248600929655e-01	2.597405891079562767e-01	1.566945335903437708e-01	7.499274335395371416e-02	3.148394100911243443e-02	7.967189937804577959e-02
1.251047377251256421e+03	2.392695466337682320e-01	1.578315406159628842e-01	2.598643396816974760e-01	1.567732455177660300e-01	7.502618407551331359e-02	3.150916772395374182e-02	7.972597575102706446e-02
1.252498708315352815e+03	2.390751745782603299e-01	1.577112453515579216e-01	2.599878626415385030e-01	1.568518180758991520e-01	7.505956565705144967e-02	3.153436274156660307e-02	7.977997095381481052e-02
1.253950039379449436e+03	2.388811519043344267e-01	1.575911387603824709e-01	2.601111585304350937e-01	1.569302515145101773e-01	7.509288820451710811e-02	3.155952603181036431e-02	7.983388505369909405e-02
1.255401370443546057e+03	2.386874779838294436e-01	1.574712205364902362e-01	2.602342278891795480e-01	1.570085460829169777e-01	7.512615182366925992e-02	3.158465756527992913e-02	7.988771811832329206e-02
1.256852701507642678e+03	2.384941521897464833e-01	1.573514903744828997e-01	2.603570712564132195e-01	1.570867020299891725e-01	7.515935662007720841e-02	3.160975731329832700e-02	7.994147021568130673e-02
1.258304032571739299e+03	2.383011738962464710e-01	1.572319479695088729e-01	2.604796891686391724e-01	1.571647196041488503e-01	7.519250269912099160e-02	3.163482524790944828e-02	7.999514141411474821e-02
1.259755363635835920e+03	2.381085424786476279e-01	1.571125930172617702e-01	2.606020821602350046e-01	1.572425990533715123e-01	7.522559016599161819e-02	3.165986134187077222e-02	8.004873178231025621e-02
1.261206694699932314e+03	2.379162573134230851e-01	1.569934252139792707e-01	2.607242507634650042e-01	1.573203406251868219e-01	7.525861912569152545e-02	3.168486556864621995e-02	8.010224138929669668e-02
1.262658025764028707e+03	2.377243177781984407e-01	1.568744442564416475e-01	2.608461955084928063e-01	1.573979445666793819e-01	7.529158968303487076e-02	3.170983790239909755e-02	8.015567030444234464e-02
1.264109356828125556e+03	2.375327232517494835e-01	1.567556498419705735e-01	2.609679169233938834e-01	1.574754111244896781e-01	7.532450194264785071e-02	3.173477831798502541e-02	8.020901859745208085e-02
1.265560687892221949e+03	2.373414731139996403e-01	1.566370416684277900e-01	2.610894155341675904e-01	1.575527405448148288e-01	7.535735600896910358e-02	3.175968679094508945e-02	8.026228633836463011e-02
1.267012018956318798e+03	2.371505667460176991e-01	1.565186194342136627e-01	2.612106918647493226e-01	1.576299330734093618e-01	7.539015198624998693e-02	3.178456329749888842e-02	8.031547359754970250e-02
1.268463350020415419e+03	2.369600035300152840e-01	1.564003828382660999e-01	2.613317464370230048e-01	1.577069889555861026e-01	7.542288997855500776e-02	3.180940781453781702e-02	8.036858044570521775e-02
1.269914681084511813e+03	2.367697828493446899e-01	1.562823315800591362e-01	2.614525797708329158e-01	1.577839084362170075e-01	7.545557008976205848e-02	3.183422031961829352e-02	8.042160695385440483e-02
1.271366012148608434e+03	2.365799040884963567e-01	1.561644653596016286e-01	2.615731923839957340e-01	1.578606917597338288e-01	7.548819242356280546e-02	3.185900079095514703e-02	8.047455319334304025e-02
1.272817343212705055e+03	2.363903666330965103e-01	1.560467838774360350e-01	2.616935847923121949e-01	1.579373391701291152e-01	7.552075708346306371e-02	3.188374920741499779e-02	8.052741923583661698e-02
1.274268674276801676e+03	2.362011698699048867e-01	1.559292868346371097e-01	2.618137575095793590e-01	1.580138509109568767e-01	7.555326417278308837e-02	3.190846554850976929e-02	8.058020515331745792e-02
1.275720005340898297e+03	2.360123131868122892e-01	1.558119739328105990e-01	2.619337110476021580e-01	1.580902272253334462e-01	7.558571379465789386e-02	3.193314979439022816e-02	8.063291101808189865e-02
1.277171336404994690e+03	2.358237959728383681e-01	1.556948448740919921e-01	2.620534459162051077e-01	1.581664683559383111e-01	7.561810605203764246e-02	3.195780192583960733e-02	8.068553690273745638e-02
1.278622667469091539e+03	2.356356176181291784e-01	1.555778993611453553e-01	2.621729626232438548e-01	1.582425745450148913e-01	7.565044104768797739e-02	3.198242192426728470e-02	8.073808288019991564e-02
1.280073998533187932e+03	2.354477775139548479e-01	1.554611370971618611e-01	2.622922616746168334e-01	1.583185460343712880e-01	7.568271888419032811e-02	3.200700977170254508e-02	8.079054902369060820e-02
1.281525329597284326e+03	2.352602750527073572e-01	1.553445577858587889e-01	2.624113435742768674e-01	1.583943830653812557e-01	7.571493966394222952e-02	3.203156545078836986e-02	8.084293540673342937e-02
1.282976660661381175e+03	2.350731096278981247e-01	1.552281611314780818e-01	2.625302088242421616e-01	1.584700858789847566e-01	7.574710348915773828e-02	3.205608894477531695e-02	8.089524210315209019e-02
1.284427991725477568e+03	2.348862806341557585e-01	1.551119468387852085e-01	2.626488579246079591e-01	1.585456547156889606e-01	7.577921046186766874e-02	3.208058023751547000e-02	8.094746918706724470e-02
1.285879322789574417e+03	2.346997874672236972e-01	1.549959146130678034e-01	2.627672913735578097e-01	1.586210898155689109e-01	7.581126068391998152e-02	3.210503931345642242e-02	8.099961673289358954e-02
1.287330653853671038e+03	2.345136295239579061e-01	1.548800641601346395e-01	2.628855096673746727e-01	1.586963914182684121e-01	7.584325425698013046e-02	3.212946615763534464e-02	8.105168481533711611e-02
1.288781984917767431e+03	2.343278062023247399e-01	1.547643951863142409e-01	2.630035133004518522e-01	1.587715597630007802e-01	7.587519128253134015e-02	3.215386075567308599e-02	8.110367350939218234e-02
1.290233315981864052e+03	2.341423169013984729e-01	1.546489073984536611e-01	2.631213027653043213e-01	1.588465950885495914e-01	7.590707186187496680e-02	3.217822309376838774e-02	8.115558289033873718e-02
