1.001418434226643626e+03	2.785035645019199313e-01	1.816058035780360735e-01	2.346710728307488669e-01	1.409444396791903475e-01	6.830575181713882671e-02	2.677628900408958457e-02	6.919307858856707516e-02
1.003837319333471214e+03	2.780625084650071299e-01	1.813428433745201129e-01	2.349592994380183264e-01	1.411218417642050860e-01	6.838108234976457422e-02	2.682490779038305961e-02	6.930751681779241669e-02
1.006256204440298802e+03	2.776227747513848043e-01	1.810805794738620522e-01	2.352465145158711135e-01	1.412987192972254835e-01	6.845619027363102072e-02	2.687351436731109586e-02	6.942170732040502112e-02
1.008675089547126618e+03	2.771843593413391149e-01	1.808190099081111724e-01	2.355327232994848252e-01	1.414750738396272356e-01	6.853107626122982576e-02	2.692210681386099716e-02	6.953565053603734392e-02
1.011093974653954206e+03	2.767472582282687332e-01	1.805581327160684646e-01	2.358179309899946230e-01	1.416509069487303374e-01	6.860574098232821716e-02	2.697068325298583244e-02	6.964934688131434182e-02
1.013512859760782021e+03	2.763114674186342157e-01	1.802979459432552667e-01	2.361021427543839313e-01	1.418262201777502340e-01	6.868018510404057253e-02	2.701924185048773519e-02	6.976279675113855605e-02
1.015931744867609382e+03	2.758769829319075439e-01	1.800384476418820379e-01	2.363853637253955919e-01	1.420010150757549661e-01	6.875440929089426945e-02	2.706778081393559909e-02	6.987600051992051697e-02
1.018350629974437197e+03	2.754438008005216654e-01	1.797796358708170505e-01	2.366675990014617259e-01	1.421752931876273385e-01	6.882841420488994277e-02	2.711629839161605257e-02	6.998895854275677397e-02
1.020769515081264785e+03	2.750119170698203663e-01	1.795215086955550821e-01	2.369488536466522466e-01	1.423490560540319194e-01	6.890220050555694031e-02	2.716479287151648062e-02	7.010167115655752124e-02
1.023188400188092373e+03	2.745813277980082012e-01	1.792640641881864116e-01	2.372291326906405262e-01	1.425223052113863687e-01	6.897576885000424041e-02	2.721326258033907736e-02	7.021413868112576229e-02
1.025607285294920075e+03	2.741520290561008100e-01	1.790073004273655399e-01	2.375084411286855490e-01	1.426950421918366241e-01	6.904911989296728947e-02	2.726170588254476362e-02	7.032636142018997005e-02
1.028026170401747549e+03	2.737240169278752355e-01	1.787512154982801582e-01	2.377867839216300516e-01	1.428672685232356687e-01	6.912225428685125905e-02	2.731012117942603276e-02	7.043833966239207434e-02
1.030445055508575479e+03	2.732972875098205745e-01	1.784958074926202010e-01	2.380641659959131795e-01	1.430389857291256839e-01	6.919517268177069469e-02	2.735850690820768732e-02	7.055007368223240038e-02
1.032863940615402726e+03	2.728718369110887387e-01	1.782410745085468706e-01	2.383405922435975766e-01	1.432101953287228113e-01	6.926787572558633366e-02	2.740686154117452644e-02	7.066156374097347370e-02
1.035282825722230655e+03	2.724476612534454389e-01	1.779870146506617734e-01	2.386160675224100747e-01	1.433808988369048298e-01	6.934036406393905005e-02	2.745518358482502974e-02	7.077281008750405111e-02
1.037701710829058356e+03	2.720247566712214460e-01	1.777336260299761106e-01	2.388905966557947902e-01	1.435510977642012742e-01	6.941263834028112145e-02	2.750347157905022946e-02	7.088381295916523772e-02
1.040120595935886058e+03	2.716031193112638520e-01	1.774809067638801752e-01	2.391641844329785993e-01	1.437207936167854694e-01	6.948469919590546939e-02	2.755172409633683747e-02	7.099457258253979997e-02
1.042539481042713533e+03	2.711827453328876092e-01	1.772288549761126819e-01	2.394368356090481043e-01	1.438899878964688961e-01	6.955654726997248516e-02	2.759993974099383962e-02	7.110508917420663155e-02
1.044958366149541234e+03	2.707636309078274572e-01	1.769774687967302640e-01	2.397085549050372577e-01	1.440586821006970830e-01	6.962818319953520407e-02	2.764811714840176987e-02	7.121536294146121882e-02
1.047377251256368709e+03	2.703457722201896840e-01	1.767267463620772472e-01	2.399793470080255897e-01	1.442268777225473586e-01	6.969960761956250916e-02	2.769625498428387317e-02	7.132539408300390960e-02
1.049796136363196410e+03	2.699291654664046081e-01	1.764766858147553408e-01	2.402492165712459549e-01	1.443945762507279629e-01	6.977082116296093317e-02	2.774435194399844928e-02	7.143518278959690160e-02
1.052215021470024112e+03	2.695138068551785615e-01	1.762272853035934950e-01	2.405181682142015775e-01	1.445617791695784360e-01	6.984182446059492011e-02	2.779240675185162823e-02	7.154472924469153228e-02
1.054633906576851814e+03	2.690996926074467055e-01	1.759785429836179527e-01	2.407862065227917014e-01	1.447284879590713669e-01	6.991261814130574070e-02	2.784041816042995970e-02	7.165403362502664741e-02
1.057052791683679516e+03	2.686868189563257348e-01	1.757304570160224677e-01	2.410533360494455934e-01	1.448947040948151688e-01	6.998320283192932534e-02	2.788838494995205669e-02	7.176309610119969984e-02
1.059471676790506763e+03	2.682751821470668596e-01	1.754830255681384121e-01	2.413195613132641526e-01	1.450604290480579373e-01	7.005357915731286189e-02	2.793630592763875209e-02	7.187191683821113342e-02
1.061890561897334692e+03	2.678647784370087881e-01	1.752362468134053275e-01	2.415848868001687910e-01	1.452256642856919744e-01	7.012374774033050540e-02	2.798417992710109173e-02	7.198049599598357884e-02
1.064309447004162394e+03	2.674556040955313185e-01	1.749901189313413652e-01	2.418493169630574202e-01	1.453904112702595064e-01	7.019370920189814400e-02	2.803200580774559483e-02	7.208883372985661064e-02
1.066728332110990095e+03	2.670476554040089323e-01	1.747446401075141154e-01	2.421128562219664049e-01	1.455546714599587343e-01	7.026346416098733227e-02	2.807978245419621988e-02	7.219693019105814791e-02
1.069147217217817570e+03	2.666409286557644420e-01	1.744998085335112414e-01	2.423755089642390392e-01	1.457184463086509396e-01	7.033301323463846122e-02	2.812750877573245295e-02	7.230478552715328966e-02
1.071566102324645271e+03	2.662354201560230282e-01	1.742556224069116422e-01	2.426372795446993524e-01	1.458817372658677836e-01	7.040235703797328992e-02	2.817518370574302947e-02	7.241239988247182013e-02
1.073984987431472746e+03	2.658311262218662763e-01	1.740120799312564193e-01	2.428981722858313819e-01	1.460445457768194955e-01	7.047149618420676942e-02	2.822280620119473407e-02	7.251977339851480020e-02
1.076403872538300675e+03	2.654280431821868791e-01	1.737691793160203169e-01	2.431581914779634146e-01	1.462068732824034212e-01	7.054043128465838086e-02	2.827037524211581387e-02	7.262690621434157723e-02
1.078822757645127922e+03	2.650261673776431737e-01	1.735269187765831056e-01	2.434173413794566698e-01	1.463687212192129050e-01	7.060916294876287691e-02	2.831788983109353314e-02	7.273379846693753259e-02
1.081241642751955851e+03	2.646254951606137329e-01	1.732852965342010498e-01	2.436756262168984777e-01	1.465300910195467265e-01	7.067769178408063457e-02	2.836534899278537677e-02	7.284045029156377415e-02
1.083660527858783553e+03	2.642260228951526235e-01	1.730443108159788468e-01	2.439330501852993160e-01	1.466909841114188984e-01	7.074601839630745292e-02	2.841275177344348979e-02	7.294686182208913461e-02
1.086079412965611255e+03	2.638277469569443867e-01	1.728039598548414268e-01	2.441896174482938164e-01	1.468514019185686026e-01	7.081414338928408714e-02	2.846009724045191203e-02	7.305303319130553030e-02
1.088498298072438729e+03	2.634306637332598511e-01	1.725642418895060315e-01	2.444453321383447397e-01	1.470113458604705436e-01	7.088206736500528293e-02	2.850738448187620233e-02	7.315896453122709697e-02
1.090917183179266431e+03	2.630347696229115573e-01	1.723251551644544022e-01	2.447001983569504768e-01	1.471708173523456065e-01	7.094979092362860285e-02	2.855461260602504617e-02	7.326465597337404601e-02
1.093336068286093905e+03	2.626400610362095711e-01	1.720866979299053023e-01	2.449542201748555192e-01	1.473298178051715701e-01	7.101731466348289168e-02	2.860178074102347201e-02	7.337010764904147719e-02
1.095754953392921607e+03	2.622465343949175742e-01	1.718488684417869561e-01	2.452074016322631222e-01	1.474883486256942378e-01	7.108463918107643664e-02	2.864888803439729487e-02	7.347531968955414716e-02
1.098173838499749309e+03	2.618541861322092879e-01	1.716116649617098755e-01	2.454597467390509935e-01	1.476464112164385389e-01	7.115176507110491932e-02	2.869593365266843304e-02	7.358029222650765144e-02
1.100592723606577010e+03	2.614630126926250075e-01	1.713750857569396047e-01	2.457112594749887580e-01	1.478040069757199648e-01	7.121869292645911786e-02	2.874291678096077551e-02	7.368502539199643653e-02
1.103011608713404712e+03	2.610730105320280270e-01	1.711391291003699355e-01	2.459619437899576155e-01	1.479611372976559758e-01	7.128542333823241484e-02	2.878983662261622514e-02	7.378951931882946069e-02
1.105430493820231959e+03	2.606841761175617833e-01	1.709037932704960128e-01	2.462118036041718028e-01	1.481178035721777142e-01	7.135195689572805533e-02	2.883669239882064375e-02	7.389377414073371175e-02
1.107849378927059888e+03	2.602965059276068360e-01	1.706690765513877162e-01	2.464608428084014979e-01	1.482740071850416619e-01	7.141829418646630789e-02	2.888348334823932773e-02	7.399778999254638667e-02
1.110268264033887590e+03	2.599099964517382899e-01	1.704349772326633761e-01	2.467090652641973914e-01	1.484297495178414639e-01	7.148443579619132016e-02	2.893020872666179910e-02	7.410156701039601057e-02
1.112687149140715292e+03	2.595246441906834400e-01	1.702014936094634057e-01	2.469564748041162827e-01	1.485850319480198911e-01	7.155038230887804385e-02	2.897686780665552700e-02	7.420510533187300861e-02
1.115106034247542766e+03	2.591404456562794167e-01	1.699686239824240996e-01	2.472030752319478719e-01	1.487398558488807754e-01	7.161613430673877123e-02	2.902345987722840248e-02	7.430840509619027201e-02
1.117524919354370468e+03	2.587573973714309417e-01	1.697363666576518215e-01	2.474488703229424935e-01	1.488942225896010274e-01	7.168169237022975482e-02	2.906998424349960253e-02	7.441146644433396795e-02
1.119943804461197942e+03	2.583754958700688609e-01	1.695047199466973020e-01	2.476938638240394341e-01	1.490481335352427106e-01	7.174705707805753563e-02	2.911644022637865578e-02	7.451428951920514854e-02
1.122362689568025871e+03	2.579947376971082895e-01	1.692736821665298264e-01	2.479380594540960825e-01	1.492015900467651701e-01	7.181222900718528535e-02	2.916282716225241864e-02	7.461687446575253346e-02
1.124781574674853118e+03	2.576151194084073115e-01	1.690432516395120599e-01	2.481814609041174680e-01	1.493545934810372178e-01	7.187720873283900969e-02	2.920914440267972922e-02	7.471922143109675785e-02
1.127200459781681047e+03	2.572366375707257902e-01	1.688134266933745131e-01	2.484240718374861601e-01	1.495071451908492888e-01	7.194199682851364075e-02	2.925539131409351026e-02	7.482133056464658483e-02
1.129619344888508749e+03	2.568592887616843456e-01	1.685842056611907280e-01	2.486658958901923344e-01	1.496592465249255988e-01	7.200659386597900447e-02	2.930156727751010229e-02	7.492320201820730496e-02
1.132038229995336451e+03	2.564830695697234431e-01	1.683555868813522149e-01	2.489069366710641718e-01	1.498108988279364118e-01	7.207100041528581580e-02	2.934767168824559819e-02	7.502483594608175266e-02
1.134457115102163925e+03	2.561079765940628694e-01	1.681275686975436945e-01	2.491471977619978406e-01	1.499621034405102804e-01	7.213521704477152130e-02	2.939370395563895011e-02	7.512623250516420326e-02
1.136876000208991627e+03	2.557340064446615435e-01	1.679001494587185339e-01	2.493866827181877854e-01	1.501128616992462028e-01	7.219924432106610002e-02	2.943966350278169608e-02	7.522739185502756720e-02
1.139294885315819101e+03	2.553611557421769929e-01	1.676733275190743500e-01	2.496253950683565703e-01	1.502631749367258074e-01	7.226308280909772563e-02	2.948554976625406346e-02	7.532831415800393671e-02
1.141713770422646803e+03	2.549894211179256631e-01	1.674471012380287505e-01	2.498633383149844178e-01	1.504130444815257595e-01	7.232673307209851188e-02	2.953136219586727923e-02	7.542899957925908172e-02
1.144132655529474505e+03	2.546187992138430056e-01	1.672214689801951870e-01	2.501005159345384699e-01	1.505624716582297795e-01	7.239019567161004975e-02	2.957710025441191021e-02	7.552944828686099232e-02
1.146551540636302207e+03	2.542492866824440645e-01	1.669964291153591684e-01	2.503369313777014660e-01	1.507114577874409111e-01	7.245347116748901417e-02	2.962276341741202149e-02	7.562966045184271735e-02
1.148970425743129908e+03	2.538808801867839526e-01	1.667719800184543633e-01	2.505725880695998109e-01	1.508600041857936780e-01	7.251656011791264567e-02	2.966835117288505602e-02	7.572963624825986007e-02
1.151389310849957155e+03	2.535135764004187720e-01	1.665481200695390629e-01	2.508074894100310592e-01	1.510081121659663239e-01	7.257946307938416275e-02	2.971386302110716818e-02	7.582937585324284191e-02
1.153808195956785084e+03	2.531473720073664779e-01	1.663248476537728393e-01	2.510416387736906230e-01	1.511557830366928590e-01	7.264218060673825750e-02	2.975929847438393491e-02	7.592887944704433678e-02
1.156227081063612786e+03	2.527822637020682994e-01	1.661021611613931748e-01	2.512750395103978684e-01	1.513030181027752996e-01	7.270471325314639688e-02	2.980465705682626074e-02	7.602814721308193135e-02
1.158645966170440488e+03	2.524182481893502694e-01	1.658800589876923137e-01	2.515076949453211030e-01	1.514498186650956868e-01	7.276706157012215181e-02	2.984993830413133417e-02	7.612717933797635839e-02
1.161064851277267962e+03	2.520553221843845337e-01	1.656585395329945309e-01	2.517396083792016737e-01	1.515961860206281042e-01	7.282922610752654013e-02	2.989514176336845880e-02	7.622597601158537239e-02
1.163483736384095664e+03	2.516934824126514370e-01	1.654376012026331222e-01	2.519707830885770661e-01	1.517421214624509185e-01	7.289120741357324462e-02	2.994026699276967213e-02	7.632453742703369792e-02
1.165902621490923138e+03	2.513327256099013307e-01	1.652172424069279499e-01	2.522012223260035046e-01	1.518876262797586307e-01	7.295300603483381718e-02	2.998531356152498231e-02	7.642286378073889774e-02
1.168321506597751068e+03	2.509730485221169372e-01	1.649974615611629059e-01	2.524309293202766091e-01	1.520327017578738671e-01	7.301462251624292465e-02	3.003028104958210126e-02	7.652095527243372997e-02
1.170740391704578315e+03	2.506144479054758234e-01	1.647782570855635953e-01	2.526599072766512188e-01	1.521773491782595078e-01	7.307605740110345582e-02	3.007516904745055272e-02	7.661881210518486918e-02
1.173159276811406244e+03	2.502569205263128205e-01	1.645596274052752439e-01	2.528881593770604952e-01	1.523215698185304279e-01	7.313731123109167009e-02	3.011997715601002004e-02	7.671643448540828303e-02
1.175578161918233945e+03	2.499004631610827754e-01	1.643415709503406597e-01	2.531156887803333033e-01	1.524653649524655430e-01	7.319838454626233226e-02	3.016470498632284336e-02	7.681382262288150020e-02
1.177997047025061647e+03	2.495450725963237470e-01	1.641240861556784170e-01	2.533424986224103170e-01	1.526087358500195501e-01	7.325927788505366689e-02	3.020935215945051711e-02	7.691097673075268648e-02
1.180415932131889122e+03	2.491907456286200639e-01	1.639071714610612351e-01	2.535685920165590690e-01	1.527516837773348068e-01	7.331999178429256248e-02	3.025391830627410794e-02	7.700789702554701466e-02
1.182834817238716823e+03	2.488374790645656864e-01	1.636908253110943012e-01	2.537939720535875576e-01	1.528942099967531831e-01	7.338052677919948419e-02	3.029840306731846830e-02	7.710458372717016173e-02
1.185253702345544298e+03	2.484852697207277084e-01	1.634750461551940925e-01	2.540186418020564108e-01	1.530363157668277185e-01	7.344088340339351151e-02	3.034280609258014835e-02	7.720103705890923873e-02
1.187672587452371999e+03	2.481341144236101359e-01	1.632598324475670049e-01	2.542426043084897724e-01	1.531780023423344184e-01	7.350106218889729259e-02	3.038712704135889883e-02	7.729725724743126414e-02
1.190091472559199701e+03	2.477840100096178055e-01	1.630451826471882859e-01	2.544658625975846911e-01	1.533192709742839110e-01	7.356106366614201253e-02	3.043136558209270232e-02	7.739324452277930588e-02
1.192510357666027403e+03	2.474349533250203570e-01	1.628310952177812188e-01	2.546884196724191196e-01	1.534601229099331887e-01	7.362088836397230607e-02	3.047552139219618025e-02	7.748899911836631960e-02
1.194929242772855105e+03	2.470869412259167341e-01	1.626175686277962495e-01	2.549102785146581396e-01	1.536005593927970425e-01	7.368053680965115648e-02	3.051959415790233762e-02	7.758452127096694684e-02
1.197348127879682352e+03	2.467399705781995189e-01	1.624046013503903374e-01	2.551314420847592968e-01	1.537405816626598032e-01	7.374000952886482219e-02	3.056358357410754109e-02	7.767981122070730104e-02
1.199767012986510281e+03	2.463940382575194876e-01	1.621921918634065818e-01	2.553519133221755499e-01	1.538801909555868319e-01	7.379930704572761069e-02	3.060748934421962664e-02	7.777486921105289386e-02
1.202185898093337983e+03	2.460491411492505831e-01	1.619803386493537944e-01	2.555716951455575536e-01	1.540193885039360389e-01	7.385842988278681909e-02	3.065131118000907762e-02	7.786969548879468794e-02
1.204604783200165684e+03	2.457052761484548598e-01	1.617690401953863211e-01	2.557907904529538312e-01	1.541581755363692907e-01	7.391737856102750803e-02	3.069504880146320738e-02	7.796429030403352611e-02
1.207023668306993159e+03	2.453624401598475946e-01	1.615582949932840573e-01	2.560092021220094494e-01	1.542965532778639015e-01	7.397615359987730344e-02	3.073870193664322154e-02	7.805865391016297838e-02
1.209442553413820860e+03	2.450206300977627594e-01	1.613481015394324092e-01	2.562269330101634157e-01	1.544345229497240402e-01	7.403475551721121206e-02	3.078227032154412166e-02	7.815278656385060696e-02
1.211861438520648335e+03	2.446798428861184094e-01	1.611384583348025867e-01	2.564439859548438561e-01	1.545720857695919992e-01	7.409318482935633998e-02	3.082575369995738460e-02	7.824668852501792671e-02
1.214280323627476264e+03	2.443400754583825163e-01	1.609293638849320363e-01	2.566603637736624699e-01	1.547092429514596579e-01	7.415144205109663877e-02	3.086915182333631325e-02	7.834036005681889459e-02
1.216699208734303511e+03	2.440013247575387456e-01	1.607208166999048449e-01	2.568760692646063770e-01	1.548459957056795289e-01	7.420952769567773499e-02	3.091246445066402754e-02	7.843380142561728885e-02
1.219118093841131440e+03	2.436635877360525115e-01	1.605128152943324782e-01	2.570911052062290203e-01	1.549823452389762768e-01	7.426744227481150984e-02	3.095569134832399510e-02	7.852701290096276987e-02
1.221536978947959142e+03	2.433268613558372262e-01	1.603053581873344624e-01	2.573054743578392922e-01	1.551182927544576817e-01	7.432518629868083149e-02	3.099883228997307727e-02	7.861999475556594175e-02
1.223955864054786844e+03	2.429911425882206877e-01	1.600984439025193995e-01	2.575191794596888295e-01	1.552538394516259912e-01	7.438276027594428741e-02	3.104188705641699325e-02	7.871274726527231758e-02
1.226374749161614318e+03	2.426564284139115790e-01	1.598920709679659269e-01	2.577322232331578644e-01	1.553889865263889114e-01	7.444016471374079180e-02	3.108485543548815400e-02	7.880527070903529940e-02
1.228793634268442020e+03	2.423227158229661893e-01	1.596862379162039547e-01	2.579446083809391888e-01	1.555237351710707927e-01	7.449740011769422077e-02	3.112773722192583789e-02	7.889756536888833938e-02
1.231212519375269494e+03	2.419900018147552734e-01	1.594809432841959584e-01	2.581563375872208410e-01	1.556580865744235376e-01	7.455446699191807525e-02	3.117053221725858692e-02	7.898963152991615722e-02
1.233631404482097196e+03	2.416582833979312728e-01	1.592761856133184939e-01	2.583674135178666842e-01	1.557920419216378694e-01	7.461136583902004682e-02	3.121324022968883366e-02	7.908146948022520828e-02
1.236050289588924898e+03	2.413275575903953418e-01	1.590719634493436285e-01	2.585778388205956513e-01	1.559256023943541014e-01	7.466809716010666675e-02	3.125586107397967245e-02	7.917307951091340223e-02
1.238469174695752372e+03	2.409978214192647350e-01	1.588682753424207339e-01	2.587876161251592144e-01	1.560587691706730729e-01	7.472466145478781629e-02	3.129839457134372255e-02	7.926446191603918334e-02
1.240888059802580301e+03	2.406690719208403884e-01	1.586651198470583335e-01	2.589967480435172442e-01	1.561915434251671397e-01	7.478105922118132021e-02	3.134084054933407998e-02	7.935561699259000012e-02
1.243306944909407548e+03	2.403413061405745843e-01	1.584624955221060338e-01	2.592052371700120372e-01	1.563239263288910830e-01	7.483729095591751257e-02	3.138319884173720875e-02	7.944654504045008114e-02
1.245725830016235477e+03	2.400145211330388384e-01	1.582604009307365389e-01	2.594130860815410111e-01	1.564559190493928498e-01	7.489335715414369155e-02	3.142546928846783050e-02	7.953724636236776668e-02
1.248144715123063179e+03	2.396887139618919249e-01	1.580588346404280253e-01	2.596202973377274015e-01	1.565875227507242673e-01	7.494925830952874068e-02	3.146765173546572925e-02	7.962772126392239636e-02
1.250563600229890881e+03	2.393638816998480134e-01	1.578577952229462400e-01	2.598268734810895708e-01	1.567187385934520061e-01	7.500499491426750043e-02	3.150974603459439499e-02	7.971797005349066934e-02
1.252982485336718355e+03	2.390400214286448888e-01	1.576572812543271251e-01	2.600328170372086523e-01	1.568495677346681827e-01	7.506056745908538941e-02	3.155175204354151303e-02	7.980799304221258827e-02
1.255401370443546057e+03	2.387171302390126704e-01	1.574572913148593878e-01	2.602381305148942503e-01	1.569800113280009624e-01	7.511597643324272044e-02	3.159366962572121573e-02	7.989779054395713953e-02
1.257820255550373531e+03	2.383952052306422265e-01	1.572578239890670138e-01	2.604428164063488094e-01	1.571100705236253559e-01	7.517122232453926634e-02	3.163549865017810381e-02	7.998736287528754318e-02
1.260239140657201460e+03	2.380742435121539768e-01	1.570588778656922813e-01	2.606468771873303725e-01	1.572397464682737667e-01	7.522630561931865911e-02	3.167723899149292588e-02	8.007671035542625326e-02
1.262658025764028707e+03	2.377542422010670009e-01	1.568604515376784969e-01	2.608503153173136746e-01	1.573690403052465103e-01	7.528122680247280318e-02	3.171889052968998590e-02	8.016583330621973591e-02
1.265076910870856636e+03	2.374351984237679236e-01	1.566625436021532869e-01	2.610531332396492377e-01	1.574979531744224448e-01	7.533598635744626071e-02	3.176045315014611181e-02	8.025473205210291450e-02
1.267495795977684338e+03	2.371171093154802456e-01	1.564651526604114717e-01	2.612553333817214662e-01	1.576264862122693788e-01	7.539058476624070637e-02	3.180192674350126175e-02	8.034340692006357310e-02
1.269914681084511813e+03	2.367999720202337288e-01	1.562682773178985240e-01	2.614569181551048560e-01	1.577546405518546191e-01	7.544502250941924337e-02	3.184331120557066380e-02	8.043185823960642689e-02
1.272333566191339514e+03	2.364837836908338931e-01	1.560719161841938873e-01	2.616578899557184812e-01	1.578824173228553784e-01	7.549930006611081656e-02	3.188460643725848226e-02	8.052008634271716481e-02
1.274752451298167216e+03	2.361685414888316792e-01	1.558760678729944893e-01	2.618582511639789279e-01	1.580098176515691288e-01	7.555341791401448681e-02	3.192581234447298272e-02	8.060809156382633955e-02
1.277171336404994690e+03	2.358542425844933066e-01	1.556807310020983381e-01	2.620580041449522279e-01	1.581368426609240097e-01	7.560737652940383025e-02	3.196692883804315433e-02	8.069587423977318819e-02
1.279590221511822392e+03	2.355408841567702416e-01	1.554859041933882580e-01	2.622571512485030731e-01	1.582634934704890695e-01	7.566117638713125426e-02	3.200795583363674063e-02	8.078343470976939722e-02
1.282009106618650094e+03	2.352284633932692770e-01	1.552915860728156516e-01	2.624556948094437514e-01	1.583897711964847022e-01	7.571481796063227188e-02	3.204889325167967207e-02	8.087077331536275671e-02
1.284427991725477568e+03	2.349169774902227781e-01	1.550977752703845414e-01	2.626536371476804743e-01	1.585156769517927222e-01	7.576830172192977608e-02	3.208974101727690015e-02	8.095789040040091145e-02
1.286846876832305497e+03	2.346064236524590951e-01	1.549044704201354983e-01	2.628509805683588163e-01	1.586412118459667175e-01	7.582162814163835585e-02	3.213049906013451529e-02	8.104478631099500119e-02
1.289265761939132744e+03	2.342967990933730871e-01	1.547116701601299049e-01	2.630477273620076550e-01	1.587663769852422357e-01	7.587479768896859822e-02	3.217116731448321776e-02	8.113146139548341185e-02
1.291684647045960673e+03	2.339881010348967005e-01	1.545193731324341346e-01	2.632438798046807249e-01	1.588911734725468039e-01	7.592781083173122392e-02	3.221174571900303762e-02	8.121791600439547121e-02
1.294103532152788375e+03	2.336803267074699653e-01	1.543275779831038697e-01	2.634394401580979483e-01	1.590156024075101704e-01	7.598066803634136168e-02	3.225223421674934532e-02	8.130415049041532505e-02
1.296522417259616077e+03	2.333734733500118230e-01	1.541362833621686690e-01	2.636344106697844358e-01	1.591396648864743801e-01	7.603336976782286427e-02	3.229263275508006958e-02	8.139016520834578550e-02
1.298941302366443551e+03	2.330675382098911230e-01	1.539454879236164808e-01	2.638287935732079315e-01	1.592633620025037111e-01	7.608591648981238853e-02	3.233294128558411584e-02	8.147596051507231818e-02
1.301360187473271253e+03	2.327625185428979504e-01	1.537551903253782659e-01	2.640225910879153148e-01	1.593866948453948051e-01	7.613830866456364199e-02	3.237315976401099193e-02	8.156153676952709874e-02
1.303779072580098727e+03	2.324584116132150380e-01	1.535653892293127876e-01	2.642158054196672157e-01	1.595096645016866044e-01	7.619054675295157397e-02	3.241328815020157877e-02	8.164689433265323593e-02
1.306197957686926657e+03	2.321552146933890670e-01	1.533760833011915681e-01	2.644084387605715181e-01	1.596322720546702600e-01	7.624263121447652503e-02	3.245332640802002511e-02	8.173203356736910563e-02
1.308616842793753904e+03	2.318529250643023842e-01	1.531872712106836787e-01	2.646004932892149775e-01	1.597545185843991522e-01	7.629456250726834865e-02	3.249327450528678718e-02	8.181695483853282380e-02
1.311035727900581833e+03	2.315515400151447190e-01	1.529989516313408904e-01	2.647919711707937274e-01	1.598764051676986597e-01	7.634634108809060238e-02	3.253313241371268150e-02	8.190165851290684418e-02
1.313454613007409534e+03	2.312510568433850944e-01	1.528111232405829079e-01	2.649828745572424538e-01	1.599979328781760413e-01	7.639796741234466948e-02	3.257290010883411718e-02	8.198614495912281974e-02
1.315873498114237009e+03	2.309514728547437945e-01	1.526237847196824648e-01	2.651732055873617933e-01	1.601191027862302607e-01	7.644944193407381128e-02	3.261257756994928592e-02	8.207041454764656130e-02
1.318292383221064711e+03	2.306527853631644975e-01	1.524369347537507802e-01	2.653629663869448430e-01	1.602399159590618127e-01	7.650076510596734436e-02	3.265216478005542738e-02	8.215446765074323199e-02
1.320711268327892412e+03	2.303549916907865758e-01	1.522505720317229305e-01	2.655521590689016165e-01	1.603603734606823539e-01	7.655193737936465126e-02	3.269166172578708007e-02	8.223830464244268057e-02
1.323130153434719887e+03	2.300580891679173956e-01	1.520646952463434454e-01	2.657407857333828338e-01	1.604804763519245281e-01	7.660295920425932992e-02	3.273106839735532431e-02	8.232192589850503839e-02
1.325549038541547588e+03	2.297620751330048949e-01	1.518793030941518740e-01	2.659288484679018794e-01	1.606002256904515424e-01	7.665383102930319048e-02	3.277038478848801062e-02	8.240533179638652450e-02
1.327967923648375290e+03	2.294669469326102162e-01	1.516943942754685470e-01	2.661163493474554831e-01	1.607196225307669646e-01	7.670455330181030762e-02	3.280961089637091793e-02	8.248852271520544510e-02
1.330386808755202765e+03	2.291727019213803951e-01	1.515099674943803931e-01	2.663032904346433472e-01	1.608386679242242157e-01	7.675512646776108672e-02	3.284874672158986236e-02	8.257149903570851213e-02
1.332805693862030694e+03	2.288793374620213539e-01	1.513260214587267560e-01	2.664896737797862736e-01	1.609573629190361732e-01	7.680555097180626067e-02	3.288779226807370115e-02	8.265426114023723125e-02
1.335224578968857941e+03	2.285868509252708958e-01	1.511425548800855168e-01	2.666755014210426822e-01	1.610757085602848027e-01	7.685582725727092834e-02	3.292674754303825946e-02	8.273680941269469236e-02
1.337643464075685870e+03	2.282952396898716707e-01	1.509595664737589382e-01	2.668607753845244068e-01	1.611937058899306219e-01	7.690595576615846807e-02	3.296561255693112452e-02	8.281914423851254037e-02
1.340062349182513572e+03	2.280045011425445578e-01	1.507770549587600650e-01	2.670454976844108264e-01	1.613113559468221658e-01	7.695593693915461775e-02	3.300438732337732106e-02	8.290126600461822370e-02
1.342481234289341273e+03	2.277146326779621033e-01	1.505950190577988457e-01	2.672296703230616632e-01	1.614286597667055068e-01	7.700577121563136063e-02	3.304307185912580547e-02	8.298317509940252024e-02
1.344900119396168748e+03	2.274256316987217919e-01	1.504134574972685323e-01	2.674132952911288386e-01	1.615456183822336633e-01	7.705545903365094984e-02	3.308166618399682041e-02	8.306487191268720205e-02
1.347319004502996449e+03	2.271374956153197899e-01	1.502323690072319695e-01	2.675963745676669392e-01	1.616622328229759820e-01	7.710500082996980808e-02	3.312017032083008905e-02	8.314635683569318592e-02
1.349737889609823924e+03	2.268502218461246889e-01	1.500517523214081883e-01	2.677789101202422972e-01	1.617785041154275183e-01	7.715439704004248278e-02	3.315858429543375174e-02	8.322763026100878092e-02
1.352156774716651853e+03	2.265638078173512482e-01	1.498716061771590558e-01	2.679609039050410146e-01	1.618944332830183630e-01	7.720364809802553185e-02	3.319690813653414230e-02	8.330869258255831078e-02
1.354575659823479100e+03	2.262782509630343886e-01	1.496919293154758135e-01	2.681423578669758778e-01	1.620100213461229122e-01	7.725275443678146503e-02	3.323514187572634837e-02	8.338954419557090270e-02
1.356994544930307029e+03	2.259935487250032127e-01	1.495127204809658106e-01	2.683232739397915512e-01	1.621252693220692764e-01	7.730171648788262961e-02	3.327328554742547961e-02	8.347018549654972031e-02
1.359413430037134731e+03	2.257096985528552480e-01	1.493339784218394584e-01	2.685036540461693821e-01	1.622401782251483571e-01	7.735053468161505463e-02	3.331133918881874767e-02	8.355061688324136315e-02
1.361832315143962205e+03	2.254266979039307728e-01	1.491557018898970743e-01	2.686835000978303745e-01	1.623547490666231441e-01	7.739920944698235050e-02	3.334930283981824700e-02	8.363083875460559924e-02
1.364251200250789907e+03	2.251445442432870869e-01	1.489778896405158370e-01	2.688628139956373841e-01	1.624689828547378756e-01	7.744774121170962256e-02	3.338717654301445042e-02	8.371085151078533348e-02
1.366670085357617609e+03	2.248632350436731153e-01	1.488005404326367964e-01	2.690415976296957612e-01	1.625828805947272249e-01	7.749613040224717642e-02	3.342496034363044710e-02	8.379065555307699253e-02
1.369088970464445310e+03	2.245827677855039839e-01	1.486236530287521895e-01	2.692198528794534917e-01	1.626964432888254042e-01	7.754437744377448705e-02	3.346265428947686055e-02	8.387025128390106221e-02
1.371507855571272785e+03	2.243031399568358175e-01	1.484472261948925342e-01	2.693975816137995638e-01	1.628096719362752132e-01	7.759248276020391799e-02	3.350025843090744665e-02	8.394963910677304131e-02
1.373926740678100487e+03	2.240243490533405657e-01	1.482712587006139171e-01	2.695747856911613338e-01	1.629225675333371426e-01	7.764044677418460716e-02	3.353777282077537170e-02	8.402881942627458967e-02
1.376345625784927961e+03	2.237463925782808560e-01	1.480957493189853647e-01	2.697514669596013936e-01	1.630351310732985060e-01	7.768826990710619995e-02	3.357519751439017736e-02	8.410779264802500932e-02
1.378764510891755890e+03	2.234692680424852640e-01	1.479206968265763811e-01	2.699276272569125501e-01	1.631473635464822103e-01	7.773595257910269340e-02	3.361253256947535628e-02	8.418655917865307259e-02
1.381183395998583137e+03	2.231929729643232496e-01	1.477461000034443750e-01	2.701032684107121939e-01	1.632592659402559432e-01	7.778349520905612768e-02	3.364977804612657303e-02	8.426511942576907221e-02
1.383602281105411066e+03	2.229175048696805661e-01	1.475719576331222527e-01	2.702783922385353921e-01	1.633708392390410546e-01	7.783089821460041635e-02	3.368693400677056499e-02	8.434347379793727395e-02
1.386021166212238768e+03	2.226428612919346683e-01	1.473982685026061223e-01	2.704530005479271471e-01	1.634820844243213556e-01	7.787816201212507949e-02	3.372400051612461230e-02	8.442162270464853568e-02
1.388440051319066470e+03	2.223690397719299550e-01	1.472250314023429707e-01	2.706270951365333799e-01	1.635930024746522216e-01	7.792528701677894909e-02	3.376097764115661148e-02	8.449956655629332902e-02
1.390858936425893944e+03	2.220960378579537320e-01	1.470522451262186170e-01	2.708006777921910246e-01	1.637035943656692805e-01	7.797227364247392989e-02	3.379786545104578738e-02	8.457730576413502455e-02
1.393277821532721646e+03	2.218238531057115936e-01	1.468799084715453618e-01	2.709737502930169573e-01	1.638138610700973496e-01	7.801912230188867703e-02	3.383466401714398802e-02	8.465484074028348238e-02
1.395696706639549120e+03	2.215524830783033305e-01	1.467080202390501353e-01	2.711463144074960363e-01	1.639238035577590957e-01	7.806583340647234304e-02	3.387137341293752074e-02	8.473217189766890645e-02
1.398115591746377049e+03	2.212819253461988378e-01	1.465365792328623684e-01	2.713183718945682554e-01	1.640334227955840551e-01	7.811240736644821381e-02	3.390799371400959189e-02	8.480929965001607340e-02
1.400534476853204296e+03	2.210121774872140510e-01	1.463655842605021962e-01	2.714899245037145081e-01	1.641427197476170163e-01	7.815884459081744173e-02	3.394452499800329481e-02	8.488622441181882528e-02
1.402953361960032225e+03	2.207432370864871873e-01	1.461950341328684955e-01	2.716609739750419084e-01	1.642516953750270958e-01	7.820514548736264004e-02	3.398096734458516677e-02	8.496294659831479801e-02
1.405372247066859927e+03	2.204751017364547094e-01	1.460249276642272553e-01	2.718315220393676124e-01	1.643603506361162314e-01	7.825131046265162982e-02	3.401732083540925933e-02	8.503946662546053858e-02
1.407791132173687402e+03	2.202077690368278162e-01	1.458552636721997253e-01	2.720015704183021965e-01	1.644686864863278974e-01	7.829733992204099269e-02	3.405358555408176391e-02	8.511578490990687196e-02
1.410210017280515103e+03	2.199412365945687398e-01	1.456860409777508136e-01	2.721711208243315916e-01	1.645767038782555980e-01	7.834323426967974846e-02	3.408976158612613688e-02	8.519190186897455941e-02
1.412628902387342805e+03	2.196755020238672362e-01	1.455172584051775964e-01	2.723401749608985178e-01	1.646844037616518042e-01	7.838899390851297722e-02	3.412584901894880757e-02	8.526781792063024834e-02
1.415047787494170507e+03	2.194105629461172435e-01	1.453489147820976046e-01	2.725087345224826985e-01	1.647917870834361698e-01	7.843461924028542753e-02	3.416184794180529560e-02	8.534353348346278290e-02
1.417466672600997981e+03	2.191464169898934833e-01	1.451810089394375280e-01	2.726768011946802406e-01	1.648988547877042465e-01	7.848011066554511084e-02	3.419775844576691815e-02	8.541904897665969498e-02
1.419885557707825683e+03	2.188830617909283405e-01	1.450135397114217795e-01	2.728443766542822946e-01	1.650056078157360051e-01	7.852546858364685411e-02	3.423358062368792726e-02	8.549436481998404225e-02
1.422304442814653157e+03	2.186204949920886320e-01	1.448465059355611984e-01	2.730114625693523811e-01	1.651120471060043282e-01	7.857069339275592201e-02	3.426931457017318161e-02	8.556948143375155136e-02
1.424723327921481086e+03	2.183587142433526807e-01	1.446799064526417544e-01	2.731780605993034960e-01	1.652181735941834484e-01	7.861578548985156956e-02	3.430496038154623450e-02	8.564439923880801109e-02
1.427142213028308333e+03	2.180977172017872501e-01	1.445137401067134175e-01	2.733441723949736613e-01	1.653239882131573579e-01	7.866074527073056710e-02	3.434051815581798395e-02	8.571911865650695683e-02
1.429561098135136262e+03	2.178375015315248409e-01	1.443480057450788057e-01	2.735097995987010311e-01	1.654294918930283298e-01	7.870557313001079469e-02	3.437598799265565580e-02	8.579364010868768819e-02
1.431979983241963964e+03	2.175780649037408199e-01	1.441827022182824436e-01	2.736749438443981663e-01	1.655346855611251888e-01	7.875026946113473925e-02	3.441136999335237673e-02	8.586796401765348086e-02
1.434398868348791666e+03	2.173194049966308550e-01	1.440178283800994385e-01	2.738396067576249759e-01	1.656395701420116939e-01	7.879483465637297790e-02	3.444666426079711491e-02	8.594209080615013152e-02
1.436817753455619140e+03	2.170615194953883498e-01	1.438533830875246555e-01	2.740037899556614920e-01	1.657441465574949757e-01	7.883926910682775846e-02	3.448187089944507872e-02	8.601602089734479428e-02
1.439236638562446842e+03	2.168044060921819338e-01	1.436893652007618649e-01	2.741674950475794792e-01	1.658484157266336689e-01	7.888357320243645499e-02	3.451699001528855948e-02	8.608975471480505293e-02
1.441655523669274316e+03	2.165480624861330639e-01	1.435257735832128345e-01	2.743307236343132671e-01	1.659523785657463224e-01	7.892774733197510661e-02	3.455202171582814896e-02	8.616329268247828466e-02
1.444074408776102018e+03	2.162924863832937084e-01	1.433626071014665326e-01	2.744934773087296387e-01	1.660560359884196147e-01	7.897179188306177600e-02	3.458696611004449806e-02	8.623663522467128750e-02
1.446493293882929493e+03	2.160376754966242818e-01	1.431998646252884422e-01	2.746557576556970526e-01	1.661593889055165141e-01	7.901570724216014363e-02	3.462182330837037386e-02	8.630978276603022692e-02
1.448912178989757422e+03	2.157836275459713571e-01	1.430375450276098748e-01	2.748175662521544216e-01	1.662624382251846056e-01	7.905949379458289406e-02	3.465659342266315390e-02	8.638273573152076279e-02
1.451331064096585123e+03	2.155303402580457384e-01	1.428756471845173681e-01	2.749789046671783366e-01	1.663651848528641397e-01	7.910315192449518529e-02	3.469127656617776445e-02	8.645549454640849563e-02
1.453749949203412370e+03	2.152778113664005621e-01	1.427141699752421666e-01	2.751397744620504016e-01	1.664676296912962483e-01	7.914668201491802113e-02	3.472587285353996578e-02	8.652805963623970420e-02
1.456168834310240300e+03	2.150260386114092870e-01	1.425531122821496188e-01	2.753001771903229589e-01	1.665697736405311047e-01	7.919008444773179001e-02	3.476038240072007457e-02	8.660043142682223583e-02
1.458587719417068001e+03	2.147750197402440719e-01	1.423924729907288245e-01	2.754601143978848699e-01	1.666716175979358894e-01	7.923335960367959563e-02	3.479480532500699858e-02	8.667261034420682686e-02
1.461006604523895703e+03	2.145247525068540162e-01	1.422322509895822262e-01	2.756195876230259634e-01	1.667731624582029781e-01	7.927650786237064318e-02	3.482914174498273618e-02	8.674459681466850647e-02
1.463425489630723177e+03	2.142752346719436762e-01	1.420724451704152846e-01	2.757785983965009291e-01	1.668744091133579355e-01	7.931952960228366711e-02	3.486339178049718823e-02	8.681639126468834733e-02
1.465844374737550879e+03	2.140264640029513887e-01	1.419130544280261808e-01	2.759371482415927668e-01	1.669753584527675361e-01	7.936242520077034512e-02	3.489755555264336534e-02	8.688799412093548002e-02
1.468263259844378354e+03	2.137784382740280098e-01	1.417540776602955743e-01	2.760952386741749587e-01	1.670760113631477584e-01	7.940519503405858714e-02	3.493163318373293524e-02	8.695940581024927396e-02
1.470682144951206283e+03	2.135311552660154322e-01	1.415955137681763898e-01	2.762528712027735311e-01	1.671763687285717781e-01	7.944783947725594930e-02	3.496562479727214484e-02	8.703062675962190686e-02
1.473101030058033530e+03	2.132846127664254632e-01	1.414373616556838520e-01	2.764100473286279502e-01	1.672764314304778510e-01	7.949035890435295071e-02	3.499953051793809611e-02	8.710165739618100367e-02
1.475519915164861459e+03	2.130388085694184808e-01	1.412796202298852166e-01	2.765667685457516844e-01	1.673762003476773341e-01	7.953275368822647351e-02	3.503335047155534121e-02	8.717249814717269174e-02
1.477938800271689161e+03	2.127937404757825335e-01	1.411222884008898892e-01	2.767230363409917127e-01	1.674756763563624573e-01	7.957502420064298254e-02	3.506708478507285232e-02	8.724314943994475324e-02
1.480357685378516862e+03	2.125494062929122463e-01	1.409653650818393500e-01	2.768788521940878655e-01	1.675748603301142614e-01	7.961717081226195314e-02	3.510073358654131753e-02	8.731361170193009669e-02
1.482776570485344337e+03	2.123058038347878373e-01	1.408088491888973837e-01	2.770342175777310012e-01	1.676737531399104530e-01	7.965919389263914629e-02	3.513429700509073522e-02	8.738388536063050605e-02
