1.001418434226643626e+03	2.785284085569206813e-01	1.815996539775149854e-01	2.346624712648996969e-01	1.409117419013018180e-01	6.830115443229040073e-02	2.678388605987799820e-02	6.921268380688669342e-02
1.003837319333471214e+03	2.780878522227487326e-01	1.813366269522576901e-01	2.349507358276065050e-01	1.410886130295674890e-01	6.837621852258413124e-02	2.683263500773076446e-02	6.932731843719694420e-02
1.006256204440298802e+03	2.776486148644820573e-01	1.810742965896745549e-01	2.352379921090463621e-01	1.412649620699416020e-01	6.845106120868121868e-02	2.688137070508617513e-02	6.944170245278036280e-02
1.008675089547126618e+03	2.772106924789245475e-01	1.808126609221139824e-01	2.355242452861565916e-01	1.414407905757528172e-01	6.852568315685897415e-02	2.693009122301946723e-02	6.955583635686593547e-02
1.011093974653954206e+03	2.767740810759051207e-01	1.805517179886483581e-01	2.358095005030913238e-01	1.416161000961940752e-01	6.860008503080604336e-02	2.697879467739395729e-02	6.966972062765347529e-02
1.013512859760782021e+03	2.763387766782274824e-01	1.802914658350434629e-01	2.360937628710728098e-01	1.417908921762805197e-01	6.867426749168678568e-02	2.702747922770695060e-02	6.978335571967436701e-02
1.015931744867609382e+03	2.759047753216206655e-01	1.800319025137278595e-01	2.363770374682640230e-01	1.419651683568133871e-01	6.874823119819999107e-02	2.707614307597156281e-02	6.989674206509484400e-02
1.018350629974437197e+03	2.754720730546896812e-01	1.797730260837622218e-01	2.366593293396622166e-01	1.421389301743484768e-01	6.882197680663255934e-02	2.712478446563328441e-02	7.000988007496396215e-02
1.020769515081264785e+03	2.750406659388658359e-01	1.795148346108087212e-01	2.369406434970118269e-01	1.423121791611692277e-01	6.889550497090850267e-02	2.717340168052000127e-02	7.012277014040833867e-02
1.023188400188092373e+03	2.746105500483577710e-01	1.792573261671003282e-01	2.372209849187363884e-01	1.424849168452638204e-01	6.896881634263389571e-02	2.722199304382435375e-02	7.023541263377591770e-02
1.025607285294920075e+03	2.741817214701025018e-01	1.790004988314105594e-01	2.375003585498878800e-01	1.426571447503055812e-01	6.904191157113793997e-02	2.727055691711732094e-02	7.034780790973070574e-02
1.028026170401747549e+03	2.737541763037166787e-01	1.787443506890225853e-01	2.377787693021131965e-01	1.428288643956371062e-01	6.911479130351080857e-02	2.731909169939191612e-02	7.045995630630026707e-02
1.030445055508575479e+03	2.733279106614475706e-01	1.784888798316990599e-01	2.380562220536367457e-01	1.430000772962570776e-01	6.918745618463820191e-02	2.736759582613598751e-02	7.057185814587797756e-02
1.032863940615402726e+03	2.729029206681251596e-01	1.782340843576515621e-01	2.383327216492582279e-01	1.431707849628095774e-01	6.925990685723326656e-02	2.741606776843311805e-02	7.068351373618177169e-02
1.035282825722230655e+03	2.724792024611133456e-01	1.779799623715102308e-01	2.386082729003650704e-01	1.433409889015762329e-01	6.933214396186601625e-02	2.746450603209063535e-02	7.079492337117117284e-02
1.037701710829058356e+03	2.720567521902621522e-01	1.777265119842937335e-01	2.388828805849587122e-01	1.435106906144699435e-01	6.940416813699036569e-02	2.751290915679381610e-02	7.090608733192402258e-02
1.040120595935886058e+03	2.716355660178596532e-01	1.774737313133788463e-01	2.391565494476937670e-01	1.436798915990310510e-01	6.947598001896923559e-02	2.756127571528541390e-02	7.101700588747478227e-02
1.042539481042713533e+03	2.712156401185842891e-01	1.772216184824703666e-01	2.394292841999299537e-01	1.438485933484250634e-01	6.954758024209770073e-02	2.760960431256959460e-02	7.112767929561576719e-02
1.044958366149541234e+03	2.707969706794572384e-01	1.769701716215712484e-01	2.397010895197956015e-01	1.440167973514418220e-01	6.961896943862452836e-02	2.765789358513950913e-02	7.123810780366275630e-02
1.047377251256368709e+03	2.703795538997951220e-01	1.767193888669525981e-01	2.399719700522624510e-01	1.441845050924962790e-01	6.969014823877217601e-02	2.770614220022760837e-02	7.134829164918647659e-02
1.049796136363196410e+03	2.699633859911625966e-01	1.764692683611238655e-01	2.402419304092310026e-01	1.443517180516304677e-01	6.976111727075536006e-02	2.775434885507806204e-02	7.145823106071134967e-02
1.052215021470024112e+03	2.695484631773255035e-01	1.762198082528031451e-01	2.405109751696258569e-01	1.445184377045166391e-01	6.983187716079851393e-02	2.780251227624039659e-02	7.156792625838263866e-02
1.054633906576851814e+03	2.691347816942039062e-01	1.759710066968877551e-01	2.407791088795006029e-01	1.446846655224614253e-01	6.990242853315192795e-02	2.785063121888373822e-02	7.167737745460335541e-02
1.057052791683679516e+03	2.687223377898256826e-01	1.757228618544244558e-01	2.410463360521516440e-01	1.448504029724108355e-01	6.997277201010707048e-02	2.789870446613089763e-02	7.178658485464217698e-02
1.059471676790506763e+03	2.683111277242796744e-01	1.754753718925803896e-01	2.413126611682404610e-01	1.450156515169563343e-01	7.004290821201081263e-02	2.794673082841166514e-02	7.189554865721346777e-02
1.061890561897334692e+03	2.679011477696696675e-01	1.752285349846137430e-01	2.415780886759238411e-01	1.451804126143413920e-01	7.011283775727895906e-02	2.799470914283469156e-02	7.200426905503054531e-02
1.064309447004162394e+03	2.674923942100684848e-01	1.749823493098445759e-01	2.418426229909917125e-01	1.453446877184687569e-01	7.018256126240890458e-02	2.804263827257727146e-02	7.211274623533317496e-02
1.066728332110990095e+03	2.670848633414716344e-01	1.747368130536260666e-01	2.421062684970119450e-01	1.455084782789085873e-01	7.025207934199170778e-02	2.809051710629248758e-02	7.222098038039057033e-02
1.069147217217817570e+03	2.666785514717519012e-01	1.744919244073154796e-01	2.423690295454819232e-01	1.456717857409067229e-01	7.032139260872341535e-02	2.813834455753310565e-02	7.232897166798049615e-02
1.071566102324645271e+03	2.662734549206138834e-01	1.742476815682456326e-01	2.426309104559862817e-01	1.458346115453937608e-01	7.039050167341598385e-02	2.818611956419170977e-02	7.243672027184586137e-02
1.073984987431472746e+03	2.658695700195486400e-01	1.740040827396962531e-01	2.428919155163604959e-01	1.459969571289944090e-01	7.045940714500754931e-02	2.823384108795646413e-02	7.254422636212939923e-02
1.076403872538300675e+03	2.654668931117883934e-01	1.737611261308656119e-01	2.431520489828601639e-01	1.461588239240371734e-01	7.052810963057232208e-02	2.828150811378206744e-02	7.265149010578748900e-02
1.078822757645127922e+03	2.650654205522620099e-01	1.735188099568422682e-01	2.434113150803351999e-01	1.463202133585646270e-01	7.059660973532999595e-02	2.832911964937534152e-02	7.275851166698385497e-02
1.081241642751955851e+03	2.646651487075499243e-01	1.732771324385769529e-01	2.436697180024089415e-01	1.464811268563436519e-01	7.066490806265482427e-02	2.837667472469499255e-02	7.286529120746403076e-02
1.083660527858783553e+03	2.642660739558398419e-01	1.730360918028546469e-01	2.439272619116618079e-01	1.466415658368761810e-01	7.073300521408432129e-02	2.842417239146512523e-02	7.297182888691140790e-02
1.086079412965611255e+03	2.638681926868824412e-01	1.727956862822667694e-01	2.441839509398189834e-01	1.468015317154101051e-01	7.080090178932765821e-02	2.847161172270196508e-02	7.307812486328547907e-02
1.088498298072438729e+03	2.634715013019471308e-01	1.725559141151833953e-01	2.444397891879420692e-01	1.469610259029504595e-01	7.086859838627379560e-02	2.851899181225345248e-02	7.318417929314315062e-02
1.090917183179266431e+03	2.630759962137781960e-01	1.723167735457259986e-01	2.446947807266243446e-01	1.471200498062707196e-01	7.093609560099929656e-02	2.856631177435122945e-02	7.328999233194374852e-02
1.093336068286093905e+03	2.626816738465511114e-01	1.720782628237398915e-01	2.449489295961893298e-01	1.472786048279241811e-01	7.100339402777595954e-02	2.861357074317468982e-02	7.339556413433838411e-02
1.095754953392921607e+03	2.622885306358292423e-01	1.718403802047671625e-01	2.452022398068924303e-01	1.474366923662556728e-01	7.107049425907815965e-02	2.866076787242658602e-02	7.350089485444435966e-02
1.098173838499749309e+03	2.618965630285201573e-01	1.716031239500196148e-01	2.454547153391252734e-01	1.475943138154133250e-01	7.113739688559013452e-02	2.870790233491997065e-02	7.360598464610516867e-02
1.100592723606577010e+03	2.615057674828328294e-01	1.713664923263519546e-01	2.457063601436228484e-01	1.477514705653603655e-01	7.120410249621292320e-02	2.875497332217596611e-02	7.371083366313679885e-02
1.103011608713404712e+03	2.611161404682346698e-01	1.711304836062350343e-01	2.459571781416728664e-01	1.479081640018870825e-01	7.127061167807122177e-02	2.880198004403212997e-02	7.381544205956076798e-02
1.105430493820231959e+03	2.607276784654087853e-01	1.708950960677293185e-01	2.462071732253271750e-01	1.480643955066228423e-01	7.133692501652012796e-02	2.884892172826103093e-02	7.391980998982457252e-02
1.107849378927059888e+03	2.603403779662116224e-01	1.706603279944584883e-01	2.464563492576153370e-01	1.482201664570481914e-01	7.140304309515162207e-02	2.889579762019867104e-02	7.402393760900993769e-02
1.110268264033887590e+03	2.599542354736306682e-01	1.704261776755832680e-01	2.467047100727597087e-01	1.483754782265070404e-01	7.146896649580110339e-02	2.894260698238253909e-02	7.412782507302954904e-02
1.112687149140715292e+03	2.595692475017423173e-01	1.701926434057754456e-01	2.469522594763921830e-01	1.485303321842187940e-01	7.153469579855363525e-02	2.898934909419893097e-02	7.423147253881262619e-02
1.115106034247542766e+03	2.591854105756699611e-01	1.699597234851918381e-01	2.471990012457723762e-01	1.486847296952906461e-01	7.160023158175014835e-02	2.903602325153922456e-02	7.433488016447981073e-02
1.117524919354370468e+03	2.588027212315424652e-01	1.697274162194486180e-01	2.474449391300068690e-01	1.488386721207297647e-01	7.166557442199360251e-02	2.908262876646489081e-02	7.443804810950786777e-02
1.119943804461197942e+03	2.584211760164526472e-01	1.694957199195957775e-01	2.476900768502693917e-01	1.489921608174556988e-01	7.173072489415498187e-02	2.912916496688093895e-02	7.454097653488463149e-02
1.122362689568025871e+03	2.580407714884159764e-01	1.692646329020917328e-01	2.479344181000223413e-01	1.491451971383125630e-01	7.179568357137923462e-02	2.917563119621752188e-02	7.464366560325461086e-02
1.124781574674853118e+03	2.576615042163297176e-01	1.690341534887781494e-01	2.481779665452384098e-01	1.492977824320814717e-01	7.186045102509114324e-02	2.922202681311947617e-02	7.474611547905561648e-02
1.127200459781681047e+03	2.572833707799317970e-01	1.688042800068548233e-01	2.484207258246234062e-01	1.494499180434926688e-01	7.192502782500109770e-02	2.926835119114353650e-02	7.484832632864676927e-02
1.129619344888508749e+03	2.569063677697602244e-01	1.685750107888547011e-01	2.486626995498389392e-01	1.496016053132379897e-01	7.198941453911085475e-02	2.931460371846299900e-02	7.495029832042843232e-02
1.132038229995336451e+03	2.565304917871128465e-01	1.683463441726192888e-01	2.489038913057259605e-01	1.497528455779831291e-01	7.205361173371914452e-02	2.936078379757959059e-02	7.505203162495416302e-02
1.134457115102163925e+03	2.561557394440069357e-01	1.681182785012740322e-01	2.491443046505281977e-01	1.499036401703799926e-01	7.211761997342730490e-02	2.940689084504233969e-02	7.515352641503525444e-02
1.136876000208991627e+03	2.557821073631393327e-01	1.678908121232038919e-01	2.493839431161158082e-01	1.500539904190788809e-01	7.218143982114487434e-02	2.945292429117324362e-02	7.525478286583807408e-02
1.139294885315819101e+03	2.554095921778462563e-01	1.676639433920290856e-01	2.496228102082089229e-01	1.502038976487408972e-01	7.224507183809500410e-02	2.949888357979951400e-02	7.535580115497444997e-02
1.141713770422646803e+03	2.550381905320638909e-01	1.674376706665810788e-01	2.498609094066012448e-01	1.503533631800500203e-01	7.230851658382002334e-02	2.954476816799219557e-02	7.545658146258568677e-02
1.144132655529474505e+03	2.546678990802890841e-01	1.672119923108785766e-01	2.500982441653831212e-01	1.505023883297255116e-01	7.237177461618672647e-02	2.959057752581099529e-02	7.555712397142012871e-02
1.146551540636302207e+03	2.542987144875398231e-01	1.669869066941038760e-01	2.503348179131646423e-01	1.506509744105340720e-01	7.243484649139185494e-02	2.963631113605511708e-02	7.565742886690478286e-02
1.148970425743129908e+03	2.539306334293163769e-01	1.667624121905791623e-01	2.505706340532981025e-01	1.507991227313019988e-01	7.249773276396737076e-02	2.968196849401991480e-02	7.575749633721128029e-02
1.151389310849957155e+03	2.535636525915622719e-01	1.665385071797431393e-01	2.508056959641001282e-01	1.509468345969274261e-01	7.256043398678573009e-02	2.972754910725923169e-02	7.585732657331628603e-02
1.153808195956785084e+03	2.531977686706259334e-01	1.663151900461277699e-01	2.510400069990730842e-01	1.510941113083923426e-01	7.262295071106518451e-02	2.977305249535321802e-02	7.595691976905673271e-02
1.156227081063612786e+03	2.528329783732218838e-01	1.660924591793351002e-01	2.512735704871258968e-01	1.512409541627748044e-01	7.268528348637499914e-02	2.981847818968149516e-02	7.605627612118004421e-02
1.158645966170440488e+03	2.524692784163927728e-01	1.658703129740144444e-01	2.515063897327943221e-01	1.513873644532610085e-01	7.274743286064061509e-02	2.986382573320148226e-02	7.615539582938961327e-02
1.161064851277267962e+03	2.521066655274711854e-01	1.656487498298394312e-01	2.517384680164599930e-01	1.515333434691572001e-01	7.280939938014885371e-02	2.990909468023177087e-02	7.625427909638581025e-02
1.163483736384095664e+03	2.517451364440416728e-01	1.654277681514855214e-01	2.519698085945694110e-01	1.516788924959018570e-01	7.287118358955302355e-02	2.995428459624037421e-02	7.635292612790250955e-02
1.165902621490923138e+03	2.513846879139031709e-01	1.652073663486073596e-01	2.522004146998509944e-01	1.518240128150775414e-01	7.293278603187802744e-02	2.999939505763773995e-02	7.645133713273959131e-02
1.168321506597751068e+03	2.510253166950315862e-01	1.649875428358165974e-01	2.524302895415320713e-01	1.519687057044229184e-01	7.299420724852546949e-02	3.004442565157433576e-02	7.654951232279150197e-02
1.170740391704578315e+03	2.506670195555422698e-01	1.647682960326596613e-01	2.526594363055542636e-01	1.521129724378446624e-01	7.305544777927863720e-02	3.008937597574277631e-02	7.664745191307210936e-02
1.173159276811406244e+03	2.503097932736532694e-01	1.645496243635957978e-01	2.528878581547883697e-01	1.522568142854292539e-01	7.311650816230762240e-02	3.013424563818423510e-02	7.674515612173582468e-02
1.175578161918233945e+03	2.499536346376480811e-01	1.643315262579751468e-01	2.531155582292473616e-01	1.524002325134549141e-01	7.317738893417428947e-02	3.017903425709915141e-02	7.684262517009551874e-02
1.177997047025061647e+03	2.495985404458389567e-01	1.641140001500170642e-01	2.533425396462988255e-01	1.525432283844032899e-01	7.323809062983722973e-02	3.022374146066200001e-02	7.693985928263709362e-02
1.180415932131889122e+03	2.492445075065304883e-01	1.638970444787886116e-01	2.535688055008762931e-01	1.526858031569713336e-01	7.329861378265672966e-02	3.026836688684010276e-02	7.703685868703100126e-02
1.182834817238716823e+03	2.488915326379831372e-01	1.636806576881831010e-01	2.537943588656885185e-01	1.528279580860829323e-01	7.335895892439975308e-02	3.031291018321630171e-02	7.713362361414080604e-02
1.185253702345544298e+03	2.485396126683771800e-01	1.634648382268988343e-01	2.540192027914286443e-01	1.529696944229007038e-01	7.341912658524479829e-02	3.035737100681542081e-02	7.723015429802899956e-02
1.187672587452371999e+03	2.481887444357765427e-01	1.632495845484180641e-01	2.542433403069809250e-01	1.531110134148375435e-01	7.347911729378682477e-02	3.040174902393442263e-02	7.732645097596020645e-02
1.190091472559199701e+03	2.478389247880931345e-01	1.630348951109859834e-01	2.544667744196271175e-01	1.532519163055682532e-01	7.353893157704213812e-02	3.044604390997612473e-02	7.742251388840175330e-02
1.192510357666027403e+03	2.474901505830510995e-01	1.628207683775899917e-01	2.546895081152505957e-01	1.533924043350411714e-01	7.359856996045321953e-02	3.049025534928640965e-02	7.751834327902204502e-02
1.194929242772855105e+03	2.471424186881514828e-01	1.626072028159389615e-01	2.549115443585396878e-01	1.535324787394896084e-01	7.365803296789355525e-02	3.053438303499481782e-02	7.761393939468644310e-02
1.197348127879682352e+03	2.467957259806367876e-01	1.623941968984427275e-01	2.551328860931894038e-01	1.536721407514434756e-01	7.371732112167247997e-02	3.057842666885845703e-02	7.770930248545122876e-02
1.199767012986510281e+03	2.464500693474561410e-01	1.621817491021917412e-01	2.553535362421016641e-01	1.538113915997406378e-01	7.377643494253997847e-02	3.062238596110910399e-02	7.780443280455540123e-02
1.202185898093337983e+03	2.461054456852301009e-01	1.619698579089368651e-01	2.555734977075838632e-01	1.539502325095384039e-01	7.383537494969141801e-02	3.066626063030342478e-02	7.789933060841058854e-02
1.204604783200165684e+03	2.457618519002161273e-01	1.617585218050692497e-01	2.557927733715467111e-01	1.540886647023248235e-01	7.389414166077236390e-02	3.071005040317628665e-02	7.799399615658914042e-02
1.207023668306993159e+03	2.454192849082738881e-01	1.615477392816004332e-01	2.560113660956995774e-01	1.542266893959300944e-01	7.395273559188329793e-02	3.075375501449697374e-02	7.808842971181051418e-02
1.209442553413820860e+03	2.450777416348309257e-01	1.613375088341424124e-01	2.562292787217449463e-01	1.543643078045378592e-01	7.401115725758432295e-02	3.079737420692833447e-02	7.818263153992600911e-02
1.211861438520648335e+03	2.447372190148483784e-01	1.611278289628881866e-01	2.564465140715712077e-01	1.545015211386965015e-01	7.406940717089989523e-02	3.084090773088871834e-02	7.827660190990193279e-02
1.214280323627476264e+03	2.443977139927870634e-01	1.609186981725920229e-01	2.566630749474437811e-01	1.546383306053302487e-01	7.412748584332352897e-02	3.088435534441667796e-02	7.837034109380151825e-02
1.216699208734303511e+03	2.440592235225734485e-01	1.607101149725501943e-01	2.568789641321947981e-01	1.547747374077504678e-01	7.418539378482245927e-02	3.092771681303831816e-02	7.846384936676516209e-02
1.219118093841131440e+03	2.437217445675660399e-01	1.605020778765816891e-01	2.570941843894111178e-01	1.549107427456668795e-01	7.424313150384226345e-02	3.097099190963726809e-02	7.855712700698962159e-02
1.221536978947959142e+03	2.433852741005217424e-01	1.602945854030090322e-01	2.573087384636209007e-01	1.550463478151985208e-01	7.430069950731153783e-02	3.101418041432717210e-02	7.865017429570596297e-02
1.223955864054786844e+03	2.430498091035627195e-01	1.600876360746394111e-01	2.575226290804783491e-01	1.551815538088848478e-01	7.435809830064651904e-02	3.105728211432668556e-02	7.874299151715630218e-02
1.226374749161614318e+03	2.427153465681428646e-01	1.598812284187457744e-01	2.577358589469472827e-01	1.553163619156968933e-01	7.441532838775571923e-02	3.110029680383684034e-02	7.883557895856956044e-02
1.228793634268442020e+03	2.423818834950149659e-01	1.596753609670479856e-01	2.579484307514824937e-01	1.554507733210481468e-01	7.447239027104443632e-02	3.114322428392081454e-02	7.892793691013610946e-02
1.231212519375269494e+03	2.420494168941978164e-01	1.594700322556944772e-01	2.581603471642101577e-01	1.555847892068055183e-01	7.452928445141940306e-02	3.118606436238595750e-02	7.902006566498172291e-02
1.233631404482097196e+03	2.417179437849434342e-01	1.592652408252435980e-01	2.583716108371059694e-01	1.557184107513003291e-01	7.458601142829331121e-02	3.122881685366806978e-02	7.911196551914037589e-02
1.236050289588924898e+03	2.413874611957045890e-01	1.590609852206452401e-01	2.585822244041725004e-01	1.558516391293391090e-01	7.464257169958937732e-02	3.127148157871787598e-02	7.920363677152640614e-02
1.238469174695752372e+03	2.410579661641023552e-01	1.588572639912228246e-01	2.587921904816140040e-01	1.559844755122145876e-01	7.469896576174588076e-02	3.131405836488961730e-02	7.929507972390588411e-02
1.240888059802580301e+03	2.407294557368938326e-01	1.586540756906550664e-01	2.590015116680103313e-01	1.561169210677163799e-01	7.475519410972060463e-02	3.135654704583172581e-02	7.938629468086728924e-02
1.243306944909407548e+03	2.404019269699401440e-01	1.584514188769580167e-01	2.592101905444887944e-01	1.562489769601417278e-01	7.481125723699542929e-02	3.139894746137954912e-02	7.947728194979154781e-02
1.245725830016235477e+03	2.400753769281746275e-01	1.582492921124673546e-01	2.594182296748946959e-01	1.563806443503063803e-01	7.486715563558077324e-02	3.144125945745002843e-02	7.956804184082140463e-02
1.248144715123063179e+03	2.397498026855708342e-01	1.580476939638205680e-01	2.596256316059600833e-01	1.565119243955551964e-01	7.492288979602002019e-02	3.148348288593833672e-02	7.965857466683029520e-02
1.250563600229890881e+03	2.394252013251110534e-01	1.578466230019393290e-01	2.598323988674710039e-01	1.566428182497728028e-01	7.497846020739402928e-02	3.152561760461641133e-02	7.974888074339077371e-02
1.252982485336718355e+03	2.391015699387548932e-01	1.576460778020121190e-01	2.600385339724328726e-01	1.567733270633942522e-01	7.503386735732556212e-02	3.156766347703330450e-02	7.983896038874234435e-02
1.255401370443546057e+03	2.387789056274079169e-01	1.574460569434768809e-01	2.602440394172348959e-01	1.569034519834156538e-01	7.508911173198369593e-02	3.160962037241737271e-02	7.992881392375898730e-02
1.257820255550373531e+03	2.384572055008905567e-01	1.572465590100036725e-01	2.604489176818119978e-01	1.570331941534046372e-01	7.514419381608820891e-02	3.165148816558022854e-02	8.001844167191619894e-02
1.260239140657201460e+03	2.381364666779070549e-01	1.570475825894776800e-01	2.606531712298057468e-01	1.571625547135108991e-01	7.519911409291400728e-02	3.169326673682237860e-02	8.010784395925781010e-02
1.262658025764028707e+03	2.378166862860146002e-01	1.568491262739821479e-01	2.608568025087236730e-01	1.572915348004767511e-01	7.525387304429549673e-02	3.173495597184058242e-02	8.019702111436237402e-02
1.265076910870856636e+03	2.374978614615928241e-01	1.566511886597815040e-01	2.610598139500967529e-01	1.574201355476474440e-01	7.530847115063091235e-02	3.177655576163684881e-02	8.028597346830934622e-02
1.267495795977684338e+03	2.371799893498129919e-01	1.564537683473045671e-01	2.612622079696355071e-01	1.575483580849817156e-01	7.536290889088673173e-02	3.181806600242903516e-02	8.037470135464501453e-02
1.269914681084511813e+03	2.368630671046078329e-01	1.562568639411280602e-01	2.614639869673844319e-01	1.576762035390620875e-01	7.541718674260194932e-02	3.185948659556303575e-02	8.046320510934819314e-02
1.272333566191339514e+03	2.365470918886410645e-01	1.560604740499597909e-01	2.616651533278749331e-01	1.578036730331051907e-01	7.547130518189242021e-02	3.190081744742648967e-02	8.055148507079573639e-02
1.274752451298167216e+03	2.362320608732774163e-01	1.558645972866224139e-01	2.618657094202765934e-01	1.579307676869720900e-01	7.552526468345517607e-02	3.194205846936400139e-02	8.063954157972792747e-02
1.277171336404994690e+03	2.359179712385526817e-01	1.556692322680370832e-01	2.620656575985471082e-01	1.580574886171785542e-01	7.557906572057271344e-02	3.198320957759383243e-02	8.072737497921367300e-02
1.279590221511822392e+03	2.356048201731437697e-01	1.554743776152071599e-01	2.622650002015803339e-01	1.581838369369053532e-01	7.563270876511725416e-02	3.202427069312605706e-02	8.081498561461573915e-02
1.282009106618650094e+03	2.352926048743391452e-01	1.552800319532022244e-01	2.624637395533531703e-01	1.583098137560083329e-01	7.568619428755501977e-02	3.206524174168209201e-02	8.090237383355572409e-02
1.284427991725477568e+03	2.349813225480092693e-01	1.550861939111420063e-01	2.626618779630706113e-01	1.584354201810286578e-01	7.573952275695047809e-02	3.210612265361560691e-02	8.098953998587911374e-02
1.286846876832305497e+03	2.346709704085771231e-01	1.548928621221804525e-01	2.628594177253096298e-01	1.585606573152029408e-01	7.579269464097058984e-02	3.214691336383484338e-02	8.107648442362018482e-02
1.289265761939132744e+03	2.343615456789890084e-01	1.547000352234900455e-01	2.630563611201611196e-01	1.586855262584733195e-01	7.584571040588902746e-02	3.218761381172616232e-02	8.116320750096704673e-02
1.291684647045960673e+03	2.340530455906854046e-01	1.545077118562460383e-01	2.632527104133707829e-01	1.588100281074975584e-01	7.589857051659036624e-02	3.222822394107896504e-02	8.124970957422657236e-02
1.294103532152788375e+03	2.337454673835719920e-01	1.543158906656109941e-01	2.634484678564781857e-01	1.589341639556590136e-01	7.595127543657431701e-02	3.226874370001184267e-02	8.133599100178937058e-02
1.296522417259616077e+03	2.334388083059907304e-01	1.541245703007190770e-01	2.636436356869545916e-01	1.590579348930766523e-01	7.600382562795986174e-02	3.230917304089995362e-02	8.142205214409485581e-02
1.298941302366443551e+03	2.331330656146911873e-01	1.539337494146609531e-01	2.638382161283390759e-01	1.591813420066150175e-01	7.605622155148947239e-02	3.234951192030368489e-02	8.150789336359631765e-02
1.301360187473271253e+03	2.328282365748020333e-01	1.537434266644683301e-01	2.640322113903734169e-01	1.593043863798942195e-01	7.610846366653319095e-02	3.238976029889840957e-02	8.159351502472611539e-02
1.303779072580098727e+03	2.325243184598024260e-01	1.535536007110988588e-01	2.642256236691354898e-01	1.594270690932996781e-01	7.616055243109284834e-02	3.242991814140547963e-02	8.167891749386092803e-02
1.306197957686926657e+03	2.322213085514938102e-01	1.533642702194210894e-01	2.644184551471711053e-01	1.595493912239921153e-01	7.621248830180614442e-02	3.246998541652432180e-02	8.176410113928717083e-02
1.308616842793753904e+03	2.319192041399716908e-01	1.531754338581993446e-01	2.646107079936245166e-01	1.596713538459172965e-01	7.626427173395076975e-02	3.250996209686567856e-02	8.184906633116642571e-02
1.311035727900581833e+03	2.316180025235975992e-01	1.529870903000789539e-01	2.648023843643676489e-01	1.597929580298159680e-01	7.631590318144851337e-02	3.254984815888594535e-02	8.193381344150110768e-02
1.313454613007409534e+03	2.313177010089710051e-01	1.527992382215715150e-01	2.649934864021276093e-01	1.599142048432334318e-01	7.636738309686937065e-02	3.258964358282256252e-02	8.201834284410021436e-02
1.315873498114237009e+03	2.310182969109017825e-01	1.526118763030401282e-01	2.651840162366131404e-01	1.600350953505294271e-01	7.641871193143555396e-02	3.262934835263046202e-02	8.210265491454525610e-02
1.318292383221064711e+03	2.307197875523822883e-01	1.524250032286847967e-01	2.653739759846394097e-01	1.601556306128877061e-01	7.646989013502560051e-02	3.266896245591958264e-02	8.218675003015639413e-02
1.320711268327892412e+03	2.304221702645600223e-01	1.522386176865278828e-01	2.655633677502517442e-01	1.602758116883257200e-01	7.652091815617843851e-02	3.270848588389334288e-02	8.227062856995864815e-02
1.323130153434719887e+03	2.301254423867100107e-01	1.520527183683998418e-01	2.657521936248476435e-01	1.603956396317043620e-01	7.657179644209738401e-02	3.274791863128817537e-02	8.235429091464839535e-02
1.325549038541547588e+03	2.298296012662075782e-01	1.518673039699247884e-01	2.659404556872978498e-01	1.605151154947374592e-01	7.662252543865419319e-02	3.278726069631397039e-02	8.243773744656002211e-02
1.327967923648375290e+03	2.295346442585012581e-01	1.516823731905062034e-01	2.661281560040658078e-01	1.606342403260013485e-01	7.667310559039298978e-02	3.282651208059552544e-02	8.252096854963276995e-02
1.330386808755202765e+03	2.292405687270855918e-01	1.514979247333129442e-01	2.663152966293258483e-01	1.607530151709445077e-01	7.672353734053440066e-02	3.286567278911486922e-02	8.260398460937781739e-02
1.332805693862030694e+03	2.289473720434742898e-01	1.513139573052651732e-01	2.665018796050800942e-01	1.608714410718968812e-01	7.677382113097941385e-02	3.290474283015459855e-02	8.268678601284557006e-02
1.335224578968857941e+03	2.286550515871734190e-01	1.511304696170202577e-01	2.666879069612742015e-01	1.609895190680794841e-01	7.682395740231340309e-02	3.294372221524204808e-02	8.276937314859320050e-02
1.337643464075685870e+03	2.283636047456546470e-01	1.509474603829590589e-01	2.668733807159116567e-01	1.611072501956138658e-01	7.687394659381012463e-02	3.298261095909433421e-02	8.285174640665235457e-02
1.340062349182513572e+03	2.280730289143287626e-01	1.507649283211720537e-01	2.670583028751667976e-01	1.612246354875314369e-01	7.692378914343556140e-02	3.302140907956432198e-02	8.293390617849717705e-02
1.342481234289341273e+03	2.277833214965191144e-01	1.505828721534455961e-01	2.672426754334965571e-01	1.613416759737828776e-01	7.697348548785196143e-02	3.306011659758743143e-02	8.301585285701254535e-02
1.344900119396168748e+03	2.274944799034353815e-01	1.504012906052484000e-01	2.674265003737514301e-01	1.614583726812475195e-01	7.702303606242165424e-02	3.309873353712924904e-02	8.309758683646256694e-02
1.347319004502996449e+03	2.272065015541472888e-01	1.502201824057178836e-01	2.676097796672841644e-01	1.615747266337426158e-01	7.707244130121106152e-02	3.313725992513399249e-02	8.317910851245928494e-02
1.349737889609823924e+03	2.269193838755585169e-01	1.500395462876468466e-01	2.677925152740584513e-01	1.616907388520326116e-01	7.712170163699449965e-02	3.317569579147375269e-02	8.326041828193170291e-02
1.352156774716651853e+03	2.266331243023807229e-01	1.498593809874700089e-01	2.679747091427554517e-01	1.618064103538384424e-01	7.717081750125816264e-02	3.321404116889858232e-02	8.334151654309503165e-02
1.354575659823479100e+03	2.263477202771076446e-01	1.496796852452507709e-01	2.681563632108797668e-01	1.619217421538468316e-01	7.721978932420388297e-02	3.325229609298728517e-02	8.342240369542024137e-02
1.356994544930307029e+03	2.260631692499893985e-01	1.495004578046679189e-01	2.683374794048638545e-01	1.620367352637192837e-01	7.726861753475308681e-02	3.329046060209903818e-02	8.350308013960383580e-02
1.359413430037134731e+03	2.257794686790067784e-01	1.493216974130025798e-01	2.685180596401713360e-01	1.621513906921014381e-01	7.731730256055058259e-02	3.332853473732573513e-02	8.358354627753797339e-02
1.361832315143962205e+03	2.254966160298456923e-01	1.491434028211252316e-01	2.686981058213991358e-01	1.622657094446321169e-01	7.736584482796837747e-02	3.336651854244505888e-02	8.366380251228075493e-02
1.364251200250789907e+03	2.252146087758718218e-01	1.489655727834825749e-01	2.688776198423787900e-01	1.623796925239524847e-01	7.741424476210956307e-02	3.340441206387429612e-02	8.374384924802688590e-02
1.366670085357617609e+03	2.249334443981052256e-01	1.487882060580847376e-01	2.690566035862758665e-01	1.624933409297150133e-01	7.746250278681209023e-02	3.344221535062484596e-02	8.382368689007858864e-02
1.369088970464445310e+03	2.246531203851952485e-01	1.486113014064924243e-01	2.692350589256892746e-01	1.626066556585926415e-01	7.751061932465254378e-02	3.347992845425745712e-02	8.390331584481679206e-02
1.371507855571272785e+03	2.243736342333953193e-01	1.484348575938042314e-01	2.694129877227484093e-01	1.627196377042877951e-01	7.755859479694997283e-02	3.351755142883809657e-02	8.398273651967261277e-02
1.373926740678100487e+03	2.240949834465379431e-01	1.482588733886438803e-01	2.695903918292101298e-01	1.628322880575412412e-01	7.760642962376963772e-02	3.355508433089457454e-02	8.406194932309907220e-02
1.376345625784927961e+03	2.238171655360099155e-01	1.480833475631477270e-01	2.697672730865539603e-01	1.629446077061411924e-01	7.765412422392678482e-02	3.359252721937374536e-02	8.414095466454324379e-02
1.378764510891755890e+03	2.235401780207275091e-01	1.479082788929522441e-01	2.699436333260764598e-01	1.630565976349321045e-01	7.770167901499036578e-02	3.362988015559942312e-02	8.421975295441851139e-02
1.381183395998583137e+03	2.232640184271117989e-01	1.477336661571814480e-01	2.701194743689847577e-01	1.631682588258236977e-01	7.774909441328682613e-02	3.366714320323090787e-02	8.429834460407720220e-02
1.383602281105411066e+03	2.229886842890641263e-01	1.475595081384346863e-01	2.702947980264885364e-01	1.632795922577997827e-01	7.779637083390375518e-02	3.370431642822214330e-02	8.437673002578355286e-02
1.386021166212238768e+03	2.227141731479416464e-01	1.473858036227743418e-01	2.704696060998914020e-01	1.633905989069270592e-01	7.784350869069371626e-02	3.374139989878152668e-02	8.445490963268689755e-02
1.388440051319066470e+03	2.224404825525328755e-01	1.472125513997134261e-01	2.706439003806810351e-01	1.635012797463639700e-01	7.789050839627784106e-02	3.377839368533226694e-02	8.453288383879516144e-02
1.390858936425893944e+03	2.221676100590335989e-01	1.470397502622036445e-01	2.708176826506182300e-01	1.636116357463694715e-01	7.793737036204952118e-02	3.381529786047340197e-02	8.461065305894865940e-02
1.393277821532721646e+03	2.218955532310225576e-01	1.468673990066231838e-01	2.709909546818252135e-01	1.637216678743118048e-01	7.798409499817819668e-02	3.385211249894137103e-02	8.468821770879417232e-02
1.395696706639549120e+03	2.216243096394375500e-01	1.466954964327647215e-01	2.711637182368726307e-01	1.638313770946772108e-01	7.803068271361293662e-02	3.388883767757214921e-02	8.476557820475934257e-02
1.398115591746377049e+03	2.213538768625513964e-01	1.465240413438234079e-01	2.713359750688657535e-01	1.639407643690786176e-01	7.807713391608607501e-02	3.392547347526402024e-02	8.484273496402730541e-02
1.400534476853204296e+03	2.210842524859481240e-01	1.463530325463852089e-01	2.715077269215294686e-01	1.640498306562642727e-01	7.812344901211693005e-02	3.396201997294082120e-02	8.491968840451168121e-02
1.402953361960032225e+03	2.208154341024991807e-01	1.461824688504148595e-01	2.716789755292929875e-01	1.641585769121265137e-01	7.816962840701538462e-02	3.399847725351580474e-02	8.499643894483181750e-02
1.405372247066859927e+03	2.205474193123398985e-01	1.460123490692442350e-01	2.718497226173723358e-01	1.642670040897102612e-01	7.821567250488550838e-02	3.403484540185602175e-02	8.507298700428828075e-02
1.407791132173687402e+03	2.202802057228457622e-01	1.458426720195606374e-01	2.720199699018533424e-01	1.643751131392216791e-01	7.826158170862922148e-02	3.407112450474721749e-02	8.514933300283873685e-02
1.410210017280515103e+03	2.200137909486091781e-01	1.456734365213951943e-01	2.721897190897725749e-01	1.644829050080366672e-01	7.830735641994981955e-02	3.410731465085926201e-02	8.522547736107403960e-02
1.412628902387342805e+03	2.197481726114159095e-01	1.455046413981113118e-01	2.723589718791978309e-01	1.645903806407094105e-01	7.835299703935563742e-02	3.414341593071212183e-02	8.530142050019458300e-02
1.415047787494170507e+03	2.194833483402219843e-01	1.453362854763931844e-01	2.725277299593077407e-01	1.646975409789809275e-01	7.839850396616354633e-02	3.417942843664232427e-02	8.537716284198711147e-02
1.417466672600997981e+03	2.192193157711304630e-01	1.451683675862344147e-01	2.726959950104704822e-01	1.648043869617875079e-01	7.844387759850257602e-02	3.421535226276990055e-02	8.545270480880151620e-02
1.419885557707825683e+03	2.189560725473683467e-01	1.450008865609266062e-01	2.728637687043212745e-01	1.649109195252691784e-01	7.848911833331743970e-02	3.425118750496584930e-02	8.552804682352820043e-02
1.422304442814653157e+03	2.186936163192637061e-01	1.448338412370480943e-01	2.730310527038391499e-01	1.650171396027781401e-01	7.853422656637211452e-02	3.428693426082005113e-02	8.560318930957562522e-02
1.424723327921481086e+03	2.184319447442225892e-01	1.446672304544527332e-01	2.731978486634233927e-01	1.651230481248870952e-01	7.857920269225336651e-02	3.432259262960968976e-02	8.567813269084802175e-02
1.427142213028308333e+03	2.181710554867065388e-01	1.445010530562586548e-01	2.733641582289680905e-01	1.652286460193976847e-01	7.862404710437420619e-02	3.435816271226814489e-02	8.575287739172358925e-02
1.429561098135136262e+03	2.179109462182096391e-01	1.443353078888372776e-01	2.735299830379365749e-01	1.653339342113488430e-01	7.866876019497748285e-02	3.439364461135429457e-02	8.582742383703279021e-02
1.431979983241963964e+03	2.176516146172360888e-01	1.441699938018021765e-01	2.736953247194349736e-01	1.654389136230250412e-01	7.871334235513932631e-02	3.442903843102236572e-02	8.590177245203702017e-02
1.434398868348791666e+03	2.173930583692775531e-01	1.440051096479980364e-01	2.738601848942844863e-01	1.655435851739646136e-01	7.875779397477267185e-02	3.446434427699209685e-02	8.597592366240754125e-02
1.436817753455619140e+03	2.171352751667909031e-01	1.438406542834899382e-01	2.740245651750933820e-01	1.656479497809680290e-01	7.880211544263072965e-02	3.449956225651949066e-02	8.604987789420462385e-02
1.439236638562446842e+03	2.168782627091757065e-01	1.436766265675522569e-01	2.741884671663276651e-01	1.657520083581060788e-01	7.884630714631044035e-02	3.453469247836787881e-02	8.612363557385709079e-02
1.441655523669274316e+03	2.166220187027521338e-01	1.435130253626579755e-01	2.743518924643814083e-01	1.658557618167282033e-01	7.889036947225594454e-02	3.456973505277949332e-02	8.619719712814197243e-02
1.444074408776102018e+03	2.163665408607387819e-01	1.433498495344678603e-01	2.745148426576460299e-01	1.659592110654705133e-01	7.893430280576202440e-02	3.460469009144738484e-02	8.627056298416453661e-02
1.446493293882929493e+03	2.161118269032305805e-01	1.431870979518198583e-01	2.746773193265787949e-01	1.660623570102640889e-01	7.897810753097751768e-02	3.463955770748783358e-02	8.634373356933854049e-02
1.448912178989757422e+03	2.158578745571768098e-01	1.430247694867183839e-01	2.748393240437703722e-01	1.661652005543430011e-01	7.902178403090878711e-02	3.467433801541309341e-02	8.641670931136676004e-02
1.451331064096585123e+03	2.156046815563592289e-01	1.428628630143237432e-01	2.750008583740123358e-01	1.662677425982525270e-01	7.906533268742310661e-02	3.470903113110460070e-02	8.648949063822175543e-02
1.453749949203412370e+03	2.153522456413703712e-01	1.427013774129416157e-01	2.751619238743627793e-01	1.663699840398570884e-01	7.910875388125201968e-02	3.474363717178653027e-02	8.656207797812696947e-02
1.456168834310240300e+03	2.151005645595916171e-01	1.425403115640126450e-01	2.753225220942122631e-01	1.664719257743484393e-01	7.915204799199480890e-02	3.477815625599974675e-02	8.663447175953792323e-02
1.458587719417068001e+03	2.148496360651718506e-01	1.423796643521018646e-01	2.754826545753481515e-01	1.665735686942536597e-01	7.919521539812185429e-02	3.481258850357616536e-02	8.670667241112389734e-02
1.461006604523895703e+03	2.145994579190056983e-01	1.422194346648884833e-01	2.756423228520191171e-01	1.666749136894430938e-01	7.923825647697796404e-02	3.484693403561348046e-02	8.677868036174966881e-02
1.463425489630723177e+03	2.143500278887121580e-01	1.420596213931555329e-01	2.758015284509978682e-01	1.667759616471383988e-01	7.928117160478580228e-02	3.488119297445021333e-02	8.685049604045758098e-02
1.465844374737550879e+03	2.141013437486132265e-01	1.419002234307795429e-01	2.759602728916440983e-01	1.668767134519204554e-01	7.932396115664919201e-02	3.491536544364122474e-02	8.692211987644984927e-02
1.468263259844378354e+03	2.138534032797125561e-01	1.417412396747204928e-01	2.761185576859661595e-01	1.669771699857373060e-01	7.936662550655647352e-02	3.494945156793348440e-02	8.699355229907110298e-02
1.470682144951206283e+03	2.136062042696743601e-01	1.415826690250114872e-01	2.762763843386822904e-01	1.670773321279121204e-01	7.940916502738382121e-02	3.498345147324227744e-02	8.706479373779123232e-02
1.473101030058033530e+03	2.133597445128022352e-01	1.414245103847487084e-01	2.764337543472810688e-01	1.671772007551509676e-01	7.945158009089856033e-02	3.501736528662770936e-02	8.713584462218834648e-02
1.475519915164861459e+03	2.131140218100180672e-01	1.412667626600815074e-01	2.765906692020811963e-01	1.672767767415507256e-01	7.949387106776249767e-02	3.505119313627156480e-02	8.720670538193213417e-02
1.477938800271689161e+03	2.128690339688411592e-01	1.411094247602021345e-01	2.767471303862904519e-01	1.673760609586068815e-01	7.953603832753522451e-02	3.508493515145453406e-02	8.727737644676730744e-02
1.480357685378516862e+03	2.126247788033673036e-01	1.409524955973360527e-01	2.769031393760645332e-01	1.674750542752213578e-01	7.957808223867736397e-02	3.511859146253371727e-02	8.734785824649742014e-02
1.482776570485344337e+03	2.123812541342480487e-01	1.407959740867319454e-01	2.770586976405642887e-01	1.675737575577102845e-01	7.962000316855391557e-02	3.515216220092052396e-02	8.741815121096881136e-02
