1.001418434226643626e+03	2.785170660293920242e-01	1.816112892189192807e-01	2.346624015674076691e-01	1.409153699718394548e-01	6.830205971222816363e-02	2.677983156098023496e-02	6.921198193892602601e-02
1.002869765290740247e+03	2.782524847452519934e-01	1.814534448556127666e-01	2.348354835733733326e-01	1.410216082479932853e-01	6.834714889026251294e-02	2.680906106796444865e-02	6.928076861923451735e-02
1.004321096354836754e+03	2.779883792154269062e-01	1.812958513936942240e-01	2.350082016575840704e-01	1.411276581735839142e-01	6.839215818647514933e-02	2.683828623803027197e-02	6.934946513489835540e-02
1.005772427418933376e+03	2.777247485725557463e-01	1.811385084076365115e-01	2.351805569441321464e-01	1.412335200850199091e-01	6.843708774541744366e-02	2.686750664839332101e-02	6.941807159653784476e-02
1.007223758483029997e+03	2.774615919509735296e-01	1.809814154727866498e-01	2.353525505528603068e-01	1.413391943181820098e-01	6.848193771129316987e-02	2.689672188217777718e-02	6.948658811141951441e-02
1.008675089547126618e+03	2.771989084867074182e-01	1.808245721653635452e-01	2.355241835993489019e-01	1.414446812084191318e-01	6.852670822796408379e-02	2.692593152832439829e-02	6.955501478356551637e-02
1.010126420611223239e+03	2.769366973174727242e-01	1.806679780624556308e-01	2.356954571949039234e-01	1.415499810905448963e-01	6.857139943895540490e-02	2.695513518150028168e-02	6.962335171386022092e-02
1.011577751675319632e+03	2.766749575826688012e-01	1.805116327420184519e-01	2.358663724465462630e-01	1.416550942988342721e-01	6.861601148746085399e-02	2.698433244201027537e-02	6.969159900015414744e-02
1.013029082739416367e+03	2.764136884233757141e-01	1.803555357828722228e-01	2.360369304570018589e-01	1.417600211670204113e-01	6.866054451634749645e-02	2.701352291571010311e-02	6.975975673736523053e-02
1.014480413803512761e+03	2.761528889823499089e-01	1.801996867646995237e-01	2.362071323246927868e-01	1.418647620282919852e-01	6.870499866816032197e-02	2.704270621392108193e-02	6.982782501757742177e-02
1.015931744867609382e+03	2.758925584040205492e-01	1.800440852680428583e-01	2.363769791437293488e-01	1.419693172152904359e-01	6.874937408512651893e-02	2.707188195334644595e-02	6.989580393013684889e-02
1.017383075931706003e+03	2.756326958344855749e-01	1.798887308743023217e-01	2.365464720039031910e-01	1.420736870601077007e-01	6.879367090915963767e-02	2.710104975598920732e-02	6.996369356174544918e-02
1.018834406995802851e+03	2.753733004215079272e-01	1.797336231657331307e-01	2.367156119906808909e-01	1.421778718942839081e-01	6.883788928186346245e-02	2.713020924907158515e-02	7.003149399655218821e-02
1.020285738059899245e+03	2.751143713145116632e-01	1.795787617254433199e-01	2.368844001851990455e-01	1.422818720488056299e-01	6.888202934453568904e-02	2.715936006495585711e-02	7.009920531624198869e-02
1.021737069123995752e+03	2.748559076645780697e-01	1.794241461373913549e-01	2.370528376642594692e-01	1.423856878541038540e-01	6.892609123817144967e-02	2.718850184106676171e-02	7.016682760012218911e-02
1.023188400188092373e+03	2.745979086244421663e-01	1.792697759863836893e-01	2.372209255003259742e-01	1.424893196400525142e-01	6.897007510346660208e-02	2.721763421981526071e-02	7.023436092520697616e-02
1.024639731252188767e+03	2.743403733484882645e-01	1.791156508580724616e-01	2.373886647615213175e-01	1.425927677359668799e-01	6.901398108082099081e-02	2.724675684852373436e-02	7.030180536629947186e-02
1.026091062316285615e+03	2.740833009927469144e-01	1.789617703389531633e-01	2.375560565116250911e-01	1.426960324706023908e-01	6.905780931034130599e-02	2.727586937935255057e-02	7.036916099607172514e-02
1.027542393380382237e+03	2.738266907148905194e-01	1.788081340163621136e-01	2.377231018100725846e-01	1.427991141721533241e-01	6.910155993184403933e-02	2.730497146922796978e-02	7.043642788514259401e-02
1.028993724444478858e+03	2.735705416742298390e-01	1.786547414784741827e-01	2.378898017119540631e-01	1.429020131682519346e-01	6.914523308485817643e-02	2.733406277977136825e-02	7.050360610215361534e-02
1.030445055508575479e+03	2.733148530317101588e-01	1.785015923143004335e-01	2.380561572680149618e-01	1.430047297859673994e-01	6.918882890862773638e-02	2.736314297722974506e-02	7.057069571384284867e-02
1.031896386572671872e+03	2.730596239499074041e-01	1.783486861136856783e-01	2.382221695246565518e-01	1.431072643518050136e-01	6.923234754211431141e-02	2.739221173240751275e-02	7.063769678511681860e-02
1.033347717636768493e+03	2.728048535930245877e-01	1.781960224673062587e-01	2.383878395239375225e-01	1.432096171917056349e-01	6.927578912399932898e-02	2.742126872059950232e-02	7.070460937912051436e-02
1.034799048700865114e+03	2.725505411268878686e-01	1.780436009666676034e-01	2.385531683035758965e-01	1.433117886310449340e-01	6.931915379268635546e-02	2.745031362152517904e-02	7.077143355730554364e-02
1.036250379764961508e+03	2.722966857189428880e-01	1.778914212041018128e-01	2.387181568969518886e-01	1.434137789946330899e-01	6.936244168630317786e-02	2.747934611926406215e-02	7.083816937949646841e-02
1.037701710829058356e+03	2.720432865382510501e-01	1.777394827727654392e-01	2.388828063331110696e-01	1.435155886067142339e-01	6.940565294270384378e-02	2.750836590219228953e-02	7.090481690395546155e-02
1.039153041893154750e+03	2.717903427554858586e-01	1.775877852666370715e-01	2.390471176367683359e-01	1.436172177909662007e-01	6.944878769947056274e-02	2.753737266292033067e-02	7.097137618744506216e-02
1.040604372957251599e+03	2.715378535429288087e-01	1.774363282805150321e-01	2.392110918283123222e-01	1.437186668705004167e-01	6.949184609391567680e-02	2.756636609823179956e-02	7.103784728528943215e-02
1.042055704021347992e+03	2.712858180744662784e-01	1.772851114100149061e-01	2.393747299238102588e-01	1.438199361678615951e-01	6.953482826308328424e-02	2.759534590902337076e-02	7.110423025143385034e-02
1.043507035085444613e+03	2.710342355255853097e-01	1.771341342515674322e-01	2.395380329350136894e-01	1.439210260050276524e-01	6.957773434375104371e-02	2.762431180024576757e-02	7.117052513850263828e-02
1.044958366149541234e+03	2.707831050733702227e-01	1.769833964024160322e-01	2.397010018693642996e-01	1.440219367034098474e-01	6.962056447243175628e-02	2.765326348084578070e-02	7.123673199785555965e-02
1.046409697213637855e+03	2.705324258964988959e-01	1.768328974606144521e-01	2.398636377300005784e-01	1.441226685838528088e-01	6.966331878537489197e-02	2.768220066370933458e-02	7.130285087964259583e-02
1.047861028277734476e+03	2.702821971752389363e-01	1.766826370250245970e-01	2.400259415157646181e-01	1.442232219666344795e-01	6.970599741856811637e-02	2.771112306560553559e-02	7.136888183285734766e-02
1.049312359341831097e+03	2.700324180914440153e-01	1.765326146953140884e-01	2.401879142212098306e-01	1.443235971714664778e-01	6.974860050773870612e-02	2.774003040713171261e-02	7.143482490538888285e-02
1.050763690405927491e+03	2.697830878285503720e-01	1.763828300719539610e-01	2.403495568366085799e-01	1.444237945174942361e-01	6.979112818835490895e-02	2.776892241265944972e-02	7.150068014407222339e-02
1.052215021470024112e+03	2.695342055715731489e-01	1.762332827562164694e-01	2.405108703479607035e-01	1.445238143232973060e-01	6.983358059562726206e-02	2.779779881028150712e-02	7.156644759473740347e-02
1.053666352534120733e+03	2.692857705071025620e-01	1.760839723501726184e-01	2.406718557370020883e-01	1.446236569068897193e-01	6.987595786450986890e-02	2.782665933175971704e-02	7.163212730225725078e-02
1.055117683598217127e+03	2.690377818233004592e-01	1.759348984566900809e-01	2.408325139812139692e-01	1.447233225857202377e-01	6.991826012970162041e-02	2.785550371247375728e-02	7.169771931059369663e-02
1.056569014662313975e+03	2.687902387098966561e-01	1.757860606794307556e-01	2.409928460538324213e-01	1.448228116766728246e-01	6.996048752564736073e-02	2.788433169137083389e-02	7.176322366284300369e-02
1.058020345726410369e+03	2.685431403581851617e-01	1.756374586228485746e-01	2.411528529238582685e-01	1.449221244960671173e-01	7.000264018653899745e-02	2.791314301091621722e-02	7.182864040127956429e-02
1.059471676790506763e+03	2.682964859610207919e-01	1.754890918921871157e-01	2.413125355560673257e-01	1.450212613596588707e-01	7.004471824631661181e-02	2.794193741704464190e-02	7.189396956739853295e-02
1.060923007854603611e+03	2.680502747128153951e-01	1.753409600934774937e-01	2.414718949110211399e-01	1.451202225826405123e-01	7.008672183866949956e-02	2.797071465911252913e-02	7.195921120195729326e-02
1.062374338918700232e+03	2.678045058095345765e-01	1.751930628335359730e-01	2.416309319450778148e-01	1.452190084796415870e-01	7.012865109703719790e-02	2.799947448985104850e-02	7.202436534501571730e-02
1.063825669982796853e+03	2.675591784486935909e-01	1.750453997199617473e-01	2.417896476104034464e-01	1.453176193647294223e-01	7.017050615461045693e-02	2.802821666531996395e-02	7.208943203597527327e-02
1.065277001046893474e+03	2.673142918293542891e-01	1.748979703611347747e-01	2.419480428549836137e-01	1.454160555514097952e-01	7.021228714433218332e-02	2.805694094486227072e-02	7.215441131361706451e-02
1.066728332110990095e+03	2.670698451521212324e-01	1.747507743662133350e-01	2.421061186226353690e-01	1.455143173526273204e-01	7.025399419889839792e-02	2.808564709105961302e-02	7.221930321613874437e-02
1.068179663175086489e+03	2.668258376191382508e-01	1.746038113451320595e-01	2.422638758530194503e-01	1.456124050807663939e-01	7.029562745075906838e-02	2.811433486968844403e-02	7.228410778119043201e-02
1.069630994239183110e+03	2.665822684340848903e-01	1.744570809085994323e-01	2.424213154816526883e-01	1.457103190476516652e-01	7.033718703211901124e-02	2.814300404967691807e-02	7.234882504590946228e-02
1.071082325303279504e+03	2.663391368021729710e-01	1.743105826680958204e-01	2.425784384399208293e-01	1.458080595645488420e-01	7.037867307493872460e-02	2.817165440306253904e-02	7.241345504695433088e-02
1.072533656367376352e+03	2.660964419301429795e-01	1.741643162358710584e-01	2.427352456550915527e-01	1.459056269421653285e-01	7.042008571093522074e-02	2.820028570495050277e-02	7.247799782053745976e-02
1.073984987431472746e+03	2.658541830262603489e-01	1.740182812249423117e-01	2.428917380503276824e-01	1.460030214906511137e-01	7.046142507158276169e-02	2.822889773347271244e-02	7.254245340245712992e-02
1.075436318495569594e+03	2.656123593003124617e-01	1.738724772490919390e-01	2.430479165447007872e-01	1.461002435195992710e-01	7.050269128811369190e-02	2.825749026974751568e-02	7.260682182812841501e-02
1.076887649559666215e+03	2.653709699636046526e-01	1.737269039228652168e-01	2.432037820532048089e-01	1.461972933380469852e-01	7.054388449151915985e-02	2.828606309784010078e-02	7.267110313261321286e-02
1.078338980623762609e+03	2.651300142289568784e-01	1.735815608615681183e-01	2.433593354867701064e-01	1.462941712544761907e-01	7.058500481254988135e-02	2.831461600472352444e-02	7.273529735064943047e-02
1.079790311687859230e+03	2.648894913107004978e-01	1.734364476812652323e-01	2.435145777522775834e-01	1.463908775768143766e-01	7.062605238171680566e-02	2.834314878024041598e-02	7.279940451667925305e-02
1.081241642751955851e+03	2.646494004246743859e-01	1.732915639987775147e-01	2.436695097525730658e-01	1.464874126124355025e-01	7.066702732929186492e-02	2.837166121706529570e-02	7.286342466487655267e-02
1.082692973816052472e+03	2.644097407882217698e-01	1.731469094316801516e-01	2.438241323864818733e-01	1.465837766681606924e-01	7.070792978530859862e-02	2.840015311066751078e-02	7.292735782917354748e-02
1.084144304880149093e+03	2.641705116201867320e-01	1.730024835983003939e-01	2.439784465488236409e-01	1.466799700502592341e-01	7.074875987956287526e-02	2.842862425927477829e-02	7.299120404328660050e-02
1.085595635944245487e+03	2.639317121409105460e-01	1.728582861177154484e-01	2.441324531304270851e-01	1.467759930644491617e-01	7.078951774161350297e-02	2.845707446383732853e-02	7.305496334074115805e-02
1.087046967008342108e+03	2.636933415722285678e-01	1.727143166097502291e-01	2.442861530181452967e-01	1.468718460158984218e-01	7.083020350078292338e-02	2.848550352799263455e-02	7.311863575489613298e-02
1.088498298072438729e+03	2.634553991374666837e-01	1.725705746949753039e-01	2.444395470948709514e-01	1.469675292092255670e-01	7.087081728615776677e-02	2.851391125803068652e-02	7.318222131896727489e-02
1.089949629136535123e+03	2.632178840614378124e-01	1.724270599947047011e-01	2.445926362395515752e-01	1.470630429485006718e-01	7.091135922658951818e-02	2.854229746285986621e-02	7.324572006605005459e-02
1.091400960200631971e+03	2.629807955704387412e-01	1.722837721309938563e-01	2.447454213272053647e-01	1.471583875372461381e-01	7.095182945069511415e-02	2.857066195397332808e-02	7.330913202914170201e-02
1.092852291264728365e+03	2.627441328922463515e-01	1.721407107266374470e-01	2.448979032289367863e-01	1.472535632784376936e-01	7.099222808685749786e-02	2.859900454541597359e-02	7.337245724116252255e-02
1.094303622328825213e+03	2.625078952561145651e-01	1.719978754051673664e-01	2.450500828119523689e-01	1.473485704745052804e-01	7.103255526322624358e-02	2.862732505375188349e-02	7.343569573497665814e-02
1.095754953392921607e+03	2.622720818927708475e-01	1.718552657908503922e-01	2.452019609395766908e-01	1.474434094273339158e-01	7.107281110771812571e-02	2.865562329803233652e-02	7.349884754341208526e-02
1.097206284457018228e+03	2.620366920344128769e-01	1.717128815086863547e-01	2.453535384712685896e-01	1.475380804382645794e-01	7.111299574801764611e-02	2.868389909976428939e-02	7.356191269928005760e-02
1.098657615521114849e+03	2.618017249147051584e-01	1.715707221844059438e-01	2.455048162626372321e-01	1.476325838080952135e-01	7.115310931157760310e-02	2.871215228287937390e-02	7.362489123539384117e-02
1.100108946585211470e+03	2.615671797687756928e-01	1.714287874444686832e-01	2.456557951654584626e-01	1.477269198370815551e-01	7.119315192561968819e-02	2.874038267370338309e-02	7.368778318458686638e-02
1.101560277649308091e+03	2.613330558332127018e-01	1.712870769160606821e-01	2.458064760276912897e-01	1.478210888249381350e-01	7.123312371713495794e-02	2.876859010092624666e-02	7.375058857973029736e-02
1.103011608713404712e+03	2.610993523460611865e-01	1.711455902270928586e-01	2.459568596934942619e-01	1.479150910708391387e-01	7.127302481288438907e-02	2.879677439557243659e-02	7.381330745375007385e-02
1.104462939777501106e+03	2.608660685468196516e-01	1.710043270061985532e-01	2.461069470032422324e-01	1.480089268734193775e-01	7.131285533939940580e-02	2.882493539097187932e-02	7.387593983964323152e-02
1.105914270841597499e+03	2.606332036764369420e-01	1.708632868827317519e-01	2.462567387935429009e-01	1.481025965307752323e-01	7.135261542298239335e-02	2.885307292273130847e-02	7.393848577049386139e-02
1.107365601905694348e+03	2.604007569773085784e-01	1.707224694867649217e-01	2.464062358972537170e-01	1.481961003404655974e-01	7.139230518970719752e-02	2.888118682870604789e-02	7.400094527948834766e-02
1.108816932969790741e+03	2.601687276932738713e-01	1.705818744490870398e-01	2.465554391434986448e-01	1.482894385995127129e-01	7.143192476541966596e-02	2.890927694897223871e-02	7.406331839993028632e-02
1.110268264033887590e+03	2.599371150696124788e-01	1.704415014012014284e-01	2.467043493576849822e-01	1.483826116044032750e-01	7.147147427573811995e-02	2.893734312579948967e-02	7.412560516525468213e-02
1.111719595097984211e+03	2.597059183530411319e-01	1.703013499753239235e-01	2.468529673615205144e-01	1.484756196510892967e-01	7.151095384605382632e-02	2.896538520362395425e-02	7.418780560904181254e-02
1.113170926162080832e+03	2.594751367917104701e-01	1.701614198043807091e-01	2.470012939730304169e-01	1.485684630349889956e-01	7.155036360153153863e-02	2.899340302902182753e-02	7.424991976503049484e-02
1.114622257226177226e+03	2.592447696352015996e-01	1.700217105220064306e-01	2.471493300065744081e-01	1.486611420509879045e-01	7.158970366710995514e-02	2.902139645068321089e-02	7.431194766713095090e-02
1.116073588290273847e+03	2.590148161345229849e-01	1.698822217625421682e-01	2.472970762728639305e-01	1.487536569934396480e-01	7.162897416750214907e-02	2.904936531938642069e-02	7.437388934943721386e-02
1.117524919354370468e+03	2.587852755421071738e-01	1.697429531610333830e-01	2.474445335789791922e-01	1.488460081561669979e-01	7.166817522719615141e-02	2.907730948797263709e-02	7.443574484623903531e-02
1.118976250418467089e+03	2.585561471118077437e-01	1.696039043532279189e-01	2.475917027283864313e-01	1.489381958324627886e-01	7.170730697045532565e-02	2.910522881132098644e-02	7.449751419203337610e-02
1.120427581482563710e+03	2.583274300988956940e-01	1.694650749755742813e-01	2.477385845209553183e-01	1.490302203150909166e-01	7.174636952131889511e-02	2.913312314632394637e-02	7.455919742153550855e-02
1.121878912546660331e+03	2.580991237600567811e-01	1.693264646652193062e-01	2.478851797529760814e-01	1.491220818962872563e-01	7.178536300360231770e-02	2.916099235186315336e-02	7.462079456968964686e-02
1.123330243610756725e+03	2.578712273533879662e-01	1.691880730600064664e-01	2.480314892171768537e-01	1.492137808677606037e-01	7.182428754089788259e-02	2.918883628878555375e-02	7.468230567167921663e-02
1.124781574674853118e+03	2.576437401383941395e-01	1.690498997984738738e-01	2.481775137027411593e-01	1.493053175206936201e-01	7.186314325657505719e-02	2.921665481987992946e-02	7.474373076293670815e-02
1.126232905738949967e+03	2.574166613759854005e-01	1.689119445198521974e-01	2.483232539953251217e-01	1.493966921457438868e-01	7.190193027378100066e-02	2.924444780985373596e-02	7.480506987915316874e-02
1.127684236803046360e+03	2.571899903284733946e-01	1.687742068640629978e-01	2.484687108770749220e-01	1.494879050330447656e-01	7.194064871544091078e-02	2.927221512531031494e-02	7.486632305628727890e-02
1.129135567867143209e+03	2.569637262595684257e-01	1.686366864717165071e-01	2.486138851266441741e-01	1.495789564722063147e-01	7.197929870425860688e-02	2.929995663472642967e-02	7.492749033057413688e-02
1.130586898931239830e+03	2.567378684343763484e-01	1.684993829841098523e-01	2.487587775192113548e-01	1.496698467523164544e-01	7.201788036271687676e-02	2.932767220843011599e-02	7.498857173853362701e-02
1.132038229995336451e+03	2.565124161193952923e-01	1.683622960432251681e-01	2.489033888264972627e-01	1.497605761619416054e-01	7.205639381307797631e-02	2.935536171857888385e-02	7.504956731697842720e-02
1.133489561059432845e+03	2.562873685825126091e-01	1.682254252917277093e-01	2.490477198167823925e-01	1.498511449891279379e-01	7.209483917738401804e-02	2.938302503913821015e-02	7.511047710302178049e-02
1.134940892123529466e+03	2.560627250930017640e-01	1.680887703729638805e-01	2.491917712549243380e-01	1.499415535214021766e-01	7.213321657745741522e-02	2.941066204586034738e-02	7.517130113408485026e-02
1.136392223187626087e+03	2.558384849215190604e-01	1.679523309309593204e-01	2.493355439023753062e-01	1.500318020457725166e-01	7.217152613490133983e-02	2.943827261626345490e-02	7.523203944790378406e-02
1.137843554251722708e+03	2.556146473401008645e-01	1.678161066104170984e-01	2.494790385171994085e-01	1.501218908487297887e-01	7.220976797110015277e-02	2.946585662961101124e-02	7.529269208253645818e-02
1.139294885315819101e+03	2.553912116221603856e-01	1.676800970567158544e-01	2.496222558540901748e-01	1.502118202162481264e-01	7.224794220721980631e-02	2.949341396689152822e-02	7.535325907636895859e-02
1.140746216379915950e+03	2.551681770424843454e-01	1.675443019159079117e-01	2.497651966643879562e-01	1.503015904337861031e-01	7.228604896420826043e-02	2.952094451079855311e-02	7.541374046812172882e-02
1.142197547444012343e+03	2.549455428772302024e-01	1.674087208347173894e-01	2.499078616960972166e-01	1.503912017862876760e-01	7.232408836279594078e-02	2.954844814571095865e-02	7.547413629685542635e-02
1.143648878508108737e+03	2.547233084039231543e-01	1.672733534605383432e-01	2.500502516939040465e-01	1.504806545581830468e-01	7.236206052349612727e-02	2.957592475767350376e-02	7.553444660197657090e-02
1.145100209572205586e+03	2.545014729014528077e-01	1.671381994414330163e-01	2.501923673991934272e-01	1.505699490333896606e-01	7.239996556660542593e-02	2.960337423437767526e-02	7.559467142324284572e-02
1.146551540636302207e+03	2.542800356500701797e-01	1.670032584261298969e-01	2.503342095500665776e-01	1.506590854953132330e-01	7.243780361220411579e-02	2.963079646514279325e-02	7.565481080076812137e-02
1.148002871700398828e+03	2.540589959313848678e-01	1.668685300640219138e-01	2.504757788813582464e-01	1.507480642268485271e-01	7.247557478015662080e-02	2.965819134089739753e-02	7.571486477502734069e-02
1.149454202764495449e+03	2.538383530283618850e-01	1.667340140051647157e-01	2.506170761246540590e-01	1.508368855103804362e-01	7.251327919011187062e-02	2.968555875416086301e-02	7.577483338686102909e-02
1.150905533828591842e+03	2.536181062253188290e-01	1.665997099002747006e-01	2.507581020083077816e-01	1.509255496277848718e-01	7.255091696150378633e-02	2.971289859902530653e-02	7.583471667747967992e-02
1.152356864892688463e+03	2.533982548079224406e-01	1.664656174007273504e-01	2.508988572574584186e-01	1.510140568604297073e-01	7.258848821355159964e-02	2.974021077113770187e-02	7.589451468846775128e-02
1.153808195956785084e+03	2.531787980631859947e-01	1.663317361585553711e-01	2.510393425940475876e-01	1.511024074891757774e-01	7.262599306526033860e-02	2.976749516768228618e-02	7.595422746178756568e-02
1.155259527020881706e+03	2.529597352794663578e-01	1.661980658264468891e-01	2.511795587368366167e-01	1.511906017943776825e-01	7.266343163542121619e-02	2.979475168736318152e-02	7.601385503978297375e-02
1.156710858084978327e+03	2.527410657464607135e-01	1.660646060577436467e-01	2.513195064014236424e-01	1.512786400558849276e-01	7.270080404261200502e-02	2.982198023038724888e-02	7.607339746518272661e-02
1.158162189149074720e+03	2.525227887552036754e-01	1.659313565064393647e-01	2.514591863002608174e-01	1.513665225530426983e-01	7.273811040519745363e-02	2.984918069844719885e-02	7.613285478110370930e-02
1.159613520213171569e+03	2.523049035980645671e-01	1.657983168271778829e-01	2.515985991426711865e-01	1.514542495646928333e-01	7.277535084132971677e-02	2.987635299470491404e-02	7.619222703105391070e-02
1.161064851277267962e+03	2.520874095687442029e-01	1.656654866752513000e-01	2.517377456348657838e-01	1.515418213691747951e-01	7.281252546894871613e-02	2.990349702377501084e-02	7.625151425893528234e-02
1.162516182341364356e+03	2.518703059622720564e-01	1.655328657065983367e-01	2.518766264799606747e-01	1.516292382443265585e-01	7.284963440578255678e-02	2.993061269170859892e-02	7.631071650904633352e-02
1.163967513405461204e+03	2.516535920750033739e-01	1.654004535778026419e-01	2.520152423779938311e-01	1.517165004674855822e-01	7.288667776934797116e-02	2.995769990597729054e-02	7.636983382608450444e-02
1.165418844469557826e+03	2.514372672046159551e-01	1.652682499460909338e-01	2.521535940259420627e-01	1.518036083154897520e-01	7.292365567695061057e-02	2.998475857545740073e-02	7.642886625514848375e-02
1.166870175533654447e+03	2.512213306501078214e-01	1.651362544693313616e-01	2.522916821177377256e-01	1.518905620646782140e-01	7.296056824568557253e-02	3.001178861041435900e-02	7.648781384174022091e-02
1.168321506597751068e+03	2.510057817117936629e-01	1.650044668060316466e-01	2.524295073442855974e-01	1.519773619908924567e-01	7.299741559243767830e-02	3.003878992248735016e-02	7.654667663176685510e-02
1.169772837661847461e+03	2.507906196913023966e-01	1.648728866153376105e-01	2.525670703934796979e-01	1.520640083694770606e-01	7.303419783388191699e-02	3.006576242467412854e-02	7.660545467154240840e-02
1.171224168725944082e+03	2.505758438915741682e-01	1.647415135570311773e-01	2.527043719502198860e-01	1.521505014752807805e-01	7.307091508648387579e-02	3.009270603131605423e-02	7.666414800778935390e-02
1.172675499790040703e+03	2.503614536168573546e-01	1.646103472915289023e-01	2.528414126964282915e-01	1.522368415826573784e-01	7.310756746650003135e-02	3.011962065808332020e-02	7.672275668764010070e-02
1.174126830854137097e+03	2.501474481727056776e-01	1.644793874798801125e-01	2.529781933110664127e-01	1.523230289654665393e-01	7.314415508997827720e-02	3.014650622196035634e-02	7.678128075863810409e-02
1.175578161918233945e+03	2.499338268659754836e-01	1.643486337837653521e-01	2.531147144701511587e-01	1.524090638970748146e-01	7.318067807275817349e-02	3.017336264123145206e-02	7.683972026873908678e-02
1.177029492982330339e+03	2.497205890048229404e-01	1.642180858654946063e-01	2.532509768467715583e-01	1.524949466503565387e-01	7.321713653047139114e-02	3.020018983546655239e-02	7.689807526631196877e-02
1.178480824046426733e+03	2.495077338987009841e-01	1.640877433880056635e-01	2.533869811111050807e-01	1.525806774976947444e-01	7.325353057854215588e-02	3.022698772550723098e-02	7.695634580013965831e-02
1.179932155110523581e+03	2.492952608583566265e-01	1.639576060148624503e-01	2.535227279304341219e-01	1.526662567109821345e-01	7.328986033218752583e-02	3.025375623345285050e-02	7.701453191941980136e-02
1.181383486174620202e+03	2.490831691958281247e-01	1.638276734102533938e-01	2.536582179691621031e-01	1.527516845616218311e-01	7.332612590641789108e-02	3.028049528264690690e-02	7.707263367376528118e-02
1.182834817238716823e+03	2.488714582244420659e-01	1.636979452389897560e-01	2.537934518888297908e-01	1.528369613205284583e-01	7.336232741603723739e-02	3.030720479766354017e-02	7.713065111320462075e-02
1.184286148302813444e+03	2.486601272588106759e-01	1.635684211665039411e-01	2.539284303481317284e-01	1.529220872581289747e-01	7.339846497564363192e-02	3.033388470429421169e-02	7.718858428818239914e-02
1.185737479366910065e+03	2.484491756148288488e-01	1.634391008588478578e-01	2.540631540029317792e-01	1.530070626443635895e-01	7.343453869962954239e-02	3.036053492953456542e-02	7.724643324955932089e-02
1.187188810431006686e+03	2.482386026096716491e-01	1.633099839826914479e-01	2.541976235062797240e-01	1.530918877486866503e-01	7.347054870218225342e-02	3.038715540157144873e-02	7.730419804861232702e-02
1.188640141495103080e+03	2.480284075617912032e-01	1.631810702053207995e-01	2.543318395084270822e-01	1.531765628400675316e-01	7.350649509728419961e-02	3.041374604977008927e-02	7.736187873703453954e-02
1.190091472559199701e+03	2.478185897909141455e-01	1.630523591946368145e-01	2.544658026568428766e-01	1.532610881869916342e-01	7.354237799871343739e-02	3.044030680466145930e-02	7.741947536693516430e-02
1.191542803623296322e+03	2.476091486180387324e-01	1.629238506191532654e-01	2.545995135962296763e-01	1.533454640574611616e-01	7.357819752004389480e-02	3.046683759792975441e-02	7.747698799083910237e-02
1.192994134687392716e+03	2.474000833654321219e-01	1.627955441479955745e-01	2.547329729685391952e-01	1.534296907189961201e-01	7.361395377464581558e-02	3.049333836240007006e-02	7.753441666168674196e-02
1.194445465751489564e+03	2.471913933566276256e-01	1.626674394508988986e-01	2.548661814129882242e-01	1.535137684386350954e-01	7.364964687568617552e-02	3.051980903202620998e-02	7.759176143283337546e-02
1.195896796815585958e+03	2.469830779164220169e-01	1.625395361982066578e-01	2.549991395660743398e-01	1.535976974829363073e-01	7.368527693612900165e-02	3.054624954187865060e-02	7.764902235804868602e-02
1.197348127879682352e+03	2.467751363708726720e-01	1.624118340608690092e-01	2.551318480615911710e-01	1.536814781179783318e-01	7.372084406873574691e-02	3.057265982813265476e-02	7.770619949151609529e-02
1.198799458943779200e+03	2.465675680472949882e-01	1.622843327104411537e-01	2.552643075306442189e-01	1.537651106093611275e-01	7.375634838606569266e-02	3.059903982805652414e-02	7.776329288783201399e-02
1.200250790007875821e+03	2.463603722742595536e-01	1.621570318190818927e-01	2.553965186016661781e-01	1.538485952222068687e-01	7.379179000047626780e-02	3.062538948000001135e-02	7.782030260200503702e-02
1.201702121071972442e+03	2.461535483815894543e-01	1.620299310595519071e-01	2.555284819004322583e-01	1.539319322211608332e-01	7.382716902412352067e-02	3.065170872338285682e-02	7.787722868945499977e-02
1.203153452136069063e+03	2.459470957003576930e-01	1.619030301052123977e-01	2.556601980500756155e-01	1.540151218703922631e-01	7.386248556896235495e-02	3.067799749868348538e-02	7.793407120601199278e-02
1.204604783200165684e+03	2.457410135628843306e-01	1.617763286300233638e-01	2.557916676711027293e-01	1.540981644335952805e-01	7.389773974674701540e-02	3.070425574742780689e-02	7.799083020791527932e-02
1.206056114264262078e+03	2.455353013027339049e-01	1.616498263085420772e-01	2.559228913814081685e-01	1.541810601739897757e-01	7.393293166903142088e-02	3.073048341217819029e-02	7.804750575181219896e-02
1.207507445328358699e+03	2.453299582547126823e-01	1.615235228159217218e-01	2.560538697962901900e-01	1.542638093543222955e-01	7.396806144716948361e-02	3.075668043652254532e-02	7.810409789475684927e-02
1.208958776392455093e+03	2.451249837548661326e-01	1.613974178279095617e-01	2.561846035284652823e-01	1.543464122368668479e-01	7.400312919231555320e-02	3.078284676506354289e-02	7.816060669420889229e-02
1.210410107456551941e+03	2.449203771404760144e-01	1.612715110208457203e-01	2.563150931880834316e-01	1.544288690834259015e-01	7.403813501542473585e-02	3.080898234340796391e-02	7.821703220803212508e-02
1.211861438520648335e+03	2.447161377500580159e-01	1.611458020716614314e-01	2.564453393827428318e-01	1.545111801553311348e-01	7.407307902725324134e-02	3.083508711815617295e-02	7.827337449449305040e-02
1.213312769584745183e+03	2.445122649233588963e-01	1.610202906578777071e-01	2.565753427175049284e-01	1.545933457134443800e-01	7.410796133835884092e-02	3.086116103689172038e-02	7.832963361225943333e-02
1.214764100648841804e+03	2.443087580013539317e-01	1.608949764576036445e-01	2.567051037949089620e-01	1.546753660181584555e-01	7.414278205910110331e-02	3.088720404817107967e-02	7.838580962039869149e-02
1.216215431712937971e+03	2.441056163262443068e-01	1.607698591495351215e-01	2.568346232149866792e-01	1.547572413293981097e-01	7.417754129964186649e-02	3.091321610151346461e-02	7.844190257837632685e-02
1.217666762777034819e+03	2.439028392414544499e-01	1.606449384129531865e-01	2.569639015752768763e-01	1.548389719066208259e-01	7.421223916994551528e-02	3.093919714739081991e-02	7.849791254605421875e-02
1.219118093841131440e+03	2.437004260916294518e-01	1.605202139277225881e-01	2.570929394708399429e-01	1.549205580088176826e-01	7.424687577977941155e-02	3.096514713721788825e-02	7.855383958368894470e-02
1.220569424905228061e+03	2.434983762226324011e-01	1.603956853742902755e-01	2.572217374942724621e-01	1.550019998945142419e-01	7.428145123871424116e-02	3.099106602334241595e-02	7.860968375192992075e-02
1.222020755969324682e+03	2.432966889815418587e-01	1.602713524336839834e-01	2.573502962357213097e-01	1.550832978217713543e-01	7.431596565612433314e-02	3.101695375903545243e-02	7.866544511181765287e-02
1.223472087033421303e+03	2.430953637166492487e-01	1.601472147875107055e-01	2.574786162828981428e-01	1.551644520481861578e-01	7.435041914118804829e-02	3.104281029848179885e-02	7.872112372478180797e-02
1.224923418097517697e+03	2.428943997774563046e-01	1.600232721179553064e-01	2.576066982210936662e-01	1.552454628308927997e-01	7.438481180288813999e-02	3.106863559677050871e-02	7.877671965263931264e-02
1.226374749161614318e+03	2.426937965146723497e-01	1.598995241077789398e-01	2.577345426331913991e-01	1.553263304265633526e-01	7.441914375001212889e-02	3.109442960988556201e-02	7.883223295759235472e-02
1.227826080225710712e+03	2.424935532802119653e-01	1.597759704403177994e-01	2.578621500996821081e-01	1.554070550914086191e-01	7.445341509115260825e-02	3.112019229469660184e-02	7.888766370222639879e-02
1.229277411289807560e+03	2.422936694271922153e-01	1.596526107994814259e-01	2.579895211986777959e-01	1.554876370811791031e-01	7.448762593470764637e-02	3.114592360894979234e-02	7.894301194950810452e-02
1.230728742353903954e+03	2.420941443099302592e-01	1.595294448697514578e-01	2.581166565059255236e-01	1.555680766511657043e-01	7.452177638888111966e-02	3.117162351125878084e-02	7.899827776278323110e-02
1.232180073418000802e+03	2.418949772839407153e-01	1.594064723361801328e-01	2.582435565948212330e-01	1.556483740562007168e-01	7.455586656168308735e-02	3.119729196109576747e-02	7.905346120577451396e-02
1.233631404482097196e+03	2.416961677059331348e-01	1.592836928843888722e-01	2.583702220364234581e-01	1.557285295506585232e-01	7.458989656093013842e-02	3.122292891878266502e-02	7.910856234257947206e-02
1.235082735546193817e+03	2.414977149338094209e-01	1.591611062005668376e-01	2.584966533994671467e-01	1.558085433884565940e-01	7.462386649424569696e-02	3.124853434548235942e-02	7.916358123766822907e-02
1.236534066610290438e+03	2.412996183266615247e-01	1.590387119714695430e-01	2.586228512503772059e-01	1.558884158230562644e-01	7.465777646906048004e-02	3.127410820319008466e-02	7.921851795588120970e-02
1.237985397674387059e+03	2.411018772447686975e-01	1.589165098844174395e-01	2.587488161532821573e-01	1.559681471074635395e-01	7.469162659261273374e-02	3.129965045472487412e-02	7.927337256242693309e-02
1.239436728738483680e+03	2.409044910495950209e-01	1.587944996272945553e-01	2.588745486700274046e-01	1.560477374942299822e-01	7.472541697194867716e-02	3.132516106372112280e-02	7.932814512287966746e-02
1.240888059802580301e+03	2.407074591037869915e-01	1.586726808885469964e-01	2.590000493601887777e-01	1.561271872354535462e-01	7.475914771392278002e-02	3.135063999462022605e-02	7.938283570317709870e-02
1.242339390866676695e+03	2.405107807711710510e-01	1.585510533571816427e-01	2.591253187810858560e-01	1.562064965827793805e-01	7.479281892519817898e-02	3.137608721266233608e-02	7.943744436961798494e-02
1.243790721930773088e+03	2.403144554167509772e-01	1.584296167227647323e-01	2.592503574877950689e-01	1.562856657874007738e-01	7.482643071224695519e-02	3.140150268387819493e-02	7.949197118885974189e-02
1.245242052994869937e+03	2.401184824067054968e-01	1.583083706754205289e-01	2.593751660331630182e-01	1.563646951000598195e-01	7.485998318135056451e-02	3.142688637508105065e-02	7.954641622791602806e-02
1.246693384058966330e+03	2.399228611083857876e-01	1.581873149058298234e-01	2.594997449678194679e-01	1.564435847710484162e-01	7.489347643860011505e-02	3.145223825385868449e-02	7.960077955415428841e-02
1.248144715123063179e+03	2.397275908903130082e-01	1.580664491052287401e-01	2.596240948401902782e-01	1.565223350502089605e-01	7.492691058989674191e-02	3.147755828856548671e-02	7.965506123529336735e-02
1.249596046187159800e+03	2.395326711221758831e-01	1.579457729654072384e-01	2.597482161965106728e-01	1.566009461869352637e-01	7.496028574095195407e-02	3.150284644831467806e-02	7.970926133940092750e-02
1.251047377251256421e+03	2.393381011748282605e-01	1.578252861787078354e-01	2.598721095808376735e-01	1.566794184301733839e-01	7.499360199728798138e-02	3.152810270297055212e-02	7.976337993489097944e-02
1.252498708315352815e+03	2.391438804202865587e-01	1.577049884380241906e-01	2.599957755350633115e-01	1.567577520284222925e-01	7.502685946423812147e-02	3.155332702314085636e-02	7.981741709052139755e-02
1.253950039379449436e+03	2.389500082317274621e-01	1.575848794367997741e-01	2.601192145989269511e-01	1.568359472297349844e-01	7.506005824694708672e-02	3.157851938016922877e-02	7.987137287539128327e-02
1.255401370443546057e+03	2.387564839834854513e-01	1.574649588690265889e-01	2.602424273100281682e-01	1.569140042817190606e-01	7.509319845037132346e-02	3.160367974612769693e-02	7.992524735893850873e-02
1.256852701507642678e+03	2.385633070510503606e-01	1.573452264292437841e-01	2.603654142038392960e-01	1.569919234315376722e-01	7.512628017927934498e-02	3.162880809380930192e-02	7.997904061093707995e-02
1.258304032571739299e+03	2.383704768110650185e-01	1.572256818125363498e-01	2.604881758137178038e-01	1.570697049259102140e-01	7.515930353825216181e-02	3.165390439672079170e-02	8.003275270149451392e-02
1.259755363635835920e+03	2.381779926413228332e-01	1.571063247145337849e-01	2.606107126709188426e-01	1.571473490111132687e-01	7.519226863168353148e-02	3.167896862907534916e-02	8.008638370104931292e-02
1.261206694699932314e+03	2.379858539207652945e-01	1.569871548314086818e-01	2.607330253046075685e-01	1.572248559329814110e-01	7.522517556378030545e-02	3.170400076578544502e-02	8.013993368036824438e-02
1.262658025764028707e+03	2.377940600294796702e-01	1.568681718598756158e-01	2.608551142418712443e-01	1.573022259369079578e-01	7.525802443856281776e-02	3.172900078245576710e-02	8.019340271054381519e-02
1.264109356828125556e+03	2.376026103486966468e-01	1.567493754971896747e-01	2.609769800077317847e-01	1.573794592678458282e-01	7.529081535986521800e-02	3.175396865537619823e-02	8.024679086299155162e-02
1.265560687892221949e+03	2.374115042607879145e-01	1.566307654411452366e-01	2.610986231251574696e-01	1.574565561703083205e-01	7.532354843133573508e-02	3.177890436151487724e-02	8.030009820944733478e-02
1.267012018956318798e+03	2.372207411492637807e-01	1.565123413900746385e-01	2.612200441150752117e-01	1.575335168883699455e-01	7.535622375643712123e-02	3.180380787851133650e-02	8.035332482196481940e-02
1.268463350020415419e+03	2.370303203987708662e-01	1.563941030428468715e-01	2.613412434963826025e-01	1.576103416656672029e-01	7.538884143844692964e-02	3.182867918466972257e-02	8.040647077291265821e-02
1.269914681084511813e+03	2.368402413950896068e-01	1.562760500988663315e-01	2.614622217859596809e-01	1.576870307453994424e-01	7.542140158045783360e-02	3.185351825895205158e-02	8.045953613497187906e-02
1.271366012148608434e+03	2.366505035251320888e-01	1.561581822580715428e-01	2.615829794986807566e-01	1.577635843703296403e-01	7.545390428537802896e-02	3.187832508097160344e-02	8.051252098113319267e-02
1.272817343212705055e+03	2.364611061769396061e-01	1.560404992209338537e-01	2.617035171474261790e-01	1.578400027827851493e-01	7.548634965593149782e-02	3.190309963098630908e-02	8.056542538469425863e-02
1.274268674276801676e+03	2.362720487396803570e-01	1.559230006884561315e-01	2.618238352430941052e-01	1.579162862246585863e-01	7.551873779465839709e-02	3.192784188989225558e-02	8.061824941925702093e-02
1.275720005340898297e+03	2.360833306036470292e-01	1.558056863621715971e-01	2.619439342946120464e-01	1.579924349374085824e-01	7.555106880391534996e-02	3.195255183921723308e-02	8.067099315872498788e-02
1.277171336404994690e+03	2.358949511602545790e-01	1.556885559441424649e-01	2.620638148089485253e-01	1.580684491620605869e-01	7.558334278587583444e-02	3.197722946111436482e-02	8.072365667730051209e-02
1.278622667469091539e+03	2.357069098020378728e-01	1.555716091369587495e-01	2.621834772911241784e-01	1.581443291392076733e-01	7.561555984253044704e-02	3.200187473835581359e-02	8.077624004948209813e-02
1.280073998533187932e+03	2.355192059226493828e-01	1.554548456437370163e-01	2.623029222442236907e-01	1.582200751090112878e-01	7.564772007568729140e-02	3.202648765432651590e-02	8.082874335006164090e-02
1.281525329597284326e+03	2.353318389168569114e-01	1.553382651681190774e-01	2.624221501694067316e-01	1.582956873112021656e-01	7.567982358697225576e-02	3.205106819301800636e-02	8.088116665412173334e-02
1.282976660661381175e+03	2.351448081805411761e-01	1.552218674142708532e-01	2.625411615659193343e-01	1.583711659850809417e-01	7.571187047782942936e-02	3.207561633902230452e-02	8.093351003703293245e-02
1.284427991725477568e+03	2.349581131106937004e-01	1.551056520868809574e-01	2.626599569311050542e-01	1.584465113695190941e-01	7.574386084952133835e-02	3.210013207752587111e-02	8.098577357445105318e-02
1.285879322789574417e+03	2.347717531054143436e-01	1.549896188911596973e-01	2.627785367604160149e-01	1.585217237029596660e-01	7.577579480312932048e-02	3.212461539430360585e-02	8.103795734231442061e-02
1.287330653853671038e+03	2.345857275639091910e-01	1.548737675328376584e-01	2.628969015474242332e-01	1.585968032234180425e-01	7.580767243955387202e-02	3.214906627571290088e-02	8.109006141684114988e-02
1.288781984917767431e+03	2.344000358864881950e-01	1.547580977181646222e-01	2.630150517838323876e-01	1.586717501684827281e-01	7.583949385951491151e-02	3.217348470868781896e-02	8.114208587452641230e-02
1.290233315981864052e+03	2.342146774745628990e-01	1.546426091539082615e-01	2.631329879594845877e-01	1.587465647753162068e-01	7.587125916355219601e-02	3.219787068073322323e-02	8.119403079213974306e-02
