1.001418434226643626e+03	2.846109299194155007e-01	1.718842522678404039e-01	2.353077852352037924e-01	1.419583627290781913e-01	6.890953910283373340e-02	2.751052733368695644e-02	6.981860341191087338e-02
1.002869765290740247e+03	2.843495895696840914e-01	1.717227277756320503e-01	2.354880312235535789e-01	1.420651602962752225e-01	6.895372264170039622e-02	2.753622273834380185e-02	6.988454575478035558e-02
1.004321096354836754e+03	2.840887014256351928e-01	1.715614828082690502e-01	2.356679570583444794e-01	1.421717633531350555e-01	6.899782973152951415e-02	2.756188860574346894e-02	6.995037701731279811e-02
1.005772427418933376e+03	2.838282647030545003e-01	1.714005168808827584e-01	2.358475632969424252e-01	1.422781722885808620e-01	6.904186050603222657e-02	2.758752494853679640e-02	7.001609737594004235e-02
1.007223758483029997e+03	2.835682786190934501e-01	1.712398295094494094e-01	2.360268504957454549e-01	1.423843874905915963e-01	6.908581509870631576e-02	2.761313177944797401e-02	7.008170700693537591e-02
1.008675089547126618e+03	2.833087423922669990e-01	1.710794202107888684e-01	2.362058192101853249e-01	1.424904093462052157e-01	6.912969364283637341e-02	2.763870911127423724e-02	7.014720608641251964e-02
1.010126420611223239e+03	2.830496552424510148e-01	1.709192885025629938e-01	2.363844699947292849e-01	1.425962382415221219e-01	6.917349627149398106e-02	2.766425695688558631e-02	7.021259479032461448e-02
1.011577751675319632e+03	2.827910163908797792e-01	1.707594339032741937e-01	2.365628034028817162e-01	1.427018745617083528e-01	6.921722311753777945e-02	2.768977532922449122e-02	7.027787329446325004e-02
1.013029082739416367e+03	2.825328250601439328e-01	1.705998559322639274e-01	2.367408199871858521e-01	1.428073186909989689e-01	6.926087431361371838e-02	2.771526424130561078e-02	7.034304177445752093e-02
1.014480413803512761e+03	2.822750804741878117e-01	1.704405541097112342e-01	2.369185202992254158e-01	1.429125710127013282e-01	6.930444999215513990e-02	2.774072370621549419e-02	7.040810040577305529e-02
1.015931744867609382e+03	2.820177818583072260e-01	1.702815279566312900e-01	2.370959048896262578e-01	1.430176319091983617e-01	6.934795028538300043e-02	2.776615373711229309e-02	7.047304936371105721e-02
1.017383075931706003e+03	2.817609284391468516e-01	1.701227769948738811e-01	2.372729743080581877e-01	1.431225017619517093e-01	6.939137532530596786e-02	2.779155434722547710e-02	7.053788882340739086e-02
1.018834406995802851e+03	2.815045194446981758e-01	1.699643007471219047e-01	2.374497291032364454e-01	1.432271809515051064e-01	6.943472524372061583e-02	2.781692554985554233e-02	7.060261895983167835e-02
1.020285738059899245e+03	2.812485541042968884e-01	1.698060987368900099e-01	2.376261698229234776e-01	1.433316698574874370e-01	6.947800017221159030e-02	2.784226735837371305e-02	7.066723994778636997e-02
1.021737069123995752e+03	2.809930316486205504e-01	1.696481704885229869e-01	2.378022970139305470e-01	1.434359688586160642e-01	6.952120024215176219e-02	2.786757978622167106e-02	7.073175196190585601e-02
1.023188400188092373e+03	2.807379513096864287e-01	1.694905155271943797e-01	2.379781112221194816e-01	1.435400783326999108e-01	6.956432558470238003e-02	2.789286284691124690e-02	7.079615517665560631e-02
1.024639731252188767e+03	2.804833123208488321e-01	1.693331333789050985e-01	2.381536129924042011e-01	1.436439986566426796e-01	6.960737633081325038e-02	2.791811655402414577e-02	7.086044976633124048e-02
1.026091062316285615e+03	2.802291139167968903e-01	1.691760235704818649e-01	2.383288028687525206e-01	1.437477302064458784e-01	6.965035261122287658e-02	2.794334092121166305e-02	7.092463590505773685e-02
1.027542393380382237e+03	2.799753553335524447e-01	1.690191856295756856e-01	2.385036813941875666e-01	1.438512733572121227e-01	6.969325455645866696e-02	2.796853596219437549e-02	7.098871376678854428e-02
1.028993724444478858e+03	2.797220358084672176e-01	1.688626190846606034e-01	2.386782491107897475e-01	1.439546284831481615e-01	6.973608229683707360e-02	2.799370169076187409e-02	7.105268352530476339e-02
1.030445055508575479e+03	2.794691545802208132e-01	1.687063234650320320e-01	2.388525065596980856e-01	1.440577959575679023e-01	6.977883596246378661e-02	2.801883812077245878e-02	7.111654535421430001e-02
1.031896386572671872e+03	2.792167108888184979e-01	1.685502983008054234e-01	2.390264542811121051e-01	1.441607761528955756e-01	6.982151568323384516e-02	2.804394526615286778e-02	7.118029942695107415e-02
1.033347717636768493e+03	2.789647039755884239e-01	1.683945431229148526e-01	2.392000928142933025e-01	1.442635694406687319e-01	6.986412158883185952e-02	2.806902314089797582e-02	7.124394591677417343e-02
1.034799048700865114e+03	2.787131330831796872e-01	1.682390574631115188e-01	2.393734226975668955e-01	1.443661761915413788e-01	6.990665380873220536e-02	2.809407175907051996e-02	7.130748499676714536e-02
1.036250379764961508e+03	2.784619974555598843e-01	1.680838408539622464e-01	2.395464444683233218e-01	1.444685967752869227e-01	6.994911247219912087e-02	2.811909113480080477e-02	7.137091683983709522e-02
1.037701710829058356e+03	2.782112963380126702e-01	1.679288928288481531e-01	2.397191586630199600e-01	1.445708315608011663e-01	6.999149770828695660e-02	2.814408128228641087e-02	7.143424161871403388e-02
1.039153041893154750e+03	2.779610289771357046e-01	1.677742129219632061e-01	2.398915658171828502e-01	1.446728809161053897e-01	7.003380964584030033e-02	2.816904221579192430e-02	7.149745950595001731e-02
1.040604372957251599e+03	2.777111946208379867e-01	1.676198006683126962e-01	2.400636664654081376e-01	1.447747452083492370e-01	7.007604841349417135e-02	2.819397394964863468e-02	7.156057067391846660e-02
1.042055704021347992e+03	2.774617925183380795e-01	1.674656556037118771e-01	2.402354611413637653e-01	1.448764248038137692e-01	7.011821413967420091e-02	2.821887649825424726e-02	7.162357529481339080e-02
1.043507035085444613e+03	2.772128219201611676e-01	1.673117772647845503e-01	2.404069503777911121e-01	1.449779200679143787e-01	7.016030695259679872e-02	2.824374987607262272e-02	7.168647354064866528e-02
1.044958366149541234e+03	2.769642820781371695e-01	1.671581651889616216e-01	2.405781347065066300e-01	1.450792313652036758e-01	7.020232698026937501e-02	2.826859409763346140e-02	7.174926558325732395e-02
1.046409697213637855e+03	2.767161722453985173e-01	1.670048189144796580e-01	2.407490146584033430e-01	1.451803590593744586e-01	7.024427435049043766e-02	2.829340917753204315e-02	7.181195159429082375e-02
1.047861028277734476e+03	2.764684916763773814e-01	1.668517379803795275e-01	2.409195907634526235e-01	1.452813035132625719e-01	7.028614919084982815e-02	2.831819513042891159e-02	7.187453174521833688e-02
1.049312359341831097e+03	2.762212396268040604e-01	1.666989219265049005e-01	2.410898635507056076e-01	1.453820650888499322e-01	7.032795162872895744e-02	2.834295197104962430e-02	7.193700620732612627e-02
1.050763690405927491e+03	2.759744153537040390e-01	1.665463702935008616e-01	2.412598335482950551e-01	1.454826441472671927e-01	7.036968179130084766e-02	2.836767971418444403e-02	7.199937515171679625e-02
1.052215021470024112e+03	2.757280181153962118e-01	1.663940826228125502e-01	2.414295012834366261e-01	1.455830410487967130e-01	7.041133980553046512e-02	2.839237837468806466e-02	7.206163874930862634e-02
1.053666352534120733e+03	2.754820471714902186e-01	1.662420584566836890e-01	2.415988672824307404e-01	1.456832561528754177e-01	7.045292579817480361e-02	2.841704796747933359e-02	7.212379717083498842e-02
1.055117683598217127e+03	2.752365017828846128e-01	1.660902973381552239e-01	2.417679320706641044e-01	1.457832898180976000e-01	7.049443989578313419e-02	2.844168850754094993e-02	7.218585058684354183e-02
1.056569014662313975e+03	2.749913812117641965e-01	1.659387988110638534e-01	2.419366961726112653e-01	1.458831424022177525e-01	7.053588222469714397e-02	2.846630000991919734e-02	7.224779916769576149e-02
1.058020345726410369e+03	2.747466847215979668e-01	1.657875624200407239e-01	2.421051601118361651e-01	1.459828142621532876e-01	7.057725291105114429e-02	2.849088248972365608e-02	7.230964308356618853e-02
1.059471676790506763e+03	2.745024115771368400e-01	1.656365877105099582e-01	2.422733244109938344e-01	1.460823057539874514e-01	7.061855208077229273e-02	2.851543596212691850e-02	7.237138250444186127e-02
1.060923007854603611e+03	2.742585610444112088e-01	1.654858742286872964e-01	2.424411895918318904e-01	1.461816172329719610e-01	7.065977985958074581e-02	2.853996044236431148e-02	7.243301760012167689e-02
1.062374338918700232e+03	2.740151323907290548e-01	1.653354215215786793e-01	2.426087561751921751e-01	1.462807490535299182e-01	7.070093637298982547e-02	2.856445594573361196e-02	7.249454854021579464e-02
1.063825669982796853e+03	2.737721248846734512e-01	1.651852291369788339e-01	2.427760246810123368e-01	1.463797015692583914e-01	7.074202174630629669e-02	2.858892248759476590e-02	7.255597549414502523e-02
1.065277001046893474e+03	2.735295377961002306e-01	1.650352966234699403e-01	2.429429956283273850e-01	1.464784751329312185e-01	7.078303610463047846e-02	2.861336008336960376e-02	7.261729863114026184e-02
1.066728332110990095e+03	2.732873703961360978e-01	1.648856235304201889e-01	2.431096695352711057e-01	1.465770700965016993e-01	7.082397957285650747e-02	2.863776874854156648e-02	7.267851812024189728e-02
1.068179663175086489e+03	2.730456219571760768e-01	1.647362094079824757e-01	2.432760469190780039e-01	1.466754868111053711e-01	7.086485227567243528e-02	2.866214849865542091e-02	7.273963413029926883e-02
1.069630994239183110e+03	2.728042917528814004e-01	1.645870538070929867e-01	2.434421282960844701e-01	1.467737256270626178e-01	7.090565433756053360e-02	2.868649934931697884e-02	7.280064682997000602e-02
1.071082325303279504e+03	2.725633790581774019e-01	1.644381562794697271e-01	2.436079141817306670e-01	1.468717868938813620e-01	7.094638588279741920e-02	2.871082131619281594e-02	7.286155638771964205e-02
1.072533656367376352e+03	2.723228831492510160e-01	1.642895163776112721e-01	2.437734050905618621e-01	1.469696709602596740e-01	7.098704703545430372e-02	2.873511441501000116e-02	7.292236297182090599e-02
1.073984987431472746e+03	2.720828033035487814e-01	1.641411336547953514e-01	2.439386015362300930e-01	1.470673781740885477e-01	7.102763791939713245e-02	2.875937866155581224e-02	7.298306675035327873e-02
1.075436318495569594e+03	2.718431387997747306e-01	1.639930076650774615e-01	2.441035040314956939e-01	1.471649088824543983e-01	7.106815865828686185e-02	2.878361407167745120e-02	7.304366789120243786e-02
1.076887649559666215e+03	2.716038889178877258e-01	1.638451379632895333e-01	2.442681130882289053e-01	1.472622634316418100e-01	7.110860937557957062e-02	2.880782066128177374e-02	7.310416656205977193e-02
1.078338980623762609e+03	2.713650529390997934e-01	1.636975241050384888e-01	2.444324292174113178e-01	1.473594421671359789e-01	7.114899019452670947e-02	2.883199844633501166e-02	7.316456293042179759e-02
1.079790311687859230e+03	2.711266301458735706e-01	1.635501656467049925e-01	2.445964529291375367e-01	1.474564454336254882e-01	7.118930123817535094e-02	2.885614744286248839e-02	7.322485716358970165e-02
1.081241642751955851e+03	2.708886198219201957e-01	1.634030621454419518e-01	2.447601847326166813e-01	1.475532735750047508e-01	7.122954262936831427e-02	2.888026766694834838e-02	7.328504942866885530e-02
1.082692973816052472e+03	2.706510212521973102e-01	1.632562131591733523e-01	2.449236251361738281e-01	1.476499269343765908e-01	7.126971449074438747e-02	2.890435913473528295e-02	7.334513989256831457e-02
1.084144304880149093e+03	2.704138337229065048e-01	1.631096182465926747e-01	2.450867746472517872e-01	1.477464058540549352e-01	7.130981694473857713e-02	2.892842186242424937e-02	7.340512872200033456e-02
1.085595635944245487e+03	2.701770565214914877e-01	1.629632769671616743e-01	2.452496337724123787e-01	1.478427106755672016e-01	7.134985011358226104e-02	2.895245586627418974e-02	7.346501608347989765e-02
1.087046967008342108e+03	2.699406889366356976e-01	1.628171888811090207e-01	2.454122030173380986e-01	1.479388417396568234e-01	7.138981411930341026e-02	2.897646116260176735e-02	7.352480214332424158e-02
1.088498298072438729e+03	2.697047302582601391e-01	1.626713535494289375e-01	2.455744828868337282e-01	1.480347993862859146e-01	7.142970908372685279e-02	2.900043776778107527e-02	7.358448706765242930e-02
1.089949629136535123e+03	2.694691797775213837e-01	1.625257705338798708e-01	2.457364738848276109e-01	1.481305839546376013e-01	7.146953512847438461e-02	2.902438569824338302e-02	7.364407102238489100e-02
1.091400960200631971e+03	2.692340367868090167e-01	1.623804393969831006e-01	2.458981765143735121e-01	1.482261957831186860e-01	7.150929237496503332e-02	2.904830497047685214e-02	7.370355417324295222e-02
1.092852291264728365e+03	2.689993005797439718e-01	1.622353597020214089e-01	2.460595912776518401e-01	1.483216352093619239e-01	7.154898094441530798e-02	2.907219560102625167e-02	7.376293668574843143e-02
1.094303622328825213e+03	2.687649704511759774e-01	1.620905310130378307e-01	2.462207186759713395e-01	1.484169025702286870e-01	7.158860095783933786e-02	2.909605760649270137e-02	7.382221872522323758e-02
1.095754953392921607e+03	2.685310456971816140e-01	1.619459528948341553e-01	2.463815592097705620e-01	1.485119982018113516e-01	7.162815253604909449e-02	2.911989100353339077e-02	7.388140045678887047e-02
1.097206284457018228e+03	2.682975256150621490e-01	1.618016249129697326e-01	2.465421133786194485e-01	1.486069224394356014e-01	7.166763579965466924e-02	2.914369580886130850e-02	7.394048204536608770e-02
1.098657615521114849e+03	2.680644095033412611e-01	1.616575466337601130e-01	2.467023816812206338e-01	1.487016756176630650e-01	7.170705086906441206e-02	2.916747203924497170e-02	7.399946365567444673e-02
1.100108946585211470e+03	2.678316966617629302e-01	1.615137176242756878e-01	2.468623646154112783e-01	1.487962580702936466e-01	7.174639786448520906e-02	2.919121971150815190e-02	7.405834545223193011e-02
1.101560277649308091e+03	2.675993863912894954e-01	1.613701374523403287e-01	2.470220626781642614e-01	1.488906701303679136e-01	7.178567690592262129e-02	2.921493884252959750e-02	7.411712759935458472e-02
1.103011608713404712e+03	2.673674779940991009e-01	1.612268056865301391e-01	2.471814763655899028e-01	1.489849121301695667e-01	7.182488811318117616e-02	2.923862944924277701e-02	7.417581026115607767e-02
1.104462939777501106e+03	2.671359707735840860e-01	1.610837218961721218e-01	2.473406061729373495e-01	1.490789844012276877e-01	7.186403160586456174e-02	2.926229154863560500e-02	7.423439360154734934e-02
1.105914270841597499e+03	2.669048640343483769e-01	1.609408856513427633e-01	2.474994525945961310e-01	1.491728872743192380e-01	7.190310750337579326e-02	2.928592515775016447e-02	7.429287778423623867e-02
1.107365601905694348e+03	2.666741570822057095e-01	1.607982965228668959e-01	2.476580161240976574e-01	1.492666210794713622e-01	7.194211592491751850e-02	2.930953029368244325e-02	7.435126297272715012e-02
1.108816932969790741e+03	2.664438492241772982e-01	1.606559540823161714e-01	2.478162972541166076e-01	1.493601861459637192e-01	7.198105698949219811e-02	2.933310697358206681e-02	7.440954933032060958e-02
1.110268264033887590e+03	2.662139397684898379e-01	1.605138579020079503e-01	2.479742964764726498e-01	1.494535828023308976e-01	7.201993081590228607e-02	2.935665521465202418e-02	7.446773702011304230e-02
1.111719595097984211e+03	2.659844280245732273e-01	1.603720075550038870e-01	2.481320142821316632e-01	1.495468113763646634e-01	7.205873752275050725e-02	2.938017503414840081e-02	7.452582620499632882e-02
1.113170926162080832e+03	2.657553133030586823e-01	1.602304026151085137e-01	2.482894511612074306e-01	1.496398721951163469e-01	7.209747722844007944e-02	2.940366644938011836e-02	7.458381704765748577e-02
1.114622257226177226e+03	2.655265949157765704e-01	1.600890426568681579e-01	2.484466076029629711e-01	1.497327655848990358e-01	7.213615005117486600e-02	2.942712947770866408e-02	7.464170971057837445e-02
1.116073588290273847e+03	2.652982721757541351e-01	1.599479272555695275e-01	2.486034840958121217e-01	1.498254918712899897e-01	7.217475610895966731e-02	2.945056413654782018e-02	7.469950435603531225e-02
1.117524919354370468e+03	2.650703443972135531e-01	1.598070559872384611e-01	2.487600811273210921e-01	1.499180513791328606e-01	7.221329551960041504e-02	2.947397044336340019e-02	7.475720114609885059e-02
1.118976250418467089e+03	2.648428108955698246e-01	1.596664284286384849e-01	2.489163991842096302e-01	1.500104444325399133e-01	7.225176840070444972e-02	2.949734841567298524e-02	7.481480024263335860e-02
1.120427581482563710e+03	2.646156709874286639e-01	1.595260441572696475e-01	2.490724387523528538e-01	1.501026713548944125e-01	7.229017486968065953e-02	2.952069807104566040e-02	7.487230180729678719e-02
1.121878912546660331e+03	2.643889239905843347e-01	1.593859027513672699e-01	2.492282003167825000e-01	1.501947324688527319e-01	7.232851504373974394e-02	2.954401942710174409e-02	7.492970600154033600e-02
1.123330243610756725e+03	2.641625692240177070e-01	1.592460037899005032e-01	2.493836843616885068e-01	1.502866280963467138e-01	7.236678903989446354e-02	2.956731250151252779e-02	7.498701298660817582e-02
1.124781574674853118e+03	2.639366060078942033e-01	1.591063468525711622e-01	2.495388913704204015e-01	1.503783585585858618e-01	7.240499697495984821e-02	2.959057731200001595e-02	7.504422292353714330e-02
1.126232905738949967e+03	2.637110336635614116e-01	1.589669315198123656e-01	2.496938218254888542e-01	1.504699241760594497e-01	7.244313896555340526e-02	2.961381387633664833e-02	7.510133597315651888e-02
1.127684236803046360e+03	2.634858515135474200e-01	1.588277573727872871e-01	2.498484762085669275e-01	1.505613252685388814e-01	7.248121512809536926e-02	2.963702221234506412e-02	7.515835229608765211e-02
1.129135567867143209e+03	2.632610588815584851e-01	1.586888239933879063e-01	2.500028550004919081e-01	1.506525621550797722e-01	7.251922557880895182e-02	2.966020233789781399e-02	7.521527205274375349e-02
1.130586898931239830e+03	2.630366550924770341e-01	1.585501309642336487e-01	2.501569586812663615e-01	1.507436351540242803e-01	7.255717043372052200e-02	2.968335427091711373e-02	7.527209540332965854e-02
1.132038229995336451e+03	2.628126394723596104e-01	1.584116778686701921e-01	2.503107877300598250e-01	1.508345445830031051e-01	7.259504980865987001e-02	2.970647802937457019e-02	7.532882250784150857e-02
1.133489561059432845e+03	2.625890113484348198e-01	1.582734642907680789e-01	2.504643426252101679e-01	1.509252907589377080e-01	7.263286381926042923e-02	2.972957363129093492e-02	7.538545352606651484e-02
1.134940892123529466e+03	2.623657700491012768e-01	1.581354898153216060e-01	2.506176238442250348e-01	1.510158739980425602e-01	7.267061258095951215e-02	2.975264109473584398e-02	7.544198861758276420e-02
1.136392223187626087e+03	2.621429149039254392e-01	1.579977540278474368e-01	2.507706318637835108e-01	1.511062946158271691e-01	7.270829620899854628e-02	2.977568043782754040e-02	7.549842794175887217e-02
1.137843554251722708e+03	2.619204452436398878e-01	1.578602565145833247e-01	2.509233671597371762e-01	1.511965529270982989e-01	7.274591481842326846e-02	2.979869167873263475e-02	7.555477165775385806e-02
1.139294885315819101e+03	2.616983604001408836e-01	1.577229968624869194e-01	2.510758302071118830e-01	1.512866492459620238e-01	7.278346852408403012e-02	2.982167483566583802e-02	7.561101992451686737e-02
1.140746216379915950e+03	2.614766597064864806e-01	1.575859746592344346e-01	2.512280214801090317e-01	1.513765838858258661e-01	7.282095744063595000e-02	2.984462992688970487e-02	7.566717290078692204e-02
1.142197547444012343e+03	2.612553424968948046e-01	1.574491894932194824e-01	2.513799414521069031e-01	1.514663571594009328e-01	7.285838168253921943e-02	2.986755697071437343e-02	7.572323074509273999e-02
1.143648878508108737e+03	2.610344081067414446e-01	1.573126409535516579e-01	2.515315905956623244e-01	1.515559693787039974e-01	7.289574136405929661e-02	2.989045598549731897e-02	7.577919361575249924e-02
1.145100209572205586e+03	2.608138558725577316e-01	1.571763286300554563e-01	2.516829693825119452e-01	1.516454208550595262e-01	7.293303659926715643e-02	2.991332698964308326e-02	7.583506167087364358e-02
1.146551540636302207e+03	2.605936851320287406e-01	1.570402521132689133e-01	2.518340782835737923e-01	1.517347118991018429e-01	7.297026750203949863e-02	2.993617000160302480e-02	7.589083506835268833e-02
1.148002871700398828e+03	2.603738952239913473e-01	1.569044109944423560e-01	2.519849177689485464e-01	1.518238428207770996e-01	7.300743418605901147e-02	2.995898503987506900e-02	7.594651396587499825e-02
1.149454202764495449e+03	2.601544854884320079e-01	1.567688048655372368e-01	2.521354883079210962e-01	1.519128139293454416e-01	7.304453676481463542e-02	2.998177212300344799e-02	7.600209852091456553e-02
1.150905533828591842e+03	2.599354552664847051e-01	1.566334333192247741e-01	2.522857903689617598e-01	1.520016255333829780e-01	7.308157535160174356e-02	3.000453126957844385e-02	7.605758889073392648e-02
1.152356864892688463e+03	2.597168039004292273e-01	1.564982959488847580e-01	2.524358244197281165e-01	1.520902779407838634e-01	7.311855005952241915e-02	3.002726249823614232e-02	7.611298523238387015e-02
1.153808195956785084e+03	2.594985307336888924e-01	1.563633923486043020e-01	2.525855909270657285e-01	1.521787714587622409e-01	7.315546100148567765e-02	3.004996582765817256e-02	7.616828770270331339e-02
1.155259527020881706e+03	2.592806351108287166e-01	1.562287221131766768e-01	2.527350903570103058e-01	1.522671063938543234e-01	7.319230829020768880e-02	3.007264127657146083e-02	7.622349645831910658e-02
1.156710858084978327e+03	2.590631163775532486e-01	1.560942848380999504e-01	2.528843231747887055e-01	1.523552830519204759e-01	7.322909203821208191e-02	3.009528886374797027e-02	7.627861165564588097e-02
1.158162189149074720e+03	2.588459738807046828e-01	1.559600801195757391e-01	2.530332898448203194e-01	1.524433017381470468e-01	7.326581235783011237e-02	3.011790860800446154e-02	7.633363345088588214e-02
1.159613520213171569e+03	2.586292069682608608e-01	1.558261075545081809e-01	2.531819908307186284e-01	1.525311627570485051e-01	7.330246936120092538e-02	3.014050052820222911e-02	7.638856200002883123e-02
1.161064851277267962e+03	2.584128149893334392e-01	1.556923667405024636e-01	2.533304265952925349e-01	1.526188664124693006e-01	7.333906316027181960e-02	3.016306464324686187e-02	7.644339745885170290e-02
1.162516182341364356e+03	2.581967972941654477e-01	1.555588572758636878e-01	2.534785976005478614e-01	1.527064130075860005e-01	7.337559386679845530e-02	3.018560097208798296e-02	7.649813998291865591e-02
1.163967513405461204e+03	2.579811532341297342e-01	1.554255787595957006e-01	2.536265043076885162e-01	1.527938028449090657e-01	7.341206159234513196e-02	3.020810953371901378e-02	7.655278972758083889e-02
1.165418844469557826e+03	2.577658821617269114e-01	1.552925307913997910e-01	2.537741471771181589e-01	1.528810362262849609e-01	7.344846644828501026e-02	3.023059034717690691e-02	7.660734684797627925e-02
1.166870175533654447e+03	2.575509834305833023e-01	1.551597129716734413e-01	2.539215266684413663e-01	1.529681134528979580e-01	7.348480854580034805e-02	3.025304343154191708e-02	7.666181149902970282e-02
1.168321506597751068e+03	2.573364563954488315e-01	1.550271249015092445e-01	2.540686432404651862e-01	1.530550348252721904e-01	7.352108799588275012e-02	3.027546880593734099e-02	7.671618383545247832e-02
1.169772837661847461e+03	2.571223004121953593e-01	1.548947661826935163e-01	2.542154973512004701e-01	1.531418006432735679e-01	7.355730490933341803e-02	3.029786648952927097e-02	7.677046401174242307e-02
1.171224168725944082e+03	2.569085148378145722e-01	1.547626364177052405e-01	2.543620894578630942e-01	1.532284112061116088e-01	7.359345939676339987e-02	3.032023650152635905e-02	7.682465218218371972e-02
1.172675499790040703e+03	2.566950990304159297e-01	1.546307352097146537e-01	2.545084200168757360e-01	1.533148668123414382e-01	7.362955156859384009e-02	3.034257886117956021e-02	7.687874850084677747e-02
1.174126830854137097e+03	2.564820523492248872e-01	1.544990621625822735e-01	2.546544894838689288e-01	1.534011677598656476e-01	7.366558153505615991e-02	3.036489358778189304e-02	7.693275312158813495e-02
1.175578161918233945e+03	2.562693741545806758e-01	1.543676168808574833e-01	2.548002983136825605e-01	1.534873143459362377e-01	7.370154940619239037e-02	3.038718070066818988e-02	7.698666619805033529e-02
1.177029492982330339e+03	2.560570638079348038e-01	1.542363989697774773e-01	2.549458469603670951e-01	1.535733068671564505e-01	7.373745529185536662e-02	3.040944021921485399e-02	7.704048788366182898e-02
1.178480824046426733e+03	2.558451206718486137e-01	1.541054080352659283e-01	2.550911358771851822e-01	1.536591456194826288e-01	7.377329930170901939e-02	3.043167216283962362e-02	7.709421833163687676e-02
1.179932155110523581e+03	2.556335441099916173e-01	1.539746436839318777e-01	2.552361655166128784e-01	1.537448308982261869e-01	7.380908154522855535e-02	3.045387655100131874e-02	7.714785769497545243e-02
1.181383486174620202e+03	2.554223334871396078e-01	1.538441055230684584e-01	2.553809363303409796e-01	1.538303629980553033e-01	7.384480213170076246e-02	3.047605340319960512e-02	7.720140612646314571e-02
1.182834817238716823e+03	2.552114881691724957e-01	1.537137931606517849e-01	2.555254487692765752e-01	1.539157422129969754e-01	7.388046117022421810e-02	3.049820273897474454e-02	7.725486377867106513e-02
1.184286148302813444e+03	2.550010075230724760e-01	1.535837062053396762e-01	2.556697032835442696e-01	1.540009688364386564e-01	7.391605876970956668e-02	3.052032457790736578e-02	7.730823080395579638e-02
1.185737479366910065e+03	2.547908909169221414e-01	1.534538442664705182e-01	2.558137003224874584e-01	1.540860431611303372e-01	7.395159503887975549e-02	3.054241893961821483e-02	7.736150735445927740e-02
1.187188810431006686e+03	2.545811377199025949e-01	1.533242069540620145e-01	2.559574403346701055e-01	1.541709654791861006e-01	7.398707008627027071e-02	3.056448584376791552e-02	7.741469358210871510e-02
1.188640141495103080e+03	2.543717473022914510e-01	1.531947938788100483e-01	2.561009237678774086e-01	1.542557360820861201e-01	7.402248402022942875e-02	3.058652531005673358e-02	7.746778963861658540e-02
1.190091472559199701e+03	2.541627190354608379e-01	1.530656046520874336e-01	2.562441510691176316e-01	1.543403552606784079e-01	7.405783694891857061e-02	3.060853735822433377e-02	7.752079567548046668e-02
1.191542803623296322e+03	2.539540522918756205e-01	1.529366388859428605e-01	2.563871226846236029e-01	1.544248233051807029e-01	7.409312898031232553e-02	3.063052200804954397e-02	7.757371184398305364e-02
1.192994134687392716e+03	2.537457464450914579e-01	1.528078961930995350e-01	2.565298390598534928e-01	1.545091405051821076e-01	7.412836022219890242e-02	3.065247927935011579e-02	7.762653829519206017e-02
1.194445465751489564e+03	2.535378008697529162e-01	1.526793761869540966e-01	2.566723006394927009e-01	1.545933071496449762e-01	7.416353078218027028e-02	3.067440919198249558e-02	7.767927517996017772e-02
1.195896796815585958e+03	2.533302149415914695e-01	1.525510784815754250e-01	2.568145078674549664e-01	1.546773235269067459e-01	7.419864076767247740e-02	3.069631176584157115e-02	7.773192264892500591e-02
1.197348127879682352e+03	2.531229880374236685e-01	1.524230026917034464e-01	2.569564611868835891e-01	1.547611899246815748e-01	7.423369028590587337e-02	3.071818702086044975e-02	7.778448085250902477e-02
1.198799458943779200e+03	2.529161195351491420e-01	1.522951484327480232e-01	2.570981610401530948e-01	1.548449066300622290e-01	7.426867944392535892e-02	3.074003497701021520e-02	7.783694994091951147e-02
1.200250790007875821e+03	2.527096088137489316e-01	1.521675153207876774e-01	2.572396078688703458e-01	1.549284739295217206e-01	7.430360834859060792e-02	3.076185565429969890e-02	7.788933006414855420e-02
1.201702121071972442e+03	2.525034552532833820e-01	1.520401029725684805e-01	2.573808021138758173e-01	1.550118921089151947e-01	7.433847710657640051e-02	3.078364907277524043e-02	7.794162137197298279e-02
1.203153452136069063e+03	2.522976582348902541e-01	1.519129110055028875e-01	2.575217442152451519e-01	1.550951614534816225e-01	7.437328582437274793e-02	3.080541525252045859e-02	7.799382401395431319e-02
1.204604783200165684e+03	2.520922171407831147e-01	1.517859390376685436e-01	2.576624346122903253e-01	1.551782822478454116e-01	7.440803460828532279e-02	3.082715421365600852e-02	7.804593813943873359e-02
1.206056114264262078e+03	2.518871313542490054e-01	1.516591866878071737e-01	2.578028737435609230e-01	1.552612547760182649e-01	7.444272356443551453e-02	3.084886597633936314e-02	7.809796389755711832e-02
1.207507445328358699e+03	2.516824002596469434e-01	1.515326535753233061e-01	2.579430620468458057e-01	1.553440793214009297e-01	7.447735279876084580e-02	3.087055056076457027e-02	7.814990143722494453e-02
1.208958776392455093e+03	2.514780232424059236e-01	1.514063393202832175e-01	2.580829999591739976e-01	1.554267561667847797e-01	7.451192241701509733e-02	3.089220798716203059e-02	7.820175090714229227e-02
1.210410107456551941e+03	2.512739996890229754e-01	1.512802435434137394e-01	2.582226879168162403e-01	1.555092855943536467e-01	7.454643252476866877e-02	3.091383827579825480e-02	7.825351245579384440e-02
1.211861438520648335e+03	2.510703289870613863e-01	1.511543658661011202e-01	2.583621263552862146e-01	1.555916678856854307e-01	7.458088322740878684e-02	3.093544144697564502e-02	7.830518623144883117e-02
1.213312769584745183e+03	2.508670105251487592e-01	1.510287059103898044e-01	2.585013157093419833e-01	1.556739033217537649e-01	7.461527463013971351e-02	3.095701752103226234e-02	7.835677238216107177e-02
1.214764100648841804e+03	2.506640436929752913e-01	1.509032632989813216e-01	2.586402564129873238e-01	1.557559921829298755e-01	7.464960683798306518e-02	3.097856651834159092e-02	7.840827105576894662e-02
1.216215431712937971e+03	2.504614278812916650e-01	1.507780376552332324e-01	2.587789488994727827e-01	1.558379347489839695e-01	7.468387995577806249e-02	3.100008845931231244e-02	7.845968239989534188e-02
1.217666762777034819e+03	2.502591624819074934e-01	1.506530286031577681e-01	2.589173936012971744e-01	1.559197312990872331e-01	7.471809408818176623e-02	3.102158336438808756e-02	7.851100656194774652e-02
1.219118093841131440e+03	2.500572468876893217e-01	1.505282357674209148e-01	2.590555909502090248e-01	1.560013821118132193e-01	7.475224933966931329e-02	3.104305125404731996e-02	7.856224368911816913e-02
1.220569424905228061e+03	2.498556804925586849e-01	1.504036587733411090e-01	2.591935413772075703e-01	1.560828874651395970e-01	7.478634581453418029e-02	3.106449214880293089e-02	7.861339392838316564e-02
1.222020755969324682e+03	2.496544626914904141e-01	1.502792972468880994e-01	2.593312453125442563e-01	1.561642476364498988e-01	7.482038361688848893e-02	3.108590606920213703e-02	7.866445742650392259e-02
1.223472087033421303e+03	2.494535928805107217e-01	1.501551508146819480e-01	2.594687031857240145e-01	1.562454629025350206e-01	7.485436285066320028e-02	3.110729303582621466e-02	7.871543433002611834e-02
1.224923418097517697e+03	2.492530704566953692e-01	1.500312191039916976e-01	2.596059154255064838e-01	1.563265335395949140e-01	7.488828361960839231e-02	3.112865306929028797e-02	7.876632478528011738e-02
1.226374749161614318e+03	2.490528948181678082e-01	1.499075017427344003e-01	2.597428824599073982e-01	1.564074598232401969e-01	7.492214602729353745e-02	3.114998619024310009e-02	7.881712893838080380e-02
1.227826080225710712e+03	2.488530653640975143e-01	1.497839983594739244e-01	2.598796047161997524e-01	1.564882420284937903e-01	7.495595017710769692e-02	3.117129241936678757e-02	7.886784693522776168e-02
1.229277411289807560e+03	2.486535814946979062e-01	1.496607085834197881e-01	2.600160826209153009e-01	1.565688804297925008e-01	7.498969617225986761e-02	3.119257177737665837e-02	7.891847892150517796e-02
1.230728742353903954e+03	2.484544426112246795e-01	1.495376320444260221e-01	2.601523165998456677e-01	1.566493753009887413e-01	7.502338411577914867e-02	3.121382428502096282e-02	7.896902504268196732e-02
1.232180073418000802e+03	2.482556481159738926e-01	1.494147683729901421e-01	2.602883070780437347e-01	1.567297269153519190e-01	7.505701411051506067e-02	3.123504996308069590e-02	7.901948544401174446e-02
1.233631404482097196e+03	2.480571974122802448e-01	1.492921172002519004e-01	2.604240544798249180e-01	1.568099355455702115e-01	7.509058625913779539e-02	3.125624883236934048e-02	7.906986027053285182e-02
1.235082735546193817e+03	2.478590899045151896e-01	1.491696781579922026e-01	2.605595592287682782e-01	1.568900014637520379e-01	7.512410066413841014e-02	3.127742091373267308e-02	7.912014966706844288e-02
1.236534066610290438e+03	2.476613249980852416e-01	1.490474508786320817e-01	2.606948217477179641e-01	1.569699249414278075e-01	7.515755742782916082e-02	3.129856622804853827e-02	7.917035377822642661e-02
1.237985397674387059e+03	2.474639020994299221e-01	1.489254349952314205e-01	2.608298424587845443e-01	1.570497062495512242e-01	7.519095665234372394e-02	3.131968479622663365e-02	7.922047274839964792e-02
1.239436728738483680e+03	2.472668206160202331e-01	1.488036301414879803e-01	2.609646217833462845e-01	1.571293456585011183e-01	7.522429843963746032e-02	3.134077663920826345e-02	7.927050672176579049e-02
1.240888059802580301e+03	2.470700799563566585e-01	1.486820359517361245e-01	2.610991601420501462e-01	1.572088434380828348e-01	7.525758289148765101e-02	3.136184177796615818e-02	7.932045584228752944e-02
1.242339390866676695e+03	2.468736795299673881e-01	1.485606520609458470e-01	2.612334579548133973e-01	1.572881998575298979e-01	7.529081010949383035e-02	3.138288023350423867e-02	7.937032025371253130e-02
1.243790721930773088e+03	2.466776187474066517e-01	1.484394781047216061e-01	2.613675156408246103e-01	1.573674151855054271e-01	7.532398019507796638e-02	3.140389202685739400e-02	7.942010009957350958e-02
1.245242052994869937e+03	2.464818970202527770e-01	1.483185137193011871e-01	2.615013336185450510e-01	1.574464896901038580e-01	7.535709324948469678e-02	3.142487717909128037e-02	7.946979552318825246e-02
1.246693384058966330e+03	2.462865137611064958e-01	1.481977585415546750e-01	2.616349123057101211e-01	1.575254236388523021e-01	7.539014937378170356e-02	3.144583571130209199e-02	7.951940666765974774e-02
1.248144715123063179e+03	2.460914683835890848e-01	1.480772122089832332e-01	2.617682521193302470e-01	1.576042172987121570e-01	7.542314866885983793e-02	3.146676764461635994e-02	7.956893367587619670e-02
1.249596046187159800e+03	2.458967603023406723e-01	1.479568743597180769e-01	2.619013534756924888e-01	1.576828709360806324e-01	7.545609123543348118e-02	3.148767300019071624e-02	7.961837669051108346e-02
1.251047377251256421e+03	2.457023889330183231e-01	1.478367446325193624e-01	2.620342167903614850e-01	1.577613848167922772e-01	7.548897717404072505e-02	3.150855179921169952e-02	7.966773585402321667e-02
1.252498708315352815e+03	2.455083536922943732e-01	1.477168226667750772e-01	2.621668424781810058e-01	1.578397592061204502e-01	7.552180658504370481e-02	3.152940406289553993e-02	7.971701130865686824e-02
1.253950039379449436e+03	2.453146539978547092e-01	1.475971081024999298e-01	2.622992309532750088e-01	1.579179943687788190e-01	7.555457956862880742e-02	3.155022981248793018e-02	7.976620319644175949e-02
1.255401370443546057e+03	2.451212892683967415e-01	1.474776005803342949e-01	2.624313826290490259e-01	1.579960905689229422e-01	7.558729622480693522e-02	3.157102906926383123e-02	7.981531165919318604e-02
1.256852701507642678e+03	2.449282589236279895e-01	1.473582997415431306e-01	2.625632979181911630e-01	1.580740480701516015e-01	7.561995665341376960e-02	3.159180185452724332e-02	7.986433683851205945e-02
1.258304032571739299e+03	2.447355623842639161e-01	1.472392052280147023e-01	2.626949772326737098e-01	1.581518671355084948e-01	7.565256095411004855e-02	3.161254818961102553e-02	7.991327887578501821e-02
1.259755363635835920e+03	2.445431990720265680e-01	1.471203166822598052e-01	2.628264209837540832e-01	1.582295480274835409e-01	7.568510922638178873e-02	3.163326809587665295e-02	7.996213791218448330e-02
1.261206694699932314e+03	2.443511684096425773e-01	1.470016337474103763e-01	2.629576295819761600e-01	1.583070910080144056e-01	7.571760156954059073e-02	3.165396159471402932e-02	8.001091408866874144e-02
1.262658025764028707e+03	2.441594698208414127e-01	1.468831560672185788e-01	2.630886034371716642e-01	1.583844963384880289e-01	7.575003808272384731e-02	3.167462870754125109e-02	8.005960754598205609e-02
1.264109356828125556e+03	2.439681027303536864e-01	1.467648832860557195e-01	2.632193429584612221e-01	1.584617642797420123e-01	7.578241886489503476e-02	3.169526945580443400e-02	8.010821842465472298e-02
1.265560687892221949e+03	2.437770665639094614e-01	1.466468150489111111e-01	2.633498485542555279e-01	1.585388950920661177e-01	7.581474401484396275e-02	3.171588386097748402e-02	8.015674686500316726e-02
1.267012018956318798e+03	2.435863607482363358e-01	1.465289510013909058e-01	2.634801206322568423e-01	1.586158890352037387e-01	7.584701363118703799e-02	3.173647194456188231e-02	8.020519300713002675e-02
1.268463350020415419e+03	2.433959847110578611e-01	1.464112907897172355e-01	2.636101595994601587e-01	1.586927463683532047e-01	7.587922781236755565e-02	3.175703372808651170e-02	8.025355699092426298e-02
1.269914681084511813e+03	2.432059378810917383e-01	1.462938340607269072e-01	2.637399658621540910e-01	1.587694673501694187e-01	7.591138665665585206e-02	3.177756923310742082e-02	8.030183895606125832e-02
1.271366012148608434e+03	2.430162196880480407e-01	1.461765804618705700e-01	2.638695398259226499e-01	1.588460522387651896e-01	7.594349026214969323e-02	3.179807848120760894e-02	8.035003904200289926e-02
1.272817343212705055e+03	2.428268295626275775e-01	1.460595296412113830e-01	2.639988818956460204e-01	1.589225012917126478e-01	7.597553872677446918e-02	3.181856149399685946e-02	8.039815738799767353e-02
1.274268674276801676e+03	2.426377669365200884e-01	1.459426812474240998e-01	2.641279924755020048e-01	1.589988147660446605e-01	7.600753214828342985e-02	3.183901829311151788e-02	8.044619413308078115e-02
1.275720005340898297e+03	2.424490312424025240e-01	1.458260349297939851e-01	2.642568719689672441e-01	1.590749929182563305e-01	7.603947062425800429e-02	3.185944890021426973e-02	8.049414941607425933e-02
1.277171336404994690e+03	2.422606219139373240e-01	1.457095903382156776e-01	2.643855207788182171e-01	1.591510360043063288e-01	7.607135425210802271e-02	3.187985333699396712e-02	8.054202337558703795e-02
1.278622667469091539e+03	2.420725383857707247e-01	1.455933471231922460e-01	2.645139393071327394e-01	1.592269442796183099e-01	7.610318312907199401e-02	3.190023162516540667e-02	8.058981615001509224e-02
1.280073998533187932e+03	2.418847800935310099e-01	1.454773049358340509e-01	2.646421279552910732e-01	1.593027179990823272e-01	7.613495735221735561e-02	3.192058378646914218e-02	8.063752787754153994e-02
1.281525329597284326e+03	2.416973464738267907e-01	1.453614634278576068e-01	2.647700871239770937e-01	1.593783574170562212e-01	7.616667701844070937e-02	3.194090984267126260e-02	8.068515869613675229e-02
1.282976660661381175e+03	2.415102369642453395e-01	1.452458222515846387e-01	2.648978172131796205e-01	1.594538627873670622e-01	7.619834222446814076e-02	3.196120981556321156e-02	8.073270874355846505e-02
1.284427991725477568e+03	2.413234510033508140e-01	1.451303810599410271e-01	2.650253186221933621e-01	1.595292343633123999e-01	7.622995306685542705e-02	3.198148372696157926e-02	8.078017815735188956e-02
1.285879322789574417e+03	2.411369880306826197e-01	1.450151395064556425e-01	2.651525917496203588e-01	1.596044723976617619e-01	7.626150964198828708e-02	3.200173159870790818e-02	8.082756707484986536e-02
1.287330653853671038e+03	2.409508474867536332e-01	1.449000972452594016e-01	2.652796369933712040e-01	1.596795771426580413e-01	7.629301204608272824e-02	3.202195345266847792e-02	8.087487563317292960e-02
1.288781984917767431e+03	2.407650288130485650e-01	1.447852539310841846e-01	2.654064547506661542e-01	1.597545488500187183e-01	7.632446037518518522e-02	3.204214931073413181e-02	8.092210396922948357e-02
1.290233315981864052e+03	2.405795314520222383e-01	1.446706092192617532e-01	2.655330454180362398e-01	1.598293877709373589e-01	7.635585472517285310e-02	3.206231919482006171e-02	8.096925221971587594e-02
