1.001418434226643626e+03	2.846846220909219904e-01	1.717866121690712899e-01	2.352674228414122493e-01	1.420143618730355939e-01	6.892762379785824511e-02	2.752062128321001999e-02	6.979873594446334151e-02
1.003837319333471214e+03	2.842491238338671899e-01	1.715178604389581973e-01	2.355675321266402777e-01	1.421924974982922696e-01	6.900123680752129340e-02	2.756338109406771680e-02	6.990836820062576451e-02
1.006256204440298802e+03	2.838148806619050224e-01	1.712498833262171838e-01	2.358667547569975320e-01	1.423700915029168512e-01	6.907463752939643764e-02	2.760605892408125872e-02	7.001769329845834722e-02
1.008675089547126618e+03	2.833818889500741567e-01	1.709826785930990134e-01	2.361650933018826226e-01	1.425471456869888132e-01	6.914782657922521891e-02	2.764865483343089195e-02	7.012671205527182261e-02
1.011093974653954206e+03	2.829501450839244092e-01	1.707162440083469235e-01	2.364625503232677117e-01	1.427236618434223336e-01	6.922080457114979102e-02	2.769116888284021971e-02	7.023542528702113319e-02
1.013512859760782021e+03	2.825196454594859352e-01	1.704505773471776398e-01	2.367591283757199128e-01	1.428996417580069567e-01	6.929357211771443315e-02	2.773360113357267037e-02	7.034383380829492549e-02
1.015931744867609382e+03	2.820903864832386421e-01	1.701856763912623915e-01	2.370548300064228564e-01	1.430750872094481152e-01	6.936612982986724296e-02	2.777595164742800715e-02	7.045193843230522501e-02
1.018350629974437197e+03	2.816623645720813807e-01	1.699215389287078715e-01	2.373496577551980624e-01	1.432499999694070436e-01	6.943847831696171868e-02	2.781822048673882400e-02	7.055973997087749972e-02
1.020769515081264785e+03	2.812355761533019138e-01	1.696581627540374726e-01	2.376436141545262004e-01	1.434243818025406070e-01	6.951061818675839665e-02	2.786040771436702410e-02	7.066723923444079292e-02
1.023188400188092373e+03	2.808100176645459412e-01	1.693955456681724425e-01	2.379367017295684339e-01	1.435982344665404919e-01	6.958255004542655831e-02	2.790251339370032613e-02	7.077443703201821701e-02
1.025607285294920075e+03	2.803856855537870674e-01	1.691336854784130650e-01	2.382289229981876255e-01	1.437715597121724254e-01	6.965427449754592326e-02	2.794453758864876361e-02	7.088133417121757207e-02
1.028026170401747549e+03	2.799625762792966044e-01	1.688725799984198972e-01	2.385202804709693758e-01	1.439443592833147267e-01	6.972579214610832854e-02	2.798648036364116340e-02	7.098793145822224204e-02
1.030445055508575479e+03	2.795406863096134287e-01	1.686122270481953400e-01	2.388107766512432839e-01	1.441166349169967775e-01	6.979710359251947716e-02	2.802834178362167278e-02	7.109422969778228518e-02
1.032863940615402726e+03	2.791200121235138942e-01	1.683526244540647920e-01	2.391004140351039031e-01	1.442883883434370185e-01	6.986820943660074223e-02	2.807012191404623450e-02	7.120022969320574657e-02
1.035282825722230655e+03	2.787005502099816900e-01	1.680937700486582476e-01	2.393891951114315575e-01	1.444596212860806694e-01	6.993911027659086010e-02	2.811182082087910691e-02	7.130593224635019267e-02
1.037701710829058356e+03	2.782822970681784192e-01	1.678356616708917559e-01	2.396771223619134084e-01	1.446303354616371439e-01	7.000980670914784543e-02	2.815343857058936333e-02	7.141133815761439851e-02
1.040120595935886058e+03	2.778652492074133451e-01	1.675782971659490750e-01	2.399641982610642155e-01	1.448005325801171861e-01	7.008029932935072592e-02	2.819497523014739826e-02	7.151644822593032635e-02
1.042539481042713533e+03	2.774494031471140820e-01	1.673216743852632415e-01	2.402504252762471815e-01	1.449702143448695912e-01	7.015058873070144363e-02	2.823643086702144409e-02	7.162126324875524308e-02
1.044958366149541234e+03	2.770347554167969517e-01	1.670657911864982248e-01	2.405358058676945743e-01	1.451393824526177045e-01	7.022067550512671452e-02	2.827780554917407735e-02	7.172578402206400416e-02
1.047377251256368709e+03	2.766213025560371741e-01	1.668106454335307187e-01	2.408203424885284327e-01	1.453080385934956142e-01	7.029056024297988814e-02	2.831909934505874582e-02	7.183001134034164292e-02
1.049796136363196410e+03	2.762090411144397795e-01	1.665562349964319899e-01	2.411040375847812445e-01	1.454761844510839564e-01	7.036024353304294598e-02	2.836031232361628865e-02	7.193394599657601529e-02
1.052215021470024112e+03	2.757979676516100764e-01	1.663025577514495867e-01	2.413868935954162909e-01	1.456438217024456083e-01	7.042972596252838891e-02	2.840144455427146691e-02	7.203758878225073603e-02
1.054633906576851814e+03	2.753880787371246752e-01	1.660496115809894369e-01	2.416689129523482138e-01	1.458109520181608831e-01	7.049900811708115222e-02	2.844249610692947683e-02	7.214094048733825371e-02
1.057052791683679516e+03	2.749793709505020667e-01	1.657973943735976119e-01	2.419500980804635271e-01	1.459775770623625291e-01	7.056809058078070129e-02	2.848346705197250112e-02	7.224400190029313384e-02
1.059471676790506763e+03	2.745718408811736455e-01	1.655459040239425361e-01	2.422304513976408780e-01	1.461436984927703686e-01	7.063697393614293274e-02	2.852435746025624996e-02	7.234677380804546698e-02
1.061890561897334692e+03	2.741654851284548999e-01	1.652951384327968343e-01	2.425099753147712534e-01	1.463093179607258265e-01	7.070565876412227002e-02	2.856516740310648464e-02	7.244925699599447100e-02
1.064309447004162394e+03	2.737603003015162129e-01	1.650450955070197345e-01	2.427886722357784632e-01	1.464744371112260413e-01	7.077414564411370346e-02	2.860589695231558621e-02	7.255145224800234327e-02
1.066728332110990095e+03	2.733562830193542736e-01	1.647957731595389996e-01	2.430665445576390971e-01	1.466390575829576715e-01	7.084243515395481638e-02	2.864654618013910692e-02	7.265336034638815443e-02
1.069147217217817570e+03	2.729534299107633233e-01	1.645471693093333299e-01	2.433435946704027020e-01	1.468031810083304800e-01	7.091052786992795010e-02	2.868711515929232153e-02	7.275498207192200584e-02
1.071566102324645271e+03	2.725517376143065662e-01	1.642992818814145162e-01	2.436198249572119334e-01	1.469668090135106409e-01	7.097842436676227162e-02	2.872760396294680302e-02	7.285631820381935353e-02
1.073984987431472746e+03	2.721512027782875820e-01	1.640521088068099265e-01	2.438952377943223726e-01	1.471299432184538791e-01	7.104612521763591093e-02	2.876801266472699126e-02	7.295736951973540163e-02
1.076403872538300675e+03	2.717518220607218482e-01	1.638056480225448253e-01	2.441698355511227325e-01	1.472925852369380839e-01	7.111363099417816747e-02	2.880834133870676869e-02	7.305813679575971775e-02
1.078822757645127922e+03	2.713535921293083186e-01	1.635598974716248044e-01	2.444436205901544257e-01	1.474547366765958656e-01	7.118094226647161959e-02	2.884859005940604293e-02	7.315862080641104270e-02
1.081241642751955851e+03	2.709565096614012791e-01	1.633148551030183249e-01	2.447165952671317146e-01	1.476163991389468633e-01	7.124805960305438668e-02	2.888875890178733974e-02	7.325882232463221122e-02
1.083660527858783553e+03	2.705605713439820925e-01	1.630705188716392584e-01	2.449887619309612796e-01	1.477775742194296360e-01	7.131498357092230789e-02	2.892884794125240300e-02	7.335874212178518372e-02
1.086079412965611255e+03	2.701657738736309988e-01	1.628268867383294571e-01	2.452601229237619251e-01	1.479382635074334706e-01	7.138171473553121815e-02	2.896885725363879810e-02	7.345838096764625846e-02
1.088498298072438729e+03	2.697721139564992487e-01	1.625839566698414618e-01	2.455306805808843418e-01	1.480984685863297734e-01	7.144825366079921025e-02	2.900878691521651190e-02	7.355773963040151964e-02
1.090917183179266431e+03	2.693795883082810150e-01	1.623417266388212654e-01	2.458004372309306462e-01	1.482581910335034059e-01	7.151460090910886913e-02	2.904863700268458734e-02	7.365681887664224381e-02
1.093336068286093905e+03	2.689881936541855256e-01	1.621001946237909386e-01	2.460693951957739489e-01	1.484174324203835493e-01	7.158075704130965888e-02	2.908840759316773036e-02	7.375561947136068108e-02
1.095754953392921607e+03	2.685979267289093642e-01	1.618593586091315595e-01	2.463375567905777275e-01	1.485761943124744855e-01	7.164672261672015707e-02	2.912809876421296532e-02	7.385414217794571135e-02
1.098173838499749309e+03	2.682087842766087138e-01	1.616192165850660334e-01	2.466049243238154776e-01	1.487344782693861001e-01	7.171249819313046947e-02	2.916771059378625228e-02	7.395238775817888910e-02
1.100592723606577010e+03	2.678207630508717130e-01	1.613797665476420784e-01	2.468715000972898643e-01	1.488922858448641362e-01	7.177808432680456152e-02	2.920724316026915290e-02	7.405035697223043278e-02
1.103011608713404712e+03	2.674338598146910329e-01	1.611410064987151003e-01	2.471372864061520680e-01	1.490496185868200874e-01	7.184348157248260369e-02	2.924669654245547895e-02	7.414805057865547777e-02
1.105430493820231959e+03	2.670480713404364548e-01	1.609029344459311783e-01	2.474022855389212405e-01	1.492064780373611732e-01	7.190869048338348335e-02	2.928607081954795119e-02	7.424546933439038487e-02
1.107849378927059888e+03	2.666633944098271702e-01	1.606655484027103842e-01	2.476664997775034349e-01	1.493628657328197606e-01	7.197371161120708072e-02	2.932536607115488261e-02	7.434261399474917376e-02
1.110268264033887590e+03	2.662798258139048579e-01	1.604288463882296012e-01	2.479299313972108953e-01	1.495187832037826459e-01	7.203854550613686403e-02	2.936458237728685125e-02	7.443948531342013675e-02
1.112687149140715292e+03	2.658973623530063723e-01	1.601928264274059266e-01	2.481925826667811530e-01	1.496742319751202255e-01	7.210319271684216547e-02	2.940371981835339377e-02	7.453608404246257757e-02
1.115106034247542766e+03	2.655160008367365432e-01	1.599574865508797406e-01	2.484544558483960386e-01	1.498292135660153346e-01	7.216765379048083184e-02	2.944277847515970256e-02	7.463241093230359169e-02
1.117524919354370468e+03	2.651357380839411970e-01	1.597228247949981361e-01	2.487155531977006673e-01	1.499837294899918350e-01	7.223192927270159769e-02	2.948175842890332632e-02	7.472846673173501320e-02
1.119943804461197942e+03	2.647565709226801789e-01	1.594888392017980716e-01	2.489758769638223401e-01	1.501377812549430646e-01	7.229601970764666652e-02	2.952065976117089138e-02	7.482425218791054211e-02
1.122362689568025871e+03	2.643784961902004849e-01	1.592555278189899115e-01	2.492354293893893624e-01	1.502913703631600650e-01	7.235992563795419497e-02	2.955948255393483007e-02	7.491976804634287168e-02
1.124781574674853118e+03	2.640015107329094501e-01	1.590228886999407454e-01	2.494942127105500007e-01	1.504444983113595036e-01	7.242364760476086016e-02	2.959822688955010550e-02	7.501501505090103772e-02
1.127200459781681047e+03	2.636256114063479927e-01	1.587909199036579011e-01	2.497522291569911068e-01	1.505971665907115120e-01	7.248718614770441326e-02	2.963689285075096075e-02	7.510999394380780958e-02
1.129619344888508749e+03	2.632507950751640236e-01	1.585596194947724857e-01	2.500094809519569083e-01	1.507493766868671647e-01	7.255054180492628846e-02	2.967548052064766101e-02	7.520470546563721992e-02
1.132038229995336451e+03	2.628770586130858011e-01	1.583289855435228433e-01	2.502659703122675494e-01	1.509011300799859290e-01	7.261371511307410098e-02	2.971398998272327049e-02	7.529915035531221934e-02
1.134457115102163925e+03	2.625043989028955083e-01	1.580990161257384563e-01	2.505216994483378534e-01	1.510524282447626709e-01	7.267670660730440879e-02	2.975242132083040850e-02	7.539332935010235881e-02
1.136876000208991627e+03	2.621328128364028842e-01	1.578697093228232651e-01	2.507766705641957805e-01	1.512032726504547175e-01	7.273951682128523832e-02	2.979077461918804709e-02	7.548724318562170799e-02
1.139294885315819101e+03	2.617622973144189125e-01	1.576410632217396801e-01	2.510308858575007740e-01	1.513536647609085017e-01	7.280214628719873515e-02	2.982904996237827761e-02	7.558089259582674579e-02
1.141713770422646803e+03	2.613928492467293974e-01	1.574130759149921788e-01	2.512843475195624121e-01	1.515036060345861524e-01	7.286459553574384240e-02	2.986724743534313609e-02	7.567427831301448693e-02
1.144132655529474505e+03	2.610244655520689294e-01	1.571857455006112347e-01	2.515370577353586712e-01	1.516530979245917787e-01	7.292686509613897916e-02	2.990536712338139405e-02	7.576740106782058060e-02
1.146551540636302207e+03	2.606571431580947951e-01	1.569590700821370532e-01	2.517890186835543553e-01	1.518021418786976440e-01	7.298895549612473277e-02	2.994340911214539089e-02	7.586026158921756191e-02
1.148970425743129908e+03	2.602908790013609974e-01	1.567330477686036116e-01	2.520402325365192486e-01	1.519507393393700889e-01	7.305086726196655111e-02	2.998137348763786278e-02	7.595286060451324206e-02
1.151389310849957155e+03	2.599256700272920551e-01	1.565076766745225889e-01	2.522907014603462672e-01	1.520988917437953170e-01	7.311260091845743492e-02	3.001926033620877510e-02	7.604519883934909852e-02
1.153808195956785084e+03	2.595615131901575778e-01	1.562829549198673784e-01	2.525404276148698335e-01	1.522466005239049014e-01	7.317415698892074105e-02	3.005706974455218256e-02	7.613727701769888723e-02
1.156227081063612786e+03	2.591984054530461212e-01	1.560588806300570730e-01	2.527894131536839173e-01	1.523938671064011818e-01	7.323553599521286095e-02	3.009480179970308936e-02	7.622909586186721320e-02
1.158645966170440488e+03	2.588363437878396511e-01	1.558354519359406998e-01	2.530376602241600770e-01	1.525406929127824107e-01	7.329673845772599616e-02	3.013245658903432322e-02	7.632065609248826765e-02
1.161064851277267962e+03	2.584753251751877867e-01	1.556126669737812607e-01	2.532851709674653895e-01	1.526870793593678721e-01	7.335776489539098943e-02	3.017003420025340596e-02	7.641195842852466225e-02
1.163483736384095664e+03	2.581153466044824318e-01	1.553905238852400506e-01	2.535319475185806026e-01	1.528330278573225287e-01	7.341861582568000311e-02	3.020753472139946216e-02	7.650300358726631889e-02
1.165902621490923138e+03	2.577564050738321288e-01	1.551690208173607533e-01	2.537779920063177319e-01	1.529785398126817797e-01	7.347929176460943346e-02	3.024495824084011061e-02	7.659379228432947051e-02
1.168321506597751068e+03	2.573984975900367456e-01	1.549481559225539262e-01	2.540233065533381573e-01	1.531236166263758580e-01	7.353979322674263075e-02	3.028230484726838340e-02	7.668432523365567577e-02
1.170740391704578315e+03	2.570416211685620511e-01	1.547279273585811243e-01	2.542678932761704980e-01	1.532682596942541720e-01	7.360012072519279969e-02	3.031957462969966238e-02	7.677460314751104187e-02
1.173159276811406244e+03	2.566857728335145694e-01	1.545083332885394956e-01	2.545117542852280978e-01	1.534124704071093137e-01	7.366027477162577497e-02	3.035676767746859836e-02	7.686462673648546129e-02
1.175578161918233945e+03	2.563309496176163771e-01	1.542893718808460990e-01	2.547548916848268452e-01	1.535562501507010680e-01	7.372025587626292176e-02	3.039388408022606486e-02	7.695439670949187627e-02
1.177997047025061647e+03	2.559771485621799569e-01	1.540710413092224174e-01	2.549973075732028804e-01	1.536996003057801430e-01	7.378006454788396673e-02	3.043092392793612239e-02	7.704391377376572370e-02
1.180415932131889122e+03	2.556243667170832179e-01	1.538533397526788971e-01	2.552390040425301376e-01	1.538425222481117627e-01	7.383970129382984304e-02	3.046788731087298266e-02	7.713317863486440773e-02
1.182834817238716823e+03	2.552726011407444040e-01	1.536362653954994884e-01	2.554799831789377751e-01	1.539850173484990370e-01	7.389916662000566017e-02	3.050477431961799019e-02	7.722219199666681411e-02
1.185253702345544298e+03	2.549218489000975585e-01	1.534198164272262688e-01	2.557202470625278279e-01	1.541270869728063320e-01	7.395846103088353496e-02	3.054158504505662119e-02	7.731095456137301869e-02
1.187672587452371999e+03	2.545721070705673217e-01	1.532039910426441776e-01	2.559597977673925828e-01	1.542687324819822237e-01	7.401758502950547824e-02	3.057831957837546868e-02	7.739946702950392665e-02
1.190091472559199701e+03	2.542233727360443396e-01	1.529887874417656113e-01	2.561986373616320090e-01	1.544099552320825353e-01	7.407653911748635078e-02	3.061497801105927952e-02	7.748773009990105043e-02
1.192510357666027403e+03	2.538756429888606725e-01	1.527742038298153526e-01	2.564367679073710216e-01	1.545507565742929856e-01	7.413532379501683311e-02	3.065156043488796375e-02	7.757574446972638482e-02
1.194929242772855105e+03	2.535289149297652034e-01	1.525602384172151660e-01	2.566741914607768016e-01	1.546911378549518934e-01	7.419393956086622888e-02	3.068806694193364562e-02	7.766351083446230985e-02
1.197348127879682352e+03	2.531831856678989912e-01	1.523468894195688095e-01	2.569109100720760597e-01	1.548311004155725479e-01	7.425238691238555955e-02	3.072449762455770408e-02	7.775102988791161851e-02
1.199767012986510281e+03	2.528384523207709011e-01	1.521341550576468526e-01	2.571469257855721335e-01	1.549706455928655247e-01	7.431066634551040939e-02	3.076085257540783768e-02	7.783830232219753065e-02
1.202185898093337983e+03	2.524947120142334023e-01	1.519220335573716330e-01	2.573822406396623630e-01	1.551097747187608900e-01	7.436877835476395082e-02	3.079713188741513286e-02	7.792532882776380398e-02
1.204604783200165684e+03	2.521519618824579756e-01	1.517105231498021845e-01	2.576168566668549653e-01	1.552484891204300443e-01	7.442672343325991424e-02	3.083333565379114960e-02	7.801211009337499780e-02
1.207023668306993159e+03	2.518101990679110225e-01	1.514996220711194164e-01	2.578507758937860217e-01	1.553867901203076218e-01	7.448450207270554402e-02	3.086946396802502102e-02	7.809864680611663945e-02
1.209442553413820860e+03	2.514694207213298283e-01	1.512893285626109863e-01	2.580840003412366301e-01	1.555246790361131115e-01	7.454211476340460996e-02	3.090551692388055632e-02	7.818493965139561297e-02
1.211861438520648335e+03	2.511296240016983039e-01	1.510796408706565341e-01	2.583165320241497254e-01	1.556621571808724791e-01	7.459956199426041878e-02	3.094149461539336121e-02	7.827098931294050599e-02
1.214280323627476264e+03	2.507908060762230606e-01	1.508705572467128886e-01	2.585483729516471207e-01	1.557992258629395110e-01	7.465684425277875624e-02	3.097739713686797208e-02	7.835679647280206772e-02
1.216699208734303511e+03	2.504529641203093737e-01	1.506620759472991067e-01	2.587795251270462171e-01	1.559358863860169364e-01	7.471396202507102347e-02	3.101322458287499029e-02	7.844236181135370856e-02
1.219118093841131440e+03	2.501160953175374790e-01	1.504541952339819300e-01	2.590099905478767672e-01	1.560721400491776600e-01	7.477091579585715131e-02	3.104897704824824411e-02	7.852768600729205517e-02
1.221536978947959142e+03	2.497801968596387034e-01	1.502469133733608797e-01	2.592397712058978065e-01	1.562079881468856069e-01	7.482770604846870899e-02	3.108465462808195773e-02	7.861276973763758891e-02
1.223955864054786844e+03	2.494452659464716504e-01	1.500402286370537130e-01	2.594688690871141401e-01	1.563434319690166219e-01	7.488433326485186003e-02	3.112025741772792009e-02	7.869761367773529803e-02
1.226374749161614318e+03	2.491112997859986633e-01	1.498341393016817402e-01	2.596972861717931069e-01	1.564784728008790093e-01	7.494079792557048481e-02	3.115578551279268513e-02	7.878221850125545489e-02
1.228793634268442020e+03	2.487782955942621499e-01	1.496286436488553362e-01	2.599250244344811223e-01	1.566131119232340996e-01	7.499710050980920584e-02	3.119123900913477188e-02	7.886658488019439306e-02
1.231212519375269494e+03	2.484462505953610456e-01	1.494237399651593134e-01	2.601520858440202755e-01	1.567473506123167326e-01	7.505324149537646872e-02	3.122661800286187159e-02	7.895071348487532614e-02
1.233631404482097196e+03	2.481151620214275266e-01	1.492194265421384336e-01	2.603784723635648723e-01	1.568811901398553255e-01	7.510922135870752581e-02	3.126192259032808257e-02	7.903460498394926370e-02
1.236050289588924898e+03	2.477850271126034731e-01	1.490157016762829745e-01	2.606041859505976444e-01	1.570146317730921059e-01	7.516504057486764201e-02	3.129715286813114505e-02	7.911826004439598270e-02
1.238469174695752372e+03	2.474558431170172101e-01	1.488125636690144638e-01	2.608292285569464575e-01	1.571476767748030690e-01	7.522069961755507850e-02	3.133230893310969684e-02	7.920167933152498507e-02
1.240888059802580301e+03	2.471276072907601928e-01	1.486100108266710518e-01	2.610536021288005770e-01	1.572803264033177939e-01	7.527619895910418746e-02	3.136739088234052897e-02	7.928486350897663570e-02
1.243306944909407548e+03	2.468003168978639417e-01	1.484080414604934117e-01	2.612773086067268768e-01	1.574125819125391512e-01	7.533153907048853459e-02	3.140239881313586917e-02	7.936781323872317551e-02
1.245725830016235477e+03	2.464739692102769497e-01	1.482066538866103345e-01	2.615003499256861041e-01	1.575444445519629533e-01	7.538672042132397999e-02	3.143733282304064791e-02	7.945052918106991491e-02
1.248144715123063179e+03	2.461485615078415345e-01	1.480058464260246009e-01	2.617227280150493107e-01	1.576759155666973278e-01	7.544174347987175899e-02	3.147219300982984080e-02	7.953301199465645510e-02
1.250563600229890881e+03	2.458240910782709399e-01	1.478056174045986604e-01	2.619444447986138402e-01	1.578069961974820912e-01	7.549660871304163245e-02	3.150697947150572081e-02	7.961526233645789541e-02
1.252982485336718355e+03	2.455005552171264371e-01	1.476059651530405581e-01	2.621655021946194264e-01	1.579376876807079277e-01	7.555131658639495373e-02	3.154169230629523535e-02	7.969728086178619331e-02
1.255401370443546057e+03	2.451779512277944273e-01	1.474068880068898635e-01	2.623859021157644023e-01	1.580679912484355132e-01	7.560586756414781895e-02	3.157633161264732091e-02	7.977906822429141342e-02
1.257820255550373531e+03	2.448562764214637644e-01	1.472083843065035147e-01	2.626056464692216319e-01	1.581979081284143607e-01	7.566026210917414785e-02	3.161089748923022469e-02	7.986062507596315696e-02
1.260239140657201460e+03	2.445355281171030515e-01	1.470104523970418298e-01	2.628247371566543866e-01	1.583274395441017224e-01	7.571450068300886183e-02	3.164539003492892327e-02	7.994195206713203272e-02
1.262658025764028707e+03	2.442157036414378812e-01	1.468130906284545456e-01	2.630431760742324987e-01	1.584565867146813523e-01	7.576858374585096478e-02	3.167980934884244426e-02	8.002304984647110042e-02
1.265076910870856636e+03	2.438968003289284370e-01	1.466162973554668014e-01	2.632609651126482375e-01	1.585853508550819913e-01	7.582251175656670727e-02	3.171415553028127110e-02	8.010391906099734172e-02
1.267495795977684338e+03	2.435788155217468443e-01	1.464200709375653442e-01	2.634781061571319638e-01	1.587137331759958525e-01	7.587628517269272288e-02	3.174842867876474101e-02	8.018456035607329779e-02
1.269914681084511813e+03	2.432617465697549108e-01	1.462244097389845954e-01	2.636946010874681168e-01	1.588417348838970233e-01	7.592990445043913683e-02	3.178262889401844982e-02	8.026497437540858204e-02
1.272333566191339514e+03	2.429455908304815892e-01	1.460293121286928564e-01	2.639104517780107573e-01	1.589693571810596173e-01	7.598337004469274403e-02	3.181675627597167072e-02	8.034516176106160090e-02
1.274752451298167216e+03	2.426303456691007721e-01	1.458347764803784585e-01	2.641256600976994995e-01	1.590966012655760098e-01	7.603668240902013153e-02	3.185081092475479381e-02	8.042512315344117757e-02
1.277171336404994690e+03	2.423160084584090324e-01	1.456408011724361629e-01	2.643402279100749985e-01	1.592234683313747401e-01	7.608984199567085660e-02	3.188479294069676562e-02	8.050485919130827284e-02
1.279590221511822392e+03	2.420025765788034744e-01	1.454473845879533378e-01	2.645541570732948267e-01	1.593499595682383307e-01	7.614284925558058303e-02	3.191870242432255644e-02	8.058437051177778920e-02
1.282009106618650094e+03	2.416900474182595848e-01	1.452545251146963312e-01	2.647674494401485723e-01	1.594760761618213007e-01	7.619570463837421759e-02	3.195253947635062763e-02	8.066365775032026397e-02
1.284427991725477568e+03	2.413784183723092225e-01	1.450622211450969534e-01	2.649801068580737717e-01	1.596018192936675961e-01	7.624840859236911572e-02	3.198630419769041278e-02	8.074272154076379826e-02
1.286846876832305497e+03	2.410676868440186638e-01	1.448704710762387382e-01	2.651921311691712857e-01	1.597271901412282702e-01	7.630096156457819023e-02	3.201999668943980581e-02	8.082156251529586111e-02
1.289265761939132744e+03	2.407578502439666479e-01	1.446792733098434813e-01	2.654035242102206760e-01	1.598521898778789141e-01	7.635336400071313090e-02	3.205361705288266999e-02	8.090018130446521849e-02
1.291684647045960673e+03	2.404489059902226167e-01	1.444886262522578624e-01	2.656142878126956375e-01	1.599768196729368652e-01	7.640561634518751311e-02	3.208716538948637453e-02	8.097857853718386234e-02
1.294103532152788375e+03	2.401408515083247874e-01	1.442985283144397057e-01	2.658244238027793194e-01	1.601010806916786100e-01	7.645771904112003137e-02	3.212064180089931748e-02	8.105675484072893955e-02
1.296522417259616077e+03	2.398336842312585870e-01	1.441089779119448522e-01	2.660339340013795906e-01	1.602249740953568258e-01	7.650967253033756632e-02	3.215404638894844846e-02	8.113471084074479200e-02
1.298941302366443551e+03	2.395274015994348915e-01	1.439199734649136420e-01	2.662428202241443609e-01	1.603485010412173672e-01	7.656147725337848764e-02	3.218737925563684710e-02	8.121244716124499663e-02
1.301360187473271253e+03	2.392220010606685432e-01	1.437315133980575921e-01	2.664510842814768465e-01	1.604716626825162251e-01	7.661313364949572102e-02	3.222064050314130124e-02	8.128996442461439154e-02
1.303779072580098727e+03	2.389174800701566737e-01	1.435435961406460736e-01	2.666587279785505027e-01	1.605944601685363182e-01	7.666464215665995396e-02	3.225383023380985759e-02	8.136726325161122708e-02
1.306197957686926657e+03	2.386138360904574429e-01	1.433562201264930447e-01	2.668657531153244000e-01	1.607168946446042024e-01	7.671600321156281377e-02	3.228694855015944165e-02	8.144434426136921978e-02
1.308616842793753904e+03	2.383110665914684734e-01	1.431693837939439495e-01	2.670721614865582128e-01	1.608389672521066405e-01	7.676721724962007332e-02	3.231999555487344994e-02	8.152120807139977277e-02
1.311035727900581833e+03	2.380091690504055613e-01	1.429830855858623961e-01	2.672779548818271511e-01	1.609606791285071448e-01	7.681828470497475969e-02	3.235297135079934910e-02	8.159785529759416844e-02
1.313454613007409534e+03	2.377081409517813881e-01	1.427973239496170832e-01	2.674831350855372269e-01	1.610820314073623527e-01	7.686920601050041546e-02	3.238587604094635142e-02	8.167428655422570571e-02
1.315873498114237009e+03	2.374079797873844544e-01	1.426120973370686995e-01	2.676877038769396866e-01	1.612030252183383749e-01	7.691998159780420730e-02	3.241870972848302085e-02	8.175050245395204529e-02
1.318292383221064711e+03	2.371086830562577075e-01	1.424274042045568234e-01	2.678916630301466095e-01	1.613236616872268936e-01	7.697061189723013175e-02	3.245147251673492772e-02	8.182650360781737464e-02
1.320711268327892412e+03	2.368102482646776141e-01	1.422432430128869052e-01	2.680950143141452302e-01	1.614439419359613992e-01	7.702109733786223489e-02	3.248416450918233805e-02	8.190229062525480885e-02
1.323130153434719887e+03	2.365126729261330107e-01	1.420596122273172779e-01	2.682977594928129261e-01	1.615638670826330947e-01	7.707143834752767930e-02	3.251678580945787517e-02	8.197786411408865270e-02
1.325549038541547588e+03	2.362159545613043143e-01	1.418765103175462505e-01	2.684999003249319283e-01	1.616834382415069382e-01	7.712163535280004700e-02	3.254933652134419514e-02	8.205322468053678764e-02
1.327967923648375290e+03	2.359200906980425116e-01	1.416939357576991465e-01	2.687014385642043091e-01	1.618026565230372693e-01	7.717168877900246193e-02	3.258181674877171780e-02	8.212837292921301713e-02
1.330386808755202765e+03	2.356250788713482314e-01	1.415118870263154249e-01	2.689023759592664153e-01	1.619215230338837685e-01	7.722159905021076798e-02	3.261422659581633687e-02	8.220330946312948139e-02
1.332805693862030694e+03	2.353309166233511773e-01	1.413303626063359131e-01	2.691027142537035788e-01	1.620400388769268618e-01	7.727136658925670698e-02	3.264656616669713018e-02	8.227803488369911378e-02
1.335224578968857941e+03	2.350376015032892563e-01	1.411493609850899000e-01	2.693024551860646043e-01	1.621582051512834022e-01	7.732099181773108287e-02	3.267883556577410448e-02	8.235254979073805548e-02
1.337643464075685870e+03	2.347451310674880109e-01	1.409688806542824802e-01	2.695016004898766471e-01	1.622760229523221298e-01	7.737047515598703684e-02	3.271103489754595417e-02	8.242685478246815356e-02
1.340062349182513572e+03	2.344535028793398868e-01	1.407889201099817855e-01	2.697001518936593678e-01	1.623934933716789930e-01	7.741981702314308655e-02	3.274316426664781315e-02	8.250095045551943118e-02
1.342481234289341273e+03	2.341627145092839146e-01	1.406094778526062739e-01	2.698981111209396988e-01	1.625106174972723860e-01	7.746901783708638745e-02	3.277522377784904128e-02	8.257483740493262725e-02
1.344900119396168748e+03	2.338727635347850331e-01	1.404305523869120997e-01	2.700954798902661658e-01	1.626273964133183869e-01	7.751807801447589685e-02	3.280721353605101087e-02	8.264851622416176380e-02
1.347319004502996449e+03	2.335836475403137713e-01	1.402521422219805691e-01	2.702922599152230987e-01	1.627438312003457732e-01	7.756699797074552427e-02	3.283913364628487930e-02	8.272198750507668563e-02
1.349737889609823924e+03	2.332953641173259318e-01	1.400742458712053995e-01	2.704884529044453423e-01	1.628599229352111766e-01	7.761577812010732325e-02	3.287098421370943796e-02	8.279525183796561383e-02
1.352156774716651853e+03	2.330079108642421626e-01	1.398968618522804241e-01	2.706840605616324669e-01	1.629756726911138487e-01	7.766441887555468326e-02	3.290276534360891264e-02	8.286830981153781028e-02
1.354575659823479100e+03	2.327212853864278341e-01	1.397199886871868524e-01	2.708790845855625906e-01	1.630910815376105660e-01	7.771292064886545226e-02	3.293447714139079163e-02	8.294116201292618673e-02
1.356994544930307029e+03	2.324354852961728612e-01	1.395436249021810016e-01	2.710735266701073121e-01	1.632061505406303126e-01	7.776128385060515624e-02	3.296611971258369550e-02	8.301380902768994152e-02
1.359413430037134731e+03	2.321505082126715802e-01	1.393677690277816961e-01	2.712673885042453104e-01	1.633208807624890735e-01	7.780950889013013572e-02	3.299769316283521908e-02	8.308625143981721028e-02
1.361832315143962205e+03	2.318663517620025982e-01	1.391924195987579993e-01	2.714606717720770002e-01	1.634352732619043236e-01	7.785759617559070977e-02	3.302919759790979432e-02	8.315848983172778597e-02
1.364251200250789907e+03	2.315830135771089759e-01	1.390175751541168625e-01	2.716533781528381319e-01	1.635493290940095434e-01	7.790554611393435414e-02	3.306063312368660162e-02	8.323052478427583889e-02
1.366670085357617609e+03	2.313004912977779937e-01	1.388432342370907457e-01	2.718455093209141138e-01	1.636630493103685968e-01	7.795335911090889303e-02	3.309199984615743273e-02	8.330235687675255352e-02
1.369088970464445310e+03	2.310187825706216391e-01	1.386693953951252944e-01	2.720370669458540558e-01	1.637764349589901358e-01	7.800103557106560781e-02	3.312329787142460902e-02	8.337398668688894565e-02
1.371507855571272785e+03	2.307378850490565680e-01	1.384960571798671825e-01	2.722280526923847588e-01	1.638894870843417839e-01	7.804857589776241500e-02	3.315452730569890677e-02	8.344541479085862412e-02
1.373926740678100487e+03	2.304577963932843421e-01	1.383232181471519828e-01	2.724184682204244812e-01	1.640022067273644024e-01	7.809598049316703039e-02	3.318568825529746164e-02	8.351664176328048306e-02
1.376345625784927961e+03	2.301785142702717502e-01	1.381508768569918166e-01	2.726083151850971498e-01	1.641145949254860514e-01	7.814324975826011932e-02	3.321678082664173554e-02	8.358766817722160236e-02
1.378764510891755890e+03	2.299000363537311853e-01	1.379790318735633070e-01	2.727975952367456824e-01	1.642266527126361175e-01	7.819038409283844693e-02	3.324780512625544887e-02	8.365849460419996775e-02
1.381183395998583137e+03	2.296223603241010214e-01	1.378076817651954500e-01	2.729863100209465321e-01	1.643383811192592192e-01	7.823738389551801453e-02	3.327876126076256130e-02	8.372912161418732957e-02
1.383602281105411066e+03	2.293454838685261288e-01	1.376368251043575408e-01	2.731744611785228427e-01	1.644497811723290848e-01	7.828424956373726540e-02	3.330964933688524560e-02	8.379954977561204776e-02
1.386021166212238768e+03	2.290694046808382789e-01	1.374664604676472113e-01	2.733620503455584383e-01	1.645608538953622635e-01	7.833098149376013786e-02	3.334046946144186147e-02	8.386977965536193680e-02
1.388440051319066470e+03	2.287941204615369095e-01	1.372965864357783283e-01	2.735490791534116450e-01	1.646716003084318647e-01	7.837758008067927107e-02	3.337122174134495717e-02	8.393981181878709674e-02
1.390858936425893944e+03	2.285196289177695850e-01	1.371272015935691979e-01	2.737355492287287251e-01	1.647820214281812690e-01	7.842404571841914140e-02	3.340190628359929886e-02	8.400964682970285535e-02
1.393277821532721646e+03	2.282459277633128447e-01	1.369583045299303803e-01	2.739214621934575322e-01	1.648921182678375896e-01	7.847037879973917107e-02	3.343252319529985833e-02	8.407928525039265466e-02
1.395696706639549120e+03	2.279730147185527744e-01	1.367898938378531160e-01	2.741068196648612787e-01	1.650018918372251897e-01	7.851657971623686449e-02	3.346307258362988396e-02	8.414872764161090979e-02
1.398115591746377049e+03	2.277008875104659935e-01	1.366219681143971965e-01	2.742916232555319689e-01	1.651113431427790323e-01	7.856264885835098633e-02	3.349355455585890928e-02	8.421797456258600656e-02
1.400534476853204296e+03	2.274295438726003926e-01	1.364545259606793071e-01	2.744758745734036109e-01	1.652204731875581423e-01	7.860858661536460068e-02	3.352396921934085172e-02	8.428702657102314644e-02
1.402953361960032225e+03	2.271589815450561767e-01	1.362875659818611473e-01	2.746595752217662612e-01	1.653292829712587064e-01	7.865439337540827691e-02	3.355431668151204194e-02	8.435588422310737189e-02
1.405372247066859927e+03	2.268891982744667135e-01	1.361210867871378016e-01	2.748427267992790135e-01	1.654377734902274522e-01	7.870006952546317047e-02	3.358459704988930178e-02	8.442454807350649459e-02
1.407791132173687402e+03	2.266201918139796045e-01	1.359550869897258596e-01	2.750253308999835444e-01	1.655459457374746091e-01	7.874561545136414542e-02	3.361481043206806379e-02	8.449301867537409305e-02
1.410210017280515103e+03	2.263519599232377832e-01	1.357895652068518977e-01	2.752073891133173245e-01	1.656538007026870651e-01	7.879103153780289692e-02	3.364495693572045615e-02	8.456129658035242691e-02
1.412628902387342805e+03	2.260845003683607246e-01	1.356245200597407108e-01	2.753889030241270519e-01	1.657613393722412731e-01	7.883631816833104600e-02	3.367503666859342215e-02	8.462938233857555947e-02
1.415047787494170507e+03	2.258178109219255714e-01	1.354599501736037659e-01	2.755698742126820311e-01	1.658685627292161846e-01	7.888147572536323426e-02	3.370504973850683289e-02	8.469727649867220265e-02
1.417466672600997981e+03	2.255518893629483157e-01	1.352958541776275725e-01	2.757503042546870509e-01	1.659754717534060731e-01	7.892650459018030196e-02	3.373499625335162067e-02	8.476497960776888108e-02
1.419885557707825683e+03	2.252867334768652308e-01	1.351322307049621640e-01	2.759301947212959294e-01	1.660820674213333570e-01	7.897140514293227165e-02	3.376487632108794712e-02	8.483249221149288810e-02
1.422304442814653157e+03	2.250223410555142189e-01	1.349690783927096072e-01	2.761095471791244482e-01	1.661883507062612564e-01	7.901617776264154014e-02	3.379469004974332280e-02	8.489981485397531114e-02
1.424723327921481086e+03	2.247587098971161601e-01	1.348063958819124830e-01	2.762883631902637305e-01	1.662943225782064771e-01	7.906082282720590382e-02	3.382443754741082387e-02	8.496694807785412640e-02
1.427142213028308333e+03	2.244958378062564541e-01	1.346441818175425076e-01	2.764666443122927864e-01	1.663999840039517841e-01	7.910534071340169504e-02	3.385411892224723940e-02	8.503389242427719652e-02
1.429561098135136262e+03	2.242337225938665080e-01	1.344824348484890408e-01	2.766443920982921689e-01	1.665053359470583527e-01	7.914973179688686300e-02	3.388373428247126729e-02	8.510064843290540693e-02
1.431979983241963964e+03	2.239723620772053059e-01	1.343211536275477347e-01	2.768216080968566861e-01	1.666103793678784806e-01	7.919399645220399908e-02	3.391328373636173094e-02	8.516721664191567731e-02
1.434398868348791666e+03	2.237117540798410908e-01	1.341603368114091810e-01	2.769982938521082794e-01	1.667151152235676892e-01	7.923813505278345937e-02	3.394276739225574741e-02	8.523359758800412578e-02
1.436817753455619140e+03	2.234518964316329626e-01	1.339999830606477260e-01	2.771744509037091242e-01	1.668195444680972417e-01	7.928214797094644550e-02	3.397218535854701349e-02	8.529979180638903868e-02
1.439236638562446842e+03	2.231927869687127808e-01	1.338400910397100074e-01	2.773500807868743978e-01	1.669236680522662442e-01	7.932603557790800231e-02	3.400153774368398774e-02	8.536579983081409029e-02
1.441655523669274316e+03	2.229344235334667912e-01	1.336806594169037965e-01	2.775251850323852687e-01	1.670274869237139415e-01	7.936979824378018189e-02	3.403082465616817653e-02	8.543162219355138198e-02
1.444074408776102018e+03	2.226768039745175287e-01	1.335216868643867572e-01	2.776997651666015532e-01	1.671310020269317631e-01	7.941343633757501352e-02	3.406004620455235082e-02	8.549725942540457868e-02
1.446493293882929493e+03	2.224199261467057764e-01	1.333631720581553437e-01	2.778738227114745385e-01	1.672342143032753692e-01	7.945695022720759837e-02	3.408920249743884606e-02	8.556271205571205907e-02
1.448912178989757422e+03	2.221637879110724967e-01	1.332051136780335876e-01	2.780473591845598613e-01	1.673371246909766685e-01	7.950034027949916260e-02	3.411829364347782750e-02	8.562798061234999647e-02
1.451331064096585123e+03	2.219083871348407067e-01	1.330475104076619397e-01	2.782203760990299424e-01	1.674397341251557814e-01	7.954360686018006887e-02	3.414731975136557629e-02	8.569306562173550912e-02
1.453749949203412370e+03	2.216537216913977426e-01	1.328903609344863623e-01	2.783928749636869759e-01	1.675420435378329187e-01	7.958675033389289721e-02	3.417628092984278249e-02	8.575796760882985204e-02
1.456168834310240300e+03	2.213997894602773020e-01	1.327336639497470883e-01	2.785648572829751979e-01	1.676440538579400952e-01	7.962977106419544260e-02	3.420517728769286586e-02	8.582268709714149790e-02
1.458587719417068001e+03	2.211465883271414856e-01	1.325774181484677128e-01	2.787363245569938752e-01	1.677457660113329529e-01	7.967266941356376808e-02	3.423400893374029669e-02	8.588722460872934283e-02
1.461006604523895703e+03	2.208941161837631451e-01	1.324216222294441470e-01	2.789072782815095741e-01	1.678471809208025023e-01	7.971544574339525790e-02	3.426277597684893039e-02	8.595158066420585663e-02
1.463425489630723177e+03	2.206423709280082024e-01	1.322662748952337930e-01	2.790777199479686499e-01	1.679482995060865846e-01	7.975810041401155959e-02	3.429147852592031448e-02	8.601575578274026079e-02
1.465844374737550879e+03	2.203913504638178034e-01	1.321113748521444697e-01	2.792476510435100145e-01	1.680491226838816410e-01	7.980063378466165092e-02	3.432011668989209258e-02	8.607975048206165103e-02
1.468263259844378354e+03	2.201410527011908036e-01	1.319569208102235880e-01	2.794170730509773493e-01	1.681496513678541194e-01	7.984304621352485143e-02	3.434869057773633216e-02	8.614356527846225853e-02
1.470682144951206283e+03	2.198914755561661438e-01	1.318029114832473259e-01	2.795859874489315389e-01	1.682498864686519102e-01	7.988533805771387553e-02	3.437720029845790781e-02	8.620720068680055859e-02
1.473101030058033530e+03	2.196426169508053916e-01	1.316493455887097486e-01	2.797543957116632174e-01	1.683498288939158372e-01	7.992750967327770517e-02	3.440564596109287748e-02	8.627065722050451801e-02
1.475519915164861459e+03	2.193944748131751998e-01	1.314962218478120670e-01	2.799222993092047584e-01	1.684494795482908980e-01	7.996956141520468464e-02	3.443402767470689352e-02	8.633393539157475927e-02
1.477938800271689161e+03	2.191470470773298762e-01	1.313435389854518409e-01	2.800896997073430428e-01	1.685488393334376167e-01	8.001149363742551812e-02	3.446234554839358588e-02	8.639703571058773846e-02
1.480357685378516862e+03	2.189003316832940638e-01	1.311912957302123206e-01	2.802565983676313377e-01	1.686479091480432568e-01	8.005330669281619793e-02	3.449059969127300090e-02	8.645995868669900664e-02
1.482776570485344337e+03	2.186543265770454214e-01	1.310394908143516501e-01	2.804229967474017315e-01	1.687466898878330346e-01	8.009500093320101599e-02	3.451879021248999840e-02	8.652270482764637394e-02
