1.001418434226643626e+03	2.785577022104041012e-01	1.815865581263530482e-01	2.346530654290653328e-01	1.408829337967960060e-01	6.829753791042308952e-02	2.679115509168544795e-02	6.923104743496237556e-02
1.003837319333471214e+03	2.781177575336232222e-01	1.813233014903873619e-01	2.349413327488218406e-01	1.410593510863622224e-01	6.837237538049681373e-02	2.684002291281830516e-02	6.934585884717960058e-02
1.006256204440298802e+03	2.776791279037551519e-01	1.810607426700591716e-01	2.352285949210185800e-01	1.412352486096671300e-01	6.844699253024941199e-02	2.688887650408106414e-02	6.946041686085888123e-02
1.008675089547126618e+03	2.772418093364319436e-01	1.807988796949697996e-01	2.355148570659802432e-01	1.414106279100165453e-01	6.852139002218572694e-02	2.693771392852369398e-02	6.957472204158147988e-02
1.011093974653954206e+03	2.768057978602165847e-01	1.805377106014287580e-01	2.358001242724930557e-01	1.415854905266789587e-01	6.859556851617532036e-02	2.698653329479476504e-02	6.968877492790198636e-02
1.013512859760782021e+03	2.763710895165539250e-01	1.802772334324235781e-01	2.360844015976168164e-01	1.417598379948367959e-01	6.866952866952377721e-02	2.703533275595041557e-02	6.980257603278412770e-02
1.015931744867609382e+03	2.759376803597217154e-01	1.800174462375897788e-01	2.363676940665195569e-01	1.419336718455437851e-01	6.874327113703759817e-02	2.708411050830077105e-02	6.991612584497618188e-02
1.018350629974437197e+03	2.755055664567820917e-01	1.797583470731808353e-01	2.366500066723344897e-01	1.421069936056879590e-01	6.881679657108336068e-02	2.713286479029251505e-02	7.002942483032822962e-02
1.020769515081264785e+03	2.750747438875321693e-01	1.794999340020381473e-01	2.369313443760380777e-01	1.422798047979596248e-01	6.889010562164160634e-02	2.718159388142633859e-02	7.014247343305353433e-02
1.023188400188092373e+03	2.746452087444562484e-01	1.792422050935609523e-01	2.372117121063478107e-01	1.424521069408239415e-01	6.896319893635617648e-02	2.723029610120805688e-02	7.025527207693627041e-02
1.025607285294920075e+03	2.742169571326772970e-01	1.789851584236763493e-01	2.374911147596392713e-01	1.426239015484976058e-01	6.903607716057906518e-02	2.727896980813220712e-02	7.036782116648764018e-02
1.028026170401747549e+03	2.737899851699086562e-01	1.787287920748092118e-01	2.377695571998812152e-01	1.427951901309292004e-01	6.910874093741166402e-02	2.732761339869702044e-02	7.048012108805243314e-02
1.030445055508575479e+03	2.733642889864063563e-01	1.784731041358522952e-01	2.380470442585878588e-01	1.429659741937827355e-01	6.918119090774244029e-02	2.737622530644966135e-02	7.059217221086803995e-02
1.032863940615402726e+03	2.729398647249209886e-01	1.782180927021361494e-01	2.383235807347880153e-01	1.431362552384244091e-01	6.925342771028149269e-02	2.742480400106069027e-02	7.070397488807766972e-02
1.035282825722230655e+03	2.725167085406501322e-01	1.779637558753995319e-01	2.385991713950091075e-01	1.433060347619118935e-01	6.932545198159234534e-02	2.747334798742675013e-02	7.081552945769968577e-02
1.037701710829058356e+03	2.720948166011910030e-01	1.777100917637592647e-01	2.388738209732768347e-01	1.434753142569859807e-01	6.939726435612114663e-02	2.752185580480047411e-02	7.092683624355472505e-02
1.040120595935886058e+03	2.716741850864931584e-01	1.774570984816807029e-01	2.391475341711284119e-01	1.436440952120646430e-01	6.946886546622356440e-02	2.757032602594671269e-02	7.103789555615225293e-02
1.042539481042713533e+03	2.712548101888110352e-01	1.772047741499480078e-01	2.394203156576393543e-01	1.438123791112389249e-01	6.954025594218971040e-02	2.761875725632415013e-02	7.114870769353827396e-02
1.044958366149541234e+03	2.708366881126573200e-01	1.769531168956344769e-01	2.396921700694631119e-01	1.439801674342704729e-01	6.961143641226703871e-02	2.766714813329145331e-02	7.125927294210554486e-02
1.047377251256368709e+03	2.704198150747560425e-01	1.767021248520730670e-01	2.399631020108826118e-01	1.441474616565908140e-01	6.968240750268166195e-02	2.771549732533711702e-02	7.136959157736801063e-02
1.049796136363196410e+03	2.700041873039960016e-01	1.764517961588270567e-01	2.402331160538732913e-01	1.443142632493020772e-01	6.975316983765815493e-02	2.776380353133216933e-02	7.147966386470058775e-02
1.052215021470024112e+03	2.695898010413840806e-01	1.762021289616604869e-01	2.405022167381769826e-01	1.444805736791788808e-01	6.982372403943784556e-02	2.781206547980498781e-02	7.158949006004604321e-02
1.054633906576851814e+03	2.691766525399993393e-01	1.759531214125092113e-01	2.407704085713859854e-01	1.446463944086714137e-01	6.989407072829600942e-02	2.786028192823747016e-02	7.169907041058991293e-02
1.057052791683679516e+03	2.687647380649466067e-01	1.757047716694515871e-01	2.410376960290369630e-01	1.448117268959095427e-01	6.996421052255787087e-02	2.790845166238180644e-02	7.180840515540495850e-02
1.059471676790506763e+03	2.683540538933106845e-01	1.754570778966794975e-01	2.413040835547140550e-01	1.449765725947079753e-01	7.003414403861354942e-02	2.795657349559721450e-02	7.191749452606630011e-02
1.061890561897334692e+03	2.679445963141108278e-01	1.752100382644695420e-01	2.415695755601603434e-01	1.451409329545719773e-01	7.010387189093218729e-02	2.800464626820589609e-02	7.202633874723851637e-02
1.064309447004162394e+03	2.675363616282548374e-01	1.749636509491541148e-01	2.418341764253979786e-01	1.453048094207040619e-01	7.017339469207514724e-02	2.805266884686761358e-02	7.213493803723551590e-02
1.066728332110990095e+03	2.671293461484940401e-01	1.747179141330928998e-01	2.420978904988556335e-01	1.454682034340113173e-01	7.024271305270846089e-02	2.810064012397224531e-02	7.224329260855474888e-02
1.069147217217817570e+03	2.667235461993777146e-01	1.744728260046442270e-01	2.423607220975033671e-01	1.456311164311132333e-01	7.031182758161473589e-02	2.814855901704972282e-02	7.235140266838629985e-02
1.071566102324645271e+03	2.663189581172085707e-01	1.742283847581367895e-01	2.426226755069944840e-01	1.457935498443501676e-01	7.038073888570423042e-02	2.819642446819675685e-02	7.245926841909829108e-02
1.073984987431472746e+03	2.659155782499976750e-01	1.739845885938412773e-01	2.428837549818136099e-01	1.459555051017921712e-01	7.044944757002551128e-02	2.824423544351981064e-02	7.256689005869923492e-02
1.076403872538300675e+03	2.655134029574198751e-01	1.737414357179422331e-01	2.431439647454308184e-01	1.461169836272484535e-01	7.051795423777562632e-02	2.829199093259376213e-02	7.267426778127845932e-02
1.078822757645127922e+03	2.651124286107694461e-01	1.734989243425101579e-01	2.434033089904617808e-01	1.462779868402769023e-01	7.058625949030972180e-02	2.833968994793575544e-02	7.278140177742543904e-02
1.081241642751955851e+03	2.647126515929159596e-01	1.732570526854735893e-01	2.436617918788326342e-01	1.464385161561941595e-01	7.065436392715027103e-02	2.838733152449370717e-02	7.288829223462885143e-02
1.083660527858783553e+03	2.643140682982599299e-01	1.730158189705914284e-01	2.439194175419504285e-01	1.465985729860861120e-01	7.072226814599601175e-02	2.843491471914905144e-02	7.299493933765621723e-02
1.086079412965611255e+03	2.639166751326893490e-01	1.727752214274253517e-01	2.441761900808776808e-01	1.467581587368182727e-01	7.078997274273042539e-02	2.848243861023314061e-02	7.310134326891491729e-02
1.088498298072438729e+03	2.635204685135358882e-01	1.725352582913123600e-01	2.444321135665117883e-01	1.469172748110467441e-01	7.085747831142998054e-02	2.852990229705698252e-02	7.320750420879539033e-02
1.090917183179266431e+03	2.631254448695313219e-01	1.722959278033376618e-01	2.446871920397679645e-01	1.470759226072291814e-01	7.092478544437207100e-02	2.857730489945379745e-02	7.331342233599706659e-02
1.093336068286093905e+03	2.627316006407646731e-01	1.720572282103073614e-01	2.449414295117661455e-01	1.472341035196361170e-01	7.099189473204270406e-02	2.862464555733400251e-02	7.341909782783802296e-02
1.095754953392921607e+03	2.623389322786388034e-01	1.718191577647215917e-01	2.451948299640214768e-01	1.473918189383622290e-01	7.105880676314396682e-02	2.867192343025219692e-02	7.352453086054874798e-02
1.098173838499749309e+03	2.619474362458276140e-01	1.715817147247476748e-01	2.454473973486378247e-01	1.475490702493379158e-01	7.112552212460124257e-02	2.871913769698581156e-02	7.362972160955089107e-02
1.100592723606577010e+03	2.615571090162336354e-01	1.713448973541935316e-01	2.456991355885041750e-01	1.477058588343409251e-01	7.119204140157023297e-02	2.876628755512500302e-02	7.373467024972149564e-02
1.103011608713404712e+03	2.611679470749451726e-01	1.711087039224810646e-01	2.459500485774940015e-01	1.478621860710080671e-01	7.125836517744393861e-02	2.881337222067343121e-02	7.383937695564325721e-02
1.105430493820231959e+03	2.607799469181946161e-01	1.708731327046199566e-01	2.462001401806667711e-01	1.480180533328471215e-01	7.132449403385926479e-02	2.886039092765958422e-02	7.394384190184166705e-02
1.107849378927059888e+03	2.603931050533156433e-01	1.706381819811813305e-01	2.464494142344721139e-01	1.481734619892486338e-01	7.139042855070365512e-02	2.890734292775833450e-02	7.404806526300923564e-02
1.110268264033887590e+03	2.600074179987021394e-01	1.704038500382717980e-01	2.466978745469555756e-01	1.483284134054980441e-01	7.145616930612147533e-02	2.895422748992235173e-02	7.415204721421757295e-02
1.112687149140715292e+03	2.596228822837659544e-01	1.701701351675076190e-01	2.469455248979666728e-01	1.484829089427875670e-01	7.152171687652038312e-02	2.900104390002309490e-02	7.425578793111771436e-02
1.115106034247542766e+03	2.592394944488957687e-01	1.699370356659889447e-01	2.471923690393682538e-01	1.486369499582283205e-01	7.158707183657744832e-02	2.904779146050107466e-02	7.435928759012930267e-02
1.117524919354370468e+03	2.588572510454155706e-01	1.697045498362741989e-01	2.474384106952475237e-01	1.487905378048623994e-01	7.165223475924532848e-02	2.909446949002510163e-02	7.446254636861888987e-02
1.119943804461197942e+03	2.584761486355439675e-01	1.694726759863548482e-01	2.476836535621283475e-01	1.489436738316751441e-01	7.171720621575823629e-02	2.914107732316020480e-02	7.456556444506819148e-02
1.122362689568025871e+03	2.580961837923531066e-01	1.692414124296300615e-01	2.479281013091846897e-01	1.490963593836070744e-01	7.178198677563782382e-02	2.918761431004398763e-02	7.466834199923218229e-02
1.124781574674853118e+03	2.577173530997279305e-01	1.690107574848816463e-01	2.481717575784548602e-01	1.492485958015662695e-01	7.184657700669909441e-02	2.923407981607114431e-02	7.477087921228800504e-02
1.127200459781681047e+03	2.573396531523257647e-01	1.687807094762491522e-01	2.484146259850569249e-01	1.494003844224403577e-01	7.191097747505609261e-02	2.928047322158587942e-02	7.487317626697473361e-02
1.129619344888508749e+03	2.569630805555361830e-01	1.685512667332051406e-01	2.486567101174045891e-01	1.495517265791088124e-01	7.197518874512760789e-02	2.932679392158200546e-02	7.497523334772451808e-02
1.132038229995336451e+03	2.565876319254408178e-01	1.683224275905305933e-01	2.488980135374235791e-01	1.497026236004551647e-01	7.203921137964280907e-02	2.937304132541043028e-02	7.507705064078547263e-02
1.134457115102163925e+03	2.562133038887735581e-01	1.680941903882904043e-01	2.491385397807685531e-01	1.498530768113789935e-01	7.210304593964680930e-02	2.941921485649389573e-02	7.517862833433661129e-02
1.136876000208991627e+03	2.558400930828808595e-01	1.678665534718092045e-01	2.493782923570403154e-01	1.500030875328082769e-01	7.216669298450621717e-02	2.946531395204864470e-02	7.527996661859527594e-02
1.139294885315819101e+03	2.554679961556822754e-01	1.676395151916472703e-01	2.496172747500031708e-01	1.501526570817114103e-01	7.223015307191453516e-02	2.951133806281289185e-02	7.538106568591725065e-02
1.141713770422646803e+03	2.550970097656309332e-01	1.674130739035764870e-01	2.498554904178023339e-01	1.503017867711094468e-01	7.229342675789762751e-02	2.955728665278185147e-02	7.548192573089002044e-02
1.144132655529474505e+03	2.547271305816750653e-01	1.671872279685567009e-01	2.500929427931813387e-01	1.504504779100880596e-01	7.235651459681900766e-02	2.960315919894911108e-02	7.558254695041942417e-02
1.146551540636302207e+03	2.543583552832184846e-01	1.669619757527118775e-01	2.503296352836992256e-01	1.505987318038098099e-01	7.241941714138527830e-02	2.964895519105420138e-02	7.568292954380984039e-02
1.148970425743129908e+03	2.539906805600821715e-01	1.667373156273068702e-01	2.505655712719476735e-01	1.507465497535261101e-01	7.248213494265133561e-02	2.969467413133614411e-02	7.578307371283850291e-02
1.151389310849957155e+03	2.536241031124656931e-01	1.665132459687238831e-01	2.508007541157675213e-01	1.508939330565892967e-01	7.254466855002561498e-02	2.974031553429280772e-02	7.588297966182394605e-02
1.153808195956785084e+03	2.532586196509091225e-01	1.662897651584395453e-01	2.510351871484651776e-01	1.510408830064645935e-01	7.260701851127539241e-02	2.978587892644591478e-02	7.598264759768896814e-02
1.156227081063612786e+03	2.528942268962545703e-01	1.660668715830017350e-01	2.512688736790285038e-01	1.511874008927422131e-01	7.266918537253184984e-02	2.983136384611153116e-02	7.608207773001826602e-02
1.158645966170440488e+03	2.525309215796086026e-01	1.658445636340068474e-01	2.515018169923417535e-01	1.513334880011492078e-01	7.273116967829526547e-02	2.987676984317581830e-02	7.618127027111115668e-02
1.161064851277267962e+03	2.521687004423042722e-01	1.656228397080770354e-01	2.517340203494003448e-01	1.514791456135614611e-01	7.279297197144017628e-02	2.992209647887600701e-02	7.628022543602940020e-02
1.163483736384095664e+03	2.518075602358635923e-01	1.654016982068377273e-01	2.519654869875247449e-01	1.516243750080155939e-01	7.285459279322038795e-02	2.996734332558634306e-02	7.637894344264042901e-02
1.165902621490923138e+03	2.514474977219602336e-01	1.651811375368953394e-01	2.521962201205733001e-01	1.517691774587207332e-01	7.291603268327408183e-02	3.001250996660890027e-02	7.647742451165626121e-02
1.168321506597751068e+03	2.510885096723824428e-01	1.649611561098148493e-01	2.524262229391547874e-01	1.519135542360704472e-01	7.297729217962886650e-02	3.005759599596912260e-02	7.657566886666833383e-02
1.170740391704578315e+03	2.507305928689960162e-01	1.647417523420979524e-01	2.526554986108395795e-01	1.520575066066545411e-01	7.303837181870674600e-02	3.010260101821593884e-02	7.667367673417811724e-02
1.173159276811406244e+03	2.503737441037074407e-01	1.645229246551609958e-01	2.528840502803700874e-01	1.522010358332707147e-01	7.309927213532907420e-02	3.014752464822636341e-02	7.677144834362417680e-02
1.175578161918233945e+03	2.500179601784273675e-01	1.643046714753132742e-01	2.531118810698702593e-01	1.523441431749364139e-01	7.315999366272160631e-02	3.019236651101440266e-02	7.686898392740555697e-02
1.177997047025061647e+03	2.496632379050340578e-01	1.640869912337354075e-01	2.533389940790537476e-01	1.524868298869004601e-01	7.322053693251934225e-02	3.023712624154416967e-02	7.696628372090165426e-02
1.180415932131889122e+03	2.493095741053373560e-01	1.638698823664579973e-01	2.535653923854312985e-01	1.526290972206546526e-01	7.328090247477148100e-02	3.028180348454711027e-02	7.706334796248896779e-02
1.182834817238716823e+03	2.489569656110424412e-01	1.636533433143400884e-01	2.537910790445167541e-01	1.527709464239455084e-01	7.334109081794631946e-02	3.032639789434319125e-02	7.716017689355458842e-02
1.185253702345544298e+03	2.486054092637141888e-01	1.634373725230481578e-01	2.540160570900319437e-01	1.529123787407857260e-01	7.340110248893610967e-02	3.037090913466594308e-02	7.725677075850684306e-02
1.187672587452371999e+03	2.482549019147411717e-01	1.632219684430351037e-01	2.542403295341106317e-01	1.530533954114657869e-01	7.346093801306188831e-02	3.041533687849128781e-02	7.735312980478305234e-02
1.190091472559199701e+03	2.479054404253003829e-01	1.630071295295193456e-01	2.544638993675007455e-01	1.531939976725654740e-01	7.352059791407833389e-02	3.045968080787000293e-02	7.744925428285469315e-02
1.192510357666027403e+03	2.475570216663218193e-01	1.627928542424640912e-01	2.546867695597655468e-01	1.533341867569652794e-01	7.358008271417856849e-02	3.050394061376374838e-02	7.754514444622988278e-02
1.194929242772855105e+03	2.472096425184533708e-01	1.625791410465567410e-01	2.549089430594836392e-01	1.534739638938579231e-01	7.363939293399891783e-02	3.054811599588456300e-02	7.764080055145367032e-02
1.197348127879682352e+03	2.468632998720258209e-01	1.623659884111885721e-01	2.551304227944474756e-01	1.536133303087597046e-01	7.369852909262376850e-02	3.059220666253768817e-02	7.773622285810581622e-02
1.199767012986510281e+03	2.465179906270179855e-01	1.621533948104342260e-01	2.553512116718603675e-01	1.537522872235217442e-01	7.375749170759020312e-02	3.063621233046773251e-02	7.783141162879655961e-02
1.202185898093337983e+03	2.461737116930222125e-01	1.619413587230317531e-01	2.555713125785323836e-01	1.538908358563415013e-01	7.381628129489280210e-02	3.068013272470795916e-02	7.792636712916024833e-02
1.204604783200165684e+03	2.458304599892097986e-01	1.617298786323625726e-01	2.557907283810745280e-01	1.540289774217739049e-01	7.387489836898836204e-02	3.072396757843271625e-02	7.802108962784701229e-02
1.207023668306993159e+03	2.454882324442968222e-01	1.615189530264314610e-01	2.560094619260918081e-01	1.541667131307426775e-01	7.393334344280053094e-02	3.076771663281287206e-02	7.811557939651272986e-02
1.209442553413820860e+03	2.451470259965099763e-01	1.613085803978470401e-01	2.562275160403745811e-01	1.543040441905514371e-01	7.399161702772462379e-02	3.081137963687419906e-02	7.820983670980705127e-02
1.211861438520648335e+03	2.448068375935526231e-01	1.610987592438019866e-01	2.564448935310886246e-01	1.544409718048949665e-01	7.404971963363213283e-02	3.085495634735862386e-02	7.830386184535992333e-02
1.214280323627476264e+03	2.444676641925710436e-01	1.608894880660537152e-01	2.566615971859636525e-01	1.545774971738702874e-01	7.410765176887543215e-02	3.089844652858825952e-02	7.839765508376650427e-02
1.216699208734303511e+03	2.441295027601208811e-01	1.606807653709048656e-01	2.568776297734801095e-01	1.547136214939877630e-01	7.416541394029244061e-02	3.094184995233216148e-02	7.849121670857062139e-02
1.219118093841131440e+03	2.437923502721336400e-01	1.604725896691843734e-01	2.570929940430548566e-01	1.548493459581821718e-01	7.422300665321120150e-02	3.098516639767573411e-02	7.858454700624684097e-02
1.221536978947959142e+03	2.434562037138834623e-01	1.602649594762282637e-01	2.573076927252250790e-01	1.549846717558236442e-01	7.428043041145448999e-02	3.102839565089272542e-02	7.867764626618121981e-02
1.223955864054786844e+03	2.431210600799539878e-01	1.600578733118606378e-01	2.575217285318305294e-01	1.551196000727286806e-01	7.433768571734437891e-02	3.107153750531971292e-02	7.877051478065087708e-02
1.226374749161614318e+03	2.427869163742054914e-01	1.598513297003750500e-01	2.577351041561948275e-01	1.552541320911711431e-01	7.439477307170681841e-02	3.111459176123308398e-02	7.886315284480234500e-02
1.228793634268442020e+03	2.424537696097420481e-01	1.596453271705158272e-01	2.579478222733042614e-01	1.553882689898930525e-01	7.445169297387618790e-02	3.115755822572834760e-02	7.895556075662892026e-02
1.231212519375269494e+03	2.421216168088789478e-01	1.594398642554594736e-01	2.581598855399860892e-01	1.555220119441155513e-01	7.450844592169979241e-02	3.120043671260185059e-02	7.904773881694693305e-02
1.233631404482097196e+03	2.417904550031102495e-01	1.592349394927961848e-01	2.583712965950842877e-01	1.556553621255496456e-01	7.456503241154241457e-02	3.124322704223469679e-02	7.913968732937110007e-02
1.236050289588924898e+03	2.414602812330765014e-01	1.590305514245117791e-01	2.585820580596344676e-01	1.557883207024070571e-01	7.462145293829083870e-02	3.128592904147893539e-02	7.923140660028900328e-02
1.238469174695752372e+03	2.411310925485325440e-01	1.588266985969693512e-01	2.587921725370369019e-01	1.559208888394109094e-01	7.467770799535825010e-02	3.132854254354590362e-02	7.932289693883468051e-02
1.240888059802580301e+03	2.408028860083156197e-01	1.586233795608913977e-01	2.590016426132280003e-01	1.560530676978065245e-01	7.473379807468880087e-02	3.137106738789664090e-02	7.941415865686156372e-02
1.243306944909407548e+03	2.404756586803135643e-01	1.584205928713418310e-01	2.592104708568502280e-01	1.561848584353719982e-01	7.478972366676200911e-02	3.141350342013442959e-02	7.950519206891452917e-02
1.245725830016235477e+03	2.401494076414330547e-01	1.582183370877081330e-01	2.594186598194205273e-01	1.563162622064289131e-01	7.484548526059719986e-02	3.145585049189928567e-02	7.959599749220146181e-02
1.248144715123063179e+03	2.398241299775681623e-01	1.580166107736838410e-01	2.596262120354970726e-01	1.564472801618529696e-01	7.490108334375797372e-02	3.149810846076444432e-02	7.968657524656408420e-02
1.250563600229890881e+03	2.394998227835690441e-01	1.578154124972508954e-01	2.598331300228444718e-01	1.565779134490844493e-01	7.495651840235656449e-02	3.154027719013476755e-02	7.977692565444827189e-02
1.252982485336718355e+03	2.391764831632106625e-01	1.576147408306623199e-01	2.600394162825975242e-01	1.567081632121389012e-01	7.501179092105828006e-02	3.158235654914699764e-02	7.986704904087379986e-02
1.255401370443546057e+03	2.388541082291617546e-01	1.574145943504248468e-01	2.602450732994230354e-01	1.568380305916174666e-01	7.506690138308583227e-02	3.162434641257186319e-02	7.995694573340371425e-02
1.257820255550373531e+03	2.385326951029540232e-01	1.572149716372817363e-01	2.604501035416805776e-01	1.569675167247173986e-01	7.512185027022375006e-02	3.166624666071795463e-02	8.004661606211309344e-02
1.260239140657201460e+03	2.382122409149512454e-01	1.570158712761956787e-01	2.606545094615813074e-01	1.570966227452425812e-01	7.517663806282269545e-02	3.170805717933734835e-02	8.013606035955761486e-02
1.262658025764028707e+03	2.378927428043187409e-01	1.568172918563320306e-01	2.608582934953455057e-01	1.572253497836137992e-01	7.523126523980384894e-02	3.174977785953292386e-02	8.022527896074156673e-02
1.265076910870856636e+03	2.375741979189930075e-01	1.566192319710417169e-01	2.610614580633582316e-01	1.573536989668791186e-01	7.528573227866318385e-02	3.179140859766738797e-02	8.031427220308570702e-02
1.267495795977684338e+03	2.372566034156513015e-01	1.564216902178446056e-01	2.612640055703238096e-01	1.574816714187243227e-01	7.534003965547576842e-02	3.183294929527385325e-02	8.040304042639467852e-02
1.269914681084511813e+03	2.369399564596814389e-01	1.562246651984130763e-01	2.614659384054183744e-01	1.576092682594829597e-01	7.539418784490012349e-02	3.187439985896809574e-02	8.049158397282429878e-02
1.272333566191339514e+03	2.366242542251519032e-01	1.560281555185552282e-01	2.616672589424411943e-01	1.577364906061467786e-01	7.544817732018244127e-02	3.191576020036228367e-02	8.057990318684854492e-02
1.274752451298167216e+03	2.363094938947819246e-01	1.558321597881986431e-01	2.618679695399643292e-01	1.578633395723758881e-01	7.550200855316087367e-02	3.195703023598028825e-02	8.066799841522634407e-02
1.277171336404994690e+03	2.359956726599117538e-01	1.556366766213741759e-01	2.620680725414809564e-01	1.579898162685089702e-01	7.555568201426977881e-02	3.199820988717443776e-02	8.075587000696822504e-02
1.279590221511822392e+03	2.356827877204730193e-01	1.554417046361995791e-01	2.622675702755517535e-01	1.581159218015733281e-01	7.560919817254396769e-02	3.203929908004375660e-02	8.084351831330281735e-02
1.282009106618650094e+03	2.353708362849593894e-01	1.552472424548636820e-01	2.624664650559502821e-01	1.582416572752951001e-01	7.566255749562293687e-02	3.208029774535363365e-02	8.093094368764323920e-02
1.284427991725477568e+03	2.350598155703970682e-01	1.550532887036102092e-01	2.626647591818064287e-01	1.583670237901092515e-01	7.571576044975505959e-02	3.212120581845682304e-02	8.101814648555340226e-02
1.286846876832305497e+03	2.347497228023158744e-01	1.548598420127220432e-01	2.628624549377486797e-01	1.584920224431697611e-01	7.576880749980176299e-02	3.216202323921589501e-02	8.110512706471419142e-02
1.289265761939132744e+03	2.344405552147199590e-01	1.546669010165054869e-01	2.630595545940449531e-01	1.586166543283593355e-01	7.582169910924177469e-02	3.220274995192695666e-02	8.119188578488968633e-02
1.291684647045960673e+03	2.341323100500591059e-01	1.544744643532746375e-01	2.632560604067414878e-01	1.587409205362997344e-01	7.587443574017523062e-02	3.224338590524467030e-02	8.127842300789328567e-02
1.294103532152788375e+03	2.338249845591998943e-01	1.542825306653357598e-01	2.634519746178007327e-01	1.588648221543615124e-01	7.592701785332786613e-02	3.228393105210861092e-02	8.136473909755383149e-02
1.296522417259616077e+03	2.335185760013969714e-01	1.540910985989718818e-01	2.636472994552376270e-01	1.589883602666739559e-01	7.597944590805513765e-02	3.232438534967081029e-02	8.145083441968184457e-02
1.298941302366443551e+03	2.332130816442647137e-01	1.539001668044274462e-01	2.638420371332546033e-01	1.591115359541348806e-01	7.603172036234637221e-02	3.236474875922457084e-02	8.153670934203564868e-02
1.301360187473271253e+03	2.329084987637487780e-01	1.537097339358931281e-01	2.640361898523747031e-01	1.592343502944206513e-01	7.608384167282886135e-02	3.240502124613441753e-02	8.162236423428764764e-02
1.303779072580098727e+03	2.326048246440979017e-01	1.535197986514906243e-01	2.642297597995739156e-01	1.593568043619958685e-01	7.613581029477196893e-02	3.244520277976731260e-02	8.170779946799062998e-02
1.306197957686926657e+03	2.323020565778357582e-01	1.533303596132576108e-01	2.644227491484114068e-01	1.594788992281231110e-01	7.618762668209122513e-02	3.248529333342493886e-02	8.179301541654412921e-02
1.308616842793753904e+03	2.320001918657330631e-01	1.531414154871329480e-01	2.646151600591588604e-01	1.596006359608727887e-01	7.623929128735243421e-02	3.252529288427714882e-02	8.187801245516093673e-02
1.311035727900581833e+03	2.316992278167796238e-01	1.529529649429415827e-01	2.648069946789284312e-01	1.597220156251327738e-01	7.629080456177565750e-02	3.256520141329652396e-02	8.196279096083368410e-02
1.313454613007409534e+03	2.313991617481566676e-01	1.527650066543799479e-01	2.649982551417986998e-01	1.598430392826180602e-01	7.634216695523933505e-02	3.260501890519398177e-02	8.204735131230153633e-02
1.315873498114237009e+03	2.310999909852092804e-01	1.525775392990013080e-01	2.651889435689403496e-01	1.599637079918804772e-01	7.639337891628428245e-02	3.264474534835547920e-02	8.213169389001707954e-02
1.318292383221064711e+03	2.308017128614189284e-01	1.523905615582011597e-01	2.653790620687391244e-01	1.600840228083182659e-01	7.644444089211774318e-02	3.268438073477970829e-02	8.221581907611326401e-02
1.320711268327892412e+03	2.305043247183761468e-01	1.522040721172027156e-01	2.655686127369187299e-01	1.602039847841856268e-01	7.649535332861738535e-02	3.272392506001689516e-02	8.229972725437059711e-02
1.323130153434719887e+03	2.302078239057533116e-01	1.520180696650425822e-01	2.657575976566615705e-01	1.603235949686023509e-01	7.654611667033528466e-02	3.276337832310850101e-02	8.238341881018443336e-02
1.325549038541547588e+03	2.299122077812774667e-01	1.518325528945564662e-01	2.659460188987284868e-01	1.604428544075632845e-01	7.659673136050192122e-02	3.280274052652794314e-02	8.246689413053250040e-02
1.327967923648375290e+03	2.296174737107034014e-01	1.516475205023649075e-01	2.661338785215769942e-01	1.605617641439477661e-01	7.664719784103019018e-02	3.284201167612229438e-02	8.255015360394248047e-02
1.330386808755202765e+03	2.293236190677869768e-01	1.514629711888592634e-01	2.663211785714785229e-01	1.606803252175291186e-01	7.669751655251927369e-02	3.288119178105488455e-02	8.263319762046000827e-02
1.332805693862030694e+03	2.290306412342580644e-01	1.512789036581875801e-01	2.665079210826339917e-01	1.607985386649841419e-01	7.674768793425866542e-02	3.292028085374888724e-02	8.271602657161666872e-02
1.335224578968857941e+03	2.287385375997942616e-01	1.510953166182407714e-01	2.666941080772883832e-01	1.609164055199023835e-01	7.679771242423207023e-02	3.295927890983172542e-02	8.279864085039831401e-02
1.337643464075685870e+03	2.284473055619942461e-01	1.509122087806386292e-01	2.668797415658440975e-01	1.610339268127956025e-01	7.684759045912134545e-02	3.299818596808042764e-02	8.288104085121350550e-02
1.340062349182513572e+03	2.281569425263513251e-01	1.507295788607162235e-01	2.670648235469726406e-01	1.611511035711069850e-01	7.689732247431040058e-02	3.303700205036785853e-02	8.296322696986230261e-02
1.342481234289341273e+03	2.278674459062274282e-01	1.505474255775100800e-01	2.672493560077256469e-01	1.612679368192206086e-01	7.694690890388905524e-02	3.307572718160975422e-02	8.304519960350519037e-02
1.344900119396168748e+03	2.275788131228267397e-01	1.503657476537446080e-01	2.674333409236439585e-01	1.613844275784705462e-01	7.699635018065700831e-02	3.311436138971267373e-02	8.312695915063222918e-02
1.347319004502996449e+03	2.272910416051697469e-01	1.501845438158186663e-01	2.676167802588663158e-01	1.615005768671501363e-01	7.704564673612762649e-02	3.315290470552267887e-02	8.320850601103257915e-02
1.349737889609823924e+03	2.270041287900674554e-01	1.500038127937920740e-01	2.677996759662362170e-01	1.616163857005212812e-01	7.709479900053185786e-02	3.319135716277490239e-02	8.328984058576402449e-02
1.352156774716651853e+03	2.267180721220954098e-01	1.498235533213722048e-01	2.679820299874077216e-01	1.617318550908234676e-01	7.714380740282203441e-02	3.322971879804390710e-02	8.337096327712301136e-02
1.354575659823479100e+03	2.264328690535681865e-01	1.496437641359008863e-01	2.681638442529502564e-01	1.618469860472830923e-01	7.719267237067575782e-02	3.326798965069474590e-02	8.345187448861482449e-02
1.356994544930307029e+03	2.261485170445137194e-01	1.494644439783411050e-01	2.683451206824519764e-01	1.619617795761224832e-01	7.724139433049967418e-02	3.330616976283487518e-02	8.353257462492393037e-02
1.359413430037134731e+03	2.258650135626477928e-01	1.492855915932637945e-01	2.685258611846222943e-01	1.620762366805689747e-01	7.728997370743333206e-02	3.334425917926678307e-02	8.361306409188473676e-02
1.361832315143962205e+03	2.255823560833489227e-01	1.491072057288350683e-01	2.687060676573929663e-01	1.621903583608639288e-01	7.733841092535295725e-02	3.338225794744135305e-02	8.369334329645256032e-02
1.364251200250789907e+03	2.253005420896328770e-01	1.489292851368030079e-01	2.688857419880180122e-01	1.623041456142718664e-01	7.738670640687521363e-02	3.342016611741196325e-02	8.377341264667476084e-02
1.366670085357617609e+03	2.250195690721276676e-01	1.487518285724849232e-01	2.690648860531729691e-01	1.624175994350894325e-01	7.743486057336103345e-02	3.345798374178928641e-02	8.385327255166234728e-02
1.369088970464445310e+03	2.247394345290486539e-01	1.485748347947545567e-01	2.692435017190523694e-01	1.625307208146542781e-01	7.748287384491930885e-02	3.349571087569679778e-02	8.393292342156170871e-02
1.371507855571272785e+03	2.244601359661733408e-01	1.483983025660293720e-01	2.694215908414665517e-01	1.626435107413541081e-01	7.753074664041074981e-02	3.353334757672696287e-02	8.401236566752658119e-02
1.373926740678100487e+03	2.241816708968168426e-01	1.482222306522577859e-01	2.695991552659374180e-01	1.627559702006355080e-01	7.757847937745147859e-02	3.357089390489812614e-02	8.409159970169047260e-02
1.376345625784927961e+03	2.239040368418070970e-01	1.480466178229067620e-01	2.697761968277928024e-01	1.628681001750129365e-01	7.762607247241691544e-02	3.360834992261201720e-02	8.417062593713919849e-02
1.378764510891755890e+03	2.236272313294602188e-01	1.478714628509491813e-01	2.699527173522598411e-01	1.629799016440774129e-01	7.767352634044535908e-02	3.364571569461195788e-02	8.424944478788372326e-02
1.381183395998583137e+03	2.233512518955561577e-01	1.476967645128515749e-01	2.701287186545577867e-01	1.630913755845054547e-01	7.772084139544177539e-02	3.368299128794166597e-02	8.432805666883338991e-02
1.383602281105411066e+03	2.230760960833141349e-01	1.475225215885615226e-01	2.703042025399889359e-01	1.632025229700678481e-01	7.776801805008143331e-02	3.372017677190471130e-02	8.440646199576927466e-02
1.386021166212238768e+03	2.228017614433685234e-01	1.473487328614955794e-01	2.704791708040290565e-01	1.633133447716383913e-01	7.781505671581362416e-02	3.375727221802461014e-02	8.448466118531798574e-02
1.388440051319066470e+03	2.225282455337447007e-01	1.471753971185270626e-01	2.706536252324168723e-01	1.634238419572027201e-01	7.786195780286535306e-02	3.379427770000548864e-02	8.456265465492555922e-02
1.390858936425893944e+03	2.222555459198347905e-01	1.470025131499737847e-01	2.708275676012421584e-01	1.635340154918668576e-01	7.790872172024493336e-02	3.383119329369335682e-02	8.464044282283182674e-02
1.393277821532721646e+03	2.219836601743738480e-01	1.468300797495861731e-01	2.710009996770331719e-01	1.636438663378660396e-01	7.795534887574565031e-02	3.386801907703800019e-02	8.471802610804493594e-02
1.395696706639549120e+03	2.217125858774159908e-01	1.466580957145349473e-01	2.711739232168426383e-01	1.637533954545732640e-01	7.800183967594943868e-02	3.390475513005540564e-02	8.479540493031620385e-02
1.398115591746377049e+03	2.214423206163105007e-01	1.464865598453995443e-01	2.713463399683334054e-01	1.638626037985080053e-01	7.804819452623047715e-02	3.394140153479077021e-02	8.487257971011520630e-02
1.400534476853204296e+03	2.211728619856782874e-01	1.463154709461560454e-01	2.715182516698626536e-01	1.639714923233447363e-01	7.809441383075876875e-02	3.397795837528210655e-02	8.494955086860529747e-02
1.402953361960032225e+03	2.209042075873883237e-01	1.461448278241654630e-01	2.716896600505653292e-01	1.640800619799215043e-01	7.814049799250377681e-02	3.401442573752433418e-02	8.502631882761917115e-02
1.405372247066859927e+03	2.206363550305341092e-01	1.459746292901619447e-01	2.718605668304364120e-01	1.641883137162485906e-01	7.818644741323803327e-02	3.405080370943396745e-02	8.510288400963494926e-02
1.407791132173687402e+03	2.203693019314102441e-01	1.458048741582411434e-01	2.720309737204124612e-01	1.642962484775168097e-01	7.823226249354067741e-02	3.408709238081428922e-02	8.517924683775235373e-02
1.410210017280515103e+03	2.201030459134893091e-01	1.456355612458486715e-01	2.722008824224524393e-01	1.644038672061061968e-01	7.827794363280105028e-02	3.412329184332109355e-02	8.525540773566928077e-02
1.412628902387342805e+03	2.198375846073985229e-01	1.454666893737684152e-01	2.723702946296169269e-01	1.645111708415943341e-01	7.832349122922223350e-02	3.415940219042889331e-02	8.533136712765862497e-02
1.415047787494170507e+03	2.195729156508968161e-01	1.452982573661112387e-01	2.725392120261473372e-01	1.646181603207648725e-01	7.836890567982458811e-02	3.419542351739769670e-02	8.540712543854539485e-02
1.417466672600997981e+03	2.193090366888517384e-01	1.451302640503034924e-01	2.727076362875432980e-01	1.647248365776158852e-01	7.841418738044930725e-02	3.423135592124020715e-02	8.548268309368399487e-02
1.419885557707825683e+03	2.190459453732165052e-01	1.449627082570756065e-01	2.728755690806399792e-01	1.648312005433682503e-01	7.845933672576192730e-02	3.426719950068956438e-02	8.555804051893599327e-02
1.422304442814653157e+03	2.187836393630073484e-01	1.447955888204509600e-01	2.730430120636839764e-01	1.649372531464740610e-01	7.850435410925588053e-02	3.430295435616759203e-02	8.563319814064798696e-02
1.424723327921481086e+03	2.185221163242806741e-01	1.446289045777345572e-01	2.732099668864086395e-01	1.650429953126248128e-01	7.854923992325589521e-02	3.433862058975341996e-02	8.570815638562982730e-02
1.427142213028308333e+03	2.182613739301105249e-01	1.444626543695018417e-01	2.733764351901082912e-01	1.651484279647597864e-01	7.859399455892160380e-02	3.437419830515269642e-02	8.578291568113304011e-02
1.429561098135136262e+03	2.180014098605660700e-01	1.442968370395876776e-01	2.735424186077118902e-01	1.652535520230744015e-01	7.863861840625095689e-02	3.440968760766714707e-02	8.585747645482966206e-02
1.431979983241963964e+03	2.177422218026890399e-01	1.441314514350752751e-01	2.737079187638555844e-01	1.653583684050283220e-01	7.868311185408367880e-02	3.444508860416468921e-02	8.593183913479118807e-02
1.434398868348791666e+03	2.174838074504715502e-01	1.439664964062851715e-01	2.738729372749547641e-01	1.654628780253537823e-01	7.872747529010477863e-02	3.448040140304990675e-02	8.600600414946787953e-02
1.436817753455619140e+03	2.172261645048336465e-01	1.438019708067644342e-01	2.740374757492747837e-01	1.655670817960636643e-01	7.877170910084793642e-02	3.451562611423501098e-02	8.607997192766830841e-02
1.439236638562446842e+03	2.169692906736014060e-01	1.436378734932756418e-01	2.742015357870015158e-01	1.656709806264597684e-01	7.881581367169900043e-02	3.455076284911122453e-02	8.615374289853920675e-02
1.441655523669274316e+03	2.167131836714847049e-01	1.434742033257861982e-01	2.743651189803105739e-01	1.657745754231408908e-01	7.885978938689935935e-02	3.458581172052057479e-02	8.622731749154549652e-02
1.444074408776102018e+03	2.164578412200551527e-01	1.433109591674575356e-01	2.745282269134359798e-01	1.658778670900109831e-01	7.890363662954941182e-02	3.462077284272810362e-02	8.630069613645065252e-02
1.446493293882929493e+03	2.162032610477243322e-01	1.431481398846344566e-01	2.746908611627379981e-01	1.659808565282872017e-01	7.894735578161189704e-02	3.465564633139453510e-02	8.637387926329732901e-02
1.448912178989757422e+03	2.159494408897219830e-01	1.429857443468343925e-01	2.748530232967704712e-01	1.660835446365080126e-01	7.899094722391536427e-02	3.469043230354930396e-02	8.644686730238819450e-02
1.451331064096585123e+03	2.156963784880741308e-01	1.428237714267370229e-01	2.750147148763468219e-01	1.661859323105411568e-01	7.903441133615750347e-02	3.472513087756396583e-02	8.651966068426705792e-02
1.453749949203412370e+03	2.154440715915816595e-01	1.426622200001736174e-01	2.751759374546057235e-01	1.662880204435917830e-01	7.907774849690854535e-02	3.475974217312605835e-02	8.659225983970025853e-02
1.456168834310240300e+03	2.151925179557985512e-01	1.425010889461165442e-01	2.753366925770760476e-01	1.663898099262103025e-01	7.912095908361461982e-02	3.479426631121330243e-02	8.666466519965823623e-02
1.458587719417068001e+03	2.149417153430106253e-01	1.423403771466689172e-01	2.754969817817408684e-01	1.664913016463004103e-01	7.916404347260111440e-02	3.482870341406819892e-02	8.673687719529749041e-02
1.461006604523895703e+03	2.146916615222139169e-01	1.421800834870542984e-01	2.756568065991007455e-01	1.665924964891270232e-01	7.920700203907599102e-02	3.486305360517301388e-02	8.680889625794260822e-02
1.463425489630723177e+03	2.144423542690936380e-01	1.420202068556063180e-01	2.758161685522365625e-01	1.666933953373242183e-01	7.924983515713310278e-02	3.489731700922511087e-02	8.688072281906870920e-02
1.465844374737550879e+03	2.141937913660026949e-01	1.418607461437583483e-01	2.759750691568712555e-01	1.667939990709030595e-01	7.929254319975559406e-02	3.493149375211265090e-02	8.695235731028401471e-02
1.468263259844378354e+03	2.139459706019407326e-01	1.417017002460334851e-01	2.761335099214313193e-01	1.668943085672594806e-01	7.933512653881913401e-02	3.496558396089068099e-02	8.702380016331273671e-02
1.470682144951206283e+03	2.136988897725330960e-01	1.415430680600341939e-01	2.762914923471072037e-01	1.669943247011821674e-01	7.937758554509526110e-02	3.499958776375752117e-02	8.709505180997813290e-02
1.473101030058033530e+03	2.134525466800097360e-01	1.413848484864324295e-01	2.764490179279130433e-01	1.670940483448602465e-01	7.941992058825464440e-02	3.503350529003155384e-02	8.716611268218589503e-02
1.475519915164861459e+03	2.132069391331843922e-01	1.412270404289594217e-01	2.766060881507461100e-01	1.671934803678912507e-01	7.946213203687037263e-02	3.506733667012830458e-02	8.723698321190766214e-02
1.477938800271689161e+03	2.129620649474338046e-01	1.410696427943957665e-01	2.767627044954452109e-01	1.672926216372887243e-01	7.950422025842124318e-02	3.510108203553790468e-02	8.730766383116485285e-02
1.480357685378516862e+03	2.127179219446768965e-01	1.409126544925614621e-01	2.769188684348484752e-01	1.673914730174900500e-01	7.954618561929499565e-02	3.513474151880288665e-02	8.737815497201271986e-02
1.482776570485344337e+03	2.124745079533542358e-01	1.407560744363060001e-01	2.770745814348506975e-01	1.674900353703641098e-01	7.958802848479157310e-02	3.516831525349622956e-02	8.744845706652457085e-02
