1.001418434226643626e+03	2.785514297713572729e-01	1.815966405823651597e-01	2.346512427244888677e-01	1.408804451698935090e-01	6.829753991542375502e-02	2.678855579302846790e-02	6.923414604313227194e-02
1.002869765290740247e+03	2.782872797298800438e-01	1.814386444547647081e-01	2.348243292069456534e-01	1.409863500486008003e-01	6.834246272064078975e-02	2.681787187277568166e-02	6.930306196608169989e-02
1.004321096354836754e+03	2.780236037730302590e-01	1.812808996866275557e-01	2.349970531366983584e-01	1.410920675870519503e-01	6.838730611895210698e-02	2.684718319271309911e-02	6.937188650461603712e-02
1.005772427418933376e+03	2.777604010382684896e-01	1.811234058518105539e-01	2.351694156228981702e-01	1.411975981191456730e-01	6.843207025382394559e-02	2.687648932782735547e-02	6.944061978591517525e-02
1.007223758483029997e+03	2.774976706647366287e-01	1.809661625250419958e-01	2.353414177706463495e-01	1.413029419782634022e-01	6.847675526837243565e-02	2.690578985914489005e-02	6.950926193348365423e-02
1.008675089547126618e+03	2.772354117932541717e-01	1.808091692819193130e-01	2.355130606809774096e-01	1.414080994972650995e-01	6.852136130536971848e-02	2.693508437363636293e-02	6.957781306726734671e-02
1.010126420611223239e+03	2.769736235663142199e-01	1.806524256989067156e-01	2.356843454508434910e-01	1.415130710084851196e-01	6.856588850724974760e-02	2.696437246412288283e-02	6.964627330376724212e-02
1.011577751675319632e+03	2.767123051280797608e-01	1.804959313533330001e-01	2.358552731730999552e-01	1.416178568437286289e-01	6.861033701611372881e-02	2.699365372918403200e-02	6.971464275615034401e-02
1.013029082739416367e+03	2.764514556243798937e-01	1.803396858233890787e-01	2.360258449364918409e-01	1.417224573342680538e-01	6.865470697373531050e-02	2.702292777306763635e-02	6.978292153435768086e-02
1.014480413803512761e+03	2.761910742027059995e-01	1.801836886881257316e-01	2.361960618256415678e-01	1.418268728108399435e-01	6.869899852156544084e-02	2.705219420560122517e-02	6.985110974520962468e-02
1.015931744867609382e+03	2.759311600122079100e-01	1.800279395274511918e-01	2.363659249210376401e-01	1.419311036036421392e-01	6.874321180073700299e-02	2.708145264210518044e-02	6.991920749250846168e-02
1.017383075931706003e+03	2.756717122036901890e-01	1.798724379221289527e-01	2.365354352990242659e-01	1.420351500423310820e-01	6.878734695206917271e-02	2.711070270330752027e-02	6.998721487713843725e-02
1.018834406995802851e+03	2.754127299296081355e-01	1.797171834537753254e-01	2.367045940317918651e-01	1.421390124560193424e-01	6.883140411607159559e-02	2.713994401526027486e-02	7.005513199716310868e-02
1.020285738059899245e+03	2.751542123440644527e-01	1.795621757048570799e-01	2.368734021873687423e-01	1.422426911732735111e-01	6.887538343294820342e-02	2.716917620925744445e-02	7.012295894792022755e-02
1.021737069123995752e+03	2.748961586028050852e-01	1.794074142586892517e-01	2.370418608296135654e-01	1.423461865221120060e-01	6.891928504260101673e-02	2.719839892175446652e-02	7.019069582211429070e-02
1.023188400188092373e+03	2.746385678632155547e-01	1.792528986994326723e-01	2.372099710182085375e-01	1.424494988300034903e-01	6.896310908463361422e-02	2.722761179428921999e-02	7.025834270990652386e-02
1.024639731252188767e+03	2.743814392843173522e-01	1.790986286120917759e-01	2.373777338086538180e-01	1.425526284238649855e-01	6.900685569835447730e-02	2.725681447340448996e-02	7.032589969900270022e-02
1.026091062316285615e+03	2.741247720267641075e-01	1.789446035825121017e-01	2.375451502522623604e-01	1.426555756300605382e-01	6.905052502278014037e-02	2.728600661057184115e-02	7.039336687473854437e-02
1.027542393380382237e+03	2.738685652528377035e-01	1.787908231973781570e-01	2.377122213961558039e-01	1.427583407743997501e-01	6.909411719663814677e-02	2.731518786211695193e-02	7.046074432016299904e-02
1.028993724444478858e+03	2.736128181264450010e-01	1.786372870442109462e-01	2.378789482832612268e-01	1.428609241821367226e-01	6.913763235836997700e-02	2.734435788914630142e-02	7.052803211611934076e-02
1.030445055508575479e+03	2.733575298131135090e-01	1.784839947113657233e-01	2.380453319523083144e-01	1.429633261779689468e-01	6.918107064613369939e-02	2.737351635747519579e-02	7.059523034132408892e-02
1.031896386572671872e+03	2.731026994799881646e-01	1.783309457880296878e-01	2.382113734378276948e-01	1.430655470860364153e-01	6.922443219780649581e-02	2.740266293755716509e-02	7.066233907244391654e-02
1.033347717636768493e+03	2.728483262958273370e-01	1.781781398642195424e-01	2.383770737701495779e-01	1.431675872299207342e-01	6.926771715098717364e-02	2.743179730441459158e-02	7.072935838417054866e-02
1.034799048700865114e+03	2.725944094309994403e-01	1.780255765307793281e-01	2.385424339754034784e-01	1.432694469326445397e-01	6.931092564299845549e-02	2.746091913757067737e-02	7.079628834929362069e-02
1.036250379764961508e+03	2.723409480574788821e-01	1.778732553793780646e-01	2.387074550755182156e-01	1.433711265166708881e-01	6.935405781088917199e-02	2.749002812098259169e-02	7.086312903877171887e-02
1.037701710829058356e+03	2.720879413488426768e-01	1.777211760025074472e-01	2.388721380882230516e-01	1.434726263039027283e-01	6.939711379143635728e-02	2.751912394297587397e-02	7.092988052180146386e-02
1.039153041893154750e+03	2.718353884802666154e-01	1.775693379934794591e-01	2.390364840270488844e-01	1.435739466156825683e-01	6.944009372114731682e-02	2.754820629618002711e-02	7.099654286588476249e-02
1.040604372957251599e+03	2.715832886285216019e-01	1.774177409464242350e-01	2.392004939013306630e-01	1.436750877727921705e-01	6.948299773626144538e-02	2.757727487746524514e-02	7.106311613689432483e-02
1.042055704021347992e+03	2.713316409719701561e-01	1.772663844562875346e-01	2.393641687162098297e-01	1.437760500954523291e-01	6.952582597275210052e-02	2.760632938788033092e-02	7.112960039913743260e-02
1.043507035085444613e+03	2.710804446905626386e-01	1.771152681188287170e-01	2.395275094726377618e-01	1.438768339033226762e-01	6.956857856632833736e-02	2.763536953259169981e-02	7.119599571541791738e-02
1.044958366149541234e+03	2.708296989658335874e-01	1.769643915306182147e-01	2.396905171673796020e-01	1.439774395155017372e-01	6.961125565243658775e-02	2.766439502082349705e-02	7.126230214709657063e-02
1.046409697213637855e+03	2.705794029808981649e-01	1.768137542890353686e-01	2.398531927930186158e-01	1.440778672505268476e-01	6.965385736626218682e-02	2.769340556579876281e-02	7.132851975414990220e-02
1.047861028277734476e+03	2.703295559204484944e-01	1.766633559922662078e-01	2.400155373379610491e-01	1.441781174263742360e-01	6.969638384273094123e-02	2.772240088468169369e-02	7.139464859522727525e-02
1.049312359341831097e+03	2.700801569707500516e-01	1.765131962393009513e-01	2.401775517864416787e-01	1.442781903604590799e-01	6.973883521651062789e-02	2.775138069852088260e-02	7.146068872770659774e-02
1.050763690405927491e+03	2.698312053196381677e-01	1.763632746299319265e-01	2.403392371185296694e-01	1.443780863696358663e-01	6.978121162201225691e-02	2.778034473219361325e-02	7.152664020774839038e-02
1.052215021470024112e+03	2.695827001565142544e-01	1.762135907647512933e-01	2.405005943101348187e-01	1.444778057701985030e-01	6.982351319339155649e-02	2.780929271435111233e-02	7.159250309034838333e-02
1.053666352534120733e+03	2.693346406723421960e-01	1.760641442451487126e-01	2.406616243330146343e-01	1.445773488778805682e-01	6.986574006455013863e-02	2.783822437736478000e-02	7.165827742938882250e-02
1.055117683598217127e+03	2.690870260596449626e-01	1.759149346733090979e-01	2.408223281547815231e-01	1.446767160078557546e-01	6.990789236913683147e-02	2.786713945727337452e-02	7.172396327768824908e-02
1.056569014662313975e+03	2.688398555125011136e-01	1.757659616522103674e-01	2.409827067389104516e-01	1.447759074747381192e-01	6.994997024054874779e-02	2.789603769373110581e-02	7.178956068704986371e-02
1.058020345726410369e+03	2.685931282265408560e-01	1.756172247856211954e-01	2.411427610447472447e-01	1.448749235925826384e-01	6.999197381193253409e-02	2.792491882995667626e-02	7.185506970830868312e-02
1.059471676790506763e+03	2.683468433989426583e-01	1.754687236780988202e-01	2.413024920275168850e-01	1.449737646748855691e-01	7.003390321618539749e-02	2.795378261268316802e-02	7.192049039137733690e-02
1.060923007854603611e+03	2.681010002284298643e-01	1.753204579349867120e-01	2.414619006383326716e-01	1.450724310345849477e-01	7.007575858595622986e-02	2.798262879210883236e-02	7.198582278529057354e-02
1.062374338918700232e+03	2.678555979152669742e-01	1.751724271624124363e-01	2.416209878242054632e-01	1.451709229840610904e-01	7.011754005364655151e-02	2.801145712184872905e-02	7.205106693824857300e-02
1.063825669982796853e+03	2.676106356612562576e-01	1.750246309672853773e-01	2.417797545280531979e-01	1.452692408351372311e-01	7.015924775141155201e-02	2.804026735888720187e-02	7.211622289765899640e-02
1.065277001046893474e+03	2.673661126697340906e-01	1.748770689572944903e-01	2.419382016887111353e-01	1.453673848990800488e-01	7.020088181116100612e-02	2.806905926353117295e-02	7.218129071017784226e-02
1.066728332110990095e+03	2.671220281455674583e-01	1.747297407409061920e-01	2.420963302409420703e-01	1.454653554866002785e-01	7.024244236456021750e-02	2.809783259936424540e-02	7.224627042174928959e-02
1.068179663175086489e+03	2.668783812951505685e-01	1.745826459273620013e-01	2.422541411154470747e-01	1.455631529078533493e-01	7.028392954303093465e-02	2.812658713320159015e-02	7.231116207764420878e-02
1.069630994239183110e+03	2.666351713264012990e-01	1.744357841266764853e-01	2.424116352388764051e-01	1.456607774724400783e-01	7.032534347775211414e-02	2.815532263504562371e-02	7.237596572249772875e-02
1.071082325303279504e+03	2.663923974487576452e-01	1.742891549496350112e-01	2.425688135338408824e-01	1.457582294894072539e-01	7.036668429966087823e-02	2.818403887804241115e-02	7.244068140034568004e-02
1.072533656367376352e+03	2.661500588731743333e-01	1.741427580077914705e-01	2.427256769189234387e-01	1.458555092672484677e-01	7.040795213945325037e-02	2.821273563843882878e-02	7.250530915465998316e-02
1.073984987431472746e+03	2.659081548121193239e-01	1.739965929134661971e-01	2.428822263086909961e-01	1.459526171139047535e-01	7.044914712758498787e-02	2.824141269554046596e-02	7.256984902838305163e-02
1.075436318495569594e+03	2.656666844795703697e-01	1.738506592797437744e-01	2.430384626137065962e-01	1.460495533367653365e-01	7.049026939427233129e-02	2.827006983167021370e-02	7.263430106396115415e-02
1.076887649559666215e+03	2.654256470910113519e-01	1.737049567204708989e-01	2.431943867405418347e-01	1.461463182426684659e-01	7.053131906949271224e-02	2.829870683212757851e-02	7.269866530337688870e-02
1.078338980623762609e+03	2.651850418634292827e-01	1.735594848502541032e-01	2.433499995917894065e-01	1.462429121379021091e-01	7.057229628298555824e-02	2.832732348514864495e-02	7.276294178818057401e-02
1.079790311687859230e+03	2.649448680153105862e-01	1.734142432844576753e-01	2.435053020660761236e-01	1.463393353282047560e-01	7.061320116425295890e-02	2.835591958186674602e-02	7.282713055952089176e-02
1.081241642751955851e+03	2.647051247666376006e-01	1.732692316392014376e-01	2.436602950580759042e-01	1.464355881187661967e-01	7.065403384256033203e-02	2.838449491627377530e-02	7.289123165817444627e-02
1.082692973816052472e+03	2.644658113388852483e-01	1.731244495313587761e-01	2.438149794585232344e-01	1.465316708142284374e-01	7.069479444693715919e-02	2.841304928518214451e-02	7.295524512457465804e-02
1.084144304880149093e+03	2.642269269550178157e-01	1.729798965785543929e-01	2.439693561542266298e-01	1.466275837186863662e-01	7.073548310617758239e-02	2.844158248818735510e-02	7.301917099883953322e-02
1.085595635944245487e+03	2.639884708394852897e-01	1.728355723991620851e-01	2.441234260280823742e-01	1.467233271356887248e-01	7.077609994884111189e-02	2.847009432763122211e-02	7.308300932079885015e-02
1.087046967008342108e+03	2.637504422182200825e-01	1.726914766123027190e-01	2.442771899590885920e-01	1.468189013682389965e-01	7.081664510325319517e-02	2.849858460856568437e-02	7.314676013002045785e-02
1.088498298072438729e+03	2.635128403186336454e-01	1.725476088378421480e-01	2.444306488223591534e-01	1.469143067187960172e-01	7.085711869750591085e-02	2.852705313871721840e-02	7.321042346583561677e-02
1.089949629136535123e+03	2.632756643696131382e-01	1.724039686963890761e-01	2.445838034891383295e-01	1.470095434892750852e-01	7.089752085945848215e-02	2.855549972845181431e-02	7.327399936736379849e-02
1.091400960200631971e+03	2.630389136015180429e-01	1.722605558092928646e-01	2.447366548268148367e-01	1.471046119810488495e-01	7.093785171673795686e-02	2.858392419074055543e-02	7.333748787353666643e-02
1.092852291264728365e+03	2.628025872461767776e-01	1.721173697986415618e-01	2.448892036989369636e-01	1.471995124949479206e-01	7.097811139673972092e-02	2.861232634112573919e-02	7.340088902312112695e-02
1.094303622328825213e+03	2.625666845368833657e-01	1.719744102872596825e-01	2.450414509652269479e-01	1.472942453312620914e-01	7.101830002662815056e-02	2.864070599768755304e-02	7.346420285474200562e-02
1.095754953392921607e+03	2.623312047083941612e-01	1.718316768987062926e-01	2.451933974815962425e-01	1.473888107897409483e-01	7.105841773333711198e-02	2.866906298101128472e-02	7.352742940690368267e-02
1.097206284457018228e+03	2.620961469969245172e-01	1.716891692572728445e-01	2.453450441001604199e-01	1.474832091695949809e-01	7.109846464357051643e-02	2.869739711415506336e-02	7.359056871801131217e-02
1.098657615521114849e+03	2.618615106401454562e-01	1.715468869879810399e-01	2.454963916692544934e-01	1.475774407694964152e-01	7.113844088380290309e-02	2.872570822261812790e-02	7.365362082639123620e-02
1.100108946585211470e+03	2.616272948771802831e-01	1.714048297165809420e-01	2.456474410334481828e-01	1.476715058875800735e-01	7.117834658027999417e-02	2.875399613430958123e-02	7.371658577031067749e-02
1.101560277649308091e+03	2.613934989486013105e-01	1.712629970695487280e-01	2.457981930335614851e-01	1.477654048214443461e-01	7.121818185901915288e-02	2.878226067951767872e-02	7.377946358799702953e-02
1.103011608713404712e+03	2.611601220964267500e-01	1.711213886740848011e-01	2.459486485066802453e-01	1.478591378681520796e-01	7.125794684580995242e-02	2.881050169087956067e-02	7.384225431765635561e-02
1.104462939777501106e+03	2.609271635641172704e-01	1.709800041581116259e-01	2.460988082861717829e-01	1.479527053242315482e-01	7.129764166621470334e-02	2.883871900335150534e-02	7.390495799749129124e-02
1.105914270841597499e+03	2.606946225965727781e-01	1.708388431502718408e-01	2.462486732017007685e-01	1.480461074856773973e-01	7.133726644556891150e-02	2.886691245417961904e-02	7.396757466571846074e-02
1.107365601905694348e+03	2.604624984401290866e-01	1.706979052799260932e-01	2.463982440792451267e-01	1.481393446479514209e-01	7.137682130898184707e-02	2.889508188287101542e-02	7.403010436058518606e-02
1.108816932969790741e+03	2.602307903425546964e-01	1.705571901771511523e-01	2.465475217411119968e-01	1.482324171059836437e-01	7.141630638133698861e-02	2.892322713116542501e-02	7.409254712038580715e-02
1.110268264033887590e+03	2.599994975530478536e-01	1.704166974727377160e-01	2.466965070059537746e-01	1.483253251541732654e-01	7.145572178729255042e-02	2.895134804300726616e-02	7.415490298347726661e-02
1.111719595097984211e+03	2.597686193222327744e-01	1.702764267981886626e-01	2.468452006887843775e-01	1.484180690863894925e-01	7.149506765128191277e-02	2.897944446451812886e-02	7.421717198829433371e-02
1.113170926162080832e+03	2.595381549021568146e-01	1.701363777857168302e-01	2.469936036009953428e-01	1.485106491959725383e-01	7.153434409751420475e-02	2.900751624396970957e-02	7.427935417336421764e-02
1.114622257226177226e+03	2.593081035462871942e-01	1.699965500682431574e-01	2.471417165503721758e-01	1.486030657757345941e-01	7.157355124997466511e-02	2.903556323175715201e-02	7.434144957732069514e-02
1.116073588290273847e+03	2.590784645095077221e-01	1.698569432793946843e-01	2.472895403411108639e-01	1.486953191179606615e-01	7.161268923242518347e-02	2.906358528037280078e-02	7.440345823891776622e-02
1.117524919354370468e+03	2.588492370481155214e-01	1.697175570535025269e-01	2.474370757738340310e-01	1.487874095144096076e-01	7.165175816840477219e-02	2.909158224438035401e-02	7.446538019704285194e-02
1.118976250418467089e+03	2.586204204198180867e-01	1.695783910255999616e-01	2.475843236456076735e-01	1.488793372563150808e-01	7.169075818122998267e-02	2.911955398038942530e-02	7.452721549072942320e-02
1.120427581482563710e+03	2.583920138837300096e-01	1.694394448314205104e-01	2.477312847499575366e-01	1.489711026343864264e-01	7.172968939399539112e-02	2.914750034703046666e-02	7.458896415916931033e-02
1.121878912546660331e+03	2.581640167003697584e-01	1.693007181073958589e-01	2.478779598768857118e-01	1.490627059388096587e-01	7.176855192957405649e-02	2.917542120493011107e-02	7.465062624172454087e-02
1.123330243610756725e+03	2.579364281316564589e-01	1.691622104906539970e-01	2.480243498128874291e-01	1.491541474592483763e-01	7.180734591061797845e-02	2.920331641668685516e-02	7.471220177793864992e-02
1.124781574674853118e+03	2.577092474409068967e-01	1.690239216190173588e-01	2.481704553409674885e-01	1.492454274848447615e-01	7.184607145955851371e-02	2.923118584684711307e-02	7.477369080754768527e-02
1.126232905738949967e+03	2.574824738928322976e-01	1.688858511310007415e-01	2.483162772406570795e-01	1.493365463042204688e-01	7.188472869860684789e-02	2.925902936188165895e-02	7.483509337049074062e-02
1.127684236803046360e+03	2.572561067535352186e-01	1.687479986658095565e-01	2.484618162880304904e-01	1.494275042054776237e-01	7.192331774975443959e-02	2.928684683016238507e-02	7.489640950692011412e-02
1.129135567867143209e+03	2.570301452905065509e-01	1.686103638633377200e-01	2.486070732557218166e-01	1.495183014761997664e-01	7.196183873477346449e-02	2.931463812193942434e-02	7.495763925721107834e-02
1.130586898931239830e+03	2.568045887726221332e-01	1.684729463641659319e-01	2.487520489129419199e-01	1.496089384034527126e-01	7.200029177521721779e-02	2.934240310931862314e-02	7.501878266197130329e-02
1.132038229995336451e+03	2.565794364701399211e-01	1.683357458095596781e-01	2.488967440254949148e-01	1.496994152737856076e-01	7.203867699242054445e-02	2.937014166623931610e-02	7.507983976204983534e-02
1.133489561059432845e+03	2.563546876546967668e-01	1.681987618414673424e-01	2.490411593557953218e-01	1.497897323732318431e-01	7.207699450750036652e-02	2.939785366845246509e-02	7.514081059854579858e-02
1.134940892123529466e+03	2.561303415993052002e-01	1.680619941025183472e-01	2.491852956628846372e-01	1.498798899873099444e-01	7.211524444135597456e-02	2.942553899349910004e-02	7.520169521281669378e-02
1.136392223187626087e+03	2.559063975783508194e-01	1.679254422360212939e-01	2.493291537024482085e-01	1.499698884010245981e-01	7.215342691466951341e-02	2.945319752068907906e-02	7.526249364648636420e-02
1.137843554251722708e+03	2.556828548675886825e-01	1.677891058859621032e-01	2.494727342268322212e-01	1.500597278988675398e-01	7.219154204790645402e-02	2.948082913108015374e-02	7.532320594145272552e-02
1.139294885315819101e+03	2.554597127441405324e-01	1.676529846970021276e-01	2.496160379850604349e-01	1.501494087648185261e-01	7.222958996131594034e-02	2.950843370745736063e-02	7.538383213989498233e-02
1.140746216379915950e+03	2.552369704864917432e-01	1.675170783144762365e-01	2.497590657228510314e-01	1.502389312823462497e-01	7.226757077493121961e-02	2.953601113431266606e-02	7.544437228428073350e-02
1.142197547444012343e+03	2.550146273744883230e-01	1.673813863843911232e-01	2.499018181826334339e-01	1.503282957344093396e-01	7.230548460857011417e-02	2.956356129782496123e-02	7.550482641737264744e-02
1.143648878508108737e+03	2.547926826893336383e-01	1.672459085534233059e-01	2.500442961035652112e-01	1.504175024034571928e-01	7.234333158183539614e-02	2.959108408584030722e-02	7.556519458223487362e-02
1.145100209572205586e+03	2.545711357135855835e-01	1.671106444689174353e-01	2.501865002215489242e-01	1.505065515714310576e-01	7.238111181411518991e-02	2.961857938785246794e-02	7.562547682223920431e-02
1.146551540636302207e+03	2.543499857311538048e-01	1.669755937788844624e-01	2.503284312692488078e-01	1.505954435197648378e-01	7.241882542458340233e-02	2.964604709498373791e-02	7.568567318107087549e-02
1.148002871700398828e+03	2.541292320272961480e-01	1.668407561319996124e-01	2.504700899761077015e-01	1.506841785293861202e-01	7.245647253220011130e-02	2.967348709996601649e-02	7.574578370273418737e-02
1.149454202764495449e+03	2.539088738886161045e-01	1.667061311776008858e-01	2.506114770683637860e-01	1.507727568807170904e-01	7.249405325571202374e-02	2.970089929712218038e-02	7.580580843155780568e-02
1.150905533828591842e+03	2.536889106030597585e-01	1.665717185656870047e-01	2.507525932690674031e-01	1.508611788536754206e-01	7.253156771365280864e-02	2.972828358234769902e-02	7.586574741219977158e-02
1.152356864892688463e+03	2.534693414599126782e-01	1.664375179469158028e-01	2.508934392980977091e-01	1.509494447276752416e-01	7.256901602434354115e-02	2.975563985309250675e-02	7.592560068965235887e-02
1.153808195956785084e+03	2.532501657497970293e-01	1.663035289726023380e-01	2.510340158721794390e-01	1.510375547816281416e-01	7.260639830589316057e-02	2.978296800834314556e-02	7.598536830924658425e-02
1.155259527020881706e+03	2.530313827646686331e-01	1.661697512947171163e-01	2.511743237048996713e-01	1.511255092939439437e-01	7.264371467619874789e-02	2.981026794860513682e-02	7.604505031665652337e-02
1.156710858084978327e+03	2.528129917978140795e-01	1.660361845658843427e-01	2.513143635067244808e-01	1.512133085425317325e-01	7.268096525294602539e-02	2.983753957588563058e-02	7.610464675790347411e-02
1.158162189149074720e+03	2.525949921438475076e-01	1.659028284393801456e-01	2.514541359850155922e-01	1.513009528048008256e-01	7.271815015360971746e-02	2.986478279367623875e-02	7.616415767935970360e-02
1.159613520213171569e+03	2.523773830987080524e-01	1.657696825691309384e-01	2.515936418440468114e-01	1.513884423576616345e-01	7.275526949545396693e-02	2.989199750693617708e-02	7.622358312775215361e-02
1.161064851277267962e+03	2.521601639596567357e-01	1.656367466097114494e-01	2.517328817850209011e-01	1.514757774775265242e-01	7.279232339553269593e-02	2.991918362207557358e-02	7.628292315016588221e-02
1.162516182341364356e+03	2.519433340252734688e-01	1.655040202163430840e-01	2.518718565060858450e-01	1.515629584403108965e-01	7.282931197069003604e-02	2.994634104693905119e-02	7.634217779404728343e-02
1.163967513405461204e+03	2.517268925954543879e-01	1.653715030448922596e-01	2.520105667023517237e-01	1.516499855214340220e-01	7.286623533756070303e-02	2.997346969078950804e-02	7.640134710720704325e-02
1.165418844469557826e+03	2.515108389714088566e-01	1.652391947518685733e-01	2.521490130659067574e-01	1.517368589958199010e-01	7.290309361257039933e-02	3.000056946429213722e-02	7.646043113782305389e-02
1.166870175533654447e+03	2.512951724556564126e-01	1.651070949944231370e-01	2.522871962858339590e-01	1.518235791378983457e-01	7.293988691193616092e-02	3.002764027949865119e-02	7.651942993444302288e-02
1.168321506597751068e+03	2.510798923520240478e-01	1.649752034303468284e-01	2.524251170482275652e-01	1.519101462216057297e-01	7.297661535166682922e-02	3.005468204983171437e-02	7.657834354598691551e-02
1.169772837661847461e+03	2.508649979656434326e-01	1.648435197180687095e-01	2.525627760362093577e-01	1.519965605203860148e-01	7.301327904756338416e-02	3.008169469006960473e-02	7.663717202174920307e-02
1.171224168725944082e+03	2.506504886029479184e-01	1.647120435166541108e-01	2.527001739299447047e-01	1.520828223071915841e-01	7.304987811521933272e-02	3.010867811633105226e-02	7.669591541140102775e-02
1.172675499790040703e+03	2.504363635716696512e-01	1.645807744858030774e-01	2.528373114066593264e-01	1.521689318544842406e-01	7.308641267002108366e-02	3.013563224606031349e-02	7.675457376499207618e-02
1.174126830854137097e+03	2.502226221808368511e-01	1.644497122858486204e-01	2.529741891406550036e-01	1.522548894342360404e-01	7.312288282714841936e-02	3.016255699801242626e-02	7.681314713295236962e-02
1.175578161918233945e+03	2.500092637407709262e-01	1.643188565777551902e-01	2.531108078033260655e-01	1.523406953179302914e-01	7.315928870157473174e-02	3.018945229223864504e-02	7.687163556609385995e-02
1.177029492982330339e+03	2.497962875630836410e-01	1.641882070231167889e-01	2.532471680631753763e-01	1.524263497765623587e-01	7.319563040806753573e-02	3.021631805007210167e-02	7.693003911561191455e-02
1.178480824046426733e+03	2.495836929606743415e-01	1.640577632841554445e-01	2.533832705858303225e-01	1.525118530806406081e-01	7.323190806118878848e-02	3.024315419411362921e-02	7.698835783308659308e-02
1.179932155110523581e+03	2.493714792477270403e-01	1.639275250237195447e-01	2.535191160340589112e-01	1.525972055001873495e-01	7.326812177529527792e-02	3.026996064821778007e-02	7.704659177048377161e-02
1.181383486174620202e+03	2.491596457397078079e-01	1.637974919052820610e-01	2.536547050677858128e-01	1.526824073047396979e-01	7.330427166453899746e-02	3.029673733747903150e-02	7.710474098015623889e-02
1.182834817238716823e+03	2.489481917533618027e-01	1.636676635929391332e-01	2.537900383441080154e-01	1.527674587633504610e-01	7.334035784286756232e-02	3.032348418821816105e-02	7.716280551484447359e-02
1.184286148302813444e+03	2.487371166067105510e-01	1.635380397514082373e-01	2.539251165173109226e-01	1.528523601445891111e-01	7.337638042402455651e-02	3.035020112796880595e-02	7.722078542767749076e-02
1.185737479366910065e+03	2.485264196190492270e-01	1.634086200460265759e-01	2.540599402388838413e-01	1.529371117165425897e-01	7.341233952154989362e-02	3.037688808546419941e-02	7.727868077217336928e-02
1.187188810431006686e+03	2.483161001109437660e-01	1.632794041427495790e-01	2.541945101575360244e-01	1.530217137468162791e-01	7.344823524878021925e-02	3.040354499062405264e-02	7.733649160223977914e-02
1.188640141495103080e+03	2.481061574042282558e-01	1.631503917081491839e-01	2.543288269192121587e-01	1.531061665025348628e-01	7.348406771884927191e-02	3.043017177454164501e-02	7.739421797217437005e-02
1.190091472559199701e+03	2.478965908220020498e-01	1.630215824094122246e-01	2.544628911671079630e-01	1.531904702503431581e-01	7.351983704468828540e-02	3.045676836947104268e-02	7.745185993666497959e-02
1.191542803623296322e+03	2.476873996886271578e-01	1.628929759143388778e-01	2.545967035416858981e-01	1.532746252564071709e-01	7.355554333902632191e-02	3.048333470881450791e-02	7.750941755078977202e-02
1.192994134687392716e+03	2.474785833297254156e-01	1.627645718913410255e-01	2.547302646806904325e-01	1.533586317864148174e-01	7.359118671439066062e-02	3.050987072711004028e-02	7.756689087001732152e-02
1.194445465751489564e+03	2.472701410721758197e-01	1.626363700094406728e-01	2.548635752191636961e-01	1.534424901055768120e-01	7.362676728310718621e-02	3.053637636001910183e-02	7.762427995020641791e-02
1.195896796815585958e+03	2.470620722441117523e-01	1.625083699382684210e-01	2.549966357894605240e-01	1.535262004786277501e-01	7.366228515730073589e-02	3.056285154431448783e-02	7.768158484760601112e-02
1.197348127879682352e+03	2.468543761749183441e-01	1.623805713480618029e-01	2.551294470212640553e-01	1.536097631698267185e-01	7.369774044889548792e-02	3.058929621786832947e-02	7.773880561885483653e-02
1.198799458943779200e+03	2.466470521952296990e-01	1.622529739096637835e-01	2.552620095416009982e-01	1.536931784429584336e-01	7.373313326961528080e-02	3.061571031964028036e-02	7.779594232098105411e-02
1.200250790007875821e+03	2.464400996369263130e-01	1.621255772945211504e-01	2.553943239748564520e-01	1.537764465613339071e-01	7.376846373098407128e-02	3.064209378966583491e-02	7.785299501140174883e-02
1.201702121071972442e+03	2.462335178331322982e-01	1.619983811746829871e-01	2.555263909427893387e-01	1.538595677877914736e-01	7.380373194432621187e-02	3.066844656904477162e-02	7.790996374792238943e-02
1.203153452136069063e+03	2.460273061182127463e-01	1.618713852227991190e-01	2.556582110645472250e-01	1.539425423846976226e-01	7.383893802076688107e-02	3.069476859992978021e-02	7.796684858873614843e-02
1.204604783200165684e+03	2.458214638277709529e-01	1.617445891121185031e-01	2.557897849566814763e-01	1.540253706139477763e-01	7.387408207123240256e-02	3.072105982551518941e-02	7.802364959242316655e-02
1.206056114264262078e+03	2.456159902986460308e-01	1.616179925164878683e-01	2.559211132331619676e-01	1.541080527369672881e-01	7.390916420645066154e-02	3.074732019002586123e-02	7.808036681794973399e-02
1.207507445328358699e+03	2.454108848689099953e-01	1.614915951103499392e-01	2.560521965053922377e-01	1.541905890147122760e-01	7.394418453695139615e-02	3.077354963870620325e-02	7.813700032466736056e-02
1.208958776392455093e+03	2.452061468778651554e-01	1.613653965687421310e-01	2.561830353822238115e-01	1.542729797076705101e-01	7.397914317306662768e-02	3.079974811780932312e-02	7.819355017231180427e-02
1.210410107456551941e+03	2.450017756660416712e-01	1.612393965672948848e-01	2.563136304699712986e-01	1.543552250758622735e-01	7.401404022493097978e-02	3.082591557458631837e-02	7.825001642100197496e-02
1.211861438520648335e+03	2.447977705751946953e-01	1.611135947822302517e-01	2.564439823724266598e-01	1.544373253788411393e-01	7.404887580248206702e-02	3.085205195727568767e-02	7.830639913123887963e-02
1.213312769584745183e+03	2.445941309483019299e-01	1.609879908903603107e-01	2.565740916908741953e-01	1.545192808756948866e-01	7.408365001546084183e-02	3.087815721509286349e-02	7.836269836390433174e-02
1.214764100648841804e+03	2.443908561295608239e-01	1.608625845690857814e-01	2.567039590241046443e-01	1.546010918250464994e-01	7.411836297341198310e-02	3.090423129821989051e-02	7.841891418025974392e-02
1.216215431712937971e+03	2.441879454643862135e-01	1.607373754963943302e-01	2.568335849684298955e-01	1.546827584850548054e-01	7.415301478568418758e-02	3.093027415779522199e-02	7.847504664194475399e-02
1.217666762777034819e+03	2.439853982994075188e-01	1.606123633508592941e-01	2.569629701176970316e-01	1.547642811134154472e-01	7.418760556143060014e-02	3.095628574590361670e-02	7.853109581097586500e-02
1.219118093841131440e+03	2.437832139824662459e-01	1.604875478116380982e-01	2.570921150633029284e-01	1.548456599673617984e-01	7.422213540960911904e-02	3.098226601556617818e-02	7.858706174974494640e-02
1.220569424905228061e+03	2.435813918626134611e-01	1.603629285584708408e-01	2.572210203942083551e-01	1.549268953036656848e-01	7.425660443898279839e-02	3.100821492073051536e-02	7.864294452101773525e-02
1.222020755969324682e+03	2.433799312901070711e-01	1.602385052716787384e-01	2.573496866969519070e-01	1.550079873786383011e-01	7.429101275812016736e-02	3.103413241626100036e-02	7.869874418793225412e-02
1.223472087033421303e+03	2.431788316164094077e-01	1.601142776321627104e-01	2.574781145556642170e-01	1.550889364481310984e-01	7.432536047539560486e-02	3.106001845792915467e-02	7.875446081399721521e-02
1.224923418097517697e+03	2.429780921941845639e-01	1.599902453214018805e-01	2.576063045520822770e-01	1.551697427675365892e-01	7.435964769898965876e-02	3.108587300240413936e-02	7.881009446309028554e-02
1.226374749161614318e+03	2.427777123772959234e-01	1.598664080214522998e-01	2.577342572655627606e-01	1.552504065917891529e-01	7.439387453688947605e-02	3.111169600724336334e-02	7.886564519945642171e-02
1.227826080225710712e+03	2.425776915208035511e-01	1.597427654149452536e-01	2.578619732730962344e-01	1.553309281753660065e-01	7.442804109688905267e-02	3.113748743088320600e-02	7.892111308770601019e-02
1.229277411289807560e+03	2.423780289809617239e-01	1.596193171850860126e-01	2.579894531493209797e-01	1.554113077722879266e-01	7.446214748658970539e-02	3.116324723262982321e-02	7.897649819281311878e-02
1.230728742353903954e+03	2.421787241152163761e-01	1.594960630156522785e-01	2.581166974665364267e-01	1.554915456361201653e-01	7.449619381340032154e-02	3.118897537265009554e-02	7.903180058011362308e-02
1.232180073418000802e+03	2.419797762822025189e-01	1.593730025909928238e-01	2.582437067947170872e-01	1.555716420199732275e-01	7.453018018453774762e-02	3.121467181196264928e-02	7.908702031530320808e-02
1.233631404482097196e+03	2.417811848417418252e-01	1.592501355960261045e-01	2.583704817015258781e-01	1.556515971765037865e-01	7.456410670702715016e-02	3.124033651242900597e-02	7.914215746443550858e-02
1.235082735546193817e+03	2.415829491548401042e-01	1.591274617162387328e-01	2.584970227523276654e-01	1.557314113579154891e-01	7.459797348770234870e-02	3.126596943674481155e-02	7.919721209392006911e-02
1.236534066610290438e+03	2.413850685836848031e-01	1.590049806376842290e-01	2.586233305102028091e-01	1.558110848159597606e-01	7.463178063320616284e-02	3.129157054843116625e-02	7.925218427052031778e-02
1.237985397674387059e+03	2.411875424916423705e-01	1.588826920469813830e-01	2.587494055359604306e-01	1.558906178019366651e-01	7.466552824999080074e-02	3.131713981182609324e-02	7.930707406135152626e-02
1.239436728738483680e+03	2.409903702432561190e-01	1.587605956313131450e-01	2.588752483881514577e-01	1.559700105666957659e-01	7.469921644431812280e-02	3.134267719207604191e-02	7.936188153387865873e-02
1.240888059802580301e+03	2.407935512042433113e-01	1.586386910784250148e-01	2.590008596230822802e-01	1.560492633606368473e-01	7.473284532226008581e-02	3.136818265512752307e-02	7.941660675591426244e-02
1.242339390866676695e+03	2.405970847414930502e-01	1.585169780766237380e-01	2.591262397948274621e-01	1.561283764337109137e-01	7.476641498969902044e-02	3.139365616771885859e-02	7.947124979561628888e-02
1.243790721930773088e+03	2.404009702230637258e-01	1.583954563147759453e-01	2.592513894552428422e-01	1.562073500354209110e-01	7.479992555232799212e-02	3.141909769737196573e-02	7.952581072148592889e-02
1.245242052994869937e+03	2.402052070181804333e-01	1.582741254823067656e-01	2.593763091539788013e-01	1.562861844148225043e-01	7.483337711565113404e-02	3.144450721238429419e-02	7.958028960236533667e-02
1.246693384058966330e+03	2.400097944972326147e-01	1.581529852691984372e-01	2.595009994384929186e-01	1.563648798205249935e-01	7.486676978498406354e-02	3.146988468182080473e-02	7.963468650743539545e-02
1.248144715123063179e+03	2.398147320317716713e-01	1.580320353659888932e-01	2.596254608540628506e-01	1.564434365006921734e-01	7.490010366545411802e-02	3.149523007550607268e-02	7.968900150621346934e-02
1.249596046187159800e+03	2.396200189945084658e-01	1.579112754637705951e-01	2.597496939437990426e-01	1.565218547030429452e-01	7.493337886200075737e-02	3.152054336401645396e-02	7.974323466855101628e-02
1.251047377251256421e+03	2.394256547593109075e-01	1.577907052541888955e-01	2.598736992486574415e-01	1.566001346748524536e-01	7.496659547937591095e-02	3.154582451867235515e-02	7.979738606463132600e-02
1.252498708315352815e+03	2.392316387012015377e-01	1.576703244294410111e-01	2.599974773074522072e-01	1.566782766629525592e-01	7.499975362214429675e-02	3.157107351153059377e-02	7.985145576496713304e-02
1.253950039379449436e+03	2.390379701963551429e-01	1.575501326822743575e-01	2.601210286568679808e-01	1.567562809137329205e-01	7.503285339468378223e-02	3.159629031537680710e-02	7.990544384039827142e-02
1.255401370443546057e+03	2.388446486220963394e-01	1.574301297059855220e-01	2.602443538314727633e-01	1.568341476731416884e-01	7.506589490118568964e-02	3.162147490371798597e-02	7.995935036208924596e-02
1.256852701507642678e+03	2.386516733568971316e-01	1.573103151944187372e-01	2.603674533637300170e-01	1.569118771866863105e-01	7.509887824565515679e-02	3.164662725077505706e-02	8.001317540152683150e-02
1.258304032571739299e+03	2.384590437803746354e-01	1.571906888419646042e-01	2.604903277840109888e-01	1.569894696994343919e-01	7.513180353191148408e-02	3.167174733147559013e-02	8.006691903051761650e-02
1.259755363635835920e+03	2.382667592732884976e-01	1.570712503435587604e-01	2.606129776206069781e-01	1.570669254560144723e-01	7.516467086358845362e-02	3.169683512144651910e-02	8.012058132118560216e-02
1.261206694699932314e+03	2.380748192175387856e-01	1.569519993946806302e-01	2.607354033997416609e-01	1.571442447006168308e-01	7.519748034413470394e-02	3.172189059700700198e-02	8.017416234596970448e-02
1.262658025764028707e+03	2.378832229961633793e-01	1.568329356913520378e-01	2.608576056455830239e-01	1.572214276769943186e-01	7.523023207681397984e-02	3.174691373516133619e-02	8.022766217762125618e-02
1.264109356828125556e+03	2.376919699933356944e-01	1.567140589301359577e-01	2.609795848802555218e-01	1.572984746284631641e-01	7.526292616470560415e-02	3.177190451359192952e-02	8.028108088920153651e-02
1.265560687892221949e+03	2.375010595943624347e-01	1.565953688081352102e-01	2.611013416238517904e-01	1.573753857979036941e-01	7.529556271070465823e-02	3.179686291065238896e-02	8.033441855407927323e-02
1.267012018956318798e+03	2.373104911856810939e-01	1.564768650229911295e-01	2.612228763944448584e-01	1.574521614277612502e-01	7.532814181752243987e-02	3.182178890536065813e-02	8.038767524592807523e-02
1.268463350020415419e+03	2.371202641548576795e-01	1.563585472728822590e-01	2.613441897080998055e-01	1.575288017600469104e-01	7.536066358768672702e-02	3.184668247739221025e-02	8.044085103872392062e-02
1.269914681084511813e+03	2.369303778905843261e-01	1.562404152565232407e-01	2.614652820788855303e-01	1.576053070363383213e-01	7.539312812354212467e-02	3.187154360707335210e-02	8.049394600674265876e-02
1.271366012148608434e+03	2.367408317826770747e-01	1.561224686731633171e-01	2.615861540188863521e-01	1.576816774977804758e-01	7.542553552725041188e-02	3.189637227537457653e-02	8.054696022455735960e-02
1.272817343212705055e+03	2.365516252220734306e-01	1.560047072225851927e-01	2.617068060382137240e-01	1.577579133850864901e-01	7.545788590079088864e-02	3.192116846390399137e-02	8.059989376703585728e-02
1.274268674276801676e+03	2.363627576008301145e-01	1.558871306051037575e-01	2.618272386450176681e-01	1.578340149385384361e-01	7.549017934596065349e-02	3.194593215490081073e-02	8.065274670933811341e-02
1.275720005340898297e+03	2.361742283121207875e-01	1.557697385215647268e-01	2.619474523454984327e-01	1.579099823979881467e-01	7.552241596437497817e-02	3.197066333122892956e-02	8.070551912691366347e-02
1.277171336404994690e+03	2.359860367502336076e-01	1.556525306733435032e-01	2.620674476439174838e-01	1.579858160028579372e-01	7.555459585746764073e-02	3.199536197637053991e-02	8.075821109549899401e-02
1.278622667469091539e+03	2.357981823105691765e-01	1.555355067623438725e-01	2.621872250426092177e-01	1.580615159921414103e-01	7.558671912649121694e-02	3.202002807441985816e-02	8.081082269111498906e-02
1.280073998533187932e+03	2.356106643896379582e-01	1.554186664909967819e-01	2.623067850419921743e-01	1.581370826044042610e-01	7.561878587251739947e-02	3.204466161007686609e-02	8.086335399006434888e-02
1.281525329597284326e+03	2.354234823850581970e-01	1.553020095622590357e-01	2.624261281405798618e-01	1.582125160777851369e-01	7.565079619643741426e-02	3.206926256864115615e-02	8.091580506892896707e-02
1.282976660661381175e+03	2.352366356955536419e-01	1.551855356796121577e-01	2.625452548349923587e-01	1.582878166499962491e-01	7.568275019896225642e-02	3.209383093600581133e-02	8.096817600456729380e-02
1.284427991725477568e+03	2.350501237209511596e-01	1.550692445470610581e-01	2.626641656199669717e-01	1.583629845583243156e-01	7.571464798062305102e-02	3.211836669865138910e-02	8.102046687411178227e-02
1.285879322789574417e+03	2.348639458621785969e-01	1.549531358691328964e-01	2.627828609883695599e-01	1.584380200396312000e-01	7.574648964177138621e-02	3.214286984363991240e-02	8.107267775496625195e-02
1.287330653853671038e+03	2.346781015212623944e-01	1.548372093508757763e-01	2.629013414312049712e-01	1.585129233303547991e-01	7.577827528257960465e-02	3.216734035860897845e-02	8.112480872480330729e-02
1.288781984917767431e+03	2.344925901013254488e-01	1.547214646978576358e-01	2.630196074376282556e-01	1.585876946665097931e-01	7.581000500304119205e-02	3.219177823176588155e-02	8.117685986156163158e-02
1.290233315981864052e+03	2.343074110065847815e-01	1.546059016161648592e-01	2.631376594949554892e-01	1.586623342836883943e-01	7.584167890297101311e-02	3.221618345188181909e-02	8.122883124344350281e-02
