1.301360187473271253e+03	2.357089127892053326e-01	1.508544125680826853e-01	2.602314796277213627e-01	1.611387619740936028e-01	7.657808514298000691e-02	3.190968473543698974e-02	8.357866316216983060e-02
1.306197957686926657e+03	2.351297030596722903e-01	1.504480679362054929e-01	2.606015686394586028e-01	1.613948097121718772e-01	7.668980332729405380e-02	3.198144036582069999e-02	8.375460695906682129e-02
1.311035727900581833e+03	2.345538272243745670e-01	1.500439661265760560e-01	2.609695032265974546e-01	1.616493498494214753e-01	7.680088700461348838e-02	3.205293368798228792e-02	8.392953288012455770e-02
1.315873498114237009e+03	2.339812640922838693e-01	1.496420963429406503e-01	2.613352969827508199e-01	1.619023922051362752e-01	7.691133964454496819e-02	3.212416409859351202e-02	8.410344663343972960e-02
1.320711268327892412e+03	2.334119926764844366e-01	1.492424477804531191e-01	2.616989633971839035e-01	1.621539465177151418e-01	7.702116470120101699e-02	3.219513102908758140e-02	8.427635389756463202e-02
1.325549038541547588e+03	2.328459921899991847e-01	1.488450096282713797e-01	2.620605158560188053e-01	1.624040224456328729e-01	7.713036561321655327e-02	3.226583394497953977e-02	8.444826032157153051e-02
1.330386808755202765e+03	2.322832420417482724e-01	1.484497710720466823e-01	2.624199676434127992e-01	1.626526295683974888e-01	7.723894580376593211e-02	3.233627234519821647e-02	8.461917152512056506e-02
1.335224578968857941e+03	2.317237218326349824e-01	1.480567212963100621e-01	2.627773319427118004e-01	1.628997773874926724e-01	7.734690868058005653e-02	3.240644576142969607e-02	8.478909309853080445e-02
1.340062349182513572e+03	2.311674113517544205e-01	1.476658494867589544e-01	2.631326218375797388e-01	1.631454753273066105e-01	7.745425763596398838e-02	3.247635375747193881e-02	8.495803060285443686e-02
1.344900119396168748e+03	2.306142905727211756e-01	1.472771448324483590e-01	2.634858503131048968e-01	1.633897327360463447e-01	7.756099604681487847e-02	3.254599592860052404e-02	8.512598956995391652e-02
1.349737889609823924e+03	2.300643396501111382e-01	1.468905965278898829e-01	2.638370302568840420e-01	1.636325588866377190e-01	7.766712727464027133e-02	3.261537190094518368e-02	8.529297550258191363e-02
1.354575659823479100e+03	2.295175389160138690e-01	1.465061937750615773e-01	2.641861744600853545e-01	1.638739629776115037e-01	7.777265466557688189e-02	3.268448133087700075e-02	8.545899387446398432e-02
1.359413430037134731e+03	2.289738688766915220e-01	1.461239257853328144e-01	2.645332956184913153e-01	1.641139541339752261e-01	7.787758155040959418e-02	3.275332390440605090e-02	8.562405013038368318e-02
1.364251200250789907e+03	2.284333102093406009e-01	1.457437817813064806e-01	2.648784063335212768e-01	1.643525414080710956e-01	7.798191124459112611e-02	3.282189933658936215e-02	8.578814968627024307e-02
1.369088970464445310e+03	2.278958437589528041e-01	1.453657509985820384e-01	2.652215191132359373e-01	1.645897337804200777e-01	7.808564704826197189e-02	3.289020737094897756e-02	8.595129792928847545e-02
1.373926740678100487e+03	2.273614505352717641e-01	1.449898226874421214e-01	2.655626463733224973e-01	1.648255401605522308e-01	7.818879224627087177e-02	3.295824777889987817e-02	8.611350021793087728e-02
1.378764510891755890e+03	2.268301117098421305e-01	1.446159861144657721e-01	2.659018004380633293e-01	1.650599693878237739e-01	7.829135010819572582e-02	3.302602035918773826e-02	8.627476188211188890e-02
1.383602281105411066e+03	2.263018086131477202e-01	1.442442305640707356e-01	2.662389935412864395e-01	1.652930302322202505e-01	7.839332388836502130e-02	3.309352493733622169e-02	8.643508822326394225e-02
1.388440051319066470e+03	2.257765227318358492e-01	1.438745453399876972e-01	2.665742378273004975e-01	1.655247313951471733e-01	7.849471682587973176e-02	3.316076136510374278e-02	8.659448451443563233e-02
1.393277821532721646e+03	2.252542357060247080e-01	1.435069197666689056e-01	2.669075453518128804e-01	1.657550815102072639e-01	7.859553214463574355e-02	3.322772951994946294e-02	8.675295600039145683e-02
1.398115591746377049e+03	2.247349293266905912e-01	1.431413431906336242e-01	2.672389280828328939e-01	1.659840891439648969e-01	7.869577305334678197e-02	3.329442930450836335e-02	8.691050789771334606e-02
1.402953361960032225e+03	2.242185855331329525e-01	1.427778049817526873e-01	2.675683979015596736e-01	1.662117627966983591e-01	7.879544274556782302e-02	3.336086064607535207e-02	8.706714539490373328e-02
1.407791132173687402e+03	2.237051864105137344e-01	1.424162945344745745e-01	2.678959666032555975e-01	1.664381109031392580e-01	7.889454439971915756e-02	3.342702349609807944e-02	8.722287365249016544e-02
1.412628902387342805e+03	2.231947141874691398e-01	1.420568012689951420e-01	2.682216458981054874e-01	1.666631418332002457e-01	7.899308117911085780e-02	3.349291782967845493e-02	8.737769780313127399e-02
1.417466672600997981e+03	2.226871512337906256e-01	1.416993146323730079e-01	2.685454474120620438e-01	1.668868638926903347e-01	7.909105623196785451e-02	3.355854364508264326e-02	8.753162295172413343e-02
1.422304442814653157e+03	2.221824800581732318e-01	1.413438240995927853e-01	2.688673826876776807e-01	1.671092853240190301e-01	7.918847269145565249e-02	3.362390096325946348e-02	8.768465417551281338e-02
1.427142213028308333e+03	2.216806833060288029e-01	1.409903191745780771e-01	2.691874631849238142e-01	1.673304143068884420e-01	7.928533367570637924e-02	3.368898982736694830e-02	8.783679652419816575e-02
1.431979983241963964e+03	2.211817437573618261e-01	1.406387893911559828e-01	2.695057002819968850e-01	1.675502589589745461e-01	7.938164228784561072e-02	3.375381030230701490e-02	8.798805502004876378e-02
1.436817753455619140e+03	2.206856443247054711e-01	1.402892243139751971e-01	2.698221052761123895e-01	1.677688273365971483e-01	7.947740161601965503e-02	3.381836247426809466e-02	8.813843465801272925e-02
1.441655523669274316e+03	2.201923680511163051e-01	1.399416135393790617e-01	2.701366893842866435e-01	1.679861274353789957e-01	7.957261473342340519e-02	3.388264645027555533e-02	8.828794040583066993e-02
1.446493293882929493e+03	2.197018981082251576e-01	1.395959466962357620e-01	2.704494637441072769e-01	1.682021671908943694e-01	7.966728469832880244e-02	3.394666235774983221e-02	8.843657720414947743e-02
1.451331064096585123e+03	2.192142177943425529e-01	1.392522134467268913e-01	2.707604394144912385e-01	1.684169544793071571e-01	7.976141455411384085e-02	3.401041034407206731e-02	8.858434996663698546e-02
1.456168834310240300e+03	2.187293105326164611e-01	1.389104034870959903e-01	2.710696273764328090e-01	1.686304971179988510e-01	7.985500732929208534e-02	3.407389057615723554e-02	8.873126358009733594e-02
1.461006604523895703e+03	2.182471598692410364e-01	1.385705065483588405e-01	2.713770385337398450e-01	1.688428028661863034e-01	7.994806603754289753e-02	3.413710324003454977e-02	8.887732290458724704e-02
1.465844374737550879e+03	2.177677494717142614e-01	1.382325123969768699e-01	2.716826837137598649e-01	1.690538794255299071e-01	8.004059367774202238e-02	3.420004854043501297e-02	8.902253277353278094e-02
1.470682144951206283e+03	2.172910631271428583e-01	1.378964108354946705e-01	2.719865736680952550e-01	1.692637344407320610e-01	8.013259323399299361e-02	3.426272670038613133e-02	8.916689799384680537e-02
1.475519915164861459e+03	2.168170847405930524e-01	1.375621917031434882e-01	2.722887190733085938e-01	1.694723755001262822e-01	8.022406767565884445e-02	3.432513796081347601e-02	8.931042334604706590e-02
1.480357685378516862e+03	2.163457983334853840e-01	1.372298448764119605e-01	2.725891305316180957e-01	1.696798101362569644e-01	8.031501995739458166e-02	3.438728258014913525e-02	8.945311358437467442e-02
1.485195455592172038e+03	2.158771880420323475e-01	1.368993602695849632e-01	2.728878185715830074e-01	1.698860458264503659e-01	8.040545301918006205e-02	3.444916083394686940e-02	8.959497343691325000e-02
1.490033225805827215e+03	2.154112381157170242e-01	1.365707278352520926e-01	2.731847936487796225e-01	1.700910899933764375e-01	8.049536978635353501e-02	3.451077301450388574e-02	8.973600760570826784e-02
1.494870996019482618e+03	2.149479329158116847e-01	1.362439375647869766e-01	2.734800661464680260e-01	1.702949500056023246e-01	8.058477316964569870e-02	3.457211943048910108e-02	8.987622076688701889e-02
1.499708766233137567e+03	2.144872569139348872e-01	1.359189794887982194e-01	2.737736463762497352e-01	1.704976331781372090e-01	8.067366606521425565e-02	3.463320040657781596e-02	9.001561757077873593e-02
1.504546536446793198e+03	2.140291946906454634e-01	1.355958436775535347e-01	2.740655445787162359e-01	1.706991467729687961e-01	8.076205135467906526e-02	3.469401628309263380e-02	9.015420264203516387e-02
1.509384306660448374e+03	2.135737309340729750e-01	1.352745202413775660e-01	2.743557709240887488e-01	1.708994979995918650e-01	8.084993190515779582e-02	3.475456741565063207e-02	9.029198057975128255e-02
1.514222076874103550e+03	2.131208504385823099e-01	1.349549993310250051e-01	2.746443355128498354e-01	1.710986940155286851e-01	8.093731056930213164e-02	3.481485417481654937e-02	9.042895595758636273e-02
1.519059847087758726e+03	2.126705381034721398e-01	1.346372711380292575e-01	2.749312483763660664e-01	1.712967419268418001e-01	8.102419018533446593e-02	3.487487694576199559e-02	9.056513332388520243e-02
1.523897617301414357e+03	2.122227789317057689e-01	1.343213258950283762e-01	2.752165194775027524e-01	1.714936487886389582e-01	8.111057357708510718e-02	3.493463612793053924e-02	9.070051720179944654e-02
1.528735387515069533e+03	2.117775580286733184e-01	1.340071538760685688e-01	2.755001587112304584e-01	1.716894216055707967e-01	8.119646355403013771e-02	3.499413213470857487e-02	9.083511208940914239e-02
1.533573157728724709e+03	2.113348606009841091e-01	1.336947453968862498e-01	2.757821759052239141e-01	1.718840673323210333e-01	8.128186291132948049e-02	3.505336539310188737e-02	9.096892245984437853e-02
1.538410927942380113e+03	2.108946719552884652e-01	1.333840908151698590e-01	2.760625808204527076e-01	1.720775928740895799e-01	8.136677442986574305e-02	3.511233634341781595e-02	9.110195276140690968e-02
1.543248698156035516e+03	2.104569774971277452e-01	1.330751805308016400e-01	2.763413831517649299e-01	1.722700050870686062e-01	8.145120087628342220e-02	3.517104543895290675e-02	9.123420741769192044e-02
1.548086468369690692e+03	2.100217627298117118e-01	1.327680049860806566e-01	2.766185925284627145e-01	1.724613107789116917e-01	8.153514500302859458e-02	3.522949314568604023e-02	9.136569082770977512e-02
1.552924238583346096e+03	2.095890132533226868e-01	1.324625546659276010e-01	2.768942185148710600e-01	1.726515167091962066e-01	8.161860954838909277e-02	3.528767994197680447e-02	9.149640736600776758e-02
1.557762008797001272e+03	2.091587147632449351e-01	1.321588200980719774e-01	2.771682706108990479e-01	1.728406295898791967e-01	8.170159723653513950e-02	3.534560631826916960e-02	9.162636138279178777e-02
1.562599779010656675e+03	2.087308530497188341e-01	1.318567918532227157e-01	2.774407582525941773e-01	1.730286560857467182e-01	8.178411077756043979e-02	3.540327277680032497e-02	9.175555720404805771e-02
1.567437549224311852e+03	2.083054139964194140e-01	1.315564605452223812e-01	2.777116908126898709e-01	1.732156028148567894e-01	8.186615286752374487e-02	3.546067983131450524e-02	9.188399913166456212e-02
1.572275319437967255e+03	2.078823835795574893e-01	1.312578168311862026e-01	2.779810776011460427e-01	1.734014763489761801e-01	8.194772618849080481e-02	3.551782800678192353e-02	9.201169144355264562e-02
1.577113089651622431e+03	2.074617478669036341e-01	1.309608514116259448e-01	2.782489278656830045e-01	1.735862832140111500e-01	8.202883340857677896e-02	3.557471783912249941e-02	9.213863839376823517e-02
1.581950859865277607e+03	2.070434930168337240e-01	1.306655550305597657e-01	2.785152507923089882e-01	1.737700298904321372e-01	8.210947718198909062e-02	3.563134987493449951e-02	9.226484421263313196e-02
1.586788630078933011e+03	2.066276052773952931e-01	1.303719184756080840e-01	2.787800555058408958e-01	1.739527228136925341e-01	8.218966014907065631e-02	3.568772467122787589e-02	9.239031310685597020e-02
1.591626400292587959e+03	2.062140709853945153e-01	1.300799325780766513e-01	2.790433510704193876e-01	1.741343683746418847e-01	8.226938493634351757e-02	3.574384279516227420e-02	9.251504925965312043e-02
1.596464170506243590e+03	2.058028765655025849e-01	1.297895882130268019e-01	2.793051464900167535e-01	1.743149729199333364e-01	8.234865415655295839e-02	3.579970482378966312e-02	9.263905683086930132e-02
1.601301940719898766e+03	2.053940085293811391e-01	1.295008762993336282e-01	2.795654507089397334e-01	1.744945427524256243e-01	8.242747040871184483e-02	3.585531134380147422e-02	9.276233995709799729e-02
1.606139710933553943e+03	2.049874534748262478e-01	1.292137877997324991e-01	2.798242726123257862e-01	1.746730841315795868e-01	8.250583627814549181e-02	3.591066295128016173e-02	9.288490275180172340e-02
1.610977481147209119e+03	2.045831980849300846e-01	1.289283137208545871e-01	2.800816210266334760e-01	1.748506032738494365e-01	8.258375433653679376e-02	3.596576025145516858e-02	9.300674930543192942e-02
1.615815251360864750e+03	2.041812291272599444e-01	1.286444451132517375e-01	2.803375047201273063e-01	1.750271063530688398e-01	8.266122714197184085e-02	3.602060385846316687e-02	9.312788368554869578e-02
1.620653021574519926e+03	2.037815334530539702e-01	1.283621730714108178e-01	2.805919324033566142e-01	1.752025995008318071e-01	8.273825723898571571e-02	3.607519439511254478e-02	9.324830993694013803e-02
1.625490791788175102e+03	2.033840979964329221e-01	1.280814887337586583e-01	2.808449127296290260e-01	1.753770888068685585e-01	8.281484715860878976e-02	3.612953249265205002e-02	9.336803208174157542e-02
1.630328562001830505e+03	2.029889097736279069e-01	1.278023832826574169e-01	2.810964542954785816e-01	1.755505803194166992e-01	8.289099941841322761e-02	3.618361879054352720e-02	9.348705411955426925e-02
1.635166332215485909e+03	2.025959558822230111e-01	1.275248479443909511e-01	2.813465656411279214e-01	1.757230800455872044e-01	8.296671652255988016e-02	3.623745393623867966e-02	9.360538002756403630e-02
1.640004102429141085e+03	2.022052235004127563e-01	1.272488739891424192e-01	2.815952552509459750e-01	1.758945939517259638e-01	8.304200096184551072e-02	3.629103858495977969e-02	9.372301376065934886e-02
1.644841872642796488e+03	2.018166998862739869e-01	1.269744527309639437e-01	2.818425315538993781e-01	1.760651279637706346e-01	8.311685521375029861e-02	3.634437339948433376e-02	9.383995925154919870e-02
1.649679642856451665e+03	2.014303723770511922e-01	1.267015755277381972e-01	2.820884029239999480e-01	1.762346879676028322e-01	8.319128174248555108e-02	3.639745904993347408e-02	9.395622041088060039e-02
1.654517413070107068e+03	2.010462283884555945e-01	1.264302337811324117e-01	2.823328776807459972e-01	1.764032798093959631e-01	8.326528299904190078e-02	3.645029621356423583e-02	9.407180112735574751e-02
1.659355183283762244e+03	2.006642554139770329e-01	1.261604189365452267e-01	2.825759640895593172e-01	1.765709092959585336e-01	8.333886142123755891e-02	3.650288557456547039e-02	9.418670526784876651e-02
1.664192953497417420e+03	2.002844410242084761e-01	1.258921224830464591e-01	2.828176703622172772e-01	1.767375821950732118e-01	8.341201943376699846e-02	3.655522782385742242e-02	9.430093667752208197e-02
1.669030723711072824e+03	1.999067728661826637e-01	1.256253359533105463e-01	2.830580046572798159e-01	1.769033042358317542e-01	8.348475944824983175e-02	3.660732365889490803e-02	9.441449917994247654e-02
1.673868493924728000e+03	1.995312386627207391e-01	1.253600509235433813e-01	2.832969750805117704e-01	1.770680811089655748e-01	8.355708386327992399e-02	3.665917378347400418e-02	9.452739657719669286e-02
1.678706264138383403e+03	1.991578262117921494e-01	1.250962590134032104e-01	2.835345896853006531e-01	1.772319184671724002e-01	8.362899506447479814e-02	3.671077890754224221e-02	9.463963265000664704e-02
1.683544034352038352e+03	1.987865233858859271e-01	1.248339518859158948e-01	2.837708564730698213e-01	1.773948219254388448e-01	8.370049542452523417e-02	3.676213974701218745e-02	9.475121115784425341e-02
1.688381804565693983e+03	1.984173181313924617e-01	1.245731212473843164e-01	2.840057833936871501e-01	1.775567970613590174e-01	8.377158730324507641e-02	3.681325702357836349e-02	9.486213583904579139e-02
1.693219574779349159e+03	1.980501984679961525e-01	1.243137588472929128e-01	2.842393783458689871e-01	1.777178494154492971e-01	8.384227304762133237e-02	3.686413146453756257e-02	9.497241041092592539e-02
1.698057344993004335e+03	1.976851524880778310e-01	1.240558564782069106e-01	2.844716491775802769e-01	1.778779844914593067e-01	8.391255499186438260e-02	3.691476380261229928e-02	9.508203856989121128e-02
1.702895115206659511e+03	1.973221683561273143e-01	1.237994059756668680e-01	2.847026036864296339e-01	1.780372077566791389e-01	8.398243545745845418e-02	3.696515477577754644e-02	9.519102399155322802e-02
1.707732885420315142e+03	1.969612343081655059e-01	1.235443992180786377e-01	2.849322496200610844e-01	1.781955246422428640e-01	8.405191675321227462e-02	3.701530512709057946e-02	9.529937033084129316e-02
1.712570655633970318e+03	1.966023386511756565e-01	1.232908281265990280e-01	2.851605946765406463e-01	1.783529405434285398e-01	8.412100117530985077e-02	3.706521560452389480e-02	9.540708122211462305e-02
1.717408425847625494e+03	1.962454697625438393e-01	1.230386846650172589e-01	2.853876465047395783e-01	1.785094608199545296e-01	8.418969100736156674e-02	3.711488696080125077e-02	9.551416027927418784e-02
1.722246196061280898e+03	1.958906160895081960e-01	1.227879608396324207e-01	2.856134127047132987e-01	1.786650907962724910e-01	8.425798852045524034e-02	3.716431995323660198e-02	9.562061109587401131e-02
1.727083966274936301e+03	1.955377661486165930e-01	1.225386486991272977e-01	2.858379008280760303e-01	1.788198357618568102e-01	8.432589597320749863e-02	3.721351534357605906e-02	9.572643724523205444e-02
1.731921736488591478e+03	1.951869085251926039e-01	1.222907403344385968e-01	2.860611183783718925e-01	1.789737009714906790e-01	8.439341561181522289e-02	3.726247389784271419e-02	9.583164228054064093e-02
1.736759506702246881e+03	1.948380318728095972e-01	1.220442278786236928e-01	2.862830728114422740e-01	1.791266916455489244e-01	8.446054967010721559e-02	3.731119638618429074e-02	9.593622973497639705e-02
1.741597276915902057e+03	1.944911249127727060e-01	1.217991035067242239e-01	2.865037715357887094e-01	1.792788129702775624e-01	8.452730036959589521e-02	3.735968358272366563e-02	9.604020312180971963e-02
1.746435047129557461e+03	1.941461764336082085e-01	1.215553594356265782e-01	2.867232219129325355e-01	1.794300700980700769e-01	8.459366991952918524e-02	3.740793626541207006e-02	9.614356593451384159e-02
1.751272817343212637e+03	1.938031752905605143e-01	1.213129879239196046e-01	2.869414312577708848e-01	1.795804681477406184e-01	8.465966051694250039e-02	3.745595521588505200e-02	9.624632164687332847e-02
1.756110587556867813e+03	1.934621104050962548e-01	1.210719812717494376e-01	2.871584068389286815e-01	1.797300122047940929e-01	8.472527434671085766e-02	3.750374121932111005e-02	9.634847371309213093e-02
1.760948357770523216e+03	1.931229707644153137e-01	1.208323318206717123e-01	2.873741558791071404e-01	1.798787073216931987e-01	8.479051358160109853e-02	3.755129506430292252e-02	9.645002556790120696e-02
1.765786127984178393e+03	1.927857454209689070e-01	1.205940319535014765e-01	2.875886855554289911e-01	1.800265585181224093e-01	8.485538038232413871e-02	3.759861754268115780e-02	9.655098062666558900e-02
1.770623898197833569e+03	1.924504234919840184e-01	1.203570740941605627e-01	2.878020029997797602e-01	1.801735707812490983e-01	8.491987689758741242e-02	3.764570944944085201e-02	9.665134228549100703e-02
1.775461668411488745e+03	1.921169941589943309e-01	1.201214507075229893e-01	2.880141152991461673e-01	1.803197490659815827e-01	8.498400526414731648e-02	3.769257158257027784e-02	9.675111392133005361e-02
1.780299438625144376e+03	1.917854466673777070e-01	1.198871542992580586e-01	2.882250294959505799e-01	1.804650982952246130e-01	8.504776760686176551e-02	3.773920474293224886e-02	9.685029889208777998e-02
1.785137208838799552e+03	1.914557703258994437e-01	1.196541774156717197e-01	2.884347525883823038e-01	1.806096233601317547e-01	8.511116603874285813e-02	3.778560973413783858e-02	9.694890053672683417e-02
1.789974979052454728e+03	1.911279545062617158e-01	1.194225126435459333e-01	2.886432915307257097e-01	1.807533291203551606e-01	8.517420266100944604e-02	3.783178736242252121e-02	9.704692217537222443e-02
1.794812749266109904e+03	1.908019886426586820e-01	1.191921526099763706e-01	2.888506532336851396e-01	1.808962204042925404e-01	8.523687956314000835e-02	3.787773843652460226e-02	9.714436710941537489e-02
1.799650519479765535e+03	1.904778622313373360e-01	1.189630899822085586e-01	2.890568445647062612e-01	1.810383020093314643e-01	8.529919882292529010e-02	3.792346376756595971e-02	9.724123862161788978e-02
1.804488289693420711e+03	1.901555648301637980e-01	1.187353174674723733e-01	2.892618723482945908e-01	1.811795787020911153e-01	8.536116250652124593e-02	3.796896416893506127e-02	9.733753997621466536e-02
1.809326059907075887e+03	1.898350860581951016e-01	1.185088278128152289e-01	2.894657433663305746e-01	1.813200552186613190e-01	8.542277266850184514e-02	3.801424045617218805e-02	9.743327441901665498e-02
1.814163830120731291e+03	1.895164155952560880e-01	1.182836138049339347e-01	2.896684643583821162e-01	1.814597362648389667e-01	8.548403135191194602e-02	3.805929344685686500e-02	9.752844517751299569e-02
1.819001600334386467e+03	1.891995431815214346e-01	1.180596682700052608e-01	2.898700420220134966e-01	1.815986265163622437e-01	8.554494058832028125e-02	3.810412396049742134e-02	9.762305546097276021e-02
1.823839370548041643e+03	1.888844586171027351e-01	1.178369840735154217e-01	2.900704830130917400e-01	1.817367306191419174e-01	8.560550239787231841e-02	3.814873281842267455e-02	9.771710846054615374e-02
1.828677140761696819e+03	1.885711517616403543e-01	1.176155541200884641e-01	2.902697939460895937e-01	1.818740531894904588e-01	8.566571878934323148e-02	3.819312084367572357e-02	9.781060734936518342e-02
1.833514910975352450e+03	1.882596125339001392e-01	1.173953713533137239e-01	2.904679813943858990e-01	1.820105988143487508e-01	8.572559176019083071e-02	3.823728886090973361e-02	9.790355528264392537e-02
1.838352681189008081e+03	1.879498309113745991e-01	1.171764287555722983e-01	2.906650518905632419e-01	1.821463720515103524e-01	8.578512329660857583e-02	3.828123769628578865e-02	9.799595539777815334e-02
1.843190451402663257e+03	1.876417969298887489e-01	1.169587193478628384e-01	2.908610119267022176e-01	1.822813774298434331e-01	8.584431537357840869e-02	3.832496817737267997e-02	9.808781081444466199e-02
1.848028221616318433e+03	1.873355006832103931e-01	1.167422361896263694e-01	2.910558679546734195e-01	1.824156194495104022e-01	8.590316995492382202e-02	3.836848113304869995e-02	9.817912463469991025e-02
1.852865991829973609e+03	1.870309323226644893e-01	1.165269723785706674e-01	2.912496263864264301e-01	1.825491025821853186e-01	8.596168899336263658e-02	3.841177739340526781e-02	9.826989994307828991e-02
1.857703762043628785e+03	1.867280820567518984e-01	1.163129210504938310e-01	2.914422935942760917e-01	1.826818312712689685e-01	8.601987443056000049e-02	3.845485778965251900e-02	9.836013980668981138e-02
1.862541532257283961e+03	1.864269401507724078e-01	1.161000753791074647e-01	2.916338759111860024e-01	1.828138099321019172e-01	8.607772819718123580e-02	3.849772315402669176e-02	9.844984727531740087e-02
1.867379302470939592e+03	1.861274969264513912e-01	1.158884285758591953e-01	2.918243796310497906e-01	1.829450429521751464e-01	8.613525221294464351e-02	3.854037431969938726e-02	9.853902538151358692e-02
1.872217072684594768e+03	1.858297427615707709e-01	1.156779738897548565e-01	2.920138110089691708e-01	1.830755346913387205e-01	8.619244838667430852e-02	3.858281212068857130e-02	9.862767714069675673e-02
1.877054842898249490e+03	1.855336680896036150e-01	1.154687046071802836e-01	2.922021762615298335e-01	1.832052894820083433e-01	8.624931861635289077e-02	3.862503739177135936e-02	9.871580555124689904e-02
1.881892613111905121e+03	1.852392633993524829e-01	1.152606140517227623e-01	2.923894815670745051e-01	1.833343116293697506e-01	8.630586478917429138e-02	3.866705096839853639e-02	9.880341359460091677e-02
1.886730383325560297e+03	1.849465192345917108e-01	1.150536955839922409e-01	2.925757330659737310e-01	1.834626054115811311e-01	8.636208878159637448e-02	3.870885368661079740e-02	9.889050423534731515e-02
1.891568153539215928e+03	1.846554261937128905e-01	1.148479426014422239e-01	2.927609368608941054e-01	1.835901750799734389e-01	8.641799245939353613e-02	3.875044638295661176e-02	9.897708042132054296e-02
1.896405923752871104e+03	1.843659749293742600e-01	1.146433485381906647e-01	2.929450990170638924e-01	1.837170248592488453e-01	8.647357767770923187e-02	3.879182989441178064e-02	9.906314508369473693e-02
1.901243693966526507e+03	1.840781561481532880e-01	1.144399068648405265e-01	2.931282255625363153e-01	1.838431589476771100e-01	8.652884628110849019e-02	3.883300505830063892e-02	9.914870113707703603e-02
1.906081464180181683e+03	1.837919606102028647e-01	1.142376110883003698e-01	2.933103224884507920e-01	1.839685815172900363e-01	8.658380010363030121e-02	3.887397271221876976e-02	9.923375147960040998e-02
1.910919234393836859e+03	1.835073791289104639e-01	1.140364547516048849e-01	2.934913957492908398e-01	1.840932967140740117e-01	8.663844096883997759e-02	3.891473369395736376e-02	9.931829899301596043e-02
1.915757004607492036e+03	1.832244025705609958e-01	1.138364314337353966e-01	2.936714512631410923e-01	1.842173086581608832e-01	8.669277068988140433e-02	3.895528884142906295e-02	9.940234654278475024e-02
1.920594774821147894e+03	1.829430218540024078e-01	1.136375347494403970e-01	2.938504949119405407e-01	1.843406214440165281e-01	8.674679106952921936e-02	3.899563899259537308e-02	9.948589697816916100e-02
1.925432545034802843e+03	1.826632279503147827e-01	1.134397583490562023e-01	2.940285325417345552e-01	1.844632391406279548e-01	8.680050390024092455e-02	3.903578498539551217e-02	9.956895313232380640e-02
1.930270315248458019e+03	1.823850118824821009e-01	1.132430959183276242e-01	2.942055699629240184e-01	1.845851657916885713e-01	8.685391096420887191e-02	3.907572765767677869e-02	9.965151782238583500e-02
1.935108085462113195e+03	1.821083647250673621e-01	1.130475411782288775e-01	2.943816129505126833e-01	1.847064054157814827e-01	8.690701403341218045e-02	3.911546784712630759e-02	9.973359384956492768e-02
1.939945855675768371e+03	1.818332776038905085e-01	1.128530878847845420e-01	2.945566672443520329e-01	1.848269620065611518e-01	8.695981486966859741e-02	3.915500639120429727e-02	9.981518399923268448e-02
1.944783625889424002e+03	1.815597416957090426e-01	1.126597298288908311e-01	2.947307385493843079e-01	1.849468395329333936e-01	8.701231522468616530e-02	3.919434412707856197e-02	9.989629104101158119e-02
1.949621396103079178e+03	1.812877482279018349e-01	1.124674608361370814e-01	2.949038325358826484e-01	1.850660419392334832e-01	8.706451684011487502e-02	3.923348189156054822e-02	9.997691772886345418e-02
1.954459166316734354e+03	1.810172884781554026e-01	1.122762747666273819e-01	2.950759548396902909e-01	1.851845731454026256e-01	8.711642144759811079e-02	3.927242052104258641e-02	1.000570668011774855e-01
1.959296936530389530e+03	1.807483537741531310e-01	1.120861655148027020e-01	2.952471110624566575e-01	1.853024370471630378e-01	8.716803076882415069e-02	3.931116085143656486e-02	1.001367409808577441e-01
1.964134706744044706e+03	1.804809354932669085e-01	1.118971270092631171e-01	2.954173067718716683e-01	1.854196375161908661e-01	8.721934651557740337e-02	3.934970371811384593e-02	1.002159429754102549e-01
1.968972476957700337e+03	1.802150250622517325e-01	1.117091532125904646e-01	2.955865475018982780e-01	1.855361784002880210e-01	8.727037038978951999e-02	3.938804995584647972e-02	1.002946754770295962e-01
1.973810247171355968e+03	1.799506139569427010e-01	1.115222381211713604e-01	2.957548387530029022e-01	1.856520635235519023e-01	8.732110408359054776e-02	3.942620039874970145e-02	1.003729411626849977e-01
1.978648017385010689e+03	1.796876937019545317e-01	1.113363757650206315e-01	2.959221859923835130e-01	1.857672966865440423e-01	8.737154927935981974e-02	3.946415588022560844e-02	1.004507426942060078e-01
1.983485787598666320e+03	1.794262558703834942e-01	1.111515602076050824e-01	2.960885946541962910e-01	1.858818816664567219e-01	8.742170764977673370e-02	3.950191723290812779e-02	1.005280827183676895e-01
1.988323557812321269e+03	1.791662920835121742e-01	1.109677855456677187e-01	2.962540701397797793e-01	1.859958222172785058e-01	8.747158085787147541e-02	3.953948528860910111e-02	1.006049638669753582e-01
1.993161328025976900e+03	1.789077940105162079e-01	1.107850459090524153e-01	2.964186178178777054e-01	1.861091220699578053e-01	8.752117055707549220e-02	3.957686087826561144e-02	1.006813887569488752e-01
1.997999098239632076e+03	1.786507533681736537e-01	1.106033354605290564e-01	2.965822430248593600e-01	1.862217849325653318e-01	8.757047839127198030e-02	3.961404483188843417e-02	1.007573599904063588e-01
2.002836868453287707e+03	1.783951619205765282e-01	1.104226483956190913e-01	2.967449510649384226e-01	1.863338144904547189e-01	8.761950599484612245e-02	3.965103797851163292e-02	1.008328801547476450e-01
2.007674638666942428e+03	1.781410114788448684e-01	1.102429789424217155e-01	2.969067472103900096e-01	1.864452144064220052e-01	8.766825499273525613e-02	3.968784114614325176e-02	1.009079518227371658e-01
2.012512408880597604e+03	1.778882939008427921e-01	1.100643213614403843e-01	2.970676367017653363e-01	1.865559883208634528e-01	8.771672700047880578e-02	3.972445516171715235e-02	1.009825775525863556e-01
2.017350179094252780e+03	1.776370010908970010e-01	1.098866699454100482e-01	2.972276247481053790e-01	1.866661398519320336e-01	8.776492362426818739e-02	3.976088085104589193e-02	1.010567598880356827e-01
2.022187949307908411e+03	1.773871249995173649e-01	1.097100190191248048e-01	2.973867165271522062e-01	1.867756725956925545e-01	8.781284646099651869e-02	3.979711903877466289e-02	1.011305013584362089e-01
2.027025719521564042e+03	1.771386576231196719e-01	1.095343629392661194e-01	2.975449171855583663e-01	1.868845901262751741e-01	8.786049709830816290e-02	3.983317054833630105e-02	1.012038044788306224e-01
2.031863489735218764e+03	1.768915910037504591e-01	1.093596960942316426e-01	2.977022318390952216e-01	1.869928959960277248e-01	8.790787711464811971e-02	3.986903620190728609e-02	1.012766717500339780e-01
2.036701259948874394e+03	1.766459172288140922e-01	1.091860129039645827e-01	2.978586655728590049e-01	1.871005937356668147e-01	8.795498807931134699e-02	3.990471682036480366e-02	1.013491056587138145e-01
2.041539030162529116e+03	1.764016284308017324e-01	1.090133078197837863e-01	2.980142234414752123e-01	1.872076868544272632e-01	8.800183155249176326e-02	3.994021322324473044e-02	1.014211086774700205e-01
2.046376800376184747e+03	1.761587167870224957e-01	1.088415753242141515e-01	2.981689104693014958e-01	1.873141788402104269e-01	8.804840908533126398e-02	3.997552622870064604e-02	1.014926832649140492e-01
2.051214570589840150e+03	1.759171745193364722e-01	1.086708099308179992e-01	2.983227316506287807e-01	1.874200731597311098e-01	8.809472221996850205e-02	4.001065665346376782e-02	1.015638318657478972e-01
2.056052340803495554e+03	1.756769938938897158e-01	1.085010061840267770e-01	2.984756919498807726e-01	1.875253732586633637e-01	8.814077248958750166e-02	4.004560531280385721e-02	1.016345569108425689e-01
2.060890111017150957e+03	1.754381672208514820e-01	1.083321586589735819e-01	2.986277963018115766e-01	1.876300825617847612e-01	8.818656141846613339e-02	4.008037302049102801e-02	1.017048608173160146e-01
2.065727881230805451e+03	1.752006868541528817e-01	1.081642619613262246e-01	2.987790496117022077e-01	1.877342044731196424e-01	8.823209052202440894e-02	4.011496058875848453e-02	1.017747459886107764e-01
2.070565651444461309e+03	1.749645451912278660e-01	1.079973107271210153e-01	2.989294567555549342e-01	1.878377423760809184e-01	8.827736130687259541e-02	4.014936882826612013e-02	1.018442148145711490e-01
2.075403421658116713e+03	1.747297346727559320e-01	1.078312996225971460e-01	2.990790225802866797e-01	1.879406996336107916e-01	8.832237527085926021e-02	4.018359854806501097e-02	1.019132696715199099e-01
2.080241191871772116e+03	1.744962477824065494e-01	1.076662233440317668e-01	2.992277519039199252e-01	1.880430795883201722e-01	8.836713390311895511e-02	4.021765055556279778e-02	1.019819129223345777e-01
2.085078962085427065e+03	1.742640770465855860e-01	1.075020766175757703e-01	2.993756495157732789e-01	1.881448855626269567e-01	8.841163868411995586e-02	4.025152565648990738e-02	1.020501469165233654e-01
2.089916732299082469e+03	1.740332150341835638e-01	1.073388541990901446e-01	2.995227201766493264e-01	1.882461208588930845e-01	8.845589108571165482e-02	4.028522465486653048e-02	1.021179739903005923e-01
2.094754502512737417e+03	1.738036543563254432e-01	1.071765508739831729e-01	2.996689686190217583e-01	1.883467887595603740e-01	8.849989257117187036e-02	4.031874835297053622e-02	1.021853964666617626e-01
2.099592272726392821e+03	1.735753876661224049e-01	1.070151614570481746e-01	2.998143995472207779e-01	1.884468925272853312e-01	8.854364459525396192e-02	4.035209755130613613e-02	1.022524166554581310e-01
2.104430042940048224e+03	1.733484076584251854e-01	1.068546807923020509e-01	2.999590176376168982e-01	1.885464354050727376e-01	8.858714860423375081e-02	4.038527304857331135e-02	1.023190368534709904e-01
2.109267813153704083e+03	1.731227070695793291e-01	1.066951037528244273e-01	3.001028275388034627e-01	1.886454206164080161e-01	8.863040603595630229e-02	4.041827564163807951e-02	1.023852593444853909e-01
2.114105583367359031e+03	1.728982786771819102e-01	1.065364252405976292e-01	3.002458338717773345e-01	1.887438513653885985e-01	8.867341831988247158e-02	4.045110612550344154e-02	1.024510863993635806e-01
2.118943353581013525e+03	1.726751152998400873e-01	1.063786401863472397e-01	3.003880412301189740e-01	1.888417308368542102e-01	8.871618687713533902e-02	4.048376529328120282e-02	1.025165202761179201e-01
2.123781123794669384e+03	1.724532097969311839e-01	1.062217435493834489e-01	3.005294541801700747e-01	1.889390621965159611e-01	8.875871312054642304e-02	4.051625393616437726e-02	1.025815632199835181e-01
2.128618894008324787e+03	1.722325550683645456e-01	1.060657303174430965e-01	3.006700772612105332e-01	1.890358485910843267e-01	8.880099845470169895e-02	4.054857284340044471e-02	1.026462174634903551e-01
2.133456664221980191e+03	1.720131440543448409e-01	1.059105955065324789e-01	3.008099149856336418e-01	1.891320931483962964e-01	8.884304427598746501e-02	4.058072280226527467e-02	1.027104852265350171e-01
2.138294434435635139e+03	1.717949697351371097e-01	1.057563341607707513e-01	3.009489718391202273e-01	1.892277989775411617e-01	8.888485197263605586e-02	4.061270459803772992e-02	1.027743687164521247e-01
2.143132204649290543e+03	1.715780251308332005e-01	1.056029413522342059e-01	3.010872522808109020e-01	1.893229691689854166e-01	8.892642292477126453e-02	4.064451901397495709e-02	1.028378701280852209e-01
2.147969974862945492e+03	1.713623033011200392e-01	1.054504121808012146e-01	3.012247607434778152e-01	1.894176067946967135e-01	8.896775850445366729e-02	4.067616683128840588e-02	1.029009916438573258e-01
2.152807745076601350e+03	1.711477973450491741e-01	1.052987417739978948e-01	3.013615016336941288e-01	1.895117149082665431e-01	8.900886007572578196e-02	4.070764882912045191e-02	1.029637354338411859e-01
2.157645515290255844e+03	1.709345004008080704e-01	1.051479252868444819e-01	3.014974793320028823e-01	1.896052965450321648e-01	8.904972899465693481e-02	4.073896578452168571e-02	1.030261036558289406e-01
2.162483285503912157e+03	1.707224056454925698e-01	1.049979579017025350e-01	3.016326981930841367e-01	1.896983547221973709e-01	8.909036660938807195e-02	4.077011847242887482e-02	1.030880984554015944e-01
2.167321055717567106e+03	1.705115062948813487e-01	1.048488348281227528e-01	3.017671625459210083e-01	1.897908924389523078e-01	8.913077426017626537e-02	4.080110766564350872e-02	1.031497219659979758e-01
2.172158825931222509e+03	1.703017956032114311e-01	1.047005513026935675e-01	3.019008766939644262e-01	1.898829126765924635e-01	8.917095327943910799e-02	4.083193413481098211e-02	1.032109763089832793e-01
2.176996596144877003e+03	1.700932668629552835e-01	1.045531025888905702e-01	3.020338449152965565e-01	1.899744183986363522e-01	8.921090499179883115e-02	4.086259864840038197e-02	1.032718635937173862e-01
2.181834366358532861e+03	1.698859134045994368e-01	1.044064839769265479e-01	3.021660714627929512e-01	1.900654125509425862e-01	8.925063071412636662e-02	4.089310197268489211e-02	1.033323859176226434e-01
2.186672136572187810e+03	1.696797285964244395e-01	1.042606907836022834e-01	3.022975605642836405e-01	1.901558980618258676e-01	8.929013175558507542e-02	4.092344487172273199e-02	1.033925453662513372e-01
2.191509906785843214e+03	1.694747058442864218e-01	1.041157183521581736e-01	3.024283164227128951e-01	1.902458778421720065e-01	8.932940941767440746e-02	4.095362810733872011e-02	1.034523440133527650e-01
2.196347676999498617e+03	1.692708385913997415e-01	1.039715620521264872e-01	3.025583432162975428e-01	1.903353547855520522e-01	8.936846499427331114e-02	4.098365243910637168e-02	1.035117839209399315e-01
2.201185447213154021e+03	1.690681203181212677e-01	1.038282172791844260e-01	3.026876450986844547e-01	1.904243317683355363e-01	8.940729977168336562e-02	4.101351862433058604e-02	1.035708671393558711e-01
2.206023217426809424e+03	1.688665445417358857e-01	1.036856794550079230e-01	3.028162261991066417e-01	1.905128116498027435e-01	8.944591502867191291e-02	4.104322741803081293e-02	1.036295957073396223e-01
2.210860987640464373e+03	1.686661048162436116e-01	1.035439440271261058e-01	3.029440906225381314e-01	1.906007972722562338e-01	8.948431203651481536e-02	4.107277957292483628e-02	1.036879716520917594e-01
2.215698757854119776e+03	1.684667947321478731e-01	1.034030064687766065e-01	3.030712424498479551e-01	1.906882914611312818e-01	8.952249205903914375e-02	4.110217583941300906e-02	1.037459969893396450e-01
2.220536528067775180e+03	1.682686079162449555e-01	1.032628622787615663e-01	3.031976857379524715e-01	1.907752970251055669e-01	8.956045635266561555e-02	4.113141696556304322e-02	1.038036737234022955e-01
2.225374298281430583e+03	1.680715380314151963e-01	1.031235069813042776e-01	3.033234245199671886e-01	1.908618167562079193e-01	8.959820616645082503e-02	4.116050369709530615e-02	1.038610038472548153e-01
2.230212068495085077e+03	1.678755787764151797e-01	1.029849361259067841e-01	3.034484628053568112e-01	1.909478534299263452e-01	8.963574274212929294e-02	4.118943677736860987e-02	1.039179893425925122e-01
2.235049838708740936e+03	1.676807238856713178e-01	1.028471452872079667e-01	3.035728045800847319e-01	1.910334098053151075e-01	8.967306731415536358e-02	4.121821694736645114e-02	1.039746321798946799e-01
2.239887608922396339e+03	1.674869671290746265e-01	1.027101300648425447e-01	3.036964538067609687e-01	1.911184886251008630e-01	8.971018110974485205e-02	4.124684494568380683e-02	1.040309343184880053e-01
2.244725379136052197e+03	1.672943023117771932e-01	1.025738860833007443e-01	3.038194144247891026e-01	1.912030926157882449e-01	8.974708534891652489e-02	4.127532150851433157e-02	1.040868977066095324e-01
2.249563149349706237e+03	1.671027232739892010e-01	1.024384089917886737e-01	3.039416903505127165e-01	1.912872244877643069e-01	8.978378124453333109e-02	4.130364736963804129e-02	1.041425242814694313e-01
2.254400919563362095e+03	1.669122238907778666e-01	1.023036944640895035e-01	3.040632854773595573e-01	1.913708869354024122e-01	8.982027000234356351e-02	4.133182326040946153e-02	1.041978159693133094e-01
2.259238689777017044e+03	1.667227980718673230e-01	1.021697381984252723e-01	3.041842036759858092e-01	1.914540826371652349e-01	8.985655282102170127e-02	4.135984990974620606e-02	1.042527746854841619e-01
2.264076459990672902e+03	1.665344397614397232e-01	1.020365359173194958e-01	3.043044487944186471e-01	1.915368142557067888e-01	8.989263089220908554e-02	4.138772804411798567e-02	1.043074023344839896e-01
