1.001418434226643626e+03	2.785910467473386998e-01	1.815667937538754662e-01	2.346425394020747179e-01	1.408594401749989622e-01	6.829452862420011539e-02	2.679781014479599294e-02	6.924784115240675830e-02
1.003837319333471214e+03	2.781518196809345533e-01	1.813031444812600590e-01	2.349307622815419161e-01	1.410355046711335159e-01	6.836919296146815039e-02	2.684677653335758307e-02	6.936279938999492800e-02
1.006256204440298802e+03	2.777139032021018750e-01	1.810401949656215426e-01	2.352179829876649420e-01	1.412110514713816878e-01	6.844363790762900135e-02	2.689572787762561576e-02	6.947750158766599626e-02
1.008675089547126618e+03	2.772772933473490187e-01	1.807779432307521916e-01	2.355042065863390266e-01	1.413860821086819208e-01	6.851786412268430493e-02	2.694466223115629666e-02	6.959194837272789091e-02
1.011093974653954206e+03	2.768419861660150194e-01	1.805163873071483349e-01	2.357894381131590000e-01	1.415605981121100532e-01	6.859187226387428171e-02	2.699357769392522408e-02	6.970614034345870569e-02
1.013512859760782021e+03	2.764079777202210764e-01	1.802555252319810175e-01	2.360736825731915289e-01	1.417346010068170348e-01	6.866566298576247396e-02	2.704247241109950309e-02	6.982007807061793581e-02
1.015931744867609382e+03	2.759752640848223137e-01	1.799953550490663856e-01	2.363569449407718903e-01	1.419080923139742212e-01	6.873923694031285059e-02	2.709134457184880079e-02	6.993376209889408390e-02
1.018350629974437197e+03	2.755438413473595416e-01	1.797358748088362379e-01	2.366392301593241709e-01	1.420810735507253286e-01	6.881259477695986226e-02	2.714019240819398604e-02	7.004719294829143961e-02
1.020769515081264785e+03	2.751137056080110166e-01	1.794770825683084658e-01	2.369205431412038099e-01	1.422535462301445508e-01	6.888573714267237635e-02	2.718901419389204918e-02	7.016037111545819771e-02
1.023188400188092373e+03	2.746848529795450355e-01	1.792189763910575495e-01	2.372008887675615962e-01	1.424255118612000881e-01	6.895866468201188038e-02	2.723780824335599038e-02	7.027329707495834354e-02
1.025607285294920075e+03	2.742572795872717517e-01	1.789615543471849424e-01	2.374802718882279007e-01	1.425969719487225340e-01	6.903137803718556453e-02	2.728657291060848297e-02	7.038597128048930396e-02
1.028026170401747549e+03	2.738309815689959903e-01	1.787048145132894839e-01	2.377586973216163080e-01	1.427679279933779244e-01	6.910387784809478295e-02	2.733530658826811843e-02	7.049839416604784803e-02
1.030445055508575479e+03	2.734059550749696754e-01	1.784487549724380340e-01	2.380361698546456517e-01	1.429383814916445894e-01	6.917616475237947649e-02	2.738400770656710531e-02	7.061056614704593060e-02
1.032863940615402726e+03	2.729821962678447567e-01	1.781933738141358026e-01	2.383126942426796457e-01	1.431083339357936690e-01	6.924823938545869584e-02	2.743267473239929810e-02	7.072248762137860190e-02
1.035282825722230655e+03	2.725597013226261911e-01	1.779386691342969284e-01	2.385882752094831138e-01	1.432777868138729871e-01	6.932010238056779405e-02	2.748130616839756027e-02	7.083415897044584297e-02
1.037701710829058356e+03	2.721384664266250919e-01	1.776846390352151139e-01	2.388629174471943173e-01	1.434467416096937287e-01	6.939175436879253811e-02	2.752990055203937206e-02	7.094558056013021419e-02
1.040120595935886058e+03	2.717184877794118214e-01	1.774312816255342318e-01	2.391366256163122705e-01	1.436151998028198651e-01	6.946319597910050048e-02	2.757845645477976018e-02	7.105675274173194056e-02
1.042539481042713533e+03	2.712997615927696948e-01	1.771785950202188764e-01	2.394094043456982956e-01	1.437831628685599383e-01	6.953442783836982777e-02	2.762697248121056409e-02	7.116767585286312703e-02
1.044958366149541234e+03	2.708822840906485174e-01	1.769265773405254150e-01	2.396812582325914542e-01	1.439506322779607606e-01	6.960545057141594161e-02	2.767544726824517493e-02	7.127835021830299100e-02
1.047377251256368709e+03	2.704660515091183437e-01	1.766752267139725663e-01	2.399521918426368861e-01	1.441176094978035838e-01	6.967626480101599129e-02	2.772387948432783120e-02	7.138877615081506978e-02
1.049796136363196410e+03	2.700510600963234586e-01	1.764245412743123687e-01	2.402222097099261655e-01	1.442840959906013798e-01	6.974687114793161336e-02	2.777226782866663510e-02	7.149895395192865100e-02
1.052215021470024112e+03	2.696373061124364701e-01	1.761745191615012029e-01	2.404913163370497320e-01	1.444500932145980909e-01	6.981727023092995643e-02	2.782061103048950185e-02	7.160888391268525888e-02
1.054633906576851814e+03	2.692247858296128449e-01	1.759251585216708713e-01	2.407595161951600338e-01	1.446156026237691294e-01	6.988746266680322117e-02	2.786890784832223023e-02	7.171856631435181983e-02
1.057052791683679516e+03	2.688134955319451125e-01	1.756764575070997314e-01	2.410268137240453301e-01	1.447806256678232650e-01	6.995744907038684013e-02	2.791715706928793797e-02	7.182800142910189534e-02
1.059471676790506763e+03	2.684034315154176231e-01	1.754284142761840248e-01	2.412932133322132910e-01	1.449451637922054004e-01	7.002723005457640870e-02	2.796535750842716120e-02	7.193718952066610606e-02
1.061890561897334692e+03	2.679945900878614728e-01	1.751810269934092057e-01	2.415587193969840618e-01	1.451092184381006789e-01	7.009680623034354741e-02	2.801350800803788232e-02	7.204613084495312125e-02
1.064309447004162394e+03	2.675869675689093174e-01	1.749342938293214911e-01	2.418233362645920148e-01	1.452727910424393143e-01	7.016617820675068173e-02	2.806160743703484464e-02	7.215482565064224030e-02
1.066728332110990095e+03	2.671805602899507970e-01	1.746882129604994671e-01	2.420870682502961335e-01	1.454358830379021694e-01	7.023534659096500321e-02	2.810965469032747702e-02	7.226327417974884315e-02
1.069147217217817570e+03	2.667753645940876273e-01	1.744427825695256951e-01	2.423499196384980847e-01	1.455984958529273621e-01	7.030431198827151451e-02	2.815764868821581460e-02	7.237147666816376446e-02
1.071566102324645271e+03	2.663713768360895240e-01	1.741980008449587336e-01	2.426118946828676737e-01	1.457606309117172316e-01	7.037307500208546396e-02	2.820558837580378758e-02	7.247943334616752109e-02
1.073984987431472746e+03	2.659685933823494608e-01	1.739538659813049115e-01	2.428729976064756824e-01	1.459222896342460551e-01	7.044163623396391960e-02	2.825347272242932986e-02	7.258714443892060053e-02
1.076403872538300675e+03	2.655670106108400375e-01	1.737103761789906275e-01	2.431332326019327861e-01	1.460834734362682352e-01	7.050999628361689919e-02	2.830130072111072467e-02	7.269461016693071209e-02
1.078822757645127922e+03	2.651666249110692375e-01	1.734675296443344006e-01	2.433926038315351315e-01	1.462441837293270153e-01	7.057815574891786181e-02	2.834907138800863910e-02	7.280183074649772268e-02
1.081241642751955851e+03	2.647674326840370740e-01	1.732253245895192806e-01	2.436511154274154656e-01	1.464044219207635278e-01	7.064611522591374149e-02	2.839678376190334433e-02	7.290880639013756770e-02
1.083660527858783553e+03	2.643694303421917358e-01	1.729837592325654816e-01	2.439087714916997052e-01	1.465641894137264256e-01	7.071387530883448125e-02	2.844443690368659086e-02	7.301553730698563671e-02
1.086079412965611255e+03	2.639726143093863442e-01	1.727428317973027372e-01	2.441655760966688349e-01	1.467234876071814020e-01	7.078143659010219246e-02	2.849202989586770152e-02	7.312202370318073019e-02
1.088498298072438729e+03	2.635769810208360431e-01	1.725025405133433776e-01	2.444215332849254685e-01	1.468823178959216269e-01	7.084879966033992560e-02	2.853956184209333752e-02	7.322826578223017024e-02
1.090917183179266431e+03	2.631825269230746445e-01	1.722628836160550458e-01	2.446766470695647400e-01	1.470406816705779329e-01	7.091596510838006628e-02	2.858703186668055951e-02	7.333426374535699510e-02
1.093336068286093905e+03	2.627892484739121071e-01	1.720238593465337751e-01	2.449309214343495800e-01	1.471985803176294183e-01	7.098293352127256484e-02	2.863443911416272206e-02	7.344001779182980638e-02
1.095754953392921607e+03	2.623971421423921258e-01	1.717854659515772320e-01	2.451843603338896282e-01	1.473560152194142991e-01	7.104970548429268007e-02	2.868178274884776099e-02	7.354552811927626832e-02
1.098173838499749309e+03	2.620062044087493325e-01	1.715477016836581270e-01	2.454369676938239486e-01	1.475129877541409562e-01	7.111628158094861207e-02	2.872906195438849897e-02	7.365079492398053651e-02
1.100592723606577010e+03	2.616164317643673853e-01	1.713105648008975690e-01	2.456887474110068526e-01	1.476694992958990371e-01	7.118266239298891296e-02	2.877627593336457013e-02	7.375581840116565702e-02
1.103011608713404712e+03	2.612278207117370021e-01	1.710740535670388363e-01	2.459397033536970534e-01	1.478255512146706974e-01	7.124884850040955064e-02	2.882342390687556849e-02	7.386059874526121338e-02
1.105430493820231959e+03	2.608403677644139940e-01	1.708381662514212307e-01	2.461898393617492908e-01	1.479811448763421744e-01	7.131484048146097265e-02	2.887050511414508344e-02	7.396513615015717913e-02
1.107849378927059888e+03	2.604540694469777984e-01	1.706029011289538766e-01	2.464391592468087866e-01	1.481362816427151397e-01	7.138063891265476746e-02	2.891751881213526845e-02	7.406943080944428104e-02
1.110268264033887590e+03	2.600689222949900126e-01	1.703682564800898525e-01	2.466876667925081146e-01	1.482909628715183559e-01	7.144624436877040907e-02	2.896446427517158917e-02	7.417348291664156712e-02
1.112687149140715292e+03	2.596849228549531485e-01	1.701342305908006003e-01	2.469353657546659864e-01	1.484451899164194455e-01	7.151165742286169635e-02	2.901134079457742126e-02	7.427729266541158171e-02
1.115106034247542766e+03	2.593020676842697214e-01	1.699008217525502518e-01	2.471822598614881183e-01	1.485989641270365480e-01	7.157687864626308127e-02	2.905814767831822396e-02	7.438086024976392485e-02
1.117524919354370468e+03	2.589203533512012267e-01	1.696680282622700930e-01	2.474283528137700139e-01	1.487522868489501993e-01	7.164190860859592780e-02	2.910488425065494919e-02	7.448418586424739030e-02
1.119943804461197942e+03	2.585397764348277283e-01	1.694358484223335570e-01	2.476736482851010224e-01	1.489051594237151277e-01	7.170674787777461812e-02	2.915154985180639161e-02	7.458726970413137591e-02
1.122362689568025871e+03	2.581603335250072240e-01	1.692042805405308270e-01	2.479181499220700080e-01	1.490575831888721614e-01	7.177139702001252008e-02	2.919814383762021903e-02	7.469011196557684418e-02
1.124781574674853118e+03	2.577820212223355667e-01	1.689733229300440787e-01	2.481618613444721566e-01	1.492095594779601075e-01	7.183585659982801019e-02	2.924466557925240948e-02	7.479271284579745716e-02
1.127200459781681047e+03	2.574048361381062744e-01	1.687429739094226111e-01	2.484047861455168649e-01	1.493610896205278260e-01	7.190012718005019121e-02	2.929111446285479967e-02	7.489507254321126073e-02
1.129619344888508749e+03	2.570287748942707284e-01	1.685132318025581444e-01	2.486469278920365733e-01	1.495121749421459700e-01	7.196420932182470698e-02	2.933748988927054047e-02	7.499719125758308458e-02
1.132038229995336451e+03	2.566538341233986498e-01	1.682840949386605056e-01	2.488882901246964319e-01	1.496628167644191709e-01	7.202810358461941842e-02	2.938379127373716426e-02	7.509906919015847671e-02
1.134457115102163925e+03	2.562800104686382974e-01	1.680555616522331208e-01	2.491288763582043542e-01	1.498130164049978619e-01	7.209181052622996855e-02	2.943001804559709778e-02	7.520070654378914476e-02
1.136876000208991627e+03	2.559073005836774994e-01	1.678276302830489231e-01	2.493686900815219876e-01	1.499627751775902129e-01	7.215533070278537520e-02	2.947616964801529765e-02	7.530210352305052868e-02
1.139294885315819101e+03	2.555357011327045180e-01	1.676002991761263716e-01	2.496077347580755723e-01	1.501120943919742601e-01	7.221866466875351276e-02	2.952224553770385618e-02	7.540326033435174047e-02
1.141713770422646803e+03	2.551652087903690247e-01	1.673735666817054435e-01	2.498460138259675500e-01	1.502609753540096738e-01	7.228181297694651064e-02	2.956824518465336199e-02	7.550417718603820438e-02
1.144132655529474505e+03	2.547958202417435203e-01	1.671474311552241798e-01	2.500835306981880057e-01	1.504094193656498324e-01	7.234477617852616560e-02	2.961416807187079725e-02	7.560485428848727485e-02
1.146551540636302207e+03	2.544275321822847546e-01	1.669218909572949550e-01	2.503202887628260820e-01	1.505574277249536741e-01	7.240755482300924306e-02	2.966001369512373531e-02	7.570529185419730411e-02
1.148970425743129908e+03	2.540603413177955350e-01	1.666969444536811062e-01	2.505562913832816152e-01	1.507050017260976316e-01	7.247014945827277843e-02	2.970578156269073136e-02	7.580549009787027059e-02
1.151389310849957155e+03	2.536942443643864231e-01	1.664725900152738136e-01	2.507915418984765221e-01	1.508521426593875114e-01	7.253256063055935066e-02	2.975147119511764929e-02	7.590544923648835651e-02
1.153808195956785084e+03	2.533292380484378770e-01	1.662488260180688959e-01	2.510260436230656866e-01	1.509988518112703737e-01	7.259478888448227252e-02	2.979708212497977904e-02	7.600516948938464135e-02
1.156227081063612786e+03	2.529653191065626139e-01	1.660256508431440237e-01	2.512597998476478467e-01	1.511451304643463833e-01	7.265683476303072541e-02	2.984261389664956410e-02	7.610465107830832743e-02
1.158645966170440488e+03	2.526024842855678076e-01	1.658030628766358205e-01	2.514928138389759815e-01	1.512909798973805509e-01	7.271869880757490801e-02	2.988806606606978292e-02	7.620389422748462260e-02
1.161064851277267962e+03	2.522407303424180069e-01	1.655810605097172705e-01	2.517250888401668107e-01	1.514364013853146396e-01	7.278038155787117103e-02	2.993343820053199350e-02	7.630289916366952974e-02
1.163483736384095664e+03	2.518800540441977209e-01	1.653596421385754300e-01	2.519566280709103490e-01	1.515813961992788506e-01	7.284188355206702714e-02	2.997872987846013706e-02	7.640166611619990389e-02
1.165902621490923138e+03	2.515204521680745042e-01	1.651388061643888627e-01	2.521874347276784056e-01	1.517259656066035356e-01	7.290320532670624409e-02	3.002394068919909953e-02	7.650019531703873554e-02
1.168321506597751068e+03	2.511619215012621531e-01	1.649185509933056570e-01	2.524175119839324188e-01	1.518701108708310210e-01	7.296434741673384072e-02	3.006907023280810942e-02	7.659848700081620110e-02
1.170740391704578315e+03	2.508044588409841236e-01	1.646988750364213328e-01	2.526468629903306229e-01	1.520138332517270707e-01	7.302531035550102745e-02	3.011411811985885076e-02	7.669654140486638350e-02
1.173159276811406244e+03	2.504480609944368941e-01	1.644797767097570806e-01	2.528754908749342722e-01	1.521571340052927379e-01	7.308609467477018840e-02	3.015908397123811743e-02	7.679435876926007931e-02
1.175578161918233945e+03	2.500927247787539942e-01	1.642612544342380021e-01	2.531033987434129773e-01	1.523000143837758558e-01	7.314670090471980801e-02	3.020396741795489809e-02	7.689193933683374782e-02
1.177997047025061647e+03	2.497384470209697005e-01	1.640433066356715430e-01	2.533305896792494294e-01	1.524424756356826116e-01	7.320712957394939768e-02	3.024876810095177004e-02	7.698928335321482408e-02
1.180415932131889122e+03	2.493852245579832039e-01	1.638259317447261221e-01	2.535570667439424053e-01	1.525845190057890655e-01	7.326738120948433908e-02	3.029348567092047043e-02	7.708639106684361808e-02
1.182834817238716823e+03	2.490330542365228883e-01	1.636091281969098421e-01	2.537828329772096048e-01	1.527261457351527241e-01	7.332745633678076913e-02	3.033811978812154739e-02	7.718326272899184159e-02
1.185253702345544298e+03	2.486819329131108314e-01	1.633928944325494237e-01	2.540078913971886010e-01	1.528673570611239763e-01	7.338735547973038176e-02	3.038267012220792485e-02	7.727989859377809578e-02
1.187672587452371999e+03	2.483318574540273327e-01	1.631772288967691664e-01	2.542322450006373469e-01	1.530081542173574172e-01	7.344707916066529896e-02	3.042713635205234260e-02	7.737629891818029182e-02
1.190091472559199701e+03	2.479828247352759141e-01	1.629621300394701877e-01	2.544558967631331270e-01	1.531485384338234224e-01	7.350662790036280314e-02	3.047151816557850876e-02	7.747246396204524044e-02
1.192510357666027403e+03	2.476348316425481255e-01	1.627475963153097172e-01	2.546788496392703438e-01	1.532885109368193610e-01	7.356600221805013884e-02	3.051581525959588120e-02	7.756839398809564634e-02
1.194929242772855105e+03	2.472878750711887674e-01	1.625336261836805851e-01	2.549011065628571937e-01	1.534280729489810036e-01	7.362520263140928667e-02	3.056002733963799484e-02	7.766408926193438256e-02
1.197348127879682352e+03	2.469419519261613072e-01	1.623202181086908225e-01	2.551226704471110662e-01	1.535672256892937348e-01	7.368422965658162627e-02	3.060415411980420969e-02	7.775955005204646109e-02
1.199767012986510281e+03	2.465970591220133790e-01	1.621073705591433711e-01	2.553435441848525556e-01	1.537059703731038229e-01	7.374308380817272413e-02	3.064819532260478624e-02	7.785477662979865821e-02
1.202185898093337983e+03	2.462531935828423668e-01	1.618950820085159892e-01	2.555637306486980842e-01	1.538443082121296879e-01	7.380176559925699653e-02	3.069215067880924283e-02	7.794976926943689155e-02
1.204604783200165684e+03	2.459103522422613763e-01	1.616833509349413223e-01	2.557832326912517495e-01	1.539822404144729762e-01	7.386027554138238638e-02	3.073601992729784946e-02	7.804452824808162659e-02
1.207023668306993159e+03	2.455685320433652064e-01	1.614721758211870306e-01	2.560020531452948944e-01	1.541197681846297740e-01	7.391861414457502610e-02	3.077980281491620243e-02	7.813905384572121526e-02
1.209442553413820860e+03	2.452277299386965148e-01	1.612615551546361103e-01	2.562201948239749005e-01	1.542568927235016540e-01	7.397678191734388675e-02	3.082349909633280011e-02	7.823334634520345832e-02
1.211861438520648335e+03	2.448879428902123456e-01	1.610514874272673258e-01	2.564376605209926496e-01	1.543936152284067775e-01	7.403477936668537152e-02	3.086710853389955031e-02	7.832740603222530795e-02
1.214280323627476264e+03	2.445491678692504611e-01	1.608419711356357251e-01	2.566544530107880973e-01	1.545299368930908857e-01	7.409260699808796480e-02	3.091063089751507759e-02	7.842123319532104397e-02
1.216699208734303511e+03	2.442114018564962019e-01	1.606330047808534334e-01	2.568705750487250139e-01	1.546658589077383184e-01	7.415026531553678413e-02	3.095406596449084419e-02	7.851482812584870130e-02
1.219118093841131440e+03	2.438746418419492634e-01	1.604245868685704457e-01	2.570860293712733391e-01	1.548013824589828669e-01	7.420775482151818758e-02	3.099741351941993212e-02	7.860819111797515135e-02
1.221536978947959142e+03	2.435388848248907778e-01	1.602167159089556703e-01	2.573008186961913135e-01	1.549365087299189037e-01	7.426507601702429795e-02	3.104067335404845848e-02	7.870132246865975401e-02
1.223955864054786844e+03	2.432041278138504514e-01	1.600093904166779157e-01	2.575149457227050021e-01	1.550712389001119851e-01	7.432222940155758240e-02	3.108384526714956519e-02	7.879422247763663567e-02
1.226374749161614318e+03	2.428703678265739518e-01	1.598026089108872394e-01	2.577284131316870952e-01	1.552055741456098703e-01	7.437921547313533499e-02	3.112692906439986154e-02	7.888689144739577386e-02
1.228793634268442020e+03	2.425376018899904895e-01	1.595963699151962401e-01	2.579412235858337121e-01	1.553395156389532905e-01	7.443603472829417311e-02	3.116992455825835090e-02	7.897932968316286051e-02
1.231212519375269494e+03	2.422058270401803437e-01	1.593906719576615727e-01	2.581533797298400379e-01	1.554730645491866625e-01	7.449268766209461712e-02	3.121283156784766810e-02	7.907153749287818001e-02
1.233631404482097196e+03	2.418750403223428880e-01	1.591855135707655744e-01	2.583648841905742954e-01	1.556062220418688580e-01	7.454917476812546184e-02	3.125564991883767602e-02	7.916351518717432145e-02
1.236050289588924898e+03	2.415452387907644771e-01	1.589808932913979733e-01	2.585757395772502187e-01	1.557389892790839170e-01	7.460549653850831464e-02	3.129837944333126870e-02	7.925526307935298886e-02
1.238469174695752372e+03	2.412164195087865282e-01	1.587768096608377921e-01	2.587859484815978051e-01	1.558713674194516507e-01	7.466165346390196689e-02	3.134101997975240195e-02	7.934678148536095099e-02
1.240888059802580301e+03	2.408885795487740455e-01	1.585732612247353901e-01	2.589955134780331791e-01	1.560033576181382442e-01	7.471764603350694589e-02	3.138357137273625752e-02	7.943807072376507517e-02
1.243306944909407548e+03	2.405617159920838133e-01	1.583702465330944775e-01	2.592044371238259592e-01	1.561349610268669696e-01	7.477347473506974762e-02	3.142603347302149602e-02	7.952913111572662563e-02
1.245725830016235477e+03	2.402358259290332532e-01	1.581677641402544077e-01	2.594127219592661793e-01	1.562661787939285118e-01	7.482914005488744413e-02	3.146840613734453590e-02	7.961996298497474311e-02
1.248144715123063179e+03	2.399109064588690610e-01	1.579658126048725519e-01	2.596203705078285462e-01	1.563970120641917372e-01	7.488464247781191629e-02	3.151068922833583780e-02	7.971056665777943862e-02
1.250563600229890881e+03	2.395869546897361202e-01	1.577643904899067584e-01	2.598273852763361425e-01	1.565274619791139632e-01	7.493998248725425304e-02	3.155288261441812486e-02	7.980094246292369908e-02
1.252982485336718355e+03	2.392639677386466657e-01	1.575634963625979490e-01	2.600337687551220744e-01	1.566575296767514780e-01	7.499516056518917839e-02	3.159498616970650431e-02	7.989109073167521835e-02
1.255401370443546057e+03	2.389419427314494193e-01	1.573631287944527724e-01	2.602395234181895667e-01	1.567872162917699486e-01	7.505017719215933969e-02	3.163699977391042084e-02	7.998101179775751746e-02
1.257820255550373531e+03	2.386208768027990590e-01	1.571632863612266451e-01	2.604446517233709457e-01	1.569165229554547736e-01	7.510503284727960971e-02	3.167892331223744196e-02	8.007070599732053762e-02
1.260239140657201460e+03	2.383007670961256319e-01	1.569639676429064046e-01	2.606491561124844591e-01	1.570454507957214363e-01	7.515972800824141653e-02	3.172075667529879184e-02	8.016017366891085849e-02
1.262658025764028707e+03	2.379816107636041900e-01	1.567651712236936279e-01	2.608530390114902620e-01	1.571740009371257740e-01	7.521426315131710116e-02	3.176249975901660610e-02	8.024941515344143073e-02
1.265076910870856636e+03	2.376634049661247305e-01	1.565668956919876731e-01	2.610563028306442379e-01	1.573021745008742478e-01	7.526863875136413640e-02	3.180415246453289352e-02	8.033843079416098931e-02
1.267495795977684338e+03	2.373461468732621371e-01	1.563691396403689426e-01	2.612589499646510438e-01	1.574299726048341286e-01	7.532285528182940115e-02	3.184571469812012140e-02	8.042722093662307836e-02
1.269914681084511813e+03	2.370298336632462033e-01	1.561719016655824799e-01	2.614609827928146557e-01	1.575573963635438224e-01	7.537691321475345485e-02	3.188718637109341086e-02	8.051578592865481221e-02
1.272333566191339514e+03	2.367144625229318511e-01	1.559751803685212324e-01	2.616624036791883601e-01	1.576844468882228900e-01	7.543081302077477013e-02	3.192856739972430025e-02	8.060412612032538671e-02
1.274752451298167216e+03	2.364000306477696545e-01	1.557789743542098426e-01	2.618632149727228020e-01	1.578111252867822334e-01	7.548455516913397945e-02	3.196985770515607672e-02	8.069224186391424358e-02
1.277171336404994690e+03	2.360865352417761687e-01	1.555832822317883002e-01	2.620634190074124792e-01	1.579374326638341430e-01	7.553814012767802455e-02	3.201105721332055121e-02	8.078013351387920704e-02
1.279590221511822392e+03	2.357739735175047591e-01	1.553881026144957878e-01	2.622630181024409035e-01	1.580633701207024289e-01	7.559156836286445857e-02	3.205216585485637371e-02	8.086780142682421790e-02
1.282009106618650094e+03	2.354623426960163191e-01	1.551934341196546663e-01	2.624620145623240974e-01	1.581889387554323845e-01	7.564484033976556776e-02	3.209318356502871561e-02	8.095524596146712326e-02
1.284427991725477568e+03	2.351516400068503487e-01	1.549992753686545155e-01	2.626604106770530911e-01	1.583141396628007513e-01	7.569795652207252090e-02	3.213411028365041611e-02	8.104246747860721634e-02
1.286846876832305497e+03	2.348418626879957005e-01	1.548056249869362300e-01	2.628582087222344765e-01	1.584389739343257941e-01	7.575091737209957432e-02	3.217494595500443311e-02	8.112946634109263755e-02
1.289265761939132744e+03	2.345330079858621852e-01	1.546124816039763372e-01	2.630554109592293521e-01	1.585634426582770429e-01	7.580372335078823520e-02	3.221569052776772357e-02	8.121624291378787275e-02
1.291684647045960673e+03	2.342250731552516507e-01	1.544198438532713713e-01	2.632520196352917119e-01	1.586875469196852850e-01	7.585637491771132779e-02	3.225634395493636591e-02	8.130279756354101550e-02
1.294103532152788375e+03	2.339180554593296157e-01	1.542277103723223020e-01	2.634480369837041702e-01	1.588112878003525019e-01	7.590887253107714283e-02	3.229690619375200078e-02	8.138913065915100165e-02
1.296522417259616077e+03	2.336119521695967371e-01	1.540360798026191025e-01	2.636434652239132426e-01	1.589346663788614722e-01	7.596121664773358706e-02	3.233737720562956247e-02	8.147524257133502423e-02
1.298941302366443551e+03	2.333067605658606936e-01	1.538449507896253732e-01	2.638383065616627943e-01	1.590576837305857361e-01	7.601340772317219385e-02	3.237775695608616222e-02	8.156113367269569869e-02
1.301360187473271253e+03	2.330024779362080134e-01	1.536543219827632700e-01	2.640325631891262126e-01	1.591803409276993098e-01	7.606544621153224495e-02	3.241804541467124823e-02	8.164680433768835288e-02
1.303779072580098727e+03	2.326991015769760418e-01	1.534641920353981559e-01	2.642262372850368579e-01	1.593026390391863722e-01	7.611733256560486438e-02	3.245824255489793836e-02	8.173225494258844204e-02
1.306197957686926657e+03	2.323966287927250740e-01	1.532745596048237513e-01	2.644193310148175158e-01	1.594245791308509519e-01	7.616906723683700142e-02	3.249834835417548390e-02	8.181748586545886659e-02
1.308616842793753904e+03	2.320950568962106830e-01	1.530854233522470353e-01	2.646118465307083500e-01	1.595461622653266964e-01	7.622065067533552452e-02	3.253836279374288515e-02	8.190249748611748426e-02
1.311035727900581833e+03	2.317943832083561306e-01	1.528967819427734520e-01	2.648037859718933573e-01	1.596673895020862821e-01	7.627208332987121808e-02	3.257828585860361725e-02	8.198729018610460828e-02
1.313454613007409534e+03	2.314946050582247228e-01	1.527086340453921720e-01	2.649951514646255446e-01	1.597882618974512114e-01	7.632336564788284872e-02	3.261811753746143849e-02	8.207186434865065827e-02
1.315873498114237009e+03	2.311957197829926647e-01	1.525209783329615210e-01	2.651859451223508302e-01	1.599087805046013055e-01	7.637449807548105096e-02	3.265785782265728104e-02	8.215622035864390826e-02
1.318292383221064711e+03	2.308977247279216105e-01	1.523338134821942413e-01	2.653761690458305011e-01	1.600289463735842244e-01	7.642548105745246290e-02	3.269750671010714094e-02	8.224035860259837349e-02
1.320711268327892412e+03	2.306006172463317683e-01	1.521471381736431150e-01	2.655658253232622834e-01	1.601487605513249313e-01	7.647631503726358415e-02	3.273706419924105049e-02	8.232427946862180823e-02
1.323130153434719887e+03	2.303043946995747826e-01	1.519609510916865580e-01	2.657549160304003011e-01	1.602682240816351855e-01	7.652700045706481435e-02	3.277653029294302911e-02	8.240798334638387013e-02
1.325549038541547588e+03	2.300090544570068951e-01	1.517752509245143822e-01	2.659434432306734819e-01	1.603873380052229791e-01	7.657753775769432503e-02	3.281590499749200557e-02	8.249147062708443723e-02
1.327967923648375290e+03	2.297145938959622158e-01	1.515900363641135007e-01	2.661314089753029632e-01	1.605061033597020015e-01	7.662792737868207027e-02	3.285518832250371862e-02	8.257474170342203601e-02
1.330386808755202765e+03	2.294210104017260499e-01	1.514053061062538563e-01	2.663188153034178884e-01	1.606245211796008820e-01	7.667816975825365866e-02	3.289438028087354748e-02	8.265779696956256084e-02
1.332805693862030694e+03	2.291283013675084745e-01	1.512210588504744879e-01	2.665056642421700928e-01	1.607425924963726827e-01	7.672826533333432231e-02	3.293348088872030677e-02	8.274063682110809059e-02
1.335224578968857941e+03	2.288364641944179434e-01	1.510372933000694029e-01	2.666919578068475127e-01	1.608603183384040569e-01	7.677821453955274711e-02	3.297249016533090882e-02	8.282326165506589954e-02
1.337643464075685870e+03	2.285454962914349186e-01	1.508540081620738382e-01	2.668776980009864852e-01	1.609776997310246038e-01	7.682801781124501406e-02	3.301140813310593503e-02	8.290567186981764869e-02
1.340062349182513572e+03	2.282553950753858640e-01	1.506712021472505214e-01	2.670628868164824365e-01	1.610947376965161659e-01	7.687767558145844338e-02	3.305023481750608838e-02	8.298786786508891011e-02
1.342481234289341273e+03	2.279661579709170993e-01	1.504888739700759037e-01	2.672475262336997393e-01	1.612114332541219608e-01	7.692718828195546643e-02	3.308897024699949951e-02	8.306985004191877464e-02
1.344900119396168748e+03	2.276777824104689596e-01	1.503070223487266432e-01	2.674316182215800142e-01	1.613277874200557960e-01	7.697655634321746987e-02	3.312761445300985846e-02	8.315161880262968153e-02
1.347319004502996449e+03	2.273902658342498717e-01	1.501256460050659769e-01	2.676151647377496001e-01	1.614438012075112838e-01	7.702578019444863977e-02	3.316616746986541381e-02	8.323317455079756733e-02
1.349737889609823924e+03	2.271036056902108469e-01	1.499447436646304810e-01	2.677981677286254136e-01	1.615594756266708343e-01	7.707486026357979192e-02	3.320462933474873507e-02	8.331451769122215356e-02
1.352156774716651853e+03	2.268177994340197512e-01	1.497643140566164710e-01	2.679806291295200871e-01	1.616748116847149253e-01	7.712379697727220207e-02	3.324300008764730779e-02	8.339564862989752581e-02
1.354575659823479100e+03	2.265328445290358816e-01	1.495843559138669010e-01	2.681625508647453304e-01	1.617898103858310122e-01	7.717259076092132519e-02	3.328127977130487802e-02	8.347656777398292094e-02
1.356994544930307029e+03	2.262487384462846252e-01	1.494048679728581241e-01	2.683439348477146824e-01	1.619044727312226872e-01	7.722124203866066738e-02	3.331946843117360862e-02	8.355727553177377809e-02
1.359413430037134731e+03	2.259654786644322289e-01	1.492258489736868199e-01	2.685247829810449294e-01	1.620187997191186169e-01	7.726975123336557449e-02	3.335756611536693644e-02	8.363777231267303935e-02
1.361832315143962205e+03	2.256830626697606534e-01	1.490472976600568100e-01	2.687050971566564139e-01	1.621327923447815345e-01	7.731811876665692362e-02	3.339557287461319274e-02	8.371805852716265872e-02
1.364251200250789907e+03	2.254014879561425100e-01	1.488692127792663189e-01	2.688848792558717893e-01	1.622464516005172053e-01	7.736634505890491176e-02	3.343348876220998689e-02	8.379813458677543014e-02
1.366670085357617609e+03	2.251207520250161631e-01	1.486915930821949006e-01	2.690641311495145516e-01	1.623597784756833640e-01	7.741443052923285828e-02	3.347131383397921461e-02	8.387800090406707931e-02
1.369088970464445310e+03	2.248408523853610008e-01	1.485144373232908099e-01	2.692428546980056292e-01	1.624727739566985685e-01	7.746237559552079932e-02	3.350904814822287109e-02	8.395765789258848033e-02
1.371507855571272785e+03	2.245617865536725655e-01	1.483377442605581242e-01	2.694210517514593062e-01	1.625854390270510264e-01	7.751018067440931802e-02	3.354669176567945388e-02	8.403710596685835810e-02
1.373926740678100487e+03	2.242835520539381566e-01	1.481615126555441420e-01	2.695987241497779241e-01	1.626977746673075598e-01	7.755784618130322217e-02	3.358424474948112914e-02	8.411634554233603234e-02
1.376345625784927961e+03	2.240061464176121842e-01	1.479857412733268374e-01	2.697758737227455850e-01	1.628097818551222931e-01	7.760537253037522176e-02	3.362170716511147378e-02	8.419537703539457796e-02
1.378764510891755890e+03	2.237295671835918542e-01	1.478104288825023149e-01	2.699525022901207438e-01	1.629214615652454234e-01	7.765276013456963444e-02	3.365907908036397389e-02	8.427420086329424909e-02
1.381183395998583137e+03	2.234538118981928556e-01	1.476355742551723749e-01	2.701286116617277466e-01	1.630328147695321028e-01	7.770000940560603531e-02	3.369636056530107143e-02	8.435281744415604188e-02
1.383602281105411066e+03	2.231788781151251289e-01	1.474611761669321897e-01	2.703042036375473134e-01	1.631438424369510143e-01	7.774712075398293454e-02	3.373355169221386313e-02	8.443122719693571532e-02
1.386021166212238768e+03	2.229047633954690244e-01	1.472872333968579805e-01	2.704792800078062998e-01	1.632545455335930595e-01	7.779409458898142726e-02	3.377065253558246549e-02	8.450943054139788135e-02
1.388440051319066470e+03	2.226314653076509886e-01	1.471137447274948606e-01	2.706538425530657377e-01	1.633649250226802130e-01	7.784093131866878790e-02	3.380766317203694193e-02	8.458742789809058082e-02
1.390858936425893944e+03	2.223589814274199161e-01	1.469407089448445669e-01	2.708278930443087096e-01	1.634749818645739594e-01	7.788763134990216164e-02	3.384458368031883352e-02	8.466521968831994260e-02
1.393277821532721646e+03	2.220873093378233631e-01	1.467681248383534698e-01	2.710014332430266681e-01	1.635847170167838982e-01	7.793419508833213105e-02	3.388141414124328649e-02	8.474280633412531460e-02
1.395696706639549120e+03	2.218164466291837333e-01	1.465959912009005273e-01	2.711744649013048125e-01	1.636941314339764586e-01	7.798062293840635206e-02	3.391815463766175570e-02	8.482018825825443642e-02
1.398115591746377049e+03	2.215463908990748521e-01	1.464243068287854055e-01	2.713469897619069648e-01	1.638032260679833929e-01	7.802691530337312054e-02	3.395480525442527708e-02	8.489736588413906992e-02
1.400534476853204296e+03	2.212771397522984296e-01	1.462530705217164884e-01	2.715190095583588370e-01	1.639120018678102420e-01	7.807307258528496663e-02	3.399136607834830903e-02	8.497433963587085193e-02
1.402953361960032225e+03	2.210086908008606632e-01	1.460822810827991647e-01	2.716905260150306312e-01	1.640204597796449115e-01	7.811909518500219363e-02	3.402783719817308733e-02	8.505110993817738274e-02
1.405372247066859927e+03	2.207410416639490058e-01	1.459119373185240875e-01	2.718615408472190298e-01	1.641286007468661379e-01	7.816498350219648616e-02	3.406421870453456291e-02	8.512767721639866170e-02
1.407791132173687402e+03	2.204741899679089345e-01	1.457420380387554337e-01	2.720320557612277423e-01	1.642364257100518143e-01	7.821073793535442131e-02	3.410051068992586004e-02	8.520404189646373083e-02
1.410210017280515103e+03	2.202081333462208579e-01	1.455725820567193574e-01	2.722020724544472747e-01	1.643439356069876234e-01	7.825635888178102129e-02	3.413671324866421330e-02	8.528020440486759612e-02
1.412628902387342805e+03	2.199428694394771899e-01	1.454035681889923604e-01	2.723715926154339217e-01	1.644511313726751967e-01	7.830184673760327840e-02	3.417282647685749436e-02	8.535616516864849568e-02
1.415047787494170507e+03	2.196783958953593130e-01	1.452349952554898571e-01	2.725406179239879267e-01	1.645580139393406360e-01	7.834720189777363841e-02	3.420885047237118975e-02	8.543192461536536220e-02
1.417466672600997981e+03	2.194147103686149569e-01	1.450668620794548225e-01	2.727091500512303091e-01	1.646645842364427847e-01	7.839242475607355320e-02	3.424478533479587139e-02	8.550748317307560464e-02
1.419885557707825683e+03	2.191518105210353562e-01	1.448991674874463842e-01	2.728771906596794694e-01	1.647708431906814985e-01	7.843751570511695026e-02	3.428063116541520128e-02	8.558284127031307031e-02
1.422304442814653157e+03	2.188896940214325737e-01	1.447319103093284154e-01	2.730447414033264075e-01	1.648767917260060001e-01	7.848247513635367434e-02	3.431638806717438733e-02	8.565799933606643712e-02
1.424723327921481086e+03	2.186283585456172129e-01	1.445650893782584601e-01	2.732118039277091626e-01	1.649824307636231224e-01	7.852730344007306795e-02	3.435205614464911794e-02	8.573295779975773079e-02
1.427142213028308333e+03	2.183678017763757417e-01	1.443987035306764921e-01	2.733783798699867540e-01	1.650877612220055246e-01	7.857200100540730203e-02	3.438763550401493369e-02	8.580771709122117508e-02
1.429561098135136262e+03	2.181080214034482323e-01	1.442327516062938686e-01	2.735444708590116236e-01	1.651927840168998241e-01	7.861656822033487313e-02	3.442312625301711948e-02	8.588227764068230574e-02
1.431979983241963964e+03	2.178490151235060734e-01	1.440672324480820887e-01	2.737100785154022997e-01	1.652975000613349232e-01	7.866100547168411450e-02	3.445852850094099917e-02	8.595663987873732037e-02
1.434398868348791666e+03	2.175907806401299327e-01	1.439021449022621080e-01	2.738752044516138406e-01	1.654019102656300033e-01	7.870531314513648513e-02	3.449384235858268116e-02	8.603080423633270579e-02
1.436817753455619140e+03	2.173333156637874963e-01	1.437374878182930971e-01	2.740398502720088336e-01	1.655060155374027675e-01	7.874949162523012247e-02	3.452906793822025505e-02	8.610477114474515692e-02
1.439236638562446842e+03	2.170766179118116534e-01	1.435732600488617283e-01	2.742040175729265616e-01	1.656098167815774902e-01	7.879354129536317308e-02	3.456420535358543239e-02	8.617854103556173151e-02
1.441655523669274316e+03	2.168206851083784303e-01	1.434094604498713510e-01	2.743677079427520038e-01	1.657133149003930939e-01	7.883746253779716495e-02	3.459925471983554823e-02	8.625211434066019922e-02
1.444074408776102018e+03	2.165655149844852578e-01	1.432460878804312221e-01	2.745309229619838365e-01	1.658165107934111981e-01	7.888125573366049081e-02	3.463421615352604843e-02	8.632549149218980700e-02
1.446493293882929493e+03	2.163111052779292665e-01	1.430831412028457650e-01	2.746936642033015463e-01	1.659194053575241135e-01	7.892492126295168331e-02	3.466908977258334468e-02	8.639867292255211384e-02
1.448912178989757422e+03	2.160574537332856926e-01	1.429206192826039112e-01	2.748559332316321546e-01	1.660219994869628624e-01	7.896845950454284280e-02	3.470387569627810670e-02	8.647165906438224192e-02
1.451331064096585123e+03	2.158045581018861736e-01	1.427585209883686368e-01	2.750177316042156650e-01	1.661242940733051732e-01	7.901187083618295415e-02	3.473857404519891529e-02	8.654445035053025259e-02
1.453749949203412370e+03	2.155524161417974038e-01	1.425968451919662483e-01	2.751790608706702335e-01	1.662262900054834180e-01	7.905515563450124517e-02	3.477318494122633163e-02	8.661704721404285545e-02
1.456168834310240300e+03	2.153010256177997073e-01	1.424355907683760580e-01	2.753399225730562838e-01	1.663279881697924956e-01	7.909831427501054502e-02	3.480770850750733447e-02	8.668945008814533948e-02
1.458587719417068001e+03	2.150503843013657213e-01	1.422747565957198368e-01	2.755003182459400679e-01	1.664293894498977688e-01	7.914134713211055938e-02	3.484214486843016656e-02	8.676165940622371231e-02
1.461006604523895703e+03	2.148004899706391635e-01	1.421143415552514611e-01	2.756602494164563932e-01	1.665304947268429203e-01	7.918425457909122889e-02	3.487649414959952815e-02	8.683367560180715872e-02
1.463425489630723177e+03	2.145513404104138211e-01	1.419543445313466712e-01	2.758197176043708509e-01	1.666313048790577234e-01	7.922703698813599038e-02	3.491075647781213820e-02	8.690549910855066562e-02
1.465844374737550879e+03	2.143029334121124008e-01	1.417947644114927463e-01	2.759787243221409336e-01	1.667318207823660081e-01	7.926969473032510760e-02	3.494493198103266335e-02	8.697713036021798017e-02
1.468263259844378354e+03	2.140552667737655179e-01	1.416356000862782627e-01	2.761372710749770976e-01	1.668320433099934053e-01	7.931222817563890470e-02	3.497902078837000078e-02	8.704856979066467881e-02
1.470682144951206283e+03	2.138083382999909354e-01	1.414768504493829626e-01	2.762953593609022152e-01	1.669319733325750621e-01	7.935463769296111081e-02	3.501302303005394967e-02	8.711981783382156952e-02
1.473101030058033530e+03	2.135621458019726082e-01	1.413185143975677072e-01	2.764529906708115270e-01	1.670316117181634141e-01	7.939692365008205188e-02	3.504693883741214627e-02	8.719087492367831593e-02
1.475519915164861459e+03	2.133166870974401441e-01	1.411605908306642621e-01	2.766101664885307065e-01	1.671309593322359843e-01	7.943908641370196755e-02	3.508076834284742929e-02	8.726174149426726978e-02
1.477938800271689161e+03	2.130719600106479872e-01	1.410030786515654166e-01	2.767668882908741468e-01	1.672300170377029327e-01	7.948112634943417520e-02	3.511451167981548271e-02	8.733241797964755304e-02
1.480357685378516862e+03	2.128279623723549341e-01	1.408459767662149920e-01	2.769231575477024143e-01	1.673287856949148555e-01	7.952304382180838682e-02	3.514816898280281182e-02	8.740290481388933441e-02
1.482776570485344337e+03	2.125846920198036227e-01	1.406892840835978764e-01	2.770789757219785376e-01	1.674272661616703906e-01	7.956483919427388696e-02	3.518174038730509379e-02	8.747320243105834170e-02
