1.001418434226643626e+03	2.786137183355472668e-01	1.815571444352324648e-01	2.346310423168527504e-01	1.408425169935242360e-01	6.829249017062663518e-02	2.680001970040746598e-02	6.926306804749750301e-02
1.002869765290740247e+03	2.783503858787731988e-01	1.813986601941237342e-01	2.348040524598739576e-01	1.409480891635896405e-01	6.833725165525350587e-02	2.682943295488926516e-02	6.933212769318501667e-02
1.004321096354836754e+03	2.780875244898095566e-01	1.812404287531961256e-01	2.349767019740517104e-01	1.410534752557730531e-01	6.838193429183561656e-02	2.685884096429031268e-02	6.940109427073194726e-02
1.005772427418933376e+03	2.778251333145389523e-01	1.810824496836294373e-01	2.351489919473431223e-01	1.411586756000455245e-01	6.842653822293741361e-02	2.688824329956742559e-02	6.946996793162642236e-02
1.007223758483029997e+03	2.775632115005011169e-01	1.809247225574749096e-01	2.353209234639510317e-01	1.412636905259024855e-01	6.847106359074271731e-02	2.691763953791472333e-02	6.953874882320125461e-02
1.008675089547126618e+03	2.773017581968892364e-01	1.807672469476530319e-01	2.354924976043012708e-01	1.413685203623575304e-01	6.851551053706281258e-02	2.694702926266271184e-02	6.960743708876161728e-02
1.010126420611223239e+03	2.770407725545461219e-01	1.806100224279510724e-01	2.356637154450216820e-01	1.414731654379364489e-01	6.855987920334409569e-02	2.697641206317935580e-02	6.967603286770944482e-02
1.011577751675319632e+03	2.767802537259605455e-01	1.804530485730210798e-01	2.358345780589219121e-01	1.415776260806717035e-01	6.860416973067527679e-02	2.700578753477301391e-02	6.974453629566464141e-02
1.013029082739416367e+03	2.765202008652635768e-01	1.802963249583775240e-01	2.360050865149747601e-01	1.416819026180975161e-01	6.864838225979419395e-02	2.703515527859727194e-02	6.981294750458333365e-02
1.014480413803512761e+03	2.762606131282247524e-01	1.801398511603949648e-01	2.361752418782985252e-01	1.417859953772450943e-01	6.869251693109425239e-02	2.706451490155760420e-02	6.988126662287300062e-02
1.015931744867609382e+03	2.760014896722483568e-01	1.799836267563059977e-01	2.363450452101405752e-01	1.418899046846381629e-01	6.873657388463053075e-02	2.709386601621980445e-02	6.994949377550478686e-02
1.017383075931706003e+03	2.757428296563698700e-01	1.798276513241987562e-01	2.365144975678618589e-01	1.419936308662891333e-01	6.878055326012545712e-02	2.712320824072019312e-02	7.001762908412291486e-02
1.018834406995802851e+03	2.754846322412522475e-01	1.796719244430148021e-01	2.366836000049228339e-01	1.420971742476952182e-01	6.882445519697427683e-02	2.715254119867751420e-02	7.008567266715130806e-02
1.020285738059899245e+03	2.752268965891820907e-01	1.795164456925468499e-01	2.368523535708700334e-01	1.422005351538350448e-01	6.886827983425022892e-02	2.718186451910654944e-02	7.015362463989746611e-02
1.021737069123995752e+03	2.749696218640660939e-01	1.793612146534364626e-01	2.370207593113238531e-01	1.423037139091654635e-01	6.891202731070927845e-02	2.721117783633331816e-02	7.022148511465374499e-02
1.023188400188092373e+03	2.747128072314274361e-01	1.792062309071717485e-01	2.371888182679674772e-01	1.424067108376187163e-01	6.895569776479484880e-02	2.724048078991193889e-02	7.028925420079601416e-02
1.024639731252188767e+03	2.744564518584020618e-01	1.790514940360852236e-01	2.373565314785365254e-01	1.425095262625996062e-01	6.899929133464208220e-02	2.726977302454303489e-02	7.035693200487974641e-02
1.026091062316285615e+03	2.742005549137349618e-01	1.788970036233514249e-01	2.375238999768095327e-01	1.426121605069831100e-01	6.904280815808197524e-02	2.729905418999368019e-02	7.042451863073366514e-02
1.027542393380382237e+03	2.739451155677765648e-01	1.787427592529846343e-01	2.376909247925997892e-01	1.427146138931122410e-01	6.908624837264525087e-02	2.732832394101887205e-02	7.049201417955099080e-02
1.028993724444478858e+03	2.736901329924791848e-01	1.785887605098367414e-01	2.378576069517476521e-01	1.428168867427958288e-01	6.912961211556611918e-02	2.735758193728445725e-02	7.055941874997830043e-02
1.030445055508575479e+03	2.734356063613934129e-01	1.784350069795949678e-01	2.380239474761138285e-01	1.429189793773067707e-01	6.917289952378570528e-02	2.738682784329152242e-02	7.062673243820213886e-02
1.031896386572671872e+03	2.731815348496641760e-01	1.782814982487794242e-01	2.381899473835735748e-01	1.430208921173802827e-01	6.921611073395540770e-02	2.741606132830217910e-02	7.069395533803331244e-02
1.033347717636768493e+03	2.729279176340276281e-01	1.781282339047409735e-01	2.383556076880115338e-01	1.431226252832124290e-01	6.925924588244002089e-02	2.744528206626675043e-02	7.076108754098900389e-02
1.034799048700865114e+03	2.726747538928072090e-01	1.779752135356590381e-01	2.385209293993175439e-01	1.432241791944586784e-01	6.930230510532070509e-02	2.747448973575230408e-02	7.082812913637284713e-02
1.036250379764961508e+03	2.724220428059100918e-01	1.778224367305392406e-01	2.386859135233830864e-01	1.433255541702327940e-01	6.934528853839785900e-02	2.750368401987251729e-02	7.089508021135271232e-02
1.037701710829058356e+03	2.721697835548236855e-01	1.776699030792111555e-01	2.388505610620984543e-01	1.434267505291056677e-01	6.938819631719379821e-02	2.753286460621884313e-02	7.096194085103668669e-02
1.039153041893154750e+03	2.719179753226119156e-01	1.775176121723260614e-01	2.390148730133508093e-01	1.435277685891044042e-01	6.943102857695530872e-02	2.756203118679292213e-02	7.102871113854691831e-02
1.040604372957251599e+03	2.716666172939117829e-01	1.773655636013547476e-01	2.391788503710226277e-01	1.436286086677113771e-01	6.947378545265604777e-02	2.759118345794029509e-02	7.109539115509147522e-02
1.042055704021347992e+03	2.714157086549296438e-01	1.772137569585851558e-01	2.393424941249911453e-01	1.437292710818636465e-01	6.951646707899891697e-02	2.762032112028527109e-02	7.116198098003446992e-02
1.043507035085444613e+03	2.711652485934379353e-01	1.770621918371202141e-01	2.395058052611282740e-01	1.438297561479522924e-01	6.955907359041824112e-02	2.764944387866703421e-02	7.122848069096422707e-02
1.044958366149541234e+03	2.709152362987714002e-01	1.769108678308756177e-01	2.396687847613010458e-01	1.439300641818218318e-01	6.960160512108180819e-02	2.767855144207691589e-02	7.129489036375961930e-02
1.046409697213637855e+03	2.706656709618233680e-01	1.767597845345774965e-01	2.398314336033730565e-01	1.440301954987699140e-01	6.964406180489295106e-02	2.770764352359677066e-02	7.136121007265470995e-02
1.047861028277734476e+03	2.704165517750427017e-01	1.766089415437601673e-01	2.399937527612060473e-01	1.441301504135468203e-01	6.968644377549240709e-02	2.773671984033852789e-02	7.142743989030163332e-02
1.049312359341831097e+03	2.701678779324297452e-01	1.764583384547640799e-01	2.401557432046623752e-01	1.442299292403553257e-01	6.972875116626016390e-02	2.776578011338480881e-02	7.149357988783182349e-02
1.050763690405927491e+03	2.699196486295332154e-01	1.763079748647333744e-01	2.403174058996078444e-01	1.443295322928505597e-01	6.977098411031713854e-02	2.779482406773062242e-02	7.155963013491559166e-02
1.052215021470024112e+03	2.696718630634464819e-01	1.761578503716137445e-01	2.404787418079153416e-01	1.444289598841397571e-01	6.981314274052688451e-02	2.782385143222612309e-02	7.162559069982006588e-02
1.053666352534120733e+03	2.694245204328040155e-01	1.760079645741502163e-01	2.406397518874686392e-01	1.445282123267823404e-01	6.985522718949717380e-02	2.785286193952039163e-02	7.169146164946559041e-02
1.055117683598217127e+03	2.691776199377782230e-01	1.758583170718849287e-01	2.408004370921669746e-01	1.446272899327898931e-01	6.989723758958144018e-02	2.788185532600621908e-02	7.175724304948066790e-02
1.056569014662313975e+03	2.689311607800753956e-01	1.757089074651549399e-01	2.409607983719301016e-01	1.447261930136262698e-01	6.993917407288038901e-02	2.791083133176590347e-02	7.182293496425530555e-02
1.058020345726410369e+03	2.686851421629327663e-01	1.755597353550899520e-01	2.411208366727036478e-01	1.448249218802077076e-01	6.998103677124323241e-02	2.793978970051798003e-02	7.188853745699301523e-02
1.059471676790506763e+03	2.684395632911146801e-01	1.754108003436101737e-01	2.412805529364650536e-01	1.449234768429030762e-01	7.002282581626906310e-02	2.796873017956493304e-02	7.195405058976124535e-02
1.060923007854603611e+03	2.681944233709094294e-01	1.752621020334240720e-01	2.414399481012300397e-01	1.450218582115340715e-01	7.006454133930817285e-02	2.799765251974180996e-02	7.201947442354066087e-02
1.062374338918700232e+03	2.679497216101253687e-01	1.751136400280262073e-01	2.415990231010592959e-01	1.451200662953755494e-01	7.010618347146324592e-02	2.802655647536577560e-02	7.208480901827281351e-02
1.063825669982796853e+03	2.677054572180879721e-01	1.749654139316949852e-01	2.417577788660657256e-01	1.452181014031558304e-01	7.014775234359053868e-02	2.805544180418650946e-02	7.215005443290672948e-02
1.065277001046893474e+03	2.674616294056359478e-01	1.748174233494905472e-01	2.419162163224221340e-01	1.453159638430570333e-01	7.018924808630105927e-02	2.808430826733754673e-02	7.221521072544402620e-02
1.066728332110990095e+03	2.672182373851180737e-01	1.746696678872526054e-01	2.420743363923691105e-01	1.454136539227156300e-01	7.023067082996160837e-02	2.811315562928838954e-02	7.228027795298290481e-02
1.068179663175086489e+03	2.669752803703896449e-01	1.745221471515981115e-01	2.422321399942235221e-01	1.455111719492228062e-01	7.027202070469582007e-02	2.814198365779753755e-02	7.234525617176085222e-02
1.069630994239183110e+03	2.667327575768091985e-01	1.743748607499192305e-01	2.423896280423872285e-01	1.456085182291249336e-01	7.031329784038524433e-02	2.817079212386627146e-02	7.241014543719619112e-02
1.071082325303279504e+03	2.664906682212349609e-01	1.742278082903811198e-01	2.425468014473561584e-01	1.457056930684240970e-01	7.035450236667030455e-02	2.819958080169329001e-02	7.247494580392839503e-02
1.072533656367376352e+03	2.662490115220214615e-01	1.740809893819198484e-01	2.427036611157297186e-01	1.458026967725786494e-01	7.039563441295115798e-02	2.822834946863011368e-02	7.253965732585739012e-02
1.073984987431472746e+03	2.660077866990162576e-01	1.739344036342401201e-01	2.428602079502206190e-01	1.458995296465037950e-01	7.043669410838875045e-02	2.825709790513724826e-02	7.260428005618159431e-02
1.075436318495569594e+03	2.657669929735563263e-01	1.737880506578132200e-01	2.430164428496649487e-01	1.459961919945721998e-01	7.047768158190560739e-02	2.828582589474112896e-02	7.266881404743502637e-02
1.076887649559666215e+03	2.655266295684649003e-01	1.736419300638747665e-01	2.431723667090324448e-01	1.460926841206145743e-01	7.051859696218672202e-02	2.831453322399178976e-02	7.273325935152327726e-02
1.078338980623762609e+03	2.652866957080480259e-01	1.734960414644227122e-01	2.433279804194373452e-01	1.461890063279203122e-01	7.055944037768036026e-02	2.834321968242126469e-02	7.279761601975841268e-02
1.079790311687859230e+03	2.650471906180912329e-01	1.733503844722151521e-01	2.434832848681491302e-01	1.462851589192382951e-01	7.060021195659892113e-02	2.837188506250270040e-02	7.286188410289300144e-02
1.081241642751955851e+03	2.648081135258561480e-01	1.732049587007681579e-01	2.436382809386038739e-01	1.463811421967773641e-01	7.064091182691968618e-02	2.840052915961015570e-02	7.292606365115306133e-02
1.082692973816052472e+03	2.645694636600770533e-01	1.730597637643536968e-01	2.437929695104157912e-01	1.464769564622071807e-01	7.068154011638554113e-02	2.842915177197909843e-02	7.299015471427004742e-02
1.084144304880149093e+03	2.643312402509578884e-01	1.729147992779974941e-01	2.439473514593888115e-01	1.465726020166588928e-01	7.072209695250579464e-02	2.845775270066756152e-02	7.305415734151196605e-02
1.085595635944245487e+03	2.640934425301684207e-01	1.727700648574770348e-01	2.441014276575286523e-01	1.466680791607259116e-01	7.076258246255684448e-02	2.848633174951795480e-02	7.311807158171358678e-02
1.087046967008342108e+03	2.638560697308414693e-01	1.726255601193192601e-01	2.442551989730550321e-01	1.467633881944646057e-01	7.080299677358288524e-02	2.851488872511953945e-02	7.318189748330566902e-02
1.088498298072438729e+03	2.636191210875690749e-01	1.724812846807986799e-01	2.444086662704140211e-01	1.468585294173951061e-01	7.084334001239661616e-02	2.854342343677149230e-02	7.324563509434346698e-02
1.089949629136535123e+03	2.633825958363996689e-01	1.723372381599351522e-01	2.445618304102908092e-01	1.469535031285021109e-01	7.088361230557990722e-02	2.857193569644662923e-02	7.330928446253423547e-02
1.091400960200631971e+03	2.631464932148344649e-01	1.721934201754918570e-01	2.447146922496224175e-01	1.470483096262356071e-01	7.092381377948442367e-02	2.860042531875570809e-02	7.337284563526404180e-02
1.092852291264728365e+03	2.629108124618242393e-01	1.720498303469732704e-01	2.448672526416109385e-01	1.471429492085117585e-01	7.096394456023230601e-02	2.862889212091233176e-02	7.343631865962373106e-02
1.094303622328825213e+03	2.626755528177661669e-01	1.719064682946229161e-01	2.450195124357365251e-01	1.472374221727136834e-01	7.100400477371672514e-02	2.865733592269843061e-02	7.349970358243410051e-02
1.095754953392921607e+03	2.624407135245006017e-01	1.717633336394215615e-01	2.451714724777709908e-01	1.473317288156922589e-01	7.104399454560257621e-02	2.868575654643032435e-02	7.356300045027028278e-02
1.097206284457018228e+03	2.622062938253075792e-01	1.716204260030849416e-01	2.453231336097913273e-01	1.474258694337669540e-01	7.108391400132701987e-02	2.871415381692533214e-02	7.362620930948549081e-02
1.098657615521114849e+03	2.619722929649036525e-01	1.714777450080618992e-01	2.454744966701934705e-01	1.475198443227267453e-01	7.112376326610006516e-02	2.874252756146893420e-02	7.368933020623390229e-02
1.100108946585211470e+03	2.617387101894388390e-01	1.713352902775321374e-01	2.456255624937062620e-01	1.476136537778308389e-01	7.116354246490523561e-02	2.877087760978246089e-02	7.375236318649294742e-02
1.101560277649308091e+03	2.615055447464931793e-01	1.711930614354043312e-01	2.457763319114054101e-01	1.477072980938097246e-01	7.120325172250001333e-02	2.879920379399133340e-02	7.381530829608481947e-02
1.103011608713404712e+03	2.612727958850735166e-01	1.710510581063140745e-01	2.459268057507277838e-01	1.478007775648657596e-01	7.124289116341646355e-02	2.882750594859378318e-02	7.387816558069738859e-02
1.104462939777501106e+03	2.610404628556105555e-01	1.709092799156218812e-01	2.460769848354857348e-01	1.478940924846742777e-01	7.128246091196177581e-02	2.885578391043012655e-02	7.394093508590444952e-02
1.105914270841597499e+03	2.608085449099554198e-01	1.707677264894111313e-01	2.462268699858814469e-01	1.479872431463843674e-01	7.132196109221879132e-02	2.888403751865247643e-02	7.400361685718523375e-02
1.107365601905694348e+03	2.605770413013763220e-01	1.706263974544860174e-01	2.463764620185218412e-01	1.480802298426197317e-01	7.136139182804650261e-02	2.891226661469498485e-02	7.406621093994344984e-02
1.108816932969790741e+03	2.603459512845557877e-01	1.704852924383697121e-01	2.465257617464328976e-01	1.481730528654796597e-01	7.140075324308065019e-02	2.894047104224455394e-02	7.412871737952561602e-02
1.110268264033887590e+03	2.601152741155870474e-01	1.703444110693021485e-01	2.466747699790747816e-01	1.482657125065398596e-01	7.144004546073418060e-02	2.896865064721200131e-02	7.419113622123879592e-02
1.111719595097984211e+03	2.598850090519712608e-01	1.702037529762382706e-01	2.468234875223566660e-01	1.483582090568533185e-01	7.147926860419775985e-02	2.899680527770369040e-02	7.425346751036786264e-02
1.113170926162080832e+03	2.596551553526140754e-01	1.700633177888458691e-01	2.469719151786517464e-01	1.484505428069512745e-01	7.151842279644028688e-02	2.902493478399361879e-02	7.431571129219204097e-02
1.114622257226177226e+03	2.594257122778226288e-01	1.699231051375036383e-01	2.471200537468123126e-01	1.485427140468439933e-01	7.155750816020936544e-02	2.905303901849594361e-02	7.437786761200106123e-02
1.116073588290273847e+03	2.591966790893022177e-01	1.697831146532993718e-01	2.472679040221851254e-01	1.486347230660218233e-01	7.159652481803178981e-02	2.908111783573793380e-02	7.443993651511063292e-02
1.117524919354370468e+03	2.589680550501535228e-01	1.696433459680277978e-01	2.474154667966265708e-01	1.487265701534560280e-01	7.163547289221409986e-02	2.910917109233334202e-02	7.450191804687751607e-02
1.118976250418467089e+03	2.587398394248690559e-01	1.695037987141888303e-01	2.475627428585180922e-01	1.488182555975996468e-01	7.167435250484296971e-02	2.913719864695621387e-02	7.456381225271406510e-02
1.120427581482563710e+03	2.585120314793303842e-01	1.693644725249853766e-01	2.477097329927816227e-01	1.489097796863885215e-01	7.171316377778572115e-02	2.916520036031508556e-02	7.462561917810218992e-02
1.121878912546660331e+03	2.582846304808047999e-01	1.692253670343216443e-01	2.478564379808950446e-01	1.490011427072421013e-01	7.175190683269076775e-02	2.919317609512759801e-02	7.468733886860694227e-02
1.123330243610756725e+03	2.580576356979424335e-01	1.690864818768010591e-01	2.480028586009078995e-01	1.490923449470643869e-01	7.179058179098808667e-02	2.922112571609548209e-02	7.474897136988956081e-02
1.124781574674853118e+03	2.578310464007729230e-01	1.689478166877244614e-01	2.481489956274568476e-01	1.491833866922448459e-01	7.182918877388971834e-02	2.924904908987995336e-02	7.481051672772011385e-02
1.126232905738949967e+03	2.576048618607025831e-01	1.688093711030880240e-01	2.482948498317815722e-01	1.492742682286594402e-01	7.186772790239012720e-02	2.927694608507747098e-02	7.487197498798965623e-02
1.127684236803046360e+03	2.573790813505111852e-01	1.686711447595815871e-01	2.484404219817402670e-01	1.493649898416712640e-01	7.190619929726674298e-02	2.930481657219586797e-02	7.493334619672195607e-02
1.129135567867143209e+03	2.571537041443488492e-01	1.685331372945865491e-01	2.485857128418257067e-01	1.494555518161317653e-01	7.194460307908034924e-02	2.933266042363086301e-02	7.499463040008484682e-02
1.130586898931239830e+03	2.569287295177331565e-01	1.683953483461740064e-01	2.487307231731807899e-01	1.495459544363814952e-01	7.198293936817556915e-02	2.936047751364288805e-02	7.505582764440106580e-02
1.132038229995336451e+03	2.567041567475459862e-01	1.682577775531029496e-01	2.488754537336146100e-01	1.496361979862510516e-01	7.202120828468124014e-02	2.938826771833432175e-02	7.511693797615882906e-02
1.133489561059432845e+03	2.564799851120305174e-01	1.681204245548183762e-01	2.490199052776181921e-01	1.497262827490620229e-01	7.205940994851092740e-02	2.941603091562701444e-02	7.517796144202186504e-02
1.134940892123529466e+03	2.562562138907882314e-01	1.679832889914493477e-01	2.491640785563806193e-01	1.498162090076279318e-01	7.209754447936331245e-02	2.944376698524019814e-02	7.523889808883922614e-02
1.136392223187626087e+03	2.560328423647758034e-01	1.678463705038072407e-01	2.493079743178048535e-01	1.499059770442550121e-01	7.213561199672262336e-02	2.947147580866869496e-02	7.529974796365458689e-02
1.137843554251722708e+03	2.558098698163023266e-01	1.677096687333837211e-01	2.494515933065237223e-01	1.499955871407433472e-01	7.217361261985903720e-02	2.949915726916144815e-02	7.536051111371527833e-02
1.139294885315819101e+03	2.555872955290258708e-01	1.675731833223490230e-01	2.495949362639158786e-01	1.500850395783876468e-01	7.221154646782916575e-02	2.952681125170039667e-02	7.542118758648087840e-02
1.140746216379915950e+03	2.553651187879509843e-01	1.674369139135501172e-01	2.497380039281219266e-01	1.501743346379781352e-01	7.224941365947643024e-02	2.955443764297966194e-02	7.548177742963159409e-02
1.142197547444012343e+03	2.551433388794254187e-01	1.673008601505087956e-01	2.498807970340603257e-01	1.502634725998016063e-01	7.228721431343149151e-02	2.958203633138500530e-02	7.554228069107619958e-02
1.143648878508108737e+03	2.549219550911372423e-01	1.671650216774198949e-01	2.500233163134434888e-01	1.503524537436422004e-01	7.232494854811268026e-02	2.960960720697363574e-02	7.560269741895965512e-02
1.145100209572205586e+03	2.547009667121117871e-01	1.670293981391494931e-01	2.501655624947938805e-01	1.504412783487824312e-01	7.236261648172637173e-02	2.963715016145427109e-02	7.566302766167048999e-02
1.146551540636302207e+03	2.544803730327089841e-01	1.668939891812330212e-01	2.503075363034599210e-01	1.505299466940040465e-01	7.240021823226741593e-02	2.966466508816752862e-02	7.572327146784779694e-02
1.148002871700398828e+03	2.542601733446200329e-01	1.667587944498735431e-01	2.504492384616321399e-01	1.506184590575889437e-01	7.243775391751959558e-02	2.969215188206657252e-02	7.578342888638796293e-02
1.149454202764495449e+03	2.540403669408645704e-01	1.666238135919398955e-01	2.505906696883590801e-01	1.507068157173200862e-01	7.247522365505594533e-02	2.971961043969805275e-02	7.584349996645109449e-02
1.150905533828591842e+03	2.538209531157879506e-01	1.664890462549649119e-01	2.507318306995636181e-01	1.507950169504824467e-01	7.251262756223923744e-02	2.974704065918332141e-02	7.590348475746719337e-02
1.152356864892688463e+03	2.536019311650582475e-01	1.663544920871437016e-01	2.508727222080586183e-01	1.508830630338638956e-01	7.254996575622231492e-02	2.977444244019991637e-02	7.596338330914199910e-02
1.153808195956785084e+03	2.533833003856630905e-01	1.662201507373317344e-01	2.510133449235633085e-01	1.509709542437561169e-01	7.258723835394853552e-02	2.980181568396330152e-02	7.602319567146262336e-02
1.155259527020881706e+03	2.531650600759070557e-01	1.660860218550432033e-01	2.511536995527189342e-01	1.510586908559554964e-01	7.262444547215218815e-02	2.982916029320888465e-02	7.608292189470292066e-02
1.156710858084978327e+03	2.529472095354086125e-01	1.659521050904492478e-01	2.512937867991051344e-01	1.511462731457641206e-01	7.266158722735883979e-02	2.985647617217428162e-02	7.614256202942848439e-02
1.158162189149074720e+03	2.527297480650973482e-01	1.658184000943760672e-01	2.514336073632555957e-01	1.512337013879905268e-01	7.269866373588575181e-02	2.988376322658184425e-02	7.620211612650158728e-02
1.159613520213171569e+03	2.525126749672109705e-01	1.656849065183033098e-01	2.515731619426741505e-01	1.513209758569507846e-01	7.273567511384228246e-02	2.991102136362139632e-02	7.626158423708574718e-02
1.161064851277267962e+03	2.522959895452926427e-01	1.655516240143623252e-01	2.517124512318507090e-01	1.514080968264693017e-01	7.277262147713031704e-02	2.993825049193326454e-02	7.632096641265011250e-02
1.162516182341364356e+03	2.520796911041878197e-01	1.654185522353343596e-01	2.518514759222771904e-01	1.514950645698796838e-01	7.280950294144455937e-02	2.996545052159151762e-02	7.638026270497356995e-02
1.163967513405461204e+03	2.518637789500415280e-01	1.652856908346488074e-01	2.519902367024632883e-01	1.515818793600258452e-01	7.284631962227301749e-02	2.999262136408743784e-02	7.643947316614874143e-02
1.165418844469557826e+03	2.516482523902958124e-01	1.651530394663816015e-01	2.521287342579524027e-01	1.516685414692626188e-01	7.288307163489733675e-02	3.001976293231323548e-02	7.649859784858560607e-02
1.166870175533654447e+03	2.514331107336864046e-01	1.650205977852534089e-01	2.522669692713376266e-01	1.517550511694569226e-01	7.291975909439324388e-02	3.004687514054598177e-02	7.655763680501505297e-02
1.168321506597751068e+03	2.512183532902402261e-01	1.648883654466279935e-01	2.524049424222771232e-01	1.518414087319885364e-01	7.295638211563083841e-02	3.007395790443176745e-02	7.661659008849214247e-02
1.169772837661847461e+03	2.510039793712725009e-01	1.647563421065104949e-01	2.525426543875103902e-01	1.519276144277509344e-01	7.299294081327507844e-02	3.010101114097006592e-02	7.667545775239924255e-02
1.171224168725944082e+03	2.507899882893838139e-01	1.646245274215455967e-01	2.526801058408735812e-01	1.520136685271523125e-01	7.302943530178612752e-02	3.012803476849833934e-02	7.673423985044892925e-02
1.172675499790040703e+03	2.505763793584575017e-01	1.644929210490160554e-01	2.528172974533155482e-01	1.520995713001164484e-01	7.306586569541968779e-02	3.015502870667682161e-02	7.679293643668665126e-02
1.174126830854137097e+03	2.503631518936569322e-01	1.643615226468409241e-01	2.529542298929131072e-01	1.521853230160835624e-01	7.310223210822744400e-02	3.018199287647352694e-02	7.685154756549333888e-02
1.175578161918233945e+03	2.501503052114222858e-01	1.642303318735738038e-01	2.530909038248868592e-01	1.522709239440112050e-01	7.313853465405742438e-02	3.020892720014947339e-02	7.691007329158773553e-02
1.177029492982330339e+03	2.499378386294683063e-01	1.640993483884013449e-01	2.532273199116168994e-01	1.523563743523752012e-01	7.317477344655436144e-02	3.023583160124406616e-02	7.696851367002859046e-02
1.178480824046426733e+03	2.497257514667811651e-01	1.639685718511415258e-01	2.533634788126581938e-01	1.524416745091704273e-01	7.321094859916010833e-02	3.026270600456071672e-02	7.702686875621667095e-02
1.179932155110523581e+03	2.495140430436158518e-01	1.638380019222418216e-01	2.534993811847559009e-01	1.525268246819119211e-01	7.324706022511397185e-02	3.028955033615264580e-02	7.708513860589666367e-02
1.181383486174620202e+03	2.493027126814934269e-01	1.637076382627778715e-01	2.536350276818611915e-01	1.526118251376355206e-01	7.328310843745311498e-02	3.031636452330885648e-02	7.714332327515883991e-02
1.182834817238716823e+03	2.490917597031982178e-01	1.635774805344515637e-01	2.537704189551462375e-01	1.526966761428988628e-01	7.331909334901290376e-02	3.034314849454031876e-02	7.720142282044063775e-02
1.184286148302813444e+03	2.488811834327751826e-01	1.634475283995895922e-01	2.539055556530199764e-01	1.527813779637822722e-01	7.335501507242730979e-02	3.036990217956632432e-02	7.725943729852806363e-02
1.185737479366910065e+03	2.486709831955270789e-01	1.633177815211417083e-01	2.540404384211429889e-01	1.528659308658896765e-01	7.339087372012927102e-02	3.039662550930101112e-02	7.731736676655692753e-02
1.187188810431006686e+03	2.484611583180117711e-01	1.631882395626792215e-01	2.541750679024430415e-01	1.529503351143494116e-01	7.342666940435109424e-02	3.042331841584010321e-02	7.737521128201402254e-02
1.188640141495103080e+03	2.482517081280395943e-01	1.630589021883932510e-01	2.543094447371301858e-01	1.530345909738150545e-01	7.346240223712473261e-02	3.044998083244777193e-02	7.743297090273805472e-02
1.190091472559199701e+03	2.480426319546705782e-01	1.629297690630931994e-01	2.544435695627119132e-01	1.531186987084664219e-01	7.349807233028225750e-02	3.047661269354371219e-02	7.749064568692057287e-02
1.191542803623296322e+03	2.478339291282117551e-01	1.628008398522051425e-01	2.545774430140081424e-01	1.532026585820104592e-01	7.353367979545619160e-02	3.050321393469036454e-02	7.754823569310662079e-02
1.192994134687392716e+03	2.476255989802144952e-01	1.626721142217702754e-01	2.547110657231664299e-01	1.532864708576819890e-01	7.356922474407982804e-02	3.052978449258030372e-02	7.760574098019537570e-02
1.194445465751489564e+03	2.474176408434718699e-01	1.625435918384432465e-01	2.548444383196767915e-01	1.533701357982446278e-01	7.360470728738767454e-02	3.055632430502380759e-02	7.766316160744067554e-02
1.195896796815585958e+03	2.472100540520158762e-01	1.624152723694906597e-01	2.549775614303868565e-01	1.534536536659917016e-01	7.364012753641577258e-02	3.058283331093656146e-02	7.772049763445132431e-02
1.197348127879682352e+03	2.470028379411148833e-01	1.622871554827894358e-01	2.551104356795163564e-01	1.535370247227470508e-01	7.367548560200205821e-02	3.060931145032753931e-02	7.777774912119141126e-02
1.198799458943779200e+03	2.467959918472709402e-01	1.621592408468252866e-01	2.552430616886723347e-01	1.536202492298660016e-01	7.371078159478675063e-02	3.063575866428702374e-02	7.783491612798042192e-02
1.200250790007875821e+03	2.465895151082171111e-01	1.620315281306911326e-01	2.553754400768636912e-01	1.537033274482360878e-01	7.374601562521271303e-02	3.066217489497479257e-02	7.789199871549330745e-02
1.201702121071972442e+03	2.463834070629148110e-01	1.619040170040855486e-01	2.555075714605158366e-01	1.537862596382780223e-01	7.378118780352577177e-02	3.068856008560845103e-02	7.794899694476040142e-02
1.203153452136069063e+03	2.461776670515513077e-01	1.617767071373112653e-01	2.556394564534854030e-01	1.538690460599465015e-01	7.381629823977514659e-02	3.071491418045190977e-02	7.800591087716728100e-02
1.204604783200165684e+03	2.459722944155369739e-01	1.616495982012735866e-01	2.557710956670749547e-01	1.539516869727311221e-01	7.385134704381374204e-02	3.074123712480400158e-02	7.806274057445450332e-02
1.206056114264262078e+03	2.457672884975026506e-01	1.615226898674788081e-01	2.559024897100471430e-01	1.540341826356571575e-01	7.388633432529857770e-02	3.076752886498725775e-02	7.811948609871732785e-02
1.207507445328358699e+03	2.455626486412971488e-01	1.613959818080328568e-01	2.560336391886394725e-01	1.541165333072865018e-01	7.392126019369105183e-02	3.079378934833679887e-02	7.817614751240514748e-02
1.208958776392455093e+03	2.453583741919846128e-01	1.612694736956395425e-01	2.561645447065785119e-01	1.541987392457184192e-01	7.395612475825742715e-02	3.082001852318939916e-02	7.823272487832107214e-02
1.210410107456551941e+03	2.451544644958418839e-01	1.611431652035991979e-01	2.562952068650943827e-01	1.542808007085905708e-01	7.399092812806903896e-02	3.084621633887264791e-02	7.828921825962130432e-02
1.211861438520648335e+03	2.449509189003560017e-01	1.610170560058071521e-01	2.564256262629348027e-01	1.543627179530796256e-01	7.402567041200276698e-02	3.087238274569428093e-02	7.834562771981438967e-02
1.213312769584745183e+03	2.447477367542215121e-01	1.608911457767522035e-01	2.565558034963794642e-01	1.544444912359023425e-01	7.406035171874132683e-02	3.089851769493160913e-02	7.840195332276053697e-02
1.214764100648841804e+03	2.445449174073380805e-01	1.607654341915150942e-01	2.566857391592540227e-01	1.545261208133162645e-01	7.409497215677370019e-02	3.092462113882110675e-02	7.845819513267075773e-02
1.216215431712937971e+03	2.443424602108076604e-01	1.606399209257670935e-01	2.568154338429443628e-01	1.546076069411205789e-01	7.412953183439538463e-02	3.095069303054810705e-02	7.851435321410585311e-02
1.217666762777034819e+03	2.441403645169322179e-01	1.605146056557684164e-01	2.569448881364103099e-01	1.546889498746571168e-01	7.416403085970882381e-02	3.097673332423663342e-02	7.857042763197556734e-02
1.219118093841131440e+03	2.439386296792109832e-01	1.603894880583668081e-01	2.570741026261997852e-01	1.547701498688109634e-01	7.419846934062371280e-02	3.100274197493935180e-02	7.862641845153742204e-02
1.220569424905228061e+03	2.437372550523380921e-01	1.602645678109961003e-01	2.572030778964626840e-01	1.548512071780114574e-01	7.423284738485738665e-02	3.102871893862764463e-02	7.868232573839564759e-02
1.222020755969324682e+03	2.435362399921998655e-01	1.601398445916747126e-01	2.573318145289645309e-01	1.549321220562329959e-01	7.426716509993513959e-02	3.105466417218179231e-02	7.873814955849998964e-02
1.223472087033421303e+03	2.433355838558724782e-01	1.600153180790041818e-01	2.574603131031002468e-01	1.550128947569958116e-01	7.430142259319062747e-02	3.108057763338131080e-02	7.879388997814441853e-02
1.224923418097517697e+03	2.431352860016192663e-01	1.598909879521676902e-01	2.575885741959078601e-01	1.550935255333669438e-01	7.433561997176611758e-02	3.110645928089535162e-02	7.884954706396586632e-02
1.226374749161614318e+03	2.429353457888883405e-01	1.597668538909286784e-01	2.577165983820821071e-01	1.551740146379609331e-01	7.436975734261294657e-02	3.113230907427325805e-02	7.890512088294285298e-02
1.227826080225710712e+03	2.427357625783100603e-01	1.596429155756293461e-01	2.578443862339879766e-01	1.552543623229407088e-01	7.440383481249182585e-02	3.115812697393521152e-02	7.896061150239404303e-02
1.229277411289807560e+03	2.425365357316945081e-01	1.595191726871892646e-01	2.579719383216740325e-01	1.553345688400183944e-01	7.443785248797313292e-02	3.118391294116299936e-02	7.901601898997678841e-02
1.230728742353903954e+03	2.423376646120289912e-01	1.593956249071038778e-01	2.580992552128861806e-01	1.554146344404562508e-01	7.447181047543734167e-02	3.120966693809089712e-02	7.907134341368560193e-02
1.232180073418000802e+03	2.421391485834756829e-01	1.592722719174431978e-01	2.582263374730804362e-01	1.554945593750673150e-01	7.450570888107534151e-02	3.123538892769663067e-02	7.912658484185053354e-02
1.233631404482097196e+03	2.419409870113689853e-01	1.591491134008501951e-01	2.583531856654366909e-01	1.555743438942163992e-01	7.453954781088874271e-02	3.126107887379248051e-02	7.918174334313561602e-02
1.235082735546193817e+03	2.417431792622131981e-01	1.590261490405396327e-01	2.584798003508715358e-01	1.556539882478207848e-01	7.457332737069027884e-02	3.128673674101647983e-02	7.923681898653717193e-02
1.236534066610290438e+03	2.415457247036799926e-01	1.589033785202964288e-01	2.586061820880516948e-01	1.557334926853511381e-01	7.460704766610411209e-02	3.131236249482367145e-02	7.929181184138205107e-02
1.237985397674387059e+03	2.413486227046059696e-01	1.587808015244744075e-01	2.587323314334067370e-01	1.558128574558323154e-01	7.464070880256618024e-02	3.133795610147754179e-02	7.934672197732593746e-02
1.239436728738483680e+03	2.411518726349902442e-01	1.586584177379948279e-01	2.588582489411423437e-01	1.558920828078441123e-01	7.467431088532455741e-02	3.136351752804149989e-02	7.940154946435151739e-02
1.240888059802580301e+03	2.409554738659920037e-01	1.585362268463449964e-01	2.589839351632531872e-01	1.559711689895221520e-01	7.470785401943974557e-02	3.138904674237046749e-02	7.945629437276661988e-02
1.242339390866676695e+03	2.407594257699280371e-01	1.584142285355770174e-01	2.591093906495354759e-01	1.560501162485586624e-01	7.474133830978509085e-02	3.141454371310258009e-02	7.951095677320238475e-02
1.243790721930773088e+03	2.405637277202703483e-01	1.582924224923061562e-01	2.592346159476000000e-01	1.561289248322033085e-01	7.477476386104707495e-02	3.144000840965096438e-02	7.956553673661133363e-02
1.245242052994869937e+03	2.403683790916437968e-01	1.581708084037096729e-01	2.593596116028849541e-01	1.562075949872640812e-01	7.480813077772564823e-02	3.146544080219561279e-02	7.962003433426542709e-02
1.246693384058966330e+03	2.401733792598236550e-01	1.580493859575254345e-01	2.594843781586682052e-01	1.562861269601079073e-01	7.484143916413459052e-02	3.149084086167536906e-02	7.967444963775408007e-02
1.248144715123063179e+03	2.399787276017331106e-01	1.579281548420504444e-01	2.596089161560801162e-01	1.563645209966616212e-01	7.487468912440184421e-02	3.151620855977996932e-02	7.972878271898216351e-02
1.249596046187159800e+03	2.397844234954409348e-01	1.578071147461395651e-01	2.597332261341159798e-01	1.564427773424127699e-01	7.490788076246984728e-02	3.154154386894222201e-02	7.978303365016792270e-02
1.251047377251256421e+03	2.395904663201592621e-01	1.576862653592042141e-01	2.598573086296483425e-01	1.565208962424103900e-01	7.494101418209586640e-02	3.156684676233022235e-02	7.983720250384096495e-02
1.252498708315352815e+03	2.393968554562408979e-01	1.575656063712109201e-01	2.599811641774394944e-01	1.565988779412657295e-01	7.497408948685234387e-02	3.159211721383970578e-02	7.989128935284013633e-02
1.253950039379449436e+03	2.392035902851772922e-01	1.574451374726800468e-01	2.601047933101537368e-01	1.566767226831532189e-01	7.500710678012720289e-02	3.161735519808643591e-02	7.994529427031137059e-02
1.255401370443546057e+03	2.390106701895958474e-01	1.573248583546843771e-01	2.602281965583694845e-01	1.567544307118110825e-01	7.504006616512422234e-02	3.164256069039872443e-02	7.999921732970559363e-02
1.256852701507642678e+03	2.388180945532577537e-01	1.572047687088479750e-01	2.603513744505914773e-01	1.568320022705422812e-01	7.507296774486334201e-02	3.166773366681000651e-02	8.005305860477651692e-02
1.258304032571739299e+03	2.386258627610556016e-01	1.570848682273445762e-01	2.604743275132629377e-01	1.569094376022152626e-01	7.510581162218100959e-02	3.169287410405151328e-02	8.010681816957845869e-02
1.259755363635835920e+03	2.384339741990111061e-01	1.569651566028965051e-01	2.605970562707774496e-01	1.569867369492647380e-01	7.513859789973051373e-02	3.171798197954500687e-02	8.016049609846409574e-02
1.261206694699932314e+03	2.382424282542725535e-01	1.568456335287732595e-01	2.607195612454909495e-01	1.570639005536925148e-01	7.517132667998230322e-02	3.174305727139560551e-02	8.021409246608224297e-02
1.262658025764028707e+03	2.380512243151127194e-01	1.567262986987902340e-01	2.608418429577335496e-01	1.571409286570682462e-01	7.520399806522432007e-02	3.176809995838469902e-02	8.026760734737563296e-02
1.264109356828125556e+03	2.378603617709263984e-01	1.566071518073074709e-01	2.609639019258214176e-01	1.572178215005302637e-01	7.523661215756234644e-02	3.179311001996293351e-02	8.032104081757858449e-02
1.265560687892221949e+03	2.376698400122281007e-01	1.564881925492282166e-01	2.610857386660684343e-01	1.572945793247862989e-01	7.526916905892029608e-02	3.181808743624325864e-02	8.037439295221475433e-02
1.267012018956318798e+03	2.374796584306497760e-01	1.563694206199977010e-01	2.612073536927978501e-01	1.573712023701144269e-01	7.530166887104060292e-02	3.184303218799408586e-02	8.042766382709481965e-02
1.268463350020415419e+03	2.372898164189385373e-01	1.562508357156019434e-01	2.613287475183540542e-01	1.574476908763636496e-01	7.533411169548448472e-02	3.186794425663248137e-02	8.048085351831410494e-02
1.269914681084511813e+03	2.371003133709543020e-01	1.561324375325663927e-01	2.614499206531136211e-01	1.575240450829548111e-01	7.536649763363233168e-02	3.189282362421744926e-02	8.053396210225033380e-02
1.271366012148608434e+03	2.369111486816674883e-01	1.560142257679545397e-01	2.615708736054974115e-01	1.576002652288813477e-01	7.539882678668398397e-02	3.191767027344330487e-02	8.058698965556121419e-02
1.272817343212705055e+03	2.367223217471568497e-01	1.558962001193668623e-01	2.616916068819813423e-01	1.576763515527100645e-01	7.543109925565907870e-02	3.194248418763308284e-02	8.063993625518206532e-02
1.274268674276801676e+03	2.365338319646070053e-01	1.557783602849393823e-01	2.618121209871081545e-01	1.577523042925818852e-01	7.546331514139738295e-02	3.196726535073204922e-02	8.069280197832348622e-02
1.275720005340898297e+03	2.363456787323063024e-01	1.556607059633425272e-01	2.619324164234984598e-01	1.578281236862127124e-01	7.549547454455909912e-02	3.199201374730126918e-02	8.074558690246896875e-02
1.277171336404994690e+03	2.361578614496445683e-01	1.555432368537797705e-01	2.620524936918619541e-01	1.579038099708941489e-01	7.552757756562519798e-02	3.201672936251125784e-02	8.079829110537246895e-02
1.278622667469091539e+03	2.359703795171107510e-01	1.554259526559864657e-01	2.621723532910084087e-01	1.579793633834942757e-01	7.555962430489776560e-02	3.204141218213565900e-02	8.085091466505600621e-02
1.280073998533187932e+03	2.357832323362907545e-01	1.553088530702285697e-01	2.622919957178589945e-01	1.580547841604584280e-01	7.559161486250028095e-02	3.206606219254503481e-02	8.090345765980729020e-02
1.281525329597284326e+03	2.355964193098651627e-01	1.551919377973013381e-01	2.624114214674569401e-01	1.581300725378100014e-01	7.562354933837799054e-02	3.209067938070071097e-02	8.095592016817723668e-02
1.282976660661381175e+03	2.354099398416069633e-01	1.550752065385282152e-01	2.625306310329786341e-01	1.582052287511511168e-01	7.565542783229817214e-02	3.211526373414865659e-02	8.100830226897759445e-02
1.284427991725477568e+03	2.352237933363793276e-01	1.549586589957595295e-01	2.626496249057445054e-01	1.582802530356634818e-01	7.568725044385050948e-02	3.213981524101348908e-02	8.106060404127848895e-02
1.285879322789574417e+03	2.350379792001335288e-01	1.548422948713711889e-01	2.627684035752296254e-01	1.583551456261091950e-01	7.571901727244738367e-02	3.216433388999247883e-02	8.111282556440597979e-02
1.287330653853671038e+03	2.348524968399064439e-01	1.547261138682635706e-01	2.628869675290744778e-01	1.584299067568314123e-01	7.575072841732419238e-02	3.218881967034965125e-02	8.116496691793963214e-02
1.288781984917767431e+03	2.346673456638185828e-01	1.546101156898603279e-01	2.630053172530957273e-01	1.585045366617551521e-01	7.578238397753968292e-02	3.221327257190993026e-02	8.121702818171004645e-02
1.290233315981864052e+03	2.344825250810717576e-01	1.544943000401070854e-01	2.631234532312964891e-01	1.585790355743881275e-01	7.581398405197625756e-02	3.223769258505338603e-02	8.126900943579640213e-02
