1.001418434226643626e+03	2.786369502513719176e-01	1.815400321536655981e-01	2.346231695367101688e-01	1.408339140452347094e-01	6.829112830605008067e-02	2.680336483347604132e-02	6.927144087317911592e-02
1.002869765290740247e+03	2.783739320295270381e-01	1.813813231030440842e-01	2.347961279471749707e-01	1.409394225799479872e-01	6.833586100935534757e-02	2.683280045429203842e-02	6.934053287634617257e-02
1.004321096354836754e+03	2.781113837473713213e-01	1.812228675110890419e-01	2.349687263424297123e-01	1.410447453792882666e-01	6.838051500924637038e-02	2.686223071377473806e-02	6.940953129648815001e-02
1.005772427418933376e+03	2.778493045538761308e-01	1.810646649476710390e-01	2.351409658037089123e-01	1.411498827720638338e-01	6.842509044801434182e-02	2.689165518133886101e-02	6.947843629301445056e-02
1.007223758483029997e+03	2.775876935996611228e-01	1.809067149835330290e-01	2.353128474085898481e-01	1.412548350866190405e-01	6.846958746756168224e-02	2.692107343270207925e-02	6.954724802102080217e-02
1.008675089547126618e+03	2.773265500369905823e-01	1.807490171902881027e-01	2.354843722309679921e-01	1.413596026508273928e-01	6.851400620941069941e-02	2.695048504978236545e-02	6.961596663142045893e-02
1.010126420611223239e+03	2.770658730197699815e-01	1.805915711404173229e-01	2.356555413410340027e-01	1.414641857920850843e-01	6.855834681471169312e-02	2.697988962059735124e-02	6.968459227107208498e-02
1.011577751675319632e+03	2.768056617035420941e-01	1.804343764072674772e-01	2.358263558052519082e-01	1.415685848373052780e-01	6.860260942425067121e-02	2.700928673916563882e-02	6.975312508290443247e-02
1.013029082739416367e+03	2.765459152454832203e-01	1.802774325650489118e-01	2.359968166863385675e-01	1.416728001129123893e-01	6.864679417845657994e-02	2.703867600540999297e-02	6.982156520603786942e-02
1.014480413803512761e+03	2.762866328043996900e-01	1.801207391888330900e-01	2.361669250432442968e-01	1.417768319448370617e-01	6.869090121740814570e-02	2.706805702506244124e-02	6.988991277590281270e-02
1.015931744867609382e+03	2.760278135407239763e-01	1.799642958545505933e-01	2.363366819311347455e-01	1.418806806585114211e-01	6.873493068084041147e-02	2.709742940957117485e-02	6.995816792435520515e-02
1.017383075931706003e+03	2.757694566165113104e-01	1.798081021389888456e-01	2.365060884013737708e-01	1.419843465788646064e-01	6.877888270815075977e-02	2.712679277600923977e-02	7.002633077978902276e-02
1.018834406995802851e+03	2.755115611954359056e-01	1.796521576197896708e-01	2.366751455015076444e-01	1.420878300303187181e-01	6.882275743840475524e-02	2.715614674698500070e-02	7.009440146724592313e-02
1.020285738059899245e+03	2.752541264427870171e-01	1.794964618754472663e-01	2.368438542752502041e-01	1.421911313367850149e-01	6.886655501034162630e-02	2.718549095055428771e-02	7.016238010852213214e-02
1.021737069123995752e+03	2.749971515254659438e-01	1.793410144853059551e-01	2.370122157624690307e-01	1.422942508216605284e-01	6.891027556237931673e-02	2.721482502013424301e-02	7.023026682227252737e-02
1.023188400188092373e+03	2.747406356119817539e-01	1.791858150295577157e-01	2.371802309991727087e-01	1.423971888078247594e-01	6.895391923261950939e-02	2.724414859441881553e-02	7.029806172411222354e-02
1.024639731252188767e+03	2.744845778724481766e-01	1.790308630892401831e-01	2.373479010174991410e-01	1.424999456176366808e-01	6.899748615885216430e-02	2.727346131729582041e-02	7.036576492671535454e-02
1.026091062316285615e+03	2.742289774785794387e-01	1.788761582462342903e-01	2.375152268457046412e-01	1.426025215729321838e-01	6.904097647855989006e-02	2.730276283776562896e-02	7.043337653991139924e-02
1.027542393380382237e+03	2.739738336036872113e-01	1.787217000832620195e-01	2.376822095081541630e-01	1.427049169950213581e-01	6.908439032892212117e-02	2.733205280986135063e-02	7.050089667077916178e-02
1.028993724444478858e+03	2.737191454226766685e-01	1.785674881838842654e-01	2.378488500253123916e-01	1.428071322046864655e-01	6.912772784681900373e-02	2.736133089257054493e-02	7.056832542373805972e-02
1.030445055508575479e+03	2.734649121120429904e-01	1.784135221324983644e-01	2.380151494137355828e-01	1.429091675221796365e-01	6.917098916883511472e-02	2.739059674975841477e-02	7.063566290063734432e-02
1.031896386572671872e+03	2.732111328498676994e-01	1.782598015143360415e-01	2.381811086860644300e-01	1.430110232672210380e-01	6.921417443126304248e-02	2.741985005009240847e-02	7.070290920084276731e-02
1.033347717636768493e+03	2.729578068158152182e-01	1.781063259154610778e-01	2.383467288510177362e-01	1.431126997589972916e-01	6.925728377010663406e-02	2.744909046696828239e-02	7.077006442132119379e-02
1.034799048700865114e+03	2.727049331911291508e-01	1.779530949227671188e-01	2.385120109133868349e-01	1.432141973161597248e-01	6.930031732108417331e-02	2.747831767843750966e-02	7.083712865672289749e-02
1.036250379764961508e+03	2.724525111586288961e-01	1.778001081239753978e-01	2.386769558740307606e-01	1.433155162568231222e-01	6.934327521963144780e-02	2.750753136713605940e-02	7.090410199946173275e-02
1.037701710829058356e+03	2.722005399027059291e-01	1.776473651076324600e-01	2.388415647298723909e-01	1.434166568985643375e-01	6.938615760090455220e-02	2.753673122021450814e-02	7.097098453979328037e-02
1.039153041893154750e+03	2.719490186093201922e-01	1.774948654631079425e-01	2.390058384738950881e-01	1.435176195584212944e-01	6.942896459978256662e-02	2.756591692926942117e-02	7.103777636589087008e-02
1.040604372957251599e+03	2.716979464659968757e-01	1.773426087805924645e-01	2.391697780951402008e-01	1.436184045528919873e-01	6.947169635087022121e-02	2.759508819027605211e-02	7.110447756391959084e-02
1.042055704021347992e+03	2.714473226618225321e-01	1.771905946510951568e-01	2.393333845787052327e-01	1.437190121979335655e-01	6.951435298850024147e-02	2.762424470352223618e-02	7.117108821810848307e-02
1.043507035085444613e+03	2.711971463874416344e-01	1.770388226664416087e-01	2.394966589057426765e-01	1.438194428089615562e-01	6.955693464673572135e-02	2.765338617354352879e-02	7.123760841082070472e-02
1.044958366149541234e+03	2.709474168350533008e-01	1.768872924192715357e-01	2.396596020534594862e-01	1.439196967008493644e-01	6.959944145937234372e-02	2.768251230905954124e-02	7.130403822262192104e-02
1.046409697213637855e+03	2.706981331984072980e-01	1.767360035030366427e-01	2.398222149951172166e-01	1.440197741879276072e-01	6.964187355994046202e-02	2.771162282291141782e-02	7.137037773234680693e-02
1.047861028277734476e+03	2.704492946728010994e-01	1.765849555119982650e-01	2.399844987000328833e-01	1.441196755839836419e-01	6.968423108170716807e-02	2.774071743200049595e-02	7.143662701716387009e-02
1.049312359341831097e+03	2.702009004550759430e-01	1.764341480412253971e-01	2.401464541335801561e-01	1.442194012022613436e-01	6.972651415767811001e-02	2.776979585722804539e-02	7.150278615263848392e-02
1.050763690405927491e+03	2.699529497436135017e-01	1.762835806865921118e-01	2.403080822571913855e-01	1.443189513554606618e-01	6.976872292059940750e-02	2.779885782343612805e-02	7.156885521279425511e-02
1.052215021470024112e+03	2.697054417383324409e-01	1.761332530447756173e-01	2.404693840283601280e-01	1.444183263557375918e-01	6.981085750295933090e-02	2.782790305934952635e-02	7.163483427017279526e-02
1.053666352534120733e+03	2.694583756406848662e-01	1.759831647132539811e-01	2.406303604006440888e-01	1.445175265147038979e-01	6.985291803699000823e-02	2.785693129751871944e-02	7.170072339589181332e-02
1.055117683598217127e+03	2.692117506536529925e-01	1.758333152903039376e-01	2.407910123236687294e-01	1.446165521434271406e-01	6.989490465466899338e-02	2.788594227426389321e-02	7.176652265970170919e-02
1.056569014662313975e+03	2.689655659817454803e-01	1.756837043749985283e-01	2.409513407431313758e-01	1.447154035524307047e-01	6.993681748772082041e-02	2.791493572961995309e-02	7.183223213004057139e-02
1.058020345726410369e+03	2.687198208309940495e-01	1.755343315672051319e-01	2.411113466008057982e-01	1.448140810516937715e-01	6.997865666761841907e-02	2.794391140728252551e-02	7.189785187408774536e-02
1.059471676790506763e+03	2.684745144089500379e-01	1.753851964675831043e-01	2.412710308345472343e-01	1.449125849506515129e-01	7.002042232558455814e-02	2.797286905455493786e-02	7.196338195781595837e-02
1.060923007854603611e+03	2.682296459246811815e-01	1.752362986775816978e-01	2.414303943782979134e-01	1.450109155581953135e-01	7.006211459259314989e-02	2.800180842229611430e-02	7.202882244604193185e-02
1.062374338918700232e+03	2.679852145887678949e-01	1.750876377994378119e-01	2.415894381620930509e-01	1.451090731826728819e-01	7.010373359937051296e-02	2.803072926486945352e-02	7.209417340247575856e-02
1.063825669982796853e+03	2.677412196132997746e-01	1.749392134361737183e-01	2.417481631120672048e-01	1.452070581318886666e-01	7.014527947639666305e-02	2.805963134009255289e-02	7.215943488976873932e-02
1.065277001046893474e+03	2.674976602118725455e-01	1.747910251915951174e-01	2.419065701504611310e-01	1.453048707131040229e-01	7.018675235390646472e-02	2.808851440918785913e-02	7.222460696956013726e-02
1.066728332110990095e+03	2.672545355995844529e-01	1.746430726702888070e-01	2.420646601956289723e-01	1.454025112330376845e-01	7.022815236189078325e-02	2.811737823673418971e-02	7.228968970252237780e-02
1.068179663175086489e+03	2.670118449930328208e-01	1.744953554776204896e-01	2.422224341620460297e-01	1.454999799978661246e-01	7.026947963009755327e-02	2.814622259061908341e-02	7.235468314840522164e-02
1.069630994239183110e+03	2.667695876103106656e-01	1.743478732197326353e-01	2.423798929603164787e-01	1.455972773132240272e-01	7.031073428803286118e-02	2.817504724199203572e-02	7.241958736607856384e-02
1.071082325303279504e+03	2.665277626710035319e-01	1.742006255035424556e-01	2.425370374971820009e-01	1.456944034842047597e-01	7.035191646496195828e-02	2.820385196521849394e-02	7.248440241357412273e-02
1.072533656367376352e+03	2.662863693961857181e-01	1.740536119367395440e-01	2.426938686755303609e-01	1.457913588153608164e-01	7.039302628991023214e-02	2.823263653783469190e-02	7.254912834812600464e-02
1.073984987431472746e+03	2.660454070084172784e-01	1.739068321277839058e-01	2.428503873944044544e-01	1.458881436107043184e-01	7.043406389166420589e-02	2.826140074050326190e-02	7.261376522620992258e-02
1.075436318495569594e+03	2.658048747317406368e-01	1.737602856859036538e-01	2.430065945490118284e-01	1.459847581737077349e-01	7.047502939877237083e-02	2.829014435696962024e-02	7.267831310358154051e-02
1.076887649559666215e+03	2.655647717916768125e-01	1.736139722210930658e-01	2.431624910307342569e-01	1.460812028073043278e-01	7.051592293954613011e-02	2.831886717401910572e-02	7.274277203531362423e-02
1.078338980623762609e+03	2.653250974152226993e-01	1.734678913441103087e-01	2.433180777271378159e-01	1.461774778138888453e-01	7.055674464206064533e-02	2.834756898143484666e-02	7.280714207583216524e-02
1.079790311687859230e+03	2.650858508308473471e-01	1.733220426664753011e-01	2.434733555219832091e-01	1.462735834953180492e-01	7.059749463415566917e-02	2.837624957195637385e-02	7.287142327895142213e-02
1.081241642751955851e+03	2.648470312684885197e-01	1.731764258004676871e-01	2.436283252952362866e-01	1.463695201529114920e-01	7.063817304343636416e-02	2.840490874123892048e-02	7.293561569790801835e-02
1.082692973816052472e+03	2.646086379595498639e-01	1.730310403591247270e-01	2.437829879230789809e-01	1.464652880874521557e-01	7.067877999727406602e-02	2.843354628781343332e-02	7.299971938539405458e-02
1.084144304880149093e+03	2.643706701368971346e-01	1.728858859562391048e-01	2.439373442779204093e-01	1.465608875991870896e-01	7.071931562280706074e-02	2.846216201304726037e-02	7.306373439358922195e-02
1.085595635944245487e+03	2.641331270348551419e-01	1.727409622063568462e-01	2.440913952284082811e-01	1.466563189878282158e-01	7.075978004694130630e-02	2.849075572110550819e-02	7.312766077419201316e-02
1.087046967008342108e+03	2.638960078892043648e-01	1.725962687247752925e-01	2.442451416394404440e-01	1.467515825525529394e-01	7.080017339635115425e-02	2.851932721891304451e-02	7.319149857845005935e-02
1.088498298072438729e+03	2.636593119371776206e-01	1.724518051275409636e-01	2.443985843721769580e-01	1.468466785920050088e-01	7.084049579748009917e-02	2.854787631611715656e-02	7.325524785718946774e-02
1.089949629136535123e+03	2.634230384174570117e-01	1.723075710314475040e-01	2.445517242840518635e-01	1.469416074042951548e-01	7.088074737654141699e-02	2.857640282505082355e-02	7.331890866084342373e-02
1.091400960200631971e+03	2.631871865701704283e-01	1.721635660540335733e-01	2.447045622287858102e-01	1.470363692870020056e-01	7.092092825951881729e-02	2.860490656069661700e-02	7.338248103947987711e-02
1.092852291264728365e+03	2.629517556368883846e-01	1.720197898135807923e-01	2.448570990563984362e-01	1.471309645371727537e-01	7.096103857216716493e-02	2.863338734065120142e-02	7.344596504282842331e-02
1.094303622328825213e+03	2.627167448606207434e-01	1.718762419291116339e-01	2.450093356132209688e-01	1.472253934513239881e-01	7.100107844001304902e-02	2.866184498509042125e-02	7.350936072030636592e-02
1.095754953392921607e+03	2.624821534858135519e-01	1.717329220203874796e-01	2.451612727419093252e-01	1.473196563254424996e-01	7.104104798835543522e-02	2.869027931673497761e-02	7.357266812104398812e-02
1.097206284457018228e+03	2.622479807583456002e-01	1.715898297079064827e-01	2.453129112814570467e-01	1.474137534549860573e-01	7.108094734226626243e-02	2.871869016081666365e-02	7.363588729390911636e-02
1.098657615521114849e+03	2.620142259255254791e-01	1.714469646129015701e-01	2.454642520672086492e-01	1.475076851348843254e-01	7.112077662659106736e-02	2.874707734504514459e-02	7.369901828753089301e-02
1.100108946585211470e+03	2.617808882360883049e-01	1.713043263573383324e-01	2.456152959308731121e-01	1.476014516595395842e-01	7.116053596594958119e-02	2.877544069957534145e-02	7.376206115032285515e-02
1.101560277649308091e+03	2.615479669401922225e-01	1.711619145639131090e-01	2.457660437005373677e-01	1.476950533228277018e-01	7.120022548473622925e-02	2.880378005697526930e-02	7.382501593050523614e-02
1.103011608713404712e+03	2.613154612894155737e-01	1.710197288560508511e-01	2.459164962006800126e-01	1.477884904180988002e-01	7.123984530712076935e-02	2.883209525219445485e-02	7.388788267612665661e-02
1.104462939777501106e+03	2.610833705367535673e-01	1.708777688579031506e-01	2.460666542521852684e-01	1.478817632381782821e-01	7.127939555704883301e-02	2.886038612253286756e-02	7.395066143508512158e-02
1.105914270841597499e+03	2.608516939366150589e-01	1.707360341943462978e-01	2.462165186723570265e-01	1.479748720753676083e-01	7.131887635824243898e-02	2.888865250761031914e-02	7.401335225514832361e-02
1.107365601905694348e+03	2.606204307448194424e-01	1.705945244909791436e-01	2.463660902749330583e-01	1.480678172214451582e-01	7.135828783420054833e-02	2.891689424933639382e-02	7.407595518397334933e-02
1.108816932969790741e+03	2.603895802185934305e-01	1.704532393741212404e-01	2.465153698700991158e-01	1.481605989676671176e-01	7.139763010819963340e-02	2.894511119188085402e-02	7.413847026912573357e-02
1.110268264033887590e+03	2.601591416165678350e-01	1.703121784708107878e-01	2.466643582645035304e-01	1.482532176047683670e-01	7.143690330329409421e-02	2.897330318164451080e-02	7.420089755809793075e-02
1.111719595097984211e+03	2.599291141987747911e-01	1.701713414088026066e-01	2.468130562612716461e-01	1.483456734229633422e-01	7.147610754231689678e-02	2.900147006723057322e-02	7.426323709832720332e-02
1.113170926162080832e+03	2.596994972266440938e-01	1.700307278165662517e-01	2.469614646600205021e-01	1.484379667119469226e-01	7.151524294787997560e-02	2.902961169941644867e-02	7.432548893721287186e-02
1.114622257226177226e+03	2.594702899630004778e-01	1.698903373232839853e-01	2.471095842568734324e-01	1.485300977608953465e-01	7.155430964237480262e-02	2.905772793112598729e-02	7.438765312213306558e-02
1.116073588290273847e+03	2.592414916720602314e-01	1.697501695588488624e-01	2.472574158444750536e-01	1.486220668584670446e-01	7.159330774797283137e-02	2.908581861740218433e-02	7.444972970046087601e-02
1.117524919354370468e+03	2.590131016194283098e-01	1.696102241538627875e-01	2.474049602120061420e-01	1.487138742928036106e-01	7.163223738662602424e-02	2.911388361538029892e-02	7.451171871958005288e-02
1.118976250418467089e+03	2.587851190720949490e-01	1.694705007396344054e-01	2.475522181451985659e-01	1.488055203515305791e-01	7.167109868006728279e-02	2.914192278426138566e-02	7.457362022690007530e-02
1.120427581482563710e+03	2.585575432984329458e-01	1.693309989481773525e-01	2.476991904263504130e-01	1.488970053217584799e-01	7.170989174981096115e-02	2.916993598528627024e-02	7.463543426987075124e-02
1.121878912546660331e+03	2.583303735681942714e-01	1.691917184122083417e-01	2.478458778343411995e-01	1.489883294900836153e-01	7.174861671715332401e-02	2.919792308170991377e-02	7.469716089599642839e-02
1.123330243610756725e+03	2.581036091525072407e-01	1.690526587651450807e-01	2.479922811446470254e-01	1.490794931425890035e-01	7.178727370317301848e-02	2.922588393877617249e-02	7.475880015284955271e-02
1.124781574674853118e+03	2.578772493238731256e-01	1.689138196411043569e-01	2.481384011293559233e-01	1.491704965648453229e-01	7.182586282873153205e-02	2.925381842369296700e-02	7.482035208808381077e-02
1.126232905738949967e+03	2.576512933561633800e-01	1.687752006749003719e-01	2.482842385571831512e-01	1.492613400419117720e-01	7.186438421447363667e-02	2.928172640560780526e-02	7.488181674944695276e-02
1.127684236803046360e+03	2.574257405246164754e-01	1.686368015020424938e-01	2.484297941934866250e-01	1.493520238583369575e-01	7.190283798082784672e-02	2.930960775558372547e-02	7.494319418479293560e-02
1.129135567867143209e+03	2.572005901058348476e-01	1.684986217587335910e-01	2.485750688002824615e-01	1.494425482981598940e-01	7.194122424800689086e-02	2.933746234657556851e-02	7.500448444209384391e-02
1.130586898931239830e+03	2.569758413777819550e-01	1.683606610818680904e-01	2.487200631362603553e-01	1.495329136449107810e-01	7.197954313600808673e-02	2.936529005340663898e-02	7.506568756945122822e-02
1.132038229995336451e+03	2.567514936197791142e-01	1.682229191090300890e-01	2.488647779567993434e-01	1.496231201816120016e-01	7.201779476461384055e-02	2.939309075274569930e-02	7.512680361510711002e-02
1.133489561059432845e+03	2.565275461125026135e-01	1.680853954784914117e-01	2.490092140139830157e-01	1.497131681907790390e-01	7.205597925339210508e-02	2.942086432308434543e-02	7.518783262745461216e-02
1.134940892123529466e+03	2.563039981379807153e-01	1.679480898292098900e-01	2.491533720566156129e-01	1.498030579544213925e-01	7.209409672169672656e-02	2.944861064471469836e-02	7.524877465504815899e-02
1.136392223187626087e+03	2.560808489795904364e-01	1.678110018008273641e-01	2.492972528302372925e-01	1.498927897540433818e-01	7.213214728866794434e-02	2.947632959970743899e-02	7.530962974661323250e-02
1.137843554251722708e+03	2.558580979220548834e-01	1.676741310336678503e-01	2.494408570771401712e-01	1.499823638706452300e-01	7.217013107323282106e-02	2.950402107189017270e-02	7.537039795105587858e-02
1.139294885315819101e+03	2.556357442514402001e-01	1.675374771687357933e-01	2.495841855363837014e-01	1.500717805847238406e-01	7.220804819410560349e-02	2.953168494682613041e-02	7.543107931747176920e-02
1.140746216379915950e+03	2.554137872551524024e-01	1.674010398477140671e-01	2.497272389438105755e-01	1.501610401762737135e-01	7.224589876978819436e-02	2.955932111179317145e-02	7.549167389515495930e-02
1.142197547444012343e+03	2.551922262219344373e-01	1.672648187129623099e-01	2.498700180320625464e-01	1.502501429247879439e-01	7.228368291857058259e-02	2.958692945576309533e-02	7.555218173360624123e-02
1.143648878508108737e+03	2.549710604418634063e-01	1.671288134075148979e-01	2.500125235305960536e-01	1.503390891092590553e-01	7.232140075853121797e-02	2.961450986938127944e-02	7.561260288254122164e-02
1.145100209572205586e+03	2.547502892063475133e-01	1.669930235750793912e-01	2.501547561656980445e-01	1.504278790081799988e-01	7.235905240753742751e-02	2.964206224494660841e-02	7.567293739189807911e-02
1.146551540636302207e+03	2.545299118081232881e-01	1.668574488600344796e-01	2.502967166605018501e-01	1.505165128995449297e-01	7.239663798324587340e-02	2.966958647639168084e-02	7.573318531184494717e-02
1.148002871700398828e+03	2.543099275412524229e-01	1.667220889074283174e-01	2.504384057350028669e-01	1.506049910608502074e-01	7.243415760310288609e-02	2.969708245926333534e-02	7.579334669278703362e-02
1.149454202764495449e+03	2.540903357011189967e-01	1.665869433629766361e-01	2.505798241060743226e-01	1.506933137690952829e-01	7.247161138434496386e-02	2.972455009070344711e-02	7.585342158537344837e-02
1.150905533828591842e+03	2.538711355844264772e-01	1.664520118730609677e-01	2.507209724874832069e-01	1.507814813007836707e-01	7.250899944399910590e-02	2.975198926943000560e-02	7.591341004050369823e-02
1.152356864892688463e+03	2.536523264891948348e-01	1.663172940847270076e-01	2.508618515899059265e-01	1.508694939319236983e-01	7.254632189888322868e-02	2.977939989571845233e-02	7.597331210933393197e-02
1.153808195956785084e+03	2.534339077147578223e-01	1.661827896456825882e-01	2.510024621209442919e-01	1.509573519380295326e-01	7.258357886560658223e-02	2.980678187138331020e-02	7.603312784328289387e-02
1.155259527020881706e+03	2.532158785617598107e-01	1.660484982042961799e-01	2.511428047851409495e-01	1.510450555941221518e-01	7.262077046057015262e-02	2.983413509976006600e-02	7.609285729403761356e-02
1.156710858084978327e+03	2.529982383321531247e-01	1.659144194095949210e-01	2.512828802839955911e-01	1.511326051747300392e-01	7.265789679996703665e-02	2.986145948568730626e-02	7.615250051355883232e-02
1.158162189149074720e+03	2.527809863291951564e-01	1.657805529112628962e-01	2.514226893159803300e-01	1.512200009538902656e-01	7.269495799978284434e-02	2.988875493548913756e-02	7.621205755408620719e-02
1.159613520213171569e+03	2.525641218574453672e-01	1.656468983596394995e-01	2.515622325765555778e-01	1.513072432051493499e-01	7.273195417579610134e-02	2.991602135695780110e-02	7.627152846814322373e-02
1.161064851277267962e+03	2.523476442227625682e-01	1.655134554057175467e-01	2.517015107581856981e-01	1.513943322015640636e-01	7.276888544357863753e-02	2.994325865933658917e-02	7.633091330854180345e-02
1.162516182341364356e+03	2.521315527323019778e-01	1.653802237011416376e-01	2.518405245503549383e-01	1.514812682157024859e-01	7.280575191849597561e-02	2.997046675330298018e-02	7.639021212838685571e-02
1.163967513405461204e+03	2.519158466945125019e-01	1.652472028982064078e-01	2.519792746395828620e-01	1.515680515196448086e-01	7.284255371570771964e-02	2.999764555095200957e-02	7.644942498108045492e-02
1.165418844469557826e+03	2.517005254191339025e-01	1.651143926498548631e-01	2.521177617094400580e-01	1.516546823849842240e-01	7.287929095016794367e-02	3.002479496577986282e-02	7.650855192032587904e-02
1.166870175533654447e+03	2.514855882171938561e-01	1.649817926096764364e-01	2.522559864405638508e-01	1.517411610828278690e-01	7.291596373662560804e-02	3.005191491266773207e-02	7.656759300013135650e-02
1.168321506597751068e+03	2.512710344010052332e-01	1.648494024319056839e-01	2.523939495106737319e-01	1.518274878837976849e-01	7.295257218962485080e-02	3.007900530786585674e-02	7.662654827481366060e-02
1.169772837661847461e+03	2.510568632841633230e-01	1.647172217714201470e-01	2.525316515945871254e-01	1.519136630580313341e-01	7.298911642350548734e-02	3.010606606897781728e-02	7.668541779900146793e-02
1.171224168725944082e+03	2.508430741815430021e-01	1.645852502837389375e-01	2.526690933642348202e-01	1.519996868751830599e-01	7.302559655240330183e-02	3.013309711494502330e-02	7.674420162763855024e-02
1.172675499790040703e+03	2.506296664092960147e-01	1.644534876250210165e-01	2.528062754886764574e-01	1.520855596044246028e-01	7.306201269025049128e-02	3.016009836603142022e-02	7.680289981598675819e-02
1.174126830854137097e+03	2.504166392848479750e-01	1.643219334520634178e-01	2.529431986341160177e-01	1.521712815144461162e-01	7.309836495077599861e-02	3.018706974380842151e-02	7.686151241962881075e-02
1.175578161918233945e+03	2.502039921268959244e-01	1.641905874222996664e-01	2.530798634639173650e-01	1.522568528734569715e-01	7.313465344750594288e-02	3.021401117114003165e-02	7.692003949447091815e-02
1.177029492982330339e+03	2.499917242554053620e-01	1.640594491937980570e-01	2.532162706386195117e-01	1.523422739491867017e-01	7.317087829376392460e-02	3.024092257216816002e-02	7.697848109674518269e-02
1.178480824046426733e+03	2.497798349916075522e-01	1.639285184252600169e-01	2.533524208159518842e-01	1.524275450088858896e-01	7.320703960267145594e-02	3.026780387229816710e-02	7.703683728301195799e-02
1.179932155110523581e+03	2.495683236579967490e-01	1.637977947760184683e-01	2.534883146508498664e-01	1.525126663193270560e-01	7.324313748714832151e-02	3.029465499818456697e-02	7.709510811016183351e-02
1.181383486174620202e+03	2.493571895783275316e-01	1.636672779060361904e-01	2.536239527954700090e-01	1.525976381468055199e-01	7.327917205991296701e-02	3.032147587771696559e-02	7.715329363541766072e-02
1.182834817238716823e+03	2.491464320776120567e-01	1.635369674759040992e-01	2.537593358992051296e-01	1.526824607571402592e-01	7.331514343348281837e-02	3.034826644000613097e-02	7.721139391633628779e-02
1.184286148302813444e+03	2.489360504821172826e-01	1.634068631468397481e-01	2.538944646086996326e-01	1.527671344156748545e-01	7.335105172017473973e-02	3.037502661537031315e-02	7.726940901081019719e-02
1.185737479366910065e+03	2.487260441193623328e-01	1.632769645806855796e-01	2.540293395678646093e-01	1.528516593872782658e-01	7.338689703210531101e-02	3.040175633532169255e-02	7.732733897706897674e-02
1.187188810431006686e+03	2.485164123181157758e-01	1.631472714399073709e-01	2.541639614178928253e-01	1.529360359363457766e-01	7.342267948119125809e-02	3.042845553255303995e-02	7.738518387368072127e-02
1.188640141495103080e+03	2.483071544083928772e-01	1.630177833875925686e-01	2.542983307972738749e-01	1.530202643267998819e-01	7.345839917914981365e-02	3.045512414092453254e-02	7.744294375955312892e-02
1.190091472559199701e+03	2.480982697214529631e-01	1.628885000874487898e-01	2.544324483418092808e-01	1.531043448220911207e-01	7.349405623749907801e-02	3.048176209545076787e-02	7.750061869393465308e-02
1.191542803623296322e+03	2.478897575897968109e-01	1.627594212038021015e-01	2.545663146846270375e-01	1.531882776851989647e-01	7.352965076755836604e-02	3.050836933228792333e-02	7.755820873641536273e-02
1.192994134687392716e+03	2.476816173471638460e-01	1.626305464015955771e-01	2.546999304561970434e-01	1.532720631786326781e-01	7.356518288044858189e-02	3.053494578872109622e-02	7.761571394692778902e-02
1.194445465751489564e+03	2.474738483285295609e-01	1.625018753463874643e-01	2.548332962843454230e-01	1.533557015644321508e-01	7.360065268709260755e-02	3.056149140315178939e-02	7.767313438574759143e-02
1.195896796815585958e+03	2.472664498701028502e-01	1.623734077043498814e-01	2.549664127942696812e-01	1.534391931041688695e-01	7.363606029821566368e-02	3.058800611508559475e-02	7.773047011349409896e-02
1.197348127879682352e+03	2.470594213093233460e-01	1.622451431422670121e-01	2.550992806085531917e-01	1.535225380589466393e-01	7.367140582434564267e-02	3.061448986512001549e-02	7.778772119113080974e-02
1.198799458943779200e+03	2.468527619848587817e-01	1.621170813275337186e-01	2.552319003471800185e-01	1.536057366894025833e-01	7.370668937581348334e-02	3.064094259493243058e-02	7.784488767996562697e-02
1.200250790007875821e+03	2.466464712366024103e-01	1.619892219281539036e-01	2.553642726275494046e-01	1.536887892557079194e-01	7.374191106275353180e-02	3.066736424726823965e-02	7.790196964165117810e-02
1.201702121071972442e+03	2.464405484056703677e-01	1.618615646127389562e-01	2.554963980644905375e-01	1.537716960175687930e-01	7.377707099510390221e-02	3.069375476592913973e-02	7.795896713818488422e-02
1.203153452136069063e+03	2.462349928343989802e-01	1.617341090505062251e-01	2.556282772702767603e-01	1.538544572342272210e-01	7.381216928260687926e-02	3.072011409576156163e-02	7.801588023190891841e-02
1.204604783200165684e+03	2.460298038663422671e-01	1.616068549112774089e-01	2.557599108546402267e-01	1.539370731644618684e-01	7.384720603480918188e-02	3.074644218264525539e-02	7.807270898551023353e-02
1.206056114264262078e+03	2.458249808462692754e-01	1.614798018654771683e-01	2.558912994247862782e-01	1.540195440665890203e-01	7.388218136106242118e-02	3.077273897348200421e-02	7.812945346202028463e-02
1.207507445328358699e+03	2.456205231201614991e-01	1.613529495841314332e-01	2.560224435854075997e-01	1.541018701984632755e-01	7.391709537052335022e-02	3.079900441618450141e-02	7.818611372481480692e-02
1.208958776392455093e+03	2.454164300352103534e-01	1.612262977388659313e-01	2.561533439386986521e-01	1.541840518174784624e-01	7.395194817215434979e-02	3.082523845966534878e-02	7.824268983761338558e-02
1.210410107456551941e+03	2.452127009398144541e-01	1.610998460019047729e-01	2.562840010843697169e-01	1.542660891805685552e-01	7.398673987472369207e-02	3.085144105382620072e-02	7.829918186447908102e-02
1.211861438520648335e+03	2.450093351835772315e-01	1.609735940460688131e-01	2.564144156196612179e-01	1.543479825442083953e-01	7.402147058680590141e-02	3.087761214954705055e-02	7.835558986981781826e-02
1.213312769584745183e+03	2.448063321173042928e-01	1.608475415447741808e-01	2.565445881393577099e-01	1.544297321644146626e-01	7.405614041678212911e-02	3.090375169867562444e-02	7.841191391837780411e-02
1.214764100648841804e+03	2.446036910930008135e-01	1.607216881720308355e-01	2.566745192358018679e-01	1.545113382967466253e-01	7.409074947284051416e-02	3.092985965401693835e-02	7.846815407524884711e-02
1.216215431712937971e+03	2.444014114638690671e-01	1.605960336024410406e-01	2.568042094989083646e-01	1.545928011963070281e-01	7.412529786297648859e-02	3.095593596932296604e-02	7.852431040586148325e-02
1.217666762777034819e+03	2.441994925843058439e-01	1.604705775111978650e-01	2.569336595161779147e-01	1.546741211177429243e-01	7.415978569499320772e-02	3.098198059928243542e-02	7.858038297598625432e-02
1.219118093841131440e+03	2.439979338098999806e-01	1.603453195740837112e-01	2.570628698727109862e-01	1.547552983152464534e-01	7.419421307650181374e-02	3.100799349951074632e-02	7.863637185173268096e-02
1.220569424905228061e+03	2.437967344974298345e-01	1.602202594674688452e-01	2.571918411512216784e-01	1.548363330425558682e-01	7.422858011492183827e-02	3.103397462654002015e-02	7.869227709954830507e-02
1.222020755969324682e+03	2.435958940048606192e-01	1.600953968683099526e-01	2.573205739320512664e-01	1.549172255529560893e-01	7.426288691748154924e-02	3.105992393780927091e-02	7.874809878621769066e-02
1.223472087033421303e+03	2.433954116913421006e-01	1.599707314541486403e-01	2.574490687931818012e-01	1.549979760992797884e-01	7.429713359121829785e-02	3.108584139165467691e-02	7.880383697886117478e-02
1.224923418097517697e+03	2.431952869172059606e-01	1.598462629031100202e-01	2.575773263102498767e-01	1.550785849339080258e-01	7.433132024297882390e-02	3.111172694729999466e-02	7.885949174493378511e-02
1.226374749161614318e+03	2.429955190439633539e-01	1.597219908939011557e-01	2.577053470565600635e-01	1.551590523087712503e-01	7.436544697941965820e-02	3.113758056484706993e-02	7.891506315222396317e-02
1.227826080225710712e+03	2.427961074343024384e-01	1.595979151058098122e-01	2.578331316030980092e-01	1.552393784753500205e-01	7.439951390700742795e-02	3.116340220526646679e-02	7.897055126885225984e-02
1.229277411289807560e+03	2.425970514520859322e-01	1.594740352187028476e-01	2.579606805185443719e-01	1.553195636846758654e-01	7.443352113201924525e-02	3.118919183038822499e-02	7.902595616326996142e-02
1.230728742353903954e+03	2.423983504623484775e-01	1.593503509130248241e-01	2.580879943692876433e-01	1.553996081873320612e-01	7.446746876054299857e-02	3.121494940289269021e-02	7.908127790425768799e-02
1.232180073418000802e+03	2.422000038312943915e-01	1.592268618697967320e-01	2.582150737194375267e-01	1.554795122334545754e-01	7.450135689847774134e-02	3.124067488630149700e-02	7.913651656092395015e-02
1.233631404482097196e+03	2.420020109262950581e-01	1.591035677706142681e-01	2.583419191308381491e-01	1.555592760727327051e-01	7.453518565153402498e-02	3.126636824496862449e-02	7.919167220270358076e-02
1.235082735546193817e+03	2.418043711158865683e-01	1.589804682976466987e-01	2.584685311630811611e-01	1.556388999544100482e-01	7.456895512523419034e-02	3.129202944407156323e-02	7.924674489935620847e-02
1.236534066610290438e+03	2.416070837697671669e-01	1.588575631336353045e-01	2.585949103735185606e-01	1.557183841272853364e-01	7.460266542491278408e-02	3.131765844960260337e-02	7.930173472096466170e-02
1.237985397674387059e+03	2.414101482587949765e-01	1.587348519618920761e-01	2.587210573172759043e-01	1.557977288397131010e-01	7.463631665571685003e-02	3.134325522836022004e-02	7.935664173793327558e-02
1.239436728738483680e+03	2.412135639549854160e-01	1.586123344662981327e-01	2.588469725472651306e-01	1.558769343396046170e-01	7.466990892260631785e-02	3.136881974794053507e-02	7.941146602098619889e-02
1.240888059802580301e+03	2.410173302315088695e-01	1.584900103313026387e-01	2.589726566141972719e-01	1.559560008744286519e-01	7.470344233035428050e-02	3.139435197672890004e-02	7.946620764116568703e-02
1.242339390866676695e+03	2.408214464626882989e-01	1.583678792419210835e-01	2.590981100665952774e-01	1.560349286912123545e-01	7.473691698354738289e-02	3.141985188389158357e-02	7.952086666983031182e-02
1.243790721930773088e+03	2.406259120239967186e-01	1.582459408837341708e-01	2.592233334508066700e-01	1.561137180365419486e-01	7.477033298658611327e-02	3.144531943936752089e-02	7.957544317865311578e-02
1.245242052994869937e+03	2.404307262920549471e-01	1.581241949428862925e-01	2.593483273110162024e-01	1.561923691565636207e-01	7.480369044368519182e-02	3.147075461386019540e-02	7.962993723961980796e-02
1.246693384058966330e+03	2.402358886446290809e-01	1.580026411060841685e-01	2.594730921892583475e-01	1.562708822969843259e-01	7.483698945887386211e-02	3.149615737882960342e-02	7.968434892502684885e-02
1.248144715123063179e+03	2.400413984606281359e-01	1.578812790605955418e-01	2.595976286254298437e-01	1.563492577030725639e-01	7.487023013599627963e-02	3.152152770648430219e-02	7.973867830747952135e-02
1.249596046187159800e+03	2.398472551201017988e-01	1.577601084942477638e-01	2.597219371573020741e-01	1.564274956196592126e-01	7.490341257871180325e-02	3.154686556977354117e-02	7.979292545989000174e-02
1.251047377251256421e+03	2.396534580042378459e-01	1.576391290954266000e-01	2.598460183205333340e-01	1.565055962911383047e-01	7.493653689049530053e-02	3.157217094237949051e-02	7.984709045547533357e-02
1.252498708315352815e+03	2.394600064953599505e-01	1.575183405530745651e-01	2.599698726486812106e-01	1.565835599614678053e-01	7.496960317463756407e-02	3.159744379870958741e-02	7.990117336775548473e-02
1.253950039379449436e+03	2.392668999769252403e-01	1.573977425566899235e-01	2.600935006732147392e-01	1.566613868741704718e-01	7.500261153424561678e-02	3.162268411388891726e-02	7.995517427055126580e-02
1.255401370443546057e+03	2.390741378335219380e-01	1.572773347963250801e-01	2.602169029235265607e-01	1.567390772723346315e-01	7.503556207224298946e-02	3.164789186375270569e-02	8.000909323798226225e-02
1.256852701507642678e+03	2.388817194508671138e-01	1.571571169625855524e-01	2.603400799269448562e-01	1.568166313986149307e-01	7.506845489137012328e-02	3.167306702483890096e-02	8.006293034446473889e-02
1.258304032571739299e+03	2.386896442158042142e-01	1.570370887466282783e-01	2.604630322087455041e-01	1.568940494952331399e-01	7.510129009418466117e-02	3.169820957438083953e-02	8.011668566470951658e-02
1.259755363635835920e+03	2.384979115163008700e-01	1.569172498401605609e-01	2.605857602921640703e-01	1.569713318039790417e-01	7.513406778306179479e-02	3.172331949029998099e-02	8.017035927371987669e-02
1.261206694699932314e+03	2.383065207414463982e-01	1.567975999354386529e-01	2.607082646984073548e-01	1.570484785662110971e-01	7.516678806019456982e-02	3.174839675119870558e-02	8.022395124678938227e-02
1.262658025764028707e+03	2.381154712814496643e-01	1.566781387252665636e-01	2.608305459466654375e-01	1.571254900228573059e-01	7.519945102759427458e-02	3.177344133635325724e-02	8.027746165949965762e-02
1.264109356828125556e+03	2.379247625276366962e-01	1.565588659029945595e-01	2.609526045541232797e-01	1.572023664144159560e-01	7.523205678709066202e-02	3.179845322570668681e-02	8.033089058771822333e-02
1.265560687892221949e+03	2.377343938724482963e-01	1.564397811625179990e-01	2.610744410359727152e-01	1.572791079809564285e-01	7.526460544033242162e-02	3.182343239986193395e-02	8.038423810759626198e-02
1.267012018956318798e+03	2.375443647094379329e-01	1.563208841982760278e-01	2.611960559054233300e-01	1.573557149621200024e-01	7.529709708878738750e-02	3.184837884007493680e-02	8.043750429556641157e-02
1.268463350020415419e+03	2.373546744332692138e-01	1.562021747052503018e-01	2.613174496737147301e-01	1.574321875971205487e-01	7.532953183374287154e-02	3.187329252824785963e-02	8.049068922834047568e-02
1.269914681084511813e+03	2.371653224397138326e-01	1.560836523789635721e-01	2.614386228501274778e-01	1.575085261247454738e-01	7.536190977630609356e-02	3.189817344692236212e-02	8.054379298290714750e-02
1.271366012148608434e+03	2.369763081256491544e-01	1.559653169154786023e-01	2.615595759419948041e-01	1.575847307833563027e-01	7.539423101740440336e-02	3.192302157927295186e-02	8.059681563652974778e-02
1.272817343212705055e+03	2.367876308890559112e-01	1.558471680113967528e-01	2.616803094547135999e-01	1.576608018108896225e-01	7.542649565778564158e-02	3.194783690910043411e-02	8.064975726674396272e-02
1.274268674276801676e+03	2.365992901290161488e-01	1.557292053638567875e-01	2.618008238917559072e-01	1.577367394448577764e-01	7.545870379801845884e-02	3.197261942082536140e-02	8.070261795135544314e-02
1.275720005340898297e+03	2.364112852457106728e-01	1.556114286705335692e-01	2.619211197546801317e-01	1.578125439223496407e-01	7.549085553849264885e-02	3.199736909948167063e-02	8.075539776843755624e-02
1.277171336404994690e+03	2.362236156404169951e-01	1.554938376296367830e-01	2.620411975431419793e-01	1.578882154800314019e-01	7.552295097941945368e-02	3.202208593071025067e-02	8.080809679632902642e-02
1.278622667469091539e+03	2.360362807155070020e-01	1.553764319399097982e-01	2.621610577549055021e-01	1.579637543541473343e-01	7.555499022083191074e-02	3.204676990075270432e-02	8.086071511363160380e-02
1.280073998533187932e+03	2.358492798744448449e-01	1.552592113006282526e-01	2.622807008858542011e-01	1.580391607805206045e-01	7.558697336258515809e-02	3.207142099644508942e-02	8.091325279920766333e-02
1.281525329597284326e+03	2.356626125217845535e-01	1.551421754115989982e-01	2.624001274300018505e-01	1.581144349945539651e-01	7.561890050435673971e-02	3.209603920521175713e-02	8.096570993217792889e-02
1.282976660661381175e+03	2.354762780631678154e-01	1.550253239731586574e-01	2.625193378795034893e-01	1.581895772312305881e-01	7.565077174564693863e-02	3.212062451505928035e-02	8.101808659191903073e-02
1.284427991725477568e+03	2.352902759053218940e-01	1.549086566861725411e-01	2.626383327246658572e-01	1.582645877251147859e-01	7.568258718577915156e-02	3.214517691457040999e-02	8.107038285806116018e-02
1.285879322789574417e+03	2.351046054560572418e-01	1.547921732520333993e-01	2.627571124539584968e-01	1.583394667103528164e-01	7.571434692390009713e-02	3.216969639289808669e-02	8.112259881048566879e-02
1.287330653853671038e+03	2.349192661242654467e-01	1.546758733726600610e-01	2.628756775540241897e-01	1.584142144206736047e-01	7.574605105898023216e-02	3.219418293975959133e-02	8.117473452932268130e-02
1.288781984917767431e+03	2.347342573199169280e-01	1.545597567504964354e-01	2.629940285096895036e-01	1.584888310893894925e-01	7.577769968981401538e-02	3.221863654543064698e-02	8.122679009494873648e-02
1.290233315981864052e+03	2.345495784540587436e-01	1.544438230885101515e-01	2.631121658039754507e-01	1.585633169493971262e-01	7.580929291502025436e-02	3.224305720073968040e-02	8.127876558798431683e-02
