1.001418434226643626e+03	2.786281097729293443e-01	1.815411012553525827e-01	2.346302782564660960e-01	1.408418097016077841e-01	6.829194363601526208e-02	2.680386192266418638e-02	6.926289545465243169e-02
1.003837319333471214e+03	2.781897014237276200e-01	1.812769072065774367e-01	2.349183931414473847e-01	1.410176331471567623e-01	6.836649425270210911e-02	2.685290550646905056e-02	6.937796532160735163e-02
1.006256204440298802e+03	2.777525987037469668e-01	1.810134155828969360e-01	2.352055087518756527e-01	1.411929406614196858e-01	6.844082624286014493e-02	2.690193337430541246e-02	6.949277668258292684e-02
1.008675089547126618e+03	2.773167976723062145e-01	1.807506243994855821e-01	2.354916301011756030e-01	1.413677337678710677e-01	6.851494026420815175e-02	2.695094356949006426e-02	6.960733022515096236e-02
1.011093974653954206e+03	2.768822944014470155e-01	1.804885316782290083e-01	2.357767621736912012e-01	1.415420139862771376e-01	6.858883697159531834e-02	2.699993418256771763e-02	6.972162660588024363e-02
1.013512859760782021e+03	2.764490849758857727e-01	1.802271354476950027e-01	2.360609099244184994e-01	1.417157828326220115e-01	6.866251701709757960e-02	2.704890335004711197e-02	6.983566645192165745e-02
1.015931744867609382e+03	2.760171654929658991e-01	1.799664337431046701e-01	2.363440782787648575e-01	1.418890418190425218e-01	6.873598105010514381e-02	2.709784925317755555e-02	6.994945036252697701e-02
1.018350629974437197e+03	2.755865320626107451e-01	1.797064246063032333e-01	2.366262721323327267e-01	1.420617924537705967e-01	6.880922971740212335e-02	2.714677011676442167e-02	7.006297891050382309e-02
1.020769515081264785e+03	2.751571808072756364e-01	1.794471060857311395e-01	2.369074963507274423e-01	1.422340362410827452e-01	6.888226366323899064e-02	2.719566420802227782e-02	7.017625264360942416e-02
1.023188400188092373e+03	2.747291078619012450e-01	1.791884762363947503e-01	2.371877557693874428e-01	1.424057746812558145e-01	6.895508352939848373e-02	2.724452983546428800e-02	7.028927208588556241e-02
1.025607285294920075e+03	2.743023093738663487e-01	1.789305331198373927e-01	2.374670551934361939e-01	1.425770092705283265e-01	6.902768995525586371e-02	2.729336534782661125e-02	7.040203773893688455e-02
1.028026170401747549e+03	2.738767815029408692e-01	1.786732748041100771e-01	2.377453993975545132e-01	1.427477415010669770e-01	6.910008357783360700e-02	2.734216913302658578e-02	7.051455008315500594e-02
1.030445055508575479e+03	2.734525204212392979e-01	1.784166993637425203e-01	2.380227931258727114e-01	1.429179728609377420e-01	6.917226503185157360e-02	2.739093961715349801e-02	7.062680957889030942e-02
1.032863940615402726e+03	2.730295223131742333e-01	1.781608048797139188e-01	2.382992410918812198e-01	1.430877048340810642e-01	6.924423494977276217e-02	2.743967526349080574e-02	7.073881666757370068e-02
1.035282825722230655e+03	2.726077833754098623e-01	1.779055894394238058e-01	2.385747479783589808e-01	1.432569389002910087e-01	6.931599396184513762e-02	2.748837457156871195e-02	7.085057177279013851e-02
1.037701710829058356e+03	2.721872998168158309e-01	1.776510511366631295e-01	2.388493184373190747e-01	1.434256765351974716e-01	6.938754269614005876e-02	2.753703607624603117e-02	7.096207530130595187e-02
1.040120595935886058e+03	2.717680678584213916e-01	1.773971880715851102e-01	2.391229570899698897e-01	1.435939192102517192e-01	6.945888177858741686e-02	2.758565834682032147e-02	7.107332764405169256e-02
1.042539481042713533e+03	2.713500837333689963e-01	1.771439983506762628e-01	2.393956685266921125e-01	1.437616683927145367e-01	6.953001183300792920e-02	2.763423998616531402e-02	7.118432917706232765e-02
1.044958366149541234e+03	2.709333436868690548e-01	1.768914800867275039e-01	2.396674573070299574e-01	1.439289255456467631e-01	6.960093348114292089e-02	2.768277962989469307e-02	7.129508026237646456e-02
1.047377251256368709e+03	2.705178439761541931e-01	1.766396313988052857e-01	2.399383279596963847e-01	1.440956921279023528e-01	6.967164734268166404e-02	2.773127594555129666e-02	7.140558124889616332e-02
1.049796136363196410e+03	2.701035808704337904e-01	1.763884504122226748e-01	2.402082849825913635e-01	1.442619695941230462e-01	6.974215403528660762e-02	2.777972763182088439e-02	7.151583247320894565e-02
1.052215021470024112e+03	2.696905506508487926e-01	1.761379352585107638e-01	2.404773328428326529e-01	1.444277593947352056e-01	6.981245417461678926e-02	2.782813341776958077e-02	7.162583426037356926e-02
1.054633906576851814e+03	2.692787496104265821e-01	1.758880840753899721e-01	2.407454759767982677e-01	1.445930629759479835e-01	6.988254837434944300e-02	2.787649206210426542e-02	7.173558692467088549e-02
1.057052791683679516e+03	2.688681740540361798e-01	1.756388950067414023e-01	2.410127187901803802e-01	1.447578817797532391e-01	6.995243724619998327e-02	2.792480235245501860e-02	7.184509077032123769e-02
1.059471676790506763e+03	2.684588202983435035e-01	1.753903662025784738e-01	2.412790656580497128e-01	1.449222172439264544e-01	7.002212139994071216e-02	2.797306310467895241e-02	7.195434609216970478e-02
1.061890561897334692e+03	2.680506846717664593e-01	1.751424958190185011e-01	2.415445209249300340e-01	1.450860708020291767e-01	7.009160144341815279e-02	2.802127316218464004e-02	7.206335317634057769e-02
1.064309447004162394e+03	2.676437635144310878e-01	1.748952820182542722e-01	2.418090889048820913e-01	1.452494438834122104e-01	7.016087798256928632e-02	2.806943139527646319e-02	7.217211230086210960e-02
1.066728332110990095e+03	2.672380531781270441e-01	1.746487229685260711e-01	2.420727738815965369e-01	1.454123379132200300e-01	7.022995162143666481e-02	2.811753670051822876e-02	7.228062373626294168e-02
1.069147217217817570e+03	2.668335500262633553e-01	1.744028168440935611e-01	2.423355801084956518e-01	1.455747543123957488e-01	7.029882296218266380e-02	2.816558800011533317e-02	7.238888774614107846e-02
1.071566102324645271e+03	2.664302504338249555e-01	1.741575618252077240e-01	2.425975118088426752e-01	1.457366944976872802e-01	7.036749260510283266e-02	2.821358424131490544e-02	7.249690458770692569e-02
1.073984987431472746e+03	2.660281507873286655e-01	1.739129560980831046e-01	2.428585731758590160e-01	1.458981598816537772e-01	7.043596114863846791e-02	2.826152439582331130e-02	7.260467451230091795e-02
1.076403872538300675e+03	2.656272474847797271e-01	1.736689978548700830e-01	2.431187683728484594e-01	1.460591518726728766e-01	7.050422918938850647e-02	2.830940745924039742e-02	7.271219776588719319e-02
1.078822757645127922e+03	2.652275369356286161e-01	1.734256852936272020e-01	2.433781015333282005e-01	1.462196718749484425e-01	7.057229732212075279e-02	2.835723245050997612e-02	7.281947458952409136e-02
1.081241642751955851e+03	2.648290155607275764e-01	1.731830166182937725e-01	2.436365767611659849e-01	1.463797212885189769e-01	7.064016613978257864e-02	2.840499841138593648e-02	7.292650521981237921e-02
1.083660527858783553e+03	2.644316797922879325e-01	1.729409900386625620e-01	2.438941981307236329e-01	1.465393015092662232e-01	7.070783623351106773e-02	2.845270440591353422e-02	7.303328988932220045e-02
1.086079412965611255e+03	2.640355260738371790e-01	1.726996037703524556e-01	2.441509696870055313e-01	1.466984139289244093e-01	7.077530819264268858e-02	2.850034951992526031e-02	7.313982882699961163e-02
1.088498298072438729e+03	2.636405508601764036e-01	1.724588560347814492e-01	2.444068954458129272e-01	1.468570599350894901e-01	7.084258260472253710e-02	2.854793286055092721e-02	7.324612225855343939e-02
1.090917183179266431e+03	2.632467506173375438e-01	1.722187450591396718e-01	2.446619793939027176e-01	1.470152409112291947e-01	7.090966005551320450e-02	2.859545355574136943e-02	7.335217040682341649e-02
1.093336068286093905e+03	2.628541218225415865e-01	1.719792690763626841e-01	2.449162254891510959e-01	1.471729582366928801e-01	7.097654112900329826e-02	2.864291075380541451e-02	7.345797349213015193e-02
1.095754953392921607e+03	2.624626609641562691e-01	1.717404263251046670e-01	2.451696376607210570e-01	1.473302132867219671e-01	7.104322640741564387e-02	2.869030362295962866e-02	7.356353173260786471e-02
1.098173838499749309e+03	2.620723645416541681e-01	1.715022150497119702e-01	2.454222198092343432e-01	1.474870074324604041e-01	7.110971647121513972e-02	2.873763135089043783e-02	7.366884534452054767e-02
1.100592723606577010e+03	2.616832290655712323e-01	1.712646335001968001e-01	2.456739758069468316e-01	1.476433420409653807e-01	7.117601189911643145e-02	2.878489314432821841e-02	7.377391454256214398e-02
1.103011608713404712e+03	2.612952510574648723e-01	1.710276799322108243e-01	2.459249094979272243e-01	1.477992184752182914e-01	7.124211326809126721e-02	2.883208822863295162e-02	7.387873954014154143e-02
1.105430493820231959e+03	2.609084270498731040e-01	1.707913526070191923e-01	2.461750246982392087e-01	1.479546380941356709e-01	7.130802115337571412e-02	2.887921584739111189e-02	7.398332054965291171e-02
1.107849378927059888e+03	2.605227535862730259e-01	1.705556497914746672e-01	2.464243251961262537e-01	1.481096022525804357e-01	7.137373612847709714e-02	2.892627526202333488e-02	7.408765778273199154e-02
1.110268264033887590e+03	2.601382272210403523e-01	1.703205697579916467e-01	2.466728147521992098e-01	1.482641123013731521e-01	7.143925876518084084e-02	2.897326575140263955e-02	7.419175145049901332e-02
1.112687149140715292e+03	2.597548445194080569e-01	1.700861107845205999e-01	2.469204970996263793e-01	1.484181695873034168e-01	7.150458963355703357e-02	2.902018661148273240e-02	7.429560176378864622e-02
1.115106034247542766e+03	2.593726020574262381e-01	1.698522711545226993e-01	2.471673759443258067e-01	1.485717754531412638e-01	7.156972930196696392e-02	2.906703715493618931e-02	7.439920893336771091e-02
1.117524919354370468e+03	2.589914964219215965e-01	1.696190491569443126e-01	2.474134549651595960e-01	1.487249312376488497e-01	7.163467833706940735e-02	2.911381671080211925e-02	7.450257317014101488e-02
1.119943804461197942e+03	2.586115242104574663e-01	1.693864430861918569e-01	2.476587378141300588e-01	1.488776382755918337e-01	7.169943730382685732e-02	2.916052462414303950e-02	7.460569468534586357e-02
1.122362689568025871e+03	2.582326820312934035e-01	1.691544512421068458e-01	2.479032281165775564e-01	1.490298978977511457e-01	7.176400676551165925e-02	2.920716025571064300e-02	7.470857369073570509e-02
1.124781574674853118e+03	2.578549665033458838e-01	1.689230719299409100e-01	2.481469294713797569e-01	1.491817114309347547e-01	7.182838728371190862e-02	2.925372298162024973e-02	7.481121039875346379e-02
1.127200459781681047e+03	2.574783742561483346e-01	1.686923034603310945e-01	2.483898454511523635e-01	1.493330801979892153e-01	7.189257941833747390e-02	2.930021219303355698e-02	7.491360502269485411e-02
1.129619344888508749e+03	2.571029019298118334e-01	1.684621441492753502e-01	2.486319796024508699e-01	1.494840055178115190e-01	7.195658372762563093e-02	2.934662729584952209e-02	7.501575777686214641e-02
1.132038229995336451e+03	2.567285461749858611e-01	1.682325923181079985e-01	2.488733354459731761e-01	1.496344887053608630e-01	7.202040076814693326e-02	2.939296771040308259e-02	7.511766887670891235e-02
1.134457115102163925e+03	2.563553036528193330e-01	1.680036462934756114e-01	2.491139164767633696e-01	1.497845310716703349e-01	7.208403109481077708e-02	2.943923287117145710e-02	7.521933853897595779e-02
1.136876000208991627e+03	2.559831710349215750e-01	1.677753044073127253e-01	2.493537261644159786e-01	1.499341339238587922e-01	7.214747526087095242e-02	2.948542222648783961e-02	7.532076698181894292e-02
1.139294885315819101e+03	2.556121450033238540e-01	1.675475649968179992e-01	2.495927679532808918e-01	1.500832985651426033e-01	7.221073381793123580e-02	2.953153523826219234e-02	7.542195442492802271e-02
1.141713770422646803e+03	2.552422222504407978e-01	1.673204264044304279e-01	2.498310452626686662e-01	1.502320262948474150e-01	7.227380731595070551e-02	2.957757138170899816e-02	7.552290108963974347e-02
1.144132655529474505e+03	2.548733994790321478e-01	1.670938869778055835e-01	2.500685614870563067e-01	1.503803184084200328e-01	7.233669630324925104e-02	2.962353014508165364e-02	7.562360719904179240e-02
1.146551540636302207e+03	2.545056734021645117e-01	1.668679450697922451e-01	2.503053199962930186e-01	1.505281761974400501e-01	7.239940132651283278e-02	2.966941102941343666e-02	7.572407297807058624e-02
1.148970425743129908e+03	2.541390407431737830e-01	1.666425990384089728e-01	2.505413241358064314e-01	1.506756009496316995e-01	7.246192293079879720e-02	2.971521354826470521e-02	7.582429865360232335e-02
1.151389310849957155e+03	2.537734982356270041e-01	1.664178472468209602e-01	2.507765772268083504e-01	1.508225939488755107e-01	7.252426165954109494e-02	2.976093722747623696e-02	7.592428445453751340e-02
1.153808195956785084e+03	2.534090426232851745e-01	1.661936880633169966e-01	2.510110825665008982e-01	1.509691564752201620e-01	7.258641805455554041e-02	2.980658160492851566e-02	7.602403061187947009e-02
1.156227081063612786e+03	2.530456706600656691e-01	1.659701198612864581e-01	2.512448434282820164e-01	1.511152898048939985e-01	7.264839265604486340e-02	2.985214623030670728e-02	7.612353735880698913e-02
1.158645966170440488e+03	2.526833791100052129e-01	1.657471410191968531e-01	2.514778630619511346e-01	1.512609952103169952e-01	7.271018600260388542e-02	2.989763066487127405e-02	7.622280493074136409e-02
1.161064851277267962e+03	2.523221647472227436e-01	1.655247499205709238e-01	2.517101446939141729e-01	1.514062739601120533e-01	7.277179863122461290e-02	2.994303448123395578e-02	7.632183356540814256e-02
1.163483736384095664e+03	2.519620243558828299e-01	1.653029449539644979e-01	2.519416915273882118e-01	1.515511273191169628e-01	7.283323107730127477e-02	2.998835726313901079e-02	7.642062350289381689e-02
1.165902621490923138e+03	2.516029547301587566e-01	1.650817245129440058e-01	2.521725067426056066e-01	1.516955565483958102e-01	7.289448387463530465e-02	3.003359860524957084e-02	7.651917498569756060e-02
1.168321506597751068e+03	2.512449526741963868e-01	1.648610869960644432e-01	2.524025934970173801e-01	1.518395629052505802e-01	7.295555755544037846e-02	3.007875811293890880e-02	7.661748825877841285e-02
1.170740391704578315e+03	2.508880150020777466e-01	1.646410308068474437e-01	2.526319549254966157e-01	1.519831476432328132e-01	7.301645265034731325e-02	3.012383540208652885e-02	7.671556356959806366e-02
1.173159276811406244e+03	2.505321385377848875e-01	1.644215543537592972e-01	2.528605941405400181e-01	1.521263120121549850e-01	7.307716968840904936e-02	3.016883009887892306e-02	7.681340116815933705e-02
1.175578161918233945e+03	2.501773201151641923e-01	1.642026560501894106e-01	2.530885142324698078e-01	1.522690572581020807e-01	7.313770919710549379e-02	3.021374183961482787e-02	7.691100130704073279e-02
1.177997047025061647e+03	2.498235565778904599e-01	1.639843343144287424e-01	2.533157182696339493e-01	1.524113846234429470e-01	7.319807170234843285e-02	3.025857027051490067e-02	7.700836424142709635e-02
1.180415932131889122e+03	2.494708447794314610e-01	1.637665875696483198e-01	2.535422092986062137e-01	1.525532953468418940e-01	7.325825772848637563e-02	3.030331504753566371e-02	7.710549022913663897e-02
1.182834817238716823e+03	2.491191815830125500e-01	1.635494142438781440e-01	2.537679903443845197e-01	1.526947906632699081e-01	7.331826779830936947e-02	3.034797583618758371e-02	7.720237953064448821e-02
1.185253702345544298e+03	2.487685638615815820e-01	1.633328127699859300e-01	2.539930644105889979e-01	1.528358718040160880e-01	7.337810243305382951e-02	3.039255231135719326e-02	7.729903240910293571e-02
1.187672587452371999e+03	2.484189884977737184e-01	1.631167815856563730e-01	2.542174344796586105e-01	1.529765399966989681e-01	7.343776215240725713e-02	3.043704415713313280e-02	7.739544913035852070e-02
1.190091472559199701e+03	2.480704523838767050e-01	1.629013191333701094e-01	2.544411035130468290e-01	1.531167964652777325e-01	7.349724747451305551e-02	3.048145106663597767e-02	7.749162996296610206e-02
1.192510357666027403e+03	2.477229524217962886e-01	1.626864238603831225e-01	2.546640744514163668e-01	1.532566424300635111e-01	7.355655891597526197e-02	3.052577274185180531e-02	7.758757517820009941e-02
1.194929242772855105e+03	2.473764855230215221e-01	1.624720942187063422e-01	2.548863502148323024e-01	1.533960791077306762e-01	7.361569699186325255e-02	3.057000889346931857e-02	7.768328505006301399e-02
1.197348127879682352e+03	2.470310486085905699e-01	1.622583286650850776e-01	2.551079337029546479e-01	1.535351077113278340e-01	7.367466221571641882e-02	3.061415924072049405e-02	7.777875985529138225e-02
1.199767012986510281e+03	2.466866386090566243e-01	1.620451256609788948e-01	2.553288277952289187e-01	1.536737294502891760e-01	7.373345509954887245e-02	3.065822351122463735e-02	7.787399987335924534e-02
1.202185898093337983e+03	2.463432524644538490e-01	1.618324836725414662e-01	2.555490353510764256e-01	1.538119455304453875e-01	7.379207615385412200e-02	3.070220144083572397e-02	7.796900538647931478e-02
1.204604783200165684e+03	2.460008871242635453e-01	1.616204011706006138e-01	2.557685592100825689e-01	1.539497571540349163e-01	7.385052588760965264e-02	3.074609277349298411e-02	7.806377667960200106e-02
1.207023668306993159e+03	2.456595395473805676e-01	1.614088766306384648e-01	2.559874021921839660e-01	1.540871655197147971e-01	7.390880480828158905e-02	3.078989726107460648e-02	7.815831404041222175e-02
1.209442553413820860e+03	2.453192067020798228e-01	1.611979085327717442e-01	2.562055670978546362e-01	1.542241718225718095e-01	7.396691342182933060e-02	3.083361466325450218e-02	7.825261775932434993e-02
1.211861438520648335e+03	2.449798855659829910e-01	1.609874953617322635e-01	2.564230567082902978e-01	1.543607772541333856e-01	7.402485223271006165e-02	3.087724474736202110e-02	7.834668812947517824e-02
1.214280323627476264e+03	2.446415731260254134e-01	1.607776356068474355e-01	2.566398737855917211e-01	1.544969830023784907e-01	7.408262174388337284e-02	3.092078728824457917e-02	7.844052544671518967e-02
1.216699208734303511e+03	2.443042663784229795e-01	1.605683277620209848e-01	2.568560210729465831e-01	1.546327902517486419e-01	7.414022245681578527e-02	3.096424206813307156e-02	7.853413000959814927e-02
1.219118093841131440e+03	2.439679623286394872e-01	1.603595703257139349e-01	2.570715012948098233e-01	1.547682001831585941e-01	7.419765487148533012e-02	3.100760887651005798e-02	7.862750211936901656e-02
1.221536978947959142e+03	2.436326579913538903e-01	1.601513618009252904e-01	2.572863171570827778e-01	1.549032139740072478e-01	7.425491948638601736e-02	3.105088750998058131e-02	7.872064207995047025e-02
1.223955864054786844e+03	2.432983503904277978e-01	1.599437006951734686e-01	2.575004713472906492e-01	1.550378327981884186e-01	7.431201679853235986e-02	3.109407777214559521e-02	7.881355019792796179e-02
1.226374749161614318e+03	2.429650365588732486e-01	1.597365855204772034e-01	2.577139665347589204e-01	1.551720578261016059e-01	7.436894730346386984e-02	3.113717947347795223e-02	7.890622678253340905e-02
1.228793634268442020e+03	2.426327135388204048e-01	1.595300147933371993e-01	2.579268053707878816e-01	1.553058902246625961e-01	7.442571149524951357e-02	3.118019243120081010e-02	7.899867214562773798e-02
1.231212519375269494e+03	2.423013783814856603e-01	1.593239870347173959e-01	2.581389904888260478e-01	1.554393311573142866e-01	7.448230986649216623e-02	3.122311646916847705e-02	7.909088660168209217e-02
1.233631404482097196e+03	2.419710281471396662e-01	1.591185007700267606e-01	2.583505245046418541e-01	1.555723817840371781e-01	7.453874290833302496e-02	3.126595141774958508e-02	7.918287046775808469e-02
1.236050289588924898e+03	2.416416599050757452e-01	1.589135545291008034e-01	2.585614100164940199e-01	1.557050432613600599e-01	7.459501111045610533e-02	3.130869711371254277e-02	7.927462406348687041e-02
1.238469174695752372e+03	2.413132707335782223e-01	1.587091468461837018e-01	2.587716496053005244e-01	1.558373167423705297e-01	7.465111496109258504e-02	3.135135340011324656e-02	7.936614771104735788e-02
1.240888059802580301e+03	2.409858577198911445e-01	1.585052762599100662e-01	2.589812458348058621e-01	1.559692033767255404e-01	7.470705494702521710e-02	3.139392012618490851e-02	7.945744173514342201e-02
1.243306944909407548e+03	2.406594179601870276e-01	1.583019413132871756e-01	2.591902012517469656e-01	1.561007043106618919e-01	7.476283155359270127e-02	3.143639714723004547e-02	7.954850646298033956e-02
1.245725830016235477e+03	2.403339485595356873e-01	1.580991405536771033e-01	2.593985183860177401e-01	1.562318206870066672e-01	7.481844526469406953e-02	3.147878432451453601e-02	7.963934222424029485e-02
1.248144715123063179e+03	2.400094466318734021e-01	1.578968725327792033e-01	2.596061997508317676e-01	1.563625536451876408e-01	7.487389656279301586e-02	3.152108152516364808e-02	7.972994935105734426e-02
1.250563600229890881e+03	2.396859092999720497e-01	1.576951358066124576e-01	2.598132478428839542e-01	1.564929043212437421e-01	7.492918592892221230e-02	3.156328862206008584e-02	7.982032817799147861e-02
1.252982485336718355e+03	2.393633336954085200e-01	1.574939289354980732e-01	2.600196651425102923e-01	1.566228738478353255e-01	7.498431384268766653e-02	3.160540549374393077e-02	7.991047904200221375e-02
1.255401370443546057e+03	2.390417169585341839e-01	1.572932504840423018e-01	2.602254541138462329e-01	1.567524633542544676e-01	7.503928078227296850e-02	3.164743202431443553e-02	8.000040228242143170e-02
1.257820255550373531e+03	2.387210562384446400e-01	1.570930990211190370e-01	2.604306172049838386e-01	1.568816739664352644e-01	7.509408722444366191e-02	3.168936810333369825e-02	8.009009824092583330e-02
1.260239140657201460e+03	2.384013486929493775e-01	1.568934731198529942e-01	2.606351568481271030e-01	1.570105068069642396e-01	7.514873364455144922e-02	3.173121362573205761e-02	8.017956726150875235e-02
1.262658025764028707e+03	2.380825914885418282e-01	1.566943713576026131e-01	2.608390754597458838e-01	1.571389629950902533e-01	7.520322051653849371e-02	3.177296849171531296e-02	8.026880969045160907e-02
1.265076910870856636e+03	2.377647818003694458e-01	1.564957923159431830e-01	2.610423754407284469e-01	1.572670436467348554e-01	7.525754831294163838e-02	3.181463260667355408e-02	8.035782587629486384e-02
1.267495795977684338e+03	2.374479168122039241e-01	1.562977345806502716e-01	2.612450591765322905e-01	1.573947498745024709e-01	7.531171750489665251e-02	3.185620588109172591e-02	8.044661616980862406e-02
1.269914681084511813e+03	2.371319937164115266e-01	1.561001967416830172e-01	2.614471290373338586e-01	1.575220827876903928e-01	7.536572856214245053e-02	3.189768823046178203e-02	8.053518092396287631e-02
1.272333566191339514e+03	2.368170097139236929e-01	1.559031773931675580e-01	2.616485873781764782e-01	1.576490434922988848e-01	7.541958195302531087e-02	3.193907957519644819e-02	8.062352049389748254e-02
1.274752451298167216e+03	2.365029620142076461e-01	1.557066751333807952e-01	2.618494365391168532e-01	1.577756330910412563e-01	7.547327814450305317e-02	3.198037984054449834e-02	8.071163523689176000e-02
1.277171336404994690e+03	2.361898478352372210e-01	1.555106885647339621e-01	2.620496788453701154e-01	1.579018526833538272e-01	7.552681760214917384e-02	3.202158895650761977e-02	8.079952551233388069e-02
1.279590221511822392e+03	2.358776644034637215e-01	1.553152162937564973e-01	2.622493166074537085e-01	1.580277033654059471e-01	7.558020079015709269e-02	3.206270685775865215e-02	8.088719168169015983e-02
1.282009106618650094e+03	2.355664089537870820e-01	1.551202569310799750e-01	2.624483521213292203e-01	1.581531862301098490e-01	7.563342817134426077e-02	3.210373348356140161e-02	8.097463410847392795e-02
1.284427991725477568e+03	2.352560787295270295e-01	1.549258090914221453e-01	2.626467876685434910e-01	1.582783023671306133e-01	7.568650020715628202e-02	3.214466877769176639e-02	8.106185315821441695e-02
1.286846876832305497e+03	2.349466709823944399e-01	1.547318713935710299e-01	2.628446255163673917e-01	1.584030528628960210e-01	7.573941735767106276e-02	3.218551268836031265e-02	8.114884919842545175e-02
1.289265761939132744e+03	2.346381829724628054e-01	1.545384424603692408e-01	2.630418679179342134e-01	1.585274388006064072e-01	7.579218008160289177e-02	3.222626516813616865e-02	8.123562259857397549e-02
1.291684647045960673e+03	2.343306119681398403e-01	1.543455209186981869e-01	2.632385171123758361e-01	1.586514612602444307e-01	7.584478883630658974e-02	3.226692617387226514e-02	8.132217373004856087e-02
1.294103532152788375e+03	2.340239552461391981e-01	1.541531053994626421e-01	2.634345753249577315e-01	1.587751213185848442e-01	7.589724407778151993e-02	3.230749566663188022e-02	8.140850296612783810e-02
1.296522417259616077e+03	2.337182100914524385e-01	1.539611945375752855e-01	2.636300447672125236e-01	1.588984200492043197e-01	7.594954626067573766e-02	3.234797361161643320e-02	8.149461068194888136e-02
1.298941302366443551e+03	2.334133737973209111e-01	1.537697869719412691e-01	2.638249276370724372e-01	1.590213585224910520e-01	7.600169583828997322e-02	3.238835997809451361e-02	8.158049725447547029e-02
1.301360187473271253e+03	2.331094436652079716e-01	1.535788813454429247e-01	2.640192261189998613e-01	1.591439378056544174e-01	7.605369326258172580e-02	3.242865473933215920e-02	8.166616306246649026e-02
1.303779072580098727e+03	2.328064170047712267e-01	1.533884763049247757e-01	2.642129423841169111e-01	1.592661589627347440e-01	7.610553898416927421e-02	3.246885787252432043e-02	8.175160848644424938e-02
1.306197957686926657e+03	2.325042911338348894e-01	1.531985705011783827e-01	2.644060785903334376e-01	1.593880230546128041e-01	7.615723345233567365e-02	3.250896935872744226e-02	8.183683390866283713e-02
1.308616842793753904e+03	2.322030633783623566e-01	1.530091625889272722e-01	2.645986368824738144e-01	1.595095311390193615e-01	7.620877711503284968e-02	3.254898918279323927e-02	8.192183971307658019e-02
1.311035727900581833e+03	2.319027310724287305e-01	1.528202512268122260e-01	2.647906193924021157e-01	1.596306842705448592e-01	7.626017041888547010e-02	3.258891733330358115e-02	8.200662628530848430e-02
1.313454613007409534e+03	2.316032915581937301e-01	1.526318350773764321e-01	2.649820282391462944e-01	1.597514835006488276e-01	7.631141380919498340e-02	3.262875380250644664e-02	8.209119401261875948e-02
1.315873498114237009e+03	2.313047421858744901e-01	1.524439128070508020e-01	2.651728655290207515e-01	1.598719298776693498e-01	7.636250772994358782e-02	3.266849858625297393e-02	8.217554328387351170e-02
1.318292383221064711e+03	2.310070803137186102e-01	1.522564830861393992e-01	2.653631333557476824e-01	1.599920244468326092e-01	7.641345262379818648e-02	3.270815168393555877e-02	8.225967448951340688e-02
1.320711268327892412e+03	2.307103033079773158e-01	1.520695445888048947e-01	2.655528338005771483e-01	1.601117682502621875e-01	7.646424893211431484e-02	3.274771309842694489e-02	8.234358802152259849e-02
1.323130153434719887e+03	2.304144085428786182e-01	1.518830959930542179e-01	2.657419689324059253e-01	1.602311623269886132e-01	7.651489709494005420e-02	3.278718283602038291e-02	8.242728427339762742e-02
1.325549038541547588e+03	2.301193934006007802e-01	1.516971359807242070e-01	2.659305408078945221e-01	1.603502077129584924e-01	7.656539755101998690e-02	3.282656090637076779e-02	8.251076364011661335e-02
1.327967923648375290e+03	2.298252552712458652e-01	1.515116632374673700e-01	2.661185514715839195e-01	1.604689054410440296e-01	7.661575073779909595e-02	3.286584732243667123e-02	8.259402651810843210e-02
1.330386808755202765e+03	2.295319915528131194e-01	1.513266764527378128e-01	2.663060029560100905e-01	1.605872565410522146e-01	7.666595709142659532e-02	3.290504210042342198e-02	8.267707330522217068e-02
1.332805693862030694e+03	2.292395996511730205e-01	1.511421743197770284e-01	2.664928972818175756e-01	1.607052620397341480e-01	7.671601704675988509e-02	3.294414525972704649e-02	8.275990440069670717e-02
1.335224578968857941e+03	2.289480769800409099e-01	1.509581555356001026e-01	2.666792364578720598e-01	1.608229229607941735e-01	7.676593103736836787e-02	3.298315682287919492e-02	8.284252020513044323e-02
1.337643464075685870e+03	2.286574209609510411e-01	1.507746188009818078e-01	2.668650224813716165e-01	1.609402403248992863e-01	7.681569949553734844e-02	3.302207681549286511e-02	8.292492112045128649e-02
1.340062349182513572e+03	2.283676290232306283e-01	1.505915628204426704e-01	2.670502573379562872e-01	1.610572151496880711e-01	7.686532285227182237e-02	3.306090526620908410e-02	8.300710754988673001e-02
1.342481234289341273e+03	2.280786986039740893e-01	1.504089863022354256e-01	2.672349430018168270e-01	1.611738484497799995e-01	7.691480153730032021e-02	3.309964220664441542e-02	8.308907989793420934e-02
1.344900119396168748e+03	2.277906271480172884e-01	1.502268879583312511e-01	2.674190814358026191e-01	1.612901412367844234e-01	7.696413597907875159e-02	3.313828767133932679e-02	8.317083857033158445e-02
1.347319004502996449e+03	2.275034121079120841e-01	1.500452665044063605e-01	2.676026745915275340e-01	1.614060945193097618e-01	7.701332660479419390e-02	3.317684169770738351e-02	8.325238397402794088e-02
1.349737889609823924e+03	2.272170509439007391e-01	1.498641206598284314e-01	2.677857244094751232e-01	1.615217093029725215e-01	7.706237384036869476e-02	3.321530432598524679e-02	8.333371651715450190e-02
1.352156774716651853e+03	2.269315411238906621e-01	1.496834491476432827e-01	2.679682328191027585e-01	1.616369865904062619e-01	7.711127811046301905e-02	3.325367559918347010e-02	8.341483660899583208e-02
1.354575659823479100e+03	2.266468801234290675e-01	1.495032506945614681e-01	2.681502017389442716e-01	1.617519273812707270e-01	7.716003983848045145e-02	3.329195556303810033e-02	8.349574465996122130e-02
1.356994544930307029e+03	2.263630654256779673e-01	1.493235240309452594e-01	2.683316330767116509e-01	1.618665326722605879e-01	7.720865944657055724e-02	3.333014426596299373e-02	8.357644108155633245e-02
1.359413430037134731e+03	2.260800945213890245e-01	1.491442678907953234e-01	2.685125287293954055e-01	1.619808034571146305e-01	7.725713735563290163e-02	3.336824175900297840e-02	8.365692628635507111e-02
1.361832315143962205e+03	2.257979649088787955e-01	1.489654810117377604e-01	2.686928905833641523e-01	1.620947407266244977e-01	7.730547398532081060e-02	3.340624809578766202e-02	8.373720068797167737e-02
1.364251200250789907e+03	2.255166740940038328e-01	1.487871621350109752e-01	2.688727205144627597e-01	1.622083454686435444e-01	7.735366975404507628e-02	3.344416333248601686e-02	8.381726470103313675e-02
1.366670085357617609e+03	2.252362195901359276e-01	1.486093100054529936e-01	2.690520203881095473e-01	1.623216186680958295e-01	7.740172507897766230e-02	3.348198752776168630e-02	8.389711874115167445e-02
1.369088970464445310e+03	2.249565989181376569e-01	1.484319233714883890e-01	2.692307920593923209e-01	1.624345613069848038e-01	7.744964037605539531e-02	3.351972074272895757e-02	8.397676322489776302e-02
1.371507855571272785e+03	2.246778096063377639e-01	1.482550009851157091e-01	2.694090373731633514e-01	1.625471743644021638e-01	7.749741605998369809e-02	3.355736304090945615e-02	8.405619856977308846e-02
1.373926740678100487e+03	2.243998491905069281e-01	1.480785416018947087e-01	2.695867581641332444e-01	1.626594588165366506e-01	7.754505254424021166e-02	3.359491448818949927e-02	8.413542519418393262e-02
1.376345625784927961e+03	2.241227152138333401e-01	1.479025439809337483e-01	2.697639562569640326e-01	1.627714156366826259e-01	7.759255024107850063e-02	3.363237515277810868e-02	8.421444351741483314e-02
1.378764510891755890e+03	2.238464052268986371e-01	1.477270068848772488e-01	2.699406334663606022e-01	1.628830457952489541e-01	7.763990956153166145e-02	3.366974510516569652e-02	8.429325395960245160e-02
1.381183395998583137e+03	2.235709167876537284e-01	1.475519290798932015e-01	2.701167915971616762e-01	1.629943502597675509e-01	7.768713091541601390e-02	3.370702441808337557e-02	8.437185694170967754e-02
1.383602281105411066e+03	2.232962474613949533e-01	1.473773093356608443e-01	2.702924324444295756e-01	1.631053299949021262e-01	7.773421471133470928e-02	3.374421316646290803e-02	8.445025288550003784e-02
1.386021166212238768e+03	2.230223948207401830e-01	1.472031464253583388e-01	2.704675577935389263e-01	1.632159859624567610e-01	7.778116135668132480e-02	3.378131142739725784e-02	8.452844221351238363e-02
1.388440051319066470e+03	2.227493564456049235e-01	1.470294391256504463e-01	2.706421694202642558e-01	1.633263191213844834e-01	7.782797125764348567e-02	3.381831928010178845e-02	8.460642534903575762e-02
1.390858936425893944e+03	2.224771299231788624e-01	1.468561862166764265e-01	2.708162690908668679e-01	1.634363304277958451e-01	7.787464481920644555e-02	3.385523680587601558e-02	8.468420271608463612e-02
1.393277821532721646e+03	2.222057128479021371e-01	1.466833864820378808e-01	2.709898585621804967e-01	1.635460208349675537e-01	7.792118244515673642e-02	3.389206408806596377e-02	8.476177473937439311e-02
1.395696706639549120e+03	2.219351028214419097e-01	1.465110387087866228e-01	2.711629395816960164e-01	1.636553912933507715e-01	7.796758453808567968e-02	3.392880121202711957e-02	8.483914184429698635e-02
1.398115591746377049e+03	2.216652974526690245e-01	1.463391416874129380e-01	2.713355138876454853e-01	1.637644427505798306e-01	7.801385149939293884e-02	3.396544826508792608e-02	8.491630445689694884e-02
1.400534476853204296e+03	2.213962943576347764e-01	1.461676942118334543e-01	2.715075832090847463e-01	1.638731761514804763e-01	7.805998372929012774e-02	3.400200533651383250e-02	8.499326300384771327e-02
1.402953361960032225e+03	2.211280911595475684e-01	1.459966950793794016e-01	2.716791492659753615e-01	1.639815924380784717e-01	7.810598162680432166e-02	3.403847251747193353e-02	8.507001791242806144e-02
1.405372247066859927e+03	2.208606854887500692e-01	1.458261430907847878e-01	2.718502137692657139e-01	1.640896925496079239e-01	7.815184558978152674e-02	3.407484990099609451e-02	8.514656961049894834e-02
1.407791132173687402e+03	2.205940749826960090e-01	1.456560370501747692e-01	2.720207784209710544e-01	1.641974774225196665e-01	7.819757601489030208e-02	3.411113758195263856e-02	8.522291852648058996e-02
1.410210017280515103e+03	2.203282572859274480e-01	1.454863757650539935e-01	2.721908449142524389e-01	1.643049479904895582e-01	7.824317329762520146e-02	3.414733565700657503e-02	8.529906508932975917e-02
1.412628902387342805e+03	2.200632300500518779e-01	1.453171580462948587e-01	2.723604149334953872e-01	1.644121051844268377e-01	7.828863783231029827e-02	3.418344422458827886e-02	8.537500972851738701e-02
1.415047787494170507e+03	2.197989909337196013e-01	1.451483827081262168e-01	2.725294901543867665e-01	1.645189499324825055e-01	7.833397001210264110e-02	3.421946338486073907e-02	8.545075287400644148e-02
1.417466672600997981e+03	2.195355376026010552e-01	1.449800485681217721e-01	2.726980722439916738e-01	1.646254831600574287e-01	7.837917022899576480e-02	3.425539323968725125e-02	8.552629495623004230e-02
1.419885557707825683e+03	2.192728677293642736e-01	1.448121544471888122e-01	2.728661628608285983e-01	1.647317057898107229e-01	7.842423887382310443e-02	3.429123389259964433e-02	8.560163640606983926e-02
1.422304442814653157e+03	2.190109789936525719e-01	1.446446991695567175e-01	2.730337636549445834e-01	1.648376187416679128e-01	7.846917633626147859e-02	3.432698544876696539e-02	8.567677765483470986e-02
1.424723327921481086e+03	2.187498690820622038e-01	1.444776815627658584e-01	2.732008762679890568e-01	1.649432229328290367e-01	7.851398300483457271e-02	3.436264801496462934e-02	8.575171913423963732e-02
1.427142213028308333e+03	2.184895356881199069e-01	1.443111004576563272e-01	2.733675023332865495e-01	1.650485192777769727e-01	7.855865926691628365e-02	3.439822169954404735e-02	8.582646127638493549e-02
1.429561098135136262e+03	2.182299765122610868e-01	1.441449546883566690e-01	2.735336434759092494e-01	1.651535086882854886e-01	7.860320550873421686e-02	3.443370661240269942e-02	8.590100451373559876e-02
1.431979983241963964e+03	2.179711892618074187e-01	1.439792430922730571e-01	2.736993013127483332e-01	1.652581920734273180e-01	7.864762211537304482e-02	3.446910286495467879e-02	8.597534927910109592e-02
1.434398868348791666e+03	2.177131716509451975e-01	1.438139645100780240e-01	2.738644774525845205e-01	1.653625703395822932e-01	7.869190947077790710e-02	3.450441057010165263e-02	8.604949600561531686e-02
1.436817753455619140e+03	2.174559214007030783e-01	1.436491177856996371e-01	2.740291734961578518e-01	1.654666443904454221e-01	7.873606795775786593e-02	3.453962984220427385e-02	8.612344512671672725e-02
1.439236638562446842e+03	2.171994362389306210e-01	1.434847017663105073e-01	2.741933910362366889e-01	1.655704151270348812e-01	7.878009795798919523e-02	3.457476079705403688e-02	8.619719707612891191e-02
1.441655523669274316e+03	2.169437139002764192e-01	1.433207153023169922e-01	2.743571316576858821e-01	1.656738834477000100e-01	7.882399985201879455e-02	3.460980355184550827e-02	8.627075228784122918e-02
1.444074408776102018e+03	2.166887521261663674e-01	1.431571572473483711e-01	2.745203969375341613e-01	1.657770502481293873e-01	7.886777401926758913e-02	3.464475822514901521e-02	8.634411119608983998e-02
1.446493293882929493e+03	2.164345486647824279e-01	1.429940264582461040e-01	2.746831884450410821e-01	1.658799164213586586e-01	7.891142083803379115e-02	3.467962493688375031e-02	8.641727423533893115e-02
1.448912178989757422e+03	2.161811012710408986e-01	1.428313217950531733e-01	2.748455077417624737e-01	1.659824828577785572e-01	7.895494068549628597e-02	3.471440380829121652e-02	8.649024184026213313e-02
1.451331064096585123e+03	2.159284077065711238e-01	1.426690421210034254e-01	2.750073563816159417e-01	1.660847504451427870e-01	7.899833393771793499e-02	3.474909496190915770e-02	8.656301444572434001e-02
1.453749949203412370e+03	2.156764657396942342e-01	1.425071863025109964e-01	2.751687359109451503e-01	1.661867200685759327e-01	7.904160096964893412e-02	3.478369852154580139e-02	8.663559248676358515e-02
1.456168834310240300e+03	2.154252731454019132e-01	1.423457532091599032e-01	2.753296478685837156e-01	1.662883926105812593e-01	7.908474215513007499e-02	3.481821461225451109e-02	8.670797639857329153e-02
1.458587719417068001e+03	2.151748277053353864e-01	1.421847417136933578e-01	2.754900937859176557e-01	1.663897689510485944e-01	7.912775786689608959e-02	3.485264336030883398e-02	8.678016661648475794e-02
1.461006604523895703e+03	2.149251272077641328e-01	1.420241506920035812e-01	2.756500751869482846e-01	1.664908499672620723e-01	7.917064847657886983e-02	3.488698489317791640e-02	8.685216357594978398e-02
1.463425489630723177e+03	2.146761694475652349e-01	1.418639790231213671e-01	2.758095935883532190e-01	1.665916365339080440e-01	7.921341435471081216e-02	3.492123933950225939e-02	8.692396771252366983e-02
1.465844374737550879e+03	2.144279522262023119e-01	1.417042255892057290e-01	2.759686504995476630e-01	1.666921295230826827e-01	7.925605587072802327e-02	3.495540682906985580e-02	8.699557946184835466e-02
1.468263259844378354e+03	2.141804733517047588e-01	1.415448892755337140e-01	2.761272474227441931e-01	1.667923298042998381e-01	7.929857339297360919e-02	3.498948749279270909e-02	8.706699925963579112e-02
1.470682144951206283e+03	2.139337306386471516e-01	1.413859689704901612e-01	2.762853858530124329e-01	1.668922382444986419e-01	7.934096728870095039e-02	3.502348146268360884e-02	8.713822754165166662e-02
1.473101030058033530e+03	2.136877219081284307e-01	1.412274635655575705e-01	2.764430672783377840e-01	1.669918557080513344e-01	7.938323792407687984e-02	3.505738887183339897e-02	8.720926474369919412e-02
1.475519915164861459e+03	2.134424449877515007e-01	1.410693719553060277e-01	2.766002931796797126e-01	1.670911830567707868e-01	7.942538566418491652e-02	3.509120985438842627e-02	8.728011130160320818e-02
1.477938800271689161e+03	2.131978977116026630e-01	1.409116930373831289e-01	2.767570650310289815e-01	1.671902211499182167e-01	7.946741087302851281e-02	3.512494454552844009e-02	8.735076765119455244e-02
1.480357685378516862e+03	2.129540779202313272e-01	1.407544257125040166e-01	2.769133842994647710e-01	1.672889708442107659e-01	7.950931391353427413e-02	3.515859308144476253e-02	8.742123422829455037e-02
1.482776570485344337e+03	2.127109834606296102e-01	1.405975688844414151e-01	2.770692524452106342e-01	1.673874329938291328e-01	7.955109514755508149e-02	3.519215559931879872e-02	8.749151146869980911e-02
