1.001418434226643626e+03	2.786682910269103197e-01	1.815106262974615636e-01	2.346163928818392197e-01	1.408296187239008179e-01	6.828992072952624892e-02	2.680911887988462680e-02	6.927603146016389490e-02
1.003837319333471214e+03	2.782307928693125709e-01	1.812457585239604929e-01	2.349043367285776618e-01	1.410053109557568574e-01	6.836441498840603592e-02	2.685821272237382332e-02	6.939117321129917304e-02
1.006256204440298802e+03	2.777945949404907466e-01	1.809815964579911951e-01	2.351912840739392718e-01	1.411804887131855590e-01	6.843869122464960042e-02	2.690729040117117998e-02	6.950605418825905879e-02
1.008675089547126618e+03	2.773596933242331586e-01	1.807181381036871426e-01	2.354772398813269885e-01	1.413551535111841895e-01	6.851275009385889014e-02	2.695634994741853002e-02	6.962067513797770557e-02
1.011093974653954206e+03	2.769260841169363663e-01	1.804553814719098426e-01	2.357622090862693809e-01	1.415293068611709892e-01	6.858659224868061954e-02	2.700538944030322561e-02	6.973503677441619808e-02
1.013512859760782021e+03	2.764937634275579925e-01	1.801933245802203876e-01	2.360461965961144215e-01	1.417029502709020450e-01	6.866021833891200465e-02	2.705440700575868079e-02	6.984913978022107284e-02
1.015931744867609382e+03	2.760627273775699830e-01	1.799319654528508117e-01	2.363292072897511531e-01	1.418760852443975151e-01	6.873362901159670024e-02	2.710340081520679067e-02	6.996298480831368571e-02
1.018350629974437197e+03	2.756329721009113665e-01	1.796713021206758354e-01	2.366112460173571963e-01	1.420487132818764320e-01	6.880682491111211885e-02	2.715236908434066551e-02	7.007657248341300771e-02
1.020769515081264785e+03	2.752044937439421246e-01	1.794113326211838333e-01	2.368923176001717090e-01	1.422208358796990813e-01	6.887980667924881173e-02	2.720131007194633022e-02	7.018990340349466617e-02
1.023188400188092373e+03	2.747772884653965630e-01	1.791520549984484123e-01	2.371724268302919658e-01	1.423924545303164313e-01	6.895257495528264724e-02	2.725022207876192162e-02	7.030297814118860456e-02
1.025607285294920075e+03	2.743513524363369038e-01	1.788934673030995182e-01	2.374515784704928356e-01	1.425635707222258353e-01	6.902513037604063317e-02	2.729910344637315536e-02	7.041579724511765059e-02
1.028026170401747549e+03	2.739266818401073778e-01	1.786355675922947639e-01	2.377297772540681309e-01	1.427341859399321733e-01	6.909747357596085493e-02	2.734795255614369189e-02	7.052836124117958794e-02
1.030445055508575479e+03	2.735032728722879281e-01	1.783783539296905918e-01	2.380070278846925513e-01	1.429043016639143238e-01	6.916960518714718176e-02	2.739676782817923248e-02	7.064067063377471589e-02
1.032863940615402726e+03	2.730811217406488578e-01	1.781218243854134908e-01	2.382833350363034730e-01	1.430739193705961310e-01	6.924152583941919903e-02	2.744554772032414824e-02	7.075272590698117314e-02
1.035282825722230655e+03	2.726602246651048111e-01	1.778659770360312975e-01	2.385587033530015555e-01	1.432430405323213973e-01	6.931323616035789392e-02	2.749429072718947986e-02	7.086452752567998226e-02
1.037701710829058356e+03	2.722405778776693097e-01	1.776108099645243577e-01	2.388331374489692238e-01	1.434116666173328447e-01	6.938473677534741368e-02	2.754299537921123600e-02	7.097607593663188275e-02
1.040120595935886058e+03	2.718221776224095665e-01	1.773563212602569106e-01	2.391066419084064143e-01	1.435797990897542398e-01	6.945602830761328506e-02	2.759166024173790796e-02	7.108737156950788172e-02
1.042539481042713533e+03	2.714050201554010777e-01	1.771025090189481954e-01	2.393792212854821966e-01	1.437474394095757391e-01	6.952711137825758059e-02	2.764028391414620478e-02	7.119841483787515968e-02
1.044958366149541234e+03	2.709891017446826589e-01	1.768493713426439184e-01	2.396508801043023551e-01	1.439145890326418153e-01	6.959798660629110123e-02	2.768886502898398536e-02	7.130920614014034375e-02
1.047377251256368709e+03	2.705744186702114806e-01	1.765969063396876648e-01	2.399216228588911815e-01	1.440812494106416541e-01	6.966865460866306092e-02	2.773740225113950977e-02	7.141974586045164719e-02
1.049796136363196410e+03	2.701609672238184379e-01	1.763451121246922271e-01	2.401914540131875331e-01	1.442474219911018818e-01	6.973911600028841196e-02	2.778589427703602455e-02	7.153003436956163752e-02
1.052215021470024112e+03	2.697487437091634077e-01	1.760939868185112667e-01	2.404603780010541592e-01	1.444131082173813196e-01	6.980937139407299152e-02	2.783433983385084909e-02	7.164007202565214616e-02
1.054633906576851814e+03	2.693377444416910627e-01	1.758435285482106425e-01	2.407283992262994055e-01	1.445783095286673481e-01	6.987942140093685028e-02	2.788273767875809259e-02	7.174985917512274880e-02
1.057052791683679516e+03	2.689279657485863506e-01	1.755937354470403222e-01	2.409955220627110484e-01	1.447430273599740747e-01	6.994926662983577681e-02	2.793108659819422412e-02	7.185939615334435704e-02
1.059471676790506763e+03	2.685194039687304746e-01	1.753446056544059328e-01	2.412617508541014533e-01	1.449072631421419732e-01	7.001890768778136487e-02	2.797938540714565644e-02	7.196868328537935067e-02
1.061890561897334692e+03	2.681120554526569277e-01	1.750961373158406165e-01	2.415270899143634742e-01	1.450710183018385502e-01	7.008834517985949863e-02	2.802763294845761130e-02	7.207772088666944410e-02
1.064309447004162394e+03	2.677059165625079729e-01	1.748483285829769696e-01	2.417915435275364566e-01	1.452342942615607313e-01	7.015757970924776932e-02	2.807582809216358638e-02	7.218650926369270249e-02
1.066728332110990095e+03	2.673009836719905108e-01	1.746011776135189542e-01	2.420551159478819825e-01	1.453970924396376929e-01	7.022661187723154563e-02	2.812396973483460849e-02	7.229504871459088711e-02
1.069147217217817570e+03	2.668972531663330039e-01	1.743546825712141146e-01	2.423178113999687189e-01	1.455594142502351918e-01	7.029544228321914223e-02	2.817205679894771442e-02	7.240333952976828191e-02
1.071566102324645271e+03	2.664947214422420663e-01	1.741088416258256832e-01	2.425796340787658156e-01	1.457212611033603944e-01	7.036407152475596116e-02	2.822008823227293087e-02	7.251138199246331961e-02
1.073984987431472746e+03	2.660933849078593871e-01	1.738636529531048802e-01	2.428405881497444629e-01	1.458826344048676227e-01	7.043250019753782842e-02	2.826806300727815677e-02	7.261917637929378444e-02
1.076403872538300675e+03	2.656932399827189317e-01	1.736191147347633801e-01	2.431006777489872206e-01	1.460435355564647653e-01	7.050072889542342847e-02	2.831598012055133382e-02	7.272672296077703491e-02
1.078822757645127922e+03	2.652942830977037536e-01	1.733752251584458892e-01	2.433599069833045636e-01	1.462039659557202997e-01	7.056875821044628072e-02	2.836383859223932588e-02	7.283402200182588493e-02
1.081241642751955851e+03	2.648965106950038062e-01	1.731319824177027233e-01	2.436182799303581725e-01	1.463639269960709810e-01	7.063658873282581407e-02	2.841163746550292094e-02	7.294107376222150330e-02
1.083660527858783553e+03	2.644999192280734213e-01	1.728893847119625238e-01	2.438758006387906629e-01	1.465234200668298348e-01	7.070422105097808052e-02	2.845937580598748018e-02	7.304787849706384506e-02
1.086079412965611255e+03	2.641045051615888983e-01	1.726474302465053901e-01	2.441324731283614768e-01	1.466824465531947064e-01	7.077165575152581656e-02	2.850705270130860294e-02	7.315443645720094701e-02
1.088498298072438729e+03	2.637102649714065383e-01	1.724061172324356239e-01	2.443883013900883805e-01	1.468410078362571980e-01	7.083889341930803274e-02	2.855466726055241877e-02	7.326074788963757300e-02
1.090917183179266431e+03	2.633171951445207881e-01	1.721654438866551118e-01	2.446432893863941804e-01	1.469991052930119946e-01	7.090593463738929791e-02	2.860221861378993077e-02	7.336681303792436104e-02
1.093336068286093905e+03	2.629252921790225517e-01	1.719254084318364850e-01	2.448974410512586852e-01	1.471567402963663840e-01	7.097277998706848223e-02	2.864970591160501470e-02	7.347263214252802710e-02
1.095754953392921607e+03	2.625345525840575567e-01	1.716860090963966412e-01	2.451507602903749139e-01	1.473139142151501657e-01	7.103943004788722260e-02	2.869712832463554644e-02	7.357820544118354178e-02
1.098173838499749309e+03	2.621449728797849432e-01	1.714472441144702097e-01	2.454032509813100504e-01	1.474706284141258927e-01	7.110588539763809668e-02	2.874448504312729358e-02	7.368353316922900131e-02
1.100592723606577010e+03	2.617565495973364076e-01	1.712091117258832951e-01	2.456549169736703675e-01	1.476268842539990578e-01	7.117214661237242224e-02	2.879177527650011656e-02	7.378861555992381749e-02
1.103011608713404712e+03	2.613692792787747354e-01	1.709716101761273865e-01	2.459057620892696749e-01	1.477826830914286960e-01	7.123821426640786214e-02	2.883899825292607008e-02	7.389345284475103137e-02
1.105430493820231959e+03	2.609831584770535007e-01	1.707347377163332125e-01	2.461557901223015432e-01	1.479380262790381539e-01	7.130408893233575185e-02	2.888615321891903343e-02	7.399804525370430597e-02
1.107849378927059888e+03	2.605981837559758763e-01	1.704984926032449555e-01	2.464050048395147463e-01	1.480929151654258868e-01	7.136977118102824647e-02	2.893323943893547773e-02	7.410239301556027780e-02
1.110268264033887590e+03	2.602143516901548326e-01	1.702628730991944672e-01	2.466534099803915359e-01	1.482473510951765328e-01	7.143526158164521800e-02	2.898025619498603017e-02	7.420649635813689193e-02
1.112687149140715292e+03	2.598316588649722814e-01	1.700278774720757613e-01	2.469010092573287463e-01	1.484013354088719039e-01	7.150056070164099997e-02	2.902720278625744998e-02	7.431035550853828942e-02
1.115106034247542766e+03	2.594501018765394962e-01	1.697935039953195058e-01	2.471478063558217031e-01	1.485548694431023109e-01	7.156566910677092386e-02	2.907407852874471441e-02	7.441397069338673287e-02
1.117524919354370468e+03	2.590696773316568113e-01	1.695597509478678211e-01	2.473938049346499357e-01	1.487079545304778594e-01	7.163058736109782776e-02	2.912088275489286768e-02	7.451734213904226412e-02
1.119943804461197942e+03	2.586903818477742645e-01	1.693266166141489670e-01	2.476390086260653878e-01	1.488605919996397464e-01	7.169531602699825978e-02	2.916761481324833816e-02	7.462047007181041303e-02
1.122362689568025871e+03	2.583122120529517951e-01	1.690940992840525015e-01	2.478834210359825707e-01	1.490127831752716681e-01	7.175985566516862590e-02	2.921427406811939048e-02	7.472335471813873475e-02
1.124781574674853118e+03	2.579351645858201092e-01	1.688621972529044113e-01	2.481270457441701882e-01	1.491645293781115045e-01	7.182420683463131006e-02	2.926085989924545952e-02	7.482599630480230024e-02
1.127200459781681047e+03	2.575592360955414883e-01	1.686309088214423546e-01	2.483698863044445093e-01	1.493158319249625332e-01	7.188837009274053058e-02	2.930737170147503998e-02	7.492839505907883391e-02
1.129619344888508749e+03	2.571844232417706544e-01	1.684002322957912079e-01	2.486119462448640460e-01	1.494666921287052808e-01	7.195234599518819663e-02	2.935380888445192696e-02	7.503055120891397034e-02
1.132038229995336451e+03	2.568107226946161892e-01	1.681701659874386412e-01	2.488532290679255077e-01	1.496171112983089579e-01	7.201613509600968133e-02	2.940017087230945361e-02	7.513246498307687982e-02
1.134457115102163925e+03	2.564381311346019543e-01	1.679407082132107765e-01	2.490937382507607267e-01	1.497670907388430617e-01	7.207973794758941455e-02	2.944645710337255931e-02	7.523413661130677610e-02
1.136876000208991627e+03	2.560666452526285664e-01	1.677118572952482622e-01	2.493334772453347226e-01	1.499166317514890323e-01	7.214315510066654502e-02	2.949266702986740041e-02	7.533556632445072287e-02
1.139294885315819101e+03	2.556962617499351498e-01	1.674836115609822651e-01	2.495724494786442371e-01	1.500657356335519110e-01	7.220638710434038043e-02	2.953880011763827113e-02	7.543675435459303025e-02
1.141713770422646803e+03	2.553269773380614782e-01	1.672559693431106553e-01	2.498106583529170477e-01	1.502144036784719139e-01	7.226943450607589692e-02	2.958485584587162293e-02	7.553770093517667150e-02
1.144132655529474505e+03	2.549587887388098384e-01	1.670289289795743037e-01	2.500481072458120013e-01	1.503626371758360336e-01	7.233229785170910975e-02	2.963083370682692216e-02	7.563840630111699770e-02
1.146551540636302207e+03	2.545916926842077821e-01	1.668024888135338779e-01	2.502847995106190493e-01	1.505104374113897525e-01	7.239497768545236078e-02	2.967673320557422112e-02	7.573887068890818031e-02
1.148970425743129908e+03	2.542256859164701011e-01	1.665766471933461668e-01	2.505207384764598921e-01	1.506578056670486443e-01	7.245747454989961978e-02	2.972255385973813363e-02	7.583909433672263167e-02
1.151389310849957155e+03	2.538607651879619120e-01	1.663514024725410712e-01	2.507559274484886247e-01	1.508047432209099481e-01	7.251978898603177182e-02	2.976829519924808695e-02	7.593907748450368089e-02
1.153808195956785084e+03	2.534969272611614088e-01	1.661267530097986223e-01	2.509903697080926310e-01	1.509512513472641426e-01	7.258192153322171047e-02	2.981395676609464515e-02	7.603882037405190752e-02
1.156227081063612786e+03	2.531341689086230584e-01	1.659026971689259722e-01	2.512240685130930351e-01	1.510973313166065479e-01	7.264387272923951422e-02	2.985953811409169933e-02	7.613832324910529969e-02
1.158645966170440488e+03	2.527724869129404084e-01	1.656792333188346900e-01	2.514570270979455402e-01	1.512429843956488995e-01	7.270564311025755344e-02	2.990503880864438246e-02	7.623758635541358353e-02
1.161064851277267962e+03	2.524118780667100603e-01	1.654563598335183350e-01	2.516892486739407686e-01	1.513882118473308391e-01	7.276723321085554197e-02	2.995045842652250406e-02	7.633660994080701534e-02
1.163483736384095664e+03	2.520523391724949214e-01	1.652340750920297807e-01	2.519207364294042129e-01	1.515330149308314889e-01	7.282864356402556083e-02	2.999579655563935909e-02	7.643539425525973374e-02
1.165902621490923138e+03	2.516938670427880664e-01	1.650123774784590935e-01	2.521514935298961313e-01	1.516773949015809142e-01	7.288987470117705425e-02	3.004105279483574448e-02	7.653393955094808798e-02
1.168321506597751068e+03	2.513364584999767115e-01	1.647912653819113560e-01	2.523815231184106667e-01	1.518213530112715037e-01	7.295092715214178403e-02	3.008622675366903754e-02	7.663224608230408130e-02
1.170740391704578315e+03	2.509801103763062979e-01	1.645707371964847121e-01	2.526108283155746315e-01	1.519648905078695156e-01	7.301180144517877002e-02	3.013131805220717330e-02	7.673031410606410974e-02
1.173159276811406244e+03	2.506248195138447987e-01	1.643507913212484406e-01	2.528394122198455163e-01	1.521080086356264016e-01	7.307249810697913350e-02	3.017632632082738880e-02	7.682814388131341266e-02
1.175578161918233945e+03	2.502705827644475245e-01	1.641314261602213609e-01	2.530672779077092205e-01	1.522507086350902150e-01	7.313301766267105153e-02	3.022125120001958529e-02	7.692573566952613795e-02
1.177997047025061647e+03	2.499173969897212078e-01	1.639126401223502394e-01	2.532944284338763397e-01	1.523929917431170178e-01	7.319336063582454477e-02	3.026609234019419364e-02	7.702308973460146591e-02
1.180415932131889122e+03	2.495652590609893362e-01	1.636944316214883621e-01	2.535208668314787306e-01	1.525348591928820663e-01	7.325352754845630698e-02	3.031084940149437329e-02	7.712020634289583343e-02
1.182834817238716823e+03	2.492141658592569031e-01	1.634767990763743295e-01	2.537465961122640223e-01	1.526763122138911632e-01	7.331351892103452061e-02	3.035552205361246800e-02	7.721708576325161943e-02
1.185253702345544298e+03	2.488641142751757407e-01	1.632597409106108510e-01	2.539716192667901273e-01	1.528173520319919543e-01	7.337333527248358911e-02	3.040010997561058345e-02	7.731372826702213874e-02
1.187672587452371999e+03	2.485151012090097145e-01	1.630432555526439564e-01	2.541959392646188087e-01	1.529579798693850023e-01	7.343297712018892476e-02	3.044461285574512344e-02	7.741013412809345795e-02
1.190091472559199701e+03	2.481671235706004175e-01	1.628273414357419013e-01	2.544195590545075825e-01	1.530981969446351398e-01	7.349244498000162551e-02	3.048903039129523956e-02	7.750630362290301945e-02
1.192510357666027403e+03	2.478201782793328645e-01	1.626119969979747393e-01	2.546424815646012307e-01	1.532380044726825152e-01	7.355173936624322117e-02	3.053336228839505923e-02	7.760223703045525390e-02
1.194929242772855105e+03	2.474742622641012413e-01	1.623972206821936159e-01	2.548647097026222053e-01	1.533774036648536676e-01	7.361086079171035024e-02	3.057760826186954606e-02	7.769793463233430619e-02
1.197348127879682352e+03	2.471293724632749877e-01	1.621830109360103134e-01	2.550862463560595872e-01	1.535163957288727121e-01	7.366980976767939504e-02	3.062176803507396516e-02	7.779339671271399970e-02
1.199767012986510281e+03	2.467855058246651023e-01	1.619693662117772381e-01	2.553070943923570479e-01	1.536549818688722757e-01	7.372858680391115860e-02	3.066584133973679349e-02	7.788862355836535800e-02
1.202185898093337983e+03	2.464426593054904469e-01	1.617562849665669655e-01	2.555272566590998662e-01	1.537931632854046826e-01	7.378719240865545814e-02	3.070982791580600599e-02	7.798361545866150379e-02
1.204604783200165684e+03	2.461008298723442456e-01	1.615437656621524776e-01	2.557467359842008348e-01	1.539309411754526680e-01	7.384562708865574643e-02	3.075372751129864385e-02	7.807837270558028175e-02
1.207023668306993159e+03	2.457600145011609172e-01	1.613318067649871512e-01	2.559655351760842801e-01	1.540683167324404801e-01	7.390389134915373304e-02	3.079753988215356772e-02	7.817289559370471652e-02
1.209442553413820860e+03	2.454202101771828792e-01	1.611204067461851908e-01	2.561836570238695265e-01	1.542052911462448439e-01	7.396198569389386690e-02	3.084126479208731259e-02	7.826718442022129185e-02
1.211861438520648335e+03	2.450814138949274634e-01	1.609095640815018935e-01	2.564011042975527510e-01	1.543418656032056469e-01	7.401991062512792985e-02	3.088490201245297148e-02	7.836123948491627300e-02
1.214280323627476264e+03	2.447436226581543306e-01	1.606992772513142209e-01	2.566178797481875606e-01	1.544780412861369023e-01	7.407766664361961628e-02	3.092845132210200743e-02	7.845506109017015561e-02
1.216699208734303511e+03	2.444068334798327191e-01	1.604895447406015918e-01	2.568339861080647379e-01	1.546138193743375189e-01	7.413525424864901570e-02	3.097191250724892764e-02	7.854864954095025498e-02
1.219118093841131440e+03	2.440710433821090264e-01	1.602803650389265366e-01	2.570494260908896544e-01	1.547492010436019305e-01	7.419267393801703969e-02	3.101528536133874372e-02	7.864200514480172710e-02
1.221536978947959142e+03	2.437362493962743903e-01	1.600717366404157127e-01	2.572642023919594623e-01	1.548841874662310603e-01	7.424992620805005716e-02	3.105856968491714498e-02	7.873512821183688282e-02
1.223955864054786844e+03	2.434024485627325762e-01	1.598636580437409471e-01	2.574783176883377878e-01	1.550187798110428117e-01	7.430701155360421029e-02	3.110176528550329805e-02	7.882801905472303083e-02
1.226374749161614318e+03	2.430696379309680299e-01	1.596561277521005018e-01	2.576917746390292585e-01	1.551529792433828103e-01	7.436393046806993867e-02	3.114487197746524522e-02	7.892067798866889139e-02
1.228793634268442020e+03	2.427378145595139591e-01	1.594491442732002273e-01	2.579045758851516434e-01	1.552867869251349786e-01	7.442068344337643415e-02	3.118788958189777638e-02	7.901310533140967762e-02
1.231212519375269494e+03	2.424069755159206918e-01	1.592427061192352444e-01	2.581167240501070492e-01	1.554202040147321384e-01	7.447727096999599838e-02	3.123081792650276092e-02	7.910530140319090020e-02
1.233631404482097196e+03	2.420771178767240905e-01	1.590368118068712644e-01	2.583282217397516178e-01	1.555532316671665305e-01	7.453369353694846988e-02	3.127365684547184221e-02	7.919726652675095069e-02
1.236050289588924898e+03	2.417482387274142164e-01	1.588314598572265202e-01	2.585390715425639474e-01	1.556858710340003615e-01	7.458995163180565102e-02	3.131640617937146709e-02	7.928900102730263022e-02
1.238469174695752372e+03	2.414203351624041038e-01	1.586266487958534199e-01	2.587492760298116257e-01	1.558181232633762403e-01	7.464604574069562404e-02	3.135906577503016351e-02	7.938050523251356794e-02
1.240888059802580301e+03	2.410934042849986747e-01	1.584223771527206448e-01	2.589588377557170418e-01	1.559499895000276137e-01	7.470197634830715028e-02	3.140163548542802135e-02	7.947177947248564023e-02
1.243306944909407548e+03	2.407674432073637627e-01	1.582186434621950799e-01	2.591677592576209221e-01	1.560814708852892030e-01	7.475774393789397232e-02	3.144411516958830338e-02	7.956282407973350179e-02
1.245725830016235477e+03	2.404424490504953882e-01	1.580154462630240231e-01	2.593760430561452002e-01	1.562125685571074118e-01	7.481334899127917160e-02	3.148650469247119693e-02	7.965363938916232567e-02
1.248144715123063179e+03	2.401184189441891714e-01	1.578127840983176156e-01	2.595836916553538876e-01	1.563432836500504852e-01	7.486879198885948439e-02	3.152880392486954314e-02	7.974422573804453018e-02
1.250563600229890881e+03	2.397953500270097182e-01	1.576106555155311062e-01	2.597907075429127244e-01	1.564736172953190563e-01	7.492407340960956230e-02	3.157101274330662011e-02	7.983458346599589528e-02
1.252982485336718355e+03	2.394732394462604774e-01	1.574090590664474487e-01	2.599970931902474414e-01	1.566035706207561384e-01	7.497919373108630214e-02	3.161313102993582036e-02	7.992471291495101271e-02
1.255401370443546057e+03	2.391520843579533206e-01	1.572079933071600377e-01	2.602028510527003569e-01	1.567331447508575337e-01	7.503415342943307864e-02	3.165515867244225734e-02	8.001461442913795907e-02
1.257820255550373531e+03	2.388318819267787607e-01	1.570074567980554170e-01	2.604079835696855305e-01	1.568623408067820468e-01	7.508895297938401880e-02	3.169709556394619682e-02	8.010428835505244149e-02
1.260239140657201460e+03	2.385126293260758923e-01	1.568074481037961820e-01	2.606124931648428067e-01	1.569911599063615326e-01	7.514359285426824853e-02	3.173894160290833405e-02	8.019373504143141596e-02
1.262658025764028707e+03	2.381943237378025824e-01	1.566079657933039659e-01	2.608163822461898040e-01	1.571196031641110824e-01	7.519807352601411143e-02	3.178069669303677097e-02	8.028295483922608111e-02
1.265076910870856636e+03	2.378769623525060217e-01	1.564090084397425362e-01	2.610196532062731833e-01	1.572476716912390438e-01	7.525239546515335998e-02	3.182236074319579749e-02	8.037194810157449743e-02
1.267495795977684338e+03	2.375605423692931650e-01	1.562105746205011414e-01	2.612223084223175840e-01	1.573753665956571512e-01	7.530655914082537428e-02	3.186393366731626875e-02	8.046071518377372056e-02
1.269914681084511813e+03	2.372450609958013379e-01	1.560126629171777468e-01	2.614243502563741162e-01	1.575026889819906017e-01	7.536056502078135322e-02	3.190541538430768931e-02	8.054925644325153233e-02
1.272333566191339514e+03	2.369305154481692599e-01	1.558152719155624921e-01	2.616257810554665220e-01	1.576296399515879076e-01	7.541441357138849166e-02	3.194680581797187252e-02	8.063757223953792186e-02
1.274752451298167216e+03	2.366169029510076793e-01	1.556184002056212323e-01	2.618266031517362813e-01	1.577562206025308889e-01	7.546810525763410216e-02	3.198810489691818193e-02	8.072566293423605321e-02
1.277171336404994690e+03	2.363042207373707293e-01	1.554220463814793285e-01	2.620268188625865524e-01	1.578824320296446926e-01	7.552164054312979213e-02	3.202931255448027842e-02	8.081352889099308046e-02
1.279590221511822392e+03	2.359924660487269787e-01	1.552262090414052165e-01	2.622264304908240029e-01	1.580082753245075633e-01	7.557501989011557175e-02	3.207042872863439392e-02	8.090117047547068507e-02
1.282009106618650094e+03	2.356816361349308442e-01	1.550308867877945029e-01	2.624254403247998635e-01	1.581337515754607514e-01	7.562824375946397559e-02	3.211145336191905536e-02	8.098858805531533589e-02
1.284427991725477568e+03	2.353717282541941125e-01	1.548360782271538394e-01	2.626238506385492610e-01	1.582588618676183390e-01	7.568131261068418436e-02	3.215238640135622411e-02	8.107578200012834080e-02
1.286846876832305497e+03	2.350627396730575747e-01	1.546417819700849627e-01	2.628216636919289972e-01	1.583836072828770092e-01	7.573422690192607720e-02	3.219322779837388571e-02	8.116275268143580135e-02
1.289265761939132744e+03	2.347546676663626042e-01	1.544479966312689578e-01	2.630188817307542171e-01	1.585079888999257891e-01	7.578698708998435341e-02	3.223397750872992323e-02	8.124950047265837305e-02
1.291684647045960673e+03	2.344475095172232348e-01	1.542547208294506034e-01	2.632155069869336894e-01	1.586320077942557916e-01	7.583959363030259859e-02	3.227463549243741320e-02	8.133602574908085914e-02
1.294103532152788375e+03	2.341412625169981276e-01	1.540619531874226067e-01	2.634115416786033115e-01	1.587556650381699574e-01	7.589204697697723989e-02	3.231520171369116345e-02	8.142232888782177658e-02
1.296522417259616077e+03	2.338359239652626487e-01	1.538696923320102272e-01	2.636069880102585583e-01	1.588789617007925759e-01	7.594434758276170927e-02	3.235567614079558341e-02	8.150841026780278331e-02
1.298941302366443551e+03	2.335314911697812523e-01	1.536779368940558999e-01	2.638018481728854892e-01	1.590018988480791096e-01	7.599649589907039871e-02	3.239605874609376851e-02	8.159427026971807773e-02
1.301360187473271253e+03	2.332279614464798090e-01	1.534866855084038029e-01	2.639961243440904770e-01	1.591244775428256319e-01	7.604849237598265699e-02	3.243634950589780602e-02	8.167990927600377038e-02
1.303779072580098727e+03	2.329253321194181270e-01	1.532959368138847589e-01	2.641898186882282729e-01	1.592466988446784304e-01	7.610033746224685591e-02	3.247654840042033669e-02	8.176532767080720021e-02
1.306197957686926657e+03	2.326236005207626134e-01	1.531056894533010526e-01	2.643829333565289041e-01	1.593685638101434987e-01	7.615203160528428994e-02	3.251665541370721974e-02	8.185052583995634790e-02
1.308616842793753904e+03	2.323227639907591568e-01	1.529159420734114150e-01	2.645754704872234631e-01	1.594900734925961405e-01	7.620357525119321462e-02	3.255667053357139823e-02	8.193550417092905491e-02
1.311035727900581833e+03	2.320228198777058715e-01	1.527266933249162018e-01	2.647674322056681739e-01	1.596112289422903507e-01	7.625496884475280179e-02	3.259659375152783312e-02	8.202026305282257568e-02
1.313454613007409534e+03	2.317237655379262296e-01	1.525379418624424332e-01	2.649588206244672395e-01	1.597320312063682801e-01	7.630621282942703920e-02	3.263642506272961680e-02	8.210480287632292151e-02
1.315873498114237009e+03	2.314255983357421387e-01	1.523496863445291671e-01	2.651496378435946322e-01	1.598524813288696167e-01	7.635730764736871345e-02	3.267616446590510676e-02	8.218912403367434338e-02
1.318292383221064711e+03	2.311283156434473518e-01	1.521619254336127325e-01	2.653398859505141649e-01	1.599725803507409672e-01	7.640825373942329579e-02	3.271581196329612085e-02	8.227322691864902282e-02
1.320711268327892412e+03	2.308319148412807109e-01	1.519746577960123801e-01	2.655295670202985625e-01	1.600923293098452660e-01	7.645905154513288338e-02	3.275536756059719418e-02	8.235711192651666568e-02
1.323130153434719887e+03	2.305363933173996960e-01	1.517878821019156277e-01	2.657186831157471452e-01	1.602117292409709903e-01	7.650970150274005732e-02	3.279483126689582834e-02	8.244077945401427632e-02
1.325549038541547588e+03	2.302417484678541126e-01	1.516015970253640210e-01	2.659072362875023465e-01	1.603307811758414858e-01	7.656020404919182398e-02	3.283420309461374670e-02	8.252422989931609831e-02
1.327967923648375290e+03	2.299479776965597522e-01	1.514158012442387291e-01	2.660952285741647882e-01	1.604494861431241814e-01	7.661055962014343135e-02	3.287348305944911425e-02	8.260746366200362456e-02
1.330386808755202765e+03	2.296550784152723568e-01	1.512304934402465273e-01	2.662826620024072444e-01	1.605678451684398600e-01	7.666076864996225482e-02	3.291267118031970806e-02	8.269048114303571839e-02
1.332805693862030694e+03	2.293630480435616126e-01	1.510456722989054756e-01	2.664695385870871069e-01	1.606858592743718173e-01	7.671083157173165523e-02	3.295176747930705918e-02	8.277328274471894287e-02
1.335224578968857941e+03	2.290718840087851149e-01	1.508613365095310688e-01	2.666558603313580744e-01	1.608035294804750492e-01	7.676074881725476751e-02	3.299077198160144109e-02	8.285586887067808437e-02
1.337643464075685870e+03	2.287815837460627222e-01	1.506774847652223581e-01	2.668416292267802858e-01	1.609208568032853282e-01	7.681052081705838641e-02	3.302968471544784346e-02	8.293823992582667615e-02
1.340062349182513572e+03	2.284921446982507709e-01	1.504941157628478521e-01	2.670268472534293447e-01	1.610378422563283618e-01	7.686014800039674133e-02	3.306850571209274392e-02	8.302039631633785499e-02
1.342481234289341273e+03	2.282035643159166793e-01	1.503112282030319158e-01	2.672115163800038440e-01	1.611544868501287586e-01	7.690963079525528490e-02	3.310723500573180961e-02	8.310233844961534277e-02
1.344900119396168748e+03	2.279158400573133014e-01	1.501288207901411986e-01	2.673956385639323363e-01	1.612707915922192703e-01	7.695896962835452326e-02	3.314587263345842444e-02	8.318406673426462228e-02
1.347319004502996449e+03	2.276289693883537801e-01	1.499468922322708397e-01	2.675792157514785274e-01	1.613867574871495347e-01	7.700816492515373535e-02	3.318441863521302826e-02	8.326558158006427957e-02
1.349737889609823924e+03	2.273429497825861234e-01	1.497654412412309788e-01	2.677622498778456372e-01	1.615023855364952632e-01	7.705721710985476147e-02	3.322287305373329558e-02	8.334688339793759615e-02
1.352156774716651853e+03	2.270577787211683629e-01	1.495844665325334610e-01	2.679447428672794285e-01	1.616176767388671220e-01	7.710612660540577812e-02	3.326123593450512617e-02	8.342797259992432157e-02
1.354575659823479100e+03	2.267734536928433242e-01	1.494039668253783759e-01	2.681266966331702917e-01	1.617326320899196146e-01	7.715489383350501718e-02	3.329950732571437810e-02	8.350884959915265415e-02
1.356994544930307029e+03	2.264899721939137855e-01	1.492239408426407898e-01	2.683081130781536094e-01	1.618472525823600738e-01	7.720351921460447131e-02	3.333768727819940575e-02	8.358951480981142990e-02
1.359413430037134731e+03	2.262073317282178031e-01	1.490443873108576178e-01	2.684889940942101205e-01	1.619615392059573777e-01	7.725200316791364097e-02	3.337577584540435405e-02	8.366996864712257509e-02
1.361832315143962205e+03	2.259255298071038698e-01	1.488653049602144118e-01	2.686693415627639525e-01	1.620754929475509976e-01	7.730034611140322587e-02	3.341377308333318835e-02	8.375021152731379481e-02
1.364251200250789907e+03	2.256445639494064626e-01	1.486866925245324544e-01	2.688491573547803770e-01	1.621891147910595465e-01	7.734854846180883037e-02	3.345167905050443202e-02	8.383024386759138635e-02
1.366670085357617609e+03	2.253644316814215343e-01	1.485085487412555472e-01	2.690284433308619549e-01	1.623024057174897172e-01	7.739661063463464108e-02	3.348949380790666036e-02	8.391006608611341344e-02
1.369088970464445310e+03	2.250851305368821720e-01	1.483308723514373817e-01	2.692072013413441267e-01	1.624153667049450245e-01	7.744453304415704897e-02	3.352721741895468149e-02	8.398967860196304702e-02
1.371507855571272785e+03	2.248066580569342832e-01	1.481536620997287168e-01	2.693854332263890261e-01	1.625279987286345207e-01	7.749231610342836862e-02	3.356484994944637645e-02	8.406908183512221133e-02
1.373926740678100487e+03	2.245290117901125315e-01	1.479769167343643888e-01	2.695631408160790721e-01	1.626403027608814278e-01	7.753996022428047419e-02	3.360239146752027478e-02	8.414827620644535489e-02
1.376345625784927961e+03	2.242521892923162452e-01	1.478006350071509600e-01	2.697403259305087286e-01	1.627522797711318248e-01	7.758746581732840764e-02	3.363984204361373381e-02	8.422726213763358227e-02
1.378764510891755890e+03	2.239761881267854637e-01	1.476248156734539241e-01	2.699169903798758208e-01	1.628639307259633628e-01	7.763483329197401472e-02	3.367720175042182573e-02	8.430604005120902189e-02
1.381183395998583137e+03	2.237010058640770682e-01	1.474494574921852708e-01	2.700931359645714624e-01	1.629752565890938143e-01	7.768206305640956710e-02	3.371447066285683525e-02	8.438461037048938795e-02
1.383602281105411066e+03	2.234266400820411058e-01	1.472745592257910519e-01	2.702687644752690965e-01	1.630862583213895378e-01	7.772915551762137054e-02	3.375164885800837483e-02	8.446297351956284782e-02
1.386021166212238768e+03	2.231530883657970588e-01	1.471001196402389188e-01	2.704438776930124799e-01	1.631969368808743048e-01	7.777611108139331764e-02	3.378873641510417997e-02	8.454112992326308362e-02
1.388440051319066470e+03	2.228803483077104464e-01	1.469261375050059104e-01	2.706184773893028361e-01	1.633072932227375151e-01	7.782293015231049604e-02	3.382573341547144563e-02	8.461908000714467304e-02
1.390858936425893944e+03	2.226084175073691773e-01	1.467526115930662400e-01	2.707925653261847310e-01	1.634173282993428844e-01	7.786961313376275506e-02	3.386263994249878034e-02	8.469682419745874769e-02
1.393277821532721646e+03	2.223372935715603460e-01	1.465795406808790002e-01	2.709661432563312822e-01	1.635270430602369374e-01	7.791616042794821673e-02	3.389945608159877777e-02	8.477436292112879024e-02
1.395696706639549120e+03	2.220669741142469178e-01	1.464069235483761722e-01	2.711392129231279813e-01	1.636364384521573623e-01	7.796257243587692565e-02	3.393618192017115037e-02	8.485169660572677852e-02
1.398115591746377049e+03	2.217974567565446642e-01	1.462347589789506075e-01	2.713117760607562934e-01	1.637455154190413931e-01	7.800884955737424908e-02	3.397281754756639044e-02	8.492882567944962102e-02
1.400534476853204296e+03	2.215287391266989869e-01	1.460630457594439546e-01	2.714838343942755916e-01	1.638542749020343303e-01	7.805499219108451292e-02	3.400936305505005558e-02	8.500575057109578669e-02
1.402953361960032225e+03	2.212608188600619918e-01	1.458917826801349182e-01	2.716553896397043144e-01	1.639627178394977569e-01	7.810100073447445723e-02	3.404581853576755385e-02	8.508247171004219844e-02
1.405372247066859927e+03	2.209936935990697016e-01	1.457209685347273520e-01	2.718264435041004012e-01	1.640708451670180312e-01	7.814687558383674737e-02	3.408218408470949784e-02	8.515898952622141804e-02
1.407791132173687402e+03	2.207273609932191571e-01	1.455506021203384348e-01	2.719969976856410065e-01	1.641786578174144196e-01	7.819261713429345728e-02	3.411845979867756534e-02	8.523530445009906698e-02
1.410210017280515103e+03	2.204618186990458806e-01	1.453806822374871244e-01	2.721670538737006040e-01	1.642861567207475337e-01	7.823822577979956672e-02	3.415464577625091508e-02	8.531141691265153870e-02
1.412628902387342805e+03	2.201970643801010874e-01	1.452112076900823889e-01	2.723366137489288130e-01	1.643933428043274914e-01	7.828370191314640292e-02	3.419074211775305350e-02	8.538732734534391910e-02
1.415047787494170507e+03	2.199330957069294268e-01	1.450421772854116609e-01	2.725056789833272264e-01	1.645002169927221869e-01	7.832904592596515170e-02	3.422674892521928441e-02	8.546303618010819836e-02
1.417466672600997981e+03	2.196699103570464162e-01	1.448735898341294293e-01	2.726742512403251828e-01	1.646067802077655073e-01	7.837425820873022975e-02	3.426266630236460276e-02	8.553854384932177424e-02
1.419885557707825683e+03	2.194075060149162371e-01	1.447054441502456101e-01	2.728423321748547625e-01	1.647130333685654646e-01	7.841933915076278183e-02	3.429849435455206708e-02	8.561385078578617747e-02
1.422304442814653157e+03	2.191458803719293913e-01	1.445377390511144167e-01	2.730099234334250613e-01	1.648189773915123557e-01	7.846428914023406698e-02	3.433423318876171332e-02	8.568895742270601912e-02
1.424723327921481086e+03	2.188850311263807191e-01	1.443704733574228405e-01	2.731770266541954095e-01	1.649246131902869505e-01	7.850910856416890016e-02	3.436988291355987102e-02	8.576386419366824332e-02
1.427142213028308333e+03	2.186249559834471945e-01	1.442036458931794662e-01	2.733436434670480919e-01	1.650299416758685134e-01	7.855379780844909399e-02	3.440544363906898606e-02	8.583857153262165751e-02
1.429561098135136262e+03	2.183656526551661092e-01	1.440372554857032028e-01	2.735097754936595127e-01	1.651349637565428519e-01	7.859835725781674776e-02	3.444091547693788752e-02	8.591307987385664313e-02
1.431979983241963964e+03	2.181071188604132016e-01	1.438713009656122643e-01	2.736754243475715831e-01	1.652396803379105328e-01	7.864278729587770300e-02	3.447629854031249858e-02	8.598738965198521322e-02
1.434398868348791666e+03	2.178493523248807573e-01	1.437057811668129570e-01	2.738405916342614432e-01	1.653440923228946535e-01	7.868708830510491581e-02	3.451159294380697767e-02	8.606150130192122272e-02
1.436817753455619140e+03	2.175923507810560986e-01	1.435406949264888266e-01	2.740052789512108511e-01	1.654482006117490855e-01	7.873126066684181523e-02	3.454679880347535231e-02	8.613541525886092565e-02
1.439236638562446842e+03	2.173361119681997966e-01	1.433760410850895006e-01	2.741694878879744612e-01	1.655520061020662737e-01	7.877530476130563397e-02	3.458191623678351367e-02	8.620913195826369890e-02
1.441655523669274316e+03	2.170806336323242991e-01	1.432118184863199750e-01	2.743332200262478260e-01	1.656555096887852851e-01	7.881922096759078067e-02	3.461694536258164839e-02	8.628265183583304354e-02
1.444074408776102018e+03	2.168259135261724480e-01	1.430480259771295670e-01	2.744964769399340088e-01	1.657587122641996924e-01	7.886300966367214282e-02	3.465188630107712137e-02	8.635597532749790528e-02
1.446493293882929493e+03	2.165719494091961350e-01	1.428846624077012573e-01	2.746592601952097534e-01	1.658616147179653999e-01	7.890667122640843134e-02	3.468673917380772631e-02	8.642910286939411990e-02
1.448912178989757422e+03	2.163187390475350413e-01	1.427217266314409205e-01	2.748215713505911539e-01	1.659642179371086934e-01	7.895020603154549732e-02	3.472150410361534573e-02	8.650203489784620559e-02
1.451331064096585123e+03	2.160662802139954319e-01	1.425592175049666954e-01	2.749834119569978808e-01	1.660665228060339005e-01	7.899361445371960722e-02	3.475618121462002719e-02	8.657477184934932180e-02
1.453749949203412370e+03	2.158145706880291170e-01	1.423971338880982429e-01	2.751447835578174628e-01	1.661685302065312453e-01	7.903689686646073187e-02	3.479077063219441351e-02	8.664731416055150570e-02
1.456168834310240300e+03	2.155636082557124689e-01	1.422354746438462825e-01	2.753056876889684035e-01	1.662702410177848145e-01	7.908005364219586331e-02	3.482527248293859623e-02	8.671966226823615842e-02
1.458587719417068001e+03	2.153133907097253552e-01	1.420742386384020450e-01	2.754661258789626310e-01	1.663716561163801066e-01	7.912308515225228989e-02	3.485968689465531595e-02	8.679181660930475328e-02
1.461006604523895703e+03	2.150639158493304337e-01	1.419134247411268090e-01	2.756260996489672266e-01	1.664727763763119428e-01	7.916599176686076045e-02	3.489401399632553052e-02	8.686377762075979392e-02
1.463425489630723177e+03	2.148151814803523074e-01	1.417530318245414089e-01	2.757856105128654312e-01	1.665736026689920712e-01	7.920877385515885660e-02	3.492825391808438568e-02	8.693554573968796662e-02
1.465844374737550879e+03	2.145671854151568747e-01	1.415930587643160488e-01	2.759446599773172082e-01	1.666741358632569669e-01	7.925143178519418463e-02	3.496240679119750477e-02	8.700712140324357025e-02
1.468263259844378354e+03	2.143199254726306791e-01	1.414335044392598939e-01	2.761032495418188626e-01	1.667743768253754089e-01	7.929396592392759513e-02	3.499647274803765334e-02	8.707850504863215435e-02
1.470682144951206283e+03	2.140733994781604810e-01	1.412743677313107737e-01	2.762613806987620491e-01	1.668743264190562792e-01	7.933637663723641653e-02	3.503045192206175051e-02	8.714969711309440703e-02
1.473101030058033530e+03	2.138276052636127467e-01	1.411156475255250509e-01	2.764190549334922253e-01	1.669739855054560018e-01	7.937866428991767476e-02	3.506434444778819964e-02	8.722069803389026488e-02
1.475519915164861459e+03	2.135825406673132754e-01	1.409573427100675458e-01	2.765762737243659952e-01	1.670733549431862863e-01	7.942082924569127123e-02	3.509815046077461448e-02	8.729150824828320332e-02
1.477938800271689161e+03	2.133382035340268823e-01	1.407994521762012397e-01	2.767330385428086181e-01	1.671724355883216495e-01	7.946287186720318862e-02	3.513187009759580898e-02	8.736212819352479064e-02
1.480357685378516862e+03	2.130945917149373314e-01	1.406419748182774210e-01	2.768893508533701864e-01	1.672712282944069651e-01	7.950479251602868280e-02	3.516550349582217572e-02	8.743255830683947794e-02
1.482776570485344337e+03	2.128517030676269906e-01	1.404849095337254994e-01	2.770452121137812473e-01	1.673697339124650407e-01	7.954659155267544690e-02	3.519905079399833492e-02	8.750279902540961108e-02
