1.301360187473271253e+03	2.357135886626262888e-01	1.508741244012036797e-01	2.601623257763674424e-01	1.610911928348381095e-01	7.655573772534235433e-02	3.193555669023294408e-02	8.366747390907663950e-02
1.306197957686926657e+03	2.351341877383584522e-01	1.504683964046811817e-01	2.605313491181311392e-01	1.613464830776588921e-01	7.666709116760778153e-02	3.200740008866109765e-02	8.384509240458899726e-02
1.311035727900581833e+03	2.345581258088252352e-01	1.500649017074647540e-01	2.608982269005637455e-01	1.616002733232072275e-01	7.677781372028988360e-02	3.207897574190753109e-02	8.402168279742920631e-02
1.315873498114237009e+03	2.339853816345111859e-01	1.496636296015059209e-01	2.612629726514926753e-01	1.618525733082354090e-01	7.688790884502637313e-02	3.215028313433120066e-02	8.419725082458488774e-02
1.320711268327892412e+03	2.334159341757253980e-01	1.492645693734785117e-01	2.616255997952146028e-01	1.621033926899727862e-01	7.699737998717530452e-02	3.222132178399367275e-02	8.437180219412739046e-02
1.325549038541547588e+03	2.328497625888035216e-01	1.488677103070539520e-01	2.619861216536652493e-01	1.623527410470644305e-01	7.710623057585730411e-02	3.229209124199008962e-02	8.454534258525313317e-02
1.330386808755202765e+03	2.322868462224207675e-01	1.484730416850875423e-01	2.623445514475647444e-01	1.626006278804961735e-01	7.721446402399768927e-02	3.236259109179177168e-02	8.471787764832898471e-02
1.335224578968857941e+03	2.317271646140122432e-01	1.480805527917189723e-01	2.627009022975406727e-01	1.628470626145059330e-01	7.732208372836839316e-02	3.243282094860010928e-02	8.488941300494140529e-02
1.340062349182513572e+03	2.311706974862967057e-01	1.476902329143899573e-01	2.630551872252290813e-01	1.630920545974816616e-01	7.742909306962975080e-02	3.250278045871157068e-02	8.505995424794909887e-02
1.344900119396168748e+03	2.306174247439012059e-01	1.473020713457818820e-01	2.634074191543543941e-01	1.633356131028452507e-01	7.753549541237221565e-02	3.257246929889363873e-02	8.522950694153925977e-02
1.349737889609823924e+03	2.300673264700825171e-01	1.469160573856762297e-01	2.637576109117892309e-01	1.635777473299233620e-01	7.764129410515797913e-02	3.264188717577151677e-02	8.539807662128712229e-02
1.354575659823479100e+03	2.295203829235424042e-01	1.465321803427403480e-01	2.641057752285944082e-01	1.638184664048044359e-01	7.774649248056250683e-02	3.271103382522533992e-02	8.556566879421856342e-02
1.359413430037134731e+03	2.289765745353341819e-01	1.461504295362414108e-01	2.644519247410404561e-01	1.640577793811822671e-01	7.785109385521606085e-02	3.277990901179779482e-02	8.573228893887588353e-02
1.364251200250789907e+03	2.284358819058565360e-01	1.457707942976907423e-01	2.647960719916107042e-01	1.642956952411865901e-01	7.795510152984524987e-02	3.284851252811188393e-02	8.589794250538637654e-02
1.369088970464445310e+03	2.278982858019329427e-01	1.453932639724211107e-01	2.651382294299868270e-01	1.645322228962002031e-01	7.805851878931442667e-02	3.291684419429875830e-02	8.606263491553378664e-02
1.373926740678100487e+03	2.273637671539732175e-01	1.450178279210993237e-01	2.654784094140172912e-01	1.647673711876633529e-01	7.816134890266730750e-02	3.298490385743530623e-02	8.622637156283231852e-02
1.378764510891755890e+03	2.268323070532143604e-01	1.446444755211762079e-01	2.658166242106694277e-01	1.650011488878649624e-01	7.826359512316846678e-02	3.305269139099148434e-02	8.638915781260325666e-02
1.383602281105411066e+03	2.263038867490388961e-01	1.442731961682764130e-01	2.661528859969654048e-01	1.652335647007215080e-01	7.836526068834490100e-02	3.312020669428711317e-02	8.655099900205395769e-02
1.388440051319066470e+03	2.257784876463672930e-01	1.439039792775299864e-01	2.664872068609026590e-01	1.654646272625433234e-01	7.846634882002781475e-02	3.318744969195804723e-02	8.671190044035917421e-02
1.393277821532721646e+03	2.252560913031227130e-01	1.435368142848475470e-01	2.668195988023592813e-01	1.656943451427884406e-01	7.856686272439426799e-02	3.325442033343146975e-02	8.687186740874457136e-02
1.398115591746377049e+03	2.247366794277656232e-01	1.431716906481415585e-01	2.671500737339847498e-01	1.659227268448045800e-01	7.866680559200912859e-02	3.332111859241025653e-02	8.703090516057238046e-02
1.402953361960032225e+03	2.242202338768956582e-01	1.428085978484948948e-01	2.674786434820765613e-01	1.661497808065589832e-01	7.876618059786696935e-02	3.338754446636621465e-02	8.718901892142896792e-02
1.407791132173687402e+03	2.237067366529190138e-01	1.424475253912792505e-01	2.678053197874426528e-01	1.663755154013567272e-01	7.886499090143417323e-02	3.345369797604201556e-02	8.734621388921441631e-02
1.412628902387342805e+03	2.231961699017789569e-01	1.420884628072245637e-01	2.681301143062504999e-01	1.665999389385474372e-01	7.896323964669120510e-02	3.351957916496170475e-02	8.750249523423382636e-02
1.417466672600997981e+03	2.226885159107477308e-01	1.417313996534415588e-01	2.684530386108632816e-01	1.668230596642206465e-01	7.906092996217492508e-02	3.358518809894967677e-02	8.765786809929043688e-02
1.422304442814653157e+03	2.221837571062772743e-01	1.413763255143986874e-01	2.687741041906627770e-01	1.670448857618902494e-01	7.915806496102117951e-02	3.365052486565788675e-02	8.781233759978025744e-02
1.427142213028308333e+03	2.216818760519077558e-01	1.410232300028556873e-01	2.690933224528600509e-01	1.672654253531677682e-01	7.925464774100746124e-02	3.371558957410124291e-02	8.796590882378838017e-02
1.431979983241963964e+03	2.211828554462313412e-01	1.406721027607544250e-01	2.694107047232939811e-01	1.674846864984251560e-01	7.935068138459579201e-02	3.378038235420099955e-02	8.811858683218669330e-02
1.436817753455619140e+03	2.206866781209095296e-01	1.403229334600692157e-01	2.697262622472176852e-01	1.677026771974470809e-01	7.944616895897579911e-02	3.384490335633601188e-02	8.827037665873303796e-02
1.441655523669274316e+03	2.201933270387427533e-01	1.399757118036179804e-01	2.700400061900735116e-01	1.679194053900728012e-01	7.954111351610793079e-02	3.390915275090176928e-02	8.842128331017161391e-02
1.446493293882929493e+03	2.197027852917901591e-01	1.396304275258350436e-01	2.703519476382565401e-01	1.681348789568279378e-01	7.963551809276693538e-02	3.397313072787700589e-02	8.857131176633474545e-02
1.451331064096585123e+03	2.192150360995381853e-01	1.392870703935077670e-01	2.706620975998669798e-01	1.683491057195465324e-01	7.972938571058549306e-02	3.403683749639780515e-02	8.872046698024571576e-02
1.456168834310240300e+03	2.187300628071160435e-01	1.389456302064775717e-01	2.709704670054516873e-01	1.685620934419831685e-01	7.982271937609806967e-02	3.410027328433911514e-02	8.886875387822283645e-02
1.461006604523895703e+03	2.182478488835573605e-01	1.386060967983071546e-01	2.712770667087353038e-01	1.687738498304157952e-01	7.991552208078502029e-02	3.416343833790340401e-02	8.901617735998447467e-02
1.465844374737550879e+03	2.177683779201055048e-01	1.382684600369147032e-01	2.715819074873408456e-01	1.689843825342390304e-01	8.000779680111685943e-02	3.422633292121651100e-02	8.916274229875507940e-02
1.470682144951206283e+03	2.172916336285620753e-01	1.379327098251764971e-01	2.718850000435001912e-01	1.691936991465484152e-01	8.009954649859871156e-02	3.428895731593049889e-02	8.930845354137222081e-02
1.475519915164861459e+03	2.168175998396767168e-01	1.375988361014989225e-01	2.721863550047544100e-01	1.694018072047157042e-01	8.019077411981512249e-02	3.435131182083332735e-02	8.945331590839442071e-02
1.480357685378516862e+03	2.163462605015771256e-01	1.372668288403611492e-01	2.724859829246447096e-01	1.696087141909554397e-01	8.028148259647499563e-02	3.441339675146536103e-02	8.959733419420981559e-02
1.485195455592172038e+03	2.158775996782378581e-01	1.369366780528293859e-01	2.727838942833937796e-01	1.698144275328827835e-01	8.037167484545677809e-02	3.447521243974247668e-02	8.974051316714558302e-02
1.490033225805827215e+03	2.154116015479868862e-01	1.366083737870435466e-01	2.730800994885774213e-01	1.700189546040629940e-01	8.046135376885386881e-02	3.453675923358578287e-02	8.988285756957817285e-02
1.494870996019482618e+03	2.149482504020485407e-01	1.362819061286778821e-01	2.733746088757876835e-01	1.702223027245525766e-01	8.055052225402026256e-02	3.459803749655768895e-02	9.002437211804402428e-02
1.499708766233137567e+03	2.144875306431219264e-01	1.359572652013758265e-01	2.736674327092866177e-01	1.704244791614324683e-01	8.063918317361644383e-02	3.465904760750436464e-02	9.016506150335103220e-02
1.504546536446793198e+03	2.140294267839931985e-01	1.356344411671605577e-01	2.739585811826512063e-01	1.706254911293331455e-01	8.072733938565548883e-02	3.471978996020443076e-02	9.030493039069063810e-02
1.509384306660448374e+03	2.135739234461815350e-01	1.353134242268217435e-01	2.742480644194099648e-01	1.708253457909520989e-01	8.081499373354941729e-02	3.478026496302371456e-02	9.044398341975019850e-02
1.514222076874103550e+03	2.131210053586166386e-01	1.349942046202795842e-01	2.745358924736709394e-01	1.710240502575634536e-01	8.090214904615579405e-02	3.484047303857606970e-02	9.058222520482614448e-02
1.519059847087758726e+03	2.126706573563477976e-01	1.346767726269268994e-01	2.748220753307415998e-01	1.712216115895204283e-01	8.098880813782444177e-02	3.490041462339011497e-02	9.071966033493736314e-02
1.523897617301414357e+03	2.122228643792828107e-01	1.343611185659499274e-01	2.751066229077401282e-01	1.714180367967502727e-01	8.107497380844459756e-02	3.496009016758178795e-02	9.085629337393907878e-02
1.528735387515069533e+03	2.117776114709563340e-01	1.340472327966289734e-01	2.753895450541996026e-01	1.716133328392419888e-01	8.116064884349208364e-02	3.501950013453259541e-02	9.099212886063706707e-02
1.533573157728724709e+03	2.113348837773262878e-01	1.337351057186191294e-01	2.756708515526634651e-01	1.718075066275271678e-01	8.124583601407682487e-02	3.507864500057354673e-02	9.112717130890223005e-02
1.538410927942380113e+03	2.108946665455979641e-01	1.334247277722122871e-01	2.759505521192739397e-01	1.720005650231538896e-01	8.133053807699058835e-02	3.513752525467458976e-02	9.126142520778542100e-02
1.543248698156035516e+03	2.104569451230743904e-01	1.331160894385806925e-01	2.762286564043529014e-01	1.721925148391538207e-01	8.141475777475486175e-02	3.519614139813947995e-02	9.139489502163256063e-02
1.548086468369690692e+03	2.100217049560327287e-01	1.328091812400031546e-01	2.765051739929749730e-01	1.723833628405027074e-01	8.149849783566909256e-02	3.525449394430608258e-02	9.152758519019997541e-02
1.552924238583346096e+03	2.095889315886257098e-01	1.325039937400741552e-01	2.767801144055337392e-01	1.725731157445744290e-01	8.158176097385892722e-02	3.531258341825183056e-02	9.165950012876993014e-02
1.557762008797001272e+03	2.091586106618068819e-01	1.322005175438969171e-01	2.770534870983006326e-01	1.727617802215885845e-01	8.166454988932494996e-02	3.537041035650443505e-02	9.179064422826628544e-02
1.562599779010656675e+03	2.087307279122797010e-01	1.318987432982604291e-01	2.773253014639772140e-01	1.729493628950519446e-01	8.174686726799133829e-02	3.542797530675770301e-02	9.192102185537040504e-02
1.567437549224311852e+03	2.083052691714691873e-01	1.315986616918016494e-01	2.775955668322400149e-01	1.731358703421936596e-01	8.182871578175494875e-02	3.548527882759230923e-02	9.205063735263702140e-02
1.572275319437967255e+03	2.078822203645158129e-01	1.313002634551529713e-01	2.778642924702790507e-01	1.733213090943946377e-01	8.191009808853445817e-02	3.554232148820154341e-02	9.217949503861029570e-02
1.577113089651622431e+03	2.074615675092905398e-01	1.310035393610759769e-01	2.781314875833297839e-01	1.735056856376108458e-01	8.199101683231985183e-02	3.559910386812189381e-02	9.230759920793989159e-02
1.581950859865277607e+03	2.070432967154308135e-01	1.307084802245813138e-01	2.783971613151983160e-01	1.736890064127910305e-01	8.207147464322189778e-02	3.565562655696835614e-02	9.243495413149706297e-02
1.586788630078933011e+03	2.066273941833966510e-01	1.304150769030359980e-01	2.786613227487802491e-01	1.738712778162885830e-01	8.215147413752206529e-02	3.571189015417451651e-02	9.256156405649081098e-02
1.591626400292587959e+03	2.062138462035460751e-01	1.301233202962579216e-01	2.789239809065734432e-01	1.740525062002679646e-01	8.223101791772237379e-02	3.576789526873717234e-02	9.268743320658394402e-02
1.596464170506243590e+03	2.058026391552296996e-01	1.298332013465986756e-01	2.791851447511845552e-01	1.742326978731056353e-01	8.231010857259564439e-02	3.582364251896550528e-02	9.281256578200917928e-02
1.601301940719898766e+03	2.053937595059036614e-01	1.295447110390144652e-01	2.794448231858294718e-01	1.744118590997857099e-01	8.238874867723580686e-02	3.587913253223472959e-02	9.293696595968510554e-02
1.606139710933553943e+03	2.049871938102601487e-01	1.292578404011262561e-01	2.797030250548276364e-01	1.745899961022903124e-01	8.246694079310835923e-02	3.593436594474413992e-02	9.306063789333217373e-02
1.610977481147209119e+03	2.045829287093754445e-01	1.289725805032690964e-01	2.799597591440908251e-01	1.747671150599847401e-01	8.254468746810113278e-02	3.598934340127943332e-02	9.318358571358843767e-02
1.615815251360864750e+03	2.041809509298746494e-01	1.286889224585310576e-01	2.802150341816060375e-01	1.749432221099976315e-01	8.262199123657502919e-02	3.604406555497927794e-02	9.330581352812536422e-02
1.620653021574519926e+03	2.037812472831128652e-01	1.284068574227826554e-01	2.804688588379127823e-01	1.751183233475961942e-01	8.269885461941513249e-02	3.609853306710612830e-02	9.342732542176332422e-02
1.625490791788175102e+03	2.033838046643717812e-01	1.281263765946963062e-01	2.807212417265744775e-01	1.752924248265565754e-01	8.277528012408176539e-02	3.615274660682104430e-02	9.354812545658709733e-02
1.630328562001830505e+03	2.029886100520721381e-01	1.278474712157571525e-01	2.809721914046449109e-01	1.754655325595293192e-01	8.285127024466186485e-02	3.620670685096260416e-02	9.366821767206107152e-02
1.635166332215485909e+03	2.025956505070005687e-01	1.275701325702647271e-01	2.812217163731290381e-01	1.756376525184003001e-01	8.292682746192038545e-02	3.626041448382980037e-02	9.378760608514433161e-02
1.640004102429141085e+03	2.022049131715512871e-01	1.272943519853264871e-01	2.814698250774382848e-01	1.758087906346469109e-01	8.300195424335188310e-02	3.631387019696877966e-02	9.390629469040553956e-02
1.644841872642796488e+03	2.018163852689816296e-01	1.270201208308431307e-01	2.817165259078411310e-01	1.759789527996898917e-01	8.307665304323227917e-02	3.636707468896350354e-02	9.402428746013760663e-02
1.649679642856451665e+03	2.014300541026812774e-01	1.267474305194861428e-01	2.819618271999081993e-01	1.761481448652406079e-01	8.315092630267066631e-02	3.642002866523012111e-02	9.414158834447212965e-02
1.654517413070107068e+03	2.010459070554547478e-01	1.264762725066680693e-01	2.822057372349524029e-01	1.763163726436439704e-01	8.322477644966129462e-02	3.647273283781510278e-02	9.425820127149357741e-02
1.659355183283762244e+03	2.006639315888166797e-01	1.262066382905054074e-01	2.824482642404642085e-01	1.764836419082170538e-01	8.329820589913569662e-02	3.652518792519698215e-02	9.437413014735319960e-02
1.664192953497417420e+03	2.002841152422996096e-01	1.259385194117748075e-01	2.826894163905419588e-01	1.766499583935836060e-01	8.337121705301482610e-02	3.657739465209174090e-02	9.448937885638276912e-02
1.669030723711072824e+03	1.999064456327741546e-01	1.256719074538625858e-01	2.829292018063173653e-01	1.768153277960042846e-01	8.344381230026147456e-02	3.662935374926169080e-02	9.460395126120790810e-02
1.673868493924728000e+03	1.995309104537804634e-01	1.254067940427080197e-01	2.831676285563763384e-01	1.769797557737030347e-01	8.351599401693254876e-02	3.668106595332785991e-02	9.471785120286124737e-02
1.678706264138383403e+03	1.991574974748717142e-01	1.251431708467405923e-01	2.834047046571751549e-01	1.771432479471892751e-01	8.358776456623172313e-02	3.673253200658578577e-02	9.483108250089522517e-02
1.683544034352038352e+03	1.987861945409684084e-01	1.248810295768113532e-01	2.836404380734522945e-01	1.773058098995762277e-01	8.365912629856196714e-02	3.678375265682466005e-02	9.494364895349460820e-02
1.688381804565693983e+03	1.984169895717236287e-01	1.246203619861187967e-01	2.838748367186349486e-01	1.774674471768954986e-01	8.373008155157825316e-02	3.683472865714980393e-02	9.505555433758865191e-02
1.693219574779349159e+03	1.980498705608986776e-01	1.243611598701293841e-01	2.841079084552421419e-01	1.776281652884077189e-01	8.380063265024034758e-02	3.688546076580836997e-02	9.516680240896294163e-02
1.698057344993004335e+03	1.976848255757491235e-01	1.241034150664930141e-01	2.843396610952830250e-01	1.777879697069095488e-01	8.387078190686567125e-02	3.693594974601827757e-02	9.527739690237095604e-02
1.702895115206659511e+03	1.973218427564208122e-01	1.238471194549536220e-01	2.845701024006505042e-01	1.779468658690370741e-01	8.394053162118220168e-02	3.698619636580026404e-02	9.538734153164521445e-02
1.707732885420315142e+03	1.969609103153553420e-01	1.235922649572549908e-01	2.847992400835113735e-01	1.781048591755653998e-01	8.400988408038144450e-02	3.703620139781303722e-02	9.549663998980810475e-02
1.712570655633970318e+03	1.966020165367053096e-01	1.233388435370422614e-01	2.850270818066917289e-01	1.782619549917050794e-01	8.407884155917157154e-02	3.708596561919148826e-02	9.560529594918235063e-02
1.717408425847625494e+03	1.962451497757583541e-01	1.230868471997590835e-01	2.852536351840583295e-01	1.784181586473946313e-01	8.414740631983044783e-02	3.713548981138787425e-02	9.571331306150109020e-02
1.722246196061280898e+03	1.958902984583704154e-01	1.228362679925407153e-01	2.854789077808962960e-01	1.785734754375899458e-01	8.421558061225882519e-02	3.718477476001595672e-02	9.582069495801762149e-02
1.727083966274936301e+03	1.955374510804075705e-01	1.225870980041031955e-01	2.857029071142823673e-01	1.787279106225502789e-01	8.428336667403354965e-02	3.723382125469806153e-02	9.592744524961474561e-02
1.731921736488591478e+03	1.951865962071961669e-01	1.223393293646288238e-01	2.859256406534545492e-01	1.788814694281208595e-01	8.435076673046083828e-02	3.728263008891492120e-02	9.603356752691367959e-02
1.736759506702246881e+03	1.948377224729813673e-01	1.220929542456481165e-01	2.861471158201776555e-01	1.790341570460122489e-01	8.441778299462945889e-02	3.733120205985836909e-02	9.613906536038263617e-02
1.741597276915902057e+03	1.944908185803936596e-01	1.218479648599183063e-01	2.863673399891051852e-01	1.791859786340766481e-01	8.448441766746421500e-02	3.737953796828678149e-02	9.624394230044500120e-02
1.746435047129557461e+03	1.941458732999232495e-01	1.216043534612986504e-01	2.865863204881376469e-01	1.793369393165809011e-01	8.455067293777913939e-02	3.742763861838321882e-02	9.634820187758705301e-02
1.751272817343212637e+03	1.938028754694017530e-01	1.213621123446227135e-01	2.868040645987765536e-01	1.794870441844764186e-01	8.461655098233093752e-02	3.747550481761623836e-02	9.645184760246533484e-02
1.756110587556867813e+03	1.934618139934915493e-01	1.211212338455675275e-01	2.870205795564754192e-01	1.796362982956662413e-01	8.468205396587236145e-02	3.752313737660330217e-02	9.655488296601359710e-02
1.760948357770523216e+03	1.931226778431823776e-01	1.208817103405202681e-01	2.872358725509869815e-01	1.797847066752687739e-01	8.474718404120555604e-02	3.757053710897679394e-02	9.665731143954926774e-02
1.765786127984178393e+03	1.927854560552946239e-01	1.206435342464419608e-01	2.874499507267068155e-01	1.799322743158789373e-01	8.481194334923553013e-02	3.761770483125257553e-02	9.675913647487958957e-02
1.770623898197833569e+03	1.924501377319898232e-01	1.204066980207289805e-01	2.876628211830133397e-01	1.800790061778261564e-01	8.487633401902351660e-02	3.766464136270096519e-02	9.686036150440729964e-02
1.775461668411488745e+03	1.921167120402876849e-01	1.201711941610718176e-01	2.878744909746045466e-01	1.802249071894296284e-01	8.494035816784036019e-02	3.771134752522027622e-02	9.696098994123578119e-02
1.780299438625144376e+03	1.917851682115894463e-01	1.199370152053118727e-01	2.880849671118314581e-01	1.803699822472507042e-01	8.500401790121998868e-02	3.775782414321265934e-02	9.706102517927397977e-02
1.785137208838799552e+03	1.914554955412078874e-01	1.197041537312959064e-01	2.882942565610279173e-01	1.805142362163426051e-01	8.506731531301273130e-02	3.780407204346238753e-02	9.716047059334069480e-02
1.789974979052454728e+03	1.911276833879032855e-01	1.194726023567285467e-01	2.885023662448373827e-01	1.806576739304972812e-01	8.513025248543870660e-02	3.785009205501644464e-02	9.725932953926851032e-02
1.794812749266109904e+03	1.908017211734254481e-01	1.192423537390228383e-01	2.887093030425362805e-01	1.808003001924897712e-01	8.519283148914118253e-02	3.789588500906740376e-02	9.735760535400733717e-02
1.799650519479765535e+03	1.904775983820616858e-01	1.190134005751489477e-01	2.889150737903541932e-01	1.809421197743196208e-01	8.525505438323986718e-02	3.794145173883854000e-02	9.745530135572738617e-02
1.804488289693420711e+03	1.901553045601905578e-01	1.187857356014811600e-01	2.891196852817911611e-01	1.810831374174501074e-01	8.531692321538426882e-02	3.798679307947121914e-02	9.755242084392178048e-02
1.809326059907075887e+03	1.898348293158409472e-01	1.185593515936433084e-01	2.893231442679313203e-01	1.812233578330445793e-01	8.537844002180694503e-02	3.803190986791443046e-02	9.764896709950875164e-02
1.814163830120731291e+03	1.895161623182569921e-01	1.183342413663526077e-01	2.895254574577539874e-01	1.813627857022004075e-01	8.543960682737669621e-02	3.807680294281641509e-02	9.774494338493323886e-02
1.819001600334386467e+03	1.891992932974681241e-01	1.181103977732619603e-01	2.897266315184412466e-01	1.815014256761804945e-01	8.550042564565178693e-02	3.812147314441849399e-02	9.784035294426819684e-02
1.823839370548041643e+03	1.888842120438642969e-01	1.178878137068012227e-01	2.899266730756833166e-01	1.816392823766422027e-01	8.556089847893311173e-02	3.816592131445090824e-02	9.793519900331534855e-02
1.828677140761696819e+03	1.885709084077763775e-01	1.176664820980167919e-01	2.901255887139798650e-01	1.817763603958639784e-01	8.562102731831722213e-02	3.821014829603070623e-02	9.802948476970552161e-02
1.833514910975352450e+03	1.882593722990615337e-01	1.174463959164103871e-01	2.903233849769392694e-01	1.819126642969696173e-01	8.568081414374947857e-02	3.825415493356166402e-02	9.812321343299849896e-02
1.838352681189008081e+03	1.879495936866933670e-01	1.172275481697764576e-01	2.905200683675748796e-01	1.820481986141501973e-01	8.574026092407693866e-02	3.829794207263612082e-02	9.821638816478246714e-02
1.843190451402663257e+03	1.876415625983569035e-01	1.170099319040387303e-01	2.907156453485982284e-01	1.821829678528835428e-01	8.579936961710135646e-02	3.834151055993881285e-02	9.830901211877292323e-02
1.848028221616318433e+03	1.873352691200481090e-01	1.167935402030856884e-01	2.909101223427093541e-01	1.823169764901516332e-01	8.585814216963197354e-02	3.838486124315257375e-02	9.840108843091113777e-02
1.852865991829973609e+03	1.870307033956781217e-01	1.165783661886052452e-01	2.911035057328848485e-01	1.824502289746557093e-01	8.591658051753842118e-02	3.842799497086591548e-02	9.849262021946225687e-02
1.857703762043628785e+03	1.867278556266816214e-01	1.163644030199185581e-01	2.912958018626626289e-01	1.825827297270291028e-01	8.597468658580337264e-02	3.847091259248248268e-02	9.858361058511279362e-02
1.862541532257283961e+03	1.864267160716298610e-01	1.161516438938130780e-01	2.914870170364243784e-01	1.827144831400480396e-01	8.603246228857523714e-02	3.851361495813224178e-02	9.867406261106773102e-02
1.867379302470939592e+03	1.861272750458476954e-01	1.159400820443749897e-01	2.916771575196754340e-01	1.828454935788400570e-01	8.608990952922068729e-02	3.855610291858456440e-02	9.876397936314719461e-02
1.872217072684594768e+03	1.858295229210348010e-01	1.157297107428209293e-01	2.918662295393215644e-01	1.829757653810906715e-01	8.614703020037721426e-02	3.859837732516295528e-02	9.885336388988257006e-02
1.877054842898249490e+03	1.855334501248910861e-01	1.155205232973291196e-01	2.920542392839436396e-01	1.831053028572476038e-01	8.620382618400551644e-02	3.864043902966155658e-02	9.894221922261219049e-02
1.881892613111905121e+03	1.852390471407459882e-01	1.153125130528701442e-01	2.922411929040696354e-01	1.832341102907231734e-01	8.626029935144180483e-02	3.868228888426334527e-02	9.903054837557667689e-02
1.886730383325560297e+03	1.849463045071915168e-01	1.151056733910370694e-01	2.924270965124438626e-01	1.833621919380946930e-01	8.631645156345008063e-02	3.872392774145999583e-02	9.911835434601358463e-02
1.891568153539215928e+03	1.846552128177192942e-01	1.148999977298752473e-01	2.926119561842943084e-01	1.834895520293026994e-01	8.637228467027419088e-02	3.876535645397333890e-02	9.920564011425175854e-02
1.896405923752871104e+03	1.843657627203613425e-01	1.146954795237118130e-01	2.927957779575967034e-01	1.836161947678473516e-01	8.642780051169002276e-02	3.880657587467848529e-02	9.929240864380517451e-02
1.901243693966526507e+03	1.840779449173342852e-01	1.144921122629847243e-01	2.929785678333369781e-01	1.837421243309828589e-01	8.648300091705724002e-02	3.884758685652850430e-02	9.937866288146630922e-02
1.906081464180181683e+03	1.837917501646873786e-01	1.142898894740716764e-01	2.931603317757708882e-01	1.838673448699099933e-01	8.653788770537132469e-02	3.888839025248064935e-02	9.946440575739903811e-02
1.910919234393836859e+03	1.835071692719539571e-01	1.140888047191187527e-01	2.933410757126811430e-01	1.839918605099667703e-01	8.659246268531518853e-02	3.892898691542415190e-02	9.954964018523108915e-02
1.915757004607492036e+03	1.832241931018061543e-01	1.138888515958687980e-01	2.935208055356327561e-01	1.841156753508170763e-01	8.664672765531084009e-02	3.896937769810946556e-02	9.963436906214603872e-02
1.920594774821147894e+03	1.829428125697132312e-01	1.136900237374898343e-01	2.936995271002255103e-01	1.842387934666378513e-01	8.670068440357087125e-02	3.900956345307902973e-02	9.971859526897480785e-02
1.925432545034802843e+03	1.826630186436031533e-01	1.134923148124032249e-01	2.938772462263445906e-01	1.843612189063041085e-01	8.675433470814990222e-02	3.904954503259946280e-02	9.980232167028670054e-02
1.930270315248458019e+03	1.823848023435273025e-01	1.132957185241118964e-01	2.940539686984087742e-01	1.844829556935722037e-01	8.680768033699585995e-02	3.908932328859520550e-02	9.988555111448002566e-02
1.935108085462113195e+03	1.821081547413283264e-01	1.131002286110283778e-01	2.942297002656161786e-01	1.846040078272615792e-01	8.686072304800107613e-02	3.912889907258355893e-02	9.996828643387219160e-02
1.939945855675768371e+03	1.818330669603112903e-01	1.129058388463030499e-01	2.944044466421884554e-01	1.847243792814345642e-01	8.691346458905342687e-02	3.916827323561110352e-02	1.000505304447894261e-01
1.944783625889424002e+03	1.815595301749177715e-01	1.127125430376522547e-01	2.945782135076123187e-01	1.848440740055744824e-01	8.696590669808716700e-02	3.920744662819146409e-02	1.001322859476559413e-01
1.949621396103079178e+03	1.812875356104028668e-01	1.125203350271866132e-01	2.947510065068787988e-01	1.849630959247622053e-01	8.701805110313377833e-02	3.924642010024442101e-02	1.002135557270827093e-01
1.954459166316734354e+03	1.810170745425153382e-01	1.123292086912393989e-01	2.949228312507210514e-01	1.850814489398509843e-01	8.706989952237263741e-02	3.928519450103634680e-02	1.002943425519557119e-01
1.959296936530389530e+03	1.807481382971805606e-01	1.121391579401949945e-01	2.950936933158493369e-01	1.851991369276394239e-01	8.712145366418147518e-02	3.932377067912191243e-02	1.003746491755238002e-01
1.964134706744044706e+03	1.804807182501860507e-01	1.119501767183176538e-01	2.952635982451846108e-01	1.853161637410431495e-01	8.717271522718687826e-02	3.936214948228707045e-02	1.004544783354861109e-01
1.968972476957700337e+03	1.802148058268703834e-01	1.117622590035803193e-01	2.954325515480893394e-01	1.854325332092647827e-01	8.722368590031445712e-02	3.940033175749326627e-02	1.005338327540789278e-01
1.973810247171355968e+03	1.799503925018141604e-01	1.115753988074937031e-01	2.956005587005973712e-01	1.855482491379621679e-01	8.727436736283904206e-02	3.943831835082291237e-02	1.006127151381621676e-01
1.978648017385010689e+03	1.796874697985341718e-01	1.113895901749356043e-01	2.957676251456405336e-01	1.856633153094152389e-01	8.732476128443460162e-02	3.947611010742603510e-02	1.006911281793053808e-01
1.983485787598666320e+03	1.794260292891798891e-01	1.112048271839805730e-01	2.959337562932742305e-01	1.857777354826912197e-01	8.737486932522417482e-02	3.951370787146810809e-02	1.007690745538733917e-01
1.988323557812321269e+03	1.791660625942327889e-01	1.110211039457297544e-01	2.960989575209007074e-01	1.858915133938084940e-01	8.742469313582948431e-02	3.955111248607907221e-02	1.008465569231112996e-01
1.993161328025976900e+03	1.789075613822081467e-01	1.108384146041410528e-01	2.962632341734906527e-01	1.860046527558985308e-01	8.747423435742054942e-02	3.958832479330347265e-02	1.009235779332292443e-01
1.997999098239632076e+03	1.786505173693591075e-01	1.106567533358597533e-01	2.964265915638024662e-01	1.861171572593670331e-01	8.752349462176502171e-02	3.962534563405172017e-02	1.010001402154865197e-01
2.002836868453287707e+03	1.783949223193837252e-01	1.104761143500493509e-01	2.965890349726001962e-01	1.862290305720528949e-01	8.757247555127754823e-02	3.966217584805249025e-02	1.010762463862754507e-01
2.007674638666942428e+03	1.781407680431338902e-01	1.102964918882228113e-01	2.967505696488691447e-01	1.863402763393862127e-01	8.762117875906877407e-02	3.969881627380616312e-02	1.011518990472046603e-01
2.012512408880597604e+03	1.778880463983270876e-01	1.101178802240742605e-01	2.969112008100300293e-01	1.864508981845446889e-01	8.766960584899434472e-02	3.973526774853936017e-02	1.012271007851819477e-01
2.017350179094252780e+03	1.776367492892601541e-01	1.099402736633110222e-01	2.970709336421509805e-01	1.865608997086085630e-01	8.771775841570370047e-02	3.977153110816052106e-02	1.013018541724967497e-01
2.022187949307908411e+03	1.773868686665256711e-01	1.097636665434860992e-01	2.972297733001582065e-01	1.866702844907143499e-01	8.776563804468871799e-02	3.980760718721652880e-02	1.013761617669021314e-01
2.027025719521564042e+03	1.771383965267303573e-01	1.095880532338311258e-01	2.973877249080444374e-01	1.867790560882069684e-01	8.781324631233217159e-02	3.984349681885030608e-02	1.014500261116963592e-01
2.031863489735218764e+03	1.768913249122159304e-01	1.094134281350897797e-01	2.975447935590759263e-01	1.868872180367906477e-01	8.786058478595609733e-02	3.987920083475945260e-02	1.015234497358039889e-01
2.036701259948874394e+03	1.766456459107819121e-01	1.092397856793515809e-01	2.977009843159973967e-01	1.869947738506785584e-01	8.790765502386992114e-02	3.991472006515581900e-02	1.015964351538566068e-01
2.041539030162529116e+03	1.764013516554110150e-01	1.090671203298863023e-01	2.978563022112359349e-01	1.871017270227410267e-01	8.795445857541846213e-02	3.995005533872609399e-02	1.016689848662730572e-01
2.046376800376184747e+03	1.761584343239961381e-01	1.088954265809787825e-01	2.980107522471023285e-01	1.872080810246523341e-01	8.800099698102981094e-02	3.998520748259328655e-02	1.017411013593392116e-01
2.051214570589840150e+03	1.759168861390700556e-01	1.087246989577643069e-01	2.981643393959914623e-01	1.873138393070365171e-01	8.804727177226293056e-02	4.002017732227915875e-02	1.018127871052874611e-01
2.056052340803495554e+03	1.756766993675366872e-01	1.085549320160644760e-01	2.983170686005807704e-01	1.874190052996115297e-01	8.809328447185521549e-02	4.005496568166756061e-02	1.018840445623756114e-01
2.060890111017150957e+03	1.754378663204047284e-01	1.083861203422236269e-01	2.984689447740270229e-01	1.875235824113326011e-01	8.813903659376985666e-02	4.008957338296869483e-02	1.019548761749654170e-01
2.065727881230805451e+03	1.752003793525231945e-01	1.082182585529458396e-01	2.986199728001612819e-01	1.876275740305337614e-01	8.818452964324294263e-02	4.012400124668421414e-02	1.020252843736007137e-01
2.070565651444461309e+03	1.749642308623189646e-01	1.080513412951324276e-01	2.987701575336829674e-01	1.877309835250688119e-01	8.822976511683047751e-02	4.015825009157322767e-02	1.020952715750850781e-01
2.075403421658116713e+03	1.747294132915362397e-01	1.078853632457200395e-01	2.989195038003518712e-01	1.878338142424503809e-01	8.827474450245524629e-02	4.019232073461912608e-02	1.021648401825591135e-01
2.080241191871772116e+03	1.744959191249781105e-01	1.077203191115193581e-01	2.990680163971782268e-01	1.879360695099884238e-01	8.831946927945343029e-02	4.022621399099724632e-02	1.022339925855772630e-01
2.085078962085427065e+03	1.742637408902497353e-01	1.075562036290543116e-01	2.992157000926121135e-01	1.880377526349270578e-01	8.836394091862115330e-02	4.025993067404336906e-02	1.023027311601842348e-01
2.089916732299082469e+03	1.740328711575039045e-01	1.073930115644019800e-01	2.993625596267307509e-01	1.881388669045804818e-01	8.840816088226072234e-02	4.029347159522304184e-02	1.023710582689910248e-01
2.094754502512737417e+03	1.738033025391878539e-01	1.072307377130330003e-01	2.995085997114245169e-01	1.882394155864676732e-01	8.845213062422678518e-02	4.032683756410164466e-02	1.024389762612504806e-01
2.099592272726392821e+03	1.735750276897922995e-01	1.070693768996526796e-01	2.996538250305809670e-01	1.883394019284459209e-01	8.849585158997227974e-02	4.036002938831527442e-02	1.025064874729325198e-01
2.104430042940048224e+03	1.733480393056023305e-01	1.069089239780426220e-01	2.997982402402684099e-01	1.884388291588431630e-01	8.853932521659425847e-02	4.039304787354237175e-02	1.025735942267988476e-01
2.109267813153704083e+03	1.731223301244498580e-01	1.067493738309030632e-01	2.999418499689168738e-01	1.885377004865893824e-01	8.858255293287946308e-02	4.042589382347611809e-02	1.026402988324773002e-01
2.114105583367359031e+03	1.728978929254679775e-01	1.065907213696958428e-01	3.000846588174983509e-01	1.886360191013467524e-01	8.862553615934971873e-02	4.045856803979756139e-02	1.027066035865358412e-01
2.118943353581013525e+03	1.726747205288469977e-01	1.064329615344879049e-01	3.002266713597055992e-01	1.887337881736387279e-01	8.866827630830727280e-02	4.049107132214947724e-02	1.027725107725560583e-01
2.123781123794669384e+03	1.724528057955922455e-01	1.062760892937955476e-01	3.003678921421291670e-01	1.888310108549781097e-01	8.871077478387973114e-02	4.052340446811090319e-02	1.028380226612063547e-01
2.128618894008324787e+03	1.722321416272836470e-01	1.061200996444293110e-01	3.005083256844331974e-01	1.889276902779938594e-01	8.875303298206504987e-02	4.055556827317243623e-02	1.029031415103145580e-01
2.133456664221980191e+03	1.720127209658368628e-01	1.059649876113394201e-01	3.006479764795298992e-01	1.890238295565571658e-01	8.879505229077622186e-02	4.058756353071215489e-02	1.029678695649404035e-01
2.138294434435635139e+03	1.717945367932660616e-01	1.058107482474619776e-01	3.007868489937526313e-01	1.891194317859060947e-01	8.883683408988572727e-02	4.061939103197226286e-02	1.030322090574473382e-01
2.143132204649290543e+03	1.715775821314485250e-01	1.056573766335658499e-01	3.009249476670275980e-01	1.892145000427696011e-01	8.887837975126999801e-02	4.065105156603637804e-02	1.030961622075741713e-01
2.147969974862945492e+03	1.713618500418907786e-01	1.055048678781000809e-01	3.010622769130441578e-01	1.893090373854902086e-01	8.891969063885343805e-02	4.068254591980747376e-02	1.031597312225060875e-01
2.152807745076601350e+03	1.711473336254961675e-01	1.053532171170420834e-01	3.011988411194237436e-01	1.894030468541458012e-01	8.896076810865247153e-02	4.071387487798643762e-02	1.032229182969455067e-01
2.157645515290255844e+03	1.709340260223342067e-01	1.052024195137464674e-01	3.013346446478881169e-01	1.894965314706704429e-01	8.900161350881934108e-02	4.074503922305130338e-02	1.032857256131823470e-01
2.162483285503912157e+03	1.707219204114116262e-01	1.050524702587945780e-01	3.014696918344251242e-01	1.895894942389741156e-01	8.904222817968568404e-02	4.077603973523707265e-02	1.033481553411640663e-01
2.167321055717567106e+03	1.705110100104445525e-01	1.049033645698445871e-01	3.016039869894542869e-01	1.896819381450616515e-01	8.908261345380592833e-02	4.080687719251614026e-02	1.034102096385651898e-01
2.172158825931222509e+03	1.703012880756326342e-01	1.047550976914824600e-01	3.017375343979903923e-01	1.897738661571504448e-01	8.912277065600057724e-02	4.083755237057932336e-02	1.034718906508565045e-01
2.176996596144877003e+03	1.700927479014344990e-01	1.046076648950734489e-01	3.018703383198063639e-01	1.898652812257874967e-01	8.916270110339920285e-02	4.086806604281745942e-02	1.035332005113738935e-01
2.181834366358532861e+03	1.698853828203446270e-01	1.044610614786143227e-01	3.020024029895944095e-01	1.899561862839653503e-01	8.920240610548332838e-02	4.089841898030361494e-02	1.035941413413867251e-01
2.186672136572187810e+03	1.696791862026719444e-01	1.043152827665862759e-01	3.021337326171262827e-01	1.900465842472370270e-01	8.924188696412915789e-02	4.092861195177580763e-02	1.036547152501659241e-01
2.191509906785843214e+03	1.694741514563196938e-01	1.041703241098085736e-01	3.022643313874120996e-01	1.901364780138301847e-01	8.928114497364993130e-02	4.095864572362032524e-02	1.037149243350516392e-01
2.196347676999498617e+03	1.692702720265669147e-01	1.040261808852927794e-01	3.023942034608580465e-01	1.902258704647603882e-01	8.932018142083834877e-02	4.098852105985555799e-02	1.037747706815205229e-01
2.201185447213154021e+03	1.690675413958510620e-01	1.038828484960978293e-01	3.025233529734228100e-01	1.903147644639432701e-01	8.935899758500860657e-02	4.101823872211637911e-02	1.038342563632526083e-01
2.206023217426809424e+03	1.688659530835524836e-01	1.037403223711855921e-01	3.026517840367732859e-01	1.904031628583059410e-01	8.939759473803836343e-02	4.104779946963902498e-02	1.038933834421979369e-01
2.210860987640464373e+03	1.686655006457798978e-01	1.035985979652773448e-01	3.027795007384381787e-01	1.904910684778975960e-01	8.943597414441044335e-02	4.107720405924655815e-02	1.039521539686426715e-01
2.215698757854119776e+03	1.684661776751576190e-01	1.034576707587107625e-01	3.029065071419612676e-01	1.905784841359990656e-01	8.947413706125438571e-02	4.110645324533472589e-02	1.040105699812749057e-01
2.220536528067775180e+03	1.682679778006139215e-01	1.033175362572976985e-01	3.030328072870532297e-01	1.906654126292315898e-01	8.951208473838782875e-02	4.113554777985842931e-02	1.040686335072500690e-01
2.225374298281430583e+03	1.680708946871707632e-01	1.031781899921826451e-01	3.031584051897422971e-01	1.907518567376647600e-01	8.954981841835764345e-02	4.116448841231858113e-02	1.041263465622560974e-01
2.230212068495085077e+03	1.678749220357351191e-01	1.030396275197018319e-01	3.032833048425238598e-01	1.908378192249235716e-01	8.958733933648095615e-02	4.119327588974949078e-02	1.041837111505780206e-01
2.235049838708740936e+03	1.676800535828912864e-01	1.029018444212431577e-01	3.034075102145087910e-01	1.909233028382946173e-01	8.962464872088590773e-02	4.122191095670672129e-02	1.042407292651623824e-01
2.239887608922396339e+03	1.674862831006949382e-01	1.027648363031066076e-01	3.035310252515709961e-01	1.910083103088315304e-01	8.966174779255224603e-02	4.125039435525540421e-02	1.042974028876811898e-01
2.244725379136052197e+03	1.672936043964680652e-01	1.026285987963655721e-01	3.036538538764934070e-01	1.910928443514595676e-01	8.969863776535177968e-02	4.127872682495897089e-02	1.043537339885955567e-01
2.249563149349706237e+03	1.671020113125955553e-01	1.024931275567287220e-01	3.037759999891134766e-01	1.911769076650792487e-01	8.973531984608859591e-02	4.130690910286834855e-02	1.044097245272189722e-01
2.254400919563362095e+03	1.669114977263228827e-01	1.023584182644026452e-01	3.038974674664668973e-01	1.912605029326695794e-01	8.977179523453908405e-02	4.133494192351161445e-02	1.044653764517802369e-01
2.259238689777017044e+03	1.667220575495551860e-01	1.022244666239551375e-01	3.040182601629309311e-01	1.913436328213898863e-01	8.980806512349176485e-02	4.136282601888405241e-02	1.045206916994859681e-01
2.264076459990672902e+03	1.665336847286574828e-01	1.020912683641792273e-01	3.041383819103662400e-01	1.914262999826814859e-01	8.984413069878699476e-02	4.139056211843860494e-02	1.045756721965829111e-01
