1.001418434226643626e+03	2.787092175795110593e-01	1.814764890262305363e-01	2.346355229380555074e-01	1.408232212056722554e-01	6.828905192193573948e-02	2.680957593391621041e-02	6.925692139436578909e-02
1.003837319333471214e+03	2.782726258324525470e-01	1.812108571104231736e-01	2.349244389093571861e-01	1.409989005451858235e-01	6.836354856212131792e-02	2.685844525826638907e-02	6.937118378188078527e-02
1.006256204440298802e+03	2.778373278578695760e-01	1.809459352737310123e-01	2.352123624095871779e-01	1.411740664468430495e-01	6.843782756442699788e-02	2.690729537240195077e-02	6.948518507482751017e-02
1.008675089547126618e+03	2.774033197856681787e-01	1.806817215065970039e-01	2.354992980624239229e-01	1.413487204175455092e-01	6.851188958250570282e-02	2.695612437168852168e-02	6.959892627325842129e-02
1.011093974653954206e+03	2.769705977579759448e-01	1.804182138060720919e-01	2.357852504714591235e-01	1.415228639607404582e-01	6.858573526699829337e-02	2.700493040034897610e-02	6.971240833609240739e-02
1.013512859760782021e+03	2.765391579290953916e-01	1.801554101757906201e-01	2.360702242197756373e-01	1.416964985763302654e-01	6.865936526564625497e-02	2.705371165007654580e-02	6.982563218297263563e-02
1.015931744867609382e+03	2.761089964654578899e-01	1.798933086259460468e-01	2.363542238695530429e-01	1.418696257605918110e-01	6.873278022339400495e-02	2.710246635869329943e-02	6.993859869605134616e-02
1.018350629974437197e+03	2.756801095455775341e-01	1.796319071732662143e-01	2.366372539616996840e-01	1.420422470061051823e-01	6.880598078248190141e-02	2.715119280885245137e-02	7.005130872170443890e-02
1.020769515081264785e+03	2.752524933600060675e-01	1.793712038409886744e-01	2.369193190155100270e-01	1.422143638016904743e-01	6.887896758253074514e-02	2.719988932678291463e-02	7.016376307217847552e-02
1.023188400188092373e+03	2.748261441112872516e-01	1.791111966588356530e-01	2.372004235283464990e-01	1.423859776323520288e-01	6.895174126061869024e-02	2.724855428107466823e-02	7.027596252717253911e-02
1.025607285294920075e+03	2.744010580139122357e-01	1.788518836629892084e-01	2.374805719753443622e-01	1.425570899792294455e-01	6.902430245135117437e-02	2.729718608150348211e-02	7.038790783535742168e-02
1.028026170401747549e+03	2.739772312942746479e-01	1.785932628960661683e-01	2.377597688091390715e-01	1.427277023195547001e-01	6.909665178692461773e-02	2.734578317789359767e-02	7.049959971583458218e-02
1.030445055508575479e+03	2.735546601906264086e-01	1.783353324070928725e-01	2.380380184596149196e-01	1.428978161266144520e-01	6.916878989718458492e-02	2.739434405901713249e-02	7.061103885953703974e-02
1.032863940615402726e+03	2.731333409530338763e-01	1.780780902514799979e-01	2.383153253336741662e-01	1.430674328697175701e-01	6.924071740967871480e-02	2.744286725152881787e-02	7.072222593057435336e-02
1.035282825722230655e+03	2.727132698433334945e-01	1.778215344909973572e-01	2.385916938150256239e-01	1.432365540141670446e-01	6.931243494970512620e-02	2.749135131893490694e-02	7.083316156752393622e-02
1.037701710829058356e+03	2.722944431350889372e-01	1.775656631937484464e-01	2.388671282639921178e-01	1.434051810212358113e-01	6.938394314035671584e-02	2.753979486059504947e-02	7.094384638467050863e-02
1.040120595935886058e+03	2.718768571135470880e-01	1.773104744341451877e-01	2.391416330173356530e-01	1.435733153481461855e-01	6.945524260256159821e-02	2.758819651075598151e-02	7.105428097319586855e-02
1.042539481042713533e+03	2.714605080755956301e-01	1.770559662928824218e-01	2.394152123880999017e-01	1.437409584480527358e-01	6.952633395512018699e-02	2.763655493761593696e-02	7.116446590232070046e-02
1.044958366149541234e+03	2.710453923297199141e-01	1.768021368569125673e-01	2.396878706654689550e-01	1.439081117700278800e-01	6.959721781473926505e-02	2.768486884241869866e-02	7.127440172040022670e-02
1.047377251256368709e+03	2.706315061959602697e-01	1.765489842194202241e-01	2.399596121146416183e-01	1.440747767590503936e-01	6.966789479606315394e-02	2.773313695857628283e-02	7.138408895597556092e-02
1.049796136363196410e+03	2.702188460058699282e-01	1.762965064797965831e-01	2.402304409767209437e-01	1.442409548559958898e-01	6.973836551170262132e-02	2.778135805081924717e-02	7.149352811878233183e-02
1.052215021470024112e+03	2.698074081024725568e-01	1.760447017436141959e-01	2.405003614686177793e-01	1.444066474976299641e-01	6.980863057226117940e-02	2.782953091437369297e-02	7.160271970071820091e-02
1.054633906576851814e+03	2.693971888402207360e-01	1.757935681226013291e-01	2.407693777829680859e-01	1.445718561166028926e-01	6.987869058635964858e-02	2.787765437416401398e-02	7.171166417677085625e-02
1.057052791683679516e+03	2.689881845849539377e-01	1.755431037346167067e-01	2.410374940880633532e-01	1.447365821414463016e-01	6.994854616065873665e-02	2.792572728404052462e-02	7.182036200590800890e-02
1.059471676790506763e+03	2.685803917138572250e-01	1.752933067036239745e-01	2.413047145277933681e-01	1.449008269965712803e-01	7.001819789987989706e-02	2.797374852603111764e-02	7.192881363193076583e-02
1.061890561897334692e+03	2.681738066154197853e-01	1.750441751596665263e-01	2.415710432216007231e-01	1.450645921022679641e-01	7.008764640682477176e-02	2.802171700961609072e-02	7.203701948429176716e-02
1.064309447004162394e+03	2.677684256893942960e-01	1.747957072388419963e-01	2.418364842644468993e-01	1.452278788747063398e-01	7.015689228239326003e-02	2.806963167102537876e-02	7.214497997887951708e-02
1.066728332110990095e+03	2.673642453467553470e-01	1.745479010832771127e-01	2.421010417267890624e-01	1.453906887259384106e-01	7.022593612560028287e-02	2.811749147255743556e-02	7.225269551877007423e-02
1.069147217217817570e+03	2.669612620096594724e-01	1.743007548411022734e-01	2.423647196545670179e-01	1.455530230639010547e-01	7.029477853359147876e-02	2.816529540191897371e-02	7.236016649494747544e-02
1.071566102324645271e+03	2.665594721114043497e-01	1.740542666664265381e-01	2.426275220692000745e-01	1.457148832924200499e-01	7.036342010165785865e-02	2.821304247158491416e-02	7.246739328699390581e-02
1.073984987431472746e+03	2.661588720963886656e-01	1.738084347193123713e-01	2.428894529675934000e-01	1.458762708112149309e-01	7.043186142324961430e-02	2.826073171817780269e-02	7.257437626375091988e-02
1.076403872538300675e+03	2.657594584200719812e-01	1.735632571657505507e-01	2.431505163221528987e-01	1.460371870159044849e-01	7.050010308998895525e-02	2.830836220186606217e-02	7.268111578395283767e-02
1.078822757645127922e+03	2.653612275489347638e-01	1.733187321776351320e-01	2.434107160808088866e-01	1.461976332980129689e-01	7.056814569168240459e-02	2.835593300578044887e-02	7.278761219683321793e-02
1.081241642751955851e+03	2.649641759604389191e-01	1.730748579327386349e-01	2.436700561670475940e-01	1.463576110449769374e-01	7.063598981633220641e-02	2.840344323544803651e-02	7.289386584270550473e-02
1.083660527858783553e+03	2.645683001429882109e-01	1.728316326146870086e-01	2.439285404799505230e-01	1.465171216401526255e-01	7.070363605014724773e-02	2.845089201824321790e-02	7.299987705351901335e-02
1.086079412965611255e+03	2.641735965958889598e-01	1.725890544129348725e-01	2.441861728942408549e-01	1.466761664628237760e-01	7.077108497755339733e-02	2.849827850285508932e-02	7.310564615339092132e-02
1.088498298072438729e+03	2.637800618293110189e-01	1.723471215227408149e-01	2.444429572603368794e-01	1.468347468882098827e-01	7.083833718120330358e-02	2.854560185877069028e-02	7.321117345911533347e-02
1.090917183179266431e+03	2.633876923642486934e-01	1.721058321451426065e-01	2.446988974044119192e-01	1.469928642874749891e-01	7.090539324198576188e-02	2.859286127577354356e-02	7.331645928065036455e-02
1.093336068286093905e+03	2.629964847324822164e-01	1.718651844869329148e-01	2.449539971284606377e-01	1.471505200277365144e-01	7.097225373903470746e-02	2.864005596345701316e-02	7.342150392158389161e-02
1.095754953392921607e+03	2.626064354765390019e-01	1.716251767606345180e-01	2.452082602103709263e-01	1.473077154720747739e-01	7.103891924973772254e-02	2.868718515075195652e-02	7.352630767957903102e-02
1.098173838499749309e+03	2.622175411496554531e-01	1.713858071844760744e-01	2.454616904040015923e-01	1.474644519795423325e-01	7.110539034974430739e-02	2.873424808546820586e-02	7.363087084679993677e-02
1.100592723606577010e+03	2.618297983157387154e-01	1.711470739823678366e-01	2.457142914392653199e-01	1.476207309051741079e-01	7.117166761297381850e-02	2.878124403384939300e-02	7.373519371031876657e-02
1.103011608713404712e+03	2.614432035493285955e-01	1.709089753838773651e-01	2.459660670222164613e-01	1.477765535999971402e-01	7.123775161162308744e-02	2.882817228014072572e-02	7.383927655250453748e-02
1.105430493820231959e+03	2.610577534355599805e-01	1.706715096242055196e-01	2.462170208351437406e-01	1.479319214110411118e-01	7.130364291617381778e-02	2.887503212616922277e-02	7.394311965139457876e-02
1.107849378927059888e+03	2.606734445701248681e-01	1.704346749441623399e-01	2.464671565366672590e-01	1.480868356813485054e-01	7.136934209539973206e-02	2.892182289093602962e-02	7.404672328104917878e-02
1.110268264033887590e+03	2.602902735592352856e-01	1.701984695901432587e-01	2.467164777618398308e-01	1.482412977499853179e-01	7.143484971637351078e-02	2.896854391022040190e-02	7.415008771189028625e-02
1.112687149140715292e+03	2.599082370195856528e-01	1.699628918141052880e-01	2.469649881222521215e-01	1.483953089520517743e-01	7.150016634447352304e-02	2.901519453619498534e-02	7.425321321102455741e-02
1.115106034247542766e+03	2.595273315783158674e-01	1.697279398735432321e-01	2.472126912061416437e-01	1.485488706186929297e-01	7.156529254339046020e-02	2.906177413705200718e-02	7.435610004255178984e-02
1.117524919354370468e+03	2.591475538729744454e-01	1.694936120314661510e-01	2.474595905785050565e-01	1.487019840771097723e-01	7.163022887513369186e-02	2.910828209663999730e-02	7.445874846785885404e-02
1.119943804461197942e+03	2.587689005514814955e-01	1.692599065563739347e-01	2.477056897812141278e-01	1.488546506505700751e-01	7.169497590003753862e-02	2.915471781411075811e-02	7.456115874590002468e-02
1.122362689568025871e+03	2.583913682720924143e-01	1.690268217222338221e-01	2.479509923331343346e-01	1.490068716584195818e-01	7.175953417676739221e-02	2.920108070357617380e-02	7.466333113346419748e-02
1.124781574674853118e+03	2.580149537033614160e-01	1.687943558084572249e-01	2.481955017302466815e-01	1.491586484160929704e-01	7.182390426232580782e-02	2.924737019377459529e-02	7.476526588542926899e-02
1.127200459781681047e+03	2.576396535241050612e-01	1.685625070998765795e-01	2.484392214457719905e-01	1.493099822351250661e-01	7.188808671205829115e-02	2.929358572774643996e-02	7.486696325500452609e-02
1.129619344888508749e+03	2.572654644233665633e-01	1.683312738867222547e-01	2.486821549302977996e-01	1.494608744231621378e-01	7.195208207965915481e-02	2.933972676251873912e-02	7.496842349396132255e-02
1.132038229995336451e+03	2.568923831003795399e-01	1.681006544645996803e-01	2.489243056119077313e-01	1.496113262839730007e-01	7.201589091717722213e-02	2.938579276879835223e-02	7.506964685285248684e-02
1.134457115102163925e+03	2.565204062645325411e-01	1.678706471344665052e-01	2.491656768963126933e-01	1.497613391174603958e-01	7.207951377502139212e-02	2.943178323067351804e-02	7.517063358122098859e-02
1.136876000208991627e+03	2.561495306353333001e-01	1.676412502026098927e-01	2.494062721669844940e-01	1.499109142196722866e-01	7.214295120196624611e-02	2.947769764532353481e-02	7.527138392779830767e-02
1.139294885315819101e+03	2.557797529423734839e-01	1.674124619806240111e-01	2.496460947852909840e-01	1.500600528828130997e-01	7.220620374515740458e-02	2.952353552273625018e-02	7.537189814069283900e-02
1.141713770422646803e+03	2.554110699252933880e-01	1.671842807853875235e-01	2.498851480906331968e-01	1.502087563952550220e-01	7.226927195011705052e-02	2.956929638543316294e-02	7.547217646756873566e-02
1.144132655529474505e+03	2.550434783337467981e-01	1.669567049390413005e-01	2.501234354005837934e-01	1.503570260415494630e-01	7.233215636074913357e-02	2.961497976820184203e-02	7.557221915581570360e-02
1.146551540636302207e+03	2.546769749273662398e-01	1.667297327689660769e-01	2.503609600110273115e-01	1.505048631024382688e-01	7.239485751934476854e-02	2.966058521783549590e-02	7.567202645270987293e-02
1.148970425743129908e+03	2.543115564757281732e-01	1.665033626077605522e-01	2.505977251963012464e-01	1.506522688548649902e-01	7.245737596658728685e-02	2.970611229287937333e-02	7.577159860556642590e-02
1.151389310849957155e+03	2.539472197583183544e-01	1.662775927932191589e-01	2.508337342093388544e-01	1.507992445719863461e-01	7.251971224155757956e-02	2.975156056338386715e-02	7.587093586188393968e-02
1.153808195956785084e+03	2.535839615644974177e-01	1.660524216683104404e-01	2.510689902818125652e-01	1.509457915231834368e-01	7.258186688173906553e-02	2.979692961066405382e-02	7.597003846948113814e-02
1.156227081063612786e+03	2.532217786934667370e-01	1.658278475811550967e-01	2.513034966242786994e-01	1.510919109740730404e-01	7.264384042302286792e-02	2.984221902706550578e-02	7.606890667662610794e-02
1.158645966170440488e+03	2.528606679542342306e-01	1.656038688850045293e-01	2.515372564263230193e-01	1.512376041865189369e-01	7.270563339971279626e-02	2.988742841573610934e-02	7.616754073215840914e-02
1.161064851277267962e+03	2.525006261655804995e-01	1.653804839382192193e-01	2.517702728567067227e-01	1.513828724186431218e-01	7.276724634453038409e-02	2.993255739040381544e-02	7.626594088560431639e-02
1.163483736384095664e+03	2.521416501560248546e-01	1.651576911042473839e-01	2.520025490635134924e-01	1.515277169248370748e-01	7.282867978861977398e-02	2.997760557516000388e-02	7.636410738728552361e-02
1.165902621490923138e+03	2.517837367637918433e-01	1.649354887516036872e-01	2.522340881742968777e-01	1.516721389557729727e-01	7.288993426155274125e-02	3.002257260424841256e-02	7.646204048842153433e-02
1.168321506597751068e+03	2.514268828367779429e-01	1.647138752538481743e-01	2.524648932962281767e-01	1.518161397584149030e-01	7.295101029133348181e-02	3.006745812185934036e-02	7.655974044122602906e-02
1.170740391704578315e+03	2.510710852325177544e-01	1.644928489895652046e-01	2.526949675162450393e-01	1.519597205760300218e-01	7.301190840440358043e-02	3.011226178192906791e-02	7.665720749899741782e-02
1.173159276811406244e+03	2.507163408181513620e-01	1.642724083423424408e-01	2.529243139011997377e-01	1.521028826481996832e-01	7.307262912564671531e-02	3.015698324794426760e-02	7.675444191620391099e-02
1.175578161918233945e+03	2.503626464703909704e-01	1.640525517007502543e-01	2.531529354980083246e-01	1.522456272108306252e-01	7.313317297839358466e-02	3.020162219275127069e-02	7.685144394856320560e-02
1.177997047025061647e+03	2.500099990754882096e-01	1.638332774583209084e-01	2.533808353337994590e-01	1.523879554961660165e-01	7.319354048442661131e-02	3.024617829837003904e-02	7.694821385311707840e-02
1.180415932131889122e+03	2.496583955292013268e-01	1.636145840135280749e-01	2.536080164160637862e-01	1.525298687327965586e-01	7.325373216398471665e-02	3.029065125581270265e-02	7.704475188830120502e-02
1.182834817238716823e+03	2.493078327367627411e-01	1.633964697697663782e-01	2.538344817328029301e-01	1.526713681456715321e-01	7.331374853576805295e-02	3.033504076490652068e-02	7.714105831401020519e-02
1.185253702345544298e+03	2.489583076128465411e-01	1.631789331353311612e-01	2.540602342526788182e-01	1.528124549561097889e-01	7.337359011694269406e-02	3.037934653412115160e-02	7.723713339165826086e-02
1.187672587452371999e+03	2.486098170815362329e-01	1.629619725233981964e-01	2.542852769251625067e-01	1.529531303818106591e-01	7.343325742314531224e-02	3.042356828040005193e-02	7.733297738423541845e-02
1.190091472559199701e+03	2.482623580762926552e-01	1.627455863520037849e-01	2.545096126806831727e-01	1.530933956368650817e-01	7.349275096848786881e-02	3.046770572899593771e-02	7.742859055635985255e-02
1.192510357666027403e+03	2.479159275399219764e-01	1.625297730440245503e-01	2.547332444307769395e-01	1.532332519317663455e-01	7.355207126556224939e-02	3.051175861331015607e-02	7.752397317432614676e-02
1.194929242772855105e+03	2.475705224245438874e-01	1.623145310271577602e-01	2.549561750682350358e-01	1.533727004734211363e-01	7.361121882544481576e-02	3.055572667473585580e-02	7.761912550614986916e-02
1.197348127879682352e+03	2.472261396915599041e-01	1.620998587339017027e-01	2.551784074672520664e-01	1.535117424651602502e-01	7.367019415770109658e-02	3.059960966250483555e-02	7.771404782160852565e-02
1.199767012986510281e+03	2.468827763116218377e-01	1.618857546015358695e-01	2.553999444835737820e-01	1.536503791067494740e-01	7.372899777039031155e-02	3.064340733353799334e-02	7.780874039227908545e-02
1.202185898093337983e+03	2.465404292646004303e-01	1.616722170721016372e-01	2.556207889546445178e-01	1.537886115944003818e-01	7.378763017006993719e-02	3.068711945229922813e-02	7.790320349157227320e-02
1.204604783200165684e+03	2.461990955395540470e-01	1.614592445923828112e-01	2.558409436997537978e-01	1.539264411207811045e-01	7.384609186180028650e-02	3.073074579065271372e-02	7.799743739476365512e-02
1.207023668306993159e+03	2.458587721346975619e-01	1.612468356138864467e-01	2.560604115201831621e-01	1.540638688750270713e-01	7.390438334914897767e-02	3.077428612772345473e-02	7.809144237902174157e-02
1.209442553413820860e+03	2.455194560573714380e-01	1.610349885928236691e-01	2.562791951993519390e-01	1.542008960427516118e-01	7.396250513419547201e-02	3.081774024976102755e-02	7.818521872343328627e-02
1.211861438520648335e+03	2.451811443240108634e-01	1.608237019900906062e-01	2.564972975029624069e-01	1.543375238060567256e-01	7.402045771753558434e-02	3.086110795000638826e-02	7.827876670902576828e-02
1.214280323627476264e+03	2.448438339601150537e-01	1.606129742712496811e-01	2.567147211791450112e-01	1.544737533435436294e-01	7.407824159828589605e-02	3.090438902856168166e-02	7.837208661878733440e-02
1.216699208734303511e+03	2.445075220002167204e-01	1.604028039065105438e-01	2.569314689586021938e-01	1.546095858303234150e-01	7.413585727408827930e-02	3.094758329226297844e-02	7.846517873768418805e-02
1.219118093841131440e+03	2.441722054878515402e-01	1.601931893707115306e-01	2.571475435547520005e-01	1.547450224380275130e-01	7.419330524111428238e-02	3.099069055455581922e-02	7.855804335267566052e-02
1.221536978947959142e+03	2.438378814755279844e-01	1.599841291433011792e-01	2.573629476638707447e-01	1.548800643348183514e-01	7.425058599406959836e-02	3.103371063537352370e-02	7.865068075272695081e-02
1.223955864054786844e+03	2.435045470246972044e-01	1.597756217083196317e-01	2.575776839652355599e-01	1.550147126853997082e-01	7.430770002619842274e-02	3.107664336101815389e-02	7.874309122881971434e-02
1.226374749161614318e+03	2.431721992057228610e-01	1.595676655543802613e-01	2.577917551212653424e-01	1.551489686510272858e-01	7.436464782928789430e-02	3.111948856404410380e-02	7.883527507396072276e-02
1.228793634268442020e+03	2.428408350978512875e-01	1.593602591746516306e-01	2.580051637776614726e-01	1.552828333895191204e-01	7.442142989367245276e-02	3.116224608314416972e-02	7.892723258318833091e-02
1.231212519375269494e+03	2.425104517891818190e-01	1.591534010668392840e-01	2.582179125635480355e-01	1.554163080552658227e-01	7.447804670823821027e-02	3.120491576303809772e-02	7.901896405357723696e-02
1.233631404482097196e+03	2.421810463766371213e-01	1.589470897331675403e-01	2.584300040916104879e-01	1.555493937992411535e-01	7.453449876042728128e-02	3.124749745436352158e-02	7.911046978424141063e-02
1.236050289588924898e+03	2.418526159659336594e-01	1.587413236803618954e-01	2.586414409582340479e-01	1.556820917690122097e-01	7.459078653624211241e-02	3.128999101356921136e-02	7.920175007633534214e-02
1.238469174695752372e+03	2.415251576715524151e-01	1.585361014196310092e-01	2.588522257436411400e-01	1.558144031087497772e-01	7.464691052024981233e-02	3.133239630281057370e-02	7.929280523305365369e-02
1.240888059802580301e+03	2.411986686167095495e-01	1.583314214666491360e-01	2.590623610120280085e-01	1.559463289592386004e-01	7.470287119558649547e-02	3.137471318984734470e-02	7.938363555962923979e-02
1.243306944909407548e+03	2.408731459333274261e-01	1.581272823415384166e-01	2.592718493117002754e-01	1.560778704578874854e-01	7.475866904396145929e-02	3.141694154794343052e-02	7.947424136332986722e-02
1.245725830016235477e+03	2.405485867620054674e-01	1.579236825688515589e-01	2.594806931752078327e-01	1.562090287387396248e-01	7.481430454566159738e-02	3.145908125576881570e-02	7.956462295345345659e-02
1.248144715123063179e+03	2.402249882519914559e-01	1.577206206775543240e-01	2.596888951194787909e-01	1.563398049324827288e-01	7.486977817955554892e-02	3.150113219730348718e-02	7.965478064132203162e-02
1.250563600229890881e+03	2.399023475611526957e-01	1.575180952010083180e-01	2.598964576459524278e-01	1.564702001664591280e-01	7.492509042309801470e-02	3.154309426174335684e-02	7.974471474027441942e-02
1.252982485336718355e+03	2.395806618559475631e-01	1.573161046769538385e-01	2.601033832407114166e-01	1.566002155646758487e-01	7.498024175233392041e-02	3.158496734340803663e-02	7.983442556565777115e-02
1.255401370443546057e+03	2.392599283113968078e-01	1.571146476474928055e-01	2.603096743746127206e-01	1.567298522478147715e-01	7.503523264190271880e-02	3.162675134165056356e-02	7.992391343481802801e-02
1.257820255550373531e+03	2.389401441110553526e-01	1.569137226590717749e-01	2.605153335034182116e-01	1.568591113332424569e-01	7.509006356504253910e-02	3.166844616076883862e-02	8.001317866708924920e-02
1.260239140657201460e+03	2.386213064469840939e-01	1.567133282624651458e-01	2.607203630679235662e-01	1.569879939350203868e-01	7.514473499359437814e-02	3.171005170991893912e-02	8.010222158378191293e-02
1.262658025764028707e+03	2.383034125197216191e-01	1.565134630127582582e-01	2.609247654940869410e-01	1.571165011639147902e-01	7.519924739800629143e-02	3.175156790303007570e-02	8.019104250817042645e-02
1.265076910870856636e+03	2.379864595382563952e-01	1.563141254693310167e-01	2.611285431931560375e-01	1.572446341274065240e-01	7.525360124733755651e-02	3.179299465872125613e-02	8.027964176547959518e-02
1.267495795977684338e+03	2.376704447199987635e-01	1.561153141958410706e-01	2.613316985617947230e-01	1.573723939297011210e-01	7.530779700926283626e-02	3.183433190021959375e-02	8.036801968287032860e-02
1.269914681084511813e+03	2.373553652907532396e-01	1.559170277602074106e-01	2.615342339822082085e-01	1.574997816717385035e-01	7.536183515007627287e-02	3.187557955528018405e-02	8.045617658942452732e-02
1.272333566191339514e+03	2.370412184846909520e-01	1.557192647345941594e-01	2.617361518222678374e-01	1.576267984512029763e-01	7.541571613469565116e-02	3.191673755610755642e-02	8.054411281612923468e-02
1.274752451298167216e+03	2.367280015443220254e-01	1.555220236953940849e-01	2.619374544356341539e-01	1.577534453625328570e-01	7.546944042666650643e-02	3.195780583927863155e-02	8.063182869586008050e-02
1.277171336404994690e+03	2.364157117204682135e-01	1.553253032232126962e-01	2.621381441618796382e-01	1.578797234969303576e-01	7.552300848816620449e-02	3.199878434566713614e-02	8.071932456336405881e-02
1.279590221511822392e+03	2.361043462722355879e-01	1.551291019028519236e-01	2.623382233266102204e-01	1.580056339423712986e-01	7.557642078000804953e-02	3.203967302036948850e-02	8.080660075524172259e-02
1.282009106618650094e+03	2.357939024669874484e-01	1.549334183232943529e-01	2.625376942415855175e-01	1.581311777836148513e-01	7.562967776164529476e-02	3.208047181263207898e-02	8.089365760992876797e-02
1.284427991725477568e+03	2.354843775803172612e-01	1.547382510776871833e-01	2.627365592048384602e-01	1.582563561022130583e-01	7.568277989117529192e-02	3.212118067577988262e-02	8.098049546767713269e-02
1.286846876832305497e+03	2.351757688960216530e-01	1.545435987633266284e-01	2.629348205007939199e-01	1.583811699765207137e-01	7.573572762534344638e-02	3.216179956714648042e-02	8.106711467053549780e-02
1.289265761939132744e+03	2.348680737060735990e-01	1.543494599816420398e-01	2.631324804003858930e-01	1.585056204817048287e-01	7.578852141954731114e-02	3.220232844800528793e-02	8.115351556232937302e-02
1.291684647045960673e+03	2.345612893105957220e-01	1.541558333381804480e-01	2.633295411611743519e-01	1.586297086897541786e-01	7.584116172784062526e-02	3.224276728350215088e-02	8.123969848864080745e-02
1.294103532152788375e+03	2.342554130178338134e-01	1.539627174425910183e-01	2.635260050274605970e-01	1.587534356694889903e-01	7.589364900293721350e-02	3.228311604258909950e-02	8.132566379678758672e-02
1.296522417259616077e+03	2.339504421441301607e-01	1.537701109086095641e-01	2.637218742304017205e-01	1.588768024865703232e-01	7.594598369621510803e-02	3.232337469795938667e-02	8.141141183580208329e-02
1.298941302366443551e+03	2.336463740138972067e-01	1.535780123540433917e-01	2.639171509881241273e-01	1.589998102035096728e-01	7.599816625772043421e-02	3.236354322598362920e-02	8.149694295640989850e-02
1.301360187473271253e+03	2.333432059595914043e-01	1.533864204007558962e-01	2.641118375058362222e-01	1.591224598796783518e-01	7.605019713617142130e-02	3.240362160664719826e-02	8.158225751100792178e-02
1.303779072580098727e+03	2.330409353216869595e-01	1.531953336746514904e-01	2.643059359759397098e-01	1.592447525713169554e-01	7.610207677896237144e-02	3.244360982348865052e-02	8.166735585364237604e-02
1.306197957686926657e+03	2.327395594486497132e-01	1.530047508056605887e-01	2.644994485781401727e-01	1.593666893315447142e-01	7.615380563216757326e-02	3.248350786353930431e-02	8.175223833998643275e-02
1.308616842793753904e+03	2.324390756969114402e-01	1.528146704277246193e-01	2.646923774795568174e-01	1.594882712103689593e-01	7.620538414054525700e-02	3.252331571726386344e-02	8.183690532731763279e-02
1.311035727900581833e+03	2.321394814308436749e-01	1.526250911787811193e-01	2.648847248348307759e-01	1.596094992546943092e-01	7.625681274754149419e-02	3.256303337850216528e-02	8.192135717449505750e-02
1.313454613007409534e+03	2.318407740227322322e-01	1.524360117007489412e-01	2.650764927862328535e-01	1.597303745083321347e-01	7.630809189529411118e-02	3.260266084441185847e-02	8.200559424193640257e-02
1.315873498114237009e+03	2.315429508527516167e-01	1.522474306395135424e-01	2.652676834637701098e-01	1.598508980120097456e-01	7.635922202463660269e-02	3.264219811541212851e-02	8.208961689159474662e-02
1.318292383221064711e+03	2.312460093089392932e-01	1.520593466449124964e-01	2.654582989852913855e-01	1.599710708033796891e-01	7.641020357510197591e-02	3.268164519512840871e-02	8.217342548693529203e-02
1.320711268327892412e+03	2.309499467871703460e-01	1.518717583707206997e-01	2.656483414565920520e-01	1.600908939170288814e-01	7.646103698492666412e-02	3.272100209033806939e-02	8.225702039291184209e-02
1.323130153434719887e+03	2.306547606911323045e-01	1.516846644746362438e-01	2.658378129715175953e-01	1.602103683844878501e-01	7.651172269105434298e-02	3.276026881091698151e-02	8.234040197594330590e-02
1.325549038541547588e+03	2.303604484322997747e-01	1.514980636182656493e-01	2.660267156120664223e-01	1.603294952342399216e-01	7.656226112913981641e-02	3.279944536978705166e-02	8.242357060388999512e-02
1.327967923648375290e+03	2.300670074299094037e-01	1.513119544671099881e-01	2.662150514484915576e-01	1.604482754917303522e-01	7.661265273355284677e-02	3.283853178286465918e-02	8.250652664602986519e-02
1.330386808755202765e+03	2.297744351109348715e-01	1.511263356905503674e-01	2.664028225394015070e-01	1.605667101793753215e-01	7.666289793738190195e-02	3.287752806900991892e-02	8.258927047303474267e-02
1.332805693862030694e+03	2.294827289100620227e-01	1.509412059618339963e-01	2.665900309318601225e-01	1.606848003165711192e-01	7.671299717243811045e-02	3.291643424997685308e-02	8.267180245694641383e-02
1.335224578968857941e+03	2.291918862696639414e-01	1.507565639580600025e-01	2.667766786614854113e-01	1.608025469197031931e-01	7.676295086925889744e-02	3.295525035036438871e-02	8.275412297115281035e-02
1.337643464075685870e+03	2.289019046397763879e-01	1.505724083601656382e-01	2.669627677525475695e-01	1.609199510021550594e-01	7.681275945711187048e-02	3.299397639756813938e-02	8.283623239036400077e-02
1.340062349182513572e+03	2.286127814780731515e-01	1.503887378529121521e-01	2.671483002180659594e-01	1.610370135743173781e-01	7.686242336399862207e-02	3.303261242173305412e-02	8.291813109058832065e-02
1.342481234289341273e+03	2.283245142498415703e-01	1.502055511248712727e-01	2.673332780599053105e-01	1.611537356435968626e-01	7.691194301665839339e-02	3.307115845570682278e-02	8.299981944910843346e-02
1.344900119396168748e+03	2.280371004279580227e-01	1.500228468684112471e-01	2.675177032688708101e-01	1.612701182144252177e-01	7.696131884057187678e-02	3.310961453499404461e-02	8.308129784445747457e-02
1.347319004502996449e+03	2.277505374928637805e-01	1.498406237796832963e-01	2.677015778248023614e-01	1.613861622882680202e-01	7.701055125996499051e-02	3.314798069771114630e-02	8.316256665639508439e-02
1.349737889609823924e+03	2.274648229325406668e-01	1.496588805586080151e-01	2.678849036966680641e-01	1.615018688636336575e-01	7.705964069781252868e-02	3.318625698454207018e-02	8.324362626588369118e-02
1.352156774716651853e+03	2.271799542424870200e-01	1.494776159088619105e-01	2.680676828426564740e-01	1.616172389360820971e-01	7.710858757584196366e-02	3.322444343869467021e-02	8.332447705506462743e-02
1.354575659823479100e+03	2.268959289256936018e-01	1.492968285378638849e-01	2.682499172102681406e-01	1.617322734982337695e-01	7.715739231453706826e-02	3.326254010585782267e-02	8.340511940723445428e-02
1.356994544930307029e+03	2.266127444926197276e-01	1.491165171567619685e-01	2.684316087364065906e-01	1.618469735397782827e-01	7.720605533314166269e-02	3.330054703415919609e-02	8.348555370682128607e-02
1.359413430037134731e+03	2.263303984611695352e-01	1.489366804804201083e-01	2.686127593474676445e-01	1.619613400474831932e-01	7.725457704966329220e-02	3.333846427412375663e-02	8.356578033936125360e-02
1.361832315143962205e+03	2.260488883566680318e-01	1.487573172274047895e-01	2.687933709594285681e-01	1.620753740052027214e-01	7.730295788087687692e-02	3.337629187863290492e-02	8.364579969147492577e-02
1.364251200250789907e+03	2.257682117118375575e-01	1.485784261199720180e-01	2.689734454779360018e-01	1.621890763938865776e-01	7.735119824232838948e-02	3.341402990288428604e-02	8.372561215084396713e-02
1.366670085357617609e+03	2.254883660667743595e-01	1.484000058840543035e-01	2.691529847983930024e-01	1.623024481915885386e-01	7.739929854833849099e-02	3.345167840435221696e-02	8.380521810618785095e-02
1.369088970464445310e+03	2.252093489689249162e-01	1.482220552492475862e-01	2.693319908060455847e-01	1.624154903734750521e-01	7.744725921200618091e-02	3.348923744274878017e-02	8.388461794724061393e-02
1.371507855571272785e+03	2.249311579730627897e-01	1.480445729487983586e-01	2.695104653760679314e-01	1.625282039118339239e-01	7.749508064521241912e-02	3.352670707998547939e-02	8.396381206472783298e-02
1.373926740678100487e+03	2.246537906412651719e-01	1.478675577195908697e-01	2.696884103736469362e-01	1.626405897760829222e-01	7.754276325862370645e-02	3.356408738013554743e-02	8.404280085034362968e-02
1.376345625784927961e+03	2.243772445428898477e-01	1.476910083021342746e-01	2.698658276540660261e-01	1.627526489327782711e-01	7.759030746169576220e-02	3.360137840939684400e-02	8.412158469672781358e-02
1.378764510891755890e+03	2.241015172545519629e-01	1.475149234405499499e-01	2.700427190627880392e-01	1.628643823456233375e-01	7.763771366267704921e-02	3.363858023605529463e-02	8.420016399744327529e-02
1.381183395998583137e+03	2.238266063601011546e-01	1.473393018825589207e-01	2.702190864355372146e-01	1.629757909754769307e-01	7.768498226861236811e-02	3.367569293044893330e-02	8.427853914695333792e-02
1.383602281105411066e+03	2.235525094505985966e-01	1.471641423794693149e-01	2.703949315983807944e-01	1.630868757803619618e-01	7.773211368534642396e-02	3.371271656493250723e-02	8.435671054059937224e-02
1.386021166212238768e+03	2.232792241242941012e-01	1.469894436861636233e-01	2.705702563678088479e-01	1.631976377154737978e-01	7.777910831752744836e-02	3.374965121384260192e-02	8.443467857457856440e-02
1.388440051319066470e+03	2.230067479866035263e-01	1.468152045610866263e-01	2.707450625508143749e-01	1.633080777331888112e-01	7.782596656861065498e-02	3.378649695346332832e-02	8.451244364592168379e-02
1.390858936425893944e+03	2.227350786500860713e-01	1.466414237662327924e-01	2.709193519449719090e-01	1.634181967830726501e-01	7.787268884086182008e-02	3.382325386199253742e-02	8.459000615247125321e-02
1.393277821532721646e+03	2.224642137344216009e-01	1.464681000671340660e-01	2.710931263385156775e-01	1.635279958118887045e-01	7.791927553536083517e-02	3.385992201950855512e-02	8.466736649285963590e-02
1.395696706639549120e+03	2.221941508663883014e-01	1.462952322328475441e-01	2.712663875104167621e-01	1.636374757636064325e-01	7.796572705200517650e-02	3.389650150793741684e-02	8.474452506648744166e-02
1.398115591746377049e+03	2.219248876798403103e-01	1.461228190359435131e-01	2.714391372304595929e-01	1.637466375794096873e-01	7.801204378951342999e-02	3.393299241102057384e-02	8.482148227350204406e-02
1.400534476853204296e+03	2.216564218156853450e-01	1.459508592524930981e-01	2.716113772593175546e-01	1.638554821977050158e-01	7.805822614542876070e-02	3.396939481428317559e-02	8.489823851477627803e-02
1.402953361960032225e+03	2.213887509218624705e-01	1.457793516620563556e-01	2.717831093486279825e-01	1.639640105541299853e-01	7.810427451612245164e-02	3.400570880500271981e-02	8.497479419188730398e-02
1.405372247066859927e+03	2.211218726533200618e-01	1.456082950476703386e-01	2.719543352410663806e-01	1.640722235815612884e-01	7.815018929679733162e-02	3.404193447217831320e-02	8.505114970709559685e-02
1.407791132173687402e+03	2.208557846719937101e-01	1.454376881958370782e-01	2.721250566704196960e-01	1.641801222101231250e-01	7.819597088149124464e-02	3.407807190650024437e-02	8.512730546332422654e-02
1.410210017280515103e+03	2.205904846467841296e-01	1.452675298965118156e-01	2.722952753616592059e-01	1.642877073671953625e-01	7.824161966308050553e-02	3.411412120032013273e-02	8.520326186413820779e-02
1.412628902387342805e+03	2.203259702535355358e-01	1.450978189430911502e-01	2.724649930310121260e-01	1.643949799774215847e-01	7.828713603328334159e-02	3.415008244762147982e-02	8.527901931372409983e-02
1.415047787494170507e+03	2.200622391750136908e-01	1.449285541324014104e-01	2.726342113860331096e-01	1.645019409627174467e-01	7.833252038266333428e-02	3.418595574399065085e-02	8.535457821686974478e-02
1.417466672600997981e+03	2.197992891008841432e-01	1.447597342646868568e-01	2.728029321256744133e-01	1.646085912422785846e-01	7.837777310063279157e-02	3.422174118658830727e-02	8.542993897894421429e-02
1.419885557707825683e+03	2.195371177276907171e-01	1.445913581435981643e-01	2.729711569403561189e-01	1.647149317325888596e-01	7.842289457545623121e-02	3.425743887412127653e-02	8.550510200587793652e-02
1.422304442814653157e+03	2.192757227588339186e-01	1.444234245761809032e-01	2.731388875120346893e-01	1.648209633474283509e-01	7.846788519425369757e-02	3.429304890681480339e-02	8.558006770414300357e-02
1.424723327921481086e+03	2.190151019045493697e-01	1.442559323728639098e-01	2.733061255142714696e-01	1.649266869978814609e-01	7.851274534300423102e-02	3.432857138638524541e-02	8.565483648073368705e-02
1.427142213028308333e+03	2.187552528818865194e-01	1.440888803474480728e-01	2.734728726123004661e-01	1.650321035923448809e-01	7.855747540654917094e-02	3.436400641601316391e-02	8.572940874314710635e-02
1.429561098135136262e+03	2.184961734146873280e-01	1.439222673170947875e-01	2.736391304630950705e-01	1.651372140365356123e-01	7.860207576859559730e-02	3.439935410031681046e-02	8.580378489936414665e-02
1.431979983241963964e+03	2.182378612335650336e-01	1.437560921023146865e-01	2.738049007154346737e-01	1.652420192334989046e-01	7.864654681171961981e-02	3.443461454532599497e-02	8.587796535783050189e-02
1.434398868348791666e+03	2.179803140758829749e-01	1.435903535269564546e-01	2.739701850099697800e-01	1.653465200836162219e-01	7.869088891736976399e-02	3.446978785845634941e-02	8.595195052743792585e-02
1.436817753455619140e+03	2.177235296857335245e-01	1.434250504181955599e-01	2.741349849792871773e-01	1.654507174846132078e-01	7.873510246587030192e-02	3.450487414848396606e-02	8.602574081750573309e-02
1.439236638562446842e+03	2.174675058139170780e-01	1.432601816065231792e-01	2.742993022479743859e-01	1.655546123315674578e-01	7.877918783642458289e-02	3.453987352552040369e-02	8.609933663776242474e-02
1.441655523669274316e+03	2.172122402179211820e-01	1.430957459257349851e-01	2.744631384326828294e-01	1.656582055169165957e-01	7.882314540711832240e-02	3.457478610098808219e-02	8.617273839832750859e-02
1.444074408776102018e+03	2.169577306618996615e-01	1.429317422129202930e-01	2.746264951421912293e-01	1.657614979304659064e-01	7.886697555492294676e-02	3.460961198759598956e-02	8.624594650969356902e-02
1.446493293882929493e+03	2.167039749166518592e-01	1.427681693084509873e-01	2.747893739774674438e-01	1.658644904593961911e-01	7.891067865569886819e-02	3.464435129931577734e-02	8.631896138270847563e-02
1.448912178989757422e+03	2.164509707596019572e-01	1.426050260559705851e-01	2.749517765317305296e-01	1.659671839882717603e-01	7.895425508419877392e-02	3.467900415135821701e-02	8.639178342855780013e-02
1.451331064096585123e+03	2.161987159747783827e-01	1.424423113023834953e-01	2.751137043905114710e-01	1.660695793990479840e-01	7.899770521407091517e-02	3.471357066014996162e-02	8.646441305874744132e-02
1.453749949203412370e+03	2.159472083527932129e-01	1.422800238978439713e-01	2.752751591317139090e-01	1.661716775710791183e-01	7.904102941786234071e-02	3.474805094331064048e-02	8.653685068508643052e-02
1.456168834310240300e+03	2.156964456908217753e-01	1.421181626957457034e-01	2.754361423256735941e-01	1.662734793811261047e-01	7.908422806702219976e-02	3.478244511963034247e-02	8.660909671966993129e-02
1.458587719417068001e+03	2.154464257925823023e-01	1.419567265527107991e-01	2.755966555352177272e-01	1.663749857033641477e-01	7.912730153190494775e-02	3.481675330904735605e-02	8.668115157486241951e-02
1.461006604523895703e+03	2.151971464683154756e-01	1.417957143285792088e-01	2.757567003157235797e-01	1.664761974093904584e-01	7.917025018177359375e-02	3.485097563262629788e-02	8.675301566328105785e-02
1.463425489630723177e+03	2.149486055347643032e-01	1.416351248863982615e-01	2.759162782151763915e-01	1.665771153682319150e-01	7.921307438480296170e-02	3.488511221253647737e-02	8.682468939777931993e-02
1.465844374737550879e+03	2.147008008151539693e-01	1.414749570924120903e-01	2.760753907742267144e-01	1.666777404463526957e-01	7.925577450808286850e-02	3.491916317203064973e-02	8.689617319143069785e-02
1.468263259844378354e+03	2.144537301391716833e-01	1.413152098160508907e-01	2.762340395262473103e-01	1.667780735076617726e-01	7.929835091762131583e-02	3.495312863542401893e-02	8.696746745751268715e-02
1.470682144951206283e+03	2.142073913429466958e-01	1.411558819299207901e-01	2.763922259973892182e-01	1.668781154135207390e-01	7.934080397834773757e-02	3.498700872807358059e-02	8.703857260949091068e-02
1.473101030058033530e+03	2.139617822690303706e-01	1.409969723097933281e-01	2.765499517066375423e-01	1.669778670227511363e-01	7.938313405411615009e-02	3.502080357635772162e-02	8.710948906100347833e-02
1.475519915164861459e+03	2.137169007663763109e-01	1.408384798345950761e-01	2.767072181658662977e-01	1.670773291916420877e-01	7.942534150770837187e-02	3.505451330765616685e-02	8.718021722584548550e-02
1.477938800271689161e+03	2.134727446903204873e-01	1.406804033863973680e-01	2.768640268798931436e-01	1.671765027739577913e-01	7.946742670083713211e-02	3.508813805033014765e-02	8.725075751795376144e-02
1.480357685378516862e+03	2.132293119025616135e-01	1.405227418504061132e-01	2.770203793465332298e-01	1.672753886209450425e-01	7.950938999414927655e-02	3.512167793370288976e-02	8.732111035139171473e-02
1.482776570485344337e+03	2.129866002711414130e-01	1.403654941149515556e-01	2.771762770566525425e-01	1.673739875813406996e-01	7.955123174722890378e-02	3.515513308804040643e-02	8.739127614033440072e-02
