1.001418434226643626e+03	2.787512982214490065e-01	1.814400004718756121e-01	2.346580097631683903e-01	1.408216188440229444e-01	6.828913695648949900e-02	2.680890038385416729e-02	6.923103535882633996e-02
1.003837319333471214e+03	2.783156533999829318e-01	1.811735321508533558e-01	2.349481252868694525e-01	1.409973970342548177e-01	6.836369144513264329e-02	2.685746668720839433e-02	6.934413399538442990e-02
1.006256204440298802e+03	2.778812952244530399e-01	1.809077787782338298e-01	2.352372563218605717e-01	1.411726624657541340e-01	6.843802849979975511e-02	2.690600988392638851e-02	6.945696882565832730e-02
1.008675089547126618e+03	2.774482198755948703e-01	1.806427383310530987e-01	2.355254070664216937e-01	1.413474166380752073e-01	6.851214877232278400e-02	2.695452813215775539e-02	6.956954118406062648e-02
1.011093974653954206e+03	2.770164235460340629e-01	1.803784087927917112e-01	2.358125817066338004e-01	1.415216610474245573e-01	6.858605291148477112e-02	2.700301964042298164e-02	6.968185235489411655e-02
1.013512859760782021e+03	2.765859024402370081e-01	1.801147881533546602e-01	2.360987844158842774e-01	1.416953971865645978e-01	6.865974156313781052e-02	2.705148266611835314e-02	6.979390357438933212e-02
1.015931744867609382e+03	2.761566527744618860e-01	1.798518744090510380e-01	2.363840193543980672e-01	1.418686265447278994e-01	6.873321537031024109e-02	2.709991551407009425e-02	6.990569603266678922e-02
1.018350629974437197e+03	2.757286707767107048e-01	1.795896655625736360e-01	2.366682906687935239e-01	1.420413506075413057e-01	6.880647497330386053e-02	2.714831653513597245e-02	7.001723087562700121e-02
1.020769515081264785e+03	2.753019526866816169e-01	1.793281596229782671e-01	2.369516024916623609e-01	1.422135708569583212e-01	6.887952100978232683e-02	2.719668412485277617e-02	7.012850920677032862e-02
1.023188400188092373e+03	2.748764947557219562e-01	1.790673546056630872e-01	2.372339589411722738e-01	1.423852887711995474e-01	6.895235411485144128e-02	2.724501672212806605e-02	7.023953208894967437e-02
1.025607285294920075e+03	2.744522932467817755e-01	1.788072485323473904e-01	2.375153641206916855e-01	1.425565058247001693e-01	6.902497492113222888e-02	2.729331280797470810e-02	7.035030054605805050e-02
1.028026170401747549e+03	2.740293444343679385e-01	1.785478394310507644e-01	2.377958221184358345e-01	1.427272234880637147e-01	6.909738405882749623e-02	2.734157090428669321e-02	7.046081556465352835e-02
1.030445055508575479e+03	2.736076446044985455e-01	1.782891253360717743e-01	2.380753370071329311e-01	1.428974432280215867e-01	6.916958215578239422e-02	2.738978957265486916e-02	7.057107809552380651e-02
1.032863940615402726e+03	2.731871900546582466e-01	1.780311042879665906e-01	2.383539128437100751e-01	1.430671665073978138e-01	6.924156983753960992e-02	2.743796741322116969e-02	7.068108905519236707e-02
1.035282825722230655e+03	2.727679770937533887e-01	1.777737743335275344e-01	2.386315536689979921e-01	1.432363947850785468e-01	6.931334772738984018e-02	2.748610306357006372e-02	7.079084932736855185e-02
1.037701710829058356e+03	2.723500020420681067e-01	1.775171335257615390e-01	2.389082635074536443e-01	1.434051295159854966e-01	6.938491644641774092e-02	2.753419519765593418e-02	7.090035976434344578e-02
1.040120595935886058e+03	2.719332612312207464e-01	1.772611799238685004e-01	2.391840463669003825e-01	1.435733721510534799e-01	6.945627661354411564e-02	2.758224252476516175e-02	7.100962118833348269e-02
1.042539481042713533e+03	2.715177510041207332e-01	1.770059115932195448e-01	2.394589062382845579e-01	1.437411241372112958e-01	6.952742884556437075e-02	2.763024378851174426e-02	7.111863439277370247e-02
1.044958366149541234e+03	2.711034677149252725e-01	1.767513266053352683e-01	2.397328470954483426e-01	1.439083869173656272e-01	6.959837375718382069e-02	2.767819776586527558e-02	7.122740014356238047e-02
1.047377251256368709e+03	2.706904077289975508e-01	1.764974230378637821e-01	2.400058728949177878e-01	1.440751619303877185e-01	6.966911196105010640e-02	2.772610326621019819e-02	7.133591918025888878e-02
1.049796136363196410e+03	2.702785674228642132e-01	1.762441989745588133e-01	2.402779875757056482e-01	1.442414506111026895e-01	6.973964406778296321e-02	2.777395913043529188e-02	7.144419221723641300e-02
1.052215021470024112e+03	2.698679431841738419e-01	1.759916525052578340e-01	2.405491950591282790e-01	1.444072543902811534e-01	6.980997068600157396e-02	2.782176423005229549e-02	7.155221994479103731e-02
1.054633906576851814e+03	2.694585314116555996e-01	1.757397817258598838e-01	2.408194992486363539e-01	1.445725746946326107e-01	6.988009242234982654e-02	2.786951746634276639e-02	7.166000303020893247e-02
1.057052791683679516e+03	2.690503285150782076e-01	1.754885847383036157e-01	2.410889040296583241e-01	1.447374129468009807e-01	6.995000988151958699e-02	2.791721776953213704e-02	7.176754211879311784e-02
1.059471676790506763e+03	2.686433309152092552e-01	1.752380596505451471e-01	2.413574132694566166e-01	1.449017705653614929e-01	7.001972366627229327e-02	2.796486409799007339e-02	7.187483783485104638e-02
1.061890561897334692e+03	2.682375350437748995e-01	1.749882045765360217e-01	2.416250308169956562e-01	1.450656489648194658e-01	7.008923437745882834e-02	2.801245543745627467e-02	7.198189078264480290e-02
1.064309447004162394e+03	2.678329373434196192e-01	1.747390176362010328e-01	2.418917605028215179e-01	1.452290495556100292e-01	7.015854261403808856e-02	2.805999080029078496e-02	7.208870154730483149e-02
1.066728332110990095e+03	2.674295342676667464e-01	1.744904969554160468e-01	2.421576061389525136e-01	1.453919737440993731e-01	7.022764897309426158e-02	2.810746922474804954e-02	7.219527069570888522e-02
1.069147217217817570e+03	2.670273222808788316e-01	1.742426406659860205e-01	2.424225715187804664e-01	1.455544229325867189e-01	7.029655404985277189e-02	2.815488977427387657e-02	7.230159877732712792e-02
1.071566102324645271e+03	2.666262978582187304e-01	1.739954469056226305e-01	2.426866604169820030e-01	1.457163985193077327e-01	7.036525843769529664e-02	2.820225153682452690e-02	7.240768632503487290e-02
1.073984987431472746e+03	2.662264574856104127e-01	1.737489138179223180e-01	2.429498765894395895e-01	1.458779018984384113e-01	7.043376272817386541e-02	2.824955362420721386e-02	7.251353385589397182e-02
1.076403872538300675e+03	2.658277976597006043e-01	1.735030395523440572e-01	2.432122237731719205e-01	1.460389344601000228e-01	7.050206751102396086e-02	2.829679517144125314e-02	7.261914187190400549e-02
1.078822757645127922e+03	2.654303148878204288e-01	1.732578222641872889e-01	2.434737056862730786e-01	1.461994975903645744e-01	7.057017337417692548e-02	2.834397533613919676e-02	7.272451086072435900e-02
1.081241642751955851e+03	2.650340056879472717e-01	1.730132601145697724e-01	2.437343260278605206e-01	1.463595926712610573e-01	7.063808090377156346e-02	2.839109329790725708e-02	7.282964129636840256e-02
1.083660527858783553e+03	2.646388665886670877e-01	1.727693512704055745e-01	2.439940884780308905e-01	1.465192210807821915e-01	7.070579068416525670e-02	2.843814825776438265e-02	7.293453363987045801e-02
1.086079412965611255e+03	2.642448941291367648e-01	1.725260939043829767e-01	2.442529966978238543e-01	1.466783841928916976e-01	7.077330329794434549e-02	2.848513943757933695e-02	7.303918833992682769e-02
1.088498298072438729e+03	2.638520848590469869e-01	1.722834861949424923e-01	2.445110543291934002e-01	1.468370833775319295e-01	7.084061932593407884e-02	2.853206607952522150e-02	7.314360583351171841e-02
1.090917183179266431e+03	2.634604353385849862e-01	1.720415263262547456e-01	2.447682649949861344e-01	1.469953200006321736e-01	7.090773934720800975e-02	2.857892744555081549e-02	7.324778654646893483e-02
1.093336068286093905e+03	2.630699421383978498e-01	1.718002124881987669e-01	2.450246322989266257e-01	1.471530954241170308e-01	7.097466393909704352e-02	2.862572281686814532e-02	7.335173089408032754e-02
1.095754953392921607e+03	2.626806018395559383e-01	1.715595428763398711e-01	2.452801598256092452e-01	1.473104110059152982e-01	7.104139367719797260e-02	2.867245149345585414e-02	7.345543928161164804e-02
1.098173838499749309e+03	2.622924110335163594e-01	1.713195156919079254e-01	2.455348511404961409e-01	1.474672680999690455e-01	7.110792913538181714e-02	2.871911279357766689e-02	7.355891210483692100e-02
1.100592723606577010e+03	2.619053663220871631e-01	1.710801291417754499e-01	2.457887097899211781e-01	1.476236680562429959e-01	7.117427088580170758e-02	2.876570605331562822e-02	7.366214975054177772e-02
1.103011608713404712e+03	2.615194643173910372e-01	1.708413814384358853e-01	2.460417393010999043e-01	1.477796122207342133e-01	7.124041949890051739e-02	2.881223062611747501e-02	7.376515259700686111e-02
1.105430493820231959e+03	2.611347016418300582e-01	1.706032707999818876e-01	2.462939431821444258e-01	1.479351019354817887e-01	7.130637554341823225e-02	2.885868588235776522e-02	7.386792101447173242e-02
1.107849378927059888e+03	2.607510749280498863e-01	1.703657954500837068e-01	2.465453249220839194e-01	1.480901385385768876e-01	7.137213958639912481e-02	2.890507120891224954e-02	7.397045536558015388e-02
1.110268264033887590e+03	2.603685808189045714e-01	1.701289536179674822e-01	2.467958879908898895e-01	1.482447233641729090e-01	7.143771219319859644e-02	2.895138600874508014e-02	7.407275600580739972e-02
1.112687149140715292e+03	2.599872159674214700e-01	1.698927435383938145e-01	2.470456358395062002e-01	1.483988577424958100e-01	7.150309392748993575e-02	2.899762970050841215e-02	7.417482328387023371e-02
1.115106034247542766e+03	2.596069770367666063e-01	1.696571634516361726e-01	2.472945718998836306e-01	1.485525429998544311e-01	7.156828535127081337e-02	2.904380171815398870e-02	7.427665754212024740e-02
1.117524919354370468e+03	2.592278607002097002e-01	1.694222116034595771e-01	2.475426995850185385e-01	1.487057804586511267e-01	7.163328702486965183e-02	2.908990151055631385e-02	7.437825911692101666e-02
1.119943804461197942e+03	2.588498636410897502e-01	1.691878862450992838e-01	2.477900222889959925e-01	1.488585714373922009e-01	7.169809950695184286e-02	2.913592854114702493e-02	7.447962833900988178e-02
1.122362689568025871e+03	2.584729825527808944e-01	1.689541856332393843e-01	2.480365433870362901e-01	1.490109172506987600e-01	7.176272335452577034e-02	2.918188228756012428e-02	7.458076553384473950e-02
1.124781574674853118e+03	2.580972141386583818e-01	1.687211080299916288e-01	2.482822662355455845e-01	1.491628192093173988e-01	7.182715912294883320e-02	2.922776224128763659e-02	7.468167102193645768e-02
1.127200459781681047e+03	2.577225551120643776e-01	1.684886517028744146e-01	2.485271941721697575e-01	1.493142786201311079e-01	7.189140736593321868e-02	2.927356790734544564e-02	7.478234511916757865e-02
1.129619344888508749e+03	2.573490021962745455e-01	1.682568149247915534e-01	2.487713305158518184e-01	1.494652967861699877e-01	7.195546863555163375e-02	2.931929880394891844e-02	7.488278813709747794e-02
1.132038229995336451e+03	2.569765521244642414e-01	1.680255959740113714e-01	2.490146785668923002e-01	1.496158750066222676e-01	7.201934348224292570e-02	2.936495446219796954e-02	7.498300038325486638e-02
1.134457115102163925e+03	2.566052016396754287e-01	1.677949931341458090e-01	2.492572416070126529e-01	1.497660145768452133e-01	7.208303245481763322e-02	2.941053442577134386e-02	7.508298216141787162e-02
1.136876000208991627e+03	2.562349474947832606e-01	1.675650046941295213e-01	2.494990228994216908e-01	1.499157167883760911e-01	7.214653610046346810e-02	2.945603825062971873e-02	7.518273377188217088e-02
1.139294885315819101e+03	2.558657864524633285e-01	1.673356289481991999e-01	2.497400256888845371e-01	1.500649829289431858e-01	7.220985496475057497e-02	2.950146550472739979e-02	7.528225551171774388e-02
1.141713770422646803e+03	2.554977152851584665e-01	1.671068641958728673e-01	2.499802532017940948e-01	1.502138142824766542e-01	7.227298959163702685e-02	2.954681576773229845e-02	7.538154767501449582e-02
1.144132655529474505e+03	2.551307307750464437e-01	1.668787087419292547e-01	2.502197086462450981e-01	1.503622121291198765e-01	7.233594052347391834e-02	2.959208863075396545e-02	7.548061055311736101e-02
1.146551540636302207e+03	2.547648297140072682e-01	1.666511608963873181e-01	2.504583952121102741e-01	1.505101777452400869e-01	7.239870830101061139e-02	2.963728369607932650e-02	7.557944443485105357e-02
1.148970425743129908e+03	2.544000089035908241e-01	1.664242189744858103e-01	2.506963160711187522e-01	1.506577124034396142e-01	7.246129346339984234e-02	2.968240057691599529e-02	7.567804960673507608e-02
1.151389310849957155e+03	2.540362651549847861e-01	1.661978812966629082e-01	2.509334743769364162e-01	1.508048173725668462e-01	7.252369654820287059e-02	2.972743889714280635e-02	7.577642635318922182e-02
1.153808195956785084e+03	2.536735952889826451e-01	1.659721461885359517e-01	2.511698732652483113e-01	1.509514939177272197e-01	7.258591809139441908e-02	2.977239829106738400e-02	7.587457495672987606e-02
1.156227081063612786e+03	2.533119961359516781e-01	1.657470119808813758e-01	2.514055158538425760e-01	1.510977433002942405e-01	7.264795862736775356e-02	2.981727840319053913e-02	7.597249569815761605e-02
1.158645966170440488e+03	2.529514645358013625e-01	1.655224770096144493e-01	2.516404052426963189e-01	1.512435667779204462e-01	7.270981868893952593e-02	2.986207888797722323e-02	7.607018885673634545e-02
1.161064851277267962e+03	2.525919973379519567e-01	1.652985396157694020e-01	2.518745445140629924e-01	1.513889656045484533e-01	7.277149880735481191e-02	2.990679940963386629e-02	7.616765471036426871e-02
1.163483736384095664e+03	2.522335914013026370e-01	1.650751981454794681e-01	2.521079367325609333e-01	1.515339410304218370e-01	7.283299951229188496e-02	2.995143964189188671e-02	7.626489353573703833e-02
1.165902621490923138e+03	2.518762435942008548e-01	1.648524509499570967e-01	2.523405849452640126e-01	1.516784943020960952e-01	7.289432133186708740e-02	2.999599926779715486e-02	7.636190560850342202e-02
1.168321506597751068e+03	2.515199507944108626e-01	1.646302963854740786e-01	2.525724921817926183e-01	1.518226266624496112e-01	7.295546479263961825e-02	3.004047797950524720e-02	7.645869120341364233e-02
1.170740391704578315e+03	2.511647098890827934e-01	1.644087328133421178e-01	2.528036614544068028e-01	1.519663393506945070e-01	7.301643041961636271e-02	3.008487547808229301e-02	7.655525059446076364e-02
1.173159276811406244e+03	2.508105177747219638e-01	1.641877585998930966e-01	2.530340957580997641e-01	1.521096336023875228e-01	7.307721873625659670e-02	3.012919147331123704e-02	7.665158405501544536e-02
1.175578161918233945e+03	2.504573713571582316e-01	1.639673721164596476e-01	2.532637980706926584e-01	1.522525106494409808e-01	7.313783026447670532e-02	3.017342568350332363e-02	7.674769185795414506e-02
1.177997047025061647e+03	2.501052675515152424e-01	1.637475717393558072e-01	2.534927713529304683e-01	1.523949717201334431e-01	7.319826552465490133e-02	3.021757783531469829e-02	7.684357427578115962e-02
1.180415932131889122e+03	2.497542032821803148e-01	1.635283558498577261e-01	2.537210185485784808e-01	1.525370180391207031e-01	7.325852503563587415e-02	3.026164766356789770e-02	7.693923158074474078e-02
1.182834817238716823e+03	2.494041754827741320e-01	1.633097228341844342e-01	2.539485425845199318e-01	1.526786508274463605e-01	7.331860931473545284e-02	3.030563491107809287e-02	7.703466404494738184e-02
1.185253702345544298e+03	2.490551810961205703e-01	1.630916710834787453e-01	2.541753463708538718e-01	1.528198713025527844e-01	7.337851887774521353e-02	3.034953932848396749e-02	7.712987194045063666e-02
1.187672587452371999e+03	2.487072170742167798e-01	1.628741989937882995e-01	2.544014328009941983e-01	1.529606806782917161e-01	7.343825423893708682e-02	3.039336067408304407e-02	7.722485553937466496e-02
1.190091472559199701e+03	2.483602803782033464e-01	1.626573049660465509e-01	2.546268047517690203e-01	1.531010801649350106e-01	7.349781591106793743e-02	3.043709871367135389e-02	7.731961511399260134e-02
1.192510357666027403e+03	2.480143679783345656e-01	1.624409874060539771e-01	2.548514650835205231e-01	1.532410709691852668e-01	7.355720440538413007e-02	3.048075322038725291e-02	7.741415093682010862e-02
1.194929242772855105e+03	2.476694768539489111e-01	1.622252447244593165e-01	2.550754166402054990e-01	1.533806542941865414e-01	7.361642023162606741e-02	3.052432397455935933e-02	7.750846328070012947e-02
1.197348127879682352e+03	2.473256039934396133e-01	1.620100753367409163e-01	2.552986622494961000e-01	1.535198313395348957e-01	7.367546389803270035e-02	3.056781076355838400e-02	7.760255241888316946e-02
1.199767012986510281e+03	2.469827463942252943e-01	1.617954776631882474e-01	2.555212047228812011e-01	1.536586033012890540e-01	7.373433591134602449e-02	3.061121338165277012e-02	7.769641862510322239e-02
1.202185898093337983e+03	2.466409010627208798e-01	1.615814501288832805e-01	2.557430468557676528e-01	1.537969713719808396e-01	7.379303677681561813e-02	3.065453162986805230e-02	7.779006217364951847e-02
1.204604783200165684e+03	2.463000650143084280e-01	1.613679911636823061e-01	2.559641914275823660e-01	1.539349367406258051e-01	7.385156699820302761e-02	3.069776531584976834e-02	7.788348333943419244e-02
1.207023668306993159e+03	2.459602352733082919e-01	1.611550992021974216e-01	2.561846412018742303e-01	1.540725005927336411e-01	7.390992707778626380e-02	3.074091425372985423e-02	7.797668239805621848e-02
1.209442553413820860e+03	2.456214088729503364e-01	1.609427726837785178e-01	2.564043989264163104e-01	1.542096641103187227e-01	7.396811751636425680e-02	3.078397826399639423e-02	7.806965962586150110e-02
1.211861438520648335e+03	2.452835828553451003e-01	1.607310100524950991e-01	2.566234673333080418e-01	1.543464284719104074e-01	7.402613881326122747e-02	3.082695717336663213e-02	7.816241529999951032e-02
1.214280323627476264e+03	2.449467542714554857e-01	1.605198097571182980e-01	2.568418491390778713e-01	1.544827948525636097e-01	7.408399146633110055e-02	3.086985081466315367e-02	7.825494969847647531e-02
1.216699208734303511e+03	2.446109201810681422e-01	1.603091702511028893e-01	2.570595470447856190e-01	1.546187644238691261e-01	7.414167597196189008e-02	3.091265902669310117e-02	7.834726310020523332e-02
1.219118093841131440e+03	2.442760776527652111e-01	1.600990899925695543e-01	2.572765637361248969e-01	1.547543383539637663e-01	7.419919282508008473e-02	3.095538165413040665e-02	7.843935578505208117e-02
1.221536978947959142e+03	2.439422237638961544e-01	1.598895674442870340e-01	2.574929018835255823e-01	1.548895178075409274e-01	7.425654251915499160e-02	3.099801854740085252e-02	7.853122803388044859e-02
1.223955864054786844e+03	2.436093556005496097e-01	1.596806010736545323e-01	2.577085641422564022e-01	1.550243039458607530e-01	7.431372554620306603e-02	3.104056956256997721e-02	7.862288012859171282e-02
1.226374749161614318e+03	2.432774702575254688e-01	1.594721893526841461e-01	2.579235531525269076e-01	1.551586979267603195e-01	7.437074239679222765e-02	3.108303456123364186e-02	7.871431235216334865e-02
1.228793634268442020e+03	2.429465648383070664e-01	1.592643307579833523e-01	2.581378715395900025e-01	1.552927009046639883e-01	7.442759356004619020e-02	3.112541341041127202e-02	7.880552498868421962e-02
1.231212519375269494e+03	2.426166364550334242e-01	1.590570237707377155e-01	2.583515219138436403e-01	1.554263140305934265e-01	7.448427952364877758e-02	3.116770598244161458e-02	7.889651832338746840e-02
1.233631404482097196e+03	2.422876822284715792e-01	1.588502668766935133e-01	2.585645068709330197e-01	1.555595384521779034e-01	7.454080077384815650e-02	3.120991215488098935e-02	7.898729264268089523e-02
1.236050289588924898e+03	2.419596992879892161e-01	1.586440585661405556e-01	2.587768289918519482e-01	1.556923753136643385e-01	7.459715779546112480e-02	3.125203181040392408e-02	7.907784823417497722e-02
1.238469174695752372e+03	2.416326847715271342e-01	1.584383973338950591e-01	2.589884908430444277e-01	1.558248257559272931e-01	7.465335107187734409e-02	3.129406483670614525e-02	7.916818538670863936e-02
1.240888059802580301e+03	2.413066358255720467e-01	1.582332816792826058e-01	2.591994949765057954e-01	1.559568909164792405e-01	7.470938108506360031e-02	3.133601112640981012e-02	7.925830439037291619e-02
1.243306944909407548e+03	2.409815496051294359e-01	1.580287101061212396e-01	2.594098439298835879e-01	1.560885719294803908e-01	7.476524831556803641e-02	3.137787057697093152e-02	7.934820553653246233e-02
1.245725830016235477e+03	2.406574232736963803e-01	1.578246811227045632e-01	2.596195402265778496e-01	1.562198699257487944e-01	7.482095324252437119e-02	3.141964309058895705e-02	7.943788911784510631e-02
1.248144715123063179e+03	2.403342540032347430e-01	1.576211932417849737e-01	2.598285863758420522e-01	1.563507860327702503e-01	7.487649634365603490e-02	3.146132857411839540e-02	7.952735542827954474e-02
1.250563600229890881e+03	2.400120389741442484e-01	1.574182449805570372e-01	2.600369848728822375e-01	1.564813213747082987e-01	7.493187809528041587e-02	3.150292693898244789e-02	7.961660476313126011e-02
1.252982485336718355e+03	2.396907753752357817e-01	1.572158348606408351e-01	2.602447381989571040e-01	1.566114770724140459e-01	7.498709897231300991e-02	3.154443810108862462e-02	7.970563741903652355e-02
1.255401370443546057e+03	2.393704604037047434e-01	1.570139614080655055e-01	2.604518488214768168e-01	1.567412542434360734e-01	7.504215944827156981e-02	3.158586198074621321e-02	7.979445369398492638e-02
1.257820255550373531e+03	2.390510912651045705e-01	1.568126231532527559e-01	2.606583191941021505e-01	1.568706540020302909e-01	7.509705999528026865e-02	3.162719850258562809e-02	7.988305388733023260e-02
1.260239140657201460e+03	2.387326651733202298e-01	1.566118186310005156e-01	2.608641517568424106e-01	1.569996774591696787e-01	7.515180108407379378e-02	3.166844759547950139e-02	7.997143829979974639e-02
1.262658025764028707e+03	2.384151793505419059e-01	1.564115463804668649e-01	2.610693489361536890e-01	1.571283257225541685e-01	7.520638318400155176e-02	3.170960919246556403e-02	8.005960723350212527e-02
1.265076910870856636e+03	2.380986310272389384e-01	1.562118049451535762e-01	2.612739131450362851e-01	1.572565998966202749e-01	7.526080676303165129e-02	3.175068323067117143e-02	8.014756099193397210e-02
1.267495795977684338e+03	2.377830174421335929e-01	1.560125928728902378e-01	2.614778467831315178e-01	1.573845010825509205e-01	7.531507228775508045e-02	3.179166965123949445e-02	8.023529987998496982e-02
1.269914681084511813e+03	2.374683358421750268e-01	1.558139087158181835e-01	2.616811522368186482e-01	1.575120303782850395e-01	7.536918022338978673e-02	3.183256839925729248e-02	8.032282420394176725e-02
1.272333566191339514e+03	2.371545834825135035e-01	1.556157510303746716e-01	2.618838318793106357e-01	1.576391888785272921e-01	7.542313103378468775e-02	3.187337942368424770e-02	8.041013427149074078e-02
1.274752451298167216e+03	2.368417576264744140e-01	1.554181183772768426e-01	2.620858880707498395e-01	1.577659776747575848e-01	7.547692518142379292e-02	3.191410267728380518e-02	8.049723039171946537e-02
1.277171336404994690e+03	2.365298555455327689e-01	1.552210093215061204e-01	2.622873231583031650e-01	1.578923978552408403e-01	7.553056312743020029e-02	3.195473811655545615e-02	8.058411287511718646e-02
1.279590221511822392e+03	2.362188745192874695e-01	1.550244224322925302e-01	2.624881394762565434e-01	1.580184505050364341e-01	7.558404533157012106e-02	3.199528570166847857e-02	8.067078203357420929e-02
1.282009106618650094e+03	2.359088118354357999e-01	1.548283562830990445e-01	2.626883393461089677e-01	1.581441367060076875e-01	7.563737225225693195e-02	3.203574539639704455e-02	8.075723818038030299e-02
1.284427991725477568e+03	2.355996647897480867e-01	1.546328094516061791e-01	2.628879250766660292e-01	1.582694575368315537e-01	7.569054434655517194e-02	3.207611716805666702e-02	8.084348163022213318e-02
1.286846876832305497e+03	2.352914306860423299e-01	1.544377805196964215e-01	2.630868989641328426e-01	1.583944140730079164e-01	7.574356207018449749e-02	3.211640098744199256e-02	8.092951269917979251e-02
1.289265761939132744e+03	2.349841068361589458e-01	1.542432680734390493e-01	2.632852632922066394e-01	1.585190073868691929e-01	7.579642587752369320e-02	3.215659682876582937e-02	8.101533170472241530e-02
1.291684647045960673e+03	2.346776905599357865e-01	1.540492707030746700e-01	2.634830203321685271e-01	1.586432385475895768e-01	7.584913622161468250e-02	3.219670466959945188e-02	8.110093896570311212e-02
1.294103532152788375e+03	2.343721791851829384e-01	1.538557870030002328e-01	2.636801723429746391e-01	1.587671086211945581e-01	7.590169355416639951e-02	3.223672449081407820e-02	8.118633480235297462e-02
1.296522417259616077e+03	2.340675700476579080e-01	1.536628155717537914e-01	2.638767215713471170e-01	1.588906186705702772e-01	7.595409832555877205e-02	3.227665627652354791e-02	8.127151953627444192e-02
1.298941302366443551e+03	2.337638604910407536e-01	1.534703550119994597e-01	2.640726702518642610e-01	1.590137697554727669e-01	7.600635098484663510e-02	3.231650001402815164e-02	8.135649349043386214e-02
1.301360187473271253e+03	2.334610478669093270e-01	1.532784039305125356e-01	2.642680206070499027e-01	1.591365629325373066e-01	7.605845197976371375e-02	3.235625569375955024e-02	8.144125698915348488e-02
1.303779072580098727e+03	2.331591295347146542e-01	1.530869609381646235e-01	2.644627748474627782e-01	1.592589992552877476e-01	7.611040175672643959e-02	3.239592330922680397e-02	8.152581035810277377e-02
1.306197957686926657e+03	2.328581028617563164e-01	1.528960246499087572e-01	2.646569351717846241e-01	1.593810797741456453e-01	7.616220076083790591e-02	3.243550285696342184e-02	8.161015392428912218e-02
1.308616842793753904e+03	2.325579652231580807e-01	1.527055936847647177e-01	2.648505037669081075e-01	1.595028055364395569e-01	7.621384943589175343e-02	3.247499433647550726e-02	8.169428801604801393e-02
1.311035727900581833e+03	2.322587140018433360e-01	1.525156666658044058e-01	2.650434828080243110e-01	1.596241775864142565e-01	7.626534822437598671e-02	3.251439775019082656e-02	8.177821296303261489e-02
1.313454613007409534e+03	2.319603465885110294e-01	1.523262422201372146e-01	2.652358744587089423e-01	1.597451969652397830e-01	7.631669756747690159e-02	3.255371310340893221e-02	8.186192909620290670e-02
1.315873498114237009e+03	2.316628603816113241e-01	1.521373189788956248e-01	2.654276808710087643e-01	1.598658647110206277e-01	7.636789790508291542e-02	3.259294040425216032e-02	8.194543674781427922e-02
1.318292383221064711e+03	2.313662527873215080e-01	1.519488955772206606e-01	2.656189041855268052e-01	1.599861818588048656e-01	7.641894967578834186e-02	3.263207966361763440e-02	8.202873625140576219e-02
1.320711268327892412e+03	2.310705212195220681e-01	1.517609706542476788e-01	2.658095465315074568e-01	1.601061494405931485e-01	7.646985331689730436e-02	3.267113089513010854e-02	8.211182794178774336e-02
1.323130153434719887e+03	2.307756630997726544e-01	1.515735428530919637e-01	2.659996100269204633e-01	1.602257684853478636e-01	7.652060926442749711e-02	3.271009411509574749e-02	8.219471215502931194e-02
1.325549038541547588e+03	2.304816758572882651e-01	1.513866108208346550e-01	2.661890967785445761e-01	1.603450400190020719e-01	7.657121795311400136e-02	3.274896934245671160e-02	8.227738922844525515e-02
1.327967923648375290e+03	2.301885569289154609e-01	1.512001732085084538e-01	2.663780088820507652e-01	1.604639650644684723e-01	7.662167981641306025e-02	3.278775659874664378e-02	8.235985950058269389e-02
1.330386808755202765e+03	2.298963037591087721e-01	1.510142286710837167e-01	2.665663484220844315e-01	1.605825446416484226e-01	7.667199528650589513e-02	3.282645590804691288e-02	8.244212331120738535e-02
1.332805693862030694e+03	2.296049137999070788e-01	1.508287758674544399e-01	2.667541174723474517e-01	1.607007797674408489e-01	7.672216479430243874e-02	3.286506729694369661e-02	8.252418100128963707e-02
1.335224578968857941e+03	2.293143845109100742e-01	1.506438134604242696e-01	2.669413180956790588e-01	1.608186714557511832e-01	7.677218876944505443e-02	3.290359079448582774e-02	8.260603291299012385e-02
1.337643464075685870e+03	2.290247133592549222e-01	1.504593401166927358e-01	2.671279523441367210e-01	1.609362207175001891e-01	7.682206764031239421e-02	3.294202643214338977e-02	8.268767938964521891e-02
1.340062349182513572e+03	2.287358978195928316e-01	1.502753545068414853e-01	2.673140222590760229e-01	1.610534285606328442e-01	7.687180183402303468e-02	3.298037424376710353e-02	8.276912077575221405e-02
1.342481234289341273e+03	2.284479353740659635e-01	1.500918553053204874e-01	2.674995298712299352e-01	1.611702959901271659e-01	7.692139177643919634e-02	3.301863426554836611e-02	8.285035741695433165e-02
1.344900119396168748e+03	2.281608235122840334e-01	1.499088411904345164e-01	2.676844772007878626e-01	1.612868240080030380e-01	7.697083789217054606e-02	3.305680653598003227e-02	8.293138966002536194e-02
1.347319004502996449e+03	2.278745597313015514e-01	1.497263108443295521e-01	2.678688662574734147e-01	1.614030136133308424e-01	7.702014060457777755e-02	3.309489109581791044e-02	8.301221785285427257e-02
1.349737889609823924e+03	2.275891415355945635e-01	1.495442629529792067e-01	2.680526990406222887e-01	1.615188658022404244e-01	7.706930033577638617e-02	3.313288798804289031e-02	8.309284234442954054e-02
1.352156774716651853e+03	2.273045664370378083e-01	1.493626962061714303e-01	2.682359775392590406e-01	1.616343815679295859e-01	7.711831750664030483e-02	3.317079725782374339e-02	8.317326348482338705e-02
1.354575659823479100e+03	2.270208319548819853e-01	1.491816092974950214e-01	2.684187037321734137e-01	1.617495619006729390e-01	7.716719253680556778e-02	3.320861895248056195e-02	8.325348162517577644e-02
1.356994544930307029e+03	2.267379356157308845e-01	1.490010009243264433e-01	2.686008795879961664e-01	1.618644077878305110e-01	7.721592584467398823e-02	3.324635312144885724e-02	8.333349711767838730e-02
1.359413430037134731e+03	2.264558749535188209e-01	1.488208697878165288e-01	2.687825070652742898e-01	1.619789202138562922e-01	7.726451784741678042e-02	3.328399981624422660e-02	8.341331031555836162e-02
1.361832315143962205e+03	2.261746475094879583e-01	1.486412145928773521e-01	2.689635881125451156e-01	1.620931001603070354e-01	7.731296896097819560e-02	3.332155909042764513e-02	8.349292157306197060e-02
1.364251200250789907e+03	2.258942508321657994e-01	1.484620340481691558e-01	2.691441246684108668e-01	1.622069486058506371e-01	7.736127960007918580e-02	3.335903099957134021e-02	8.357233124543823888e-02
1.366670085357617609e+03	2.256146824773428983e-01	1.482833268660872506e-01	2.693241186616117111e-01	1.623204665262748814e-01	7.740945017822090102e-02	3.339641560122522806e-02	8.365153968892241609e-02
1.369088970464445310e+03	2.253359400080503505e-01	1.481050917627491359e-01	2.695035720110982580e-01	1.624336548944957936e-01	7.745748110768846395e-02	3.343371295488394013e-02	8.373054726071939291e-02
1.371507855571272785e+03	2.250580209945376442e-01	1.479273274579815389e-01	2.696824866261041120e-01	1.625465146805662453e-01	7.750537279955437009e-02	3.347092312195435598e-02	8.380935431898707544e-02
1.373926740678100487e+03	2.247809230142503722e-01	1.477500326753075910e-01	2.698608644062173156e-01	1.626590468516844190e-01	7.755312566368219307e-02	3.350804616572370526e-02	8.388796122281970413e-02
1.376345625784927961e+03	2.245046436518082222e-01	1.475732061419341712e-01	2.700387072414512923e-01	1.627712523722023019e-01	7.760074010873010963e-02	3.354508215132816912e-02	8.396636833223110330e-02
1.378764510891755890e+03	2.242291804989827997e-01	1.473968465887389723e-01	2.702160170123152350e-01	1.628831322036340123e-01	7.764821654215445235e-02	3.358203114572201609e-02	8.404457600813788898e-02
1.381183395998583137e+03	2.239545311546758122e-01	1.472209527502580939e-01	2.703927955898839941e-01	1.629946873046642652e-01	7.769555537021326230e-02	3.361889321764724436e-02	8.412258461234271845e-02
1.383602281105411066e+03	2.236806932248972257e-01	1.470455233646732474e-01	2.705690448358672451e-01	1.631059186311567266e-01	7.774275699796981409e-02	3.365566843760366827e-02	8.420039450751745647e-02
1.386021166212238768e+03	2.234076643227432268e-01	1.468705571737994320e-01	2.707447666026782662e-01	1.632168271361623679e-01	7.778982182929616851e-02	3.369235687781953897e-02	8.427800605718638316e-02
1.388440051319066470e+03	2.231354420683747120e-01	1.466960529230723620e-01	2.709199627335018290e-01	1.633274137699278206e-01	7.783675026687662812e-02	3.372895861222261621e-02	8.435541962570931862e-02
1.390858936425893944e+03	2.228640240889956103e-01	1.465220093615361430e-01	2.710946350623620882e-01	1.634376794799035915e-01	7.788354271221131775e-02	3.376547371641169110e-02	8.443263557826488630e-02
1.393277821532721646e+03	2.225934080188311792e-01	1.463484252418307263e-01	2.712687854141890287e-01	1.635476252107524731e-01	7.793019956561962613e-02	3.380190226762856687e-02	8.450965428083369313e-02
1.395696706639549120e+03	2.223235914991066320e-01	1.461752993201800022e-01	2.714424156048853010e-01	1.636572519043576202e-01	7.797672122624370317e-02	3.383824434473047676e-02	8.458647610018155127e-02
1.398115591746377049e+03	2.220545721780257109e-01	1.460026303563791983e-01	2.716155274413918352e-01	1.637665604998309321e-01	7.802310809205187381e-02	3.387450002816295297e-02	8.466310140384275540e-02
1.400534476853204296e+03	2.217863477107492598e-01	1.458304171137830285e-01	2.717881227217531781e-01	1.638755519335211019e-01	7.806936055984221856e-02	3.391066939993309798e-02	8.473953056010335994e-02
1.402953361960032225e+03	2.215189157593739910e-01	1.456586583592933970e-01	2.719602032351821630e-01	1.639842271390219153e-01	7.811547902524589027e-02	3.394675254358327926e-02	8.481576393798453961e-02
1.405372247066859927e+03	2.212522739929112525e-01	1.454873528633474633e-01	2.721317707621241921e-01	1.640925870471803549e-01	7.816146388273070844e-02	3.398274954416523330e-02	8.489180190722592223e-02
1.407791132173687402e+03	2.209864200872659890e-01	1.453164993999055965e-01	2.723028270743207968e-01	1.642006325861046778e-01	7.820731552560440669e-02	3.401866048821454436e-02	8.496764483826908798e-02
1.410210017280515103e+03	2.207213517252155643e-01	1.451460967464395235e-01	2.724733739348726980e-01	1.643083646811725751e-01	7.825303434601819930e-02	3.405448546372556728e-02	8.504329310224101324e-02
1.412628902387342805e+03	2.204570665963888065e-01	1.449761436839203388e-01	2.726434130983023119e-01	1.644157842550391657e-01	7.829862073497011188e-02	3.409022456012667651e-02	8.511874707093765313e-02
1.415047787494170507e+03	2.201935623972451350e-01	1.448066389968068746e-01	2.728129463106159780e-01	1.645228922276451566e-01	7.834407508230842310e-02	3.412587786825593134e-02	8.519400711680753802e-02
1.417466672600997981e+03	2.199308368310536888e-01	1.446375814730338216e-01	2.729819753093651880e-01	1.646296895162248086e-01	7.838939777673502307e-02	3.416144548033706735e-02	8.526907361293543930e-02
1.419885557707825683e+03	2.196688876078725927e-01	1.444689699039999886e-01	2.731505018237075921e-01	1.647361770353139299e-01	7.843458920580881344e-02	3.419692748995589726e-02	8.534394693302622958e-02
1.422304442814653157e+03	2.194077124445281968e-01	1.443008030845568945e-01	2.733185275744674514e-01	1.648423556967578418e-01	7.847964975594903803e-02	3.423232399203705173e-02	8.541862745138861790e-02
1.424723327921481086e+03	2.191473090645944810e-01	1.441330798129968893e-01	2.734860542741955891e-01	1.649482264097193451e-01	7.852457981243871066e-02	3.426763508282099774e-02	8.549311554291913473e-02
1.427142213028308333e+03	2.188876751983725166e-01	1.439657988910418018e-01	2.736530836272286771e-01	1.650537900806866576e-01	7.856937975942786256e-02	3.430286085984154965e-02	8.556741158308613093e-02
1.429561098135136262e+03	2.186288085828699546e-01	1.437989591238314768e-01	2.738196173297480773e-01	1.651590476134812691e-01	7.861404997993701183e-02	3.433800142190353288e-02	8.564151594791391542e-02
1.431979983241963964e+03	2.183707069617805696e-01	1.436325593199122286e-01	2.739856570698382954e-01	1.652639999092659073e-01	7.865859085586035526e-02	3.437305686906094726e-02	8.571542901396685121e-02
1.434398868348791666e+03	2.181133680854640544e-01	1.434665982912255999e-01	2.741512045275449339e-01	1.653686478665523096e-01	7.870300276796918237e-02	3.440802730259531067e-02	8.578915115833377070e-02
1.436817753455619140e+03	2.178567897109255636e-01	1.433010748530969825e-01	2.743162613749317025e-01	1.654729923812091053e-01	7.874728609591513662e-02	3.444291282499441220e-02	8.586268275861226595e-02
1.439236638562446842e+03	2.176009696017955630e-01	1.431359878242244033e-01	2.744808292761374835e-01	1.655770343464695871e-01	7.879144121823353220e-02	3.447771353993132892e-02	8.593602419289324279e-02
1.441655523669274316e+03	2.173459055283097907e-01	1.429713360266672562e-01	2.746449098874327310e-01	1.656807746529395386e-01	7.883546851234661534e-02	3.451242955224376879e-02	8.600917583974546088e-02
1.444074408776102018e+03	2.170915952672889671e-01	1.428071182858351718e-01	2.748085048572751488e-01	1.657842141886049503e-01	7.887936835456690887e-02	3.454706096791369807e-02	8.608213807820025432e-02
1.446493293882929493e+03	2.168380366021190331e-01	1.426433334304769429e-01	2.749716158263652566e-01	1.658873538388397906e-01	7.892314112010039018e-02	3.458160789404730179e-02	8.615491128773636320e-02
1.448912178989757422e+03	2.165852273227310276e-01	1.424799802926694781e-01	2.751342444277011801e-01	1.659901944864136669e-01	7.896678718304980804e-02	3.461607043885513851e-02	8.622749584826479297e-02
1.451331064096585123e+03	2.163331652255813531e-01	1.423170577078066712e-01	2.752963922866329405e-01	1.660927370114995416e-01	7.901030691641794390e-02	3.465044871163270451e-02	8.629989214011388188e-02
1.453749949203412370e+03	2.160818481136318470e-01	1.421545645145887160e-01	2.754580610209165781e-01	1.661949822916814756e-01	7.905370069211081763e-02	3.468474282274118525e-02	8.637210054401442405e-02
1.456168834310240300e+03	2.158312737963300476e-01	1.419924995550109759e-01	2.756192522407675538e-01	1.662969312019621226e-01	7.909696888094092104e-02	3.471895288358851916e-02	8.644412144108494511e-02
1.458587719417068001e+03	2.155814400895896543e-01	1.418308616743531592e-01	2.757799675489137070e-01	1.663985846147704450e-01	7.914011185263042369e-02	3.475307900661069038e-02	8.651595521281703338e-02
1.461006604523895703e+03	2.153323448157708486e-01	1.416696497211686889e-01	2.759402085406476024e-01	1.664999433999693745e-01	7.918312997581442025e-02	3.478712130525335455e-02	8.658760224106085146e-02
1.463425489630723177e+03	2.150839858036606711e-01	1.415088625472737394e-01	2.760999768038789881e-01	1.666010084248631951e-01	7.922602361804412241e-02	3.482107989395367975e-02	8.665906290801071721e-02
1.465844374737550879e+03	2.148363608884536757e-01	1.413484990077367442e-01	2.762592739191860325e-01	1.667017805542052589e-01	7.926879314579000912e-02	3.485495488812243026e-02	8.673033759619090677e-02
1.468263259844378354e+03	2.145894679117324733e-01	1.411885579608676000e-01	2.764181014598667829e-01	1.668022606502054805e-01	7.931143892444504628e-02	3.488874640412633482e-02	8.680142668844141596e-02
1.470682144951206283e+03	2.143433047214483578e-01	1.410290382682070354e-01	2.765764609919894035e-01	1.669024495725378032e-01	7.935396131832789246e-02	3.492245455927067699e-02	8.687233056790395758e-02
1.473101030058033530e+03	2.140978691719020166e-01	1.408699387945162584e-01	2.767343540744429675e-01	1.670023481783476649e-01	7.939636069068596591e-02	3.495607947178213520e-02	8.694304961800806975e-02
1.475519915164861459e+03	2.138531591237244067e-01	1.407112584077662709e-01	2.768917822589869737e-01	1.671019573222595478e-01	7.943863740369869197e-02	3.498962126079189355e-02	8.701358422245732138e-02
1.477938800271689161e+03	2.136091724438575201e-01	1.405529959791274319e-01	2.770487470903006400e-01	1.672012778563843061e-01	7.948079181848058394e-02	3.502308004631893984e-02	8.708393476521564258e-02
1.480357685378516862e+03	2.133659070055353157e-01	1.403951503829591607e-01	2.772052501060320862e-01	1.673003106303266874e-01	7.952282429508440720e-02	3.505645594925359265e-02	8.715410163049382153e-02
1.482776570485344337e+03	2.131233606882646792e-01	1.402377204967994728e-01	2.773612928368465735e-01	1.673990564911926882e-01	7.956473519250428783e-02	3.508974909134130599e-02	8.722408520273605692e-02
